51
15     0.000000000 0.006360141 0.006686187 0.009314862 0.014154595 0.014801564 0.010254446 0.010824519 0.010894350 0.011459563 0.009698332 0.009712778 0.015657239 0.014351620 0.014195382 0.012967815 0.014868813 0.013367345 0.012182168 0.013120483 0.013351700 0.013512706 0.012613286 0.013209388 0.012985833 0.012834237 0.015721400 0.015755318 0.015167540 0.016510935 0.016916357 0.016827769 0.014673353 0.014786144 0.013895542 0.015180514 0.015082823 0.016261869 0.016106988 0.016287112 0.012771167 0.012553775 0.012952337 0.013069240 0.014436069 0.013990845 0.013408580 0.013915356 0.014053849 0.014348356 0.024839367 
7     0.006360141 0.000000000 0.004203868 0.009451601 0.014328007 0.014974977 0.010425577 0.010981398 0.011051201 0.011632291 0.009873966 0.009888411 0.015779192 0.014475527 0.014310673 0.013084201 0.014989920 0.013485604 0.012340545 0.013276412 0.013510220 0.013671225 0.012772577 0.013368732 0.013142563 0.012990967 0.015847316 0.015893555 0.015295469 0.016625037 0.017029240 0.016946227 0.014841405 0.014955703 0.014065031 0.015353817 0.015250870 0.016383411 0.016228529 0.016408654 0.012906384 0.012688993 0.013094933 0.013205626 0.014573894 0.014132437 0.013548928 0.014056422 0.014187958 0.014482466 0.024944785 
1     0.006686187 0.004203868 0.000000000 0.009787502 0.014651396 0.015298479 0.010747016 0.011306258 0.011375823 0.011951649 0.010190709 0.010205155 0.016107846 0.014802226 0.014639628 0.013412143 0.015333917 0.013832449 0.012662639 0.013594408 0.013824870 0.013985372 0.013087226 0.013683382 0.013460467 0.013308871 0.016173828 0.016219288 0.015621904 0.016948586 0.017352643 0.017274190 0.015154641 0.015268305 0.014377825 0.015667873 0.015564944 0.016725683 0.016570802 0.016750926 0.013230016 0.013012624 0.013417225 0.013529504 0.014894804 0.014456410 0.013872900 0.014380396 0.014517443 0.014811951 0.025265134 
12     0.009314862 0.009451601 0.009787502 0.000000000 0.012366080 0.013018907 0.008489405 0.009034668 0.009110641 0.009691818 0.007920450 0.007934633 0.014146795 0.012841733 0.012674971 0.011448902 0.013373258 0.011871838 0.010772442 0.011722157 0.011931032 0.012078368 0.011193248 0.011789404 0.011567085 0.011415489 0.014293773 0.014346061 0.013733461 0.015116768 0.015494776 0.015399269 0.013269584 0.013381107 0.012489901 0.013784742 0.013676097 0.014837871 0.014682990 0.014863114 0.011353163 0.011135771 0.011532415 0.011653665 0.013013508 0.012558809 0.011970618 0.012486465 0.012635066 0.012929789 0.023428387 
8     0.014154595 0.014328007 0.014651396 0.012366080 0.000000000 0.004684928 0.011946987 0.012478481 0.012564592 0.013136812 0.011364731 0.011375364 0.019012719 0.017723724 0.017517972 0.016316011 0.018227897 0.016730726 0.015591443 0.016528828 0.016752534 0.016910853 0.016011461 0.016609869 0.016351423 0.016235955 0.019098952 0.019154438 0.018545986 0.019937035 0.020313915 0.020222386 0.018090824 0.018203307 0.017308915 0.018608694 0.018496572 0.019651226 0.019496345 0.019676469 0.016151911 0.015934519 0.016325023 0.016453892 0.017808068 0.017374820 0.016784183 0.017276407 0.017426986 0.017722752 0.028221944 
10     0.014801564 0.014974977 0.015298479 0.013018907 0.004684928 0.000000000 0.012583726 0.013115745 0.013201331 0.013775580 0.011999779 0.012010411 0.019688332 0.018413543 0.018212697 0.017010221 0.018928315 0.017434484 0.016242176 0.017191913 0.017420298 0.017578616 0.016679225 0.017277633 0.017022548 0.016903718 0.019756319 0.019811805 0.019203353 0.020594612 0.020960526 0.020870210 0.018752742 0.018865225 0.017970833 0.019270612 0.019158490 0.020311618 0.020156737 0.020336861 0.016815787 0.016598395 0.016988899 0.017117768 0.018471944 0.018038696 0.017448059 0.017936548 0.018090862 0.018386628 0.028885411 
3     0.010254446 0.010425577 0.010747016 0.008489405 0.011946987 0.012583726 0.000000000 0.004239622 0.004318936 0.005597996 0.006298905 0.006309051 0.015139016 0.013829268 0.013683012 0.012465951 0.014398381 0.012896864 0.011700880 0.012641600 0.012860877 0.013028717 0.012134276 0.012730946 0.012504745 0.012356176 0.015197757 0.015257387 0.014650329 0.016042268 0.016419706 0.016328176 0.014201327 0.014314002 0.013411531 0.014719888 0.014607933 0.015761583 0.015606702 0.015786826 0.012253223 0.012035831 0.012423130 0.012548556 0.013905462 0.013469860 0.012886045 0.013390584 0.013521557 0.013819416 0.024365473 
17     0.010824519 0.010981398 0.011306258 0.009034668 0.012478481 0.013115745 0.004239622 0.000000000 0.002971233 0.006192368 0.006866638 0.006879536 0.015719013 0.014417497 0.014251809 0.013035203 0.014970814 0.013469296 0.012262562 0.013203445 0.013427864 0.013598237 0.012701098 0.013297254 0.013071567 0.012923339 0.015749421 0.015806926 0.015199321 0.016600476 0.016978155 0.016886625 0.014759072 0.014873363 0.013972400 0.015280676 0.015168738 0.016327693 0.016172811 0.016352936 0.012814209 0.012596817 0.012979828 0.013116371 0.014474148 0.014040951 0.013454731 0.013959271 0.014089673 0.014388103 0.024927488 
5     0.010894350 0.011051201 0.011375823 0.009110641 0.012564592 0.013201331 0.004318936 0.002971233 0.000000000 0.006249057 0.006930659 0.006943557 0.015789048 0.014487532 0.014321850 0.013105243 0.015040855 0.013539337 0.012321930 0.013262615 0.013478318 0.013656195 0.012755932 0.013351968 0.013126480 0.012978251 0.015808603 0.015866107 0.015258502 0.016659694 0.017037337 0.016945807 0.014829420 0.014942095 0.014041132 0.015347982 0.015236044 0.016390829 0.016235947 0.016416071 0.012887309 0.012669917 0.013051533 0.013177439 0.014538736 0.014106900 0.013520681 0.014025220 0.014155432 0.014454052 0.024987613 
18     0.011459563 0.011632291 0.011951649 0.009691818 0.013136812 0.013775580 0.005597996 0.006192368 0.006249057 0.000000000 0.007462452 0.007472599 0.016363162 0.015060822 0.014902617 0.013685634 0.015604999 0.014105761 0.012900392 0.013841275 0.014066098 0.014228391 0.013338928 0.013935083 0.013709397 0.013561169 0.016395055 0.016451684 0.015847159 0.017239111 0.017616536 0.017525006 0.015395200 0.015507875 0.014608530 0.015912464 0.015801824 0.016948581 0.016793798 0.016973922 0.013447860 0.013230466 0.013610326 0.013736047 0.015093658 0.014656793 0.014074874 0.014578638 0.014715512 0.015013180 0.025556817 
11     0.009698332 0.009873966 0.010190709 0.007920450 0.011364731 0.011999779 0.006298905 0.006866638 0.006930659 0.007462452 0.000000000 0.001057420 0.014613959 0.013302636 0.013158772 0.011938677 0.013859124 0.012357810 0.011162755 0.012099152 0.012324805 0.012483167 0.011580465 0.012182513 0.011958105 0.011809876 0.014671389 0.014725617 0.014120468 0.015508031 0.015885185 0.015793655 0.013663203 0.013778420 0.012884171 0.014186220 0.014074755 0.015229223 0.015074342 0.015254466 0.011727094 0.011509703 0.011900383 0.012018125 0.013375079 0.012940484 0.012350286 0.012854826 0.012990898 0.013287354 0.023806815 
2     0.009712778 0.009888411 0.010205155 0.007934633 0.011375364 0.012010411 0.006309051 0.006879536 0.006943557 0.007472599 0.001057420 0.000000000 0.014632031 0.013320708 0.013176844 0.011956750 0.013877196 0.012375882 0.011190094 0.012126364 0.012354516 0.012512878 0.011613185 0.012213502 0.011987816 0.011839588 0.014696066 0.014750293 0.014145145 0.015532707 0.015909862 0.015818332 0.013687782 0.013802999 0.012908750 0.014210799 0.014099334 0.015253802 0.015098921 0.015279045 0.011749444 0.011532052 0.011922732 0.012040474 0.013397429 0.012962834 0.012372636 0.012877175 0.013013248 0.013309704 0.023828942 
14     0.015657239 0.015779192 0.016107846 0.014146795 0.019012719 0.019688332 0.015139016 0.015719013 0.015789048 0.016363162 0.014613959 0.014632031 0.000000000 0.005183243 0.011955526 0.010739056 0.012690754 0.011216530 0.014789348 0.015753113 0.015925866 0.016096044 0.015233316 0.015815851 0.015590461 0.015436631 0.018342547 0.018393495 0.017787945 0.019155585 0.019518679 0.019402683 0.017331085 0.017439397 0.016551743 0.017850423 0.017737642 0.018877990 0.018723108 0.018903233 0.015428413 0.015211022 0.015606340 0.015726766 0.016998249 0.016577452 0.015996042 0.016499043 0.016554394 0.016842747 0.027322259 
9     0.014351620 0.014475527 0.014802226 0.012841733 0.017723724 0.018413543 0.013829268 0.014417497 0.014487532 0.015060822 0.013302636 0.013320708 0.005183243 0.000000000 0.010661255 0.009440681 0.011375895 0.009904208 0.013470353 0.014432208 0.014596532 0.014770507 0.013907779 0.014490314 0.014264925 0.014111094 0.017024510 0.017075458 0.016469907 0.017839687 0.018202781 0.018086785 0.016013179 0.016121491 0.015233837 0.016532518 0.016419737 0.017565849 0.017412874 0.017592998 0.014111397 0.013894005 0.014289323 0.014409750 0.015670625 0.015252179 0.014670758 0.015186675 0.015236633 0.015525279 0.026012842 
16     0.014195382 0.014310673 0.014639628 0.012674971 0.017517972 0.018212697 0.013683012 0.014251809 0.014321850 0.014902617 0.013158772 0.013176844 0.011955526 0.010661255 0.000000000 0.005172338 0.009977049 0.008513524 0.013309177 0.014278545 0.014476860 0.014628030 0.013773818 0.014356352 0.014126614 0.013972783 0.016911813 0.016959784 0.016353861 0.017730118 0.018091975 0.017975781 0.015865252 0.015973564 0.015085026 0.016388065 0.016275284 0.017431547 0.017276666 0.017456790 0.013993785 0.013776393 0.014165923 0.014282299 0.015614018 0.015157368 0.014576052 0.015096600 0.015141951 0.015428230 0.025794482 
4     0.012967815 0.013084201 0.013412143 0.011448902 0.016316011 0.017010221 0.012465951 0.013035203 0.013105243 0.013685634 0.011938677 0.011956750 0.010739056 0.009440681 0.005172338 0.000000000 0.008748821 0.007290006 0.012053073 0.013023205 0.013208579 0.013356537 0.012518776 0.013101311 0.012868235 0.012715540 0.015666508 0.015714479 0.015108556 0.016478505 0.016840313 0.016726243 0.014622975 0.014731287 0.013843633 0.015142291 0.015029509 0.016185768 0.016030887 0.016211011 0.012745401 0.012528009 0.012917539 0.013034921 0.014365634 0.013907881 0.013327668 0.013847215 0.013893567 0.014179847 0.024638274 
6     0.014868813 0.014989920 0.015333917 0.013373258 0.018227897 0.018928315 0.014398381 0.014970814 0.015040855 0.015604999 0.013859124 0.013877196 0.012690754 0.011375895 0.009977049 0.008748821 0.000000000 0.006224507 0.013969517 0.014945254 0.015142598 0.015301361 0.014439408 0.015021943 0.014798851 0.014645020 0.017550763 0.017594726 0.017005437 0.018379006 0.018742317 0.018630235 0.016532464 0.016640776 0.015753122 0.017050063 0.016941049 0.018091365 0.017936484 0.018116608 0.014644742 0.014427350 0.014815375 0.014930547 0.016264103 0.015800026 0.015222158 0.015741848 0.015792608 0.016077921 0.026524158 
13     0.013367345 0.013485604 0.013832449 0.011871838 0.016730726 0.017434484 0.012896864 0.013469296 0.013539337 0.014105761 0.012357810 0.012375882 0.011216530 0.009904208 0.008513524 0.007290006 0.006224507 0.000000000 0.012440842 0.013427792 0.013616666 0.013775318 0.012908414 0.013490949 0.013267880 0.013114049 0.016029080 0.016071906 0.015484008 0.016860417 0.017223728 0.017111646 0.014955778 0.015064090 0.014175167 0.015468147 0.015359076 0.016552729 0.016397847 0.016577972 0.013123110 0.012905719 0.013300909 0.013402774 0.014739117 0.014268752 0.013696776 0.014218928 0.014267197 0.014546459 0.025012964 
50     0.012182168 0.012340545 0.012662639 0.010772442 0.015591443 0.016242176 0.011700880 0.012262562 0.012321930 0.012900392 0.011162755 0.011190094 0.014789348 0.013470353 0.013309177 0.012053073 0.013969517 0.012440842 0.000000000 0.006874025 0.007069456 0.007240816 0.006374752 0.006933421 0.006711015 0.006546308 0.011974585 0.012045506 0.011428782 0.012870715 0.013229139 0.013125893 0.011072263 0.011179399 0.010280575 0.011556574 0.011440713 0.012611311 0.012458678 0.012640202 0.009509228 0.009291721 0.009708907 0.009863427 0.011235653 0.010802204 0.010200225 0.010734133 0.010860293 0.011150835 0.022873110 
29     0.013120483 0.013276412 0.013594408 0.011722157 0.016528828 0.017191913 0.012641600 0.013203445 0.013262615 0.013841275 0.012099152 0.012126364 0.015753113 0.014432208 0.014278545 0.013023205 0.014945254 0.013427792 0.006874025 0.000000000 0.007818550 0.007986693 0.007091943 0.007653137 0.007446196 0.007286169 0.012900000 0.012971627 0.012377330 0.013814977 0.014168131 0.014065133 0.012048121 0.012153805 0.011252347 0.012532378 0.012414954 0.013590614 0.013437980 0.013619505 0.010427880 0.010210373 0.010644897 0.010792695 0.012154152 0.011735368 0.011133389 0.011665290 0.011792848 0.012083390 0.023785766 
23     0.013351700 0.013510220 0.013824870 0.011931032 0.016752534 0.017420298 0.012860877 0.013427864 0.013478318 0.014066098 0.012324805 0.012354516 0.015925866 0.014596532 0.014476860 0.013208579 0.015142598 0.013616666 0.007069456 0.007818550 0.000000000 0.002661182 0.004095734 0.004637688 0.004346063 0.004175356 0.013082903 0.013172055 0.012569431 0.014045090 0.014400085 0.014295116 0.012279753 0.012384766 0.011485712 0.012747480 0.012628088 0.013794384 0.013641750 0.013823275 0.010638197 0.010420690 0.010835240 0.010984963 0.012365785 0.011938662 0.011336683 0.011867376 0.011996299 0.012286041 0.023885803 
48     0.013512706 0.013671225 0.013985372 0.012078368 0.016910853 0.017578616 0.013028717 0.013598237 0.013656195 0.014228391 0.012483167 0.012512878 0.016096044 0.014770507 0.014628030 0.013356537 0.015301361 0.013775318 0.007240816 0.007986693 0.002661182 0.000000000 0.004273726 0.004801628 0.004552311 0.004371373 0.013250110 0.013338846 0.012736145 0.014211804 0.014566799 0.014461830 0.012447883 0.012552908 0.011653842 0.012915610 0.012796217 0.013962514 0.013809880 0.013991405 0.010806168 0.010588662 0.011003211 0.011152935 0.012533756 0.012106634 0.011504655 0.012035348 0.012164271 0.012454013 0.024051191 
49     0.012613286 0.012772577 0.013087226 0.011193248 0.016011461 0.016679225 0.012134276 0.012701098 0.012755932 0.013338928 0.011580465 0.011613185 0.015233316 0.013907779 0.013773818 0.012518776 0.014439408 0.012908414 0.006374752 0.007091943 0.004095734 0.004273726 0.000000000 0.002698329 0.003381632 0.003231529 0.012364477 0.012439355 0.011836610 0.013293831 0.013648826 0.013539282 0.011544580 0.011650236 0.010747461 0.012017950 0.011900526 0.012956347 0.012803441 0.012973345 0.009910957 0.009693450 0.010105288 0.010259527 0.011627170 0.011189774 0.010587795 0.011117472 0.011255422 0.011544579 0.023161308 
21     0.013209388 0.013368732 0.013683382 0.011789404 0.016609869 0.017277633 0.012730946 0.013297254 0.013351968 0.013935083 0.012182513 0.012213502 0.015815851 0.014490314 0.014356352 0.013101311 0.015021943 0.013490949 0.006933421 0.007653137 0.004637688 0.004801628 0.002698329 0.000000000 0.003897427 0.003760441 0.012931425 0.013017151 0.012415434 0.013887774 0.014242769 0.014133225 0.012148067 0.012253723 0.011350949 0.012621437 0.012504014 0.013650273 0.013500230 0.013678891 0.010502649 0.010285142 0.010702145 0.010857291 0.012227587 0.011799481 0.011197502 0.011727205 0.011857237 0.012146386 0.023744540 
31     0.012985833 0.013142563 0.013460467 0.011567085 0.016351423 0.017022548 0.012504745 0.013071567 0.013126480 0.013709397 0.011958105 0.011987816 0.015590461 0.014264925 0.014126614 0.012868235 0.014798851 0.013267880 0.006711015 0.007446196 0.004346063 0.004552311 0.003381632 0.003897427 0.000000000 0.001728603 0.012699849 0.012781670 0.012189189 0.013689217 0.014044211 0.013939243 0.011920499 0.012026074 0.011117130 0.012389427 0.012272193 0.013432547 0.013279913 0.013461438 0.010295597 0.010078091 0.010488160 0.010642620 0.012010870 0.011582764 0.010980785 0.011512631 0.011638238 0.011927526 0.023528442 
38     0.012834237 0.012990967 0.013308871 0.011415489 0.016235955 0.016903718 0.012356176 0.012923339 0.012978251 0.013561169 0.011809876 0.011839588 0.015436631 0.014111094 0.013972783 0.012715540 0.014645020 0.013114049 0.006546308 0.007286169 0.004175356 0.004371373 0.003231529 0.003760441 0.001728603 0.000000000 0.012544680 0.012626501 0.012034020 0.013534048 0.013889042 0.013784074 0.011769083 0.011874657 0.010965714 0.012238011 0.012120776 0.013281131 0.013128497 0.013310021 0.010133643 0.009916136 0.010326206 0.010480666 0.011829599 0.011411909 0.010809930 0.011341776 0.011473156 0.011762444 0.023374779 
30     0.015721400 0.015847316 0.016173828 0.014293773 0.019098952 0.019756319 0.015197757 0.015749421 0.015808603 0.016395055 0.014671389 0.014696066 0.018342547 0.017024510 0.016911813 0.015666508 0.017550763 0.016029080 0.011974585 0.012900000 0.013082903 0.013250110 0.012364477 0.012931425 0.012699849 0.012544680 0.000000000 0.003992429 0.006335999 0.014605286 0.014948867 0.014850994 0.014621191 0.014730081 0.013841598 0.015119029 0.015003698 0.016093836 0.015976749 0.016152319 0.012993560 0.012776053 0.013176431 0.013316615 0.014677768 0.014269398 0.013641904 0.014188721 0.014300883 0.014595908 0.026403179 
39     0.015755318 0.015893555 0.016219288 0.014346061 0.019154438 0.019811805 0.015257387 0.015806926 0.015866107 0.016451684 0.014725617 0.014750293 0.018393495 0.017075458 0.016959784 0.015714479 0.017594726 0.016071906 0.012045506 0.012971627 0.013172055 0.013338846 0.012439355 0.013017151 0.012781670 0.012626501 0.003992429 0.000000000 0.006468490 0.014680178 0.015023047 0.014925932 0.014681194 0.014788763 0.013904442 0.015168210 0.015057108 0.016151590 0.016032470 0.016208040 0.013037201 0.012821086 0.013224596 0.013363126 0.014734838 0.014326468 0.013696939 0.014245791 0.014348830 0.014640009 0.026435086 
32     0.015167540 0.015295469 0.015621904 0.013733461 0.018545986 0.019203353 0.014650329 0.015199321 0.015258502 0.015847159 0.014120468 0.014145145 0.017787945 0.016469907 0.016353861 0.015108556 0.017005437 0.015484008 0.011428782 0.012377330 0.012569431 0.012736145 0.011836610 0.012415434 0.012189189 0.012034020 0.006335999 0.006468490 0.000000000 0.014056041 0.014403264 0.014303899 0.014080658 0.014188227 0.013301989 0.014578891 0.014462742 0.015564907 0.015433885 0.015609456 0.012436151 0.012218644 0.012616728 0.012762776 0.014114370 0.013704602 0.013093554 0.013621761 0.013750148 0.014035200 0.025826814 
40     0.016510935 0.016625037 0.016948586 0.015116768 0.019937035 0.020594612 0.016042268 0.016600476 0.016659694 0.017239111 0.015508031 0.015532707 0.019155585 0.017839687 0.017730118 0.016478505 0.018379006 0.016860417 0.012870715 0.013814977 0.014045090 0.014211804 0.013293831 0.013887774 0.013689217 0.013534048 0.014605286 0.014680178 0.014056041 0.000000000 0.006618456 0.006490264 0.015518485 0.015626022 0.014728768 0.015981734 0.015897720 0.017017994 0.016843746 0.017015401 0.013883695 0.013666188 0.014057221 0.014208026 0.015562715 0.015134116 0.014526536 0.015051675 0.015184076 0.015465898 0.027276236 
46     0.016916357 0.017029240 0.017352643 0.015494776 0.020313915 0.020960526 0.016419706 0.016978155 0.017037337 0.017616536 0.015885185 0.015909862 0.019518679 0.018202781 0.018091975 0.016840313 0.018742317 0.017223728 0.013229139 0.014168131 0.014400085 0.014566799 0.013648826 0.014242769 0.014044211 0.013889042 0.014948867 0.015023047 0.014403264 0.006618456 0.000000000 0.004883625 0.015866333 0.015973869 0.015083131 0.016341932 0.016244935 0.017367553 0.017188958 0.017348514 0.014244444 0.014026937 0.014417359 0.014565429 0.015923344 0.015494745 0.014882834 0.015414866 0.015544705 0.015821005 0.027599638 
19     0.016827769 0.016946227 0.017274190 0.015399269 0.020222386 0.020870210 0.016328176 0.016886625 0.016945807 0.017525006 0.015793655 0.015818332 0.019402683 0.018086785 0.017975781 0.016726243 0.018630235 0.017111646 0.013125893 0.014065133 0.014295116 0.014461830 0.013539282 0.014133225 0.013939243 0.013784074 0.014850994 0.014925932 0.014303899 0.006490264 0.004883625 0.000000000 0.015761043 0.015868579 0.014977841 0.016233045 0.016139645 0.017257860 0.017080961 0.017243868 0.014144650 0.013927143 0.014317564 0.014461294 0.015823549 0.015394950 0.014787370 0.015315072 0.015444911 0.015719951 0.027517725 
37     0.014673353 0.014841405 0.015154641 0.013269584 0.018090824 0.018752742 0.014201327 0.014759072 0.014829420 0.015395200 0.013663203 0.013687782 0.017331085 0.016013179 0.015865252 0.014622975 0.016532464 0.014955778 0.011072263 0.012048121 0.012279753 0.012447883 0.011544580 0.012148067 0.011920499 0.011769083 0.014621191 0.014681194 0.014080658 0.015518485 0.015866333 0.015761043 0.000000000 0.001872064 0.003443204 0.007130911 0.006955713 0.013674034 0.013530942 0.013703451 0.012041785 0.011824145 0.012239946 0.012382391 0.013754379 0.013328983 0.012706586 0.013251804 0.013370649 0.013661929 0.025187669 
27     0.014786144 0.014955703 0.015268305 0.013381107 0.018203307 0.018865225 0.014314002 0.014873363 0.014942095 0.015507875 0.013778420 0.013802999 0.017439397 0.016121491 0.015973564 0.014731287 0.016640776 0.015064090 0.011179399 0.012153805 0.012384766 0.012552908 0.011650236 0.012253723 0.012026074 0.011874657 0.014730081 0.014788763 0.014188227 0.015626022 0.015973869 0.015868579 0.001872064 0.000000000 0.003560953 0.007248206 0.007073540 0.013780276 0.013637184 0.013809693 0.012147562 0.011929922 0.012345116 0.012487560 0.013859548 0.013434152 0.012811756 0.013356973 0.013475818 0.013767098 0.025295247 
24     0.013895542 0.014065031 0.014377825 0.012489901 0.017308915 0.017970833 0.013411531 0.013972400 0.014041132 0.014608530 0.012884171 0.012908750 0.016551743 0.015233837 0.015085026 0.013843633 0.015753122 0.014175167 0.010280575 0.011252347 0.011485712 0.011653842 0.010747461 0.011350949 0.011117130 0.010965714 0.013841598 0.013904442 0.013301989 0.014728768 0.015083131 0.014977841 0.003443204 0.003560953 0.000000000 0.006268416 0.006115087 0.012872244 0.012729152 0.012901661 0.011317798 0.011100293 0.011497778 0.011644175 0.012999359 0.012574097 0.011952999 0.012496918 0.012615763 0.012907043 0.024540841 
43     0.015180514 0.015353817 0.015667873 0.013784742 0.018608694 0.019270612 0.014719888 0.015280676 0.015347982 0.015912464 0.014186220 0.014210799 0.017850423 0.016532518 0.016388065 0.015142291 0.017050063 0.015468147 0.011556574 0.012532378 0.012747480 0.012915610 0.012017950 0.012621437 0.012389427 0.012238011 0.015119029 0.015168210 0.014578891 0.015981734 0.016341932 0.016233045 0.007130911 0.007248206 0.006268416 0.000000000 0.003828980 0.014187092 0.014044000 0.014216509 0.012585303 0.012367798 0.012762619 0.012909755 0.014276265 0.013848610 0.013222920 0.013769693 0.013891141 0.014182421 0.025905289 
36     0.015082823 0.015250870 0.015564944 0.013676097 0.018496572 0.019158490 0.014607933 0.015168738 0.015236044 0.015801824 0.014074755 0.014099334 0.017737642 0.016419737 0.016275284 0.015029509 0.016941049 0.015359076 0.011440713 0.012414954 0.012628088 0.012796217 0.011900526 0.012504014 0.012272193 0.012120776 0.015003698 0.015057108 0.014462742 0.015897720 0.016244935 0.016139645 0.006955713 0.007073540 0.006115087 0.003828980 0.000000000 0.014014625 0.013876905 0.014049414 0.012478290 0.012260785 0.012657676 0.012802718 0.014170056 0.013742402 0.013116376 0.013665609 0.013784836 0.014076117 0.025792545 
47     0.016261869 0.016383411 0.016725683 0.014837871 0.019651226 0.020311618 0.015761583 0.016327693 0.016390829 0.016948581 0.015229223 0.015253802 0.018877990 0.017565849 0.017431547 0.016185768 0.018091365 0.016552729 0.012611311 0.013590614 0.013794384 0.013962514 0.012956347 0.013650273 0.013432547 0.013281131 0.016093836 0.016151590 0.015564907 0.017017994 0.017367553 0.017257860 0.013674034 0.013780276 0.012872244 0.014187092 0.014014625 0.000000000 0.003225978 0.003240190 0.013660105 0.013443473 0.013821319 0.013962082 0.015353435 0.014920110 0.014298682 0.014845723 0.014947010 0.015237962 0.026947246 
45     0.016106988 0.016228529 0.016570802 0.014682990 0.019496345 0.020156737 0.015606702 0.016172811 0.016235947 0.016793798 0.015074342 0.015098921 0.018723108 0.017412874 0.017276666 0.016030887 0.017936484 0.016397847 0.012458678 0.013437980 0.013641750 0.013809880 0.012803441 0.013500230 0.013279913 0.013128497 0.015976749 0.016032470 0.015433885 0.016843746 0.017188958 0.017080961 0.013530942 0.013637184 0.012729152 0.014044000 0.013876905 0.003225978 0.000000000 0.002760657 0.013503914 0.013287031 0.013667066 0.013807326 0.015197042 0.014765438 0.014140311 0.014671111 0.014790617 0.015081569 0.026790959 
42     0.016287112 0.016408654 0.016750926 0.014863114 0.019676469 0.020336861 0.015786826 0.016352936 0.016416071 0.016973922 0.015254466 0.015279045 0.018903233 0.017592998 0.017456790 0.016211011 0.018116608 0.016577972 0.012640202 0.013619505 0.013823275 0.013991405 0.012973345 0.013678891 0.013461438 0.013310021 0.016152319 0.016208040 0.015609456 0.017015401 0.017348514 0.017243868 0.013703451 0.013809693 0.012901661 0.014216509 0.014049414 0.003240190 0.002760657 0.000000000 0.013686276 0.013469175 0.013849210 0.013989581 0.015379186 0.014947582 0.014320937 0.014871473 0.014972761 0.015263713 0.026970355 
26     0.012771167 0.012906384 0.013230016 0.011353163 0.016151911 0.016815787 0.012253223 0.012814209 0.012887309 0.013447860 0.011727094 0.011749444 0.015428413 0.014111397 0.013993785 0.012745401 0.014644742 0.013123110 0.009509228 0.010427880 0.010638197 0.010806168 0.009910957 0.010502649 0.010295597 0.010133643 0.012993560 0.013037201 0.012436151 0.013883695 0.014244444 0.014144650 0.012041785 0.012147562 0.011317798 0.012585303 0.012478290 0.013660105 0.013503914 0.013686276 0.000000000 0.001338149 0.005400211 0.005528142 0.009296458 0.008897158 0.008274323 0.008815266 0.008941255 0.009240300 0.023531424 
28     0.012553775 0.012688993 0.013012624 0.011135771 0.015934519 0.016598395 0.012035831 0.012596817 0.012669917 0.013230466 0.011509703 0.011532052 0.015211022 0.013894005 0.013776393 0.012528009 0.014427350 0.012905719 0.009291721 0.010210373 0.010420690 0.010588662 0.009693450 0.010285142 0.010078091 0.009916136 0.012776053 0.012821086 0.012218644 0.013666188 0.014026937 0.013927143 0.011824145 0.011929922 0.011100293 0.012367798 0.012260785 0.013443473 0.013287031 0.013469175 0.001338149 0.000000000 0.005188955 0.005306503 0.009079162 0.008680144 0.008056980 0.008598204 0.008723959 0.009023004 0.023313993 
34     0.012952337 0.013094933 0.013417225 0.011532415 0.016325023 0.016988899 0.012423130 0.012979828 0.013051533 0.013610326 0.011900383 0.011922732 0.015606340 0.014289323 0.014165923 0.012917539 0.014815375 0.013300909 0.009708907 0.010644897 0.010835240 0.011003211 0.010105288 0.010702145 0.010488160 0.010326206 0.013176431 0.013224596 0.012616728 0.014057221 0.014417359 0.014317564 0.012239946 0.012345116 0.011497778 0.012762619 0.012657676 0.013821319 0.013667066 0.013849210 0.005400211 0.005188955 0.000000000 0.005706567 0.009471068 0.009052645 0.008435884 0.008978920 0.009101809 0.009400854 0.023702364 
22     0.013069240 0.013205626 0.013529504 0.011653665 0.016453892 0.017117768 0.012548556 0.013116371 0.013177439 0.013736047 0.012018125 0.012040474 0.015726766 0.014409750 0.014282299 0.013034921 0.014930547 0.013402774 0.009863427 0.010792695 0.010984963 0.011152935 0.010259527 0.010857291 0.010642620 0.010480666 0.013316615 0.013363126 0.012762776 0.014208026 0.014565429 0.014461294 0.012382391 0.012487560 0.011644175 0.012909755 0.012802718 0.013962082 0.013807326 0.013989581 0.005528142 0.005306503 0.005706567 0.000000000 0.009659332 0.009237082 0.008627878 0.009172023 0.009272631 0.009570811 0.023841352 
25     0.014436069 0.014573894 0.014894804 0.013013508 0.017808068 0.018471944 0.013905462 0.014474148 0.014538736 0.015093658 0.013375079 0.013397429 0.016998249 0.015670625 0.015614018 0.014365634 0.016264103 0.014739117 0.011235653 0.012154152 0.012365785 0.012533756 0.011627170 0.012227587 0.012010870 0.011829599 0.014677768 0.014734838 0.014114370 0.015562715 0.015923344 0.015823549 0.013754379 0.013859548 0.012999359 0.014276265 0.014170056 0.015353435 0.015197042 0.015379186 0.009296458 0.009079162 0.009471068 0.009659332 0.000000000 0.006327231 0.005707790 0.006224360 0.007905391 0.008234039 0.025162473 
41     0.013990845 0.014132437 0.014456410 0.012558809 0.017374820 0.018038696 0.013469860 0.014040951 0.014106900 0.014656793 0.012940484 0.012962834 0.016577452 0.015252179 0.015157368 0.013907881 0.015800026 0.014268752 0.010802204 0.011735368 0.011938662 0.012106634 0.011189774 0.011799481 0.011582764 0.011411909 0.014269398 0.014326468 0.013704602 0.015134116 0.015494745 0.015394950 0.013328983 0.013434152 0.012574097 0.013848610 0.013742402 0.014920110 0.014765438 0.014947582 0.008897158 0.008680144 0.009052645 0.009237082 0.006327231 0.000000000 0.004122311 0.005608880 0.007531735 0.007845848 0.024724346 
33     0.013408580 0.013548928 0.013872900 0.011970618 0.016784183 0.017448059 0.012886045 0.013454731 0.013520681 0.014074874 0.012350286 0.012372636 0.015996042 0.014670758 0.014576052 0.013327668 0.015222158 0.013696776 0.010200225 0.011133389 0.011336683 0.011504655 0.010587795 0.011197502 0.010980785 0.010809930 0.013641904 0.013696939 0.013093554 0.014526536 0.014882834 0.014787370 0.012706586 0.012811756 0.011952999 0.013222920 0.013116376 0.014298682 0.014140311 0.014320937 0.008274323 0.008056980 0.008435884 0.008627878 0.005707790 0.004122311 0.000000000 0.004987897 0.006905358 0.007212016 0.024137692 
35     0.013915356 0.014056422 0.014380396 0.012486465 0.017276407 0.017936548 0.013390584 0.013959271 0.014025220 0.014578638 0.012854826 0.012877175 0.016499043 0.015186675 0.015096600 0.013847215 0.015741848 0.014218928 0.010734133 0.011665290 0.011867376 0.012035348 0.011117472 0.011727205 0.011512631 0.011341776 0.014188721 0.014245791 0.013621761 0.015051675 0.015414866 0.015315072 0.013251804 0.013356973 0.012496918 0.013769693 0.013665609 0.014845723 0.014671111 0.014871473 0.008815266 0.008598204 0.008978920 0.009172023 0.006224360 0.005608880 0.004987897 0.000000000 0.007468036 0.007793544 0.024642751 
44     0.014053849 0.014187958 0.014517443 0.012635066 0.017426986 0.018090862 0.013521557 0.014089673 0.014155432 0.014715512 0.012990898 0.013013248 0.016554394 0.015236633 0.015141951 0.013893567 0.015792608 0.014267197 0.010860293 0.011792848 0.011996299 0.012164271 0.011255422 0.011857237 0.011638238 0.011473156 0.014300883 0.014348830 0.013750148 0.015184076 0.015544705 0.015444911 0.013370649 0.013475818 0.012615763 0.013891141 0.013784836 0.014947010 0.014790617 0.014972761 0.008941255 0.008723959 0.009101809 0.009272631 0.007905391 0.007531735 0.006905358 0.007468036 0.000000000 0.002992753 0.024674742 
20     0.014348356 0.014482466 0.014811951 0.012929789 0.017722752 0.018386628 0.013819416 0.014388103 0.014454052 0.015013180 0.013287354 0.013309704 0.016842747 0.015525279 0.015428230 0.014179847 0.016077921 0.014546459 0.011150835 0.012083390 0.012286041 0.012454013 0.011544579 0.012146386 0.011927526 0.011762444 0.014595908 0.014640009 0.014035200 0.015465898 0.015821005 0.015719951 0.013661929 0.013767098 0.012907043 0.014182421 0.014076117 0.015237962 0.015081569 0.015263713 0.009240300 0.009023004 0.009400854 0.009570811 0.008234039 0.007845848 0.007212016 0.007793544 0.002992753 0.000000000 0.024968152 
0     0.024839367 0.024944785 0.025265134 0.023428387 0.028221944 0.028885411 0.024365473 0.024927488 0.024987613 0.025556817 0.023806815 0.023828942 0.027322259 0.026012842 0.025794482 0.024638274 0.026524158 0.025012964 0.022873110 0.023785766 0.023885803 0.024051191 0.023161308 0.023744540 0.023528442 0.023374779 0.026403179 0.026435086 0.025826814 0.027276236 0.027599638 0.027517725 0.025187669 0.025295247 0.024540841 0.025905289 0.025792545 0.026947246 0.026790959 0.026970355 0.023531424 0.023313993 0.023702364 0.023841352 0.025162473 0.024724346 0.024137692 0.024642751 0.024674742 0.024968152 0.000000000 
