51
15     0.000000000 0.000010420 0.000003740 0.000136540 0.000094750 0.000201750 0.000165560 0.000168420 0.000167370 0.000150230 0.000159660 0.000147040 0.000210750 0.000199800 0.000192890 0.000190490 0.000175710 0.000189000 0.000206420 0.000164500 0.000238860 0.000203680 0.000206330 0.000208710 0.000225120 0.000229870 0.000350930 0.000299980 0.000254510 0.000166700 0.000242770 0.000297900 0.000254650 0.000226260 0.000257360 0.000293770 0.000253330 0.000229060 0.000231200 0.000232520 0.000242460 0.000234430 0.000222020 0.000261010 0.000248840 0.000261440 0.000288230 0.000244400 0.000226180 0.000250760 0.000432370 
7     0.000010420 0.000000000 0.000002520 0.000124890 0.000134350 0.000263970 0.000153910 0.000156770 0.000155720 0.000138580 0.000148010 0.000135390 0.000199100 0.000188150 0.000232650 0.000230250 0.000201880 0.000177350 0.000194770 0.000223820 0.000227210 0.000192030 0.000194680 0.000197060 0.000213470 0.000218220 0.000390690 0.000339740 0.000294270 0.000233220 0.000231120 0.000292880 0.000243000 0.000214610 0.000297120 0.000284510 0.000246960 0.000217410 0.000219550 0.000220870 0.000230810 0.000222780 0.000210370 0.000249360 0.000261850 0.000249790 0.000276580 0.000232750 0.000214530 0.000239110 0.000471620 
1     0.000003740 0.000002520 0.000000000 0.000107600 0.000009450 0.000251470 0.000136620 0.000139480 0.000026820 0.000121290 0.000130720 0.000118100 0.000181810 0.000170860 0.000220150 0.000217750 0.000184590 0.000160060 0.000177480 0.000206530 0.000209920 0.000174740 0.000177390 0.000179770 0.000196180 0.000200930 0.000378190 0.000327240 0.000281770 0.000215930 0.000213830 0.000275590 0.000225710 0.000197320 0.000284620 0.000267220 0.000229670 0.000200120 0.000202260 0.000203580 0.000213520 0.000205490 0.000193080 0.000232070 0.000244560 0.000232500 0.000259290 0.000215460 0.000197240 0.000221820 0.000454330 
12     0.000136540 0.000124890 0.000107600 0.000000000 0.000025240 0.000078000 0.000103080 0.000105940 0.000104890 0.000087750 0.000097180 0.000084560 0.000155770 0.000144820 0.000235110 0.000223920 0.000158550 0.000134020 0.000151440 0.000180490 0.000183880 0.000148700 0.000151350 0.000153730 0.000170140 0.000174890 0.000387070 0.000342200 0.000296730 0.000189890 0.000187790 0.000249550 0.000199670 0.000171280 0.000299580 0.000241180 0.000203630 0.000174080 0.000176220 0.000177540 0.000187480 0.000179450 0.000167040 0.000206030 0.000218520 0.000206460 0.000233250 0.000189420 0.000171200 0.000195780 0.000253720 
8     0.000094750 0.000134350 0.000009450 0.000025240 0.000000000 0.000015820 0.000147630 0.000221260 0.000207560 0.000141650 0.000159150 0.000137570 0.000314710 0.000309190 0.000226980 0.000224580 0.000209800 0.000201300 0.000290910 0.000310170 0.000308880 0.000294040 0.000285630 0.000333570 0.000293880 0.000310270 0.000385020 0.000334070 0.000288600 0.000322250 0.000354870 0.000314130 0.000298380 0.000316640 0.000291450 0.000327860 0.000287420 0.000322930 0.000321970 0.000327960 0.000322330 0.000317740 0.000346880 0.000262820 0.000359430 0.000360820 0.000363710 0.000369260 0.000351040 0.000375620 0.000278960 
10     0.000201750 0.000263970 0.000251470 0.000078000 0.000015820 0.000000000 0.000170480 0.000203100 0.000200790 0.000164500 0.000182000 0.000160420 0.000311810 0.000306290 0.000224080 0.000221680 0.000206900 0.000257020 0.000288010 0.000307270 0.000305980 0.000291140 0.000282730 0.000368190 0.000290980 0.000307370 0.000382120 0.000331170 0.000285700 0.000329770 0.000351970 0.000321650 0.000295480 0.000313740 0.000288550 0.000324960 0.000284520 0.000388540 0.000390680 0.000392000 0.000329850 0.000325260 0.000364040 0.000270340 0.000356530 0.000357920 0.000360810 0.000403880 0.000385660 0.000396260 0.000360350 
3     0.000165560 0.000153910 0.000136620 0.000103080 0.000147630 0.000170480 0.000000000 0.000000300 0.000058050 0.000000930 0.000088680 0.000076060 0.000184790 0.000173840 0.000175480 0.000173080 0.000158300 0.000163040 0.000180460 0.000209510 0.000212900 0.000177720 0.000180370 0.000182750 0.000199160 0.000203910 0.000333520 0.000282570 0.000237100 0.000218910 0.000216810 0.000278570 0.000228690 0.000200300 0.000239950 0.000270200 0.000232650 0.000203100 0.000205240 0.000206560 0.000216500 0.000208470 0.000196060 0.000235050 0.000247540 0.000235480 0.000262270 0.000218440 0.000200220 0.000224800 0.000414960 
17     0.000168420 0.000156770 0.000139480 0.000105940 0.000221260 0.000203100 0.000000300 0.000000000 0.000002670 0.000004400 0.000091540 0.000078920 0.000187650 0.000176700 0.000194280 0.000191880 0.000177100 0.000165900 0.000183320 0.000212370 0.000215760 0.000180580 0.000183230 0.000185610 0.000202020 0.000206770 0.000352320 0.000301370 0.000255900 0.000144240 0.000219670 0.000281430 0.000231550 0.000203160 0.000258750 0.000273060 0.000235510 0.000205960 0.000208100 0.000209420 0.000219360 0.000211330 0.000198920 0.000237910 0.000250400 0.000238340 0.000265130 0.000221300 0.000203080 0.000227660 0.000433760 
5     0.000167370 0.000155720 0.000026820 0.000104890 0.000207560 0.000200790 0.000058050 0.000002670 0.000000000 0.000039200 0.000090490 0.000077870 0.000186600 0.000175650 0.000191970 0.000189570 0.000174790 0.000164850 0.000182270 0.000211320 0.000214710 0.000179530 0.000182180 0.000184560 0.000200970 0.000205720 0.000350010 0.000299060 0.000253590 0.000116700 0.000218620 0.000280380 0.000230500 0.000202110 0.000256440 0.000272010 0.000234460 0.000204910 0.000207050 0.000208370 0.000218310 0.000210280 0.000197870 0.000236860 0.000249350 0.000237290 0.000264080 0.000220250 0.000202030 0.000226610 0.000431450 
18     0.000150230 0.000138580 0.000121290 0.000087750 0.000141650 0.000164500 0.000000930 0.000004400 0.000039200 0.000000000 0.000073350 0.000060730 0.000169460 0.000158510 0.000166350 0.000163950 0.000149170 0.000147710 0.000165130 0.000194180 0.000197570 0.000162390 0.000165040 0.000167420 0.000183830 0.000188580 0.000324390 0.000273440 0.000227970 0.000203580 0.000201480 0.000263240 0.000213360 0.000184970 0.000230820 0.000161550 0.000217320 0.000158760 0.000189910 0.000191230 0.000201170 0.000193140 0.000180730 0.000219720 0.000232210 0.000220150 0.000246940 0.000203110 0.000184890 0.000209470 0.000405830 
11     0.000159660 0.000148010 0.000130720 0.000097180 0.000159150 0.000182000 0.000088680 0.000091540 0.000090490 0.000073350 0.000000000 0.000004190 0.000178890 0.000167940 0.000175270 0.000172870 0.000158090 0.000157140 0.000174560 0.000203610 0.000207000 0.000171820 0.000174470 0.000176850 0.000193260 0.000198010 0.000333310 0.000282360 0.000236890 0.000213010 0.000210910 0.000272670 0.000222790 0.000194400 0.000239740 0.000264300 0.000226750 0.000197200 0.000199340 0.000200660 0.000210600 0.000202570 0.000190160 0.000229150 0.000241640 0.000229580 0.000256370 0.000212540 0.000194320 0.000218900 0.000414750 
2     0.000147040 0.000135390 0.000118100 0.000084560 0.000137570 0.000160420 0.000076060 0.000078920 0.000077870 0.000060730 0.000004190 0.000000000 0.000166270 0.000155320 0.000177290 0.000174890 0.000160110 0.000144520 0.000161940 0.000190990 0.000194380 0.000159200 0.000161850 0.000164230 0.000180640 0.000185390 0.000335330 0.000284380 0.000238910 0.000200390 0.000198290 0.000260050 0.000210170 0.000181780 0.000241760 0.000251680 0.000214130 0.000184580 0.000186720 0.000188040 0.000197980 0.000189950 0.000177540 0.000216530 0.000229020 0.000216960 0.000243750 0.000199920 0.000181700 0.000206280 0.000416770 
14     0.000210750 0.000199100 0.000181810 0.000155770 0.000314710 0.000311810 0.000184790 0.000187650 0.000186600 0.000169460 0.000178890 0.000166270 0.000000000 0.000000000 0.000198710 0.000000500 0.000179350 0.000150850 0.000194970 0.000224020 0.000227410 0.000192230 0.000194880 0.000197260 0.000213670 0.000218420 0.000399370 0.000348420 0.000302950 0.000233420 0.000231320 0.000293080 0.000243200 0.000214810 0.000305800 0.000284710 0.000247160 0.000217610 0.000219750 0.000221070 0.000231010 0.000222980 0.000210570 0.000249560 0.000262050 0.000249990 0.000276780 0.000232950 0.000214730 0.000239310 0.000471820 
9     0.000199800 0.000188150 0.000170860 0.000144820 0.000309190 0.000306290 0.000173840 0.000176700 0.000175650 0.000158510 0.000167940 0.000155320 0.000000000 0.000000000 0.000193190 0.000000500 0.000144560 0.000087740 0.000184020 0.000213070 0.000216460 0.000181280 0.000183930 0.000186310 0.000202720 0.000207470 0.000393850 0.000342900 0.000297430 0.000222470 0.000220370 0.000282130 0.000232250 0.000203860 0.000300280 0.000273760 0.000236210 0.000206660 0.000208800 0.000210120 0.000220060 0.000212030 0.000199620 0.000238610 0.000251100 0.000239040 0.000265830 0.000222000 0.000203780 0.000228360 0.000460870 
16     0.000192890 0.000232650 0.000220150 0.000235110 0.000226980 0.000224080 0.000175480 0.000194280 0.000191970 0.000166350 0.000175270 0.000177290 0.000198710 0.000193190 0.000000000 0.000017450 0.000093800 0.000076000 0.000186370 0.000236790 0.000235500 0.000220660 0.000212250 0.000278070 0.000220500 0.000236890 0.000272850 0.000260690 0.000215220 0.000314230 0.000281490 0.000258610 0.000225000 0.000243260 0.000218070 0.000254480 0.000214040 0.000298420 0.000300560 0.000301880 0.000287170 0.000277940 0.000291380 0.000132740 0.000286050 0.000287440 0.000290330 0.000313760 0.000295540 0.000320120 0.000393080 
4     0.000190490 0.000230250 0.000217750 0.000223920 0.000224580 0.000221680 0.000173080 0.000191880 0.000189570 0.000163950 0.000172870 0.000174890 0.000000500 0.000000500 0.000017450 0.000000000 0.000091400 0.000141520 0.000215130 0.000149730 0.000233100 0.000218260 0.000209850 0.000265410 0.000218100 0.000234490 0.000309240 0.000258290 0.000212820 0.000301570 0.000279090 0.000256210 0.000222600 0.000240860 0.000215670 0.000252080 0.000211640 0.000285760 0.000287900 0.000289220 0.000284770 0.000275540 0.000278720 0.000147730 0.000283650 0.000285040 0.000287930 0.000301100 0.000282880 0.000307460 0.000390680 
6     0.000175710 0.000201880 0.000184590 0.000158550 0.000209800 0.000206900 0.000158300 0.000177100 0.000174790 0.000149170 0.000158090 0.000160110 0.000179350 0.000144560 0.000093800 0.000091400 0.000000000 0.000119080 0.000197750 0.000219610 0.000218320 0.000195010 0.000195070 0.000200040 0.000203320 0.000219710 0.000294460 0.000243510 0.000198040 0.000236200 0.000234100 0.000241430 0.000207820 0.000217590 0.000200890 0.000237300 0.000196860 0.000220390 0.000222530 0.000223850 0.000233790 0.000225760 0.000213350 0.000252340 0.000264830 0.000252770 0.000273150 0.000014530 0.000217510 0.000242090 0.000375900 
13     0.000189000 0.000177350 0.000160060 0.000134020 0.000201300 0.000257020 0.000163040 0.000165900 0.000164850 0.000147710 0.000157140 0.000144520 0.000150850 0.000087740 0.000076000 0.000141520 0.000119080 0.000000000 0.000155230 0.000202270 0.000190450 0.000101050 0.000173130 0.000175510 0.000191920 0.000196670 0.000241710 0.000271840 0.000248160 0.000211670 0.000209570 0.000271330 0.000221450 0.000193060 0.000251010 0.000262960 0.000123330 0.000195860 0.000198000 0.000199320 0.000209260 0.000201230 0.000188820 0.000227810 0.000240300 0.000228240 0.000255030 0.000211200 0.000192980 0.000217560 0.000426020 
50     0.000206420 0.000194770 0.000177480 0.000151440 0.000290910 0.000288010 0.000180460 0.000183320 0.000182270 0.000165130 0.000174560 0.000161940 0.000194970 0.000184020 0.000186370 0.000215130 0.000197750 0.000155230 0.000000000 0.000072520 0.000068970 0.000054130 0.000045720 0.000114550 0.000053970 0.000070360 0.000166520 0.000155360 0.000109890 0.000159250 0.000157150 0.000148760 0.000118590 0.000136850 0.000111660 0.000103720 0.000103410 0.000093710 0.000092750 0.000098740 0.000173700 0.000165670 0.000153260 0.000192250 0.000179640 0.000181030 0.000183920 0.000175640 0.000157420 0.000182000 0.000423130 
29     0.000164500 0.000223820 0.000206530 0.000180490 0.000310170 0.000307270 0.000209510 0.000212370 0.000211320 0.000194180 0.000203610 0.000190990 0.000224020 0.000213070 0.000236790 0.000149730 0.000219610 0.000202270 0.000072520 0.000000000 0.000006410 0.000052270 0.000058720 0.000090270 0.000004230 0.000037270 0.000130260 0.000174620 0.000097930 0.000188300 0.000186200 0.000168020 0.000137850 0.000156110 0.000130920 0.000167330 0.000126890 0.000172490 0.000174630 0.000175950 0.000144840 0.000149210 0.000142950 0.000216110 0.000193500 0.000200290 0.000121510 0.000037070 0.000133750 0.000108610 0.000442390 
23     0.000238860 0.000227210 0.000209920 0.000183880 0.000308880 0.000305980 0.000212900 0.000215760 0.000214710 0.000197570 0.000207000 0.000194380 0.000227410 0.000216460 0.000235500 0.000233100 0.000218320 0.000190450 0.000068970 0.000006410 0.000000000 0.000040700 0.000048110 0.000089000 0.000002960 0.000036000 0.000224280 0.000173330 0.000127860 0.000191690 0.000189590 0.000166730 0.000136560 0.000154820 0.000129630 0.000166040 0.000125600 0.000175880 0.000178020 0.000179340 0.000145050 0.000149420 0.000143160 0.000214820 0.000197610 0.000199000 0.000121720 0.000037280 0.000189860 0.000183850 0.000441100 
48     0.000203680 0.000192030 0.000174740 0.000148700 0.000294040 0.000291140 0.000177720 0.000180580 0.000179530 0.000162390 0.000171820 0.000159200 0.000192230 0.000181280 0.000220660 0.000218260 0.000195010 0.000101050 0.000054130 0.000052270 0.000040700 0.000000000 0.000033270 0.000072890 0.000041520 0.000057910 0.000209440 0.000158490 0.000113020 0.000156510 0.000154410 0.000151890 0.000121720 0.000137900 0.000114790 0.000151200 0.000110760 0.000140700 0.000142840 0.000144160 0.000170960 0.000162930 0.000150520 0.000189510 0.000182770 0.000184160 0.000187050 0.000118540 0.000154680 0.000158200 0.000426260 
49     0.000206330 0.000194680 0.000177390 0.000151350 0.000285630 0.000282730 0.000180370 0.000183230 0.000182180 0.000165040 0.000174470 0.000161850 0.000194880 0.000183930 0.000212250 0.000209850 0.000195070 0.000173130 0.000045720 0.000058720 0.000048110 0.000033270 0.000000000 0.000000010 0.000024130 0.000035210 0.000201030 0.000150080 0.000104610 0.000159160 0.000157060 0.000143480 0.000113310 0.000131570 0.000106380 0.000142790 0.000102350 0.000143350 0.000145490 0.000146810 0.000173610 0.000165580 0.000153170 0.000050370 0.000174360 0.000175750 0.000178640 0.000175550 0.000157330 0.000164650 0.000417850 
21     0.000208710 0.000197060 0.000179770 0.000153730 0.000333570 0.000368190 0.000182750 0.000185610 0.000184560 0.000167420 0.000176850 0.000164230 0.000197260 0.000186310 0.000278070 0.000265410 0.000200040 0.000175510 0.000114550 0.000090270 0.000089000 0.000072890 0.000000010 0.000000000 0.000055850 0.000035200 0.000305040 0.000208460 0.000208620 0.000161540 0.000159440 0.000221200 0.000171320 0.000142930 0.000210390 0.000212830 0.000175280 0.000145730 0.000147870 0.000149190 0.000175990 0.000167960 0.000155550 0.000194540 0.000207030 0.000194970 0.000205580 0.000121140 0.000159710 0.000184290 0.000431340 
31     0.000225120 0.000213470 0.000196180 0.000170140 0.000293880 0.000290980 0.000199160 0.000202020 0.000200970 0.000183830 0.000193260 0.000180640 0.000213670 0.000202720 0.000220500 0.000218100 0.000203320 0.000191920 0.000053970 0.000004230 0.000002960 0.000041520 0.000024130 0.000055850 0.000000000 0.000016550 0.000209280 0.000158330 0.000112860 0.000177950 0.000174610 0.000151730 0.000121560 0.000139820 0.000114630 0.000151040 0.000110600 0.000162140 0.000164280 0.000165600 0.000142870 0.000147240 0.000140980 0.000199820 0.000182610 0.000184000 0.000119540 0.000035100 0.000176120 0.000200700 0.000426100 
38     0.000229870 0.000218220 0.000200930 0.000174890 0.000310270 0.000307370 0.000203910 0.000206770 0.000205720 0.000188580 0.000198010 0.000185390 0.000218420 0.000207470 0.000236890 0.000234490 0.000219710 0.000196670 0.000070360 0.000037270 0.000036000 0.000057910 0.000035210 0.000035200 0.000016550 0.000000000 0.000225670 0.000174720 0.000129250 0.000182700 0.000180600 0.000168120 0.000137950 0.000156210 0.000131020 0.000167430 0.000126990 0.000166890 0.000169030 0.000170350 0.000175910 0.000180280 0.000174020 0.000215700 0.000199000 0.000200390 0.000152580 0.000068140 0.000180870 0.000205450 0.000442490 
30     0.000350930 0.000390690 0.000378190 0.000387070 0.000385020 0.000382120 0.000333520 0.000352320 0.000350010 0.000324390 0.000333310 0.000335330 0.000399370 0.000393850 0.000272850 0.000309240 0.000294460 0.000241710 0.000166520 0.000130260 0.000224280 0.000209440 0.000201030 0.000305040 0.000209280 0.000225670 0.000000000 0.000016950 0.000010440 0.000346620 0.000270270 0.000247390 0.000213780 0.000232040 0.000059560 0.000243260 0.000202820 0.000360070 0.000203690 0.000358910 0.000275950 0.000266720 0.000282340 0.000292040 0.000274830 0.000276220 0.000279110 0.000337970 0.000309270 0.000314560 0.000517240 
39     0.000299980 0.000339740 0.000327240 0.000342200 0.000334070 0.000331170 0.000282570 0.000301370 0.000299060 0.000273440 0.000282360 0.000284380 0.000348420 0.000342900 0.000260690 0.000258290 0.000243510 0.000271840 0.000155360 0.000174620 0.000173330 0.000158490 0.000150080 0.000208460 0.000158330 0.000174720 0.000016950 0.000000000 0.000006510 0.000295670 0.000219320 0.000196440 0.000162830 0.000181090 0.000075600 0.000192310 0.000151870 0.000309120 0.000327120 0.000307960 0.000225000 0.000215770 0.000231390 0.000241090 0.000223880 0.000225270 0.000228160 0.000287020 0.000258320 0.000263610 0.000466290 
32     0.000254510 0.000294270 0.000281770 0.000296730 0.000288600 0.000285700 0.000237100 0.000255900 0.000253590 0.000227970 0.000236890 0.000238910 0.000302950 0.000297430 0.000215220 0.000212820 0.000198040 0.000248160 0.000109890 0.000097930 0.000127860 0.000113020 0.000104610 0.000208620 0.000112860 0.000129250 0.000010440 0.000006510 0.000000000 0.000197060 0.000173850 0.000150970 0.000117360 0.000135620 0.000011980 0.000146840 0.000106400 0.000263650 0.000171360 0.000262490 0.000179530 0.000170300 0.000185920 0.000195620 0.000178410 0.000179800 0.000182690 0.000241550 0.000212850 0.000218140 0.000420820 
40     0.000166700 0.000233220 0.000215930 0.000189890 0.000322250 0.000329770 0.000218910 0.000144240 0.000116700 0.000203580 0.000213010 0.000200390 0.000233420 0.000222470 0.000314230 0.000301570 0.000236200 0.000211670 0.000159250 0.000188300 0.000191690 0.000156510 0.000159160 0.000161540 0.000177950 0.000182700 0.000346620 0.000295670 0.000197060 0.000000000 0.000043760 0.000050440 0.000197240 0.000168850 0.000184210 0.000238750 0.000201200 0.000172010 0.000174150 0.000175470 0.000212150 0.000204120 0.000191710 0.000230700 0.000243190 0.000231130 0.000257920 0.000214090 0.000195870 0.000220450 0.000467500 
46     0.000242770 0.000231120 0.000213830 0.000187790 0.000354870 0.000351970 0.000216810 0.000219670 0.000218620 0.000201480 0.000210910 0.000198290 0.000231320 0.000220370 0.000281490 0.000279090 0.000234100 0.000209570 0.000157150 0.000186200 0.000189590 0.000154410 0.000157060 0.000159440 0.000174610 0.000180600 0.000270270 0.000219320 0.000173850 0.000043760 0.000000000 0.000032730 0.000182550 0.000166750 0.000175620 0.000212030 0.000171590 0.000169910 0.000172050 0.000173370 0.000210050 0.000202020 0.000189610 0.000228600 0.000241090 0.000229030 0.000247880 0.000211990 0.000193770 0.000218350 0.000465400 
19     0.000297900 0.000292880 0.000275590 0.000249550 0.000314130 0.000321650 0.000278570 0.000281430 0.000280380 0.000263240 0.000272670 0.000260050 0.000293080 0.000282130 0.000258610 0.000256210 0.000241430 0.000271330 0.000148760 0.000168020 0.000166730 0.000151890 0.000143480 0.000221200 0.000151730 0.000168120 0.000247390 0.000196440 0.000150970 0.000050440 0.000032730 0.000000000 0.000159670 0.000177930 0.000152740 0.000189150 0.000148710 0.000231670 0.000233810 0.000235130 0.000221840 0.000212610 0.000228230 0.000237930 0.000220720 0.000222110 0.000225000 0.000273750 0.000255160 0.000260450 0.000464210 
37     0.000254650 0.000243000 0.000225710 0.000199670 0.000298380 0.000295480 0.000228690 0.000231550 0.000230500 0.000213360 0.000222790 0.000210170 0.000243200 0.000232250 0.000225000 0.000222600 0.000207820 0.000221450 0.000118590 0.000137850 0.000136560 0.000121720 0.000113310 0.000171320 0.000121560 0.000137950 0.000213780 0.000162830 0.000117360 0.000197240 0.000182550 0.000159670 0.000000000 0.000010150 0.000004360 0.000114440 0.000083220 0.000116790 0.000120930 0.000110060 0.000183830 0.000174600 0.000190220 0.000199920 0.000182710 0.000184100 0.000186990 0.000223870 0.000205650 0.000222440 0.000430600 
27     0.000226260 0.000214610 0.000197320 0.000171280 0.000316640 0.000313740 0.000200300 0.000203160 0.000202110 0.000184970 0.000194400 0.000181780 0.000214810 0.000203860 0.000243260 0.000240860 0.000217590 0.000193060 0.000136850 0.000156110 0.000154820 0.000137900 0.000131570 0.000142930 0.000139820 0.000156210 0.000232040 0.000181090 0.000135620 0.000168850 0.000166750 0.000177930 0.000010150 0.000000000 0.000022810 0.000128040 0.000090490 0.000153400 0.000155540 0.000156860 0.000193540 0.000185510 0.000173100 0.000212090 0.000200970 0.000202360 0.000199640 0.000195480 0.000177260 0.000201840 0.000427620 
24     0.000257360 0.000297120 0.000284620 0.000299580 0.000291450 0.000288550 0.000239950 0.000258750 0.000256440 0.000230820 0.000239740 0.000241760 0.000305800 0.000300280 0.000218070 0.000215670 0.000200890 0.000251010 0.000111660 0.000130920 0.000129630 0.000114790 0.000106380 0.000210390 0.000114630 0.000131020 0.000059560 0.000075600 0.000011980 0.000184210 0.000175620 0.000152740 0.000004360 0.000022810 0.000000000 0.000116730 0.000076290 0.000251700 0.000269700 0.000250540 0.000176900 0.000167670 0.000183290 0.000192990 0.000175780 0.000177170 0.000077270 0.000238920 0.000210220 0.000215510 0.000423670 
43     0.000293770 0.000284510 0.000267220 0.000241180 0.000327860 0.000324960 0.000270200 0.000273060 0.000272010 0.000161550 0.000264300 0.000251680 0.000284710 0.000273760 0.000254480 0.000252080 0.000237300 0.000262960 0.000103720 0.000167330 0.000166040 0.000151200 0.000142790 0.000212830 0.000151040 0.000167430 0.000243260 0.000192310 0.000146840 0.000238750 0.000212030 0.000189150 0.000114440 0.000128040 0.000116730 0.000000000 0.000000470 0.000012470 0.000011510 0.000017500 0.000213310 0.000204080 0.000219700 0.000229400 0.000212190 0.000213580 0.000216470 0.000265380 0.000246630 0.000251920 0.000460080 
36     0.000253330 0.000246960 0.000229670 0.000203630 0.000287420 0.000284520 0.000232650 0.000235510 0.000234460 0.000217320 0.000226750 0.000214130 0.000247160 0.000236210 0.000214040 0.000211640 0.000196860 0.000123330 0.000103410 0.000126890 0.000125600 0.000110760 0.000102350 0.000175280 0.000110600 0.000126990 0.000202820 0.000151870 0.000106400 0.000201200 0.000171590 0.000148710 0.000083220 0.000090490 0.000076290 0.000000470 0.000000000 0.000012160 0.000011200 0.000017190 0.000172870 0.000163640 0.000179260 0.000188960 0.000171750 0.000173140 0.000176030 0.000227830 0.000206190 0.000211480 0.000419640 
47     0.000229060 0.000217410 0.000200120 0.000174080 0.000322930 0.000388540 0.000203100 0.000205960 0.000204910 0.000158760 0.000197200 0.000184580 0.000217610 0.000206660 0.000298420 0.000285760 0.000220390 0.000195860 0.000093710 0.000172490 0.000175880 0.000140700 0.000143350 0.000145730 0.000162140 0.000166890 0.000360070 0.000309120 0.000263650 0.000172010 0.000169910 0.000231670 0.000116790 0.000153400 0.000251700 0.000012470 0.000012160 0.000000000 0.000001460 0.000006730 0.000119420 0.000188310 0.000175900 0.000214890 0.000227380 0.000215320 0.000242110 0.000198280 0.000180060 0.000204640 0.000451690 
45     0.000231200 0.000219550 0.000202260 0.000176220 0.000321970 0.000390680 0.000205240 0.000208100 0.000207050 0.000189910 0.000199340 0.000186720 0.000219750 0.000208800 0.000300560 0.000287900 0.000222530 0.000198000 0.000092750 0.000174630 0.000178020 0.000142840 0.000145490 0.000147870 0.000164280 0.000169030 0.000203690 0.000327120 0.000171360 0.000174150 0.000172050 0.000233810 0.000120930 0.000155540 0.000269700 0.000011510 0.000011200 0.000001460 0.000000000 0.000005640 0.000198480 0.000190450 0.000178040 0.000217030 0.000229520 0.000217460 0.000244250 0.000200420 0.000182200 0.000206780 0.000453830 
42     0.000232520 0.000220870 0.000203580 0.000177540 0.000327960 0.000392000 0.000206560 0.000209420 0.000208370 0.000191230 0.000200660 0.000188040 0.000221070 0.000210120 0.000301880 0.000289220 0.000223850 0.000199320 0.000098740 0.000175950 0.000179340 0.000144160 0.000146810 0.000149190 0.000165600 0.000170350 0.000358910 0.000307960 0.000262490 0.000175470 0.000173370 0.000235130 0.000110060 0.000156860 0.000250540 0.000017500 0.000017190 0.000006730 0.000005640 0.000000000 0.000199800 0.000191770 0.000179360 0.000218350 0.000230840 0.000218780 0.000245570 0.000201740 0.000183520 0.000208100 0.000455150 
26     0.000242460 0.000230810 0.000213520 0.000187480 0.000322330 0.000329850 0.000216500 0.000219360 0.000218310 0.000201170 0.000210600 0.000197980 0.000231010 0.000220060 0.000287170 0.000284770 0.000233790 0.000209260 0.000173700 0.000144840 0.000145050 0.000170960 0.000173610 0.000175990 0.000142870 0.000175910 0.000275950 0.000225000 0.000179530 0.000212150 0.000210050 0.000221840 0.000183830 0.000193540 0.000176900 0.000213310 0.000172870 0.000119420 0.000198480 0.000199800 0.000000000 0.000001450 0.000003570 0.000005070 0.000171260 0.000172650 0.000175540 0.000163330 0.000171000 0.000152260 0.000465090 
28     0.000234430 0.000222780 0.000205490 0.000179450 0.000317740 0.000325260 0.000208470 0.000211330 0.000210280 0.000193140 0.000202570 0.000189950 0.000222980 0.000212030 0.000277940 0.000275540 0.000225760 0.000201230 0.000165670 0.000149210 0.000149420 0.000162930 0.000165580 0.000167960 0.000147240 0.000180280 0.000266720 0.000215770 0.000170300 0.000204120 0.000202020 0.000212610 0.000174600 0.000185510 0.000167670 0.000204080 0.000163640 0.000188310 0.000190450 0.000191770 0.000001450 0.000000000 0.000007940 0.000038390 0.000162030 0.000163420 0.000166310 0.000167700 0.000162970 0.000187550 0.000457060 
34     0.000222020 0.000210370 0.000193080 0.000167040 0.000346880 0.000364040 0.000196060 0.000198920 0.000197870 0.000180730 0.000190160 0.000177540 0.000210570 0.000199620 0.000291380 0.000278720 0.000213350 0.000188820 0.000153260 0.000142950 0.000143160 0.000150520 0.000153170 0.000155550 0.000140980 0.000174020 0.000282340 0.000231390 0.000185920 0.000191710 0.000189610 0.000228230 0.000190220 0.000173100 0.000183290 0.000219700 0.000179260 0.000175900 0.000178040 0.000179360 0.000003570 0.000007940 0.000000000 0.000044590 0.000102210 0.000089530 0.000174850 0.000133670 0.000150560 0.000175140 0.000444650 
22     0.000261010 0.000249360 0.000232070 0.000206030 0.000262820 0.000270340 0.000235050 0.000237910 0.000236860 0.000219720 0.000229150 0.000216530 0.000249560 0.000238610 0.000132740 0.000147730 0.000252340 0.000227810 0.000192250 0.000216110 0.000214820 0.000189510 0.000050370 0.000194540 0.000199820 0.000215700 0.000292040 0.000241090 0.000195620 0.000230700 0.000228600 0.000237930 0.000199920 0.000212090 0.000192990 0.000229400 0.000188960 0.000214890 0.000217030 0.000218350 0.000005070 0.000038390 0.000044590 0.000000000 0.000187350 0.000177080 0.000191630 0.000207770 0.000189550 0.000214130 0.000483640 
25     0.000248840 0.000261850 0.000244560 0.000218520 0.000359430 0.000356530 0.000247540 0.000250400 0.000249350 0.000232210 0.000241640 0.000229020 0.000262050 0.000251100 0.000286050 0.000283650 0.000264830 0.000240300 0.000179640 0.000193500 0.000197610 0.000182770 0.000174360 0.000207030 0.000182610 0.000199000 0.000274830 0.000223880 0.000178410 0.000243190 0.000241090 0.000220720 0.000182710 0.000200970 0.000175780 0.000212190 0.000171750 0.000227380 0.000229520 0.000230840 0.000171260 0.000162030 0.000102210 0.000187350 0.000000000 0.000027640 0.000043980 0.000080590 0.000096840 0.000113230 0.000491650 
41     0.000261440 0.000249790 0.000232500 0.000206460 0.000360820 0.000357920 0.000235480 0.000238340 0.000237290 0.000220150 0.000229580 0.000216960 0.000249990 0.000239040 0.000287440 0.000285040 0.000252770 0.000228240 0.000181030 0.000200290 0.000199000 0.000184160 0.000175750 0.000194970 0.000184000 0.000200390 0.000276220 0.000225270 0.000179800 0.000231130 0.000229030 0.000222110 0.000184100 0.000202360 0.000177170 0.000213580 0.000173140 0.000215320 0.000217460 0.000218780 0.000172650 0.000163420 0.000089530 0.000177080 0.000027640 0.000000000 0.000031850 0.000076340 0.000084780 0.000109360 0.000484070 
33     0.000288230 0.000276580 0.000259290 0.000233250 0.000363710 0.000360810 0.000262270 0.000265130 0.000264080 0.000246940 0.000256370 0.000243750 0.000276780 0.000265830 0.000290330 0.000287930 0.000273150 0.000255030 0.000183920 0.000121510 0.000121720 0.000187050 0.000178640 0.000205580 0.000119540 0.000152580 0.000279110 0.000228160 0.000182690 0.000257920 0.000247880 0.000225000 0.000186990 0.000199640 0.000077270 0.000216470 0.000176030 0.000242110 0.000244250 0.000245570 0.000175540 0.000166310 0.000174850 0.000191630 0.000043980 0.000031850 0.000000000 0.000090320 0.000005420 0.000117510 0.000495930 
35     0.000244400 0.000232750 0.000215460 0.000189420 0.000369260 0.000403880 0.000218440 0.000221300 0.000220250 0.000203110 0.000212540 0.000199920 0.000232950 0.000222000 0.000313760 0.000301100 0.000014530 0.000211200 0.000175640 0.000037070 0.000037280 0.000118540 0.000175550 0.000121140 0.000035100 0.000068140 0.000337970 0.000287020 0.000241550 0.000214090 0.000211990 0.000273750 0.000223870 0.000195480 0.000238920 0.000265380 0.000227830 0.000198280 0.000200420 0.000201740 0.000163330 0.000167700 0.000133670 0.000207770 0.000080590 0.000076340 0.000090320 0.000000000 0.000067740 0.000067480 0.000467030 
44     0.000226180 0.000214530 0.000197240 0.000171200 0.000351040 0.000385660 0.000200220 0.000203080 0.000202030 0.000184890 0.000194320 0.000181700 0.000214730 0.000203780 0.000295540 0.000282880 0.000217510 0.000192980 0.000157420 0.000133750 0.000189860 0.000154680 0.000157330 0.000159710 0.000176120 0.000180870 0.000309270 0.000258320 0.000212850 0.000195870 0.000193770 0.000255160 0.000205650 0.000177260 0.000210220 0.000246630 0.000206190 0.000180060 0.000182200 0.000183520 0.000171000 0.000162970 0.000150560 0.000189550 0.000096840 0.000084780 0.000005420 0.000067740 0.000000000 0.000009930 0.000448810 
20     0.000250760 0.000239110 0.000221820 0.000195780 0.000375620 0.000396260 0.000224800 0.000227660 0.000226610 0.000209470 0.000218900 0.000206280 0.000239310 0.000228360 0.000320120 0.000307460 0.000242090 0.000217560 0.000182000 0.000108610 0.000183850 0.000158200 0.000164650 0.000184290 0.000200700 0.000205450 0.000314560 0.000263610 0.000218140 0.000220450 0.000218350 0.000260450 0.000222440 0.000201840 0.000215510 0.000251920 0.000211480 0.000204640 0.000206780 0.000208100 0.000152260 0.000187550 0.000175140 0.000214130 0.000113230 0.000109360 0.000117510 0.000067480 0.000009930 0.000000000 0.000473390 
0     0.000432370 0.000471620 0.000454330 0.000253720 0.000278960 0.000360350 0.000414960 0.000433760 0.000431450 0.000405830 0.000414750 0.000416770 0.000471820 0.000460870 0.000393080 0.000390680 0.000375900 0.000426020 0.000423130 0.000442390 0.000441100 0.000426260 0.000417850 0.000431340 0.000426100 0.000442490 0.000517240 0.000466290 0.000420820 0.000467500 0.000465400 0.000464210 0.000430600 0.000427620 0.000423670 0.000460080 0.000419640 0.000451690 0.000453830 0.000455150 0.000465090 0.000457060 0.000444650 0.000483640 0.000491650 0.000484070 0.000495930 0.000467030 0.000448810 0.000473390 0.000000000 
