51
1     0.000000000 0.000063700 0.000131810 0.000060200 0.000097110 0.000102270 0.000103870 0.000080100 0.000115520 0.000098240 0.000117450 0.000117140 0.000111300 0.000113260 0.000116300 0.000117340 0.000119100 0.000097840 0.000106840 0.000101950 0.000096030 0.000099870 0.000095770 0.000099580 0.000087620 0.000094150 0.000111580 0.000114790 0.000110350 0.000092020 0.000103480 0.000100780 0.000102710 0.000075470 0.000089510 0.000097380 0.000098370 0.000092380 0.000100120 0.000113450 0.000086520 0.000078670 0.000083600 0.000091120 0.000088490 0.000083570 0.000079170 0.000094000 0.000118250 0.000082040 0.000181690 
5     0.000063700 0.000000000 0.000112830 0.000041220 0.000097690 0.000102850 0.000104450 0.000080680 0.000116100 0.000098820 0.000118030 0.000117720 0.000111880 0.000113840 0.000116880 0.000117920 0.000119680 0.000098420 0.000107420 0.000102530 0.000096610 0.000100450 0.000096350 0.000100160 0.000088200 0.000094730 0.000112160 0.000115370 0.000110930 0.000092600 0.000104060 0.000101360 0.000103290 0.000076050 0.000090090 0.000097960 0.000098950 0.000092960 0.000100700 0.000114030 0.000087100 0.000079250 0.000084180 0.000091700 0.000089070 0.000084150 0.000079750 0.000094580 0.000118830 0.000082620 0.000182270 
3     0.000131810 0.000112830 0.000000000 0.000000740 0.000165800 0.000170960 0.000172560 0.000148790 0.000184210 0.000166930 0.000186140 0.000185830 0.000179990 0.000181950 0.000184990 0.000186030 0.000187790 0.000166530 0.000175530 0.000170640 0.000164720 0.000168560 0.000164460 0.000168270 0.000156310 0.000162840 0.000180270 0.000183480 0.000179040 0.000160710 0.000172170 0.000169470 0.000171400 0.000144160 0.000158200 0.000166070 0.000167060 0.000161070 0.000168810 0.000182140 0.000155210 0.000147360 0.000152290 0.000159810 0.000157180 0.000152260 0.000147860 0.000162690 0.000186940 0.000150730 0.000250380 
4     0.000060200 0.000041220 0.000000740 0.000000000 0.000094190 0.000099350 0.000100950 0.000077180 0.000112600 0.000095320 0.000114530 0.000114220 0.000108380 0.000110340 0.000113380 0.000114420 0.000116180 0.000094920 0.000103920 0.000099030 0.000093110 0.000096950 0.000092850 0.000096660 0.000084700 0.000091230 0.000108660 0.000111870 0.000107430 0.000089100 0.000100560 0.000097860 0.000099790 0.000072550 0.000086590 0.000094460 0.000095450 0.000089460 0.000097200 0.000110530 0.000083600 0.000075750 0.000080680 0.000088200 0.000085570 0.000080650 0.000076250 0.000091080 0.000115330 0.000079120 0.000178770 
2     0.000097110 0.000097690 0.000165800 0.000094190 0.000000000 0.000119040 0.000120640 0.000096870 0.000132290 0.000115010 0.000134220 0.000133910 0.000128070 0.000130030 0.000133070 0.000134110 0.000135870 0.000114610 0.000123610 0.000118720 0.000112800 0.000116640 0.000112540 0.000116350 0.000104390 0.000110920 0.000128350 0.000131560 0.000127120 0.000108790 0.000120250 0.000117550 0.000119480 0.000092240 0.000106280 0.000114150 0.000115140 0.000109150 0.000116890 0.000130220 0.000103290 0.000095440 0.000100370 0.000107890 0.000105260 0.000100340 0.000095940 0.000110770 0.000135020 0.000098810 0.000198460 
20     0.000102270 0.000102850 0.000170960 0.000099350 0.000119040 0.000000000 0.000035340 0.000064430 0.000099850 0.000082570 0.000101780 0.000101470 0.000095630 0.000097590 0.000100630 0.000101670 0.000103430 0.000082170 0.000091170 0.000086280 0.000080360 0.000084200 0.000080100 0.000083910 0.000071950 0.000078480 0.000095910 0.000099120 0.000094680 0.000076350 0.000087810 0.000085110 0.000087040 0.000059800 0.000073840 0.000081710 0.000082700 0.000076710 0.000084450 0.000105360 0.000083310 0.000075460 0.000080390 0.000087910 0.000085280 0.000080360 0.000075960 0.000090790 0.000115040 0.000078830 0.000183580 
14     0.000103870 0.000104450 0.000172560 0.000100950 0.000120640 0.000035340 0.000000000 0.000066030 0.000101450 0.000084170 0.000103380 0.000103070 0.000097230 0.000099190 0.000102230 0.000103270 0.000105030 0.000083770 0.000092770 0.000087880 0.000081960 0.000085800 0.000081700 0.000085510 0.000073550 0.000080080 0.000097510 0.000100720 0.000096280 0.000077950 0.000089410 0.000086710 0.000088640 0.000034810 0.000026140 0.000083310 0.000084300 0.000078310 0.000086050 0.000040800 0.000084910 0.000077060 0.000081990 0.000089510 0.000086880 0.000081960 0.000077560 0.000092390 0.000116640 0.000080430 0.000185180 
6     0.000080100 0.000080680 0.000148790 0.000077180 0.000096870 0.000064430 0.000066030 0.000000000 0.000075180 0.000057900 0.000077110 0.000076800 0.000070960 0.000072920 0.000075960 0.000077000 0.000078760 0.000008560 0.000066340 0.000061450 0.000055530 0.000059370 0.000055270 0.000059240 0.000047280 0.000053810 0.000071240 0.000074450 0.000070010 0.000051680 0.000063140 0.000060280 0.000062210 0.000035130 0.000049170 0.000056820 0.000057810 0.000051820 0.000059560 0.000083190 0.000061140 0.000053290 0.000058220 0.000065740 0.000063110 0.000058190 0.000053790 0.000068620 0.000092870 0.000056660 0.000161410 
12     0.000115520 0.000116100 0.000184210 0.000112600 0.000132290 0.000099850 0.000101450 0.000075180 0.000000000 0.000000170 0.000016190 0.000006820 0.000026100 0.000028060 0.000059600 0.000032140 0.000068600 0.000043340 0.000101920 0.000097030 0.000091110 0.000094950 0.000090850 0.000092960 0.000081000 0.000087530 0.000104960 0.000108170 0.000103730 0.000085400 0.000096860 0.000095860 0.000097790 0.000070090 0.000084130 0.000092460 0.000093450 0.000087460 0.000095200 0.000118610 0.000096560 0.000088710 0.000093640 0.000101160 0.000098530 0.000093610 0.000089210 0.000104040 0.000128290 0.000092080 0.000196830 
32     0.000098240 0.000098820 0.000166930 0.000095320 0.000115010 0.000082570 0.000084170 0.000057900 0.000000170 0.000000000 0.000043470 0.000006990 0.000037320 0.000039280 0.000034620 0.000043360 0.000051320 0.000026060 0.000084640 0.000079750 0.000073830 0.000077670 0.000073570 0.000075680 0.000063720 0.000070250 0.000087680 0.000090890 0.000086450 0.000068120 0.000079580 0.000078580 0.000080510 0.000052810 0.000066850 0.000075180 0.000076170 0.000070180 0.000077920 0.000101330 0.000079280 0.000071430 0.000076360 0.000083880 0.000081250 0.000076330 0.000071930 0.000086760 0.000111010 0.000074800 0.000179550 
16     0.000117450 0.000118030 0.000186140 0.000114530 0.000134220 0.000101780 0.000103380 0.000077110 0.000016190 0.000043470 0.000000000 0.000033870 0.000028030 0.000029990 0.000061530 0.000034070 0.000070530 0.000045270 0.000103850 0.000098960 0.000093040 0.000096880 0.000092780 0.000094890 0.000082930 0.000089460 0.000106890 0.000110100 0.000105660 0.000087330 0.000098790 0.000097790 0.000099720 0.000072020 0.000086060 0.000094390 0.000095380 0.000089390 0.000097130 0.000120540 0.000098490 0.000090640 0.000095570 0.000103090 0.000100460 0.000095540 0.000091140 0.000105970 0.000130220 0.000094010 0.000198760 
49     0.000117140 0.000117720 0.000185830 0.000114220 0.000133910 0.000101470 0.000103070 0.000076800 0.000006820 0.000006990 0.000033870 0.000000000 0.000022800 0.000024760 0.000061220 0.000031320 0.000070220 0.000044960 0.000103540 0.000098650 0.000092730 0.000096570 0.000092470 0.000094580 0.000082620 0.000089150 0.000106580 0.000109790 0.000105350 0.000087020 0.000098480 0.000097480 0.000099410 0.000071710 0.000085750 0.000094080 0.000095070 0.000089080 0.000096820 0.000120230 0.000098180 0.000090330 0.000095260 0.000102780 0.000100150 0.000095230 0.000090830 0.000105660 0.000129910 0.000093700 0.000198450 
35     0.000111300 0.000111880 0.000179990 0.000108380 0.000128070 0.000095630 0.000097230 0.000070960 0.000026100 0.000037320 0.000028030 0.000022800 0.000000000 0.000016020 0.000055380 0.000025480 0.000064380 0.000039120 0.000097700 0.000092810 0.000086890 0.000090730 0.000086630 0.000088740 0.000076780 0.000083310 0.000100740 0.000103950 0.000099510 0.000081180 0.000092640 0.000091640 0.000093570 0.000065870 0.000079910 0.000088240 0.000089230 0.000083240 0.000090980 0.000114390 0.000092340 0.000084490 0.000089420 0.000096940 0.000094310 0.000089390 0.000084990 0.000099820 0.000124070 0.000087860 0.000192610 
48     0.000113260 0.000113840 0.000181950 0.000110340 0.000130030 0.000097590 0.000099190 0.000072920 0.000028060 0.000039280 0.000029990 0.000024760 0.000016020 0.000000000 0.000057340 0.000027440 0.000066340 0.000041080 0.000099660 0.000094770 0.000088850 0.000092690 0.000088590 0.000090700 0.000078740 0.000085270 0.000102700 0.000105910 0.000101470 0.000083140 0.000094600 0.000093600 0.000095530 0.000067830 0.000081870 0.000090200 0.000091190 0.000085200 0.000092940 0.000116350 0.000094300 0.000086450 0.000091380 0.000098900 0.000096270 0.000091350 0.000086950 0.000101780 0.000126030 0.000089820 0.000194570 
21     0.000116300 0.000116880 0.000184990 0.000113380 0.000133070 0.000100630 0.000102230 0.000075960 0.000059600 0.000034620 0.000061530 0.000061220 0.000055380 0.000057340 0.000000000 0.000024890 0.000069380 0.000044120 0.000102700 0.000097810 0.000091890 0.000095730 0.000091630 0.000093740 0.000081780 0.000088310 0.000105740 0.000108950 0.000104510 0.000086180 0.000097640 0.000096640 0.000098570 0.000070870 0.000084910 0.000093240 0.000094230 0.000088240 0.000095980 0.000119390 0.000097340 0.000089490 0.000094420 0.000101940 0.000099310 0.000094390 0.000089990 0.000104820 0.000129070 0.000092860 0.000197610 
44     0.000117340 0.000117920 0.000186030 0.000114420 0.000134110 0.000101670 0.000103270 0.000077000 0.000032140 0.000043360 0.000034070 0.000031320 0.000025480 0.000027440 0.000024890 0.000000000 0.000070420 0.000045160 0.000103740 0.000098850 0.000092930 0.000096770 0.000092670 0.000094780 0.000082820 0.000089350 0.000106780 0.000109990 0.000105550 0.000087220 0.000098680 0.000097680 0.000099610 0.000071910 0.000085950 0.000094280 0.000095270 0.000089280 0.000097020 0.000120430 0.000098380 0.000090530 0.000095460 0.000102980 0.000100350 0.000095430 0.000091030 0.000105860 0.000130110 0.000093900 0.000198650 
38     0.000119100 0.000119680 0.000187790 0.000116180 0.000135870 0.000103430 0.000105030 0.000078760 0.000068600 0.000051320 0.000070530 0.000070220 0.000064380 0.000066340 0.000069380 0.000070420 0.000000000 0.000050920 0.000105500 0.000100610 0.000094690 0.000098530 0.000094430 0.000096540 0.000084580 0.000091110 0.000108540 0.000111750 0.000107310 0.000088980 0.000100440 0.000099440 0.000101370 0.000073670 0.000087710 0.000096040 0.000097030 0.000091040 0.000098780 0.000122190 0.000100140 0.000092290 0.000097220 0.000104740 0.000102110 0.000097190 0.000092790 0.000107620 0.000131870 0.000095660 0.000200410 
17     0.000097840 0.000098420 0.000166530 0.000094920 0.000114610 0.000082170 0.000083770 0.000008560 0.000043340 0.000026060 0.000045270 0.000044960 0.000039120 0.000041080 0.000044120 0.000045160 0.000050920 0.000000000 0.000084240 0.000079350 0.000073430 0.000077270 0.000073170 0.000075280 0.000063320 0.000069850 0.000087280 0.000090490 0.000086050 0.000067720 0.000079180 0.000078180 0.000080110 0.000052410 0.000066450 0.000074780 0.000075770 0.000069780 0.000077520 0.000100930 0.000078880 0.000071030 0.000075960 0.000083480 0.000080850 0.000075930 0.000071530 0.000086360 0.000110610 0.000074400 0.000179150 
34     0.000106840 0.000107420 0.000175530 0.000103920 0.000123610 0.000091170 0.000092770 0.000066340 0.000101920 0.000084640 0.000103850 0.000103540 0.000097700 0.000099660 0.000102700 0.000103740 0.000105500 0.000084240 0.000000000 0.000015410 0.000037850 0.000025070 0.000037590 0.000085980 0.000074020 0.000080550 0.000097980 0.000101190 0.000096750 0.000078420 0.000089880 0.000048120 0.000050050 0.000061870 0.000075910 0.000083620 0.000084610 0.000078620 0.000086360 0.000109930 0.000087880 0.000080030 0.000084960 0.000092480 0.000089850 0.000084930 0.000080530 0.000095360 0.000119610 0.000083400 0.000188150 
40     0.000101950 0.000102530 0.000170640 0.000099030 0.000118720 0.000086280 0.000087880 0.000061450 0.000097030 0.000079750 0.000098960 0.000098650 0.000092810 0.000094770 0.000097810 0.000098850 0.000100610 0.000079350 0.000015410 0.000000000 0.000025240 0.000036800 0.000023120 0.000081090 0.000069130 0.000075660 0.000093090 0.000096300 0.000091860 0.000073530 0.000084990 0.000043230 0.000045160 0.000056980 0.000071020 0.000078730 0.000079720 0.000073730 0.000081470 0.000105040 0.000082990 0.000075140 0.000080070 0.000087590 0.000084960 0.000080040 0.000075640 0.000090470 0.000114720 0.000078510 0.000183260 
9     0.000096030 0.000096610 0.000164720 0.000093110 0.000112800 0.000080360 0.000081960 0.000055530 0.000091110 0.000073830 0.000093040 0.000092730 0.000086890 0.000088850 0.000091890 0.000092930 0.000094690 0.000073430 0.000037850 0.000025240 0.000000000 0.000030880 0.000019060 0.000075170 0.000063210 0.000069740 0.000087170 0.000090380 0.000085940 0.000067610 0.000079070 0.000037310 0.000039240 0.000051060 0.000065100 0.000072810 0.000073800 0.000067810 0.000075550 0.000099120 0.000077070 0.000069220 0.000074150 0.000081670 0.000079040 0.000074120 0.000069720 0.000084550 0.000108800 0.000072590 0.000177340 
23     0.000099870 0.000100450 0.000168560 0.000096950 0.000116640 0.000084200 0.000085800 0.000059370 0.000094950 0.000077670 0.000096880 0.000096570 0.000090730 0.000092690 0.000095730 0.000096770 0.000098530 0.000077270 0.000025070 0.000036800 0.000030880 0.000000000 0.000030620 0.000079010 0.000067050 0.000073580 0.000091010 0.000094220 0.000089780 0.000071450 0.000082910 0.000041150 0.000043080 0.000054900 0.000068940 0.000076650 0.000077640 0.000071650 0.000079390 0.000102960 0.000080910 0.000073060 0.000077990 0.000085510 0.000082880 0.000077960 0.000073560 0.000088390 0.000112640 0.000076430 0.000181180 
29     0.000095770 0.000096350 0.000164460 0.000092850 0.000112540 0.000080100 0.000081700 0.000055270 0.000090850 0.000073570 0.000092780 0.000092470 0.000086630 0.000088590 0.000091630 0.000092670 0.000094430 0.000073170 0.000037590 0.000023120 0.000019060 0.000030620 0.000000000 0.000074910 0.000062950 0.000069480 0.000086910 0.000090120 0.000085680 0.000067350 0.000078810 0.000037050 0.000038980 0.000050800 0.000064840 0.000072550 0.000073540 0.000067550 0.000075290 0.000098860 0.000076810 0.000068960 0.000073890 0.000081410 0.000078780 0.000073860 0.000069460 0.000084290 0.000108540 0.000072330 0.000177080 
15     0.000099580 0.000100160 0.000168270 0.000096660 0.000116350 0.000083910 0.000085510 0.000059240 0.000092960 0.000075680 0.000094890 0.000094580 0.000088740 0.000090700 0.000093740 0.000094780 0.000096540 0.000075280 0.000085980 0.000081090 0.000075170 0.000079010 0.000074910 0.000000000 0.000015940 0.000025350 0.000040200 0.000043410 0.000051690 0.000028740 0.000045980 0.000079920 0.000081850 0.000054150 0.000068190 0.000076520 0.000077510 0.000071520 0.000079260 0.000102670 0.000080620 0.000072770 0.000077700 0.000085220 0.000082590 0.000077670 0.000073270 0.000088100 0.000112350 0.000076140 0.000180890 
22     0.000087620 0.000088200 0.000156310 0.000084700 0.000104390 0.000071950 0.000073550 0.000047280 0.000081000 0.000063720 0.000082930 0.000082620 0.000076780 0.000078740 0.000081780 0.000082820 0.000084580 0.000063320 0.000074020 0.000069130 0.000063210 0.000067050 0.000062950 0.000015940 0.000000000 0.000013390 0.000028240 0.000031450 0.000039730 0.000016780 0.000034020 0.000067960 0.000069890 0.000042190 0.000056230 0.000064560 0.000065550 0.000059560 0.000067300 0.000090710 0.000068660 0.000060810 0.000065740 0.000073260 0.000070630 0.000065710 0.000061310 0.000076140 0.000100390 0.000064180 0.000168930 
30     0.000094150 0.000094730 0.000162840 0.000091230 0.000110920 0.000078480 0.000080080 0.000053810 0.000087530 0.000070250 0.000089460 0.000089150 0.000083310 0.000085270 0.000088310 0.000089350 0.000091110 0.000069850 0.000080550 0.000075660 0.000069740 0.000073580 0.000069480 0.000025350 0.000013390 0.000000000 0.000037350 0.000040560 0.000046260 0.000023310 0.000040550 0.000074490 0.000076420 0.000048720 0.000062760 0.000071090 0.000072080 0.000066090 0.000073830 0.000097240 0.000075190 0.000067340 0.000072270 0.000079790 0.000077160 0.000072240 0.000067840 0.000082670 0.000106920 0.000070710 0.000175460 
37     0.000111580 0.000112160 0.000180270 0.000108660 0.000128350 0.000095910 0.000097510 0.000071240 0.000104960 0.000087680 0.000106890 0.000106580 0.000100740 0.000102700 0.000105740 0.000106780 0.000108540 0.000087280 0.000097980 0.000093090 0.000087170 0.000091010 0.000086910 0.000040200 0.000028240 0.000037350 0.000000000 0.000012150 0.000063690 0.000040740 0.000057980 0.000091920 0.000093850 0.000066150 0.000080190 0.000088520 0.000089510 0.000083520 0.000091260 0.000114670 0.000092620 0.000084770 0.000089700 0.000097220 0.000094590 0.000089670 0.000085270 0.000100100 0.000124350 0.000088140 0.000192890 
18     0.000114790 0.000115370 0.000183480 0.000111870 0.000131560 0.000099120 0.000100720 0.000074450 0.000108170 0.000090890 0.000110100 0.000109790 0.000103950 0.000105910 0.000108950 0.000109990 0.000111750 0.000090490 0.000101190 0.000096300 0.000090380 0.000094220 0.000090120 0.000043410 0.000031450 0.000040560 0.000012150 0.000000000 0.000066900 0.000043950 0.000061190 0.000095130 0.000097060 0.000069360 0.000083400 0.000091730 0.000092720 0.000086730 0.000094470 0.000117880 0.000095830 0.000087980 0.000092910 0.000100430 0.000097800 0.000092880 0.000088480 0.000103310 0.000127560 0.000091350 0.000196100 
28     0.000110350 0.000110930 0.000179040 0.000107430 0.000127120 0.000094680 0.000096280 0.000070010 0.000103730 0.000086450 0.000105660 0.000105350 0.000099510 0.000101470 0.000104510 0.000105550 0.000107310 0.000086050 0.000096750 0.000091860 0.000085940 0.000089780 0.000085680 0.000051690 0.000039730 0.000046260 0.000063690 0.000066900 0.000000000 0.000044130 0.000056750 0.000090690 0.000092620 0.000064920 0.000078960 0.000087290 0.000088280 0.000082290 0.000090030 0.000113440 0.000091390 0.000083540 0.000088470 0.000095990 0.000093360 0.000088440 0.000084040 0.000098870 0.000123120 0.000086910 0.000191660 
33     0.000092020 0.000092600 0.000160710 0.000089100 0.000108790 0.000076350 0.000077950 0.000051680 0.000085400 0.000068120 0.000087330 0.000087020 0.000081180 0.000083140 0.000086180 0.000087220 0.000088980 0.000067720 0.000078420 0.000073530 0.000067610 0.000071450 0.000067350 0.000028740 0.000016780 0.000023310 0.000040740 0.000043950 0.000044130 0.000000000 0.000038420 0.000072360 0.000074290 0.000046590 0.000060630 0.000068960 0.000069950 0.000063960 0.000071700 0.000095110 0.000073060 0.000065210 0.000070140 0.000077660 0.000075030 0.000070110 0.000065710 0.000080540 0.000104790 0.000068580 0.000173330 
13     0.000103480 0.000104060 0.000172170 0.000100560 0.000120250 0.000087810 0.000089410 0.000063140 0.000096860 0.000079580 0.000098790 0.000098480 0.000092640 0.000094600 0.000097640 0.000098680 0.000100440 0.000079180 0.000089880 0.000084990 0.000079070 0.000082910 0.000078810 0.000045980 0.000034020 0.000040550 0.000057980 0.000061190 0.000056750 0.000038420 0.000000000 0.000083820 0.000085750 0.000058050 0.000072090 0.000080420 0.000081410 0.000075420 0.000083160 0.000106570 0.000084520 0.000076670 0.000081600 0.000089120 0.000086490 0.000081570 0.000077170 0.000092000 0.000116250 0.000080040 0.000184790 
36     0.000100780 0.000101360 0.000169470 0.000097860 0.000117550 0.000085110 0.000086710 0.000060280 0.000095860 0.000078580 0.000097790 0.000097480 0.000091640 0.000093600 0.000096640 0.000097680 0.000099440 0.000078180 0.000048120 0.000043230 0.000037310 0.000041150 0.000037050 0.000079920 0.000067960 0.000074490 0.000091920 0.000095130 0.000090690 0.000072360 0.000083820 0.000000000 0.000032750 0.000055810 0.000069850 0.000077560 0.000078550 0.000072560 0.000080300 0.000103870 0.000081820 0.000073970 0.000078900 0.000086420 0.000083790 0.000078870 0.000074470 0.000089300 0.000113550 0.000077340 0.000182090 
24     0.000102710 0.000103290 0.000171400 0.000099790 0.000119480 0.000087040 0.000088640 0.000062210 0.000097790 0.000080510 0.000099720 0.000099410 0.000093570 0.000095530 0.000098570 0.000099610 0.000101370 0.000080110 0.000050050 0.000045160 0.000039240 0.000043080 0.000038980 0.000081850 0.000069890 0.000076420 0.000093850 0.000097060 0.000092620 0.000074290 0.000085750 0.000032750 0.000000000 0.000057740 0.000071780 0.000079490 0.000080480 0.000074490 0.000082230 0.000105800 0.000083750 0.000075900 0.000080830 0.000088350 0.000085720 0.000080800 0.000076400 0.000091230 0.000115480 0.000079270 0.000184020 
50     0.000075470 0.000076050 0.000144160 0.000072550 0.000092240 0.000059800 0.000034810 0.000035130 0.000070090 0.000052810 0.000072020 0.000071710 0.000065870 0.000067830 0.000070870 0.000071910 0.000073670 0.000052410 0.000061870 0.000056980 0.000051060 0.000054900 0.000050800 0.000054150 0.000042190 0.000048720 0.000066150 0.000069360 0.000064920 0.000046590 0.000058050 0.000055810 0.000057740 0.000000000 0.000011870 0.000052410 0.000053400 0.000047410 0.000055150 0.000074750 0.000056510 0.000048660 0.000053590 0.000061110 0.000058480 0.000053560 0.000049160 0.000063990 0.000088240 0.000052030 0.000156780 
39     0.000089510 0.000090090 0.000158200 0.000086590 0.000106280 0.000073840 0.000026140 0.000049170 0.000084130 0.000066850 0.000086060 0.000085750 0.000079910 0.000081870 0.000084910 0.000085950 0.000087710 0.000066450 0.000075910 0.000071020 0.000065100 0.000068940 0.000064840 0.000068190 0.000056230 0.000062760 0.000080190 0.000083400 0.000078960 0.000060630 0.000072090 0.000069850 0.000071780 0.000011870 0.000000000 0.000066450 0.000067440 0.000061450 0.000069190 0.000066080 0.000070550 0.000062700 0.000067630 0.000075150 0.000072520 0.000067600 0.000063200 0.000078030 0.000102280 0.000066070 0.000170820 
7     0.000097380 0.000097960 0.000166070 0.000094460 0.000114150 0.000081710 0.000083310 0.000056820 0.000092460 0.000075180 0.000094390 0.000094080 0.000088240 0.000090200 0.000093240 0.000094280 0.000096040 0.000074780 0.000083620 0.000078730 0.000072810 0.000076650 0.000072550 0.000076520 0.000064560 0.000071090 0.000088520 0.000091730 0.000087290 0.000068960 0.000080420 0.000077560 0.000079490 0.000052410 0.000066450 0.000000000 0.000000010 0.000061280 0.000069020 0.000100470 0.000078420 0.000070570 0.000075500 0.000083020 0.000080390 0.000075470 0.000071070 0.000085900 0.000110150 0.000073940 0.000178690 
26     0.000098370 0.000098950 0.000167060 0.000095450 0.000115140 0.000082700 0.000084300 0.000057810 0.000093450 0.000076170 0.000095380 0.000095070 0.000089230 0.000091190 0.000094230 0.000095270 0.000097030 0.000075770 0.000084610 0.000079720 0.000073800 0.000077640 0.000073540 0.000077510 0.000065550 0.000072080 0.000089510 0.000092720 0.000088280 0.000069950 0.000081410 0.000078550 0.000080480 0.000053400 0.000067440 0.000000010 0.000000000 0.000062270 0.000070010 0.000101460 0.000079410 0.000071560 0.000076490 0.000084010 0.000081380 0.000076460 0.000072060 0.000086890 0.000111140 0.000074930 0.000179680 
41     0.000092380 0.000092960 0.000161070 0.000089460 0.000109150 0.000076710 0.000078310 0.000051820 0.000087460 0.000070180 0.000089390 0.000089080 0.000083240 0.000085200 0.000088240 0.000089280 0.000091040 0.000069780 0.000078620 0.000073730 0.000067810 0.000071650 0.000067550 0.000071520 0.000059560 0.000066090 0.000083520 0.000086730 0.000082290 0.000063960 0.000075420 0.000072560 0.000074490 0.000047410 0.000061450 0.000061280 0.000062270 0.000000000 0.000041960 0.000095470 0.000073420 0.000065570 0.000070500 0.000078020 0.000075390 0.000070470 0.000066070 0.000080900 0.000105150 0.000068940 0.000173690 
45     0.000100120 0.000100700 0.000168810 0.000097200 0.000116890 0.000084450 0.000086050 0.000059560 0.000095200 0.000077920 0.000097130 0.000096820 0.000090980 0.000092940 0.000095980 0.000097020 0.000098780 0.000077520 0.000086360 0.000081470 0.000075550 0.000079390 0.000075290 0.000079260 0.000067300 0.000073830 0.000091260 0.000094470 0.000090030 0.000071700 0.000083160 0.000080300 0.000082230 0.000055150 0.000069190 0.000069020 0.000070010 0.000041960 0.000000000 0.000103210 0.000081160 0.000073310 0.000078240 0.000085760 0.000083130 0.000078210 0.000073810 0.000088640 0.000112890 0.000076680 0.000181430 
10     0.000113450 0.000114030 0.000182140 0.000110530 0.000130220 0.000105360 0.000040800 0.000083190 0.000118610 0.000101330 0.000120540 0.000120230 0.000114390 0.000116350 0.000119390 0.000120430 0.000122190 0.000100930 0.000109930 0.000105040 0.000099120 0.000102960 0.000098860 0.000102670 0.000090710 0.000097240 0.000114670 0.000117880 0.000113440 0.000095110 0.000106570 0.000103870 0.000105800 0.000074750 0.000066080 0.000100470 0.000101460 0.000095470 0.000103210 0.000000000 0.000094490 0.000086640 0.000091570 0.000099090 0.000096460 0.000091540 0.000087140 0.000101970 0.000126220 0.000090010 0.000194760 
25     0.000086520 0.000087100 0.000155210 0.000083600 0.000103290 0.000083310 0.000084910 0.000061140 0.000096560 0.000079280 0.000098490 0.000098180 0.000092340 0.000094300 0.000097340 0.000098380 0.000100140 0.000078880 0.000087880 0.000082990 0.000077070 0.000080910 0.000076810 0.000080620 0.000068660 0.000075190 0.000092620 0.000095830 0.000091390 0.000073060 0.000084520 0.000081820 0.000083750 0.000056510 0.000070550 0.000078420 0.000079410 0.000073420 0.000081160 0.000094490 0.000000000 0.000021050 0.000025980 0.000037180 0.000034550 0.000029630 0.000025230 0.000050200 0.000066450 0.000030240 0.000167830 
43     0.000078670 0.000079250 0.000147360 0.000075750 0.000095440 0.000075460 0.000077060 0.000053290 0.000088710 0.000071430 0.000090640 0.000090330 0.000084490 0.000086450 0.000089490 0.000090530 0.000092290 0.000071030 0.000080030 0.000075140 0.000069220 0.000073060 0.000068960 0.000072770 0.000060810 0.000067340 0.000084770 0.000087980 0.000083540 0.000065210 0.000076670 0.000073970 0.000075900 0.000048660 0.000062700 0.000070570 0.000071560 0.000065570 0.000073310 0.000086640 0.000021050 0.000000000 0.000007290 0.000029330 0.000026700 0.000021780 0.000017380 0.000042350 0.000058600 0.000022390 0.000159980 
31     0.000083600 0.000084180 0.000152290 0.000080680 0.000100370 0.000080390 0.000081990 0.000058220 0.000093640 0.000076360 0.000095570 0.000095260 0.000089420 0.000091380 0.000094420 0.000095460 0.000097220 0.000075960 0.000084960 0.000080070 0.000074150 0.000077990 0.000073890 0.000077700 0.000065740 0.000072270 0.000089700 0.000092910 0.000088470 0.000070140 0.000081600 0.000078900 0.000080830 0.000053590 0.000067630 0.000075500 0.000076490 0.000070500 0.000078240 0.000091570 0.000025980 0.000007290 0.000000000 0.000034260 0.000031630 0.000026710 0.000022310 0.000047280 0.000063530 0.000027320 0.000164910 
8     0.000091120 0.000091700 0.000159810 0.000088200 0.000107890 0.000087910 0.000089510 0.000065740 0.000101160 0.000083880 0.000103090 0.000102780 0.000096940 0.000098900 0.000101940 0.000102980 0.000104740 0.000083480 0.000092480 0.000087590 0.000081670 0.000085510 0.000081410 0.000085220 0.000073260 0.000079790 0.000097220 0.000100430 0.000095990 0.000077660 0.000089120 0.000086420 0.000088350 0.000061110 0.000075150 0.000083020 0.000084010 0.000078020 0.000085760 0.000099090 0.000037180 0.000029330 0.000034260 0.000000000 0.000017870 0.000029710 0.000022050 0.000054800 0.000071050 0.000034840 0.000172430 
47     0.000088490 0.000089070 0.000157180 0.000085570 0.000105260 0.000085280 0.000086880 0.000063110 0.000098530 0.000081250 0.000100460 0.000100150 0.000094310 0.000096270 0.000099310 0.000100350 0.000102110 0.000080850 0.000089850 0.000084960 0.000079040 0.000082880 0.000078780 0.000082590 0.000070630 0.000077160 0.000094590 0.000097800 0.000093360 0.000075030 0.000086490 0.000083790 0.000085720 0.000058480 0.000072520 0.000080390 0.000081380 0.000075390 0.000083130 0.000096460 0.000034550 0.000026700 0.000031630 0.000017870 0.000000000 0.000027080 0.000019420 0.000052170 0.000068420 0.000032210 0.000169800 
42     0.000083570 0.000084150 0.000152260 0.000080650 0.000100340 0.000080360 0.000081960 0.000058190 0.000093610 0.000076330 0.000095540 0.000095230 0.000089390 0.000091350 0.000094390 0.000095430 0.000097190 0.000075930 0.000084930 0.000080040 0.000074120 0.000077960 0.000073860 0.000077670 0.000065710 0.000072240 0.000089670 0.000092880 0.000088440 0.000070110 0.000081570 0.000078870 0.000080800 0.000053560 0.000067600 0.000075470 0.000076460 0.000070470 0.000078210 0.000091540 0.000029630 0.000021780 0.000026710 0.000029710 0.000027080 0.000000000 0.000017760 0.000047250 0.000063500 0.000027290 0.000164880 
27     0.000079170 0.000079750 0.000147860 0.000076250 0.000095940 0.000075960 0.000077560 0.000053790 0.000089210 0.000071930 0.000091140 0.000090830 0.000084990 0.000086950 0.000089990 0.000091030 0.000092790 0.000071530 0.000080530 0.000075640 0.000069720 0.000073560 0.000069460 0.000073270 0.000061310 0.000067840 0.000085270 0.000088480 0.000084040 0.000065710 0.000077170 0.000074470 0.000076400 0.000049160 0.000063200 0.000071070 0.000072060 0.000066070 0.000073810 0.000087140 0.000025230 0.000017380 0.000022310 0.000022050 0.000019420 0.000017760 0.000000000 0.000042850 0.000059100 0.000022890 0.000160480 
19     0.000094000 0.000094580 0.000162690 0.000091080 0.000110770 0.000090790 0.000092390 0.000068620 0.000104040 0.000086760 0.000105970 0.000105660 0.000099820 0.000101780 0.000104820 0.000105860 0.000107620 0.000086360 0.000095360 0.000090470 0.000084550 0.000088390 0.000084290 0.000088100 0.000076140 0.000082670 0.000100100 0.000103310 0.000098870 0.000080540 0.000092000 0.000089300 0.000091230 0.000063990 0.000078030 0.000085900 0.000086890 0.000080900 0.000088640 0.000101970 0.000050200 0.000042350 0.000047280 0.000054800 0.000052170 0.000047250 0.000042850 0.000000000 0.000081930 0.000045720 0.000175310 
11     0.000118250 0.000118830 0.000186940 0.000115330 0.000135020 0.000115040 0.000116640 0.000092870 0.000128290 0.000111010 0.000130220 0.000129910 0.000124070 0.000126030 0.000129070 0.000130110 0.000131870 0.000110610 0.000119610 0.000114720 0.000108800 0.000112640 0.000108540 0.000112350 0.000100390 0.000106920 0.000124350 0.000127560 0.000123120 0.000104790 0.000116250 0.000113550 0.000115480 0.000088240 0.000102280 0.000110150 0.000111140 0.000105150 0.000112890 0.000126220 0.000066450 0.000058600 0.000063530 0.000071050 0.000068420 0.000063500 0.000059100 0.000081930 0.000000000 0.000050690 0.000199560 
46     0.000082040 0.000082620 0.000150730 0.000079120 0.000098810 0.000078830 0.000080430 0.000056660 0.000092080 0.000074800 0.000094010 0.000093700 0.000087860 0.000089820 0.000092860 0.000093900 0.000095660 0.000074400 0.000083400 0.000078510 0.000072590 0.000076430 0.000072330 0.000076140 0.000064180 0.000070710 0.000088140 0.000091350 0.000086910 0.000068580 0.000080040 0.000077340 0.000079270 0.000052030 0.000066070 0.000073940 0.000074930 0.000068940 0.000076680 0.000090010 0.000030240 0.000022390 0.000027320 0.000034840 0.000032210 0.000027290 0.000022890 0.000045720 0.000050690 0.000000000 0.000163350 
0     0.000181690 0.000182270 0.000250380 0.000178770 0.000198460 0.000183580 0.000185180 0.000161410 0.000196830 0.000179550 0.000198760 0.000198450 0.000192610 0.000194570 0.000197610 0.000198650 0.000200410 0.000179150 0.000188150 0.000183260 0.000177340 0.000181180 0.000177080 0.000180890 0.000168930 0.000175460 0.000192890 0.000196100 0.000191660 0.000173330 0.000184790 0.000182090 0.000184020 0.000156780 0.000170820 0.000178690 0.000179680 0.000173690 0.000181430 0.000194760 0.000167830 0.000159980 0.000164910 0.000172430 0.000169800 0.000164880 0.000160480 0.000175310 0.000199560 0.000163350 0.000000000 
