51
1     0.000000000 0.187888897 0.281150545 0.265546165 0.311965168 0.453556352 0.403770594 0.318001061 0.397272961 0.395984914 0.404569814 0.458084163 0.402163053 0.400626897 0.433783371 0.445194778 0.408351307 0.448260923 0.402503951 0.384908409 0.370906929 0.362943174 0.400645656 0.375403625 0.355141697 0.384212677 0.388667097 0.388327261 0.382214766 0.392198827 0.387097630 0.445620300 0.447568138 0.395912853 0.370829839 0.345294933 0.377532671 0.425405068 0.374881215 0.409983767 0.447623471 0.442271760 0.441769880 0.474878195 0.468162035 0.461511112 0.463712589 0.458904829 0.497057175 0.452155611 0.997389899 
5     0.187888897 0.000000000 0.261684564 0.245675754 0.340327739 0.482713336 0.432927578 0.347158045 0.426429945 0.425141898 0.433726798 0.487241147 0.431320036 0.429783881 0.462940354 0.474351761 0.437508291 0.477417907 0.431660934 0.414065393 0.400063913 0.392100158 0.429802639 0.404560608 0.384298681 0.413369661 0.417824081 0.417484245 0.411371750 0.421355811 0.416254614 0.474777283 0.476725122 0.425069836 0.399986823 0.374451916 0.406689654 0.454562052 0.404038198 0.438893752 0.476533456 0.471181745 0.470679865 0.503788180 0.497072020 0.490421097 0.492622574 0.487814814 0.525967160 0.481065596 1.026447967 
3     0.281150545 0.261684564 0.000000000 0.212082039 0.433786391 0.576179402 0.526393644 0.440624111 0.519896011 0.518607964 0.527192864 0.580707213 0.524786102 0.523249947 0.556406420 0.567817827 0.530974357 0.570883973 0.525127000 0.507531459 0.493529979 0.485566224 0.523268705 0.498026674 0.477764747 0.506835727 0.511290147 0.510950311 0.504837816 0.514821877 0.509720680 0.568243349 0.570191188 0.518535902 0.493452889 0.467917982 0.500155720 0.548028118 0.497504264 0.532359818 0.569999522 0.564647811 0.564145931 0.597254246 0.590538086 0.583887163 0.586088640 0.581280880 0.619433226 0.574531662 1.119914033 
4     0.265546165 0.245675754 0.212082039 0.000000000 0.418560015 0.560955233 0.511169475 0.425399942 0.504671842 0.503383795 0.511968695 0.565483044 0.509561934 0.508025778 0.541182252 0.552593659 0.515750188 0.555659804 0.509902832 0.492307290 0.478305810 0.470342055 0.508044537 0.482802506 0.462540578 0.491611558 0.496065978 0.495726142 0.489613647 0.499597708 0.494496511 0.553019181 0.554967019 0.503311734 0.478228720 0.452693813 0.484931551 0.532803949 0.482280096 0.517135650 0.554775353 0.549423642 0.548921763 0.582030077 0.575313918 0.568662994 0.570864471 0.566056711 0.604209057 0.559307494 1.104689865 
2     0.311965168 0.340327739 0.433786391 0.418560015 0.000000000 0.478469690 0.428683931 0.342989303 0.422249761 0.420961715 0.429546615 0.483060963 0.427139853 0.425603697 0.458760171 0.470171578 0.433328107 0.473237723 0.427480751 0.409885209 0.395883729 0.387919974 0.425622456 0.400380425 0.380118497 0.409189477 0.413643898 0.413304061 0.407191566 0.417175628 0.412074430 0.470597100 0.472524480 0.420940895 0.395851765 0.370278779 0.402516517 0.450389499 0.399865645 0.434680131 0.472360666 0.467008955 0.466507075 0.499615516 0.492899356 0.486248433 0.488449783 0.483642149 0.521796741 0.476895177 1.022347982 
20     0.453556352 0.482713336 0.576179402 0.560955233 0.478469690 0.000000000 0.159895993 0.325276830 0.422805609 0.421522499 0.430023788 0.483521341 0.427639561 0.426103406 0.459318726 0.470789319 0.433938834 0.473939684 0.428754468 0.411134088 0.397132982 0.389107198 0.426694613 0.401224075 0.380887069 0.409935911 0.414426521 0.414086684 0.408089691 0.418040651 0.413075707 0.471406377 0.473467565 0.425123801 0.400320845 0.375419872 0.406769460 0.455003702 0.404690703 0.475147584 0.512662559 0.507310848 0.506808968 0.539868583 0.533152424 0.526501501 0.528747012 0.523877188 0.562051779 0.517192173 1.088896985 
14     0.403770594 0.432927578 0.526393644 0.511169475 0.428683931 0.159895993 0.000000000 0.275614280 0.373072496 0.371789386 0.380290675 0.433788228 0.377906448 0.376370293 0.409585612 0.421056206 0.384205720 0.424206570 0.378953659 0.361333279 0.347332173 0.339306390 0.376893805 0.351423267 0.331086261 0.360135103 0.364625712 0.364285876 0.358288882 0.368239842 0.363274899 0.421605764 0.423666952 0.375358211 0.350452254 0.325623780 0.356973368 0.405207610 0.354894611 0.425366527 0.462880368 0.457528657 0.457026777 0.490086392 0.483370232 0.476719309 0.478964821 0.474094996 0.512269587 0.467409982 1.039112536 
6     0.318001061 0.347158045 0.440624111 0.425399942 0.342989303 0.325276830 0.275614280 0.000000000 0.286904994 0.285621885 0.294126444 0.347630936 0.291829265 0.290293109 0.323574334 0.334960118 0.298114863 0.338079746 0.291749334 0.274136295 0.260135189 0.252113563 0.289696821 0.264422204 0.244066070 0.273134613 0.277547457 0.277207621 0.271185205 0.281213931 0.276183691 0.334913429 0.336979362 0.291269567 0.265867146 0.240720326 0.272040501 0.320007011 0.269751344 0.339202760 0.376979483 0.371627772 0.371125892 0.404185507 0.397469348 0.390818424 0.393063936 0.388194112 0.426368702 0.381509097 0.953377384 
12     0.397272961 0.426429945 0.519896011 0.504671842 0.422249761 0.422805609 0.373072496 0.286904994 0.000000000 0.033547197 0.064207199 0.169311816 0.132924485 0.131442483 0.160459322 0.172978605 0.227168038 0.267922483 0.364003498 0.346296062 0.332351002 0.324334968 0.362277360 0.336952536 0.316578105 0.345667576 0.350132847 0.349793010 0.343804234 0.353746778 0.348373032 0.406682616 0.408833743 0.367101530 0.342359194 0.318930330 0.351510245 0.398642339 0.348076678 0.418657520 0.456081893 0.450730182 0.450228302 0.483287917 0.476571758 0.469920834 0.472166346 0.467307782 0.505466490 0.460606885 1.032329225 
32     0.395984914 0.425141898 0.518607964 0.503383795 0.420961715 0.421522499 0.371789386 0.285621885 0.033547197 0.000000000 0.064259395 0.166335763 0.131120671 0.129427041 0.159969522 0.172523450 0.226316374 0.267153516 0.362709301 0.345001865 0.331056805 0.323040770 0.360983163 0.335658338 0.315283908 0.344373379 0.348838649 0.348498813 0.342510037 0.352452581 0.347078834 0.405388419 0.407539545 0.365818289 0.341075953 0.317647220 0.350227003 0.397359097 0.346793436 0.417369473 0.454793846 0.449442135 0.448940255 0.481999870 0.475283711 0.468632787 0.470878299 0.466019735 0.504178443 0.459318838 1.031041178 
16     0.404569814 0.433726798 0.527192864 0.511968695 0.429546615 0.430023788 0.380290675 0.294126444 0.064207199 0.064259395 0.000000000 0.176316673 0.138754641 0.137231318 0.165847136 0.178500945 0.233497185 0.274536051 0.371183481 0.353476045 0.339530986 0.331514951 0.369457344 0.344132519 0.323758089 0.352847559 0.357312830 0.356972993 0.350984217 0.360926762 0.355553015 0.413862599 0.416013726 0.374454708 0.349712372 0.326280571 0.358859938 0.405992448 0.355426787 0.425946432 0.463407203 0.458055492 0.457553612 0.490613227 0.483897068 0.477246144 0.479491656 0.474633092 0.512791800 0.467932195 1.039626078 
49     0.458084163 0.487241147 0.580707213 0.565483044 0.483060963 0.483521341 0.433788228 0.347630936 0.169311816 0.166335763 0.176316673 0.000000000 0.195173253 0.194101946 0.226451182 0.237205125 0.288950127 0.329859295 0.424663064 0.406955628 0.393010569 0.384994534 0.422936927 0.397612102 0.377237672 0.406327143 0.410792413 0.410452576 0.404463801 0.414406345 0.409032598 0.467342182 0.469493309 0.427951930 0.403209594 0.379681348 0.412260715 0.459391235 0.408825574 0.479468722 0.516893094 0.511541384 0.511039504 0.544099119 0.537382959 0.530732036 0.532977547 0.528118984 0.566277692 0.521418086 1.093140426 
35     0.402163053 0.431320036 0.524786102 0.509561934 0.427139853 0.427639561 0.377906448 0.291829265 0.132924485 0.131120671 0.138754641 0.195173253 0.000000000 0.037388114 0.165535982 0.177476430 0.227993982 0.268714642 0.368575357 0.350867921 0.336922861 0.328906827 0.366849219 0.341524395 0.321149964 0.350239435 0.354704706 0.354364869 0.348376093 0.358318637 0.352944890 0.411254475 0.413405602 0.372089193 0.347346857 0.323871268 0.356389512 0.403579974 0.353014312 0.423533610 0.461000441 0.455648730 0.455146850 0.488206465 0.481490306 0.474839383 0.477084894 0.472226330 0.510385039 0.465525433 1.037219316 
48     0.400626897 0.429783881 0.523249947 0.508025778 0.425603697 0.426103406 0.376370293 0.290293109 0.131442483 0.129427041 0.137231318 0.194101946 0.037388114 0.000000000 0.165000157 0.176946255 0.226329562 0.267015888 0.367039201 0.349331765 0.335386706 0.327370671 0.365313064 0.339988239 0.319613809 0.348703280 0.353168550 0.352828713 0.346839938 0.356782482 0.351408735 0.409718319 0.411869446 0.370553037 0.345810701 0.322335112 0.354853357 0.402043818 0.351478157 0.421997455 0.459464285 0.454112575 0.453610695 0.486670310 0.479954150 0.473303227 0.475548739 0.470690175 0.508848883 0.463989278 1.035683160 
21     0.433783371 0.462940354 0.556406420 0.541182252 0.458760171 0.459318726 0.409585612 0.323574334 0.160459322 0.159969522 0.165847136 0.226451182 0.165535982 0.165000157 0.000000000 0.116872328 0.261049327 0.301950249 0.400335940 0.382628504 0.368683444 0.360667410 0.398609802 0.373284978 0.352910548 0.382000018 0.386465289 0.386125452 0.380136676 0.390079220 0.384705474 0.443015058 0.445166185 0.403703116 0.378909896 0.355519628 0.388037872 0.435229515 0.384663853 0.455155495 0.492622326 0.487270615 0.486768735 0.519828350 0.513112191 0.506461268 0.508706779 0.503848215 0.542006924 0.497147318 1.068839634 
44     0.445194778 0.474351761 0.567817827 0.552593659 0.470171578 0.470789319 0.421056206 0.334960118 0.172978605 0.172523450 0.178500945 0.237205125 0.177476430 0.176946255 0.116872328 0.000000000 0.273103956 0.314005859 0.411823163 0.394115727 0.380170667 0.372154632 0.410097025 0.384772200 0.364397770 0.393487241 0.397952511 0.397612675 0.391623899 0.401566443 0.396192696 0.454502281 0.456653408 0.415066861 0.390273641 0.366981440 0.399499685 0.446691327 0.396125666 0.466572963 0.504033733 0.498682022 0.498180143 0.531239757 0.524523598 0.517872675 0.520118186 0.515259622 0.553418331 0.508558725 1.080251041 
38     0.408351307 0.437508291 0.530974357 0.515750188 0.433328107 0.433938834 0.384205720 0.298114863 0.227168038 0.226316374 0.233497185 0.288950127 0.227993982 0.226329562 0.261049327 0.273103956 0.000000000 0.176137155 0.375236389 0.357528953 0.343583893 0.335567859 0.373510251 0.348185427 0.327810996 0.356900467 0.361365738 0.361025901 0.355037125 0.364979669 0.359605922 0.417915507 0.420066634 0.378081802 0.353291382 0.330111127 0.362622972 0.409823873 0.359251562 0.429694957 0.467160744 0.461809033 0.461307153 0.494366768 0.487650609 0.480999686 0.483245197 0.478386633 0.516545342 0.471685736 1.043407570 
17     0.448260923 0.477417907 0.570883973 0.555659804 0.473237723 0.473939684 0.424206570 0.338079746 0.267922483 0.267153516 0.274536051 0.329859295 0.268714642 0.267015888 0.301950249 0.314005859 0.176137155 0.000000000 0.415263945 0.397556509 0.383611450 0.375595415 0.413537808 0.388212983 0.367838553 0.396928024 0.401393294 0.401053457 0.395064682 0.405007226 0.399633479 0.457943063 0.460094190 0.418073825 0.393283406 0.370016479 0.402528323 0.449725387 0.399153077 0.469604573 0.507070360 0.501718650 0.501216770 0.534276385 0.527560225 0.520909302 0.523154813 0.518296250 0.556454958 0.511595352 1.083317186 
34     0.402503951 0.431660934 0.525127000 0.509902832 0.427480751 0.428754468 0.378953659 0.291749334 0.364003498 0.362709301 0.371183481 0.424663064 0.368575357 0.367039201 0.400335940 0.411823163 0.375236389 0.415263945 0.000000000 0.164931582 0.151181484 0.144077246 0.180783500 0.207246404 0.186461441 0.216200727 0.219664703 0.219600103 0.214959437 0.225749764 0.215286622 0.300440479 0.303208788 0.375795110 0.350573564 0.324965572 0.357377792 0.405402533 0.354858116 0.424508992 0.461855722 0.456504011 0.456002131 0.489059341 0.482343181 0.475692258 0.477939537 0.473067460 0.511243389 0.466383784 1.037710045 
40     0.384908409 0.414065393 0.507531459 0.492307290 0.409885209 0.411134088 0.361333279 0.274136295 0.346296062 0.345001865 0.353476045 0.406955628 0.350867921 0.349331765 0.382628504 0.394115727 0.357528953 0.397556509 0.164931582 0.000000000 0.105637809 0.113993042 0.153642150 0.190356214 0.169754489 0.199510137 0.202977477 0.202911127 0.198627859 0.209270574 0.198524840 0.283093701 0.285924077 0.358151892 0.332989965 0.307361613 0.339773833 0.387798574 0.337254156 0.406913450 0.444260180 0.438908470 0.438406590 0.471463799 0.464747639 0.458096716 0.460343995 0.455471919 0.493647847 0.448788242 1.020114503 
9     0.370906929 0.400063913 0.493529979 0.478305810 0.395883729 0.397132982 0.347332173 0.260135189 0.332351002 0.331056805 0.339530986 0.393010569 0.336922861 0.335386706 0.368683444 0.380170667 0.343583893 0.383611450 0.151181484 0.105637809 0.000000000 0.099344732 0.140787621 0.175281150 0.154538492 0.184305117 0.187775494 0.187707863 0.184088165 0.194431508 0.184815954 0.268581409 0.271877629 0.344150412 0.318988485 0.293362230 0.325774450 0.373799191 0.323254773 0.392911971 0.430258700 0.424906990 0.424405110 0.457462319 0.450746160 0.444095236 0.446342515 0.441470439 0.479646368 0.434786762 1.006113023 
23     0.362943174 0.392100158 0.485566224 0.470342055 0.387919974 0.389107198 0.339306390 0.252113563 0.324334968 0.323040770 0.331514951 0.384994534 0.328906827 0.327370671 0.360667410 0.372154632 0.335567859 0.375595415 0.144077246 0.113993042 0.099344732 0.000000000 0.132801862 0.168046533 0.147210831 0.176998829 0.180476898 0.180401161 0.176812583 0.187751210 0.176281821 0.260488835 0.263328137 0.336215924 0.311053997 0.285432024 0.317844244 0.365869084 0.315324667 0.384949440 0.422296169 0.416944459 0.416442579 0.449499788 0.442783629 0.436132705 0.438379984 0.433507908 0.471683837 0.426824231 0.998145824 
29     0.400645656 0.429802639 0.523268705 0.508044537 0.425622456 0.426694613 0.376893805 0.289696821 0.362277360 0.360983163 0.369457344 0.422936927 0.366849219 0.365313064 0.398609802 0.410097025 0.373510251 0.413537808 0.180783500 0.153642150 0.140787621 0.132801862 0.000000000 0.204943751 0.184272926 0.214067538 0.217544860 0.217478511 0.212838399 0.223506253 0.214262678 0.298226510 0.301053091 0.373729086 0.348567159 0.323323319 0.355358197 0.403382463 0.352838046 0.422523106 0.459869836 0.454518125 0.454016245 0.487073455 0.480357295 0.473706372 0.475953651 0.471081575 0.509257503 0.464397898 1.035882408 
15     0.375403625 0.404560608 0.498026674 0.482802506 0.400380425 0.401224075 0.351423267 0.264422204 0.336952536 0.335658338 0.344132519 0.397612102 0.341524395 0.339988239 0.373284978 0.384772200 0.348185427 0.388212983 0.207246404 0.190356214 0.175281150 0.168046533 0.204943751 0.000000000 0.091292794 0.121149569 0.125498215 0.124852462 0.139086813 0.149334239 0.187351807 0.275018572 0.278550193 0.348256495 0.323033279 0.298048390 0.330118844 0.377974469 0.327599075 0.397253152 0.434629031 0.429277320 0.428775440 0.461832650 0.455116490 0.448465567 0.450712846 0.445840770 0.484016698 0.439157093 1.010640377 
22     0.355141697 0.384298681 0.477764747 0.462540578 0.380118497 0.380887069 0.331086261 0.244066070 0.316578105 0.315283908 0.323758089 0.377237672 0.321149964 0.319613809 0.352910548 0.364397770 0.327810996 0.367838553 0.186461441 0.169754489 0.154538492 0.147210831 0.184272926 0.091292794 0.000000000 0.100047697 0.104621329 0.103835406 0.120710573 0.130555511 0.166149328 0.254318418 0.257760782 0.328011882 0.302788666 0.277797379 0.309867834 0.357723558 0.307348164 0.376993798 0.414369677 0.409017966 0.408516086 0.441573296 0.434857136 0.428206213 0.430453492 0.425581416 0.463757344 0.418897739 0.990375005 
30     0.384212677 0.413369661 0.506835727 0.491611558 0.409189477 0.409935911 0.360135103 0.273134613 0.345667576 0.344373379 0.352847559 0.406327143 0.350239435 0.348703280 0.382000018 0.393487241 0.356900467 0.396928024 0.216200727 0.199510137 0.184305117 0.176998829 0.214067538 0.121149569 0.100047697 0.000000000 0.084933448 0.086665858 0.147356197 0.156924828 0.195903201 0.283481931 0.287013257 0.357075115 0.331851900 0.306867010 0.338937464 0.386793188 0.336417794 0.406063428 0.443439308 0.438087597 0.437585717 0.470642926 0.463926767 0.457275844 0.459523123 0.454651046 0.492826975 0.447967369 1.019445985 
37     0.388667097 0.417824081 0.511290147 0.496065978 0.413643898 0.414426521 0.364625712 0.277547457 0.350132847 0.348838649 0.357312830 0.410792413 0.354704706 0.353168550 0.386465289 0.397952511 0.361365738 0.401393294 0.219664703 0.202977477 0.187775494 0.180476898 0.217544860 0.125498215 0.104621329 0.084933448 0.000000000 0.061872908 0.151787671 0.162788702 0.201115428 0.288418772 0.291947763 0.361580673 0.336357458 0.311280048 0.343350502 0.391206226 0.340830832 0.410517849 0.447893728 0.442542017 0.442040137 0.475097347 0.468381187 0.461730264 0.463977543 0.459105467 0.497281395 0.452421790 1.023900406 
18     0.388327261 0.417484245 0.510950311 0.495726142 0.413304061 0.414086684 0.364285876 0.277207621 0.349793010 0.348498813 0.356972993 0.410452576 0.354364869 0.352828713 0.386125452 0.397612675 0.361025901 0.401053457 0.219600103 0.202911127 0.187707863 0.180401161 0.217478511 0.124852462 0.103835406 0.086665858 0.061872908 0.000000000 0.151448021 0.162336267 0.200934275 0.288067988 0.291599314 0.361240837 0.336017621 0.310940211 0.343010665 0.390866389 0.340490995 0.410178012 0.447553891 0.442202181 0.441700301 0.474757510 0.468041351 0.461390427 0.463637706 0.458765630 0.496941559 0.452081953 1.023560569 
28     0.382214766 0.411371750 0.504837816 0.489613647 0.407191566 0.408089691 0.358288882 0.271185205 0.343804234 0.342510037 0.350984217 0.404463801 0.348376093 0.346839938 0.380136676 0.391623899 0.355037125 0.395064682 0.214959437 0.198627859 0.184088165 0.176812583 0.212838399 0.139086813 0.120710573 0.147356197 0.151787671 0.151448021 0.000000000 0.109625333 0.195191139 0.282688247 0.286293022 0.355125338 0.329902123 0.304832216 0.336902671 0.384756337 0.334380943 0.404064293 0.441440172 0.436088461 0.435586582 0.468643791 0.461927631 0.455276708 0.457523987 0.452651911 0.490827839 0.445968234 1.017451518 
33     0.392198827 0.421355811 0.514821877 0.499597708 0.417175628 0.418040651 0.368239842 0.281213931 0.353746778 0.352452581 0.360926762 0.414406345 0.358318637 0.356782482 0.390079220 0.401566443 0.364979669 0.405007226 0.225749764 0.209270574 0.194431508 0.187751210 0.223506253 0.149334239 0.130555511 0.156924828 0.162788702 0.162336267 0.109625333 0.000000000 0.205467907 0.292415666 0.296022672 0.365055094 0.339831879 0.314847939 0.346918393 0.394772060 0.344396666 0.414048354 0.451424234 0.446072523 0.445570643 0.478627852 0.471911693 0.465260770 0.467508049 0.462635972 0.500811901 0.455952295 1.027435579 
13     0.387097630 0.416254614 0.509720680 0.494496511 0.412074430 0.413075707 0.363274899 0.276183691 0.348373032 0.347078834 0.355553015 0.409032598 0.352944890 0.351408735 0.384705474 0.396192696 0.359605922 0.399633479 0.215286622 0.198524840 0.184815954 0.176281821 0.214262678 0.187351807 0.166149328 0.195903201 0.201115428 0.200934275 0.195191139 0.205467907 0.000000000 0.283369027 0.285896385 0.360206977 0.334980470 0.309477860 0.342056194 0.389884982 0.339523755 0.409077321 0.446453201 0.441101490 0.440599610 0.473656819 0.466940660 0.460289737 0.462537016 0.457664939 0.495840868 0.450981262 1.022300280 
36     0.445620300 0.474777283 0.568243349 0.553019181 0.470597100 0.471406377 0.421605764 0.334913429 0.406682616 0.405388419 0.413862599 0.467342182 0.411254475 0.409718319 0.443015058 0.454502281 0.417915507 0.457943063 0.300440479 0.283093701 0.268581409 0.260488835 0.298226510 0.275018572 0.254318418 0.283481931 0.288418772 0.288067988 0.282688247 0.292415666 0.283369027 0.000000000 0.194356012 0.419023715 0.393856956 0.367970969 0.400425796 0.448278493 0.397734076 0.467704951 0.505051681 0.499699971 0.499198091 0.532255300 0.525539141 0.518888217 0.521135496 0.516263420 0.554436279 0.509576673 1.080822950 
24     0.447568138 0.476725122 0.570191188 0.554967019 0.472524480 0.473467565 0.423666952 0.336979362 0.408833743 0.407539545 0.416013726 0.469493309 0.413405602 0.411869446 0.445166185 0.456653408 0.420066634 0.460094190 0.303208788 0.285924077 0.271877629 0.263328137 0.301053091 0.278550193 0.257760782 0.287013257 0.291947763 0.291599314 0.286293022 0.296022672 0.285896385 0.194356012 0.000000000 0.421212112 0.395989209 0.370129764 0.402587950 0.450470390 0.399925973 0.469753204 0.507097418 0.501745708 0.501243828 0.534301037 0.527584878 0.520933954 0.523181233 0.518309157 0.556482016 0.511622411 1.082765158 
50     0.395912853 0.425069836 0.518535902 0.503311734 0.420940895 0.425123801 0.375358211 0.291269567 0.367101530 0.365818289 0.374454708 0.427951930 0.372089193 0.370553037 0.403703116 0.415066861 0.378081802 0.418073825 0.375795110 0.358151892 0.344150412 0.336215924 0.373729086 0.348256495 0.328011882 0.357075115 0.361580673 0.361240837 0.355125338 0.365055094 0.360206977 0.419023715 0.421212112 0.000000000 0.267920228 0.318648652 0.350425578 0.398042009 0.347460491 0.417471123 0.454810132 0.449458422 0.448956542 0.481974275 0.475258116 0.468607193 0.470852704 0.465993072 0.504155918 0.459296313 1.030843787 
39     0.370829839 0.399986823 0.493452889 0.478228720 0.395851765 0.400320845 0.350452254 0.265867146 0.342359194 0.341075953 0.349712372 0.403209594 0.347346857 0.345810701 0.378909896 0.390273641 0.353291382 0.393283406 0.350573564 0.332989965 0.318988485 0.311053997 0.348567159 0.323033279 0.302788666 0.331851900 0.336357458 0.336017621 0.329902123 0.339831879 0.334980470 0.393856956 0.395989209 0.267920228 0.000000000 0.293777405 0.325421052 0.372605489 0.322017021 0.392287759 0.429611680 0.424259969 0.423758089 0.456774056 0.450057896 0.443406973 0.445654252 0.440792853 0.478957466 0.434097861 1.005793595 
7     0.345294933 0.374451916 0.467917982 0.452693813 0.370278779 0.375419872 0.325623780 0.240720326 0.318930330 0.317647220 0.326280571 0.379681348 0.323871268 0.322335112 0.355519628 0.366981440 0.330111127 0.370016479 0.324965572 0.307361613 0.293362230 0.285432024 0.323323319 0.298048390 0.277797379 0.306867010 0.311280048 0.310940211 0.304832216 0.314847939 0.309477860 0.367970969 0.370129764 0.318648652 0.293777405 0.000000000 0.227371287 0.296926182 0.245960922 0.367567067 0.404864065 0.399512355 0.399010475 0.432070090 0.425353930 0.418703007 0.420948519 0.416089955 0.454248663 0.409389058 0.980358076 
26     0.377532671 0.406689654 0.500155720 0.484931551 0.402516517 0.406769460 0.356973368 0.272040501 0.351510245 0.350227003 0.358859938 0.412260715 0.356389512 0.354853357 0.388037872 0.399499685 0.362622972 0.402528323 0.357377792 0.339773833 0.325774450 0.317844244 0.355358197 0.330118844 0.309867834 0.338937464 0.343350502 0.343010665 0.336902671 0.346918393 0.342056194 0.400425796 0.402587950 0.350425578 0.325421052 0.227371287 0.000000000 0.328606263 0.277216607 0.399464340 0.436645735 0.431294025 0.430792145 0.463851760 0.457135600 0.450484677 0.452730188 0.447929730 0.486088439 0.441228833 1.012721452 
41     0.425405068 0.454562052 0.548028118 0.532803949 0.450389499 0.455003702 0.405207610 0.320007011 0.398642339 0.397359097 0.405992448 0.459391235 0.403579974 0.402043818 0.435229515 0.446691327 0.409823873 0.449725387 0.405402533 0.387798574 0.373799191 0.365869084 0.403382463 0.377974469 0.357723558 0.386793188 0.391206226 0.390866389 0.384756337 0.394772060 0.389884982 0.448278493 0.450470390 0.398042009 0.372605489 0.296926182 0.328606263 0.000000000 0.250697501 0.447339968 0.484567454 0.479215743 0.478713863 0.511773478 0.505057319 0.498406396 0.500651907 0.495851449 0.534010157 0.489150552 1.060650598 
45     0.374881215 0.404038198 0.497504264 0.482280096 0.399865645 0.404690703 0.354894611 0.269751344 0.348076678 0.346793436 0.355426787 0.408825574 0.353014312 0.351478157 0.384663853 0.396125666 0.359251562 0.399153077 0.354858116 0.337254156 0.323254773 0.315324667 0.352838046 0.327599075 0.307348164 0.336417794 0.340830832 0.340490995 0.334380943 0.344396666 0.339523755 0.397734076 0.399925973 0.347460491 0.322017021 0.245960922 0.277216607 0.250697501 0.000000000 0.396712048 0.433927602 0.428575891 0.428074011 0.461133626 0.454417466 0.447766543 0.450012055 0.445211597 0.483370305 0.438510700 1.010104387 
10     0.409983767 0.438893752 0.532359818 0.517135650 0.434680131 0.475147584 0.425366527 0.339202760 0.418657520 0.417369473 0.425946432 0.479468722 0.423533610 0.421997455 0.455155495 0.466572963 0.429694957 0.469604573 0.424508992 0.406913450 0.392911971 0.384949440 0.422523106 0.397253152 0.376993798 0.406063428 0.410517849 0.410178012 0.404064293 0.414048354 0.409077321 0.467704951 0.469753204 0.417471123 0.392287759 0.367567067 0.399464340 0.447339968 0.396712048 0.000000000 0.439261971 0.433897800 0.433395920 0.466323226 0.459607066 0.453006715 0.455270847 0.450158483 0.488368169 0.443582180 1.045210275 
25     0.447623471 0.476533456 0.569999522 0.554775353 0.472360666 0.512662559 0.462880368 0.376979483 0.456081893 0.454793846 0.463407203 0.516893094 0.461000441 0.459464285 0.492622326 0.504033733 0.467160744 0.507070360 0.461855722 0.444260180 0.430258700 0.422296169 0.459869836 0.434629031 0.414369677 0.443439308 0.447893728 0.447553891 0.441440172 0.451424234 0.446453201 0.505051681 0.507097418 0.454810132 0.429611680 0.404864065 0.436645735 0.484567454 0.433927602 0.439261971 0.000000000 0.129803354 0.129778483 0.213366607 0.206588908 0.198075257 0.199533345 0.226097968 0.285151431 0.239675156 1.082754942 
43     0.442271760 0.471181745 0.564647811 0.549423642 0.467008955 0.507310848 0.457528657 0.371627772 0.450730182 0.449442135 0.458055492 0.511541384 0.455648730 0.454112575 0.487270615 0.498682022 0.461809033 0.501718650 0.456504011 0.438908470 0.424906990 0.416944459 0.454518125 0.429277320 0.409017966 0.438087597 0.442542017 0.442202181 0.436088461 0.446072523 0.441101490 0.499699971 0.501745708 0.449458422 0.424259969 0.399512355 0.431294025 0.479215743 0.428575891 0.433897800 0.129803354 0.000000000 0.033810188 0.209676199 0.203349047 0.193704276 0.196513657 0.216981830 0.277441798 0.231653736 1.077403231 
31     0.441769880 0.470679865 0.564145931 0.548921763 0.466507075 0.506808968 0.457026777 0.371125892 0.450228302 0.448940255 0.457553612 0.511039504 0.455146850 0.453610695 0.486768735 0.498180143 0.461307153 0.501216770 0.456002131 0.438406590 0.424405110 0.416442579 0.454016245 0.428775440 0.408516086 0.437585717 0.442040137 0.441700301 0.435586582 0.445570643 0.440599610 0.499198091 0.501243828 0.448956542 0.423758089 0.399010475 0.430792145 0.478713863 0.428074011 0.433395920 0.129778483 0.033810188 0.000000000 0.209815327 0.203488176 0.193838011 0.196647061 0.216767147 0.276645887 0.230866064 1.076901351 
8     0.474878195 0.503788180 0.597254246 0.582030077 0.499615516 0.539868583 0.490086392 0.404185507 0.483287917 0.481999870 0.490613227 0.544099119 0.488206465 0.486670310 0.519828350 0.531239757 0.494366768 0.534276385 0.489059341 0.471463799 0.457462319 0.449499788 0.487073455 0.461832650 0.441573296 0.470642926 0.475097347 0.474757510 0.468643791 0.478627852 0.473656819 0.532255300 0.534301037 0.481974275 0.456774056 0.432070090 0.463851760 0.511773478 0.461133626 0.466323226 0.213366607 0.209676199 0.209815327 0.000000000 0.050814038 0.146924151 0.151808302 0.251762650 0.312373122 0.266442765 1.109993854 
47     0.468162035 0.497072020 0.590538086 0.575313918 0.492899356 0.533152424 0.483370232 0.397469348 0.476571758 0.475283711 0.483897068 0.537382959 0.481490306 0.479954150 0.513112191 0.524523598 0.487650609 0.527560225 0.482343181 0.464747639 0.450746160 0.442783629 0.480357295 0.455116490 0.434857136 0.463926767 0.468381187 0.468041351 0.461927631 0.471911693 0.466940660 0.525539141 0.527584878 0.475258116 0.450057896 0.425353930 0.457135600 0.505057319 0.454417466 0.459607066 0.206588908 0.203349047 0.203488176 0.050814038 0.000000000 0.140849398 0.145055371 0.245398367 0.305914503 0.260094316 1.103277695 
42     0.461511112 0.490421097 0.583887163 0.568662994 0.486248433 0.526501501 0.476719309 0.390818424 0.469920834 0.468632787 0.477246144 0.530732036 0.474839383 0.473303227 0.506461268 0.517872675 0.480999686 0.520909302 0.475692258 0.458096716 0.444095236 0.436132705 0.473706372 0.448465567 0.428206213 0.457275844 0.461730264 0.461390427 0.455276708 0.465260770 0.460289737 0.518888217 0.520933954 0.468607193 0.443406973 0.418703007 0.450484677 0.498406396 0.447766543 0.453006715 0.198075257 0.193704276 0.193838011 0.146924151 0.140849398 0.000000000 0.084079892 0.238667281 0.297344038 0.251358530 1.096626771 
27     0.463712589 0.492622574 0.586088640 0.570864471 0.488449783 0.528747012 0.478964821 0.393063936 0.472166346 0.470878299 0.479491656 0.532977547 0.477084894 0.475548739 0.508706779 0.520118186 0.483245197 0.523154813 0.477939537 0.460343995 0.446342515 0.438379984 0.475953651 0.450712846 0.430453492 0.459523123 0.463977543 0.463637706 0.457523987 0.467508049 0.462537016 0.521135496 0.523181233 0.470852704 0.445654252 0.420948519 0.452730188 0.500651907 0.450012055 0.455270847 0.199533345 0.196513657 0.196647061 0.151808302 0.145055371 0.084079892 0.000000000 0.239626951 0.300082823 0.253842893 1.098839543 
19     0.458904829 0.487814814 0.581280880 0.566056711 0.483642149 0.523877188 0.474094996 0.388194112 0.467307782 0.466019735 0.474633092 0.528118984 0.472226330 0.470690175 0.503848215 0.515259622 0.478386633 0.518296250 0.473067460 0.455471919 0.441470439 0.433507908 0.471081575 0.445840770 0.425581416 0.454651046 0.459105467 0.458765630 0.452651911 0.462635972 0.457664939 0.516263420 0.518309157 0.465993072 0.440792853 0.416089955 0.447929730 0.495851449 0.445211597 0.450158483 0.226097968 0.216981830 0.216767147 0.251762650 0.245398367 0.238667281 0.239626951 0.000000000 0.297701415 0.252194716 1.094032261 
11     0.497057175 0.525967160 0.619433226 0.604209057 0.521796741 0.562051779 0.512269587 0.426368702 0.505466490 0.504178443 0.512791800 0.566277692 0.510385039 0.508848883 0.542006924 0.553418331 0.516545342 0.556454958 0.511243389 0.493647847 0.479646368 0.471683837 0.509257503 0.484016698 0.463757344 0.492826975 0.497281395 0.496941559 0.490827839 0.500811901 0.495840868 0.554436279 0.556482016 0.504155918 0.478957466 0.454248663 0.486088439 0.534010157 0.483370305 0.488368169 0.285151431 0.277441798 0.276645887 0.312373122 0.305914503 0.297344038 0.300082823 0.297701415 0.000000000 0.165621583 1.132200828 
46     0.452155611 0.481065596 0.574531662 0.559307494 0.476895177 0.517192173 0.467409982 0.381509097 0.460606885 0.459318838 0.467932195 0.521418086 0.465525433 0.463989278 0.497147318 0.508558725 0.471685736 0.511595352 0.466383784 0.448788242 0.434786762 0.426824231 0.464397898 0.439157093 0.418897739 0.447967369 0.452421790 0.452081953 0.445968234 0.455952295 0.450981262 0.509576673 0.511622411 0.459296313 0.434097861 0.409389058 0.441228833 0.489150552 0.438510700 0.443582180 0.239675156 0.231653736 0.230866064 0.266442765 0.260094316 0.251358530 0.253842893 0.252194716 0.165621583 0.000000000 1.087299264 
0     0.997389899 1.026447967 1.119914033 1.104689865 1.022347982 1.088896985 1.039112536 0.953377384 1.032329225 1.031041178 1.039626078 1.093140426 1.037219316 1.035683160 1.068839634 1.080251041 1.043407570 1.083317186 1.037710045 1.020114503 1.006113023 0.998145824 1.035882408 1.010640377 0.990375005 1.019445985 1.023900406 1.023560569 1.017451518 1.027435579 1.022300280 1.080822950 1.082765158 1.030843787 1.005793595 0.980358076 1.012721452 1.060650598 1.010104387 1.045210275 1.082754942 1.077403231 1.076901351 1.109993854 1.103277695 1.096626771 1.098839543 1.094032261 1.132200828 1.087299264 0.000000000 
