51
2     0.000000000 0.000046920 0.000488310 0.000669180 0.001206190 0.001035330 0.001027870 0.001071250 0.000871370 0.000965810 0.000858580 0.001256400 0.000823240 0.000800370 0.000704290 0.001081440 0.000986740 0.000944850 0.000931560 0.000967400 0.001002300 0.001013800 0.000774050 0.000939240 0.000923980 0.000861460 0.000891270 0.000886020 0.000920450 0.000949660 0.000953130 0.001138760 0.001193880 0.001215900 0.001213380 0.001196570 0.001096470 0.001058810 0.001305710 0.000775290 0.000940500 0.000884720 0.001113350 0.000269970 0.001178510 0.001183820 0.001208570 0.000812700 0.000966480 0.000883500 0.001610170 
1     0.000046920 0.000000000 0.000400750 0.000581620 0.000975960 0.000805100 0.000940310 0.000841020 0.000783810 0.000774120 0.000771020 0.001168840 0.000735680 0.000712810 0.000616730 0.000993880 0.000899180 0.000857290 0.000844000 0.000879840 0.000772070 0.000783570 0.000686490 0.000851680 0.000836420 0.000773900 0.000803710 0.000798460 0.000832890 0.000862100 0.000865570 0.001051200 0.001106320 0.001128340 0.001125820 0.001109010 0.000866240 0.000971250 0.001075480 0.001141710 0.000382880 0.000797160 0.001021520 0.000972290 0.000990540 0.000953590 0.001034360 0.000725140 0.000817850 0.000653270 0.001522610 
4     0.000488310 0.000400750 0.000000000 0.000017860 0.001064040 0.000893180 0.001111240 0.000929100 0.000954740 0.000862200 0.000941950 0.000666640 0.000906610 0.000883740 0.000787660 0.001164810 0.000892270 0.001028220 0.000875390 0.000700880 0.000533330 0.000542990 0.000857420 0.001022610 0.001007350 0.000944830 0.000974640 0.000969390 0.001003820 0.001033030 0.001036500 0.001222130 0.001277250 0.001270420 0.001266010 0.001221860 0.000954320 0.001142180 0.001163560 0.001272470 0.001259260 0.000968090 0.001109600 0.001060370 0.000646700 0.001041670 0.001122440 0.000896070 0.000905930 0.000741350 0.001315040 
3     0.000669180 0.000581620 0.000017860 0.000000000 0.001197170 0.001026310 0.001156410 0.001062230 0.000999910 0.000995330 0.000987120 0.001384940 0.000951780 0.000928910 0.000832830 0.001209980 0.001115280 0.001073390 0.001060100 0.001095940 0.000993280 0.001004780 0.000902590 0.001067780 0.001052520 0.000990000 0.001019810 0.001014560 0.001048990 0.001078200 0.001081670 0.001267300 0.001322420 0.001344440 0.001341920 0.001325110 0.001087450 0.001187350 0.001296690 0.001357810 0.001317560 0.001013260 0.001241890 0.001193500 0.001211750 0.001174800 0.001255570 0.000941240 0.001039060 0.000874480 0.001738710 
38     0.001206190 0.000975960 0.001064040 0.001197170 0.000000000 0.000627130 0.000424620 0.000703040 0.000903090 0.000559410 0.000909400 0.001454550 0.001180180 0.001157310 0.001061230 0.001333070 0.001343680 0.001219230 0.001288500 0.001228100 0.000911290 0.000922790 0.001133390 0.001178390 0.001246960 0.001220800 0.001250610 0.001016140 0.001240150 0.001291310 0.001221840 0.001315010 0.001330290 0.001286340 0.001281930 0.001237780 0.000970240 0.001224920 0.001179480 0.001288390 0.001275180 0.001244060 0.001087960 0.001038730 0.001056980 0.001020030 0.001100800 0.000930280 0.000884290 0.000719710 0.001141990 
37     0.001035330 0.000805100 0.000893180 0.001026310 0.000627130 0.000000000 0.000509840 0.000546700 0.000705490 0.000479800 0.000692700 0.001147980 0.000714820 0.000691950 0.000595870 0.000973020 0.000878320 0.000836430 0.000823140 0.000858980 0.000740430 0.000751930 0.000530980 0.000833220 0.000817960 0.000755440 0.000785250 0.000780000 0.000814430 0.000843640 0.000755410 0.001032740 0.000887980 0.001115480 0.001111070 0.001066920 0.000799380 0.001032170 0.001008620 0.001117530 0.001083000 0.000778700 0.000917100 0.000867870 0.000886120 0.000849170 0.000929940 0.000706680 0.000713430 0.000548850 0.001805110 
16     0.001027870 0.000940310 0.001111240 0.001156410 0.000424620 0.000509840 0.000000000 0.000671480 0.000692760 0.000661930 0.000679970 0.001135250 0.000702090 0.000679220 0.000583140 0.000960290 0.000865590 0.000823700 0.000810410 0.000846250 0.000889460 0.000917740 0.000655300 0.000820490 0.000567590 0.000687610 0.000739900 0.000767270 0.000801700 0.000830910 0.000834380 0.001020010 0.001075130 0.001176530 0.001174010 0.001157200 0.001083720 0.001019440 0.001292960 0.001110520 0.001070270 0.000765970 0.000994600 0.001034910 0.001059760 0.001079430 0.001089820 0.000693950 0.000847730 0.000800830 0.001792380 
32     0.001071250 0.000841020 0.000929100 0.001062230 0.000703040 0.000546700 0.000671480 0.000000000 0.000161330 0.000369260 0.000538870 0.001319610 0.001028750 0.001005880 0.000909800 0.000824570 0.001192250 0.001084290 0.001137070 0.001093160 0.000776350 0.000787850 0.000981960 0.001043450 0.001112020 0.001069370 0.001099180 0.001072780 0.001105210 0.001156370 0.001086900 0.001180070 0.001195350 0.001151400 0.001146990 0.001102840 0.000835300 0.001089980 0.001044540 0.001153450 0.001140240 0.001092630 0.000953020 0.000903790 0.000922040 0.000885090 0.000965860 0.000795340 0.000749350 0.000584770 0.001989400 
7     0.000871370 0.000783810 0.000954740 0.000999910 0.000903090 0.000705490 0.000692760 0.000161330 0.000000000 0.000340680 0.000271430 0.000978750 0.000545590 0.000522720 0.000426640 0.000803790 0.000709090 0.000667200 0.000653910 0.000689750 0.000732960 0.000761240 0.000498800 0.000663990 0.000648730 0.000586210 0.000616020 0.000610770 0.000645200 0.000674410 0.000677880 0.000863510 0.000918630 0.001020030 0.001017510 0.001000700 0.000954180 0.000862940 0.001157550 0.000954020 0.000913770 0.000609470 0.000838100 0.000878410 0.000903260 0.000922930 0.000933320 0.000219750 0.000691230 0.000644330 0.001635880 
19     0.000965810 0.000774120 0.000862200 0.000995330 0.000559410 0.000479800 0.000661930 0.000369260 0.000340680 0.000000000 0.000365870 0.001073190 0.000640030 0.000617160 0.000521080 0.000898230 0.000803530 0.000761640 0.000748350 0.000784190 0.000709450 0.000720950 0.000593240 0.000758430 0.000743170 0.000680650 0.000710460 0.000685790 0.000739640 0.000768850 0.000772320 0.000957950 0.001013070 0.001084500 0.001080090 0.001035940 0.000768400 0.000957380 0.000977640 0.001048460 0.001008210 0.000703910 0.000886120 0.000523550 0.000855140 0.000818190 0.000898960 0.000631890 0.000682450 0.000517870 0.001730320 
47     0.000858580 0.000771020 0.000941950 0.000987120 0.000909400 0.000692700 0.000679970 0.000538870 0.000271430 0.000365870 0.000000000 0.000965960 0.000532800 0.000509930 0.000413850 0.000791000 0.000696300 0.000654410 0.000641120 0.000676960 0.000720170 0.000748450 0.000486010 0.000651200 0.000635940 0.000573420 0.000603230 0.000597980 0.000632410 0.000661620 0.000665090 0.000850720 0.000905840 0.001007240 0.001004720 0.000987910 0.000941390 0.000850150 0.001144760 0.000941230 0.000900980 0.000577700 0.000825310 0.000865620 0.000890470 0.000910140 0.000920530 0.000524660 0.000678440 0.000631540 0.001623090 
22     0.001256400 0.001168840 0.000666640 0.001384940 0.001454550 0.001147980 0.001135250 0.001319610 0.000978750 0.001073190 0.000965960 0.000000000 0.000920780 0.000897910 0.000801830 0.001002860 0.000229210 0.000866270 0.000212330 0.000037820 0.000984790 0.000994450 0.000883830 0.001049020 0.001033760 0.000971240 0.001001050 0.000995800 0.001030230 0.001059440 0.001062910 0.001248540 0.001303660 0.001405060 0.001402540 0.001385730 0.001339210 0.001247970 0.001542580 0.001257070 0.001234070 0.000994500 0.001223130 0.001263440 0.001098220 0.001307960 0.001318350 0.000922480 0.001076260 0.001029360 0.001315110 
50     0.000823240 0.000735680 0.000906610 0.000951780 0.001180180 0.000714820 0.000702090 0.001028750 0.000545590 0.000640030 0.000532800 0.000920780 0.000000000 0.000004240 0.000134530 0.000745820 0.000651120 0.000609230 0.000595940 0.000631780 0.000674990 0.000703270 0.000450670 0.000615860 0.000600600 0.000538080 0.000567890 0.000562640 0.000597070 0.000626280 0.000629750 0.000815380 0.000870500 0.000971900 0.000969380 0.000952570 0.000906050 0.000814810 0.001109420 0.000905890 0.000865640 0.000561340 0.000789970 0.000524710 0.000855130 0.000874800 0.000885190 0.000489320 0.000643100 0.000596200 0.001294280 
39     0.000800370 0.000712810 0.000883740 0.000928910 0.001157310 0.000691950 0.000679220 0.001005880 0.000522720 0.000617160 0.000509930 0.000897910 0.000004240 0.000000000 0.000069680 0.000722950 0.000628250 0.000586360 0.000573070 0.000608910 0.000652120 0.000680400 0.000427800 0.000592990 0.000577730 0.000515210 0.000545020 0.000539770 0.000574200 0.000603410 0.000606880 0.000792510 0.000847630 0.000949030 0.000946510 0.000929700 0.000883180 0.000791940 0.001086550 0.000883020 0.000842770 0.000538470 0.000767100 0.000807410 0.000832260 0.000851930 0.000862320 0.000466450 0.000620230 0.000573330 0.001138300 
18     0.000704290 0.000616730 0.000787660 0.000832830 0.001061230 0.000595870 0.000583140 0.000909800 0.000426640 0.000521080 0.000413850 0.000801830 0.000134530 0.000069680 0.000000000 0.000626870 0.000532170 0.000490280 0.000476990 0.000512830 0.000556040 0.000584320 0.000331720 0.000496910 0.000481650 0.000419130 0.000448940 0.000443690 0.000478120 0.000507330 0.000510800 0.000696430 0.000751550 0.000852950 0.000850430 0.000833620 0.000787100 0.000695860 0.000990470 0.000786940 0.000746690 0.000442390 0.000671020 0.000711330 0.000736180 0.000755850 0.000766240 0.000370370 0.000524150 0.000477250 0.001346970 
14     0.001081440 0.000993880 0.001164810 0.001209980 0.001333070 0.000973020 0.000960290 0.000824570 0.000803790 0.000898230 0.000791000 0.001002860 0.000745820 0.000722950 0.000626870 0.000000000 0.000157810 0.000430530 0.000417240 0.000453080 0.000905670 0.000933950 0.000708870 0.000874060 0.000858800 0.000796280 0.000826090 0.000820840 0.000855270 0.000884480 0.000887950 0.001073580 0.001128700 0.001230100 0.001227580 0.001210770 0.001164250 0.001073010 0.001367620 0.001164090 0.001123840 0.000819540 0.001048170 0.001088480 0.001113330 0.001133000 0.001143390 0.000747520 0.000901300 0.000854400 0.001627470 
20     0.000986740 0.000899180 0.000892270 0.001115280 0.001343680 0.000878320 0.000865590 0.001192250 0.000709090 0.000803530 0.000696300 0.000229210 0.000651120 0.000628250 0.000532170 0.000157810 0.000000000 0.000335830 0.000322540 0.000191550 0.000810970 0.000839250 0.000614170 0.000779360 0.000764100 0.000592420 0.000731390 0.000726140 0.000760570 0.000789780 0.000533320 0.000978880 0.001034000 0.001135400 0.001132880 0.001116070 0.001069550 0.000978310 0.001272920 0.001069390 0.001029140 0.000724840 0.000953470 0.000993780 0.001018630 0.001038300 0.001048690 0.000652820 0.000806600 0.000759700 0.001503990 
49     0.000944850 0.000857290 0.001028220 0.001073390 0.001219230 0.000836430 0.000823700 0.001084290 0.000667200 0.000761640 0.000654410 0.000866270 0.000609230 0.000586360 0.000490280 0.000430530 0.000335830 0.000000000 0.000046520 0.000091930 0.000769080 0.000309140 0.000572280 0.000737470 0.000722210 0.000659690 0.000689500 0.000684250 0.000718680 0.000747890 0.000751360 0.000936990 0.000992110 0.001093510 0.001090990 0.001074180 0.001027660 0.000936420 0.001231030 0.001027500 0.000987250 0.000682950 0.000911580 0.000951890 0.000976740 0.000996410 0.001006800 0.000610930 0.000764710 0.000717810 0.001597220 
12     0.000931560 0.000844000 0.000875390 0.001060100 0.001288500 0.000823140 0.000810410 0.001137070 0.000653910 0.000748350 0.000641120 0.000212330 0.000595940 0.000573070 0.000476990 0.000417240 0.000322540 0.000046520 0.000000000 0.000078640 0.000755790 0.000784070 0.000558990 0.000724180 0.000708920 0.000646400 0.000676210 0.000670960 0.000705390 0.000734600 0.000738070 0.000923700 0.000978820 0.001080220 0.001077700 0.001060890 0.001014370 0.000923130 0.001217740 0.001014210 0.000973960 0.000669660 0.000898290 0.000938600 0.000963450 0.000983120 0.000993510 0.000597640 0.000751420 0.000704520 0.001533360 
17     0.000967400 0.000879840 0.000700880 0.001095940 0.001228100 0.000858980 0.000846250 0.001093160 0.000689750 0.000784190 0.000676960 0.000037820 0.000631780 0.000608910 0.000512830 0.000453080 0.000191550 0.000091930 0.000078640 0.000000000 0.000791630 0.000819910 0.000594830 0.000760020 0.000744760 0.000682240 0.000712050 0.000706800 0.000741230 0.000770440 0.000773910 0.000959540 0.001014660 0.001116060 0.001113540 0.001096730 0.001050210 0.000958970 0.001253580 0.001050050 0.001009800 0.000705500 0.000934130 0.000974440 0.000999290 0.001018960 0.001029350 0.000633480 0.000787260 0.000740360 0.001464900 
35     0.001002300 0.000772070 0.000533330 0.000993280 0.000911290 0.000740430 0.000889460 0.000776350 0.000732960 0.000709450 0.000720170 0.000984790 0.000674990 0.000652120 0.000556040 0.000905670 0.000810970 0.000769080 0.000755790 0.000791630 0.000000000 0.000015230 0.000638040 0.000803230 0.000787970 0.000725450 0.000755260 0.000750010 0.000784440 0.000415190 0.000817120 0.001002750 0.001057870 0.001117670 0.001113260 0.001069110 0.000801570 0.001002180 0.001010810 0.001093260 0.001053010 0.000748710 0.000956850 0.000907620 0.000925870 0.000888920 0.000969690 0.000676690 0.000753180 0.000588600 0.001748950 
29     0.001013800 0.000783570 0.000542990 0.001004780 0.000922790 0.000751930 0.000917740 0.000787850 0.000761240 0.000720950 0.000748450 0.000994450 0.000703270 0.000680400 0.000584320 0.000933950 0.000839250 0.000309140 0.000784070 0.000819910 0.000015230 0.000000000 0.000666320 0.000831510 0.000816250 0.000753730 0.000783540 0.000778290 0.000812720 0.000841930 0.000845400 0.001031030 0.001086150 0.001129170 0.001124760 0.001080610 0.000813070 0.001030460 0.001022310 0.001121540 0.001081290 0.000776990 0.000968350 0.000919120 0.000937370 0.000900420 0.000981190 0.000704970 0.000764680 0.000600100 0.001683410 
43     0.000774050 0.000686490 0.000857420 0.000902590 0.001133390 0.000530980 0.000655300 0.000981960 0.000498800 0.000593240 0.000486010 0.000883830 0.000450670 0.000427800 0.000331720 0.000708870 0.000614170 0.000572280 0.000558990 0.000594830 0.000638040 0.000666320 0.000000000 0.000322190 0.000306930 0.000244410 0.000274220 0.000268970 0.000395360 0.000424570 0.000428040 0.000551990 0.000366440 0.000922710 0.000920190 0.000541110 0.000856860 0.000765620 0.001060230 0.000704180 0.000663930 0.000359630 0.000617740 0.000658050 0.000682900 0.000702570 0.000712960 0.000317090 0.000280200 0.000423970 0.001538560 
24     0.000939240 0.000851680 0.001022610 0.001067780 0.001178390 0.000833220 0.000820490 0.001043450 0.000663990 0.000758430 0.000651200 0.001049020 0.000615860 0.000592990 0.000496910 0.000874060 0.000779360 0.000737470 0.000724180 0.000760020 0.000803230 0.000831510 0.000322190 0.000000000 0.000205090 0.000148450 0.000238700 0.000165850 0.000560550 0.000589760 0.000593230 0.000778860 0.000803660 0.001019350 0.001014940 0.000970790 0.000703250 0.000930810 0.000912490 0.000869370 0.000829120 0.000524820 0.000782930 0.000823240 0.000848090 0.000867760 0.000878150 0.000482280 0.000636060 0.000589160 0.001703750 
27     0.000923980 0.000836420 0.001007350 0.001052520 0.001246960 0.000817960 0.000567590 0.001112020 0.000648730 0.000743170 0.000635940 0.001033760 0.000600600 0.000577730 0.000481650 0.000858800 0.000764100 0.000722210 0.000708920 0.000744760 0.000787970 0.000816250 0.000306930 0.000205090 0.000000000 0.000002520 0.000171810 0.000097780 0.000545290 0.000574500 0.000577970 0.000763600 0.000671730 0.000906780 0.001070120 0.001039360 0.000771820 0.000915550 0.000981060 0.000854110 0.000813860 0.000509560 0.000767670 0.000807980 0.000832830 0.000852500 0.000862890 0.000467020 0.000585490 0.000573900 0.001688490 
23     0.000861460 0.000773900 0.000944830 0.000990000 0.001220800 0.000755440 0.000687610 0.001069370 0.000586210 0.000680650 0.000573420 0.000971240 0.000538080 0.000515210 0.000419130 0.000796280 0.000592420 0.000659690 0.000646400 0.000682240 0.000725450 0.000753730 0.000244410 0.000148450 0.000002520 0.000000000 0.000078130 0.000020970 0.000482770 0.000511980 0.000515450 0.000701080 0.000707760 0.001010120 0.001007600 0.000990790 0.000761970 0.000853030 0.000971210 0.000791590 0.000751340 0.000447040 0.000705150 0.000745460 0.000770310 0.000789980 0.000800370 0.000404500 0.000558280 0.000511380 0.001480530 
41     0.000891270 0.000803710 0.000974640 0.001019810 0.001250610 0.000785250 0.000739900 0.001099180 0.000616020 0.000710460 0.000603230 0.001001050 0.000567890 0.000545020 0.000448940 0.000826090 0.000731390 0.000689500 0.000676210 0.000712050 0.000755260 0.000783540 0.000274220 0.000238700 0.000171810 0.000078130 0.000000000 0.000024620 0.000512580 0.000541790 0.000545260 0.000730890 0.000786010 0.001039930 0.001037410 0.001020600 0.000805430 0.000882840 0.001014670 0.000821400 0.000781150 0.000476850 0.000734960 0.000775270 0.000800120 0.000819790 0.000830180 0.000434310 0.000588090 0.000541190 0.001655780 
11     0.000886020 0.000798460 0.000969390 0.001014560 0.001016140 0.000780000 0.000767270 0.001072780 0.000610770 0.000685790 0.000597980 0.000995800 0.000562640 0.000539770 0.000443690 0.000820840 0.000726140 0.000684250 0.000670960 0.000706800 0.000750010 0.000778290 0.000268970 0.000165850 0.000097780 0.000020970 0.000024620 0.000000000 0.000507330 0.000536540 0.000540010 0.000725640 0.000728730 0.001034680 0.001032160 0.001000120 0.000732580 0.000877590 0.000941820 0.000816150 0.000775900 0.000471600 0.000729710 0.000770020 0.000794870 0.000814540 0.000824930 0.000429060 0.000582840 0.000535940 0.001650530 
9     0.000920450 0.000832890 0.001003820 0.001048990 0.001240150 0.000814430 0.000801700 0.001105210 0.000645200 0.000739640 0.000632410 0.001030230 0.000597070 0.000574200 0.000478120 0.000855270 0.000760570 0.000718680 0.000705390 0.000741230 0.000784440 0.000812720 0.000395360 0.000560550 0.000545290 0.000482770 0.000512580 0.000507330 0.000000000 0.000010500 0.000000000 0.000443390 0.000498510 0.001000490 0.000996080 0.000951930 0.000684390 0.000912020 0.000893630 0.000815340 0.000775090 0.000470790 0.000764140 0.000804450 0.000829300 0.000848970 0.000859360 0.000463490 0.000617270 0.000570370 0.001684960 
40     0.000949660 0.000862100 0.001033030 0.001078200 0.001291310 0.000843640 0.000830910 0.001156370 0.000674410 0.000768850 0.000661620 0.001059440 0.000626280 0.000603410 0.000507330 0.000884480 0.000789780 0.000747890 0.000734600 0.000770440 0.000415190 0.000841930 0.000424570 0.000589760 0.000574500 0.000511980 0.000541790 0.000536540 0.000010500 0.000000000 0.000010500 0.000472600 0.000139220 0.001051650 0.001047240 0.001003090 0.000735550 0.000941230 0.000944790 0.000844550 0.000804300 0.000500000 0.000793350 0.000833660 0.000858510 0.000878180 0.000888570 0.000492700 0.000646480 0.000599580 0.001714170 
21     0.000953130 0.000865570 0.001036500 0.001081670 0.001221840 0.000755410 0.000834380 0.001086900 0.000677880 0.000772320 0.000665090 0.001062910 0.000629750 0.000606880 0.000510800 0.000887950 0.000533320 0.000751360 0.000738070 0.000773910 0.000817120 0.000845400 0.000428040 0.000593230 0.000577970 0.000515450 0.000545260 0.000540010 0.000000000 0.000010500 0.000000000 0.000476070 0.000531190 0.000982180 0.000977770 0.000933620 0.000666080 0.000920760 0.000875320 0.000848020 0.000807770 0.000503470 0.000796820 0.000837130 0.000861980 0.000881650 0.000892040 0.000496170 0.000649950 0.000603050 0.001686970 
33     0.001138760 0.001051200 0.001222130 0.001267300 0.001315010 0.001032740 0.001020010 0.001180070 0.000863510 0.000957950 0.000850720 0.001248540 0.000815380 0.000792510 0.000696430 0.001073580 0.000978880 0.000936990 0.000923700 0.000959540 0.001002750 0.001031030 0.000551990 0.000778860 0.000763600 0.000701080 0.000730890 0.000725640 0.000443390 0.000472600 0.000476070 0.000000000 0.000014350 0.001075350 0.001070940 0.001026790 0.000759250 0.001013930 0.000968490 0.001033650 0.000993400 0.000689100 0.000982450 0.001022760 0.001047610 0.001067280 0.001077670 0.000681800 0.000822750 0.000788680 0.001692950 
31     0.001193880 0.001106320 0.001277250 0.001322420 0.001330290 0.000887980 0.001075130 0.001195350 0.000918630 0.001013070 0.000905840 0.001303660 0.000870500 0.000847630 0.000751550 0.001128700 0.001034000 0.000992110 0.000978820 0.001014660 0.001057870 0.001086150 0.000366440 0.000803660 0.000671730 0.000707760 0.000786010 0.000728730 0.000498510 0.000139220 0.000531190 0.000014350 0.000000000 0.001090630 0.001086220 0.001042070 0.000774530 0.001029210 0.000983770 0.001088770 0.001048520 0.000744220 0.001037570 0.001077880 0.001102730 0.000738500 0.000498820 0.000736920 0.000637200 0.000843800 0.001863840 
45     0.001215900 0.001128340 0.001270420 0.001344440 0.001286340 0.001115480 0.001176530 0.001151400 0.001020030 0.001084500 0.001007240 0.001405060 0.000971900 0.000949030 0.000852950 0.001230100 0.001135400 0.001093510 0.001080220 0.001116060 0.001117670 0.001129170 0.000922710 0.001019350 0.000906780 0.001010120 0.001039930 0.001034680 0.001000490 0.001051650 0.000982180 0.001075350 0.001090630 0.000000000 0.000006290 0.000108920 0.000438100 0.000434260 0.000388820 0.001112850 0.001099640 0.001033380 0.001262010 0.001282670 0.001300920 0.001263970 0.001344740 0.000961360 0.001115140 0.000963650 0.001902370 
30     0.001213380 0.001125820 0.001266010 0.001341920 0.001281930 0.001111070 0.001174010 0.001146990 0.001017510 0.001080090 0.001004720 0.001402540 0.000969380 0.000946510 0.000850430 0.001227580 0.001132880 0.001090990 0.001077700 0.001113540 0.001113260 0.001124760 0.000920190 0.001014940 0.001070120 0.001007600 0.001037410 0.001032160 0.000996080 0.001047240 0.000977770 0.001070940 0.001086220 0.000006290 0.000000000 0.000162630 0.000433690 0.000429850 0.000384410 0.001108440 0.001095230 0.001030860 0.001259490 0.000976620 0.001296510 0.001259560 0.001340330 0.000958840 0.001112620 0.000959240 0.001898810 
5     0.001196570 0.001109010 0.001221860 0.001325110 0.001237780 0.001066920 0.001157200 0.001102840 0.001000700 0.001035940 0.000987910 0.001385730 0.000952570 0.000929700 0.000833620 0.001210770 0.001116070 0.001074180 0.001060890 0.001096730 0.001069110 0.001080610 0.000541110 0.000970790 0.001039360 0.000990790 0.001020600 0.001000120 0.000951930 0.001003090 0.000933620 0.001026790 0.001042070 0.000108920 0.000162630 0.000000000 0.000389540 0.000385700 0.000340260 0.001064290 0.001051080 0.001014050 0.001242680 0.001234110 0.001252360 0.001215410 0.001296180 0.000942030 0.001079670 0.000915090 0.001961080 
8     0.001096470 0.000866240 0.000954320 0.001087450 0.000970240 0.000799380 0.001083720 0.000835300 0.000954180 0.000768400 0.000941390 0.001339210 0.000906050 0.000883180 0.000787100 0.001164250 0.001069550 0.001027660 0.001014370 0.001050210 0.000801570 0.000813070 0.000856860 0.000703250 0.000771820 0.000761970 0.000805430 0.000732580 0.000684390 0.000735550 0.000666080 0.000759250 0.000774530 0.000438100 0.000433690 0.000389540 0.000000000 0.000195230 0.000082480 0.000796750 0.000783540 0.000967530 0.001015800 0.000966570 0.000984820 0.000947870 0.001028640 0.000858120 0.000812130 0.000647550 0.001914560 
26     0.001058810 0.000971250 0.001142180 0.001187350 0.001224920 0.001032170 0.001019440 0.001089980 0.000862940 0.000957380 0.000850150 0.001247970 0.000814810 0.000791940 0.000695860 0.001073010 0.000978310 0.000936420 0.000923130 0.000958970 0.001002180 0.001030460 0.000765620 0.000930810 0.000915550 0.000853030 0.000882840 0.000877590 0.000912020 0.000941230 0.000920760 0.001013930 0.001029210 0.000434260 0.000429850 0.000385700 0.000195230 0.000000000 0.000064260 0.001051430 0.001038220 0.000876290 0.001104920 0.001145230 0.001170080 0.001189750 0.001200140 0.000804270 0.000958050 0.000902230 0.001823320 
44     0.001305710 0.001075480 0.001163560 0.001296690 0.001179480 0.001008620 0.001292960 0.001044540 0.001157550 0.000977640 0.001144760 0.001542580 0.001109420 0.001086550 0.000990470 0.001367620 0.001272920 0.001231030 0.001217740 0.001253580 0.001010810 0.001022310 0.001060230 0.000912490 0.000981060 0.000971210 0.001014670 0.000941820 0.000893630 0.000944790 0.000875320 0.000968490 0.000983770 0.000388820 0.000384410 0.000340260 0.000082480 0.000064260 0.000000000 0.001005990 0.000992780 0.001170900 0.001225040 0.001175810 0.001194060 0.001157110 0.001237880 0.001067360 0.001021370 0.000856790 0.002117930 
28     0.000775290 0.001141710 0.001272470 0.001357810 0.001288390 0.001117530 0.001110520 0.001153450 0.000954020 0.001048460 0.000941230 0.001257070 0.000905890 0.000883020 0.000786940 0.001164090 0.001069390 0.001027500 0.001014210 0.001050050 0.001093260 0.001121540 0.000704180 0.000869370 0.000854110 0.000791590 0.000821400 0.000816150 0.000815340 0.000844550 0.000848020 0.001033650 0.001088770 0.001112850 0.001108440 0.001064290 0.000796750 0.001051430 0.001005990 0.000000000 0.000008270 0.000328450 0.001072960 0.001113270 0.001138120 0.001157790 0.001168180 0.000772310 0.000926090 0.000879190 0.001286880 
46     0.000940500 0.000382880 0.001259260 0.001317560 0.001275180 0.001083000 0.001070270 0.001140240 0.000913770 0.001008210 0.000900980 0.001234070 0.000865640 0.000842770 0.000746690 0.001123840 0.001029140 0.000987250 0.000973960 0.001009800 0.001053010 0.001081290 0.000663930 0.000829120 0.000813860 0.000751340 0.000781150 0.000775900 0.000775090 0.000804300 0.000807770 0.000993400 0.001048520 0.001099640 0.001095230 0.001051080 0.000783540 0.001038220 0.000992780 0.000008270 0.000000000 0.000171740 0.001032710 0.001073020 0.001097870 0.001117540 0.001127930 0.000732060 0.000885840 0.000838940 0.001263880 
42     0.000884720 0.000797160 0.000968090 0.001013260 0.001244060 0.000778700 0.000765970 0.001092630 0.000609470 0.000703910 0.000577700 0.000994500 0.000561340 0.000538470 0.000442390 0.000819540 0.000724840 0.000682950 0.000669660 0.000705500 0.000748710 0.000776990 0.000359630 0.000524820 0.000509560 0.000447040 0.000476850 0.000471600 0.000470790 0.000500000 0.000503470 0.000689100 0.000744220 0.001033380 0.001030860 0.001014050 0.000967530 0.000876290 0.001170900 0.000328450 0.000171740 0.000000000 0.000728410 0.000768720 0.000793570 0.000813240 0.000823630 0.000427760 0.000581540 0.000534640 0.001626970 
34     0.001113350 0.001021520 0.001109600 0.001241890 0.001087960 0.000917100 0.000994600 0.000953020 0.000838100 0.000886120 0.000825310 0.001223130 0.000789970 0.000767100 0.000671020 0.001048170 0.000953470 0.000911580 0.000898290 0.000934130 0.000956850 0.000968350 0.000617740 0.000782930 0.000767670 0.000705150 0.000734960 0.000729710 0.000764140 0.000793350 0.000796820 0.000982450 0.001037570 0.001262010 0.001259490 0.001242680 0.001015800 0.001104920 0.001225040 0.001072960 0.001032710 0.000728410 0.000000000 0.000064370 0.000169960 0.000189630 0.000200020 0.000197750 0.000601170 0.000565890 0.001637990 
36     0.000269970 0.000972290 0.001060370 0.001193500 0.001038730 0.000867870 0.001034910 0.000903790 0.000878410 0.000523550 0.000865620 0.001263440 0.000524710 0.000807410 0.000711330 0.001088480 0.000993780 0.000951890 0.000938600 0.000974440 0.000907620 0.000919120 0.000658050 0.000823240 0.000807980 0.000745460 0.000775270 0.000770020 0.000804450 0.000833660 0.000837130 0.001022760 0.001077880 0.001282670 0.000976620 0.001234110 0.000966570 0.001145230 0.001175810 0.001113270 0.001073020 0.000768720 0.000064370 0.000000000 0.000000660 0.000268920 0.000367670 0.000133520 0.000625540 0.000596260 0.001546260 
15     0.001178510 0.000990540 0.000646700 0.001211750 0.001056980 0.000886120 0.001059760 0.000922040 0.000903260 0.000855140 0.000890470 0.001098220 0.000855130 0.000832260 0.000736180 0.001113330 0.001018630 0.000976740 0.000963450 0.000999290 0.000925870 0.000937370 0.000682900 0.000848090 0.000832830 0.000770310 0.000800120 0.000794870 0.000829300 0.000858510 0.000861980 0.001047610 0.001102730 0.001300920 0.001296510 0.001252360 0.000984820 0.001170080 0.001194060 0.001138120 0.001097870 0.000793570 0.000169960 0.000000660 0.000000000 0.000117420 0.000144410 0.000512550 0.000643790 0.000614510 0.001780270 
6     0.001183820 0.000953590 0.001041670 0.001174800 0.001020030 0.000849170 0.001079430 0.000885090 0.000922930 0.000818190 0.000910140 0.001307960 0.000874800 0.000851930 0.000755850 0.001133000 0.001038300 0.000996410 0.000983120 0.001018960 0.000888920 0.000900420 0.000702570 0.000867760 0.000852500 0.000789980 0.000819790 0.000814540 0.000848970 0.000878180 0.000881650 0.001067280 0.000738500 0.001263970 0.001259560 0.001215410 0.000947870 0.001189750 0.001157110 0.001157790 0.001117540 0.000813240 0.000189630 0.000268920 0.000117420 0.000000000 0.000023330 0.000532220 0.000606840 0.000577560 0.001775080 
13     0.001208570 0.001034360 0.001122440 0.001255570 0.001100800 0.000929940 0.001089820 0.000965860 0.000933320 0.000898960 0.000920530 0.001318350 0.000885190 0.000862320 0.000766240 0.001143390 0.001048690 0.001006800 0.000993510 0.001029350 0.000969690 0.000981190 0.000712960 0.000878150 0.000862890 0.000800370 0.000830180 0.000824930 0.000859360 0.000888570 0.000892040 0.001077670 0.000498820 0.001344740 0.001340330 0.001296180 0.001028640 0.001200140 0.001237880 0.001168180 0.001127930 0.000823630 0.000200020 0.000367670 0.000144410 0.000023330 0.000000000 0.000542610 0.000687610 0.000658330 0.001729180 
25     0.000812700 0.000725140 0.000896070 0.000941240 0.000930280 0.000706680 0.000693950 0.000795340 0.000219750 0.000631890 0.000524660 0.000922480 0.000489320 0.000466450 0.000370370 0.000747520 0.000652820 0.000610930 0.000597640 0.000633480 0.000676690 0.000704970 0.000317090 0.000482280 0.000467020 0.000404500 0.000434310 0.000429060 0.000463490 0.000492700 0.000496170 0.000681800 0.000736920 0.000961360 0.000958840 0.000942030 0.000858120 0.000804270 0.001067360 0.000772310 0.000732060 0.000427760 0.000197750 0.000133520 0.000512550 0.000532220 0.000542610 0.000000000 0.000000000 0.000265240 0.001577210 
10     0.000966480 0.000817850 0.000905930 0.001039060 0.000884290 0.000713430 0.000847730 0.000749350 0.000691230 0.000682450 0.000678440 0.001076260 0.000643100 0.000620230 0.000524150 0.000901300 0.000806600 0.000764710 0.000751420 0.000787260 0.000753180 0.000764680 0.000280200 0.000636060 0.000585490 0.000558280 0.000588090 0.000582840 0.000617270 0.000646480 0.000649950 0.000822750 0.000637200 0.001115140 0.001112620 0.001079670 0.000812130 0.000958050 0.001021370 0.000926090 0.000885840 0.000581540 0.000601170 0.000625540 0.000643790 0.000606840 0.000687610 0.000000000 0.000000000 0.000282610 0.001730990 
48     0.000883500 0.000653270 0.000741350 0.000874480 0.000719710 0.000548850 0.000800830 0.000584770 0.000644330 0.000517870 0.000631540 0.001029360 0.000596200 0.000573330 0.000477250 0.000854400 0.000759700 0.000717810 0.000704520 0.000740360 0.000588600 0.000600100 0.000423970 0.000589160 0.000573900 0.000511380 0.000541190 0.000535940 0.000570370 0.000599580 0.000603050 0.000788680 0.000843800 0.000963650 0.000959240 0.000915090 0.000647550 0.000902230 0.000856790 0.000879190 0.000838940 0.000534640 0.000565890 0.000596260 0.000614510 0.000577560 0.000658330 0.000265240 0.000282610 0.000000000 0.001055640 
0     0.001610170 0.001522610 0.001315040 0.001738710 0.001141990 0.001805110 0.001792380 0.001989400 0.001635880 0.001730320 0.001623090 0.001315110 0.001294280 0.001138300 0.001346970 0.001627470 0.001503990 0.001597220 0.001533360 0.001464900 0.001748950 0.001683410 0.001538560 0.001703750 0.001688490 0.001480530 0.001655780 0.001650530 0.001684960 0.001714170 0.001686970 0.001692950 0.001863840 0.001902370 0.001898810 0.001961080 0.001914560 0.001823320 0.002117930 0.001286880 0.001263880 0.001626970 0.001637990 0.001546260 0.001780270 0.001775080 0.001729180 0.001577210 0.001730990 0.001055640 0.000000000 
