51
2     0.000000000 0.032546979 0.029201642 0.049307785 0.075787645 0.065714835 0.076075845 0.066600504 0.065796018 0.063587882 0.068775661 0.073299205 0.075496626 0.074537867 0.076558078 0.073596323 0.074295627 0.071396236 0.072438651 0.071412368 0.064225083 0.063317529 0.068631406 0.071635024 0.071845662 0.070258895 0.072917572 0.070736708 0.069281739 0.068744281 0.067495177 0.067236439 0.069024628 0.076816901 0.076637945 0.075035754 0.075355642 0.073090403 0.075107399 0.072185288 0.070856279 0.071318733 0.064398923 0.061429800 0.067258002 0.066743825 0.066776936 0.064050585 0.064378824 0.052191041 0.119796278 
1     0.032546979 0.000000000 0.022597184 0.042633529 0.069809517 0.059361603 0.069716810 0.060206042 0.059387418 0.057189278 0.062377007 0.066849362 0.069037101 0.068078343 0.070099109 0.067044983 0.067728193 0.064825471 0.065867906 0.064839543 0.057659602 0.056752048 0.062171294 0.065100639 0.065389199 0.063750886 0.066409564 0.064228699 0.062638908 0.062101449 0.060852345 0.060593607 0.062363851 0.070248588 0.070069632 0.068453181 0.068777115 0.066511998 0.068528994 0.065686376 0.064316418 0.064779360 0.057815847 0.054925362 0.060671671 0.060157494 0.060190605 0.057443466 0.057756876 0.045564582 0.113326662 
4     0.029201642 0.022597184 0.000000000 0.037035706 0.064330663 0.053886597 0.064213963 0.054719045 0.053914946 0.051706675 0.056886409 0.061435133 0.063557655 0.062598896 0.064619663 0.061768917 0.062468315 0.059569355 0.060611771 0.059582250 0.052333711 0.051426157 0.056796578 0.059768377 0.059987903 0.058358884 0.061017561 0.058836697 0.057345795 0.056808337 0.055559233 0.055300495 0.057088684 0.064875480 0.064696524 0.063094333 0.063414099 0.061148983 0.063164740 0.060351017 0.058998083 0.059468563 0.052449160 0.049582559 0.055297813 0.054783636 0.054816747 0.052077230 0.052408056 0.040221994 0.107855406 
3     0.049307785 0.042633529 0.037035706 0.000000000 0.077396558 0.066946189 0.077290276 0.067785566 0.066918144 0.064707410 0.069889884 0.074494890 0.076594584 0.075635825 0.077642768 0.074769966 0.075441957 0.072582404 0.073624820 0.072606480 0.065385455 0.064477902 0.069776448 0.072721278 0.072962595 0.071323520 0.073959566 0.071801333 0.070349841 0.069812111 0.068552422 0.068224359 0.070012548 0.077748347 0.077569390 0.075950739 0.076305003 0.073989970 0.076022222 0.073192142 0.071861284 0.072330016 0.065373006 0.062520776 0.068236005 0.067714551 0.067747662 0.065042607 0.065394014 0.053232437 0.120930735 
38     0.075787645 0.069809517 0.064330663 0.077396558 0.000000000 0.057556564 0.067667694 0.058113264 0.057247702 0.054915414 0.060176961 0.074965067 0.077059501 0.076028684 0.078060362 0.075065130 0.075730164 0.072890537 0.073887907 0.072877236 0.066075633 0.065224752 0.070559518 0.073759115 0.073996029 0.072429380 0.075097414 0.072904363 0.071326061 0.070821015 0.069646524 0.069419118 0.071219433 0.078920647 0.078740600 0.077244677 0.077470528 0.075141521 0.077223373 0.074062546 0.072727257 0.073155654 0.066468570 0.063599179 0.069289753 0.068775576 0.068808687 0.065908544 0.066461702 0.054366795 0.123820324 
37     0.065714835 0.059361603 0.053886597 0.066946189 0.057556564 0.000000000 0.051328489 0.041903332 0.041246175 0.038857412 0.043987287 0.064590707 0.066728224 0.065732583 0.067811072 0.064716583 0.065412255 0.062557577 0.063527800 0.062500465 0.055737101 0.054900627 0.060414384 0.063348055 0.063576390 0.062012402 0.064680436 0.062487142 0.060827406 0.060274143 0.059110894 0.058898046 0.060705224 0.068389233 0.068209211 0.066700282 0.066940275 0.064649693 0.066693120 0.063680207 0.062343911 0.062754242 0.056067344 0.053191678 0.058888993 0.058374816 0.058407928 0.055418447 0.056056769 0.044025623 0.113517471 
16     0.076075845 0.069716810 0.064213963 0.077290276 0.067667694 0.051328489 0.000000000 0.047383586 0.046553615 0.044242583 0.049534743 0.074903404 0.076976089 0.075984002 0.077984974 0.075120860 0.075805635 0.072946978 0.073922356 0.072931712 0.066172013 0.065342807 0.070909833 0.073852717 0.074089167 0.072539191 0.075207226 0.073013896 0.071246361 0.070691580 0.069547392 0.069364424 0.071162857 0.078793100 0.078613053 0.077101072 0.077349633 0.075058070 0.077109189 0.074039484 0.072704194 0.073133684 0.066465596 0.063588988 0.069332710 0.068818533 0.068851644 0.065867449 0.066455000 0.054452981 0.124110055 
32     0.066600504 0.060206042 0.054719045 0.067785566 0.058113264 0.041903332 0.047383586 0.000000000 0.031405628 0.028949420 0.033977457 0.065461898 0.067588395 0.066592753 0.068670118 0.065529674 0.066244489 0.063385832 0.064313769 0.063348934 0.056584756 0.055738785 0.061005005 0.064057679 0.064301823 0.062753403 0.065421437 0.063227672 0.061454023 0.060900759 0.059697936 0.059569005 0.061376996 0.069058621 0.068878573 0.067385185 0.067605980 0.065259955 0.067365536 0.064347168 0.063011879 0.063474380 0.056785333 0.053909996 0.059608320 0.059094143 0.059127254 0.056077305 0.056663385 0.044472741 0.114497177 
7     0.065796018 0.059387418 0.053914946 0.066918144 0.057247702 0.041246175 0.046553615 0.031405628 0.000000000 0.018301545 0.025609095 0.064714942 0.066872138 0.065876496 0.067930132 0.064862429 0.065590665 0.062743470 0.063689207 0.062691125 0.055846555 0.055031033 0.060411168 0.063408451 0.063612568 0.062073862 0.064740399 0.062547999 0.060877634 0.060324370 0.059162809 0.058967170 0.060782734 0.068264735 0.068084429 0.066540750 0.066823970 0.064490105 0.066583526 0.063544403 0.062209114 0.062632116 0.056127010 0.053124956 0.058985335 0.058471158 0.058504269 0.055464660 0.056006585 0.043984132 0.113423188 
19     0.063587882 0.057189278 0.051706675 0.064707410 0.054915414 0.038857412 0.044242583 0.028949420 0.018301545 0.000000000 0.023077740 0.062444503 0.064600366 0.063604724 0.065679607 0.062523393 0.063254605 0.060405600 0.061349703 0.060362562 0.053569554 0.052754032 0.058113778 0.061110409 0.061315933 0.059764461 0.062427955 0.060248534 0.058650409 0.058097146 0.056935584 0.056732441 0.058555509 0.066231776 0.066051728 0.064503936 0.064768809 0.062455179 0.064528366 0.061477419 0.060142130 0.060548043 0.053867739 0.050990769 0.056726064 0.056211888 0.056244999 0.053207148 0.053754572 0.041739968 0.111492855 
47     0.068775661 0.062377007 0.056886409 0.069889884 0.060176961 0.043987287 0.049534743 0.033977457 0.025609095 0.023077740 0.000000000 0.067497383 0.069662666 0.068667024 0.070742424 0.067420973 0.068202834 0.065390001 0.066341579 0.065350783 0.058632597 0.057830937 0.063242458 0.066277880 0.066477008 0.064927153 0.067595188 0.065401403 0.063718547 0.063165284 0.062003722 0.061810046 0.063623647 0.071113270 0.070933222 0.069364132 0.069683678 0.067370048 0.069443234 0.066539470 0.065204181 0.065619030 0.058894365 0.056000206 0.061751690 0.061237513 0.061270624 0.058208258 0.058759622 0.046832807 0.116788899 
22     0.073299205 0.066849362 0.061435133 0.074494890 0.074965067 0.064590707 0.074903404 0.065461898 0.064714942 0.062444503 0.067497383 0.000000000 0.056841757 0.055845903 0.057957884 0.058342692 0.059086017 0.055976537 0.057073269 0.055992208 0.057128003 0.056283940 0.066884711 0.069922642 0.070171889 0.068450681 0.071141723 0.068953801 0.067454407 0.066879441 0.065630733 0.065403002 0.067184746 0.074876235 0.074694629 0.073203259 0.073395289 0.071155321 0.073223353 0.070197045 0.068845523 0.069528010 0.062116333 0.059436968 0.065187962 0.064673785 0.064706896 0.061890588 0.062267242 0.050390074 0.120928848 
50     0.075496626 0.069037101 0.063557655 0.076594584 0.077059501 0.066728224 0.076976089 0.067588395 0.066872138 0.064600366 0.069662666 0.056841757 0.000000000 0.011752469 0.024421779 0.060279134 0.061024868 0.058028021 0.059129097 0.058070575 0.059193817 0.058439740 0.069065375 0.072072817 0.072322089 0.070614146 0.073291923 0.071104001 0.069546105 0.068995746 0.067779402 0.067378437 0.069232514 0.077032853 0.076851246 0.075439979 0.075623425 0.073394541 0.075422238 0.072397166 0.071045644 0.071537661 0.064367544 0.061570488 0.067277458 0.066763281 0.066796392 0.064038965 0.064446291 0.052388070 0.123206314 
39     0.074537867 0.068078343 0.062598896 0.075635825 0.076028684 0.065732583 0.075984002 0.066592753 0.065876496 0.063604724 0.068667024 0.055845903 0.011752469 0.000000000 0.023550634 0.059300208 0.060037996 0.057095118 0.058196260 0.057137496 0.058236915 0.057482838 0.068034518 0.071030904 0.071279679 0.069571736 0.072249513 0.070061591 0.068624548 0.068075642 0.066857845 0.066452841 0.068315816 0.076094594 0.075912988 0.074501721 0.074685167 0.072456282 0.074483980 0.071457525 0.070106003 0.070598020 0.063431843 0.060636655 0.066342121 0.065827944 0.065861055 0.063099024 0.063500913 0.051445977 0.122237629 
18     0.076558078 0.070099109 0.064619663 0.077642768 0.078060362 0.067811072 0.077984974 0.068670118 0.067930132 0.065679607 0.070742424 0.057957884 0.024421779 0.023550634 0.000000000 0.061326436 0.062064182 0.059046928 0.060149678 0.059110942 0.060322419 0.059572623 0.070206330 0.073215702 0.073463034 0.071755092 0.074432868 0.072244946 0.070682056 0.070133150 0.068900355 0.068519927 0.070378069 0.078225985 0.078044378 0.076592122 0.076777776 0.074548892 0.076557195 0.073539366 0.072187844 0.072665450 0.065539701 0.062744513 0.068449978 0.067935801 0.067968913 0.065206881 0.065612465 0.053550813 0.124280032 
14     0.073596323 0.067044983 0.061768917 0.074769966 0.075065130 0.064716583 0.075120860 0.065529674 0.064862429 0.062523393 0.067420973 0.058342692 0.060279134 0.059300208 0.061326436 0.000000000 0.020003114 0.026173691 0.027427437 0.026312725 0.057145484 0.056342957 0.067285178 0.070250236 0.070559317 0.068855118 0.071529151 0.069341229 0.067720122 0.067136632 0.066008268 0.065599039 0.067351474 0.075349782 0.075168176 0.073672458 0.073873714 0.071585870 0.073709001 0.070605919 0.069253979 0.069703018 0.062579089 0.059800236 0.065395461 0.064881284 0.064914395 0.062256597 0.062722527 0.050702533 0.121455472 
20     0.074295627 0.067728193 0.062468315 0.075441957 0.075730164 0.065412255 0.075805635 0.066244489 0.065590665 0.063254605 0.068202834 0.059086017 0.061024868 0.060037996 0.062064182 0.020003114 0.000000000 0.026583975 0.027820546 0.026762414 0.057821497 0.057025579 0.067939349 0.070911392 0.071213691 0.069509492 0.072183525 0.069995603 0.068261099 0.067682045 0.066543481 0.066092801 0.067887991 0.075901081 0.075719474 0.074226692 0.074394660 0.072138161 0.074254906 0.071252518 0.069900578 0.070321303 0.063153651 0.060383576 0.065990449 0.065476273 0.065509384 0.062898460 0.063363424 0.051362008 0.122133812 
49     0.071396236 0.064825471 0.059569355 0.072582404 0.072890537 0.062557577 0.072946978 0.063385832 0.062743470 0.060405600 0.065390001 0.055976537 0.058028021 0.057095118 0.059046928 0.026173691 0.026583975 0.000000000 0.014011918 0.015366710 0.054915339 0.054112811 0.065060909 0.068044795 0.068366071 0.066661872 0.069335905 0.067147983 0.065504067 0.064902121 0.063792783 0.063410264 0.065150330 0.073091908 0.072910302 0.071397280 0.071603239 0.069386794 0.071457546 0.068375823 0.067023883 0.067461819 0.060337743 0.057562079 0.063158342 0.062644165 0.062677277 0.060030781 0.060495293 0.048491095 0.119245551 
12     0.072438651 0.065867906 0.060611771 0.073624820 0.073887907 0.063527800 0.073922356 0.064313769 0.063689207 0.061349703 0.066341579 0.057073269 0.059129097 0.058196260 0.060149678 0.027427437 0.027820546 0.014011918 0.000000000 0.016621795 0.055976218 0.055173690 0.066130238 0.069114124 0.069431977 0.067727778 0.070401811 0.068213889 0.066561406 0.065945539 0.064850123 0.064467604 0.066205256 0.074111424 0.073929818 0.072424493 0.072645973 0.070429528 0.072491412 0.069445752 0.068093813 0.068538497 0.061353167 0.058577502 0.064161017 0.063646840 0.063679951 0.061041664 0.061484185 0.049522270 0.120277340 
17     0.071412368 0.064839543 0.059582250 0.072606480 0.072877236 0.062500465 0.072931712 0.063348934 0.062691125 0.060362562 0.065350783 0.055992208 0.058070575 0.057137496 0.059110942 0.026312725 0.026762414 0.015366710 0.016621795 0.000000000 0.054920193 0.054117665 0.065102437 0.068086322 0.068407665 0.066703467 0.069377499 0.067189577 0.065463472 0.064878149 0.063776381 0.063380809 0.065130794 0.073163320 0.072981713 0.071485085 0.071684961 0.069468516 0.071521087 0.068418343 0.067066404 0.067515442 0.060366543 0.057593176 0.063189439 0.062675262 0.062708373 0.060061344 0.060525856 0.048531336 0.119259357 
35     0.064225083 0.057659602 0.052333711 0.065385455 0.066075633 0.055737101 0.066172013 0.056584756 0.055846555 0.053569554 0.058632597 0.057128003 0.059193817 0.058236915 0.060322419 0.057145484 0.057821497 0.054915339 0.055976218 0.054920193 0.000000000 0.013057202 0.057873596 0.060832706 0.061093320 0.059389878 0.062070372 0.059882450 0.058337883 0.057818140 0.056553669 0.056283720 0.058056161 0.065776885 0.065583548 0.064124056 0.064223060 0.062126414 0.064150183 0.061192433 0.059803405 0.060297371 0.053242086 0.050454515 0.056158590 0.055644413 0.055677524 0.052735526 0.053275962 0.041215041 0.112034045 
29     0.063317529 0.056752048 0.051426157 0.064477902 0.065224752 0.054900627 0.065342807 0.055738785 0.055031033 0.052754032 0.057830937 0.056283940 0.058439740 0.057482838 0.059572623 0.056342957 0.057025579 0.054112811 0.055173690 0.054117665 0.013057202 0.000000000 0.056903683 0.059784352 0.060037796 0.058334353 0.061019259 0.058831337 0.057462064 0.056945469 0.055677850 0.055410718 0.057184474 0.064952087 0.064759677 0.063299258 0.063430411 0.061258057 0.063281826 0.060189053 0.058781447 0.059316942 0.052379851 0.049575535 0.055259997 0.054745820 0.054778932 0.051842569 0.052383005 0.040316449 0.111156079 
43     0.068631406 0.062171294 0.056796578 0.069776448 0.070559518 0.060414384 0.070909833 0.061005005 0.060411168 0.058113778 0.063242458 0.066884711 0.069065375 0.068034518 0.070206330 0.067285178 0.067939349 0.065060909 0.066130238 0.065102437 0.057873596 0.056903683 0.000000000 0.024004666 0.024174854 0.022411598 0.025227362 0.022988416 0.053786126 0.053296831 0.051961239 0.051752326 0.053379528 0.061052091 0.060893039 0.059330208 0.059603134 0.057312171 0.059340499 0.056602179 0.055246627 0.055721885 0.054417427 0.051806061 0.057448029 0.056933852 0.056966963 0.054009306 0.054582451 0.042379348 0.116442159 
24     0.071635024 0.065100639 0.059768377 0.072721278 0.073759115 0.063348055 0.073852717 0.064057679 0.063408451 0.061110409 0.066277880 0.069922642 0.072072817 0.071030904 0.073215702 0.070250236 0.070911392 0.068044795 0.069114124 0.068086322 0.060832706 0.059784352 0.024004666 0.000000000 0.015354594 0.013816536 0.016507908 0.014466204 0.056606363 0.056117068 0.054762586 0.054565055 0.056172876 0.064053193 0.063894141 0.062325156 0.062593804 0.060306342 0.062314945 0.059595626 0.058241284 0.058735148 0.057313964 0.054712484 0.060388490 0.059874314 0.059907425 0.056939873 0.057504633 0.045229384 0.119534156 
27     0.071845662 0.065389199 0.059987903 0.072962595 0.073996029 0.063576390 0.074089167 0.064301823 0.063612568 0.061315933 0.066477008 0.070171889 0.072322089 0.071279679 0.073463034 0.070559317 0.071213691 0.068366071 0.069431977 0.068407665 0.061093320 0.060037796 0.024174854 0.015354594 0.000000000 0.010235688 0.013201211 0.011255611 0.056812540 0.056323245 0.054981523 0.054759501 0.056377515 0.064219551 0.064063340 0.062537170 0.062773435 0.060473619 0.062500407 0.059715405 0.058361063 0.058861321 0.057583192 0.054969859 0.060640831 0.060126655 0.060159766 0.057195669 0.057756974 0.045590311 0.119543795 
23     0.070258895 0.063750886 0.058358884 0.071323520 0.072429380 0.062012402 0.072539191 0.062753403 0.062073862 0.059764461 0.064927153 0.068450681 0.070614146 0.069571736 0.071755092 0.068855118 0.069509492 0.066661872 0.067727778 0.066703467 0.059389878 0.058334353 0.022411598 0.013816536 0.010235688 0.000000000 0.011791524 0.009311744 0.055157268 0.054667973 0.053314656 0.053123469 0.054740546 0.062511286 0.062352234 0.060826064 0.061062329 0.058765580 0.060783768 0.058014686 0.056662522 0.057163877 0.055868349 0.053244423 0.058906919 0.058392742 0.058425853 0.055492680 0.056053985 0.043887322 0.117967138 
41     0.072917572 0.066409564 0.061017561 0.073959566 0.075097414 0.064680436 0.075207226 0.065421437 0.064740399 0.062427955 0.067595188 0.071141723 0.073291923 0.072249513 0.074432868 0.071529151 0.072183525 0.069335905 0.070401811 0.069377499 0.062070372 0.061019259 0.025227362 0.016507908 0.013201211 0.011791524 0.000000000 0.010381570 0.057775578 0.057286283 0.055932965 0.055707101 0.057320190 0.065135542 0.064976490 0.063450319 0.063686585 0.061384513 0.063405961 0.060655968 0.059301625 0.059806070 0.058529590 0.055928110 0.061568413 0.061054236 0.061087347 0.058129464 0.058715226 0.046549472 0.120632872 
11     0.070736708 0.064228699 0.058836697 0.071801333 0.072904363 0.062487142 0.073013896 0.063227672 0.062547999 0.060248534 0.065401403 0.068953801 0.071104001 0.070061591 0.072244946 0.069341229 0.069995603 0.067147983 0.068213889 0.067189577 0.059882450 0.058831337 0.022988416 0.014466204 0.011255611 0.009311744 0.010381570 0.000000000 0.055582426 0.055093131 0.053739813 0.053519784 0.055132990 0.062937951 0.062778899 0.061252729 0.061488994 0.059192245 0.061208370 0.058488773 0.057134431 0.057634689 0.056342109 0.053740629 0.059380931 0.058866754 0.058899866 0.055966439 0.056527744 0.044360903 0.118444950 
9     0.069281739 0.062638908 0.057345795 0.070349841 0.071326061 0.060827406 0.071246361 0.061454023 0.060877634 0.058650409 0.063718547 0.067454407 0.069546105 0.068624548 0.070682056 0.067720122 0.068261099 0.065504067 0.066561406 0.065463472 0.058337883 0.057462064 0.053786126 0.056606363 0.056812540 0.055157268 0.057775578 0.055582426 0.000000000 0.016603883 0.018603870 0.026389016 0.028219165 0.059473892 0.059301729 0.057755440 0.058027566 0.055741493 0.057776334 0.055317755 0.053999550 0.054432435 0.055025470 0.052286573 0.057880658 0.057366481 0.057399592 0.054706903 0.055158436 0.042672782 0.116812751 
40     0.068744281 0.062101449 0.056808337 0.069812111 0.070821015 0.060274143 0.070691580 0.060900759 0.060324370 0.058097146 0.063165284 0.066879441 0.068995746 0.068075642 0.070133150 0.067136632 0.067682045 0.064902121 0.065945539 0.064878149 0.057818140 0.056945469 0.053296831 0.056117068 0.056323245 0.054667973 0.057286283 0.055093131 0.016603883 0.000000000 0.019121961 0.026074231 0.027899462 0.058983882 0.058811719 0.057294744 0.057546583 0.055239333 0.057295351 0.054794287 0.053476082 0.053908968 0.054459948 0.051733770 0.057279770 0.056775974 0.056809085 0.054146858 0.054578885 0.042149814 0.116110683 
21     0.067495177 0.060852345 0.055559233 0.068552422 0.069646524 0.059110894 0.069547392 0.059697936 0.059162809 0.056935584 0.062003722 0.065630733 0.067779402 0.066857845 0.068900355 0.066008268 0.066543481 0.063792783 0.064850123 0.063776381 0.056553669 0.055677850 0.051961239 0.054762586 0.054981523 0.053314656 0.055932965 0.053739813 0.018603870 0.019121961 0.000000000 0.024424677 0.026254409 0.057781598 0.057609435 0.056092460 0.056344299 0.054051887 0.056093068 0.053634099 0.052315894 0.052748779 0.053229605 0.050487233 0.056082342 0.055568165 0.055601276 0.052907297 0.053358830 0.040859849 0.115059868 
33     0.067236439 0.060593607 0.055300495 0.068224359 0.069419118 0.058898046 0.069364424 0.059569005 0.058967170 0.056732441 0.061810046 0.065403002 0.067378437 0.066452841 0.068519927 0.065599039 0.066092801 0.063410264 0.064467604 0.063380809 0.056283720 0.055410718 0.051752326 0.054565055 0.054759501 0.053123469 0.055707101 0.053519784 0.026389016 0.026074231 0.024424677 0.000000000 0.018537184 0.057474989 0.057302826 0.055785851 0.056041331 0.053740800 0.055790099 0.053286331 0.051968126 0.052419540 0.053078912 0.050339247 0.055940120 0.055425943 0.055459054 0.052649177 0.053122625 0.040652914 0.114806922 
31     0.069024628 0.062363851 0.057088684 0.070012548 0.071219433 0.060705224 0.071162857 0.061376996 0.060782734 0.058555509 0.063623647 0.067184746 0.069232514 0.068315816 0.070378069 0.067351474 0.067887991 0.065150330 0.066205256 0.065130794 0.058056161 0.057184474 0.053379528 0.056172876 0.056377515 0.054740546 0.057320190 0.055132990 0.028219165 0.027899462 0.026254409 0.018537184 0.000000000 0.059267820 0.059095657 0.057578682 0.057834162 0.055531477 0.057582931 0.055094539 0.053776334 0.054207198 0.054851549 0.052111884 0.057707606 0.057192570 0.057225574 0.054477297 0.054915370 0.042433029 0.116585360 
45     0.076816901 0.070248588 0.064875480 0.077748347 0.078920647 0.068389233 0.078793100 0.069058621 0.068264735 0.066231776 0.071113270 0.074876235 0.077032853 0.076094594 0.078225985 0.075349782 0.075901081 0.073091908 0.074111424 0.073163320 0.065776885 0.064952087 0.061052091 0.064053193 0.064219551 0.062511286 0.065135542 0.062937951 0.059473892 0.058983882 0.057781598 0.057474989 0.059267820 0.000000000 0.010348636 0.020909347 0.029286854 0.026425693 0.028405670 0.061605811 0.060204400 0.060747977 0.062434955 0.059596243 0.065376813 0.064862636 0.064895747 0.061873966 0.062489312 0.050211102 0.124444819 
30     0.076637945 0.070069632 0.064696524 0.077569390 0.078740600 0.068209211 0.078613053 0.068878573 0.068084429 0.066051728 0.070933222 0.074694629 0.076851246 0.075912988 0.078044378 0.075168176 0.075719474 0.072910302 0.073929818 0.072981713 0.065583548 0.064759677 0.060893039 0.063894141 0.064063340 0.062352234 0.064976490 0.062778899 0.059301729 0.058811719 0.057609435 0.057302826 0.059095657 0.010348636 0.000000000 0.020286105 0.029206195 0.026101507 0.028120671 0.061540088 0.060147618 0.060647111 0.062270242 0.059410723 0.065212100 0.064697923 0.064731034 0.061709253 0.062324599 0.050044317 0.124267181 
5     0.075035754 0.068453181 0.063094333 0.075950739 0.077244677 0.066700282 0.077101072 0.067385185 0.066540750 0.064503936 0.069364132 0.073203259 0.075439979 0.074501721 0.076592122 0.073672458 0.074226692 0.071397280 0.072424493 0.071485085 0.064124056 0.063299258 0.059330208 0.062325156 0.062537170 0.060826064 0.063450319 0.061252729 0.057755440 0.057294744 0.056092460 0.055785851 0.057578682 0.020909347 0.020286105 0.000000000 0.027561913 0.024931664 0.026799905 0.060045259 0.058663512 0.059150863 0.060755349 0.057921501 0.063691135 0.063176958 0.063210069 0.060188425 0.060789039 0.048538388 0.122762499 
8     0.075355642 0.068777115 0.063414099 0.076305003 0.077470528 0.066940275 0.077349633 0.067605980 0.066823970 0.064768809 0.069683678 0.073395289 0.075623425 0.074685167 0.076777776 0.073873714 0.074394660 0.071603239 0.072645973 0.071684961 0.064223060 0.063430411 0.059603134 0.062593804 0.062773435 0.061062329 0.063686585 0.061488994 0.058027566 0.057546583 0.056344299 0.056041331 0.057834162 0.029286854 0.029206195 0.027561913 0.000000000 0.021731030 0.023551389 0.060167376 0.058807598 0.059316621 0.060953150 0.058137647 0.063839289 0.063326021 0.063359133 0.060367851 0.060966562 0.048717452 0.122975681 
26     0.073090403 0.066511998 0.061148983 0.073989970 0.075141521 0.064649693 0.075058070 0.065259955 0.064490105 0.062455179 0.067370048 0.071155321 0.073394541 0.072456282 0.074548892 0.071585870 0.072138161 0.069386794 0.070429528 0.069468516 0.062126414 0.061258057 0.057312171 0.060306342 0.060473619 0.058765580 0.061384513 0.059192245 0.055741493 0.055239333 0.054051887 0.053740800 0.055531477 0.026425693 0.026101507 0.024931664 0.021731030 0.000000000 0.017345939 0.058003866 0.056655750 0.057130547 0.058704664 0.055883373 0.061637302 0.061123125 0.061156236 0.058127343 0.058727455 0.046485833 0.120726812 
44     0.075107399 0.068528994 0.063164740 0.076022222 0.077223373 0.066693120 0.077109189 0.067365536 0.066583526 0.064528366 0.069443234 0.073223353 0.075422238 0.074483980 0.076557195 0.073709001 0.074254906 0.071457546 0.072491412 0.071521087 0.064150183 0.063281826 0.059340499 0.062314945 0.062500407 0.060783768 0.063405961 0.061208370 0.057776334 0.057295351 0.056093068 0.055790099 0.057582931 0.028405670 0.028120671 0.026799905 0.023551389 0.017345939 0.000000000 0.060075463 0.058727347 0.059203246 0.060702381 0.057881090 0.063635019 0.063120842 0.063153953 0.060073339 0.060704711 0.048487659 0.122759082 
28     0.072185288 0.065686376 0.060351017 0.073192142 0.074062546 0.063680207 0.074039484 0.064347168 0.063544403 0.061477419 0.066539470 0.070197045 0.072397166 0.071457525 0.073539366 0.070605919 0.071252518 0.068375823 0.069445752 0.068418343 0.061192433 0.060189053 0.056602179 0.059595626 0.059715405 0.058014686 0.060655968 0.058488773 0.055317755 0.054794287 0.053634099 0.053286331 0.055094539 0.061605811 0.061540088 0.060045259 0.060167376 0.058003866 0.060075463 0.000000000 0.008933125 0.025907807 0.057840406 0.055151947 0.060843297 0.060329120 0.060362231 0.057510821 0.057969259 0.045621231 0.119680207 
46     0.070856279 0.064316418 0.058998083 0.071861284 0.072727257 0.062343911 0.072704194 0.063011879 0.062209114 0.060142130 0.065204181 0.068845523 0.071045644 0.070106003 0.072187844 0.069253979 0.069900578 0.067023883 0.068093813 0.067066404 0.059803405 0.058781447 0.055246627 0.058241284 0.058361063 0.056662522 0.059301625 0.057134431 0.053999550 0.053476082 0.052315894 0.051968126 0.053776334 0.060204400 0.060147618 0.058663512 0.058807598 0.056655750 0.058727347 0.008933125 0.000000000 0.024501709 0.056515736 0.053827277 0.059518627 0.059004450 0.059037561 0.056171605 0.056630043 0.044296561 0.118675191 
42     0.071318733 0.064779360 0.059468563 0.072330016 0.073155654 0.062754242 0.073133684 0.063474380 0.062632116 0.060548043 0.065619030 0.069528010 0.071537661 0.070598020 0.072665450 0.069703018 0.070321303 0.067461819 0.068538497 0.067515442 0.060297371 0.059316942 0.055721885 0.058735148 0.058861321 0.057163877 0.059806070 0.057634689 0.054432435 0.053908968 0.052748779 0.052419540 0.054207198 0.060747977 0.060647111 0.059150863 0.059316621 0.057130547 0.059203246 0.025907807 0.024501709 0.000000000 0.057018794 0.054314476 0.060005057 0.059490880 0.059523992 0.056699427 0.057153929 0.044802266 0.118661114 
34     0.064398923 0.057815847 0.052449160 0.065373006 0.066468570 0.056067344 0.066465596 0.056785333 0.056127010 0.053867739 0.058894365 0.062116333 0.064367544 0.063431843 0.065539701 0.062579089 0.063153651 0.060337743 0.061353167 0.060366543 0.053242086 0.052379851 0.054417427 0.057313964 0.057583192 0.055868349 0.058529590 0.056342109 0.055025470 0.054459948 0.053229605 0.053078912 0.054851549 0.062434955 0.062270242 0.060755349 0.060953150 0.058704664 0.060702381 0.057840406 0.056515736 0.057018794 0.000000000 0.016684471 0.025207477 0.024644923 0.024619124 0.035324211 0.035720086 0.030464412 0.112892642 
36     0.061429800 0.054925362 0.049582559 0.062520776 0.063599179 0.053191678 0.063588988 0.053909996 0.053124956 0.050990769 0.056000206 0.059436968 0.061570488 0.060636655 0.062744513 0.059800236 0.060383576 0.057562079 0.058577502 0.057593176 0.050454515 0.049575535 0.051806061 0.054712484 0.054969859 0.053244423 0.055928110 0.053740629 0.052286573 0.051733770 0.050487233 0.050339247 0.052111884 0.059596243 0.059410723 0.057921501 0.058137647 0.055883373 0.057881090 0.055151947 0.053827277 0.054314476 0.016684471 0.000000000 0.022302203 0.021826101 0.021847143 0.032579718 0.032935707 0.027798351 0.110109379 
15     0.067258002 0.060671671 0.055297813 0.068236005 0.069289753 0.058888993 0.069332710 0.059608320 0.058985335 0.056726064 0.061751690 0.065187962 0.067277458 0.066342121 0.068449978 0.065395461 0.065990449 0.063158342 0.064161017 0.063189439 0.056158590 0.055259997 0.057448029 0.060388490 0.060640831 0.058906919 0.061568413 0.059380931 0.057880658 0.057279770 0.056082342 0.055940120 0.057707606 0.065376813 0.065212100 0.063691135 0.063839289 0.061637302 0.063635019 0.060843297 0.059518627 0.060005057 0.025207477 0.022302203 0.000000000 0.009933762 0.010098676 0.038297492 0.038681750 0.033477818 0.115809613 
6     0.066743825 0.060157494 0.054783636 0.067714551 0.068775576 0.058374816 0.068818533 0.059094143 0.058471158 0.056211888 0.061237513 0.064673785 0.066763281 0.065827944 0.067935801 0.064881284 0.065476273 0.062644165 0.063646840 0.062675262 0.055644413 0.054745820 0.056933852 0.059874314 0.060126655 0.058392742 0.061054236 0.058866754 0.057366481 0.056775974 0.055568165 0.055425943 0.057192570 0.064862636 0.064697923 0.063176958 0.063326021 0.061123125 0.063120842 0.060329120 0.059004450 0.059490880 0.024644923 0.021826101 0.009933762 0.000000000 0.006290513 0.037762690 0.038146948 0.032965002 0.115295436 
13     0.066776936 0.060190605 0.054816747 0.067747662 0.068808687 0.058407928 0.068851644 0.059127254 0.058504269 0.056244999 0.061270624 0.064706896 0.066796392 0.065861055 0.067968913 0.064914395 0.065509384 0.062677277 0.063679951 0.062708373 0.055677524 0.054778932 0.056966963 0.059907425 0.060159766 0.058425853 0.061087347 0.058899866 0.057399592 0.056809085 0.055601276 0.055459054 0.057225574 0.064895747 0.064731034 0.063210069 0.063359133 0.061156236 0.063153953 0.060362231 0.059037561 0.059523992 0.024619124 0.021847143 0.010098676 0.006290513 0.000000000 0.037791265 0.038178065 0.032998113 0.115328547 
25     0.064050585 0.057443466 0.052077230 0.065042607 0.065908544 0.055418447 0.065867449 0.056077305 0.055464660 0.053207148 0.058208258 0.061890588 0.064038965 0.063099024 0.065206881 0.062256597 0.062898460 0.060030781 0.061041664 0.060061344 0.052735526 0.051842569 0.054009306 0.056939873 0.057195669 0.055492680 0.058129464 0.055966439 0.054706903 0.054146858 0.052907297 0.052649177 0.054477297 0.061873966 0.061709253 0.060188425 0.060367851 0.058127343 0.060073339 0.057510821 0.056171605 0.056699427 0.035324211 0.032579718 0.038297492 0.037762690 0.037791265 0.000000000 0.024452157 0.029984328 0.112338450 
10     0.064378824 0.057756876 0.052408056 0.065394014 0.066461702 0.056056769 0.066455000 0.056663385 0.056006585 0.053754572 0.058759622 0.062267242 0.064446291 0.063500913 0.065612465 0.062722527 0.063363424 0.060495293 0.061484185 0.060525856 0.053275962 0.052383005 0.054582451 0.057504633 0.057756974 0.056053985 0.058715226 0.056527744 0.055158436 0.054578885 0.053358830 0.053122625 0.054915370 0.062489312 0.062324599 0.060789039 0.060966562 0.058727455 0.060704711 0.057969259 0.056630043 0.057153929 0.035720086 0.032935707 0.038681750 0.038146948 0.038178065 0.024452157 0.000000000 0.030412714 0.112899409 
48     0.052191041 0.045564582 0.040221994 0.053232437 0.054366795 0.044025623 0.054452981 0.044472741 0.043984132 0.041739968 0.046832807 0.050390074 0.052388070 0.051445977 0.053550813 0.050702533 0.051362008 0.048491095 0.049522270 0.048531336 0.041215041 0.040316449 0.042379348 0.045229384 0.045590311 0.043887322 0.046549472 0.044360903 0.042672782 0.042149814 0.040859849 0.040652914 0.042433029 0.050211102 0.050044317 0.048538388 0.048717452 0.046485833 0.048487659 0.045621231 0.044296561 0.044802266 0.030464412 0.027798351 0.033477818 0.032965002 0.032998113 0.029984328 0.030412714 0.000000000 0.100539925 
0     0.119796278 0.113326662 0.107855406 0.120930735 0.123820324 0.113517471 0.124110055 0.114497177 0.113423188 0.111492855 0.116788899 0.120928848 0.123206314 0.122237629 0.124280032 0.121455472 0.122133812 0.119245551 0.120277340 0.119259357 0.112034045 0.111156079 0.116442159 0.119534156 0.119543795 0.117967138 0.120632872 0.118444950 0.116812751 0.116110683 0.115059868 0.114806922 0.116585360 0.124444819 0.124267181 0.122762499 0.122975681 0.120726812 0.122759082 0.119680207 0.118675191 0.118661114 0.112892642 0.110109379 0.115809613 0.115295436 0.115328547 0.112338450 0.112899409 0.100539925 0.000000000 
