51
16     0.000000000 0.011630970 0.000687810 0.016192080 0.008835500 0.006470410 0.019741570 0.011764500 0.020658670 0.038699460 0.016926970 0.019237740 0.006162920 0.014854340 0.016657770 0.048216820 0.004515240 0.019824550 0.040979620 0.019270040 0.017189070 0.039731930 0.047864460 0.047864710 0.013905270 0.053680010 0.031960210 0.051724310 0.044939850 0.027655450 0.045720040 0.087731270 0.044847170 0.064942210 0.020702970 0.052322190 0.010760020 0.006410030 0.025482290 0.049059360 0.043601300 0.022544050 0.033042210 0.004703540 0.047823890 0.014669980 0.059759270 0.060442190 0.054318860 0.039911990 0.015906400 
14     0.011630970 0.000000000 0.023075360 0.027798480 0.010602450 0.016632100 0.015734020 0.029221550 0.017412960 0.024458160 0.027072700 0.015409620 0.040483320 0.035281940 0.021950610 0.042836260 0.011990750 0.010139970 0.032594390 0.034270900 0.050112970 0.036215730 0.030139670 0.034583220 0.039686990 0.022569360 0.020188960 0.051333580 0.040606810 0.012938320 0.049583380 0.006608730 0.021808080 0.035381590 0.024465650 0.068459280 0.008031890 0.022071580 0.028371530 0.066151690 0.085011280 0.057146160 0.031455590 0.016595240 0.011996220 0.043827860 0.038279380 0.015570420 0.067760710 0.009909110 0.004909460 
15     0.000687810 0.023075360 0.000000000 0.000967070 0.003561450 0.004007740 0.015527020 0.017936290 0.003007890 0.051133990 0.006266170 0.017090720 0.010852820 0.025016250 0.036253320 0.022217960 0.006838760 0.054480520 0.029257330 0.028551010 0.007782120 0.016746960 0.010360080 0.030476080 0.010002380 0.037574860 0.040436840 0.006720040 0.013444840 0.014868610 0.000530150 0.047621810 0.022800960 0.050877310 0.009860280 0.036234750 0.008522670 0.003367770 0.021010680 0.030772580 0.024141720 0.001865600 0.014239390 0.017008230 0.034266400 0.010627980 0.010748560 0.035656500 0.035980270 0.016748530 0.039306660 
10     0.016192080 0.027798480 0.000967070 0.000000000 0.000596140 0.011477780 0.023096390 0.018001340 0.024013490 0.056593130 0.022279080 0.058653160 0.015974370 0.056962340 0.039939240 0.037598030 0.024519590 0.035742820 0.042110740 0.037440320 0.039021760 0.021413500 0.037928520 0.043946500 0.016142280 0.051236770 0.042103950 0.011099420 0.056243950 0.064686100 0.008389730 0.008089980 0.026771920 0.011610430 0.023654860 0.048994190 0.033464340 0.030427850 0.032795440 0.014373820 0.030523680 0.039364720 0.066293980 0.022945900 0.007099070 0.011177600 0.046056260 0.033064550 0.025564000 0.037290320 0.010175020 
17     0.008835500 0.010602450 0.003561450 0.000596140 0.000000000 0.008755700 0.014291850 0.013717070 0.003889520 0.020547180 0.035536380 0.031703030 0.036259260 0.057284020 0.042723540 0.029990320 0.016625740 0.007864290 0.037086700 0.006806630 0.033607260 0.013677920 0.007544660 0.026748460 0.035396280 0.036759170 0.024524280 0.012272200 0.000253620 0.016447640 0.014821340 0.027426470 0.022357600 0.028747030 0.041221630 0.019745950 0.047976390 0.015274050 0.036380230 0.017521010 0.044266050 0.064330910 0.012707720 0.012712040 0.011438550 0.001046580 0.028128580 0.022870420 0.057902900 0.040352850 0.040875990 
13     0.006470410 0.016632100 0.004007740 0.011477780 0.008755700 0.000000000 0.013895200 0.031357460 0.028038990 0.063859570 0.018052560 0.040136290 0.031439140 0.055140530 0.054971400 0.009056820 0.003575250 0.009533420 0.038498790 0.046786070 0.036676230 0.031018060 0.012055390 0.029221800 0.017401620 0.029507750 0.045139040 0.028868670 0.028737610 0.084001970 0.070266660 0.007040620 0.023280590 0.035191910 0.056615140 0.028382910 0.057749960 0.002301430 0.016452650 0.061609110 0.062701180 0.012329290 0.011369900 0.014902510 0.070171390 0.044140610 0.066628030 0.019432780 0.039638530 0.054516510 0.020001310 
1     0.019741570 0.015734020 0.015527020 0.023096390 0.014291850 0.013895200 0.000000000 0.026270180 0.003010480 0.024326000 0.035110920 0.015696640 0.054315520 0.029176100 0.028491300 0.074174580 0.009270280 0.096035620 0.019614360 0.050766590 0.039835790 0.083508760 0.032771960 0.037419570 0.005904470 0.047195070 0.010089290 0.009448600 0.053012780 0.033160510 0.048071460 0.049739590 0.041236460 0.050476740 0.048614640 0.040835630 0.032498130 0.040043950 0.031431080 0.098380200 0.031002800 0.076302620 0.108803540 0.007963840 0.034720300 0.021574290 0.044935850 0.087029850 0.005245000 0.067823810 0.011771640 
12     0.011764500 0.029221550 0.017936290 0.018001340 0.013717070 0.031357460 0.026270180 0.000000000 0.002958710 0.030669920 0.015789320 0.089459920 0.035820780 0.017016070 0.027405310 0.005610770 0.012832940 0.009584960 0.050954430 0.051908560 0.021061680 0.045846950 0.029216240 0.037917500 0.060872210 0.033504550 0.019138270 0.002851550 0.058169990 0.038564870 0.043373950 0.099299000 0.034828340 0.037901060 0.065758450 0.026310350 0.081405920 0.024569980 0.020487720 0.067661510 0.056034860 0.000667820 0.035397820 0.030280710 0.058109970 0.028858780 0.044273550 0.014634800 0.073939880 0.002114020 0.008112560 
5     0.020658670 0.017412960 0.003007890 0.024013490 0.003889520 0.028038990 0.003010480 0.002958710 0.000000000 0.019541140 0.021914960 0.025563430 0.018470100 0.038593820 0.009081580 0.006007180 0.006294090 0.052066490 0.007995940 0.005862850 0.031093250 0.012046500 0.051433510 0.056440760 0.024867110 0.035060260 0.081947080 0.007401590 0.001924390 0.044159740 0.030259070 0.057093280 0.018398500 0.040881000 0.034345390 0.067521960 0.049440630 0.019887820 0.027450750 0.069581280 0.015651460 0.014456180 0.012091200 0.021433360 0.048715600 0.022491390 0.016479090 0.015496570 0.034217500 0.065371530 0.012177450 
6     0.038699460 0.024458160 0.051133990 0.056593130 0.020547180 0.063859570 0.024326000 0.030669920 0.019541140 0.000000000 0.008035260 0.015792010 0.011907950 0.035199850 0.029744350 0.020916940 0.030851650 0.052685620 0.074667920 0.023021670 0.046464020 0.016089760 0.035976040 0.041769130 0.074956350 0.065477650 0.065048480 0.022089210 0.010079190 0.020603360 0.052898680 0.033208800 0.070418520 0.054606060 0.016663040 0.021275540 0.013588710 0.054284280 0.002929500 0.035446740 0.094935580 0.068435720 0.017496600 0.026978580 0.022486360 0.020654880 0.009876710 0.063976610 0.084547060 0.004248830 0.035929760 
7     0.016926970 0.027072700 0.006266170 0.022279080 0.035536380 0.018052560 0.035110920 0.015789320 0.021914960 0.008035260 0.000000000 0.008241670 0.011098250 0.007180460 0.021895820 0.023124820 0.007557430 0.067692430 0.032988600 0.012362480 0.033658070 0.012646150 0.038853290 0.053683250 0.025897690 0.035681810 0.045444380 0.017603850 0.023984640 0.016446280 0.045693150 0.005379740 0.010823940 0.024225940 0.019530440 0.021585690 0.016761570 0.030331450 0.009005960 0.029313300 0.099038230 0.017880380 0.009946260 0.031295670 0.028829820 0.021300020 0.022719520 0.013879280 0.006568550 0.027898730 0.005467730 
11     0.019237740 0.015409620 0.017090720 0.058653160 0.031703030 0.040136290 0.015696640 0.089459920 0.025563430 0.015792010 0.008241670 0.000000000 0.003213100 0.012811750 0.005413790 0.017956800 0.039987290 0.034968470 0.054769290 0.063176670 0.020711540 0.030364760 0.014171240 0.022830900 0.005459270 0.071050090 0.039440900 0.002640500 0.029138430 0.048723370 0.067303760 0.061891150 0.006620310 0.116465650 0.045865610 0.068038180 0.002768090 0.027640790 0.044908280 0.017393080 0.078286810 0.071611770 0.017418070 0.047506460 0.041972350 0.040813750 0.033581470 0.026304670 0.059648560 0.021981090 0.004877860 
8     0.006162920 0.040483320 0.010852820 0.015974370 0.036259260 0.031439140 0.054315520 0.035820780 0.018470100 0.011907950 0.011098250 0.003213100 0.000000000 0.003181680 0.021105160 0.019408860 0.012467120 0.066639300 0.015922370 0.005052610 0.058604360 0.066953810 0.022482020 0.010799300 0.030858420 0.015892830 0.027447020 0.046043160 0.005888380 0.044557310 0.054339520 0.012695410 0.040956520 0.091548910 0.041735120 0.014576930 0.007284620 0.022497540 0.006293390 0.039641690 0.066456130 0.045212510 0.013721870 0.068305240 0.026620650 0.037503610 0.011216200 0.034349520 0.047964530 0.102146030 0.011661190 
4     0.014854340 0.035281940 0.025016250 0.056962340 0.057284020 0.055140530 0.029176100 0.017016070 0.038593820 0.035199850 0.007180460 0.012811750 0.003181680 0.000000000 0.025965320 0.002745040 0.028639230 0.005959790 0.076055200 0.068095010 0.020172420 0.031507190 0.036889270 0.016871640 0.030688250 0.038639650 0.040864660 0.030469760 0.028353920 0.045872050 0.074331000 0.029155440 0.002481360 0.035160300 0.030410470 0.041658750 0.022227090 0.005360210 0.009796920 0.067216860 0.037903000 0.029001550 0.002037900 0.063486710 0.044180070 0.046950440 0.022611730 0.000585890 0.048432520 0.073401790 0.017716590 
9     0.016657770 0.021950610 0.036253320 0.039939240 0.042723540 0.054971400 0.028491300 0.027405310 0.009081580 0.029744350 0.021895820 0.005413790 0.021105160 0.025965320 0.000000000 0.000225960 0.002572950 0.045168620 0.021005830 0.040853320 0.021801910 0.043690370 0.022767600 0.022269380 0.025423060 0.023462160 0.006643860 0.023395120 0.041888910 0.031841710 0.026286730 0.053723570 0.042395150 0.013147020 0.018607510 0.072864090 0.022056150 0.002756990 0.018185310 0.026714910 0.058395960 0.048421280 0.031979630 0.016573130 0.035131050 0.018947640 0.021299420 0.015659130 0.041271780 0.045735310 0.015049580 
3     0.048216820 0.042836260 0.022217960 0.037598030 0.029990320 0.009056820 0.074174580 0.005610770 0.006007180 0.020916940 0.023124820 0.017956800 0.019408860 0.002745040 0.000225960 0.000000000 0.002630690 0.012660140 0.020802490 0.012367550 0.022968810 0.006175090 0.017407690 0.016909470 0.020063150 0.018102250 0.022246120 0.005423220 0.019394880 0.004161330 0.014369300 0.036869620 0.017469370 0.034476470 0.046846770 0.036746710 0.018001330 0.007873860 0.071055520 0.011113660 0.053036050 0.055041540 0.041736590 0.026541190 0.033150350 0.008218630 0.010570410 0.010299110 0.020424600 0.053878560 0.016622860 
2     0.004515240 0.011990750 0.006838760 0.024519590 0.016625740 0.003575250 0.009270280 0.012832940 0.006294090 0.030851650 0.007557430 0.039987290 0.012467120 0.028639230 0.002572950 0.002630690 0.000000000 0.009196530 0.020355500 0.012859650 0.018412210 0.011182780 0.015141610 0.011496860 0.006733220 0.002304640 0.009531400 0.002857350 0.008819490 0.017308410 0.022488660 0.010920980 0.001627500 0.034180340 0.014417430 0.016085510 0.017658880 0.008114940 0.002152220 0.011911930 0.043866740 0.023849190 0.019129880 0.005599500 0.030974320 0.015149570 0.017501350 0.017230050 0.019413380 0.011368730 0.010559660 
43     0.019824550 0.010139970 0.054480520 0.035742820 0.007864290 0.009533420 0.096035620 0.009584960 0.052066490 0.052685620 0.067692430 0.034968470 0.066639300 0.005959790 0.045168620 0.012660140 0.009196530 0.000000000 0.012331360 0.009808330 0.054100510 0.006160720 0.029225540 0.019844410 0.041938350 0.029210740 0.063084350 0.031659400 0.038770740 0.023637420 0.032049890 0.038081220 0.020257850 0.026824810 0.034409750 0.028778090 0.052997710 0.063001720 0.030160390 0.049348870 0.030426320 0.005704260 0.005200290 0.035872770 0.015631160 0.009339470 0.007511680 0.016942710 0.007759110 0.007059650 0.026614600 
19     0.040979620 0.032594390 0.029257330 0.042110740 0.037086700 0.038498790 0.019614360 0.050954430 0.007995940 0.074667920 0.032988600 0.054769290 0.015922370 0.076055200 0.021005830 0.020802490 0.020355500 0.012331360 0.000000000 0.003016890 0.051513350 0.012171590 0.008792110 0.011663090 0.047304720 0.032762680 0.045016000 0.027751070 0.012944140 0.016123290 0.014571050 0.016436160 0.011452780 0.024016350 0.060327560 0.021173540 0.050721840 0.061373380 0.044705950 0.008334880 0.003556770 0.026624760 0.009103570 0.023076970 0.017281080 0.039486190 0.024739510 0.015726010 0.051102010 0.065139120 0.026813400 
32     0.019270040 0.034270900 0.028551010 0.037440320 0.006806630 0.046786070 0.050766590 0.051908560 0.005862850 0.023021670 0.012362480 0.063176670 0.005052610 0.068095010 0.040853320 0.012367550 0.012859650 0.009808330 0.003016890 0.000000000 0.018733180 0.016414520 0.030192920 0.037806300 0.038340950 0.034788070 0.048233170 0.040458390 0.030666910 0.014000450 0.037518460 0.018380510 0.030817650 0.025618200 0.019724560 0.031979180 0.030316330 0.009905100 0.011160680 0.024159870 0.002757770 0.032571980 0.008587890 0.020609110 0.030962890 0.015425390 0.033438010 0.039120680 0.032954400 0.048316460 0.078385930 
48     0.017189070 0.050112970 0.007782120 0.039021760 0.033607260 0.036676230 0.039835790 0.021061680 0.031093250 0.046464020 0.033658070 0.020711540 0.058604360 0.020172420 0.021801910 0.022968810 0.018412210 0.054100510 0.051513350 0.018733180 0.000000000 0.035815400 0.013373860 0.009000200 0.021534020 0.029651720 0.023742220 0.006468050 0.006280420 0.010954140 0.060352700 0.015422420 0.027489280 0.060332080 0.057322740 0.076169570 0.016673070 0.038046850 0.037584520 0.021731300 0.016139160 0.032243740 0.058970110 0.016540080 0.026445420 0.008490810 0.054685110 0.014072710 0.044488940 0.043658910 0.021862350 
50     0.039731930 0.036215730 0.016746960 0.021413500 0.013677920 0.031018060 0.083508760 0.045846950 0.012046500 0.016089760 0.012646150 0.030364760 0.066953810 0.031507190 0.043690370 0.006175090 0.011182780 0.006160720 0.012171590 0.016414520 0.035815400 0.000000000 0.038979870 0.035620830 0.028164790 0.011270240 0.001198210 0.011775500 0.020739420 0.060353970 0.024452040 0.025670460 0.014294580 0.052724990 0.015226520 0.038943990 0.007196910 0.003788180 0.013682860 0.005219420 0.004681870 0.003742200 0.016086600 0.033557370 0.027747570 0.007825560 0.032747970 0.041068310 0.029266050 0.060893950 0.015618050 
21     0.047864460 0.030139670 0.010360080 0.037928520 0.007544660 0.012055390 0.032771960 0.029216240 0.051433510 0.035976040 0.038853290 0.014171240 0.022482020 0.036889270 0.022767600 0.017407690 0.015141610 0.029225540 0.008792110 0.030192920 0.013373860 0.038979870 0.000000000 0.000000290 0.004161220 0.004627040 0.009040220 0.019345040 0.021140710 0.022514390 0.025404150 0.029677270 0.040545630 0.015553310 0.023710620 0.036273200 0.018063150 0.025469780 0.007127640 0.008349130 0.015200130 0.055690950 0.002162600 0.008128460 0.009359320 0.018065060 0.020416840 0.020145540 0.053001450 0.011666410 0.017534970 
49     0.047864710 0.034583220 0.030476080 0.043946500 0.026748460 0.029221800 0.037419570 0.037917500 0.056440760 0.041769130 0.053683250 0.022830900 0.010799300 0.016871640 0.022269380 0.016909470 0.011496860 0.019844410 0.011663090 0.037806300 0.009000200 0.035620830 0.000000290 0.000000000 0.003936530 0.003188400 0.012710720 0.014881100 0.017820160 0.018953390 0.024905930 0.030200070 0.013988890 0.010624860 0.021165050 0.034577560 0.020529860 0.023729480 0.046521210 0.007270500 0.018013010 0.055192730 0.021950190 0.008774620 0.007128970 0.017566840 0.019918620 0.019647320 0.030628250 0.010894320 0.020499800 
20     0.013905270 0.039686990 0.010002380 0.016142280 0.035396280 0.017401620 0.005904470 0.060872210 0.024867110 0.074956350 0.025897690 0.005459270 0.030858420 0.030688250 0.025423060 0.020063150 0.006733220 0.041938350 0.047304720 0.038340950 0.021534020 0.028164790 0.004161220 0.003936530 0.000000000 0.000724620 0.025550990 0.014021080 0.019717000 0.031715990 0.028059610 0.024417350 0.016247310 0.006931140 0.022076880 0.014310740 0.007419590 0.050635780 0.069037600 0.015794730 0.024763130 0.021674970 0.038439240 0.017476080 0.041987380 0.011228880 0.023072300 0.022801000 0.065148330 0.036409950 0.017688260 
36     0.053680010 0.022569360 0.037574860 0.051236770 0.036759170 0.029507750 0.047195070 0.033504550 0.035060260 0.065477650 0.035681810 0.071050090 0.015892830 0.038639650 0.023462160 0.018102250 0.002304640 0.029210740 0.032762680 0.034788070 0.029651720 0.011270240 0.004627040 0.003188400 0.000724620 0.000000000 0.010333890 0.035514870 0.009635780 0.009244310 0.015999440 0.002674070 0.026782090 0.006010760 0.005679930 0.034410930 0.019090530 0.044560900 0.002965330 0.009719850 0.013954070 0.022926660 0.016227180 0.026207750 0.011060580 0.018759620 0.021111400 0.020840100 0.019595200 0.009587470 0.026029490 
23     0.031960210 0.020188960 0.040436840 0.042103950 0.024524280 0.045139040 0.010089290 0.019138270 0.081947080 0.065048480 0.045444380 0.039440900 0.027447020 0.040864660 0.006643860 0.022246120 0.009531400 0.063084350 0.045016000 0.048233170 0.023742220 0.001198210 0.009040220 0.012710720 0.025550990 0.010333890 0.000000000 0.035728860 0.011762790 0.052724380 0.030242580 0.011629020 0.026160940 0.004819440 0.019836150 0.032623560 0.049310240 0.022551950 0.025639640 0.004419590 0.003882040 0.016325520 0.055482290 0.008393170 0.000938710 0.022903490 0.025255270 0.024983970 0.065246460 0.029904460 0.023234620 
45     0.051724310 0.051333580 0.006720040 0.011099420 0.012272200 0.028868670 0.009448600 0.002851550 0.007401590 0.022089210 0.017603850 0.002640500 0.046043160 0.030469760 0.023395120 0.005423220 0.002857350 0.031659400 0.027751070 0.040458390 0.006468050 0.011775500 0.019345040 0.014881100 0.014021080 0.035514870 0.035728860 0.000000000 0.002565230 0.010382190 0.015896000 0.012090000 0.006897430 0.025278180 0.010838480 0.016098200 0.010458770 0.029595820 0.010623460 0.030366410 0.046267720 0.039021980 0.053526200 0.032685980 0.017058630 0.034952550 0.010231510 0.011543130 0.025442990 0.010103310 0.009563350 
29     0.044939850 0.040606810 0.013444840 0.056243950 0.000253620 0.028737610 0.053012780 0.058169990 0.001924390 0.010079190 0.023984640 0.029138430 0.005888380 0.028353920 0.041888910 0.019394880 0.008819490 0.038770740 0.012944140 0.030666910 0.006280420 0.020739420 0.021140710 0.017820160 0.019717000 0.009635780 0.011762790 0.002565230 0.000000000 0.001452310 0.005019110 0.006571950 0.030877280 0.019794250 0.034997160 0.002693310 0.043716060 0.059851150 0.015694500 0.009996700 0.020944640 0.016910870 0.028742030 0.049730550 0.015233120 0.048813060 0.024565780 0.023947910 0.013631260 0.030453640 0.042266880 
41     0.027655450 0.012938320 0.014868610 0.064686100 0.016447640 0.084001970 0.033160510 0.038564870 0.044159740 0.020603360 0.016446280 0.048723370 0.044557310 0.045872050 0.031841710 0.004161330 0.017308410 0.023637420 0.016123290 0.014000450 0.010954140 0.060353970 0.022514390 0.018953390 0.031715990 0.009244310 0.052724380 0.010382190 0.001452310 0.000000000 0.008663870 0.020215990 0.055420990 0.024470040 0.022527960 0.010871890 0.009152240 0.012372070 0.019780370 0.017265790 0.023230640 0.025236130 0.014173630 0.048486090 0.082200910 0.051099060 0.020928150 0.023248730 0.056000840 0.031920790 0.017820420 
47     0.045720040 0.049583380 0.000530150 0.008389730 0.014821340 0.070266660 0.048071460 0.043373950 0.030259070 0.052898680 0.045693150 0.067303760 0.054339520 0.074331000 0.026286730 0.014369300 0.022488660 0.032049890 0.014571050 0.037518460 0.060352700 0.024452040 0.025404150 0.024905930 0.028059610 0.015999440 0.030242580 0.015896000 0.005019110 0.008663870 0.000000000 0.020599170 0.033437920 0.027947710 0.066258410 0.011779610 0.033846060 0.015692370 0.043395360 0.059820790 0.053212880 0.053946270 0.039368790 0.049069230 0.034129850 0.016215090 0.018566870 0.018295570 0.054194220 0.054459460 0.016250220 
18     0.087731270 0.006608730 0.047621810 0.008089980 0.027426470 0.007040620 0.049739590 0.099299000 0.057093280 0.033208800 0.005379740 0.061891150 0.012695410 0.029155440 0.053723570 0.036869620 0.010920980 0.038081220 0.016436160 0.018380510 0.015422420 0.025670460 0.029677270 0.030200070 0.024417350 0.002674070 0.011629020 0.012090000 0.006571950 0.020215990 0.020599170 0.000000000 0.020892910 0.010248580 0.009774130 0.044960640 0.024639310 0.040049900 0.021670650 0.026319040 0.035862030 0.004897900 0.039881960 0.004800090 0.040634750 0.021210610 0.018222630 0.021828070 0.026023120 0.010977750 0.016126290 
46     0.044847170 0.021808080 0.022800960 0.026771920 0.022357600 0.023280590 0.041236460 0.034828340 0.018398500 0.070418520 0.010823940 0.006620310 0.040956520 0.002481360 0.042395150 0.017469370 0.001627500 0.020257850 0.011452780 0.030817650 0.027489280 0.014294580 0.040545630 0.013988890 0.016247310 0.026782090 0.026160940 0.006897430 0.030877280 0.055420990 0.033437920 0.020892910 0.000000000 0.004178830 0.024545060 0.003573150 0.041995120 0.010485230 0.015648180 0.030051180 0.025640140 0.024478750 0.034586010 0.021938170 0.015934490 0.029528820 0.005003660 0.037668970 0.023592500 0.047269070 0.022116110 
44     0.064942210 0.035381590 0.050877310 0.011610430 0.028747030 0.035191910 0.050476740 0.037901060 0.040881000 0.054606060 0.024225940 0.116465650 0.091548910 0.035160300 0.013147020 0.034476470 0.034180340 0.026824810 0.024016350 0.025618200 0.060332080 0.052724990 0.015553310 0.010624860 0.006931140 0.006010760 0.004819440 0.025278180 0.019794250 0.024470040 0.027947710 0.010248580 0.004178830 0.000000000 0.008353700 0.006276230 0.021642890 0.039033580 0.030008440 0.027268980 0.039062850 0.009509360 0.062971320 0.020245250 0.034201270 0.055632180 0.035893890 0.036780040 0.031274450 0.023898040 0.027845840 
30     0.020702970 0.024465650 0.009860280 0.023654860 0.041221630 0.056615140 0.048614640 0.065758450 0.034345390 0.016663040 0.019530440 0.045865610 0.041735120 0.030410470 0.018607510 0.046846770 0.014417430 0.034409750 0.060327560 0.019724560 0.057322740 0.015226520 0.023710620 0.021165050 0.022076880 0.005679930 0.019836150 0.010838480 0.034997160 0.022527960 0.066258410 0.009774130 0.024545060 0.008353700 0.000000000 0.004788530 0.010422270 0.020792050 0.003100820 0.005965040 0.005771890 0.044049130 0.043623800 0.006972640 0.022461340 0.012984430 0.062266380 0.027537770 0.037706170 0.008712490 0.008277440 
28     0.052322190 0.068459280 0.036234750 0.048994190 0.019745950 0.028382910 0.040835630 0.026310350 0.067521960 0.021275540 0.021585690 0.068038180 0.014576930 0.041658750 0.072864090 0.036746710 0.016085510 0.028778090 0.021173540 0.031979180 0.076169570 0.038943990 0.036273200 0.034577560 0.014310740 0.034410930 0.032623560 0.016098200 0.002693310 0.010871890 0.011779610 0.044960640 0.003573150 0.006276230 0.004788530 0.000000000 0.019581880 0.003617530 0.013782110 0.007492870 0.047544310 0.031740920 0.019487070 0.042131410 0.014778300 0.036889080 0.021075450 0.015709420 0.016209350 0.014981760 0.058132340 
42     0.010760020 0.008031890 0.008522670 0.033464340 0.047976390 0.057749960 0.032498130 0.081405920 0.049440630 0.013588710 0.016761570 0.002768090 0.007284620 0.022227090 0.022056150 0.018001330 0.017658880 0.052997710 0.050721840 0.030316330 0.016673070 0.007196910 0.018063150 0.020529860 0.007419590 0.019090530 0.049310240 0.010458770 0.043716060 0.009152240 0.033846060 0.024639310 0.041995120 0.021642890 0.010422270 0.019581880 0.000000000 0.014885430 0.005196070 0.030187340 0.026924260 0.036033750 0.018840070 0.019589410 0.006435840 0.008343810 0.047081020 0.042675790 0.059097780 0.016691090 0.034327840 
26     0.006410030 0.022071580 0.003367770 0.030427850 0.015274050 0.002301430 0.040043950 0.024569980 0.019887820 0.054284280 0.030331450 0.027640790 0.022497540 0.005360210 0.002756990 0.007873860 0.008114940 0.063001720 0.061373380 0.009905100 0.038046850 0.003788180 0.025469780 0.023729480 0.050635780 0.044560900 0.022551950 0.029595820 0.059851150 0.012372070 0.015692370 0.040049900 0.010485230 0.039033580 0.020792050 0.003617530 0.014885430 0.000000000 0.003754050 0.010620290 0.043852990 0.046209130 0.026267550 0.045965280 0.011620520 0.031656800 0.002520180 0.041043980 0.018516980 0.024768340 0.004192760 
25     0.025482290 0.028371530 0.021010680 0.032795440 0.036380230 0.016452650 0.031431080 0.020487720 0.027450750 0.002929500 0.009005960 0.044908280 0.006293390 0.009796920 0.018185310 0.071055520 0.002152220 0.030160390 0.044705950 0.011160680 0.037584520 0.013682860 0.007127640 0.046521210 0.069037600 0.002965330 0.025639640 0.010623460 0.015694500 0.019780370 0.043395360 0.021670650 0.015648180 0.030008440 0.003100820 0.013782110 0.005196070 0.003754050 0.000000000 0.008777040 0.035590030 0.025747780 0.011769750 0.035167120 0.013688280 0.024879710 0.018646450 0.021630760 0.024809790 0.023574490 0.006603690 
37     0.049059360 0.066151690 0.030772580 0.014373820 0.017521010 0.061609110 0.098380200 0.067661510 0.069581280 0.035446740 0.029313300 0.017393080 0.039641690 0.067216860 0.026714910 0.011113660 0.011911930 0.049348870 0.008334880 0.024159870 0.021731300 0.005219420 0.008349130 0.007270500 0.015794730 0.009719850 0.004419590 0.030366410 0.009996700 0.017265790 0.059820790 0.026319040 0.030051180 0.027268980 0.005965040 0.007492870 0.030187340 0.010620290 0.008777040 0.000000000 0.007497870 0.015092280 0.017318380 0.017911170 0.005867630 0.015144860 0.022914740 0.004473970 0.036646420 0.026121850 0.021965410 
27     0.043601300 0.085011280 0.024141720 0.030523680 0.044266050 0.062701180 0.031002800 0.056034860 0.015651460 0.094935580 0.099038230 0.078286810 0.066456130 0.037903000 0.058395960 0.053036050 0.043866740 0.030426320 0.003556770 0.002757770 0.016139160 0.004681870 0.015200130 0.018013010 0.024763130 0.013954070 0.003882040 0.046267720 0.020944640 0.023230640 0.053212880 0.035862030 0.025640140 0.039062850 0.005771890 0.047544310 0.026924260 0.043852990 0.035590030 0.007497870 0.000000000 0.007567060 0.056625560 0.019389600 0.021620060 0.030271200 0.028039310 0.028585420 0.023396620 0.030526960 0.028451850 
38     0.022544050 0.057146160 0.001865600 0.039364720 0.064330910 0.012329290 0.076302620 0.000667820 0.014456180 0.068435720 0.017880380 0.071611770 0.045212510 0.029001550 0.048421280 0.055041540 0.023849190 0.005704260 0.026624760 0.032571980 0.032243740 0.003742200 0.055690950 0.055192730 0.021674970 0.022926660 0.016325520 0.039021980 0.016910870 0.025236130 0.053946270 0.004897900 0.024478750 0.009509360 0.044049130 0.031740920 0.036033750 0.046209130 0.025747780 0.015092280 0.007567060 0.000000000 0.030892120 0.029753880 0.025279140 0.013962070 0.012134280 0.018352530 0.007806490 0.001882110 0.025372240 
31     0.033042210 0.031455590 0.014239390 0.066293980 0.012707720 0.011369900 0.108803540 0.035397820 0.012091200 0.017496600 0.009946260 0.017418070 0.013721870 0.002037900 0.031979630 0.041736590 0.019129880 0.005200290 0.009103570 0.008587890 0.058970110 0.016086600 0.002162600 0.021950190 0.038439240 0.016227180 0.055482290 0.053526200 0.028742030 0.014173630 0.039368790 0.039881960 0.034586010 0.062971320 0.043623800 0.019487070 0.018840070 0.026267550 0.011769750 0.017318380 0.056625560 0.030892120 0.000000000 0.069596130 0.043189960 0.032786550 0.018144330 0.021715090 0.027957110 0.033718110 0.012001950 
24     0.004703540 0.016595240 0.017008230 0.022945900 0.012712040 0.014902510 0.007963840 0.030280710 0.021433360 0.026978580 0.031295670 0.047506460 0.068305240 0.063486710 0.016573130 0.026541190 0.005599500 0.035872770 0.023076970 0.020609110 0.016540080 0.033557370 0.008128460 0.008774620 0.017476080 0.026207750 0.008393170 0.032685980 0.049730550 0.048486090 0.049069230 0.004800090 0.021938170 0.020245250 0.006972640 0.042131410 0.019589410 0.045965280 0.035167120 0.017911170 0.019389600 0.029753880 0.069596130 0.000000000 0.003177860 0.037247100 0.035405860 0.017516660 0.012520610 0.007252870 0.024087650 
40     0.047823890 0.011996220 0.034266400 0.007099070 0.011438550 0.070171390 0.034720300 0.058109970 0.048715600 0.022486360 0.028829820 0.041972350 0.026620650 0.044180070 0.035131050 0.033150350 0.030974320 0.015631160 0.017281080 0.030962890 0.026445420 0.027747570 0.009359320 0.007128970 0.041987380 0.011060580 0.000938710 0.017058630 0.015233120 0.082200910 0.034129850 0.040634750 0.015934490 0.034201270 0.022461340 0.014778300 0.006435840 0.011620520 0.013688280 0.005867630 0.021620060 0.025279140 0.043189960 0.003177860 0.000000000 0.011304430 0.018410500 0.018899270 0.026040470 0.005683590 0.021251530 
35     0.014669980 0.043827860 0.010627980 0.011177600 0.001046580 0.044140610 0.021574290 0.028858780 0.022491390 0.020654880 0.021300020 0.040813750 0.037503610 0.046950440 0.018947640 0.008218630 0.015149570 0.009339470 0.039486190 0.015425390 0.008490810 0.007825560 0.018065060 0.017566840 0.011228880 0.018759620 0.022903490 0.034952550 0.048813060 0.051099060 0.016215090 0.021210610 0.029528820 0.055632180 0.012984430 0.036889080 0.008343810 0.031656800 0.024879710 0.015144860 0.030271200 0.013962070 0.032786550 0.037247100 0.011304430 0.000000000 0.004951750 0.008300920 0.001597210 0.005985850 0.033315980 
33     0.059759270 0.038279380 0.010748560 0.046056260 0.028128580 0.066628030 0.044935850 0.044273550 0.016479090 0.009876710 0.022719520 0.033581470 0.011216200 0.022611730 0.021299420 0.010570410 0.017501350 0.007511680 0.024739510 0.033438010 0.054685110 0.032747970 0.020416840 0.019918620 0.023072300 0.021111400 0.025255270 0.010231510 0.024565780 0.020928150 0.018566870 0.018222630 0.005003660 0.035893890 0.062266380 0.021075450 0.047081020 0.002520180 0.018646450 0.022914740 0.028039310 0.012134280 0.018144330 0.035405860 0.018410500 0.004951750 0.000000000 0.001825880 0.013863510 0.003028350 0.028235140 
34     0.060442190 0.015570420 0.035656500 0.033064550 0.022870420 0.019432780 0.087029850 0.014634800 0.015496570 0.063976610 0.013879280 0.026304670 0.034349520 0.000585890 0.015659130 0.010299110 0.017230050 0.016942710 0.015726010 0.039120680 0.014072710 0.041068310 0.020145540 0.019647320 0.022801000 0.020840100 0.024983970 0.011543130 0.023947910 0.023248730 0.018295570 0.021828070 0.037668970 0.036780040 0.027537770 0.015709420 0.042675790 0.041043980 0.021630760 0.004473970 0.028585420 0.018352530 0.021715090 0.017516660 0.018899270 0.008300920 0.001825880 0.000000000 0.009666230 0.011755780 0.038157980 
39     0.054318860 0.067760710 0.035980270 0.025564000 0.057902900 0.039638530 0.005245000 0.073939880 0.034217500 0.084547060 0.006568550 0.059648560 0.047964530 0.048432520 0.041271780 0.020424600 0.019413380 0.007759110 0.051102010 0.032954400 0.044488940 0.029266050 0.053001450 0.030628250 0.065148330 0.019595200 0.065246460 0.025442990 0.013631260 0.056000840 0.054194220 0.026023120 0.023592500 0.031274450 0.037706170 0.016209350 0.059097780 0.018516980 0.024809790 0.036646420 0.023396620 0.007806490 0.027957110 0.012520610 0.026040470 0.001597210 0.013863510 0.009666230 0.000000000 0.009161880 0.037159630 
22     0.039911990 0.009909110 0.016748530 0.037290320 0.040352850 0.054516510 0.067823810 0.002114020 0.065371530 0.004248830 0.027898730 0.021981090 0.102146030 0.073401790 0.045735310 0.053878560 0.011368730 0.007059650 0.065139120 0.048316460 0.043658910 0.060893950 0.011666410 0.010894320 0.036409950 0.009587470 0.029904460 0.010103310 0.030453640 0.031920790 0.054459460 0.010977750 0.047269070 0.023898040 0.008712490 0.014981760 0.016691090 0.024768340 0.023574490 0.026121850 0.030526960 0.001882110 0.033718110 0.007252870 0.005683590 0.005985850 0.003028350 0.011755780 0.009161880 0.000000000 0.022883430 
0     0.015906400 0.004909460 0.039306660 0.010175020 0.040875990 0.020001310 0.011771640 0.008112560 0.012177450 0.035929760 0.005467730 0.004877860 0.011661190 0.017716590 0.015049580 0.016622860 0.010559660 0.026614600 0.026813400 0.078385930 0.021862350 0.015618050 0.017534970 0.020499800 0.017688260 0.026029490 0.023234620 0.009563350 0.042266880 0.017820420 0.016250220 0.016126290 0.022116110 0.027845840 0.008277440 0.058132340 0.034327840 0.004192760 0.006603690 0.021965410 0.028451850 0.025372240 0.012001950 0.024087650 0.021251530 0.033315980 0.028235140 0.038157980 0.037159630 0.022883430 0.000000000 
