51
16     0.000000000 0.501044101 0.459561608 0.493735850 0.490111186 0.494405570 0.609695271 0.557105923 0.520661886 0.752955733 0.639474764 0.790601138 0.748779278 0.756401059 0.724559688 0.698115352 0.600967931 0.949286314 0.895785199 0.904430761 0.857414912 0.839855730 0.745353176 0.750173705 0.759202117 0.758892231 0.805721306 0.722822356 0.752555706 0.812191832 0.811166999 0.795235728 0.850126847 0.873509389 0.844299247 0.927357367 0.853583466 0.873571893 0.847222104 0.829749633 0.878251118 0.849808756 0.928994754 0.803866116 0.819577701 0.810326232 0.827346803 0.819851643 0.845220995 0.847746122 0.987938311 
14     0.501044101 0.000000000 0.400138062 0.438560136 0.437515638 0.445831579 0.565575215 0.546237574 0.505796108 0.727609608 0.615531695 0.764206873 0.727902387 0.725103891 0.705960378 0.678596509 0.576767801 0.924149830 0.870396537 0.880723927 0.828677590 0.813517996 0.718921445 0.723724934 0.730489751 0.729535878 0.774100090 0.693481480 0.721540498 0.782049123 0.778820200 0.764577695 0.815105913 0.840915562 0.813658003 0.885397496 0.815567930 0.834438243 0.806657070 0.806888895 0.854687995 0.823463074 0.884750798 0.763363309 0.781649962 0.779786688 0.796954750 0.789815909 0.810675439 0.816745171 0.963852692 
15     0.459561608 0.400138062 0.000000000 0.184047741 0.282019768 0.334664739 0.513339303 0.507523040 0.472322386 0.700779185 0.580697762 0.734848105 0.693393355 0.693675281 0.665356120 0.639438309 0.542339228 0.882777211 0.830949213 0.841867453 0.795288406 0.785239839 0.681546958 0.683034552 0.692463129 0.693042642 0.742745617 0.659550069 0.685659545 0.746603645 0.744493999 0.735188224 0.788230150 0.813116868 0.782273953 0.858871099 0.796993831 0.810718719 0.783065266 0.774651569 0.823643380 0.797199835 0.862624707 0.739838542 0.752283358 0.746018135 0.759348818 0.750962055 0.776848117 0.780878191 0.928674671 
10     0.493735850 0.438560136 0.184047741 0.000000000 0.321347413 0.369589344 0.556516564 0.549522845 0.515649148 0.734810947 0.613245383 0.768677592 0.727137363 0.727305916 0.697448570 0.671287859 0.579100325 0.912287818 0.857600417 0.870608779 0.821202165 0.815277977 0.708962423 0.712674419 0.723199960 0.722424746 0.776348234 0.690838454 0.717098724 0.776854577 0.777191978 0.761271202 0.814608005 0.837243271 0.811589170 0.889760229 0.824211374 0.839514003 0.809946656 0.801902104 0.852019939 0.826119185 0.892569942 0.770183630 0.785054587 0.776555465 0.792425221 0.783713327 0.807392289 0.809917871 0.950849428 
17     0.490111186 0.437515638 0.282019768 0.321347413 0.000000000 0.372684236 0.556221047 0.546155673 0.512640154 0.737255448 0.620169401 0.765362202 0.728185244 0.727588939 0.699928064 0.672541744 0.579740103 0.918188927 0.866370110 0.876681103 0.831635519 0.818589461 0.722789820 0.726941831 0.736032045 0.733573892 0.784880915 0.699441571 0.723733564 0.783554936 0.782974142 0.770172080 0.819466573 0.842594926 0.820081978 0.900594641 0.836134411 0.846429707 0.818576645 0.810335515 0.859948786 0.833434499 0.897628622 0.775043207 0.787114776 0.784234364 0.798884882 0.789787575 0.813723798 0.818583900 0.968413745 
13     0.494405570 0.445831579 0.334664739 0.369589344 0.372684236 0.000000000 0.555482666 0.556199365 0.521802280 0.738915669 0.624301127 0.771249468 0.729546413 0.734135904 0.706951604 0.680101379 0.586005800 0.922335535 0.870743920 0.882330622 0.833747747 0.823180480 0.723177283 0.726792930 0.736643367 0.738177178 0.787043190 0.699221057 0.723446727 0.788277160 0.786607067 0.776332364 0.826386579 0.853646756 0.824567972 0.902910673 0.835490258 0.854643589 0.823264325 0.808896782 0.859632985 0.831626661 0.902177790 0.782371437 0.798193442 0.790916103 0.806647194 0.799496381 0.820119013 0.825248083 0.974872263 
1     0.609695271 0.565575215 0.513339303 0.556516564 0.556221047 0.555482666 0.000000000 0.657277454 0.625793743 0.842991711 0.729824463 0.880829740 0.840532181 0.839729441 0.821976063 0.794661536 0.692067115 1.030523586 0.974840490 0.985424072 0.941668139 0.925917665 0.830830678 0.833838122 0.839550017 0.840437225 0.886995332 0.800924952 0.830684061 0.889129669 0.888054494 0.879960337 0.931507476 0.958588100 0.926956141 1.002520501 0.940021446 0.954672205 0.922583869 0.924177969 0.967578499 0.941956981 1.008404125 0.885059075 0.896491902 0.888551443 0.908626408 0.900336595 0.926862044 0.929383056 1.065232021 
12     0.557105923 0.546237574 0.507523040 0.549522845 0.546155673 0.556199365 0.657277454 0.000000000 0.274272847 0.749407872 0.635359964 0.805752016 0.762856705 0.762757174 0.737430217 0.708621638 0.603193521 0.950247640 0.897441705 0.909093171 0.864065584 0.841282594 0.746356357 0.748330776 0.760448227 0.760817927 0.812469480 0.719108515 0.756440438 0.818417738 0.812835183 0.801873700 0.843717516 0.867768535 0.837765786 0.920751403 0.854780948 0.871692795 0.846790730 0.827128373 0.872893601 0.841899049 0.925460293 0.797419879 0.808217100 0.811183469 0.823897725 0.817397762 0.840372834 0.848820865 0.989685059 
5     0.520661886 0.505796108 0.472322386 0.515649148 0.512640154 0.521802280 0.625793743 0.274272847 0.000000000 0.714436456 0.607453360 0.774378413 0.731437616 0.728728544 0.710773204 0.680475001 0.573903760 0.921448266 0.866390206 0.879013301 0.822558387 0.806140101 0.712379451 0.715280649 0.726479162 0.726964041 0.780989980 0.688877694 0.723098034 0.783073634 0.776219403 0.766603774 0.813095613 0.839000791 0.810586857 0.888671087 0.822970950 0.836786355 0.815037085 0.795906912 0.840445794 0.808856160 0.892044522 0.765793211 0.780312370 0.786151316 0.797857998 0.791146016 0.814966698 0.825155646 0.961594228 
6     0.752955733 0.727609608 0.700779185 0.734810947 0.737255448 0.738915669 0.842991711 0.749407872 0.714436456 0.000000000 0.448999659 0.815573391 0.768639770 0.761486971 0.744606273 0.715902250 0.611166923 0.957525065 0.906074810 0.915027565 0.867702975 0.847000466 0.748766462 0.752142802 0.767451774 0.765006605 0.815699152 0.727061674 0.755566280 0.819089720 0.812419687 0.802385181 0.848332356 0.874228169 0.833675528 0.918947753 0.856466894 0.869054504 0.842446680 0.822523933 0.865574718 0.835235685 0.922009026 0.797161459 0.817434672 0.811380444 0.823025544 0.816734704 0.845424148 0.852228124 0.999060367 
7     0.639474764 0.615531695 0.580697762 0.613245383 0.620169401 0.624301127 0.729824463 0.635359964 0.607453360 0.448999659 0.000000000 0.703918552 0.664712242 0.655322381 0.641973077 0.614959775 0.505196515 0.847686352 0.794743193 0.805772458 0.755276041 0.738585266 0.642674856 0.646443435 0.657936657 0.659612564 0.707411472 0.611781916 0.638263524 0.700619080 0.695023673 0.692033195 0.733208524 0.756773634 0.736624945 0.822449136 0.753339958 0.764691007 0.736334928 0.725200827 0.765343383 0.735160870 0.817526899 0.686070455 0.699375008 0.697757031 0.710590634 0.703930925 0.731075267 0.737461700 0.877914756 
11     0.790601138 0.764206873 0.734848105 0.768677592 0.765362202 0.771249468 0.880829740 0.805752016 0.774378413 0.815573391 0.703918552 0.000000000 0.497525269 0.521175237 0.615393652 0.586948847 0.625185014 0.977402567 0.921632698 0.931778118 0.885153203 0.857521557 0.773081588 0.777509066 0.787360331 0.788080526 0.833841511 0.747694543 0.769563800 0.826634686 0.822021509 0.827637138 0.874522013 0.899101723 0.867172704 0.941749078 0.884677736 0.893780033 0.867396208 0.846532040 0.904280582 0.876241705 0.944897172 0.825464407 0.846886594 0.830567493 0.838268254 0.833519135 0.860371477 0.866889353 1.008827376 
8     0.748779278 0.727902387 0.693393355 0.727137363 0.728185244 0.729546413 0.840532181 0.762856705 0.731437616 0.768639770 0.664712242 0.497525269 0.000000000 0.470520279 0.568358557 0.538422833 0.578646631 0.924376373 0.864210257 0.874899832 0.835828145 0.806572114 0.728419271 0.731955706 0.740152679 0.743555545 0.783913887 0.699256566 0.719362166 0.776215063 0.770953272 0.779899560 0.826695770 0.851073400 0.814013027 0.885687653 0.827701160 0.842207168 0.813164585 0.795450779 0.847152248 0.819750357 0.887073418 0.775256527 0.789410759 0.779789265 0.788788811 0.785204191 0.810253134 0.814832391 0.950484827 
4     0.756401059 0.725103891 0.693675281 0.727305916 0.727588939 0.734135904 0.839729441 0.762757174 0.728728544 0.761486971 0.655322381 0.521175237 0.470520279 0.000000000 0.579580384 0.544605558 0.574608867 0.918389098 0.861528860 0.871285325 0.833997959 0.805045784 0.721289472 0.724692122 0.733980436 0.735328222 0.780997437 0.696733693 0.712949234 0.774106452 0.770362315 0.780204641 0.822802938 0.842954744 0.809697815 0.886557723 0.827816096 0.838850577 0.810416273 0.792043137 0.845878306 0.819868406 0.883695659 0.779586492 0.796805562 0.778536051 0.788084504 0.780676834 0.805737755 0.813170994 0.958380913 
9     0.724559688 0.705960378 0.665356120 0.697448570 0.699928064 0.706951604 0.821976063 0.737430217 0.710773204 0.744606273 0.641973077 0.615393652 0.568358557 0.579580384 0.000000000 0.232401475 0.556574072 0.897591526 0.842231950 0.851087146 0.813765950 0.788439047 0.700828837 0.702447221 0.708940012 0.712243004 0.756969462 0.679177678 0.693022205 0.753881066 0.747717540 0.752165032 0.795432525 0.814941160 0.780148657 0.863776721 0.798758011 0.803495409 0.778213231 0.774525891 0.823657875 0.795690622 0.869189143 0.746622523 0.757859523 0.746525492 0.755050335 0.750175406 0.776266879 0.780514525 0.941272865 
3     0.698115352 0.678596509 0.639438309 0.671287859 0.672541744 0.680101379 0.794661536 0.708621638 0.680475001 0.715902250 0.614959775 0.586948847 0.538422833 0.544605558 0.232401475 0.000000000 0.526390292 0.870415185 0.810935657 0.819383745 0.784889503 0.760466221 0.673839276 0.676114457 0.682148232 0.685360016 0.728151200 0.647715680 0.665397975 0.722762433 0.716199701 0.726062281 0.766695168 0.787590027 0.762542809 0.841028232 0.776136900 0.783052256 0.755371752 0.744281758 0.796553291 0.768548750 0.841211478 0.718677299 0.729501856 0.716478020 0.723900477 0.719369096 0.746117432 0.752721595 0.914658939 
2     0.600967931 0.576767801 0.542339228 0.579100325 0.579740103 0.586005800 0.692067115 0.603193521 0.573903760 0.611166923 0.505196515 0.625185014 0.578646631 0.574608867 0.556574072 0.526390292 0.000000000 0.697733995 0.638682542 0.652576233 0.613783563 0.595280169 0.499519778 0.499620007 0.509796306 0.510151250 0.558939228 0.483372449 0.503156191 0.563114625 0.561989953 0.562032097 0.609348078 0.630512517 0.585045878 0.670870048 0.602432777 0.618330057 0.591934592 0.568211653 0.618910713 0.595692091 0.668445638 0.555439679 0.572097648 0.556422747 0.570973826 0.563042143 0.586814603 0.593755959 0.739746309 
43     0.949286314 0.924149830 0.882777211 0.912287818 0.918188927 0.922335535 1.030523586 0.950247640 0.921448266 0.957525065 0.847686352 0.977402567 0.924376373 0.918389098 0.897591526 0.870415185 0.697733995 0.000000000 0.468442387 0.473764813 0.753722161 0.769891768 0.676790505 0.680375019 0.691523111 0.691571569 0.743050077 0.691898793 0.708822776 0.772939123 0.764637696 0.769472635 0.814870074 0.846139569 0.868924921 0.958640272 0.886751367 0.886217835 0.869306451 0.852217104 0.906285150 0.877103488 0.957880453 0.841214578 0.858154373 0.844788038 0.854696695 0.849740362 0.875669997 0.878516197 1.056970122 
19     0.895785199 0.870396537 0.830949213 0.857600417 0.866370110 0.870743920 0.974840490 0.897441705 0.866390206 0.906074810 0.794743193 0.921632698 0.864210257 0.861528860 0.842231950 0.810935657 0.638682542 0.468442387 0.000000000 0.213676000 0.698409848 0.722546067 0.634152661 0.632782780 0.644784579 0.643410243 0.695940663 0.638656841 0.653655849 0.723065140 0.713178951 0.721953891 0.762230451 0.795458981 0.831512986 0.915727963 0.848988529 0.847357137 0.829122796 0.805336514 0.864647737 0.830805773 0.903156391 0.785248991 0.803401996 0.796140424 0.804135038 0.797644702 0.824770288 0.829490851 1.008914090 
32     0.904430761 0.880723927 0.841867453 0.870608779 0.876681103 0.882330622 0.985424072 0.909093171 0.879013301 0.915027565 0.805772458 0.931778118 0.874899832 0.871285325 0.851087146 0.819383745 0.652576233 0.473764813 0.213676000 0.000000000 0.705819824 0.731020692 0.641781095 0.640933223 0.653119463 0.651690154 0.706247430 0.655168444 0.669083059 0.741141433 0.731292971 0.732452596 0.772525719 0.807157688 0.844824139 0.929866775 0.861422375 0.861661792 0.842760884 0.817190035 0.875691497 0.845240837 0.917564109 0.801532476 0.816157320 0.804636212 0.814847395 0.808914432 0.836358960 0.839245605 1.019060135 
48     0.857414912 0.828677590 0.795288406 0.821202165 0.831635519 0.833747747 0.941668139 0.864065584 0.822558387 0.867702975 0.755276041 0.885153203 0.835828145 0.833997959 0.813765950 0.784889503 0.613783563 0.753722161 0.698409848 0.705819824 0.000000000 0.675424170 0.585511908 0.586365101 0.592012466 0.596218576 0.649108038 0.600612999 0.616474006 0.681654434 0.672660211 0.674356752 0.720502373 0.752124088 0.791901609 0.875219445 0.795179597 0.811319126 0.788626694 0.763092372 0.820580985 0.794292155 0.869069127 0.751030957 0.770727823 0.752410390 0.762022225 0.751888071 0.782974819 0.780437554 0.959884747 
50     0.839855730 0.813517996 0.785239839 0.815277977 0.818589461 0.823180480 0.925917665 0.841282594 0.806140101 0.847000466 0.738585266 0.857521557 0.806572114 0.805045784 0.788439047 0.760466221 0.595280169 0.769891768 0.722546067 0.731020692 0.675424170 0.000000000 0.497367255 0.499286903 0.507866308 0.506991515 0.565549737 0.583129277 0.593690468 0.666440564 0.652169670 0.661389358 0.701917237 0.728771695 0.767111703 0.854390647 0.781186443 0.788867445 0.769350324 0.742118090 0.799761287 0.770608241 0.851820378 0.726013729 0.751271875 0.728260425 0.744752440 0.737115733 0.762499905 0.766041042 0.951653923 
21     0.745353176 0.718921445 0.681546958 0.708962423 0.722789820 0.723177283 0.830830678 0.746356357 0.712379451 0.748766462 0.642674856 0.773081588 0.728419271 0.721289472 0.700828837 0.673839276 0.499519778 0.676790505 0.634152661 0.641781095 0.585511908 0.497367255 0.000000000 0.077206671 0.156087096 0.151228557 0.441508983 0.500426692 0.512163902 0.580738781 0.569801673 0.577019518 0.620194762 0.647390624 0.683343407 0.776963515 0.702690461 0.710792648 0.685320709 0.657223027 0.715739213 0.687507459 0.768622317 0.644183213 0.671180591 0.649685054 0.661164535 0.652883689 0.683569010 0.686007570 0.857718182 
49     0.750173705 0.723724934 0.683034552 0.712674419 0.726941831 0.726792930 0.833838122 0.748330776 0.715280649 0.752142802 0.646443435 0.777509066 0.731955706 0.724692122 0.702447221 0.676114457 0.499620007 0.680375019 0.632782780 0.640933223 0.586365101 0.499286903 0.077206671 0.000000000 0.154261323 0.148789401 0.441974122 0.502373294 0.513900885 0.583138292 0.571968088 0.578322607 0.621517301 0.648086056 0.686157193 0.780227168 0.706667492 0.714192163 0.689193594 0.661224090 0.718526847 0.690529051 0.770336665 0.646722886 0.673078877 0.653861359 0.664402828 0.656126177 0.685947193 0.689129213 0.859960507 
20     0.759202117 0.730489751 0.692463129 0.723199960 0.736032045 0.736643367 0.839550017 0.760448227 0.726479162 0.767451774 0.657936657 0.787360331 0.740152679 0.733980436 0.708940012 0.682148232 0.509796306 0.691523111 0.644784579 0.653119463 0.592012466 0.507866308 0.156087096 0.154261323 0.000000000 0.138734533 0.449091792 0.512564269 0.524422973 0.590875052 0.579375234 0.588431649 0.629986240 0.657028108 0.694205125 0.787271892 0.713446660 0.723969268 0.697421016 0.667896151 0.722475457 0.692892126 0.781061113 0.654482426 0.682738492 0.662188748 0.672433820 0.664096709 0.693182457 0.696275129 0.871511505 
36     0.758892231 0.729535878 0.693042642 0.722424746 0.733573892 0.738177178 0.840437225 0.760817927 0.726964041 0.765006605 0.659612564 0.788080526 0.743555545 0.735328222 0.712243004 0.685360016 0.510151250 0.691571569 0.643410243 0.651690154 0.596218576 0.506991515 0.151228557 0.148789401 0.138734533 0.000000000 0.450162294 0.511102542 0.523155609 0.591098565 0.581145748 0.587741005 0.631335931 0.658215230 0.690980744 0.787842941 0.713883382 0.723473523 0.697296785 0.667980140 0.724589250 0.695621306 0.776226097 0.652726707 0.678632542 0.660172214 0.671421746 0.663179144 0.690629920 0.694439792 0.873446739 
23     0.805721306 0.774100090 0.742745617 0.776348234 0.784880915 0.787043190 0.886995332 0.812469480 0.780989980 0.815699152 0.707411472 0.833841511 0.783913887 0.780997437 0.756969462 0.728151200 0.558939228 0.743050077 0.695940663 0.706247430 0.649108038 0.565549737 0.441508983 0.441974122 0.449091792 0.450162294 0.000000000 0.557645947 0.566689625 0.634092680 0.630167619 0.633232656 0.678964513 0.703825975 0.737661396 0.822204155 0.746065846 0.755706614 0.729007099 0.713514144 0.774251168 0.741729943 0.820339318 0.698557311 0.721186626 0.702387417 0.719443492 0.711346022 0.738684150 0.741040581 0.931600726 
45     0.722822356 0.693481480 0.659550069 0.690838454 0.699441571 0.699221057 0.800924952 0.719108515 0.688877694 0.727061674 0.611781916 0.747694543 0.699256566 0.696733693 0.679177678 0.647715680 0.483372449 0.691898793 0.638656841 0.655168444 0.600612999 0.583129277 0.500426692 0.502373294 0.512564269 0.511102542 0.557645947 0.000000000 0.310502998 0.370725923 0.361110103 0.529808068 0.571612763 0.605078509 0.653068978 0.745412641 0.669740626 0.681365305 0.655612916 0.630863689 0.685573854 0.656614991 0.741391603 0.614078024 0.631028528 0.626759017 0.638763333 0.631223380 0.653839524 0.659641768 0.849458629 
29     0.752555706 0.721540498 0.685659545 0.717098724 0.723733564 0.723446727 0.830684061 0.756440438 0.723098034 0.755566280 0.638263524 0.769563800 0.719362166 0.712949234 0.693022205 0.665397975 0.503156191 0.708822776 0.653655849 0.669083059 0.616474006 0.593690468 0.512163902 0.513900885 0.524422973 0.523155609 0.566689625 0.310502998 0.000000000 0.349181514 0.336569318 0.547309678 0.589971648 0.618068424 0.672908171 0.756415309 0.682922644 0.696968974 0.671068233 0.644673001 0.701799442 0.675372471 0.755400714 0.635501131 0.654079652 0.637021125 0.653593022 0.646042925 0.667886605 0.672752203 0.872421812 
41     0.812191832 0.782049123 0.746603645 0.776854577 0.783554936 0.788277160 0.889129669 0.818417738 0.783073634 0.819089720 0.700619080 0.826634686 0.776215063 0.774106452 0.753881066 0.722762433 0.563114625 0.772939123 0.723065140 0.741141433 0.681654434 0.666440564 0.580738781 0.583138292 0.590875052 0.591098565 0.634092680 0.370725923 0.349181514 0.000000000 0.301380025 0.608306608 0.652744956 0.676887083 0.734466036 0.814927872 0.744923032 0.757257959 0.732814644 0.710511619 0.767376192 0.742386438 0.809465335 0.692490251 0.711827674 0.696826036 0.712606164 0.704904081 0.724184274 0.734519337 0.939316700 
47     0.811166999 0.778820200 0.744493999 0.777191978 0.782974142 0.786607067 0.888054494 0.812835183 0.776219403 0.812419687 0.695023673 0.822021509 0.770953272 0.770362315 0.747717540 0.716199701 0.561989953 0.764637696 0.713178951 0.731292971 0.672660211 0.652169670 0.569801673 0.571968088 0.579375234 0.581145748 0.630167619 0.361110103 0.336569318 0.301380025 0.000000000 0.605610232 0.647693881 0.674308704 0.733234732 0.814406552 0.743348375 0.755202385 0.729489100 0.704322835 0.761200267 0.736318964 0.809833331 0.692514555 0.711767601 0.691744432 0.708582989 0.701545475 0.720547008 0.731887777 0.927551991 
18     0.795235728 0.764577695 0.735188224 0.761271202 0.770172080 0.776332364 0.879960337 0.801873700 0.766603774 0.802385181 0.692033195 0.827637138 0.779899560 0.780204641 0.752165032 0.726062281 0.562032097 0.769472635 0.721953891 0.732452596 0.674356752 0.661389358 0.577019518 0.578322607 0.588431649 0.587741005 0.633232656 0.529808068 0.547309678 0.608306608 0.605610232 0.000000000 0.506501582 0.527804895 0.740182555 0.817174424 0.757466140 0.762360437 0.734940555 0.711563836 0.774791355 0.743020520 0.807349546 0.692482009 0.703083394 0.691643861 0.705432218 0.698285923 0.725323709 0.732375268 0.911301672 
46     0.850126847 0.815105913 0.788230150 0.814608005 0.819466573 0.826386579 0.931507476 0.843717516 0.813095613 0.848332356 0.733208524 0.874522013 0.826695770 0.822802938 0.795432525 0.766695168 0.609348078 0.814870074 0.762230451 0.772525719 0.720502373 0.701917237 0.620194762 0.621517301 0.629986240 0.631335931 0.678964513 0.571612763 0.589971648 0.652744956 0.647693881 0.506501582 0.000000000 0.283423319 0.779915694 0.859274641 0.783327630 0.789120183 0.764552018 0.746069461 0.804262357 0.774146062 0.853141246 0.737205519 0.745016809 0.730937514 0.748636926 0.743251497 0.764826120 0.775065838 0.955626601 
44     0.873509389 0.840915562 0.813116868 0.837243271 0.842594926 0.853646756 0.958588100 0.867768535 0.839000791 0.874228169 0.756773634 0.899101723 0.851073400 0.842954744 0.814941160 0.787590027 0.630512517 0.846139569 0.795458981 0.807157688 0.752124088 0.728771695 0.647390624 0.648086056 0.657028108 0.658215230 0.703825975 0.605078509 0.618068424 0.676887083 0.674308704 0.527804895 0.283423319 0.000000000 0.805879197 0.884152748 0.810541375 0.815914885 0.793551357 0.772033462 0.827636000 0.799692710 0.881134399 0.762256048 0.773456022 0.760746351 0.775912238 0.770093912 0.795559917 0.803466249 0.976597878 
30     0.844299247 0.813658003 0.782273953 0.811589170 0.820081978 0.824567972 0.926956141 0.837765786 0.810586857 0.833675528 0.736624945 0.867172704 0.814013027 0.809697815 0.780148657 0.762542809 0.585045878 0.868924921 0.831512986 0.844824139 0.791901609 0.767111703 0.683343407 0.686157193 0.694205125 0.690980744 0.737661396 0.653068978 0.672908171 0.734466036 0.733234732 0.740182555 0.779915694 0.805879197 0.000000000 0.558919868 0.503402951 0.509082279 0.480911219 0.586818209 0.624377721 0.594971616 0.700282921 0.639261086 0.655816063 0.642154989 0.656525840 0.649777616 0.682052889 0.684886412 0.938385300 
28     0.927357367 0.885397496 0.858871099 0.889760229 0.900594641 0.902910673 1.002520501 0.920751403 0.888671087 0.918947753 0.822449136 0.941749078 0.885687653 0.886557723 0.863776721 0.841028232 0.670870048 0.958640272 0.915727963 0.929866775 0.875219445 0.854390647 0.776963515 0.780227168 0.787271892 0.787842941 0.822204155 0.745412641 0.756415309 0.814927872 0.814406552 0.817174424 0.859274641 0.884152748 0.558919868 0.000000000 0.516706707 0.519925740 0.493054731 0.678536428 0.726365495 0.700288372 0.777105254 0.734035229 0.749667345 0.731631738 0.744434807 0.738004399 0.760061391 0.775693015 1.027520005 
42     0.853583466 0.815567930 0.796993831 0.824211374 0.836134411 0.835490258 0.940021446 0.854780948 0.822970950 0.856466894 0.753339958 0.884677736 0.827701160 0.827816096 0.798758011 0.776136900 0.602432777 0.886751367 0.848988529 0.861422375 0.795179597 0.781186443 0.702690461 0.706667492 0.713446660 0.713883382 0.746065846 0.669740626 0.682922644 0.744923032 0.743348375 0.757466140 0.783327630 0.810541375 0.503402951 0.516706707 0.000000000 0.399707567 0.372112198 0.608589136 0.663716619 0.631010728 0.721878445 0.666714850 0.686524624 0.664356433 0.682517862 0.676481721 0.700204295 0.707394589 0.961763841 
26     0.873571893 0.834438243 0.810718719 0.839514003 0.846429707 0.854643589 0.954672205 0.871692795 0.836786355 0.869054504 0.764691007 0.893780033 0.842207168 0.838850577 0.803495409 0.783052256 0.618330057 0.886217835 0.847357137 0.861661792 0.811319126 0.788867445 0.710792648 0.714192163 0.723969268 0.723473523 0.755706614 0.681365305 0.696968974 0.757257959 0.755202385 0.762360437 0.789120183 0.815914885 0.509082279 0.519925740 0.399707567 0.000000000 0.215653268 0.622417075 0.670136834 0.641217077 0.728119218 0.677032497 0.690155677 0.672270113 0.688206273 0.683211311 0.705856278 0.714642536 0.978722898 
25     0.847222104 0.806657070 0.783065266 0.809946656 0.818576645 0.823264325 0.922583869 0.846790730 0.815037085 0.842446680 0.736334928 0.867396208 0.813164585 0.810416273 0.778213231 0.755371752 0.591934592 0.869306451 0.829122796 0.842760884 0.788626694 0.769350324 0.685320709 0.689193594 0.697421016 0.697296785 0.729007099 0.655612916 0.671068233 0.732814644 0.729489100 0.734940555 0.764552018 0.793551357 0.480911219 0.493054731 0.372112198 0.215653268 0.000000000 0.593370536 0.644526133 0.615016071 0.700616693 0.652203495 0.663362358 0.645782630 0.659444445 0.655653174 0.678651283 0.690595494 0.952059485 
37     0.829749633 0.806888895 0.774651569 0.801902104 0.810335515 0.808896782 0.924177969 0.827128373 0.795906912 0.822523933 0.725200827 0.846532040 0.795450779 0.792043137 0.774525891 0.744281758 0.568211653 0.852217104 0.805336514 0.817190035 0.763092372 0.742118090 0.657223027 0.661224090 0.667896151 0.667980140 0.713514144 0.630863689 0.644673001 0.710511619 0.704322835 0.711563836 0.746069461 0.772033462 0.586818209 0.678536428 0.608589136 0.622417075 0.593370536 0.000000000 0.442912806 0.409439417 0.684438508 0.629419170 0.651673567 0.620876032 0.637215987 0.628958612 0.659728599 0.660770162 0.921204868 
27     0.878251118 0.854687995 0.823643380 0.852019939 0.859948786 0.859632985 0.967578499 0.872893601 0.840445794 0.865574718 0.765343383 0.904280582 0.847152248 0.845878306 0.823657875 0.796553291 0.618910713 0.906285150 0.864647737 0.875691497 0.820580985 0.799761287 0.715739213 0.718526847 0.722475457 0.724589250 0.774251168 0.685573854 0.701799442 0.767376192 0.761200267 0.774791355 0.804262357 0.827636000 0.624377721 0.726365495 0.663716619 0.670136834 0.644526133 0.442912806 0.000000000 0.232473233 0.731139698 0.669308871 0.692875653 0.670092401 0.680532844 0.674078562 0.705845519 0.708978444 0.967948662 
38     0.849808756 0.823463074 0.797199835 0.826119185 0.833434499 0.831626661 0.941956981 0.841899049 0.808856160 0.835235685 0.735160870 0.876241705 0.819750357 0.819868406 0.795690622 0.768548750 0.595692091 0.877103488 0.830805773 0.845240837 0.794292155 0.770608241 0.687507459 0.690529051 0.692892126 0.695621306 0.741729943 0.656614991 0.675372471 0.742386438 0.736318964 0.743020520 0.774146062 0.799692710 0.594971616 0.700288372 0.631010728 0.641217077 0.615016071 0.409439417 0.232473233 0.000000000 0.706348849 0.642110900 0.667287428 0.641561867 0.653772284 0.647382963 0.677117171 0.683806281 0.943829828 
31     0.928994754 0.884750798 0.862624707 0.892569942 0.897628622 0.902177790 1.008404125 0.925460293 0.892044522 0.922009026 0.817526899 0.944897172 0.887073418 0.883695659 0.869189143 0.841211478 0.668445638 0.957880453 0.903156391 0.917564109 0.869069127 0.851820378 0.768622317 0.770336665 0.781061113 0.776226097 0.820339318 0.741391603 0.755400714 0.809465335 0.809833331 0.807349546 0.853141246 0.881134399 0.700282921 0.777105254 0.721878445 0.728119218 0.700616693 0.684438508 0.731139698 0.706348849 0.000000000 0.721788218 0.733965258 0.718402789 0.731194305 0.724804933 0.753197049 0.759939302 1.015398192 
24     0.803866116 0.763363309 0.739838542 0.770183630 0.775043207 0.782371437 0.885059075 0.797419879 0.765793211 0.797161459 0.686070455 0.825464407 0.775256527 0.779586492 0.746622523 0.718677299 0.555439679 0.841214578 0.785248991 0.801532476 0.751030957 0.726013729 0.644183213 0.646722886 0.654482426 0.652726707 0.698557311 0.614078024 0.635501131 0.692490251 0.692514555 0.692482009 0.737205519 0.762256048 0.639261086 0.734035229 0.666714850 0.677032497 0.652203495 0.629419170 0.669308871 0.642110900 0.721788218 0.000000000 0.290552804 0.408356990 0.417441641 0.407869778 0.437342427 0.436853003 0.893156066 
40     0.819577701 0.781649962 0.752283358 0.785054587 0.787114776 0.798193442 0.896491902 0.808217100 0.780312370 0.817434672 0.699375008 0.846886594 0.789410759 0.796805562 0.757859523 0.729501856 0.572097648 0.858154373 0.803401996 0.816157320 0.770727823 0.751271875 0.671180591 0.673078877 0.682738492 0.678632542 0.721186626 0.631028528 0.654079652 0.711827674 0.711767601 0.703083394 0.745016809 0.773456022 0.655816063 0.749667345 0.686524624 0.690155677 0.663362358 0.651673567 0.692875653 0.667287428 0.733965258 0.290552804 0.000000000 0.426651850 0.437099164 0.428214865 0.456208763 0.454494272 0.903326438 
35     0.810326232 0.779786688 0.746018135 0.776555465 0.784234364 0.790916103 0.888551443 0.811183469 0.786151316 0.811380444 0.697757031 0.830567493 0.779789265 0.778536051 0.746525492 0.716478020 0.556422747 0.844788038 0.796140424 0.804636212 0.752410390 0.728260425 0.649685054 0.653861359 0.662188748 0.660172214 0.702387417 0.626759017 0.637021125 0.696826036 0.691744432 0.691643861 0.730937514 0.760746351 0.642154989 0.731631738 0.664356433 0.672270113 0.645782630 0.620876032 0.670092401 0.641561867 0.718402789 0.408356990 0.426651850 0.000000000 0.223213220 0.213498464 0.299066840 0.299745357 0.892914542 
33     0.827346803 0.796954750 0.759348818 0.792425221 0.798884882 0.806647194 0.908626408 0.823897725 0.797857998 0.823025544 0.710590634 0.838268254 0.788788811 0.788084504 0.755050335 0.723900477 0.570973826 0.854696695 0.804135038 0.814847395 0.762022225 0.744752440 0.661164535 0.664402828 0.672433820 0.671421746 0.719443492 0.638763333 0.653593022 0.712606164 0.708582989 0.705432218 0.748636926 0.775912238 0.656525840 0.744434807 0.682517862 0.688206273 0.659444445 0.637215987 0.680532844 0.653772284 0.731194305 0.417441641 0.437099164 0.223213220 0.000000000 0.119690229 0.312995940 0.314141490 0.909597896 
34     0.819851643 0.789815909 0.750962055 0.783713327 0.789787575 0.799496381 0.900336595 0.817397762 0.791146016 0.816734704 0.703930925 0.833519135 0.785204191 0.780676834 0.750175406 0.719369096 0.563042143 0.849740362 0.797644702 0.808914432 0.751888071 0.737115733 0.652883689 0.656126177 0.664096709 0.663179144 0.711346022 0.631223380 0.646042925 0.704904081 0.701545475 0.698285923 0.743251497 0.770093912 0.649777616 0.738004399 0.676481721 0.683211311 0.655653174 0.628958612 0.674078562 0.647382963 0.724804933 0.407869778 0.428214865 0.213498464 0.119690229 0.000000000 0.301529723 0.304143702 0.902960631 
39     0.845220995 0.810675439 0.776848117 0.807392289 0.813723798 0.820119013 0.926862044 0.840372834 0.814966698 0.845424148 0.731075267 0.860371477 0.810253134 0.805737755 0.776266879 0.746117432 0.586814603 0.875669997 0.824770288 0.836358960 0.782974819 0.762499905 0.683569010 0.685947193 0.693182457 0.690629920 0.738684150 0.653839524 0.667886605 0.724184274 0.720547008 0.725323709 0.764826120 0.795559917 0.682052889 0.760061391 0.700204295 0.705856278 0.678651283 0.659728599 0.705845519 0.677117171 0.753197049 0.437342427 0.456208763 0.299066840 0.312995940 0.301529723 0.000000000 0.323210761 0.931978054 
22     0.847746122 0.816745171 0.780878191 0.809917871 0.818583900 0.825248083 0.929383056 0.848820865 0.825155646 0.852228124 0.737461700 0.866889353 0.814832391 0.813170994 0.780514525 0.752721595 0.593755959 0.878516197 0.829490851 0.839245605 0.780437554 0.766041042 0.686007570 0.689129213 0.696275129 0.694439792 0.741040581 0.659641768 0.672752203 0.734519337 0.731887777 0.732375268 0.775065838 0.803466249 0.684886412 0.775693015 0.707394589 0.714642536 0.690595494 0.660770162 0.708978444 0.683806281 0.759939302 0.436853003 0.454494272 0.299745357 0.314141490 0.304143702 0.323210761 0.000000000 0.929197196 
0     0.987938311 0.963852692 0.928674671 0.950849428 0.968413745 0.974872263 1.065232021 0.989685059 0.961594228 0.999060367 0.877914756 1.008827376 0.950484827 0.958380913 0.941272865 0.914658939 0.739746309 1.056970122 1.008914090 1.019060135 0.959884747 0.951653923 0.857718182 0.859960507 0.871511505 0.873446739 0.931600726 0.849458629 0.872421812 0.939316700 0.927551991 0.911301672 0.955626601 0.976597878 0.938385300 1.027520005 0.961763841 0.978722898 0.952059485 0.921204868 0.967948662 0.943829828 1.015398192 0.893156066 0.903326438 0.892914542 0.909597896 0.902960631 0.931978054 0.929197196 0.000000000 
