51
22     0.000000000 0.000027890 0.000028750 0.000014400 0.000015680 0.000013130 0.000017550 0.000026700 0.000013910 0.000007690 0.000005650 0.000090930 0.000077600 0.000055330 0.000076420 0.000127710 0.000093510 0.000153430 0.000157910 0.000087610 0.000127720 0.000059750 0.000059420 0.000113480 0.000151160 0.000149740 0.000174160 0.000148770 0.000182510 0.000189600 0.000147200 0.000170350 0.000163240 0.000148330 0.000211000 0.000203030 0.000192360 0.000165700 0.000158250 0.000148940 0.000161360 0.000167340 0.000176750 0.000140000 0.000140020 0.000161560 0.000139060 0.000137530 0.000184330 0.000182150 0.000193210 
5     0.000027890 0.000000000 0.000008350 0.000002160 0.000009290 0.000078690 0.000086720 0.000098680 0.000066780 0.000083420 0.000072050 0.000097590 0.000100910 0.000048890 0.000132740 0.000170440 0.000149830 0.000183460 0.000187940 0.000117640 0.000112580 0.000135910 0.000109460 0.000122360 0.000181190 0.000179770 0.000204190 0.000178800 0.000212540 0.000219630 0.000177920 0.000200380 0.000219560 0.000179050 0.000241030 0.000233060 0.000222390 0.000211080 0.000214570 0.000179660 0.000192080 0.000198060 0.000206780 0.000170720 0.000170740 0.000192280 0.000169780 0.000168250 0.000214360 0.000212180 0.000223930 
23     0.000028750 0.000008350 0.000000000 0.000000100 0.000005100 0.000060790 0.000071910 0.000079510 0.000067790 0.000078740 0.000056130 0.000099480 0.000094830 0.000072560 0.000093650 0.000119760 0.000110740 0.000178590 0.000183070 0.000112770 0.000122840 0.000178220 0.000078480 0.000147870 0.000176320 0.000174900 0.000197800 0.000173930 0.000207670 0.000212640 0.000185330 0.000195510 0.000180470 0.000186460 0.000219710 0.000217690 0.000217520 0.000182930 0.000175480 0.000175490 0.000199490 0.000205470 0.000199120 0.000176620 0.000174630 0.000111760 0.000177190 0.000175660 0.000114520 0.000126140 0.000231340 
24     0.000014400 0.000002160 0.000000100 0.000000000 0.000002050 0.000024420 0.000029730 0.000038880 0.000066530 0.000079990 0.000056040 0.000097340 0.000100660 0.000087810 0.000108900 0.000119670 0.000125990 0.000157160 0.000161640 0.000091340 0.000116650 0.000152290 0.000093730 0.000122110 0.000154890 0.000153470 0.000177890 0.000152500 0.000186240 0.000193330 0.000181370 0.000174080 0.000195720 0.000186500 0.000214730 0.000206760 0.000196090 0.000198180 0.000190730 0.000187110 0.000199530 0.000205510 0.000180480 0.000174540 0.000174540 0.000103640 0.000177230 0.000175370 0.000106400 0.000118020 0.000231380 
8     0.000015680 0.000009290 0.000005100 0.000002050 0.000000000 0.000031290 0.000061390 0.000068990 0.000068050 0.000062910 0.000045610 0.000104310 0.000106230 0.000103410 0.000120330 0.000109240 0.000138070 0.000157470 0.000161950 0.000091650 0.000112320 0.000154720 0.000115940 0.000127720 0.000155200 0.000153780 0.000178200 0.000152810 0.000186550 0.000193640 0.000172910 0.000174390 0.000190860 0.000174040 0.000209190 0.000207070 0.000196400 0.000195420 0.000197450 0.000174650 0.000187070 0.000193050 0.000180790 0.000165710 0.000164110 0.000126870 0.000164770 0.000163240 0.000129630 0.000141250 0.000218920 
4     0.000013130 0.000078690 0.000060790 0.000024420 0.000031290 0.000000000 0.000005380 0.000014530 0.000071890 0.000068960 0.000071490 0.000080390 0.000083450 0.000079490 0.000118670 0.000133400 0.000137530 0.000155810 0.000160290 0.000089990 0.000130100 0.000172450 0.000137330 0.000145240 0.000153540 0.000152120 0.000176540 0.000151150 0.000184890 0.000191980 0.000180020 0.000172730 0.000200480 0.000220600 0.000213380 0.000205410 0.000194740 0.000210590 0.000210770 0.000210630 0.000198940 0.000211430 0.000179130 0.000173190 0.000186230 0.000134030 0.000191550 0.000205760 0.000136790 0.000148410 0.000244080 
6     0.000017550 0.000086720 0.000071910 0.000029730 0.000061390 0.000005380 0.000000000 0.000002740 0.000077820 0.000012310 0.000012190 0.000084690 0.000005100 0.000094840 0.000153960 0.000089450 0.000118280 0.000162990 0.000169960 0.000125280 0.000092530 0.000184950 0.000142210 0.000042820 0.000169080 0.000169150 0.000130050 0.000128350 0.000168560 0.000124880 0.000064500 0.000158860 0.000171070 0.000065630 0.000189400 0.000187380 0.000187500 0.000097660 0.000177660 0.000066240 0.000078660 0.000084640 0.000214420 0.000057300 0.000057320 0.000078860 0.000056360 0.000054830 0.000111770 0.000125520 0.000110510 
13     0.000026700 0.000098680 0.000079510 0.000038880 0.000068990 0.000014530 0.000002740 0.000000000 0.000077940 0.000015050 0.000014930 0.000078860 0.000007840 0.000089010 0.000147580 0.000097050 0.000125880 0.000157160 0.000164130 0.000118900 0.000100130 0.000179120 0.000141300 0.000045560 0.000171820 0.000171890 0.000132790 0.000131090 0.000171300 0.000127620 0.000067240 0.000161600 0.000178670 0.000068370 0.000197000 0.000194980 0.000195100 0.000100400 0.000185260 0.000068980 0.000081400 0.000087380 0.000208040 0.000060040 0.000060060 0.000081600 0.000059100 0.000057570 0.000114510 0.000128260 0.000113250 
12     0.000013910 0.000066780 0.000067790 0.000066530 0.000068050 0.000071890 0.000077820 0.000077940 0.000000000 0.000005100 0.000013540 0.000097530 0.000075160 0.000052890 0.000073980 0.000127410 0.000091070 0.000159440 0.000163920 0.000093620 0.000130490 0.000070400 0.000058810 0.000122300 0.000157170 0.000155750 0.000180170 0.000154780 0.000188520 0.000195610 0.000183650 0.000176360 0.000160800 0.000214610 0.000217010 0.000209040 0.000198370 0.000163260 0.000155810 0.000155820 0.000202570 0.000215060 0.000179450 0.000156950 0.000156690 0.000169300 0.000185560 0.000211240 0.000190340 0.000188160 0.000247710 
2     0.000007690 0.000083420 0.000078740 0.000079990 0.000062910 0.000068960 0.000012310 0.000015050 0.000005100 0.000000000 0.000000120 0.000091860 0.000017050 0.000059120 0.000080210 0.000180690 0.000097300 0.000190650 0.000195130 0.000124830 0.000164940 0.000064180 0.000063850 0.000054770 0.000181030 0.000181100 0.000142000 0.000140300 0.000180510 0.000136830 0.000076450 0.000170810 0.000167030 0.000077580 0.000248220 0.000240250 0.000229580 0.000109610 0.000162040 0.000078190 0.000090610 0.000096590 0.000185680 0.000069250 0.000069270 0.000090810 0.000068310 0.000066780 0.000123720 0.000137470 0.000122460 
17     0.000005650 0.000072050 0.000056130 0.000056040 0.000045610 0.000071490 0.000012190 0.000014930 0.000013540 0.000000120 0.000000000 0.000096910 0.000016930 0.000096010 0.000154500 0.000104970 0.000133800 0.000191640 0.000196120 0.000125820 0.000108050 0.000062140 0.000061810 0.000054650 0.000180910 0.000180980 0.000141880 0.000140180 0.000180390 0.000136710 0.000076330 0.000170690 0.000186590 0.000077460 0.000204920 0.000202900 0.000203020 0.000109490 0.000193180 0.000078070 0.000090490 0.000096470 0.000214960 0.000069130 0.000069150 0.000090690 0.000068190 0.000066660 0.000123600 0.000137350 0.000122340 
14     0.000090930 0.000097590 0.000099480 0.000097340 0.000104310 0.000080390 0.000084690 0.000078860 0.000097530 0.000091860 0.000096910 0.000000000 0.000000000 0.000000750 0.000127840 0.000161740 0.000139330 0.000109700 0.000116670 0.000131080 0.000133690 0.000074300 0.000073970 0.000112710 0.000158850 0.000182650 0.000178420 0.000181680 0.000215420 0.000206940 0.000191200 0.000203260 0.000221920 0.000192330 0.000242540 0.000214800 0.000219960 0.000224360 0.000219170 0.000192940 0.000199010 0.000211340 0.000209660 0.000124670 0.000166950 0.000149310 0.000183060 0.000181530 0.000212130 0.000212360 0.000237210 
21     0.000077600 0.000100910 0.000094830 0.000100660 0.000106230 0.000083450 0.000005100 0.000007840 0.000075160 0.000017050 0.000016930 0.000000000 0.000000000 0.000000150 0.000082240 0.000163850 0.000099330 0.000111810 0.000118780 0.000133190 0.000135800 0.000091310 0.000067070 0.000047560 0.000158850 0.000173890 0.000134790 0.000133090 0.000173300 0.000129620 0.000069240 0.000163600 0.000169060 0.000070370 0.000244010 0.000216910 0.000222070 0.000102400 0.000164070 0.000070980 0.000083400 0.000089380 0.000187710 0.000062040 0.000062060 0.000083600 0.000061100 0.000059570 0.000116510 0.000130260 0.000115250 
18     0.000055330 0.000048890 0.000072560 0.000087810 0.000103410 0.000079490 0.000094840 0.000089010 0.000052890 0.000059120 0.000096010 0.000000750 0.000000150 0.000000000 0.000059970 0.000116170 0.000077060 0.000119850 0.000126820 0.000079340 0.000107190 0.000141810 0.000044800 0.000127140 0.000159580 0.000165680 0.000177520 0.000164710 0.000198450 0.000205540 0.000193580 0.000186290 0.000146790 0.000215320 0.000226940 0.000218970 0.000208300 0.000149250 0.000141800 0.000141810 0.000209160 0.000224990 0.000165440 0.000142940 0.000142680 0.000179230 0.000168610 0.000175590 0.000200270 0.000198090 0.000269920 
20     0.000076420 0.000132740 0.000093650 0.000108900 0.000120330 0.000118670 0.000153960 0.000147580 0.000073980 0.000080210 0.000154500 0.000127840 0.000082240 0.000059970 0.000000000 0.000006320 0.000038440 0.000027740 0.000034710 0.000038030 0.000054060 0.000174310 0.000063270 0.000145610 0.000192090 0.000190670 0.000215090 0.000189700 0.000218110 0.000206040 0.000197960 0.000202980 0.000140660 0.000186000 0.000205240 0.000205280 0.000204610 0.000143120 0.000135670 0.000135680 0.000227790 0.000226940 0.000159310 0.000136810 0.000136550 0.000182190 0.000197490 0.000180270 0.000225260 0.000222120 0.000282630 
19     0.000127710 0.000170440 0.000119760 0.000119670 0.000109240 0.000133400 0.000089450 0.000097050 0.000127410 0.000180690 0.000104970 0.000161740 0.000163850 0.000116170 0.000006320 0.000000000 0.000008780 0.000028600 0.000020500 0.000071430 0.000017290 0.000175380 0.000117140 0.000130040 0.000219270 0.000217850 0.000242270 0.000205310 0.000199820 0.000187750 0.000201630 0.000204510 0.000180370 0.000167710 0.000186950 0.000186990 0.000186320 0.000177630 0.000184450 0.000183230 0.000209500 0.000208650 0.000202530 0.000155580 0.000180790 0.000163900 0.000179200 0.000161980 0.000208740 0.000203830 0.000309810 
16     0.000093510 0.000149830 0.000110740 0.000125990 0.000138070 0.000137530 0.000118280 0.000125880 0.000091070 0.000097300 0.000133800 0.000139330 0.000099330 0.000077060 0.000038440 0.000008780 0.000000000 0.000015940 0.000007840 0.000070710 0.000036940 0.000162640 0.000080360 0.000117300 0.000210950 0.000209530 0.000233950 0.000208560 0.000187080 0.000175010 0.000204250 0.000191770 0.000157750 0.000154970 0.000174210 0.000174250 0.000173580 0.000160210 0.000152760 0.000152770 0.000196760 0.000195910 0.000176400 0.000142840 0.000153640 0.000151160 0.000166460 0.000149240 0.000196000 0.000191090 0.000301490 
3     0.000153430 0.000183460 0.000178590 0.000157160 0.000157470 0.000155810 0.000162990 0.000157160 0.000159440 0.000190650 0.000191640 0.000109700 0.000111810 0.000119850 0.000027740 0.000028600 0.000015940 0.000000000 0.000006300 0.000041080 0.000043690 0.000178200 0.000123680 0.000136580 0.000229230 0.000227810 0.000252230 0.000226840 0.000206360 0.000194290 0.000223530 0.000211050 0.000186910 0.000174250 0.000193490 0.000193530 0.000192860 0.000184170 0.000190990 0.000189770 0.000216040 0.000215190 0.000209070 0.000162120 0.000187330 0.000170440 0.000185740 0.000168520 0.000215280 0.000210370 0.000319770 
15     0.000157910 0.000187940 0.000183070 0.000161640 0.000161950 0.000160290 0.000169960 0.000164130 0.000163920 0.000195130 0.000196120 0.000116670 0.000118780 0.000126820 0.000034710 0.000020500 0.000007840 0.000006300 0.000000000 0.000048050 0.000050660 0.000185170 0.000142880 0.000155780 0.000198510 0.000203050 0.000242160 0.000214020 0.000225560 0.000213490 0.000242730 0.000230250 0.000206110 0.000193450 0.000212690 0.000212730 0.000212060 0.000203370 0.000210190 0.000208970 0.000235240 0.000234390 0.000228270 0.000181320 0.000206530 0.000189640 0.000204940 0.000187720 0.000234480 0.000229570 0.000324250 
11     0.000087610 0.000117640 0.000112770 0.000091340 0.000091650 0.000089990 0.000125280 0.000118900 0.000093620 0.000124830 0.000125820 0.000131080 0.000133190 0.000079340 0.000038030 0.000071430 0.000070710 0.000041080 0.000048050 0.000000000 0.000038550 0.000116350 0.000109500 0.000020110 0.000163410 0.000161990 0.000186410 0.000161020 0.000192180 0.000180110 0.000189890 0.000182600 0.000172730 0.000160070 0.000179310 0.000179350 0.000178680 0.000169990 0.000176810 0.000175590 0.000115620 0.000201010 0.000189000 0.000147940 0.000173150 0.000156260 0.000171560 0.000154340 0.000196580 0.000194400 0.000248700 
1     0.000127720 0.000112580 0.000122840 0.000116650 0.000112320 0.000130100 0.000092530 0.000100130 0.000130490 0.000164940 0.000108050 0.000133690 0.000135800 0.000107190 0.000054060 0.000017290 0.000036940 0.000043690 0.000050660 0.000038550 0.000000000 0.000176050 0.000117810 0.000130710 0.000203520 0.000202100 0.000226520 0.000201130 0.000200490 0.000188420 0.000204710 0.000205180 0.000181040 0.000168380 0.000187620 0.000187660 0.000186990 0.000178300 0.000185120 0.000183900 0.000210170 0.000209320 0.000203200 0.000156250 0.000181460 0.000164570 0.000179870 0.000162650 0.000209410 0.000204500 0.000294060 
9     0.000059750 0.000135910 0.000178220 0.000152290 0.000154720 0.000172450 0.000184950 0.000179120 0.000070400 0.000064180 0.000062140 0.000074300 0.000091310 0.000141810 0.000174310 0.000175380 0.000162640 0.000178200 0.000185170 0.000116350 0.000176050 0.000000000 0.000000390 0.000048930 0.000121360 0.000122480 0.000127910 0.000082290 0.000258320 0.000246250 0.000259480 0.000178300 0.000169540 0.000226210 0.000245450 0.000245490 0.000244820 0.000236130 0.000189270 0.000221130 0.000065490 0.000185790 0.000229440 0.000214080 0.000212960 0.000121480 0.000172300 0.000176000 0.000124240 0.000135860 0.000261610 
10     0.000059420 0.000109460 0.000078480 0.000093730 0.000115940 0.000137330 0.000142210 0.000141300 0.000058810 0.000063850 0.000061810 0.000073970 0.000067070 0.000044800 0.000063270 0.000117140 0.000080360 0.000123680 0.000142880 0.000109500 0.000117810 0.000000390 0.000000000 0.000001280 0.000114570 0.000115690 0.000121120 0.000053360 0.000200080 0.000188010 0.000172920 0.000149370 0.000140610 0.000167970 0.000187210 0.000187250 0.000186580 0.000152550 0.000145100 0.000145110 0.000209760 0.000208910 0.000168740 0.000146240 0.000145980 0.000160680 0.000156740 0.000162240 0.000138200 0.000182330 0.000232680 
7     0.000113480 0.000122360 0.000147870 0.000122110 0.000127720 0.000145240 0.000042820 0.000045560 0.000122300 0.000054770 0.000054650 0.000112710 0.000047560 0.000127140 0.000145610 0.000130040 0.000117300 0.000136580 0.000155780 0.000020110 0.000130710 0.000048930 0.000001280 0.000000000 0.000143780 0.000143850 0.000104750 0.000061480 0.000143260 0.000099580 0.000039200 0.000133560 0.000148730 0.000040330 0.000200110 0.000200150 0.000199480 0.000072360 0.000168460 0.000040940 0.000053360 0.000059340 0.000215690 0.000032000 0.000032020 0.000053560 0.000031060 0.000029530 0.000086470 0.000100220 0.000085210 
49     0.000151160 0.000181190 0.000176320 0.000154890 0.000155200 0.000153540 0.000169080 0.000171820 0.000157170 0.000181030 0.000180910 0.000158850 0.000158850 0.000159580 0.000192090 0.000219270 0.000210950 0.000229230 0.000198510 0.000163410 0.000203520 0.000121360 0.000114570 0.000143780 0.000000000 0.000000070 0.000019230 0.000126750 0.000160490 0.000167580 0.000125720 0.000148330 0.000145290 0.000126850 0.000178870 0.000181010 0.000170340 0.000158880 0.000186370 0.000127460 0.000083630 0.000145860 0.000154730 0.000095300 0.000118540 0.000140080 0.000117580 0.000116050 0.000162310 0.000160130 0.000211470 
36     0.000149740 0.000179770 0.000174900 0.000153470 0.000153780 0.000152120 0.000169150 0.000171890 0.000155750 0.000181100 0.000180980 0.000182650 0.000173890 0.000165680 0.000190670 0.000217850 0.000209530 0.000227810 0.000203050 0.000161990 0.000202100 0.000122480 0.000115690 0.000143850 0.000000070 0.000000000 0.000017920 0.000125330 0.000159070 0.000166160 0.000125790 0.000146910 0.000149830 0.000126920 0.000183410 0.000179590 0.000168920 0.000158950 0.000184950 0.000127530 0.000084310 0.000145930 0.000153310 0.000118590 0.000118610 0.000139850 0.000117650 0.000116120 0.000160890 0.000158710 0.000211540 
32     0.000174160 0.000204190 0.000197800 0.000177890 0.000178200 0.000176540 0.000130050 0.000132790 0.000180170 0.000142000 0.000141880 0.000178420 0.000134790 0.000177520 0.000215090 0.000242270 0.000233950 0.000252230 0.000242160 0.000186410 0.000226520 0.000127910 0.000121120 0.000104750 0.000019230 0.000017920 0.000000000 0.000149750 0.000183490 0.000147070 0.000086690 0.000171330 0.000188940 0.000087820 0.000211980 0.000204010 0.000193340 0.000119850 0.000209370 0.000088430 0.000100850 0.000106830 0.000177730 0.000079490 0.000079510 0.000101050 0.000078550 0.000077020 0.000133960 0.000147710 0.000172440 
29     0.000148770 0.000178800 0.000173930 0.000152500 0.000152810 0.000151150 0.000128350 0.000131090 0.000154780 0.000140300 0.000140180 0.000181680 0.000133090 0.000164710 0.000189700 0.000205310 0.000208560 0.000226840 0.000214020 0.000161020 0.000201130 0.000082290 0.000053360 0.000061480 0.000126750 0.000125330 0.000149750 0.000000000 0.000080380 0.000052810 0.000034260 0.000038590 0.000041550 0.000047130 0.000059880 0.000057860 0.000057980 0.000046110 0.000048140 0.000047040 0.000092260 0.000101680 0.000095560 0.000077790 0.000077810 0.000099350 0.000076850 0.000075320 0.000132260 0.000132660 0.000170740 
37     0.000182510 0.000212540 0.000207670 0.000186240 0.000186550 0.000184890 0.000168560 0.000171300 0.000188520 0.000180510 0.000180390 0.000215420 0.000173300 0.000198450 0.000218110 0.000199820 0.000187080 0.000206360 0.000225560 0.000192180 0.000200490 0.000258320 0.000200080 0.000143260 0.000160490 0.000159070 0.000183490 0.000080380 0.000000000 0.000005600 0.000013590 0.000015290 0.000013590 0.000042800 0.000052840 0.000041610 0.000048350 0.000064200 0.000064380 0.000064240 0.000120480 0.000144160 0.000087360 0.000118000 0.000118020 0.000139560 0.000117060 0.000115530 0.000168580 0.000166400 0.000210950 
40     0.000189600 0.000219630 0.000212640 0.000193330 0.000193640 0.000191980 0.000124880 0.000127620 0.000195610 0.000136830 0.000136710 0.000206940 0.000129620 0.000205540 0.000206040 0.000187750 0.000175010 0.000194290 0.000213490 0.000180110 0.000188420 0.000246250 0.000188010 0.000099580 0.000167580 0.000166160 0.000147070 0.000052810 0.000005600 0.000000000 0.000000010 0.000034730 0.000033030 0.000044690 0.000010460 0.000058230 0.000016250 0.000027440 0.000032970 0.000010700 0.000081830 0.000100480 0.000128720 0.000074320 0.000074340 0.000095880 0.000073380 0.000071850 0.000128790 0.000142540 0.000167270 
48     0.000147200 0.000177920 0.000185330 0.000181370 0.000172910 0.000180020 0.000064500 0.000067240 0.000183650 0.000076450 0.000076330 0.000191200 0.000069240 0.000193580 0.000197960 0.000201630 0.000204250 0.000223530 0.000242730 0.000189890 0.000204710 0.000259480 0.000172920 0.000039200 0.000125720 0.000125790 0.000086690 0.000034260 0.000013590 0.000000010 0.000000000 0.000001800 0.000000000 0.000001130 0.000001010 0.000028120 0.000006800 0.000017990 0.000023520 0.000001250 0.000034120 0.000040100 0.000110170 0.000013940 0.000013960 0.000035500 0.000013000 0.000011470 0.000068410 0.000082160 0.000106890 
41     0.000170350 0.000200380 0.000195510 0.000174080 0.000174390 0.000172730 0.000158860 0.000161600 0.000176360 0.000170810 0.000170690 0.000203260 0.000163600 0.000186290 0.000202980 0.000204510 0.000191770 0.000211050 0.000230250 0.000182600 0.000205180 0.000178300 0.000149370 0.000133560 0.000148330 0.000146910 0.000171330 0.000038590 0.000015290 0.000034730 0.000001800 0.000000000 0.000000000 0.000032710 0.000032360 0.000029820 0.000062290 0.000064920 0.000071740 0.000056740 0.000102320 0.000120800 0.000088500 0.000108300 0.000108320 0.000129860 0.000107360 0.000105830 0.000155340 0.000153160 0.000201250 
27     0.000163240 0.000219560 0.000180470 0.000195720 0.000190860 0.000200480 0.000171070 0.000178670 0.000160800 0.000167030 0.000186590 0.000221920 0.000169060 0.000146790 0.000140660 0.000180370 0.000157750 0.000186910 0.000206110 0.000172730 0.000181040 0.000169540 0.000140610 0.000148730 0.000145290 0.000149830 0.000188940 0.000041550 0.000013590 0.000033030 0.000000000 0.000000000 0.000000000 0.000033480 0.000039350 0.000028120 0.000046330 0.000015930 0.000041170 0.000015690 0.000096810 0.000117880 0.000116250 0.000148830 0.000148570 0.000149840 0.000134500 0.000131200 0.000159110 0.000159340 0.000302360 
42     0.000148330 0.000179050 0.000186460 0.000186500 0.000174040 0.000220600 0.000065630 0.000068370 0.000214610 0.000077580 0.000077460 0.000192330 0.000070370 0.000215320 0.000186000 0.000167710 0.000154970 0.000174250 0.000193450 0.000160070 0.000168380 0.000226210 0.000167970 0.000040330 0.000126850 0.000126920 0.000087820 0.000047130 0.000042800 0.000044690 0.000001130 0.000032710 0.000033480 0.000000000 0.000016170 0.000014150 0.000012780 0.000004260 0.000006290 0.000002870 0.000035250 0.000041230 0.000111620 0.000015070 0.000015090 0.000036630 0.000014130 0.000012600 0.000069540 0.000083290 0.000108020 
28     0.000211000 0.000241030 0.000219710 0.000214730 0.000209190 0.000213380 0.000189400 0.000197000 0.000217010 0.000248220 0.000204920 0.000242540 0.000244010 0.000226940 0.000205240 0.000186950 0.000174210 0.000193490 0.000212690 0.000179310 0.000187620 0.000245450 0.000187210 0.000200110 0.000178870 0.000183410 0.000211980 0.000059880 0.000052840 0.000010460 0.000001010 0.000032360 0.000039350 0.000016170 0.000000000 0.000001730 0.000001690 0.000017010 0.000015290 0.000002260 0.000127390 0.000136980 0.000130860 0.000165710 0.000179240 0.000174030 0.000165080 0.000161780 0.000189690 0.000189920 0.000320690 
33     0.000203030 0.000233060 0.000217690 0.000206760 0.000207070 0.000205410 0.000187380 0.000194980 0.000209040 0.000240250 0.000202900 0.000214800 0.000216910 0.000218970 0.000205280 0.000186990 0.000174250 0.000193530 0.000212730 0.000179350 0.000187660 0.000245490 0.000187250 0.000200150 0.000181010 0.000179590 0.000204010 0.000057860 0.000041610 0.000058230 0.000028120 0.000029820 0.000028120 0.000014150 0.000001730 0.000000000 0.000000040 0.000014990 0.000017020 0.000015920 0.000089690 0.000110760 0.000130900 0.000165750 0.000167990 0.000142720 0.000127380 0.000124080 0.000151990 0.000152220 0.000318670 
34     0.000192360 0.000222390 0.000217520 0.000196090 0.000196400 0.000194740 0.000187500 0.000195100 0.000198370 0.000229580 0.000203020 0.000219960 0.000222070 0.000208300 0.000204610 0.000186320 0.000173580 0.000192860 0.000212060 0.000178680 0.000186990 0.000244820 0.000186580 0.000199480 0.000170340 0.000168920 0.000193340 0.000057980 0.000048350 0.000016250 0.000006800 0.000062290 0.000046330 0.000012780 0.000001690 0.000000040 0.000000000 0.000015110 0.000017140 0.000008050 0.000094850 0.000115920 0.000130230 0.000164910 0.000173150 0.000147880 0.000132540 0.000129240 0.000157150 0.000157380 0.000309680 
45     0.000165700 0.000211080 0.000182930 0.000198180 0.000195420 0.000210590 0.000097660 0.000100400 0.000163260 0.000109610 0.000109490 0.000224360 0.000102400 0.000149250 0.000143120 0.000177630 0.000160210 0.000184170 0.000203370 0.000169990 0.000178300 0.000236130 0.000152550 0.000072360 0.000158880 0.000158950 0.000119850 0.000046110 0.000064200 0.000027440 0.000017990 0.000064920 0.000015930 0.000004260 0.000017010 0.000014990 0.000015110 0.000000000 0.000000360 0.000000470 0.000067280 0.000073260 0.000121540 0.000047100 0.000047120 0.000068660 0.000046160 0.000044630 0.000101570 0.000115320 0.000140050 
26     0.000158250 0.000214570 0.000175480 0.000190730 0.000197450 0.000210770 0.000177660 0.000185260 0.000155810 0.000162040 0.000193180 0.000219170 0.000164070 0.000141800 0.000135670 0.000184450 0.000152760 0.000190990 0.000210190 0.000176810 0.000185120 0.000189270 0.000145100 0.000168460 0.000186370 0.000184950 0.000209370 0.000048140 0.000064380 0.000032970 0.000023520 0.000071740 0.000041170 0.000006290 0.000015290 0.000017020 0.000017140 0.000000360 0.000000000 0.000000010 0.000094060 0.000115130 0.000124050 0.000143840 0.000143580 0.000147090 0.000131750 0.000128450 0.000156360 0.000156590 0.000308950 
31     0.000148940 0.000179660 0.000175490 0.000187110 0.000174650 0.000210630 0.000066240 0.000068980 0.000155820 0.000078190 0.000078070 0.000192940 0.000070980 0.000141810 0.000135680 0.000183230 0.000152770 0.000189770 0.000208970 0.000175590 0.000183900 0.000221130 0.000145110 0.000040940 0.000127460 0.000127530 0.000088430 0.000047040 0.000064240 0.000010700 0.000001250 0.000056740 0.000015690 0.000002870 0.000002260 0.000015920 0.000008050 0.000000470 0.000000010 0.000000000 0.000035860 0.000041840 0.000122950 0.000015680 0.000015700 0.000037240 0.000014740 0.000013210 0.000070150 0.000083900 0.000108630 
39     0.000161360 0.000192080 0.000199490 0.000199530 0.000187070 0.000198940 0.000078660 0.000081400 0.000202570 0.000090610 0.000090490 0.000199010 0.000083400 0.000209160 0.000227790 0.000209500 0.000196760 0.000216040 0.000235240 0.000115620 0.000210170 0.000065490 0.000209760 0.000053360 0.000083630 0.000084310 0.000100850 0.000092260 0.000120480 0.000081830 0.000034120 0.000102320 0.000096810 0.000035250 0.000127390 0.000089690 0.000094850 0.000067280 0.000094060 0.000035860 0.000000000 0.000000100 0.000045600 0.000028100 0.000028120 0.000049660 0.000027160 0.000025630 0.000082570 0.000096320 0.000121050 
50     0.000167340 0.000198060 0.000205470 0.000205510 0.000193050 0.000211430 0.000084640 0.000087380 0.000215060 0.000096590 0.000096470 0.000211340 0.000089380 0.000224990 0.000226940 0.000208650 0.000195910 0.000215190 0.000234390 0.000201010 0.000209320 0.000185790 0.000208910 0.000059340 0.000145860 0.000145930 0.000106830 0.000101680 0.000144160 0.000100480 0.000040100 0.000120800 0.000117880 0.000041230 0.000136980 0.000110760 0.000115920 0.000073260 0.000115130 0.000041840 0.000000100 0.000000000 0.000045640 0.000034080 0.000034100 0.000055640 0.000033140 0.000031610 0.000088550 0.000102300 0.000127030 
30     0.000176750 0.000206780 0.000199120 0.000180480 0.000180790 0.000179130 0.000214420 0.000208040 0.000179450 0.000185680 0.000214960 0.000209660 0.000187710 0.000165440 0.000159310 0.000202530 0.000176400 0.000209070 0.000228270 0.000189000 0.000203200 0.000229440 0.000168740 0.000215690 0.000154730 0.000153310 0.000177730 0.000095560 0.000087360 0.000128720 0.000110170 0.000088500 0.000116250 0.000111620 0.000130860 0.000130900 0.000130230 0.000121540 0.000124050 0.000122950 0.000045600 0.000045640 0.000000000 0.000148220 0.000159260 0.000140700 0.000171160 0.000167860 0.000161740 0.000054020 0.000156090 
35     0.000140000 0.000170720 0.000176620 0.000174540 0.000165710 0.000173190 0.000057300 0.000060040 0.000156950 0.000069250 0.000069130 0.000124670 0.000062040 0.000142940 0.000136810 0.000155580 0.000142840 0.000162120 0.000181320 0.000147940 0.000156250 0.000214080 0.000146240 0.000032000 0.000095300 0.000118590 0.000079490 0.000077790 0.000118000 0.000074320 0.000013940 0.000108300 0.000148830 0.000015070 0.000165710 0.000165750 0.000164910 0.000047100 0.000143840 0.000015680 0.000028100 0.000034080 0.000148220 0.000000000 0.000000010 0.000000390 0.000005780 0.000004250 0.000061190 0.000074940 0.000099690 
25     0.000140020 0.000170740 0.000174630 0.000174540 0.000164110 0.000186230 0.000057320 0.000060060 0.000156690 0.000069270 0.000069150 0.000166950 0.000062060 0.000142680 0.000136550 0.000180790 0.000153640 0.000187330 0.000206530 0.000173150 0.000181460 0.000212960 0.000145980 0.000032020 0.000118540 0.000118610 0.000079510 0.000077810 0.000118020 0.000074340 0.000013960 0.000108320 0.000148570 0.000015090 0.000179240 0.000167990 0.000173150 0.000047120 0.000143580 0.000015700 0.000028120 0.000034100 0.000159260 0.000000010 0.000000000 0.000005410 0.000005800 0.000004270 0.000061210 0.000074010 0.000099710 
43     0.000161560 0.000192280 0.000111760 0.000103640 0.000126870 0.000134030 0.000078860 0.000081600 0.000169300 0.000090810 0.000090690 0.000149310 0.000083600 0.000179230 0.000182190 0.000163900 0.000151160 0.000170440 0.000189640 0.000156260 0.000164570 0.000121480 0.000160680 0.000053560 0.000140080 0.000139850 0.000101050 0.000099350 0.000139560 0.000095880 0.000035500 0.000129860 0.000149840 0.000036630 0.000174030 0.000142720 0.000147880 0.000068660 0.000147090 0.000037240 0.000049660 0.000055640 0.000140700 0.000000390 0.000005410 0.000000000 0.000027340 0.000025810 0.000030760 0.000042380 0.000121250 
47     0.000139060 0.000169780 0.000177190 0.000177230 0.000164770 0.000191550 0.000056360 0.000059100 0.000185560 0.000068310 0.000068190 0.000183060 0.000061100 0.000168610 0.000197490 0.000179200 0.000166460 0.000185740 0.000204940 0.000171560 0.000179870 0.000172300 0.000156740 0.000031060 0.000117580 0.000117650 0.000078550 0.000076850 0.000117060 0.000073380 0.000013000 0.000107360 0.000134500 0.000014130 0.000165080 0.000127380 0.000132540 0.000046160 0.000131750 0.000014740 0.000027160 0.000033140 0.000171160 0.000005780 0.000005800 0.000027340 0.000000000 0.000000200 0.000010210 0.000009200 0.000098750 
44     0.000137530 0.000168250 0.000175660 0.000175370 0.000163240 0.000205760 0.000054830 0.000057570 0.000211240 0.000066780 0.000066660 0.000181530 0.000059570 0.000175590 0.000180270 0.000161980 0.000149240 0.000168520 0.000187720 0.000154340 0.000162650 0.000176000 0.000162240 0.000029530 0.000116050 0.000116120 0.000077020 0.000075320 0.000115530 0.000071850 0.000011470 0.000105830 0.000131200 0.000012600 0.000161780 0.000124080 0.000129240 0.000044630 0.000128450 0.000013210 0.000025630 0.000031610 0.000167860 0.000004250 0.000004270 0.000025810 0.000000200 0.000000000 0.000003860 0.000010360 0.000097220 
38     0.000184330 0.000214360 0.000114520 0.000106400 0.000129630 0.000136790 0.000111770 0.000114510 0.000190340 0.000123720 0.000123600 0.000212130 0.000116510 0.000200270 0.000225260 0.000208740 0.000196000 0.000215280 0.000234480 0.000196580 0.000209410 0.000124240 0.000138200 0.000086470 0.000162310 0.000160890 0.000133960 0.000132260 0.000168580 0.000128790 0.000068410 0.000155340 0.000159110 0.000069540 0.000189690 0.000151990 0.000157150 0.000101570 0.000156360 0.000070150 0.000082570 0.000088550 0.000161740 0.000061190 0.000061210 0.000030760 0.000010210 0.000003860 0.000000000 0.000001300 0.000154160 
46     0.000182150 0.000212180 0.000126140 0.000118020 0.000141250 0.000148410 0.000125520 0.000128260 0.000188160 0.000137470 0.000137350 0.000212360 0.000130260 0.000198090 0.000222120 0.000203830 0.000191090 0.000210370 0.000229570 0.000194400 0.000204500 0.000135860 0.000182330 0.000100220 0.000160130 0.000158710 0.000147710 0.000132660 0.000166400 0.000142540 0.000082160 0.000153160 0.000159340 0.000083290 0.000189920 0.000152220 0.000157380 0.000115320 0.000156590 0.000083900 0.000096320 0.000102300 0.000054020 0.000074940 0.000074010 0.000042380 0.000009200 0.000010360 0.000001300 0.000000000 0.000167910 
0     0.000193210 0.000223930 0.000231340 0.000231380 0.000218920 0.000244080 0.000110510 0.000113250 0.000247710 0.000122460 0.000122340 0.000237210 0.000115250 0.000269920 0.000282630 0.000309810 0.000301490 0.000319770 0.000324250 0.000248700 0.000294060 0.000261610 0.000232680 0.000085210 0.000211470 0.000211540 0.000172440 0.000170740 0.000210950 0.000167270 0.000106890 0.000201250 0.000302360 0.000108020 0.000320690 0.000318670 0.000309680 0.000140050 0.000308950 0.000108630 0.000121050 0.000127030 0.000156090 0.000099690 0.000099710 0.000121250 0.000098750 0.000097220 0.000154160 0.000167910 0.000000000 
