51
22     0.000000000 0.000639634 0.000626133 0.000629198 0.000617978 0.001348553 0.001384175 0.001422434 0.001418903 0.001326684 0.001324025 0.001723174 0.001718891 0.001766216 0.002602066 0.002559136 0.002546837 0.002631195 0.002713313 0.002301126 0.002698954 0.003303164 0.002251926 0.002309361 0.003078429 0.003102462 0.003135292 0.003118662 0.002982196 0.003019234 0.002939810 0.003115064 0.003118491 0.003030005 0.002987057 0.002959879 0.002962487 0.002982159 0.002986962 0.002982199 0.003222272 0.003281960 0.003167080 0.002610084 0.002721469 0.002764096 0.002787659 0.002796740 0.002892088 0.002895754 0.006081178 
5     0.000639634 0.000000000 0.000504634 0.000512246 0.000520610 0.001421043 0.001455643 0.001493903 0.001489911 0.001397691 0.001394980 0.001797028 0.001792745 0.001840070 0.002676538 0.002633608 0.002621309 0.002705667 0.002787785 0.002375598 0.002773426 0.003377636 0.002326398 0.002383833 0.003152901 0.003176934 0.003209764 0.003193134 0.003056668 0.003093706 0.003014283 0.003189536 0.003192963 0.003104477 0.003061529 0.003034351 0.003036959 0.003056631 0.003061434 0.003056671 0.003296744 0.003356433 0.003241552 0.002684556 0.002795941 0.002838568 0.002862132 0.002871213 0.002966561 0.002970226 0.006155650 
23     0.000626133 0.000504634 0.000000000 0.000397075 0.000502096 0.001406524 0.001444009 0.001482269 0.001479121 0.001386901 0.001387500 0.001784387 0.001780104 0.001827429 0.002663241 0.002620311 0.002608011 0.002692370 0.002774488 0.002362252 0.002760128 0.003364339 0.002313100 0.002370536 0.003139603 0.003163636 0.003196467 0.003179837 0.003043370 0.003080409 0.003000985 0.003176238 0.003179666 0.003091180 0.003048232 0.003021053 0.003023661 0.003043334 0.003048137 0.003043374 0.003283447 0.003343135 0.003228255 0.002671259 0.002782643 0.002825270 0.002848834 0.002857915 0.002953263 0.002956929 0.006142353 
24     0.000629198 0.000512246 0.000397075 0.000000000 0.000480643 0.001409922 0.001447608 0.001485868 0.001482174 0.001389954 0.001390500 0.001786389 0.001782106 0.001829431 0.002665244 0.002622314 0.002610014 0.002694373 0.002776491 0.002364254 0.002762131 0.003366341 0.002315103 0.002372538 0.003141606 0.003165639 0.003198470 0.003181840 0.003045373 0.003082412 0.003002988 0.003178241 0.003181669 0.003093183 0.003050234 0.003023056 0.003025664 0.003045336 0.003050140 0.003045376 0.003285450 0.003345138 0.003230258 0.002673261 0.002784646 0.002827273 0.002850837 0.002859918 0.002955266 0.002958931 0.006144355 
8     0.000617978 0.000520610 0.000502096 0.000480643 0.000000000 0.001398528 0.001433356 0.001471616 0.001466585 0.001374366 0.001371707 0.001772985 0.001768702 0.001816027 0.002652390 0.002609460 0.002597160 0.002681518 0.002763637 0.002351449 0.002749277 0.003353487 0.002302249 0.002359684 0.003128752 0.003152785 0.003185616 0.003168986 0.003032519 0.003069558 0.002990134 0.003165387 0.003168815 0.003080329 0.003037380 0.003010202 0.003012810 0.003032482 0.003037286 0.003032522 0.003272596 0.003332284 0.003217404 0.002660407 0.002771792 0.002814419 0.002837983 0.002847064 0.002942412 0.002946077 0.006131501 
4     0.001348553 0.001421043 0.001406524 0.001409922 0.001398528 0.000000000 0.001277364 0.001316137 0.001451442 0.001360922 0.001361972 0.001824837 0.001820554 0.001868009 0.002698944 0.002656013 0.002643714 0.002728072 0.002810191 0.002398441 0.002795807 0.003400219 0.002348672 0.002406107 0.003177877 0.003201909 0.003234740 0.003217871 0.003081539 0.003118578 0.003039154 0.003214408 0.003217835 0.003129349 0.003086401 0.003058428 0.003061831 0.003081503 0.003086306 0.003081543 0.003321328 0.003381016 0.003266136 0.002709139 0.002820524 0.002863151 0.002886715 0.002895796 0.002991144 0.002994810 0.006179270 
6     0.001384175 0.001455643 0.001444009 0.001447608 0.001433356 0.001277364 0.000000000 0.000404928 0.001489867 0.001405687 0.001398565 0.001846584 0.001842301 0.001889951 0.002717841 0.002674911 0.002662611 0.002746970 0.002829088 0.002415230 0.002812616 0.003417757 0.002367873 0.002425308 0.003199765 0.003223798 0.003256629 0.003240151 0.003103820 0.003140859 0.003061435 0.003236689 0.003240116 0.003151630 0.003108682 0.003081504 0.003084112 0.003103784 0.003108587 0.003103824 0.003343609 0.003403297 0.003288417 0.002731420 0.002842805 0.002885432 0.002908996 0.002918077 0.003013425 0.003017090 0.006200150 
13     0.001422434 0.001493903 0.001482269 0.001485868 0.001471616 0.001316137 0.000404928 0.000000000 0.001529531 0.001445460 0.001438229 0.001885179 0.001880896 0.001928546 0.002757002 0.002714072 0.002701773 0.002786131 0.002868249 0.002454392 0.002851777 0.003456883 0.002407073 0.002464508 0.003238875 0.003262907 0.003295738 0.003279261 0.003142930 0.003179968 0.003100545 0.003275798 0.003279225 0.003190739 0.003147791 0.003120613 0.003123221 0.003142893 0.003147696 0.003142933 0.003382718 0.003442406 0.003327526 0.002770530 0.002881914 0.002924542 0.002948105 0.002957186 0.003052534 0.003056200 0.006239260 
12     0.001418903 0.001489911 0.001479121 0.001482174 0.001466585 0.001451442 0.001489867 0.001529531 0.000000000 0.000802483 0.000860093 0.001899880 0.001895597 0.001943787 0.002776719 0.002733789 0.002721490 0.002805848 0.002887966 0.002476217 0.002873583 0.003478819 0.002426119 0.002483555 0.003255762 0.003279795 0.003312625 0.003296174 0.003159412 0.003196450 0.003117027 0.003292280 0.003295707 0.003207221 0.003164273 0.003133410 0.003139703 0.003159375 0.003164178 0.003159415 0.003399476 0.003459164 0.003344284 0.002787001 0.002898386 0.002941013 0.002964577 0.002973658 0.003069006 0.003072671 0.006257338 
2     0.001326684 0.001397691 0.001386901 0.001389954 0.001374366 0.001360922 0.001405687 0.001445460 0.000802483 0.000000000 0.000766003 0.001810838 0.001806555 0.001854744 0.002687975 0.002645045 0.002632746 0.002717104 0.002799222 0.002387473 0.002784839 0.003390077 0.002337377 0.002394813 0.003166788 0.003190821 0.003223651 0.003207200 0.003070438 0.003107476 0.003028053 0.003203306 0.003206733 0.003118247 0.003075299 0.003046603 0.003050729 0.003070401 0.003075204 0.003070441 0.003310502 0.003370190 0.003255310 0.002698027 0.002809412 0.002852039 0.002875603 0.002884684 0.002980032 0.002983697 0.006168364 
17     0.001324025 0.001394980 0.001387500 0.001390500 0.001371707 0.001361972 0.001398565 0.001438229 0.000860093 0.000766003 0.000000000 0.001806572 0.001801374 0.001851003 0.002685181 0.002642251 0.002629952 0.002714310 0.002796428 0.002384679 0.002782045 0.003387282 0.002334582 0.002392017 0.003164233 0.003188266 0.003221097 0.003204645 0.003067883 0.003104922 0.003025498 0.003200751 0.003204179 0.003115693 0.003072744 0.003044051 0.003048174 0.003067846 0.003072650 0.003067886 0.003307948 0.003367636 0.003252755 0.002695472 0.002806857 0.002849484 0.002873048 0.002882129 0.002977477 0.002981142 0.006165810 
14     0.001723174 0.001797028 0.001784387 0.001786389 0.001772985 0.001824837 0.001846584 0.001885179 0.001899880 0.001810838 0.001806572 0.000000000 0.000176421 0.000858087 0.002542353 0.002499675 0.002487375 0.002571733 0.002653852 0.002241915 0.002639199 0.003253678 0.002192715 0.002250609 0.003014589 0.003038622 0.003071452 0.003053937 0.002917356 0.002954395 0.002874971 0.003050225 0.003053652 0.002965166 0.002922218 0.002896030 0.002897648 0.002917320 0.002922123 0.002917360 0.003157111 0.003216799 0.003101919 0.002544313 0.002655698 0.002698325 0.002721474 0.002730555 0.002823031 0.002826697 0.006019122 
21     0.001718891 0.001792745 0.001780104 0.001782106 0.001768702 0.001820554 0.001842301 0.001880896 0.001895597 0.001806555 0.001801374 0.000176421 0.000000000 0.000853449 0.002537928 0.002495250 0.002482951 0.002567309 0.002649427 0.002237491 0.002634775 0.003249254 0.002188290 0.002246184 0.003010165 0.003034198 0.003067028 0.003049512 0.002912932 0.002949971 0.002870547 0.003045800 0.003049228 0.002960742 0.002917794 0.002891605 0.002893223 0.002912895 0.002917699 0.002912935 0.003152686 0.003212374 0.003097494 0.002539889 0.002651273 0.002693901 0.002717049 0.002726130 0.002818607 0.002822272 0.006014697 
18     0.001766216 0.001840070 0.001827429 0.001829431 0.001816027 0.001868009 0.001889951 0.001928546 0.001943787 0.001854744 0.001851003 0.000858087 0.000853449 0.000000000 0.002587170 0.002544492 0.002532193 0.002616551 0.002698669 0.002286733 0.002684017 0.003298518 0.002237011 0.002295577 0.003059826 0.003083859 0.003116690 0.003099403 0.002962822 0.002999861 0.002920437 0.003095691 0.003099118 0.003010632 0.002967684 0.002941496 0.002943114 0.002962786 0.002967589 0.002962826 0.003202577 0.003262265 0.003147385 0.002591239 0.002702624 0.002745251 0.002768064 0.002777145 0.002873244 0.002876909 0.006064262 
20     0.002602066 0.002676538 0.002663241 0.002665244 0.002652390 0.002698944 0.002717841 0.002757002 0.002776719 0.002687975 0.002685181 0.002542353 0.002537928 0.002587170 0.000000000 0.000959540 0.000931864 0.001115561 0.001191983 0.001755321 0.002155025 0.003604784 0.002547303 0.002604148 0.003396607 0.003420640 0.003453470 0.003432698 0.003296797 0.003333836 0.003254036 0.003429207 0.003430718 0.003344231 0.003301200 0.003275009 0.003276630 0.003296302 0.003301105 0.003296342 0.003536584 0.003596272 0.003481437 0.002927818 0.003039203 0.003081830 0.003106522 0.003115603 0.003210106 0.003213771 0.006381187 
19     0.002559136 0.002633608 0.002620311 0.002622314 0.002609460 0.002656013 0.002674911 0.002714072 0.002733789 0.002645045 0.002642251 0.002499675 0.002495250 0.002544492 0.000959540 0.000000000 0.000736427 0.001071468 0.001142564 0.001711464 0.002110270 0.003561868 0.002504398 0.002561243 0.003353935 0.003377968 0.003410798 0.003390571 0.003254476 0.003291514 0.003212091 0.003387344 0.003388855 0.003302285 0.003259337 0.003233146 0.003234767 0.003254439 0.003259242 0.003254479 0.003494263 0.003553951 0.003439116 0.002885231 0.002996615 0.003039242 0.003063934 0.003073015 0.003167518 0.003171184 0.006338388 
16     0.002546837 0.002621309 0.002608011 0.002610014 0.002597160 0.002643714 0.002662611 0.002701773 0.002721490 0.002632746 0.002629952 0.002487375 0.002482951 0.002532193 0.000931864 0.000736427 0.000000000 0.001049197 0.001125058 0.001699225 0.002098031 0.003549554 0.002492074 0.002548919 0.003341637 0.003365670 0.003398501 0.003378273 0.003242178 0.003279216 0.003199793 0.003375046 0.003376557 0.003289987 0.003247039 0.003220848 0.003222469 0.003242141 0.003246944 0.003242181 0.003481965 0.003541653 0.003426818 0.002872933 0.002984317 0.003026945 0.003051637 0.003060717 0.003155220 0.003158886 0.006326090 
3     0.002631195 0.002705667 0.002692370 0.002694373 0.002681518 0.002728072 0.002746970 0.002786131 0.002805848 0.002717104 0.002714310 0.002571733 0.002567309 0.002616551 0.001115561 0.001071468 0.001049197 0.000000000 0.000666562 0.001786394 0.002184534 0.003633310 0.002576440 0.002633285 0.003424175 0.003448207 0.003481038 0.003459512 0.003321991 0.003359148 0.003280263 0.003455717 0.003457027 0.003370658 0.003327710 0.003301519 0.003303140 0.003322812 0.003327615 0.003322852 0.003563071 0.003622759 0.003507925 0.002954090 0.003065676 0.003108967 0.003133938 0.003143019 0.003237522 0.003241187 0.006409853 
15     0.002713313 0.002787785 0.002774488 0.002776491 0.002763637 0.002810191 0.002829088 0.002868249 0.002887966 0.002799222 0.002796428 0.002653852 0.002649427 0.002698669 0.001191983 0.001142564 0.001125058 0.000666562 0.000000000 0.001867260 0.002265399 0.003715479 0.002657995 0.002714840 0.003506872 0.003530905 0.003563736 0.003543487 0.003407392 0.003444430 0.003365007 0.003540260 0.003541771 0.003455201 0.003412253 0.003386062 0.003387683 0.003407355 0.003412158 0.003407395 0.003647179 0.003706867 0.003592032 0.003036686 0.003148272 0.003191563 0.003216534 0.003225615 0.003320118 0.003323783 0.006491972 
11     0.002301126 0.002375598 0.002362252 0.002364254 0.002351449 0.002398441 0.002415230 0.002454392 0.002476217 0.002387473 0.002384679 0.002241915 0.002237491 0.002286733 0.001755321 0.001711464 0.001699225 0.001786394 0.001867260 0.000000000 0.001400831 0.003300589 0.002246162 0.002303007 0.003093848 0.003117881 0.003150712 0.003130758 0.002994990 0.003032029 0.002952605 0.003127859 0.003128880 0.003042800 0.002999852 0.002973661 0.002975282 0.002994954 0.002999757 0.002994994 0.003234767 0.003294455 0.003179672 0.002624294 0.002735679 0.002778306 0.002802998 0.002812079 0.002907050 0.002910716 0.006063832 
1     0.002698954 0.002773426 0.002760128 0.002762131 0.002749277 0.002795807 0.002812616 0.002851777 0.002873583 0.002784839 0.002782045 0.002639199 0.002634775 0.002684017 0.002155025 0.002110270 0.002098031 0.002184534 0.002265399 0.001400831 0.000000000 0.003700007 0.002645365 0.002702210 0.003491699 0.003515732 0.003548562 0.003528183 0.003392416 0.003429455 0.003350031 0.003525284 0.003523678 0.003440226 0.003397278 0.003371087 0.003372707 0.003392380 0.003397183 0.003392419 0.003632192 0.003691880 0.003577098 0.003022168 0.003133553 0.003176180 0.003200872 0.003209953 0.003304924 0.003308589 0.006475493 
9     0.003303164 0.003377636 0.003364339 0.003366341 0.003353487 0.003400219 0.003417757 0.003456883 0.003478819 0.003390077 0.003387282 0.003253678 0.003249254 0.003298518 0.003604784 0.003561868 0.003549554 0.003633310 0.003715479 0.003300589 0.003700007 0.000000000 0.003148209 0.003205054 0.004067620 0.004091653 0.004124483 0.004111577 0.003975898 0.004012937 0.003933513 0.004108756 0.004112231 0.004023708 0.003980760 0.003954643 0.003956189 0.003975862 0.003980665 0.003975902 0.004214451 0.004274140 0.004159806 0.003608759 0.003720144 0.003762771 0.003786635 0.003795716 0.003890460 0.003894126 0.007059429 
10     0.002251926 0.002326398 0.002313100 0.002315103 0.002302249 0.002348672 0.002367873 0.002407073 0.002426119 0.002337377 0.002334582 0.002192715 0.002188290 0.002237011 0.002547303 0.002504398 0.002492074 0.002576440 0.002657995 0.002246162 0.002645365 0.003148209 0.000000000 0.000564147 0.003020063 0.003044096 0.003076927 0.003047577 0.002910776 0.002947815 0.002868398 0.003043651 0.003047076 0.002958586 0.002915637 0.002889521 0.002891067 0.002910739 0.002915543 0.002910779 0.003150652 0.003210340 0.003096106 0.002559093 0.002670477 0.002713105 0.002737265 0.002746346 0.002839276 0.002842942 0.005985515 
7     0.002309361 0.002383833 0.002370536 0.002372538 0.002359684 0.002406107 0.002425308 0.002464508 0.002483555 0.002394813 0.002392017 0.002250609 0.002246184 0.002295577 0.002604148 0.002561243 0.002548919 0.002633285 0.002714840 0.002303007 0.002702210 0.003205054 0.000564147 0.000000000 0.003076955 0.003100988 0.003133818 0.003104468 0.002967667 0.003004706 0.002925289 0.003100542 0.003103968 0.003015477 0.002972529 0.002946413 0.002947959 0.002967631 0.002972434 0.002967671 0.003207543 0.003267231 0.003152998 0.002615984 0.002727369 0.002769996 0.002794156 0.002803237 0.002897159 0.002900824 0.006042407 
49     0.003078429 0.003152901 0.003139603 0.003141606 0.003128752 0.003177877 0.003199765 0.003238875 0.003255762 0.003166788 0.003164233 0.003014589 0.003010165 0.003059826 0.003396607 0.003353935 0.003341637 0.003424175 0.003506872 0.003093848 0.003491699 0.004067620 0.003020063 0.003076955 0.000000000 0.000400629 0.000900345 0.003127670 0.002986865 0.003024072 0.002945054 0.003120932 0.003123966 0.003035128 0.002991886 0.002970139 0.002966697 0.002986369 0.002991172 0.002986409 0.003225083 0.003284858 0.003173810 0.002630628 0.002741824 0.002784243 0.002812076 0.002821159 0.002916390 0.002920055 0.006572197 
36     0.003102462 0.003176934 0.003163636 0.003165639 0.003152785 0.003201909 0.003223798 0.003262907 0.003279795 0.003190821 0.003188266 0.003038622 0.003034198 0.003083859 0.003420640 0.003377968 0.003365670 0.003448207 0.003530905 0.003117881 0.003515732 0.004091653 0.003044096 0.003100988 0.000400629 0.000000000 0.000927643 0.003151703 0.003010898 0.003048105 0.002969087 0.003144965 0.003147999 0.003059160 0.003015919 0.002994171 0.002990730 0.003010402 0.003015205 0.003010442 0.003249116 0.003308890 0.003197842 0.002654661 0.002765857 0.002808275 0.002836109 0.002845192 0.002940423 0.002944088 0.006596230 
32     0.003135292 0.003209764 0.003196467 0.003198470 0.003185616 0.003234740 0.003256629 0.003295738 0.003312625 0.003223651 0.003221097 0.003071452 0.003067028 0.003116690 0.003453470 0.003410798 0.003398501 0.003481038 0.003563736 0.003150712 0.003548562 0.004124483 0.003076927 0.003133818 0.000900345 0.000927643 0.000000000 0.003184534 0.003043729 0.003080936 0.003001917 0.003177795 0.003180830 0.003091991 0.003048750 0.003027002 0.003023560 0.003043233 0.003048036 0.003043273 0.003281947 0.003341721 0.003230673 0.002687476 0.002798673 0.002841091 0.002868925 0.002878008 0.002973238 0.002976904 0.006629060 
29     0.003118662 0.003193134 0.003179837 0.003181840 0.003168986 0.003217871 0.003240151 0.003279261 0.003296174 0.003207200 0.003204645 0.003053937 0.003049512 0.003099403 0.003432698 0.003390571 0.003378273 0.003459512 0.003543487 0.003130758 0.003528183 0.004111577 0.003047577 0.003104468 0.003127670 0.003151703 0.003184534 0.000000000 0.001884406 0.001918601 0.001838309 0.002013385 0.002014203 0.001932506 0.001891713 0.001870254 0.001864607 0.001881890 0.001887177 0.001882171 0.002128300 0.002188641 0.002105183 0.002611148 0.002722215 0.002765580 0.002790429 0.002799384 0.002894093 0.002897758 0.006594224 
37     0.002982196 0.003056668 0.003043370 0.003045373 0.003032519 0.003081539 0.003103820 0.003142930 0.003159412 0.003070438 0.003067883 0.002917356 0.002912932 0.002962822 0.003296797 0.003254476 0.003242178 0.003321991 0.003407392 0.002994990 0.003392416 0.003975898 0.002910776 0.002967667 0.002986865 0.003010898 0.003043729 0.001884406 0.000000000 0.000694033 0.001023111 0.001219297 0.001218823 0.001110276 0.001065111 0.001043535 0.001043050 0.001071497 0.001077378 0.001073447 0.002038250 0.002095652 0.001982056 0.002469078 0.002580334 0.002623700 0.002648165 0.002657120 0.002751829 0.002755495 0.006458400 
40     0.003019234 0.003093706 0.003080409 0.003082412 0.003069558 0.003118578 0.003140859 0.003179968 0.003196450 0.003107476 0.003104922 0.002954395 0.002949971 0.002999861 0.003333836 0.003291514 0.003279216 0.003359148 0.003444430 0.003032029 0.003429455 0.004012937 0.002947815 0.003004706 0.003024072 0.003048105 0.003080936 0.001918601 0.000694033 0.000000000 0.001052567 0.001258221 0.001260984 0.001147935 0.001103365 0.001081974 0.001081941 0.001104660 0.001110676 0.001104280 0.002068706 0.002129181 0.002017026 0.002505834 0.002617091 0.002660457 0.002684922 0.002693877 0.002788586 0.002792251 0.006495438 
48     0.002939810 0.003014283 0.003000985 0.003002988 0.002990134 0.003039154 0.003061435 0.003100545 0.003117027 0.003028053 0.003025498 0.002874971 0.002870547 0.002920437 0.003254036 0.003212091 0.003199793 0.003280263 0.003365007 0.002952605 0.003350031 0.003933513 0.002868398 0.002925289 0.002945054 0.002969087 0.003001917 0.001838309 0.001023111 0.001052567 0.000000000 0.001119184 0.001138550 0.001078969 0.001034930 0.001015723 0.001016776 0.001035666 0.001041554 0.001037233 0.001997156 0.002057631 0.001943543 0.002426860 0.002538117 0.002581483 0.002606493 0.002615448 0.002710157 0.002713823 0.006416015 
41     0.003115064 0.003189536 0.003176238 0.003178241 0.003165387 0.003214408 0.003236689 0.003275798 0.003292280 0.003203306 0.003200751 0.003050225 0.003045800 0.003095691 0.003429207 0.003387344 0.003375046 0.003455717 0.003540260 0.003127859 0.003525284 0.004108756 0.003043651 0.003100542 0.003120932 0.003144965 0.003177795 0.002013385 0.001219297 0.001258221 0.001119184 0.000000000 0.000886038 0.001239102 0.001208342 0.001188791 0.001187642 0.001196445 0.001205340 0.001203188 0.002176435 0.002233837 0.002125378 0.002599673 0.002710930 0.002754296 0.002778761 0.002787716 0.002882425 0.002886090 0.006590165 
27     0.003118491 0.003192963 0.003179666 0.003181669 0.003168815 0.003217835 0.003240116 0.003279225 0.003295707 0.003206733 0.003204179 0.003053652 0.003049228 0.003099118 0.003430718 0.003388855 0.003376557 0.003457027 0.003541771 0.003128880 0.003523678 0.004112231 0.003047076 0.003103968 0.003123966 0.003147999 0.003180830 0.002014203 0.001218823 0.001260984 0.001138550 0.000886038 0.000000000 0.001246346 0.001215115 0.001194947 0.001186759 0.001196842 0.001206627 0.001202217 0.002180283 0.002237685 0.002128896 0.002603878 0.002715135 0.002758500 0.002782965 0.002791921 0.002886630 0.002890295 0.006593905 
42     0.003030005 0.003104477 0.003091180 0.003093183 0.003080329 0.003129349 0.003151630 0.003190739 0.003207221 0.003118247 0.003115693 0.002965166 0.002960742 0.003010632 0.003344231 0.003302285 0.003289987 0.003370658 0.003455201 0.003042800 0.003440226 0.004023708 0.002958586 0.003015477 0.003035128 0.003059160 0.003091991 0.001932506 0.001110276 0.001147935 0.001078969 0.001239102 0.001246346 0.000000000 0.000837164 0.000811184 0.000807999 0.000821454 0.000825312 0.000821612 0.002087356 0.002144499 0.002032969 0.002517033 0.002628290 0.002671656 0.002696121 0.002705076 0.002799785 0.002803450 0.006506209 
28     0.002987057 0.003061529 0.003048232 0.003050234 0.003037380 0.003086401 0.003108682 0.003147791 0.003164273 0.003075299 0.003072744 0.002922218 0.002917794 0.002967684 0.003301200 0.003259337 0.003247039 0.003327710 0.003412253 0.002999852 0.003397278 0.003980760 0.002915637 0.002972529 0.002991886 0.003015919 0.003048750 0.001891713 0.001065111 0.001103365 0.001034930 0.001208342 0.001215115 0.000837164 0.000000000 0.000427804 0.000435704 0.000723648 0.000718332 0.000722120 0.002043556 0.002100699 0.001986321 0.002474085 0.002585342 0.002628708 0.002653173 0.002662128 0.002756837 0.002760502 0.006463261 
33     0.002959879 0.003034351 0.003021053 0.003023056 0.003010202 0.003058428 0.003081504 0.003120613 0.003133410 0.003046603 0.003044051 0.002896030 0.002891605 0.002941496 0.003275009 0.003233146 0.003220848 0.003301519 0.003386062 0.002973661 0.003371087 0.003954643 0.002889521 0.002946413 0.002970139 0.002994171 0.003027002 0.001870254 0.001043535 0.001081974 0.001015723 0.001188791 0.001194947 0.000811184 0.000427804 0.000000000 0.000256523 0.000693961 0.000687041 0.000692700 0.002022769 0.002079913 0.001964861 0.002452337 0.002563594 0.002606960 0.002631425 0.002640380 0.002735089 0.002738755 0.006440024 
34     0.002962487 0.003036959 0.003023661 0.003025664 0.003012810 0.003061831 0.003084112 0.003123221 0.003139703 0.003050729 0.003048174 0.002897648 0.002893223 0.002943114 0.003276630 0.003234767 0.003222469 0.003303140 0.003387683 0.002975282 0.003372707 0.003956189 0.002891067 0.002947959 0.002966697 0.002990730 0.003023560 0.001864607 0.001043050 0.001081941 0.001016776 0.001187642 0.001186759 0.000807999 0.000435704 0.000256523 0.000000000 0.000693678 0.000687299 0.000690094 0.002017133 0.002074277 0.001959848 0.002449772 0.002561029 0.002604394 0.002628859 0.002637815 0.002732523 0.002736189 0.006438691 
45     0.002982159 0.003056631 0.003043334 0.003045336 0.003032482 0.003081503 0.003103784 0.003142893 0.003159375 0.003070401 0.003067846 0.002917320 0.002912895 0.002962786 0.003296302 0.003254439 0.003242141 0.003322812 0.003407355 0.002994954 0.003392380 0.003975862 0.002910739 0.002967631 0.002986369 0.003010402 0.003043233 0.001881890 0.001071497 0.001104660 0.001035666 0.001196445 0.001196842 0.000821454 0.000723648 0.000693961 0.000693678 0.000000000 0.000272699 0.000252089 0.002034765 0.002091909 0.001978368 0.002469444 0.002580701 0.002624066 0.002648531 0.002657487 0.002752195 0.002755861 0.006458363 
26     0.002986962 0.003061434 0.003048137 0.003050140 0.003037286 0.003086306 0.003108587 0.003147696 0.003164178 0.003075204 0.003072650 0.002922123 0.002917699 0.002967589 0.003301105 0.003259242 0.003246944 0.003327615 0.003412158 0.002999757 0.003397183 0.003980665 0.002915543 0.002972434 0.002991172 0.003015205 0.003048036 0.001887177 0.001077378 0.001110676 0.001041554 0.001205340 0.001206627 0.000825312 0.000718332 0.000687041 0.000687299 0.000272699 0.000000000 0.000254559 0.002039987 0.002097131 0.001983164 0.002474247 0.002585504 0.002628870 0.002653335 0.002662290 0.002756999 0.002760664 0.006463166 
31     0.002982199 0.003056671 0.003043374 0.003045376 0.003032522 0.003081543 0.003103824 0.003142933 0.003159415 0.003070441 0.003067886 0.002917360 0.002912935 0.002962826 0.003296342 0.003254479 0.003242181 0.003322852 0.003407395 0.002994994 0.003392419 0.003975902 0.002910779 0.002967671 0.002986409 0.003010442 0.003043273 0.001882171 0.001073447 0.001104280 0.001037233 0.001203188 0.001202217 0.000821612 0.000722120 0.000692700 0.000690094 0.000252089 0.000254559 0.000000000 0.002035056 0.002092199 0.001978901 0.002469484 0.002580741 0.002624106 0.002648571 0.002657527 0.002752236 0.002755901 0.006458403 
39     0.003222272 0.003296744 0.003283447 0.003285450 0.003272596 0.003321328 0.003343609 0.003382718 0.003399476 0.003310502 0.003307948 0.003157111 0.003152686 0.003202577 0.003536584 0.003494263 0.003481965 0.003563071 0.003647179 0.003234767 0.003632192 0.004214451 0.003150652 0.003207543 0.003225083 0.003249116 0.003281947 0.002128300 0.002038250 0.002068706 0.001997156 0.002176435 0.002180283 0.002087356 0.002043556 0.002022769 0.002017133 0.002034765 0.002039987 0.002035056 0.000000000 0.000645135 0.001972990 0.002711849 0.002822933 0.002866299 0.002890672 0.002899627 0.002994336 0.002998002 0.006698159 
50     0.003281960 0.003356433 0.003343135 0.003345138 0.003332284 0.003381016 0.003403297 0.003442406 0.003459164 0.003370190 0.003367636 0.003216799 0.003212374 0.003262265 0.003596272 0.003553951 0.003541653 0.003622759 0.003706867 0.003294455 0.003691880 0.004274140 0.003210340 0.003267231 0.003284858 0.003308890 0.003341721 0.002188641 0.002095652 0.002129181 0.002057631 0.002233837 0.002237685 0.002144499 0.002100699 0.002079913 0.002074277 0.002091909 0.002097131 0.002092199 0.000645135 0.000000000 0.002029984 0.002771762 0.002882846 0.002926211 0.002950585 0.002959540 0.003054249 0.003057914 0.006757847 
30     0.003167080 0.003241552 0.003228255 0.003230258 0.003217404 0.003266136 0.003288417 0.003327526 0.003344284 0.003255310 0.003252755 0.003101919 0.003097494 0.003147385 0.003481437 0.003439116 0.003426818 0.003507925 0.003592032 0.003179672 0.003577098 0.004159806 0.003096106 0.003152998 0.003173810 0.003197842 0.003230673 0.002105183 0.001982056 0.002017026 0.001943543 0.002125378 0.002128896 0.002032969 0.001986321 0.001964861 0.001959848 0.001978368 0.001983164 0.001978901 0.001972990 0.002029984 0.000000000 0.002659813 0.002771053 0.002814418 0.002838759 0.002847714 0.002942423 0.002946088 0.006642821 
35     0.002610084 0.002684556 0.002671259 0.002673261 0.002660407 0.002709139 0.002731420 0.002770530 0.002787001 0.002698027 0.002695472 0.002544313 0.002539889 0.002591239 0.002927818 0.002885231 0.002872933 0.002954090 0.003036686 0.002624294 0.003022168 0.003608759 0.002559093 0.002615984 0.002630628 0.002654661 0.002687476 0.002611148 0.002469078 0.002505834 0.002426860 0.002599673 0.002603878 0.002517033 0.002474085 0.002452337 0.002449772 0.002469444 0.002474247 0.002469484 0.002711849 0.002771762 0.002659813 0.000000000 0.000745857 0.001003481 0.001605864 0.001614492 0.001709669 0.001713287 0.006101117 
25     0.002721469 0.002795941 0.002782643 0.002784646 0.002771792 0.002820524 0.002842805 0.002881914 0.002898386 0.002809412 0.002806857 0.002655698 0.002651273 0.002702624 0.003039203 0.002996615 0.002984317 0.003065676 0.003148272 0.002735679 0.003133553 0.003720144 0.002670477 0.002727369 0.002741824 0.002765857 0.002798673 0.002722215 0.002580334 0.002617091 0.002538117 0.002710930 0.002715135 0.002628290 0.002585342 0.002563594 0.002561029 0.002580701 0.002585504 0.002580741 0.002822933 0.002882846 0.002771053 0.000745857 0.000000000 0.001103791 0.001716429 0.001725028 0.001821188 0.001824805 0.006212501 
43     0.002764096 0.002838568 0.002825270 0.002827273 0.002814419 0.002863151 0.002885432 0.002924542 0.002941013 0.002852039 0.002849484 0.002698325 0.002693901 0.002745251 0.003081830 0.003039242 0.003026945 0.003108967 0.003191563 0.002778306 0.003176180 0.003762771 0.002713105 0.002769996 0.002784243 0.002808275 0.002841091 0.002765580 0.002623700 0.002660457 0.002581483 0.002754296 0.002758500 0.002671656 0.002628708 0.002606960 0.002604394 0.002624066 0.002628870 0.002624106 0.002866299 0.002926211 0.002814418 0.001003481 0.001103791 0.000000000 0.001762355 0.001770953 0.001866787 0.001870429 0.006255128 
47     0.002787659 0.002862132 0.002848834 0.002850837 0.002837983 0.002886715 0.002908996 0.002948105 0.002964577 0.002875603 0.002873048 0.002721474 0.002717049 0.002768064 0.003106522 0.003063934 0.003051637 0.003133938 0.003216534 0.002802998 0.003200872 0.003786635 0.002737265 0.002794156 0.002812076 0.002836109 0.002868925 0.002790429 0.002648165 0.002684922 0.002606493 0.002778761 0.002782965 0.002696121 0.002653173 0.002631425 0.002628859 0.002648531 0.002653335 0.002648571 0.002890672 0.002950585 0.002838759 0.001605864 0.001716429 0.001762355 0.000000000 0.000389911 0.001019621 0.001024970 0.006280258 
44     0.002796740 0.002871213 0.002857915 0.002859918 0.002847064 0.002895796 0.002918077 0.002957186 0.002973658 0.002884684 0.002882129 0.002730555 0.002726130 0.002777145 0.003115603 0.003073015 0.003060717 0.003143019 0.003225615 0.002812079 0.003209953 0.003795716 0.002746346 0.002803237 0.002821159 0.002845192 0.002878008 0.002799384 0.002657120 0.002693877 0.002615448 0.002787716 0.002791921 0.002705076 0.002662128 0.002640380 0.002637815 0.002657487 0.002662290 0.002657527 0.002899627 0.002959540 0.002847714 0.001614492 0.001725028 0.001770953 0.000389911 0.000000000 0.001033073 0.001033071 0.006289339 
38     0.002892088 0.002966561 0.002953263 0.002955266 0.002942412 0.002991144 0.003013425 0.003052534 0.003069006 0.002980032 0.002977477 0.002823031 0.002818607 0.002873244 0.003210106 0.003167518 0.003155220 0.003237522 0.003320118 0.002907050 0.003304924 0.003890460 0.002839276 0.002897159 0.002916390 0.002940423 0.002973238 0.002894093 0.002751829 0.002788586 0.002710157 0.002882425 0.002886630 0.002799785 0.002756837 0.002735089 0.002732523 0.002752195 0.002756999 0.002752236 0.002994336 0.003054249 0.002942423 0.001709669 0.001821188 0.001866787 0.001019621 0.001033073 0.000000000 0.000478271 0.006384056 
46     0.002895754 0.002970226 0.002956929 0.002958931 0.002946077 0.002994810 0.003017090 0.003056200 0.003072671 0.002983697 0.002981142 0.002826697 0.002822272 0.002876909 0.003213771 0.003171184 0.003158886 0.003241187 0.003323783 0.002910716 0.003308589 0.003894126 0.002842942 0.002900824 0.002920055 0.002944088 0.002976904 0.002897758 0.002755495 0.002792251 0.002713823 0.002886090 0.002890295 0.002803450 0.002760502 0.002738755 0.002736189 0.002755861 0.002760664 0.002755901 0.002998002 0.003057914 0.002946088 0.001713287 0.001824805 0.001870429 0.001024970 0.001033071 0.000478271 0.000000000 0.006387721 
0     0.006081178 0.006155650 0.006142353 0.006144355 0.006131501 0.006179270 0.006200150 0.006239260 0.006257338 0.006168364 0.006165810 0.006019122 0.006014697 0.006064262 0.006381187 0.006338388 0.006326090 0.006409853 0.006491972 0.006063832 0.006475493 0.007059429 0.005985515 0.006042407 0.006572197 0.006596230 0.006629060 0.006594224 0.006458400 0.006495438 0.006416015 0.006590165 0.006593905 0.006506209 0.006463261 0.006440024 0.006438691 0.006458363 0.006463166 0.006458403 0.006698159 0.006757847 0.006642821 0.006101117 0.006212501 0.006255128 0.006280258 0.006289339 0.006384056 0.006387721 0.000000000 
