51
2     0.000000000 0.005455890 0.003760270 0.002920050 0.020407460 0.027087760 0.017205830 0.016865340 0.018411190 0.018683060 0.017317120 0.021354070 0.019769720 0.022238650 0.026520920 0.023399650 0.018724780 0.013630820 0.014443630 0.015569760 0.017359970 0.014993270 0.014571020 0.019500760 0.009568250 0.025313910 0.001402910 0.002285130 0.010711050 0.008344380 0.006772540 0.010502420 0.007293260 0.008272380 0.010216190 0.006735600 0.004263020 0.003913060 0.003719400 0.022209080 0.017085380 0.013327810 0.017167180 0.017254420 0.004983240 0.002168940 0.003786610 0.002167740 0.022214570 0.000247280 0.012143580 
1     0.005455890 0.000000000 0.004049590 0.000518760 0.022781180 0.018466650 0.017783130 0.016158710 0.035833860 0.035266180 0.031544990 0.032525250 0.017760840 0.032105310 0.035715750 0.033284110 0.016715900 0.023748900 0.023389400 0.027198060 0.018661830 0.023277050 0.012562140 0.029340010 0.012430620 0.026401340 0.012116680 0.012273980 0.015354130 0.016609700 0.014487970 0.016473870 0.015353960 0.014239630 0.014257180 0.015354220 0.027040280 0.015574770 0.013906680 0.029472700 0.033479740 0.021901010 0.021087850 0.021527630 0.011326530 0.016388860 0.011074460 0.011044110 0.021128780 0.014400450 0.028756340 
4     0.003760270 0.004049590 0.000000000 0.000100920 0.016302940 0.011988410 0.011304890 0.009680470 0.029355620 0.027020820 0.016606640 0.023981850 0.018561600 0.024866430 0.025622290 0.025038750 0.017516660 0.020455830 0.021268640 0.022279630 0.019462590 0.016213010 0.013362900 0.021000410 0.013800740 0.033258650 0.010838400 0.005565020 0.015385090 0.011624270 0.010052430 0.014518950 0.010573150 0.014944370 0.014180290 0.008743240 0.010826950 0.015517760 0.014756630 0.016790450 0.015872230 0.015342050 0.015388270 0.011400930 0.008263130 0.005448830 0.007066500 0.005447630 0.014650540 0.003527170 0.011561840 
3     0.002920050 0.000518760 0.000100920 0.000000000 0.014641320 0.011441370 0.010757850 0.009133430 0.023806540 0.024078410 0.015306360 0.021789630 0.016365340 0.022674210 0.023034670 0.023617690 0.015320400 0.013964850 0.014777660 0.015903790 0.017266330 0.015428830 0.011166640 0.019673590 0.012603680 0.028103970 0.004072130 0.004724800 0.011045080 0.010784050 0.009212210 0.008477400 0.009732930 0.010941600 0.008136350 0.002556570 0.006932240 0.006582280 0.006388620 0.014202830 0.013284610 0.012076700 0.013967210 0.007383690 0.007422910 0.004608610 0.006226280 0.004607410 0.014103500 0.002686950 0.010703020 
28     0.020407460 0.022781180 0.016302940 0.014641320 0.000000000 0.000009540 0.002340250 0.002447340 0.015684010 0.018453170 0.012677330 0.016198220 0.015473870 0.014550010 0.016354540 0.017046750 0.014091180 0.009284790 0.008603220 0.008588310 0.008810980 0.004990450 0.012956110 0.012406310 0.006384470 0.011754560 0.005237640 0.015099400 0.019197210 0.005619930 0.005164130 0.005146570 0.005582310 0.005298220 0.013286060 0.005323200 0.009465430 0.010300840 0.014130830 0.016221160 0.017741710 0.019626950 0.018357360 0.017801820 0.019204130 0.018301870 0.009927960 0.018367450 0.023634080 0.012054950 0.016333710 
24     0.027087760 0.018466650 0.011988410 0.011441370 0.000009540 0.000000000 0.002408510 0.002887650 0.014533880 0.014620090 0.008884120 0.013000490 0.016821640 0.015897780 0.017702310 0.018394520 0.012409180 0.003599830 0.002918260 0.002903350 0.003126020 0.005982450 0.011722880 0.013049340 0.007027500 0.006791560 0.005228100 0.016074600 0.018259600 0.005610390 0.005154590 0.005137030 0.005572770 0.005288680 0.015525320 0.005313660 0.010108460 0.010943870 0.014773860 0.018064340 0.016508480 0.020269980 0.024434580 0.022030830 0.021443390 0.017068640 0.015587180 0.017134220 0.011898740 0.014216990 0.015100480 
12     0.017205830 0.017783130 0.011304890 0.010757850 0.002340250 0.002408510 0.000000000 0.000057680 0.018165630 0.014956110 0.013146380 0.015148880 0.015011510 0.014087650 0.015892180 0.016584390 0.014560230 0.008584760 0.008086680 0.008524060 0.012245700 0.008801970 0.011296310 0.012875360 0.006853520 0.014985590 0.014318680 0.015900620 0.021124350 0.020115500 0.001851530 0.016693440 0.010135900 0.009954110 0.021966230 0.016630160 0.009934480 0.007414980 0.006666580 0.000736350 0.008603930 0.018886970 0.025320530 0.017697070 0.009502770 0.011298320 0.014903660 0.016707650 0.018636030 0.013533470 0.014673910 
48     0.016865340 0.016158710 0.009680470 0.009133430 0.002447340 0.002887650 0.000057680 0.000000000 0.018687870 0.017018140 0.014217870 0.015181530 0.017434830 0.016510970 0.016856370 0.019007710 0.014344230 0.014025610 0.013527530 0.013964910 0.016259480 0.009324210 0.016737160 0.024994720 0.011869890 0.014613460 0.014840920 0.020497470 0.021378300 0.021294560 0.019296010 0.020806260 0.015576750 0.015394960 0.020770230 0.016057880 0.015260490 0.007937220 0.007188820 0.000880280 0.008747860 0.019409210 0.024991780 0.018219310 0.010025010 0.011820560 0.013279240 0.020930810 0.017011610 0.011909050 0.019918810 
26     0.018411190 0.035833860 0.029355620 0.023806540 0.015684010 0.014533880 0.018165630 0.018687870 0.000000000 0.000030620 0.000939810 0.006540680 0.006910210 0.004078250 0.004137630 0.008693650 0.001316330 0.010218380 0.012228470 0.010747480 0.007875040 0.012650680 0.020080100 0.021710360 0.012616400 0.026451380 0.019056880 0.026245010 0.019849070 0.028702270 0.021418180 0.019522190 0.020447950 0.021400510 0.024752850 0.019870740 0.020698070 0.017331280 0.017706060 0.023801960 0.022998320 0.027446360 0.029775230 0.026256460 0.018062160 0.019857710 0.029166120 0.029628980 0.027350170 0.021101210 0.035210080 
27     0.018683060 0.035266180 0.027020820 0.024078410 0.018453170 0.014620090 0.014956110 0.017018140 0.000030620 0.000000000 0.000969030 0.003149340 0.004983990 0.005885090 0.006284710 0.003344390 0.001132590 0.011142330 0.011402270 0.011976660 0.012481430 0.015116950 0.020982860 0.017670270 0.016327800 0.018237760 0.019959640 0.022668020 0.020751830 0.023471910 0.022320940 0.020424950 0.019815250 0.019633460 0.025655610 0.020773500 0.021600830 0.016851230 0.014997230 0.020315260 0.016377050 0.029912630 0.027956320 0.027638020 0.020528430 0.022323980 0.025750270 0.026387000 0.036954970 0.025654450 0.024353260 
7     0.017317120 0.031544990 0.016606640 0.015306360 0.012677330 0.008884120 0.013146380 0.014217870 0.000939810 0.000969030 0.000000000 0.001274260 0.001591410 0.001581800 0.002949100 0.006022180 0.000436960 0.000629000 0.000691210 0.000506110 0.002649830 0.000394980 0.007083160 0.000367860 0.000506220 0.004425810 0.011439230 0.010220540 0.015154140 0.013217020 0.017609930 0.014220300 0.016923700 0.012718930 0.021228600 0.013213790 0.004254400 0.005089810 0.008919800 0.020277710 0.019474070 0.014412820 0.018314330 0.017996030 0.019789940 0.018070730 0.015216820 0.018966080 0.017329710 0.011080750 0.025651870 
29     0.021354070 0.032525250 0.023981850 0.021789630 0.016198220 0.013000490 0.015148880 0.015181530 0.006540680 0.003149340 0.001274260 0.000000000 0.000113340 0.000464840 0.000078490 0.000069530 0.000994680 0.004517850 0.004580060 0.003305040 0.003613490 0.004283830 0.010677960 0.004256710 0.010645530 0.017375550 0.013269210 0.014109390 0.014061400 0.019692720 0.015630510 0.005550850 0.013647090 0.006038080 0.012766520 0.014083070 0.008143250 0.008978660 0.011918390 0.018014290 0.014367030 0.018301670 0.026604550 0.026286250 0.027258350 0.026326880 0.019105670 0.027256300 0.026099150 0.022124480 0.029540720 
18     0.019769720 0.017760840 0.018561600 0.016365340 0.015473870 0.016821640 0.015011510 0.017434830 0.006910210 0.004983990 0.001591410 0.000113340 0.000000000 0.000010310 0.001175440 0.000441600 0.001044940 0.006207130 0.006320010 0.006198320 0.006192610 0.008875860 0.007909460 0.013052580 0.011241860 0.017613620 0.008281440 0.008438740 0.011518890 0.012774460 0.010652730 0.012638630 0.011518720 0.010404390 0.010421940 0.011518980 0.015506730 0.012139940 0.012514720 0.018610620 0.016201680 0.024150500 0.027154540 0.017865770 0.007491290 0.027689120 0.007239220 0.007208870 0.017232380 0.010565210 0.036388250 
6     0.022238650 0.032105310 0.024866430 0.022674210 0.014550010 0.015897780 0.014087650 0.016510970 0.004078250 0.005885090 0.001581800 0.000464840 0.000010310 0.000000000 0.000077480 0.000153820 0.002124790 0.006197520 0.006310400 0.006188710 0.006183000 0.009074440 0.014113680 0.016451870 0.013156240 0.016363530 0.013921000 0.021055840 0.016572110 0.022969070 0.018141220 0.000433430 0.016181430 0.014443910 0.021475890 0.016168240 0.017421110 0.014054320 0.014429100 0.020525000 0.017102780 0.027739980 0.024351570 0.020544810 0.021835760 0.024338270 0.007389410 0.018685480 0.017222770 0.010973810 0.044418010 
32     0.026520920 0.035715750 0.025622290 0.023034670 0.016354540 0.017702310 0.015892180 0.016856370 0.004137630 0.006284710 0.002949100 0.000078490 0.001175440 0.000077480 0.000000000 0.001128740 0.002184170 0.008387370 0.009643370 0.004979880 0.005288330 0.013356710 0.013021440 0.015359630 0.012715190 0.018202620 0.015338870 0.022527000 0.016131060 0.022665980 0.017700170 0.015804180 0.016729940 0.017682500 0.021034840 0.016152730 0.016980060 0.013613270 0.013988050 0.020083950 0.017502400 0.027165740 0.023777330 0.019970570 0.032207230 0.023764030 0.006815170 0.018111240 0.027773990 0.028010130 0.045274140 
38     0.023399650 0.033284110 0.025038750 0.023617690 0.017046750 0.018394520 0.016584390 0.019007710 0.008693650 0.003344390 0.006022180 0.000069530 0.000441600 0.000153820 0.001128740 0.000000000 0.005040910 0.009079580 0.010335580 0.011555450 0.009246230 0.010235440 0.016033900 0.015688200 0.012387000 0.019186500 0.015010680 0.020853050 0.015802870 0.020693990 0.017371980 0.015475990 0.016401750 0.017354310 0.020706650 0.015824540 0.016651870 0.013285080 0.013182260 0.018500290 0.014562080 0.027515570 0.024127160 0.020320400 0.032736490 0.024113860 0.007165000 0.018461070 0.036260410 0.031521530 0.037335400 
50     0.018724780 0.016715900 0.017516660 0.015320400 0.014091180 0.012409180 0.014560230 0.014344230 0.001316330 0.001132590 0.000436960 0.000994680 0.001044940 0.002124790 0.002184170 0.005040910 0.000000000 0.002042850 0.002105060 0.001919960 0.002776190 0.001808830 0.006864520 0.001781710 0.012638520 0.023328410 0.007236500 0.007393800 0.010473950 0.011729520 0.009607790 0.011593690 0.010473780 0.009359450 0.009377000 0.010474040 0.005668250 0.006503660 0.010333650 0.024369880 0.023114070 0.015826670 0.026109600 0.016820830 0.006446350 0.024349540 0.006194280 0.006163930 0.016687180 0.009520270 0.027065720 
36     0.013630820 0.023748900 0.020455830 0.013964850 0.009284790 0.003599830 0.008584760 0.014025610 0.010218380 0.011142330 0.000629000 0.004517850 0.006207130 0.006197520 0.008387370 0.009079580 0.002042850 0.000000000 0.000055420 0.000015420 0.000014760 0.000392760 0.007577010 0.000365640 0.007249230 0.012607180 0.009872910 0.010218320 0.010665100 0.017161470 0.012234210 0.010338220 0.011263980 0.011424850 0.015568880 0.006508200 0.004252180 0.005087590 0.008522090 0.014617990 0.013814350 0.014410600 0.022960680 0.017987570 0.013479350 0.015288380 0.013227280 0.013196930 0.017810410 0.011561450 0.016144650 
5     0.014443630 0.023389400 0.021268640 0.014777660 0.008603220 0.002918260 0.008086680 0.013527530 0.012228470 0.011402270 0.000691210 0.004580060 0.006320010 0.006310400 0.009643370 0.010335580 0.002105060 0.000055420 0.000000000 0.000042210 0.000127640 0.000454970 0.007687120 0.000427850 0.008108120 0.012662320 0.010731800 0.010280530 0.011523990 0.017974280 0.013093100 0.011197110 0.011108560 0.010926770 0.016050500 0.002351780 0.004314390 0.005149800 0.008979790 0.015476880 0.014673240 0.014472810 0.023444460 0.023494330 0.013119850 0.017614730 0.012867780 0.012837430 0.017923290 0.011674330 0.015646570 
10     0.015569760 0.027198060 0.022279630 0.015903790 0.008588310 0.002903350 0.008524060 0.013964910 0.010747480 0.011976660 0.000506110 0.003305040 0.006198320 0.006188710 0.004979880 0.011555450 0.001919960 0.000015420 0.000042210 0.000000000 0.000008050 0.000269870 0.013219850 0.000242750 0.009572950 0.018466010 0.012196630 0.010095430 0.012988820 0.018207740 0.014557930 0.006431330 0.011545940 0.011364150 0.017892600 0.007208020 0.004129290 0.004964700 0.008794690 0.016941710 0.016138070 0.014287710 0.023557990 0.024984420 0.016514600 0.017203070 0.015091710 0.016646090 0.017801600 0.011552640 0.016083950 
47     0.017359970 0.018661830 0.019462590 0.017266330 0.008810980 0.003126020 0.012245700 0.016259480 0.007875040 0.012481430 0.002649830 0.003613490 0.006192610 0.006183000 0.005288330 0.009246230 0.002776190 0.000014760 0.000127640 0.000008050 0.000000000 0.005072240 0.007002720 0.006917740 0.008542140 0.014620560 0.009182430 0.009339730 0.011958010 0.013675450 0.011553720 0.011631130 0.012419710 0.011305380 0.011322930 0.011979680 0.010804280 0.009440220 0.009815000 0.015910900 0.015107260 0.020962700 0.022827800 0.018766760 0.008392280 0.015272920 0.008140210 0.008109860 0.017795890 0.011466200 0.019805590 
25     0.014993270 0.023277050 0.016213010 0.015428830 0.004990450 0.005982450 0.008801970 0.009324210 0.012650680 0.015116950 0.000394980 0.004283830 0.008875860 0.009074440 0.013356710 0.010235440 0.001808830 0.000392760 0.000454970 0.000269870 0.005072240 0.000000000 0.000000000 0.000123960 0.001475350 0.005394940 0.009152270 0.009976640 0.013859360 0.013568800 0.014563440 0.014300270 0.013195370 0.013405040 0.012640960 0.013772270 0.004010500 0.004845910 0.008580670 0.021562070 0.020112960 0.014168920 0.021477630 0.016892800 0.008698500 0.010494050 0.014972920 0.009976200 0.023396370 0.011014190 0.020319760 
31     0.014571020 0.012562140 0.013362900 0.011166640 0.012956110 0.011722880 0.011296310 0.016737160 0.020080100 0.020982860 0.007083160 0.010677960 0.007909460 0.014113680 0.013021440 0.016033900 0.006864520 0.007577010 0.007687120 0.013219850 0.007002720 0.000000000 0.000000000 0.004358010 0.006833780 0.010753370 0.003082740 0.003240040 0.006320190 0.007575760 0.005454030 0.007439930 0.006320020 0.005205690 0.005223240 0.006320280 0.015141630 0.012910140 0.013284920 0.019380820 0.018577180 0.018951800 0.021846160 0.012667070 0.002292590 0.019152940 0.002040520 0.002010170 0.012533420 0.005366510 0.021068900 
22     0.019500760 0.029340010 0.021000410 0.019673590 0.012406310 0.013049340 0.012875360 0.024994720 0.021710360 0.017670270 0.000367860 0.004256710 0.013052580 0.016451870 0.015359630 0.015688200 0.001781710 0.000365640 0.000427850 0.000242750 0.006917740 0.000123960 0.004358010 0.000000000 0.010627970 0.012016640 0.009248170 0.009949520 0.012963080 0.011025960 0.015418870 0.012029240 0.017982770 0.010527870 0.017428360 0.011022730 0.003983380 0.004818790 0.008648780 0.018161680 0.024814250 0.014141800 0.021347150 0.023514450 0.020012240 0.022744040 0.014945800 0.023544190 0.032309440 0.015801590 0.021258080 
39     0.009568250 0.012430620 0.013800740 0.012603680 0.006384470 0.007027500 0.006853520 0.011869890 0.012616400 0.016327800 0.000506220 0.010645530 0.011241860 0.013156240 0.012715190 0.012387000 0.012638520 0.007249230 0.008108120 0.009572950 0.008542140 0.001475350 0.006833780 0.010627970 0.000000000 0.002268090 0.010988840 0.012042030 0.011781030 0.011156530 0.013350140 0.011454150 0.010783100 0.010992770 0.010228690 0.011802700 0.006875350 0.007534800 0.007251900 0.012401530 0.009953100 0.007936150 0.016778250 0.011176580 0.007485560 0.008609580 0.007668050 0.011466660 0.002918100 0.004043430 0.027356280 
33     0.025313910 0.026401340 0.033258650 0.028103970 0.011754560 0.006791560 0.014985590 0.014613460 0.026451380 0.018237760 0.004425810 0.017375550 0.017613620 0.016363530 0.018202620 0.019186500 0.023328410 0.012607180 0.012662320 0.018466010 0.014620560 0.005394940 0.010753370 0.012016640 0.002268090 0.000000000 0.016773300 0.016931330 0.023435300 0.023814340 0.022857530 0.023876210 0.017119900 0.024212480 0.027554440 0.019453990 0.013601360 0.005351820 0.005068920 0.020614540 0.024894700 0.005159410 0.014001510 0.008399840 0.004708820 0.005832840 0.004891310 0.024281170 0.029495010 0.025602750 0.028758310 
30     0.001402910 0.012116680 0.010838400 0.004072130 0.005237640 0.005228100 0.014318680 0.014840920 0.019056880 0.019959640 0.011439230 0.013269210 0.008281440 0.013921000 0.015338870 0.015010680 0.007236500 0.009872910 0.010731800 0.012196630 0.009182430 0.009152270 0.003082740 0.009248170 0.010988840 0.016773300 0.000000000 0.000221200 0.003273520 0.000665030 0.000366130 0.000348570 0.000784310 0.000500220 0.002209300 0.000525200 0.003500750 0.003150790 0.002957130 0.005072700 0.005779520 0.013806350 0.011328180 0.011939290 0.001564810 0.012657960 0.001312740 0.001282390 0.008566730 0.002583470 0.016596890 
42     0.002285130 0.012273980 0.005565020 0.004724800 0.015099400 0.016074600 0.015900620 0.020497470 0.026245010 0.022668020 0.010220540 0.014109390 0.008438740 0.021055840 0.022527000 0.020853050 0.007393800 0.010218320 0.010280530 0.010095430 0.009339730 0.009976640 0.003240040 0.009949520 0.012042030 0.016931330 0.000221200 0.000000000 0.003463550 0.004719120 0.002597390 0.003608550 0.003463380 0.002349050 0.002366600 0.002537070 0.003981280 0.006287290 0.006093630 0.012623810 0.013183610 0.016252930 0.016299150 0.012096590 0.001722110 0.000319530 0.001470040 0.000318330 0.009907680 0.002037930 0.014537060 
20     0.010711050 0.015354130 0.015385090 0.011045080 0.019197210 0.018259600 0.021124350 0.021378300 0.019849070 0.020751830 0.015154140 0.014061400 0.011518890 0.016572110 0.016131060 0.015802870 0.010473950 0.010665100 0.011523990 0.012988820 0.011958010 0.013859360 0.006320190 0.012963080 0.011781030 0.023435300 0.003273520 0.003463550 0.000000000 0.000744170 0.003740930 0.001134040 0.000014130 0.003247070 0.003639300 0.000000170 0.003757860 0.003797520 0.003768830 0.011306080 0.011263130 0.020369910 0.015493780 0.015176740 0.004802260 0.010139600 0.004550190 0.004519840 0.010068250 0.005820920 0.024357130 
49     0.008344380 0.016609700 0.011624270 0.010784050 0.005619930 0.005610390 0.020115500 0.021294560 0.028702270 0.023471910 0.013217020 0.019692720 0.012774460 0.022969070 0.022665980 0.020693990 0.011729520 0.017161470 0.017974280 0.018207740 0.013675450 0.013568800 0.007575760 0.011025960 0.011156530 0.023814340 0.000665030 0.004719120 0.000744170 0.000000000 0.000748420 0.000730860 0.001166600 0.000882510 0.004293380 0.000907490 0.005212180 0.008228550 0.008562580 0.010552800 0.013987500 0.018938150 0.016252350 0.016194910 0.006057830 0.006378780 0.005805760 0.005775410 0.010826820 0.007076490 0.020596310 
17     0.006772540 0.014487970 0.010052430 0.009212210 0.005164130 0.005154590 0.001851530 0.019296010 0.021418180 0.022320940 0.017609930 0.015630510 0.010652730 0.018141220 0.017700170 0.017371980 0.009607790 0.012234210 0.013093100 0.014557930 0.011553720 0.014563440 0.005454030 0.015418870 0.013350140 0.022857530 0.000366130 0.002597390 0.003740930 0.000748420 0.000000000 0.000018080 0.000450360 0.000166270 0.000724810 0.000066420 0.006562510 0.006602170 0.006573480 0.014110730 0.014067780 0.020595310 0.017749690 0.014310580 0.003936100 0.004806940 0.003684030 0.003653680 0.012121670 0.004954760 0.019024470 
23     0.010502420 0.016473870 0.014518950 0.008477400 0.005146570 0.005137030 0.016693440 0.020806260 0.019522190 0.020424950 0.014220300 0.005550850 0.012638630 0.000433430 0.015804180 0.015475990 0.011593690 0.010338220 0.011197110 0.006431330 0.011631130 0.014300270 0.007439930 0.012029240 0.011454150 0.023876210 0.000348570 0.003608550 0.001134040 0.000730860 0.000018080 0.000000000 0.000436260 0.000152170 0.000361950 0.000182770 0.004123770 0.004163430 0.004134740 0.008729880 0.006346700 0.018467360 0.015989190 0.016114550 0.005922000 0.014753550 0.005669930 0.005639580 0.010746460 0.006940660 0.014130710 
15     0.007293260 0.015353960 0.010573150 0.009732930 0.005582310 0.005572770 0.010135900 0.015576750 0.020447950 0.019815250 0.016923700 0.013647090 0.011518720 0.016181430 0.016729940 0.016401750 0.010473780 0.011263980 0.011108560 0.011545940 0.012419710 0.013195370 0.006320020 0.017982770 0.010783100 0.017119900 0.000784310 0.003463380 0.000014130 0.001166600 0.000450360 0.000436260 0.000000000 0.000418430 0.001283710 0.000014220 0.004838750 0.009345840 0.007602550 0.014951650 0.008981170 0.020990170 0.017668630 0.015176570 0.004802090 0.005327660 0.004550020 0.004519670 0.012243100 0.005820750 0.007573170 
21     0.008272380 0.014239630 0.014944370 0.010941600 0.005298220 0.005288680 0.009954110 0.015394960 0.021400510 0.019633460 0.012718930 0.006038080 0.010404390 0.014443910 0.017682500 0.017354310 0.009359450 0.011424850 0.010926770 0.011364150 0.011305380 0.013405040 0.005205690 0.010527870 0.010992770 0.024212480 0.000500220 0.002349050 0.003247070 0.000882510 0.000166270 0.000152170 0.000418430 0.000000000 0.000023490 0.000309540 0.005048420 0.005921810 0.005893120 0.012084350 0.008799380 0.020086510 0.018038000 0.014062240 0.003687760 0.009359540 0.003435690 0.003405340 0.006643460 0.004706420 0.007391380 
8     0.010216190 0.014257180 0.014180290 0.008136350 0.013286060 0.015525320 0.021966230 0.020770230 0.024752850 0.025655610 0.021228600 0.012766520 0.010421940 0.021475890 0.021034840 0.020706650 0.009377000 0.015568880 0.016050500 0.017892600 0.011322930 0.012640960 0.005223240 0.017428360 0.010228690 0.027554440 0.002209300 0.002366600 0.003639300 0.004293380 0.000724810 0.000361950 0.001283710 0.000023490 0.000000000 0.001055300 0.004284340 0.006162190 0.006133500 0.013670750 0.013627800 0.020364520 0.022519110 0.014079790 0.003705310 0.016423580 0.003453240 0.003422890 0.011890880 0.004723970 0.022458240 
16     0.006735600 0.015354220 0.008743240 0.002556570 0.005323200 0.005313660 0.016630160 0.016057880 0.019870740 0.020773500 0.013213790 0.014083070 0.011518980 0.016168240 0.016152730 0.015824540 0.010474040 0.006508200 0.002351780 0.007208020 0.011979680 0.013772270 0.006320280 0.011022730 0.011802700 0.019453990 0.000525200 0.002537070 0.000000170 0.000907490 0.000066420 0.000182770 0.000014220 0.000309540 0.001055300 0.000000000 0.000503850 0.000543510 0.000514820 0.008052070 0.008009120 0.015943090 0.013851970 0.015176830 0.004802350 0.004770000 0.004550280 0.004519930 0.010180250 0.005821010 0.006404910 
37     0.004263020 0.027040280 0.010826950 0.006932240 0.009465430 0.010108460 0.009934480 0.015260490 0.020698070 0.021600830 0.004254400 0.008143250 0.015506730 0.017421110 0.016980060 0.016651870 0.005668250 0.004252180 0.004314390 0.004129290 0.010804280 0.004010500 0.015141630 0.003983380 0.006875350 0.013601360 0.003500750 0.003981280 0.003757860 0.005212180 0.006562510 0.004123770 0.004838750 0.005048420 0.004284340 0.000503850 0.000000000 0.000223280 0.000209290 0.000662520 0.003548160 0.011204020 0.012539820 0.010935150 0.012777310 0.010480000 0.009322090 0.010914240 0.009664760 0.005522230 0.011022440 
40     0.003913060 0.015574770 0.015517760 0.006582280 0.010300840 0.010943870 0.007414980 0.007937220 0.017331280 0.016851230 0.005089810 0.008978660 0.012139940 0.014054320 0.013613270 0.013285080 0.006503660 0.005087590 0.005149800 0.004964700 0.009440220 0.004845910 0.012910140 0.004818790 0.007534800 0.005351820 0.003150790 0.006287290 0.003797520 0.008228550 0.006602170 0.004163430 0.009345840 0.005921810 0.006162190 0.000543510 0.000223280 0.000000000 0.000002220 0.000463780 0.004745460 0.011660470 0.011656510 0.011106240 0.010029870 0.010628740 0.010117030 0.012021080 0.015801340 0.013740680 0.014702350 
34     0.003719400 0.013906680 0.014756630 0.006388620 0.014130830 0.014773860 0.006666580 0.007188820 0.017706060 0.014997230 0.008919800 0.011918390 0.012514720 0.014429100 0.013988050 0.013182260 0.010333650 0.008522090 0.008979790 0.008794690 0.009815000 0.008580670 0.013284920 0.008648780 0.007251900 0.005068920 0.002957130 0.006093630 0.003768830 0.008562580 0.006573480 0.004134740 0.007602550 0.005893120 0.006133500 0.000514820 0.000209290 0.000002220 0.000000000 0.000461560 0.003104380 0.011591980 0.011588020 0.011037750 0.009281470 0.009511140 0.009003000 0.009509940 0.008258490 0.011229540 0.010785700 
11     0.022209080 0.029472700 0.016790450 0.014202830 0.016221160 0.018064340 0.000736350 0.000880280 0.023801960 0.020315260 0.020277710 0.018014290 0.018610620 0.020525000 0.020083950 0.018500290 0.024369880 0.014617990 0.015476880 0.016941710 0.015910900 0.021562070 0.019380820 0.018161680 0.012401530 0.020614540 0.005072700 0.012623810 0.011306080 0.010552800 0.014110730 0.008729880 0.014951650 0.012084350 0.013670750 0.008052070 0.000662520 0.000463780 0.000461560 0.000000000 0.000085990 0.012100590 0.012096630 0.011546360 0.011966700 0.011068860 0.010878460 0.018578910 0.023685520 0.017436560 0.018884960 
41     0.017085380 0.033479740 0.015872230 0.013284610 0.017741710 0.016508480 0.008603930 0.008747860 0.022998320 0.016377050 0.019474070 0.014367030 0.016201680 0.017102780 0.017502400 0.014562080 0.023114070 0.013814350 0.014673240 0.016138070 0.015107260 0.020112960 0.018577180 0.024814250 0.009953100 0.024894700 0.005779520 0.013183610 0.011263130 0.013987500 0.014067780 0.006346700 0.008981170 0.008799380 0.013627800 0.008009120 0.003548160 0.004745460 0.003104380 0.000085990 0.000000000 0.011182370 0.011178410 0.010628140 0.009001370 0.010150640 0.007913130 0.014198060 0.024828920 0.018579960 0.012164320 
19     0.013327810 0.021901010 0.015342050 0.012076700 0.019626950 0.020269980 0.018886970 0.019409210 0.027446360 0.029912630 0.014412820 0.018301670 0.024150500 0.027739980 0.027165740 0.027515570 0.015826670 0.014410600 0.014472810 0.014287710 0.020962700 0.014168920 0.018951800 0.014141800 0.007936150 0.005159410 0.013806350 0.016252930 0.020369910 0.018938150 0.020595310 0.018467360 0.020990170 0.020086510 0.020364520 0.015943090 0.011204020 0.011660470 0.011591980 0.012100590 0.011182370 0.000000000 0.000778140 0.000168200 0.001151450 0.003817460 0.000872130 0.001082510 0.006982900 0.013531020 0.026976170 
43     0.017167180 0.021087850 0.015388270 0.013967210 0.018357360 0.024434580 0.025320530 0.024991780 0.029775230 0.027956320 0.018314330 0.026604550 0.027154540 0.024351570 0.023777330 0.024127160 0.026109600 0.022960680 0.023444460 0.023557990 0.022827800 0.021477630 0.021846160 0.021347150 0.016778250 0.014001510 0.011328180 0.016299150 0.015493780 0.016252350 0.017749690 0.015989190 0.017668630 0.018038000 0.022519110 0.013851970 0.012539820 0.011656510 0.011588020 0.012096630 0.011178410 0.000778140 0.000000000 0.000058000 0.004331430 0.002944430 0.002855500 0.005812620 0.005940370 0.007650550 0.020874880 
14     0.017254420 0.021527630 0.011400930 0.007383690 0.017801820 0.022030830 0.017697070 0.018219310 0.026256460 0.027638020 0.017996030 0.026286250 0.017865770 0.020544810 0.019970570 0.020320400 0.016820830 0.017987570 0.023494330 0.024984420 0.018766760 0.016892800 0.012667070 0.023514450 0.011176580 0.008399840 0.011939290 0.012096590 0.015176740 0.016194910 0.014310580 0.016114550 0.015176570 0.014062240 0.014079790 0.015176830 0.010935150 0.011106240 0.011037750 0.011546360 0.010628140 0.000168200 0.000058000 0.000000000 0.001106660 0.001399590 0.002525720 0.002017430 0.005882930 0.009971240 0.025208730 
13     0.004983240 0.011326530 0.008263130 0.007422910 0.019204130 0.021443390 0.009502770 0.010025010 0.018062160 0.020528430 0.019789940 0.027258350 0.007491290 0.021835760 0.032207230 0.032736490 0.006446350 0.013479350 0.013119850 0.016514600 0.008392280 0.008698500 0.002292590 0.020012240 0.007485560 0.004708820 0.001564810 0.001722110 0.004802260 0.006057830 0.003936100 0.005922000 0.004802090 0.003687760 0.003705310 0.004802350 0.012777310 0.010029870 0.009281470 0.011966700 0.009001370 0.001151450 0.004331430 0.001106660 0.000000000 0.000760590 0.000335870 0.000405060 0.011015490 0.003848580 0.017235170 
9     0.002168940 0.016388860 0.005448830 0.004608610 0.018301870 0.017068640 0.011298320 0.011820560 0.019857710 0.022323980 0.018070730 0.026326880 0.027689120 0.024338270 0.023764030 0.024113860 0.024349540 0.015288380 0.017614730 0.017203070 0.015272920 0.010494050 0.019152940 0.022744040 0.008609580 0.005832840 0.012657960 0.000319530 0.010139600 0.006378780 0.004806940 0.014753550 0.005327660 0.009359540 0.016423580 0.004770000 0.010480000 0.010628740 0.009511140 0.011068860 0.010150640 0.003817460 0.002944430 0.001399590 0.000760590 0.000000000 0.000121190 0.000001760 0.006400880 0.001921740 0.012196420 
46     0.003786610 0.011074460 0.007066500 0.006226280 0.009927960 0.015587180 0.014903660 0.013279240 0.029166120 0.025750270 0.015216820 0.019105670 0.007239220 0.007389410 0.006815170 0.007165000 0.006194280 0.013227280 0.012867780 0.015091710 0.008140210 0.014972920 0.002040520 0.014945800 0.007668050 0.004891310 0.001312740 0.001470040 0.004550190 0.005805760 0.003684030 0.005669930 0.004550020 0.003435690 0.003453240 0.004550280 0.009322090 0.010117030 0.009003000 0.010878460 0.007913130 0.000872130 0.002855500 0.002525720 0.000335870 0.000121190 0.000000000 0.000152990 0.002314720 0.003539410 0.011924320 
45     0.002167740 0.011044110 0.005447630 0.004607410 0.018367450 0.017134220 0.016707650 0.020930810 0.029628980 0.026387000 0.018966080 0.027256300 0.007208870 0.018685480 0.018111240 0.018461070 0.006163930 0.013196930 0.012837430 0.016646090 0.008109860 0.009976200 0.002010170 0.023544190 0.011466660 0.024281170 0.001282390 0.000318330 0.004519840 0.005775410 0.003653680 0.005639580 0.004519670 0.003405340 0.003422890 0.004519930 0.010914240 0.012021080 0.009509940 0.018578910 0.014198060 0.001082510 0.005812620 0.002017430 0.000405060 0.000001760 0.000152990 0.000000000 0.010733070 0.001920540 0.012262000 
35     0.022214570 0.021128780 0.014650540 0.014103500 0.023634080 0.011898740 0.018636030 0.017011610 0.027350170 0.036954970 0.017329710 0.026099150 0.017232380 0.017222770 0.027773990 0.036260410 0.016687180 0.017810410 0.017923290 0.017801600 0.017795890 0.023396370 0.012533420 0.032309440 0.002918100 0.029495010 0.008566730 0.009907680 0.010068250 0.010826820 0.012121670 0.010746460 0.012243100 0.006643460 0.011890880 0.010180250 0.009664760 0.015801340 0.008258490 0.023685520 0.024828920 0.006982900 0.005940370 0.005882930 0.011015490 0.006400880 0.002314720 0.010733070 0.000000000 0.000496040 0.033602550 
44     0.000247280 0.014400450 0.003527170 0.002686950 0.012054950 0.014216990 0.013533470 0.011909050 0.021101210 0.025654450 0.011080750 0.022124480 0.010565210 0.010973810 0.028010130 0.031521530 0.009520270 0.011561450 0.011674330 0.011552640 0.011466200 0.011014190 0.005366510 0.015801590 0.004043430 0.025602750 0.002583470 0.002037930 0.005820920 0.007076490 0.004954760 0.006940660 0.005820750 0.004706420 0.004723970 0.005821010 0.005522230 0.013740680 0.011229540 0.017436560 0.018579960 0.013531020 0.007650550 0.009971240 0.003848580 0.001921740 0.003539410 0.001920540 0.000496040 0.000000000 0.012499210 
0     0.012143580 0.028756340 0.011561840 0.010703020 0.016333710 0.015100480 0.014673910 0.019918810 0.035210080 0.024353260 0.025651870 0.029540720 0.036388250 0.044418010 0.045274140 0.037335400 0.027065720 0.016144650 0.015646570 0.016083950 0.019805590 0.020319760 0.021068900 0.021258080 0.027356280 0.028758310 0.016596890 0.014537060 0.024357130 0.020596310 0.019024470 0.014130710 0.007573170 0.007391380 0.022458240 0.006404910 0.011022440 0.014702350 0.010785700 0.018884960 0.012164320 0.026976170 0.020874880 0.025208730 0.017235170 0.012196420 0.011924320 0.012262000 0.033602550 0.012499210 0.000000000 
