51
2     0.000000000 0.136773159 0.077275294 0.068937721 0.163085498 0.162667963 0.166018055 0.166212634 0.170142895 0.165449335 0.153375403 0.149649763 0.154234327 0.157952243 0.158064963 0.157088761 0.173948108 0.143959470 0.150972488 0.146468544 0.145967228 0.149113098 0.160162514 0.198495745 0.133772759 0.206948494 0.114359829 0.131859086 0.130317584 0.128090041 0.140891831 0.116230444 0.131184659 0.121456059 0.129741654 0.115887439 0.117115038 0.115379823 0.115698381 0.134292053 0.138671506 0.129415813 0.126244856 0.125169443 0.146081757 0.116412773 0.112455846 0.143834472 0.161354234 0.146399268 0.187955738 
1     0.136773159 0.000000000 0.090033884 0.081680546 0.193045366 0.192627832 0.195956982 0.196139505 0.199950803 0.195257243 0.183150887 0.179425248 0.184009811 0.187727728 0.187840447 0.186864245 0.203723592 0.173744031 0.180757049 0.176253106 0.175751789 0.178933282 0.189969924 0.228284426 0.163652347 0.237083922 0.144196223 0.161623578 0.160103515 0.157875972 0.170699423 0.146038035 0.160943337 0.151263651 0.159549246 0.145841420 0.147313518 0.145587830 0.145906388 0.164500060 0.168879513 0.159056816 0.155885859 0.154810446 0.175733062 0.146064079 0.142107152 0.173485777 0.191262844 0.176307879 0.219483813 
4     0.077275294 0.090033884 0.000000000 0.013250371 0.133343570 0.132926036 0.136246694 0.136429217 0.140297433 0.135603873 0.123497517 0.119771878 0.124356441 0.128074358 0.128187077 0.127210875 0.144070222 0.114090661 0.121103679 0.116599736 0.116098419 0.119278870 0.130315512 0.168630014 0.104023721 0.177465424 0.084625000 0.102090000 0.100525239 0.098297696 0.111128199 0.086466812 0.101364814 0.091692427 0.099978022 0.086261605 0.087752492 0.086026804 0.086345363 0.104939034 0.109318487 0.099361463 0.096190505 0.095115092 0.116043049 0.086374065 0.082417138 0.113795764 0.131560375 0.116588835 0.159958137 
3     0.068937721 0.081680546 0.013250371 0.000000000 0.125015750 0.124598216 0.127918874 0.128101397 0.131969613 0.127276053 0.115169697 0.111444058 0.116028621 0.119746538 0.119859257 0.118883055 0.135742402 0.105762841 0.112775859 0.108271916 0.107770599 0.110951050 0.121987692 0.160302194 0.095695901 0.169137604 0.076297180 0.093762180 0.092197419 0.089969876 0.102800379 0.078138992 0.093036676 0.083364607 0.091650202 0.077933785 0.079424673 0.077698984 0.078017543 0.096611214 0.100990667 0.091033643 0.087862685 0.086787272 0.107715229 0.078046245 0.074089318 0.105467944 0.123232555 0.108261015 0.151678471 
28     0.163085498 0.193045366 0.133343570 0.125015750 0.000000000 0.016663657 0.047434200 0.047421527 0.134406426 0.129712866 0.117076827 0.113456063 0.118028643 0.121738659 0.121839511 0.120924134 0.137720738 0.108070936 0.115002541 0.110498598 0.110037185 0.113056532 0.124263353 0.162873902 0.106007506 0.180952986 0.111282297 0.128841383 0.127043952 0.124821679 0.137516790 0.112820049 0.127835385 0.118130809 0.126416404 0.112735842 0.116282024 0.114362701 0.114681260 0.133331654 0.137511920 0.140515983 0.137345025 0.136269612 0.157032769 0.127399117 0.123538938 0.154867960 0.172212287 0.157241615 0.231772019 
24     0.162667963 0.192627832 0.132926036 0.124598216 0.016663657 0.000000000 0.046844919 0.046962736 0.133930827 0.129237267 0.116685650 0.112980463 0.117553043 0.121263059 0.121363911 0.120448534 0.137329561 0.107653095 0.114584701 0.110080757 0.109619344 0.112550498 0.123793418 0.162367868 0.105604868 0.180548248 0.110732846 0.128291933 0.126487358 0.124265084 0.136961982 0.112263454 0.127280577 0.117574215 0.125861596 0.112165981 0.115760050 0.113837406 0.114155965 0.132806359 0.136986625 0.140553696 0.137382739 0.136307325 0.157061437 0.127428663 0.123568699 0.154895074 0.172094847 0.157149450 0.231326458 
12     0.166018055 0.195956982 0.136246694 0.127918874 0.047434200 0.046844919 0.000000000 0.009303903 0.137548805 0.132855245 0.120219204 0.116598331 0.121170911 0.124880927 0.124981779 0.124066402 0.140863006 0.111149366 0.118080971 0.113577028 0.113115615 0.115820659 0.127080786 0.165654755 0.108731649 0.183890579 0.114067510 0.131626597 0.129809698 0.127587424 0.140184466 0.115586754 0.130590187 0.120885611 0.129171206 0.115521056 0.119079048 0.117156405 0.117474963 0.136127868 0.140362854 0.143988447 0.140817490 0.139742077 0.160496188 0.130863414 0.127003450 0.158329825 0.175600162 0.160629490 0.234659978 
48     0.166212634 0.196139505 0.136429217 0.128101397 0.047421527 0.046962736 0.009303903 0.000000000 0.137665074 0.132971513 0.120335472 0.116714600 0.121287180 0.124997196 0.125098048 0.124182671 0.140979275 0.111265634 0.118197240 0.113693297 0.113231884 0.115941393 0.127201519 0.165775488 0.108852422 0.184011352 0.114352046 0.131911132 0.130113701 0.127891428 0.140586539 0.115889798 0.130905134 0.121200558 0.129486153 0.115805591 0.119253821 0.117331177 0.117649736 0.136280453 0.140515439 0.144163220 0.140992262 0.139916849 0.160670960 0.131038187 0.127178223 0.158504598 0.175774934 0.160804262 0.234842501 
26     0.170142895 0.199950803 0.140297433 0.131969613 0.134406426 0.133930827 0.137548805 0.137665074 0.000000000 0.036760929 0.061679113 0.057601227 0.061994301 0.066300448 0.066220548 0.065133182 0.082145180 0.082777082 0.089900352 0.085391706 0.084812471 0.118273410 0.130592589 0.169007595 0.114283785 0.187945948 0.117112281 0.134671368 0.132878841 0.130656568 0.143351100 0.118565030 0.133595423 0.123965698 0.132251293 0.118566385 0.122731331 0.120780412 0.121098971 0.139776881 0.144288878 0.148307550 0.145136593 0.144061180 0.164815291 0.135182517 0.131198879 0.162595728 0.179592782 0.164622110 0.239077364 
27     0.165449335 0.195257243 0.135603873 0.127276053 0.129712866 0.129237267 0.132855245 0.132971513 0.036760929 0.000000000 0.056913220 0.052931612 0.057293341 0.061590970 0.061495886 0.060423593 0.077480421 0.078076746 0.085200017 0.080691371 0.080112135 0.113579850 0.125899028 0.164314035 0.109590225 0.183252388 0.112418721 0.129977808 0.128185281 0.125963007 0.138657539 0.113871470 0.128901862 0.119272138 0.127557732 0.113872825 0.118037771 0.116086852 0.116405410 0.135083321 0.139595318 0.143613990 0.140443032 0.139367619 0.160121731 0.130488957 0.126505318 0.157902167 0.174899222 0.159928550 0.234383804 
7     0.153375403 0.183150887 0.123497517 0.115169697 0.117076827 0.116685650 0.120219204 0.120335472 0.061679113 0.056913220 0.000000000 0.041463837 0.045977550 0.050191195 0.050206836 0.048914983 0.065575699 0.064806271 0.071929541 0.067420895 0.066841659 0.102107457 0.114446571 0.152862474 0.096803205 0.170755019 0.100039922 0.117599009 0.115806481 0.113584208 0.126278740 0.101492671 0.116527004 0.106893338 0.115178933 0.101494025 0.105752244 0.103801325 0.104119884 0.122797794 0.127309791 0.131544988 0.128374031 0.127298617 0.148052729 0.118419955 0.114436316 0.145821231 0.162895073 0.147924401 0.222386151 
29     0.149649763 0.179425248 0.119771878 0.111444058 0.113456063 0.112980463 0.116598331 0.116714600 0.057601227 0.052931612 0.041463837 0.000000000 0.013620666 0.017881459 0.017363232 0.016389998 0.049057337 0.061488814 0.068607282 0.064103438 0.063519400 0.098139928 0.110641390 0.149057293 0.093254407 0.167250255 0.096360894 0.113919980 0.112127453 0.109905180 0.122586632 0.097799438 0.112798624 0.103195714 0.111481308 0.097814997 0.102075487 0.100123734 0.100442292 0.119121037 0.123633034 0.127824133 0.124653176 0.123577763 0.144331874 0.114699100 0.110715461 0.142112311 0.159148905 0.144178233 0.218666897 
18     0.154234327 0.184009811 0.124356441 0.116028621 0.118028643 0.117553043 0.121170911 0.121287180 0.061994301 0.057293341 0.045977550 0.013620666 0.000000000 0.017620304 0.017400265 0.016533523 0.052809584 0.066015207 0.073133676 0.068629832 0.068045794 0.102693014 0.115225953 0.153641856 0.097810581 0.171806429 0.100956922 0.118516009 0.116723482 0.114501209 0.127195740 0.102409671 0.117412005 0.107810339 0.116095934 0.102411026 0.106664951 0.104713198 0.105031756 0.123710501 0.128222498 0.132408697 0.129237739 0.128162326 0.148916437 0.119283664 0.115300025 0.146696874 0.163733468 0.148762796 0.223251460 
6     0.157952243 0.187727728 0.128074358 0.119746538 0.121738659 0.121263059 0.124880927 0.124997196 0.066300448 0.061590970 0.050191195 0.017881459 0.017620304 0.000000000 0.015786669 0.018962489 0.056595271 0.070100548 0.077219016 0.072715172 0.072131135 0.106486202 0.118993609 0.157409512 0.101530130 0.175525978 0.104792706 0.122351793 0.120560007 0.118337734 0.131012942 0.106225278 0.121229866 0.111629533 0.119915128 0.106247551 0.110350203 0.108398450 0.108717009 0.127395754 0.131907751 0.136087390 0.132916433 0.131841020 0.152595131 0.122960486 0.118973065 0.150376117 0.167424974 0.152454302 0.226976901 
32     0.158064963 0.187840447 0.128187077 0.119859257 0.121839511 0.121363911 0.124981779 0.125098048 0.066220548 0.061495886 0.050206836 0.017363232 0.017400265 0.015786669 0.000000000 0.018597512 0.056864723 0.070087079 0.077205547 0.072701703 0.072117666 0.106577543 0.119084950 0.157500853 0.101634998 0.175630846 0.104920145 0.122479232 0.120686704 0.118464431 0.131158963 0.106372894 0.121374515 0.111773561 0.120059156 0.106374248 0.110462923 0.108511170 0.108829728 0.127508473 0.132020470 0.136200110 0.133029152 0.131953739 0.152707850 0.123073206 0.119085784 0.150488836 0.167537693 0.152567021 0.227089621 
38     0.157088761 0.186864245 0.127210875 0.118883055 0.120924134 0.120448534 0.124066402 0.124182671 0.065133182 0.060423593 0.048914983 0.016389998 0.016533523 0.018962489 0.018597512 0.000000000 0.056209387 0.068951606 0.076070074 0.071566230 0.070982193 0.105646713 0.118179652 0.156595555 0.100632577 0.174628425 0.103830925 0.121390012 0.119597485 0.117375212 0.130069743 0.105283674 0.120286008 0.110684342 0.118969937 0.105285029 0.109538954 0.107587201 0.107905759 0.126584504 0.131096501 0.135261113 0.132090155 0.131014742 0.151768853 0.122134209 0.118146787 0.149537905 0.166599836 0.151629164 0.226105894 
50     0.173948108 0.203723592 0.144070222 0.135742402 0.137720738 0.137329561 0.140863006 0.140979275 0.082145180 0.077480421 0.065575699 0.049057337 0.052809584 0.056595271 0.056864723 0.056209387 0.000000000 0.085894042 0.093012510 0.088508666 0.087924629 0.122524676 0.134972193 0.173388096 0.117482461 0.191434275 0.120870736 0.138429823 0.136637296 0.134415023 0.147109554 0.122323485 0.137353878 0.127724153 0.136009748 0.122324840 0.126334556 0.124382803 0.124701361 0.143380106 0.147892103 0.152086645 0.148915687 0.147840274 0.168594385 0.138961612 0.134977973 0.166362888 0.183435589 0.168464917 0.242974848 
36     0.143959470 0.173744031 0.114090661 0.105762841 0.108070936 0.107653095 0.111149366 0.111265634 0.082777082 0.078076746 0.064806271 0.061488814 0.066015207 0.070100548 0.070087079 0.068951606 0.085894042 0.000000000 0.014835851 0.010592915 0.012482418 0.092675056 0.104766801 0.143159951 0.087054725 0.161048032 0.091194427 0.108753514 0.106969314 0.104747041 0.117440605 0.092634628 0.107759779 0.098055203 0.106340798 0.092595868 0.096684807 0.094688705 0.095007263 0.113730358 0.118042896 0.122746860 0.119575903 0.118500490 0.139254601 0.109621827 0.105638189 0.137009308 0.153745760 0.138775088 0.212814935 
5     0.150972488 0.180757049 0.121103679 0.112775859 0.115002541 0.114584701 0.118080971 0.118197240 0.089900352 0.085200017 0.071929541 0.068607282 0.073133676 0.077219016 0.077205547 0.076070074 0.093012510 0.014835851 0.000000000 0.017074561 0.019610554 0.099725505 0.111815278 0.150208428 0.094154181 0.168140403 0.098240905 0.115799992 0.114015792 0.111793519 0.124487083 0.099655022 0.114806257 0.105101681 0.113387276 0.099631301 0.103744000 0.101747897 0.102066456 0.120789550 0.125102088 0.129741455 0.126570498 0.125495085 0.146249196 0.116616422 0.112632784 0.144003903 0.160740355 0.145769683 0.219827952 
10     0.146468544 0.176253106 0.116599736 0.108271916 0.110498598 0.110080757 0.113577028 0.113693297 0.085391706 0.080691371 0.067420895 0.064103438 0.068629832 0.072715172 0.072701703 0.071566230 0.088508666 0.010592915 0.017074561 0.000000000 0.015440734 0.095219590 0.107311334 0.145704485 0.089650238 0.163636460 0.093736962 0.111296049 0.109511849 0.107289576 0.119983140 0.095153410 0.110302314 0.100597738 0.108883333 0.095138482 0.099240056 0.097243954 0.097562513 0.116285607 0.120598145 0.125237512 0.122066555 0.120991141 0.141745253 0.112112479 0.108128840 0.139499960 0.156236412 0.141265740 0.215324009 
47     0.145967228 0.175751789 0.116098419 0.107770599 0.110037185 0.109619344 0.113115615 0.113231884 0.084812471 0.080112135 0.066841659 0.063519400 0.068045794 0.072131135 0.072117666 0.070982193 0.087924629 0.012482418 0.019610554 0.015440734 0.000000000 0.094664902 0.106748575 0.145141725 0.089067071 0.163071822 0.093206773 0.110765860 0.108981660 0.106759387 0.119452951 0.094646974 0.109772125 0.100067549 0.108353144 0.094619789 0.098697153 0.096701051 0.097019610 0.115742704 0.120055242 0.124752016 0.121581058 0.120505645 0.141259756 0.111626983 0.107643344 0.139014463 0.155750915 0.140780243 0.214822693 
25     0.149113098 0.178933282 0.119278870 0.110951050 0.113056532 0.112550498 0.115820659 0.115941393 0.118273410 0.113579850 0.102107457 0.098139928 0.102693014 0.106486202 0.106577543 0.105646713 0.122524676 0.092675056 0.099725505 0.095219590 0.094664902 0.000000000 0.083762923 0.122063295 0.092046836 0.166201023 0.097715813 0.115274899 0.113490047 0.111267773 0.123962305 0.099232266 0.114281480 0.104576904 0.112862498 0.099181464 0.102390504 0.100425351 0.100743910 0.119411166 0.123724814 0.127572407 0.124401450 0.123326036 0.144080148 0.114447374 0.110587410 0.141694377 0.158952252 0.144001638 0.217910176 
31     0.160162514 0.189969924 0.130315512 0.121987692 0.124263353 0.123793418 0.127080786 0.127201519 0.130592589 0.125899028 0.114446571 0.110641390 0.115225953 0.118993609 0.119084950 0.118179652 0.134972193 0.104766801 0.111815278 0.107311334 0.106748575 0.083762923 0.000000000 0.110209805 0.104004343 0.178112200 0.108606930 0.126166016 0.124381163 0.122158890 0.134853422 0.110123383 0.125172597 0.115468021 0.123753615 0.110013255 0.113320096 0.111365613 0.111684171 0.130351811 0.134665460 0.138389123 0.135218165 0.134142752 0.154896863 0.125264090 0.121404126 0.152648483 0.169815144 0.154864530 0.228948946 
22     0.198495745 0.228284426 0.168630014 0.160302194 0.162873902 0.162367868 0.165654755 0.165775488 0.169007595 0.164314035 0.152862474 0.149057293 0.153641856 0.157409512 0.157500853 0.156595555 0.173388096 0.143159951 0.150208428 0.145704485 0.145141725 0.122063295 0.110209805 0.000000000 0.142104743 0.216314903 0.146847945 0.164407032 0.162622179 0.160399905 0.173094437 0.148364398 0.163413612 0.153709036 0.161994631 0.148091178 0.151519080 0.149564596 0.149883155 0.168550795 0.172864443 0.176657066 0.173486109 0.172410696 0.193164807 0.163532033 0.159672069 0.190916427 0.208127026 0.193176412 0.267231499 
39     0.133772759 0.163652347 0.104023721 0.095695901 0.106007506 0.105604868 0.108731649 0.108852422 0.114283785 0.109590225 0.096803205 0.093254407 0.097810581 0.101530130 0.101634998 0.100632577 0.117482461 0.087054725 0.094154181 0.089650238 0.089067071 0.092046836 0.104004343 0.142104743 0.000000000 0.123669581 0.082397309 0.099956395 0.098189849 0.095967576 0.108662108 0.083987443 0.098996292 0.089266228 0.097551823 0.083876992 0.087147581 0.085198532 0.085517090 0.104190272 0.108507858 0.111508368 0.108340950 0.107261998 0.128018418 0.098386874 0.094403236 0.125893911 0.142810273 0.127860266 0.202704859 
33     0.206948494 0.237083922 0.177465424 0.169137604 0.180952986 0.180548248 0.183890579 0.184011352 0.187945948 0.183252388 0.170755019 0.167250255 0.171806429 0.175525978 0.175630846 0.174628425 0.191434275 0.161048032 0.168140403 0.163636460 0.163071822 0.166201023 0.178112200 0.216314903 0.123669581 0.000000000 0.156045329 0.173604416 0.171798275 0.169576002 0.182270534 0.157595868 0.172604718 0.162874653 0.171160248 0.157485417 0.160343434 0.158539368 0.158857927 0.177386124 0.181703711 0.185300725 0.182129767 0.181054354 0.201808465 0.172175692 0.168192053 0.199682728 0.216332833 0.201360421 0.276133176 
30     0.114359829 0.144196223 0.084625000 0.076297180 0.111282297 0.110732846 0.114067510 0.114352046 0.117112281 0.112418721 0.100039922 0.096360894 0.100956922 0.104792706 0.104920145 0.103830925 0.120870736 0.091194427 0.098240905 0.093736962 0.093206773 0.097715813 0.108606930 0.146847945 0.082397309 0.156045329 0.000000000 0.032416507 0.035013073 0.032728397 0.045205167 0.020531622 0.035583749 0.025870360 0.033975678 0.020104019 0.057743911 0.055959102 0.056277661 0.074769705 0.079284559 0.092673873 0.089502916 0.088427503 0.109205302 0.079548840 0.075550516 0.107048553 0.124736287 0.109785673 0.183490700 
42     0.131859086 0.161623578 0.102090000 0.093762180 0.128841383 0.128291933 0.131626597 0.131911132 0.134671368 0.129977808 0.117599009 0.113919980 0.118516009 0.122351793 0.122479232 0.121390012 0.138429823 0.108753514 0.115799992 0.111296049 0.110765860 0.115274899 0.126166016 0.164407032 0.099956395 0.173604416 0.032416507 0.000000000 0.052571117 0.050266845 0.062997100 0.038275156 0.053361218 0.043571568 0.051754542 0.037830748 0.075326440 0.073541630 0.073860189 0.092352234 0.096867088 0.110223973 0.107053015 0.105977602 0.126755402 0.097098940 0.093045515 0.124598652 0.142286387 0.127335773 0.200987112 
20     0.130317584 0.160103515 0.100525239 0.092197419 0.127043952 0.126487358 0.129809698 0.130113701 0.132878841 0.128185281 0.115806481 0.112127453 0.116723482 0.120560007 0.120686704 0.119597485 0.136637296 0.106969314 0.114015792 0.109511849 0.108981660 0.113490047 0.124381163 0.162622179 0.098189849 0.171798275 0.035013073 0.052571117 0.000000000 0.025234625 0.056245439 0.031689627 0.046494181 0.036822018 0.045036404 0.031564870 0.073721062 0.071918157 0.072236716 0.090746856 0.095261710 0.108839164 0.105668207 0.104592794 0.125370593 0.095714131 0.091725081 0.123213844 0.140831404 0.125880791 0.199458336 
49     0.128090041 0.157875972 0.098297696 0.089969876 0.124821679 0.124265084 0.127587424 0.127891428 0.130656568 0.125963007 0.113584208 0.109905180 0.114501209 0.118337734 0.118464431 0.117375212 0.134415023 0.104747041 0.111793519 0.107289576 0.106759387 0.111267773 0.122158890 0.160399905 0.095967576 0.169576002 0.032728397 0.050266845 0.025234625 0.000000000 0.053788630 0.029224409 0.044029050 0.034299931 0.042552414 0.029433778 0.071498789 0.069702218 0.070020776 0.088524583 0.093039437 0.106611622 0.103440664 0.102365251 0.123143051 0.093486589 0.089497538 0.120986301 0.138603862 0.123653248 0.197230793 
17     0.140891831 0.170699423 0.111128199 0.102800379 0.137516790 0.136961982 0.140184466 0.140586539 0.143351100 0.138657539 0.126278740 0.122586632 0.127195740 0.131012942 0.131158963 0.130069743 0.147109554 0.117440605 0.124487083 0.119983140 0.119452951 0.123962305 0.134853422 0.173094437 0.108662108 0.182270534 0.045205167 0.062997100 0.056245439 0.053788630 0.000000000 0.034554993 0.049478615 0.039813807 0.047762922 0.039650252 0.084163548 0.082377757 0.082696316 0.101190178 0.105705032 0.119347059 0.116176101 0.115100688 0.135878488 0.106222026 0.102232976 0.133721739 0.151384833 0.136434219 0.210035742 
23     0.116230444 0.146038035 0.086466812 0.078138992 0.112820049 0.112263454 0.115586754 0.115889798 0.118565030 0.113871470 0.101492671 0.097799438 0.102409671 0.106225278 0.106372894 0.105283674 0.122323485 0.092634628 0.099655022 0.095153410 0.094646974 0.099232266 0.110123383 0.148364398 0.083987443 0.157595868 0.020531622 0.038275156 0.031689627 0.029224409 0.034554993 0.000000000 0.024551018 0.014861425 0.023142773 0.014802509 0.059481656 0.057695865 0.058014423 0.076508286 0.081023140 0.094683415 0.091512457 0.090437044 0.111214844 0.081558382 0.077569331 0.109058094 0.126721189 0.111770575 0.185374355 
15     0.131184659 0.160943337 0.101364814 0.093036676 0.127835385 0.127280577 0.130590187 0.130905134 0.133595423 0.128901862 0.116527004 0.112798624 0.117412005 0.121229866 0.121374515 0.120286008 0.137353878 0.107759779 0.114806257 0.110302314 0.109772125 0.114281480 0.125172597 0.163413612 0.098996292 0.172604718 0.035583749 0.053361218 0.046494181 0.044029050 0.049478615 0.024551018 0.000000000 0.025988632 0.034171565 0.029951019 0.074616731 0.072830941 0.073149499 0.091643362 0.096158215 0.109533774 0.106358500 0.105283087 0.126132856 0.096473134 0.092484084 0.123976107 0.141651610 0.126700996 0.200328570 
21     0.121456059 0.151263651 0.091692427 0.083364607 0.118130809 0.117574215 0.120885611 0.121200558 0.123965698 0.119272138 0.106893338 0.103195714 0.107810339 0.111629533 0.111773561 0.110684342 0.127724153 0.098055203 0.105101681 0.100597738 0.100067549 0.104576904 0.115468021 0.153709036 0.089266228 0.162874653 0.025870360 0.043571568 0.036822018 0.034299931 0.039813807 0.014861425 0.025988632 0.000000000 0.021427286 0.020150384 0.064789364 0.063003573 0.063322132 0.081815994 0.086330848 0.099866369 0.096695411 0.095619998 0.116397798 0.086741336 0.082752285 0.114241049 0.131815364 0.116927124 0.190599970 
8     0.129741654 0.159549246 0.099978022 0.091650202 0.126416404 0.125861596 0.129171206 0.129486153 0.132251293 0.127557732 0.115178933 0.111481308 0.116095934 0.119915128 0.120059156 0.118969937 0.136009748 0.106340798 0.113387276 0.108883333 0.108353144 0.112862498 0.123753615 0.161994631 0.097551823 0.171160248 0.033975678 0.051754542 0.045036404 0.042552414 0.047762922 0.023142773 0.034171565 0.021427286 0.000000000 0.028238480 0.073074959 0.071289168 0.071607727 0.090101589 0.094616443 0.108196882 0.105025924 0.103950511 0.124728311 0.095071849 0.091082798 0.122571562 0.140265935 0.125315321 0.198885565 
16     0.115887439 0.145841420 0.086261605 0.077933785 0.112735842 0.112165981 0.115521056 0.115805591 0.118566385 0.113872825 0.101494025 0.097814997 0.102411026 0.106247551 0.106374248 0.105285029 0.122324840 0.092595868 0.099631301 0.095138482 0.094619789 0.099181464 0.110013255 0.148091178 0.083876992 0.157485417 0.020104019 0.037830748 0.031564870 0.029433778 0.039650252 0.014802509 0.029951019 0.020150384 0.028238480 0.000000000 0.059575710 0.057791046 0.058109604 0.076603340 0.081118194 0.094409676 0.091238718 0.090163305 0.110941105 0.081284643 0.077295592 0.108784355 0.126494140 0.111543526 0.184845254 
37     0.117115038 0.147313518 0.087752492 0.079424673 0.116282024 0.115760050 0.119079048 0.119253821 0.122731331 0.118037771 0.105752244 0.102075487 0.106664951 0.110350203 0.110462923 0.109538954 0.126334556 0.096684807 0.103744000 0.099240056 0.098697153 0.102390504 0.113320096 0.151519080 0.087147581 0.160343434 0.057743911 0.075326440 0.073721062 0.071498789 0.084163548 0.059481656 0.074616731 0.064789364 0.073074959 0.059575710 0.000000000 0.032010917 0.032334651 0.050932094 0.055527912 0.096105579 0.092934622 0.091859208 0.112572698 0.082980546 0.078998020 0.110484465 0.128219310 0.113218476 0.186752867 
40     0.115379823 0.145587830 0.086026804 0.077698984 0.114362701 0.113837406 0.117156405 0.117331177 0.120780412 0.116086852 0.103801325 0.100123734 0.104713198 0.108398450 0.108511170 0.107587201 0.124382803 0.094688705 0.101747897 0.097243954 0.096701051 0.100425351 0.111365613 0.149564596 0.085198532 0.158539368 0.055959102 0.073541630 0.071918157 0.069702218 0.082377757 0.057695865 0.072830941 0.063003573 0.071289168 0.057791046 0.032010917 0.000000000 0.007994891 0.048954203 0.053532805 0.094416990 0.091246033 0.090170620 0.110833654 0.081291957 0.077309432 0.108795876 0.126449460 0.111474058 0.185018469 
34     0.115698381 0.145906388 0.086345363 0.078017543 0.114681260 0.114155965 0.117474963 0.117649736 0.121098971 0.116405410 0.104119884 0.100442292 0.105031756 0.108717009 0.108829728 0.107905759 0.124701361 0.095007263 0.102066456 0.097562513 0.097019610 0.100743910 0.111684171 0.149883155 0.085517090 0.158857927 0.056277661 0.073860189 0.072236716 0.070020776 0.082696316 0.058014423 0.073149499 0.063322132 0.071607727 0.058109604 0.032334651 0.007994891 0.000000000 0.049277138 0.053855740 0.094735549 0.091564591 0.090489178 0.111156428 0.081610516 0.077627990 0.109114435 0.126768018 0.111792617 0.185337028 
11     0.134292053 0.164500060 0.104939034 0.096611214 0.133331654 0.132806359 0.136127868 0.136280453 0.139776881 0.135083321 0.122797794 0.119121037 0.123710501 0.127395754 0.127508473 0.126584504 0.143380106 0.113730358 0.120789550 0.116285607 0.115742704 0.119411166 0.130351811 0.168550795 0.104190272 0.177386124 0.074769705 0.092352234 0.090746856 0.088524583 0.101190178 0.076508286 0.091643362 0.081815994 0.090101589 0.076603340 0.050932094 0.048954203 0.049277138 0.000000000 0.027921928 0.113318958 0.110148000 0.109072587 0.129785828 0.100193925 0.096211399 0.127697843 0.145353600 0.130376952 0.203930699 
41     0.138671506 0.168879513 0.109318487 0.100990667 0.137511920 0.136986625 0.140362854 0.140515439 0.144288878 0.139595318 0.127309791 0.123633034 0.128222498 0.131907751 0.132020470 0.131096501 0.147892103 0.118042896 0.125102088 0.120598145 0.120055242 0.123724814 0.134665460 0.172864443 0.108507858 0.181703711 0.079284559 0.096867088 0.095261710 0.093039437 0.105705032 0.081023140 0.096158215 0.086330848 0.094616443 0.081118194 0.055527912 0.053532805 0.053855740 0.027921928 0.000000000 0.117785591 0.114614633 0.113539220 0.134252462 0.104660558 0.100678032 0.132164477 0.149808746 0.134832098 0.208329362 
19     0.129415813 0.159056816 0.099361463 0.091033643 0.140515983 0.140553696 0.143988447 0.144163220 0.148307550 0.143613990 0.131544988 0.127824133 0.132408697 0.136087390 0.136200110 0.135261113 0.152086645 0.122746860 0.129741455 0.125237512 0.124752016 0.127572407 0.138389123 0.176657066 0.111508368 0.185300725 0.092673873 0.110223973 0.108839164 0.106611622 0.119347059 0.094683415 0.109533774 0.099866369 0.108196882 0.094409676 0.096105579 0.094416990 0.094735549 0.113318958 0.117785591 0.000000000 0.025529634 0.024846666 0.067439511 0.038292630 0.034470807 0.067051264 0.109559884 0.094523489 0.198160386 
43     0.126244856 0.155885859 0.096190505 0.087862685 0.137345025 0.137382739 0.140817490 0.140992262 0.145136593 0.140443032 0.128374031 0.124653176 0.129237739 0.132916433 0.133029152 0.132090155 0.148915687 0.119575903 0.126570498 0.122066555 0.121581058 0.124401450 0.135218165 0.173486109 0.108340950 0.182129767 0.089502916 0.107053015 0.105668207 0.103440664 0.116176101 0.091512457 0.106358500 0.096695411 0.105025924 0.091238718 0.092934622 0.091246033 0.091564591 0.110148000 0.114614633 0.025529634 0.000000000 0.017370148 0.064214136 0.035147076 0.031152617 0.063849533 0.106390315 0.091353920 0.194989428 
14     0.125169443 0.154810446 0.095115092 0.086787272 0.136269612 0.136307325 0.139742077 0.139916849 0.144061180 0.139367619 0.127298617 0.123577763 0.128162326 0.131841020 0.131953739 0.131014742 0.147840274 0.118500490 0.125495085 0.120991141 0.120505645 0.123326036 0.134142752 0.172410696 0.107261998 0.181054354 0.088427503 0.105977602 0.104592794 0.102365251 0.115100688 0.090437044 0.105283087 0.095619998 0.103950511 0.090163305 0.091859208 0.090170620 0.090489178 0.109072587 0.113539220 0.024846666 0.017370148 0.000000000 0.063173399 0.034074520 0.030082092 0.062780048 0.105314902 0.090278506 0.193914015 
13     0.146081757 0.175733062 0.116043049 0.107715229 0.157032769 0.157061437 0.160496188 0.160670960 0.164815291 0.160121731 0.148052729 0.144331874 0.148916437 0.152595131 0.152707850 0.151768853 0.168594385 0.139254601 0.146249196 0.141745253 0.141259756 0.144080148 0.154896863 0.193164807 0.128018418 0.201808465 0.109205302 0.126755402 0.125370593 0.123143051 0.135878488 0.111214844 0.126132856 0.116397798 0.124728311 0.110941105 0.112572698 0.110833654 0.111156428 0.129785828 0.134252462 0.067439511 0.064214136 0.063173399 0.000000000 0.055059477 0.051184624 0.083691917 0.126038281 0.111001885 0.214514025 
9     0.116412773 0.146064079 0.086374065 0.078046245 0.127399117 0.127428663 0.130863414 0.131038187 0.135182517 0.130488957 0.118419955 0.114699100 0.119283664 0.122960486 0.123073206 0.122134209 0.138961612 0.109621827 0.116616422 0.112112479 0.111626983 0.114447374 0.125264090 0.163532033 0.098386874 0.172175692 0.079548840 0.097098940 0.095714131 0.093486589 0.106222026 0.081558382 0.096473134 0.086741336 0.095071849 0.081284643 0.082980546 0.081291957 0.081610516 0.100193925 0.104660558 0.038292630 0.035147076 0.034074520 0.055059477 0.000000000 0.019925452 0.053931967 0.096447411 0.081390749 0.185088098 
46     0.112455846 0.142107152 0.082417138 0.074089318 0.123538938 0.123568699 0.127003450 0.127178223 0.131198879 0.126505318 0.114436316 0.110715461 0.115300025 0.118973065 0.119085784 0.118146787 0.134977973 0.105638189 0.112632784 0.108128840 0.107643344 0.110587410 0.121404126 0.159672069 0.094403236 0.168192053 0.075550516 0.093045515 0.091725081 0.089497538 0.102232976 0.077569331 0.092484084 0.082752285 0.091082798 0.077295592 0.078998020 0.077309432 0.077627990 0.096211399 0.100678032 0.034470807 0.031152617 0.030082092 0.051184624 0.019925452 0.000000000 0.050038377 0.092551621 0.077515226 0.181156980 
45     0.143834472 0.173485777 0.113795764 0.105467944 0.154867960 0.154895074 0.158329825 0.158504598 0.162595728 0.157902167 0.145821231 0.142112311 0.146696874 0.150376117 0.150488836 0.149537905 0.166362888 0.137009308 0.144003903 0.139499960 0.139014463 0.141694377 0.152648483 0.190916427 0.125893911 0.199682728 0.107048553 0.124598652 0.123213844 0.120986301 0.133721739 0.109058094 0.123976107 0.114241049 0.122571562 0.108784355 0.110484465 0.108795876 0.109114435 0.127697843 0.132164477 0.067051264 0.063849533 0.062780048 0.083691917 0.053931967 0.050038377 0.000000000 0.123871233 0.108834838 0.212379676 
35     0.161354234 0.191262844 0.131560375 0.123232555 0.172212287 0.172094847 0.175600162 0.175774934 0.179592782 0.174899222 0.162895073 0.159148905 0.163733468 0.167424974 0.167537693 0.166599836 0.183435589 0.153745760 0.160740355 0.156236412 0.155750915 0.158952252 0.169815144 0.208127026 0.142810273 0.216332833 0.124736287 0.142286387 0.140831404 0.138603862 0.151384833 0.126721189 0.141651610 0.131815364 0.140265935 0.126494140 0.128219310 0.126449460 0.126768018 0.145353600 0.149808746 0.109559884 0.106390315 0.105314902 0.126038281 0.096447411 0.092551621 0.123871233 0.000000000 0.045575148 0.230168295 
44     0.146399268 0.176307879 0.116588835 0.108261015 0.157241615 0.157149450 0.160629490 0.160804262 0.164622110 0.159928550 0.147924401 0.144178233 0.148762796 0.152454302 0.152567021 0.151629164 0.168464917 0.138775088 0.145769683 0.141265740 0.140780243 0.144001638 0.154864530 0.193176412 0.127860266 0.201360421 0.109785673 0.127335773 0.125880791 0.123653248 0.136434219 0.111770575 0.126700996 0.116927124 0.125315321 0.111543526 0.113218476 0.111474058 0.111792617 0.130376952 0.134832098 0.094523489 0.091353920 0.090278506 0.111001885 0.081390749 0.077515226 0.108834838 0.045575148 0.000000000 0.215211956 
0     0.187955738 0.219483813 0.159958137 0.151678471 0.231772019 0.231326458 0.234659978 0.234842501 0.239077364 0.234383804 0.222386151 0.218666897 0.223251460 0.226976901 0.227089621 0.226105894 0.242974848 0.212814935 0.219827952 0.215324009 0.214822693 0.217910176 0.228948946 0.267231499 0.202704859 0.276133176 0.183490700 0.200987112 0.199458336 0.197230793 0.210035742 0.185374355 0.200328570 0.190599970 0.198885565 0.184845254 0.186752867 0.185018469 0.185337028 0.203930699 0.208329362 0.198160386 0.194989428 0.193914015 0.214514025 0.185088098 0.181156980 0.212379676 0.230168295 0.215211956 0.000000000 
