51
11     0.000000000 0.392905509 0.408769782 0.372286062 0.397235396 0.371563739 0.384388974 0.380513739 0.330789746 0.471449538 0.588216788 0.574830268 0.509349546 0.515231162 0.492603858 0.514005613 0.521526999 0.541147190 0.540776238 0.553249818 0.535271376 0.628633060 0.665397781 0.569069068 0.570987161 0.634969843 0.633029396 0.633461712 0.684648091 0.676913738 0.662888033 0.647234560 0.658059319 0.633820914 0.580802643 0.575499325 0.567367088 0.598381320 0.632813502 0.788593509 0.606581272 0.595052384 0.638651196 0.639613775 0.666838970 0.628604660 0.595343911 0.595375553 0.588933379 0.574383380 1.167956244 
3     0.392905509 0.000000000 0.220311953 0.182291418 0.208364074 0.182685051 0.195780951 0.287002197 0.238023535 0.452440541 0.569135067 0.555748546 0.490093120 0.497164837 0.474537532 0.495939287 0.503262440 0.522802791 0.522431839 0.534905419 0.517042724 0.610290065 0.647051830 0.550724670 0.552458017 0.616625444 0.614684997 0.615117314 0.666303693 0.658569339 0.644543634 0.628890162 0.639686122 0.615476515 0.562156493 0.556853175 0.549021137 0.579714007 0.614467551 0.770247558 0.588021868 0.576460552 0.620091792 0.621054370 0.648279565 0.610045255 0.576713025 0.576744667 0.570549149 0.555999150 1.149814714 
7     0.408769782 0.220311953 0.000000000 0.128905869 0.156883940 0.129497667 0.142623502 0.304578504 0.255336523 0.469163547 0.585881667 0.572495146 0.506703726 0.513877624 0.491250319 0.512652074 0.520114041 0.539654392 0.539283440 0.551757020 0.533653536 0.627141666 0.663903430 0.567576270 0.569309252 0.633477045 0.631536598 0.631968914 0.683155293 0.675420940 0.661395235 0.645741762 0.656544011 0.632328116 0.579008094 0.573704775 0.565872737 0.596790505 0.631319151 0.787099158 0.605045518 0.593458346 0.637115443 0.638078021 0.665303216 0.627068906 0.593729561 0.593761203 0.587405454 0.572855455 1.166602713 
9     0.372286062 0.182291418 0.128905869 0.000000000 0.096785269 0.071207643 0.085920959 0.267918634 0.218682382 0.432586609 0.549304729 0.535918209 0.470126788 0.477300686 0.454673382 0.476075137 0.483537103 0.503077454 0.502706502 0.515180082 0.497055352 0.590564728 0.627326493 0.530999333 0.532732680 0.596900108 0.594959660 0.595391977 0.646578356 0.638844002 0.624818297 0.609164825 0.619967073 0.595751178 0.542431156 0.537127838 0.529295800 0.560213567 0.594742214 0.750522221 0.568468581 0.556846715 0.600538505 0.601501084 0.628726278 0.590491968 0.557152624 0.557184266 0.550828516 0.536278518 1.130025775 
4     0.397235396 0.208364074 0.156883940 0.096785269 0.000000000 0.092080386 0.105546911 0.292870428 0.243634176 0.457442928 0.574150416 0.560763896 0.494940666 0.501939601 0.479308963 0.500714051 0.508299624 0.527832429 0.527461476 0.539935057 0.521810327 0.615327249 0.652089014 0.555761854 0.557494835 0.621662629 0.619722182 0.620154498 0.671340877 0.663606523 0.649580818 0.633927346 0.644729594 0.620513699 0.567193677 0.561890359 0.554058321 0.584976088 0.619504735 0.775284742 0.593217503 0.581630330 0.625287427 0.626250005 0.653475200 0.615240890 0.581901545 0.581933187 0.575583491 0.561033492 1.154788296 
2     0.371563739 0.182685051 0.129497667 0.071207643 0.092080386 0.000000000 0.056105208 0.267237770 0.218001518 0.431772490 0.548395214 0.535008694 0.469154223 0.476328121 0.453700817 0.475102572 0.482515798 0.501713643 0.501342691 0.513816271 0.495723824 0.589338028 0.626099793 0.529772633 0.531505614 0.595673408 0.593732961 0.594165277 0.645351656 0.637617302 0.623591598 0.607938125 0.618740374 0.594524478 0.541204457 0.535901138 0.528316797 0.559234564 0.593763210 0.749543218 0.567503589 0.555884659 0.599573514 0.600536092 0.627761287 0.589526977 0.556187632 0.556219274 0.549863525 0.535313526 1.129057192 
12     0.384388974 0.195780951 0.142623502 0.085920959 0.105546911 0.056105208 0.000000000 0.279523603 0.230287351 0.444178132 0.560767932 0.547381412 0.481561523 0.488687635 0.466060330 0.487462085 0.494847245 0.514042366 0.513671413 0.526144994 0.508052547 0.601688103 0.638449867 0.542122707 0.543855689 0.608023482 0.606083035 0.606515352 0.657701731 0.649967377 0.635941672 0.620288200 0.631090448 0.606874553 0.553554531 0.548251213 0.540423774 0.571277833 0.605883416 0.761893292 0.579861158 0.568242228 0.611931082 0.612893661 0.640118856 0.601884545 0.568545201 0.568576843 0.562221094 0.547671095 1.141414760 
14     0.380513739 0.287002197 0.304578504 0.267918634 0.292870428 0.267237770 0.279523603 0.000000000 0.101338967 0.438291534 0.556125701 0.542739181 0.476081229 0.483534612 0.460907308 0.482309063 0.489280462 0.508587108 0.508216156 0.520689736 0.502670225 0.596117723 0.632879487 0.536467539 0.538185327 0.601909991 0.599979944 0.600382278 0.651739068 0.644004715 0.629979010 0.614701277 0.625346651 0.601287630 0.547908925 0.542629571 0.534511243 0.565494551 0.600084910 0.755786092 0.573656717 0.562127829 0.605726641 0.606689220 0.633914414 0.595680104 0.562458704 0.562490346 0.555955494 0.541405496 1.135319024 
10     0.330789746 0.238023535 0.255336523 0.218682382 0.243634176 0.218001518 0.230287351 0.101338967 0.000000000 0.389122319 0.506891201 0.493504681 0.426829659 0.434261124 0.411633820 0.433035575 0.440085867 0.459490997 0.459120045 0.471593625 0.453574114 0.546976168 0.583737932 0.487276446 0.488995225 0.553265571 0.551325124 0.551757440 0.602943819 0.595209465 0.581183760 0.565510185 0.576180355 0.552096538 0.498717833 0.493438478 0.485486082 0.516469390 0.550893817 0.706760931 0.524028113 0.512499225 0.555956785 0.556919364 0.584144559 0.545816299 0.512763716 0.512861743 0.506686691 0.492136693 1.086045592 
8     0.471449538 0.452440541 0.469163547 0.432586609 0.457442928 0.431772490 0.444178132 0.438291534 0.389122319 0.000000000 0.404445245 0.391069266 0.330592698 0.333725817 0.311098513 0.332500268 0.339197585 0.358658394 0.358287442 0.370761022 0.352980099 0.446008413 0.482773134 0.386369988 0.388268027 0.452569264 0.450628817 0.451061133 0.502045997 0.494311644 0.480285936 0.464670272 0.475636610 0.451256625 0.398370031 0.393066713 0.384850418 0.416219270 0.450296832 0.606097698 0.425671447 0.414281491 0.457721928 0.458684507 0.485909702 0.447675391 0.414826233 0.414857875 0.407853617 0.393303619 0.988526105 
1     0.588216788 0.569135067 0.585881667 0.549304729 0.574150416 0.548395214 0.560767932 0.556125701 0.506891201 0.404445245 0.000000000 0.083924461 0.423139361 0.428340625 0.405713320 0.427115075 0.433467484 0.453310198 0.452939245 0.465412825 0.447631903 0.541013602 0.577778322 0.481576708 0.483696678 0.547530833 0.545590385 0.546022702 0.597165310 0.589430957 0.575404173 0.559798617 0.570764956 0.546384971 0.493648044 0.488368690 0.479829353 0.511218678 0.545304855 0.701179792 0.519782878 0.508392922 0.551820955 0.552783534 0.580008729 0.541774419 0.508871179 0.508902821 0.501967808 0.487417648 1.084572469 
15     0.574830268 0.555748546 0.572495146 0.535918209 0.560763896 0.535008694 0.547381412 0.542739181 0.493504681 0.391069266 0.083924461 0.000000000 0.409752840 0.414954104 0.392326800 0.413728555 0.420080964 0.439923677 0.439552725 0.452026305 0.434245382 0.527627081 0.564391802 0.468214716 0.470310157 0.534144312 0.532203865 0.532636182 0.583778790 0.576044437 0.562017653 0.546412097 0.557378436 0.532998451 0.480261524 0.474982169 0.466442832 0.497832157 0.531918335 0.687793271 0.506396358 0.495006402 0.538434435 0.539397014 0.566622209 0.528387898 0.495484658 0.495516300 0.488581288 0.474031128 1.071185949 
6     0.509349546 0.490093120 0.506703726 0.470126788 0.494940666 0.469154223 0.481561523 0.476081229 0.426829659 0.330592698 0.423139361 0.409752840 0.000000000 0.348635121 0.326007817 0.347409572 0.351695594 0.371100362 0.370729409 0.383202989 0.365422067 0.458792668 0.495557389 0.399413450 0.401362683 0.465062501 0.463122054 0.463554371 0.514712538 0.506978184 0.492952737 0.477333118 0.488328747 0.463919471 0.411198000 0.405884036 0.397193905 0.428912693 0.462890356 0.618754970 0.436863483 0.425473527 0.469023412 0.469985991 0.497211186 0.458976876 0.426127717 0.426159359 0.419163412 0.404613414 1.001907568 
16     0.515231162 0.497164837 0.513877624 0.477300686 0.501939601 0.476328121 0.488687635 0.483534612 0.434261124 0.333725817 0.428340625 0.414954104 0.348635121 0.000000000 0.055257695 0.079355508 0.299480822 0.318265060 0.317894108 0.330605046 0.312824123 0.406232555 0.443078972 0.347266072 0.349344549 0.412695981 0.410755534 0.411187851 0.462395537 0.454661183 0.440633433 0.424959271 0.435999504 0.411545624 0.358694515 0.353391197 0.344907848 0.377047313 0.410349223 0.566210822 0.385012318 0.373654502 0.416885573 0.417848151 0.445073346 0.406839036 0.373946409 0.373978051 0.366903014 0.352376067 0.948773911 
5     0.492603858 0.474537532 0.491250319 0.454673382 0.479308963 0.453700817 0.466060330 0.460907308 0.411633820 0.311098513 0.405713320 0.392326800 0.326007817 0.055257695 0.000000000 0.056993277 0.276853517 0.295663061 0.295292108 0.307977741 0.290196818 0.383605251 0.420451668 0.324638768 0.326717245 0.390068677 0.388128230 0.388560546 0.439768232 0.432033879 0.418006128 0.402331966 0.413372200 0.388918320 0.336067211 0.330763892 0.322280544 0.354420009 0.387721918 0.543583518 0.362385014 0.351027198 0.394258268 0.395220847 0.422446041 0.384211731 0.351319104 0.351350746 0.344275709 0.329748763 0.926146607 
13     0.514005613 0.495939287 0.512652074 0.476075137 0.500714051 0.475102572 0.487462085 0.482309063 0.433035575 0.332500268 0.427115075 0.413728555 0.347409572 0.079355508 0.056993277 0.000000000 0.298255272 0.317052513 0.316681561 0.329379496 0.311598573 0.405007006 0.441853423 0.346040523 0.348119000 0.411470432 0.409529985 0.409962301 0.461169987 0.453435634 0.439407957 0.423733721 0.434773955 0.410320075 0.357468966 0.352165647 0.343682299 0.375821764 0.409123673 0.564985273 0.383786769 0.372428953 0.415660023 0.416622602 0.443847796 0.405613486 0.372720859 0.372752501 0.365677464 0.351150518 0.947548362 
28     0.521526999 0.503262440 0.520114041 0.483537103 0.508299624 0.482515798 0.494847245 0.489280462 0.440085867 0.339197585 0.433467484 0.420080964 0.351695594 0.299480822 0.276853517 0.298255272 0.000000000 0.249016687 0.248645735 0.261050599 0.243455762 0.336157061 0.372873166 0.276740708 0.278880353 0.343199381 0.341258934 0.341691251 0.392987833 0.385253479 0.371228033 0.354591014 0.365694382 0.341215330 0.289499997 0.283755877 0.275448221 0.307587584 0.340853145 0.496166672 0.355781955 0.344436302 0.387693501 0.388656080 0.415883090 0.377659297 0.344941557 0.344973199 0.338064673 0.323617723 0.948220018 
19     0.541147190 0.522802791 0.539654392 0.503077454 0.527832429 0.501713643 0.514042366 0.508587108 0.459490997 0.358658394 0.453310198 0.439923677 0.371100362 0.318265060 0.295663061 0.317052513 0.249016687 0.000000000 0.019084289 0.058720281 0.052316673 0.281850634 0.318409852 0.221291922 0.223832414 0.285187816 0.283187767 0.283521558 0.335048230 0.327325555 0.313205760 0.297539092 0.308608516 0.283952678 0.232181689 0.226741105 0.220333870 0.252344723 0.286809546 0.439276402 0.375947443 0.364601790 0.407981601 0.408944180 0.436051338 0.397935064 0.365201675 0.365233317 0.357979668 0.343698735 0.967935812 
40     0.540776238 0.522431839 0.539283440 0.502706502 0.527461476 0.501342691 0.513671413 0.508216156 0.459120045 0.358287442 0.452939245 0.439552725 0.370729409 0.317894108 0.295292108 0.316681561 0.248645735 0.019084289 0.000000000 0.057874093 0.051912609 0.281479682 0.318038899 0.220920970 0.223461462 0.284816863 0.282816814 0.283150605 0.334677278 0.326954602 0.312834808 0.297168140 0.308237563 0.283581725 0.231810736 0.226370152 0.219962917 0.251973771 0.286438593 0.438905449 0.375576491 0.364230838 0.407610648 0.408573227 0.435680386 0.397564112 0.364830722 0.364862364 0.357608716 0.343327783 0.967564860 
30     0.553249818 0.534905419 0.551757020 0.515180082 0.539935057 0.513816271 0.526144994 0.520689736 0.471593625 0.370761022 0.465412825 0.452026305 0.383202989 0.330605046 0.307977741 0.329379496 0.261050599 0.058720281 0.057874093 0.000000000 0.064568827 0.293569852 0.330129070 0.233750959 0.236296855 0.297654352 0.295654303 0.295988094 0.347514766 0.339792091 0.325672296 0.309559272 0.320628696 0.295972858 0.244201869 0.238761284 0.232765243 0.264776097 0.298763818 0.451258996 0.388029654 0.376684001 0.420063811 0.421026390 0.448133549 0.410017275 0.377283885 0.377315527 0.370061879 0.355780946 0.980038440 
38     0.535271376 0.517042724 0.533653536 0.497055352 0.521810327 0.495723824 0.508052547 0.502670225 0.453574114 0.352980099 0.447631903 0.434245382 0.365422067 0.312824123 0.290196818 0.311598573 0.243455762 0.052316673 0.051912609 0.064568827 0.000000000 0.275894275 0.312449656 0.216192762 0.218715244 0.280066878 0.278066829 0.278400620 0.329927292 0.322204617 0.308084822 0.292105665 0.303175089 0.278451931 0.226748035 0.221307451 0.215345242 0.247356095 0.281345781 0.433734365 0.369498038 0.358152385 0.401532368 0.402494947 0.429602105 0.391524736 0.358752269 0.358783911 0.352215693 0.337934760 0.962257517 
24     0.628633060 0.610290065 0.627141666 0.590564728 0.615327249 0.589338028 0.601688103 0.596117723 0.546976168 0.446008413 0.541013602 0.527627081 0.458792668 0.406232555 0.383605251 0.405007006 0.336157061 0.281850634 0.281479682 0.293569852 0.275894275 0.000000000 0.121063804 0.306414305 0.308801401 0.375060637 0.373125184 0.373458975 0.424463768 0.416738074 0.402624756 0.385520498 0.396653304 0.372228468 0.319872416 0.313867434 0.303952136 0.335052736 0.367655924 0.527413876 0.463538418 0.452192765 0.495690480 0.496653059 0.523818558 0.485643943 0.452946669 0.452978311 0.445553523 0.431283054 1.054812057 
27     0.665397781 0.647051830 0.663903430 0.627326493 0.652089014 0.626099793 0.638449867 0.632879487 0.583737932 0.482773134 0.577778322 0.564391802 0.495557389 0.443078972 0.420451668 0.441853423 0.372873166 0.318409852 0.318038899 0.330129070 0.312449656 0.121063804 0.000000000 0.342928428 0.345295839 0.411581831 0.409646378 0.409980169 0.460962392 0.453236698 0.439123380 0.421802371 0.432935176 0.408510341 0.356108280 0.350103298 0.340449383 0.371631359 0.404166658 0.564141913 0.500480464 0.489134811 0.532632525 0.533595104 0.560760603 0.522585988 0.489888714 0.489920356 0.482523366 0.468252896 1.091624337 
31     0.569069068 0.550724670 0.567576270 0.530999333 0.555761854 0.529772633 0.542122707 0.536467539 0.487276446 0.386369988 0.481576708 0.468214716 0.399413450 0.347266072 0.324638768 0.346040523 0.276740708 0.221291922 0.220920970 0.233750959 0.216192762 0.306414305 0.342928428 0.000000000 0.076044997 0.281850093 0.279826212 0.280412094 0.331730275 0.324036165 0.310128112 0.294662832 0.305869825 0.281274586 0.229514851 0.223963410 0.232754412 0.264529576 0.297785964 0.451559477 0.403579566 0.392233912 0.435753202 0.436715780 0.463835568 0.425759287 0.393062012 0.393093654 0.385477597 0.371214245 0.996415321 
41     0.570987161 0.552458017 0.569309252 0.532732680 0.557494835 0.531505614 0.543855689 0.538185327 0.488995225 0.388268027 0.483696678 0.470310157 0.401362683 0.349344549 0.326717245 0.348119000 0.278880353 0.223832414 0.223461462 0.236296855 0.218715244 0.308801401 0.345295839 0.076044997 0.000000000 0.284628954 0.282605073 0.283190955 0.334586657 0.326902473 0.312984495 0.296817511 0.308024504 0.283429475 0.231643408 0.226091967 0.234578890 0.266354053 0.299528177 0.453342685 0.405662569 0.394316916 0.437843035 0.438805613 0.465925401 0.427849119 0.395151845 0.395183487 0.387695759 0.373432407 0.995980791 
26     0.634969843 0.616625444 0.633477045 0.596900108 0.621662629 0.595673408 0.608023482 0.601909991 0.553265571 0.452569264 0.547530833 0.534144312 0.465062501 0.412695981 0.390068677 0.411470432 0.343199381 0.285187816 0.284816863 0.297654352 0.280066878 0.375060637 0.411581831 0.281850093 0.284628954 0.000000000 0.028803062 0.051946717 0.151996990 0.144794886 0.131485389 0.347897770 0.358909073 0.334826373 0.283930186 0.278382002 0.301362987 0.332985576 0.365042753 0.518426987 0.469824792 0.458479139 0.501869292 0.502831871 0.529893250 0.491822755 0.459089366 0.459121008 0.451474733 0.437499819 1.060509360 
22     0.633029396 0.614684997 0.631536598 0.594959660 0.619722182 0.593732961 0.606083035 0.599979944 0.551325124 0.450628817 0.545590385 0.532203865 0.463122054 0.410755534 0.388128230 0.409529985 0.341258934 0.283187767 0.282816814 0.295654303 0.278066829 0.373125184 0.409646378 0.279826212 0.282605073 0.028803062 0.000000000 0.049356514 0.149770404 0.141982459 0.128947228 0.345987146 0.356998450 0.332915750 0.282019562 0.276471378 0.299422540 0.331045129 0.363102306 0.516411149 0.467884345 0.456538692 0.499928845 0.500891424 0.527952803 0.489882308 0.457148919 0.457180561 0.449534286 0.435559372 1.058568913 
44     0.633461712 0.615117314 0.631968914 0.595391977 0.620154498 0.594165277 0.606515352 0.600382278 0.551757440 0.451061133 0.546022702 0.532636182 0.463554371 0.411187851 0.388560546 0.409962301 0.341691251 0.283521558 0.283150605 0.295988094 0.278400620 0.373458975 0.409980169 0.280412094 0.283190955 0.051946717 0.049356514 0.000000000 0.152378853 0.144081580 0.130206879 0.346520707 0.357532010 0.333449310 0.282558389 0.277010206 0.299854856 0.331477445 0.363534622 0.516947836 0.468316661 0.456971008 0.500361161 0.501323740 0.528385119 0.490314624 0.457581235 0.457612877 0.449966602 0.435991688 1.059001230 
43     0.684648091 0.666303693 0.683155293 0.646578356 0.671340877 0.645351656 0.657701731 0.651739068 0.602943819 0.502045997 0.597165310 0.583778790 0.514712538 0.462395537 0.439768232 0.461169987 0.392987833 0.335048230 0.334677278 0.347514766 0.329927292 0.424463768 0.460962392 0.331730275 0.334586657 0.151996990 0.149770404 0.152378853 0.000000000 0.076055809 0.118259189 0.398138726 0.409150029 0.384911892 0.333851524 0.328303340 0.350692465 0.382304698 0.414794947 0.568108564 0.519506510 0.508160856 0.551551010 0.552513588 0.579574968 0.541504473 0.508771083 0.508802725 0.501362291 0.487180922 1.110208916 
35     0.676913738 0.658569339 0.675420940 0.638844002 0.663606523 0.637617302 0.649967377 0.644004715 0.595209465 0.494311644 0.589430957 0.576044437 0.506978184 0.454661183 0.432033879 0.453435634 0.385253479 0.327325555 0.326954602 0.339792091 0.322204617 0.416738074 0.453236698 0.324036165 0.326902473 0.144794886 0.141982459 0.144081580 0.076055809 0.000000000 0.108512181 0.390312164 0.401323467 0.377085330 0.326152854 0.320604670 0.342975779 0.374588013 0.407060593 0.560303177 0.511772156 0.500426503 0.543816656 0.544779235 0.571840614 0.533770119 0.501036730 0.501068372 0.493480263 0.479446568 1.102474562 
21     0.662888033 0.644543634 0.661395235 0.624818297 0.649580818 0.623591598 0.635941672 0.629979010 0.581183760 0.480285936 0.575404173 0.562017653 0.492952737 0.440633433 0.418006128 0.439407957 0.371228033 0.313205760 0.312834808 0.325672296 0.308084822 0.402624756 0.439123380 0.310128112 0.312984495 0.131485389 0.128947228 0.130206879 0.118259189 0.108512181 0.000000000 0.376394525 0.387405828 0.363167691 0.312238923 0.306690739 0.328955368 0.360567602 0.393040182 0.546387137 0.497746709 0.486401056 0.529791209 0.530753788 0.557815167 0.519744672 0.487011283 0.487042925 0.479454817 0.465421121 1.088448857 
23     0.647234560 0.628890162 0.645741762 0.609164825 0.633927346 0.607938125 0.620288200 0.614701277 0.565510185 0.464670272 0.559798617 0.546412097 0.477333118 0.424959271 0.402331966 0.423733721 0.354591014 0.297539092 0.297168140 0.309559272 0.292105665 0.385520498 0.421802371 0.294662832 0.296817511 0.347897770 0.345987146 0.346520707 0.398138726 0.390312164 0.376394525 0.000000000 0.085471832 0.131269211 0.259424329 0.253855110 0.312893324 0.343945431 0.376831934 0.528747736 0.482560788 0.471215135 0.514676971 0.515639550 0.542494641 0.504630434 0.471897045 0.471928687 0.464653903 0.450424006 1.073544326 
39     0.658059319 0.639686122 0.656544011 0.619967073 0.644729594 0.618740374 0.631090448 0.625346651 0.576180355 0.475636610 0.570764956 0.557378436 0.488328747 0.435999504 0.413372200 0.434773955 0.365694382 0.308608516 0.308237563 0.320628696 0.303175089 0.396653304 0.432935176 0.305869825 0.308024504 0.358909073 0.356998450 0.357532010 0.409150029 0.401323467 0.387405828 0.085471832 0.000000000 0.141757981 0.270503653 0.264935086 0.324199549 0.355212218 0.388242933 0.540002561 0.493601022 0.482255369 0.525717205 0.526679784 0.553534874 0.515670668 0.482937279 0.482968921 0.475694137 0.461464240 1.084598812 
45     0.633820914 0.615476515 0.632328116 0.595751178 0.620513699 0.594524478 0.606874553 0.601287630 0.552096538 0.451256625 0.546384971 0.532998451 0.463919471 0.411545624 0.388918320 0.410320075 0.341215330 0.283952678 0.283581725 0.295972858 0.278451931 0.372228468 0.408510341 0.281274586 0.283429475 0.334826373 0.332915750 0.333449310 0.384911892 0.377085330 0.363167691 0.131269211 0.141757981 0.000000000 0.246131936 0.240557353 0.299781234 0.330793903 0.363852224 0.515598027 0.469147142 0.457801489 0.501263325 0.502225904 0.529111642 0.491216788 0.458483399 0.458515041 0.451240257 0.437010360 1.060130680 
33     0.580802643 0.562156493 0.579008094 0.542431156 0.567193677 0.541204457 0.553554531 0.547908925 0.498717833 0.398370031 0.493648044 0.480261524 0.411198000 0.358694515 0.336067211 0.357468966 0.289499997 0.232181689 0.231810736 0.244201869 0.226748035 0.319872416 0.356108280 0.229514851 0.231643408 0.283930186 0.282019562 0.282558389 0.333851524 0.326152854 0.312238923 0.259424329 0.270503653 0.246131936 0.000000000 0.079009202 0.247206904 0.278632535 0.311435944 0.464381604 0.415941068 0.404595415 0.447906489 0.448923119 0.475942348 0.437992292 0.405221541 0.405253183 0.398118022 0.383886219 1.008163382 
46     0.575499325 0.556853175 0.573704775 0.537127838 0.561890359 0.535901138 0.548251213 0.542629571 0.493438478 0.393066713 0.488368690 0.474982169 0.405884036 0.353391197 0.330763892 0.352165647 0.283755877 0.226741105 0.226370152 0.238761284 0.221307451 0.313867434 0.350103298 0.223963410 0.226091967 0.278382002 0.276471378 0.277010206 0.328303340 0.320604670 0.306690739 0.253855110 0.264935086 0.240557353 0.079009202 0.000000000 0.241350621 0.272776252 0.305616733 0.458535735 0.411106329 0.399760676 0.443128153 0.444090732 0.471109961 0.433093949 0.400360560 0.400392202 0.393110087 0.378878283 1.002761728 
36     0.567367088 0.549021137 0.565872737 0.529295800 0.554058321 0.528316797 0.540423774 0.534511243 0.485486082 0.384850418 0.479829353 0.466442832 0.397193905 0.344907848 0.322280544 0.343682299 0.275448221 0.220333870 0.219962917 0.232765243 0.215345242 0.303952136 0.340449383 0.232754412 0.234578890 0.301362987 0.299422540 0.299854856 0.350692465 0.342975779 0.328955368 0.312893324 0.324199549 0.299781234 0.247206904 0.241350621 0.000000000 0.116577161 0.193078869 0.432847224 0.402389567 0.391045810 0.434484529 0.435447107 0.462535547 0.424344445 0.391649792 0.391681434 0.384204008 0.369933538 0.992880015 
25     0.598381320 0.579714007 0.596790505 0.560213567 0.584976088 0.559234564 0.571277833 0.565494551 0.516469390 0.416219270 0.511218678 0.497832157 0.428912693 0.377047313 0.354420009 0.375821764 0.307587584 0.252344723 0.251973771 0.264776097 0.247356095 0.335052736 0.371631359 0.264529576 0.266354053 0.332985576 0.331045129 0.331477445 0.382304698 0.374588013 0.360567602 0.343945431 0.355212218 0.330793903 0.278632535 0.272776252 0.116577161 0.000000000 0.224993885 0.465274173 0.434896884 0.423551231 0.466941384 0.467903963 0.494840648 0.456895174 0.424192976 0.424224618 0.416747728 0.402477259 1.026204083 
42     0.632813502 0.614467551 0.631319151 0.594742214 0.619504735 0.593763210 0.605883416 0.600084910 0.550893817 0.450296832 0.545304855 0.531918335 0.462890356 0.410349223 0.387721918 0.409123673 0.340853145 0.286809546 0.286438593 0.298763818 0.281345781 0.367655924 0.404166658 0.297785964 0.299528177 0.365042753 0.363102306 0.363534622 0.414794947 0.407060593 0.393040182 0.376831934 0.388242933 0.363852224 0.311435944 0.305616733 0.193078869 0.224993885 0.000000000 0.498416333 0.467776129 0.456384803 0.499820629 0.500783208 0.527850374 0.489774092 0.457009566 0.456999923 0.449827758 0.435557289 1.058035507 
37     0.788593509 0.770247558 0.787099158 0.750522221 0.775284742 0.749543218 0.761893292 0.755786092 0.706760931 0.606097698 0.701179792 0.687793271 0.618754970 0.566210822 0.543583518 0.564985273 0.496166672 0.439276402 0.438905449 0.451258996 0.433734365 0.527413876 0.564141913 0.451559477 0.453342685 0.518426987 0.516411149 0.516947836 0.568108564 0.560303177 0.546387137 0.528747736 0.540002561 0.515598027 0.464381604 0.458535735 0.432847224 0.465274173 0.498416333 0.000000000 0.624041489 0.612695836 0.656075646 0.657038225 0.684145383 0.646029109 0.613331835 0.613363477 0.605970823 0.591700353 1.215578677 
17     0.606581272 0.588021868 0.605045518 0.568468581 0.593217503 0.567503589 0.579861158 0.573656717 0.524028113 0.425671447 0.519782878 0.506396358 0.436863483 0.385012318 0.362385014 0.383786769 0.355781955 0.375947443 0.375576491 0.388029654 0.369498038 0.463538418 0.500480464 0.403579566 0.405662569 0.469824792 0.467884345 0.468316661 0.519506510 0.511772156 0.497746709 0.482560788 0.493601022 0.469147142 0.415941068 0.411106329 0.402389567 0.434896884 0.467776129 0.624041489 0.000000000 0.057801327 0.162817813 0.163267761 0.190895866 0.150736812 0.120452411 0.120193436 0.250485470 0.235768006 1.034035879 
50     0.595052384 0.576460552 0.593458346 0.556846715 0.581630330 0.555884659 0.568242228 0.562127829 0.512499225 0.414281491 0.508392922 0.495006402 0.425473527 0.373654502 0.351027198 0.372428953 0.344436302 0.364601790 0.364230838 0.376684001 0.358152385 0.452192765 0.489134811 0.392233912 0.394316916 0.458479139 0.456538692 0.456971008 0.508160856 0.500426503 0.486401056 0.471215135 0.482255369 0.457801489 0.404595415 0.399760676 0.391045810 0.423551231 0.456384803 0.612695836 0.057801327 0.000000000 0.151919623 0.152328278 0.180062544 0.139781527 0.108857809 0.108624575 0.239246199 0.224528735 1.022678063 
20     0.638651196 0.620091792 0.637115443 0.600538505 0.625287427 0.599573514 0.611931082 0.605726641 0.555956785 0.457721928 0.551820955 0.538434435 0.469023412 0.416885573 0.394258268 0.415660023 0.387693501 0.407981601 0.407610648 0.420063811 0.401532368 0.495690480 0.532632525 0.435753202 0.437843035 0.501869292 0.499928845 0.500361161 0.551551010 0.543816656 0.529791209 0.514676971 0.525717205 0.501263325 0.447906489 0.443128153 0.434484529 0.466941384 0.499820629 0.656075646 0.162817813 0.151919623 0.000000000 0.060352672 0.191613132 0.183105132 0.150283490 0.150313749 0.281757078 0.267039615 1.065950134 
34     0.639613775 0.621054370 0.638078021 0.601501084 0.626250005 0.600536092 0.612893661 0.606689220 0.556919364 0.458684507 0.552783534 0.539397014 0.469985991 0.417848151 0.395220847 0.416622602 0.388656080 0.408944180 0.408573227 0.421026390 0.402494947 0.496653059 0.533595104 0.436715780 0.438805613 0.502831871 0.500891424 0.501323740 0.552513588 0.544779235 0.530753788 0.515639550 0.526679784 0.502225904 0.448923119 0.444090732 0.435447107 0.467903963 0.500783208 0.657038225 0.163267761 0.152328278 0.060352672 0.000000000 0.192198233 0.183724138 0.151338207 0.151351035 0.282784800 0.268067337 1.066912713 
32     0.666838970 0.648279565 0.665303216 0.628726278 0.653475200 0.627761287 0.640118856 0.633914414 0.584144559 0.485909702 0.580008729 0.566622209 0.497211186 0.445073346 0.422446041 0.443847796 0.415883090 0.436051338 0.435680386 0.448133549 0.429602105 0.523818558 0.560760603 0.463835568 0.465925401 0.529893250 0.527952803 0.528385119 0.579574968 0.571840614 0.557815167 0.542494641 0.553534874 0.529111642 0.475942348 0.471109961 0.462535547 0.494840648 0.527850374 0.684145383 0.190895866 0.180062544 0.191613132 0.192198233 0.000000000 0.208820147 0.176933782 0.176870654 0.310487923 0.295770460 1.094137907 
48     0.628604660 0.610045255 0.627068906 0.590491968 0.615240890 0.589526977 0.601884545 0.595680104 0.545816299 0.447675391 0.541774419 0.528387898 0.458976876 0.406839036 0.384211731 0.405613486 0.377659297 0.397935064 0.397564112 0.410017275 0.391524736 0.485643943 0.522585988 0.425759287 0.427849119 0.491822755 0.489882308 0.490314624 0.541504473 0.533770119 0.519744672 0.504630434 0.515670668 0.491216788 0.437992292 0.433093949 0.424344445 0.456895174 0.489774092 0.646029109 0.150736812 0.139781527 0.183105132 0.183724138 0.208820147 0.000000000 0.137459477 0.137296457 0.272661393 0.257943930 1.055903597 
18     0.595343911 0.576713025 0.593729561 0.557152624 0.581901545 0.556187632 0.568545201 0.562458704 0.512763716 0.414826233 0.508871179 0.495484658 0.426127717 0.373946409 0.351319104 0.372720859 0.344941557 0.365201675 0.364830722 0.377283885 0.358752269 0.452946669 0.489888714 0.393062012 0.395151845 0.459089366 0.457148919 0.457581235 0.508771083 0.501036730 0.487011283 0.471897045 0.482937279 0.458483399 0.405221541 0.400360560 0.391649792 0.424192976 0.457009566 0.613331835 0.120452411 0.108857809 0.150283490 0.151338207 0.176933782 0.137459477 0.000000000 0.026708635 0.240485588 0.225768125 1.020906287 
29     0.595375553 0.576744667 0.593761203 0.557184266 0.581933187 0.556219274 0.568576843 0.562490346 0.512861743 0.414857875 0.508902821 0.495516300 0.426159359 0.373978051 0.351350746 0.372752501 0.344973199 0.365233317 0.364862364 0.377315527 0.358783911 0.452978311 0.489920356 0.393093654 0.395183487 0.459121008 0.457180561 0.457612877 0.508802725 0.501068372 0.487042925 0.471928687 0.482968921 0.458515041 0.405253183 0.400392202 0.391681434 0.424224618 0.456999923 0.613363477 0.120193436 0.108624575 0.150313749 0.151351035 0.176870654 0.137296457 0.026708635 0.000000000 0.240517230 0.225799767 1.020937929 
47     0.588933379 0.570549149 0.587405454 0.550828516 0.575583491 0.549863525 0.562221094 0.555955494 0.506686691 0.407853617 0.501967808 0.488581288 0.419163412 0.366903014 0.344275709 0.365677464 0.338064673 0.357979668 0.357608716 0.370061879 0.352215693 0.445553523 0.482523366 0.385477597 0.387695759 0.451474733 0.449534286 0.449966602 0.501362291 0.493480263 0.479454817 0.464653903 0.475694137 0.451240257 0.398118022 0.393110087 0.384204008 0.416747728 0.449827758 0.605970823 0.250485470 0.239246199 0.281757078 0.282784800 0.310487923 0.272661393 0.240485588 0.240517230 0.000000000 0.050379016 1.015786841 
49     0.574383380 0.555999150 0.572855455 0.536278518 0.561033492 0.535313526 0.547671095 0.541405496 0.492136693 0.393303619 0.487417648 0.474031128 0.404613414 0.352376067 0.329748763 0.351150518 0.323617723 0.343698735 0.343327783 0.355780946 0.337934760 0.431283054 0.468252896 0.371214245 0.373432407 0.437499819 0.435559372 0.435991688 0.487180922 0.479446568 0.465421121 0.450424006 0.461464240 0.437010360 0.383886219 0.378878283 0.369933538 0.402477259 0.435557289 0.591700353 0.235768006 0.224528735 0.267039615 0.268067337 0.295770460 0.257943930 0.225768125 0.225799767 0.050379016 0.000000000 1.001247159 
0     1.167956244 1.149814714 1.166602713 1.130025775 1.154788296 1.129057192 1.141414760 1.135319024 1.086045592 0.988526105 1.084572469 1.071185949 1.001907568 0.948773911 0.926146607 0.947548362 0.948220018 0.967935812 0.967564860 0.980038440 0.962257517 1.054812057 1.091624337 0.996415321 0.995980791 1.060509360 1.058568913 1.059001230 1.110208916 1.102474562 1.088448857 1.073544326 1.084598812 1.060130680 1.008163382 1.002761728 0.992880015 1.026204083 1.058035507 1.215578677 1.034035879 1.022678063 1.065950134 1.066912713 1.094137907 1.055903597 1.020906287 1.020937929 1.015786841 1.001247159 0.000000000 
