51
11     0.000000000 0.000366040 0.000113330 0.032695540 0.027984390 0.008958000 0.010150760 0.000227400 0.000113140 0.003510790 0.018852480 0.000450740 0.029750230 0.011663610 0.000200390 0.006766220 0.007483060 0.015506840 0.016414090 0.014934310 0.021253950 0.065648840 0.035699220 0.033653840 0.023667230 0.017224520 0.017816880 0.016728760 0.021452880 0.021383960 0.012239100 0.033861880 0.049489280 0.056391940 0.033457510 0.025166450 0.015086660 0.013795350 0.054577250 0.014275930 0.006125560 0.029539660 0.003214710 0.003214700 0.003190920 0.004460360 0.003185780 0.030212360 0.003184110 0.003637780 0.058385960 
3     0.000366040 0.000000000 0.000276210 0.006530580 0.009927880 0.009146690 0.003703250 0.000313340 0.000226210 0.003620230 0.018478880 0.000762680 0.029376630 0.011827130 0.000363910 0.006929740 0.007646600 0.015133240 0.016040490 0.014560710 0.020880350 0.071860260 0.035325620 0.033280240 0.023293630 0.016850920 0.017443280 0.016355160 0.021079280 0.021010360 0.011865500 0.033488280 0.049115680 0.056018340 0.033083910 0.024792850 0.014713060 0.013617610 0.054203650 0.014439470 0.006289100 0.029166060 0.003378250 0.003378240 0.003354460 0.004623900 0.003349320 0.029838760 0.003347650 0.003801320 0.058012360 
7     0.000113330 0.000276210 0.000000000 0.001492480 0.002899350 0.005170480 0.008413510 0.022597430 0.000000430 0.055579860 0.039275920 0.000486470 0.066691340 0.011550920 0.000087700 0.006653530 0.007370390 0.052329510 0.030355540 0.040959050 0.032115580 0.074270630 0.052539150 0.074248160 0.045170340 0.030948000 0.037374360 0.033598830 0.037180020 0.037791740 0.055655580 0.077278360 0.084044910 0.088294590 0.073666270 0.068582930 0.028757590 0.013682680 0.034106210 0.014163260 0.006012890 0.042812170 0.003102040 0.003102030 0.003078250 0.004347690 0.003073110 0.030630060 0.003071440 0.003525110 0.097429980 
9     0.032695540 0.006530580 0.001492480 0.000000000 0.001441250 0.000000200 0.000000330 0.023156450 0.010817360 0.046752510 0.047996660 0.033068680 0.064339360 0.044133130 0.032669910 0.039235740 0.039952600 0.050095970 0.039076280 0.049523440 0.020545890 0.080693180 0.061259890 0.068242970 0.046363180 0.039668740 0.046095100 0.042319570 0.045900760 0.046512480 0.046828230 0.068451010 0.081351100 0.085136100 0.068046640 0.059755580 0.046133780 0.044734690 0.042826950 0.046745470 0.038595100 0.014910000 0.035684250 0.035684240 0.035660460 0.036929900 0.035655320 0.039350800 0.035653650 0.036107320 0.092975090 
4     0.027984390 0.009927880 0.002899350 0.001441250 0.000000000 0.002959080 0.001436270 0.018358570 0.012224230 0.044997100 0.045973610 0.030109400 0.062583950 0.041173850 0.029710630 0.036276460 0.036993320 0.048340560 0.037053230 0.047656740 0.035149150 0.080968320 0.059236840 0.066487560 0.053794300 0.037645690 0.044072050 0.040296520 0.043877710 0.044489430 0.045072820 0.066695600 0.082323000 0.088763680 0.066291230 0.058000170 0.044110730 0.042711640 0.040803900 0.043786190 0.035635820 0.062373380 0.032724970 0.032724960 0.032701180 0.033970620 0.032696040 0.037327750 0.032694370 0.033148040 0.091219680 
2     0.008958000 0.009146690 0.005170480 0.000000200 0.002959080 0.000000000 0.000000130 0.007609980 0.009145440 0.020211270 0.026900370 0.033068480 0.037798120 0.026838680 0.020458000 0.020140590 0.033960590 0.023554730 0.024461980 0.022982200 0.024358360 0.078297950 0.043747110 0.041701730 0.031715120 0.025272410 0.025864770 0.024776650 0.029500770 0.029431850 0.020286990 0.041909770 0.057537170 0.064439830 0.041505400 0.033214340 0.023134550 0.022039100 0.039503740 0.046745270 0.030143330 0.013784000 0.034622460 0.035684040 0.035660260 0.031594230 0.035655120 0.036027590 0.031904570 0.024611270 0.066433850 
12     0.010150760 0.003703250 0.008413510 0.000000330 0.001436270 0.000000130 0.000000000 0.033925510 0.003828570 0.020605160 0.027294260 0.033068610 0.038192010 0.027232570 0.020851890 0.020534480 0.034354480 0.023948620 0.024855870 0.023376090 0.029695730 0.080675640 0.044141000 0.042095620 0.032109010 0.025666300 0.026258660 0.025170540 0.029894660 0.029825740 0.020680880 0.042303660 0.057931060 0.064833720 0.041899290 0.033608230 0.023528440 0.012158970 0.042217620 0.046745400 0.030537220 0.023135110 0.035684180 0.035684170 0.035660390 0.031988120 0.035655250 0.038654140 0.032298460 0.025005160 0.066827740 
14     0.000227400 0.000313340 0.022597430 0.023156450 0.018358570 0.007609980 0.033925510 0.000000000 0.000087450 0.003481590 0.047190120 0.036949630 0.047799940 0.055108490 0.051332530 0.055775470 0.033152380 0.060243710 0.038269740 0.048873250 0.040029780 0.081766740 0.060453350 0.072163230 0.024614250 0.038862200 0.045288560 0.039737060 0.045094220 0.045705940 0.062685470 0.069531620 0.054577410 0.080937180 0.038310840 0.068897040 0.045327240 0.043928150 0.042020410 0.078163700 0.072298130 0.076297330 0.037139130 0.082872950 0.092601180 0.043149280 0.050534150 0.038544260 0.043852880 0.054996180 0.108832330 
10     0.000113140 0.000226210 0.000000430 0.010817360 0.012224230 0.009145440 0.003828570 0.000087450 0.000000000 0.003394460 0.051445100 0.000486280 0.063050330 0.011550730 0.000087510 0.006653340 0.007370200 0.053776860 0.042524720 0.053128230 0.044284760 0.074249340 0.064708330 0.064645830 0.061937250 0.043117180 0.049543540 0.045768010 0.049349200 0.049960920 0.050509120 0.067902800 0.050895850 0.078692260 0.064063940 0.061379640 0.028757400 0.013682490 0.046275390 0.014163070 0.006012700 0.067809680 0.003101850 0.003101840 0.003078060 0.004347500 0.003072920 0.042799240 0.003071250 0.003524920 0.086413220 
8     0.003510790 0.003620230 0.055579860 0.046752510 0.044997100 0.020211270 0.020605160 0.003481590 0.003394460 0.000000000 0.008953760 0.018877960 0.019854450 0.008892070 0.002511390 0.002193980 0.011573980 0.005611060 0.006518310 0.005038530 0.011358170 0.062338080 0.025803440 0.023758060 0.013771450 0.007328740 0.007921100 0.006832980 0.011557100 0.011488180 0.002340380 0.023966100 0.039593500 0.046496160 0.023561730 0.015270670 0.005190880 0.004095430 0.044681470 0.078551490 0.012199660 0.019643880 0.054149860 0.054679690 0.081774130 0.013650560 0.020353220 0.020316580 0.013960900 0.006667600 0.037468160 
1     0.018852480 0.018478880 0.039275920 0.047996660 0.045973610 0.026900370 0.027294260 0.047190120 0.051445100 0.008953760 0.000000000 0.000168560 0.026543550 0.014505430 0.008124750 0.007807340 0.022706020 0.012300160 0.013207410 0.011727630 0.018047270 0.066645640 0.032492540 0.030447160 0.020460550 0.014017840 0.014610200 0.013522080 0.018246200 0.018177280 0.007953740 0.030655200 0.046282600 0.053185260 0.030250830 0.021959770 0.011879980 0.010784530 0.040298270 0.076441560 0.018888760 0.026332980 0.035416990 0.061368790 0.088576670 0.020339660 0.027042320 0.027005680 0.020650000 0.013356700 0.028619580 
15     0.000450740 0.000762680 0.000486470 0.033068680 0.030109400 0.033068480 0.033068610 0.036949630 0.000486280 0.018877960 0.000168560 0.000000000 0.035440160 0.012036750 0.000573530 0.007139360 0.007856200 0.022224360 0.023131610 0.021651830 0.027971470 0.058922050 0.042416740 0.040371360 0.030384750 0.023942040 0.024534400 0.023446280 0.028170400 0.028101480 0.017877940 0.040579400 0.056206800 0.063109460 0.040175030 0.031883970 0.021804180 0.014168490 0.040166990 0.014649070 0.006498700 0.036257180 0.003587850 0.003587840 0.003564060 0.004833500 0.003558920 0.036690840 0.003557250 0.004010920 0.070831500 
6     0.029750230 0.029376630 0.066691340 0.064339360 0.062583950 0.037798120 0.038192010 0.047799940 0.063050330 0.019854450 0.026543550 0.035440160 0.000000000 0.019674350 0.018606110 0.007278810 0.000178800 0.022939910 0.023847160 0.022367380 0.028687020 0.077652270 0.043132290 0.041086910 0.031100300 0.024657590 0.025249950 0.024161830 0.028885950 0.028817030 0.019930170 0.041294950 0.056922350 0.063825010 0.040890580 0.030045930 0.020428070 0.021424280 0.062010320 0.036733250 0.025162570 0.032606790 0.044019010 0.042780670 0.031391030 0.026613470 0.017975000 0.015688010 0.026923810 0.019630510 0.048808580 
16     0.011663610 0.011827130 0.011550920 0.044133130 0.041173850 0.026838680 0.027232570 0.055108490 0.011550730 0.008892070 0.014505430 0.012036750 0.019674350 0.000000000 0.001046520 0.003772010 0.018920670 0.012238470 0.013145720 0.011665940 0.017985580 0.059196020 0.032430850 0.030385470 0.020398860 0.013956150 0.014548510 0.013460390 0.018184510 0.018115590 0.006925130 0.030593510 0.046220910 0.053123570 0.030189140 0.021898080 0.011818290 0.010722840 0.040936590 0.025713540 0.017563170 0.026271290 0.014652320 0.014652310 0.014628530 0.015897970 0.014623390 0.026943990 0.014621720 0.013295010 0.055429700 
5     0.000200390 0.000363910 0.000087700 0.032669910 0.029710630 0.020458000 0.020851890 0.051332530 0.000087510 0.002511390 0.008124750 0.000573530 0.018606110 0.001046520 0.000000000 0.000471550 0.007457450 0.005857790 0.006765040 0.005285260 0.011604900 0.060291330 0.026050170 0.024004790 0.014018180 0.007575470 0.008167830 0.007079710 0.011803830 0.011734910 0.000543970 0.024212830 0.039840230 0.046742890 0.023808460 0.015517400 0.005437610 0.004342160 0.042666980 0.014250320 0.006099950 0.019890610 0.003189100 0.003189090 0.003165310 0.004434750 0.003160170 0.020563310 0.003158500 0.003612170 0.025567030 
13     0.006766220 0.006929740 0.006653530 0.039235740 0.036276460 0.020140590 0.020534480 0.055775470 0.006653340 0.002193980 0.007807340 0.007139360 0.007278810 0.003772010 0.000471550 0.000000000 0.007244990 0.005540380 0.006447630 0.004967850 0.011287490 0.062267400 0.025732760 0.023687380 0.013700770 0.007258060 0.007850420 0.006762300 0.011486420 0.011417500 0.000300540 0.023895420 0.039522820 0.046425480 0.023491050 0.015199990 0.005120200 0.004024750 0.044610790 0.020816150 0.012128980 0.019573200 0.009754930 0.009754920 0.009731140 0.011000580 0.009726000 0.020245900 0.009724330 0.006596920 0.029573900 
28     0.007483060 0.007646600 0.007370390 0.039952600 0.036993320 0.033960590 0.034354480 0.033152380 0.007370200 0.011573980 0.022706020 0.007856200 0.000178800 0.018920670 0.007457450 0.007244990 0.000000000 0.019101760 0.020009010 0.018529230 0.023095800 0.023647780 0.027112990 0.037248760 0.027262150 0.016668220 0.011247140 0.011321410 0.025047800 0.024978880 0.016092640 0.037456800 0.040893170 0.049381300 0.037052430 0.028761370 0.018681580 0.017586130 0.025086430 0.021532990 0.013382620 0.024360320 0.010471770 0.010471760 0.010447980 0.011717420 0.010442840 0.015650030 0.010441170 0.010894840 0.038572540 
19     0.015506840 0.015133240 0.052329510 0.050095970 0.048340560 0.023554730 0.023948620 0.060243710 0.053776860 0.005611060 0.012300160 0.022224360 0.022939910 0.012238470 0.005857790 0.005540380 0.019101760 0.000000000 0.000247210 0.000001230 0.000052450 0.010085660 0.000080330 0.000228280 0.000005490 0.006236420 0.006828780 0.005740660 0.010464780 0.010395860 0.005686780 0.003045360 0.003045360 0.022733130 0.022469410 0.004487880 0.004098560 0.003003110 0.026620210 0.010463670 0.015285120 0.022729340 0.026079640 0.046755640 0.066159220 0.016736020 0.023438680 0.023402040 0.017046360 0.009753060 0.057561660 
40     0.016414090 0.016040490 0.030355540 0.039076280 0.037053230 0.024461980 0.024855870 0.038269740 0.042524720 0.006518310 0.013207410 0.023131610 0.023847160 0.013145720 0.006765040 0.006447630 0.020009010 0.000247210 0.000000000 0.001053810 0.000559350 0.026454270 0.008924920 0.009072870 0.008850080 0.005038920 0.007736030 0.006647910 0.011270940 0.011303110 0.006594030 0.011889950 0.011889950 0.031577720 0.023376660 0.013332470 0.005005810 0.003910360 0.006619490 0.007609240 0.016192370 0.023636590 0.004105670 0.054452210 0.065887550 0.010115820 0.017500690 0.005510800 0.010819420 0.010660310 0.058468910 
30     0.014934310 0.014560710 0.040959050 0.049523440 0.047656740 0.022982200 0.023376090 0.048873250 0.053128230 0.005038530 0.011727630 0.021651830 0.022367380 0.011665940 0.005285260 0.004967850 0.018529230 0.000001230 0.001053810 0.000000000 0.000053620 0.025616270 0.000081500 0.000229450 0.000006660 0.005663890 0.006256250 0.005168130 0.009892250 0.009823330 0.005114250 0.003046530 0.003046530 0.022734300 0.021896880 0.004489050 0.003526030 0.002430580 0.017223000 0.006699430 0.014712590 0.022156810 0.014709180 0.050750410 0.069483670 0.016163490 0.022866150 0.016114310 0.016473830 0.009180530 0.056989130 
38     0.021253950 0.020880350 0.032115580 0.020545890 0.035149150 0.024358360 0.029695730 0.040029780 0.044284760 0.011358170 0.018047270 0.027971470 0.028687020 0.017985580 0.011604900 0.011287490 0.023095800 0.000052450 0.000559350 0.000053620 0.000000000 0.024961890 0.000132720 0.000280670 0.000057880 0.006798960 0.012575890 0.009449790 0.013030980 0.013642700 0.011433890 0.003097750 0.003097750 0.022785520 0.028216520 0.004540270 0.009845670 0.008750220 0.008379530 0.007863510 0.021032230 0.028476450 0.005865710 0.056478000 0.067819610 0.011875860 0.019260730 0.007270840 0.012579460 0.015500170 0.042881120 
24     0.065648840 0.071860260 0.074270630 0.080693180 0.080968320 0.078297950 0.080675640 0.081766740 0.074249340 0.062338080 0.066645640 0.058922050 0.077652270 0.059196020 0.060291330 0.062267400 0.023647780 0.010085660 0.026454270 0.025616270 0.024961890 0.000000000 0.000293890 0.024032260 0.035377230 0.028527290 0.035914310 0.028421770 0.034790280 0.033121740 0.030232990 0.041858870 0.041858870 0.037382880 0.024098340 0.041348520 0.041666960 0.033493350 0.037358670 0.029136810 0.051225880 0.043323950 0.048020760 0.073593210 0.085028550 0.054030910 0.061415780 0.049425890 0.045879700 0.028330020 0.082123140 
27     0.035699220 0.035325620 0.052539150 0.061259890 0.059236840 0.043747110 0.044141000 0.060453350 0.064708330 0.025803440 0.032492540 0.042416740 0.043132290 0.032430850 0.026050170 0.025732760 0.027112990 0.000080330 0.008924920 0.000081500 0.000132720 0.000293890 0.000000000 0.000297630 0.000074840 0.019951960 0.020544320 0.019456200 0.024180320 0.024111400 0.025879160 0.003114690 0.003114690 0.022802460 0.026074410 0.004557210 0.023433120 0.022337670 0.029539940 0.019163360 0.035477500 0.042921720 0.026289280 0.077957530 0.076126530 0.032299430 0.039684300 0.027694410 0.033003030 0.029945440 0.077754040 
31     0.033653840 0.033280240 0.074248160 0.068242970 0.066487560 0.041701730 0.042095620 0.072163230 0.064645830 0.023758060 0.030447160 0.040371360 0.041086910 0.030385470 0.024004790 0.023687380 0.037248760 0.000228280 0.009072870 0.000229450 0.000280670 0.024032260 0.000297630 0.000000000 0.000222790 0.017897500 0.018489860 0.017401740 0.022125860 0.022056940 0.023833780 0.003262660 0.003262660 0.021543760 0.011409800 0.004705180 0.021387740 0.020292290 0.031973710 0.025890490 0.033432120 0.040876340 0.064465560 0.060883380 0.057331160 0.034883020 0.041585680 0.041549040 0.032493110 0.027900060 0.075708660 
41     0.023667230 0.023293630 0.045170340 0.046363180 0.053794300 0.031715120 0.032109010 0.024614250 0.061937250 0.013771450 0.020460550 0.030384750 0.031100300 0.020398860 0.014018180 0.013700770 0.027262150 0.000005490 0.008850080 0.000006660 0.000057880 0.035377230 0.000074840 0.000222790 0.000000000 0.007910890 0.008503250 0.007415130 0.012139250 0.012070330 0.013847170 0.003039870 0.003039870 0.013858840 0.023950090 0.004482390 0.011401130 0.010305680 0.033377150 0.024686390 0.023445510 0.030889730 0.062691850 0.058348310 0.054796090 0.024896410 0.031599070 0.031562430 0.025206750 0.017913450 0.036955560 
26     0.017224520 0.016850920 0.030948000 0.039668740 0.037645690 0.025272410 0.025666300 0.038862200 0.043117180 0.007328740 0.014017840 0.023942040 0.024657590 0.013956150 0.007575470 0.007258060 0.016668220 0.006236420 0.005038920 0.005663890 0.006798960 0.028527290 0.019951960 0.017897500 0.007910890 0.000000000 0.000006240 0.000172760 0.005667700 0.005347690 0.001221810 0.023733640 0.032358310 0.041836920 0.023329270 0.015038210 0.004958420 0.003862970 0.008789590 0.010815610 0.017002800 0.024447020 0.004698130 0.059482830 0.078300260 0.010708280 0.018093150 0.006103260 0.011411880 0.011470740 0.059279340 
22     0.017816880 0.017443280 0.037374360 0.046095100 0.044072050 0.025864770 0.026258660 0.045288560 0.049543540 0.007921100 0.014610200 0.024534400 0.025249950 0.014548510 0.008167830 0.007850420 0.011247140 0.006828780 0.007736030 0.006256250 0.012575890 0.035914310 0.020544320 0.018489860 0.008503250 0.000006240 0.000000000 0.000000320 0.006260060 0.006191140 0.000813620 0.024326000 0.030372740 0.039851350 0.023921630 0.015630570 0.005550780 0.004455330 0.010836310 0.010803020 0.017595160 0.025039380 0.011124490 0.060075190 0.075400300 0.017134640 0.024519510 0.012529620 0.017838240 0.012063100 0.059871700 
44     0.016728760 0.016355160 0.033598830 0.042319570 0.040296520 0.024776650 0.025170540 0.039737060 0.045768010 0.006832980 0.013522080 0.023446280 0.024161830 0.013460390 0.007079710 0.006762300 0.011321410 0.005740660 0.006647910 0.005168130 0.009449790 0.028421770 0.019456200 0.017401740 0.007415130 0.000172760 0.000000320 0.000000000 0.005171940 0.001190110 0.000813300 0.023237880 0.031461080 0.040939690 0.022833510 0.014542450 0.004462660 0.003367210 0.011440420 0.044191220 0.016507040 0.023951260 0.007348960 0.058987070 0.075585290 0.013359110 0.020743980 0.008754090 0.014062710 0.010974980 0.058783580 
43     0.021452880 0.021079280 0.037180020 0.045900760 0.043877710 0.029500770 0.029894660 0.045094220 0.049349200 0.011557100 0.018246200 0.028170400 0.028885950 0.018184510 0.011803830 0.011486420 0.025047800 0.010464780 0.011270940 0.009892250 0.013030980 0.034790280 0.024180320 0.022125860 0.012139250 0.005667700 0.006260060 0.005171940 0.000000000 0.000000010 0.004142190 0.027962000 0.043589400 0.050492060 0.027557630 0.019266570 0.009186780 0.008091330 0.015021610 0.051164900 0.021231160 0.028675380 0.010930150 0.063711190 0.085644490 0.016940300 0.024325170 0.012335280 0.017643900 0.015699100 0.063507700 
35     0.021383960 0.021010360 0.037791740 0.046512480 0.044489430 0.029431850 0.029825740 0.045705940 0.049960920 0.011488180 0.018177280 0.028101480 0.028817030 0.018115590 0.011734910 0.011417500 0.024978880 0.010395860 0.011303110 0.009823330 0.013642700 0.033121740 0.024111400 0.022056940 0.012070330 0.005347690 0.006191140 0.001190110 0.000000010 0.000000000 0.006545710 0.027893080 0.043520480 0.050423140 0.027488710 0.019197650 0.009117860 0.008022410 0.015633330 0.051776620 0.021162240 0.028606460 0.011541870 0.063642270 0.084403000 0.017552020 0.024936890 0.012947000 0.018255620 0.015630180 0.063438780 
21     0.012239100 0.011865500 0.055655580 0.046828230 0.045072820 0.020286990 0.020680880 0.062685470 0.050509120 0.002340380 0.007953740 0.017877940 0.019930170 0.006925130 0.000543970 0.000300540 0.016092640 0.005686780 0.006594030 0.005114250 0.011433890 0.030232990 0.025879160 0.023833780 0.013847170 0.001221810 0.000813620 0.000813300 0.004142190 0.006545710 0.000000000 0.024041820 0.033135260 0.046571880 0.019943420 0.015346390 0.005266600 0.004171150 0.038883590 0.049778550 0.012275380 0.019719600 0.034792130 0.054755410 0.074843960 0.013726280 0.020428940 0.020392300 0.014036620 0.006743320 0.054293920 
23     0.033861880 0.033488280 0.077278360 0.068451010 0.066695600 0.041909770 0.042303660 0.069531620 0.067902800 0.023966100 0.030655200 0.040579400 0.041294950 0.030593510 0.024212830 0.023895420 0.037456800 0.003045360 0.011889950 0.003046530 0.003097750 0.041858870 0.003114690 0.003262660 0.003039870 0.023733640 0.024326000 0.023237880 0.027962000 0.027893080 0.024041820 0.000000000 0.000000000 0.004911660 0.015342240 0.001844800 0.021353420 0.020257970 0.055597630 0.055079560 0.033640160 0.041084380 0.063757840 0.075256510 0.071704290 0.035091060 0.041793720 0.041757080 0.035401400 0.028108100 0.053716990 
39     0.049489280 0.049115680 0.084044910 0.081351100 0.082323000 0.057537170 0.057931060 0.054577410 0.050895850 0.039593500 0.046282600 0.056206800 0.056922350 0.046220910 0.039840230 0.039522820 0.040893170 0.003045360 0.011889950 0.003046530 0.003097750 0.041858870 0.003114690 0.003262660 0.003039870 0.032358310 0.030372740 0.031461080 0.043589400 0.043520480 0.033135260 0.000000000 0.000000000 0.002725710 0.027231710 0.001844800 0.036980820 0.035885370 0.045977620 0.037127920 0.049267560 0.056711780 0.057795040 0.074699350 0.071147130 0.050718460 0.057421120 0.057384480 0.051028800 0.043735500 0.091544100 
45     0.056391940 0.056018340 0.088294590 0.085136100 0.088763680 0.064439830 0.064833720 0.080937180 0.078692260 0.046496160 0.053185260 0.063109460 0.063825010 0.053123570 0.046742890 0.046425480 0.049381300 0.022733130 0.031577720 0.022734300 0.022785520 0.037382880 0.022802460 0.021543760 0.013858840 0.041836920 0.039851350 0.040939690 0.050492060 0.050423140 0.046571880 0.004911660 0.002725710 0.000000000 0.029497550 0.021532570 0.034411360 0.027317970 0.045576080 0.024248860 0.056170220 0.058574550 0.077279430 0.070204280 0.066652060 0.057621120 0.064323780 0.064287140 0.057931460 0.050638160 0.098446760 
33     0.033457510 0.033083910 0.073666270 0.068046640 0.066291230 0.041505400 0.041899290 0.038310840 0.064063940 0.023561730 0.030250830 0.040175030 0.040890580 0.030189140 0.023808460 0.023491050 0.037052430 0.022469410 0.023376660 0.021896880 0.028216520 0.024098340 0.026074410 0.011409800 0.023950090 0.023329270 0.023921630 0.022833510 0.027557630 0.027488710 0.019943420 0.015342240 0.027231710 0.029497550 0.000000000 0.001266040 0.020949050 0.019853600 0.035134300 0.024974290 0.033235790 0.040680010 0.065826430 0.066227430 0.075955660 0.034686690 0.041389350 0.041352710 0.034997030 0.027703730 0.059431140 
46     0.025166450 0.024792850 0.068582930 0.059755580 0.058000170 0.033214340 0.033608230 0.068897040 0.061379640 0.015270670 0.021959770 0.031883970 0.030045930 0.021898080 0.015517400 0.015199990 0.028761370 0.004487880 0.013332470 0.004489050 0.004540270 0.041348520 0.004557210 0.004705180 0.004482390 0.015038210 0.015630570 0.014542450 0.019266570 0.019197650 0.015346390 0.001844800 0.001844800 0.021532570 0.001266040 0.000000000 0.012657990 0.011562540 0.032450000 0.035731550 0.024944730 0.032388950 0.063142130 0.063543130 0.073271360 0.026395630 0.033098290 0.033061650 0.026705970 0.019412670 0.052610440 
36     0.015086660 0.014713060 0.028757590 0.046133780 0.044110730 0.023134550 0.023528440 0.045327240 0.028757400 0.005190880 0.011879980 0.021804180 0.020428070 0.011818290 0.005437610 0.005120200 0.018681580 0.004098560 0.005005810 0.003526030 0.009845670 0.041666960 0.023433120 0.021387740 0.011401130 0.004958420 0.005550780 0.004462660 0.009186780 0.009117860 0.005266600 0.021353420 0.036980820 0.034411360 0.020949050 0.012657990 0.000000000 0.001435770 0.003787030 0.015555490 0.012943750 0.022309160 0.011163170 0.031858960 0.031835180 0.016315840 0.023018500 0.012568300 0.016626180 0.009332880 0.057141480 
25     0.013795350 0.013617610 0.013682680 0.044734690 0.042711640 0.022039100 0.012158970 0.043928150 0.013682490 0.004095430 0.010784530 0.014168490 0.021424280 0.010722840 0.004342160 0.004024750 0.017586130 0.003003110 0.003910360 0.002430580 0.008750220 0.033493350 0.022337670 0.020292290 0.010305680 0.003862970 0.004455330 0.003367210 0.008091330 0.008022410 0.004171150 0.020257970 0.035885370 0.027317970 0.019853600 0.011562540 0.001435770 0.000000000 0.002387940 0.000480580 0.013769490 0.021213710 0.009764080 0.016784050 0.016760270 0.015220390 0.016755130 0.011169210 0.015530730 0.008237430 0.056046030 
42     0.054577250 0.054203650 0.034106210 0.042826950 0.040803900 0.039503740 0.042217620 0.042020410 0.046275390 0.044681470 0.040298270 0.040166990 0.062010320 0.040936590 0.042666980 0.044610790 0.025086430 0.026620210 0.006619490 0.017223000 0.008379530 0.037358670 0.029539940 0.031973710 0.033377150 0.008789590 0.010836310 0.011440420 0.015021610 0.015633330 0.038883590 0.055597630 0.045977620 0.045576080 0.035134300 0.032450000 0.003787030 0.002387940 0.000000000 0.006892890 0.043015340 0.060804610 0.007856340 0.067380230 0.077108460 0.013866490 0.021251360 0.009261470 0.014570090 0.025713390 0.096632070 
37     0.014275930 0.014439470 0.014163260 0.046745470 0.043786190 0.046745270 0.046745400 0.078163700 0.014163070 0.078551490 0.076441560 0.014649070 0.036733250 0.025713540 0.014250320 0.020816150 0.021532990 0.010463670 0.007609240 0.006699430 0.007863510 0.029136810 0.019163360 0.025890490 0.024686390 0.010815610 0.010803020 0.044191220 0.051164900 0.051776620 0.049778550 0.055079560 0.037127920 0.024248860 0.024974290 0.035731550 0.015555490 0.000480580 0.006892890 0.000000000 0.020175490 0.039992850 0.017264640 0.017264630 0.017240850 0.018510290 0.017235710 0.038158680 0.017234040 0.017687710 0.139142440 
17     0.006125560 0.006289100 0.006012890 0.038595100 0.035635820 0.030143330 0.030537220 0.072298130 0.006012700 0.012199660 0.018888760 0.006498700 0.025162570 0.017563170 0.006099950 0.012128980 0.013382620 0.015285120 0.016192370 0.014712590 0.021032230 0.051225880 0.035477500 0.033432120 0.023445510 0.017002800 0.017595160 0.016507040 0.021231160 0.021162240 0.012275380 0.033640160 0.049267560 0.056170220 0.033235790 0.024944730 0.012943750 0.013769490 0.043015340 0.020175490 0.000000000 0.001067490 0.002969350 0.002969340 0.002945560 0.002684860 0.002939780 0.006551680 0.002941550 0.003395220 0.064150260 
50     0.029539660 0.029166060 0.042812170 0.014910000 0.062373380 0.013784000 0.023135110 0.076297330 0.067809680 0.019643880 0.026332980 0.036257180 0.032606790 0.026271290 0.019890610 0.019573200 0.024360320 0.022729340 0.023636590 0.022156810 0.028476450 0.043323950 0.042921720 0.040876340 0.030889730 0.024447020 0.025039380 0.023951260 0.028675380 0.028606460 0.019719600 0.041084380 0.056711780 0.058574550 0.040680010 0.032388950 0.022309160 0.021213710 0.060804610 0.039992850 0.001067490 0.000000000 0.008777280 0.011306110 0.018646480 0.003002750 0.014898610 0.006366530 0.012579460 0.011707920 0.071594480 
20     0.003214710 0.003378250 0.003102040 0.035684250 0.032724970 0.034622460 0.035684180 0.037139130 0.003101850 0.054149860 0.035416990 0.003587850 0.044019010 0.014652320 0.003189100 0.009754930 0.010471770 0.026079640 0.004105670 0.014709180 0.005865710 0.048020760 0.026289280 0.064465560 0.062691850 0.004698130 0.011124490 0.007348960 0.010930150 0.011541870 0.034792130 0.063757840 0.057795040 0.077279430 0.065826430 0.063142130 0.011163170 0.009764080 0.007856340 0.017264640 0.002969350 0.008777280 0.000000000 0.000000010 0.000023790 0.007363910 0.000029570 0.003647990 0.000030700 0.000484370 0.106100460 
34     0.003214700 0.003378240 0.003102030 0.035684240 0.032724960 0.035684040 0.035684170 0.082872950 0.003101840 0.054679690 0.061368790 0.003587840 0.042780670 0.014652310 0.003189090 0.009754920 0.010471760 0.046755640 0.054452210 0.050750410 0.056478000 0.073593210 0.077957530 0.060883380 0.058348310 0.059482830 0.060075190 0.058987070 0.063711190 0.063642270 0.054755410 0.075256510 0.074699350 0.070204280 0.066227430 0.063543130 0.031858960 0.016784050 0.067380230 0.017264630 0.002969340 0.011306110 0.000000010 0.000000000 0.000023780 0.007363900 0.000029560 0.005998890 0.000030690 0.000484360 0.106630290 
32     0.003190920 0.003354460 0.003078250 0.035660460 0.032701180 0.035660260 0.035660390 0.092601180 0.003078060 0.081774130 0.088576670 0.003564060 0.031391030 0.014628530 0.003165310 0.009731140 0.010447980 0.066159220 0.065887550 0.069483670 0.067819610 0.085028550 0.076126530 0.057331160 0.054796090 0.078300260 0.075400300 0.075585290 0.085644490 0.084403000 0.074843960 0.071704290 0.071147130 0.066652060 0.075955660 0.073271360 0.031835180 0.016760270 0.077108460 0.017240850 0.002945560 0.018646480 0.000023790 0.000023780 0.000000000 0.007340120 0.000005780 0.007819040 0.000006910 0.000460580 0.133838170 
48     0.004460360 0.004623900 0.004347690 0.036929900 0.033970620 0.031594230 0.031988120 0.043149280 0.004347500 0.013650560 0.020339660 0.004833500 0.026613470 0.015897970 0.004434750 0.011000580 0.011717420 0.016736020 0.010115820 0.016163490 0.011875860 0.054030910 0.032299430 0.034883020 0.024896410 0.010708280 0.017134640 0.013359110 0.016940300 0.017552020 0.013726280 0.035091060 0.050718460 0.057621120 0.034686690 0.026395630 0.016315840 0.015220390 0.013866490 0.018510290 0.002684860 0.003002750 0.007363910 0.007363900 0.007340120 0.000000000 0.004888300 0.004112280 0.007333310 0.007786980 0.065601160 
18     0.003185780 0.003349320 0.003073110 0.035655320 0.032696040 0.035655120 0.035655250 0.050534150 0.003072920 0.020353220 0.027042320 0.003558920 0.017975000 0.014623390 0.003160170 0.009726000 0.010442840 0.023438680 0.017500690 0.022866150 0.019260730 0.061415780 0.039684300 0.041585680 0.031599070 0.018093150 0.024519510 0.020743980 0.024325170 0.024936890 0.020428940 0.041793720 0.057421120 0.064323780 0.041389350 0.033098290 0.023018500 0.016755130 0.021251360 0.017235710 0.002939780 0.014898610 0.000029570 0.000029560 0.000005780 0.004888300 0.000000000 0.000036640 0.000001770 0.000455440 0.053405260 
29     0.030212360 0.029838760 0.030630060 0.039350800 0.037327750 0.036027590 0.038654140 0.038544260 0.042799240 0.020316580 0.027005680 0.036690840 0.015688010 0.026943990 0.020563310 0.020245900 0.015650030 0.023402040 0.005510800 0.016114310 0.007270840 0.049425890 0.027694410 0.041549040 0.031562430 0.006103260 0.012529620 0.008754090 0.012335280 0.012947000 0.020392300 0.041757080 0.057384480 0.064287140 0.041352710 0.033061650 0.012568300 0.011169210 0.009261470 0.038158680 0.006551680 0.006366530 0.003647990 0.005998890 0.007819040 0.004112280 0.000036640 0.000000000 0.010745290 0.009873750 0.047386560 
47     0.003184110 0.003347650 0.003071440 0.035653650 0.032694370 0.031904570 0.032298460 0.043852880 0.003071250 0.013960900 0.020650000 0.003557250 0.026923810 0.014621720 0.003158500 0.009724330 0.010441170 0.017046360 0.010819420 0.016473830 0.012579460 0.045879700 0.033003030 0.032493110 0.025206750 0.011411880 0.017838240 0.014062710 0.017643900 0.018255620 0.014036620 0.035401400 0.051028800 0.057931460 0.034997030 0.026705970 0.016626180 0.015530730 0.014570090 0.017234040 0.002941550 0.012579460 0.000030700 0.000030690 0.000006910 0.007333310 0.000001770 0.010745290 0.000000000 0.000273960 0.065911500 
49     0.003637780 0.003801320 0.003525110 0.036107320 0.033148040 0.024611270 0.025005160 0.054996180 0.003524920 0.006667600 0.013356700 0.004010920 0.019630510 0.013295010 0.003612170 0.006596920 0.010894840 0.009753060 0.010660310 0.009180530 0.015500170 0.028330020 0.029945440 0.027900060 0.017913450 0.011470740 0.012063100 0.010974980 0.015699100 0.015630180 0.006743320 0.028108100 0.043735500 0.050638160 0.027703730 0.019412670 0.009332880 0.008237430 0.025713390 0.017687710 0.003395220 0.011707920 0.000484370 0.000484360 0.000460580 0.007786980 0.000455440 0.009873750 0.000273960 0.000000000 0.058618200 
0     0.058385960 0.058012360 0.097429980 0.092975090 0.091219680 0.066433850 0.066827740 0.108832330 0.086413220 0.037468160 0.028619580 0.070831500 0.048808580 0.055429700 0.025567030 0.029573900 0.038572540 0.057561660 0.058468910 0.056989130 0.042881120 0.082123140 0.077754040 0.075708660 0.036955560 0.059279340 0.059871700 0.058783580 0.063507700 0.063438780 0.054293920 0.053716990 0.091544100 0.098446760 0.059431140 0.052610440 0.057141480 0.056046030 0.096632070 0.139142440 0.064150260 0.071594480 0.106100460 0.106630290 0.133838170 0.065601160 0.053405260 0.047386560 0.065911500 0.058618200 0.000000000 
