51
1     0.000000000 0.000104800 0.000037990 0.000035540 0.000173740 0.000200040 0.000205710 0.000278100 0.000239730 0.000215350 0.000215770 0.000294740 0.000251850 0.000291760 0.000223350 0.000225600 0.000448230 0.000448130 0.000419480 0.000424330 0.000384000 0.000156800 0.000279680 0.000270650 0.000234870 0.000394870 0.000327020 0.000282170 0.000316540 0.000565040 0.000191180 0.000315160 0.000181550 0.000592710 0.000427010 0.000081260 0.000131390 0.000605870 0.000377520 0.000717000 0.000325930 0.000392850 0.000276250 0.000155280 0.000280620 0.000125960 0.000214520 0.000224010 0.000242750 0.000446660 0.000035360 
3     0.000104800 0.000000000 0.000178200 0.000326470 0.000202220 0.000228520 0.000234190 0.000356560 0.000268210 0.000243830 0.000244250 0.000323220 0.000280330 0.000320240 0.000251830 0.000254080 0.000476710 0.000476610 0.000447960 0.000452810 0.000412480 0.000185280 0.000308160 0.000299130 0.000263350 0.000423350 0.000355500 0.000310650 0.000345020 0.000593520 0.000219660 0.000343640 0.000361540 0.000618730 0.000455490 0.000479300 0.000159870 0.000634350 0.000406000 0.000745480 0.000354410 0.000421330 0.000304730 0.000183760 0.000309100 0.000154440 0.000243000 0.000252490 0.000271230 0.000475140 0.000324650 
5     0.000037990 0.000178200 0.000000000 0.000003530 0.000210610 0.000171130 0.000138860 0.000228650 0.000225870 0.000210380 0.000215240 0.000267960 0.000238130 0.000249330 0.000280770 0.000262730 0.000512620 0.000512520 0.000483870 0.000488720 0.000448390 0.000221190 0.000344070 0.000335040 0.000299260 0.000384440 0.000390980 0.000302400 0.000380930 0.000458230 0.000255570 0.000379550 0.000397450 0.000502110 0.000361600 0.000426220 0.000195780 0.000670260 0.000441910 0.000609400 0.000390320 0.000457240 0.000149270 0.000219670 0.000345010 0.000190350 0.000278910 0.000288400 0.000307140 0.000387470 0.000003370 
12     0.000035540 0.000326470 0.000003530 0.000000000 0.000218040 0.000190520 0.000171180 0.000295450 0.000292670 0.000277180 0.000282040 0.000334760 0.000304930 0.000316130 0.000509560 0.000511810 0.000734440 0.000734340 0.000705690 0.000122640 0.000670210 0.000258600 0.000565890 0.000556860 0.000521080 0.000605610 0.000612150 0.000568380 0.000602750 0.000782670 0.000477390 0.000597220 0.000582810 0.000393460 0.000713220 0.000420970 0.000417600 0.000498510 0.000663730 0.000723920 0.000573650 0.000539130 0.000540140 0.000441490 0.000238130 0.000412170 0.000500730 0.000510220 0.000528960 0.000703570 0.000000920 
22     0.000173740 0.000202220 0.000210610 0.000218040 0.000000000 0.000028380 0.000033850 0.000191460 0.000188680 0.000004750 0.000178050 0.000230770 0.000200940 0.000212140 0.000300050 0.000302300 0.000524930 0.000524830 0.000496180 0.000501030 0.000460700 0.000233500 0.000356380 0.000347350 0.000311570 0.000471570 0.000403720 0.000358870 0.000393240 0.000641740 0.000003340 0.000391860 0.000409760 0.000283140 0.000503710 0.000310650 0.000208090 0.000605010 0.000454220 0.000613600 0.000402630 0.000428810 0.000352950 0.000231980 0.000042350 0.000202660 0.000291220 0.000300710 0.000319450 0.000523360 0.000362540 
18     0.000200040 0.000228520 0.000171130 0.000190520 0.000028380 0.000000000 0.000000690 0.000298880 0.000296100 0.000280610 0.000285470 0.000338190 0.000308360 0.000319560 0.000326350 0.000328600 0.000551230 0.000477650 0.000522480 0.000527330 0.000487000 0.000259800 0.000382680 0.000373650 0.000337870 0.000463950 0.000430020 0.000385170 0.000277100 0.000339130 0.000106600 0.000418160 0.000436060 0.000457830 0.000208710 0.000553820 0.000234390 0.000708870 0.000480520 0.000818590 0.000428930 0.000495850 0.000379250 0.000258280 0.000383620 0.000149480 0.000317520 0.000327010 0.000345750 0.000549660 0.000191440 
14     0.000205710 0.000234190 0.000138860 0.000171180 0.000033850 0.000000690 0.000000000 0.000266610 0.000263830 0.000248340 0.000253200 0.000305920 0.000276090 0.000287290 0.000332020 0.000334270 0.000464420 0.000556800 0.000528150 0.000533000 0.000492670 0.000265470 0.000388350 0.000379320 0.000343540 0.000501120 0.000435690 0.000390840 0.000425210 0.000673710 0.000299850 0.000423830 0.000441730 0.000288970 0.000456070 0.000316480 0.000240060 0.000610840 0.000486190 0.000619430 0.000434600 0.000412100 0.000349720 0.000263950 0.000071840 0.000234630 0.000323190 0.000332680 0.000351420 0.000555330 0.000172100 
9     0.000278100 0.000356560 0.000228650 0.000295450 0.000191460 0.000298880 0.000266610 0.000000000 0.000067360 0.000189550 0.000056730 0.000121130 0.000079620 0.000090820 0.000250610 0.000052090 0.000494210 0.000494110 0.000465460 0.000470310 0.000429980 0.000417720 0.000454000 0.000306710 0.000409190 0.000563890 0.000501340 0.000102950 0.000447520 0.000696020 0.000322160 0.000496100 0.000514000 0.000681560 0.000607950 0.000605670 0.000392310 0.000781520 0.000638440 0.000761990 0.000586850 0.000653770 0.000457190 0.000416200 0.000305760 0.000386880 0.000235560 0.000484930 0.000503670 0.000707580 0.000380580 
19     0.000239730 0.000268210 0.000225870 0.000292670 0.000188680 0.000296100 0.000263830 0.000067360 0.000000000 0.000005430 0.000036530 0.000118350 0.000076140 0.000087340 0.000068820 0.000071070 0.000312420 0.000312320 0.000283670 0.000288520 0.000248190 0.000235930 0.000272210 0.000263180 0.000227400 0.000387400 0.000319550 0.000198860 0.000265730 0.000514230 0.000140370 0.000314310 0.000332210 0.000633720 0.000426160 0.000449970 0.000210520 0.000569550 0.000456650 0.000736960 0.000405060 0.000471980 0.000275400 0.000234410 0.000075030 0.000205090 0.000057870 0.000303140 0.000321880 0.000525790 0.000375300 
16     0.000215350 0.000243830 0.000210380 0.000277180 0.000004750 0.000280610 0.000248340 0.000189550 0.000005430 0.000000000 0.000000580 0.000039970 0.000068220 0.000104550 0.000044440 0.000046690 0.000288040 0.000287940 0.000259290 0.000264140 0.000223810 0.000211550 0.000247830 0.000238800 0.000203020 0.000363020 0.000295170 0.000174480 0.000241350 0.000489850 0.000115990 0.000289930 0.000307830 0.000609340 0.000401780 0.000425590 0.000186140 0.000580640 0.000432270 0.000743720 0.000380680 0.000447600 0.000251020 0.000210030 0.000099590 0.000150460 0.000003530 0.000278760 0.000297500 0.000501410 0.000350920 
20     0.000215770 0.000244250 0.000215240 0.000282040 0.000178050 0.000285470 0.000253200 0.000056730 0.000036530 0.000000580 0.000000000 0.000107720 0.000065510 0.000076710 0.000044860 0.000047110 0.000288460 0.000288360 0.000259710 0.000264560 0.000224230 0.000211970 0.000248250 0.000239220 0.000203440 0.000363440 0.000295590 0.000174900 0.000241770 0.000490270 0.000116410 0.000134080 0.000244610 0.000595850 0.000402200 0.000426010 0.000186560 0.000469920 0.000432690 0.000733200 0.000381100 0.000448020 0.000251440 0.000210450 0.000100010 0.000181130 0.000029270 0.000279180 0.000297920 0.000501830 0.000351340 
17     0.000294740 0.000323220 0.000267960 0.000334760 0.000230770 0.000338190 0.000305920 0.000121130 0.000118350 0.000039970 0.000107720 0.000000000 0.000050950 0.000019630 0.000123830 0.000126080 0.000367430 0.000367330 0.000338680 0.000343530 0.000303200 0.000290940 0.000327220 0.000318190 0.000282410 0.000442410 0.000374560 0.000253870 0.000320740 0.000165480 0.000195380 0.000369320 0.000387220 0.000649230 0.000481170 0.000504980 0.000265530 0.000584910 0.000511660 0.000801300 0.000460070 0.000526990 0.000330410 0.000289420 0.000178980 0.000260100 0.000110280 0.000358150 0.000376890 0.000580800 0.000419890 
15     0.000251850 0.000280330 0.000238130 0.000304930 0.000200940 0.000308360 0.000276090 0.000079620 0.000076140 0.000068220 0.000065510 0.000050950 0.000000000 0.000000160 0.000080940 0.000083190 0.000324540 0.000324440 0.000295790 0.000300640 0.000260310 0.000248050 0.000284330 0.000275300 0.000239520 0.000399520 0.000036520 0.000210980 0.000277850 0.000526350 0.000152490 0.000326430 0.000344330 0.000645840 0.000438280 0.000462090 0.000222640 0.000617140 0.000468770 0.000771470 0.000417180 0.000484100 0.000287520 0.000246530 0.000136090 0.000217210 0.000067390 0.000315260 0.000334000 0.000537910 0.000387420 
6     0.000291760 0.000320240 0.000249330 0.000316130 0.000212140 0.000319560 0.000287290 0.000090820 0.000087340 0.000104550 0.000076710 0.000019630 0.000000160 0.000000000 0.000120850 0.000123100 0.000364450 0.000364350 0.000335700 0.000340550 0.000300220 0.000287960 0.000324240 0.000315210 0.000279430 0.000439430 0.000371580 0.000250890 0.000317760 0.000566260 0.000192400 0.000366340 0.000384240 0.000636960 0.000478190 0.000502000 0.000262550 0.000657050 0.000508680 0.000782670 0.000457090 0.000524010 0.000327430 0.000286440 0.000176000 0.000257120 0.000107300 0.000355170 0.000373910 0.000577820 0.000401260 
7     0.000223350 0.000251830 0.000280770 0.000509560 0.000300050 0.000326350 0.000332020 0.000250610 0.000068820 0.000044440 0.000044860 0.000123830 0.000080940 0.000120850 0.000000000 0.000029420 0.000260090 0.000231540 0.000256380 0.000232070 0.000184630 0.000149180 0.000255830 0.000246800 0.000211020 0.000371020 0.000303170 0.000182480 0.000249350 0.000322580 0.000123990 0.000297930 0.000315830 0.000448640 0.000261270 0.000412600 0.000111560 0.000374600 0.000391610 0.000355070 0.000325790 0.000346590 0.000259020 0.000218030 0.000109710 0.000188710 0.000043610 0.000286760 0.000305500 0.000308420 0.000358920 
8     0.000225600 0.000254080 0.000262730 0.000511810 0.000302300 0.000328600 0.000334270 0.000052090 0.000071070 0.000046690 0.000047110 0.000126080 0.000083190 0.000123100 0.000029420 0.000000000 0.000172600 0.000237160 0.000262000 0.000237690 0.000190250 0.000154800 0.000258080 0.000249050 0.000213270 0.000373270 0.000305420 0.000184730 0.000251600 0.000328200 0.000126240 0.000300180 0.000318080 0.000454260 0.000266890 0.000418220 0.000196390 0.000380220 0.000397230 0.000360690 0.000331410 0.000352210 0.000261270 0.000220280 0.000111960 0.000190960 0.000045860 0.000289010 0.000307750 0.000314040 0.000237620 
4     0.000448230 0.000476710 0.000512620 0.000734440 0.000524930 0.000551230 0.000464420 0.000494210 0.000312420 0.000288040 0.000288460 0.000367430 0.000324540 0.000364450 0.000260090 0.000172600 0.000000000 0.000016440 0.000069150 0.000074000 0.000131590 0.000323190 0.000480710 0.000471680 0.000435900 0.000554030 0.000528050 0.000407360 0.000474230 0.000496590 0.000348870 0.000492160 0.000502270 0.000622650 0.000435280 0.000586610 0.000419020 0.000548610 0.000565620 0.000529080 0.000499800 0.000520600 0.000483900 0.000442910 0.000305260 0.000413590 0.000287210 0.000462700 0.000495660 0.000482430 0.000583800 
13     0.000448130 0.000476610 0.000512520 0.000734340 0.000524830 0.000477650 0.000556800 0.000494110 0.000312320 0.000287940 0.000288360 0.000367330 0.000324440 0.000364350 0.000231540 0.000237160 0.000016440 0.000000000 0.000069050 0.000056330 0.000131490 0.000294640 0.000480610 0.000471580 0.000435800 0.000525480 0.000525210 0.000407260 0.000470590 0.000468040 0.000348770 0.000463610 0.000473720 0.000594100 0.000406730 0.000558060 0.000418920 0.000520060 0.000537070 0.000500530 0.000471250 0.000492050 0.000471560 0.000424080 0.000353210 0.000389930 0.000287110 0.000434150 0.000467110 0.000453880 0.000583700 
11     0.000419480 0.000447960 0.000483870 0.000705690 0.000496180 0.000522480 0.000528150 0.000465460 0.000283670 0.000259290 0.000259710 0.000338680 0.000295790 0.000335700 0.000256380 0.000262000 0.000069150 0.000069050 0.000000000 0.000023910 0.000102840 0.000319480 0.000451960 0.000442930 0.000407150 0.000550320 0.000499300 0.000378610 0.000445480 0.000492880 0.000320120 0.000488450 0.000498560 0.000573000 0.000431570 0.000582900 0.000390270 0.000544900 0.000561910 0.000525370 0.000496090 0.000516890 0.000455150 0.000414160 0.000324560 0.000384840 0.000258460 0.000458990 0.000491950 0.000478720 0.000555050 
10     0.000424330 0.000452810 0.000488720 0.000122640 0.000501030 0.000527330 0.000533000 0.000470310 0.000288520 0.000264140 0.000264560 0.000343530 0.000300640 0.000340550 0.000232070 0.000237690 0.000074000 0.000056330 0.000023910 0.000000000 0.000107690 0.000295170 0.000456810 0.000447780 0.000412000 0.000526010 0.000504150 0.000383460 0.000450330 0.000468570 0.000324970 0.000464140 0.000474250 0.000594630 0.000407260 0.000558590 0.000199430 0.000520590 0.000537600 0.000501060 0.000471780 0.000492580 0.000460000 0.000419010 0.000329410 0.000389690 0.000263310 0.000434680 0.000467640 0.000454410 0.000126970 
21     0.000384000 0.000412480 0.000448390 0.000670210 0.000460700 0.000487000 0.000492670 0.000429980 0.000248190 0.000223810 0.000224230 0.000303200 0.000260310 0.000300220 0.000184630 0.000190250 0.000131590 0.000131490 0.000102840 0.000107690 0.000000000 0.000247730 0.000416480 0.000407450 0.000371670 0.000478570 0.000463820 0.000343130 0.000410000 0.000421130 0.000284640 0.000416700 0.000426810 0.000547190 0.000359820 0.000511150 0.000354790 0.000473150 0.000490160 0.000453620 0.000424340 0.000445140 0.000419670 0.000377170 0.000289080 0.000343020 0.000222980 0.000387240 0.000420200 0.000406970 0.000519570 
2     0.000156800 0.000185280 0.000221190 0.000258600 0.000233500 0.000259800 0.000265470 0.000417720 0.000235930 0.000211550 0.000211970 0.000290940 0.000248050 0.000287960 0.000149180 0.000154800 0.000323190 0.000294640 0.000319480 0.000295170 0.000247730 0.000000000 0.000275880 0.000266850 0.000231070 0.000391070 0.000323220 0.000278370 0.000312740 0.000362380 0.000187380 0.000311360 0.000329260 0.000488440 0.000301070 0.000447020 0.000126210 0.000414400 0.000372340 0.000394870 0.000320750 0.000386390 0.000272450 0.000150100 0.000276820 0.000120780 0.000210720 0.000218830 0.000237570 0.000348220 0.000287330 
26     0.000279680 0.000308160 0.000344070 0.000565890 0.000356380 0.000382680 0.000388350 0.000454000 0.000272210 0.000247830 0.000248250 0.000327220 0.000284330 0.000324240 0.000255830 0.000258080 0.000480710 0.000480610 0.000451960 0.000456810 0.000416480 0.000275880 0.000000000 0.000008720 0.000081510 0.000282750 0.000222200 0.000314650 0.000349020 0.000420210 0.000223660 0.000242760 0.000252870 0.000441770 0.000254400 0.000405730 0.000250470 0.000367730 0.000384740 0.000348200 0.000318920 0.000339720 0.000315350 0.000274360 0.000287840 0.000245040 0.000247000 0.000324320 0.000357280 0.000344050 0.000415250 
37     0.000270650 0.000299130 0.000335040 0.000556860 0.000347350 0.000373650 0.000379320 0.000306710 0.000263180 0.000238800 0.000239220 0.000318190 0.000275300 0.000315210 0.000246800 0.000249050 0.000471680 0.000471580 0.000442930 0.000447780 0.000407450 0.000266850 0.000008720 0.000000000 0.000072480 0.000281020 0.000213170 0.000305620 0.000339990 0.000408950 0.000214630 0.000231500 0.000241610 0.000430510 0.000243140 0.000394470 0.000241440 0.000356470 0.000373480 0.000336940 0.000307660 0.000328460 0.000306320 0.000265330 0.000276580 0.000236010 0.000237970 0.000313060 0.000346020 0.000332790 0.000406220 
25     0.000234870 0.000263350 0.000299260 0.000521080 0.000311570 0.000337870 0.000343540 0.000409190 0.000227400 0.000203020 0.000203440 0.000282410 0.000239520 0.000279430 0.000211020 0.000213270 0.000435900 0.000435800 0.000407150 0.000412000 0.000371670 0.000231070 0.000081510 0.000072480 0.000000000 0.000245240 0.000177390 0.000269840 0.000304210 0.000395390 0.000178850 0.000286460 0.000296570 0.000319110 0.000103260 0.000327650 0.000205660 0.000301210 0.000318220 0.000281680 0.000252400 0.000273200 0.000252710 0.000229550 0.000263020 0.000200230 0.000073810 0.000298280 0.000317020 0.000319230 0.000370440 
31     0.000394870 0.000423350 0.000384440 0.000605610 0.000471570 0.000463950 0.000501120 0.000563890 0.000387400 0.000363020 0.000363440 0.000442410 0.000399520 0.000439430 0.000371020 0.000373270 0.000554030 0.000525480 0.000550320 0.000526010 0.000478570 0.000391070 0.000282750 0.000281020 0.000245240 0.000000000 0.000010560 0.000429840 0.000434910 0.000432360 0.000338850 0.000381250 0.000391360 0.000485330 0.000324370 0.000409440 0.000365660 0.000437700 0.000454710 0.000418170 0.000388890 0.000409690 0.000389200 0.000341720 0.000315310 0.000307570 0.000345340 0.000351790 0.000384750 0.000371520 0.000378920 
35     0.000327020 0.000355500 0.000390980 0.000612150 0.000403720 0.000430020 0.000435690 0.000501340 0.000319550 0.000295170 0.000295590 0.000374560 0.000036520 0.000371580 0.000303170 0.000305420 0.000528050 0.000525210 0.000499300 0.000504150 0.000463820 0.000323220 0.000222200 0.000213170 0.000177390 0.000010560 0.000000000 0.000361990 0.000396360 0.000432090 0.000271000 0.000380980 0.000391090 0.000491870 0.000324100 0.000415980 0.000297810 0.000437430 0.000454440 0.000417900 0.000388620 0.000409420 0.000362690 0.000321700 0.000315040 0.000292380 0.000294340 0.000351520 0.000384480 0.000256480 0.000462590 
24     0.000282170 0.000310650 0.000302400 0.000568380 0.000358870 0.000385170 0.000390840 0.000102950 0.000198860 0.000174480 0.000174900 0.000253870 0.000210980 0.000250890 0.000182480 0.000184730 0.000407360 0.000407260 0.000378610 0.000383460 0.000343130 0.000278370 0.000314650 0.000305620 0.000269840 0.000429840 0.000361990 0.000000000 0.000175310 0.000172760 0.000182810 0.000356750 0.000374650 0.000509120 0.000321750 0.000473080 0.000252960 0.000435080 0.000452090 0.000415550 0.000386270 0.000407070 0.000317840 0.000276850 0.000239750 0.000247530 0.000173650 0.000345580 0.000364320 0.000368900 0.000417740 
50     0.000316540 0.000345020 0.000380930 0.000602750 0.000393240 0.000277100 0.000425210 0.000447520 0.000265730 0.000241350 0.000241770 0.000320740 0.000277850 0.000317760 0.000249350 0.000251600 0.000474230 0.000470590 0.000445480 0.000450330 0.000410000 0.000312740 0.000349020 0.000339990 0.000304210 0.000434910 0.000396360 0.000175310 0.000000000 0.000020580 0.000177560 0.000373040 0.000383150 0.000503530 0.000130850 0.000467490 0.000287330 0.000429490 0.000446500 0.000409960 0.000380680 0.000401480 0.000352210 0.000311220 0.000306620 0.000281900 0.000240520 0.000343580 0.000376540 0.000363310 0.000452110 
48     0.000565040 0.000593520 0.000458230 0.000782670 0.000641740 0.000339130 0.000673710 0.000696020 0.000514230 0.000489850 0.000490270 0.000165480 0.000526350 0.000566260 0.000322580 0.000328200 0.000496590 0.000468040 0.000492880 0.000468570 0.000421130 0.000362380 0.000420210 0.000408950 0.000395390 0.000432360 0.000432090 0.000172760 0.000020580 0.000000000 0.000215100 0.000370490 0.000380600 0.000102950 0.000192880 0.000464940 0.000404650 0.000426940 0.000443950 0.000407410 0.000378130 0.000398930 0.000378440 0.000330960 0.000304550 0.000296810 0.000334580 0.000341030 0.000373990 0.000360760 0.000700610 
43     0.000191180 0.000219660 0.000255570 0.000477390 0.000003340 0.000106600 0.000299850 0.000322160 0.000140370 0.000115990 0.000116410 0.000195380 0.000152490 0.000192400 0.000123990 0.000126240 0.000348870 0.000348770 0.000320120 0.000324970 0.000284640 0.000187380 0.000223660 0.000214630 0.000178850 0.000338850 0.000271000 0.000182810 0.000177560 0.000215100 0.000000000 0.000265760 0.000283660 0.000343500 0.000203450 0.000401420 0.000112390 0.000400060 0.000408100 0.000380530 0.000263180 0.000372050 0.000226850 0.000185860 0.000181260 0.000103810 0.000115160 0.000254590 0.000273330 0.000259530 0.000326750 
27     0.000315160 0.000343640 0.000379550 0.000597220 0.000391860 0.000418160 0.000423830 0.000496100 0.000314310 0.000289930 0.000134080 0.000369320 0.000326430 0.000366340 0.000297930 0.000300180 0.000492160 0.000463610 0.000488450 0.000464140 0.000416700 0.000311360 0.000242760 0.000231500 0.000286460 0.000381250 0.000380980 0.000356750 0.000373040 0.000370490 0.000265760 0.000000000 0.000000630 0.000392050 0.000204680 0.000277320 0.000285950 0.000116940 0.000335020 0.000298480 0.000269200 0.000290000 0.000102750 0.000264530 0.000238120 0.000230380 0.000125350 0.000274600 0.000307560 0.000294330 0.000450730 
40     0.000181550 0.000361540 0.000397450 0.000582810 0.000409760 0.000436060 0.000441730 0.000514000 0.000332210 0.000307830 0.000244610 0.000387220 0.000344330 0.000384240 0.000315830 0.000318080 0.000502270 0.000473720 0.000498560 0.000474250 0.000426810 0.000329260 0.000252870 0.000241610 0.000296570 0.000391360 0.000391090 0.000374650 0.000383150 0.000380600 0.000283660 0.000000630 0.000000000 0.000402160 0.000054850 0.000295220 0.000303850 0.000328120 0.000345130 0.000308590 0.000279310 0.000300110 0.000120650 0.000274640 0.000248230 0.000240490 0.000125100 0.000284710 0.000317670 0.000304440 0.000468630 
29     0.000592710 0.000618730 0.000502110 0.000393460 0.000283140 0.000457830 0.000288970 0.000681560 0.000633720 0.000609340 0.000595850 0.000649230 0.000645840 0.000636960 0.000448640 0.000454260 0.000622650 0.000594100 0.000573000 0.000594630 0.000547190 0.000488440 0.000441770 0.000430510 0.000319110 0.000485330 0.000491870 0.000509120 0.000503530 0.000102950 0.000343500 0.000392050 0.000402160 0.000000000 0.000005050 0.000300690 0.000371870 0.000114790 0.000423810 0.000387270 0.000357990 0.000378790 0.000358300 0.000395020 0.000303230 0.000360870 0.000398640 0.000405090 0.000438050 0.000424820 0.000770140 
49     0.000427010 0.000455490 0.000361600 0.000713220 0.000503710 0.000208710 0.000456070 0.000607950 0.000426160 0.000401780 0.000402200 0.000481170 0.000438280 0.000478190 0.000261270 0.000266890 0.000435280 0.000406730 0.000431570 0.000407260 0.000359820 0.000301070 0.000254400 0.000243140 0.000103260 0.000324370 0.000324100 0.000321750 0.000130850 0.000192880 0.000203450 0.000204680 0.000054850 0.000005050 0.000000000 0.000245870 0.000171390 0.000034080 0.000236440 0.000120750 0.000170620 0.000191420 0.000170930 0.000207650 0.000181240 0.000173500 0.000211270 0.000217720 0.000250680 0.000237450 0.000562580 
30     0.000081260 0.000479300 0.000426220 0.000420970 0.000310650 0.000553820 0.000316480 0.000605670 0.000449970 0.000425590 0.000426010 0.000504980 0.000462090 0.000502000 0.000412600 0.000418220 0.000586610 0.000558060 0.000582900 0.000558590 0.000511150 0.000447020 0.000405730 0.000394470 0.000327650 0.000409440 0.000415980 0.000473080 0.000467490 0.000464940 0.000401420 0.000277320 0.000295220 0.000300690 0.000245870 0.000000000 0.000246250 0.000207730 0.000387770 0.000351230 0.000321950 0.000341920 0.000206590 0.000358980 0.000330740 0.000324830 0.000362600 0.000369050 0.000402010 0.000388780 0.000586390 
41     0.000131390 0.000159870 0.000195780 0.000417600 0.000208090 0.000234390 0.000240060 0.000392310 0.000210520 0.000186140 0.000186560 0.000265530 0.000222640 0.000262550 0.000111560 0.000196390 0.000419020 0.000418920 0.000390270 0.000199430 0.000354790 0.000126210 0.000250470 0.000241440 0.000205660 0.000365660 0.000297810 0.000252960 0.000287330 0.000404650 0.000112390 0.000285950 0.000303850 0.000371870 0.000171390 0.000246250 0.000000000 0.000310470 0.000256500 0.000290940 0.000219740 0.000018210 0.000247040 0.000099210 0.000251410 0.000069890 0.000185310 0.000167940 0.000186680 0.000328490 0.000265580 
33     0.000605870 0.000634350 0.000670260 0.000498510 0.000605010 0.000708870 0.000610840 0.000781520 0.000569550 0.000580640 0.000469920 0.000584910 0.000617140 0.000657050 0.000374600 0.000380220 0.000548610 0.000520060 0.000544900 0.000520590 0.000473150 0.000414400 0.000367730 0.000356470 0.000301210 0.000437700 0.000437430 0.000435080 0.000429490 0.000426940 0.000400060 0.000116940 0.000328120 0.000114790 0.000034080 0.000207730 0.000310470 0.000000000 0.000186590 0.000041570 0.000097000 0.000214890 0.000236820 0.000320980 0.000045340 0.000286830 0.000324600 0.000331050 0.000364010 0.000350780 0.000741440 
32     0.000377520 0.000406000 0.000441910 0.000663730 0.000454220 0.000480520 0.000486190 0.000638440 0.000456650 0.000432270 0.000432690 0.000511660 0.000468770 0.000508680 0.000391610 0.000397230 0.000565620 0.000537070 0.000561910 0.000537600 0.000490160 0.000372340 0.000384740 0.000373480 0.000318220 0.000454710 0.000454440 0.000452090 0.000446500 0.000443950 0.000408100 0.000335020 0.000345130 0.000423810 0.000236440 0.000387770 0.000256500 0.000186590 0.000000000 0.000140480 0.000090110 0.000108420 0.000253830 0.000337990 0.000311580 0.000303840 0.000341610 0.000348060 0.000381020 0.000367790 0.000511710 
46     0.000717000 0.000745480 0.000609400 0.000723920 0.000613600 0.000818590 0.000619430 0.000761990 0.000736960 0.000743720 0.000733200 0.000801300 0.000771470 0.000782670 0.000355070 0.000360690 0.000529080 0.000500530 0.000525370 0.000501060 0.000453620 0.000394870 0.000348200 0.000336940 0.000281680 0.000418170 0.000417900 0.000415550 0.000409960 0.000407410 0.000380530 0.000298480 0.000308590 0.000387270 0.000120750 0.000351230 0.000290940 0.000041570 0.000140480 0.000000000 0.000055020 0.000094860 0.000217290 0.000301450 0.000275040 0.000267300 0.000305070 0.000311520 0.000344480 0.000331250 0.000812880 
36     0.000325930 0.000354410 0.000390320 0.000573650 0.000402630 0.000428930 0.000434600 0.000586850 0.000405060 0.000380680 0.000381100 0.000460070 0.000417180 0.000457090 0.000325790 0.000331410 0.000499800 0.000471250 0.000496090 0.000471780 0.000424340 0.000320750 0.000318920 0.000307660 0.000252400 0.000388890 0.000388620 0.000386270 0.000380680 0.000378130 0.000263180 0.000269200 0.000279310 0.000357990 0.000170620 0.000321950 0.000219740 0.000097000 0.000090110 0.000055020 0.000000000 0.000065580 0.000141540 0.000272170 0.000245760 0.000238020 0.000275790 0.000282240 0.000315200 0.000301970 0.000460120 
38     0.000392850 0.000421330 0.000457240 0.000539130 0.000428810 0.000495850 0.000412100 0.000653770 0.000471980 0.000447600 0.000448020 0.000526990 0.000484100 0.000524010 0.000346590 0.000352210 0.000520600 0.000492050 0.000516890 0.000492580 0.000445140 0.000386390 0.000339720 0.000328460 0.000273200 0.000409690 0.000409420 0.000407070 0.000401480 0.000398930 0.000372050 0.000290000 0.000300110 0.000378790 0.000191420 0.000341920 0.000018210 0.000214890 0.000108420 0.000094860 0.000065580 0.000000000 0.000206710 0.000292970 0.000266560 0.000258820 0.000296590 0.000303040 0.000336000 0.000322770 0.000527040 
23     0.000276250 0.000304730 0.000149270 0.000540140 0.000352950 0.000379250 0.000349720 0.000457190 0.000275400 0.000251020 0.000251440 0.000330410 0.000287520 0.000327430 0.000259020 0.000261270 0.000483900 0.000471560 0.000455150 0.000460000 0.000419670 0.000272450 0.000315350 0.000306320 0.000252710 0.000389200 0.000362690 0.000317840 0.000352210 0.000378440 0.000226850 0.000102750 0.000120650 0.000358300 0.000170930 0.000206590 0.000247040 0.000236820 0.000253830 0.000217290 0.000141540 0.000206710 0.000000000 0.000270930 0.000246070 0.000238330 0.000250190 0.000282550 0.000315510 0.000302280 0.000411820 
42     0.000155280 0.000183760 0.000219670 0.000441490 0.000231980 0.000258280 0.000263950 0.000416200 0.000234410 0.000210030 0.000210450 0.000289420 0.000246530 0.000286440 0.000218030 0.000220280 0.000442910 0.000424080 0.000414160 0.000419010 0.000377170 0.000150100 0.000274360 0.000265330 0.000229550 0.000341720 0.000321700 0.000276850 0.000311220 0.000330960 0.000185860 0.000264530 0.000274640 0.000395020 0.000207650 0.000358980 0.000099210 0.000320980 0.000337990 0.000301450 0.000272170 0.000292970 0.000270930 0.000000000 0.000076570 0.000036040 0.000143360 0.000142150 0.000160890 0.000169540 0.000289470 
45     0.000280620 0.000309100 0.000345010 0.000238130 0.000042350 0.000383620 0.000071840 0.000305760 0.000075030 0.000099590 0.000100010 0.000178980 0.000136090 0.000176000 0.000109710 0.000111960 0.000305260 0.000353210 0.000324560 0.000329410 0.000289080 0.000276820 0.000287840 0.000276580 0.000263020 0.000315310 0.000315040 0.000239750 0.000306620 0.000304550 0.000181260 0.000238120 0.000248230 0.000303230 0.000181240 0.000330740 0.000251410 0.000045340 0.000311580 0.000275040 0.000245760 0.000266560 0.000246070 0.000076570 0.000000000 0.000050100 0.000098760 0.000123400 0.000156360 0.000143130 0.000416190 
39     0.000125960 0.000154440 0.000190350 0.000412170 0.000202660 0.000149480 0.000234630 0.000386880 0.000205090 0.000150460 0.000181130 0.000260100 0.000217210 0.000257120 0.000188710 0.000190960 0.000413590 0.000389930 0.000384840 0.000389690 0.000343020 0.000120780 0.000245040 0.000236010 0.000200230 0.000307570 0.000292380 0.000247530 0.000281900 0.000296810 0.000103810 0.000230380 0.000240490 0.000360870 0.000173500 0.000324830 0.000069890 0.000286830 0.000303840 0.000267300 0.000238020 0.000258820 0.000238330 0.000036040 0.000050100 0.000000000 0.000109210 0.000112830 0.000131570 0.000135390 0.000260150 
44     0.000214520 0.000243000 0.000278910 0.000500730 0.000291220 0.000317520 0.000323190 0.000235560 0.000057870 0.000003530 0.000029270 0.000110280 0.000067390 0.000107300 0.000043610 0.000045860 0.000287210 0.000287110 0.000258460 0.000263310 0.000222980 0.000210720 0.000247000 0.000237970 0.000073810 0.000345340 0.000294340 0.000173650 0.000240520 0.000334580 0.000115160 0.000125350 0.000125100 0.000398640 0.000211270 0.000362600 0.000185310 0.000324600 0.000341610 0.000305070 0.000275790 0.000296590 0.000250190 0.000143360 0.000098760 0.000109210 0.000000000 0.000088890 0.000121850 0.000146560 0.000350090 
47     0.000224010 0.000252490 0.000288400 0.000510220 0.000300710 0.000327010 0.000332680 0.000484930 0.000303140 0.000278760 0.000279180 0.000358150 0.000315260 0.000355170 0.000286760 0.000289010 0.000462700 0.000434150 0.000458990 0.000434680 0.000387240 0.000218830 0.000324320 0.000313060 0.000298280 0.000351790 0.000351520 0.000345580 0.000343580 0.000341030 0.000254590 0.000274600 0.000284710 0.000405090 0.000217720 0.000369050 0.000167940 0.000331050 0.000348060 0.000311520 0.000282240 0.000303040 0.000282550 0.000142150 0.000123400 0.000112830 0.000088890 0.000000000 0.000107660 0.000153010 0.000358200 
34     0.000242750 0.000271230 0.000307140 0.000528960 0.000319450 0.000345750 0.000351420 0.000503670 0.000321880 0.000297500 0.000297920 0.000376890 0.000334000 0.000373910 0.000305500 0.000307750 0.000495660 0.000467110 0.000491950 0.000467640 0.000420200 0.000237570 0.000357280 0.000346020 0.000317020 0.000384750 0.000384480 0.000364320 0.000376540 0.000373990 0.000273330 0.000307560 0.000317670 0.000438050 0.000250680 0.000402010 0.000186680 0.000364010 0.000381020 0.000344480 0.000315200 0.000336000 0.000315510 0.000160890 0.000156360 0.000131570 0.000121850 0.000107660 0.000000000 0.000185970 0.000376940 
28     0.000446660 0.000475140 0.000387470 0.000703570 0.000523360 0.000549660 0.000555330 0.000707580 0.000525790 0.000501410 0.000501830 0.000580800 0.000537910 0.000577820 0.000308420 0.000314040 0.000482430 0.000453880 0.000478720 0.000454410 0.000406970 0.000348220 0.000344050 0.000332790 0.000319230 0.000371520 0.000256480 0.000368900 0.000363310 0.000360760 0.000259530 0.000294330 0.000304440 0.000424820 0.000237450 0.000388780 0.000328490 0.000350780 0.000367790 0.000331250 0.000301970 0.000322770 0.000302280 0.000169540 0.000143130 0.000135390 0.000146560 0.000153010 0.000185970 0.000000000 0.000580850 
0     0.000035360 0.000324650 0.000003370 0.000000920 0.000362540 0.000191440 0.000172100 0.000380580 0.000375300 0.000350920 0.000351340 0.000419890 0.000387420 0.000401260 0.000358920 0.000237620 0.000583800 0.000583700 0.000555050 0.000126970 0.000519570 0.000287330 0.000415250 0.000406220 0.000370440 0.000378920 0.000462590 0.000417740 0.000452110 0.000700610 0.000326750 0.000450730 0.000468630 0.000770140 0.000562580 0.000586390 0.000265580 0.000741440 0.000511710 0.000812880 0.000460120 0.000527040 0.000411820 0.000289470 0.000416190 0.000260150 0.000350090 0.000358200 0.000376940 0.000580850 0.000000000 
