51
1     0.000000000 0.080684889 0.066742249 0.081992128 0.077670559 0.083104382 0.075194025 0.094115243 0.093780275 0.093362591 0.090125798 0.102459642 0.100137753 0.099794663 0.114390348 0.116240140 0.159864003 0.160110043 0.165951683 0.160755367 0.162042187 0.125911435 0.133808571 0.129669457 0.152350089 0.133597331 0.134115814 0.148295454 0.139201073 0.143418113 0.136295148 0.134119158 0.134472827 0.165095489 0.119205273 0.148771665 0.134605210 0.141973266 0.161048277 0.147650880 0.139815077 0.147903896 0.133725456 0.135867657 0.126910456 0.122552670 0.132072392 0.136637464 0.145484211 0.144543915 0.226322270 
3     0.080684889 0.000000000 0.085876201 0.101349085 0.097247555 0.102496655 0.094711958 0.114415299 0.114114466 0.113476212 0.110016834 0.122433765 0.120331602 0.120067905 0.132916927 0.134913249 0.178820823 0.178820081 0.184834860 0.179523158 0.181781715 0.145061603 0.153120799 0.148944985 0.171176395 0.152826029 0.153188161 0.167588783 0.158962734 0.162652322 0.156160456 0.153750742 0.154102672 0.184995047 0.139150053 0.168389828 0.154600821 0.162367108 0.181253423 0.168423381 0.160300085 0.168594752 0.154349508 0.154955079 0.146118867 0.141310553 0.151071032 0.155885507 0.164429054 0.163647138 0.247389363 
5     0.066742249 0.085876201 0.000000000 0.063481663 0.058990046 0.064355008 0.056700335 0.077724233 0.077154958 0.076615348 0.073178269 0.085431446 0.083406210 0.083269576 0.096974098 0.099261591 0.143884582 0.143571743 0.149738223 0.144417503 0.146541391 0.109459932 0.118492736 0.114381450 0.136742852 0.118176685 0.118642547 0.132473061 0.123997062 0.127066351 0.120117670 0.118447183 0.119075217 0.149323405 0.103588052 0.132850200 0.119364611 0.126905836 0.147166357 0.133610659 0.125097079 0.133526555 0.118722692 0.119874143 0.111205641 0.106743489 0.116035954 0.120651297 0.129703551 0.128575118 0.211694339 
12     0.081992128 0.101349085 0.063481663 0.000000000 0.065242519 0.070517395 0.062845648 0.093068590 0.092362117 0.091719023 0.088605884 0.100529710 0.099140611 0.098898663 0.111836775 0.114274814 0.158533227 0.158618859 0.164547766 0.159317676 0.160464124 0.123612507 0.132922510 0.128903949 0.151938119 0.133440833 0.133978703 0.147417354 0.138586025 0.142094394 0.135062480 0.133842089 0.134179908 0.164008337 0.118327062 0.147739996 0.134339750 0.141178938 0.160970640 0.147885882 0.139699223 0.147922256 0.133414266 0.134380048 0.125725056 0.121324185 0.131167297 0.136022473 0.144436828 0.143489572 0.227291534 
22     0.077670559 0.097247555 0.058990046 0.065242519 0.000000000 0.043464223 0.035384796 0.087936590 0.086890155 0.086687720 0.083258854 0.095778753 0.093517100 0.093258898 0.108566825 0.110725487 0.155013868 0.154887622 0.160951441 0.155574611 0.157032085 0.120136872 0.129844141 0.125882268 0.148212727 0.129122263 0.129675783 0.143785166 0.134542109 0.138273900 0.131090039 0.129840118 0.130474075 0.160568248 0.115067506 0.144575662 0.130839097 0.139435642 0.158538077 0.145303406 0.136978376 0.145378287 0.130893131 0.130892001 0.122544373 0.118124231 0.127300897 0.132222251 0.140821653 0.140073320 0.224622851 
18     0.083104382 0.102496655 0.064355008 0.070517395 0.043464223 0.000000000 0.026424433 0.093242079 0.092044541 0.091983011 0.088678250 0.101747332 0.099464198 0.099216488 0.113160851 0.115163215 0.159630802 0.159587575 0.165406789 0.160058680 0.161426477 0.124810527 0.134665431 0.130652372 0.152523923 0.134079772 0.134720241 0.147938162 0.139071282 0.142735335 0.136044348 0.133964667 0.134624432 0.164857357 0.119421336 0.149443608 0.135504668 0.143224063 0.162678844 0.149136147 0.140956705 0.149211148 0.134674184 0.134976182 0.126278673 0.121783739 0.131469296 0.136366443 0.144782912 0.143904307 0.228547030 
14     0.075194025 0.094711958 0.056700335 0.062845648 0.035384796 0.026424433 0.000000000 0.085954963 0.084897088 0.084965039 0.081603347 0.094452607 0.092184822 0.091910454 0.105089658 0.107153640 0.151010649 0.150949305 0.156858385 0.151533816 0.153122037 0.116818098 0.127141628 0.123139663 0.144998152 0.126240710 0.126848873 0.140051791 0.131780271 0.135371734 0.127420889 0.126968762 0.127283061 0.157789312 0.112216309 0.141899280 0.128285274 0.136016847 0.155479924 0.142025957 0.133661341 0.141979373 0.127668923 0.127308969 0.118683386 0.114263864 0.124028409 0.128833494 0.137285612 0.136211396 0.220845846 
9     0.094115243 0.114415299 0.077724233 0.093068590 0.087936590 0.093242079 0.085954963 0.000000000 0.034351509 0.033817117 0.029628669 0.046191709 0.043973005 0.043791183 0.105067377 0.107099732 0.150877983 0.150676410 0.156720251 0.151328095 0.152974248 0.116723024 0.125892642 0.122071289 0.144261658 0.125224448 0.125396762 0.139960185 0.131432551 0.134981212 0.128421159 0.125682744 0.126440326 0.156250863 0.111481736 0.139617091 0.125574008 0.133237136 0.153224218 0.139451133 0.130771741 0.139433655 0.126187864 0.127735475 0.118899617 0.113737488 0.123259350 0.127942638 0.136760041 0.135802429 0.220522736 
19     0.093780275 0.114114466 0.077154958 0.092362117 0.086890155 0.092044541 0.084897088 0.034351509 0.000000000 0.028258036 0.024257938 0.046886858 0.044597865 0.044464782 0.104076804 0.106357091 0.150245502 0.149824266 0.156061343 0.150659359 0.152301967 0.115882020 0.124509102 0.120687749 0.143103712 0.123975046 0.124139761 0.139315800 0.129998088 0.133667333 0.127889616 0.125529135 0.126236383 0.154817995 0.110825405 0.139346968 0.125344956 0.133402651 0.152696757 0.139288245 0.130756078 0.139254836 0.126001083 0.126934970 0.117990689 0.113586347 0.122697203 0.127382843 0.136235202 0.135331845 0.219491155 
16     0.093362591 0.113476212 0.076615348 0.091719023 0.086687720 0.091983011 0.084965039 0.033817117 0.028258036 0.000000000 0.023527752 0.046527365 0.043994015 0.043765368 0.104447050 0.106832232 0.150208338 0.149743871 0.155824541 0.150417735 0.152155342 0.115656855 0.124968392 0.121148014 0.143546100 0.124557608 0.124715026 0.139445960 0.130394981 0.134351221 0.128095755 0.125269535 0.126074795 0.155764897 0.110940331 0.139382987 0.125379723 0.133166114 0.152747373 0.139310840 0.130738400 0.139216123 0.125725551 0.127255629 0.118359876 0.113796706 0.122915843 0.127861095 0.136614669 0.135309451 0.219339918 
20     0.090125798 0.110016834 0.073178269 0.088605884 0.083258854 0.088678250 0.081603347 0.029628669 0.024257938 0.023527752 0.000000000 0.041958172 0.039938209 0.039841216 0.100821583 0.103029488 0.146518886 0.146192268 0.152642225 0.146926203 0.148840340 0.112618160 0.121555042 0.117807142 0.140070429 0.120961830 0.121025885 0.136206283 0.127057806 0.130716521 0.124557262 0.122080543 0.122842026 0.152904781 0.108048613 0.136343623 0.122428701 0.130413846 0.149923883 0.136410788 0.127883654 0.136372368 0.122992813 0.124001029 0.115141618 0.110567826 0.119664522 0.124413790 0.133120909 0.132158419 0.216061114 
17     0.102459642 0.122433765 0.085431446 0.100529710 0.095778753 0.101747332 0.094452607 0.046191709 0.046886858 0.046527365 0.041958172 0.000000000 0.028335871 0.028029796 0.111124987 0.113327981 0.156558961 0.156237363 0.163056435 0.157066629 0.159030409 0.123435760 0.132449268 0.128620474 0.151104385 0.132062467 0.132202703 0.147247710 0.138744355 0.142233849 0.135733900 0.133274004 0.134080377 0.163103356 0.118533029 0.146414715 0.132718072 0.140776879 0.160534686 0.146872578 0.138436135 0.146885474 0.133536769 0.134539955 0.125711853 0.121233099 0.130344340 0.135040815 0.144031041 0.142704575 0.228383970 
15     0.100137753 0.120331602 0.083406210 0.099140611 0.093517100 0.099464198 0.092184822 0.043973005 0.044597865 0.043994015 0.039938209 0.028335871 0.000000000 0.014171989 0.109905343 0.112221956 0.155683595 0.155240700 0.161999044 0.155875671 0.158064155 0.122136056 0.131060312 0.127240682 0.149724707 0.130501188 0.130669463 0.145735807 0.137158672 0.140578972 0.134397996 0.131387211 0.132195735 0.161590656 0.117159593 0.145144702 0.131390566 0.139157485 0.158651327 0.145116558 0.136649688 0.145118589 0.131996269 0.133190805 0.124361774 0.119955755 0.128940160 0.133815775 0.142587810 0.141389344 0.226549543 
6     0.099794663 0.120067905 0.083269576 0.098898663 0.093258898 0.099216488 0.091910454 0.043791183 0.044464782 0.043765368 0.039841216 0.028029796 0.014171989 0.000000000 0.109856974 0.112174122 0.155434829 0.154990485 0.161749624 0.155630297 0.157814734 0.121883441 0.130822217 0.127002586 0.149417866 0.130197554 0.130369858 0.145610134 0.137181532 0.140601872 0.134341817 0.131222003 0.132030527 0.161052121 0.116781925 0.144631895 0.130900189 0.138678329 0.158136713 0.144657866 0.136174878 0.144645053 0.131532686 0.132892034 0.124055472 0.119654451 0.128626495 0.133504936 0.142276971 0.141086345 0.226232364 
7     0.114390348 0.132916927 0.096974098 0.111836775 0.108566825 0.113160851 0.105089658 0.105067377 0.104076804 0.104447050 0.100821583 0.111124987 0.109905343 0.109856974 0.000000000 0.025414341 0.097766253 0.096589383 0.102840431 0.097247183 0.099349802 0.089635239 0.116354926 0.112623761 0.133148630 0.114851278 0.115685686 0.129229796 0.121286096 0.124913852 0.116846127 0.115860139 0.116418495 0.144625193 0.100561589 0.129216729 0.115437726 0.123934488 0.143091762 0.130014304 0.121756028 0.129472837 0.116508533 0.117052202 0.108547028 0.104236822 0.113122884 0.117373618 0.125770204 0.125702883 0.211345541 
8     0.116240140 0.134913249 0.099261591 0.114274814 0.110725487 0.115163215 0.107153640 0.107099732 0.106357091 0.106832232 0.103029488 0.113327981 0.112221956 0.112174122 0.025414341 0.000000000 0.097805022 0.096742246 0.103601188 0.097345711 0.099800700 0.091141790 0.118544879 0.114810827 0.135711452 0.117489329 0.118359113 0.130690322 0.123424638 0.126961522 0.118700181 0.117511795 0.118070978 0.146284848 0.102463967 0.130983443 0.117427127 0.125698073 0.144811957 0.132033097 0.123677390 0.130989600 0.118311628 0.118952997 0.110386978 0.106269798 0.114990880 0.119428962 0.127735446 0.127360347 0.213491394 
4     0.159864003 0.178820823 0.143884582 0.158533227 0.155013868 0.159630802 0.151010649 0.150877983 0.150245502 0.150208338 0.146518886 0.156558961 0.155683595 0.155434829 0.097766253 0.097805022 0.000000000 0.027846652 0.054278848 0.046966157 0.069851039 0.133286981 0.161549498 0.156815115 0.179333520 0.158315198 0.159411754 0.174351397 0.166107021 0.170269031 0.162454604 0.160953268 0.161815465 0.190689619 0.146851371 0.175701552 0.161932020 0.169234115 0.188760983 0.175692362 0.167737651 0.174870961 0.161701953 0.160287902 0.152039867 0.148692876 0.156638378 0.161678484 0.169492841 0.169791712 0.257311085 
13     0.160110043 0.178820081 0.143571743 0.158618859 0.154887622 0.159587575 0.150949305 0.150676410 0.149824266 0.149743871 0.146192268 0.156237363 0.155240700 0.154990485 0.096589383 0.096742246 0.027846652 0.000000000 0.054097541 0.045983312 0.069108794 0.132952853 0.161132004 0.156502333 0.178765248 0.157913793 0.159014546 0.173653927 0.165784270 0.169883905 0.162193637 0.159728521 0.160569319 0.189913550 0.145754592 0.174817149 0.160912898 0.167878459 0.187658421 0.174809613 0.166670980 0.173618567 0.160880142 0.159987090 0.151632141 0.148125751 0.156366043 0.161213659 0.169018577 0.169225084 0.256269255 
11     0.165951683 0.184834860 0.149738223 0.164547766 0.160951441 0.165406789 0.156858385 0.156720251 0.156061343 0.155824541 0.152642225 0.163056435 0.161999044 0.161749624 0.102840431 0.103601188 0.054278848 0.054097541 0.000000000 0.044753939 0.076855563 0.139148787 0.167073534 0.162427806 0.184649058 0.163609244 0.164828795 0.179450745 0.171488583 0.175624395 0.167938197 0.166838669 0.167758194 0.196242952 0.152135665 0.180572650 0.167019612 0.174096197 0.194167252 0.181113324 0.172764480 0.179848172 0.167091858 0.165832089 0.157623691 0.154330852 0.162417192 0.167046757 0.174966728 0.175202190 0.263412608 
10     0.160755367 0.179523158 0.144417503 0.159317676 0.155574611 0.160058680 0.151533816 0.151328095 0.150659359 0.150417735 0.146926203 0.157066629 0.155875671 0.155630297 0.097247183 0.097345711 0.046966157 0.045983312 0.044753939 0.000000000 0.070258974 0.133764515 0.161937938 0.157248670 0.179395105 0.158454561 0.159548004 0.174944352 0.166883208 0.170854301 0.163251517 0.161339114 0.162229390 0.190572495 0.146830103 0.175281650 0.161538263 0.169067415 0.188163848 0.175461336 0.167126759 0.174183895 0.161532257 0.161156848 0.153098745 0.149583653 0.157652086 0.162396447 0.170415034 0.170527535 0.258703708 
21     0.162042187 0.181781715 0.146541391 0.160464124 0.157032085 0.161426477 0.153122037 0.152974248 0.152301967 0.152155342 0.148840340 0.159030409 0.158064155 0.157814734 0.099349802 0.099800700 0.069851039 0.069108794 0.076855563 0.070258974 0.000000000 0.135431006 0.163675358 0.159777148 0.181210171 0.160431724 0.161614403 0.176019611 0.167613351 0.171890932 0.164487267 0.163563072 0.164416672 0.192612090 0.148925070 0.177569181 0.164146088 0.171751210 0.191355426 0.178086177 0.170154683 0.177264751 0.164770395 0.162960040 0.155302497 0.151475698 0.159876960 0.164441527 0.172399028 0.172590130 0.260135602 
2     0.125911435 0.145061603 0.109459932 0.123612507 0.120136872 0.124810527 0.116818098 0.116723024 0.115882020 0.115656855 0.112618160 0.123435760 0.122136056 0.121883441 0.089635239 0.091141790 0.133286981 0.132952853 0.139148787 0.133764515 0.135431006 0.000000000 0.126602043 0.122832178 0.143920004 0.125024916 0.126300246 0.138885092 0.130790595 0.133945411 0.127207740 0.126928818 0.126938100 0.156665709 0.112090907 0.139733870 0.126377862 0.135168065 0.154199136 0.141333663 0.133041154 0.140826254 0.127655643 0.127450705 0.118613592 0.114605515 0.123662159 0.128024448 0.136395036 0.135413057 0.224156120 
26     0.133808571 0.153120799 0.118492736 0.132922510 0.129844141 0.134665431 0.127141628 0.125892642 0.124509102 0.124968392 0.121555042 0.132449268 0.131060312 0.130822217 0.116354926 0.118544879 0.161549498 0.161132004 0.167073534 0.161937938 0.163675358 0.126602043 0.000000000 0.020109319 0.087995620 0.077167559 0.078207337 0.126297395 0.117669826 0.121195614 0.114167011 0.122847838 0.122651017 0.151946178 0.107357774 0.136096261 0.121943214 0.131227058 0.150753035 0.136131830 0.128337832 0.135511619 0.123416741 0.123178300 0.113962186 0.110349788 0.119208928 0.123055282 0.132032086 0.131400529 0.231039242 
37     0.129669457 0.148944985 0.114381450 0.128903949 0.125882268 0.130652372 0.123139663 0.122071289 0.120687749 0.121148014 0.117807142 0.128620474 0.127240682 0.127002586 0.112623761 0.114810827 0.156815115 0.156502333 0.162427806 0.157248670 0.159777148 0.122832178 0.020109319 0.000000000 0.085643736 0.074614646 0.075654705 0.123310915 0.114749492 0.118263428 0.111230581 0.119296266 0.119058901 0.148282048 0.103760970 0.132326278 0.118341703 0.127340988 0.146957218 0.132473407 0.124697636 0.131859935 0.119622426 0.119848124 0.110653695 0.107112610 0.115906697 0.119492698 0.128682662 0.128095521 0.227556833 
25     0.152350089 0.171176395 0.136742852 0.151938119 0.148212727 0.152523923 0.144998152 0.144261658 0.143103712 0.143546100 0.140070429 0.151104385 0.149724707 0.149417866 0.133148630 0.135711452 0.179333520 0.178765248 0.184649058 0.179395105 0.181210171 0.143920004 0.087995620 0.085643736 0.000000000 0.093734451 0.094699421 0.142184439 0.133265670 0.136953889 0.129864994 0.139982122 0.139823627 0.168371122 0.124818425 0.152391419 0.138450178 0.148140580 0.167355134 0.153466903 0.145655937 0.152394317 0.140353404 0.139841832 0.130745529 0.126983275 0.136066958 0.140075207 0.148834510 0.147992572 0.247204294 
31     0.133597331 0.152826029 0.118176685 0.133440833 0.129122263 0.134079772 0.126240710 0.125224448 0.123975046 0.124557608 0.120961830 0.132062467 0.130501188 0.130197554 0.114851278 0.117489329 0.158315198 0.157913793 0.163609244 0.158454561 0.160431724 0.125024916 0.077167559 0.074614646 0.093734451 0.000000000 0.020130798 0.125108931 0.116478791 0.119926799 0.112852887 0.120845940 0.120900778 0.148891401 0.105425799 0.132924046 0.119438974 0.128993814 0.148576392 0.134457242 0.126679996 0.133887515 0.121404067 0.120951478 0.111932857 0.107869942 0.116647817 0.120567534 0.129025386 0.128924702 0.228910074 
35     0.134115814 0.153188161 0.118642547 0.133978703 0.129675783 0.134720241 0.126848873 0.125396762 0.124139761 0.124715026 0.121025885 0.132202703 0.130669463 0.130369858 0.115685686 0.118359113 0.159411754 0.159014546 0.164828795 0.159548004 0.161614403 0.126300246 0.078207337 0.075654705 0.094699421 0.020130798 0.000000000 0.125731132 0.116973769 0.120576078 0.113250670 0.121519709 0.121504256 0.150240303 0.106308893 0.134080960 0.120523254 0.130209223 0.149548676 0.135272964 0.127589463 0.134853669 0.122305661 0.121909081 0.112838370 0.108809516 0.117570316 0.121626422 0.130134239 0.129729994 0.230146088 
24     0.148295454 0.167588783 0.132473061 0.147417354 0.143785166 0.147938162 0.140051791 0.139960185 0.139315800 0.139445960 0.136206283 0.147247710 0.145735807 0.145610134 0.129229796 0.130690322 0.174351397 0.173653927 0.179450745 0.174944352 0.176019611 0.138885092 0.126297395 0.123310915 0.142184439 0.125108931 0.125731132 0.000000000 0.087381628 0.090348441 0.087740935 0.134714299 0.133602214 0.164332844 0.119984016 0.148410884 0.133922172 0.142649424 0.161828189 0.148600461 0.140812521 0.147885411 0.134917003 0.135791657 0.127040202 0.122306883 0.131471150 0.136287186 0.144506599 0.144802768 0.240739418 
50     0.139201073 0.158962734 0.123997062 0.138586025 0.134542109 0.139071282 0.131780271 0.131432551 0.129998088 0.130394981 0.127057806 0.138744355 0.137158672 0.137181532 0.121286096 0.123424638 0.166107021 0.165784270 0.171488583 0.166883208 0.167613351 0.130790595 0.117669826 0.114749492 0.133265670 0.116478791 0.116973769 0.087381628 0.000000000 0.044995046 0.079447103 0.126283480 0.126044211 0.154845447 0.110944454 0.138684694 0.124768843 0.134381492 0.153345822 0.139811790 0.132301147 0.139325555 0.125951316 0.127658760 0.118607628 0.114085477 0.122716209 0.126482683 0.135181084 0.135541321 0.231818693 
48     0.143418113 0.162652322 0.127066351 0.142094394 0.138273900 0.142735335 0.135371734 0.134981212 0.133667333 0.134351221 0.130716521 0.142233849 0.140578972 0.140601872 0.124913852 0.126961522 0.170269031 0.169883905 0.175624395 0.170854301 0.171890932 0.133945411 0.121195614 0.118263428 0.136953889 0.119926799 0.120576078 0.090348441 0.044995046 0.000000000 0.082878383 0.129406060 0.129206088 0.158342436 0.114334334 0.142037740 0.127736558 0.137789336 0.156296409 0.142623314 0.135155670 0.142549554 0.129410806 0.130684909 0.122071744 0.117628361 0.126400273 0.130645621 0.139016225 0.139222092 0.235034165 
43     0.136295148 0.156160456 0.120117670 0.135062480 0.131090039 0.136044348 0.127420889 0.128421159 0.127889616 0.128095755 0.124557262 0.135733900 0.134397996 0.134341817 0.116846127 0.118700181 0.162454604 0.162193637 0.167938197 0.163251517 0.164487267 0.127207740 0.114167011 0.111230581 0.129864994 0.112852887 0.113250670 0.087740935 0.079447103 0.082878383 0.000000000 0.123142871 0.122496093 0.152192515 0.107948084 0.135219428 0.121553383 0.131518895 0.149707031 0.136322929 0.128648820 0.136088456 0.122220893 0.124223579 0.115579673 0.111125062 0.119742961 0.124595748 0.132946847 0.132573551 0.228175885 
27     0.134119158 0.153750742 0.118447183 0.133842089 0.129840118 0.133964667 0.126968762 0.125682744 0.125529135 0.125269535 0.122080543 0.133274004 0.131387211 0.131222003 0.115860139 0.117511795 0.160953268 0.159728521 0.166838669 0.161339114 0.163563072 0.126928818 0.122847838 0.119296266 0.139982122 0.120845940 0.121519709 0.134714299 0.126283480 0.129406060 0.123142871 0.000000000 0.024095981 0.129086778 0.083683202 0.112260475 0.097894702 0.108241412 0.126821601 0.113883800 0.105733592 0.112824600 0.099724714 0.115283888 0.105474950 0.100678309 0.109522779 0.114227957 0.123368711 0.121631393 0.227036067 
40     0.134472827 0.154102672 0.119075217 0.134179908 0.130474075 0.134624432 0.127283061 0.126440326 0.126236383 0.126074795 0.122842026 0.134080377 0.132195735 0.132030527 0.116418495 0.118070978 0.161815465 0.160569319 0.167758194 0.162229390 0.164416672 0.126938100 0.122651017 0.119058901 0.139823627 0.120900778 0.121504256 0.133602214 0.126044211 0.129206088 0.122496093 0.024095981 0.000000000 0.129823368 0.084296748 0.112701177 0.098253668 0.108575023 0.126937463 0.114320661 0.105972043 0.113186457 0.099751617 0.115557726 0.105725315 0.100951267 0.110226856 0.114909720 0.124056571 0.122454098 0.226694884 
29     0.165095489 0.184995047 0.149323405 0.164008337 0.160568248 0.164857357 0.157789312 0.156250863 0.154817995 0.155764897 0.152904781 0.163103356 0.161590656 0.161052121 0.144625193 0.146284848 0.190689619 0.189913550 0.196242952 0.190572495 0.192612090 0.156665709 0.151946178 0.148282048 0.168371122 0.148891401 0.150240303 0.164332844 0.154845447 0.158342436 0.152192515 0.129086778 0.129823368 0.000000000 0.090071990 0.130772299 0.115400758 0.125769900 0.144377552 0.131643428 0.123947708 0.130976319 0.118321655 0.143975637 0.134391353 0.130529029 0.138487672 0.142028564 0.152363330 0.151153963 0.260971630 
49     0.119205273 0.139150053 0.103588052 0.118327062 0.115067506 0.119421336 0.112216309 0.111481736 0.110825405 0.110940331 0.108048613 0.118533029 0.117159593 0.116781925 0.100561589 0.102463967 0.146851371 0.145754592 0.152135665 0.146830103 0.148925070 0.112090907 0.107357774 0.103760970 0.124818425 0.105425799 0.106308893 0.119984016 0.110944454 0.114334334 0.107948084 0.083683202 0.084296748 0.090071990 0.000000000 0.087073485 0.072470497 0.081691438 0.100160025 0.087382446 0.079146336 0.086517776 0.074828451 0.098789463 0.089602121 0.085246850 0.094252517 0.098253616 0.107932292 0.106489117 0.212397823 
30     0.148771665 0.168389828 0.132850200 0.147739996 0.144575662 0.149443608 0.141899280 0.139617091 0.139346968 0.139382987 0.136343623 0.146414715 0.145144702 0.144631895 0.129216729 0.130983443 0.175701552 0.174817149 0.180572650 0.175281650 0.177569181 0.139733870 0.136096261 0.132326278 0.152391419 0.132924046 0.134080960 0.148410884 0.138684694 0.142037740 0.135219428 0.112260475 0.112701177 0.130772299 0.087073485 0.000000000 0.072849047 0.107835444 0.127510767 0.115031330 0.106928524 0.113638390 0.100675734 0.128161275 0.118364775 0.114273369 0.122385872 0.126838377 0.136544372 0.135196618 0.243579179 
41     0.134605210 0.154600821 0.119364611 0.134339750 0.130839097 0.135504668 0.128285274 0.125574008 0.125344956 0.125379723 0.122428701 0.132718072 0.131390566 0.130900189 0.115437726 0.117427127 0.161932020 0.160912898 0.167019612 0.161538263 0.164146088 0.126377862 0.121943214 0.118341703 0.138450178 0.119438974 0.120523254 0.133922172 0.124768843 0.127736558 0.121553383 0.097894702 0.098253668 0.115400758 0.072470497 0.072849047 0.000000000 0.093041216 0.111954311 0.099663704 0.091522133 0.098351200 0.086075663 0.114421864 0.104457659 0.100270193 0.109270771 0.113319310 0.123180760 0.121558951 0.229288559 
33     0.141973266 0.162367108 0.126905836 0.141178938 0.139435642 0.143224063 0.136016847 0.133237136 0.133402651 0.133166114 0.130413846 0.140776879 0.139157485 0.138678329 0.123934488 0.125698073 0.169234115 0.167878459 0.174096197 0.169067415 0.171751210 0.135168065 0.131227058 0.127340988 0.148140580 0.128993814 0.130209223 0.142649424 0.134381492 0.137789336 0.131518895 0.108241412 0.108575023 0.125769900 0.081691438 0.107835444 0.093041216 0.000000000 0.090086686 0.078349913 0.070100798 0.077008105 0.064025908 0.123019638 0.113303908 0.109583442 0.118451808 0.122112963 0.131913666 0.130787720 0.237705993 
32     0.161048277 0.181253423 0.147166357 0.160970640 0.158538077 0.162678844 0.155479924 0.153224218 0.152696757 0.152747373 0.149923883 0.160534686 0.158651327 0.158136713 0.143091762 0.144811957 0.188760983 0.187658421 0.194167252 0.188163848 0.191355426 0.154199136 0.150753035 0.146957218 0.167355134 0.148576392 0.149548676 0.161828189 0.153345822 0.156296409 0.149707031 0.126821601 0.126937463 0.144377552 0.100160025 0.127510767 0.111954311 0.090086686 0.000000000 0.064934931 0.056339811 0.062613004 0.071219347 0.142238067 0.132575016 0.127752017 0.137556134 0.141805421 0.151102133 0.150411267 0.257575202 
46     0.147650880 0.168423381 0.133610659 0.147885882 0.145303406 0.149136147 0.142025957 0.139451133 0.139288245 0.139310840 0.136410788 0.146872578 0.145116558 0.144657866 0.130014304 0.132033097 0.175692362 0.174809613 0.181113324 0.175461336 0.178086177 0.141333663 0.136131830 0.132473407 0.153466903 0.134457242 0.135272964 0.148600461 0.139811790 0.142623314 0.136322929 0.113883800 0.114320661 0.131643428 0.087382446 0.115031330 0.099663704 0.078349913 0.064934931 0.000000000 0.030171080 0.042627096 0.060818113 0.128666609 0.118883027 0.114035273 0.123751713 0.127796447 0.137156552 0.136348390 0.245619084 
36     0.139815077 0.160300085 0.125097079 0.139699223 0.136978376 0.140956705 0.133661341 0.130771741 0.130756078 0.130738400 0.127883654 0.138436135 0.136649688 0.136174878 0.121756028 0.123677390 0.167737651 0.166670980 0.172764480 0.167126759 0.170154683 0.133041154 0.128337832 0.124697636 0.145655937 0.126679996 0.127589463 0.140812521 0.132301147 0.135155670 0.128648820 0.105733592 0.105972043 0.123947708 0.079146336 0.106928524 0.091522133 0.070100798 0.056339811 0.030171080 0.000000000 0.033684491 0.052372934 0.120162941 0.110341549 0.105422865 0.115026780 0.119077818 0.128386042 0.127659181 0.235984751 
38     0.147903896 0.168594752 0.133526555 0.147922256 0.145378287 0.149211148 0.141979373 0.139433655 0.139254836 0.139216123 0.136372368 0.146885474 0.145118589 0.144645053 0.129472837 0.130989600 0.174870961 0.173618567 0.179848172 0.174183895 0.177264751 0.140826254 0.135511619 0.131859935 0.152394317 0.133887515 0.134853669 0.147885411 0.139325555 0.142549554 0.136088456 0.112824600 0.113186457 0.130976319 0.086517776 0.113638390 0.098351200 0.077008105 0.062613004 0.042627096 0.033684491 0.000000000 0.058292076 0.128061442 0.118621190 0.113462251 0.123249856 0.127574493 0.136820718 0.135631445 0.243000630 
23     0.133725456 0.154349508 0.118722692 0.133414266 0.130893131 0.134674184 0.127668923 0.126187864 0.126001083 0.125725551 0.122992813 0.133536769 0.131996269 0.131532686 0.116508533 0.118311628 0.161701953 0.160880142 0.167091858 0.161532257 0.164770395 0.127655643 0.123416741 0.119622426 0.140353404 0.121404067 0.122305661 0.134917003 0.125951316 0.129410806 0.122220893 0.099724714 0.099751617 0.118321655 0.074828451 0.100675734 0.086075663 0.064025908 0.071219347 0.060818113 0.052372934 0.058292076 0.000000000 0.114450476 0.104928526 0.100643279 0.110149451 0.114290915 0.124001275 0.122943142 0.229968882 
42     0.135867657 0.154955079 0.119874143 0.134380048 0.130892001 0.134976182 0.127308969 0.127735475 0.126934970 0.127255629 0.124001029 0.134539955 0.133190805 0.132892034 0.117052202 0.118952997 0.160287902 0.159987090 0.165832089 0.161156848 0.162960040 0.127450705 0.123178300 0.119848124 0.139841832 0.120951478 0.121909081 0.135791657 0.127658760 0.130684909 0.124223579 0.115283888 0.115557726 0.143975637 0.098789463 0.128161275 0.114421864 0.123019638 0.142238067 0.128666609 0.120162941 0.128061442 0.114450476 0.000000000 0.036804372 0.049250620 0.063027964 0.068523855 0.076090767 0.075647788 0.231674386 
45     0.126910456 0.146118867 0.111205641 0.125725056 0.122544373 0.126278673 0.118683386 0.118899617 0.117990689 0.118359876 0.115141618 0.125711853 0.124361774 0.124055472 0.108547028 0.110386978 0.152039867 0.151632141 0.157623691 0.153098745 0.155302497 0.118613592 0.113962186 0.110653695 0.130745529 0.111932857 0.112838370 0.127040202 0.118607628 0.122071744 0.115579673 0.105474950 0.105725315 0.134391353 0.089602121 0.118364775 0.104457659 0.113303908 0.132575016 0.118883027 0.110341549 0.118621190 0.104928526 0.036804372 0.000000000 0.039982019 0.053412154 0.059206945 0.066699128 0.066342939 0.222859818 
39     0.122552670 0.141310553 0.106743489 0.121324185 0.118124231 0.121783739 0.114263864 0.113737488 0.113586347 0.113796706 0.110567826 0.121233099 0.119955755 0.119654451 0.104236822 0.106269798 0.148692876 0.148125751 0.154330852 0.149583653 0.151475698 0.114605515 0.110349788 0.107112610 0.126983275 0.107869942 0.108809516 0.122306883 0.114085477 0.117628361 0.111125062 0.100678309 0.100951267 0.130529029 0.085246850 0.114273369 0.100270193 0.109583442 0.127752017 0.114035273 0.105422865 0.113462251 0.100643279 0.049250620 0.039982019 0.000000000 0.050816242 0.056692655 0.064244568 0.063321311 0.219104199 
44     0.132072392 0.151071032 0.116035954 0.131167297 0.127300897 0.131469296 0.124028409 0.123259350 0.122697203 0.122915843 0.119664522 0.130344340 0.128940160 0.128626495 0.113122884 0.114990880 0.156638378 0.156366043 0.162417192 0.157652086 0.159876960 0.123662159 0.119208928 0.115906697 0.136066958 0.116647817 0.117570316 0.131471150 0.122716209 0.126400273 0.119742961 0.109522779 0.110226856 0.138487672 0.094252517 0.122385872 0.109270771 0.118451808 0.137556134 0.123751713 0.115026780 0.123249856 0.110149451 0.063027964 0.053412154 0.050816242 0.000000000 0.043592426 0.051333272 0.060156753 0.227691584 
47     0.136637464 0.155885507 0.120651297 0.136022473 0.132222251 0.136366443 0.128833494 0.127942638 0.127382843 0.127861095 0.124413790 0.135040815 0.133815775 0.133504936 0.117373618 0.119428962 0.161678484 0.161213659 0.167046757 0.162396447 0.164441527 0.128024448 0.123055282 0.119492698 0.140075207 0.120567534 0.121626422 0.136287186 0.126482683 0.130645621 0.124595748 0.114227957 0.114909720 0.142028564 0.098253616 0.126838377 0.113319310 0.122112963 0.141805421 0.127796447 0.119077818 0.127574493 0.114290915 0.068523855 0.059206945 0.056692655 0.043592426 0.000000000 0.036078539 0.065237669 0.232627125 
34     0.145484211 0.164429054 0.129703551 0.144436828 0.140821653 0.144782912 0.137285612 0.136760041 0.136235202 0.136614669 0.133120909 0.144031041 0.142587810 0.142276971 0.125770204 0.127735446 0.169492841 0.169018577 0.174966728 0.170415034 0.172399028 0.136395036 0.132032086 0.128682662 0.148834510 0.129025386 0.130134239 0.144506599 0.135181084 0.139016225 0.132946847 0.123368711 0.124056571 0.152363330 0.107932292 0.136544372 0.123180760 0.131913666 0.151102133 0.137156552 0.128386042 0.136820718 0.124001275 0.076090767 0.066699128 0.064244568 0.051333272 0.036078539 0.000000000 0.072994985 0.240896026 
28     0.144543915 0.163647138 0.128575118 0.143489572 0.140073320 0.143904307 0.136211396 0.135802429 0.135331845 0.135309451 0.132158419 0.142704575 0.141389344 0.141086345 0.125702883 0.127360347 0.169791712 0.169225084 0.175202190 0.170527535 0.172590130 0.135413057 0.131400529 0.128095521 0.147992572 0.128924702 0.129729994 0.144802768 0.135541321 0.139222092 0.132573551 0.121631393 0.122454098 0.151153963 0.106489117 0.135196618 0.121558951 0.130787720 0.150411267 0.136348390 0.127659181 0.135631445 0.122943142 0.075647788 0.066342939 0.063321311 0.060156753 0.065237669 0.072994985 0.000000000 0.239879696 
0     0.226322270 0.247389363 0.211694339 0.227291534 0.224622851 0.228547030 0.220845846 0.220522736 0.219491155 0.219339918 0.216061114 0.228383970 0.226549543 0.226232364 0.211345541 0.213491394 0.257311085 0.256269255 0.263412608 0.258703708 0.260135602 0.224156120 0.231039242 0.227556833 0.247204294 0.228910074 0.230146088 0.240739418 0.231818693 0.235034165 0.228175885 0.227036067 0.226694884 0.260971630 0.212397823 0.243579179 0.229288559 0.237705993 0.257575202 0.245619084 0.235984751 0.243000630 0.229968882 0.231674386 0.222859818 0.219104199 0.227691584 0.232627125 0.240896026 0.239879696 0.000000000 
