51
3     0.000000000 0.022936770 0.040239450 0.029088290 0.082268820 0.047522260 0.071050540 0.025092140 0.116506530 0.108052370 0.022941250 0.062719940 0.029757600 0.029757850 0.273064190 0.001968300 0.161477450 0.125725710 0.139395280 0.134507750 0.137603670 0.107906600 0.248288420 0.152648590 0.152054690 0.091747720 0.106703600 0.005207160 0.005136100 0.008567690 0.081363570 0.219013460 0.109158800 0.104066240 0.115876530 0.134433740 0.002641450 0.128650500 0.093868560 0.002563270 0.134457950 0.220876930 0.064289700 0.088327480 0.071898530 0.230079380 0.087425210 0.064422440 0.205210470 0.002606560 0.319976340 
4     0.022936770 0.000000000 0.057142800 0.054399420 0.077293950 0.075372270 0.083297290 0.058329820 0.171575350 0.248041970 0.267717660 0.273350060 0.241380940 0.248533490 0.215007490 0.068627650 0.165675700 0.163754720 0.207664200 0.204109940 0.191354980 0.171776680 0.202237480 0.202596970 0.180098470 0.095945970 0.110901850 0.120814090 0.272668040 0.268951990 0.118320770 0.223211710 0.113357050 0.108264490 0.120074780 0.138631990 0.109863410 0.132848750 0.182133470 0.224937750 0.111991210 0.225177090 0.338116370 0.259385960 0.270984210 0.256133650 0.232599910 0.226455730 0.162940500 0.140725230 0.280916970 
5     0.040239450 0.057142800 0.000000000 0.013376090 0.061257750 0.068149930 0.057519430 0.072882470 0.167912420 0.227972460 0.238109070 0.235981910 0.210576470 0.237814560 0.167505930 0.083180300 0.180228350 0.178307370 0.222216850 0.218662590 0.205907630 0.186329330 0.181293320 0.181652810 0.184759350 0.110498620 0.125454500 0.135366740 0.193217860 0.176051260 0.097376610 0.234325630 0.127909700 0.122817140 0.134627430 0.153184640 0.124416060 0.147401400 0.196686120 0.169675430 0.091047050 0.277488060 0.258339860 0.251069130 0.256000980 0.256114020 0.253848450 0.297227800 0.141996340 0.186003360 0.229778880 
1     0.029088290 0.054399420 0.013376090 0.000000000 0.071755200 0.046607690 0.099361140 0.090503390 0.162480270 0.256251350 0.221581120 0.269025320 0.225229860 0.232382410 0.150977980 0.100801220 0.197849270 0.178528000 0.215702340 0.236283510 0.223528550 0.203950250 0.209572210 0.209931700 0.212272040 0.128119540 0.143075420 0.098385210 0.179533430 0.148843660 0.110401650 0.255385280 0.145530620 0.140438060 0.152248350 0.170805560 0.142036980 0.098826650 0.099427290 0.116592340 0.110681850 0.159385040 0.292691770 0.283305170 0.296212410 0.287661100 0.293256940 0.305300890 0.170275230 0.094479190 0.260178410 
6     0.082268820 0.077293950 0.061257750 0.071755200 0.000000000 0.003321720 0.002848520 0.044969740 0.100801180 0.247304610 0.127850990 0.189446300 0.164040860 0.176655820 0.202561900 0.076632570 0.089728540 0.105753940 0.195860790 0.212457950 0.101795190 0.148679190 0.131392510 0.165198210 0.110396160 0.104293980 0.114969950 0.043737670 0.124885890 0.094196120 0.055754110 0.231559720 0.121705060 0.116612500 0.128422790 0.146980000 0.090960210 0.044179110 0.044779750 0.061944800 0.052335490 0.240416390 0.294998610 0.275508340 0.275277430 0.268878930 0.281286550 0.306898120 0.161592820 0.039831650 0.107698340 
2     0.047522260 0.075372270 0.068149930 0.046607690 0.003321720 0.000000000 0.000385300 0.060559690 0.114717970 0.159743660 0.194596660 0.251513070 0.221396870 0.175260210 0.231497140 0.115684920 0.103645330 0.119670730 0.211263970 0.198859770 0.115711980 0.162595980 0.145309300 0.189481670 0.124312950 0.128614140 0.128886740 0.059327620 0.140475840 0.109786070 0.071344060 0.285672530 0.278115020 0.228054550 0.127368850 0.127517700 0.079566010 0.035697110 0.035697110 0.077534750 0.134790880 0.238087760 0.290199740 0.272296630 0.283894880 0.269044320 0.245510580 0.239366400 0.029331800 0.028945220 0.121615130 
7     0.071050540 0.083297290 0.057519430 0.099361140 0.002848520 0.000385300 0.000000000 0.172120550 0.077125410 0.173300160 0.110415260 0.256363260 0.234953370 0.188816710 0.191120030 0.093965800 0.066052770 0.082078170 0.193953110 0.194609720 0.078119420 0.125003420 0.107716740 0.153756340 0.086720390 0.091021580 0.091294180 0.028386730 0.038920100 0.042059410 0.219957630 0.228727160 0.163594620 0.156431660 0.126983550 0.127132400 0.079180710 0.035311810 0.035311810 0.107932030 0.069668720 0.196609900 0.261404110 0.230818770 0.242417020 0.227566460 0.204032720 0.197888540 0.028946500 0.028559920 0.084022570 
32     0.025092140 0.058329820 0.072882470 0.090503390 0.044969740 0.060559690 0.172120550 0.000000000 0.133838170 0.129207950 0.044096830 0.083875520 0.050913180 0.050913430 0.132035390 0.023123880 0.067186180 0.072246420 0.062734380 0.085093990 0.085482960 0.053155110 0.106392260 0.095286660 0.104764580 0.058657290 0.073613170 0.025172780 0.025101720 0.028533310 0.056294330 0.119846930 0.076121810 0.071029250 0.082839540 0.101396750 0.022607070 0.044719330 0.045319970 0.022528890 0.124355330 0.072639260 0.084255320 0.108293100 0.091864150 0.250045000 0.107390830 0.084388060 0.170009870 0.022572180 0.268689980 
9     0.116506530 0.171575350 0.167912420 0.162480270 0.100801180 0.114717970 0.077125410 0.133838170 0.000000000 0.087749850 0.075565190 0.077912260 0.097452990 0.030463750 0.001947200 0.017694920 0.043729460 0.059754860 0.095803550 0.090916020 0.055796110 0.064314870 0.085393430 0.067859370 0.064397080 0.068698270 0.068970870 0.180367910 0.190901280 0.194040590 0.226200200 0.287311310 0.189367340 0.184274780 0.196085070 0.214642280 0.184134990 0.208859040 0.257331010 0.101665120 0.108179770 0.329896970 0.279362910 0.331088300 0.325939610 0.312733700 0.309482710 0.275914730 0.148668130 0.092236980 0.077755660 
17     0.108052370 0.248041970 0.227972460 0.256251350 0.247304610 0.159743660 0.173300160 0.129207950 0.087749850 0.000000000 0.002572210 0.028252730 0.030773320 0.047578800 0.065836550 0.075223790 0.195039440 0.184642180 0.190587640 0.192518350 0.213336220 0.181008370 0.225721480 0.183140250 0.177878290 0.154407610 0.152213400 0.109322970 0.109251910 0.112683500 0.185479380 0.302035320 0.265833960 0.260741400 0.272551690 0.291108900 0.106757260 0.250620210 0.197984370 0.106679080 0.194241690 0.355109020 0.168405510 0.192443290 0.176014340 0.327457710 0.191541020 0.168538250 0.163392140 0.106722370 0.334038180 
12     0.022941250 0.267717660 0.238109070 0.221581120 0.127850990 0.194596660 0.110415260 0.044096830 0.075565190 0.002572210 0.000000000 0.040065690 0.007103350 0.007103600 0.048010310 0.020972950 0.186859390 0.175551930 0.146272240 0.145262760 0.187429890 0.157732820 0.117582490 0.148132100 0.102399670 0.189260610 0.149446340 0.024211850 0.024140790 0.027572380 0.100368260 0.306856190 0.310190360 0.319771630 0.322322890 0.324700890 0.021646140 0.165509090 0.112873250 0.021567960 0.249811350 0.239822210 0.083294390 0.107332170 0.090903220 0.249084070 0.106429900 0.083427130 0.198245140 0.021611250 0.294880940 
19     0.062719940 0.273350060 0.235981910 0.269025320 0.189446300 0.251513070 0.256363260 0.083875520 0.077912260 0.028252730 0.040065690 0.000000000 0.000001050 0.010577610 0.041826340 0.060751640 0.192245350 0.166480500 0.187793550 0.195300420 0.169661190 0.150629140 0.171136570 0.193190820 0.215851250 0.126912790 0.195474890 0.063990540 0.063919480 0.067351070 0.140146950 0.321271900 0.291142050 0.286049490 0.297859780 0.309304300 0.061424830 0.205287780 0.152651940 0.061346650 0.257649470 0.393568300 0.123073080 0.147110860 0.130681910 0.288862760 0.146208590 0.123205820 0.255161550 0.061389940 0.256993510 
44     0.029757600 0.241380940 0.210576470 0.225229860 0.164040860 0.221396870 0.234953370 0.050913180 0.097452990 0.030773320 0.007103350 0.000001050 0.000000000 0.000000270 0.039785290 0.027789300 0.161725720 0.166785960 0.157273920 0.179633530 0.144255750 0.125223700 0.145731130 0.173881160 0.196541590 0.101507350 0.159333650 0.031028200 0.030957140 0.034388730 0.107184610 0.295866460 0.293662640 0.288570080 0.300380370 0.283898860 0.028462490 0.172325440 0.119689600 0.028384310 0.248248370 0.357366540 0.090110740 0.114148520 0.097719570 0.255900420 0.113246250 0.090243480 0.225045350 0.028427600 0.378217910 
26     0.029757850 0.248533490 0.237814560 0.232382410 0.176655820 0.175260210 0.188816710 0.050913430 0.030463750 0.047578800 0.007103600 0.010577610 0.000000270 0.000000000 0.024271460 0.027789550 0.173959300 0.119031990 0.155117690 0.191867110 0.156163170 0.159928230 0.175870310 0.178208210 0.185354160 0.118892320 0.178933590 0.031028450 0.030957390 0.034388980 0.107184860 0.317551870 0.290853910 0.300435180 0.335830710 0.325900850 0.028462740 0.172325690 0.119689850 0.028384560 0.150748430 0.370625570 0.090110990 0.114148770 0.097719820 0.255900670 0.113246500 0.090243730 0.178908690 0.028427850 0.395601450 
46     0.273064190 0.215007490 0.167505930 0.150977980 0.202561900 0.231497140 0.191120030 0.132035390 0.001947200 0.065836550 0.048010310 0.041826340 0.039785290 0.024271460 0.000000000 0.021050070 0.198241870 0.112712560 0.129411530 0.125326660 0.149843740 0.173986220 0.126432210 0.128770110 0.144502430 0.140045610 0.141379630 0.219839670 0.168238140 0.233512350 0.229257080 0.334042280 0.283254370 0.291381710 0.300685990 0.296191090 0.240013610 0.256291570 0.220114900 0.292024730 0.176383620 0.269705640 0.365840400 0.351547940 0.351317030 0.344918530 0.357326150 0.362392220 0.206988520 0.178714470 0.291976740 
35     0.001968300 0.068627650 0.083180300 0.100801220 0.076632570 0.115684920 0.093965800 0.023123880 0.017694920 0.075223790 0.020972950 0.060751640 0.027789300 0.027789550 0.021050070 0.000000000 0.042143460 0.047203700 0.037691660 0.060051270 0.060440240 0.028112390 0.081349540 0.068690810 0.098742930 0.056266300 0.071222180 0.003238900 0.003167840 0.006599430 0.079395310 0.196274300 0.086419640 0.081327080 0.093137370 0.111694580 0.000673190 0.105911340 0.091900300 0.000595010 0.050725180 0.307712680 0.062321440 0.086359220 0.069930270 0.228111120 0.085456950 0.062454180 0.119333400 0.000638300 0.112101510 
40     0.161477450 0.165675700 0.180228350 0.197849270 0.089728540 0.103645330 0.066052770 0.067186180 0.043729460 0.195039440 0.186859390 0.192245350 0.161725720 0.173959300 0.198241870 0.042143460 0.000000000 0.000001850 0.023096350 0.034913180 0.023272930 0.018057550 0.033045960 0.033050530 0.027746800 0.032047990 0.020190250 0.190924730 0.241337520 0.296475760 0.308261530 0.280433700 0.183467690 0.178375130 0.190185420 0.208742630 0.179974050 0.202959390 0.252244110 0.090592480 0.090673510 0.269614590 0.346824280 0.357156010 0.339296530 0.357155870 0.355060940 0.348810690 0.203240130 0.195984490 0.066683020 
15     0.125725710 0.163754720 0.178307370 0.178528000 0.105753940 0.119670730 0.082078170 0.072246420 0.059754860 0.184642180 0.175551930 0.166480500 0.166785960 0.119031990 0.112712560 0.047203700 0.000001850 0.000000000 0.006927630 0.029262230 0.039298330 0.003332620 0.025637430 0.025642000 0.021467350 0.037498920 0.020190620 0.178652590 0.262655440 0.263390240 0.225034760 0.273520530 0.181546710 0.176454150 0.188264440 0.206821650 0.178053070 0.201038410 0.250323130 0.106617880 0.105623530 0.284624070 0.335982860 0.360839380 0.374676320 0.317068260 0.361023270 0.380330000 0.176376050 0.191793450 0.082708420 
36     0.139395280 0.207664200 0.222216850 0.215702340 0.195860790 0.211263970 0.193953110 0.062734380 0.095803550 0.190587640 0.146272240 0.187793550 0.157273920 0.155117690 0.129411530 0.037691660 0.023096350 0.006927630 0.000000000 0.000001440 0.001430380 0.008569570 0.054581340 0.054585910 0.054585720 0.057052700 0.057497970 0.215826930 0.299829780 0.277059810 0.292444520 0.280049680 0.225456190 0.220363630 0.232173920 0.250731130 0.221962550 0.244947890 0.292044350 0.203501270 0.142797870 0.282831330 0.345607230 0.352646990 0.370603470 0.336692030 0.335192640 0.342159050 0.213550390 0.158481300 0.302016030 
30     0.134507750 0.204109940 0.218662590 0.236283510 0.212457950 0.198859770 0.194609720 0.085093990 0.090916020 0.192518350 0.145262760 0.195300420 0.179633530 0.191867110 0.125326660 0.060051270 0.034913180 0.029262230 0.000001440 0.000000000 0.007297140 0.003254730 0.039330250 0.054587350 0.054587160 0.059490000 0.044199750 0.229358970 0.231792560 0.272172280 0.280040320 0.302409290 0.221901930 0.216809370 0.228619660 0.247176870 0.218408290 0.241393630 0.283669320 0.198613740 0.174394620 0.281821850 0.333203030 0.344817840 0.362774320 0.328862880 0.327363490 0.329754850 0.202508250 0.146077100 0.281303870 
27     0.137603670 0.191354980 0.205907630 0.223528550 0.101795190 0.115711980 0.078119420 0.085482960 0.055796110 0.213336220 0.187429890 0.169661190 0.144255750 0.156163170 0.149843740 0.060440240 0.023272930 0.039298330 0.001430380 0.007297140 0.000000000 0.003188800 0.064936900 0.116920420 0.043940550 0.048241740 0.048514340 0.216604010 0.281433420 0.275268200 0.313500870 0.302798260 0.209146970 0.204054410 0.215864700 0.234421910 0.205653330 0.228638670 0.277923390 0.102659130 0.177490540 0.370236830 0.378111620 0.354107280 0.372063760 0.338152320 0.336652930 0.344168860 0.215306780 0.227503500 0.078749670 
8     0.107906600 0.171776680 0.186329330 0.203950250 0.148679190 0.162595980 0.125003420 0.053155110 0.064314870 0.181008370 0.157732820 0.150629140 0.125223700 0.159928230 0.173986220 0.028112390 0.018057550 0.003332620 0.008569570 0.003254730 0.003188800 0.000000000 0.036145860 0.065813140 0.085723200 0.038865940 0.040296580 0.197025710 0.270786620 0.245571130 0.225957650 0.270470410 0.189568670 0.184476110 0.196286400 0.214843610 0.186075030 0.209060370 0.258345090 0.149543130 0.147793470 0.266963760 0.324179310 0.334280820 0.336645700 0.318325860 0.316826470 0.324342400 0.230464000 0.240355210 0.125633670 
18     0.248288420 0.202237480 0.181293320 0.209572210 0.131392510 0.145309300 0.107716740 0.106392260 0.085393430 0.225721480 0.117582490 0.171136570 0.145731130 0.175870310 0.126432210 0.081349540 0.033045960 0.025637430 0.054581340 0.039330250 0.064936900 0.036145860 0.000000000 0.000004590 0.000004400 0.036675400 0.002916650 0.253930700 0.289280290 0.316220790 0.185032470 0.321981490 0.239029760 0.247157100 0.256461380 0.251966480 0.255389270 0.297249910 0.281479090 0.132256450 0.178702910 0.332124490 0.357662860 0.311846350 0.311615440 0.305216940 0.317624560 0.344916890 0.229652200 0.183807030 0.108346990 
28     0.152648590 0.202596970 0.181652810 0.209931700 0.165198210 0.189481670 0.153756340 0.095286660 0.067859370 0.183140250 0.148132100 0.193190820 0.173881160 0.178208210 0.128770110 0.068690810 0.033050530 0.025642000 0.054585910 0.054587350 0.116920420 0.065813140 0.000004590 0.000000000 0.000000190 0.035277490 0.002921220 0.230363400 0.285283770 0.290313120 0.185391960 0.322340980 0.222906360 0.217813800 0.229624090 0.248181300 0.219412720 0.242398060 0.281593830 0.216754580 0.179062400 0.334462390 0.323824930 0.314184250 0.313953340 0.307554840 0.319962460 0.320376750 0.193130150 0.136699000 0.215396060 
38     0.152054690 0.180098470 0.184759350 0.212272040 0.110396160 0.124312950 0.086720390 0.104764580 0.064397080 0.177878290 0.102399670 0.215851250 0.196541590 0.185354160 0.144502430 0.098742930 0.027746800 0.021467350 0.054585720 0.054587160 0.043940550 0.085723200 0.000004400 0.000000190 0.000000000 0.026840370 0.002921030 0.205347500 0.290479160 0.289719220 0.188498500 0.307745120 0.197890460 0.192797900 0.204608190 0.223165400 0.194396820 0.217382160 0.266666880 0.111260100 0.182168940 0.350194710 0.318562970 0.329916570 0.329685660 0.323287160 0.335694780 0.315114790 0.187868190 0.131437040 0.087350640 
47     0.091747720 0.095945970 0.110498620 0.128119540 0.104293980 0.128614140 0.091021580 0.058657290 0.068698270 0.154407610 0.189260610 0.126912790 0.101507350 0.118892320 0.140045610 0.056266300 0.032047990 0.037498920 0.057052700 0.059490000 0.048241740 0.038865940 0.036675400 0.035277490 0.026840370 0.000000000 0.000272760 0.121195000 0.204373080 0.291548400 0.214126390 0.223592620 0.113737960 0.108645400 0.120455690 0.139012900 0.110244320 0.133229660 0.182514380 0.115561290 0.154857600 0.251688420 0.295092290 0.343263820 0.341668990 0.327308860 0.323937620 0.291644110 0.164397510 0.107966360 0.091651830 
33     0.106703600 0.110901850 0.125454500 0.143075420 0.114969950 0.128886740 0.091294180 0.073613170 0.068970870 0.152213400 0.149446340 0.195474890 0.159333650 0.178933590 0.141379630 0.071222180 0.020190250 0.020190620 0.057497970 0.044199750 0.048514340 0.040296580 0.002916650 0.002921220 0.002921030 0.000272760 0.000000000 0.136150880 0.296483700 0.317107430 0.184524470 0.238548500 0.128693840 0.123601280 0.135411570 0.153968780 0.125200200 0.148185540 0.197470260 0.115833890 0.144438550 0.270496780 0.355116540 0.326793770 0.326562860 0.320164360 0.332571980 0.349692880 0.227004710 0.170573560 0.091924430 
34     0.005207160 0.120814090 0.135366740 0.098385210 0.043737670 0.059327620 0.028386730 0.025172780 0.180367910 0.109322970 0.024211850 0.063990540 0.031028200 0.031028450 0.219839670 0.003238900 0.190924730 0.178652590 0.215826930 0.229358970 0.216604010 0.197025710 0.253930700 0.230363400 0.205347500 0.121195000 0.136150880 0.000000000 0.000071060 0.003502650 0.013841620 0.135462460 0.045633100 0.040540540 0.052350830 0.070908040 0.002565710 0.002266620 0.002867260 0.002643890 0.108575460 0.111981430 0.064294740 0.088332520 0.071903570 0.144425620 0.087430250 0.064427480 0.153491830 0.002601060 0.227147450 
45     0.005136100 0.272668040 0.193217860 0.179533430 0.124885890 0.140475840 0.038920100 0.025101720 0.190901280 0.109251910 0.024140790 0.063919480 0.030957140 0.030957390 0.168238140 0.003167840 0.241337520 0.262655440 0.299829780 0.231792560 0.281433420 0.270786620 0.289280290 0.285283770 0.290479160 0.204373080 0.296483700 0.000071060 0.000000000 0.003431590 0.080626530 0.107483480 0.129484080 0.124979880 0.117927810 0.137296690 0.002494650 0.083414840 0.084015480 0.002572830 0.140281090 0.136762140 0.064223680 0.088261460 0.071832510 0.169206330 0.087359190 0.064356420 0.197581710 0.002530000 0.315155850 
50     0.008567690 0.268951990 0.176051260 0.148843660 0.094196120 0.109786070 0.042059410 0.028533310 0.194040590 0.112683500 0.027572380 0.067351070 0.034388730 0.034388980 0.233512350 0.006599430 0.296475760 0.263390240 0.277059810 0.272172280 0.275268200 0.245571130 0.316220790 0.290313120 0.289719220 0.291548400 0.317107430 0.003502650 0.003431590 0.000000000 0.064300070 0.153609510 0.152485790 0.145322830 0.153387360 0.146185900 0.005926240 0.052725070 0.053325710 0.006004420 0.097667190 0.148223180 0.067655270 0.091693050 0.075264100 0.226721750 0.090790780 0.067788010 0.209123870 0.005961590 0.311356480 
48     0.081363570 0.118320770 0.097376610 0.110401650 0.055754110 0.071344060 0.219957630 0.056294330 0.226200200 0.185479380 0.100368260 0.140146950 0.107184610 0.107184860 0.229257080 0.079395310 0.308261530 0.225034760 0.292444520 0.280040320 0.313500870 0.225957650 0.185032470 0.185391960 0.188498500 0.214126390 0.184524470 0.013841620 0.080626530 0.064300070 0.000000000 0.056595740 0.046265850 0.045504100 0.053109460 0.015197810 0.021495440 0.011969340 0.012569980 0.032478930 0.060108260 0.099969950 0.140451150 0.140859740 0.106248300 0.195486220 0.163586660 0.140583890 0.111057550 0.024121680 0.341309370 
23     0.219013460 0.223211710 0.234325630 0.255385280 0.231559720 0.285672530 0.228727160 0.119846930 0.287311310 0.302035320 0.306856190 0.321271900 0.295866460 0.317551870 0.334042280 0.196274300 0.280433700 0.273520530 0.280049680 0.302409290 0.302798260 0.270470410 0.321981490 0.322340980 0.307745120 0.223592620 0.238548500 0.135462460 0.107483480 0.153609510 0.056595740 0.000000000 0.000902120 0.000899760 0.000000630 0.000000720 0.068843010 0.097933110 0.084569210 0.178329340 0.156883700 0.156035470 0.287279840 0.198713430 0.164101990 0.237262110 0.234597230 0.234557590 0.248006570 0.250334370 0.448291000 
20     0.109158800 0.113357050 0.127909700 0.145530620 0.121705060 0.278115020 0.163594620 0.076121810 0.189367340 0.265833960 0.310190360 0.291142050 0.293662640 0.290853910 0.283254370 0.086419640 0.183467690 0.181546710 0.225456190 0.221901930 0.209146970 0.189568670 0.239029760 0.222906360 0.197890460 0.113737960 0.128693840 0.045633100 0.129484080 0.152485790 0.046265850 0.000902120 0.000000000 0.000131200 0.000901490 0.000901580 0.037207280 0.060192620 0.103591730 0.090513830 0.114105550 0.159108450 0.273005300 0.199998240 0.165386800 0.246205350 0.235882040 0.235842400 0.165054840 0.223636410 0.379978050 
43     0.104066240 0.108264490 0.122817140 0.140438060 0.116612500 0.228054550 0.156431660 0.071029250 0.184274780 0.260741400 0.319771630 0.286049490 0.288570080 0.300435180 0.291381710 0.081327080 0.178375130 0.176454150 0.220363630 0.216809370 0.204054410 0.184476110 0.247157100 0.217813800 0.192797900 0.108645400 0.123601280 0.040540540 0.124979880 0.145322830 0.045504100 0.000899760 0.000131200 0.000000000 0.000899130 0.000899220 0.032114720 0.055100060 0.058501780 0.169477860 0.122232890 0.125481220 0.244959770 0.287059380 0.259470000 0.263730200 0.288759380 0.276769130 0.173182180 0.180832170 0.450376060 
11     0.115876530 0.120074780 0.134627430 0.152248350 0.128422790 0.127368850 0.126983550 0.082839540 0.196085070 0.272551690 0.322322890 0.297859780 0.300380370 0.335830710 0.300685990 0.093137370 0.190185420 0.188264440 0.232173920 0.228619660 0.215864700 0.196286400 0.256461380 0.229624090 0.204608190 0.120455690 0.135411570 0.052350830 0.117927810 0.153387360 0.053109460 0.000000630 0.000901490 0.000899130 0.000000000 0.000000090 0.043925010 0.066910350 0.081082930 0.188773670 0.131537170 0.147094430 0.276550630 0.187984220 0.153372780 0.258742900 0.223868020 0.223828380 0.099098150 0.098711570 0.349359660 
49     0.134433740 0.138631990 0.153184640 0.170805560 0.146980000 0.127517700 0.127132400 0.101396750 0.214642280 0.291108900 0.324700890 0.309304300 0.283898860 0.325900850 0.296191090 0.111694580 0.208742630 0.206821650 0.250731130 0.247176870 0.234421910 0.214843610 0.251966480 0.248181300 0.223165400 0.139012900 0.153968780 0.070908040 0.137296690 0.146185900 0.015197810 0.000000720 0.000901580 0.000899220 0.000000090 0.000000000 0.041288370 0.060585580 0.048574520 0.028396510 0.127042270 0.115553960 0.235032510 0.290196460 0.171623000 0.184088030 0.183709560 0.269982170 0.099247000 0.098860420 0.422837700 
41     0.002641450 0.109863410 0.124416060 0.142036980 0.090960210 0.079566010 0.079180710 0.022607070 0.184134990 0.106757260 0.021646140 0.061424830 0.028462490 0.028462740 0.240013610 0.000673190 0.179974050 0.178053070 0.221962550 0.218408290 0.205653330 0.186075030 0.255389270 0.219412720 0.194396820 0.110244320 0.125200200 0.002565710 0.002494650 0.005926240 0.021495440 0.068843010 0.037207280 0.032114720 0.043925010 0.041288370 0.000000000 0.021341470 0.007666060 0.000078180 0.128885230 0.074645500 0.061729030 0.085766810 0.069337860 0.227518710 0.084864540 0.061861770 0.051295310 0.000035350 0.328387510 
13     0.128650500 0.132848750 0.147401400 0.098826650 0.044179110 0.035697110 0.035311810 0.044719330 0.208859040 0.250620210 0.165509090 0.205287780 0.172325440 0.172325690 0.256291570 0.105911340 0.202959390 0.201038410 0.244947890 0.241393630 0.228638670 0.209060370 0.297249910 0.242398060 0.217382160 0.133229660 0.148185540 0.002266620 0.083414840 0.052725070 0.011969340 0.097933110 0.060192620 0.055100060 0.066910350 0.060585580 0.021341470 0.000000000 0.000000000 0.020903930 0.116959990 0.082862170 0.202340720 0.203472810 0.168861370 0.245017160 0.228727490 0.205724720 0.007426410 0.007039830 0.307608140 
22     0.093868560 0.182133470 0.196686120 0.099427290 0.044779750 0.035697110 0.035311810 0.045319970 0.257331010 0.197984370 0.112873250 0.152651940 0.119689600 0.119689850 0.220114900 0.091900300 0.252244110 0.250323130 0.292044350 0.283669320 0.277923390 0.258345090 0.281479090 0.281593830 0.266666880 0.182514380 0.197470260 0.002867260 0.084015480 0.053325710 0.012569980 0.084569210 0.103591730 0.058501780 0.081082930 0.048574520 0.007666060 0.000000000 0.000000000 0.021504570 0.117560630 0.069186760 0.152956140 0.176993920 0.160564970 0.246508560 0.176091650 0.153088880 0.007426410 0.007039830 0.306074380 
29     0.002563270 0.224937750 0.169675430 0.116592340 0.061944800 0.077534750 0.107932030 0.022528890 0.101665120 0.106679080 0.021567960 0.061346650 0.028384310 0.028384560 0.292024730 0.000595010 0.090592480 0.106617880 0.203501270 0.198613740 0.102659130 0.149543130 0.132256450 0.216754580 0.111260100 0.115561290 0.115833890 0.002643890 0.002572830 0.006004420 0.032478930 0.178329340 0.090513830 0.169477860 0.188773670 0.028396510 0.000078180 0.020903930 0.021504570 0.000000000 0.017347180 0.045692630 0.061726430 0.085764210 0.069335260 0.078136820 0.084861940 0.061859170 0.149297570 0.000043290 0.105473200 
37     0.134457950 0.111991210 0.091047050 0.110681850 0.052335490 0.134790880 0.069668720 0.124355330 0.108179770 0.194241690 0.249811350 0.257649470 0.248248370 0.150748430 0.176383620 0.050725180 0.090673510 0.105623530 0.142797870 0.174394620 0.177490540 0.147793470 0.178702910 0.179062400 0.182168940 0.154857600 0.144438550 0.108575460 0.140281090 0.097667190 0.060108260 0.156883700 0.114105550 0.122232890 0.131537170 0.127042270 0.128885230 0.116959990 0.117560630 0.017347180 0.000000000 0.055142610 0.184598810 0.096032400 0.061420960 0.166791080 0.131916200 0.131876560 0.089996300 0.105413700 0.278672500 
42     0.220876930 0.225177090 0.277488060 0.159385040 0.240416390 0.238087760 0.196609900 0.072639260 0.329896970 0.355109020 0.239822210 0.393568300 0.357366540 0.370625570 0.269705640 0.307712680 0.269614590 0.284624070 0.282831330 0.281821850 0.370236830 0.266963760 0.332124490 0.334462390 0.350194710 0.251688420 0.270496780 0.111981430 0.136762140 0.148223180 0.099969950 0.156035470 0.159108450 0.125481220 0.147094430 0.115553960 0.074645500 0.082862170 0.069186760 0.045692630 0.055142610 0.000000000 0.009988950 0.047173890 0.053564530 0.043380410 0.028576740 0.044866960 0.095276030 0.139076700 0.386840650 
10     0.064289700 0.338116370 0.258339860 0.292691770 0.294998610 0.290199740 0.261404110 0.084255320 0.279362910 0.168405510 0.083294390 0.123073080 0.090110740 0.090110990 0.365840400 0.062321440 0.346824280 0.335982860 0.345607230 0.333203030 0.378111620 0.324179310 0.357662860 0.323824930 0.318562970 0.295092290 0.355116540 0.064294740 0.064223680 0.067655270 0.140451150 0.287279840 0.273005300 0.244959770 0.276550630 0.235032510 0.061729030 0.202340720 0.152956140 0.061726430 0.184598810 0.009988950 0.000000000 0.018621960 0.007608830 0.029200590 0.016396440 0.000132740 0.298817120 0.061694140 0.361266700 
31     0.088327480 0.259385960 0.251069130 0.283305170 0.275508340 0.272296630 0.230818770 0.108293100 0.331088300 0.192443290 0.107332170 0.147110860 0.114148520 0.114148770 0.351547940 0.086359220 0.357156010 0.360839380 0.352646990 0.344817840 0.354107280 0.334280820 0.311846350 0.314184250 0.329916570 0.343263820 0.326793770 0.088332520 0.088261460 0.091693050 0.140859740 0.198713430 0.199998240 0.287059380 0.187984220 0.290196460 0.085766810 0.203472810 0.176993920 0.085764210 0.096032400 0.047173890 0.018621960 0.000000000 0.000095860 0.000003810 0.000902350 0.003037040 0.231765980 0.085731920 0.353995970 
39     0.071898530 0.270984210 0.256000980 0.296212410 0.275277430 0.283894880 0.242417020 0.091864150 0.325939610 0.176014340 0.090903220 0.130681910 0.097719570 0.097719820 0.351317030 0.069930270 0.339296530 0.374676320 0.370603470 0.362774320 0.372063760 0.336645700 0.311615440 0.313953340 0.329685660 0.341668990 0.326562860 0.071903570 0.071832510 0.075264100 0.106248300 0.164101990 0.165386800 0.259470000 0.153372780 0.171623000 0.069337860 0.168861370 0.160564970 0.069335260 0.061420960 0.053564530 0.007608830 0.000095860 0.000000000 0.006116850 0.003570920 0.005409650 0.198834550 0.069302970 0.358927820 
21     0.230079380 0.256133650 0.256114020 0.287661100 0.268878930 0.269044320 0.227566460 0.250045000 0.312733700 0.327457710 0.249084070 0.288862760 0.255900420 0.255900670 0.344918530 0.228111120 0.357155870 0.317068260 0.336692030 0.328862880 0.338152320 0.318325860 0.305216940 0.307554840 0.323287160 0.327308860 0.320164360 0.144425620 0.169206330 0.226721750 0.195486220 0.237262110 0.246205350 0.263730200 0.258742900 0.184088030 0.227518710 0.245017160 0.246508560 0.078136820 0.166791080 0.043380410 0.029200590 0.000003810 0.006116850 0.000000000 0.000047280 0.003040590 0.194663720 0.183959640 0.359040860 
24     0.087425210 0.232599910 0.253848450 0.293256940 0.281286550 0.245510580 0.204032720 0.107390830 0.309482710 0.191541020 0.106429900 0.146208590 0.113246250 0.113246500 0.357326150 0.085456950 0.355060940 0.361023270 0.335192640 0.327363490 0.336652930 0.316826470 0.317624560 0.319962460 0.335694780 0.323937620 0.332571980 0.087430250 0.087359190 0.090790780 0.163586660 0.234597230 0.235882040 0.288759380 0.223868020 0.183709560 0.084864540 0.228727490 0.176091650 0.084861940 0.131916200 0.028576740 0.016396440 0.000902350 0.003570920 0.000047280 0.000000000 0.018023400 0.233717780 0.084829650 0.356775290 
25     0.064422440 0.226455730 0.297227800 0.305300890 0.306898120 0.239366400 0.197888540 0.084388060 0.275914730 0.168538250 0.083427130 0.123205820 0.090243480 0.090243730 0.362392220 0.062454180 0.348810690 0.380330000 0.342159050 0.329754850 0.344168860 0.324342400 0.344916890 0.320376750 0.315114790 0.291644110 0.349692880 0.064427480 0.064356420 0.067788010 0.140583890 0.234557590 0.235842400 0.276769130 0.223828380 0.269982170 0.061861770 0.205724720 0.153088880 0.061859170 0.131876560 0.044866960 0.000132740 0.003037040 0.005409650 0.003040590 0.018023400 0.000000000 0.254169630 0.061826880 0.400154640 
14     0.205210470 0.162940500 0.141996340 0.170275230 0.161592820 0.029331800 0.028946500 0.170009870 0.148668130 0.163392140 0.198245140 0.255161550 0.225045350 0.178908690 0.206988520 0.119333400 0.203240130 0.176376050 0.213550390 0.202508250 0.215306780 0.230464000 0.229652200 0.193130150 0.187868190 0.164397510 0.227004710 0.153491830 0.197581710 0.209123870 0.111057550 0.248006570 0.165054840 0.173182180 0.099098150 0.099247000 0.051295310 0.007426410 0.007426410 0.149297570 0.089996300 0.095276030 0.298817120 0.231765980 0.198834550 0.194663720 0.233717780 0.254169630 0.000000000 0.000633580 0.218120850 
16     0.002606560 0.140725230 0.186003360 0.094479190 0.039831650 0.028945220 0.028559920 0.022572180 0.092236980 0.106722370 0.021611250 0.061389940 0.028427600 0.028427850 0.178714470 0.000638300 0.195984490 0.191793450 0.158481300 0.146077100 0.227503500 0.240355210 0.183807030 0.136699000 0.131437040 0.107966360 0.170573560 0.002601060 0.002530000 0.005961590 0.024121680 0.250334370 0.223636410 0.180832170 0.098711570 0.098860420 0.000035350 0.007039830 0.007039830 0.000043290 0.105413700 0.139076700 0.061694140 0.085731920 0.069302970 0.183959640 0.084829650 0.061826880 0.000633580 0.000000000 0.230317570 
0     0.319976340 0.280916970 0.229778880 0.260178410 0.107698340 0.121615130 0.084022570 0.268689980 0.077755660 0.334038180 0.294880940 0.256993510 0.378217910 0.395601450 0.291976740 0.112101510 0.066683020 0.082708420 0.302016030 0.281303870 0.078749670 0.125633670 0.108346990 0.215396060 0.087350640 0.091651830 0.091924430 0.227147450 0.315155850 0.311356480 0.341309370 0.448291000 0.379978050 0.450376060 0.349359660 0.422837700 0.328387510 0.307608140 0.306074380 0.105473200 0.278672500 0.386840650 0.361266700 0.353995970 0.358927820 0.359040860 0.356775290 0.400154640 0.218120850 0.230317570 0.000000000 
