51
3     0.000000000 0.843956161 0.651919985 0.610167595 0.761541618 0.846674834 0.729412890 1.111786164 1.299937700 1.232825147 1.185835356 1.213639001 1.199266852 1.143190502 1.182873865 1.201317708 1.200526981 1.143407469 1.174804801 1.160002703 1.189557786 1.121523313 1.135494339 1.134702274 1.138353623 1.047211623 1.131850875 1.075769295 1.084172596 1.112340537 1.050173490 1.186965205 1.176286857 1.185625613 1.162120463 1.151953606 1.109924030 1.068499297 1.045600089 1.074072235 1.041790725 1.287230106 1.307477470 1.286999014 1.276099536 1.277983140 1.276268540 1.290124674 1.318784032 1.271090500 1.949828138 
4     0.843956161 0.000000000 0.981769952 0.939298757 1.087923618 1.173056835 1.055794891 1.437937612 1.626805403 1.559692851 1.512703060 1.540506705 1.526134555 1.470058205 1.509741569 1.528185412 1.527394684 1.470275173 1.501672505 1.486870407 1.516425490 1.448391017 1.462362042 1.461569978 1.465221327 1.374079327 1.458718579 1.402656399 1.411059700 1.439227641 1.377060594 1.513852309 1.503173961 1.512512717 1.489007567 1.478840710 1.436811134 1.395386401 1.372487193 1.400959339 1.368677829 1.614117210 1.634364574 1.613886118 1.602986640 1.604870244 1.603155644 1.617011778 1.645671136 1.597977604 2.276364994 
5     0.651919985 0.981769952 0.000000000 0.349238245 0.774716708 0.859849925 0.742587980 1.126624567 1.314971484 1.247858931 1.200869141 1.228672786 1.214300636 1.158224286 1.197907650 1.216351493 1.215560765 1.158441253 1.189838585 1.175036487 1.204591570 1.136557098 1.150528123 1.149736059 1.153387407 1.062245408 1.146884659 1.090643801 1.099047101 1.127215042 1.064921991 1.201713705 1.191035357 1.200374114 1.176868963 1.166702107 1.124672530 1.083247798 1.060348589 1.088910785 1.056629275 1.301942650 1.322190015 1.301711559 1.290812081 1.292695685 1.290981084 1.304837219 1.333511667 1.285818134 1.964190208 
1     0.610167595 0.939298757 0.349238245 0.000000000 0.732379834 0.817513050 0.700251106 1.084221612 1.272568529 1.205455976 1.158466186 1.186269831 1.171897681 1.115821331 1.155504695 1.173948538 1.173157810 1.116038298 1.147435630 1.132633532 1.162188615 1.094154143 1.108125168 1.107333104 1.110984452 1.019842453 1.104481704 1.048240846 1.056644146 1.084812087 1.022519036 1.159310750 1.148632402 1.157971159 1.134466008 1.124299152 1.082269575 1.040844843 1.017945634 1.046507830 1.014226320 1.259539695 1.279787060 1.259308604 1.248409126 1.250292730 1.248578129 1.262434264 1.291108712 1.243415179 1.921794736 
6     0.761541618 1.087923618 0.774716708 0.732379834 0.000000000 0.345058752 0.230704294 1.022195775 1.208957519 1.141837191 1.094847400 1.122651045 1.108278896 1.052202546 1.091893685 1.110337528 1.110448240 1.053328728 1.084726060 1.069923962 1.099479045 1.031444573 1.045406427 1.044614363 1.048265712 0.957132882 1.041762963 0.986406277 0.994809577 1.022977519 0.960365111 1.097156826 1.086478478 1.095817234 1.072312084 1.062145227 1.020139297 0.978714565 0.955815356 0.983597139 0.951315629 1.196296224 1.216543588 1.196065132 1.185165655 1.187049258 1.185334658 1.199190793 1.227643339 1.179949806 1.858902278 
2     0.846674834 1.173056835 0.859849925 0.817513050 0.345058752 0.000000000 0.311019325 1.108253878 1.295015622 1.227895294 1.180905503 1.208709148 1.194336999 1.138260648 1.177951788 1.196395631 1.196506343 1.139386831 1.170784163 1.155982065 1.185537148 1.117502676 1.131464530 1.130672466 1.134323814 1.043190985 1.127821066 1.072459570 1.080862870 1.109030811 1.046418404 1.183210119 1.172531770 1.181870527 1.158365376 1.148198520 1.106192590 1.064767858 1.041868649 1.069650432 1.037368922 1.282354327 1.302601691 1.282123235 1.271223757 1.273107361 1.271392761 1.285248895 1.313696631 1.266003099 1.944617206 
7     0.729412890 1.055794891 0.742587980 0.700251106 0.230704294 0.311019325 0.000000000 0.990991934 1.177753678 1.110633350 1.063643559 1.091447204 1.077075055 1.020998704 1.060689844 1.079133687 1.079244399 1.022124887 1.053522219 1.038720121 1.068275204 1.000240731 1.014202586 1.013410522 1.017061870 0.925929041 1.010559122 0.955197625 0.963600926 0.991768867 0.929156460 1.065948174 1.055269826 1.064608583 1.041103432 1.030936576 0.988930646 0.947505913 0.924606705 0.952388488 0.920106978 1.165092382 1.185339747 1.164861291 1.153961813 1.155845417 1.154130817 1.167986951 1.196434687 1.148741155 1.827355262 
32     1.111786164 1.437937612 1.126624567 1.084221612 1.022195775 1.108253878 0.990991934 0.000000000 1.331294823 1.263994096 1.217004305 1.244824540 1.230452391 1.174376040 1.214067779 1.232550143 1.229180506 1.172027720 1.204476022 1.189673924 1.219224535 1.150614595 1.164277831 1.163485766 1.167137115 1.075965103 1.160561057 1.107491616 1.115894916 1.144062857 1.081151921 1.218527153 1.207848805 1.217187561 1.193682411 1.183515554 1.141395334 1.100536268 1.077521608 1.108212881 1.075282092 1.320819182 1.340853267 1.320374811 1.309475333 1.311358937 1.309644337 1.323500471 1.354408409 1.306714877 2.005121691 
9     1.299937700 1.626805403 1.314971484 1.272568529 1.208957519 1.295015622 1.177753678 1.331294823 0.000000000 0.755536379 0.708059082 0.738590819 0.724767869 0.667091699 0.708206984 0.780270072 1.084369604 1.027251896 1.056380028 1.041577930 1.071480987 1.003641314 1.020018827 1.019226763 1.022878111 0.931826790 1.016357568 1.294780902 1.303184203 1.331352144 1.271149365 1.408206803 1.397528454 1.406867211 1.383362061 1.373195204 1.331258649 1.290644776 1.267630117 1.294557345 1.261629097 1.505625735 1.525920446 1.505441990 1.494542512 1.496426116 1.494711515 1.508567650 1.541025199 1.493331667 2.198715559 
17     1.232825147 1.559692851 1.247858931 1.205455976 1.141837191 1.227895294 1.110633350 1.263994096 0.755536379 0.000000000 0.291917743 0.596459717 0.582269690 0.524485273 0.601846228 0.717744512 1.015730387 0.958612679 0.987745756 0.972943658 1.002846715 0.935007042 0.951430204 0.950638140 0.954289489 0.863246960 0.947777738 1.227725197 1.236128497 1.264296439 1.204093659 1.341151097 1.330472749 1.339811505 1.316306355 1.306139498 1.264202943 1.223589071 1.200574411 1.227496453 1.194568205 1.438564842 1.458859553 1.438381098 1.427481620 1.429365223 1.427650623 1.441506758 1.473964307 1.426270775 2.131694060 
12     1.185835356 1.512703060 1.200869141 1.158466186 1.094847400 1.180905503 1.063643559 1.217004305 0.708059082 0.291917743 0.000000000 0.545436319 0.531246293 0.472714479 0.549312323 0.670882473 0.969655272 0.912537564 0.941670641 0.926868543 0.956771601 0.888931927 0.905355090 0.904563025 0.908214374 0.817171846 0.901702623 1.180735406 1.189138707 1.217306648 1.157103869 1.294161306 1.283482958 1.292821715 1.269316564 1.259149707 1.217213152 1.176599280 1.153584620 1.180506662 1.147578414 1.391575051 1.411869763 1.391391307 1.380491829 1.382375433 1.380660832 1.394516967 1.426974516 1.379280984 2.084704270 
19     1.213639001 1.540506705 1.228672786 1.186269831 1.122651045 1.208709148 1.091447204 1.244824540 0.738590819 0.596459717 0.545436319 0.000000000 0.150398422 0.311334721 0.576954354 0.700923312 0.995965921 0.938848213 0.967974420 0.953172322 0.983075380 0.915235706 0.932007585 0.931215521 0.934866869 0.843475102 0.928005879 1.208554569 1.216957869 1.245125810 1.184923031 1.321980469 1.311302121 1.320640877 1.297135727 1.286968870 1.245032315 1.204418442 1.181403783 1.208325825 1.175397577 1.418911340 1.439206051 1.418727595 1.407828117 1.409711721 1.407997121 1.421853255 1.454793679 1.407100147 2.112445479 
44     1.199266852 1.526134555 1.214300636 1.171897681 1.108278896 1.194336999 1.077075055 1.230452391 0.724767869 0.582269690 0.531246293 0.150398422 0.000000000 0.298432301 0.563796733 0.686875206 0.981593771 0.924476063 0.953602271 0.938800173 0.968703230 0.900863557 0.917635436 0.916843371 0.920494720 0.829102952 0.913633730 1.194182419 1.202585720 1.230753661 1.170550882 1.307608319 1.296929971 1.306268728 1.282763577 1.272596720 1.230660165 1.190046293 1.167031633 1.193953675 1.161025427 1.404539190 1.424833902 1.404355446 1.393455968 1.395339572 1.393624971 1.407481106 1.440421529 1.392727997 2.098073330 
26     1.143190502 1.470058205 1.158224286 1.115821331 1.052202546 1.138260648 1.020998704 1.174376040 0.667091699 0.524485273 0.472714479 0.311334721 0.298432301 0.000000000 0.506581517 0.628418007 0.925901633 0.868783925 0.897910132 0.883108034 0.913011092 0.845171418 0.861943297 0.861151233 0.864802582 0.773411337 0.857942114 1.138106069 1.146509370 1.174677311 1.114474531 1.251531969 1.240853621 1.250192377 1.226687227 1.216520370 1.174583815 1.133969943 1.110955283 1.137877325 1.104949077 1.348462840 1.368757551 1.348279096 1.337379618 1.339263221 1.337548621 1.351404756 1.384345179 1.336651647 2.041996980 
46     1.182873865 1.509741569 1.197907650 1.155504695 1.091893685 1.177951788 1.060689844 1.214067779 0.708206984 0.601846228 0.549312323 0.576954354 0.563796733 0.506581517 0.000000000 0.665614660 0.964806815 0.907689108 0.936948962 0.922146864 0.951880142 0.884358073 0.900922637 0.900130572 0.903781921 0.812270768 0.896801545 1.177789067 1.186192368 1.214360309 1.154157530 1.291214967 1.280536619 1.289875376 1.266370225 1.256203368 1.214266813 1.173652941 1.150638281 1.177565510 1.144637262 1.388151025 1.408445736 1.387967280 1.377067802 1.378951406 1.377236806 1.391092940 1.424033364 1.376339832 2.082360377 
35     1.201317708 1.528185412 1.216351493 1.173948538 1.110337528 1.196395631 1.079133687 1.232550143 0.780270072 0.717744512 0.670882473 0.700923312 0.686875206 0.628418007 0.665614660 0.000000000 0.983010361 0.925892653 0.955148237 0.940346139 0.970079417 0.902409523 0.919121911 0.918329847 0.921981196 0.830471967 0.915002744 1.195969642 1.204372943 1.232540884 1.172333179 1.309395542 1.298717194 1.308055951 1.284550800 1.274383944 1.232447388 1.191828590 1.168813931 1.195829662 1.162901414 1.406898052 1.427192763 1.406714307 1.395814829 1.397698433 1.395983832 1.409839967 1.441609427 1.393915895 2.100341768 
40     1.200526981 1.527394684 1.215560765 1.173157810 1.110448240 1.196506343 1.079244399 1.229180506 1.084369604 1.015730387 0.969655272 0.995965921 0.981593771 0.925901633 0.964806815 0.983010361 0.000000000 0.497231482 0.570558128 0.556346633 0.588942390 0.516204248 0.608308650 0.607089296 0.611050509 0.522760918 0.606247257 1.194821433 1.203224734 1.231392675 1.170950526 1.308007963 1.297329615 1.306668372 1.283163221 1.272996364 1.231034751 1.190420879 1.167406219 1.195088190 1.162159942 1.405378201 1.425549160 1.405070705 1.394171227 1.396054830 1.394340230 1.408196365 1.442413844 1.394720312 2.097979397 
15     1.143407469 1.470275173 1.158441253 1.116038298 1.053328728 1.139386831 1.022124887 1.172027720 1.027251896 0.958612679 0.912537564 0.938848213 0.924476063 0.868783925 0.907689108 0.925892653 0.497231482 0.000000000 0.513802526 0.498942589 0.533660606 0.462583568 0.554369145 0.553254566 0.557224073 0.463155861 0.547181403 1.137568144 1.145971445 1.174139386 1.113697237 1.250754674 1.240076326 1.249415083 1.225909932 1.215743075 1.173781462 1.133167590 1.110152930 1.137800381 1.104872133 1.348107284 1.368278243 1.347799787 1.336900309 1.338783913 1.337069313 1.350925447 1.385081643 1.337388111 2.040822918 
36     1.174804801 1.501672505 1.189838585 1.147435630 1.084726060 1.170784163 1.053522219 1.204476022 1.056380028 0.987745756 0.941670641 0.967974420 0.953602271 0.897910132 0.936948962 0.955148237 0.570558128 0.513802526 0.000000000 0.119669287 0.320989704 0.394185005 0.582625218 0.581506989 0.585228367 0.500371564 0.584366421 1.169508722 1.177912023 1.206079964 1.145637815 1.282695252 1.272016904 1.281355661 1.257850510 1.247683653 1.205722040 1.165108168 1.142093508 1.169918657 1.136990409 1.380065490 1.400236449 1.379757994 1.368858516 1.370742119 1.369027519 1.382883654 1.416666562 1.368973030 2.072670868 
30     1.160002703 1.486870407 1.175036487 1.132633532 1.069923962 1.155982065 1.038720121 1.189673924 1.041577930 0.972943658 0.926868543 0.953172322 0.938800173 0.883108034 0.922146864 0.940346139 0.556346633 0.498942589 0.119669287 0.000000000 0.304644685 0.379143420 0.568737965 0.567619737 0.571341115 0.485817711 0.569792663 1.154706624 1.163109925 1.191277866 1.130835717 1.267893154 1.257214806 1.266553563 1.243048412 1.232881555 1.190919942 1.150306070 1.127291410 1.155116559 1.122188311 1.365263392 1.385434351 1.364955896 1.354056418 1.355940021 1.354225421 1.368081556 1.401864464 1.354170932 2.057868770 
27     1.189557786 1.516425490 1.204591570 1.162188615 1.099479045 1.185537148 1.068275204 1.219224535 1.071480987 1.002846715 0.956771601 0.983075380 0.968703230 0.913011092 0.951880142 0.970079417 0.588942390 0.533660606 0.320989704 0.304644685 0.000000000 0.407174011 0.597688721 0.596609614 0.600291870 0.515472300 0.599717502 1.184257235 1.192660536 1.220828477 1.160386327 1.297443765 1.286765417 1.296104173 1.272599023 1.262432166 1.220470553 1.179856680 1.156842021 1.184667169 1.151738922 1.394814003 1.414984962 1.394506506 1.383607029 1.385490632 1.383776032 1.397632167 1.431415075 1.383721543 2.087342095 
8     1.121523313 1.448391017 1.136557098 1.094154143 1.031444573 1.117502676 1.000240731 1.150614595 1.003641314 0.935007042 0.888931927 0.915235706 0.900863557 0.845171418 0.884358073 0.902409523 0.516204248 0.462583568 0.394185005 0.379143420 0.407174011 0.000000000 0.529717171 0.528590757 0.532094152 0.446111335 0.530171787 1.115660017 1.124063318 1.152231259 1.091789109 1.228846547 1.218168199 1.227506955 1.204001805 1.193834948 1.151873335 1.111259462 1.088244803 1.116069951 1.083141703 1.326216785 1.346387744 1.325909288 1.315009810 1.316893414 1.315178814 1.329034948 1.363395605 1.315702073 2.019048944 
18     1.135494339 1.462362042 1.150528123 1.108125168 1.045406427 1.131464530 1.014202586 1.164277831 1.020018827 0.951430204 0.905355090 0.932007585 0.917635436 0.861943297 0.900922637 0.919121911 0.608308650 0.554369145 0.582625218 0.568737965 0.597688721 0.529717171 0.000000000 0.111992818 0.124985161 0.405721509 0.494090117 1.130058731 1.138462032 1.166629973 1.106187823 1.243245261 1.232566913 1.241905669 1.218400519 1.208233662 1.166272049 1.125658176 1.102643517 1.130442730 1.097514482 1.340559217 1.360730176 1.340251721 1.329352243 1.331235846 1.329521246 1.343377381 1.377731799 1.330038267 2.033066160 
28     1.134702274 1.461569978 1.149736059 1.107333104 1.044614363 1.130672466 1.013410522 1.163485766 1.019226763 0.950638140 0.904563025 0.931215521 0.916843371 0.861151233 0.900130572 0.918329847 0.607089296 0.553254566 0.581506989 0.567619737 0.596609614 0.528590757 0.111992818 0.000000000 0.117134759 0.405410525 0.493754573 1.129266667 1.137669968 1.165837909 1.105395759 1.242453197 1.231774848 1.241113605 1.217608454 1.207441598 1.165479984 1.124866112 1.101851453 1.129650666 1.096722418 1.339767153 1.359938112 1.339459656 1.328560178 1.330443782 1.328729182 1.342585316 1.376939735 1.329246203 2.032274096 
38     1.138353623 1.465221327 1.153387407 1.110984452 1.048265712 1.134323814 1.017061870 1.167137115 1.022878111 0.954289489 0.908214374 0.934866869 0.920494720 0.864802582 0.903781921 0.921981196 0.611050509 0.557224073 0.585228367 0.571341115 0.600291870 0.532094152 0.124985161 0.117134759 0.000000000 0.408411715 0.496267480 1.132918015 1.141321316 1.169489257 1.109047108 1.246104545 1.235426197 1.244764954 1.221259803 1.211092946 1.169131333 1.128517461 1.105502801 1.133302014 1.100373766 1.343418502 1.363589461 1.343111005 1.332211527 1.334095131 1.332380530 1.346236665 1.380591084 1.332897552 2.035925445 
47     1.047211623 1.374079327 1.062245408 1.019842453 0.957132882 1.043190985 0.925929041 1.075965103 0.931826790 0.863246960 0.817171846 0.843475102 0.829102952 0.773411337 0.812270768 0.830471967 0.522760918 0.463155861 0.500371564 0.485817711 0.515472300 0.446111335 0.405721509 0.405410525 0.408411715 0.000000000 0.275701553 1.041631100 1.050034401 1.078202342 1.017760192 1.154817630 1.144139282 1.153478038 1.129972888 1.119806031 1.077844418 1.037230545 1.014215886 1.042006514 1.009078266 1.252113958 1.272284917 1.251806461 1.240906983 1.242790587 1.241075986 1.254932121 1.289304168 1.241610636 1.944715613 
33     1.131850875 1.458718579 1.146884659 1.104481704 1.041762963 1.127821066 1.010559122 1.160561057 1.016357568 0.947777738 0.901702623 0.928005879 0.913633730 0.857942114 0.896801545 0.915002744 0.606247257 0.547181403 0.584366421 0.569792663 0.599717502 0.530171787 0.494090117 0.493754573 0.496267480 0.275701553 0.000000000 1.126261181 1.134664482 1.162832423 1.102390273 1.239447711 1.228769363 1.238108119 1.214602969 1.204436112 1.162474499 1.121860626 1.098845967 1.126636595 1.093708347 1.336744039 1.356914998 1.336436542 1.325537064 1.327420668 1.325706067 1.339562202 1.373934249 1.326240717 2.029345694 
34     1.075769295 1.402656399 1.090643801 1.048240846 0.986406277 1.072459570 0.955197625 1.107491616 1.294780902 1.227725197 1.180735406 1.208554569 1.194182419 1.138106069 1.177789067 1.195969642 1.194821433 1.137568144 1.169508722 1.154706624 1.184257235 1.115660017 1.130058731 1.129266667 1.132918015 1.041631100 1.126261181 0.000000000 0.262795738 0.290143143 0.735045429 0.874301917 0.863709073 0.873328333 0.849178049 0.839011193 0.797115461 0.757860990 0.733316125 0.959160846 0.926848384 1.168188115 1.188592828 1.168114372 1.157214894 1.159098498 1.157383897 1.171240032 1.201953449 1.154294814 1.971471253 
45     1.084172596 1.411059700 1.099047101 1.056644146 0.994809577 1.080862870 0.963600926 1.115894916 1.303184203 1.236128497 1.189138707 1.216957869 1.202585720 1.146509370 1.186192368 1.204372943 1.203224734 1.145971445 1.177912023 1.163109925 1.192660536 1.124063318 1.138462032 1.137669968 1.141321316 1.050034401 1.134664482 0.262795738 0.000000000 0.253587955 0.743592467 0.882841355 0.872248511 0.881867771 0.857717488 0.847550631 0.805654899 0.766391542 0.741853857 0.967568083 0.935250719 1.176590450 1.196995162 1.176516706 1.165617228 1.167500832 1.165786232 1.179642366 1.210360686 1.162702050 1.979874554 
50     1.112340537 1.439227641 1.127215042 1.084812087 1.022977519 1.109030811 0.991768867 1.144062857 1.331352144 1.264296439 1.217306648 1.245125810 1.230753661 1.174677311 1.214360309 1.232540884 1.231392675 1.174139386 1.206079964 1.191277866 1.220828477 1.152231259 1.166629973 1.165837909 1.169489257 1.078202342 1.162832423 0.290143143 0.253587955 0.000000000 0.771703694 0.910952582 0.900359738 0.909978998 0.885828714 0.875661858 0.833766126 0.794502769 0.769965084 0.995732088 0.963419626 1.204759357 1.225164070 1.204685614 1.193786136 1.195669740 1.193955139 1.207811274 1.238524691 1.190866056 2.008042495 
48     1.050173490 1.377060594 1.064921991 1.022519036 0.960365111 1.046418404 0.929156460 1.081151921 1.271149365 1.204093659 1.157103869 1.184923031 1.170550882 1.114474531 1.154157530 1.172333179 1.170950526 1.113697237 1.145637815 1.130835717 1.160386327 1.091789109 1.106187823 1.105395759 1.109047108 1.017760192 1.102390273 0.735045429 0.743592467 0.771703694 0.000000000 0.627913080 0.616884781 0.626534777 0.603794385 0.592614065 0.553016492 0.565638972 0.542797001 0.939049520 0.906870174 1.147687459 1.167910313 1.147431857 1.136532379 1.138415983 1.136701382 1.150557517 1.181229789 1.133571153 1.947920125 
23     1.186965205 1.513852309 1.201713705 1.159310750 1.097156826 1.183210119 1.065948174 1.218527153 1.408206803 1.341151097 1.294161306 1.321980469 1.307608319 1.251531969 1.291214967 1.309395542 1.308007963 1.250754674 1.282695252 1.267893154 1.297443765 1.228846547 1.243245261 1.242453197 1.246104545 1.154817630 1.239447711 0.874301917 0.882841355 0.910952582 0.627913080 0.000000000 0.188708414 0.289032500 0.422799247 0.413520655 0.650098527 0.700849936 0.678749399 1.077257909 1.045078563 1.285089361 1.305312214 1.284833759 1.273934281 1.275817884 1.274103284 1.287959419 1.318550359 1.270891723 2.085095454 
20     1.176286857 1.503173961 1.191035357 1.148632402 1.086478478 1.172531770 1.055269826 1.207848805 1.397528454 1.330472749 1.283482958 1.311302121 1.296929971 1.240853621 1.280536619 1.298717194 1.297329615 1.240076326 1.272016904 1.257214806 1.286765417 1.218168199 1.232566913 1.231774848 1.235426197 1.144139282 1.228769363 0.863709073 0.872248511 0.900359738 0.616884781 0.188708414 0.000000000 0.278628489 0.410572633 0.400506594 0.640423861 0.690698067 0.668597531 1.066579561 1.034400214 1.274411013 1.294633866 1.274155411 1.263255933 1.265139536 1.263424936 1.277281071 1.307897602 1.260238966 2.074417106 
43     1.185625613 1.512512717 1.200374114 1.157971159 1.095817234 1.181870527 1.064608583 1.217187561 1.406867211 1.339811505 1.292821715 1.320640877 1.306268728 1.250192377 1.289875376 1.308055951 1.306668372 1.249415083 1.281355661 1.266553563 1.296104173 1.227506955 1.241905669 1.241113605 1.244764954 1.153478038 1.238108119 0.873328333 0.881867771 0.909978998 0.626534777 0.289032500 0.278628489 0.000000000 0.420040076 0.409461780 0.649764852 0.699270490 0.677152510 1.075893536 1.043714189 1.283723019 1.303945873 1.283467417 1.272567939 1.274451543 1.272736942 1.286593077 1.317210768 1.269552132 2.083755862 
11     1.162120463 1.489007567 1.176868963 1.134466008 1.072312084 1.158365376 1.041103432 1.193682411 1.383362061 1.316306355 1.269316564 1.297135727 1.282763577 1.226687227 1.266370225 1.284550800 1.283163221 1.225909932 1.257850510 1.243048412 1.272599023 1.204001805 1.218400519 1.217608454 1.221259803 1.129972888 1.214602969 0.849178049 0.857717488 0.885828714 0.603794385 0.422799247 0.410572633 0.420040076 0.000000000 0.228775645 0.626291137 0.677150987 0.655050451 1.052291156 1.020111810 1.260124857 1.280347710 1.259869254 1.248969776 1.250853380 1.249138779 1.262994914 1.293766489 1.246107853 2.060250712 
49     1.151953606 1.478840710 1.166702107 1.124299152 1.062145227 1.148198520 1.030936576 1.183515554 1.373195204 1.306139498 1.259149707 1.286968870 1.272596720 1.216520370 1.256203368 1.274383944 1.272996364 1.215743075 1.247683653 1.232881555 1.262432166 1.193834948 1.208233662 1.207441598 1.211092946 1.119806031 1.204436112 0.839011193 0.847550631 0.875661858 0.592614065 0.413520655 0.400506594 0.409461780 0.228775645 0.000000000 0.616374851 0.666936346 0.644835809 1.042124300 1.009944953 1.249958000 1.270180853 1.249702397 1.238802920 1.240686523 1.238971923 1.252828058 1.283599632 1.235940996 2.050083855 
41     1.109924030 1.436811134 1.124672530 1.082269575 1.020139297 1.106192590 0.988930646 1.141395334 1.331258649 1.264202943 1.217213152 1.245032315 1.230660165 1.174583815 1.214266813 1.232447388 1.231034751 1.173781462 1.205722040 1.190919942 1.220470553 1.151873335 1.166272049 1.165479984 1.169131333 1.077844418 1.162474499 0.797115461 0.805654899 0.833766126 0.553016492 0.650098527 0.640423861 0.649764852 0.626291137 0.616374851 0.000000000 0.624085387 0.601785042 1.001562528 0.969383182 1.209111664 1.229334517 1.208856061 1.197956583 1.199840187 1.198125586 1.211981721 1.241991259 1.194332623 2.008134851 
13     1.068499297 1.395386401 1.083247798 1.040844843 0.978714565 1.064767858 0.947505913 1.100536268 1.290644776 1.223589071 1.176599280 1.204418442 1.190046293 1.133969943 1.173652941 1.191828590 1.190420879 1.133167590 1.165108168 1.150306070 1.179856680 1.111259462 1.125658176 1.124866112 1.128517461 1.037230545 1.121860626 0.757860990 0.766391542 0.794502769 0.565638972 0.700849936 0.690698067 0.699270490 0.677150987 0.666936346 0.624085387 0.000000000 0.295842367 0.958138133 0.925942525 1.166434655 1.186657508 1.166179053 1.155279575 1.157163179 1.155448578 1.169304713 1.198432189 1.150773554 1.966495871 
22     1.045600089 1.372487193 1.060348589 1.017945634 0.955815356 1.041868649 0.924606705 1.077521608 1.267630117 1.200574411 1.153584620 1.181403783 1.167031633 1.110955283 1.150638281 1.168813931 1.167406219 1.110152930 1.142093508 1.127291410 1.156842021 1.088244803 1.102643517 1.101851453 1.105502801 1.014215886 1.098845967 0.733316125 0.741853857 0.769965084 0.542797001 0.678749399 0.668597531 0.677152510 0.655050451 0.644835809 0.601785042 0.295842367 0.000000000 0.934917852 0.902722244 1.143312785 1.163535638 1.143057182 1.132157704 1.134041308 1.132326707 1.146182842 1.175274346 1.127615711 1.943543810 
29     1.074072235 1.400959339 1.088910785 1.046507830 0.983597139 1.069650432 0.952388488 1.108212881 1.294557345 1.227496453 1.180506662 1.208325825 1.193953675 1.137877325 1.177565510 1.195829662 1.195088190 1.137800381 1.169918657 1.155116559 1.184667169 1.116069951 1.130442730 1.129650666 1.133302014 1.042006514 1.126636595 0.959160846 0.967568083 0.995732088 0.939049520 1.077257909 1.066579561 1.075893536 1.052291156 1.042124300 1.001562528 0.958138133 0.934917852 0.000000000 0.520596622 1.090422325 1.110263466 1.089785010 1.078885532 1.080769136 1.079054535 1.092910670 1.171026979 1.123389444 1.970420755 
37     1.041790725 1.368677829 1.056629275 1.014226320 0.951315629 1.037368922 0.920106978 1.075282092 1.261629097 1.194568205 1.147578414 1.175397577 1.161025427 1.104949077 1.144637262 1.162901414 1.162159942 1.104872133 1.136990409 1.122188311 1.151738922 1.083141703 1.097514482 1.096722418 1.100373766 1.009078266 1.093708347 0.926848384 0.935250719 0.963419626 0.906870174 1.045078563 1.034400214 1.043714189 1.020111810 1.009944953 0.969383182 0.925942525 0.902722244 0.520596622 0.000000000 1.057606556 1.077447697 1.056969241 1.046069763 1.047953367 1.046238766 1.060094901 1.139227207 1.091589672 1.937382641 
42     1.287230106 1.614117210 1.301942650 1.259539695 1.196296224 1.282354327 1.165092382 1.320819182 1.505625735 1.438564842 1.391575051 1.418911340 1.404539190 1.348462840 1.388151025 1.406898052 1.405378201 1.348107284 1.380065490 1.365263392 1.394814003 1.326216785 1.340559217 1.339767153 1.343418502 1.252113958 1.336744039 1.168188115 1.176590450 1.204759357 1.147687459 1.285089361 1.274411013 1.283723019 1.260124857 1.249958000 1.209111664 1.166434655 1.143312785 1.090422325 1.057606556 0.000000000 0.567036980 0.551292058 0.537693189 0.542056805 0.539784260 0.555873049 1.384245644 1.336593882 2.181062948 
10     1.307477470 1.634364574 1.322190015 1.279787060 1.216543588 1.302601691 1.185339747 1.340853267 1.525920446 1.458859553 1.411869763 1.439206051 1.424833902 1.368757551 1.408445736 1.427192763 1.425549160 1.368278243 1.400236449 1.385434351 1.414984962 1.346387744 1.360730176 1.359938112 1.363589461 1.272284917 1.356914998 1.188592828 1.196995162 1.225164070 1.167910313 1.305312214 1.294633866 1.303945873 1.280347710 1.270180853 1.229334517 1.186657508 1.163535638 1.110263466 1.077447697 0.567036980 0.000000000 0.345171662 0.333995691 0.342076195 0.341888092 0.354286753 1.404430488 1.356778726 2.201310312 
31     1.286999014 1.613886118 1.301711559 1.259308604 1.196065132 1.282123235 1.164861291 1.320374811 1.505441990 1.438381098 1.391391307 1.418727595 1.404355446 1.348279096 1.387967280 1.406714307 1.405070705 1.347799787 1.379757994 1.364955896 1.394506506 1.325909288 1.340251721 1.339459656 1.343111005 1.251806461 1.336436542 1.168114372 1.176516706 1.204685614 1.147431857 1.284833759 1.274155411 1.283467417 1.259869254 1.249702397 1.208856061 1.166179053 1.143057182 1.089785010 1.056969241 0.551292058 0.345171662 0.000000000 0.140856380 0.163252308 0.167272145 0.248106870 1.383952032 1.336300271 2.180831857 
39     1.276099536 1.602986640 1.290812081 1.248409126 1.185165655 1.271223757 1.153961813 1.309475333 1.494542512 1.427481620 1.380491829 1.407828117 1.393455968 1.337379618 1.377067802 1.395814829 1.394171227 1.336900309 1.368858516 1.354056418 1.383607029 1.315009810 1.329352243 1.328560178 1.332211527 1.240906983 1.325537064 1.157214894 1.165617228 1.193786136 1.136532379 1.273934281 1.263255933 1.272567939 1.248969776 1.238802920 1.197956583 1.155279575 1.132157704 1.078885532 1.046069763 0.537693189 0.333995691 0.140856380 0.000000000 0.149404335 0.148424081 0.235161800 1.373052554 1.325400793 2.169932379 
21     1.277983140 1.604870244 1.292695685 1.250292730 1.187049258 1.273107361 1.155845417 1.311358937 1.496426116 1.429365223 1.382375433 1.409711721 1.395339572 1.339263221 1.378951406 1.397698433 1.396054830 1.338783913 1.370742119 1.355940021 1.385490632 1.316893414 1.331235846 1.330443782 1.334095131 1.242790587 1.327420668 1.159098498 1.167500832 1.195669740 1.138415983 1.275817884 1.265139536 1.274451543 1.250853380 1.240686523 1.199840187 1.157163179 1.134041308 1.080769136 1.047953367 0.542056805 0.342076195 0.163252308 0.149404335 0.000000000 0.098376517 0.236086303 1.374936158 1.327284396 2.171815982 
24     1.276268540 1.603155644 1.290981084 1.248578129 1.185334658 1.271392761 1.154130817 1.309644337 1.494711515 1.427650623 1.380660832 1.407997121 1.393624971 1.337548621 1.377236806 1.395983832 1.394340230 1.337069313 1.369027519 1.354225421 1.383776032 1.315178814 1.329521246 1.328729182 1.332380530 1.241075986 1.325706067 1.157383897 1.165786232 1.193955139 1.136701382 1.274103284 1.263424936 1.272736942 1.249138779 1.238971923 1.198125586 1.155448578 1.132326707 1.079054535 1.046238766 0.539784260 0.341888092 0.167272145 0.148424081 0.098376517 0.000000000 0.239557334 1.373221557 1.325569796 2.170101382 
25     1.290124674 1.617011778 1.304837219 1.262434264 1.199190793 1.285248895 1.167986951 1.323500471 1.508567650 1.441506758 1.394516967 1.421853255 1.407481106 1.351404756 1.391092940 1.409839967 1.408196365 1.350925447 1.382883654 1.368081556 1.397632167 1.329034948 1.343377381 1.342585316 1.346236665 1.254932121 1.339562202 1.171240032 1.179642366 1.207811274 1.150557517 1.287959419 1.277281071 1.286593077 1.262994914 1.252828058 1.211981721 1.169304713 1.146182842 1.092910670 1.060094901 0.555873049 0.354286753 0.248106870 0.235161800 0.236086303 0.239557334 0.000000000 1.387077692 1.339425931 2.183957517 
14     1.318784032 1.645671136 1.333511667 1.291108712 1.227643339 1.313696631 1.196434687 1.354408409 1.541025199 1.473964307 1.426974516 1.454793679 1.440421529 1.384345179 1.424033364 1.441609427 1.442413844 1.385081643 1.416666562 1.401864464 1.431415075 1.363395605 1.377731799 1.376939735 1.380591084 1.289304168 1.373934249 1.201953449 1.210360686 1.238524691 1.181229789 1.318550359 1.307897602 1.317210768 1.293766489 1.283599632 1.241991259 1.198432189 1.175274346 1.171026979 1.139227207 1.384245644 1.404430488 1.383952032 1.373052554 1.374936158 1.373221557 1.387077692 0.000000000 0.318149158 2.213247963 
16     1.271090500 1.597977604 1.285818134 1.243415179 1.179949806 1.266003099 1.148741155 1.306714877 1.493331667 1.426270775 1.379280984 1.407100147 1.392727997 1.336651647 1.376339832 1.393915895 1.394720312 1.337388111 1.368973030 1.354170932 1.383721543 1.315702073 1.330038267 1.329246203 1.332897552 1.241610636 1.326240717 1.154294814 1.162702050 1.190866056 1.133571153 1.270891723 1.260238966 1.269552132 1.246107853 1.235940996 1.194332623 1.150773554 1.127615711 1.123389444 1.091589672 1.336593882 1.356778726 1.336300271 1.325400793 1.327284396 1.325569796 1.339425931 0.318149158 0.000000000 2.165554430 
0     1.949828138 2.276364994 1.964190208 1.921794736 1.858902278 1.944617206 1.827355262 2.005121691 2.198715559 2.131694060 2.084704270 2.112445479 2.098073330 2.041996980 2.082360377 2.100341768 2.097979397 2.040822918 2.072670868 2.057868770 2.087342095 2.019048944 2.033066160 2.032274096 2.035925445 1.944715613 2.029345694 1.971471253 1.979874554 2.008042495 1.947920125 2.085095454 2.074417106 2.083755862 2.060250712 2.050083855 2.008134851 1.966495871 1.943543810 1.970420755 1.937382641 2.181062948 2.201310312 2.180831857 2.169932379 2.171815982 2.170101382 2.183957517 2.213247963 2.165554430 0.000000000 
