51
3     0.000000000 0.004373973 0.002485230 0.004610993 0.002499589 0.003852723 0.007344087 0.004731083 0.004205567 0.004100179 0.003861158 0.003885660 0.003931670 0.003740776 0.004664012 0.003500415 0.003529963 0.003590518 0.004420770 0.007030062 0.003056112 0.003494152 0.003558743 0.002955005 0.003738552 0.002594630 0.002558730 0.002307133 0.004029379 0.002455367 0.002489156 0.003190458 0.003188377 0.003503519 0.003605361 0.003325738 0.004051318 0.002730625 0.002816604 0.002469209 0.003508629 0.002950202 0.003132445 0.003163351 0.002840266 0.003015307 0.002942857 0.002886668 0.002962539 0.002810900 0.006320931 
4     0.004373973 0.000000000 0.005097186 0.007206828 0.005098993 0.006501256 0.010027895 0.007403609 0.006873535 0.006731692 0.006512756 0.006537177 0.006582689 0.006404983 0.007314046 0.006160064 0.006184311 0.006254997 0.007084094 0.009667269 0.005679894 0.006087162 0.006218244 0.005619509 0.006377446 0.005241813 0.005202364 0.004971561 0.006690286 0.005114895 0.005148842 0.005862608 0.005817615 0.006110123 0.006227146 0.005903056 0.006661941 0.005384967 0.005464701 0.005119609 0.006130197 0.005584381 0.005757521 0.005773955 0.005435180 0.005626709 0.005555050 0.005470384 0.005590804 0.005423110 0.008913040 
1     0.002485230 0.005097186 0.000000000 0.004500670 0.002963214 0.004381715 0.007881523 0.005259936 0.004735616 0.004602130 0.004360715 0.004403098 0.004434216 0.004265280 0.005191738 0.004036010 0.004071223 0.004131928 0.004952823 0.007584230 0.003564029 0.004009263 0.004099745 0.003490508 0.004272320 0.003138290 0.003091220 0.002840260 0.004564578 0.002989363 0.003055896 0.003752936 0.003714025 0.004058467 0.004157556 0.003851133 0.004592548 0.003262841 0.003325139 0.002990515 0.003992786 0.003459631 0.003647175 0.003624012 0.003313072 0.003510714 0.003440591 0.003365448 0.003506622 0.003351703 0.006838147 
2     0.004610993 0.007206828 0.004500670 0.000000000 0.005067271 0.006517409 0.010023044 0.007408036 0.006865472 0.006750280 0.006514433 0.006536574 0.006586919 0.006399543 0.007269800 0.006171053 0.006192490 0.006267592 0.007079223 0.009712546 0.005679651 0.006134682 0.006178755 0.005589789 0.006361242 0.005246264 0.005200784 0.004957041 0.006666850 0.005085575 0.005157827 0.005859255 0.005815897 0.006148384 0.006261596 0.005976630 0.006703242 0.005363095 0.005444990 0.005104906 0.006100214 0.005569424 0.005762296 0.005781776 0.005454682 0.005656163 0.005582659 0.005512135 0.005624417 0.005469092 0.008964180 
50     0.002499589 0.005098993 0.002963214 0.005067271 0.000000000 0.003250912 0.006769721 0.004136120 0.003603373 0.003518007 0.003269550 0.003296972 0.003345474 0.003113195 0.004034793 0.002890798 0.002934697 0.002991681 0.003889672 0.006848277 0.002883117 0.003305166 0.003674609 0.003070193 0.003842403 0.002681174 0.002639622 0.002433641 0.004139222 0.002568671 0.002601358 0.003293983 0.003228046 0.003569252 0.003672821 0.003397099 0.004123914 0.002804909 0.002855812 0.002521492 0.003582659 0.003004573 0.003213760 0.003209132 0.002889837 0.003049077 0.002969731 0.002911001 0.003071894 0.002937106 0.006469078 
23     0.003852723 0.006501256 0.004381715 0.006517409 0.003250912 0.000000000 0.006824418 0.004224389 0.003673915 0.003638119 0.003359948 0.003391998 0.003451707 0.003326276 0.004235735 0.003077326 0.003105659 0.003164028 0.004623172 0.008230028 0.004249939 0.004650030 0.005064175 0.004465311 0.005224580 0.004021282 0.003988314 0.003833354 0.005555460 0.003933371 0.003932457 0.004610639 0.004554631 0.004964296 0.005053460 0.004825899 0.005541830 0.004185265 0.004273928 0.003902934 0.004967255 0.004374071 0.004572977 0.004521901 0.004209134 0.004361680 0.004266278 0.004200036 0.004461882 0.004343181 0.007833959 
41     0.007344087 0.010027895 0.007881523 0.010023044 0.006769721 0.006824418 0.000000000 0.007300139 0.006695157 0.006669666 0.006409901 0.006469227 0.006518427 0.006808942 0.007635215 0.006575095 0.006619056 0.006663203 0.007982275 0.011674742 0.007773093 0.008184440 0.008558646 0.007931111 0.008696325 0.007573702 0.007536875 0.007347323 0.009066389 0.007442431 0.007372037 0.008112833 0.008098705 0.008487248 0.008591066 0.008313735 0.009034105 0.007678203 0.007764691 0.007377398 0.008430378 0.007889106 0.008095793 0.008028901 0.007717717 0.007889412 0.007819734 0.007714595 0.007995629 0.007853782 0.011406279 
21     0.004731083 0.007403609 0.005259936 0.007408036 0.004136120 0.004224389 0.007300139 0.000000000 0.001851136 0.003232576 0.002924196 0.002982016 0.003032967 0.004178313 0.005111281 0.003905157 0.003936671 0.003988015 0.005489809 0.009119360 0.005141925 0.005544718 0.005962682 0.005357799 0.006135536 0.004947539 0.004916915 0.004747781 0.006421410 0.004844548 0.004858240 0.005528305 0.005426825 0.005842506 0.005898327 0.005738802 0.006452579 0.005087667 0.005162315 0.004791395 0.005886668 0.005280190 0.005477846 0.005427597 0.005092747 0.005276152 0.005194234 0.005087369 0.005406026 0.005241178 0.008781685 
24     0.004205567 0.006873535 0.004735616 0.006865472 0.003603373 0.003673915 0.006695157 0.001851136 0.000000000 0.002553205 0.002238850 0.002313325 0.002334736 0.003601131 0.004530441 0.003343836 0.003377585 0.003425737 0.004901176 0.008592799 0.004599091 0.005002908 0.005407478 0.004809080 0.005580476 0.004401817 0.004370261 0.004198891 0.005867474 0.004295694 0.004298866 0.004994413 0.004860416 0.005314866 0.005370802 0.005177882 0.005899533 0.004542635 0.004640277 0.004262781 0.005351602 0.004749525 0.004942149 0.004918655 0.004586069 0.004766910 0.004683701 0.004578638 0.004847547 0.004687522 0.008202936 
42     0.004100179 0.006731692 0.004602130 0.006750280 0.003518007 0.003638119 0.006669666 0.003232576 0.002553205 0.000000000 0.000947614 0.001032984 0.001083298 0.003565082 0.004439451 0.003297258 0.003336632 0.003379077 0.004818967 0.008501315 0.004500708 0.004942769 0.005297112 0.004701530 0.005457660 0.004302590 0.004268170 0.004097697 0.005805624 0.004217604 0.004193333 0.004904824 0.004814788 0.005239351 0.005339118 0.005063655 0.005781700 0.004425233 0.004509289 0.004126555 0.005230663 0.004632111 0.004840336 0.004799619 0.004484959 0.004658083 0.004575192 0.004463484 0.004725560 0.004575825 0.008123663 
46     0.003861158 0.006512756 0.004360715 0.006514433 0.003269550 0.003359948 0.006409901 0.002924196 0.002238850 0.000947614 0.000000000 0.000512957 0.000582215 0.003300761 0.004198263 0.003041554 0.003081332 0.003123971 0.004550501 0.008285502 0.004275064 0.004706942 0.005047294 0.004451964 0.005206078 0.004050010 0.004015026 0.003848418 0.005545183 0.003969534 0.003940646 0.004649277 0.004572845 0.005000204 0.005099786 0.004839626 0.005556519 0.004187962 0.004270615 0.003883003 0.004993196 0.004395533 0.004604416 0.004534371 0.004220425 0.004398973 0.004310777 0.004196420 0.004484440 0.004328943 0.007892982 
43     0.003885660 0.006537177 0.004403098 0.006536574 0.003296972 0.003391998 0.006469227 0.002982016 0.002313325 0.001032984 0.000512957 0.000000000 0.000652755 0.003358600 0.004248938 0.003094232 0.003134010 0.003176649 0.004581894 0.008313011 0.004298698 0.004730548 0.005076604 0.004479968 0.005236126 0.004073101 0.004038391 0.003885112 0.005589508 0.004006861 0.003964222 0.004684143 0.004590099 0.005019561 0.005118079 0.004869830 0.005590130 0.004209279 0.004292789 0.003909683 0.005015906 0.004417683 0.004626438 0.004553148 0.004239194 0.004417719 0.004329531 0.004215017 0.004507548 0.004350562 0.007922648 
48     0.003931670 0.006582689 0.004434216 0.006586919 0.003345474 0.003451707 0.006518427 0.003032967 0.002334736 0.001083298 0.000582215 0.000652755 0.000000000 0.003385643 0.004286192 0.003131608 0.003171234 0.003214026 0.004638740 0.008364868 0.004360706 0.004788493 0.005126403 0.004533041 0.005284021 0.004133913 0.004094311 0.003928959 0.005635786 0.004048988 0.004026292 0.004742291 0.004648740 0.005075598 0.005175590 0.004914493 0.005632179 0.004266392 0.004348915 0.003965606 0.005072962 0.004474406 0.004683245 0.004607322 0.004290365 0.004469635 0.004381622 0.004266491 0.004556235 0.004401323 0.007973446 
37     0.003740776 0.006404983 0.004265280 0.006399543 0.003113195 0.003326276 0.006808942 0.004178313 0.003601131 0.003565082 0.003300761 0.003358600 0.003385643 0.000000000 0.002783868 0.002113704 0.002169150 0.002206729 0.004426739 0.008146971 0.004141805 0.004555426 0.004959906 0.004334880 0.005115735 0.003920756 0.003884801 0.003714866 0.005415099 0.003857149 0.003843716 0.004544308 0.004453132 0.004850021 0.004924307 0.004695162 0.005400460 0.004091008 0.004161777 0.003785127 0.004865329 0.004263645 0.004479949 0.004450663 0.004147614 0.004300779 0.004212297 0.004141425 0.004336037 0.004195120 0.007772760 
20     0.004664012 0.007314046 0.005191738 0.007269800 0.004034793 0.004235735 0.007635215 0.005111281 0.004530441 0.004439451 0.004198263 0.004248938 0.004286192 0.002783868 0.000000000 0.003044368 0.003092581 0.003130876 0.005375238 0.009030751 0.005018756 0.005438069 0.005840535 0.005220531 0.006009128 0.004853590 0.004810001 0.004617946 0.006311733 0.004756366 0.004759073 0.005465543 0.005351879 0.005757149 0.005839521 0.005594108 0.006300063 0.004979819 0.005036243 0.004683902 0.005739240 0.005164627 0.005385053 0.005405621 0.005093179 0.005241680 0.005152751 0.005082551 0.005224145 0.005080286 0.008672846 
26     0.003500415 0.006160064 0.004036010 0.006171053 0.002890798 0.003077326 0.006575095 0.003905157 0.003343836 0.003297258 0.003041554 0.003094232 0.003131608 0.002113704 0.003044368 0.000000000 0.000518729 0.000558445 0.004216405 0.007908199 0.003906502 0.004308038 0.004698612 0.004092017 0.004864449 0.003691287 0.003652954 0.003459323 0.005163037 0.003604076 0.003604182 0.004297311 0.004199237 0.004602204 0.004673694 0.004483571 0.005196800 0.003875509 0.003966926 0.003567236 0.004627041 0.004038592 0.004249618 0.004256511 0.003945519 0.004121156 0.004033535 0.003940032 0.004136448 0.003995972 0.007545684 
18     0.003529963 0.006184311 0.004071223 0.006192490 0.002934697 0.003105659 0.006619056 0.003936671 0.003377585 0.003336632 0.003081332 0.003134010 0.003171234 0.002169150 0.003092581 0.000518729 0.000000000 0.000437280 0.004263532 0.007946928 0.003939454 0.004344262 0.004735243 0.004120034 0.004897375 0.003722689 0.003685842 0.003491458 0.005194046 0.003637896 0.003634069 0.004328351 0.004234689 0.004630643 0.004703324 0.004522788 0.005205612 0.003905427 0.003998611 0.003598649 0.004656734 0.004069498 0.004279969 0.004287305 0.003978551 0.004151556 0.004064429 0.003970977 0.004169378 0.004028837 0.007585774 
13     0.003590518 0.006254997 0.004131928 0.006267592 0.002991681 0.003164028 0.006663203 0.003988015 0.003425737 0.003379077 0.003123971 0.003176649 0.003214026 0.002206729 0.003130876 0.000558445 0.000437280 0.000000000 0.004312822 0.008005499 0.004000308 0.004405049 0.004799196 0.004184313 0.004961269 0.003788545 0.003750653 0.003555717 0.005259719 0.003701717 0.003697760 0.004391854 0.004294996 0.004690704 0.004763384 0.004582990 0.005282841 0.003965428 0.004058612 0.003658684 0.004716949 0.004129146 0.004339909 0.004347438 0.004038602 0.004211606 0.004124207 0.004030402 0.004228664 0.004085983 0.007646406 
10     0.004420770 0.007084094 0.004952823 0.007079223 0.003889672 0.004623172 0.007982275 0.005489809 0.004901176 0.004818967 0.004550501 0.004581894 0.004638740 0.004426739 0.005375238 0.004216405 0.004263532 0.004312822 0.000000000 0.008840458 0.004790875 0.005223542 0.005598339 0.004990722 0.005749873 0.004559233 0.004520695 0.004377092 0.006087633 0.004483337 0.004527982 0.005215979 0.005166272 0.005562734 0.005645303 0.005373617 0.006085583 0.004722817 0.004800532 0.004412481 0.005505491 0.004935589 0.005132349 0.005111646 0.004807913 0.004983916 0.004904529 0.004797216 0.005016537 0.004875240 0.008432040 
40     0.007030062 0.009667269 0.007584230 0.009712546 0.006848277 0.008230028 0.011674742 0.009119360 0.008592799 0.008501315 0.008285502 0.008313011 0.008364868 0.008146971 0.009030751 0.007908199 0.007946928 0.008005499 0.008840458 0.000000000 0.005748588 0.006189417 0.008210045 0.007589845 0.008389489 0.007230698 0.007153938 0.006991196 0.008677022 0.007167770 0.007159264 0.007867602 0.007777946 0.008091457 0.008217845 0.007880515 0.008607702 0.007336907 0.007402335 0.007063703 0.008112165 0.007560355 0.007730846 0.007739936 0.007426765 0.007585093 0.007502336 0.007506270 0.007496628 0.007433473 0.011127279 
45     0.003056112 0.005679894 0.003564029 0.005679651 0.002883117 0.004249939 0.007773093 0.005141925 0.004599091 0.004500708 0.004275064 0.004298698 0.004360706 0.004141805 0.005018756 0.003906502 0.003939454 0.004000308 0.004790875 0.005748588 0.000000000 0.001374254 0.004178417 0.003570552 0.004362239 0.003172587 0.003147724 0.002944000 0.004640534 0.003098043 0.003153213 0.003855663 0.003753907 0.004132101 0.004223458 0.003887015 0.004669270 0.003305000 0.003382375 0.003046437 0.004091703 0.003532591 0.003729489 0.003770489 0.003454725 0.003620094 0.003538710 0.003505455 0.003559909 0.003447407 0.006999446 
5     0.003494152 0.006087162 0.004009263 0.006134682 0.003305166 0.004650030 0.008184440 0.005544718 0.005002908 0.004942769 0.004706942 0.004730548 0.004788493 0.004555426 0.005438069 0.004308038 0.004344262 0.004405049 0.005223542 0.006189417 0.001374254 0.000000000 0.004645357 0.004031816 0.004817119 0.003624733 0.003609349 0.003385074 0.005075511 0.003539670 0.003591161 0.004304563 0.004229946 0.004556286 0.004663111 0.004326827 0.005093272 0.003760274 0.003852728 0.003523391 0.004587418 0.004009243 0.004212730 0.004228277 0.003909949 0.004093572 0.004012087 0.003963174 0.004033807 0.003916262 0.007424304 
6     0.003558743 0.006218244 0.004099745 0.006178755 0.003674609 0.005064175 0.008558646 0.005962682 0.005407478 0.005297112 0.005047294 0.005076604 0.005126403 0.004959906 0.005840535 0.004698612 0.004735243 0.004799196 0.005598339 0.008210045 0.004178417 0.004645357 0.000000000 0.001735618 0.002495430 0.002605472 0.002571358 0.002334834 0.004144341 0.002502647 0.002768597 0.003469862 0.003996727 0.004344684 0.004441398 0.004480119 0.005221640 0.003839934 0.003910408 0.003566018 0.004621070 0.004056914 0.004256380 0.004276406 0.003958512 0.004000783 0.003917240 0.004039783 0.004125746 0.003972922 0.007514283 
19     0.002955005 0.005619509 0.003490508 0.005589789 0.003070193 0.004465311 0.007931111 0.005357799 0.004809080 0.004701530 0.004451964 0.004479968 0.004533041 0.004334880 0.005220531 0.004092017 0.004120034 0.004184313 0.004990722 0.007589845 0.003570552 0.004031816 0.001735618 0.000000000 0.001847506 0.002005683 0.001972600 0.001757252 0.003545310 0.001918209 0.002148654 0.002862941 0.003396430 0.003738640 0.003840700 0.003877078 0.004613114 0.003228041 0.003305440 0.002956384 0.004009224 0.003447233 0.003646638 0.003676260 0.003371006 0.003405219 0.003324396 0.003443358 0.003513670 0.003364690 0.006894970 
39     0.003738552 0.006377446 0.004272320 0.006361242 0.003842403 0.005224580 0.008696325 0.006135536 0.005580476 0.005457660 0.005206078 0.005236126 0.005284021 0.005115735 0.006009128 0.004864449 0.004897375 0.004961269 0.005749873 0.008389489 0.004362239 0.004817119 0.002495430 0.001847506 0.000000000 0.002798256 0.002764535 0.002529379 0.004323536 0.002707344 0.002947862 0.003645928 0.004155346 0.004518130 0.004608485 0.004638492 0.005371208 0.004012593 0.004082934 0.003726804 0.004790487 0.004226979 0.004426596 0.004437660 0.004135315 0.004166179 0.004087830 0.004199131 0.004285635 0.004143492 0.007680550 
7     0.002594630 0.005241813 0.003138290 0.005246264 0.002681174 0.004021282 0.007573702 0.004947539 0.004401817 0.004302590 0.004050010 0.004073101 0.004133913 0.003920756 0.004853590 0.003691287 0.003722689 0.003788545 0.004559233 0.007230698 0.003172587 0.003624733 0.002605472 0.002005683 0.002798256 0.000000000 0.000493305 0.001316421 0.003135251 0.001523087 0.001815966 0.002500779 0.002990078 0.003377907 0.003471932 0.003497804 0.004242763 0.002880314 0.002939611 0.002601495 0.003650261 0.003078371 0.003282924 0.003298546 0.002996932 0.003180540 0.003085978 0.003067062 0.003156838 0.003007978 0.006648515 
33     0.002558730 0.005202364 0.003091220 0.005200784 0.002639622 0.003988314 0.007536875 0.004916915 0.004370261 0.004268170 0.004015026 0.004038391 0.004094311 0.003884801 0.004810001 0.003652954 0.003685842 0.003750653 0.004520695 0.007153938 0.003147724 0.003609349 0.002571358 0.001972600 0.002764535 0.000493305 0.000000000 0.001280796 0.003098510 0.001492628 0.001772926 0.002463283 0.002941266 0.003328425 0.003417110 0.003463524 0.004209192 0.002836980 0.002905204 0.002563496 0.003605564 0.003033273 0.003238923 0.003259524 0.002957872 0.003139710 0.003045449 0.003033635 0.003085289 0.002968345 0.006646688 
8     0.002307133 0.004971561 0.002840260 0.004957041 0.002433641 0.003833354 0.007347323 0.004747781 0.004198891 0.004097697 0.003848418 0.003885112 0.003928959 0.003714866 0.004617946 0.003459323 0.003491458 0.003555717 0.004377092 0.006991196 0.002944000 0.003385074 0.002334834 0.001757252 0.002529379 0.001316421 0.001280796 0.000000000 0.002466461 0.000819569 0.001512455 0.002194774 0.002714699 0.003087432 0.003181335 0.003200188 0.003937189 0.002565885 0.002626347 0.002284054 0.003336500 0.002776396 0.002967515 0.002997331 0.002693693 0.002871279 0.002782795 0.002769443 0.002850617 0.002692390 0.006448650 
15     0.004029379 0.006690286 0.004564578 0.006666850 0.004139222 0.005555460 0.009066389 0.006421410 0.005867474 0.005805624 0.005545183 0.005589508 0.005635786 0.005415099 0.006311733 0.005163037 0.005194046 0.005259719 0.006087633 0.008677022 0.004640534 0.005075511 0.004144341 0.003545310 0.004323536 0.003135251 0.003098510 0.002466461 0.000000000 0.002649002 0.003284314 0.003963299 0.004482537 0.004852026 0.004941306 0.004911480 0.005637364 0.004279884 0.004343994 0.003995857 0.005074160 0.004509253 0.004678636 0.004731341 0.004432729 0.004615849 0.004528499 0.004502078 0.004573921 0.004441808 0.008104352 
22     0.002455367 0.005114895 0.002989363 0.005085575 0.002568671 0.003933371 0.007442431 0.004844548 0.004295694 0.004217604 0.003969534 0.004006861 0.004048988 0.003857149 0.004756366 0.003604076 0.003637896 0.003701717 0.004483337 0.007167770 0.003098043 0.003539670 0.002502647 0.001918209 0.002707344 0.001523087 0.001492628 0.000819569 0.002649002 0.000000000 0.001691818 0.002388524 0.002857493 0.003240570 0.003327041 0.003360372 0.004095111 0.002748253 0.002804286 0.002465239 0.003525024 0.002951344 0.003154605 0.003167355 0.002870625 0.003050014 0.002962698 0.002921028 0.003017664 0.002861171 0.006580655 
35     0.002489156 0.005148842 0.003055896 0.005157827 0.002601358 0.003932457 0.007372037 0.004858240 0.004298866 0.004193333 0.003940646 0.003964222 0.004026292 0.003843716 0.004759073 0.003604182 0.003634069 0.003697760 0.004527982 0.007159264 0.003153213 0.003591161 0.002768597 0.002148654 0.002947862 0.001815966 0.001772926 0.001512455 0.003284314 0.001691818 0.000000000 0.001652086 0.002904340 0.003273951 0.003384358 0.003400276 0.004150296 0.002820222 0.002883276 0.002541758 0.003590104 0.003026301 0.003220679 0.003235852 0.002916791 0.003100191 0.003019879 0.002996940 0.003069831 0.002916295 0.006602139 
30     0.003190458 0.005862608 0.003752936 0.005859255 0.003293983 0.004610639 0.008112833 0.005528305 0.004994413 0.004904824 0.004649277 0.004684143 0.004742291 0.004544308 0.005465543 0.004297311 0.004328351 0.004391854 0.005215979 0.007867602 0.003855663 0.004304563 0.003469862 0.002862941 0.003645928 0.002500779 0.002463283 0.002194774 0.003963299 0.002388524 0.001652086 0.000000000 0.003595538 0.003988977 0.004079752 0.004084182 0.004824559 0.003511492 0.003564179 0.003228166 0.004286483 0.003725153 0.003919245 0.003921334 0.003606697 0.003788463 0.003704843 0.003682399 0.003757171 0.003612887 0.007318939 
49     0.003188377 0.005817615 0.003714025 0.005815897 0.003228046 0.004554631 0.008098705 0.005426825 0.004860416 0.004814788 0.004572845 0.004590099 0.004648740 0.004453132 0.005351879 0.004199237 0.004234689 0.004294996 0.005166272 0.007777946 0.003753907 0.004229946 0.003996727 0.003396430 0.004155346 0.002990078 0.002941266 0.002714699 0.004482537 0.002857493 0.002904340 0.003595538 0.000000000 0.002522972 0.002557846 0.004009826 0.004734216 0.003375243 0.003456901 0.003114915 0.004184526 0.003615737 0.003816124 0.003829614 0.003509940 0.003695043 0.003612196 0.003589242 0.003658940 0.003504007 0.007150359 
36     0.003503519 0.006110123 0.004058467 0.006148384 0.003569252 0.004964296 0.008487248 0.005842506 0.005314866 0.005239351 0.005000204 0.005019561 0.005075598 0.004850021 0.005757149 0.004602204 0.004630643 0.004690704 0.005562734 0.008091457 0.004132101 0.004556286 0.004344684 0.003738640 0.004518130 0.003377907 0.003328425 0.003087432 0.004852026 0.003240570 0.003273951 0.003988977 0.002522972 0.000000000 0.001412331 0.004390515 0.005119136 0.003779982 0.003842753 0.003505327 0.004573047 0.004001958 0.004192998 0.004219926 0.003892932 0.004090255 0.004003674 0.003992336 0.004042358 0.003895509 0.007556657 
14     0.003605361 0.006227146 0.004157556 0.006261596 0.003672821 0.005053460 0.008591066 0.005898327 0.005370802 0.005339118 0.005099786 0.005118079 0.005175590 0.004924307 0.005839521 0.004673694 0.004703324 0.004763384 0.005645303 0.008217845 0.004223458 0.004663111 0.004441398 0.003840700 0.004608485 0.003471932 0.003417110 0.003181335 0.004941306 0.003327041 0.003384358 0.004079752 0.002557846 0.001412331 0.000000000 0.004479706 0.005213017 0.003876594 0.003934448 0.003599343 0.004660863 0.004095627 0.004287674 0.004293265 0.003968748 0.004159925 0.004071644 0.004061264 0.004134313 0.003982989 0.007651341 
38     0.003325738 0.005903056 0.003851133 0.005976630 0.003397099 0.004825899 0.008313735 0.005738802 0.005177882 0.005063655 0.004839626 0.004869830 0.004914493 0.004695162 0.005594108 0.004483571 0.004522788 0.004582990 0.005373617 0.007880515 0.003887015 0.004326827 0.004480119 0.003877078 0.004638492 0.003497804 0.003463524 0.003200188 0.004911480 0.003360372 0.003400276 0.004084182 0.004009826 0.004390515 0.004479706 0.000000000 0.003407996 0.003081235 0.003187903 0.002838704 0.003849719 0.003263965 0.003454748 0.003496059 0.003220853 0.003358176 0.003281706 0.003252980 0.003363873 0.003205446 0.007343809 
44     0.004051318 0.006661941 0.004592548 0.006703242 0.004123914 0.005541830 0.009034105 0.006452579 0.005899533 0.005781700 0.005556519 0.005590130 0.005632179 0.005400460 0.006300063 0.005196800 0.005205612 0.005282841 0.006085583 0.008607702 0.004669270 0.005093272 0.005221640 0.004613114 0.005371208 0.004242763 0.004209192 0.003937189 0.005637364 0.004095111 0.004150296 0.004824559 0.004734216 0.005119136 0.005213017 0.003407996 0.000000000 0.003812374 0.003913202 0.003571849 0.004611123 0.004027809 0.004215726 0.004240879 0.003971958 0.004107631 0.004031823 0.004005173 0.004112587 0.003943606 0.008001098 
9     0.002730625 0.005384967 0.003262841 0.005363095 0.002804909 0.004185265 0.007678203 0.005087667 0.004542635 0.004425233 0.004187962 0.004209279 0.004266392 0.004091008 0.004979819 0.003875509 0.003905427 0.003965428 0.004722817 0.007336907 0.003305000 0.003760274 0.003839934 0.003228041 0.004012593 0.002880314 0.002836980 0.002565885 0.004279884 0.002748253 0.002820222 0.003511492 0.003375243 0.003779982 0.003876594 0.003081235 0.003812374 0.000000000 0.001330375 0.000998478 0.002611744 0.002019533 0.002218184 0.002710581 0.002436005 0.002571374 0.002503053 0.002471390 0.002531108 0.002381349 0.006695301 
28     0.002816604 0.005464701 0.003325139 0.005444990 0.002855812 0.004273928 0.007764691 0.005162315 0.004640277 0.004509289 0.004270615 0.004292789 0.004348915 0.004161777 0.005036243 0.003966926 0.003998611 0.004058612 0.004800532 0.007402335 0.003382375 0.003852728 0.003910408 0.003305440 0.004082934 0.002939611 0.002905204 0.002626347 0.004343994 0.002804286 0.002883276 0.003564179 0.003456901 0.003842753 0.003934448 0.003187903 0.003913202 0.001330375 0.000000000 0.000924470 0.002648402 0.002082202 0.002293426 0.002792321 0.002517630 0.002649205 0.002576477 0.002555728 0.002617757 0.002472182 0.006759847 
27     0.002469209 0.005119609 0.002990515 0.005104906 0.002521492 0.003902934 0.007377398 0.004791395 0.004262781 0.004126555 0.003883003 0.003909683 0.003965606 0.003785127 0.004683902 0.003567236 0.003598649 0.003658684 0.004412481 0.007063703 0.003046437 0.003523391 0.003566018 0.002956384 0.003726804 0.002601495 0.002563496 0.002284054 0.003995857 0.002465239 0.002541758 0.003228166 0.003114915 0.003505327 0.003599343 0.002838704 0.003571849 0.000998478 0.000924470 0.000000000 0.002328764 0.001734796 0.001942800 0.002431959 0.002157013 0.002286821 0.002217332 0.002193654 0.002251798 0.002103869 0.006419030 
29     0.003508629 0.006130197 0.003992786 0.006100214 0.003582659 0.004967255 0.008430378 0.005886668 0.005351602 0.005230663 0.004993196 0.005015906 0.005072962 0.004865329 0.005739240 0.004627041 0.004656734 0.004716949 0.005505491 0.008112165 0.004091703 0.004587418 0.004621070 0.004009224 0.004790487 0.003650261 0.003605564 0.003336500 0.005074160 0.003525024 0.003590104 0.004286483 0.004184526 0.004573047 0.004660863 0.003849719 0.004611123 0.002611744 0.002648402 0.002328764 0.000000000 0.001887171 0.002207364 0.003487608 0.003215548 0.003350603 0.003279084 0.003230980 0.003295353 0.003152881 0.007453635 
17     0.002950202 0.005584381 0.003459631 0.005569424 0.003004573 0.004374071 0.007889106 0.005280190 0.004749525 0.004632111 0.004395533 0.004417683 0.004474406 0.004263645 0.005164627 0.004038592 0.004069498 0.004129146 0.004935589 0.007560355 0.003532591 0.004009243 0.004056914 0.003447233 0.004226979 0.003078371 0.003033273 0.002776396 0.004509253 0.002951344 0.003026301 0.003725153 0.003615737 0.004001958 0.004095627 0.003263965 0.004027809 0.002019533 0.002082202 0.001734796 0.001887171 0.000000000 0.001618495 0.002882568 0.002613918 0.002742329 0.002679776 0.002633450 0.002693744 0.002552476 0.006873830 
31     0.003132445 0.005757521 0.003647175 0.005762296 0.003213760 0.004572977 0.008095793 0.005477846 0.004942149 0.004840336 0.004604416 0.004626438 0.004683245 0.004479949 0.005385053 0.004249618 0.004279969 0.004339909 0.005132349 0.007730846 0.003729489 0.004212730 0.004256380 0.003646638 0.004426596 0.003282924 0.003238923 0.002967515 0.004678636 0.003154605 0.003220679 0.003919245 0.003816124 0.004192998 0.004287674 0.003454748 0.004215726 0.002218184 0.002293426 0.001942800 0.002207364 0.001618495 0.000000000 0.003071596 0.002807203 0.002952291 0.002883669 0.002819968 0.002886947 0.002746138 0.007034039 
11     0.003163351 0.005773955 0.003624012 0.005781776 0.003209132 0.004521901 0.008028901 0.005427597 0.004918655 0.004799619 0.004534371 0.004553148 0.004607322 0.004450663 0.005405621 0.004256511 0.004287305 0.004347438 0.005111646 0.007739936 0.003770489 0.004228277 0.004276406 0.003676260 0.004437660 0.003298546 0.003259524 0.002997331 0.004731341 0.003167355 0.003235852 0.003921334 0.003829614 0.004219926 0.004293265 0.003496059 0.004240879 0.002710581 0.002792321 0.002431959 0.003487608 0.002882568 0.003071596 0.000000000 0.000979444 0.001132765 0.001102074 0.001110791 0.002830094 0.002672693 0.007133919 
34     0.002840266 0.005435180 0.003313072 0.005454682 0.002889837 0.004209134 0.007717717 0.005092747 0.004586069 0.004484959 0.004220425 0.004239194 0.004290365 0.004147614 0.005093179 0.003945519 0.003978551 0.004038602 0.004807913 0.007426765 0.003454725 0.003909949 0.003958512 0.003371006 0.004135315 0.002996932 0.002957872 0.002693693 0.004432729 0.002870625 0.002916791 0.003606697 0.003509940 0.003892932 0.003968748 0.003220853 0.003971958 0.002436005 0.002517630 0.002157013 0.003215548 0.002613918 0.002807203 0.000979444 0.000000000 0.000811191 0.000783138 0.000797528 0.002543924 0.002393634 0.006851309 
16     0.003015307 0.005626709 0.003510714 0.005656163 0.003049077 0.004361680 0.007889412 0.005276152 0.004766910 0.004658083 0.004398973 0.004417719 0.004469635 0.004300779 0.005241680 0.004121156 0.004151556 0.004211606 0.004983916 0.007585093 0.003620094 0.004093572 0.004000783 0.003405219 0.004166179 0.003180540 0.003139710 0.002871279 0.004615849 0.003050014 0.003100191 0.003788463 0.003695043 0.004090255 0.004159925 0.003358176 0.004107631 0.002571374 0.002649205 0.002286821 0.003350603 0.002742329 0.002952291 0.001132765 0.000811191 0.000000000 0.000442797 0.000949959 0.002697343 0.002542172 0.006859096 
32     0.002942857 0.005555050 0.003440591 0.005582659 0.002969731 0.004266278 0.007819734 0.005194234 0.004683701 0.004575192 0.004310777 0.004329531 0.004381622 0.004212297 0.005152751 0.004033535 0.004064429 0.004124207 0.004904529 0.007502336 0.003538710 0.004012087 0.003917240 0.003324396 0.004087830 0.003085978 0.003045449 0.002782795 0.004528499 0.002962698 0.003019879 0.003704843 0.003612196 0.004003674 0.004071644 0.003281706 0.004031823 0.002503053 0.002576477 0.002217332 0.003279084 0.002679776 0.002883669 0.001102074 0.000783138 0.000442797 0.000000000 0.000923618 0.002633946 0.002471304 0.006776227 
47     0.002886668 0.005470384 0.003365448 0.005512135 0.002911001 0.004200036 0.007714595 0.005087369 0.004578638 0.004463484 0.004196420 0.004215017 0.004266491 0.004141425 0.005082551 0.003940032 0.003970977 0.004030402 0.004797216 0.007506270 0.003505455 0.003963174 0.004039783 0.003443358 0.004199131 0.003067062 0.003033635 0.002769443 0.004502078 0.002921028 0.002996940 0.003682399 0.003589242 0.003992336 0.004061264 0.003252980 0.004005173 0.002471390 0.002555728 0.002193654 0.003230980 0.002633450 0.002819968 0.001110791 0.000797528 0.000949959 0.000923618 0.000000000 0.002576147 0.002424189 0.006877589 
25     0.002962539 0.005590804 0.003506622 0.005624417 0.003071894 0.004461882 0.007995629 0.005406026 0.004847547 0.004725560 0.004484440 0.004507548 0.004556235 0.004336037 0.005224145 0.004136448 0.004169378 0.004228664 0.005016537 0.007496628 0.003559909 0.004033807 0.004125746 0.003513670 0.004285635 0.003156838 0.003085289 0.002850617 0.004573921 0.003017664 0.003069831 0.003757171 0.003658940 0.004042358 0.004134313 0.003363873 0.004112587 0.002531108 0.002617757 0.002251798 0.003295353 0.002693744 0.002886947 0.002830094 0.002543924 0.002697343 0.002633946 0.002576147 0.000000000 0.000969135 0.006991351 
12     0.002810900 0.005423110 0.003351703 0.005469092 0.002937106 0.004343181 0.007853782 0.005241178 0.004687522 0.004575825 0.004328943 0.004350562 0.004401323 0.004195120 0.005080286 0.003995972 0.004028837 0.004085983 0.004875240 0.007433473 0.003447407 0.003916262 0.003972922 0.003364690 0.004143492 0.003007978 0.002968345 0.002692390 0.004441808 0.002861171 0.002916295 0.003612887 0.003504007 0.003895509 0.003982989 0.003205446 0.003943606 0.002381349 0.002472182 0.002103869 0.003152881 0.002552476 0.002746138 0.002672693 0.002393634 0.002542172 0.002471304 0.002424189 0.000969135 0.000000000 0.006838524 
0     0.006320931 0.008913040 0.006838147 0.008964180 0.006469078 0.007833959 0.011406279 0.008781685 0.008202936 0.008123663 0.007892982 0.007922648 0.007973446 0.007772760 0.008672846 0.007545684 0.007585774 0.007646406 0.008432040 0.011127279 0.006999446 0.007424304 0.007514283 0.006894970 0.007680550 0.006648515 0.006646688 0.006448650 0.008104352 0.006580655 0.006602139 0.007318939 0.007150359 0.007556657 0.007651341 0.007343809 0.008001098 0.006695301 0.006759847 0.006419030 0.007453635 0.006873830 0.007034039 0.007133919 0.006851309 0.006859096 0.006776227 0.006877589 0.006991351 0.006838524 0.000000000 
