51
8     0.000000000 0.031870815 0.036425982 0.035858852 0.028361303 0.032250798 0.031383312 0.031432528 0.031838837 0.031031353 0.053671716 0.055159443 0.050153433 0.043776021 0.051989992 0.051254965 0.051678647 0.051675736 0.050543197 0.050757903 0.050490732 0.051209252 0.052226821 0.052504063 0.043650504 0.046605141 0.043217964 0.050602338 0.050170474 0.048982221 0.052006931 0.049330057 0.049637432 0.045239742 0.044075136 0.044477878 0.045668396 0.045918257 0.044288722 0.060800416 0.058499869 0.056777977 0.041060591 0.042401968 0.044063351 0.049288246 0.044599508 0.046694202 0.046886800 0.047545822 0.071110536 
6     0.031870815 0.000000000 0.035719459 0.035191541 0.028579739 0.032562774 0.031627193 0.031671978 0.031792798 0.031409389 0.053037120 0.054358222 0.049672192 0.042968837 0.050907044 0.050205017 0.050601583 0.050776345 0.049301359 0.049844493 0.049459338 0.050187831 0.051276955 0.051542848 0.042623917 0.045933304 0.042284869 0.049681846 0.049249844 0.048099048 0.050902562 0.048664972 0.049007612 0.044558547 0.043546899 0.043662697 0.045031780 0.045287425 0.043582048 0.059831883 0.057934950 0.056225795 0.040609334 0.041714569 0.043320825 0.048546883 0.044453536 0.046600472 0.046469416 0.047033265 0.070155572 
2     0.036425982 0.035719459 0.000000000 0.015029584 0.033842898 0.037772997 0.036836876 0.036871598 0.037369120 0.036734572 0.059280262 0.060401496 0.055596921 0.048867972 0.056797003 0.056152617 0.056536787 0.056597550 0.055527231 0.055902843 0.055495920 0.056215946 0.057132439 0.057420983 0.048778245 0.051942432 0.048341019 0.055908172 0.055487921 0.054306606 0.057137539 0.054788499 0.055054840 0.050316009 0.049450568 0.049649056 0.050759307 0.051025521 0.049465120 0.066162339 0.063983235 0.062330119 0.046516854 0.047832988 0.049202598 0.054467720 0.050315736 0.052476723 0.052255042 0.052883494 0.076662419 
7     0.035858852 0.035191541 0.015029584 0.000000000 0.033132171 0.037144704 0.036171807 0.036271401 0.036798613 0.035988476 0.058573599 0.059774680 0.054936494 0.048151902 0.056152142 0.055520168 0.055912543 0.055907281 0.054911133 0.055300664 0.054862059 0.055582086 0.056462742 0.056825992 0.048287243 0.051446168 0.047620222 0.055235033 0.054821733 0.053634185 0.056381851 0.054150413 0.054416753 0.049565213 0.048696741 0.048961722 0.050074324 0.050332639 0.048735568 0.065511329 0.063379032 0.061719539 0.045873431 0.047100361 0.048385670 0.053850244 0.049714770 0.051882217 0.051792388 0.052342055 0.075750175 
1     0.028361303 0.028579739 0.033842898 0.033132171 0.000000000 0.014975600 0.014109567 0.014230135 0.014517825 0.013808514 0.046790238 0.048028990 0.043146069 0.036440986 0.045002216 0.044154204 0.044600391 0.044550205 0.043448228 0.043701034 0.043261963 0.043999851 0.044990244 0.045255020 0.036565225 0.039642718 0.035623998 0.043374682 0.042885035 0.041809376 0.044564606 0.042092914 0.042408409 0.037935298 0.036951990 0.037277888 0.038435423 0.038698426 0.036656669 0.053644633 0.051779469 0.049957463 0.034448273 0.035605460 0.036928512 0.042122303 0.037917530 0.040117008 0.039807671 0.040395069 0.063502161 
5     0.032250798 0.032562774 0.037772997 0.037144704 0.014975600 0.000000000 0.010193542 0.010257062 0.017692656 0.016798008 0.050483378 0.052189094 0.047316156 0.040671578 0.048702467 0.048028993 0.048501846 0.048478863 0.047382848 0.047679903 0.047468111 0.048204350 0.049198173 0.049466411 0.040566421 0.043610063 0.040123392 0.047672044 0.047184920 0.046111709 0.048696360 0.046579499 0.046856899 0.042227548 0.041171734 0.041485163 0.042600547 0.042869608 0.040928549 0.057632296 0.055782351 0.053949302 0.037885652 0.039150867 0.040903548 0.046008282 0.041822350 0.044121146 0.043902718 0.044581717 0.067159918 
4     0.031383312 0.031627193 0.036836876 0.036171807 0.014109567 0.010193542 0.000000000 0.005204266 0.016664203 0.015680360 0.049779272 0.051215248 0.046543006 0.039791338 0.048152161 0.047313476 0.047777515 0.047748249 0.046681136 0.046943532 0.046618345 0.047373865 0.048368518 0.048636755 0.039702810 0.042859747 0.039279812 0.046857759 0.046343137 0.045272842 0.047795630 0.045656220 0.045982989 0.041425042 0.040395049 0.040692336 0.041789368 0.042058405 0.040162645 0.057068765 0.055215763 0.053384524 0.037259416 0.038566478 0.040105026 0.045217413 0.041065552 0.043387033 0.043228782 0.043837678 0.066433485 
10     0.031432528 0.031671978 0.036871598 0.036271401 0.014230135 0.010257062 0.005204266 0.000000000 0.016797784 0.015931521 0.049798441 0.051225260 0.046558186 0.039814077 0.048114380 0.047394239 0.047858277 0.047701415 0.046716600 0.046807222 0.046539811 0.047278365 0.048277385 0.048535793 0.039647824 0.042863115 0.039197716 0.046769556 0.046256004 0.045185709 0.047763991 0.045605595 0.045932364 0.041387244 0.040303373 0.040600660 0.041758951 0.042028519 0.040066774 0.056965953 0.055060898 0.053287478 0.037272235 0.038582813 0.040058240 0.045179726 0.041162220 0.043494971 0.043290247 0.043911289 0.066485597 
3     0.031838837 0.031792798 0.037369120 0.036798613 0.014517825 0.017692656 0.016664203 0.016797784 0.000000000 0.011855328 0.050094732 0.051467022 0.046695734 0.039789941 0.048141477 0.047409643 0.047857495 0.047910994 0.046726778 0.046868782 0.046424679 0.047155864 0.048260452 0.048437513 0.039681093 0.042757546 0.039158470 0.046610161 0.046163336 0.045106644 0.047937173 0.045611141 0.045928157 0.041543242 0.040470674 0.040823145 0.041857748 0.042133152 0.040335368 0.056938534 0.054903570 0.053110242 0.037696192 0.038760827 0.040401472 0.045490866 0.041264572 0.043500291 0.043373403 0.043748155 0.066566544 
9     0.031031353 0.031409389 0.036734572 0.035988476 0.013808514 0.016798008 0.015680360 0.015931521 0.011855328 0.000000000 0.049192457 0.050762410 0.046132353 0.039035888 0.047544477 0.046740939 0.047193229 0.047260901 0.046054021 0.046384066 0.046164422 0.046854632 0.047876042 0.048133339 0.039194156 0.042209773 0.038609468 0.046064567 0.045574128 0.044484597 0.047104834 0.044930573 0.045225878 0.040718647 0.039625128 0.039959600 0.041002455 0.041273537 0.039369590 0.056275123 0.054299779 0.052535286 0.036879087 0.037960708 0.039566475 0.044685637 0.040239863 0.042401042 0.042489132 0.042995486 0.065673202 
48     0.053671716 0.053037120 0.059280262 0.058573599 0.046790238 0.050483378 0.049779272 0.049798441 0.050094732 0.049192457 0.000000000 0.062136602 0.057140772 0.050360420 0.058459399 0.057960953 0.058360245 0.058313861 0.056972567 0.057488277 0.056941719 0.057698522 0.058821854 0.058921857 0.050339403 0.053063794 0.049541916 0.057190679 0.056793168 0.055667826 0.058487161 0.056394486 0.056648411 0.052383954 0.051242283 0.051513092 0.052784191 0.053038289 0.051143061 0.067669875 0.065805699 0.064069164 0.048517904 0.049458363 0.051300227 0.056186902 0.051906234 0.054165666 0.053809351 0.054521274 0.077924497 
46     0.055159443 0.054358222 0.060401496 0.059774680 0.048028990 0.052189094 0.051215248 0.051225260 0.051467022 0.050762410 0.062136602 0.000000000 0.043295985 0.049989831 0.058040900 0.057469844 0.057890929 0.057788535 0.056426164 0.056900315 0.056016686 0.056850008 0.058068589 0.058378045 0.048976562 0.052063100 0.048617453 0.055916918 0.055522369 0.054404161 0.057081340 0.055363226 0.055622363 0.051250279 0.050021022 0.050427815 0.051387879 0.051670545 0.049980952 0.066966088 0.065156849 0.063291309 0.048773770 0.050057644 0.051641164 0.056857563 0.052490981 0.054798754 0.054649608 0.055187795 0.079012043 
17     0.050153433 0.049672192 0.055596921 0.054936494 0.043146069 0.047316156 0.046543006 0.046558186 0.046695734 0.046132353 0.057140772 0.043295985 0.000000000 0.045055667 0.053145276 0.052493835 0.052913760 0.052724142 0.051404091 0.051987281 0.051591766 0.052317421 0.053440764 0.053801549 0.044477014 0.047544421 0.044010329 0.051339164 0.050921943 0.049777981 0.052383706 0.050698862 0.050965340 0.046608413 0.045392942 0.045879938 0.047037183 0.047321052 0.045683463 0.062477399 0.060692048 0.058632003 0.044251839 0.045633138 0.047089065 0.052027567 0.047751058 0.049948244 0.050022254 0.050681417 0.074378057 
34     0.043776021 0.042968837 0.048867972 0.048151902 0.036440986 0.040671578 0.039791338 0.039814077 0.039789941 0.039035888 0.050360420 0.049989831 0.045055667 0.000000000 0.046620970 0.045643637 0.046062539 0.046403032 0.045260488 0.045496598 0.045390725 0.046078533 0.047486122 0.047691538 0.038532968 0.041496935 0.037819124 0.045031659 0.044625311 0.043406478 0.046550345 0.044255497 0.044537775 0.040082939 0.039059136 0.039159688 0.040626691 0.040872991 0.039136215 0.056287164 0.054508523 0.052513224 0.037941983 0.039145094 0.040558531 0.045641255 0.041591351 0.043757640 0.043153154 0.044145833 0.067757314 
20     0.051989992 0.050907044 0.056797003 0.056152142 0.045002216 0.048702467 0.048152161 0.048114380 0.048141477 0.047544477 0.058459399 0.058040900 0.053145276 0.046620970 0.000000000 0.013561967 0.014097105 0.015534844 0.027186367 0.028173550 0.045277186 0.045995982 0.047185590 0.047435067 0.038186829 0.041274020 0.038147985 0.045222432 0.044861666 0.043593174 0.046641945 0.044599961 0.044867148 0.040719692 0.039573863 0.039721370 0.040824318 0.041061968 0.039365108 0.056026544 0.054143361 0.052054077 0.045825204 0.046944897 0.048949152 0.053989235 0.049543381 0.051951689 0.051298317 0.051942207 0.076371932 
13     0.051254965 0.050205017 0.056152617 0.055520168 0.044154204 0.048028993 0.047313476 0.047394239 0.047409643 0.046740939 0.057960953 0.057469844 0.052493835 0.045643637 0.013561967 0.000000000 0.005706534 0.014543805 0.025941585 0.027684180 0.044837954 0.045577153 0.046726194 0.046973292 0.037673075 0.040482683 0.037576705 0.044395766 0.043956058 0.042723776 0.046014709 0.044087833 0.044372030 0.040138426 0.038913499 0.039123070 0.040328182 0.040565832 0.038817629 0.055706733 0.053965737 0.051916606 0.044992704 0.045993179 0.048218184 0.053352967 0.048752916 0.051212711 0.050694566 0.051411359 0.075669593 
30     0.051678647 0.050601583 0.056536787 0.055912543 0.044600391 0.048501846 0.047777515 0.047858277 0.047857495 0.047193229 0.058360245 0.057890929 0.052913760 0.046062539 0.014097105 0.005706534 0.000000000 0.015037906 0.026439576 0.028192164 0.045166327 0.045905526 0.047087504 0.047334602 0.038009196 0.040852983 0.037920628 0.044702273 0.044252583 0.043006197 0.046460058 0.044555695 0.044850890 0.040596672 0.039319244 0.039598004 0.040766902 0.041004552 0.039304342 0.056310907 0.054518409 0.052443327 0.045550369 0.046487872 0.048659739 0.053749638 0.049199719 0.051635255 0.051105089 0.051759170 0.076046079 
31     0.051675736 0.050776345 0.056597550 0.055907281 0.044550205 0.048478863 0.047748249 0.047701415 0.047910994 0.047260901 0.058313861 0.057788535 0.052724142 0.046403032 0.015534844 0.014543805 0.015037906 0.000000000 0.026726755 0.028099689 0.045075374 0.045824648 0.046992803 0.047239144 0.038083096 0.041037725 0.038040018 0.045085055 0.044772892 0.043474368 0.046471746 0.044382712 0.044651331 0.040341061 0.039133952 0.039317722 0.040428165 0.040666938 0.038948706 0.055950341 0.054179661 0.052183686 0.045537816 0.046490506 0.048467292 0.053614081 0.049202608 0.051643536 0.051104545 0.051762234 0.075931740 
19     0.050543197 0.049301359 0.055527231 0.054911133 0.043448228 0.047382848 0.046681136 0.046716600 0.046726778 0.046054021 0.056972567 0.056426164 0.051404091 0.045260488 0.027186367 0.025941585 0.026439576 0.026726755 0.000000000 0.027309966 0.043535276 0.044192352 0.045757356 0.046024832 0.036749203 0.039518930 0.036468742 0.043630610 0.043425566 0.042118407 0.045170684 0.042834885 0.043081424 0.039193611 0.037956715 0.038098767 0.039202523 0.039454722 0.037689121 0.054414430 0.052814659 0.050758160 0.044307486 0.045344753 0.047207671 0.052262165 0.047924166 0.050450878 0.049703232 0.050431568 0.073535345 
49     0.050757903 0.049844493 0.055902843 0.055300664 0.043701034 0.047679903 0.046943532 0.046807222 0.046868782 0.046384066 0.057488277 0.056900315 0.051987281 0.045496598 0.028173550 0.027684180 0.028192164 0.028099689 0.027309966 0.000000000 0.044097404 0.044839912 0.045997651 0.046250898 0.036906259 0.039871355 0.037198097 0.043831037 0.043565667 0.042338596 0.045327366 0.043249342 0.043428945 0.039540266 0.038291021 0.038569098 0.039702424 0.039938508 0.038183153 0.054886910 0.053110289 0.051040632 0.044594754 0.045622919 0.047588795 0.052616107 0.047786637 0.050380830 0.049829283 0.050415007 0.074789875 
23     0.050490732 0.049459338 0.055495920 0.054862059 0.043261963 0.047468111 0.046618345 0.046539811 0.046424679 0.046164422 0.056941719 0.056016686 0.051591766 0.045390725 0.045277186 0.044837954 0.045166327 0.045075374 0.043535276 0.044097404 0.000000000 0.005828101 0.015720713 0.016141619 0.031055898 0.033648403 0.031353545 0.037935751 0.037541913 0.036391962 0.043306914 0.042769900 0.042778592 0.039077885 0.038034771 0.038123481 0.039247042 0.039436435 0.037850776 0.054722966 0.052711439 0.050693902 0.044160966 0.045499528 0.046988445 0.052100115 0.047393405 0.050273213 0.049661719 0.049999621 0.073283738 
16     0.051209252 0.050187831 0.056215946 0.055582086 0.043999851 0.048204350 0.047373865 0.047278365 0.047155864 0.046854632 0.057698522 0.056850008 0.052317421 0.046078533 0.045995982 0.045577153 0.045905526 0.045824648 0.044192352 0.044839912 0.005828101 0.000000000 0.015988991 0.016429107 0.031729079 0.034333183 0.031998574 0.038593590 0.038195094 0.037036497 0.044012274 0.043298821 0.043422934 0.039711398 0.038682450 0.038760602 0.039906134 0.040093314 0.038528805 0.055376941 0.053356676 0.051374513 0.044847349 0.046185911 0.047703446 0.052820201 0.048035283 0.050915280 0.050309234 0.050653274 0.073979115 
18     0.052226821 0.051276955 0.057132439 0.056462742 0.044990244 0.049198173 0.048368518 0.048277385 0.048260452 0.047876042 0.058821854 0.058068589 0.053440764 0.047486122 0.047185590 0.046726194 0.047087504 0.046992803 0.045757356 0.045997651 0.015720713 0.015988991 0.000000000 0.007931532 0.033157774 0.035834627 0.033374755 0.039995693 0.039615170 0.038381829 0.045471863 0.044716411 0.044706283 0.040862913 0.039941513 0.039944287 0.041051444 0.041239244 0.039672746 0.056317390 0.054675656 0.052652600 0.046111229 0.047345724 0.048884472 0.053956828 0.049557748 0.052488266 0.052096719 0.052427788 0.075770250 
45     0.052504063 0.051542848 0.057420983 0.056825992 0.045255020 0.049466411 0.048636755 0.048535793 0.048437513 0.048133339 0.058921857 0.058378045 0.053801549 0.047691538 0.047435067 0.046973292 0.047334602 0.047239144 0.046024832 0.046250898 0.016141619 0.016429107 0.007931532 0.000000000 0.033394248 0.036042926 0.033524263 0.040236056 0.039862541 0.038624541 0.045588807 0.044850397 0.044867329 0.041097127 0.040176241 0.040209529 0.041286171 0.041473971 0.039907473 0.056569618 0.054940269 0.052914042 0.046398375 0.047623442 0.049230218 0.054237119 0.049818817 0.052749602 0.052351591 0.052689804 0.076031603 
43     0.043650504 0.042623917 0.048778245 0.048287243 0.036565225 0.040566421 0.039702810 0.039647824 0.039681093 0.039194156 0.050339403 0.048976562 0.044477014 0.038532968 0.038186829 0.037673075 0.038009196 0.038083096 0.036749203 0.036906259 0.031055898 0.031729079 0.033157774 0.033394248 0.000000000 0.021119915 0.021760585 0.028442764 0.028118748 0.026890760 0.036539575 0.036199470 0.036231673 0.032063327 0.030865741 0.030995795 0.032196975 0.032471367 0.030605703 0.048012885 0.045870007 0.043763238 0.037704228 0.038865475 0.040547701 0.045569235 0.041218723 0.043809687 0.043375184 0.043911335 0.067808732 
29     0.046605141 0.045933304 0.051942432 0.051446168 0.039642718 0.043610063 0.042859747 0.042863115 0.042757546 0.042209773 0.053063794 0.052063100 0.047544421 0.041496935 0.041274020 0.040482683 0.040852983 0.041037725 0.039518930 0.039871355 0.033648403 0.034333183 0.035834627 0.036042926 0.021119915 0.000000000 0.024994746 0.031274854 0.030912453 0.029761817 0.039221265 0.039171966 0.039176215 0.035046088 0.033889734 0.033944332 0.035162349 0.035414539 0.033732160 0.050851876 0.048801690 0.046688825 0.040531760 0.041638247 0.043491816 0.048208553 0.044073415 0.046742268 0.046216034 0.046568327 0.070101727 
40     0.043217964 0.042284869 0.048341019 0.047620222 0.035623998 0.040123392 0.039279812 0.039197716 0.039158470 0.038609468 0.049541916 0.048617453 0.044010329 0.037819124 0.038147985 0.037576705 0.037920628 0.038040018 0.036468742 0.037198097 0.031353545 0.031998574 0.033374755 0.033524263 0.021760585 0.024994746 0.000000000 0.023421515 0.022943207 0.021907559 0.036298437 0.035787245 0.035796029 0.031519752 0.030492224 0.030618590 0.031744024 0.031952633 0.030293664 0.046709897 0.045098964 0.042922960 0.036950710 0.038343651 0.039967102 0.044912369 0.040068992 0.042701281 0.042128160 0.042927107 0.066572170 
12     0.050602338 0.049681846 0.055908172 0.055235033 0.043374682 0.047672044 0.046857759 0.046769556 0.046610161 0.046064567 0.057190679 0.055916918 0.051339164 0.045031659 0.045222432 0.044395766 0.044702273 0.045085055 0.043630610 0.043831037 0.037935751 0.038593590 0.039995693 0.040236056 0.028442764 0.031274854 0.023421515 0.000000000 0.014736695 0.013797469 0.043287468 0.042965868 0.042961641 0.038863136 0.037695268 0.037918160 0.038981610 0.039192367 0.037498407 0.054226419 0.052367880 0.050295159 0.044616002 0.045699516 0.047518552 0.052325329 0.048052949 0.050680817 0.049967266 0.050663186 0.073948922 
35     0.050170474 0.049249844 0.055487921 0.054821733 0.042885035 0.047184920 0.046343137 0.046256004 0.046163336 0.045574128 0.056793168 0.055522369 0.050921943 0.044625311 0.044861666 0.043956058 0.044252583 0.044772892 0.043425566 0.043565667 0.037541913 0.038195094 0.039615170 0.039862541 0.028118748 0.030912453 0.022943207 0.014736695 0.000000000 0.009757063 0.042964509 0.042440359 0.042436389 0.038459836 0.037299988 0.037510677 0.038640071 0.038822018 0.037120576 0.053695227 0.051861219 0.049814643 0.044159446 0.045330518 0.046971135 0.051886631 0.047595117 0.050235974 0.049525938 0.050205286 0.073909427 
27     0.048982221 0.048099048 0.054306606 0.053634185 0.041809376 0.046111709 0.045272842 0.045185709 0.045106644 0.044484597 0.055667826 0.054404161 0.049777981 0.043406478 0.043593174 0.042723776 0.043006197 0.043474368 0.042118407 0.042338596 0.036391962 0.037036497 0.038381829 0.038624541 0.026890760 0.029761817 0.021907559 0.013797469 0.009757063 0.000000000 0.041719306 0.041253506 0.041243080 0.037288952 0.036130906 0.036343845 0.037453805 0.037646436 0.035953545 0.052522477 0.050706790 0.048656172 0.043034889 0.044214140 0.045832545 0.050811001 0.046498218 0.049132077 0.048427242 0.049083134 0.072646484 
47     0.052006931 0.050902562 0.057137539 0.056381851 0.044564606 0.048696360 0.047795630 0.047763991 0.047937173 0.047104834 0.058487161 0.057081340 0.052383706 0.046550345 0.046641945 0.046014709 0.046460058 0.046471746 0.045170684 0.045327366 0.043306914 0.044012274 0.045471863 0.045588807 0.036539575 0.039221265 0.036298437 0.043287468 0.042964509 0.041719306 0.000000000 0.043586733 0.043663407 0.039820808 0.038922272 0.039042915 0.040118198 0.040340652 0.038593678 0.055243415 0.053459476 0.051416481 0.045465308 0.046809585 0.048285727 0.053450566 0.048986974 0.051553321 0.051142719 0.051941766 0.075242704 
44     0.049330057 0.048664972 0.054788499 0.054150413 0.042092914 0.046579499 0.045656220 0.045605595 0.045611141 0.044930573 0.056394486 0.055363226 0.050698862 0.044255497 0.044599961 0.044087833 0.044555695 0.044382712 0.042834885 0.043249342 0.042769900 0.043298821 0.044716411 0.044850397 0.036199470 0.039171966 0.035787245 0.042965868 0.042440359 0.041253506 0.043586733 0.000000000 0.007218187 0.034789648 0.033562887 0.033826344 0.035067619 0.035505442 0.033734911 0.051849843 0.050168500 0.048258320 0.043093280 0.044141365 0.045880505 0.050968988 0.046446751 0.048862448 0.048349857 0.049166940 0.072582946 
37     0.049637432 0.049007612 0.055054840 0.054416753 0.042408409 0.046856899 0.045982989 0.045932364 0.045928157 0.045225878 0.056648411 0.055622363 0.050965340 0.044537775 0.044867148 0.044372030 0.044850890 0.044651331 0.043081424 0.043428945 0.042778592 0.043422934 0.044706283 0.044867329 0.036231673 0.039176215 0.035796029 0.042961641 0.042436389 0.041243080 0.043663407 0.007218187 0.000000000 0.034698761 0.033605432 0.033740791 0.034985271 0.035423094 0.033662870 0.051799402 0.050064303 0.048148983 0.043390416 0.044456440 0.046225263 0.051277234 0.046612496 0.049275252 0.048749311 0.049552544 0.072820078 
25     0.045239742 0.044558547 0.050316009 0.049565213 0.037935298 0.042227548 0.041425042 0.041387244 0.041543242 0.040718647 0.052383954 0.051250279 0.046608413 0.040082939 0.040719692 0.040138426 0.040596672 0.040341061 0.039193611 0.039540266 0.039077885 0.039711398 0.040862913 0.041097127 0.032063327 0.035046088 0.031519752 0.038863136 0.038459836 0.037288952 0.039820808 0.034789648 0.034698761 0.000000000 0.010432074 0.010251354 0.012910784 0.013304456 0.011858063 0.047723890 0.045995460 0.043712937 0.039421261 0.040525207 0.042273681 0.047360536 0.042278025 0.044914396 0.044490743 0.045263313 0.068700410 
22     0.044075136 0.043546899 0.049450568 0.048696741 0.036951990 0.041171734 0.040395049 0.040303373 0.040470674 0.039625128 0.051242283 0.050021022 0.045392942 0.039059136 0.039573863 0.038913499 0.039319244 0.039133952 0.037956715 0.038291021 0.038034771 0.038682450 0.039941513 0.040176241 0.030865741 0.033889734 0.030492224 0.037695268 0.037299988 0.036130906 0.038922272 0.033562887 0.033605432 0.010432074 0.000000000 0.007272732 0.012058117 0.012429449 0.011027072 0.046502010 0.044806810 0.042475033 0.038450975 0.039517118 0.041123871 0.046222676 0.041187641 0.043845245 0.043480459 0.044209353 0.067500243 
14     0.044477878 0.043662697 0.049649056 0.048961722 0.037277888 0.041485163 0.040692336 0.040600660 0.040823145 0.039959600 0.051513092 0.050427815 0.045879938 0.039159688 0.039721370 0.039123070 0.039598004 0.039317722 0.038098767 0.038569098 0.038123481 0.038760602 0.039944287 0.040209529 0.030995795 0.033944332 0.030618590 0.037918160 0.037510677 0.036343845 0.039042915 0.033826344 0.033740791 0.010251354 0.007272732 0.000000000 0.011857198 0.012265796 0.010760995 0.046446753 0.044708974 0.042408655 0.038661616 0.039761035 0.041482123 0.046583304 0.041613904 0.044325351 0.043827915 0.044609787 0.067900061 
11     0.045668396 0.045031780 0.050759307 0.050074324 0.038435423 0.042600547 0.041789368 0.041758951 0.041857748 0.041002455 0.052784191 0.051387879 0.047037183 0.040626691 0.040824318 0.040328182 0.040766902 0.040428165 0.039202523 0.039702424 0.039247042 0.039906134 0.041051444 0.041286171 0.032196975 0.035162349 0.031744024 0.038981610 0.038640071 0.037453805 0.040118198 0.035067619 0.034985271 0.012910784 0.012058117 0.011857198 0.000000000 0.004871911 0.009766572 0.047700037 0.045905267 0.043610664 0.039908677 0.040995969 0.042716405 0.047803533 0.042734121 0.045472447 0.045034639 0.045764940 0.068893739 
15     0.045918257 0.045287425 0.051025521 0.050332639 0.038698426 0.042869608 0.042058405 0.042028519 0.042133152 0.041273537 0.053038289 0.051670545 0.047321052 0.040872991 0.041061968 0.040565832 0.041004552 0.040666938 0.039454722 0.039938508 0.039436435 0.040093314 0.041239244 0.041473971 0.032471367 0.035414539 0.031952633 0.039192367 0.038822018 0.037646436 0.040340652 0.035505442 0.035423094 0.013304456 0.012429449 0.012265796 0.004871911 0.000000000 0.010095361 0.048144762 0.046379876 0.044088972 0.040077870 0.041255918 0.042976355 0.048063483 0.042997734 0.045736060 0.045292858 0.046027580 0.069298571 
28     0.044288722 0.043582048 0.049465120 0.048735568 0.036656669 0.040928549 0.040162645 0.040066774 0.040335368 0.039369590 0.051143061 0.049980952 0.045683463 0.039136215 0.039365108 0.038817629 0.039304342 0.038948706 0.037689121 0.038183153 0.037850776 0.038528805 0.039672746 0.039907473 0.030605703 0.033732160 0.030293664 0.037498407 0.037120576 0.035953545 0.038593678 0.033734911 0.033662870 0.011858063 0.011027072 0.010760995 0.009766572 0.010095361 0.000000000 0.046379642 0.044658924 0.042355209 0.038426667 0.039550133 0.041056750 0.046226431 0.041356478 0.043993972 0.043625191 0.044298126 0.067398810 
33     0.060800416 0.059831883 0.066162339 0.065511329 0.053644633 0.057632296 0.057068765 0.056965953 0.056938534 0.056275123 0.067669875 0.066966088 0.062477399 0.056287164 0.056026544 0.055706733 0.056310907 0.055950341 0.054414430 0.054886910 0.054722966 0.055376941 0.056317390 0.056569618 0.048012885 0.050851876 0.046709897 0.054226419 0.053695227 0.052522477 0.055243415 0.051849843 0.051799402 0.047723890 0.046502010 0.046446753 0.047700037 0.048144762 0.046379642 0.000000000 0.036716016 0.034439657 0.054933144 0.056057277 0.057704637 0.062748865 0.057855926 0.060488360 0.060208912 0.060990321 0.084632271 
32     0.058499869 0.057934950 0.063983235 0.063379032 0.051779469 0.055782351 0.055215763 0.055060898 0.054903570 0.054299779 0.065805699 0.065156849 0.060692048 0.054508523 0.054143361 0.053965737 0.054518409 0.054179661 0.052814659 0.053110289 0.052711439 0.053356676 0.054675656 0.054940269 0.045870007 0.048801690 0.045098964 0.052367880 0.051861219 0.050706790 0.053459476 0.050168500 0.050064303 0.045995460 0.044806810 0.044708974 0.045905267 0.046379876 0.044658924 0.036716016 0.000000000 0.013437294 0.053268472 0.054399605 0.056277610 0.061102582 0.056601119 0.059090797 0.058369756 0.059156714 0.083309740 
36     0.056777977 0.056225795 0.062330119 0.061719539 0.049957463 0.053949302 0.053384524 0.053287478 0.053110242 0.052535286 0.064069164 0.063291309 0.058632003 0.052513224 0.052054077 0.051916606 0.052443327 0.052183686 0.050758160 0.051040632 0.050693902 0.051374513 0.052652600 0.052914042 0.043763238 0.046688825 0.042922960 0.050295159 0.049814643 0.048656172 0.051416481 0.048258320 0.048148983 0.043712937 0.042475033 0.042408655 0.043610664 0.044088972 0.042355209 0.034439657 0.013437294 0.000000000 0.051269476 0.052405024 0.054254623 0.059073317 0.054476878 0.057106449 0.056404573 0.057205493 0.081257657 
39     0.041060591 0.040609334 0.046516854 0.045873431 0.034448273 0.037885652 0.037259416 0.037272235 0.037696192 0.036879087 0.048517904 0.048773770 0.044251839 0.037941983 0.045825204 0.044992704 0.045550369 0.045537816 0.044307486 0.044594754 0.044160966 0.044847349 0.046111229 0.046398375 0.037704228 0.040531760 0.036950710 0.044616002 0.044159446 0.043034889 0.045465308 0.043093280 0.043390416 0.039421261 0.038450975 0.038661616 0.039908677 0.040077870 0.038426667 0.054933144 0.053268472 0.051269476 0.000000000 0.011721665 0.032085189 0.037163470 0.036332519 0.038711675 0.038401599 0.039117205 0.064859527 
42     0.042401968 0.041714569 0.047832988 0.047100361 0.035605460 0.039150867 0.038566478 0.038582813 0.038760827 0.037960708 0.049458363 0.050057644 0.045633138 0.039145094 0.046944897 0.045993179 0.046487872 0.046490506 0.045344753 0.045622919 0.045499528 0.046185911 0.047345724 0.047623442 0.038865475 0.041638247 0.038343651 0.045699516 0.045330518 0.044214140 0.046809585 0.044141365 0.044456440 0.040525207 0.039517118 0.039761035 0.040995969 0.041255918 0.039550133 0.056057277 0.054399605 0.052405024 0.011721665 0.000000000 0.033550316 0.038597163 0.037884078 0.040218362 0.039813139 0.040585817 0.065792500 
24     0.044063351 0.043320825 0.049202598 0.048385670 0.036928512 0.040903548 0.040105026 0.040058240 0.040401472 0.039566475 0.051300227 0.051641164 0.047089065 0.040558531 0.048949152 0.048218184 0.048659739 0.048467292 0.047207671 0.047588795 0.046988445 0.047703446 0.048884472 0.049230218 0.040547701 0.043491816 0.039967102 0.047518552 0.046971135 0.045832545 0.048285727 0.045880505 0.046225263 0.042273681 0.041123871 0.041482123 0.042716405 0.042976355 0.041056750 0.057704637 0.056277610 0.054254623 0.032085189 0.033550316 0.000000000 0.028629577 0.039306708 0.041549985 0.041426168 0.041771096 0.067708504 
50     0.049288246 0.048546883 0.054467720 0.053850244 0.042122303 0.046008282 0.045217413 0.045179726 0.045490866 0.044685637 0.056186902 0.056857563 0.052027567 0.045641255 0.053989235 0.053352967 0.053749638 0.053614081 0.052262165 0.052616107 0.052100115 0.052820201 0.053956828 0.054237119 0.045569235 0.048208553 0.044912369 0.052325329 0.051886631 0.050811001 0.053450566 0.050968988 0.051277234 0.047360536 0.046222676 0.046583304 0.047803533 0.048063483 0.046226431 0.062748865 0.061102582 0.059073317 0.037163470 0.038597163 0.028629577 0.000000000 0.044445637 0.046545266 0.046529713 0.047026512 0.072166303 
26     0.044599508 0.044453536 0.050315736 0.049714770 0.037917530 0.041822350 0.041065552 0.041162220 0.041264572 0.040239863 0.051906234 0.052490981 0.047751058 0.041591351 0.049543381 0.048752916 0.049199719 0.049202608 0.047924166 0.047786637 0.047393405 0.048035283 0.049557748 0.049818817 0.041218723 0.044073415 0.040068992 0.048052949 0.047595117 0.046498218 0.048986974 0.046446751 0.046612496 0.042278025 0.041187641 0.041613904 0.042734121 0.042997734 0.041356478 0.057855926 0.056601119 0.054476878 0.036332519 0.037884078 0.039306708 0.044445637 0.000000000 0.018501182 0.035979319 0.036739812 0.067725769 
41     0.046694202 0.046600472 0.052476723 0.051882217 0.040117008 0.044121146 0.043387033 0.043494971 0.043500291 0.042401042 0.054165666 0.054798754 0.049948244 0.043757640 0.051951689 0.051212711 0.051635255 0.051643536 0.050450878 0.050380830 0.050273213 0.050915280 0.052488266 0.052749602 0.043809687 0.046742268 0.042701281 0.050680817 0.050235974 0.049132077 0.051553321 0.048862448 0.049275252 0.044914396 0.043845245 0.044325351 0.045472447 0.045736060 0.043993972 0.060488360 0.059090797 0.057106449 0.038711675 0.040218362 0.041549985 0.046545266 0.018501182 0.000000000 0.038457006 0.039086547 0.070748967 
38     0.046886800 0.046469416 0.052255042 0.051792388 0.039807671 0.043902718 0.043228782 0.043290247 0.043373403 0.042489132 0.053809351 0.054649608 0.050022254 0.043153154 0.051298317 0.050694566 0.051105089 0.051104545 0.049703232 0.049829283 0.049661719 0.050309234 0.052096719 0.052351591 0.043375184 0.046216034 0.042128160 0.049967266 0.049525938 0.048427242 0.051142719 0.048349857 0.048749311 0.044490743 0.043480459 0.043827915 0.045034639 0.045292858 0.043625191 0.060208912 0.058369756 0.056404573 0.038401599 0.039813139 0.041426168 0.046529713 0.035979319 0.038457006 0.000000000 0.023822168 0.070592476 
21     0.047545822 0.047033265 0.052883494 0.052342055 0.040395069 0.044581717 0.043837678 0.043911289 0.043748155 0.042995486 0.054521274 0.055187795 0.050681417 0.044145833 0.051942207 0.051411359 0.051759170 0.051762234 0.050431568 0.050415007 0.049999621 0.050653274 0.052427788 0.052689804 0.043911335 0.046568327 0.042927107 0.050663186 0.050205286 0.049083134 0.051941766 0.049166940 0.049552544 0.045263313 0.044209353 0.044609787 0.045764940 0.046027580 0.044298126 0.060990321 0.059156714 0.057205493 0.039117205 0.040585817 0.041771096 0.047026512 0.036739812 0.039086547 0.023822168 0.000000000 0.071125877 
0     0.071110536 0.070155572 0.076662419 0.075750175 0.063502161 0.067159918 0.066433485 0.066485597 0.066566544 0.065673202 0.077924497 0.079012043 0.074378057 0.067757314 0.076371932 0.075669593 0.076046079 0.075931740 0.073535345 0.074789875 0.073283738 0.073979115 0.075770250 0.076031603 0.067808732 0.070101727 0.066572170 0.073948922 0.073909427 0.072646484 0.075242704 0.072582946 0.072820078 0.068700410 0.067500243 0.067900061 0.068893739 0.069298571 0.067398810 0.084632271 0.083309740 0.081257657 0.064859527 0.065792500 0.067708504 0.072166303 0.067725769 0.070748967 0.070592476 0.071125877 0.000000000 
