51
8     0.000000000 0.000000320 0.000294050 0.000578850 0.000449160 0.000232240 0.000212300 0.000213140 0.000103120 0.000093760 0.000194530 0.000732850 0.000432610 0.000610990 0.000588340 0.000696210 0.000689710 0.000687230 0.000663600 0.000381450 0.000798650 0.000801560 0.000857030 0.000853190 0.000614700 0.000613320 0.000612400 0.000731550 0.000707530 0.000359770 0.000202590 0.000781700 0.000788280 0.000639040 0.000632030 0.000632800 0.000274760 0.000590950 0.000575600 0.000983140 0.000917770 0.000872030 0.000580530 0.000303870 0.000895010 0.000101860 0.000330750 0.000355660 0.000650730 0.000629390 0.001076460 
6     0.000000320 0.000000000 0.000293770 0.000245540 0.000707580 0.000468180 0.000448240 0.000449080 0.000141760 0.000309820 0.000194250 0.000564020 0.000731130 0.000628670 0.000253020 0.000713890 0.000707390 0.000065710 0.000194990 0.000557580 0.000816330 0.000819240 0.000874710 0.000870870 0.000632380 0.000669830 0.000630080 0.000749230 0.000725210 0.000712420 0.000202310 0.000799380 0.000805960 0.000656720 0.000649710 0.000650480 0.000660220 0.000590670 0.000575320 0.001000820 0.000894180 0.000288470 0.000598210 0.000614450 0.000912690 0.000724560 0.000330470 0.000355380 0.000668410 0.000647070 0.000778990 
2     0.000294050 0.000293770 0.000000000 0.000069800 0.000332180 0.000666220 0.000646280 0.000647120 0.000215670 0.000215430 0.000099860 0.000991120 0.000929170 0.000634940 0.000932830 0.000911930 0.000905430 0.000902950 0.000879320 0.000884940 0.001014370 0.001017280 0.001072750 0.001068910 0.000692230 0.000867870 0.000828120 0.000947270 0.000923250 0.000910460 0.000107520 0.000997420 0.001004000 0.000854760 0.000847750 0.000291300 0.000858260 0.000496280 0.000480930 0.000988900 0.001169140 0.000540740 0.000796250 0.000812490 0.001110730 0.000922600 0.000236040 0.000260950 0.000866450 0.000845110 0.001292180 
7     0.000578850 0.000245540 0.000069800 0.000000000 0.000866630 0.000628280 0.000608340 0.000609180 0.000500470 0.000500230 0.000384460 0.000953180 0.000891230 0.000788770 0.000894890 0.000873990 0.000867490 0.000865010 0.000841380 0.000847000 0.000976430 0.000979340 0.000775780 0.001030970 0.000792480 0.000829930 0.000790180 0.000909330 0.000292400 0.000752140 0.000392720 0.000959480 0.000966060 0.000816820 0.000809810 0.000810580 0.000611880 0.000022240 0.000004010 0.000909220 0.000553460 0.001049810 0.000530400 0.000774550 0.001072790 0.000884660 0.000424330 0.000532540 0.000828510 0.000807170 0.001254240 
1     0.000449160 0.000707580 0.000332180 0.000866630 0.000000000 0.000131650 0.000039580 0.000436860 0.000278040 0.000081790 0.000753890 0.000679380 0.000617430 0.000185370 0.000134010 0.000018310 0.000216170 0.000093250 0.000190060 0.000207640 0.000330210 0.000401130 0.000370500 0.000513640 0.000336960 0.000374410 0.000334660 0.000453810 0.000429790 0.000417000 0.000701480 0.000466720 0.000473300 0.000299930 0.000317050 0.000317820 0.000327560 0.000348840 0.000375010 0.000668160 0.000638440 0.000557050 0.000412320 0.000498310 0.000580030 0.000608420 0.000484500 0.000457390 0.000086050 0.000530970 0.001040240 
5     0.000232240 0.000468180 0.000666220 0.000628280 0.000131650 0.000000000 0.000092410 0.000016200 0.000136330 0.000237200 0.000878610 0.000808800 0.000750810 0.000648350 0.000754470 0.000733570 0.000727070 0.000724590 0.000575470 0.000706580 0.000355070 0.000357110 0.000395360 0.000538500 0.000102520 0.000393600 0.000428330 0.000768910 0.000744890 0.000732100 0.000870160 0.000705430 0.000686670 0.000676400 0.000669390 0.000652080 0.000679900 0.000701180 0.000599870 0.001020500 0.000990780 0.000909390 0.000431130 0.000634130 0.000932370 0.000744240 0.000620280 0.000610090 0.000688090 0.000402900 0.001113820 
4     0.000212300 0.000448240 0.000646280 0.000608340 0.000039580 0.000092410 0.000000000 0.000001270 0.000190390 0.000075320 0.000858670 0.000121660 0.000730870 0.000628410 0.000734530 0.000713630 0.000707130 0.000704650 0.000681020 0.000530910 0.000634340 0.000705260 0.000674630 0.000817770 0.000017280 0.000669570 0.000629820 0.000748970 0.000724950 0.000712160 0.000361620 0.000799120 0.000805700 0.000656460 0.000649450 0.000650220 0.000659960 0.000681240 0.000707410 0.001000560 0.000970840 0.000889450 0.000416800 0.000614190 0.000912430 0.000724300 0.000600340 0.000591210 0.000668150 0.000646810 0.001093880 
10     0.000213140 0.000449080 0.000647120 0.000609180 0.000436860 0.000016200 0.000001270 0.000000000 0.000227460 0.000218100 0.000859510 0.000793660 0.000731710 0.000629250 0.000735370 0.000714470 0.000707970 0.000705490 0.000678710 0.000274280 0.000429180 0.000685930 0.000655300 0.000798440 0.000263480 0.000616390 0.000630660 0.000749810 0.000725790 0.000713000 0.000412550 0.000799960 0.000806540 0.000657300 0.000650290 0.000651060 0.000660800 0.000071860 0.000708250 0.001001400 0.000971680 0.000890290 0.000276300 0.000566850 0.000913270 0.000725140 0.000601180 0.000592050 0.000668990 0.000647650 0.001094720 
3     0.000103120 0.000141760 0.000215670 0.000500470 0.000278040 0.000136330 0.000190390 0.000227460 0.000000000 0.000000360 0.000116150 0.000789720 0.000727770 0.000625310 0.000731430 0.000710530 0.000704030 0.000197400 0.000677920 0.000601790 0.000571370 0.000642290 0.000611660 0.000754800 0.000629020 0.000666470 0.000626720 0.000745870 0.000721850 0.000709060 0.000124210 0.000425360 0.000802600 0.000653360 0.000646350 0.000597820 0.000316660 0.000512570 0.000497220 0.000997460 0.000967740 0.000886350 0.000594850 0.000611090 0.000909330 0.000721200 0.000252370 0.000277280 0.000283790 0.000643710 0.001090780 
9     0.000093760 0.000309820 0.000215430 0.000500230 0.000081790 0.000237200 0.000075320 0.000218100 0.000000360 0.000000000 0.000115910 0.000780360 0.000718410 0.000144240 0.000722070 0.000701170 0.000694670 0.000692190 0.000668560 0.000674180 0.000763100 0.000806520 0.000803390 0.000858150 0.000619660 0.000657110 0.000442910 0.000736510 0.000712490 0.000699700 0.000123970 0.000786660 0.000793240 0.000644000 0.000636990 0.000637760 0.000295620 0.000512330 0.000496980 0.000988100 0.000958380 0.000876990 0.000298690 0.000601730 0.000899970 0.000711840 0.000252130 0.000277040 0.000432120 0.000634350 0.001081420 
48     0.000194530 0.000194250 0.000099860 0.000384460 0.000753890 0.000878610 0.000858670 0.000859510 0.000116150 0.000115910 0.000000000 0.000839390 0.000777440 0.000354380 0.000781100 0.000560940 0.000753700 0.000751220 0.000248420 0.000733210 0.000142420 0.000142420 0.000188590 0.000191250 0.000127910 0.000716140 0.000676390 0.000767500 0.000771520 0.000758730 0.000008400 0.000845690 0.000852270 0.000703030 0.000696020 0.000696790 0.000706530 0.000396560 0.000381210 0.001047130 0.001017410 0.000936020 0.000644520 0.000660760 0.000894700 0.000649360 0.000136560 0.000161470 0.000714720 0.000693380 0.000352470 
46     0.000732850 0.000564020 0.000991120 0.000953180 0.000679380 0.000808800 0.000121660 0.000793660 0.000789720 0.000780360 0.000839390 0.000000000 0.000491830 0.000587150 0.000706590 0.000685690 0.000679190 0.000676710 0.000653080 0.000658700 0.000796790 0.000799700 0.000855170 0.000851330 0.000604180 0.000561390 0.000601880 0.000263970 0.000697010 0.000684220 0.000658140 0.000771180 0.000777760 0.000628520 0.000621510 0.000622280 0.000632020 0.000653300 0.000679470 0.000972620 0.000942900 0.000861510 0.000404280 0.000527080 0.000884490 0.000696360 0.000572400 0.000563270 0.000640210 0.000618870 0.001181720 
17     0.000432610 0.000731130 0.000929170 0.000891230 0.000617430 0.000750810 0.000730870 0.000731710 0.000727770 0.000718410 0.000777440 0.000491830 0.000000000 0.000525200 0.000644640 0.000623740 0.000617240 0.000569050 0.000297670 0.000596750 0.000734840 0.000737750 0.000793220 0.000789380 0.000542230 0.000579680 0.000539930 0.000659080 0.000635060 0.000622270 0.000596190 0.000709230 0.000715810 0.000566570 0.000559560 0.000560330 0.000570070 0.000591350 0.000617520 0.000910670 0.000880950 0.000799560 0.000508060 0.000524300 0.000822540 0.000634410 0.000510450 0.000501320 0.000494830 0.000556920 0.001119770 
34     0.000610990 0.000628670 0.000634940 0.000788770 0.000185370 0.000648350 0.000628410 0.000629250 0.000625310 0.000144240 0.000354380 0.000587150 0.000525200 0.000000000 0.000542180 0.000521280 0.000514780 0.000512300 0.000488670 0.000494290 0.000632380 0.000635290 0.000690760 0.000686920 0.000439770 0.000477220 0.000437470 0.000556620 0.000532600 0.000519810 0.000546500 0.000606770 0.000613350 0.000464110 0.000457100 0.000457870 0.000467610 0.000488890 0.000515060 0.000808210 0.000778490 0.000697100 0.000405600 0.000421840 0.000223960 0.000531950 0.000407990 0.000398860 0.000475800 0.000454460 0.000535440 
20     0.000588340 0.000253020 0.000932830 0.000894890 0.000134010 0.000754470 0.000734530 0.000735370 0.000731430 0.000722070 0.000781100 0.000706590 0.000644640 0.000542180 0.000000000 0.000103890 0.000115550 0.000021670 0.000217270 0.000234850 0.000738500 0.000741410 0.000769520 0.000793040 0.000364170 0.000401620 0.000361870 0.000481020 0.000457000 0.000444210 0.000763990 0.000493930 0.000500510 0.000351270 0.000344260 0.000345030 0.000354770 0.000376050 0.000402220 0.000462200 0.000293420 0.000531510 0.000477700 0.000525520 0.000607240 0.000635630 0.000511710 0.000502580 0.000579520 0.000558180 0.001123430 
13     0.000696210 0.000713890 0.000911930 0.000873990 0.000018310 0.000733570 0.000713630 0.000714470 0.000710530 0.000701170 0.000560940 0.000685690 0.000623740 0.000521280 0.000103890 0.000000000 0.000000340 0.000099560 0.000196370 0.000213950 0.000717600 0.000720510 0.000775980 0.000772140 0.000343270 0.000380720 0.000340970 0.000460120 0.000436100 0.000423310 0.000743090 0.000406710 0.000479610 0.000330370 0.000323360 0.000324130 0.000333870 0.000355150 0.000381320 0.000674470 0.000135240 0.000563360 0.000145320 0.000504620 0.000586340 0.000614730 0.000490810 0.000481680 0.000558620 0.000537280 0.001102530 
30     0.000689710 0.000707390 0.000905430 0.000867490 0.000216170 0.000727070 0.000707130 0.000707970 0.000704030 0.000694670 0.000753700 0.000679190 0.000617240 0.000514780 0.000115550 0.000000340 0.000000000 0.000213500 0.000179890 0.000207450 0.000711100 0.000714010 0.000769480 0.000765640 0.000336770 0.000374220 0.000334470 0.000453620 0.000429600 0.000416810 0.000736590 0.000466530 0.000473110 0.000323870 0.000316860 0.000317630 0.000327370 0.000348650 0.000374820 0.000667970 0.000638250 0.000556860 0.000481880 0.000498120 0.000579840 0.000608230 0.000484310 0.000475180 0.000552120 0.000530780 0.001096030 
31     0.000687230 0.000065710 0.000902950 0.000865010 0.000093250 0.000724590 0.000704650 0.000705490 0.000197400 0.000692190 0.000751220 0.000676710 0.000569050 0.000512300 0.000021670 0.000099560 0.000213500 0.000000000 0.000178280 0.000078650 0.000153630 0.000711530 0.000535940 0.000763160 0.000334290 0.000371740 0.000331990 0.000451140 0.000427120 0.000414330 0.000734110 0.000464050 0.000470630 0.000321390 0.000314380 0.000315150 0.000324890 0.000346170 0.000372340 0.000665490 0.000635770 0.000554380 0.000479400 0.000495640 0.000577360 0.000605750 0.000481830 0.000472700 0.000549640 0.000528300 0.000836130 
19     0.000663600 0.000194990 0.000879320 0.000841380 0.000190060 0.000575470 0.000681020 0.000678710 0.000677920 0.000668560 0.000248420 0.000653080 0.000297670 0.000488670 0.000217270 0.000196370 0.000179890 0.000178280 0.000000000 0.000002870 0.000253930 0.000687900 0.000743370 0.000739530 0.000088950 0.000278680 0.000167240 0.000049150 0.000403490 0.000390700 0.000710480 0.000440420 0.000447000 0.000297760 0.000290750 0.000291520 0.000301260 0.000322540 0.000348710 0.000641860 0.000048480 0.000530750 0.000455770 0.000472010 0.000553730 0.000582120 0.000340830 0.000449070 0.000526010 0.000504670 0.001069920 
49     0.000381450 0.000557580 0.000884940 0.000847000 0.000207640 0.000706580 0.000530910 0.000274280 0.000601790 0.000674180 0.000733210 0.000658700 0.000596750 0.000494290 0.000234850 0.000213950 0.000207450 0.000078650 0.000002870 0.000000000 0.000690610 0.000693520 0.000748990 0.000745150 0.000198620 0.000122370 0.000019580 0.000433130 0.000409110 0.000396320 0.000716100 0.000446040 0.000452620 0.000303380 0.000296370 0.000297140 0.000306880 0.000328160 0.000354330 0.000647480 0.000617760 0.000536370 0.000250070 0.000477630 0.000559350 0.000587740 0.000463820 0.000454690 0.000531630 0.000430500 0.001075540 
23     0.000798650 0.000816330 0.001014370 0.000976430 0.000330210 0.000355070 0.000634340 0.000429180 0.000571370 0.000763100 0.000142420 0.000796790 0.000734840 0.000632380 0.000738500 0.000717600 0.000711100 0.000153630 0.000253930 0.000690610 0.000000000 0.000000000 0.000046170 0.000048830 0.000015010 0.000634090 0.000562180 0.000264560 0.000350480 0.000716130 0.000116660 0.000803090 0.000809670 0.000660430 0.000563140 0.000565580 0.000663930 0.000685210 0.000711380 0.000003880 0.000950070 0.000850520 0.000601920 0.000618160 0.000916400 0.000728270 0.000604310 0.000452290 0.000672120 0.000650780 0.000726130 
16     0.000801560 0.000819240 0.001017280 0.000979340 0.000401130 0.000357110 0.000705260 0.000685930 0.000642290 0.000806520 0.000142420 0.000799700 0.000737750 0.000635290 0.000741410 0.000720510 0.000714010 0.000711530 0.000687900 0.000693520 0.000000000 0.000000000 0.000046170 0.000048830 0.000015010 0.000634090 0.000602090 0.000755850 0.000515880 0.000719040 0.000116660 0.000806000 0.000812580 0.000663340 0.000656330 0.000657100 0.000666840 0.000688120 0.000523340 0.000003880 0.000977720 0.000896330 0.000604830 0.000621070 0.000919310 0.000731180 0.000607220 0.000452290 0.000675030 0.000198660 0.000503580 
18     0.000857030 0.000874710 0.001072750 0.000775780 0.000370500 0.000395360 0.000674630 0.000655300 0.000611660 0.000803390 0.000188590 0.000855170 0.000793220 0.000690760 0.000769520 0.000775980 0.000769480 0.000535940 0.000743370 0.000748990 0.000046170 0.000046170 0.000000000 0.000002880 0.000061180 0.000680260 0.000580550 0.000811320 0.000787300 0.000774510 0.000162830 0.000861470 0.000868050 0.000718810 0.000614700 0.000579320 0.000722310 0.000743590 0.000769760 0.001062910 0.001033190 0.000951800 0.000660300 0.000676540 0.000196750 0.000786650 0.000662690 0.000498460 0.000730500 0.000709160 0.000794250 
45     0.000853190 0.000870870 0.001068910 0.001030970 0.000513640 0.000538500 0.000817770 0.000798440 0.000754800 0.000858150 0.000191250 0.000851330 0.000789380 0.000686920 0.000793040 0.000772140 0.000765640 0.000763160 0.000739530 0.000745150 0.000048830 0.000048830 0.000002880 0.000000000 0.000063840 0.000682920 0.000596430 0.000807480 0.000783460 0.000770670 0.000165490 0.000857630 0.000864210 0.000714970 0.000707960 0.000708730 0.000718470 0.000739750 0.000765920 0.001059070 0.001029350 0.000947960 0.000656460 0.000672700 0.000970940 0.000782810 0.000658850 0.000501120 0.000726660 0.000705320 0.000977500 
43     0.000614700 0.000632380 0.000692230 0.000792480 0.000336960 0.000102520 0.000017280 0.000263480 0.000629020 0.000619660 0.000127910 0.000604180 0.000542230 0.000439770 0.000364170 0.000343270 0.000336770 0.000334290 0.000088950 0.000198620 0.000015010 0.000015010 0.000061180 0.000063840 0.000000000 0.000096130 0.000169460 0.000288610 0.000059250 0.000251800 0.000102150 0.000428760 0.000435340 0.000286100 0.000279090 0.000279860 0.000289600 0.000310880 0.000337050 0.000630200 0.000600480 0.000290050 0.000260450 0.000423110 0.000542070 0.000428600 0.000409300 0.000400170 0.000477110 0.000455770 0.001021020 
29     0.000613320 0.000669830 0.000867870 0.000829930 0.000374410 0.000393600 0.000669570 0.000616390 0.000666470 0.000657110 0.000716140 0.000561390 0.000579680 0.000477220 0.000401620 0.000380720 0.000374220 0.000371740 0.000278680 0.000122370 0.000634090 0.000634090 0.000680260 0.000682920 0.000096130 0.000000000 0.000206910 0.000326060 0.000302040 0.000289250 0.000699030 0.000466210 0.000472790 0.000323550 0.000316540 0.000317310 0.000327050 0.000348330 0.000374500 0.000667650 0.000637930 0.000392740 0.000444320 0.000110210 0.000234600 0.000570670 0.000446750 0.000437620 0.000078130 0.000493220 0.001032700 
40     0.000612400 0.000630080 0.000828120 0.000790180 0.000334660 0.000428330 0.000629820 0.000630660 0.000626720 0.000442910 0.000676390 0.000601880 0.000539930 0.000437470 0.000361870 0.000340970 0.000334470 0.000331990 0.000167240 0.000019580 0.000562180 0.000602090 0.000580550 0.000596430 0.000169460 0.000206910 0.000000000 0.000182220 0.000166470 0.000153680 0.000417000 0.000426460 0.000433040 0.000283800 0.000276790 0.000277560 0.000287300 0.000308580 0.000334750 0.000627900 0.000598180 0.000516790 0.000187020 0.000420810 0.000539770 0.000530920 0.000407000 0.000397870 0.000474810 0.000453470 0.001018720 
12     0.000731550 0.000749230 0.000947270 0.000909330 0.000453810 0.000768910 0.000748970 0.000749810 0.000745870 0.000736510 0.000767500 0.000263970 0.000659080 0.000556620 0.000481020 0.000460120 0.000453620 0.000451140 0.000049150 0.000433130 0.000264560 0.000755850 0.000811320 0.000807480 0.000288610 0.000326060 0.000182220 0.000000000 0.000145440 0.000132650 0.000738180 0.000396380 0.000517870 0.000402950 0.000395940 0.000396710 0.000406450 0.000427730 0.000453900 0.000747050 0.000717330 0.000635940 0.000523720 0.000511560 0.000658920 0.000650070 0.000524830 0.000517020 0.000593960 0.000572620 0.001137870 
35     0.000707530 0.000725210 0.000923250 0.000292400 0.000429790 0.000744890 0.000724950 0.000725790 0.000721850 0.000712490 0.000771520 0.000697010 0.000635060 0.000532600 0.000457000 0.000436100 0.000429600 0.000427120 0.000403490 0.000409110 0.000350480 0.000515880 0.000787300 0.000783460 0.000059250 0.000302040 0.000166470 0.000145440 0.000000000 0.000000230 0.000754410 0.000521590 0.000528170 0.000378930 0.000371920 0.000372690 0.000382430 0.000403710 0.000429880 0.000723030 0.000693310 0.000611920 0.000499700 0.000515940 0.000218240 0.000626050 0.000502130 0.000493000 0.000569940 0.000548600 0.001113850 
27     0.000359770 0.000712420 0.000910460 0.000752140 0.000417000 0.000732100 0.000712160 0.000713000 0.000709060 0.000699700 0.000758730 0.000684220 0.000622270 0.000519810 0.000444210 0.000423310 0.000416810 0.000414330 0.000390700 0.000396320 0.000716130 0.000719040 0.000774510 0.000770670 0.000251800 0.000289250 0.000153680 0.000132650 0.000000230 0.000000000 0.000741620 0.000435630 0.000515380 0.000366140 0.000359130 0.000359900 0.000369640 0.000390920 0.000417090 0.000348860 0.000680520 0.000599130 0.000486910 0.000503150 0.000622110 0.000613260 0.000489340 0.000480210 0.000557150 0.000535810 0.000359300 
47     0.000202590 0.000202310 0.000107520 0.000392720 0.000701480 0.000870160 0.000361620 0.000412550 0.000124210 0.000123970 0.000008400 0.000658140 0.000596190 0.000546500 0.000763990 0.000743090 0.000736590 0.000734110 0.000710480 0.000716100 0.000116660 0.000116660 0.000162830 0.000165490 0.000102150 0.000699030 0.000417000 0.000738180 0.000754410 0.000741620 0.000000000 0.000750490 0.000582940 0.000685920 0.000678910 0.000679680 0.000689420 0.000404820 0.000389470 0.001030020 0.000200220 0.000272460 0.000627410 0.000643650 0.000941890 0.000753760 0.000144580 0.000169490 0.000354760 0.000676270 0.000346830 
44     0.000781700 0.000799380 0.000997420 0.000959480 0.000466720 0.000705430 0.000799120 0.000799960 0.000425360 0.000786660 0.000845690 0.000771180 0.000709230 0.000606770 0.000493930 0.000406710 0.000466530 0.000464050 0.000440420 0.000446040 0.000803090 0.000806000 0.000861470 0.000857630 0.000428760 0.000466210 0.000426460 0.000396380 0.000521590 0.000435630 0.000750490 0.000000000 0.000039100 0.000330360 0.000242370 0.000151200 0.000333860 0.000355140 0.000381310 0.000728080 0.000698360 0.000616970 0.000290800 0.000590110 0.000639950 0.000559300 0.000361940 0.000567170 0.000427340 0.000622770 0.001188020 
37     0.000788280 0.000805960 0.001004000 0.000966060 0.000473300 0.000686670 0.000805700 0.000806540 0.000802600 0.000793240 0.000852270 0.000777760 0.000715810 0.000613350 0.000500510 0.000479610 0.000473110 0.000470630 0.000447000 0.000452620 0.000809670 0.000812580 0.000868050 0.000864210 0.000435340 0.000472790 0.000433040 0.000517870 0.000528170 0.000515380 0.000582940 0.000039100 0.000000000 0.000336940 0.000271520 0.000180350 0.000340440 0.000361720 0.000387890 0.000734660 0.000704940 0.000549190 0.000179820 0.000596690 0.000646530 0.000291200 0.000248030 0.000573750 0.000650690 0.000629350 0.001194600 
25     0.000639040 0.000656720 0.000854760 0.000816820 0.000299930 0.000676400 0.000656460 0.000657300 0.000653360 0.000644000 0.000703030 0.000628520 0.000566570 0.000464110 0.000351270 0.000330370 0.000323870 0.000321390 0.000297760 0.000303380 0.000660430 0.000663340 0.000718810 0.000714970 0.000286100 0.000323550 0.000283800 0.000402950 0.000378930 0.000366140 0.000685920 0.000330360 0.000336940 0.000000000 0.000030150 0.000030920 0.000070800 0.000092080 0.000052350 0.000585420 0.000555700 0.000474310 0.000431210 0.000389730 0.000497290 0.000557560 0.000433640 0.000424510 0.000501450 0.000266690 0.001045360 
22     0.000632030 0.000649710 0.000847750 0.000809810 0.000317050 0.000669390 0.000649450 0.000650290 0.000646350 0.000636990 0.000696020 0.000621510 0.000559560 0.000457100 0.000344260 0.000323360 0.000316860 0.000314380 0.000290750 0.000296370 0.000563140 0.000656330 0.000614700 0.000707960 0.000279090 0.000316540 0.000276790 0.000395940 0.000371920 0.000359130 0.000678910 0.000242370 0.000271520 0.000030150 0.000000000 0.000000000 0.000045300 0.000085070 0.000045990 0.000578410 0.000548690 0.000467300 0.000424200 0.000440440 0.000490280 0.000550550 0.000426630 0.000417500 0.000494440 0.000337940 0.000076220 
14     0.000632800 0.000650480 0.000291300 0.000810580 0.000317820 0.000652080 0.000650220 0.000651060 0.000597820 0.000637760 0.000696790 0.000622280 0.000560330 0.000457870 0.000345030 0.000324130 0.000317630 0.000315150 0.000291520 0.000297140 0.000565580 0.000657100 0.000579320 0.000708730 0.000279860 0.000317310 0.000277560 0.000396710 0.000372690 0.000359900 0.000679680 0.000151200 0.000180350 0.000030920 0.000000000 0.000000000 0.000064560 0.000035510 0.000119410 0.000579180 0.000549460 0.000468070 0.000424970 0.000189840 0.000491050 0.000551320 0.000427400 0.000418270 0.000019020 0.000464830 0.000156550 
11     0.000274760 0.000660220 0.000858260 0.000611880 0.000327560 0.000679900 0.000659960 0.000660800 0.000316660 0.000295620 0.000706530 0.000632020 0.000570070 0.000467610 0.000354770 0.000333870 0.000327370 0.000324890 0.000301260 0.000306880 0.000663930 0.000666840 0.000722310 0.000718470 0.000289600 0.000327050 0.000287300 0.000406450 0.000382430 0.000369640 0.000689420 0.000333860 0.000340440 0.000070800 0.000045300 0.000064560 0.000000000 0.000009350 0.000000810 0.000588920 0.000542800 0.000477810 0.000399980 0.000450950 0.000500790 0.000561060 0.000437140 0.000428010 0.000504950 0.000407490 0.001048860 
15     0.000590950 0.000590670 0.000496280 0.000022240 0.000348840 0.000701180 0.000681240 0.000071860 0.000512570 0.000512330 0.000396560 0.000653300 0.000591350 0.000488890 0.000376050 0.000355150 0.000348650 0.000346170 0.000322540 0.000328160 0.000685210 0.000688120 0.000743590 0.000739750 0.000310880 0.000348330 0.000308580 0.000427730 0.000403710 0.000390920 0.000404820 0.000355140 0.000361720 0.000092080 0.000085070 0.000035510 0.000009350 0.000000000 0.000018990 0.000610200 0.000580480 0.000499090 0.000423190 0.000427540 0.000522070 0.000582340 0.000458420 0.000449290 0.000526230 0.000504890 0.001070140 
28     0.000575600 0.000575320 0.000480930 0.000004010 0.000375010 0.000599870 0.000707410 0.000708250 0.000497220 0.000496980 0.000381210 0.000679470 0.000617520 0.000515060 0.000402220 0.000381320 0.000374820 0.000372340 0.000348710 0.000354330 0.000711380 0.000523340 0.000769760 0.000765920 0.000337050 0.000374500 0.000334750 0.000453900 0.000429880 0.000417090 0.000389470 0.000381310 0.000387890 0.000052350 0.000045990 0.000119410 0.000000810 0.000018990 0.000000000 0.000636370 0.000606650 0.000525260 0.000482160 0.000123630 0.000548240 0.000608510 0.000484590 0.000475460 0.000552400 0.000531060 0.001096310 
33     0.000983140 0.001000820 0.000988900 0.000909220 0.000668160 0.001020500 0.001000560 0.001001400 0.000997460 0.000988100 0.001047130 0.000972620 0.000910670 0.000808210 0.000462200 0.000674470 0.000667970 0.000665490 0.000641860 0.000647480 0.000003880 0.000003880 0.001062910 0.001059070 0.000630200 0.000667650 0.000627900 0.000747050 0.000723030 0.000348860 0.001030020 0.000728080 0.000734660 0.000585420 0.000578410 0.000579180 0.000588920 0.000610200 0.000636370 0.000000000 0.000147190 0.000063260 0.000775310 0.000791550 0.000465450 0.000901660 0.000777740 0.000768610 0.000845550 0.000824210 0.001389460 
32     0.000917770 0.000894180 0.001169140 0.000553460 0.000638440 0.000990780 0.000970840 0.000971680 0.000967740 0.000958380 0.001017410 0.000942900 0.000880950 0.000778490 0.000293420 0.000135240 0.000638250 0.000635770 0.000048480 0.000617760 0.000950070 0.000977720 0.001033190 0.001029350 0.000600480 0.000637930 0.000598180 0.000717330 0.000693310 0.000680520 0.000200220 0.000698360 0.000704940 0.000555700 0.000548690 0.000549460 0.000542800 0.000580480 0.000606650 0.000147190 0.000000000 0.000075210 0.000745590 0.000761830 0.000435730 0.000871940 0.000748020 0.000738890 0.000295420 0.000223260 0.001359740 
36     0.000872030 0.000288470 0.000540740 0.001049810 0.000557050 0.000909390 0.000889450 0.000890290 0.000886350 0.000876990 0.000936020 0.000861510 0.000799560 0.000697100 0.000531510 0.000563360 0.000556860 0.000554380 0.000530750 0.000536370 0.000850520 0.000896330 0.000951800 0.000947960 0.000290050 0.000392740 0.000516790 0.000635940 0.000611920 0.000599130 0.000272460 0.000616970 0.000549190 0.000474310 0.000467300 0.000468070 0.000477810 0.000499090 0.000525260 0.000063260 0.000075210 0.000000000 0.000233030 0.000475200 0.000284920 0.000790550 0.000472420 0.000517480 0.000734440 0.000459960 0.001278350 
39     0.000580530 0.000598210 0.000796250 0.000530400 0.000412320 0.000431130 0.000416800 0.000276300 0.000594850 0.000298690 0.000644520 0.000404280 0.000508060 0.000405600 0.000477700 0.000145320 0.000481880 0.000479400 0.000455770 0.000250070 0.000601920 0.000604830 0.000660300 0.000656460 0.000260450 0.000444320 0.000187020 0.000523720 0.000499700 0.000486910 0.000627410 0.000290800 0.000179820 0.000431210 0.000424200 0.000424970 0.000399980 0.000423190 0.000482160 0.000775310 0.000745590 0.000233030 0.000000000 0.000000920 0.000534620 0.000451550 0.000375130 0.000366000 0.000442940 0.000421600 0.000651630 
42     0.000303870 0.000614450 0.000812490 0.000774550 0.000498310 0.000634130 0.000614190 0.000566850 0.000611090 0.000601730 0.000660760 0.000527080 0.000524300 0.000421840 0.000525520 0.000504620 0.000498120 0.000495640 0.000472010 0.000477630 0.000618160 0.000621070 0.000676540 0.000672700 0.000423110 0.000110210 0.000420810 0.000511560 0.000515940 0.000503150 0.000643650 0.000590110 0.000596690 0.000389730 0.000440440 0.000189840 0.000450950 0.000427540 0.000123630 0.000791550 0.000761830 0.000475200 0.000000920 0.000000000 0.000703420 0.000378470 0.000292980 0.000382240 0.000459180 0.000330400 0.000276470 
24     0.000895010 0.000912690 0.001110730 0.001072790 0.000580030 0.000932370 0.000912430 0.000913270 0.000909330 0.000899970 0.000894700 0.000884490 0.000822540 0.000223960 0.000607240 0.000586340 0.000579840 0.000577360 0.000553730 0.000559350 0.000916400 0.000919310 0.000196750 0.000970940 0.000542070 0.000234600 0.000539770 0.000658920 0.000218240 0.000622110 0.000941890 0.000639950 0.000646530 0.000497290 0.000490280 0.000491050 0.000500790 0.000522070 0.000548240 0.000465450 0.000435730 0.000284920 0.000534620 0.000703420 0.000000000 0.000002820 0.000689610 0.000680480 0.000757420 0.000736080 0.001301330 
50     0.000101860 0.000724560 0.000922600 0.000884660 0.000608420 0.000744240 0.000724300 0.000725140 0.000721200 0.000711840 0.000649360 0.000696360 0.000634410 0.000531950 0.000635630 0.000614730 0.000608230 0.000605750 0.000582120 0.000587740 0.000728270 0.000731180 0.000786650 0.000782810 0.000428600 0.000570670 0.000530920 0.000650070 0.000626050 0.000613260 0.000753760 0.000559300 0.000291200 0.000557560 0.000550550 0.000551320 0.000561060 0.000582340 0.000608510 0.000901660 0.000871940 0.000790550 0.000451550 0.000378470 0.000002820 0.000000000 0.000501480 0.000492350 0.000569290 0.000547950 0.001113200 
26     0.000330750 0.000330470 0.000236040 0.000424330 0.000484500 0.000620280 0.000600340 0.000601180 0.000252370 0.000252130 0.000136560 0.000572400 0.000510450 0.000407990 0.000511710 0.000490810 0.000484310 0.000481830 0.000340830 0.000463820 0.000604310 0.000607220 0.000662690 0.000658850 0.000409300 0.000446750 0.000407000 0.000524830 0.000502130 0.000489340 0.000144580 0.000361940 0.000248030 0.000433640 0.000426630 0.000427400 0.000437140 0.000458420 0.000484590 0.000777740 0.000748020 0.000472420 0.000375130 0.000292980 0.000689610 0.000501480 0.000000000 0.000111290 0.000338320 0.000369310 0.000989240 
41     0.000355660 0.000355380 0.000260950 0.000532540 0.000457390 0.000610090 0.000591210 0.000592050 0.000277280 0.000277040 0.000161470 0.000563270 0.000501320 0.000398860 0.000502580 0.000481680 0.000475180 0.000472700 0.000449070 0.000454690 0.000452290 0.000452290 0.000498460 0.000501120 0.000400170 0.000437620 0.000397870 0.000517020 0.000493000 0.000480210 0.000169490 0.000567170 0.000573750 0.000424510 0.000417500 0.000418270 0.000428010 0.000449290 0.000475460 0.000768610 0.000738890 0.000517480 0.000366000 0.000382240 0.000680480 0.000492350 0.000111290 0.000000000 0.000261790 0.000335440 0.000980110 
38     0.000650730 0.000668410 0.000866450 0.000828510 0.000086050 0.000688090 0.000668150 0.000668990 0.000283790 0.000432120 0.000714720 0.000640210 0.000494830 0.000475800 0.000579520 0.000558620 0.000552120 0.000549640 0.000526010 0.000531630 0.000672120 0.000675030 0.000730500 0.000726660 0.000477110 0.000078130 0.000474810 0.000593960 0.000569940 0.000557150 0.000354760 0.000427340 0.000650690 0.000501450 0.000494440 0.000019020 0.000504950 0.000526230 0.000552400 0.000845550 0.000295420 0.000734440 0.000442940 0.000459180 0.000757420 0.000569290 0.000338320 0.000261790 0.000000000 0.000001610 0.001057050 
21     0.000629390 0.000647070 0.000845110 0.000807170 0.000530970 0.000402900 0.000646810 0.000647650 0.000643710 0.000634350 0.000693380 0.000618870 0.000556920 0.000454460 0.000558180 0.000537280 0.000530780 0.000528300 0.000504670 0.000430500 0.000650780 0.000198660 0.000709160 0.000705320 0.000455770 0.000493220 0.000453470 0.000572620 0.000548600 0.000535810 0.000676270 0.000622770 0.000629350 0.000266690 0.000337940 0.000464830 0.000407490 0.000504890 0.000531060 0.000824210 0.000223260 0.000459960 0.000421600 0.000330400 0.000736080 0.000547950 0.000369310 0.000335440 0.000001610 0.000000000 0.001035710 
0     0.001076460 0.000778990 0.001292180 0.001254240 0.001040240 0.001113820 0.001093880 0.001094720 0.001090780 0.001081420 0.000352470 0.001181720 0.001119770 0.000535440 0.001123430 0.001102530 0.001096030 0.000836130 0.001069920 0.001075540 0.000726130 0.000503580 0.000794250 0.000977500 0.001021020 0.001032700 0.001018720 0.001137870 0.001113850 0.000359300 0.000346830 0.001188020 0.001194600 0.001045360 0.000076220 0.000156550 0.001048860 0.001070140 0.001096310 0.001389460 0.001359740 0.001278350 0.000651630 0.000276470 0.001301330 0.001113200 0.000989240 0.000980110 0.001057050 0.001035710 0.000000000 
