51
8     0.000000000 0.000048250 0.000064750 0.000010610 0.000076310 0.000099470 0.000151130 0.000052010 0.000183460 0.000135650 0.000204560 0.000193660 0.000230890 0.000232030 0.000182620 0.000198820 0.000188590 0.000189020 0.000149560 0.000144540 0.000145740 0.000156780 0.000144070 0.000142380 0.000126380 0.000117140 0.000216890 0.000188050 0.000159560 0.000145660 0.000188140 0.000199360 0.000202890 0.000181680 0.000183620 0.000189080 0.000227770 0.000155250 0.000169980 0.000191470 0.000208500 0.000199070 0.000198140 0.000183060 0.000181470 0.000187290 0.000190940 0.000182830 0.000065480 0.000082400 0.000185650 
2     0.000048250 0.000000000 0.000079610 0.000049580 0.000122500 0.000145660 0.000197320 0.000098200 0.000229650 0.000181840 0.000237280 0.000239850 0.000277080 0.000278220 0.000228810 0.000245010 0.000234780 0.000235210 0.000195750 0.000190730 0.000191930 0.000202970 0.000190260 0.000188570 0.000172570 0.000163330 0.000250720 0.000220770 0.000205750 0.000191850 0.000234330 0.000235690 0.000235610 0.000227870 0.000225660 0.000221800 0.000260310 0.000201440 0.000216170 0.000237660 0.000247980 0.000245260 0.000244330 0.000215780 0.000214190 0.000220010 0.000235420 0.000229020 0.000111670 0.000128590 0.000076530 
5     0.000064750 0.000079610 0.000000000 0.000092700 0.000197570 0.000178320 0.000178860 0.000180540 0.000205790 0.000238930 0.000211670 0.000216850 0.000260360 0.000277770 0.000228070 0.000226400 0.000232070 0.000222350 0.000241030 0.000238700 0.000210570 0.000191940 0.000192400 0.000190060 0.000193350 0.000205000 0.000225110 0.000195160 0.000202540 0.000211250 0.000209310 0.000210080 0.000210000 0.000209930 0.000200050 0.000196190 0.000234880 0.000209160 0.000217190 0.000243690 0.000222370 0.000231190 0.000222520 0.000190170 0.000188580 0.000194400 0.000209810 0.000249710 0.000194010 0.000210930 0.000199700 
4     0.000010610 0.000049580 0.000092700 0.000000000 0.000084860 0.000108020 0.000159680 0.000060560 0.000192010 0.000144200 0.000214910 0.000202210 0.000239440 0.000240580 0.000191170 0.000207370 0.000197140 0.000197570 0.000158110 0.000153090 0.000154290 0.000165330 0.000152620 0.000150930 0.000134930 0.000125690 0.000225440 0.000198400 0.000168110 0.000154210 0.000196690 0.000207910 0.000213240 0.000190230 0.000192170 0.000199430 0.000238120 0.000163800 0.000178530 0.000200020 0.000217050 0.000207620 0.000206690 0.000193410 0.000191820 0.000197640 0.000199490 0.000191380 0.000074030 0.000090950 0.000194200 
7     0.000076310 0.000122500 0.000197570 0.000084860 0.000000000 0.000093310 0.000137900 0.000038780 0.000227490 0.000179680 0.000239760 0.000237690 0.000274920 0.000276060 0.000226650 0.000242850 0.000232620 0.000233050 0.000193590 0.000188570 0.000189770 0.000200810 0.000188100 0.000186410 0.000170410 0.000161170 0.000253200 0.000223250 0.000203590 0.000189690 0.000232170 0.000238170 0.000238090 0.000225710 0.000227650 0.000224280 0.000262970 0.000199280 0.000214010 0.000235500 0.000250460 0.000243100 0.000242170 0.000218260 0.000216670 0.000222490 0.000234970 0.000226860 0.000109510 0.000126430 0.000229680 
1     0.000099470 0.000145660 0.000178320 0.000108020 0.000093310 0.000000000 0.000131140 0.000092940 0.000214630 0.000202840 0.000220510 0.000225690 0.000269200 0.000286610 0.000236910 0.000235240 0.000240910 0.000231190 0.000216750 0.000211730 0.000212930 0.000200780 0.000201240 0.000198900 0.000193570 0.000184330 0.000233950 0.000204000 0.000211380 0.000212850 0.000218150 0.000218920 0.000218840 0.000218770 0.000208890 0.000205030 0.000243720 0.000218000 0.000226030 0.000252530 0.000231210 0.000240030 0.000231360 0.000199010 0.000197420 0.000203240 0.000218650 0.000250020 0.000132670 0.000149590 0.000252840 
3     0.000151130 0.000197320 0.000178860 0.000159680 0.000137900 0.000131140 0.000000000 0.000000080 0.000215170 0.000248310 0.000221050 0.000226230 0.000269740 0.000287150 0.000237450 0.000235780 0.000241450 0.000231730 0.000250410 0.000248080 0.000219950 0.000201320 0.000201780 0.000199440 0.000202730 0.000214380 0.000234490 0.000204540 0.000211920 0.000220630 0.000218690 0.000219460 0.000219380 0.000219310 0.000209430 0.000205570 0.000244260 0.000218540 0.000226570 0.000253070 0.000231750 0.000240570 0.000231900 0.000199550 0.000197960 0.000203780 0.000219190 0.000259090 0.000184330 0.000201250 0.000304500 
6     0.000052010 0.000098200 0.000180540 0.000060560 0.000038780 0.000092940 0.000000080 0.000000000 0.000203190 0.000155380 0.000230990 0.000213390 0.000250620 0.000251760 0.000202350 0.000218550 0.000208320 0.000208750 0.000169290 0.000164270 0.000165470 0.000176510 0.000163800 0.000162110 0.000146110 0.000136870 0.000236620 0.000214480 0.000179290 0.000165390 0.000207870 0.000219090 0.000229320 0.000201410 0.000203350 0.000215510 0.000247320 0.000174980 0.000189710 0.000211200 0.000228230 0.000218800 0.000217870 0.000209490 0.000207900 0.000213720 0.000210670 0.000202560 0.000085210 0.000102130 0.000205380 
20     0.000183460 0.000229650 0.000205790 0.000192010 0.000227490 0.000214630 0.000215170 0.000203190 0.000000000 0.000082230 0.000159640 0.000156020 0.000193250 0.000194390 0.000148000 0.000164200 0.000153970 0.000154400 0.000114940 0.000109920 0.000111120 0.000122160 0.000109450 0.000107760 0.000091760 0.000089540 0.000200700 0.000170750 0.000153160 0.000139260 0.000181740 0.000185670 0.000185590 0.000175280 0.000175640 0.000171780 0.000223090 0.000142590 0.000157320 0.000178810 0.000195840 0.000186410 0.000185480 0.000165760 0.000164170 0.000169990 0.000178280 0.000170170 0.000182540 0.000199460 0.000197950 
36     0.000135650 0.000181840 0.000238930 0.000144200 0.000179680 0.000202840 0.000248310 0.000155380 0.000082230 0.000000000 0.000141340 0.000108210 0.000145440 0.000146580 0.000100190 0.000116390 0.000106160 0.000106590 0.000067130 0.000062110 0.000063310 0.000074350 0.000061640 0.000059950 0.000043950 0.000041730 0.000162680 0.000164130 0.000105350 0.000091450 0.000133930 0.000145150 0.000155810 0.000127470 0.000129410 0.000170990 0.000224310 0.000094780 0.000109510 0.000131000 0.000148030 0.000138600 0.000137670 0.000135670 0.000197310 0.000148190 0.000130470 0.000122360 0.000134730 0.000151650 0.000150140 
41     0.000204560 0.000237280 0.000211670 0.000214910 0.000239760 0.000220510 0.000221050 0.000230990 0.000159640 0.000141340 0.000000000 0.000047140 0.000184870 0.000192660 0.000189200 0.000187530 0.000193200 0.000183480 0.000158270 0.000153250 0.000154450 0.000156270 0.000152780 0.000151090 0.000135090 0.000132870 0.000206580 0.000176630 0.000184010 0.000182590 0.000190780 0.000191550 0.000191470 0.000191400 0.000181520 0.000177660 0.000228970 0.000185920 0.000200650 0.000222140 0.000233960 0.000229740 0.000228810 0.000171640 0.000170050 0.000175870 0.000191280 0.000213500 0.000225870 0.000226010 0.000241280 
43     0.000193660 0.000239850 0.000216850 0.000202210 0.000237690 0.000225690 0.000226230 0.000213390 0.000156020 0.000108210 0.000047140 0.000000000 0.000158390 0.000159530 0.000158200 0.000174400 0.000164170 0.000164600 0.000125140 0.000120120 0.000121320 0.000132360 0.000119650 0.000117960 0.000101960 0.000099740 0.000211760 0.000181810 0.000163360 0.000149460 0.000191940 0.000196730 0.000196650 0.000185480 0.000186700 0.000182840 0.000234150 0.000152790 0.000167520 0.000189010 0.000206040 0.000196610 0.000195680 0.000176820 0.000175230 0.000181050 0.000188480 0.000180370 0.000192740 0.000209660 0.000208150 
49     0.000230890 0.000277080 0.000260360 0.000239440 0.000274920 0.000269200 0.000269740 0.000250620 0.000193250 0.000145440 0.000184870 0.000158390 0.000000000 0.000004700 0.000195430 0.000211630 0.000201400 0.000201830 0.000162370 0.000157350 0.000158550 0.000169590 0.000156880 0.000155190 0.000139190 0.000136970 0.000255270 0.000225320 0.000200590 0.000186690 0.000229170 0.000240240 0.000240160 0.000222710 0.000224650 0.000226350 0.000277660 0.000190020 0.000204750 0.000226240 0.000243270 0.000233840 0.000232910 0.000220330 0.000218740 0.000224560 0.000225710 0.000217600 0.000229970 0.000246890 0.000245380 
38     0.000232030 0.000278220 0.000277770 0.000240580 0.000276060 0.000286610 0.000287150 0.000251760 0.000194390 0.000146580 0.000192660 0.000159530 0.000004700 0.000000000 0.000196570 0.000212770 0.000202540 0.000202970 0.000163510 0.000158490 0.000159690 0.000170730 0.000158020 0.000156330 0.000140330 0.000138110 0.000259060 0.000242730 0.000201730 0.000187830 0.000230310 0.000241530 0.000252190 0.000223850 0.000225790 0.000243760 0.000295070 0.000191160 0.000205890 0.000227380 0.000244410 0.000234980 0.000234050 0.000232050 0.000236150 0.000241970 0.000226850 0.000218740 0.000231110 0.000248030 0.000246520 
26     0.000182620 0.000228810 0.000228070 0.000191170 0.000226650 0.000236910 0.000237450 0.000202350 0.000148000 0.000100190 0.000189200 0.000158200 0.000195430 0.000196570 0.000000000 0.000005170 0.000037860 0.000016020 0.000106980 0.000101960 0.000100760 0.000111800 0.000099090 0.000097400 0.000081400 0.000088700 0.000209650 0.000193030 0.000152320 0.000138420 0.000180900 0.000192120 0.000202780 0.000174440 0.000176380 0.000194060 0.000245370 0.000141750 0.000156480 0.000177970 0.000195000 0.000185570 0.000184640 0.000182640 0.000186450 0.000192270 0.000177440 0.000169330 0.000181700 0.000198620 0.000197110 
16     0.000198820 0.000245010 0.000226400 0.000207370 0.000242850 0.000235240 0.000235780 0.000218550 0.000164200 0.000116390 0.000187530 0.000174400 0.000211630 0.000212770 0.000005170 0.000000000 0.000037840 0.000032220 0.000123180 0.000118160 0.000116960 0.000128000 0.000115290 0.000113600 0.000097600 0.000104900 0.000221310 0.000191360 0.000168520 0.000154620 0.000197100 0.000206280 0.000206200 0.000190640 0.000192580 0.000192390 0.000237430 0.000157950 0.000172680 0.000194170 0.000211200 0.000201770 0.000200840 0.000186370 0.000184780 0.000190600 0.000193640 0.000185530 0.000197900 0.000214820 0.000213310 
40     0.000188590 0.000234780 0.000232070 0.000197140 0.000232620 0.000240910 0.000241450 0.000208320 0.000153970 0.000106160 0.000193200 0.000164170 0.000201400 0.000202540 0.000037860 0.000037840 0.000000000 0.000033800 0.000112950 0.000107930 0.000106730 0.000117770 0.000105060 0.000103370 0.000087370 0.000094670 0.000215620 0.000197030 0.000158290 0.000144390 0.000186870 0.000198090 0.000208750 0.000180410 0.000182350 0.000198060 0.000249370 0.000147720 0.000162450 0.000183940 0.000200970 0.000191540 0.000190610 0.000188610 0.000190450 0.000196270 0.000183410 0.000175300 0.000187670 0.000204590 0.000203080 
37     0.000189020 0.000235210 0.000222350 0.000197570 0.000233050 0.000231190 0.000231730 0.000208750 0.000154400 0.000106590 0.000183480 0.000164600 0.000201830 0.000202970 0.000016020 0.000032220 0.000033800 0.000000000 0.000113380 0.000108360 0.000107160 0.000118200 0.000105490 0.000103800 0.000087800 0.000095100 0.000216050 0.000187310 0.000158720 0.000144820 0.000187300 0.000198520 0.000202150 0.000180840 0.000182780 0.000188340 0.000237770 0.000148150 0.000162880 0.000184370 0.000201400 0.000191970 0.000191040 0.000182320 0.000180730 0.000186550 0.000183840 0.000175730 0.000188100 0.000205020 0.000203510 
44     0.000149560 0.000195750 0.000241030 0.000158110 0.000193590 0.000216750 0.000250410 0.000169290 0.000114940 0.000067130 0.000158270 0.000125140 0.000162370 0.000163510 0.000106980 0.000123180 0.000112950 0.000113380 0.000000000 0.000022110 0.000070100 0.000081140 0.000068430 0.000066740 0.000050740 0.000055640 0.000176590 0.000178040 0.000119260 0.000105360 0.000147840 0.000159060 0.000169720 0.000141380 0.000143320 0.000184900 0.000232800 0.000108690 0.000123420 0.000144910 0.000161940 0.000152510 0.000151580 0.000149580 0.000199410 0.000162100 0.000144380 0.000136270 0.000148640 0.000165560 0.000164050 
32     0.000144540 0.000190730 0.000238700 0.000153090 0.000188570 0.000211730 0.000248080 0.000164270 0.000109920 0.000062110 0.000153250 0.000120120 0.000157350 0.000158490 0.000101960 0.000118160 0.000107930 0.000108360 0.000022110 0.000000000 0.000065080 0.000076120 0.000063410 0.000061720 0.000045720 0.000050620 0.000171570 0.000173020 0.000114240 0.000100340 0.000142820 0.000154040 0.000164700 0.000136360 0.000138300 0.000179880 0.000217480 0.000103670 0.000118400 0.000139890 0.000156920 0.000147490 0.000146560 0.000144560 0.000197080 0.000157080 0.000139360 0.000131250 0.000143620 0.000160540 0.000159030 
19     0.000145740 0.000191930 0.000210570 0.000154290 0.000189770 0.000212930 0.000219950 0.000165470 0.000111120 0.000063310 0.000154450 0.000121320 0.000158550 0.000159690 0.000100760 0.000116960 0.000106730 0.000107160 0.000070100 0.000065080 0.000000000 0.000071800 0.000059090 0.000057400 0.000023070 0.000051820 0.000172770 0.000174220 0.000115440 0.000101540 0.000144020 0.000155240 0.000165900 0.000137560 0.000139500 0.000176560 0.000227870 0.000104870 0.000119600 0.000141090 0.000158120 0.000148690 0.000147760 0.000145760 0.000168950 0.000158280 0.000140560 0.000132450 0.000144820 0.000161740 0.000160230 
39     0.000156780 0.000202970 0.000191940 0.000165330 0.000200810 0.000200780 0.000201320 0.000176510 0.000122160 0.000074350 0.000156270 0.000132360 0.000169590 0.000170730 0.000111800 0.000128000 0.000117770 0.000118200 0.000081140 0.000076120 0.000071800 0.000000000 0.000022210 0.000007000 0.000034760 0.000062860 0.000183810 0.000156900 0.000126480 0.000112580 0.000155060 0.000166280 0.000171740 0.000148600 0.000150540 0.000157930 0.000209240 0.000115910 0.000130640 0.000152130 0.000169160 0.000159730 0.000158800 0.000151910 0.000150320 0.000156140 0.000151600 0.000143490 0.000155860 0.000172780 0.000171270 
29     0.000144070 0.000190260 0.000192400 0.000152620 0.000188100 0.000201240 0.000201780 0.000163800 0.000109450 0.000061640 0.000152780 0.000119650 0.000156880 0.000158020 0.000099090 0.000115290 0.000105060 0.000105490 0.000068430 0.000063410 0.000059090 0.000022210 0.000000000 0.000007810 0.000022050 0.000050150 0.000171100 0.000157360 0.000113770 0.000099870 0.000142350 0.000153570 0.000164230 0.000135890 0.000137830 0.000158390 0.000209700 0.000103200 0.000117930 0.000139420 0.000156450 0.000147020 0.000146090 0.000144090 0.000150780 0.000156600 0.000138890 0.000130780 0.000143150 0.000160070 0.000158560 
27     0.000142380 0.000188570 0.000190060 0.000150930 0.000186410 0.000198900 0.000199440 0.000162110 0.000107760 0.000059950 0.000151090 0.000117960 0.000155190 0.000156330 0.000097400 0.000113600 0.000103370 0.000103800 0.000066740 0.000061720 0.000057400 0.000007000 0.000007810 0.000000000 0.000020360 0.000048460 0.000169410 0.000155020 0.000112080 0.000098180 0.000140660 0.000151880 0.000162540 0.000134200 0.000136140 0.000156050 0.000207360 0.000101510 0.000116240 0.000137730 0.000154760 0.000145330 0.000144400 0.000142400 0.000148440 0.000154260 0.000137200 0.000129090 0.000141460 0.000158380 0.000156870 
21     0.000126380 0.000172570 0.000193350 0.000134930 0.000170410 0.000193570 0.000202730 0.000146110 0.000091760 0.000043950 0.000135090 0.000101960 0.000139190 0.000140330 0.000081400 0.000097600 0.000087370 0.000087800 0.000050740 0.000045720 0.000023070 0.000034760 0.000022050 0.000020360 0.000000000 0.000032460 0.000153410 0.000154860 0.000096080 0.000082180 0.000124660 0.000135880 0.000146540 0.000118200 0.000120140 0.000159340 0.000192410 0.000085510 0.000100240 0.000121730 0.000138760 0.000129330 0.000128400 0.000126400 0.000151730 0.000138920 0.000121200 0.000113090 0.000125460 0.000142380 0.000140870 
28     0.000117140 0.000163330 0.000205000 0.000125690 0.000161170 0.000184330 0.000214380 0.000136870 0.000089540 0.000041730 0.000132870 0.000099740 0.000136970 0.000138110 0.000088700 0.000104900 0.000094670 0.000095100 0.000055640 0.000050620 0.000051820 0.000062860 0.000050150 0.000048460 0.000032460 0.000000000 0.000144170 0.000145620 0.000086840 0.000072940 0.000115420 0.000126640 0.000137300 0.000108960 0.000110900 0.000152480 0.000205800 0.000076270 0.000091000 0.000112490 0.000129520 0.000120090 0.000119160 0.000117160 0.000163380 0.000129680 0.000111960 0.000103850 0.000116220 0.000133140 0.000131630 
34     0.000216890 0.000250720 0.000225110 0.000225440 0.000253200 0.000233950 0.000234490 0.000236620 0.000200700 0.000162680 0.000206580 0.000211760 0.000255270 0.000259060 0.000209650 0.000221310 0.000215620 0.000216050 0.000176590 0.000171570 0.000172770 0.000183810 0.000171100 0.000169410 0.000153410 0.000144170 0.000000000 0.000046150 0.000177790 0.000163890 0.000149270 0.000160490 0.000171150 0.000142810 0.000144750 0.000161980 0.000242410 0.000182280 0.000197010 0.000218500 0.000235530 0.000226100 0.000225170 0.000183820 0.000182230 0.000188050 0.000203460 0.000209860 0.000215970 0.000232890 0.000231380 
15     0.000188050 0.000220770 0.000195160 0.000198400 0.000223250 0.000204000 0.000204540 0.000214480 0.000170750 0.000164130 0.000176630 0.000181810 0.000225320 0.000242730 0.000193030 0.000191360 0.000197030 0.000187310 0.000178040 0.000173020 0.000174220 0.000156900 0.000157360 0.000155020 0.000154860 0.000145620 0.000046150 0.000000000 0.000165380 0.000165340 0.000150720 0.000161940 0.000172600 0.000144260 0.000135890 0.000132030 0.000212460 0.000183730 0.000194770 0.000219950 0.000217450 0.000226270 0.000217600 0.000153870 0.000152280 0.000158100 0.000173510 0.000211310 0.000217250 0.000209500 0.000232830 
9     0.000159560 0.000205750 0.000202540 0.000168110 0.000203590 0.000211380 0.000211920 0.000179290 0.000153160 0.000105350 0.000184010 0.000163360 0.000200590 0.000201730 0.000152320 0.000168520 0.000158290 0.000158720 0.000119260 0.000114240 0.000115440 0.000126480 0.000113770 0.000112080 0.000096080 0.000086840 0.000177790 0.000165380 0.000000000 0.000017650 0.000149040 0.000160260 0.000169420 0.000142580 0.000144520 0.000166410 0.000219840 0.000124950 0.000139680 0.000161170 0.000178200 0.000168770 0.000167840 0.000161250 0.000159660 0.000165480 0.000160640 0.000152530 0.000158640 0.000175560 0.000174050 
25     0.000145660 0.000191850 0.000211250 0.000154210 0.000189690 0.000212850 0.000220630 0.000165390 0.000139260 0.000091450 0.000182590 0.000149460 0.000186690 0.000187830 0.000138420 0.000154620 0.000144390 0.000144820 0.000105360 0.000100340 0.000101540 0.000112580 0.000099870 0.000098180 0.000082180 0.000072940 0.000163890 0.000165340 0.000017650 0.000000000 0.000135140 0.000146360 0.000157020 0.000128680 0.000130620 0.000172200 0.000228550 0.000111050 0.000125780 0.000147270 0.000164300 0.000154870 0.000153940 0.000151940 0.000168370 0.000164460 0.000146740 0.000138630 0.000144740 0.000161660 0.000160150 
23     0.000188140 0.000234330 0.000209310 0.000196690 0.000232170 0.000218150 0.000218690 0.000207870 0.000181740 0.000133930 0.000190780 0.000191940 0.000229170 0.000230310 0.000180900 0.000197100 0.000186870 0.000187300 0.000147840 0.000142820 0.000144020 0.000155060 0.000142350 0.000140660 0.000124660 0.000115420 0.000149270 0.000150720 0.000149040 0.000135140 0.000000000 0.000012590 0.000124670 0.000106140 0.000108080 0.000149660 0.000226610 0.000153530 0.000168260 0.000189750 0.000206780 0.000197350 0.000196420 0.000168020 0.000166430 0.000172250 0.000187660 0.000181110 0.000187220 0.000204140 0.000202630 
42     0.000199360 0.000235690 0.000210080 0.000207910 0.000238170 0.000218920 0.000219460 0.000219090 0.000185670 0.000145150 0.000191550 0.000196730 0.000240240 0.000241530 0.000192120 0.000206280 0.000198090 0.000198520 0.000159060 0.000154040 0.000155240 0.000166280 0.000153570 0.000151880 0.000135880 0.000126640 0.000160490 0.000161940 0.000160260 0.000146360 0.000012590 0.000000000 0.000125440 0.000117360 0.000119300 0.000160880 0.000227380 0.000164750 0.000179480 0.000200970 0.000218000 0.000208570 0.000207640 0.000168790 0.000167200 0.000173020 0.000188430 0.000192330 0.000198440 0.000215360 0.000213850 
13     0.000202890 0.000235610 0.000210000 0.000213240 0.000238090 0.000218840 0.000219380 0.000229320 0.000185590 0.000155810 0.000191470 0.000196650 0.000240160 0.000252190 0.000202780 0.000206200 0.000208750 0.000202150 0.000169720 0.000164700 0.000165900 0.000171740 0.000164230 0.000162540 0.000146540 0.000137300 0.000171150 0.000172600 0.000169420 0.000157020 0.000124670 0.000125440 0.000000000 0.000128000 0.000129940 0.000171520 0.000227300 0.000175410 0.000190140 0.000211630 0.000228660 0.000219230 0.000218300 0.000168710 0.000167120 0.000172940 0.000188350 0.000202990 0.000209100 0.000224340 0.000224510 
46     0.000181680 0.000227870 0.000209930 0.000190230 0.000225710 0.000218770 0.000219310 0.000201410 0.000175280 0.000127470 0.000191400 0.000185480 0.000222710 0.000223850 0.000174440 0.000190640 0.000180410 0.000180840 0.000141380 0.000136360 0.000137560 0.000148600 0.000135890 0.000134200 0.000118200 0.000108960 0.000142810 0.000144260 0.000142580 0.000128680 0.000106140 0.000117360 0.000128000 0.000000000 0.000040020 0.000053480 0.000227230 0.000147070 0.000161800 0.000183290 0.000200320 0.000190890 0.000189960 0.000168640 0.000167050 0.000172870 0.000182760 0.000174650 0.000180760 0.000197680 0.000196170 
50     0.000183620 0.000225660 0.000200050 0.000192170 0.000227650 0.000208890 0.000209430 0.000203350 0.000175640 0.000129410 0.000181520 0.000186700 0.000224650 0.000225790 0.000176380 0.000192580 0.000182350 0.000182780 0.000143320 0.000138300 0.000139500 0.000150540 0.000137830 0.000136140 0.000120140 0.000110900 0.000144750 0.000135890 0.000144520 0.000130620 0.000108080 0.000119300 0.000129940 0.000040020 0.000000000 0.000043600 0.000217350 0.000149010 0.000163740 0.000185230 0.000202260 0.000192830 0.000191900 0.000158760 0.000157170 0.000162990 0.000178400 0.000176590 0.000182700 0.000199620 0.000198110 
47     0.000189080 0.000221800 0.000196190 0.000199430 0.000224280 0.000205030 0.000205570 0.000215510 0.000171780 0.000170990 0.000177660 0.000182840 0.000226350 0.000243760 0.000194060 0.000192390 0.000198060 0.000188340 0.000184900 0.000179880 0.000176560 0.000157930 0.000158390 0.000156050 0.000159340 0.000152480 0.000161980 0.000132030 0.000166410 0.000172200 0.000149660 0.000160880 0.000171520 0.000053480 0.000043600 0.000000000 0.000213490 0.000187770 0.000195800 0.000226810 0.000218480 0.000227300 0.000218630 0.000154900 0.000153310 0.000159130 0.000174540 0.000214440 0.000218280 0.000210530 0.000239690 
10     0.000227770 0.000260310 0.000234880 0.000238120 0.000262970 0.000243720 0.000244260 0.000247320 0.000223090 0.000224310 0.000228970 0.000234150 0.000277660 0.000295070 0.000245370 0.000237430 0.000249370 0.000237770 0.000232800 0.000217480 0.000227870 0.000209240 0.000209700 0.000207360 0.000192410 0.000205800 0.000242410 0.000212460 0.000219840 0.000228550 0.000226610 0.000227380 0.000227300 0.000227230 0.000217350 0.000213490 0.000000000 0.000109400 0.000117430 0.000276790 0.000257170 0.000265990 0.000257320 0.000207470 0.000205880 0.000211700 0.000227110 0.000237550 0.000256970 0.000249220 0.000299270 
17     0.000155250 0.000201440 0.000209160 0.000163800 0.000199280 0.000218000 0.000218540 0.000174980 0.000142590 0.000094780 0.000185920 0.000152790 0.000190020 0.000191160 0.000141750 0.000157950 0.000147720 0.000148150 0.000108690 0.000103670 0.000104870 0.000115910 0.000103200 0.000101510 0.000085510 0.000076270 0.000182280 0.000183730 0.000124950 0.000111050 0.000153530 0.000164750 0.000175410 0.000147070 0.000149010 0.000187770 0.000109400 0.000000000 0.000004030 0.000147260 0.000164290 0.000154860 0.000153930 0.000151930 0.000180160 0.000164450 0.000146730 0.000138620 0.000154330 0.000171250 0.000169740 
48     0.000169980 0.000216170 0.000217190 0.000178530 0.000214010 0.000226030 0.000226570 0.000189710 0.000157320 0.000109510 0.000200650 0.000167520 0.000204750 0.000205890 0.000156480 0.000172680 0.000162450 0.000162880 0.000123420 0.000118400 0.000119600 0.000130640 0.000117930 0.000116240 0.000100240 0.000091000 0.000197010 0.000194770 0.000139680 0.000125780 0.000168260 0.000179480 0.000190140 0.000161800 0.000163740 0.000195800 0.000117430 0.000004030 0.000000000 0.000161990 0.000179020 0.000169590 0.000168660 0.000166660 0.000188190 0.000179180 0.000161460 0.000153350 0.000169060 0.000185980 0.000184470 
11     0.000191470 0.000237660 0.000243690 0.000200020 0.000235500 0.000252530 0.000253070 0.000211200 0.000178810 0.000131000 0.000222140 0.000189010 0.000226240 0.000227380 0.000177970 0.000194170 0.000183940 0.000184370 0.000144910 0.000139890 0.000141090 0.000152130 0.000139420 0.000137730 0.000121730 0.000112490 0.000218500 0.000219950 0.000161170 0.000147270 0.000189750 0.000200970 0.000211630 0.000183290 0.000185230 0.000226810 0.000276790 0.000147260 0.000161990 0.000000000 0.000144290 0.000134860 0.000133930 0.000152230 0.000232190 0.000164750 0.000147030 0.000138920 0.000190550 0.000207470 0.000205960 
12     0.000208500 0.000247980 0.000222370 0.000217050 0.000250460 0.000231210 0.000231750 0.000228230 0.000195840 0.000148030 0.000233960 0.000206040 0.000243270 0.000244410 0.000195000 0.000211200 0.000200970 0.000201400 0.000161940 0.000156920 0.000158120 0.000169160 0.000156450 0.000154760 0.000138760 0.000129520 0.000235530 0.000217450 0.000178200 0.000164300 0.000206780 0.000218000 0.000228660 0.000200320 0.000202260 0.000218480 0.000257170 0.000164290 0.000179020 0.000144290 0.000000000 0.000050890 0.000041630 0.000169260 0.000210870 0.000181780 0.000164060 0.000155950 0.000207580 0.000224500 0.000222990 
33     0.000199070 0.000245260 0.000231190 0.000207620 0.000243100 0.000240030 0.000240570 0.000218800 0.000186410 0.000138600 0.000229740 0.000196610 0.000233840 0.000234980 0.000185570 0.000201770 0.000191540 0.000191970 0.000152510 0.000147490 0.000148690 0.000159730 0.000147020 0.000145330 0.000129330 0.000120090 0.000226100 0.000226270 0.000168770 0.000154870 0.000197350 0.000208570 0.000219230 0.000190890 0.000192830 0.000227300 0.000265990 0.000154860 0.000169590 0.000134860 0.000050890 0.000000000 0.000048510 0.000159830 0.000219690 0.000172350 0.000154630 0.000146520 0.000198150 0.000215070 0.000213560 
31     0.000198140 0.000244330 0.000222520 0.000206690 0.000242170 0.000231360 0.000231900 0.000217870 0.000185480 0.000137670 0.000228810 0.000195680 0.000232910 0.000234050 0.000184640 0.000200840 0.000190610 0.000191040 0.000151580 0.000146560 0.000147760 0.000158800 0.000146090 0.000144400 0.000128400 0.000119160 0.000225170 0.000217600 0.000167840 0.000153940 0.000196420 0.000207640 0.000218300 0.000189960 0.000191900 0.000218630 0.000257320 0.000153930 0.000168660 0.000133930 0.000041630 0.000048510 0.000000000 0.000158900 0.000211020 0.000171420 0.000153700 0.000145590 0.000197220 0.000214140 0.000212630 
30     0.000183060 0.000215780 0.000190170 0.000193410 0.000218260 0.000199010 0.000199550 0.000209490 0.000165760 0.000135670 0.000171640 0.000176820 0.000220330 0.000232050 0.000182640 0.000186370 0.000188610 0.000182320 0.000149580 0.000144560 0.000145760 0.000151910 0.000144090 0.000142400 0.000126400 0.000117160 0.000183820 0.000153870 0.000161250 0.000151940 0.000168020 0.000168790 0.000168710 0.000168640 0.000158760 0.000154900 0.000207470 0.000151930 0.000166660 0.000152230 0.000169260 0.000159830 0.000158900 0.000000000 0.000010150 0.000114670 0.000127760 0.000111450 0.000195220 0.000204510 0.000210630 
18     0.000181470 0.000214190 0.000188580 0.000191820 0.000216670 0.000197420 0.000197960 0.000207900 0.000164170 0.000197310 0.000170050 0.000175230 0.000218740 0.000236150 0.000186450 0.000184780 0.000190450 0.000180730 0.000199410 0.000197080 0.000168950 0.000150320 0.000150780 0.000148440 0.000151730 0.000163380 0.000182230 0.000152280 0.000159660 0.000168370 0.000166430 0.000167200 0.000167120 0.000167050 0.000157170 0.000153310 0.000205880 0.000180160 0.000188190 0.000232190 0.000210870 0.000219690 0.000211020 0.000010150 0.000000000 0.000113080 0.000128490 0.000129400 0.000210670 0.000202920 0.000335630 
22     0.000187290 0.000220010 0.000194400 0.000197640 0.000222490 0.000203240 0.000203780 0.000213720 0.000169990 0.000148190 0.000175870 0.000181050 0.000224560 0.000241970 0.000192270 0.000190600 0.000196270 0.000186550 0.000162100 0.000157080 0.000158280 0.000156140 0.000156600 0.000154260 0.000138920 0.000129680 0.000188050 0.000158100 0.000165480 0.000164460 0.000172250 0.000173020 0.000172940 0.000172870 0.000162990 0.000159130 0.000211700 0.000164450 0.000179180 0.000164750 0.000181780 0.000172350 0.000171420 0.000114670 0.000113080 0.000000000 0.000021460 0.000132170 0.000207740 0.000208740 0.000223150 
35     0.000190940 0.000235420 0.000209810 0.000199490 0.000234970 0.000218650 0.000219190 0.000210670 0.000178280 0.000130470 0.000191280 0.000188480 0.000225710 0.000226850 0.000177440 0.000193640 0.000183410 0.000183840 0.000144380 0.000139360 0.000140560 0.000151600 0.000138890 0.000137200 0.000121200 0.000111960 0.000203460 0.000173510 0.000160640 0.000146740 0.000187660 0.000188430 0.000188350 0.000182760 0.000178400 0.000174540 0.000227110 0.000146730 0.000161460 0.000147030 0.000164060 0.000154630 0.000153700 0.000127760 0.000128490 0.000021460 0.000000000 0.000114450 0.000190020 0.000206940 0.000205430 
45     0.000182830 0.000229020 0.000249710 0.000191380 0.000226860 0.000250020 0.000259090 0.000202560 0.000170170 0.000122360 0.000213500 0.000180370 0.000217600 0.000218740 0.000169330 0.000185530 0.000175300 0.000175730 0.000136270 0.000131250 0.000132450 0.000143490 0.000130780 0.000129090 0.000113090 0.000103850 0.000209860 0.000211310 0.000152530 0.000138630 0.000181110 0.000192330 0.000202990 0.000174650 0.000176590 0.000214440 0.000237550 0.000138620 0.000153350 0.000138920 0.000155950 0.000146520 0.000145590 0.000111450 0.000129400 0.000132170 0.000114450 0.000000000 0.000181910 0.000198830 0.000197320 
14     0.000065480 0.000111670 0.000194010 0.000074030 0.000109510 0.000132670 0.000184330 0.000085210 0.000182540 0.000134730 0.000225870 0.000192740 0.000229970 0.000231110 0.000181700 0.000197900 0.000187670 0.000188100 0.000148640 0.000143620 0.000144820 0.000155860 0.000143150 0.000141460 0.000125460 0.000116220 0.000215970 0.000217250 0.000158640 0.000144740 0.000187220 0.000198440 0.000209100 0.000180760 0.000182700 0.000218280 0.000256970 0.000154330 0.000169060 0.000190550 0.000207580 0.000198150 0.000197220 0.000195220 0.000210670 0.000207740 0.000190020 0.000181910 0.000000000 0.000021520 0.000184730 
24     0.000082400 0.000128590 0.000210930 0.000090950 0.000126430 0.000149590 0.000201250 0.000102130 0.000199460 0.000151650 0.000226010 0.000209660 0.000246890 0.000248030 0.000198620 0.000214820 0.000204590 0.000205020 0.000165560 0.000160540 0.000161740 0.000172780 0.000160070 0.000158380 0.000142380 0.000133140 0.000232890 0.000209500 0.000175560 0.000161660 0.000204140 0.000215360 0.000224340 0.000197680 0.000199620 0.000210530 0.000249220 0.000171250 0.000185980 0.000207470 0.000224500 0.000215070 0.000214140 0.000204510 0.000202920 0.000208740 0.000206940 0.000198830 0.000021520 0.000000000 0.000201650 
0     0.000185650 0.000076530 0.000199700 0.000194200 0.000229680 0.000252840 0.000304500 0.000205380 0.000197950 0.000150140 0.000241280 0.000208150 0.000245380 0.000246520 0.000197110 0.000213310 0.000203080 0.000203510 0.000164050 0.000159030 0.000160230 0.000171270 0.000158560 0.000156870 0.000140870 0.000131630 0.000231380 0.000232830 0.000174050 0.000160150 0.000202630 0.000213850 0.000224510 0.000196170 0.000198110 0.000239690 0.000299270 0.000169740 0.000184470 0.000205960 0.000222990 0.000213560 0.000212630 0.000210630 0.000335630 0.000223150 0.000205430 0.000197320 0.000184730 0.000201650 0.000000000 
