51
12     0.000000000 0.174715359 0.220773889 0.213311314 0.249187720 0.241901760 0.333442426 0.367575141 0.379988644 0.364452671 0.348234249 0.357860564 0.344248352 0.367608511 0.370549450 0.368713162 0.473440598 0.477477143 0.355269726 0.373939686 0.368676674 0.360021963 0.297162693 0.325858605 0.408925433 0.408101342 0.383962139 0.410397411 0.403290998 0.377929776 0.399708183 0.330614410 0.351511421 0.388180386 0.372560436 0.339267687 0.339927551 0.347991356 0.352445206 0.344223392 0.337790991 0.361588432 0.343087836 0.340906092 0.314867831 0.315637657 0.335390251 0.391294878 0.341461403 0.382413875 0.736570677 
39     0.174715359 0.000000000 0.246022716 0.237859095 0.273636126 0.265586013 0.362168477 0.393626287 0.406651168 0.391061850 0.375806560 0.385619666 0.370214818 0.395419908 0.398650468 0.396907514 0.502468279 0.506710884 0.383970952 0.402029911 0.397417780 0.388961940 0.325077876 0.353507160 0.434911229 0.433453160 0.412572292 0.442418354 0.435431537 0.409010975 0.428909446 0.360486668 0.381852578 0.417613713 0.400374012 0.368818218 0.368658066 0.376660680 0.381097082 0.373063271 0.364123032 0.387542002 0.368546546 0.369140546 0.343321638 0.343467634 0.362942968 0.419251704 0.368597375 0.410767779 0.763250914 
5     0.220773889 0.246022716 0.000000000 0.086560157 0.209538027 0.228389401 0.356855902 0.388341288 0.400756758 0.387403431 0.369779553 0.379487080 0.364246649 0.391457663 0.391267478 0.390016204 0.495657072 0.497834115 0.374252304 0.393320523 0.387919211 0.378296667 0.319685220 0.347854315 0.432429888 0.431115435 0.406793267 0.429347538 0.423908416 0.397007860 0.422814476 0.352706860 0.373153480 0.410439137 0.394230200 0.362365857 0.361867028 0.369948374 0.374322377 0.366243551 0.360880799 0.384068146 0.365630623 0.361524698 0.340707343 0.339014037 0.359614752 0.415353642 0.364907685 0.406824890 0.752822762 
17     0.213311314 0.237859095 0.086560157 0.000000000 0.201070784 0.220430651 0.351134546 0.383716990 0.394471723 0.381042700 0.364829798 0.374537324 0.358916841 0.385695409 0.385778075 0.384321197 0.489970072 0.492385813 0.369198000 0.388205102 0.382697814 0.372451273 0.313798526 0.342649637 0.426872235 0.425359447 0.401295150 0.424008681 0.419074664 0.392988352 0.417524608 0.348535909 0.369194159 0.404391523 0.388992099 0.358243638 0.357492501 0.365676516 0.370096038 0.362055100 0.356397891 0.379328457 0.360460877 0.356431100 0.334578888 0.333176331 0.352886561 0.409431516 0.359089938 0.400851048 0.749315491 
21     0.249187720 0.273636126 0.209538027 0.201070784 0.000000000 0.259759342 0.388838171 0.419953610 0.431664802 0.418128720 0.401340770 0.411047889 0.395055969 0.420327803 0.422910293 0.421630355 0.527183486 0.530522248 0.405717816 0.425032061 0.417840135 0.411346156 0.349110611 0.378343983 0.460434562 0.458990519 0.432989052 0.463202053 0.457776698 0.431224351 0.451580446 0.383705694 0.403776811 0.439959529 0.424421946 0.391640266 0.392406887 0.400463480 0.404793216 0.396933123 0.390770180 0.413719943 0.394555038 0.391419772 0.370234546 0.369198616 0.388800985 0.444148577 0.394029442 0.435346570 0.789044245 
29     0.241901760 0.265586013 0.228389401 0.220430651 0.259759342 0.000000000 0.377335416 0.408904866 0.420190929 0.406813210 0.390053046 0.399872719 0.386624255 0.409219492 0.411679092 0.410295316 0.516182962 0.519277192 0.396175660 0.414743400 0.408359843 0.400454453 0.340388192 0.371692577 0.453627364 0.452140125 0.428656142 0.452130165 0.446401290 0.421543181 0.440883602 0.370803286 0.391330695 0.428273723 0.412902469 0.383261920 0.386226466 0.390644223 0.395073808 0.387164823 0.379518649 0.404035163 0.384689606 0.381490769 0.358438341 0.358030217 0.376962467 0.434265757 0.383387375 0.424958964 0.775254476 
19     0.333442426 0.362168477 0.356855902 0.351134546 0.388838171 0.377335416 0.000000000 0.146447502 0.162338238 0.145635892 0.144054243 0.152215443 0.143830343 0.331163165 0.336575218 0.336545613 0.442075315 0.446026362 0.323375082 0.342093315 0.337598974 0.328073985 0.271983190 0.302458374 0.378037799 0.376973621 0.352846991 0.393302273 0.387982869 0.362811777 0.382949972 0.314089998 0.333450638 0.373381662 0.359562405 0.321776823 0.328417091 0.328255883 0.332574634 0.326028769 0.314951440 0.339773600 0.322044298 0.341466618 0.323391133 0.323901592 0.341419177 0.395625199 0.348076387 0.393569987 0.741965086 
43     0.367575141 0.393626287 0.388341288 0.383716990 0.419953610 0.408904866 0.146447502 0.000000000 0.149626992 0.138067113 0.178779683 0.187191777 0.177139734 0.368330101 0.372229730 0.371708961 0.478163356 0.481229462 0.357982595 0.377135778 0.372618581 0.363458520 0.308025433 0.338764126 0.412757524 0.411776444 0.387253354 0.429971471 0.423799598 0.399161742 0.420579645 0.352150567 0.371255905 0.410972769 0.395112234 0.359253923 0.366792344 0.366653503 0.370902227 0.364520159 0.353186886 0.377545963 0.360053189 0.378371334 0.359708355 0.360550664 0.377330923 0.432041191 0.383763098 0.430642721 0.775167890 
1     0.379988644 0.406651168 0.400756758 0.394471723 0.431664802 0.420190929 0.162338238 0.149626992 0.000000000 0.150996259 0.194228825 0.204127335 0.192498374 0.380765815 0.383483316 0.383421440 0.491007486 0.493999774 0.369975097 0.389498943 0.385085338 0.377773608 0.317886854 0.349161306 0.425946172 0.424965237 0.401095232 0.442597681 0.436958413 0.411928987 0.433560882 0.365654515 0.383636703 0.422748515 0.407067949 0.370186051 0.377325489 0.377472667 0.381861047 0.375276397 0.363724538 0.388397103 0.370733807 0.387269627 0.367979566 0.368641430 0.385995811 0.441470043 0.393092186 0.438123583 0.781705165 
34     0.364452671 0.391061850 0.387403431 0.381042700 0.418128720 0.406813210 0.145635892 0.138067113 0.150996259 0.000000000 0.178970245 0.188100099 0.179154482 0.363098097 0.366836088 0.366858170 0.472889519 0.477496660 0.354172003 0.374566241 0.368566918 0.359893503 0.302857454 0.333688909 0.407784899 0.407030040 0.382631791 0.428279423 0.422658659 0.397621588 0.417591860 0.349227891 0.367799631 0.407783877 0.392086590 0.354504096 0.361803099 0.361700215 0.365985993 0.359716257 0.350324198 0.373634133 0.356132951 0.370626210 0.351910524 0.352508585 0.369914784 0.424587845 0.376058567 0.423366752 0.770150129 
38     0.348234249 0.375806560 0.369779553 0.364829798 0.401340770 0.390053046 0.144054243 0.178779683 0.194228825 0.178970245 0.000000000 0.042811596 0.058090160 0.344911705 0.350906693 0.350234690 0.455677380 0.460081300 0.336765055 0.355995907 0.350366659 0.341656799 0.284972638 0.314470263 0.388612838 0.387549333 0.363575933 0.405614705 0.400806147 0.377104933 0.397369992 0.328107150 0.346689967 0.389695341 0.374217693 0.337063918 0.342840607 0.344166289 0.348068811 0.341341747 0.329713677 0.355016413 0.336622515 0.352947159 0.335922272 0.336601778 0.353819287 0.408016297 0.358753388 0.409649562 0.750262060 
14     0.357860564 0.385619666 0.379487080 0.374537324 0.411047889 0.399872719 0.152215443 0.187191777 0.204127335 0.188100099 0.042811596 0.000000000 0.070295110 0.354157703 0.359778577 0.359112068 0.464770538 0.469174458 0.345850439 0.364530312 0.359451652 0.350744615 0.293737762 0.323401699 0.399309097 0.398245591 0.371643718 0.413997009 0.409109478 0.385068428 0.406354975 0.335867136 0.354145652 0.397332720 0.383202603 0.346413033 0.351657046 0.353565050 0.357439689 0.350804558 0.339052910 0.363598343 0.345725378 0.361637748 0.345390536 0.346078573 0.363236829 0.417329761 0.368134993 0.419110095 0.759283221 
3     0.344248352 0.370214818 0.364246649 0.358916841 0.395055969 0.386624255 0.143830343 0.177139734 0.192498374 0.179154482 0.058090160 0.070295110 0.000000000 0.343227702 0.349216323 0.348554890 0.454081471 0.458198359 0.335949044 0.355064758 0.349455878 0.340663964 0.285006299 0.312065029 0.388891237 0.387827731 0.363897789 0.405884269 0.400144448 0.376421776 0.396698975 0.327369168 0.346138607 0.388663153 0.373256638 0.337110383 0.340324697 0.343834540 0.348923204 0.341635228 0.328955585 0.353864660 0.335447494 0.352140336 0.335302860 0.335984257 0.353232796 0.407738161 0.358879623 0.408988245 0.744905970 
28     0.367608511 0.395419908 0.391457663 0.385695409 0.420327803 0.409219492 0.331163165 0.368330101 0.380765815 0.363098097 0.344911705 0.354157703 0.343227702 0.000000000 0.342181994 0.341428693 0.447214378 0.452244634 0.327844360 0.346888785 0.341835560 0.333415942 0.308618975 0.337732925 0.411935098 0.411079919 0.389041267 0.431913212 0.422561654 0.400561152 0.417573651 0.345797198 0.366626911 0.409231096 0.396385427 0.358244145 0.362963237 0.365168155 0.369524285 0.362341238 0.354493786 0.375047354 0.357354114 0.373326381 0.354635619 0.356144863 0.372814860 0.426430989 0.379310968 0.424904810 0.768095982 
35     0.370549450 0.398650468 0.391267478 0.385778075 0.422910293 0.411679092 0.336575218 0.372229730 0.383483316 0.366836088 0.350906693 0.359778577 0.349216323 0.342181994 0.000000000 0.031099844 0.222425829 0.228022939 0.224098991 0.241433052 0.238642581 0.230666884 0.309957319 0.337347219 0.413376739 0.412167319 0.385595416 0.432172334 0.422582573 0.399347436 0.424916114 0.351565667 0.374875849 0.414448539 0.393355102 0.359931029 0.363314695 0.364809045 0.369122195 0.362528299 0.355080690 0.377231958 0.358941827 0.375439827 0.357037371 0.358064075 0.375220441 0.430614041 0.382083510 0.430578593 0.775512192 
36     0.368713162 0.396907514 0.390016204 0.384321197 0.421630355 0.410295316 0.336545613 0.371708961 0.383421440 0.366858170 0.350234690 0.359112068 0.348554890 0.341428693 0.031099844 0.000000000 0.221014453 0.225775349 0.222147436 0.239698657 0.237231028 0.228792236 0.310233756 0.338150730 0.411898577 0.410689158 0.384243047 0.430658514 0.421316927 0.397932847 0.422928922 0.349521508 0.372856676 0.413050788 0.391633026 0.358487615 0.361366546 0.363210986 0.367504702 0.361135516 0.353583120 0.375833058 0.357576027 0.374480468 0.356042357 0.357076716 0.374234797 0.429628398 0.381554165 0.429945285 0.774472592 
27     0.473440598 0.502468279 0.495657072 0.489970072 0.527183486 0.516182962 0.442075315 0.478163356 0.491007486 0.472889519 0.455677380 0.464770538 0.454081471 0.447214378 0.222425829 0.221014453 0.000000000 0.130332217 0.327239766 0.344238399 0.341201432 0.333837394 0.413946416 0.440996073 0.516415441 0.515459571 0.492215809 0.537166901 0.527124778 0.504966860 0.525689768 0.454548869 0.477023562 0.516878192 0.496297738 0.466508266 0.470328575 0.472187960 0.476362766 0.469933563 0.462307773 0.484297417 0.466034602 0.480501712 0.463752381 0.464569271 0.481105654 0.537541868 0.489341760 0.535342292 0.881307289 
7     0.477477143 0.506710884 0.497834115 0.492385813 0.530522248 0.519277192 0.446026362 0.481229462 0.493999774 0.477496660 0.460081300 0.469174458 0.458198359 0.452244634 0.228022939 0.225775349 0.130332217 0.000000000 0.331953796 0.348903951 0.345913521 0.338395217 0.418252698 0.446456124 0.519312266 0.518356396 0.496242002 0.540290687 0.532654052 0.510418627 0.531879446 0.459720142 0.481642151 0.521311480 0.500849476 0.469716795 0.473569554 0.476166071 0.480340877 0.473911674 0.465609963 0.487841093 0.469578278 0.484628236 0.468264041 0.469344165 0.486457495 0.541714164 0.492942727 0.540078997 0.887340288 
30     0.355269726 0.383970952 0.374252304 0.369198000 0.405717816 0.396175660 0.323375082 0.357982595 0.369975097 0.354172003 0.336765055 0.345850439 0.335949044 0.327844360 0.224098991 0.222147436 0.327239766 0.331953796 0.000000000 0.097912835 0.090468217 0.085994266 0.294429906 0.321966890 0.398632125 0.397055346 0.374165345 0.419582623 0.409038300 0.384938181 0.408770658 0.338110885 0.359718428 0.399098278 0.378682271 0.346680456 0.349496968 0.350489362 0.354768463 0.347533440 0.341180191 0.363455477 0.343882914 0.359213985 0.343454031 0.344620249 0.362385726 0.417062878 0.366897568 0.415642254 0.755634703 
2     0.373939686 0.402029911 0.393320523 0.388205102 0.425032061 0.414743400 0.342093315 0.377135778 0.389498943 0.374566241 0.355995907 0.364530312 0.355064758 0.346888785 0.241433052 0.239698657 0.344238399 0.348903951 0.097912835 0.000000000 0.098259540 0.092715783 0.315818886 0.341739631 0.418828923 0.417133479 0.393847342 0.438802694 0.429231413 0.405819073 0.430389517 0.358488396 0.380031886 0.418735917 0.397296227 0.367439590 0.370249810 0.372029037 0.376357248 0.369798390 0.362506483 0.385289494 0.365676411 0.377672756 0.361404958 0.363551481 0.380483834 0.436170493 0.385767605 0.434981368 0.774727784 
16     0.368676674 0.397417780 0.387919211 0.382697814 0.417840135 0.408359843 0.337598974 0.372618581 0.385085338 0.368566918 0.350366659 0.359451652 0.349455878 0.341835560 0.238642581 0.237231028 0.341201432 0.345913521 0.090468217 0.098259540 0.000000000 0.073676857 0.308698661 0.334861845 0.412139289 0.410035304 0.387552225 0.431966025 0.422852659 0.398697167 0.420309436 0.350919384 0.372595269 0.410925442 0.390500260 0.360320561 0.362374941 0.363018688 0.367314965 0.361820903 0.355866421 0.377260367 0.357829063 0.372204599 0.355021564 0.358784343 0.375062811 0.430164555 0.379929012 0.429443936 0.767227330 
24     0.360021963 0.388961940 0.378296667 0.372451273 0.411346156 0.400454453 0.328073985 0.363458520 0.377773608 0.359893503 0.341656799 0.350744615 0.340663964 0.333415942 0.230666884 0.228792236 0.333837394 0.338395217 0.085994266 0.092715783 0.073676857 0.000000000 0.300259814 0.326523033 0.404765543 0.403328743 0.380255625 0.425890033 0.416620692 0.392637154 0.414929527 0.344887759 0.366080049 0.405006100 0.384479597 0.354302779 0.357321527 0.358181205 0.362268593 0.355940422 0.349514978 0.371928834 0.352445928 0.364854758 0.350078679 0.351960449 0.368616084 0.421986725 0.372424028 0.422691947 0.762323269 
25     0.297162693 0.325077876 0.319685220 0.313798526 0.349110611 0.340388192 0.271983190 0.308025433 0.317886854 0.302857454 0.284972638 0.293737762 0.285006299 0.308618975 0.309957319 0.310233756 0.413946416 0.418252698 0.294429906 0.315818886 0.308698661 0.300259814 0.000000000 0.167623927 0.349457429 0.348741501 0.323504333 0.361722965 0.355094400 0.331103750 0.353024365 0.281216228 0.303843255 0.342347218 0.323960741 0.292829474 0.297562583 0.298521466 0.303133092 0.295774843 0.287506519 0.309609283 0.291780042 0.308753196 0.288104657 0.287741137 0.304650968 0.362964530 0.311715508 0.361002881 0.700853096 
23     0.325858605 0.353507160 0.347854315 0.342649637 0.378343983 0.371692577 0.302458374 0.338764126 0.349161306 0.333688909 0.314470263 0.323401699 0.312065029 0.337732925 0.337347219 0.338150730 0.440996073 0.446456124 0.321966890 0.341739631 0.334861845 0.326523033 0.167623927 0.000000000 0.378381216 0.377574190 0.352160072 0.390997600 0.381649610 0.357975071 0.381779129 0.310919463 0.333616219 0.370318824 0.351169183 0.321447713 0.324606279 0.329063749 0.333404472 0.326515721 0.316126581 0.339502433 0.321243552 0.336493668 0.318816348 0.318867246 0.337001816 0.394247144 0.342812306 0.390814925 0.731101252 
41     0.408925433 0.434911229 0.432429888 0.426872235 0.460434562 0.453627364 0.378037799 0.412757524 0.425946172 0.407784899 0.388612838 0.399309097 0.388891237 0.411935098 0.413376739 0.411898577 0.516415441 0.519312266 0.398632125 0.418828923 0.412139289 0.404765543 0.349457429 0.378381216 0.000000000 0.051639382 0.267392599 0.470391503 0.466153662 0.442874867 0.461987315 0.388318020 0.412756615 0.451032701 0.434003160 0.401105718 0.406193455 0.407664281 0.411682909 0.403814473 0.393702263 0.417295032 0.399644760 0.416422509 0.397947134 0.398405208 0.416724512 0.471097912 0.424336753 0.467544195 0.810886268 
26     0.408101342 0.433453160 0.431115435 0.425359447 0.458990519 0.452140125 0.376973621 0.411776444 0.424965237 0.407030040 0.387549333 0.398245591 0.387827731 0.411079919 0.412167319 0.410689158 0.515459571 0.518356396 0.397055346 0.417133479 0.410035304 0.403328743 0.348741501 0.377574190 0.051639382 0.000000000 0.266702458 0.469194287 0.464780270 0.441646946 0.460747576 0.386120600 0.411491416 0.449784940 0.432886926 0.400026425 0.405043065 0.406400226 0.410418854 0.402560315 0.392598912 0.416166591 0.398535596 0.414979036 0.397082910 0.397444848 0.416232378 0.469825193 0.423058567 0.466695008 0.809747319 
32     0.383962139 0.412572292 0.406793267 0.401295150 0.432989052 0.428656142 0.352846991 0.387253354 0.401095232 0.382631791 0.363575933 0.371643718 0.363897789 0.389041267 0.385595416 0.384243047 0.492215809 0.496242002 0.374165345 0.393847342 0.387552225 0.380255625 0.323504333 0.352160072 0.267392599 0.266702458 0.000000000 0.446111969 0.439372928 0.415486566 0.437621495 0.362575270 0.387310209 0.426145064 0.409065200 0.375450259 0.381245140 0.382224977 0.386396787 0.378157843 0.371536078 0.395198778 0.376592514 0.390956117 0.371723974 0.370726297 0.389469862 0.445190363 0.397329226 0.444053778 0.790832943 
11     0.410397411 0.442418354 0.429347538 0.424008681 0.463202053 0.452130165 0.393302273 0.429971471 0.442597681 0.428279423 0.405614705 0.413997009 0.405884269 0.431913212 0.432172334 0.430658514 0.537166901 0.540290687 0.419582623 0.438802694 0.431966025 0.425890033 0.361722965 0.390997600 0.470391503 0.469194287 0.446111969 0.000000000 0.259591318 0.232068486 0.353828446 0.284388881 0.307959036 0.344553676 0.375522087 0.350051859 0.354373169 0.354189996 0.359223982 0.351603900 0.344778572 0.361238096 0.347838095 0.422754393 0.400411069 0.401649057 0.421350943 0.478157337 0.427728470 0.469017000 0.820218744 
4     0.403290998 0.435431537 0.423908416 0.419074664 0.457776698 0.446401290 0.387982869 0.423799598 0.436958413 0.422658659 0.400806147 0.409109478 0.400144448 0.422561654 0.422582573 0.421316927 0.527124778 0.532654052 0.409038300 0.429231413 0.422852659 0.416620692 0.355094400 0.381649610 0.466153662 0.464780270 0.439372928 0.259591318 0.000000000 0.121750208 0.342839774 0.274012961 0.297051532 0.336312225 0.371047513 0.339772709 0.347395347 0.344871163 0.350088912 0.343224447 0.335658742 0.356017775 0.338688666 0.416722380 0.391880132 0.392735163 0.412611545 0.469949143 0.419663986 0.464731618 0.812183566 
37     0.377929776 0.409010975 0.397007860 0.392988352 0.431224351 0.421543181 0.362811777 0.399161742 0.411928987 0.397621588 0.377104933 0.385068428 0.376421776 0.400561152 0.399347436 0.397932847 0.504966860 0.510418627 0.384938181 0.405819073 0.398697167 0.392637154 0.331103750 0.357975071 0.442874867 0.441646946 0.415486566 0.232068486 0.121750208 0.000000000 0.317676825 0.248434146 0.272408280 0.310723624 0.345021652 0.315332788 0.321014912 0.321187658 0.326214663 0.319531905 0.312149428 0.332847988 0.315674875 0.391458065 0.366964747 0.367639040 0.387002215 0.444794061 0.394428186 0.437233533 0.787761217 
18     0.399708183 0.428909446 0.422814476 0.417524608 0.451580446 0.440883602 0.382949972 0.420579645 0.433560882 0.417591860 0.397369992 0.406354975 0.396698975 0.417573651 0.424916114 0.422928922 0.525689768 0.531879446 0.408770658 0.430389517 0.420309436 0.414929527 0.353024365 0.381779129 0.461987315 0.460747576 0.437621495 0.353828446 0.342839774 0.317676825 0.000000000 0.191978548 0.215481698 0.260962231 0.361862387 0.331370088 0.334352394 0.338327245 0.342539289 0.335680127 0.323381150 0.346371917 0.328278501 0.414653261 0.391249782 0.392587424 0.409538921 0.465531804 0.418207847 0.455748681 0.811899469 
8     0.330614410 0.360486668 0.352706860 0.348535909 0.383705694 0.370803286 0.314089998 0.352150567 0.365654515 0.349227891 0.328107150 0.335867136 0.327369168 0.345797198 0.351565667 0.349521508 0.454548869 0.459720142 0.338110885 0.358488396 0.350919384 0.344887759 0.281216228 0.310919463 0.388318020 0.386120600 0.362575270 0.284388881 0.274012961 0.248434146 0.191978548 0.000000000 0.123704705 0.187528760 0.291054515 0.260429169 0.263353691 0.266324925 0.270546961 0.263764069 0.251771050 0.273676281 0.256567637 0.343403933 0.320467682 0.320040559 0.337323359 0.395393076 0.346630676 0.386305029 0.737059819 
40     0.351511421 0.381852578 0.373153480 0.369194159 0.403776811 0.391330695 0.333450638 0.371255905 0.383636703 0.367799631 0.346689967 0.354145652 0.346138607 0.366626911 0.374875849 0.372856676 0.477023562 0.481642151 0.359718428 0.380031886 0.372595269 0.366080049 0.303843255 0.333616219 0.412756615 0.411491416 0.387310209 0.307959036 0.297051532 0.272408280 0.215481698 0.123704705 0.000000000 0.212828603 0.313309122 0.285738054 0.288332926 0.291520498 0.295581660 0.289338497 0.277612021 0.300258234 0.283459404 0.361091606 0.337340059 0.338918194 0.355316041 0.413436656 0.364443955 0.407966137 0.760997695 
22     0.388180386 0.417613713 0.410439137 0.404391523 0.439959529 0.428273723 0.373381662 0.410972769 0.422748515 0.407783877 0.389695341 0.397332720 0.388663153 0.409231096 0.414448539 0.413050788 0.516878192 0.521311480 0.399098278 0.418735917 0.410925442 0.405006100 0.342347218 0.370318824 0.451032701 0.449784940 0.426145064 0.344553676 0.336312225 0.310723624 0.260962231 0.187528760 0.212828603 0.000000000 0.350859768 0.320561122 0.323601593 0.325992643 0.331027903 0.325255278 0.311625828 0.333186348 0.316183869 0.403230864 0.378798034 0.379473284 0.397478376 0.454848955 0.405693558 0.445328471 0.797479755 
9     0.372560436 0.400374012 0.394230200 0.388992099 0.424421946 0.412902469 0.359562405 0.395112234 0.407067949 0.392086590 0.374217693 0.383202603 0.373256638 0.396385427 0.393355102 0.391633026 0.496297738 0.500849476 0.378682271 0.397296227 0.390500260 0.384479597 0.323960741 0.351169183 0.434003160 0.432886926 0.409065200 0.375522087 0.371047513 0.345021652 0.361862387 0.291054515 0.313309122 0.350859768 0.000000000 0.313239400 0.314581227 0.316013301 0.320639432 0.313928863 0.306367025 0.330013416 0.311838354 0.379783049 0.358204987 0.360391670 0.378263199 0.434207799 0.384413454 0.422629889 0.773647218 
33     0.339267687 0.368818218 0.362365857 0.358243638 0.391640266 0.383261920 0.321776823 0.359253923 0.370186051 0.354504096 0.337063918 0.346413033 0.337110383 0.358244145 0.359931029 0.358487615 0.466508266 0.469716795 0.346680456 0.367439590 0.360320561 0.354302779 0.292829474 0.321447713 0.401105718 0.400026425 0.375450259 0.350051859 0.339772709 0.315332788 0.331370088 0.260429169 0.285738054 0.320561122 0.313239400 0.000000000 0.106985933 0.150869920 0.154979954 0.148567188 0.162585413 0.180832469 0.161496584 0.351709254 0.331352946 0.332636117 0.350470970 0.404571829 0.356422029 0.394600002 0.746442723 
20     0.339927551 0.368658066 0.361867028 0.357492501 0.392406887 0.386226466 0.328417091 0.366792344 0.377325489 0.361803099 0.342840607 0.351657046 0.340324697 0.362963237 0.363314695 0.361366546 0.470328575 0.473569554 0.349496968 0.370249810 0.362374941 0.357321527 0.297562583 0.324606279 0.406193455 0.405043065 0.381245140 0.354373169 0.347395347 0.321014912 0.334352394 0.263353691 0.288332926 0.323601593 0.314581227 0.106985933 0.000000000 0.156785728 0.161568608 0.155408766 0.167023914 0.185389153 0.165907259 0.354903592 0.335013845 0.336479322 0.354148182 0.407471877 0.358975546 0.395984027 0.750057827 
31     0.347991356 0.376660680 0.369948374 0.365676516 0.400463480 0.390644223 0.328255883 0.366653503 0.377472667 0.361700215 0.344166289 0.353565050 0.343834540 0.365168155 0.364809045 0.363210986 0.472187960 0.476166071 0.350489362 0.372029037 0.363018688 0.358181205 0.298521466 0.329063749 0.407664281 0.406400226 0.382224977 0.354189996 0.344871163 0.321187658 0.338327245 0.266324925 0.291520498 0.325992643 0.316013301 0.150869920 0.156785728 0.000000000 0.052540616 0.064012581 0.165643647 0.184262675 0.165387852 0.357288920 0.337000143 0.337812854 0.355442812 0.409542139 0.361678362 0.398860156 0.757307264 
6     0.352445206 0.381097082 0.374322377 0.370096038 0.404793216 0.395073808 0.332574634 0.370902227 0.381861047 0.365985993 0.348068811 0.357439689 0.348923204 0.369524285 0.369122195 0.367504702 0.476362766 0.480340877 0.354768463 0.376357248 0.367314965 0.362268593 0.303133092 0.333404472 0.411682909 0.410418854 0.386396787 0.359223982 0.350088912 0.326214663 0.342539289 0.270546961 0.295581660 0.331027903 0.320639432 0.154979954 0.161568608 0.052540616 0.000000000 0.068522587 0.169517098 0.189012795 0.169940401 0.362015269 0.341617972 0.342477684 0.359966261 0.414361314 0.366277304 0.404443007 0.761646603 
10     0.344223392 0.373063271 0.366243551 0.362055100 0.396933123 0.387164823 0.326028769 0.364520159 0.375276397 0.359716257 0.341341747 0.350804558 0.341635228 0.362341238 0.362528299 0.361135516 0.469933563 0.473911674 0.347533440 0.369798390 0.361820903 0.355940422 0.295774843 0.326515721 0.403814473 0.402560315 0.378157843 0.351603900 0.343224447 0.319531905 0.335680127 0.263764069 0.289338497 0.325255278 0.313928863 0.148567188 0.155408766 0.064012581 0.068522587 0.000000000 0.163583265 0.183235769 0.164509385 0.354783162 0.333934822 0.335031898 0.352657700 0.406608642 0.358744766 0.397032443 0.754196385 
15     0.337790991 0.364123032 0.360880799 0.356397891 0.390770180 0.379518649 0.314951440 0.353186886 0.363724538 0.350324198 0.329713677 0.339052910 0.328955585 0.354493786 0.355080690 0.353583120 0.462307773 0.465609963 0.341180191 0.362506483 0.355866421 0.349514978 0.287506519 0.316126581 0.393702263 0.392598912 0.371536078 0.344778572 0.335658742 0.312149428 0.323381150 0.251771050 0.277612021 0.311625828 0.306367025 0.162585413 0.167023914 0.165643647 0.169517098 0.163583265 0.000000000 0.088254418 0.070282381 0.345723728 0.324790723 0.325499291 0.343380012 0.396681991 0.349621082 0.389599769 0.743707031 
13     0.361588432 0.387542002 0.384068146 0.379328457 0.413719943 0.404035163 0.339773600 0.377545963 0.388397103 0.373634133 0.355016413 0.363598343 0.353864660 0.375047354 0.377231958 0.375833058 0.484297417 0.487841093 0.363455477 0.385289494 0.377260367 0.371928834 0.309609283 0.339502433 0.417295032 0.416166591 0.395198778 0.361238096 0.356017775 0.332847988 0.346371917 0.273676281 0.300258234 0.333186348 0.330013416 0.180832469 0.185389153 0.184262675 0.189012795 0.183235769 0.088254418 0.000000000 0.068634390 0.368941080 0.348023041 0.349157891 0.366768360 0.420473156 0.372851317 0.412526195 0.766863604 
42     0.343087836 0.368546546 0.365630623 0.360460877 0.394555038 0.384689606 0.322044298 0.360053189 0.370733807 0.356132951 0.336622515 0.345725378 0.335447494 0.357354114 0.358941827 0.357576027 0.466034602 0.469578278 0.343882914 0.365676411 0.357829063 0.352445928 0.291780042 0.321243552 0.399644760 0.398535596 0.376592514 0.347838095 0.338688666 0.315674875 0.328278501 0.256567637 0.283459404 0.316183869 0.311838354 0.161496584 0.165907259 0.165387852 0.169940401 0.164509385 0.070282381 0.068634390 0.000000000 0.349868952 0.329278287 0.330123395 0.348079237 0.402952348 0.354767775 0.393742073 0.748725394 
45     0.340906092 0.369140546 0.361524698 0.356431100 0.391419772 0.381490769 0.341466618 0.378371334 0.387269627 0.370626210 0.352947159 0.361637748 0.352140336 0.373326381 0.375439827 0.374480468 0.480501712 0.484628236 0.359213985 0.377672756 0.372204599 0.364854758 0.308753196 0.336493668 0.416422509 0.414979036 0.390956117 0.422754393 0.416722380 0.391458065 0.414653261 0.343403933 0.361091606 0.403230864 0.379783049 0.351709254 0.354903592 0.357288920 0.362015269 0.354783162 0.345723728 0.368941080 0.349868952 0.000000000 0.160301085 0.160876169 0.176092661 0.231451618 0.183816500 0.299664055 0.720076915 
44     0.314867831 0.343321638 0.340707343 0.334578888 0.370234546 0.358438341 0.323391133 0.359708355 0.367979566 0.351910524 0.335922272 0.345390536 0.335302860 0.354635619 0.357037371 0.356042357 0.463752381 0.468264041 0.343454031 0.361404958 0.355021564 0.350078679 0.288104657 0.318816348 0.397947134 0.397082910 0.371723974 0.400411069 0.391880132 0.366964747 0.391249782 0.320467682 0.337340059 0.378798034 0.358204987 0.331352946 0.335013845 0.337000143 0.341617972 0.333934822 0.324790723 0.348023041 0.329278287 0.160301085 0.000000000 0.074727687 0.091065621 0.211577033 0.160723793 0.274586250 0.708673355 
47     0.315637657 0.343467634 0.339014037 0.333176331 0.369198616 0.358030217 0.323901592 0.360550664 0.368641430 0.352508585 0.336601778 0.346078573 0.335984257 0.356144863 0.358064075 0.357076716 0.464569271 0.469344165 0.344620249 0.363551481 0.358784343 0.351960449 0.287741137 0.318867246 0.398405208 0.397444848 0.370726297 0.401649057 0.392735163 0.367639040 0.392587424 0.320040559 0.338918194 0.379473284 0.360391670 0.332636117 0.336479322 0.337812854 0.342477684 0.335031898 0.325499291 0.349157891 0.330123395 0.160876169 0.074727687 0.000000000 0.095784573 0.213713724 0.162517994 0.276685857 0.702100626 
50     0.335390251 0.362942968 0.359614752 0.352886561 0.388800985 0.376962467 0.341419177 0.377330923 0.385995811 0.369914784 0.353819287 0.363236829 0.353232796 0.372814860 0.375220441 0.374234797 0.481105654 0.486457495 0.362385726 0.380483834 0.375062811 0.368616084 0.304650968 0.337001816 0.416724512 0.416232378 0.389469862 0.421350943 0.412611545 0.387002215 0.409538921 0.337323359 0.355316041 0.397478376 0.378263199 0.350470970 0.354148182 0.355442812 0.359966261 0.352657700 0.343380012 0.366768360 0.348079237 0.176092661 0.091065621 0.095784573 0.000000000 0.226199777 0.175881261 0.292206020 0.725483938 
46     0.391294878 0.419251704 0.415353642 0.409431516 0.444148577 0.434265757 0.395625199 0.432041191 0.441470043 0.424587845 0.408016297 0.417329761 0.407738161 0.426430989 0.430614041 0.429628398 0.537541868 0.541714164 0.417062878 0.436170493 0.430164555 0.421986725 0.362964530 0.394247144 0.471097912 0.469825193 0.445190363 0.478157337 0.469949143 0.444794061 0.465531804 0.395393076 0.413436656 0.454848955 0.434207799 0.404571829 0.407471877 0.409542139 0.414361314 0.406608642 0.396681991 0.420473156 0.402952348 0.231451618 0.211577033 0.213713724 0.226199777 0.000000000 0.157472792 0.348471032 0.778046672 
49     0.341461403 0.368597375 0.364907685 0.359089938 0.394029442 0.383387375 0.348076387 0.383763098 0.393092186 0.376058567 0.358753388 0.368134993 0.358879623 0.379310968 0.382083510 0.381554165 0.489341760 0.492942727 0.366897568 0.385767605 0.379929012 0.372424028 0.311715508 0.342812306 0.424336753 0.423058567 0.397329226 0.427728470 0.419663986 0.394428186 0.418207847 0.346630676 0.364443955 0.405693558 0.384413454 0.356422029 0.358975546 0.361678362 0.366277304 0.358744766 0.349621082 0.372851317 0.354767775 0.183816500 0.160723793 0.162517994 0.175881261 0.157472792 0.000000000 0.298102823 0.731444083 
48     0.382413875 0.410767779 0.406824890 0.400851048 0.435346570 0.424958964 0.393569987 0.430642721 0.438123583 0.423366752 0.409649562 0.419110095 0.408988245 0.424904810 0.430578593 0.429945285 0.535342292 0.540078997 0.415642254 0.434981368 0.429443936 0.422691947 0.361002881 0.390814925 0.467544195 0.466695008 0.444053778 0.469017000 0.464731618 0.437233533 0.455748681 0.386305029 0.407966137 0.445328471 0.422629889 0.394600002 0.395984027 0.398860156 0.404443007 0.397032443 0.389599769 0.412526195 0.393742073 0.299664055 0.274586250 0.276685857 0.292206020 0.348471032 0.298102823 0.000000000 0.762178773 
0     0.736570677 0.763250914 0.752822762 0.749315491 0.789044245 0.775254476 0.741965086 0.775167890 0.781705165 0.770150129 0.750262060 0.759283221 0.744905970 0.768095982 0.775512192 0.774472592 0.881307289 0.887340288 0.755634703 0.774727784 0.767227330 0.762323269 0.700853096 0.731101252 0.810886268 0.809747319 0.790832943 0.820218744 0.812183566 0.787761217 0.811899469 0.737059819 0.760997695 0.797479755 0.773647218 0.746442723 0.750057827 0.757307264 0.761646603 0.754196385 0.743707031 0.766863604 0.748725394 0.720076915 0.708673355 0.702100626 0.725483938 0.778046672 0.731444083 0.762178773 0.000000000 
