51
12     0.000000000 0.001128390 0.002528900 0.002309900 0.003831480 0.003137500 0.001965710 0.003034160 0.002584450 0.002413150 0.002741420 0.004314090 0.002463330 0.004352550 0.003308620 0.003330960 0.003347910 0.003673630 0.002911090 0.003483640 0.002997840 0.002177430 0.003293660 0.004534510 0.003736300 0.003822390 0.004525560 0.002490290 0.004024130 0.002406120 0.003951780 0.004299020 0.005740720 0.005776020 0.000680250 0.004442260 0.005516660 0.004071650 0.004376420 0.004171140 0.004578600 0.004629810 0.004744810 0.005840650 0.003057810 0.003183580 0.003717310 0.005517630 0.004674050 0.002169950 0.008141380 
39     0.001128390 0.000000000 0.002270490 0.002051490 0.003573070 0.002879090 0.001658100 0.002726550 0.002276840 0.002105540 0.005292180 0.004942210 0.005403790 0.005546330 0.003715130 0.003737470 0.003754420 0.004080140 0.003317600 0.003890150 0.002296360 0.003827990 0.001104920 0.004941020 0.004142810 0.004228900 0.004932070 0.004274980 0.005271090 0.005044470 0.002743830 0.005298850 0.003836210 0.005468410 0.000459610 0.004922600 0.005209050 0.004478160 0.004782930 0.004577650 0.001069990 0.003937690 0.003837390 0.005533040 0.003464320 0.003590090 0.004123820 0.005924140 0.005080560 0.006007290 0.007995800 
5     0.002528900 0.002270490 0.000000000 0.000460750 0.002782280 0.002550580 0.001873190 0.002941640 0.002491930 0.002320630 0.006740040 0.006824140 0.006710880 0.005761420 0.004981010 0.004907710 0.006414850 0.006740570 0.005978030 0.006550580 0.006064780 0.006488420 0.003293140 0.004474950 0.003455040 0.003928330 0.004631500 0.006503790 0.005775380 0.005548760 0.006575740 0.005513940 0.005730980 0.005683500 0.005985750 0.005236050 0.005424140 0.001547270 0.005096380 0.004891100 0.005298560 0.005349770 0.005414980 0.005748130 0.004978730 0.005062420 0.005188720 0.006363400 0.001341670 0.006222380 0.008210890 
17     0.002309900 0.002051490 0.000460750 0.000000000 0.000015860 0.002638980 0.001654190 0.002722640 0.002272930 0.002101630 0.006521040 0.006605140 0.006491880 0.005542420 0.004762010 0.004688710 0.006386980 0.006712700 0.005950160 0.006522710 0.006036910 0.006289160 0.003265270 0.004447080 0.003814370 0.003900460 0.004603630 0.006475920 0.005747510 0.005520890 0.004965860 0.005294940 0.005511980 0.005464500 0.005957880 0.005144730 0.005205140 0.004763740 0.005068510 0.004863230 0.005144370 0.005278770 0.001915390 0.005529130 0.004759730 0.003255210 0.003979520 0.006144400 0.002828820 0.005090630 0.007991890 
21     0.003831480 0.003573070 0.002782280 0.000015860 0.000000000 0.004025870 0.003175770 0.004244220 0.003794510 0.003623210 0.007729340 0.008126720 0.007901940 0.004297280 0.006283590 0.006210290 0.007707640 0.004150250 0.007270820 0.007843370 0.005316070 0.007781210 0.004585930 0.005767740 0.005135030 0.005221120 0.005924290 0.007796580 0.007068170 0.006841550 0.006441880 0.006816520 0.007033560 0.003228530 0.007278540 0.006528840 0.006726720 0.006084400 0.006389170 0.006183890 0.006591350 0.006642560 0.006717560 0.007050710 0.006281310 0.006365000 0.006491300 0.007665980 0.007292180 0.004075810 0.009513470 
29     0.003137500 0.002879090 0.002550580 0.002638980 0.004025870 0.000000000 0.002481790 0.003550240 0.003100530 0.002929230 0.006490680 0.006358140 0.006158550 0.006370020 0.004540400 0.004562740 0.004579690 0.004905410 0.004142870 0.004715420 0.001497320 0.004527970 0.001457980 0.002639790 0.002007080 0.002093170 0.002796340 0.003558290 0.003940220 0.003713600 0.005154420 0.004103710 0.004816360 0.005295090 0.004150590 0.003400890 0.004893720 0.002956450 0.003261220 0.003055940 0.003463400 0.003514610 0.003629610 0.005030880 0.004024230 0.004150000 0.004683730 0.006484050 0.004410920 0.004819300 0.008819490 
19     0.001965710 0.001658100 0.001873190 0.001654190 0.003175770 0.002481790 0.000000000 0.001908230 0.001458520 0.001231900 0.001575530 0.001802170 0.001864930 0.004968610 0.003708100 0.004114900 0.001671590 0.003510920 0.005482520 0.005952400 0.005569270 0.004287310 0.001306090 0.002882670 0.000599520 0.003734900 0.005408090 0.005979320 0.005106170 0.005717600 0.005782930 0.004721130 0.004938170 0.003266720 0.005867520 0.004570920 0.004631330 0.005224800 0.005433370 0.001565070 0.001173150 0.004704960 0.004622170 0.004955320 0.004185920 0.003508760 0.004395910 0.005570590 0.001360490 0.005429570 0.007418080 
43     0.003034160 0.002726550 0.002941640 0.002722640 0.004244220 0.003550240 0.001908230 0.000000000 0.001519110 0.000223010 0.002127550 0.001703640 0.000183910 0.006037060 0.005256650 0.005183350 0.007162130 0.007487850 0.006725310 0.007020850 0.005437510 0.006651650 0.005149650 0.004225190 0.007550520 0.002356370 0.006476540 0.007178100 0.007010780 0.006786050 0.006851380 0.005789580 0.006006620 0.005959140 0.006935970 0.005639370 0.005699780 0.006293250 0.006501820 0.006410370 0.004942400 0.004410960 0.001419790 0.006023770 0.005254370 0.005338060 0.005464360 0.006639040 0.006265240 0.006498020 0.008486530 
1     0.002584450 0.002276840 0.002491930 0.002272930 0.003794510 0.003100530 0.001458520 0.001519110 0.000000000 0.000840910 0.002741140 0.002391170 0.002852750 0.005587350 0.004806940 0.004733640 0.007104920 0.007430640 0.006373390 0.006571140 0.006402230 0.006334090 0.004699940 0.005097540 0.007493310 0.007579400 0.006026830 0.006728390 0.006561070 0.006336340 0.006401670 0.005339870 0.003532530 0.005032920 0.006486260 0.005189660 0.005250070 0.005843540 0.006052110 0.005960660 0.005189300 0.005323700 0.005240910 0.005574060 0.002796620 0.004888350 0.005014650 0.006189330 0.000706900 0.006048310 0.004648780 
34     0.002413150 0.002105540 0.002320630 0.002101630 0.003623210 0.002929230 0.001231900 0.000223010 0.000840910 0.000000000 0.000359850 0.000359510 0.001694110 0.005416050 0.004635640 0.004562340 0.005946280 0.006272000 0.005509460 0.004145490 0.005596210 0.006019850 0.004528640 0.003822410 0.006334670 0.006420760 0.005855530 0.006466840 0.006389770 0.006165040 0.006230370 0.005168570 0.005385610 0.005338130 0.005948800 0.003700730 0.005078770 0.000709270 0.005880810 0.005789360 0.005018000 0.005152400 0.005069610 0.005402760 0.004633360 0.004717050 0.004843350 0.006018030 0.001638910 0.005877010 0.007865520 
38     0.002741420 0.005292180 0.006740040 0.006521040 0.007729340 0.006490680 0.001575530 0.002127550 0.002741140 0.000359850 0.000000000 0.000000600 0.000128370 0.004938740 0.004973490 0.004900190 0.005812640 0.006138360 0.005375820 0.005948370 0.002888780 0.005886210 0.003135450 0.005264090 0.002455670 0.002215170 0.005614440 0.001066180 0.002026620 0.001801890 0.005014180 0.003952380 0.004169420 0.004121940 0.005057690 0.003243650 0.003304060 0.003897530 0.004106100 0.004014650 0.003243290 0.003377690 0.003294900 0.001873850 0.005522540 0.002730210 0.006055180 0.005776940 0.003689690 0.006322660 0.008755750 
14     0.004314090 0.004942210 0.006824140 0.006605140 0.008126720 0.006358140 0.001802170 0.001703640 0.002391170 0.000359510 0.000000600 0.000000000 0.000014760 0.004997350 0.005057590 0.004984290 0.005462670 0.005788390 0.005025850 0.005598400 0.005112600 0.005536240 0.003308730 0.005348190 0.003418950 0.003178450 0.005698540 0.000486860 0.002110720 0.001885990 0.005098280 0.004036480 0.003978700 0.002276360 0.005141790 0.003327750 0.003388160 0.003981630 0.004190200 0.004098750 0.003327390 0.003461790 0.003379000 0.003957380 0.003708160 0.000410590 0.005832070 0.005861040 0.006788810 0.006406760 0.008839850 
3     0.002463330 0.005403790 0.006710880 0.006491880 0.007901940 0.006158550 0.001864930 0.000183910 0.002852750 0.001694110 0.000128370 0.000014760 0.000000000 0.005111340 0.002720080 0.002331600 0.005924250 0.006249970 0.005487430 0.006059980 0.005574180 0.005997820 0.003035200 0.005234930 0.006312640 0.006398730 0.005585280 0.000472100 0.001997460 0.001772730 0.000830520 0.002215360 0.004140260 0.001632820 0.003330610 0.003214490 0.003274900 0.003868370 0.004076940 0.003985490 0.003214130 0.003348530 0.003265740 0.005107320 0.004328010 0.005759920 0.002656000 0.005747780 0.003699630 0.006293500 0.008726590 
28     0.004352550 0.005546330 0.005761420 0.005542420 0.004297280 0.006370020 0.004968610 0.006037060 0.005587350 0.005416050 0.004938740 0.004997350 0.005111340 0.000000000 0.003994870 0.003921570 0.006114170 0.006439890 0.004340380 0.005759070 0.005590160 0.005522020 0.003887870 0.002199750 0.006587860 0.006673950 0.003372000 0.005337380 0.005170060 0.004475120 0.005010660 0.003948860 0.004165900 0.004118420 0.005095250 0.003798650 0.003859060 0.004452530 0.004661100 0.004569650 0.000903910 0.003579780 0.002275640 0.005635970 0.004866570 0.004950260 0.005076560 0.001138160 0.005877440 0.005344040 0.007777130 
35     0.003308620 0.003715130 0.004981010 0.004762010 0.006283590 0.004540400 0.003708100 0.005256650 0.004806940 0.004635640 0.004973490 0.005057590 0.002720080 0.003994870 0.000000000 0.000152660 0.000734430 0.001060150 0.001111210 0.001549370 0.001197960 0.001621600 0.001711500 0.001530180 0.004033320 0.004119410 0.002664960 0.004165490 0.004968590 0.004743860 0.004809190 0.001267680 0.001669340 0.003916950 0.003647450 0.003597180 0.003657590 0.004251060 0.004459630 0.004368180 0.001304280 0.001034050 0.003648430 0.004855560 0.003354830 0.003480600 0.004014330 0.004596850 0.004971070 0.004563630 0.005527790 
36     0.003330960 0.003737470 0.004907710 0.004688710 0.006210290 0.004562740 0.004114900 0.005183350 0.004733640 0.004562340 0.004900190 0.004984290 0.002331600 0.003921570 0.000152660 0.000000000 0.000756770 0.001082490 0.001133550 0.001706100 0.001220300 0.001643940 0.001638200 0.001456880 0.004055660 0.004141750 0.004361050 0.004187830 0.004895290 0.004670560 0.004735890 0.002400380 0.002802040 0.003843650 0.003669790 0.003523880 0.003584290 0.004177760 0.004386330 0.004294880 0.003523520 0.003657920 0.003575130 0.004782260 0.003377170 0.003502940 0.004036670 0.004523550 0.004993410 0.004490330 0.004732730 
27     0.003347910 0.003754420 0.006414850 0.006386980 0.007707640 0.004579690 0.001671590 0.007162130 0.007104920 0.005946280 0.005812640 0.005462670 0.005924250 0.006114170 0.000734430 0.000756770 0.000000000 0.000886420 0.001150500 0.001723050 0.001237250 0.001660890 0.003629970 0.004870820 0.004072610 0.004158700 0.004861870 0.004204780 0.005200890 0.004974270 0.006415090 0.005364380 0.004486970 0.006555760 0.003686740 0.004852400 0.006037860 0.004265140 0.004712730 0.004507450 0.003201150 0.004966120 0.004994200 0.006291550 0.003394120 0.003519890 0.004053620 0.005853940 0.001634860 0.006283320 0.008477690 
7     0.003673630 0.004080140 0.006740570 0.006712700 0.004150250 0.004905410 0.003510920 0.007487850 0.007430640 0.006272000 0.006138360 0.005788390 0.006249970 0.006439890 0.001060150 0.001082490 0.000886420 0.000000000 0.001476220 0.002048770 0.001562970 0.001986610 0.003955690 0.005196540 0.004398330 0.004484420 0.005187590 0.003176310 0.005526610 0.005299990 0.006740810 0.000997330 0.006402750 0.006881480 0.004012460 0.005178120 0.006670950 0.004733680 0.005038450 0.004833170 0.005240630 0.005291840 0.005406840 0.006617270 0.003719840 0.003845610 0.004379340 0.006179660 0.005336080 0.006609040 0.008803410 
30     0.002911090 0.003317600 0.005978030 0.005950160 0.007270820 0.004142870 0.005482520 0.006725310 0.006373390 0.005509460 0.005375820 0.005025850 0.005487430 0.004340380 0.001111210 0.001133550 0.001150500 0.001476220 0.000000000 0.000761210 0.000380710 0.000479480 0.003193150 0.002946040 0.003635790 0.003721880 0.004425050 0.001241080 0.004764070 0.001347280 0.001724350 0.004927560 0.004701960 0.005483400 0.003249920 0.004415580 0.004507990 0.003971140 0.004275910 0.004070630 0.004478090 0.004529300 0.004644300 0.005854730 0.002957300 0.003083070 0.003616800 0.005417120 0.002810140 0.005846500 0.008040870 
2     0.003483640 0.003890150 0.006550580 0.006522710 0.007843370 0.004715420 0.005952400 0.007020850 0.006571140 0.004145490 0.005948370 0.005598400 0.006059980 0.005759070 0.001549370 0.001706100 0.001723050 0.002048770 0.000761210 0.000000000 0.000862790 0.000625990 0.003765700 0.004524580 0.004208340 0.004294430 0.004997600 0.002972620 0.005336620 0.005110000 0.006118410 0.005500110 0.005728630 0.005681150 0.003822470 0.004988130 0.005421790 0.004543690 0.004848460 0.004643180 0.005050640 0.001287700 0.002504600 0.006427280 0.001565730 0.002518940 0.004189350 0.003770920 0.003969900 0.006327830 0.008613420 
16     0.002997840 0.002296360 0.006064780 0.006036910 0.005316070 0.001497320 0.005569270 0.005437510 0.006402230 0.005596210 0.002888780 0.005112600 0.005574180 0.005590160 0.001197960 0.001220300 0.001237250 0.001562970 0.000380710 0.000862790 0.000000000 0.000471180 0.003279900 0.004355670 0.003722540 0.003808630 0.004511800 0.002384010 0.004850820 0.004624200 0.004661320 0.001590990 0.005559720 0.004479560 0.003336670 0.004502330 0.005252880 0.004057890 0.004362660 0.004157380 0.004564840 0.004616050 0.004731050 0.002195570 0.003044050 0.003169820 0.003703550 0.001833560 0.003362410 0.005933250 0.008127620 
24     0.002177430 0.003827990 0.006488420 0.006289160 0.007781210 0.004527970 0.004287310 0.006651650 0.006334090 0.006019850 0.005886210 0.005536240 0.005997820 0.005522020 0.001621600 0.001643940 0.001660890 0.001986610 0.000479480 0.000625990 0.000471180 0.000000000 0.003703540 0.004287530 0.004146180 0.004232270 0.004935440 0.001597740 0.005274460 0.005047840 0.006336340 0.005274540 0.005491580 0.005444100 0.003760310 0.004925970 0.005184740 0.004481530 0.004786300 0.000130150 0.004988480 0.005039690 0.003577280 0.006365120 0.003467690 0.003593460 0.004127190 0.005386060 0.002950330 0.006090780 0.008523870 
25     0.003293660 0.001104920 0.003293140 0.003265270 0.004585930 0.001457980 0.001306090 0.005149650 0.004699940 0.004528640 0.003135450 0.003308730 0.003035200 0.003887870 0.001711500 0.001638200 0.003629970 0.003955690 0.003193150 0.003765700 0.003279900 0.003703540 0.000000000 0.000897140 0.001057360 0.001143450 0.001261960 0.003718910 0.002990500 0.002763880 0.004204700 0.003153990 0.001548880 0.003809950 0.002760860 0.002451170 0.003550590 0.002006730 0.002311500 0.002106220 0.000929210 0.000959480 0.002679890 0.004081160 0.000598560 0.003200280 0.003734010 0.004489850 0.000243130 0.004456630 0.006889720 
23     0.004534510 0.004941020 0.004474950 0.004447080 0.005767740 0.002639790 0.002882670 0.004225190 0.005097540 0.003822410 0.005264090 0.005348190 0.005234930 0.002199750 0.001530180 0.001456880 0.004870820 0.005196540 0.002946040 0.004524580 0.004355670 0.004287530 0.000897140 0.000000000 0.002298210 0.002384300 0.002871930 0.004959760 0.004231350 0.004004730 0.005099790 0.003990000 0.004255030 0.004207550 0.004441720 0.003692020 0.003948190 0.003247580 0.003552350 0.003347070 0.001087250 0.003805740 0.003920740 0.005146160 0.004315360 0.004441130 0.004586750 0.004887450 0.002855130 0.004854230 0.005815080 
41     0.003736300 0.004142810 0.003455040 0.003814370 0.005135030 0.002007080 0.000599520 0.007550520 0.007493310 0.006334670 0.002455670 0.003418950 0.006312640 0.006587860 0.004033320 0.004055660 0.004072610 0.004398330 0.003635790 0.004208340 0.003722540 0.004146180 0.001057360 0.002298210 0.000000000 0.000093250 0.001935260 0.004161550 0.003433140 0.003206520 0.004647340 0.003596630 0.004309280 0.004788010 0.003643510 0.002893810 0.004386640 0.002449370 0.002754140 0.002548860 0.002956320 0.003007530 0.003122530 0.004523800 0.003517150 0.003642920 0.004176650 0.005976970 0.005133390 0.006406350 0.001334480 
26     0.003822390 0.004228900 0.003928330 0.003900460 0.005221120 0.002093170 0.003734900 0.002356370 0.007579400 0.006420760 0.002215170 0.003178450 0.006398730 0.006673950 0.004119410 0.004141750 0.004158700 0.004484420 0.003721880 0.004294430 0.003808630 0.004232270 0.001143450 0.002384300 0.000093250 0.000000000 0.002021350 0.003795030 0.003519230 0.003292610 0.004733430 0.003682720 0.004395370 0.004874100 0.003729600 0.002979900 0.004472730 0.002535460 0.002840230 0.002634950 0.003042410 0.003093620 0.003208620 0.004609890 0.003603240 0.002256880 0.004262740 0.006063060 0.005219480 0.006492440 0.001326210 
32     0.004525560 0.004932070 0.004631500 0.004603630 0.005924290 0.002796340 0.005408090 0.006476540 0.006026830 0.005855530 0.005614440 0.005698540 0.005585280 0.003372000 0.002664960 0.004361050 0.004861870 0.005187590 0.004425050 0.004997600 0.004511800 0.004935440 0.001261960 0.002871930 0.001935260 0.002021350 0.000000000 0.004950810 0.004222400 0.003995780 0.001647380 0.002316970 0.004605380 0.004557900 0.004432770 0.003683070 0.004298540 0.003238630 0.003543400 0.003338120 0.002258800 0.003796790 0.001438920 0.002145990 0.004306410 0.004432180 0.000317610 0.003973980 0.005922650 0.005783520 0.008216610 
11     0.002490290 0.004274980 0.006503790 0.006475920 0.007796580 0.003558290 0.005979320 0.007178100 0.006728390 0.006466840 0.001066180 0.000486860 0.000472100 0.005337380 0.004165490 0.004187830 0.004204780 0.003176310 0.001241080 0.002972620 0.002384010 0.001597740 0.003718910 0.004959760 0.004161550 0.003795030 0.004950810 0.000000000 0.001545180 0.001952210 0.005176600 0.004114800 0.003500120 0.002743510 0.001410680 0.003406070 0.003466480 0.004059950 0.004268520 0.004177070 0.003405710 0.003540110 0.003457320 0.006380490 0.003649320 0.003775090 0.004308820 0.005939360 0.005265560 0.006485080 0.008732890 
4     0.004024130 0.005271090 0.005775380 0.005747510 0.007068170 0.003940220 0.005106170 0.007010780 0.006561070 0.006389770 0.002026620 0.002110720 0.001997460 0.005170060 0.004968590 0.004895290 0.005200890 0.005526610 0.004764070 0.005336620 0.004850820 0.005274460 0.002990500 0.004231350 0.003433140 0.003519230 0.004222400 0.001545180 0.000000000 0.000654460 0.005009280 0.003947480 0.003239930 0.003092270 0.004771790 0.003238750 0.003299160 0.003768490 0.004073260 0.003867980 0.003238390 0.003372790 0.003290000 0.004954460 0.004645430 0.004771200 0.005304930 0.005772040 0.004994990 0.006317760 0.008750850 
37     0.002406120 0.005044470 0.005548760 0.005520890 0.006841550 0.003713600 0.005717600 0.006786050 0.006336340 0.006165040 0.001801890 0.001885990 0.001772730 0.004475120 0.004743860 0.004670560 0.004974270 0.005299990 0.001347280 0.005110000 0.004624200 0.005047840 0.002763880 0.004004730 0.003206520 0.003292610 0.003995780 0.001952210 0.000654460 0.000000000 0.004784550 0.003722750 0.003661230 0.003499300 0.004545170 0.003014020 0.003074430 0.003541870 0.003846640 0.003641360 0.002853360 0.003148060 0.003065270 0.004727840 0.004418810 0.004544580 0.005078310 0.005547310 0.004588000 0.006093030 0.008526120 
18     0.003951780 0.002743830 0.006575740 0.004965860 0.006441880 0.005154420 0.005782930 0.006851380 0.006401670 0.006230370 0.005014180 0.005098280 0.000830520 0.005010660 0.004809190 0.004735890 0.006415090 0.006740810 0.001724350 0.006118410 0.004661320 0.006336340 0.004204700 0.005099790 0.004647340 0.004733430 0.001647380 0.005176600 0.005009280 0.004784550 0.000000000 0.001774850 0.002113180 0.002038100 0.004934470 0.003637870 0.003698280 0.004291750 0.004500320 0.004408870 0.003637510 0.003771910 0.003689120 0.002702020 0.005680890 0.005764580 0.005811190 0.005612640 0.006691760 0.006158360 0.008591450 
8     0.004299020 0.005298850 0.005513940 0.005294940 0.006816520 0.004103710 0.004721130 0.005789580 0.005339870 0.005168570 0.003952380 0.004036480 0.002215360 0.003948860 0.001267680 0.002400380 0.005364380 0.000997330 0.004927560 0.005500110 0.001590990 0.005274540 0.003153990 0.003990000 0.003596630 0.003682720 0.002316970 0.004114800 0.003947480 0.003722750 0.001774850 0.000000000 0.000492880 0.000431090 0.000982200 0.002576070 0.002636480 0.003229950 0.003438520 0.003347070 0.002575710 0.002710110 0.002627320 0.001503670 0.004619090 0.004702780 0.004829080 0.004550840 0.005629960 0.004991360 0.007529650 
40     0.005740720 0.003836210 0.005730980 0.005511980 0.007033560 0.004816360 0.004938170 0.006006620 0.003532530 0.005385610 0.004169420 0.003978700 0.004140260 0.004165900 0.001669340 0.002802040 0.004486970 0.006402750 0.004701960 0.005728630 0.005559720 0.005491580 0.001548880 0.004255030 0.004309280 0.004395370 0.004605380 0.003500120 0.003239930 0.003661230 0.002113180 0.000492880 0.000000000 0.001220940 0.000500950 0.002793110 0.002853520 0.003446990 0.003655560 0.003564110 0.002352080 0.002927150 0.002844360 0.002040080 0.004836130 0.004919820 0.005046120 0.004767880 0.005847000 0.005313600 0.007746690 
22     0.005776020 0.005468410 0.005683500 0.005464500 0.003228530 0.005295090 0.003266720 0.005959140 0.005032920 0.005338130 0.004121940 0.002276360 0.001632820 0.004118420 0.003916950 0.003843650 0.006555760 0.006881480 0.005483400 0.005681150 0.004479560 0.005444100 0.003809950 0.004207550 0.004788010 0.004874100 0.004557900 0.002743510 0.003092270 0.003499300 0.002038100 0.000431090 0.001220940 0.000000000 0.004042230 0.002745630 0.002806040 0.003399510 0.003608080 0.003516630 0.002745270 0.002879670 0.002796880 0.003052670 0.004587330 0.004872340 0.002238000 0.004720400 0.005799520 0.005266120 0.007699210 
9     0.000680250 0.000459610 0.005985750 0.005957880 0.007278540 0.004150590 0.005867520 0.006935970 0.006486260 0.005948800 0.005057690 0.005141790 0.003330610 0.005095250 0.003647450 0.003669790 0.003686740 0.004012460 0.003249920 0.003822470 0.003336670 0.003760310 0.002760860 0.004441720 0.003643510 0.003729600 0.004432770 0.001410680 0.004771790 0.004545170 0.004934470 0.000982200 0.000500950 0.004042230 0.000000000 0.003681380 0.003741790 0.003978860 0.002347730 0.004078350 0.000521130 0.003815420 0.003732630 0.001697770 0.003131280 0.003257050 0.003790780 0.005591100 0.004747520 0.004936320 0.001543890 
33     0.004442260 0.004922600 0.005236050 0.005144730 0.006528840 0.003400890 0.004570920 0.005639370 0.005189660 0.003700730 0.003243650 0.003327750 0.003214490 0.003798650 0.003597180 0.003523880 0.004852400 0.005178120 0.004415580 0.004988130 0.004502330 0.004925970 0.002451170 0.003692020 0.002893810 0.002979900 0.003683070 0.003406070 0.003238750 0.003014020 0.003637870 0.002576070 0.002793110 0.002745630 0.003681380 0.000000000 0.000369910 0.001460080 0.001764850 0.001559570 0.001372360 0.001506760 0.001423970 0.005238280 0.003434200 0.004422710 0.004678870 0.004400630 0.003821940 0.001831060 0.004200840 
20     0.005516660 0.005209050 0.005424140 0.005205140 0.006726720 0.004893720 0.004631330 0.005699780 0.005250070 0.005078770 0.003304060 0.003388160 0.003274900 0.003859060 0.003657590 0.003584290 0.006037860 0.006670950 0.004507990 0.005421790 0.005252880 0.005184740 0.003550590 0.003948190 0.004386640 0.004472730 0.004298540 0.003466480 0.003299160 0.003074430 0.003698280 0.002636480 0.002853520 0.002806040 0.003741790 0.000369910 0.000000000 0.001110740 0.002388020 0.001285950 0.001432770 0.000696690 0.001484380 0.005298690 0.004529290 0.004612980 0.004739280 0.004461040 0.000817170 0.002216260 0.005995990 
31     0.004071650 0.004478160 0.001547270 0.004763740 0.006084400 0.002956450 0.005224800 0.006293250 0.005843540 0.000709270 0.003897530 0.003981630 0.003868370 0.004452530 0.004251060 0.004177760 0.004265140 0.004733680 0.003971140 0.004543690 0.004057890 0.004481530 0.002006730 0.003247580 0.002449370 0.002535460 0.003238630 0.004059950 0.003768490 0.003541870 0.004291750 0.003229950 0.003446990 0.003399510 0.003978860 0.001460080 0.001110740 0.000000000 0.000222060 0.000363460 0.001657230 0.001708440 0.001823440 0.004859150 0.003852500 0.003978270 0.004512000 0.002553720 0.005468740 0.005600230 0.008033320 
6     0.004376420 0.004782930 0.005096380 0.005068510 0.006389170 0.003261220 0.005433370 0.006501820 0.006052110 0.005880810 0.004106100 0.004190200 0.004076940 0.004661100 0.004459630 0.004386330 0.004712730 0.005038450 0.004275910 0.004848460 0.004362660 0.004786300 0.002311500 0.003552350 0.002754140 0.002840230 0.003543400 0.004268520 0.004073260 0.003846640 0.004500320 0.003438520 0.003655560 0.003608080 0.002347730 0.001764850 0.002388020 0.000222060 0.000000000 0.000462760 0.001750870 0.002013210 0.002128210 0.005163920 0.000886800 0.004283040 0.004816770 0.003352490 0.005773510 0.005808800 0.008241890 
10     0.004171140 0.004577650 0.004891100 0.004863230 0.006183890 0.003055940 0.001565070 0.006410370 0.005960660 0.005789360 0.004014650 0.004098750 0.003985490 0.004569650 0.004368180 0.004294880 0.004507450 0.004833170 0.004070630 0.004643180 0.004157380 0.000130150 0.002106220 0.003347070 0.002548860 0.002634950 0.003338120 0.004177070 0.003867980 0.003641360 0.004408870 0.003347070 0.003564110 0.003516630 0.004078350 0.001559570 0.001285950 0.000363460 0.000462760 0.000000000 0.001756720 0.001807930 0.001922930 0.004958640 0.003951990 0.004077760 0.004611490 0.005171630 0.004377430 0.005717350 0.006031240 
15     0.004578600 0.001069990 0.005298560 0.005144370 0.006591350 0.003463400 0.001173150 0.004942400 0.005189300 0.005018000 0.003243290 0.003327390 0.003214130 0.000903910 0.001304280 0.003523520 0.003201150 0.005240630 0.004478090 0.005050640 0.004564840 0.004988480 0.000929210 0.001087250 0.002956320 0.003042410 0.002258800 0.003405710 0.003238390 0.002853360 0.003637510 0.002575710 0.002352080 0.002745270 0.000521130 0.001372360 0.001432770 0.001657230 0.001750870 0.001756720 0.000000000 0.000440210 0.000168960 0.002807720 0.004359450 0.003520890 0.004678510 0.004400270 0.003115250 0.003005850 0.006093300 
13     0.004629810 0.003937690 0.005349770 0.005278770 0.006642560 0.003514610 0.004704960 0.004410960 0.005323700 0.005152400 0.003377690 0.003461790 0.003348530 0.003579780 0.001034050 0.003657920 0.004966120 0.005291840 0.004529300 0.001287700 0.004616050 0.005039690 0.000959480 0.003805740 0.003007530 0.003093620 0.003796790 0.003540110 0.003372790 0.003148060 0.003771910 0.002710110 0.002927150 0.002879670 0.003815420 0.001506760 0.000696690 0.001708440 0.002013210 0.001807930 0.000440210 0.000000000 0.000026280 0.005372320 0.004410660 0.004536430 0.004812910 0.004534670 0.005613790 0.005080390 0.006813390 
42     0.004744810 0.003837390 0.005414980 0.001915390 0.006717560 0.003629610 0.004622170 0.001419790 0.005240910 0.005069610 0.003294900 0.003379000 0.003265740 0.002275640 0.003648430 0.003575130 0.004994200 0.005406840 0.004644300 0.002504600 0.004731050 0.003577280 0.002679890 0.003920740 0.003122530 0.003208620 0.001438920 0.003457320 0.003290000 0.003065270 0.003689120 0.002627320 0.002844360 0.002796880 0.003732630 0.001423970 0.001484380 0.001823440 0.002128210 0.001922930 0.000168960 0.000026280 0.000000000 0.005289530 0.004520130 0.004603820 0.004730120 0.004451880 0.005531000 0.004997600 0.006332050 
45     0.005840650 0.005533040 0.005748130 0.005529130 0.007050710 0.005030880 0.004955320 0.006023770 0.005574060 0.005402760 0.001873850 0.003957380 0.005107320 0.005635970 0.004855560 0.004782260 0.006291550 0.006617270 0.005854730 0.006427280 0.002195570 0.006365120 0.004081160 0.005146160 0.004523800 0.004609890 0.002145990 0.006380490 0.004954460 0.004727840 0.002702020 0.001503670 0.002040080 0.003052670 0.001697770 0.005238280 0.005298690 0.004859150 0.005163920 0.004958640 0.002807720 0.005372320 0.005289530 0.000000000 0.002671800 0.002755490 0.002770800 0.004049820 0.003682670 0.004828060 0.008085440 
44     0.003057810 0.003464320 0.004978730 0.004759730 0.006281310 0.004024230 0.004185920 0.005254370 0.002796620 0.004633360 0.005522540 0.003708160 0.004328010 0.004866570 0.003354830 0.003377170 0.003394120 0.003719840 0.002957300 0.001565730 0.003044050 0.003467690 0.000598560 0.004315360 0.003517150 0.003603240 0.004306410 0.003649320 0.004645430 0.004418810 0.005680890 0.004619090 0.004836130 0.004587330 0.003131280 0.003434200 0.004529290 0.003852500 0.000886800 0.003951990 0.004359450 0.004410660 0.004520130 0.002671800 0.000000000 0.000365790 0.000066480 0.003232140 0.002356040 0.003086260 0.007316040 
47     0.003183580 0.003590090 0.005062420 0.003255210 0.006365000 0.004150000 0.003508760 0.005338060 0.004888350 0.004717050 0.002730210 0.000410590 0.005759920 0.004950260 0.003480600 0.003502940 0.003519890 0.003845610 0.003083070 0.002518940 0.003169820 0.003593460 0.003200280 0.004441130 0.003642920 0.002256880 0.004432180 0.003775090 0.004771200 0.004544580 0.005764580 0.004702780 0.004919820 0.004872340 0.003257050 0.004422710 0.004612980 0.003978270 0.004283040 0.004077760 0.003520890 0.004536430 0.004603820 0.002755490 0.000365790 0.000000000 0.000407670 0.003357910 0.002483130 0.003713590 0.003163240 
50     0.003717310 0.004123820 0.005188720 0.003979520 0.006491300 0.004683730 0.004395910 0.005464360 0.005014650 0.004843350 0.006055180 0.005832070 0.002656000 0.005076560 0.004014330 0.004036670 0.004053620 0.004379340 0.003616800 0.004189350 0.003703550 0.004127190 0.003734010 0.004586750 0.004176650 0.004262740 0.000317610 0.004308820 0.005304930 0.005078310 0.005811190 0.004829080 0.005046120 0.002238000 0.003790780 0.004678870 0.004739280 0.004512000 0.004816770 0.004611490 0.004678510 0.004812910 0.004730120 0.002770800 0.000066480 0.000407670 0.000000000 0.003891640 0.002974460 0.005192940 0.007526030 
46     0.005517630 0.005924140 0.006363400 0.006144400 0.007665980 0.006484050 0.005570590 0.006639040 0.006189330 0.006018030 0.005776940 0.005861040 0.005747780 0.001138160 0.004596850 0.004523550 0.005853940 0.006179660 0.005417120 0.003770920 0.001833560 0.005386060 0.004489850 0.004887450 0.005976970 0.006063060 0.003973980 0.005939360 0.005772040 0.005547310 0.005612640 0.004550840 0.004767880 0.004720400 0.005591100 0.004400630 0.004461040 0.002553720 0.003352490 0.005171630 0.004400270 0.004534670 0.004451880 0.004049820 0.003232140 0.003357910 0.003891640 0.000000000 0.001040470 0.001017240 0.003601240 
49     0.004674050 0.005080560 0.001341670 0.002828820 0.007292180 0.004410920 0.001360490 0.006265240 0.000706900 0.001638910 0.003689690 0.006788810 0.003699630 0.005877440 0.004971070 0.004993410 0.001634860 0.005336080 0.002810140 0.003969900 0.003362410 0.002950330 0.000243130 0.002855130 0.005133390 0.005219480 0.005922650 0.005265560 0.004994990 0.004588000 0.006691760 0.005629960 0.005847000 0.005799520 0.004747520 0.003821940 0.000817170 0.005468740 0.005773510 0.004377430 0.003115250 0.005613790 0.005531000 0.003682670 0.002356040 0.002483130 0.002974460 0.001040470 0.000000000 0.004173870 0.008326910 
48     0.002169950 0.006007290 0.006222380 0.005090630 0.004075810 0.004819300 0.005429570 0.006498020 0.006048310 0.005877010 0.006322660 0.006406760 0.006293500 0.005344040 0.004563630 0.004490330 0.006283320 0.006609040 0.005846500 0.006327830 0.005933250 0.006090780 0.004456630 0.004854230 0.006406350 0.006492440 0.005783520 0.006485080 0.006317760 0.006093030 0.006158360 0.004991360 0.005313600 0.005266120 0.004936320 0.001831060 0.002216260 0.005600230 0.005808800 0.005717350 0.003005850 0.005080390 0.004997600 0.004828060 0.003086260 0.003713590 0.005192940 0.001017240 0.004173870 0.000000000 0.008238090 
0     0.008141380 0.007995800 0.008210890 0.007991890 0.009513470 0.008819490 0.007418080 0.008486530 0.004648780 0.007865520 0.008755750 0.008839850 0.008726590 0.007777130 0.005527790 0.004732730 0.008477690 0.008803410 0.008040870 0.008613420 0.008127620 0.008523870 0.006889720 0.005815080 0.001334480 0.001326210 0.008216610 0.008732890 0.008750850 0.008526120 0.008591450 0.007529650 0.007746690 0.007699210 0.001543890 0.004200840 0.005995990 0.008033320 0.008241890 0.006031240 0.006093300 0.006813390 0.006332050 0.008085440 0.007316040 0.003163240 0.007526030 0.003601240 0.008326910 0.008238090 0.000000000 
