51
32     0.000000000 0.033023392 0.037951699 0.060320060 0.060247151 0.055087566 0.053618996 0.053696083 0.054873495 0.054985412 0.079760314 0.080501679 0.066109802 0.067126333 0.068813721 0.066919280 0.062019769 0.063323896 0.062067497 0.062218682 0.062485404 0.061820522 0.061038562 0.061930332 0.064815997 0.067878204 0.069772719 0.066283654 0.067164001 0.065849070 0.063838296 0.064044606 0.062864403 0.068253480 0.071656854 0.062013768 0.068660767 0.069081731 0.064824988 0.066011870 0.063909130 0.062991780 0.069266728 0.069769162 0.066308712 0.067140230 0.061092312 0.066903226 0.063236418 0.067758203 0.139354884 
17     0.033023392 0.000000000 0.027793727 0.064433363 0.064360455 0.059203443 0.057739252 0.057816339 0.058993751 0.059105667 0.083899368 0.084641587 0.070270710 0.071287241 0.072974629 0.071080188 0.066180677 0.067488011 0.066178203 0.066329388 0.066596111 0.065931229 0.065149268 0.066041039 0.068924836 0.071990955 0.073885469 0.070396404 0.071276751 0.069961820 0.067949511 0.068157798 0.067051615 0.072440115 0.075843489 0.066206935 0.072910764 0.073331728 0.069063493 0.070250374 0.068109633 0.067184776 0.073459724 0.073962157 0.070501708 0.071333226 0.065298695 0.071096798 0.067429990 0.071955364 0.143488408 
10     0.037951699 0.027793727 0.000000000 0.068919832 0.068846923 0.063689912 0.062227740 0.062304827 0.063482238 0.063594155 0.088422101 0.089163466 0.074770416 0.075786947 0.077474335 0.075579894 0.070680382 0.071985684 0.070667700 0.070818885 0.071085607 0.070420726 0.069638765 0.070530535 0.073413413 0.076478541 0.078373056 0.074883990 0.075764337 0.074449407 0.072437097 0.072645384 0.071538966 0.076927466 0.080330840 0.070694285 0.077398115 0.077819079 0.073550844 0.074737725 0.072596984 0.071672126 0.077947075 0.078449508 0.074989059 0.075820577 0.069786046 0.075584149 0.071917341 0.076442715 0.147975933 
20     0.060320060 0.064433363 0.068919832 0.000000000 0.013583241 0.024750354 0.043183179 0.043260266 0.044432778 0.044544695 0.076233463 0.076974828 0.062578231 0.063594761 0.065282150 0.063387709 0.058488197 0.059793499 0.058375656 0.058526841 0.058793563 0.058128682 0.057346721 0.058238491 0.061107891 0.064162169 0.066056684 0.062567619 0.063447966 0.062133035 0.060133493 0.060330048 0.059336371 0.064726185 0.068129559 0.058471590 0.065176579 0.065597542 0.061329220 0.062516101 0.060393022 0.059466763 0.065741711 0.066244145 0.062783695 0.063615213 0.057578649 0.063376752 0.059710464 0.064256144 0.135553805 
31     0.060247151 0.064360455 0.068846923 0.013583241 0.000000000 0.024735087 0.043110271 0.043187358 0.044359870 0.044471787 0.076160554 0.076901919 0.062505323 0.063521853 0.065209241 0.063314800 0.058415289 0.059720590 0.058302748 0.058453933 0.058720655 0.058055773 0.057273813 0.058165583 0.061034983 0.064089261 0.065983776 0.062494711 0.063375057 0.062060127 0.060060585 0.060257140 0.059263462 0.064653276 0.068056650 0.058398682 0.065103670 0.065524634 0.061256312 0.062443193 0.060320114 0.059393855 0.065668803 0.066171236 0.062710787 0.063542305 0.057505740 0.063303843 0.059637556 0.064183236 0.135480897 
16     0.055087566 0.059203443 0.063689912 0.024750354 0.024735087 0.000000000 0.037923185 0.038000272 0.039172784 0.039284701 0.070988733 0.071730098 0.057333501 0.058350032 0.060037420 0.058142979 0.053243468 0.054548769 0.053130927 0.053282112 0.053548834 0.052883952 0.052101992 0.052993762 0.055863161 0.058917440 0.060811955 0.057322889 0.058203236 0.056888306 0.054888764 0.055085319 0.054103728 0.059493541 0.062896916 0.053238947 0.059943936 0.060364899 0.056096577 0.057283458 0.055160379 0.054234120 0.060509068 0.061011502 0.057551052 0.058382570 0.052346006 0.058144109 0.054477821 0.059023501 0.130319125 
1     0.053618996 0.057739252 0.062227740 0.043183179 0.043110271 0.037923185 0.000000000 0.004268008 0.012844234 0.012745792 0.069774953 0.070516318 0.056112964 0.057129494 0.058816883 0.056922442 0.052022930 0.053328232 0.051862349 0.052013534 0.052280256 0.051615374 0.050833414 0.051725184 0.054593916 0.057648194 0.059542709 0.056053644 0.056933991 0.055619060 0.053618810 0.053816073 0.052905909 0.058291442 0.061694816 0.052023945 0.058678006 0.059098970 0.054824775 0.056011657 0.053944004 0.053020765 0.059310596 0.059813030 0.056337697 0.057169215 0.051133066 0.056931169 0.053271340 0.057851538 0.129104484 
24     0.053696083 0.057816339 0.062304827 0.043260266 0.043187358 0.038000272 0.004268008 0.000000000 0.013015475 0.012918521 0.069852040 0.070593405 0.056190051 0.057206582 0.058893970 0.056999529 0.052100017 0.053405319 0.051939436 0.052090621 0.052357343 0.051692461 0.050910501 0.051802271 0.054671003 0.057725281 0.059619796 0.056130731 0.057011078 0.055696147 0.053695898 0.053893160 0.052982996 0.058368529 0.061771903 0.052101032 0.058755093 0.059176057 0.054901862 0.056088744 0.054021091 0.053097852 0.059387683 0.059890117 0.056414784 0.057246302 0.051210153 0.057008256 0.053348427 0.057928625 0.129181571 
29     0.054873495 0.058993751 0.063482238 0.044432778 0.044359870 0.039172784 0.012844234 0.013015475 0.000000000 0.006103555 0.071024976 0.071766341 0.057362987 0.058379518 0.060066906 0.058172465 0.053272954 0.054578255 0.053112372 0.053263557 0.053530279 0.052865398 0.052083437 0.052975207 0.055843939 0.058898218 0.060792732 0.057303667 0.058184014 0.056869083 0.054868834 0.055066096 0.054155018 0.059540551 0.062943925 0.053273054 0.059927115 0.060348079 0.056073884 0.057260766 0.055193113 0.054269874 0.060559705 0.061062139 0.057586806 0.058418324 0.052382176 0.058180279 0.054524348 0.059100647 0.130355377 
23     0.054985412 0.059105667 0.063594155 0.044544695 0.044471787 0.039284701 0.012745792 0.012918521 0.006103555 0.000000000 0.071136893 0.071878258 0.057474904 0.058491435 0.060178823 0.058284382 0.053384870 0.054690172 0.053224289 0.053375474 0.053642196 0.052977315 0.052195354 0.053087124 0.055955856 0.059010134 0.060904649 0.057415584 0.058295931 0.056981000 0.054980751 0.055178013 0.054266935 0.059652468 0.063055842 0.053384971 0.060039032 0.060459996 0.056185801 0.057372683 0.055305030 0.054381791 0.060671622 0.061174056 0.057698723 0.058530241 0.052494093 0.058292195 0.054632366 0.059212564 0.130467294 
15     0.079760314 0.083899368 0.088422101 0.076233463 0.076160554 0.070988733 0.069774953 0.069852040 0.071024976 0.071136893 0.000000000 0.014172083 0.055244559 0.056291612 0.057987502 0.056177276 0.051222515 0.052415481 0.069995407 0.070146592 0.070413315 0.069748433 0.068966472 0.069858243 0.072776872 0.075839354 0.077721038 0.074241133 0.075084170 0.073795932 0.071795230 0.071998227 0.073902323 0.079284602 0.082687976 0.072972944 0.079808714 0.080229678 0.075979070 0.077165952 0.075008709 0.074094414 0.080384164 0.080886598 0.077412336 0.078243853 0.072200737 0.077995896 0.074360617 0.078840754 0.150579468 
13     0.080501679 0.084641587 0.089163466 0.076974828 0.076901919 0.071730098 0.070516318 0.070593405 0.071766341 0.071878258 0.014172083 0.000000000 0.055979701 0.057026754 0.058722644 0.056912418 0.051957657 0.053150627 0.070736772 0.070887957 0.071154680 0.070489798 0.069707837 0.070599608 0.073518237 0.076580719 0.078462403 0.074982498 0.075825535 0.074537297 0.072536595 0.072739592 0.074643688 0.080025967 0.083429341 0.073714309 0.080550079 0.080971043 0.076720435 0.077907317 0.075750074 0.074835779 0.081125529 0.081627963 0.078153701 0.078985218 0.072942102 0.078737261 0.075101982 0.079582119 0.151320833 
26     0.066109802 0.070270710 0.074770416 0.062578231 0.062505323 0.057333501 0.056112964 0.056190051 0.057362987 0.057474904 0.055244559 0.055979701 0.000000000 0.015286347 0.023084907 0.021332150 0.020754399 0.030234644 0.056327207 0.056478392 0.056745114 0.056080233 0.055298272 0.056190042 0.059108672 0.062171154 0.064052838 0.060570899 0.061415969 0.060127731 0.058127030 0.058330027 0.060242883 0.065625162 0.069028536 0.059311696 0.066149274 0.066570238 0.062319630 0.063506511 0.061349269 0.060434973 0.066724724 0.067227158 0.063752896 0.064584413 0.058541297 0.064257237 0.060701177 0.065181314 0.136921695 
5     0.067126333 0.071287241 0.075786947 0.063594761 0.063521853 0.058350032 0.057129494 0.057206582 0.058379518 0.058491435 0.056291612 0.057026754 0.015286347 0.000000000 0.024293190 0.022414771 0.021919079 0.031350523 0.057343738 0.057494923 0.057761645 0.057096763 0.056314803 0.057206573 0.060125202 0.063187685 0.065069368 0.061587581 0.062432500 0.061144262 0.059143560 0.059346557 0.061259414 0.066641693 0.070045067 0.060328227 0.067165805 0.067586769 0.063336161 0.064523042 0.062365799 0.061451504 0.067741255 0.068243689 0.064769426 0.065600944 0.059557828 0.065273768 0.061717707 0.066197844 0.137938226 
19     0.068813721 0.072974629 0.077474335 0.065282150 0.065209241 0.060037420 0.058816883 0.058893970 0.060066906 0.060178823 0.057987502 0.058722644 0.023084907 0.024293190 0.000000000 0.022407178 0.023209221 0.033049071 0.059031126 0.059182311 0.059449033 0.058784151 0.058002191 0.058893961 0.061812590 0.064875073 0.066756756 0.063275147 0.064119888 0.062831650 0.060830948 0.061033945 0.062946802 0.068329081 0.071732455 0.062015615 0.068853193 0.069274157 0.065023549 0.066210430 0.064053187 0.063138892 0.069428643 0.069931077 0.066456814 0.067288332 0.061245216 0.066961156 0.063405095 0.067885232 0.139625614 
9     0.066919280 0.071080188 0.075579894 0.063387709 0.063314800 0.058142979 0.056922442 0.056999529 0.058172465 0.058284382 0.056177276 0.056912418 0.021332150 0.022414771 0.022407178 0.000000000 0.021686051 0.030906256 0.057106790 0.057257975 0.057524697 0.056859816 0.056077855 0.056969626 0.059882086 0.062944569 0.064832421 0.061350862 0.062195553 0.060907314 0.058900444 0.059103441 0.061037435 0.066419714 0.069823088 0.060106248 0.066944976 0.067365940 0.063115332 0.064302213 0.062150777 0.061225477 0.067514591 0.068017025 0.064542763 0.065374280 0.059319796 0.065046475 0.061498631 0.065981193 0.137726193 
18     0.062019769 0.066180677 0.070680382 0.058488197 0.058415289 0.053243468 0.052022930 0.052100017 0.053272954 0.053384870 0.051222515 0.051957657 0.020754399 0.021919079 0.023209221 0.021686051 0.000000000 0.026256796 0.052203998 0.052355183 0.052621905 0.051957024 0.051175063 0.052066833 0.054985463 0.058047945 0.059929629 0.056448047 0.057292760 0.056004522 0.054003821 0.054206818 0.056148244 0.061530523 0.064933897 0.055217057 0.062058689 0.062479653 0.058229045 0.059415926 0.057258684 0.056340334 0.062630085 0.063132519 0.059658256 0.060489774 0.054446658 0.060162597 0.056606537 0.061086674 0.132826682 
28     0.063323896 0.067488011 0.071985684 0.059793499 0.059720590 0.054548769 0.053328232 0.053405319 0.054578255 0.054690172 0.052415481 0.053150627 0.030234644 0.031350523 0.033049071 0.030906256 0.026256796 0.000000000 0.053512321 0.053663506 0.053930228 0.053265347 0.052483386 0.053375156 0.056293786 0.059356268 0.061237951 0.057757150 0.058601083 0.057312845 0.055312143 0.055515141 0.057442001 0.062824280 0.066227654 0.056513053 0.063351908 0.063772872 0.059522264 0.060709145 0.058551902 0.057633552 0.063923303 0.064425737 0.060951475 0.061782992 0.055739876 0.061345527 0.057899756 0.062358829 0.134129001 
7     0.062067497 0.066178203 0.070667700 0.058375656 0.058302748 0.053130927 0.051862349 0.051939436 0.053112372 0.053224289 0.069995407 0.070736772 0.056327207 0.057343738 0.059031126 0.057106790 0.052203998 0.053512321 0.000000000 0.008819398 0.009526534 0.008809264 0.015512122 0.016306820 0.036145289 0.039190482 0.041040922 0.037616654 0.038430709 0.037100762 0.035221973 0.035250680 0.056284926 0.061697555 0.065100929 0.055341234 0.062146562 0.062567526 0.058307047 0.059493928 0.057354797 0.056398898 0.062712599 0.063215033 0.059736336 0.060567854 0.054527988 0.060385796 0.056682398 0.061196733 0.132794819 
6     0.062218682 0.066329388 0.070818885 0.058526841 0.058453933 0.053282112 0.052013534 0.052090621 0.053263557 0.053375474 0.070146592 0.070887957 0.056478392 0.057494923 0.059182311 0.057257975 0.052355183 0.053663506 0.008819398 0.000000000 0.008486250 0.007761977 0.015797666 0.016594504 0.036295539 0.039340732 0.041191172 0.037766904 0.038580960 0.037251012 0.035372224 0.035400930 0.056436111 0.061848739 0.065252113 0.055492418 0.062297747 0.062718711 0.058458231 0.059645113 0.057505982 0.056550083 0.062863784 0.063366218 0.059887521 0.060719039 0.054679173 0.060536981 0.056833583 0.061347918 0.132946004 
21     0.062485404 0.066596111 0.071085607 0.058793563 0.058720655 0.053548834 0.052280256 0.052357343 0.053530279 0.053642196 0.070413315 0.071154680 0.056745114 0.057761645 0.059449033 0.057524697 0.052621905 0.053930228 0.009526534 0.008486250 0.000000000 0.007594566 0.015878635 0.016572656 0.036561872 0.039607065 0.041457505 0.038035743 0.038847293 0.037517345 0.035638556 0.035667263 0.056702833 0.062115462 0.065518836 0.055759141 0.062564469 0.062985433 0.058724954 0.059911835 0.057772704 0.056816805 0.063130506 0.063632940 0.060154243 0.060985761 0.054945895 0.060803703 0.057100305 0.061614640 0.133212726 
8     0.061820522 0.065931229 0.070420726 0.058128682 0.058055773 0.052883952 0.051615374 0.051692461 0.052865398 0.052977315 0.069748433 0.070489798 0.056080233 0.057096763 0.058784151 0.056859816 0.051957024 0.053265347 0.008809264 0.007761977 0.007594566 0.000000000 0.015099392 0.015875745 0.035918091 0.038963284 0.040813724 0.037389456 0.038203511 0.036873564 0.034994775 0.035023482 0.056037952 0.061450580 0.064853954 0.055094259 0.061899588 0.062320552 0.058060072 0.059246953 0.057107823 0.056151924 0.062465625 0.062968058 0.059489362 0.060320879 0.054281013 0.060138821 0.056435423 0.060949759 0.132547845 
3     0.061038562 0.065149268 0.069638765 0.057346721 0.057273813 0.052101992 0.050833414 0.050910501 0.052083437 0.052195354 0.068966472 0.069707837 0.055298272 0.056314803 0.058002191 0.056077855 0.051175063 0.052483386 0.015512122 0.015797666 0.015878635 0.015099392 0.000000000 0.009561547 0.035131624 0.038187695 0.040038135 0.036616373 0.037417044 0.036087097 0.034219186 0.034236352 0.055255991 0.060668619 0.064071993 0.054312298 0.061117627 0.061538591 0.057278111 0.058464993 0.056325862 0.055363221 0.061683664 0.062186098 0.058707401 0.059538919 0.053499053 0.059356861 0.055653463 0.060167798 0.131765884 
25     0.061930332 0.066041039 0.070530535 0.058238491 0.058165583 0.052993762 0.051725184 0.051802271 0.052975207 0.053087124 0.069858243 0.070599608 0.056190042 0.057206573 0.058893961 0.056969626 0.052066833 0.053375156 0.016306820 0.016594504 0.016572656 0.015875745 0.009561547 0.000000000 0.036024659 0.039080730 0.040931170 0.037509408 0.038310079 0.036980132 0.035112221 0.035129579 0.056147761 0.061560390 0.064963764 0.055204069 0.062009398 0.062430361 0.058169882 0.059356763 0.057217633 0.056261733 0.062575435 0.063077868 0.059599172 0.060430689 0.054390823 0.060248631 0.056545233 0.061059569 0.132657654 
22     0.064815997 0.068924836 0.073413413 0.061107891 0.061034983 0.055863161 0.054593916 0.054671003 0.055843939 0.055955856 0.072776872 0.073518237 0.059108672 0.060125202 0.061812590 0.059882086 0.054985463 0.056293786 0.036145289 0.036295539 0.036561872 0.035918091 0.035131624 0.036024659 0.000000000 0.023533164 0.025188231 0.021890320 0.022730875 0.021360042 0.019244610 0.026305981 0.058926550 0.064311332 0.067722379 0.058006401 0.064882475 0.065303439 0.061042959 0.062229841 0.060090710 0.059145429 0.065448512 0.065950946 0.062472249 0.063303767 0.057263901 0.063121709 0.059418311 0.063912845 0.135571547 
27     0.067878204 0.071990955 0.076478541 0.064162169 0.064089261 0.058917440 0.057648194 0.057725281 0.058898218 0.059010134 0.075839354 0.076580719 0.062171154 0.063187685 0.064875073 0.062944569 0.058047945 0.059356268 0.039190482 0.039340732 0.039607065 0.038963284 0.038187695 0.039080730 0.023533164 0.000000000 0.016973176 0.015262034 0.019101220 0.017680341 0.020662691 0.029208267 0.062048787 0.067399488 0.070725297 0.061064181 0.067934730 0.068355694 0.064095215 0.065282096 0.063143614 0.062180237 0.068487441 0.068989874 0.065513293 0.066344811 0.060300378 0.066162533 0.062463752 0.066961954 0.138610974 
11     0.069772719 0.073885469 0.078373056 0.066056684 0.065983776 0.060811955 0.059542709 0.059619796 0.060792732 0.060904649 0.077721038 0.078462403 0.064052838 0.065069368 0.066756756 0.064832421 0.059929629 0.061237951 0.041040922 0.041191172 0.041457505 0.040813724 0.040038135 0.040931170 0.025188231 0.016973176 0.000000000 0.017163923 0.021039954 0.019330408 0.022395194 0.031019755 0.063971343 0.069390394 0.072793768 0.062992792 0.069857286 0.070278250 0.066017770 0.067204652 0.065066170 0.064117045 0.070420128 0.070922561 0.067443865 0.068275383 0.062231283 0.068093438 0.064389816 0.068890565 0.140515020 
12     0.066283654 0.070396404 0.074883990 0.062567619 0.062494711 0.057322889 0.056053644 0.056130731 0.057303667 0.057415584 0.074241133 0.074982498 0.060570899 0.061587581 0.063275147 0.061350862 0.056448047 0.057757150 0.037616654 0.037766904 0.038035743 0.037389456 0.036616373 0.037509408 0.021890320 0.015262034 0.017163923 0.000000000 0.017450909 0.016118807 0.018877754 0.027582559 0.060479778 0.065898829 0.069299128 0.059501228 0.066322743 0.066743707 0.062491524 0.063678405 0.061547466 0.060597398 0.066900481 0.067402915 0.063924218 0.064755736 0.058711636 0.064573791 0.060852044 0.065399000 0.137035680 
14     0.067164001 0.071276751 0.075764337 0.063447966 0.063375057 0.058203236 0.056933991 0.057011078 0.058184014 0.058295931 0.075084170 0.075825535 0.061415969 0.062432500 0.064119888 0.062195553 0.057292760 0.058601083 0.038430709 0.038580960 0.038847293 0.038203511 0.037417044 0.038310079 0.022730875 0.019101220 0.021039954 0.017450909 0.000000000 0.014066575 0.020063314 0.028468655 0.061312708 0.066731759 0.070135133 0.060326101 0.067198645 0.067619609 0.063359129 0.064546011 0.062407529 0.061431063 0.067734146 0.068236579 0.064683035 0.065520080 0.059572525 0.065434778 0.061703818 0.066231924 0.137906302 
30     0.065849070 0.069961820 0.074449407 0.062133035 0.062060127 0.056888306 0.055619060 0.055696147 0.056869083 0.056981000 0.073795932 0.074537297 0.060127731 0.061144262 0.062831650 0.060907314 0.056004522 0.057312845 0.037100762 0.037251012 0.037517345 0.036873564 0.036087097 0.036980132 0.021360042 0.017680341 0.019330408 0.016118807 0.014066575 0.000000000 0.018790512 0.027075898 0.060042740 0.065461791 0.068865165 0.059022938 0.065921851 0.066342815 0.062082335 0.063269217 0.061130735 0.060181610 0.066484693 0.066987126 0.063508430 0.064339947 0.058295848 0.064158003 0.060454381 0.064961963 0.136590698 
4     0.063838296 0.067949511 0.072437097 0.060133493 0.060060585 0.054888764 0.053618810 0.053695898 0.054868834 0.054980751 0.071795230 0.072536595 0.058127030 0.059143560 0.060830948 0.058900444 0.054003821 0.055312143 0.035221973 0.035372224 0.035638556 0.034994775 0.034219186 0.035112221 0.019244610 0.020662691 0.022395194 0.018877754 0.020063314 0.018790512 0.000000000 0.025296671 0.058006392 0.063423183 0.066826557 0.057027974 0.063887538 0.064308502 0.060048023 0.061234904 0.059096422 0.058142263 0.064445346 0.064947780 0.061469083 0.062300601 0.056249946 0.062118429 0.058415190 0.062925746 0.134495799 
2     0.064044606 0.068157798 0.072645384 0.060330048 0.060257140 0.055085319 0.053816073 0.053893160 0.055066096 0.055178013 0.071998227 0.072739592 0.058330027 0.059346557 0.061033945 0.059103441 0.054206818 0.055515141 0.035250680 0.035400930 0.035667263 0.035023482 0.034236352 0.035129579 0.026305981 0.029208267 0.031019755 0.027582559 0.028468655 0.027075898 0.025296671 0.000000000 0.058263188 0.063679548 0.067082922 0.057309994 0.064142728 0.064563692 0.060299176 0.061486058 0.059351366 0.058410000 0.064713083 0.065215517 0.061736820 0.062568338 0.056528472 0.062386280 0.058682882 0.063177549 0.134797147 
50     0.062864403 0.067051615 0.071538966 0.059336371 0.059263462 0.054103728 0.052905909 0.052982996 0.054155018 0.054266935 0.073902323 0.074643688 0.060242883 0.061259414 0.062946802 0.061037435 0.056148244 0.057442001 0.056284926 0.056436111 0.056702833 0.056037952 0.055255991 0.056147761 0.058926550 0.062048787 0.063971343 0.060479778 0.061312708 0.060042740 0.058006392 0.058263188 0.000000000 0.031920044 0.035498196 0.038749469 0.047098823 0.047529367 0.043189577 0.044364715 0.042289219 0.041240429 0.047555639 0.048058073 0.044585376 0.045416414 0.039179323 0.045228071 0.041570230 0.045962674 0.133566451 
37     0.068253480 0.072440115 0.076927466 0.064726185 0.064653276 0.059493541 0.058291442 0.058368529 0.059540551 0.059652468 0.079284602 0.080025967 0.065625162 0.066641693 0.068329081 0.066419714 0.061530523 0.062824280 0.061697555 0.061848739 0.062115462 0.061450580 0.060668619 0.061560390 0.064311332 0.067399488 0.069390394 0.065898829 0.066731759 0.065461791 0.063423183 0.063679548 0.031920044 0.000000000 0.030953936 0.044059090 0.052350230 0.052780774 0.048443679 0.049618449 0.047661854 0.046501507 0.052797685 0.053300119 0.049839913 0.050670952 0.044576690 0.050524936 0.046861809 0.051306222 0.138946470 
48     0.071656854 0.075843489 0.080330840 0.068129559 0.068056650 0.062896916 0.061694816 0.061771903 0.062943925 0.063055842 0.082687976 0.083429341 0.069028536 0.070045067 0.071732455 0.069823088 0.064933897 0.066227654 0.065100929 0.065252113 0.065518836 0.064853954 0.064071993 0.064963764 0.067722379 0.070725297 0.072793768 0.069299128 0.070135133 0.068865165 0.066826557 0.067082922 0.035498196 0.030953936 0.000000000 0.047475761 0.055789099 0.056219643 0.051873362 0.053047972 0.051075320 0.049979767 0.056287818 0.056790252 0.053317799 0.054148837 0.048057303 0.053992282 0.050344034 0.054712766 0.142349844 
34     0.062013768 0.066206935 0.070694285 0.058471590 0.058398682 0.053238947 0.052023945 0.052101032 0.053273054 0.053384971 0.072972944 0.073714309 0.059311696 0.060328227 0.062015615 0.060106248 0.055217057 0.056513053 0.055341234 0.055492418 0.055759141 0.055094259 0.054312298 0.055204069 0.058006401 0.061064181 0.062992792 0.059501228 0.060326101 0.059022938 0.057027974 0.057309994 0.038749469 0.044059090 0.047475761 0.000000000 0.046057786 0.046486363 0.042163167 0.043343406 0.041180364 0.040111232 0.046428032 0.046930465 0.043442761 0.044273730 0.038200803 0.044176264 0.040511127 0.045095410 0.132738036 
39     0.068660767 0.072910764 0.077398115 0.065176579 0.065103670 0.059943936 0.058678006 0.058755093 0.059927115 0.060039032 0.079808714 0.080550079 0.066149274 0.067165805 0.068853193 0.066944976 0.062058689 0.063351908 0.062146562 0.062297747 0.062564469 0.061899588 0.061117627 0.062009398 0.064882475 0.067934730 0.069857286 0.066322743 0.067198645 0.065921851 0.063887538 0.064142728 0.047098823 0.052350230 0.055789099 0.046057786 0.000000000 0.009640486 0.028197498 0.029463713 0.040717952 0.041408049 0.047826377 0.048328516 0.044837584 0.045661763 0.039505490 0.045476632 0.041694118 0.051840606 0.139418049 
42     0.069081731 0.073331728 0.077819079 0.065597542 0.065524634 0.060364899 0.059098970 0.059176057 0.060348079 0.060459996 0.080229678 0.080971043 0.066570238 0.067586769 0.069274157 0.067365940 0.062479653 0.063772872 0.062567526 0.062718711 0.062985433 0.062320552 0.061538591 0.062430361 0.065303439 0.068355694 0.070278250 0.066743707 0.067619609 0.066342815 0.064308502 0.064563692 0.047529367 0.052780774 0.056219643 0.046486363 0.009640486 0.000000000 0.028552002 0.029848854 0.041165393 0.041836626 0.048254954 0.048757093 0.045266161 0.046090341 0.039934067 0.045905209 0.042122695 0.052248537 0.139839013 
40     0.064824988 0.069063493 0.073550844 0.061329220 0.061256312 0.056096577 0.054824775 0.054901862 0.056073884 0.056185801 0.075979070 0.076720435 0.062319630 0.063336161 0.065023549 0.063115332 0.058229045 0.059522264 0.058307047 0.058458231 0.058724954 0.058060072 0.057278111 0.058169882 0.061042959 0.064095215 0.066017770 0.062491524 0.063359129 0.062082335 0.060048023 0.060299176 0.043189577 0.048443679 0.051873362 0.042163167 0.028197498 0.028552002 0.000000000 0.017184460 0.037119505 0.037467790 0.043859805 0.044361944 0.040876453 0.041700633 0.035525676 0.041477748 0.037757575 0.047889353 0.135574348 
35     0.066011870 0.070250374 0.074737725 0.062516101 0.062443193 0.057283458 0.056011657 0.056088744 0.057260766 0.057372683 0.077165952 0.077907317 0.063506511 0.064523042 0.066210430 0.064302213 0.059415926 0.060709145 0.059493928 0.059645113 0.059911835 0.059246953 0.058464993 0.059356763 0.062229841 0.065282096 0.067204652 0.063678405 0.064546011 0.063269217 0.061234904 0.061486058 0.044364715 0.049618449 0.053047972 0.043343406 0.029463713 0.029848854 0.017184460 0.000000000 0.038265325 0.038630320 0.045048686 0.045550825 0.042040765 0.042864945 0.036724209 0.042668073 0.038933507 0.049065124 0.136761229 
43     0.063909130 0.068109633 0.072596984 0.060393022 0.060320114 0.055160379 0.053944004 0.054021091 0.055193113 0.055305030 0.075008709 0.075750074 0.061349269 0.062365799 0.064053187 0.062150777 0.057258684 0.058551902 0.057354797 0.057505982 0.057772704 0.057107823 0.056325862 0.057217633 0.060090710 0.063143614 0.065066170 0.061547466 0.062407529 0.061130735 0.059096422 0.059351366 0.042289219 0.047661854 0.051075320 0.041180364 0.040717952 0.041165393 0.037119505 0.038265325 0.000000000 0.036548978 0.042815884 0.043317999 0.039934241 0.040788261 0.034915100 0.040539010 0.036632212 0.047093087 0.134616770 
41     0.062991780 0.067184776 0.071672126 0.059466763 0.059393855 0.054234120 0.053020765 0.053097852 0.054269874 0.054381791 0.074094414 0.074835779 0.060434973 0.061451504 0.063138892 0.061225477 0.056340334 0.057633552 0.056398898 0.056550083 0.056816805 0.056151924 0.055363221 0.056261733 0.059145429 0.062180237 0.064117045 0.060597398 0.061431063 0.060181610 0.058142263 0.058410000 0.041240429 0.046501507 0.049979767 0.040111232 0.041408049 0.041836626 0.037467790 0.038630320 0.036548978 0.000000000 0.025314497 0.025828637 0.025721867 0.026613877 0.030639910 0.036447876 0.032661627 0.045989384 0.133682595 
47     0.069266728 0.073459724 0.077947075 0.065741711 0.065668803 0.060509068 0.059310596 0.059387683 0.060559705 0.060671622 0.080384164 0.081125529 0.066724724 0.067741255 0.069428643 0.067514591 0.062630085 0.063923303 0.062712599 0.062863784 0.063130506 0.062465625 0.061683664 0.062575435 0.065448512 0.068487441 0.070420128 0.066900481 0.067734146 0.066484693 0.064445346 0.064713083 0.047555639 0.052797685 0.056287818 0.046428032 0.047826377 0.048254954 0.043859805 0.045048686 0.042815884 0.025314497 0.000000000 0.007822004 0.031861583 0.032785712 0.037008190 0.042829259 0.038760087 0.052273439 0.139967996 
44     0.069769162 0.073962157 0.078449508 0.066244145 0.066171236 0.061011502 0.059813030 0.059890117 0.061062139 0.061174056 0.080886598 0.081627963 0.067227158 0.068243689 0.069931077 0.068017025 0.063132519 0.064425737 0.063215033 0.063366218 0.063632940 0.062968058 0.062186098 0.063077868 0.065950946 0.068989874 0.070922561 0.067402915 0.068236579 0.066987126 0.064947780 0.065215517 0.048058073 0.053300119 0.056790252 0.046930465 0.048328516 0.048757093 0.044361944 0.045550825 0.043317999 0.025828637 0.007822004 0.000000000 0.032362113 0.033286243 0.037509948 0.043331762 0.039262302 0.052775872 0.140470429 
49     0.066308712 0.070501708 0.074989059 0.062783695 0.062710787 0.057551052 0.056337697 0.056414784 0.057586806 0.057698723 0.077412336 0.078153701 0.063752896 0.064769426 0.066456814 0.064542763 0.059658256 0.060951475 0.059736336 0.059887521 0.060154243 0.059489362 0.058707401 0.059599172 0.062472249 0.065513293 0.067443865 0.063924218 0.064683035 0.063508430 0.061469083 0.061736820 0.044585376 0.049839913 0.053317799 0.043442761 0.044837584 0.045266161 0.040876453 0.042040765 0.039934241 0.025721867 0.031861583 0.032362113 0.000000000 0.010050888 0.033961760 0.039780733 0.035908908 0.049333588 0.136997234 
38     0.067140230 0.071333226 0.075820577 0.063615213 0.063542305 0.058382570 0.057169215 0.057246302 0.058418324 0.058530241 0.078243853 0.078985218 0.064584413 0.065600944 0.067288332 0.065374280 0.060489774 0.061782992 0.060567854 0.060719039 0.060985761 0.060320879 0.059538919 0.060430689 0.063303767 0.066344811 0.068275383 0.064755736 0.065520080 0.064339947 0.062300601 0.062568338 0.045416414 0.050670952 0.054148837 0.044273730 0.045661763 0.046090341 0.041700633 0.042864945 0.040788261 0.026613877 0.032785712 0.033286243 0.010050888 0.000000000 0.034786147 0.040611156 0.036768229 0.050164585 0.137828751 
33     0.061092312 0.065298695 0.069786046 0.057578649 0.057505740 0.052346006 0.051133066 0.051210153 0.052382176 0.052494093 0.072200737 0.072942102 0.058541297 0.059557828 0.061245216 0.059319796 0.054446658 0.055739876 0.054527988 0.054679173 0.054945895 0.054281013 0.053499053 0.054390823 0.057263901 0.060300378 0.062231283 0.058711636 0.059572525 0.058295848 0.056249946 0.056528472 0.039179323 0.044576690 0.048057303 0.038200803 0.039505490 0.039934067 0.035525676 0.036724209 0.034915100 0.030639910 0.037008190 0.037509948 0.033961760 0.034786147 0.000000000 0.030132591 0.028089310 0.044155048 0.131796870 
46     0.066903226 0.071096798 0.075584149 0.063376752 0.063303843 0.058144109 0.056931169 0.057008256 0.058180279 0.058292195 0.077995896 0.078737261 0.064257237 0.065273768 0.066961156 0.065046475 0.060162597 0.061345527 0.060385796 0.060536981 0.060803703 0.060138821 0.059356861 0.060248631 0.063121709 0.066162533 0.068093438 0.064573791 0.065434778 0.064158003 0.062118429 0.062386280 0.045228071 0.050524936 0.053992282 0.044176264 0.045476632 0.045905209 0.041477748 0.042668073 0.040539010 0.036447876 0.042829259 0.043331762 0.039780733 0.040611156 0.030132591 0.000000000 0.034284392 0.049963262 0.137603324 
45     0.063236418 0.067429990 0.071917341 0.059710464 0.059637556 0.054477821 0.053271340 0.053348427 0.054524348 0.054632366 0.074360617 0.075101982 0.060701177 0.061717707 0.063405095 0.061498631 0.056606537 0.057899756 0.056682398 0.056833583 0.057100305 0.056435423 0.055653463 0.056545233 0.059418311 0.062463752 0.064389816 0.060852044 0.061703818 0.060454381 0.058415190 0.058682882 0.041570230 0.046861809 0.050344034 0.040511127 0.041694118 0.042122695 0.037757575 0.038933507 0.036632212 0.032661627 0.038760087 0.039262302 0.035908908 0.036768229 0.028089310 0.034284392 0.000000000 0.046228855 0.133946120 
36     0.067758203 0.071955364 0.076442715 0.064256144 0.064183236 0.059023501 0.057851538 0.057928625 0.059100647 0.059212564 0.078840754 0.079582119 0.065181314 0.066197844 0.067885232 0.065981193 0.061086674 0.062358829 0.061196733 0.061347918 0.061614640 0.060949759 0.060167798 0.061059569 0.063912845 0.066961954 0.068890565 0.065399000 0.066231924 0.064961963 0.062925746 0.063177549 0.045962674 0.051306222 0.054712766 0.045095410 0.051840606 0.052248537 0.047889353 0.049065124 0.047093087 0.045989384 0.052273439 0.052775872 0.049333588 0.050164585 0.044155048 0.049963262 0.046228855 0.000000000 0.138351527 
0     0.139354884 0.143488408 0.147975933 0.135553805 0.135480897 0.130319125 0.129104484 0.129181571 0.130355377 0.130467294 0.150579468 0.151320833 0.136921695 0.137938226 0.139625614 0.137726193 0.132826682 0.134129001 0.132794819 0.132946004 0.133212726 0.132547845 0.131765884 0.132657654 0.135571547 0.138610974 0.140515020 0.137035680 0.137906302 0.136590698 0.134495799 0.134797147 0.133566451 0.138946470 0.142349844 0.132738036 0.139418049 0.139839013 0.135574348 0.136761229 0.134616770 0.133682595 0.139967996 0.140470429 0.136997234 0.137828751 0.131796870 0.137603324 0.133946120 0.138351527 0.000000000 
