51
26     0.000000000 0.015158639 0.015110730 0.014793235 0.021177322 0.020125260 0.014537498 0.020979470 0.015850712 0.031595184 0.038702006 0.039246015 0.037142519 0.037327162 0.038851102 0.042954771 0.043414946 0.045250532 0.039135350 0.037628037 0.037850223 0.034564234 0.034546763 0.031415962 0.031275637 0.077145920 0.051759560 0.063938794 0.063250220 0.038947057 0.039316513 0.039170770 0.040847693 0.057994867 0.064802802 0.052583614 0.051357974 0.049988350 0.046385443 0.045963072 0.047485565 0.046562882 0.038984531 0.039643300 0.039224905 0.040050455 0.050425650 0.039976313 0.039438020 0.038969260 0.139036906 
2     0.015158639 0.000000000 0.006216335 0.014751188 0.021671657 0.020519048 0.017584010 0.024378901 0.019218881 0.034969179 0.042112616 0.042672040 0.040553129 0.040737772 0.042261712 0.046365381 0.046825475 0.048661143 0.042545960 0.041038647 0.041260833 0.037974844 0.037957373 0.034826572 0.034686278 0.080531952 0.055128131 0.067324825 0.066636252 0.042333088 0.042702544 0.042556801 0.044233725 0.061380637 0.068188573 0.055968332 0.054744770 0.053368197 0.049765289 0.049342919 0.050865412 0.049942729 0.042354564 0.043008936 0.042590542 0.043416091 0.053818322 0.043368985 0.042826706 0.042357946 0.142431095 
31     0.015110730 0.006216335 0.000000000 0.014703292 0.021603894 0.020481962 0.017477420 0.024348613 0.019191557 0.034900993 0.042092598 0.042652168 0.040533111 0.040717753 0.042241694 0.046345362 0.046805456 0.048641124 0.042525942 0.041018629 0.041240815 0.037954825 0.037937354 0.034806554 0.034666260 0.080511933 0.055108112 0.067304807 0.066616233 0.042313070 0.042682526 0.042536783 0.044213706 0.061360263 0.068168199 0.055947958 0.054723793 0.053347823 0.049744916 0.049322545 0.050845038 0.049922355 0.042334190 0.042988551 0.042570157 0.043395707 0.053797948 0.043348611 0.042806332 0.042337572 0.142410721 
12     0.014793235 0.014751188 0.014703292 0.000000000 0.021215967 0.020222541 0.017421017 0.024026663 0.018874489 0.034626680 0.041761239 0.042320687 0.040201752 0.040386395 0.041910335 0.046014004 0.046474126 0.048310448 0.042195265 0.040687270 0.040909456 0.037504579 0.037483911 0.034355283 0.034213399 0.080171145 0.054759007 0.066964019 0.066275445 0.041961704 0.042333222 0.042185799 0.043864204 0.061029382 0.067837318 0.055615571 0.054396193 0.053027954 0.049425046 0.049002675 0.050525168 0.049602485 0.042015268 0.042682824 0.042264430 0.043089980 0.053365505 0.042916167 0.042377875 0.041909115 0.142015790 
27     0.021177322 0.021671657 0.021603894 0.021215967 0.000000000 0.025600163 0.023808145 0.030481536 0.025376272 0.041131871 0.048269095 0.048828519 0.046709608 0.046894251 0.048418038 0.052521706 0.052981315 0.054817615 0.048702438 0.047195120 0.047417306 0.044131489 0.044114019 0.040983218 0.040842924 0.086689135 0.061276979 0.073482009 0.072793435 0.048490272 0.048859728 0.048713985 0.050390908 0.067539493 0.074347429 0.062122416 0.060908878 0.059539878 0.055936970 0.055514600 0.057037092 0.056114410 0.048532750 0.049194757 0.048776363 0.049601913 0.059977178 0.049527840 0.048989548 0.048520788 0.148589951 
29     0.020125260 0.020519048 0.020481962 0.020222541 0.025600163 0.000000000 0.022660082 0.029577375 0.024311599 0.040046752 0.047020697 0.047580146 0.045461211 0.045645853 0.047169794 0.051273462 0.051733509 0.053569224 0.047426371 0.045946729 0.046168915 0.042882925 0.042865454 0.039734654 0.039594359 0.085410266 0.059999132 0.072109666 0.071347614 0.047206408 0.047575864 0.047430121 0.049107045 0.066317356 0.073125292 0.061044069 0.059824676 0.058455927 0.054853020 0.054430649 0.055953142 0.055030459 0.047448799 0.048110806 0.047692412 0.048517962 0.058762879 0.048313547 0.047775341 0.047306581 0.147473286 
22     0.014537498 0.017584010 0.017477420 0.017421017 0.023808145 0.022660082 0.000000000 0.023273904 0.018837402 0.034429758 0.041736209 0.042292542 0.040177658 0.040362301 0.041886519 0.045990187 0.046450534 0.048285703 0.042170520 0.040663207 0.040885393 0.037600908 0.037583437 0.034452636 0.034312342 0.080177722 0.054766288 0.066970596 0.066282022 0.041978859 0.042348315 0.042202572 0.043879495 0.061025784 0.067833720 0.055615223 0.054389330 0.053019959 0.049417051 0.048994680 0.050517173 0.049594490 0.042014920 0.042674849 0.042256455 0.043082005 0.053457259 0.043007921 0.042469629 0.042000869 0.142070334 
23     0.020979470 0.024378901 0.024348613 0.024026663 0.030481536 0.029577375 0.023273904 0.000000000 0.025364400 0.041099643 0.048324951 0.048881255 0.046765464 0.046950107 0.048474047 0.052577716 0.053037891 0.054873477 0.048758295 0.047250982 0.047473168 0.044187179 0.044169708 0.041038907 0.040898582 0.086743078 0.061358558 0.073535952 0.072847378 0.048544214 0.048913671 0.048767928 0.050444851 0.067104295 0.073912231 0.061698463 0.060472165 0.058955832 0.055352924 0.054930554 0.056591869 0.055669186 0.048097739 0.048757727 0.048339333 0.049164882 0.059564620 0.049115283 0.048576990 0.048108230 0.148484909 
28     0.015850712 0.019218881 0.019191557 0.018874489 0.025376272 0.024311599 0.018837402 0.025364400 0.000000000 0.034086075 0.041276452 0.041840507 0.039716966 0.039901608 0.041425549 0.045529217 0.045989487 0.047824979 0.041709796 0.040202484 0.040424669 0.037133684 0.037126007 0.033995206 0.033854912 0.079713872 0.054329379 0.066506746 0.065818172 0.041515228 0.041884381 0.041738942 0.043415865 0.060540005 0.067347941 0.055090655 0.053864889 0.052430972 0.048860449 0.048405694 0.049928187 0.049005504 0.041472432 0.042091831 0.041673436 0.042498986 0.052936012 0.042486607 0.041943970 0.041475210 0.141567317 
32     0.031595184 0.034969179 0.034900993 0.034626680 0.041131871 0.040046752 0.034429758 0.041099643 0.034086075 0.000000000 0.056660631 0.057239908 0.055101145 0.055285787 0.056809728 0.060913396 0.061373743 0.063209158 0.057093975 0.055586663 0.055808848 0.052527657 0.052510186 0.049379385 0.049238690 0.095088753 0.069704261 0.081881627 0.081193053 0.056889890 0.057259441 0.057113603 0.058790526 0.075930827 0.082738763 0.070538116 0.069313414 0.067937438 0.064334530 0.063912159 0.065434652 0.064511969 0.056932512 0.057592452 0.057174058 0.057999608 0.068369267 0.057921717 0.057366560 0.056900306 0.156981378 
1     0.038702006 0.042112616 0.042092598 0.041761239 0.048269095 0.047020697 0.041736209 0.048324951 0.041276452 0.056660631 0.000000000 0.009106297 0.010836601 0.011196159 0.023091731 0.027171880 0.027640632 0.028832598 0.023404329 0.021940588 0.022113864 0.032609576 0.032538307 0.029398550 0.029190705 0.092348728 0.066971546 0.079123584 0.078435011 0.054189107 0.054560668 0.054427851 0.056093877 0.073364529 0.080166941 0.068638783 0.067379659 0.065861750 0.062258842 0.061836471 0.063253095 0.062330412 0.054893841 0.055544399 0.055126005 0.055951555 0.066137045 0.055688427 0.055169427 0.054646422 0.154402514 
10     0.039246015 0.042672040 0.042652168 0.042320687 0.048828519 0.047580146 0.042292542 0.048881255 0.041840507 0.057239908 0.009106297 0.000000000 0.011114211 0.011391126 0.023608878 0.027665530 0.028161932 0.029449770 0.024037897 0.022347898 0.022525027 0.033304195 0.033233862 0.030094508 0.029886991 0.092947516 0.067570334 0.079722372 0.079033799 0.054787895 0.055159456 0.055026639 0.056692665 0.073958248 0.080760659 0.069232502 0.067973378 0.066455468 0.062852560 0.062430190 0.063857973 0.062935290 0.055487559 0.056138118 0.055719724 0.056545273 0.066730763 0.056282146 0.055763145 0.055240141 0.154996233 
30     0.037142519 0.040553129 0.040533111 0.040201752 0.046709608 0.045461211 0.040177658 0.046765464 0.039716966 0.055101145 0.010836601 0.011114211 0.000000000 0.004457435 0.021456857 0.025509991 0.025990831 0.027124104 0.021719989 0.020122502 0.020361667 0.031123874 0.031054915 0.027915560 0.027717345 0.090790094 0.065413131 0.077564951 0.076876377 0.052630474 0.053002035 0.052869217 0.054535243 0.071805502 0.078607560 0.067079756 0.065820632 0.064302722 0.060699815 0.060277444 0.061694068 0.060771385 0.053334814 0.053985372 0.053566978 0.054392528 0.064578018 0.054129400 0.053610400 0.053087395 0.152843487 
18     0.037327162 0.040737772 0.040717753 0.040386395 0.046894251 0.045645853 0.040362301 0.046950107 0.039901608 0.055285787 0.011196159 0.011391126 0.004457435 0.000000000 0.021525926 0.025452605 0.025933649 0.027254870 0.021784702 0.020339692 0.020514275 0.031303479 0.031234520 0.028095165 0.027896950 0.090974737 0.065597773 0.077749593 0.077061020 0.052815116 0.053186677 0.053053860 0.054719886 0.071990145 0.078792556 0.067264399 0.066005274 0.064487365 0.060884457 0.060462086 0.061878710 0.060956028 0.053519456 0.054170015 0.053751620 0.054577170 0.064762660 0.054314043 0.053795042 0.053272038 0.153028130 
20     0.038851102 0.042261712 0.042241694 0.041910335 0.048418038 0.047169794 0.041886519 0.048474047 0.041425549 0.056809728 0.023091731 0.023608878 0.021456857 0.021525926 0.000000000 0.014972552 0.015502870 0.026744993 0.020934240 0.019565706 0.019878886 0.032775749 0.032613172 0.029475951 0.029383345 0.092471860 0.067096194 0.079247588 0.078559014 0.054312240 0.054683801 0.054550983 0.056217009 0.073495013 0.080298171 0.068769268 0.067510143 0.065992234 0.062389326 0.061966955 0.063405178 0.062482496 0.055024325 0.055674883 0.055256489 0.056082039 0.066267529 0.055818912 0.055299911 0.054776907 0.154532998 
19     0.042954771 0.046365381 0.046345362 0.046014004 0.052521706 0.051273462 0.045990187 0.052577716 0.045529217 0.060913396 0.027171880 0.027665530 0.025509991 0.025452605 0.014972552 0.000000000 0.012641830 0.030943920 0.025110684 0.023792599 0.024113290 0.036944552 0.036745877 0.033608656 0.033510544 0.096574789 0.071199123 0.083350517 0.082661943 0.058415169 0.058786729 0.058653912 0.060319938 0.077595032 0.084398190 0.072866882 0.071607758 0.070089848 0.066486941 0.066064570 0.067502793 0.066580110 0.059121940 0.059772498 0.059354104 0.060179654 0.070354701 0.059906084 0.059354167 0.058854068 0.158628902 
9     0.043414946 0.046825475 0.046805456 0.046474126 0.052981315 0.051733509 0.046450534 0.053037891 0.045989487 0.061373743 0.027640632 0.028161932 0.025990831 0.025933649 0.015502870 0.012641830 0.000000000 0.031292196 0.025475552 0.024212015 0.024436689 0.037410119 0.037211512 0.034040536 0.033976793 0.097036332 0.071660666 0.083812060 0.083123486 0.058876712 0.059248273 0.059115455 0.060781481 0.078059359 0.084862517 0.073333893 0.072074769 0.070556859 0.066953951 0.066531581 0.067969804 0.067047121 0.059588950 0.060239509 0.059821115 0.060646665 0.070832155 0.060383537 0.059864537 0.059341532 0.159097604 
35     0.045250532 0.048661143 0.048641124 0.048310448 0.054817615 0.053569224 0.048285703 0.054873477 0.047824979 0.063209158 0.028832598 0.029449770 0.027124104 0.027254870 0.026744993 0.030943920 0.031292196 0.000000000 0.019366843 0.022833080 0.022964903 0.039237674 0.039050815 0.035879819 0.035827527 0.098870710 0.073494774 0.085645566 0.084956993 0.060711090 0.061082650 0.060949833 0.062615859 0.079896458 0.086699616 0.075168239 0.073909114 0.072391205 0.068788297 0.068365926 0.069810907 0.068888225 0.061423296 0.062073854 0.061655460 0.062481010 0.072666500 0.062217883 0.061698882 0.061175878 0.160822214 
8     0.039135350 0.042545960 0.042525942 0.042195265 0.048702438 0.047426371 0.042170520 0.048758295 0.041709796 0.057093975 0.023404329 0.024037897 0.021719989 0.021784702 0.020934240 0.025110684 0.025475552 0.019366843 0.000000000 0.016382827 0.016442262 0.033099000 0.032898515 0.029727539 0.029671599 0.092706957 0.067231395 0.079479860 0.078791286 0.054550254 0.054921815 0.054788998 0.056455024 0.073778564 0.080581721 0.069052818 0.067793693 0.066275784 0.062672876 0.062250505 0.063683660 0.062760977 0.055307875 0.055958434 0.055540039 0.056365589 0.066551079 0.056102462 0.055583461 0.055060457 0.154816549 
3     0.037628037 0.041038647 0.041018629 0.040687270 0.047195120 0.045946729 0.040663207 0.047250982 0.040202484 0.055586663 0.021940588 0.022347898 0.020122502 0.020339692 0.019565706 0.023792599 0.024212015 0.022833080 0.016382827 0.000000000 0.008872026 0.031500068 0.031394595 0.028258376 0.028061685 0.091282226 0.065906290 0.078087908 0.077399334 0.053122606 0.053494167 0.053361349 0.055027375 0.072183351 0.078944303 0.067557793 0.066298668 0.064780759 0.061177851 0.060755480 0.062189618 0.061266935 0.053812850 0.054463408 0.054045014 0.054870564 0.065065049 0.054616432 0.054097431 0.053574427 0.153318167 
21     0.037850223 0.041260833 0.041240815 0.040909456 0.047417306 0.046168915 0.040885393 0.047473168 0.040424669 0.055808848 0.022113864 0.022525027 0.020361667 0.020514275 0.019878886 0.024113290 0.024436689 0.022964903 0.016442262 0.008872026 0.000000000 0.031690064 0.031586411 0.028416437 0.028244199 0.091504069 0.066128133 0.078309751 0.077621177 0.053344449 0.053716010 0.053583192 0.055249218 0.072519855 0.079323013 0.067794109 0.066534985 0.065017075 0.061414167 0.060991797 0.062424951 0.061502269 0.054049166 0.054699725 0.054281331 0.055106881 0.065292370 0.054843753 0.054324753 0.053801748 0.153557840 
16     0.034564234 0.037974844 0.037954825 0.037504579 0.044131489 0.042882925 0.037600908 0.044187179 0.037133684 0.052527657 0.032609576 0.033304195 0.031123874 0.031303479 0.032775749 0.036944552 0.037410119 0.039237674 0.033099000 0.031500068 0.031690064 0.000000000 0.020236138 0.017113320 0.016833892 0.088115471 0.062741294 0.074893891 0.074208171 0.049945670 0.050317231 0.050190945 0.051856971 0.068970734 0.075774697 0.064526990 0.063267866 0.061757450 0.058154542 0.057732172 0.059189510 0.058266827 0.050786005 0.051436563 0.051018169 0.051843719 0.061897119 0.051450671 0.050808363 0.050222698 0.150030562 
14     0.034546763 0.037957373 0.037937354 0.037483911 0.044114019 0.042865454 0.037583437 0.044169708 0.037126007 0.052510186 0.032538307 0.033233862 0.031054915 0.031234520 0.032613172 0.036745877 0.037211512 0.039050815 0.032898515 0.031394595 0.031586411 0.020236138 0.000000000 0.010077949 0.015947301 0.088312356 0.062938349 0.075095208 0.074406634 0.050138432 0.050509992 0.050387410 0.052045077 0.069158882 0.075962845 0.064380266 0.063121141 0.061730325 0.058127418 0.057705047 0.059162385 0.058239703 0.050770510 0.051421068 0.051002674 0.051828224 0.061681298 0.051273325 0.050683446 0.050148985 0.150041945 
15     0.031415962 0.034826572 0.034806554 0.034355283 0.040983218 0.039734654 0.034452636 0.041038907 0.033995206 0.049379385 0.029398550 0.030094508 0.027915560 0.028095165 0.029475951 0.033608656 0.034040536 0.035879819 0.029727539 0.028258376 0.028416437 0.017113320 0.010077949 0.000000000 0.012819298 0.085181555 0.059807548 0.071964407 0.071275833 0.046999682 0.047371242 0.047256609 0.048914641 0.066028081 0.072832044 0.061249360 0.059990236 0.058599524 0.054996617 0.054574246 0.056031585 0.055108902 0.047639709 0.048290268 0.047871874 0.048697423 0.058550185 0.048142524 0.047552645 0.047018185 0.146911145 
34     0.031275637 0.034686278 0.034666260 0.034213399 0.040842924 0.039594359 0.034312342 0.040898582 0.033854912 0.049238690 0.029190705 0.029886991 0.027717345 0.027896950 0.029383345 0.033510544 0.033976793 0.035827527 0.029671599 0.028061685 0.028244199 0.016833892 0.015947301 0.012819298 0.000000000 0.085068690 0.059694991 0.071851566 0.071162993 0.046906749 0.047278309 0.047144052 0.048810078 0.065885375 0.072689338 0.061236486 0.059977362 0.058454995 0.054852088 0.054429717 0.055887055 0.054964373 0.047495501 0.048146059 0.047727665 0.048553215 0.058642544 0.048196096 0.047535467 0.047001007 0.146833407 
25     0.077145920 0.080531952 0.080511933 0.080171145 0.086689135 0.085410266 0.080177722 0.086743078 0.079713872 0.095088753 0.092348728 0.092947516 0.090790094 0.090974737 0.092471860 0.096574789 0.097036332 0.098870710 0.092706957 0.091282226 0.091504069 0.088115471 0.088312356 0.085181555 0.085068690 0.000000000 0.074310766 0.086418174 0.085704829 0.067660310 0.068044853 0.067880702 0.069652413 0.110586964 0.117387625 0.105698666 0.104441200 0.102933420 0.099330512 0.098908142 0.100461649 0.099538966 0.091967245 0.092619882 0.092201488 0.093027038 0.103211861 0.092754637 0.092245607 0.091750792 0.191521255 
33     0.051759560 0.055128131 0.055108112 0.054759007 0.061276979 0.059999132 0.054766288 0.061358558 0.054329379 0.069704261 0.066971546 0.067570334 0.065413131 0.065597773 0.067096194 0.071199123 0.071660666 0.073494774 0.067231395 0.065906290 0.066128133 0.062741294 0.062938349 0.059807548 0.059694991 0.074310766 0.000000000 0.054222250 0.053493093 0.042254272 0.042630484 0.042465319 0.044229461 0.085214089 0.092014325 0.080322833 0.079065367 0.077490964 0.073888056 0.073465685 0.075085816 0.074163133 0.066590353 0.067244115 0.066825721 0.067651271 0.077815685 0.067358461 0.066794611 0.066299796 0.166148086 
11     0.063938794 0.067324825 0.067304807 0.066964019 0.073482009 0.072109666 0.066970596 0.073535952 0.066506746 0.081881627 0.079123584 0.079722372 0.077564951 0.077749593 0.079247588 0.083350517 0.083812060 0.085645566 0.079479860 0.078087908 0.078309751 0.074893891 0.075095208 0.071964407 0.071851566 0.086418174 0.054222250 0.000000000 0.013804201 0.054898200 0.055282668 0.055115054 0.056751804 0.097275818 0.104076053 0.092415753 0.091158287 0.089615401 0.086012493 0.085590123 0.087178736 0.086256053 0.078683272 0.079337005 0.078918611 0.079744160 0.089912672 0.079455448 0.078915305 0.078420490 0.178236277 
4     0.063250220 0.066636252 0.066616233 0.066275445 0.072793435 0.071347614 0.066282022 0.072847378 0.065818172 0.081193053 0.078435011 0.079033799 0.076876377 0.077061020 0.078559014 0.082661943 0.083123486 0.084956993 0.078791286 0.077399334 0.077621177 0.074208171 0.074406634 0.071275833 0.071162993 0.085704829 0.053493093 0.013804201 0.000000000 0.054191139 0.054575607 0.054407993 0.056044743 0.096587244 0.103387480 0.091727179 0.090469713 0.088926827 0.085323920 0.084901549 0.086490162 0.085567479 0.077994699 0.078648431 0.078230037 0.079055587 0.089224099 0.078766874 0.078226732 0.077731916 0.177547704 
24     0.038947057 0.042333088 0.042313070 0.041961704 0.048490272 0.047206408 0.041978859 0.048544214 0.041515228 0.056889890 0.054189107 0.054787895 0.052630474 0.052815116 0.054312240 0.058415169 0.058876712 0.060711090 0.054550254 0.053122606 0.053344449 0.049945670 0.050138432 0.046999682 0.046906749 0.067660310 0.042254272 0.054898200 0.054191139 0.000000000 0.006230003 0.008358895 0.011187336 0.072407771 0.079204978 0.067542044 0.066284578 0.064782734 0.061179826 0.060757455 0.062310962 0.061388280 0.053806804 0.054468740 0.054050346 0.054875896 0.065031585 0.054574360 0.054060794 0.053565978 0.153323118 
13     0.039316513 0.042702544 0.042682526 0.042333222 0.048859728 0.047575864 0.042348315 0.048913671 0.041884381 0.057259441 0.054560668 0.055159456 0.053002035 0.053186677 0.054683801 0.058786729 0.059248273 0.061082650 0.054921815 0.053494167 0.053716010 0.050317231 0.050509992 0.047371242 0.047278309 0.068044853 0.042630484 0.055282668 0.054575607 0.006230003 0.000000000 0.008893421 0.011434193 0.072779332 0.079576539 0.067913605 0.066656139 0.065154294 0.061551387 0.061129016 0.062682523 0.061759840 0.054178365 0.054840301 0.054421907 0.055247457 0.065403145 0.054945921 0.054432354 0.053937539 0.153694678 
5     0.039170770 0.042556801 0.042536783 0.042185799 0.048713985 0.047430121 0.042202572 0.048767928 0.041738942 0.057113603 0.054427851 0.055026639 0.052869217 0.053053860 0.054550983 0.058653912 0.059115455 0.060949833 0.054788998 0.053361349 0.053583192 0.050190945 0.050387410 0.047256609 0.047144052 0.067880702 0.042465319 0.055115054 0.054407993 0.008358895 0.008893421 0.000000000 0.011257839 0.072633926 0.079430762 0.067758517 0.066501151 0.065002136 0.061399229 0.060976858 0.062530365 0.061607682 0.054026454 0.054688382 0.054269988 0.055095538 0.065253666 0.054796441 0.054282875 0.053788059 0.153564975 
6     0.040847693 0.044233725 0.044213706 0.043864204 0.050390908 0.049107045 0.043879495 0.050444851 0.043415865 0.058790526 0.056093877 0.056692665 0.054535243 0.054719886 0.056217009 0.060319938 0.060781481 0.062615859 0.056455024 0.055027375 0.055249218 0.051856971 0.052045077 0.048914641 0.048810078 0.069652413 0.044229461 0.056751804 0.056044743 0.011187336 0.011434193 0.011257839 0.000000000 0.074311123 0.081110160 0.069444065 0.068186599 0.066684755 0.063081847 0.062659477 0.064212984 0.063290301 0.055708825 0.056370763 0.055952369 0.056777918 0.066934936 0.056477712 0.055964145 0.055469330 0.155243029 
17     0.057994867 0.061380637 0.061360263 0.061029382 0.067539493 0.066317356 0.061025784 0.067104295 0.060540005 0.075930827 0.073364529 0.073958248 0.071805502 0.071990145 0.073495013 0.077595032 0.078059359 0.079896458 0.073778564 0.072183351 0.072519855 0.068970734 0.069158882 0.066028081 0.065885375 0.110586964 0.085214089 0.097275818 0.096587244 0.072407771 0.072779332 0.072633926 0.074311123 0.000000000 0.026144834 0.079004944 0.077610630 0.076205587 0.072602680 0.072180309 0.073612101 0.072689418 0.065117086 0.065767186 0.065348792 0.066174342 0.076459337 0.065997444 0.065080243 0.064584761 0.165694634 
7     0.064802802 0.068188573 0.068168199 0.067837318 0.074347429 0.073125292 0.067833720 0.073912231 0.067347941 0.082738763 0.080166941 0.080760659 0.078607560 0.078792556 0.080298171 0.084398190 0.084862517 0.086699616 0.080581721 0.078944303 0.079323013 0.075774697 0.075962845 0.072832044 0.072689338 0.117387625 0.092014325 0.104076053 0.103387480 0.079204978 0.079576539 0.079430762 0.081110160 0.026144834 0.000000000 0.085813854 0.084419540 0.083014497 0.079411590 0.078989219 0.080421011 0.079498328 0.071925996 0.072576096 0.072157702 0.072983252 0.083268704 0.072806811 0.071889416 0.071395585 0.172503807 
40     0.052583614 0.055968332 0.055947958 0.055615571 0.062122416 0.061044069 0.055615223 0.061698463 0.055090655 0.070538116 0.068638783 0.069232502 0.067079756 0.067264399 0.068769268 0.072866882 0.073333893 0.075168239 0.069052818 0.067557793 0.067794109 0.064526990 0.064380266 0.061249360 0.061236486 0.105698666 0.080322833 0.092415753 0.091727179 0.067542044 0.067913605 0.067758517 0.069444065 0.079004944 0.085813854 0.000000000 0.019381307 0.057887373 0.054289167 0.053862095 0.055313964 0.054391281 0.046824487 0.047368931 0.047009502 0.047776079 0.067509964 0.057052415 0.056362277 0.055884924 0.158531676 
42     0.051357974 0.054744770 0.054723793 0.054396193 0.060908878 0.059824676 0.054389330 0.060472165 0.053864889 0.069313414 0.067379659 0.067973378 0.065820632 0.066005274 0.067510143 0.071607758 0.072074769 0.073909114 0.067793693 0.066298668 0.066534985 0.063267866 0.063121141 0.059990236 0.059977362 0.104441200 0.079065367 0.091158287 0.090469713 0.066284578 0.066656139 0.066501151 0.068186599 0.077610630 0.084419540 0.019381307 0.000000000 0.056471539 0.052873333 0.052446261 0.053898130 0.052975447 0.045408606 0.045953050 0.045593621 0.046360198 0.066122834 0.055670169 0.054950703 0.054473350 0.157168797 
41     0.049988350 0.053368197 0.053347823 0.053027954 0.059539878 0.058455927 0.053019959 0.058955832 0.052430972 0.067937438 0.065861750 0.066455468 0.064302722 0.064487365 0.065992234 0.070089848 0.070556859 0.072391205 0.066275784 0.064780759 0.065017075 0.061757450 0.061730325 0.058599524 0.058454995 0.102933420 0.077490964 0.089615401 0.088926827 0.064782734 0.065154294 0.065002136 0.066684755 0.076205587 0.083014497 0.057887373 0.056471539 0.000000000 0.013563375 0.013180135 0.027337865 0.026925342 0.036991754 0.037529156 0.037096741 0.037935061 0.064719706 0.054267041 0.053568771 0.053091418 0.155735923 
48     0.046385443 0.049765289 0.049744916 0.049425046 0.055936970 0.054853020 0.049417051 0.055352924 0.048860449 0.064334530 0.062258842 0.062852560 0.060699815 0.060884457 0.062389326 0.066486941 0.066953951 0.068788297 0.062672876 0.061177851 0.061414167 0.058154542 0.058127418 0.054996617 0.054852088 0.099330512 0.073888056 0.086012493 0.085323920 0.061179826 0.061551387 0.061399229 0.063081847 0.072602680 0.079411590 0.054289167 0.052873333 0.013563375 0.000000000 0.007682974 0.024155421 0.023589543 0.033427027 0.033977252 0.033544837 0.034383158 0.061033336 0.050607176 0.049956803 0.049479450 0.152133016 
37     0.045963072 0.049342919 0.049322545 0.049002675 0.055514600 0.054430649 0.048994680 0.054930554 0.048405694 0.063912159 0.061836471 0.062430190 0.060277444 0.060462086 0.061966955 0.066064570 0.066531581 0.068365926 0.062250505 0.060755480 0.060991797 0.057732172 0.057705047 0.054574246 0.054429717 0.098908142 0.073465685 0.085590123 0.084901549 0.060757455 0.061129016 0.060976858 0.062659477 0.072180309 0.078989219 0.053862095 0.052446261 0.013180135 0.007682974 0.000000000 0.023590780 0.023093676 0.032977463 0.033515896 0.033083481 0.033921802 0.060694428 0.050241763 0.049543493 0.049066140 0.151710645 
43     0.047485565 0.050865412 0.050845038 0.050525168 0.057037092 0.055953142 0.050517173 0.056591869 0.049928187 0.065434652 0.063253095 0.063857973 0.061694068 0.061878710 0.063405178 0.067502793 0.067969804 0.069810907 0.063683660 0.062189618 0.062424951 0.059189510 0.059162385 0.056031585 0.055887055 0.100461649 0.075085816 0.087178736 0.086490162 0.062310962 0.062682523 0.062530365 0.064212984 0.073612101 0.080421011 0.055313964 0.053898130 0.027337865 0.024155421 0.023590780 0.000000000 0.010858360 0.034489201 0.035012750 0.034579789 0.035417987 0.062228965 0.051776300 0.051063204 0.050585851 0.153190624 
45     0.046562882 0.049942729 0.049922355 0.049602485 0.056114410 0.055030459 0.049594490 0.055669186 0.049005504 0.064511969 0.062330412 0.062935290 0.060771385 0.060956028 0.062482496 0.066580110 0.067047121 0.068888225 0.062760977 0.061266935 0.061502269 0.058266827 0.058239703 0.055108902 0.054964373 0.099538966 0.074163133 0.086256053 0.085567479 0.061388280 0.061759840 0.061607682 0.063290301 0.072689418 0.079498328 0.054391281 0.052975447 0.026925342 0.023589543 0.023093676 0.010858360 0.000000000 0.033577764 0.034101313 0.033668352 0.034506550 0.061306282 0.050853617 0.050140521 0.049663168 0.152267941 
50     0.038984531 0.042354564 0.042334190 0.042015268 0.048532750 0.047448799 0.042014920 0.048097739 0.041472432 0.056932512 0.054893841 0.055487559 0.053334814 0.053519456 0.055024325 0.059121940 0.059588950 0.061423296 0.055307875 0.053812850 0.054049166 0.050786005 0.050770510 0.047639709 0.047495501 0.091967245 0.066590353 0.078683272 0.077994699 0.053806804 0.054178365 0.054026454 0.055708825 0.065117086 0.071925996 0.046824487 0.045408606 0.036991754 0.033427027 0.032977463 0.034489201 0.033577764 0.000000000 0.016075402 0.015664607 0.016533664 0.053708048 0.043260544 0.042524979 0.042047626 0.144695227 
38     0.039643300 0.043008936 0.042988551 0.042682824 0.049194757 0.048110806 0.042674849 0.048757727 0.042091831 0.057592452 0.055544399 0.056138118 0.053985372 0.054170015 0.055674883 0.059772498 0.060239509 0.062073854 0.055958434 0.054463408 0.054699725 0.051436563 0.051421068 0.048290268 0.048146059 0.092619882 0.067244115 0.079337005 0.078648431 0.054468740 0.054840301 0.054688382 0.056370763 0.065767186 0.072576096 0.047368931 0.045953050 0.037529156 0.033977252 0.033515896 0.035012750 0.034101313 0.016075402 0.000000000 0.006621150 0.007314302 0.054314168 0.043856149 0.043122562 0.042645209 0.145326505 
49     0.039224905 0.042590542 0.042570157 0.042264430 0.048776363 0.047692412 0.042256455 0.048339333 0.041673436 0.057174058 0.055126005 0.055719724 0.053566978 0.053751620 0.055256489 0.059354104 0.059821115 0.061655460 0.055540039 0.054045014 0.054281331 0.051018169 0.051002674 0.047871874 0.047727665 0.092201488 0.066825721 0.078918611 0.078230037 0.054050346 0.054421907 0.054269988 0.055952369 0.065348792 0.072157702 0.047009502 0.045593621 0.037096741 0.033544837 0.033083481 0.034579789 0.033668352 0.015664607 0.006621150 0.000000000 0.006622834 0.053944693 0.043486674 0.042753087 0.042275734 0.144915960 
44     0.040050455 0.043416091 0.043395707 0.043089980 0.049601913 0.048517962 0.043082005 0.049164882 0.042498986 0.057999608 0.055951555 0.056545273 0.054392528 0.054577170 0.056082039 0.060179654 0.060646665 0.062481010 0.056365589 0.054870564 0.055106881 0.051843719 0.051828224 0.048697423 0.048553215 0.093027038 0.067651271 0.079744160 0.079055587 0.054875896 0.055247457 0.055095538 0.056777918 0.066174342 0.072983252 0.047776079 0.046360198 0.037935061 0.034383158 0.033921802 0.035417987 0.034506550 0.016533664 0.007314302 0.006622834 0.000000000 0.054721324 0.044263305 0.043529718 0.043052365 0.145733661 
39     0.050425650 0.053818322 0.053797948 0.053365505 0.059977178 0.058762879 0.053457259 0.059564620 0.052936012 0.068369267 0.066137045 0.066730763 0.064578018 0.064762660 0.066267529 0.070354701 0.070832155 0.072666500 0.066551079 0.065065049 0.065292370 0.061897119 0.061681298 0.058550185 0.058642544 0.103211861 0.077815685 0.089912672 0.089224099 0.065031585 0.065403145 0.065253666 0.066934936 0.076459337 0.083268704 0.067509964 0.066122834 0.064719706 0.061033336 0.060694428 0.062228965 0.061306282 0.053708048 0.054314168 0.053944693 0.054721324 0.000000000 0.026553346 0.047937728 0.047467301 0.155938181 
36     0.039976313 0.043368985 0.043348611 0.042916167 0.049527840 0.048313547 0.043007921 0.049115283 0.042486607 0.057921717 0.055688427 0.056282146 0.054129400 0.054314043 0.055818912 0.059906084 0.060383537 0.062217883 0.056102462 0.054616432 0.054843753 0.051450671 0.051273325 0.048142524 0.048196096 0.092754637 0.067358461 0.079455448 0.078766874 0.054574360 0.054945921 0.054796441 0.056477712 0.065997444 0.072806811 0.057052415 0.055670169 0.054267041 0.050607176 0.050241763 0.051776300 0.050853617 0.043260544 0.043856149 0.043486674 0.044263305 0.026553346 0.000000000 0.037484392 0.037013965 0.145487671 
47     0.039438020 0.042826706 0.042806332 0.042377875 0.048989548 0.047775341 0.042469629 0.048576990 0.041943970 0.057366560 0.055169427 0.055763145 0.053610400 0.053795042 0.055299911 0.059354167 0.059864537 0.061698882 0.055583461 0.054097431 0.054324753 0.050808363 0.050683446 0.047552645 0.047535467 0.092245607 0.066794611 0.078915305 0.078226732 0.054060794 0.054432354 0.054282875 0.055964145 0.065080243 0.071889416 0.056362277 0.054950703 0.053568771 0.049956803 0.049543493 0.051063204 0.050140521 0.042524979 0.043122562 0.042753087 0.043529718 0.047937728 0.037484392 0.000000000 0.007868180 0.144416938 
46     0.038969260 0.042357946 0.042337572 0.041909115 0.048520788 0.047306581 0.042000869 0.048108230 0.041475210 0.056900306 0.054646422 0.055240141 0.053087395 0.053272038 0.054776907 0.058854068 0.059341532 0.061175878 0.055060457 0.053574427 0.053801748 0.050222698 0.050148985 0.047018185 0.047001007 0.091750792 0.066299796 0.078420490 0.077731916 0.053565978 0.053937539 0.053788059 0.055469330 0.064584761 0.071395585 0.055884924 0.054473350 0.053091418 0.049479450 0.049066140 0.050585851 0.049663168 0.042047626 0.042645209 0.042275734 0.043052365 0.047467301 0.037013965 0.007868180 0.000000000 0.143927190 
0     0.139036906 0.142431095 0.142410721 0.142015790 0.148589951 0.147473286 0.142070334 0.148484909 0.141567317 0.156981378 0.154402514 0.154996233 0.152843487 0.153028130 0.154532998 0.158628902 0.159097604 0.160822214 0.154816549 0.153318167 0.153557840 0.150030562 0.150041945 0.146911145 0.146833407 0.191521255 0.166148086 0.178236277 0.177547704 0.153323118 0.153694678 0.153564975 0.155243029 0.165694634 0.172503807 0.158531676 0.157168797 0.155735923 0.152133016 0.151710645 0.153190624 0.152267941 0.144695227 0.145326505 0.144915960 0.145733661 0.155938181 0.145487671 0.144416938 0.143927190 0.000000000 
