51
2     0.000000000 0.000410690 0.000431690 0.008008650 0.006160020 0.013934490 0.013343460 0.017624430 0.017399640 0.016622940 0.015025210 0.016188280 0.010822940 0.010514130 0.008459470 0.013246850 0.006951570 0.006078530 0.014181680 0.017728960 0.013693830 0.010678130 0.018122040 0.018848730 0.015649070 0.017893810 0.019639760 0.017727720 0.008794600 0.018103690 0.016508340 0.018205370 0.016272510 0.018548560 0.033252320 0.013128590 0.015561660 0.012527480 0.013093350 0.019093280 0.020148970 0.019609500 0.013955550 0.011073370 0.012391460 0.022348920 0.023275300 0.018232190 0.019333410 0.017422940 0.023393840 
8     0.000410690 0.000000000 0.000074920 0.008415300 0.006566670 0.014068080 0.007293090 0.017655510 0.019382020 0.020084500 0.018486770 0.001402140 0.011229590 0.010920780 0.007584890 0.008721310 0.003386320 0.002214480 0.011744040 0.018135610 0.019289890 0.020162230 0.007781040 0.008287940 0.011369720 0.006726290 0.011564020 0.010389970 0.010022230 0.014154140 0.010600060 0.001921490 0.016406100 0.019482770 0.023047450 0.013262180 0.015695250 0.012661070 0.016554910 0.019226870 0.000067320 0.017782120 0.013241050 0.013271260 0.015706000 0.017573560 0.018499940 0.010404570 0.014238740 0.009595320 0.005868420 
9     0.000431690 0.000074920 0.000000000 0.001676960 0.006679500 0.014111330 0.003617660 0.021064980 0.019494850 0.020414510 0.018816780 0.001173560 0.011342420 0.011033610 0.007914900 0.009051320 0.003716330 0.002544490 0.008459380 0.018248440 0.014577600 0.011839360 0.007655730 0.008162630 0.011699730 0.006600980 0.011438710 0.010264660 0.009896920 0.014028830 0.010474750 0.001796180 0.016449350 0.019526020 0.014553620 0.013210740 0.015738500 0.012704320 0.016884920 0.019270120 0.019934560 0.019278580 0.001929540 0.013601270 0.016036010 0.017903570 0.018829950 0.011084820 0.014888060 0.010275570 0.016154540 
11     0.008008650 0.008415300 0.001676960 0.000000000 0.000365370 0.005258330 0.008853510 0.010652330 0.006927900 0.013771700 0.016341680 0.007256640 0.013325010 0.013016200 0.015718290 0.015748920 0.004449690 0.008580600 0.011768000 0.016506080 0.024594890 0.018615240 0.012604590 0.012896550 0.002052930 0.011982920 0.019599040 0.011250790 0.012325140 0.008495340 0.008833810 0.009585250 0.022284340 0.025533930 0.022586230 0.009265790 0.027992550 0.029389060 0.015094820 0.021818690 0.033190200 0.032064750 0.020017880 0.020048090 0.022482830 0.024350390 0.003749460 0.009234550 0.011553470 0.008425300 0.025395310 
1     0.006160020 0.006566670 0.006679500 0.000365370 0.000000000 0.009007750 0.006741260 0.015201640 0.019628810 0.019112530 0.017514800 0.007924830 0.010609560 0.011167570 0.013869660 0.013900290 0.003816350 0.004377280 0.015306680 0.017133730 0.022746260 0.019242890 0.013232240 0.013524200 0.011400920 0.012982150 0.020226690 0.008142670 0.011774420 0.016497850 0.015323760 0.011418290 0.027589710 0.027705900 0.037017870 0.011518880 0.028480670 0.029877180 0.015582940 0.016783700 0.001927590 0.014330830 0.020506000 0.020536210 0.005033290 0.019147630 0.022891490 0.021749520 0.021823000 0.022150810 0.025883430 
12     0.013934490 0.014068080 0.014111330 0.005258330 0.009007750 0.000000000 0.020274360 0.024555330 0.024330540 0.023553840 0.021956110 0.009980440 0.018192350 0.017883540 0.014821050 0.020616260 0.014320980 0.011356230 0.024218660 0.013082380 0.021245190 0.020759320 0.022320800 0.020518110 0.019651350 0.011290630 0.009882550 0.025097130 0.004233710 0.017229360 0.017940140 0.017457900 0.013594000 0.016670670 0.030573810 0.010450080 0.012883150 0.009848970 0.017352520 0.016414770 0.017470460 0.016930990 0.024947310 0.024977520 0.027412260 0.016659570 0.030206200 0.026190830 0.026264310 0.018071780 0.030324740 
10     0.013343460 0.007293090 0.003617660 0.008853510 0.006741260 0.020274360 0.000000000 0.003120630 0.003420530 0.006023010 0.012771670 0.003273140 0.015154250 0.000368890 0.003209860 0.006683450 0.002526380 0.011919150 0.009384760 0.013836010 0.023079370 0.022278620 0.013764920 0.013108880 0.013307540 0.011863860 0.015764940 0.015186520 0.016983650 0.019115210 0.018409470 0.010153950 0.017416410 0.018107760 0.009297970 0.024828340 0.006351430 0.008202420 0.001883730 0.028253370 0.022480440 0.001187300 0.011336240 0.010342870 0.019495480 0.017879470 0.022289420 0.012162540 0.018347530 0.018675340 0.003817770 
4     0.017624430 0.017655510 0.021064980 0.010652330 0.015201640 0.024555330 0.003120630 0.000000000 0.000054910 0.009597890 0.008000160 0.016366850 0.013793510 0.019943120 0.021956340 0.007724090 0.011548530 0.015169060 0.025123070 0.007137820 0.027360340 0.028029400 0.021417130 0.021581000 0.007847660 0.021308930 0.018464970 0.021966580 0.016329800 0.013638800 0.007924220 0.021521170 0.007833620 0.031945080 0.024541700 0.023951070 0.004699480 0.010101930 0.015547180 0.011651350 0.034483820 0.033358370 0.021311500 0.021341710 0.019859890 0.025644010 0.026570390 0.022555020 0.009192630 0.022956310 0.021098870 
7     0.017399640 0.019382020 0.019494850 0.006927900 0.019628810 0.024330540 0.003420530 0.000054910 0.000000000 0.009373100 0.007775370 0.006540100 0.015491800 0.019101040 0.021731550 0.014589180 0.010686530 0.009318800 0.023552940 0.008152910 0.010378510 0.026459270 0.021192340 0.021606840 0.019215380 0.021084140 0.022710060 0.021741790 0.021039830 0.018844480 0.022465650 0.021296380 0.007258790 0.031253840 0.025651740 0.020529230 0.007945880 0.013783230 0.015322390 0.025918930 0.034259030 0.033133580 0.014859230 0.021116920 0.017202260 0.025419220 0.015587950 0.012748150 0.012371060 0.022731520 0.024598210 
5     0.016622940 0.020084500 0.020414510 0.013771700 0.019112530 0.023553840 0.006023010 0.009597890 0.009373100 0.000000000 0.000076220 0.024288140 0.016869790 0.013200770 0.020337630 0.021395080 0.007868800 0.013386930 0.024472010 0.030065630 0.019153370 0.027820880 0.020415640 0.021142330 0.018438680 0.020307440 0.021933360 0.019692450 0.018785280 0.022394690 0.021688950 0.020519680 0.018018450 0.025941460 0.036821880 0.013207800 0.024757530 0.004047480 0.008045830 0.007043390 0.011533760 0.011126440 0.020310010 0.020340220 0.022774960 0.023263350 0.025568900 0.021553530 0.021627010 0.021954820 0.025687440 
3     0.015025210 0.018486770 0.018816780 0.016341680 0.017514800 0.021956110 0.012771670 0.008000160 0.007775370 0.000076220 0.000000000 0.022690410 0.017151670 0.013482650 0.019357120 0.020493540 0.008150680 0.012387200 0.022874280 0.028467900 0.020444030 0.026223150 0.018817910 0.019544600 0.016840950 0.018709710 0.020335630 0.019367360 0.018665400 0.020796960 0.020091220 0.018921950 0.017947770 0.025870780 0.035224150 0.013137120 0.024686850 0.003976800 0.007975150 0.006972710 0.011463080 0.011055760 0.018712280 0.018742490 0.021177230 0.018121960 0.023971170 0.019955800 0.020029280 0.020357090 0.024089710 
6     0.016188280 0.001402140 0.001173560 0.007256640 0.007924830 0.009980440 0.003273140 0.016366850 0.006540100 0.024288140 0.022690410 0.000000000 0.010279880 0.009441330 0.003489270 0.009874580 0.005586720 0.009609330 0.008182160 0.004885060 0.021026300 0.024955560 0.014008830 0.016808330 0.000425430 0.011340690 0.012007740 0.005808990 0.005370040 0.013214080 0.011759380 0.011286420 0.019728120 0.015919240 0.012297150 0.012855170 0.014909960 0.018176900 0.020758550 0.006649360 0.015331850 0.015847920 0.005597960 0.014111840 0.015229210 0.021777200 0.012365850 0.018688210 0.018761690 0.006471890 0.011361480 
13     0.010822940 0.011229590 0.011342420 0.013325010 0.010609560 0.018192350 0.015154250 0.013793510 0.015491800 0.016869790 0.017151670 0.010279880 0.000000000 0.000593980 0.002641640 0.007443340 0.002533810 0.001735630 0.018718090 0.019597800 0.006487140 0.014095910 0.015006910 0.015513810 0.017130370 0.013952160 0.008948310 0.010587490 0.010474250 0.010275460 0.016789280 0.017147740 0.026467980 0.018774910 0.006602550 0.023794220 0.004104880 0.028239280 0.022698130 0.029001480 0.021879510 0.000205020 0.018512350 0.018493560 0.021142210 0.023716780 0.022570900 0.018740100 0.018497870 0.017681530 0.009674910 
26     0.010514130 0.010920780 0.011033610 0.013016200 0.011167570 0.017883540 0.000368890 0.019943120 0.019101040 0.013200770 0.013482650 0.009441330 0.000593980 0.000000000 0.007234170 0.007226810 0.000842970 0.006148660 0.002103750 0.010181770 0.013821310 0.020277260 0.008358230 0.007291670 0.000955420 0.008075780 0.013530630 0.008170360 0.008057120 0.009471780 0.011840510 0.001132160 0.007509860 0.011059730 0.014860660 0.010206450 0.000728680 0.006897590 0.024759610 0.008749250 0.010698730 0.009573280 0.014615640 0.016518700 0.007979470 0.024033920 0.022691830 0.020944930 0.007144590 0.021346220 0.005693630 
43     0.008459470 0.007584890 0.007914900 0.015718290 0.013869660 0.014821050 0.003209860 0.021956340 0.021731550 0.020337630 0.019357120 0.003489270 0.002641640 0.007234170 0.000000000 0.001052360 0.001281530 0.003954200 0.004011590 0.015843440 0.020160240 0.021622270 0.012623430 0.010020430 0.012240070 0.014108830 0.015734750 0.014766480 0.014064520 0.016196080 0.015490340 0.009503110 0.021195110 0.023570000 0.023429100 0.013598950 0.022086070 0.021660080 0.013709620 0.018383230 0.027283720 0.026158270 0.000610940 0.001445380 0.002080430 0.018443910 0.019370290 0.014408580 0.013354100 0.013901520 0.019542500 
17     0.013246850 0.008721310 0.009051320 0.015748920 0.013900290 0.020616260 0.006683450 0.007724090 0.014589180 0.021395080 0.020493540 0.009874580 0.007443340 0.007226810 0.001052360 0.000000000 0.005638240 0.008960390 0.006557930 0.022021710 0.021296660 0.022758690 0.015353450 0.016080140 0.013376490 0.015245250 0.016632340 0.012108090 0.011994850 0.017332500 0.016383980 0.015457490 0.022331530 0.021315250 0.031759690 0.008152720 0.023222490 0.024619000 0.018561680 0.026470660 0.025925590 0.026337490 0.015247820 0.007712570 0.017712770 0.019580330 0.020506710 0.016491340 0.016564820 0.016892630 0.003259360 
16     0.006951570 0.003386320 0.003716330 0.004449690 0.003816350 0.014320980 0.002526380 0.011548530 0.010686530 0.007868800 0.008150680 0.005586720 0.002533810 0.000842970 0.001281530 0.005638240 0.000000000 0.000887610 0.003820390 0.009572370 0.018131680 0.004468980 0.009660040 0.010166940 0.010673560 0.008605290 0.012344480 0.001848180 0.001734940 0.011464730 0.012096120 0.011809350 0.019628600 0.023178470 0.016729600 0.011360630 0.011349650 0.012805430 0.005055300 0.011058270 0.006768620 0.019652960 0.005002550 0.007292720 0.015009840 0.016877400 0.017803780 0.013788410 0.013861890 0.014189700 0.001509930 
27     0.006078530 0.002214480 0.002544490 0.008580600 0.004377280 0.011356230 0.011919150 0.015169060 0.009318800 0.013386930 0.012387200 0.009609330 0.001735630 0.006148660 0.003954200 0.008960390 0.000887610 0.000000000 0.003165260 0.003777520 0.010846270 0.009478910 0.010955800 0.011462700 0.011608800 0.009901050 0.014654580 0.013480530 0.013112790 0.015564810 0.013690620 0.013105110 0.019371870 0.011210610 0.029992000 0.005946450 0.018382480 0.015794650 0.016793990 0.024702970 0.016482730 0.021774900 0.013480130 0.013510340 0.002858010 0.003515120 0.018739020 0.014723650 0.014797130 0.015124940 0.008086520 
37     0.014181680 0.011744040 0.008459380 0.011768000 0.015306680 0.024218660 0.009384760 0.025123070 0.023552940 0.024472010 0.022874280 0.008182160 0.018718090 0.002103750 0.004011590 0.006557930 0.003820390 0.003165260 0.000000000 0.001956670 0.015911540 0.018298850 0.003712940 0.006641550 0.007355350 0.000495960 0.011236990 0.004020770 0.012778130 0.012473600 0.014504480 0.001745480 0.017369700 0.013349320 0.018086030 0.009891730 0.009734270 0.007194320 0.010902940 0.008730710 0.018621440 0.020398300 0.016627380 0.011135930 0.019092330 0.001954140 0.021886270 0.017870900 0.017944380 0.010521630 0.001359410 
41     0.017728960 0.018135610 0.018248440 0.016506080 0.017133730 0.013082380 0.013836010 0.007137820 0.008152910 0.030065630 0.028467900 0.004885060 0.019597800 0.010181770 0.015843440 0.022021710 0.009572370 0.003777520 0.001956670 0.000000000 0.019230220 0.017950890 0.014091560 0.015176590 0.013053310 0.005254150 0.019953730 0.009492140 0.014605180 0.012616050 0.016664090 0.006244710 0.007827790 0.006156920 0.019368390 0.011915160 0.010109530 0.011506040 0.016171010 0.013357700 0.015307180 0.014181730 0.021410120 0.021440330 0.013036040 0.004425840 0.026669010 0.022653640 0.022727120 0.004062140 0.003436270 
36     0.013693830 0.019289890 0.014577600 0.024594890 0.022746260 0.021245190 0.023079370 0.027360340 0.010378510 0.019153370 0.020444030 0.021026300 0.006487140 0.013821310 0.020160240 0.021296660 0.018131680 0.010846270 0.015911540 0.019230220 0.000000000 0.000661250 0.009821380 0.009742480 0.012266850 0.002093210 0.005073040 0.005521710 0.004925660 0.016222860 0.013578680 0.002530200 0.004095720 0.023485500 0.032263230 0.012006440 0.026488890 0.017744270 0.019468880 0.020813610 0.024483680 0.024326660 0.002595400 0.000346240 0.005473750 0.010004900 0.014921910 0.011073260 0.010417500 0.011029750 0.008726640 
31     0.010678130 0.020162230 0.011839360 0.018615240 0.019242890 0.020759320 0.022278620 0.028029400 0.026459270 0.027820880 0.026223150 0.024955560 0.014095910 0.020277260 0.021622270 0.022758690 0.004468980 0.009478910 0.018298850 0.017950890 0.000661250 0.000000000 0.011059300 0.009256610 0.013728880 0.001607340 0.004587170 0.014498190 0.002578260 0.017684890 0.016979150 0.005202620 0.017068900 0.029372590 0.032838320 0.026308520 0.027950920 0.023284680 0.019631110 0.020975840 0.024645910 0.024488890 0.019976250 0.020006460 0.022441200 0.024308760 0.025235140 0.021219770 0.017221930 0.021621060 0.019357820 
24     0.018122040 0.007781040 0.007655730 0.012604590 0.013232240 0.022320800 0.013764920 0.021417130 0.021192340 0.020415640 0.018817910 0.014008830 0.015006910 0.008358230 0.012623430 0.015353450 0.009660040 0.010955800 0.003712940 0.014091560 0.009821380 0.011059300 0.000000000 0.000317040 0.003661880 0.002318890 0.005650490 0.006589780 0.007021850 0.006856830 0.005402130 0.003801480 0.013335880 0.017255430 0.017329760 0.008409680 0.010579370 0.005100270 0.015394750 0.016739480 0.011409030 0.008671700 0.008272350 0.007075000 0.014494270 0.016903520 0.006842310 0.013814530 0.013888010 0.006339570 0.015121460 
44     0.018848730 0.008287940 0.008162630 0.012896550 0.013524200 0.020518110 0.013108880 0.021581000 0.021606840 0.021142330 0.019544600 0.016808330 0.015513810 0.007291670 0.010020430 0.016080140 0.010166940 0.011462700 0.006641550 0.015176590 0.009742480 0.009256610 0.000317040 0.000000000 0.004388570 0.002825790 0.003077070 0.006881740 0.007528750 0.004473050 0.008106580 0.005955190 0.013438080 0.019380580 0.017753870 0.014413240 0.021272370 0.012546530 0.016167930 0.017512660 0.009004960 0.009416860 0.011721180 0.011703220 0.015368600 0.017630210 0.009641810 0.014541220 0.014614700 0.014942510 0.015894640 
14     0.015649070 0.011369720 0.011699730 0.002052930 0.011400920 0.019651350 0.013307540 0.007847660 0.019215380 0.018438680 0.016840950 0.000425430 0.017130370 0.000955420 0.012240070 0.013376490 0.010673560 0.011608800 0.007355350 0.013053310 0.012266850 0.013728880 0.003661880 0.004388570 0.000000000 0.005642480 0.007268400 0.006026680 0.005598170 0.004389430 0.002173390 0.001096340 0.004058990 0.008483230 0.027105920 0.002090810 0.018568720 0.019965230 0.012355950 0.013513340 0.017370750 0.017213730 0.010594050 0.010624260 0.013059000 0.007913530 0.013904790 0.011837570 0.011911050 0.012238860 0.005621930 
49     0.017893810 0.006726290 0.006600980 0.011982920 0.012982150 0.011290630 0.011863860 0.021308930 0.021084140 0.020307440 0.018709710 0.011340690 0.013952160 0.008075780 0.014108830 0.015245250 0.008605290 0.009901050 0.000495960 0.005254150 0.002093210 0.001607340 0.002318890 0.002825790 0.005642480 0.000000000 0.001097010 0.001806460 0.001210410 0.008355770 0.006544930 0.004351100 0.017504390 0.018595630 0.009183460 0.019231740 0.015170050 0.014498470 0.013526570 0.014871300 0.018541370 0.018384350 0.012462810 0.012493020 0.014927760 0.016795320 0.015535010 0.013706330 0.013779810 0.014107620 0.010389450 
19     0.019639760 0.011564020 0.011438710 0.019599040 0.020226690 0.009882550 0.015764940 0.018464970 0.022710060 0.021933360 0.020335630 0.012007740 0.008948310 0.013530630 0.015734750 0.016632340 0.012344480 0.014654580 0.011236990 0.019953730 0.005073040 0.004587170 0.005650490 0.003077070 0.007268400 0.001097010 0.000000000 0.006289230 0.005668360 0.003461680 0.003264860 0.005321750 0.015935200 0.024722310 0.019531250 0.021972670 0.015628350 0.016559030 0.018403770 0.023533000 0.027203070 0.026135600 0.013864480 0.014118940 0.016553680 0.018421240 0.010142140 0.015332250 0.015405730 0.015733540 0.010814510 
50     0.017727720 0.010389970 0.010264660 0.011250790 0.008142670 0.025097130 0.015186520 0.021966580 0.021741790 0.019692450 0.019367360 0.005808990 0.010587490 0.008170360 0.014766480 0.012108090 0.001848180 0.013480530 0.004020770 0.009492140 0.005521710 0.014498190 0.006589780 0.006881740 0.006026680 0.001806460 0.006289230 0.000000000 0.000203820 0.007986980 0.006532280 0.004190030 0.020204170 0.023754040 0.017280650 0.018723120 0.021095130 0.020803670 0.014363220 0.015707950 0.019378020 0.019221000 0.013120460 0.013150670 0.010169050 0.017452970 0.009494640 0.014363980 0.014437460 0.014765270 0.006962070 
32     0.008794600 0.010022230 0.009896920 0.012325140 0.011774420 0.004233710 0.016983650 0.016329800 0.021039830 0.018785280 0.018665400 0.005370040 0.010474250 0.008057120 0.014064520 0.011994850 0.001734940 0.013112790 0.012778130 0.014605180 0.004925660 0.002578260 0.007021850 0.007528750 0.005598170 0.001210410 0.005668360 0.000203820 0.000000000 0.008311460 0.006868410 0.005264380 0.019502210 0.023052080 0.017131570 0.017443020 0.020393170 0.020207620 0.014123120 0.015467850 0.019137920 0.018980900 0.012418500 0.012448710 0.009633080 0.016751010 0.010311970 0.013662020 0.013735500 0.014063310 0.009711080 
29     0.018103690 0.014154140 0.014028830 0.008495340 0.016497850 0.017229360 0.019115210 0.013638800 0.018844480 0.022394690 0.020796960 0.013214080 0.010275460 0.009471780 0.016196080 0.017332500 0.011464730 0.015564810 0.012473600 0.012616050 0.016222860 0.017684890 0.006856830 0.004473050 0.004389430 0.008355770 0.003461680 0.007986980 0.008311460 0.000000000 0.000049140 0.008481380 0.021633770 0.025183640 0.016765040 0.022434000 0.020931750 0.017879210 0.015304650 0.016649380 0.020319450 0.020162430 0.014550060 0.014580270 0.017015010 0.016150750 0.011348480 0.012471030 0.013934460 0.011924020 0.002094350 
34     0.016508340 0.010600060 0.010474750 0.008833810 0.015323760 0.017940140 0.018409470 0.007924220 0.022465650 0.021688950 0.020091220 0.011759380 0.016789280 0.011840510 0.015490340 0.016383980 0.012096120 0.013690620 0.014504480 0.016664090 0.013578680 0.016979150 0.005402130 0.008106580 0.002173390 0.006544930 0.003264860 0.006532280 0.006868410 0.000049140 0.000000000 0.007579420 0.020928030 0.022190700 0.017841130 0.019126630 0.021818990 0.023215500 0.014877390 0.016222120 0.019892190 0.019735170 0.013844320 0.013874530 0.016309270 0.018176830 0.009893780 0.015087840 0.015161320 0.015489130 0.013021310 
39     0.018205370 0.001921490 0.001796180 0.009585250 0.011418290 0.017457900 0.010153950 0.021521170 0.021296380 0.020519680 0.018921950 0.011286420 0.017147740 0.001132160 0.009503110 0.015457490 0.011809350 0.013105110 0.001745480 0.006244710 0.002530200 0.005202620 0.003801480 0.005955190 0.001096340 0.004351100 0.005321750 0.004190030 0.005264380 0.008481380 0.007579420 0.000000000 0.015834360 0.022497750 0.015286680 0.019748110 0.019838840 0.020477540 0.012123410 0.013468140 0.005832320 0.006244220 0.001811350 0.001841560 0.004473400 0.007827580 0.009342360 0.008340290 0.008413770 0.008741580 0.007692660 
30     0.016272510 0.016406100 0.016449350 0.022284340 0.027589710 0.013594000 0.017416410 0.007833620 0.007258790 0.018018450 0.017947770 0.019728120 0.026467980 0.007509860 0.021195110 0.022331530 0.019628600 0.019371870 0.017369700 0.007827790 0.004095720 0.017068900 0.013335880 0.013438080 0.004058990 0.017504390 0.015935200 0.020204170 0.019502210 0.021633770 0.020928030 0.015834360 0.000000000 0.000762860 0.005418860 0.006264120 0.003508260 0.008834130 0.016065840 0.010685790 0.006232780 0.006627440 0.018738210 0.013132040 0.017817840 0.023070720 0.013890720 0.019981730 0.020055210 0.020383020 0.001484040 
15     0.018548560 0.019482770 0.019526020 0.025533930 0.027705900 0.016670670 0.018107760 0.031945080 0.031253840 0.025941460 0.025870780 0.015919240 0.018774910 0.011059730 0.023570000 0.021315250 0.023178470 0.011210610 0.013349320 0.006156920 0.023485500 0.029372590 0.017255430 0.019380580 0.008483230 0.018595630 0.024722310 0.023754040 0.023052080 0.025183640 0.022190700 0.022497750 0.000762860 0.000000000 0.010249400 0.004851150 0.006336770 0.012384000 0.013606350 0.014235660 0.014268300 0.015059690 0.022288080 0.022318290 0.024753030 0.022247210 0.007858480 0.023531600 0.023605080 0.023932890 0.016846560 
35     0.033252320 0.023047450 0.014553620 0.022586230 0.037017870 0.030573810 0.009297970 0.024541700 0.025651740 0.036821880 0.035224150 0.012297150 0.006602550 0.014860660 0.023429100 0.031759690 0.016729600 0.029992000 0.018086030 0.019368390 0.032263230 0.032838320 0.017329760 0.017753870 0.027105920 0.009183460 0.019531250 0.017280650 0.017131570 0.016765040 0.017841130 0.015286680 0.005418860 0.010249400 0.000000000 0.015829270 0.009479350 0.005294350 0.014601590 0.015940830 0.012872250 0.015673680 0.028166370 0.028196580 0.029063910 0.031743630 0.030134420 0.029409890 0.029306280 0.029811180 0.007064950 
38     0.013128590 0.013262180 0.013210740 0.009265790 0.011518880 0.010450080 0.024828340 0.023951070 0.020529230 0.013207800 0.013137120 0.012855170 0.023794220 0.010206450 0.013598950 0.008152720 0.011360630 0.005946450 0.009891730 0.011915160 0.012006440 0.026308520 0.008409680 0.014413240 0.002090810 0.019231740 0.021972670 0.018723120 0.017443020 0.022434000 0.019126630 0.019748110 0.006264120 0.004851150 0.015829270 0.000000000 0.001084880 0.007916190 0.015345670 0.006166430 0.002252020 0.001566350 0.013073610 0.012875440 0.014531830 0.021757210 0.020017250 0.019542960 0.019319860 0.016529660 0.007975580 
25     0.015561660 0.015695250 0.015738500 0.027992550 0.028480670 0.012883150 0.006351430 0.004699480 0.007945880 0.024757530 0.024686850 0.014909960 0.004104880 0.000728680 0.022086070 0.023222490 0.011349650 0.018382480 0.009734270 0.010109530 0.026488890 0.027950920 0.010579370 0.021272370 0.018568720 0.015170050 0.015628350 0.021095130 0.020393170 0.020931750 0.021818990 0.019838840 0.003508260 0.006336770 0.009479350 0.001084880 0.000000000 0.006825350 0.000198010 0.006059670 0.000923550 0.004475160 0.018283920 0.016808070 0.010148560 0.018908290 0.006334340 0.016694040 0.008031490 0.017771720 0.012996190 
22     0.012527480 0.012661070 0.012704320 0.029389060 0.029877180 0.009848970 0.008202420 0.010101930 0.013783230 0.004047480 0.003976800 0.018176900 0.028239280 0.006897590 0.021660080 0.024619000 0.012805430 0.015794650 0.007194320 0.011506040 0.017744270 0.023284680 0.005100270 0.012546530 0.019965230 0.014498470 0.016559030 0.020803670 0.020207620 0.017879210 0.023215500 0.020477540 0.008834130 0.012384000 0.005294350 0.007916190 0.006825350 0.000000000 0.005997740 0.008128170 0.001856300 0.004191900 0.008334440 0.004374240 0.013452600 0.015318950 0.019078160 0.018526860 0.019944440 0.018827730 0.004567490 
33     0.013093350 0.016554910 0.016884920 0.015094820 0.015582940 0.017352520 0.001883730 0.015547180 0.015322390 0.008045830 0.007975150 0.020758550 0.022698130 0.024759610 0.013709620 0.018561680 0.005055300 0.016793990 0.010902940 0.016171010 0.019468880 0.019631110 0.015394750 0.016167930 0.012355950 0.013526570 0.018403770 0.014363220 0.014123120 0.015304650 0.014877390 0.012123410 0.016065840 0.013606350 0.014601590 0.015345670 0.000198010 0.005997740 0.000000000 0.000277330 0.000989880 0.003892080 0.014130350 0.015693050 0.012785370 0.021112930 0.022039310 0.018023940 0.018097420 0.018425230 0.004208990 
46     0.019093280 0.019226870 0.019270120 0.021818690 0.016783700 0.016414770 0.028253370 0.011651350 0.025918930 0.007043390 0.006972710 0.006649360 0.029001480 0.008749250 0.018383230 0.026470660 0.011058270 0.024702970 0.008730710 0.013357700 0.020813610 0.020975840 0.016739480 0.017512660 0.013513340 0.014871300 0.023533000 0.015707950 0.015467850 0.016649380 0.016222120 0.013468140 0.010685790 0.014235660 0.015940830 0.006166430 0.006059670 0.008128170 0.000277330 0.000000000 0.002520600 0.004328790 0.019734040 0.021143370 0.019221780 0.008707420 0.026010080 0.015032380 0.009142740 0.020398670 0.005553720 
23     0.020148970 0.000067320 0.019934560 0.033190200 0.001927590 0.017470460 0.022480440 0.034483820 0.034259030 0.011533760 0.011463080 0.015331850 0.021879510 0.010698730 0.027283720 0.025925590 0.006768620 0.016482730 0.018621440 0.015307180 0.024483680 0.024645910 0.011409030 0.009004960 0.017370750 0.018541370 0.027203070 0.019378020 0.019137920 0.020319450 0.019892190 0.005832320 0.006232780 0.014268300 0.012872250 0.002252020 0.000923550 0.001856300 0.000989880 0.002520600 0.000000000 0.000605560 0.020512730 0.018665550 0.003658530 0.029159330 0.030085710 0.015634520 0.025362640 0.016244230 0.009223790 
40     0.019609500 0.017782120 0.019278580 0.032064750 0.014330830 0.016930990 0.001187300 0.033358370 0.033133580 0.011126440 0.011055760 0.015847920 0.000205020 0.009573280 0.026158270 0.026337490 0.019652960 0.021774900 0.020398300 0.014181730 0.024326660 0.024488890 0.008671700 0.009416860 0.017213730 0.018384350 0.026135600 0.019221000 0.018980900 0.020162430 0.019735170 0.006244220 0.006627440 0.015059690 0.015673680 0.001566350 0.004475160 0.004191900 0.003892080 0.004328790 0.000605560 0.000000000 0.021341860 0.021143690 0.005026750 0.028033880 0.028960260 0.014978540 0.023369330 0.015588250 0.001612020 
21     0.013955550 0.013241050 0.001929540 0.020017880 0.020506000 0.024947310 0.011336240 0.021311500 0.014859230 0.020310010 0.018712280 0.005597960 0.018512350 0.014615640 0.000610940 0.015247820 0.005002550 0.013480130 0.016627380 0.021410120 0.002595400 0.019976250 0.008272350 0.011721180 0.010594050 0.012462810 0.013864480 0.013120460 0.012418500 0.014550060 0.013844320 0.001811350 0.018738210 0.022288080 0.028166370 0.013073610 0.018283920 0.008334440 0.014130350 0.019734040 0.020512730 0.021341860 0.000000000 0.000491630 0.000102930 0.005241420 0.009885190 0.008130620 0.008204100 0.008531910 0.003577280 
45     0.011073370 0.013271260 0.013601270 0.020048090 0.020536210 0.024977520 0.010342870 0.021341710 0.021116920 0.020340220 0.018742490 0.014111840 0.018493560 0.016518700 0.001445380 0.007712570 0.007292720 0.013510340 0.011135930 0.021440330 0.000346240 0.020006460 0.007075000 0.011703220 0.010624260 0.012493020 0.014118940 0.013150670 0.012448710 0.014580270 0.013874530 0.001841560 0.013132040 0.022318290 0.028196580 0.012875440 0.016808070 0.004374240 0.015693050 0.021143370 0.018665550 0.021143690 0.000491630 0.000000000 0.001808210 0.004127500 0.011590470 0.008160830 0.008234310 0.008562120 0.002847460 
28     0.012391460 0.015706000 0.016036010 0.022482830 0.005033290 0.027412260 0.019495480 0.019859890 0.017202260 0.022774960 0.021177230 0.015229210 0.021142210 0.007979470 0.002080430 0.017712770 0.015009840 0.002858010 0.019092330 0.013036040 0.005473750 0.022441200 0.014494270 0.015368600 0.013059000 0.014927760 0.016553680 0.010169050 0.009633080 0.017015010 0.016309270 0.004473400 0.017817840 0.024753030 0.029063910 0.014531830 0.010148560 0.013452600 0.012785370 0.019221780 0.003658530 0.005026750 0.000102930 0.001808210 0.000000000 0.005429770 0.009831820 0.009280520 0.010592230 0.009581390 0.010244160 
47     0.022348920 0.017573560 0.017903570 0.024350390 0.019147630 0.016659570 0.017879470 0.025644010 0.025419220 0.023263350 0.018121960 0.021777200 0.023716780 0.024033920 0.018443910 0.019580330 0.016877400 0.003515120 0.001954140 0.004425840 0.010004900 0.024308760 0.016903520 0.017630210 0.007913530 0.016795320 0.018421240 0.017452970 0.016751010 0.016150750 0.018176830 0.007827580 0.023070720 0.022247210 0.031743630 0.021757210 0.018908290 0.015318950 0.021112930 0.008707420 0.029159330 0.028033880 0.005241420 0.004127500 0.005429770 0.000000000 0.013897160 0.012463130 0.012415500 0.002344670 0.002611370 
48     0.023275300 0.018499940 0.018829950 0.003749460 0.022891490 0.030206200 0.022289420 0.026570390 0.015587950 0.025568900 0.023971170 0.012365850 0.022570900 0.022691830 0.019370290 0.020506710 0.017803780 0.018739020 0.021886270 0.026669010 0.014921910 0.025235140 0.006842310 0.009641810 0.013904790 0.015535010 0.010142140 0.009494640 0.010311970 0.011348480 0.009893780 0.009342360 0.013890720 0.007858480 0.030134420 0.020017250 0.006334340 0.019078160 0.022039310 0.026010080 0.030085710 0.028960260 0.009885190 0.011590470 0.009831820 0.013897160 0.000000000 0.003015700 0.007336510 0.008218260 0.020516310 
42     0.018232190 0.010404570 0.011084820 0.009234550 0.021749520 0.026190830 0.012162540 0.022555020 0.012748150 0.021553530 0.019955800 0.018688210 0.018740100 0.020944930 0.014408580 0.016491340 0.013788410 0.014723650 0.017870900 0.022653640 0.011073260 0.021219770 0.013814530 0.014541220 0.011837570 0.013706330 0.015332250 0.014363980 0.013662020 0.012471030 0.015087840 0.008340290 0.019981730 0.023531600 0.029409890 0.019542960 0.016694040 0.018526860 0.018023940 0.015032380 0.015634520 0.014978540 0.008130620 0.008160830 0.009280520 0.012463130 0.003015700 0.000000000 0.000342500 0.002243490 0.019965010 
20     0.019333410 0.014238740 0.014888060 0.011553470 0.021823000 0.026264310 0.018347530 0.009192630 0.012371060 0.021627010 0.020029280 0.018761690 0.018497870 0.007144590 0.013354100 0.016564820 0.013861890 0.014797130 0.017944380 0.022727120 0.010417500 0.017221930 0.013888010 0.014614700 0.011911050 0.013779810 0.015405730 0.014437460 0.013735500 0.013934460 0.015161320 0.008413770 0.020055210 0.023605080 0.029306280 0.019319860 0.008031490 0.019944440 0.018097420 0.009142740 0.025362640 0.023369330 0.008204100 0.008234310 0.010592230 0.012415500 0.007336510 0.000342500 0.000000000 0.000980610 0.022952770 
18     0.017422940 0.009595320 0.010275570 0.008425300 0.022150810 0.018071780 0.018675340 0.022956310 0.022731520 0.021954820 0.020357090 0.006471890 0.017681530 0.021346220 0.013901520 0.016892630 0.014189700 0.015124940 0.010521630 0.004062140 0.011029750 0.021621060 0.006339570 0.014942510 0.012238860 0.014107620 0.015733540 0.014765270 0.014063310 0.011924020 0.015489130 0.008741580 0.020383020 0.023932890 0.029811180 0.016529660 0.017771720 0.018827730 0.018425230 0.020398670 0.016244230 0.015588250 0.008531910 0.008562120 0.009581390 0.002344670 0.008218260 0.002243490 0.000980610 0.000000000 0.020265880 
0     0.023393840 0.005868420 0.016154540 0.025395310 0.025883430 0.030324740 0.003817770 0.021098870 0.024598210 0.025687440 0.024089710 0.011361480 0.009674910 0.005693630 0.019542500 0.003259360 0.001509930 0.008086520 0.001359410 0.003436270 0.008726640 0.019357820 0.015121460 0.015894640 0.005621930 0.010389450 0.010814510 0.006962070 0.009711080 0.002094350 0.013021310 0.007692660 0.001484040 0.016846560 0.007064950 0.007975580 0.012996190 0.004567490 0.004208990 0.005553720 0.009223790 0.001612020 0.003577280 0.002847460 0.010244160 0.002611370 0.020516310 0.019965010 0.022952770 0.020265880 0.000000000 
