51
1     0.000000000 0.184877050 0.400417470 0.409886956 0.386059664 0.397577040 0.389794209 0.377571174 0.383387952 0.380775048 0.402707570 0.383688919 0.380695251 0.389380633 0.401886522 0.435714726 0.410265975 0.400483413 0.387835222 0.389077801 0.388969930 0.391904382 0.387833058 0.380149792 0.401031817 0.393788218 0.390845369 0.381817153 0.390177990 0.382087376 0.386668469 0.390791881 0.389524087 0.399670638 0.389942693 0.380430118 0.399583776 0.402589437 0.383489703 0.438279770 0.403933929 0.441959052 0.471349423 0.464177338 0.454100100 0.422427979 0.432125516 0.433547678 0.443350184 0.445256964 0.659011915 
23     0.184877050 0.000000000 0.388377218 0.396878694 0.373042282 0.385757884 0.376765771 0.363572036 0.368754196 0.365306319 0.389700343 0.370170996 0.367564698 0.376281965 0.392115808 0.420601179 0.397560346 0.390023429 0.375692742 0.377193778 0.377892790 0.380211695 0.374800052 0.369123061 0.386351864 0.381566964 0.377303494 0.368749728 0.376332813 0.368771696 0.372573322 0.372861806 0.371680573 0.386060777 0.377912086 0.367560025 0.386898664 0.388140056 0.369182421 0.422285654 0.390925651 0.426112795 0.452313289 0.442395206 0.432558458 0.405078881 0.417826275 0.419291607 0.430982641 0.432471550 0.648218847 
7     0.400417470 0.388377218 0.000000000 0.387776406 0.369856837 0.380486832 0.369952067 0.356735854 0.361249210 0.358936742 0.383030003 0.369516156 0.367304987 0.372163688 0.387833237 0.417707024 0.393267743 0.389064943 0.380434471 0.374687304 0.373215605 0.376717804 0.374621882 0.367319870 0.384883509 0.378197044 0.375825461 0.366281639 0.375832522 0.367643200 0.373475598 0.377277714 0.376929918 0.378058807 0.368721402 0.361376978 0.380177990 0.379017870 0.365152952 0.413029212 0.389029710 0.429540735 0.451730110 0.444925212 0.436511285 0.407395645 0.421586004 0.422453501 0.431906517 0.435283037 0.646290140 
30     0.409886956 0.396878694 0.387776406 0.000000000 0.265261635 0.271015629 0.262157059 0.252061461 0.258901913 0.254387925 0.383122427 0.369403563 0.367513424 0.377571515 0.393958184 0.413449255 0.393302983 0.384032638 0.379292960 0.375955568 0.375600457 0.376875283 0.374376407 0.366543744 0.381238760 0.375324302 0.377195787 0.366159666 0.375996128 0.368955956 0.372819818 0.375554954 0.375466814 0.379504733 0.370294663 0.358989789 0.379577556 0.379223988 0.364513641 0.419569450 0.387223683 0.428947479 0.450304839 0.442348303 0.435280439 0.403049177 0.425762401 0.426490350 0.433977573 0.435656151 0.641622225 
32     0.386059664 0.373042282 0.369856837 0.265261635 0.000000000 0.198631661 0.184647394 0.229536338 0.236161994 0.234557419 0.361277913 0.346878606 0.344735660 0.355506151 0.371345005 0.393247221 0.372067007 0.363058902 0.355557954 0.354971615 0.354917492 0.355049992 0.353484851 0.346288871 0.361270984 0.354856033 0.357300856 0.345468749 0.354183267 0.347448933 0.352017653 0.357690592 0.356840778 0.357221336 0.348371618 0.337712762 0.360649738 0.361507431 0.343979535 0.399134645 0.371441252 0.403788514 0.425738234 0.417902331 0.412645282 0.382823917 0.401721586 0.402482254 0.407906184 0.410971180 0.618487816 
15     0.397577040 0.385757884 0.380486832 0.271015629 0.198631661 0.000000000 0.170989633 0.243768687 0.250749796 0.248945248 0.377650470 0.365347372 0.363357718 0.370490554 0.386628594 0.409407854 0.385448993 0.378684209 0.372946650 0.368410690 0.368130110 0.367942416 0.367807928 0.361173835 0.378123716 0.368791816 0.368933355 0.358135021 0.369392466 0.360530789 0.365384548 0.372097191 0.370378836 0.370644558 0.362271903 0.349559062 0.370973320 0.370963068 0.356327777 0.410286503 0.383092596 0.422512397 0.441358300 0.434804046 0.429125424 0.400181729 0.419531800 0.420658880 0.425915200 0.428590557 0.633408778 
3     0.389794209 0.376765771 0.369952067 0.262157059 0.184647394 0.170989633 0.000000000 0.231923049 0.239072241 0.236529517 0.368586826 0.354656111 0.352579249 0.359859524 0.378799951 0.399778343 0.374964122 0.369021332 0.359773583 0.359143471 0.358637934 0.358664335 0.357575249 0.350060421 0.366206759 0.357763658 0.360379433 0.349096057 0.360091242 0.351863446 0.356854583 0.362904628 0.361738642 0.362254794 0.353345740 0.340728351 0.364175569 0.365588831 0.348619628 0.403158289 0.377036013 0.413212757 0.433148757 0.425955167 0.419125173 0.390059695 0.411033916 0.411933138 0.418616639 0.421131959 0.626669757 
8     0.377571174 0.363572036 0.356735854 0.252061461 0.229536338 0.243768687 0.231923049 0.000000000 0.088748421 0.084607938 0.354289518 0.340771701 0.338876436 0.344637270 0.361747452 0.379635133 0.362304039 0.351843091 0.344406155 0.344420418 0.341849192 0.344169114 0.341020000 0.336190542 0.350416973 0.347431853 0.347105462 0.336811245 0.348783849 0.340085953 0.343008285 0.346649208 0.345165285 0.348224602 0.337965615 0.326401366 0.349285214 0.351249058 0.334496098 0.392457238 0.357918430 0.396680250 0.420228844 0.412696846 0.404312089 0.374170485 0.393076302 0.393976050 0.403131332 0.407071881 0.610062701 
9     0.383387952 0.368754196 0.361249210 0.258901913 0.236161994 0.250749796 0.239072241 0.088748421 0.000000000 0.088659082 0.360729628 0.345609198 0.344261711 0.350247594 0.367853924 0.383726493 0.365750496 0.356774332 0.350544358 0.349836664 0.347828153 0.349660684 0.346363763 0.341675349 0.356909438 0.351835049 0.351733020 0.341705400 0.353416487 0.344870999 0.349932031 0.352324461 0.351256818 0.355128748 0.344350934 0.332455336 0.354963354 0.357525680 0.339935702 0.396878395 0.362597014 0.404027058 0.425068576 0.417963403 0.409380659 0.380510730 0.399359713 0.400266259 0.408705712 0.412475855 0.619220287 
18     0.380775048 0.365306319 0.358936742 0.254387925 0.234557419 0.248945248 0.236529517 0.084607938 0.088659082 0.000000000 0.356493935 0.343727737 0.341348399 0.345705724 0.364588063 0.381934706 0.363528905 0.353547306 0.347721506 0.347694751 0.345799195 0.347582968 0.344524496 0.337572120 0.354442499 0.349792019 0.351433106 0.340085191 0.351863473 0.341626703 0.347777179 0.350634206 0.349582122 0.350514741 0.341013629 0.329086891 0.349843748 0.352119521 0.337684086 0.395085466 0.358808324 0.399870375 0.421097974 0.413757229 0.404456716 0.375684129 0.396716301 0.397625939 0.405509654 0.409303666 0.607471935 
37     0.402707570 0.389700343 0.383030003 0.383122427 0.361277913 0.377650470 0.368586826 0.354289518 0.360729628 0.356493935 0.000000000 0.203712680 0.202686375 0.329686852 0.346159636 0.388242522 0.368527457 0.361295350 0.353500356 0.354909351 0.353761540 0.355092345 0.350950049 0.346768711 0.361402819 0.356361972 0.347782409 0.338927120 0.350419008 0.341291472 0.343825404 0.349561413 0.348212751 0.358932943 0.352049102 0.342866421 0.354182256 0.357305168 0.345140629 0.400777118 0.375715712 0.408251890 0.431420660 0.421221096 0.417123374 0.387428077 0.400880850 0.402120974 0.410392014 0.413306260 0.633343063 
12     0.383688919 0.370170996 0.369516156 0.369403563 0.346878606 0.365347372 0.354656111 0.340771701 0.345609198 0.343727737 0.203712680 0.000000000 0.036547041 0.319902684 0.333028178 0.374765685 0.353651777 0.346884900 0.337765223 0.340560063 0.338802949 0.340887990 0.337182403 0.331091658 0.348192183 0.344064351 0.337974006 0.328046550 0.338982091 0.328398084 0.331248972 0.337228823 0.335009113 0.345788044 0.338912363 0.328273255 0.340088779 0.343940002 0.329983150 0.390693182 0.362855138 0.397253045 0.418548296 0.407392409 0.402253090 0.372648868 0.390537639 0.391514582 0.397781837 0.399866107 0.625750474 
11     0.380695251 0.367564698 0.367304987 0.367513424 0.344735660 0.363357718 0.352579249 0.338876436 0.344261711 0.341348399 0.202686375 0.036547041 0.000000000 0.318037522 0.331319638 0.372337059 0.351871709 0.344982353 0.335440811 0.338237073 0.336249337 0.338562727 0.334907142 0.328178175 0.346259841 0.340896547 0.336074228 0.326029525 0.336443691 0.326428701 0.329353802 0.335559580 0.333233886 0.343904900 0.337481911 0.326339611 0.337961056 0.342613750 0.328035379 0.389118851 0.360462958 0.395861122 0.417205682 0.405151705 0.400306889 0.370413740 0.388094109 0.389071051 0.396048344 0.398361501 0.623904565 
40     0.389380633 0.376281965 0.372163688 0.377571515 0.355506151 0.370490554 0.359859524 0.344637270 0.350247594 0.345705724 0.329686852 0.319902684 0.318037522 0.000000000 0.320921069 0.378620149 0.353840981 0.347620249 0.342997750 0.343378724 0.342506654 0.343771312 0.338942749 0.332810846 0.351933870 0.344830265 0.340146664 0.331580621 0.342105557 0.331000750 0.335680688 0.339587254 0.338518949 0.350623006 0.339521741 0.331904370 0.343747147 0.344923210 0.331751362 0.391110308 0.362883454 0.395269285 0.412821248 0.402955499 0.399179929 0.367206103 0.388128375 0.388915332 0.398392198 0.400992485 0.610082171 
5     0.401886522 0.392115808 0.387833237 0.393958184 0.371345005 0.386628594 0.378799951 0.361747452 0.367853924 0.364588063 0.346159636 0.333028178 0.331319638 0.320921069 0.000000000 0.385934298 0.366162389 0.355924879 0.357635068 0.354459769 0.353017415 0.354920273 0.350982853 0.344354814 0.363347890 0.358917581 0.355873321 0.350180120 0.360153355 0.348807945 0.353088965 0.358430795 0.356584631 0.368172413 0.360736735 0.349096455 0.360359818 0.359412931 0.348845234 0.409519501 0.380993144 0.416757038 0.432798868 0.424095734 0.417368364 0.390589388 0.407535826 0.408493039 0.416791649 0.418950178 0.635695737 
16     0.435714726 0.420601179 0.417707024 0.413449255 0.393247221 0.409407854 0.399778343 0.379635133 0.383726493 0.381934706 0.388242522 0.374765685 0.372337059 0.378620149 0.385934298 0.000000000 0.233785244 0.263967812 0.281719292 0.310152822 0.309210546 0.310585565 0.306221993 0.299065972 0.317989278 0.313902305 0.368248437 0.362126944 0.371785833 0.362051792 0.363428452 0.369260024 0.368034170 0.375141013 0.363505687 0.356940082 0.373220412 0.373434070 0.362408947 0.424787490 0.395762035 0.427613283 0.447288592 0.440529267 0.430741555 0.403654102 0.421257593 0.422113318 0.432435966 0.436852044 0.654674743 
17     0.410265975 0.397560346 0.393267743 0.393302983 0.372067007 0.385448993 0.374964122 0.362304039 0.365750496 0.363528905 0.368527457 0.353651777 0.351871709 0.353840981 0.366162389 0.233785244 0.000000000 0.248207206 0.262532735 0.289058946 0.287846760 0.288449301 0.282613137 0.279103363 0.295149863 0.292299902 0.345475254 0.341708571 0.349575985 0.340242253 0.338966133 0.345981454 0.345807478 0.352551227 0.342396064 0.335928969 0.351541056 0.353428102 0.341572274 0.404384167 0.374174405 0.410749449 0.429579278 0.421553824 0.415402857 0.388759625 0.398068260 0.398602944 0.408996070 0.413566482 0.629260538 
36     0.400483413 0.390023429 0.389064943 0.384032638 0.363058902 0.378684209 0.369021332 0.351843091 0.356774332 0.353547306 0.361295350 0.346884900 0.344982353 0.347620249 0.355924879 0.263967812 0.248207206 0.000000000 0.252148252 0.281710090 0.281097895 0.281781893 0.276292993 0.270866069 0.289829490 0.281862774 0.339524844 0.332427566 0.342758082 0.329859644 0.332167198 0.340670912 0.339827967 0.347026143 0.336153886 0.328356576 0.338848520 0.340674058 0.329049748 0.398746603 0.364422780 0.401175274 0.422643241 0.412215307 0.406493059 0.378106899 0.385836047 0.387612511 0.403010598 0.407353375 0.617960624 
31     0.387835222 0.375692742 0.380434471 0.379292960 0.355557954 0.372946650 0.359773583 0.344406155 0.350544358 0.347721506 0.353500356 0.337765223 0.335440811 0.342997750 0.357635068 0.281719292 0.262532735 0.252148252 0.000000000 0.266512265 0.265880851 0.265859906 0.263872529 0.256472805 0.277381604 0.271481993 0.326990402 0.320557832 0.329382604 0.320107472 0.321903381 0.327112042 0.325806776 0.335578452 0.326118284 0.317667096 0.328818862 0.331764150 0.320325532 0.389006855 0.356614551 0.387944576 0.410582731 0.402852422 0.394464456 0.370102892 0.381278822 0.382230293 0.392348836 0.396334657 0.611739684 
35     0.389077801 0.377193778 0.374687304 0.375955568 0.354971615 0.368410690 0.359143471 0.344420418 0.349836664 0.347694751 0.354909351 0.340560063 0.338237073 0.343378724 0.354459769 0.310152822 0.289058946 0.281710090 0.266512265 0.000000000 0.069816958 0.080428851 0.103102678 0.198434597 0.231046561 0.256124910 0.331450041 0.322419138 0.332232733 0.322214867 0.325676082 0.328885527 0.327538651 0.337228428 0.324989711 0.316626990 0.333867206 0.335595624 0.321026757 0.387535065 0.361425550 0.388678762 0.410950513 0.404295149 0.395031749 0.368297831 0.377877424 0.378284321 0.388511517 0.391712597 0.621235319 
39     0.388969930 0.377892790 0.373215605 0.375600457 0.354917492 0.368130110 0.358637934 0.341849192 0.347828153 0.345799195 0.353761540 0.338802949 0.336249337 0.342506654 0.353017415 0.309210546 0.287846760 0.281097895 0.265880851 0.069816958 0.000000000 0.080210004 0.102127997 0.199306443 0.231064914 0.254773432 0.331777044 0.321290688 0.331655566 0.321768035 0.323735385 0.327821583 0.326403611 0.336727074 0.323933484 0.315114871 0.333411651 0.335065596 0.319216681 0.386008374 0.359335473 0.389558044 0.409319144 0.403247466 0.394150331 0.368182429 0.375067226 0.375472662 0.387325799 0.390424967 0.623681021 
21     0.391904382 0.380211695 0.376717804 0.376875283 0.355049992 0.367942416 0.358664335 0.344169114 0.349660684 0.347582968 0.355092345 0.340887990 0.338562727 0.343771312 0.354920273 0.310585565 0.288449301 0.281781893 0.265859906 0.080428851 0.080210004 0.000000000 0.101613872 0.196329475 0.232172069 0.256680435 0.333012867 0.323085451 0.332705028 0.323165571 0.327346759 0.329620537 0.328650234 0.339302119 0.326335894 0.317432625 0.333737884 0.335833592 0.320867029 0.388681250 0.362407895 0.390376203 0.412032629 0.405413653 0.396457767 0.370436731 0.379336246 0.379750294 0.391524647 0.394709604 0.624213466 
41     0.387833058 0.374800052 0.374621882 0.374376407 0.353484851 0.367807928 0.357575249 0.341020000 0.346363763 0.344524496 0.350950049 0.337182403 0.334907142 0.338942749 0.350982853 0.306221993 0.282613137 0.276292993 0.263872529 0.103102678 0.102127997 0.101613872 0.000000000 0.193304679 0.228054993 0.253014850 0.328393686 0.319732741 0.329342738 0.317346848 0.322961056 0.326266053 0.325312442 0.333216913 0.320510187 0.313305255 0.330099216 0.331412815 0.317564209 0.384168876 0.357043604 0.388669088 0.407445358 0.401380164 0.393346738 0.365081144 0.376171571 0.376606470 0.388822761 0.391544689 0.621209151 
24     0.380149792 0.369123061 0.367319870 0.366543744 0.346288871 0.361173835 0.350060421 0.336190542 0.341675349 0.337572120 0.346768711 0.331091658 0.328178175 0.332810846 0.344354814 0.299065972 0.279103363 0.270866069 0.256472805 0.198434597 0.199306443 0.196329475 0.193304679 0.000000000 0.227692168 0.249569654 0.320958645 0.310006051 0.320806517 0.312690337 0.316619421 0.318167317 0.317242688 0.327053598 0.316290852 0.306808314 0.324348126 0.326559339 0.313276902 0.377356205 0.351187289 0.381731707 0.397789713 0.390616134 0.385520729 0.359397188 0.372648162 0.373236209 0.381223302 0.386672301 0.610828840 
26     0.401031817 0.386351864 0.384883509 0.381238760 0.361270984 0.378123716 0.366206759 0.350416973 0.356909438 0.354442499 0.361402819 0.348192183 0.346259841 0.351933870 0.363347890 0.317989278 0.295149863 0.289829490 0.277381604 0.231046561 0.231064914 0.232172069 0.228054993 0.227692168 0.000000000 0.263179847 0.337286021 0.326586468 0.337120069 0.327357417 0.334040852 0.334297470 0.333341359 0.345380545 0.334850428 0.326487490 0.343056486 0.344389382 0.327593515 0.397439814 0.369920466 0.402662683 0.424642833 0.417851236 0.408477323 0.381423511 0.393143773 0.393805222 0.403857562 0.406497612 0.627168381 
22     0.393788218 0.381566964 0.378197044 0.375324302 0.354856033 0.368791816 0.357763658 0.347431853 0.351835049 0.349792019 0.356361972 0.344064351 0.340896547 0.344830265 0.358917581 0.313902305 0.292299902 0.281862774 0.271481993 0.256124910 0.254773432 0.256680435 0.253014850 0.249569654 0.263179847 0.000000000 0.334300822 0.325841814 0.335220779 0.324939017 0.328295538 0.332370469 0.330802586 0.340639587 0.332081787 0.322301828 0.339235120 0.337011205 0.323855361 0.389063774 0.360216453 0.392506732 0.416831515 0.409448637 0.399134627 0.370908563 0.379740484 0.380015791 0.396169259 0.399098975 0.622907745 
33     0.390845369 0.377303494 0.375825461 0.377195787 0.357300856 0.368933355 0.360379433 0.347105462 0.351733020 0.351433106 0.347782409 0.337974006 0.336074228 0.340146664 0.355873321 0.368248437 0.345475254 0.339524844 0.326990402 0.331450041 0.331777044 0.333012867 0.328393686 0.320958645 0.337286021 0.334300822 0.000000000 0.175168213 0.186114872 0.179090386 0.285523672 0.288642736 0.288703581 0.320708533 0.312172853 0.300182814 0.328367166 0.328258290 0.314923711 0.392608101 0.357790018 0.387800769 0.408936766 0.402189976 0.393910726 0.366854848 0.383262907 0.384409909 0.394731320 0.396064922 0.616961787 
28     0.381817153 0.368749728 0.366281639 0.366159666 0.345468749 0.358135021 0.349096057 0.336811245 0.341705400 0.340085191 0.338927120 0.328046550 0.326029525 0.331580621 0.350180120 0.362126944 0.341708571 0.332427566 0.320557832 0.322419138 0.321290688 0.323085451 0.319732741 0.310006051 0.326586468 0.325841814 0.175168213 0.000000000 0.124815775 0.152018042 0.276906949 0.280996025 0.280145591 0.309861138 0.301913521 0.290718325 0.317002909 0.317889945 0.303248355 0.382193648 0.350562449 0.385925656 0.403110538 0.396374327 0.388957245 0.362783739 0.376564826 0.378004537 0.389172453 0.390402690 0.618444269 
13     0.390177990 0.376332813 0.375832522 0.375996128 0.354183267 0.369392466 0.360091242 0.348783849 0.353416487 0.351863473 0.350419008 0.338982091 0.336443691 0.342105557 0.360153355 0.371785833 0.349575985 0.342758082 0.329382604 0.332232733 0.331655566 0.332705028 0.329342738 0.320806517 0.337120069 0.335220779 0.186114872 0.124815775 0.000000000 0.158439903 0.286969070 0.291875030 0.291200992 0.320128613 0.312572468 0.300914263 0.327569692 0.328499130 0.313676064 0.392601117 0.360249197 0.394893488 0.411189513 0.405363699 0.395889646 0.369597238 0.385209161 0.386561672 0.398299341 0.399335281 0.629158227 
20     0.382087376 0.368771696 0.367643200 0.368955956 0.347448933 0.360530789 0.351863446 0.340085953 0.344870999 0.341626703 0.341291472 0.328398084 0.326428701 0.331000750 0.348807945 0.362051792 0.340242253 0.329859644 0.320107472 0.322214867 0.321768035 0.323165571 0.317346848 0.312690337 0.327357417 0.324939017 0.179090386 0.152018042 0.158439903 0.000000000 0.278285017 0.282726376 0.282063375 0.310023633 0.303614375 0.291543430 0.319087047 0.318469289 0.303648114 0.383534065 0.350596736 0.380167076 0.397367969 0.390325886 0.382945377 0.358345242 0.374960477 0.376384427 0.386532532 0.387716409 0.614231961 
6     0.386668469 0.372573322 0.373475598 0.372819818 0.352017653 0.365384548 0.356854583 0.343008285 0.349932031 0.347777179 0.343825404 0.331248972 0.329353802 0.335680688 0.353088965 0.363428452 0.338966133 0.332167198 0.321903381 0.325676082 0.323735385 0.327346759 0.322961056 0.316619421 0.334040852 0.328295538 0.285523672 0.276906949 0.286969070 0.278285017 0.000000000 0.165235094 0.159598876 0.312724566 0.301674203 0.291992588 0.324712293 0.325517606 0.309498227 0.385175854 0.353385567 0.382210845 0.396547135 0.388178858 0.380395148 0.359367206 0.374814386 0.375308210 0.388632066 0.390592202 0.617094488 
29     0.390791881 0.372861806 0.377277714 0.375554954 0.357690592 0.372097191 0.362904628 0.346649208 0.352324461 0.350634206 0.349561413 0.337228823 0.335559580 0.339587254 0.358430795 0.369260024 0.345981454 0.340670912 0.327112042 0.328885527 0.327821583 0.329620537 0.326266053 0.318167317 0.334297470 0.332370469 0.288642736 0.280996025 0.291875030 0.282726376 0.165235094 0.000000000 0.054292632 0.314118284 0.309006263 0.298168405 0.328570192 0.328891701 0.315900155 0.388879632 0.356826293 0.389742538 0.405328294 0.396767174 0.385386945 0.365518842 0.380737094 0.381629502 0.393513283 0.394627134 0.621894665 
34     0.389524087 0.371680573 0.376929918 0.375466814 0.356840778 0.370378836 0.361738642 0.345165285 0.351256818 0.349582122 0.348212751 0.335009113 0.333233886 0.338518949 0.356584631 0.368034170 0.345807478 0.339827967 0.325806776 0.327538651 0.326403611 0.328650234 0.325312442 0.317242688 0.333341359 0.330802586 0.288703581 0.280145591 0.291200992 0.282063375 0.159598876 0.054292632 0.000000000 0.315226439 0.308514880 0.297797281 0.327690346 0.327717978 0.313492580 0.388890817 0.356635045 0.387074708 0.402499338 0.394358046 0.382847742 0.363082318 0.378208423 0.379083414 0.391555612 0.392638174 0.622052278 
4     0.399670638 0.386060777 0.378058807 0.379504733 0.357221336 0.370644558 0.362254794 0.348224602 0.355128748 0.350514741 0.358932943 0.345788044 0.343904900 0.350623006 0.368172413 0.375141013 0.352551227 0.347026143 0.335578452 0.337228428 0.336727074 0.339302119 0.333216913 0.327053598 0.345380545 0.340639587 0.320708533 0.309861138 0.320128613 0.310023633 0.312724566 0.314118284 0.315226439 0.000000000 0.212365336 0.234079754 0.333298219 0.334981721 0.318492927 0.392857194 0.363337470 0.402553625 0.416595717 0.405624106 0.399315242 0.371891354 0.389037289 0.390171500 0.397326552 0.399414139 0.622490066 
2     0.389942693 0.377912086 0.368721402 0.370294663 0.348371618 0.362271903 0.353345740 0.337965615 0.344350934 0.341013629 0.352049102 0.338912363 0.337481911 0.339521741 0.360736735 0.363505687 0.342396064 0.336153886 0.326118284 0.324989711 0.323933484 0.326335894 0.320510187 0.316290852 0.334850428 0.332081787 0.312172853 0.301913521 0.312572468 0.303614375 0.301674203 0.309006263 0.308514880 0.212365336 0.000000000 0.223808458 0.328062274 0.327196761 0.311261691 0.386353903 0.354146297 0.393902829 0.410346529 0.401691656 0.394777463 0.367172553 0.383751432 0.384157044 0.393745854 0.396728555 0.615344763 
10     0.380430118 0.367560025 0.361376978 0.358989789 0.337712762 0.349559062 0.340728351 0.326401366 0.332455336 0.329086891 0.342866421 0.328273255 0.326339611 0.331904370 0.349096455 0.356940082 0.335928969 0.328356576 0.317667096 0.316626990 0.315114871 0.317432625 0.313305255 0.306808314 0.326487490 0.322301828 0.300182814 0.290718325 0.300914263 0.291543430 0.291992588 0.298168405 0.297797281 0.234079754 0.223808458 0.000000000 0.314874453 0.312739227 0.296121401 0.373750301 0.341906421 0.382722484 0.398899519 0.390698544 0.382959032 0.354471490 0.373217044 0.374610650 0.383679233 0.386587650 0.604281844 
25     0.399583776 0.386898664 0.380177990 0.379577556 0.360649738 0.370973320 0.364175569 0.349285214 0.354963354 0.349843748 0.354182256 0.340088779 0.337961056 0.343747147 0.360359818 0.373220412 0.351541056 0.338848520 0.328818862 0.333867206 0.333411651 0.333737884 0.330099216 0.324348126 0.343056486 0.339235120 0.328367166 0.317002909 0.327569692 0.319087047 0.324712293 0.328570192 0.327690346 0.333298219 0.328062274 0.314874453 0.000000000 0.125011996 0.182269537 0.389943671 0.358692860 0.402133273 0.419437990 0.409120428 0.401164899 0.372534569 0.388565525 0.389198625 0.401443471 0.402803626 0.614073627 
27     0.402589437 0.388140056 0.379017870 0.379223988 0.361507431 0.370963068 0.365588831 0.351249058 0.357525680 0.352119521 0.357305168 0.343940002 0.342613750 0.344923210 0.359412931 0.373434070 0.353428102 0.340674058 0.331764150 0.335595624 0.335065596 0.335833592 0.331412815 0.326559339 0.344389382 0.337011205 0.328258290 0.317889945 0.328499130 0.318469289 0.325517606 0.328891701 0.327717978 0.334981721 0.327196761 0.312739227 0.125011996 0.000000000 0.179784061 0.390867167 0.360105524 0.401156969 0.420184667 0.411072087 0.401484362 0.372739388 0.389007811 0.389609291 0.401291850 0.402593287 0.613983899 
14     0.383489703 0.369182421 0.365152952 0.364513641 0.343979535 0.356327777 0.348619628 0.334496098 0.339935702 0.337684086 0.345140629 0.329983150 0.328035379 0.331751362 0.348845234 0.362408947 0.341572274 0.329049748 0.320325532 0.321026757 0.319216681 0.320867029 0.317564209 0.313276902 0.327593515 0.323855361 0.314923711 0.303248355 0.313676064 0.303648114 0.309498227 0.315900155 0.313492580 0.318492927 0.311261691 0.296121401 0.182269537 0.179784061 0.000000000 0.376068138 0.341995684 0.387105503 0.404399603 0.393848727 0.385509474 0.357067228 0.378520078 0.379266367 0.389702271 0.391833579 0.598982929 
19     0.438279770 0.422285654 0.413029212 0.419569450 0.399134645 0.410286503 0.403158289 0.392457238 0.396878395 0.395085466 0.400777118 0.390693182 0.389118851 0.391110308 0.409519501 0.424787490 0.404384167 0.398746603 0.389006855 0.387535065 0.386008374 0.388681250 0.384168876 0.377356205 0.397439814 0.389063774 0.392608101 0.382193648 0.392601117 0.383534065 0.385175854 0.388879632 0.388890817 0.392857194 0.386353903 0.373750301 0.389943671 0.390867167 0.376068138 0.000000000 0.298685920 0.418999821 0.437254660 0.428585531 0.422699594 0.394200768 0.412637898 0.412269589 0.421779050 0.424679093 0.644462317 
38     0.403933929 0.390925651 0.389029710 0.387223683 0.371441252 0.383092596 0.377036013 0.357918430 0.362597014 0.358808324 0.375715712 0.362855138 0.360462958 0.362883454 0.380993144 0.395762035 0.374174405 0.364422780 0.356614551 0.361425550 0.359335473 0.362407895 0.357043604 0.351187289 0.369920466 0.360216453 0.357790018 0.350562449 0.360249197 0.350596736 0.353385567 0.356826293 0.356635045 0.363337470 0.354146297 0.341906421 0.358692860 0.360105524 0.341995684 0.298685920 0.000000000 0.387214522 0.406947798 0.398119443 0.392500442 0.360861911 0.381323757 0.381431271 0.392007041 0.394517430 0.606330463 
47     0.441959052 0.426112795 0.429540735 0.428947479 0.403788514 0.422512397 0.413212757 0.396680250 0.404027058 0.399870375 0.408251890 0.397253045 0.395861122 0.395269285 0.416757038 0.427613283 0.410749449 0.401175274 0.387944576 0.388678762 0.389558044 0.390376203 0.388669088 0.381731707 0.402662683 0.392506732 0.387800769 0.385925656 0.394893488 0.380167076 0.382210845 0.389742538 0.387074708 0.402553625 0.393902829 0.382722484 0.402133273 0.401156969 0.387105503 0.418999821 0.387214522 0.000000000 0.311712547 0.303113609 0.301551939 0.280202000 0.348276760 0.349037748 0.361147306 0.364598720 0.634070161 
46     0.471349423 0.452313289 0.451730110 0.450304839 0.425738234 0.441358300 0.433148757 0.420228844 0.425068576 0.421097974 0.431420660 0.418548296 0.417205682 0.412821248 0.432798868 0.447288592 0.429579278 0.422643241 0.410582731 0.410950513 0.409319144 0.412032629 0.407445358 0.397789713 0.424642833 0.416831515 0.408936766 0.403110538 0.411189513 0.397367969 0.396547135 0.405328294 0.402499338 0.416595717 0.410346529 0.398899519 0.419437990 0.420184667 0.404399603 0.437254660 0.406947798 0.311712547 0.000000000 0.140586137 0.186525956 0.243125568 0.368426231 0.368709477 0.376369294 0.378931762 0.655089328 
45     0.464177338 0.442395206 0.444925212 0.442348303 0.417902331 0.434804046 0.425955167 0.412696846 0.417963403 0.413757229 0.421221096 0.407392409 0.405151705 0.402955499 0.424095734 0.440529267 0.421553824 0.412215307 0.402852422 0.404295149 0.403247466 0.405413653 0.401380164 0.390616134 0.417851236 0.409448637 0.402189976 0.396374327 0.405363699 0.390325886 0.388178858 0.396767174 0.394358046 0.405624106 0.401691656 0.390698544 0.409120428 0.411072087 0.393848727 0.428585531 0.398119443 0.303113609 0.140586137 0.000000000 0.180727011 0.235754621 0.360450818 0.361620342 0.370620860 0.373576492 0.647123848 
50     0.454100100 0.432558458 0.436511285 0.435280439 0.412645282 0.429125424 0.419125173 0.404312089 0.409380659 0.404456716 0.417123374 0.402253090 0.400306889 0.399179929 0.417368364 0.430741555 0.415402857 0.406493059 0.394464456 0.395031749 0.394150331 0.396457767 0.393346738 0.385520729 0.408477323 0.399134627 0.393910726 0.388957245 0.395889646 0.382945377 0.380395148 0.385386945 0.382847742 0.399315242 0.394777463 0.382959032 0.401164899 0.401484362 0.385509474 0.422699594 0.392500442 0.301551939 0.186525956 0.180727011 0.000000000 0.232477844 0.356641765 0.356840244 0.364364402 0.367381434 0.647716090 
43     0.422427979 0.405078881 0.407395645 0.403049177 0.382823917 0.400181729 0.390059695 0.374170485 0.380510730 0.375684129 0.387428077 0.372648868 0.370413740 0.367206103 0.390589388 0.403654102 0.388759625 0.378106899 0.370102892 0.368297831 0.368182429 0.370436731 0.365081144 0.359397188 0.381423511 0.370908563 0.366854848 0.362783739 0.369597238 0.358345242 0.359367206 0.365518842 0.363082318 0.371891354 0.367172553 0.354471490 0.372534569 0.372739388 0.357067228 0.394200768 0.360861911 0.280202000 0.243125568 0.235754621 0.232477844 0.000000000 0.327176093 0.327207903 0.336806365 0.340077670 0.609529594 
42     0.432125516 0.417826275 0.421586004 0.425762401 0.401721586 0.419531800 0.411033916 0.393076302 0.399359713 0.396716301 0.400880850 0.390537639 0.388094109 0.388128375 0.407535826 0.421257593 0.398068260 0.385836047 0.381278822 0.377877424 0.375067226 0.379336246 0.376171571 0.372648162 0.393143773 0.379740484 0.383262907 0.376564826 0.385209161 0.374960477 0.374814386 0.380737094 0.378208423 0.389037289 0.383751432 0.373217044 0.388565525 0.389007811 0.378520078 0.412637898 0.381323757 0.348276760 0.368426231 0.360450818 0.356641765 0.327176093 0.000000000 0.036531074 0.219751451 0.223375481 0.618462494 
49     0.433547678 0.419291607 0.422453501 0.426490350 0.402482254 0.420658880 0.411933138 0.393976050 0.400266259 0.397625939 0.402120974 0.391514582 0.389071051 0.388915332 0.408493039 0.422113318 0.398602944 0.387612511 0.382230293 0.378284321 0.375472662 0.379750294 0.376606470 0.373236209 0.393805222 0.380015791 0.384409909 0.378004537 0.386561672 0.376384427 0.375308210 0.381629502 0.379083414 0.390171500 0.384157044 0.374610650 0.389198625 0.389609291 0.379266367 0.412269589 0.381431271 0.349037748 0.368709477 0.361620342 0.356840244 0.327207903 0.036531074 0.000000000 0.219852277 0.224437142 0.619683248 
48     0.443350184 0.430982641 0.431906517 0.433977573 0.407906184 0.425915200 0.418616639 0.403131332 0.408705712 0.405509654 0.410392014 0.397781837 0.396048344 0.398392198 0.416791649 0.432435966 0.408996070 0.403010598 0.392348836 0.388511517 0.387325799 0.391524647 0.388822761 0.381223302 0.403857562 0.396169259 0.394731320 0.389172453 0.398299341 0.386532532 0.388632066 0.393513283 0.391555612 0.397326552 0.393745854 0.383679233 0.401443471 0.401291850 0.389702271 0.421779050 0.392007041 0.361147306 0.376369294 0.370620860 0.364364402 0.336806365 0.219751451 0.219852277 0.000000000 0.071091208 0.636340580 
44     0.445256964 0.432471550 0.435283037 0.435656151 0.410971180 0.428590557 0.421131959 0.407071881 0.412475855 0.409303666 0.413306260 0.399866107 0.398361501 0.400992485 0.418950178 0.436852044 0.413566482 0.407353375 0.396334657 0.391712597 0.390424967 0.394709604 0.391544689 0.386672301 0.406497612 0.399098975 0.396064922 0.390402690 0.399335281 0.387716409 0.390592202 0.394627134 0.392638174 0.399414139 0.396728555 0.386587650 0.402803626 0.402593287 0.391833579 0.424679093 0.394517430 0.364598720 0.378931762 0.373576492 0.367381434 0.340077670 0.223375481 0.224437142 0.071091208 0.000000000 0.640522999 
0     0.659011915 0.648218847 0.646290140 0.641622225 0.618487816 0.633408778 0.626669757 0.610062701 0.619220287 0.607471935 0.633343063 0.625750474 0.623904565 0.610082171 0.635695737 0.654674743 0.629260538 0.617960624 0.611739684 0.621235319 0.623681021 0.624213466 0.621209151 0.610828840 0.627168381 0.622907745 0.616961787 0.618444269 0.629158227 0.614231961 0.617094488 0.621894665 0.622052278 0.622490066 0.615344763 0.604281844 0.614073627 0.613983899 0.598982929 0.644462317 0.606330463 0.634070161 0.655089328 0.647123848 0.647716090 0.609529594 0.618462494 0.619683248 0.636340580 0.640522999 0.000000000 
