51
1     0.000000000 0.006769020 0.011417910 0.016203190 0.016350210 0.007288570 0.019976860 0.009812190 0.008380210 0.005326510 0.016384130 0.020865520 0.012734860 0.001777710 0.015033040 0.023995980 0.004925350 0.011735550 0.021018570 0.023639400 0.010356310 0.015008940 0.002576880 0.003413200 0.016932590 0.015354330 0.012268280 0.032955670 0.013856770 0.005168790 0.021050300 0.014088020 0.016341080 0.017381990 0.011908560 0.021840970 0.012291120 0.008449540 0.003521160 0.008313700 0.022172430 0.016710110 0.021132610 0.018090520 0.018227210 0.010416790 0.004418430 0.005245050 0.008620710 0.008721380 0.006354120 
23     0.006769020 0.000000000 0.011915110 0.007164070 0.010870190 0.010433920 0.013362560 0.011473220 0.022788130 0.018825010 0.010491470 0.012229530 0.012349650 0.011038030 0.000377750 0.021208970 0.010120170 0.014029080 0.011984730 0.002266170 0.023230750 0.007632310 0.001640900 0.004864910 0.005482120 0.009963750 0.011674320 0.011477230 0.016321830 0.018038040 0.022908540 0.004885380 0.020491600 0.008044350 0.005608380 0.014979760 0.011474680 0.010266660 0.006005880 0.010403240 0.003295790 0.017179340 0.023969110 0.007203910 0.010959560 0.013197220 0.013203110 0.012864450 0.011401140 0.011501810 0.007412720 
7     0.011417910 0.011915110 0.000000000 0.011971550 0.008598740 0.013772000 0.009361530 0.005257840 0.011160700 0.008406760 0.005678550 0.009338810 0.006460870 0.010956820 0.018428510 0.005491390 0.010685880 0.002117910 0.005127130 0.006086210 0.005352170 0.001188750 0.008838270 0.008222550 0.010017600 0.005427170 0.021447540 0.025007010 0.024380950 0.011984280 0.018211540 0.009895340 0.012664800 0.017744110 0.023111500 0.000450130 0.002273540 0.000748770 0.000674810 0.014353600 0.017750060 0.008150150 0.022019920 0.002447230 0.018376550 0.009899690 0.015334620 0.019766920 0.021123860 0.019358530 0.002844560 
30     0.016203190 0.007164070 0.011971550 0.000000000 0.001393060 0.007188570 0.002640720 0.011822400 0.002880230 0.006945820 0.002138470 0.018978080 0.009458970 0.024194710 0.023054720 0.009801340 0.012917540 0.013211560 0.019430620 0.017051280 0.004000440 0.016013620 0.020465710 0.007414430 0.007409930 0.012521660 0.008099650 0.012846530 0.020893640 0.022049260 0.008505370 0.028834130 0.029745890 0.011478360 0.005849120 0.005784820 0.002197160 0.000241660 0.016138730 0.004737270 0.007710780 0.021771580 0.017473720 0.005799880 0.027639880 0.002488130 0.011687750 0.011333760 0.017782310 0.021314430 0.000828040 
32     0.016350210 0.010870190 0.008598740 0.001393060 0.000000000 0.000527680 0.001479980 0.004664920 0.004098040 0.005624470 0.007463800 0.012206510 0.009366850 0.018061790 0.010652270 0.003203360 0.022327950 0.024890920 0.014199250 0.006539870 0.016006580 0.013785360 0.014613760 0.010531640 0.007610860 0.008586990 0.022542030 0.012083230 0.019190070 0.015910550 0.021703650 0.013227040 0.013845430 0.012975370 0.008290700 0.008596490 0.006416620 0.016204790 0.017863540 0.022425260 0.010031020 0.013788860 0.009381370 0.005075320 0.009149270 0.015379830 0.008592900 0.010406250 0.004776240 0.002947000 0.006919140 
15     0.007288570 0.010433920 0.013772000 0.007188570 0.000527680 0.000000000 0.004578550 0.008851750 0.008086220 0.005032520 0.001869670 0.006124480 0.006185440 0.022532830 0.021930450 0.005583810 0.008538520 0.006098660 0.013130940 0.017642340 0.006470540 0.010093330 0.017538450 0.011225250 0.007376870 0.012862750 0.024293190 0.026907040 0.021434830 0.013265840 0.010498940 0.014583410 0.010169390 0.006357550 0.027037130 0.015680960 0.023165650 0.013000420 0.026848970 0.018798220 0.003200040 0.005270120 0.022194460 0.010591640 0.004706450 0.003994890 0.008386840 0.014663370 0.007216390 0.011363660 0.011545580 
3     0.019976860 0.013362560 0.009361530 0.002640720 0.001479980 0.004578550 0.000000000 0.006639760 0.003596390 0.013250400 0.001138900 0.012132600 0.013179240 0.015470420 0.012111150 0.027421030 0.009401200 0.020982690 0.010061140 0.014355880 0.010095930 0.004366020 0.011808180 0.011902390 0.014901410 0.011430800 0.016904850 0.008972210 0.011883790 0.004471500 0.012405350 0.000941600 0.001706210 0.014030340 0.016763700 0.013439490 0.027270880 0.004649940 0.017138800 0.019350680 0.012669900 0.005551170 0.010146270 0.007982610 0.027612680 0.017009830 0.030603960 0.030554580 0.026981100 0.009497210 0.004915560 
8     0.009812190 0.011473220 0.005257840 0.011822400 0.004664920 0.008851750 0.006639760 0.000000000 0.001796290 0.000000680 0.007402650 0.008137810 0.014104660 0.014872780 0.001857640 0.001901410 0.011621940 0.012769080 0.002764920 0.006831910 0.007559100 0.009054830 0.010585040 0.008088410 0.022746190 0.006261890 0.006345910 0.019948050 0.011490570 0.005784460 0.000512140 0.006925770 0.006291560 0.007593980 0.015693620 0.006063810 0.025951570 0.004801410 0.013721180 0.011176390 0.004767310 0.007069250 0.018488600 0.006253820 0.009279110 0.000833150 0.002730210 0.002524000 0.012978910 0.029986210 0.001946580 
9     0.008380210 0.022788130 0.011160700 0.002880230 0.004098040 0.008086220 0.003596390 0.001796290 0.000000000 0.000205070 0.012531940 0.010888210 0.006128450 0.010369740 0.018968930 0.013902030 0.006986940 0.009756550 0.011173720 0.017265950 0.017386280 0.017561560 0.015993460 0.015942720 0.020332540 0.004825180 0.003532160 0.012050670 0.015567930 0.001005200 0.012156450 0.010141180 0.013728590 0.004780230 0.022612670 0.006275730 0.018645510 0.024838650 0.002385050 0.005767510 0.007997520 0.010299460 0.011324390 0.007673670 0.017371480 0.008536940 0.027730820 0.027510600 0.014562190 0.012086290 0.022151470 
18     0.005326510 0.018825010 0.008406760 0.006945820 0.005624470 0.005032520 0.013250400 0.000000680 0.000205070 0.000000000 0.007483850 0.007440600 0.006988500 0.001623340 0.007616200 0.015230240 0.026495060 0.014761650 0.005820460 0.017940060 0.016164760 0.012114910 0.002923920 0.016616830 0.003714530 0.002668290 0.010225350 0.013154660 0.006054140 0.007097720 0.002804140 0.008499300 0.003632550 0.010334920 0.023040220 0.011709650 0.004955080 0.007224270 0.023639100 0.009914450 0.004149700 0.006451640 0.021894990 0.006773040 0.003282330 0.017050270 0.010596220 0.011482520 0.008788350 0.001544980 0.004754540 
37     0.016384130 0.010491470 0.005678550 0.002138470 0.007463800 0.001869670 0.001138900 0.007402650 0.012531940 0.007483850 0.000000000 0.000305840 0.000801950 0.005490390 0.002944350 0.009484960 0.004173220 0.008825470 0.010693340 0.020167920 0.007586910 0.017875860 0.019830930 0.025232110 0.015558700 0.007506690 0.013618290 0.003942810 0.021607990 0.005437740 0.009102030 0.012330050 0.007673350 0.005364590 0.006453320 0.008492380 0.018894710 0.015505720 0.008683930 0.005549840 0.003614460 0.013363320 0.012497010 0.005939380 0.016319260 0.004694750 0.012389240 0.016102470 0.003587800 0.014329510 0.014405900 
12     0.020865520 0.012229530 0.009338810 0.018978080 0.012206510 0.006124480 0.012132600 0.008137810 0.010888210 0.007440600 0.000305840 0.000000000 0.000259130 0.003067850 0.006248540 0.005026820 0.009834510 0.017647960 0.003648530 0.019774520 0.019721150 0.015305110 0.002196190 0.002097650 0.013228460 0.017406680 0.017263720 0.012494970 0.023376330 0.007707960 0.012075060 0.012781140 0.016646040 0.017618510 0.005465580 0.015062240 0.018272550 0.017931240 0.004255680 0.017491980 0.009518020 0.007602740 0.011584130 0.005255790 0.005092050 0.008193420 0.012135040 0.013365080 0.018745690 0.023942890 0.003690300 
11     0.012734860 0.012349650 0.006460870 0.009458970 0.009366850 0.006185440 0.013179240 0.014104660 0.006128450 0.006988500 0.000801950 0.000259130 0.000000000 0.004836690 0.005528850 0.006241950 0.008177650 0.002503950 0.003554030 0.017536690 0.014666420 0.014021030 0.001907930 0.001830200 0.011944380 0.016956980 0.013044230 0.001991270 0.023303340 0.001648660 0.011657960 0.014331980 0.018196880 0.001800270 0.006562120 0.010135140 0.012844590 0.007771480 0.004851820 0.008903110 0.008334490 0.023108930 0.014287380 0.007436650 0.003370400 0.007539450 0.004919840 0.008633070 0.021357750 0.022032020 0.003617310 
40     0.001777710 0.011038030 0.010956820 0.024194710 0.018061790 0.022532830 0.015470420 0.014872780 0.010369740 0.001623340 0.005490390 0.003067850 0.004836690 0.000000000 0.001576730 0.006525250 0.015633860 0.002673930 0.007666080 0.017502990 0.017623320 0.015777710 0.012202020 0.001608170 0.010818720 0.005564030 0.011775480 0.009645630 0.028081200 0.002508880 0.004513360 0.008862180 0.007815790 0.003650470 0.010127100 0.006946990 0.003674180 0.007451270 0.007250510 0.011114540 0.006919280 0.005385020 0.026783180 0.010625040 0.011299150 0.009846330 0.015219390 0.017526760 0.016675770 0.022531990 0.035060710 
5     0.015033040 0.000377750 0.018428510 0.023054720 0.010652270 0.021930450 0.012111150 0.001857640 0.018968930 0.007616200 0.002944350 0.006248540 0.005528850 0.001576730 0.000000000 0.011947710 0.018152680 0.006419180 0.003754840 0.017286370 0.005135830 0.016665310 0.016530620 0.004151640 0.005892900 0.003326980 0.009975440 0.010456460 0.013547040 0.000962470 0.009101170 0.017490080 0.018363320 0.015948960 0.017573090 0.012257650 0.011709770 0.017063310 0.005289040 0.012652980 0.015339530 0.017485260 0.019457330 0.006269510 0.016800310 0.018202140 0.020619080 0.020017030 0.018312680 0.008634240 0.008337820 
16     0.023995980 0.021208970 0.005491390 0.009801340 0.003203360 0.005583810 0.027421030 0.001901410 0.013902030 0.015230240 0.009484960 0.005026820 0.006241950 0.006525250 0.011947710 0.000000000 0.000128560 0.001765780 0.001457530 0.014191090 0.010495070 0.016249380 0.012605730 0.021714720 0.013842760 0.013384710 0.004199880 0.008859730 0.013983070 0.010363000 0.024158620 0.007977790 0.009865160 0.007583100 0.006847130 0.017497880 0.014281980 0.008948260 0.014037010 0.032563620 0.008671330 0.013690070 0.021359140 0.017503230 0.013370980 0.008305900 0.011805500 0.011742570 0.020160540 0.013623820 0.025229640 
17     0.004925350 0.010120170 0.010685880 0.012917540 0.022327950 0.008538520 0.009401200 0.011621940 0.006986940 0.026495060 0.004173220 0.009834510 0.008177650 0.015633860 0.018152680 0.000128560 0.000000000 0.001893660 0.008091140 0.013065790 0.004269260 0.011036800 0.010845350 0.009132940 0.013800310 0.010130460 0.012477750 0.014153210 0.011277840 0.017924890 0.017839290 0.009228000 0.013486440 0.007429390 0.006001390 0.002350610 0.006381230 0.018412230 0.014381370 0.020238560 0.021190900 0.011775910 0.016387590 0.018600220 0.001995510 0.014019750 0.017585470 0.011561870 0.008483290 0.013718620 0.020482470 
36     0.011735550 0.014029080 0.002117910 0.013211560 0.024890920 0.006098660 0.020982690 0.012769080 0.009756550 0.014761650 0.008825470 0.017647960 0.002503950 0.002673930 0.006419180 0.001765780 0.001893660 0.000000000 0.004948390 0.004073770 0.003702420 0.012923890 0.014878960 0.005972880 0.003644560 0.013433340 0.014906950 0.015182920 0.024708510 0.007221070 0.017651980 0.007303240 0.019380760 0.013246280 0.009476620 0.022519040 0.008290950 0.015239830 0.005173220 0.015425940 0.007646490 0.013158590 0.005200180 0.006816510 0.002206090 0.015655600 0.023156480 0.023093550 0.004947370 0.004571480 0.008985770 
31     0.021018570 0.011984730 0.005127130 0.019430620 0.014199250 0.013130940 0.010061140 0.002764920 0.011173720 0.005820460 0.010693340 0.003648530 0.003554030 0.007666080 0.003754840 0.001457530 0.008091140 0.004948390 0.000000000 0.006271490 0.013467910 0.011650750 0.009809440 0.006856510 0.014011190 0.002386760 0.004415450 0.011292070 0.000398460 0.019823840 0.015118760 0.010619600 0.014484500 0.008385130 0.014588850 0.015554550 0.004215810 0.006827590 0.015049940 0.001082400 0.015937840 0.000053360 0.034012800 0.007727930 0.000826870 0.008525580 0.007729430 0.001498440 0.006626870 0.004613920 0.004701870 
35     0.023639400 0.002266170 0.006086210 0.017051280 0.006539870 0.017642340 0.014355880 0.006831910 0.017265950 0.017940060 0.020167920 0.019774520 0.017536690 0.017502990 0.017286370 0.014191090 0.013065790 0.004073770 0.006271490 0.000000000 0.000730270 0.000035500 0.001445160 0.002712990 0.002449390 0.008164120 0.003041080 0.002606440 0.010213130 0.010975590 0.001586540 0.016622150 0.022451700 0.008609190 0.011693460 0.008142670 0.019786990 0.007574600 0.016573810 0.012351590 0.002902880 0.024309000 0.020017910 0.011031610 0.020368870 0.004728890 0.005179990 0.004577940 0.026821180 0.014434130 0.014758590 
39     0.010356310 0.023230750 0.005352170 0.004000440 0.016006580 0.006470540 0.010095930 0.007559100 0.017386280 0.016164760 0.007586910 0.019721150 0.014666420 0.017623320 0.005135830 0.010495070 0.004269260 0.003702420 0.013467910 0.000730270 0.000000000 0.001283820 0.002624700 0.002576240 0.008020240 0.004526580 0.008842750 0.005170500 0.021092980 0.007894520 0.005610200 0.011029520 0.016859070 0.010117800 0.005939660 0.009972840 0.002821470 0.019163550 0.013192520 0.006030820 0.017403550 0.023094180 0.011131760 0.008233090 0.020267950 0.004936100 0.009479930 0.008877880 0.007332730 0.021184610 0.016081180 
21     0.015008940 0.007632310 0.001188750 0.016013620 0.013785360 0.010093330 0.004366020 0.009054830 0.017561560 0.012114910 0.017875860 0.015305110 0.014021030 0.015777710 0.016665310 0.016249380 0.011036800 0.012923890 0.011650750 0.000035500 0.001283820 0.000000000 0.001297810 0.000292170 0.000028570 0.003904030 0.002971060 0.019279370 0.005509970 0.003524150 0.009981580 0.011614540 0.016070730 0.011530970 0.011407280 0.008231480 0.005378370 0.008002300 0.014281750 0.002319430 0.007743410 0.012383810 0.002683530 0.005281800 0.017639650 0.007844910 0.002953850 0.004055560 0.013261580 0.005477380 0.018995100 
41     0.002576880 0.001640900 0.008838270 0.020465710 0.014613760 0.017538450 0.011808180 0.010585040 0.015993460 0.002923920 0.019830930 0.002196190 0.001907930 0.012202020 0.016530620 0.012605730 0.010845350 0.014878960 0.009809440 0.001445160 0.002624700 0.001297810 0.000000000 0.008374610 0.005776390 0.009100080 0.007695790 0.013946600 0.024325020 0.003695110 0.011050290 0.013364820 0.009305100 0.010230520 0.010604710 0.006314310 0.019087910 0.004475150 0.016236820 0.002965340 0.003100750 0.001873460 0.002224090 0.003243180 0.025007530 0.008327370 0.011235860 0.010633810 0.023145540 0.018239180 0.009682440 
24     0.003413200 0.004864910 0.008222550 0.007414430 0.010531640 0.011225250 0.011902390 0.008088410 0.015942720 0.016616830 0.025232110 0.002097650 0.001830200 0.001608170 0.004151640 0.021714720 0.009132940 0.005972880 0.006856510 0.002712990 0.002576240 0.000292170 0.008374610 0.000000000 0.000264080 0.002286750 0.018340410 0.002421060 0.004338910 0.003511700 0.001869250 0.009241420 0.004859800 0.002885430 0.007164550 0.014930240 0.005458860 0.000791660 0.002146610 0.004142010 0.015358230 0.013587240 0.011448630 0.009829110 0.009221270 0.010687160 0.002050840 0.005372260 0.007986710 0.005717890 0.011621500 
26     0.016932590 0.005482120 0.010017600 0.007409930 0.007610860 0.007376870 0.014901410 0.022746190 0.020332540 0.003714530 0.015558700 0.013228460 0.011944380 0.010818720 0.005892900 0.013842760 0.013800310 0.003644560 0.014011190 0.002449390 0.008020240 0.000028570 0.005776390 0.000264080 0.000000000 0.003318300 0.001920040 0.005903010 0.009615560 0.007504730 0.001192280 0.010476890 0.005933900 0.002034280 0.015471460 0.004934390 0.006624080 0.020989040 0.000824630 0.001701270 0.003302860 0.001943270 0.016324770 0.008561950 0.015930710 0.008149780 0.011279990 0.012049510 0.009086070 0.001473830 0.006312830 
22     0.015354330 0.009963750 0.005427170 0.012521660 0.008586990 0.012862750 0.011430800 0.006261890 0.004825180 0.002668290 0.007506690 0.017406680 0.016956980 0.005564030 0.003326980 0.013384710 0.010130460 0.013433340 0.002386760 0.008164120 0.004526580 0.003904030 0.009100080 0.002286750 0.003318300 0.000000000 0.017690400 0.010232290 0.026764980 0.002378760 0.016403960 0.010548780 0.012748930 0.007690680 0.006508930 0.001460820 0.005088440 0.015816780 0.011470940 0.011462520 0.012781270 0.004460230 0.016601330 0.005170580 0.004524500 0.011129110 0.016294570 0.015353260 0.003741180 0.012343810 0.019935430 
33     0.012268280 0.011674320 0.021447540 0.008099650 0.022542030 0.024293190 0.016904850 0.006345910 0.003532160 0.010225350 0.013618290 0.017263720 0.013044230 0.011775480 0.009975440 0.004199880 0.012477750 0.014906950 0.004415450 0.003041080 0.008842750 0.002971060 0.007695790 0.018340410 0.001920040 0.017690400 0.000000000 0.000763990 0.010257210 0.002293250 0.006000810 0.006499440 0.011887330 0.005611230 0.006005990 0.009791110 0.000200820 0.003350520 0.016553240 0.000911590 0.007383230 0.007068450 0.012865780 0.002740000 0.028756460 0.013130420 0.010852080 0.010789150 0.008754330 0.009903060 0.008021710 
28     0.032955670 0.011477230 0.025007010 0.012846530 0.012083230 0.026907040 0.008972210 0.019948050 0.012050670 0.013154660 0.003942810 0.012494970 0.001991270 0.009645630 0.010456460 0.008859730 0.014153210 0.015182920 0.011292070 0.002606440 0.005170500 0.019279370 0.013946600 0.002421060 0.005903010 0.010232290 0.000763990 0.000000000 0.001017960 0.001362670 0.006720960 0.015495380 0.009567370 0.010301870 0.006248070 0.000559770 0.004448660 0.007898910 0.017034260 0.015025150 0.014527740 0.004381610 0.013921260 0.010065350 0.018924900 0.016067020 0.016129320 0.003073150 0.009625960 0.013047670 0.003046610 
13     0.013856770 0.016321830 0.024380950 0.020893640 0.019190070 0.021434830 0.011883790 0.011490570 0.015567930 0.006054140 0.021607990 0.023376330 0.023303340 0.028081200 0.013547040 0.013983070 0.011277840 0.024708510 0.000398460 0.010213130 0.021092980 0.005509970 0.024325020 0.004338910 0.009615560 0.026764980 0.010257210 0.001017960 0.000000000 0.004558670 0.014351170 0.013371280 0.018743410 0.011267480 0.012273540 0.015390010 0.016083990 0.017258810 0.014440270 0.007037570 0.001253200 0.004314170 0.010391890 0.020756870 0.019226900 0.016524810 0.005629060 0.005023300 0.012364530 0.011945790 0.022244080 
20     0.005168790 0.018038040 0.011984280 0.022049260 0.015910550 0.013265840 0.004471500 0.005784460 0.001005200 0.007097720 0.005437740 0.007707960 0.001648660 0.002508880 0.000962470 0.010363000 0.017924890 0.007221070 0.019823840 0.010975590 0.007894520 0.003524150 0.003695110 0.003511700 0.007504730 0.002378760 0.002293250 0.001362670 0.004558670 0.000000000 0.000485360 0.004083270 0.019660040 0.010911990 0.007169230 0.010321440 0.008210160 0.014651190 0.006917470 0.026143690 0.006485570 0.014369030 0.003957940 0.004990870 0.005838500 0.011892460 0.006339280 0.006276350 0.002620120 0.027521390 0.005015160 
6     0.021050300 0.022908540 0.018211540 0.008505370 0.021703650 0.010498940 0.012405350 0.000512140 0.012156450 0.002804140 0.009102030 0.012075060 0.011657960 0.004513360 0.009101170 0.024158620 0.017839290 0.017651980 0.015118760 0.001586540 0.005610200 0.009981580 0.011050290 0.001869250 0.001192280 0.016403960 0.006000810 0.006720960 0.014351170 0.000485360 0.000000000 0.002017220 0.001420670 0.008228240 0.001497010 0.018722420 0.009662440 0.009214690 0.005892690 0.009310600 0.013648580 0.005357540 0.001651700 0.006914320 0.026318460 0.008368810 0.011593300 0.011697490 0.016202640 0.012147790 0.004592530 
29     0.014088020 0.004885380 0.009895340 0.028834130 0.013227040 0.014583410 0.000941600 0.006925770 0.010141180 0.008499300 0.012330050 0.012781140 0.014331980 0.008862180 0.017490080 0.007977790 0.009228000 0.007303240 0.010619600 0.016622150 0.011029520 0.011614540 0.013364820 0.009241420 0.010476890 0.010548780 0.006499440 0.015495380 0.013371280 0.004083270 0.002017220 0.000000000 0.000653570 0.023791820 0.002594230 0.006574410 0.022485410 0.008708570 0.012726730 0.011649960 0.004857380 0.007581410 0.011571580 0.015896860 0.027253680 0.006807810 0.011636210 0.011731840 0.008794430 0.012230170 0.024425810 
34     0.016341080 0.020491600 0.012664800 0.029745890 0.013845430 0.010169390 0.001706210 0.006291560 0.013728590 0.003632550 0.007673350 0.016646040 0.018196880 0.007815790 0.018363320 0.009865160 0.013486440 0.019380760 0.014484500 0.022451700 0.016859070 0.016070730 0.009305100 0.004859800 0.005933900 0.012748930 0.011887330 0.009567370 0.018743410 0.019660040 0.001420670 0.000653570 0.000000000 0.020946250 0.003597990 0.012403960 0.018815710 0.003203840 0.015494700 0.011488460 0.005120660 0.009527220 0.017906240 0.008587470 0.025969910 0.005336170 0.013582020 0.013677650 0.030214070 0.011656550 0.025914490 
4     0.017381990 0.008044350 0.017744110 0.011478360 0.012975370 0.006357550 0.014030340 0.007593980 0.004780230 0.010334920 0.005364590 0.017618510 0.001800270 0.003650470 0.015948960 0.007583100 0.007429390 0.013246280 0.008385130 0.008609190 0.010117800 0.011530970 0.010230520 0.002885430 0.002034280 0.007690680 0.005611230 0.010301870 0.011267480 0.010911990 0.008228240 0.023791820 0.020946250 0.000000000 0.000006590 0.000000840 0.007974170 0.007201210 0.001528390 0.012049850 0.007940250 0.013593260 0.018562880 0.018473120 0.018161830 0.000173210 0.010197910 0.011331130 0.012896550 0.012219980 0.003123900 
2     0.011908560 0.005608380 0.023111500 0.005849120 0.008290700 0.027037130 0.016763700 0.015693620 0.022612670 0.023040220 0.006453320 0.005465580 0.006562120 0.010127100 0.017573090 0.006847130 0.006001390 0.009476620 0.014588850 0.011693460 0.005939660 0.011407280 0.010604710 0.007164550 0.015471460 0.006508930 0.006005990 0.006248070 0.012273540 0.007169230 0.001497010 0.002594230 0.003597990 0.000006590 0.000000000 0.000007330 0.009649410 0.008291800 0.006583400 0.004825570 0.013686350 0.013853280 0.003469030 0.011532180 0.004835300 0.013243330 0.009985740 0.009797380 0.008958220 0.020544620 0.003993840 
10     0.021840970 0.014979760 0.000450130 0.005784820 0.008596490 0.015680960 0.013439490 0.006063810 0.006275730 0.011709650 0.008492380 0.015062240 0.010135140 0.006946990 0.012257650 0.017497880 0.002350610 0.022519040 0.015554550 0.008142670 0.009972840 0.008231480 0.006314310 0.014930240 0.004934390 0.001460820 0.009791110 0.000559770 0.015390010 0.010321440 0.018722420 0.006574410 0.012403960 0.000000840 0.000007330 0.000000000 0.011967820 0.007944020 0.008632110 0.009961940 0.004186000 0.001069580 0.011636270 0.008978380 0.009109800 0.005732170 0.010042060 0.008475190 0.003396960 0.002679310 0.022498230 
25     0.012291120 0.011474680 0.002273540 0.002197160 0.006416620 0.023165650 0.027270880 0.025951570 0.018645510 0.004955080 0.018894710 0.018272550 0.012844590 0.003674180 0.011709770 0.014281980 0.006381230 0.008290950 0.004215810 0.019786990 0.002821470 0.005378370 0.019087910 0.005458860 0.006624080 0.005088440 0.000200820 0.004448660 0.016083990 0.008210160 0.009662440 0.022485410 0.018815710 0.007974170 0.009649410 0.011967820 0.000000000 0.001955760 0.005283680 0.000711950 0.001103800 0.012085090 0.020017250 0.007480310 0.024186230 0.003962860 0.023809900 0.003680930 0.027569060 0.019776790 0.009554590 
27     0.008449540 0.010266660 0.000748770 0.000241660 0.016204790 0.013000420 0.004649940 0.004801410 0.024838650 0.007224270 0.015505720 0.017931240 0.007771480 0.007451270 0.017063310 0.008948260 0.018412230 0.015239830 0.006827590 0.007574600 0.019163550 0.008002300 0.004475150 0.000791660 0.020989040 0.015816780 0.003350520 0.007898910 0.017258810 0.014651190 0.009214690 0.008708570 0.003203840 0.007201210 0.008291800 0.007944020 0.001955760 0.000000000 0.000741060 0.003861650 0.002255970 0.016299310 0.018508980 0.018296740 0.021308330 0.007271230 0.018813690 0.021369050 0.026642380 0.015695390 0.011036530 
14     0.003521160 0.006005880 0.000674810 0.016138730 0.017863540 0.026848970 0.017138800 0.013721180 0.002385050 0.023639100 0.008683930 0.004255680 0.004851820 0.007250510 0.005289040 0.014037010 0.014381370 0.005173220 0.015049940 0.016573810 0.013192520 0.014281750 0.016236820 0.002146610 0.000824630 0.011470940 0.016553240 0.017034260 0.014440270 0.006917470 0.005892690 0.012726730 0.015494700 0.001528390 0.006583400 0.008632110 0.005283680 0.000741060 0.000000000 0.013079950 0.003372040 0.020027410 0.007041640 0.001964480 0.012026310 0.006139070 0.000721760 0.000678560 0.024355880 0.020821410 0.010647130 
19     0.008313700 0.010403240 0.014353600 0.004737270 0.022425260 0.018798220 0.019350680 0.011176390 0.005767510 0.009914450 0.005549840 0.017491980 0.008903110 0.011114540 0.012652980 0.032563620 0.020238560 0.015425940 0.001082400 0.012351590 0.006030820 0.002319430 0.002965340 0.004142010 0.001701270 0.011462520 0.000911590 0.015025150 0.007037570 0.026143690 0.009310600 0.011649960 0.011488460 0.012049850 0.004825570 0.009961940 0.000711950 0.003861650 0.013079950 0.000000000 0.003392430 0.011372810 0.011064680 0.010826580 0.006124830 0.018418120 0.001047990 0.003766650 0.001191220 0.004530680 0.003607520 
38     0.022172430 0.003295790 0.017750060 0.007710780 0.010031020 0.003200040 0.012669900 0.004767310 0.007997520 0.004149700 0.003614460 0.009518020 0.008334490 0.006919280 0.015339530 0.008671330 0.021190900 0.007646490 0.015937840 0.002902880 0.017403550 0.007743410 0.003100750 0.015358230 0.003302860 0.012781270 0.007383230 0.014527740 0.001253200 0.006485570 0.013648580 0.004857380 0.005120660 0.007940250 0.013686350 0.004186000 0.001103800 0.002255970 0.003372040 0.003392430 0.000000000 0.006390460 0.004056960 0.011917560 0.001828230 0.005009960 0.015078520 0.012619150 0.011110990 0.017048010 0.010558900 
47     0.016710110 0.017179340 0.008150150 0.021771580 0.013788860 0.005270120 0.005551170 0.007069250 0.010299460 0.006451640 0.013363320 0.007602740 0.023108930 0.005385020 0.017485260 0.013690070 0.011775910 0.013158590 0.000053360 0.024309000 0.023094180 0.012383810 0.001873460 0.013587240 0.001943270 0.004460230 0.007068450 0.004381610 0.004314170 0.014369030 0.005357540 0.007581410 0.009527220 0.013593260 0.013853280 0.001069580 0.012085090 0.016299310 0.020027410 0.011372810 0.006390460 0.000000000 0.007392200 0.006295120 0.010599380 0.011735140 0.015159760 0.015255390 0.010488770 0.016904740 0.004860830 
46     0.021132610 0.023969110 0.022019920 0.017473720 0.009381370 0.022194460 0.010146270 0.018488600 0.011324390 0.021894990 0.012497010 0.011584130 0.014287380 0.026783180 0.019457330 0.021359140 0.016387590 0.005200180 0.034012800 0.020017910 0.011131760 0.002683530 0.002224090 0.011448630 0.016324770 0.016601330 0.012865780 0.013921260 0.010391890 0.003957940 0.001651700 0.011571580 0.017906240 0.018562880 0.003469030 0.011636270 0.020017250 0.018508980 0.007041640 0.011064680 0.004056960 0.007392200 0.000000000 0.001225330 0.004805000 0.001625650 0.012237450 0.009169160 0.000642380 0.001190370 0.014139290 
45     0.018090520 0.007203910 0.002447230 0.005799880 0.005075320 0.010591640 0.007982610 0.006253820 0.007673670 0.006773040 0.005939380 0.005255790 0.007436650 0.010625040 0.006269510 0.017503230 0.018600220 0.006816510 0.007727930 0.011031610 0.008233090 0.005281800 0.003243180 0.009829110 0.008561950 0.005170580 0.002740000 0.010065350 0.020756870 0.004990870 0.006914320 0.015896860 0.008587470 0.018473120 0.011532180 0.008978380 0.007480310 0.018296740 0.001964480 0.010826580 0.011917560 0.006295120 0.001225330 0.000000000 0.005476530 0.002141370 0.016290320 0.015951660 0.011533530 0.013761270 0.008127920 
50     0.018227210 0.010959560 0.018376550 0.027639880 0.009149270 0.004706450 0.027612680 0.009279110 0.017371480 0.003282330 0.016319260 0.005092050 0.003370400 0.011299150 0.016800310 0.013370980 0.001995510 0.002206090 0.000826870 0.020368870 0.020267950 0.017639650 0.025007530 0.009221270 0.015930710 0.004524500 0.028756460 0.018924900 0.019226900 0.005838500 0.026318460 0.027253680 0.025969910 0.018161830 0.004835300 0.009109800 0.024186230 0.021308330 0.012026310 0.006124830 0.001828230 0.010599380 0.004805000 0.005476530 0.000000000 0.001750010 0.012422220 0.013792720 0.007550700 0.007606590 0.005973960 
43     0.010416790 0.013197220 0.009899690 0.002488130 0.015379830 0.003994890 0.017009830 0.000833150 0.008536940 0.017050270 0.004694750 0.008193420 0.007539450 0.009846330 0.018202140 0.008305900 0.014019750 0.015655600 0.008525580 0.004728890 0.004936100 0.007844910 0.008327370 0.010687160 0.008149780 0.011129110 0.013130420 0.016067020 0.016524810 0.011892460 0.008368810 0.006807810 0.005336170 0.000173210 0.013243330 0.005732170 0.003962860 0.007271230 0.006139070 0.018418120 0.005009960 0.011735140 0.001625650 0.002141370 0.001750010 0.000000000 0.005813730 0.005475070 0.005179220 0.005279890 0.023676190 
42     0.004418430 0.013203110 0.015334620 0.011687750 0.008592900 0.008386840 0.030603960 0.002730210 0.027730820 0.010596220 0.012389240 0.012135040 0.004919840 0.015219390 0.020619080 0.011805500 0.017585470 0.023156480 0.007729430 0.005179990 0.009479930 0.002953850 0.011235860 0.002050840 0.011279990 0.016294570 0.010852080 0.016129320 0.005629060 0.006339280 0.011593300 0.011636210 0.013582020 0.010197910 0.009985740 0.010042060 0.023809900 0.018813690 0.000721760 0.001047990 0.015078520 0.015159760 0.012237450 0.016290320 0.012422220 0.005813730 0.000000000 0.000327330 0.005185110 0.003568870 0.017727220 
49     0.005245050 0.012864450 0.019766920 0.011333760 0.010406250 0.014663370 0.030554580 0.002524000 0.027510600 0.011482520 0.016102470 0.013365080 0.008633070 0.017526760 0.020017030 0.011742570 0.011561870 0.023093550 0.001498440 0.004577940 0.008877880 0.004055560 0.010633810 0.005372260 0.012049510 0.015353260 0.010789150 0.003073150 0.005023300 0.006276350 0.011697490 0.011731840 0.013677650 0.011331130 0.009797380 0.008475190 0.003680930 0.021369050 0.000678560 0.003766650 0.012619150 0.015255390 0.009169160 0.015951660 0.013792720 0.005475070 0.000327330 0.000000000 0.004846450 0.003243640 0.017502880 
48     0.008620710 0.011401140 0.021123860 0.017782310 0.004776240 0.007216390 0.026981100 0.012978910 0.014562190 0.008788350 0.003587800 0.018745690 0.021357750 0.016675770 0.018312680 0.020160540 0.008483290 0.004947370 0.006626870 0.026821180 0.007332730 0.013261580 0.023145540 0.007986710 0.009086070 0.003741180 0.008754330 0.009625960 0.012364530 0.002620120 0.016202640 0.008794430 0.030214070 0.012896550 0.008958220 0.003396960 0.027569060 0.026642380 0.024355880 0.001191220 0.011110990 0.010488770 0.000642380 0.011533530 0.007550700 0.005179220 0.005185110 0.004846450 0.000000000 0.000253650 0.027796950 
44     0.008721380 0.011501810 0.019358530 0.021314430 0.002947000 0.011363660 0.009497210 0.029986210 0.012086290 0.001544980 0.014329510 0.023942890 0.022032020 0.022531990 0.008634240 0.013623820 0.013718620 0.004571480 0.004613920 0.014434130 0.021184610 0.005477380 0.018239180 0.005717890 0.001473830 0.012343810 0.009903060 0.013047670 0.011945790 0.027521390 0.012147790 0.012230170 0.011656550 0.012219980 0.020544620 0.002679310 0.019776790 0.015695390 0.020821410 0.004530680 0.017048010 0.016904740 0.001190370 0.013761270 0.007606590 0.005279890 0.003568870 0.003243640 0.000253650 0.000000000 0.008850430 
0     0.006354120 0.007412720 0.002844560 0.000828040 0.006919140 0.011545580 0.004915560 0.001946580 0.022151470 0.004754540 0.014405900 0.003690300 0.003617310 0.035060710 0.008337820 0.025229640 0.020482470 0.008985770 0.004701870 0.014758590 0.016081180 0.018995100 0.009682440 0.011621500 0.006312830 0.019935430 0.008021710 0.003046610 0.022244080 0.005015160 0.004592530 0.024425810 0.025914490 0.003123900 0.003993840 0.022498230 0.009554590 0.011036530 0.010647130 0.003607520 0.010558900 0.004860830 0.014139290 0.008127920 0.005973960 0.023676190 0.017727220 0.017502880 0.027796950 0.008850430 0.000000000 
