51
19     0.000000000 0.000007090 0.000055970 0.000058030 0.000047100 0.000130180 0.000047020 0.000039510 0.000094820 0.000099730 0.000047050 0.000051810 0.000115280 0.000208990 0.000237320 0.000218270 0.000126630 0.000081660 0.000094310 0.000056910 0.000091340 0.000088680 0.000083060 0.000108440 0.000123020 0.000105210 0.000114860 0.000127290 0.000138800 0.000121340 0.000086510 0.000076430 0.000094440 0.000079090 0.000206800 0.000098270 0.000105150 0.000230680 0.000133300 0.000112690 0.000161610 0.000145200 0.000126480 0.000182630 0.000143360 0.000173910 0.000073390 0.000110510 0.000105990 0.000073150 0.000165860 
28     0.000007090 0.000000000 0.000063180 0.000065240 0.000054310 0.000137390 0.000054230 0.000046720 0.000102030 0.000106940 0.000054260 0.000059020 0.000122490 0.000205300 0.000233630 0.000225480 0.000133840 0.000088870 0.000101520 0.000064120 0.000098550 0.000095890 0.000090270 0.000115650 0.000130230 0.000112420 0.000122070 0.000134500 0.000146010 0.000128550 0.000093720 0.000083640 0.000101650 0.000086300 0.000214010 0.000105480 0.000112360 0.000226990 0.000140510 0.000119900 0.000168820 0.000152410 0.000133690 0.000189840 0.000150570 0.000181120 0.000080600 0.000117720 0.000113200 0.000080360 0.000173070 
18     0.000055970 0.000063180 0.000000000 0.000000210 0.000010290 0.000105170 0.000033530 0.000026020 0.000093570 0.000098480 0.000045800 0.000050560 0.000097140 0.000164240 0.000192570 0.000184630 0.000108440 0.000063470 0.000076120 0.000038720 0.000073150 0.000070490 0.000064870 0.000090250 0.000104830 0.000087020 0.000096670 0.000109100 0.000120610 0.000103150 0.000068320 0.000058240 0.000076250 0.000060900 0.000188610 0.000080080 0.000086960 0.000208130 0.000115110 0.000094500 0.000143420 0.000127010 0.000108290 0.000164440 0.000125170 0.000128050 0.000055200 0.000092320 0.000087800 0.000054960 0.000147670 
4     0.000058030 0.000065240 0.000000210 0.000000000 0.000011530 0.000083920 0.000035590 0.000028080 0.000095630 0.000100540 0.000047860 0.000052620 0.000104530 0.000171630 0.000199960 0.000192020 0.000110500 0.000065530 0.000078180 0.000040780 0.000075210 0.000072550 0.000066930 0.000092310 0.000106890 0.000089080 0.000098730 0.000105410 0.000122670 0.000105210 0.000070380 0.000060300 0.000078310 0.000062960 0.000190670 0.000082140 0.000089020 0.000190030 0.000117170 0.000096560 0.000145480 0.000129070 0.000110350 0.000166500 0.000127230 0.000098770 0.000057260 0.000094380 0.000089860 0.000057020 0.000149730 
9     0.000047100 0.000054310 0.000010290 0.000011530 0.000000000 0.000087760 0.000024660 0.000017150 0.000084700 0.000089610 0.000036930 0.000041690 0.000092240 0.000159340 0.000187670 0.000179730 0.000099570 0.000054600 0.000067250 0.000029850 0.000064280 0.000061620 0.000056000 0.000081380 0.000095960 0.000078150 0.000087800 0.000100230 0.000111740 0.000094280 0.000059450 0.000049370 0.000067380 0.000052030 0.000179740 0.000071210 0.000078090 0.000193870 0.000106240 0.000085630 0.000134550 0.000118140 0.000099420 0.000155570 0.000116300 0.000102610 0.000046330 0.000083450 0.000078930 0.000046090 0.000138800 
2     0.000130180 0.000137390 0.000105170 0.000083920 0.000087760 0.000000000 0.000089010 0.000058940 0.000116470 0.000118330 0.000118210 0.000120680 0.000103430 0.000187350 0.000215680 0.000207740 0.000182980 0.000142380 0.000155030 0.000117630 0.000152060 0.000126730 0.000132780 0.000169160 0.000183740 0.000165930 0.000104280 0.000088710 0.000199520 0.000182060 0.000108640 0.000108420 0.000155160 0.000139810 0.000203720 0.000158990 0.000165870 0.000173330 0.000132350 0.000134270 0.000199930 0.000149110 0.000172320 0.000212390 0.000202770 0.000082070 0.000134110 0.000091140 0.000166710 0.000133870 0.000226580 
24     0.000047020 0.000054230 0.000033530 0.000035590 0.000024660 0.000089010 0.000000000 0.000012930 0.000084620 0.000089530 0.000036850 0.000041610 0.000105080 0.000183300 0.000211630 0.000195830 0.000104190 0.000059220 0.000071870 0.000034470 0.000068900 0.000066240 0.000060620 0.000086000 0.000100580 0.000082770 0.000092420 0.000104850 0.000116360 0.000098900 0.000064070 0.000053990 0.000072000 0.000056650 0.000184360 0.000075830 0.000082710 0.000227190 0.000110860 0.000090250 0.000139170 0.000122760 0.000104040 0.000160190 0.000120920 0.000151470 0.000050950 0.000088070 0.000083550 0.000050710 0.000143420 
17     0.000039510 0.000046720 0.000026020 0.000028080 0.000017150 0.000058940 0.000012930 0.000000000 0.000077110 0.000082020 0.000029340 0.000034100 0.000089820 0.000161240 0.000189570 0.000181630 0.000096680 0.000051710 0.000064360 0.000026960 0.000061390 0.000058730 0.000053110 0.000078490 0.000093070 0.000075260 0.000084910 0.000097340 0.000108850 0.000091390 0.000056560 0.000046480 0.000064490 0.000049140 0.000176850 0.000068320 0.000075200 0.000200390 0.000103350 0.000082740 0.000131660 0.000115250 0.000096530 0.000152680 0.000113410 0.000109130 0.000043440 0.000080560 0.000076040 0.000043200 0.000135910 
25     0.000094820 0.000102030 0.000093570 0.000095630 0.000084700 0.000116470 0.000084620 0.000077110 0.000000000 0.000005530 0.000081610 0.000086370 0.000098440 0.000179860 0.000208190 0.000200250 0.000164230 0.000119260 0.000131910 0.000094510 0.000128940 0.000126280 0.000120660 0.000146040 0.000160620 0.000142810 0.000152460 0.000164890 0.000176400 0.000158940 0.000124110 0.000114030 0.000132040 0.000116690 0.000230890 0.000135870 0.000142750 0.000223750 0.000170900 0.000150290 0.000192440 0.000182800 0.000164080 0.000204900 0.000180960 0.000188520 0.000110990 0.000148110 0.000143590 0.000110750 0.000203460 
16     0.000099730 0.000106940 0.000098480 0.000100540 0.000089610 0.000118330 0.000089530 0.000082020 0.000005530 0.000000000 0.000086520 0.000091280 0.000100300 0.000181720 0.000210050 0.000202110 0.000169140 0.000124170 0.000136820 0.000099420 0.000133850 0.000131190 0.000125570 0.000150950 0.000165530 0.000147720 0.000157370 0.000169800 0.000181310 0.000163850 0.000129020 0.000118940 0.000136950 0.000121600 0.000232750 0.000140780 0.000147660 0.000225610 0.000175810 0.000155200 0.000194300 0.000187710 0.000168990 0.000206760 0.000185870 0.000190380 0.000115900 0.000153020 0.000148500 0.000115660 0.000208370 
11     0.000047050 0.000054260 0.000045800 0.000047860 0.000036930 0.000118210 0.000036850 0.000029340 0.000081610 0.000086520 0.000000000 0.000022040 0.000089420 0.000181600 0.000209930 0.000201990 0.000116460 0.000071490 0.000084140 0.000046740 0.000081170 0.000078510 0.000072890 0.000098270 0.000112850 0.000095040 0.000104690 0.000117120 0.000128630 0.000111170 0.000076340 0.000066260 0.000084270 0.000068920 0.000196630 0.000088100 0.000094980 0.000225490 0.000123130 0.000102520 0.000151440 0.000135030 0.000116310 0.000172460 0.000133190 0.000163740 0.000063220 0.000100340 0.000095820 0.000062980 0.000155690 
10     0.000051810 0.000059020 0.000050560 0.000052620 0.000041690 0.000120680 0.000041610 0.000034100 0.000086370 0.000091280 0.000022040 0.000000000 0.000091890 0.000184070 0.000212400 0.000204460 0.000121220 0.000076250 0.000088900 0.000051500 0.000085930 0.000083270 0.000077650 0.000103030 0.000117610 0.000099800 0.000109450 0.000121880 0.000133390 0.000115930 0.000081100 0.000071020 0.000089030 0.000073680 0.000201390 0.000092860 0.000099740 0.000227960 0.000127890 0.000107280 0.000156200 0.000139790 0.000121070 0.000177220 0.000137950 0.000168500 0.000067980 0.000105100 0.000100580 0.000067740 0.000160450 
13     0.000115280 0.000122490 0.000097140 0.000104530 0.000092240 0.000103430 0.000105080 0.000089820 0.000098440 0.000100300 0.000089420 0.000091890 0.000000000 0.000179320 0.000207650 0.000199710 0.000174950 0.000139720 0.000152370 0.000114970 0.000149400 0.000146740 0.000141120 0.000166500 0.000181080 0.000163270 0.000140490 0.000124920 0.000196860 0.000179400 0.000144570 0.000134490 0.000152500 0.000137150 0.000230350 0.000156330 0.000163210 0.000209540 0.000168560 0.000170480 0.000191900 0.000185320 0.000184540 0.000204360 0.000194740 0.000118280 0.000131450 0.000127350 0.000159840 0.000131210 0.000223920 
26     0.000208990 0.000205300 0.000164240 0.000171630 0.000159340 0.000187350 0.000183300 0.000161240 0.000179860 0.000181720 0.000181600 0.000184070 0.000179320 0.000000000 0.000016140 0.000009120 0.000204610 0.000194160 0.000197510 0.000181980 0.000206750 0.000204090 0.000198470 0.000210780 0.000238030 0.000220620 0.000227510 0.000225900 0.000257750 0.000240290 0.000205460 0.000195380 0.000213390 0.000198040 0.000260010 0.000217220 0.000224100 0.000252870 0.000219930 0.000223560 0.000221560 0.000220970 0.000227720 0.000234020 0.000224400 0.000217640 0.000192340 0.000193140 0.000189500 0.000192100 0.000284810 
15     0.000237320 0.000233630 0.000192570 0.000199960 0.000187670 0.000215680 0.000211630 0.000189570 0.000208190 0.000210050 0.000209930 0.000212400 0.000207650 0.000016140 0.000000000 0.000054590 0.000232940 0.000222490 0.000225840 0.000220250 0.000241950 0.000233220 0.000236740 0.000239110 0.000266360 0.000254550 0.000255840 0.000254230 0.000296020 0.000278560 0.000243730 0.000233650 0.000251660 0.000236310 0.000288340 0.000255490 0.000262370 0.000281200 0.000248260 0.000251890 0.000249890 0.000249300 0.000256050 0.000262350 0.000252730 0.000245970 0.000226280 0.000221470 0.000217830 0.000230370 0.000323080 
1     0.000218270 0.000225480 0.000184630 0.000192020 0.000179730 0.000207740 0.000195830 0.000181630 0.000200250 0.000202110 0.000201990 0.000204460 0.000199710 0.000009120 0.000054590 0.000000000 0.000225000 0.000197090 0.000209740 0.000182000 0.000206770 0.000204110 0.000198490 0.000223870 0.000238450 0.000220640 0.000230290 0.000242720 0.000257770 0.000240310 0.000205480 0.000195400 0.000213410 0.000198060 0.000280400 0.000217240 0.000224120 0.000273260 0.000240320 0.000231660 0.000241950 0.000241360 0.000245450 0.000254410 0.000244790 0.000238030 0.000192360 0.000213530 0.000209890 0.000192120 0.000284830 
23     0.000126630 0.000133840 0.000108440 0.000110500 0.000099570 0.000182980 0.000104190 0.000096680 0.000164230 0.000169140 0.000116460 0.000121220 0.000174950 0.000204610 0.000232940 0.000225000 0.000000000 0.000056880 0.000056100 0.000080340 0.000085850 0.000083190 0.000077570 0.000102950 0.000136570 0.000118760 0.000128410 0.000140840 0.000166130 0.000148670 0.000113840 0.000103760 0.000121770 0.000106420 0.000223980 0.000125600 0.000132480 0.000226300 0.000160630 0.000140020 0.000188940 0.000172530 0.000153810 0.000207450 0.000170690 0.000191070 0.000100720 0.000137840 0.000133320 0.000100480 0.000193190 
14     0.000081660 0.000088870 0.000063470 0.000065530 0.000054600 0.000142380 0.000059220 0.000051710 0.000119260 0.000124170 0.000071490 0.000076250 0.000139720 0.000194160 0.000222490 0.000197090 0.000056880 0.000000000 0.000026790 0.000045390 0.000040880 0.000038220 0.000032600 0.000057980 0.000091600 0.000073790 0.000083440 0.000095870 0.000121160 0.000103700 0.000068870 0.000058790 0.000076800 0.000061450 0.000189160 0.000080630 0.000087510 0.000215850 0.000115660 0.000095050 0.000143970 0.000127560 0.000108840 0.000164990 0.000125720 0.000156270 0.000055750 0.000092870 0.000088350 0.000055510 0.000148220 
21     0.000094310 0.000101520 0.000076120 0.000078180 0.000067250 0.000155030 0.000071870 0.000064360 0.000131910 0.000136820 0.000084140 0.000088900 0.000152370 0.000197510 0.000225840 0.000209740 0.000056100 0.000026790 0.000000000 0.000058040 0.000053530 0.000050870 0.000045250 0.000070630 0.000104250 0.000086440 0.000096090 0.000108520 0.000133810 0.000116350 0.000081520 0.000071440 0.000089450 0.000074100 0.000201810 0.000093280 0.000100160 0.000219200 0.000128310 0.000107700 0.000156620 0.000140210 0.000121490 0.000177640 0.000138370 0.000163590 0.000068400 0.000105520 0.000101000 0.000068160 0.000160870 
3     0.000056910 0.000064120 0.000038720 0.000040780 0.000029850 0.000117630 0.000034470 0.000026960 0.000094510 0.000099420 0.000046740 0.000051500 0.000114970 0.000181980 0.000220250 0.000182000 0.000080340 0.000045390 0.000058040 0.000000000 0.000055070 0.000052410 0.000046790 0.000072170 0.000086750 0.000068940 0.000078590 0.000091020 0.000102530 0.000085070 0.000050240 0.000040160 0.000058170 0.000042820 0.000170530 0.000062000 0.000068880 0.000220340 0.000097030 0.000076420 0.000125340 0.000108930 0.000090210 0.000146360 0.000107090 0.000137640 0.000037120 0.000074240 0.000069720 0.000036880 0.000129590 
27     0.000091340 0.000098550 0.000073150 0.000075210 0.000064280 0.000152060 0.000068900 0.000061390 0.000128940 0.000133850 0.000081170 0.000085930 0.000149400 0.000206750 0.000241950 0.000206770 0.000085850 0.000040880 0.000053530 0.000055070 0.000000000 0.000014190 0.000010140 0.000050020 0.000101280 0.000083470 0.000093120 0.000105550 0.000130840 0.000113380 0.000078550 0.000068470 0.000086480 0.000071130 0.000198840 0.000090310 0.000097190 0.000220470 0.000125340 0.000104730 0.000153650 0.000137240 0.000118520 0.000174670 0.000135400 0.000133390 0.000065430 0.000102550 0.000098030 0.000065190 0.000157900 
22     0.000088680 0.000095890 0.000070490 0.000072550 0.000061620 0.000126730 0.000066240 0.000058730 0.000126280 0.000131190 0.000078510 0.000083270 0.000146740 0.000204090 0.000233220 0.000204110 0.000083190 0.000038220 0.000050870 0.000052410 0.000014190 0.000000000 0.000006070 0.000041290 0.000098620 0.000080810 0.000065910 0.000050340 0.000128180 0.000110720 0.000075890 0.000065810 0.000083820 0.000068470 0.000181250 0.000087650 0.000094530 0.000156620 0.000109880 0.000102070 0.000150990 0.000126640 0.000115860 0.000172010 0.000132740 0.000069540 0.000062770 0.000078610 0.000095370 0.000062530 0.000155240 
20     0.000083060 0.000090270 0.000064870 0.000066930 0.000056000 0.000132780 0.000060620 0.000053110 0.000120660 0.000125570 0.000072890 0.000077650 0.000141120 0.000198470 0.000236740 0.000198490 0.000077570 0.000032600 0.000045250 0.000046790 0.000010140 0.000006070 0.000000000 0.000050730 0.000093000 0.000075190 0.000071960 0.000056390 0.000122560 0.000105100 0.000070270 0.000060190 0.000078200 0.000062850 0.000187300 0.000082030 0.000088910 0.000162670 0.000115930 0.000096450 0.000145370 0.000128960 0.000110240 0.000166390 0.000127120 0.000075590 0.000057150 0.000084660 0.000089750 0.000056910 0.000149620 
7     0.000108440 0.000115650 0.000090250 0.000092310 0.000081380 0.000169160 0.000086000 0.000078490 0.000146040 0.000150950 0.000098270 0.000103030 0.000166500 0.000210780 0.000239110 0.000223870 0.000102950 0.000057980 0.000070630 0.000072170 0.000050020 0.000041290 0.000050730 0.000000000 0.000118380 0.000100570 0.000110220 0.000122650 0.000147940 0.000130480 0.000095650 0.000085570 0.000103580 0.000088230 0.000215940 0.000107410 0.000114290 0.000232470 0.000142440 0.000121830 0.000170750 0.000154340 0.000135620 0.000191770 0.000152500 0.000183050 0.000082530 0.000119650 0.000115130 0.000082290 0.000175000 
6     0.000123020 0.000130230 0.000104830 0.000106890 0.000095960 0.000183740 0.000100580 0.000093070 0.000160620 0.000165530 0.000112850 0.000117610 0.000181080 0.000238030 0.000266360 0.000238450 0.000136570 0.000091600 0.000104250 0.000086750 0.000101280 0.000098620 0.000093000 0.000118380 0.000000000 0.000011710 0.000093920 0.000092310 0.000162520 0.000145060 0.000110230 0.000100150 0.000118160 0.000102810 0.000230520 0.000121990 0.000128870 0.000238280 0.000157020 0.000136410 0.000185330 0.000168920 0.000150200 0.000206350 0.000167080 0.000151200 0.000097110 0.000134230 0.000129710 0.000096870 0.000189580 
5     0.000105210 0.000112420 0.000087020 0.000089080 0.000078150 0.000165930 0.000082770 0.000075260 0.000142810 0.000147720 0.000095040 0.000099800 0.000163270 0.000220620 0.000254550 0.000220640 0.000118760 0.000073790 0.000086440 0.000068940 0.000083470 0.000080810 0.000075190 0.000100570 0.000011710 0.000000000 0.000082110 0.000080500 0.000144710 0.000127250 0.000092420 0.000082340 0.000100350 0.000085000 0.000212710 0.000104180 0.000111060 0.000247910 0.000139210 0.000118600 0.000167520 0.000151110 0.000132390 0.000188540 0.000149270 0.000171420 0.000079300 0.000116420 0.000111900 0.000079060 0.000171770 
12     0.000114860 0.000122070 0.000096670 0.000098730 0.000087800 0.000104280 0.000092420 0.000084910 0.000152460 0.000157370 0.000104690 0.000109450 0.000140490 0.000227510 0.000255840 0.000230290 0.000128410 0.000083440 0.000096090 0.000078590 0.000093120 0.000065910 0.000071960 0.000110220 0.000093920 0.000082110 0.000000000 0.000002570 0.000154360 0.000136900 0.000063600 0.000063380 0.000110000 0.000094650 0.000158800 0.000113830 0.000120710 0.000134170 0.000087430 0.000089350 0.000174890 0.000104190 0.000127400 0.000198190 0.000158920 0.000047090 0.000088950 0.000056160 0.000121550 0.000088710 0.000181420 
8     0.000127290 0.000134500 0.000109100 0.000105410 0.000100230 0.000088710 0.000104850 0.000097340 0.000164890 0.000169800 0.000117120 0.000121880 0.000124920 0.000225900 0.000254230 0.000242720 0.000140840 0.000095870 0.000108520 0.000091020 0.000105550 0.000050340 0.000056390 0.000122650 0.000092310 0.000080500 0.000002570 0.000000000 0.000166790 0.000149330 0.000048030 0.000047810 0.000122430 0.000107080 0.000143230 0.000126260 0.000133140 0.000118600 0.000071860 0.000073780 0.000159320 0.000088620 0.000111830 0.000210620 0.000171350 0.000031520 0.000101380 0.000040590 0.000133980 0.000101140 0.000193850 
38     0.000138800 0.000146010 0.000120610 0.000122670 0.000111740 0.000199520 0.000116360 0.000108850 0.000176400 0.000181310 0.000128630 0.000133390 0.000196860 0.000257750 0.000296020 0.000257770 0.000166130 0.000121160 0.000133810 0.000102530 0.000130840 0.000128180 0.000122560 0.000147940 0.000162520 0.000144710 0.000154360 0.000166790 0.000000000 0.000020000 0.000081990 0.000071910 0.000089920 0.000074570 0.000173150 0.000093750 0.000100630 0.000302950 0.000142540 0.000121930 0.000170850 0.000154440 0.000135720 0.000219710 0.000180440 0.000210990 0.000110470 0.000147590 0.000143070 0.000110230 0.000182180 
43     0.000121340 0.000128550 0.000103150 0.000105210 0.000094280 0.000182060 0.000098900 0.000091390 0.000158940 0.000163850 0.000111170 0.000115930 0.000179400 0.000240290 0.000278560 0.000240310 0.000148670 0.000103700 0.000116350 0.000085070 0.000113380 0.000110720 0.000105100 0.000130480 0.000145060 0.000127250 0.000136900 0.000149330 0.000020000 0.000000000 0.000064530 0.000054450 0.000072460 0.000057110 0.000166900 0.000076290 0.000083170 0.000312260 0.000125080 0.000104470 0.000153390 0.000136980 0.000118260 0.000202250 0.000162980 0.000193530 0.000093010 0.000130130 0.000125610 0.000092770 0.000164720 
45     0.000086510 0.000093720 0.000068320 0.000070380 0.000059450 0.000108640 0.000064070 0.000056560 0.000124110 0.000129020 0.000076340 0.000081100 0.000144570 0.000205460 0.000243730 0.000205480 0.000113840 0.000068870 0.000081520 0.000050240 0.000078550 0.000075890 0.000070270 0.000095650 0.000110230 0.000092420 0.000063600 0.000048030 0.000081990 0.000064530 0.000000000 0.000001120 0.000036930 0.000021580 0.000132880 0.000041300 0.000048180 0.000138530 0.000090250 0.000069640 0.000118560 0.000102150 0.000083430 0.000167420 0.000128150 0.000051450 0.000058180 0.000060520 0.000090780 0.000057940 0.000129890 
30     0.000076430 0.000083640 0.000058240 0.000060300 0.000049370 0.000108420 0.000053990 0.000046480 0.000114030 0.000118940 0.000066260 0.000071020 0.000134490 0.000195380 0.000233650 0.000195400 0.000103760 0.000058790 0.000071440 0.000040160 0.000068470 0.000065810 0.000060190 0.000085570 0.000100150 0.000082340 0.000063380 0.000047810 0.000071910 0.000054450 0.000001120 0.000000000 0.000027390 0.000012040 0.000139750 0.000031100 0.000037980 0.000138310 0.000080170 0.000059560 0.000108480 0.000092070 0.000073350 0.000157340 0.000118070 0.000051230 0.000048100 0.000060300 0.000080700 0.000047860 0.000119810 
36     0.000094440 0.000101650 0.000076250 0.000078310 0.000067380 0.000155160 0.000072000 0.000064490 0.000132040 0.000136950 0.000084270 0.000089030 0.000152500 0.000213390 0.000251660 0.000213410 0.000121770 0.000076800 0.000089450 0.000058170 0.000086480 0.000083820 0.000078200 0.000103580 0.000118160 0.000100350 0.000110000 0.000122430 0.000089920 0.000072460 0.000036930 0.000027390 0.000000000 0.000002080 0.000069560 0.000049230 0.000056110 0.000274900 0.000098180 0.000077570 0.000126490 0.000110080 0.000091360 0.000175350 0.000136080 0.000166630 0.000066110 0.000103230 0.000098710 0.000065870 0.000137820 
47     0.000079090 0.000086300 0.000060900 0.000062960 0.000052030 0.000139810 0.000056650 0.000049140 0.000116690 0.000121600 0.000068920 0.000073680 0.000137150 0.000198040 0.000236310 0.000198060 0.000106420 0.000061450 0.000074100 0.000042820 0.000071130 0.000068470 0.000062850 0.000088230 0.000102810 0.000085000 0.000094650 0.000107080 0.000074570 0.000057110 0.000021580 0.000012040 0.000002080 0.000000000 0.000060300 0.000033880 0.000040760 0.000265640 0.000082830 0.000062220 0.000111140 0.000094730 0.000076010 0.000160000 0.000120730 0.000151280 0.000050760 0.000087880 0.000083360 0.000050520 0.000122470 
40     0.000206800 0.000214010 0.000188610 0.000190670 0.000179740 0.000203720 0.000184360 0.000176850 0.000230890 0.000232750 0.000196630 0.000201390 0.000230350 0.000260010 0.000288340 0.000280400 0.000223980 0.000189160 0.000201810 0.000170530 0.000198840 0.000181250 0.000187300 0.000215940 0.000230520 0.000212710 0.000158800 0.000143230 0.000173150 0.000166900 0.000132880 0.000139750 0.000069560 0.000060300 0.000000000 0.000052490 0.000050690 0.000233610 0.000182170 0.000184090 0.000238850 0.000198930 0.000203720 0.000262850 0.000248440 0.000146530 0.000178470 0.000155600 0.000211070 0.000178230 0.000250180 
35     0.000098270 0.000105480 0.000080080 0.000082140 0.000071210 0.000158990 0.000075830 0.000068320 0.000135870 0.000140780 0.000088100 0.000092860 0.000156330 0.000217220 0.000255490 0.000217240 0.000125600 0.000080630 0.000093280 0.000062000 0.000090310 0.000087650 0.000082030 0.000107410 0.000121990 0.000104180 0.000113830 0.000126260 0.000093750 0.000076290 0.000041300 0.000031100 0.000049230 0.000033880 0.000052490 0.000000000 0.000001560 0.000265370 0.000102010 0.000081400 0.000130320 0.000113910 0.000095190 0.000179180 0.000139910 0.000170460 0.000069940 0.000107060 0.000102540 0.000069700 0.000141650 
32     0.000105150 0.000112360 0.000086960 0.000089020 0.000078090 0.000165870 0.000082710 0.000075200 0.000142750 0.000147660 0.000094980 0.000099740 0.000163210 0.000224100 0.000262370 0.000224120 0.000132480 0.000087510 0.000100160 0.000068880 0.000097190 0.000094530 0.000088910 0.000114290 0.000128870 0.000111060 0.000120710 0.000133140 0.000100630 0.000083170 0.000048180 0.000037980 0.000056110 0.000040760 0.000050690 0.000001560 0.000000000 0.000265330 0.000108890 0.000088280 0.000137200 0.000120790 0.000102070 0.000186060 0.000146790 0.000177340 0.000076820 0.000113940 0.000109420 0.000076580 0.000148530 
49     0.000230680 0.000226990 0.000208130 0.000190030 0.000193870 0.000173330 0.000227190 0.000200390 0.000223750 0.000225610 0.000225490 0.000227960 0.000209540 0.000252870 0.000281200 0.000273260 0.000226300 0.000215850 0.000219200 0.000220340 0.000220470 0.000156620 0.000162670 0.000232470 0.000238280 0.000247910 0.000134170 0.000118600 0.000302950 0.000312260 0.000138530 0.000138310 0.000274900 0.000265640 0.000233610 0.000265370 0.000265330 0.000000000 0.000162240 0.000164160 0.000214750 0.000179000 0.000202210 0.000237770 0.000228150 0.000116140 0.000201700 0.000125210 0.000193250 0.000225790 0.000379890 
42     0.000133300 0.000140510 0.000115110 0.000117170 0.000106240 0.000132350 0.000110860 0.000103350 0.000170900 0.000175810 0.000123130 0.000127890 0.000168560 0.000219930 0.000248260 0.000240320 0.000160630 0.000115660 0.000128310 0.000097030 0.000125340 0.000109880 0.000115930 0.000142440 0.000157020 0.000139210 0.000087430 0.000071860 0.000142540 0.000125080 0.000090250 0.000080170 0.000098180 0.000082830 0.000182170 0.000102010 0.000108890 0.000162240 0.000000000 0.000002320 0.000103870 0.000044120 0.000067330 0.000204830 0.000174940 0.000075160 0.000104970 0.000084230 0.000137570 0.000104730 0.000176680 
33     0.000112690 0.000119900 0.000094500 0.000096560 0.000085630 0.000134270 0.000090250 0.000082740 0.000150290 0.000155200 0.000102520 0.000107280 0.000170480 0.000223560 0.000251890 0.000231660 0.000140020 0.000095050 0.000107700 0.000076420 0.000104730 0.000102070 0.000096450 0.000121830 0.000136410 0.000118600 0.000089350 0.000073780 0.000121930 0.000104470 0.000069640 0.000059560 0.000077570 0.000062220 0.000184090 0.000081400 0.000088280 0.000164160 0.000002320 0.000000000 0.000083260 0.000046040 0.000048130 0.000193600 0.000154330 0.000077080 0.000084360 0.000086150 0.000116960 0.000084120 0.000156070 
41     0.000161610 0.000168820 0.000143420 0.000145480 0.000134550 0.000199930 0.000139170 0.000131660 0.000192440 0.000194300 0.000151440 0.000156200 0.000191900 0.000221560 0.000249890 0.000241950 0.000188940 0.000143970 0.000156620 0.000125340 0.000153650 0.000150990 0.000145370 0.000170750 0.000185330 0.000167520 0.000174890 0.000159320 0.000170850 0.000153390 0.000118560 0.000108480 0.000126490 0.000111140 0.000238850 0.000130320 0.000137200 0.000214750 0.000103870 0.000083260 0.000000000 0.000000010 0.000030680 0.000206460 0.000196840 0.000162620 0.000133280 0.000165580 0.000161940 0.000133040 0.000204990 
31     0.000145200 0.000152410 0.000127010 0.000129070 0.000118140 0.000149110 0.000122760 0.000115250 0.000182800 0.000187710 0.000135030 0.000139790 0.000185320 0.000220970 0.000249300 0.000241360 0.000172530 0.000127560 0.000140210 0.000108930 0.000137240 0.000126640 0.000128960 0.000154340 0.000168920 0.000151110 0.000104190 0.000088620 0.000154440 0.000136980 0.000102150 0.000092070 0.000110080 0.000094730 0.000198930 0.000113910 0.000120790 0.000179000 0.000044120 0.000046040 0.000000010 0.000000000 0.000048400 0.000205870 0.000186840 0.000091920 0.000116870 0.000100990 0.000149470 0.000116630 0.000188580 
48     0.000126480 0.000133690 0.000108290 0.000110350 0.000099420 0.000172320 0.000104040 0.000096530 0.000164080 0.000168990 0.000116310 0.000121070 0.000184540 0.000227720 0.000256050 0.000245450 0.000153810 0.000108840 0.000121490 0.000090210 0.000118520 0.000115860 0.000110240 0.000135620 0.000150200 0.000132390 0.000127400 0.000111830 0.000135720 0.000118260 0.000083430 0.000073350 0.000091360 0.000076010 0.000203720 0.000095190 0.000102070 0.000202210 0.000067330 0.000048130 0.000030680 0.000048400 0.000000000 0.000207390 0.000168120 0.000115130 0.000098150 0.000124200 0.000130750 0.000097910 0.000169860 
37     0.000182630 0.000189840 0.000164440 0.000166500 0.000155570 0.000212390 0.000160190 0.000152680 0.000204900 0.000206760 0.000172460 0.000177220 0.000204360 0.000234020 0.000262350 0.000254410 0.000207450 0.000164990 0.000177640 0.000146360 0.000174670 0.000172010 0.000166390 0.000191770 0.000206350 0.000188540 0.000198190 0.000210620 0.000219710 0.000202250 0.000167420 0.000157340 0.000175350 0.000160000 0.000262850 0.000179180 0.000186060 0.000237770 0.000204830 0.000193600 0.000206460 0.000205870 0.000207390 0.000000000 0.000030100 0.000176020 0.000119880 0.000157000 0.000152480 0.000119640 0.000246770 
46     0.000143360 0.000150570 0.000125170 0.000127230 0.000116300 0.000202770 0.000120920 0.000113410 0.000180960 0.000185870 0.000133190 0.000137950 0.000194740 0.000224400 0.000252730 0.000244790 0.000170690 0.000125720 0.000138370 0.000107090 0.000135400 0.000132740 0.000127120 0.000152500 0.000167080 0.000149270 0.000158920 0.000171350 0.000180440 0.000162980 0.000128150 0.000118070 0.000136080 0.000120730 0.000248440 0.000139910 0.000146790 0.000228150 0.000174940 0.000154330 0.000196840 0.000186840 0.000168120 0.000030100 0.000000000 0.000166400 0.000080610 0.000117730 0.000113210 0.000080370 0.000207500 
50     0.000173910 0.000181120 0.000128050 0.000098770 0.000102610 0.000082070 0.000151470 0.000109130 0.000188520 0.000190380 0.000163740 0.000168500 0.000118280 0.000217640 0.000245970 0.000238030 0.000191070 0.000156270 0.000163590 0.000137640 0.000133390 0.000069540 0.000075590 0.000183050 0.000151200 0.000171420 0.000047090 0.000031520 0.000210990 0.000193530 0.000051450 0.000051230 0.000166630 0.000151280 0.000146530 0.000170460 0.000177340 0.000116140 0.000075160 0.000077080 0.000162620 0.000091920 0.000115130 0.000176020 0.000166400 0.000000000 0.000071700 0.000027150 0.000085590 0.000063050 0.000238050 
29     0.000073390 0.000080600 0.000055200 0.000057260 0.000046330 0.000134110 0.000050950 0.000043440 0.000110990 0.000115900 0.000063220 0.000067980 0.000131450 0.000192340 0.000226280 0.000192360 0.000100720 0.000055750 0.000068400 0.000037120 0.000065430 0.000062770 0.000057150 0.000082530 0.000097110 0.000079300 0.000088950 0.000101380 0.000110470 0.000093010 0.000058180 0.000048100 0.000066110 0.000050760 0.000178470 0.000069940 0.000076820 0.000201700 0.000104970 0.000084360 0.000133280 0.000116870 0.000098150 0.000119880 0.000080610 0.000071700 0.000000000 0.000030670 0.000035960 0.000002420 0.000137530 
34     0.000110510 0.000117720 0.000092320 0.000094380 0.000083450 0.000091140 0.000088070 0.000080560 0.000148110 0.000153020 0.000100340 0.000105100 0.000127350 0.000193140 0.000221470 0.000213530 0.000137840 0.000092870 0.000105520 0.000074240 0.000102550 0.000078610 0.000084660 0.000119650 0.000134230 0.000116420 0.000056160 0.000040590 0.000147590 0.000130130 0.000060520 0.000060300 0.000103230 0.000087880 0.000155600 0.000107060 0.000113940 0.000125210 0.000084230 0.000086150 0.000165580 0.000100990 0.000124200 0.000157000 0.000117730 0.000027150 0.000030670 0.000000000 0.000018200 0.000040240 0.000174650 
44     0.000105990 0.000113200 0.000087800 0.000089860 0.000078930 0.000166710 0.000083550 0.000076040 0.000143590 0.000148500 0.000095820 0.000100580 0.000159840 0.000189500 0.000217830 0.000209890 0.000133320 0.000088350 0.000101000 0.000069720 0.000098030 0.000095370 0.000089750 0.000115130 0.000129710 0.000111900 0.000121550 0.000133980 0.000143070 0.000125610 0.000090780 0.000080700 0.000098710 0.000083360 0.000211070 0.000102540 0.000109420 0.000193250 0.000137570 0.000116960 0.000161940 0.000149470 0.000130750 0.000152480 0.000113210 0.000085590 0.000035960 0.000018200 0.000000000 0.000035720 0.000170130 
39     0.000073150 0.000080360 0.000054960 0.000057020 0.000046090 0.000133870 0.000050710 0.000043200 0.000110750 0.000115660 0.000062980 0.000067740 0.000131210 0.000192100 0.000230370 0.000192120 0.000100480 0.000055510 0.000068160 0.000036880 0.000065190 0.000062530 0.000056910 0.000082290 0.000096870 0.000079060 0.000088710 0.000101140 0.000110230 0.000092770 0.000057940 0.000047860 0.000065870 0.000050520 0.000178230 0.000069700 0.000076580 0.000225790 0.000104730 0.000084120 0.000133040 0.000116630 0.000097910 0.000119640 0.000080370 0.000063050 0.000002420 0.000040240 0.000035720 0.000000000 0.000137290 
0     0.000165860 0.000173070 0.000147670 0.000149730 0.000138800 0.000226580 0.000143420 0.000135910 0.000203460 0.000208370 0.000155690 0.000160450 0.000223920 0.000284810 0.000323080 0.000284830 0.000193190 0.000148220 0.000160870 0.000129590 0.000157900 0.000155240 0.000149620 0.000175000 0.000189580 0.000171770 0.000181420 0.000193850 0.000182180 0.000164720 0.000129890 0.000119810 0.000137820 0.000122470 0.000250180 0.000141650 0.000148530 0.000379890 0.000176680 0.000156070 0.000204990 0.000188580 0.000169860 0.000246770 0.000207500 0.000238050 0.000137530 0.000174650 0.000170130 0.000137290 0.000000000 
