51
21     0.000000000 0.731153401 0.795462587 1.442963838 1.439467553 1.344091086 1.473593844 1.701553033 1.684739849 1.712752543 1.708554026 1.557058054 1.613296776 1.824142552 1.470782352 1.551618388 1.643742173 1.575457018 1.591332015 1.588641868 1.602015283 1.541612168 1.807759254 1.734068963 1.788694022 1.766184210 1.944194926 1.563072536 1.800861458 1.628286518 1.939461905 1.944295239 1.570113697 1.816713340 1.775896283 1.849132478 1.791459065 1.946818579 1.853305648 1.801749481 1.996603985 1.758770118 1.876089271 1.839700845 1.694037892 1.948491308 1.859279667 1.775416524 1.794126067 1.754393648 2.299782500 
11     0.731153401 0.000000000 0.461476833 1.547644366 1.533561956 1.453314114 1.571123040 1.819327008 1.800264047 1.829350618 1.831213224 1.669142301 1.722407757 1.948009257 1.588546951 1.672987741 1.762061268 1.684524368 1.697920958 1.696090415 1.712888390 1.688843577 1.953998697 1.859371433 1.906772000 1.856802310 2.037797748 1.669197124 1.907139525 1.771254062 2.055392219 2.060847630 1.672591163 1.970677286 1.944508820 1.997440579 1.939064185 2.101590414 2.012365120 1.953512057 2.136488444 1.890546670 2.016109056 1.965655663 1.851086801 2.022666063 2.003655520 1.922697528 1.936156350 1.897866287 2.405691776 
31     0.795462587 0.461476833 0.000000000 1.542177153 1.547563131 1.466408425 1.535878840 1.835140141 1.813259613 1.841893104 1.828684448 1.684078307 1.758054565 1.942403334 1.591056903 1.669696615 1.764442743 1.682887814 1.699155396 1.698634568 1.717418896 1.684100470 1.942595174 1.856768655 1.900750498 1.875677668 2.056696209 1.671457802 1.879195623 1.738309994 2.057778145 2.018281069 1.672851918 1.963563379 1.938348733 1.994169432 1.934842751 2.096820583 2.006902826 1.951304980 2.129772836 1.890820484 2.011563330 1.952599930 1.849084529 2.015580459 1.998720000 1.920466594 1.933258771 1.896601793 2.376069643 
13     1.442963838 1.547644366 1.542177153 0.000000000 1.238325326 1.173064956 1.237242292 1.406807719 1.395267807 1.424289917 1.452423494 1.264443779 1.358675762 1.550211722 1.215161202 1.274762225 1.367865023 1.262567336 1.278965599 1.303864819 1.303221778 1.257813396 1.559059079 1.439593528 1.516381759 1.573775550 1.757318563 1.246963723 1.481718013 1.325323244 1.665184931 1.680449972 1.270655691 1.560060394 1.522266594 1.573258176 1.529378576 1.692107851 1.587429915 1.538908962 1.734380433 1.526347333 1.656462420 1.549047033 1.457692801 1.621700777 1.623126852 1.506432401 1.514792564 1.507429081 2.095660451 
15     1.439467553 1.533561956 1.547563131 1.238325326 0.000000000 0.733108741 0.905125901 1.491183209 1.461107442 1.491126096 1.510337357 1.327995362 1.413202668 1.630763360 1.279498139 1.363914214 1.451249473 1.336047295 1.359646040 1.360604900 1.364796050 1.293574380 1.631627165 1.484517777 1.570483079 1.550956074 1.729799323 1.360268418 1.513908139 1.375124487 1.688762881 1.695831874 1.298738291 1.589369282 1.568517183 1.636009035 1.582933793 1.732772239 1.638112952 1.595122508 1.767843930 1.580884868 1.689451211 1.583692655 1.520891064 1.702536952 1.655341847 1.564484739 1.578580405 1.559335639 2.037507227 
33     1.344091086 1.453314114 1.466408425 1.173064956 0.733108741 0.000000000 0.856208754 1.414631619 1.385673094 1.415029709 1.464228721 1.279413878 1.359552639 1.580973827 1.220353129 1.311748331 1.380974615 1.292907411 1.324244048 1.313056228 1.323990821 1.278528256 1.568880871 1.407339604 1.524855744 1.463623271 1.640890023 1.301885665 1.508956774 1.361874825 1.645080698 1.668513900 1.282786988 1.547065597 1.521428861 1.596863330 1.534246686 1.686747824 1.589872872 1.551547909 1.725103635 1.550604302 1.652621878 1.541994404 1.460677186 1.630115430 1.570498693 1.494795242 1.490815531 1.473030290 2.013773348 
17     1.473593844 1.571123040 1.535878840 1.237242292 0.905125901 0.856208754 0.000000000 1.496890183 1.484577710 1.510578535 1.521882757 1.364445106 1.445611915 1.648981942 1.310172240 1.380859745 1.461859262 1.360470051 1.384416893 1.355843123 1.389307077 1.366257597 1.639438674 1.511609479 1.585370982 1.584196279 1.753421041 1.383341050 1.542767392 1.394309295 1.697145445 1.692134393 1.342831610 1.600450120 1.588549235 1.644433109 1.582433978 1.741555921 1.644538042 1.598362156 1.787050667 1.614811150 1.706919124 1.607393728 1.510757667 1.729230892 1.656990397 1.565135137 1.571827382 1.564593560 2.056161165 
22     1.701553033 1.819327008 1.835140141 1.406807719 1.491183209 1.414631619 1.496890183 0.000000000 0.449273643 0.473719438 0.968296331 0.754076468 0.896383444 1.346226716 1.094097265 1.202598428 1.284762282 1.200608382 1.218171116 1.320866486 1.347640626 1.290516684 1.581799490 1.417877914 1.557870431 1.636068494 1.790616948 1.371246396 1.545381764 1.416080383 1.691890372 1.722284505 1.329334367 1.622964727 1.606581305 1.684169649 1.630913145 1.765272988 1.684031034 1.627392944 1.807188319 1.619360290 1.697855284 1.628410344 1.526826245 1.719458816 1.692316150 1.603399030 1.618825839 1.590790104 2.195884605 
25     1.684739849 1.800264047 1.813259613 1.395267807 1.461107442 1.385673094 1.484577710 0.449273643 0.000000000 0.217943449 0.920586651 0.709413855 0.861613640 1.323364220 1.086601962 1.178240211 1.262785146 1.178735361 1.197991405 1.306185117 1.313560182 1.256210796 1.543860877 1.412405411 1.529255607 1.611951005 1.768954927 1.355304292 1.523491529 1.394808430 1.668233458 1.697391430 1.305667897 1.592087105 1.574629125 1.659296625 1.599407909 1.733421627 1.649869930 1.598347373 1.783873425 1.604810534 1.683163247 1.618977447 1.518339592 1.707643947 1.678127462 1.595376078 1.603103606 1.583335116 2.162122271 
19     1.712752543 1.829350618 1.841893104 1.424289917 1.491126096 1.415029709 1.510578535 0.473719438 0.217943449 0.000000000 0.955125282 0.744406711 0.898166220 1.360499131 1.112674404 1.205951337 1.291905200 1.208643666 1.229190203 1.335796944 1.347386850 1.285509351 1.574921099 1.443340765 1.559124918 1.641878371 1.799004192 1.385835931 1.557540739 1.424822295 1.695119863 1.724580682 1.336233128 1.624830476 1.609500957 1.690446635 1.629933849 1.765772305 1.680864500 1.627238142 1.814160156 1.634482622 1.712869521 1.649950923 1.550089606 1.736540487 1.710378285 1.623560984 1.631497372 1.611498991 2.192693264 
8     1.708554026 1.831213224 1.828684448 1.452423494 1.510337357 1.464228721 1.521882757 0.968296331 0.920586651 0.955125282 0.000000000 0.826137165 0.976705474 1.394986926 1.171351214 1.214237636 1.317857235 1.238995118 1.277643283 1.344329209 1.368056104 1.323952862 1.605330840 1.487202919 1.575047645 1.671134426 1.836263456 1.381583778 1.591550800 1.452313197 1.730591041 1.763503937 1.344716155 1.614159120 1.599842634 1.657882834 1.609739802 1.724716473 1.668078100 1.623117757 1.802207553 1.569976762 1.664338211 1.607132715 1.519759299 1.714314236 1.671825119 1.597678266 1.606952436 1.572073847 2.181784340 
5     1.557058054 1.669142301 1.684078307 1.264443779 1.327995362 1.279413878 1.364445106 0.754076468 0.709413855 0.744406711 0.826137165 0.000000000 0.404915016 1.255595795 0.999750301 1.069143184 1.164619651 1.059762197 1.085527613 1.171901550 1.194321341 1.134178086 1.433315853 1.295218598 1.411016767 1.512659627 1.674833681 1.224668624 1.396686586 1.277700990 1.562032301 1.593625750 1.175172699 1.470472263 1.450237957 1.529137272 1.472407609 1.618042971 1.522103446 1.470349004 1.637869395 1.437502097 1.519700324 1.457115014 1.368644056 1.577892989 1.533120415 1.446712590 1.473604386 1.440724188 2.055469315 
1     1.613296776 1.722407757 1.758054565 1.358675762 1.413202668 1.359552639 1.445611915 0.896383444 0.861613640 0.898166220 0.976705474 0.404915016 0.000000000 1.364165582 1.097451039 1.186002980 1.283727541 1.176644535 1.200460077 1.264037450 1.293960394 1.215123212 1.514510588 1.364238215 1.503870262 1.610682472 1.771272991 1.339106430 1.511726965 1.376369372 1.662168011 1.692461866 1.250571929 1.505562220 1.468908680 1.550097113 1.489894281 1.656931410 1.561154454 1.512479548 1.676775390 1.511049503 1.591681954 1.560310159 1.389888853 1.576767222 1.561618204 1.476266273 1.495649456 1.467579719 2.101347316 
12     1.824142552 1.948009257 1.942403334 1.550211722 1.630763360 1.580973827 1.648981942 1.346226716 1.323364220 1.360499131 1.394986926 1.255595795 1.364165582 0.000000000 1.295029083 1.329356162 1.420612801 1.345597938 1.372859303 1.468653570 1.473557351 1.425753626 1.700183266 1.588331092 1.702145197 1.782670345 1.956061478 1.470809862 1.714486242 1.579335226 1.873243729 1.889411037 1.482272309 1.754993923 1.750490855 1.810447548 1.741747673 1.889198764 1.791204409 1.743944681 1.921654382 1.750959885 1.844382944 1.789692419 1.696185665 1.784924552 1.826835898 1.708085479 1.727651540 1.694389312 2.240263914 
23     1.470782352 1.588546951 1.591056903 1.215161202 1.279498139 1.220353129 1.310172240 1.094097265 1.086601962 1.112674404 1.171351214 0.999750301 1.097451039 1.295029083 0.000000000 0.823964293 0.900900860 0.853252000 0.879102694 1.131992097 1.154083693 1.115058717 1.362786768 1.258835818 1.370579615 1.442944088 1.621189533 1.157348096 1.330132814 1.186701684 1.506856577 1.530769708 1.115888403 1.377571129 1.359207428 1.417360202 1.353589323 1.509676264 1.401840551 1.361541684 1.539328569 1.372434022 1.443300956 1.370402778 1.274028747 1.465615694 1.436712179 1.346002777 1.367139153 1.343841932 1.982225202 
10     1.551618388 1.672987741 1.669696615 1.274762225 1.363914214 1.311748331 1.380859745 1.202598428 1.178240211 1.205951337 1.214237636 1.069143184 1.186002980 1.329356162 0.823964293 0.000000000 0.546891204 0.843416709 0.839905561 1.189144875 1.208802375 1.172085355 1.454033766 1.321247959 1.431643517 1.527874668 1.702759579 1.221893194 1.422569320 1.253451907 1.580010098 1.609084435 1.214296191 1.482352491 1.452541785 1.501333687 1.434913230 1.607819897 1.510970282 1.462820783 1.641245858 1.426391649 1.542699338 1.483001591 1.382080354 1.547487392 1.523375153 1.444123550 1.450479712 1.414200540 2.018113224 
29     1.643742173 1.762061268 1.764442743 1.367865023 1.451249473 1.380974615 1.461859262 1.284762282 1.262785146 1.291905200 1.317857235 1.164619651 1.283727541 1.420612801 0.900900860 0.546891204 0.000000000 0.953848321 0.967250944 1.284229897 1.297288947 1.252353650 1.546199708 1.398636801 1.493060219 1.588211221 1.762777299 1.319475837 1.502001850 1.347901192 1.657756077 1.682598609 1.279363443 1.572505211 1.559908643 1.623769811 1.549624784 1.703552171 1.626130895 1.565025960 1.743805888 1.540592556 1.651570445 1.583824093 1.483359018 1.654696901 1.624106103 1.535434324 1.542814451 1.505089311 2.110556190 
26     1.575457018 1.684524368 1.682887814 1.262567336 1.336047295 1.292907411 1.360470051 1.200608382 1.178735361 1.208643666 1.238995118 1.059762197 1.176644535 1.345597938 0.853252000 0.843416709 0.953848321 0.000000000 0.662260332 1.182531895 1.194983023 1.154129966 1.461819826 1.325469918 1.437967188 1.526576021 1.694783666 1.229515267 1.435586667 1.271218545 1.599855429 1.623243005 1.197070063 1.490478326 1.468321638 1.532971374 1.464991593 1.630544478 1.539410714 1.487894947 1.672947504 1.477051724 1.587848854 1.499037515 1.385393158 1.570006974 1.550815060 1.438164198 1.467590146 1.448108982 2.021271847 
32     1.591332015 1.697920958 1.699155396 1.278965599 1.359646040 1.324244048 1.384416893 1.218171116 1.197991405 1.229190203 1.277643283 1.085527613 1.200460077 1.372859303 0.879102694 0.839905561 0.967250944 0.662260332 0.000000000 1.215314835 1.214905640 1.185987122 1.474505441 1.358181290 1.454266694 1.562685928 1.733826012 1.266572016 1.453941767 1.278828750 1.633588504 1.655274110 1.224163519 1.491876028 1.473566645 1.540656252 1.483765515 1.643157709 1.549820489 1.502668480 1.692148953 1.486673685 1.595078287 1.510243700 1.406647700 1.604026109 1.568924379 1.487586638 1.487486410 1.469882530 2.057764942 
20     1.588641868 1.696090415 1.698634568 1.303864819 1.360604900 1.313056228 1.355843123 1.320866486 1.306185117 1.335796944 1.344329209 1.171901550 1.264037450 1.468653570 1.131992097 1.189144875 1.284229897 1.182531895 1.215314835 0.000000000 0.937044696 1.162246254 1.423414456 1.296607263 1.438764766 1.571514198 1.739869154 1.236329585 1.454143291 1.293034091 1.628548933 1.638238388 1.222718841 1.478688242 1.440239503 1.523080645 1.458360196 1.612711731 1.516547337 1.475549907 1.659569953 1.453411115 1.539580761 1.460394299 1.356557706 1.569785803 1.498302497 1.412973302 1.430789312 1.426249381 2.056041516 
28     1.602015283 1.712888390 1.717418896 1.303221778 1.364796050 1.323990821 1.389307077 1.347640626 1.313560182 1.347386850 1.368056104 1.194321341 1.293960394 1.473557351 1.154083693 1.208802375 1.297288947 1.194983023 1.214905640 0.937044696 0.000000000 1.167230590 1.436135604 1.314675951 1.441678152 1.579337130 1.738253854 1.262115477 1.462213502 1.318479684 1.607914868 1.647583918 1.249479163 1.479932663 1.468606743 1.542968635 1.481381390 1.646143037 1.539701863 1.507338102 1.667718502 1.458639514 1.566087925 1.492933844 1.412304756 1.589698372 1.540368472 1.432487709 1.454461121 1.432482302 2.060967018 
4     1.541612168 1.688843577 1.684100470 1.257813396 1.293574380 1.278528256 1.366257597 1.290516684 1.256210796 1.285509351 1.323952862 1.134178086 1.215123212 1.425753626 1.115058717 1.172085355 1.252353650 1.154129966 1.185987122 1.162246254 1.167230590 0.000000000 1.126261756 1.123024334 1.414834956 1.505142706 1.670203932 1.236741302 1.371845410 1.197635408 1.535937040 1.559191793 1.152660570 1.402758025 1.386209431 1.477437089 1.404262810 1.554567008 1.458187494 1.415664828 1.591341852 1.417922247 1.532373343 1.463926696 1.343195242 1.512902601 1.474511982 1.390513387 1.391661477 1.368308546 1.986007968 
6     1.807759254 1.953998697 1.942595174 1.559059079 1.631627165 1.568880871 1.639438674 1.581799490 1.543860877 1.574921099 1.605330840 1.433315853 1.514510588 1.700183266 1.362786768 1.454033766 1.546199708 1.461819826 1.474505441 1.423414456 1.436135604 1.126261756 0.000000000 1.460782537 1.689753487 1.769466253 1.938790464 1.503499494 1.705593928 1.521761137 1.850673570 1.863266414 1.487499390 1.689610989 1.674784226 1.743745787 1.685904288 1.831651257 1.730757688 1.686015519 1.873035592 1.677308708 1.778947787 1.710143287 1.588089644 1.816820753 1.729076885 1.673015887 1.680303998 1.659634772 2.280779505 
2     1.734068963 1.859371433 1.856768655 1.439593528 1.484517777 1.407339604 1.511609479 1.417877914 1.412405411 1.443340765 1.487202919 1.295218598 1.364238215 1.588331092 1.258835818 1.321247959 1.398636801 1.325469918 1.358181290 1.296607263 1.314675951 1.123024334 1.460782537 0.000000000 1.586891828 1.633354155 1.790973661 1.377300146 1.591098767 1.436291003 1.729654955 1.754235755 1.353979981 1.600975932 1.575390894 1.666317527 1.603725375 1.755848698 1.658754792 1.606249314 1.815392160 1.614755957 1.708065369 1.628070340 1.529636631 1.687239498 1.642853441 1.569109288 1.578818691 1.552711681 2.213872459 
30     1.788694022 1.906772000 1.900750498 1.516381759 1.570483079 1.524855744 1.585370982 1.557870431 1.529255607 1.559124918 1.575047645 1.411016767 1.503870262 1.702145197 1.370579615 1.431643517 1.493060219 1.437967188 1.454266694 1.438764766 1.441678152 1.414834956 1.689753487 1.586891828 0.000000000 1.738657432 1.910987420 1.442642952 1.650265638 1.495060937 1.784842434 1.801969066 1.423923582 1.650857633 1.641455942 1.706236395 1.646343229 1.783996259 1.689668122 1.656885613 1.828005782 1.664743788 1.756365230 1.630856393 1.598333227 1.757597059 1.717829796 1.645748408 1.657945874 1.629343015 2.217907071 
9     1.766184210 1.856802310 1.875677668 1.573775550 1.550956074 1.463623271 1.584196279 1.636068494 1.611951005 1.641878371 1.671134426 1.512659627 1.610682472 1.782670345 1.442944088 1.527874668 1.588211221 1.526576021 1.562685928 1.571514198 1.579337130 1.505142706 1.769466253 1.633354155 1.738657432 0.000000000 0.635768077 1.091827653 1.682057230 1.560854312 1.798851978 1.864263419 1.471712358 1.749130913 1.709121689 1.794889171 1.744265035 1.882260366 1.784900954 1.733374731 1.924436021 1.723728420 1.850434953 1.755945732 1.683830646 1.810932360 1.813455685 1.717737970 1.693725068 1.657486571 2.162451657 
16     1.944194926 2.037797748 2.056696209 1.757318563 1.729799323 1.640890023 1.753421041 1.790616948 1.768954927 1.799004192 1.836263456 1.674833681 1.771272991 1.956061478 1.621189533 1.702759579 1.762777299 1.694783666 1.733826012 1.739869154 1.738253854 1.670203932 1.938790464 1.790973661 1.910987420 0.635768077 0.000000000 1.282224293 1.859041733 1.734986424 1.956259770 2.029661541 1.641832620 1.910914457 1.868317964 1.957033788 1.904480855 2.040673934 1.944773647 1.892090947 2.082448603 1.873843598 1.983525870 1.897478564 1.849238088 1.971392734 1.958717456 1.873802857 1.848974065 1.816690020 2.328291369 
24     1.563072536 1.669197124 1.671457802 1.246963723 1.360268418 1.301885665 1.383341050 1.371246396 1.355304292 1.385835931 1.381583778 1.224668624 1.339106430 1.470809862 1.157348096 1.221893194 1.319475837 1.229515267 1.266572016 1.236329585 1.262115477 1.236741302 1.503499494 1.377300146 1.442642952 1.091827653 1.282224293 0.000000000 1.359398724 1.227725125 1.524196587 1.571555224 1.175343868 1.454970509 1.416454485 1.488040739 1.442409320 1.574141396 1.471883007 1.428338394 1.600529307 1.412811934 1.521343022 1.452530488 1.356835067 1.520349216 1.510130120 1.409267792 1.411947700 1.374908250 1.920235876 
3     1.800861458 1.907139525 1.879195623 1.481718013 1.513908139 1.508956774 1.542767392 1.545381764 1.523491529 1.557540739 1.591550800 1.396686586 1.511726965 1.714486242 1.330132814 1.422569320 1.502001850 1.435586667 1.453941767 1.454143291 1.462213502 1.371845410 1.705593928 1.591098767 1.650265638 1.682057230 1.859041733 1.359398724 0.000000000 1.097178859 1.537897469 1.539523530 1.259272590 1.595475990 1.573894884 1.650078852 1.601346497 1.744662795 1.634791001 1.591949155 1.763894394 1.590047090 1.682925869 1.566920288 1.485779892 1.660126510 1.642395492 1.537019784 1.542266533 1.535720593 2.075640590 
27     1.628286518 1.771254062 1.738309994 1.325323244 1.375124487 1.361874825 1.394309295 1.416080383 1.394808430 1.424822295 1.452313197 1.277700990 1.376369372 1.579335226 1.186701684 1.253451907 1.347901192 1.271218545 1.278828750 1.293034091 1.318479684 1.197635408 1.521761137 1.436291003 1.495060937 1.560854312 1.734986424 1.227725125 1.097178859 0.000000000 1.387345235 1.388219885 1.113658763 1.415092724 1.395587211 1.478265104 1.419693540 1.579504294 1.471944341 1.433659084 1.603329041 1.398632053 1.506254529 1.438635425 1.324244948 1.500509449 1.469735985 1.396049449 1.368791976 1.356739769 1.895972386 
18     1.939461905 2.055392219 2.057778145 1.665184931 1.688762881 1.645080698 1.697145445 1.691890372 1.668233458 1.695119863 1.730591041 1.562032301 1.662168011 1.873243729 1.506856577 1.580010098 1.657756077 1.599855429 1.633588504 1.628548933 1.607914868 1.535937040 1.850673570 1.729654955 1.784842434 1.798851978 1.956259770 1.524196587 1.537897469 1.387345235 0.000000000 0.446651786 1.436157701 1.725563501 1.715558047 1.797573721 1.750680928 1.897586404 1.797419627 1.748564078 1.929162614 1.746796533 1.846911464 1.725671399 1.689764904 1.822870345 1.785821344 1.682423266 1.698728011 1.665192891 2.146462762 
7     1.944295239 2.060847630 2.018281069 1.680449972 1.695831874 1.668513900 1.692134393 1.722284505 1.697391430 1.724580682 1.763503937 1.593625750 1.692461866 1.889411037 1.530769708 1.609084435 1.682598609 1.623243005 1.655274110 1.638238388 1.647583918 1.559191793 1.863266414 1.754235755 1.801969066 1.864263419 2.029661541 1.571555224 1.539523530 1.388219885 0.446651786 0.000000000 1.462627185 1.765543760 1.754742669 1.812280809 1.762937449 1.913667204 1.808887996 1.763364819 1.943605282 1.778599702 1.877609014 1.769877520 1.700253041 1.859687191 1.808218377 1.708347383 1.740642077 1.702070218 2.159119752 
14     1.570113697 1.672591163 1.672851918 1.270655691 1.298738291 1.282786988 1.342831610 1.329334367 1.305667897 1.336233128 1.344716155 1.175172699 1.250571929 1.482272309 1.115888403 1.214296191 1.279363443 1.197070063 1.224163519 1.222718841 1.249479163 1.152660570 1.487499390 1.353979981 1.423923582 1.471712358 1.641832620 1.175343868 1.259272590 1.113658763 1.436157701 1.462627185 0.000000000 1.347345012 1.312510720 1.389254308 1.333412708 1.472439097 1.378874281 1.328368576 1.504725673 1.368674370 1.447869594 1.364217955 1.256050298 1.419743216 1.402784354 1.301015040 1.286621538 1.274127946 1.872274704 
35     1.816713340 1.970677286 1.963563379 1.560060394 1.589369282 1.547065597 1.600450120 1.622964727 1.592087105 1.624830476 1.614159120 1.470472263 1.505562220 1.754993923 1.377571129 1.482352491 1.572505211 1.490478326 1.491876028 1.478688242 1.479932663 1.402758025 1.689610989 1.600975932 1.650857633 1.749130913 1.910914457 1.454970509 1.595475990 1.415092724 1.725563501 1.765543760 1.347345012 0.000000000 0.525250421 0.796011483 0.707160429 0.834193143 0.739320398 0.691069588 0.892171780 1.197867455 1.277671558 1.218792417 1.075102991 1.333587755 1.253066459 1.190389020 1.161965264 1.170592196 1.967708512 
48     1.775896283 1.944508820 1.938348733 1.522266594 1.568517183 1.521428861 1.588549235 1.606581305 1.574629125 1.609500957 1.599842634 1.450237957 1.468908680 1.750490855 1.359207428 1.452541785 1.559908643 1.468321638 1.473566645 1.440239503 1.468606743 1.386209431 1.674784226 1.575390894 1.641455942 1.709121689 1.868317964 1.416454485 1.573894884 1.395587211 1.715558047 1.754742669 1.312510720 0.525250421 0.000000000 0.726872300 0.652711385 0.798422956 0.705283725 0.651248329 0.868390911 1.188724849 1.274515552 1.222546322 1.055238484 1.306610595 1.264162162 1.183134550 1.163614621 1.166646040 1.996502119 
42     1.849132478 1.997440579 1.994169432 1.573258176 1.636009035 1.596863330 1.644433109 1.684169649 1.659296625 1.690446635 1.657882834 1.529137272 1.550097113 1.810447548 1.417360202 1.501333687 1.623769811 1.532971374 1.540656252 1.523080645 1.542968635 1.477437089 1.743745787 1.666317527 1.706236395 1.794889171 1.957033788 1.488040739 1.650078852 1.478265104 1.797573721 1.812280809 1.389254308 0.796011483 0.726872300 0.000000000 0.407657224 0.697606718 0.570210743 0.553231361 0.769496051 1.263283563 1.341086804 1.297282068 1.134312487 1.378784219 1.307241358 1.248292912 1.233497613 1.235805328 2.085187229 
44     1.791459065 1.939064185 1.934842751 1.529378576 1.582933793 1.534246686 1.582433978 1.630913145 1.599407909 1.629933849 1.609739802 1.472407609 1.489894281 1.741747673 1.353589323 1.434913230 1.549624784 1.464991593 1.483765515 1.458360196 1.481381390 1.404262810 1.685904288 1.603725375 1.646343229 1.744265035 1.904480855 1.442409320 1.601346497 1.419693540 1.750680928 1.762937449 1.333412708 0.707160429 0.652711385 0.407657224 0.000000000 0.612331142 0.509785292 0.475144396 0.686693220 1.199001176 1.290922046 1.229598732 1.076872538 1.323747971 1.257098876 1.189308617 1.176656615 1.176992854 2.003198240 
36     1.946818579 2.101590414 2.096820583 1.692107851 1.732772239 1.686747824 1.741555921 1.765272988 1.733421627 1.765772305 1.724716473 1.618042971 1.656931410 1.889198764 1.509676264 1.607819897 1.703552171 1.630544478 1.643157709 1.612711731 1.646143037 1.554567008 1.831651257 1.755848698 1.783996259 1.882260366 2.040673934 1.574141396 1.744662795 1.579504294 1.897586404 1.913667204 1.472439097 0.834193143 0.798422956 0.697606718 0.612331142 0.000000000 0.528105174 0.473215276 0.744504959 1.319110853 1.403100267 1.362408572 1.183546673 1.484546408 1.408094668 1.334192510 1.321534841 1.320798784 2.144252213 
37     1.853305648 2.012365120 2.006902826 1.587429915 1.638112952 1.589872872 1.644538042 1.684031034 1.649869930 1.680864500 1.668078100 1.522103446 1.561154454 1.791204409 1.401840551 1.510970282 1.626130895 1.539410714 1.549820489 1.516547337 1.539701863 1.458187494 1.730757688 1.658754792 1.689668122 1.784900954 1.944773647 1.471883007 1.634791001 1.471944341 1.797419627 1.808887996 1.378874281 0.739320398 0.705283725 0.570210743 0.509785292 0.528105174 0.000000000 0.373486699 0.631138418 1.234359028 1.318889540 1.274025590 1.112003512 1.382264860 1.313127244 1.233917214 1.218769293 1.216750056 2.045467864 
34     1.801749481 1.953512057 1.951304980 1.538908962 1.595122508 1.551547909 1.598362156 1.627392944 1.598347373 1.627238142 1.623117757 1.470349004 1.512479548 1.743944681 1.361541684 1.462820783 1.565025960 1.487894947 1.502668480 1.475549907 1.507338102 1.415664828 1.686015519 1.606249314 1.656885613 1.733374731 1.892090947 1.428338394 1.591949155 1.433659084 1.748564078 1.763364819 1.328368576 0.691069588 0.651248329 0.553231361 0.475144396 0.473215276 0.373486699 0.000000000 0.587442702 1.197471715 1.280694733 1.234461072 1.077127491 1.338718218 1.274423947 1.203026225 1.186997317 1.186591056 2.020488068 
45     1.996603985 2.136488444 2.129772836 1.734380433 1.767843930 1.725103635 1.787050667 1.807188319 1.783873425 1.814160156 1.802207553 1.637869395 1.676775390 1.921654382 1.539328569 1.641245858 1.743805888 1.672947504 1.692148953 1.659569953 1.667718502 1.591341852 1.873035592 1.815392160 1.828005782 1.924436021 2.082448603 1.600529307 1.763894394 1.603329041 1.929162614 1.943605282 1.504725673 0.892171780 0.868390911 0.769496051 0.686693220 0.744504959 0.631138418 0.587442702 0.000000000 1.367135449 1.459361336 1.425905146 1.255625525 1.502838618 1.458199697 1.361935140 1.360674337 1.347023904 2.180244483 
46     1.758770118 1.890546670 1.890820484 1.526347333 1.580884868 1.550604302 1.614811150 1.619360290 1.604810534 1.634482622 1.569976762 1.437502097 1.511049503 1.750959885 1.372434022 1.426391649 1.540592556 1.477051724 1.486673685 1.453411115 1.458639514 1.417922247 1.677308708 1.614755957 1.664743788 1.723728420 1.873843598 1.412811934 1.590047090 1.398632053 1.746796533 1.778599702 1.368674370 1.197867455 1.188724849 1.263283563 1.199001176 1.319110853 1.234359028 1.197471715 1.367135449 0.000000000 0.377579306 0.917053087 1.018776604 1.358142563 1.284914721 1.258660031 1.251401647 1.212167006 1.885288809 
50     1.876089271 2.016109056 2.011563330 1.656462420 1.689451211 1.652621878 1.706919124 1.697855284 1.683163247 1.712869521 1.664338211 1.519700324 1.591681954 1.844382944 1.443300956 1.542699338 1.651570445 1.587848854 1.595078287 1.539580761 1.566087925 1.532373343 1.778947787 1.708065369 1.756365230 1.850434953 1.983525870 1.521343022 1.682925869 1.506254529 1.846911464 1.877609014 1.447869594 1.277671558 1.274515552 1.341086804 1.290922046 1.403100267 1.318889540 1.280694733 1.459361336 0.377579306 0.000000000 1.014997141 1.130676373 1.465427060 1.375030581 1.364285031 1.362127444 1.326088549 2.007779196 
39     1.839700845 1.965655663 1.952599930 1.549047033 1.583692655 1.541994404 1.607393728 1.628410344 1.618977447 1.649950923 1.607132715 1.457115014 1.560310159 1.789692419 1.370402778 1.483001591 1.583824093 1.499037515 1.510243700 1.460394299 1.492933844 1.463926696 1.710143287 1.628070340 1.630856393 1.755945732 1.897478564 1.452530488 1.566920288 1.438635425 1.725671399 1.769877520 1.364217955 1.218792417 1.222546322 1.297282068 1.229598732 1.362408572 1.274025590 1.234461072 1.425905146 0.917053087 1.014997141 0.000000000 1.038251259 1.423265441 1.333146906 1.292444297 1.289282099 1.274653751 1.981207568 
38     1.694037892 1.851086801 1.849084529 1.457692801 1.520891064 1.460677186 1.510757667 1.526826245 1.518339592 1.550089606 1.519759299 1.368644056 1.389888853 1.696185665 1.274028747 1.382080354 1.483359018 1.385393158 1.406647700 1.356557706 1.412304756 1.343195242 1.588089644 1.529636631 1.598333227 1.683830646 1.849238088 1.356835067 1.485779892 1.324244948 1.689764904 1.700253041 1.256050298 1.075102991 1.055238484 1.134312487 1.076872538 1.183546673 1.112003512 1.077127491 1.255625525 1.018776604 1.130676373 1.038251259 0.000000000 1.272646552 1.174589741 1.086596333 1.098202629 1.085753683 1.891399059 
40     1.948491308 2.022666063 2.015580459 1.621700777 1.702536952 1.630115430 1.729230892 1.719458816 1.707643947 1.736540487 1.714314236 1.577892989 1.576767222 1.784924552 1.465615694 1.547487392 1.654696901 1.570006974 1.604026109 1.569785803 1.589698372 1.512902601 1.816820753 1.687239498 1.757597059 1.810932360 1.971392734 1.520349216 1.660126510 1.500509449 1.822870345 1.859687191 1.419743216 1.333587755 1.306610595 1.378784219 1.323747971 1.484546408 1.382264860 1.338718218 1.502838618 1.358142563 1.465427060 1.423265441 1.272646552 0.000000000 1.288812583 1.188441996 1.179435271 1.172278841 2.043354159 
41     1.859279667 2.003655520 1.998720000 1.623126852 1.655341847 1.570498693 1.656990397 1.692316150 1.678127462 1.710378285 1.671825119 1.533120415 1.561618204 1.826835898 1.436712179 1.523375153 1.624106103 1.550815060 1.568924379 1.498302497 1.540368472 1.474511982 1.729076885 1.642853441 1.717829796 1.813455685 1.958717456 1.510130120 1.642395492 1.469735985 1.785821344 1.808218377 1.402784354 1.253066459 1.264162162 1.307241358 1.257098876 1.408094668 1.313127244 1.274423947 1.458199697 1.284914721 1.375030581 1.333146906 1.174589741 1.288812583 0.000000000 1.092865957 1.095280656 1.076370497 2.061470184 
43     1.775416524 1.922697528 1.920466594 1.506432401 1.564484739 1.494795242 1.565135137 1.603399030 1.595376078 1.623560984 1.597678266 1.446712590 1.476266273 1.708085479 1.346002777 1.444123550 1.535434324 1.438164198 1.487586638 1.412973302 1.432487709 1.390513387 1.673015887 1.569109288 1.645748408 1.717737970 1.873802857 1.409267792 1.537019784 1.396049449 1.682423266 1.708347383 1.301015040 1.190389020 1.183134550 1.248292912 1.189308617 1.334192510 1.233917214 1.203026225 1.361935140 1.258660031 1.364285031 1.292444297 1.086596333 1.188441996 1.092865957 0.000000000 0.583214302 0.594004553 1.949357056 
47     1.794126067 1.936156350 1.933258771 1.514792564 1.578580405 1.490815531 1.571827382 1.618825839 1.603103606 1.631497372 1.606952436 1.473604386 1.495649456 1.727651540 1.367139153 1.450479712 1.542814451 1.467590146 1.487486410 1.430789312 1.454461121 1.391661477 1.680303998 1.578818691 1.657945874 1.693725068 1.848974065 1.411947700 1.542266533 1.368791976 1.698728011 1.740642077 1.286621538 1.161965264 1.163614621 1.233497613 1.176656615 1.321534841 1.218769293 1.186997317 1.360674337 1.251401647 1.362127444 1.289282099 1.098202629 1.179435271 1.095280656 0.583214302 0.000000000 0.499280059 1.951518455 
49     1.754393648 1.897866287 1.896601793 1.507429081 1.559335639 1.473030290 1.564593560 1.590790104 1.583335116 1.611498991 1.572073847 1.440724188 1.467579719 1.694389312 1.343841932 1.414200540 1.505089311 1.448108982 1.469882530 1.426249381 1.432482302 1.368308546 1.659634772 1.552711681 1.629343015 1.657486571 1.816690020 1.374908250 1.535720593 1.356739769 1.665192891 1.702070218 1.274127946 1.170592196 1.166646040 1.235805328 1.176992854 1.320798784 1.216750056 1.186591056 1.347023904 1.212167006 1.326088549 1.274653751 1.085753683 1.172278841 1.076370497 0.594004553 0.499280059 0.000000000 1.936605169 
0     2.299782500 2.405691776 2.376069643 2.095660451 2.037507227 2.013773348 2.056161165 2.195884605 2.162122271 2.192693264 2.181784340 2.055469315 2.101347316 2.240263914 1.982225202 2.018113224 2.110556190 2.021271847 2.057764942 2.056041516 2.060967018 1.986007968 2.280779505 2.213872459 2.217907071 2.162451657 2.328291369 1.920235876 2.075640590 1.895972386 2.146462762 2.159119752 1.872274704 1.967708512 1.996502119 2.085187229 2.003198240 2.144252213 2.045467864 2.020488068 2.180244483 1.885288809 2.007779196 1.981207568 1.891399059 2.043354159 2.061470184 1.949357056 1.951518455 1.936605169 0.000000000 
