51
6     0.000000000 0.153678695 0.156060351 0.104902336 0.121095433 0.126195841 0.140361080 0.136882292 0.093525126 0.282660372 0.264973740 0.398371618 0.372240249 0.356341399 0.354262868 0.310262404 0.314163224 0.317030417 0.305570498 0.324395533 0.323340660 0.325808792 0.310950197 0.306920754 0.310370066 0.312235570 0.309414464 0.345111865 0.422506407 0.417320771 0.481499516 0.409960618 0.438320628 0.438031491 0.421138195 0.438832696 0.440257745 0.337755682 0.316336313 0.335839823 0.288105828 0.282946048 0.352139598 0.359835558 0.320445557 0.324012208 0.348667367 0.352419254 0.349739125 0.265808618 0.779102551 
2     0.153678695 0.000000000 0.065720647 0.141720049 0.156785841 0.162016570 0.175628521 0.172133981 0.128261052 0.318347912 0.300664782 0.433841662 0.407710293 0.391811443 0.389732912 0.345732448 0.349633268 0.352500461 0.341040542 0.359865577 0.358809251 0.361278836 0.346420240 0.342390798 0.345840110 0.347705614 0.344884508 0.380581909 0.457929116 0.452743480 0.516747470 0.445351726 0.473711736 0.473422599 0.456529303 0.474223804 0.475648853 0.373226612 0.351807243 0.371310753 0.323576758 0.318416977 0.387610528 0.395306488 0.355916486 0.359483138 0.384138297 0.387890184 0.385210055 0.301279548 0.814504367 
5     0.156060351 0.065720647 0.000000000 0.144320999 0.159251565 0.164584341 0.178211170 0.174715838 0.130827865 0.320947520 0.303264390 0.436441270 0.410309901 0.394411051 0.392332521 0.348332056 0.352232876 0.355100070 0.343640150 0.362465185 0.361408859 0.363878444 0.349019849 0.344990406 0.348439719 0.350305222 0.347484116 0.383181517 0.460528724 0.455343089 0.519347078 0.447951335 0.476311345 0.476022207 0.459128911 0.476823412 0.478248462 0.375826220 0.354406851 0.373910361 0.326176367 0.321016586 0.390210136 0.397906096 0.358516095 0.362082746 0.386737905 0.390489793 0.387809663 0.303879156 0.817103975 
7     0.104902336 0.141720049 0.144320999 0.000000000 0.104424824 0.109143903 0.123560111 0.120285040 0.075506282 0.269764609 0.252081478 0.385258358 0.359126990 0.343228139 0.341149609 0.297149144 0.301049964 0.303917158 0.292457239 0.311282273 0.310239718 0.312695532 0.297836937 0.293807494 0.297256807 0.299122310 0.296301205 0.331998606 0.409393147 0.404207512 0.468386256 0.396847359 0.425207369 0.424918232 0.408024936 0.425719436 0.427144486 0.324643308 0.303223939 0.322727450 0.274993455 0.269833674 0.339027224 0.346723185 0.307333183 0.310899834 0.335554994 0.339306881 0.336626751 0.252696244 0.765935875 
3     0.121095433 0.156785841 0.159251565 0.104424824 0.000000000 0.114395577 0.128090510 0.125385344 0.081604846 0.285751111 0.268067981 0.401244861 0.375113492 0.359214642 0.357136111 0.313135647 0.317036467 0.319903660 0.308443741 0.327268776 0.326206798 0.328682035 0.313823440 0.309793997 0.313243309 0.315108813 0.312287707 0.347985108 0.425314241 0.420128606 0.484262005 0.412486013 0.440846023 0.440719150 0.423663590 0.441530961 0.442956011 0.340629216 0.319209847 0.338713358 0.290979363 0.285819582 0.355013132 0.362709093 0.323319091 0.326885742 0.351540901 0.355292789 0.352612659 0.268682152 0.781928049 
8     0.126195841 0.162016570 0.164584341 0.109143903 0.114395577 0.000000000 0.115184746 0.112102943 0.081227747 0.290743365 0.273060235 0.406237114 0.380105746 0.364206896 0.362128365 0.318127900 0.322028720 0.324895914 0.313435995 0.332261029 0.331207060 0.333674289 0.318815693 0.314786251 0.318235563 0.320101066 0.317279961 0.352977362 0.430371904 0.425186268 0.489365013 0.417826115 0.446186125 0.445896988 0.429003692 0.446698192 0.448123242 0.345622065 0.324202696 0.343706206 0.295972211 0.290812430 0.360005981 0.367701941 0.328311939 0.331878590 0.356533750 0.360285637 0.357605507 0.273675001 0.786914631 
9     0.140361080 0.175628521 0.178211170 0.123560111 0.128090510 0.115184746 0.000000000 0.057508459 0.094164631 0.305032546 0.287349416 0.420526296 0.394394927 0.378496077 0.376417546 0.332417082 0.336317902 0.339185095 0.327725176 0.346550211 0.345496242 0.347963470 0.333104875 0.329075432 0.332524745 0.334390248 0.331569142 0.367266543 0.444661085 0.439475449 0.503654194 0.432115296 0.460475306 0.460186169 0.443292873 0.460987374 0.462412423 0.359911246 0.338491877 0.357995387 0.310261392 0.305101611 0.374295162 0.381991122 0.342601121 0.346167772 0.370822931 0.374574818 0.371894689 0.287964182 0.801203812 
1     0.136882292 0.172133981 0.174715838 0.120285040 0.125385344 0.112102943 0.057508459 0.000000000 0.091374165 0.301520451 0.283837321 0.416880677 0.390749309 0.374850459 0.372771928 0.328727970 0.332671547 0.335538741 0.324061819 0.342903856 0.341849887 0.344317115 0.329441517 0.325412075 0.328878390 0.330743893 0.327922787 0.363603186 0.441195295 0.436009660 0.500188404 0.428649507 0.457009517 0.456720379 0.439827083 0.457521584 0.458946634 0.356485378 0.335066009 0.354569519 0.306835524 0.301675743 0.370869294 0.378565254 0.339175252 0.342741903 0.367397063 0.371148950 0.368468820 0.284538313 0.797738022 
4     0.093525126 0.128261052 0.130827865 0.075506282 0.081604846 0.081227747 0.094164631 0.091374165 0.000000000 0.257570479 0.239887349 0.372858367 0.346726999 0.330828148 0.328749618 0.284716807 0.288617627 0.291484820 0.280031354 0.298809471 0.297753145 0.300222730 0.285411053 0.281381610 0.284784005 0.286649508 0.283875320 0.319572722 0.397161584 0.391975949 0.456154693 0.384615795 0.412975806 0.412686668 0.395793372 0.413487873 0.414912923 0.312463851 0.291044482 0.310547993 0.262813998 0.257654217 0.326847767 0.334543728 0.295153726 0.298720377 0.323375537 0.327127424 0.324447294 0.240516787 0.753765371 
22     0.282660372 0.318347912 0.320947520 0.269764609 0.285751111 0.290743365 0.305032546 0.301520451 0.257570479 0.000000000 0.076022630 0.393649298 0.367517930 0.351660127 0.349581597 0.305790974 0.309715466 0.312582659 0.301135329 0.319960364 0.319002626 0.321373623 0.306515028 0.302485585 0.305934898 0.307800401 0.304979295 0.340858199 0.417080204 0.411894569 0.476796916 0.405147058 0.433508745 0.433219367 0.416324635 0.433996595 0.435421645 0.335331430 0.313936090 0.333441495 0.285699434 0.280535921 0.349664122 0.357360082 0.317712531 0.321256953 0.346215962 0.349967849 0.347287719 0.263169661 0.797337174 
15     0.264973740 0.300664782 0.303264390 0.252081478 0.268067981 0.273060235 0.287349416 0.283837321 0.239887349 0.076022630 0.000000000 0.375745257 0.349613888 0.333756086 0.331677555 0.287851095 0.291775586 0.294642780 0.283163853 0.301988888 0.301031151 0.303402147 0.288543552 0.284514109 0.287963422 0.289828925 0.286983827 0.322856983 0.399386742 0.394201107 0.459103454 0.387453596 0.415815283 0.415525905 0.398631173 0.416303133 0.417728183 0.317673717 0.296278377 0.315783782 0.268041721 0.262878208 0.332034308 0.339730268 0.300272934 0.303839585 0.328561499 0.332313386 0.329633256 0.245530191 0.779649368 
18     0.398371618 0.433841662 0.436441270 0.385258358 0.401244861 0.406237114 0.420526296 0.416880677 0.372858367 0.393649298 0.375745257 0.000000000 0.116849591 0.197543753 0.194966392 0.242765304 0.246792471 0.249616815 0.238304687 0.257098344 0.256429199 0.258355577 0.243431401 0.239426755 0.243488366 0.245419453 0.243013827 0.278314784 0.483108714 0.477923324 0.542837329 0.470809322 0.499132979 0.498999735 0.482067198 0.499527227 0.500965656 0.449263707 0.428023382 0.447488434 0.399575029 0.394411515 0.464268587 0.471964547 0.432680915 0.436247566 0.460930905 0.464682792 0.462002663 0.377734420 0.911574705 
26     0.372240249 0.407710293 0.410309901 0.359126990 0.375113492 0.380105746 0.394394927 0.390749309 0.346726999 0.367517930 0.349613888 0.116849591 0.000000000 0.170759511 0.167783968 0.217142170 0.221168621 0.223992965 0.212708547 0.231502204 0.230833059 0.232759437 0.217536741 0.213532095 0.217892942 0.219824029 0.217119882 0.252718644 0.456977346 0.451791956 0.516705961 0.444677954 0.473001611 0.472868367 0.455935830 0.473395858 0.474834288 0.423208360 0.401892014 0.421357066 0.373443660 0.368280147 0.438137218 0.445833179 0.406549546 0.410116197 0.434799537 0.438551424 0.435871294 0.351603052 0.885443336 
19     0.356341399 0.391811443 0.394411051 0.343228139 0.359214642 0.364206896 0.378496077 0.374850459 0.330828148 0.351660127 0.333756086 0.197543753 0.170759511 0.000000000 0.053178883 0.202823167 0.206802396 0.209523825 0.197350151 0.216188608 0.215519463 0.217447774 0.203200325 0.199092624 0.202728385 0.204627406 0.201807198 0.237470318 0.441003471 0.435802200 0.500820544 0.428792537 0.457116194 0.456982950 0.440050413 0.457510441 0.458948871 0.407423958 0.385968200 0.405433251 0.357519846 0.352356332 0.422213404 0.429909364 0.390625732 0.394192383 0.418875723 0.422627610 0.419947480 0.335679238 0.869529408 
32     0.354262868 0.389732912 0.392332521 0.341149609 0.357136111 0.362128365 0.376417546 0.372771928 0.328749618 0.349581597 0.331677555 0.194966392 0.167783968 0.053178883 0.000000000 0.200612165 0.204591395 0.207312823 0.195305966 0.214144423 0.213475278 0.215403588 0.201179305 0.197071604 0.200684200 0.202613814 0.199763013 0.235221295 0.438924940 0.433723670 0.498742014 0.426714006 0.455037663 0.454904420 0.437971883 0.455431911 0.456870340 0.405345428 0.383889669 0.403354721 0.355441315 0.350277802 0.420134873 0.427830834 0.388547201 0.392113852 0.416797192 0.420549079 0.417868950 0.333600707 0.867450877 
39     0.310262404 0.345732448 0.348332056 0.297149144 0.313135647 0.318127900 0.332417082 0.328727970 0.284716807 0.305790974 0.287851095 0.242765304 0.217142170 0.202823167 0.200612165 0.000000000 0.066033749 0.070291149 0.113380838 0.131656688 0.131202046 0.133069501 0.117936809 0.113761363 0.117326627 0.119539935 0.116836878 0.153017676 0.395289001 0.390103611 0.454708093 0.382456464 0.410780121 0.410646878 0.393714341 0.411241159 0.412679589 0.361429099 0.339703977 0.359304053 0.311264715 0.306101201 0.376173682 0.383869643 0.344622561 0.348189212 0.372872552 0.376624439 0.373944309 0.289653854 0.823422256 
14     0.314163224 0.349633268 0.352232876 0.301049964 0.317036467 0.322028720 0.336317902 0.332671547 0.288617627 0.309715466 0.291775586 0.246792471 0.221168621 0.206802396 0.204591395 0.066033749 0.000000000 0.068245508 0.117347566 0.135754725 0.135188956 0.137078871 0.122058116 0.117885030 0.121082799 0.123295726 0.120611841 0.156707008 0.399163809 0.393978419 0.458582901 0.386331273 0.414654930 0.414521686 0.397589149 0.415115967 0.416554397 0.365621686 0.343997764 0.363451111 0.315533011 0.310369497 0.380242969 0.387938929 0.348655297 0.352221948 0.376905287 0.380657174 0.377977045 0.293669108 0.827327348 
34     0.317030417 0.352500461 0.355100070 0.303917158 0.319903660 0.324895914 0.339185095 0.335538741 0.291484820 0.312582659 0.294642780 0.249616815 0.223992965 0.209523825 0.207312823 0.070291149 0.068245508 0.000000000 0.120513133 0.139095811 0.138389171 0.140422968 0.125236156 0.121078598 0.124628748 0.126866845 0.124181408 0.160397351 0.401986518 0.396801128 0.461373769 0.388810625 0.417164438 0.417072010 0.400270127 0.417782403 0.419242861 0.368488880 0.346864958 0.366318305 0.318400204 0.313236691 0.383110162 0.390806123 0.351522490 0.355089141 0.379772481 0.383524368 0.380844239 0.296536302 0.830194541 
43     0.305570498 0.341040542 0.343640150 0.292457239 0.308443741 0.313435995 0.327725176 0.324061819 0.280031354 0.301135329 0.283163853 0.238304687 0.212708547 0.197350151 0.195305966 0.113380838 0.117347566 0.120513133 0.000000000 0.075984206 0.075707979 0.077427283 0.070505597 0.066534918 0.073583351 0.074611768 0.073505814 0.118551707 0.390549780 0.385364390 0.450164857 0.377910468 0.406234125 0.406100881 0.389168344 0.406758039 0.408196469 0.356996899 0.335372977 0.354827178 0.306852437 0.301688924 0.371618181 0.379314141 0.340030509 0.343597160 0.368280500 0.372032387 0.369352257 0.285050959 0.818734622 
12     0.324395533 0.359865577 0.362465185 0.311282273 0.327268776 0.332261029 0.346550211 0.342903856 0.298809471 0.319960364 0.301988888 0.257098344 0.231502204 0.216188608 0.214144423 0.131656688 0.135754725 0.139095811 0.075984206 0.000000000 0.053210554 0.052942087 0.090414022 0.086132459 0.090951492 0.092920454 0.092434785 0.137018291 0.409403275 0.404217885 0.469018352 0.396763963 0.425087620 0.424954376 0.408021839 0.425611534 0.427049964 0.375821933 0.354198011 0.373652212 0.325673049 0.320509536 0.390443216 0.398139176 0.358855544 0.362422195 0.387105534 0.390857421 0.388177292 0.303875994 0.837559657 
11     0.323340660 0.358809251 0.361408859 0.310239718 0.326206798 0.331207060 0.345496242 0.341849887 0.297753145 0.319002626 0.301031151 0.256429199 0.230833059 0.215519463 0.213475278 0.131202046 0.135188956 0.138389171 0.075707979 0.053210554 0.000000000 0.045705332 0.089951587 0.085688818 0.091380766 0.093796881 0.091725433 0.136577371 0.408585549 0.403400159 0.468199336 0.395953872 0.424277529 0.424144285 0.407211748 0.424792519 0.426230949 0.374864196 0.353240274 0.372694475 0.324715312 0.319551798 0.389485478 0.397181439 0.357897806 0.361464457 0.386147797 0.389899684 0.387219555 0.302918256 0.836609492 
10     0.325808792 0.361278836 0.363878444 0.312695532 0.328682035 0.333674289 0.347963470 0.344317115 0.300222730 0.321373623 0.303402147 0.258355577 0.232759437 0.217447774 0.215403588 0.133069501 0.137078871 0.140422968 0.077427283 0.052942087 0.045705332 0.000000000 0.092292093 0.088153203 0.092917596 0.094962965 0.093421102 0.138628452 0.410816534 0.405631144 0.470431611 0.398177222 0.426500879 0.426367635 0.409435098 0.427024794 0.428463223 0.377235193 0.355611271 0.375065472 0.327086309 0.321922795 0.391856475 0.399552435 0.360268803 0.363835454 0.388518794 0.392270681 0.389590551 0.305289253 0.838972916 
27     0.310950197 0.346420240 0.349019849 0.297836937 0.313823440 0.318815693 0.333104875 0.329441517 0.285411053 0.306515028 0.288543552 0.243431401 0.217536741 0.203200325 0.201179305 0.117936809 0.122058116 0.125236156 0.070505597 0.090414022 0.089951587 0.092292093 0.000000000 0.035732285 0.076760738 0.077917836 0.076482176 0.123975171 0.395979273 0.390793883 0.455594350 0.383339961 0.411663618 0.411530374 0.394597837 0.412187532 0.413625962 0.362376597 0.340752675 0.360206876 0.312222364 0.307058851 0.376997880 0.384693840 0.345410208 0.348976859 0.373660198 0.377412085 0.374731956 0.290436587 0.824114321 
36     0.306920754 0.342390798 0.344990406 0.293807494 0.309793997 0.314786251 0.329075432 0.325412075 0.281381610 0.302485585 0.284514109 0.239426755 0.213532095 0.199092624 0.197071604 0.113761363 0.117885030 0.121078598 0.066534918 0.086132459 0.085688818 0.088153203 0.035732285 0.000000000 0.072751521 0.074869976 0.072544765 0.119578037 0.391878702 0.386693312 0.451493779 0.379239390 0.407563047 0.407429803 0.390497266 0.408086961 0.409525391 0.358347155 0.336723233 0.356177434 0.308192921 0.303029408 0.372968437 0.380664397 0.341380765 0.344947416 0.369630756 0.373382643 0.370702513 0.286407144 0.820084878 
37     0.310370066 0.345840110 0.348439719 0.297256807 0.313243309 0.318235563 0.332524745 0.328878390 0.284784005 0.305934898 0.287963422 0.243488366 0.217892942 0.202728385 0.200684200 0.117326627 0.121082799 0.124628748 0.073583351 0.090951492 0.091380766 0.092917596 0.076760738 0.072751521 0.000000000 0.031845671 0.069089823 0.124670581 0.395107689 0.389893631 0.454985807 0.382550633 0.410874290 0.410716332 0.393783438 0.411426219 0.412864649 0.361796467 0.340172545 0.359624059 0.311708588 0.306545074 0.376417749 0.384113710 0.344830077 0.348396729 0.373080068 0.376831955 0.374151826 0.289850528 0.823534191 
45     0.312235570 0.347705614 0.350305222 0.299122310 0.315108813 0.320101066 0.334390248 0.330743893 0.286649508 0.307800401 0.289828925 0.245419453 0.219824029 0.204627406 0.202613814 0.119539935 0.123295726 0.126866845 0.074611768 0.092920454 0.093796881 0.094962965 0.077917836 0.074869976 0.031845671 0.000000000 0.071135802 0.126928276 0.396994527 0.391780468 0.456872644 0.384437470 0.412761127 0.412603169 0.395670275 0.413313056 0.414751486 0.363661970 0.342038048 0.361490924 0.313574091 0.308410577 0.378283253 0.385979213 0.346695581 0.350262232 0.374945571 0.378697458 0.376017329 0.291716031 0.825399694 
20     0.309414464 0.344884508 0.347484116 0.296301205 0.312287707 0.317279961 0.331569142 0.327922787 0.283875320 0.304979295 0.286983827 0.243013827 0.217119882 0.201807198 0.199763013 0.116836878 0.120611841 0.124181408 0.073505814 0.092434785 0.091725433 0.093421102 0.076482176 0.072544765 0.069089823 0.071135802 0.000000000 0.122232119 0.394407667 0.389222277 0.454022744 0.381768355 0.410092012 0.409958768 0.393026231 0.410615926 0.412054356 0.360840865 0.339216943 0.358671144 0.310726100 0.305562587 0.375462147 0.383158107 0.343874475 0.347441126 0.372124466 0.375876353 0.373196223 0.288910307 0.822578588 
40     0.345111865 0.380581909 0.383181517 0.331998606 0.347985108 0.352977362 0.367266543 0.363603186 0.319572722 0.340858199 0.322856983 0.278314784 0.252718644 0.237470318 0.235221295 0.153017676 0.156707008 0.160397351 0.118551707 0.137018291 0.136577371 0.138628452 0.123975171 0.119578037 0.124670581 0.126928276 0.122232119 0.000000000 0.430309393 0.425124003 0.489924470 0.417670081 0.445993738 0.445860494 0.428927957 0.446517652 0.447956082 0.396721130 0.375097208 0.394551409 0.346633251 0.341469737 0.411342413 0.419038373 0.379754741 0.383321392 0.408004731 0.411756618 0.409076489 0.324781120 0.857501777 
48     0.422506407 0.457929116 0.460528724 0.409393147 0.425314241 0.430371904 0.444661085 0.441195295 0.397161584 0.417080204 0.399386742 0.483108714 0.456977346 0.441003471 0.438924940 0.395289001 0.399163809 0.401986518 0.390549780 0.409403275 0.408585549 0.410816534 0.395979273 0.391878702 0.395107689 0.396994527 0.394407667 0.430309393 0.000000000 0.147574230 0.511730548 0.441015625 0.469253696 0.469013965 0.452122106 0.469864133 0.471237435 0.473961105 0.452284696 0.471760143 0.423956094 0.418792581 0.488548483 0.496244443 0.456820082 0.460386733 0.485070440 0.488822327 0.486142197 0.402014253 0.935781519 
28     0.417320771 0.452743480 0.455343089 0.404207512 0.420128606 0.425186268 0.439475449 0.436009660 0.391975949 0.411894569 0.394201107 0.477923324 0.451791956 0.435802200 0.433723670 0.390103611 0.393978419 0.396801128 0.385364390 0.404217885 0.403400159 0.405631144 0.390793883 0.386693312 0.389893631 0.391780468 0.389222277 0.425124003 0.147574230 0.000000000 0.506850050 0.436187438 0.464425509 0.464185778 0.447293919 0.465213829 0.466587131 0.468775470 0.447099060 0.466574508 0.418770459 0.413606945 0.483362847 0.491058807 0.451634446 0.455201097 0.479884804 0.483636691 0.480956562 0.396828618 0.930595883 
31     0.481499516 0.516747470 0.519347078 0.468386256 0.484262005 0.489365013 0.503654194 0.500188404 0.456154693 0.476796916 0.459103454 0.542837329 0.516705961 0.500820544 0.498742014 0.454708093 0.458582901 0.461373769 0.450164857 0.469018352 0.468199336 0.470431611 0.455594350 0.451493779 0.454985807 0.456872644 0.454022744 0.489924470 0.511730548 0.506850050 0.000000000 0.402099609 0.430565950 0.429882212 0.413636218 0.430341353 0.432219646 0.533355328 0.511580288 0.531060396 0.483251686 0.478109564 0.547918675 0.555614635 0.516150505 0.519717156 0.544392499 0.548144386 0.545464257 0.461203670 0.993230501 
24     0.409960618 0.445351726 0.447951335 0.396847359 0.412486013 0.417826115 0.432115296 0.428649507 0.384615795 0.405147058 0.387453596 0.470809322 0.444677954 0.428792537 0.426714006 0.382456464 0.386331273 0.388810625 0.377910468 0.396763963 0.395953872 0.398177222 0.383339961 0.379239390 0.382550633 0.384437470 0.381768355 0.417670081 0.441015625 0.436187438 0.402099609 0.000000000 0.103852559 0.185137769 0.170999105 0.265854087 0.267900990 0.461819287 0.440044247 0.459524355 0.411715645 0.406573523 0.476382634 0.484078595 0.444614464 0.448181115 0.472856458 0.476608346 0.473928216 0.389667629 0.921648994 
21     0.438320628 0.473711736 0.476311345 0.425207369 0.440846023 0.446186125 0.460475306 0.457009517 0.412975806 0.433508745 0.415815283 0.499132979 0.473001611 0.457116194 0.455037663 0.410780121 0.414654930 0.417164438 0.406234125 0.425087620 0.424277529 0.426500879 0.411663618 0.407563047 0.410874290 0.412761127 0.410092012 0.445993738 0.469253696 0.464425509 0.430565950 0.103852559 0.000000000 0.213208239 0.199580604 0.293549448 0.295036630 0.490179298 0.468222383 0.487702490 0.439893781 0.434751659 0.504742644 0.512438605 0.472974474 0.476541125 0.501216469 0.504968356 0.502288226 0.418027639 0.950009005 
46     0.438031491 0.473422599 0.476022207 0.424918232 0.440719150 0.445896988 0.460186169 0.456720379 0.412686668 0.433219367 0.415525905 0.498999735 0.472868367 0.456982950 0.454904420 0.410646878 0.414521686 0.417072010 0.406100881 0.424954376 0.424144285 0.426367635 0.411530374 0.407429803 0.410716332 0.412603169 0.409958768 0.445860494 0.469013965 0.464185778 0.429882212 0.185137769 0.213208239 0.000000000 0.200152380 0.293571688 0.295640327 0.489887747 0.467929609 0.487409717 0.439601007 0.434458886 0.504451094 0.512147054 0.472682923 0.476249574 0.500924918 0.504676805 0.501996676 0.417736088 0.949719867 
50     0.421138195 0.456529303 0.459128911 0.408024936 0.423663590 0.429003692 0.443292873 0.439827083 0.395793372 0.416324635 0.398631173 0.482067198 0.455935830 0.440050413 0.437971883 0.393714341 0.397589149 0.400270127 0.389168344 0.408021839 0.407211748 0.409435098 0.394597837 0.390497266 0.393783438 0.395670275 0.393026231 0.428927957 0.452122106 0.447293919 0.413636218 0.170999105 0.199580604 0.200152380 0.000000000 0.277525882 0.279612119 0.472996864 0.451039949 0.470520057 0.422711348 0.417569226 0.487560211 0.495256172 0.455792041 0.459358692 0.484034035 0.487785923 0.485105793 0.400845206 0.932826571 
29     0.438832696 0.474223804 0.476823412 0.425719436 0.441530961 0.446698192 0.460987374 0.457521584 0.413487873 0.433996595 0.416303133 0.499527227 0.473395858 0.457510441 0.455431911 0.411241159 0.415115967 0.417782403 0.406758039 0.425611534 0.424792519 0.427024794 0.412187532 0.408086961 0.411426219 0.413313056 0.410615926 0.446517652 0.469864133 0.465213829 0.430341353 0.265854087 0.293549448 0.293571688 0.277525882 0.000000000 0.078701148 0.490589610 0.468586705 0.488066813 0.440258104 0.435115982 0.505152957 0.512848917 0.473384786 0.476951438 0.501626781 0.505378668 0.502698539 0.418437952 0.951899993 
23     0.440257745 0.475648853 0.478248462 0.427144486 0.442956011 0.448123242 0.462412423 0.458946634 0.414912923 0.435421645 0.417728183 0.500965656 0.474834288 0.458948871 0.456870340 0.412679589 0.416554397 0.419242861 0.408196469 0.427049964 0.426230949 0.428463223 0.413625962 0.409525391 0.412864649 0.414751486 0.412054356 0.447956082 0.471237435 0.466587131 0.432219646 0.267900990 0.295036630 0.295640327 0.279612119 0.078701148 0.000000000 0.492014660 0.470011755 0.489491863 0.441683153 0.436541031 0.506578007 0.514273967 0.474809836 0.478376487 0.503051831 0.506803718 0.504123589 0.419863001 0.953325043 
35     0.337755682 0.373226612 0.375826220 0.324643308 0.340629216 0.345622065 0.359911246 0.356485378 0.312463851 0.335331430 0.317673717 0.449263707 0.423208360 0.407423958 0.405345428 0.361429099 0.365621686 0.368488880 0.356996899 0.375821933 0.374864196 0.377235193 0.362376597 0.358347155 0.361796467 0.363661970 0.360840865 0.396721130 0.473961105 0.468775470 0.533355328 0.461819287 0.490179298 0.489887747 0.472996864 0.490589610 0.492014660 0.000000000 0.211426511 0.230823305 0.183370785 0.178026171 0.316411889 0.324094880 0.291124749 0.294590576 0.319648150 0.323176212 0.320593796 0.251255302 0.851288449 
42     0.316336313 0.351807243 0.354406851 0.303223939 0.319209847 0.324202696 0.338491877 0.335066009 0.291044482 0.313936090 0.296278377 0.428023382 0.401892014 0.385968200 0.383889669 0.339703977 0.343997764 0.346864958 0.335372977 0.354198011 0.353240274 0.355611271 0.340752675 0.336723233 0.340172545 0.342038048 0.339216943 0.375097208 0.452284696 0.447099060 0.511580288 0.440044247 0.468222383 0.467929609 0.451039949 0.468586705 0.470011755 0.211426511 0.000000000 0.142182126 0.124890610 0.118761861 0.295159267 0.302980297 0.269304684 0.272899227 0.297511381 0.301039443 0.298457027 0.230156969 0.829797755 
41     0.335839823 0.371310753 0.373910361 0.322727450 0.338713358 0.343706206 0.357995387 0.354569519 0.310547993 0.333441495 0.315783782 0.447488434 0.421357066 0.405433251 0.403354721 0.359304053 0.363451111 0.366318305 0.354827178 0.373652212 0.372694475 0.375065472 0.360206876 0.356177434 0.359624059 0.361490924 0.358671144 0.394551409 0.471760143 0.466574508 0.531060396 0.459524355 0.487702490 0.487409717 0.470520057 0.488066813 0.489491863 0.230823305 0.142182126 0.000000000 0.142385263 0.136599924 0.314898291 0.322581282 0.288759953 0.292420349 0.317026350 0.320552828 0.317970412 0.249757600 0.849288328 
25     0.288105828 0.323576758 0.326176367 0.274993455 0.290979363 0.295972211 0.310261392 0.306835524 0.262813998 0.285699434 0.268041721 0.399575029 0.373443660 0.357519846 0.355441315 0.311264715 0.315533011 0.318400204 0.306852437 0.325673049 0.324715312 0.327086309 0.312222364 0.308192921 0.311708588 0.313574091 0.310726100 0.346633251 0.423956094 0.418770459 0.483251686 0.411715645 0.439893781 0.439601007 0.422711348 0.440258104 0.441683153 0.183370785 0.124890610 0.142385263 0.000000000 0.051095559 0.267027501 0.274710264 0.240989970 0.244593410 0.269293343 0.272821405 0.270238990 0.201971784 0.801567271 
17     0.282946048 0.318416977 0.321016586 0.269833674 0.285819582 0.290812430 0.305101611 0.301675743 0.257654217 0.280535921 0.262878208 0.394411515 0.368280147 0.352356332 0.350277802 0.306101201 0.310369497 0.313236691 0.301688924 0.320509536 0.319551798 0.321922795 0.307058851 0.303029408 0.306545074 0.308410577 0.305562587 0.341469737 0.418792581 0.413606945 0.478109564 0.406573523 0.434751659 0.434458886 0.417569226 0.435115982 0.436541031 0.178026171 0.118761861 0.136599924 0.051095559 0.000000000 0.262021877 0.269704868 0.236219068 0.239822508 0.264607368 0.268135429 0.265553014 0.196615874 0.796318938 
38     0.352139598 0.387610528 0.390210136 0.339027224 0.355013132 0.360005981 0.374295162 0.370869294 0.326847767 0.349664122 0.332034308 0.464268587 0.438137218 0.422213404 0.420134873 0.376173682 0.380242969 0.383110162 0.371618181 0.390443216 0.389485478 0.391856475 0.376997880 0.372968437 0.376417749 0.378283253 0.375462147 0.411342413 0.488548483 0.483362847 0.547918675 0.476382634 0.504742644 0.504451094 0.487560211 0.505152957 0.506578007 0.316411889 0.295159267 0.314898291 0.267027501 0.262021877 0.000000000 0.078163416 0.304494957 0.307993800 0.332060371 0.335933613 0.333296954 0.266266867 0.865897789 
33     0.359835558 0.395306488 0.397906096 0.346723185 0.362709093 0.367701941 0.381991122 0.378565254 0.334543728 0.357360082 0.339730268 0.471964547 0.445833179 0.429909364 0.427830834 0.383869643 0.387938929 0.390806123 0.379314141 0.398139176 0.397181439 0.399552435 0.384693840 0.380664397 0.384113710 0.385979213 0.383158107 0.419038373 0.496244443 0.491058807 0.555614635 0.484078595 0.512438605 0.512147054 0.495256172 0.512848917 0.514273967 0.324094880 0.302980297 0.322581282 0.274710264 0.269704868 0.078163416 0.000000000 0.312221736 0.315720579 0.339793578 0.343666821 0.341030162 0.274011990 0.873593749 
13     0.320445557 0.355916486 0.358516095 0.307333183 0.323319091 0.328311939 0.342601121 0.339175252 0.295153726 0.317712531 0.300272934 0.432680915 0.406549546 0.390625732 0.388547201 0.344622561 0.348655297 0.351522490 0.340030509 0.358855544 0.357897806 0.360268803 0.345410208 0.341380765 0.344830077 0.346695581 0.343874475 0.379754741 0.456820082 0.451634446 0.516150505 0.444614464 0.472974474 0.472682923 0.455792041 0.473384786 0.474809836 0.291124749 0.269304684 0.288759953 0.240989970 0.236219068 0.304494957 0.312221736 0.000000000 0.049191635 0.249281157 0.253103351 0.250589373 0.232662823 0.833992108 
30     0.324012208 0.359483138 0.362082746 0.310899834 0.326885742 0.331878590 0.346167772 0.342741903 0.298720377 0.321256953 0.303839585 0.436247566 0.410116197 0.394192383 0.392113852 0.348189212 0.352221948 0.355089141 0.343597160 0.362422195 0.361464457 0.363835454 0.348976859 0.344947416 0.348396729 0.350262232 0.347441126 0.383321392 0.460386733 0.455201097 0.519717156 0.448181115 0.476541125 0.476249574 0.459358692 0.476951438 0.478376487 0.294590576 0.272899227 0.292420349 0.244593410 0.239822508 0.307993800 0.315720579 0.049191635 0.000000000 0.252795080 0.256617273 0.254103296 0.236269917 0.837558760 
16     0.348667367 0.384138297 0.386737905 0.335554994 0.351540901 0.356533750 0.370822931 0.367397063 0.323375537 0.346215962 0.328561499 0.460930905 0.434799537 0.418875723 0.416797192 0.372872552 0.376905287 0.379772481 0.368280500 0.387105534 0.386147797 0.388518794 0.373660198 0.369630756 0.373080068 0.374945571 0.372124466 0.408004731 0.485070440 0.479884804 0.544392499 0.472856458 0.501216469 0.500924918 0.484034035 0.501626781 0.503051831 0.319648150 0.297511381 0.317026350 0.269293343 0.264607368 0.332060371 0.339793578 0.249281157 0.252795080 0.000000000 0.058072322 0.060487605 0.261590546 0.862284296 
44     0.352419254 0.387890184 0.390489793 0.339306881 0.355292789 0.360285637 0.374574818 0.371148950 0.327127424 0.349967849 0.332313386 0.464682792 0.438551424 0.422627610 0.420549079 0.376624439 0.380657174 0.383524368 0.372032387 0.390857421 0.389899684 0.392270681 0.377412085 0.373382643 0.376831955 0.378697458 0.375876353 0.411756618 0.488822327 0.483636691 0.548144386 0.476608346 0.504968356 0.504676805 0.487785923 0.505378668 0.506803718 0.323176212 0.301039443 0.320552828 0.272821405 0.268135429 0.335933613 0.343666821 0.253103351 0.256617273 0.058072322 0.000000000 0.061915356 0.265210534 0.866036183 
49     0.349739125 0.385210055 0.387809663 0.336626751 0.352612659 0.357605507 0.371894689 0.368468820 0.324447294 0.347287719 0.329633256 0.462002663 0.435871294 0.419947480 0.417868950 0.373944309 0.377977045 0.380844239 0.369352257 0.388177292 0.387219555 0.389590551 0.374731956 0.370702513 0.374151826 0.376017329 0.373196223 0.409076489 0.486142197 0.480956562 0.545464257 0.473928216 0.502288226 0.501996676 0.485105793 0.502698539 0.504123589 0.320593796 0.298457027 0.317970412 0.270238990 0.265553014 0.333296954 0.341030162 0.250589373 0.254103296 0.060487605 0.061915356 0.000000000 0.262552579 0.863356054 
47     0.265808618 0.301279548 0.303879156 0.252696244 0.268682152 0.273675001 0.287964182 0.284538313 0.240516787 0.263169661 0.245530191 0.377734420 0.351603052 0.335679238 0.333600707 0.289653854 0.293669108 0.296536302 0.285050959 0.303875994 0.302918256 0.305289253 0.290436587 0.286407144 0.289850528 0.291716031 0.288910307 0.324781120 0.402014253 0.396828618 0.461203670 0.389667629 0.418027639 0.417736088 0.400845206 0.418437952 0.419863001 0.251255302 0.230156969 0.249757600 0.201971784 0.196615874 0.266266867 0.274011990 0.232662823 0.236269917 0.261590546 0.265210534 0.262552579 0.000000000 0.779400297 
0     0.779102551 0.814504367 0.817103975 0.765935875 0.781928049 0.786914631 0.801203812 0.797738022 0.753765371 0.797337174 0.779649368 0.911574705 0.885443336 0.869529408 0.867450877 0.823422256 0.827327348 0.830194541 0.818734622 0.837559657 0.836609492 0.838972916 0.824114321 0.820084878 0.823534191 0.825399694 0.822578588 0.857501777 0.935781519 0.930595883 0.993230501 0.921648994 0.950009005 0.949719867 0.932826571 0.951899993 0.953325043 0.851288449 0.829797755 0.849288328 0.801567271 0.796318938 0.865897789 0.873593749 0.833992108 0.837558760 0.862284296 0.866036183 0.863356054 0.779400297 0.000000000 
