51
4     0.000000000 0.085301363 0.129489197 0.138262858 0.137960736 0.131366655 0.099677165 0.099708347 0.094427704 0.097641696 0.094237088 0.098048983 0.094902671 0.105632872 0.106739254 0.105744785 0.106022856 0.115052790 0.115034964 0.113774661 0.128918113 0.114222910 0.114086944 0.109748769 0.112853601 0.111361238 0.111309678 0.114461890 0.112512851 0.107982615 0.097421961 0.096723129 0.097721079 0.097409247 0.102959377 0.110578277 0.117968925 0.100210069 0.097698606 0.097889975 0.105826961 0.105882321 0.096998477 0.096403222 0.093397210 0.094305045 0.082780976 0.097398019 0.099773221 0.101464472 0.274994458 
13     0.085301363 0.000000000 0.089321576 0.098105218 0.097803096 0.091210964 0.065403882 0.065435064 0.060154421 0.063368413 0.059963805 0.063775700 0.060629388 0.071387417 0.072493799 0.071499330 0.074886512 0.083916552 0.083898726 0.082638422 0.097742863 0.083086566 0.082950600 0.078569050 0.081673883 0.080181520 0.080129960 0.083282171 0.081333133 0.076802897 0.066291798 0.065592966 0.066590916 0.066279084 0.071829214 0.079344394 0.086735043 0.068925339 0.066418696 0.066610064 0.074555280 0.074610640 0.065795997 0.065200742 0.062194730 0.063105991 0.051581922 0.066198965 0.068574167 0.070265418 0.243499032 
7     0.129489197 0.089321576 0.000000000 0.063021995 0.062719432 0.056159803 0.109718895 0.109750077 0.104469434 0.107683427 0.104278818 0.108090713 0.104944401 0.115733576 0.116839958 0.115845489 0.119108534 0.128138574 0.128120748 0.126860445 0.141972502 0.127308588 0.127172622 0.122800471 0.125905304 0.124412941 0.124361381 0.127513592 0.125564554 0.121034318 0.110569442 0.109870609 0.110868560 0.110556728 0.116106858 0.123518682 0.130909330 0.113073842 0.110567199 0.110758567 0.118684403 0.118739763 0.110092576 0.109497322 0.106491310 0.107400535 0.095876466 0.110493509 0.112868711 0.114559962 0.287669111 
3     0.138262858 0.098105218 0.063021995 0.000000000 0.014155679 0.037785994 0.118495753 0.118526935 0.113246292 0.116460284 0.113055676 0.116867570 0.113721259 0.124510434 0.125616815 0.124622347 0.127882195 0.136912235 0.136894408 0.135634105 0.150746163 0.136082249 0.135946283 0.131574132 0.134678965 0.133186601 0.133135041 0.136287253 0.134338214 0.129807978 0.119343102 0.118644270 0.119642220 0.119330388 0.124880518 0.132292308 0.139682956 0.121847469 0.119340825 0.119532193 0.127458029 0.127513390 0.118866203 0.118270948 0.115264936 0.116174161 0.104650092 0.119267135 0.121642337 0.123333588 0.296442771 
10     0.137960736 0.097803096 0.062719432 0.014155679 0.000000000 0.037439298 0.118193631 0.118224812 0.112944169 0.116158162 0.112753553 0.116565448 0.113419136 0.124208312 0.125314693 0.124320225 0.127580073 0.136610112 0.136592286 0.135331983 0.150444040 0.135780127 0.135644161 0.131272010 0.134376843 0.132884479 0.132832919 0.135985131 0.134036092 0.129505856 0.119040980 0.118342148 0.119340098 0.119028266 0.124578396 0.131990186 0.139380834 0.121545346 0.119038703 0.119230071 0.127155907 0.127211267 0.118564080 0.117968826 0.114962813 0.115872039 0.104347970 0.118965013 0.121340215 0.123031466 0.296140649 
15     0.131366655 0.091210964 0.056159803 0.037785994 0.037439298 0.000000000 0.111599550 0.111630732 0.106350089 0.109564081 0.106159473 0.109971368 0.106825056 0.117614231 0.118720612 0.117726144 0.120985992 0.130016032 0.129998206 0.128737902 0.143849960 0.129186046 0.129050080 0.124677929 0.127782762 0.126290398 0.126238839 0.129391050 0.127442012 0.122911775 0.112446899 0.111748067 0.112746017 0.112434185 0.117984316 0.125396105 0.132786753 0.114951266 0.112444622 0.112635990 0.120561826 0.120617187 0.111970000 0.111374745 0.108368733 0.109277958 0.097753889 0.112370932 0.114746135 0.116437385 0.289546568 
2     0.099677165 0.065403882 0.109718895 0.118495753 0.118193631 0.111599550 0.000000000 0.009888270 0.018845000 0.021856005 0.018503936 0.024778532 0.021541294 0.054155924 0.055287279 0.054315949 0.089748806 0.098778659 0.098760833 0.097500530 0.112604970 0.097954765 0.097818799 0.093444352 0.096549185 0.095056822 0.095005262 0.098157473 0.096208435 0.091678199 0.081290625 0.080591792 0.081589743 0.081277911 0.086828041 0.094029435 0.101420083 0.083599744 0.081093101 0.081284469 0.089243978 0.089299338 0.080447022 0.079851768 0.076845755 0.077753864 0.066229795 0.080846838 0.083215254 0.084906505 0.258330941 
12     0.099708347 0.065435064 0.109750077 0.118526935 0.118224812 0.111630732 0.009888270 0.000000000 0.018767925 0.021819872 0.018609642 0.024904476 0.021721693 0.054174177 0.055305532 0.054334202 0.089779988 0.098809841 0.098792015 0.097531711 0.112636152 0.097985947 0.097849980 0.093475534 0.096580367 0.095088003 0.095036444 0.098188655 0.096239617 0.091709380 0.081321806 0.080622974 0.081620924 0.081309093 0.086859223 0.094060617 0.101451265 0.083630926 0.081124283 0.081315651 0.089275159 0.089330520 0.080478204 0.079882950 0.076876937 0.077785046 0.066260977 0.080878020 0.083246436 0.084937686 0.258362123 
5     0.094427704 0.060154421 0.104469434 0.113246292 0.112944169 0.106350089 0.018845000 0.018767925 0.000000000 0.013836439 0.010376154 0.019818754 0.016562165 0.048857370 0.049988725 0.049017394 0.084499345 0.093529198 0.093511372 0.092251068 0.107355509 0.092705304 0.092569337 0.088194891 0.091299724 0.089807360 0.089755801 0.092908012 0.090958974 0.086428737 0.076041163 0.075342331 0.076340281 0.076028450 0.081578580 0.088779974 0.096170622 0.078350283 0.075843640 0.076035008 0.083994516 0.084049877 0.075197561 0.074602307 0.071596294 0.072504403 0.060980334 0.075597377 0.077965793 0.079657043 0.253081480 
11     0.097641696 0.063368413 0.107683427 0.116460284 0.116158162 0.109564081 0.021856005 0.021819872 0.013836439 0.000000000 0.010111908 0.022651197 0.019318280 0.052131616 0.053262971 0.052291641 0.087713338 0.096743190 0.096725364 0.095465061 0.110569502 0.095919296 0.095783330 0.091408883 0.094513716 0.093021353 0.092969793 0.096122004 0.094172966 0.089642730 0.079255156 0.078556324 0.079554274 0.079242442 0.084792572 0.091993966 0.099384615 0.081564276 0.079057632 0.079249000 0.087208509 0.087263869 0.078411554 0.077816299 0.074810287 0.075718395 0.064194326 0.078811369 0.081179786 0.082871036 0.256295473 
16     0.094237088 0.059963805 0.104278818 0.113055676 0.112753553 0.106159473 0.018503936 0.018609642 0.010376154 0.010111908 0.000000000 0.019280913 0.015998713 0.048679893 0.049811247 0.048839917 0.084308729 0.093338582 0.093320756 0.092060452 0.107164893 0.092514688 0.092378721 0.088004275 0.091109108 0.089616744 0.089565185 0.092717396 0.090768357 0.086238121 0.075850547 0.075151715 0.076149665 0.075837833 0.081387964 0.088589358 0.095980006 0.078159667 0.075653023 0.075844392 0.083803900 0.083859261 0.075006945 0.074411691 0.071405678 0.072313787 0.060789718 0.075406761 0.077775177 0.079466427 0.252890864 
6     0.098048983 0.063775700 0.108090713 0.116867570 0.116565448 0.109971368 0.024778532 0.024904476 0.019818754 0.022651197 0.019280913 0.000000000 0.010594216 0.052468274 0.053599628 0.052628323 0.088120624 0.097150477 0.097132651 0.095872347 0.110976788 0.096326583 0.096190616 0.091816170 0.094921003 0.093428639 0.093377080 0.096529291 0.094580252 0.090050016 0.079662442 0.078963610 0.079961560 0.079649728 0.085199859 0.092401252 0.099791901 0.081971562 0.079464918 0.079656287 0.087615795 0.087671156 0.078818840 0.078223586 0.075217573 0.076125682 0.064601613 0.079218656 0.081587072 0.083278322 0.256702759 
9     0.094902671 0.060629388 0.104944401 0.113721259 0.113419136 0.106825056 0.021541294 0.021721693 0.016562165 0.019318280 0.015998713 0.010594216 0.000000000 0.049326727 0.050458082 0.049486776 0.084974312 0.094004165 0.093986339 0.092726035 0.107830476 0.093180271 0.093044304 0.088669858 0.091774691 0.090282327 0.090230768 0.093382979 0.091433940 0.086903704 0.076516130 0.075817298 0.076815248 0.076503416 0.082053547 0.089254941 0.096645589 0.078825250 0.076318606 0.076509975 0.084469483 0.084524844 0.075672528 0.075077274 0.072071261 0.072979370 0.061455301 0.076072344 0.078440760 0.080132010 0.253556447 
14     0.105632872 0.071387417 0.115733576 0.124510434 0.124208312 0.117614231 0.054155924 0.054174177 0.048857370 0.052131616 0.048679893 0.052468274 0.049326727 0.000000000 0.017332012 0.014738401 0.095730240 0.104760092 0.104742266 0.103481963 0.118586404 0.103936198 0.103800232 0.099425785 0.102530618 0.101038255 0.100986695 0.104138906 0.102189868 0.097659632 0.087272058 0.086573226 0.087571176 0.087259344 0.092809474 0.100011865 0.107402514 0.089582175 0.087075531 0.087266899 0.095226408 0.095281768 0.086429453 0.085834198 0.082828186 0.083736294 0.072212226 0.086829269 0.089197685 0.090888935 0.264320764 
1     0.106739254 0.072493799 0.116839958 0.125616815 0.125314693 0.118720612 0.055287279 0.055305532 0.049988725 0.053262971 0.049811247 0.053599628 0.050458082 0.017332012 0.000000000 0.016074468 0.096836621 0.105866474 0.105848648 0.104588345 0.119692785 0.105042580 0.104906613 0.100532167 0.103637000 0.102144636 0.102093077 0.105245288 0.103296250 0.098766014 0.088378439 0.087679607 0.088677558 0.088365726 0.093915856 0.101118247 0.108508895 0.090688556 0.088181913 0.088373281 0.096332790 0.096388150 0.087535834 0.086940580 0.083934567 0.084842676 0.073318607 0.087935650 0.090304066 0.091995317 0.265427146 
8     0.105744785 0.071499330 0.115845489 0.124622347 0.124320225 0.117726144 0.054315949 0.054334202 0.049017394 0.052291641 0.048839917 0.052628323 0.049486776 0.014738401 0.016074468 0.000000000 0.095842153 0.104872005 0.104854179 0.103593876 0.118698317 0.104048111 0.103912145 0.099537698 0.102642531 0.101150168 0.101098608 0.104250819 0.102301781 0.097771545 0.087383971 0.086685139 0.087683089 0.087371257 0.092921387 0.100123778 0.107514427 0.089694088 0.087187444 0.087378812 0.095338321 0.095393681 0.086541366 0.085946111 0.082940099 0.083848207 0.072324138 0.086941182 0.089309598 0.091000848 0.264432677 
46     0.106022856 0.074886512 0.119108534 0.127882195 0.127580073 0.120985992 0.089748806 0.089779988 0.084499345 0.087713338 0.084308729 0.088120624 0.084974312 0.095730240 0.096836621 0.095842153 0.000000000 0.031666828 0.031687009 0.030366637 0.055729011 0.041628267 0.041600854 0.062662878 0.065754361 0.064263205 0.064194467 0.067352172 0.065422354 0.060906116 0.066678483 0.065989398 0.066983678 0.066671441 0.072253410 0.097340877 0.104739733 0.087005187 0.084498543 0.084679973 0.092605359 0.092660720 0.083747321 0.083152067 0.080146054 0.081054317 0.069530248 0.084147291 0.086522494 0.088213744 0.262027189 
34     0.115052790 0.083916552 0.128138574 0.136912235 0.136610112 0.130016032 0.098778659 0.098809841 0.093529198 0.096743190 0.093338582 0.097150477 0.094004165 0.104760092 0.105866474 0.104872005 0.031666828 0.000000000 0.022576980 0.030149190 0.064669658 0.050494612 0.050484900 0.071753205 0.074844688 0.073353532 0.073284793 0.076442498 0.074512681 0.069996443 0.075707006 0.075017920 0.076012200 0.075699963 0.081281932 0.106370442 0.113769298 0.096034752 0.093528108 0.093709538 0.101634925 0.101690285 0.092776886 0.092181632 0.089175619 0.090083882 0.078559813 0.093176856 0.095552059 0.097243309 0.271057124 
45     0.115034964 0.083898726 0.128120748 0.136894408 0.136592286 0.129998206 0.098760833 0.098792015 0.093511372 0.096725364 0.093320756 0.097132651 0.093986339 0.104742266 0.105848648 0.104854179 0.031687009 0.022576980 0.000000000 0.030366312 0.064581645 0.050370273 0.050362255 0.071730603 0.074822086 0.073330930 0.073262192 0.076419896 0.074490079 0.069973841 0.075689199 0.075000113 0.075994393 0.075682156 0.081264125 0.106352616 0.113751471 0.096016926 0.093510282 0.093691712 0.101617098 0.101672459 0.092759060 0.092163806 0.089157793 0.090066056 0.078541987 0.093159030 0.095534233 0.097225483 0.271039298 
43     0.113774661 0.082638422 0.126860445 0.135634105 0.135331983 0.128737902 0.097500530 0.097531711 0.092251068 0.095465061 0.092060452 0.095872347 0.092726035 0.103481963 0.104588345 0.103593876 0.030366637 0.030149190 0.030366312 0.000000000 0.063332327 0.049269236 0.049260612 0.070478651 0.073570133 0.072078977 0.072010239 0.075167944 0.073238126 0.068721889 0.074428937 0.073739852 0.074734131 0.074421895 0.080003863 0.105092313 0.112491168 0.094756623 0.092249979 0.092431408 0.100356795 0.100412156 0.091498757 0.090903503 0.087897490 0.088805753 0.077281684 0.091898727 0.094273929 0.095965180 0.269778994 
23     0.128918113 0.097742863 0.141972502 0.150746163 0.150444040 0.143849960 0.112604970 0.112636152 0.107355509 0.110569502 0.107164893 0.110976788 0.107830476 0.118586404 0.119692785 0.118698317 0.055729011 0.064669658 0.064581645 0.063332327 0.000000000 0.065049548 0.064937027 0.085285109 0.088377420 0.086886264 0.086830564 0.089972215 0.088033324 0.083517086 0.089598175 0.088909089 0.089903369 0.089591133 0.095173101 0.120254976 0.127653831 0.109919286 0.107412642 0.107594071 0.115519458 0.115574819 0.106661420 0.106066166 0.103060153 0.103968416 0.092444347 0.107061390 0.109436593 0.111127843 0.284919863 
42     0.114222910 0.083086566 0.127308588 0.136082249 0.135780127 0.129186046 0.097954765 0.097985947 0.092705304 0.095919296 0.092514688 0.096326583 0.093180271 0.103936198 0.105042580 0.104048111 0.041628267 0.050494612 0.050370273 0.049269236 0.065049548 0.000000000 0.013229894 0.071047171 0.074135474 0.072644319 0.072588618 0.075745495 0.073795386 0.069278641 0.074890389 0.074201303 0.075195583 0.074883347 0.080465315 0.105546836 0.112945691 0.095211146 0.092704502 0.092885931 0.100811318 0.100866679 0.091953280 0.091358026 0.088352013 0.089260276 0.077736207 0.092353250 0.094728452 0.096419703 0.270231357 
44     0.114086944 0.082950600 0.127172622 0.135946283 0.135644161 0.129050080 0.097818799 0.097849980 0.092569337 0.095783330 0.092378721 0.096190616 0.093044304 0.103800232 0.104906613 0.103912145 0.041600854 0.050484900 0.050362255 0.049260612 0.064937027 0.013229894 0.000000000 0.070911477 0.073999780 0.072508624 0.072452924 0.075609801 0.073659691 0.069142946 0.074754422 0.074065337 0.075059616 0.074747380 0.080329348 0.105410869 0.112809725 0.095075179 0.092568536 0.092749965 0.100675352 0.100730712 0.091817313 0.091222059 0.088216047 0.089124309 0.077600240 0.092217284 0.094592486 0.096283736 0.270095390 
25     0.109748769 0.078569050 0.122800471 0.131574132 0.131272010 0.124677929 0.093444352 0.093475534 0.088194891 0.091408883 0.088004275 0.091816170 0.088669858 0.099425785 0.100532167 0.099537698 0.062662878 0.071753205 0.071730603 0.070478651 0.085285109 0.071047171 0.070911477 0.000000000 0.027583124 0.025758083 0.025878811 0.029446591 0.027107615 0.022887511 0.070715756 0.070026671 0.071016165 0.070708714 0.076285232 0.101034477 0.108433332 0.090698787 0.088192143 0.088373572 0.096298959 0.096354320 0.087440921 0.086845667 0.083839654 0.084747917 0.073223848 0.087840891 0.090216093 0.091907344 0.265834553 
40     0.112853601 0.081673883 0.125905304 0.134678965 0.134376843 0.127782762 0.096549185 0.096580367 0.091299724 0.094513716 0.091109108 0.094921003 0.091774691 0.102530618 0.103637000 0.102642531 0.065754361 0.074844688 0.074822086 0.073570133 0.088377420 0.074135474 0.073999780 0.027583124 0.000000000 0.012993578 0.026838595 0.029772372 0.029427716 0.025134387 0.073820589 0.073131504 0.074120998 0.073813547 0.079390065 0.104139310 0.111538165 0.093803620 0.091296976 0.091478405 0.099403792 0.099459152 0.090545754 0.089950500 0.086944487 0.087852750 0.076328681 0.090945724 0.093320926 0.095012177 0.268939386 
37     0.111361238 0.080181520 0.124412941 0.133186601 0.132884479 0.126290398 0.095056822 0.095088003 0.089807360 0.093021353 0.089616744 0.093428639 0.090282327 0.101038255 0.102144636 0.101150168 0.064263205 0.073353532 0.073330930 0.072078977 0.086886264 0.072644319 0.072508624 0.025758083 0.012993578 0.000000000 0.025018291 0.028218295 0.027697239 0.023560533 0.072328225 0.071639140 0.072628634 0.072321183 0.077897701 0.102646946 0.110045802 0.092311256 0.089804613 0.089986042 0.097911429 0.097966789 0.089053391 0.088458136 0.085452124 0.086360386 0.074836318 0.089453361 0.091828563 0.093519813 0.267447023 
32     0.111309678 0.080129960 0.124361381 0.133135041 0.132832919 0.126238839 0.095005262 0.095036444 0.089755801 0.092969793 0.089565185 0.093377080 0.090230768 0.100986695 0.102093077 0.101098608 0.064194467 0.073284793 0.073262192 0.072010239 0.086830564 0.072588618 0.072452924 0.025878811 0.026838595 0.025018291 0.000000000 0.022935007 0.027722114 0.023495267 0.072276666 0.071587580 0.072577074 0.072269624 0.077846142 0.102595386 0.109994242 0.092259697 0.089753053 0.089934482 0.097859869 0.097915229 0.089001831 0.088406576 0.085400564 0.086308827 0.074784758 0.089401801 0.091777003 0.093468254 0.267395463 
26     0.114461890 0.083282171 0.127513592 0.136287253 0.135985131 0.129391050 0.098157473 0.098188655 0.092908012 0.096122004 0.092717396 0.096529291 0.093382979 0.104138906 0.105245288 0.104250819 0.067352172 0.076442498 0.076419896 0.075167944 0.089972215 0.075745495 0.075609801 0.029446591 0.029772372 0.028218295 0.022935007 0.000000000 0.030964531 0.026574994 0.075428354 0.074739269 0.075728763 0.075421312 0.080997830 0.105747598 0.113146453 0.095411908 0.092905264 0.093086693 0.101012080 0.101067441 0.092154042 0.091558788 0.088552775 0.089461038 0.077936969 0.092554012 0.094929214 0.096620465 0.270547674 
31     0.112512851 0.081333133 0.125564554 0.134338214 0.134036092 0.127442012 0.096208435 0.096239617 0.090958974 0.094172966 0.090768357 0.094580252 0.091433940 0.102189868 0.103296250 0.102301781 0.065422354 0.074512681 0.074490079 0.073238126 0.088033324 0.073795386 0.073659691 0.027107615 0.029427716 0.027697239 0.027722114 0.030964531 0.000000000 0.013529802 0.073479839 0.072790753 0.073780247 0.073472797 0.079049314 0.103798559 0.111197415 0.093462869 0.090956226 0.091137655 0.099063042 0.099118402 0.090205004 0.089609749 0.086603737 0.087512000 0.075987931 0.090604974 0.092980176 0.094671427 0.268598636 
18     0.107982615 0.076802897 0.121034318 0.129807978 0.129505856 0.122911775 0.091678199 0.091709380 0.086428737 0.089642730 0.086238121 0.090050016 0.086903704 0.097659632 0.098766014 0.097771545 0.060906116 0.069996443 0.069973841 0.068721889 0.083517086 0.069278641 0.069142946 0.022887511 0.025134387 0.023560533 0.023495267 0.026574994 0.013529802 0.000000000 0.068949603 0.068260517 0.069250011 0.068942560 0.074519078 0.099268323 0.106667179 0.088932633 0.086425990 0.086607419 0.094532806 0.094588166 0.085674768 0.085079513 0.082073501 0.082981763 0.071457695 0.086074738 0.088449940 0.090141191 0.264068400 
28     0.097421961 0.066291798 0.110569442 0.119343102 0.119040980 0.112446899 0.081290625 0.081321806 0.076041163 0.079255156 0.075850547 0.079662442 0.076516130 0.087272058 0.088378439 0.087383971 0.066678483 0.075707006 0.075689199 0.074428937 0.089598175 0.074890389 0.074754422 0.070715756 0.073820589 0.072328225 0.072276666 0.075428354 0.073479839 0.068949603 0.000000000 0.008796302 0.018382961 0.022766969 0.037620209 0.088827278 0.096226134 0.078521839 0.076015195 0.076182555 0.084088916 0.084144276 0.075258556 0.074663302 0.071657289 0.072564838 0.061040770 0.075657813 0.078033015 0.079724266 0.253246683 
47     0.096723129 0.065592966 0.109870609 0.118644270 0.118342148 0.111748067 0.080591792 0.080622974 0.075342331 0.078556324 0.075151715 0.078963610 0.075817298 0.086573226 0.087679607 0.086685139 0.065989398 0.075017920 0.075000113 0.073739852 0.088909089 0.074201303 0.074065337 0.070026671 0.073131504 0.071639140 0.071587580 0.074739269 0.072790753 0.068260517 0.008796302 0.000000000 0.017681446 0.021831879 0.036854349 0.088128573 0.095527429 0.077823007 0.075316363 0.075483723 0.083390084 0.083445444 0.074559851 0.073964597 0.070958584 0.071866133 0.060342065 0.074959108 0.077334310 0.079025561 0.252547851 
24     0.097721079 0.066590916 0.110868560 0.119642220 0.119340098 0.112746017 0.081589743 0.081620924 0.076340281 0.079554274 0.076149665 0.079961560 0.076815248 0.087571176 0.088677558 0.087683089 0.066983678 0.076012200 0.075994393 0.074734131 0.089903369 0.075195583 0.075059616 0.071016165 0.074120998 0.072628634 0.072577074 0.075728763 0.073780247 0.069250011 0.018382961 0.017681446 0.000000000 0.023368870 0.037891496 0.089126396 0.096525252 0.078820957 0.076314313 0.076481673 0.084388034 0.084443395 0.075557674 0.074962420 0.071956408 0.072863957 0.061339888 0.075956931 0.078332133 0.080023384 0.253545801 
49     0.097409247 0.066279084 0.110556728 0.119330388 0.119028266 0.112434185 0.081277911 0.081309093 0.076028450 0.079242442 0.075837833 0.079649728 0.076503416 0.087259344 0.088365726 0.087371257 0.066671441 0.075699963 0.075682156 0.074421895 0.089591133 0.074883347 0.074747380 0.070708714 0.073813547 0.072321183 0.072269624 0.075421312 0.073472797 0.068942560 0.022766969 0.021831879 0.023368870 0.000000000 0.037604295 0.088814691 0.096213547 0.078509125 0.076002481 0.076169841 0.084076202 0.084131563 0.075245970 0.074650715 0.071644703 0.072552252 0.061028183 0.075645226 0.078020428 0.079711679 0.253233969 
39     0.102959377 0.071829214 0.116106858 0.124880518 0.124578396 0.117984316 0.086828041 0.086859223 0.081578580 0.084792572 0.081387964 0.085199859 0.082053547 0.092809474 0.093915856 0.092921387 0.072253410 0.081281932 0.081264125 0.080003863 0.095173101 0.080465315 0.080329348 0.076285232 0.079390065 0.077897701 0.077846142 0.080997830 0.079049314 0.074519078 0.037620209 0.036854349 0.037891496 0.037604295 0.000000000 0.094364694 0.101763550 0.084059255 0.081552612 0.081719971 0.089626332 0.089681693 0.080795973 0.080200718 0.077194706 0.078102255 0.066578186 0.081195229 0.083570431 0.085261682 0.258782154 
19     0.110578277 0.079344394 0.123518682 0.132292308 0.131990186 0.125396105 0.094029435 0.094060617 0.088779974 0.091993966 0.088589358 0.092401252 0.089254941 0.100011865 0.101118247 0.100123778 0.097340877 0.106370442 0.106352616 0.105092313 0.120254976 0.105546836 0.105410869 0.101034477 0.104139310 0.102646946 0.102595386 0.105747598 0.103798559 0.099268323 0.088827278 0.088128573 0.089126396 0.088814691 0.094364694 0.000000000 0.027282914 0.073152883 0.070649542 0.070874612 0.079043304 0.079092233 0.070470015 0.069851904 0.066867256 0.067495048 0.055973775 0.070642139 0.073008061 0.074699312 0.266573963 
27     0.117968925 0.086735043 0.130909330 0.139682956 0.139380834 0.132786753 0.101420083 0.101451265 0.096170622 0.099384615 0.095980006 0.099791901 0.096645589 0.107402514 0.108508895 0.107514427 0.104739733 0.113769298 0.113751471 0.112491168 0.127653831 0.112945691 0.112809725 0.108433332 0.111538165 0.110045802 0.109994242 0.113146453 0.111197415 0.106667179 0.096226134 0.095527429 0.096525252 0.096213547 0.101763550 0.027282914 0.000000000 0.080522792 0.078019208 0.078244278 0.086412970 0.086461899 0.077840883 0.077222772 0.074238124 0.074873566 0.063352294 0.078013007 0.080378929 0.082070179 0.274005195 
33     0.100210069 0.068925339 0.113073842 0.121847469 0.121545346 0.114951266 0.083599744 0.083630926 0.078350283 0.081564276 0.078159667 0.081971562 0.078825250 0.089582175 0.090688556 0.089694088 0.087005187 0.096034752 0.096016926 0.094756623 0.109919286 0.095211146 0.095075179 0.090698787 0.093803620 0.092311256 0.092259697 0.095411908 0.093462869 0.088932633 0.078521839 0.077823007 0.078820957 0.078509125 0.084059255 0.073152883 0.080522792 0.000000000 0.028221522 0.029624204 0.061000182 0.061046705 0.059645263 0.059030344 0.056043339 0.056813478 0.045284758 0.059967160 0.062216382 0.063907632 0.256194260 
38     0.097698606 0.066418696 0.110567199 0.119340825 0.119038703 0.112444622 0.081093101 0.081124283 0.075843640 0.079057632 0.075653023 0.079464918 0.076318606 0.087075531 0.088181913 0.087187444 0.084498543 0.093528108 0.093510282 0.092249979 0.107412642 0.092704502 0.092568536 0.088192143 0.091296976 0.089804613 0.089753053 0.092905264 0.090956226 0.086425990 0.076015195 0.075316363 0.076314313 0.076002481 0.081552612 0.070649542 0.078019208 0.028221522 0.000000000 0.027154034 0.058380256 0.058426779 0.056922230 0.056307310 0.053320306 0.054082747 0.042554026 0.057236429 0.059485650 0.061176901 0.253667931 
29     0.097889975 0.066610064 0.110758567 0.119532193 0.119230071 0.112635990 0.081284469 0.081315651 0.076035008 0.079249000 0.075844392 0.079656287 0.076509975 0.087266899 0.088373281 0.087378812 0.084679973 0.093709538 0.093691712 0.092431408 0.107594071 0.092885931 0.092749965 0.088373572 0.091478405 0.089986042 0.089934482 0.093086693 0.091137655 0.086607419 0.076182555 0.075483723 0.076481673 0.076169841 0.081719971 0.070874612 0.078244278 0.029624204 0.027154034 0.000000000 0.058425406 0.058471929 0.057150294 0.056535374 0.053548370 0.054310632 0.042781912 0.057464314 0.059713536 0.061404786 0.253860320 
21     0.105826961 0.074555280 0.118684403 0.127458029 0.127155907 0.120561826 0.089243978 0.089275159 0.083994516 0.087208509 0.083803900 0.087615795 0.084469483 0.095226408 0.096332790 0.095338321 0.092605359 0.101634925 0.101617098 0.100356795 0.115519458 0.100811318 0.100675352 0.096298959 0.099403792 0.097911429 0.097859869 0.101012080 0.099063042 0.094532806 0.084088916 0.083390084 0.084388034 0.084076202 0.089626332 0.079043304 0.086412970 0.061000182 0.058380256 0.058425406 0.000000000 0.023202725 0.065524039 0.064908840 0.061922115 0.062522542 0.050994196 0.065658833 0.067928763 0.069620014 0.261852793 
50     0.105882321 0.074610640 0.118739763 0.127513390 0.127211267 0.120617187 0.089299338 0.089330520 0.084049877 0.087263869 0.083859261 0.087671156 0.084524844 0.095281768 0.096388150 0.095393681 0.092660720 0.101690285 0.101672459 0.100412156 0.115574819 0.100866679 0.100730712 0.096354320 0.099459152 0.097966789 0.097915229 0.101067441 0.099118402 0.094588166 0.084144276 0.083445444 0.084443395 0.084131563 0.089681693 0.079092233 0.086461899 0.061046705 0.058426779 0.058471929 0.023202725 0.000000000 0.065578435 0.064963236 0.061976511 0.062576938 0.051048592 0.065713229 0.067983160 0.069674410 0.261908153 
17     0.096998477 0.065795997 0.110092576 0.118866203 0.118564080 0.111970000 0.080447022 0.080478204 0.075197561 0.078411554 0.075006945 0.078818840 0.075672528 0.086429453 0.087535834 0.086541366 0.083747321 0.092776886 0.092759060 0.091498757 0.106661420 0.091953280 0.091817313 0.087440921 0.090545754 0.089053391 0.089001831 0.092154042 0.090205004 0.085674768 0.075258556 0.074559851 0.075557674 0.075245970 0.080795973 0.070470015 0.077840883 0.059645263 0.056922230 0.057150294 0.065524039 0.065578435 0.000000000 0.010892491 0.015211202 0.045751626 0.034192216 0.048733327 0.051118418 0.052802432 0.253175067 
20     0.096403222 0.065200742 0.109497322 0.118270948 0.117968826 0.111374745 0.079851768 0.079882950 0.074602307 0.077816299 0.074411691 0.078223586 0.075077274 0.085834198 0.086940580 0.085946111 0.083152067 0.092181632 0.092163806 0.090903503 0.106066166 0.091358026 0.091222059 0.086845667 0.089950500 0.088458136 0.088406576 0.091558788 0.089609749 0.085079513 0.074663302 0.073964597 0.074962420 0.074650715 0.080200718 0.069851904 0.077222772 0.059030344 0.056307310 0.056535374 0.064908840 0.064963236 0.010892491 0.000000000 0.014622321 0.045106308 0.033546898 0.048088009 0.050472941 0.052156955 0.252579813 
36     0.093397210 0.062194730 0.106491310 0.115264936 0.114962813 0.108368733 0.076845755 0.076876937 0.071596294 0.074810287 0.071405678 0.075217573 0.072071261 0.082828186 0.083934567 0.082940099 0.080146054 0.089175619 0.089157793 0.087897490 0.103060153 0.088352013 0.088216047 0.083839654 0.086944487 0.085452124 0.085400564 0.088552775 0.086603737 0.082073501 0.071657289 0.070958584 0.071956408 0.071644703 0.077194706 0.066867256 0.074238124 0.056043339 0.053320306 0.053548370 0.061922115 0.061976511 0.015211202 0.014622321 0.000000000 0.042141316 0.030581906 0.045122946 0.047508108 0.049192051 0.249573800 
41     0.094305045 0.063105991 0.107400535 0.116174161 0.115872039 0.109277958 0.077753864 0.077785046 0.072504403 0.075718395 0.072313787 0.076125682 0.072979370 0.083736294 0.084842676 0.083848207 0.081054317 0.090083882 0.090066056 0.088805753 0.103968416 0.089260276 0.089124309 0.084747917 0.087852750 0.086360386 0.086308827 0.089461038 0.087512000 0.082981763 0.072564838 0.071866133 0.072863957 0.072552252 0.078102255 0.067495048 0.074873566 0.056813478 0.054082747 0.054310632 0.062522542 0.062576938 0.045751626 0.045106308 0.042141316 0.000000000 0.018888468 0.037926308 0.041995255 0.043681432 0.250483977 
35     0.082780976 0.051581922 0.095876466 0.104650092 0.104347970 0.097753889 0.066229795 0.066260977 0.060980334 0.064194326 0.060789718 0.064601613 0.061455301 0.072212226 0.073318607 0.072324138 0.069530248 0.078559813 0.078541987 0.077281684 0.092444347 0.077736207 0.077600240 0.073223848 0.076328681 0.074836318 0.074784758 0.077936969 0.075987931 0.071457695 0.061040770 0.060342065 0.061339888 0.061028183 0.066578186 0.055973775 0.063352294 0.045284758 0.042554026 0.042781912 0.050994196 0.051048592 0.034192216 0.033546898 0.030581906 0.018888468 0.000000000 0.026254993 0.030280466 0.031956344 0.238959908 
48     0.097398019 0.066198965 0.110493509 0.119267135 0.118965013 0.112370932 0.080846838 0.080878020 0.075597377 0.078811369 0.075406761 0.079218656 0.076072344 0.086829269 0.087935650 0.086941182 0.084147291 0.093176856 0.093159030 0.091898727 0.107061390 0.092353250 0.092217284 0.087840891 0.090945724 0.089453361 0.089401801 0.092554012 0.090604974 0.086074738 0.075657813 0.074959108 0.075956931 0.075645226 0.081195229 0.070642139 0.078013007 0.059967160 0.057236429 0.057464314 0.065658833 0.065713229 0.048733327 0.048088009 0.045122946 0.037926308 0.026254993 0.000000000 0.045021538 0.046732354 0.253576951 
30     0.099773221 0.068574167 0.112868711 0.121642337 0.121340215 0.114746135 0.083215254 0.083246436 0.077965793 0.081179786 0.077775177 0.081587072 0.078440760 0.089197685 0.090304066 0.089309598 0.086522494 0.095552059 0.095534233 0.094273929 0.109436593 0.094728452 0.094592486 0.090216093 0.093320926 0.091828563 0.091777003 0.094929214 0.092980176 0.088449940 0.078033015 0.077334310 0.078332133 0.078020428 0.083570431 0.073008061 0.080378929 0.062216382 0.059485650 0.059713536 0.067928763 0.067983160 0.051118418 0.050472941 0.047508108 0.041995255 0.030280466 0.045021538 0.000000000 0.023757820 0.255936338 
22     0.101464472 0.070265418 0.114559962 0.123333588 0.123031466 0.116437385 0.084906505 0.084937686 0.079657043 0.082871036 0.079466427 0.083278322 0.080132010 0.090888935 0.091995317 0.091000848 0.088213744 0.097243309 0.097225483 0.095965180 0.111127843 0.096419703 0.096283736 0.091907344 0.095012177 0.093519813 0.093468254 0.096620465 0.094671427 0.090141191 0.079724266 0.079025561 0.080023384 0.079711679 0.085261682 0.074699312 0.082070179 0.063907632 0.061176901 0.061404786 0.069620014 0.069674410 0.052802432 0.052156955 0.049192051 0.043681432 0.031956344 0.046732354 0.023757820 0.000000000 0.257627589 
0     0.274994458 0.243499032 0.287669111 0.296442771 0.296140649 0.289546568 0.258330941 0.258362123 0.253081480 0.256295473 0.252890864 0.256702759 0.253556447 0.264320764 0.265427146 0.264432677 0.262027189 0.271057124 0.271039298 0.269778994 0.284919863 0.270231357 0.270095390 0.265834553 0.268939386 0.267447023 0.267395463 0.270547674 0.268598636 0.264068400 0.253246683 0.252547851 0.253545801 0.253233969 0.258782154 0.266573963 0.274005195 0.256194260 0.253667931 0.253860320 0.261852793 0.261908153 0.253175067 0.252579813 0.249573800 0.250483977 0.238959908 0.253576951 0.255936338 0.257627589 0.000000000 
