51
4     0.000000000 0.000004000 0.000006170 0.000006630 0.000006670 0.000006360 0.000004720 0.000004700 0.000004440 0.000004620 0.000004430 0.000004570 0.000004440 0.000004990 0.000005120 0.000005020 0.000005560 0.000005770 0.000005730 0.000005720 0.000006300 0.000005770 0.000005820 0.000005680 0.000005910 0.000005850 0.000005650 0.000005880 0.000005820 0.000005590 0.000005070 0.000005000 0.000005060 0.000005020 0.000005340 0.000004920 0.000005240 0.000004860 0.000004500 0.000004570 0.000004770 0.000004940 0.000004490 0.000004420 0.000004250 0.000004390 0.000003680 0.000004510 0.000004590 0.000004620 0.000013440 
13     0.000004000 0.000000000 0.000003890 0.000004350 0.000004390 0.000004080 0.000003020 0.000003000 0.000002740 0.000002920 0.000002730 0.000002870 0.000002740 0.000003290 0.000003420 0.000003320 0.000003880 0.000004090 0.000004050 0.000004040 0.000004620 0.000004090 0.000004140 0.000004000 0.000004230 0.000004170 0.000003970 0.000004200 0.000004140 0.000003910 0.000003390 0.000003320 0.000003380 0.000003340 0.000003660 0.000003180 0.000003500 0.000003120 0.000002760 0.000002830 0.000003030 0.000003200 0.000002750 0.000002680 0.000002510 0.000002650 0.000001940 0.000002770 0.000002850 0.000002880 0.000011760 
7     0.000006170 0.000003890 0.000000000 0.000002120 0.000002160 0.000001850 0.000005190 0.000005170 0.000004910 0.000005090 0.000004900 0.000005040 0.000004910 0.000005460 0.000005590 0.000005490 0.000006050 0.000006260 0.000006220 0.000006210 0.000006790 0.000006260 0.000006310 0.000006170 0.000006400 0.000006340 0.000006140 0.000006370 0.000006310 0.000006080 0.000005560 0.000005490 0.000005550 0.000005510 0.000005830 0.000005350 0.000005670 0.000005290 0.000004930 0.000005000 0.000005200 0.000005370 0.000004920 0.000004850 0.000004680 0.000004820 0.000004110 0.000004940 0.000005020 0.000005050 0.000013930 
3     0.000006630 0.000004350 0.000002120 0.000000000 0.000000500 0.000001390 0.000005650 0.000005630 0.000005370 0.000005550 0.000005360 0.000005500 0.000005370 0.000005920 0.000006050 0.000005950 0.000006510 0.000006720 0.000006680 0.000006670 0.000007250 0.000006720 0.000006770 0.000006630 0.000006860 0.000006800 0.000006600 0.000006830 0.000006770 0.000006540 0.000006020 0.000005950 0.000006010 0.000005970 0.000006290 0.000005810 0.000006130 0.000005750 0.000005390 0.000005460 0.000005660 0.000005830 0.000005380 0.000005310 0.000005140 0.000005280 0.000004570 0.000005400 0.000005480 0.000005510 0.000014390 
10     0.000006670 0.000004390 0.000002160 0.000000500 0.000000000 0.000001430 0.000005690 0.000005670 0.000005410 0.000005590 0.000005400 0.000005540 0.000005410 0.000005960 0.000006090 0.000005990 0.000006550 0.000006760 0.000006720 0.000006710 0.000007290 0.000006760 0.000006810 0.000006670 0.000006900 0.000006840 0.000006640 0.000006870 0.000006810 0.000006580 0.000006060 0.000005990 0.000006050 0.000006010 0.000006330 0.000005850 0.000006170 0.000005790 0.000005430 0.000005500 0.000005700 0.000005870 0.000005420 0.000005350 0.000005180 0.000005320 0.000004610 0.000005440 0.000005520 0.000005550 0.000014430 
15     0.000006360 0.000004080 0.000001850 0.000001390 0.000001430 0.000000000 0.000005380 0.000005360 0.000005100 0.000005280 0.000005090 0.000005230 0.000005100 0.000005650 0.000005780 0.000005680 0.000006240 0.000006450 0.000006410 0.000006400 0.000006980 0.000006450 0.000006500 0.000006360 0.000006590 0.000006530 0.000006330 0.000006560 0.000006500 0.000006270 0.000005750 0.000005680 0.000005740 0.000005700 0.000006020 0.000005540 0.000005860 0.000005480 0.000005120 0.000005190 0.000005390 0.000005560 0.000005110 0.000005040 0.000004870 0.000005010 0.000004300 0.000005130 0.000005210 0.000005240 0.000014120 
2     0.000004720 0.000003020 0.000005190 0.000005650 0.000005690 0.000005380 0.000000000 0.000000440 0.000000540 0.000000880 0.000000140 0.000001030 0.000000900 0.000002710 0.000002840 0.000002740 0.000004600 0.000004810 0.000004770 0.000004760 0.000005340 0.000004810 0.000004860 0.000004720 0.000004950 0.000004890 0.000004690 0.000004920 0.000004860 0.000004630 0.000004110 0.000004040 0.000004100 0.000004060 0.000004380 0.000003940 0.000004260 0.000003880 0.000003520 0.000003590 0.000003790 0.000003960 0.000003510 0.000003440 0.000003270 0.000003410 0.000002700 0.000003530 0.000003610 0.000003640 0.000012480 
12     0.000004700 0.000003000 0.000005170 0.000005630 0.000005670 0.000005360 0.000000440 0.000000000 0.000000520 0.000000860 0.000000670 0.000001010 0.000000880 0.000002690 0.000002820 0.000002720 0.000004580 0.000004790 0.000004750 0.000004740 0.000005320 0.000004790 0.000004840 0.000004700 0.000004930 0.000004870 0.000004670 0.000004900 0.000004840 0.000004610 0.000004090 0.000004020 0.000004080 0.000004040 0.000004360 0.000003920 0.000004240 0.000003860 0.000003500 0.000003570 0.000003770 0.000003940 0.000003490 0.000003420 0.000003250 0.000003390 0.000002680 0.000003510 0.000003590 0.000003620 0.000012460 
5     0.000004440 0.000002740 0.000004910 0.000005370 0.000005410 0.000005100 0.000000540 0.000000520 0.000000000 0.000000600 0.000000410 0.000000750 0.000000620 0.000002430 0.000002560 0.000002460 0.000004320 0.000004530 0.000004490 0.000004480 0.000005060 0.000004530 0.000004580 0.000004440 0.000004670 0.000004610 0.000004410 0.000004640 0.000004580 0.000004350 0.000003830 0.000003760 0.000003820 0.000003780 0.000004100 0.000003660 0.000003980 0.000003600 0.000003240 0.000003310 0.000003510 0.000003680 0.000003230 0.000003160 0.000002990 0.000003130 0.000002420 0.000003250 0.000003330 0.000003360 0.000012200 
11     0.000004620 0.000002920 0.000005090 0.000005550 0.000005590 0.000005280 0.000000880 0.000000860 0.000000600 0.000000000 0.000000350 0.000000930 0.000000800 0.000002610 0.000002740 0.000002640 0.000004500 0.000004710 0.000004670 0.000004660 0.000005240 0.000004710 0.000004760 0.000004620 0.000004850 0.000004790 0.000004590 0.000004820 0.000004760 0.000004530 0.000004010 0.000003940 0.000004000 0.000003960 0.000004280 0.000003840 0.000004160 0.000003780 0.000003420 0.000003490 0.000003690 0.000003860 0.000003410 0.000003340 0.000003170 0.000003310 0.000002600 0.000003430 0.000003510 0.000003540 0.000012380 
16     0.000004430 0.000002730 0.000004900 0.000005360 0.000005400 0.000005090 0.000000140 0.000000670 0.000000410 0.000000350 0.000000000 0.000000740 0.000000610 0.000002420 0.000002550 0.000002450 0.000004310 0.000004520 0.000004480 0.000004470 0.000005050 0.000004520 0.000004570 0.000004430 0.000004660 0.000004600 0.000004400 0.000004630 0.000004570 0.000004340 0.000003820 0.000003750 0.000003810 0.000003770 0.000004090 0.000003650 0.000003970 0.000003590 0.000003230 0.000003300 0.000003500 0.000003670 0.000003220 0.000003150 0.000002980 0.000003120 0.000002410 0.000003240 0.000003320 0.000003350 0.000012190 
6     0.000004570 0.000002870 0.000005040 0.000005500 0.000005540 0.000005230 0.000001030 0.000001010 0.000000750 0.000000930 0.000000740 0.000000000 0.000000450 0.000002560 0.000002690 0.000002590 0.000004450 0.000004660 0.000004620 0.000004610 0.000005190 0.000004660 0.000004710 0.000004570 0.000004800 0.000004740 0.000004540 0.000004770 0.000004710 0.000004480 0.000003960 0.000003890 0.000003950 0.000003910 0.000004230 0.000003790 0.000004110 0.000003730 0.000003370 0.000003440 0.000003640 0.000003810 0.000003360 0.000003290 0.000003120 0.000003260 0.000002550 0.000003380 0.000003460 0.000003490 0.000012330 
9     0.000004440 0.000002740 0.000004910 0.000005370 0.000005410 0.000005100 0.000000900 0.000000880 0.000000620 0.000000800 0.000000610 0.000000450 0.000000000 0.000002430 0.000002560 0.000002460 0.000004320 0.000004530 0.000004490 0.000004480 0.000005060 0.000004530 0.000004580 0.000004440 0.000004670 0.000004610 0.000004410 0.000004640 0.000004580 0.000004350 0.000003830 0.000003760 0.000003820 0.000003780 0.000004100 0.000003660 0.000003980 0.000003600 0.000003240 0.000003310 0.000003510 0.000003680 0.000003230 0.000003160 0.000002990 0.000003130 0.000002420 0.000003250 0.000003330 0.000003360 0.000012200 
14     0.000004990 0.000003290 0.000005460 0.000005920 0.000005960 0.000005650 0.000002710 0.000002690 0.000002430 0.000002610 0.000002420 0.000002560 0.000002430 0.000000000 0.000001030 0.000000930 0.000004870 0.000005080 0.000005040 0.000005030 0.000005610 0.000005080 0.000005130 0.000004990 0.000005220 0.000005160 0.000004960 0.000005190 0.000005130 0.000004900 0.000004380 0.000004310 0.000004370 0.000004330 0.000004650 0.000004210 0.000004530 0.000004150 0.000003790 0.000003860 0.000004060 0.000004230 0.000003780 0.000003710 0.000003540 0.000003680 0.000002970 0.000003800 0.000003880 0.000003910 0.000012750 
1     0.000005120 0.000003420 0.000005590 0.000006050 0.000006090 0.000005780 0.000002840 0.000002820 0.000002560 0.000002740 0.000002550 0.000002690 0.000002560 0.000001030 0.000000000 0.000000280 0.000005000 0.000005210 0.000005170 0.000005160 0.000005740 0.000005210 0.000005260 0.000005120 0.000005350 0.000005290 0.000005090 0.000005320 0.000005260 0.000005030 0.000004510 0.000004440 0.000004500 0.000004460 0.000004780 0.000004340 0.000004660 0.000004280 0.000003920 0.000003990 0.000004190 0.000004360 0.000003910 0.000003840 0.000003670 0.000003810 0.000003100 0.000003930 0.000004010 0.000004040 0.000012880 
8     0.000005020 0.000003320 0.000005490 0.000005950 0.000005990 0.000005680 0.000002740 0.000002720 0.000002460 0.000002640 0.000002450 0.000002590 0.000002460 0.000000930 0.000000280 0.000000000 0.000004900 0.000005110 0.000005070 0.000005060 0.000005640 0.000005110 0.000005160 0.000005020 0.000005250 0.000005190 0.000004990 0.000005220 0.000005160 0.000004930 0.000004410 0.000004340 0.000004400 0.000004360 0.000004680 0.000004240 0.000004560 0.000004180 0.000003820 0.000003890 0.000004090 0.000004260 0.000003810 0.000003740 0.000003570 0.000003710 0.000003000 0.000003830 0.000003910 0.000003940 0.000012780 
46     0.000005560 0.000003880 0.000006050 0.000006510 0.000006550 0.000006240 0.000004600 0.000004580 0.000004320 0.000004500 0.000004310 0.000004450 0.000004320 0.000004870 0.000005000 0.000004900 0.000000000 0.000002550 0.000002510 0.000002500 0.000002340 0.000001850 0.000001900 0.000002980 0.000003210 0.000003150 0.000002950 0.000003180 0.000003120 0.000002890 0.000003830 0.000003760 0.000003820 0.000003780 0.000004100 0.000004800 0.000005120 0.000004740 0.000004380 0.000004450 0.000004650 0.000004820 0.000004370 0.000004300 0.000004130 0.000004270 0.000003560 0.000004390 0.000004470 0.000004500 0.000013000 
34     0.000005770 0.000004090 0.000006260 0.000006720 0.000006760 0.000006450 0.000004810 0.000004790 0.000004530 0.000004710 0.000004520 0.000004660 0.000004530 0.000005080 0.000005210 0.000005110 0.000002550 0.000000000 0.000000500 0.000001710 0.000003290 0.000002760 0.000002810 0.000003190 0.000003420 0.000003360 0.000003160 0.000003390 0.000003330 0.000003100 0.000004040 0.000003970 0.000004030 0.000003990 0.000004310 0.000005010 0.000005330 0.000004950 0.000004590 0.000004660 0.000004860 0.000005030 0.000004580 0.000004510 0.000004340 0.000004480 0.000003770 0.000004600 0.000004680 0.000004710 0.000013210 
45     0.000005730 0.000004050 0.000006220 0.000006680 0.000006720 0.000006410 0.000004770 0.000004750 0.000004490 0.000004670 0.000004480 0.000004620 0.000004490 0.000005040 0.000005170 0.000005070 0.000002510 0.000000500 0.000000000 0.000001670 0.000003250 0.000002720 0.000002770 0.000003150 0.000003380 0.000003320 0.000003120 0.000003350 0.000003290 0.000003060 0.000004000 0.000003930 0.000003990 0.000003950 0.000004270 0.000004970 0.000005290 0.000004910 0.000004550 0.000004620 0.000004820 0.000004990 0.000004540 0.000004470 0.000004300 0.000004440 0.000003730 0.000004560 0.000004640 0.000004670 0.000013170 
43     0.000005720 0.000004040 0.000006210 0.000006670 0.000006710 0.000006400 0.000004760 0.000004740 0.000004480 0.000004660 0.000004470 0.000004610 0.000004480 0.000005030 0.000005160 0.000005060 0.000002500 0.000001710 0.000001670 0.000000000 0.000003240 0.000002710 0.000002760 0.000003140 0.000003370 0.000003310 0.000003110 0.000003340 0.000003280 0.000003050 0.000003990 0.000003920 0.000003980 0.000003940 0.000004260 0.000004960 0.000005280 0.000004900 0.000004540 0.000004610 0.000004810 0.000004980 0.000004530 0.000004460 0.000004290 0.000004430 0.000003720 0.000004550 0.000004630 0.000004660 0.000013160 
23     0.000006300 0.000004620 0.000006790 0.000007250 0.000007290 0.000006980 0.000005340 0.000005320 0.000005060 0.000005240 0.000005050 0.000005190 0.000005060 0.000005610 0.000005740 0.000005640 0.000002340 0.000003290 0.000003250 0.000003240 0.000000000 0.000002590 0.000002640 0.000003720 0.000003950 0.000003890 0.000003690 0.000003920 0.000003860 0.000003630 0.000004570 0.000004500 0.000004560 0.000004520 0.000004840 0.000005540 0.000005860 0.000005480 0.000005120 0.000005190 0.000005390 0.000005560 0.000005110 0.000005040 0.000004870 0.000005010 0.000004300 0.000005130 0.000005210 0.000005240 0.000013740 
42     0.000005770 0.000004090 0.000006260 0.000006720 0.000006760 0.000006450 0.000004810 0.000004790 0.000004530 0.000004710 0.000004520 0.000004660 0.000004530 0.000005080 0.000005210 0.000005110 0.000001850 0.000002760 0.000002720 0.000002710 0.000002590 0.000000000 0.000000650 0.000003190 0.000003420 0.000003360 0.000003160 0.000003390 0.000003330 0.000003100 0.000004040 0.000003970 0.000004030 0.000003990 0.000004310 0.000005010 0.000005330 0.000004950 0.000004590 0.000004660 0.000004860 0.000005030 0.000004580 0.000004510 0.000004340 0.000004480 0.000003770 0.000004600 0.000004680 0.000004710 0.000013210 
44     0.000005820 0.000004140 0.000006310 0.000006770 0.000006810 0.000006500 0.000004860 0.000004840 0.000004580 0.000004760 0.000004570 0.000004710 0.000004580 0.000005130 0.000005260 0.000005160 0.000001900 0.000002810 0.000002770 0.000002760 0.000002640 0.000000650 0.000000000 0.000003240 0.000003470 0.000003410 0.000003210 0.000003440 0.000003380 0.000003150 0.000004090 0.000004020 0.000004080 0.000004040 0.000004360 0.000005060 0.000005380 0.000005000 0.000004640 0.000004710 0.000004910 0.000005080 0.000004630 0.000004560 0.000004390 0.000004530 0.000003820 0.000004650 0.000004730 0.000004760 0.000013260 
25     0.000005680 0.000004000 0.000006170 0.000006630 0.000006670 0.000006360 0.000004720 0.000004700 0.000004440 0.000004620 0.000004430 0.000004570 0.000004440 0.000004990 0.000005120 0.000005020 0.000002980 0.000003190 0.000003150 0.000003140 0.000003720 0.000003190 0.000003240 0.000000000 0.000001230 0.000001170 0.000002410 0.000002640 0.000001140 0.000000910 0.000003950 0.000003880 0.000003940 0.000003900 0.000004220 0.000004920 0.000005240 0.000004860 0.000004500 0.000004570 0.000004770 0.000004940 0.000004490 0.000004420 0.000004250 0.000004390 0.000003680 0.000004510 0.000004590 0.000004620 0.000013120 
40     0.000005910 0.000004230 0.000006400 0.000006860 0.000006900 0.000006590 0.000004950 0.000004930 0.000004670 0.000004850 0.000004660 0.000004800 0.000004670 0.000005220 0.000005350 0.000005250 0.000003210 0.000003420 0.000003380 0.000003370 0.000003950 0.000003420 0.000003470 0.000001230 0.000000000 0.000000080 0.000002640 0.000002870 0.000001350 0.000001120 0.000004180 0.000004110 0.000004170 0.000004130 0.000004450 0.000005150 0.000005470 0.000005090 0.000004730 0.000004800 0.000005000 0.000005170 0.000004720 0.000004650 0.000004480 0.000004620 0.000003910 0.000004740 0.000004820 0.000004850 0.000013350 
37     0.000005850 0.000004170 0.000006340 0.000006800 0.000006840 0.000006530 0.000004890 0.000004870 0.000004610 0.000004790 0.000004600 0.000004740 0.000004610 0.000005160 0.000005290 0.000005190 0.000003150 0.000003360 0.000003320 0.000003310 0.000003890 0.000003360 0.000003410 0.000001170 0.000000080 0.000000000 0.000002580 0.000002810 0.000001290 0.000001060 0.000004120 0.000004050 0.000004110 0.000004070 0.000004390 0.000005090 0.000005410 0.000005030 0.000004670 0.000004740 0.000004940 0.000005110 0.000004660 0.000004590 0.000004420 0.000004560 0.000003850 0.000004680 0.000004760 0.000004790 0.000013290 
32     0.000005650 0.000003970 0.000006140 0.000006600 0.000006640 0.000006330 0.000004690 0.000004670 0.000004410 0.000004590 0.000004400 0.000004540 0.000004410 0.000004960 0.000005090 0.000004990 0.000002950 0.000003160 0.000003120 0.000003110 0.000003690 0.000003160 0.000003210 0.000002410 0.000002640 0.000002580 0.000000000 0.000000910 0.000002550 0.000002320 0.000003920 0.000003850 0.000003910 0.000003870 0.000004190 0.000004890 0.000005210 0.000004830 0.000004470 0.000004540 0.000004740 0.000004910 0.000004460 0.000004390 0.000004220 0.000004360 0.000003650 0.000004480 0.000004560 0.000004590 0.000013090 
26     0.000005880 0.000004200 0.000006370 0.000006830 0.000006870 0.000006560 0.000004920 0.000004900 0.000004640 0.000004820 0.000004630 0.000004770 0.000004640 0.000005190 0.000005320 0.000005220 0.000003180 0.000003390 0.000003350 0.000003340 0.000003920 0.000003390 0.000003440 0.000002640 0.000002870 0.000002810 0.000000910 0.000000000 0.000002780 0.000002550 0.000004150 0.000004080 0.000004140 0.000004100 0.000004420 0.000005120 0.000005440 0.000005060 0.000004700 0.000004770 0.000004970 0.000005140 0.000004690 0.000004620 0.000004450 0.000004590 0.000003880 0.000004710 0.000004790 0.000004820 0.000013320 
31     0.000005820 0.000004140 0.000006310 0.000006770 0.000006810 0.000006500 0.000004860 0.000004840 0.000004580 0.000004760 0.000004570 0.000004710 0.000004580 0.000005130 0.000005260 0.000005160 0.000003120 0.000003330 0.000003290 0.000003280 0.000003860 0.000003330 0.000003380 0.000001140 0.000001350 0.000001290 0.000002550 0.000002780 0.000000000 0.000000410 0.000004090 0.000004020 0.000004080 0.000004040 0.000004360 0.000005060 0.000005380 0.000005000 0.000004640 0.000004710 0.000004910 0.000005080 0.000004630 0.000004560 0.000004390 0.000004530 0.000003820 0.000004650 0.000004730 0.000004760 0.000013260 
18     0.000005590 0.000003910 0.000006080 0.000006540 0.000006580 0.000006270 0.000004630 0.000004610 0.000004350 0.000004530 0.000004340 0.000004480 0.000004350 0.000004900 0.000005030 0.000004930 0.000002890 0.000003100 0.000003060 0.000003050 0.000003630 0.000003100 0.000003150 0.000000910 0.000001120 0.000001060 0.000002320 0.000002550 0.000000410 0.000000000 0.000003860 0.000003790 0.000003850 0.000003810 0.000004130 0.000004830 0.000005150 0.000004770 0.000004410 0.000004480 0.000004680 0.000004850 0.000004400 0.000004330 0.000004160 0.000004300 0.000003590 0.000004420 0.000004500 0.000004530 0.000013030 
28     0.000005070 0.000003390 0.000005560 0.000006020 0.000006060 0.000005750 0.000004110 0.000004090 0.000003830 0.000004010 0.000003820 0.000003960 0.000003830 0.000004380 0.000004510 0.000004410 0.000003830 0.000004040 0.000004000 0.000003990 0.000004570 0.000004040 0.000004090 0.000003950 0.000004180 0.000004120 0.000003920 0.000004150 0.000004090 0.000003860 0.000000000 0.000000150 0.000000610 0.000000830 0.000002330 0.000004310 0.000004630 0.000004250 0.000003890 0.000003960 0.000004160 0.000004330 0.000003880 0.000003810 0.000003640 0.000003780 0.000003070 0.000003900 0.000003980 0.000004010 0.000012510 
47     0.000005000 0.000003320 0.000005490 0.000005950 0.000005990 0.000005680 0.000004040 0.000004020 0.000003760 0.000003940 0.000003750 0.000003890 0.000003760 0.000004310 0.000004440 0.000004340 0.000003760 0.000003970 0.000003930 0.000003920 0.000004500 0.000003970 0.000004020 0.000003880 0.000004110 0.000004050 0.000003850 0.000004080 0.000004020 0.000003790 0.000000150 0.000000000 0.000000540 0.000000760 0.000002260 0.000004240 0.000004560 0.000004180 0.000003820 0.000003890 0.000004090 0.000004260 0.000003810 0.000003740 0.000003570 0.000003710 0.000003000 0.000003830 0.000003910 0.000003940 0.000012440 
24     0.000005060 0.000003380 0.000005550 0.000006010 0.000006050 0.000005740 0.000004100 0.000004080 0.000003820 0.000004000 0.000003810 0.000003950 0.000003820 0.000004370 0.000004500 0.000004400 0.000003820 0.000004030 0.000003990 0.000003980 0.000004560 0.000004030 0.000004080 0.000003940 0.000004170 0.000004110 0.000003910 0.000004140 0.000004080 0.000003850 0.000000610 0.000000540 0.000000000 0.000000820 0.000002320 0.000004300 0.000004620 0.000004240 0.000003880 0.000003950 0.000004150 0.000004320 0.000003870 0.000003800 0.000003630 0.000003770 0.000003060 0.000003890 0.000003970 0.000004000 0.000012500 
49     0.000005020 0.000003340 0.000005510 0.000005970 0.000006010 0.000005700 0.000004060 0.000004040 0.000003780 0.000003960 0.000003770 0.000003910 0.000003780 0.000004330 0.000004460 0.000004360 0.000003780 0.000003990 0.000003950 0.000003940 0.000004520 0.000003990 0.000004040 0.000003900 0.000004130 0.000004070 0.000003870 0.000004100 0.000004040 0.000003810 0.000000830 0.000000760 0.000000820 0.000000000 0.000002280 0.000004260 0.000004580 0.000004200 0.000003840 0.000003910 0.000004110 0.000004280 0.000003830 0.000003760 0.000003590 0.000003730 0.000003020 0.000003850 0.000003930 0.000003960 0.000012460 
39     0.000005340 0.000003660 0.000005830 0.000006290 0.000006330 0.000006020 0.000004380 0.000004360 0.000004100 0.000004280 0.000004090 0.000004230 0.000004100 0.000004650 0.000004780 0.000004680 0.000004100 0.000004310 0.000004270 0.000004260 0.000004840 0.000004310 0.000004360 0.000004220 0.000004450 0.000004390 0.000004190 0.000004420 0.000004360 0.000004130 0.000002330 0.000002260 0.000002320 0.000002280 0.000000000 0.000004580 0.000004900 0.000004520 0.000004160 0.000004230 0.000004430 0.000004600 0.000004150 0.000004080 0.000003910 0.000004050 0.000003340 0.000004170 0.000004250 0.000004280 0.000012780 
19     0.000004920 0.000003180 0.000005350 0.000005810 0.000005850 0.000005540 0.000003940 0.000003920 0.000003660 0.000003840 0.000003650 0.000003790 0.000003660 0.000004210 0.000004340 0.000004240 0.000004800 0.000005010 0.000004970 0.000004960 0.000005540 0.000005010 0.000005060 0.000004920 0.000005150 0.000005090 0.000004890 0.000005120 0.000005060 0.000004830 0.000004310 0.000004240 0.000004300 0.000004260 0.000004580 0.000000000 0.000002020 0.000003320 0.000001690 0.000002090 0.000003230 0.000003400 0.000002990 0.000002920 0.000002750 0.000003330 0.000002620 0.000003450 0.000003530 0.000003560 0.000012680 
27     0.000005240 0.000003500 0.000005670 0.000006130 0.000006170 0.000005860 0.000004260 0.000004240 0.000003980 0.000004160 0.000003970 0.000004110 0.000003980 0.000004530 0.000004660 0.000004560 0.000005120 0.000005330 0.000005290 0.000005280 0.000005860 0.000005330 0.000005380 0.000005240 0.000005470 0.000005410 0.000005210 0.000005440 0.000005380 0.000005150 0.000004630 0.000004560 0.000004620 0.000004580 0.000004900 0.000002020 0.000000000 0.000003640 0.000003280 0.000003350 0.000003550 0.000003720 0.000003310 0.000003240 0.000003070 0.000003650 0.000002940 0.000003770 0.000003850 0.000003880 0.000013000 
33     0.000004860 0.000003120 0.000005290 0.000005750 0.000005790 0.000005480 0.000003880 0.000003860 0.000003600 0.000003780 0.000003590 0.000003730 0.000003600 0.000004150 0.000004280 0.000004180 0.000004740 0.000004950 0.000004910 0.000004900 0.000005480 0.000004950 0.000005000 0.000004860 0.000005090 0.000005030 0.000004830 0.000005060 0.000005000 0.000004770 0.000004250 0.000004180 0.000004240 0.000004200 0.000004520 0.000003320 0.000003640 0.000000000 0.000001380 0.000001450 0.000003090 0.000003260 0.000002930 0.000002860 0.000002690 0.000003270 0.000002560 0.000003390 0.000003470 0.000003500 0.000012620 
38     0.000004500 0.000002760 0.000004930 0.000005390 0.000005430 0.000005120 0.000003520 0.000003500 0.000003240 0.000003420 0.000003230 0.000003370 0.000003240 0.000003790 0.000003920 0.000003820 0.000004380 0.000004590 0.000004550 0.000004540 0.000005120 0.000004590 0.000004640 0.000004500 0.000004730 0.000004670 0.000004470 0.000004700 0.000004640 0.000004410 0.000003890 0.000003820 0.000003880 0.000003840 0.000004160 0.000001690 0.000003280 0.000001380 0.000000000 0.000000910 0.000002730 0.000002900 0.000002570 0.000002500 0.000002330 0.000002910 0.000002200 0.000003030 0.000003110 0.000003140 0.000012260 
29     0.000004570 0.000002830 0.000005000 0.000005460 0.000005500 0.000005190 0.000003590 0.000003570 0.000003310 0.000003490 0.000003300 0.000003440 0.000003310 0.000003860 0.000003990 0.000003890 0.000004450 0.000004660 0.000004620 0.000004610 0.000005190 0.000004660 0.000004710 0.000004570 0.000004800 0.000004740 0.000004540 0.000004770 0.000004710 0.000004480 0.000003960 0.000003890 0.000003950 0.000003910 0.000004230 0.000002090 0.000003350 0.000001450 0.000000910 0.000000000 0.000002800 0.000002970 0.000002640 0.000002570 0.000002400 0.000002980 0.000002270 0.000003100 0.000003180 0.000003210 0.000012330 
21     0.000004770 0.000003030 0.000005200 0.000005660 0.000005700 0.000005390 0.000003790 0.000003770 0.000003510 0.000003690 0.000003500 0.000003640 0.000003510 0.000004060 0.000004190 0.000004090 0.000004650 0.000004860 0.000004820 0.000004810 0.000005390 0.000004860 0.000004910 0.000004770 0.000005000 0.000004940 0.000004740 0.000004970 0.000004910 0.000004680 0.000004160 0.000004090 0.000004150 0.000004110 0.000004430 0.000003230 0.000003550 0.000003090 0.000002730 0.000002800 0.000000000 0.000001190 0.000002840 0.000002770 0.000002600 0.000003180 0.000002470 0.000003300 0.000003380 0.000003410 0.000012530 
50     0.000004940 0.000003200 0.000005370 0.000005830 0.000005870 0.000005560 0.000003960 0.000003940 0.000003680 0.000003860 0.000003670 0.000003810 0.000003680 0.000004230 0.000004360 0.000004260 0.000004820 0.000005030 0.000004990 0.000004980 0.000005560 0.000005030 0.000005080 0.000004940 0.000005170 0.000005110 0.000004910 0.000005140 0.000005080 0.000004850 0.000004330 0.000004260 0.000004320 0.000004280 0.000004600 0.000003400 0.000003720 0.000003260 0.000002900 0.000002970 0.000001190 0.000000000 0.000003010 0.000002940 0.000002770 0.000003350 0.000002640 0.000003470 0.000003550 0.000003580 0.000012700 
17     0.000004490 0.000002750 0.000004920 0.000005380 0.000005420 0.000005110 0.000003510 0.000003490 0.000003230 0.000003410 0.000003220 0.000003360 0.000003230 0.000003780 0.000003910 0.000003810 0.000004370 0.000004580 0.000004540 0.000004530 0.000005110 0.000004580 0.000004630 0.000004490 0.000004720 0.000004660 0.000004460 0.000004690 0.000004630 0.000004400 0.000003880 0.000003810 0.000003870 0.000003830 0.000004150 0.000002990 0.000003310 0.000002930 0.000002570 0.000002640 0.000002840 0.000003010 0.000000000 0.000000330 0.000001400 0.000002900 0.000002190 0.000003020 0.000003100 0.000003130 0.000012250 
20     0.000004420 0.000002680 0.000004850 0.000005310 0.000005350 0.000005040 0.000003440 0.000003420 0.000003160 0.000003340 0.000003150 0.000003290 0.000003160 0.000003710 0.000003840 0.000003740 0.000004300 0.000004510 0.000004470 0.000004460 0.000005040 0.000004510 0.000004560 0.000004420 0.000004650 0.000004590 0.000004390 0.000004620 0.000004560 0.000004330 0.000003810 0.000003740 0.000003800 0.000003760 0.000004080 0.000002920 0.000003240 0.000002860 0.000002500 0.000002570 0.000002770 0.000002940 0.000000330 0.000000000 0.000001330 0.000002830 0.000002120 0.000002950 0.000003030 0.000003060 0.000012180 
36     0.000004250 0.000002510 0.000004680 0.000005140 0.000005180 0.000004870 0.000003270 0.000003250 0.000002990 0.000003170 0.000002980 0.000003120 0.000002990 0.000003540 0.000003670 0.000003570 0.000004130 0.000004340 0.000004300 0.000004290 0.000004870 0.000004340 0.000004390 0.000004250 0.000004480 0.000004420 0.000004220 0.000004450 0.000004390 0.000004160 0.000003640 0.000003570 0.000003630 0.000003590 0.000003910 0.000002750 0.000003070 0.000002690 0.000002330 0.000002400 0.000002600 0.000002770 0.000001400 0.000001330 0.000000000 0.000002660 0.000001950 0.000002780 0.000002860 0.000002890 0.000012010 
41     0.000004390 0.000002650 0.000004820 0.000005280 0.000005320 0.000005010 0.000003410 0.000003390 0.000003130 0.000003310 0.000003120 0.000003260 0.000003130 0.000003680 0.000003810 0.000003710 0.000004270 0.000004480 0.000004440 0.000004430 0.000005010 0.000004480 0.000004530 0.000004390 0.000004620 0.000004560 0.000004360 0.000004590 0.000004530 0.000004300 0.000003780 0.000003710 0.000003770 0.000003730 0.000004050 0.000003330 0.000003650 0.000003270 0.000002910 0.000002980 0.000003180 0.000003350 0.000002900 0.000002830 0.000002660 0.000000000 0.000001150 0.000002080 0.000002220 0.000002250 0.000012150 
35     0.000003680 0.000001940 0.000004110 0.000004570 0.000004610 0.000004300 0.000002700 0.000002680 0.000002420 0.000002600 0.000002410 0.000002550 0.000002420 0.000002970 0.000003100 0.000003000 0.000003560 0.000003770 0.000003730 0.000003720 0.000004300 0.000003770 0.000003820 0.000003680 0.000003910 0.000003850 0.000003650 0.000003880 0.000003820 0.000003590 0.000003070 0.000003000 0.000003060 0.000003020 0.000003340 0.000002620 0.000002940 0.000002560 0.000002200 0.000002270 0.000002470 0.000002640 0.000002190 0.000002120 0.000001950 0.000001150 0.000000000 0.000001370 0.000001510 0.000001540 0.000011440 
48     0.000004510 0.000002770 0.000004940 0.000005400 0.000005440 0.000005130 0.000003530 0.000003510 0.000003250 0.000003430 0.000003240 0.000003380 0.000003250 0.000003800 0.000003930 0.000003830 0.000004390 0.000004600 0.000004560 0.000004550 0.000005130 0.000004600 0.000004650 0.000004510 0.000004740 0.000004680 0.000004480 0.000004710 0.000004650 0.000004420 0.000003900 0.000003830 0.000003890 0.000003850 0.000004170 0.000003450 0.000003770 0.000003390 0.000003030 0.000003100 0.000003300 0.000003470 0.000003020 0.000002950 0.000002780 0.000002080 0.000001370 0.000000000 0.000002340 0.000002370 0.000012270 
30     0.000004590 0.000002850 0.000005020 0.000005480 0.000005520 0.000005210 0.000003610 0.000003590 0.000003330 0.000003510 0.000003320 0.000003460 0.000003330 0.000003880 0.000004010 0.000003910 0.000004470 0.000004680 0.000004640 0.000004630 0.000005210 0.000004680 0.000004730 0.000004590 0.000004820 0.000004760 0.000004560 0.000004790 0.000004730 0.000004500 0.000003980 0.000003910 0.000003970 0.000003930 0.000004250 0.000003530 0.000003850 0.000003470 0.000003110 0.000003180 0.000003380 0.000003550 0.000003100 0.000003030 0.000002860 0.000002220 0.000001510 0.000002340 0.000000000 0.000000090 0.000012350 
22     0.000004620 0.000002880 0.000005050 0.000005510 0.000005550 0.000005240 0.000003640 0.000003620 0.000003360 0.000003540 0.000003350 0.000003490 0.000003360 0.000003910 0.000004040 0.000003940 0.000004500 0.000004710 0.000004670 0.000004660 0.000005240 0.000004710 0.000004760 0.000004620 0.000004850 0.000004790 0.000004590 0.000004820 0.000004760 0.000004530 0.000004010 0.000003940 0.000004000 0.000003960 0.000004280 0.000003560 0.000003880 0.000003500 0.000003140 0.000003210 0.000003410 0.000003580 0.000003130 0.000003060 0.000002890 0.000002250 0.000001540 0.000002370 0.000000090 0.000000000 0.000012380 
0     0.000013440 0.000011760 0.000013930 0.000014390 0.000014430 0.000014120 0.000012480 0.000012460 0.000012200 0.000012380 0.000012190 0.000012330 0.000012200 0.000012750 0.000012880 0.000012780 0.000013000 0.000013210 0.000013170 0.000013160 0.000013740 0.000013210 0.000013260 0.000013120 0.000013350 0.000013290 0.000013090 0.000013320 0.000013260 0.000013030 0.000012510 0.000012440 0.000012500 0.000012460 0.000012780 0.000012680 0.000013000 0.000012620 0.000012260 0.000012330 0.000012530 0.000012700 0.000012250 0.000012180 0.000012010 0.000012150 0.000011440 0.000012270 0.000012350 0.000012380 0.000000000 
