51
36     0.000000000 0.222082139 0.271095930 0.271883377 0.577460254 0.576686509 0.716729290 0.739898604 0.715088951 0.670959645 0.584349715 0.583251986 0.827613536 0.657696245 0.603081450 0.608657777 0.655615556 0.658437847 0.721873506 0.660393463 0.656128571 0.643509432 0.640625552 0.619730173 0.693766889 0.740193373 0.689756177 0.671747704 0.698039327 0.669008588 0.625090356 0.700619877 0.707106836 0.633270211 0.695861735 0.637248002 0.670082761 0.688633999 0.668139046 0.739208582 0.636060459 0.738360868 0.713928076 0.617938139 0.651249463 0.636491998 0.725566775 0.704900792 0.733254452 0.723025321 1.112301240 
20     0.222082139 0.000000000 0.292457949 0.291651049 0.605355365 0.605170712 0.753598306 0.773884080 0.747149698 0.703939428 0.620351017 0.619859786 0.861577025 0.688160477 0.635956016 0.641558056 0.687458993 0.692089690 0.752863720 0.691964337 0.691633131 0.675261539 0.672057932 0.652338639 0.724703170 0.770399321 0.719328633 0.705246961 0.729245754 0.697499566 0.656821012 0.732439771 0.738661818 0.666710624 0.725640701 0.668071398 0.703957267 0.728641231 0.703024175 0.774860759 0.670832531 0.774457412 0.753818323 0.657875986 0.683335839 0.676430694 0.760010497 0.744102573 0.771521175 0.762000265 1.147058940 
27     0.271095930 0.292457949 0.000000000 0.065775481 0.556150934 0.555362914 0.704022179 0.729280398 0.694357129 0.650187359 0.575333529 0.574456578 0.811227139 0.636018700 0.584899396 0.590390690 0.637202855 0.644106555 0.702242711 0.644100253 0.642572532 0.627774218 0.627154291 0.610195397 0.682207781 0.728046003 0.676157747 0.655405941 0.676385776 0.647937178 0.609233193 0.685109940 0.691788126 0.619680788 0.679413975 0.620335315 0.656649454 0.680253897 0.656829969 0.728674511 0.620991390 0.725626686 0.707835226 0.612273663 0.638145149 0.627210023 0.713488154 0.693638649 0.717409898 0.710357849 1.098759898 
29     0.271883377 0.291651049 0.065775481 0.000000000 0.557080264 0.558420048 0.704565123 0.731162291 0.696194527 0.650058525 0.577498745 0.576645646 0.812883382 0.637370559 0.586634927 0.592126221 0.638108046 0.646989218 0.703320952 0.644996873 0.643461743 0.628966787 0.628434192 0.611702020 0.683420421 0.729355371 0.677035034 0.657425947 0.678054378 0.650346824 0.609757484 0.687936354 0.693388011 0.623370799 0.679628856 0.621814430 0.656987485 0.680732637 0.656342229 0.727188669 0.621581595 0.727362165 0.709088520 0.614005029 0.640575244 0.628778826 0.714845826 0.694662808 0.718638340 0.711697372 1.100261050 
25     0.577460254 0.605355365 0.556150934 0.557080264 0.000000000 0.334753174 0.641971203 0.674427758 0.636611861 0.588327530 0.516208420 0.516538826 0.764458963 0.572856484 0.523083440 0.528140555 0.578328012 0.592106200 0.648985121 0.586997285 0.585220776 0.573568365 0.569941455 0.548763952 0.628899091 0.672081855 0.621594023 0.605054646 0.611890668 0.596440780 0.560262022 0.636006474 0.640311646 0.563044930 0.627805621 0.564583546 0.590616813 0.616088479 0.590767688 0.657121020 0.559150958 0.656652408 0.638659291 0.555301621 0.573334369 0.564641120 0.664195268 0.642809764 0.661064588 0.649025583 1.038894560 
41     0.576686509 0.605170712 0.555362914 0.558420048 0.334753174 0.000000000 0.647714402 0.683316039 0.648010673 0.592927808 0.515446617 0.517458112 0.767763084 0.579304893 0.526199540 0.531405388 0.585536526 0.591749805 0.647522802 0.592666660 0.586391014 0.577728050 0.573156120 0.553558586 0.627687460 0.671421250 0.619650753 0.609554202 0.614967991 0.592687998 0.553291570 0.632124348 0.636822687 0.557026257 0.620710702 0.560852093 0.595329813 0.620799331 0.592481575 0.662948298 0.563139359 0.659019776 0.643138730 0.555493560 0.578206191 0.563795268 0.661877090 0.640327585 0.660084033 0.651566118 1.038055759 
38     0.716729290 0.753598306 0.704022179 0.704565123 0.641971203 0.647714402 0.000000000 0.569510637 0.538063875 0.486068971 0.563597051 0.562085620 0.799275481 0.626854137 0.571475184 0.576671924 0.635414149 0.634437826 0.689413631 0.631494864 0.619953131 0.625164519 0.612879671 0.590959046 0.670450847 0.714262781 0.665199893 0.628432987 0.670741737 0.641363771 0.584874288 0.671195756 0.675644416 0.605254355 0.670056283 0.598762096 0.638003948 0.674123400 0.637980114 0.709455812 0.599821830 0.702008234 0.690202737 0.602473020 0.625608649 0.627343202 0.710706266 0.687782536 0.706917800 0.699903364 1.093951559 
42     0.739898604 0.773884080 0.729280398 0.731162291 0.674427758 0.683316039 0.569510637 0.000000000 0.284095712 0.453528026 0.598335731 0.590026447 0.831709387 0.661436808 0.606896288 0.610015829 0.672853414 0.680292619 0.726965314 0.666739696 0.659979656 0.660563748 0.654427913 0.633258988 0.708934484 0.757268007 0.707752825 0.672185463 0.699796021 0.679260010 0.627525223 0.706406582 0.711594942 0.645621697 0.701684284 0.634556990 0.673922115 0.710605050 0.674029129 0.741371903 0.647216710 0.744028374 0.728726997 0.633663545 0.656127912 0.654488327 0.745088577 0.722724199 0.737536448 0.723202177 1.125478568 
24     0.715088951 0.747149698 0.694357129 0.696194527 0.636611861 0.648010673 0.538063875 0.284095712 0.000000000 0.419996518 0.561445700 0.554937375 0.790606691 0.625035907 0.569021657 0.572347170 0.635166515 0.637904847 0.687994736 0.628385593 0.621236880 0.623177412 0.613650595 0.592519303 0.672180798 0.719921328 0.668574450 0.640292228 0.667997240 0.651177924 0.597915315 0.677240390 0.682751904 0.616326811 0.668713733 0.606878851 0.641179360 0.677378343 0.639866342 0.704849289 0.606355361 0.699488560 0.688530091 0.599879915 0.626769657 0.621350777 0.710125438 0.690772837 0.701569023 0.687418379 1.087579174 
6     0.670959645 0.703939428 0.650187359 0.650058525 0.588327530 0.592927808 0.486068971 0.453528026 0.419996518 0.000000000 0.511940614 0.508963235 0.743007871 0.579454807 0.518142369 0.522377445 0.582571311 0.596218875 0.636878813 0.573971489 0.569334829 0.568903343 0.568003197 0.545862010 0.616194533 0.660241479 0.609776670 0.581076429 0.619155632 0.596270264 0.541790097 0.632902869 0.638183456 0.563565224 0.621325683 0.555485681 0.594225929 0.626321184 0.584543748 0.660074872 0.554513183 0.648360191 0.636729092 0.549285186 0.570196297 0.572246401 0.655045414 0.642729989 0.657980605 0.645033826 1.042734743 
34     0.584349715 0.620351017 0.575333529 0.577498745 0.516208420 0.515446617 0.563597051 0.598335731 0.561445700 0.511940614 0.000000000 0.119859876 0.650581839 0.479527994 0.423256768 0.428060936 0.484237170 0.504420172 0.549735606 0.492743227 0.477541999 0.470842449 0.462468871 0.442362489 0.520982257 0.561421378 0.516454681 0.498150802 0.508059553 0.492596101 0.438118512 0.514334697 0.519739084 0.452918182 0.518061405 0.459270721 0.484753504 0.518669120 0.484459667 0.554287001 0.456263068 0.552359193 0.537389525 0.447842358 0.470710918 0.469904106 0.559201066 0.537780691 0.562372666 0.551166499 0.937296505 
8     0.583251986 0.619859786 0.574456578 0.576645646 0.516538826 0.517458112 0.562085620 0.590026447 0.554937375 0.508963235 0.119859876 0.000000000 0.650011404 0.480001140 0.424211852 0.429017401 0.483994735 0.505799016 0.550721001 0.491952313 0.478870694 0.473677753 0.466816255 0.444878697 0.524543613 0.565051541 0.520146733 0.502142376 0.512890643 0.498943182 0.445686050 0.523758684 0.529104434 0.458246916 0.522930431 0.461773765 0.490148815 0.519199054 0.486679997 0.555117293 0.457931221 0.557623284 0.542923389 0.449975435 0.474455757 0.472519640 0.562762709 0.540390784 0.566012895 0.549317524 0.929605998 
40     0.827613536 0.861577025 0.811227139 0.812883382 0.764458963 0.767763084 0.799275481 0.831709387 0.790606691 0.743007871 0.650581839 0.650011404 0.000000000 0.597688854 0.582541977 0.586405922 0.638816923 0.669348241 0.727263803 0.667362463 0.650315541 0.645264000 0.643417191 0.625365072 0.696714290 0.732991969 0.689398397 0.670032097 0.759957795 0.738939340 0.685304876 0.773640455 0.778575518 0.702995126 0.764359547 0.711652189 0.731388836 0.771774675 0.722598891 0.798642095 0.700752992 0.799517500 0.779599702 0.687189629 0.707186883 0.698138713 0.797587500 0.780984113 0.795713584 0.790105934 1.190834571 
1     0.657696245 0.688160477 0.636018700 0.637370559 0.572856484 0.579304893 0.626854137 0.661436808 0.625035907 0.579454807 0.479527994 0.480001140 0.597688854 0.000000000 0.406544324 0.410635863 0.469616074 0.491763696 0.557101626 0.497682731 0.477987883 0.472634420 0.475237339 0.454472152 0.522518209 0.563727458 0.523040295 0.503056330 0.578612413 0.568575784 0.514950672 0.599847993 0.605853570 0.524353147 0.586989407 0.535139352 0.558194117 0.590915036 0.551058829 0.626640802 0.516954704 0.624273158 0.605019852 0.520458150 0.541220106 0.535721364 0.631562834 0.607737466 0.626652501 0.616564219 1.022544702 
16     0.603081450 0.635956016 0.584899396 0.586634927 0.523083440 0.526199540 0.571475184 0.606896288 0.569021657 0.518142369 0.423256768 0.424211852 0.582541977 0.406544324 0.000000000 0.027720622 0.195009399 0.396974323 0.488903375 0.430483003 0.418655236 0.405844052 0.407860000 0.390985867 0.455886004 0.498595985 0.453181141 0.434460796 0.522313948 0.505614492 0.448365619 0.530723378 0.537312499 0.468175930 0.527233345 0.473777395 0.498437694 0.526091233 0.489396274 0.556328605 0.463633556 0.565605502 0.546449784 0.459281239 0.478740324 0.470503765 0.567368834 0.546009731 0.564207635 0.553583016 0.957762176 
11     0.608657777 0.641558056 0.590390690 0.592126221 0.528140555 0.531405388 0.576671924 0.610015829 0.572347170 0.522377445 0.428060936 0.429017401 0.586405922 0.410635863 0.027720622 0.000000000 0.201752639 0.400982495 0.493604241 0.434673164 0.422809030 0.410260768 0.411058297 0.394214706 0.460513116 0.503757750 0.458013577 0.438838731 0.529343083 0.510097288 0.454333961 0.537070773 0.543651718 0.474413352 0.533473796 0.479805333 0.502523785 0.530769526 0.495895279 0.560785167 0.466655415 0.568983664 0.549986945 0.463024029 0.483709500 0.475023047 0.572080986 0.550301733 0.568700399 0.557798002 0.965147382 
43     0.655615556 0.687458993 0.637202855 0.638108046 0.578328012 0.585536526 0.635414149 0.672853414 0.635166515 0.582571311 0.484237170 0.483994735 0.638816923 0.469616074 0.195009399 0.201752639 0.000000000 0.451046476 0.550600066 0.490775110 0.479486900 0.470200949 0.475382398 0.455189354 0.517632089 0.560068528 0.515043802 0.494881792 0.586250089 0.561306026 0.512306656 0.589530408 0.595546973 0.524573788 0.583999533 0.529295365 0.563678808 0.589751948 0.550754211 0.621388164 0.525397441 0.628800089 0.610740262 0.516827607 0.535492613 0.527973845 0.627219740 0.601102546 0.633299230 0.623363865 1.009259610 
37     0.658437847 0.692089690 0.644106555 0.646989218 0.592106200 0.591749805 0.634437826 0.680292619 0.637904847 0.596218875 0.504420172 0.505799016 0.669348241 0.491763696 0.396974323 0.400982495 0.451046476 0.000000000 0.576310196 0.516540930 0.505736226 0.496533603 0.490686901 0.475520588 0.543676531 0.588507303 0.541444468 0.525163821 0.603947352 0.579761327 0.533225139 0.612394039 0.618469612 0.541122573 0.605092808 0.554467671 0.577195249 0.613740389 0.571266453 0.647343651 0.539670425 0.646480641 0.631793487 0.534322078 0.554881687 0.544993683 0.652046942 0.629973041 0.650432813 0.640941127 1.014161302 
32     0.721873506 0.752863720 0.702242711 0.703320952 0.648985121 0.647522802 0.689413631 0.726965314 0.687994736 0.636878813 0.549735606 0.550721001 0.727263803 0.557101626 0.488903375 0.493604241 0.550600066 0.576310196 0.000000000 0.526027889 0.517612086 0.519771230 0.526279332 0.505373618 0.572495992 0.615621594 0.577069437 0.549667218 0.651716108 0.628954473 0.576571818 0.657207968 0.662256561 0.587711831 0.649907264 0.590720706 0.631929403 0.656412473 0.615868893 0.687378311 0.586316916 0.691418868 0.674824021 0.589781215 0.602737144 0.600853453 0.691161232 0.677401085 0.694089350 0.689242703 1.083616581 
17     0.660393463 0.691964337 0.644100253 0.644996873 0.586997285 0.592666660 0.631494864 0.666739696 0.628385593 0.573971489 0.492743227 0.491952313 0.667362463 0.497682731 0.430483003 0.434673164 0.490775110 0.516540930 0.526027889 0.000000000 0.349223900 0.463550244 0.472804036 0.454309067 0.516589046 0.561152271 0.516857269 0.497101014 0.595823054 0.569886788 0.516028126 0.598445740 0.604237979 0.527207495 0.583394981 0.537764675 0.563880599 0.591885692 0.548681990 0.623485030 0.519640948 0.620177668 0.601254470 0.528699019 0.549102922 0.539603668 0.636246821 0.611781670 0.631955945 0.621057494 1.014917456 
13     0.656128571 0.691633131 0.642572532 0.643461743 0.585220776 0.586391014 0.619953131 0.659979656 0.621236880 0.569334829 0.477541999 0.478870694 0.650315541 0.477987883 0.418655236 0.422809030 0.479486900 0.505736226 0.517612086 0.349223900 0.000000000 0.450152123 0.457816272 0.441189826 0.502979990 0.542184610 0.500174673 0.483030293 0.585796030 0.563289227 0.509491071 0.592876358 0.599259030 0.518705191 0.579433579 0.533203334 0.559684502 0.588951305 0.544711380 0.620946829 0.518236863 0.627320185 0.608883966 0.519751416 0.541160690 0.530075802 0.628044427 0.607572929 0.630020457 0.621987830 1.006222773 
4     0.643509432 0.675261539 0.627774218 0.628966787 0.573568365 0.577728050 0.625164519 0.660563748 0.623177412 0.568903343 0.470842449 0.473677753 0.645264000 0.472634420 0.405844052 0.410260768 0.470200949 0.496533603 0.519771230 0.463550244 0.450152123 0.000000000 0.406228130 0.385740050 0.453513624 0.498557199 0.452385166 0.426367924 0.579633276 0.561379253 0.511036025 0.593858979 0.599195561 0.522764074 0.584504067 0.527688444 0.555223095 0.589296904 0.535567851 0.607432176 0.503700668 0.617909306 0.598238062 0.518286510 0.536901684 0.527621522 0.624230930 0.602916132 0.621944115 0.613303973 1.002084039 
18     0.640625552 0.672057932 0.627154291 0.628434192 0.569941455 0.573156120 0.612879671 0.654427913 0.613650595 0.568003197 0.462468871 0.466816255 0.643417191 0.475237339 0.407860000 0.411058297 0.475382398 0.490686901 0.526279332 0.472804036 0.457816272 0.406228130 0.000000000 0.103864362 0.423116342 0.467078572 0.424216350 0.404374955 0.561872304 0.541966189 0.492401280 0.573141918 0.578830180 0.505318856 0.563325775 0.510528447 0.547927310 0.570644093 0.538783796 0.598233724 0.505736759 0.611260597 0.592646590 0.506756192 0.528600186 0.514105945 0.613000438 0.590143462 0.608205655 0.597891674 0.996288936 
30     0.619730173 0.652338639 0.610195397 0.611702020 0.548763952 0.553558586 0.590959046 0.633258988 0.592519303 0.545862010 0.442362489 0.444878697 0.625365072 0.454472152 0.390985867 0.394214706 0.455189354 0.475520588 0.505373618 0.454309067 0.441189826 0.385740050 0.103864362 0.000000000 0.406915381 0.450889346 0.405992090 0.382602810 0.541484711 0.526839734 0.475985462 0.559024815 0.564775645 0.487915136 0.547400612 0.492094743 0.531249580 0.554751990 0.515848896 0.581879254 0.487002536 0.592906690 0.576067149 0.484756647 0.507856718 0.491671316 0.591664783 0.570030672 0.589357339 0.579250805 0.979674332 
21     0.693766889 0.724703170 0.682207781 0.683420421 0.628899091 0.627687460 0.670450847 0.708934484 0.672180798 0.616194533 0.520982257 0.524543613 0.696714290 0.522518209 0.455886004 0.460513116 0.517632089 0.543676531 0.572495992 0.516589046 0.502979990 0.453513624 0.423116342 0.406915381 0.000000000 0.185985784 0.168650920 0.331833077 0.630665234 0.610752257 0.557546805 0.641451523 0.646977554 0.564133283 0.621610843 0.579180118 0.606177908 0.644166337 0.592698403 0.666303734 0.559161535 0.676629811 0.658331027 0.569189104 0.590105706 0.579077800 0.670630314 0.646491821 0.670322587 0.661230189 1.050785514 
2     0.740193373 0.770399321 0.728046003 0.729355371 0.672081855 0.671421250 0.714262781 0.757268007 0.719921328 0.660241479 0.561421378 0.565051541 0.732991969 0.563727458 0.498595985 0.503757750 0.560068528 0.588507303 0.615621594 0.561152271 0.542184610 0.498557199 0.467078572 0.450889346 0.185985784 0.000000000 0.225482872 0.380835583 0.673092423 0.653201957 0.599922658 0.682708502 0.688391339 0.605116821 0.667299431 0.622306407 0.648336260 0.689193784 0.635023359 0.708745437 0.609372804 0.719579034 0.702035449 0.613245333 0.634500357 0.617907877 0.716973010 0.692289924 0.715728998 0.707010777 1.091987605 
31     0.689756177 0.719328633 0.676157747 0.677035034 0.621594023 0.619650753 0.665199893 0.707752825 0.668574450 0.609776670 0.516454681 0.520146733 0.689398397 0.523040295 0.453181141 0.458013577 0.515043802 0.541444468 0.577069437 0.516857269 0.500174673 0.452385166 0.424216350 0.405992090 0.168650920 0.225482872 0.000000000 0.328586292 0.622719737 0.607385783 0.551704597 0.637480041 0.643190806 0.557563682 0.617426087 0.575615464 0.600259728 0.640697562 0.586017520 0.663148898 0.556603508 0.670194775 0.652762076 0.563914973 0.584895506 0.572552121 0.668918584 0.643872442 0.669022776 0.659767837 1.038758917 
22     0.671747704 0.705246961 0.655405941 0.657425947 0.605054646 0.609554202 0.628432987 0.672185463 0.640292228 0.581076429 0.498150802 0.502142376 0.670032097 0.503056330 0.434460796 0.438838731 0.494881792 0.525163821 0.549667218 0.497101014 0.483030293 0.426367924 0.404374955 0.382602810 0.331833077 0.380835583 0.328586292 0.000000000 0.595162078 0.578159519 0.519089691 0.605952418 0.611036557 0.529438893 0.591568711 0.542739739 0.572421182 0.607645154 0.560539043 0.637694347 0.528998456 0.646948888 0.630079758 0.533491865 0.549930075 0.545651033 0.643891399 0.620701469 0.638652680 0.632135362 1.026901104 
10     0.698039327 0.729245754 0.676385776 0.678054378 0.611890668 0.614967991 0.670741737 0.699796021 0.667997240 0.619155632 0.508059553 0.512890643 0.759957795 0.578612413 0.522313948 0.529343083 0.586250089 0.603947352 0.651716108 0.595823054 0.585796030 0.579633276 0.561872304 0.541484711 0.630665234 0.673092423 0.622719737 0.595162078 0.000000000 0.496089303 0.443153402 0.518946126 0.524297363 0.454721690 0.517579235 0.460882117 0.551582424 0.579226071 0.550179056 0.619113571 0.516769203 0.620369499 0.609288092 0.545005481 0.567119526 0.567106065 0.653010937 0.638633689 0.655018203 0.644676167 1.040862986 
39     0.669008588 0.697499566 0.647937178 0.650346824 0.596440780 0.592687998 0.641363771 0.679260010 0.651177924 0.596270264 0.492596101 0.498943182 0.738939340 0.568575784 0.505614492 0.510097288 0.561306026 0.579761327 0.628954473 0.569886788 0.563289227 0.561379253 0.541966189 0.526839734 0.610752257 0.653201957 0.607385783 0.578159519 0.496089303 0.000000000 0.311593567 0.389500665 0.392683956 0.339901700 0.415496053 0.360840587 0.546650486 0.566228804 0.533359974 0.601471027 0.505319489 0.603802044 0.594243915 0.528749908 0.553275448 0.542164123 0.639125925 0.622496630 0.638242752 0.630273204 1.021375006 
28     0.625090356 0.656821012 0.609233193 0.609757484 0.560262022 0.553291570 0.584874288 0.627525223 0.597915315 0.541790097 0.438118512 0.445686050 0.685304876 0.514950672 0.448365619 0.454333961 0.512306656 0.533225139 0.576571818 0.516028126 0.509491071 0.511036025 0.492401280 0.475985462 0.557546805 0.599922658 0.551704597 0.519089691 0.443153402 0.311593567 0.000000000 0.318580978 0.322761054 0.289488783 0.362831793 0.309345119 0.493811768 0.514211797 0.481690119 0.554487621 0.461280187 0.554776528 0.545348945 0.473793456 0.497887710 0.496049226 0.594052550 0.576442387 0.596159566 0.588142876 0.981119793 
7     0.700619877 0.732439771 0.685109940 0.687936354 0.636006474 0.632124348 0.671195756 0.706406582 0.677240390 0.632902869 0.514334697 0.523758684 0.773640455 0.599847993 0.530723378 0.537070773 0.589530408 0.612394039 0.657207968 0.598445740 0.592876358 0.593858979 0.573141918 0.559024815 0.641451523 0.682708502 0.637480041 0.605952418 0.518946126 0.389500665 0.318580978 0.000000000 0.075599671 0.361488361 0.434874485 0.377249943 0.573775067 0.599157610 0.559309020 0.631534077 0.536987577 0.636464972 0.622629537 0.557480160 0.583102444 0.578326024 0.671636751 0.655728613 0.675725145 0.668158683 1.053687453 
14     0.707106836 0.738661818 0.691788126 0.693388011 0.640311646 0.636822687 0.675644416 0.711594942 0.682751904 0.638183456 0.519739084 0.529104434 0.778575518 0.605853570 0.537312499 0.543651718 0.595546973 0.618469612 0.662256561 0.604237979 0.599259030 0.599195561 0.578830180 0.564775645 0.646977554 0.688391339 0.643190806 0.611036557 0.524297363 0.392683956 0.322761054 0.075599671 0.000000000 0.366618075 0.439757831 0.382731015 0.577105110 0.603000236 0.562435129 0.637264536 0.539389442 0.639217714 0.626275710 0.562678386 0.589202008 0.583029666 0.676966224 0.661785920 0.681470275 0.674237420 1.056977281 
33     0.633270211 0.666710624 0.619680788 0.623370799 0.563044930 0.557026257 0.605254355 0.645621697 0.616326811 0.563565224 0.452918182 0.458246916 0.702995126 0.524353147 0.468175930 0.474413352 0.524573788 0.541122573 0.587711831 0.527207495 0.518705191 0.522764074 0.505318856 0.487915136 0.564133283 0.605116821 0.557563682 0.529438893 0.454721690 0.339901700 0.289488783 0.361488361 0.366618075 0.000000000 0.302002947 0.314163223 0.507518475 0.536192996 0.498563503 0.571149887 0.476304098 0.576381501 0.566110490 0.492087399 0.519586920 0.510974740 0.607998420 0.585686895 0.608177412 0.600348468 0.991620868 
9     0.695861735 0.725640701 0.679413975 0.679628856 0.627805621 0.620710702 0.670056283 0.701684284 0.668713733 0.621325683 0.518061405 0.522930431 0.764359547 0.586989407 0.527233345 0.533473796 0.583999533 0.605092808 0.649907264 0.583394981 0.579433579 0.584504067 0.563325775 0.547400612 0.621610843 0.667299431 0.617426087 0.591568711 0.517579235 0.415496053 0.362831793 0.434874485 0.439757831 0.302002947 0.000000000 0.381285006 0.571766051 0.595454298 0.562276413 0.632788727 0.538925666 0.632412203 0.623139739 0.555070844 0.576766177 0.570442275 0.663081305 0.647975279 0.664296746 0.657555976 1.050162519 
26     0.637248002 0.668071398 0.620335315 0.621814430 0.564583546 0.560852093 0.598762096 0.634556990 0.606878851 0.555485681 0.459270721 0.461773765 0.711652189 0.535139352 0.473777395 0.479805333 0.529295365 0.554467671 0.590720706 0.537764675 0.533203334 0.527688444 0.510528447 0.492094743 0.579180118 0.622306407 0.575615464 0.542739739 0.460882117 0.360840587 0.309345119 0.377249943 0.382731015 0.314163223 0.381285006 0.000000000 0.516052648 0.538204410 0.503826707 0.574221398 0.481222257 0.570923582 0.567093844 0.497603404 0.522285674 0.511481316 0.596386745 0.584582427 0.606970904 0.597694173 0.990832656 
19     0.670082761 0.703957267 0.656649454 0.656987485 0.590616813 0.595329813 0.638003948 0.673922115 0.641179360 0.594225929 0.484753504 0.490148815 0.731388836 0.558194117 0.498437694 0.502523785 0.563678808 0.577195249 0.631929403 0.563880599 0.559684502 0.555223095 0.547927310 0.531249580 0.606177908 0.648336260 0.600259728 0.572421182 0.551582424 0.546650486 0.493811768 0.573775067 0.577105110 0.507518475 0.571766051 0.516052648 0.000000000 0.442363283 0.418276484 0.486218599 0.393154243 0.485571698 0.468120229 0.517876129 0.547042111 0.547926248 0.633112957 0.615107936 0.632557770 0.623103125 1.020638296 
35     0.688633999 0.728641231 0.680253897 0.680732637 0.616088479 0.620799331 0.674123400 0.710605050 0.677378343 0.626321184 0.518669120 0.519199054 0.771774675 0.590915036 0.526091233 0.530769526 0.589751948 0.613740389 0.656412473 0.591885692 0.588951305 0.589296904 0.570644093 0.554751990 0.644166337 0.689193784 0.640697562 0.607645154 0.579226071 0.566228804 0.514211797 0.599157610 0.603000236 0.536192996 0.595454298 0.538204410 0.442363283 0.000000000 0.420188188 0.482946874 0.401494784 0.487692623 0.468441776 0.550715857 0.577319029 0.576835221 0.669204119 0.648837498 0.660566860 0.650929761 1.039060692 
12     0.668139046 0.703024175 0.656829969 0.656342229 0.590767688 0.592481575 0.637980114 0.674029129 0.639866342 0.584543748 0.484459667 0.486679997 0.722598891 0.551058829 0.489396274 0.495895279 0.550754211 0.571266453 0.615868893 0.548681990 0.544711380 0.535567851 0.538783796 0.515848896 0.592698403 0.635023359 0.586017520 0.560539043 0.550179056 0.533359974 0.481690119 0.559309020 0.562435129 0.498563503 0.562276413 0.503826707 0.418276484 0.420188188 0.000000000 0.297876655 0.372566628 0.464964584 0.447437107 0.513634264 0.543075570 0.541192513 0.630191025 0.614557726 0.629740365 0.623932803 1.002685110 
5     0.739208582 0.774860759 0.728674511 0.727188669 0.657121020 0.662948298 0.709455812 0.741371903 0.704849289 0.660074872 0.554287001 0.555117293 0.798642095 0.626640802 0.556328605 0.560785167 0.621388164 0.647343651 0.687378311 0.623485030 0.620946829 0.607432176 0.598233724 0.581879254 0.666303734 0.708745437 0.663148898 0.637694347 0.619113571 0.601471027 0.554487621 0.631534077 0.637264536 0.571149887 0.632788727 0.574221398 0.486218599 0.482946874 0.297876655 0.000000000 0.439469272 0.530672266 0.509560019 0.589696371 0.618054605 0.614712130 0.702463027 0.684304611 0.697511421 0.691196823 1.084270350 
15     0.636060459 0.670832531 0.620991390 0.621581595 0.559150958 0.563139359 0.599821830 0.647216710 0.606355361 0.554513183 0.456263068 0.457931221 0.700752992 0.516954704 0.463633556 0.466655415 0.525397441 0.539670425 0.586316916 0.519640948 0.518236863 0.503700668 0.505736759 0.487002536 0.559161535 0.609372804 0.556603508 0.528998456 0.516769203 0.505319489 0.461280187 0.536987577 0.539389442 0.476304098 0.538925666 0.481222257 0.393154243 0.401494784 0.372566628 0.439469272 0.000000000 0.413720074 0.399135494 0.486781030 0.517021252 0.513617276 0.601889323 0.580547362 0.596859933 0.587615477 0.977993032 
3     0.738360868 0.774457412 0.725626686 0.727362165 0.656652408 0.659019776 0.702008234 0.744028374 0.699488560 0.648360191 0.552359193 0.557623284 0.799517500 0.624273158 0.565605502 0.568983664 0.628800089 0.646480641 0.691418868 0.620177668 0.627320185 0.617909306 0.611260597 0.592906690 0.676629811 0.719579034 0.670194775 0.646948888 0.620369499 0.603802044 0.554776528 0.636464972 0.639217714 0.576381501 0.632412203 0.570923582 0.485571698 0.487692623 0.464964584 0.530672266 0.413720074 0.000000000 0.187181473 0.581848181 0.605459402 0.605457358 0.695728007 0.678195475 0.690673063 0.679831925 1.081795591 
23     0.713928076 0.753818323 0.707835226 0.709088520 0.638659291 0.643138730 0.690202737 0.728726997 0.688530091 0.636729092 0.537389525 0.542923389 0.779599702 0.605019852 0.546449784 0.549986945 0.610740262 0.631793487 0.674824021 0.601254470 0.608883966 0.598238062 0.592646590 0.576067149 0.658331027 0.702035449 0.652762076 0.630079758 0.609288092 0.594243915 0.545348945 0.622629537 0.626275710 0.566110490 0.623139739 0.567093844 0.468120229 0.468441776 0.447437107 0.509560019 0.399135494 0.187181473 0.000000000 0.564880229 0.590851805 0.591082781 0.679899001 0.663029898 0.671482399 0.661593533 1.065471326 
44     0.617938139 0.657875986 0.612273663 0.614005029 0.555301621 0.555493560 0.602473020 0.633663545 0.599879915 0.549285186 0.447842358 0.449975435 0.687189629 0.520458150 0.459281239 0.463024029 0.516827607 0.534322078 0.589781215 0.528699019 0.519751416 0.518286510 0.506756192 0.484756647 0.569189104 0.613245333 0.563914973 0.533491865 0.545005481 0.528749908 0.473793456 0.557480160 0.562678386 0.492087399 0.555070844 0.497603404 0.517876129 0.550715857 0.513634264 0.589696371 0.486781030 0.581848181 0.564880229 0.000000000 0.217699683 0.325304414 0.506325930 0.493269462 0.509903764 0.504758711 0.982255168 
48     0.651249463 0.683335839 0.638145149 0.640575244 0.573334369 0.578206191 0.625608649 0.656127912 0.626769657 0.570196297 0.470710918 0.474455757 0.707186883 0.541220106 0.478740324 0.483709500 0.535492613 0.554881687 0.602737144 0.549102922 0.541160690 0.536901684 0.528600186 0.507856718 0.590105706 0.634500357 0.584895506 0.549930075 0.567119526 0.553275448 0.497887710 0.583102444 0.589202008 0.519586920 0.576766177 0.522285674 0.547042111 0.577319029 0.543075570 0.618054605 0.517021252 0.605459402 0.590851805 0.217699683 0.000000000 0.351989087 0.537333504 0.522344933 0.531540776 0.526716943 1.003673631 
46     0.636491998 0.676430694 0.627210023 0.628778826 0.564641120 0.563795268 0.627343202 0.654488327 0.621350777 0.572246401 0.469904106 0.472519640 0.698138713 0.535721364 0.470503765 0.475023047 0.527973845 0.544993683 0.600853453 0.539603668 0.530075802 0.527621522 0.514105945 0.491671316 0.579077800 0.617907877 0.572552121 0.545651033 0.567106065 0.542164123 0.496049226 0.578326024 0.583029666 0.510974740 0.570442275 0.511481316 0.547926248 0.576835221 0.541192513 0.614712130 0.513617276 0.605457358 0.591082781 0.325304414 0.351989087 0.000000000 0.529419319 0.515206508 0.535082190 0.530153956 0.988063514 
49     0.725566775 0.760010497 0.713488154 0.714845826 0.664195268 0.661877090 0.710706266 0.745088577 0.710125438 0.655045414 0.559201066 0.562762709 0.797587500 0.631562834 0.567368834 0.572080986 0.627219740 0.652046942 0.691161232 0.636246821 0.628044427 0.624230930 0.613000438 0.591664783 0.670630314 0.716973010 0.668918584 0.643891399 0.653010937 0.639125925 0.594052550 0.671636751 0.676966224 0.607998420 0.663081305 0.596386745 0.633112957 0.669204119 0.630191025 0.702463027 0.601889323 0.695728007 0.679899001 0.506325930 0.537333504 0.529419319 0.000000000 0.463355206 0.519367457 0.510757815 1.080809488 
47     0.704900792 0.744102573 0.693638649 0.694662808 0.642809764 0.640327585 0.687782536 0.722724199 0.690772837 0.642729989 0.537780691 0.540390784 0.780984113 0.607737466 0.546009731 0.550301733 0.601102546 0.629973041 0.677401085 0.611781670 0.607572929 0.602916132 0.590143462 0.570030672 0.646491821 0.692289924 0.643872442 0.620701469 0.638633689 0.622496630 0.576442387 0.655728613 0.661785920 0.585686895 0.647975279 0.584582427 0.615107936 0.648837498 0.614557726 0.684304611 0.580547362 0.678195475 0.663029898 0.493269462 0.522344933 0.515206508 0.463355206 0.000000000 0.512498841 0.505228755 1.064066133 
50     0.733254452 0.771521175 0.717409898 0.718638340 0.661064588 0.660084033 0.706917800 0.737536448 0.701569023 0.657980605 0.562372666 0.566012895 0.795713584 0.626652501 0.564207635 0.568700399 0.633299230 0.650432813 0.694089350 0.631955945 0.630020457 0.621944115 0.608205655 0.589357339 0.670322587 0.715728998 0.669022776 0.638652680 0.655018203 0.638242752 0.596159566 0.675725145 0.681470275 0.608177412 0.664296746 0.606970904 0.632557770 0.660566860 0.629740365 0.697511421 0.596859933 0.690673063 0.671482399 0.509903764 0.531540776 0.535082190 0.519367457 0.512498841 0.000000000 0.158769373 1.091755718 
45     0.723025321 0.762000265 0.710357849 0.711697372 0.649025583 0.651566118 0.699903364 0.723202177 0.687418379 0.645033826 0.551166499 0.549317524 0.790105934 0.616564219 0.553583016 0.557798002 0.623363865 0.640941127 0.689242703 0.621057494 0.621987830 0.613303973 0.597891674 0.579250805 0.661230189 0.707010777 0.659767837 0.632135362 0.644676167 0.630273204 0.588142876 0.668158683 0.674237420 0.600348468 0.657555976 0.597694173 0.623103125 0.650929761 0.623932803 0.691196823 0.587615477 0.679831925 0.661593533 0.504758711 0.526716943 0.530153956 0.510757815 0.505228755 0.158769373 0.000000000 1.079946786 
0     1.112301240 1.147058940 1.098759898 1.100261050 1.038894560 1.038055759 1.093951559 1.125478568 1.087579174 1.042734743 0.937296505 0.929605998 1.190834571 1.022544702 0.957762176 0.965147382 1.009259610 1.014161302 1.083616581 1.014917456 1.006222773 1.002084039 0.996288936 0.979674332 1.050785514 1.091987605 1.038758917 1.026901104 1.040862986 1.021375006 0.981119793 1.053687453 1.056977281 0.991620868 1.050162519 0.990832656 1.020638296 1.039060692 1.002685110 1.084270350 0.977993032 1.081795591 1.065471326 0.982255168 1.003673631 0.988063514 1.080809488 1.064066133 1.091755718 1.079946786 0.000000000 
