51
31     0.000000000 0.107874010 0.279163382 0.276905087 0.448020601 0.498344257 0.501783792 0.504968706 0.499102832 0.489113554 0.489375739 0.542901516 0.541902063 0.544680280 0.528990064 0.519725351 0.528693714 0.525346973 0.528343419 0.499497333 0.514679350 0.470852829 0.471286805 0.538134338 0.540320486 0.542394950 0.593840419 0.553128353 0.526347800 0.539491702 0.557251653 0.567218075 0.548980798 0.551163451 0.645257352 0.580460544 0.634191557 0.584360308 0.598246921 0.586210917 0.612647859 0.617840452 0.634246915 0.612414487 0.656961233 0.664961211 0.672937407 0.697076131 0.697500347 0.601913414 1.021255334 
43     0.107874010 0.000000000 0.290974164 0.288715870 0.459445352 0.509803119 0.513242654 0.516427568 0.510561694 0.500572416 0.500834600 0.554329078 0.553329625 0.556107842 0.540417626 0.531152913 0.540121276 0.536774535 0.539770981 0.510929428 0.526111445 0.482284924 0.482718900 0.549566433 0.551752582 0.553827046 0.605272514 0.564560448 0.537891329 0.551035231 0.568851805 0.578818228 0.560580951 0.562706980 0.656819159 0.592019860 0.645750873 0.595919624 0.609806237 0.597770233 0.624207175 0.629399768 0.645806231 0.623973803 0.668515869 0.676515846 0.684492042 0.708630766 0.709054982 0.613468050 1.032809969 
6     0.279163382 0.290974164 0.000000000 0.042836564 0.425656210 0.476648636 0.480088171 0.483273085 0.477407211 0.467408553 0.467670737 0.521496177 0.520496724 0.523274941 0.507584725 0.498320012 0.507288375 0.503941634 0.506938080 0.477811826 0.492993843 0.449167322 0.449601298 0.516448831 0.518634980 0.520709444 0.572154912 0.531442846 0.504666815 0.517810717 0.535560286 0.545526708 0.527289431 0.529327111 0.623343293 0.558547841 0.612278855 0.562447606 0.576334218 0.564298214 0.590410812 0.595927750 0.612334213 0.590501785 0.634686717 0.642686695 0.650662891 0.674881960 0.675306176 0.579550688 0.999303401 
10     0.276905087 0.288715870 0.042836564 0.000000000 0.423361822 0.474354248 0.477793783 0.480978697 0.475112823 0.465114165 0.465376349 0.519201789 0.518202336 0.520980554 0.505290337 0.496025624 0.504993987 0.501647246 0.504643692 0.475517438 0.490699455 0.446872934 0.447306910 0.514154443 0.516340592 0.518415056 0.569860524 0.529148458 0.502372427 0.515516329 0.533265898 0.543232320 0.524995044 0.527032723 0.621048905 0.556253453 0.609984467 0.560153218 0.574039830 0.562003826 0.588116424 0.593633362 0.610039825 0.588207397 0.632392329 0.640392307 0.648368503 0.672587572 0.673011788 0.577256300 0.997009013 
29     0.448020601 0.459445352 0.425656210 0.423361822 0.000000000 0.488216204 0.491655739 0.494840653 0.488974779 0.479107761 0.479369945 0.532592642 0.531593189 0.534371407 0.518732101 0.509467388 0.518435751 0.515089010 0.518028930 0.488309987 0.503485798 0.459678498 0.460112393 0.526956413 0.529142562 0.531217026 0.582662495 0.541950429 0.516123334 0.529267237 0.546585302 0.556551725 0.538350074 0.540529368 0.636305583 0.571634158 0.625365171 0.575533922 0.589420535 0.577383308 0.603923357 0.609014066 0.625420529 0.603588102 0.647337511 0.655337488 0.663313684 0.687285213 0.687709429 0.592122497 1.012695348 
44     0.498344257 0.509803119 0.476648636 0.474354248 0.488216204 0.000000000 0.123802240 0.125349449 0.119563710 0.266961878 0.267307308 0.429133319 0.427843081 0.430723141 0.415769097 0.406482226 0.415423724 0.412050081 0.414689527 0.448535889 0.463676104 0.419832356 0.420266332 0.486818939 0.489005088 0.491199077 0.542636538 0.501924472 0.480925555 0.494087389 0.512314305 0.522383656 0.503922493 0.507117532 0.607855580 0.543099125 0.596911123 0.547079874 0.560966487 0.548913737 0.575501238 0.580560018 0.596966481 0.574335372 0.619891802 0.627891780 0.635811007 0.660016714 0.660440930 0.564853997 0.984151170 
28     0.501783792 0.513242654 0.480088171 0.477793783 0.491655739 0.123802240 0.000000000 0.076841455 0.121661172 0.270058416 0.270403847 0.432865587 0.431575348 0.434455409 0.419501365 0.410214494 0.419155991 0.415782348 0.418284213 0.451953549 0.467093764 0.423250016 0.423683992 0.490236599 0.492422748 0.494616737 0.546054198 0.505342132 0.484334445 0.497496278 0.515723195 0.525792545 0.507331382 0.510526421 0.611525949 0.546711178 0.600523176 0.550691927 0.564578539 0.552525790 0.579113290 0.584172071 0.600578534 0.577952533 0.623503855 0.631503832 0.639423059 0.663628767 0.664052983 0.568466050 0.987761110 
36     0.504968706 0.516427568 0.483273085 0.480978697 0.494840653 0.125349449 0.076841455 0.000000000 0.124484138 0.273481020 0.273826450 0.435652601 0.434362362 0.437242422 0.422288379 0.413001507 0.421943005 0.418569362 0.421071227 0.455129716 0.470269931 0.426426183 0.426860159 0.493412766 0.495598915 0.497792904 0.549230365 0.508518298 0.487526366 0.500688200 0.518915116 0.528984466 0.510523304 0.513718343 0.614480029 0.549723574 0.603535572 0.553704323 0.567590936 0.555538186 0.582125687 0.587184467 0.603590930 0.580964930 0.626516251 0.634516228 0.642435456 0.666641163 0.667065379 0.571478446 0.990775619 
23     0.499102832 0.510561694 0.477407211 0.475112823 0.488974779 0.119563710 0.121661172 0.124484138 0.000000000 0.268190332 0.268535762 0.429809895 0.428519657 0.431399717 0.416445673 0.407158802 0.416100299 0.412726656 0.415366103 0.449294464 0.464434679 0.420590930 0.421024907 0.487577514 0.489763662 0.491957652 0.543395112 0.502683046 0.481684130 0.494845963 0.513072880 0.523142230 0.504681067 0.507876106 0.608614155 0.543857699 0.597669698 0.547838449 0.561725061 0.549353800 0.576259812 0.581318593 0.597725056 0.575099055 0.620650376 0.628650354 0.636569581 0.660775289 0.661199505 0.565612572 0.984909744 
37     0.489113554 0.500572416 0.467408553 0.465114165 0.479107761 0.266961878 0.270058416 0.273481020 0.268190332 0.000000000 0.045288395 0.419380134 0.418380976 0.421261036 0.406037318 0.396737053 0.405678551 0.402304908 0.404992059 0.438425947 0.453566162 0.409737965 0.410171941 0.476688164 0.478874313 0.481083853 0.532505763 0.491809248 0.471842098 0.484999935 0.502829224 0.512898574 0.494437412 0.497996196 0.598582544 0.533643747 0.587455746 0.537624496 0.551511109 0.539458359 0.566045860 0.571104640 0.587511104 0.565203306 0.610637557 0.618637535 0.626556762 0.650762469 0.651186686 0.555599753 0.975191648 
33     0.489375739 0.500834600 0.467670737 0.465376349 0.479369945 0.267307308 0.270403847 0.273826450 0.268535762 0.045288395 0.000000000 0.419735469 0.418736311 0.421616371 0.406392653 0.397092388 0.406033886 0.402660243 0.405347394 0.438721672 0.453861886 0.410033689 0.410467665 0.476983888 0.479170037 0.481379577 0.532801487 0.492104972 0.472124720 0.485282558 0.503111846 0.513181197 0.494720034 0.498278818 0.598783700 0.533605805 0.587464782 0.537633533 0.551520146 0.539207160 0.565847634 0.571113677 0.587353050 0.565089699 0.610831352 0.618831330 0.626750557 0.650956264 0.651380480 0.555793547 0.975385442 
12     0.542901516 0.554329078 0.521496177 0.519201789 0.532592642 0.429133319 0.432865587 0.435652601 0.429809895 0.419380134 0.419735469 0.000000000 0.214205410 0.215421500 0.311544566 0.303043862 0.311066978 0.307976885 0.310435928 0.492042842 0.507183057 0.463422850 0.463856826 0.530339616 0.532525765 0.534711627 0.586133536 0.545437021 0.524448279 0.537610112 0.556038465 0.566107815 0.547639805 0.550383745 0.650565132 0.585890972 0.639966342 0.590135093 0.604021706 0.591960196 0.618556457 0.623615237 0.640021700 0.618109635 0.662903141 0.670903118 0.678822345 0.702707488 0.703131704 0.607544771 1.027418897 
4     0.541902063 0.553329625 0.520496724 0.518202336 0.531593189 0.427843081 0.431575348 0.434362362 0.428519657 0.418380976 0.418736311 0.214205410 0.000000000 0.116951910 0.311760254 0.303058818 0.311029602 0.308580528 0.310779470 0.491056855 0.506197070 0.462436863 0.462870839 0.529353629 0.531539778 0.533725640 0.585147549 0.544451034 0.523491494 0.536653327 0.555081680 0.565151030 0.546683020 0.549397326 0.649571648 0.584935616 0.638972858 0.589141609 0.603028222 0.590966712 0.617562972 0.622621753 0.639028216 0.617116150 0.661909656 0.669909634 0.677828861 0.701714003 0.702138219 0.606551287 1.026425413 
15     0.544680280 0.556107842 0.523274941 0.520980554 0.534371407 0.430723141 0.434455409 0.437242422 0.431399717 0.421261036 0.421616371 0.215421500 0.116951910 0.000000000 0.314397242 0.305768019 0.313706208 0.311257134 0.313479087 0.493893450 0.509033665 0.465273458 0.465707434 0.532190224 0.534376373 0.536562235 0.587984144 0.547287629 0.526256733 0.539418566 0.557846919 0.567916269 0.549448259 0.552027848 0.652336887 0.587700855 0.641738097 0.591906848 0.605793461 0.593731951 0.620328211 0.625386992 0.641793455 0.619881389 0.664674896 0.672674873 0.680594100 0.704479242 0.704903459 0.609316526 1.029190652 
40     0.528990064 0.540417626 0.507584725 0.505290337 0.518732101 0.415769097 0.419501365 0.422288379 0.416445673 0.406037318 0.406392653 0.311544566 0.311760254 0.314397242 0.000000000 0.203106115 0.212555585 0.211460429 0.214833861 0.478046669 0.493186884 0.449426677 0.449860653 0.516343443 0.518529592 0.520715454 0.572137363 0.531440848 0.510545887 0.523707721 0.542173243 0.552242593 0.533774584 0.536464632 0.636507820 0.571668589 0.625793517 0.575962268 0.589848880 0.577787370 0.604383631 0.609442412 0.625848875 0.603831632 0.648866950 0.656866928 0.664786155 0.688671297 0.689095513 0.593508580 1.013388185 
3     0.519725351 0.531152913 0.498320012 0.496025624 0.509467388 0.406482226 0.410214494 0.413001507 0.407158802 0.396737053 0.397092388 0.303043862 0.303058818 0.305768019 0.203106115 0.000000000 0.135825301 0.135206756 0.186302929 0.468781956 0.483922171 0.440161964 0.440595940 0.507078730 0.509264879 0.511450741 0.562872650 0.522176135 0.501281174 0.514443008 0.532908530 0.542977880 0.524509871 0.527199919 0.627243107 0.562397185 0.616528804 0.566697555 0.580584167 0.568522657 0.595118918 0.600177699 0.616584162 0.594566919 0.639602237 0.647602215 0.655521442 0.679406584 0.679830800 0.584243867 1.004123472 
16     0.528693714 0.540121276 0.507288375 0.504993987 0.518435751 0.415423724 0.419155991 0.421943005 0.416100299 0.405678551 0.406033886 0.311066978 0.311029602 0.313706208 0.212555585 0.135825301 0.000000000 0.070174941 0.196186444 0.477750319 0.492890534 0.449130327 0.449564303 0.516047093 0.518233242 0.520419104 0.571841014 0.531144498 0.510249537 0.523411371 0.541876893 0.551946244 0.533478234 0.536168283 0.636211470 0.571372239 0.625497167 0.575665918 0.589552530 0.577491021 0.604087281 0.609146062 0.625552525 0.603535282 0.648570600 0.656570578 0.664489805 0.688374947 0.688799163 0.593212230 1.013091835 
21     0.525346973 0.536774535 0.503941634 0.501647246 0.515089010 0.412050081 0.415782348 0.418569362 0.412726656 0.402304908 0.402660243 0.307976885 0.308580528 0.311257134 0.211460429 0.135206756 0.070174941 0.000000000 0.193497960 0.474400250 0.489540465 0.445780257 0.446214234 0.512697024 0.514883173 0.517069035 0.568490944 0.527794429 0.506902797 0.520064630 0.538530152 0.548599503 0.530131493 0.532821542 0.632864730 0.568025499 0.622150426 0.572319177 0.586205790 0.574144280 0.600740540 0.605799321 0.622205784 0.600188541 0.645223859 0.653223837 0.661143064 0.685028206 0.685452422 0.589865490 1.009745095 
30     0.528343419 0.539770981 0.506938080 0.504643692 0.518028930 0.414689527 0.418284213 0.421071227 0.415366103 0.404992059 0.405347394 0.310435928 0.310779470 0.313479087 0.214833861 0.186302929 0.196186444 0.193497960 0.000000000 0.477424753 0.492564968 0.448804761 0.449238737 0.515721528 0.517907676 0.520093538 0.571515448 0.530818933 0.509965186 0.523127020 0.541587776 0.551657126 0.533189117 0.535879165 0.635889233 0.571045755 0.625174930 0.575343681 0.589230293 0.577168783 0.603765044 0.608823824 0.625230288 0.603213045 0.648248363 0.656248341 0.664167568 0.688052710 0.688476926 0.592889993 1.012769598 
24     0.499497333 0.510929428 0.477811826 0.475517438 0.488309987 0.448535889 0.451953549 0.455129716 0.449294464 0.438425947 0.438721672 0.492042842 0.491056855 0.493893450 0.478046669 0.468781956 0.477750319 0.474400250 0.477424753 0.000000000 0.188536180 0.264895760 0.264891619 0.351589080 0.353651672 0.356042005 0.407127063 0.366652241 0.481233951 0.494410050 0.511877933 0.521947283 0.502714154 0.507818679 0.608081112 0.543281905 0.597051100 0.547219851 0.561106463 0.549083637 0.575694827 0.580681763 0.597106458 0.574991591 0.620044810 0.628044788 0.635821711 0.660311845 0.660736061 0.565149128 0.985042060 
19     0.514679350 0.526111445 0.492993843 0.490699455 0.503485798 0.463676104 0.467093764 0.470269931 0.464434679 0.453566162 0.453861886 0.507183057 0.506197070 0.509033665 0.493186884 0.483922171 0.492890534 0.489540465 0.492564968 0.188536180 0.000000000 0.279914905 0.280063569 0.366086142 0.368157302 0.370540173 0.421734364 0.381350514 0.496409762 0.509585861 0.526978096 0.537047446 0.517814317 0.522874083 0.623308101 0.558846597 0.612624979 0.562793730 0.576680342 0.564657516 0.591268706 0.596273873 0.612680337 0.590770761 0.635601242 0.643601220 0.651520447 0.675673049 0.676097265 0.580510333 1.000286515 
34     0.470852829 0.482284924 0.449167322 0.446872934 0.459678498 0.419832356 0.423250016 0.426426183 0.420590930 0.409737965 0.410033689 0.463422850 0.462436863 0.465273458 0.449426677 0.440161964 0.449130327 0.445780257 0.448804761 0.264895760 0.279914905 0.000000000 0.088349442 0.322691046 0.324653066 0.326844199 0.378501479 0.337477713 0.452674928 0.465887311 0.483236919 0.493306269 0.474589036 0.479140157 0.579571135 0.515109631 0.568888013 0.519056764 0.532943376 0.520920550 0.547531740 0.552536908 0.568943371 0.547033795 0.591864276 0.599864254 0.607783481 0.631936083 0.632360300 0.536773367 0.956549549 
39     0.471286805 0.482718900 0.449601298 0.447306910 0.460112393 0.420266332 0.423683992 0.426860159 0.421024907 0.410171941 0.410467665 0.463856826 0.462870839 0.465707434 0.449860653 0.440595940 0.449564303 0.446214234 0.449238737 0.264891619 0.280063569 0.088349442 0.000000000 0.323119116 0.325081135 0.327255050 0.378912330 0.337931167 0.453113985 0.466326369 0.483675976 0.493745326 0.475028093 0.479579214 0.580005111 0.515543607 0.569321989 0.519490740 0.533377353 0.521354526 0.547965716 0.552970884 0.569377347 0.547467771 0.592298252 0.600298230 0.608217457 0.632370060 0.632794276 0.537207343 0.956983526 
8     0.538134338 0.549566433 0.516448831 0.514154443 0.526956413 0.486818939 0.490236599 0.493412766 0.487577514 0.476688164 0.476983888 0.530339616 0.529353629 0.532190224 0.516343443 0.507078730 0.516047093 0.512697024 0.515721528 0.351589080 0.366086142 0.322691046 0.323119116 0.000000000 0.058181592 0.282820182 0.333441142 0.293451202 0.519818249 0.533030632 0.550325062 0.560394412 0.541720743 0.546283478 0.646344950 0.581777105 0.635555487 0.585724238 0.599610851 0.587588025 0.614191568 0.619204382 0.635603198 0.613693623 0.658715000 0.666714977 0.674634205 0.698786807 0.699211023 0.603624090 1.022398077 
22     0.540320486 0.551752582 0.518634980 0.516340592 0.529142562 0.489005088 0.492422748 0.495598915 0.489763662 0.478874313 0.479170037 0.532525765 0.531539778 0.534376373 0.518529592 0.509264879 0.518233242 0.514883173 0.517907676 0.353651672 0.368157302 0.324653066 0.325081135 0.058181592 0.000000000 0.284907261 0.334289606 0.294479386 0.522004398 0.535216781 0.552511210 0.562580561 0.543906891 0.548469626 0.648531099 0.583963254 0.637741636 0.587910387 0.601797000 0.589774174 0.616377717 0.621390531 0.637789347 0.615879772 0.660901149 0.668901126 0.676820353 0.700972956 0.701397172 0.605810239 1.024584226 
18     0.542394950 0.553827046 0.520709444 0.518415056 0.531217026 0.491199077 0.494616737 0.497792904 0.491957652 0.481083853 0.481379577 0.534711627 0.533725640 0.536562235 0.520715454 0.511450741 0.520419104 0.517069035 0.520093538 0.356042005 0.370540173 0.326844199 0.327255050 0.282820182 0.284907261 0.000000000 0.204590623 0.163427216 0.524115175 0.537176105 0.554677165 0.564746516 0.546072846 0.550574185 0.650129117 0.585974932 0.639753314 0.589922065 0.603808678 0.591785852 0.618389395 0.623402209 0.639801025 0.617891450 0.662935057 0.670935035 0.678854262 0.703006864 0.703431080 0.607844148 1.026618134 
5     0.593840419 0.605272514 0.572154912 0.569860524 0.582662495 0.542636538 0.546054198 0.549230365 0.543395112 0.532505763 0.532801487 0.586133536 0.585147549 0.587984144 0.572137363 0.562872650 0.571841014 0.568490944 0.571515448 0.407127063 0.421734364 0.378501479 0.378912330 0.333441142 0.334289606 0.204590623 0.000000000 0.193722444 0.575523276 0.588584205 0.606030088 0.616099439 0.597425769 0.601988504 0.701998075 0.637430230 0.691208612 0.641377363 0.655263976 0.643241150 0.669844693 0.674857507 0.691256323 0.669346748 0.714368124 0.722368102 0.730287329 0.754439932 0.754864148 0.659277215 1.078051202 
14     0.553128353 0.564560448 0.531442846 0.529148458 0.541950429 0.501924472 0.505342132 0.508518298 0.502683046 0.491809248 0.492104972 0.545437021 0.544451034 0.547287629 0.531440848 0.522176135 0.531144498 0.527794429 0.530818933 0.366652241 0.381350514 0.337477713 0.337931167 0.293451202 0.294479386 0.163427216 0.193722444 0.000000000 0.534811209 0.547787751 0.565318022 0.575387373 0.556713703 0.561276438 0.661286009 0.596718164 0.650496546 0.600665297 0.614551910 0.602529084 0.629132627 0.634145441 0.650544257 0.628634682 0.673656058 0.681656036 0.689575263 0.713727866 0.714152082 0.618565149 1.037339136 
32     0.526347800 0.537891329 0.504666815 0.502372427 0.516123334 0.480925555 0.484334445 0.487526366 0.481684130 0.471842098 0.472124720 0.524448279 0.523491494 0.526256733 0.510545887 0.501281174 0.510249537 0.506902797 0.509965186 0.481233951 0.496409762 0.452674928 0.453113985 0.519818249 0.522004398 0.524115175 0.575523276 0.534811209 0.000000000 0.192415293 0.484536243 0.494491142 0.476045778 0.489528825 0.632855475 0.569061014 0.622819315 0.573023944 0.586910557 0.573939551 0.601445307 0.606504088 0.622910551 0.601078123 0.645882861 0.653882839 0.661802066 0.686134155 0.686558371 0.590971438 1.010020502 
38     0.539491702 0.551035231 0.517810717 0.515516329 0.529267237 0.494087389 0.497496278 0.500688200 0.494845963 0.484999935 0.485282558 0.537610112 0.536653327 0.539418566 0.523707721 0.514443008 0.523411371 0.520064630 0.523127020 0.494410050 0.509585861 0.465887311 0.466326369 0.533030632 0.535216781 0.537176105 0.588584205 0.547787751 0.192415293 0.000000000 0.496913428 0.506868327 0.488422963 0.502820636 0.646483392 0.582483425 0.636241726 0.586446355 0.600332968 0.587225583 0.614867719 0.619926499 0.636332962 0.614500534 0.659165740 0.667165717 0.675084944 0.699417033 0.699841250 0.604254317 1.023338526 
1     0.557251653 0.568851805 0.535560286 0.533265898 0.546585302 0.512314305 0.515723195 0.518915116 0.513072880 0.502829224 0.503111846 0.556038465 0.555081680 0.557846919 0.542173243 0.532908530 0.541876893 0.538530152 0.541587776 0.511877933 0.526978096 0.483236919 0.483675976 0.550325062 0.552511210 0.554677165 0.606030088 0.565318022 0.484536243 0.496913428 0.000000000 0.188933970 0.205131387 0.518935338 0.664327135 0.600046856 0.653435802 0.603970572 0.617853302 0.605790950 0.632387870 0.637473376 0.653879839 0.632048914 0.676653774 0.684653752 0.693536490 0.717868300 0.718292516 0.622705584 1.041279630 
13     0.567218075 0.578818228 0.545526708 0.543232320 0.556551725 0.522383656 0.525792545 0.528984466 0.523142230 0.512898574 0.513181197 0.566107815 0.565151030 0.567916269 0.552242593 0.542977880 0.551946244 0.548599503 0.551657126 0.521947283 0.537047446 0.493306269 0.493745326 0.560394412 0.562580561 0.564746516 0.616099439 0.575387373 0.494491142 0.506868327 0.188933970 0.000000000 0.213590036 0.528884202 0.674293558 0.610362093 0.663602533 0.614311937 0.628198550 0.616136198 0.642733301 0.647792081 0.664198545 0.642366117 0.687192956 0.695192934 0.703502913 0.727834723 0.728258939 0.632672006 1.049771871 
11     0.548980798 0.560580951 0.527289431 0.524995044 0.538350074 0.503922493 0.507331382 0.510523304 0.504681067 0.494437412 0.494720034 0.547639805 0.546683020 0.549448259 0.533774584 0.524509871 0.533478234 0.530131493 0.533189117 0.502714154 0.517814317 0.474589036 0.475028093 0.541720743 0.543906891 0.546072846 0.597425769 0.556713703 0.476045778 0.488422963 0.205131387 0.213590036 0.000000000 0.510681093 0.656002059 0.592008752 0.645062399 0.595958597 0.609845210 0.597782858 0.624379960 0.629438741 0.645845204 0.624012776 0.668489800 0.676489778 0.685203640 0.709535450 0.709959667 0.614372734 1.032959026 
26     0.551163451 0.562706980 0.529327111 0.527032723 0.540529368 0.507117532 0.510526421 0.513718343 0.507876106 0.497996196 0.498278818 0.550383745 0.549397326 0.552027848 0.536464632 0.527199919 0.536168283 0.532821542 0.535879165 0.507818679 0.522874083 0.479140157 0.479579214 0.546283478 0.548469626 0.550574185 0.601988504 0.561276438 0.489528825 0.502820636 0.518935338 0.528884202 0.510681093 0.000000000 0.659673833 0.594994526 0.648976917 0.599117131 0.613003744 0.600918907 0.627538495 0.632597275 0.649003738 0.627171310 0.671975279 0.679975256 0.688051043 0.712245922 0.712670138 0.617083206 1.034826404 
2     0.645257352 0.656819159 0.623343293 0.621048905 0.636305583 0.607855580 0.611525949 0.614480029 0.608614155 0.598582544 0.598783700 0.650565132 0.649571648 0.652336887 0.636507820 0.627243107 0.636211470 0.632864730 0.635889233 0.608081112 0.623308101 0.579571135 0.580005111 0.646344950 0.648531099 0.650129117 0.701998075 0.661286009 0.632855475 0.646483392 0.664327135 0.674293558 0.656002059 0.659673833 0.000000000 0.599825344 0.653938148 0.603698334 0.617584946 0.605649416 0.632195193 0.637178478 0.653584941 0.631916815 0.696026169 0.704026146 0.712205003 0.736664453 0.737088669 0.641501736 1.061014963 
41     0.580460544 0.592019860 0.558547841 0.556253453 0.571634158 0.543099125 0.546711178 0.549723574 0.543857699 0.533643747 0.533605805 0.585890972 0.584935616 0.587700855 0.571668589 0.562397185 0.571372239 0.568025499 0.571045755 0.543281905 0.558846597 0.515109631 0.515543607 0.581777105 0.583963254 0.585974932 0.637430230 0.596718164 0.569061014 0.582483425 0.600046856 0.610362093 0.592008752 0.594994526 0.599825344 0.000000000 0.286318953 0.237235423 0.251331564 0.238604127 0.266442398 0.271527690 0.286293239 0.271971719 0.631888669 0.639888647 0.647660126 0.671968115 0.672392332 0.576780625 0.997370379 
7     0.634191557 0.645750873 0.612278855 0.609984467 0.625365171 0.596911123 0.600523176 0.603535572 0.597669698 0.587455746 0.587464782 0.639966342 0.638972858 0.641738097 0.625793517 0.616528804 0.625497167 0.622150426 0.625174930 0.597051100 0.612624979 0.568888013 0.569321989 0.635555487 0.637741636 0.639753314 0.691208612 0.650496546 0.622819315 0.636241726 0.653435802 0.663602533 0.645062399 0.648976917 0.653938148 0.286318953 0.000000000 0.168638856 0.184993406 0.183221071 0.211317681 0.251144046 0.266203550 0.296048338 0.686010312 0.694010290 0.701801896 0.726089759 0.726513975 0.630902269 1.051182262 
27     0.584360308 0.595919624 0.562447606 0.560153218 0.575533922 0.547079874 0.550691927 0.553704323 0.547838449 0.537624496 0.537633533 0.590135093 0.589141609 0.591906848 0.575962268 0.566697555 0.575665918 0.572319177 0.575343681 0.547219851 0.562793730 0.519056764 0.519490740 0.585724238 0.587910387 0.589922065 0.641377363 0.600665297 0.573023944 0.586446355 0.603970572 0.614311937 0.595958597 0.599117131 0.603698334 0.237235423 0.168638856 0.000000000 0.120396181 0.134642600 0.159816936 0.199447345 0.218385164 0.243760852 0.635786465 0.643786443 0.651578048 0.675865911 0.676290127 0.580678421 1.001069887 
20     0.598246921 0.609806237 0.576334218 0.574039830 0.589420535 0.560966487 0.564578539 0.567590936 0.561725061 0.551511109 0.551520146 0.604021706 0.603028222 0.605793461 0.589848880 0.580584167 0.589552530 0.586205790 0.589230293 0.561106463 0.576680342 0.532943376 0.533377353 0.599610851 0.601797000 0.603808678 0.655263976 0.614551910 0.586910557 0.600332968 0.617853302 0.628198550 0.609845210 0.613003744 0.617584946 0.251331564 0.184993406 0.120396181 0.000000000 0.146476038 0.174327056 0.216027867 0.234395940 0.259856189 0.649673078 0.657673055 0.665464661 0.689752524 0.690176740 0.594565034 1.014977905 
17     0.586210917 0.597770233 0.564298214 0.562003826 0.577383308 0.548913737 0.552525790 0.555538186 0.549353800 0.539458359 0.539207160 0.591960196 0.590966712 0.593731951 0.577787370 0.568522657 0.577491021 0.574144280 0.577168783 0.549083637 0.564657516 0.520920550 0.521354526 0.587588025 0.589774174 0.591785852 0.643241150 0.602529084 0.573939551 0.587225583 0.605790950 0.616136198 0.597782858 0.600918907 0.605649416 0.238604127 0.183221071 0.134642600 0.146476038 0.000000000 0.139905434 0.204325849 0.220497442 0.244641636 0.637721599 0.645721577 0.653513183 0.677801045 0.678225261 0.582613555 1.003026427 
35     0.612647859 0.624207175 0.590410812 0.588116424 0.603923357 0.575501238 0.579113290 0.582125687 0.576259812 0.566045860 0.565847634 0.618556457 0.617562972 0.620328211 0.604383631 0.595118918 0.604087281 0.600740540 0.603765044 0.575694827 0.591268706 0.547531740 0.547965716 0.614191568 0.616377717 0.618389395 0.669844693 0.629132627 0.601445307 0.614867719 0.632387870 0.642733301 0.624379960 0.627538495 0.632195193 0.266442398 0.211317681 0.159816936 0.174327056 0.139905434 0.000000000 0.229344363 0.247385633 0.271333245 0.664289399 0.672289377 0.680080983 0.704368845 0.704793062 0.609181355 1.029572821 
9     0.617840452 0.629399768 0.595927750 0.593633362 0.609014066 0.580560018 0.584172071 0.587184467 0.581318593 0.571104640 0.571113677 0.623615237 0.622621753 0.625386992 0.609442412 0.600177699 0.609146062 0.605799321 0.608823824 0.580681763 0.596273873 0.552536908 0.552970884 0.619204382 0.621390531 0.623402209 0.674857507 0.634145441 0.606504088 0.619926499 0.637473376 0.647792081 0.629438741 0.632597275 0.637178478 0.271527690 0.251144046 0.199447345 0.216027867 0.204325849 0.229344363 0.000000000 0.173481005 0.277445023 0.669266609 0.677266587 0.685141529 0.709346055 0.709770271 0.614158565 1.034526101 
25     0.634246915 0.645806231 0.612334213 0.610039825 0.625420529 0.596966481 0.600578534 0.603590930 0.597725056 0.587511104 0.587353050 0.640021700 0.639028216 0.641793455 0.625848875 0.616584162 0.625552525 0.622205784 0.625230288 0.597106458 0.612680337 0.568943371 0.569377347 0.635603198 0.637789347 0.639801025 0.691256323 0.650544257 0.622910551 0.636332962 0.653879839 0.664198545 0.645845204 0.649003738 0.653584941 0.286293239 0.266203550 0.218385164 0.234395940 0.220497442 0.247385633 0.173481005 0.000000000 0.295322321 0.685673072 0.693673050 0.701547992 0.725752518 0.726176734 0.630565028 1.050769674 
42     0.612414487 0.623973803 0.590501785 0.588207397 0.603588102 0.574335372 0.577952533 0.580964930 0.575099055 0.565203306 0.565089699 0.618109635 0.617116150 0.619881389 0.603831632 0.594566919 0.603535282 0.600188541 0.603213045 0.574991591 0.590770761 0.547033795 0.547467771 0.613693623 0.615879772 0.617891450 0.669346748 0.628634682 0.601078123 0.614500534 0.632048914 0.642366117 0.624012776 0.627171310 0.631916815 0.271971719 0.296048338 0.243760852 0.259856189 0.244641636 0.271333245 0.277445023 0.295322321 0.000000000 0.663900795 0.671900773 0.679775715 0.703980241 0.704404457 0.608792751 1.029843040 
47     0.656961233 0.668515869 0.634686717 0.632392329 0.647337511 0.619891802 0.623503855 0.626516251 0.620650376 0.610637557 0.610831352 0.662903141 0.661909656 0.664674896 0.648866950 0.639602237 0.648570600 0.645223859 0.648248363 0.620044810 0.635601242 0.591864276 0.592298252 0.658715000 0.660901149 0.662935057 0.714368124 0.673656058 0.645882861 0.659165740 0.676653774 0.687192956 0.668489800 0.671975279 0.696026169 0.631888669 0.686010312 0.635786465 0.649673078 0.637721599 0.664289399 0.669266609 0.685673072 0.663900795 0.000000000 0.079135593 0.231917777 0.407236996 0.407515958 0.308828261 1.054430423 
48     0.664961211 0.676515846 0.642686695 0.640392307 0.655337488 0.627891780 0.631503832 0.634516228 0.628650354 0.618637535 0.618831330 0.670903118 0.669909634 0.672674873 0.656866928 0.647602215 0.656570578 0.653223837 0.656248341 0.628044788 0.643601220 0.599864254 0.600298230 0.666714977 0.668901126 0.670935035 0.722368102 0.681656036 0.653882839 0.667165717 0.684653752 0.695192934 0.676489778 0.679975256 0.704026146 0.639888647 0.694010290 0.643786443 0.657673055 0.645721577 0.672289377 0.677266587 0.693673050 0.671900773 0.079135593 0.000000000 0.239904943 0.415138629 0.415417592 0.316716076 1.062430400 
49     0.672937407 0.684492042 0.650662891 0.648368503 0.663313684 0.635811007 0.639423059 0.642435456 0.636569581 0.626556762 0.626750557 0.678822345 0.677828861 0.680594100 0.664786155 0.655521442 0.664489805 0.661143064 0.664167568 0.635821711 0.651520447 0.607783481 0.608217457 0.674634205 0.676820353 0.678854262 0.730287329 0.689575263 0.661802066 0.675084944 0.693536490 0.703502913 0.685203640 0.688051043 0.712205003 0.647660126 0.701801896 0.651578048 0.665464661 0.653513183 0.680080983 0.685141529 0.701547992 0.679775715 0.231917777 0.239904943 0.000000000 0.422430052 0.422709014 0.323215996 1.070296871 
50     0.697076131 0.708630766 0.674881960 0.672587572 0.687285213 0.660016714 0.663628767 0.666641163 0.660775289 0.650762469 0.650956264 0.702707488 0.701714003 0.704479242 0.688671297 0.679406584 0.688374947 0.685028206 0.688052710 0.660311845 0.675673049 0.631936083 0.632370060 0.698786807 0.700972956 0.703006864 0.754439932 0.713727866 0.686134155 0.699417033 0.717868300 0.727834723 0.709535450 0.712245922 0.736664453 0.671968115 0.726089759 0.675865911 0.689752524 0.677801045 0.704368845 0.709346055 0.725752518 0.703980241 0.407236996 0.415138629 0.422430052 0.000000000 0.100455786 0.297432851 1.094201206 
46     0.697500347 0.709054982 0.675306176 0.673011788 0.687709429 0.660440930 0.664052983 0.667065379 0.661199505 0.651186686 0.651380480 0.703131704 0.702138219 0.704903459 0.689095513 0.679830800 0.688799163 0.685452422 0.688476926 0.660736061 0.676097265 0.632360300 0.632794276 0.699211023 0.701397172 0.703431080 0.754864148 0.714152082 0.686558371 0.699841250 0.718292516 0.728258939 0.709959667 0.712670138 0.737088669 0.672392332 0.726513975 0.676290127 0.690176740 0.678225261 0.704793062 0.709770271 0.726176734 0.704404457 0.407515958 0.415417592 0.422709014 0.100455786 0.000000000 0.297764838 1.094625423 
45     0.601913414 0.613468050 0.579550688 0.577256300 0.592122497 0.564853997 0.568466050 0.571478446 0.565612572 0.555599753 0.555793547 0.607544771 0.606551287 0.609316526 0.593508580 0.584243867 0.593212230 0.589865490 0.592889993 0.565149128 0.580510333 0.536773367 0.537207343 0.603624090 0.605810239 0.607844148 0.659277215 0.618565149 0.590971438 0.604254317 0.622705584 0.632672006 0.614372734 0.617083206 0.641501736 0.576780625 0.630902269 0.580678421 0.594565034 0.582613555 0.609181355 0.614158565 0.630565028 0.608792751 0.308828261 0.316716076 0.323215996 0.297432851 0.297764838 0.000000000 0.999103105 
0     1.021255334 1.032809969 0.999303401 0.997009013 1.012695348 0.984151170 0.987761110 0.990775619 0.984909744 0.975191648 0.975385442 1.027418897 1.026425413 1.029190652 1.013388185 1.004123472 1.013091835 1.009745095 1.012769598 0.985042060 1.000286515 0.956549549 0.956983526 1.022398077 1.024584226 1.026618134 1.078051202 1.037339136 1.010020502 1.023338526 1.041279630 1.049771871 1.032959026 1.034826404 1.061014963 0.997370379 1.051182262 1.001069887 1.014977905 1.003026427 1.029572821 1.034526101 1.050769674 1.029843040 1.054430423 1.062430400 1.070296871 1.094201206 1.094625423 0.999103105 0.000000000 
