51
3     0.000000000 0.000000080 0.000001620 0.000001310 0.000001520 0.000003280 0.000003350 0.000002550 0.000006370 0.000006830 0.000000900 0.000000830 0.000000660 0.000000710 0.000001650 0.000001470 0.000001770 0.000001460 0.000001560 0.000001460 0.000001480 0.000000800 0.000003380 0.000000940 0.000001500 0.000000730 0.000001670 0.000001670 0.000001660 0.000000730 0.000000760 0.000003730 0.000002370 0.000002310 0.000001470 0.000000850 0.000000850 0.000000820 0.000001590 0.000004410 0.000004760 0.000004630 0.000002040 0.000002000 0.000001990 0.000002180 0.000002740 0.000002440 0.000003620 0.000000430 0.000005780 
5     0.000000080 0.000000000 0.000001450 0.000001140 0.000001350 0.000003110 0.000003180 0.000002380 0.000006390 0.000006720 0.000000730 0.000000660 0.000000490 0.000000540 0.000001480 0.000001300 0.000001600 0.000001290 0.000001390 0.000001290 0.000001310 0.000000630 0.000003210 0.000000770 0.000001330 0.000000560 0.000001500 0.000001500 0.000001490 0.000000560 0.000000590 0.000003560 0.000002200 0.000002140 0.000001300 0.000000680 0.000000680 0.000000650 0.000001420 0.000004240 0.000004590 0.000004460 0.000001870 0.000001830 0.000001820 0.000002010 0.000002570 0.000002270 0.000003530 0.000000260 0.000005610 
9     0.000001620 0.000001450 0.000000000 0.000000610 0.000000820 0.000004300 0.000004370 0.000003570 0.000004960 0.000005420 0.000001880 0.000001810 0.000001640 0.000001690 0.000002630 0.000002450 0.000002750 0.000002440 0.000002540 0.000002440 0.000002460 0.000001780 0.000004360 0.000001920 0.000002480 0.000001710 0.000002650 0.000002650 0.000002640 0.000001710 0.000001740 0.000004710 0.000003350 0.000003290 0.000002450 0.000001830 0.000001830 0.000001800 0.000002570 0.000005390 0.000005740 0.000005610 0.000003020 0.000002980 0.000002970 0.000003160 0.000003720 0.000003420 0.000004680 0.000001410 0.000006760 
4     0.000001310 0.000001140 0.000000610 0.000000000 0.000000270 0.000003990 0.000004060 0.000003260 0.000006320 0.000006780 0.000001570 0.000001500 0.000001330 0.000001380 0.000002320 0.000002140 0.000002440 0.000002130 0.000002230 0.000002130 0.000002150 0.000001470 0.000004050 0.000001610 0.000002170 0.000001400 0.000002340 0.000002340 0.000002330 0.000001400 0.000001430 0.000004400 0.000003040 0.000002980 0.000002140 0.000001520 0.000001520 0.000001490 0.000002260 0.000005080 0.000005430 0.000005300 0.000002710 0.000002670 0.000002660 0.000002850 0.000003410 0.000003110 0.000004370 0.000001100 0.000006450 
8     0.000001520 0.000001350 0.000000820 0.000000270 0.000000000 0.000004200 0.000004270 0.000003470 0.000006160 0.000006620 0.000001780 0.000001710 0.000001540 0.000001590 0.000002530 0.000002350 0.000002650 0.000002340 0.000002440 0.000002340 0.000002360 0.000001680 0.000004260 0.000001820 0.000002380 0.000001610 0.000002550 0.000002550 0.000002540 0.000001610 0.000001640 0.000004610 0.000003250 0.000003190 0.000002350 0.000001730 0.000001730 0.000001700 0.000002470 0.000005290 0.000005640 0.000005510 0.000002920 0.000002880 0.000002870 0.000003060 0.000003620 0.000003320 0.000004580 0.000001310 0.000006660 
1     0.000003280 0.000003110 0.000004300 0.000003990 0.000004200 0.000000000 0.000000130 0.000002090 0.000006510 0.000006970 0.000003580 0.000003510 0.000003340 0.000003390 0.000004330 0.000004150 0.000004450 0.000004140 0.000004240 0.000004140 0.000004160 0.000003480 0.000006060 0.000003620 0.000004180 0.000003410 0.000004350 0.000004350 0.000004340 0.000003410 0.000003440 0.000006410 0.000005050 0.000004990 0.000004150 0.000003530 0.000003530 0.000003500 0.000004270 0.000007090 0.000007440 0.000007310 0.000004720 0.000004680 0.000004670 0.000004860 0.000005420 0.000005120 0.000006380 0.000003110 0.000008460 
7     0.000003350 0.000003180 0.000004370 0.000004060 0.000004270 0.000000130 0.000000000 0.000002160 0.000006150 0.000006610 0.000003650 0.000003580 0.000003410 0.000003460 0.000004400 0.000004220 0.000004520 0.000004210 0.000004310 0.000004210 0.000004230 0.000003550 0.000006130 0.000003690 0.000004250 0.000003480 0.000004420 0.000004420 0.000004410 0.000003480 0.000003510 0.000006480 0.000005120 0.000005060 0.000004220 0.000003600 0.000003600 0.000003570 0.000004340 0.000007160 0.000007510 0.000007380 0.000004790 0.000004750 0.000004740 0.000004930 0.000005490 0.000005190 0.000006450 0.000003180 0.000008530 
2     0.000002550 0.000002380 0.000003570 0.000003260 0.000003470 0.000002090 0.000002160 0.000000000 0.000006400 0.000006860 0.000002850 0.000002780 0.000002610 0.000002660 0.000003600 0.000003420 0.000003720 0.000003410 0.000003510 0.000003410 0.000003430 0.000002750 0.000005330 0.000002890 0.000003450 0.000002680 0.000003620 0.000003620 0.000003610 0.000002680 0.000002710 0.000005680 0.000004320 0.000004260 0.000003420 0.000002800 0.000002800 0.000002770 0.000003540 0.000006360 0.000006710 0.000006580 0.000003990 0.000003950 0.000003940 0.000004130 0.000004690 0.000004390 0.000005650 0.000002380 0.000007730 
10     0.000006370 0.000006390 0.000004960 0.000006320 0.000006160 0.000006510 0.000006150 0.000006400 0.000000000 0.000000550 0.000006230 0.000005900 0.000006960 0.000007010 0.000007950 0.000007770 0.000008070 0.000007760 0.000007830 0.000007760 0.000007780 0.000007100 0.000006940 0.000007240 0.000007180 0.000007030 0.000007970 0.000007970 0.000007960 0.000007030 0.000007060 0.000010030 0.000008670 0.000008610 0.000007770 0.000007150 0.000007150 0.000007120 0.000007890 0.000010710 0.000011060 0.000010930 0.000008340 0.000008300 0.000006460 0.000008480 0.000008190 0.000008740 0.000006690 0.000006730 0.000012080 
6     0.000006830 0.000006720 0.000005420 0.000006780 0.000006620 0.000006970 0.000006610 0.000006860 0.000000550 0.000000000 0.000006690 0.000006360 0.000006910 0.000006960 0.000007900 0.000007720 0.000008020 0.000007710 0.000007810 0.000007710 0.000007730 0.000007050 0.000007400 0.000007190 0.000007640 0.000006980 0.000007920 0.000007920 0.000007910 0.000006980 0.000007010 0.000009980 0.000008620 0.000008560 0.000007720 0.000007100 0.000007100 0.000007070 0.000007840 0.000010660 0.000011010 0.000010880 0.000008290 0.000008250 0.000006920 0.000008430 0.000008650 0.000008690 0.000007150 0.000006680 0.000012030 
15     0.000000900 0.000000730 0.000001880 0.000001570 0.000001780 0.000003580 0.000003650 0.000002850 0.000006230 0.000006690 0.000000000 0.000000730 0.000000560 0.000000730 0.000001670 0.000001490 0.000001790 0.000001480 0.000001580 0.000001480 0.000001500 0.000000820 0.000002990 0.000000960 0.000001520 0.000000750 0.000001690 0.000001690 0.000001680 0.000000750 0.000000780 0.000003750 0.000002390 0.000002330 0.000001490 0.000000870 0.000000870 0.000000840 0.000001610 0.000004490 0.000004840 0.000004710 0.000002120 0.000002080 0.000002070 0.000002260 0.000002820 0.000002520 0.000003360 0.000000510 0.000005860 
20     0.000000830 0.000000660 0.000001810 0.000001500 0.000001710 0.000003510 0.000003580 0.000002780 0.000005900 0.000006360 0.000000730 0.000000000 0.000000430 0.000000660 0.000001600 0.000001420 0.000001720 0.000001410 0.000001510 0.000001410 0.000001430 0.000000750 0.000002660 0.000000890 0.000001450 0.000000680 0.000001620 0.000001620 0.000001610 0.000000680 0.000000710 0.000003680 0.000002320 0.000002260 0.000001420 0.000000800 0.000000800 0.000000770 0.000001540 0.000004420 0.000004770 0.000004640 0.000002050 0.000002010 0.000002000 0.000002190 0.000002750 0.000002450 0.000003030 0.000000440 0.000005790 
44     0.000000660 0.000000490 0.000001640 0.000001330 0.000001540 0.000003340 0.000003410 0.000002610 0.000006960 0.000006910 0.000000560 0.000000430 0.000000000 0.000000490 0.000001430 0.000001250 0.000001550 0.000001240 0.000001340 0.000001240 0.000001260 0.000000580 0.000003160 0.000000720 0.000001280 0.000000510 0.000001450 0.000001450 0.000001440 0.000000510 0.000000540 0.000003510 0.000002150 0.000002090 0.000001250 0.000000630 0.000000630 0.000000600 0.000001370 0.000004250 0.000004600 0.000004470 0.000001880 0.000001840 0.000001830 0.000002020 0.000002580 0.000002280 0.000003540 0.000000270 0.000005620 
50     0.000000710 0.000000540 0.000001690 0.000001380 0.000001590 0.000003390 0.000003460 0.000002660 0.000007010 0.000006960 0.000000730 0.000000660 0.000000490 0.000000000 0.000001200 0.000001020 0.000001320 0.000001010 0.000001110 0.000001010 0.000001030 0.000000430 0.000003010 0.000000570 0.000001150 0.000000560 0.000001500 0.000001500 0.000001490 0.000000560 0.000000590 0.000003560 0.000002200 0.000002140 0.000001300 0.000000680 0.000000680 0.000000650 0.000001420 0.000004300 0.000004650 0.000004520 0.000001930 0.000001890 0.000001880 0.000002070 0.000002630 0.000002330 0.000003590 0.000000320 0.000005670 
21     0.000001650 0.000001480 0.000002630 0.000002320 0.000002530 0.000004330 0.000004400 0.000003600 0.000007950 0.000007900 0.000001670 0.000001600 0.000001430 0.000001200 0.000000000 0.000000280 0.000000580 0.000000270 0.000000370 0.000000270 0.000000330 0.000001370 0.000003950 0.000001510 0.000002090 0.000001500 0.000002440 0.000002440 0.000002430 0.000001500 0.000001530 0.000004500 0.000003140 0.000003080 0.000002240 0.000001620 0.000001620 0.000001590 0.000002360 0.000005240 0.000005590 0.000005460 0.000002870 0.000002830 0.000002820 0.000003010 0.000003570 0.000003270 0.000004530 0.000001260 0.000006610 
34     0.000001470 0.000001300 0.000002450 0.000002140 0.000002350 0.000004150 0.000004220 0.000003420 0.000007770 0.000007720 0.000001490 0.000001420 0.000001250 0.000001020 0.000000280 0.000000000 0.000000320 0.000000030 0.000000130 0.000000030 0.000000150 0.000001190 0.000003770 0.000001330 0.000001910 0.000001320 0.000002260 0.000002260 0.000002250 0.000001320 0.000001350 0.000004320 0.000002960 0.000002900 0.000002060 0.000001440 0.000001440 0.000001410 0.000002180 0.000005060 0.000005410 0.000005280 0.000002690 0.000002650 0.000002640 0.000002830 0.000003390 0.000003090 0.000004350 0.000001080 0.000006430 
12     0.000001770 0.000001600 0.000002750 0.000002440 0.000002650 0.000004450 0.000004520 0.000003720 0.000008070 0.000008020 0.000001790 0.000001720 0.000001550 0.000001320 0.000000580 0.000000320 0.000000000 0.000000330 0.000000430 0.000000330 0.000000450 0.000001490 0.000004070 0.000001630 0.000002210 0.000001620 0.000002560 0.000002560 0.000002550 0.000001620 0.000001650 0.000004620 0.000003260 0.000003200 0.000002360 0.000001740 0.000001740 0.000001710 0.000002480 0.000005360 0.000005710 0.000005580 0.000002990 0.000002950 0.000002940 0.000003130 0.000003690 0.000003390 0.000004650 0.000001380 0.000006730 
16     0.000001460 0.000001290 0.000002440 0.000002130 0.000002340 0.000004140 0.000004210 0.000003410 0.000007760 0.000007710 0.000001480 0.000001410 0.000001240 0.000001010 0.000000270 0.000000030 0.000000330 0.000000000 0.000000120 0.000000020 0.000000140 0.000001180 0.000003760 0.000001320 0.000001900 0.000001310 0.000002250 0.000002250 0.000002240 0.000001310 0.000001340 0.000004310 0.000002950 0.000002890 0.000002050 0.000001430 0.000001430 0.000001400 0.000002170 0.000005050 0.000005400 0.000005270 0.000002680 0.000002640 0.000002630 0.000002820 0.000003380 0.000003080 0.000004340 0.000001070 0.000006420 
45     0.000001560 0.000001390 0.000002540 0.000002230 0.000002440 0.000004240 0.000004310 0.000003510 0.000007830 0.000007810 0.000001580 0.000001510 0.000001340 0.000001110 0.000000370 0.000000130 0.000000430 0.000000120 0.000000000 0.000000100 0.000000240 0.000001280 0.000003860 0.000001420 0.000002000 0.000001410 0.000002350 0.000002350 0.000002340 0.000001410 0.000001440 0.000004410 0.000003050 0.000002990 0.000002150 0.000001530 0.000001530 0.000001500 0.000002270 0.000005150 0.000005500 0.000005370 0.000002780 0.000002740 0.000002730 0.000002920 0.000003480 0.000003180 0.000004440 0.000001170 0.000006520 
38     0.000001460 0.000001290 0.000002440 0.000002130 0.000002340 0.000004140 0.000004210 0.000003410 0.000007760 0.000007710 0.000001480 0.000001410 0.000001240 0.000001010 0.000000270 0.000000030 0.000000330 0.000000020 0.000000100 0.000000000 0.000000140 0.000001180 0.000003760 0.000001320 0.000001900 0.000001310 0.000002250 0.000002250 0.000002240 0.000001310 0.000001340 0.000004310 0.000002950 0.000002890 0.000002050 0.000001430 0.000001430 0.000001400 0.000002170 0.000005050 0.000005400 0.000005270 0.000002680 0.000002640 0.000002630 0.000002820 0.000003380 0.000003080 0.000004340 0.000001070 0.000006420 
49     0.000001480 0.000001310 0.000002460 0.000002150 0.000002360 0.000004160 0.000004230 0.000003430 0.000007780 0.000007730 0.000001500 0.000001430 0.000001260 0.000001030 0.000000330 0.000000150 0.000000450 0.000000140 0.000000240 0.000000140 0.000000000 0.000001200 0.000003780 0.000001340 0.000001920 0.000001330 0.000002270 0.000002270 0.000002260 0.000001330 0.000001360 0.000004330 0.000002970 0.000002910 0.000002070 0.000001450 0.000001450 0.000001420 0.000002190 0.000005070 0.000005420 0.000005290 0.000002700 0.000002660 0.000002650 0.000002840 0.000003400 0.000003100 0.000004360 0.000001090 0.000006440 
11     0.000000800 0.000000630 0.000001780 0.000001470 0.000001680 0.000003480 0.000003550 0.000002750 0.000007100 0.000007050 0.000000820 0.000000750 0.000000580 0.000000430 0.000001370 0.000001190 0.000001490 0.000001180 0.000001280 0.000001180 0.000001200 0.000000000 0.000003040 0.000000600 0.000001240 0.000000650 0.000001590 0.000001590 0.000001580 0.000000650 0.000000680 0.000003650 0.000002290 0.000002230 0.000001390 0.000000770 0.000000770 0.000000740 0.000001510 0.000004390 0.000004740 0.000004610 0.000002020 0.000001980 0.000001970 0.000002160 0.000002720 0.000002420 0.000003680 0.000000410 0.000005760 
13     0.000003380 0.000003210 0.000004360 0.000004050 0.000004260 0.000006060 0.000006130 0.000005330 0.000006940 0.000007400 0.000002990 0.000002660 0.000003160 0.000003010 0.000003950 0.000003770 0.000004070 0.000003760 0.000003860 0.000003760 0.000003780 0.000003040 0.000000000 0.000003040 0.000003820 0.000003230 0.000004170 0.000004170 0.000004160 0.000003230 0.000003260 0.000006230 0.000004870 0.000004810 0.000003970 0.000003350 0.000003350 0.000003320 0.000004090 0.000006970 0.000007320 0.000007190 0.000004600 0.000004560 0.000003840 0.000004740 0.000005300 0.000005000 0.000004070 0.000002990 0.000008340 
35     0.000000940 0.000000770 0.000001920 0.000001610 0.000001820 0.000003620 0.000003690 0.000002890 0.000007240 0.000007190 0.000000960 0.000000890 0.000000720 0.000000570 0.000001510 0.000001330 0.000001630 0.000001320 0.000001420 0.000001320 0.000001340 0.000000600 0.000003040 0.000000000 0.000001380 0.000000790 0.000001730 0.000001730 0.000001720 0.000000790 0.000000820 0.000003790 0.000002430 0.000002370 0.000001530 0.000000910 0.000000910 0.000000880 0.000001650 0.000004530 0.000004880 0.000004750 0.000002160 0.000002120 0.000002110 0.000002300 0.000002860 0.000002560 0.000003820 0.000000550 0.000005900 
40     0.000001500 0.000001330 0.000002480 0.000002170 0.000002380 0.000004180 0.000004250 0.000003450 0.000007180 0.000007640 0.000001520 0.000001450 0.000001280 0.000001150 0.000002090 0.000001910 0.000002210 0.000001900 0.000002000 0.000001900 0.000001920 0.000001240 0.000003820 0.000001380 0.000000000 0.000001350 0.000002290 0.000002290 0.000002280 0.000001350 0.000001380 0.000004350 0.000002990 0.000002930 0.000002090 0.000001470 0.000001470 0.000001440 0.000002210 0.000005090 0.000005440 0.000005310 0.000002720 0.000002680 0.000002670 0.000002860 0.000003420 0.000003120 0.000004310 0.000001110 0.000006460 
42     0.000000730 0.000000560 0.000001710 0.000001400 0.000001610 0.000003410 0.000003480 0.000002680 0.000007030 0.000006980 0.000000750 0.000000680 0.000000510 0.000000560 0.000001500 0.000001320 0.000001620 0.000001310 0.000001410 0.000001310 0.000001330 0.000000650 0.000003230 0.000000790 0.000001350 0.000000000 0.000000940 0.000000940 0.000000930 0.000000080 0.000000110 0.000003080 0.000001720 0.000001660 0.000000900 0.000000280 0.000000280 0.000000250 0.000001020 0.000004320 0.000004670 0.000004540 0.000001950 0.000001910 0.000001900 0.000002090 0.000002650 0.000002350 0.000003610 0.000000340 0.000005690 
23     0.000001670 0.000001500 0.000002650 0.000002340 0.000002550 0.000004350 0.000004420 0.000003620 0.000007970 0.000007920 0.000001690 0.000001620 0.000001450 0.000001500 0.000002440 0.000002260 0.000002560 0.000002250 0.000002350 0.000002250 0.000002270 0.000001590 0.000004170 0.000001730 0.000002290 0.000000940 0.000000000 0.000000000 0.000001870 0.000001020 0.000001050 0.000003870 0.000002660 0.000002600 0.000001840 0.000001220 0.000001220 0.000001190 0.000001960 0.000005260 0.000005610 0.000005480 0.000002890 0.000002850 0.000002840 0.000003030 0.000003590 0.000003290 0.000004550 0.000001280 0.000006630 
37     0.000001670 0.000001500 0.000002650 0.000002340 0.000002550 0.000004350 0.000004420 0.000003620 0.000007970 0.000007920 0.000001690 0.000001620 0.000001450 0.000001500 0.000002440 0.000002260 0.000002560 0.000002250 0.000002350 0.000002250 0.000002270 0.000001590 0.000004170 0.000001730 0.000002290 0.000000940 0.000000000 0.000000000 0.000001870 0.000001020 0.000001050 0.000004020 0.000002660 0.000002600 0.000001840 0.000001220 0.000001220 0.000001190 0.000001960 0.000005260 0.000005610 0.000005480 0.000002890 0.000002850 0.000002840 0.000003030 0.000003590 0.000003290 0.000004550 0.000001280 0.000006630 
33     0.000001660 0.000001490 0.000002640 0.000002330 0.000002540 0.000004340 0.000004410 0.000003610 0.000007960 0.000007910 0.000001680 0.000001610 0.000001440 0.000001490 0.000002430 0.000002250 0.000002550 0.000002240 0.000002340 0.000002240 0.000002260 0.000001580 0.000004160 0.000001720 0.000002280 0.000000930 0.000001870 0.000001870 0.000000000 0.000001010 0.000000740 0.000004010 0.000002650 0.000002590 0.000001830 0.000001210 0.000001210 0.000001180 0.000001950 0.000005250 0.000005600 0.000005470 0.000002880 0.000002840 0.000002830 0.000003020 0.000003580 0.000003280 0.000004540 0.000001270 0.000006620 
22     0.000000730 0.000000560 0.000001710 0.000001400 0.000001610 0.000003410 0.000003480 0.000002680 0.000007030 0.000006980 0.000000750 0.000000680 0.000000510 0.000000560 0.000001500 0.000001320 0.000001620 0.000001310 0.000001410 0.000001310 0.000001330 0.000000650 0.000003230 0.000000790 0.000001350 0.000000080 0.000001020 0.000001020 0.000001010 0.000000000 0.000000030 0.000003000 0.000001640 0.000001580 0.000000900 0.000000280 0.000000280 0.000000250 0.000001020 0.000004320 0.000004670 0.000004540 0.000001950 0.000001910 0.000001900 0.000002090 0.000002650 0.000002350 0.000003610 0.000000340 0.000005690 
46     0.000000760 0.000000590 0.000001740 0.000001430 0.000001640 0.000003440 0.000003510 0.000002710 0.000007060 0.000007010 0.000000780 0.000000710 0.000000540 0.000000590 0.000001530 0.000001350 0.000001650 0.000001340 0.000001440 0.000001340 0.000001360 0.000000680 0.000003260 0.000000820 0.000001380 0.000000110 0.000001050 0.000001050 0.000000740 0.000000030 0.000000000 0.000002800 0.000001670 0.000001610 0.000000930 0.000000310 0.000000310 0.000000280 0.000001050 0.000004350 0.000004700 0.000004570 0.000001980 0.000001940 0.000001930 0.000002120 0.000002680 0.000002380 0.000003640 0.000000370 0.000005720 
29     0.000003730 0.000003560 0.000004710 0.000004400 0.000004610 0.000006410 0.000006480 0.000005680 0.000010030 0.000009980 0.000003750 0.000003680 0.000003510 0.000003560 0.000004500 0.000004320 0.000004620 0.000004310 0.000004410 0.000004310 0.000004330 0.000003650 0.000006230 0.000003790 0.000004350 0.000003080 0.000003870 0.000004020 0.000004010 0.000003000 0.000002800 0.000000000 0.000000910 0.000000790 0.000003900 0.000003280 0.000003280 0.000003250 0.000004020 0.000007320 0.000007670 0.000007540 0.000004950 0.000004910 0.000004900 0.000005090 0.000005650 0.000005350 0.000006610 0.000003340 0.000008690 
48     0.000002370 0.000002200 0.000003350 0.000003040 0.000003250 0.000005050 0.000005120 0.000004320 0.000008670 0.000008620 0.000002390 0.000002320 0.000002150 0.000002200 0.000003140 0.000002960 0.000003260 0.000002950 0.000003050 0.000002950 0.000002970 0.000002290 0.000004870 0.000002430 0.000002990 0.000001720 0.000002660 0.000002660 0.000002650 0.000001640 0.000001670 0.000000910 0.000000000 0.000000400 0.000002540 0.000001920 0.000001920 0.000001890 0.000002660 0.000005960 0.000006310 0.000006180 0.000003590 0.000003550 0.000003540 0.000003730 0.000004290 0.000003990 0.000005250 0.000001980 0.000007330 
30     0.000002310 0.000002140 0.000003290 0.000002980 0.000003190 0.000004990 0.000005060 0.000004260 0.000008610 0.000008560 0.000002330 0.000002260 0.000002090 0.000002140 0.000003080 0.000002900 0.000003200 0.000002890 0.000002990 0.000002890 0.000002910 0.000002230 0.000004810 0.000002370 0.000002930 0.000001660 0.000002600 0.000002600 0.000002590 0.000001580 0.000001610 0.000000790 0.000000400 0.000000000 0.000002480 0.000001860 0.000001860 0.000001830 0.000002600 0.000005900 0.000006250 0.000006120 0.000003530 0.000003490 0.000003480 0.000003670 0.000004230 0.000003930 0.000005190 0.000001920 0.000007270 
24     0.000001470 0.000001300 0.000002450 0.000002140 0.000002350 0.000004150 0.000004220 0.000003420 0.000007770 0.000007720 0.000001490 0.000001420 0.000001250 0.000001300 0.000002240 0.000002060 0.000002360 0.000002050 0.000002150 0.000002050 0.000002070 0.000001390 0.000003970 0.000001530 0.000002090 0.000000900 0.000001840 0.000001840 0.000001830 0.000000900 0.000000930 0.000003900 0.000002540 0.000002480 0.000000000 0.000000840 0.000000840 0.000000810 0.000001540 0.000005060 0.000005410 0.000005280 0.000002690 0.000002650 0.000002640 0.000002830 0.000003390 0.000003090 0.000004350 0.000001080 0.000006430 
25     0.000000850 0.000000680 0.000001830 0.000001520 0.000001730 0.000003530 0.000003600 0.000002800 0.000007150 0.000007100 0.000000870 0.000000800 0.000000630 0.000000680 0.000001620 0.000001440 0.000001740 0.000001430 0.000001530 0.000001430 0.000001450 0.000000770 0.000003350 0.000000910 0.000001470 0.000000280 0.000001220 0.000001220 0.000001210 0.000000280 0.000000310 0.000003280 0.000001920 0.000001860 0.000000840 0.000000000 0.000000000 0.000000070 0.000000960 0.000004440 0.000004790 0.000004660 0.000002070 0.000002030 0.000002020 0.000002210 0.000002770 0.000002470 0.000003730 0.000000460 0.000005810 
28     0.000000850 0.000000680 0.000001830 0.000001520 0.000001730 0.000003530 0.000003600 0.000002800 0.000007150 0.000007100 0.000000870 0.000000800 0.000000630 0.000000680 0.000001620 0.000001440 0.000001740 0.000001430 0.000001530 0.000001430 0.000001450 0.000000770 0.000003350 0.000000910 0.000001470 0.000000280 0.000001220 0.000001220 0.000001210 0.000000280 0.000000310 0.000003280 0.000001920 0.000001860 0.000000840 0.000000000 0.000000000 0.000000070 0.000000960 0.000004440 0.000004790 0.000004660 0.000002070 0.000002030 0.000002020 0.000002210 0.000002770 0.000002470 0.000003730 0.000000460 0.000005810 
27     0.000000820 0.000000650 0.000001800 0.000001490 0.000001700 0.000003500 0.000003570 0.000002770 0.000007120 0.000007070 0.000000840 0.000000770 0.000000600 0.000000650 0.000001590 0.000001410 0.000001710 0.000001400 0.000001500 0.000001400 0.000001420 0.000000740 0.000003320 0.000000880 0.000001440 0.000000250 0.000001190 0.000001190 0.000001180 0.000000250 0.000000280 0.000003250 0.000001890 0.000001830 0.000000810 0.000000070 0.000000070 0.000000000 0.000000930 0.000004410 0.000004760 0.000004630 0.000002040 0.000002000 0.000001990 0.000002180 0.000002740 0.000002440 0.000003700 0.000000430 0.000005780 
19     0.000001590 0.000001420 0.000002570 0.000002260 0.000002470 0.000004270 0.000004340 0.000003540 0.000007890 0.000007840 0.000001610 0.000001540 0.000001370 0.000001420 0.000002360 0.000002180 0.000002480 0.000002170 0.000002270 0.000002170 0.000002190 0.000001510 0.000004090 0.000001650 0.000002210 0.000001020 0.000001960 0.000001960 0.000001950 0.000001020 0.000001050 0.000004020 0.000002660 0.000002600 0.000001540 0.000000960 0.000000960 0.000000930 0.000000000 0.000005180 0.000005530 0.000005400 0.000002810 0.000002770 0.000002760 0.000002950 0.000003510 0.000003210 0.000004470 0.000001200 0.000006550 
43     0.000004410 0.000004240 0.000005390 0.000005080 0.000005290 0.000007090 0.000007160 0.000006360 0.000010710 0.000010660 0.000004490 0.000004420 0.000004250 0.000004300 0.000005240 0.000005060 0.000005360 0.000005050 0.000005150 0.000005050 0.000005070 0.000004390 0.000006970 0.000004530 0.000005090 0.000004320 0.000005260 0.000005260 0.000005250 0.000004320 0.000004350 0.000007320 0.000005960 0.000005900 0.000005060 0.000004440 0.000004440 0.000004410 0.000005180 0.000000000 0.000000410 0.000000280 0.000002990 0.000002950 0.000002940 0.000003130 0.000003690 0.000003390 0.000004810 0.000004020 0.000009370 
18     0.000004760 0.000004590 0.000005740 0.000005430 0.000005640 0.000007440 0.000007510 0.000006710 0.000011060 0.000011010 0.000004840 0.000004770 0.000004600 0.000004650 0.000005590 0.000005410 0.000005710 0.000005400 0.000005500 0.000005400 0.000005420 0.000004740 0.000007320 0.000004880 0.000005440 0.000004670 0.000005610 0.000005610 0.000005600 0.000004670 0.000004700 0.000007670 0.000006310 0.000006250 0.000005410 0.000004790 0.000004790 0.000004760 0.000005530 0.000000410 0.000000000 0.000000470 0.000003340 0.000003300 0.000003290 0.000003480 0.000004040 0.000003740 0.000005160 0.000004370 0.000009720 
47     0.000004630 0.000004460 0.000005610 0.000005300 0.000005510 0.000007310 0.000007380 0.000006580 0.000010930 0.000010880 0.000004710 0.000004640 0.000004470 0.000004520 0.000005460 0.000005280 0.000005580 0.000005270 0.000005370 0.000005270 0.000005290 0.000004610 0.000007190 0.000004750 0.000005310 0.000004540 0.000005480 0.000005480 0.000005470 0.000004540 0.000004570 0.000007540 0.000006180 0.000006120 0.000005280 0.000004660 0.000004660 0.000004630 0.000005400 0.000000280 0.000000470 0.000000000 0.000003210 0.000003170 0.000003160 0.000003350 0.000003910 0.000003610 0.000005030 0.000004240 0.000009590 
41     0.000002040 0.000001870 0.000003020 0.000002710 0.000002920 0.000004720 0.000004790 0.000003990 0.000008340 0.000008290 0.000002120 0.000002050 0.000001880 0.000001930 0.000002870 0.000002690 0.000002990 0.000002680 0.000002780 0.000002680 0.000002700 0.000002020 0.000004600 0.000002160 0.000002720 0.000001950 0.000002890 0.000002890 0.000002880 0.000001950 0.000001980 0.000004950 0.000003590 0.000003530 0.000002690 0.000002070 0.000002070 0.000002040 0.000002810 0.000002990 0.000003340 0.000003210 0.000000000 0.000000040 0.000000550 0.000000740 0.000001300 0.000001000 0.000002440 0.000001650 0.000007000 
36     0.000002000 0.000001830 0.000002980 0.000002670 0.000002880 0.000004680 0.000004750 0.000003950 0.000008300 0.000008250 0.000002080 0.000002010 0.000001840 0.000001890 0.000002830 0.000002650 0.000002950 0.000002640 0.000002740 0.000002640 0.000002660 0.000001980 0.000004560 0.000002120 0.000002680 0.000001910 0.000002850 0.000002850 0.000002840 0.000001910 0.000001940 0.000004910 0.000003550 0.000003490 0.000002650 0.000002030 0.000002030 0.000002000 0.000002770 0.000002950 0.000003300 0.000003170 0.000000040 0.000000000 0.000000510 0.000000700 0.000001260 0.000000960 0.000002400 0.000001610 0.000006960 
31     0.000001990 0.000001820 0.000002970 0.000002660 0.000002870 0.000004670 0.000004740 0.000003940 0.000006460 0.000006920 0.000002070 0.000002000 0.000001830 0.000001880 0.000002820 0.000002640 0.000002940 0.000002630 0.000002730 0.000002630 0.000002650 0.000001970 0.000003840 0.000002110 0.000002670 0.000001900 0.000002840 0.000002840 0.000002830 0.000001900 0.000001930 0.000004900 0.000003540 0.000003480 0.000002640 0.000002020 0.000002020 0.000001990 0.000002760 0.000002940 0.000003290 0.000003160 0.000000550 0.000000510 0.000000000 0.000000270 0.000000830 0.000000530 0.000002390 0.000001600 0.000006950 
39     0.000002180 0.000002010 0.000003160 0.000002850 0.000003060 0.000004860 0.000004930 0.000004130 0.000008480 0.000008430 0.000002260 0.000002190 0.000002020 0.000002070 0.000003010 0.000002830 0.000003130 0.000002820 0.000002920 0.000002820 0.000002840 0.000002160 0.000004740 0.000002300 0.000002860 0.000002090 0.000003030 0.000003030 0.000003020 0.000002090 0.000002120 0.000005090 0.000003730 0.000003670 0.000002830 0.000002210 0.000002210 0.000002180 0.000002950 0.000003130 0.000003480 0.000003350 0.000000740 0.000000700 0.000000270 0.000000000 0.000000760 0.000000460 0.000002580 0.000001790 0.000007140 
14     0.000002740 0.000002570 0.000003720 0.000003410 0.000003620 0.000005420 0.000005490 0.000004690 0.000008190 0.000008650 0.000002820 0.000002750 0.000002580 0.000002630 0.000003570 0.000003390 0.000003690 0.000003380 0.000003480 0.000003380 0.000003400 0.000002720 0.000005300 0.000002860 0.000003420 0.000002650 0.000003590 0.000003590 0.000003580 0.000002650 0.000002680 0.000005650 0.000004290 0.000004230 0.000003390 0.000002770 0.000002770 0.000002740 0.000003510 0.000003690 0.000004040 0.000003910 0.000001300 0.000001260 0.000000830 0.000000760 0.000000000 0.000000960 0.000003140 0.000002350 0.000007700 
26     0.000002440 0.000002270 0.000003420 0.000003110 0.000003320 0.000005120 0.000005190 0.000004390 0.000008740 0.000008690 0.000002520 0.000002450 0.000002280 0.000002330 0.000003270 0.000003090 0.000003390 0.000003080 0.000003180 0.000003080 0.000003100 0.000002420 0.000005000 0.000002560 0.000003120 0.000002350 0.000003290 0.000003290 0.000003280 0.000002350 0.000002380 0.000005350 0.000003990 0.000003930 0.000003090 0.000002470 0.000002470 0.000002440 0.000003210 0.000003390 0.000003740 0.000003610 0.000001000 0.000000960 0.000000530 0.000000460 0.000000960 0.000000000 0.000002840 0.000002050 0.000007400 
17     0.000003620 0.000003530 0.000004680 0.000004370 0.000004580 0.000006380 0.000006450 0.000005650 0.000006690 0.000007150 0.000003360 0.000003030 0.000003540 0.000003590 0.000004530 0.000004350 0.000004650 0.000004340 0.000004440 0.000004340 0.000004360 0.000003680 0.000004070 0.000003820 0.000004310 0.000003610 0.000004550 0.000004550 0.000004540 0.000003610 0.000003640 0.000006610 0.000005250 0.000005190 0.000004350 0.000003730 0.000003730 0.000003700 0.000004470 0.000004810 0.000005160 0.000005030 0.000002440 0.000002400 0.000002390 0.000002580 0.000003140 0.000002840 0.000000000 0.000003310 0.000008660 
32     0.000000430 0.000000260 0.000001410 0.000001100 0.000001310 0.000003110 0.000003180 0.000002380 0.000006730 0.000006680 0.000000510 0.000000440 0.000000270 0.000000320 0.000001260 0.000001080 0.000001380 0.000001070 0.000001170 0.000001070 0.000001090 0.000000410 0.000002990 0.000000550 0.000001110 0.000000340 0.000001280 0.000001280 0.000001270 0.000000340 0.000000370 0.000003340 0.000001980 0.000001920 0.000001080 0.000000460 0.000000460 0.000000430 0.000001200 0.000004020 0.000004370 0.000004240 0.000001650 0.000001610 0.000001600 0.000001790 0.000002350 0.000002050 0.000003310 0.000000000 0.000005390 
0     0.000005780 0.000005610 0.000006760 0.000006450 0.000006660 0.000008460 0.000008530 0.000007730 0.000012080 0.000012030 0.000005860 0.000005790 0.000005620 0.000005670 0.000006610 0.000006430 0.000006730 0.000006420 0.000006520 0.000006420 0.000006440 0.000005760 0.000008340 0.000005900 0.000006460 0.000005690 0.000006630 0.000006630 0.000006620 0.000005690 0.000005720 0.000008690 0.000007330 0.000007270 0.000006430 0.000005810 0.000005810 0.000005780 0.000006550 0.000009370 0.000009720 0.000009590 0.000007000 0.000006960 0.000006950 0.000007140 0.000007700 0.000007400 0.000008660 0.000005390 0.000000000 
