51
3     0.000000000 0.029655695 0.215254197 0.189706509 0.190432445 0.234329496 0.237014411 0.220720911 0.238489871 0.246112602 0.259055305 0.272073258 0.242832530 0.279517717 0.286028663 0.269518380 0.261247710 0.279698012 0.283678852 0.284518468 0.259373471 0.238532368 0.238337031 0.314913902 0.214006240 0.269349687 0.262314097 0.263977780 0.263420565 0.296139006 0.267761781 0.257742600 0.263721100 0.259616937 0.251592367 0.275162636 0.274061716 0.275154585 0.292523557 0.269613638 0.270107737 0.289940416 0.240470514 0.266654585 0.272323074 0.264840743 0.256558288 0.250582912 0.394125634 0.301226717 0.518809750 
5     0.029655695 0.000000000 0.213910439 0.188362752 0.189088687 0.232985739 0.235670654 0.219377153 0.237146114 0.244768844 0.257711547 0.270729500 0.241488772 0.278173959 0.284684905 0.268174622 0.259903953 0.278354254 0.282335094 0.283174711 0.258029713 0.237188611 0.236993274 0.313570145 0.212662482 0.268005929 0.260970339 0.262634023 0.262076807 0.294795248 0.266418023 0.256398843 0.262377343 0.258273180 0.250248610 0.273818879 0.272717959 0.273810828 0.291179800 0.268269881 0.268763980 0.288596659 0.239126756 0.265310828 0.270979316 0.263496985 0.255214530 0.249239155 0.392781877 0.299882960 0.517465992 
9     0.215254197 0.213910439 0.000000000 0.104629485 0.104695502 0.235187418 0.237763377 0.221658908 0.269110586 0.276733317 0.298746042 0.311763996 0.282523267 0.319146934 0.325657880 0.309147597 0.300876927 0.319327229 0.323308069 0.324147686 0.299002688 0.278275434 0.277997815 0.354542582 0.253662546 0.308973714 0.301938123 0.303601807 0.303025066 0.335736030 0.307353703 0.297335552 0.303314052 0.299209889 0.291283865 0.314854134 0.313753214 0.314846083 0.332215055 0.308935391 0.309429491 0.329262169 0.279801477 0.305985549 0.311652942 0.304170611 0.295873739 0.289898364 0.433263581 0.340822634 0.558581113 
4     0.189706509 0.188362752 0.104629485 0.000000000 0.050384487 0.210076136 0.212652095 0.196547627 0.243691415 0.251314146 0.270784681 0.283802634 0.254561906 0.291185572 0.297696519 0.281186236 0.272915566 0.291365867 0.295346708 0.296186324 0.271041326 0.250314072 0.250036454 0.326581221 0.225701185 0.280711604 0.273630459 0.275294143 0.274985916 0.307602724 0.279220397 0.269202246 0.275180746 0.271076583 0.263093627 0.286373247 0.285272327 0.286353994 0.304001609 0.279941618 0.280435718 0.300268396 0.250665218 0.276849290 0.282250690 0.273808769 0.265961684 0.259986308 0.405338717 0.312900036 0.532838571 
8     0.190432445 0.189088687 0.104695502 0.050384487 0.000000000 0.210568910 0.213144868 0.197040400 0.244418818 0.252041548 0.273122733 0.286140686 0.256899958 0.293523624 0.300034571 0.283524288 0.275253618 0.293703919 0.297684760 0.298524376 0.273379379 0.252652125 0.252374506 0.328919273 0.228039237 0.282946536 0.275865391 0.277529075 0.276747507 0.309940453 0.281455329 0.271437178 0.277415679 0.273311516 0.265490000 0.289060269 0.287959349 0.289052218 0.306421190 0.283332526 0.283826625 0.303659304 0.254198612 0.280382683 0.286050076 0.278567745 0.270275723 0.264300348 0.407660715 0.315476126 0.533565505 
1     0.234329496 0.232985739 0.235187418 0.210076136 0.210568910 0.000000000 0.049123345 0.088089174 0.287209810 0.294832541 0.317319179 0.330337132 0.301096404 0.337890442 0.344401388 0.327891105 0.319620435 0.338070737 0.342051577 0.342891193 0.317746196 0.296932492 0.296665534 0.373210300 0.272205922 0.327602586 0.320566996 0.322230679 0.321661236 0.354364902 0.325982575 0.315964424 0.321942924 0.317838761 0.309821605 0.333391874 0.332290954 0.333383823 0.350752795 0.327546472 0.328040571 0.347873250 0.298319404 0.324503475 0.330170868 0.322688537 0.314402294 0.308426918 0.452074950 0.359361694 0.576496058 
7     0.237014411 0.235670654 0.237763377 0.212652095 0.213144868 0.049123345 0.000000000 0.089911367 0.289828163 0.297450894 0.320008169 0.333026122 0.303785394 0.340579432 0.347090378 0.330580095 0.322309425 0.340759727 0.344740567 0.345580184 0.320435186 0.299621482 0.299354524 0.375899290 0.274894912 0.330291576 0.323255986 0.324919669 0.324350226 0.357053892 0.328671565 0.318653414 0.324631914 0.320527751 0.312510595 0.336080864 0.334979944 0.336072813 0.353441785 0.330235462 0.330729561 0.350562240 0.301008394 0.327192465 0.332859858 0.325377527 0.317091284 0.311115908 0.454763940 0.362050684 0.579185048 
2     0.220720911 0.219377153 0.221658908 0.196547627 0.197040400 0.088089174 0.089911367 0.000000000 0.273510881 0.281133611 0.303682905 0.316700858 0.287460130 0.324254168 0.330765114 0.314254831 0.305984161 0.324434463 0.328415303 0.329254920 0.304109922 0.283296218 0.283029260 0.359574026 0.258569648 0.313966312 0.306930722 0.308594405 0.308024962 0.340728628 0.312346301 0.302328150 0.308306650 0.304202487 0.296185331 0.319755600 0.318654680 0.319747549 0.337116521 0.313861880 0.314355979 0.334188658 0.284592845 0.310688481 0.316455136 0.308972806 0.300686562 0.294711187 0.438415824 0.345721067 0.562859784 
10     0.238489871 0.237146114 0.269110586 0.243691415 0.244418818 0.287209810 0.289828163 0.273510881 0.000000000 0.046664388 0.321040585 0.334058538 0.304817810 0.341493321 0.348004268 0.331493985 0.323223315 0.341673616 0.345654457 0.346494073 0.321349076 0.300511328 0.300302360 0.376879231 0.275876620 0.331322244 0.324286653 0.325950337 0.325388212 0.358116664 0.329734337 0.319716186 0.325694686 0.321590523 0.313634266 0.337204536 0.336103615 0.337196485 0.354565456 0.331658330 0.332152430 0.351985108 0.302438490 0.328622561 0.334289954 0.326808240 0.318525785 0.312550410 0.456090978 0.363133145 0.581240814 
6     0.246112602 0.244768844 0.276733317 0.251314146 0.252041548 0.294832541 0.297450894 0.281133611 0.046664388 0.000000000 0.328663316 0.341681269 0.312440541 0.349116052 0.355626998 0.339116715 0.330846046 0.349296347 0.353277187 0.354116804 0.328971806 0.308134058 0.307925091 0.384501962 0.283499350 0.338944974 0.331909384 0.333573067 0.333010942 0.365739395 0.337357068 0.327338917 0.333317417 0.329213254 0.321256997 0.344827266 0.343726346 0.344819215 0.362188187 0.339281061 0.339775160 0.359607839 0.310061220 0.336245292 0.341912685 0.334430971 0.326148516 0.320173141 0.463713708 0.370755875 0.588863545 
15     0.259055305 0.257711547 0.298746042 0.270784681 0.273122733 0.317319179 0.320008169 0.303682905 0.321040585 0.328663316 0.000000000 0.142274512 0.112437429 0.253759660 0.260147358 0.243668312 0.235448844 0.253854173 0.257836982 0.258674495 0.233491824 0.214032386 0.213013581 0.289082033 0.192021322 0.253857089 0.246725638 0.248389321 0.247900170 0.280901779 0.252492498 0.242603623 0.248582123 0.244497644 0.236328271 0.259883156 0.258782236 0.259875105 0.277244077 0.271134398 0.271628497 0.291464435 0.243031144 0.269291614 0.274903591 0.267396115 0.259119573 0.253144197 0.396515449 0.305924443 0.539355646 
20     0.272073258 0.270729500 0.311763996 0.283802634 0.286140686 0.330337132 0.333026122 0.316700858 0.334058538 0.341681269 0.142274512 0.000000000 0.112691656 0.266760010 0.273147708 0.256668661 0.248449193 0.266859472 0.270837331 0.271674844 0.246492174 0.226960983 0.225982328 0.302059804 0.204993060 0.266773861 0.259653118 0.261316802 0.260859728 0.293835690 0.265426409 0.255540542 0.261519042 0.257434563 0.249272041 0.272826926 0.271726006 0.272818875 0.290187847 0.284137998 0.284632097 0.304468036 0.256056834 0.282317304 0.287929281 0.280421806 0.272145263 0.266169888 0.409519939 0.318934195 0.552373537 
44     0.242832530 0.241488772 0.282523267 0.254561906 0.256899958 0.301096404 0.303785394 0.287460130 0.304817810 0.312440541 0.112437429 0.112691656 0.000000000 0.237566932 0.243954630 0.227475583 0.219256115 0.237666394 0.241644253 0.242481767 0.217299096 0.197778701 0.196807945 0.272880995 0.175764009 0.237568434 0.230436983 0.232100666 0.231640399 0.264613124 0.236203843 0.226314968 0.232293468 0.228208989 0.220040296 0.243595182 0.242494261 0.243587131 0.260956102 0.254897270 0.255391369 0.275227307 0.226816106 0.253076576 0.258688553 0.251181077 0.242904535 0.236929159 0.380279211 0.289693467 0.523132809 
50     0.279517717 0.278173959 0.319146934 0.291185572 0.293523624 0.337890442 0.340579432 0.324254168 0.341493321 0.349116052 0.253759660 0.266760010 0.237566932 0.000000000 0.145132324 0.127559386 0.119551338 0.136240533 0.140727676 0.141057139 0.115502634 0.215284705 0.214777443 0.291731236 0.213173377 0.274707988 0.267593222 0.269256906 0.268693708 0.301794448 0.273380021 0.263466226 0.269444726 0.265360248 0.257153011 0.280703545 0.279602625 0.280685519 0.298059127 0.291582660 0.292076759 0.311912603 0.263698731 0.289948001 0.295559978 0.288027366 0.279776689 0.273801313 0.417061465 0.326394186 0.559772906 
21     0.286028663 0.284684905 0.325657880 0.297696519 0.300034571 0.344401388 0.347090378 0.330765114 0.348004268 0.355626998 0.260147358 0.273147708 0.243954630 0.145132324 0.000000000 0.113540074 0.104163051 0.123890908 0.127952402 0.129038060 0.114895437 0.222149770 0.221577359 0.298609737 0.219531727 0.281194865 0.274080098 0.275743782 0.275180584 0.308281325 0.279866898 0.269953103 0.275931603 0.271847124 0.263644002 0.287198887 0.286097967 0.287180861 0.304559808 0.298080968 0.298575067 0.318410911 0.270199667 0.296448938 0.302060914 0.294527475 0.286277625 0.280302250 0.423557107 0.332892110 0.566278314 
34     0.269518380 0.268174622 0.309147597 0.281186236 0.283524288 0.327891105 0.330580095 0.314254831 0.331493985 0.339116715 0.243668312 0.256668661 0.227475583 0.127559386 0.113540074 0.000000000 0.049357535 0.101481727 0.103610901 0.104369153 0.097149131 0.205779421 0.204963911 0.281977148 0.203187342 0.264688730 0.257573964 0.259237648 0.258674449 0.291775190 0.263360763 0.253446968 0.259425468 0.255340990 0.247137867 0.270692752 0.269591832 0.270674726 0.288053673 0.281570685 0.282064784 0.301900628 0.253689384 0.279938655 0.285550631 0.278016839 0.269767342 0.263791967 0.407046824 0.316382173 0.549768031 
12     0.261247710 0.259903953 0.300876927 0.272915566 0.275253618 0.319620435 0.322309425 0.305984161 0.323223315 0.330846046 0.235448844 0.248449193 0.219256115 0.119551338 0.104163051 0.049357535 0.000000000 0.093315102 0.095922505 0.096428741 0.087987765 0.197605545 0.196754293 0.273766707 0.194925005 0.256430080 0.249315314 0.250978997 0.250415799 0.283516540 0.255102113 0.245188318 0.251166818 0.247082339 0.238879217 0.262434102 0.261333182 0.262416076 0.279795023 0.273300015 0.273794114 0.293629958 0.245418714 0.271667985 0.277279961 0.269745745 0.261496672 0.255521297 0.398776154 0.308111503 0.541497361 
16     0.279698012 0.278354254 0.319327229 0.291365867 0.293703919 0.338070737 0.340759727 0.324434463 0.341673616 0.349296347 0.253854173 0.266859472 0.237666394 0.136240533 0.123890908 0.101481727 0.093315102 0.000000000 0.064868227 0.068385699 0.105589551 0.215809780 0.215308112 0.292283144 0.213195459 0.274867332 0.267752566 0.269416250 0.268853052 0.301955292 0.273539365 0.263625570 0.269604070 0.265519592 0.257317970 0.280872855 0.279771935 0.280854828 0.298233776 0.291750456 0.292244556 0.312080400 0.263869156 0.290118426 0.295730403 0.288196611 0.279947114 0.273971738 0.417228032 0.326561945 0.559947673 
45     0.283678852 0.282335094 0.323308069 0.295346708 0.297684760 0.342051577 0.344740567 0.328415303 0.345654457 0.353277187 0.257836982 0.270837331 0.241644253 0.140727676 0.127952402 0.103610901 0.095922505 0.064868227 0.000000000 0.055021234 0.109189076 0.219759551 0.219278745 0.296252994 0.217229968 0.278849290 0.271734524 0.273398208 0.272835010 0.305937250 0.277521323 0.267607528 0.273586028 0.269501550 0.261299927 0.284854813 0.283753892 0.284836786 0.302215733 0.295731297 0.296225396 0.316061240 0.267849996 0.294099267 0.299711243 0.292177451 0.283927954 0.277952579 0.421208873 0.330542785 0.563928514 
38     0.284518468 0.283174711 0.324147686 0.296186324 0.298524376 0.342891193 0.345580184 0.329254920 0.346494073 0.354116804 0.258674495 0.271674844 0.242481767 0.141057139 0.129038060 0.104369153 0.096428741 0.068385699 0.055021234 0.000000000 0.109230304 0.220595466 0.220118361 0.297092611 0.218069585 0.279688907 0.272574141 0.274237824 0.273674626 0.306776867 0.278360940 0.268447145 0.274425645 0.270341166 0.262139544 0.285694429 0.284593509 0.285676403 0.303055350 0.296570913 0.297065013 0.316900856 0.268689613 0.294938883 0.300550860 0.293017068 0.284767570 0.278792195 0.422048489 0.331382402 0.564768130 
49     0.259373471 0.258029713 0.299002688 0.271041326 0.273379379 0.317746196 0.320435186 0.304109922 0.321349076 0.328971806 0.233491824 0.246492174 0.217299096 0.115502634 0.114895437 0.097149131 0.087987765 0.105589551 0.109189076 0.109230304 0.000000000 0.195506603 0.194984727 0.272019040 0.192874659 0.254546209 0.247431443 0.249095127 0.248531929 0.281632669 0.253218242 0.243304447 0.249282948 0.245198469 0.236995324 0.260550209 0.259449289 0.260532183 0.277911130 0.271422517 0.271916616 0.291752460 0.243534666 0.269784222 0.275397300 0.267863875 0.259614010 0.253638635 0.396898656 0.306234741 0.539625770 
11     0.238532368 0.237188611 0.278275434 0.250314072 0.252652125 0.296932492 0.299621482 0.283296218 0.300511328 0.308134058 0.214032386 0.226960983 0.197778701 0.215284705 0.222149770 0.205779421 0.197605545 0.215809780 0.219759551 0.220595466 0.195506603 0.000000000 0.165177008 0.242776500 0.172964072 0.232922861 0.225806869 0.227470553 0.226893541 0.259983317 0.231578044 0.221664249 0.227642749 0.223558270 0.214936290 0.238551730 0.237450809 0.238527582 0.255877487 0.251523310 0.252017410 0.271853348 0.223736964 0.249986234 0.255595601 0.248089176 0.239812633 0.233837258 0.377010170 0.286487964 0.519076709 
13     0.238337031 0.236993274 0.277997815 0.250036454 0.252374506 0.296665534 0.299354524 0.283029260 0.300302360 0.307925091 0.213013581 0.225982328 0.196807945 0.214777443 0.221577359 0.204963911 0.196754293 0.215308112 0.219278745 0.220118361 0.194984727 0.165177008 0.000000000 0.219809731 0.172814477 0.233220639 0.226105873 0.227769557 0.227192607 0.260265689 0.231884723 0.221938753 0.227917253 0.223832775 0.215615877 0.239170762 0.238069842 0.239029647 0.256531683 0.250756932 0.251251031 0.271084198 0.222943740 0.249204210 0.254813577 0.247303892 0.239030609 0.233055234 0.376095546 0.285675279 0.518751120 
35     0.314913902 0.313570145 0.354542582 0.326581221 0.328919273 0.373210300 0.375899290 0.359574026 0.376879231 0.384501962 0.289082033 0.302059804 0.272880995 0.291731236 0.298609737 0.281977148 0.273766707 0.292283144 0.296252994 0.297092611 0.272019040 0.242776500 0.219809731 0.000000000 0.248412729 0.309320564 0.302207743 0.303871427 0.303294076 0.336308538 0.307889638 0.297973897 0.303952397 0.299867918 0.291557064 0.315124019 0.314023099 0.315099872 0.332484940 0.327247405 0.327741504 0.347577442 0.299450654 0.325699924 0.331309291 0.323799606 0.315526324 0.309550949 0.452633263 0.362312782 0.595149713 
40     0.214006240 0.212662482 0.253662546 0.225701185 0.228039237 0.272205922 0.274894912 0.258569648 0.275876620 0.283499350 0.192021322 0.204993060 0.175764009 0.213173377 0.219531727 0.203187342 0.194925005 0.213195459 0.217229968 0.218069585 0.192874659 0.172964072 0.172814477 0.248412729 0.000000000 0.209293174 0.202296719 0.203960403 0.203408414 0.236628982 0.208359559 0.198311879 0.204290379 0.200205901 0.191905061 0.215459946 0.214359026 0.215451895 0.232820867 0.226566526 0.227060625 0.246903146 0.198141789 0.224391059 0.230052530 0.222567702 0.214291160 0.208315784 0.351687869 0.261657867 0.494654902 
42     0.269349687 0.268005929 0.308973714 0.280711604 0.282946536 0.327602586 0.330291576 0.313966312 0.331322244 0.338944974 0.253857089 0.266773861 0.237568434 0.274707988 0.281194865 0.264688730 0.256430080 0.274867332 0.278849290 0.279688907 0.254546209 0.232922861 0.233220639 0.309320564 0.209293174 0.000000000 0.131961619 0.133474515 0.170374851 0.217348954 0.189251595 0.178469056 0.184415044 0.180360975 0.204538855 0.227872307 0.226771387 0.227870686 0.245286289 0.280818733 0.281312832 0.301148063 0.252060978 0.278988536 0.284597903 0.277096533 0.268817856 0.262842481 0.406164185 0.315715992 0.548633716 
23     0.262314097 0.260970339 0.301938123 0.273630459 0.275865391 0.320566996 0.323255986 0.306930722 0.324286653 0.331909384 0.246725638 0.259653118 0.230436983 0.267593222 0.274080098 0.257573964 0.249315314 0.267752566 0.271734524 0.272574141 0.247431443 0.225806869 0.226105873 0.302207743 0.202296719 0.131961619 0.000000000 0.029422269 0.162754445 0.210212831 0.181814771 0.171489565 0.177435553 0.173381484 0.197293363 0.220626391 0.219525471 0.220624770 0.238040373 0.273713362 0.274207461 0.294042692 0.244850786 0.271883165 0.277492532 0.269991162 0.261712485 0.255737110 0.399058814 0.308610621 0.541579823 
37     0.263977780 0.262634023 0.303601807 0.275294143 0.277529075 0.322230679 0.324919669 0.308594405 0.325950337 0.333573067 0.248389321 0.261316802 0.232100666 0.269256906 0.275743782 0.259237648 0.250978997 0.269416250 0.273398208 0.274237824 0.249095127 0.227470553 0.227769557 0.303871427 0.203960403 0.133474515 0.029422269 0.000000000 0.164603083 0.211993776 0.183598519 0.173273313 0.179219301 0.175165232 0.198960197 0.222293225 0.221192305 0.222291603 0.239707207 0.275377045 0.275871145 0.295706375 0.246514470 0.273546849 0.279156215 0.271654846 0.263376169 0.257400793 0.400722498 0.310274305 0.543243506 
33     0.263420565 0.262076807 0.303025066 0.274985916 0.276747507 0.321661236 0.324350226 0.308024962 0.325388212 0.333010942 0.247900170 0.260859728 0.231640399 0.268693708 0.275180584 0.258674449 0.250415799 0.268853052 0.272835010 0.273674626 0.248531929 0.226893541 0.227192607 0.303294076 0.203408414 0.170374851 0.162754445 0.164603083 0.000000000 0.210674483 0.182216603 0.171751854 0.177697842 0.173640333 0.199670287 0.223001754 0.221900834 0.223000133 0.240415736 0.274782691 0.275276790 0.295112021 0.246123474 0.272962177 0.278571544 0.271070174 0.262791497 0.256816122 0.400126967 0.309678443 0.542700188 
22     0.296139006 0.294795248 0.335736030 0.307602724 0.309940453 0.354364902 0.357053892 0.340728628 0.358116664 0.365739395 0.280901779 0.293835690 0.264613124 0.301794448 0.308281325 0.291775190 0.283516540 0.301955292 0.305937250 0.306776867 0.281632669 0.259983317 0.260265689 0.336308538 0.236628982 0.217348954 0.210212831 0.211993776 0.210674483 0.000000000 0.195801722 0.185563907 0.191471934 0.187431700 0.232141304 0.255474332 0.254373412 0.255472710 0.272836147 0.307793345 0.308287444 0.328122675 0.279613130 0.305952245 0.311561612 0.304060242 0.295781565 0.289806190 0.432971133 0.342723369 0.575524650 
46     0.267761781 0.266418023 0.307353703 0.279220397 0.281455329 0.325982575 0.328671565 0.312346301 0.329734337 0.337357068 0.252492498 0.265426409 0.236203843 0.273380021 0.279866898 0.263360763 0.255102113 0.273539365 0.277521323 0.278360940 0.253218242 0.231578044 0.231884723 0.307889638 0.208359559 0.189251595 0.181814771 0.183598519 0.182216603 0.195801722 0.000000000 0.143420560 0.149322783 0.145318982 0.204068881 0.227387814 0.226286894 0.227386193 0.244749629 0.279349389 0.279843488 0.299678719 0.251156332 0.277493490 0.283102857 0.275600426 0.267322412 0.261347037 0.404671099 0.314275627 0.547145668 
29     0.257742600 0.256398843 0.297335552 0.269202246 0.271437178 0.315964424 0.318653414 0.302328150 0.319716186 0.327338917 0.242603623 0.255540542 0.226314968 0.263466226 0.269953103 0.253446968 0.245188318 0.263625570 0.267607528 0.268447145 0.243304447 0.221664249 0.221938753 0.297973897 0.198311879 0.178469056 0.171489565 0.173273313 0.171751854 0.185563907 0.143420560 0.000000000 0.035256600 0.040055051 0.194141829 0.217461937 0.216361016 0.217460315 0.234823751 0.269411824 0.269905923 0.289741154 0.241182834 0.267577130 0.273186497 0.265685127 0.257406450 0.251431075 0.394758405 0.304345737 0.537145820 
48     0.263721100 0.262377343 0.303314052 0.275180746 0.277415679 0.321942924 0.324631914 0.308306650 0.325694686 0.333317417 0.248582123 0.261519042 0.232293468 0.269444726 0.275931603 0.259425468 0.251166818 0.269604070 0.273586028 0.274425645 0.249282948 0.227642749 0.227917253 0.303952397 0.204290379 0.184415044 0.177435553 0.179219301 0.177697842 0.191471934 0.149322783 0.035256600 0.000000000 0.044145190 0.200129834 0.223462862 0.222361942 0.223461240 0.240824677 0.275390324 0.275884423 0.295719654 0.247161334 0.273555630 0.279164997 0.271663627 0.263384950 0.257409575 0.400736905 0.310324237 0.543124320 
30     0.259616937 0.258273180 0.299209889 0.271076583 0.273311516 0.317838761 0.320527751 0.304202487 0.321590523 0.329213254 0.244497644 0.257434563 0.228208989 0.265360248 0.271847124 0.255340990 0.247082339 0.265519592 0.269501550 0.270341166 0.245198469 0.223558270 0.223832775 0.299867918 0.200205901 0.180360975 0.173381484 0.175165232 0.173640333 0.187431700 0.145318982 0.040055051 0.044145190 0.000000000 0.196062640 0.219395668 0.218294748 0.219394046 0.236757483 0.271255901 0.271750000 0.291540153 0.243049547 0.269443843 0.275053210 0.267551841 0.259273163 0.253297788 0.396625913 0.306218959 0.539020157 
24     0.251592367 0.250248610 0.291283865 0.263093627 0.265490000 0.309821605 0.312510595 0.296185331 0.313634266 0.321256997 0.236328271 0.249272041 0.220040296 0.257153011 0.263644002 0.247137867 0.238879217 0.257317970 0.261299927 0.262139544 0.236995324 0.214936290 0.215615877 0.291557064 0.191905061 0.204538855 0.197293363 0.198960197 0.199670287 0.232141304 0.204068881 0.194141829 0.200129834 0.196062640 0.000000000 0.103530540 0.102857236 0.103767286 0.121094264 0.263240987 0.263735086 0.283570317 0.235108985 0.261503281 0.267112648 0.259611278 0.251332601 0.245357226 0.388546621 0.298146682 0.530954848 
25     0.275162636 0.273818879 0.314854134 0.286373247 0.289060269 0.333391874 0.336080864 0.319755600 0.337204536 0.344827266 0.259883156 0.272826926 0.243595182 0.280703545 0.287198887 0.270692752 0.262434102 0.280872855 0.284854813 0.285694429 0.260550209 0.238551730 0.239170762 0.315124019 0.215459946 0.227872307 0.220626391 0.222293225 0.223001754 0.255474332 0.227387814 0.217461937 0.223462862 0.219395668 0.103530540 0.000000000 0.035022431 0.041797490 0.120307693 0.286800492 0.287294591 0.307129822 0.258685565 0.285079861 0.290689228 0.283187858 0.274909181 0.268933805 0.412123201 0.321706186 0.554525117 
28     0.274061716 0.272717959 0.313753214 0.285272327 0.287959349 0.332290954 0.334979944 0.318654680 0.336103615 0.343726346 0.258782236 0.271726006 0.242494261 0.279602625 0.286097967 0.269591832 0.261333182 0.279771935 0.283753892 0.284593509 0.259449289 0.237450809 0.238069842 0.314023099 0.214359026 0.226771387 0.219525471 0.221192305 0.221900834 0.254373412 0.226286894 0.216361016 0.222361942 0.218294748 0.102857236 0.035022431 0.000000000 0.042770568 0.120221318 0.285699571 0.286193671 0.306028902 0.257584644 0.283978941 0.289588307 0.282086938 0.273808261 0.267832885 0.411022281 0.320605266 0.553424197 
27     0.275154585 0.273810828 0.314846083 0.286353994 0.289052218 0.333383823 0.336072813 0.319747549 0.337196485 0.344819215 0.259875105 0.272818875 0.243587131 0.280685519 0.287180861 0.270674726 0.262416076 0.280854828 0.284836786 0.285676403 0.260532183 0.238527582 0.239029647 0.315099872 0.215451895 0.227870686 0.220624770 0.222291603 0.223000133 0.255472710 0.227386193 0.217460315 0.223461240 0.219394046 0.103767286 0.041797490 0.042770568 0.000000000 0.120983567 0.286792441 0.287286540 0.307121771 0.258677514 0.285071810 0.290681177 0.283179807 0.274901130 0.268925755 0.412115150 0.321698136 0.554517066 
19     0.292523557 0.291179800 0.332215055 0.304001609 0.306421190 0.350752795 0.353441785 0.337116521 0.354565456 0.362188187 0.277244077 0.290187847 0.260956102 0.298059127 0.304559808 0.288053673 0.279795023 0.298233776 0.302215733 0.303055350 0.277911130 0.255877487 0.256531683 0.332484940 0.232820867 0.245286289 0.238040373 0.239707207 0.240415736 0.272836147 0.244749629 0.234823751 0.240824677 0.236757483 0.121094264 0.120307693 0.120221318 0.120983567 0.000000000 0.304161412 0.304655512 0.324490743 0.276046485 0.302440782 0.308050148 0.300548779 0.292270102 0.286294726 0.429484122 0.339067107 0.571886038 
43     0.269613638 0.268269881 0.308935391 0.279941618 0.283332526 0.327546472 0.330235462 0.313861880 0.331658330 0.339281061 0.271134398 0.284137998 0.254897270 0.291582660 0.298080968 0.281570685 0.273300015 0.291750456 0.295731297 0.296570913 0.271422517 0.251523310 0.250756932 0.327247405 0.226566526 0.280818733 0.273713362 0.275377045 0.274782691 0.307793345 0.279349389 0.269411824 0.275390324 0.271255901 0.263240987 0.286800492 0.285699571 0.286792441 0.304161412 0.000000000 0.027357864 0.102283560 0.217586522 0.243491819 0.248798777 0.241485231 0.233164456 0.227189081 0.377920771 0.305360362 0.547664878 
18     0.270107737 0.268763980 0.309429491 0.280435718 0.283826625 0.328040571 0.330729561 0.314355979 0.332152430 0.339775160 0.271628497 0.284632097 0.255391369 0.292076759 0.298575067 0.282064784 0.273794114 0.292244556 0.296225396 0.297065013 0.271916616 0.252017410 0.251251031 0.327741504 0.227060625 0.281312832 0.274207461 0.275871145 0.275276790 0.308287444 0.279843488 0.269905923 0.275884423 0.271750000 0.263735086 0.287294591 0.286193671 0.287286540 0.304655512 0.027357864 0.000000000 0.102485157 0.218080621 0.243985919 0.249292877 0.241979331 0.233658555 0.227683180 0.378414870 0.305854461 0.548158977 
47     0.289940416 0.288596659 0.329262169 0.300268396 0.303659304 0.347873250 0.350562240 0.334188658 0.351985108 0.359607839 0.291464435 0.304468036 0.275227307 0.311912603 0.318410911 0.301900628 0.293629958 0.312080400 0.316061240 0.316900856 0.291752460 0.271853348 0.271084198 0.347577442 0.246903146 0.301148063 0.294042692 0.295706375 0.295112021 0.328122675 0.299678719 0.289741154 0.295719654 0.291540153 0.283570317 0.307129822 0.306028902 0.307121771 0.324490743 0.102283560 0.102485157 0.000000000 0.237900173 0.263805470 0.269112672 0.261798883 0.253478107 0.247502732 0.398243958 0.325685315 0.567991656 
41     0.240470514 0.239126756 0.279801477 0.250665218 0.254198612 0.298319404 0.301008394 0.284592845 0.302438490 0.310061220 0.243031144 0.256056834 0.226816106 0.263698731 0.270199667 0.253689384 0.245418714 0.263869156 0.267849996 0.268689613 0.243534666 0.223736964 0.222943740 0.299450654 0.198141789 0.252060978 0.244850786 0.246514470 0.246123474 0.279613130 0.251156332 0.241182834 0.247161334 0.243049547 0.235108985 0.258685565 0.257584644 0.258677514 0.276046485 0.217586522 0.218080621 0.237900173 0.000000000 0.135628827 0.160709434 0.152145280 0.143969149 0.138058432 0.351237272 0.278009458 0.519839357 
36     0.266654585 0.265310828 0.305985549 0.276849290 0.280382683 0.324503475 0.327192465 0.310688481 0.328622561 0.336245292 0.269291614 0.282317304 0.253076576 0.289948001 0.296448938 0.279938655 0.271667985 0.290118426 0.294099267 0.294938883 0.269784222 0.249986234 0.249204210 0.325699924 0.224391059 0.278988536 0.271883165 0.273546849 0.272962177 0.305952245 0.277493490 0.267577130 0.273555630 0.269443843 0.261503281 0.285079861 0.283978941 0.285071810 0.302440782 0.243491819 0.243985919 0.263805470 0.135628827 0.000000000 0.186422164 0.178045601 0.169887562 0.163958167 0.377386713 0.304198361 0.546029756 
31     0.272323074 0.270979316 0.311652942 0.282250690 0.286050076 0.330170868 0.332859858 0.316455136 0.334289954 0.341912685 0.274903591 0.287929281 0.258688553 0.295559978 0.302060914 0.285550631 0.277279961 0.295730403 0.299711243 0.300550860 0.275397300 0.255595601 0.254813577 0.331309291 0.230052530 0.284597903 0.277492532 0.279156215 0.278571544 0.311561612 0.283102857 0.273186497 0.279164997 0.275053210 0.267112648 0.290689228 0.289588307 0.290681177 0.308050148 0.248798777 0.249292877 0.269112672 0.160709434 0.186422164 0.000000000 0.178059611 0.169839328 0.163865945 0.383325154 0.309815943 0.551653380 
39     0.264840743 0.263496985 0.304170611 0.273808769 0.278567745 0.322688537 0.325377527 0.308972806 0.326808240 0.334430971 0.267396115 0.280421806 0.251181077 0.288027366 0.294527475 0.278016839 0.269745745 0.288196611 0.292177451 0.293017068 0.267863875 0.248089176 0.247303892 0.323799606 0.222567702 0.277096533 0.269991162 0.271654846 0.271070174 0.304060242 0.275600426 0.265685127 0.271663627 0.267551841 0.259611278 0.283187858 0.282086938 0.283179807 0.300548779 0.241485231 0.241979331 0.261798883 0.152145280 0.178045601 0.178059611 0.000000000 0.094444060 0.089191783 0.375529207 0.302374821 0.544171237 
14     0.256558288 0.255214530 0.295873739 0.265961684 0.270275723 0.314402294 0.317091284 0.300686562 0.318525785 0.326148516 0.259119573 0.272145263 0.242904535 0.279776689 0.286277625 0.269767342 0.261496672 0.279947114 0.283927954 0.284767570 0.259614010 0.239812633 0.239030609 0.315526324 0.214291160 0.268817856 0.261712485 0.263376169 0.262791497 0.295781565 0.267322412 0.257406450 0.263384950 0.259273163 0.251332601 0.274909181 0.273808261 0.274901130 0.292270102 0.233164456 0.233658555 0.253478107 0.143969149 0.169887562 0.169839328 0.094444060 0.000000000 0.039659713 0.367193005 0.294100053 0.535894364 
26     0.250582912 0.249239155 0.289898364 0.259986308 0.264300348 0.308426918 0.311115908 0.294711187 0.312550410 0.320173141 0.253144197 0.266169888 0.236929159 0.273801313 0.280302250 0.263791967 0.255521297 0.273971738 0.277952579 0.278792195 0.253638635 0.233837258 0.233055234 0.309550949 0.208315784 0.262842481 0.255737110 0.257400793 0.256816122 0.289806190 0.261347037 0.251431075 0.257409575 0.253297788 0.245357226 0.268933805 0.267832885 0.268925755 0.286294726 0.227189081 0.227683180 0.247502732 0.138058432 0.163958167 0.163865945 0.089191783 0.039659713 0.000000000 0.361217629 0.288124678 0.529918989 
17     0.394125634 0.392781877 0.433263581 0.405338717 0.407660715 0.452074950 0.454763940 0.438415824 0.456090978 0.463713708 0.396515449 0.409519939 0.380279211 0.417061465 0.423557107 0.407046824 0.398776154 0.417228032 0.421208873 0.422048489 0.396898656 0.377010170 0.376095546 0.452633263 0.351687869 0.406164185 0.399058814 0.400722498 0.400126967 0.432971133 0.404671099 0.394758405 0.400736905 0.396625913 0.388546621 0.412123201 0.411022281 0.412115150 0.429484122 0.377920771 0.378414870 0.398243958 0.351237272 0.377386713 0.383325154 0.375529207 0.367193005 0.361217629 0.000000000 0.428965871 0.672822459 
32     0.301226717 0.299882960 0.340822634 0.312900036 0.315476126 0.359361694 0.362050684 0.345721067 0.363133145 0.370755875 0.305924443 0.318934195 0.289693467 0.326394186 0.332892110 0.316382173 0.308111503 0.326561945 0.330542785 0.331382402 0.306234741 0.286487964 0.285675279 0.362312782 0.261657867 0.315715992 0.308610621 0.310274305 0.309678443 0.342723369 0.314275627 0.304345737 0.310324237 0.306218959 0.298146682 0.321706186 0.320605266 0.321698136 0.339067107 0.305360362 0.305854461 0.325685315 0.278009458 0.304198361 0.309815943 0.302374821 0.294100053 0.288124678 0.428965871 0.000000000 0.580366556 
0     0.518809750 0.517465992 0.558581113 0.532838571 0.533565505 0.576496058 0.579185048 0.562859784 0.581240814 0.588863545 0.539355646 0.552373537 0.523132809 0.559772906 0.566278314 0.549768031 0.541497361 0.559947673 0.563928514 0.564768130 0.539625770 0.519076709 0.518751120 0.595149713 0.494654902 0.548633716 0.541579823 0.543243506 0.542700188 0.575524650 0.547145668 0.537145820 0.543124320 0.539020157 0.530954848 0.554525117 0.553424197 0.554517066 0.571886038 0.547664878 0.548158977 0.567991656 0.519839357 0.546029756 0.551653380 0.544171237 0.535894364 0.529918989 0.672822459 0.580366556 0.000000000 
