51
2     0.000000000 0.000685340 0.003229080 0.003311400 0.004574860 0.004548740 0.004473290 0.004468580 0.004598480 0.004842610 0.003955800 0.004005440 0.003930500 0.003912260 0.003917810 0.004485760 0.003880080 0.004145060 0.004056250 0.004099460 0.004138460 0.004418130 0.004280300 0.003531390 0.004103800 0.004210100 0.004430370 0.004170010 0.004137460 0.003983850 0.003369000 0.003697950 0.003640690 0.003918230 0.004503250 0.003946330 0.003906520 0.004180920 0.004016710 0.004237100 0.003748010 0.003753820 0.003936550 0.003866030 0.004144810 0.003882300 0.003958490 0.004123460 0.004262550 0.004346020 0.006199870 
3     0.000685340 0.000000000 0.002800700 0.002883020 0.004146480 0.004120360 0.004044910 0.004040200 0.004170100 0.004414230 0.003527420 0.003577060 0.003502120 0.003483880 0.003489430 0.004057380 0.003451700 0.003716680 0.003627870 0.003671080 0.003710080 0.003989750 0.003851920 0.003103010 0.003675420 0.003781720 0.004001990 0.003741630 0.003709080 0.003555470 0.002940620 0.003269570 0.003212310 0.003489850 0.004074870 0.003517950 0.003478140 0.003752540 0.003588330 0.003808720 0.003319630 0.003325440 0.003508170 0.003437650 0.003716430 0.003453920 0.003530110 0.003695080 0.003834170 0.003917640 0.005771490 
1     0.003229080 0.002800700 0.000000000 0.000093220 0.004024600 0.003998480 0.003923030 0.003918320 0.004048220 0.004292350 0.003405540 0.003455180 0.003380240 0.003362000 0.003367550 0.003935500 0.003329820 0.003594800 0.003505990 0.003549200 0.003588200 0.003867870 0.003730040 0.002981130 0.003553540 0.003659840 0.003880110 0.003619750 0.003587200 0.003433590 0.002818740 0.003147690 0.003090430 0.003367970 0.003952990 0.003396070 0.003356260 0.003630660 0.003466450 0.003686840 0.003197750 0.003203560 0.003386290 0.003315770 0.003594550 0.003332040 0.003408230 0.003573200 0.003712290 0.003795760 0.005649610 
4     0.003311400 0.002883020 0.000093220 0.000000000 0.004106920 0.004080800 0.004005350 0.004000640 0.004130540 0.004374670 0.003487860 0.003537500 0.003462560 0.003444320 0.003449870 0.004017820 0.003412140 0.003677120 0.003588310 0.003631520 0.003670520 0.003950190 0.003812360 0.003063450 0.003635860 0.003742160 0.003962430 0.003702070 0.003669520 0.003515910 0.002901060 0.003230010 0.003172750 0.003450290 0.004035310 0.003478390 0.003438580 0.003712980 0.003548770 0.003769160 0.003280070 0.003285880 0.003468610 0.003398090 0.003676870 0.003414360 0.003490550 0.003655520 0.003794610 0.003878080 0.005731930 
39     0.004574860 0.004146480 0.004024600 0.004106920 0.000000000 0.003491520 0.003416070 0.003411360 0.003541260 0.003785390 0.004306540 0.004356180 0.004281240 0.004263000 0.004268550 0.004836500 0.004230820 0.004495800 0.004406990 0.004450200 0.004489200 0.004768870 0.004631040 0.003882130 0.004454540 0.004560840 0.004781110 0.004520750 0.004488200 0.004334590 0.003719740 0.004048690 0.003991430 0.004268970 0.004853990 0.004297070 0.004257260 0.004531660 0.004367450 0.004587840 0.004098750 0.004104560 0.004287290 0.004216770 0.004495550 0.004233040 0.004309230 0.004474200 0.004613290 0.004696760 0.006022610 
24     0.004548740 0.004120360 0.003998480 0.004080800 0.003491520 0.000000000 0.000473130 0.001889040 0.002018940 0.002853890 0.004280420 0.004330060 0.004255120 0.004236880 0.004242430 0.004810380 0.004204700 0.004469680 0.004380870 0.004424080 0.004463080 0.004742750 0.004604920 0.003856010 0.004428420 0.004534720 0.004754990 0.004494630 0.004462080 0.004308470 0.003693620 0.004022570 0.003965310 0.004242850 0.004827870 0.004270950 0.004231140 0.004505540 0.004341330 0.004561720 0.004072630 0.004078440 0.004261170 0.004190650 0.004469430 0.004206920 0.004283110 0.004448080 0.004587170 0.004670640 0.005996490 
25     0.004473290 0.004044910 0.003923030 0.004005350 0.003416070 0.000473130 0.000000000 0.001813590 0.001943490 0.002778440 0.004204970 0.004254610 0.004179670 0.004161430 0.004166980 0.004734930 0.004129250 0.004394230 0.004305420 0.004348630 0.004387630 0.004667300 0.004529470 0.003780560 0.004352970 0.004459270 0.004679540 0.004419180 0.004386630 0.004233020 0.003618170 0.003947120 0.003889860 0.004167400 0.004752420 0.004195500 0.004155690 0.004430090 0.004265880 0.004486270 0.003997180 0.004002990 0.004185720 0.004115200 0.004393980 0.004131470 0.004207660 0.004372630 0.004511720 0.004595190 0.005921040 
48     0.004468580 0.004040200 0.003918320 0.004000640 0.003411360 0.001889040 0.001813590 0.000000000 0.000026010 0.002773730 0.004200260 0.004249900 0.004174960 0.004156720 0.004162270 0.004730220 0.004124540 0.004389520 0.004300710 0.004343920 0.004382920 0.004662590 0.004524760 0.003775850 0.004348260 0.004454560 0.004674830 0.004414470 0.004381920 0.004228310 0.003613460 0.003942410 0.003885150 0.004162690 0.004747710 0.004190790 0.004150980 0.004425380 0.004261170 0.004481560 0.003992470 0.003998280 0.004181010 0.004110490 0.004389270 0.004126760 0.004202950 0.004367920 0.004507010 0.004590480 0.005916330 
32     0.004598480 0.004170100 0.004048220 0.004130540 0.003541260 0.002018940 0.001943490 0.000026010 0.000000000 0.002903630 0.004330160 0.004379800 0.004304860 0.004286620 0.004292170 0.004860120 0.004254440 0.004519420 0.004430610 0.004473820 0.004512820 0.004792490 0.004654660 0.003905750 0.004478160 0.004584460 0.004804730 0.004544370 0.004511820 0.004358210 0.003743360 0.004072310 0.004015050 0.004292590 0.004877610 0.004320690 0.004280880 0.004555280 0.004391070 0.004611460 0.004122370 0.004128180 0.004310910 0.004240390 0.004519170 0.004256660 0.004332850 0.004497820 0.004636910 0.004720380 0.006046230 
41     0.004842610 0.004414230 0.004292350 0.004374670 0.003785390 0.002853890 0.002778440 0.002773730 0.002903630 0.000000000 0.004574290 0.004623930 0.004548990 0.004530750 0.004536300 0.005104250 0.004498570 0.004763550 0.004674740 0.004717950 0.004756950 0.005036620 0.004898790 0.004149880 0.004722290 0.004828590 0.005048860 0.004788500 0.004755950 0.004602340 0.003987490 0.004316440 0.004259180 0.004536720 0.005121740 0.004564820 0.004525010 0.004799410 0.004635200 0.004855590 0.004366500 0.004372310 0.004555040 0.004484520 0.004763300 0.004500790 0.004576980 0.004741950 0.004881040 0.004964510 0.006290360 
27     0.003955800 0.003527420 0.003405540 0.003487860 0.004306540 0.004280420 0.004204970 0.004200260 0.004330160 0.004574290 0.000000000 0.000000010 0.000932330 0.001121760 0.001127310 0.002362560 0.001756880 0.002021860 0.002469910 0.002513120 0.002552120 0.003698490 0.003650060 0.002720450 0.003292860 0.003399160 0.003619430 0.003359070 0.003326520 0.003332490 0.002717640 0.003046590 0.003010450 0.003287990 0.003873010 0.003316090 0.003276280 0.003550680 0.003386470 0.003606860 0.003117770 0.003123580 0.003306310 0.003235790 0.003514570 0.003252060 0.003328250 0.003493220 0.003632310 0.003715780 0.005931550 
17     0.004005440 0.003577060 0.003455180 0.003537500 0.004356180 0.004330060 0.004254610 0.004249900 0.004379800 0.004623930 0.000000010 0.000000000 0.000609110 0.001171400 0.001176950 0.002412200 0.001806520 0.001516060 0.002519550 0.002562760 0.002601760 0.003748130 0.003699700 0.002770090 0.003342500 0.003448800 0.003669070 0.003408710 0.003376160 0.003382130 0.002767280 0.003096230 0.003060090 0.003337630 0.003922650 0.003365730 0.003325920 0.003600320 0.003436110 0.003656500 0.003167410 0.003173220 0.003355950 0.003285430 0.003564210 0.003301700 0.003377890 0.003542860 0.003681950 0.003765420 0.005981190 
9     0.003930500 0.003502120 0.003380240 0.003462560 0.004281240 0.004255120 0.004179670 0.004174960 0.004304860 0.004548990 0.000932330 0.000609110 0.000000000 0.001096460 0.001102010 0.002337260 0.001731580 0.001400870 0.002444610 0.002487820 0.002526820 0.003673190 0.003624760 0.002695150 0.003267560 0.003373860 0.003594130 0.003333770 0.003301220 0.003307190 0.002692340 0.003021290 0.002985150 0.003262690 0.003847710 0.003290790 0.003250980 0.003525380 0.003361170 0.003581560 0.003092470 0.003098280 0.003281010 0.003210490 0.003489270 0.003226760 0.003302950 0.003467920 0.003607010 0.003690480 0.005906250 
42     0.003912260 0.003483880 0.003362000 0.003444320 0.004263000 0.004236880 0.004161430 0.004156720 0.004286620 0.004530750 0.001121760 0.001171400 0.001096460 0.000000000 0.000174890 0.002319020 0.001713340 0.001978320 0.002426370 0.002469580 0.002508580 0.003654950 0.003606520 0.002676910 0.003249320 0.003355620 0.003575890 0.003315530 0.003282980 0.003288950 0.002674100 0.003003050 0.002966910 0.003244450 0.003829470 0.003272550 0.003232740 0.003507140 0.003342930 0.003563320 0.003074230 0.003080040 0.003262770 0.003192250 0.003471030 0.003208520 0.003284710 0.003449680 0.003588770 0.003672240 0.005888010 
38     0.003917810 0.003489430 0.003367550 0.003449870 0.004268550 0.004242430 0.004166980 0.004162270 0.004292170 0.004536300 0.001127310 0.001176950 0.001102010 0.000174890 0.000000000 0.002324570 0.001718890 0.001983870 0.002431920 0.002475130 0.002514130 0.003660500 0.003612070 0.002682460 0.003254870 0.003361170 0.003581440 0.003321080 0.003288530 0.003294500 0.002679650 0.003008600 0.002972460 0.003250000 0.003835020 0.003278100 0.003238290 0.003512690 0.003348480 0.003568870 0.003079780 0.003085590 0.003268320 0.003197800 0.003476580 0.003214070 0.003290260 0.003455230 0.003594320 0.003677790 0.005893560 
13     0.004485760 0.004057380 0.003935500 0.004017820 0.004836500 0.004810380 0.004734930 0.004730220 0.004860120 0.005104250 0.002362560 0.002412200 0.002337260 0.002319020 0.002324570 0.000000000 0.002078270 0.001756980 0.002999870 0.003043080 0.003082080 0.004228450 0.004180020 0.003250410 0.003822820 0.003929120 0.004149390 0.003889030 0.003856480 0.003862450 0.003247600 0.003576550 0.003540410 0.003817950 0.004402970 0.003846050 0.003806240 0.004080640 0.003916430 0.004136820 0.003647730 0.003653540 0.003836270 0.003765750 0.004044530 0.003782020 0.003858210 0.004023180 0.004162270 0.004245740 0.006461510 
46     0.003880080 0.003451700 0.003329820 0.003412140 0.004230820 0.004204700 0.004129250 0.004124540 0.004254440 0.004498570 0.001756880 0.001806520 0.001731580 0.001713340 0.001718890 0.002078270 0.000000000 0.001724940 0.002394190 0.002437400 0.002476400 0.003622770 0.003574340 0.002644730 0.003217140 0.003323440 0.003543710 0.003283350 0.003250800 0.003256770 0.002641920 0.002970870 0.002934730 0.003212270 0.003797290 0.003240370 0.003200560 0.003474960 0.003310750 0.003531140 0.003042050 0.003047860 0.003230590 0.003160070 0.003438850 0.003176340 0.003252530 0.003417500 0.003556590 0.003640060 0.005855830 
5     0.004145060 0.003716680 0.003594800 0.003677120 0.004495800 0.004469680 0.004394230 0.004389520 0.004519420 0.004763550 0.002021860 0.001516060 0.001400870 0.001978320 0.001983870 0.001756980 0.001724940 0.000000000 0.002659170 0.002702380 0.002741380 0.003887750 0.003839320 0.002909710 0.003482120 0.003588420 0.003808690 0.003548330 0.003515780 0.003521750 0.002906900 0.003235850 0.003199710 0.003477250 0.004062270 0.003505350 0.003465540 0.003739940 0.003575730 0.003796120 0.003307030 0.003312840 0.003495570 0.003425050 0.003703830 0.003441320 0.003517510 0.003682480 0.003821570 0.003905040 0.006120810 
45     0.004056250 0.003627870 0.003505990 0.003588310 0.004406990 0.004380870 0.004305420 0.004300710 0.004430610 0.004674740 0.002469910 0.002519550 0.002444610 0.002426370 0.002431920 0.002999870 0.002394190 0.002659170 0.000000000 0.000109300 0.000759670 0.003798940 0.003750510 0.002820900 0.003393310 0.003499610 0.003719880 0.003459520 0.003426970 0.003432940 0.002818090 0.003147040 0.003110900 0.003388440 0.003973460 0.003416540 0.003376730 0.003651130 0.003486920 0.003707310 0.003218220 0.003224030 0.003406760 0.003336240 0.003615020 0.003352510 0.003428700 0.003593670 0.003732760 0.003816230 0.006032000 
28     0.004099460 0.003671080 0.003549200 0.003631520 0.004450200 0.004424080 0.004348630 0.004343920 0.004473820 0.004717950 0.002513120 0.002562760 0.002487820 0.002469580 0.002475130 0.003043080 0.002437400 0.002702380 0.000109300 0.000000000 0.001798560 0.003842150 0.003793720 0.002864110 0.003436520 0.003542820 0.003763090 0.003502730 0.003470180 0.003476150 0.002861300 0.003190250 0.003154110 0.003431650 0.004016670 0.003459750 0.003419940 0.003694340 0.003530130 0.003750520 0.003261430 0.003267240 0.003449970 0.003379450 0.003658230 0.003395720 0.003471910 0.003636880 0.003775970 0.003859440 0.006075210 
20     0.004138460 0.003710080 0.003588200 0.003670520 0.004489200 0.004463080 0.004387630 0.004382920 0.004512820 0.004756950 0.002552120 0.002601760 0.002526820 0.002508580 0.002514130 0.003082080 0.002476400 0.002741380 0.000759670 0.001798560 0.000000000 0.003881150 0.003832720 0.002903110 0.003475520 0.003581820 0.003802090 0.003541730 0.003509180 0.003515150 0.002900300 0.003229250 0.003193110 0.003470650 0.004055670 0.003498750 0.003458940 0.003733340 0.003569130 0.003789520 0.003300430 0.003306240 0.003488970 0.003418450 0.003697230 0.003434720 0.003510910 0.003675880 0.003814970 0.003898440 0.006114210 
36     0.004418130 0.003989750 0.003867870 0.003950190 0.004768870 0.004742750 0.004667300 0.004662590 0.004792490 0.005036620 0.003698490 0.003748130 0.003673190 0.003654950 0.003660500 0.004228450 0.003622770 0.003887750 0.003798940 0.003842150 0.003881150 0.000000000 0.001082590 0.003274080 0.003846490 0.003952790 0.004173060 0.003912700 0.003880150 0.003794820 0.003179970 0.003508920 0.003472780 0.003750320 0.004335340 0.003778420 0.003738610 0.004013010 0.003848800 0.004069190 0.003580100 0.003585910 0.003768640 0.003698120 0.003976900 0.003714390 0.003790580 0.003955550 0.004094640 0.004178110 0.006393880 
8     0.004280300 0.003851920 0.003730040 0.003812360 0.004631040 0.004604920 0.004529470 0.004524760 0.004654660 0.004898790 0.003650060 0.003699700 0.003624760 0.003606520 0.003612070 0.004180020 0.003574340 0.003839320 0.003750510 0.003793720 0.003832720 0.001082590 0.000000000 0.003225650 0.003798060 0.003904360 0.004124630 0.003864270 0.003831720 0.003678110 0.003063260 0.003392210 0.003296170 0.003573710 0.004158730 0.003601810 0.003562000 0.003836400 0.003672190 0.003892580 0.003403490 0.003409300 0.003592030 0.003521510 0.003800290 0.003537780 0.003613970 0.003778940 0.003918030 0.004001500 0.006256050 
18     0.003531390 0.003103010 0.002981130 0.003063450 0.003882130 0.003856010 0.003780560 0.003775850 0.003905750 0.004149880 0.002720450 0.002770090 0.002695150 0.002676910 0.002682460 0.003250410 0.002644730 0.002909710 0.002820900 0.002864110 0.002903110 0.003274080 0.003225650 0.000000000 0.000009920 0.002009050 0.002229320 0.002610740 0.002578190 0.002908080 0.002293230 0.002622180 0.002586040 0.002863580 0.003448600 0.002891680 0.002851870 0.003126270 0.002962060 0.003182450 0.002693360 0.002699170 0.002881900 0.002811380 0.003090160 0.002827650 0.002903840 0.003068810 0.003207900 0.003291370 0.005507140 
33     0.004103800 0.003675420 0.003553540 0.003635860 0.004454540 0.004428420 0.004352970 0.004348260 0.004478160 0.004722290 0.003292860 0.003342500 0.003267560 0.003249320 0.003254870 0.003822820 0.003217140 0.003482120 0.003393310 0.003436520 0.003475520 0.003846490 0.003798060 0.000009920 0.000000000 0.002581460 0.002801730 0.003183150 0.003150600 0.003480490 0.002865640 0.003194590 0.003158450 0.003435990 0.004021010 0.003464090 0.003424280 0.003698680 0.003534470 0.003754860 0.003265770 0.003271580 0.003454310 0.003383790 0.003662570 0.003400060 0.003476250 0.003641220 0.003780310 0.003863780 0.006079550 
35     0.004210100 0.003781720 0.003659840 0.003742160 0.004560840 0.004534720 0.004459270 0.004454560 0.004584460 0.004828590 0.003399160 0.003448800 0.003373860 0.003355620 0.003361170 0.003929120 0.003323440 0.003588420 0.003499610 0.003542820 0.003581820 0.003952790 0.003904360 0.002009050 0.002581460 0.000000000 0.000323270 0.003289450 0.003256900 0.003586790 0.002971940 0.003300890 0.003264750 0.003542290 0.004127310 0.003570390 0.003530580 0.003804980 0.003640770 0.003861160 0.003372070 0.003377880 0.003560610 0.003490090 0.003768870 0.003506360 0.003582550 0.003747520 0.003886610 0.003970080 0.006185850 
6     0.004430370 0.004001990 0.003880110 0.003962430 0.004781110 0.004754990 0.004679540 0.004674830 0.004804730 0.005048860 0.003619430 0.003669070 0.003594130 0.003575890 0.003581440 0.004149390 0.003543710 0.003808690 0.003719880 0.003763090 0.003802090 0.004173060 0.004124630 0.002229320 0.002801730 0.000323270 0.000000000 0.003509720 0.003477170 0.003807060 0.003192210 0.003521160 0.003485020 0.003762560 0.004347580 0.003790660 0.003750850 0.004025250 0.003861040 0.004081430 0.003592340 0.003598150 0.003780880 0.003710360 0.003989140 0.003726630 0.003802820 0.003967790 0.004106880 0.004190350 0.006406120 
30     0.004170010 0.003741630 0.003619750 0.003702070 0.004520750 0.004494630 0.004419180 0.004414470 0.004544370 0.004788500 0.003359070 0.003408710 0.003333770 0.003315530 0.003321080 0.003889030 0.003283350 0.003548330 0.003459520 0.003502730 0.003541730 0.003912700 0.003864270 0.002610740 0.003183150 0.003289450 0.003509720 0.000000000 0.000010890 0.003546700 0.002931850 0.003260800 0.003224660 0.003502200 0.004087220 0.003530300 0.003490490 0.003764890 0.003600680 0.003821070 0.003331980 0.003337790 0.003520520 0.003450000 0.003728780 0.003466270 0.003542460 0.003707430 0.003846520 0.003929990 0.006145760 
23     0.004137460 0.003709080 0.003587200 0.003669520 0.004488200 0.004462080 0.004386630 0.004381920 0.004511820 0.004755950 0.003326520 0.003376160 0.003301220 0.003282980 0.003288530 0.003856480 0.003250800 0.003515780 0.003426970 0.003470180 0.003509180 0.003880150 0.003831720 0.002578190 0.003150600 0.003256900 0.003477170 0.000010890 0.000000000 0.003514150 0.002899300 0.003228250 0.003192110 0.003469650 0.004054670 0.003497750 0.003457940 0.003732340 0.003568130 0.003788520 0.003299430 0.003305240 0.003487970 0.003417450 0.003696230 0.003433720 0.003509910 0.003674880 0.003813970 0.003897440 0.006113210 
14     0.003983850 0.003555470 0.003433590 0.003515910 0.004334590 0.004308470 0.004233020 0.004228310 0.004358210 0.004602340 0.003332490 0.003382130 0.003307190 0.003288950 0.003294500 0.003862450 0.003256770 0.003521750 0.003432940 0.003476150 0.003515150 0.003794820 0.003678110 0.002908080 0.003480490 0.003586790 0.003807060 0.003546700 0.003514150 0.000000000 0.001263880 0.002330800 0.003038500 0.003316040 0.003901060 0.003344140 0.003304330 0.003578730 0.003414520 0.003634910 0.003145820 0.003151630 0.003334360 0.003263840 0.003542620 0.003280110 0.003356300 0.003521270 0.003660360 0.003743830 0.005959600 
31     0.003369000 0.002940620 0.002818740 0.002901060 0.003719740 0.003693620 0.003618170 0.003613460 0.003743360 0.003987490 0.002717640 0.002767280 0.002692340 0.002674100 0.002679650 0.003247600 0.002641920 0.002906900 0.002818090 0.002861300 0.002900300 0.003179970 0.003063260 0.002293230 0.002865640 0.002971940 0.003192210 0.002931850 0.002899300 0.001263880 0.000000000 0.001495110 0.002423650 0.002701190 0.003286210 0.002729290 0.002689480 0.002963880 0.002799670 0.003020060 0.002530970 0.002536780 0.002719510 0.002648990 0.002927770 0.002665260 0.002741450 0.002906420 0.003045510 0.003128980 0.005344750 
49     0.003697950 0.003269570 0.003147690 0.003230010 0.004048690 0.004022570 0.003947120 0.003942410 0.004072310 0.004316440 0.003046590 0.003096230 0.003021290 0.003003050 0.003008600 0.003576550 0.002970870 0.003235850 0.003147040 0.003190250 0.003229250 0.003508920 0.003392210 0.002622180 0.003194590 0.003300890 0.003521160 0.003260800 0.003228250 0.002330800 0.001495110 0.000000000 0.002752600 0.003030140 0.003615160 0.003058240 0.003018430 0.003292830 0.003128620 0.003349010 0.002859920 0.002865730 0.003048460 0.002977940 0.003256720 0.002994210 0.003070400 0.003235370 0.003374460 0.003457930 0.005673700 
34     0.003640690 0.003212310 0.003090430 0.003172750 0.003991430 0.003965310 0.003889860 0.003885150 0.004015050 0.004259180 0.003010450 0.003060090 0.002985150 0.002966910 0.002972460 0.003540410 0.002934730 0.003199710 0.003110900 0.003154110 0.003193110 0.003472780 0.003296170 0.002586040 0.003158450 0.003264750 0.003485020 0.003224660 0.003192110 0.003038500 0.002423650 0.002752600 0.000000000 0.001847360 0.002432380 0.001875460 0.001835650 0.002110050 0.001945840 0.002166230 0.001677140 0.001682950 0.001865680 0.001795160 0.002073940 0.001811430 0.001887620 0.002484830 0.002623920 0.001100080 0.005616440 
40     0.003918230 0.003489850 0.003367970 0.003450290 0.004268970 0.004242850 0.004167400 0.004162690 0.004292590 0.004536720 0.003287990 0.003337630 0.003262690 0.003244450 0.003250000 0.003817950 0.003212270 0.003477250 0.003388440 0.003431650 0.003470650 0.003750320 0.003573710 0.002863580 0.003435990 0.003542290 0.003762560 0.003502200 0.003469650 0.003316040 0.002701190 0.003030140 0.001847360 0.000000000 0.000128170 0.001441340 0.001401530 0.001675930 0.001511720 0.001593890 0.001243020 0.001248830 0.001431560 0.001361040 0.001639820 0.001377310 0.001453500 0.002762370 0.002901460 0.002984930 0.005893980 
44     0.004503250 0.004074870 0.003952990 0.004035310 0.004853990 0.004827870 0.004752420 0.004747710 0.004877610 0.005121740 0.003873010 0.003922650 0.003847710 0.003829470 0.003835020 0.004402970 0.003797290 0.004062270 0.003973460 0.004016670 0.004055670 0.004335340 0.004158730 0.003448600 0.004021010 0.004127310 0.004347580 0.004087220 0.004054670 0.003901060 0.003286210 0.003615160 0.002432380 0.000128170 0.000000000 0.002026360 0.001986550 0.002260950 0.002096740 0.001736750 0.001104460 0.001521770 0.002016580 0.001848740 0.001706910 0.001778280 0.001825090 0.003347390 0.003486480 0.003569950 0.006479000 
19     0.003946330 0.003517950 0.003396070 0.003478390 0.004297070 0.004270950 0.004195500 0.004190790 0.004320690 0.004564820 0.003316090 0.003365730 0.003290790 0.003272550 0.003278100 0.003846050 0.003240370 0.003505350 0.003416540 0.003459750 0.003498750 0.003778420 0.003601810 0.002891680 0.003464090 0.003570390 0.003790660 0.003530300 0.003497750 0.003344140 0.002729290 0.003058240 0.001875460 0.001441340 0.002026360 0.000000000 0.000356870 0.000819500 0.000006370 0.001760210 0.000925060 0.000930870 0.001113600 0.001043080 0.001321860 0.001059350 0.001135540 0.002790470 0.002929560 0.003013030 0.005922080 
50     0.003906520 0.003478140 0.003356260 0.003438580 0.004257260 0.004231140 0.004155690 0.004150980 0.004280880 0.004525010 0.003276280 0.003325920 0.003250980 0.003232740 0.003238290 0.003806240 0.003200560 0.003465540 0.003376730 0.003419940 0.003458940 0.003738610 0.003562000 0.002851870 0.003424280 0.003530580 0.003750850 0.003490490 0.003457940 0.003304330 0.002689480 0.003018430 0.001835650 0.001401530 0.001986550 0.000356870 0.000000000 0.000193040 0.000427250 0.001720400 0.000885250 0.000891060 0.001073790 0.001003270 0.001282050 0.001019540 0.001095730 0.002750660 0.002889750 0.002973220 0.005882270 
16     0.004180920 0.003752540 0.003630660 0.003712980 0.004531660 0.004505540 0.004430090 0.004425380 0.004555280 0.004799410 0.003550680 0.003600320 0.003525380 0.003507140 0.003512690 0.004080640 0.003474960 0.003739940 0.003651130 0.003694340 0.003733340 0.004013010 0.003836400 0.003126270 0.003698680 0.003804980 0.004025250 0.003764890 0.003732340 0.003578730 0.002963880 0.003292830 0.002110050 0.001675930 0.002260950 0.000819500 0.000193040 0.000000000 0.000111400 0.001994800 0.001159650 0.001165460 0.001348190 0.001277670 0.001556450 0.001293940 0.001370130 0.003025060 0.003164150 0.003247620 0.006156670 
7     0.004016710 0.003588330 0.003466450 0.003548770 0.004367450 0.004341330 0.004265880 0.004261170 0.004391070 0.004635200 0.003386470 0.003436110 0.003361170 0.003342930 0.003348480 0.003916430 0.003310750 0.003575730 0.003486920 0.003530130 0.003569130 0.003848800 0.003672190 0.002962060 0.003534470 0.003640770 0.003861040 0.003600680 0.003568130 0.003414520 0.002799670 0.003128620 0.001945840 0.001511720 0.002096740 0.000006370 0.000427250 0.000111400 0.000000000 0.001830590 0.000995440 0.001001250 0.001183980 0.001113460 0.001392240 0.001129730 0.001205920 0.002860850 0.002999940 0.003083410 0.005992460 
47     0.004237100 0.003808720 0.003686840 0.003769160 0.004587840 0.004561720 0.004486270 0.004481560 0.004611460 0.004855590 0.003606860 0.003656500 0.003581560 0.003563320 0.003568870 0.004136820 0.003531140 0.003796120 0.003707310 0.003750520 0.003789520 0.004069190 0.003892580 0.003182450 0.003754860 0.003861160 0.004081430 0.003821070 0.003788520 0.003634910 0.003020060 0.003349010 0.002166230 0.001593890 0.001736750 0.001760210 0.001720400 0.001994800 0.001830590 0.000000000 0.000855950 0.001273260 0.001750430 0.001600230 0.001458400 0.001529770 0.001576580 0.003081240 0.003220330 0.003303800 0.006212850 
43     0.003748010 0.003319630 0.003197750 0.003280070 0.004098750 0.004072630 0.003997180 0.003992470 0.004122370 0.004366500 0.003117770 0.003167410 0.003092470 0.003074230 0.003079780 0.003647730 0.003042050 0.003307030 0.003218220 0.003261430 0.003300430 0.003580100 0.003403490 0.002693360 0.003265770 0.003372070 0.003592340 0.003331980 0.003299430 0.003145820 0.002530970 0.002859920 0.001677140 0.001243020 0.001104460 0.000925060 0.000885250 0.001159650 0.000995440 0.000855950 0.000000000 0.000494180 0.000880380 0.000755060 0.000613230 0.000820940 0.000867750 0.002592150 0.002731240 0.002814710 0.005723760 
12     0.003753820 0.003325440 0.003203560 0.003285880 0.004104560 0.004078440 0.004002990 0.003998280 0.004128180 0.004372310 0.003123580 0.003173220 0.003098280 0.003080040 0.003085590 0.003653540 0.003047860 0.003312840 0.003224030 0.003267240 0.003306240 0.003585910 0.003409300 0.002699170 0.003271580 0.003377880 0.003598150 0.003337790 0.003305240 0.003151630 0.002536780 0.002865730 0.001682950 0.001248830 0.001521770 0.000930870 0.000891060 0.001165460 0.001001250 0.001273260 0.000494180 0.000000000 0.000430510 0.000359990 0.000638770 0.000673580 0.000738320 0.002597960 0.002737050 0.002820520 0.005729570 
22     0.003936550 0.003508170 0.003386290 0.003468610 0.004287290 0.004261170 0.004185720 0.004181010 0.004310910 0.004555040 0.003306310 0.003355950 0.003281010 0.003262770 0.003268320 0.003836270 0.003230590 0.003495570 0.003406760 0.003449970 0.003488970 0.003768640 0.003592030 0.002881900 0.003454310 0.003560610 0.003780880 0.003520520 0.003487970 0.003334360 0.002719510 0.003048460 0.001865680 0.001431560 0.002016580 0.001113600 0.001073790 0.001348190 0.001183980 0.001750430 0.000880380 0.000430510 0.000000000 0.000000480 0.000605720 0.000547270 0.000575400 0.002780690 0.002919780 0.003003250 0.005912300 
11     0.003866030 0.003437650 0.003315770 0.003398090 0.004216770 0.004190650 0.004115200 0.004110490 0.004240390 0.004484520 0.003235790 0.003285430 0.003210490 0.003192250 0.003197800 0.003765750 0.003160070 0.003425050 0.003336240 0.003379450 0.003418450 0.003698120 0.003521510 0.002811380 0.003383790 0.003490090 0.003710360 0.003450000 0.003417450 0.003263840 0.002648990 0.002977940 0.001795160 0.001361040 0.001848740 0.001043080 0.001003270 0.001277670 0.001113460 0.001600230 0.000755060 0.000359990 0.000000480 0.000000000 0.000240150 0.000052990 0.000861980 0.002710170 0.002849260 0.002932730 0.005841780 
26     0.004144810 0.003716430 0.003594550 0.003676870 0.004495550 0.004469430 0.004393980 0.004389270 0.004519170 0.004763300 0.003514570 0.003564210 0.003489270 0.003471030 0.003476580 0.004044530 0.003438850 0.003703830 0.003615020 0.003658230 0.003697230 0.003976900 0.003800290 0.003090160 0.003662570 0.003768870 0.003989140 0.003728780 0.003696230 0.003542620 0.002927770 0.003256720 0.002073940 0.001639820 0.001706910 0.001321860 0.001282050 0.001556450 0.001392240 0.001458400 0.000613230 0.000638770 0.000605720 0.000240150 0.000000000 0.001064570 0.001140760 0.002988950 0.003128040 0.003211510 0.006120560 
10     0.003882300 0.003453920 0.003332040 0.003414360 0.004233040 0.004206920 0.004131470 0.004126760 0.004256660 0.004500790 0.003252060 0.003301700 0.003226760 0.003208520 0.003214070 0.003782020 0.003176340 0.003441320 0.003352510 0.003395720 0.003434720 0.003714390 0.003537780 0.002827650 0.003400060 0.003506360 0.003726630 0.003466270 0.003433720 0.003280110 0.002665260 0.002994210 0.001811430 0.001377310 0.001778280 0.001059350 0.001019540 0.001293940 0.001129730 0.001529770 0.000820940 0.000673580 0.000547270 0.000052990 0.001064570 0.000000000 0.000169990 0.002726440 0.002865530 0.002949000 0.005858050 
15     0.003958490 0.003530110 0.003408230 0.003490550 0.004309230 0.004283110 0.004207660 0.004202950 0.004332850 0.004576980 0.003328250 0.003377890 0.003302950 0.003284710 0.003290260 0.003858210 0.003252530 0.003517510 0.003428700 0.003471910 0.003510910 0.003790580 0.003613970 0.002903840 0.003476250 0.003582550 0.003802820 0.003542460 0.003509910 0.003356300 0.002741450 0.003070400 0.001887620 0.001453500 0.001825090 0.001135540 0.001095730 0.001370130 0.001205920 0.001576580 0.000867750 0.000738320 0.000575400 0.000861980 0.001140760 0.000169990 0.000000000 0.002802630 0.002941720 0.003025190 0.005934240 
37     0.004123460 0.003695080 0.003573200 0.003655520 0.004474200 0.004448080 0.004372630 0.004367920 0.004497820 0.004741950 0.003493220 0.003542860 0.003467920 0.003449680 0.003455230 0.004023180 0.003417500 0.003682480 0.003593670 0.003636880 0.003675880 0.003955550 0.003778940 0.003068810 0.003641220 0.003747520 0.003967790 0.003707430 0.003674880 0.003521270 0.002906420 0.003235370 0.002484830 0.002762370 0.003347390 0.002790470 0.002750660 0.003025060 0.002860850 0.003081240 0.002592150 0.002597960 0.002780690 0.002710170 0.002988950 0.002726440 0.002802630 0.000000000 0.001969750 0.002053220 0.006099210 
21     0.004262550 0.003834170 0.003712290 0.003794610 0.004613290 0.004587170 0.004511720 0.004507010 0.004636910 0.004881040 0.003632310 0.003681950 0.003607010 0.003588770 0.003594320 0.004162270 0.003556590 0.003821570 0.003732760 0.003775970 0.003814970 0.004094640 0.003918030 0.003207900 0.003780310 0.003886610 0.004106880 0.003846520 0.003813970 0.003660360 0.003045510 0.003374460 0.002623920 0.002901460 0.003486480 0.002929560 0.002889750 0.003164150 0.002999940 0.003220330 0.002731240 0.002737050 0.002919780 0.002849260 0.003128040 0.002865530 0.002941720 0.001969750 0.000000000 0.000398750 0.006238300 
29     0.004346020 0.003917640 0.003795760 0.003878080 0.004696760 0.004670640 0.004595190 0.004590480 0.004720380 0.004964510 0.003715780 0.003765420 0.003690480 0.003672240 0.003677790 0.004245740 0.003640060 0.003905040 0.003816230 0.003859440 0.003898440 0.004178110 0.004001500 0.003291370 0.003863780 0.003970080 0.004190350 0.003929990 0.003897440 0.003743830 0.003128980 0.003457930 0.001100080 0.002984930 0.003569950 0.003013030 0.002973220 0.003247620 0.003083410 0.003303800 0.002814710 0.002820520 0.003003250 0.002932730 0.003211510 0.002949000 0.003025190 0.002053220 0.000398750 0.000000000 0.006321770 
0     0.006199870 0.005771490 0.005649610 0.005731930 0.006022610 0.005996490 0.005921040 0.005916330 0.006046230 0.006290360 0.005931550 0.005981190 0.005906250 0.005888010 0.005893560 0.006461510 0.005855830 0.006120810 0.006032000 0.006075210 0.006114210 0.006393880 0.006256050 0.005507140 0.006079550 0.006185850 0.006406120 0.006145760 0.006113210 0.005959600 0.005344750 0.005673700 0.005616440 0.005893980 0.006479000 0.005922080 0.005882270 0.006156670 0.005992460 0.006212850 0.005723760 0.005729570 0.005912300 0.005841780 0.006120560 0.005858050 0.005934240 0.006099210 0.006238300 0.006321770 0.000000000 
