51
2     0.000000000 0.632814274 0.630576343 0.696175605 0.817236074 0.873198536 0.831612197 0.842579565 0.876600123 0.933292034 0.812212052 0.818137521 0.820311819 0.840180689 0.835328533 0.860845139 0.891671459 0.827457089 0.929296141 0.929882111 0.884418235 0.829299835 0.889612802 0.788942739 0.849452020 0.854437404 0.848468099 0.837932704 0.833932982 0.817036110 0.742235979 0.808071654 0.801529978 0.844060229 0.877912117 0.855909581 0.860510055 0.859050403 0.862047114 0.870480928 0.827382391 0.820766459 0.842610273 0.836727002 0.853603219 0.842714554 0.843702722 0.844647950 0.875839093 0.871032154 1.488911061 
3     0.632814274 0.000000000 0.514276477 0.578173339 0.706495415 0.762226555 0.720640469 0.731602025 0.765620854 0.822466257 0.701504582 0.707430051 0.710350610 0.729477776 0.724625619 0.749649416 0.780475736 0.716341252 0.818180304 0.818766273 0.773210767 0.716986948 0.778339911 0.677395256 0.737843155 0.742936376 0.736967071 0.726467139 0.722467417 0.706241325 0.628527557 0.697362804 0.691026881 0.733340065 0.767075603 0.745153302 0.749753777 0.748294124 0.751290836 0.759717992 0.716573434 0.709974435 0.731858328 0.725497468 0.742851274 0.731962609 0.732950777 0.734219551 0.765410694 0.760603755 1.376400445 
1     0.630576343 0.514276477 0.000000000 0.480985460 0.705921761 0.761947556 0.720373985 0.731327333 0.765361911 0.822131550 0.701089699 0.707015168 0.709931170 0.729058336 0.724206180 0.749212496 0.780038816 0.715921812 0.817760864 0.818346834 0.772868333 0.717222794 0.777538149 0.677120448 0.738150534 0.743156319 0.737187013 0.726172792 0.722173070 0.705479542 0.630679411 0.696602889 0.689785679 0.730556015 0.766108314 0.744027940 0.748628415 0.747168762 0.750165474 0.758599288 0.715500751 0.708884819 0.730728632 0.724895561 0.741721578 0.730832914 0.731821082 0.732976912 0.764168233 0.759361294 1.377138650 
4     0.696175605 0.578173339 0.480985460 0.000000000 0.770706774 0.826628276 0.785054705 0.795982684 0.830042631 0.886862583 0.765731943 0.771657412 0.774573414 0.793700580 0.788848423 0.813854740 0.844681060 0.780564056 0.882403108 0.882989077 0.837510576 0.781810844 0.842145666 0.741880445 0.802472303 0.807437539 0.801468234 0.790214948 0.786215225 0.770142821 0.695342690 0.761266169 0.754640935 0.796730851 0.830963748 0.808883374 0.813483848 0.812024196 0.815020907 0.823454721 0.780356184 0.773740252 0.795584066 0.789732171 0.806577012 0.795688347 0.796676515 0.797546162 0.828737305 0.823930366 1.438799246 
39     0.817236074 0.706495415 0.705921761 0.770706774 0.000000000 0.591738306 0.551102475 0.562023101 0.595989618 0.651828372 0.678223604 0.684149073 0.688498160 0.706359540 0.701507384 0.726132978 0.756959298 0.692744303 0.794686705 0.795272674 0.749945315 0.693113579 0.753507747 0.656894389 0.716498015 0.721539866 0.715570561 0.705542430 0.701543590 0.682785759 0.608666216 0.674065986 0.662930535 0.706107243 0.739668013 0.718810589 0.723293726 0.721309475 0.724977866 0.733321675 0.690042263 0.683492483 0.705277546 0.699808582 0.716270492 0.705416220 0.706404388 0.707082981 0.738017489 0.733210550 1.393001309 
24     0.873198536 0.762226555 0.761947556 0.826628276 0.591738306 0.000000000 0.222960097 0.295710362 0.330741695 0.631079288 0.736085118 0.742010587 0.746269991 0.764131371 0.759279214 0.783906052 0.814732372 0.750512497 0.852960304 0.853546273 0.808041260 0.750540171 0.810843064 0.712710536 0.773012405 0.778052526 0.772083221 0.761927833 0.757982039 0.738920667 0.664805986 0.730205755 0.719463903 0.762210208 0.795770978 0.774573589 0.778652491 0.776866579 0.780740866 0.789084675 0.744335986 0.739255483 0.761040545 0.755571581 0.772033492 0.761179220 0.762167388 0.763216695 0.793494530 0.788687591 1.449739080 
25     0.831612197 0.720640469 0.720373985 0.785054705 0.551102475 0.222960097 0.000000000 0.252568072 0.287310373 0.590234650 0.693896946 0.699822415 0.704081818 0.721943198 0.717091041 0.741815244 0.772641563 0.708179773 0.811133069 0.811719039 0.766214026 0.708712013 0.769014906 0.671493161 0.731795030 0.736835151 0.730865846 0.720717336 0.716764664 0.698152357 0.624037676 0.689437446 0.678222850 0.720969155 0.754529925 0.733226208 0.737411438 0.735625526 0.739499813 0.747843622 0.702763844 0.698014429 0.719799492 0.714330528 0.730792439 0.719938167 0.720926334 0.721973782 0.752154425 0.747347486 1.408306549 
48     0.842579565 0.731602025 0.731327333 0.795982684 0.562023101 0.295710362 0.252568072 0.000000000 0.134860754 0.602035198 0.705301991 0.711227460 0.715486863 0.733348243 0.728496086 0.753122924 0.783949244 0.719729369 0.822177176 0.822763145 0.777258133 0.719757043 0.780059936 0.681570030 0.742229277 0.747269399 0.741300093 0.731151852 0.727198911 0.708586175 0.634471493 0.699871263 0.688680776 0.731427081 0.764987851 0.743650823 0.747772461 0.745986549 0.749957738 0.758301547 0.713758863 0.708472355 0.730257418 0.724788454 0.741250364 0.730396092 0.731384260 0.732433567 0.762762864 0.757955925 1.419148897 
32     0.876600123 0.765620854 0.765361911 0.830042631 0.595989618 0.330741695 0.287310373 0.134860754 0.000000000 0.636046182 0.739298272 0.745223741 0.749483144 0.767344524 0.762492367 0.787119205 0.817945525 0.753725650 0.856173457 0.856759426 0.811254414 0.753753324 0.814056217 0.715566311 0.776225558 0.781265680 0.775296374 0.765148133 0.761195192 0.742583663 0.668468982 0.733868751 0.722677057 0.765423362 0.798984132 0.777647104 0.781692602 0.779906690 0.783954019 0.792297828 0.747755144 0.742468636 0.764253699 0.758784735 0.775246645 0.764392373 0.765380541 0.766429848 0.796759145 0.791952206 1.453150163 
41     0.933292034 0.822466257 0.822131550 0.886862583 0.651828372 0.631079288 0.590234650 0.602035198 0.636046182 0.000000000 0.792944762 0.798870231 0.803127668 0.820971685 0.816119528 0.840619125 0.871445445 0.807415571 0.909729677 0.910315646 0.864810633 0.807342419 0.867439580 0.770738681 0.830169436 0.835209557 0.829240252 0.819126954 0.815127971 0.796418261 0.722303580 0.787703350 0.778092568 0.819927021 0.853487791 0.833079523 0.837527129 0.835769319 0.839270132 0.847613941 0.803733453 0.797644189 0.819458870 0.814011997 0.830473907 0.819619636 0.820607803 0.821788822 0.852521659 0.847714720 1.508423239 
27     0.812212052 0.701504582 0.701089699 0.765731943 0.678223604 0.736085118 0.693896946 0.705301991 0.739298272 0.792944762 0.000000000 0.091187560 0.243458015 0.282346349 0.280606764 0.410770095 0.441243383 0.374169253 0.531122451 0.531844949 0.486788827 0.619596843 0.677174081 0.591286941 0.650655605 0.654782177 0.648812872 0.639560870 0.635531723 0.629803027 0.555928166 0.621373435 0.628036586 0.669997562 0.703310161 0.681191678 0.685778390 0.684410436 0.687315449 0.695283536 0.652474360 0.645665036 0.667512153 0.662041012 0.678505099 0.667848328 0.668836495 0.670846513 0.701721352 0.696914413 1.387658103 
17     0.818137521 0.707430051 0.707015168 0.771657412 0.684149073 0.742010587 0.699822415 0.711227460 0.745223741 0.798870231 0.091187560 0.000000000 0.249636476 0.287833160 0.285839732 0.416393631 0.446918636 0.379587904 0.537318839 0.538041337 0.492987158 0.625522312 0.683099550 0.597212410 0.656581074 0.660707646 0.654738341 0.645486339 0.641457192 0.635728496 0.561853635 0.627298904 0.633962055 0.675923031 0.709235630 0.687117147 0.691703859 0.690335905 0.693240918 0.701209005 0.658399829 0.651590505 0.673437622 0.667966481 0.684430568 0.673773797 0.674761964 0.676771982 0.707646821 0.702839882 1.393583572 
9     0.820311819 0.710350610 0.709931170 0.774573414 0.688498160 0.746269991 0.704081818 0.715486863 0.749483144 0.803127668 0.243458015 0.249636476 0.000000000 0.290437670 0.287313873 0.422804497 0.453305974 0.384532279 0.542341558 0.543064056 0.498039833 0.629821602 0.687398840 0.601350995 0.660719659 0.664846231 0.658876926 0.649624924 0.645595778 0.640040232 0.566165371 0.631610641 0.638330114 0.680828259 0.714208886 0.692051470 0.696638182 0.695270228 0.698175241 0.706143328 0.663204406 0.656395082 0.678371945 0.672900804 0.689364891 0.678578374 0.679566541 0.681160989 0.712035828 0.707228889 1.397202645 
42     0.840180689 0.729477776 0.729058336 0.793700580 0.706359540 0.764131371 0.721943198 0.733348243 0.767344524 0.820971685 0.282346349 0.287833160 0.290437670 0.000000000 0.105563702 0.439307073 0.470184739 0.400615570 0.560239471 0.560961969 0.515494547 0.647465064 0.705064689 0.619160812 0.678529476 0.682656048 0.676686743 0.667434741 0.663405594 0.657723229 0.583834738 0.649293637 0.656157632 0.698655777 0.732036404 0.709878988 0.714465700 0.713097746 0.716002759 0.723970846 0.681031924 0.674222600 0.696199463 0.690728322 0.707192409 0.696405892 0.697394059 0.698988507 0.729863346 0.725056407 1.415609708 
38     0.835328533 0.724625619 0.724206180 0.788848423 0.701507384 0.759279214 0.717091041 0.728496086 0.762492367 0.816119528 0.280606764 0.285839732 0.287313873 0.105563702 0.000000000 0.434343188 0.465249715 0.395665814 0.555267148 0.555989647 0.510800271 0.642612907 0.700212532 0.614308655 0.673677319 0.677803891 0.671834586 0.662582585 0.658553438 0.652871072 0.578982581 0.644441480 0.651305475 0.693803620 0.727184247 0.705026831 0.709613544 0.708245589 0.711150603 0.719118690 0.676179767 0.669370443 0.691347307 0.685876165 0.702340253 0.691553735 0.692541903 0.694136350 0.725011189 0.720204250 1.410757552 
13     0.860845139 0.749649416 0.749212496 0.813854740 0.726132978 0.783906052 0.741815244 0.753122924 0.787119205 0.840619125 0.410770095 0.416393631 0.422804497 0.439307073 0.434343188 0.000000000 0.223786083 0.396760223 0.578757501 0.579490100 0.532971456 0.668387932 0.725953536 0.639568831 0.698937495 0.703064067 0.697094762 0.687842760 0.683813613 0.677209445 0.603256440 0.668715340 0.675443496 0.717941641 0.751322268 0.729164852 0.733751565 0.732383610 0.735288623 0.743256710 0.700317788 0.693508464 0.715434834 0.709963693 0.726427780 0.715691756 0.716679923 0.718283072 0.749157911 0.744350972 1.435610389 
46     0.891671459 0.780475736 0.780038816 0.844681060 0.756959298 0.814732372 0.772641563 0.783949244 0.817945525 0.871445445 0.441243383 0.446918636 0.453305974 0.470184739 0.465249715 0.223786083 0.000000000 0.427627287 0.609960801 0.610676158 0.564159162 0.699214252 0.756779856 0.670395150 0.729763814 0.733890387 0.727921081 0.718669080 0.714639933 0.708035765 0.634082760 0.699541660 0.706269816 0.748767961 0.782148587 0.759991172 0.764577884 0.763209930 0.766114943 0.774083030 0.731144107 0.724334784 0.746277564 0.740806423 0.757270510 0.746518075 0.747506243 0.749109391 0.779984231 0.775177292 1.466436708 
5     0.827457089 0.716341252 0.715921812 0.780564056 0.692744303 0.750512497 0.708179773 0.719729369 0.753725650 0.807415571 0.374169253 0.379587904 0.384532279 0.400615570 0.395665814 0.396760223 0.427627287 0.000000000 0.544897945 0.545616068 0.499165890 0.634858363 0.692454694 0.606019720 0.665388384 0.669514956 0.663545651 0.654293649 0.650264503 0.643836029 0.569883024 0.635341924 0.642044378 0.684542524 0.717923150 0.695765734 0.700352447 0.698984493 0.701889506 0.709857593 0.666918670 0.660109346 0.682061112 0.676589971 0.693054058 0.682292638 0.683280806 0.684875253 0.715750093 0.710943154 1.402105566 
45     0.929296141 0.818180304 0.817760864 0.882403108 0.794686705 0.852960304 0.811133069 0.822177176 0.856173457 0.909729677 0.531122451 0.537318839 0.542341558 0.560239471 0.555267148 0.578757501 0.609960801 0.544897945 0.000000000 0.097817089 0.331249707 0.735272857 0.792726392 0.707500547 0.766869211 0.770592954 0.764623648 0.755774477 0.751745330 0.746275984 0.672269641 0.737846393 0.744300269 0.786790509 0.820171135 0.798013720 0.802600432 0.801232478 0.804137491 0.812105578 0.769166655 0.762357331 0.784346269 0.778875128 0.795339216 0.784540623 0.785528791 0.787175225 0.818050065 0.813243126 1.504077805 
28     0.929882111 0.818766273 0.818346834 0.882989077 0.795272674 0.853546273 0.811719039 0.822763145 0.856759426 0.910315646 0.531844949 0.538041337 0.543064056 0.560961969 0.555989647 0.579490100 0.610676158 0.545616068 0.097817089 0.000000000 0.328601097 0.735858826 0.793312361 0.708086517 0.767455181 0.771178923 0.765209618 0.756360446 0.752331300 0.746861954 0.672855611 0.738432362 0.744886239 0.787376478 0.820757105 0.798599689 0.803186402 0.801818447 0.804723460 0.812691547 0.769752625 0.762943301 0.784932239 0.779461098 0.795925185 0.785126593 0.786114760 0.787761195 0.818636034 0.813829095 1.504663775 
20     0.884418235 0.773210767 0.772868333 0.837510576 0.749945315 0.808041260 0.766214026 0.777258133 0.811254414 0.864810633 0.486788827 0.492987158 0.498039833 0.515494547 0.510800271 0.532971456 0.564159162 0.499165890 0.331249707 0.328601097 0.000000000 0.690409894 0.747970166 0.662687488 0.722056152 0.725963686 0.719994381 0.710961417 0.706932270 0.701394066 0.627406652 0.692964474 0.699507770 0.741998009 0.775378636 0.753221220 0.757807933 0.756439979 0.759344992 0.767313079 0.724374156 0.717564832 0.739553770 0.734082629 0.750546716 0.739748124 0.740736292 0.742382726 0.773257565 0.768450626 1.459172546 
36     0.829299835 0.716986948 0.717222794 0.781810844 0.693113579 0.750540171 0.708712013 0.719757043 0.753753324 0.807342419 0.619596843 0.625522312 0.629821602 0.647465064 0.642612907 0.668387932 0.699214252 0.634858363 0.735272857 0.735858826 0.690409894 0.000000000 0.590830712 0.602246110 0.661959044 0.666194205 0.660224050 0.650968497 0.646939350 0.643745827 0.570161939 0.635755426 0.642436695 0.686452052 0.719861578 0.695031166 0.699615998 0.698248044 0.701153057 0.712094351 0.669165581 0.662356257 0.684383376 0.678912235 0.695376323 0.684539548 0.685527716 0.683965428 0.714782284 0.709975345 1.405550564 
8     0.889612802 0.778339911 0.777538149 0.842145666 0.753507747 0.810843064 0.769014906 0.780059936 0.814056217 0.867439580 0.677174081 0.683099550 0.687398840 0.705064689 0.700212532 0.725953536 0.756779856 0.692454694 0.792726392 0.793312361 0.747970166 0.590830712 0.000000000 0.660748412 0.720459745 0.723917672 0.717947518 0.709189102 0.705159956 0.706333583 0.632964008 0.698544710 0.702840401 0.745214949 0.778981426 0.756969758 0.761556471 0.759923430 0.763093530 0.770551756 0.727566251 0.720757931 0.742830629 0.737359488 0.754333436 0.742957024 0.743945191 0.745769535 0.776667990 0.771861051 1.465276323 
18     0.788942739 0.677395256 0.677120448 0.741880445 0.656894389 0.712710536 0.671493161 0.681570030 0.715566311 0.770738681 0.591286941 0.597212410 0.601350995 0.619160812 0.614308655 0.639568831 0.670395150 0.606019720 0.707500547 0.708086517 0.662687488 0.602246110 0.660748412 0.000000000 0.385167783 0.438743466 0.433087224 0.419705319 0.416510185 0.605385881 0.531049849 0.596575119 0.604892789 0.648066615 0.681853629 0.659597916 0.664182748 0.662808800 0.665719807 0.673687894 0.630748971 0.623932926 0.645976853 0.640505712 0.656969799 0.645885713 0.646873881 0.648342502 0.679265634 0.674458695 1.366282818 
33     0.849452020 0.737843155 0.738150534 0.802472303 0.716498015 0.773012405 0.731795030 0.742229277 0.776225558 0.830169436 0.650655605 0.656581074 0.660719659 0.678529476 0.673677319 0.698937495 0.729763814 0.665388384 0.766869211 0.767455181 0.722056152 0.661959044 0.720459745 0.385167783 0.000000000 0.497406542 0.491773693 0.478962834 0.475056850 0.665408871 0.592060520 0.657571873 0.663878769 0.706908062 0.740695076 0.718519083 0.723103915 0.721729966 0.724640974 0.732517436 0.689667864 0.682845717 0.704899373 0.699428232 0.715892320 0.704808234 0.705782884 0.707669704 0.738646632 0.733839693 1.426001222 
35     0.854437404 0.742936376 0.743156319 0.807437539 0.721539866 0.778052526 0.736835151 0.747269399 0.781265680 0.835209557 0.654782177 0.660707646 0.664846231 0.682656048 0.677803891 0.703064067 0.733890387 0.669514956 0.770592954 0.771178923 0.725963686 0.666194205 0.723917672 0.438743466 0.497406542 0.000000000 0.157744207 0.434316066 0.430807428 0.669995615 0.596524934 0.662036288 0.668346109 0.711350022 0.745137036 0.722881323 0.727466155 0.726092206 0.729003214 0.736963422 0.694024500 0.687061988 0.709105915 0.703634774 0.720098862 0.708173596 0.709015298 0.711930658 0.742862510 0.738100647 1.430721673 
6     0.848468099 0.736967071 0.737187013 0.801468234 0.715570561 0.772083221 0.730865846 0.741300093 0.775296374 0.829240252 0.648812872 0.654738341 0.658876926 0.676686743 0.671834586 0.697094762 0.727921081 0.663545651 0.764623648 0.765209618 0.719994381 0.660224050 0.717947518 0.433087224 0.491773693 0.157744207 0.000000000 0.428565691 0.425057053 0.663823652 0.590082147 0.655834458 0.662376804 0.705380717 0.739167730 0.716912017 0.721496849 0.720122901 0.723033908 0.730994117 0.688055194 0.681092683 0.703136610 0.697665469 0.714129556 0.702200011 0.703041713 0.705961353 0.736893205 0.732131342 1.424752368 
30     0.837932704 0.726467139 0.726172792 0.790214948 0.705542430 0.761927833 0.720717336 0.731151852 0.765148133 0.819126954 0.639560870 0.645486339 0.649624924 0.667434741 0.662582585 0.687842760 0.718669080 0.654293649 0.755774477 0.756360446 0.710961417 0.650968497 0.709189102 0.419705319 0.478962834 0.434316066 0.428565691 0.000000000 0.183626598 0.654066845 0.580596163 0.646107517 0.652519301 0.695469218 0.729239418 0.707019296 0.711604128 0.710230180 0.713141187 0.721101396 0.678162473 0.671199962 0.693243889 0.687772748 0.704236835 0.693376934 0.694218636 0.696046765 0.726978617 0.722216754 1.414102202 
23     0.833932982 0.722467417 0.722173070 0.786215225 0.701543590 0.757982039 0.716764664 0.727198911 0.761195192 0.815127971 0.635531723 0.641457192 0.645595778 0.663405594 0.658553438 0.683813613 0.714639933 0.650264503 0.751745330 0.752331300 0.706932270 0.646939350 0.705159956 0.416510185 0.475056850 0.430807428 0.425057053 0.183626598 0.000000000 0.649602880 0.575941675 0.641566437 0.648492980 0.691442897 0.725213097 0.702992976 0.707577808 0.706203859 0.709114867 0.717075075 0.674136152 0.667173641 0.689217568 0.683746427 0.700210514 0.689350613 0.690192315 0.692016708 0.722948560 0.718186697 1.410102479 
14     0.817036110 0.706241325 0.705479542 0.770142821 0.682785759 0.738920667 0.698152357 0.708586175 0.742583663 0.796418261 0.629803027 0.635728496 0.640040232 0.657723229 0.652871072 0.677209445 0.708035765 0.643836029 0.746275984 0.746861954 0.701394066 0.643745827 0.706333583 0.605385881 0.665408871 0.669995615 0.663823652 0.654066845 0.649602880 0.000000000 0.343660415 0.407169016 0.630945380 0.672880715 0.706682361 0.681556451 0.686143163 0.684557142 0.687680222 0.698330717 0.655682594 0.649119911 0.670910475 0.665439334 0.681903422 0.671056835 0.672045003 0.670845736 0.701784624 0.696977685 1.394087179 
31     0.742235979 0.628527557 0.630679411 0.695342690 0.608666216 0.664805986 0.624037676 0.634471493 0.668468982 0.722303580 0.555928166 0.561853635 0.566165371 0.583834738 0.578982581 0.603256440 0.634082760 0.569883024 0.672269641 0.672855611 0.627406652 0.570161939 0.632964008 0.531049849 0.592060520 0.596524934 0.590082147 0.580596163 0.575941675 0.343660415 0.000000000 0.184055778 0.557393827 0.598516474 0.632318119 0.606401052 0.610987765 0.609401744 0.612524824 0.622507817 0.580678200 0.574115517 0.595906081 0.590434940 0.606899027 0.596052441 0.597040609 0.597450163 0.628389051 0.623582112 1.319795850 
49     0.808071654 0.697362804 0.696602889 0.761266169 0.674065986 0.730205755 0.689437446 0.699871263 0.733868751 0.787703350 0.621373435 0.627298904 0.631610641 0.649293637 0.644441480 0.668715340 0.699541660 0.635341924 0.737846393 0.738432362 0.692964474 0.635755426 0.698544710 0.596575119 0.657571873 0.662036288 0.655834458 0.646107517 0.641566437 0.407169016 0.184055778 0.000000000 0.622905775 0.663869911 0.697671556 0.671754490 0.676341203 0.674755182 0.677878262 0.687652767 0.646031637 0.639468955 0.661259519 0.655788378 0.672252465 0.661405879 0.662394046 0.662803601 0.693742489 0.688935550 1.382205934 
34     0.801529978 0.691026881 0.689785679 0.754640935 0.662930535 0.719463903 0.678222850 0.688680776 0.722677057 0.778092568 0.628036586 0.633962055 0.638330114 0.656157632 0.651305475 0.675443496 0.706269816 0.642044378 0.744300269 0.744886239 0.699507770 0.642436695 0.702840401 0.604892789 0.663878769 0.668346109 0.662376804 0.652519301 0.648492980 0.630945380 0.557393827 0.622905775 0.000000000 0.473574060 0.506178136 0.484048145 0.488763339 0.487590398 0.490150633 0.497842204 0.455467397 0.448638055 0.470170688 0.464961365 0.481048658 0.470862864 0.471851032 0.531854046 0.562059662 0.557297705 1.376511277 
40     0.844060229 0.733340065 0.730556015 0.796730851 0.706107243 0.762210208 0.720969155 0.731427081 0.765423362 0.819927021 0.669997562 0.675923031 0.680828259 0.698655777 0.693803620 0.717941641 0.748767961 0.684542524 0.786790509 0.787376478 0.741998009 0.686452052 0.745214949 0.648066615 0.706908062 0.711350022 0.705380717 0.695469218 0.691442897 0.672880715 0.598516474 0.663869911 0.473574060 0.000000000 0.311471411 0.323698869 0.328739460 0.326740534 0.329933761 0.338092232 0.294946921 0.290010608 0.310008852 0.305238155 0.321643375 0.311420609 0.312418231 0.572876021 0.604839859 0.600077902 1.419080043 
44     0.877912117 0.767075603 0.766108314 0.830963748 0.739668013 0.795770978 0.754529925 0.764987851 0.798984132 0.853487791 0.703310161 0.709235630 0.714208886 0.732036404 0.727184247 0.751322268 0.782148587 0.717923150 0.820171135 0.820757105 0.775378636 0.719861578 0.778981426 0.681853629 0.740695076 0.745137036 0.739167730 0.729239418 0.725213097 0.706682361 0.632318119 0.697671556 0.506178136 0.311471411 0.000000000 0.354533179 0.359498456 0.358562882 0.360929648 0.368835789 0.329115807 0.323137433 0.343779194 0.339270389 0.354248712 0.344991379 0.346732532 0.605409312 0.637293362 0.632531404 1.452865699 
19     0.855909581 0.745153302 0.744027940 0.808883374 0.718810589 0.774573589 0.733226208 0.743650823 0.777647104 0.833079523 0.681191678 0.687117147 0.692051470 0.709878988 0.705026831 0.729164852 0.759991172 0.695765734 0.798013720 0.798599689 0.753221220 0.695031166 0.756969758 0.659597916 0.718519083 0.722881323 0.716912017 0.707019296 0.702992976 0.681556451 0.606401052 0.671754490 0.484048145 0.323698869 0.354533179 0.000000000 0.105490847 0.101221709 0.103494628 0.250641632 0.253570429 0.246244490 0.268426263 0.263210010 0.278299488 0.268575741 0.270965591 0.579648611 0.611288166 0.606526209 1.430359024 
50     0.860510055 0.749753777 0.748628415 0.813483848 0.723293726 0.778652491 0.737411438 0.747772461 0.781692602 0.837527129 0.685778390 0.691703859 0.696638182 0.714465700 0.709613544 0.733751565 0.764577884 0.700352447 0.802600432 0.803186402 0.757807933 0.699615998 0.761556471 0.664182748 0.723103915 0.727466155 0.721496849 0.711604128 0.707577808 0.686143163 0.610987765 0.676341203 0.488763339 0.328739460 0.359498456 0.105490847 0.000000000 0.101520823 0.111816721 0.252589878 0.257642124 0.249543345 0.273387380 0.267782197 0.282395520 0.272312340 0.274676544 0.584340452 0.615980007 0.611218050 1.434959498 
16     0.859050403 0.748294124 0.747168762 0.812024196 0.721309475 0.776866579 0.735625526 0.745986549 0.779906690 0.835769319 0.684410436 0.690335905 0.695270228 0.713097746 0.708245589 0.732383610 0.763209930 0.698984493 0.801232478 0.801818447 0.756439979 0.698248044 0.759923430 0.662808800 0.721729966 0.726092206 0.720122901 0.710230180 0.706203859 0.684557142 0.609401744 0.674755182 0.487590398 0.326740534 0.358562882 0.101221709 0.101520823 0.000000000 0.108557042 0.251800751 0.257687504 0.249931955 0.272963773 0.267745368 0.283100144 0.273068868 0.275430918 0.583054377 0.614693932 0.609931974 1.433455493 
7     0.862047114 0.751290836 0.750165474 0.815020907 0.724977866 0.780740866 0.739499813 0.749957738 0.783954019 0.839270132 0.687315449 0.693240918 0.698175241 0.716002759 0.711150603 0.735288623 0.766114943 0.701889506 0.804137491 0.804723460 0.759344992 0.701153057 0.763093530 0.665719807 0.724640974 0.729003214 0.723033908 0.713141187 0.709114867 0.687680222 0.612524824 0.677878262 0.490150633 0.329933761 0.360929648 0.103494628 0.111816721 0.108557042 0.000000000 0.257535276 0.259560567 0.252514295 0.274804958 0.269194002 0.284206890 0.274532574 0.276922423 0.585726840 0.617366394 0.612604437 1.436496557 
47     0.870480928 0.759717992 0.758599288 0.823454721 0.733321675 0.789084675 0.747843622 0.758301547 0.792297828 0.847613941 0.695283536 0.701209005 0.706143328 0.723970846 0.719118690 0.743256710 0.774083030 0.709857593 0.812105578 0.812691547 0.767313079 0.712094351 0.770551756 0.673687894 0.732517436 0.736963422 0.730994117 0.721101396 0.717075075 0.698330717 0.622507817 0.687652767 0.497842204 0.338092232 0.368835789 0.250641632 0.252589878 0.251800751 0.257535276 0.000000000 0.266261895 0.259841281 0.281926002 0.276438384 0.291913498 0.281049013 0.282934699 0.597679756 0.629335955 0.624573997 1.445132119 
43     0.827382391 0.716573434 0.715500751 0.780356184 0.690042263 0.744335986 0.702763844 0.713758863 0.747755144 0.803733453 0.652474360 0.658399829 0.663204406 0.681031924 0.676179767 0.700317788 0.731144107 0.666918670 0.769166655 0.769752625 0.724374156 0.669165581 0.727566251 0.630748971 0.689667864 0.694024500 0.688055194 0.678162473 0.674136152 0.655682594 0.580678200 0.646031637 0.455467397 0.294946921 0.329115807 0.253570429 0.257642124 0.257687504 0.259560567 0.266261895 0.000000000 0.138273334 0.153969926 0.150876185 0.164934730 0.153328625 0.157596504 0.554876530 0.586754059 0.581992102 1.401966768 
12     0.820766459 0.709974435 0.708884819 0.773740252 0.683492483 0.739255483 0.698014429 0.708472355 0.742468636 0.797644189 0.645665036 0.651590505 0.656395082 0.674222600 0.669370443 0.693508464 0.724334784 0.660109346 0.762357331 0.762943301 0.717564832 0.662356257 0.720757931 0.623932926 0.682845717 0.687061988 0.681092683 0.671199962 0.667173641 0.649119911 0.574115517 0.639468955 0.448638055 0.290010608 0.323137433 0.246244490 0.249543345 0.249931955 0.252514295 0.259841281 0.138273334 0.000000000 0.150682458 0.146942710 0.161772082 0.152181253 0.152995207 0.548132332 0.579782359 0.575020402 1.395318644 
22     0.842610273 0.731858328 0.730728632 0.795584066 0.705277546 0.761040545 0.719799492 0.730257418 0.764253699 0.819458870 0.667512153 0.673437622 0.678371945 0.696199463 0.691347307 0.715434834 0.746277564 0.682061112 0.784346269 0.784932239 0.739553770 0.684383376 0.742830629 0.645976853 0.704899373 0.709105915 0.703136610 0.693243889 0.689217568 0.670910475 0.595906081 0.661259519 0.470170688 0.310008852 0.343779194 0.268426263 0.273387380 0.272963773 0.274804958 0.281926002 0.153969926 0.150682458 0.000000000 0.092146205 0.113501612 0.155772543 0.156706280 0.569784224 0.601434251 0.596672293 1.417194650 
11     0.836727002 0.725497468 0.724895561 0.789732171 0.699808582 0.755571581 0.714330528 0.724788454 0.758784735 0.814011997 0.662041012 0.667966481 0.672900804 0.690728322 0.685876165 0.709963693 0.740806423 0.676589971 0.778875128 0.779461098 0.734082629 0.678912235 0.737359488 0.640505712 0.699428232 0.703634774 0.697665469 0.687772748 0.683746427 0.665439334 0.590434940 0.655788378 0.464961365 0.305238155 0.339270389 0.263210010 0.267782197 0.267745368 0.269194002 0.276438384 0.150876185 0.146942710 0.092146205 0.000000000 0.110574626 0.149546023 0.150484954 0.564527276 0.596177304 0.591415346 1.411528940 
26     0.853603219 0.742851274 0.741721578 0.806577012 0.716270492 0.772033492 0.730792439 0.741250364 0.775246645 0.830473907 0.678505099 0.684430568 0.689364891 0.707192409 0.702340253 0.726427780 0.757270510 0.693054058 0.795339216 0.795925185 0.750546716 0.695376323 0.754333436 0.656969799 0.715892320 0.720098862 0.714129556 0.704236835 0.700210514 0.681903422 0.606899027 0.672252465 0.481048658 0.321643375 0.354248712 0.278299488 0.282395520 0.283100144 0.284206890 0.291913498 0.164934730 0.161772082 0.113501612 0.110574626 0.000000000 0.164160534 0.165936911 0.580748038 0.612398065 0.607636107 1.428187596 
10     0.842714554 0.731962609 0.730832914 0.795688347 0.705416220 0.761179220 0.719938167 0.730396092 0.764392373 0.819619636 0.667848328 0.673773797 0.678578374 0.696405892 0.691553735 0.715691756 0.746518075 0.682292638 0.784540623 0.785126593 0.739748124 0.684539548 0.742957024 0.645885713 0.704808234 0.708173596 0.702200011 0.693376934 0.689350613 0.671056835 0.596052441 0.661405879 0.470862864 0.311420609 0.344991379 0.268575741 0.272312340 0.273068868 0.274532574 0.281049013 0.153328625 0.152181253 0.155772543 0.149546023 0.164160534 0.000000000 0.083372216 0.569403760 0.601401376 0.596639418 1.417298932 
15     0.843702722 0.732950777 0.731821082 0.796676515 0.706404388 0.762167388 0.720926334 0.731384260 0.765380541 0.820607803 0.668836495 0.674761964 0.679566541 0.697394059 0.692541903 0.716679923 0.747506243 0.683280806 0.785528791 0.786114760 0.740736292 0.685527716 0.743945191 0.646873881 0.705782884 0.709015298 0.703041713 0.694218636 0.690192315 0.672045003 0.597040609 0.662394046 0.471851032 0.312418231 0.346732532 0.270965591 0.274676544 0.275430918 0.276922423 0.282934699 0.157596504 0.152995207 0.156706280 0.150484954 0.165936911 0.083372216 0.000000000 0.570391928 0.602389544 0.597627586 1.418287099 
37     0.844647950 0.734219551 0.732976912 0.797546162 0.707082981 0.763216695 0.721973782 0.732433567 0.766429848 0.821788822 0.670846513 0.676771982 0.681160989 0.698988507 0.694136350 0.718283072 0.749109391 0.684875253 0.787175225 0.787761195 0.742382726 0.683965428 0.745769535 0.648342502 0.707669704 0.711930658 0.705961353 0.696046765 0.692016708 0.670845736 0.597450163 0.662803601 0.531854046 0.572876021 0.605409312 0.579648611 0.584340452 0.583054377 0.585726840 0.597679756 0.554876530 0.548132332 0.569784224 0.564527276 0.580748038 0.569403760 0.570391928 0.000000000 0.363124791 0.356869133 1.412792738 
21     0.875839093 0.765410694 0.764168233 0.828737305 0.738017489 0.793494530 0.752154425 0.762762864 0.796759145 0.852521659 0.701721352 0.707646821 0.712035828 0.729863346 0.725011189 0.749157911 0.779984231 0.715750093 0.818050065 0.818636034 0.773257565 0.714782284 0.776667990 0.679265634 0.738646632 0.742862510 0.736893205 0.726978617 0.722948560 0.701784624 0.628389051 0.693742489 0.562059662 0.604839859 0.637293362 0.611288166 0.615980007 0.614693932 0.617366394 0.629335955 0.586754059 0.579782359 0.601434251 0.596177304 0.612398065 0.601401376 0.602389544 0.363124791 0.000000000 0.132303389 1.451164520 
29     0.871032154 0.760603755 0.759361294 0.823930366 0.733210550 0.788687591 0.747347486 0.757955925 0.791952206 0.847714720 0.696914413 0.702839882 0.707228889 0.725056407 0.720204250 0.744350972 0.775177292 0.710943154 0.813243126 0.813829095 0.768450626 0.709975345 0.771861051 0.674458695 0.733839693 0.738100647 0.732131342 0.722216754 0.718186697 0.696977685 0.623582112 0.688935550 0.557297705 0.600077902 0.632531404 0.606526209 0.611218050 0.609931974 0.612604437 0.624573997 0.581992102 0.575020402 0.596672293 0.591415346 0.607636107 0.596639418 0.597627586 0.356869133 0.132303389 0.000000000 1.446357581 
0     1.488911061 1.376400445 1.377138650 1.438799246 1.393001309 1.449739080 1.408306549 1.419148897 1.453150163 1.508423239 1.387658103 1.393583572 1.397202645 1.415609708 1.410757552 1.435610389 1.466436708 1.402105566 1.504077805 1.504663775 1.459172546 1.405550564 1.465276323 1.366282818 1.426001222 1.430721673 1.424752368 1.414102202 1.410102479 1.394087179 1.319795850 1.382205934 1.376511277 1.419080043 1.452865699 1.430359024 1.434959498 1.433455493 1.436496557 1.445132119 1.401966768 1.395318644 1.417194650 1.411528940 1.428187596 1.417298932 1.418287099 1.412792738 1.451164520 1.446357581 0.000000000 
