51
1     0.000000000 0.007514652 0.007391288 0.014279716 0.014487517 0.014718932 0.014775394 0.014748302 0.014706282 0.013071430 0.014538358 0.014507875 0.013817740 0.015346538 0.014754413 0.013648228 0.014161599 0.014745867 0.015137434 0.014027870 0.013645202 0.014057922 0.014307014 0.014064774 0.013727961 0.013989928 0.013995626 0.014610266 0.014802129 0.015430111 0.015241500 0.014315824 0.014325380 0.014157283 0.015598809 0.013074344 0.013220220 0.013175158 0.014732490 0.014588398 0.014569612 0.014592331 0.014189417 0.015282860 0.015677044 0.015270276 0.014780505 0.015067538 0.015793745 0.015787719 0.024256118 
3     0.007514652 0.000000000 0.003478858 0.014168445 0.014383303 0.014605608 0.014661282 0.014634190 0.014592958 0.012961507 0.014425430 0.014394947 0.013686979 0.015233482 0.014642044 0.013539675 0.014058147 0.014628515 0.015018373 0.013910518 0.013529404 0.013942124 0.014190203 0.013952784 0.013599665 0.013876944 0.013882642 0.014481580 0.014673443 0.015305245 0.015109685 0.014171220 0.014180776 0.014014426 0.015459723 0.012957979 0.013106784 0.013061722 0.014635821 0.014460732 0.014445466 0.014468185 0.014066114 0.015154488 0.015545315 0.015141904 0.014641743 0.014927271 0.015665421 0.015659394 0.024123952 
2     0.007391288 0.003478858 0.000000000 0.014031992 0.014246851 0.014469155 0.014525163 0.014498072 0.014456506 0.012813876 0.014268413 0.014237930 0.013530313 0.015082949 0.014495697 0.013390364 0.013906598 0.014477496 0.014865763 0.013760842 0.013377161 0.013789399 0.014045857 0.013803617 0.013454367 0.013714217 0.013722351 0.014344070 0.014539153 0.015165071 0.014968510 0.014035432 0.014044988 0.013876312 0.015319783 0.012826915 0.012976575 0.012931513 0.014483125 0.014320451 0.014306364 0.014329083 0.013927012 0.015014069 0.015402402 0.015001485 0.014514041 0.014801074 0.015528079 0.015522052 0.023985360 
16     0.014279716 0.014168445 0.014031992 0.000000000 0.003614694 0.003925364 0.004675968 0.004669728 0.004627629 0.012873993 0.014349769 0.014319287 0.013671972 0.015191796 0.014588310 0.013474172 0.014017269 0.014501510 0.014880018 0.013762957 0.013407457 0.013817247 0.014073292 0.013829893 0.013476503 0.013755244 0.013760942 0.014391658 0.014583521 0.015204486 0.015004814 0.014057494 0.014067050 0.013897717 0.015335328 0.012869114 0.013006918 0.012961856 0.014537600 0.014350139 0.014311573 0.014334292 0.013931460 0.015057285 0.015431021 0.015041966 0.014550419 0.014839075 0.015588671 0.015590876 0.024533621 
50     0.014487517 0.014383303 0.014246851 0.003614694 0.000000000 0.003279404 0.004859839 0.004838595 0.004759118 0.013101704 0.014584291 0.014553808 0.013904291 0.015422493 0.014822146 0.013709400 0.014248646 0.014729594 0.015108102 0.013991041 0.013635153 0.014045331 0.014301376 0.014057977 0.013704587 0.013983394 0.013989092 0.014622021 0.014813884 0.015432725 0.015235177 0.014287857 0.014297413 0.014128081 0.015565692 0.013111085 0.013241696 0.013196635 0.014766826 0.014571837 0.014535383 0.014558102 0.014155398 0.015281096 0.015654832 0.015265777 0.014774230 0.015062885 0.015811351 0.015813557 0.024750523 
49     0.014718932 0.014605608 0.014469155 0.003925364 0.003279404 0.000000000 0.005112709 0.005076066 0.005041280 0.013315605 0.014798017 0.014767535 0.014113662 0.015636688 0.015036958 0.013914056 0.014460621 0.014940578 0.015313530 0.014197664 0.013846728 0.014256824 0.014512868 0.014269469 0.013916080 0.014199879 0.014205577 0.014836621 0.015028484 0.015649227 0.015449778 0.014502458 0.014512013 0.014342681 0.015780292 0.013325685 0.013456297 0.013411235 0.014981426 0.014786559 0.014750106 0.014772825 0.014369296 0.015495818 0.015869555 0.015480500 0.014988953 0.015277608 0.016026074 0.016028279 0.024913742 
47     0.014775394 0.014661282 0.014525163 0.004675968 0.004859839 0.005112709 0.000000000 0.001584311 0.002766554 0.013353825 0.014836086 0.014805604 0.014156950 0.015675152 0.015075422 0.013957748 0.014503007 0.014981067 0.015359575 0.014242653 0.013887678 0.014296416 0.014552460 0.014309061 0.013954742 0.014237228 0.014242925 0.014847565 0.015041152 0.015660502 0.015463928 0.014518347 0.014527902 0.014357704 0.015804615 0.013347159 0.013478178 0.013433116 0.015009624 0.014807802 0.014768225 0.014790944 0.014390774 0.015513550 0.015877379 0.015497068 0.015024723 0.015313379 0.016071148 0.016073353 0.025020545 
38     0.014748302 0.014634190 0.014498072 0.004669728 0.004838595 0.005076066 0.001584311 0.000000000 0.002732628 0.013327471 0.014809733 0.014779250 0.014130596 0.015648798 0.015049068 0.013931394 0.014477262 0.014954713 0.015333221 0.014216299 0.013861324 0.014270062 0.014526107 0.014282707 0.013928389 0.014210874 0.014216572 0.014821211 0.015014799 0.015634149 0.015437574 0.014491993 0.014501549 0.014331350 0.015778262 0.013320805 0.013445980 0.013400919 0.014983270 0.014781448 0.014741612 0.014764331 0.014364420 0.015487196 0.015853901 0.015470714 0.014998369 0.015287025 0.016044423 0.016046628 0.024994577 
22     0.014706282 0.014592958 0.014456506 0.004627629 0.004759118 0.005041280 0.002766554 0.002732628 0.000000000 0.013284336 0.014766597 0.014736114 0.014087461 0.015605662 0.015005932 0.013888258 0.014433517 0.014905050 0.015284343 0.014167421 0.013807404 0.014218417 0.014474841 0.014231442 0.013878213 0.014156296 0.014161994 0.014790073 0.014981891 0.015598066 0.015397511 0.014450022 0.014459578 0.014289379 0.015730572 0.013278861 0.013405522 0.013360460 0.014941326 0.014748846 0.014709799 0.014732518 0.014331818 0.015459678 0.015835991 0.015444359 0.014952571 0.015241227 0.015998625 0.016000830 0.024950636 
26     0.013071430 0.012961507 0.012813876 0.012873993 0.013101704 0.013315605 0.013353825 0.013327471 0.013284336 0.000000000 0.008561891 0.008533041 0.007850401 0.010330742 0.009790751 0.008665546 0.009287583 0.012260385 0.012685619 0.011580196 0.011235501 0.011650406 0.011903654 0.011659815 0.011311017 0.011525810 0.011531508 0.012109290 0.012301152 0.012932733 0.012724944 0.011856673 0.011866229 0.011692246 0.013153645 0.010727560 0.010847504 0.010802442 0.012382860 0.012210853 0.012185354 0.012208073 0.011802927 0.012898236 0.013292732 0.012883215 0.012407658 0.012696973 0.013407242 0.013401936 0.023305370 
31     0.014538358 0.014425430 0.014268413 0.014349769 0.014584291 0.014798017 0.014836086 0.014809733 0.014766597 0.008561891 0.000000000 0.001956829 0.006813794 0.011771069 0.011281149 0.010160478 0.010699286 0.013720820 0.014129914 0.013020186 0.012691570 0.013114669 0.013363421 0.013119582 0.012771737 0.012991916 0.012997613 0.013558552 0.013750415 0.014388339 0.014180550 0.013292713 0.013302269 0.013128319 0.014586981 0.012197109 0.012317121 0.012272059 0.013839949 0.013704542 0.013679044 0.013701763 0.013296617 0.014398029 0.014792524 0.014383007 0.013899107 0.014188421 0.014918708 0.014913402 0.024717860 
29     0.014507875 0.014394947 0.014237930 0.014319287 0.014553808 0.014767535 0.014805604 0.014779250 0.014736114 0.008533041 0.001956829 0.000000000 0.006797635 0.011741479 0.011252126 0.010131071 0.010676875 0.013690338 0.014099432 0.012989703 0.012661088 0.013084187 0.013332938 0.013089100 0.012741254 0.012961433 0.012967131 0.013525698 0.013717561 0.014355485 0.014147696 0.013263203 0.013272758 0.013088494 0.014556124 0.012164653 0.012284665 0.012239603 0.013807493 0.013675657 0.013650158 0.013672877 0.013267731 0.014369143 0.014763639 0.014354122 0.013870221 0.014159536 0.014889823 0.014884517 0.024687377 
37     0.013817740 0.013686979 0.013530313 0.013671972 0.013904291 0.014113662 0.014156950 0.014130596 0.014087461 0.007850401 0.006813794 0.006797635 0.000000000 0.011054124 0.010586161 0.009456433 0.010017399 0.013021687 0.013438806 0.012335555 0.011988103 0.012411202 0.012659953 0.012416115 0.012068270 0.012296943 0.012302641 0.012859370 0.013051233 0.013682976 0.013476025 0.012614780 0.012624335 0.012449030 0.013899553 0.011494114 0.011614126 0.011569064 0.013135137 0.012995647 0.012970148 0.012992867 0.012587721 0.013689985 0.014084480 0.013674963 0.013183872 0.013473186 0.014216110 0.014210804 0.024011774 
46     0.015346538 0.015233482 0.015082949 0.015191796 0.015422493 0.015636688 0.015675152 0.015648798 0.015605662 0.010330742 0.011771069 0.011741479 0.011054124 0.000000000 0.011381461 0.010366856 0.010941535 0.014560112 0.014962181 0.013860193 0.013516540 0.013935811 0.014189025 0.013944405 0.013587100 0.013823012 0.013828710 0.014391468 0.014583710 0.015216796 0.015009006 0.014150084 0.014158795 0.013983080 0.015434351 0.012977825 0.013095428 0.013050366 0.014626929 0.014467889 0.014442390 0.014465109 0.014067516 0.015167247 0.015561742 0.015152225 0.014655074 0.014944389 0.015676988 0.015671682 0.025582395 
15     0.014754413 0.014642044 0.014495697 0.014588310 0.014822146 0.015036958 0.015075422 0.015049068 0.015005932 0.009790751 0.011281149 0.011252126 0.010586161 0.011381461 0.000000000 0.008851450 0.010369454 0.013968732 0.014378645 0.013275000 0.012925254 0.013342214 0.013593074 0.013349802 0.012996767 0.013225347 0.013231045 0.013813109 0.014004972 0.014638096 0.014430306 0.013566960 0.013576516 0.013407295 0.014857659 0.012393324 0.012513053 0.012467991 0.014050682 0.013882885 0.013857386 0.013880105 0.013475243 0.014581199 0.014975694 0.014566177 0.014085311 0.014374626 0.015101082 0.015095776 0.024900961 
25     0.013648228 0.013539675 0.013390364 0.013474172 0.013709400 0.013914056 0.013957748 0.013931394 0.013888258 0.008665546 0.010160478 0.010131071 0.009456433 0.010366856 0.008851450 0.000000000 0.009361901 0.012827777 0.013239157 0.012145549 0.011796787 0.012211692 0.012464907 0.012218998 0.011868008 0.012085255 0.012093406 0.012677567 0.012869430 0.013503296 0.013295506 0.012432501 0.012442057 0.012270485 0.013730003 0.011272507 0.011392189 0.011349565 0.012943958 0.012738844 0.012715803 0.012738522 0.012320794 0.013411243 0.013805738 0.013396221 0.012943400 0.013232714 0.013983581 0.013978275 0.023847302 
40     0.014161599 0.014058147 0.013906598 0.014017269 0.014248646 0.014460621 0.014503007 0.014477262 0.014433517 0.009287583 0.010699286 0.010676875 0.010017399 0.010941535 0.010369454 0.009361901 0.000000000 0.013441420 0.013845304 0.012741210 0.012406315 0.012827355 0.013078907 0.012835069 0.012484830 0.012711223 0.012716921 0.013284640 0.013476515 0.014109239 0.013901450 0.012958533 0.012968088 0.012813112 0.014263533 0.011814464 0.011931525 0.011886463 0.013461591 0.013296335 0.013268023 0.013290742 0.012883813 0.013976361 0.014370857 0.013961266 0.013492819 0.013782133 0.014516817 0.014512434 0.024451092 
39     0.014745867 0.014628515 0.014477496 0.014501510 0.014729594 0.014940578 0.014981067 0.014954713 0.014905050 0.012260385 0.013720820 0.013690338 0.013021687 0.014560112 0.013968732 0.012827777 0.013441420 0.000000000 0.009530842 0.008413271 0.008813262 0.009245258 0.009520031 0.009288839 0.008932293 0.010846474 0.010852172 0.012614110 0.012804512 0.013437277 0.013231724 0.012291239 0.012301943 0.012130151 0.013558670 0.011214858 0.011338479 0.011296864 0.012817380 0.013876759 0.013830567 0.013853285 0.013481845 0.014580289 0.014977134 0.014568184 0.014060878 0.014364341 0.015050185 0.015062189 0.024870047 
18     0.015137434 0.015018373 0.014865763 0.014880018 0.015108102 0.015313530 0.015359575 0.015333221 0.015284343 0.012685619 0.014129914 0.014099432 0.013438806 0.014962181 0.014378645 0.013239157 0.013845304 0.009530842 0.000000000 0.006031310 0.009149499 0.009574737 0.009857012 0.009618580 0.009278131 0.011211112 0.011216810 0.012995261 0.013178702 0.013828544 0.013627322 0.012685239 0.012694795 0.012531042 0.013956606 0.011603853 0.011730019 0.011684957 0.013222026 0.014241619 0.014217420 0.014240139 0.013852081 0.014948089 0.015346316 0.014928316 0.014416163 0.014718500 0.015423867 0.015452425 0.025259163 
12     0.014027870 0.013910518 0.013760842 0.013762957 0.013991041 0.014197664 0.014242653 0.014216299 0.014167421 0.011580196 0.013020186 0.012989703 0.012335555 0.013860193 0.013275000 0.012145549 0.012741210 0.008413271 0.006031310 0.000000000 0.007997921 0.008427481 0.008709173 0.008472825 0.008122980 0.010104888 0.010110586 0.011867108 0.012053624 0.012697665 0.012496442 0.011550097 0.011560085 0.011400391 0.012835286 0.010475493 0.010602290 0.010557229 0.012097672 0.013128526 0.013099300 0.013122019 0.012733978 0.013821671 0.014226416 0.013801910 0.013296701 0.013594315 0.014311913 0.014325264 0.024137452 
44     0.013645202 0.013529404 0.013377161 0.013407457 0.013635153 0.013846728 0.013887678 0.013861324 0.013807404 0.011235501 0.012691570 0.012661088 0.011988103 0.013516540 0.012925254 0.011796787 0.012406315 0.008813262 0.009149499 0.007997921 0.000000000 0.002867631 0.003148970 0.002931393 0.004461928 0.009681693 0.009687391 0.011552467 0.011741267 0.012353055 0.012155349 0.011233469 0.011243025 0.011084054 0.012511203 0.010141356 0.010261605 0.010216543 0.011769619 0.012764480 0.012737234 0.012759953 0.012370739 0.013480406 0.013878155 0.013460797 0.012966494 0.013262427 0.013976986 0.013991132 0.023731095 
21     0.014057922 0.013942124 0.013789399 0.013817247 0.014045331 0.014256824 0.014296416 0.014270062 0.014218417 0.011650406 0.013114669 0.013084187 0.012411202 0.013935811 0.013342214 0.012211692 0.012827355 0.009245258 0.009574737 0.008427481 0.002867631 0.000000000 0.003134125 0.002961132 0.004899913 0.010106842 0.010112539 0.011978146 0.012166871 0.012778629 0.012581139 0.011662692 0.011672247 0.011510878 0.012935563 0.010564630 0.010685740 0.010640679 0.012192893 0.013157169 0.013129923 0.013152642 0.012764134 0.013864373 0.014263716 0.013845340 0.013365097 0.013661030 0.014387595 0.014402117 0.024144336 
33     0.014307014 0.014190203 0.014045857 0.014073292 0.014301376 0.014512868 0.014552460 0.014526107 0.014474841 0.011903654 0.013363421 0.013332938 0.012659953 0.014189025 0.013593074 0.012464907 0.013078907 0.009520031 0.009857012 0.008709173 0.003148970 0.003134125 0.000000000 0.002764273 0.005128622 0.010378550 0.010384247 0.012236685 0.012425485 0.013037214 0.012839678 0.011903636 0.011913192 0.011750897 0.013183348 0.010820255 0.010940504 0.010895442 0.012448518 0.013423928 0.013396682 0.013419401 0.013029052 0.014141874 0.014539624 0.014120993 0.013617045 0.013912977 0.014628729 0.014641617 0.024402415 
42     0.014064774 0.013952784 0.013803617 0.013829893 0.014057977 0.014269469 0.014309061 0.014282707 0.014231442 0.011659815 0.013119582 0.013089100 0.012416115 0.013944405 0.013349802 0.012218998 0.012835069 0.009288839 0.009618580 0.008472825 0.002931393 0.002961132 0.002764273 0.000000000 0.004929151 0.010133397 0.010139094 0.011986651 0.012175376 0.012799086 0.012601707 0.011654205 0.011663760 0.011504058 0.012923850 0.010577555 0.010697804 0.010652742 0.012205818 0.013181593 0.013154347 0.013177066 0.012786717 0.013899539 0.014297289 0.013879931 0.013374710 0.013670642 0.014391084 0.014404127 0.024134588 
48     0.013727961 0.013599665 0.013454367 0.013476503 0.013704587 0.013916080 0.013954742 0.013928389 0.013878213 0.011311017 0.012771737 0.012741254 0.012068270 0.013587100 0.012996767 0.011868008 0.012484830 0.008932293 0.009278131 0.008122980 0.004461928 0.004899913 0.005128622 0.004929151 0.000000000 0.009787689 0.009793387 0.011609979 0.011798704 0.012410392 0.012216080 0.011332514 0.011342070 0.011177611 0.012607701 0.010232523 0.010358223 0.010313161 0.011858304 0.012845689 0.012817310 0.012840029 0.012446338 0.013553821 0.013951571 0.013533779 0.013029196 0.013325129 0.014043308 0.014050089 0.023811802 
7     0.013989928 0.013876944 0.013714217 0.013755244 0.013983394 0.014199879 0.014237228 0.014210874 0.014156296 0.011525810 0.012991916 0.012961433 0.012296943 0.013823012 0.013225347 0.012085255 0.012711223 0.010846474 0.011211112 0.010104888 0.009681693 0.010106842 0.010378550 0.010133397 0.009787689 0.000000000 0.001319279 0.011802100 0.011989931 0.012626514 0.012418899 0.011574761 0.011584316 0.011405224 0.012840208 0.010440804 0.010569478 0.010524416 0.012081832 0.013114451 0.013086586 0.013109305 0.012716749 0.013810932 0.014208796 0.013773728 0.013306303 0.013602206 0.014322657 0.014328438 0.024116722 
24     0.013995626 0.013882642 0.013722351 0.013760942 0.013989092 0.014205577 0.014242925 0.014216572 0.014161994 0.011531508 0.012997613 0.012967131 0.012302641 0.013828710 0.013231045 0.012093406 0.012716921 0.010852172 0.011216810 0.010110586 0.009687391 0.010112539 0.010384247 0.010139094 0.009793387 0.001319279 0.000000000 0.011807797 0.011995629 0.012632212 0.012424597 0.011580459 0.011590014 0.011410922 0.012845906 0.010446107 0.010575176 0.010530114 0.012087530 0.013120149 0.013092284 0.013115003 0.012722447 0.013816630 0.014214494 0.013779316 0.013312001 0.013607904 0.014328355 0.014334136 0.024122420 
36     0.014610266 0.014481580 0.014344070 0.014391658 0.014622021 0.014836621 0.014847565 0.014821211 0.014790073 0.012109290 0.013558552 0.013525698 0.012859370 0.014391468 0.013813109 0.012677567 0.013284640 0.012614110 0.012995261 0.011867108 0.011552467 0.011978146 0.012236685 0.011986651 0.011609979 0.011802100 0.011807797 0.000000000 0.002393887 0.005393250 0.005126619 0.010491602 0.010501255 0.010314084 0.011786887 0.009668292 0.009786134 0.009741073 0.011333165 0.013716599 0.013690398 0.013713117 0.013318793 0.014399918 0.014802552 0.014387870 0.013899273 0.014184654 0.014886708 0.014890857 0.024790007 
35     0.014802129 0.014673443 0.014539153 0.014583521 0.014813884 0.015028484 0.015041152 0.015014799 0.014981891 0.012301152 0.013750415 0.013717561 0.013051233 0.014583710 0.014004972 0.012869430 0.013476515 0.012804512 0.013178702 0.012053624 0.011741267 0.012166871 0.012425485 0.012175376 0.011798704 0.011989931 0.011995629 0.002393887 0.000000000 0.005577431 0.005329943 0.010674021 0.010683422 0.010496929 0.011973383 0.009859381 0.009977223 0.009932161 0.011523844 0.013920873 0.013896850 0.013919569 0.013523359 0.014609808 0.015014535 0.014597761 0.014101614 0.014386995 0.015080730 0.015084880 0.024981870 
4     0.015430111 0.015305245 0.015165071 0.015204486 0.015432725 0.015649227 0.015660502 0.015634149 0.015598066 0.012932733 0.014388339 0.014355485 0.013682976 0.015216796 0.014638096 0.013503296 0.014109239 0.013437277 0.013828544 0.012697665 0.012353055 0.012778629 0.013037214 0.012799086 0.012410392 0.012626514 0.012632212 0.005393250 0.005577431 0.000000000 0.004049976 0.011324628 0.011334280 0.011138580 0.012616614 0.010492176 0.010610018 0.010564957 0.012156078 0.014549989 0.014525966 0.014548685 0.014152475 0.015229553 0.015639886 0.015224667 0.014728293 0.015013674 0.015717643 0.015723209 0.025530392 
8     0.015241500 0.015109685 0.014968510 0.015004814 0.015235177 0.015449778 0.015463928 0.015437574 0.015397511 0.012724944 0.014180550 0.014147696 0.013476025 0.015009006 0.014430306 0.013295506 0.013901450 0.013231724 0.013627322 0.012496442 0.012155349 0.012581139 0.012839678 0.012601707 0.012216080 0.012418899 0.012424597 0.005126619 0.005329943 0.004049976 0.000000000 0.011103469 0.011113122 0.010921889 0.012398267 0.010276188 0.010394030 0.010348968 0.011940191 0.014345373 0.014321351 0.014344070 0.013947859 0.015024521 0.015435271 0.015020052 0.014525235 0.014810565 0.015512720 0.015518343 0.025409365 
34     0.014315824 0.014171220 0.014035432 0.014057494 0.014287857 0.014502458 0.014518347 0.014491993 0.014450022 0.011856673 0.013292713 0.013263203 0.012614780 0.014150084 0.013566960 0.012432501 0.012958533 0.012291239 0.012685239 0.011550097 0.011233469 0.011662692 0.011903636 0.011654205 0.011332514 0.011574761 0.011580459 0.010491602 0.010674021 0.011324628 0.011103469 0.000000000 0.001335502 0.004354823 0.008925380 0.009305313 0.009429741 0.009384679 0.010974884 0.013471545 0.013447168 0.013469887 0.013082235 0.014157975 0.014561721 0.014129827 0.013645420 0.013932220 0.014603350 0.014608425 0.024412747 
13     0.014325380 0.014180776 0.014044988 0.014067050 0.014297413 0.014512013 0.014527902 0.014501549 0.014459578 0.011866229 0.013302269 0.013272758 0.012624335 0.014158795 0.013576516 0.012442057 0.012968088 0.012301943 0.012694795 0.011560085 0.011243025 0.011672247 0.011913192 0.011663760 0.011342070 0.011584316 0.011590014 0.010501255 0.010683422 0.011334280 0.011113122 0.001335502 0.000000000 0.004341328 0.008934204 0.009314870 0.009439298 0.009394236 0.010984441 0.013481100 0.013456724 0.013479443 0.013091790 0.014167531 0.014571276 0.014135712 0.013653860 0.013940660 0.014612905 0.014617981 0.024422302 
5     0.014157283 0.014014426 0.013876312 0.013897717 0.014128081 0.014342681 0.014357704 0.014331350 0.014289379 0.011692246 0.013128319 0.013088494 0.012449030 0.013983080 0.013407295 0.012270485 0.012813112 0.012130151 0.012531042 0.011400391 0.011084054 0.011510878 0.011750897 0.011504058 0.011177611 0.011405224 0.011410922 0.010314084 0.010496929 0.011138580 0.010921889 0.004354823 0.004341328 0.000000000 0.008738668 0.009125773 0.009250201 0.009205139 0.010795344 0.013299446 0.013275070 0.013297789 0.012913181 0.013986065 0.014389811 0.013963869 0.013478843 0.013765643 0.014517128 0.014522204 0.024294285 
6     0.015598809 0.015459723 0.015319783 0.015335328 0.015565692 0.015780292 0.015804615 0.015778262 0.015730572 0.013153645 0.014586981 0.014556124 0.013899553 0.015434351 0.014857659 0.013730003 0.014263533 0.013558670 0.013956606 0.012835286 0.012511203 0.012935563 0.013183348 0.012923850 0.012607701 0.012840208 0.012845906 0.011786887 0.011973383 0.012616614 0.012398267 0.008925380 0.008934204 0.008738668 0.000000000 0.010556408 0.010683854 0.010638792 0.012221886 0.014745766 0.014723317 0.014743180 0.014354496 0.015452871 0.015856617 0.015441404 0.014927531 0.015214332 0.015957704 0.015962780 0.025679367 
17     0.013074344 0.012957979 0.012826915 0.012869114 0.013111085 0.013325685 0.013347159 0.013320805 0.013278861 0.010727560 0.012197109 0.012164653 0.011494114 0.012977825 0.012393324 0.011272507 0.011814464 0.011214858 0.011603853 0.010475493 0.010141356 0.010564630 0.010820255 0.010577555 0.010232523 0.010440804 0.010446107 0.009668292 0.009859381 0.010492176 0.010276188 0.009305313 0.009314870 0.009125773 0.010556408 0.000000000 0.002964982 0.002923950 0.007360558 0.012266667 0.012243238 0.012265957 0.011870378 0.012955573 0.013356479 0.012945014 0.012444698 0.012731498 0.013439728 0.013449904 0.023310171 
9     0.013220220 0.013106784 0.012976575 0.013006918 0.013241696 0.013456297 0.013478178 0.013445980 0.013405522 0.010847504 0.012317121 0.012284665 0.011614126 0.013095428 0.012513053 0.011392189 0.011931525 0.011338479 0.011730019 0.010602290 0.010261605 0.010685740 0.010940504 0.010697804 0.010358223 0.010569478 0.010575176 0.009786134 0.009977223 0.010610018 0.010394030 0.009429741 0.009439298 0.009250201 0.010683854 0.002964982 0.000000000 0.001778431 0.007491999 0.012378757 0.012353715 0.012376434 0.011980431 0.013066266 0.013470663 0.013059198 0.012559390 0.012846190 0.013557009 0.013564959 0.023432210 
19     0.013175158 0.013061722 0.012931513 0.012961856 0.013196635 0.013411235 0.013433116 0.013400919 0.013360460 0.010802442 0.012272059 0.012239603 0.011569064 0.013050366 0.012467991 0.011349565 0.011886463 0.011296864 0.011684957 0.010557229 0.010216543 0.010640679 0.010895442 0.010652742 0.010313161 0.010524416 0.010530114 0.009741073 0.009932161 0.010564957 0.010348968 0.009384679 0.009394236 0.009205139 0.010638792 0.002923950 0.001778431 0.000000000 0.007445369 0.012333695 0.012308653 0.012331372 0.011935369 0.013021205 0.013425601 0.013014136 0.012514328 0.012801128 0.013511948 0.013519897 0.023387148 
10     0.014732490 0.014635821 0.014483125 0.014537600 0.014766826 0.014981426 0.015009624 0.014983270 0.014941326 0.012382860 0.013839949 0.013807493 0.013135137 0.014626929 0.014050682 0.012943958 0.013461591 0.012817380 0.013222026 0.012097672 0.011769619 0.012192893 0.012448518 0.012205818 0.011858304 0.012081832 0.012087530 0.011333165 0.011523844 0.012156078 0.011940191 0.010974884 0.010984441 0.010795344 0.012221886 0.007360558 0.007491999 0.007445369 0.000000000 0.013879338 0.013855909 0.013878628 0.013487495 0.014571579 0.014964541 0.014564510 0.014065579 0.014352379 0.015067438 0.015073973 0.024974356 
41     0.014588398 0.014460732 0.014320451 0.014350139 0.014571837 0.014786559 0.014807802 0.014781448 0.014748846 0.012210853 0.013704542 0.013675657 0.012995647 0.014467889 0.013882885 0.012738844 0.013296335 0.013876759 0.014241619 0.013128526 0.012764480 0.013157169 0.013423928 0.013181593 0.012845689 0.013114451 0.013120149 0.013716599 0.013920873 0.014549989 0.014345373 0.013471545 0.013481100 0.013299446 0.014745766 0.012266667 0.012378757 0.012333695 0.013879338 0.000000000 0.002139786 0.002159828 0.003825218 0.007835578 0.008212429 0.007805590 0.008178735 0.008465113 0.012460900 0.012460345 0.024771079 
28     0.014569612 0.014445466 0.014306364 0.014311573 0.014535383 0.014750106 0.014768225 0.014741612 0.014709799 0.012185354 0.013679044 0.013650158 0.012970148 0.014442390 0.013857386 0.012715803 0.013268023 0.013830567 0.014217420 0.013099300 0.012737234 0.013129923 0.013396682 0.013154347 0.012817310 0.013086586 0.013092284 0.013690398 0.013896850 0.014525966 0.014321351 0.013447168 0.013456724 0.013275070 0.014723317 0.012243238 0.012353715 0.012308653 0.013855909 0.002139786 0.000000000 0.001279824 0.003832030 0.007820313 0.008197164 0.007789210 0.008166804 0.008453183 0.012438752 0.012438197 0.024748345 
43     0.014592331 0.014468185 0.014329083 0.014334292 0.014558102 0.014772825 0.014790944 0.014764331 0.014732518 0.012208073 0.013701763 0.013672877 0.012992867 0.014465109 0.013880105 0.012738522 0.013290742 0.013853285 0.014240139 0.013122019 0.012759953 0.013152642 0.013419401 0.013177066 0.012840029 0.013109305 0.013115003 0.013713117 0.013919569 0.014548685 0.014344070 0.013469887 0.013479443 0.013297789 0.014743180 0.012265957 0.012376434 0.012331372 0.013878628 0.002159828 0.001279824 0.000000000 0.003837746 0.007839028 0.008215879 0.007807477 0.008193757 0.008480135 0.012461471 0.012460916 0.024771063 
32     0.014189417 0.014066114 0.013927012 0.013931460 0.014155398 0.014369296 0.014390774 0.014364420 0.014331818 0.011802927 0.013296617 0.013267731 0.012587721 0.014067516 0.013475243 0.012320794 0.012883813 0.013481845 0.013852081 0.012733978 0.012370739 0.012764134 0.013029052 0.012786717 0.012446338 0.012716749 0.012722447 0.013318793 0.013523359 0.014152475 0.013947859 0.013082235 0.013091790 0.012913181 0.014354496 0.011870378 0.011980431 0.011935369 0.013487495 0.003825218 0.003832030 0.003837746 0.000000000 0.007414658 0.007793767 0.007389496 0.007731422 0.008019308 0.012029067 0.012028512 0.024368594 
27     0.015282860 0.015154488 0.015014069 0.015057285 0.015281096 0.015495818 0.015513550 0.015487196 0.015459678 0.012898236 0.014398029 0.014369143 0.013689985 0.015167247 0.014581199 0.013411243 0.013976361 0.014580289 0.014948089 0.013821671 0.013480406 0.013864373 0.014141874 0.013899539 0.013553821 0.013810932 0.013816630 0.014399918 0.014609808 0.015229553 0.015024521 0.014157975 0.014167531 0.013986065 0.015452871 0.012955573 0.013066266 0.013021205 0.014571579 0.007835578 0.007820313 0.007839028 0.007414658 0.000000000 0.003640588 0.003043031 0.008813238 0.009128535 0.013151589 0.013147871 0.025445025 
11     0.015677044 0.015545315 0.015402402 0.015431021 0.015654832 0.015869555 0.015877379 0.015853901 0.015835991 0.013292732 0.014792524 0.014763639 0.014084480 0.015561742 0.014975694 0.013805738 0.014370857 0.014977134 0.015346316 0.014226416 0.013878155 0.014263716 0.014539624 0.014297289 0.013951571 0.014208796 0.014214494 0.014802552 0.015014535 0.015639886 0.015435271 0.014561721 0.014571276 0.014389811 0.015856617 0.013356479 0.013470663 0.013425601 0.014964541 0.008212429 0.008197164 0.008215879 0.007793767 0.003640588 0.000000000 0.003393708 0.009200982 0.009510889 0.013553768 0.013552387 0.025820064 
20     0.015270276 0.015141904 0.015001485 0.015041966 0.015265777 0.015480500 0.015497068 0.015470714 0.015444359 0.012883215 0.014383007 0.014354122 0.013674963 0.015152225 0.014566177 0.013396221 0.013961266 0.014568184 0.014928316 0.013801910 0.013460797 0.013845340 0.014120993 0.013879931 0.013533779 0.013773728 0.013779316 0.014387870 0.014597761 0.015224667 0.015020052 0.014129827 0.014135712 0.013963869 0.015441404 0.012945014 0.013059198 0.013014136 0.014564510 0.007805590 0.007789210 0.007807477 0.007389496 0.003043031 0.003393708 0.000000000 0.008814856 0.009124763 0.013150224 0.013145901 0.025432048 
14     0.014780505 0.014641743 0.014514041 0.014550419 0.014774230 0.014988953 0.015024723 0.014998369 0.014952571 0.012407658 0.013899107 0.013870221 0.013183872 0.014655074 0.014085311 0.012943400 0.013492819 0.014060878 0.014416163 0.013296701 0.012966494 0.013365097 0.013617045 0.013374710 0.013029196 0.013306303 0.013312001 0.013899273 0.014101614 0.014728293 0.014525235 0.013645420 0.013653860 0.013478843 0.014927531 0.012444698 0.012559390 0.012514328 0.014065579 0.008178735 0.008166804 0.008193757 0.007731422 0.008813238 0.009200982 0.008814856 0.000000000 0.003169678 0.012634249 0.012632933 0.024963252 
30     0.015067538 0.014927271 0.014801074 0.014839075 0.015062885 0.015277608 0.015313379 0.015287025 0.015241227 0.012696973 0.014188421 0.014159536 0.013473186 0.014944389 0.014374626 0.013232714 0.013782133 0.014364341 0.014718500 0.013594315 0.013262427 0.013661030 0.013912977 0.013670642 0.013325129 0.013602206 0.013607904 0.014184654 0.014386995 0.015013674 0.014810565 0.013932220 0.013940660 0.013765643 0.015214332 0.012731498 0.012846190 0.012801128 0.014352379 0.008465113 0.008453183 0.008480135 0.008019308 0.009128535 0.009510889 0.009124763 0.003169678 0.000000000 0.012912675 0.012911359 0.025227517 
45     0.015793745 0.015665421 0.015528079 0.015588671 0.015811351 0.016026074 0.016071148 0.016044423 0.015998625 0.013407242 0.014918708 0.014889823 0.014216110 0.015676988 0.015101082 0.013983581 0.014516817 0.015050185 0.015423867 0.014311913 0.013976986 0.014387595 0.014628729 0.014391084 0.014043308 0.014322657 0.014328355 0.014886708 0.015080730 0.015717643 0.015512720 0.014603350 0.014612905 0.014517128 0.015957704 0.013439728 0.013557009 0.013511948 0.015067438 0.012460900 0.012438752 0.012461471 0.012029067 0.013151589 0.013553768 0.013150224 0.012634249 0.012912675 0.000000000 0.002256590 0.025970214 
23     0.015787719 0.015659394 0.015522052 0.015590876 0.015813557 0.016028279 0.016073353 0.016046628 0.016000830 0.013401936 0.014913402 0.014884517 0.014210804 0.015671682 0.015095776 0.013978275 0.014512434 0.015062189 0.015452425 0.014325264 0.013991132 0.014402117 0.014641617 0.014404127 0.014050089 0.014328438 0.014334136 0.014890857 0.015084880 0.015723209 0.015518343 0.014608425 0.014617981 0.014522204 0.015962780 0.013449904 0.013564959 0.013519897 0.015073973 0.012460345 0.012438197 0.012460916 0.012028512 0.013147871 0.013552387 0.013145901 0.012632933 0.012911359 0.002256590 0.000000000 0.025964839 
0     0.024256118 0.024123952 0.023985360 0.024533621 0.024750523 0.024913742 0.025020545 0.024994577 0.024950636 0.023305370 0.024717860 0.024687377 0.024011774 0.025582395 0.024900961 0.023847302 0.024451092 0.024870047 0.025259163 0.024137452 0.023731095 0.024144336 0.024402415 0.024134588 0.023811802 0.024116722 0.024122420 0.024790007 0.024981870 0.025530392 0.025409365 0.024412747 0.024422302 0.024294285 0.025679367 0.023310171 0.023432210 0.023387148 0.024974356 0.024771079 0.024748345 0.024771063 0.024368594 0.025445025 0.025820064 0.025432048 0.024963252 0.025227517 0.025970214 0.025964839 0.000000000 
