51
1     0.000000000 0.001036380 0.004649450 0.004494450 0.004113700 0.004128570 0.003937560 0.003802120 0.004256890 0.004696710 0.003806830 0.003250390 0.003116480 0.003051720 0.003071730 0.003158890 0.004827940 0.002758670 0.003040000 0.002807210 0.002374840 0.004019080 0.005143690 0.005115710 0.004709140 0.005383940 0.006293420 0.005323040 0.007075900 0.008306350 0.004692000 0.005955480 0.001786550 0.005992640 0.005139400 0.005314790 0.005606600 0.006468510 0.005553800 0.006267870 0.006595050 0.007017960 0.006736890 0.006784910 0.006061350 0.005316270 0.005483540 0.006485650 0.004782460 0.004256430 0.015686600 
12     0.001036380 0.000000000 0.000350250 0.004990610 0.005228020 0.005242890 0.005051880 0.004916440 0.005371210 0.005811030 0.004921150 0.004364710 0.004230800 0.004166040 0.004186050 0.004273210 0.005942260 0.005494760 0.003688170 0.003921530 0.003489160 0.005133400 0.005235350 0.006230030 0.005823460 0.006498260 0.007407740 0.006437360 0.008190220 0.009420670 0.005806320 0.007069800 0.005885790 0.007106960 0.006253720 0.006429110 0.006720920 0.007582830 0.006668120 0.007382190 0.007709370 0.008132280 0.007851210 0.007899230 0.007175670 0.006430590 0.006597860 0.007599970 0.005896780 0.005370750 0.016800920 
20     0.004649450 0.000350250 0.000000000 0.000000500 0.007200470 0.007215340 0.007024330 0.006888890 0.007343660 0.007783480 0.006893600 0.006337160 0.006203250 0.006138490 0.006158500 0.006245660 0.007251740 0.007467210 0.003436400 0.003448340 0.003463470 0.006300950 0.004983580 0.008202480 0.006300030 0.008470710 0.007359880 0.007038600 0.010162670 0.009356110 0.007778770 0.008863980 0.007717780 0.009079410 0.002783180 0.003821320 0.008693370 0.003641230 0.003683000 0.002979180 0.009681820 0.010104730 0.009823660 0.009871680 0.009148120 0.004401450 0.004528000 0.009572420 0.004095830 0.004018400 0.018773370 
17     0.004494450 0.004990610 0.000000500 0.000000000 0.007045470 0.007060340 0.006869330 0.006733890 0.007188660 0.007628480 0.006738600 0.006182160 0.006048250 0.005983490 0.006003500 0.006090660 0.007313170 0.007312210 0.004077640 0.004059890 0.004075020 0.006912500 0.008075460 0.008047480 0.006911580 0.008315710 0.007971430 0.007650150 0.010007670 0.009355730 0.007623770 0.008887250 0.007662860 0.008924410 0.003394730 0.004432870 0.008538370 0.004252780 0.004294550 0.003590730 0.009526820 0.009949730 0.009668660 0.009716680 0.008993120 0.005013000 0.005139550 0.009417420 0.004707380 0.004629950 0.018618370 
18     0.004113700 0.005228020 0.007200470 0.007045470 0.000000000 0.000784320 0.002911580 0.002820240 0.003275010 0.000019600 0.001163780 0.000157810 0.005033400 0.004968640 0.000001910 0.005075810 0.002922490 0.006446460 0.005100020 0.004867230 0.004434860 0.006079100 0.007203710 0.007032630 0.006769160 0.007443960 0.008353440 0.007383060 0.009135920 0.010366370 0.006752020 0.008015500 0.006831490 0.008052660 0.007199420 0.007374810 0.007666620 0.008528530 0.007613820 0.005163920 0.008655070 0.009077980 0.008796910 0.008844930 0.008121370 0.001760870 0.001719140 0.008545670 0.006842480 0.000276200 0.017746620 
7     0.004128570 0.005242890 0.007215340 0.007060340 0.000784320 0.000000000 0.001381340 0.002702190 0.003156960 0.001062370 0.000888570 0.000530160 0.004460050 0.004976390 0.004263460 0.005057110 0.001392290 0.006461330 0.005114890 0.004882100 0.004449730 0.006093970 0.007218580 0.007047500 0.006784030 0.007458830 0.008368310 0.007397930 0.009150790 0.010381240 0.006766890 0.008030370 0.006846360 0.008067530 0.007214290 0.007389680 0.007681490 0.008543400 0.007628690 0.008342760 0.008669940 0.009092850 0.008811780 0.008859800 0.006042410 0.002524290 0.002482560 0.008560540 0.006857350 0.001039620 0.017761490 
9     0.003937560 0.005051880 0.007024330 0.006869330 0.002911580 0.001381340 0.000000000 0.000888640 0.001343410 0.003404770 0.000041580 0.002537990 0.004857260 0.004792500 0.004812510 0.004899670 0.002750470 0.006270320 0.004923880 0.004691090 0.004258720 0.005902960 0.007027570 0.006856490 0.006593020 0.007267820 0.008177300 0.007206920 0.003279900 0.010190230 0.006575880 0.007839360 0.006655350 0.007876520 0.007023280 0.007198670 0.007490480 0.008352390 0.007437680 0.008151750 0.008478930 0.008901840 0.008620770 0.008668790 0.007945230 0.007200150 0.007367420 0.007008400 0.006666340 0.006140310 0.017423990 
24     0.003802120 0.004916440 0.006888890 0.006733890 0.002820240 0.002702190 0.000888640 0.000000000 0.000103030 0.003270330 0.001458860 0.002402550 0.004721820 0.004657060 0.004677070 0.004764230 0.006170990 0.006134880 0.004788440 0.004555650 0.004123280 0.005767520 0.006892130 0.006721050 0.006457580 0.007132380 0.008041860 0.007071480 0.008824340 0.010054790 0.006440440 0.007703920 0.006493950 0.007741080 0.006887840 0.007063230 0.007355040 0.008216950 0.007302240 0.008016310 0.008343490 0.008766400 0.008485330 0.008533350 0.007809790 0.007064710 0.007231980 0.007850630 0.006530900 0.006004870 0.017435040 
14     0.004256890 0.005371210 0.007343660 0.007188660 0.003275010 0.003156960 0.001343410 0.000103030 0.000000000 0.003725100 0.002263850 0.002857320 0.005176590 0.005111830 0.005131840 0.005219000 0.006776850 0.006589650 0.005243210 0.005010420 0.004578050 0.006222290 0.007346900 0.007175820 0.006912350 0.007587150 0.008496630 0.007526250 0.009279110 0.010509560 0.006895210 0.008158690 0.003710200 0.008195850 0.007342610 0.007518000 0.007809810 0.008671720 0.007757010 0.008471080 0.008798260 0.009221170 0.008940100 0.008988120 0.008264560 0.007519480 0.007686750 0.007640330 0.006985670 0.006459640 0.017889810 
3     0.004696710 0.005811030 0.007783480 0.007628480 0.000019600 0.001062370 0.003404770 0.003270330 0.003725100 0.000000000 0.000000000 0.003297140 0.005616410 0.005551650 0.005571660 0.005658820 0.006954530 0.005264230 0.005683030 0.005450240 0.005017870 0.006662110 0.007786720 0.007615640 0.007352170 0.008026970 0.008936450 0.007966070 0.009718930 0.010949380 0.007335030 0.008598510 0.007414500 0.008635670 0.007782430 0.007957820 0.008249630 0.009111540 0.008196830 0.008910900 0.009238080 0.009660990 0.009379920 0.009427940 0.008704380 0.003442830 0.003401100 0.009128680 0.007425490 0.001958160 0.015767380 
11     0.003806830 0.004921150 0.006893600 0.006738600 0.001163780 0.000888570 0.000041580 0.001458860 0.002263850 0.000000000 0.000000000 0.000358780 0.004726530 0.004661770 0.004681780 0.004768940 0.003675450 0.006139590 0.004281300 0.004560360 0.003563710 0.005772230 0.006896840 0.006725760 0.006462290 0.007137090 0.006840630 0.006235390 0.008457090 0.009383750 0.006445150 0.007708630 0.006524620 0.007745790 0.006892550 0.007067940 0.007359750 0.008221660 0.007306950 0.008021020 0.008348200 0.008771110 0.008490040 0.008538060 0.007814500 0.002903750 0.002862020 0.004876590 0.005327060 0.001419080 0.015292180 
4     0.003250390 0.004364710 0.006337160 0.006182160 0.000157810 0.000530160 0.002537990 0.002402550 0.002857320 0.003297140 0.000358780 0.000000000 0.002154780 0.002153670 0.002555420 0.003349070 0.002167920 0.003422120 0.004236710 0.004003920 0.003571550 0.005215790 0.006340400 0.006169320 0.005905850 0.006580650 0.007490130 0.006519750 0.003043460 0.004797350 0.005888710 0.007152190 0.005968180 0.007189350 0.006336110 0.006511500 0.006803310 0.007665220 0.006750510 0.007464580 0.007791760 0.008214670 0.007933600 0.007981620 0.007258060 0.006512980 0.006680250 0.007682360 0.005979170 0.005453140 0.010387270 
21     0.003116480 0.004230800 0.006203250 0.006048250 0.005033400 0.004460050 0.004857260 0.004721820 0.005176590 0.005616410 0.004726530 0.002154780 0.000000000 0.000001110 0.000101130 0.000062230 0.000015820 0.001566970 0.002718060 0.003870010 0.003437640 0.005081880 0.006206490 0.005426490 0.005771940 0.006446740 0.007356220 0.006385840 0.005137520 0.003026250 0.005754800 0.007018280 0.005834270 0.007055440 0.006202200 0.006377590 0.006669400 0.007531310 0.006616600 0.007330670 0.007657850 0.008080760 0.007799690 0.007847710 0.007124150 0.006379070 0.006546340 0.007548450 0.005845260 0.005319230 0.016749400 
6     0.003051720 0.004166040 0.006138490 0.005983490 0.004968640 0.004976390 0.004792500 0.004657060 0.005111830 0.005551650 0.004661770 0.002153670 0.000001110 0.000000000 0.000018220 0.000023730 0.000014710 0.001565860 0.002716950 0.003805250 0.003372880 0.000554660 0.006141730 0.005361730 0.005707180 0.006381980 0.007291460 0.006321080 0.005136410 0.003025140 0.005690040 0.006953520 0.005769510 0.006990680 0.006137440 0.006312830 0.006604640 0.007466550 0.006551840 0.007265910 0.007593090 0.008016000 0.007734930 0.007782950 0.007059390 0.006314310 0.006481580 0.007483690 0.005780500 0.005254470 0.016684640 
22     0.003071730 0.004186050 0.006158500 0.006003500 0.000001910 0.004263460 0.004812510 0.004677070 0.005131840 0.005571660 0.004681780 0.002555420 0.000101130 0.000018220 0.000000000 0.000002630 0.003313960 0.005404490 0.004058050 0.003825260 0.003392890 0.005037130 0.006161740 0.005381740 0.005727190 0.006401990 0.007311470 0.006341090 0.008093950 0.009045890 0.005710050 0.006973530 0.005789520 0.007010690 0.006157450 0.006332840 0.006624650 0.007486560 0.006571850 0.007285920 0.007613100 0.008036010 0.007754940 0.007802960 0.007079400 0.006334320 0.006501590 0.007503700 0.005800510 0.005274480 0.016704650 
2     0.003158890 0.004273210 0.006245660 0.006090660 0.005075810 0.005057110 0.004899670 0.004764230 0.005219000 0.005658820 0.004768940 0.003349070 0.000062230 0.000023730 0.000002630 0.000000000 0.004141850 0.005491650 0.004145210 0.003912420 0.003480050 0.005124290 0.006248900 0.005468900 0.005814350 0.006489150 0.007398630 0.006428250 0.008181110 0.009411560 0.005797210 0.007060690 0.005876680 0.007097850 0.006244610 0.006420000 0.006711810 0.007573720 0.006659010 0.007373080 0.007700260 0.008123170 0.007842100 0.007890120 0.007166560 0.006421480 0.006588750 0.007590860 0.005887670 0.005361640 0.016791810 
16     0.004827940 0.005942260 0.007251740 0.007313170 0.002922490 0.001392290 0.002750470 0.006170990 0.006776850 0.006954530 0.003675450 0.002167920 0.000015820 0.000014710 0.003313960 0.004141850 0.000000000 0.001580110 0.002731200 0.005581470 0.005149100 0.006624610 0.007520280 0.001262870 0.007483400 0.008158200 0.009067680 0.008097300 0.005150660 0.003039390 0.007466260 0.008729740 0.007545730 0.008766900 0.007451110 0.008089050 0.008380860 0.008309160 0.008328060 0.007647110 0.009369310 0.009792220 0.009511150 0.009559170 0.008835610 0.008090530 0.008257800 0.008621120 0.007556720 0.007030690 0.018460860 
19     0.002758670 0.005494760 0.007467210 0.007312210 0.006446460 0.006461330 0.006270320 0.006134880 0.006589650 0.005264230 0.006139590 0.003422120 0.001566970 0.001565860 0.005404490 0.005491650 0.001580110 0.000000000 0.004141650 0.005139970 0.004707600 0.006351840 0.007476450 0.007211510 0.007041900 0.007716700 0.008626180 0.007655800 0.006561110 0.004449840 0.007024760 0.008288240 0.007104230 0.008325400 0.007472160 0.007647550 0.007939360 0.008801270 0.007886560 0.008600630 0.008927810 0.009350720 0.009069650 0.009117670 0.008394110 0.007649030 0.006990830 0.006555750 0.007006220 0.006589190 0.012858090 
10     0.003040000 0.003688170 0.003436400 0.004077640 0.005100020 0.005114890 0.004923880 0.004788440 0.005243210 0.005683030 0.004281300 0.004236710 0.002718060 0.002716950 0.004058050 0.004145210 0.002731200 0.004141650 0.000000000 0.000017810 0.000032940 0.002874100 0.001734800 0.006102030 0.002873180 0.006306300 0.006573790 0.006245400 0.002446560 0.000335290 0.005614360 0.006877840 0.005693830 0.006915000 0.001997090 0.003035230 0.006528960 0.002855140 0.002896910 0.002193090 0.004993430 0.007940320 0.007659250 0.007707270 0.006983710 0.003615360 0.003741910 0.006793870 0.003309740 0.003232310 0.004870810 
15     0.002807210 0.003921530 0.003448340 0.004059890 0.004867230 0.004882100 0.004691090 0.004555650 0.005010420 0.005450240 0.004560360 0.004003920 0.003870010 0.003805250 0.003825260 0.003912420 0.005581470 0.005139970 0.000017810 0.000000000 0.000015190 0.002856350 0.004252970 0.005869240 0.002855430 0.006073510 0.006556040 0.006012610 0.007765470 0.008995920 0.003659990 0.006645050 0.005461040 0.006682210 0.001979340 0.003017480 0.006296170 0.002837390 0.002879160 0.002175340 0.003664650 0.007707530 0.007426460 0.007474480 0.006750920 0.003597610 0.003724160 0.007175220 0.003291990 0.003214560 0.016376170 
5     0.002374840 0.003489160 0.003463470 0.004075020 0.004434860 0.004449730 0.004258720 0.004123280 0.004578050 0.005017870 0.003563710 0.003571550 0.003437640 0.003372880 0.003392890 0.003480050 0.005149100 0.004707600 0.000032940 0.000015190 0.000000000 0.002871480 0.005400890 0.005436870 0.002870560 0.005641140 0.006550620 0.005580240 0.007333100 0.008563550 0.004949200 0.006212680 0.005028670 0.006249840 0.001994470 0.003032610 0.005863800 0.002852520 0.002894290 0.002190470 0.004440700 0.007275160 0.006994090 0.007042110 0.006318550 0.003612740 0.003739290 0.006076280 0.003307120 0.003229690 0.015943800 
23     0.004019080 0.005133400 0.006300950 0.006912500 0.006079100 0.006093970 0.005902960 0.005767520 0.006222290 0.006662110 0.005772230 0.005215790 0.005081880 0.000554660 0.005037130 0.005124290 0.006624610 0.006351840 0.002874100 0.002856350 0.002871480 0.000000000 0.000116430 0.000559060 0.000006520 0.005420800 0.006330280 0.005359900 0.007112760 0.008343210 0.004728860 0.005992340 0.004808330 0.006029500 0.004831950 0.005351650 0.005643460 0.005690000 0.005590660 0.005027950 0.006631910 0.007054820 0.006773750 0.006821770 0.006098210 0.005353130 0.005520400 0.006522510 0.004819320 0.004293290 0.010577570 
13     0.005143690 0.005235350 0.004983580 0.008075460 0.007203710 0.007218580 0.007027570 0.006892130 0.007346900 0.007786720 0.006896840 0.006340400 0.006206490 0.006141730 0.006161740 0.006248900 0.007520280 0.007476450 0.001734800 0.004252970 0.005400890 0.000116430 0.000000000 0.000889790 0.000693300 0.006545410 0.007454890 0.006484510 0.008237370 0.009467820 0.005853470 0.007116950 0.005932940 0.002862630 0.006300870 0.006476260 0.006768070 0.007629980 0.006715270 0.007429340 0.007756520 0.008179430 0.007898360 0.007946380 0.007222820 0.006477740 0.006645010 0.007647120 0.005943930 0.004744330 0.002288700 
25     0.005115710 0.006230030 0.008202480 0.008047480 0.007032630 0.007047500 0.006856490 0.006721050 0.007175820 0.007615640 0.006725760 0.006169320 0.005426490 0.005361730 0.005381740 0.005468900 0.001262870 0.007211510 0.006102030 0.005869240 0.005436870 0.000559060 0.000889790 0.000000000 0.000032160 0.008445970 0.009355450 0.008385070 0.010137930 0.011368380 0.007754030 0.009017510 0.007833500 0.009054670 0.008201430 0.008376820 0.008668630 0.009530540 0.008615830 0.009329900 0.009657080 0.010079990 0.009798920 0.009846940 0.009123380 0.008378300 0.006472110 0.006037030 0.006487500 0.007318460 0.016887960 
8     0.004709140 0.005823460 0.006300030 0.006911580 0.006769160 0.006784030 0.006593020 0.006457580 0.006912350 0.007352170 0.006462290 0.005905850 0.005771940 0.005707180 0.005727190 0.005814350 0.007483400 0.007041900 0.002873180 0.002855430 0.002870560 0.000006520 0.000693300 0.000032160 0.000000000 0.006110860 0.007020340 0.006049960 0.007802820 0.009033270 0.005418920 0.006682400 0.005498390 0.006719560 0.004831030 0.005869170 0.003716220 0.005689080 0.005730850 0.005027030 0.007321970 0.007744880 0.007463810 0.007511830 0.006788270 0.006043190 0.006210460 0.007212570 0.005509380 0.004983350 0.016413520 
46     0.005383940 0.006498260 0.008470710 0.008315710 0.007443960 0.007458830 0.007267820 0.007132380 0.007587150 0.008026970 0.007137090 0.006580650 0.006446740 0.006381980 0.006401990 0.006489150 0.008158200 0.007716700 0.006306300 0.006073510 0.005641140 0.005420800 0.006545410 0.008445970 0.006110860 0.000000000 0.000003520 0.000000180 0.002050740 0.002696270 0.001305040 0.003169740 0.001985730 0.005018140 0.004164900 0.004340290 0.004632100 0.005494010 0.004579300 0.005293370 0.005620550 0.006043460 0.005762390 0.005810410 0.005086850 0.002201400 0.004238900 0.005241010 0.002161430 0.001864220 0.012704310 
39     0.006293420 0.007407740 0.007359880 0.007971430 0.008353440 0.008368310 0.008177300 0.008041860 0.008496630 0.008936450 0.006840630 0.007490130 0.007356220 0.007291460 0.007311470 0.007398630 0.009067680 0.008626180 0.006573790 0.006556040 0.006550620 0.006330280 0.007454890 0.009355450 0.007020340 0.000003520 0.000000000 0.000508540 0.002050560 0.004655520 0.002214520 0.003344840 0.002207290 0.005927620 0.005074380 0.005249770 0.005541580 0.006248690 0.005488780 0.005586640 0.006530030 0.006952940 0.006671870 0.006719890 0.005996330 0.004160650 0.005148380 0.006150490 0.004120680 0.003823470 0.012785200 
47     0.005323040 0.006437360 0.007038600 0.007650150 0.007383060 0.007397930 0.007206920 0.007071480 0.007526250 0.007966070 0.006235390 0.006519750 0.006385840 0.006321080 0.006341090 0.006428250 0.008097300 0.007655800 0.006245400 0.006012610 0.005580240 0.005359900 0.006484510 0.008385070 0.006049960 0.000000180 0.000508540 0.000000000 0.001194370 0.003127250 0.001244140 0.003023560 0.001886010 0.004957240 0.004104000 0.004279390 0.004571200 0.003574020 0.004518400 0.005232470 0.005559650 0.005982560 0.005701490 0.005749510 0.005025950 0.002632380 0.004178000 0.005180110 0.002592410 0.002295200 0.013831850 
28     0.007075900 0.008190220 0.010162670 0.010007670 0.009135920 0.009150790 0.003279900 0.008824340 0.009279110 0.009718930 0.008457090 0.003043460 0.005137520 0.005136410 0.008093950 0.008181110 0.005150660 0.006561110 0.002446560 0.007765470 0.007333100 0.007112760 0.008237370 0.010137930 0.007802820 0.002050740 0.002050560 0.001194370 0.000000000 0.000671330 0.001853060 0.003074060 0.003677690 0.006710100 0.005856860 0.006032250 0.006324060 0.007185970 0.006271260 0.006985330 0.007312510 0.007735420 0.007454350 0.007502370 0.006778810 0.001869990 0.005930860 0.006932970 0.001830020 0.001532810 0.016560980 
32     0.008306350 0.009420670 0.009356110 0.009355730 0.010366370 0.010381240 0.010190230 0.010054790 0.010509560 0.010949380 0.009383750 0.004797350 0.003026250 0.003025140 0.009045890 0.009411560 0.003039390 0.004449840 0.000335290 0.008995920 0.008563550 0.008343210 0.009467820 0.011368380 0.009033270 0.002696270 0.004655520 0.003127250 0.000671330 0.000000000 0.000664940 0.006092150 0.004908140 0.007940550 0.007087310 0.007262700 0.007554510 0.008416420 0.007501710 0.008215780 0.008542960 0.008965870 0.008684800 0.008732820 0.008009260 0.001560630 0.007161310 0.008163420 0.001520660 0.001223450 0.017452170 
26     0.004692000 0.005806320 0.007778770 0.007623770 0.006752020 0.006766890 0.006575880 0.006440440 0.006895210 0.007335030 0.006445150 0.005888710 0.005754800 0.005690040 0.005710050 0.005797210 0.007466260 0.007024760 0.005614360 0.003659990 0.004949200 0.004728860 0.005853470 0.007754030 0.005418920 0.001305040 0.002214520 0.001244140 0.001853060 0.000664940 0.000000000 0.001422040 0.001293790 0.004326200 0.003472960 0.003648350 0.003940160 0.004802070 0.003887360 0.003475810 0.004928610 0.005351520 0.005070450 0.005118470 0.004394910 0.003379690 0.003546960 0.004549070 0.002845880 0.002319850 0.014177080 
35     0.005955480 0.007069800 0.008863980 0.008887250 0.008015500 0.008030370 0.007839360 0.007703920 0.008158690 0.008598510 0.007708630 0.007152190 0.007018280 0.006953520 0.006973530 0.007060690 0.008729740 0.008288240 0.006877840 0.006645050 0.006212680 0.005992340 0.007116950 0.009017510 0.006682400 0.003169740 0.003344840 0.003023560 0.003074060 0.006092150 0.001422040 0.000000000 0.001070590 0.005589680 0.004736440 0.004911830 0.005203640 0.006065550 0.005150840 0.005864910 0.006192090 0.006615000 0.006333930 0.006381950 0.005658390 0.004643170 0.004810440 0.005812550 0.004109360 0.003583330 0.015440560 
31     0.001786550 0.005885790 0.007717780 0.007662860 0.006831490 0.006846360 0.006655350 0.006493950 0.003710200 0.007414500 0.006524620 0.005968180 0.005834270 0.005769510 0.005789520 0.005876680 0.007545730 0.007104230 0.005693830 0.005461040 0.005028670 0.004808330 0.005932940 0.007833500 0.005498390 0.001985730 0.002207290 0.001886010 0.003677690 0.004908140 0.001293790 0.001070590 0.000000000 0.004405670 0.001940650 0.003727820 0.004019630 0.004881540 0.003966830 0.004680900 0.005008080 0.005430990 0.005149920 0.005197940 0.004474380 0.003459160 0.003626430 0.004628540 0.002925350 0.002399320 0.014256550 
37     0.005992640 0.007106960 0.009079410 0.008924410 0.008052660 0.008067530 0.007876520 0.007741080 0.008195850 0.008635670 0.007745790 0.007189350 0.007055440 0.006990680 0.007010690 0.007097850 0.008766900 0.008325400 0.006915000 0.006682210 0.006249840 0.006029500 0.002862630 0.009054670 0.006719560 0.005018140 0.005927620 0.004957240 0.006710100 0.007940550 0.004326200 0.005589680 0.004405670 0.000000000 0.002670430 0.000116420 0.003138480 0.004000390 0.003085680 0.003799750 0.000080020 0.000342290 0.002041530 0.000321470 0.000946110 0.000676520 0.005117740 0.005240030 0.000676500 0.001254460 0.015477720 
38     0.005139400 0.006253720 0.002783180 0.003394730 0.007199420 0.007214290 0.007023280 0.006887840 0.007342610 0.007782430 0.006892550 0.006336110 0.006202200 0.006137440 0.006157450 0.006244610 0.007451110 0.007472160 0.001997090 0.001979340 0.001994470 0.004831950 0.006300870 0.008201430 0.004831030 0.004164900 0.005074380 0.004104000 0.005856860 0.007087310 0.003472960 0.004736440 0.001940650 0.002670430 0.000000000 0.000000550 0.002867680 0.000881170 0.000922940 0.000219120 0.003856130 0.004279040 0.003997970 0.004045990 0.003322430 0.002931830 0.003058380 0.005266610 0.002317840 0.002548780 0.014042920 
45     0.005314790 0.006429110 0.003821320 0.004432870 0.007374810 0.007389680 0.007198670 0.007063230 0.007518000 0.007957820 0.007067940 0.006511500 0.006377590 0.006312830 0.006332840 0.006420000 0.008089050 0.007647550 0.003035230 0.003017480 0.003032610 0.005351650 0.006476260 0.008376820 0.005869170 0.004340290 0.005249770 0.004279390 0.006032250 0.007262700 0.003648350 0.004911830 0.003727820 0.000116420 0.000000550 0.000000000 0.003043070 0.001919310 0.001961080 0.001257260 0.000004520 0.000233650 0.001932890 0.000212830 0.001108120 0.000567880 0.004096520 0.005131390 0.000567860 0.001145820 0.014142150 
43     0.005606600 0.006720920 0.008693370 0.008538370 0.007666620 0.007681490 0.007490480 0.007355040 0.007809810 0.008249630 0.007359750 0.006803310 0.006669400 0.006604640 0.006624650 0.006711810 0.008380860 0.007939360 0.006528960 0.006296170 0.005863800 0.005643460 0.006768070 0.008668630 0.003716220 0.004632100 0.005541580 0.004571200 0.006324060 0.007554510 0.003940160 0.005203640 0.004019630 0.003138480 0.002867680 0.003043070 0.000000000 0.000000340 0.002484960 0.003199030 0.002861630 0.003284540 0.003003470 0.003051490 0.002327930 0.004564430 0.004731700 0.005733810 0.004030620 0.003504590 0.006546990 
36     0.006468510 0.007582830 0.003641230 0.004252780 0.008528530 0.008543400 0.008352390 0.008216950 0.008671720 0.009111540 0.008221660 0.007665220 0.007531310 0.007466550 0.007486560 0.007573720 0.008309160 0.008801270 0.002855140 0.002837390 0.002852520 0.005690000 0.007629980 0.009530540 0.005689080 0.005494010 0.006248690 0.003574020 0.007185970 0.008416420 0.004802070 0.006065550 0.004881540 0.004000390 0.000881170 0.001919310 0.000000340 0.000000000 0.001386750 0.000682930 0.000698100 0.004146450 0.003865380 0.000688270 0.003189840 0.003789880 0.003916430 0.006595720 0.001594250 0.003406830 0.004896890 
34     0.005553800 0.006668120 0.003683000 0.004294550 0.007613820 0.007628690 0.007437680 0.007302240 0.007757010 0.008196830 0.007306950 0.006750510 0.006616600 0.006551840 0.006571850 0.006659010 0.008328060 0.007886560 0.002896910 0.002879160 0.002894290 0.005590660 0.006715270 0.008615830 0.005730850 0.004579300 0.005488780 0.004518400 0.006271260 0.007501710 0.003887360 0.005150840 0.003966830 0.003085680 0.000922940 0.001961080 0.002484960 0.001386750 0.000000000 0.000289700 0.003473410 0.003896320 0.003615250 0.003663270 0.002939710 0.003831650 0.003958200 0.005681010 0.003526030 0.003448600 0.015038880 
50     0.006267870 0.007382190 0.002979180 0.003590730 0.005163920 0.008342760 0.008151750 0.008016310 0.008471080 0.008910900 0.008021020 0.007464580 0.007330670 0.007265910 0.007285920 0.007373080 0.007647110 0.008600630 0.002193090 0.002175340 0.002190470 0.005027950 0.007429340 0.009329900 0.005027030 0.005293370 0.005586640 0.005232470 0.006985330 0.008215780 0.003475810 0.005864910 0.004680900 0.003799750 0.000219120 0.001257260 0.003199030 0.000682930 0.000289700 0.000000000 0.004187480 0.004610390 0.004329320 0.003428930 0.003653780 0.003127830 0.000665850 0.006395080 0.002822210 0.002744780 0.015752950 
30     0.006595050 0.007709370 0.009681820 0.009526820 0.008655070 0.008669940 0.008478930 0.008343490 0.008798260 0.009238080 0.008348200 0.007791760 0.007657850 0.007593090 0.007613100 0.007700260 0.009369310 0.008927810 0.004993430 0.003664650 0.004440700 0.006631910 0.007756520 0.009657080 0.007321970 0.005620550 0.006530030 0.005559650 0.007312510 0.008542960 0.004928610 0.006192090 0.005008080 0.000080020 0.003856130 0.000004520 0.002861630 0.000698100 0.003473410 0.004187480 0.000000000 0.000229130 0.000866920 0.000208310 0.000880010 0.000564620 0.005720150 0.005128130 0.000564600 0.001142560 0.009037500 
27     0.007017960 0.008132280 0.010104730 0.009949730 0.009077980 0.009092850 0.008901840 0.008766400 0.009221170 0.009660990 0.008771110 0.008214670 0.008080760 0.008016000 0.008036010 0.008123170 0.009792220 0.009350720 0.007940320 0.007707530 0.007275160 0.007054820 0.008179430 0.010079990 0.007744880 0.006043460 0.006952940 0.005982560 0.007735420 0.008965870 0.005351520 0.006615000 0.005430990 0.000342290 0.004279040 0.000233650 0.003284540 0.004146450 0.003896320 0.004610390 0.000229130 0.000000000 0.000420050 0.000002600 0.001204350 0.000793750 0.006143060 0.005357260 0.000793730 0.001371690 0.008671380 
40     0.006736890 0.007851210 0.009823660 0.009668660 0.008796910 0.008811780 0.008620770 0.008485330 0.008940100 0.009379920 0.008490040 0.007933600 0.007799690 0.007734930 0.007754940 0.007842100 0.009511150 0.009069650 0.007659250 0.007426460 0.006994090 0.006773750 0.007898360 0.009798920 0.007463810 0.005762390 0.006671870 0.005701490 0.007454350 0.008684800 0.005070450 0.006333930 0.005149920 0.002041530 0.003997970 0.001932890 0.003003470 0.003865380 0.003615250 0.004329320 0.000866920 0.000420050 0.000000000 0.000421870 0.001142130 0.002492990 0.005861990 0.006864100 0.002492970 0.003070930 0.008799120 
49     0.006784910 0.007899230 0.009871680 0.009716680 0.008844930 0.008859800 0.008668790 0.008533350 0.008988120 0.009427940 0.008538060 0.007981620 0.007847710 0.007782950 0.007802960 0.007890120 0.009559170 0.009117670 0.007707270 0.007474480 0.007042110 0.006821770 0.007946380 0.009846940 0.007511830 0.005810410 0.006719890 0.005749510 0.007502370 0.008732820 0.005118470 0.006381950 0.005197940 0.000321470 0.004045990 0.000212830 0.003051490 0.000688270 0.003663270 0.003428930 0.000208310 0.000002600 0.000421870 0.000000000 0.002048460 0.000772930 0.005910010 0.005336440 0.000772910 0.001350870 0.007944020 
33     0.006061350 0.007175670 0.009148120 0.008993120 0.008121370 0.006042410 0.007945230 0.007809790 0.008264560 0.008704380 0.007814500 0.007258060 0.007124150 0.007059390 0.007079400 0.007166560 0.008835610 0.008394110 0.006983710 0.006750920 0.006318550 0.006098210 0.007222820 0.009123380 0.006788270 0.005086850 0.005996330 0.005025950 0.006778810 0.008009260 0.004394910 0.005658390 0.004474380 0.000946110 0.003322430 0.001108120 0.002327930 0.003189840 0.002939710 0.003653780 0.000880010 0.001204350 0.001142130 0.002048460 0.000000000 0.005019180 0.005186450 0.006188560 0.004485370 0.003959340 0.011129130 
48     0.005316270 0.006430590 0.004401450 0.005013000 0.001760870 0.002524290 0.007200150 0.007064710 0.007519480 0.003442830 0.002903750 0.006512980 0.006379070 0.006314310 0.006334320 0.006421480 0.008090530 0.007649030 0.003615360 0.003597610 0.003612740 0.005353130 0.006477740 0.008378300 0.006043190 0.002201400 0.004160650 0.002632380 0.001869990 0.001560630 0.003379690 0.004643170 0.003459160 0.000676520 0.002931830 0.000567880 0.004564430 0.003789880 0.003831650 0.003127830 0.000564620 0.000793750 0.002492990 0.000772930 0.005019180 0.000000000 0.000004490 0.001640850 0.000000020 0.000383570 0.014801350 
29     0.005483540 0.006597860 0.004528000 0.005139550 0.001719140 0.002482560 0.007367420 0.007231980 0.007686750 0.003401100 0.002862020 0.006680250 0.006546340 0.006481580 0.006501590 0.006588750 0.008257800 0.006990830 0.003741910 0.003724160 0.003739290 0.005520400 0.006645010 0.006472110 0.006210460 0.004238900 0.005148380 0.004178000 0.005930860 0.007161310 0.003546960 0.004810440 0.003626430 0.005117740 0.003058380 0.004096520 0.004731700 0.003916430 0.003958200 0.000665850 0.005720150 0.006143060 0.005861990 0.005910010 0.005186450 0.000004490 0.000000000 0.000708280 0.000432170 0.000510120 0.014968620 
42     0.006485650 0.007599970 0.009572420 0.009417420 0.008545670 0.008560540 0.007008400 0.007850630 0.007640330 0.009128680 0.004876590 0.007682360 0.007548450 0.007483690 0.007503700 0.007590860 0.008621120 0.006555750 0.006793870 0.007175220 0.006076280 0.006522510 0.007647120 0.006037030 0.007212570 0.005241010 0.006150490 0.005180110 0.006932970 0.008163420 0.004549070 0.005812550 0.004628540 0.005240030 0.005266610 0.005131390 0.005733810 0.006595720 0.005681010 0.006395080 0.005128130 0.005357260 0.006864100 0.005336440 0.006188560 0.001640850 0.000708280 0.000000000 0.000948990 0.002267520 0.014653630 
44     0.004782460 0.005896780 0.004095830 0.004707380 0.006842480 0.006857350 0.006666340 0.006530900 0.006985670 0.007425490 0.005327060 0.005979170 0.005845260 0.005780500 0.005800510 0.005887670 0.007556720 0.007006220 0.003309740 0.003291990 0.003307120 0.004819320 0.005943930 0.006487500 0.005509380 0.002161430 0.004120680 0.002592410 0.001830020 0.001520660 0.002845880 0.004109360 0.002925350 0.000676500 0.002317840 0.000567860 0.004030620 0.001594250 0.003526030 0.002822210 0.000564600 0.000793730 0.002492970 0.000772910 0.004485370 0.000000020 0.000432170 0.000948990 0.000000000 0.000077950 0.014267540 
41     0.004256430 0.005370750 0.004018400 0.004629950 0.000276200 0.001039620 0.006140310 0.006004870 0.006459640 0.001958160 0.001419080 0.005453140 0.005319230 0.005254470 0.005274480 0.005361640 0.007030690 0.006589190 0.003232310 0.003214560 0.003229690 0.004293290 0.004744330 0.007318460 0.004983350 0.001864220 0.003823470 0.002295200 0.001532810 0.001223450 0.002319850 0.003583330 0.002399320 0.001254460 0.002548780 0.001145820 0.003504590 0.003406830 0.003448600 0.002744780 0.001142560 0.001371690 0.003070930 0.001350870 0.003959340 0.000383570 0.000510120 0.002267520 0.000077950 0.000000000 0.013741510 
0     0.015686600 0.016800920 0.018773370 0.018618370 0.017746620 0.017761490 0.017423990 0.017435040 0.017889810 0.015767380 0.015292180 0.010387270 0.016749400 0.016684640 0.016704650 0.016791810 0.018460860 0.012858090 0.004870810 0.016376170 0.015943800 0.010577570 0.002288700 0.016887960 0.016413520 0.012704310 0.012785200 0.013831850 0.016560980 0.017452170 0.014177080 0.015440560 0.014256550 0.015477720 0.014042920 0.014142150 0.006546990 0.004896890 0.015038880 0.015752950 0.009037500 0.008671380 0.008799120 0.007944020 0.011129130 0.014801350 0.014968620 0.014653630 0.014267540 0.013741510 0.000000000 
