51
1     0.000000000 0.161070926 0.222934734 0.221000617 0.306288785 0.312593351 0.289307528 0.306845875 0.314567474 0.331199712 0.273442044 0.292773554 0.303391834 0.302504186 0.304113921 0.306482882 0.291720126 0.301914818 0.310564040 0.323056138 0.316515099 0.290432681 0.290432971 0.320309256 0.324842826 0.359148667 0.360607192 0.358686343 0.378000125 0.416335856 0.370416777 0.397094840 0.359615571 0.414987010 0.385385985 0.398756632 0.412811007 0.410570926 0.433813309 0.452391958 0.420247752 0.393531613 0.403762401 0.399611214 0.388239941 0.364862820 0.373407848 0.386327637 0.364683704 0.371001402 0.948753424 
12     0.161070926 0.000000000 0.286556323 0.284540400 0.368184226 0.374525593 0.351096914 0.369003757 0.376725355 0.392963092 0.335231430 0.354608038 0.365567646 0.364679998 0.366289732 0.368658693 0.354075945 0.364304746 0.372871406 0.385388569 0.378847525 0.352316786 0.352247756 0.381760783 0.385672648 0.421000970 0.422470656 0.420585144 0.439762765 0.478155501 0.432151389 0.459013290 0.421617425 0.476623884 0.446529638 0.459876406 0.474188451 0.471902777 0.495243402 0.514327572 0.481525346 0.455313502 0.465544289 0.461393103 0.449879525 0.426597354 0.435245064 0.448085279 0.426390412 0.432694136 1.012001055 
20     0.222934734 0.286556323 0.000000000 0.034671933 0.327192377 0.333908405 0.310464014 0.328520924 0.336242522 0.352477734 0.294680937 0.313333097 0.325072534 0.324185184 0.325794621 0.328163582 0.314108861 0.323743571 0.332323158 0.344825905 0.338284866 0.312066931 0.311748912 0.342310875 0.346081537 0.379753142 0.381248893 0.379328044 0.398812278 0.437371474 0.390973042 0.417564900 0.380099828 0.435899372 0.405897414 0.419268060 0.434215212 0.431722708 0.454662133 0.473240782 0.441394174 0.414609182 0.424839970 0.420688783 0.409208620 0.384380998 0.393293599 0.405557167 0.384845094 0.391218935 0.965661934 
17     0.221000617 0.284540400 0.034671933 0.000000000 0.325587524 0.332303551 0.308856476 0.326916070 0.334637669 0.350872881 0.293076083 0.311728243 0.323414036 0.322526686 0.324136123 0.326505084 0.312430020 0.322139197 0.330879900 0.343382646 0.336841608 0.310625656 0.310307637 0.340869599 0.344640261 0.378642508 0.380138260 0.378217411 0.397701645 0.436260841 0.389862409 0.416454267 0.378989195 0.434981577 0.404979619 0.418350265 0.433297417 0.430804913 0.453744338 0.472322987 0.440476379 0.413691387 0.423922175 0.419770989 0.408290825 0.384304646 0.393217247 0.405743279 0.384532359 0.390613209 0.964406876 
18     0.306288785 0.368184226 0.327192377 0.325587524 0.000000000 0.168267644 0.145116321 0.163027520 0.170552715 0.186375386 0.127616931 0.218891765 0.278883147 0.277974801 0.279450088 0.281843589 0.267153684 0.277604649 0.315970908 0.328128679 0.321728432 0.298048143 0.297130166 0.327637566 0.330782208 0.363945001 0.365440752 0.363519903 0.383412124 0.421643540 0.375336449 0.402464860 0.364915621 0.420185900 0.389999433 0.403370080 0.417681286 0.414353523 0.439004495 0.457527249 0.425352413 0.398447586 0.408615075 0.404470121 0.393402438 0.370036176 0.379133503 0.391398433 0.369844177 0.376511119 0.950736537 
7     0.312593351 0.374525593 0.333908405 0.332303551 0.168267644 0.000000000 0.138978659 0.156664005 0.164665028 0.181263616 0.123413239 0.226255802 0.285470709 0.284562363 0.286052840 0.288435282 0.273254143 0.283898298 0.322414261 0.334415154 0.328149353 0.304350934 0.303391395 0.333683756 0.336858529 0.370216015 0.371711767 0.369593565 0.389683139 0.427907901 0.381650317 0.408613750 0.371078903 0.426591295 0.396404828 0.409775475 0.424114262 0.420837118 0.445509023 0.464073285 0.431810844 0.404999055 0.415119784 0.410992514 0.399933516 0.376172884 0.385274882 0.397531616 0.376282076 0.382866091 0.957138849 
9     0.289307528 0.351096914 0.310464014 0.308856476 0.145116321 0.138978659 0.000000000 0.083667593 0.091959558 0.152623947 0.096419142 0.202111113 0.261317432 0.260422337 0.261776738 0.264172431 0.249925305 0.260383768 0.298779041 0.310914147 0.304522438 0.281199883 0.280356847 0.310559633 0.313696418 0.346306351 0.347802102 0.345881253 0.365668388 0.403923913 0.357706029 0.384418365 0.346905898 0.402378821 0.372237269 0.385607915 0.400030069 0.396749132 0.421372856 0.439937118 0.408170277 0.380784704 0.391010684 0.386883414 0.375824436 0.352607842 0.361715332 0.373958363 0.352404107 0.359054206 0.933552358 
24     0.306845875 0.369003757 0.328520924 0.326916070 0.163027520 0.156664005 0.083667593 0.000000000 0.063735455 0.170762666 0.114095871 0.220021629 0.279634069 0.278725723 0.280114105 0.282496547 0.267746471 0.278233548 0.316846447 0.328981553 0.322589844 0.299077195 0.298234160 0.328436946 0.331573731 0.364113300 0.365609051 0.363688202 0.383580423 0.421809672 0.375547602 0.402167567 0.364645707 0.419905457 0.389580472 0.402951119 0.417458330 0.414181186 0.438793731 0.457357993 0.425405194 0.398048188 0.408206605 0.404079335 0.393124142 0.369892741 0.378884965 0.391288961 0.369807554 0.376469039 0.951136813 
14     0.314567474 0.376725355 0.336242522 0.334637669 0.170552715 0.164665028 0.091959558 0.063735455 0.000000000 0.178112876 0.121622269 0.227593118 0.287275819 0.286367473 0.287755854 0.290138296 0.275331429 0.285813847 0.324548289 0.336683396 0.330291687 0.306683345 0.305718694 0.336043096 0.339179881 0.371175539 0.372671291 0.370750442 0.391133609 0.429362858 0.382634144 0.409709382 0.372161363 0.427670331 0.397345347 0.410715993 0.425342093 0.422064949 0.446674613 0.465238875 0.433470832 0.406030489 0.416188907 0.412061636 0.401124990 0.377477621 0.386585111 0.398873841 0.377392434 0.384053919 0.958760625 
3     0.331199712 0.392963092 0.352477734 0.350872881 0.186375386 0.181263616 0.152623947 0.170762666 0.178112876 0.000000000 0.127049835 0.244737651 0.303905003 0.302996657 0.304466689 0.306849131 0.291971418 0.301876303 0.340639353 0.352757850 0.346366141 0.322953050 0.321883427 0.351649669 0.354844043 0.389027343 0.390523095 0.388602246 0.408494467 0.446699664 0.400461645 0.427490919 0.389948115 0.444451299 0.414255202 0.427625848 0.441949976 0.438467451 0.463333270 0.481897532 0.450112915 0.422804390 0.432961939 0.428834669 0.417757006 0.394105760 0.403214193 0.415453820 0.394163276 0.400837058 0.975598261 
11     0.273442044 0.335231430 0.294680937 0.293076083 0.127616931 0.123413239 0.096419142 0.114095871 0.121622269 0.127049835 0.000000000 0.186660760 0.246200243 0.245291896 0.246753901 0.249136343 0.234226341 0.244653864 0.283086257 0.295239637 0.288848567 0.265450329 0.264686920 0.295039088 0.298063357 0.330977680 0.332473432 0.330552582 0.350255039 0.388456662 0.342411982 0.369372819 0.331770104 0.387271617 0.357126943 0.370497590 0.384838984 0.381414559 0.406189345 0.424753607 0.392985173 0.365679377 0.375836926 0.371709655 0.360639449 0.336664776 0.345753805 0.358156017 0.336689095 0.343338678 0.917904591 
4     0.292773554 0.354608038 0.313333097 0.311728243 0.218891765 0.226255802 0.202111113 0.220021629 0.227593118 0.244737651 0.186660760 0.000000000 0.265951592 0.265006033 0.266638062 0.268994041 0.253062752 0.266413968 0.302252631 0.314926593 0.308514220 0.284446745 0.283973525 0.314034829 0.317378456 0.349758237 0.351253988 0.349333139 0.369172888 0.407489632 0.361049540 0.388570305 0.350696929 0.405736540 0.375540263 0.388910909 0.404101537 0.401568259 0.424930619 0.443491920 0.411426340 0.384217916 0.394393902 0.390277059 0.379296986 0.355577814 0.364685304 0.376930641 0.355643065 0.362169960 0.938346416 
21     0.303391834 0.365567646 0.325072534 0.323414036 0.278883147 0.285470709 0.261317432 0.279634069 0.287275819 0.303905003 0.246200243 0.265951592 0.000000000 0.034688965 0.043375850 0.042855853 0.233260342 0.262162005 0.314563008 0.327187001 0.320756731 0.297634282 0.296536517 0.326197032 0.329745280 0.361958826 0.363454577 0.361506796 0.381204614 0.419576109 0.373312383 0.399902519 0.362210812 0.417720569 0.387557513 0.400928160 0.415478710 0.412997267 0.436648606 0.455193697 0.423384489 0.396503547 0.406498324 0.402371053 0.391111341 0.367172925 0.376280415 0.388475873 0.366726016 0.373234064 0.950783895 
6     0.302504186 0.364679998 0.324185184 0.322526686 0.277974801 0.284562363 0.260422337 0.278725723 0.286367473 0.302996657 0.245291896 0.265006033 0.034688965 0.000000000 0.041730430 0.041336945 0.232381826 0.261253658 0.313695049 0.326278524 0.319848255 0.296672565 0.295624479 0.325283310 0.328831558 0.361065572 0.362561324 0.360613543 0.380311361 0.418682856 0.372464269 0.399009265 0.361317559 0.416827316 0.386664260 0.400034906 0.414585457 0.412104014 0.435755353 0.454300444 0.422488889 0.395610294 0.405625233 0.401497963 0.390218088 0.366279672 0.375387162 0.387582619 0.365742598 0.372340811 0.949892065 
22     0.304113921 0.366289732 0.325794621 0.324136123 0.279450088 0.286052840 0.261776738 0.280114105 0.287755854 0.304466689 0.246753901 0.266638062 0.043375850 0.041730430 0.000000000 0.038603691 0.233975285 0.262906348 0.315325612 0.327909087 0.321478818 0.298356368 0.297258603 0.326919119 0.330467366 0.362680912 0.364176664 0.362228883 0.381926700 0.420298196 0.374034469 0.400624605 0.362932899 0.418442655 0.388279600 0.401650246 0.416200797 0.413719353 0.437370693 0.455915784 0.424106576 0.397225634 0.407220410 0.403093140 0.391833427 0.367895011 0.377002501 0.389197959 0.367357938 0.373956151 0.951505982 
2     0.306482882 0.368658693 0.328163582 0.326505084 0.281843589 0.288435282 0.264172431 0.282496547 0.290138296 0.306849131 0.249136343 0.268994041 0.042855853 0.041336945 0.038603691 0.000000000 0.236347700 0.265278594 0.317654056 0.330278048 0.323847779 0.300725329 0.299627564 0.329288080 0.332836327 0.365049873 0.366545625 0.364597844 0.384295661 0.422667157 0.376403430 0.402993566 0.365301860 0.420811616 0.390648561 0.404019207 0.418569758 0.416088314 0.439739654 0.458284745 0.426475537 0.399594595 0.409609534 0.405482264 0.394202388 0.370263972 0.379371462 0.391566920 0.369816961 0.376325112 0.953874943 
16     0.291720126 0.354075945 0.314108861 0.312430020 0.267153684 0.273254143 0.249925305 0.267746471 0.275331429 0.291971418 0.234226341 0.253062752 0.233260342 0.232381826 0.233975285 0.236347700 0.000000000 0.248810525 0.303270759 0.315629209 0.309033536 0.287154438 0.286355155 0.316277786 0.319441925 0.349381172 0.350876924 0.348929143 0.368605525 0.407260736 0.360823612 0.388036522 0.350477154 0.406014343 0.375778876 0.389149522 0.403286172 0.400983613 0.424562319 0.443135385 0.411459998 0.384279765 0.394437795 0.390329409 0.378922603 0.355914523 0.365022013 0.377217470 0.355560995 0.362056383 0.939340645 
19     0.301914818 0.364304746 0.323743571 0.322139197 0.277604649 0.283898298 0.260383768 0.278233548 0.285813847 0.301876303 0.244653864 0.266413968 0.262162005 0.261253658 0.262906348 0.265278594 0.248810525 0.000000000 0.310673603 0.323109721 0.316668147 0.295720958 0.294957655 0.324769575 0.328018340 0.358786360 0.360282112 0.358361263 0.378189963 0.416561627 0.370238112 0.397652187 0.360083818 0.415187758 0.385024702 0.398395348 0.412973334 0.410474079 0.433982302 0.452564991 0.420922840 0.393819807 0.404015755 0.399888485 0.388251954 0.364460140 0.373567619 0.385784871 0.364427400 0.370934397 0.947809968 
10     0.310564040 0.372871406 0.332323158 0.330879900 0.315970908 0.322414261 0.298779041 0.316846447 0.324548289 0.340639353 0.283086257 0.302252631 0.314563008 0.313695049 0.315325612 0.317654056 0.303270759 0.310673603 0.000000000 0.096774660 0.090816075 0.282928446 0.282633328 0.313293274 0.316764722 0.353577090 0.355072842 0.353136967 0.373056279 0.411420863 0.364975578 0.392562233 0.354940513 0.409640307 0.379669753 0.393040399 0.407708904 0.405390601 0.428194148 0.446232939 0.415291271 0.388531663 0.398871883 0.394725426 0.382804363 0.359592319 0.369021739 0.380928556 0.359636395 0.366089172 0.944593431 
15     0.323056138 0.385388569 0.344825905 0.343382646 0.328128679 0.334415154 0.310914147 0.328981553 0.336683396 0.352757850 0.295239637 0.314926593 0.327187001 0.326278524 0.327909087 0.330278048 0.315629209 0.323109721 0.096774660 0.000000000 0.057832718 0.295517253 0.295103727 0.325341413 0.328807566 0.366074381 0.367570133 0.365634200 0.385624729 0.423989313 0.376792554 0.405130685 0.367508964 0.422520926 0.392547972 0.405918618 0.420853653 0.418535351 0.441522037 0.459426611 0.428317123 0.401602062 0.411942282 0.407795825 0.395939223 0.372288690 0.381718110 0.393624927 0.372327582 0.378842479 0.957147569 
5     0.316515099 0.378847525 0.338284866 0.336841608 0.321728432 0.328149353 0.304522438 0.322589844 0.330291687 0.346366141 0.288848567 0.308514220 0.320756731 0.319848255 0.321478818 0.323847779 0.309033536 0.316668147 0.090816075 0.057832718 0.000000000 0.288996197 0.288607838 0.318701694 0.322134373 0.359671735 0.361167487 0.359231611 0.379122817 0.417487401 0.371099713 0.398656878 0.361035157 0.416045583 0.386070214 0.399440860 0.414351601 0.412033298 0.435019984 0.453011487 0.421763039 0.395072523 0.405412742 0.401266285 0.389403721 0.365805275 0.375234695 0.387141512 0.365849824 0.372364721 0.950668513 
23     0.290432681 0.352316786 0.312066931 0.310625656 0.298048143 0.304350934 0.281199883 0.299077195 0.306683345 0.322953050 0.265450329 0.284446745 0.297634282 0.296672565 0.298356368 0.300725329 0.287154438 0.295720958 0.282928446 0.295517253 0.288996197 0.000000000 0.136593834 0.218460749 0.221767545 0.334646433 0.336142184 0.334188378 0.353995358 0.392388372 0.346093694 0.372915379 0.335200917 0.391030378 0.361233756 0.374604402 0.388871338 0.386535306 0.409984931 0.428483879 0.396996861 0.369890124 0.380244326 0.376069629 0.364729479 0.340461621 0.349613191 0.361828333 0.340235490 0.347149249 0.925808383 
13     0.290432971 0.352247756 0.311748912 0.310307637 0.297130166 0.303391395 0.280356847 0.298234160 0.305718694 0.321883427 0.264686920 0.283973525 0.296536517 0.295624479 0.297258603 0.299627564 0.286355155 0.294957655 0.282633328 0.295103727 0.288607838 0.136593834 0.000000000 0.218063756 0.221718991 0.334323445 0.335819197 0.333865390 0.353672371 0.392065385 0.345770706 0.372592391 0.334904376 0.390755156 0.360967546 0.374338192 0.388828270 0.386492239 0.409679066 0.428260926 0.396756440 0.369138073 0.379492275 0.375287027 0.364555533 0.340384706 0.349535625 0.361745634 0.340133217 0.346986846 0.925244861 
25     0.320309256 0.381760783 0.342310875 0.340869599 0.327637566 0.333683756 0.310559633 0.328436946 0.336043096 0.351649669 0.295039088 0.314034829 0.326197032 0.325283310 0.326919119 0.329288080 0.316277786 0.324769575 0.313293274 0.325341413 0.318701694 0.218460749 0.218063756 0.000000000 0.120494260 0.364227901 0.365723652 0.363508260 0.383576826 0.421969840 0.375306838 0.402496847 0.364851802 0.420289491 0.390696771 0.404067417 0.418472706 0.416180062 0.439427291 0.458009151 0.426443392 0.399317909 0.409672111 0.405514358 0.394084601 0.369780461 0.378931379 0.390784339 0.369603699 0.376553565 0.955710015 
8     0.324842826 0.385672648 0.346081537 0.344640261 0.330782208 0.336858529 0.313696418 0.331573731 0.339179881 0.354844043 0.298063357 0.317378456 0.329745280 0.328831558 0.330467366 0.332836327 0.319441925 0.328018340 0.316764722 0.328807566 0.322134373 0.221767545 0.221718991 0.120494260 0.000000000 0.367121927 0.368617679 0.366330306 0.386112105 0.424793006 0.378338417 0.405478798 0.367833754 0.423625723 0.393839740 0.407210387 0.421576516 0.419311158 0.442676315 0.461258175 0.429686340 0.402553631 0.412907833 0.408750080 0.397349583 0.372707319 0.381858238 0.393766077 0.372642410 0.379507209 0.958329386 
46     0.359148667 0.421000970 0.379753142 0.378642508 0.363945001 0.370216015 0.346306351 0.364113300 0.371175539 0.389027343 0.330977680 0.349758237 0.361958826 0.361065572 0.362680912 0.365049873 0.349381172 0.358786360 0.353577090 0.366074381 0.359671735 0.334646433 0.334323445 0.364227901 0.367121927 0.000000000 0.032996558 0.077617373 0.178955001 0.216450468 0.166588727 0.251002553 0.213067248 0.364647545 0.334244663 0.346915554 0.364624228 0.362159645 0.384524948 0.402908673 0.371949790 0.344143284 0.354623665 0.350496395 0.338653290 0.313614319 0.322903309 0.335189214 0.314890620 0.320502421 0.947548862 
39     0.360607192 0.422470656 0.381248893 0.380138260 0.365440752 0.371711767 0.347802102 0.365609051 0.372671291 0.390523095 0.332473432 0.351253988 0.363454577 0.362561324 0.364176664 0.366545625 0.350876924 0.360282112 0.355072842 0.367570133 0.361167487 0.336142184 0.335819197 0.365723652 0.368617679 0.032996558 0.000000000 0.079053389 0.180218393 0.217713860 0.167976731 0.252428136 0.214501400 0.366143297 0.335740415 0.348411305 0.366119979 0.363655396 0.386016849 0.404404425 0.373445542 0.345639036 0.356119417 0.351992147 0.340149041 0.315110071 0.324399061 0.336684966 0.316386372 0.321988223 0.949044614 
47     0.358686343 0.420585144 0.379328044 0.378217411 0.363519903 0.369593565 0.345881253 0.363688202 0.370750442 0.388602246 0.330552582 0.349333139 0.361506796 0.360613543 0.362228883 0.364597844 0.348929143 0.358361263 0.353136967 0.365634200 0.359231611 0.334188378 0.333865390 0.363508260 0.366330306 0.077617373 0.079053389 0.000000000 0.176561942 0.214248776 0.166317579 0.250225233 0.212350797 0.364115235 0.333752729 0.346423620 0.364146302 0.361672861 0.383967942 0.402181555 0.371478506 0.343672000 0.354152382 0.350025111 0.338182006 0.313553588 0.322842577 0.335182220 0.314883626 0.320613715 0.947252890 
28     0.378000125 0.439762765 0.398812278 0.397701645 0.383412124 0.389683139 0.365668388 0.383580423 0.391133609 0.408494467 0.350255039 0.369172888 0.381204614 0.380311361 0.381926700 0.384295661 0.368605525 0.378189963 0.373056279 0.385624729 0.379122817 0.353995358 0.353672371 0.383576826 0.386112105 0.178955001 0.180218393 0.176561942 0.000000000 0.108410552 0.186743988 0.270681428 0.232359128 0.384811762 0.354377565 0.366866408 0.384721252 0.382256669 0.404653738 0.422769998 0.392015206 0.364225495 0.374705876 0.370578606 0.358601497 0.333913705 0.343202695 0.355358448 0.335059854 0.340970521 0.967213815 
32     0.416335856 0.478155501 0.437371474 0.436260841 0.421643540 0.427907901 0.403923913 0.421809672 0.429362858 0.446699664 0.388456662 0.407489632 0.419576109 0.418682856 0.420298196 0.422667157 0.407260736 0.416561627 0.411420863 0.423989313 0.417487401 0.392388372 0.392065385 0.421969840 0.424793006 0.216450468 0.217713860 0.214248776 0.108410552 0.000000000 0.224126455 0.308788619 0.270550541 0.423047494 0.392614992 0.404833678 0.422958680 0.420494096 0.442891166 0.461009795 0.430252634 0.402462923 0.412943304 0.408816034 0.396838924 0.372210064 0.381499054 0.393654807 0.373356213 0.379274000 1.005539222 
26     0.370416777 0.432151389 0.390973042 0.389862409 0.375336449 0.381650317 0.357706029 0.375547602 0.382634144 0.400461645 0.342411982 0.361049540 0.373312383 0.372464269 0.374034469 0.376403430 0.360823612 0.370238112 0.364975578 0.376792554 0.371099713 0.346093694 0.345770706 0.375306838 0.378338417 0.166588727 0.167976731 0.166317579 0.186743988 0.224126455 0.000000000 0.263034175 0.224935343 0.376703241 0.346226340 0.358933729 0.376571884 0.374101878 0.396378476 0.414790395 0.383900989 0.356094484 0.366574865 0.362447595 0.350338646 0.325770524 0.335059514 0.347260176 0.326961582 0.332903395 0.959509104 
35     0.397094840 0.459013290 0.417564900 0.416454267 0.402464860 0.408613750 0.384418365 0.402167567 0.409709382 0.427490919 0.369372819 0.388570305 0.399902519 0.399009265 0.400624605 0.402993566 0.388036522 0.397652187 0.392562233 0.405130685 0.398656878 0.372915379 0.372592391 0.402496847 0.405478798 0.251002553 0.252428136 0.250225233 0.270681428 0.308788619 0.263034175 0.000000000 0.160611633 0.402904037 0.372153887 0.385523765 0.402597707 0.399821553 0.422816748 0.441323953 0.409859517 0.381765136 0.392292430 0.388118247 0.376757875 0.352533560 0.361834104 0.374006349 0.353770449 0.359741884 0.985913212 
31     0.359615571 0.421617425 0.380099828 0.378989195 0.364915621 0.371078903 0.346905898 0.364645707 0.372161363 0.389948115 0.331770104 0.350696929 0.362210812 0.361317559 0.362932899 0.365301860 0.350477154 0.360083818 0.354940513 0.367508964 0.361035157 0.335200917 0.334904376 0.364851802 0.367833754 0.213067248 0.214501400 0.212350797 0.232359128 0.270550541 0.224935343 0.160611633 0.000000000 0.365085939 0.334421611 0.347798984 0.364860548 0.362154290 0.385076690 0.403583895 0.372344329 0.344215668 0.354696049 0.350568779 0.339172440 0.314840897 0.324129915 0.336285668 0.315987074 0.322072204 0.948274312 
37     0.414987010 0.476623884 0.435899372 0.434981577 0.420185900 0.426591295 0.402378821 0.419905457 0.427670331 0.444451299 0.387271617 0.405736540 0.417720569 0.416827316 0.418442655 0.420811616 0.406014343 0.415187758 0.409640307 0.422520926 0.416045583 0.391030378 0.390755156 0.420289491 0.423625723 0.364647545 0.366143297 0.364115235 0.384811762 0.423047494 0.376703241 0.402904037 0.365085939 0.000000000 0.179561673 0.193597059 0.273476167 0.273338693 0.291928233 0.311693673 0.280556592 0.251800725 0.262538039 0.258473986 0.249096035 0.339587952 0.349187417 0.361003810 0.340910810 0.346143425 0.999286275 
38     0.385385985 0.446529638 0.405897414 0.404979619 0.389999433 0.396404828 0.372237269 0.389580472 0.397345347 0.414255202 0.357126943 0.375540263 0.387557513 0.386664260 0.388279600 0.390648561 0.375778876 0.385024702 0.379669753 0.392547972 0.386070214 0.361233756 0.360967546 0.390696771 0.393839740 0.334244663 0.335740415 0.333752729 0.354377565 0.392614992 0.346226340 0.372153887 0.334421611 0.179561673 0.000000000 0.065728991 0.242939548 0.242846569 0.261349913 0.280845521 0.249801490 0.219964143 0.230698426 0.226634373 0.217123738 0.308221198 0.317820663 0.329639026 0.309605329 0.315394679 0.967976645 
45     0.398756632 0.459876406 0.419268060 0.418350265 0.403370080 0.409775475 0.385607915 0.402951119 0.410715993 0.427625848 0.370497590 0.388910909 0.400928160 0.400034906 0.401650246 0.404019207 0.389149522 0.398395348 0.393040399 0.405918618 0.399440860 0.374604402 0.374338192 0.404067417 0.407210387 0.346915554 0.348411305 0.346423620 0.366866408 0.404833678 0.358933729 0.385523765 0.347798984 0.193597059 0.065728991 0.000000000 0.256501068 0.256408089 0.274883252 0.294371890 0.263403086 0.233526553 0.244260836 0.240196783 0.230685833 0.321621068 0.331220533 0.343038896 0.322999392 0.328747380 0.981347291 
43     0.412811007 0.474188451 0.434215212 0.433297417 0.417681286 0.424114262 0.400030069 0.417458330 0.425342093 0.441949976 0.384838984 0.404101537 0.415478710 0.414585457 0.416200797 0.418569758 0.403286172 0.412973334 0.407708904 0.420853653 0.414351601 0.388871338 0.388828270 0.418472706 0.421576516 0.364624228 0.366119979 0.364146302 0.384721252 0.422958680 0.376571884 0.402597707 0.364860548 0.273476167 0.242939548 0.256501068 0.000000000 0.103711671 0.210908764 0.230850347 0.227993807 0.200296420 0.210453053 0.206308831 0.195498828 0.338717053 0.347938351 0.360142051 0.340128327 0.345597334 0.997979239 
36     0.410570926 0.471902777 0.431722708 0.430804913 0.414353523 0.420837118 0.396749132 0.414181186 0.422064949 0.438467451 0.381414559 0.401568259 0.412997267 0.412104014 0.413719353 0.416088314 0.400983613 0.410474079 0.405390601 0.418535351 0.412033298 0.386535306 0.386492239 0.416180062 0.419311158 0.362159645 0.363655396 0.361672861 0.382256669 0.420494096 0.374101878 0.399821553 0.362154290 0.273338693 0.242846569 0.256408089 0.103711671 0.000000000 0.211421486 0.231863921 0.228569314 0.201484282 0.211823082 0.207687350 0.196285064 0.336776299 0.345997596 0.358221273 0.338207549 0.343646787 0.992494538 
34     0.433813309 0.495243402 0.454662133 0.453744338 0.439004495 0.445509023 0.421372856 0.438793731 0.446674613 0.463333270 0.406189345 0.424930619 0.436648606 0.435755353 0.437370693 0.439739654 0.424562319 0.433982302 0.428194148 0.441522037 0.435019984 0.409984931 0.409679066 0.439427291 0.442676315 0.384524948 0.386016849 0.383967942 0.404653738 0.442891166 0.396378476 0.422816748 0.385076690 0.291928233 0.261349913 0.274883252 0.210908764 0.211421486 0.000000000 0.106525310 0.247507568 0.220679602 0.231057929 0.226957621 0.215705286 0.358873520 0.368008296 0.380129596 0.360134480 0.365503557 1.014933277 
50     0.452391958 0.514327572 0.473240782 0.472322987 0.457527249 0.464073285 0.439937118 0.457357993 0.465238875 0.481897532 0.424753607 0.443491920 0.455193697 0.454300444 0.455915784 0.458284745 0.443135385 0.452564991 0.446232939 0.459426611 0.453011487 0.428483879 0.428260926 0.458009151 0.461258175 0.402908673 0.404404425 0.402181555 0.422769998 0.461009795 0.414790395 0.441323953 0.403583895 0.311693673 0.280845521 0.294371890 0.230850347 0.231863921 0.106525310 0.000000000 0.267894986 0.240447586 0.250827656 0.246736036 0.235875700 0.377379684 0.386315600 0.398581905 0.378590592 0.384130835 1.033625988 
30     0.420247752 0.481525346 0.441394174 0.440476379 0.425352413 0.431810844 0.408170277 0.425405194 0.433470832 0.450112915 0.392985173 0.411426340 0.423384489 0.422488889 0.424106576 0.426475537 0.411459998 0.420922840 0.415291271 0.428317123 0.421763039 0.396996861 0.396756440 0.426443392 0.429686340 0.371949790 0.373445542 0.371478506 0.392015206 0.430252634 0.383900989 0.409859517 0.372344329 0.280556592 0.249801490 0.263403086 0.227993807 0.228569314 0.247507568 0.267894986 0.000000000 0.138108304 0.148997783 0.144114748 0.153015248 0.345702255 0.355226398 0.367020024 0.346779119 0.352256385 1.003556273 
27     0.393531613 0.455313502 0.414609182 0.413691387 0.398447586 0.404999055 0.380784704 0.398048188 0.406030489 0.422804390 0.365679377 0.384217916 0.396503547 0.395610294 0.397225634 0.399594595 0.384279765 0.393819807 0.388531663 0.401602062 0.395072523 0.369890124 0.369138073 0.399317909 0.402553631 0.344143284 0.345639036 0.343672000 0.364225495 0.402462923 0.356094484 0.381765136 0.344215668 0.251800725 0.219964143 0.233526553 0.200296420 0.201484282 0.220679602 0.240447586 0.138108304 0.000000000 0.051493738 0.047327337 0.125708634 0.318304500 0.327828642 0.339631410 0.319382810 0.324774381 0.976194194 
40     0.403762401 0.465544289 0.424839970 0.423922175 0.408615075 0.415119784 0.391010684 0.408206605 0.416188907 0.432961939 0.375836926 0.394393902 0.406498324 0.405625233 0.407220410 0.409609534 0.394437795 0.404015755 0.398871883 0.411942282 0.405412742 0.380244326 0.379492275 0.409672111 0.412907833 0.354623665 0.356119417 0.354152382 0.374705876 0.412943304 0.366574865 0.392292430 0.354696049 0.262538039 0.230698426 0.244260836 0.210453053 0.211823082 0.231057929 0.250827656 0.148997783 0.051493738 0.000000000 0.045714173 0.136044446 0.328850593 0.338374736 0.350177504 0.329928903 0.335373304 0.986588142 
49     0.399611214 0.461393103 0.420688783 0.419770989 0.404470121 0.410992514 0.386883414 0.404079335 0.412061636 0.428834669 0.371709655 0.390277059 0.402371053 0.401497963 0.403093140 0.405482264 0.390329409 0.399888485 0.394725426 0.407795825 0.401266285 0.376069629 0.375287027 0.405514358 0.408750080 0.350496395 0.351992147 0.350025111 0.370578606 0.408816034 0.362447595 0.388118247 0.350568779 0.258473986 0.226634373 0.240196783 0.206308831 0.207687350 0.226957621 0.246736036 0.144114748 0.047327337 0.045714173 0.000000000 0.132123348 0.324745772 0.334269914 0.346072682 0.325824082 0.331268482 0.982473213 
33     0.388239941 0.449879525 0.409208620 0.408290825 0.393402438 0.399933516 0.375824436 0.393124142 0.401124990 0.417757006 0.360639449 0.379296986 0.391111341 0.390218088 0.391833427 0.394202388 0.378922603 0.388251954 0.382804363 0.395939223 0.389403721 0.364729479 0.364555533 0.394084601 0.397349583 0.338653290 0.340149041 0.338182006 0.358601497 0.396838924 0.350338646 0.376757875 0.339172440 0.249096035 0.217123738 0.230685833 0.195498828 0.196285064 0.215705286 0.235875700 0.153015248 0.125708634 0.136044446 0.132123348 0.000000000 0.313363666 0.322891795 0.334694563 0.314421842 0.319770048 0.971312991 
48     0.364862820 0.426597354 0.384380998 0.384304646 0.370036176 0.376172884 0.352607842 0.369892741 0.377477621 0.394105760 0.336664776 0.355577814 0.367172925 0.366279672 0.367895011 0.370263972 0.355914523 0.364460140 0.359592319 0.372288690 0.365805275 0.340461621 0.340384706 0.369780461 0.372707319 0.313614319 0.315110071 0.313553588 0.333913705 0.372210064 0.325770524 0.352533560 0.314840897 0.339587952 0.308221198 0.321621068 0.338717053 0.336776299 0.358873520 0.377379684 0.345702255 0.318304500 0.328850593 0.324745772 0.313363666 0.000000000 0.084978863 0.144252455 0.176037178 0.221043444 0.953924521 
29     0.373407848 0.435245064 0.393293599 0.393217247 0.379133503 0.385274882 0.361715332 0.378884965 0.386585111 0.403214193 0.345753805 0.364685304 0.376280415 0.375387162 0.377002501 0.379371462 0.365022013 0.373567619 0.369021739 0.381718110 0.375234695 0.349613191 0.349535625 0.378931379 0.381858238 0.322903309 0.324399061 0.322842577 0.343202695 0.381499054 0.335059514 0.361834104 0.324129915 0.349187417 0.317820663 0.331220533 0.347938351 0.345997596 0.368008296 0.386315600 0.355226398 0.327828642 0.338374736 0.334269914 0.322891795 0.084978863 0.000000000 0.153982716 0.185894275 0.230817412 0.963278201 
42     0.386327637 0.448085279 0.405557167 0.405743279 0.391398433 0.397531616 0.373958363 0.391288961 0.398873841 0.415453820 0.358156017 0.376930641 0.388475873 0.387582619 0.389197959 0.391566920 0.377217470 0.385784871 0.380928556 0.393624927 0.387141512 0.361828333 0.361745634 0.390784339 0.393766077 0.335189214 0.336684966 0.335182220 0.355358448 0.393654807 0.347260176 0.374006349 0.336285668 0.361003810 0.329639026 0.343038896 0.360142051 0.358221273 0.380129596 0.398581905 0.367020024 0.339631410 0.350177504 0.346072682 0.334694563 0.144252455 0.153982716 0.000000000 0.198555754 0.241812439 0.975225720 
44     0.364683704 0.426390412 0.384845094 0.384532359 0.369844177 0.376282076 0.352404107 0.369807554 0.377392434 0.394163276 0.336689095 0.355643065 0.366726016 0.365742598 0.367357938 0.369816961 0.355560995 0.364427400 0.359636395 0.372327582 0.365849824 0.340235490 0.340133217 0.369603699 0.372642410 0.314890620 0.316386372 0.314883626 0.335059854 0.373356213 0.326961582 0.353770449 0.315987074 0.340910810 0.309605329 0.322999392 0.340128327 0.338207549 0.360134480 0.378590592 0.346779119 0.319382810 0.329928903 0.325824082 0.314421842 0.176037178 0.185894275 0.198555754 0.000000000 0.222491641 0.954487076 
41     0.371001402 0.432694136 0.391218935 0.390613209 0.376511119 0.382866091 0.359054206 0.376469039 0.384053919 0.400837058 0.343338678 0.362169960 0.373234064 0.372340811 0.373956151 0.376325112 0.362056383 0.370934397 0.366089172 0.378842479 0.372364721 0.347149249 0.346986846 0.376553565 0.379507209 0.320502421 0.321988223 0.320613715 0.340970521 0.379274000 0.332903395 0.359741884 0.322072204 0.346143425 0.315394679 0.328747380 0.345597334 0.343646787 0.365503557 0.384130835 0.352256385 0.324774381 0.335373304 0.331268482 0.319770048 0.221043444 0.230817412 0.241812439 0.222491641 0.000000000 0.960656375 
0     0.948753424 1.012001055 0.965661934 0.964406876 0.950736537 0.957138849 0.933552358 0.951136813 0.958760625 0.975598261 0.917904591 0.938346416 0.950783895 0.949892065 0.951505982 0.953874943 0.939340645 0.947809968 0.944593431 0.957147569 0.950668513 0.925808383 0.925244861 0.955710015 0.958329386 0.947548862 0.949044614 0.947252890 0.967213815 1.005539222 0.959509104 0.985913212 0.948274312 0.999286275 0.967976645 0.981347291 0.997979239 0.992494538 1.014933277 1.033625988 1.003556273 0.976194194 0.986588142 0.982473213 0.971312991 0.953924521 0.963278201 0.975225720 0.954487076 0.960656375 0.000000000 
