51
7     0.000000000 0.103296905 0.102483867 0.099729084 0.097927321 0.338592855 0.339690721 0.329483640 0.328698437 0.400821234 0.437051810 0.434911520 0.320772326 0.322713120 0.319863352 0.331009365 0.315316011 0.314561271 0.320587646 0.278762094 0.276396030 0.300992514 0.302679469 0.322811108 0.393043064 0.354690413 0.320654161 0.314784372 0.336403978 0.370481561 0.296829472 0.300630917 0.298193135 0.302075409 0.300030795 0.344339907 0.281980785 0.279460501 0.287490449 0.316870364 0.309774506 0.361024160 0.345972530 0.344013267 0.339155114 0.347997142 0.366493101 0.359849507 0.367445731 0.379634737 0.324704970 
34     0.103296905 0.000000000 0.062318011 0.060272649 0.058078945 0.352315439 0.353707482 0.343520619 0.342750166 0.416992458 0.455087894 0.452546708 0.337860052 0.339643164 0.335273194 0.347909517 0.332330395 0.332437943 0.338759150 0.296950461 0.294908596 0.317816777 0.320117856 0.338912543 0.407589119 0.370363211 0.336168753 0.329344587 0.352249478 0.386305546 0.313347575 0.316327615 0.313777623 0.315758600 0.314300073 0.359074273 0.296195568 0.293714949 0.301441824 0.331903544 0.324600024 0.373416200 0.357989562 0.356084915 0.350656329 0.359742651 0.378768032 0.372513417 0.379633030 0.389990283 0.340252033 
19     0.102483867 0.062318011 0.000000000 0.054684426 0.051887295 0.355934992 0.357115530 0.346901781 0.346131328 0.418688170 0.456481254 0.454242032 0.339161386 0.340913224 0.336608497 0.349302049 0.333770498 0.333597113 0.339880085 0.298272630 0.296190530 0.319700944 0.321840275 0.340603647 0.409450408 0.371729457 0.337816510 0.331523070 0.352599800 0.386840727 0.313758852 0.316680611 0.314055544 0.317394577 0.315889408 0.359767484 0.297761599 0.295280980 0.303293707 0.333684069 0.326417406 0.376814111 0.361539827 0.359635180 0.354799678 0.363603009 0.382770206 0.376556512 0.383658673 0.394681049 0.341756791 
18     0.099729084 0.060272649 0.054684426 0.000000000 0.042247892 0.352371031 0.353611338 0.343378499 0.342608045 0.415281590 0.453138250 0.450899028 0.335767600 0.337517828 0.333222738 0.345885228 0.330320880 0.329878677 0.336272974 0.294718661 0.292653064 0.316233786 0.318070824 0.337163109 0.405643380 0.367926847 0.333745396 0.327535334 0.349654617 0.383708036 0.310268688 0.313549447 0.311123622 0.313842079 0.312306989 0.356530337 0.294380168 0.291899549 0.300009478 0.330271950 0.323084851 0.372648031 0.357374849 0.355470202 0.350664336 0.359250090 0.378120451 0.371906756 0.378901766 0.390176832 0.338349835 
16     0.097927321 0.058078945 0.051887295 0.042247892 0.000000000 0.351573469 0.352813775 0.342580936 0.341810483 0.414404260 0.452145008 0.449905786 0.335082401 0.336807133 0.332444652 0.345102892 0.329542793 0.329434003 0.335759220 0.293882921 0.291800820 0.315436224 0.317273261 0.336263570 0.405522123 0.367907499 0.333695186 0.327421650 0.348954145 0.382993241 0.309771282 0.313022094 0.310596268 0.313295488 0.311777346 0.355851431 0.293857149 0.291376530 0.299486458 0.329664115 0.322457599 0.372550731 0.357236123 0.355331476 0.350526922 0.359358149 0.378249893 0.372036198 0.379138985 0.390259284 0.337547487 
12     0.338592855 0.352315439 0.355934992 0.352371031 0.351573469 0.000000000 0.109001939 0.120588999 0.120573660 0.346103829 0.383326886 0.380429907 0.290818902 0.292104418 0.289933440 0.300086361 0.286157160 0.294687082 0.301161810 0.258818023 0.256505004 0.282257091 0.285130655 0.311999351 0.421276596 0.384597583 0.349275274 0.346324005 0.417007661 0.451270469 0.377764254 0.382293842 0.380381436 0.380540290 0.379928214 0.424418231 0.360857757 0.358268156 0.365488714 0.395271773 0.389432228 0.444235596 0.429477921 0.427499500 0.421225510 0.430335739 0.449379507 0.442496206 0.450773510 0.462102617 0.413196515 
4     0.339690721 0.353707482 0.357115530 0.353611338 0.352813775 0.109001939 0.000000000 0.120892433 0.121723320 0.349186530 0.385444846 0.382609383 0.292608705 0.293471266 0.290940219 0.302096823 0.288010359 0.297037944 0.303732164 0.261038181 0.258732071 0.284257889 0.287491286 0.313112000 0.422345882 0.385692719 0.351170133 0.347430455 0.417631337 0.451179503 0.378460338 0.382383957 0.380471551 0.381834811 0.381300667 0.425225252 0.362014236 0.359689596 0.367301221 0.397689363 0.391594065 0.444130708 0.428863723 0.426901669 0.420138432 0.429730339 0.449870876 0.442938367 0.451135857 0.461931047 0.413642866 
15     0.329483640 0.343520619 0.346901781 0.343378499 0.342580936 0.120588999 0.120892433 0.000000000 0.037784445 0.338446312 0.375542599 0.372213315 0.281607242 0.282836958 0.280208892 0.290563072 0.276767618 0.287152965 0.293788053 0.249992110 0.247941184 0.274539745 0.277468163 0.303475509 0.412891060 0.375600325 0.340580698 0.337561098 0.407200230 0.442547953 0.368479449 0.371924908 0.370084596 0.370904876 0.370327032 0.414828087 0.351523035 0.348914710 0.356195446 0.386516494 0.380741671 0.433978467 0.418178111 0.416168167 0.410274749 0.419180170 0.440180797 0.433275308 0.441162259 0.453294638 0.402351739 
10     0.328698437 0.342750166 0.346131328 0.342608045 0.341810483 0.120573660 0.121723320 0.037784445 0.000000000 0.337640128 0.374803308 0.371474024 0.280802536 0.282032253 0.279455752 0.290092043 0.275923631 0.286460729 0.293079072 0.249361484 0.247326648 0.273878611 0.277068603 0.302779357 0.412471325 0.375182979 0.340572981 0.337196556 0.406371193 0.442347107 0.367612114 0.371071026 0.369230714 0.370069838 0.369460692 0.414300753 0.350699133 0.348090807 0.355382433 0.385406024 0.379654145 0.433628930 0.417886753 0.415876809 0.409997826 0.418990027 0.439889438 0.432983949 0.440860564 0.452998028 0.401932686 
6     0.400821234 0.416992458 0.418688170 0.415281590 0.414404260 0.346103829 0.349186530 0.338446312 0.337640128 0.000000000 0.405988709 0.402188622 0.349733637 0.350522026 0.349131854 0.359501432 0.347060668 0.355294985 0.360013289 0.320255080 0.318688690 0.343541258 0.344992631 0.376315548 0.486652502 0.447036941 0.411321952 0.409001752 0.475903364 0.512885774 0.441335353 0.446326958 0.444587971 0.441282981 0.440886124 0.485773650 0.420865131 0.418363617 0.427199461 0.454644928 0.448844124 0.510780781 0.495297082 0.493318661 0.488013271 0.497290014 0.515870536 0.509161948 0.517286047 0.527258094 0.480801201 
21     0.437051810 0.455087894 0.456481254 0.453138250 0.452145008 0.383326886 0.385444846 0.375542599 0.374803308 0.405988709 0.000000000 0.107000769 0.390451445 0.391711489 0.388722903 0.399563627 0.386992282 0.393085568 0.398458699 0.358406380 0.356230789 0.382208853 0.383752291 0.416215405 0.525925240 0.486871486 0.451192345 0.449711236 0.518319876 0.553007002 0.480083678 0.482683869 0.480773601 0.480825675 0.479770189 0.524772520 0.460266280 0.458993892 0.465842629 0.493149569 0.487419053 0.547647645 0.532630318 0.530651897 0.525613534 0.534324237 0.551695765 0.545261266 0.554045153 0.565396333 0.515597106 
29     0.434911520 0.452546708 0.454242032 0.450899028 0.449905786 0.380429907 0.382609383 0.372213315 0.371474024 0.402188622 0.107000769 0.000000000 0.387543687 0.388803732 0.385961359 0.395993768 0.383558327 0.390494503 0.395867634 0.356000276 0.353642004 0.379432625 0.380966010 0.413223354 0.523822144 0.484241195 0.448393166 0.446798441 0.515737944 0.550814859 0.478235310 0.481251564 0.479169302 0.478804475 0.477748989 0.522892004 0.458358126 0.457165062 0.463648890 0.491424545 0.485715465 0.545333157 0.530080103 0.528101682 0.523068980 0.531779683 0.549570547 0.543136047 0.551827930 0.563213842 0.512988634 
37     0.320772326 0.337860052 0.339161386 0.335767600 0.335082401 0.290818902 0.292608705 0.281607242 0.280802536 0.349733637 0.390451445 0.387543687 0.000000000 0.054065161 0.177956309 0.185355186 0.173682798 0.276361016 0.282695124 0.241060539 0.239404082 0.265510784 0.268529932 0.297757443 0.408032046 0.368468038 0.333273478 0.327432577 0.398056583 0.434525761 0.362264546 0.364881366 0.362769160 0.361471922 0.361899266 0.405264659 0.343182030 0.341077519 0.347751405 0.378037418 0.372074658 0.429294183 0.413436033 0.411336874 0.407906419 0.416933979 0.435116281 0.428518858 0.435818910 0.446398622 0.397937658 
22     0.322713120 0.339643164 0.340913224 0.337517828 0.336807133 0.292104418 0.293471266 0.282836958 0.282032253 0.350522026 0.391711489 0.388803732 0.054065161 0.000000000 0.178555170 0.185976502 0.173933312 0.277254265 0.283683383 0.242232557 0.240629078 0.266331109 0.269376293 0.298774967 0.409056710 0.369497103 0.334152315 0.328283306 0.399519372 0.436156468 0.363935126 0.366410235 0.364298029 0.362554028 0.362981372 0.406276714 0.344317281 0.342208621 0.348895911 0.379425456 0.373322188 0.431358599 0.415979597 0.413981537 0.410247317 0.419608973 0.437728427 0.431131004 0.438266390 0.449088768 0.399444793 
31     0.319863352 0.335273194 0.336608497 0.333222738 0.332444652 0.289933440 0.290940219 0.280208892 0.279455752 0.349131854 0.388722903 0.385961359 0.177956309 0.178555170 0.000000000 0.141959985 0.148605714 0.274311970 0.281067484 0.240398192 0.237919906 0.263556338 0.265028045 0.295484689 0.402169249 0.362925550 0.329308516 0.324540898 0.395671399 0.432559259 0.360548969 0.363600104 0.361881184 0.361514859 0.360659760 0.405895615 0.343575321 0.340647910 0.347596085 0.378057889 0.372083642 0.427557397 0.412786881 0.410808460 0.406816129 0.415262632 0.434480810 0.427868035 0.435631417 0.445930149 0.395378416 
30     0.331009365 0.347909517 0.349302049 0.345885228 0.345102892 0.300086361 0.302096823 0.290563072 0.290092043 0.359501432 0.399563627 0.395993768 0.185355186 0.185976502 0.141959985 0.000000000 0.156076615 0.284518267 0.291155289 0.249951199 0.248078582 0.273416880 0.274392749 0.305624480 0.413935921 0.372875276 0.338110276 0.334080659 0.408538244 0.444296409 0.373082442 0.375597474 0.373857735 0.373081621 0.371475165 0.416801701 0.354545891 0.352058517 0.358865374 0.388487785 0.382473220 0.438003508 0.423680343 0.421701923 0.417840289 0.426104385 0.444337812 0.437775170 0.445614830 0.455272281 0.405508708 
33     0.315316011 0.332330395 0.333770498 0.330320880 0.329542793 0.286157160 0.288010359 0.276767618 0.275923631 0.347060668 0.386992282 0.383558327 0.173682798 0.173933312 0.148605714 0.156076615 0.000000000 0.273047494 0.279130329 0.238196844 0.236047977 0.261721146 0.262926675 0.294075423 0.401404013 0.360248203 0.325385971 0.321109250 0.391785874 0.427257823 0.356758476 0.359129794 0.357063094 0.358126227 0.357368549 0.401086114 0.337800486 0.335289570 0.341890087 0.373896509 0.368179794 0.424545728 0.410103806 0.408125386 0.403969308 0.412362268 0.430982555 0.424541501 0.432151668 0.441251536 0.388865322 
3     0.314561271 0.332437943 0.333597113 0.329878677 0.329434003 0.294687082 0.297037944 0.287152965 0.286460729 0.355294985 0.393085568 0.390494503 0.276361016 0.277254265 0.274311970 0.284518267 0.273047494 0.000000000 0.076833876 0.176338546 0.174967767 0.199189159 0.198994224 0.285801713 0.399421374 0.360094782 0.326055692 0.320735084 0.393253884 0.427619548 0.355820211 0.358146769 0.356574077 0.358820762 0.357127319 0.398846741 0.335473814 0.332874698 0.340789734 0.370757543 0.364735751 0.422502300 0.408281403 0.406248895 0.400519154 0.409772717 0.427369065 0.420215629 0.428897697 0.438242568 0.387531994 
20     0.320587646 0.338759150 0.339880085 0.336272974 0.335759220 0.301161810 0.303732164 0.293788053 0.293079072 0.360013289 0.398458699 0.395867634 0.282695124 0.283683383 0.281067484 0.291155289 0.279130329 0.076833876 0.000000000 0.182850115 0.181299824 0.206565057 0.206133939 0.292466227 0.404934294 0.365513439 0.332496526 0.327377332 0.399126710 0.434163880 0.362210443 0.364894059 0.363393052 0.364610098 0.362998255 0.405097292 0.342392356 0.339806296 0.346974498 0.376440618 0.370312593 0.428238522 0.414546620 0.412568199 0.406423492 0.414950834 0.434038581 0.426776133 0.435582783 0.443431088 0.395078148 
13     0.278762094 0.296950461 0.298272630 0.294718661 0.293882921 0.258818023 0.261038181 0.249992110 0.249361484 0.320255080 0.358406380 0.356000276 0.241060539 0.242232557 0.240398192 0.249951199 0.238196844 0.176338546 0.182850115 0.000000000 0.029850955 0.159064022 0.157218643 0.254927664 0.366085252 0.325460191 0.291960062 0.287580477 0.356427509 0.390048517 0.318422197 0.321552607 0.319353065 0.322822368 0.321064784 0.365499137 0.301274246 0.298820026 0.306691715 0.334415297 0.328937340 0.387161271 0.372869572 0.370891151 0.365869072 0.374617450 0.392017816 0.386758074 0.394543886 0.404116654 0.352024174 
5     0.276396030 0.294908596 0.296190530 0.292653064 0.291800820 0.256505004 0.258732071 0.247941184 0.247326648 0.318688690 0.356230789 0.353642004 0.239404082 0.240629078 0.237919906 0.248078582 0.236047977 0.174967767 0.181299824 0.029850955 0.000000000 0.157392490 0.156181888 0.253074316 0.363621883 0.323324382 0.289869078 0.285439500 0.353188801 0.386992492 0.316609280 0.318806106 0.316603160 0.320546065 0.318838474 0.362799040 0.299039205 0.296584985 0.304309861 0.332146850 0.326619371 0.385149092 0.370769943 0.368791522 0.364324124 0.372617390 0.389978578 0.384718836 0.392502087 0.402330402 0.349849373 
23     0.300992514 0.317816777 0.319700944 0.316233786 0.315436224 0.282257091 0.284257889 0.274539745 0.273878611 0.343541258 0.382208853 0.379432625 0.265510784 0.266331109 0.263556338 0.273416880 0.261721146 0.199189159 0.206565057 0.159064022 0.157392490 0.000000000 0.150373421 0.275727507 0.388255552 0.348883761 0.313223320 0.309397759 0.378261197 0.411996994 0.340612476 0.343380866 0.341614152 0.343526786 0.342392526 0.384831114 0.322300941 0.319762483 0.327589176 0.356022776 0.350057334 0.408367386 0.393823711 0.391845290 0.386358721 0.395334556 0.412832306 0.405837394 0.414748267 0.424246617 0.374842118 
39     0.302679469 0.320117856 0.321840275 0.318070824 0.317273261 0.285130655 0.287491286 0.277468163 0.277068603 0.344992631 0.383752291 0.380966010 0.268529932 0.269376293 0.265028045 0.274392749 0.262926675 0.198994224 0.206133939 0.157218643 0.156181888 0.150373421 0.000000000 0.278925738 0.390027780 0.351688383 0.316404650 0.312242581 0.383125115 0.417090300 0.344709996 0.347748190 0.345999122 0.348375718 0.347135922 0.390654701 0.326764013 0.324225555 0.332524835 0.360205054 0.354872591 0.413832472 0.398783815 0.396805394 0.391444879 0.401413024 0.418980793 0.412062997 0.421019936 0.429760219 0.378675400 
26     0.322811108 0.338912543 0.340603647 0.337163109 0.336263570 0.311999351 0.313112000 0.303475509 0.302779357 0.376315548 0.416215405 0.413223354 0.297757443 0.298774967 0.295484689 0.305624480 0.294075423 0.285801713 0.292466227 0.254927664 0.253074316 0.275727507 0.278925738 0.000000000 0.409454147 0.370761159 0.336555665 0.331471610 0.403880571 0.439391652 0.366780659 0.369393013 0.367802194 0.368237904 0.366429192 0.410075251 0.347729222 0.345456330 0.353259424 0.381820799 0.376909976 0.428545199 0.413753111 0.411728006 0.406776672 0.416687068 0.434244531 0.428494092 0.436351921 0.444468089 0.401056744 
41     0.393043064 0.407589119 0.409450408 0.405643380 0.405522123 0.421276596 0.422345882 0.412891060 0.412471325 0.486652502 0.525925240 0.523822144 0.408032046 0.409056710 0.402169249 0.413935921 0.401404013 0.399421374 0.404934294 0.366085252 0.363621883 0.388255552 0.390027780 0.409454147 0.000000000 0.229487732 0.324942498 0.320290299 0.472988022 0.507911325 0.435339819 0.438690950 0.436597193 0.435745646 0.434281481 0.480195082 0.417991144 0.414695305 0.424739055 0.451073283 0.445571250 0.501142366 0.485515444 0.483537023 0.478652552 0.488659544 0.503945883 0.496943899 0.506076657 0.517662998 0.470738550 
36     0.354690413 0.370363211 0.371729457 0.367926847 0.367907499 0.384597583 0.385692719 0.375600325 0.375182979 0.447036941 0.486871486 0.484241195 0.368468038 0.369497103 0.362925550 0.372875276 0.360248203 0.360094782 0.365513439 0.325460191 0.323324382 0.348883761 0.351688383 0.370761159 0.229487732 0.000000000 0.285229163 0.282393704 0.434666787 0.469829120 0.396321290 0.399306998 0.397212255 0.398063924 0.396512064 0.442249946 0.379480271 0.376640497 0.385952821 0.413215167 0.407766547 0.461746460 0.447782198 0.445797459 0.440789173 0.448339915 0.466123699 0.459600230 0.467995013 0.479972123 0.432612727 
25     0.320654161 0.336168753 0.337816510 0.333745396 0.333695186 0.349275274 0.351170133 0.340580698 0.340572981 0.411321952 0.451192345 0.448393166 0.333273478 0.334152315 0.329308516 0.338110276 0.325385971 0.326055692 0.332496526 0.291960062 0.289869078 0.313223320 0.316404650 0.336555665 0.324942498 0.285229163 0.000000000 0.181971956 0.400754012 0.435610268 0.362877961 0.365114636 0.362996399 0.363752942 0.362234392 0.407728033 0.346562071 0.343597008 0.352865136 0.380126765 0.375162630 0.428699373 0.414086834 0.412108413 0.406370762 0.415217898 0.433902251 0.427398323 0.436137230 0.447339931 0.399110607 
11     0.314784372 0.329344587 0.331523070 0.327535334 0.327421650 0.346324005 0.347430455 0.337561098 0.337196556 0.409001752 0.449711236 0.446798441 0.327432577 0.328283306 0.324540898 0.334080659 0.321109250 0.320735084 0.327377332 0.287580477 0.285439500 0.309397759 0.312242581 0.331471610 0.320290299 0.282393704 0.181971956 0.000000000 0.394519166 0.428731929 0.355769590 0.358959221 0.357347232 0.356322874 0.356195179 0.400260401 0.338893291 0.335948433 0.344610047 0.371601376 0.366370836 0.420454044 0.406586120 0.404607700 0.398198664 0.408062790 0.426203850 0.419364910 0.427786888 0.439788376 0.393440552 
28     0.336403978 0.352249478 0.352599800 0.349654617 0.348954145 0.417007661 0.417631337 0.407200230 0.406371193 0.475903364 0.518319876 0.515737944 0.398056583 0.399519372 0.395671399 0.408538244 0.391785874 0.393253884 0.399126710 0.356427509 0.353188801 0.378261197 0.383125115 0.403880571 0.472988022 0.434666787 0.400754012 0.394519166 0.000000000 0.177227267 0.300414114 0.301801550 0.299948058 0.317672212 0.314920524 0.359406211 0.298494410 0.295665153 0.302935637 0.332068960 0.326814034 0.443194451 0.428531663 0.426769161 0.422883432 0.430808249 0.450458258 0.444440494 0.453468800 0.461352216 0.411814221 
35     0.370481561 0.386305546 0.386840727 0.383708036 0.382993241 0.451270469 0.451179503 0.442547953 0.442347107 0.512885774 0.553007002 0.550814859 0.434525761 0.436156468 0.432559259 0.444296409 0.427257823 0.427619548 0.434163880 0.390048517 0.386992492 0.411996994 0.417090300 0.439391652 0.507911325 0.469829120 0.435610268 0.428731929 0.177227267 0.000000000 0.335585017 0.337037703 0.335126347 0.354141155 0.350842464 0.396601873 0.336147788 0.333537502 0.340222379 0.367707802 0.362358249 0.477904471 0.462000994 0.459984600 0.456686728 0.465079046 0.484921228 0.478135454 0.487282980 0.495804094 0.446461327 
1     0.296829472 0.313347575 0.313758852 0.310268688 0.309771282 0.377764254 0.378460338 0.368479449 0.367612114 0.441335353 0.480083678 0.478235310 0.362264546 0.363935126 0.360548969 0.373082442 0.356758476 0.355820211 0.362210443 0.318422197 0.316609280 0.340612476 0.344709996 0.366780659 0.435339819 0.396321290 0.362877961 0.355769590 0.300414114 0.335585017 0.000000000 0.200014827 0.198638085 0.280748022 0.278749683 0.323937272 0.263017267 0.259957564 0.267134569 0.295103408 0.289136605 0.402147374 0.387135967 0.385119573 0.379397975 0.388709212 0.406937256 0.400726983 0.409521965 0.418172255 0.369682410 
2     0.300630917 0.316327615 0.316680611 0.313549447 0.313022094 0.382293842 0.382383957 0.371924908 0.371071026 0.446326958 0.482683869 0.481251564 0.364881366 0.366410235 0.363600104 0.375597474 0.359129794 0.358146769 0.364894059 0.321552607 0.318806106 0.343380866 0.347748190 0.369393013 0.438690950 0.399306998 0.365114636 0.358959221 0.301801550 0.337037703 0.200014827 0.000000000 0.046884129 0.285102711 0.282703426 0.327967612 0.267346739 0.264304471 0.271759271 0.300629186 0.294853492 0.406821274 0.393774083 0.391757689 0.386507517 0.395074870 0.413459323 0.407420182 0.415521154 0.425756267 0.372158485 
27     0.298193135 0.313777623 0.314055544 0.311123622 0.310596268 0.380381436 0.380471551 0.370084596 0.369230714 0.444587971 0.480773601 0.479169302 0.362769160 0.364298029 0.361881184 0.373857735 0.357063094 0.356574077 0.363393052 0.319353065 0.316603160 0.341614152 0.345999122 0.367802194 0.436597193 0.397212255 0.362996399 0.357347232 0.299948058 0.335126347 0.198638085 0.046884129 0.000000000 0.281603126 0.279261092 0.325697315 0.265258621 0.262239166 0.269782874 0.298234497 0.292450412 0.403308883 0.390109335 0.388092940 0.383239415 0.391731687 0.410324694 0.404285553 0.412345463 0.422337911 0.369497324 
32     0.302075409 0.315758600 0.317394577 0.313842079 0.313295488 0.380540290 0.381834811 0.370904876 0.370069838 0.441282981 0.480825675 0.478804475 0.361471922 0.362554028 0.361514859 0.373081621 0.358126227 0.358820762 0.364610098 0.322822368 0.320546065 0.343526786 0.348375718 0.368237904 0.435745646 0.398063924 0.363752942 0.356322874 0.317672212 0.354141155 0.280748022 0.285102711 0.281603126 0.000000000 0.083542393 0.226352012 0.171559069 0.169976272 0.176365009 0.246729175 0.240995666 0.401994247 0.387387994 0.385432234 0.381111723 0.390159888 0.407560735 0.401056716 0.409550097 0.420593444 0.376562484 
9     0.300030795 0.314300073 0.315889408 0.312306989 0.311777346 0.379928214 0.381300667 0.370327032 0.369460692 0.440886124 0.479770189 0.477748989 0.361899266 0.362981372 0.360659760 0.371475165 0.357368549 0.357127319 0.362998255 0.321064784 0.318838474 0.342392526 0.347135922 0.366429192 0.434281481 0.396512064 0.362234392 0.356195179 0.314920524 0.350842464 0.278749683 0.282703426 0.279261092 0.083542393 0.000000000 0.225531094 0.169845748 0.168141907 0.173887288 0.245113370 0.238593227 0.398095252 0.383233036 0.381285924 0.377020215 0.385628500 0.403686638 0.397140893 0.405700228 0.417283448 0.375249726 
14     0.344339907 0.359074273 0.359767484 0.356530337 0.355851431 0.424418231 0.425225252 0.414828087 0.414300753 0.485773650 0.524772520 0.522892004 0.405264659 0.406276714 0.405895615 0.416801701 0.401086114 0.398846741 0.405097292 0.365499137 0.362799040 0.384831114 0.390654701 0.410075251 0.480195082 0.442249946 0.407728033 0.400260401 0.359406211 0.396601873 0.323937272 0.327967612 0.325697315 0.226352012 0.225531094 0.000000000 0.210245884 0.208956339 0.215519150 0.286150566 0.279694966 0.443615894 0.428423386 0.426427888 0.424679859 0.430875764 0.452561795 0.446150809 0.452228101 0.462893096 0.416566202 
17     0.281980785 0.296195568 0.297761599 0.294380168 0.293857149 0.360857757 0.362014236 0.351523035 0.350699133 0.420865131 0.460266280 0.458358126 0.343182030 0.344317281 0.343575321 0.354545891 0.337800486 0.335473814 0.342392356 0.301274246 0.299039205 0.322300941 0.326764013 0.347729222 0.417991144 0.379480271 0.346562071 0.338893291 0.298494410 0.336147788 0.263017267 0.267346739 0.265258621 0.171559069 0.169845748 0.210245884 0.000000000 0.049011728 0.098522952 0.221671572 0.214880318 0.382379685 0.366671836 0.364607417 0.360139690 0.369867663 0.388743675 0.381872392 0.390650621 0.400918273 0.355356010 
24     0.279460501 0.293714949 0.295280980 0.291899549 0.291376530 0.358268156 0.359689596 0.348914710 0.348090807 0.418363617 0.458993892 0.457165062 0.341077519 0.342208621 0.340647910 0.352058517 0.335289570 0.332874698 0.339806296 0.298820026 0.296584985 0.319762483 0.324225555 0.345456330 0.414695305 0.376640497 0.343597008 0.335948433 0.295665153 0.333537502 0.259957564 0.264304471 0.262239166 0.169976272 0.168141907 0.208956339 0.049011728 0.000000000 0.096245808 0.219593518 0.212970850 0.380557764 0.364923388 0.362858969 0.358663506 0.368099690 0.386746299 0.379867246 0.388361104 0.398978872 0.352927665 
40     0.287490449 0.301441824 0.303293707 0.300009478 0.299486458 0.365488714 0.367301221 0.356195446 0.355382433 0.427199461 0.465842629 0.463648890 0.347751405 0.348895911 0.347596085 0.358865374 0.341890087 0.340789734 0.346974498 0.306691715 0.304309861 0.327589176 0.332524835 0.353259424 0.424739055 0.385952821 0.352865136 0.344610047 0.302935637 0.340222379 0.267134569 0.271759271 0.269782874 0.176365009 0.173887288 0.215519150 0.098522952 0.096245808 0.000000000 0.228588805 0.221919855 0.388630892 0.374402170 0.372338062 0.368300123 0.377544392 0.395182522 0.388739903 0.396980711 0.408357156 0.359686329 
8     0.316870364 0.331903544 0.333684069 0.330271950 0.329664115 0.395271773 0.397689363 0.386516494 0.385406024 0.454644928 0.493149569 0.491424545 0.378037418 0.379425456 0.378057889 0.388487785 0.373896509 0.370757543 0.376440618 0.334415297 0.332146850 0.356022776 0.360205054 0.381820799 0.451073283 0.413215167 0.380126765 0.371601376 0.332068960 0.367707802 0.295103408 0.300629186 0.298234497 0.246729175 0.245113370 0.286150566 0.221671572 0.219593518 0.228588805 0.000000000 0.058365695 0.419982089 0.406106012 0.404102851 0.399422837 0.408919714 0.427135360 0.420283725 0.429118021 0.439722275 0.391694658 
38     0.309774506 0.324600024 0.326417406 0.323084851 0.322457599 0.389432228 0.391594065 0.380741671 0.379654145 0.448844124 0.487419053 0.485715465 0.372074658 0.373322188 0.372083642 0.382473220 0.368179794 0.364735751 0.370312593 0.328937340 0.326619371 0.350057334 0.354872591 0.376909976 0.445571250 0.407766547 0.375162630 0.366370836 0.326814034 0.362358249 0.289136605 0.294853492 0.292450412 0.240995666 0.238593227 0.279694966 0.214880318 0.212970850 0.221919855 0.058365695 0.000000000 0.410694174 0.396627559 0.394604647 0.390574286 0.399728928 0.417584023 0.411809386 0.419458349 0.431098623 0.384901034 
48     0.361024160 0.373416200 0.376814111 0.372648031 0.372550731 0.444235596 0.444130708 0.433978467 0.433628930 0.510780781 0.547647645 0.545333157 0.429294183 0.431358599 0.427557397 0.438003508 0.424545728 0.422502300 0.428238522 0.387161271 0.385149092 0.408367386 0.413832472 0.428545199 0.501142366 0.461746460 0.428699373 0.420454044 0.443194451 0.477904471 0.402147374 0.406821274 0.403308883 0.401994247 0.398095252 0.443615894 0.382379685 0.380557764 0.388630892 0.419982089 0.410694174 0.000000000 0.225020049 0.223217615 0.216855061 0.223080531 0.243930813 0.238150650 0.244763310 0.257632744 0.416997809 
47     0.345972530 0.357989562 0.361539827 0.357374849 0.357236123 0.429477921 0.428863723 0.418178111 0.417886753 0.495297082 0.532630318 0.530080103 0.413436033 0.415979597 0.412786881 0.423680343 0.410103806 0.408281403 0.414546620 0.372869572 0.370769943 0.393823711 0.398783815 0.413753111 0.485515444 0.447782198 0.414086834 0.406586120 0.428531663 0.462000994 0.387135967 0.393774083 0.390109335 0.387387994 0.383233036 0.428423386 0.366671836 0.364923388 0.374402170 0.406106012 0.396627559 0.225020049 0.000000000 0.030800866 0.132728911 0.181351520 0.223259693 0.219014537 0.224684525 0.239380926 0.403258791 
49     0.344013267 0.356084915 0.359635180 0.355470202 0.355331476 0.427499500 0.426901669 0.416168167 0.415876809 0.493318661 0.530651897 0.528101682 0.411336874 0.413981537 0.410808460 0.421701923 0.408125386 0.406248895 0.412568199 0.370891151 0.368791522 0.391845290 0.396805394 0.411728006 0.483537023 0.445797459 0.412108413 0.404607700 0.426769161 0.459984600 0.385119573 0.391757689 0.388092940 0.385432234 0.381285924 0.426427888 0.364607417 0.362858969 0.372338062 0.404102851 0.394604647 0.223217615 0.030800866 0.000000000 0.131090627 0.179617427 0.221296315 0.217062686 0.222575953 0.237386403 0.401278115 
42     0.339155114 0.350656329 0.354799678 0.350664336 0.350526922 0.421225510 0.420138432 0.410274749 0.409997826 0.488013271 0.525613534 0.523068980 0.407906419 0.410247317 0.406816129 0.417840289 0.403969308 0.400519154 0.406423492 0.365869072 0.364324124 0.386358721 0.391444879 0.406776672 0.478652552 0.440789173 0.406370762 0.398198664 0.422883432 0.456686728 0.379397975 0.386507517 0.383239415 0.381111723 0.377020215 0.424679859 0.360139690 0.358663506 0.368300123 0.399422837 0.390574286 0.216855061 0.132728911 0.131090627 0.000000000 0.174860506 0.215193853 0.210617518 0.217637963 0.230107261 0.395719998 
50     0.347997142 0.359742651 0.363603009 0.359250090 0.359358149 0.430335739 0.429730339 0.419180170 0.418990027 0.497290014 0.534324237 0.531779683 0.416933979 0.419608973 0.415262632 0.426104385 0.412362268 0.409772717 0.414950834 0.374617450 0.372617390 0.395334556 0.401413024 0.416687068 0.488659544 0.448339915 0.415217898 0.408062790 0.430808249 0.465079046 0.388709212 0.395074870 0.391731687 0.390159888 0.385628500 0.430875764 0.369867663 0.368099690 0.377544392 0.408919714 0.399728928 0.223080531 0.181351520 0.179617427 0.174860506 0.000000000 0.223879090 0.219044933 0.224045476 0.239900694 0.406628138 
43     0.366493101 0.378768032 0.382770206 0.378120451 0.378249893 0.449379507 0.449870876 0.440180797 0.439889438 0.515870536 0.551695765 0.549570547 0.435116281 0.437728427 0.434480810 0.444337812 0.430982555 0.427369065 0.434038581 0.392017816 0.389978578 0.412832306 0.418980793 0.434244531 0.503945883 0.466123699 0.433902251 0.426203850 0.450458258 0.484921228 0.406937256 0.413459323 0.410324694 0.407560735 0.403686638 0.452561795 0.388743675 0.386746299 0.395182522 0.427135360 0.417584023 0.243930813 0.223259693 0.221296315 0.215193853 0.223879090 0.000000000 0.061346273 0.112563274 0.232624001 0.422124231 
46     0.359849507 0.372513417 0.376556512 0.371906756 0.372036198 0.442496206 0.442938367 0.433275308 0.432983949 0.509161948 0.545261266 0.543136047 0.428518858 0.431131004 0.427868035 0.437775170 0.424541501 0.420215629 0.426776133 0.386758074 0.384718836 0.405837394 0.412062997 0.428494092 0.496943899 0.459600230 0.427398323 0.419364910 0.444440494 0.478135454 0.400726983 0.407420182 0.404285553 0.401056716 0.397140893 0.446150809 0.381872392 0.379867246 0.388739903 0.420283725 0.411809386 0.238150650 0.219014537 0.217062686 0.210617518 0.219044933 0.061346273 0.000000000 0.108372980 0.227183249 0.416386930 
44     0.367445731 0.379633030 0.383658673 0.378901766 0.379138985 0.450773510 0.451135857 0.441162259 0.440860564 0.517286047 0.554045153 0.551827930 0.435818910 0.438266390 0.435631417 0.445614830 0.432151668 0.428897697 0.435582783 0.394543886 0.392502087 0.414748267 0.421019936 0.436351921 0.506076657 0.467995013 0.436137230 0.427786888 0.453468800 0.487282980 0.409521965 0.415521154 0.412345463 0.409550097 0.405700228 0.452228101 0.390650621 0.388361104 0.396980711 0.429118021 0.419458349 0.244763310 0.224684525 0.222575953 0.217637963 0.224045476 0.112563274 0.108372980 0.000000000 0.232728301 0.423898413 
45     0.379634737 0.389990283 0.394681049 0.390176832 0.390259284 0.462102617 0.461931047 0.453294638 0.452998028 0.527258094 0.565396333 0.563213842 0.446398622 0.449088768 0.445930149 0.455272281 0.441251536 0.438242568 0.443431088 0.404116654 0.402330402 0.424246617 0.429760219 0.444468089 0.517662998 0.479972123 0.447339931 0.439788376 0.461352216 0.495804094 0.418172255 0.425756267 0.422337911 0.420593444 0.417283448 0.462893096 0.400918273 0.398978872 0.408357156 0.439722275 0.431098623 0.257632744 0.239380926 0.237386403 0.230107261 0.239900694 0.232624001 0.227183249 0.232728301 0.000000000 0.434111930 
0     0.324704970 0.340252033 0.341756791 0.338349835 0.337547487 0.413196515 0.413642866 0.402351739 0.401932686 0.480801201 0.515597106 0.512988634 0.397937658 0.399444793 0.395378416 0.405508708 0.388865322 0.387531994 0.395078148 0.352024174 0.349849373 0.374842118 0.378675400 0.401056744 0.470738550 0.432612727 0.399110607 0.393440552 0.411814221 0.446461327 0.369682410 0.372158485 0.369497324 0.376562484 0.375249726 0.416566202 0.355356010 0.352927665 0.359686329 0.391694658 0.384901034 0.416997809 0.403258791 0.401278115 0.395719998 0.406628138 0.422124231 0.416386930 0.423898413 0.434111930 0.000000000 
