51
7     0.000000000 0.001091070 0.001329120 0.003281680 0.004380020 0.025570390 0.005337850 0.010215830 0.007802510 0.014807670 0.002071180 0.039252250 0.017319010 0.017373570 0.006397170 0.007027820 0.004686700 0.010173780 0.013790480 0.005073100 0.003715160 0.023854810 0.008074920 0.021039530 0.031507780 0.009606830 0.010431430 0.019532640 0.022033360 0.017325770 0.027719720 0.004270950 0.002094930 0.009489330 0.019110820 0.034482080 0.022353040 0.011269150 0.009280040 0.008773860 0.008124090 0.003290240 0.011130770 0.009620480 0.022957680 0.009574050 0.021572010 0.011372040 0.011743570 0.022161370 0.019885790 
34     0.001091070 0.000000000 0.000466600 0.000379410 0.001179330 0.003712920 0.011836120 0.013709420 0.009095580 0.020342970 0.020600510 0.032644190 0.026518630 0.022813720 0.022836030 0.027211360 0.031984170 0.022655220 0.026271920 0.004071370 0.003629690 0.035824390 0.023427780 0.021111270 0.025299640 0.005581300 0.020219090 0.004899670 0.013789480 0.004833750 0.034604460 0.025145980 0.022954900 0.002505460 0.018957790 0.013420120 0.005481080 0.021479700 0.018745460 0.017978720 0.011596920 0.010374030 0.022075650 0.020476220 0.021950190 0.014910690 0.034686890 0.030979560 0.027971880 0.015550600 0.001108680 
19     0.001329120 0.000466600 0.000000000 0.001589030 0.001457680 0.018315780 0.012752900 0.012435640 0.010935670 0.024964450 0.025954510 0.037998190 0.010949030 0.013481460 0.010624920 0.026875410 0.000014410 0.005029290 0.004489650 0.004988150 0.004546470 0.036525820 0.023091830 0.016098290 0.024963690 0.028672810 0.020484680 0.003332330 0.014374720 0.003266410 0.013946470 0.027171490 0.015850370 0.007859460 0.021178420 0.017903160 0.007794300 0.021143750 0.026159580 0.017642770 0.020192040 0.024753890 0.021739700 0.020140270 0.021614240 0.012476940 0.042549010 0.035328100 0.040059120 0.017774970 0.007838750 
18     0.003281680 0.000379410 0.001589030 0.000000000 0.000439860 0.005455120 0.010679070 0.012979350 0.010033020 0.027882820 0.020484620 0.032528300 0.025497750 0.024641260 0.020446620 0.026190480 0.009836110 0.001647690 0.022739590 0.002914320 0.002472640 0.034261350 0.022406900 0.018945060 0.024278760 0.027987880 0.022256060 0.003714240 0.009584390 0.003648320 0.006431100 0.014568030 0.012376950 0.002389570 0.005639210 0.017045300 0.008759830 0.020458820 0.025474650 0.016957840 0.020653220 0.021552370 0.021054770 0.019455340 0.020929310 0.012491720 0.042563790 0.034643170 0.036598080 0.025665060 0.028974310 
16     0.004380020 0.001179330 0.001457680 0.000439860 0.000000000 0.002877890 0.010205540 0.012451790 0.010285320 0.026228990 0.025308160 0.039561320 0.025349920 0.024530150 0.017220900 0.026042650 0.006610390 0.002046430 0.023138330 0.002440790 0.001999110 0.035693060 0.022259070 0.019942560 0.024130930 0.027840050 0.017542780 0.003719670 0.009347980 0.003653750 0.018888300 0.025530460 0.026414820 0.009422590 0.003208960 0.011824650 0.008399540 0.020310990 0.025326820 0.016810010 0.019770200 0.023921130 0.020906940 0.019307510 0.020326590 0.012711250 0.042783320 0.034495340 0.034423160 0.023723050 0.013388150 
12     0.025570390 0.003712920 0.018315780 0.005455120 0.002877890 0.000000000 0.001874720 0.000570690 0.000934300 0.009978620 0.008000950 0.020586920 0.008848250 0.006502470 0.017207540 0.024833610 0.014816610 0.012491080 0.017579440 0.020520280 0.012428410 0.008641990 0.018830250 0.012377480 0.028965180 0.013600090 0.012950500 0.024834610 0.040616570 0.026012950 0.006515230 0.018918110 0.016228590 0.012608690 0.007507920 0.022013660 0.021401760 0.038408170 0.016822510 0.010289460 0.008989310 0.025682940 0.036039090 0.036184120 0.019064140 0.018847630 0.021464840 0.021593460 0.008145470 0.031750050 0.023398020 
4     0.005337850 0.011836120 0.012752900 0.010679070 0.010205540 0.001874720 0.000000000 0.004855020 0.007627830 0.004774800 0.020034950 0.019567450 0.012728070 0.016037330 0.010482010 0.033014660 0.030482700 0.003070710 0.010004760 0.010179630 0.010291730 0.007809610 0.015894530 0.006943580 0.035664910 0.016685620 0.016036030 0.028490830 0.017445880 0.019003400 0.020677820 0.025075070 0.022995730 0.022370830 0.021522010 0.012963890 0.018786050 0.037637350 0.040731670 0.026068940 0.026881120 0.006271870 0.004137050 0.004425590 0.005301220 0.025442670 0.019771850 0.019900470 0.030921600 0.019631670 0.026483550 
15     0.010215830 0.013709420 0.012435640 0.012979350 0.012451790 0.000570690 0.004855020 0.000000000 0.000241970 0.009922750 0.009701930 0.016064410 0.021787720 0.004152630 0.019711560 0.025427650 0.007154800 0.011032290 0.001984760 0.016389140 0.014483470 0.000819130 0.009282060 0.012538620 0.006424220 0.012574360 0.012351690 0.004205400 0.023596980 0.018504340 0.014666860 0.009752160 0.006355120 0.006993020 0.010009060 0.027346280 0.009415980 0.018830850 0.003269710 0.009777900 0.008477750 0.009737960 0.022351160 0.007602160 0.017898060 0.009405520 0.018844710 0.018973330 0.024427210 0.020537640 0.010110720 
10     0.007802510 0.009095580 0.010935670 0.010033020 0.010285320 0.000934300 0.007627830 0.000241970 0.000000000 0.019422110 0.014320740 0.023032130 0.023814570 0.007718100 0.017736690 0.022231800 0.010720270 0.008151470 0.001775350 0.014885520 0.021063560 0.016522010 0.011411510 0.003257140 0.009989690 0.010161040 0.022940600 0.007770870 0.018281200 0.021465360 0.008722050 0.009575780 0.006178740 0.016175860 0.022830480 0.029373130 0.009125820 0.018540690 0.002979550 0.007743460 0.011247390 0.013303430 0.026873290 0.008583940 0.019386440 0.012970990 0.021429430 0.019418290 0.001368670 0.017614440 0.013676190 
6     0.014807670 0.020342970 0.024964450 0.027882820 0.026228990 0.009978620 0.004774800 0.009922750 0.019422110 0.000000000 0.006602100 0.014790780 0.012861080 0.011989950 0.010920880 0.002910580 0.013359370 0.014645790 0.018677970 0.009179630 0.010300130 0.032016790 0.013174420 0.013642490 0.025651460 0.010743120 0.002907550 0.022548330 0.022219640 0.023914060 0.037695540 0.036066900 0.037845480 0.024146280 0.017188580 0.032267580 0.012213280 0.018756910 0.013020380 0.020501720 0.013922790 0.015298520 0.030265930 0.028666500 0.021705680 0.022036780 0.036785750 0.032979460 0.007682070 0.008798240 0.004892260 
21     0.002071180 0.020600510 0.025954510 0.020484620 0.025308160 0.008000950 0.020034950 0.009701930 0.014320740 0.006602100 0.000000000 0.001015010 0.019246820 0.019301380 0.021724820 0.019939550 0.030993750 0.015383410 0.019000110 0.016216310 0.017654440 0.027475650 0.003104540 0.025890350 0.023804080 0.008316290 0.007666700 0.020121500 0.029579020 0.026762470 0.014181390 0.022090380 0.013637320 0.016665440 0.026026280 0.023851810 0.016316970 0.012505830 0.017935600 0.022711710 0.008852100 0.030853290 0.027839100 0.026239670 0.027713640 0.014584350 0.039756540 0.042760570 0.038522780 0.033385540 0.011394400 
29     0.039252250 0.032644190 0.037998190 0.032528300 0.039561320 0.020586920 0.019567450 0.016064410 0.023032130 0.014790780 0.001015010 0.000000000 0.004158600 0.040548020 0.023916940 0.041186190 0.033322180 0.024091020 0.030987950 0.032081020 0.037399610 0.028177010 0.019316080 0.025843940 0.052309730 0.018706990 0.028913340 0.041368140 0.028238770 0.029970820 0.015616150 0.030801770 0.029626870 0.018133970 0.030523170 0.028348700 0.010850450 0.017002720 0.022432490 0.015188620 0.014402810 0.052099930 0.039320680 0.035902520 0.032405610 0.018778900 0.048467930 0.051471960 0.028635320 0.032525380 0.001934420 
37     0.017319010 0.026518630 0.010949030 0.025497750 0.025349920 0.008848250 0.012728070 0.021787720 0.023814570 0.012861080 0.019246820 0.004158600 0.000000000 0.000000040 0.010419960 0.010232000 0.001920060 0.008856030 0.012472730 0.009089140 0.010184930 0.018603880 0.001451520 0.007037930 0.030876360 0.021778710 0.001102630 0.012853040 0.009255460 0.031696530 0.022384790 0.007772520 0.009061110 0.010112480 0.013935070 0.019173920 0.014645150 0.014688240 0.013458970 0.006931910 0.006453510 0.021591650 0.014371040 0.014610530 0.027755400 0.011974750 0.016379900 0.013268650 0.020702100 0.026018360 0.014853860 
22     0.017373570 0.022813720 0.013481460 0.024641260 0.024530150 0.006502470 0.016037330 0.004152630 0.007718100 0.011989950 0.019301380 0.040548020 0.000000040 0.000000000 0.007993720 0.008346840 0.001431550 0.008158780 0.012527290 0.012702220 0.011181620 0.020102490 0.009683150 0.017587430 0.004514790 0.021833270 0.006997950 0.008047550 0.011659350 0.026528570 0.023153950 0.007344470 0.008633060 0.024376140 0.027374140 0.025856020 0.021751300 0.027339470 0.014103010 0.005868730 0.005390330 0.007827630 0.027935420 0.026335990 0.027809960 0.004014490 0.016338640 0.013227390 0.020660840 0.035466630 0.008200390 
31     0.006397170 0.022836030 0.010624920 0.020446620 0.017220900 0.017207540 0.010482010 0.019711560 0.017736690 0.010920880 0.021724820 0.023916940 0.010419960 0.007993720 0.000000000 0.001118370 0.004629520 0.009238080 0.014950730 0.008790570 0.007728090 0.014427900 0.010077990 0.014463860 0.016095090 0.024256710 0.009545990 0.026617860 0.004664180 0.020578950 0.025066300 0.030459280 0.024215380 0.014821560 0.017495140 0.012144920 0.028572730 0.003340580 0.004133490 0.011392340 0.029442110 0.033373050 0.008245330 0.028759430 0.020612330 0.017701650 0.019889900 0.016121590 0.003002770 0.002558730 0.024865380 
30     0.007027820 0.027211360 0.026875410 0.026190480 0.026042650 0.024833610 0.033014660 0.025427650 0.022231800 0.002910580 0.019939550 0.041186190 0.010232000 0.008346840 0.001118370 0.000000000 0.008425230 0.006882430 0.013165460 0.007720820 0.006658340 0.020914730 0.010321320 0.006891290 0.019047380 0.014807570 0.009358030 0.019445970 0.006412920 0.023282630 0.014203420 0.022162250 0.020864790 0.022842140 0.020187690 0.026661520 0.026787460 0.021466640 0.009273860 0.023437780 0.017277840 0.026173880 0.028573590 0.026974160 0.028448130 0.025507160 0.030799280 0.021371010 0.002567600 0.029006240 0.006919030 
33     0.004686700 0.031984170 0.000014410 0.009836110 0.006610390 0.014816610 0.030482700 0.007154800 0.010720270 0.013359370 0.030993750 0.033322180 0.001920060 0.001431550 0.004629520 0.008425230 0.000000000 0.021814850 0.009966620 0.011701500 0.015496560 0.025463660 0.021069500 0.013809670 0.007516960 0.022265820 0.001046090 0.011049720 0.016814310 0.022695820 0.015721070 0.037824280 0.014498100 0.022635910 0.012370830 0.017934390 0.027357700 0.024295000 0.017105180 0.015104200 0.037906850 0.010829800 0.033479280 0.029925080 0.034052100 0.010497360 0.031233060 0.031361680 0.011248300 0.016514320 0.011202560 
3     0.010173780 0.022655220 0.005029290 0.001647690 0.002046430 0.012491080 0.003070710 0.011032290 0.008151470 0.014645790 0.015383410 0.024091020 0.008856030 0.008158780 0.009238080 0.006882430 0.021814850 0.000000000 0.000382570 0.005502430 0.003981830 0.004944350 0.002483360 0.021875950 0.013434680 0.002757400 0.006954820 0.020650660 0.005681310 0.015890950 0.020588920 0.034418820 0.027361430 0.020458170 0.023395260 0.015670570 0.022231320 0.012306430 0.004367380 0.019920520 0.023615900 0.027031640 0.024017450 0.022418020 0.023891990 0.007775740 0.051535180 0.039982350 0.032442690 0.028939710 0.017318160 
20     0.013790480 0.026271920 0.004489650 0.022739590 0.023138330 0.017579440 0.010004760 0.001984760 0.001775350 0.018677970 0.019000110 0.030987950 0.012472730 0.012527290 0.014950730 0.013165460 0.009966620 0.000382570 0.000000000 0.007821560 0.007598530 0.006676120 0.005850260 0.006321940 0.028473260 0.002210060 0.020361310 0.009413730 0.007555380 0.023965540 0.003798720 0.036719510 0.025618720 0.024074870 0.015275740 0.017938890 0.025254510 0.020287340 0.003456420 0.023537220 0.027232600 0.017210480 0.027634150 0.026034720 0.026267200 0.016827540 0.053907030 0.043599050 0.009230540 0.006376190 0.020132340 
13     0.005073100 0.004071370 0.004988150 0.002914320 0.002440790 0.020520280 0.010179630 0.016389140 0.014885520 0.009179630 0.016216310 0.032081020 0.009089140 0.012702220 0.008790570 0.007720820 0.011701500 0.005502430 0.007821560 0.000000000 0.000622080 0.008714430 0.003537190 0.012243780 0.020422720 0.013658040 0.004869550 0.015166520 0.004904580 0.010374050 0.028924100 0.012709490 0.006465590 0.004254080 0.006471970 0.004620720 0.021750740 0.014544900 0.003686870 0.006796460 0.021085350 0.009924090 0.027809080 0.026209650 0.027683620 0.018728430 0.016708020 0.018641220 0.010239800 0.035340290 0.009260810 
5     0.003715160 0.003629690 0.004546470 0.002472640 0.001999110 0.012428410 0.010291730 0.014483470 0.021063560 0.010300130 0.017654440 0.037399610 0.010184930 0.011181620 0.007728090 0.006658340 0.015496560 0.003981830 0.007598530 0.000622080 0.000000000 0.009901360 0.002016590 0.012107800 0.019484720 0.009438170 0.005031850 0.010946650 0.014766800 0.010137960 0.026824910 0.013712500 0.002975780 0.003988900 0.006206790 0.022613430 0.020076610 0.013810350 0.010487150 0.022191550 0.016690530 0.006800200 0.024712040 0.014915230 0.026163020 0.012429170 0.017303140 0.019236340 0.009177320 0.022380370 0.009506870 
23     0.023854810 0.035824390 0.036525820 0.034261350 0.035693060 0.008641990 0.007809610 0.000819130 0.016522010 0.032016790 0.027475650 0.028177010 0.018603880 0.020102490 0.014427900 0.020914730 0.025463660 0.004944350 0.006676120 0.008714430 0.009901360 0.000000000 0.001303170 0.012819390 0.001000900 0.010484310 0.015367130 0.011992790 0.005890000 0.022682930 0.009502710 0.025133510 0.030434730 0.013442610 0.019956800 0.040225650 0.036437870 0.034279390 0.034190960 0.001022690 0.005541860 0.004860000 0.012800090 0.011541320 0.013628240 0.009211490 0.027606080 0.030928410 0.004778160 0.029981800 0.008301640 
39     0.008074920 0.023427780 0.023091830 0.022406900 0.022259070 0.018830250 0.015894530 0.009282060 0.011411510 0.013174420 0.003104540 0.019316080 0.001451520 0.009683150 0.010077990 0.010321320 0.021069500 0.002483360 0.005850260 0.003537190 0.002016590 0.001303170 0.000000000 0.019902990 0.028014000 0.008440930 0.012714570 0.010610170 0.024066850 0.010184480 0.006326920 0.000631950 0.016139870 0.021230730 0.019451490 0.026791660 0.023003880 0.022396280 0.023131560 0.019181330 0.017881180 0.014080070 0.008741920 0.010281900 0.003574120 0.003107450 0.041808210 0.040754910 0.016277130 0.020601100 0.022604570 
26     0.021039530 0.021111270 0.016098290 0.018945060 0.019942560 0.012377480 0.006943580 0.012538620 0.003257140 0.013642490 0.025890350 0.025843940 0.007037930 0.017587430 0.014463860 0.006891290 0.013809670 0.021875950 0.006321940 0.012243780 0.012107800 0.012819390 0.019902990 0.000000000 0.010067970 0.007845250 0.012673160 0.002129610 0.023434970 0.023336510 0.022934520 0.012926790 0.026203830 0.005310780 0.008308780 0.000009370 0.007140830 0.008331010 0.013346840 0.002908480 0.005368210 0.007151870 0.008926960 0.006022070 0.008801500 0.012905390 0.040008830 0.037320640 0.040226890 0.017998750 0.027802900 
41     0.031507780 0.025299640 0.024963690 0.024278760 0.024130930 0.028965180 0.035664910 0.006424220 0.009989690 0.025651460 0.023804080 0.052309730 0.030876360 0.004514790 0.016095090 0.019047380 0.007516960 0.013434680 0.028473260 0.020422720 0.019484720 0.001000900 0.028014000 0.010067970 0.000000000 0.000012610 0.007745600 0.000904720 0.029724630 0.012227450 0.025426440 0.021845950 0.020357100 0.019197070 0.008353290 0.017083350 0.011995230 0.015357810 0.016375500 0.006530600 0.012343600 0.004725520 0.024655010 0.023055580 0.024529550 0.009767680 0.037338390 0.022314110 0.047357790 0.034193080 0.002169610 
36     0.009606830 0.005581300 0.028672810 0.027987880 0.027840050 0.013600090 0.016685620 0.012574360 0.010161040 0.010743120 0.008316290 0.018706990 0.021778710 0.021833270 0.024256710 0.014807570 0.022265820 0.002757400 0.002210060 0.013658040 0.009438170 0.010484310 0.008440930 0.007845250 0.000012610 0.000000000 0.003165210 0.000892130 0.002269990 0.002749550 0.011891090 0.012526170 0.009473410 0.022530850 0.013994670 0.017070760 0.012496120 0.011287510 0.022120230 0.013852840 0.017020190 0.015653560 0.030370990 0.028341600 0.014727000 0.006162480 0.030150410 0.046335890 0.027725920 0.037902200 0.014764890 
25     0.010431430 0.020219090 0.020484680 0.022256060 0.017542780 0.012950500 0.016036030 0.012351690 0.022940600 0.002907550 0.007666700 0.028913340 0.001102630 0.006997950 0.009545990 0.009358030 0.001046090 0.006954820 0.020361310 0.004869550 0.005031850 0.015367130 0.012714570 0.012673160 0.007745600 0.003165210 0.000000000 0.000159510 0.022951140 0.030497820 0.020004540 0.011802400 0.011923180 0.013329800 0.014490320 0.006074490 0.007750210 0.010461020 0.026415570 0.012106050 0.010676530 0.006989060 0.022303800 0.024247170 0.015454990 0.020261300 0.032347310 0.033880080 0.035259550 0.006322370 0.014115300 
11     0.019532640 0.004899670 0.003332330 0.003714240 0.003719670 0.024834610 0.028490830 0.004205400 0.007770870 0.022548330 0.020121500 0.041368140 0.012853040 0.008047550 0.026617860 0.019445970 0.011049720 0.020650660 0.009413730 0.015166520 0.010946650 0.011992790 0.010610170 0.002129610 0.000904720 0.000892130 0.000159510 0.000000000 0.016820480 0.000996260 0.020651360 0.022227870 0.032155670 0.004035350 0.022199750 0.016227430 0.027135350 0.025388960 0.019548390 0.018811910 0.024105060 0.007048220 0.020453580 0.016359880 0.016213610 0.013300440 0.022057750 0.019188850 0.020829160 0.027909950 0.014005640 
28     0.022033360 0.013789480 0.014374720 0.009584390 0.009347980 0.040616570 0.017445880 0.023596980 0.018281200 0.022219640 0.029579020 0.028238770 0.009255460 0.011659350 0.004664180 0.006412920 0.016814310 0.005681310 0.007555380 0.004904580 0.014766800 0.005890000 0.024066850 0.023434970 0.029724630 0.002269990 0.022951140 0.016820480 0.000000000 0.000641860 0.017044360 0.002833820 0.004955850 0.018393860 0.006905670 0.008322810 0.011179490 0.019158360 0.013064210 0.006495890 0.011789040 0.003248670 0.012148320 0.023431360 0.004994870 0.015428990 0.002137950 0.008391570 0.018735660 0.023249900 0.008732120 
35     0.017325770 0.004833750 0.003266410 0.003648320 0.003653750 0.026012950 0.019003400 0.018504340 0.021465360 0.023914060 0.026762470 0.029970820 0.031696530 0.026528570 0.020578950 0.023282630 0.022695820 0.015890950 0.023965540 0.010374050 0.010137960 0.022682930 0.010184480 0.023336510 0.012227450 0.002749550 0.030497820 0.000996260 0.000641860 0.000000000 0.019036670 0.001432080 0.003554110 0.009586840 0.009887180 0.017750120 0.013082040 0.015185950 0.016223400 0.009792000 0.015085150 0.025496600 0.017839240 0.022701460 0.024175430 0.003547750 0.017335370 0.011737380 0.017333920 0.034784760 0.015083850 
1     0.027719720 0.034604460 0.013946470 0.006431100 0.018888300 0.006515230 0.020677820 0.014666860 0.008722050 0.037695540 0.014181390 0.015616150 0.022384790 0.023153950 0.025066300 0.014203420 0.015721070 0.020588920 0.003798720 0.028924100 0.026824910 0.009502710 0.006326920 0.022934520 0.025426440 0.011891090 0.020004540 0.020651360 0.017044360 0.019036670 0.000000000 0.002408370 0.000650080 0.018831630 0.006421620 0.004521450 0.019807960 0.018530040 0.017942760 0.006533830 0.018171780 0.021536150 0.030540200 0.031414600 0.027030710 0.014265180 0.035163640 0.036057420 0.018752160 0.016055980 0.019709620 
2     0.004270950 0.025145980 0.027171490 0.014568030 0.025530460 0.018918110 0.025075070 0.009752160 0.009575780 0.036066900 0.022090380 0.030801770 0.007772520 0.007344470 0.030459280 0.022162250 0.037824280 0.034418820 0.036719510 0.012709490 0.013712500 0.025133510 0.000631950 0.012926790 0.021845950 0.012526170 0.011802400 0.022227870 0.002833820 0.001432080 0.002408370 0.000000000 0.001592910 0.015337470 0.012169800 0.017332560 0.018891960 0.019766550 0.019326660 0.014093760 0.024336190 0.036690770 0.022656050 0.022801080 0.032605320 0.014206130 0.016917810 0.016961370 0.016916360 0.020822970 0.002704720 
27     0.002094930 0.022954900 0.015850370 0.012376950 0.026414820 0.016228590 0.022995730 0.006355120 0.006178740 0.037845480 0.013637320 0.029626870 0.009061110 0.008633060 0.024215380 0.020864790 0.014498100 0.027361430 0.025618720 0.006465590 0.002975780 0.030434730 0.016139870 0.026203830 0.020357100 0.009473410 0.011923180 0.032155670 0.004955850 0.003554110 0.000650080 0.001592910 0.000000000 0.011575140 0.002354040 0.009144350 0.015459800 0.010865710 0.020392750 0.019176750 0.025467900 0.023734140 0.017370810 0.018191600 0.024646450 0.014791440 0.019039840 0.017379380 0.010961280 0.021889060 0.006599750 
32     0.009489330 0.002505460 0.007859460 0.002389570 0.009422590 0.012608690 0.022370830 0.006993020 0.016175860 0.024146280 0.016665440 0.018133970 0.010112480 0.024376140 0.014821560 0.022842140 0.022635910 0.020458170 0.024074870 0.004254080 0.003988900 0.013442610 0.021230730 0.005310780 0.019197070 0.022530850 0.013329800 0.004035350 0.018393860 0.009586840 0.018831630 0.015337470 0.011575140 0.000000000 0.001892630 0.006673870 0.004545930 0.002043900 0.006239050 0.003183510 0.006878890 0.008343870 0.006332060 0.004732630 0.006206600 0.007321220 0.022214640 0.013830870 0.036852560 0.018412910 0.017626880 
9     0.019110820 0.018957790 0.021178420 0.005639210 0.003208960 0.007507920 0.021522010 0.010009060 0.022830480 0.017188580 0.026026280 0.030523170 0.013935070 0.027374140 0.017495140 0.020187690 0.012370830 0.023395260 0.015275740 0.006471970 0.006206790 0.019956800 0.019451490 0.008308780 0.008353290 0.013994670 0.014490320 0.022199750 0.006905670 0.009887180 0.006421620 0.012169800 0.002354040 0.001892630 0.000000000 0.005306800 0.007543930 0.007374670 0.006275700 0.006181510 0.009876890 0.021611480 0.009330060 0.007730630 0.009204600 0.002780370 0.009059260 0.015114520 0.041426470 0.009368710 0.006921170 
14     0.034482080 0.013420120 0.017903160 0.017045300 0.011824650 0.022013660 0.012963890 0.027346280 0.029373130 0.032267580 0.023851810 0.028348700 0.019173920 0.025856020 0.012144920 0.026661520 0.017934390 0.015670570 0.017938890 0.004620720 0.022613430 0.040225650 0.026791660 0.000009370 0.017083350 0.017070760 0.006074490 0.016227430 0.008322810 0.017750120 0.004521450 0.017332560 0.009144350 0.006673870 0.005306800 0.000000000 0.010106860 0.010921890 0.009008760 0.007093320 0.012439820 0.002883780 0.011892990 0.010293560 0.003464320 0.001861130 0.000484830 0.002179160 0.000483380 0.020835410 0.024633910 
17     0.022353040 0.005481080 0.007794300 0.008759830 0.008399540 0.021401760 0.018786050 0.009415980 0.009125820 0.012213280 0.016316970 0.010850450 0.014645150 0.021751300 0.028572730 0.026787460 0.027357700 0.022231320 0.025254510 0.021750740 0.020076610 0.036437870 0.023003880 0.007140830 0.011995230 0.012496120 0.007750210 0.027135350 0.011179490 0.013082040 0.019807960 0.018891960 0.015459800 0.004545930 0.007543930 0.010106860 0.000000000 0.000372330 0.003035530 0.004956660 0.008652040 0.022659080 0.007687090 0.006087660 0.002083620 0.011607520 0.005989440 0.021156340 0.021527870 0.015367410 0.017519670 
24     0.011269150 0.021479700 0.021143750 0.020458820 0.020310990 0.038408170 0.037637350 0.018830850 0.018540690 0.018756910 0.012505830 0.017002720 0.014688240 0.027339470 0.003340580 0.021466640 0.024295000 0.012306430 0.020287340 0.014544900 0.013810350 0.034279390 0.022396280 0.008331010 0.015357810 0.011287510 0.010461020 0.025388960 0.019158360 0.015185950 0.018530040 0.019766550 0.010865710 0.002043900 0.007374670 0.010921890 0.000372330 0.000000000 0.001733200 0.006146840 0.008764300 0.019605590 0.008877270 0.007277840 0.008751810 0.007796380 0.010543500 0.010072450 0.005584350 0.030000460 0.008444140 
40     0.009280040 0.018745460 0.026159580 0.025474650 0.025326820 0.016822510 0.040731670 0.003269710 0.002979550 0.013020380 0.017935600 0.022432490 0.013458970 0.014103010 0.004133490 0.009273860 0.017105180 0.004367380 0.003456420 0.003686870 0.010487150 0.034190960 0.023131560 0.013346840 0.016375500 0.022120230 0.026415570 0.019548390 0.013064210 0.016223400 0.017942760 0.019326660 0.020392750 0.006239050 0.006275700 0.009008760 0.003035530 0.001733200 0.000000000 0.005741220 0.013616360 0.013071040 0.013893100 0.012293670 0.013767640 0.005283510 0.005107700 0.008083340 0.006322300 0.029470990 0.010658680 
8     0.008773860 0.017978720 0.017642770 0.016957840 0.016810010 0.010289460 0.026068940 0.009777900 0.007743460 0.020501720 0.022711710 0.015188620 0.006931910 0.005868730 0.011392340 0.023437780 0.015104200 0.019920520 0.023537220 0.006796460 0.022191550 0.001022690 0.019181330 0.002908480 0.006530600 0.013852840 0.012106050 0.018811910 0.006495890 0.009792000 0.006533830 0.014093760 0.019176750 0.003183510 0.006181510 0.007093320 0.004956660 0.006146840 0.005741220 0.000000000 0.001091880 0.010824870 0.006742790 0.005143360 0.006617330 0.019629000 0.017027800 0.008118900 0.014812180 0.016420220 0.027996270 
38     0.008124090 0.011596920 0.020192040 0.020653220 0.019770200 0.008989310 0.026881120 0.008477750 0.011247390 0.013922790 0.008852100 0.014402810 0.006453510 0.005390330 0.029442110 0.017277840 0.037906850 0.023615900 0.027232600 0.021085350 0.016690530 0.005541860 0.017881180 0.005368210 0.012343600 0.017020190 0.010676530 0.024105060 0.011789040 0.015085150 0.018171780 0.024336190 0.025467900 0.006878890 0.009876890 0.012439820 0.008652040 0.008764300 0.013616360 0.001091880 0.000000000 0.018031420 0.010438170 0.008838740 0.010312710 0.014609590 0.021209900 0.022904230 0.004572280 0.012716690 0.026089760 
48     0.003290240 0.010374030 0.024753890 0.021552370 0.023921130 0.025682940 0.006271870 0.009737960 0.013303430 0.015298520 0.030853290 0.052099930 0.021591650 0.007827630 0.033373050 0.026173880 0.010829800 0.027031640 0.017210480 0.009924090 0.006800200 0.004860000 0.014080070 0.007151870 0.004725520 0.015653560 0.006989060 0.007048220 0.003248670 0.025496600 0.021536150 0.036690770 0.023734140 0.008343870 0.021611480 0.002883780 0.022659080 0.019605590 0.013071040 0.010824870 0.018031420 0.000000000 0.004010750 0.002031470 0.002140350 0.000332480 0.015424230 0.009349460 0.016051020 0.008672980 0.007168420 
47     0.011130770 0.022075650 0.021739700 0.021054770 0.020906940 0.036039090 0.004137050 0.022351160 0.026873290 0.030265930 0.027839100 0.039320680 0.014371040 0.027935420 0.008245330 0.028573590 0.033479280 0.024017450 0.027634150 0.027809080 0.024712040 0.012800090 0.008741920 0.008926960 0.024655010 0.030370990 0.022303800 0.020453580 0.012148320 0.017839240 0.030540200 0.022656050 0.017370810 0.006332060 0.009330060 0.011892990 0.007687090 0.008877270 0.013893100 0.006742790 0.010438170 0.004010750 0.000000000 0.000334290 0.002293230 0.004347240 0.012227590 0.011544630 0.005700740 0.007513080 0.007715130 
49     0.009620480 0.020476220 0.020140270 0.019455340 0.019307510 0.036184120 0.004425590 0.007602160 0.008583940 0.028666500 0.026239670 0.035902520 0.014610530 0.026335990 0.028759430 0.026974160 0.029925080 0.022418020 0.026034720 0.026209650 0.014915230 0.011541320 0.010281900 0.006022070 0.023055580 0.028341600 0.024247170 0.016359880 0.023431360 0.022701460 0.031414600 0.022801080 0.018191600 0.004732630 0.007730630 0.010293560 0.006087660 0.007277840 0.012293670 0.005143360 0.008838740 0.002031470 0.000334290 0.000000000 0.000961520 0.002132710 0.008275800 0.006336910 0.005868480 0.003948580 0.008583800 
42     0.022957680 0.021950190 0.021614240 0.020929310 0.020326590 0.019064140 0.005301220 0.017898060 0.019386440 0.021705680 0.027713640 0.032405610 0.027755400 0.027809960 0.020612330 0.028448130 0.034052100 0.023891990 0.026267200 0.027683620 0.026163020 0.013628240 0.003574120 0.008801500 0.024529550 0.014727000 0.015454990 0.016213610 0.004994870 0.024175430 0.027030710 0.032605320 0.024646450 0.006206600 0.009204600 0.003464320 0.002083620 0.008751810 0.013767640 0.006617330 0.010312710 0.002140350 0.002293230 0.000961520 0.000000000 0.001722900 0.012125890 0.005250490 0.004583260 0.000718320 0.015519330 
50     0.009574050 0.014910690 0.012476940 0.012491720 0.012711250 0.018847630 0.025442670 0.009405520 0.012970990 0.022036780 0.014584350 0.018778900 0.011974750 0.004014490 0.017701650 0.025507160 0.010497360 0.007775740 0.016827540 0.018728430 0.012429170 0.009211490 0.003107450 0.012905390 0.009767680 0.006162480 0.020261300 0.013300440 0.015428990 0.003547750 0.014265180 0.014206130 0.014791440 0.007321220 0.002780370 0.001861130 0.011607520 0.007796380 0.005283510 0.019629000 0.014609590 0.000332480 0.004347240 0.002132710 0.001722900 0.000000000 0.012855660 0.007268870 0.004451350 0.001330500 0.006509190 
43     0.021572010 0.034686890 0.042549010 0.042563790 0.042783320 0.021464840 0.019771850 0.018844710 0.021429430 0.036785750 0.039756540 0.048467930 0.016379900 0.016338640 0.019889900 0.030799280 0.031233060 0.051535180 0.053907030 0.016708020 0.017303140 0.027606080 0.041808210 0.040008830 0.037338390 0.030150410 0.032347310 0.022057750 0.002137950 0.017335370 0.035163640 0.016917810 0.019039840 0.022214640 0.009059260 0.000484830 0.005989440 0.010543500 0.005107700 0.017027800 0.021209900 0.015424230 0.012227590 0.008275800 0.012125890 0.012855660 0.000000000 0.001085690 0.000058890 0.016133340 0.017657860 
46     0.011372040 0.030979560 0.035328100 0.034643170 0.034495340 0.021593460 0.019900470 0.018973330 0.019418290 0.032979460 0.042760570 0.051471960 0.013268650 0.013227390 0.016121590 0.021371010 0.031361680 0.039982350 0.043599050 0.018641220 0.019236340 0.030928410 0.040754910 0.037320640 0.022314110 0.046335890 0.033880080 0.019188850 0.008391570 0.011737380 0.036057420 0.016961370 0.017379380 0.013830870 0.015114520 0.002179160 0.021156340 0.010072450 0.008083340 0.008118900 0.022904230 0.009349460 0.011544630 0.006336910 0.005250490 0.007268870 0.001085690 0.000000000 0.001695940 0.002818670 0.018074810 
44     0.011743570 0.027971880 0.040059120 0.036598080 0.034423160 0.008145470 0.030921600 0.024427210 0.001368670 0.007682070 0.038522780 0.028635320 0.020702100 0.020660840 0.003002770 0.002567600 0.011248300 0.032442690 0.009230540 0.010239800 0.009177320 0.004778160 0.016277130 0.040226890 0.047357790 0.027725920 0.035259550 0.020829160 0.018735660 0.017333920 0.018752160 0.016916360 0.010961280 0.036852560 0.041426470 0.000483380 0.021527870 0.005584350 0.006322300 0.014812180 0.004572280 0.016051020 0.005700740 0.005868480 0.004583260 0.004451350 0.000058890 0.001695940 0.000000000 0.012619450 0.021513890 
45     0.022161370 0.015550600 0.017774970 0.025665060 0.023723050 0.031750050 0.019631670 0.020537640 0.017614440 0.008798240 0.033385540 0.032525380 0.026018360 0.035466630 0.002558730 0.029006240 0.016514320 0.028939710 0.006376190 0.035340290 0.022380370 0.029981800 0.020601100 0.017998750 0.034193080 0.037902200 0.006322370 0.027909950 0.023249900 0.034784760 0.016055980 0.020822970 0.021889060 0.018412910 0.009368710 0.020835410 0.015367410 0.030000460 0.029470990 0.016420220 0.012716690 0.008672980 0.007513080 0.003948580 0.000718320 0.001330500 0.016133340 0.002818670 0.012619450 0.000000000 0.007418130 
0     0.019885790 0.001108680 0.007838750 0.028974310 0.013388150 0.023398020 0.026483550 0.010110720 0.013676190 0.004892260 0.011394400 0.001934420 0.014853860 0.008200390 0.024865380 0.006919030 0.011202560 0.017318160 0.020132340 0.009260810 0.009506870 0.008301640 0.022604570 0.027802900 0.002169610 0.014764890 0.014115300 0.014005640 0.008732120 0.015083850 0.019709620 0.002704720 0.006599750 0.017626880 0.006921170 0.024633910 0.017519670 0.008444140 0.010658680 0.027996270 0.026089760 0.007168420 0.007715130 0.008583800 0.015519330 0.006509190 0.017657860 0.018074810 0.021513890 0.007418130 0.000000000 
