51
1     0.000000000 0.296145526 0.390380693 0.393498689 0.387648770 0.676479794 0.695550852 0.644456743 0.667882566 0.811635792 0.869586253 0.834574745 0.815536991 0.812594394 0.699108588 0.849989857 0.783144919 0.778878593 0.889568785 0.892983723 0.676074594 0.711201988 0.823094973 0.899113665 0.888003261 0.955020470 0.919405321 0.924969475 0.900918620 0.891285199 0.863874590 0.963853717 0.866624162 0.862021021 0.865689002 0.907345658 0.904777776 0.924719983 0.932961002 0.914036195 0.938325657 0.947796428 0.883964179 0.943022437 0.940557076 0.949278451 0.962496512 0.865198160 0.863080166 0.887707420 1.448716989 
17     0.296145526 0.000000000 0.352972065 0.356251119 0.350011751 0.637404418 0.656015534 0.605487312 0.630338888 0.773383771 0.831718155 0.796141217 0.776157344 0.774814949 0.661306311 0.811261262 0.745194977 0.736578594 0.853108331 0.856635684 0.637972218 0.673707078 0.782818065 0.861375628 0.850085015 0.917200485 0.881219905 0.886045833 0.864180886 0.854826096 0.824768860 0.923623838 0.828069208 0.823892562 0.827785528 0.868454268 0.866191366 0.886152195 0.895212106 0.875895500 0.898160846 0.907082368 0.843576605 0.906271913 0.903174523 0.911163797 0.924290214 0.825531031 0.823392326 0.849680473 1.410403262 
24     0.390380693 0.352972065 0.000000000 0.071730537 0.066432681 0.572833859 0.596028238 0.545062890 0.569339504 0.710806283 0.769092870 0.730745140 0.712661205 0.709534338 0.597919730 0.749242249 0.684355005 0.681719219 0.791498605 0.795342843 0.576855393 0.615010473 0.719722675 0.800466246 0.789025180 0.858492326 0.822883908 0.826426099 0.803852846 0.795054233 0.764240312 0.862394090 0.765586678 0.762339048 0.766784943 0.805243295 0.806101307 0.823656252 0.831282770 0.811826871 0.840198234 0.849730425 0.782163993 0.840065908 0.837007835 0.845203501 0.858058767 0.760739746 0.758215344 0.785261000 1.338522639 
2     0.393498689 0.356251119 0.071730537 0.000000000 0.069061274 0.577688160 0.600878158 0.549780063 0.574289083 0.715253519 0.773025019 0.735019619 0.717326380 0.713761588 0.602655470 0.752652486 0.688201173 0.685446472 0.795450856 0.799295094 0.580536779 0.618472461 0.724171750 0.804667933 0.793216362 0.862824008 0.827084158 0.830876677 0.808184528 0.799385915 0.768561174 0.866676104 0.769786041 0.766538412 0.770984306 0.809137326 0.810703573 0.828573922 0.836215951 0.816337054 0.844088943 0.853621134 0.786257716 0.844037081 0.840818324 0.849155177 0.862010443 0.764640055 0.762123616 0.789168034 1.342641625 
26     0.387648770 0.350011751 0.066432681 0.069061274 0.000000000 0.571806427 0.594114739 0.544028830 0.568407349 0.708084343 0.765448074 0.727794079 0.710009492 0.705644931 0.597123855 0.745964190 0.680895409 0.679627187 0.789214469 0.793058707 0.574492235 0.612779091 0.716366353 0.796950192 0.785509126 0.854976272 0.819210788 0.822884411 0.800336792 0.791538179 0.760653304 0.858750863 0.761936601 0.758608456 0.763054350 0.801593218 0.802890643 0.820588001 0.827994492 0.808290246 0.837043554 0.846581959 0.779600207 0.839613675 0.836429152 0.844731770 0.857587036 0.760287512 0.757763110 0.784808766 1.337717444 
36     0.676479794 0.637404418 0.572833859 0.577688160 0.571806427 0.000000000 0.215999162 0.198954568 0.218443991 0.620214940 0.680618682 0.644383858 0.624610628 0.620559077 0.511105225 0.683943653 0.623152824 0.615072470 0.728110213 0.732487602 0.510550700 0.547893004 0.664478702 0.743106363 0.730966283 0.798403394 0.765709168 0.771956484 0.741751522 0.733820100 0.708046786 0.807196146 0.707129053 0.702626112 0.706217663 0.752529055 0.748074412 0.772609787 0.777828326 0.758111959 0.780387209 0.791658117 0.718467182 0.790673117 0.788465428 0.795434013 0.808042111 0.711735759 0.710050191 0.738373420 1.309816807 
31     0.695550852 0.656015534 0.596028238 0.600878158 0.594114739 0.215999162 0.000000000 0.217915721 0.233965176 0.642043659 0.701921672 0.665829008 0.645330799 0.644604018 0.530348397 0.703367651 0.644069804 0.633568461 0.747976321 0.752339534 0.530288305 0.569812890 0.678814007 0.758159473 0.745723879 0.813607115 0.782785942 0.786333756 0.757780059 0.750534740 0.723330600 0.820168142 0.723753278 0.718549014 0.722184319 0.768246434 0.761638355 0.788597129 0.793707229 0.774475982 0.798346629 0.809661383 0.735536830 0.808893962 0.806840983 0.813448350 0.826056448 0.728996794 0.727303541 0.755325769 1.327826446 
9     0.644456743 0.605487312 0.545062890 0.549780063 0.544028830 0.198954568 0.217915721 0.000000000 0.192033194 0.595962151 0.654047186 0.618202531 0.597548769 0.593381612 0.481910916 0.658503137 0.597961615 0.590160540 0.702951046 0.706944589 0.485986945 0.524270876 0.633639860 0.711721495 0.699362594 0.766476932 0.736062203 0.740466900 0.710482382 0.703310605 0.675984797 0.775773158 0.678017087 0.672710668 0.676429975 0.722671035 0.716549038 0.742962305 0.748344236 0.727621087 0.753179259 0.764415433 0.690012190 0.756441852 0.755115995 0.761886686 0.774494784 0.678308274 0.676367895 0.704697732 1.281938131 
40     0.667882566 0.630338888 0.569339504 0.574289083 0.568407349 0.218443991 0.233965176 0.192033194 0.000000000 0.616265027 0.675334548 0.640903046 0.618957442 0.616679083 0.504769674 0.673793141 0.614688203 0.604772705 0.716096601 0.720696246 0.500755847 0.542855146 0.658750238 0.735618014 0.723106281 0.792728698 0.760092138 0.765587266 0.736404176 0.728896148 0.701765074 0.799253764 0.702182944 0.695932862 0.700400226 0.747702789 0.742538554 0.766110618 0.771174760 0.751911368 0.768888379 0.779603871 0.708009698 0.780976881 0.778127185 0.786562909 0.799171007 0.701133554 0.699446664 0.728301713 1.296305996 
32     0.811635792 0.773383771 0.710806283 0.715253519 0.708084343 0.620214940 0.642043659 0.595962151 0.616265027 0.000000000 0.493759637 0.458669149 0.441735594 0.443783303 0.518565188 0.834686215 0.777475202 0.763039187 0.877764093 0.882596692 0.657305444 0.702573041 0.806156752 0.885198888 0.872597091 0.942526868 0.904330542 0.911565913 0.883362287 0.874422944 0.851760847 0.947095121 0.846950370 0.841835506 0.847009735 0.894541013 0.890841769 0.910655867 0.917833605 0.902683867 0.918378845 0.928012094 0.858410881 0.921371170 0.919136342 0.930336073 0.943463655 0.842890420 0.840803645 0.868803909 1.436486938 
23     0.869586253 0.831718155 0.769092870 0.773025019 0.765448074 0.680618682 0.701921672 0.654047186 0.675334548 0.493759637 0.000000000 0.394152433 0.372534236 0.379117079 0.579242086 0.892466631 0.833188751 0.824334075 0.935868215 0.941355766 0.716235329 0.756381360 0.863237544 0.940262693 0.927405836 0.996973095 0.960024996 0.966178709 0.938833419 0.927972732 0.905182412 0.998103881 0.900744627 0.895785155 0.900089980 0.945901923 0.944066562 0.969945270 0.975180370 0.956277402 0.975696120 0.988067998 0.914118149 0.981058654 0.980552052 0.990128686 1.003238824 0.903822063 0.901682188 0.930399623 1.490252148 
27     0.834574745 0.796141217 0.730745140 0.735019619 0.727794079 0.644383858 0.665829008 0.618202531 0.640903046 0.458669149 0.394152433 0.000000000 0.292474472 0.298575631 0.541348057 0.855808855 0.797229977 0.789829313 0.899188247 0.904631180 0.681329796 0.721856999 0.823852333 0.901430258 0.888631098 0.958969310 0.920143286 0.927785361 0.900110939 0.889659272 0.865692458 0.960045848 0.858210136 0.855751681 0.860094442 0.906917385 0.902900655 0.930870374 0.936150655 0.916967703 0.941267247 0.952422903 0.877876898 0.947984990 0.946236395 0.954374541 0.967382567 0.869431860 0.867332250 0.896198865 1.453876589 
43     0.815536991 0.776157344 0.712661205 0.717326380 0.710009492 0.624610628 0.645330799 0.597548769 0.618957442 0.441735594 0.372534236 0.292474472 0.000000000 0.281481996 0.522548245 0.834111648 0.776373041 0.766752095 0.876135047 0.882277086 0.657552687 0.701954066 0.805498882 0.881899922 0.869034013 0.937646736 0.900386082 0.906754584 0.878678644 0.869742536 0.845968626 0.939072956 0.837956137 0.834741174 0.839590231 0.887914938 0.885447067 0.910855569 0.915675967 0.896644428 0.917133160 0.928875120 0.857261428 0.926102860 0.925522622 0.932955340 0.946085089 0.847137031 0.845707812 0.875317818 1.438477725 
25     0.812594394 0.774814949 0.709534338 0.713761588 0.705644931 0.620559077 0.644604018 0.593381612 0.616679083 0.443783303 0.379117079 0.298575631 0.281481996 0.000000000 0.521333321 0.833733701 0.776377028 0.767396158 0.876270784 0.881558329 0.660442674 0.701443617 0.801073214 0.876564078 0.863544771 0.932863458 0.894043807 0.903153080 0.873044669 0.863789876 0.842917650 0.939252024 0.835238875 0.833542947 0.837841855 0.886259640 0.885704240 0.907769746 0.913025262 0.893931800 0.918016352 0.928351987 0.856013984 0.922752217 0.922942486 0.930417308 0.943565234 0.846738492 0.844397763 0.873987751 1.436880636 
5     0.699108588 0.661306311 0.597919730 0.602655470 0.597123855 0.511105225 0.530348397 0.481910916 0.504769674 0.518565188 0.579242086 0.541348057 0.522548245 0.521333321 0.000000000 0.716674375 0.657301559 0.643163957 0.752859025 0.757764404 0.537717765 0.577180155 0.685385586 0.762960121 0.750659471 0.819536397 0.782771491 0.788347985 0.759614071 0.750183392 0.726281247 0.828945095 0.726192392 0.723133889 0.727670593 0.774705095 0.771428944 0.790386089 0.795819579 0.775140201 0.805011068 0.813534144 0.741907153 0.808085492 0.805595949 0.814907656 0.828017793 0.728566392 0.726467932 0.755754353 1.321048837 
19     0.849989857 0.811261262 0.749242249 0.752652486 0.745964190 0.683943653 0.703367651 0.658503137 0.673793141 0.834686215 0.892466631 0.855808855 0.834111648 0.833733701 0.716674375 0.000000000 0.422660810 0.671152796 0.786880085 0.791472821 0.564003758 0.610882329 0.843483659 0.920325743 0.909280360 0.980380150 0.944544306 0.953944857 0.920947401 0.914660950 0.886182271 0.986332863 0.887883380 0.884661566 0.888877259 0.929652490 0.926048025 0.947725635 0.952662949 0.927867687 0.959304060 0.969793918 0.899432768 0.971451970 0.963801419 0.977500252 0.990585384 0.890068794 0.887643159 0.917591470 1.477181104 
12     0.783144919 0.745194977 0.684355005 0.688201173 0.680895409 0.623152824 0.644069804 0.597961615 0.614688203 0.777475202 0.833188751 0.797229977 0.776373041 0.776377028 0.657301559 0.422660810 0.000000000 0.607922328 0.724415689 0.729207993 0.497950865 0.545697301 0.782251669 0.860781959 0.849622913 0.920237081 0.881578086 0.890078918 0.861496738 0.852864361 0.824787981 0.923363491 0.823833776 0.818708221 0.823229655 0.866542647 0.860343987 0.886927870 0.892019665 0.872778803 0.899882591 0.911058738 0.838599457 0.909058742 0.902323490 0.914253725 0.927338857 0.829359036 0.826602602 0.857505149 1.420096389 
6     0.778878593 0.736578594 0.681719219 0.685446472 0.679627187 0.615072470 0.633568461 0.590160540 0.604772705 0.763039187 0.824334075 0.789829313 0.766752095 0.767396158 0.643163957 0.671152796 0.607922328 0.000000000 0.709540799 0.714688443 0.487959131 0.534448208 0.781557395 0.861492919 0.851625869 0.922157717 0.886022715 0.890883249 0.862044222 0.854738171 0.828178181 0.927101053 0.828568169 0.823038280 0.828401706 0.871363393 0.862578497 0.888526669 0.893726555 0.872189910 0.890172487 0.901732648 0.833284378 0.902612464 0.897323945 0.908144744 0.920935828 0.820195172 0.818814576 0.849100359 1.415901218 
33     0.889568785 0.853108331 0.791498605 0.795450856 0.789214469 0.728110213 0.747976321 0.702951046 0.716096601 0.877764093 0.935868215 0.899188247 0.876135047 0.876270784 0.752859025 0.786880085 0.724415689 0.709540799 0.000000000 0.146982781 0.590851446 0.638858149 0.886202851 0.961095371 0.950917819 1.023539543 0.985865937 0.991309390 0.960223441 0.951337299 0.930157428 1.033973232 0.934034446 0.930783312 0.935372533 0.973712583 0.972306170 0.991256538 0.993757559 0.976012836 1.004099851 1.016545739 0.943564144 1.011761269 1.008076451 1.019043824 1.032289963 0.932007930 0.928809294 0.959008858 1.512575478 
4     0.892983723 0.856635684 0.795342843 0.799295094 0.793058707 0.732487602 0.752339534 0.706944589 0.720696246 0.882596692 0.941355766 0.904631180 0.882277086 0.881558329 0.757764404 0.791472821 0.729207993 0.714688443 0.146982781 0.000000000 0.595722589 0.645244284 0.890656065 0.965692957 0.955382100 1.027093020 0.989348469 0.995097209 0.964005653 0.955119512 0.935291036 1.038581928 0.938876247 0.935597573 0.940186794 0.979085553 0.977325743 0.995855932 0.998428978 0.980462596 1.008232152 1.020614168 0.947767552 1.016555569 1.012919252 1.023877002 1.037123141 0.936763875 0.933565238 0.963764802 1.517142327 
38     0.676074594 0.637972218 0.576855393 0.580536779 0.574492235 0.510550700 0.530288305 0.485986945 0.500755847 0.657305444 0.716235329 0.681329796 0.657552687 0.660442674 0.537717765 0.564003758 0.497950865 0.487959131 0.590851446 0.595722589 0.000000000 0.408959711 0.678171494 0.754438391 0.743828646 0.815309351 0.778292826 0.781960430 0.756100836 0.747389626 0.721025212 0.819627296 0.721105059 0.718901151 0.723656181 0.763426372 0.760714583 0.779912841 0.785577207 0.767034978 0.791623435 0.801362741 0.730070728 0.799007203 0.795545381 0.804057404 0.817127692 0.716788470 0.714540611 0.745570215 1.311634756 
30     0.711201988 0.673707078 0.615010473 0.618472461 0.612779091 0.547893004 0.569812890 0.524270876 0.542855146 0.702573041 0.756381360 0.721856999 0.701954066 0.701443617 0.577180155 0.610882329 0.545697301 0.534448208 0.638858149 0.645244284 0.408959711 0.000000000 0.711921437 0.789068085 0.777899783 0.851762798 0.813139315 0.819943598 0.792576681 0.784780263 0.760183845 0.854170704 0.760423662 0.755908930 0.760447584 0.795188085 0.794881874 0.818730532 0.823632800 0.804379777 0.827893768 0.837629557 0.767806127 0.840992336 0.834978848 0.845300512 0.858059560 0.758232821 0.757354339 0.789003920 1.356029308 
15     0.823094973 0.782818065 0.719722675 0.724171750 0.716366353 0.664478702 0.678814007 0.633639860 0.658750238 0.806156752 0.863237544 0.823852333 0.805498882 0.801073214 0.685385586 0.843483659 0.782251669 0.781557395 0.886202851 0.890656065 0.678171494 0.711921437 0.000000000 0.532525804 0.519240383 0.583913958 0.554863278 0.559760031 0.534417479 0.528570591 0.502402708 0.605910791 0.506960508 0.506432137 0.510136613 0.549984560 0.550568199 0.592462438 0.597202757 0.575938051 0.812514699 0.821194825 0.745617697 0.813841260 0.817660873 0.823265654 0.836253567 0.734579116 0.734649688 0.765646825 1.308104774 
21     0.899113665 0.861375628 0.800466246 0.804667933 0.796950192 0.743106363 0.758159473 0.711721495 0.735618014 0.885198888 0.940262693 0.901430258 0.881899922 0.876564078 0.762960121 0.920325743 0.860781959 0.861492919 0.961095371 0.965692957 0.754438391 0.789068085 0.532525804 0.000000000 0.152117337 0.506958769 0.477487769 0.489758208 0.459806461 0.454835089 0.453870248 0.659690020 0.565425293 0.565428243 0.570083929 0.606941686 0.601301081 0.669779342 0.674802371 0.652409970 0.882633552 0.894315555 0.820496294 0.888866577 0.889816201 0.900870896 0.913682306 0.807092825 0.806921578 0.840730886 1.390068049 
35     0.888003261 0.850085015 0.789025180 0.793216362 0.785509126 0.730966283 0.745723879 0.699362594 0.723106281 0.872597091 0.927405836 0.888631098 0.869034013 0.863544771 0.750659471 0.909280360 0.849622913 0.851625869 0.950917819 0.955382100 0.743828646 0.777899783 0.519240383 0.152117337 0.000000000 0.494835670 0.463542256 0.476184637 0.446161302 0.441638464 0.439570370 0.644422491 0.550729461 0.550822377 0.555326923 0.592561856 0.588404438 0.656365336 0.660994257 0.638114703 0.866711047 0.878076760 0.802973709 0.877903653 0.879005091 0.890317153 0.903134543 0.795738370 0.795567241 0.829257335 1.375367071 
14     0.955020470 0.917200485 0.858492326 0.862824008 0.854976272 0.798403394 0.813607115 0.766476932 0.792728698 0.942526868 0.996973095 0.958969310 0.937646736 0.932863458 0.819536397 0.980380150 0.920237081 0.922157717 1.023539543 1.027093020 0.815309351 0.851762798 0.583913958 0.506958769 0.494835670 0.000000000 0.466206968 0.471013742 0.464425002 0.462064210 0.509517827 0.715716383 0.617788229 0.617127556 0.621253288 0.659998414 0.655790987 0.728800601 0.732308297 0.708163796 0.940954679 0.952333449 0.874723056 0.946519167 0.948218537 0.961337230 0.974307769 0.865658431 0.866050273 0.898224835 1.440113740 
37     0.919405321 0.881219905 0.822883908 0.827084158 0.819210788 0.765709168 0.782785942 0.736062203 0.760092138 0.904330542 0.960024996 0.920143286 0.900386082 0.894043807 0.782771491 0.944544306 0.881578086 0.886022715 0.985865937 0.989348469 0.778292826 0.813139315 0.554863278 0.477487769 0.463542256 0.466206968 0.000000000 0.430673109 0.437455549 0.435147450 0.480539177 0.682662152 0.585196595 0.586036686 0.590973877 0.626457160 0.620772962 0.697797576 0.700613192 0.678286526 0.903119591 0.913911315 0.840299719 0.914237628 0.914895045 0.927438001 0.940425985 0.831918571 0.831745874 0.865951788 1.406450810 
8     0.924969475 0.886045833 0.826426099 0.830876677 0.822884411 0.771956484 0.786333756 0.740466900 0.765587266 0.911565913 0.966178709 0.927785361 0.906754584 0.903153080 0.788347985 0.953944857 0.890078918 0.890883249 0.991309390 0.995097209 0.781960430 0.819943598 0.559760031 0.489758208 0.476184637 0.471013742 0.430673109 0.000000000 0.449601035 0.446614184 0.491137633 0.689484204 0.590762838 0.592245657 0.597137056 0.633636162 0.629675780 0.700650653 0.703760509 0.680990413 0.917789182 0.929194133 0.849064283 0.919276184 0.920143456 0.931893275 0.944863814 0.837182115 0.837162258 0.870149585 1.407499655 
10     0.900918620 0.864180886 0.803852846 0.808184528 0.800336792 0.741751522 0.757780059 0.710482382 0.736404176 0.883362287 0.938833419 0.900110939 0.878678644 0.873044669 0.759614071 0.920947401 0.861496738 0.862044222 0.960223441 0.964005653 0.756100836 0.792576681 0.534417479 0.459806461 0.446161302 0.464425002 0.437455549 0.449601035 0.000000000 0.148710926 0.463354214 0.665020771 0.566908884 0.565349547 0.569609241 0.607652098 0.603895041 0.676709440 0.678641423 0.656487703 0.877660575 0.888896826 0.817444122 0.886090598 0.888014691 0.898495272 0.911460615 0.804078148 0.803934415 0.838619866 1.393612898 
41     0.891285199 0.854826096 0.795054233 0.799385915 0.791538179 0.733820100 0.750534740 0.703310605 0.728896148 0.874422944 0.927972732 0.889659272 0.869742536 0.863789876 0.750183392 0.914660950 0.852864361 0.854738171 0.951337299 0.955119512 0.747389626 0.784780263 0.528570591 0.454835089 0.441638464 0.462064210 0.435147450 0.446614184 0.148710926 0.000000000 0.459344063 0.658018655 0.559536956 0.558584283 0.563001090 0.598819877 0.593072334 0.672118074 0.673657898 0.651776657 0.867383563 0.879090964 0.809033769 0.874039016 0.876671203 0.887066526 0.900031869 0.793277417 0.792960385 0.827080634 1.382072624 
39     0.863874590 0.824768860 0.764240312 0.768561174 0.760653304 0.708046786 0.723330600 0.675984797 0.701765074 0.851760847 0.905182412 0.865692458 0.845968626 0.842917650 0.726281247 0.886182271 0.824787981 0.828178181 0.930157428 0.935291036 0.721025212 0.760183845 0.502402708 0.453870248 0.439570370 0.509517827 0.480539177 0.491137633 0.463354214 0.459344063 0.000000000 0.629155224 0.531209320 0.528908964 0.531114866 0.576253496 0.572471855 0.640914702 0.645079794 0.621574351 0.853149131 0.863675538 0.786394079 0.858012302 0.858645741 0.870575503 0.883540045 0.773733564 0.773698633 0.808004491 1.364648320 
20     0.963853717 0.923623838 0.862394090 0.866676104 0.858750863 0.807196146 0.820168142 0.775773158 0.799253764 0.947095121 0.998103881 0.960045848 0.939072956 0.939252024 0.828945095 0.986332863 0.923363491 0.927101053 1.033973232 1.038581928 0.819627296 0.854170704 0.605910791 0.659690020 0.644422491 0.715716383 0.682662152 0.689484204 0.665020771 0.658018655 0.629155224 0.000000000 0.547737525 0.542833183 0.545726246 0.583120158 0.584822651 0.746592858 0.750227797 0.728197393 0.949370031 0.959317091 0.877996789 0.952708202 0.952622943 0.965934085 0.978236350 0.869369000 0.872191913 0.902805677 1.454217654 
42     0.866624162 0.828069208 0.765586678 0.769786041 0.761936601 0.707129053 0.723753278 0.678017087 0.702182944 0.846950370 0.900744627 0.858210136 0.837956137 0.835238875 0.726192392 0.887883380 0.823833776 0.828568169 0.934034446 0.938876247 0.721105059 0.760423662 0.506960508 0.565425293 0.550729461 0.617788229 0.585196595 0.590762838 0.566908884 0.559536956 0.531209320 0.547737525 0.000000000 0.165353780 0.165976158 0.456261805 0.457954668 0.648099773 0.651919370 0.628383495 0.852259894 0.861196781 0.785297247 0.855212260 0.857948866 0.867713995 0.880136841 0.775856978 0.775935155 0.809205538 1.358804888 
18     0.862021021 0.823892562 0.762339048 0.766538412 0.758608456 0.702626112 0.718549014 0.672710668 0.695932862 0.841835506 0.895785155 0.855751681 0.834741174 0.833542947 0.723133889 0.884661566 0.818708221 0.823038280 0.930783312 0.935597573 0.718901151 0.755908930 0.506432137 0.565428243 0.550822377 0.617127556 0.586036686 0.592245657 0.565349547 0.558584283 0.528908964 0.542833183 0.165353780 0.000000000 0.125040042 0.449992857 0.453731322 0.644678824 0.648768170 0.624967614 0.849329573 0.858569370 0.781367908 0.852264102 0.854407513 0.864566685 0.877072079 0.772884799 0.772939473 0.804962765 1.358119773 
13     0.865689002 0.827785528 0.766784943 0.770984306 0.763054350 0.706217663 0.722184319 0.676429975 0.700400226 0.847009735 0.900089980 0.860094442 0.839590231 0.837841855 0.727670593 0.888877259 0.823229655 0.828401706 0.935372533 0.940186794 0.723656181 0.760447584 0.510136613 0.570083929 0.555326923 0.621253288 0.590973877 0.597137056 0.569609241 0.563001090 0.531114866 0.545726246 0.165976158 0.125040042 0.000000000 0.456185566 0.458803258 0.648765356 0.652871465 0.629355304 0.852793514 0.861994172 0.785582915 0.855734115 0.858002877 0.868188087 0.880929095 0.776009403 0.776092476 0.808614617 1.361936111 
11     0.907345658 0.868454268 0.805243295 0.809137326 0.801593218 0.752529055 0.768246434 0.722671035 0.747702789 0.894541013 0.945901923 0.906917385 0.887914938 0.886259640 0.774705095 0.929652490 0.866542647 0.871363393 0.973712583 0.979085553 0.763426372 0.795188085 0.549984560 0.606941686 0.592561856 0.659998414 0.626457160 0.633636162 0.607652098 0.598819877 0.576253496 0.583120158 0.456261805 0.449992857 0.456185566 0.000000000 0.319286179 0.690804082 0.693810837 0.674213042 0.892841790 0.902277106 0.824132413 0.895987242 0.899521403 0.910057077 0.922072160 0.815789374 0.815486851 0.849779706 1.399033614 
28     0.904777776 0.866191366 0.806101307 0.810703573 0.802890643 0.748074412 0.761638355 0.716549038 0.742538554 0.890841769 0.944066562 0.902900655 0.885447067 0.885704240 0.771428944 0.926048025 0.860343987 0.862578497 0.972306170 0.977325743 0.760714583 0.794881874 0.550568199 0.601301081 0.588404438 0.655790987 0.620772962 0.629675780 0.603895041 0.593072334 0.572471855 0.584822651 0.457954668 0.453731322 0.458803258 0.319286179 0.000000000 0.691776308 0.693940011 0.672510671 0.892236493 0.901913657 0.822267890 0.898249888 0.901132607 0.910233260 0.922024813 0.817533834 0.817787756 0.850924948 1.403614590 
16     0.924719983 0.886152195 0.823656252 0.828573922 0.820588001 0.772609787 0.788597129 0.742962305 0.766110618 0.910655867 0.969945270 0.930870374 0.910855569 0.907769746 0.790386089 0.947725635 0.886927870 0.888526669 0.991256538 0.995855932 0.779912841 0.818730532 0.592462438 0.669779342 0.656365336 0.728800601 0.697797576 0.700650653 0.676709440 0.672118074 0.640914702 0.746592858 0.648099773 0.644678824 0.648765356 0.690804082 0.691776308 0.000000000 0.155850792 0.262002444 0.909384271 0.915921452 0.849978952 0.918687098 0.918118786 0.928756054 0.941656084 0.831731115 0.832840060 0.866685023 1.426413522 
7     0.932961002 0.895212106 0.831282770 0.836215951 0.827994492 0.777828326 0.793707229 0.748344236 0.771174760 0.917833605 0.975180370 0.936150655 0.915675967 0.913025262 0.795819579 0.952662949 0.892019665 0.893726555 0.993757559 0.998428978 0.785577207 0.823632800 0.597202757 0.674802371 0.660994257 0.732308297 0.700613192 0.703760509 0.678641423 0.673657898 0.645079794 0.750227797 0.651919370 0.648768170 0.652871465 0.693810837 0.693940011 0.155850792 0.000000000 0.270400965 0.916438237 0.923046105 0.854410236 0.924524067 0.923954580 0.935578493 0.948440472 0.836291103 0.837892700 0.870827934 1.434426919 
29     0.914036195 0.875895500 0.811826871 0.816337054 0.808290246 0.758111959 0.774475982 0.727621087 0.751911368 0.902683867 0.956277402 0.916967703 0.896644428 0.893931800 0.775140201 0.927867687 0.872778803 0.872189910 0.976012836 0.980462596 0.767034978 0.804379777 0.575938051 0.652409970 0.638114703 0.708163796 0.678286526 0.680990413 0.656487703 0.651776657 0.621574351 0.728197393 0.628383495 0.624967614 0.629355304 0.674213042 0.672510671 0.262002444 0.270400965 0.000000000 0.898543327 0.905456963 0.835140898 0.904910954 0.905097232 0.915673489 0.928111849 0.817991622 0.819787040 0.851722737 1.407409138 
22     0.938325657 0.898160846 0.840198234 0.844088943 0.837043554 0.780387209 0.798346629 0.753179259 0.768888379 0.918378845 0.975696120 0.941267247 0.917133160 0.918016352 0.805011068 0.959304060 0.899882591 0.890172487 1.004099851 1.008232152 0.791623435 0.827893768 0.812514699 0.882633552 0.866711047 0.940954679 0.903119591 0.917789182 0.877660575 0.867383563 0.853149131 0.949370031 0.852259894 0.849329573 0.852793514 0.892841790 0.892236493 0.909384271 0.916438237 0.898543327 0.000000000 0.179234563 0.669916421 0.923976560 0.923636302 0.931088737 0.943959765 0.840247934 0.838026611 0.870161403 1.419895509 
3     0.947796428 0.907082368 0.849730425 0.853621134 0.846581959 0.791658117 0.809661383 0.764415433 0.779603871 0.928012094 0.988067998 0.952422903 0.928875120 0.928351987 0.813534144 0.969793918 0.911058738 0.901732648 1.016545739 1.020614168 0.801362741 0.837629557 0.821194825 0.894315555 0.878076760 0.952333449 0.913911315 0.929194133 0.888896826 0.879090964 0.863675538 0.959317091 0.861196781 0.858569370 0.861994172 0.902277106 0.901913657 0.915921452 0.923046105 0.905456963 0.179234563 0.000000000 0.678366571 0.933512525 0.934376940 0.940712583 0.953652725 0.850757722 0.848264252 0.880242449 1.428548012 
34     0.883964179 0.843576605 0.782163993 0.786257716 0.779600207 0.718467182 0.735536830 0.690012190 0.708009698 0.858410881 0.914118149 0.877876898 0.857261428 0.856013984 0.741907153 0.899432768 0.838599457 0.833284378 0.943564144 0.947767552 0.730070728 0.767806127 0.745617697 0.820496294 0.802973709 0.874723056 0.840299719 0.849064283 0.817444122 0.809033769 0.786394079 0.877996789 0.785297247 0.781367908 0.785582915 0.824132413 0.822267890 0.849978952 0.854410236 0.835140898 0.669916421 0.678366571 0.000000000 0.852374162 0.848192927 0.857470239 0.870564164 0.772391504 0.769095080 0.800610018 1.344069705 
47     0.943022437 0.906271913 0.840065908 0.844037081 0.839613675 0.790673117 0.808893962 0.756441852 0.780976881 0.921371170 0.981058654 0.947984990 0.926102860 0.922752217 0.808085492 0.971451970 0.909058742 0.902612464 1.011761269 1.016555569 0.799007203 0.840992336 0.813841260 0.888866577 0.877903653 0.946519167 0.914237628 0.919276184 0.886090598 0.874039016 0.858012302 0.952708202 0.855212260 0.852264102 0.855734115 0.895987242 0.898249888 0.918687098 0.924524067 0.904910954 0.923976560 0.933512525 0.852374162 0.000000000 0.267705670 0.303055421 0.314707123 0.419585574 0.421094580 0.446796119 1.375443721 
50     0.940557076 0.903174523 0.837007835 0.840818324 0.836429152 0.788465428 0.806840983 0.755115995 0.778127185 0.919136342 0.980552052 0.946236395 0.925522622 0.922942486 0.805595949 0.963801419 0.902323490 0.897323945 1.008076451 1.012919252 0.795545381 0.834978848 0.817660873 0.889816201 0.879005091 0.948218537 0.914895045 0.920143456 0.888014691 0.876671203 0.858645741 0.952622943 0.857948866 0.854407513 0.858002877 0.899521403 0.901132607 0.918118786 0.923954580 0.905097232 0.923636302 0.934376940 0.848192927 0.267705670 0.000000000 0.301335310 0.313351953 0.416395965 0.418412235 0.445678901 1.373296388 
49     0.949278451 0.911163797 0.845203501 0.849155177 0.844731770 0.795434013 0.813448350 0.761886686 0.786562909 0.930336073 0.990128686 0.954374541 0.932955340 0.930417308 0.814907656 0.977500252 0.914253725 0.908144744 1.019043824 1.023877002 0.804057404 0.845300512 0.823265654 0.900870896 0.890317153 0.961337230 0.927438001 0.931893275 0.898495272 0.887066526 0.870575503 0.965934085 0.867713995 0.864566685 0.868188087 0.910057077 0.910233260 0.928756054 0.935578493 0.915673489 0.931088737 0.940712583 0.857470239 0.303055421 0.301335310 0.000000000 0.120578855 0.425038676 0.426551113 0.455447723 1.374009579 
44     0.962496512 0.924290214 0.858058767 0.862010443 0.857587036 0.808042111 0.826056448 0.774494784 0.799171007 0.943463655 1.003238824 0.967382567 0.946085089 0.943565234 0.828017793 0.990585384 0.927338857 0.920935828 1.032289963 1.037123141 0.817127692 0.858059560 0.836253567 0.913682306 0.903134543 0.974307769 0.940425985 0.944863814 0.911460615 0.900031869 0.883540045 0.978236350 0.880136841 0.877072079 0.880929095 0.922072160 0.922024813 0.941656084 0.948440472 0.928111849 0.943959765 0.953652725 0.870564164 0.314707123 0.313351953 0.120578855 0.000000000 0.439160755 0.440643621 0.470038605 1.388166579 
45     0.865198160 0.825531031 0.760739746 0.764640055 0.760287512 0.711735759 0.728996794 0.678308274 0.701133554 0.842890420 0.903822063 0.869431860 0.847137031 0.846738492 0.728566392 0.890068794 0.829359036 0.820195172 0.932007930 0.936763875 0.716788470 0.758232821 0.734579116 0.807092825 0.795738370 0.865658431 0.831918571 0.837182115 0.804078148 0.793277417 0.773733564 0.869369000 0.775856978 0.772884799 0.776009403 0.815789374 0.817533834 0.831731115 0.836291103 0.817991622 0.840247934 0.850757722 0.772391504 0.419585574 0.416395965 0.425038676 0.439160755 0.000000000 0.070365976 0.205502084 1.284666071 
46     0.863080166 0.823392326 0.758215344 0.762123616 0.757763110 0.710050191 0.727303541 0.676367895 0.699446664 0.840803645 0.901682188 0.867332250 0.845707812 0.844397763 0.726467932 0.887643159 0.826602602 0.818814576 0.928809294 0.933565238 0.714540611 0.757354339 0.734649688 0.806921578 0.795567241 0.866050273 0.831745874 0.837162258 0.803934415 0.792960385 0.773698633 0.872191913 0.775935155 0.772939473 0.776092476 0.815486851 0.817787756 0.832840060 0.837892700 0.819787040 0.838026611 0.848264252 0.769095080 0.421094580 0.418412235 0.426551113 0.440643621 0.070365976 0.000000000 0.206030089 1.288917621 
48     0.887707420 0.849680473 0.785261000 0.789168034 0.784808766 0.738373420 0.755325769 0.704697732 0.728301713 0.868803909 0.930399623 0.896198865 0.875317818 0.873987751 0.755754353 0.917591470 0.857505149 0.849100359 0.959008858 0.963764802 0.745570215 0.789003920 0.765646825 0.840730886 0.829257335 0.898224835 0.865951788 0.870149585 0.838619866 0.827080634 0.808004491 0.902805677 0.809205538 0.804962765 0.808614617 0.849779706 0.850924948 0.866685023 0.870827934 0.851722737 0.870161403 0.880242449 0.800610018 0.446796119 0.445678901 0.455447723 0.470038605 0.205502084 0.206030089 0.000000000 1.326602302 
0     1.448716989 1.410403262 1.338522639 1.342641625 1.337717444 1.309816807 1.327826446 1.281938131 1.296305996 1.436486938 1.490252148 1.453876589 1.438477725 1.436880636 1.321048837 1.477181104 1.420096389 1.415901218 1.512575478 1.517142327 1.311634756 1.356029308 1.308104774 1.390068049 1.375367071 1.440113740 1.406450810 1.407499655 1.393612898 1.382072624 1.364648320 1.454217654 1.358804888 1.358119773 1.361936111 1.399033614 1.403614590 1.426413522 1.434426919 1.407409138 1.419895509 1.428548012 1.344069705 1.375443721 1.373296388 1.374009579 1.388166579 1.284666071 1.288917621 1.326602302 0.000000000 
