51
1     0.000000000 0.001013780 0.017104790 0.001210230 0.003129300 0.027381260 0.002657370 0.002269380 0.006527060 0.083430350 0.034449100 0.098362010 0.083414970 0.028712810 0.035800000 0.003834570 0.061144390 0.047451120 0.017493400 0.029593420 0.017253730 0.037645050 0.063460250 0.024286990 0.077522070 0.037304570 0.052980770 0.064401640 0.038466930 0.019822700 0.114754060 0.133810540 0.082998850 0.097568030 0.017498240 0.021352090 0.051947600 0.102045830 0.133345670 0.121296700 0.116617410 0.057715950 0.052970050 0.023885690 0.012565270 0.024479670 0.052361470 0.077598240 0.039491600 0.048656550 0.029770690 
17     0.001013780 0.000000000 0.004629040 0.004141380 0.004714330 0.005875340 0.006222260 0.018324200 0.008998650 0.031007620 0.056226890 0.037374190 0.025337240 0.003987110 0.014294080 0.009033140 0.036628150 0.014461430 0.003169020 0.005105540 0.021026310 0.010567790 0.057148870 0.106820280 0.132583210 0.026856510 0.056158490 0.042895720 0.090082730 0.018824070 0.087848600 0.106383110 0.069692200 0.084314880 0.000674190 0.028420430 0.007560320 0.039593450 0.091604160 0.032269900 0.108277650 0.022839100 0.027929330 0.014788400 0.020790740 0.029193710 0.026113240 0.046431460 0.047717070 0.068536830 0.008264770 
24     0.017104790 0.004629040 0.000000000 0.000626700 0.001796140 0.057708430 0.028850840 0.070496560 0.018851180 0.014006770 0.062765070 0.031983140 0.007122590 0.015675840 0.008989600 0.018696960 0.018768050 0.051983470 0.017241830 0.013123290 0.009363700 0.067415560 0.047878290 0.085489210 0.076896740 0.068998540 0.075500570 0.025063830 0.118140680 0.126769500 0.020240120 0.033083450 0.016595440 0.062896750 0.031234080 0.113727860 0.032311390 0.046480880 0.018610780 0.052800590 0.024615390 0.028995100 0.028107150 0.060149480 0.066209290 0.029690500 0.025219290 0.076127530 0.076498860 0.038190630 0.040024150 
2     0.001210230 0.004141380 0.000626700 0.000000000 0.000040920 0.061628270 0.032770680 0.070848690 0.080073260 0.023481750 0.062277410 0.030969480 0.026799730 0.014851930 0.012909440 0.002802400 0.033249150 0.076022450 0.010272280 0.012208800 0.013283540 0.011644740 0.051798130 0.020568590 0.009525680 0.075768250 0.068117380 0.050953460 0.122060520 0.126281840 0.033673720 0.082023280 0.039575420 0.044715720 0.029298190 0.065895020 0.117601160 0.053575410 0.075550050 0.051455820 0.023071930 0.035633140 0.027619490 0.057697260 0.082738090 0.031791680 0.026782270 0.038125470 0.050455580 0.030360300 0.040585120 
26     0.003129300 0.004714330 0.001796140 0.000040920 0.000000000 0.061688370 0.032830780 0.091730930 0.088960190 0.011979940 0.062886580 0.018930290 0.037962140 0.043035110 0.012969540 0.004721470 0.012202630 0.073967640 0.002831490 0.004768010 0.013343640 0.009466890 0.051858230 0.092794690 0.084202220 0.067578000 0.077004310 0.031528130 0.122120620 0.126891010 0.023327710 0.013344540 0.023059740 0.040092840 0.023492840 0.044533870 0.134491850 0.041433810 0.013310740 0.061498410 0.008123040 0.038032020 0.028228660 0.056841450 0.066016040 0.034600960 0.039651280 0.072221290 0.078372960 0.031336410 0.040578680 
36     0.027381260 0.005875340 0.057708430 0.061628270 0.061688370 0.000000000 0.001191950 0.001579810 0.000196890 0.043836870 0.046586960 0.054599370 0.041681750 0.053219960 0.010584160 0.075905120 0.012879390 0.009704170 0.049820600 0.054976800 0.009040000 0.014274830 0.058990590 0.074270980 0.083170570 0.045795010 0.071904370 0.043011160 0.051863760 0.047931420 0.069194230 0.066427330 0.040116190 0.021349980 0.019219120 0.001663170 0.033011210 0.018277130 0.088741220 0.022676260 0.043798870 0.061255750 0.025193550 0.050349230 0.049769630 0.052966650 0.061315780 0.048925020 0.048596650 0.025252840 0.008380210 
31     0.002657370 0.006222260 0.028850840 0.032770680 0.032830780 0.001191950 0.000000000 0.000397570 0.001429050 0.028300810 0.043545470 0.051557880 0.009658680 0.061247230 0.010931080 0.024963520 0.001072670 0.028511580 0.017582570 0.028251490 0.008688060 0.031506670 0.022937150 0.083241140 0.069893110 0.034967460 0.095204880 0.043358080 0.101047990 0.088507200 0.047927060 0.068987940 0.068431770 0.032254380 0.044706740 0.004223780 0.021736790 0.087949550 0.046077340 0.015121030 0.047439800 0.046911780 0.037582610 0.028566610 0.046728140 0.049925160 0.058274290 0.045883530 0.045555160 0.004404690 0.008727130 
9     0.002269380 0.018324200 0.070496560 0.070848690 0.091730930 0.001579810 0.000397570 0.000000000 0.000080200 0.001274050 0.044933630 0.035461480 0.008989100 0.015742970 0.022105070 0.014650920 0.018552490 0.008259960 0.017194580 0.029294600 0.018176900 0.029484560 0.033896450 0.076797830 0.031638130 0.019755940 0.061148540 0.022838950 0.036238230 0.067632250 0.056951260 0.011979540 0.030362790 0.015584050 0.018911610 0.024672030 0.048584020 0.072193210 0.026671780 0.019869300 0.022931890 0.035350060 0.019585280 0.006467030 0.050190390 0.053387410 0.061736540 0.036952750 0.049017410 0.023699600 0.020829070 
40     0.006527060 0.008998650 0.018851180 0.080073260 0.088960190 0.000196890 0.001429050 0.000080200 0.000000000 0.040115170 0.046824260 0.054836670 0.028591020 0.073035850 0.009066610 0.024089960 0.012710000 0.012948990 0.007575130 0.033552280 0.008063580 0.021890370 0.041534940 0.007390310 0.036582060 0.048918320 0.059305750 0.046134470 0.054476020 0.043537540 0.094573220 0.069981330 0.095285220 0.040911160 0.086084540 0.005217170 0.036565210 0.044653340 0.018531490 0.022913560 0.045633800 0.029726790 0.011444990 0.032606410 0.028135980 0.045712300 0.061553080 0.014020290 0.006517300 0.045186630 0.011503520 
32     0.083430350 0.031007620 0.014006770 0.023481750 0.011979940 0.043836870 0.028300810 0.001274050 0.040115170 0.000000000 0.009084330 0.032829580 0.012050400 0.008698930 0.011843010 0.056275940 0.098124140 0.063800950 0.037991350 0.040970030 0.002547460 0.075899870 0.031473480 0.038931780 0.038041870 0.052328060 0.070970280 0.045963990 0.066989780 0.112161880 0.028603680 0.045156170 0.096861510 0.009129950 0.104323270 0.080013230 0.052400930 0.126806360 0.102552900 0.054924140 0.122630400 0.059253200 0.036541650 0.049267800 0.071427860 0.060434880 0.038274330 0.064753240 0.062213320 0.045185780 0.010594190 
23     0.034449100 0.056226890 0.062765070 0.062277410 0.062886580 0.046586960 0.043545470 0.044933630 0.046824260 0.009084330 0.000000000 0.016592140 0.003039890 0.000501710 0.026715420 0.065275110 0.100741320 0.053048750 0.046990520 0.049969200 0.066561180 0.087983780 0.080003280 0.093483610 0.082308190 0.020719760 0.080548760 0.033418160 0.094641720 0.084720980 0.007850010 0.044699650 0.079353050 0.040456320 0.076008010 0.014420510 0.095478530 0.114908560 0.123939950 0.044171940 0.076970570 0.099065470 0.088325220 0.062784190 0.062204590 0.060462970 0.073750740 0.040464910 0.019030050 0.032969810 0.081205770 
27     0.098362010 0.037374190 0.031983140 0.030969480 0.018930290 0.054599370 0.051557880 0.035461480 0.054836670 0.032829580 0.016592140 0.000000000 0.007169430 0.001671730 0.026462510 0.042602180 0.125671020 0.061061160 0.024693760 0.053490140 0.001883300 0.034220210 0.098508930 0.106730000 0.077575340 0.018479840 0.014730720 0.121136590 0.044019300 0.024422270 0.077483730 0.005623850 0.074300910 0.065386020 0.086483700 0.070244070 0.004253940 0.049713000 0.033591120 0.031750520 0.135682060 0.131519010 0.015611740 0.015081940 0.000323780 0.038653510 0.052322760 0.069372390 0.069044020 0.067305510 0.059966290 
43     0.083414970 0.025337240 0.007122590 0.026799730 0.037962140 0.041681750 0.009658680 0.008989100 0.028591020 0.012050400 0.003039890 0.007169430 0.000000000 0.002874880 0.023797240 0.068241180 0.088708540 0.044517190 0.049956590 0.052935270 0.030629930 0.020897450 0.082969350 0.102095860 0.113484890 0.101828720 0.048712140 0.060451360 0.122958730 0.089496650 0.084505070 0.041579700 0.048919070 0.045545920 0.058829530 0.078711890 0.019840770 0.132646420 0.130670430 0.057468300 0.054918050 0.129218480 0.082662950 0.032295180 0.029990270 0.021817920 0.020043070 0.062877800 0.061491310 0.014301680 0.064413920 
25     0.028712810 0.003987110 0.015675840 0.014851930 0.043035110 0.053219960 0.061247230 0.015742970 0.073035850 0.008698930 0.000501710 0.001671730 0.002874880 0.000000000 0.011546320 0.052380050 0.115788330 0.011021040 0.023099750 0.037278660 0.022962800 0.064048480 0.071733780 0.026619280 0.029207200 0.106723090 0.110671860 0.098777890 0.100946800 0.097014460 0.082494750 0.023310950 0.027825490 0.075981560 0.047863870 0.053353630 0.089863290 0.110511500 0.078839780 0.027370690 0.049684170 0.053872610 0.079548060 0.035159040 0.050211690 0.027153640 0.028236830 0.046515210 0.006097780 0.006283270 0.094963620 
5     0.035800000 0.014294080 0.008989600 0.012909440 0.012969540 0.010584160 0.010931080 0.022105070 0.009066610 0.011843010 0.026715420 0.026462510 0.023797240 0.011546320 0.000000000 0.072166580 0.019311870 0.011962770 0.053177570 0.007406410 0.003646820 0.012395580 0.024051080 0.017241980 0.044189830 0.054213750 0.028273300 0.026925340 0.018656340 0.031943550 0.014248420 0.039020170 0.057042510 0.041642870 0.003208080 0.039058850 0.016916670 0.068053500 0.080310610 0.002643860 0.084247730 0.051688760 0.046761310 0.016358090 0.006826880 0.031937450 0.020365500 0.047709270 0.047380900 0.045642390 0.016798950 
19     0.003834570 0.009033140 0.018696960 0.002802400 0.004721470 0.075905120 0.024963520 0.014650920 0.024089960 0.056275940 0.065275110 0.042602180 0.068241180 0.052380050 0.072166580 0.000000000 0.001786290 0.007806290 0.037763510 0.009738930 0.019320540 0.009331970 0.013606870 0.068845590 0.066212880 0.031993230 0.089969690 0.124285120 0.087038160 0.129165340 0.045095160 0.004066100 0.059956880 0.110749150 0.060338730 0.125451260 0.068711320 0.138696740 0.060244460 0.086668990 0.053721090 0.075110760 0.065577190 0.121104720 0.056834500 0.123809620 0.133292090 0.048792860 0.061818330 0.073816220 0.030172530 
12     0.061144390 0.036628150 0.018768050 0.033249150 0.012202630 0.012879390 0.001072670 0.018552490 0.012710000 0.098124140 0.100741320 0.125671020 0.088708540 0.115788330 0.019311870 0.001786290 0.000000000 0.011865260 0.038360330 0.032727210 0.014987310 0.004596000 0.066194890 0.102124040 0.099491330 0.110522280 0.044386510 0.102627190 0.062548480 0.061404000 0.054120430 0.087065430 0.085527350 0.079800290 0.087922240 0.071560660 0.077937820 0.096573270 0.062803110 0.033673180 0.043202020 0.079369950 0.037724240 0.029269400 0.116943940 0.088328740 0.087521670 0.048440500 0.049660220 0.029678890 0.029502770 
6     0.047451120 0.014461430 0.051983470 0.076022450 0.073967640 0.009704170 0.028511580 0.008259960 0.012948990 0.063800950 0.053048750 0.061061160 0.044517190 0.011021040 0.011962770 0.007806290 0.011865260 0.000000000 0.034816510 0.037795190 0.011361460 0.003694120 0.054677150 0.083618310 0.045632470 0.105098250 0.064153190 0.048285020 0.039135600 0.038458990 0.046987440 0.063411820 0.088968910 0.066681180 0.076927190 0.108562550 0.061432780 0.105688490 0.097591360 0.029138050 0.046442550 0.082117750 0.035379270 0.033557070 0.046915230 0.059428440 0.052857950 0.036737610 0.053396750 0.022717140 0.111864430 
33     0.017493400 0.003169020 0.017241830 0.010272280 0.002831490 0.049820600 0.017582570 0.017194580 0.007575130 0.037991350 0.046990520 0.024693760 0.049956590 0.023099750 0.053177570 0.037763510 0.038360330 0.034816510 0.000000000 0.000341550 0.005458430 0.028671060 0.006669150 0.032035850 0.122713180 0.128195630 0.065574830 0.115665290 0.117813120 0.118981510 0.073302330 0.013114970 0.062205480 0.040979910 0.053006250 0.024200440 0.107913190 0.059441610 0.060024530 0.070987870 0.114726940 0.038604280 0.086145680 0.030644630 0.110560880 0.040071870 0.084702550 0.071572870 0.070463460 0.112059070 0.135406750 
4     0.029593420 0.005105540 0.013123290 0.012208800 0.004768010 0.054976800 0.028251490 0.029294600 0.033552280 0.040970030 0.049969200 0.053490140 0.052935270 0.037278660 0.007406410 0.009738930 0.032727210 0.037795190 0.000341550 0.000000000 0.004191650 0.027020750 0.005018840 0.099928930 0.118354810 0.099881880 0.027095770 0.102964890 0.066227990 0.079574900 0.082338140 0.086239300 0.090938420 0.052407350 0.064433690 0.073496320 0.126365310 0.057752590 0.058335510 0.078597340 0.107456610 0.059057840 0.089124360 0.025846770 0.113539560 0.030097140 0.085911940 0.074551550 0.073442140 0.090010880 0.134833940 
38     0.017253730 0.021026310 0.009363700 0.013283540 0.013343640 0.009040000 0.008688060 0.018176900 0.008063580 0.002547460 0.066561180 0.001883300 0.030629930 0.022962800 0.003646820 0.019320540 0.014987310 0.011361460 0.005458430 0.004191650 0.000000000 0.009807990 0.019052200 0.055613950 0.081376880 0.049765730 0.039964660 0.058162130 0.076476820 0.049412310 0.026669500 0.076810240 0.034939920 0.060964720 0.057946030 0.043925100 0.020493480 0.007067370 0.082103210 0.055872580 0.071969950 0.051923090 0.053493540 0.065950450 0.012896370 0.024487000 0.025570190 0.023538810 0.025492900 0.019486150 0.023531180 
30     0.037645050 0.010567790 0.067415560 0.011644740 0.009466890 0.014274830 0.031506670 0.029484560 0.021890370 0.075899870 0.087983780 0.034220210 0.020897450 0.064048480 0.012395580 0.009331970 0.004596000 0.003694120 0.028671060 0.027020750 0.009807990 0.000000000 0.003819220 0.110321520 0.084434890 0.004937190 0.040666350 0.058089110 0.095329540 0.061453910 0.011828580 0.015375470 0.032189400 0.093711270 0.033209730 0.025072090 0.080370950 0.096460260 0.019619460 0.007212110 0.043186220 0.032459320 0.041772350 0.072934930 0.059482400 0.040804810 0.031749390 0.023207300 0.023867260 0.112981570 0.056463540 
15     0.063460250 0.057148870 0.047878290 0.051798130 0.051858230 0.058990590 0.022937150 0.033896450 0.041534940 0.031473480 0.080003280 0.098508930 0.082969350 0.071733780 0.024051080 0.013606870 0.066194890 0.054677150 0.006669150 0.005018840 0.019052200 0.003819220 0.000000000 0.022028150 0.021138240 0.024205790 0.019499180 0.009913680 0.051681990 0.009507690 0.007950600 0.025438590 0.010559360 0.018694960 0.008295950 0.047978180 0.002728430 0.034035050 0.036046040 0.036326670 0.068952360 0.054080820 0.045092660 0.051930560 0.054428960 0.040916090 0.040127850 0.015440950 0.014331540 0.030217650 0.059106900 
21     0.024286990 0.106820280 0.085489210 0.020568590 0.092794690 0.074270980 0.083241140 0.076797830 0.007390310 0.038931780 0.093483610 0.106730000 0.102095860 0.026619280 0.017241980 0.068845590 0.102124040 0.083618310 0.032035850 0.099928930 0.055613950 0.110321520 0.022028150 0.000000000 0.000114980 0.046916140 0.011613260 0.010926190 0.045486610 0.025334210 0.019785570 0.055571150 0.038686540 0.039781030 0.035796440 0.039374670 0.024657630 0.022117970 0.078723010 0.029641150 0.068814080 0.064651030 0.033641600 0.003138310 0.073555470 0.103356440 0.047996270 0.013509540 0.018221410 0.050440910 0.097214470 
35     0.077522070 0.132583210 0.076896740 0.009525680 0.084202220 0.083170570 0.069893110 0.031638130 0.036582060 0.038041870 0.082308190 0.077575340 0.113484890 0.029207200 0.044189830 0.066212880 0.099491330 0.045632470 0.122713180 0.118354810 0.081376880 0.084434890 0.021138240 0.000114980 0.000000000 0.020645100 0.011590580 0.010036280 0.020813260 0.015282770 0.004957160 0.028797210 0.035574480 0.016672430 0.032684380 0.014101100 0.031055260 0.043408200 0.053812300 0.027607180 0.065702020 0.061538970 0.004255260 0.000002680 0.054667490 0.034753860 0.020019440 0.021739320 0.026451190 0.032944320 0.094102410 
14     0.037304570 0.026856510 0.068998540 0.075768250 0.067578000 0.045795010 0.034967460 0.019755940 0.048918320 0.052328060 0.020719760 0.018479840 0.101828720 0.106723090 0.054213750 0.031993230 0.110522280 0.105098250 0.128195630 0.099881880 0.049765730 0.004937190 0.024205790 0.046916140 0.020645100 0.000000000 0.012647840 0.003125270 0.016497150 0.033600480 0.019290930 0.016915020 0.063029780 0.048777550 0.052433890 0.026372450 0.026781310 0.078494780 0.034484060 0.024698140 0.055113170 0.049152380 0.031897080 0.050237120 0.061367340 0.104368280 0.110565010 0.035798690 0.036054530 0.072008970 0.025045070 
37     0.052980770 0.056158490 0.075500570 0.068117380 0.077004310 0.071904370 0.095204880 0.061148540 0.059305750 0.070970280 0.080548760 0.014730720 0.048712140 0.110671860 0.028273300 0.089969690 0.044386510 0.064153190 0.065574830 0.027095770 0.039964660 0.040666350 0.019499180 0.011613260 0.011590580 0.012647840 0.000000000 0.001823580 0.006344550 0.007139880 0.004136280 0.055774640 0.016204840 0.066450490 0.062465900 0.061743580 0.040456340 0.065826210 0.050299270 0.024133650 0.013760070 0.014257340 0.018391310 0.054526000 0.050349510 0.084573900 0.075288900 0.018918170 0.017808760 0.059404370 0.044325950 
8     0.064401640 0.042895720 0.025063830 0.050953460 0.031528130 0.043011160 0.043358080 0.022838950 0.046134470 0.045963990 0.033418160 0.121136590 0.060451360 0.098777890 0.026925340 0.124285120 0.102627190 0.048285020 0.115665290 0.102964890 0.058162130 0.058089110 0.009913680 0.010926190 0.010036280 0.003125270 0.001823580 0.000000000 0.009948140 0.018457740 0.026816710 0.019998030 0.022359750 0.051017170 0.060980340 0.034461330 0.049485310 0.070993130 0.024273170 0.052936690 0.032572640 0.053097560 0.029113230 0.045993930 0.092270510 0.086106340 0.083256370 0.028913120 0.051140430 0.064258720 0.014168280 
10     0.038466930 0.090082730 0.118140680 0.122060520 0.122120620 0.051863760 0.101047990 0.036238230 0.054476020 0.066989780 0.094641720 0.044019300 0.122958730 0.100946800 0.018656340 0.087038160 0.062548480 0.039135600 0.117813120 0.066227990 0.076476820 0.095329540 0.051681990 0.045486610 0.020813260 0.016497150 0.006344550 0.009948140 0.000000000 0.000428000 0.011165840 0.033397310 0.018233260 0.044009760 0.031553910 0.062950710 0.027009030 0.045442450 0.028418900 0.055492560 0.023039740 0.043183460 0.078249270 0.046256700 0.016963350 0.102656440 0.100080200 0.055430330 0.054320920 0.035966400 0.118487740 
41     0.019822700 0.018824070 0.126769500 0.126281840 0.126891010 0.047931420 0.088507200 0.067632250 0.043537540 0.112161880 0.084720980 0.024422270 0.089496650 0.097014460 0.031943550 0.129165340 0.061404000 0.038458990 0.118981510 0.079574900 0.049412310 0.061453910 0.009507690 0.025334210 0.015282770 0.033600480 0.007139880 0.018457740 0.000428000 0.000000000 0.018844960 0.074207310 0.049133740 0.025585760 0.065174730 0.066170960 0.051306200 0.028274870 0.008967370 0.005503760 0.007833680 0.041968550 0.055373910 0.023381340 0.028915980 0.102895760 0.109092490 0.041005750 0.011228630 0.037811440 0.061716900 
39     0.114754060 0.087848600 0.020240120 0.033673720 0.023327710 0.069194230 0.047927060 0.056951260 0.094573220 0.028603680 0.007850010 0.077483730 0.084505070 0.082494750 0.014248420 0.045095160 0.054120430 0.046987440 0.073302330 0.082338140 0.026669500 0.011828580 0.007950600 0.019785570 0.004957160 0.019290930 0.004136280 0.026816710 0.011165840 0.018844960 0.000000000 0.021039150 0.047392120 0.029533400 0.033189740 0.022432360 0.038005410 0.036090790 0.055567380 0.026169510 0.081398620 0.031883710 0.029364770 0.051496300 0.014167120 0.013534630 0.011074330 0.016976670 0.015867260 0.014078510 0.022006030 
20     0.133810540 0.106383110 0.033083450 0.082023280 0.013344540 0.066427330 0.068987940 0.011979540 0.069981330 0.045156170 0.044699650 0.005623850 0.041579700 0.023310950 0.039020170 0.004066100 0.087065430 0.063411820 0.013114970 0.086239300 0.076810240 0.015375470 0.025438590 0.055571150 0.028797210 0.016915020 0.055774640 0.019998030 0.033397310 0.074207310 0.021039150 0.000000000 0.032007420 0.053022180 0.026600930 0.030056570 0.035737040 0.074248920 0.084409030 0.028156640 0.001862000 0.050208440 0.005145440 0.093248310 0.050688810 0.138470790 0.138038200 0.080128520 0.031333030 0.115296890 0.119670410 
42     0.082998850 0.069692200 0.016595440 0.039575420 0.023059740 0.040116190 0.068431770 0.030362790 0.095285220 0.096861510 0.079353050 0.074300910 0.048919070 0.027825490 0.057042510 0.059956880 0.085527350 0.088968910 0.062205480 0.090938420 0.034939920 0.032189400 0.010559360 0.038686540 0.035574480 0.063029780 0.016204840 0.022359750 0.018233260 0.049133740 0.047392120 0.032007420 0.000000000 0.003905870 0.000411180 0.009659730 0.020834480 0.032498600 0.051035960 0.074026000 0.082344320 0.035411860 0.015403220 0.049636270 0.113689660 0.088987540 0.035978870 0.055708650 0.065192570 0.061715680 0.073489830 
18     0.097568030 0.084314880 0.062896750 0.044715720 0.040092840 0.021349980 0.032254380 0.015584050 0.040911160 0.009129950 0.040456320 0.065386020 0.045545920 0.075981560 0.041642870 0.110749150 0.079800290 0.066681180 0.040979910 0.052407350 0.060964720 0.093711270 0.018694960 0.039781030 0.016672430 0.048777550 0.066450490 0.051017170 0.044009760 0.025585760 0.029533400 0.053022180 0.003905870 0.000000000 0.003489700 0.007146260 0.017840690 0.047359240 0.071219320 0.016626340 0.083438810 0.073390180 0.012072030 0.048967100 0.114784150 0.064130120 0.065725250 0.105460270 0.112765690 0.099836540 0.038187070 
13     0.017498240 0.000674190 0.031234080 0.029298190 0.023492840 0.019219120 0.044706740 0.018911610 0.086084540 0.104323270 0.076008010 0.086483700 0.058829530 0.047863870 0.003208080 0.060338730 0.087922240 0.076927190 0.053006250 0.064433690 0.057946030 0.033209730 0.008295950 0.035796440 0.032684380 0.052433890 0.062465900 0.060980340 0.031553910 0.065174730 0.033189740 0.026600930 0.000411180 0.003489700 0.000000000 0.010802600 0.020469080 0.026576470 0.065554760 0.040792160 0.074627470 0.022482840 0.017957150 0.015802070 0.110799560 0.044851680 0.046446810 0.060412290 0.099185520 0.107888070 0.034290400 
11     0.021352090 0.028420430 0.113727860 0.065895020 0.044533870 0.001663170 0.004223780 0.024672030 0.005217170 0.080013230 0.014420510 0.070244070 0.078711890 0.053353630 0.039058850 0.125451260 0.071560660 0.108562550 0.024200440 0.073496320 0.043925100 0.025072090 0.047978180 0.039374670 0.014101100 0.026372450 0.061743580 0.034461330 0.062950710 0.066170960 0.022432360 0.030056570 0.009659730 0.007146260 0.010802600 0.000000000 0.000250910 0.019161010 0.073916180 0.048508270 0.034559760 0.035782990 0.027118610 0.035644260 0.045277170 0.073934800 0.068792570 0.062523870 0.070067220 0.036253830 0.043174520 
28     0.051947600 0.007560320 0.032311390 0.117601160 0.134491850 0.033011210 0.021736790 0.048584020 0.036565210 0.052400930 0.095478530 0.004253940 0.019840770 0.089863290 0.016916670 0.068711320 0.077937820 0.061432780 0.107913190 0.126365310 0.020493480 0.080370950 0.002728430 0.024657630 0.031055260 0.026781310 0.040456340 0.049485310 0.027009030 0.051306200 0.038005410 0.035737040 0.020834480 0.017840690 0.020469080 0.000250910 0.000000000 0.037715890 0.035264870 0.023787210 0.034196160 0.099464410 0.033584980 0.005597310 0.081455110 0.122028440 0.115866180 0.060065200 0.051121780 0.045706070 0.077797230 
16     0.102045830 0.039593450 0.046480880 0.053575410 0.041433810 0.018277130 0.087949550 0.072193210 0.044653340 0.126806360 0.114908560 0.049713000 0.132646420 0.110511500 0.068053500 0.138696740 0.096573270 0.105688490 0.059441610 0.057752590 0.007067370 0.096460260 0.034035050 0.022117970 0.043408200 0.078494780 0.065826210 0.070993130 0.045442450 0.028274870 0.036090790 0.074248920 0.032498600 0.047359240 0.026576470 0.019161010 0.037715890 0.000000000 0.001902940 0.000262500 0.089040810 0.058926410 0.062078040 0.089192810 0.027061080 0.110854030 0.072771740 0.045537930 0.048656370 0.044535500 0.029292840 
7     0.133345670 0.091604160 0.018610780 0.075550050 0.013310740 0.088741220 0.046077340 0.026671780 0.018531490 0.102552900 0.123939950 0.033591120 0.130670430 0.078839780 0.080310610 0.060244460 0.062803110 0.097591360 0.060024530 0.058335510 0.082103210 0.019619460 0.036046040 0.078723010 0.053812300 0.034484060 0.050299270 0.024273170 0.028418900 0.008967370 0.055567380 0.084409030 0.051035960 0.071219320 0.065554760 0.073916180 0.035264870 0.001902940 0.000000000 0.011474510 0.057682460 0.057075000 0.020519800 0.056089540 0.008270470 0.065441770 0.035384730 0.031822340 0.040390910 0.029583820 0.027906630 
29     0.121296700 0.032269900 0.052800590 0.051455820 0.061498410 0.022676260 0.015121030 0.019869300 0.022913560 0.054924140 0.044171940 0.031750520 0.057468300 0.027370690 0.002643860 0.086668990 0.033673180 0.029138050 0.070987870 0.078597340 0.055872580 0.007212110 0.036326670 0.029641150 0.027607180 0.024698140 0.024133650 0.052936690 0.055492560 0.005503760 0.026169510 0.028156640 0.074026000 0.016626340 0.040792160 0.048508270 0.023787210 0.000262500 0.011474510 0.000000000 0.023920700 0.039645050 0.076160780 0.047934210 0.047354610 0.050551630 0.053374440 0.009492150 0.044408950 0.042372380 0.012617910 
22     0.116617410 0.108277650 0.024615390 0.023071930 0.008123040 0.043798870 0.047439800 0.022931890 0.045633800 0.122630400 0.076970570 0.135682060 0.054918050 0.049684170 0.084247730 0.053721090 0.043202020 0.046442550 0.114726940 0.107456610 0.071969950 0.043186220 0.068952360 0.068814080 0.065702020 0.055113170 0.013760070 0.032572640 0.023039740 0.007833680 0.081398620 0.001862000 0.082344320 0.083438810 0.074627470 0.034559760 0.034196160 0.089040810 0.057682460 0.023920700 0.000000000 0.001385450 0.033470940 0.048437060 0.020990080 0.089507940 0.030876030 0.019830560 0.055972250 0.100830630 0.037233210 
3     0.057715950 0.022839100 0.028995100 0.035633140 0.038032020 0.061255750 0.046911780 0.035350060 0.029726790 0.059253200 0.099065470 0.131519010 0.129218480 0.053872610 0.051688760 0.075110760 0.079369950 0.082117750 0.038604280 0.059057840 0.051923090 0.032459320 0.054080820 0.064651030 0.061538970 0.049152380 0.014257340 0.053097560 0.043183460 0.041968550 0.031883710 0.050208440 0.035411860 0.073390180 0.022482840 0.035782990 0.099464410 0.058926410 0.057075000 0.039645050 0.001385450 0.000000000 0.037108500 0.105313220 0.111548500 0.046377310 0.042065860 0.072560490 0.015884520 0.104351170 0.052589090 
34     0.052970050 0.027929330 0.028107150 0.027619490 0.028228660 0.025193550 0.037582610 0.019585280 0.011444990 0.036541650 0.088325220 0.015611740 0.082662950 0.079548060 0.046761310 0.065577190 0.037724240 0.035379270 0.086145680 0.089124360 0.053493540 0.041772350 0.045092660 0.033641600 0.004255260 0.031897080 0.018391310 0.029113230 0.078249270 0.055373910 0.029364770 0.005145440 0.015403220 0.012072030 0.017957150 0.027118610 0.033584980 0.062078040 0.020519800 0.076160780 0.033470940 0.037108500 0.000000000 0.033178010 0.047158530 0.076418950 0.027647130 0.024913640 0.026838160 0.046811260 0.038458880 
47     0.023885690 0.014788400 0.060149480 0.057697260 0.056841450 0.050349230 0.028566610 0.006467030 0.032606410 0.049267800 0.062784190 0.015081940 0.032295180 0.035159040 0.016358090 0.121104720 0.029269400 0.033557070 0.030644630 0.025846770 0.065950450 0.072934930 0.051930560 0.003138310 0.000002680 0.050237120 0.054526000 0.045993930 0.046256700 0.023381340 0.051496300 0.093248310 0.049636270 0.048967100 0.015802070 0.035644260 0.005597310 0.089192810 0.056089540 0.047934210 0.048437060 0.105313220 0.033178010 0.000000000 0.005222390 0.016088120 0.013854550 0.019576720 0.013248090 0.010119900 0.022833790 
50     0.012565270 0.020790740 0.066209290 0.082738090 0.066016040 0.049769630 0.046728140 0.050190390 0.028135980 0.071427860 0.062204590 0.000323780 0.029990270 0.050211690 0.006826880 0.056834500 0.116943940 0.046915230 0.110560880 0.113539560 0.012896370 0.059482400 0.054428960 0.073555470 0.054667490 0.061367340 0.050349510 0.092270510 0.016963350 0.028915980 0.014167120 0.050688810 0.113689660 0.114784150 0.110799560 0.045277170 0.081455110 0.027061080 0.008270470 0.047354610 0.020990080 0.111548500 0.047158530 0.005222390 0.000000000 0.009514640 0.024216840 0.043086610 0.028111730 0.017505780 0.055352900 
49     0.024479670 0.029193710 0.029690500 0.031791680 0.034600960 0.052966650 0.049925160 0.053387410 0.045712300 0.060434880 0.060462970 0.038653510 0.021817920 0.027153640 0.031937450 0.123809620 0.088328740 0.059428440 0.040071870 0.030097140 0.024487000 0.040804810 0.040916090 0.103356440 0.034753860 0.104368280 0.084573900 0.086106340 0.102656440 0.102895760 0.013534630 0.138470790 0.088987540 0.064130120 0.044851680 0.073934800 0.122028440 0.110854030 0.065441770 0.050551630 0.089507940 0.046377310 0.076418950 0.016088120 0.009514640 0.000000000 0.000402990 0.008560220 0.012341230 0.028748660 0.053565540 
44     0.052361470 0.026113240 0.025219290 0.026782270 0.039651280 0.061315780 0.058274290 0.061736540 0.061553080 0.038274330 0.073750740 0.052322760 0.020043070 0.028236830 0.020365500 0.133292090 0.087521670 0.052857950 0.084702550 0.085911940 0.025570190 0.031749390 0.040127850 0.047996270 0.020019440 0.110565010 0.075288900 0.083256370 0.100080200 0.109092490 0.011074330 0.138038200 0.035978870 0.065725250 0.046446810 0.068792570 0.115866180 0.072771740 0.035384730 0.053374440 0.030876030 0.042065860 0.027647130 0.013854550 0.024216840 0.000402990 0.000000000 0.007883370 0.014513490 0.019363380 0.054898320 
45     0.077598240 0.046431460 0.076127530 0.038125470 0.072221290 0.048925020 0.045883530 0.036952750 0.014020290 0.064753240 0.040464910 0.069372390 0.062877800 0.046515210 0.047709270 0.048792860 0.048440500 0.036737610 0.071572870 0.074551550 0.023538810 0.023207300 0.015440950 0.013509540 0.021739320 0.035798690 0.018918170 0.028913120 0.055430330 0.041005750 0.016976670 0.080128520 0.055708650 0.105460270 0.060412290 0.062523870 0.060065200 0.045537930 0.031822340 0.009492150 0.019830560 0.072560490 0.024913640 0.019576720 0.043086610 0.008560220 0.007883370 0.000000000 0.000000960 0.011898020 0.021378830 
46     0.039491600 0.047717070 0.076498860 0.050455580 0.078372960 0.048596650 0.045555160 0.049017410 0.006517300 0.062213320 0.019030050 0.069044020 0.061491310 0.006097780 0.047380900 0.061818330 0.049660220 0.053396750 0.070463460 0.073442140 0.025492900 0.023867260 0.014331540 0.018221410 0.026451190 0.036054530 0.017808760 0.051140430 0.054320920 0.011228630 0.015867260 0.031333030 0.065192570 0.112765690 0.099185520 0.070067220 0.051121780 0.048656370 0.040390910 0.044408950 0.055972250 0.015884520 0.026838160 0.013248090 0.028111730 0.012341230 0.014513490 0.000000960 0.000000000 0.005000630 0.031624520 
48     0.048656550 0.068536830 0.038190630 0.030360300 0.031336410 0.025252840 0.004404690 0.023699600 0.045186630 0.045185780 0.032969810 0.067305510 0.014301680 0.006283270 0.045642390 0.073816220 0.029678890 0.022717140 0.112059070 0.090010880 0.019486150 0.112981570 0.030217650 0.050440910 0.032944320 0.072008970 0.059404370 0.064258720 0.035966400 0.037811440 0.014078510 0.115296890 0.061715680 0.099836540 0.107888070 0.036253830 0.045706070 0.044535500 0.029583820 0.042372380 0.100830630 0.104351170 0.046811260 0.010119900 0.017505780 0.028748660 0.019363380 0.011898020 0.005000630 0.000000000 0.033444640 
0     0.029770690 0.008264770 0.040024150 0.040585120 0.040578680 0.008380210 0.008727130 0.020829070 0.011503520 0.010594190 0.081205770 0.059966290 0.064413920 0.094963620 0.016798950 0.030172530 0.029502770 0.111864430 0.135406750 0.134833940 0.023531180 0.056463540 0.059106900 0.097214470 0.094102410 0.025045070 0.044325950 0.014168280 0.118487740 0.061716900 0.022006030 0.119670410 0.073489830 0.038187070 0.034290400 0.043174520 0.077797230 0.029292840 0.027906630 0.012617910 0.037233210 0.052589090 0.038458880 0.022833790 0.055352900 0.053565540 0.054898320 0.021378830 0.031624520 0.033444640 0.000000000 
