51
23     0.000000000 0.107370999 0.204947466 0.222370248 0.376054220 0.376353851 0.381417518 0.353747393 0.376266434 0.381642191 0.380945383 0.356738121 0.336815884 0.376922825 0.378738530 0.355320029 0.378744775 0.359548397 0.349365159 0.352935123 0.345714633 0.394090702 0.555562789 0.624488668 0.371293479 0.375683868 0.486467812 0.596817558 0.624764636 0.521912805 0.521985848 0.520795862 0.524080742 0.516592225 0.450259213 0.448848118 0.450153483 0.490453061 0.452677096 0.518528504 0.724198280 0.514351892 0.580962749 0.541546124 0.531557499 0.531457845 0.527674047 0.528602960 0.591692709 0.605506986 0.855897440 
12     0.107370999 0.000000000 0.185991219 0.203108781 0.357599257 0.357891581 0.362858024 0.334600876 0.357941968 0.362780341 0.362082317 0.337494399 0.317717292 0.357900700 0.359716406 0.336071897 0.359508145 0.340297770 0.329625927 0.333000280 0.326943652 0.374367730 0.534078666 0.606645857 0.353082952 0.357656595 0.467577554 0.580058839 0.607631385 0.502896815 0.502950374 0.501759839 0.505056503 0.497601851 0.433063558 0.431689461 0.433143968 0.472671167 0.435103617 0.501205668 0.707358934 0.497839179 0.563963725 0.524913282 0.514815858 0.514733355 0.511051736 0.511608285 0.575317366 0.588613156 0.838209380 
1     0.204947466 0.185991219 0.000000000 0.062304800 0.347512488 0.347570574 0.352277645 0.320919206 0.344745445 0.349787022 0.349003704 0.325232824 0.305332820 0.344977834 0.346929949 0.325312926 0.346482676 0.329723770 0.318692723 0.322110937 0.314462570 0.364293998 0.529243866 0.597161316 0.342377133 0.347008942 0.456757487 0.569582417 0.597408785 0.491513025 0.491602571 0.490412585 0.493680363 0.485803066 0.420478848 0.419336663 0.418910175 0.458788371 0.421710817 0.488922492 0.693306346 0.484600916 0.549350524 0.510968073 0.500809974 0.500710320 0.497137526 0.497811115 0.560503674 0.574216973 0.828437661 
13     0.222370248 0.203108781 0.062304800 0.000000000 0.363786534 0.363843509 0.368632347 0.337838671 0.361385611 0.366023130 0.365327459 0.341381819 0.322075606 0.361188423 0.363107844 0.342002361 0.363635582 0.345904934 0.334632734 0.338050947 0.330566877 0.380491774 0.544794915 0.612400769 0.357580726 0.362234619 0.471975549 0.585685367 0.612303514 0.506458123 0.506547670 0.505357683 0.508625461 0.500748164 0.435732048 0.434597255 0.434668200 0.473631564 0.436942367 0.504335314 0.708114142 0.499544125 0.564422372 0.525709408 0.515572303 0.515472649 0.511921561 0.512435342 0.575588603 0.588665921 0.838718174 
4     0.376054220 0.357599257 0.347512488 0.363786534 0.000000000 0.052136869 0.271393001 0.243332699 0.267223245 0.269772576 0.268746857 0.244729885 0.226552473 0.265717896 0.268174140 0.244411023 0.269584463 0.252818537 0.239179176 0.242909785 0.234351177 0.284786110 0.525752348 0.591072004 0.338432923 0.341845985 0.449676069 0.561572589 0.590010028 0.490747073 0.490921171 0.489633869 0.493285363 0.485505149 0.417383939 0.416985784 0.417875398 0.456208746 0.424220723 0.483639453 0.688064369 0.482377515 0.545172258 0.505229799 0.494869281 0.494758881 0.493314355 0.491440673 0.552828135 0.568797195 0.825289410 
10     0.376353851 0.357891581 0.347570574 0.363843509 0.052136869 0.000000000 0.272513987 0.244380413 0.268246284 0.270835034 0.269809315 0.245792343 0.227607258 0.266780631 0.269236874 0.245457857 0.270728300 0.253912776 0.240132505 0.244014067 0.235790288 0.285493546 0.525926490 0.591158793 0.338939478 0.342336300 0.449962840 0.561793762 0.589941880 0.490946347 0.491120445 0.489833143 0.493484637 0.485704423 0.417587409 0.417234646 0.418124260 0.455822472 0.424237297 0.483531030 0.687876753 0.482269092 0.545730017 0.505744790 0.495384271 0.495261219 0.493991255 0.491842485 0.553233821 0.569279784 0.825603437 
17     0.381417518 0.362858024 0.352277645 0.368632347 0.271393001 0.272513987 0.000000000 0.218418755 0.241772409 0.244144201 0.243631348 0.219368055 0.201593735 0.240368068 0.241774240 0.218521884 0.244245815 0.225744067 0.213529016 0.217312975 0.208521163 0.281593464 0.526641616 0.590241031 0.341603827 0.344940457 0.454361146 0.566505344 0.595758511 0.493033021 0.493117644 0.492040809 0.495960420 0.488263835 0.419987176 0.419325001 0.418375697 0.458710648 0.423287993 0.482368513 0.690299672 0.482060532 0.546316572 0.504804045 0.494399938 0.495094074 0.493453569 0.493093086 0.553970747 0.570600930 0.825135625 
7     0.353747393 0.334600876 0.320919206 0.337838671 0.243332699 0.244380413 0.218418755 0.000000000 0.112872423 0.162732588 0.162043492 0.136786855 0.120024817 0.157783821 0.159430586 0.136839930 0.218203655 0.201134095 0.187913974 0.191825599 0.182323778 0.251596472 0.501153712 0.566842351 0.314865439 0.316029824 0.425810678 0.536913989 0.566670261 0.468517835 0.468607381 0.467417395 0.470981976 0.462924213 0.393225947 0.392606937 0.391437212 0.429862037 0.398928655 0.458516958 0.664196005 0.458701076 0.523517121 0.480958444 0.471287865 0.471261480 0.468683032 0.468247832 0.529831170 0.547807406 0.807573380 
24     0.376266434 0.357941968 0.344745445 0.361385611 0.267223245 0.268246284 0.241772409 0.112872423 0.000000000 0.186001752 0.185214449 0.160451492 0.143467385 0.181999269 0.184224203 0.160664333 0.240389981 0.223001111 0.210289777 0.214310100 0.205141358 0.275202561 0.520386697 0.585898086 0.336250683 0.338050338 0.449190465 0.559262459 0.590043761 0.490805838 0.490895384 0.489705398 0.493269979 0.485114269 0.413717070 0.413276690 0.412533484 0.451996453 0.420442069 0.480454908 0.686422478 0.479603079 0.544686804 0.502166754 0.492786767 0.492768447 0.490318212 0.489715608 0.551055289 0.568966598 0.824209880 
26     0.381642191 0.362780341 0.349787022 0.366023130 0.269772576 0.270835034 0.244144201 0.162732588 0.186001752 0.000000000 0.068728815 0.103000241 0.121367227 0.183397323 0.184704684 0.160782114 0.241824716 0.225183307 0.210086429 0.214258292 0.206257355 0.277623726 0.527023502 0.590992152 0.341325586 0.343614339 0.454956686 0.566397750 0.594912139 0.491224364 0.491313676 0.490123690 0.493699813 0.486119721 0.414752628 0.414024251 0.414996898 0.451935311 0.419515653 0.483420032 0.688196331 0.481516895 0.545478577 0.503529894 0.493698963 0.493653720 0.491626639 0.490640240 0.552026139 0.569894479 0.830772475 
8     0.380945383 0.362082317 0.349003704 0.365327459 0.268746857 0.269809315 0.243631348 0.162043492 0.185214449 0.068728815 0.000000000 0.102462445 0.119816062 0.182632091 0.184186586 0.160325450 0.241192097 0.224492138 0.209431688 0.213618116 0.205586516 0.276578870 0.526625745 0.590594395 0.340944899 0.343216582 0.454721409 0.566000739 0.594515437 0.490809153 0.490898465 0.489708479 0.493266217 0.485704511 0.414263844 0.413535467 0.414728020 0.451562723 0.419368937 0.483177520 0.687803544 0.481106880 0.545163918 0.503163061 0.493332130 0.493286887 0.491250773 0.490251523 0.551681181 0.569527645 0.830375192 
3     0.356738121 0.337494399 0.325232824 0.341381819 0.244729885 0.245792343 0.219368055 0.136786855 0.160451492 0.103000241 0.102462445 0.000000000 0.095761333 0.157424702 0.158977865 0.135510275 0.216600639 0.200468576 0.186027181 0.190242401 0.181113031 0.253230434 0.503117292 0.567863997 0.316872558 0.318847609 0.430660285 0.542190243 0.570566440 0.470853546 0.470943092 0.469753106 0.473314737 0.465505515 0.394107388 0.393379046 0.393335003 0.432122432 0.399462546 0.460453580 0.667122555 0.459817519 0.523736506 0.482097445 0.472759894 0.472714651 0.470838275 0.469942783 0.531292909 0.548953221 0.808915072 
16     0.336815884 0.317717292 0.305332820 0.322075606 0.226552473 0.227607258 0.201593735 0.120024817 0.143467385 0.121367227 0.119816062 0.095761333 0.000000000 0.140229569 0.142744959 0.120707217 0.199305310 0.182334135 0.168433078 0.172878666 0.161910376 0.235736957 0.479956087 0.546355057 0.296043250 0.298692477 0.408986994 0.517513287 0.545544764 0.449058660 0.449148207 0.447958220 0.451509435 0.443293948 0.373643041 0.373115816 0.372459322 0.410540859 0.379394986 0.439835038 0.646260224 0.440612816 0.504039323 0.461533767 0.452146624 0.452162016 0.449888887 0.449326975 0.511503187 0.528814013 0.788621044 
22     0.376922825 0.357900700 0.344977834 0.361188423 0.265717896 0.266780631 0.240368068 0.157783821 0.181999269 0.183397323 0.182632091 0.157424702 0.140229569 0.000000000 0.072076764 0.133197333 0.237624248 0.221285737 0.207844661 0.211797162 0.201918447 0.275496788 0.523008690 0.588652633 0.337038760 0.339436916 0.450689763 0.562610662 0.591488182 0.491301102 0.491390648 0.490200662 0.493775551 0.485480362 0.414430955 0.413700035 0.413811644 0.452798796 0.421236224 0.479166979 0.684715606 0.479013004 0.545500324 0.500431727 0.490925248 0.490880005 0.488435336 0.488286391 0.549084710 0.566638447 0.826956213 
6     0.378738530 0.359716406 0.346929949 0.363107844 0.268174140 0.269236874 0.241774240 0.159430586 0.184224203 0.184704684 0.184186586 0.158977865 0.142744959 0.072076764 0.000000000 0.136443332 0.238449735 0.222865573 0.209530717 0.213512738 0.204057624 0.277502927 0.524396355 0.589615642 0.339309542 0.341595175 0.452812328 0.564626437 0.593597613 0.492889823 0.492979369 0.491789383 0.495364272 0.487068760 0.416174480 0.415416516 0.415442047 0.454416938 0.422811979 0.480353919 0.686328222 0.480547491 0.547141184 0.502002646 0.492496167 0.492450924 0.490049103 0.489824897 0.550976175 0.568640708 0.828885466 
11     0.355320029 0.336071897 0.325312926 0.342002361 0.244411023 0.245457857 0.218521884 0.136839930 0.160664333 0.160782114 0.160325450 0.135510275 0.120707217 0.133197333 0.136443332 0.000000000 0.215392261 0.199054789 0.183667172 0.187967124 0.181711410 0.253253829 0.498731356 0.563176432 0.313336157 0.315773951 0.428176077 0.539931900 0.569240164 0.468952551 0.469041581 0.467852825 0.471427714 0.463691224 0.391325374 0.390640914 0.390863706 0.428873079 0.398337078 0.459029421 0.665209522 0.458572241 0.523195084 0.481793867 0.472855416 0.472093425 0.469849783 0.469452957 0.530521259 0.548471494 0.806233571 
14     0.378744775 0.359508145 0.346482676 0.363635582 0.269584463 0.270728300 0.244245815 0.218203655 0.240389981 0.241824716 0.241192097 0.216600639 0.199305310 0.237624248 0.238449735 0.215392261 0.000000000 0.148446458 0.147629060 0.151556199 0.181561963 0.278012299 0.524872067 0.589317578 0.337008200 0.341524377 0.452876965 0.561549852 0.591365107 0.492984733 0.492974528 0.491784542 0.495270283 0.487265217 0.418135056 0.417585609 0.417247606 0.455997716 0.423097325 0.484304295 0.690213043 0.483719972 0.546859539 0.506783504 0.496832112 0.496816683 0.494690616 0.494932479 0.555564545 0.572417572 0.827574139 
29     0.359548397 0.340297770 0.329723770 0.345904934 0.252818537 0.253912776 0.225744067 0.201134095 0.223001111 0.225183307 0.224492138 0.200468576 0.182334135 0.221285737 0.222865573 0.199054789 0.148446458 0.000000000 0.131676685 0.135027598 0.163763288 0.260708087 0.503887709 0.569158464 0.316872595 0.320516276 0.431904305 0.541774028 0.572387530 0.470975248 0.471064794 0.469874808 0.473225696 0.465919425 0.397128142 0.396727045 0.395992694 0.433159122 0.400550666 0.461974448 0.667958388 0.462259117 0.524853010 0.483614954 0.473474085 0.474043975 0.471382900 0.471559874 0.531046001 0.548794771 0.803487118 
9     0.349365159 0.329625927 0.318692723 0.334632734 0.239179176 0.240132505 0.213529016 0.187913974 0.210289777 0.210086429 0.209431688 0.186027181 0.168433078 0.207844661 0.209530717 0.183667172 0.147629060 0.131676685 0.000000000 0.045090753 0.152709799 0.248801840 0.491500809 0.556981932 0.304141739 0.308131372 0.421402527 0.532381348 0.562042890 0.460145859 0.460235405 0.459045419 0.462787287 0.454675663 0.382405724 0.383497215 0.382984335 0.422810294 0.389187961 0.448949372 0.655147713 0.447339431 0.507570431 0.467786903 0.458455839 0.458463145 0.456669127 0.455440210 0.515960802 0.532710645 0.797715964 
21     0.352935123 0.333000280 0.322110937 0.338050947 0.242909785 0.244014067 0.217312975 0.191825599 0.214310100 0.214258292 0.213618116 0.190242401 0.172878666 0.211797162 0.213512738 0.187967124 0.151556199 0.135027598 0.045090753 0.000000000 0.156327000 0.253232436 0.493886415 0.559269728 0.307031668 0.311025075 0.423985481 0.535229704 0.564651591 0.462058894 0.462170842 0.460958454 0.464722724 0.456639920 0.384752809 0.385844513 0.385315321 0.425504602 0.391541246 0.451429797 0.657783505 0.450019598 0.508728233 0.469891910 0.460560150 0.460567455 0.458773438 0.457454852 0.518015786 0.534319460 0.800285362 
18     0.345714633 0.326943652 0.314462570 0.330566877 0.234351177 0.235790288 0.208521163 0.182323778 0.205141358 0.206257355 0.205586516 0.181113031 0.161910376 0.201918447 0.204057624 0.181711410 0.181561963 0.163763288 0.152709799 0.156327000 0.000000000 0.246248633 0.486707877 0.551367256 0.302565129 0.305251435 0.418682714 0.529775247 0.556744435 0.455677514 0.455767061 0.454577074 0.458298238 0.450553537 0.381466740 0.380772515 0.381391316 0.417358169 0.384772597 0.447018681 0.653841527 0.446756454 0.510198706 0.468487479 0.458274458 0.458291963 0.456875132 0.456845752 0.516315079 0.533267119 0.792487992 
28     0.394090702 0.374367730 0.364293998 0.380491774 0.284786110 0.285493546 0.281593464 0.251596472 0.275202561 0.277623726 0.276578870 0.253230434 0.235736957 0.275496788 0.277502927 0.253253829 0.278012299 0.260708087 0.248801840 0.253232436 0.246248633 0.000000000 0.543776158 0.609734552 0.357881080 0.361015379 0.471252150 0.579574464 0.608948131 0.510704769 0.511390008 0.510207490 0.513680183 0.505393501 0.435558367 0.434962421 0.435885850 0.475531665 0.441480666 0.500415517 0.707894353 0.500964787 0.561042986 0.522683697 0.512385731 0.512881376 0.510312232 0.509265058 0.571637795 0.588895491 0.848836159 
5     0.555562789 0.534078666 0.529243866 0.544794915 0.525752348 0.525926490 0.526641616 0.501153712 0.520386697 0.527023502 0.526625745 0.503117292 0.479956087 0.523008690 0.524396355 0.498731356 0.524872067 0.503887709 0.491500809 0.493886415 0.486707877 0.543776158 0.000000000 0.431206662 0.413772920 0.418036781 0.526958235 0.643851668 0.670562155 0.569332765 0.569422311 0.568232325 0.571748486 0.563806494 0.493023624 0.492378873 0.494144328 0.532531842 0.495585449 0.559447573 0.764382836 0.555793101 0.621992165 0.581808530 0.572081461 0.571261163 0.569101856 0.566357230 0.627468060 0.647312998 0.901366464 
25     0.624488668 0.606645857 0.597161316 0.612400769 0.591072004 0.591158793 0.590241031 0.566842351 0.585898086 0.590992152 0.590594395 0.567863997 0.546355057 0.588652633 0.589615642 0.563176432 0.589317578 0.569158464 0.556981932 0.559269728 0.551367256 0.609734552 0.431206662 0.000000000 0.478402655 0.483932669 0.591720386 0.710485206 0.737082768 0.635327716 0.635417263 0.634322849 0.637734289 0.629824063 0.561897650 0.561212945 0.563278119 0.596394005 0.565816051 0.627842155 0.836248733 0.625235553 0.691770509 0.650879774 0.640884266 0.640370475 0.638382724 0.637320992 0.701430625 0.718240035 0.964741325 
19     0.371293479 0.353082952 0.342377133 0.357580726 0.338432923 0.338939478 0.341603827 0.314865439 0.336250683 0.341325586 0.340944899 0.316872558 0.296043250 0.337038760 0.339309542 0.313336157 0.337008200 0.316872595 0.304141739 0.307031668 0.302565129 0.357881080 0.413772920 0.478402655 0.000000000 0.088812862 0.347722408 0.461495146 0.490670452 0.386331825 0.386450280 0.385228128 0.388273763 0.380040367 0.309369229 0.308723737 0.310363912 0.349745945 0.314417794 0.374041141 0.578858759 0.371141575 0.441814733 0.397607293 0.387593956 0.387022662 0.385890535 0.384459620 0.451412497 0.467109842 0.727891081 
2     0.375683868 0.357656595 0.347008942 0.362234619 0.341845985 0.342336300 0.344940457 0.316029824 0.338050338 0.343614339 0.343216582 0.318847609 0.298692477 0.339436916 0.341595175 0.315773951 0.341524377 0.320516276 0.308131372 0.311025075 0.305251435 0.361015379 0.418036781 0.483932669 0.088812862 0.000000000 0.352238340 0.464274739 0.493229508 0.389285487 0.389424515 0.388185048 0.391080505 0.383414768 0.314917376 0.314287322 0.315411034 0.354609024 0.319885532 0.380734585 0.586903815 0.379926218 0.447189519 0.403273083 0.393329022 0.392782411 0.390673261 0.389142391 0.456618267 0.471823313 0.730980672 
27     0.486467812 0.467577554 0.456757487 0.471975549 0.449676069 0.449962840 0.454361146 0.425810678 0.449190465 0.454956686 0.454721409 0.430660285 0.408986994 0.450689763 0.452812328 0.428176077 0.452876965 0.431904305 0.421402527 0.423985481 0.418682714 0.471252150 0.526958235 0.591720386 0.347722408 0.352238340 0.000000000 0.434320369 0.465209205 0.462525995 0.462615542 0.461427339 0.464614874 0.456942868 0.388676706 0.388162763 0.386978093 0.427021820 0.387637049 0.454656014 0.660522811 0.449338579 0.518410892 0.477315314 0.467453085 0.466878416 0.464861549 0.462947875 0.530297699 0.544672205 0.799386901 
20     0.596817558 0.580058839 0.569582417 0.585685367 0.561572589 0.561793762 0.566505344 0.536913989 0.559262459 0.566397750 0.566000739 0.542190243 0.517513287 0.562610662 0.564626437 0.539931900 0.561549852 0.541774028 0.532381348 0.535229704 0.529775247 0.579574464 0.643851668 0.710485206 0.461495146 0.464274739 0.434320369 0.000000000 0.225600446 0.571212422 0.571289692 0.570136762 0.573166023 0.563855065 0.500825362 0.500606669 0.500052136 0.543216317 0.497266564 0.560728809 0.771866630 0.560647362 0.633903511 0.585616703 0.576123514 0.575261937 0.574067997 0.570459942 0.637204297 0.653756915 0.911668130 
15     0.624764636 0.607631385 0.597408785 0.612303514 0.590010028 0.589941880 0.595758511 0.566670261 0.590043761 0.594912139 0.594515437 0.570566440 0.545544764 0.591488182 0.593597613 0.569240164 0.591365107 0.572387530 0.562042890 0.564651591 0.556744435 0.608948131 0.670562155 0.737082768 0.490670452 0.493229508 0.465209205 0.225600446 0.000000000 0.603531127 0.603620673 0.602432470 0.605381517 0.596320088 0.530407006 0.530195693 0.530657189 0.574409888 0.526644014 0.592153662 0.802342248 0.589152706 0.662972296 0.614478718 0.604623857 0.603928586 0.604252650 0.600219963 0.667281636 0.682492938 0.938495381 
37     0.521912805 0.502896815 0.491513025 0.506458123 0.490747073 0.490946347 0.493033021 0.468517835 0.490805838 0.491224364 0.490809153 0.470853546 0.449058660 0.491301102 0.492889823 0.468952551 0.492984733 0.470975248 0.460145859 0.462058894 0.455677514 0.510704769 0.569332765 0.635327716 0.386331825 0.389285487 0.462525995 0.571212422 0.603531127 0.000000000 0.048188631 0.046698570 0.072377605 0.078793418 0.348898395 0.347602142 0.350545724 0.388654883 0.348974815 0.430821248 0.632529721 0.425285365 0.491395467 0.449177001 0.439693910 0.438474446 0.437358087 0.435991451 0.503248330 0.517276771 0.832634908 
32     0.521985848 0.502950374 0.491602571 0.506547670 0.490921171 0.491120445 0.493117644 0.468607381 0.490895384 0.491313676 0.490898465 0.470943092 0.449148207 0.491390648 0.492979369 0.469041581 0.492974528 0.471064794 0.460235405 0.462170842 0.455767061 0.511390008 0.569422311 0.635417263 0.386450280 0.389424515 0.462615542 0.571289692 0.603620673 0.048188631 0.000000000 0.049741152 0.070361668 0.078816938 0.348987942 0.347691688 0.350618805 0.388744429 0.349059438 0.430910794 0.632630762 0.425363640 0.491260386 0.449266547 0.439783456 0.438563992 0.437387359 0.436080998 0.503355328 0.517334903 0.832730233 
36     0.520795862 0.501759839 0.490412585 0.505357683 0.489633869 0.489833143 0.492040809 0.467417395 0.489705398 0.490123690 0.489708479 0.469753106 0.447958220 0.490200662 0.491789383 0.467852825 0.491784542 0.469874808 0.459045419 0.460958454 0.454577074 0.510207490 0.568232325 0.634322849 0.385228128 0.388185048 0.461427339 0.570136762 0.602432470 0.046698570 0.049741152 0.000000000 0.072390983 0.080123468 0.347865573 0.346569319 0.349532264 0.387583868 0.347984829 0.429805561 0.631525529 0.424258408 0.490379781 0.448161315 0.438678224 0.437458760 0.436282127 0.434975765 0.502151255 0.516313074 0.831523365 
33     0.524080742 0.505056503 0.493680363 0.508625461 0.493285363 0.493484637 0.495960420 0.470981976 0.493269979 0.493699813 0.493266217 0.473314737 0.451509435 0.493775551 0.495364272 0.471427714 0.495270283 0.473225696 0.462787287 0.464722724 0.458298238 0.513680183 0.571748486 0.637734289 0.388273763 0.391080505 0.464614874 0.573166023 0.605381517 0.072377605 0.070361668 0.072390983 0.000000000 0.080996906 0.351371531 0.350143946 0.353026915 0.391258858 0.352104584 0.432937783 0.634423976 0.427899099 0.493335545 0.451226001 0.441773749 0.440526882 0.438721656 0.437907968 0.505601402 0.519112924 0.834286305 
40     0.516592225 0.497601851 0.485803066 0.500748164 0.485505149 0.485704423 0.488263835 0.462924213 0.485114269 0.486119721 0.485704511 0.465505515 0.443293948 0.485480362 0.487068760 0.463691224 0.487265217 0.465919425 0.454675663 0.456639920 0.450553537 0.505393501 0.563806494 0.629824063 0.380040367 0.383414768 0.456942868 0.563855065 0.596320088 0.078793418 0.078816938 0.080123468 0.080996906 0.000000000 0.342807930 0.341580345 0.345271314 0.383276598 0.343512409 0.425788840 0.627279229 0.420844819 0.485795638 0.443189779 0.433831833 0.432612369 0.431568121 0.429889970 0.497404878 0.511491103 0.826654193 
41     0.450259213 0.433063558 0.420478848 0.435732048 0.417383939 0.417587409 0.419987176 0.393225947 0.413717070 0.414752628 0.414263844 0.394107388 0.373643041 0.414430955 0.416174480 0.391325374 0.418135056 0.397128142 0.382405724 0.384752809 0.381466740 0.435558367 0.493023624 0.561897650 0.309369229 0.314917376 0.388676706 0.500825362 0.530407006 0.348898395 0.348987942 0.347865573 0.351371531 0.342807930 0.000000000 0.049016820 0.111091057 0.302354636 0.263891659 0.352925689 0.553472177 0.348479082 0.412920411 0.368737017 0.358518479 0.358419604 0.357212795 0.355260512 0.422706457 0.436542053 0.746232578 
35     0.448848118 0.431689461 0.419336663 0.434597255 0.416985784 0.417234646 0.419325001 0.392606937 0.413276690 0.414024251 0.413535467 0.393379046 0.373115816 0.413700035 0.415416516 0.390640914 0.417585609 0.396727045 0.383497215 0.385844513 0.380772515 0.434962421 0.492378873 0.561212945 0.308723737 0.314287322 0.388162763 0.500606669 0.530195693 0.347602142 0.347691688 0.346569319 0.350143946 0.341580345 0.049016820 0.000000000 0.109119590 0.301356088 0.262901981 0.351952507 0.552983571 0.348582541 0.413223401 0.369745534 0.359276677 0.359177556 0.357917113 0.355808445 0.424236792 0.437773563 0.745449750 
47     0.450153483 0.433143968 0.418910175 0.434668200 0.417875398 0.418124260 0.418375697 0.391437212 0.412533484 0.414996898 0.414728020 0.393335003 0.372459322 0.413811644 0.415442047 0.390863706 0.417247606 0.395992694 0.382984335 0.385315321 0.381391316 0.435885850 0.494144328 0.563278119 0.310363912 0.315411034 0.386978093 0.500052136 0.530657189 0.350545724 0.350618805 0.349532264 0.353026915 0.345271314 0.111091057 0.109119590 0.000000000 0.304942747 0.264572738 0.351784467 0.553925275 0.348059854 0.413108780 0.369798252 0.359257392 0.359230936 0.358195237 0.356137486 0.423635456 0.438061223 0.747518891 
34     0.490453061 0.472671167 0.458788371 0.473631564 0.456208746 0.455822472 0.458710648 0.429862037 0.451996453 0.451935311 0.451562723 0.432122432 0.410540859 0.452798796 0.454416938 0.428873079 0.455997716 0.433159122 0.422810294 0.425504602 0.417358169 0.475531665 0.532531842 0.596394005 0.349745945 0.354609024 0.427021820 0.543216317 0.574409888 0.388654883 0.388744429 0.387583868 0.391258858 0.383276598 0.302354636 0.301356088 0.304942747 0.000000000 0.294537464 0.391461163 0.595870880 0.390381580 0.455415350 0.411469965 0.401873767 0.401711621 0.399003127 0.397464106 0.466550998 0.480597582 0.783329802 
42     0.452677096 0.435103617 0.421710817 0.436942367 0.424220723 0.424237297 0.423287993 0.398928655 0.420442069 0.419515653 0.419368937 0.399462546 0.379394986 0.421236224 0.422811979 0.398337078 0.423097325 0.400550666 0.389187961 0.391541246 0.384772597 0.441480666 0.495585449 0.565816051 0.314417794 0.319885532 0.387637049 0.497266564 0.526644014 0.348974815 0.349059438 0.347984829 0.352104584 0.343512409 0.263891659 0.262901981 0.264572738 0.294537464 0.000000000 0.354236247 0.558249684 0.349624303 0.417163787 0.372001110 0.362782263 0.362446124 0.360269110 0.358284452 0.425420718 0.440509017 0.755463714 
43     0.518528504 0.501205668 0.488922492 0.504335314 0.483639453 0.483531030 0.482368513 0.458516958 0.480454908 0.483420032 0.483177520 0.460453580 0.439835038 0.479166979 0.480353919 0.459029421 0.484304295 0.461974448 0.448949372 0.451429797 0.447018681 0.500415517 0.559447573 0.627842155 0.374041141 0.380734585 0.454656014 0.560728809 0.592153662 0.430821248 0.430910794 0.429805561 0.432937783 0.425788840 0.352925689 0.351952507 0.351784467 0.391461163 0.354236247 0.000000000 0.482922671 0.285174294 0.424593595 0.371999186 0.362405271 0.362262464 0.362014610 0.356375005 0.429781990 0.445286504 0.826835299 
45     0.724198280 0.707358934 0.693306346 0.708114142 0.688064369 0.687876753 0.690299672 0.664196005 0.686422478 0.688196331 0.687803544 0.667122555 0.646260224 0.684715606 0.686328222 0.665209522 0.690213043 0.667958388 0.655147713 0.657783505 0.653841527 0.707894353 0.764382836 0.836248733 0.578858759 0.586903815 0.660522811 0.771866630 0.802342248 0.632529721 0.632630762 0.631525529 0.634423976 0.627279229 0.553472177 0.552983571 0.553925275 0.595870880 0.558249684 0.482922671 0.000000000 0.484100734 0.621732715 0.571875983 0.561023198 0.560915774 0.561445814 0.557951031 0.628216352 0.642394390 1.026082257 
49     0.514351892 0.497839179 0.484600916 0.499544125 0.482377515 0.482269092 0.482060532 0.458701076 0.479603079 0.481516895 0.481106880 0.459817519 0.440612816 0.479013004 0.480547491 0.458572241 0.483719972 0.462259117 0.447339431 0.450019598 0.446756454 0.500964787 0.555793101 0.625235553 0.371141575 0.379926218 0.449338579 0.560647362 0.589152706 0.425285365 0.425363640 0.424258408 0.427899099 0.420844819 0.348479082 0.348582541 0.348059854 0.390381580 0.349624303 0.285174294 0.484100734 0.000000000 0.420334358 0.370433007 0.360566728 0.360138102 0.359418922 0.356044739 0.424798119 0.441427439 0.816570587 
46     0.580962749 0.563963725 0.549350524 0.564422372 0.545172258 0.545730017 0.546316572 0.523517121 0.544686804 0.545478577 0.545163918 0.523736506 0.504039323 0.545500324 0.547141184 0.523195084 0.546859539 0.524853010 0.507570431 0.508728233 0.510198706 0.561042986 0.621992165 0.691770509 0.441814733 0.447189519 0.518410892 0.633903511 0.662972296 0.491395467 0.491260386 0.490379781 0.493335545 0.485795638 0.412920411 0.413223401 0.413108780 0.455415350 0.417163787 0.424593595 0.621732715 0.420334358 0.000000000 0.286073448 0.274676680 0.274172277 0.276626472 0.272016230 0.342592463 0.360851203 0.888281513 
50     0.541546124 0.524913282 0.510968073 0.525709408 0.505229799 0.505744790 0.504804045 0.480958444 0.502166754 0.503529894 0.503163061 0.482097445 0.461533767 0.500431727 0.502002646 0.481793867 0.506783504 0.483614954 0.467786903 0.469891910 0.468487479 0.522683697 0.581808530 0.650879774 0.397607293 0.403273083 0.477315314 0.585616703 0.614478718 0.449177001 0.449266547 0.448161315 0.451226001 0.443189779 0.368737017 0.369745534 0.369798252 0.411469965 0.372001110 0.371999186 0.571875983 0.370433007 0.286073448 0.000000000 0.056339049 0.058038919 0.097758260 0.137353761 0.253185127 0.268644308 0.840580183 
39     0.531557499 0.514815858 0.500809974 0.515572303 0.494869281 0.495384271 0.494399938 0.471287865 0.492786767 0.493698963 0.493332130 0.472759894 0.452146624 0.490925248 0.492496167 0.472855416 0.496832112 0.473474085 0.458455839 0.460560150 0.458274458 0.512385731 0.572081461 0.640884266 0.387593956 0.393329022 0.467453085 0.576123514 0.604623857 0.439693910 0.439783456 0.438678224 0.441773749 0.433831833 0.358518479 0.359276677 0.359257392 0.401873767 0.362782263 0.362405271 0.561023198 0.360566728 0.274676680 0.056339049 0.000000000 0.031276880 0.086780615 0.126625246 0.242491598 0.259316902 0.830716274 
44     0.531457845 0.514733355 0.500710320 0.515472649 0.494758881 0.495261219 0.495094074 0.471261480 0.492768447 0.493653720 0.493286887 0.472714651 0.452162016 0.490880005 0.492450924 0.472093425 0.496816683 0.474043975 0.458463145 0.460567455 0.458291963 0.512881376 0.571261163 0.640370475 0.387022662 0.392782411 0.466878416 0.575261937 0.603928586 0.438474446 0.438563992 0.437458760 0.440526882 0.432612369 0.358419604 0.359177556 0.359230936 0.401711621 0.362446124 0.362262464 0.560915774 0.360138102 0.274172277 0.058038919 0.031276880 0.000000000 0.088293482 0.126399549 0.242170870 0.259253048 0.830241014 
38     0.527674047 0.511051736 0.497137526 0.511921561 0.493314355 0.493991255 0.493453569 0.468683032 0.490318212 0.491626639 0.491250773 0.470838275 0.449888887 0.488435336 0.490049103 0.469849783 0.494690616 0.471382900 0.456669127 0.458773438 0.456875132 0.510312232 0.569101856 0.638382724 0.385890535 0.390673261 0.464861549 0.574067997 0.604252650 0.437358087 0.437387359 0.436282127 0.438721656 0.431568121 0.357212795 0.357917113 0.358195237 0.399003127 0.360269110 0.362014610 0.561445814 0.359418922 0.276626472 0.097758260 0.086780615 0.088293482 0.000000000 0.129406793 0.246068835 0.262200295 0.833220437 
31     0.528602960 0.511608285 0.497811115 0.512435342 0.491440673 0.491842485 0.493093086 0.468247832 0.489715608 0.490640240 0.490251523 0.469942783 0.449326975 0.488286391 0.489824897 0.469452957 0.494932479 0.471559874 0.455440210 0.457454852 0.456845752 0.509265058 0.566357230 0.637320992 0.384459620 0.389142391 0.462947875 0.570459942 0.600219963 0.435991451 0.436080998 0.434975765 0.437907968 0.429889970 0.355260512 0.355808445 0.356137486 0.397464106 0.358284452 0.356375005 0.557951031 0.356044739 0.272016230 0.137353761 0.126625246 0.126399549 0.129406793 0.000000000 0.240582164 0.255709137 0.831056380 
48     0.591692709 0.575317366 0.560503674 0.575588603 0.552828135 0.553233821 0.553970747 0.529831170 0.551055289 0.552026139 0.551681181 0.531292909 0.511503187 0.549084710 0.550976175 0.530521259 0.555564545 0.531046001 0.515960802 0.518015786 0.516315079 0.571637795 0.627468060 0.701430625 0.451412497 0.456618267 0.530297699 0.637204297 0.667281636 0.503248330 0.503355328 0.502151255 0.505601402 0.497404878 0.422706457 0.424236792 0.423635456 0.466550998 0.425420718 0.429781990 0.628216352 0.424798119 0.342592463 0.253185127 0.242491598 0.242170870 0.246068835 0.240582164 0.000000000 0.231112011 0.898939197 
30     0.605506986 0.588613156 0.574216973 0.588665921 0.568797195 0.569279784 0.570600930 0.547807406 0.568966598 0.569894479 0.569527645 0.548953221 0.528814013 0.566638447 0.568640708 0.548471494 0.572417572 0.548794771 0.532710645 0.534319460 0.533267119 0.588895491 0.647312998 0.718240035 0.467109842 0.471823313 0.544672205 0.653756915 0.682492938 0.517276771 0.517334903 0.516313074 0.519112924 0.511491103 0.436542053 0.437773563 0.438061223 0.480597582 0.440509017 0.445286504 0.642394390 0.441427439 0.360851203 0.268644308 0.259316902 0.259253048 0.262200295 0.255709137 0.231112011 0.000000000 0.911185974 
0     0.855897440 0.838209380 0.828437661 0.838718174 0.825289410 0.825603437 0.825135625 0.807573380 0.824209880 0.830772475 0.830375192 0.808915072 0.788621044 0.826956213 0.828885466 0.806233571 0.827574139 0.803487118 0.797715964 0.800285362 0.792487992 0.848836159 0.901366464 0.964741325 0.727891081 0.730980672 0.799386901 0.911668130 0.938495381 0.832634908 0.832730233 0.831523365 0.834286305 0.826654193 0.746232578 0.745449750 0.747518891 0.783329802 0.755463714 0.826835299 1.026082257 0.816570587 0.888281513 0.840580183 0.830716274 0.830241014 0.833220437 0.831056380 0.898939197 0.911185974 0.000000000 
