51
7     0.000000000 0.000060390 0.003289390 0.018024250 0.007242360 0.018551100 0.017438430 0.010902040 0.010408350 0.033936280 0.048701600 0.065931870 0.045995180 0.045917240 0.040000220 0.074017820 0.040281590 0.076117820 0.068846100 0.105069820 0.032643450 0.177305850 0.149918950 0.182203930 0.166296440 0.095638390 0.202339190 0.197230510 0.106435570 0.177973790 0.111890880 0.169918430 0.150396650 0.106550850 0.106333080 0.178802510 0.106878140 0.080023670 0.132610180 0.183144620 0.190969280 0.092091390 0.125058250 0.122895930 0.087041960 0.086787580 0.172684100 0.078267770 0.091004880 0.090437000 0.098207600 
8     0.000060390 0.000000000 0.000356450 0.006312640 0.007942050 0.011505280 0.006190890 0.004915250 0.002652250 0.006077550 0.041520400 0.059543420 0.038813980 0.038736040 0.040699910 0.067629370 0.023320770 0.069729370 0.062457650 0.084431220 0.023344790 0.155988690 0.129280350 0.152077200 0.154612690 0.089249940 0.193246570 0.188137890 0.100047120 0.195881250 0.105502430 0.181496430 0.144008200 0.100162400 0.099944630 0.151918860 0.100489690 0.073635220 0.126548280 0.153017890 0.160842550 0.085702940 0.118669800 0.116507480 0.080653510 0.080399130 0.154616630 0.071879320 0.084616430 0.084048550 0.077569000 
1     0.003289390 0.000356450 0.000000000 0.005739870 0.007252190 0.013686390 0.005618120 0.004453900 0.002190900 0.013088870 0.045162460 0.051647970 0.042456040 0.042378100 0.040010050 0.060101330 0.057893860 0.062201330 0.054929610 0.084930820 0.085676110 0.157166850 0.126647170 0.152429830 0.154965320 0.081721900 0.157966600 0.198888370 0.092519080 0.151337430 0.097974390 0.168234160 0.136480160 0.092634360 0.092416590 0.152271490 0.092961650 0.066107180 0.127975280 0.153370520 0.161195180 0.078174900 0.111141760 0.108979440 0.073125470 0.072871090 0.154969260 0.064351280 0.077088390 0.076520510 0.078068600 
3     0.018024250 0.006312640 0.005739870 0.000000000 0.000251760 0.007309860 0.000182970 0.006938690 0.004675690 0.015573660 0.068524100 0.074223320 0.052079420 0.081683810 0.074202070 0.099030750 0.110640830 0.202791690 0.066704150 0.067049730 0.067795020 0.139285760 0.111898860 0.156318070 0.128468650 0.054857850 0.204316890 0.198517410 0.196670850 0.165681560 0.148614280 0.170396840 0.191458050 0.181966480 0.178583480 0.167149250 0.092854070 0.048362640 0.162427310 0.162843000 0.169575590 0.145447580 0.163648230 0.167655660 0.175711760 0.177429190 0.167992750 0.196464630 0.110964040 0.069805660 0.060187510 
4     0.007242360 0.007942050 0.007252190 0.000251760 0.000000000 0.004367770 0.004234840 0.014831560 0.014337870 0.022708150 0.075863110 0.074639120 0.052495220 0.082099610 0.026533020 0.114829970 0.126440050 0.197912610 0.082503370 0.082848950 0.083594240 0.155084980 0.127698080 0.172117290 0.129315850 0.055273650 0.205076380 0.198120070 0.197430340 0.166097360 0.148754070 0.174440230 0.186578970 0.182396300 0.178915980 0.166751910 0.093269870 0.048778440 0.158496170 0.157963920 0.169178250 0.145863380 0.164064030 0.186807500 0.194863600 0.196581030 0.163113670 0.191585550 0.111379840 0.070221460 0.075986730 
6     0.018551100 0.011505280 0.013686390 0.007309860 0.004367770 0.000000000 0.000429380 0.014885210 0.012622210 0.017269390 0.034150080 0.085745250 0.031443660 0.031365720 0.079646290 0.091864790 0.103474870 0.198012190 0.059538190 0.059883770 0.060629060 0.132119800 0.083057420 0.083057490 0.085592980 0.175238550 0.198355280 0.188530290 0.195802340 0.206908980 0.166932950 0.170923690 0.197284310 0.151527180 0.151642900 0.082899150 0.149507400 0.083909630 0.084010080 0.083998180 0.091822840 0.157796670 0.188477070 0.085573570 0.085604650 0.087004360 0.085596920 0.085503520 0.121080310 0.098184750 0.053021550 
5     0.017438430 0.006190890 0.005618120 0.000182970 0.004234840 0.000429380 0.000000000 0.006816940 0.004553940 0.011119140 0.034227760 0.110308480 0.031521340 0.031443400 0.079939880 0.101759640 0.113369720 0.193267160 0.069433040 0.069778620 0.070523910 0.142014650 0.114627750 0.155420330 0.145673970 0.170089120 0.204961320 0.195136330 0.202408380 0.187488750 0.157537700 0.169811020 0.184161040 0.185935710 0.170331490 0.155261990 0.145888150 0.129438140 0.156078240 0.155545990 0.164185680 0.164402710 0.195083110 0.149911010 0.148476930 0.149592790 0.157959760 0.157866360 0.128140500 0.132948980 0.062916400 
10     0.010902040 0.004915250 0.004453900 0.006938690 0.014831560 0.014885210 0.006816940 0.000000000 0.000006480 0.002888390 0.001133370 0.007245760 0.002708420 0.002555690 0.001146800 0.031387440 0.031672820 0.110094660 0.085504460 0.048645100 0.048645890 0.058810510 0.004557930 0.004558000 0.007093490 0.029767740 0.167636830 0.165988830 0.144220650 0.198002730 0.160893660 0.176696660 0.147480770 0.073027690 0.073143410 0.004399660 0.100619630 0.005410140 0.005510590 0.005498690 0.013323350 0.165592230 0.181329110 0.007074080 0.007105160 0.008504870 0.007097430 0.007004030 0.042580820 0.019685260 0.078987820 
11     0.010408350 0.002652250 0.002190900 0.004675690 0.014337870 0.012622210 0.004553940 0.000006480 0.000000000 0.001523440 0.001697970 0.007810360 0.003273020 0.003120290 0.001711400 0.031952040 0.032237420 0.108623450 0.081722210 0.049209700 0.049210490 0.059375110 0.005122530 0.005122600 0.007658090 0.026003780 0.166100690 0.165671360 0.140456690 0.194238770 0.156009020 0.177261260 0.148045370 0.073592290 0.073708010 0.004964260 0.099148420 0.005974740 0.006075190 0.006063290 0.013887950 0.165274760 0.181011640 0.007638680 0.007669760 0.009069470 0.007662030 0.007568630 0.043145420 0.020249860 0.075205570 
15     0.033936280 0.006077550 0.013088870 0.015573660 0.022708150 0.017269390 0.011119140 0.002888390 0.001523440 0.000000000 0.082852300 0.101541390 0.040476410 0.088840900 0.075069050 0.160002620 0.131989720 0.145027900 0.124951440 0.132161240 0.132906530 0.190759580 0.155753160 0.213382490 0.209220100 0.068991770 0.192805510 0.189219270 0.183444680 0.197600760 0.158527970 0.171272250 0.173034230 0.140465350 0.122092230 0.153530190 0.097648890 0.092572400 0.217218750 0.169140700 0.166569510 0.181781500 0.185173890 0.166890210 0.180474060 0.152297200 0.160491410 0.157234230 0.154485370 0.149607060 0.125299020 
12     0.048701600 0.041520400 0.045162460 0.068524100 0.075863110 0.034150080 0.034227760 0.001133370 0.001697970 0.082852300 0.000000000 0.001278600 0.001575050 0.001422320 0.000013430 0.032419890 0.032705270 0.070717980 0.042223070 0.042568650 0.043313940 0.059842960 0.005590380 0.005590450 0.008125940 0.059427060 0.110150410 0.121568700 0.103256530 0.115719860 0.099895330 0.100253410 0.102424920 0.074060140 0.074175860 0.005432110 0.078380600 0.006442590 0.006543040 0.006531140 0.014355800 0.084334790 0.075346950 0.008106530 0.008137610 0.009537320 0.008129880 0.008036480 0.043613270 0.020717710 0.029295580 
2     0.065931870 0.059543420 0.051647970 0.074223320 0.074639120 0.085745250 0.110308480 0.007245760 0.007810360 0.101541390 0.001278600 0.000000000 0.005998020 0.005845290 0.005482120 0.038532280 0.038817660 0.070420580 0.066893310 0.055789940 0.055790730 0.065955350 0.011702770 0.011702840 0.014238330 0.058203070 0.109853010 0.143648640 0.104482780 0.138905430 0.085786090 0.112690910 0.088315680 0.080172530 0.080288250 0.011544500 0.096199290 0.012554980 0.012655430 0.012643530 0.020468190 0.070225550 0.123105460 0.014218920 0.014250000 0.015649710 0.014242270 0.014148870 0.049725660 0.026830100 0.088024540 
14     0.045995180 0.038813980 0.042456040 0.052079420 0.052495220 0.031443660 0.031521340 0.002708420 0.003273020 0.040476410 0.001575050 0.005998020 0.000000000 0.000101560 0.001570760 0.033994940 0.034280320 0.135460870 0.109747700 0.051252600 0.051253390 0.061418010 0.007165430 0.007165500 0.009700990 0.036059170 0.098789790 0.103788170 0.097406250 0.146882880 0.091326210 0.118231030 0.093855800 0.075635190 0.075750910 0.007007160 0.074055390 0.008017640 0.008118090 0.008106190 0.015930850 0.075765670 0.131430160 0.009681580 0.009712660 0.011112370 0.009704930 0.009611530 0.045188320 0.022292760 0.066837260 
13     0.045917240 0.038736040 0.042378100 0.081683810 0.082099610 0.031365720 0.031443400 0.002555690 0.003120290 0.088840900 0.001422320 0.005845290 0.000101560 0.000000000 0.001418030 0.033842210 0.034127590 0.139796200 0.054068600 0.051099870 0.051100660 0.061265280 0.007012700 0.007012770 0.009548260 0.065663560 0.106482840 0.111481220 0.105099300 0.136073790 0.089965800 0.118177730 0.084687860 0.040661940 0.041861630 0.006854430 0.047227090 0.007864910 0.007965360 0.007953460 0.015778120 0.048421260 0.034219220 0.009528850 0.009559930 0.010959640 0.009552200 0.009458800 0.045035590 0.022140030 0.093511360 
9     0.040000220 0.040699910 0.040010050 0.074202070 0.026533020 0.079646290 0.079939880 0.001146800 0.001711400 0.075069050 0.000013430 0.005482120 0.001570760 0.001418030 0.000000000 0.032433320 0.032718700 0.074910700 0.063513550 0.049690980 0.049691770 0.059856390 0.005603810 0.005603880 0.008139370 0.069125960 0.075953340 0.080951720 0.074569800 0.088622810 0.053080760 0.077680570 0.094132810 0.050106890 0.051306580 0.005445540 0.056672040 0.006456020 0.006556470 0.006544570 0.014369230 0.057866210 0.043664170 0.008119960 0.008151040 0.009550750 0.008143310 0.008049910 0.043626700 0.020731140 0.075505140 
40     0.074017820 0.067629370 0.060101330 0.099030750 0.114829970 0.091864790 0.101759640 0.031387440 0.031952040 0.160002620 0.032419890 0.038532280 0.033994940 0.033842210 0.032433320 0.000000000 0.000285380 0.000865240 0.001344100 0.001329380 0.019742830 0.023320880 0.001535810 0.023914140 0.009240490 0.054178110 0.093949380 0.095834910 0.058463710 0.056387670 0.060330760 0.074584300 0.055593990 0.065090570 0.054675790 0.026997160 0.056642880 0.028007640 0.028108090 0.028096190 0.035920850 0.050631110 0.083597970 0.029671580 0.029702660 0.031102370 0.029694930 0.029601530 0.040527940 0.025111840 0.061944720 
44     0.040281590 0.023320770 0.057893860 0.110640830 0.126440050 0.103474870 0.113369720 0.031672820 0.032237420 0.131989720 0.032705270 0.038817660 0.034280320 0.034127590 0.032718700 0.000285380 0.000000000 0.000402870 0.018840230 0.020027420 0.020028210 0.030192830 0.022924050 0.027424260 0.029959750 0.051970640 0.152972440 0.152208610 0.062767820 0.128306590 0.064636280 0.082879560 0.076982230 0.062883100 0.062665330 0.027282540 0.063210390 0.028293020 0.028393470 0.028381570 0.036206230 0.048423640 0.081390500 0.029956960 0.029988040 0.031387750 0.029980310 0.029886910 0.047337130 0.042568140 0.073554800 
42     0.076117820 0.069729370 0.062201330 0.202791690 0.197912610 0.198012190 0.193267160 0.110094660 0.108623450 0.145027900 0.070717980 0.070420580 0.135460870 0.139796200 0.074910700 0.000865240 0.000402870 0.000000000 0.023147700 0.036659730 0.039253900 0.048801190 0.057819030 0.067751210 0.058543040 0.056278110 0.155403660 0.158475050 0.067075290 0.084778330 0.021108020 0.039351300 0.041543060 0.067190570 0.066972800 0.027246350 0.067517860 0.040663390 0.071641870 0.155305440 0.160359580 0.052731110 0.085697970 0.056654050 0.047681680 0.047427300 0.020476090 0.038907490 0.027947430 0.028983120 0.191093980 
19     0.068846100 0.062457650 0.054929610 0.066704150 0.082503370 0.059538190 0.069433040 0.085504460 0.081722210 0.124951440 0.042223070 0.066893310 0.109747700 0.054068600 0.063513550 0.001344100 0.018840230 0.023147700 0.000000000 0.000346160 0.001091450 0.005190170 0.002211470 0.024589800 0.009916150 0.043934530 0.073613870 0.075499400 0.038128200 0.036052160 0.061006420 0.075259960 0.056269650 0.059918850 0.055351450 0.032268090 0.036307370 0.033391670 0.068879200 0.098761250 0.100880590 0.045459390 0.078426250 0.053891380 0.040409960 0.040155580 0.052904930 0.031635770 0.041203600 0.025787500 0.029618120 
17     0.105069820 0.084431220 0.084930820 0.067049730 0.082848950 0.059883770 0.069778620 0.048645100 0.049209700 0.132161240 0.042568650 0.055789940 0.051252600 0.051099870 0.049690980 0.001329380 0.020027420 0.036659730 0.000346160 0.000000000 0.000221170 0.004711050 0.002196750 0.024575080 0.009901430 0.081831250 0.111333500 0.116331880 0.100161810 0.098085770 0.060991700 0.075245240 0.056254930 0.095480720 0.055336730 0.032253370 0.063489380 0.045265300 0.045365750 0.045353850 0.053178510 0.098796480 0.089038000 0.046929240 0.046960320 0.048360030 0.046952590 0.036396760 0.041188880 0.025772780 0.029963700 
24     0.032643450 0.023344790 0.085676110 0.067795020 0.083594240 0.060629060 0.070523910 0.048645890 0.049210490 0.132906530 0.043313940 0.055790730 0.051253390 0.051100660 0.049691770 0.019742830 0.020028210 0.039253900 0.001091450 0.000221170 0.000000000 0.008799330 0.032288160 0.044397330 0.039312000 0.039865490 0.069544830 0.071430360 0.034059160 0.031983120 0.086892080 0.105336650 0.086346340 0.092693130 0.085428140 0.044255610 0.032238330 0.045266090 0.045366540 0.045354640 0.053179300 0.100452450 0.086250410 0.037423010 0.035988930 0.037104790 0.037408790 0.019872940 0.036199940 0.034579680 0.030708990 
35     0.177305850 0.155988690 0.157166850 0.139285760 0.155084980 0.132119800 0.142014650 0.058810510 0.059375110 0.190759580 0.059842960 0.065955350 0.061418010 0.061265280 0.059856390 0.023320880 0.030192830 0.048801190 0.005190170 0.004711050 0.008799330 0.000000000 0.024188250 0.046566580 0.031892930 0.052702470 0.082381810 0.084267340 0.046896140 0.044820100 0.082983200 0.097236740 0.078246430 0.116008870 0.077328230 0.054244870 0.045075310 0.055430710 0.055531160 0.055519260 0.063343920 0.120787980 0.109566150 0.057094650 0.057125730 0.058525440 0.057118000 0.057024600 0.055703090 0.045134570 0.087528900 
30     0.149918950 0.129280350 0.126647170 0.111898860 0.127698080 0.083057420 0.114627750 0.004557930 0.005122530 0.155753160 0.005590380 0.011702770 0.007165430 0.007012700 0.005603810 0.001535810 0.022924050 0.057819030 0.002211470 0.002196750 0.032288160 0.024188250 0.000000000 0.000000070 0.000737130 0.080450780 0.107644110 0.119559690 0.116353680 0.092136060 0.030243280 0.058570640 0.054874460 0.058066970 0.043171080 0.000167650 0.062108910 0.001178130 0.001278580 0.001266680 0.009091340 0.097416010 0.097285710 0.002842070 0.002873150 0.004272860 0.002865420 0.002772020 0.006062470 0.004442210 0.064156930 
18     0.182203930 0.152077200 0.152429830 0.156318070 0.172117290 0.083057490 0.155420330 0.004558000 0.005122600 0.213382490 0.005590450 0.011702840 0.007165500 0.007012770 0.005603880 0.023914140 0.027424260 0.067751210 0.024589800 0.024575080 0.044397330 0.046566580 0.000000070 0.000000000 0.000637330 0.102542950 0.110384230 0.112617430 0.112693620 0.120470630 0.081703400 0.095956940 0.076966630 0.068795750 0.068911470 0.000167720 0.084201080 0.001178200 0.001278650 0.001266750 0.009091410 0.119508180 0.119377880 0.002842140 0.002873220 0.004272930 0.002865490 0.002772090 0.038348880 0.015453320 0.086249100 
22     0.166296440 0.154612690 0.154965320 0.128468650 0.129315850 0.085592980 0.145673970 0.007093490 0.007658090 0.209220100 0.008125940 0.014238330 0.009700990 0.009548260 0.008139370 0.009240490 0.029959750 0.058543040 0.009916150 0.009901430 0.039312000 0.031892930 0.000737130 0.000637330 0.000000000 0.087869300 0.108368120 0.128828350 0.130488280 0.092860070 0.067029750 0.081283290 0.062292980 0.071331240 0.061374780 0.002703210 0.069527430 0.003713690 0.003814140 0.003802240 0.011626900 0.095343970 0.104704230 0.005377630 0.005408710 0.006808420 0.005400980 0.005307580 0.006786480 0.005166220 0.071575450 
28     0.095638390 0.089249940 0.081721900 0.054857850 0.055273650 0.175238550 0.170089120 0.029767740 0.026003780 0.068991770 0.059427060 0.058203070 0.036059170 0.065663560 0.069125960 0.054178110 0.051970640 0.056278110 0.043934530 0.081831250 0.039865490 0.052702470 0.080450780 0.102542950 0.087869300 0.000000000 0.005525100 0.004794000 0.013295500 0.000069290 0.023614800 0.078613080 0.076860840 0.032164090 0.006300680 0.022129920 0.023603980 0.007338890 0.038340480 0.072860720 0.088717240 0.053540600 0.060636180 0.061093390 0.048491170 0.048236790 0.052776000 0.039716980 0.041438750 0.043341680 0.103723430 
25     0.202339190 0.193246570 0.157966600 0.204316890 0.205076380 0.198355280 0.204961320 0.167636830 0.166100690 0.192805510 0.110150410 0.109853010 0.098789790 0.106482840 0.075953340 0.093949380 0.152972440 0.155403660 0.073613870 0.111333500 0.069544830 0.082381810 0.107644110 0.110384230 0.108368120 0.005525100 0.000000000 0.000199850 0.002938940 0.002412410 0.066150910 0.068572770 0.072798620 0.075875240 0.072600550 0.039285320 0.064163320 0.041013340 0.045167860 0.082459520 0.075104560 0.076060670 0.082514150 0.067920770 0.070029270 0.075996940 0.059603380 0.098505520 0.025058230 0.059833120 0.132262630 
33     0.197230510 0.188137890 0.198888370 0.198517410 0.198120070 0.188530290 0.195136330 0.165988830 0.165671360 0.189219270 0.121568700 0.143648640 0.103788170 0.111481220 0.080951720 0.095834910 0.152208610 0.158475050 0.075499400 0.116331880 0.071430360 0.084267340 0.119559690 0.112617430 0.128828350 0.004794000 0.000199850 0.000000000 0.000038000 0.010023460 0.062985150 0.065339890 0.074964140 0.059186000 0.074833750 0.039213380 0.062009180 0.034462620 0.050166240 0.075908800 0.068553840 0.081059050 0.075963430 0.072919150 0.075027650 0.080995320 0.064601760 0.096441450 0.024986290 0.053282400 0.130614630 
23     0.106435570 0.100047120 0.092519080 0.196670850 0.197430340 0.195802340 0.202408380 0.144220650 0.140456690 0.183444680 0.103256530 0.104482780 0.097406250 0.105099300 0.074569800 0.058463710 0.062767820 0.067075290 0.038128200 0.100161810 0.034059160 0.046896140 0.116353680 0.112693620 0.130488280 0.013295500 0.002938940 0.000038000 0.000000000 0.002614200 0.063179350 0.073022330 0.071164380 0.057839320 0.057621550 0.035413620 0.028677650 0.049998110 0.043784320 0.091131530 0.093591940 0.064337780 0.097304640 0.066537230 0.059288350 0.059033970 0.058219840 0.050514160 0.021186530 0.011907400 0.158653320 
27     0.177973790 0.195881250 0.151337430 0.165681560 0.166097360 0.206908980 0.187488750 0.198002730 0.194238770 0.197600760 0.115719860 0.138905430 0.146882880 0.136073790 0.088622810 0.056387670 0.128306590 0.084778330 0.036052160 0.098085770 0.031983120 0.044820100 0.092136060 0.120470630 0.092860070 0.000069290 0.002412410 0.010023460 0.002614200 0.000000000 0.064074920 0.066429660 0.082885020 0.027302410 0.056130040 0.019960960 0.026601610 0.047922070 0.064579040 0.089055490 0.091515900 0.062039590 0.055774500 0.087250130 0.059361790 0.062030340 0.082004870 0.087689320 0.037229390 0.059531500 0.098861750 
47     0.111890880 0.105502430 0.097974390 0.148614280 0.148754070 0.166932950 0.157537700 0.160893660 0.156009020 0.158527970 0.099895330 0.085786090 0.091326210 0.089965800 0.053080760 0.060330760 0.064636280 0.021108020 0.061006420 0.060991700 0.086892080 0.082983200 0.030243280 0.081703400 0.067029750 0.023614800 0.066150910 0.062985150 0.063179350 0.064074920 0.000000000 0.001236210 0.004601450 0.012384070 0.000430760 0.002259860 0.041645790 0.030464170 0.071519660 0.081859990 0.064348930 0.069178040 0.068992440 0.030993530 0.061651710 0.032629660 0.061355830 0.036027640 0.018473570 0.019509260 0.084890660 
43     0.169918430 0.181496430 0.168234160 0.170396840 0.174440230 0.170923690 0.169811020 0.176696660 0.177261260 0.171272250 0.100253410 0.112690910 0.118231030 0.118177730 0.077680570 0.074584300 0.082879560 0.039351300 0.075259960 0.075245240 0.105336650 0.097236740 0.058570640 0.095956940 0.081283290 0.078613080 0.068572770 0.065339890 0.073022330 0.066429660 0.001236210 0.000000000 0.002194040 0.016634960 0.008341440 0.008210590 0.055748740 0.047726240 0.079985040 0.074284260 0.065030220 0.069859330 0.069673730 0.031674820 0.066034080 0.033310950 0.068342660 0.036708930 0.036716850 0.037752540 0.099144200 
21     0.150396650 0.144008200 0.136480160 0.191458050 0.186578970 0.197284310 0.184161040 0.147480770 0.148045370 0.173034230 0.102424920 0.088315680 0.093855800 0.084687860 0.094132810 0.055593990 0.076982230 0.041543060 0.056269650 0.056254930 0.086346340 0.078246430 0.054874460 0.076966630 0.062292980 0.076860840 0.072798620 0.074964140 0.071164380 0.082885020 0.004601450 0.002194040 0.000000000 0.025521980 0.027346490 0.024218080 0.049496970 0.008039480 0.057594660 0.085121270 0.076195650 0.056545170 0.055431300 0.096277580 0.058426500 0.076525350 0.060273100 0.043779650 0.035791790 0.033155670 0.080153890 
48     0.106550850 0.100162400 0.092634360 0.181966480 0.182396300 0.151527180 0.185935710 0.073027690 0.073592290 0.140465350 0.074060140 0.080172530 0.075635190 0.040661940 0.050106890 0.065090570 0.062883100 0.067190570 0.059918850 0.095480720 0.092693130 0.116008870 0.058066970 0.068795750 0.071331240 0.032164090 0.075875240 0.059186000 0.057839320 0.027302410 0.012384070 0.016634960 0.025521980 0.000000000 0.000115720 0.017878010 0.038327710 0.037436110 0.055732690 0.058255160 0.062371380 0.059045000 0.052779910 0.069977620 0.059403630 0.054161010 0.071335180 0.050629440 0.052838470 0.061358530 0.095867160 
46     0.106333080 0.099944630 0.092416590 0.178583480 0.178915980 0.151642900 0.170331490 0.073143410 0.073708010 0.122092230 0.074175860 0.080288250 0.075750910 0.041861630 0.051306580 0.054675790 0.062665330 0.066972800 0.055351450 0.055336730 0.085428140 0.077328230 0.043171080 0.068911470 0.061374780 0.006300680 0.072600550 0.074833750 0.057621550 0.056130040 0.000430760 0.008341440 0.027346490 0.000115720 0.000000000 0.008480010 0.029415140 0.013150050 0.056932380 0.066390100 0.065299640 0.064235290 0.063834290 0.031944240 0.052563230 0.033580370 0.037296620 0.036978350 0.042680890 0.032237470 0.079235690 
38     0.178802510 0.151918860 0.152271490 0.167149250 0.166751910 0.082899150 0.155261990 0.004399660 0.004964260 0.153530190 0.005432110 0.011544500 0.007007160 0.006854430 0.005445540 0.026997160 0.027282540 0.027246350 0.032268090 0.032253370 0.044255610 0.054244870 0.000167650 0.000167720 0.002703210 0.022129920 0.039285320 0.039213380 0.035413620 0.019960960 0.002259860 0.008210590 0.024218080 0.017878010 0.008480010 0.000000000 0.039939610 0.001019860 0.001120310 0.001108410 0.008933070 0.051785170 0.037583130 0.002683800 0.002714880 0.004114590 0.002707150 0.002613750 0.015036810 0.009154110 0.056152330 
41     0.106878140 0.100489690 0.092961650 0.092854070 0.093269870 0.149507400 0.145888150 0.100619630 0.099148420 0.097648890 0.078380600 0.096199290 0.074055390 0.047227090 0.056672040 0.056642880 0.063210390 0.067517860 0.036307370 0.063489380 0.032238330 0.045075310 0.062108910 0.084201080 0.069527430 0.023603980 0.064163320 0.062009180 0.028677650 0.026601610 0.041645790 0.055748740 0.049496970 0.038327710 0.029415140 0.039939610 0.000000000 0.001696430 0.018890990 0.006993820 0.007084060 0.010519270 0.016727630 0.028584320 0.030897100 0.043003060 0.031962170 0.041313790 0.019668820 0.023407430 0.087388340 
45     0.080023670 0.073635220 0.066107180 0.048362640 0.048778440 0.083909630 0.129438140 0.005410140 0.005974740 0.092572400 0.006442590 0.012554980 0.008017640 0.007864910 0.006456020 0.028007640 0.028293020 0.040663390 0.033391670 0.045265300 0.045266090 0.055430710 0.001178130 0.001178200 0.003713690 0.007338890 0.041013340 0.034462620 0.049998110 0.047922070 0.030464170 0.047726240 0.008039480 0.037436110 0.013150050 0.001019860 0.001696430 0.000000000 0.000224590 0.000212690 0.008037350 0.018834280 0.021767840 0.001788080 0.001819160 0.003218870 0.001811430 0.001718030 0.001545910 0.014399260 0.044231640 
50     0.132610180 0.126548280 0.127975280 0.162427310 0.158496170 0.084010080 0.156078240 0.005510590 0.006075190 0.217218750 0.006543040 0.012655430 0.008118090 0.007965360 0.006556470 0.028108090 0.028393470 0.071641870 0.068879200 0.045365750 0.045366540 0.055531160 0.001278580 0.001278650 0.003814140 0.038340480 0.045167860 0.050166240 0.043784320 0.064579040 0.071519660 0.079985040 0.057594660 0.055732690 0.056932380 0.001120310 0.018890990 0.000224590 0.000000000 0.000031880 0.007856540 0.016138650 0.007006090 0.001888530 0.001919610 0.003319320 0.001911880 0.001818480 0.019818550 0.014499710 0.091913530 
29     0.183144620 0.153017890 0.153370520 0.162843000 0.157963920 0.083998180 0.155545990 0.005498690 0.006063290 0.169140700 0.006531140 0.012643530 0.008106190 0.007953460 0.006544570 0.028096190 0.028381570 0.155305440 0.098761250 0.045353850 0.045354640 0.055519260 0.001266680 0.001266750 0.003802240 0.072860720 0.082459520 0.075908800 0.091131530 0.089055490 0.081859990 0.074284260 0.085121270 0.058255160 0.066390100 0.001108410 0.006993820 0.000212690 0.000031880 0.000000000 0.000529280 0.000887670 0.028346200 0.001876630 0.001907710 0.003307420 0.001899980 0.001806580 0.037383370 0.014487810 0.062063240 
32     0.190969280 0.160842550 0.161195180 0.169575590 0.169178250 0.091822840 0.164185680 0.013323350 0.013887950 0.166569510 0.014355800 0.020468190 0.015930850 0.015778120 0.014369230 0.035920850 0.036206230 0.160359580 0.100880590 0.053178510 0.053179300 0.063343920 0.009091340 0.009091410 0.011626900 0.088717240 0.075104560 0.068553840 0.093591940 0.091515900 0.064348930 0.065030220 0.076195650 0.062371380 0.065299640 0.008933070 0.007084060 0.008037350 0.007856540 0.000529280 0.000000000 0.011358990 0.011173390 0.009701290 0.009732370 0.011132080 0.009724640 0.009631240 0.045208030 0.022312470 0.087001600 
31     0.092091390 0.085702940 0.078174900 0.145447580 0.145863380 0.157796670 0.164402710 0.165592230 0.165274760 0.181781500 0.084334790 0.070225550 0.075765670 0.048421260 0.057866210 0.050631110 0.048423640 0.052731110 0.045459390 0.098796480 0.100452450 0.120787980 0.097416010 0.119508180 0.095343970 0.053540600 0.076060670 0.081059050 0.064337780 0.062039590 0.069178040 0.069859330 0.056545170 0.059045000 0.064235290 0.051785170 0.010519270 0.018834280 0.016138650 0.000887670 0.011358990 0.000000000 0.000130800 0.047431950 0.035301230 0.035046850 0.093442530 0.026527040 0.048907090 0.048339210 0.092902080 
34     0.125058250 0.118669800 0.111141760 0.163648230 0.164064030 0.188477070 0.195083110 0.181329110 0.181011640 0.185173890 0.075346950 0.123105460 0.131430160 0.034219220 0.043664170 0.083597970 0.081390500 0.085697970 0.078426250 0.089038000 0.086250410 0.109566150 0.097285710 0.119377880 0.104704230 0.060636180 0.082514150 0.075963430 0.097304640 0.055774500 0.068992440 0.069673730 0.055431300 0.052779910 0.063834290 0.037583130 0.016727630 0.021767840 0.007006090 0.028346200 0.011173390 0.000130800 0.000000000 0.047246350 0.068268090 0.048882480 0.095028610 0.052280460 0.059578860 0.057926450 0.086636990 
49     0.122895930 0.116507480 0.108979440 0.167655660 0.186807500 0.085573570 0.149911010 0.007074080 0.007638680 0.166890210 0.008106530 0.014218920 0.009681580 0.009528850 0.008119960 0.029671580 0.029956960 0.056654050 0.053891380 0.046929240 0.037423010 0.057094650 0.002842070 0.002842140 0.005377630 0.061093390 0.067920770 0.072919150 0.066537230 0.087250130 0.030993530 0.031674820 0.096277580 0.069977620 0.031944240 0.002683800 0.028584320 0.001788080 0.001888530 0.001876630 0.009701290 0.047431950 0.047246350 0.000000000 0.000174260 0.000303770 0.000166530 0.000073130 0.004865810 0.003245550 0.121174120 
16     0.087041960 0.080653510 0.073125470 0.175711760 0.194863600 0.085604650 0.148476930 0.007105160 0.007669760 0.180474060 0.008137610 0.014250000 0.009712660 0.009559930 0.008151040 0.029702660 0.029988040 0.047681680 0.040409960 0.046960320 0.035988930 0.057125730 0.002873150 0.002873220 0.005408710 0.048491170 0.070029270 0.075027650 0.059288350 0.059361790 0.061651710 0.066034080 0.058426500 0.059403630 0.052563230 0.002714880 0.030897100 0.001819160 0.001919610 0.001907710 0.009732370 0.035301230 0.068268090 0.000174260 0.000000000 0.000153910 0.000197610 0.000104210 0.003431730 0.001811470 0.074942570 
39     0.086787580 0.080399130 0.072871090 0.177429190 0.196581030 0.087004360 0.149592790 0.008504870 0.009069470 0.152297200 0.009537320 0.015649710 0.011112370 0.010959640 0.009550750 0.031102370 0.031387750 0.047427300 0.040155580 0.048360030 0.037104790 0.058525440 0.004272860 0.004272930 0.006808420 0.048236790 0.075996940 0.080995320 0.059033970 0.062030340 0.032629660 0.033310950 0.076525350 0.054161010 0.033580370 0.004114590 0.043003060 0.003218870 0.003319320 0.003307420 0.011132080 0.035046850 0.048882480 0.000303770 0.000153910 0.000000000 0.001597320 0.001503920 0.004547590 0.002927330 0.093041420 
37     0.172684100 0.154616630 0.154969260 0.167992750 0.163113670 0.085596920 0.157959760 0.007097430 0.007662030 0.160491410 0.008129880 0.014242270 0.009704930 0.009552200 0.008143310 0.029694930 0.029980310 0.020476090 0.052904930 0.046952590 0.037408790 0.057118000 0.002865420 0.002865490 0.005400980 0.052776000 0.059603380 0.064601760 0.058219840 0.082004870 0.061355830 0.068342660 0.060273100 0.071335180 0.037296620 0.002707150 0.031962170 0.001811430 0.001911880 0.001899980 0.009724640 0.093442530 0.095028610 0.000166530 0.000197610 0.001597320 0.000000000 0.000096440 0.030779140 0.012811070 0.076789170 
36     0.078267770 0.071879320 0.064351280 0.196464630 0.191585550 0.085503520 0.157866360 0.007004030 0.007568630 0.157234230 0.008036480 0.014148870 0.009611530 0.009458800 0.008049910 0.029601530 0.029886910 0.038907490 0.031635770 0.036396760 0.019872940 0.057024600 0.002772020 0.002772090 0.005307580 0.039716980 0.098505520 0.096441450 0.050514160 0.087689320 0.036027640 0.036708930 0.043779650 0.050629440 0.036978350 0.002613750 0.041313790 0.001718030 0.001818480 0.001806580 0.009631240 0.026527040 0.052280460 0.000073130 0.000104210 0.001503920 0.000096440 0.000000000 0.027431540 0.012015440 0.060295720 
26     0.091004880 0.084616430 0.077088390 0.110964040 0.111379840 0.121080310 0.128140500 0.042580820 0.043145420 0.154485370 0.043613270 0.049725660 0.045188320 0.045035590 0.043626700 0.040527940 0.047337130 0.027947430 0.041203600 0.041188880 0.036199940 0.055703090 0.006062470 0.038348880 0.006786480 0.041438750 0.025058230 0.024986290 0.021186530 0.037229390 0.018473570 0.036716850 0.035791790 0.052838470 0.042680890 0.015036810 0.019668820 0.001545910 0.019818550 0.037383370 0.045208030 0.048907090 0.059578860 0.004865810 0.003431730 0.004547590 0.030779140 0.027431540 0.000000000 0.000098390 0.065087840 
20     0.090437000 0.084048550 0.076520510 0.069805660 0.070221460 0.098184750 0.132948980 0.019685260 0.020249860 0.149607060 0.020717710 0.026830100 0.022292760 0.022140030 0.020731140 0.025111840 0.042568140 0.028983120 0.025787500 0.025772780 0.034579680 0.045134570 0.004442210 0.015453320 0.005166220 0.043341680 0.059833120 0.053282400 0.011907400 0.059531500 0.019509260 0.037752540 0.033155670 0.061358530 0.032237470 0.009154110 0.023407430 0.014399260 0.014499710 0.014487810 0.022312470 0.048339210 0.057926450 0.003245550 0.001811470 0.002927330 0.012811070 0.012015440 0.000098390 0.000000000 0.049671740 
0     0.098207600 0.077569000 0.078068600 0.060187510 0.075986730 0.053021550 0.062916400 0.078987820 0.075205570 0.125299020 0.029295580 0.088024540 0.066837260 0.093511360 0.075505140 0.061944720 0.073554800 0.191093980 0.029618120 0.029963700 0.030708990 0.087528900 0.064156930 0.086249100 0.071575450 0.103723430 0.132262630 0.130614630 0.158653320 0.098861750 0.084890660 0.099144200 0.080153890 0.095867160 0.079235690 0.056152330 0.087388340 0.044231640 0.091913530 0.062063240 0.087001600 0.092902080 0.086636990 0.121174120 0.074942570 0.093041420 0.076789170 0.060295720 0.065087840 0.049671740 0.000000000 
