51
7     0.000000000 0.067326319 0.089841125 0.239170595 0.240822215 0.231437367 0.226315256 0.275083925 0.271273644 0.301295351 0.540590975 0.636266901 0.612845229 0.617710462 0.532571129 0.810966586 0.797717982 0.801984586 0.681199585 0.721828686 0.728839504 0.730223190 0.792996575 0.779670682 0.780246758 0.705242146 0.707753131 0.703935811 0.712607321 0.736853629 0.618387983 0.656142296 0.672562098 0.647743326 0.636448790 0.625352655 0.605050487 0.580258287 0.871228787 0.735754237 0.738068593 0.719651263 0.727380516 0.746289309 0.748601908 0.748062588 0.732093397 0.734376919 0.588727947 0.604373791 0.987885680 
8     0.067326319 0.000000000 0.078668777 0.231364843 0.232986442 0.225902027 0.220940498 0.268735898 0.264827444 0.295443205 0.532713310 0.628429023 0.604972022 0.609837255 0.524693464 0.803196230 0.789947626 0.794214230 0.673429229 0.714058330 0.721069148 0.722452834 0.785226219 0.771900326 0.772476402 0.697471790 0.699982775 0.696165455 0.704836965 0.729083273 0.610617627 0.648371940 0.664791742 0.639972970 0.628678434 0.617582299 0.597280132 0.572487931 0.863458431 0.727983881 0.730298237 0.711880907 0.719610160 0.738518953 0.740831552 0.740292232 0.724323041 0.726606563 0.580957591 0.596603435 0.980115324 
1     0.089841125 0.078668777 0.000000000 0.221152815 0.223609280 0.215938782 0.210820193 0.260421863 0.256611583 0.284941128 0.524057690 0.619749358 0.596292358 0.601157591 0.516018257 0.794946542 0.781783310 0.785998547 0.664964473 0.705593573 0.712739326 0.713988078 0.776906627 0.763580734 0.764156810 0.688934557 0.691445542 0.687628222 0.696299732 0.720546041 0.602080394 0.639834707 0.656254510 0.631435737 0.620141201 0.609045067 0.588742899 0.563950698 0.854921198 0.719446648 0.721761005 0.703343674 0.711072927 0.729981721 0.732294320 0.731754999 0.715785808 0.718069330 0.572420358 0.588066202 0.971594057 
3     0.239170595 0.231364843 0.221152815 0.000000000 0.035399604 0.114708162 0.106325421 0.257283504 0.254059947 0.281238751 0.518923183 0.614273779 0.590666439 0.595531672 0.510269466 0.789654379 0.776491147 0.780706383 0.659672310 0.700301410 0.707447163 0.708695915 0.771614464 0.758288571 0.758864647 0.683642394 0.686153379 0.682336059 0.691007569 0.715253878 0.596788231 0.634542544 0.650962346 0.626143574 0.614849038 0.603752904 0.583450736 0.558658535 0.849629035 0.714154485 0.716468842 0.698051511 0.705780764 0.724689558 0.727002157 0.726462836 0.710493645 0.712777167 0.567128195 0.582774039 0.966301894 
4     0.240822215 0.232986442 0.223609280 0.035399604 0.000000000 0.115928191 0.108183828 0.258908782 0.255583550 0.283172597 0.521109598 0.616460194 0.592852854 0.597718087 0.512344704 0.791840794 0.778677562 0.782892799 0.661858725 0.702487825 0.709633578 0.710882330 0.773800879 0.760474986 0.761051062 0.685828810 0.688339795 0.684522474 0.693193984 0.717440293 0.598974646 0.636728959 0.653148762 0.628329989 0.617035453 0.605939319 0.585637151 0.560844950 0.851815450 0.716340900 0.718655257 0.700237926 0.707967179 0.726875973 0.729188572 0.728649252 0.712680060 0.714963582 0.569314610 0.584960455 0.968488309 
6     0.231437367 0.225902027 0.215938782 0.114708162 0.115928191 0.000000000 0.038495448 0.248219773 0.244630358 0.272941516 0.510115438 0.605632380 0.582030033 0.586895266 0.501717695 0.781202157 0.768038925 0.772254162 0.651220088 0.691849188 0.698994941 0.700243693 0.763162242 0.749836349 0.750412425 0.675190172 0.677701157 0.673883837 0.682555347 0.706801656 0.588336009 0.626090322 0.642510124 0.617691352 0.606396816 0.595300682 0.574998514 0.550206313 0.841176813 0.705702263 0.708016620 0.689599289 0.697328542 0.716237336 0.718549935 0.718010614 0.702041423 0.704324945 0.558675973 0.574321817 0.957849672 
5     0.226315256 0.220940498 0.210820193 0.106325421 0.108183828 0.038495448 0.000000000 0.244412558 0.240823143 0.267851180 0.503639250 0.599156192 0.575553845 0.580419078 0.495241508 0.774709583 0.761546351 0.765761588 0.644727514 0.685356614 0.692502367 0.693751119 0.756669668 0.743343775 0.743919851 0.668697599 0.671208584 0.667391264 0.676062773 0.700309082 0.581843435 0.619597748 0.636017551 0.611198779 0.599904242 0.588808108 0.568505940 0.543713739 0.834684240 0.699209689 0.701524046 0.683106715 0.690835968 0.709744762 0.712057361 0.711518041 0.695548849 0.697832372 0.552183399 0.567829244 0.951357098 
10     0.275083925 0.268735898 0.260421863 0.257283504 0.258908782 0.248219773 0.244412558 0.000000000 0.028656406 0.109002654 0.535738175 0.631723306 0.608011850 0.612877082 0.527531770 0.807619902 0.794456671 0.798671907 0.677637833 0.718266933 0.725278575 0.726661438 0.789579987 0.776254094 0.776830170 0.700994025 0.703670525 0.699853205 0.708524715 0.732777565 0.614451482 0.652205795 0.668625597 0.643806825 0.632512289 0.621416154 0.601124857 0.576332656 0.867292286 0.731817736 0.734132093 0.715714762 0.723444015 0.742359290 0.744671889 0.744132569 0.728163378 0.730446900 0.584785640 0.600431485 0.984252707 
11     0.271273644 0.264827444 0.256611583 0.254059947 0.255583550 0.244630358 0.240823143 0.028656406 0.000000000 0.106616581 0.531828816 0.627813947 0.604102491 0.608967723 0.523622411 0.803558694 0.790395463 0.794610699 0.673576625 0.714205725 0.721217367 0.722600230 0.785533428 0.772207535 0.772783611 0.696932154 0.699608653 0.695791333 0.704462843 0.728715694 0.610196368 0.647950681 0.664370484 0.639551711 0.628257175 0.617161041 0.596819659 0.572027458 0.862987089 0.727512538 0.729826895 0.711409564 0.719138817 0.738048385 0.740360984 0.739821664 0.723852473 0.726135995 0.580369529 0.596034966 0.980236989 
15     0.301295351 0.295443205 0.284941128 0.281238751 0.283172597 0.272941516 0.267851180 0.109002654 0.106616581 0.000000000 0.562582946 0.658568076 0.634856620 0.639721853 0.554376540 0.834428489 0.821265258 0.825480494 0.704446420 0.745075521 0.752221274 0.753470025 0.816388574 0.803062681 0.803638758 0.727802612 0.730479112 0.726661792 0.735333302 0.759586152 0.641260069 0.679014382 0.695434185 0.670615412 0.659320876 0.648224742 0.627933444 0.603141243 0.894100873 0.758626323 0.760940680 0.742523349 0.750252602 0.769167878 0.771480476 0.770941156 0.754971965 0.757255487 0.611594228 0.627240072 1.011061294 
12     0.540590975 0.532713310 0.524057690 0.518923183 0.521109598 0.510115438 0.503639250 0.535738175 0.531828816 0.562582946 0.000000000 0.336814667 0.311323952 0.316728236 0.242143636 0.616055825 0.602892594 0.607107830 0.486073756 0.526702857 0.533991027 0.535097361 0.598013545 0.584687652 0.585263728 0.509339198 0.511850183 0.508032863 0.516543203 0.540950681 0.422475300 0.460229613 0.476649415 0.451830643 0.440536107 0.429439972 0.409052768 0.384260567 0.675170022 0.539286118 0.541593185 0.523592498 0.531321751 0.550045863 0.552358462 0.551819142 0.535628635 0.537912158 0.393007629 0.408653473 0.792394436 
2     0.636266901 0.628429023 0.619749358 0.614273779 0.616460194 0.605632380 0.599156192 0.631723306 0.627813947 0.658568076 0.336814667 0.000000000 0.374004975 0.378764459 0.338590236 0.711799892 0.698636660 0.702851897 0.581817823 0.622446923 0.629735093 0.630841428 0.693756298 0.680430405 0.681006481 0.605322090 0.607833075 0.604015755 0.612457751 0.636933573 0.518290490 0.556040242 0.572458718 0.547658647 0.536364111 0.525286201 0.505135332 0.480343131 0.771302761 0.635828211 0.638142568 0.619725237 0.627454490 0.646361333 0.648673932 0.648134612 0.632011895 0.634295417 0.488799970 0.504445815 0.888150215 
14     0.612845229 0.604972022 0.596292358 0.590666439 0.592852854 0.582030033 0.575553845 0.608011850 0.604102491 0.634856620 0.311323952 0.374004975 0.000000000 0.102410386 0.312679576 0.687500637 0.674337405 0.678552642 0.557518568 0.598147668 0.605435838 0.606542173 0.669458357 0.656132464 0.656708540 0.581119180 0.583630165 0.579812845 0.588205678 0.612730663 0.494255282 0.532009594 0.548429397 0.523610625 0.512316089 0.501219954 0.480985771 0.456193570 0.747153200 0.611678650 0.613993007 0.595575676 0.603304929 0.622158423 0.624471022 0.623931702 0.607808984 0.610092507 0.464597060 0.480242905 0.862828747 
13     0.617710462 0.609837255 0.601157591 0.595531672 0.597718087 0.586895266 0.580419078 0.612877082 0.608967723 0.639721853 0.316728236 0.378764459 0.102410386 0.000000000 0.317624664 0.692365870 0.679202638 0.683417875 0.562383801 0.603012901 0.610301071 0.611407406 0.674323589 0.660997696 0.661573773 0.585984413 0.588495398 0.584678077 0.593070911 0.617595896 0.499120514 0.536874827 0.553294630 0.528475858 0.517181321 0.506085187 0.485851004 0.461058803 0.752018433 0.616543883 0.618858239 0.600440909 0.608170162 0.627023656 0.629336255 0.628796934 0.612674217 0.614957739 0.469462293 0.485108137 0.867693980 
9     0.532571129 0.524693464 0.516018257 0.510269466 0.512344704 0.501717695 0.495241508 0.527531770 0.523622411 0.554376540 0.242143636 0.338590236 0.312679576 0.317624664 0.000000000 0.608566767 0.595403535 0.599618772 0.478584698 0.519213798 0.526501968 0.527608303 0.590528166 0.577202273 0.577778349 0.502095939 0.504606924 0.500789604 0.509277620 0.533707422 0.415241151 0.452995464 0.469415267 0.444596494 0.433301958 0.422205824 0.401963371 0.377171170 0.668130800 0.532656250 0.534970606 0.516553275 0.524282529 0.543144293 0.545456892 0.544917571 0.528843491 0.531127013 0.385582930 0.401228774 0.784869035 
40     0.810966586 0.803196230 0.794946542 0.789654379 0.791840794 0.781202157 0.774709583 0.807619902 0.803558694 0.834428489 0.616055825 0.711799892 0.687500637 0.692365870 0.608566767 0.000000000 0.215591327 0.220442246 0.335115602 0.377197161 0.384152929 0.384987960 0.560969360 0.548559568 0.549043403 0.648096028 0.650620934 0.646803614 0.655561215 0.679485948 0.561418409 0.599172721 0.615592524 0.590773752 0.579479216 0.568407225 0.548069697 0.523204880 0.814205422 0.678730872 0.681045228 0.662541916 0.670271170 0.689228727 0.691541326 0.691002005 0.674422934 0.677466343 0.531769285 0.546781279 0.934841141 
44     0.797717982 0.789947626 0.781783310 0.776491147 0.778677562 0.768038925 0.761546351 0.794456671 0.790395463 0.821265258 0.602892594 0.698636660 0.674337405 0.679202638 0.595403535 0.215591327 0.000000000 0.130726407 0.322343603 0.364425162 0.371397018 0.372215961 0.547898316 0.535641569 0.536125403 0.634704543 0.637229449 0.633412129 0.642169729 0.666094462 0.547925361 0.585679674 0.602099477 0.577280705 0.565986168 0.554710345 0.534654698 0.509789881 0.800790422 0.665315872 0.667630229 0.649126917 0.656856170 0.675813727 0.678126326 0.677587006 0.661000002 0.664051344 0.518497057 0.533509051 0.921677909 
42     0.801984586 0.794214230 0.785998547 0.780706383 0.782892799 0.772254162 0.765761588 0.798671907 0.794610699 0.825480494 0.607107830 0.702851897 0.678552642 0.683417875 0.599618772 0.220442246 0.130726407 0.000000000 0.326358357 0.368317692 0.375266167 0.376085109 0.551780461 0.539554478 0.540038312 0.639208019 0.641732924 0.637915604 0.646673205 0.670597938 0.552530399 0.590284712 0.606704514 0.581885742 0.570591206 0.559519216 0.539181688 0.514316871 0.805317412 0.669842862 0.672157219 0.653653907 0.661383160 0.680340717 0.682653316 0.682113996 0.665466744 0.668578334 0.522881275 0.537893269 0.925920789 
19     0.681199585 0.673429229 0.664964473 0.659672310 0.661858725 0.651220088 0.644727514 0.677637833 0.673576625 0.704446420 0.486073756 0.581817823 0.557518568 0.562383801 0.478584698 0.335115602 0.322343603 0.326358357 0.000000000 0.087334171 0.093552906 0.094078337 0.431527300 0.419114970 0.419598804 0.518184227 0.520709133 0.516891813 0.525649414 0.549685772 0.431453992 0.469208304 0.485628107 0.460809335 0.449514798 0.438442808 0.418105280 0.393240463 0.684241005 0.548766455 0.551080811 0.532577499 0.540306752 0.559267630 0.561580229 0.561040908 0.544499049 0.547505246 0.401807147 0.416792098 0.805030125 
17     0.721828686 0.714058330 0.705593573 0.700301410 0.702487825 0.691849188 0.685356614 0.718266933 0.714205725 0.745075521 0.526702857 0.622446923 0.598147668 0.603012901 0.519213798 0.377197161 0.364425162 0.368317692 0.087334171 0.000000000 0.113249356 0.114324812 0.472883964 0.459829280 0.460313115 0.558596158 0.561121064 0.557303744 0.566061344 0.590097702 0.471936355 0.509690668 0.526110470 0.501291698 0.489997162 0.478925172 0.458339378 0.433532038 0.724439741 0.588853889 0.591230326 0.572757853 0.580487106 0.599567151 0.601879750 0.601340429 0.584798570 0.587804767 0.442172557 0.457146301 0.845686708 
24     0.728839504 0.721069148 0.712739326 0.707447163 0.709633578 0.698994941 0.692502367 0.725278575 0.721217367 0.752221274 0.533991027 0.629735093 0.605435838 0.610301071 0.526501968 0.384152929 0.371397018 0.375266167 0.093552906 0.113249356 0.000000000 0.114766528 0.479982701 0.466928018 0.467411852 0.566141642 0.568666548 0.564849227 0.573606828 0.597643186 0.479423238 0.517177551 0.533597353 0.508778581 0.497484045 0.486412055 0.466074526 0.441209710 0.732210251 0.596735701 0.599050057 0.580546745 0.588275999 0.607012324 0.609324923 0.608785603 0.592202403 0.595195556 0.449732427 0.464711399 0.852971723 
35     0.730223190 0.722452834 0.713988078 0.708695915 0.710882330 0.700243693 0.693751119 0.726661438 0.722600230 0.753470025 0.535097361 0.630841428 0.606542173 0.611407406 0.527608303 0.384987960 0.372215961 0.376085109 0.094078337 0.114324812 0.114766528 0.000000000 0.480977958 0.467923275 0.468407109 0.567286686 0.569811592 0.565994272 0.574751872 0.598788230 0.480556450 0.518310763 0.534730566 0.509911793 0.498617257 0.487545267 0.467207739 0.442342922 0.733343463 0.597868913 0.600183270 0.581679958 0.589409211 0.608370088 0.610682687 0.610143367 0.593601507 0.596607705 0.450909606 0.465871283 0.854078209 
30     0.792996575 0.785226219 0.776906627 0.771614464 0.773800879 0.763162242 0.756669668 0.789579987 0.785533428 0.816388574 0.598013545 0.693756298 0.669458357 0.674323589 0.590528166 0.560969360 0.547898316 0.551780461 0.431527300 0.472883964 0.479982701 0.480977958 0.000000000 0.377354504 0.376430618 0.629326490 0.631851395 0.628034075 0.636791676 0.660652367 0.542249145 0.580018191 0.596437994 0.571606581 0.560312045 0.549252695 0.529215910 0.504351093 0.794985169 0.659510619 0.661824975 0.643321663 0.651050917 0.670490188 0.672802787 0.672263467 0.656241234 0.658727805 0.512921343 0.528506040 0.916599974 
18     0.779670682 0.771900326 0.763580734 0.758288571 0.760474986 0.749836349 0.743343775 0.776254094 0.772207535 0.803062681 0.584687652 0.680430405 0.656132464 0.660997696 0.577202273 0.548559568 0.535641569 0.539554478 0.419114970 0.459829280 0.466928018 0.467923275 0.377354504 0.000000000 0.063169744 0.615943799 0.618468705 0.614651385 0.623408985 0.647458262 0.529077874 0.566832187 0.583251989 0.558433217 0.547138681 0.536066691 0.515938802 0.490178996 0.781756358 0.646281807 0.648596164 0.630092852 0.637822105 0.657034001 0.659346600 0.658807279 0.642785046 0.645271617 0.499693340 0.515278037 0.902572096 
22     0.780246758 0.772476402 0.764156810 0.758864647 0.761051062 0.750412425 0.743919851 0.776830170 0.772783611 0.803638758 0.585263728 0.681006481 0.656708540 0.661573773 0.577778349 0.549043403 0.536125403 0.540038312 0.419598804 0.460313115 0.467411852 0.468407109 0.376430618 0.063169744 0.000000000 0.616519875 0.619044781 0.615227461 0.623985062 0.648034338 0.529653950 0.567408263 0.583828066 0.559009293 0.547714757 0.536642767 0.516514878 0.490755073 0.782332434 0.646857884 0.649172240 0.630668928 0.638398181 0.657610077 0.659922676 0.659383356 0.643361122 0.645847693 0.500269416 0.515854113 0.903148172 
28     0.705242146 0.697471790 0.688934557 0.683642394 0.685828810 0.675190172 0.668697599 0.700994025 0.696932154 0.727802612 0.509339198 0.605322090 0.581119180 0.585984413 0.502095939 0.648096028 0.634704543 0.639208019 0.518184227 0.558596158 0.566141642 0.567286686 0.629326490 0.615943799 0.616519875 0.000000000 0.236691913 0.233113046 0.241453474 0.286568188 0.346146494 0.383885929 0.400308731 0.375325024 0.364030488 0.352946629 0.331868416 0.307340171 0.597594290 0.461878498 0.464192855 0.445683601 0.453412854 0.475173074 0.477495171 0.476964884 0.461549925 0.463339689 0.317641664 0.333511486 0.827762685 
25     0.707753131 0.699982775 0.691445542 0.686153379 0.688339795 0.677701157 0.671208584 0.703670525 0.699608653 0.730479112 0.511850183 0.607833075 0.583630165 0.588495398 0.504606924 0.650620934 0.637229449 0.641732924 0.520709133 0.561121064 0.568666548 0.569811592 0.631851395 0.618468705 0.619044781 0.236691913 0.000000000 0.041942313 0.063453523 0.287732176 0.348424326 0.386163762 0.402586564 0.377602857 0.366308321 0.355310672 0.333759872 0.309231626 0.599784489 0.464091448 0.466405805 0.447896551 0.455625804 0.476984603 0.479306700 0.478776413 0.463360712 0.465214346 0.320075809 0.335979572 0.830219956 
33     0.703935811 0.696165455 0.687628222 0.682336059 0.684522474 0.673883837 0.667391264 0.699853205 0.695791333 0.726661792 0.508032863 0.604015755 0.579812845 0.584678077 0.500789604 0.646803614 0.633412129 0.637915604 0.516891813 0.557303744 0.564849227 0.565994272 0.628034075 0.614651385 0.615227461 0.233113046 0.041942313 0.000000000 0.058957294 0.283658879 0.344607006 0.382346442 0.398769244 0.373785537 0.362491001 0.351493352 0.329942551 0.305414306 0.595967169 0.460274128 0.462588484 0.444079231 0.451808484 0.473167283 0.475489380 0.474959093 0.459543392 0.461397026 0.316258489 0.332162252 0.826402636 
23     0.712607321 0.704836965 0.696299732 0.691007569 0.693193984 0.682555347 0.676062773 0.708524715 0.704462843 0.735333302 0.516543203 0.612457751 0.588205678 0.593070911 0.509277620 0.655561215 0.642169729 0.646673205 0.525649414 0.566061344 0.573606828 0.574751872 0.636791676 0.623408985 0.623985062 0.241453474 0.063453523 0.058957294 0.000000000 0.292993925 0.353476710 0.391216145 0.407638948 0.382655241 0.371360705 0.360363056 0.338766879 0.314238634 0.604791497 0.469098456 0.471412812 0.452903558 0.460632812 0.482062579 0.484384676 0.483854389 0.468339723 0.470292322 0.325006063 0.340877913 0.835137932 
27     0.736853629 0.729083273 0.720546041 0.715253878 0.717440293 0.706801656 0.700309082 0.732777565 0.728715694 0.759586152 0.540950681 0.636933573 0.612730663 0.617595896 0.533707422 0.679485948 0.666094462 0.670597938 0.549685772 0.590097702 0.597643186 0.598788230 0.660652367 0.647458262 0.648034338 0.286568188 0.287732176 0.283658879 0.292993925 0.000000000 0.377032984 0.414772419 0.431195221 0.406192848 0.394898312 0.383699269 0.362609739 0.338081493 0.628349736 0.492642718 0.494957075 0.476465008 0.484194261 0.505848757 0.508170854 0.507640567 0.492378354 0.494369702 0.348893188 0.364763010 0.859271088 
47     0.618387983 0.610617627 0.602080394 0.596788231 0.598974646 0.588336009 0.581843435 0.614451482 0.610196368 0.641260069 0.422475300 0.518290490 0.494255282 0.499120514 0.415241151 0.561418409 0.547925361 0.552530399 0.431453992 0.471936355 0.479423238 0.480556450 0.542249145 0.529077874 0.529653950 0.346146494 0.348424326 0.344607006 0.353476710 0.377032984 0.000000000 0.115843655 0.131677068 0.131200005 0.119414740 0.144989229 0.235149975 0.210634910 0.501936465 0.366515347 0.368829704 0.350320450 0.358049703 0.375495369 0.377757452 0.377225284 0.361659884 0.364038812 0.221615281 0.237536264 0.740666135 
43     0.656142296 0.648371940 0.639834707 0.634542544 0.636728959 0.626090322 0.619597748 0.652205795 0.647950681 0.679014382 0.460229613 0.556040242 0.532009594 0.536874827 0.452995464 0.599172721 0.585679674 0.590284712 0.469208304 0.509690668 0.517177551 0.518310763 0.580018191 0.566832187 0.567408263 0.383885929 0.386163762 0.382346442 0.391216145 0.414772419 0.115843655 0.000000000 0.123944566 0.168180754 0.156391262 0.182951972 0.273011652 0.248496587 0.539798142 0.404377025 0.406691381 0.388182127 0.395911380 0.413354590 0.415616674 0.415084506 0.399519105 0.401898033 0.259457013 0.275377996 0.778420448 
21     0.672562098 0.664791742 0.656254510 0.650962346 0.653148762 0.642510124 0.636017551 0.668625597 0.664370484 0.695434185 0.476649415 0.572458718 0.548429397 0.553294630 0.469415267 0.615592524 0.602099477 0.606704514 0.485628107 0.526110470 0.533597353 0.534730566 0.596437994 0.583251989 0.583828066 0.400308731 0.402586564 0.398769244 0.407638948 0.431195221 0.131677068 0.123944566 0.000000000 0.184691954 0.172942333 0.199260427 0.289434455 0.264915279 0.556220944 0.420799827 0.423114183 0.404604930 0.412334183 0.429658836 0.431920919 0.431388751 0.415823351 0.418202279 0.275879815 0.291800798 0.794840250 
48     0.647743326 0.639972970 0.631435737 0.626143574 0.628329989 0.617691352 0.611198779 0.643806825 0.639551711 0.670615412 0.451830643 0.547658647 0.523610625 0.528475858 0.444596494 0.590773752 0.577280705 0.581885742 0.460809335 0.501291698 0.508778581 0.509911793 0.571606581 0.558433217 0.559009293 0.375325024 0.377602857 0.373785537 0.382655241 0.406192848 0.131200005 0.168180754 0.184691954 0.000000000 0.070195359 0.173415891 0.264446424 0.239931360 0.531253094 0.395831977 0.398146334 0.379637080 0.387366333 0.404690048 0.406952132 0.406419964 0.390804380 0.393233491 0.250850224 0.266771207 0.770021478 
46     0.636448790 0.628678434 0.620141201 0.614849038 0.617035453 0.606396816 0.599904242 0.632512289 0.628257175 0.659320876 0.440536107 0.536364111 0.512316089 0.517181321 0.433301958 0.579479216 0.565986168 0.570591206 0.449514798 0.489997162 0.497484045 0.498617257 0.560312045 0.547138681 0.547714757 0.364030488 0.366308321 0.362491001 0.371360705 0.394898312 0.119414740 0.156391262 0.172942333 0.070195359 0.000000000 0.162394089 0.253103043 0.228587978 0.519938386 0.384517268 0.386831625 0.368322371 0.376051624 0.393375340 0.395637423 0.395105255 0.379471970 0.381918783 0.239621863 0.255542846 0.758726942 
38     0.625352655 0.617582299 0.609045067 0.603752904 0.605939319 0.595300682 0.588808108 0.621416154 0.617161041 0.648224742 0.429439972 0.525286201 0.501219954 0.506085187 0.422205824 0.568407225 0.554710345 0.559519216 0.438442808 0.478925172 0.486412055 0.487545267 0.549252695 0.536066691 0.536642767 0.352946629 0.355310672 0.351493352 0.360363056 0.383699269 0.144989229 0.182951972 0.199260427 0.173415891 0.162394089 0.000000000 0.242471318 0.217956253 0.508984429 0.373563311 0.375877668 0.357368414 0.365097667 0.382252378 0.384514461 0.383982293 0.368573735 0.370853609 0.228389763 0.244310746 0.747636213 
41     0.605050487 0.597280132 0.588742899 0.583450736 0.585637151 0.574998514 0.568505940 0.601124857 0.596819659 0.627933444 0.409052768 0.505135332 0.480985771 0.485851004 0.401963371 0.548069697 0.534654698 0.539181688 0.418105280 0.458339378 0.466074526 0.467207739 0.529215910 0.515938802 0.516514878 0.331868416 0.333759872 0.329942551 0.338766879 0.362609739 0.235149975 0.273011652 0.289434455 0.264446424 0.253103043 0.242471318 0.000000000 0.062890631 0.390151430 0.255291170 0.257533812 0.238850001 0.246580310 0.326942355 0.329230709 0.328698541 0.312934199 0.315422209 0.186245304 0.202053597 0.727582060 
45     0.580258287 0.572487931 0.563950698 0.558658535 0.560844950 0.550206313 0.543713739 0.576332656 0.572027458 0.603141243 0.384260567 0.480343131 0.456193570 0.461058803 0.377171170 0.523204880 0.509789881 0.514316871 0.393240463 0.433532038 0.441209710 0.442342922 0.504351093 0.490178996 0.490755073 0.307340171 0.309231626 0.305414306 0.314238634 0.338081493 0.210634910 0.248496587 0.264915279 0.239931360 0.228587978 0.217956253 0.062890631 0.000000000 0.365966373 0.231156421 0.233399063 0.214664945 0.222395253 0.302308155 0.304596509 0.304064341 0.288299999 0.290788009 0.161799398 0.177607691 0.701348468 
50     0.871228787 0.863458431 0.854921198 0.849629035 0.851815450 0.841176813 0.834684240 0.867292286 0.862987089 0.894100873 0.675170022 0.771302761 0.747153200 0.752018433 0.668130800 0.814205422 0.800790422 0.805317412 0.684241005 0.724439741 0.732210251 0.733343463 0.794985169 0.781756358 0.782332434 0.597594290 0.599784489 0.595967169 0.604791497 0.628349736 0.501936465 0.539798142 0.556220944 0.531253094 0.519938386 0.508984429 0.390151430 0.365966373 0.000000000 0.449583521 0.452043474 0.431988190 0.439628363 0.592464698 0.594753052 0.594220884 0.578573807 0.580794709 0.453414482 0.469222775 0.993811155 
29     0.735754237 0.727983881 0.719446648 0.714154485 0.716340900 0.705702263 0.699209689 0.731817736 0.727512538 0.758626323 0.539286118 0.635828211 0.611678650 0.616543883 0.532656250 0.678730872 0.665315872 0.669842862 0.548766455 0.588853889 0.596735701 0.597868913 0.659510619 0.646281807 0.646857884 0.461878498 0.464091448 0.460274128 0.469098456 0.492642718 0.366515347 0.404377025 0.420799827 0.395831977 0.384517268 0.373563311 0.255291170 0.231156421 0.449583521 0.000000000 0.095073030 0.219614744 0.227128070 0.457027369 0.459315722 0.458783554 0.443136477 0.445357380 0.318040037 0.333848330 0.858336604 
32     0.738068593 0.730298237 0.721761005 0.716468842 0.718655257 0.708016620 0.701524046 0.734132093 0.729826895 0.760940680 0.541593185 0.638142568 0.613993007 0.618858239 0.534970606 0.681045228 0.667630229 0.672157219 0.551080811 0.591230326 0.599050057 0.600183270 0.661824975 0.648596164 0.649172240 0.464192855 0.466405805 0.462588484 0.471412812 0.494957075 0.368829704 0.406691381 0.423114183 0.398146334 0.386831625 0.375877668 0.257533812 0.233399063 0.452043474 0.095073030 0.000000000 0.223308821 0.229974379 0.459341726 0.461630079 0.461097911 0.445450834 0.447671736 0.320354394 0.336162687 0.860650961 
31     0.719651263 0.711880907 0.703343674 0.698051511 0.700237926 0.689599289 0.683106715 0.715714762 0.711409564 0.742523349 0.523592498 0.619725237 0.595575676 0.600440909 0.516553275 0.662541916 0.649126917 0.653653907 0.532577499 0.572757853 0.580546745 0.581679958 0.643321663 0.630092852 0.630668928 0.445683601 0.447896551 0.444079231 0.452903558 0.476465008 0.350320450 0.388182127 0.404604930 0.379637080 0.368322371 0.357368414 0.238850001 0.214664945 0.431988190 0.219614744 0.223308821 0.000000000 0.086137138 0.440865961 0.443154314 0.442622146 0.426975069 0.429195971 0.301947808 0.317756101 0.842220594 
34     0.727380516 0.719610160 0.711072927 0.705780764 0.707967179 0.697328542 0.690835968 0.723444015 0.719138817 0.750252602 0.531321751 0.627454490 0.603304929 0.608170162 0.524282529 0.670271170 0.656856170 0.661383160 0.540306752 0.580487106 0.588275999 0.589409211 0.651050917 0.637822105 0.638398181 0.453412854 0.455625804 0.451808484 0.460632812 0.484194261 0.358049703 0.395911380 0.412334183 0.387366333 0.376051624 0.365097667 0.246580310 0.222395253 0.439628363 0.227128070 0.229974379 0.086137138 0.000000000 0.448595214 0.450883567 0.450351399 0.434704322 0.436925225 0.309677061 0.325485355 0.849949848 
49     0.746289309 0.738518953 0.729981721 0.724689558 0.726875973 0.716237336 0.709744762 0.742359290 0.738048385 0.769167878 0.550045863 0.646361333 0.622158423 0.627023656 0.543144293 0.689228727 0.675813727 0.680340717 0.559267630 0.599567151 0.607012324 0.608370088 0.670490188 0.657034001 0.657610077 0.475173074 0.476984603 0.473167283 0.482062579 0.505848757 0.375495369 0.413354590 0.429658836 0.404690048 0.393375340 0.382252378 0.326942355 0.302308155 0.592464698 0.457027369 0.459341726 0.440865961 0.448595214 0.000000000 0.082754188 0.082556283 0.170167925 0.172066981 0.327671773 0.343597733 0.868657401 
16     0.748601908 0.740831552 0.732294320 0.727002157 0.729188572 0.718549935 0.712057361 0.744671889 0.740360984 0.771480476 0.552358462 0.648673932 0.624471022 0.629336255 0.545456892 0.691541326 0.678126326 0.682653316 0.561580229 0.601879750 0.609324923 0.610682687 0.672802787 0.659346600 0.659922676 0.477495171 0.479306700 0.475489380 0.484384676 0.508170854 0.377757452 0.415616674 0.431920919 0.406952132 0.395637423 0.384514461 0.329230709 0.304596509 0.594753052 0.459315722 0.461630079 0.443154314 0.450883567 0.082754188 0.000000000 0.060425932 0.171718083 0.174088545 0.329728064 0.345654024 0.870970000 
39     0.748062588 0.740292232 0.731754999 0.726462836 0.728649252 0.718010614 0.711518041 0.744132569 0.739821664 0.770941156 0.551819142 0.648134612 0.623931702 0.628796934 0.544917571 0.691002005 0.677587006 0.682113996 0.561040908 0.601340429 0.608785603 0.610143367 0.672263467 0.658807279 0.659383356 0.476964884 0.478776413 0.474959093 0.483854389 0.507640567 0.377225284 0.415084506 0.431388751 0.406419964 0.395105255 0.383982293 0.328698541 0.304064341 0.594220884 0.458783554 0.461097911 0.442622146 0.450351399 0.082556283 0.060425932 0.000000000 0.171959510 0.173556852 0.329379980 0.345305940 0.870430679 
37     0.732093397 0.724323041 0.715785808 0.710493645 0.712680060 0.702041423 0.695548849 0.728163378 0.723852473 0.754971965 0.535628635 0.632011895 0.607808984 0.612674217 0.528843491 0.674422934 0.661000002 0.665466744 0.544499049 0.584798570 0.592202403 0.593601507 0.656241234 0.642785046 0.643361122 0.461549925 0.463360712 0.459543392 0.468339723 0.492378354 0.361659884 0.399519105 0.415823351 0.390804380 0.379471970 0.368573735 0.312934199 0.288299999 0.578573807 0.443136477 0.445450834 0.426975069 0.434704322 0.170167925 0.171718083 0.171959510 0.000000000 0.085488939 0.313435653 0.329361613 0.854618582 
36     0.734376919 0.726606563 0.718069330 0.712777167 0.714963582 0.704324945 0.697832372 0.730446900 0.726135995 0.757255487 0.537912158 0.634295417 0.610092507 0.614957739 0.531127013 0.677466343 0.664051344 0.668578334 0.547505246 0.587804767 0.595195556 0.596607705 0.658727805 0.645271617 0.645847693 0.463339689 0.465214346 0.461397026 0.470292322 0.494369702 0.364038812 0.401898033 0.418202279 0.393233491 0.381918783 0.370853609 0.315422209 0.290788009 0.580794709 0.445357380 0.447671736 0.429195971 0.436925225 0.172066981 0.174088545 0.173556852 0.085488939 0.000000000 0.315907859 0.331833819 0.856903970 
26     0.588727947 0.580957591 0.572420358 0.567128195 0.569314610 0.558675973 0.552183399 0.584785640 0.580369529 0.611594228 0.393007629 0.488799970 0.464597060 0.469462293 0.385582930 0.531769285 0.518497057 0.522881275 0.401807147 0.442172557 0.449732427 0.450909606 0.512921343 0.499693340 0.500269416 0.317641664 0.320075809 0.316258489 0.325006063 0.348893188 0.221615281 0.259457013 0.275879815 0.250850224 0.239621863 0.228389763 0.186245304 0.161799398 0.453414482 0.318040037 0.320354394 0.301947808 0.309677061 0.327671773 0.329728064 0.329379980 0.313435653 0.315907859 0.000000000 0.061387608 0.711475101 
20     0.604373791 0.596603435 0.588066202 0.582774039 0.584960455 0.574321817 0.567829244 0.600431485 0.596034966 0.627240072 0.408653473 0.504445815 0.480242905 0.485108137 0.401228774 0.546781279 0.533509051 0.537893269 0.416792098 0.457146301 0.464711399 0.465871283 0.528506040 0.515278037 0.515854113 0.333511486 0.335979572 0.332162252 0.340877913 0.364763010 0.237536264 0.275377996 0.291800798 0.266771207 0.255542846 0.244310746 0.202053597 0.177607691 0.469222775 0.333848330 0.336162687 0.317756101 0.325485355 0.343597733 0.345654024 0.345305940 0.329361613 0.331833819 0.061387608 0.000000000 0.727127987 
0     0.987885680 0.980115324 0.971594057 0.966301894 0.968488309 0.957849672 0.951357098 0.984252707 0.980236989 1.011061294 0.792394436 0.888150215 0.862828747 0.867693980 0.784869035 0.934841141 0.921677909 0.925920789 0.805030125 0.845686708 0.852971723 0.854078209 0.916599974 0.902572096 0.903148172 0.827762685 0.830219956 0.826402636 0.835137932 0.859271088 0.740666135 0.778420448 0.794840250 0.770021478 0.758726942 0.747636213 0.727582060 0.701348468 0.993811155 0.858336604 0.860650961 0.842220594 0.849949848 0.868657401 0.870970000 0.870430679 0.854618582 0.856903970 0.711475101 0.727127987 0.000000000 
