51
7     0.000000000 0.000934080 0.000548780 0.002407740 0.007758550 0.001648080 0.001849440 0.003587770 0.007136010 0.004858350 0.009176940 0.004932070 0.003333090 0.002102950 0.011214010 0.000985420 0.002961340 0.003857760 0.004623540 0.004702480 0.000645100 0.001245020 0.007370900 0.007833370 0.004482710 0.005154740 0.004912310 0.009140010 0.004745150 0.007259010 0.008137330 0.005348720 0.005647120 0.003140660 0.001621290 0.007130510 0.008516190 0.007702420 0.003027320 0.009947190 0.006419390 0.005886360 0.010873790 0.006076420 0.002328330 0.009996770 0.010149290 0.003539980 0.002609760 0.002645790 0.007225430 
4     0.000934080 0.000000000 0.000065240 0.005366020 0.003015190 0.000401380 0.001557310 0.006635710 0.004081210 0.000929500 0.009128850 0.006210580 0.006505040 0.003228730 0.000276710 0.002235490 0.002117200 0.002718410 0.003235850 0.008799770 0.007286090 0.002729000 0.009504310 0.009763630 0.006525930 0.005897080 0.006769550 0.003070900 0.002040230 0.005132480 0.002585180 0.001214780 0.009488070 0.004449150 0.000672960 0.013334780 0.009695240 0.004634550 0.004007640 0.002758470 0.007251320 0.004434100 0.009424680 0.005262440 0.004779400 0.003322120 0.006341810 0.005926710 0.005662150 0.001900580 0.003536130 
3     0.000548780 0.000065240 0.000000000 0.005374780 0.003055810 0.000410140 0.000558050 0.004068370 0.000788330 0.001821020 0.010210420 0.013015620 0.000000000 0.007366670 0.004499390 0.006086500 0.004804600 0.002943600 0.000838300 0.001148200 0.004338050 0.002143740 0.009374950 0.009404010 0.002181990 0.005524830 0.005392910 0.004531650 0.001912810 0.005010080 0.002220790 0.000920480 0.009076480 0.002739360 0.001525950 0.013476490 0.011710970 0.005115410 0.004232280 0.001900890 0.004819870 0.006520510 0.003455580 0.003963500 0.007252110 0.004500940 0.001241580 0.004068360 0.004594660 0.001861120 0.005408710 
2     0.002407740 0.005366020 0.005374780 0.000000000 0.000067480 0.000005530 0.005071710 0.003669330 0.014107760 0.008150530 0.001466820 0.010911530 0.004248090 0.010396180 0.007597460 0.005785970 0.005767350 0.007300550 0.007770940 0.003418550 0.007300240 0.002021820 0.003080250 0.003659140 0.004378260 0.008597530 0.008355100 0.007035870 0.003691660 0.006608030 0.004130910 0.006408970 0.003690820 0.000766200 0.011326240 0.010866480 0.013069460 0.006900600 0.013239160 0.003670870 0.001524010 0.000523850 0.001988360 0.006862790 0.010268960 0.003638720 0.000574350 0.003532820 0.009971450 0.003533460 0.002341810 
5     0.007758550 0.003015190 0.003055810 0.000067480 0.000000000 0.000273340 0.003671060 0.006324870 0.010646360 0.005975740 0.005643800 0.008504510 0.001246350 0.000372700 0.002993070 0.012667220 0.007248100 0.005703560 0.005714880 0.001058680 0.004782250 0.005167110 0.000342910 0.006432300 0.004171400 0.006788280 0.008540860 0.006398120 0.003712530 0.004045980 0.011434440 0.002668030 0.004080980 0.008147970 0.009217940 0.003230130 0.008808520 0.001863780 0.008792030 0.003918940 0.012010760 0.004724800 0.001640650 0.008338270 0.004877230 0.000939380 0.006357980 0.002117020 0.004457370 0.005314460 0.004093500 
8     0.001648080 0.000401380 0.000410140 0.000005530 0.000273340 0.000000000 0.003258850 0.005475240 0.009843470 0.003706880 0.001595810 0.014132330 0.000490780 0.006552870 0.003912020 0.012904170 0.005356700 0.002496420 0.003086430 0.004339510 0.000542880 0.001229180 0.000078710 0.006168100 0.005644030 0.005616920 0.005673240 0.001436610 0.000182740 0.001610710 0.006238840 0.004938680 0.003807640 0.007874630 0.000625660 0.003819510 0.009749870 0.000578510 0.000191880 0.002759660 0.008370840 0.000518320 0.001113390 0.004236950 0.004603890 0.006793290 0.008881840 0.004596770 0.007784090 0.010333790 0.002678190 
6     0.001849440 0.001557310 0.000558050 0.005071710 0.003671060 0.003258850 0.000000000 0.000767720 0.008110620 0.000475140 0.005427990 0.011068240 0.007281900 0.008242770 0.002506520 0.007395140 0.009647800 0.008565170 0.008535250 0.004944930 0.008340560 0.008622860 0.009577140 0.010208140 0.001802790 0.004856140 0.003743360 0.004521960 0.003896990 0.007376490 0.003185040 0.003743490 0.007442720 0.005743670 0.005043890 0.005053670 0.004482390 0.008556150 0.005228680 0.001796420 0.009653340 0.001858550 0.004010480 0.009308010 0.011615160 0.001909250 0.000410790 0.002402470 0.002267360 0.001602980 0.002077570 
1     0.003587770 0.006635710 0.004068370 0.003669330 0.006324870 0.005475240 0.000767720 0.000000000 0.003988040 0.007007410 0.003591230 0.004839310 0.009248610 0.014097560 0.003063180 0.012993010 0.006129050 0.000439110 0.001204890 0.003195240 0.000438800 0.000078430 0.006196650 0.003256650 0.001064060 0.000397000 0.001491560 0.007754300 0.000969430 0.003079230 0.002743220 0.013392880 0.009925280 0.007025530 0.007563600 0.010257720 0.005115140 0.001152980 0.003214810 0.000339530 0.000096990 0.003002910 0.007455140 0.002715380 0.000822920 0.006936020 0.003105600 0.000000010 0.000765400 0.000375300 0.000012510 
25     0.007136010 0.004081210 0.000788330 0.014107760 0.010646360 0.009843470 0.008110620 0.003988040 0.000000000 0.000000380 0.003589720 0.006617030 0.007492150 0.006004700 0.003990910 0.007826820 0.003242730 0.006386740 0.006671760 0.002589680 0.003477590 0.002193470 0.010837970 0.006341770 0.008942570 0.000441440 0.005278090 0.003144380 0.000905510 0.004572640 0.008990920 0.010808020 0.002283800 0.006774800 0.004059130 0.003508330 0.020756920 0.006344720 0.009783350 0.001592550 0.002192140 0.001175350 0.003276150 0.007396950 0.002807340 0.001644930 0.005322150 0.010392400 0.003612910 0.003375190 0.000873180 
36     0.004858350 0.000929500 0.001821020 0.008150530 0.005975740 0.003706880 0.000475140 0.007007410 0.000000380 0.000000000 0.002047890 0.006920980 0.005351570 0.004080250 0.005002570 0.007925280 0.009456420 0.002634060 0.002540430 0.001116560 0.004657600 0.000720350 0.010392170 0.000904040 0.000507020 0.001441160 0.002063200 0.002248210 0.003626450 0.010012240 0.002631510 0.014215890 0.013486690 0.004805160 0.003086570 0.000869550 0.010162460 0.003461410 0.001628470 0.001894920 0.000172720 0.009948790 0.002462830 0.006407700 0.002140930 0.005929670 0.003757810 0.006825380 0.007915820 0.002721850 0.000796090 
15     0.009176940 0.009128850 0.010210420 0.001466820 0.005643800 0.001595810 0.005427990 0.003591230 0.003589720 0.002047890 0.000000000 0.002836400 0.000326370 0.000297410 0.002049610 0.006752810 0.000501200 0.003538520 0.003808830 0.011106410 0.001463530 0.005148330 0.007835540 0.003631050 0.004203440 0.002377420 0.000699460 0.003364910 0.014103720 0.004605500 0.009233270 0.014648470 0.006870100 0.014738160 0.000411510 0.007820840 0.007964650 0.003140160 0.008885730 0.008677110 0.005396350 0.004931530 0.009030380 0.004496260 0.003978800 0.002970760 0.015593360 0.000326450 0.007385040 0.007202010 0.000442940 
17     0.004932070 0.006210580 0.013015620 0.010911530 0.008504510 0.014132330 0.011068240 0.004839310 0.006617030 0.006920980 0.002836400 0.000000000 0.000584110 0.001466140 0.001732800 0.005791980 0.001876860 0.003175640 0.002334410 0.001313790 0.006525220 0.001483390 0.005002250 0.007333850 0.001863960 0.002373670 0.000119500 0.001971470 0.001554790 0.004360050 0.015210900 0.007696180 0.006689940 0.010771730 0.008060140 0.009017650 0.008873440 0.006024920 0.003392270 0.004236200 0.011035010 0.005639470 0.007566160 0.004599940 0.004889760 0.006656480 0.009651000 0.004517380 0.000622880 0.003903630 0.003035230 
20     0.003333090 0.006505040 0.000000000 0.004248090 0.001246350 0.000490780 0.007281900 0.009248610 0.007492150 0.005351570 0.000326370 0.000584110 0.000000000 0.000345670 0.002265960 0.000419330 0.002307580 0.008351490 0.006835070 0.007885690 0.004207290 0.002141360 0.000615650 0.004244030 0.003024740 0.007376550 0.004083380 0.007403440 0.000062490 0.001462970 0.010015330 0.002537840 0.005251710 0.013230350 0.003436550 0.006584910 0.002048060 0.005115070 0.014624420 0.003932140 0.011063970 0.007784730 0.005073860 0.002107640 0.002397460 0.003047800 0.002312300 0.000000080 0.005538370 0.004524490 0.006653210 
21     0.002102950 0.003228730 0.007366670 0.010396180 0.000372700 0.006552870 0.008242770 0.014097560 0.006004700 0.004080250 0.000297410 0.001466140 0.000345670 0.000000000 0.003502460 0.005461240 0.000005990 0.005969420 0.006102200 0.007773510 0.006374330 0.000649490 0.013310200 0.002318780 0.003133470 0.004455140 0.006789300 0.001706500 0.000786510 0.000092610 0.011121700 0.007371240 0.008131530 0.006967860 0.004262500 0.014609560 0.002329610 0.016239760 0.007558370 0.007862420 0.004761910 0.006440970 0.007017790 0.004051570 0.000386020 0.012188800 0.011004320 0.000621540 0.010764320 0.009743670 0.008590900 
11     0.011214010 0.000276710 0.004499390 0.007597460 0.002993070 0.003912020 0.002506520 0.003063180 0.003990910 0.005002570 0.002049610 0.001732800 0.002265960 0.003502460 0.000000000 0.001351080 0.001314390 0.001072960 0.001035230 0.001284710 0.002498680 0.000568240 0.003990730 0.003163120 0.004633890 0.001655850 0.004189600 0.006510130 0.002094370 0.002675060 0.003115380 0.001071900 0.001288980 0.004819870 0.003707030 0.008052060 0.004761510 0.002338380 0.007055820 0.000494160 0.003881850 0.000625130 0.002691360 0.012739650 0.005486160 0.002899630 0.009408470 0.010080400 0.005919300 0.008395360 0.003984120 
26     0.000985420 0.002235490 0.006086500 0.005785970 0.012667220 0.012904170 0.007395140 0.012993010 0.007826820 0.007925280 0.006752810 0.005791980 0.000419330 0.005461240 0.001351080 0.000000000 0.000358730 0.000783400 0.000643580 0.002356980 0.000622700 0.006134310 0.003632240 0.001541420 0.003620880 0.003305130 0.006565680 0.010579760 0.003801190 0.003586410 0.009908960 0.008558490 0.002350210 0.008775190 0.008165120 0.011550560 0.003227380 0.001703910 0.005953260 0.006411220 0.009571040 0.000799360 0.003535200 0.006076160 0.008000440 0.007375740 0.007380590 0.009230040 0.009909810 0.004559340 0.003260620 
13     0.002961340 0.002117200 0.004804600 0.005767350 0.007248100 0.005356700 0.009647800 0.006129050 0.003242730 0.009456420 0.000501200 0.001876860 0.002307580 0.000005990 0.001314390 0.000358730 0.000000000 0.000314900 0.000679350 0.001026250 0.009936050 0.006108360 0.001818400 0.009075410 0.004220510 0.006634030 0.008002300 0.004714210 0.008153800 0.000782450 0.001501680 0.004191570 0.003134280 0.001897580 0.005844370 0.006689630 0.002287910 0.005932650 0.008420870 0.000232310 0.002758580 0.007702750 0.004051010 0.007622380 0.003496660 0.007452240 0.002872690 0.008248930 0.001247220 0.009651560 0.002423800 
10     0.003857760 0.002718410 0.002943600 0.007300550 0.005703560 0.002496420 0.008565170 0.000439110 0.006386740 0.002634060 0.003538520 0.003175640 0.008351490 0.005969420 0.001072960 0.000783400 0.000314900 0.000000000 0.000088460 0.006731270 0.000000690 0.003302870 0.008479150 0.003818520 0.000932940 0.001971360 0.001728930 0.003484310 0.001994760 0.005425420 0.002131690 0.001944760 0.003859700 0.001459840 0.009779970 0.010737480 0.004288670 0.003276980 0.011400010 0.004352820 0.009960160 0.004772830 0.001820430 0.006723040 0.003618260 0.006355790 0.007725090 0.000439100 0.012204520 0.009258390 0.010342020 
18     0.004623540 0.003235850 0.000838300 0.007770940 0.005714880 0.003086430 0.008535250 0.001204890 0.006671760 0.002540430 0.003808830 0.002334410 0.006835070 0.006102200 0.001035230 0.000643580 0.000679350 0.000088460 0.000000000 0.006742590 0.000766470 0.002604860 0.009290060 0.004629430 0.001006610 0.002737140 0.002494710 0.001416940 0.012858930 0.005478840 0.005153160 0.001878460 0.003793400 0.001457480 0.008812090 0.009769600 0.008672980 0.003239250 0.009209200 0.003384940 0.007790470 0.004156510 0.001750490 0.005755160 0.007306610 0.007834920 0.008490870 0.001204880 0.010769350 0.011279570 0.011131290 
30     0.004702480 0.008799770 0.001148200 0.003418550 0.001058680 0.004339510 0.004944930 0.003195240 0.002589680 0.001116560 0.011106410 0.001313790 0.007885690 0.007773510 0.001284710 0.002356980 0.001026250 0.006731270 0.006742590 0.000000000 0.000003690 0.000557270 0.004418220 0.006414070 0.005061380 0.003887670 0.006722660 0.006418130 0.002521860 0.009572770 0.003890460 0.003270370 0.003162260 0.005247360 0.004186730 0.008479550 0.003180290 0.001034630 0.005873960 0.001018290 0.010996960 0.007662240 0.002065860 0.002315540 0.001519450 0.009728430 0.000756400 0.008879120 0.009117560 0.004916490 0.003330930 
22     0.000645100 0.007286090 0.004338050 0.007300240 0.004782250 0.000542880 0.008340560 0.000438800 0.003477590 0.004657600 0.001463530 0.006525220 0.004207290 0.006374330 0.002498680 0.000622700 0.009936050 0.000000690 0.000766470 0.000003690 0.000000000 0.002743520 0.006211970 0.006765030 0.001299020 0.001971050 0.001728620 0.006715580 0.002044140 0.006879250 0.006211940 0.003543900 0.006539860 0.001953240 0.003189790 0.011305090 0.006667150 0.006045730 0.004373090 0.003871910 0.011558670 0.002340060 0.003905000 0.005580360 0.003436190 0.007725520 0.007724780 0.000438790 0.011665050 0.011076300 0.003155890 
37     0.001245020 0.002729000 0.002143740 0.002021820 0.005167110 0.001229180 0.008622860 0.000078430 0.002193470 0.000720350 0.005148330 0.001483390 0.002141360 0.000649490 0.000568240 0.006134310 0.006108360 0.003302870 0.002604860 0.000557270 0.002743520 0.000000000 0.001054270 0.005568440 0.001649140 0.000475430 0.002275450 0.001205040 0.000891000 0.002671770 0.005196680 0.003720910 0.003668760 0.001036010 0.001750370 0.002707880 0.001972010 0.004395560 0.004675120 0.002718330 0.000915720 0.001863530 0.005136340 0.004319050 0.001944460 0.005501760 0.006799130 0.003297010 0.003353860 0.006855020 0.009998570 
47     0.007370900 0.009504310 0.009374950 0.003080250 0.000342910 0.000078710 0.009577140 0.006196650 0.010837970 0.010392170 0.007835540 0.005002250 0.000615650 0.013310200 0.003990730 0.003632240 0.001818400 0.008479150 0.009290060 0.004418220 0.006211970 0.001054270 0.000000000 0.000524790 0.003428750 0.004433830 0.001827660 0.000360050 0.003540790 0.004292870 0.012734840 0.008272400 0.003886350 0.000657100 0.001624250 0.005367520 0.002628450 0.011143010 0.004401130 0.003145140 0.012866530 0.011804520 0.003727090 0.012166740 0.002899340 0.005326930 0.008076060 0.002665550 0.014573890 0.010832950 0.008595590 
49     0.007833370 0.009763630 0.009404010 0.003659140 0.006432300 0.006168100 0.010208140 0.003256650 0.006341770 0.000904040 0.003631050 0.007333850 0.004244030 0.002318780 0.003163120 0.001541420 0.009075410 0.003818520 0.004629430 0.006414070 0.006765030 0.005568440 0.000524790 0.000000000 0.003480900 0.004103070 0.001341130 0.003414210 0.007434140 0.007583000 0.002481810 0.009483800 0.001011520 0.007534710 0.003485440 0.003358050 0.003362070 0.005532610 0.001036980 0.002574890 0.011268450 0.010538210 0.005944140 0.012226090 0.007081950 0.002229640 0.010626390 0.009947910 0.001163520 0.002649800 0.010172120 
9     0.004482710 0.006525930 0.002181990 0.004378260 0.004171400 0.005644030 0.001802790 0.001064060 0.008942570 0.000507020 0.004203440 0.001863960 0.003024740 0.003133470 0.004633890 0.003620880 0.004220510 0.000932940 0.001006610 0.005061380 0.001299020 0.001649140 0.003428750 0.003480900 0.000000000 0.000175570 0.000463880 0.000251070 0.002540140 0.012086870 0.012915540 0.005864780 0.011495990 0.005552510 0.001383940 0.001256550 0.001260570 0.002848910 0.003634400 0.003527740 0.002982340 0.001039680 0.008333560 0.002567100 0.005796680 0.009483030 0.004098870 0.001064050 0.005668500 0.005770720 0.002920300 
29     0.005154740 0.005897080 0.005524830 0.008597530 0.006788280 0.005616920 0.004856140 0.000397000 0.000441440 0.001441160 0.002377420 0.002373670 0.007376550 0.004455140 0.001655850 0.003305130 0.006634030 0.001971360 0.002737140 0.003887670 0.001971050 0.000475430 0.004433830 0.004103070 0.000175570 0.000000000 0.000712980 0.000478510 0.001366430 0.011747940 0.009604980 0.003413720 0.010322280 0.004992270 0.002910460 0.002783070 0.002787090 0.001060250 0.006259060 0.001296660 0.004546700 0.006204510 0.003735260 0.004324600 0.005168200 0.009860940 0.000706160 0.001736080 0.004338530 0.002801830 0.004495230 
33     0.004912310 0.006769550 0.005392910 0.008355100 0.008540860 0.005673240 0.003743360 0.001491560 0.005278090 0.002063200 0.000699460 0.000119500 0.004083380 0.006789300 0.004189600 0.006565680 0.008002300 0.001728930 0.002494710 0.006722660 0.001728620 0.002275450 0.001827660 0.001341130 0.000463880 0.000712980 0.000000000 0.000048760 0.004172350 0.011571990 0.009187930 0.002956760 0.010114550 0.002772860 0.008132120 0.003374660 0.004003060 0.004263010 0.004748200 0.002845130 0.006394980 0.006168370 0.006190170 0.002711250 0.004597690 0.005162430 0.000319770 0.001493650 0.000648600 0.001625780 0.002556240 
42     0.009140010 0.003070900 0.004531650 0.007035870 0.006398120 0.001436610 0.004521960 0.007754300 0.003144380 0.002248210 0.003364910 0.001971470 0.007403440 0.001706500 0.006510130 0.010579760 0.004714210 0.003484310 0.001416940 0.006418130 0.006715580 0.001205040 0.000360050 0.003414210 0.000251070 0.000478510 0.000048760 0.000000000 0.004909660 0.007137880 0.012292090 0.003622940 0.008077770 0.003498860 0.001343440 0.001216050 0.001220070 0.001464400 0.002554930 0.003973630 0.001327490 0.003523800 0.006179900 0.002160980 0.002423190 0.006045080 0.005974490 0.005585350 0.008915830 0.006336280 0.005523090 
38     0.004745150 0.002040230 0.001912810 0.003691660 0.003712530 0.000182740 0.003896990 0.000969430 0.000905510 0.003626450 0.014103720 0.001554790 0.000062490 0.000786510 0.002094370 0.003801190 0.008153800 0.001994760 0.012858930 0.002521860 0.002044140 0.000891000 0.003540790 0.007434140 0.002540140 0.001366430 0.004172350 0.004909660 0.000000000 0.010382130 0.009859510 0.016302820 0.002640710 0.002062740 0.000644320 0.003440510 0.009768530 0.000398250 0.000011620 0.001827950 0.001780160 0.002470400 0.005574340 0.005914140 0.003194610 0.001288440 0.003435930 0.005504210 0.002827610 0.002710540 0.008850690 
12     0.007259010 0.005132480 0.005010080 0.006608030 0.004045980 0.001610710 0.007376490 0.003079230 0.004572640 0.010012240 0.004605500 0.004360050 0.001462970 0.000092610 0.002675060 0.003586410 0.000782450 0.005425420 0.005478840 0.009572770 0.006879250 0.002671770 0.004292870 0.007583000 0.012086870 0.011747940 0.011571990 0.007137880 0.010382130 0.000000000 0.000489350 0.000742950 0.001937650 0.001981550 0.002830130 0.002188140 0.001305030 0.005496160 0.000719220 0.000770100 0.003452880 0.002942860 0.006113700 0.006151580 0.005258800 0.003510680 0.009405690 0.010002380 0.008162330 0.008048730 0.008046730 
43     0.008137330 0.002585180 0.002220790 0.004130910 0.011434440 0.006238840 0.003185040 0.002743220 0.008990920 0.002631510 0.009233270 0.015210900 0.010015330 0.011121700 0.003115380 0.009908960 0.001501680 0.002131690 0.005153160 0.003890460 0.006211940 0.005196680 0.012734840 0.002481810 0.012915540 0.009604980 0.009187930 0.012292090 0.009859510 0.000489350 0.000000000 0.000447900 0.001354100 0.001491640 0.003716300 0.004303370 0.003227550 0.006996250 0.007057730 0.000085700 0.007812110 0.005543070 0.002359410 0.002714290 0.004645010 0.006921820 0.011896890 0.003469720 0.005381070 0.004380640 0.005829060 
45     0.005348720 0.001214780 0.000920480 0.006408970 0.002668030 0.004938680 0.003743490 0.013392880 0.010808020 0.014215890 0.014648470 0.007696180 0.002537840 0.007371240 0.001071900 0.008558490 0.004191570 0.001944760 0.001878460 0.003270370 0.003543900 0.003720910 0.008272400 0.009483800 0.005864780 0.003413720 0.002956760 0.003622940 0.016302820 0.000742950 0.000447900 0.000000000 0.000002270 0.000445470 0.007910130 0.004470370 0.002934400 0.007485990 0.008085870 0.002787850 0.003735650 0.005331820 0.000339710 0.005322870 0.004430090 0.006607680 0.001864190 0.003602230 0.004492330 0.007777410 0.003076650 
39     0.005647120 0.009488070 0.009076480 0.003690820 0.004080980 0.003807640 0.007442720 0.009925280 0.002283800 0.013486690 0.006870100 0.006689940 0.005251710 0.008131530 0.001288980 0.002350210 0.003134280 0.003859700 0.003793400 0.003162260 0.006539860 0.003668760 0.003886350 0.001011520 0.011495990 0.010322280 0.010114550 0.008077770 0.002640710 0.001937650 0.001354100 0.000002270 0.000000000 0.000668150 0.004320910 0.006416650 0.001542870 0.004641070 0.002343580 0.002758280 0.004199150 0.006238080 0.000159260 0.004992500 0.001075340 0.006098330 0.003737980 0.004578790 0.003188000 0.012950380 0.003503800 
35     0.003140660 0.004449150 0.002739360 0.000766200 0.008147970 0.007874630 0.005743670 0.007025530 0.006774800 0.004805160 0.014738160 0.010771730 0.013230350 0.006967860 0.004819870 0.008775190 0.001897580 0.001459840 0.001457480 0.005247360 0.001953240 0.001036010 0.000657100 0.007534710 0.005552510 0.004992270 0.002772860 0.003498860 0.002062740 0.001981550 0.001491640 0.000445470 0.000668150 0.000000000 0.004096070 0.005046350 0.003617010 0.000048340 0.000768910 0.002814390 0.006227650 0.004808380 0.008684530 0.007809390 0.006916610 0.007811040 0.007304150 0.002886170 0.009598050 0.010108270 0.004230140 
14     0.001621290 0.000672960 0.001525950 0.011326240 0.009217940 0.000625660 0.005043890 0.007563600 0.004059130 0.003086570 0.000411510 0.008060140 0.003436550 0.004262500 0.003707030 0.008165120 0.005844370 0.009779970 0.008812090 0.004186730 0.003189790 0.001750370 0.001624250 0.003485440 0.001383940 0.002910460 0.008132120 0.001343440 0.000644320 0.002830130 0.003716300 0.007910130 0.004320910 0.004096070 0.000000000 0.000148450 0.000152470 0.001040090 0.000653460 0.003221240 0.013889410 0.002044280 0.008708170 0.002976940 0.005722310 0.004391220 0.000885110 0.009463390 0.003180800 0.003912420 0.005071110 
48     0.007130510 0.013334780 0.013476490 0.010866480 0.003230130 0.003819510 0.005053670 0.010257720 0.003508330 0.000869550 0.007820840 0.009017650 0.006584910 0.014609560 0.008052060 0.011550560 0.006689630 0.010737480 0.009769600 0.008479550 0.011305090 0.002707880 0.005367520 0.003358050 0.001256550 0.002783070 0.003374660 0.001216050 0.003440510 0.002188140 0.004303370 0.004470370 0.006416650 0.005046350 0.000148450 0.000000000 0.000009620 0.008236020 0.003699620 0.002250970 0.005416870 0.001254690 0.003437090 0.005806170 0.007716900 0.000300160 0.012690680 0.001871820 0.000239870 0.008240480 0.004483870 
16     0.008516190 0.009695240 0.011710970 0.013069460 0.008808520 0.009749870 0.004482390 0.005115140 0.020756920 0.010162460 0.007964650 0.008873440 0.002048060 0.002329610 0.004761510 0.003227380 0.002287910 0.004288670 0.008672980 0.003180290 0.006667150 0.001972010 0.002628450 0.003362070 0.001260570 0.002787090 0.004003060 0.001220070 0.009768530 0.001305030 0.003227550 0.002934400 0.001542870 0.003617010 0.000152470 0.000009620 0.000000000 0.008372310 0.005559770 0.003244650 0.007147780 0.003371180 0.007119210 0.002179150 0.016673510 0.014133340 0.003118840 0.006274740 0.007402810 0.009915950 0.006018340 
46     0.007702420 0.004634550 0.005115410 0.006900600 0.001863780 0.000578510 0.008556150 0.001152980 0.006344720 0.003461410 0.003140160 0.006024920 0.005115070 0.016239760 0.002338380 0.001703910 0.005932650 0.003276980 0.003239250 0.001034630 0.006045730 0.004395560 0.011143010 0.005532610 0.002848910 0.001060250 0.004263010 0.001464400 0.000398250 0.005496160 0.006996250 0.007485990 0.004641070 0.000048340 0.001040090 0.008236020 0.008372310 0.000000000 0.000090570 0.001165370 0.001823640 0.001056150 0.003112510 0.004252650 0.004037360 0.002618510 0.002192540 0.003390420 0.001594440 0.001671020 0.000086460 
27     0.003027320 0.004007640 0.004232280 0.013239160 0.008792030 0.000191880 0.005228680 0.003214810 0.009783350 0.001628470 0.008885730 0.003392270 0.014624420 0.007558370 0.007055820 0.005953260 0.008420870 0.011400010 0.009209200 0.005873960 0.004373090 0.004675120 0.004401130 0.001036980 0.003634400 0.006259060 0.004748200 0.002554930 0.000011620 0.000719220 0.007057730 0.008085870 0.002343580 0.000768910 0.000653460 0.003699620 0.005559770 0.000090570 0.000000000 0.002588580 0.001753690 0.003171690 0.005329930 0.007984040 0.002130150 0.007810580 0.002704520 0.005962450 0.002193990 0.000991280 0.000016490 
19     0.009947190 0.002758470 0.001900890 0.003670870 0.003918940 0.002759660 0.001796420 0.000339530 0.001592550 0.001894920 0.008677110 0.004236200 0.003932140 0.007862420 0.000494160 0.006411220 0.000232310 0.004352820 0.003384940 0.001018290 0.003871910 0.002718330 0.003145140 0.002574890 0.003527740 0.001296660 0.002845130 0.003973630 0.001827950 0.000770100 0.000085700 0.002787850 0.002758280 0.002814390 0.003221240 0.002250970 0.003244650 0.001165370 0.002588580 0.000000000 0.002795720 0.003015300 0.004792980 0.006199780 0.005100870 0.004973660 0.002672410 0.007002960 0.000780990 0.000857570 0.003509030 
50     0.006419390 0.007251320 0.004819870 0.001524010 0.012010760 0.008370840 0.009653340 0.000096990 0.002192140 0.000172720 0.005396350 0.011035010 0.011063970 0.004761910 0.003881850 0.009571040 0.002758580 0.009960160 0.007790470 0.010996960 0.011558670 0.000915720 0.012866530 0.011268450 0.002982340 0.004546700 0.006394980 0.001327490 0.001780160 0.003452880 0.007812110 0.003735650 0.004199150 0.006227650 0.013889410 0.005416870 0.007147780 0.001823640 0.001753690 0.002795720 0.000000000 0.000219580 0.001152410 0.008606090 0.007941390 0.001054200 0.007895890 0.009245810 0.003224790 0.003301370 0.001749580 
34     0.005886360 0.004434100 0.006520510 0.000523850 0.004724800 0.000518320 0.001858550 0.003002910 0.001175350 0.009948790 0.004931530 0.005639470 0.007784730 0.006440970 0.000625130 0.000799360 0.007702750 0.004772830 0.004156510 0.007662240 0.002340060 0.001863530 0.011804520 0.010538210 0.001039680 0.006204510 0.006168370 0.003523800 0.002470400 0.002942860 0.005543070 0.005331820 0.006238080 0.004808380 0.002044280 0.001254690 0.003371180 0.001056150 0.003171690 0.003015300 0.000219580 0.000000000 0.000780150 0.005079410 0.007024520 0.001962140 0.003298250 0.000440700 0.003444370 0.003520950 0.003579810 
40     0.010873790 0.009424680 0.003455580 0.001988360 0.001640650 0.001113390 0.004010480 0.007455140 0.003276150 0.002462830 0.009030380 0.007566160 0.005073860 0.007017790 0.002691360 0.003535200 0.004051010 0.001820430 0.001750490 0.002065860 0.003905000 0.005136340 0.003727090 0.005944140 0.008333560 0.003735260 0.006190170 0.006179900 0.005574340 0.006113700 0.002359410 0.000339710 0.000159260 0.008684530 0.008708170 0.003437090 0.007119210 0.003112510 0.005329930 0.004792980 0.001152410 0.000780150 0.000000000 0.000830940 0.000518890 0.009273850 0.000000040 0.006229440 0.004577890 0.005088110 0.004939830 
24     0.006076420 0.005262440 0.003963500 0.006862790 0.008338270 0.004236950 0.009308010 0.002715380 0.007396950 0.006407700 0.004496260 0.004599940 0.002107640 0.004051570 0.012739650 0.006076160 0.007622380 0.006723040 0.005755160 0.002315540 0.005580360 0.004319050 0.012166740 0.012226090 0.002567100 0.004324600 0.002711250 0.002160980 0.005914140 0.006151580 0.002714290 0.005322870 0.004992500 0.007809390 0.002976940 0.005806170 0.002179150 0.004252650 0.007984040 0.006199780 0.008606090 0.005079410 0.000830940 0.000000000 0.000275920 0.002957130 0.016604660 0.013021950 0.011478040 0.012827590 0.011237320 
31     0.002328330 0.004779400 0.007252110 0.010268960 0.004877230 0.004603890 0.011615160 0.000822920 0.002807340 0.002140930 0.003978800 0.004889760 0.002397460 0.000386020 0.005486160 0.008000440 0.003496660 0.003618260 0.007306610 0.001519450 0.003436190 0.001944460 0.002899340 0.007081950 0.005796680 0.005168200 0.004597690 0.002423190 0.003194610 0.005258800 0.004645010 0.004430090 0.001075340 0.006916610 0.005722310 0.007716900 0.016673510 0.004037360 0.002130150 0.005100870 0.007941390 0.007024520 0.000518890 0.000275920 0.000000000 0.005114430 0.015170120 0.010164070 0.004885780 0.002526410 0.001526300 
44     0.009996770 0.003322120 0.004500940 0.003638720 0.000939380 0.006793290 0.001909250 0.006936020 0.001644930 0.005929670 0.002970760 0.006656480 0.003047800 0.012188800 0.002899630 0.007375740 0.007452240 0.006355790 0.007834920 0.009728430 0.007725520 0.005501760 0.005326930 0.002229640 0.009483030 0.009860940 0.005162430 0.006045080 0.001288440 0.003510680 0.006921820 0.006607680 0.006098330 0.007811040 0.004391220 0.000300160 0.014133340 0.002618510 0.007810580 0.004973660 0.001054200 0.001962140 0.009273850 0.002957130 0.005114430 0.000000000 0.000776740 0.001341830 0.002510320 0.005618160 0.000565620 
41     0.010149290 0.006341810 0.001241580 0.000574350 0.006357980 0.008881840 0.000410790 0.003105600 0.005322150 0.003757810 0.015593360 0.009651000 0.002312300 0.011004320 0.009408470 0.007380590 0.002872690 0.007725090 0.008490870 0.000756400 0.007724780 0.006799130 0.008076060 0.010626390 0.004098870 0.000706160 0.000319770 0.005974490 0.003435930 0.009405690 0.011896890 0.001864190 0.003737980 0.007304150 0.000885110 0.012690680 0.003118840 0.002192540 0.002704520 0.002672410 0.007895890 0.003298250 0.000000040 0.016604660 0.015170120 0.000776740 0.000000000 0.000947330 0.004581220 0.010937440 0.003093090 
23     0.003539980 0.005926710 0.004068360 0.003532820 0.002117020 0.004596770 0.002402470 0.000000010 0.010392400 0.006825380 0.000326450 0.004517380 0.000000080 0.000621540 0.010080400 0.009230040 0.008248930 0.000439100 0.001204880 0.008879120 0.000438790 0.003297010 0.002665550 0.009947910 0.001064050 0.001736080 0.001493650 0.005585350 0.005504210 0.010002380 0.003469720 0.003602230 0.004578790 0.002886170 0.009463390 0.001871820 0.006274740 0.003390420 0.005962450 0.007002960 0.009245810 0.000440700 0.006229440 0.013021950 0.010164070 0.001341830 0.000947330 0.000000000 0.003316090 0.003906950 0.002422250 
28     0.002609760 0.005662150 0.004594660 0.009971450 0.004457370 0.007784090 0.002267360 0.000765400 0.003612910 0.007915820 0.007385040 0.000622880 0.005538370 0.010764320 0.005919300 0.009909810 0.001247220 0.012204520 0.010769350 0.009117560 0.011665050 0.003353860 0.014573890 0.001163520 0.005668500 0.004338530 0.000648600 0.008915830 0.002827610 0.008162330 0.005381070 0.004492330 0.003188000 0.009598050 0.003180800 0.000239870 0.007402810 0.001594440 0.002193990 0.000780990 0.003224790 0.003444370 0.004577890 0.011478040 0.004885780 0.002510320 0.004581220 0.003316090 0.000000000 0.000000340 0.005624660 
32     0.002645790 0.001900580 0.001861120 0.003533460 0.005314460 0.010333790 0.001602980 0.000375300 0.003375190 0.002721850 0.007202010 0.003903630 0.004524490 0.009743670 0.008395360 0.004559340 0.009651560 0.009258390 0.011279570 0.004916490 0.011076300 0.006855020 0.010832950 0.002649800 0.005770720 0.002801830 0.001625780 0.006336280 0.002710540 0.008048730 0.004380640 0.007777410 0.012950380 0.010108270 0.003912420 0.008240480 0.009915950 0.001671020 0.000991280 0.000857570 0.003301370 0.003520950 0.005088110 0.012827590 0.002526410 0.005618160 0.010937440 0.003906950 0.000000340 0.000000000 0.001417110 
0     0.007225430 0.003536130 0.005408710 0.002341810 0.004093500 0.002678190 0.002077570 0.000012510 0.000873180 0.000796090 0.000442940 0.003035230 0.006653210 0.008590900 0.003984120 0.003260620 0.002423800 0.010342020 0.011131290 0.003330930 0.003155890 0.009998570 0.008595590 0.010172120 0.002920300 0.004495230 0.002556240 0.005523090 0.008850690 0.008046730 0.005829060 0.003076650 0.003503800 0.004230140 0.005071110 0.004483870 0.006018340 0.000086460 0.000016490 0.003509030 0.001749580 0.003579810 0.004939830 0.011237320 0.001526300 0.000565620 0.003093090 0.002422250 0.005624660 0.001417110 0.000000000 
