51
23     0.000000000 0.000421980 0.000608690 0.000968960 0.000936820 0.001029170 0.001284570 0.001255040 0.001070180 0.001078540 0.001109440 0.000971210 0.001021360 0.001050130 0.001047220 0.001020570 0.001040800 0.001443130 0.001689140 0.001253110 0.001350820 0.001635900 0.001971110 0.001566630 0.001401740 0.001512710 0.001629740 0.001621760 0.001418070 0.001439740 0.001442550 0.001436190 0.001450470 0.001788750 0.001558960 0.001530380 0.001995250 0.001999350 0.002150650 0.001894960 0.001704310 0.001828940 0.001892270 0.001852070 0.001891220 0.001390130 0.001330590 0.002211230 0.001653770 0.001440050 0.002640200 
37     0.000421980 0.000000000 0.000013050 0.001046310 0.001014170 0.001106520 0.001361920 0.001332390 0.001147530 0.001155890 0.001186790 0.001048560 0.001098710 0.001127480 0.001124570 0.001097920 0.001118150 0.001520480 0.001766490 0.001330460 0.001428170 0.001713250 0.002048460 0.001643980 0.001479090 0.001590060 0.001707090 0.001699110 0.001495420 0.001517090 0.001519900 0.001513540 0.001527820 0.001866100 0.001636310 0.001607730 0.002072600 0.002076700 0.002228000 0.001972310 0.001781660 0.001906290 0.001969620 0.001929420 0.001968570 0.001467480 0.001407940 0.002288580 0.001731120 0.001517400 0.002717550 
10     0.000608690 0.000013050 0.000000000 0.001061300 0.001029160 0.001121510 0.001376910 0.001347380 0.001162520 0.001170880 0.001201780 0.001063550 0.001113700 0.001142470 0.001139560 0.001112910 0.001133140 0.001535470 0.001781480 0.001345450 0.001443160 0.001728240 0.002063450 0.001658970 0.001494080 0.001605050 0.001722080 0.001714100 0.001510410 0.001532080 0.001534890 0.001528530 0.001542810 0.001881090 0.001651300 0.001622720 0.002087590 0.002091690 0.002242990 0.001987300 0.001796650 0.001921280 0.001984610 0.001944410 0.001983560 0.001482470 0.001422930 0.002303570 0.001746110 0.001532390 0.002732540 
16     0.000968960 0.001046310 0.001061300 0.000000000 0.000152840 0.000240700 0.000814850 0.000785320 0.000542660 0.000608820 0.000639720 0.000445330 0.000551640 0.000580410 0.000577500 0.000550850 0.000514920 0.001395950 0.001641960 0.001205930 0.001303640 0.001588720 0.001923930 0.001519450 0.001354560 0.001465530 0.001582560 0.001574580 0.001370890 0.001392560 0.001395370 0.001389010 0.001403290 0.001741570 0.001511780 0.001483200 0.001948070 0.001952170 0.002103470 0.001847780 0.001657130 0.001781760 0.001845090 0.001804890 0.001844040 0.001342950 0.001283410 0.002164050 0.001606590 0.001392870 0.002593020 
25     0.000936820 0.001014170 0.001029160 0.000152840 0.000000000 0.000093320 0.000782710 0.000753180 0.000510520 0.000576680 0.000607580 0.000413190 0.000519500 0.000548270 0.000545360 0.000518710 0.000482780 0.001363810 0.001609820 0.001173790 0.001271500 0.001556580 0.001891790 0.001487310 0.001322420 0.001433390 0.001550420 0.001542440 0.001338750 0.001360420 0.001363230 0.001356870 0.001371150 0.001709430 0.001479640 0.001451060 0.001915930 0.001920030 0.002071330 0.001815640 0.001624990 0.001749620 0.001812950 0.001772750 0.001811900 0.001310810 0.001251270 0.002131910 0.001574450 0.001360730 0.002560880 
4     0.001029170 0.001106520 0.001121510 0.000240700 0.000093320 0.000000000 0.000875060 0.000845530 0.000646090 0.000648830 0.000699930 0.000547120 0.000611850 0.000640620 0.000637710 0.000611060 0.000616710 0.001456160 0.001702170 0.001266140 0.001363850 0.001648930 0.001984140 0.001579660 0.001414770 0.001525740 0.001642770 0.001634790 0.001431100 0.001452770 0.001455580 0.001449220 0.001463500 0.001801780 0.001571990 0.001543410 0.002008280 0.002012380 0.002163680 0.001907990 0.001717340 0.001841970 0.001905300 0.001865100 0.001904250 0.001403160 0.001343620 0.002224260 0.001666800 0.001453080 0.002653230 
3     0.001284570 0.001361920 0.001376910 0.000814850 0.000782710 0.000875060 0.000000000 0.000122230 0.000657990 0.000893810 0.000924710 0.000817100 0.000836630 0.000865400 0.000862490 0.000835840 0.000886690 0.001711560 0.001957570 0.001521540 0.001619250 0.001904330 0.002239540 0.001835060 0.001670170 0.001781140 0.001898170 0.001890190 0.001686500 0.001708170 0.001710980 0.001704620 0.001718900 0.002057180 0.001827390 0.001798810 0.002263680 0.002267780 0.002419080 0.002163390 0.001972740 0.002097370 0.002160700 0.002120500 0.002159650 0.001658560 0.001599020 0.002479660 0.001922200 0.001708480 0.002908630 
18     0.001255040 0.001332390 0.001347380 0.000785320 0.000753180 0.000845530 0.000122230 0.000000000 0.000886540 0.000864280 0.000895180 0.000787570 0.000807100 0.000835870 0.000832960 0.000806310 0.000857160 0.001682030 0.001928040 0.001492010 0.001589720 0.001874800 0.002210010 0.001805530 0.001640640 0.001751610 0.001868640 0.001860660 0.001656970 0.001678640 0.001681450 0.001675090 0.001689370 0.002027650 0.001797860 0.001769280 0.002234150 0.002238250 0.002389550 0.002133860 0.001943210 0.002067840 0.002131170 0.002090970 0.002130120 0.001629030 0.001569490 0.002450130 0.001892670 0.001678950 0.002879100 
12     0.001070180 0.001147530 0.001162520 0.000542660 0.000510520 0.000646090 0.000657990 0.000886540 0.000000000 0.000710040 0.000740940 0.000546550 0.000652860 0.000681630 0.000678720 0.000652070 0.000616140 0.001497170 0.001743180 0.001307150 0.001404860 0.001689940 0.002025150 0.001620670 0.001455780 0.001566750 0.001683780 0.001675800 0.001472110 0.001493780 0.001496590 0.001490230 0.001504510 0.001842790 0.001613000 0.001584420 0.002049290 0.002053390 0.002204690 0.001949000 0.001758350 0.001882980 0.001946310 0.001906110 0.001945260 0.001444170 0.001384630 0.002265270 0.001707810 0.001494090 0.002694240 
8     0.001078540 0.001155890 0.001170880 0.000608820 0.000576680 0.000648830 0.000893810 0.000864280 0.000710040 0.000000000 0.000332560 0.000561340 0.000226840 0.000255610 0.000252700 0.000429400 0.000680660 0.001505530 0.001751540 0.001315510 0.001413220 0.001698300 0.002033510 0.001629030 0.001464140 0.001575110 0.001692140 0.001684160 0.001480470 0.001502140 0.001504950 0.001498590 0.001512870 0.001851150 0.001621360 0.001592780 0.002057650 0.002061750 0.002213050 0.001957360 0.001766710 0.001891340 0.001954670 0.001914470 0.001953620 0.001452530 0.001392990 0.002273630 0.001716170 0.001502450 0.002702600 
6     0.001109440 0.001186790 0.001201780 0.000639720 0.000607580 0.000699930 0.000924710 0.000895180 0.000740940 0.000332560 0.000000000 0.000447950 0.000275380 0.000304150 0.000301240 0.000564550 0.000711560 0.001536430 0.001782440 0.001346410 0.001444120 0.001729200 0.002064410 0.001659930 0.001495040 0.001606010 0.001723040 0.001715060 0.001511370 0.001533040 0.001535850 0.001529490 0.001543770 0.001882050 0.001652260 0.001623680 0.002088550 0.002092650 0.002243950 0.001988260 0.001797610 0.001922240 0.001985570 0.001945370 0.001984520 0.001483430 0.001423890 0.002304530 0.001747070 0.001533350 0.002733500 
33     0.000971210 0.001048560 0.001063550 0.000445330 0.000413190 0.000547120 0.000817100 0.000787570 0.000546550 0.000561340 0.000447950 0.000000000 0.000553890 0.000582660 0.000579750 0.000553100 0.000479730 0.001398200 0.001644210 0.001208180 0.001305890 0.001590970 0.001926180 0.001521700 0.001356810 0.001467780 0.001584810 0.001576830 0.001373140 0.001394810 0.001397620 0.001391260 0.001405540 0.001743820 0.001514030 0.001485450 0.001950320 0.001954420 0.002105720 0.001850030 0.001659380 0.001784010 0.001847340 0.001807140 0.001846290 0.001345200 0.001285660 0.002166300 0.001608840 0.001395120 0.002595270 
13     0.001021360 0.001098710 0.001113700 0.000551640 0.000519500 0.000611850 0.000836630 0.000807100 0.000652860 0.000226840 0.000275380 0.000553890 0.000000000 0.000005590 0.000148760 0.000476470 0.000623480 0.001448350 0.001694360 0.001258330 0.001356040 0.001641120 0.001976330 0.001571850 0.001406960 0.001517930 0.001634960 0.001626980 0.001423290 0.001444960 0.001447770 0.001441410 0.001455690 0.001793970 0.001564180 0.001535600 0.002000470 0.002004570 0.002155870 0.001900180 0.001709530 0.001834160 0.001897490 0.001857290 0.001896440 0.001395350 0.001335810 0.002216450 0.001658990 0.001445270 0.002645420 
30     0.001050130 0.001127480 0.001142470 0.000580410 0.000548270 0.000640620 0.000865400 0.000835870 0.000681630 0.000255610 0.000304150 0.000582660 0.000005590 0.000000000 0.000002750 0.000505240 0.000652250 0.001477120 0.001723130 0.001287100 0.001384810 0.001669890 0.002005100 0.001600620 0.001435730 0.001546700 0.001663730 0.001655750 0.001452060 0.001473730 0.001476540 0.001470180 0.001484460 0.001822740 0.001592950 0.001564370 0.002029240 0.002033340 0.002184640 0.001928950 0.001738300 0.001862930 0.001926260 0.001886060 0.001925210 0.001424120 0.001364580 0.002245220 0.001687760 0.001474040 0.002674190 
1     0.001047220 0.001124570 0.001139560 0.000577500 0.000545360 0.000637710 0.000862490 0.000832960 0.000678720 0.000252700 0.000301240 0.000579750 0.000148760 0.000002750 0.000000000 0.000335540 0.000649340 0.001474210 0.001720220 0.001284190 0.001381900 0.001666980 0.002002190 0.001597710 0.001432820 0.001543790 0.001660820 0.001652840 0.001449150 0.001470820 0.001473630 0.001467270 0.001481550 0.001819830 0.001590040 0.001561460 0.002026330 0.002030430 0.002181730 0.001926040 0.001735390 0.001860020 0.001923350 0.001883150 0.001922300 0.001421210 0.001361670 0.002242310 0.001684850 0.001471130 0.002671280 
38     0.001020570 0.001097920 0.001112910 0.000550850 0.000518710 0.000611060 0.000835840 0.000806310 0.000652070 0.000429400 0.000564550 0.000553100 0.000476470 0.000505240 0.000335540 0.000000000 0.000622690 0.001447560 0.001693570 0.001257540 0.001355250 0.001640330 0.001975540 0.001571060 0.001406170 0.001517140 0.001634170 0.001626190 0.001422500 0.001444170 0.001446980 0.001440620 0.001454900 0.001793180 0.001563390 0.001534810 0.001999680 0.002003780 0.002155080 0.001899390 0.001708740 0.001833370 0.001896700 0.001856500 0.001895650 0.001394560 0.001335020 0.002215660 0.001658200 0.001444480 0.002644630 
34     0.001040800 0.001118150 0.001133140 0.000514920 0.000482780 0.000616710 0.000886690 0.000857160 0.000616140 0.000680660 0.000711560 0.000479730 0.000623480 0.000652250 0.000649340 0.000622690 0.000000000 0.001467790 0.001713800 0.001277770 0.001375480 0.001660560 0.001995770 0.001591290 0.001426400 0.001537370 0.001654400 0.001646420 0.001442730 0.001464400 0.001467210 0.001460850 0.001475130 0.001813410 0.001583620 0.001555040 0.002019910 0.002024010 0.002175310 0.001919620 0.001728970 0.001853600 0.001916930 0.001876730 0.001915880 0.001414790 0.001355250 0.002235890 0.001678430 0.001464710 0.002664860 
9     0.001443130 0.001520480 0.001535470 0.001395950 0.001363810 0.001456160 0.001711560 0.001682030 0.001497170 0.001505530 0.001536430 0.001398200 0.001448350 0.001477120 0.001474210 0.001447560 0.001467790 0.000000000 0.000767570 0.000853500 0.000951210 0.000780290 0.001417020 0.001012540 0.000847650 0.001052700 0.001169730 0.001161750 0.000958060 0.000979730 0.000982540 0.000976180 0.000990460 0.001251120 0.001021330 0.000992750 0.001457620 0.001461720 0.001613020 0.001357330 0.001166680 0.001282650 0.001345980 0.001305780 0.001344930 0.000843840 0.000784300 0.001664940 0.001107480 0.000893760 0.002115590 
24     0.001689140 0.001766490 0.001781480 0.001641960 0.001609820 0.001702170 0.001957570 0.001928040 0.001743180 0.001751540 0.001782440 0.001644210 0.001694360 0.001723130 0.001720220 0.001693570 0.001713800 0.000767570 0.000000000 0.001099510 0.001197220 0.001026300 0.001663030 0.001258550 0.001093660 0.001298710 0.001415740 0.001407760 0.001204070 0.001225740 0.001228550 0.001222190 0.001236470 0.001497130 0.001267340 0.001238760 0.001703630 0.001707730 0.001859030 0.001603340 0.001412690 0.001528660 0.001591990 0.001551790 0.001590940 0.001089850 0.000555590 0.001910950 0.001353490 0.001139770 0.002361600 
35     0.001253110 0.001330460 0.001345450 0.001205930 0.001173790 0.001266140 0.001521540 0.001492010 0.001307150 0.001315510 0.001346410 0.001208180 0.001258330 0.001287100 0.001284190 0.001257540 0.001277770 0.000853500 0.001099510 0.000000000 0.000263370 0.000139720 0.001381480 0.000977000 0.000812110 0.000923080 0.001040110 0.001032130 0.000828440 0.000850110 0.000852920 0.000846560 0.000860840 0.001199120 0.000969330 0.000940750 0.001405620 0.001409720 0.001561020 0.001305330 0.001114680 0.001239310 0.001302640 0.001262440 0.001301590 0.000800500 0.000740960 0.001621600 0.001064140 0.000850420 0.002050570 
27     0.001350820 0.001428170 0.001443160 0.001303640 0.001271500 0.001363850 0.001619250 0.001589720 0.001404860 0.001413220 0.001444120 0.001305890 0.001356040 0.001384810 0.001381900 0.001355250 0.001375480 0.000951210 0.001197220 0.000263370 0.000000000 0.000436730 0.001479190 0.001074710 0.000909820 0.001020790 0.001137820 0.001129840 0.000926150 0.000947820 0.000950630 0.000944270 0.000958550 0.001296830 0.001067040 0.001038460 0.001503330 0.001507430 0.001658730 0.001403040 0.001212390 0.001337020 0.001400350 0.001360150 0.001399300 0.000898210 0.000838670 0.001719310 0.001161850 0.000948130 0.002148280 
40     0.001635900 0.001713250 0.001728240 0.001588720 0.001556580 0.001648930 0.001904330 0.001874800 0.001689940 0.001698300 0.001729200 0.001590970 0.001641120 0.001669890 0.001666980 0.001640330 0.001660560 0.000780290 0.001026300 0.000139720 0.000436730 0.000000000 0.001609790 0.001205310 0.001040420 0.001245470 0.001362500 0.001354520 0.001150830 0.001172500 0.001175310 0.001168950 0.001183230 0.001443890 0.001214100 0.001185520 0.001650390 0.001654490 0.001805790 0.001550100 0.001359450 0.001475420 0.001538750 0.001498550 0.001537700 0.001036610 0.000977070 0.001857710 0.001300250 0.001086530 0.002308360 
31     0.001971110 0.002048460 0.002063450 0.001923930 0.001891790 0.001984140 0.002239540 0.002210010 0.002025150 0.002033510 0.002064410 0.001926180 0.001976330 0.002005100 0.002002190 0.001975540 0.001995770 0.001417020 0.001663030 0.001381480 0.001479190 0.001609790 0.000000000 0.001141800 0.000976910 0.001580680 0.001697710 0.001689730 0.001486040 0.001507710 0.001510520 0.001504160 0.001518440 0.001779100 0.001549310 0.001520730 0.001985600 0.001989700 0.002141000 0.001885310 0.001694660 0.001810630 0.001873960 0.001833760 0.001872910 0.001371820 0.001312280 0.002192920 0.001635460 0.001421740 0.002643570 
17     0.001566630 0.001643980 0.001658970 0.001519450 0.001487310 0.001579660 0.001835060 0.001805530 0.001620670 0.001629030 0.001659930 0.001521700 0.001571850 0.001600620 0.001597710 0.001571060 0.001591290 0.001012540 0.001258550 0.000977000 0.001074710 0.001205310 0.001141800 0.000000000 0.000408830 0.001176200 0.001293230 0.001285250 0.001081560 0.001103230 0.001106040 0.001099680 0.001113960 0.001374620 0.001144830 0.001116250 0.001581120 0.001585220 0.001736520 0.001480830 0.001290180 0.001406150 0.001469480 0.001429280 0.001468430 0.000967340 0.000907800 0.001788440 0.001230980 0.001017260 0.002239090 
29     0.001401740 0.001479090 0.001494080 0.001354560 0.001322420 0.001414770 0.001670170 0.001640640 0.001455780 0.001464140 0.001495040 0.001356810 0.001406960 0.001435730 0.001432820 0.001406170 0.001426400 0.000847650 0.001093660 0.000812110 0.000909820 0.001040420 0.000976910 0.000408830 0.000000000 0.001011310 0.001128340 0.001120360 0.000916670 0.000938340 0.000941150 0.000934790 0.000949070 0.001209730 0.000979940 0.000951360 0.001416230 0.001420330 0.001571630 0.001315940 0.001125290 0.001241260 0.001304590 0.001264390 0.001303540 0.000802450 0.000742910 0.001623550 0.001066090 0.000852370 0.002074200 
7     0.001512710 0.001590060 0.001605050 0.001465530 0.001433390 0.001525740 0.001781140 0.001751610 0.001566750 0.001575110 0.001606010 0.001467780 0.001517930 0.001546700 0.001543790 0.001517140 0.001537370 0.001052700 0.001298710 0.000923080 0.001020790 0.001245470 0.001580680 0.001176200 0.001011310 0.000000000 0.000299390 0.000301770 0.000787260 0.000396650 0.000729900 0.000723540 0.000737820 0.001398320 0.001168530 0.001139950 0.001604820 0.001608920 0.001760220 0.001504530 0.001313880 0.001438510 0.001501840 0.001461640 0.001500790 0.000999700 0.000940160 0.001820800 0.000071610 0.001049620 0.002249770 
20     0.001629740 0.001707090 0.001722080 0.001582560 0.001550420 0.001642770 0.001898170 0.001868640 0.001683780 0.001692140 0.001723040 0.001584810 0.001634960 0.001663730 0.001660820 0.001634170 0.001654400 0.001169730 0.001415740 0.001040110 0.001137820 0.001362500 0.001697710 0.001293230 0.001128340 0.000299390 0.000000000 0.000418800 0.000904290 0.000925960 0.000846930 0.000840570 0.000854850 0.001515350 0.001285560 0.001256980 0.001721850 0.001725950 0.001877250 0.001621560 0.001430910 0.001555540 0.001618870 0.001578670 0.001617820 0.001116730 0.001057190 0.001937830 0.001380370 0.001166650 0.002366800 
5     0.001621760 0.001699110 0.001714100 0.001574580 0.001542440 0.001634790 0.001890190 0.001860660 0.001675800 0.001684160 0.001715060 0.001576830 0.001626980 0.001655750 0.001652840 0.001626190 0.001646420 0.001161750 0.001407760 0.001032130 0.001129840 0.001354520 0.001689730 0.001285250 0.001120360 0.000301770 0.000418800 0.000000000 0.000896310 0.000917980 0.000838950 0.000832590 0.000846870 0.001507370 0.001277580 0.001249000 0.001713870 0.001717970 0.001869270 0.001613580 0.001422930 0.001547560 0.001610890 0.001570690 0.001609840 0.001108750 0.001049210 0.001929850 0.001323770 0.001158670 0.002358820 
15     0.001418070 0.001495420 0.001510410 0.001370890 0.001338750 0.001431100 0.001686500 0.001656970 0.001472110 0.001480470 0.001511370 0.001373140 0.001423290 0.001452060 0.001449150 0.001422500 0.001442730 0.000958060 0.001204070 0.000828440 0.000926150 0.001150830 0.001486040 0.001081560 0.000916670 0.000787260 0.000904290 0.000896310 0.000000000 0.000342310 0.000717100 0.000710740 0.000725020 0.001303680 0.001073890 0.001045310 0.001510180 0.001514280 0.001665580 0.001409890 0.001219240 0.001343870 0.001407200 0.001367000 0.001406150 0.000905060 0.000845520 0.001726160 0.001168700 0.000954980 0.002155130 
36     0.001439740 0.001517090 0.001532080 0.001392560 0.001360420 0.001452770 0.001708170 0.001678640 0.001493780 0.001502140 0.001533040 0.001394810 0.001444960 0.001473730 0.001470820 0.001444170 0.001464400 0.000979730 0.001225740 0.000850110 0.000947820 0.001172500 0.001507710 0.001103230 0.000938340 0.000396650 0.000925960 0.000917980 0.000342310 0.000000000 0.000738770 0.000732410 0.000746690 0.001325350 0.001095560 0.001066980 0.001531850 0.001535950 0.001687250 0.001431560 0.001240910 0.001365540 0.001428870 0.001388670 0.001427820 0.000926730 0.000867190 0.001747830 0.001190370 0.000976650 0.002176800 
32     0.001442550 0.001519900 0.001534890 0.001395370 0.001363230 0.001455580 0.001710980 0.001681450 0.001496590 0.001504950 0.001535850 0.001397620 0.001447770 0.001476540 0.001473630 0.001446980 0.001467210 0.000982540 0.001228550 0.000852920 0.000950630 0.001175310 0.001510520 0.001106040 0.000941150 0.000729900 0.000846930 0.000838950 0.000717100 0.000738770 0.000000000 0.000172840 0.000404680 0.001328160 0.001098370 0.001069790 0.001534660 0.001538760 0.001690060 0.001434370 0.001243720 0.001368350 0.001431680 0.001391480 0.001430630 0.000929540 0.000870000 0.001750640 0.001193180 0.000979460 0.002179610 
22     0.001436190 0.001513540 0.001528530 0.001389010 0.001356870 0.001449220 0.001704620 0.001675090 0.001490230 0.001498590 0.001529490 0.001391260 0.001441410 0.001470180 0.001467270 0.001440620 0.001460850 0.000976180 0.001222190 0.000846560 0.000944270 0.001168950 0.001504160 0.001099680 0.000934790 0.000723540 0.000840570 0.000832590 0.000710740 0.000732410 0.000172840 0.000000000 0.000398320 0.001321800 0.001092010 0.001063430 0.001528300 0.001532400 0.001683700 0.001428010 0.001237360 0.001361990 0.001425320 0.001385120 0.001424270 0.000923180 0.000863640 0.001744280 0.001186820 0.000973100 0.002173250 
21     0.001450470 0.001527820 0.001542810 0.001403290 0.001371150 0.001463500 0.001718900 0.001689370 0.001504510 0.001512870 0.001543770 0.001405540 0.001455690 0.001484460 0.001481550 0.001454900 0.001475130 0.000990460 0.001236470 0.000860840 0.000958550 0.001183230 0.001518440 0.001113960 0.000949070 0.000737820 0.000854850 0.000846870 0.000725020 0.000746690 0.000404680 0.000398320 0.000000000 0.001336080 0.001106290 0.001077710 0.001542580 0.001546680 0.001697980 0.001442290 0.001251640 0.001376270 0.001439600 0.001399400 0.001438550 0.000937460 0.000877920 0.001758560 0.001201100 0.000987380 0.002187530 
14     0.001788750 0.001866100 0.001881090 0.001741570 0.001709430 0.001801780 0.002057180 0.002027650 0.001842790 0.001851150 0.001882050 0.001743820 0.001793970 0.001822740 0.001819830 0.001793180 0.001813410 0.001251120 0.001497130 0.001199120 0.001296830 0.001443890 0.001779100 0.001374620 0.001209730 0.001398320 0.001515350 0.001507370 0.001303680 0.001325350 0.001328160 0.001321800 0.001336080 0.000000000 0.000287650 0.000496650 0.001417960 0.001422060 0.001573360 0.001317670 0.001127020 0.001636930 0.001700260 0.001660060 0.001699210 0.001198120 0.001138580 0.002019220 0.001461760 0.001248040 0.002461210 
11     0.001558960 0.001636310 0.001651300 0.001511780 0.001479640 0.001571990 0.001827390 0.001797860 0.001613000 0.001621360 0.001652260 0.001514030 0.001564180 0.001592950 0.001590040 0.001563390 0.001583620 0.001021330 0.001267340 0.000969330 0.001067040 0.001214100 0.001549310 0.001144830 0.000979940 0.001168530 0.001285560 0.001277580 0.001073890 0.001095560 0.001098370 0.001092010 0.001106290 0.000287650 0.000000000 0.000428320 0.001188170 0.001192270 0.001343570 0.001087880 0.000897230 0.001407140 0.001470470 0.001430270 0.001469420 0.000968330 0.000908790 0.001789430 0.001231970 0.001018250 0.002231420 
26     0.001530380 0.001607730 0.001622720 0.001483200 0.001451060 0.001543410 0.001798810 0.001769280 0.001584420 0.001592780 0.001623680 0.001485450 0.001535600 0.001564370 0.001561460 0.001534810 0.001555040 0.000992750 0.001238760 0.000940750 0.001038460 0.001185520 0.001520730 0.001116250 0.000951360 0.001139950 0.001256980 0.001249000 0.001045310 0.001066980 0.001069790 0.001063430 0.001077710 0.000496650 0.000428320 0.000000000 0.001159590 0.001163690 0.001314990 0.001059300 0.000868650 0.001378560 0.001441890 0.001401690 0.001440840 0.000939750 0.000880210 0.001760850 0.001203390 0.000989670 0.002202840 
19     0.001995250 0.002072600 0.002087590 0.001948070 0.001915930 0.002008280 0.002263680 0.002234150 0.002049290 0.002057650 0.002088550 0.001950320 0.002000470 0.002029240 0.002026330 0.001999680 0.002019910 0.001457620 0.001703630 0.001405620 0.001503330 0.001650390 0.001985600 0.001581120 0.001416230 0.001604820 0.001721850 0.001713870 0.001510180 0.001531850 0.001534660 0.001528300 0.001542580 0.001417960 0.001188170 0.001159590 0.000000000 0.000181780 0.000376900 0.000650990 0.000945720 0.001843430 0.001906760 0.001866560 0.001905710 0.001404620 0.001345080 0.002225720 0.001668260 0.001454540 0.002667710 
39     0.001999350 0.002076700 0.002091690 0.001952170 0.001920030 0.002012380 0.002267780 0.002238250 0.002053390 0.002061750 0.002092650 0.001954420 0.002004570 0.002033340 0.002030430 0.002003780 0.002024010 0.001461720 0.001707730 0.001409720 0.001507430 0.001654490 0.001989700 0.001585220 0.001420330 0.001608920 0.001725950 0.001717970 0.001514280 0.001535950 0.001538760 0.001532400 0.001546680 0.001422060 0.001192270 0.001163690 0.000181780 0.000000000 0.000381000 0.000655090 0.000949820 0.001847530 0.001910860 0.001870660 0.001909810 0.001408720 0.001349180 0.002229820 0.001672360 0.001458640 0.002671810 
41     0.002150650 0.002228000 0.002242990 0.002103470 0.002071330 0.002163680 0.002419080 0.002389550 0.002204690 0.002213050 0.002243950 0.002105720 0.002155870 0.002184640 0.002181730 0.002155080 0.002175310 0.001613020 0.001859030 0.001561020 0.001658730 0.001805790 0.002141000 0.001736520 0.001571630 0.001760220 0.001877250 0.001869270 0.001665580 0.001687250 0.001690060 0.001683700 0.001697980 0.001573360 0.001343570 0.001314990 0.000376900 0.000381000 0.000000000 0.000806390 0.001101120 0.001998830 0.002062160 0.002021960 0.002061110 0.001560020 0.001500480 0.002381120 0.001823660 0.001609940 0.002823110 
28     0.001894960 0.001972310 0.001987300 0.001847780 0.001815640 0.001907990 0.002163390 0.002133860 0.001949000 0.001957360 0.001988260 0.001850030 0.001900180 0.001928950 0.001926040 0.001899390 0.001919620 0.001357330 0.001603340 0.001305330 0.001403040 0.001550100 0.001885310 0.001480830 0.001315940 0.001504530 0.001621560 0.001613580 0.001409890 0.001431560 0.001434370 0.001428010 0.001442290 0.001317670 0.001087880 0.001059300 0.000650990 0.000655090 0.000806390 0.000000000 0.000153560 0.001743140 0.001806470 0.001766270 0.001805420 0.001304330 0.001244790 0.002125430 0.001567970 0.001354250 0.002567420 
2     0.001704310 0.001781660 0.001796650 0.001657130 0.001624990 0.001717340 0.001972740 0.001943210 0.001758350 0.001766710 0.001797610 0.001659380 0.001709530 0.001738300 0.001735390 0.001708740 0.001728970 0.001166680 0.001412690 0.001114680 0.001212390 0.001359450 0.001694660 0.001290180 0.001125290 0.001313880 0.001430910 0.001422930 0.001219240 0.001240910 0.001243720 0.001237360 0.001251640 0.001127020 0.000897230 0.000868650 0.000945720 0.000949820 0.001101120 0.000153560 0.000000000 0.001552490 0.001615820 0.001575620 0.001614770 0.001113680 0.001054140 0.001934780 0.001377320 0.001163600 0.002376770 
49     0.001828940 0.001906290 0.001921280 0.001781760 0.001749620 0.001841970 0.002097370 0.002067840 0.001882980 0.001891340 0.001922240 0.001784010 0.001834160 0.001862930 0.001860020 0.001833370 0.001853600 0.001282650 0.001528660 0.001239310 0.001337020 0.001475420 0.001810630 0.001406150 0.001241260 0.001438510 0.001555540 0.001547560 0.001343870 0.001365540 0.001368350 0.001361990 0.001376270 0.001636930 0.001407140 0.001378560 0.001843430 0.001847530 0.001998830 0.001743140 0.001552490 0.000000000 0.001681450 0.001641250 0.001680400 0.001179310 0.001119770 0.001627800 0.001438050 0.001224330 0.002501400 
46     0.001892270 0.001969620 0.001984610 0.001845090 0.001812950 0.001905300 0.002160700 0.002131170 0.001946310 0.001954670 0.001985570 0.001847340 0.001897490 0.001926260 0.001923350 0.001896700 0.001916930 0.001345980 0.001591990 0.001302640 0.001400350 0.001538750 0.001873960 0.001469480 0.001304590 0.001501840 0.001618870 0.001610890 0.001407200 0.001428870 0.001431680 0.001425320 0.001439600 0.001700260 0.001470470 0.001441890 0.001906760 0.001910860 0.002062160 0.001806470 0.001615820 0.001681450 0.000000000 0.000176240 0.000461850 0.001041520 0.000250740 0.002063740 0.001506280 0.001292560 0.002564730 
50     0.001852070 0.001929420 0.001944410 0.001804890 0.001772750 0.001865100 0.002120500 0.002090970 0.001906110 0.001914470 0.001945370 0.001807140 0.001857290 0.001886060 0.001883150 0.001856500 0.001876730 0.001305780 0.001551790 0.001262440 0.001360150 0.001498550 0.001833760 0.001429280 0.001264390 0.001461640 0.001578670 0.001570690 0.001367000 0.001388670 0.001391480 0.001385120 0.001399400 0.001660060 0.001430270 0.001401690 0.001866560 0.001870660 0.002021960 0.001766270 0.001575620 0.001641250 0.000176240 0.000000000 0.000150520 0.001001320 0.000941780 0.002023540 0.001466080 0.001252360 0.002524530 
42     0.001891220 0.001968570 0.001983560 0.001844040 0.001811900 0.001904250 0.002159650 0.002130120 0.001945260 0.001953620 0.001984520 0.001846290 0.001896440 0.001925210 0.001922300 0.001895650 0.001915880 0.001344930 0.001590940 0.001301590 0.001399300 0.001537700 0.001872910 0.001468430 0.001303540 0.001500790 0.001617820 0.001609840 0.001406150 0.001427820 0.001430630 0.001424270 0.001438550 0.001699210 0.001469420 0.001440840 0.001905710 0.001909810 0.002061110 0.001805420 0.001614770 0.001680400 0.000461850 0.000150520 0.000000000 0.001040470 0.000980930 0.002062690 0.001505230 0.001291510 0.002563680 
47     0.001390130 0.001467480 0.001482470 0.001342950 0.001310810 0.001403160 0.001658560 0.001629030 0.001444170 0.001452530 0.001483430 0.001345200 0.001395350 0.001424120 0.001421210 0.001394560 0.001414790 0.000843840 0.001089850 0.000800500 0.000898210 0.001036610 0.001371820 0.000967340 0.000802450 0.000999700 0.001116730 0.001108750 0.000905060 0.000926730 0.000929540 0.000923180 0.000937460 0.001198120 0.000968330 0.000939750 0.001404620 0.001408720 0.001560020 0.001304330 0.001113680 0.001179310 0.001041520 0.001001320 0.001040470 0.000000000 0.000161680 0.001561600 0.001004140 0.000790420 0.002062590 
43     0.001330590 0.001407940 0.001422930 0.001283410 0.001251270 0.001343620 0.001599020 0.001569490 0.001384630 0.001392990 0.001423890 0.001285660 0.001335810 0.001364580 0.001361670 0.001335020 0.001355250 0.000784300 0.000555590 0.000740960 0.000838670 0.000977070 0.001312280 0.000907800 0.000742910 0.000940160 0.001057190 0.001049210 0.000845520 0.000867190 0.000870000 0.000863640 0.000877920 0.001138580 0.000908790 0.000880210 0.001345080 0.001349180 0.001500480 0.001244790 0.001054140 0.001119770 0.000250740 0.000941780 0.000980930 0.000161680 0.000000000 0.001502060 0.000944600 0.000730880 0.002003050 
45     0.002211230 0.002288580 0.002303570 0.002164050 0.002131910 0.002224260 0.002479660 0.002450130 0.002265270 0.002273630 0.002304530 0.002166300 0.002216450 0.002245220 0.002242310 0.002215660 0.002235890 0.001664940 0.001910950 0.001621600 0.001719310 0.001857710 0.002192920 0.001788440 0.001623550 0.001820800 0.001937830 0.001929850 0.001726160 0.001747830 0.001750640 0.001744280 0.001758560 0.002019220 0.001789430 0.001760850 0.002225720 0.002229820 0.002381120 0.002125430 0.001934780 0.001627800 0.002063740 0.002023540 0.002062690 0.001561600 0.001502060 0.000000000 0.001437120 0.001223400 0.002883690 
48     0.001653770 0.001731120 0.001746110 0.001606590 0.001574450 0.001666800 0.001922200 0.001892670 0.001707810 0.001716170 0.001747070 0.001608840 0.001658990 0.001687760 0.001684850 0.001658200 0.001678430 0.001107480 0.001353490 0.001064140 0.001161850 0.001300250 0.001635460 0.001230980 0.001066090 0.000071610 0.001380370 0.001323770 0.001168700 0.001190370 0.001193180 0.001186820 0.001201100 0.001461760 0.001231970 0.001203390 0.001668260 0.001672360 0.001823660 0.001567970 0.001377320 0.001438050 0.001506280 0.001466080 0.001505230 0.001004140 0.000944600 0.001437120 0.000000000 0.000036930 0.002326230 
44     0.001440050 0.001517400 0.001532390 0.001392870 0.001360730 0.001453080 0.001708480 0.001678950 0.001494090 0.001502450 0.001533350 0.001395120 0.001445270 0.001474040 0.001471130 0.001444480 0.001464710 0.000893760 0.001139770 0.000850420 0.000948130 0.001086530 0.001421740 0.001017260 0.000852370 0.001049620 0.001166650 0.001158670 0.000954980 0.000976650 0.000979460 0.000973100 0.000987380 0.001248040 0.001018250 0.000989670 0.001454540 0.001458640 0.001609940 0.001354250 0.001163600 0.001224330 0.001292560 0.001252360 0.001291510 0.000790420 0.000730880 0.001223400 0.000036930 0.000000000 0.002112510 
0     0.002640200 0.002717550 0.002732540 0.002593020 0.002560880 0.002653230 0.002908630 0.002879100 0.002694240 0.002702600 0.002733500 0.002595270 0.002645420 0.002674190 0.002671280 0.002644630 0.002664860 0.002115590 0.002361600 0.002050570 0.002148280 0.002308360 0.002643570 0.002239090 0.002074200 0.002249770 0.002366800 0.002358820 0.002155130 0.002176800 0.002179610 0.002173250 0.002187530 0.002461210 0.002231420 0.002202840 0.002667710 0.002671810 0.002823110 0.002567420 0.002376770 0.002501400 0.002564730 0.002524530 0.002563680 0.002062590 0.002003050 0.002883690 0.002326230 0.002112510 0.000000000 
