51
23     0.000000000 0.030157477 0.030364836 0.068556483 0.062641281 0.076067828 0.072776598 0.074298282 0.070215795 0.071176084 0.072016846 0.078535667 0.070872905 0.070321276 0.070751326 0.077498970 0.076492264 0.117428009 0.119373544 0.113089972 0.110860344 0.129307363 0.150959105 0.122824645 0.117587280 0.130650103 0.132980128 0.133355134 0.128469662 0.124956891 0.129186879 0.121069963 0.121732307 0.124496175 0.132744502 0.119307611 0.145404517 0.145181211 0.151353850 0.146834160 0.145274545 0.151704872 0.132967697 0.135021856 0.132088781 0.125504975 0.123849133 0.147506091 0.113121052 0.116710291 0.245489829 
37     0.030157477 0.000000000 0.013173905 0.070241213 0.064373853 0.077826332 0.074607790 0.076129474 0.072047460 0.073051907 0.073883971 0.080423650 0.072760888 0.072233982 0.072664032 0.079292314 0.078286229 0.118492764 0.120438299 0.114154727 0.111925099 0.130372118 0.151773494 0.123639034 0.118401669 0.131512243 0.133842268 0.134217274 0.129332588 0.125819031 0.130049019 0.121932103 0.122594447 0.125460574 0.133708901 0.120272009 0.146271667 0.146048361 0.152221000 0.147700350 0.146141696 0.152599161 0.133873300 0.135927458 0.132994383 0.126410577 0.124754735 0.148400380 0.114014740 0.117603980 0.246401591 
10     0.030364836 0.013173905 0.000000000 0.070189493 0.064322133 0.077776434 0.074649183 0.076170867 0.072088853 0.073032391 0.073864455 0.080405956 0.072741372 0.072216288 0.072646338 0.079265383 0.078258175 0.118448384 0.120393919 0.114110347 0.111880719 0.130327737 0.151729114 0.123594653 0.118357289 0.131467863 0.133797888 0.134172893 0.129288207 0.125774651 0.130004639 0.121887722 0.122550067 0.125416193 0.133664521 0.120227629 0.146227286 0.146003981 0.152176620 0.147655970 0.146097315 0.152554781 0.133828919 0.135883078 0.132950003 0.126366197 0.124710355 0.148356000 0.113970360 0.117559600 0.246357211 
16     0.068556483 0.070241213 0.070189493 0.000000000 0.025653923 0.050278211 0.060124408 0.061695110 0.057807151 0.059948454 0.061015237 0.068100804 0.060199166 0.059556798 0.060132782 0.067688818 0.066519240 0.116476062 0.118460230 0.112171680 0.109942052 0.128389071 0.150057881 0.121889886 0.116652339 0.129693448 0.132023473 0.132398479 0.127478505 0.123997531 0.128249354 0.120128386 0.120781901 0.123474660 0.131713631 0.118329730 0.144352231 0.144128925 0.150301564 0.145786361 0.144142871 0.150717372 0.131330763 0.133418282 0.130481412 0.124036913 0.122411091 0.146507649 0.112171904 0.115761144 0.244502071 
25     0.062641281 0.064373853 0.064322133 0.025653923 0.000000000 0.044258871 0.054079750 0.055671033 0.051677511 0.054424165 0.055489946 0.062647385 0.054643274 0.053984078 0.054543602 0.062325590 0.060846066 0.110709831 0.112693998 0.106405448 0.104175821 0.122622839 0.144230932 0.116062937 0.110825390 0.123866499 0.126196524 0.126571530 0.121651556 0.118170582 0.122422405 0.114301437 0.114954952 0.117709997 0.125929174 0.112545272 0.138567773 0.138344467 0.144517107 0.140001904 0.138368277 0.144876427 0.125737764 0.127858289 0.124925214 0.118560911 0.116935089 0.140680055 0.106344310 0.109933550 0.238717614 
4     0.076067828 0.077826332 0.077776434 0.050278211 0.044258871 0.000000000 0.067133327 0.068749157 0.064722758 0.067054998 0.068075942 0.075171766 0.067132233 0.066525039 0.067024442 0.075144629 0.073280867 0.123878902 0.125882827 0.119691641 0.117429571 0.135753840 0.157642967 0.129474972 0.124237426 0.137253540 0.139587497 0.139965697 0.135105724 0.131594388 0.135830763 0.127708117 0.128363310 0.131125394 0.139329010 0.125963535 0.151986036 0.151762730 0.157935370 0.153420167 0.151794019 0.158338708 0.139601143 0.141664063 0.138730988 0.132128988 0.130503165 0.154143023 0.119807278 0.123396518 0.252135877 
3     0.072776598 0.074607790 0.074649183 0.060124408 0.054079750 0.067133327 0.000000000 0.016099523 0.039197537 0.063167284 0.063877923 0.070994295 0.063231031 0.062606755 0.063168527 0.070400995 0.069353418 0.120557745 0.122529896 0.116262595 0.114032967 0.132479986 0.154367738 0.126193479 0.120955933 0.134028113 0.136358139 0.136733144 0.131826600 0.128337513 0.132558016 0.124437048 0.125098769 0.127739125 0.136039431 0.122563768 0.148684497 0.148461192 0.154633831 0.150118628 0.148501000 0.155048231 0.136237333 0.138309965 0.135376890 0.128781346 0.127137242 0.150788899 0.116358290 0.119948976 0.248800111 
18     0.074298282 0.076129474 0.076170867 0.061695110 0.055671033 0.068749157 0.016099523 0.000000000 0.040542803 0.064669534 0.065379268 0.072511713 0.064731714 0.064125747 0.064687519 0.071964342 0.070914384 0.122109642 0.124077200 0.117805262 0.115575634 0.134022653 0.155910405 0.127736146 0.122498599 0.135570780 0.137900805 0.138275811 0.133369267 0.129880180 0.134100683 0.125979715 0.126641436 0.129281792 0.137582098 0.124106435 0.150227164 0.150003858 0.156176498 0.151661295 0.150043667 0.156590898 0.137780620 0.139852632 0.136919557 0.130324013 0.128679909 0.152331566 0.117900957 0.121491642 0.250342778 
12     0.070215795 0.072047460 0.072088853 0.057807151 0.051677511 0.064722758 0.039197537 0.040542803 0.000000000 0.060807232 0.061516901 0.068551987 0.060947773 0.060297907 0.060844553 0.067955638 0.066825325 0.118132332 0.120130202 0.113873762 0.111644134 0.130091152 0.151993924 0.123819665 0.118582118 0.131654299 0.133984324 0.134359330 0.129452499 0.125963699 0.130184202 0.122063233 0.122724955 0.125365195 0.133663779 0.120188116 0.146308845 0.146085539 0.152258179 0.147742976 0.146121206 0.152674417 0.133844342 0.135934313 0.133001237 0.126405694 0.124761590 0.148453682 0.114054190 0.117643430 0.246425630 
8     0.071176084 0.073051907 0.073032391 0.059948454 0.054424165 0.067054998 0.063167284 0.064669534 0.060807232 0.000000000 0.029827550 0.047250128 0.040231642 0.039997623 0.040527113 0.061797493 0.060510784 0.118840869 0.120810686 0.114524513 0.112292509 0.130739527 0.152469557 0.124304170 0.119066624 0.132092606 0.134422631 0.134797637 0.129866186 0.126334427 0.130662980 0.122554902 0.123181423 0.125961667 0.134223900 0.120782998 0.146868966 0.146645661 0.152818300 0.148303097 0.146677379 0.153447390 0.134400855 0.136463775 0.133530700 0.126919925 0.125289226 0.149011431 0.114640583 0.118229823 0.246962736 
6     0.072016846 0.073883971 0.073864455 0.061015237 0.055489946 0.068075942 0.063877923 0.065379268 0.061516901 0.029827550 0.000000000 0.048333294 0.041021027 0.040617849 0.041335428 0.062630518 0.061299279 0.119652127 0.121621944 0.115335771 0.113103767 0.131550785 0.153378177 0.125219947 0.119982401 0.133043047 0.135373072 0.135748078 0.130813956 0.127345146 0.131553334 0.123445256 0.124106977 0.126755020 0.135035772 0.121601991 0.147686515 0.147463209 0.153635848 0.149120645 0.147494927 0.154263476 0.135218177 0.137281097 0.134348022 0.127737246 0.126106548 0.149829339 0.115456669 0.119045909 0.247812270 
33     0.078535667 0.080423650 0.080405956 0.068100804 0.062647385 0.075171766 0.070994295 0.072511713 0.068551987 0.047250128 0.048333294 0.000000000 0.047212461 0.046701749 0.047156096 0.068893154 0.067294032 0.126118425 0.128088242 0.121815603 0.119583598 0.138030617 0.159857526 0.131692665 0.126455118 0.139515765 0.141845790 0.142220795 0.137286673 0.133817863 0.138027009 0.129917973 0.130579695 0.133055048 0.141310161 0.127851083 0.154136477 0.153913171 0.160085811 0.155570608 0.153944447 0.160725303 0.141680003 0.143742924 0.140809849 0.134193679 0.132568375 0.156296328 0.121924803 0.125514043 0.254276230 
13     0.070872905 0.072760888 0.072741372 0.060199166 0.054643274 0.067132233 0.063231031 0.064731714 0.060947773 0.040231642 0.041021027 0.047212461 0.000000000 0.017417709 0.018511954 0.061482463 0.059624467 0.118576031 0.120545848 0.114273208 0.112041204 0.130488222 0.152313118 0.124152068 0.118914522 0.131975168 0.134305194 0.134680199 0.129726729 0.126277267 0.130487072 0.122377126 0.123038847 0.125712529 0.133974763 0.120533861 0.146618384 0.146395079 0.152567718 0.148052515 0.146426355 0.153195346 0.134150047 0.136212967 0.133279892 0.126646420 0.125038418 0.148766395 0.114394847 0.117984087 0.246744140 
30     0.070321276 0.072233982 0.072216288 0.059556798 0.053984078 0.066525039 0.062606755 0.064125747 0.060297907 0.039997623 0.040617849 0.046701749 0.017417709 0.000000000 0.013612472 0.060687726 0.058876437 0.118051814 0.120021630 0.113735457 0.111503453 0.129950471 0.151775367 0.123614318 0.118376771 0.131437418 0.133767443 0.134142448 0.129188978 0.125739516 0.129949321 0.121839375 0.122501096 0.125174778 0.133437012 0.119996110 0.146080634 0.145857328 0.152029967 0.147514765 0.145888604 0.152657595 0.133612296 0.135675216 0.132742141 0.126116964 0.124500667 0.148228644 0.113857096 0.117446336 0.246206389 
1     0.070751326 0.072664032 0.072646338 0.060132782 0.054543602 0.067024442 0.063168527 0.064687519 0.060844553 0.040527113 0.041335428 0.047156096 0.018511954 0.013612472 0.000000000 0.061239193 0.059397034 0.118367617 0.120337434 0.114051261 0.111819256 0.130266275 0.152091171 0.123930121 0.118692575 0.131753221 0.134083246 0.134458252 0.129504782 0.126055320 0.130265125 0.122155178 0.122816900 0.125490582 0.133752815 0.120311913 0.146396437 0.146173132 0.152345771 0.147830568 0.146204408 0.152973399 0.133928100 0.135991020 0.133057945 0.126425100 0.124816471 0.148544448 0.114172899 0.117762139 0.246522193 
38     0.077498970 0.079292314 0.079265383 0.067688818 0.062325590 0.075144629 0.070400995 0.071964342 0.067955638 0.061797493 0.062630518 0.068893154 0.061482463 0.060687726 0.061239193 0.000000000 0.055603353 0.125517620 0.127509487 0.121219366 0.118987362 0.137426724 0.159281788 0.131117007 0.125879461 0.138900050 0.141230076 0.141605081 0.136669452 0.133203918 0.137451859 0.129336875 0.129998597 0.132677654 0.140939887 0.127498985 0.153584953 0.153361648 0.159534287 0.155019084 0.153393534 0.160161592 0.141116842 0.143179762 0.140246687 0.133637576 0.132005213 0.155738570 0.121361092 0.124950332 0.253709939 
34     0.076492264 0.078286229 0.078258175 0.066519240 0.060846066 0.073280867 0.069353418 0.070914384 0.066825325 0.060510784 0.061299279 0.067294032 0.059624467 0.058876437 0.059397034 0.055603353 0.000000000 0.124418978 0.126389002 0.120120012 0.117888007 0.136335026 0.158160094 0.129995313 0.124757766 0.137787923 0.140117948 0.140492954 0.135566038 0.132091399 0.136329882 0.128214899 0.128876620 0.131555703 0.139817937 0.126377035 0.152463003 0.152239697 0.158412337 0.153897134 0.152272462 0.159039642 0.139994892 0.142057812 0.139124737 0.132517217 0.130883263 0.154616620 0.120232391 0.123821631 0.252587989 
9     0.117428009 0.118492764 0.118448384 0.116476062 0.110709831 0.123878902 0.120557745 0.122109642 0.118132332 0.118840869 0.119652127 0.126118425 0.118576031 0.118051814 0.118367617 0.125517620 0.124418978 0.000000000 0.049098956 0.074785843 0.072515953 0.090899358 0.141697961 0.113544130 0.108310712 0.121416555 0.123740352 0.124141015 0.119469464 0.115793221 0.119828408 0.111654637 0.112353868 0.115430744 0.123514880 0.109951484 0.136113393 0.135933881 0.142109929 0.137579760 0.136053687 0.142638747 0.123698824 0.125685180 0.122645249 0.116110075 0.114411327 0.138318870 0.103924651 0.107512395 0.236060605 
24     0.119373544 0.120438299 0.120393919 0.118460230 0.112693998 0.125882827 0.122529896 0.124077200 0.120130202 0.120810686 0.121621944 0.128088242 0.120545848 0.120021630 0.120337434 0.127509487 0.126389002 0.049098956 0.000000000 0.076454737 0.074195745 0.092568956 0.143461915 0.115308084 0.110074666 0.123247384 0.125567763 0.125956752 0.121238530 0.117562286 0.121597014 0.113424462 0.114122474 0.117197918 0.125222948 0.111707716 0.137880568 0.137701055 0.143858132 0.139346934 0.137820861 0.144407298 0.125483013 0.127469368 0.124429438 0.117918310 0.116162491 0.140087421 0.105670568 0.109282370 0.237829013 
35     0.113089972 0.114154727 0.114110347 0.112171680 0.106405448 0.119691641 0.116262595 0.117805262 0.113873762 0.114524513 0.115335771 0.121815603 0.114273208 0.113735457 0.114051261 0.121219366 0.120120012 0.074785843 0.076454737 0.000000000 0.034758596 0.066294146 0.136962875 0.108860349 0.103626931 0.116855427 0.119170725 0.119560164 0.114804673 0.111118275 0.115109771 0.106942971 0.107728756 0.110735728 0.118810419 0.105284161 0.131331429 0.131201192 0.137371716 0.132814767 0.131314260 0.137967288 0.119042609 0.121028964 0.117850351 0.111479168 0.109795149 0.133620764 0.099222696 0.102785642 0.231400730 
27     0.110860344 0.111925099 0.111880719 0.109942052 0.104175821 0.117429571 0.114032967 0.115575634 0.111644134 0.112292509 0.113103767 0.119583598 0.112041204 0.111503453 0.111819256 0.118987362 0.117888007 0.072515953 0.074195745 0.034758596 0.000000000 0.063480809 0.134767798 0.106645428 0.101412010 0.114670719 0.116986016 0.117375456 0.112619965 0.108933567 0.112957093 0.104804327 0.105546075 0.108547507 0.116613565 0.103095939 0.129184451 0.129054214 0.135224738 0.130677483 0.129167282 0.135768158 0.116844191 0.118830546 0.115651933 0.109280750 0.107596731 0.131444745 0.097070262 0.100615274 0.229189552 
40     0.129307363 0.130372118 0.130327737 0.128389071 0.122622839 0.135753840 0.132479986 0.134022653 0.130091152 0.130739527 0.131550785 0.138030617 0.130488222 0.129950471 0.130266275 0.137426724 0.136335026 0.090899358 0.092568956 0.066294146 0.063480809 0.000000000 0.153221392 0.125099021 0.119865603 0.133121479 0.135436777 0.135826217 0.131070726 0.127384328 0.131411661 0.123258894 0.123996836 0.127001046 0.135084437 0.121549478 0.147645306 0.147507753 0.153678277 0.149137631 0.147627024 0.154221689 0.135294699 0.137281054 0.134241124 0.127731258 0.126047239 0.149898276 0.115523793 0.119079199 0.247301812 
31     0.150959105 0.151773494 0.151729114 0.150057881 0.144230932 0.157642967 0.154367738 0.155910405 0.151993924 0.152469557 0.153378177 0.159857526 0.152313118 0.151775367 0.152091171 0.159281788 0.158160094 0.141697961 0.143461915 0.136962875 0.134767798 0.153221392 0.000000000 0.112362881 0.107120530 0.143200655 0.145495922 0.145880615 0.141258401 0.137589014 0.141487070 0.133352205 0.134091237 0.144316334 0.152483730 0.138884862 0.165042644 0.164791937 0.170964577 0.166454090 0.164942314 0.171868648 0.152878237 0.154873632 0.151958003 0.145344898 0.143685889 0.167460212 0.133033787 0.136663928 0.265334225 
17     0.122824645 0.123639034 0.123594653 0.121889886 0.116062937 0.129474972 0.126193479 0.127736146 0.123819665 0.124304170 0.125219947 0.131692665 0.124152068 0.123614318 0.123930121 0.131117007 0.129995313 0.113544130 0.115308084 0.108860349 0.106645428 0.125099021 0.112362881 0.000000000 0.053338546 0.114468420 0.116765054 0.117148381 0.112137305 0.108758296 0.113003344 0.104867776 0.105514625 0.115937827 0.124105223 0.110552293 0.136588206 0.136333906 0.142510139 0.138034682 0.136564743 0.143490860 0.124405550 0.126400945 0.123467993 0.116872212 0.115213203 0.139072471 0.104619039 0.108257916 0.236971772 
29     0.117587280 0.118401669 0.118357289 0.116652339 0.110825390 0.124237426 0.120955933 0.122498599 0.118582118 0.119066624 0.119982401 0.126455118 0.118914522 0.118376771 0.118692575 0.125879461 0.124757766 0.108310712 0.110074666 0.103626931 0.101412010 0.119865603 0.107120530 0.053338546 0.000000000 0.109293582 0.111602874 0.111973543 0.106900806 0.103571727 0.107843080 0.099707511 0.100354360 0.110517204 0.118684599 0.105116972 0.131354071 0.131103365 0.137276004 0.132765517 0.131253975 0.137810331 0.119049085 0.121044481 0.118115659 0.111515747 0.109856738 0.133809367 0.099345957 0.103006248 0.231628397 
7     0.130650103 0.131512243 0.131467863 0.129693448 0.123866499 0.137253540 0.134028113 0.135570780 0.131654299 0.132092606 0.133043047 0.139515765 0.131975168 0.131437418 0.131753221 0.138900050 0.137787923 0.121416555 0.123247384 0.116855427 0.114670719 0.133121479 0.143200655 0.114468420 0.109293582 0.000000000 0.032321368 0.042739728 0.079519310 0.075993825 0.109794972 0.101746801 0.102107417 0.123996790 0.132180907 0.118610016 0.144788601 0.144537894 0.150709789 0.146181398 0.144688357 0.151149625 0.132471485 0.134466880 0.131554491 0.124967704 0.123308695 0.147217039 0.112721925 0.116316054 0.244927041 
20     0.132980128 0.133842268 0.133797888 0.132023473 0.126196524 0.139587497 0.136358139 0.137900805 0.133984324 0.134422631 0.135373072 0.141845790 0.134305194 0.133767443 0.134083246 0.141230076 0.140117948 0.123740352 0.125567763 0.119170725 0.116986016 0.135436777 0.145495922 0.116765054 0.111602874 0.032321368 0.000000000 0.045156121 0.081429313 0.078204532 0.112001099 0.103952928 0.104342678 0.126324566 0.134508683 0.120937792 0.147115031 0.146864324 0.153036219 0.148507828 0.147014787 0.153507427 0.134797790 0.136793185 0.133880796 0.127294009 0.125635000 0.149543696 0.115050450 0.118642711 0.247253135 
5     0.133355134 0.134217274 0.134172893 0.132398479 0.126571530 0.139965697 0.136733144 0.138275811 0.134359330 0.134797637 0.135748078 0.142220795 0.134680199 0.134142448 0.134458252 0.141605081 0.140492954 0.124141015 0.125956752 0.119560164 0.117375456 0.135826217 0.145880615 0.117148381 0.111973543 0.042739728 0.045156121 0.000000000 0.082120449 0.078417813 0.112409748 0.104361577 0.104723639 0.126698354 0.134882470 0.121311580 0.147490164 0.147239458 0.153411353 0.148882961 0.147389921 0.153851188 0.135052809 0.137050110 0.134111874 0.127583574 0.125924565 0.149914289 0.115420520 0.119013053 0.247628604 
15     0.128469662 0.129332588 0.129288207 0.127478505 0.121651556 0.135105724 0.131826600 0.133369267 0.129452499 0.129866186 0.130813956 0.137286673 0.129726729 0.129188978 0.129504782 0.136669452 0.135566038 0.119469464 0.121238530 0.114804673 0.112619965 0.131070726 0.141258401 0.112137305 0.106900806 0.079519310 0.081429313 0.082120449 0.000000000 0.065505674 0.108100595 0.100051725 0.100446918 0.121819533 0.129994250 0.116430587 0.142786854 0.142536148 0.148708043 0.144181664 0.142686611 0.149323952 0.130448739 0.132444134 0.129531745 0.122943157 0.121284148 0.145220225 0.110800799 0.114392977 0.242840240 
36     0.124956891 0.125819031 0.125774651 0.123997531 0.118170582 0.131594388 0.128337513 0.129880180 0.125963699 0.126334427 0.127345146 0.133817863 0.126277267 0.125739516 0.126055320 0.133203918 0.132091399 0.115793221 0.117562286 0.111118275 0.108933567 0.127384328 0.137589014 0.108758296 0.103571727 0.075993825 0.078204532 0.078417813 0.065505674 0.000000000 0.104240855 0.096190222 0.096555475 0.118282885 0.126467002 0.112896111 0.139075570 0.138824864 0.144996759 0.140454511 0.138975327 0.145590901 0.126735663 0.128731059 0.125818669 0.119238555 0.117579546 0.141488465 0.107069038 0.110661217 0.239207698 
32     0.129186879 0.130049019 0.130004639 0.128249354 0.122422405 0.135830763 0.132558016 0.134100683 0.130184202 0.130662980 0.131553334 0.138027009 0.130487072 0.129949321 0.130265125 0.137451859 0.136329882 0.119828408 0.121597014 0.115109771 0.112957093 0.131411661 0.141487070 0.113003344 0.107843080 0.109794972 0.112001099 0.112409748 0.108100595 0.104240855 0.000000000 0.045188117 0.075812018 0.122346547 0.130523319 0.116935358 0.143150523 0.142899816 0.149071711 0.144553021 0.143050279 0.149815170 0.130798901 0.132794296 0.129881907 0.123346073 0.121687064 0.145556656 0.111137416 0.114728121 0.243198904 
22     0.121069963 0.121932103 0.121887722 0.120128386 0.114301437 0.127708117 0.124437048 0.125979715 0.122063233 0.122554902 0.123445256 0.129917973 0.122377126 0.121839375 0.122155178 0.129336875 0.128214899 0.111654637 0.113424462 0.106942971 0.104804327 0.123258894 0.133352205 0.104867776 0.099707511 0.101746801 0.103952928 0.104361577 0.100051725 0.096190222 0.045188117 0.000000000 0.067338986 0.114162734 0.122339506 0.108735357 0.134965186 0.134714479 0.140886374 0.136367684 0.134864942 0.141627012 0.122625624 0.124621019 0.121708630 0.115156044 0.113500191 0.137352859 0.102916098 0.106506804 0.234704894 
21     0.121732307 0.122594447 0.122550067 0.120781901 0.114954952 0.128363310 0.125098769 0.126641436 0.122724955 0.123181423 0.124106977 0.130579695 0.123038847 0.122501096 0.122816900 0.129998597 0.128876620 0.112353868 0.114122474 0.107728756 0.105546075 0.123996836 0.134091237 0.105514625 0.100354360 0.102107417 0.104342678 0.104723639 0.100446918 0.096555475 0.075812018 0.067338986 0.000000000 0.114797950 0.122975886 0.109393565 0.135615668 0.135364961 0.141536856 0.137018166 0.135515424 0.142424438 0.123372062 0.125367457 0.122455067 0.115881948 0.114222939 0.138131873 0.103735023 0.107325729 0.235563961 
14     0.124496175 0.125460574 0.125416193 0.123474660 0.117709997 0.131125394 0.127739125 0.129281792 0.125365195 0.125961667 0.126755020 0.133055048 0.125712529 0.125174778 0.125490582 0.132677654 0.131555703 0.115430744 0.117197918 0.110735728 0.108547507 0.127001046 0.144316334 0.115937827 0.110517204 0.123996790 0.126324566 0.126698354 0.121819533 0.118282885 0.122346547 0.114162734 0.114797950 0.000000000 0.048321531 0.036448882 0.114974155 0.114707210 0.120874216 0.116322812 0.114918605 0.136932328 0.118328547 0.120308407 0.117407927 0.110812674 0.109149821 0.133109540 0.098855959 0.102455660 0.230374261 
11     0.132744502 0.133708901 0.133664521 0.131713631 0.125929174 0.139329010 0.136039431 0.137582098 0.133663779 0.134223900 0.135035772 0.141310161 0.133974763 0.133437012 0.133752815 0.140939887 0.139817937 0.123514880 0.125222948 0.118810419 0.116613565 0.135084437 0.152483730 0.124105223 0.118684599 0.132180907 0.134508683 0.134882470 0.129994250 0.126467002 0.130523319 0.122339506 0.122975886 0.048321531 0.000000000 0.044808060 0.123123648 0.122856704 0.129023710 0.124485683 0.123068098 0.145153332 0.126535048 0.128514908 0.125614428 0.119019175 0.117356322 0.141246857 0.107062289 0.110662616 0.238551756 
26     0.119307611 0.120272009 0.120227629 0.118329730 0.112545272 0.125963535 0.122563768 0.124106435 0.120188116 0.120782998 0.121601991 0.127851083 0.120533861 0.119996110 0.120311913 0.127498985 0.126377035 0.109951484 0.111707716 0.105284161 0.103095939 0.121549478 0.138884862 0.110552293 0.105116972 0.118610016 0.120937792 0.121311580 0.116430587 0.112896111 0.116935358 0.108735357 0.109393565 0.036448882 0.044808060 0.000000000 0.109445427 0.109178482 0.115345488 0.110837589 0.109389877 0.131531861 0.112940174 0.114920034 0.112019554 0.105455343 0.103792490 0.127711429 0.093455213 0.097054914 0.224959689 
19     0.145404517 0.146271667 0.146227286 0.144352231 0.138567773 0.151986036 0.148684497 0.150227164 0.146308845 0.146868966 0.147686515 0.154136477 0.146618384 0.146080634 0.146396437 0.153584953 0.152463003 0.136113393 0.137880568 0.131331429 0.129184451 0.147645306 0.165042644 0.136588206 0.131354071 0.144788601 0.147115031 0.147490164 0.142786854 0.139075570 0.143150523 0.134965186 0.135615668 0.114974155 0.123123648 0.109445427 0.000000000 0.021378036 0.037918767 0.056530073 0.067272711 0.157729802 0.139024830 0.141004885 0.138104241 0.131496104 0.129824268 0.153682817 0.119405391 0.123005092 0.251567846 
39     0.145181211 0.146048361 0.146003981 0.144128925 0.138344467 0.151762730 0.148461192 0.150003858 0.146085539 0.146645661 0.147463209 0.153913171 0.146395079 0.145857328 0.146173132 0.153361648 0.152239697 0.135933881 0.137701055 0.131201192 0.129054214 0.147507753 0.164791937 0.136333906 0.131103365 0.144537894 0.146864324 0.147239458 0.142536148 0.138824864 0.142899816 0.134714479 0.135364961 0.114707210 0.122856704 0.109178482 0.021378036 0.000000000 0.038701130 0.056729469 0.066978124 0.157497190 0.138661808 0.140650646 0.137741218 0.131166767 0.129494931 0.153441887 0.119164462 0.122764162 0.251322042 
41     0.151353850 0.152221000 0.152176620 0.150301564 0.144517107 0.157935370 0.154633831 0.156176498 0.152258179 0.152818300 0.153635848 0.160085811 0.152567718 0.152029967 0.152345771 0.159534287 0.158412337 0.142109929 0.143858132 0.137371716 0.135224738 0.153678277 0.170964577 0.142510139 0.137276004 0.150709789 0.153036219 0.153411353 0.148708043 0.144996759 0.149071711 0.140886374 0.141536856 0.120874216 0.129023710 0.115345488 0.037918767 0.038701130 0.000000000 0.062501716 0.073017585 0.163674190 0.144969218 0.146949273 0.144048629 0.137440492 0.135768656 0.159627205 0.125349779 0.128949480 0.257508354 
28     0.146834160 0.147700350 0.147655970 0.145786361 0.140001904 0.153420167 0.150118628 0.151661295 0.147742976 0.148303097 0.149120645 0.155570608 0.148052515 0.147514765 0.147830568 0.155019084 0.153897134 0.137579760 0.139346934 0.132814767 0.130677483 0.149137631 0.166454090 0.138034682 0.132765517 0.146181398 0.148507828 0.148882961 0.144181664 0.140454511 0.144553021 0.136367684 0.137018166 0.116322812 0.124485683 0.110837589 0.056530073 0.056729469 0.062501716 0.000000000 0.068782171 0.159167475 0.140460585 0.142440640 0.139539996 0.132934889 0.131263053 0.155125003 0.120847578 0.124447278 0.253002448 
2     0.145274545 0.146141696 0.146097315 0.144142871 0.138368277 0.151794019 0.148501000 0.150043667 0.146121206 0.146677379 0.147494927 0.153944447 0.146426355 0.145888604 0.146204408 0.153393534 0.152272462 0.136053687 0.137820861 0.131314260 0.129167282 0.147627024 0.164942314 0.136564743 0.131253975 0.144688357 0.147014787 0.147389921 0.142686611 0.138975327 0.143050279 0.134864942 0.135515424 0.114918605 0.123068098 0.109389877 0.067272711 0.066978124 0.073017585 0.068782171 0.000000000 0.157684784 0.138960145 0.140940200 0.138039556 0.131418857 0.129747022 0.153637780 0.119353750 0.122953451 0.251505792 
49     0.151704872 0.152599161 0.152554781 0.150717372 0.144876427 0.158338708 0.155048231 0.156590898 0.152674417 0.153447390 0.154263476 0.160725303 0.153195346 0.152657595 0.152973399 0.160161592 0.159039642 0.142638747 0.144407298 0.137967288 0.135768158 0.154221689 0.171868648 0.143490860 0.137810331 0.151149625 0.153507427 0.153851188 0.149323952 0.145590901 0.149815170 0.141627012 0.142424438 0.136932328 0.145153332 0.131531861 0.157729802 0.157497190 0.163674190 0.159167475 0.157684784 0.000000000 0.142049377 0.144025960 0.141132814 0.134331241 0.132686529 0.155459593 0.121320588 0.124894127 0.257588461 
46     0.132967697 0.133873300 0.133828919 0.131330763 0.125737764 0.139601143 0.136237333 0.137780620 0.133844342 0.134400855 0.135218177 0.141680003 0.134150047 0.133612296 0.133928100 0.141116842 0.139994892 0.123698824 0.125483013 0.119042609 0.116844191 0.135294699 0.152878237 0.124405550 0.119049085 0.132471485 0.134797790 0.135052809 0.130448739 0.126735663 0.130798901 0.122625624 0.123372062 0.118328547 0.126535048 0.112940174 0.139024830 0.138661808 0.144969218 0.140460585 0.138960145 0.142049377 0.000000000 0.034814492 0.032310608 0.069132299 0.067529513 0.135868774 0.101698933 0.105277936 0.238076801 
50     0.135021856 0.135927458 0.135883078 0.133418282 0.127858289 0.141664063 0.138309965 0.139852632 0.135934313 0.136463775 0.137281097 0.143742924 0.136212967 0.135675216 0.135991020 0.143179762 0.142057812 0.125685180 0.127469368 0.121028964 0.118830546 0.137281054 0.154873632 0.126400945 0.121044481 0.134466880 0.136793185 0.137050110 0.132444134 0.128731059 0.132794296 0.124621019 0.125367457 0.120308407 0.128514908 0.114920034 0.141004885 0.140650646 0.146949273 0.142440640 0.140940200 0.144025960 0.034814492 0.000000000 0.025845776 0.070950515 0.069356519 0.137846350 0.103676509 0.107255513 0.240055770 
42     0.132088781 0.132994383 0.132950003 0.130481412 0.124925214 0.138730988 0.135376890 0.136919557 0.133001237 0.133530700 0.134348022 0.140809849 0.133279892 0.132742141 0.133057945 0.140246687 0.139124737 0.122645249 0.124429438 0.117850351 0.115651933 0.134241124 0.151958003 0.123467993 0.118115659 0.131554491 0.133880796 0.134111874 0.129531745 0.125818669 0.129881907 0.121708630 0.122455067 0.117407927 0.125614428 0.112019554 0.138104241 0.137741218 0.144048629 0.139539996 0.138039556 0.141132814 0.032310608 0.025845776 0.000000000 0.068422021 0.066817323 0.134955804 0.100785963 0.104364967 0.237149804 
47     0.125504975 0.126410577 0.126366197 0.124036913 0.118560911 0.132128988 0.128781346 0.130324013 0.126405694 0.126919925 0.127737246 0.134193679 0.126646420 0.126116964 0.126425100 0.133637576 0.132517217 0.116110075 0.117918310 0.111479168 0.109280750 0.127731258 0.145344898 0.116872212 0.111515747 0.124967704 0.127294009 0.127583574 0.122943157 0.119238555 0.123346073 0.115156044 0.115881948 0.110812674 0.119019175 0.105455343 0.131496104 0.131166767 0.137440492 0.132934889 0.131418857 0.134331241 0.069132299 0.070950515 0.068422021 0.000000000 0.023512693 0.128368242 0.094180436 0.097759439 0.231045054 
43     0.123849133 0.124754735 0.124710355 0.122411091 0.116935089 0.130503165 0.127137242 0.128679909 0.124761590 0.125289226 0.126106548 0.132568375 0.125038418 0.124500667 0.124816471 0.132005213 0.130883263 0.114411327 0.116162491 0.109795149 0.107596731 0.126047239 0.143685889 0.115213203 0.109856738 0.123308695 0.125635000 0.125924565 0.121284148 0.117579546 0.121687064 0.113500191 0.114222939 0.109149821 0.117356322 0.103792490 0.129824268 0.129494931 0.135768656 0.131263053 0.129747022 0.132686529 0.067529513 0.069356519 0.066817323 0.023512693 0.000000000 0.126671388 0.092483582 0.096062586 0.229369580 
45     0.147506091 0.148400380 0.148356000 0.146507649 0.140680055 0.154143023 0.150788899 0.152331566 0.148453682 0.149011431 0.149829339 0.156296328 0.148766395 0.148228644 0.148544448 0.155738570 0.154616620 0.138318870 0.140087421 0.133620764 0.131444745 0.149898276 0.167460212 0.139072471 0.133809367 0.147217039 0.149543696 0.149914289 0.145220225 0.141488465 0.145556656 0.137352859 0.138131873 0.133109540 0.141246857 0.127711429 0.153682817 0.153441887 0.159627205 0.155125003 0.153637780 0.155459593 0.135868774 0.137846350 0.134955804 0.128368242 0.126671388 0.000000000 0.092005657 0.095572525 0.253333008 
48     0.113121052 0.114014740 0.113970360 0.112171904 0.106344310 0.119807278 0.116358290 0.117900957 0.114054190 0.114640583 0.115456669 0.121924803 0.114394847 0.113857096 0.114172899 0.121361092 0.120232391 0.103924651 0.105670568 0.099222696 0.097070262 0.115523793 0.133033787 0.104619039 0.099345957 0.112721925 0.115050450 0.115420520 0.110800799 0.107069038 0.111137416 0.102916098 0.103735023 0.098855959 0.107062289 0.093455213 0.119405391 0.119164462 0.125349779 0.120847578 0.119353750 0.121320588 0.101698933 0.103676509 0.100785963 0.094180436 0.092483582 0.092005657 0.000000000 0.019811891 0.219186889 
44     0.116710291 0.117603980 0.117559600 0.115761144 0.109933550 0.123396518 0.119948976 0.121491642 0.117643430 0.118229823 0.119045909 0.125514043 0.117984087 0.117446336 0.117762139 0.124950332 0.123821631 0.107512395 0.109282370 0.102785642 0.100615274 0.119079199 0.136663928 0.108257916 0.103006248 0.116316054 0.118642711 0.119013053 0.114392977 0.110661217 0.114728121 0.106506804 0.107325729 0.102455660 0.110662616 0.097054914 0.123005092 0.122764162 0.128949480 0.124447278 0.122953451 0.124894127 0.105277936 0.107255513 0.104364967 0.097759439 0.096062586 0.095572525 0.019811891 0.000000000 0.222775457 
0     0.245489829 0.246401591 0.246357211 0.244502071 0.238717614 0.252135877 0.248800111 0.250342778 0.246425630 0.246962736 0.247812270 0.254276230 0.246744140 0.246206389 0.246522193 0.253709939 0.252587989 0.236060605 0.237829013 0.231400730 0.229189552 0.247301812 0.265334225 0.236971772 0.231628397 0.244927041 0.247253135 0.247628604 0.242840240 0.239207698 0.243198904 0.234704894 0.235563961 0.230374261 0.238551756 0.224959689 0.251567846 0.251322042 0.257508354 0.253002448 0.251505792 0.257588461 0.238076801 0.240055770 0.237149804 0.231045054 0.229369580 0.253333008 0.219186889 0.222775457 0.000000000 
