51
27     0.000000000 0.000953107 0.001514623 0.001512780 0.001432610 0.001594929 0.001593106 0.001703655 0.001474803 0.001457383 0.001381950 0.001746303 0.002446532 0.002448107 0.001762032 0.002056817 0.002031298 0.002041631 0.001985677 0.001678626 0.002007507 0.001966573 0.001854274 0.001910350 0.002191809 0.002092577 0.001910854 0.001832628 0.002156131 0.001724783 0.002012713 0.002007522 0.001836630 0.001860729 0.001854294 0.001850854 0.001865070 0.001950986 0.001832173 0.002369875 0.002047842 0.002047165 0.001677451 0.001680673 0.001714753 0.001759243 0.001877324 0.002357711 0.002134135 0.002087936 0.002072690 
24     0.000953107 0.000000000 0.001693299 0.001685165 0.001616966 0.001777293 0.001775820 0.001873041 0.001642928 0.001628580 0.001562727 0.001925858 0.002624860 0.002625547 0.001947794 0.002229580 0.002202828 0.002219481 0.002148079 0.001853771 0.002200859 0.002165264 0.002041335 0.002086132 0.002372248 0.002253415 0.002109864 0.002024473 0.002328289 0.001906590 0.002208028 0.002203210 0.002023212 0.002051146 0.002046477 0.002042938 0.002060317 0.002141938 0.002026547 0.002533429 0.002218025 0.002223518 0.001854862 0.001858719 0.001895487 0.001936873 0.002055197 0.002533740 0.002309688 0.002258853 0.002250320 
28     0.001514623 0.001693299 0.000000000 0.000296384 0.000696580 0.001499466 0.001496924 0.001692990 0.001465350 0.001456595 0.001364918 0.001721112 0.002416058 0.002419793 0.001752034 0.002021682 0.002008389 0.002021341 0.001962950 0.001662971 0.002002323 0.001966976 0.001855345 0.001908962 0.002177385 0.002053829 0.001914707 0.001837085 0.002165621 0.001728367 0.002004100 0.002000078 0.001826981 0.001852791 0.001848535 0.001844392 0.001861244 0.001948088 0.001829015 0.002345775 0.002041107 0.002040566 0.001672978 0.001666662 0.001707783 0.001738920 0.001876962 0.002333779 0.002102898 0.002050325 0.002042357 
15     0.001512780 0.001685165 0.000296384 0.000000000 0.000703855 0.001489749 0.001487207 0.001682196 0.001451821 0.001446658 0.001354495 0.001708774 0.002408889 0.002411734 0.001752693 0.002018184 0.002009514 0.002013343 0.001960212 0.001659214 0.001996783 0.001965124 0.001842548 0.001895653 0.002175043 0.002050351 0.001906016 0.001828668 0.002159634 0.001730158 0.002003914 0.001999011 0.001831981 0.001856998 0.001852732 0.001848472 0.001863518 0.001951885 0.001832056 0.002347682 0.002033652 0.002033048 0.001667751 0.001663561 0.001703061 0.001735127 0.001874999 0.002335773 0.002100986 0.002050025 0.002035026 
6     0.001432610 0.001616966 0.000696580 0.000703855 0.000000000 0.001403566 0.001402365 0.001599853 0.001376548 0.001366034 0.001278936 0.001638469 0.002319052 0.002323325 0.001666963 0.001934790 0.001913101 0.001925190 0.001860798 0.001571476 0.001903520 0.001872252 0.001765353 0.001824952 0.002100751 0.001969573 0.001836997 0.001760634 0.002066721 0.001650018 0.001917008 0.001906470 0.001748316 0.001762103 0.001757566 0.001762823 0.001768510 0.001864587 0.001747791 0.002256536 0.001940032 0.001941646 0.001585229 0.001575347 0.001624947 0.001652309 0.001788181 0.002236399 0.001988051 0.001954177 0.001946756 
5     0.001594929 0.001777293 0.001499466 0.001489749 0.001403566 0.000000000 0.000254652 0.001776816 0.001537564 0.001515170 0.001435226 0.001804833 0.002485857 0.002487007 0.001799700 0.002095765 0.002087796 0.002090060 0.002036185 0.001735996 0.002096579 0.002068413 0.001921639 0.001978931 0.002250057 0.002133196 0.001988813 0.001900776 0.002215577 0.001813559 0.002073339 0.002067936 0.001898811 0.001927411 0.001922588 0.001924092 0.001939946 0.002029957 0.001916181 0.002426862 0.002121239 0.002116399 0.001746745 0.001743610 0.001781689 0.001813455 0.001952915 0.002401506 0.002177411 0.002128448 0.002126790 
13     0.001593106 0.001775820 0.001496924 0.001487207 0.001402365 0.000254652 0.000000000 0.001774835 0.001536002 0.001513608 0.001433549 0.001802777 0.002488945 0.002490095 0.001800036 0.002098865 0.002090753 0.002092657 0.002037482 0.001738722 0.002099742 0.002070594 0.001925427 0.001979648 0.002251137 0.002134244 0.001989490 0.001902547 0.002219081 0.001817344 0.002077315 0.002072016 0.001902438 0.001931548 0.001926646 0.001928053 0.001944119 0.002033933 0.001919852 0.002427392 0.002125958 0.002121113 0.001749505 0.001747368 0.001785352 0.001817356 0.001956814 0.002404004 0.002179376 0.002129508 0.002127159 
9     0.001703655 0.001873041 0.001692990 0.001682196 0.001599853 0.001776816 0.001774835 0.000000000 0.001601958 0.001588402 0.001517207 0.001887434 0.002560918 0.002564719 0.001894942 0.002179073 0.002165027 0.002164340 0.002092179 0.001795970 0.002135209 0.002102549 0.001975451 0.002021950 0.002312633 0.002198347 0.002055059 0.001953089 0.002287375 0.001891864 0.002156569 0.002151259 0.001970396 0.002007123 0.001993350 0.002002355 0.002013490 0.002107069 0.001987689 0.002502118 0.002187737 0.002191350 0.001829011 0.001809236 0.001859404 0.001895917 0.002029422 0.002491848 0.002264251 0.002222585 0.002192932 
10     0.001474803 0.001642928 0.001465350 0.001451821 0.001376548 0.001537564 0.001536002 0.001601958 0.000000000 0.000442736 0.001260016 0.001633536 0.002336028 0.002333446 0.001667521 0.001956230 0.001928779 0.001932249 0.001876034 0.001574093 0.001927989 0.001899238 0.001761723 0.001815003 0.002088855 0.001968781 0.001820586 0.001747342 0.002070629 0.001655457 0.001935896 0.001933215 0.001754926 0.001777425 0.001769675 0.001776059 0.001793003 0.001881543 0.001767154 0.002288771 0.001960995 0.001964665 0.001603210 0.001594237 0.001634244 0.001678145 0.001806287 0.002257281 0.002017574 0.001973158 0.001963611 
7     0.001457383 0.001628580 0.001456595 0.001446658 0.001366034 0.001515170 0.001513608 0.001588402 0.000442736 0.000000000 0.001246517 0.001613126 0.002306498 0.002303757 0.001636311 0.001932202 0.001906190 0.001908472 0.001860023 0.001553804 0.001907313 0.001879537 0.001735298 0.001789485 0.002071095 0.001956731 0.001803298 0.001730257 0.002053980 0.001640964 0.001924675 0.001922110 0.001746929 0.001763537 0.001756514 0.001762162 0.001778206 0.001862086 0.001752495 0.002276077 0.001941317 0.001946150 0.001590541 0.001576720 0.001627388 0.001662664 0.001794041 0.002233367 0.002008006 0.001952047 0.001947764 
8     0.001381950 0.001562727 0.001364918 0.001354495 0.001278936 0.001435226 0.001433549 0.001517207 0.001260016 0.001246517 0.000000000 0.001415453 0.002223020 0.002225192 0.001536056 0.001840913 0.001830989 0.001827093 0.001771770 0.001486552 0.001800523 0.001760921 0.001633224 0.001696224 0.001954325 0.001851622 0.001717799 0.001610534 0.001957617 0.001532828 0.001825735 0.001811076 0.001643740 0.001661725 0.001659184 0.001662064 0.001668319 0.001759183 0.001643951 0.002160195 0.001859486 0.001859058 0.001483059 0.001481642 0.001525860 0.001561223 0.001683844 0.002133198 0.001918595 0.001861610 0.001849939 
20     0.001746303 0.001925858 0.001721112 0.001708774 0.001638469 0.001804833 0.001802777 0.001887434 0.001633536 0.001613126 0.001415453 0.000000000 0.002546254 0.002551818 0.001859394 0.002167740 0.002159604 0.002149334 0.002107439 0.001820366 0.002147927 0.002115827 0.001991657 0.002048195 0.002318777 0.002210809 0.002086871 0.001984388 0.002282225 0.001877431 0.002160370 0.002155020 0.001977175 0.002005801 0.001996733 0.002009551 0.002015009 0.002103343 0.001990245 0.002523542 0.002193994 0.002198673 0.001819724 0.001817846 0.001861804 0.001896644 0.002023869 0.002462992 0.002252739 0.002219492 0.002209596 
12     0.002446532 0.002624860 0.002416058 0.002408889 0.002319052 0.002485857 0.002488945 0.002560918 0.002336028 0.002306498 0.002223020 0.002546254 0.000000000 0.000487104 0.001872202 0.002265833 0.002251985 0.002257136 0.002214743 0.001927935 0.002436480 0.002408028 0.002269486 0.002334056 0.002587892 0.002480353 0.002342053 0.002256949 0.002567737 0.002167456 0.002431707 0.002431520 0.002253509 0.002275748 0.002268944 0.002281030 0.002269436 0.002369169 0.002260782 0.002801865 0.002452821 0.002451135 0.002106747 0.002092868 0.002153593 0.002182169 0.002308437 0.002802033 0.002574091 0.002500192 0.002505285 
21     0.002448107 0.002625547 0.002419793 0.002411734 0.002323325 0.002487007 0.002490095 0.002564719 0.002333446 0.002303757 0.002225192 0.002551818 0.000487104 0.000000000 0.001878350 0.002268369 0.002255930 0.002258037 0.002214596 0.001922684 0.002436620 0.002406183 0.002271025 0.002333297 0.002589826 0.002479262 0.002336273 0.002254934 0.002570916 0.002166146 0.002436671 0.002438609 0.002253721 0.002274687 0.002267432 0.002282814 0.002269917 0.002366087 0.002259199 0.002801766 0.002451745 0.002452516 0.002107432 0.002095400 0.002154959 0.002183571 0.002308933 0.002807002 0.002574190 0.002505097 0.002503302 
11     0.001762032 0.001947794 0.001752034 0.001752693 0.001666963 0.001799700 0.001800036 0.001894942 0.001667521 0.001636311 0.001536056 0.001859394 0.001872202 0.001878350 0.000000000 0.001609043 0.001586360 0.001595370 0.001546397 0.001267659 0.001787556 0.001759031 0.001600539 0.001655260 0.001934943 0.001811002 0.001679685 0.001588456 0.001889436 0.001493689 0.001761515 0.001761879 0.001595608 0.001612632 0.001608110 0.001618444 0.001597657 0.001706766 0.001587807 0.002146828 0.001795322 0.001803575 0.001448793 0.001449491 0.001484344 0.001524758 0.001643374 0.002108802 0.001893108 0.001814536 0.001807696 
16     0.002056817 0.002229580 0.002021682 0.002018184 0.001934790 0.002095765 0.002098865 0.002179073 0.001956230 0.001932202 0.001840913 0.002167740 0.002265833 0.002268369 0.001609043 0.000000000 0.001021985 0.001244632 0.001811226 0.001508804 0.002053953 0.002028535 0.001857222 0.001922752 0.002207922 0.002100333 0.001966244 0.001885347 0.002155798 0.001776911 0.002023556 0.002020856 0.001863125 0.001884397 0.001876052 0.001891191 0.001881899 0.001972439 0.001864349 0.002380620 0.002056083 0.002062985 0.001701502 0.001706188 0.001759756 0.001783338 0.001900158 0.002370647 0.002151046 0.002070252 0.002093796 
17     0.002031298 0.002202828 0.002008389 0.002009514 0.001913101 0.002087796 0.002090753 0.002165027 0.001928779 0.001906190 0.001830989 0.002159604 0.002251985 0.002255930 0.001586360 0.001021985 0.000000000 0.001209458 0.001800052 0.001511174 0.002045610 0.002016924 0.001866113 0.001924614 0.002196806 0.002087670 0.001962625 0.001871637 0.002136982 0.001762306 0.002013545 0.002006972 0.001854331 0.001870060 0.001861167 0.001879424 0.001861724 0.001960645 0.001843257 0.002371211 0.002028512 0.002041946 0.001699345 0.001696648 0.001745592 0.001763400 0.001888797 0.002375298 0.002148843 0.002066085 0.002077868 
2     0.002041631 0.002219481 0.002021341 0.002013343 0.001925190 0.002090060 0.002092657 0.002164340 0.001932249 0.001908472 0.001827093 0.002149334 0.002257136 0.002258037 0.001595370 0.001244632 0.001209458 0.000000000 0.001794546 0.001504230 0.002048530 0.002029249 0.001871029 0.001926238 0.002202947 0.002103344 0.001952440 0.001869315 0.002137047 0.001781352 0.002037887 0.002037127 0.001866978 0.001892517 0.001887197 0.001899059 0.001882339 0.001979712 0.001858388 0.002412023 0.002043753 0.002060291 0.001699920 0.001705978 0.001757658 0.001768995 0.001898970 0.002396440 0.002154647 0.002092376 0.002082394 
18     0.001985677 0.002148079 0.001962950 0.001960212 0.001860798 0.002036185 0.002037482 0.002092179 0.001876034 0.001860023 0.001771770 0.002107439 0.002214743 0.002214596 0.001546397 0.001811226 0.001800052 0.001794546 0.000000000 0.001351525 0.001973428 0.001952823 0.001821218 0.001874589 0.002148611 0.002034205 0.001883155 0.001804909 0.002102969 0.001696365 0.001962253 0.001965234 0.001789029 0.001811928 0.001804233 0.001815784 0.001801403 0.001894928 0.001786400 0.002320008 0.001985860 0.001994757 0.001612725 0.001625091 0.001670577 0.001701708 0.001824445 0.002300909 0.002057688 0.002002678 0.002030797 
26     0.001678626 0.001853771 0.001662971 0.001659214 0.001571476 0.001735996 0.001738722 0.001795970 0.001574093 0.001553804 0.001486552 0.001820366 0.001927935 0.001922684 0.001267659 0.001508804 0.001511174 0.001504230 0.001351525 0.000000000 0.001673190 0.001651013 0.001522942 0.001578505 0.001855009 0.001747297 0.001593009 0.001505487 0.001829412 0.001415562 0.001679815 0.001678426 0.001500171 0.001510989 0.001502838 0.001520105 0.001509288 0.001614442 0.001499267 0.002027883 0.001677739 0.001682930 0.001349384 0.001350733 0.001397448 0.001434687 0.001551545 0.002013826 0.001782900 0.001726328 0.001750567 
1     0.002007507 0.002200859 0.002002323 0.001996783 0.001903520 0.002096579 0.002099742 0.002135209 0.001927989 0.001907313 0.001800523 0.002147927 0.002436480 0.002436620 0.001787556 0.002053953 0.002045610 0.002048530 0.001973428 0.001673190 0.000000000 0.000918335 0.001603667 0.001640329 0.001935881 0.001822133 0.001673408 0.001582429 0.002100573 0.001733824 0.001965619 0.001968537 0.001806612 0.001821255 0.001808634 0.001831096 0.001826758 0.001942994 0.001823750 0.002363799 0.002016889 0.002025947 0.001656842 0.001665502 0.001699887 0.001734596 0.001854760 0.002306677 0.002070497 0.002041147 0.002055698 
14     0.001966573 0.002165264 0.001966976 0.001965124 0.001872252 0.002068413 0.002070594 0.002102549 0.001899238 0.001879537 0.001760921 0.002115827 0.002408028 0.002406183 0.001759031 0.002028535 0.002016924 0.002029249 0.001952823 0.001651013 0.000918335 0.000000000 0.001551475 0.001595852 0.001886573 0.001787828 0.001628960 0.001532683 0.002069519 0.001702945 0.001931848 0.001937089 0.001777894 0.001786186 0.001774842 0.001804573 0.001795928 0.001901664 0.001781637 0.002335057 0.001991136 0.001997077 0.001636654 0.001647603 0.001664596 0.001712869 0.001829543 0.002268088 0.002043161 0.001999925 0.002008152 
25     0.001854274 0.002041335 0.001855345 0.001842548 0.001765353 0.001921639 0.001925427 0.001975451 0.001761723 0.001735298 0.001633224 0.001991657 0.002269486 0.002271025 0.001600539 0.001857222 0.001866113 0.001871029 0.001821218 0.001522942 0.001603667 0.001551475 0.000000000 0.000439814 0.001620180 0.001489948 0.001365425 0.001251979 0.001910265 0.001511684 0.001792935 0.001788597 0.001633155 0.001640759 0.001633672 0.001649132 0.001657609 0.001755609 0.001646806 0.002162468 0.001811133 0.001819133 0.001458013 0.001469016 0.001499596 0.001533831 0.001659146 0.002128556 0.001918698 0.001850646 0.001851224 
4     0.001910350 0.002086132 0.001908962 0.001895653 0.001824952 0.001978931 0.001979648 0.002021950 0.001815003 0.001789485 0.001696224 0.002048195 0.002334056 0.002333297 0.001655260 0.001922752 0.001924614 0.001926238 0.001874589 0.001578505 0.001640329 0.001595852 0.000439814 0.000000000 0.001660105 0.001533534 0.001406868 0.001297062 0.001983424 0.001597934 0.001847182 0.001849730 0.001700648 0.001709297 0.001701576 0.001720586 0.001717980 0.001820667 0.001709233 0.002227797 0.001885768 0.001898064 0.001533033 0.001545131 0.001581157 0.001606624 0.001733122 0.002194209 0.001980024 0.001911929 0.001918363 
19     0.002191809 0.002372248 0.002177385 0.002175043 0.002100751 0.002250057 0.002251137 0.002312633 0.002088855 0.002071095 0.001954325 0.002318777 0.002587892 0.002589826 0.001934943 0.002207922 0.002196806 0.002202947 0.002148611 0.001855009 0.001935881 0.001886573 0.001620180 0.001660105 0.000000000 0.001330641 0.001350288 0.001301762 0.002268718 0.001868970 0.002118603 0.002115096 0.001968718 0.001975320 0.001966876 0.001978154 0.001975877 0.002083146 0.001964085 0.002506063 0.002153874 0.002165409 0.001819507 0.001826796 0.001856939 0.001895730 0.002015852 0.002471145 0.002245241 0.002202890 0.002172140 
22     0.002092577 0.002253415 0.002053829 0.002050351 0.001969573 0.002133196 0.002134244 0.002198347 0.001968781 0.001956731 0.001851622 0.002210809 0.002480353 0.002479262 0.001811002 0.002100333 0.002087670 0.002103344 0.002034205 0.001747297 0.001822133 0.001787828 0.001489948 0.001533534 0.001330641 0.000000000 0.001235110 0.001164620 0.002151733 0.001757811 0.002013378 0.002014033 0.001862707 0.001869132 0.001859225 0.001874971 0.001853697 0.001966890 0.001856862 0.002392402 0.002032816 0.002044882 0.001712400 0.001710067 0.001746386 0.001780562 0.001907125 0.002347665 0.002120327 0.002089231 0.002063734 
3     0.001910854 0.002109864 0.001914707 0.001906016 0.001836997 0.001988813 0.001989490 0.002055059 0.001820586 0.001803298 0.001717799 0.002086871 0.002342053 0.002336273 0.001679685 0.001966244 0.001962625 0.001952440 0.001883155 0.001593009 0.001673408 0.001628960 0.001365425 0.001406868 0.001350288 0.001235110 0.000000000 0.001020722 0.002020308 0.001609452 0.001877795 0.001872651 0.001720268 0.001729330 0.001725497 0.001730091 0.001727809 0.001821954 0.001719195 0.002249387 0.001895736 0.001897962 0.001563876 0.001567090 0.001604285 0.001646798 0.001760531 0.002189139 0.001972294 0.001926763 0.001898226 
23     0.001832628 0.002024473 0.001837085 0.001828668 0.001760634 0.001900776 0.001902547 0.001953089 0.001747342 0.001730257 0.001610534 0.001984388 0.002256949 0.002254934 0.001588456 0.001885347 0.001871637 0.001869315 0.001804909 0.001505487 0.001582429 0.001532683 0.001251979 0.001297062 0.001301762 0.001164620 0.001020722 0.000000000 0.001937395 0.001545210 0.001788919 0.001787822 0.001626318 0.001640540 0.001628222 0.001648760 0.001640599 0.001743981 0.001630381 0.002173976 0.001814772 0.001819785 0.001482936 0.001491053 0.001532344 0.001563021 0.001678806 0.002130865 0.001913813 0.001868672 0.001837462 
40     0.002156131 0.002328289 0.002165621 0.002159634 0.002066721 0.002215577 0.002219081 0.002287375 0.002070629 0.002053980 0.001957617 0.002282225 0.002567737 0.002570916 0.001889436 0.002155798 0.002136982 0.002137047 0.002102969 0.001829412 0.002100573 0.002069519 0.001910265 0.001983424 0.002268718 0.002151733 0.002020308 0.001937395 0.000000000 0.001564741 0.001835939 0.001824248 0.001648298 0.001651768 0.001648010 0.001666319 0.001669694 0.001772268 0.001671729 0.002179806 0.001826630 0.001844874 0.001480721 0.001480776 0.001524001 0.001556331 0.001676648 0.002207925 0.002005566 0.001943667 0.002079438 
33     0.001724783 0.001906590 0.001728367 0.001730158 0.001650018 0.001813559 0.001817344 0.001891864 0.001655457 0.001640964 0.001532828 0.001877431 0.002167456 0.002166146 0.001493689 0.001776911 0.001762306 0.001781352 0.001696365 0.001415562 0.001733824 0.001702945 0.001511684 0.001597934 0.001868970 0.001757811 0.001609452 0.001545210 0.001564741 0.000000000 0.001077432 0.001068305 0.000889858 0.000904754 0.000895111 0.000912673 0.000914979 0.001012673 0.000921222 0.001407826 0.001089171 0.001097345 0.000720014 0.000734126 0.000752174 0.000791630 0.000916607 0.001804876 0.001565014 0.001522467 0.001660835 
41     0.002012713 0.002208028 0.002004100 0.002003914 0.001917008 0.002073339 0.002077315 0.002156569 0.001935896 0.001924675 0.001825735 0.002160370 0.002431707 0.002436671 0.001761515 0.002023556 0.002013545 0.002037887 0.001962253 0.001679815 0.001965619 0.001931848 0.001792935 0.001847182 0.002118603 0.002013378 0.001877795 0.001788919 0.001835939 0.001077432 0.000000000 0.000426009 0.000715101 0.000708728 0.000699254 0.000716532 0.000853780 0.000943517 0.000863348 0.001653861 0.001325274 0.001344973 0.000966673 0.000999395 0.001010359 0.001051934 0.001172283 0.002046188 0.001814319 0.001772434 0.001915083 
31     0.002007522 0.002203210 0.002000078 0.001999011 0.001906470 0.002067936 0.002072016 0.002151259 0.001933215 0.001922110 0.001811076 0.002155020 0.002431520 0.002438609 0.001761879 0.002020856 0.002006972 0.002037127 0.001965234 0.001678426 0.001968537 0.001937089 0.001788597 0.001849730 0.002115096 0.002014033 0.001872651 0.001787822 0.001824248 0.001068305 0.000426009 0.000000000 0.000701003 0.000696886 0.000685235 0.000703066 0.000841442 0.000930393 0.000851028 0.001645872 0.001319190 0.001335947 0.000960257 0.000993499 0.001003424 0.001050965 0.001167579 0.002038949 0.001802567 0.001764557 0.001916742 
50     0.001836630 0.002023212 0.001826981 0.001831981 0.001748316 0.001898811 0.001902438 0.001970396 0.001754926 0.001746929 0.001643740 0.001977175 0.002253509 0.002253721 0.001595608 0.001863125 0.001854331 0.001866978 0.001789029 0.001500171 0.001806612 0.001777894 0.001633155 0.001700648 0.001968718 0.001862707 0.001720268 0.001626318 0.001648298 0.000889858 0.000715101 0.000701003 0.000000000 0.000364127 0.000365835 0.000518614 0.000688697 0.000778002 0.000689789 0.001477223 0.001143616 0.001161200 0.000775619 0.000813417 0.000820802 0.000864195 0.000985591 0.001867255 0.001645259 0.001601703 0.001760053 
35     0.001860729 0.002051146 0.001852791 0.001856998 0.001762103 0.001927411 0.001931548 0.002007123 0.001777425 0.001763537 0.001661725 0.002005801 0.002275748 0.002274687 0.001612632 0.001884397 0.001870060 0.001892517 0.001811928 0.001510989 0.001821255 0.001786186 0.001640759 0.001709297 0.001975320 0.001869132 0.001729330 0.001640540 0.001651768 0.000904754 0.000708728 0.000696886 0.000364127 0.000000000 0.000255383 0.000514775 0.000685531 0.000775791 0.000686857 0.001479731 0.001148144 0.001167202 0.000785767 0.000815537 0.000828782 0.000882233 0.000989743 0.001873739 0.001657652 0.001622709 0.001774149 
42     0.001854294 0.002046477 0.001848535 0.001852732 0.001757566 0.001922588 0.001926646 0.001993350 0.001769675 0.001756514 0.001659184 0.001996733 0.002268944 0.002267432 0.001608110 0.001876052 0.001861167 0.001887197 0.001804233 0.001502838 0.001808634 0.001774842 0.001633672 0.001701576 0.001966876 0.001859225 0.001725497 0.001628222 0.001648010 0.000895111 0.000699254 0.000685235 0.000365835 0.000255383 0.000000000 0.000515215 0.000683833 0.000776387 0.000687634 0.001473358 0.001139042 0.001156399 0.000785118 0.000807992 0.000822855 0.000877236 0.000988196 0.001865031 0.001650278 0.001601328 0.001764865 
32     0.001850854 0.002042938 0.001844392 0.001848472 0.001762823 0.001924092 0.001928053 0.002002355 0.001776059 0.001762162 0.001662064 0.002009551 0.002281030 0.002282814 0.001618444 0.001891191 0.001879424 0.001899059 0.001815784 0.001520105 0.001831096 0.001804573 0.001649132 0.001720586 0.001978154 0.001874971 0.001730091 0.001648760 0.001666319 0.000912673 0.000716532 0.000703066 0.000518614 0.000514775 0.000515215 0.000000000 0.000699298 0.000789519 0.000699534 0.001491455 0.001166769 0.001187686 0.000811745 0.000840438 0.000851671 0.000902243 0.001021040 0.001890325 0.001662864 0.001621161 0.001780010 
37     0.001865070 0.002060317 0.001861244 0.001863518 0.001768510 0.001939946 0.001944119 0.002013490 0.001793003 0.001778206 0.001668319 0.002015009 0.002269436 0.002269917 0.001597657 0.001881899 0.001861724 0.001882339 0.001801403 0.001509288 0.001826758 0.001795928 0.001657609 0.001717980 0.001975877 0.001853697 0.001727809 0.001640599 0.001669694 0.000914979 0.000853780 0.000841442 0.000688697 0.000685531 0.000683833 0.000699298 0.000000000 0.000566485 0.000487765 0.001491887 0.001158887 0.001177461 0.000807962 0.000831711 0.000841371 0.000896552 0.001010569 0.001879451 0.001675008 0.001627605 0.001771769 
36     0.001950986 0.002141938 0.001948088 0.001951885 0.001864587 0.002029957 0.002033933 0.002107069 0.001881543 0.001862086 0.001759183 0.002103343 0.002369169 0.002366087 0.001706766 0.001972439 0.001960645 0.001979712 0.001894928 0.001614442 0.001942994 0.001901664 0.001755609 0.001820667 0.002083146 0.001966890 0.001821954 0.001743981 0.001772268 0.001012673 0.000943517 0.000930393 0.000778002 0.000775791 0.000776387 0.000789519 0.000566485 0.000000000 0.000500319 0.001590854 0.001263553 0.001283373 0.000904105 0.000931300 0.000935537 0.000992429 0.001108831 0.001975986 0.001781117 0.001720072 0.001842404 
48     0.001832173 0.002026547 0.001829015 0.001832056 0.001747791 0.001916181 0.001919852 0.001987689 0.001767154 0.001752495 0.001643951 0.001990245 0.002260782 0.002259199 0.001587807 0.001864349 0.001843257 0.001858388 0.001786400 0.001499267 0.001823750 0.001781637 0.001646806 0.001709233 0.001964085 0.001856862 0.001719195 0.001630381 0.001671729 0.000921222 0.000863348 0.000851028 0.000689789 0.000686857 0.000687634 0.000699534 0.000487765 0.000500319 0.000000000 0.001489527 0.001165009 0.001181018 0.000792310 0.000824755 0.000826066 0.000885685 0.000996365 0.001877946 0.001663507 0.001602796 0.001750627 
38     0.002369875 0.002533429 0.002345775 0.002347682 0.002256536 0.002426862 0.002427392 0.002502118 0.002288771 0.002276077 0.002160195 0.002523542 0.002801865 0.002801766 0.002146828 0.002380620 0.002371211 0.002412023 0.002320008 0.002027883 0.002363799 0.002335057 0.002162468 0.002227797 0.002506063 0.002392402 0.002249387 0.002173976 0.002179806 0.001407826 0.001653861 0.001645872 0.001477223 0.001479731 0.001473358 0.001491455 0.001491887 0.001590854 0.001489527 0.000000000 0.001664004 0.001669830 0.001312306 0.001306347 0.001341781 0.001387231 0.001504977 0.002398841 0.002186582 0.002133842 0.002269161 
43     0.002047842 0.002218025 0.002041107 0.002033652 0.001940032 0.002121239 0.002125958 0.002187737 0.001960995 0.001941317 0.001859486 0.002193994 0.002452821 0.002451745 0.001795322 0.002056083 0.002028512 0.002043753 0.001985860 0.001677739 0.002016889 0.001991136 0.001811133 0.001885768 0.002153874 0.002032816 0.001895736 0.001814772 0.001826630 0.001089171 0.001325274 0.001319190 0.001143616 0.001148144 0.001139042 0.001166769 0.001158887 0.001263553 0.001165009 0.001664004 0.000000000 0.000370686 0.000945446 0.000966456 0.000979163 0.001018663 0.001143081 0.002060526 0.001843771 0.001805301 0.001942588 
45     0.002047165 0.002223518 0.002040566 0.002033048 0.001941646 0.002116399 0.002121113 0.002191350 0.001964665 0.001946150 0.001859058 0.002198673 0.002451135 0.002452516 0.001803575 0.002062985 0.002041946 0.002060291 0.001994757 0.001682930 0.002025947 0.001997077 0.001819133 0.001898064 0.002165409 0.002044882 0.001897962 0.001819785 0.001844874 0.001097345 0.001344973 0.001335947 0.001161200 0.001167202 0.001156399 0.001187686 0.001177461 0.001283373 0.001181018 0.001669830 0.000370686 0.000000000 0.000960911 0.000977693 0.000992781 0.001038517 0.001154891 0.002072470 0.001854965 0.001814472 0.001947915 
34     0.001677451 0.001854862 0.001672978 0.001667751 0.001585229 0.001746745 0.001749505 0.001829011 0.001603210 0.001590541 0.001483059 0.001819724 0.002106747 0.002107432 0.001448793 0.001701502 0.001699345 0.001699920 0.001612725 0.001349384 0.001656842 0.001636654 0.001458013 0.001533033 0.001819507 0.001712400 0.001563876 0.001482936 0.001480721 0.000720014 0.000966673 0.000960257 0.000775619 0.000785767 0.000785118 0.000811745 0.000807962 0.000904105 0.000792310 0.001312306 0.000945446 0.000960911 0.000000000 0.000305518 0.000304317 0.000374322 0.000484705 0.001728212 0.001494361 0.001464363 0.001592145 
49     0.001680673 0.001858719 0.001666662 0.001663561 0.001575347 0.001743610 0.001747368 0.001809236 0.001594237 0.001576720 0.001481642 0.001817846 0.002092868 0.002095400 0.001449491 0.001706188 0.001696648 0.001705978 0.001625091 0.001350733 0.001665502 0.001647603 0.001469016 0.001545131 0.001826796 0.001710067 0.001567090 0.001491053 0.001480776 0.000734126 0.000999395 0.000993499 0.000813417 0.000815537 0.000807992 0.000840438 0.000831711 0.000931300 0.000824755 0.001306347 0.000966456 0.000977693 0.000305518 0.000000000 0.000312722 0.000374913 0.000508620 0.001736847 0.001500316 0.001465649 0.001595581 
30     0.001714753 0.001895487 0.001707783 0.001703061 0.001624947 0.001781689 0.001785352 0.001859404 0.001634244 0.001627388 0.001525860 0.001861804 0.002153593 0.002154959 0.001484344 0.001759756 0.001745592 0.001757658 0.001670577 0.001397448 0.001699887 0.001664596 0.001499596 0.001581157 0.001856939 0.001746386 0.001604285 0.001532344 0.001524001 0.000752174 0.001010359 0.001003424 0.000820802 0.000828782 0.000822855 0.000851671 0.000841371 0.000935537 0.000826066 0.001341781 0.000979163 0.000992781 0.000304317 0.000312722 0.000000000 0.000373071 0.000511477 0.001766436 0.001536406 0.001506284 0.001628552 
44     0.001759243 0.001936873 0.001738920 0.001735127 0.001652309 0.001813455 0.001817356 0.001895917 0.001678145 0.001662664 0.001561223 0.001896644 0.002182169 0.002183571 0.001524758 0.001783338 0.001763400 0.001768995 0.001701708 0.001434687 0.001734596 0.001712869 0.001533831 0.001606624 0.001895730 0.001780562 0.001646798 0.001563021 0.001556331 0.000791630 0.001051934 0.001050965 0.000864195 0.000882233 0.000877236 0.000902243 0.000896552 0.000992429 0.000885685 0.001387231 0.001018663 0.001038517 0.000374322 0.000374913 0.000373071 0.000000000 0.000577086 0.001796888 0.001551018 0.001531848 0.001662704 
47     0.001877324 0.002055197 0.001876962 0.001874999 0.001788181 0.001952915 0.001956814 0.002029422 0.001806287 0.001794041 0.001683844 0.002023869 0.002308437 0.002308933 0.001643374 0.001900158 0.001888797 0.001898970 0.001824445 0.001551545 0.001854760 0.001829543 0.001659146 0.001733122 0.002015852 0.001907125 0.001760531 0.001678806 0.001676648 0.000916607 0.001172283 0.001167579 0.000985591 0.000989743 0.000988196 0.001021040 0.001010569 0.001108831 0.000996365 0.001504977 0.001143081 0.001154891 0.000484705 0.000508620 0.000511477 0.000577086 0.000000000 0.001925363 0.001701359 0.001662514 0.001789935 
39     0.002357711 0.002533740 0.002333779 0.002335773 0.002236399 0.002401506 0.002404004 0.002491848 0.002257281 0.002233367 0.002133198 0.002462992 0.002802033 0.002807002 0.002108802 0.002370647 0.002375298 0.002396440 0.002300909 0.002013826 0.002306677 0.002268088 0.002128556 0.002194209 0.002471145 0.002347665 0.002189139 0.002130865 0.002207925 0.001804876 0.002046188 0.002038949 0.001867255 0.001873739 0.001865031 0.001890325 0.001879451 0.001975986 0.001877946 0.002398841 0.002060526 0.002072470 0.001728212 0.001736847 0.001766436 0.001796888 0.001925363 0.000000000 0.001722339 0.001659391 0.002259998 
46     0.002134135 0.002309688 0.002102898 0.002100986 0.001988051 0.002177411 0.002179376 0.002264251 0.002017574 0.002008006 0.001918595 0.002252739 0.002574091 0.002574190 0.001893108 0.002151046 0.002148843 0.002154647 0.002057688 0.001782900 0.002070497 0.002043161 0.001918698 0.001980024 0.002245241 0.002120327 0.001972294 0.001913813 0.002005566 0.001565014 0.001814319 0.001802567 0.001645259 0.001657652 0.001650278 0.001662864 0.001675008 0.001781117 0.001663507 0.002186582 0.001843771 0.001854965 0.001494361 0.001500316 0.001536406 0.001551018 0.001701359 0.001722339 0.000000000 0.001412684 0.002026335 
29     0.002087936 0.002258853 0.002050325 0.002050025 0.001954177 0.002128448 0.002129508 0.002222585 0.001973158 0.001952047 0.001861610 0.002219492 0.002500192 0.002505097 0.001814536 0.002070252 0.002066085 0.002092376 0.002002678 0.001726328 0.002041147 0.001999925 0.001850646 0.001911929 0.002202890 0.002089231 0.001926763 0.001868672 0.001943667 0.001522467 0.001772434 0.001764557 0.001601703 0.001622709 0.001601328 0.001621161 0.001627605 0.001720072 0.001602796 0.002133842 0.001805301 0.001814472 0.001464363 0.001465649 0.001506284 0.001531848 0.001662514 0.001659391 0.001412684 0.000000000 0.001962608 
0     0.002072690 0.002250320 0.002042357 0.002035026 0.001946756 0.002126790 0.002127159 0.002192932 0.001963611 0.001947764 0.001849939 0.002209596 0.002505285 0.002503302 0.001807696 0.002093796 0.002077868 0.002082394 0.002030797 0.001750567 0.002055698 0.002008152 0.001851224 0.001918363 0.002172140 0.002063734 0.001898226 0.001837462 0.002079438 0.001660835 0.001915083 0.001916742 0.001760053 0.001774149 0.001764865 0.001780010 0.001771769 0.001842404 0.001750627 0.002269161 0.001942588 0.001947915 0.001592145 0.001595581 0.001628552 0.001662704 0.001789935 0.002259998 0.002026335 0.001962608 0.000000000 
