51
27     0.000000000 0.000002350 0.000011010 0.000064670 0.000008650 0.000105480 0.000104560 0.000020750 0.000005130 0.000008330 0.000004950 0.000046110 0.000009700 0.000117040 0.000005570 0.000130390 0.000029720 0.000028130 0.000003490 0.000035300 0.000034550 0.000049040 0.000014800 0.000035210 0.000217670 0.000111210 0.000044010 0.000047150 0.000050170 0.000025940 0.000063430 0.000023090 0.000017160 0.000061750 0.000020980 0.000066370 0.000000000 0.000099390 0.000111490 0.000063510 0.000041780 0.000045570 0.000010720 0.000068220 0.000043310 0.000012900 0.000048690 0.000048380 0.000034740 0.000059280 0.000045510 
24     0.000002350 0.000000000 0.000091840 0.000055260 0.000008730 0.000058850 0.000024180 0.000016370 0.000000750 0.000015620 0.000000570 0.000004750 0.000005320 0.000169430 0.000001190 0.000023310 0.000054210 0.000048530 0.000084890 0.000035970 0.000114110 0.000144880 0.000054230 0.000071420 0.000146920 0.000067940 0.000047670 0.000091070 0.000162650 0.000057760 0.000016910 0.000044050 0.000022310 0.000017130 0.000044060 0.000089180 0.000005500 0.000149860 0.000023280 0.000137160 0.000037400 0.000041190 0.000023690 0.000019490 0.000035160 0.000025980 0.000053020 0.000011670 0.000058210 0.000015720 0.000023200 
28     0.000011010 0.000091840 0.000000000 0.000000020 0.000005970 0.000073580 0.000073290 0.000057570 0.000126660 0.000011340 0.000015030 0.000074700 0.000144630 0.000153010 0.000010340 0.000019750 0.000047790 0.000036680 0.000070500 0.000124120 0.000069160 0.000017650 0.000017810 0.000038220 0.000042600 0.000065590 0.000062100 0.000111480 0.000169460 0.000004560 0.000111670 0.000117580 0.000006460 0.000058120 0.000106710 0.000096520 0.000042070 0.000179930 0.000041980 0.000023810 0.000038530 0.000046290 0.000007500 0.000018900 0.000040010 0.000025510 0.000054050 0.000044600 0.000023240 0.000077730 0.000008330 
15     0.000064670 0.000055260 0.000000020 0.000000000 0.000006470 0.000015560 0.000017420 0.000026500 0.000051180 0.000070330 0.000011630 0.000084200 0.000140750 0.000077260 0.000059740 0.000021940 0.000037030 0.000010220 0.000055380 0.000050690 0.000016230 0.000035160 0.000076800 0.000034130 0.000090490 0.000059480 0.000064620 0.000004730 0.000170160 0.000040820 0.000107170 0.000092220 0.000006460 0.000127550 0.000162000 0.000105210 0.000033150 0.000058030 0.000051230 0.000015960 0.000017040 0.000039700 0.000005490 0.000005110 0.000029120 0.000045870 0.000114250 0.000068010 0.000045120 0.000070490 0.000038950 
6     0.000008650 0.000008730 0.000005970 0.000006470 0.000000000 0.000044270 0.000043980 0.000037950 0.000010000 0.000044180 0.000035880 0.000084320 0.000024040 0.000015810 0.000065570 0.000011670 0.000108560 0.000045730 0.000000010 0.000054600 0.000067040 0.000009190 0.000056500 0.000076910 0.000066310 0.000092730 0.000122090 0.000006220 0.000052110 0.000011280 0.000092120 0.000044760 0.000000010 0.000025450 0.000082880 0.000016890 0.000009220 0.000111570 0.000050030 0.000038170 0.000022070 0.000006870 0.000002310 0.000008480 0.000036550 0.000012600 0.000024800 0.000003800 0.000043710 0.000099170 0.000009510 
5     0.000105480 0.000058850 0.000073580 0.000015560 0.000044270 0.000000000 0.000000350 0.000122970 0.000072490 0.000080600 0.000145850 0.000127400 0.000117770 0.000119550 0.000034430 0.000139700 0.000021370 0.000110520 0.000034970 0.000012150 0.000128950 0.000097680 0.000015840 0.000059460 0.000079170 0.000055160 0.000048020 0.000037240 0.000175100 0.000122710 0.000139510 0.000109620 0.000011170 0.000100980 0.000095210 0.000098960 0.000132420 0.000155050 0.000076700 0.000259060 0.000113520 0.000104760 0.000041390 0.000037780 0.000050420 0.000012750 0.000009040 0.000215730 0.000056970 0.000072900 0.000038840 
13     0.000104560 0.000024180 0.000073290 0.000017420 0.000043980 0.000000350 0.000000000 0.000079330 0.000071710 0.000079820 0.000143140 0.000126480 0.000103450 0.000105230 0.000135800 0.000086020 0.000016530 0.000088150 0.000037820 0.000010010 0.000134070 0.000103950 0.000016910 0.000068750 0.000088460 0.000063960 0.000042190 0.000039470 0.000159340 0.000153420 0.000143070 0.000121120 0.000013460 0.000096720 0.000076420 0.000079760 0.000119090 0.000155100 0.000015900 0.000260130 0.000121580 0.000104060 0.000041790 0.000009260 0.000050820 0.000013150 0.000041590 0.000209900 0.000060140 0.000068070 0.000018660 
9     0.000020750 0.000016370 0.000057570 0.000026500 0.000037950 0.000122970 0.000079330 0.000000000 0.000006000 0.000000750 0.000015800 0.000020440 0.000020550 0.000137670 0.000016420 0.000058850 0.000103440 0.000074880 0.000180230 0.000000730 0.000094390 0.000040740 0.000028010 0.000061190 0.000308170 0.000253040 0.000062900 0.000096010 0.000156140 0.000023440 0.000074280 0.000059280 0.000070570 0.000110380 0.000059290 0.000108190 0.000020750 0.000071160 0.000075440 0.000191890 0.000052630 0.000056420 0.000031160 0.000029720 0.000026080 0.000043510 0.000151940 0.000110130 0.000044140 0.000186670 0.000049200 
10     0.000005130 0.000000750 0.000126660 0.000051180 0.000010000 0.000072490 0.000071710 0.000006000 0.000000000 0.000000110 0.000000180 0.000117130 0.000004930 0.000072970 0.000000800 0.000037490 0.000108860 0.000118560 0.000072320 0.000083880 0.000064550 0.000059710 0.000075880 0.000034240 0.000178010 0.000120870 0.000047280 0.000103900 0.000110130 0.000028970 0.000058660 0.000043660 0.000046770 0.000054110 0.000043670 0.000033340 0.000005130 0.000149470 0.000086890 0.000128350 0.000037010 0.000026530 0.000036450 0.000015430 0.000038540 0.000036480 0.000034420 0.000006480 0.000044040 0.000022310 0.000018550 
7     0.000008330 0.000015620 0.000011340 0.000070330 0.000044180 0.000080600 0.000079820 0.000000750 0.000000110 0.000000000 0.000015050 0.000025020 0.000019800 0.000088920 0.000015670 0.000057650 0.000060520 0.000026180 0.000019000 0.000032140 0.000033400 0.000027860 0.000006650 0.000027060 0.000143540 0.000113490 0.000062150 0.000061380 0.000076860 0.000015840 0.000073530 0.000058530 0.000046160 0.000106430 0.000032050 0.000107440 0.000020000 0.000164340 0.000080890 0.000179260 0.000051880 0.000024730 0.000027710 0.000010520 0.000053410 0.000051350 0.000044900 0.000005230 0.000064990 0.000024440 0.000035240 
8     0.000004950 0.000000570 0.000015030 0.000011630 0.000035880 0.000145850 0.000143140 0.000015800 0.000000180 0.000015050 0.000000000 0.000076630 0.000004750 0.000017080 0.000000620 0.000029480 0.000024070 0.000058850 0.000064510 0.000045290 0.000017100 0.000025560 0.000026950 0.000025540 0.000036010 0.000040950 0.000047100 0.000026560 0.000017260 0.000032430 0.000058480 0.000043480 0.000100900 0.000072930 0.000043490 0.000044830 0.000004950 0.000109300 0.000106540 0.000015350 0.000036830 0.000040620 0.000025330 0.000012700 0.000025380 0.000036300 0.000023840 0.000010730 0.000016800 0.000023330 0.000059460 
20     0.000046110 0.000004750 0.000074700 0.000084200 0.000084320 0.000127400 0.000126480 0.000020440 0.000117130 0.000025020 0.000076630 0.000000000 0.000111340 0.000109970 0.000002910 0.000040730 0.000046500 0.000060590 0.000054570 0.000013810 0.000028410 0.000022200 0.000007960 0.000002740 0.000002150 0.000153060 0.000034060 0.000069120 0.000072550 0.000039230 0.000145280 0.000050130 0.000073650 0.000096900 0.000100440 0.000097040 0.000098350 0.000087600 0.000084630 0.000102520 0.000174910 0.000111150 0.000059650 0.000059670 0.000067190 0.000060250 0.000102120 0.000057680 0.000089010 0.000091920 0.000054960 
12     0.000009700 0.000005320 0.000144630 0.000140750 0.000024040 0.000117770 0.000103450 0.000020550 0.000004930 0.000019800 0.000004750 0.000111340 0.000000000 0.000001330 0.000004130 0.000080390 0.000005340 0.000009560 0.000046940 0.000143040 0.000166520 0.000204400 0.000066270 0.000236150 0.000213410 0.000252500 0.000050610 0.000122210 0.000178240 0.000060700 0.000061990 0.000046990 0.000172340 0.000098090 0.000047000 0.000095900 0.000009700 0.000152800 0.000110050 0.000102060 0.000040340 0.000044130 0.000039780 0.000066780 0.000041870 0.000039810 0.000134260 0.000107890 0.000031580 0.000229980 0.000125190 
21     0.000117040 0.000169430 0.000153010 0.000077260 0.000015810 0.000119550 0.000105230 0.000137670 0.000072970 0.000088920 0.000017080 0.000109970 0.000001330 0.000000000 0.000046640 0.000079020 0.000050370 0.000048970 0.000039650 0.000138480 0.000132120 0.000173110 0.000043680 0.000112320 0.000216140 0.000199840 0.000048570 0.000078140 0.000104040 0.000103530 0.000168130 0.000074930 0.000100870 0.000179970 0.000122510 0.000122600 0.000163860 0.000028740 0.000164060 0.000134770 0.000086370 0.000009830 0.000044990 0.000047060 0.000027900 0.000081800 0.000012100 0.000108920 0.000072830 0.000004740 0.000111670 
11     0.000005570 0.000001190 0.000010340 0.000059740 0.000065570 0.000034430 0.000135800 0.000016420 0.000000800 0.000015670 0.000000620 0.000002910 0.000004130 0.000046640 0.000000000 0.000067810 0.000014360 0.000020550 0.000025300 0.000011140 0.000051080 0.000044870 0.000001320 0.000033350 0.000065560 0.000096540 0.000046480 0.000030150 0.000052460 0.000011520 0.000042960 0.000042860 0.000029220 0.000043690 0.000042870 0.000060230 0.000003210 0.000116740 0.000017370 0.000008680 0.000036210 0.000040000 0.000035650 0.000049140 0.000037740 0.000035680 0.000114440 0.000105910 0.000126210 0.000017220 0.000038120 
16     0.000130390 0.000023310 0.000019750 0.000021940 0.000011670 0.000139700 0.000086020 0.000058850 0.000037490 0.000057650 0.000029480 0.000040730 0.000080390 0.000079020 0.000067810 0.000000000 0.000022770 0.000020140 0.000062920 0.000026790 0.000023280 0.000036060 0.000022890 0.000021480 0.000028760 0.000053820 0.000100590 0.000054870 0.000013200 0.000060850 0.000046340 0.000071350 0.000130250 0.000079850 0.000110340 0.000058510 0.000108360 0.000014430 0.000133180 0.000134970 0.000059940 0.000021760 0.000025770 0.000033600 0.000060940 0.000005750 0.000106300 0.000156050 0.000012400 0.000017810 0.000023140 
17     0.000029720 0.000054210 0.000047790 0.000037030 0.000108560 0.000021370 0.000016530 0.000103440 0.000108860 0.000060520 0.000024070 0.000046500 0.000005340 0.000050370 0.000014360 0.000022770 0.000000000 0.000006230 0.000008870 0.000015090 0.000017070 0.000047010 0.000023150 0.000057900 0.000039650 0.000049700 0.000052370 0.000017790 0.000056080 0.000058920 0.000057240 0.000241090 0.000071930 0.000115600 0.000012740 0.000019460 0.000079710 0.000015350 0.000043030 0.000048520 0.000126050 0.000071260 0.000010930 0.000059520 0.000081770 0.000072610 0.000037870 0.000000240 0.000060700 0.000020090 0.000037860 
2     0.000028130 0.000048530 0.000036680 0.000010220 0.000045730 0.000110520 0.000088150 0.000074880 0.000118560 0.000026180 0.000058850 0.000060590 0.000009560 0.000048970 0.000020550 0.000020140 0.000006230 0.000000000 0.000030170 0.000014620 0.000065610 0.000065220 0.000021810 0.000034750 0.000085910 0.000115780 0.000024820 0.000022460 0.000063530 0.000038200 0.000024710 0.000086590 0.000059650 0.000075110 0.000073340 0.000046490 0.000050740 0.000036090 0.000017120 0.000082750 0.000022030 0.000041440 0.000009390 0.000028910 0.000024200 0.000021320 0.000066540 0.000065880 0.000052780 0.000069990 0.000029190 
18     0.000003490 0.000084890 0.000070500 0.000055380 0.000000010 0.000034970 0.000037820 0.000180230 0.000072320 0.000019000 0.000064510 0.000054570 0.000046940 0.000039650 0.000025300 0.000062920 0.000008870 0.000030170 0.000000000 0.000022030 0.000011330 0.000025070 0.000092490 0.000094030 0.000033460 0.000032160 0.000060730 0.000056230 0.000040390 0.000003960 0.000131380 0.000164530 0.000120620 0.000072170 0.000047970 0.000182190 0.000120360 0.000078090 0.000108830 0.000149660 0.000186250 0.000131410 0.000051090 0.000018640 0.000034000 0.000018300 0.000035220 0.000011050 0.000103400 0.000073990 0.000035790 
26     0.000035300 0.000035970 0.000124120 0.000050690 0.000054600 0.000012150 0.000010010 0.000000730 0.000083880 0.000032140 0.000045290 0.000013810 0.000143040 0.000138480 0.000011140 0.000026790 0.000015090 0.000014620 0.000022030 0.000000000 0.000013790 0.000051930 0.000065140 0.000107930 0.000071480 0.000043540 0.000026640 0.000078570 0.000106670 0.000070200 0.000081290 0.000102570 0.000029810 0.000059940 0.000012110 0.000008710 0.000039010 0.000116520 0.000028960 0.000059810 0.000023850 0.000011590 0.000016140 0.000024650 0.000048000 0.000038210 0.000000370 0.000082380 0.000030550 0.000089710 0.000046840 
1     0.000034550 0.000114110 0.000069160 0.000016230 0.000067040 0.000128950 0.000134070 0.000094390 0.000064550 0.000033400 0.000017100 0.000028410 0.000166520 0.000132120 0.000051080 0.000023280 0.000017070 0.000065610 0.000011330 0.000013790 0.000000000 0.000000330 0.000029510 0.000031070 0.000005180 0.000060010 0.000013400 0.000024000 0.000058060 0.000100670 0.000193080 0.000134750 0.000027560 0.000018300 0.000028550 0.000051610 0.000093500 0.000056140 0.000099250 0.000038970 0.000069130 0.000055380 0.000063670 0.000025320 0.000084960 0.000023420 0.000081010 0.000034030 0.000038510 0.000057970 0.000066880 
14     0.000049040 0.000144880 0.000017650 0.000035160 0.000009190 0.000097680 0.000103950 0.000040740 0.000059710 0.000027860 0.000025560 0.000022200 0.000204400 0.000173110 0.000044870 0.000036060 0.000047010 0.000065220 0.000025070 0.000051930 0.000000330 0.000000000 0.000030080 0.000021340 0.000020770 0.000105790 0.000066910 0.000011820 0.000038700 0.000016150 0.000061150 0.000084460 0.000023740 0.000066120 0.000024420 0.000086160 0.000005470 0.000065650 0.000029580 0.000099910 0.000027420 0.000174640 0.000012530 0.000012460 0.000007990 0.000029000 0.000086250 0.000058520 0.000028640 0.000060560 0.000036660 
25     0.000014800 0.000054230 0.000017810 0.000076800 0.000056500 0.000015840 0.000016910 0.000028010 0.000075880 0.000006650 0.000026950 0.000007960 0.000066270 0.000043680 0.000001320 0.000022890 0.000023150 0.000021810 0.000092490 0.000065140 0.000029510 0.000030080 0.000000000 0.000000260 0.000010030 0.000029830 0.000032890 0.000010620 0.000010210 0.000030880 0.000090940 0.000058860 0.000091120 0.000096370 0.000115560 0.000016720 0.000064820 0.000157810 0.000063900 0.000057510 0.000012110 0.000029180 0.000048430 0.000036810 0.000008210 0.000019360 0.000051370 0.000092680 0.000021160 0.000073700 0.000076260 
4     0.000035210 0.000071420 0.000038220 0.000034130 0.000076910 0.000059460 0.000068750 0.000061190 0.000034240 0.000027060 0.000025540 0.000002740 0.000236150 0.000112320 0.000033350 0.000021480 0.000057900 0.000034750 0.000094030 0.000107930 0.000031070 0.000021340 0.000000260 0.000000000 0.000004810 0.000009780 0.000014270 0.000004330 0.000008800 0.000023040 0.000077160 0.000067200 0.000144080 0.000089880 0.000059170 0.000158300 0.000000020 0.000114980 0.000001720 0.000107460 0.000151790 0.000088230 0.000050470 0.000048300 0.000048030 0.000052900 0.000071780 0.000224970 0.000081030 0.000067860 0.000040470 
19     0.000217670 0.000146920 0.000042600 0.000090490 0.000066310 0.000079170 0.000088460 0.000308170 0.000178010 0.000143540 0.000036010 0.000002150 0.000213410 0.000216140 0.000065560 0.000028760 0.000039650 0.000085910 0.000033460 0.000071480 0.000005180 0.000020770 0.000010030 0.000004810 0.000000000 0.000026270 0.000009240 0.000032970 0.000070260 0.000189380 0.000047950 0.000080350 0.000065390 0.000110790 0.000028340 0.000090830 0.000058790 0.000042720 0.000062010 0.000203810 0.000160700 0.000013880 0.000006980 0.000035720 0.000055900 0.000052400 0.000029170 0.000191080 0.000110180 0.000031450 0.000109790 
22     0.000111210 0.000067940 0.000065590 0.000059480 0.000092730 0.000055160 0.000063960 0.000253040 0.000120870 0.000113490 0.000040950 0.000153060 0.000252500 0.000199840 0.000096540 0.000053820 0.000049700 0.000115780 0.000032160 0.000043540 0.000060010 0.000105790 0.000029830 0.000009780 0.000026270 0.000000000 0.000080480 0.000008780 0.000055900 0.000021160 0.000166960 0.000162770 0.000152340 0.000159800 0.000089290 0.000010840 0.000042280 0.000102790 0.000149060 0.000103370 0.000223780 0.000235510 0.000021030 0.000029610 0.000049790 0.000089780 0.000023060 0.000093810 0.000022270 0.000112640 0.000082510 
3     0.000044010 0.000047670 0.000062100 0.000064620 0.000122090 0.000048020 0.000042190 0.000062900 0.000047280 0.000062150 0.000047100 0.000034060 0.000050610 0.000048570 0.000046480 0.000100590 0.000052370 0.000024820 0.000060730 0.000026640 0.000013400 0.000066910 0.000032890 0.000014270 0.000009240 0.000080480 0.000000000 0.000034320 0.000018700 0.000021270 0.000033440 0.000018440 0.000114850 0.000069540 0.000006880 0.000026400 0.000038030 0.000098320 0.000071220 0.000046620 0.000010750 0.000010970 0.000011230 0.000016450 0.000013320 0.000011260 0.000036300 0.000034340 0.000042860 0.000045600 0.000083830 
23     0.000047150 0.000091070 0.000111480 0.000004730 0.000006220 0.000037240 0.000039470 0.000096010 0.000103900 0.000061380 0.000026560 0.000069120 0.000122210 0.000078140 0.000030150 0.000054870 0.000017790 0.000022460 0.000056230 0.000078570 0.000024000 0.000011820 0.000010620 0.000004330 0.000032970 0.000008780 0.000034320 0.000000000 0.000056300 0.000088370 0.000093820 0.000030340 0.000092040 0.000046340 0.000028620 0.000026070 0.000086330 0.000065600 0.000036880 0.000131360 0.000016410 0.000030080 0.000016530 0.000003450 0.000018280 0.000011710 0.000143180 0.000041350 0.000109850 0.000036200 0.000047340 
40     0.000050170 0.000162650 0.000169460 0.000170160 0.000052110 0.000175100 0.000159340 0.000156140 0.000110130 0.000076860 0.000017260 0.000072550 0.000178240 0.000104040 0.000052460 0.000013200 0.000056080 0.000063530 0.000040390 0.000106670 0.000058060 0.000038700 0.000010210 0.000008800 0.000070260 0.000055900 0.000018700 0.000056300 0.000000000 0.000025350 0.000082350 0.000098400 0.000059210 0.000059410 0.000047320 0.000025840 0.000047600 0.000052990 0.000064800 0.000014080 0.000059130 0.000086970 0.000036340 0.000013530 0.000094480 0.000034020 0.000047600 0.000044740 0.000016860 0.000083330 0.000041850 
33     0.000025940 0.000057760 0.000004560 0.000040820 0.000011280 0.000122710 0.000153420 0.000023440 0.000028970 0.000015840 0.000032430 0.000039230 0.000060700 0.000103530 0.000011520 0.000060850 0.000058920 0.000038200 0.000003960 0.000070200 0.000100670 0.000016150 0.000030880 0.000023040 0.000189380 0.000021160 0.000021270 0.000088370 0.000025350 0.000000000 0.000043230 0.000028230 0.000020810 0.000013330 0.000028240 0.000018780 0.000028030 0.000028170 0.000034240 0.000027320 0.000017890 0.000025670 0.000017110 0.000011430 0.000000270 0.000014790 0.000015340 0.000044020 0.000021760 0.000026960 0.000027050 
41     0.000063430 0.000016910 0.000111670 0.000107170 0.000092120 0.000139510 0.000143070 0.000074280 0.000058660 0.000073530 0.000058480 0.000145280 0.000061990 0.000168130 0.000042960 0.000046340 0.000057240 0.000024710 0.000131380 0.000081290 0.000193080 0.000061150 0.000090940 0.000077160 0.000047950 0.000166960 0.000033440 0.000093820 0.000082350 0.000043230 0.000000000 0.000001130 0.000004190 0.000000010 0.000015010 0.000003810 0.000025250 0.000018700 0.000013690 0.000077740 0.000023170 0.000026960 0.000005180 0.000008160 0.000024400 0.000005320 0.000021660 0.000020390 0.000021650 0.000034810 0.000066140 
31     0.000023090 0.000044050 0.000117580 0.000092220 0.000044760 0.000109620 0.000121120 0.000059280 0.000043660 0.000058530 0.000043480 0.000050130 0.000046990 0.000074930 0.000042860 0.000071350 0.000241090 0.000086590 0.000164530 0.000102570 0.000134750 0.000084460 0.000058860 0.000067200 0.000080350 0.000162770 0.000018440 0.000030340 0.000098400 0.000028230 0.000001130 0.000000000 0.000024190 0.000025110 0.000000010 0.000018840 0.000010400 0.000021780 0.000006350 0.000054670 0.000008170 0.000011960 0.000007310 0.000034140 0.000009400 0.000005160 0.000031640 0.000023150 0.000040520 0.000041540 0.000012520 
50     0.000017160 0.000022310 0.000006460 0.000006460 0.000000010 0.000011170 0.000013460 0.000070570 0.000046770 0.000046160 0.000100900 0.000073650 0.000172340 0.000100870 0.000029220 0.000130250 0.000071930 0.000059650 0.000120620 0.000029810 0.000027560 0.000023740 0.000091120 0.000144080 0.000065390 0.000152340 0.000114850 0.000092040 0.000059210 0.000020810 0.000004190 0.000024190 0.000000000 0.000000600 0.000002090 0.000005120 0.000027320 0.000025540 0.000029830 0.000010140 0.000063860 0.000067690 0.000002260 0.000002940 0.000023810 0.000002590 0.000016610 0.000018630 0.000025820 0.000002090 0.000044070 
35     0.000061750 0.000017130 0.000058120 0.000127550 0.000025450 0.000100980 0.000096720 0.000110380 0.000054110 0.000106430 0.000072930 0.000096900 0.000098090 0.000179970 0.000043690 0.000079850 0.000115600 0.000075110 0.000072170 0.000059940 0.000018300 0.000066120 0.000096370 0.000089880 0.000110790 0.000159800 0.000069540 0.000046340 0.000059410 0.000013330 0.000000010 0.000025110 0.000000600 0.000000000 0.000001390 0.000002210 0.000041790 0.000023840 0.000009970 0.000045170 0.000039320 0.000002020 0.000001440 0.000009380 0.000029140 0.000001770 0.000015790 0.000084130 0.000021640 0.000001270 0.000056260 
42     0.000020980 0.000044060 0.000106710 0.000162000 0.000082880 0.000095210 0.000076420 0.000059290 0.000043670 0.000032050 0.000043490 0.000100440 0.000047000 0.000122510 0.000042870 0.000110340 0.000012740 0.000073340 0.000047970 0.000012110 0.000028550 0.000024420 0.000115560 0.000059170 0.000028340 0.000089290 0.000006880 0.000028620 0.000047320 0.000028240 0.000015010 0.000000010 0.000002090 0.000001390 0.000000000 0.000019580 0.000016830 0.000025730 0.000027490 0.000083170 0.000008180 0.000011970 0.000002730 0.000010670 0.000009410 0.000003060 0.000017080 0.000063060 0.000052900 0.000002560 0.000054040 
32     0.000066370 0.000089180 0.000096520 0.000105210 0.000016890 0.000098960 0.000079760 0.000108190 0.000033340 0.000107440 0.000044830 0.000097040 0.000095900 0.000122600 0.000060230 0.000058510 0.000019460 0.000046490 0.000182190 0.000008710 0.000051610 0.000086160 0.000016720 0.000158300 0.000090830 0.000010840 0.000026400 0.000026070 0.000025840 0.000018780 0.000003810 0.000018840 0.000005120 0.000002210 0.000019580 0.000000000 0.000005580 0.000011020 0.000019100 0.000066630 0.000020070 0.000032730 0.000003830 0.000006810 0.000025340 0.000003970 0.000017850 0.000054960 0.000017840 0.000007200 0.000017310 
37     0.000000000 0.000005500 0.000042070 0.000033150 0.000009220 0.000132420 0.000119090 0.000020750 0.000005130 0.000020000 0.000004950 0.000098350 0.000009700 0.000163860 0.000003210 0.000108360 0.000079710 0.000050740 0.000120360 0.000039010 0.000093500 0.000005470 0.000064820 0.000000020 0.000058790 0.000042280 0.000038030 0.000086330 0.000047600 0.000028030 0.000025250 0.000010400 0.000027320 0.000041790 0.000016830 0.000005580 0.000000000 0.000009050 0.000014620 0.000058340 0.000041780 0.000045570 0.000021490 0.000023380 0.000010200 0.000023790 0.000063860 0.000065520 0.000115210 0.000059550 0.000065790 
36     0.000099390 0.000149860 0.000179930 0.000058030 0.000111570 0.000155050 0.000155100 0.000071160 0.000149470 0.000164340 0.000109300 0.000087600 0.000152800 0.000028740 0.000116740 0.000014430 0.000015350 0.000036090 0.000078090 0.000116520 0.000056140 0.000065650 0.000157810 0.000114980 0.000042720 0.000102790 0.000098320 0.000065600 0.000052990 0.000028170 0.000018700 0.000021780 0.000025540 0.000023840 0.000025730 0.000011020 0.000009050 0.000000000 0.000002120 0.000099230 0.000043070 0.000059530 0.000017100 0.000011880 0.000036040 0.000012910 0.000071430 0.000103030 0.000019900 0.000065210 0.000069670 
48     0.000111490 0.000023280 0.000041980 0.000051230 0.000050030 0.000076700 0.000015900 0.000075440 0.000086890 0.000080890 0.000106540 0.000084630 0.000110050 0.000164060 0.000017370 0.000133180 0.000043030 0.000017120 0.000108830 0.000028960 0.000099250 0.000029580 0.000063900 0.000001720 0.000062010 0.000149060 0.000071220 0.000036880 0.000064800 0.000034240 0.000013690 0.000006350 0.000029830 0.000009970 0.000027490 0.000019100 0.000014620 0.000002120 0.000000000 0.000071240 0.000012760 0.000044430 0.000018850 0.000021830 0.000024310 0.000018990 0.000062790 0.000000010 0.000025330 0.000074130 0.000029140 
38     0.000063510 0.000137160 0.000023810 0.000015960 0.000038170 0.000259060 0.000260130 0.000191890 0.000128350 0.000179260 0.000015350 0.000102520 0.000102060 0.000134770 0.000008680 0.000134970 0.000048520 0.000082750 0.000149660 0.000059810 0.000038970 0.000099910 0.000057510 0.000107460 0.000203810 0.000103370 0.000046620 0.000131360 0.000014080 0.000027320 0.000077740 0.000054670 0.000010140 0.000045170 0.000083170 0.000066630 0.000058340 0.000099230 0.000071240 0.000000000 0.000011280 0.000000530 0.000043310 0.000022220 0.000049690 0.000006800 0.000056100 0.000098730 0.000005890 0.000013080 0.000137020 
43     0.000041780 0.000037400 0.000038530 0.000017040 0.000022070 0.000113520 0.000121580 0.000052630 0.000037010 0.000051880 0.000036830 0.000174910 0.000040340 0.000086370 0.000036210 0.000059940 0.000126050 0.000022030 0.000186250 0.000023850 0.000069130 0.000027420 0.000012110 0.000151790 0.000160700 0.000223780 0.000010750 0.000016410 0.000059130 0.000017890 0.000023170 0.000008170 0.000063860 0.000039320 0.000008180 0.000020070 0.000041780 0.000043070 0.000012760 0.000011280 0.000000000 0.000000030 0.000000960 0.000019270 0.000003050 0.000000990 0.000031110 0.000071220 0.000019700 0.000040320 0.000035870 
45     0.000045570 0.000041190 0.000046290 0.000039700 0.000006870 0.000104760 0.000104060 0.000056420 0.000026530 0.000024730 0.000040620 0.000111150 0.000044130 0.000009830 0.000040000 0.000021760 0.000071260 0.000041440 0.000131410 0.000011590 0.000055380 0.000174640 0.000029180 0.000088230 0.000013880 0.000235510 0.000010970 0.000030080 0.000086970 0.000025670 0.000026960 0.000011960 0.000067690 0.000002020 0.000011970 0.000032730 0.000045570 0.000059530 0.000044430 0.000000530 0.000000030 0.000000000 0.000004750 0.000015000 0.000006840 0.000004780 0.000031620 0.000017320 0.000040230 0.000077480 0.000009780 
34     0.000010720 0.000023690 0.000007500 0.000005490 0.000002310 0.000041390 0.000041790 0.000031160 0.000036450 0.000027710 0.000025330 0.000059650 0.000039780 0.000044990 0.000035650 0.000025770 0.000010930 0.000009390 0.000051090 0.000016140 0.000063670 0.000012530 0.000048430 0.000050470 0.000006980 0.000021030 0.000011230 0.000016530 0.000036340 0.000017110 0.000005180 0.000007310 0.000002260 0.000001440 0.000002730 0.000003830 0.000021490 0.000017100 0.000018850 0.000043310 0.000000960 0.000004750 0.000000000 0.000001330 0.000000950 0.000000030 0.000000010 0.000064510 0.000000020 0.000000830 0.000044840 
49     0.000068220 0.000019490 0.000018900 0.000005110 0.000008480 0.000037780 0.000009260 0.000029720 0.000015430 0.000010520 0.000012700 0.000059670 0.000066780 0.000047060 0.000049140 0.000033600 0.000059520 0.000028910 0.000018640 0.000024650 0.000025320 0.000012460 0.000036810 0.000048300 0.000035720 0.000029610 0.000016450 0.000003450 0.000013530 0.000011430 0.000008160 0.000034140 0.000002940 0.000009380 0.000010670 0.000006810 0.000023380 0.000011880 0.000021830 0.000022220 0.000019270 0.000015000 0.000001330 0.000000000 0.000002580 0.000002940 0.000004240 0.000035120 0.000010290 0.000009250 0.000020830 
30     0.000043310 0.000035160 0.000040010 0.000029120 0.000036550 0.000050420 0.000050820 0.000026080 0.000038540 0.000053410 0.000025380 0.000067190 0.000041870 0.000027900 0.000037740 0.000060940 0.000081770 0.000024200 0.000034000 0.000048000 0.000084960 0.000007990 0.000008210 0.000048030 0.000055900 0.000049790 0.000013320 0.000018280 0.000094480 0.000000270 0.000024400 0.000009400 0.000023810 0.000029140 0.000009410 0.000025340 0.000010200 0.000036040 0.000024310 0.000049690 0.000003050 0.000006840 0.000000950 0.000002580 0.000000000 0.000002100 0.000006670 0.000051240 0.000007500 0.000037430 0.000026720 
44     0.000012900 0.000025980 0.000025510 0.000045870 0.000012600 0.000012750 0.000013150 0.000043510 0.000036480 0.000051350 0.000036300 0.000060250 0.000039810 0.000081800 0.000035680 0.000005750 0.000072610 0.000021320 0.000018300 0.000038210 0.000023420 0.000029000 0.000019360 0.000052900 0.000052400 0.000089780 0.000011260 0.000011710 0.000034020 0.000014790 0.000005320 0.000005160 0.000002590 0.000001770 0.000003060 0.000003970 0.000023790 0.000012910 0.000018990 0.000006800 0.000000990 0.000004780 0.000000030 0.000002940 0.000002100 0.000000000 0.000002900 0.000068250 0.000024950 0.000001820 0.000034210 
47     0.000048690 0.000053020 0.000054050 0.000114250 0.000024800 0.000009040 0.000041590 0.000151940 0.000034420 0.000044900 0.000023840 0.000102120 0.000134260 0.000012100 0.000114440 0.000106300 0.000037870 0.000066540 0.000035220 0.000000370 0.000081010 0.000086250 0.000051370 0.000071780 0.000029170 0.000023060 0.000036300 0.000143180 0.000047600 0.000015340 0.000021660 0.000031640 0.000016610 0.000015790 0.000017080 0.000017850 0.000063860 0.000071430 0.000062790 0.000056100 0.000031110 0.000031620 0.000000010 0.000004240 0.000006670 0.000002900 0.000000000 0.000120810 0.000000010 0.000015840 0.000052870 
39     0.000048380 0.000011670 0.000044600 0.000068010 0.000003800 0.000215730 0.000209900 0.000110130 0.000006480 0.000005230 0.000010730 0.000057680 0.000107890 0.000108920 0.000105910 0.000156050 0.000000240 0.000065880 0.000011050 0.000082380 0.000034030 0.000058520 0.000092680 0.000224970 0.000191080 0.000093810 0.000034340 0.000041350 0.000044740 0.000044020 0.000020390 0.000023150 0.000018630 0.000084130 0.000063060 0.000054960 0.000065520 0.000103030 0.000000010 0.000098730 0.000071220 0.000017320 0.000064510 0.000035120 0.000051240 0.000068250 0.000120810 0.000000000 0.000098370 0.000020330 0.000045870 
46     0.000034740 0.000058210 0.000023240 0.000045120 0.000043710 0.000056970 0.000060140 0.000044140 0.000044040 0.000064990 0.000016800 0.000089010 0.000031580 0.000072830 0.000126210 0.000012400 0.000060700 0.000052780 0.000103400 0.000030550 0.000038510 0.000028640 0.000021160 0.000081030 0.000110180 0.000022270 0.000042860 0.000109850 0.000016860 0.000021760 0.000021650 0.000040520 0.000025820 0.000021640 0.000052900 0.000017840 0.000115210 0.000019900 0.000025330 0.000005890 0.000019700 0.000040230 0.000000020 0.000010290 0.000007500 0.000024950 0.000000010 0.000098370 0.000000000 0.000014530 0.000047780 
29     0.000059280 0.000015720 0.000077730 0.000070490 0.000099170 0.000072900 0.000068070 0.000186670 0.000022310 0.000024440 0.000023330 0.000091920 0.000229980 0.000004740 0.000017220 0.000017810 0.000020090 0.000069990 0.000073990 0.000089710 0.000057970 0.000060560 0.000073700 0.000067860 0.000031450 0.000112640 0.000045600 0.000036200 0.000083330 0.000026960 0.000034810 0.000041540 0.000002090 0.000001270 0.000002560 0.000007200 0.000059550 0.000065210 0.000074130 0.000013080 0.000040320 0.000077480 0.000000830 0.000009250 0.000037430 0.000001820 0.000015840 0.000020330 0.000014530 0.000000000 0.000033580 
0     0.000045510 0.000023200 0.000008330 0.000038950 0.000009510 0.000038840 0.000018660 0.000049200 0.000018550 0.000035240 0.000059460 0.000054960 0.000125190 0.000111670 0.000038120 0.000023140 0.000037860 0.000029190 0.000035790 0.000046840 0.000066880 0.000036660 0.000076260 0.000040470 0.000109790 0.000082510 0.000083830 0.000047340 0.000041850 0.000027050 0.000066140 0.000012520 0.000044070 0.000056260 0.000054040 0.000017310 0.000065790 0.000069670 0.000029140 0.000137020 0.000035870 0.000009780 0.000044840 0.000020830 0.000026720 0.000034210 0.000052870 0.000045870 0.000047780 0.000033580 0.000000000 
