51
2     0.000000000 0.000407480 0.000705750 0.002239060 0.000046960 0.013840980 0.019449200 0.019901910 0.019795820 0.021049200 0.026223950 0.019486900 0.024196950 0.024495090 0.020933850 0.023160200 0.021028890 0.022813960 0.023942210 0.024862060 0.024958010 0.025056560 0.019416390 0.019520030 0.019226080 0.020103680 0.028266730 0.023153980 0.023197940 0.020168930 0.024386610 0.021295040 0.033445580 0.035439290 0.025333710 0.031606640 0.035665410 0.032244400 0.036493130 0.035765830 0.037414710 0.033715130 0.022134500 0.019824130 0.023837960 0.024204840 0.021172570 0.021457720 0.019827550 0.019231680 0.039313940 
8     0.000407480 0.000000000 0.000056530 0.004282090 0.005825260 0.009720060 0.016208780 0.015780990 0.015674900 0.023601230 0.023739850 0.019092570 0.018975930 0.019274070 0.014369100 0.019039280 0.016907970 0.017783130 0.018721190 0.019641040 0.020482200 0.020614950 0.015295470 0.015399110 0.015105160 0.015982760 0.023045710 0.017932960 0.017976920 0.016048010 0.019165590 0.016396570 0.029324660 0.034599620 0.024494040 0.028912710 0.031544490 0.028123480 0.032372210 0.031644910 0.033293790 0.029594210 0.018013580 0.015703210 0.019508500 0.020083920 0.017414130 0.017336800 0.015706630 0.015110760 0.035193020 
9     0.000705750 0.000056530 0.000000000 0.002336390 0.003078870 0.009750540 0.016239260 0.015811470 0.015705380 0.023631710 0.023770330 0.019123050 0.019106690 0.019404830 0.014328780 0.019069760 0.016938450 0.017913890 0.018851950 0.019771800 0.020612960 0.020745710 0.015325950 0.015429590 0.015135640 0.016013240 0.023176470 0.018063720 0.018107680 0.016078490 0.019296350 0.016527330 0.029355140 0.034067160 0.023961580 0.028943190 0.031574970 0.028153960 0.032402690 0.031675390 0.033324270 0.029624690 0.018044060 0.015733690 0.019639260 0.020114400 0.017444610 0.017367280 0.015737110 0.015141240 0.035223500 
11     0.002239060 0.004282090 0.002336390 0.000000000 0.000309760 0.010282910 0.016771630 0.016343840 0.016237750 0.019651320 0.024302700 0.019655420 0.019011530 0.019309670 0.017375780 0.019602130 0.017217530 0.017818730 0.018756790 0.019676640 0.020517800 0.020650550 0.015858320 0.015961960 0.015668010 0.016545610 0.023081310 0.017968560 0.018012520 0.016610860 0.019201190 0.016432170 0.029887510 0.037984580 0.037505210 0.029475560 0.032107340 0.028686330 0.032935060 0.032207760 0.033856640 0.030157060 0.018569980 0.016266060 0.019544100 0.020646770 0.017976980 0.017899650 0.016269480 0.015673610 0.035755870 
1     0.000046960 0.005825260 0.003078870 0.000309760 0.000000000 0.010122270 0.016610990 0.016183200 0.016077110 0.019357700 0.024142060 0.019494780 0.020261190 0.020559330 0.017215140 0.019441490 0.017310180 0.019068390 0.020006450 0.020926300 0.021239300 0.021337850 0.005208600 0.011464460 0.015507370 0.016384970 0.024330970 0.019218220 0.019262180 0.016450220 0.020450850 0.017576330 0.029726870 0.039234240 0.039822460 0.029314920 0.031946700 0.028525690 0.032774420 0.032047120 0.033696000 0.029996420 0.018415790 0.016105420 0.020119250 0.020486130 0.017816340 0.017739010 0.016108840 0.015512970 0.035595230 
12     0.013840980 0.009720060 0.009750540 0.010282910 0.010122270 0.000000000 0.017312460 0.016884670 0.016778580 0.024704910 0.024843530 0.020196250 0.022223180 0.022025010 0.017916610 0.020142960 0.018011650 0.019796720 0.023801610 0.023368790 0.021940770 0.022039320 0.016399150 0.016502790 0.016208840 0.017086440 0.029297720 0.020611550 0.022676520 0.017151690 0.021768990 0.018277800 0.030428340 0.040014310 0.040523930 0.030016390 0.032648170 0.029227160 0.033475890 0.032748590 0.034397470 0.030697890 0.019117260 0.016806890 0.020820720 0.021187600 0.018517810 0.018440480 0.016810310 0.016214440 0.036296700 
10     0.019449200 0.016208780 0.016239260 0.016771630 0.016610990 0.017312460 0.000000000 0.011812870 0.000629020 0.010928250 0.019771730 0.005957150 0.022785690 0.021948250 0.021537590 0.023763940 0.021632630 0.023417700 0.017044870 0.026163010 0.025561750 0.025660300 0.020020130 0.020123770 0.019829820 0.020707420 0.029567680 0.024232530 0.024498890 0.020772670 0.025389970 0.021898780 0.021186510 0.019679740 0.009574160 0.015847090 0.022803390 0.032848140 0.037096870 0.036369570 0.038018450 0.034318870 0.022738240 0.020427870 0.023315020 0.024808580 0.013551870 0.022061460 0.020431290 0.019835420 0.039917680 
4     0.019901910 0.015780990 0.015811470 0.016343840 0.016183200 0.016884670 0.011812870 0.000000000 0.001040170 0.008869230 0.008942510 0.023389440 0.025416370 0.025218200 0.021109800 0.023336150 0.021204840 0.022989910 0.026994800 0.026561980 0.025133960 0.025232510 0.019592340 0.019695980 0.019402030 0.020279630 0.031274090 0.023804740 0.025869710 0.020344880 0.024962180 0.021470990 0.033621530 0.043207500 0.043717120 0.029293540 0.035841360 0.030497870 0.032143350 0.032882430 0.037590660 0.033891080 0.022310450 0.020000080 0.024013910 0.024380790 0.021711000 0.021633670 0.020003500 0.019407630 0.039489890 
7     0.019795820 0.015674900 0.015705380 0.016237750 0.016077110 0.016778580 0.000629020 0.001040170 0.000000000 0.014458620 0.014531900 0.022146550 0.025310280 0.025112110 0.021003710 0.023230060 0.021098750 0.022883820 0.026888710 0.026455890 0.025027870 0.025126420 0.019486250 0.019589890 0.019295940 0.020173540 0.032384820 0.023698650 0.025763620 0.020238790 0.024856090 0.021364900 0.033515440 0.043101410 0.043611030 0.033043800 0.035735270 0.032314260 0.035893610 0.035835690 0.037484570 0.033784990 0.022204360 0.019893990 0.023907820 0.024274700 0.021604910 0.021527580 0.019897410 0.019301540 0.039383800 
5     0.021049200 0.023601230 0.023631710 0.019651320 0.019357700 0.024704910 0.010928250 0.008869230 0.014458620 0.000000000 0.000095440 0.031209680 0.029157860 0.029456000 0.028225240 0.031156390 0.027363860 0.027965060 0.028903120 0.029822970 0.030664130 0.030796880 0.027196500 0.027516220 0.027222270 0.028099870 0.033227640 0.028114890 0.028158850 0.028165120 0.029347520 0.026578500 0.041441770 0.048130910 0.051537360 0.041029820 0.043661600 0.040240590 0.044489320 0.043762020 0.045410900 0.041711320 0.028716310 0.027820320 0.029690430 0.032201030 0.029531240 0.029453910 0.027823740 0.027227870 0.040589870 
3     0.026223950 0.023739850 0.023770330 0.024302700 0.024142060 0.024843530 0.019771730 0.008942510 0.014531900 0.000095440 0.000000000 0.031348300 0.027112130 0.027410270 0.026179510 0.030428030 0.025318130 0.025919330 0.026857390 0.027777240 0.028618400 0.028751150 0.025150770 0.025777970 0.026229840 0.026114100 0.031181910 0.026069160 0.026113120 0.027972650 0.027301790 0.024532770 0.041580390 0.046085180 0.050882730 0.041168440 0.041632850 0.040379210 0.044127480 0.042330790 0.043478740 0.041849940 0.026670580 0.027326780 0.027644700 0.032339650 0.029669860 0.028959460 0.027962360 0.027366490 0.045764620 
6     0.019486900 0.019092570 0.019123050 0.019655420 0.019494780 0.020196250 0.005957150 0.023389440 0.022146550 0.031209680 0.031348300 0.000000000 0.016829040 0.015991600 0.018450900 0.024881190 0.022394960 0.002772070 0.005682790 0.024854070 0.019128360 0.021533140 0.021137380 0.021241020 0.020947070 0.021405460 0.020152730 0.023145990 0.023189950 0.020052330 0.024378620 0.019532990 0.015229860 0.013723090 0.003617510 0.009890440 0.016846740 0.027047920 0.031732780 0.032471860 0.037967460 0.035436120 0.023747410 0.021545120 0.024721530 0.010048580 0.023256040 0.018517280 0.021548540 0.020952670 0.002958740 
13     0.024196950 0.018975930 0.019106690 0.019011530 0.020261190 0.022223180 0.022785690 0.025416370 0.025310280 0.029157860 0.027112130 0.016829040 0.000000000 0.000004000 0.003960720 0.004656820 0.004604160 0.006591260 0.012189500 0.013109350 0.013950510 0.014083260 0.010482880 0.011110080 0.011561950 0.011446210 0.016514020 0.011401270 0.011445230 0.013158410 0.012633900 0.009864880 0.027362580 0.025855810 0.015750230 0.022023160 0.028969640 0.028885540 0.031464270 0.029667580 0.030815530 0.031913550 0.013717670 0.014373870 0.014691790 0.023912260 0.017234920 0.016006550 0.016201390 0.017190020 0.036226460 
26     0.024495090 0.019274070 0.019404830 0.019309670 0.020559330 0.022025010 0.021948250 0.025218200 0.025112110 0.029456000 0.027410270 0.015991600 0.000004000 0.000000000 0.004213950 0.005092700 0.005040040 0.006439250 0.012487640 0.013407490 0.014248650 0.014381400 0.010781020 0.011408220 0.011860090 0.011744350 0.016812160 0.011699410 0.011743370 0.012960240 0.012932040 0.010163020 0.026525140 0.025018370 0.014912790 0.021185720 0.028142020 0.029183680 0.031762410 0.029965720 0.031113670 0.032211690 0.014015810 0.014672010 0.014989930 0.023714090 0.017533060 0.016304690 0.016499530 0.017488160 0.036028290 
43     0.020933850 0.014369100 0.014328780 0.017375780 0.017215140 0.017916610 0.021537590 0.021109800 0.021003710 0.028225240 0.026179510 0.018450900 0.003960720 0.004213950 0.000000000 0.000258890 0.000660120 0.003548790 0.011256880 0.012176730 0.013017890 0.013150640 0.008099300 0.008202940 0.007908990 0.008786590 0.014362120 0.010468650 0.010512610 0.008851840 0.011701280 0.008932260 0.028846430 0.027477670 0.017372090 0.023645020 0.028037020 0.027645250 0.030531650 0.028734960 0.029882910 0.029115980 0.012785050 0.013441250 0.013759170 0.019605690 0.016302300 0.015073930 0.015228400 0.014632530 0.031919890 
17     0.023160200 0.019039280 0.019069760 0.019602130 0.019441490 0.020142960 0.023763940 0.023336150 0.023230060 0.031156390 0.030428030 0.024881190 0.004656820 0.005092700 0.000258890 0.000000000 0.000229460 0.005775140 0.012467050 0.016425250 0.012907090 0.015965820 0.010325650 0.010429290 0.010135340 0.011012940 0.013931460 0.014538050 0.014761130 0.011078190 0.015695490 0.012204300 0.031072780 0.036737870 0.041168370 0.030660830 0.032285540 0.029871600 0.034120330 0.032983480 0.034131430 0.031342330 0.017033570 0.017451330 0.018007690 0.021832040 0.019162250 0.019084920 0.017454750 0.016858880 0.034146240 
16     0.021028890 0.016907970 0.016938450 0.017217530 0.017310180 0.018011650 0.021632630 0.021204840 0.021098750 0.027363860 0.025318130 0.022394960 0.004604160 0.005040040 0.000660120 0.000229460 0.000000000 0.000000070 0.010395500 0.011315350 0.012156510 0.012289260 0.008194340 0.008297980 0.004301700 0.006460210 0.013867820 0.007677010 0.009651230 0.008620200 0.010481740 0.003709280 0.028941470 0.031627970 0.024052600 0.027607100 0.027175640 0.027091540 0.029670270 0.027873580 0.029021530 0.029211020 0.011923670 0.012579870 0.012897790 0.019700730 0.015440920 0.014212550 0.014407390 0.014727570 0.032014930 
27     0.022813960 0.017783130 0.017913890 0.017818730 0.019068390 0.019796720 0.023417700 0.022989910 0.022883820 0.027965060 0.025919330 0.002772070 0.006591260 0.006439250 0.003548790 0.005775140 0.000000070 0.000000000 0.010996700 0.011916550 0.012757710 0.012890460 0.009290080 0.009917280 0.009789100 0.010253410 0.015321220 0.010208470 0.010252430 0.010731950 0.011441100 0.008672080 0.029706000 0.032229170 0.029937170 0.028208300 0.027776840 0.027692740 0.030271470 0.028474780 0.029622730 0.030720750 0.012524870 0.013181070 0.013498990 0.010920890 0.016042120 0.014813750 0.015008590 0.015997220 0.003315510 
37     0.023942210 0.018721190 0.018851950 0.018756790 0.020006450 0.023801610 0.017044870 0.026994800 0.026888710 0.028903120 0.026857390 0.005682790 0.012189500 0.012487640 0.011256880 0.012467050 0.010395500 0.010996700 0.000000000 0.000135730 0.002072780 0.013054340 0.004570440 0.010081160 0.010533030 0.004349880 0.003097150 0.007122930 0.006925960 0.011813300 0.011604980 0.008835960 0.022706440 0.021199670 0.011094090 0.017367020 0.024323320 0.028630800 0.031209530 0.029412840 0.030560790 0.031658810 0.013462930 0.014119130 0.014437050 0.023876600 0.016980180 0.015751810 0.015946650 0.016311560 0.035679020 
41     0.024862060 0.019641040 0.019771800 0.019676640 0.020926300 0.023368790 0.026163010 0.026561980 0.026455890 0.029822970 0.027777240 0.024854070 0.013109350 0.013407490 0.012176730 0.016425250 0.011315350 0.011916550 0.000135730 0.000000000 0.013841440 0.013974190 0.010373810 0.010731580 0.010437630 0.011315230 0.016404950 0.011292200 0.011336160 0.011380480 0.012524830 0.009755810 0.031563910 0.034087080 0.025233090 0.025728660 0.029634750 0.029550650 0.032129380 0.030332690 0.031480640 0.032578660 0.014382780 0.015038980 0.015356900 0.024796450 0.017900030 0.016671660 0.016866500 0.017855130 0.034373120 
36     0.024958010 0.020482200 0.020612960 0.020517800 0.021239300 0.021940770 0.025561750 0.025133960 0.025027870 0.030664130 0.028618400 0.019128360 0.013950510 0.014248650 0.013017890 0.012907090 0.012156510 0.012757710 0.002072780 0.013841440 0.000000000 0.000651780 0.002572980 0.007959680 0.007665730 0.004788460 0.001099690 0.007561510 0.007364540 0.008780340 0.012924270 0.009906450 0.032405070 0.034501810 0.024396230 0.030669160 0.030475910 0.030391810 0.032970540 0.031173850 0.032321800 0.033140140 0.015223940 0.015880140 0.016198060 0.023629850 0.018741190 0.017512820 0.017707660 0.016751600 0.035944050 
31     0.025056560 0.020614950 0.020745710 0.020650550 0.021337850 0.022039320 0.025660300 0.025232510 0.025126420 0.030796880 0.028751150 0.021533140 0.014083260 0.014381400 0.013150640 0.015965820 0.012289260 0.012890460 0.013054340 0.013974190 0.000651780 0.000000000 0.007954590 0.008058230 0.007764280 0.008813640 0.016937140 0.011824390 0.011868350 0.008878890 0.013057020 0.010005000 0.024660610 0.031644590 0.021539010 0.015050280 0.030608660 0.030524560 0.033103290 0.031306600 0.032454550 0.033238690 0.015356690 0.016012890 0.016330810 0.023728400 0.018873940 0.017645570 0.017840410 0.018755240 0.023694740 
24     0.019416390 0.015295470 0.015325950 0.015858320 0.005208600 0.016399150 0.020020130 0.019592340 0.019486250 0.027196500 0.025150770 0.021137380 0.010482880 0.010781020 0.008099300 0.010325650 0.008194340 0.009290080 0.004570440 0.010373810 0.002572980 0.007954590 0.000000000 0.000000740 0.001515070 0.003173470 0.002388870 0.005644990 0.005688950 0.003238720 0.007121000 0.003874640 0.024673080 0.031460610 0.028454440 0.019054750 0.027008280 0.021508560 0.023154040 0.023893120 0.028854170 0.027598520 0.011756310 0.012412510 0.012730430 0.018088230 0.015273560 0.014045190 0.013710940 0.013115070 0.027699210 
44     0.019520030 0.015399110 0.015429590 0.015961960 0.011464460 0.016502790 0.020123770 0.019695980 0.019589890 0.027516220 0.025777970 0.021241020 0.011110080 0.011408220 0.008202940 0.010429290 0.008297980 0.009917280 0.010081160 0.010731580 0.007959680 0.008058230 0.000000740 0.000000000 0.001618710 0.003277110 0.010299710 0.006272190 0.006316150 0.003342360 0.001575010 0.002355960 0.027432610 0.032087810 0.029293660 0.027020660 0.027635480 0.026231430 0.030130110 0.028333420 0.029481370 0.027702160 0.012383510 0.013039710 0.013357630 0.018191870 0.015522080 0.014672390 0.013814580 0.013218710 0.030506070 
14     0.019226080 0.015105160 0.015135640 0.015668010 0.015507370 0.016208840 0.019829820 0.019402030 0.019295940 0.027222270 0.026229840 0.020947070 0.011561950 0.011860090 0.007908990 0.010135340 0.004301700 0.009789100 0.010533030 0.010437630 0.007665730 0.007764280 0.001515070 0.001618710 0.000000000 0.002983160 0.008241720 0.005413320 0.005457280 0.003048410 0.007665710 0.003876930 0.025123290 0.032539680 0.026605150 0.015528320 0.028087350 0.021958770 0.023604250 0.024343330 0.002908550 0.027408210 0.012835380 0.013491580 0.013809500 0.017897920 0.015228130 0.015124260 0.013520630 0.012924760 0.024172780 
49     0.020103680 0.015982760 0.016013240 0.016545610 0.016384970 0.017086440 0.020707420 0.020279630 0.020173540 0.028099870 0.026114100 0.021405460 0.011446210 0.011744350 0.008786590 0.011012940 0.006460210 0.010253410 0.004349880 0.011315230 0.004788460 0.008813640 0.003173470 0.003277110 0.002983160 0.000000000 0.003051660 0.003099270 0.002902300 0.003618730 0.007253150 0.004277930 0.025806210 0.032423940 0.036079390 0.021437360 0.027971610 0.022641690 0.024287170 0.025026250 0.029817500 0.028285810 0.012719640 0.013375840 0.013693760 0.018775520 0.016105730 0.015008520 0.014398230 0.013802360 0.031089720 
19     0.028266730 0.023045710 0.023176470 0.023081310 0.024330970 0.029297720 0.029567680 0.031274090 0.032384820 0.033227640 0.031181910 0.020152730 0.016514020 0.016812160 0.014362120 0.013931460 0.013867820 0.015321220 0.003097150 0.016404950 0.001099690 0.016937140 0.002388870 0.010299710 0.008241720 0.003051660 0.000000000 0.007832330 0.004115650 0.006458890 0.012320960 0.006071430 0.031370680 0.037491750 0.038872390 0.027001830 0.033039420 0.028206160 0.029851640 0.030590720 0.034885310 0.035983330 0.017787450 0.018443650 0.018761570 0.028201120 0.021304700 0.020076330 0.019558660 0.017775970 0.029697820 
50     0.023153980 0.017932960 0.018063720 0.017968560 0.019218220 0.020611550 0.024232530 0.023804740 0.023698650 0.028114890 0.026069160 0.023145990 0.011401270 0.011699410 0.010468650 0.014538050 0.007677010 0.010208470 0.007122930 0.011292200 0.007561510 0.011824390 0.005644990 0.006272190 0.005413320 0.003099270 0.007832330 0.000000000 0.000197770 0.007143840 0.008039390 0.003505770 0.029855830 0.032379000 0.035257990 0.025660290 0.027926670 0.026864620 0.028510100 0.028624610 0.029772560 0.030870580 0.012674700 0.013330900 0.013648820 0.022300630 0.016191950 0.014963580 0.015158420 0.016147050 0.034614830 
32     0.023197940 0.017976920 0.018107680 0.018012520 0.019262180 0.022676520 0.024498890 0.025869710 0.025763620 0.028158850 0.026113120 0.023189950 0.011445230 0.011743370 0.010512610 0.014761130 0.009651230 0.010252430 0.006925960 0.011336160 0.007364540 0.011868350 0.005688950 0.006316150 0.005457280 0.002902300 0.004115650 0.000197770 0.000000000 0.005829640 0.007473390 0.003549730 0.027487940 0.032422960 0.028926050 0.023119090 0.027970630 0.024323420 0.025968900 0.026707980 0.029816520 0.030914540 0.012718660 0.013374860 0.013692780 0.023132330 0.016235910 0.015007540 0.015202380 0.016191010 0.036679800 
29     0.020168930 0.016048010 0.016078490 0.016610860 0.016450220 0.017151690 0.020772670 0.020344880 0.020238790 0.028165120 0.027972650 0.020052330 0.013158410 0.012960240 0.008851840 0.011078190 0.008620200 0.010731950 0.011813300 0.011380480 0.008780340 0.008878890 0.003238720 0.003342360 0.003048410 0.003618730 0.006458890 0.007143840 0.005829640 0.000000000 0.000591720 0.002315360 0.025294080 0.030163780 0.020058200 0.020925230 0.029830160 0.022129560 0.023775040 0.024514120 0.031676050 0.028351060 0.014578190 0.014460060 0.015552310 0.018840770 0.016170980 0.016093650 0.014463480 0.013867610 0.031154970 
34     0.024386610 0.019165590 0.019296350 0.019201190 0.020450850 0.021768990 0.025389970 0.024962180 0.024856090 0.029347520 0.027301790 0.024378620 0.012633900 0.012932040 0.011701280 0.015695490 0.010481740 0.011441100 0.011604980 0.012524830 0.012924270 0.013057020 0.007121000 0.001575010 0.007665710 0.007253150 0.012320960 0.008039390 0.007473390 0.000591720 0.000000000 0.003287420 0.027515470 0.033611630 0.024998540 0.023146620 0.029159300 0.024350950 0.025996430 0.026735510 0.031005190 0.032103210 0.013907330 0.014563530 0.014881450 0.023458070 0.017424580 0.016196210 0.016391050 0.017379680 0.035772270 
39     0.021295040 0.016396570 0.016527330 0.016432170 0.017576330 0.018277800 0.021898780 0.021470990 0.021364900 0.026578500 0.024532770 0.019532990 0.009864880 0.010163020 0.008932260 0.012204300 0.003709280 0.008672080 0.008835960 0.009755810 0.009906450 0.010005000 0.003874640 0.002355960 0.003876930 0.004277930 0.006071430 0.003505770 0.003549730 0.002315360 0.003287420 0.000000000 0.022726150 0.029644440 0.019538860 0.018357300 0.026390280 0.019561630 0.021207110 0.021946190 0.028236170 0.029334190 0.011138310 0.011794510 0.012112430 0.019966880 0.014655560 0.013427190 0.013622030 0.014610660 0.032281080 
30     0.033445580 0.029324660 0.029355140 0.029887510 0.029726870 0.030428340 0.021186510 0.033621530 0.033515440 0.041441770 0.041580390 0.015229860 0.027362580 0.026525140 0.028846430 0.031072780 0.028941470 0.029706000 0.022706440 0.031563910 0.032405070 0.024660610 0.024673080 0.027432610 0.025123290 0.025806210 0.031370680 0.029855830 0.027487940 0.025294080 0.027515470 0.022726150 0.000000000 0.000605990 0.000729590 0.002998370 0.007579150 0.000666310 0.012121700 0.005279290 0.014068050 0.005285860 0.028500300 0.026189930 0.030203760 0.030570640 0.025799540 0.027823520 0.026193350 0.025597480 0.025259610 
15     0.035439290 0.034599620 0.034067160 0.037984580 0.039234240 0.040014310 0.019679740 0.043207500 0.043101410 0.048130910 0.046085180 0.013723090 0.025855810 0.025018370 0.027477670 0.036737870 0.031627970 0.032229170 0.021199670 0.034087080 0.034501810 0.031644590 0.031460610 0.032087810 0.032539680 0.032423940 0.037491750 0.032379000 0.032422960 0.030163780 0.033611630 0.029644440 0.000605990 0.000000000 0.001653130 0.003345040 0.010790030 0.016488860 0.020320960 0.018524270 0.019672220 0.019954440 0.032980420 0.033636620 0.033954540 0.040156610 0.036497670 0.035269300 0.035464140 0.035183450 0.056812490 
35     0.025333710 0.024494040 0.023961580 0.037505210 0.039822460 0.040523930 0.009574160 0.043717120 0.043611030 0.051537360 0.050882730 0.003617510 0.015750230 0.014912790 0.017372090 0.041168370 0.024052600 0.029937170 0.011094090 0.025233090 0.024396230 0.021539010 0.028454440 0.029293660 0.026605150 0.036079390 0.038872390 0.035257990 0.028926050 0.020058200 0.024998540 0.019538860 0.000729590 0.001653130 0.000000000 0.006294050 0.013199080 0.017171750 0.023242060 0.022514760 0.024163640 0.020464060 0.037777970 0.036285520 0.038752090 0.040666230 0.037996440 0.037919110 0.036288940 0.035693070 0.026726110 
38     0.031606640 0.028912710 0.028943190 0.029475560 0.029314920 0.030016390 0.015847090 0.029293540 0.033043800 0.041029820 0.041168440 0.009890440 0.022023160 0.021185720 0.023645020 0.030660830 0.027607100 0.028208300 0.017367020 0.025728660 0.030669160 0.015050280 0.019054750 0.027020660 0.015528320 0.021437360 0.027001830 0.025660290 0.023119090 0.020925230 0.023146620 0.018357300 0.002998370 0.003345040 0.006294050 0.000000000 0.006958120 0.004632430 0.006277910 0.007016990 0.011464400 0.007764820 0.028088350 0.025777980 0.029791810 0.030158690 0.004813240 0.027411570 0.007058210 0.006903710 0.015649280 
25     0.035665410 0.031544490 0.031574970 0.032107340 0.031946700 0.032648170 0.022803390 0.035841360 0.035735270 0.043661600 0.041632850 0.016846740 0.028969640 0.028142020 0.028037020 0.032285540 0.027175640 0.027776840 0.024323320 0.029634750 0.030475910 0.030608660 0.027008280 0.027635480 0.028087350 0.027971610 0.033039420 0.027926670 0.027970630 0.029830160 0.029159300 0.026390280 0.007579150 0.010790030 0.013199080 0.006958120 0.000000000 0.005876040 0.008454770 0.006658080 0.007806030 0.008904050 0.028528090 0.028409760 0.029502210 0.032790470 0.030120680 0.030043350 0.028413180 0.027817310 0.049446350 
22     0.032244400 0.028123480 0.028153960 0.028686330 0.028525690 0.029227160 0.032848140 0.030497870 0.032314260 0.040240590 0.040379210 0.027047920 0.028885540 0.029183680 0.027645250 0.029871600 0.027091540 0.027692740 0.028630800 0.029550650 0.030391810 0.030524560 0.021508560 0.026231430 0.021958770 0.022641690 0.028206160 0.026864620 0.024323420 0.022129560 0.024350950 0.019561630 0.000666310 0.016488860 0.017171750 0.004632430 0.005876040 0.000000000 0.006721120 0.006028900 0.007176850 0.005394090 0.027299120 0.024988750 0.029002580 0.029369460 0.026699670 0.026622340 0.024992170 0.024396300 0.034029990 
33     0.036493130 0.032372210 0.032402690 0.032935060 0.032774420 0.033475890 0.037096870 0.032143350 0.035893610 0.044489320 0.044127480 0.031732780 0.031464270 0.031762410 0.030531650 0.034120330 0.029670270 0.030271470 0.031209530 0.032129380 0.032970540 0.033103290 0.023154040 0.030130110 0.023604250 0.024287170 0.029851640 0.028510100 0.025968900 0.023775040 0.025996430 0.021207110 0.012121700 0.020320960 0.023242060 0.006277910 0.008454770 0.006721120 0.000000000 0.000273400 0.003936700 0.005949980 0.031022720 0.029237480 0.031996840 0.033618190 0.030948400 0.030871070 0.029240900 0.028645030 0.050274070 
46     0.035765830 0.031644910 0.031675390 0.032207760 0.032047120 0.032748590 0.036369570 0.032882430 0.035835690 0.043762020 0.042330790 0.032471860 0.029667580 0.029965720 0.028734960 0.032983480 0.027873580 0.028474780 0.029412840 0.030332690 0.031173850 0.031306600 0.023893120 0.028333420 0.024343330 0.025026250 0.030590720 0.028624610 0.026707980 0.024514120 0.026735510 0.021946190 0.005279290 0.018524270 0.022514760 0.007016990 0.006658080 0.006028900 0.000273400 0.000000000 0.003192270 0.000006590 0.029226030 0.028510180 0.030200150 0.032890890 0.030221100 0.030143770 0.028513600 0.027917730 0.049546770 
23     0.037414710 0.033293790 0.033324270 0.033856640 0.033696000 0.034397470 0.038018450 0.037590660 0.037484570 0.045410900 0.043478740 0.037967460 0.030815530 0.031113670 0.029882910 0.034131430 0.029021530 0.029622730 0.030560790 0.031480640 0.032321800 0.032454550 0.028854170 0.029481370 0.002908550 0.029817500 0.034885310 0.029772560 0.029816520 0.031676050 0.031005190 0.028236170 0.014068050 0.019672220 0.024163640 0.011464400 0.007806030 0.007176850 0.003936700 0.003192270 0.000000000 0.000877530 0.030373980 0.030159060 0.031348100 0.034539770 0.031869980 0.031792650 0.030162480 0.029566610 0.051195650 
40     0.033715130 0.029594210 0.029624690 0.030157060 0.029996420 0.030697890 0.034318870 0.033891080 0.033784990 0.041711320 0.041849940 0.035436120 0.031913550 0.032211690 0.029115980 0.031342330 0.029211020 0.030720750 0.031658810 0.032578660 0.033140140 0.033238690 0.027598520 0.027702160 0.027408210 0.028285810 0.035983330 0.030870580 0.030914540 0.028351060 0.032103210 0.029334190 0.005285860 0.019954440 0.020464060 0.007764820 0.008904050 0.005394090 0.005949980 0.000006590 0.000877530 0.000000000 0.028769850 0.026459480 0.030473310 0.030840190 0.028170400 0.028093070 0.026462900 0.025867030 0.047496070 
21     0.022134500 0.018013580 0.018044060 0.018569980 0.018415790 0.019117260 0.022738240 0.022310450 0.022204360 0.028716310 0.026670580 0.023747410 0.013717670 0.014015810 0.012785050 0.017033570 0.011923670 0.012524870 0.013462930 0.014382780 0.015223940 0.015356690 0.011756310 0.012383510 0.012835380 0.012719640 0.017787450 0.012674700 0.012718660 0.014578190 0.013907330 0.011138310 0.028500300 0.032980420 0.037777970 0.028088350 0.028528090 0.027299120 0.031022720 0.029226030 0.030373980 0.028769850 0.000000000 0.000682640 0.003909940 0.008012080 0.008361110 0.008283780 0.006653610 0.006057740 0.035915440 
45     0.019824130 0.015703210 0.015733690 0.016266060 0.016105420 0.016806890 0.020427870 0.020000080 0.019893990 0.027820320 0.027326780 0.021545120 0.014373870 0.014672010 0.013441250 0.017451330 0.012579870 0.013181070 0.014119130 0.015038980 0.015880140 0.016012890 0.012412510 0.013039710 0.013491580 0.013375840 0.018443650 0.013330900 0.013374860 0.014460060 0.014563530 0.011794510 0.026189930 0.033636620 0.036285520 0.025777980 0.028409760 0.024988750 0.029237480 0.028510180 0.030159060 0.026459480 0.000682640 0.000000000 0.000237100 0.007862510 0.006050740 0.005973410 0.004343240 0.003747370 0.033605070 
28     0.023837960 0.019508500 0.019639260 0.019544100 0.020119250 0.020820720 0.023315020 0.024013910 0.023907820 0.029690430 0.027644700 0.024721530 0.014691790 0.014989930 0.013759170 0.018007690 0.012897790 0.013498990 0.014437050 0.015356900 0.016198060 0.016330810 0.012730430 0.013357630 0.013809500 0.013693760 0.018761570 0.013648820 0.013692780 0.015552310 0.014881450 0.012112430 0.030203760 0.033954540 0.038752090 0.029791810 0.029502210 0.029002580 0.031996840 0.030200150 0.031348100 0.030473310 0.003909940 0.000237100 0.000000000 0.010934740 0.010064570 0.009497260 0.008357070 0.007761200 0.037618900 
47     0.024204840 0.020083920 0.020114400 0.020646770 0.020486130 0.021187600 0.024808580 0.024380790 0.024274700 0.032201030 0.032339650 0.010048580 0.023912260 0.023714090 0.019605690 0.021832040 0.019700730 0.010920890 0.023876600 0.024796450 0.023629850 0.023728400 0.018088230 0.018191870 0.017897920 0.018775520 0.028201120 0.022300630 0.023132330 0.018840770 0.023458070 0.019966880 0.030570640 0.040156610 0.040666230 0.030158690 0.032790470 0.029369460 0.033618190 0.032890890 0.034539770 0.030840190 0.008012080 0.007862510 0.010934740 0.000000000 0.010431450 0.008028160 0.008723950 0.006928780 0.011107560 
48     0.021172570 0.017414130 0.017444610 0.017976980 0.017816340 0.018517810 0.013551870 0.021711000 0.021604910 0.029531240 0.029669860 0.023256040 0.017234920 0.017533060 0.016302300 0.019162250 0.015440920 0.016042120 0.016980180 0.017900030 0.018741190 0.018873940 0.015273560 0.015522080 0.015228130 0.016105730 0.021304700 0.016191950 0.016235910 0.016170980 0.017424580 0.014655560 0.025799540 0.036497670 0.037996440 0.004813240 0.030120680 0.026699670 0.030948400 0.030221100 0.031869980 0.028170400 0.008361110 0.006050740 0.010064570 0.010431450 0.000000000 0.006595970 0.003013570 0.002859070 0.035315990 
42     0.021457720 0.017336800 0.017367280 0.017899650 0.017739010 0.018440480 0.022061460 0.021633670 0.021527580 0.029453910 0.028959460 0.018517280 0.016006550 0.016304690 0.015073930 0.019084920 0.014212550 0.014813750 0.015751810 0.016671660 0.017512820 0.017645570 0.014045190 0.014672390 0.015124260 0.015008520 0.020076330 0.014963580 0.015007540 0.016093650 0.016196210 0.013427190 0.027823520 0.035269300 0.037919110 0.027411570 0.030043350 0.026622340 0.030871070 0.030143770 0.031792650 0.028093070 0.008283780 0.005973410 0.009497260 0.008028160 0.006595970 0.000000000 0.000894620 0.001568220 0.019576260 
20     0.019827550 0.015706630 0.015737110 0.016269480 0.016108840 0.016810310 0.020431290 0.020003500 0.019897410 0.027823740 0.027962360 0.021548540 0.016201390 0.016499530 0.015228400 0.017454750 0.014407390 0.015008590 0.015946650 0.016866500 0.017707660 0.017840410 0.013710940 0.013814580 0.013520630 0.014398230 0.019558660 0.015158420 0.015202380 0.014463480 0.016391050 0.013622030 0.026193350 0.035464140 0.036288940 0.007058210 0.028413180 0.024992170 0.029240900 0.028513600 0.030162480 0.026462900 0.006653610 0.004343240 0.008357070 0.008723950 0.003013570 0.000894620 0.000000000 0.000022800 0.033608490 
18     0.019231680 0.015110760 0.015141240 0.015673610 0.015512970 0.016214440 0.019835420 0.019407630 0.019301540 0.027227870 0.027366490 0.020952670 0.017190020 0.017488160 0.014632530 0.016858880 0.014727570 0.015997220 0.016311560 0.017855130 0.016751600 0.018755240 0.013115070 0.013218710 0.012924760 0.013802360 0.017775970 0.016147050 0.016191010 0.013867610 0.017379680 0.014610660 0.025597480 0.035183450 0.035693070 0.006903710 0.027817310 0.024396300 0.028645030 0.027917730 0.029566610 0.025867030 0.006057740 0.003747370 0.007761200 0.006928780 0.002859070 0.001568220 0.000022800 0.000000000 0.023826460 
0     0.039313940 0.035193020 0.035223500 0.035755870 0.035595230 0.036296700 0.039917680 0.039489890 0.039383800 0.040589870 0.045764620 0.002958740 0.036226460 0.036028290 0.031919890 0.034146240 0.032014930 0.003315510 0.035679020 0.034373120 0.035944050 0.023694740 0.027699210 0.030506070 0.024172780 0.031089720 0.029697820 0.034614830 0.036679800 0.031154970 0.035772270 0.032281080 0.025259610 0.056812490 0.026726110 0.015649280 0.049446350 0.034029990 0.050274070 0.049546770 0.051195650 0.047496070 0.035915440 0.033605070 0.037618900 0.011107560 0.035315990 0.019576260 0.033608490 0.023826460 0.000000000 
