51
2     0.000000000 0.337537481 0.342886766 0.340626336 0.353202570 0.768018350 0.650029608 0.760089880 0.772029181 0.944496718 0.940352692 0.779056341 0.829951200 0.811403859 0.820029779 0.883639992 0.742625323 0.777093611 0.813861230 0.846202140 1.050776150 1.051104342 0.773976163 0.783988932 0.734078679 0.748907346 0.877153817 0.797374800 0.795665445 0.792890577 0.808158608 0.732604034 1.108634159 1.258355662 1.393634215 1.016475941 1.124689686 1.089539207 1.136382261 1.150207894 1.201591821 1.205171669 0.898704769 0.894219313 0.951568686 1.129254607 0.990699333 0.938739060 0.919453956 0.925867363 1.472691549 
8     0.337537481 0.000000000 0.051426305 0.256159603 0.267795955 0.685840810 0.566141347 0.676350223 0.688289524 0.860505489 0.856361462 0.696474202 0.746498577 0.727951236 0.736542977 0.800153190 0.659182255 0.693641285 0.730432802 0.762773712 0.967347722 0.967675914 0.690547734 0.700560504 0.650650251 0.665478917 0.793535166 0.713946371 0.712237017 0.709462148 0.724730179 0.648944871 1.025461123 1.175182626 1.310461179 0.933302905 1.041516651 1.006366171 1.053209225 1.067034858 1.118418785 1.121998633 0.815730551 0.811245095 0.868594468 1.046280389 0.907705012 0.855744739 0.836459636 0.842873042 1.389651149 
9     0.342886766 0.051426305 0.000000000 0.261562831 0.273199183 0.691228944 0.571529481 0.681738357 0.693677658 0.865893623 0.861749597 0.701862336 0.751886711 0.733339370 0.741931111 0.805541324 0.664570389 0.699029419 0.735820936 0.768161846 0.972735856 0.973064048 0.695935868 0.705948638 0.656038385 0.670867051 0.798901335 0.719334505 0.717625151 0.714850282 0.730118313 0.654333005 1.030849257 1.180570760 1.315849313 0.938691039 1.046904785 1.011754305 1.058597359 1.072422992 1.123806920 1.127386767 0.821118685 0.816633229 0.873982602 1.051668523 0.913093146 0.861132873 0.841847770 0.848261176 1.395039283 
11     0.340626336 0.256159603 0.261562831 0.000000000 0.089096284 0.679013310 0.558631737 0.668958337 0.680897638 0.853113603 0.848969576 0.687945045 0.738472356 0.719925015 0.728550936 0.792161148 0.651146479 0.685614767 0.722382386 0.754723297 0.959297306 0.959625499 0.682497319 0.692510088 0.642599835 0.657428502 0.785674974 0.705895956 0.704186601 0.701411733 0.716679764 0.641098811 1.016456263 1.165895100 1.301492945 0.924498181 1.032711926 0.997561447 1.044404501 1.058230134 1.109614061 1.113193909 0.807270525 0.802785068 0.860134441 1.037820363 0.899265088 0.847304815 0.828019712 0.834433118 1.381353920 
1     0.353202570 0.267795955 0.273199183 0.089096284 0.000000000 0.691793500 0.571238250 0.681564850 0.693504151 0.865720116 0.861576089 0.700405079 0.751147939 0.732600598 0.741226518 0.804836731 0.663822062 0.698290350 0.734993388 0.767334298 0.971899936 0.972228128 0.695044728 0.705059355 0.655195237 0.670031000 0.798277472 0.718498454 0.716789100 0.714014231 0.729282262 0.653697033 1.030002375 1.179723878 1.315002432 0.937844157 1.046057903 1.010907423 1.057750478 1.071576111 1.122960038 1.126539885 0.820051074 0.815565617 0.872914990 1.050600912 0.912067550 0.860107276 0.840822173 0.847235579 1.394043489 
12     0.768018350 0.685840810 0.691228944 0.679013310 0.691793500 0.000000000 0.854438271 0.965298544 0.977237845 1.149670212 1.145526185 0.984479740 1.034507672 1.015960331 1.024630492 1.088240705 0.947153385 0.981665914 1.018262149 1.050603059 1.255157128 1.255485320 0.978377082 0.988389851 0.938479598 0.953308264 1.081814370 1.001492292 0.999782938 0.997291496 1.012559527 0.937067272 1.314921731 1.464643234 1.599921787 1.222763513 1.330977259 1.295826779 1.342669834 1.356495466 1.407879394 1.411459241 1.104829756 1.100344300 1.157693673 1.335378182 1.196837756 1.144877482 1.125592379 1.132005785 1.679065802 
10     0.650029608 0.566141347 0.571529481 0.558631737 0.571238250 0.854438271 0.000000000 0.437089100 0.450065214 0.627790855 0.623937327 0.696530388 0.743737771 0.725190430 0.733816350 0.797194739 0.656391856 0.690712720 0.728097039 0.760437949 0.964982928 0.965311120 0.688244936 0.698257705 0.648385474 0.663214140 0.792038896 0.711730119 0.710020765 0.707197371 0.722465403 0.647276217 1.024834173 1.174555676 1.309834229 0.932675955 1.040889700 1.005739221 1.052582275 1.066407908 1.117791835 1.121371683 0.815559065 0.811073608 0.868422981 1.045884105 0.907575541 0.855615267 0.836330164 0.842743570 1.392013003 
4     0.760089880 0.676350223 0.681738357 0.668958337 0.681564850 0.965298544 0.437089100 0.000000000 0.129505743 0.649658021 0.645887841 0.804779176 0.851351812 0.832804471 0.841430392 0.904442890 0.763669624 0.798086907 0.835684375 0.868025286 1.072496670 1.072824863 0.795740883 0.805753652 0.756014794 0.770843461 0.899668216 0.819359440 0.817650085 0.814826692 0.830094723 0.754905538 1.133071064 1.282792567 1.418071120 1.040912846 1.149126592 1.113976112 1.160819167 1.174644799 1.226028727 1.229608574 0.923599444 0.919113988 0.976463360 1.154069753 1.015761189 0.963800915 0.944515812 0.950929218 1.500011030 
7     0.772029181 0.688289524 0.693677658 0.680897638 0.693504151 0.977237845 0.450065214 0.129505743 0.000000000 0.660746234 0.656976055 0.816476694 0.863290067 0.844742726 0.853368646 0.916381144 0.775607878 0.810025162 0.847622629 0.879963540 1.084434925 1.084763117 0.807679137 0.817691906 0.767953049 0.782781715 0.911606470 0.831297694 0.829588340 0.826764946 0.842032977 0.766843792 1.145009318 1.294730821 1.430009374 1.052851100 1.161064846 1.125914366 1.172757421 1.186583054 1.237966981 1.241546828 0.935537698 0.931052242 0.988401615 1.166008007 1.027699443 0.975739169 0.956454066 0.962867473 1.511949284 
5     0.944496718 0.860505489 0.865893623 0.853113603 0.865720116 1.149670212 0.627790855 0.649658021 0.660746234 0.000000000 0.138192929 0.989049767 1.034682319 1.016134978 1.024682959 1.087592185 0.945163751 0.979581035 1.019376956 1.051717866 1.256413069 1.256741261 0.979498871 0.989511640 0.939715598 0.954544265 1.083044017 1.003060244 1.001350889 0.998527496 1.013795527 0.938606342 1.316656410 1.466377913 1.601656466 1.224498192 1.332711938 1.297561458 1.344404512 1.358230145 1.409614072 1.413193920 1.107205757 1.102720300 1.160069673 1.337701267 1.199392703 1.147432429 1.128147326 1.134560732 1.683745360 
3     0.940352692 0.856361462 0.861749597 0.848969576 0.861576089 1.145526185 0.623937327 0.645887841 0.656976055 0.138192929 0.000000000 0.984905741 1.030538293 1.011990952 1.020538932 1.083448158 0.941019725 0.975437008 1.015232929 1.047573840 1.252269043 1.252597235 0.975354844 0.985367614 0.935571572 0.950400238 1.078899990 0.998916217 0.997206863 0.994383469 1.009651500 0.934462315 1.312512383 1.462233886 1.597512440 1.220354165 1.328567911 1.293417432 1.340260486 1.354086119 1.405470046 1.409049893 1.103061731 1.098576274 1.155925647 1.333557241 1.195248676 1.143288403 1.124003300 1.130416706 1.679601334 
6     0.779056341 0.696474202 0.701862336 0.687945045 0.700405079 0.984479740 0.696530388 0.804779176 0.816476694 0.989049767 0.984905741 0.000000000 0.733225875 0.714678534 0.723348695 0.787313955 0.645366457 0.680889262 0.714967940 0.747308851 0.950863037 0.951191229 0.674071106 0.684083875 0.634173623 0.649002289 0.777665090 0.697980383 0.696271029 0.692985520 0.708253551 0.633161851 1.015013180 1.164765114 1.297747010 0.922535555 1.030983095 0.995568390 1.042194011 1.056019644 1.107431287 1.111013850 0.806674796 0.802189340 0.859538712 1.036819330 0.898433083 0.846472810 0.827187706 0.833601113 1.376923020 
13     0.829951200 0.746498577 0.751886711 0.738472356 0.751147939 1.034507672 0.743737771 0.851351812 0.863290067 1.034682319 1.030538293 0.733225875 0.000000000 0.111940850 0.307985764 0.373203600 0.247036469 0.280831586 0.562267749 0.594419732 0.797872342 0.798200534 0.521142239 0.531155008 0.481121105 0.496151215 0.626254406 0.545572360 0.543863006 0.539990563 0.555410522 0.480655895 0.959602645 1.109074970 1.244763640 0.867317037 0.975917701 0.940023180 0.987812130 1.001637762 1.052901099 1.056649381 0.756313676 0.751826951 0.809177592 0.986702826 0.845905734 0.796164800 0.776879696 0.783293103 1.365157926 
26     0.811403859 0.727951236 0.733339370 0.719925015 0.732600598 1.015960331 0.725190430 0.832804471 0.844742726 1.016134978 1.011990952 0.714678534 0.111940850 0.000000000 0.289408469 0.354710334 0.228178473 0.262132689 0.543720408 0.575872390 0.779325001 0.779653193 0.502594898 0.512607667 0.462573764 0.477603874 0.607707065 0.527025019 0.525315665 0.521443222 0.536863181 0.462108553 0.941055304 1.090527629 1.226216298 0.848769696 0.957370360 0.921475839 0.969264788 0.983090421 1.034353758 1.038102040 0.737766335 0.733279610 0.790630251 0.968155485 0.827358393 0.777617458 0.758332355 0.764745762 1.346610585 
43     0.820029779 0.736542977 0.741931111 0.728550936 0.741226518 1.024630492 0.733816350 0.841430392 0.853368646 1.024682959 1.020538932 0.723348695 0.307985764 0.289408469 0.000000000 0.215923471 0.237815688 0.270905016 0.552371020 0.584523003 0.787976933 0.788305125 0.511246830 0.521259599 0.471225696 0.486255806 0.616358997 0.535676951 0.533967597 0.530095154 0.545515113 0.470760486 0.949651954 1.099118172 1.234812949 0.857366346 0.965967010 0.930025481 0.977861439 0.991687072 1.042950409 1.046698690 0.746346519 0.741859794 0.799210435 0.976735669 0.835580112 0.786197642 0.766912539 0.773325945 1.355203523 
17     0.883639992 0.800153190 0.805541324 0.792161148 0.804836731 1.088240705 0.797194739 0.904442890 0.916381144 1.087592185 1.083448158 0.787313955 0.373203600 0.354710334 0.215923471 0.000000000 0.301379325 0.334458457 0.616336480 0.648488463 0.851942393 0.852270586 0.575212290 0.585225060 0.535191157 0.550221267 0.680324458 0.599642412 0.597933057 0.594060615 0.609480574 0.534725946 1.013262167 1.162728385 1.298423162 0.920976559 1.029577223 0.993635694 1.041471652 1.055297285 1.106560621 1.110308903 0.809956732 0.805470007 0.862820648 1.040345882 0.898778697 0.849807855 0.830522752 0.836936158 1.419163372 
16     0.742625323 0.659182255 0.664570389 0.651146479 0.663822062 0.947153385 0.656391856 0.763669624 0.775607878 0.945163751 0.941019725 0.645366457 0.247036469 0.228178473 0.237815688 0.301379325 0.000000000 0.132436103 0.474663632 0.506815614 0.710251633 0.710579825 0.433496809 0.443509578 0.393435706 0.408509355 0.538612546 0.457930500 0.456221146 0.452349586 0.467769545 0.393013159 0.870512596 1.019984922 1.155673591 0.778245437 0.886827653 0.850870061 0.898722081 0.912547714 0.963811051 0.967559333 0.665852628 0.661365902 0.717779497 0.896241778 0.754445009 0.704486898 0.685201795 0.691615201 1.277711657 
27     0.777093611 0.693641285 0.699029419 0.685614767 0.698290350 0.981665914 0.690712720 0.798086907 0.810025162 0.979581035 0.975437008 0.680889262 0.280831586 0.262132689 0.270905016 0.334458457 0.132436103 0.000000000 0.510289085 0.542441067 0.745892896 0.746221088 0.469162793 0.479175562 0.429138744 0.444171769 0.574274960 0.493592915 0.491883560 0.488011117 0.503431076 0.428676449 0.906914652 1.056379789 1.192075646 0.814647492 0.923229708 0.887272116 0.935124136 0.948949769 1.000213106 1.003961388 0.703609217 0.699122491 0.756473133 0.933998367 0.793311821 0.743518758 0.724233655 0.730647062 1.312772184 
37     0.813861230 0.730432802 0.735820936 0.722382386 0.734993388 1.018262149 0.728097039 0.835684375 0.847622629 1.019376956 1.015232929 0.714967940 0.562267749 0.543720408 0.552371020 0.616336480 0.474663632 0.510289085 0.000000000 0.145656663 0.682133598 0.682461791 0.404822452 0.414835221 0.364689439 0.379893781 0.510400126 0.429315431 0.427606076 0.423723095 0.439055198 0.364518462 0.944297808 1.094045696 1.228953746 0.851862413 0.960122047 0.924375315 0.972002236 0.985827869 1.037036233 1.040837155 0.742328509 0.737841784 0.795192425 0.972826125 0.832302163 0.782024516 0.762760336 0.769152819 1.348527389 
41     0.846202140 0.762773712 0.768161846 0.754723297 0.767334298 1.050603059 0.760437949 0.868025286 0.879963540 1.051717866 1.047573840 0.747308851 0.594419732 0.575872390 0.584523003 0.648488463 0.506815614 0.542441067 0.145656663 0.000000000 0.714261876 0.714590068 0.436950729 0.446963498 0.396817716 0.412048106 0.542528896 0.461469756 0.459760401 0.455877420 0.470957044 0.396672787 0.976648430 1.126396319 1.261304368 0.884213035 0.992472670 0.956725937 1.004352858 1.018178491 1.069386855 1.073187778 0.774905311 0.770418585 0.827769227 1.005402927 0.865036322 0.814646672 0.795361569 0.801774975 1.380839496 
36     1.050776150 0.967347722 0.972735856 0.959297306 0.971899936 1.255157128 0.964982928 1.072496670 1.084434925 1.256413069 1.252269043 0.950863037 0.797872342 0.779325001 0.787976933 0.851942393 0.710251633 0.745892896 0.682133598 0.714261876 0.000000000 0.188442095 0.574017208 0.584043014 0.534193528 0.550090254 0.680758017 0.599934542 0.598248097 0.594758693 0.610340233 0.534821511 1.179357133 1.329105022 1.464013071 1.086923768 1.195496383 1.159434640 1.207061561 1.220887194 1.272093552 1.275896480 0.977452772 0.972990787 1.030316688 1.207950388 1.067605033 1.017215383 0.997930280 1.004343686 1.585641416 
31     1.051104342 0.967675914 0.973064048 0.959625499 0.972228128 1.255485320 0.965311120 1.072824863 1.084763117 1.256741261 1.252597235 0.951191229 0.798200534 0.779653193 0.788305125 0.852270586 0.710579825 0.746221088 0.682461791 0.714590068 0.188442095 0.000000000 0.574246696 0.584272502 0.534429056 0.550304709 0.680972472 0.600127405 0.598440960 0.594973147 0.610554687 0.535035965 1.179685326 1.329433214 1.464341263 1.087251961 1.195824575 1.159762832 1.207389753 1.221215386 1.272421744 1.276224673 0.977780964 0.973318979 1.030644880 1.208278580 1.067933225 1.017543576 0.998258472 1.004671879 1.585969608 
24     0.773976163 0.690547734 0.695935868 0.682497319 0.695044728 0.978377082 0.688244936 0.795740883 0.807679137 0.979498871 0.975354844 0.674071106 0.521142239 0.502594898 0.511246830 0.575212290 0.433496809 0.469162793 0.404822452 0.436950729 0.574017208 0.574246696 0.000000000 0.073086893 0.188921484 0.232485947 0.362885420 0.281870828 0.280185661 0.276005734 0.291248535 0.215908906 0.902471842 1.052219730 1.187127780 0.810038477 0.918611091 0.882549348 0.930176270 0.944001902 0.995163773 0.999011189 0.700292113 0.695830128 0.753156029 0.930789730 0.790452339 0.740062689 0.720777586 0.727190992 1.308789785 
44     0.783988932 0.700560504 0.705948638 0.692510088 0.705059355 0.988389851 0.698257705 0.805753652 0.817691906 0.989511640 0.985367614 0.684083875 0.531155008 0.512607667 0.521259599 0.585225060 0.443509578 0.479175562 0.414835221 0.446963498 0.584043014 0.584272502 0.073086893 0.000000000 0.199157537 0.242555828 0.373023906 0.291800581 0.290139132 0.286013837 0.301256637 0.225968964 0.912484611 1.062232499 1.197140549 0.820051246 0.928623861 0.892562117 0.940189039 0.954014671 1.005176542 1.009023958 0.710304882 0.705842897 0.763168799 0.940802499 0.800465108 0.750075458 0.730790355 0.737203761 1.318802554 
14     0.734078679 0.650650251 0.656038385 0.642599835 0.655195237 0.938479598 0.648385474 0.756014794 0.767953049 0.939715598 0.935571572 0.634173623 0.481121105 0.462573764 0.471225696 0.535191157 0.393435706 0.429138744 0.364689439 0.396817716 0.534193528 0.534429056 0.188921484 0.199157537 0.000000000 0.193902421 0.323055021 0.242634650 0.240952722 0.236531494 0.251844708 0.175747632 0.862368045 1.012115934 1.147023983 0.769934680 0.878507295 0.842445552 0.890072473 0.903898106 0.955029903 0.958907393 0.660298095 0.655836110 0.713162011 0.890889660 0.750581289 0.700191639 0.680906536 0.687319942 1.268713483 
49     0.748907346 0.665478917 0.670867051 0.657428502 0.670031000 0.953308264 0.663214140 0.770843461 0.782781715 0.954544265 0.950400238 0.649002289 0.496151215 0.477603874 0.486255806 0.550221267 0.408509355 0.444171769 0.379893781 0.412048106 0.550090254 0.550304709 0.232485947 0.242555828 0.193902421 0.000000000 0.263000661 0.188605254 0.186821961 0.225777852 0.240261711 0.171157667 0.877491148 1.027239036 1.162147085 0.785057782 0.893630397 0.857568654 0.905195575 0.919021208 0.970227566 0.974030495 0.675623901 0.671161916 0.728487818 0.906121518 0.765776163 0.715386513 0.696101410 0.702514816 1.283717392 
19     0.877153817 0.793535166 0.798901335 0.785674974 0.798277472 1.081814370 0.792038896 0.899668216 0.911606470 1.083044017 1.078899990 0.777665090 0.626254406 0.607707065 0.616358997 0.680324458 0.538612546 0.574274960 0.510400126 0.542528896 0.680758017 0.680972472 0.362885420 0.373023906 0.323055021 0.263000661 0.000000000 0.319867306 0.317478913 0.356545549 0.370695749 0.301383575 1.007621475 1.157369363 1.292277413 0.915188110 1.023760724 0.987698981 1.035325903 1.049151535 1.100357893 1.104160822 0.805754229 0.801292244 0.858618145 1.036251845 0.895906490 0.845516840 0.826231737 0.832645143 1.413162323 
50     0.797374800 0.713946371 0.719334505 0.705895956 0.718498454 1.001492292 0.711730119 0.819359440 0.831297694 1.003060244 0.998916217 0.697980383 0.545572360 0.527025019 0.535676951 0.599642412 0.457930500 0.493592915 0.429315431 0.461469756 0.599934542 0.600127405 0.281870828 0.291800581 0.242634650 0.188605254 0.319867306 0.000000000 0.079427323 0.276409626 0.290870123 0.219462874 0.926876621 1.076624510 1.211532559 0.834443256 0.943015871 0.906954128 0.954581049 0.968406682 1.019613040 1.023415968 0.725009375 0.720547390 0.777873291 0.955506991 0.815161636 0.764771987 0.745486883 0.751900290 1.332798990 
32     0.795665445 0.712237017 0.717625151 0.704186601 0.716789100 0.999782938 0.710020765 0.817650085 0.829588340 1.001350889 0.997206863 0.696271029 0.543863006 0.525315665 0.533967597 0.597933057 0.456221146 0.491883560 0.427606076 0.459760401 0.598248097 0.598440960 0.280185661 0.290139132 0.240952722 0.186821961 0.317478913 0.079427323 0.000000000 0.274665451 0.289091841 0.217760289 0.925167267 1.074915155 1.209823204 0.832733902 0.941306516 0.905244773 0.952871694 0.966697327 1.017903685 1.021706614 0.723300020 0.718838036 0.776163937 0.953797637 0.813452282 0.763062632 0.743777529 0.750190935 1.331089636 
29     0.792890577 0.709462148 0.714850282 0.701411733 0.714014231 0.997291496 0.707197371 0.814826692 0.826764946 0.998527496 0.994383469 0.692985520 0.539990563 0.521443222 0.530095154 0.594060615 0.452349586 0.488011117 0.423723095 0.455877420 0.594758693 0.594973147 0.276005734 0.286013837 0.236531494 0.225777852 0.356545549 0.276409626 0.274665451 0.000000000 0.180026998 0.214918622 0.921466839 1.071214728 1.206122777 0.829033474 0.937606089 0.901544346 0.949171267 0.962996900 1.014203258 1.018006186 0.719599593 0.715137608 0.772463509 0.950097209 0.809751855 0.759362205 0.740077101 0.746490508 1.327700623 
34     0.808158608 0.724730179 0.730118313 0.716679764 0.729282262 1.012559527 0.722465403 0.830094723 0.842032977 1.013795527 1.009651500 0.708253551 0.555410522 0.536863181 0.545515113 0.609480574 0.467769545 0.503431076 0.439055198 0.470957044 0.610340233 0.610554687 0.291248535 0.301256637 0.251844708 0.240261711 0.370695749 0.290870123 0.289091841 0.180026998 0.000000000 0.229920928 0.936734870 1.086482759 1.221390808 0.844301505 0.952874120 0.916812377 0.964439298 0.978264931 1.029471289 1.033274217 0.734867624 0.730405639 0.787731540 0.965365240 0.825019886 0.774630236 0.755345133 0.761758539 1.342968654 
39     0.732604034 0.648944871 0.654333005 0.641098811 0.653697033 0.937067272 0.647276217 0.754905538 0.766843792 0.938606342 0.934462315 0.633161851 0.480655895 0.462108553 0.470760486 0.534725946 0.393013159 0.428676449 0.364518462 0.396672787 0.534821511 0.535035965 0.215908906 0.225968964 0.175747632 0.171157667 0.301383575 0.219462874 0.217760289 0.214918622 0.229920928 0.000000000 0.861870909 1.011618797 1.146526847 0.769437544 0.878010159 0.841948416 0.889575337 0.903400970 0.954607328 0.958410256 0.659945044 0.655483059 0.712808960 0.890442660 0.750097305 0.699707656 0.680422552 0.686835959 1.267876954 
30     1.108634159 1.025461123 1.030849257 1.016456263 1.030002375 1.314921731 1.024834173 1.133071064 1.145009318 1.316656410 1.312512383 1.015013180 0.959602645 0.941055304 0.949651954 1.013262167 0.870512596 0.906914652 0.944297808 0.976648430 1.179357133 1.179685326 0.902471842 0.912484611 0.862368045 0.877491148 1.007621475 0.926876621 0.925167267 0.921466839 0.936734870 0.861870909 0.000000000 0.452999467 0.679508975 0.415819144 0.527859344 0.494301537 0.539453913 0.555549142 0.608884115 0.610745815 0.908436495 0.904106920 0.961214377 1.138226682 1.000124665 0.947900556 0.928615453 0.935028859 1.641194956 
15     1.258355662 1.175182626 1.180570760 1.165895100 1.179723878 1.464643234 1.174555676 1.282792567 1.294730821 1.466377913 1.462233886 1.164765114 1.109074970 1.090527629 1.099118172 1.162728385 1.019984922 1.056379789 1.094045696 1.126396319 1.329105022 1.329433214 1.052219730 1.062232499 1.012115934 1.027239036 1.157369363 1.076624510 1.074915155 1.071214728 1.086482759 1.011618797 0.452999467 0.000000000 0.830215049 0.563821241 0.679322719 0.645572368 0.688118118 0.704214693 0.757186233 0.759161275 1.058202619 1.053873044 1.110980501 1.287992806 1.149890789 1.097666680 1.078381577 1.084794983 1.790916459 
35     1.393634215 1.310461179 1.315849313 1.301492945 1.315002432 1.599921787 1.309834229 1.418071120 1.430009374 1.601656466 1.597512440 1.297747010 1.244763640 1.226216298 1.234812949 1.298423162 1.155673591 1.192075646 1.228953746 1.261304368 1.464013071 1.464341263 1.187127780 1.197140549 1.147023983 1.162147085 1.292277413 1.211532559 1.209823204 1.206122777 1.221390808 1.146526847 0.679508975 0.830215049 0.000000000 0.707062676 0.816467808 0.781745848 0.828572363 0.844214686 0.895534114 0.898269889 1.193082167 1.188752592 1.245860049 1.422872354 1.284817052 1.232592943 1.213307840 1.219721246 1.926150827 
38     1.016475941 0.933302905 0.938691039 0.924498181 0.937844157 1.222763513 0.932675955 1.040912846 1.052851100 1.224498192 1.220354165 0.922535555 0.867317037 0.848769696 0.857366346 0.920976559 0.778245437 0.814647492 0.851862413 0.884213035 1.086923768 1.087251961 0.810038477 0.820051246 0.769934680 0.785057782 0.915188110 0.834443256 0.832733902 0.829033474 0.844301505 0.769437544 0.415819144 0.563821241 0.707062676 0.000000000 0.439130117 0.409953642 0.456084933 0.474174286 0.525219774 0.527198583 0.816486431 0.812156856 0.869266574 1.046276618 0.908175197 0.855951088 0.836665985 0.843079391 1.549216236 
25     1.124689686 1.041516651 1.046904785 1.032711926 1.046057903 1.330977259 1.040889700 1.149126592 1.161064846 1.332711938 1.328567911 1.030983095 0.975917701 0.957370360 0.965967010 1.029577223 0.886827653 0.923229708 0.960122047 0.992472670 1.195496383 1.195824575 0.918611091 0.928623861 0.878507295 0.893630397 1.023760724 0.943015871 0.941306516 0.937606089 0.952874120 0.878010159 0.527859344 0.679322719 0.816467808 0.439130117 0.000000000 0.428373519 0.469704370 0.482455028 0.531128552 0.535006180 0.924562388 0.920232813 0.976813003 1.154353326 1.016251309 0.964027200 0.944742097 0.951155503 1.658328579 
22     1.089539207 1.006366171 1.011754305 0.997561447 1.010907423 1.295826779 1.005739221 1.113976112 1.125914366 1.297561458 1.293417432 0.995568390 0.940023180 0.921475839 0.930025481 0.993635694 0.850870061 0.887272116 0.924375315 0.956725937 1.159434640 1.159762832 0.882549348 0.892562117 0.842445552 0.857568654 0.987698981 0.906954128 0.905244773 0.901544346 0.916812377 0.841948416 0.494301537 0.645572368 0.781745848 0.409953642 0.428373519 0.000000000 0.382619563 0.402918138 0.450644756 0.453920642 0.888837678 0.884508103 0.941617821 1.118627865 0.980525848 0.928301739 0.909016636 0.915430042 1.622581207 
33     1.136382261 1.053209225 1.058597359 1.044404501 1.057750478 1.342669834 1.052582275 1.160819167 1.172757421 1.344404512 1.340260486 1.042194011 0.987812130 0.969264788 0.977861439 1.041471652 0.898722081 0.935124136 0.972002236 1.004352858 1.207061561 1.207389753 0.930176270 0.940189039 0.890072473 0.905195575 1.035325903 0.954581049 0.952871694 0.949171267 0.964439298 0.889575337 0.539453913 0.688118118 0.828572363 0.456084933 0.469704370 0.382619563 0.000000000 0.146885332 0.313218324 0.312535907 0.935593674 0.931264099 0.988373818 1.165383861 1.027281844 0.975057735 0.955772632 0.962186038 1.669823418 
46     1.150207894 1.067034858 1.072422992 1.058230134 1.071576111 1.356495466 1.066407908 1.174644799 1.186583054 1.358230145 1.354086119 1.056019644 1.001637762 0.983090421 0.991687072 1.055297285 0.912547714 0.948949769 0.985827869 1.018178491 1.220887194 1.221215386 0.944001902 0.954014671 0.903898106 0.919021208 1.049151535 0.968406682 0.966697327 0.962996900 0.978264931 0.903400970 0.555549142 0.704214693 0.844214686 0.474174286 0.482455028 0.402918138 0.146885332 0.000000000 0.328073402 0.325106534 0.949419307 0.945089732 1.002199450 1.179209494 1.041107477 0.988883368 0.969598265 0.976011671 1.683649051 
23     1.201591821 1.118418785 1.123806920 1.109614061 1.122960038 1.407879394 1.117791835 1.226028727 1.237966981 1.409614072 1.405470046 1.107431287 1.052901099 1.034353758 1.042950409 1.106560621 0.963811051 1.000213106 1.037036233 1.069386855 1.272093552 1.272421744 0.995163773 1.005176542 0.955029903 0.970227566 1.100357893 1.019613040 1.017903685 1.014203258 1.029471289 0.954607328 0.608884115 0.757186233 0.895534114 0.525219774 0.531128552 0.450644756 0.313218324 0.328073402 0.000000000 0.172175466 1.000649970 0.996320395 1.053430114 1.230440158 1.092338140 1.040114032 1.020828928 1.027242335 1.734975625 
40     1.205171669 1.121998633 1.127386767 1.113193909 1.126539885 1.411459241 1.121371683 1.229608574 1.241546828 1.413193920 1.409049893 1.111013850 1.056649381 1.038102040 1.046698690 1.110308903 0.967559333 1.003961388 1.040837155 1.073187778 1.275896480 1.276224673 0.999011189 1.009023958 0.958907393 0.974030495 1.104160822 1.023415968 1.021706614 1.018006186 1.033274217 0.958410256 0.610745815 0.759161275 0.898269889 0.527198583 0.535006180 0.453920642 0.312535907 0.325106534 0.172175466 0.000000000 1.004256298 0.999926723 1.057036441 1.234046485 1.095944468 1.043720359 1.024435256 1.030848662 1.738612826 
21     0.898704769 0.815730551 0.821118685 0.807270525 0.820051074 1.104829756 0.815559065 0.923599444 0.935537698 1.107205757 1.103061731 0.806674796 0.756313676 0.737766335 0.746346519 0.809956732 0.665852628 0.703609217 0.742328509 0.774905311 0.977452772 0.977780964 0.700292113 0.710304882 0.660298095 0.675623901 0.805754229 0.725009375 0.723300020 0.719599593 0.734867624 0.659945044 0.908436495 1.058202619 1.193082167 0.816486431 0.924562388 0.888837678 0.935593674 0.949419307 1.000649970 1.004256298 0.000000000 0.059792182 0.208879330 0.479150079 0.442030561 0.390402264 0.371377926 0.376835574 1.438993686 
45     0.894219313 0.811245095 0.816633229 0.802785068 0.815565617 1.100344300 0.811073608 0.919113988 0.931052242 1.102720300 1.098576274 0.802189340 0.751826951 0.733279610 0.741859794 0.805470007 0.661365902 0.699122491 0.737841784 0.770418585 0.972990787 0.973318979 0.695830128 0.705842897 0.655836110 0.671161916 0.801292244 0.720547390 0.718838036 0.715137608 0.730405639 0.655483059 0.904106920 1.053873044 1.188752592 0.812156856 0.920232813 0.884508103 0.931264099 0.945089732 0.996320395 0.999926723 0.059792182 0.000000000 0.204675178 0.475140297 0.437156807 0.385498315 0.366490135 0.371931625 1.434508229 
28     0.951568686 0.868594468 0.873982602 0.860134441 0.872914990 1.157693673 0.868422981 0.976463360 0.988401615 1.160069673 1.155925647 0.859538712 0.809177592 0.790630251 0.799210435 0.862820648 0.717779497 0.756473133 0.795192425 0.827769227 1.030316688 1.030644880 0.753156029 0.763168799 0.713162011 0.728487818 0.858618145 0.777873291 0.776163937 0.772463509 0.787731540 0.712808960 0.961214377 1.110980501 1.245860049 0.869266574 0.976813003 0.941617821 0.988373818 1.002199450 1.053430114 1.057036441 0.208879330 0.204675178 0.000000000 0.532947431 0.495225192 0.442914963 0.423906782 0.430229039 1.491857602 
47     1.129254607 1.046280389 1.051668523 1.037820363 1.050600912 1.335378182 1.045884105 1.154069753 1.166008007 1.337701267 1.333557241 1.036819330 0.986702826 0.968155485 0.976735669 1.040345882 0.896241778 0.933998367 0.972826125 1.005402927 1.207950388 1.208278580 0.930789730 0.940802499 0.890889660 0.906121518 1.036251845 0.955506991 0.953797637 0.950097209 0.965365240 0.890442660 1.138226682 1.287992806 1.422872354 1.046276618 1.154353326 1.118627865 1.165383861 1.179209494 1.230440158 1.234046485 0.479150079 0.475140297 0.532947431 0.000000000 0.672542733 0.612269429 0.600958177 0.607711972 1.669350855 
48     0.990699333 0.907705012 0.913093146 0.899265088 0.912067550 1.196837756 0.907575541 1.015761189 1.027699443 1.199392703 1.195248676 0.898433083 0.845905734 0.827358393 0.835580112 0.898778697 0.754445009 0.793311821 0.832302163 0.865036322 1.067605033 1.067933225 0.790452339 0.800465108 0.750581289 0.765776163 0.895906490 0.815161636 0.813452282 0.809751855 0.825019886 0.750097305 1.000124665 1.149890789 1.284817052 0.908175197 1.016251309 0.980525848 1.027281844 1.041107477 1.092338140 1.095944468 0.442030561 0.437156807 0.495225192 0.672542733 0.000000000 0.344574100 0.322862725 0.328193786 1.530204367 
42     0.938739060 0.855744739 0.861132873 0.847304815 0.860107276 1.144877482 0.855615267 0.963800915 0.975739169 1.147432429 1.143288403 0.846472810 0.796164800 0.777617458 0.786197642 0.849807855 0.704486898 0.743518758 0.782024516 0.814646672 1.017215383 1.017543576 0.740062689 0.750075458 0.700191639 0.715386513 0.845516840 0.764771987 0.763062632 0.759362205 0.774630236 0.699707656 0.947900556 1.097666680 1.232592943 0.855951088 0.964027200 0.928301739 0.975057735 0.988883368 1.040114032 1.043720359 0.390402264 0.385498315 0.442914963 0.612269429 0.344574100 0.000000000 0.127340300 0.160545449 1.478908518 
20     0.919453956 0.836459636 0.841847770 0.828019712 0.840822173 1.125592379 0.836330164 0.944515812 0.956454066 1.128147326 1.124003300 0.827187706 0.776879696 0.758332355 0.766912539 0.830522752 0.685201795 0.724233655 0.762760336 0.795361569 0.997930280 0.998258472 0.720777586 0.730790355 0.680906536 0.696101410 0.826231737 0.745486883 0.743777529 0.740077101 0.755345133 0.680422552 0.928615453 1.078381577 1.213307840 0.836665985 0.944742097 0.909016636 0.955772632 0.969598265 1.020828928 1.024435256 0.371377926 0.366490135 0.423906782 0.600958177 0.322862725 0.127340300 0.000000000 0.136603883 1.459623415 
18     0.925867363 0.842873042 0.848261176 0.834433118 0.847235579 1.132005785 0.842743570 0.950929218 0.962867473 1.134560732 1.130416706 0.833601113 0.783293103 0.764745762 0.773325945 0.836936158 0.691615201 0.730647062 0.769152819 0.801774975 1.004343686 1.004671879 0.727190992 0.737203761 0.687319942 0.702514816 0.832645143 0.751900290 0.750190935 0.746490508 0.761758539 0.686835959 0.935028859 1.084794983 1.219721246 0.843079391 0.951155503 0.915430042 0.962186038 0.976011671 1.027242335 1.030848662 0.376835574 0.371931625 0.430229039 0.607711972 0.328193786 0.160545449 0.136603883 0.000000000 1.466036821 
0     1.472691549 1.389651149 1.395039283 1.381353920 1.394043489 1.679065802 1.392013003 1.500011030 1.511949284 1.683745360 1.679601334 1.376923020 1.365157926 1.346610585 1.355203523 1.419163372 1.277711657 1.312772184 1.348527389 1.380839496 1.585641416 1.585969608 1.308789785 1.318802554 1.268713483 1.283717392 1.413162323 1.332798990 1.331089636 1.327700623 1.342968654 1.267876954 1.641194956 1.790916459 1.926150827 1.549216236 1.658328579 1.622581207 1.669823418 1.683649051 1.734975625 1.738612826 1.438993686 1.434508229 1.491857602 1.669350855 1.530204367 1.478908518 1.459623415 1.466036821 0.000000000 
