51
2     0.000000000 0.008296810 0.007433990 0.010541340 0.008566570 0.002057230 0.013567840 0.019941410 0.015693850 0.020543770 0.021505940 0.013461700 0.011455300 0.006879600 0.026285410 0.027937950 0.018992530 0.010057480 0.017220290 0.018593660 0.029032610 0.028185040 0.027541820 0.026973890 0.017981190 0.014494150 0.030339520 0.024428470 0.024280110 0.014025140 0.024441820 0.008633720 0.038573820 0.039815460 0.045336120 0.027508200 0.046536680 0.041184550 0.037460500 0.041777030 0.039070680 0.041363800 0.032448020 0.031109390 0.031482440 0.030075050 0.031100140 0.028471140 0.027924350 0.030265840 0.037022210 
8     0.008296810 0.000000000 0.000049250 0.003804200 0.003615250 0.017410870 0.012386180 0.018128530 0.007362400 0.014021460 0.013738650 0.012816180 0.025994190 0.023446580 0.024762210 0.026111720 0.023319670 0.025650010 0.018648220 0.020021590 0.022722790 0.027003380 0.027044380 0.027553080 0.008903120 0.024844930 0.028513290 0.026594820 0.027483030 0.028293890 0.025869750 0.025691740 0.036596760 0.034696880 0.046764050 0.034604870 0.040478610 0.034187270 0.030305480 0.041283530 0.040498610 0.043938180 0.031266360 0.029927730 0.031838540 0.029533850 0.032528070 0.027398030 0.026742690 0.029084180 0.035840550 
9     0.007433990 0.000049250 0.000000000 0.004352480 0.004163530 0.016741330 0.011716640 0.018090210 0.009439410 0.014759660 0.014476850 0.012146640 0.025324650 0.023516970 0.024832600 0.026182110 0.024289600 0.024980470 0.019749900 0.021123270 0.027181410 0.026333840 0.026374840 0.026883540 0.010537640 0.024915320 0.028583680 0.026665210 0.026853060 0.027624350 0.025863400 0.025854540 0.035772570 0.039410550 0.047865730 0.037729050 0.042957260 0.038900940 0.035019150 0.042902920 0.041600290 0.045510880 0.030596820 0.029258190 0.031169000 0.028864310 0.033024060 0.026728490 0.026073150 0.028414640 0.035171010 
11     0.010541340 0.003804200 0.004352480 0.000000000 0.000199650 0.011485780 0.014405460 0.021050300 0.016802740 0.020559810 0.019827960 0.014095750 0.028284740 0.026024650 0.024245990 0.028689790 0.019852320 0.010293700 0.015180870 0.016554240 0.015299410 0.015442300 0.025502400 0.024934470 0.021181120 0.024213600 0.031091360 0.026251560 0.026426680 0.027412660 0.022402400 0.022224390 0.033216730 0.033929820 0.043296700 0.033160020 0.039711550 0.033420210 0.029538420 0.039737610 0.037031260 0.042955040 0.030516040 0.029741050 0.029443020 0.028035630 0.029060720 0.026431720 0.026642410 0.029413550 0.033212770 
1     0.008566570 0.003615250 0.004163530 0.000199650 0.000000000 0.017651400 0.015426380 0.019321860 0.020948960 0.015214790 0.014931980 0.019252950 0.028495910 0.023512040 0.024827670 0.026177180 0.020873240 0.024505310 0.016201790 0.017575160 0.015649290 0.015792180 0.026523320 0.025955390 0.022202040 0.023274260 0.028578750 0.025312220 0.025520060 0.026473320 0.023423320 0.023245310 0.032277390 0.038796960 0.044317620 0.034180940 0.039462080 0.036611670 0.036471330 0.039407740 0.038052180 0.042015700 0.031518780 0.030761970 0.030463940 0.029056550 0.030081640 0.027452640 0.027663330 0.028970420 0.032273430 
12     0.002057230 0.017410870 0.016741330 0.011485780 0.017651400 0.000000000 0.014736960 0.025869160 0.020697410 0.021826250 0.021094400 0.011379260 0.030410490 0.025834790 0.025512430 0.032069740 0.021118760 0.025123690 0.016447310 0.017820680 0.034960360 0.034112790 0.026768840 0.026200910 0.022447560 0.025779050 0.033561340 0.027841910 0.027693120 0.032980330 0.023668840 0.023490830 0.037800840 0.039042480 0.044563140 0.034426460 0.046149000 0.040411570 0.038298030 0.041004050 0.038297700 0.045814360 0.031782480 0.031007490 0.030709460 0.029302070 0.030327160 0.027698160 0.027908850 0.030679990 0.039921940 
10     0.013567840 0.012386180 0.011716640 0.014405460 0.015426380 0.014736960 0.000000000 0.006502250 0.003968470 0.007730110 0.003806070 0.004208840 0.019132450 0.006471920 0.006858710 0.022278360 0.006768200 0.007795760 0.006655930 0.008029300 0.008582070 0.009828950 0.009329020 0.014308240 0.009189800 0.010466990 0.022563930 0.010675650 0.012564950 0.021432150 0.013877460 0.010783410 0.015606140 0.010705160 0.018868400 0.025539160 0.018287150 0.020628920 0.018944370 0.032116750 0.019626210 0.021907000 0.021527660 0.019839310 0.021822160 0.020414770 0.021439860 0.018810860 0.019021550 0.021792690 0.028978810 
4     0.019941410 0.018128530 0.018090210 0.021050300 0.019321860 0.025869160 0.006502250 0.000000000 0.000215720 0.013355230 0.013072420 0.012328010 0.025506020 0.024704540 0.025446660 0.033905140 0.024470970 0.025161840 0.023299960 0.024673330 0.027362780 0.026515210 0.026556210 0.027064910 0.024248550 0.026929660 0.028937500 0.027487850 0.027034430 0.027805720 0.026044770 0.026272220 0.043228770 0.038327790 0.043410630 0.029053090 0.044588040 0.043232580 0.039350790 0.048147700 0.046054430 0.047547460 0.030778190 0.029439560 0.031350370 0.029045680 0.019775710 0.026909860 0.026254520 0.028596010 0.035352380 
7     0.015693850 0.007362400 0.009439410 0.016802740 0.020948960 0.020697410 0.003968470 0.000215720 0.000000000 0.011422050 0.007908050 0.008080450 0.021258460 0.020456980 0.021199100 0.029657580 0.020223410 0.020914280 0.023681700 0.025055070 0.023115220 0.022267650 0.022308650 0.022817350 0.020000990 0.022682100 0.024689940 0.023240290 0.022786870 0.023558160 0.021797210 0.022024660 0.036991210 0.032090230 0.040253470 0.035019370 0.039672220 0.040641170 0.036759380 0.043900140 0.041011280 0.043292070 0.026530630 0.025192000 0.027102810 0.024798120 0.025741990 0.022662300 0.022006960 0.024348450 0.031104820 
5     0.020543770 0.014021460 0.014759660 0.020559810 0.015214790 0.021826250 0.007730110 0.013355230 0.011422050 0.000000000 0.000161780 0.015741780 0.028919790 0.028118310 0.021875400 0.028432710 0.017481730 0.021486660 0.012810280 0.014183650 0.030776550 0.029928980 0.023131810 0.022563880 0.018810530 0.022142020 0.029924310 0.024204880 0.024056090 0.031219490 0.020031810 0.019853800 0.035067890 0.036309530 0.041830190 0.031693510 0.043590420 0.037678620 0.035532050 0.034719130 0.023899200 0.043081410 0.029049530 0.028274540 0.027976510 0.026569120 0.027594210 0.024965210 0.025175900 0.027947040 0.038766150 
3     0.021505940 0.013738650 0.014476850 0.019827960 0.014931980 0.021094400 0.003806070 0.013072420 0.007908050 0.000161780 0.000000000 0.013892540 0.027070550 0.026269070 0.021143550 0.027700860 0.016749880 0.020754810 0.012078430 0.013451800 0.028927310 0.028079740 0.022399960 0.021832030 0.018078680 0.021410170 0.029192460 0.023473030 0.023324240 0.029370250 0.019299960 0.019121950 0.034336040 0.035577680 0.041098340 0.030961660 0.042858570 0.036946770 0.034833230 0.037539250 0.032435510 0.042349560 0.028317680 0.027542690 0.027244660 0.025837270 0.026862360 0.024233360 0.024444050 0.027215190 0.036916910 
6     0.013461700 0.012816180 0.012146640 0.014095750 0.019252950 0.011379260 0.004208840 0.012328010 0.008080450 0.015741780 0.013892540 0.000000000 0.013541660 0.002302620 0.002689410 0.016548200 0.002598900 0.003626460 0.011490340 0.018561160 0.004412770 0.005659650 0.005159720 0.010138940 0.005020500 0.006297690 0.017465350 0.006506350 0.008395650 0.016333570 0.014572620 0.006614110 0.011436840 0.006535860 0.014699100 0.026166040 0.014117850 0.016459620 0.014775070 0.030910980 0.015456910 0.017737700 0.013545970 0.011857620 0.019878220 0.017573530 0.021733280 0.015437710 0.014782370 0.017123860 0.023880230 
13     0.011455300 0.025994190 0.025324650 0.028284740 0.028495910 0.030410490 0.019132450 0.025506020 0.021258460 0.028919790 0.027070550 0.013541660 0.000000000 0.000513340 0.003506340 0.005552540 0.004268260 0.007473300 0.017169890 0.025801320 0.014221860 0.013374290 0.013415290 0.013923990 0.011107630 0.013788740 0.015796580 0.014346930 0.013893510 0.014664800 0.012903850 0.013131300 0.031802060 0.028252660 0.036415900 0.028383860 0.035834650 0.036136340 0.035996000 0.035230600 0.037173710 0.037287220 0.017861090 0.016522460 0.018433270 0.016128580 0.020288330 0.013992760 0.013337420 0.015678910 0.032377500 
26     0.006879600 0.023446580 0.023516970 0.026024650 0.023512040 0.025834790 0.006471920 0.024704540 0.020456980 0.028118310 0.026269070 0.002302620 0.000513340 0.000000000 0.001703190 0.005866450 0.001612680 0.002766700 0.016630630 0.023020130 0.006483290 0.007730170 0.007230240 0.012209460 0.007091020 0.008368210 0.014995100 0.008576870 0.010466170 0.013863320 0.012102370 0.008684630 0.013507360 0.008606380 0.016769620 0.027582380 0.016188370 0.018530140 0.016845590 0.032981500 0.017527430 0.019808220 0.017059610 0.015720980 0.017631790 0.015327100 0.019486850 0.013191280 0.012535940 0.014877430 0.031576020 
43     0.026285410 0.024762210 0.024832600 0.024245990 0.024827670 0.025512430 0.006858710 0.025446660 0.021199100 0.021875400 0.021143550 0.002689410 0.003506340 0.001703190 0.000000000 0.004376810 0.001889870 0.003153490 0.015033700 0.016407070 0.006870080 0.008116960 0.007617030 0.012596250 0.007477810 0.008755000 0.015737220 0.008963660 0.010852960 0.014605440 0.012844490 0.009071420 0.013894150 0.008993170 0.017156410 0.028324500 0.016575160 0.018916930 0.017232380 0.033368290 0.017914220 0.020195010 0.017801730 0.016463100 0.018373910 0.016069220 0.020228970 0.013933400 0.013278060 0.015619550 0.032318140 
17     0.027937950 0.026111720 0.026182110 0.028689790 0.026177180 0.032069740 0.022278360 0.033905140 0.029657580 0.028432710 0.027700860 0.016548200 0.005552540 0.005866450 0.004376810 0.000000000 0.006040260 0.010753060 0.018746910 0.022964380 0.022620980 0.021773410 0.021814410 0.022323110 0.019506750 0.018318210 0.024195700 0.020356170 0.020564010 0.021517270 0.021302970 0.019336630 0.033379080 0.031579190 0.039742430 0.035530280 0.039161180 0.037713360 0.037573020 0.040509430 0.040500240 0.040293760 0.026260210 0.024921580 0.026832390 0.024527700 0.028687450 0.022391880 0.021736540 0.024078030 0.037460740 
16     0.018992530 0.023319670 0.024289600 0.019852320 0.020873240 0.021118760 0.006768200 0.024470970 0.020223410 0.017481730 0.016749880 0.002598900 0.004268260 0.001612680 0.001889870 0.006040260 0.000000000 0.000972730 0.010640030 0.012013400 0.006779570 0.008026450 0.007526520 0.012505740 0.007387300 0.008664490 0.014761530 0.008873150 0.010762450 0.013629750 0.011868800 0.008980910 0.013803640 0.008902660 0.017065900 0.027348810 0.016484650 0.018826420 0.017141870 0.033277780 0.017823710 0.020104500 0.016826040 0.015487410 0.017398220 0.015093530 0.019253280 0.012957710 0.012302370 0.014643860 0.031001000 
27     0.010057480 0.025650010 0.024980470 0.010293700 0.024505310 0.025123690 0.007795760 0.025161840 0.020914280 0.021486660 0.020754810 0.003626460 0.007473300 0.002766700 0.003153490 0.010753060 0.000972730 0.000000000 0.013179290 0.016018330 0.007807130 0.009054010 0.008554080 0.013533300 0.008414860 0.009692050 0.015452400 0.009900710 0.011790010 0.014320620 0.012559670 0.010008470 0.014831200 0.009930220 0.018093460 0.026282160 0.017512210 0.019853980 0.018169430 0.034305340 0.018851270 0.021132060 0.017516910 0.016178280 0.018089090 0.015784400 0.019944150 0.013648580 0.012993240 0.015334730 0.031893120 
37     0.017220290 0.018648220 0.019749900 0.015180870 0.016201790 0.016447310 0.006655930 0.023299960 0.023681700 0.012810280 0.012078430 0.011490340 0.017169890 0.016630630 0.015033700 0.018746910 0.010640030 0.013179290 0.000000000 0.000132370 0.011804290 0.012546320 0.012067770 0.013373740 0.008001680 0.010565450 0.014233810 0.012315340 0.013203550 0.014078880 0.012187190 0.011504670 0.020866870 0.026778890 0.034942130 0.023018070 0.028051560 0.025201150 0.025060810 0.027997220 0.028135190 0.030605180 0.023670590 0.022730740 0.022597570 0.017712120 0.022215270 0.018881150 0.017711140 0.017559900 0.025033030 
41     0.018593660 0.020021590 0.021123270 0.016554240 0.017575160 0.017820680 0.008029300 0.024673330 0.025055070 0.014183650 0.013451800 0.018561160 0.025801320 0.023020130 0.016407070 0.022964380 0.012013400 0.016018330 0.000132370 0.000000000 0.006421200 0.007163230 0.006684680 0.014874520 0.008572160 0.012066230 0.015734590 0.013816120 0.014704330 0.009511670 0.013560560 0.013005450 0.029498300 0.032303960 0.037824620 0.027687940 0.036682990 0.033673050 0.031559510 0.034265530 0.031559180 0.039075840 0.025043960 0.024268970 0.023970940 0.012329030 0.019601420 0.020959640 0.021170330 0.023941470 0.033664460 
36     0.029032610 0.022722790 0.027181410 0.015299410 0.015649290 0.034960360 0.008582070 0.027362780 0.023115220 0.030776550 0.028927310 0.004412770 0.014221860 0.006483290 0.006870080 0.022620980 0.006779570 0.007807130 0.011804290 0.006421200 0.000000000 0.000268500 0.003777940 0.008993490 0.003875050 0.005152240 0.012316860 0.005360900 0.007250200 0.006604930 0.009424130 0.005468660 0.011526470 0.006625490 0.014788730 0.030240620 0.014207480 0.016549250 0.014864700 0.031000610 0.015546540 0.017827330 0.019717850 0.018379220 0.020290030 0.013911090 0.021183480 0.015849520 0.015194180 0.017535670 0.034234260 
31     0.028185040 0.027003380 0.026333840 0.015442300 0.015792180 0.034112790 0.009828950 0.026515210 0.022267650 0.029928980 0.028079740 0.005659650 0.013374290 0.007730170 0.008116960 0.021773410 0.008026450 0.009054010 0.012546320 0.007163230 0.000268500 0.000000000 0.004519970 0.009596700 0.005121930 0.006399120 0.011469290 0.006607780 0.008497080 0.007346960 0.008576560 0.006715540 0.012773350 0.007872370 0.016035610 0.029393050 0.015454360 0.017796130 0.016111580 0.032247490 0.016793420 0.019074210 0.018870280 0.017531650 0.019442460 0.014653120 0.021297520 0.015001950 0.014346610 0.016688100 0.033386690 
24     0.027541820 0.027044380 0.026374840 0.025502400 0.026523320 0.026768840 0.009329020 0.026556210 0.022308650 0.023131810 0.022399960 0.005159720 0.013415290 0.007230240 0.007617030 0.021814410 0.007526520 0.008554080 0.012067770 0.006684680 0.003777940 0.004519970 0.000000000 0.000167510 0.001865160 0.004639890 0.010277190 0.004848550 0.006737850 0.006408690 0.007384460 0.004926970 0.012273420 0.007372440 0.015535680 0.029434050 0.014954430 0.017296200 0.015611650 0.031747560 0.016293490 0.018574280 0.018911280 0.017572650 0.019483460 0.014174570 0.021338520 0.015042950 0.014387610 0.016729100 0.033427690 
44     0.026973890 0.027553080 0.026883540 0.024934470 0.025955390 0.026200910 0.014308240 0.027064910 0.022817350 0.022563880 0.021832030 0.010138940 0.013923990 0.012209460 0.012596250 0.022323110 0.012505740 0.013533300 0.013373740 0.014874520 0.008993490 0.009596700 0.000167510 0.000000000 0.006100640 0.007851150 0.010785890 0.009339940 0.008886520 0.009573240 0.007043230 0.006865220 0.017252640 0.012351660 0.020514900 0.029942750 0.019933650 0.022275420 0.020590870 0.036726780 0.021272710 0.023553500 0.019419980 0.018081350 0.019992160 0.017687470 0.021847220 0.015551650 0.014896310 0.017237800 0.033936390 
14     0.017981190 0.008903120 0.010537640 0.021181120 0.022202040 0.022447560 0.009189800 0.024248550 0.020000990 0.018810530 0.018078680 0.005020500 0.011107630 0.007091020 0.007477810 0.019506750 0.007387300 0.008414860 0.008001680 0.008572160 0.003875050 0.005121930 0.001865160 0.006100640 0.000000000 0.003271480 0.003468880 0.004073100 0.005909580 0.002441800 0.003584990 0.001608600 0.012134200 0.007233220 0.015396460 0.027126390 0.014815210 0.017156980 0.015472430 0.031608340 0.016154270 0.018435060 0.016603620 0.015264990 0.017175800 0.002378520 0.019030860 0.012735290 0.012079950 0.014421440 0.031120030 
49     0.014494150 0.024844930 0.024915320 0.024213600 0.023274260 0.025779050 0.010466990 0.026929660 0.022682100 0.022142020 0.021410170 0.006297690 0.013788740 0.008368210 0.008755000 0.018318210 0.008664490 0.009692050 0.010565450 0.012066230 0.005152240 0.006399120 0.004639890 0.007851150 0.003271480 0.000000000 0.005017020 0.003069270 0.000169820 0.007557730 0.004259850 0.003912190 0.013411390 0.008510410 0.016673650 0.028731610 0.016092400 0.018434170 0.016749620 0.032885530 0.017431460 0.019712250 0.019284730 0.017946100 0.019856910 0.017552220 0.021711970 0.015416400 0.014761060 0.017102550 0.030662070 
19     0.030339520 0.028513290 0.028583680 0.031091360 0.028578750 0.033561340 0.022563930 0.028937500 0.024689940 0.029924310 0.029192460 0.017465350 0.015796580 0.014995100 0.015737220 0.024195700 0.014761530 0.015452400 0.014233810 0.015734590 0.012316860 0.011469290 0.010277190 0.010785890 0.003468880 0.005017020 0.000000000 0.000611020 0.006999300 0.005910680 0.001054490 0.001798800 0.034548210 0.042706620 0.045296650 0.031815340 0.041590430 0.038882490 0.038742150 0.038662080 0.041816530 0.044286520 0.021292570 0.019953940 0.021864750 0.019560060 0.023719810 0.017424240 0.016768900 0.019110390 0.035808980 
50     0.024428470 0.026594820 0.026665210 0.026251560 0.025312220 0.027841910 0.010675650 0.027487850 0.023240290 0.024204880 0.023473030 0.006506350 0.014346930 0.008576870 0.008963660 0.020356170 0.008873150 0.009900710 0.012315340 0.013816120 0.005360900 0.006607780 0.004848550 0.009339940 0.004073100 0.003069270 0.000611020 0.000000000 0.000020410 0.005192360 0.001658710 0.002403020 0.013620050 0.008719070 0.016882310 0.030365690 0.016301060 0.018642830 0.016958280 0.033094190 0.017640120 0.019920910 0.019842920 0.018504290 0.020415100 0.018110410 0.022270160 0.015974590 0.015319250 0.017660740 0.032700030 
32     0.024280110 0.027483030 0.026853060 0.026426680 0.025520060 0.027693120 0.012564950 0.027034430 0.022786870 0.024056090 0.023324240 0.008395650 0.013893510 0.010466170 0.010852960 0.020564010 0.010762450 0.011790010 0.013203550 0.014704330 0.007250200 0.008497080 0.006737850 0.008886520 0.005909580 0.000169820 0.006999300 0.000020410 0.000000000 0.004575860 0.007866380 0.008035370 0.015509350 0.010608370 0.018771610 0.029912270 0.018190360 0.020532130 0.018847580 0.034983490 0.019529420 0.021810210 0.019389500 0.018050870 0.019961680 0.017656990 0.021816740 0.015521170 0.014865830 0.017207320 0.032907870 
29     0.014025140 0.028293890 0.027624350 0.027412660 0.026473320 0.032980330 0.021432150 0.027805720 0.023558160 0.031219490 0.029370250 0.016333570 0.014664800 0.013863320 0.014605440 0.021517270 0.013629750 0.014320620 0.014078880 0.009511670 0.006604930 0.007346960 0.006408690 0.009573240 0.002441800 0.007557730 0.005910680 0.005192360 0.004575860 0.000000000 0.001683680 0.006278640 0.029779470 0.036453130 0.044164870 0.030683560 0.036964160 0.034113750 0.033973410 0.036909820 0.037047790 0.039517780 0.020160790 0.018822160 0.020732970 0.017001560 0.022588030 0.016292460 0.015637120 0.017978610 0.033861130 
34     0.024441820 0.025869750 0.025863400 0.022402400 0.023423320 0.023668840 0.013877460 0.026044770 0.021797210 0.020031810 0.019299960 0.014572620 0.012903850 0.012102370 0.012844490 0.021302970 0.011868800 0.012559670 0.012187190 0.013560560 0.009424130 0.008576560 0.007384460 0.007043230 0.003584990 0.004259850 0.001054490 0.001658710 0.007866380 0.001683680 0.000000000 0.002479430 0.030624810 0.034934670 0.042403920 0.028922610 0.037809500 0.031657630 0.034818750 0.035769350 0.037407340 0.040363120 0.018399840 0.017061210 0.018972020 0.016667330 0.020827080 0.014531510 0.013876170 0.016217660 0.032916250 
39     0.008633720 0.025691740 0.025854540 0.022224390 0.023245310 0.023490830 0.010783410 0.026272220 0.022024660 0.019853800 0.019121950 0.006614110 0.013131300 0.008684630 0.009071420 0.019336630 0.008980910 0.010008470 0.011504670 0.013005450 0.005468660 0.006715540 0.004926970 0.006865220 0.001608600 0.003912190 0.001798800 0.002403020 0.008035370 0.006278640 0.002479430 0.000000000 0.013727810 0.008826830 0.016990070 0.029150060 0.016408820 0.018750590 0.017066040 0.033201950 0.017747880 0.020028670 0.018627290 0.017288660 0.019199470 0.016894780 0.021054530 0.014758960 0.014103620 0.016445110 0.031680490 
30     0.038573820 0.036596760 0.035772570 0.033216730 0.032277390 0.037800840 0.015606140 0.043228770 0.036991210 0.035067890 0.034336040 0.011436840 0.031802060 0.013507360 0.013894150 0.033379080 0.013803640 0.014831200 0.020866870 0.029498300 0.011526470 0.012773350 0.012273420 0.017252640 0.012134200 0.013411390 0.034548210 0.013620050 0.015509350 0.029779470 0.030624810 0.013727810 0.000000000 0.005180820 0.013999320 0.007004270 0.012124010 0.004938220 0.014528440 0.012509070 0.015799930 0.018080720 0.040151170 0.033791050 0.034227890 0.036124980 0.030657250 0.026965520 0.025795510 0.025644270 0.039665200 
15     0.039815460 0.034696880 0.039410550 0.033929820 0.038796960 0.039042480 0.010705160 0.038327790 0.032090230 0.036309530 0.035577680 0.006535860 0.028252660 0.008606380 0.008993170 0.031579190 0.008902660 0.009930220 0.026778890 0.032303960 0.006625490 0.007872370 0.007372440 0.012351660 0.007233220 0.008510410 0.042706620 0.008719070 0.010608370 0.036453130 0.034934670 0.008826830 0.005180820 0.000000000 0.002237270 0.003897090 0.009559890 0.011901660 0.010217110 0.008694590 0.010898950 0.013179740 0.035250190 0.028890070 0.029326910 0.034419020 0.030653320 0.026117350 0.026090900 0.025968890 0.049679700 
35     0.045336120 0.046764050 0.047865730 0.043296700 0.044317620 0.044563140 0.018868400 0.043410630 0.040253470 0.041830190 0.041098340 0.014699100 0.036415900 0.016769620 0.017156410 0.039742430 0.017065900 0.018093460 0.034942130 0.037824620 0.014788730 0.016035610 0.015535680 0.020514900 0.015396460 0.016673650 0.045296650 0.016882310 0.018771610 0.044164870 0.042403920 0.016990070 0.013999320 0.002237270 0.000000000 0.012608140 0.013237780 0.004302360 0.012328800 0.010309430 0.017590660 0.012995110 0.041079260 0.037053310 0.037490150 0.039346750 0.031667260 0.034280590 0.030804990 0.032395500 0.054412330 
38     0.027508200 0.034604870 0.037729050 0.033160020 0.034180940 0.034426460 0.025539160 0.029053090 0.035019370 0.031693510 0.030961660 0.026166040 0.028383860 0.027582380 0.028324500 0.035530280 0.027348810 0.026282160 0.023018070 0.027687940 0.030240620 0.029393050 0.029434050 0.029942750 0.027126390 0.028731610 0.031815340 0.030365690 0.029912270 0.030683560 0.028922610 0.029150060 0.007004270 0.003897090 0.012608140 0.000000000 0.005765300 0.006176880 0.008170790 0.009130620 0.008170460 0.014886530 0.027597950 0.010115130 0.028170130 0.025865440 0.030025190 0.023729620 0.023074280 0.025415770 0.006500280 
25     0.046536680 0.040478610 0.042957260 0.039711550 0.039462080 0.046149000 0.018287150 0.044588040 0.039672220 0.043590420 0.042858570 0.014117850 0.035834650 0.016188370 0.016575160 0.039161180 0.016484650 0.017512210 0.028051560 0.036682990 0.014207480 0.015454360 0.014954430 0.019933650 0.014815210 0.016092400 0.041590430 0.016301060 0.018190360 0.036964160 0.037809500 0.016408820 0.012124010 0.009559890 0.013237780 0.005765300 0.000000000 0.004857810 0.004182260 0.006541150 0.005108100 0.007388890 0.037373040 0.036034410 0.036908900 0.035640530 0.037841940 0.033504710 0.032849370 0.032828960 0.046849890 
22     0.041184550 0.034187270 0.038900940 0.033420210 0.036611670 0.040411570 0.020628920 0.043232580 0.040641170 0.037678620 0.036946770 0.016459620 0.036136340 0.018530140 0.018916930 0.037713360 0.018826420 0.019853980 0.025201150 0.033673050 0.016549250 0.017796130 0.017296200 0.022275420 0.017156980 0.018434170 0.038882490 0.018642830 0.020532130 0.034113750 0.031657630 0.018750590 0.004938220 0.011901660 0.004302360 0.006176880 0.004857810 0.000000000 0.004742730 0.007828880 0.007419310 0.009078480 0.039077010 0.037738380 0.039250670 0.036365510 0.034991530 0.031299800 0.030129790 0.029978550 0.043999480 
33     0.037460500 0.030305480 0.035019150 0.029538420 0.036471330 0.038298030 0.018944370 0.039350790 0.036759380 0.035532050 0.034833230 0.014775070 0.035996000 0.016845590 0.017232380 0.037573020 0.017141870 0.018169430 0.025060810 0.031559510 0.014864700 0.016111580 0.015611650 0.020590870 0.015472430 0.016749620 0.038742150 0.016958280 0.018847580 0.033973410 0.034818750 0.017066040 0.014528440 0.010217110 0.012328800 0.008170790 0.004182260 0.004742730 0.000000000 0.000713080 0.003400670 0.004711280 0.036464060 0.035125430 0.037036240 0.034731550 0.034851190 0.031159460 0.029989450 0.029838210 0.043859140 
46     0.041777030 0.041283530 0.042902920 0.039737610 0.039407740 0.041004050 0.032116750 0.048147700 0.043900140 0.034719130 0.037539250 0.030910980 0.035230600 0.032981500 0.033368290 0.040509430 0.033277780 0.034305340 0.027997220 0.034265530 0.031000610 0.032247490 0.031747560 0.036726780 0.031608340 0.032885530 0.038662080 0.033094190 0.034983490 0.036909820 0.035769350 0.033201950 0.012509070 0.008694590 0.010309430 0.009130620 0.006541150 0.007828880 0.000713080 0.000000000 0.002497710 0.000616900 0.034444690 0.033106060 0.035016870 0.032712180 0.036871930 0.030576360 0.029921020 0.032262510 0.046795550 
23     0.039070680 0.040498610 0.041600290 0.037031260 0.038052180 0.038297700 0.019626210 0.046054430 0.041011280 0.023899200 0.032435510 0.015456910 0.037173710 0.017527430 0.017914220 0.040500240 0.017823710 0.018851270 0.028135190 0.031559180 0.015546540 0.016793420 0.016293490 0.021272710 0.016154270 0.017431460 0.041816530 0.017640120 0.019529420 0.037047790 0.037407340 0.017747880 0.015799930 0.010898950 0.017590660 0.008170460 0.005108100 0.007419310 0.003400670 0.002497710 0.000000000 0.000427640 0.041341960 0.037811120 0.038247960 0.038861550 0.037427660 0.034233840 0.033063830 0.032912590 0.046933520 
40     0.041363800 0.043938180 0.045510880 0.042955040 0.042015700 0.045814360 0.021907000 0.047547460 0.043292070 0.043081410 0.042349560 0.017737700 0.037287220 0.019808220 0.020195010 0.040293760 0.020104500 0.021132060 0.030605180 0.039075840 0.017827330 0.019074210 0.018574280 0.023553500 0.018435060 0.019712250 0.044286520 0.019920910 0.021810210 0.039517780 0.040363120 0.020028670 0.018080720 0.013179740 0.012995110 0.014886530 0.007388890 0.009078480 0.004711280 0.000616900 0.000427640 0.000000000 0.041367640 0.040029010 0.040528750 0.039300600 0.032355330 0.036703830 0.031493060 0.033083570 0.049403510 
21     0.032448020 0.031266360 0.030596820 0.030516040 0.031518780 0.031782480 0.021527660 0.030778190 0.026530630 0.029049530 0.028317680 0.013545970 0.017861090 0.017059610 0.017801730 0.026260210 0.016826040 0.017516910 0.023670590 0.025043960 0.019717850 0.018870280 0.018911280 0.019419980 0.016603620 0.019284730 0.021292570 0.019842920 0.019389500 0.020160790 0.018399840 0.018627290 0.040151170 0.035250190 0.041079260 0.027597950 0.037373040 0.039077010 0.036464060 0.034444690 0.041341960 0.041367640 0.000000000 0.000229340 0.004703360 0.009515350 0.011140300 0.009996190 0.009340850 0.009889080 0.037143400 
45     0.031109390 0.029927730 0.029258190 0.029741050 0.030761970 0.031007490 0.019839310 0.029439560 0.025192000 0.028274540 0.027542690 0.011857620 0.016522460 0.015720980 0.016463100 0.024921580 0.015487410 0.016178280 0.022730740 0.024268970 0.018379220 0.017531650 0.017572650 0.018081350 0.015264990 0.017946100 0.019953940 0.018504290 0.018050870 0.018822160 0.017061210 0.017288660 0.033791050 0.028890070 0.037053310 0.010115130 0.036034410 0.037738380 0.035125430 0.033106060 0.037811120 0.040029010 0.000229340 0.000000000 0.003683480 0.002116480 0.009729650 0.005193680 0.005167230 0.005045220 0.036311040 
28     0.031482440 0.031838540 0.031169000 0.029443020 0.030463940 0.030709460 0.021822160 0.031350370 0.027102810 0.027976510 0.027244660 0.019878220 0.018433270 0.017631790 0.018373910 0.026832390 0.017398220 0.018089090 0.022597570 0.023970940 0.020290030 0.019442460 0.019483460 0.019992160 0.017175800 0.019856910 0.021864750 0.020415100 0.019961680 0.020732970 0.018972020 0.019199470 0.034227890 0.029326910 0.037490150 0.028170130 0.036908900 0.039250670 0.037036240 0.035016870 0.038247960 0.040528750 0.004703360 0.003683480 0.000000000 0.005977940 0.010067280 0.005630520 0.005604070 0.005482060 0.036919550 
47     0.030075050 0.029533850 0.028864310 0.028035630 0.029056550 0.029302070 0.020414770 0.029045680 0.024798120 0.026569120 0.025837270 0.017573530 0.016128580 0.015327100 0.016069220 0.024527700 0.015093530 0.015784400 0.017712120 0.012329030 0.013911090 0.014653120 0.014174570 0.017687470 0.002378520 0.017552220 0.019560060 0.018110410 0.017656990 0.017001560 0.016667330 0.016894780 0.036124980 0.034419020 0.039346750 0.025865440 0.035640530 0.036365510 0.034731550 0.032712180 0.038861550 0.039300600 0.009515350 0.002116480 0.005977940 0.000000000 0.008659890 0.007542250 0.007608340 0.009012720 0.035917160 
48     0.031100140 0.032528070 0.033024060 0.029060720 0.030081640 0.030327160 0.021439860 0.019775710 0.025741990 0.027594210 0.026862360 0.021733280 0.020288330 0.019486850 0.020228970 0.028687450 0.019253280 0.019944150 0.022215270 0.019601420 0.021183480 0.021297520 0.021338520 0.021847220 0.019030860 0.021711970 0.023719810 0.022270160 0.021816740 0.022588030 0.020827080 0.021054530 0.030657250 0.030653320 0.031667260 0.030025190 0.037841940 0.034991530 0.034851190 0.036871930 0.037427660 0.032355330 0.011140300 0.009729650 0.010067280 0.008659890 0.000000000 0.004961530 0.000463450 0.004773930 0.040076910 
42     0.028471140 0.027398030 0.026728490 0.026431720 0.027452640 0.027698160 0.018810860 0.026909860 0.022662300 0.024965210 0.024233360 0.015437710 0.013992760 0.013191280 0.013933400 0.022391880 0.012957710 0.013648580 0.018881150 0.020959640 0.015849520 0.015001950 0.015042950 0.015551650 0.012735290 0.015416400 0.017424240 0.015974590 0.015521170 0.016292460 0.014531510 0.014758960 0.026965520 0.026117350 0.034280590 0.023729620 0.033504710 0.031299800 0.031159460 0.030576360 0.034233840 0.036703830 0.009996190 0.005193680 0.005630520 0.007542250 0.004961530 0.000000000 0.000026930 0.000277100 0.033781340 
20     0.027924350 0.026742690 0.026073150 0.026642410 0.027663330 0.027908850 0.019021550 0.026254520 0.022006960 0.025175900 0.024444050 0.014782370 0.013337420 0.012535940 0.013278060 0.021736540 0.012302370 0.012993240 0.017711140 0.021170330 0.015194180 0.014346610 0.014387610 0.014896310 0.012079950 0.014761060 0.016768900 0.015319250 0.014865830 0.015637120 0.013876170 0.014103620 0.025795510 0.026090900 0.030804990 0.023074280 0.032849370 0.030129790 0.029989450 0.029921020 0.033063830 0.031493060 0.009340850 0.005167230 0.005604070 0.007608340 0.000463450 0.000026930 0.000000000 0.000250650 0.033126000 
18     0.030265840 0.029084180 0.028414640 0.029413550 0.028970420 0.030679990 0.021792690 0.028596010 0.024348450 0.027947040 0.027215190 0.017123860 0.015678910 0.014877430 0.015619550 0.024078030 0.014643860 0.015334730 0.017559900 0.023941470 0.017535670 0.016688100 0.016729100 0.017237800 0.014421440 0.017102550 0.019110390 0.017660740 0.017207320 0.017978610 0.016217660 0.016445110 0.025644270 0.025968890 0.032395500 0.025415770 0.032828960 0.029978550 0.029838210 0.032262510 0.032912590 0.033083570 0.009889080 0.005045220 0.005482060 0.009012720 0.004773930 0.000277100 0.000250650 0.000000000 0.035467490 
0     0.037022210 0.035840550 0.035171010 0.033212770 0.032273430 0.039921940 0.028978810 0.035352380 0.031104820 0.038766150 0.036916910 0.023880230 0.032377500 0.031576020 0.032318140 0.037460740 0.031001000 0.031893120 0.025033030 0.033664460 0.034234260 0.033386690 0.033427690 0.033936390 0.031120030 0.030662070 0.035808980 0.032700030 0.032907870 0.033861130 0.032916250 0.031680490 0.039665200 0.049679700 0.054412330 0.006500280 0.046849890 0.043999480 0.043859140 0.046795550 0.046933520 0.049403510 0.037143400 0.036311040 0.036919550 0.035917160 0.040076910 0.033781340 0.033126000 0.035467490 0.000000000 
