51
2     0.000000000 0.348734006 0.351017687 0.354615257 0.369983197 0.777568661 0.664744213 0.781367126 0.790320347 0.964882743 0.963661005 0.790152579 0.835876104 0.820390870 0.830990760 0.897737607 0.753012763 0.784534613 0.833779561 0.868520023 1.044278710 1.048159258 0.783313989 0.792360416 0.744154579 0.760118842 0.884711795 0.809170312 0.806830358 0.800918261 0.814892116 0.742435354 1.122377609 1.246644771 1.389612796 1.028929843 1.140478155 1.089652102 1.147953548 1.160139827 1.215970258 1.214022834 0.912726763 0.909310418 0.957717725 1.150420128 1.000583676 0.943884089 0.929114223 0.934643384 1.479036696 
8     0.348734006 0.000000000 0.050426279 0.258609040 0.274170071 0.682192070 0.567143492 0.683779944 0.692648384 0.867113807 0.865892069 0.693352768 0.738791450 0.723306216 0.733901563 0.800648410 0.655911877 0.687465100 0.736924592 0.771665054 0.947423741 0.951304289 0.686411948 0.695458374 0.647114110 0.663216801 0.787809753 0.712268270 0.709928317 0.704016219 0.717990074 0.645717980 1.026381207 1.150648369 1.293616394 0.932987826 1.044354299 0.993528246 1.051889469 1.064075748 1.119846402 1.117898978 0.815946655 0.812530311 0.860956005 1.053950002 0.904113550 0.847413963 0.832644097 0.838173257 1.382210030 
9     0.351017687 0.050426279 0.000000000 0.261371752 0.276932783 0.684675987 0.569443504 0.686138602 0.695007226 0.869472465 0.868250727 0.695711426 0.741150108 0.725664874 0.736260221 0.803007068 0.658270535 0.689823758 0.739283250 0.774023712 0.949782399 0.953662947 0.688770606 0.697817032 0.649472768 0.665575458 0.790168411 0.714626928 0.712286974 0.706374877 0.720348732 0.648076638 1.028739865 1.153007027 1.295975052 0.935346484 1.046712957 0.995886904 1.054248127 1.066434406 1.122205060 1.120257636 0.818305313 0.814888968 0.863314663 1.056308660 0.906472208 0.849772621 0.835002755 0.840531915 1.384568688 
11     0.354615257 0.258609040 0.261371752 0.000000000 0.086723771 0.674341033 0.564214611 0.680201397 0.689127146 0.863247869 0.862026131 0.685810191 0.732243008 0.716757774 0.727416713 0.794163560 0.649379667 0.680753770 0.730707933 0.765448396 0.941165744 0.945046293 0.679883127 0.688929553 0.640977256 0.656825206 0.781358009 0.705816526 0.703476573 0.697469426 0.711477408 0.639132135 1.018598812 1.142865975 1.285834000 0.925205432 1.036571905 0.985745852 1.044132105 1.056318384 1.112064008 1.110116583 0.808302646 0.804886301 0.853311996 1.046305993 0.896469541 0.839769954 0.825000088 0.830529248 1.376057153 
1     0.369983197 0.274170071 0.276932783 0.086723771 0.000000000 0.689321875 0.579591050 0.695577836 0.704503584 0.878664935 0.877443197 0.701094857 0.747149324 0.731664091 0.742323030 0.809069876 0.664285984 0.695678631 0.745614250 0.780354712 0.956072061 0.959952609 0.694789443 0.703835869 0.655883573 0.671731523 0.796264326 0.720722843 0.718382889 0.712375743 0.726383724 0.654038452 1.033505129 1.157772291 1.300740316 0.940111748 1.051478221 1.000652168 1.059038422 1.071224701 1.126970324 1.125022900 0.823208963 0.819792618 0.868218313 1.061212309 0.911375857 0.854676270 0.839906404 0.845435565 1.390296465 
12     0.777568661 0.682192070 0.684675987 0.674341033 0.689321875 0.000000000 0.849956486 0.966882563 0.975826475 1.150481631 1.149259894 0.972824913 1.019973758 1.002740496 1.015506846 1.082066668 0.937528849 0.968965246 1.018769640 1.053510103 1.229186314 1.233066862 0.967964844 0.977011270 0.928852348 0.944783174 1.069376126 0.993834643 0.991494690 0.985582592 0.999556448 0.926297421 1.306095219 1.430362382 1.573330407 1.212701839 1.324068312 1.273242259 1.331750855 1.343937134 1.399560415 1.397612990 1.095852000 1.092435655 1.140879488 1.333873485 1.184050928 1.127351341 1.112581476 1.117823701 1.664398218 
10     0.664744213 0.567143492 0.569443504 0.564214611 0.579591050 0.849956486 0.000000000 0.435092675 0.443332170 0.615747142 0.614389204 0.688234061 0.732964230 0.716678353 0.727879641 0.794626488 0.648887905 0.680519921 0.731291699 0.766032162 0.941555726 0.945436274 0.680806126 0.689852552 0.641462128 0.657562515 0.782155467 0.706613984 0.704274031 0.698361933 0.712335789 0.640525238 1.023709636 1.147976798 1.290944823 0.930282283 1.041682728 0.990780173 1.049657861 1.061844140 1.117174831 1.115227407 0.815866689 0.812450344 0.860716477 1.053710473 0.902804100 0.847044701 0.832274836 0.837874503 1.377181406 
4     0.781367126 0.683779944 0.686138602 0.680201397 0.695577836 0.966882563 0.435092675 0.000000000 0.129474704 0.651885252 0.651737349 0.802252469 0.846413546 0.830500627 0.841478520 0.908225367 0.762621353 0.794253369 0.844867599 0.879608062 1.055300192 1.059180741 0.794496902 0.803543328 0.754703844 0.771253290 0.895846243 0.820304760 0.817964806 0.812052709 0.826026564 0.754229052 1.137253209 1.261520372 1.404488397 1.043825857 1.155226302 1.104363355 1.163201435 1.175387714 1.230718405 1.228770980 0.929334863 0.925918519 0.974184651 1.167178648 1.016786716 0.960512875 0.945743010 0.951342677 1.488379793 
7     0.790320347 0.692648384 0.695007226 0.689127146 0.704503584 0.975826475 0.443332170 0.129474704 0.000000000 0.660859008 0.660711104 0.811222280 0.855383356 0.839470438 0.850448331 0.917195178 0.771591164 0.803223180 0.853837410 0.888577872 1.064270003 1.068150552 0.803466712 0.812513139 0.763470600 0.780223101 0.904816053 0.829274570 0.826934617 0.821022519 0.834996375 0.763198862 1.146223020 1.270490183 1.413458207 1.052795667 1.164196113 1.113333165 1.172171245 1.184357525 1.239688215 1.237740791 0.938304674 0.934888329 0.983154462 1.176148458 1.025756526 0.969482686 0.954712820 0.960312488 1.497349604 
5     0.964882743 0.867113807 0.869472465 0.863247869 0.878664935 1.150481631 0.615747142 0.651885252 0.660859008 0.000000000 0.144143725 0.985972151 1.031029183 1.014968104 1.025649581 1.092541545 0.946317391 0.977936521 1.028794556 1.063469312 1.239695787 1.243576336 0.979135636 0.988182062 0.939655548 0.955892024 1.080484977 1.004943494 1.002603540 0.996691443 1.010665298 0.938815404 1.322000902 1.446268064 1.589236089 1.228563586 1.339963207 1.289095100 1.347905355 1.360091634 1.415405858 1.413474900 1.114347021 1.110930677 1.159196809 1.352190806 1.201798874 1.145525033 1.130755168 1.136354835 1.675490239 
3     0.963661005 0.865892069 0.868250727 0.862026131 0.877443197 1.149259894 0.614389204 0.651737349 0.660711104 0.144143725 0.000000000 0.984750414 1.029807445 1.013746367 1.024427843 1.091319807 0.945095654 0.976714783 1.027572818 1.062247575 1.238474050 1.242354598 0.977913898 0.986960325 0.938433811 0.954670287 1.079263239 1.003721756 1.001381803 0.995469705 1.009443561 0.937593667 1.320779164 1.445046327 1.588014351 1.227341848 1.338741469 1.287873362 1.346683617 1.358869896 1.414184121 1.412253163 1.113125284 1.109708939 1.157975071 1.350969068 1.200577136 1.144303296 1.129533430 1.135133097 1.674268502 
6     0.790152579 0.693352768 0.695711426 0.685810191 0.701094857 0.972824913 0.688234061 0.802252469 0.811222280 0.985972151 0.984750414 0.000000000 0.708083752 0.692332607 0.703105198 0.769852044 0.624965461 0.656690221 0.703746203 0.738486666 0.915479525 0.919360073 0.654077281 0.663123707 0.615561823 0.631210304 0.755803257 0.680261774 0.677921820 0.672009723 0.685983578 0.614590636 0.994694194 1.118961357 1.261080103 0.901500738 1.012903848 0.962082635 1.020982381 1.033168660 1.088359314 1.086411890 0.789712879 0.786296534 0.834175554 1.027217504 0.877040667 0.820440051 0.805670186 0.811314669 1.352911216 
13     0.835876104 0.738791450 0.741150108 0.732243008 0.747149324 1.019973758 0.732964230 0.846413546 0.855383356 1.031029183 1.029807445 0.708083752 0.000000000 0.113070017 0.299618879 0.367647545 0.237176826 0.270905426 0.561018100 0.595758562 0.775209392 0.779089940 0.514241913 0.523288339 0.474704537 0.491137023 0.614204556 0.539884659 0.537544706 0.531585757 0.545559613 0.474287637 0.958758161 1.083586437 1.226915532 0.866170188 0.977605453 0.926580811 0.985678926 0.997865205 1.053073205 1.051125781 0.748398363 0.745467357 0.793151448 0.985792212 0.836017362 0.779256589 0.764486723 0.770000598 1.351074904 
26     0.820390870 0.723306216 0.725664874 0.716757774 0.731664091 1.002740496 0.716678353 0.830500627 0.839470438 1.014968104 1.013746367 0.692332607 0.113070017 0.000000000 0.285021026 0.353217725 0.223461904 0.256595154 0.545945398 0.580685860 0.760136690 0.764017238 0.499169211 0.508215637 0.459690242 0.476101637 0.599103234 0.524811957 0.522472004 0.516513056 0.530486911 0.459214935 0.942837282 1.067665558 1.211111474 0.850366130 0.961801395 0.910776753 0.969874868 0.982061147 1.037269148 1.035321723 0.732085583 0.729154577 0.776974400 0.968506342 0.819840314 0.763079540 0.748309675 0.753823550 1.335651305 
43     0.830990760 0.733901563 0.736260221 0.727416713 0.742323030 1.015506846 0.727879641 0.841478520 0.850448331 1.025649581 1.024427843 0.703105198 0.299618879 0.285021026 0.000000000 0.216599353 0.231876143 0.265227499 0.556392844 0.591133306 0.770691211 0.774571759 0.509594162 0.518640588 0.470074272 0.486554754 0.610254861 0.535236908 0.532896955 0.526938006 0.540911862 0.469639886 0.953258260 1.078362105 1.221842269 0.861092037 0.972572880 0.921485711 0.980646353 0.992882629 1.048040632 1.046093208 0.743548498 0.740673497 0.788357588 0.980998351 0.831223502 0.774462728 0.759692863 0.765206738 1.346251643 
17     0.897737607 0.800648410 0.803007068 0.794163560 0.809069876 1.082066668 0.794626488 0.908225367 0.917195178 1.092541545 1.091319807 0.769852044 0.367647545 0.353217725 0.216599353 0.000000000 0.299611250 0.332352012 0.623474968 0.658215431 0.837773335 0.841653884 0.576676286 0.585722712 0.537156397 0.553636879 0.677336986 0.602319033 0.599979079 0.594020131 0.607993987 0.536722011 1.017393700 1.142834330 1.286456343 0.925628596 1.037186954 0.986099785 1.045260427 1.057496703 1.112654706 1.110707282 0.810018587 0.807302816 0.854986907 1.047627670 0.897852821 0.841092047 0.826322182 0.831836056 1.411191766 
16     0.753012763 0.655911877 0.658270535 0.649379667 0.664285984 0.937528849 0.648887905 0.762621353 0.771591164 0.946317391 0.945095654 0.624965461 0.237176826 0.223461904 0.231876143 0.299611250 0.000000000 0.128661156 0.478556499 0.513296961 0.692830387 0.696710936 0.431741364 0.440787790 0.392255375 0.408701941 0.532444392 0.457384110 0.455044157 0.449085208 0.463059064 0.391787088 0.876117889 1.000893681 1.144339597 0.783600550 0.895029518 0.843989702 0.903102991 0.915289270 0.970497271 0.968549846 0.665817499 0.662860364 0.710544455 0.903126378 0.753410369 0.696649595 0.681879730 0.687393605 1.268224322 
27     0.784534613 0.687465100 0.689823758 0.680753770 0.695678631 0.968965246 0.680519921 0.794253369 0.803223180 0.977936521 0.976714783 0.656690221 0.270905426 0.256595154 0.265227499 0.332352012 0.128661156 0.000000000 0.510495809 0.545236271 0.724932786 0.728813334 0.463843762 0.472890189 0.424357774 0.440804671 0.564561843 0.489486509 0.487146555 0.481187607 0.495161463 0.423889487 0.907935743 1.032711536 1.176157452 0.815408561 0.926847372 0.875726451 0.934920845 0.947107125 1.002315125 1.000367701 0.697747774 0.694790638 0.742474729 0.935105827 0.785340643 0.728579869 0.713810004 0.719323879 1.300635531 
37     0.833779561 0.736924592 0.739283250 0.730707933 0.745614250 1.018769640 0.731291699 0.844867599 0.853837410 1.028794556 1.027572818 0.703746203 0.561018100 0.545945398 0.556392844 0.623474968 0.478556499 0.510495809 0.000000000 0.132898991 0.666850380 0.670220187 0.408321064 0.417410213 0.368990183 0.384844002 0.510178947 0.432650402 0.430319876 0.425196458 0.439104175 0.367474264 0.952108612 1.076325958 1.219380218 0.858522356 0.969801144 0.919346274 0.978326258 0.990512537 1.045731254 1.043783830 0.745362528 0.741958131 0.789641454 0.982418742 0.832738791 0.775973632 0.761203767 0.766220236 1.349279832 
41     0.868520023 0.771665054 0.774023712 0.765448396 0.780354712 1.053510103 0.766032162 0.879608062 0.888577872 1.063469312 1.062247575 0.738486666 0.595758562 0.580685860 0.591133306 0.658215431 0.513296961 0.545236271 0.132898991 0.000000000 0.701756240 0.705047204 0.443043619 0.452132768 0.403711512 0.419566557 0.544901502 0.467455878 0.465125352 0.459919013 0.473826730 0.402196819 0.986849075 1.111066421 1.254120681 0.893262819 1.004680931 0.954086737 1.013066721 1.025253000 1.080471717 1.078524293 0.780102990 0.776698594 0.824381916 1.017159204 0.867479253 0.810714095 0.795944229 0.800884911 1.384020294 
36     1.044278710 0.947423741 0.949782399 0.941165744 0.956072061 1.229186314 0.941555726 1.055300192 1.064270003 1.239695787 1.238474050 0.915479525 0.775209392 0.760136690 0.770691211 0.837773335 0.692830387 0.724932786 0.666850380 0.701756240 0.000000000 0.186155082 0.557405616 0.566163360 0.518253202 0.532276986 0.657586523 0.581312433 0.578855801 0.572981366 0.587273221 0.516130862 1.165197641 1.289414396 1.432640440 1.067819426 1.182964579 1.132527374 1.191377065 1.203563344 1.258819693 1.256872268 0.955817652 0.952413256 1.000096578 1.192107621 1.043265813 0.986500655 0.971730789 0.977188784 1.561260251 
31     1.048159258 0.951304289 0.953662947 0.945046293 0.959952609 1.233066862 0.945436274 1.059180741 1.068150552 1.243576336 1.242354598 0.919360073 0.779089940 0.764017238 0.774571759 0.841653884 0.696710936 0.728813334 0.670220187 0.705047204 0.186155082 0.000000000 0.561413009 0.570170753 0.522158141 0.536282632 0.661592169 0.585318080 0.582861447 0.576884557 0.591176413 0.520136508 1.169078190 1.293294945 1.436520989 1.071929461 1.186845128 1.136407922 1.195257613 1.207443892 1.262700241 1.260752817 0.959698200 0.956293804 1.003977126 1.195988169 1.047146361 0.990381203 0.975611338 0.981069332 1.565140799 
24     0.783313989 0.686411948 0.688770606 0.679883127 0.694789443 0.967964844 0.680806126 0.794496902 0.803466712 0.979135636 0.977913898 0.654077281 0.514241913 0.499169211 0.509594162 0.576676286 0.431741364 0.463843762 0.408321064 0.443043619 0.557405616 0.561413009 0.000000000 0.072381073 0.190369979 0.232015205 0.357041340 0.279852297 0.277865499 0.274660776 0.288306390 0.214745785 0.904219224 1.028435979 1.171697482 0.810263324 0.922184434 0.871584415 0.930412238 0.942598517 0.997876734 0.995929310 0.694874479 0.691470083 0.739153405 0.931101410 0.782403552 0.725638394 0.710868528 0.716326523 1.300762425 
44     0.792360416 0.695458374 0.697817032 0.688929553 0.703835869 0.977011270 0.689852552 0.803543328 0.812513139 0.988182062 0.986960325 0.663123707 0.523288339 0.508215637 0.518640588 0.585722712 0.440787790 0.472890189 0.417410213 0.452132768 0.566163360 0.570170753 0.072381073 0.000000000 0.199240864 0.240415138 0.365576915 0.288197440 0.286218322 0.283586187 0.297714500 0.223653067 0.913265650 1.037482405 1.180743908 0.819309750 0.931230860 0.880630841 0.939458664 0.951644943 1.006923160 1.004975736 0.703920905 0.700516509 0.748199831 0.940150744 0.791449979 0.734684820 0.719914955 0.725372949 1.309808851 
14     0.744154579 0.647114110 0.649472768 0.640977256 0.655883573 0.928852348 0.641462128 0.754703844 0.763470600 0.939655548 0.938433811 0.615561823 0.474704537 0.459690242 0.470074272 0.537156397 0.392255375 0.424357774 0.368990183 0.403711512 0.518253202 0.522158141 0.190369979 0.199240864 0.000000000 0.195358872 0.321169104 0.244125260 0.242002442 0.237149215 0.250233942 0.176983628 0.864597506 0.988814261 1.132075764 0.770641606 0.882431998 0.831807742 0.890311635 0.902701747 0.957848637 0.955901213 0.655715220 0.652310824 0.699994146 0.891901097 0.743249033 0.686483874 0.671714009 0.677172003 1.261873360 
49     0.760118842 0.663216801 0.665575458 0.656825206 0.671731523 0.944783174 0.657562515 0.771253290 0.780223101 0.955892024 0.954670287 0.631210304 0.491137023 0.476101637 0.486554754 0.553636879 0.408701941 0.440804671 0.384844002 0.419566557 0.532276986 0.536282632 0.232015205 0.240415138 0.195358872 0.000000000 0.258042037 0.188235736 0.186356795 0.225898767 0.240601511 0.172021084 0.880785972 1.005002727 1.148275652 0.786856101 0.898762605 0.848162586 0.906987096 0.919173375 0.974454905 0.972507480 0.671579363 0.668174967 0.715858289 0.907854149 0.759102253 0.702337095 0.687567229 0.693025224 1.277644699 
19     0.884711795 0.787809753 0.790168411 0.781358009 0.796264326 1.069376126 0.782155467 0.895846243 0.904816053 1.080484977 1.079263239 0.755803257 0.614204556 0.599103234 0.610254861 0.677336986 0.532444392 0.564561843 0.510178947 0.544901502 0.657586523 0.661592169 0.357041340 0.365576915 0.321169104 0.258042037 0.000000000 0.314304678 0.311125409 0.351322885 0.365820142 0.297270120 1.005331001 1.129547755 1.272820681 0.911386523 1.023307633 0.972707614 1.031532124 1.043718403 1.098999933 1.097052509 0.795219183 0.791814786 0.839390935 1.031506649 0.882699569 0.826087334 0.811317469 0.816775463 1.402203400 
50     0.809170312 0.712268270 0.714626928 0.705816526 0.720722843 0.993834643 0.706613984 0.820304760 0.829274570 1.004943494 1.003721756 0.680261774 0.539884659 0.524811957 0.535236908 0.602319033 0.457384110 0.489486509 0.432650402 0.467455878 0.581312433 0.585318080 0.279852297 0.288197440 0.244125260 0.188235736 0.314304678 0.000000000 0.076223738 0.274660871 0.288723532 0.219725037 0.929847976 1.054064730 1.197337656 0.835903498 0.947824608 0.897224589 0.956049099 0.968235378 1.023516908 1.021569484 0.720520837 0.717116440 0.764799763 0.956718206 0.808043726 0.751278568 0.736508702 0.741966697 1.326540756 
32     0.806830358 0.709928317 0.712286974 0.703476573 0.718382889 0.991494690 0.704274031 0.817964806 0.826934617 1.002603540 1.001381803 0.677921820 0.537544706 0.522472004 0.532896955 0.599979079 0.455044157 0.487146555 0.430319876 0.465125352 0.578855801 0.582861447 0.277865499 0.286218322 0.242002442 0.186356795 0.311125409 0.076223738 0.000000000 0.272422060 0.286496463 0.217522509 0.927508022 1.051724777 1.194997702 0.833563544 0.945484655 0.894884636 0.953709146 0.965895425 1.021176954 1.019229530 0.718180883 0.714776487 0.762459809 0.954378253 0.805703773 0.748938614 0.734168749 0.739626743 1.324200802 
29     0.800918261 0.704016219 0.706374877 0.697469426 0.712375743 0.985582592 0.698361933 0.812052709 0.821022519 0.996691443 0.995469705 0.672009723 0.531585757 0.516513056 0.526938006 0.594020131 0.449085208 0.481187607 0.425196458 0.459919013 0.572981366 0.576884557 0.274660776 0.283586187 0.237149215 0.225898767 0.351322885 0.274660871 0.272422060 0.000000000 0.171748546 0.213406439 0.921537374 1.045754129 1.189003604 0.827592897 0.939489834 0.888887925 0.947708006 0.959894285 1.015175815 1.013228391 0.712228580 0.708824184 0.756507506 0.948509549 0.799757653 0.742992495 0.728222629 0.733680624 1.318288705 
34     0.814892116 0.717990074 0.720348732 0.711477408 0.726383724 0.999556448 0.712335789 0.826026564 0.834996375 1.010665298 1.009443561 0.685983578 0.545559613 0.530486911 0.540911862 0.607993987 0.463059064 0.495161463 0.439104175 0.473826730 0.587273221 0.591176413 0.288306390 0.297714500 0.250233942 0.240601511 0.365820142 0.288723532 0.286496463 0.171748546 0.000000000 0.226750718 0.935511230 1.059727985 1.202977460 0.841566752 0.953463689 0.902861781 0.961681862 0.973868141 1.029149671 1.027202246 0.726202436 0.722798039 0.770481362 0.962483404 0.813731509 0.756966351 0.742196485 0.747654479 1.332262560 
39     0.742435354 0.645717980 0.648076638 0.639132135 0.654038452 0.926297421 0.640525238 0.754229052 0.763198862 0.938815404 0.937593667 0.614590636 0.474287637 0.459214935 0.469639886 0.536722011 0.391787088 0.423889487 0.367474264 0.402196819 0.516130862 0.520136508 0.214745785 0.223653067 0.176983628 0.172021084 0.297270120 0.219725037 0.217522509 0.213406439 0.226750718 0.000000000 0.863376926 0.987596922 1.130814728 0.769439701 0.881360812 0.830760793 0.889585303 0.901771582 0.957053112 0.955105687 0.654833556 0.651429160 0.699112482 0.890929822 0.742358196 0.685593037 0.670823172 0.676281166 1.260853819 
30     1.122377609 1.026381207 1.028739865 1.018598812 1.033505129 1.306095219 1.023709636 1.137253209 1.146223020 1.322000902 1.320779164 0.994694194 0.958758161 0.942837282 0.953258260 1.017393700 0.876117889 0.907935743 0.952108612 0.986849075 1.165197641 1.169078190 0.904219224 0.913265650 0.864597506 0.880785972 1.005331001 0.929847976 0.927508022 0.921537374 0.935511230 0.863376926 0.000000000 0.415174899 0.654205819 0.427519205 0.530038805 0.480905781 0.546037455 0.557474665 0.607235791 0.605281602 0.910297123 0.906624807 0.954780516 1.147479932 0.997563965 0.940625877 0.925856011 0.931569817 1.636288234 
15     1.246644771 1.150648369 1.153007027 1.142865975 1.157772291 1.430362382 1.147976798 1.261520372 1.270490183 1.446268064 1.445046327 1.118961357 1.083586437 1.067665558 1.078362105 1.142834330 1.000893681 1.032711536 1.076325958 1.111066421 1.289414396 1.293294945 1.028435979 1.037482405 0.988814261 1.005002727 1.129547755 1.054064730 1.051724777 1.045754129 1.059727985 0.987596922 0.415174899 0.000000000 0.776647217 0.546100317 0.652593150 0.602462428 0.669117018 0.680882093 0.730134199 0.727774168 1.034084178 1.030411862 1.078567571 1.271266987 1.121351020 1.064412932 1.049643066 1.055356872 1.760504989 
35     1.389612796 1.293616394 1.295975052 1.285834000 1.300740316 1.573330407 1.290944823 1.404488397 1.413458207 1.589236089 1.588014351 1.261080103 1.226915532 1.211111474 1.221842269 1.286456343 1.144339597 1.176157452 1.219380218 1.254120681 1.432640440 1.436520989 1.171697482 1.180743908 1.132075764 1.148275652 1.272820681 1.197337656 1.194997702 1.189003604 1.202977460 1.130814728 0.654205819 0.776647217 0.000000000 0.678945350 0.789603002 0.740644905 0.805127943 0.816991564 0.870129486 0.868335438 1.176855407 1.173183091 1.221338800 1.414038216 1.264122248 1.207184161 1.192414295 1.198128101 1.903545017 
38     1.028929843 0.932987826 0.935346484 0.925205432 0.940111748 1.212701839 0.930282283 1.043825857 1.052795667 1.228563586 1.227341848 0.901500738 0.866170188 0.850366130 0.861092037 0.925628596 0.783600550 0.815408561 0.858522356 0.893262819 1.067819426 1.071929461 0.810263324 0.819309750 0.770641606 0.786856101 0.911386523 0.835903498 0.833563544 0.827592897 0.841566752 0.769439701 0.427519205 0.546100317 0.678945350 0.000000000 0.436401519 0.388246491 0.446184538 0.459010471 0.509400186 0.508160949 0.817431784 0.813691757 0.861915177 1.054540632 0.904698626 0.847760538 0.832990672 0.838704478 1.543081393 
25     1.140478155 1.044354299 1.046712957 1.036571905 1.051478221 1.324068312 1.041682728 1.155226302 1.164196113 1.339963207 1.338741469 1.012903848 0.977605453 0.961801395 0.972572880 1.037186954 0.895029518 0.926847372 0.969801144 1.004680931 1.182964579 1.186845128 0.922184434 0.931230860 0.882431998 0.898762605 1.023307633 0.947824608 0.945484655 0.939489834 0.953463689 0.881360812 0.530038805 0.652593150 0.789603002 0.436401519 0.000000000 0.414986867 0.479888961 0.492297494 0.542824234 0.540377057 0.927672995 0.923976279 0.972156388 1.165058434 1.014939837 0.958001749 0.943231883 0.948945689 1.654273887 
22     1.089652102 0.993528246 0.995886904 0.985745852 1.000652168 1.273242259 0.990780173 1.104363355 1.113333165 1.289095100 1.287873362 0.962082635 0.926580811 0.910776753 0.921485711 0.986099785 0.843989702 0.875726451 0.919346274 0.954086737 1.132527374 1.136407922 0.871584415 0.880630841 0.831807742 0.848162586 0.972707614 0.897224589 0.894884636 0.888887925 0.902861781 0.830760793 0.480905781 0.602462428 0.740644905 0.388246491 0.414986867 0.000000000 0.373125954 0.385088834 0.435529603 0.432692447 0.875093540 0.871470301 0.919597836 1.112671589 0.962726995 0.905788907 0.891019042 0.896732847 1.603463859 
33     1.147953548 1.051889469 1.054248127 1.044132105 1.059038422 1.331750855 1.049657861 1.163201435 1.172171245 1.347905355 1.346683617 1.020982381 0.985678926 0.969874868 0.980646353 1.045260427 0.903102991 0.934920845 0.978326258 1.013066721 1.191377065 1.195257613 0.930412238 0.939458664 0.890311635 0.906987096 1.031532124 0.956049099 0.953709146 0.947708006 0.961681862 0.889585303 0.546037455 0.669117018 0.805127943 0.446184538 0.479888961 0.373125954 0.000000000 0.138403826 0.308233258 0.301839633 0.937248415 0.933604272 0.981731807 1.174633853 1.024515256 0.967577168 0.952807303 0.958521108 1.663448809 
46     1.160139827 1.064075748 1.066434406 1.056318384 1.071224701 1.343937134 1.061844140 1.175387714 1.184357525 1.360091634 1.358869896 1.033168660 0.997865205 0.982061147 0.992882629 1.057496703 0.915289270 0.947107125 0.990512537 1.025253000 1.203563344 1.207443892 0.942598517 0.951644943 0.902701747 0.919173375 1.043718403 0.968235378 0.965895425 0.959894285 0.973868141 0.901771582 0.557474665 0.680882093 0.816991564 0.459010471 0.492297494 0.385088834 0.138403826 0.000000000 0.324281449 0.318954486 0.948514263 0.944870120 0.992997655 1.185791705 1.036047369 0.979109281 0.964339415 0.970053221 1.675635088 
23     1.215970258 1.119846402 1.122205060 1.112064008 1.126970324 1.399560415 1.117174831 1.230718405 1.239688215 1.415405858 1.414184121 1.088359314 1.053073205 1.037269148 1.048040632 1.112654706 0.970497271 1.002315125 1.045731254 1.080471717 1.258819693 1.262700241 0.997876734 1.006923160 0.957848637 0.974454905 1.098999933 1.023516908 1.021176954 1.015175815 1.029149671 0.957053112 0.607235791 0.730134199 0.870129486 0.509400186 0.542824234 0.435529603 0.308233258 0.324281449 0.000000000 0.163820053 1.002836881 0.999192739 1.047320274 1.240222320 1.090103723 1.033165635 1.018395769 1.024109575 1.729758702 
40     1.214022834 1.117898978 1.120257636 1.110116583 1.125022900 1.397612990 1.115227407 1.228770980 1.237740791 1.413474900 1.412253163 1.086411890 1.051125781 1.035321723 1.046093208 1.110707282 0.968549846 1.000367701 1.043783830 1.078524293 1.256872268 1.260752817 0.995929310 1.004975736 0.955901213 0.972507480 1.097052509 1.021569484 1.019229530 1.013228391 1.027202246 0.955105687 0.605281602 0.727774168 0.868335438 0.508160949 0.540377057 0.432692447 0.301839633 0.318954486 0.163820053 0.000000000 1.000889457 0.997245314 1.045372850 1.238274895 1.088156298 1.031218211 1.016448345 1.022162151 1.727811278 
21     0.912726763 0.815946655 0.818305313 0.808302646 0.823208963 1.095852000 0.815866689 0.929334863 0.938304674 1.114347021 1.113125284 0.789712879 0.748398363 0.732085583 0.743548498 0.810018587 0.665817499 0.697747774 0.745362528 0.780102990 0.955817652 0.959698200 0.694874479 0.703920905 0.655715220 0.671579363 0.795219183 0.720520837 0.718180883 0.712228580 0.726202436 0.654833556 0.910297123 1.034084178 1.176855407 0.817431784 0.927672995 0.875093540 0.937248415 0.948514263 1.002836881 1.000889457 0.000000000 0.059943953 0.194541185 0.490370255 0.426910655 0.372417315 0.357204493 0.364599999 1.429067284 
45     0.909310418 0.812530311 0.814888968 0.804886301 0.819792618 1.092435655 0.812450344 0.925918519 0.934888329 1.110930677 1.109708939 0.786296534 0.745467357 0.729154577 0.740673497 0.807302816 0.662860364 0.694790638 0.741958131 0.776698594 0.952413256 0.956293804 0.691470083 0.700516509 0.652310824 0.668174967 0.791814786 0.717116440 0.714776487 0.708824184 0.722798039 0.651429160 0.906624807 1.030411862 1.173183091 0.813691757 0.923976279 0.871470301 0.933604272 0.944870120 0.999192739 0.997245314 0.059943953 0.000000000 0.189811107 0.486532172 0.423461898 0.368985810 0.353772989 0.361168494 1.425650939 
28     0.957717725 0.860956005 0.863314663 0.853311996 0.868218313 1.140879488 0.860716477 0.974184651 0.983154462 1.159196809 1.157975071 0.834175554 0.793151448 0.776974400 0.788357588 0.854986907 0.710544455 0.742474729 0.789641454 0.824381916 1.000096578 1.003977126 0.739153405 0.748199831 0.699994146 0.715858289 0.839390935 0.764799763 0.762459809 0.756507506 0.770481362 0.699112482 0.954780516 1.078567571 1.221338800 0.861915177 0.972156388 0.919597836 0.981731807 0.992997655 1.047320274 1.045372850 0.194541185 0.189811107 0.000000000 0.533999982 0.471363384 0.416139326 0.400926505 0.408322010 1.473495591 
47     1.150420128 1.053950002 1.056308660 1.046305993 1.061212309 1.333873485 1.053710473 1.167178648 1.176148458 1.352190806 1.350969068 1.027217504 0.985792212 0.968506342 0.980998351 1.047627670 0.903126378 0.935105827 0.982418742 1.017159204 1.192107621 1.195988169 0.931101410 0.940150744 0.891901097 0.907854149 1.031506649 0.956718206 0.954378253 0.948509549 0.962483404 0.890929822 1.147479932 1.271266987 1.414038216 1.054540632 1.165058434 1.112671589 1.174633853 1.185791705 1.240222320 1.238274895 0.490370255 0.486532172 0.533999982 0.000000000 0.668207995 0.612610947 0.597146614 0.604443520 1.665931536 
48     1.000583676 0.904113550 0.906472208 0.896469541 0.911375857 1.184050928 0.902804100 1.016786716 1.025756526 1.201798874 1.200577136 0.877040667 0.836017362 0.819840314 0.831223502 0.897852821 0.753410369 0.785340643 0.832738791 0.867479253 1.043265813 1.047146361 0.782403552 0.791449979 0.743249033 0.759102253 0.882699569 0.808043726 0.805703773 0.799757653 0.813731509 0.742358196 0.997563965 1.121351020 1.264122248 0.904698626 1.014939837 0.962726995 1.024515256 1.036047369 1.090103723 1.088156298 0.426910655 0.423461898 0.471363384 0.668207995 0.000000000 0.332962402 0.317590315 0.324773475 1.516464720 
42     0.943884089 0.847413963 0.849772621 0.839769954 0.854676270 1.127351341 0.847044701 0.960512875 0.969482686 1.145525033 1.144303296 0.820440051 0.779256589 0.763079540 0.774462728 0.841092047 0.696649595 0.728579869 0.775973632 0.810714095 0.986500655 0.990381203 0.725638394 0.734684820 0.686483874 0.702337095 0.826087334 0.751278568 0.748938614 0.742992495 0.756966351 0.685593037 0.940625877 1.064412932 1.207184161 0.847760538 0.958001749 0.905788907 0.967577168 0.979109281 1.033165635 1.031218211 0.372417315 0.368985810 0.416139326 0.612610947 0.332962402 0.000000000 0.119402368 0.151918052 1.459765132 
20     0.929114223 0.832644097 0.835002755 0.825000088 0.839906404 1.112581476 0.832274836 0.945743010 0.954712820 1.130755168 1.129533430 0.805670186 0.764486723 0.748309675 0.759692863 0.826322182 0.681879730 0.713810004 0.761203767 0.795944229 0.971730789 0.975611338 0.710868528 0.719914955 0.671714009 0.687567229 0.811317469 0.736508702 0.734168749 0.728222629 0.742196485 0.670823172 0.925856011 1.049643066 1.192414295 0.832990672 0.943231883 0.891019042 0.952807303 0.964339415 1.018395769 1.016448345 0.357204493 0.353772989 0.400926505 0.597146614 0.317590315 0.119402368 0.000000000 0.140396431 1.444995267 
18     0.934643384 0.838173257 0.840531915 0.830529248 0.845435565 1.117823701 0.837874503 0.951342677 0.960312488 1.136354835 1.135133097 0.811314669 0.770000598 0.753823550 0.765206738 0.831836056 0.687393605 0.719323879 0.766220236 0.800884911 0.977188784 0.981069332 0.716326523 0.725372949 0.677172003 0.693025224 0.816775463 0.741966697 0.739626743 0.733680624 0.747654479 0.676281166 0.931569817 1.055356872 1.198128101 0.838704478 0.948945689 0.896732847 0.958521108 0.970053221 1.024109575 1.022162151 0.364599999 0.361168494 0.408322010 0.604443520 0.324773475 0.151918052 0.140396431 0.000000000 1.450654553 
0     1.479036696 1.382210030 1.384568688 1.376057153 1.390296465 1.664398218 1.377181406 1.488379793 1.497349604 1.675490239 1.674268502 1.352911216 1.351074904 1.335651305 1.346251643 1.411191766 1.268224322 1.300635531 1.349279832 1.384020294 1.561260251 1.565140799 1.300762425 1.309808851 1.261873360 1.277644699 1.402203400 1.326540756 1.324200802 1.318288705 1.332262560 1.260853819 1.636288234 1.760504989 1.903545017 1.543081393 1.654273887 1.603463859 1.663448809 1.675635088 1.729758702 1.727811278 1.429067284 1.425650939 1.473495591 1.665931536 1.516464720 1.459765132 1.444995267 1.450654553 0.000000000 
