51
26     0.000000000 0.005342390 0.000041970 0.003718040 0.045957920 0.029472340 0.003113340 0.016579820 0.015358380 0.013513870 0.055070700 0.004382710 0.032433180 0.032422970 0.020605320 0.023841640 0.065210990 0.006007460 0.062690480 0.066367580 0.004120840 0.066326210 0.078012720 0.080684470 0.059148580 0.017604670 0.017608420 0.016293850 0.015979930 0.016332840 0.016328230 0.021279440 0.021646540 0.028645180 0.020943320 0.020942450 0.038275790 0.020477770 0.021380320 0.029250870 0.022856840 0.074756160 0.021209870 0.080207520 0.027231620 0.034313490 0.029762650 0.029761330 0.024490140 0.015789590 0.002521780 
13     0.005342390 0.000000000 0.003844830 0.014537500 0.036673340 0.020875110 0.013932800 0.027399280 0.026177840 0.024333330 0.041154120 0.015202170 0.043252640 0.035725890 0.025947490 0.029183810 0.068651930 0.005420750 0.068032650 0.060247140 0.032855860 0.035380280 0.081453660 0.082284430 0.061850610 0.022946840 0.022950590 0.027113310 0.026799390 0.027152300 0.027147690 0.032098900 0.032466000 0.039464640 0.031762780 0.031761910 0.062834810 0.031297230 0.032199780 0.040070330 0.033676300 0.071428990 0.032029330 0.074098440 0.038051080 0.039655660 0.035104820 0.035103500 0.035309600 0.017653590 0.013341240 
16     0.000041970 0.003844830 0.000000000 0.003722630 0.021746200 0.011846690 0.003117930 0.016584410 0.015362970 0.013518460 0.009390490 0.003431080 0.032437770 0.019013660 0.003439430 0.006675750 0.041375360 0.009116740 0.045524590 0.035432840 0.065980200 0.082421460 0.063184600 0.066435700 0.041982690 0.000438780 0.000442530 0.016298440 0.015984520 0.016337430 0.016332820 0.021284030 0.021651130 0.028649770 0.020947910 0.020947040 0.052019940 0.020482360 0.021384910 0.029255460 0.022861430 0.074760750 0.021214460 0.091831750 0.027236210 0.017147600 0.012596760 0.012595440 0.024494730 0.015794180 0.002526370 
25     0.003718040 0.014537500 0.003722630 0.000000000 0.000532830 0.000002110 0.000604700 0.020040440 0.001887150 0.016974490 0.029699920 0.007843330 0.035893800 0.008923270 0.007983560 0.018569740 0.024971040 0.018965070 0.041503660 0.056406460 0.058697720 0.056365090 0.075078590 0.030477990 0.052599490 0.012332770 0.012336520 0.019754470 0.019440550 0.019793460 0.019788850 0.024740060 0.025107160 0.032105800 0.001968960 0.024403070 0.019709140 0.023938390 0.024840940 0.032711490 0.026317460 0.078216780 0.024670490 0.091985830 0.030692240 0.029041590 0.024490750 0.024489430 0.027950760 0.019250210 0.005982400 
18     0.045957920 0.036673340 0.021746200 0.000532830 0.000000000 0.000208120 0.001019990 0.011573460 0.031097790 0.053585940 0.023278520 0.036625080 0.077013870 0.049943430 0.043116570 0.055154660 0.072295240 0.045961440 0.066695720 0.059027710 0.061318970 0.057333460 0.073745800 0.071025140 0.055220740 0.044214370 0.047868220 0.072264090 0.094830820 0.087705240 0.091165200 0.021690160 0.077868950 0.085987460 0.034773200 0.081023500 0.083664670 0.080358640 0.071014640 0.085802800 0.082300410 0.093411320 0.079107500 0.080313380 0.077188160 0.082050850 0.036892000 0.051508130 0.073735970 0.061126430 0.086637150 
21     0.029472340 0.020875110 0.011846690 0.000002110 0.000208120 0.000000000 0.002762840 0.037578490 0.018778960 0.018667420 0.018231580 0.015277770 0.046525810 0.030860350 0.015286120 0.018522440 0.057450770 0.035573320 0.051670640 0.052358800 0.054650060 0.052317430 0.068270290 0.065549630 0.048551830 0.012285470 0.012289220 0.068939220 0.083877750 0.102349090 0.073194340 0.049380540 0.078093620 0.080920800 0.010729980 0.080626040 0.078189160 0.070580280 0.053333170 0.085321280 0.075631500 0.087185950 0.050687380 0.083690710 0.068504540 0.028994290 0.024443450 0.024442130 0.045171670 0.025348710 0.015750940 
24     0.003113340 0.013932800 0.003117930 0.000604700 0.001019990 0.002762840 0.000000000 0.019435740 0.009817910 0.009706370 0.009270530 0.007238630 0.035289100 0.022589510 0.015896140 0.019132460 0.068720530 0.018360370 0.056800970 0.074110350 0.076401610 0.066819780 0.075641310 0.078892410 0.054439400 0.012895490 0.012899240 0.019149770 0.018835850 0.019188760 0.019184150 0.024135360 0.024502460 0.031501100 0.023799240 0.023798370 0.054871270 0.023333690 0.024236240 0.032106790 0.025712760 0.074900060 0.024065790 0.079506710 0.030087540 0.029604310 0.025053470 0.025052150 0.027346060 0.018645510 0.005377700 
9     0.016579820 0.027399280 0.016584410 0.020040440 0.011573460 0.037578490 0.019435740 0.000000000 0.008610780 0.003065950 0.022080900 0.016773210 0.044823680 0.044813470 0.035641890 0.066231830 0.032990560 0.027894950 0.015207820 0.064429350 0.068190420 0.076341760 0.079542000 0.076821340 0.072424700 0.033985560 0.034089970 0.028684350 0.028370430 0.028723340 0.028718730 0.033669940 0.034037040 0.041035680 0.033333820 0.033332950 0.016609490 0.032868270 0.033770820 0.041641370 0.035247340 0.074822970 0.033600370 0.073039850 0.039622120 0.066290550 0.054109990 0.055480730 0.036880640 0.018104630 0.014912280 
20     0.015358380 0.026177840 0.015362970 0.001887150 0.031097790 0.018778960 0.009817910 0.008610780 0.000000000 0.000055780 0.000557400 0.015551770 0.043602240 0.042743650 0.034437930 0.041185990 0.056939110 0.026673510 0.011721220 0.051021820 0.054782890 0.072693790 0.067585790 0.064865130 0.047555800 0.032868530 0.032868530 0.027462910 0.027148990 0.027501900 0.027497290 0.032448500 0.032815600 0.039814240 0.032112380 0.032111510 0.041911590 0.031646830 0.032549380 0.040419930 0.034025900 0.078423440 0.032378930 0.076301500 0.038400680 0.051657840 0.047107000 0.047105680 0.035659200 0.026958650 0.013690840 
8     0.013513870 0.024333330 0.013518460 0.016974490 0.053585940 0.018667420 0.009706370 0.003065950 0.000055780 0.000000000 0.000445860 0.013707260 0.041757730 0.041747520 0.032593420 0.058117800 0.043453410 0.024829000 0.031939330 0.064397590 0.068158660 0.070278430 0.074709110 0.074700170 0.047084850 0.031024020 0.031024020 0.025618400 0.025304480 0.025657390 0.025652780 0.026256840 0.030971090 0.037969730 0.030267870 0.030267000 0.061339900 0.029802320 0.030704870 0.038575420 0.032181390 0.069098460 0.030534420 0.066976520 0.036556170 0.068589650 0.058641790 0.060012530 0.033814690 0.025114140 0.011846330 
19     0.055070700 0.041154120 0.009390490 0.029699920 0.023278520 0.018231580 0.009270530 0.022080900 0.000557400 0.000445860 0.000000000 0.031581040 0.037590160 0.037523150 0.033439630 0.062513750 0.051718610 0.040174590 0.040320380 0.065350760 0.068691020 0.067473290 0.069959560 0.069950620 0.042335300 0.044206310 0.046228150 0.065125530 0.077603210 0.031868110 0.083725630 0.081319830 0.076143680 0.067652370 0.075590450 0.074814740 0.078426570 0.078771830 0.068830830 0.070166490 0.041653670 0.077370050 0.064400050 0.075248110 0.062982630 0.080054640 0.064717510 0.061603730 0.061590670 0.053488750 0.065338940 
22     0.004382710 0.015202170 0.003431080 0.007843330 0.036625080 0.015277770 0.007238630 0.016773210 0.015551770 0.013707260 0.031581040 0.000000000 0.008768430 0.006980840 0.000008350 0.009604870 0.006188960 0.012092560 0.027601260 0.044889800 0.045634290 0.048158710 0.057240440 0.057231500 0.029616180 0.003374600 0.003378350 0.011867080 0.016170720 0.016523630 0.004057000 0.021470230 0.021837330 0.028835970 0.021134110 0.021133240 0.052206140 0.020668560 0.021571110 0.029441660 0.023047630 0.041178120 0.021400660 0.059558990 0.027422410 0.020083420 0.015532580 0.015531260 0.024680930 0.015980380 0.002712570 
6     0.032433180 0.043252640 0.032437770 0.035893800 0.077013870 0.046525810 0.035289100 0.044823680 0.043602240 0.041757730 0.037590160 0.008768430 0.000000000 0.000014870 0.005695760 0.019046970 0.021977830 0.027229150 0.035902150 0.058585000 0.015475160 0.088812990 0.070008480 0.072680230 0.038745560 0.046338050 0.041011230 0.044535110 0.044221190 0.036898150 0.044569490 0.049520700 0.049887800 0.056886440 0.049184580 0.049183710 0.080256610 0.048719030 0.028754770 0.057492130 0.051098100 0.064545560 0.049451130 0.074304280 0.055472880 0.079711930 0.068587000 0.063818310 0.052731400 0.044030850 0.030763040 
11     0.032422970 0.035725890 0.019013660 0.008923270 0.049943430 0.030860350 0.022589510 0.044813470 0.042743650 0.041747520 0.037523150 0.006980840 0.000014870 0.000000000 0.001405040 0.021176040 0.023289950 0.040132820 0.026511010 0.046445200 0.015870810 0.060696280 0.063182550 0.063173610 0.035558290 0.018957180 0.018960930 0.044524900 0.044210980 0.039503000 0.044559280 0.049510490 0.049877590 0.056876230 0.049174370 0.049173500 0.080246400 0.048708820 0.021612950 0.057481920 0.037988520 0.057403740 0.049440920 0.054226540 0.051101320 0.035666000 0.014823790 0.010055100 0.017990090 0.041221150 0.030752830 
3     0.020605320 0.025947490 0.003439430 0.007983560 0.043116570 0.015286120 0.015896140 0.035641890 0.034437930 0.032593420 0.033439630 0.000008350 0.005695760 0.001405040 0.000000000 0.009613220 0.016078790 0.030572280 0.029459850 0.042177730 0.045938800 0.056612760 0.005172600 0.059090090 0.031474770 0.003382950 0.003386700 0.035370800 0.035056880 0.031218110 0.035405180 0.040356390 0.040723490 0.047722130 0.040020270 0.040019400 0.071092300 0.039554720 0.040457270 0.048327820 0.033905000 0.060867190 0.040286820 0.043304510 0.046308570 0.020091770 0.015540930 0.015539610 0.043567090 0.034866540 0.021598730 
4     0.023841640 0.029183810 0.006675750 0.018569740 0.055154660 0.018522440 0.019132460 0.066231830 0.041185990 0.058117800 0.062513750 0.009604870 0.019046970 0.021176040 0.009613220 0.000000000 0.006305180 0.026081550 0.051698380 0.066972880 0.048165320 0.050689740 0.053795900 0.064507820 0.048163180 0.006619270 0.006623020 0.064558290 0.061493410 0.035696000 0.050485420 0.088338350 0.043283090 0.100005150 0.093284620 0.095041190 0.024692150 0.089266950 0.091619410 0.076838030 0.050711290 0.082398980 0.084169990 0.085743230 0.077333520 0.023328090 0.018777250 0.018775930 0.051673430 0.048391670 0.063520000 
14     0.065210990 0.068651930 0.041375360 0.024971040 0.072295240 0.057450770 0.068720530 0.032990560 0.056939110 0.043453410 0.051718610 0.006188960 0.021977830 0.023289950 0.016078790 0.006305180 0.000000000 0.038383170 0.038548570 0.072769210 0.064838220 0.074891740 0.071118690 0.073790440 0.049753750 0.038486740 0.053646600 0.098675160 0.088791770 0.062994360 0.077783780 0.091539440 0.086442020 0.092028700 0.093087840 0.098898680 0.069985690 0.089070170 0.081619580 0.062014300 0.052183980 0.065746130 0.074930360 0.016040020 0.017399180 0.080822140 0.066944890 0.062176200 0.095629430 0.079932200 0.066255060 
12     0.006007460 0.005420750 0.009116740 0.018965070 0.045961440 0.035573320 0.018360370 0.027894950 0.026673510 0.024829000 0.040174590 0.012092560 0.027229150 0.040132820 0.030572280 0.026081550 0.038383170 0.000000000 0.000199790 0.013445460 0.015736720 0.013236360 0.017649510 0.025314610 0.004786890 0.006375310 0.015546890 0.027606380 0.027292460 0.027645370 0.027640760 0.032591970 0.032959070 0.039957710 0.032255850 0.032254980 0.052727200 0.031790300 0.032692850 0.040563400 0.034169370 0.055595740 0.032522400 0.053473800 0.038544150 0.044144850 0.039594010 0.039592690 0.035802670 0.027102120 0.013834310 
1     0.062690480 0.068032650 0.045524590 0.041503660 0.066695720 0.051670640 0.056800970 0.015207820 0.011721220 0.031939330 0.040320380 0.027601260 0.035902150 0.026511010 0.029459850 0.051698380 0.038548570 0.000199790 0.000000000 0.005535920 0.005535890 0.005535330 0.022297550 0.030219220 0.000004530 0.009033830 0.011055670 0.074349630 0.070843720 0.084522030 0.085164550 0.075144910 0.061939950 0.055262590 0.061384320 0.058981310 0.048026560 0.058415140 0.056234900 0.055962760 0.040785750 0.063166320 0.059471140 0.061044380 0.062114710 0.055858820 0.043678260 0.045049000 0.039422000 0.047932090 0.064471020 
7     0.066367580 0.060247140 0.035432840 0.056406460 0.059027710 0.052358800 0.074110350 0.064429350 0.051021820 0.064397590 0.065350760 0.044889800 0.058585000 0.046445200 0.042177730 0.066972880 0.072769210 0.013445460 0.005535920 0.000000000 0.000000030 0.000000590 0.004817540 0.004808600 0.005534430 0.017613190 0.023941950 0.064048720 0.060542810 0.078529590 0.074863640 0.064844000 0.051639040 0.071704450 0.058284860 0.059719780 0.055217650 0.054267190 0.056733660 0.045661850 0.063414560 0.052865410 0.049170230 0.050743470 0.056363820 0.058500740 0.058423580 0.060882060 0.040160470 0.048670560 0.089501400 
17     0.004120840 0.032855860 0.065980200 0.058697720 0.061318970 0.054650060 0.076401610 0.068190420 0.054782890 0.068158660 0.068691020 0.045634290 0.015475160 0.015870810 0.045938800 0.048165320 0.064838220 0.015736720 0.005535890 0.000000030 0.000000000 0.000000560 0.012795230 0.012786290 0.005534400 0.021374260 0.027703020 0.064412830 0.060906920 0.078893700 0.075227750 0.065208110 0.052003150 0.072068560 0.058648970 0.063480850 0.055581760 0.054631300 0.057097770 0.046025960 0.063778670 0.053229520 0.049534340 0.051107580 0.056727930 0.051437740 0.054286510 0.042331160 0.043921540 0.024871850 0.088129040 
23     0.066326210 0.035380280 0.082421460 0.056365090 0.057333460 0.052317430 0.066819780 0.076341760 0.072693790 0.070278430 0.067473290 0.048158710 0.088812990 0.060696280 0.056612760 0.050689740 0.074891740 0.013236360 0.005535330 0.000000590 0.000000560 0.000000000 0.006979130 0.006970190 0.005533840 0.023401810 0.027055660 0.064810880 0.061304970 0.077209360 0.075625800 0.065606160 0.052401200 0.072466610 0.059047020 0.069292960 0.055979810 0.055029350 0.057495820 0.046424010 0.064176720 0.053627570 0.049932390 0.035625230 0.057125980 0.042599520 0.056810930 0.044855580 0.053550960 0.027396270 0.091623930 
5     0.078012720 0.081453660 0.063184600 0.075078590 0.073745800 0.068270290 0.075641310 0.079542000 0.067585790 0.074709110 0.069959560 0.057240440 0.070008480 0.063182550 0.005172600 0.053795900 0.071118690 0.017649510 0.022297550 0.004817540 0.012795230 0.006979130 0.000000000 0.000009460 0.027835370 0.038673010 0.040694850 0.079553710 0.079832840 0.094994860 0.094153670 0.081610280 0.070929070 0.027835990 0.077574890 0.087820830 0.016281550 0.073557220 0.076023690 0.064951880 0.070424930 0.072155440 0.068460260 0.070033500 0.075653850 0.077790770 0.053684680 0.053578040 0.043682350 0.079398850 0.094110200 
27     0.080684470 0.082284430 0.066435700 0.030477990 0.071025140 0.065549630 0.078892410 0.076821340 0.064865130 0.074700170 0.069950620 0.057231500 0.072680230 0.063173610 0.059090090 0.064507820 0.073790440 0.025314610 0.030219220 0.004808600 0.012786290 0.006970190 0.000009460 0.000000000 0.024539960 0.038664070 0.040685910 0.079973950 0.080631280 0.097673590 0.094952110 0.084289010 0.071727510 0.076212450 0.078373330 0.088619270 0.034626010 0.074355660 0.076822130 0.065750320 0.070415990 0.072953880 0.069258700 0.070831940 0.076452290 0.078589210 0.063178460 0.063071820 0.071874700 0.074300420 0.086844290 
2     0.059148580 0.061850610 0.041982690 0.052599490 0.055220740 0.048551830 0.054439400 0.072424700 0.047555800 0.047084850 0.042335300 0.029616180 0.038745560 0.035558290 0.031474770 0.048163180 0.049753750 0.004786890 0.000004530 0.005534430 0.005534400 0.005533840 0.027835370 0.024539960 0.000000000 0.001423290 0.003913800 0.076551540 0.069237260 0.055327160 0.091187670 0.081168030 0.067963070 0.088028480 0.074608890 0.084854830 0.071541680 0.070591220 0.023143350 0.061985880 0.034472370 0.069189440 0.065494260 0.067067500 0.064129630 0.058499430 0.051626050 0.053947270 0.061603300 0.053866600 0.066485940 
10     0.017604670 0.022946840 0.000438780 0.012332770 0.044214370 0.012285470 0.012895490 0.033985560 0.032868530 0.031024020 0.044206310 0.003374600 0.046338050 0.018957180 0.003382950 0.006619270 0.038486740 0.006375310 0.009033830 0.017613190 0.021374260 0.023401810 0.038673010 0.038664070 0.001423290 0.000000000 0.000000000 0.033801400 0.033487480 0.033840390 0.033835780 0.038786990 0.022803570 0.038955820 0.038450870 0.038450000 0.058095260 0.037985320 0.038887870 0.046758420 0.034804820 0.065536830 0.038717420 0.079204830 0.044739170 0.016955520 0.012404680 0.012403360 0.031123280 0.033297140 0.020029330 
15     0.017608420 0.022950590 0.000442530 0.012336520 0.047868220 0.012289220 0.012899240 0.034089970 0.032868530 0.031024020 0.046228150 0.003378350 0.041011230 0.018960930 0.003386700 0.006623020 0.053646600 0.015546890 0.011055670 0.023941950 0.027703020 0.027055660 0.040694850 0.040685910 0.003913800 0.000000000 0.000000000 0.033801400 0.033487480 0.033840390 0.033835780 0.038786990 0.039154090 0.042299230 0.038450870 0.038450000 0.064424020 0.037985320 0.038887870 0.038522550 0.040364390 0.071865590 0.038717420 0.085533590 0.044739170 0.016959270 0.012408430 0.012407110 0.037452040 0.033297140 0.020029330 
43     0.016293850 0.027113310 0.016298440 0.019754470 0.072264090 0.068939220 0.019149770 0.028684350 0.027462910 0.025618400 0.065125530 0.011867080 0.044535110 0.044524900 0.035370800 0.064558290 0.098675160 0.027606380 0.074349630 0.064048720 0.064412830 0.064810880 0.079553710 0.079973950 0.076551540 0.033801400 0.033801400 0.000000000 0.000365620 0.000343090 0.000338480 0.010838750 0.011205850 0.018204490 0.010502630 0.010501760 0.019156280 0.010037080 0.010939630 0.018810180 0.006935930 0.014614590 0.010769180 0.022028420 0.013394210 0.016764530 0.012495090 0.013820440 0.005193560 0.005523100 0.014605390 
34     0.015979930 0.026799390 0.015984520 0.019440550 0.094830820 0.083877750 0.018835850 0.028370430 0.027148990 0.025304480 0.077603210 0.016170720 0.044221190 0.044210980 0.035056880 0.061493410 0.088791770 0.027292460 0.070843720 0.060542810 0.060906920 0.061304970 0.079832840 0.080631280 0.069237260 0.033487480 0.033487480 0.000365620 0.000000000 0.000404610 0.000400000 0.010524830 0.010891930 0.017890570 0.010188710 0.010187840 0.041260740 0.009723160 0.010625710 0.018496260 0.012102230 0.018960950 0.010455260 0.026374780 0.016477010 0.026781110 0.016841450 0.018166800 0.009539920 0.005209180 0.014291470 
49     0.016332840 0.027152300 0.016337430 0.019793460 0.087705240 0.102349090 0.019188760 0.028723340 0.027501900 0.025657390 0.031868110 0.016523630 0.036898150 0.039503000 0.031218110 0.035696000 0.062994360 0.027645370 0.084522030 0.078529590 0.078893700 0.077209360 0.094994860 0.097673590 0.055327160 0.033840390 0.033840390 0.000343090 0.000404610 0.000000000 0.000005910 0.010877740 0.011244840 0.012638370 0.010541620 0.010540750 0.041613650 0.010076070 0.010978620 0.018849170 0.012455140 0.064354460 0.010808170 0.055240180 0.016829920 0.017952120 0.057477730 0.055168070 0.014262640 0.005562090 0.014644380 
36     0.016328230 0.027147690 0.016332820 0.019788850 0.091165200 0.073194340 0.019184150 0.028718730 0.027497290 0.025652780 0.083725630 0.004057000 0.044569490 0.044559280 0.035405180 0.050485420 0.077783780 0.027640760 0.085164550 0.074863640 0.075227750 0.075625800 0.094153670 0.094952110 0.091187670 0.033835780 0.033835780 0.000338480 0.000400000 0.000005910 0.000000000 0.010873130 0.011240230 0.018238870 0.010537010 0.010536140 0.041609040 0.010071460 0.010974010 0.018844560 0.012450530 0.064349850 0.010803560 0.058994320 0.016825310 0.051016620 0.048754170 0.048752850 0.014258030 0.005557480 0.014639770 
40     0.021279440 0.032098900 0.021284030 0.024740060 0.021690160 0.049380540 0.024135360 0.033669940 0.032448500 0.026256840 0.081319830 0.021470230 0.049520700 0.049510490 0.040356390 0.088338350 0.091539440 0.032591970 0.075144910 0.064844000 0.065208110 0.065606160 0.081610280 0.084289010 0.081168030 0.038786990 0.038786990 0.010838750 0.010524830 0.010877740 0.010873130 0.000000000 0.000073780 0.001197170 0.000488040 0.000487170 0.013261610 0.000801850 0.001704400 0.009574950 0.003205320 0.048749690 0.001558350 0.047708230 0.007580100 0.028777850 0.025493430 0.030396330 0.019209240 0.010508690 0.019590980 
32     0.021646540 0.032466000 0.021651130 0.025107160 0.077868950 0.078093620 0.024502460 0.034037040 0.032815600 0.030971090 0.076143680 0.021837330 0.049887800 0.049877590 0.040723490 0.043283090 0.086442020 0.032959070 0.061939950 0.051639040 0.052003150 0.052401200 0.070929070 0.071727510 0.067963070 0.022803570 0.039154090 0.011205850 0.010891930 0.011244840 0.011240230 0.000073780 0.000000000 0.006728770 0.000855140 0.000854270 0.008593860 0.001168950 0.002071500 0.009942050 0.003572420 0.036625210 0.001925450 0.034503270 0.007947200 0.027287350 0.024002930 0.028905830 0.019576340 0.010875790 0.019958080 
30     0.028645180 0.039464640 0.028649770 0.032105800 0.085987460 0.080920800 0.031501100 0.041035680 0.039814240 0.037969730 0.067652370 0.028835970 0.056886440 0.056876230 0.047722130 0.100005150 0.092028700 0.039957710 0.055262590 0.071704450 0.072068560 0.072466610 0.027835990 0.076212450 0.088028480 0.038955820 0.042299230 0.018204490 0.017890570 0.012638370 0.018238870 0.001197170 0.006728770 0.000000000 0.003303740 0.003143880 0.014124270 0.008167590 0.009070140 0.016940690 0.010571060 0.048768890 0.008924090 0.038716270 0.014945840 0.030114530 0.026830110 0.031733010 0.026574980 0.017874430 0.026956720 
44     0.020943320 0.031762780 0.020947910 0.001968960 0.034773200 0.010729980 0.023799240 0.033333820 0.032112380 0.030267870 0.075590450 0.021134110 0.049184580 0.049174370 0.040020270 0.093284620 0.093087840 0.032255850 0.061384320 0.058284860 0.058648970 0.059047020 0.077574890 0.078373330 0.074608890 0.038450870 0.038450870 0.010502630 0.010188710 0.010541620 0.010537010 0.000488040 0.000855140 0.003303740 0.000000000 0.000001810 0.023739180 0.000465730 0.001368280 0.009238830 0.002869200 0.037201490 0.001222230 0.038965300 0.007243980 0.046520580 0.034340020 0.035710760 0.018873120 0.010172570 0.019254860 
28     0.020942450 0.031761910 0.020947040 0.024403070 0.081023500 0.080626040 0.023798370 0.033332950 0.032111510 0.030267000 0.074814740 0.021133240 0.049183710 0.049173500 0.040019400 0.095041190 0.098898680 0.032254980 0.058981310 0.059719780 0.063480850 0.069292960 0.087820830 0.088619270 0.084854830 0.038450000 0.038450000 0.010501760 0.010187840 0.010540750 0.010536140 0.000487170 0.000854270 0.003143880 0.000001810 0.000000000 0.012874530 0.000464860 0.001367410 0.009237960 0.002868330 0.053516970 0.001221360 0.051395030 0.007243110 0.053415050 0.056675950 0.056640650 0.018872250 0.010171700 0.019253990 
35     0.038275790 0.062834810 0.052019940 0.019709140 0.083664670 0.078189160 0.054871270 0.016609490 0.041911590 0.061339900 0.078426570 0.052206140 0.080256610 0.080246400 0.071092300 0.024692150 0.069985690 0.052727200 0.048026560 0.055217650 0.055581760 0.055979810 0.016281550 0.034626010 0.071541680 0.058095260 0.064424020 0.019156280 0.041260740 0.041613650 0.041609040 0.013261610 0.008593860 0.014124270 0.023739180 0.012874530 0.000000000 0.000392310 0.010566360 0.020156860 0.033941230 0.040203820 0.032294260 0.038081880 0.038316010 0.027382890 0.024098470 0.029001370 0.045278570 0.040960490 0.050326890 
42     0.020477770 0.031297230 0.020482360 0.023938390 0.080358640 0.070580280 0.023333690 0.032868270 0.031646830 0.029802320 0.078771830 0.020668560 0.048719030 0.048708820 0.039554720 0.089266950 0.089070170 0.031790300 0.058415140 0.054267190 0.054631300 0.055029350 0.073557220 0.074355660 0.070591220 0.037985320 0.037985320 0.010037080 0.009723160 0.010076070 0.010071460 0.000801850 0.001168950 0.008167590 0.000465730 0.000464860 0.000392310 0.000000000 0.000902730 0.008773280 0.002403650 0.039253360 0.000756680 0.037131420 0.006778430 0.029868740 0.026584320 0.031487220 0.018407570 0.009707020 0.018789310 
47     0.021380320 0.032199780 0.021384910 0.024840940 0.071014640 0.053333170 0.024236240 0.033770820 0.032549380 0.030704870 0.068830830 0.021571110 0.028754770 0.021612950 0.040457270 0.091619410 0.081619580 0.032692850 0.056234900 0.056733660 0.057097770 0.057495820 0.076023690 0.076822130 0.023143350 0.038887870 0.038887870 0.010939630 0.010625710 0.010978620 0.010974010 0.001704400 0.002071500 0.009070140 0.001368280 0.001367410 0.010566360 0.000902730 0.000000000 0.001073030 0.003306200 0.041719830 0.001659230 0.039597890 0.007680980 0.031955440 0.028671020 0.033573920 0.019310120 0.001972100 0.019691860 
31     0.029250870 0.040070330 0.029255460 0.032711490 0.085802800 0.085321280 0.032106790 0.041641370 0.040419930 0.038575420 0.070166490 0.029441660 0.057492130 0.057481920 0.048327820 0.076838030 0.062014300 0.040563400 0.055962760 0.045661850 0.046025960 0.046424010 0.064951880 0.065750320 0.061985880 0.046758420 0.038522550 0.018810180 0.018496260 0.018849170 0.018844560 0.009574950 0.009942050 0.016940690 0.009238830 0.009237960 0.020156860 0.008773280 0.001073030 0.000000000 0.011176750 0.030648020 0.009529780 0.028526080 0.015551530 0.046442790 0.050066880 0.054777820 0.027180670 0.018480120 0.027562410 
33     0.022856840 0.033676300 0.022861430 0.026317460 0.082300410 0.075631500 0.025712760 0.035247340 0.034025900 0.032181390 0.041653670 0.023047630 0.051098100 0.037988520 0.033905000 0.050711290 0.052183980 0.034169370 0.040785750 0.063414560 0.063778670 0.064176720 0.070424930 0.070415990 0.034472370 0.034804820 0.040364390 0.006935930 0.012102230 0.012455140 0.012450530 0.003205320 0.003572420 0.010571060 0.002869200 0.002868330 0.033941230 0.002403650 0.003306200 0.011176750 0.000000000 0.004137640 0.003135750 0.005756160 0.004971780 0.027832870 0.020113370 0.021438720 0.020590600 0.012086090 0.021168380 
48     0.074756160 0.071428990 0.074760750 0.078216780 0.093411320 0.087185950 0.074900060 0.074822970 0.078423440 0.069098460 0.077370050 0.041178120 0.064545560 0.057403740 0.060867190 0.082398980 0.065746130 0.055595740 0.063166320 0.052865410 0.053229520 0.053627570 0.072155440 0.072953880 0.069189440 0.065536830 0.071865590 0.014614590 0.018960950 0.064354460 0.064349850 0.048749690 0.036625210 0.048768890 0.037201490 0.053516970 0.040203820 0.039253360 0.041719830 0.030648020 0.004137640 0.000000000 0.010227260 0.007750500 0.008203130 0.021990640 0.012699060 0.014024410 0.013176290 0.050711760 0.056739860 
50     0.021209870 0.032029330 0.021214460 0.024670490 0.079107500 0.050687380 0.024065790 0.033600370 0.032378930 0.030534420 0.064400050 0.021400660 0.049451130 0.049440920 0.040286820 0.084169990 0.074930360 0.032522400 0.059471140 0.049170230 0.049534340 0.049932390 0.068460260 0.069258700 0.065494260 0.038717420 0.038717420 0.010769180 0.010455260 0.010808170 0.010803560 0.001558350 0.001925450 0.008924090 0.001222230 0.001221360 0.032294260 0.000756680 0.001659230 0.009529780 0.003135750 0.010227260 0.000000000 0.000076630 0.000033640 0.037313180 0.034028760 0.038931660 0.019139670 0.010439120 0.019521410 
38     0.080207520 0.074098440 0.091831750 0.091985830 0.080313380 0.083690710 0.079506710 0.073039850 0.076301500 0.066976520 0.075248110 0.059558990 0.074304280 0.054226540 0.043304510 0.085743230 0.016040020 0.053473800 0.061044380 0.050743470 0.051107580 0.035625230 0.070033500 0.070831940 0.067067500 0.079204830 0.085533590 0.022028420 0.026374780 0.055240180 0.058994320 0.047708230 0.034503270 0.038716270 0.038965300 0.051395030 0.038081880 0.037131420 0.039597890 0.028526080 0.005756160 0.007750500 0.000076630 0.000000000 0.002426840 0.041356080 0.020112890 0.021438240 0.020590120 0.050367470 0.091600710 
37     0.027231620 0.038051080 0.027236210 0.030692240 0.077188160 0.068504540 0.030087540 0.039622120 0.038400680 0.036556170 0.062982630 0.027422410 0.055472880 0.051101320 0.046308570 0.077333520 0.017399180 0.038544150 0.062114710 0.056363820 0.056727930 0.057125980 0.075653850 0.076452290 0.064129630 0.044739170 0.044739170 0.013394210 0.016477010 0.016829920 0.016825310 0.007580100 0.007947200 0.014945840 0.007243980 0.007243110 0.038316010 0.006778430 0.007680980 0.015551530 0.004971780 0.008203130 0.000033640 0.002426840 0.000000000 0.028004960 0.011478680 0.012804030 0.011955910 0.016460870 0.025543160 
29     0.034313490 0.039655660 0.017147600 0.029041590 0.082050850 0.028994290 0.029604310 0.066290550 0.051657840 0.068589650 0.080054640 0.020083420 0.079711930 0.035666000 0.020091770 0.023328090 0.080822140 0.044144850 0.055858820 0.058500740 0.051437740 0.042599520 0.077790770 0.078589210 0.058499430 0.016955520 0.016959270 0.016764530 0.026781110 0.017952120 0.051016620 0.028777850 0.027287350 0.030114530 0.046520580 0.053415050 0.027382890 0.029868740 0.031955440 0.046442790 0.027832870 0.021990640 0.037313180 0.041356080 0.028004960 0.000000000 0.004553480 0.004552160 0.012195680 0.032275410 0.059560270 
45     0.029762650 0.035104820 0.012596760 0.024490750 0.036892000 0.024443450 0.025053470 0.054109990 0.047107000 0.058641790 0.064717510 0.015532580 0.068587000 0.014823790 0.015540930 0.018777250 0.066944890 0.039594010 0.043678260 0.058423580 0.054286510 0.056810930 0.053684680 0.063178460 0.051626050 0.012404680 0.012408430 0.012495090 0.016841450 0.057477730 0.048754170 0.025493430 0.024002930 0.026830110 0.034340020 0.056675950 0.024098470 0.026584320 0.028671020 0.050066880 0.020113370 0.012699060 0.034028760 0.020112890 0.011478680 0.004553480 0.000000000 0.000001320 0.011056790 0.035124180 0.094392600 
41     0.029761330 0.035103500 0.012595440 0.024489430 0.051508130 0.024442130 0.025052150 0.055480730 0.047105680 0.060012530 0.061603730 0.015531260 0.063818310 0.010055100 0.015539610 0.018775930 0.062176200 0.039592690 0.045049000 0.060882060 0.042331160 0.044855580 0.053578040 0.063071820 0.053947270 0.012403360 0.012407110 0.013820440 0.018166800 0.055168070 0.048752850 0.030396330 0.028905830 0.031733010 0.035710760 0.056640650 0.029001370 0.031487220 0.033573920 0.054777820 0.021438720 0.014024410 0.038931660 0.021438240 0.012804030 0.004552160 0.000001320 0.000000000 0.012382140 0.023168830 0.063707110 
46     0.024490140 0.035309600 0.024494730 0.027950760 0.073735970 0.045171670 0.027346060 0.036880640 0.035659200 0.033814690 0.061590670 0.024680930 0.052731400 0.017990090 0.043567090 0.051673430 0.095629430 0.035802670 0.039422000 0.040160470 0.043921540 0.053550960 0.043682350 0.071874700 0.061603300 0.031123280 0.037452040 0.005193560 0.009539920 0.014262640 0.014258030 0.019209240 0.019576340 0.026574980 0.018873120 0.018872250 0.045278570 0.018407570 0.019310120 0.027180670 0.020590600 0.013176290 0.019139670 0.020590120 0.011955910 0.012195680 0.011056790 0.012382140 0.000000000 0.001601940 0.022801680 
39     0.015789590 0.017653590 0.015794180 0.019250210 0.061126430 0.025348710 0.018645510 0.018104630 0.026958650 0.025114140 0.053488750 0.015980380 0.044030850 0.041221150 0.034866540 0.048391670 0.079932200 0.027102120 0.047932090 0.048670560 0.024871850 0.027396270 0.079398850 0.074300420 0.053866600 0.033297140 0.033297140 0.005523100 0.005209180 0.005562090 0.005557480 0.010508690 0.010875790 0.017874430 0.010172570 0.010171700 0.040960490 0.009707020 0.001972100 0.018480120 0.012086090 0.050711760 0.010439120 0.050367470 0.016460870 0.032275410 0.035124180 0.023168830 0.001601940 0.000000000 0.014101130 
0     0.002521780 0.013341240 0.002526370 0.005982400 0.086637150 0.015750940 0.005377700 0.014912280 0.013690840 0.011846330 0.065338940 0.002712570 0.030763040 0.030752830 0.021598730 0.063520000 0.066255060 0.013834310 0.064471020 0.089501400 0.088129040 0.091623930 0.094110200 0.086844290 0.066485940 0.020029330 0.020029330 0.014605390 0.014291470 0.014644380 0.014639770 0.019590980 0.019958080 0.026956720 0.019254860 0.019253990 0.050326890 0.018789310 0.019691860 0.027562410 0.021168380 0.056739860 0.019521410 0.091600710 0.025543160 0.059560270 0.094392600 0.063707110 0.022801680 0.014101130 0.000000000 
