51
26     0.000000000 0.206228259 0.306818259 0.367791902 0.388243828 0.393482687 0.398135850 0.403221511 0.404003650 0.437061738 0.397726415 0.577079933 0.613852954 0.610477184 0.582979343 0.574116204 0.598781988 0.563902311 0.578296410 0.563180403 0.558635185 0.561676483 0.564153823 0.569737382 0.578630188 0.642588513 0.662262535 0.607385638 0.614223882 0.654815811 0.673774177 0.568851302 0.557138987 0.589055286 0.572852294 0.583517502 0.601648097 0.613783758 0.562614886 0.578277242 0.620889935 0.635434760 0.626392638 0.629908784 0.620125060 0.557973271 0.573414805 0.572712485 0.662009440 0.591422230 1.113948908 
13     0.206228259 0.000000000 0.305889486 0.367535817 0.387866572 0.393327652 0.397681206 0.402785836 0.403631659 0.436698424 0.397476594 0.577784991 0.614319141 0.610934286 0.583492819 0.574774746 0.599440529 0.565473697 0.579879909 0.564933608 0.560480392 0.563418911 0.565896251 0.571479809 0.580518947 0.644599432 0.664218477 0.610583075 0.617243016 0.657956006 0.676914372 0.571269504 0.559557189 0.591473489 0.575245667 0.586829311 0.604066300 0.616201961 0.565033088 0.580695445 0.623899195 0.638450658 0.629408535 0.632924682 0.623140958 0.560248584 0.575681940 0.574979620 0.664303949 0.593985033 1.114703842 
16     0.306818259 0.305889486 0.000000000 0.393169236 0.413245841 0.418655068 0.422397937 0.428589279 0.429331222 0.462394421 0.423789112 0.603533814 0.640634491 0.637237198 0.609751123 0.601322186 0.625963932 0.590282715 0.604899287 0.589425983 0.585010246 0.588018656 0.590557707 0.596141266 0.605650173 0.670339820 0.689694290 0.636630102 0.643147763 0.683697067 0.702655433 0.597167127 0.585454812 0.617319686 0.601172327 0.612755971 0.629976893 0.642112554 0.590950998 0.606459525 0.649707489 0.664293269 0.655251146 0.658767292 0.648983568 0.586448833 0.601760001 0.601057681 0.690118038 0.619895465 1.139604637 
25     0.367791902 0.367535817 0.393169236 0.000000000 0.131777282 0.139892610 0.203601170 0.380781294 0.382771224 0.416025741 0.377707267 0.560592185 0.597114806 0.593689137 0.566344285 0.557936975 0.582594130 0.547577935 0.562132571 0.547008782 0.542544142 0.544864857 0.547898900 0.552940561 0.563385937 0.627564471 0.647468194 0.591194953 0.597795446 0.638592113 0.657490091 0.550920122 0.539188302 0.571036911 0.555161055 0.566951842 0.584149527 0.595252243 0.544326572 0.560676954 0.603732508 0.618536349 0.609412944 0.613010373 0.603226649 0.541269762 0.555243830 0.554541511 0.645196608 0.575202892 1.095892253 
18     0.388243828 0.387866572 0.413245841 0.131777282 0.000000000 0.123805160 0.222892475 0.403163857 0.404981019 0.437954529 0.398702987 0.582078634 0.618564833 0.615211646 0.587827109 0.579620763 0.604248218 0.568706471 0.583542372 0.568021520 0.563556880 0.565947189 0.569014495 0.574139760 0.584454714 0.647966402 0.668087225 0.613068832 0.619669369 0.660466037 0.679399335 0.572144778 0.560621356 0.592656328 0.576342858 0.588256896 0.605851019 0.616914623 0.566530048 0.582564710 0.625562027 0.640548044 0.631424639 0.635022068 0.625238344 0.563390125 0.577520837 0.576818518 0.667011426 0.597111247 1.117594192 
21     0.393482687 0.393327652 0.418655068 0.139892610 0.123805160 0.000000000 0.228005462 0.408077861 0.409821710 0.442903527 0.403734943 0.587598348 0.624130434 0.620777247 0.593392710 0.585185312 0.609706672 0.574263243 0.589099143 0.573657457 0.569192817 0.571583126 0.574571266 0.579675018 0.590090651 0.654057403 0.673961125 0.618669131 0.625269668 0.666066335 0.684999633 0.578408398 0.566690351 0.598725323 0.582863632 0.594640255 0.611907336 0.623053666 0.572586365 0.588621028 0.631436378 0.646148342 0.637024938 0.640622366 0.630838642 0.568990423 0.583194308 0.582491988 0.672717300 0.602711118 1.122316946 
24     0.398135850 0.397681206 0.422397937 0.203601170 0.222892475 0.228005462 0.000000000 0.411706294 0.414099229 0.447099988 0.407920738 0.592132909 0.628580900 0.625579214 0.597810741 0.589714767 0.614425675 0.577645404 0.592534140 0.577205279 0.572740639 0.575618058 0.578095398 0.583272151 0.593494705 0.657475153 0.677539742 0.622815655 0.629264790 0.669772498 0.688705795 0.582776617 0.571044798 0.602893406 0.587141845 0.598808338 0.615969219 0.627169625 0.576545503 0.592682911 0.635697524 0.649988705 0.640943389 0.644459535 0.634675811 0.572758218 0.587046330 0.586344011 0.676549544 0.606631513 1.127230173 
9     0.403221511 0.402785836 0.428589279 0.380781294 0.403163857 0.408077861 0.411706294 0.000000000 0.142588826 0.234475314 0.324293158 0.566899034 0.603479530 0.600156341 0.572646837 0.564136820 0.588832521 0.550786142 0.565542034 0.550098910 0.545494251 0.548373193 0.550868534 0.556498062 0.566166967 0.632390766 0.652013090 0.598765727 0.605301663 0.646401618 0.665415953 0.559515396 0.547934493 0.579478809 0.563420341 0.575016310 0.592162008 0.604479230 0.552730327 0.568929657 0.612232612 0.626426751 0.617384629 0.620900775 0.611280877 0.549011491 0.564263616 0.563561297 0.652892258 0.582484810 1.102274736 
20     0.404003650 0.403631659 0.429331222 0.382771224 0.404981019 0.409821710 0.414099229 0.142588826 0.000000000 0.232766693 0.325035695 0.569079652 0.605614774 0.602291585 0.574782080 0.566194527 0.590909559 0.553257675 0.568006166 0.552895034 0.548290375 0.551169316 0.553655570 0.559285098 0.569297411 0.634557553 0.654179877 0.601389456 0.607858124 0.648596807 0.667611143 0.561839814 0.550258911 0.581803227 0.565717126 0.577310407 0.594285175 0.606563279 0.554881884 0.571063063 0.614509281 0.628703420 0.619661298 0.623177444 0.613393720 0.550809988 0.566016153 0.565313833 0.654943412 0.585089135 1.103998298 
8     0.437061738 0.436698424 0.462394421 0.416025741 0.437954529 0.442903527 0.447099988 0.234475314 0.232766693 0.000000000 0.359266841 0.603047749 0.639631514 0.636308325 0.608803599 0.600315510 0.625011211 0.587788031 0.602543182 0.587192729 0.582588070 0.585467012 0.587953266 0.593582793 0.603259486 0.666754334 0.686981627 0.634809951 0.641068306 0.682532704 0.701547039 0.595403338 0.584059115 0.615603432 0.599517330 0.611110612 0.628085379 0.640277069 0.589048862 0.604863267 0.648301435 0.662550893 0.653508771 0.657024917 0.647241193 0.584820340 0.599757931 0.599055611 0.688846701 0.618992424 1.137687239 
19     0.397726415 0.397476594 0.423789112 0.377707267 0.398702987 0.403734943 0.407920738 0.324293158 0.325035695 0.359266841 0.000000000 0.563241884 0.599838085 0.596478423 0.568932595 0.560493243 0.584970862 0.547915353 0.562851608 0.547516681 0.542912022 0.545820936 0.548310596 0.553948383 0.564213924 0.629544781 0.647929420 0.595076153 0.601868951 0.642459042 0.661682982 0.556679905 0.544902567 0.576434685 0.560069266 0.571954063 0.588962466 0.601188721 0.549914282 0.565725059 0.608728589 0.623150597 0.614108475 0.617624621 0.607840897 0.545594697 0.560634659 0.559932340 0.649689690 0.579848603 1.096253444 
22     0.577079933 0.577784991 0.603533814 0.560592185 0.582078634 0.587598348 0.592132909 0.566899034 0.569079652 0.603047749 0.563241884 0.000000000 0.258902033 0.255252284 0.225269969 0.254186073 0.283226301 0.598249911 0.612655000 0.597962965 0.593319094 0.595647369 0.598328151 0.604129635 0.616427270 0.676719968 0.696627748 0.639394777 0.644601317 0.685839955 0.705200455 0.600075330 0.588320266 0.619637476 0.603684007 0.615454236 0.632160448 0.645387294 0.589805948 0.608269714 0.652582217 0.666780625 0.657198561 0.661077401 0.650930983 0.591283241 0.605364867 0.604662548 0.692857644 0.623281439 1.146147863 
6     0.613852954 0.614319141 0.640634491 0.597114806 0.618564833 0.624130434 0.628580900 0.603479530 0.605614774 0.639631514 0.599838085 0.258902033 0.000000000 0.126733403 0.175530941 0.285715797 0.313570224 0.633963894 0.648331995 0.633876164 0.629154936 0.631657009 0.634241350 0.640042834 0.652482077 0.712955852 0.732669054 0.675409142 0.680868808 0.722895646 0.742112044 0.636211581 0.624456518 0.656067712 0.639683429 0.651590488 0.668595230 0.681077690 0.625757006 0.645126432 0.688553458 0.702735040 0.693214391 0.697093231 0.686946813 0.627189446 0.641437466 0.640735147 0.728859095 0.659963465 1.183719263 
11     0.610477184 0.610934286 0.637237198 0.593689137 0.615211646 0.620777247 0.625579214 0.600156341 0.602291585 0.636308325 0.596478423 0.255252284 0.126733403 0.000000000 0.169319805 0.284495616 0.312035830 0.630932923 0.645301024 0.630845192 0.626126719 0.628626037 0.631210378 0.637011863 0.649383646 0.709924881 0.729638083 0.672131437 0.677663958 0.719617940 0.738834339 0.633039058 0.621283994 0.652895188 0.636510906 0.648417964 0.665422706 0.677905167 0.622584482 0.641953908 0.685275752 0.699457335 0.689924913 0.693803754 0.683657336 0.624016922 0.638264942 0.637562623 0.725608763 0.656519262 1.180567435 
3     0.582979343 0.583492819 0.609751123 0.566344285 0.587827109 0.593392710 0.597810741 0.572646837 0.574782080 0.608803599 0.568932595 0.225269969 0.175530941 0.169319805 0.000000000 0.257157299 0.285224772 0.603424368 0.617829440 0.602929301 0.598250788 0.600710146 0.602903356 0.608743779 0.621737959 0.681738319 0.701424123 0.643933025 0.649666954 0.691457806 0.710674205 0.605304881 0.593549818 0.625161011 0.608639342 0.620683788 0.637688530 0.650170990 0.594546557 0.614225788 0.657424666 0.671849976 0.662363912 0.666130887 0.656061749 0.595973879 0.610221899 0.609519579 0.698376311 0.629480618 1.152616724 
4     0.574116204 0.574774746 0.601322186 0.557936975 0.579620763 0.585185312 0.589714767 0.564136820 0.566194527 0.600315510 0.560493243 0.254186073 0.285715797 0.284495616 0.257157299 0.000000000 0.172550135 0.595147823 0.609249755 0.595043935 0.590387800 0.592874681 0.595232672 0.601034157 0.613565490 0.673365139 0.693380651 0.638453521 0.643890861 0.685199050 0.704501629 0.598558096 0.586644349 0.618305403 0.602099164 0.613936642 0.630895865 0.643432667 0.588978916 0.607279525 0.651312498 0.665526389 0.656171846 0.660050686 0.649904268 0.590132946 0.604298786 0.603596467 0.691338020 0.622218842 1.145405998 
14     0.598781988 0.599440529 0.625963932 0.582594130 0.604248218 0.609706672 0.614425675 0.588832521 0.590909559 0.625011211 0.584970862 0.283226301 0.313570224 0.312035830 0.285224772 0.172550135 0.000000000 0.620855880 0.634743034 0.620619650 0.616001366 0.618450396 0.620835819 0.626637303 0.639121141 0.698714497 0.718751699 0.663902898 0.669281108 0.710558650 0.729861229 0.623754104 0.611939801 0.643552290 0.627266556 0.639142095 0.656187429 0.668698549 0.614244797 0.632545407 0.676592756 0.690828574 0.681480860 0.685297353 0.675150935 0.615523192 0.629691544 0.628989224 0.716721294 0.647663550 1.170938546 
12     0.563902311 0.565473697 0.590282715 0.547577935 0.568706471 0.574263243 0.577645404 0.550786142 0.553257675 0.587788031 0.547915353 0.598249911 0.633963894 0.630932923 0.603424368 0.595147823 0.620855880 0.000000000 0.216680322 0.292388480 0.287055752 0.289813768 0.291611118 0.297674949 0.310552537 0.533286872 0.553022208 0.608361995 0.614042616 0.656003895 0.674911583 0.568135732 0.556920266 0.588241638 0.572651750 0.583586256 0.600294420 0.613240862 0.560516986 0.577303532 0.621547360 0.635566782 0.626347993 0.629815869 0.620263053 0.557995059 0.573105463 0.572403143 0.662298833 0.593138297 1.106191410 
1     0.578296410 0.579879909 0.604899287 0.562132571 0.583542372 0.589099143 0.592534140 0.565542034 0.568006166 0.602543182 0.562851608 0.612655000 0.648331995 0.645301024 0.617829440 0.609249755 0.634743034 0.216680322 0.000000000 0.309193089 0.304044194 0.306580425 0.308167700 0.314167766 0.327654063 0.550241106 0.570194094 0.623741538 0.629025897 0.670904209 0.689811897 0.582932554 0.571669290 0.602977372 0.587158727 0.598093232 0.614935803 0.627485115 0.575659574 0.591662881 0.636339865 0.650359287 0.641140498 0.644839282 0.635055558 0.572969721 0.588134567 0.587432248 0.676626472 0.607544846 1.121306606 
7     0.563180403 0.564933608 0.589425983 0.547008782 0.568021520 0.573657457 0.577205279 0.550098910 0.552895034 0.587192729 0.547516681 0.597962965 0.633876164 0.630845192 0.602929301 0.595043935 0.620619650 0.292388480 0.309193089 0.000000000 0.080074254 0.153475790 0.184304098 0.189833401 0.277842493 0.534977854 0.554854403 0.606382241 0.612034184 0.653764097 0.672671785 0.564662061 0.553906835 0.585411384 0.569773107 0.580528610 0.597907961 0.610610390 0.558245650 0.575168378 0.619437014 0.633456436 0.624237647 0.627390742 0.618152708 0.556998260 0.572394322 0.571726486 0.660508071 0.591355069 1.105934597 
17     0.558635185 0.560480392 0.585010246 0.542544142 0.563556880 0.569192817 0.572740639 0.545494251 0.548290375 0.582588070 0.542912022 0.593319094 0.629154936 0.626126719 0.598250788 0.590387800 0.616001366 0.287055752 0.304044194 0.080074254 0.000000000 0.148122051 0.179513130 0.184727501 0.273118839 0.530274527 0.550151076 0.602458536 0.608110479 0.649840391 0.668748079 0.560727227 0.549972001 0.581476550 0.565838273 0.576593776 0.593973127 0.606675556 0.554310816 0.571233544 0.615502180 0.629521602 0.620302813 0.623455909 0.614217874 0.553522852 0.568739067 0.568036747 0.656538870 0.587385868 1.101597040 
23     0.561676483 0.563418911 0.588018656 0.544864857 0.565947189 0.571583126 0.575618058 0.548373193 0.551169316 0.585467012 0.545820936 0.595647369 0.631657009 0.628626037 0.600710146 0.592874681 0.618450396 0.289813768 0.306580425 0.153475790 0.148122051 0.000000000 0.181476715 0.186690297 0.274782074 0.532926956 0.552803505 0.607245366 0.612620455 0.654457042 0.673364730 0.566339580 0.555262450 0.586624063 0.570993934 0.581749437 0.598634596 0.611337025 0.558934832 0.575857559 0.618589304 0.632629867 0.623309719 0.626371439 0.617224780 0.556434308 0.571688073 0.570985754 0.660496242 0.591401524 1.104590303 
5     0.564153823 0.565896251 0.590557707 0.547898900 0.569014495 0.574571266 0.578095398 0.550868534 0.553655570 0.587953266 0.548310596 0.598328151 0.634241350 0.631210378 0.602903356 0.595232672 0.620835819 0.291611118 0.308167700 0.184304098 0.179513130 0.181476715 0.000000000 0.069341498 0.277683723 0.535652390 0.555606200 0.609395234 0.614770323 0.656606910 0.675514597 0.568389030 0.557171495 0.588343409 0.572949726 0.583705229 0.600625589 0.613446373 0.560705687 0.577773746 0.622070622 0.636090045 0.626871256 0.630316389 0.620786316 0.558614267 0.573677540 0.572974166 0.662770489 0.593825177 1.107051934 
27     0.569737382 0.571479809 0.596141266 0.552940561 0.574139760 0.579675018 0.583272151 0.556498062 0.559285098 0.593582793 0.553948383 0.604129635 0.640042834 0.637011863 0.608743779 0.601034157 0.626637303 0.297674949 0.314167766 0.189833401 0.184727501 0.186690297 0.069341498 0.000000000 0.283683511 0.541694808 0.561648619 0.615425223 0.620800312 0.662636899 0.681544587 0.574597204 0.563379669 0.594792304 0.579162174 0.589917678 0.606772625 0.619593409 0.566859914 0.583927973 0.628044447 0.642063870 0.632845080 0.636290214 0.626760141 0.564588092 0.579651364 0.578947991 0.668724236 0.599771370 1.112986559 
2     0.578630188 0.580518947 0.605650173 0.563385937 0.584454714 0.590090651 0.593494705 0.566166967 0.569297411 0.603259486 0.564213924 0.616427270 0.652482077 0.649383646 0.621737959 0.613565490 0.639121141 0.310552537 0.327654063 0.277842493 0.273118839 0.274782074 0.277683723 0.283683511 0.000000000 0.553810233 0.573588660 0.625477182 0.631022324 0.672765962 0.692073732 0.585072773 0.573848444 0.605210057 0.589719621 0.600028806 0.617433766 0.630136195 0.577284703 0.594261681 0.638883200 0.652902623 0.643683833 0.647133931 0.637598894 0.575338614 0.590567507 0.589865187 0.679852342 0.610653922 1.122565320 
10     0.642588513 0.644599432 0.670339820 0.627564471 0.647966402 0.654057403 0.657475153 0.632390766 0.634557553 0.666754334 0.629544781 0.676719968 0.712955852 0.709924881 0.681738319 0.673365139 0.698714497 0.533286872 0.550241106 0.534977854 0.530274527 0.532926956 0.535652390 0.541694808 0.553810233 0.000000000 0.253794424 0.688304447 0.694551007 0.735222483 0.754075625 0.648239384 0.635682113 0.668125448 0.652434819 0.663345816 0.681123668 0.692079176 0.640502778 0.656303409 0.700529040 0.714358253 0.704924637 0.708395299 0.698839698 0.639334873 0.653828962 0.653126643 0.742114010 0.672502348 1.188764445 
15     0.662262535 0.664218477 0.689694290 0.647468194 0.668087225 0.673961125 0.677539742 0.652013090 0.654179877 0.686981627 0.647929420 0.696627748 0.732669054 0.729638083 0.701424123 0.693380651 0.718751699 0.553022208 0.570194094 0.554854403 0.550151076 0.552803505 0.555606200 0.561648619 0.573588660 0.253794424 0.000000000 0.708488629 0.714735188 0.755425961 0.774279102 0.668473020 0.656180603 0.688337274 0.672714116 0.683625114 0.701284983 0.712232529 0.660302996 0.676290339 0.720597305 0.734464237 0.725134643 0.728605305 0.719049704 0.659546059 0.673873936 0.673171617 0.762501142 0.692906723 1.208813338 
43     0.607385638 0.610583075 0.636630102 0.591194953 0.613068832 0.618669131 0.622815655 0.598765727 0.601389456 0.634809951 0.595076153 0.639394777 0.675409142 0.672131437 0.643933025 0.638453521 0.663902898 0.608361995 0.623741538 0.606382241 0.602458536 0.607245366 0.609395234 0.615425223 0.625477182 0.688304447 0.708488629 0.000000000 0.347166859 0.406169922 0.425206649 0.424146438 0.412103761 0.445103397 0.428476816 0.439533482 0.459159862 0.471439417 0.422640071 0.435510564 0.478446670 0.492144319 0.482930765 0.486108077 0.476764873 0.432178741 0.447828416 0.447249114 0.565061419 0.495753409 1.112112278 
34     0.614223882 0.617243016 0.643147763 0.597795446 0.619669369 0.625269668 0.629264790 0.605301663 0.607858124 0.641068306 0.601868951 0.644601317 0.680868808 0.677663958 0.649666954 0.643890861 0.669281108 0.614042616 0.629025897 0.612034184 0.608110479 0.612620455 0.614770323 0.620800312 0.631022324 0.694551007 0.714735188 0.347166859 0.000000000 0.415870625 0.434859028 0.429458637 0.417331632 0.449917768 0.433513352 0.444536833 0.464239652 0.476298848 0.427714322 0.440232390 0.483341262 0.496586635 0.487333231 0.490744369 0.481167339 0.437041074 0.452795010 0.452215708 0.569529640 0.500261252 1.114679450 
49     0.654815811 0.657956006 0.683697067 0.638592113 0.660466037 0.666066335 0.669772498 0.646401618 0.648596807 0.682532704 0.642459042 0.685839955 0.722895646 0.719617940 0.691457806 0.685199050 0.710558650 0.656003895 0.670904209 0.653764097 0.649840391 0.654457042 0.656606910 0.662636899 0.672765962 0.735222483 0.755425961 0.406169922 0.415870625 0.000000000 0.170470241 0.471990015 0.459948164 0.492917474 0.476342935 0.487329336 0.506867487 0.519138520 0.470734953 0.483447387 0.524995070 0.537831586 0.528687267 0.532302887 0.522337162 0.477884540 0.493199678 0.492620376 0.609273082 0.541481996 1.160083719 
36     0.673774177 0.676914372 0.702655433 0.657490091 0.679399335 0.684999633 0.688705795 0.665415953 0.667611143 0.701547039 0.661682982 0.705200455 0.742112044 0.738834339 0.710674205 0.704501629 0.729861229 0.674911583 0.689811897 0.672671785 0.668748079 0.673364730 0.675514597 0.681544587 0.692073732 0.754075625 0.774279102 0.425206649 0.434859028 0.170470241 0.000000000 0.490406469 0.478364618 0.511272629 0.494769926 0.505894454 0.525018015 0.537341185 0.488812310 0.501671861 0.544226897 0.557124070 0.548212273 0.551657540 0.541787921 0.496641011 0.511956149 0.511376847 0.628052922 0.560261836 1.178995617 
40     0.568851302 0.571269504 0.597167127 0.550920122 0.572144778 0.578408398 0.582776617 0.559515396 0.561839814 0.595403338 0.556679905 0.600075330 0.636211581 0.633039058 0.605304881 0.598558096 0.623754104 0.568135732 0.582932554 0.564662061 0.560727227 0.566339580 0.568389030 0.574597204 0.585072773 0.648239384 0.668473020 0.424146438 0.429458637 0.471990015 0.490406469 0.000000000 0.118450367 0.202469691 0.188569385 0.199714299 0.291822966 0.303328528 0.257168144 0.268152776 0.416879459 0.430753351 0.421596296 0.426413060 0.415688047 0.393514084 0.408930957 0.408351655 0.523920848 0.454119287 1.071198479 
32     0.557138987 0.559557189 0.585454812 0.539188302 0.560621356 0.566690351 0.571044798 0.547934493 0.550258911 0.584059115 0.544902567 0.588320266 0.624456518 0.621283994 0.593549818 0.586644349 0.611939801 0.556920266 0.571669290 0.553906835 0.549972001 0.555262450 0.557171495 0.563379669 0.573848444 0.635682113 0.656180603 0.412103761 0.417331632 0.459948164 0.478364618 0.118450367 0.000000000 0.189290009 0.176508993 0.188734420 0.279760437 0.291097212 0.245484769 0.256405556 0.404882613 0.418756505 0.409599450 0.414395610 0.403691201 0.381672042 0.397129790 0.396550489 0.511138177 0.442135755 1.059398440 
30     0.589055286 0.591473489 0.617319686 0.571036911 0.592656328 0.598725323 0.602893406 0.579478809 0.581803227 0.615603432 0.576434685 0.619637476 0.656067712 0.652895188 0.625161011 0.618305403 0.643552290 0.588241638 0.602977372 0.585411384 0.581476550 0.586624063 0.588343409 0.594792304 0.605210057 0.668125448 0.688337274 0.445103397 0.449917768 0.492917474 0.511272629 0.202469691 0.189290009 0.000000000 0.210194686 0.222076797 0.311073244 0.322451685 0.276277950 0.287441027 0.434762986 0.448645875 0.439504741 0.444300901 0.433596492 0.412537521 0.427981990 0.427402688 0.542808424 0.473520725 1.088539932 
44     0.572852294 0.575245667 0.601172327 0.555161055 0.576342858 0.582863632 0.587141845 0.563420341 0.565717126 0.599517330 0.560069266 0.603684007 0.639683429 0.636510906 0.608639342 0.602099164 0.627266556 0.572651750 0.587158727 0.569773107 0.565838273 0.570993934 0.572949726 0.579162174 0.589719621 0.652434819 0.672714116 0.428476816 0.433513352 0.476342935 0.494769926 0.188569385 0.176508993 0.210194686 0.000000000 0.136843653 0.294933984 0.305988227 0.260307852 0.271458519 0.420970887 0.434729213 0.425538874 0.430355638 0.419630625 0.397259588 0.413107601 0.412528299 0.527700097 0.457829001 1.075453075 
28     0.583517502 0.586829311 0.612755971 0.566951842 0.588256896 0.594640255 0.598808338 0.575016310 0.577310407 0.611110612 0.571954063 0.615454236 0.651590488 0.648417964 0.620683788 0.613936642 0.639142095 0.583586256 0.598093232 0.580528610 0.576593776 0.581749437 0.583705229 0.589917678 0.600028806 0.663345816 0.683625114 0.439533482 0.444536833 0.487329336 0.505894454 0.199714299 0.188734420 0.222076797 0.136843653 0.000000000 0.306175024 0.317479619 0.271101335 0.282398984 0.432103967 0.445862293 0.436671954 0.441488718 0.430763705 0.408265705 0.424113719 0.423534417 0.538879199 0.469039713 1.086711596 
35     0.601648097 0.604066300 0.629976893 0.584149527 0.605851019 0.611907336 0.615969219 0.592162008 0.594285175 0.628085379 0.588962466 0.632160448 0.668595230 0.665422706 0.637688530 0.630895865 0.656187429 0.600294420 0.614935803 0.597907961 0.593973127 0.598634596 0.600625589 0.606772625 0.617433766 0.681123668 0.701284983 0.459159862 0.464239652 0.506867487 0.525018015 0.291822966 0.279760437 0.311073244 0.294933984 0.306175024 0.000000000 0.157125009 0.249793776 0.259297232 0.450187062 0.464211009 0.454665355 0.459521809 0.448817400 0.426430302 0.441329687 0.440810897 0.556242173 0.486965167 1.103019103 
42     0.613783758 0.616201961 0.642112554 0.595252243 0.616914623 0.623053666 0.627169625 0.604479230 0.606563279 0.640277069 0.601188721 0.645387294 0.681077690 0.677905167 0.650170990 0.643432667 0.668698549 0.613240862 0.627485115 0.610610390 0.606675556 0.611337025 0.613446373 0.619593409 0.630136195 0.692079176 0.712232529 0.471439417 0.476298848 0.519138520 0.537341185 0.303328528 0.291097212 0.322451685 0.305988227 0.317479619 0.157125009 0.000000000 0.261847833 0.271124633 0.462045068 0.476069014 0.466523360 0.471379814 0.460675405 0.438713686 0.453979770 0.453400468 0.568220592 0.499015922 1.115501830 
47     0.562614886 0.565033088 0.590950998 0.544326572 0.566530048 0.572586365 0.576545503 0.552730327 0.554881884 0.589048862 0.549914282 0.589805948 0.625757006 0.622584482 0.594546557 0.588978916 0.614244797 0.560516986 0.575659574 0.558245650 0.554310816 0.558934832 0.560705687 0.566859914 0.577284703 0.640502778 0.660302996 0.422640071 0.427714322 0.470734953 0.488812310 0.257168144 0.245484769 0.276277950 0.260307852 0.271101335 0.249793776 0.261847833 0.000000000 0.134240493 0.414075872 0.428245858 0.418570675 0.423447733 0.412722720 0.389726801 0.405174506 0.404595205 0.518821262 0.449644861 1.064287793 
31     0.578277242 0.580695445 0.606459525 0.560676954 0.582564710 0.588621028 0.592682911 0.568929657 0.571063063 0.604863267 0.565725059 0.608269714 0.645126432 0.641953908 0.614225788 0.607279525 0.632545407 0.577303532 0.591662881 0.575168378 0.571233544 0.575857559 0.577773746 0.583927973 0.594261681 0.656303409 0.676290339 0.435510564 0.440232390 0.483447387 0.501671861 0.268152776 0.256405556 0.287441027 0.271458519 0.282398984 0.259297232 0.271124633 0.134240493 0.000000000 0.426243668 0.440397144 0.430721961 0.435599019 0.424874005 0.403144532 0.418532140 0.417952839 0.532945083 0.463860672 1.078656361 
33     0.620889935 0.623899195 0.649707489 0.603732508 0.625562027 0.631436378 0.635697524 0.612232612 0.614509281 0.648301435 0.608728589 0.652582217 0.688553458 0.685275752 0.657424666 0.651312498 0.676592756 0.621547360 0.636339865 0.619437014 0.615502180 0.618589304 0.622070622 0.628044447 0.638883200 0.700529040 0.720597305 0.478446670 0.483341262 0.524995070 0.544226897 0.416879459 0.404882613 0.434762986 0.420970887 0.432103967 0.450187062 0.462045068 0.414075872 0.426243668 0.000000000 0.201566681 0.191416072 0.197551376 0.188075470 0.445325861 0.461331147 0.460526738 0.576889497 0.506817400 1.126148636 
48     0.635434760 0.638450658 0.664293269 0.618536349 0.640548044 0.646148342 0.649988705 0.626426751 0.628703420 0.662550893 0.623150597 0.666780625 0.702735040 0.699457335 0.671849976 0.665526389 0.690828574 0.635566782 0.650359287 0.633456436 0.629521602 0.632629867 0.636090045 0.642063870 0.652902623 0.714358253 0.734464237 0.492144319 0.496586635 0.537831586 0.557124070 0.430753351 0.418756505 0.448645875 0.434729213 0.445862293 0.464211009 0.476069014 0.428245858 0.440397144 0.201566681 0.000000000 0.201087710 0.204698640 0.194532863 0.457340849 0.474386815 0.473582405 0.590590587 0.520474787 1.137158684 
50     0.626392638 0.629408535 0.655251146 0.609412944 0.631424639 0.637024938 0.640943389 0.617384629 0.619661298 0.653508771 0.614108475 0.657198561 0.693214391 0.689924913 0.662363912 0.656171846 0.681480860 0.626347993 0.641140498 0.624237647 0.620302813 0.623309719 0.626871256 0.632845080 0.643683833 0.704924637 0.725134643 0.482930765 0.487333231 0.528687267 0.548212273 0.421596296 0.409599450 0.439504741 0.425538874 0.436671954 0.454665355 0.466523360 0.418570675 0.430721961 0.191416072 0.201087710 0.000000000 0.102115548 0.092449874 0.449270571 0.465763651 0.464959241 0.581792621 0.512232169 1.130618074 
38     0.629908784 0.632924682 0.658767292 0.613010373 0.635022068 0.640622366 0.644459535 0.620900775 0.623177444 0.657024917 0.617624621 0.661077401 0.697093231 0.693803754 0.666130887 0.660050686 0.685297353 0.629815869 0.644839282 0.627390742 0.623455909 0.626371439 0.630316389 0.636290214 0.647133931 0.708395299 0.728605305 0.486108077 0.490744369 0.532302887 0.551657540 0.426413060 0.414395610 0.444300901 0.430355638 0.441488718 0.459521809 0.471379814 0.423447733 0.435599019 0.197551376 0.204698640 0.102115548 0.000000000 0.092157898 0.453103845 0.469713703 0.468909294 0.585189308 0.515906610 1.134588264 
37     0.620125060 0.623140958 0.648983568 0.603226649 0.625238344 0.630838642 0.634675811 0.611280877 0.613393720 0.647241193 0.607840897 0.650930983 0.686946813 0.683657336 0.656061749 0.649904268 0.675150935 0.620263053 0.635055558 0.618152708 0.614217874 0.617224780 0.620786316 0.626760141 0.637598894 0.698839698 0.719049704 0.476764873 0.481167339 0.522337162 0.541787921 0.415688047 0.403691201 0.433596492 0.419630625 0.430763705 0.448817400 0.460675405 0.412722720 0.424874005 0.188075470 0.194532863 0.092449874 0.092157898 0.000000000 0.442646051 0.459255909 0.458451500 0.575370171 0.505809719 1.124452182 
29     0.557973271 0.560248584 0.586448833 0.541269762 0.563390125 0.568990423 0.572758218 0.549011491 0.550809988 0.584820340 0.545594697 0.591283241 0.627189446 0.624016922 0.595973879 0.590132946 0.615523192 0.557995059 0.572969721 0.556998260 0.553522852 0.556434308 0.558614267 0.564588092 0.575338614 0.639334873 0.659546059 0.432178741 0.437041074 0.477884540 0.496641011 0.393514084 0.381672042 0.412537521 0.397259588 0.408265705 0.426430302 0.438713686 0.389726801 0.403144532 0.445325861 0.457340849 0.449270571 0.453103845 0.442646051 0.000000000 0.189434920 0.189211197 0.514287441 0.444914181 1.063474249 
45     0.573414805 0.575681940 0.601760001 0.555243830 0.577520837 0.583194308 0.587046330 0.564263616 0.566016153 0.599757931 0.560634659 0.605364867 0.641437466 0.638264942 0.610221899 0.604298786 0.629691544 0.573105463 0.588134567 0.572394322 0.568739067 0.571688073 0.573677540 0.579651364 0.590567507 0.653828962 0.673873936 0.447828416 0.452795010 0.493199678 0.511956149 0.408930957 0.397129790 0.427981990 0.413107601 0.424113719 0.441329687 0.453979770 0.405174506 0.418532140 0.461331147 0.474386815 0.465763651 0.469713703 0.459255909 0.189434920 0.000000000 0.068651361 0.530642108 0.461432807 1.079033903 
41     0.572712485 0.574979620 0.601057681 0.554541511 0.576818518 0.582491988 0.586344011 0.563561297 0.565313833 0.599055611 0.559932340 0.604662548 0.640735147 0.637562623 0.609519579 0.603596467 0.628989224 0.572403143 0.587432248 0.571726486 0.568036747 0.570985754 0.572974166 0.578947991 0.589865187 0.653126643 0.673171617 0.447249114 0.452215708 0.492620376 0.511376847 0.408351655 0.396550489 0.427402688 0.412528299 0.423534417 0.440810897 0.453400468 0.404595205 0.417952839 0.460526738 0.473582405 0.464959241 0.468909294 0.458451500 0.189211197 0.068651361 0.000000000 0.529912043 0.460702741 1.078331584 
46     0.662009440 0.664303949 0.690118038 0.645196608 0.667011426 0.672717300 0.676549544 0.652892258 0.654943412 0.688846701 0.649689690 0.692857644 0.728859095 0.725608763 0.698376311 0.691338020 0.716721294 0.662298833 0.676626472 0.660508071 0.656538870 0.660496242 0.662770489 0.668724236 0.679852342 0.742114010 0.762501142 0.565061419 0.569529640 0.609273082 0.628052922 0.523920848 0.511138177 0.542808424 0.527700097 0.538879199 0.556242173 0.568220592 0.518821262 0.532945083 0.576889497 0.590590587 0.581792621 0.585189308 0.575370171 0.514287441 0.530642108 0.529912043 0.000000000 0.432843928 1.165275744 
39     0.591422230 0.593985033 0.619895465 0.575202892 0.597111247 0.602711118 0.606631513 0.582484810 0.585089135 0.618992424 0.579848603 0.623281439 0.659963465 0.656519262 0.629480618 0.622218842 0.647663550 0.593138297 0.607544846 0.591355069 0.587385868 0.591401524 0.593825177 0.599771370 0.610653922 0.672502348 0.692906723 0.495753409 0.500261252 0.541481996 0.560261836 0.454119287 0.442135755 0.473520725 0.457829001 0.469039713 0.486965167 0.499015922 0.449644861 0.463860672 0.506817400 0.520474787 0.512232169 0.515906610 0.505809719 0.444914181 0.461432807 0.460702741 0.432843928 0.000000000 1.093938343 
0     1.113948908 1.114703842 1.139604637 1.095892253 1.117594192 1.122316946 1.127230173 1.102274736 1.103998298 1.137687239 1.096253444 1.146147863 1.183719263 1.180567435 1.152616724 1.145405998 1.170938546 1.106191410 1.121306606 1.105934597 1.101597040 1.104590303 1.107051934 1.112986559 1.122565320 1.188764445 1.208813338 1.112112278 1.114679450 1.160083719 1.178995617 1.071198479 1.059398440 1.088539932 1.075453075 1.086711596 1.103019103 1.115501830 1.064287793 1.078656361 1.126148636 1.137158684 1.130618074 1.134588264 1.124452182 1.063474249 1.079033903 1.078331584 1.165275744 1.093938343 0.000000000 
