51
8     0.000000000 0.000051080 0.001409760 0.003643170 0.001088160 0.003201790 0.001584320 0.001566060 0.000240540 0.001898140 0.000921990 0.000751340 0.005913450 0.004429670 0.003216590 0.003439250 0.003148930 0.004161530 0.002992560 0.001923380 0.001074950 0.003960050 0.000418640 0.003639380 0.004008960 0.003748570 0.003804180 0.003060900 0.003445780 0.002534440 0.002013810 0.003431500 0.001455230 0.002235000 0.002179800 0.002332550 0.001798010 0.001992810 0.002288580 0.002632760 0.003425910 0.001328830 0.000570820 0.003079960 0.004023340 0.003926540 0.004060840 0.005158860 0.004288120 0.003249370 0.003305130 
4     0.000051080 0.000000000 0.001421560 0.001561440 0.001099960 0.002535190 0.001596120 0.001577860 0.000252340 0.005208240 0.005022050 0.005254100 0.004854710 0.004760350 0.004828640 0.001604240 0.003403600 0.003834250 0.002609090 0.000768440 0.004011390 0.003531290 0.000430440 0.003312100 0.003681680 0.003421290 0.003476900 0.000945670 0.001905800 0.001617110 0.001135060 0.004078770 0.001944620 0.004081100 0.003346150 0.003549070 0.003864320 0.000619240 0.003955920 0.003994280 0.004074440 0.004119830 0.000582620 0.002106970 0.004354020 0.004257220 0.004391520 0.005489540 0.003960840 0.003609990 0.002638530 
25     0.001409760 0.001421560 0.000000000 0.002070380 0.000541160 0.000729360 0.001014590 0.001785930 0.001436980 0.002445810 0.001633490 0.000641120 0.004976610 0.002518500 0.000952930 0.000537260 0.000840240 0.001174220 0.002019810 0.000351610 0.002331610 0.001038530 0.001529720 0.002253060 0.002622640 0.002251780 0.002305220 0.002272040 0.002342970 0.000361010 0.002042070 0.003476740 0.001652690 0.001373240 0.000835670 0.004024570 0.000648980 0.000705700 0.000884660 0.000516380 0.002394660 0.001054100 0.001682080 0.002523710 0.002647610 0.002550810 0.002685110 0.003783130 0.002509840 0.001029430 0.003043640 
22     0.003643170 0.001561440 0.002070380 0.000000000 0.000305940 0.000814080 0.004701770 0.001368390 0.003538240 0.005972480 0.003769690 0.002094260 0.004558630 0.005862380 0.002213350 0.003902990 0.004050140 0.002302060 0.001493060 0.004648440 0.003890940 0.001641600 0.003911500 0.003692160 0.004328220 0.003634660 0.002867820 0.004227530 0.004184570 0.004066010 0.004363040 0.002623200 0.000897110 0.001594470 0.003320700 0.001735590 0.003550070 0.003717460 0.004015100 0.004017970 0.003225540 0.003753400 0.000261920 0.001660710 0.005732770 0.000847860 0.005243650 0.004936980 0.004607380 0.004256530 0.003636980 
38     0.001088160 0.001099960 0.000541160 0.000305940 0.000000000 0.001897020 0.002513200 0.002494940 0.001115380 0.003596140 0.002878580 0.002707930 0.000860240 0.001219250 0.001454300 0.003161670 0.003308820 0.003739470 0.000535960 0.003907120 0.003916610 0.003537990 0.001208120 0.003217320 0.003586900 0.003326510 0.003382120 0.003486210 0.003443250 0.000988680 0.003621720 0.003944420 0.003978350 0.001201700 0.003771510 0.000778490 0.002780420 0.002656070 0.003147900 0.001621380 0.003979660 0.001590350 0.001360480 0.001732350 0.006751460 0.003192790 0.006493650 0.007006520 0.003866060 0.003515210 0.004228900 
36     0.003201790 0.002535190 0.000729360 0.000814080 0.001897020 0.000000000 0.004218190 0.001634760 0.003096860 0.004793500 0.004179930 0.003858980 0.005114490 0.002427210 0.002174400 0.002966510 0.003587270 0.004417150 0.000622370 0.000977710 0.004039950 0.001980340 0.003198810 0.001645370 0.004264580 0.002455680 0.002582440 0.002692150 0.001878100 0.001355510 0.001010830 0.001796070 0.000899070 0.002105050 0.002311050 0.002187930 0.004447220 0.004503940 0.002757980 0.004577180 0.004657340 0.003050690 0.002787020 0.002661160 0.000156030 0.000811300 0.002488180 0.002924500 0.000731720 0.001028840 0.003392340 
20     0.001584320 0.001596120 0.001014590 0.004701770 0.002513200 0.004218190 0.000000000 0.000644060 0.001665580 0.005186240 0.003007840 0.005332710 0.005080350 0.007102530 0.005520360 0.002105210 0.000905490 0.003645990 0.004072240 0.003813640 0.003823130 0.003444510 0.001843680 0.003123840 0.003493420 0.003233030 0.003146240 0.003392730 0.003349770 0.003231210 0.003528240 0.004347520 0.003884870 0.003892840 0.002096900 0.004314770 0.003676060 0.003732780 0.002122510 0.003203500 0.003886180 0.000264220 0.001035380 0.001885740 0.006903170 0.006811560 0.006866580 0.006913040 0.003772580 0.003421730 0.007375010 
28     0.001566060 0.001577860 0.001785930 0.001368390 0.002494940 0.001634760 0.000644060 0.000000000 0.001576690 0.005454130 0.003830980 0.003817980 0.003759080 0.002725310 0.000927660 0.001734890 0.001872510 0.001738090 0.000324580 0.002489600 0.002360330 0.002176250 0.000869550 0.002001240 0.002617120 0.002356730 0.002412340 0.002516430 0.002473470 0.002354910 0.002651940 0.003471220 0.002476680 0.002135290 0.001597720 0.004019050 0.002407800 0.002464520 0.002499400 0.002537760 0.000697580 0.002663310 0.001977600 0.002139700 0.002318980 0.002222180 0.002356480 0.003454500 0.001864680 0.002153470 0.001029080 
31     0.000240540 0.000252340 0.001436980 0.003538240 0.001115380 0.003096860 0.001665580 0.001576690 0.000000000 0.000357830 0.000165220 0.002484990 0.003576850 0.003935860 0.002577540 0.001038050 0.001039420 0.002055970 0.000607540 0.002223620 0.002233110 0.000124570 0.000445860 0.001659400 0.002028980 0.001768590 0.001824200 0.001928290 0.001885330 0.001766770 0.002063800 0.002883080 0.002294850 0.002302820 0.002088010 0.003430910 0.002086040 0.002142760 0.002177640 0.002216000 0.001525610 0.002341550 0.000598040 0.003161220 0.003722650 0.003625850 0.003760150 0.004858170 0.002182560 0.001831710 0.002005180 
37     0.001898140 0.005208240 0.002445810 0.005972480 0.003596140 0.004793500 0.005186240 0.005454130 0.000357830 0.000000000 0.000553510 0.000512630 0.001562650 0.001817230 0.000672970 0.003996410 0.003234380 0.003235560 0.003345720 0.004886290 0.002536040 0.001546050 0.000918500 0.001686270 0.002616560 0.001022370 0.004486960 0.005210450 0.003859200 0.003387250 0.002586080 0.004596720 0.003023080 0.004444730 0.002194390 0.005727160 0.005902010 0.000416240 0.005591390 0.005472880 0.005414800 0.006018700 0.001172980 0.005017750 0.004926110 0.006219010 0.003528790 0.002832620 0.003820640 0.003854650 0.001702240 
29     0.000921990 0.005022050 0.001633490 0.003769690 0.002878580 0.004179930 0.003007840 0.003830980 0.000165220 0.000553510 0.000000000 0.000027820 0.001514700 0.001404990 0.000486780 0.000707140 0.003357590 0.003049370 0.003159530 0.004700100 0.004058510 0.003155650 0.000832000 0.001500080 0.002430370 0.000998480 0.004300770 0.005171500 0.003673010 0.000192080 0.000754000 0.002360690 0.003146290 0.003973530 0.002317600 0.004257610 0.004432460 0.001558510 0.004734810 0.004737680 0.003945250 0.003652760 0.005029000 0.005038930 0.003456560 0.004595860 0.002059240 0.002485210 0.001380140 0.002721170 0.001516050 
41     0.000751340 0.005254100 0.000641120 0.002094260 0.002707930 0.003858980 0.005332710 0.003817980 0.002484990 0.000512630 0.000027820 0.000000000 0.000540360 0.000620320 0.000560050 0.003061890 0.003172480 0.003281420 0.003391580 0.004850280 0.002470320 0.002970540 0.000795510 0.001732130 0.002662420 0.000986290 0.004147050 0.004557380 0.003905060 0.003433110 0.002524180 0.004378660 0.002961180 0.003960530 0.002132490 0.005418990 0.005593840 0.001399220 0.004466460 0.003181890 0.005106630 0.005710530 0.005016000 0.001532250 0.004617940 0.004582860 0.003220620 0.000796980 0.003758740 0.003792750 0.001748100 
35     0.005913450 0.004854710 0.004976610 0.004558630 0.000860240 0.005114490 0.005080350 0.003759080 0.003576850 0.001562650 0.001514700 0.000540360 0.000000000 0.000416460 0.000789610 0.002456430 0.001761950 0.005412760 0.005522920 0.002031420 0.005622880 0.002519480 0.001946920 0.003308680 0.004581480 0.001945190 0.004688720 0.003582010 0.002902480 0.002434010 0.001153560 0.004228300 0.002510120 0.002341690 0.000517810 0.002652840 0.002619100 0.002358120 0.002336840 0.002430850 0.001286010 0.004484550 0.007338240 0.004504790 0.004793340 0.006245730 0.003396020 0.002697460 0.003307680 0.001807190 0.003667160 
9     0.004429670 0.004760350 0.002518500 0.005862380 0.001219250 0.002427210 0.007102530 0.002725310 0.003935860 0.001817230 0.001404990 0.000620320 0.000416460 0.000000000 0.000474380 0.002307690 0.001613210 0.004649820 0.005648280 0.003047370 0.004070780 0.002783790 0.002533020 0.003269250 0.004794600 0.002209500 0.005149610 0.005010430 0.004814760 0.003998650 0.000650950 0.004478700 0.002774430 0.002802580 0.001026180 0.003113730 0.003079990 0.002622430 0.002797730 0.002891740 0.001746900 0.004945440 0.003923330 0.004495250 0.003586990 0.003490190 0.003247280 0.002541170 0.003571990 0.003606000 0.003880280 
11     0.003216590 0.004828640 0.000952930 0.002213350 0.001454300 0.002174400 0.005520360 0.000927660 0.002577540 0.000672970 0.000486780 0.000560050 0.000789610 0.000474380 0.000000000 0.001639870 0.002695350 0.002925370 0.003035530 0.003932670 0.004245840 0.002493410 0.000646910 0.001376080 0.002306370 0.001919120 0.002685200 0.004649930 0.003549010 0.001606090 0.000898630 0.004640250 0.002484050 0.003042920 0.000735800 0.003948500 0.004123350 0.002332050 0.003197970 0.003122330 0.003636140 0.004240040 0.004098390 0.004478720 0.003147450 0.003665250 0.001750130 0.002556430 0.003281610 0.002412060 0.001392050 
14     0.003439250 0.001604240 0.000537260 0.003902990 0.003161670 0.002966510 0.002105210 0.001734890 0.001038050 0.003996410 0.000707140 0.003061890 0.002456430 0.002307690 0.001639870 0.000000000 0.000789200 0.002783800 0.003210050 0.002120790 0.000159480 0.001512460 0.001542600 0.002261650 0.002631230 0.002370840 0.002426450 0.002530540 0.002487580 0.002369020 0.002666050 0.001429160 0.001852350 0.001322200 0.000784630 0.001540350 0.001456710 0.002870590 0.000800660 0.000828790 0.000519850 0.003069380 0.002532970 0.001382390 0.002596570 0.002499770 0.000749260 0.002916610 0.000880260 0.002559540 0.003886220 
6     0.003148930 0.003403600 0.000840240 0.004050140 0.003308820 0.003587270 0.000905490 0.001872510 0.001039420 0.003234380 0.003357590 0.003172480 0.001761950 0.001613210 0.002695350 0.000789200 0.000000000 0.000808510 0.003357200 0.002379770 0.002299380 0.001430900 0.001680220 0.002408800 0.002778380 0.002517990 0.002573600 0.002677690 0.002634730 0.002367330 0.002813200 0.003591480 0.000573750 0.001459820 0.000922250 0.002537480 0.002961020 0.003017740 0.001458590 0.002397800 0.000879480 0.003216530 0.002680120 0.002620590 0.002734190 0.002637390 0.002771690 0.002673100 0.001784140 0.000859660 0.004928170 
19     0.004161530 0.003834250 0.001174220 0.002302060 0.003739470 0.004417150 0.003645990 0.001738090 0.002055970 0.003235560 0.003049370 0.003281420 0.005412760 0.004649820 0.002925370 0.002783800 0.000808510 0.000000000 0.000512290 0.001325790 0.001638960 0.001187000 0.001979690 0.002258870 0.002628450 0.002368060 0.002423670 0.002527760 0.002369280 0.001897330 0.002106740 0.002045860 0.001712080 0.002635910 0.001730770 0.002960560 0.002326090 0.002475850 0.002510730 0.002549090 0.002629250 0.002530870 0.003624330 0.004014220 0.003287990 0.002043200 0.003325490 0.004274120 0.000717730 0.002164800 0.002166710 
15     0.002992560 0.002609090 0.002019810 0.001493060 0.000535960 0.000622370 0.004072240 0.000324580 0.000607540 0.003345720 0.003159530 0.003391580 0.005522920 0.005648280 0.003035530 0.003210050 0.003357200 0.000512290 0.000000000 0.000761520 0.002396790 0.001325170 0.003218560 0.002956750 0.003635280 0.002560850 0.002742110 0.000617190 0.002479440 0.002007490 0.002216900 0.002184030 0.002230620 0.002935510 0.002881530 0.000783330 0.003273580 0.003278290 0.003575930 0.003578800 0.002786370 0.003314230 0.004380540 0.004074640 0.004286450 0.002181370 0.004323950 0.004384280 0.003914440 0.003563590 0.002027540 
27     0.001923380 0.000768440 0.000351610 0.004648440 0.003907120 0.000977710 0.003813640 0.002489600 0.002223620 0.004886290 0.004700100 0.004850280 0.002031420 0.003047370 0.003932670 0.002120790 0.002379770 0.001325790 0.000761520 0.000000000 0.000121150 0.001014000 0.001418310 0.002109460 0.002796100 0.001847670 0.002591320 0.002695410 0.002652450 0.002533890 0.002830920 0.000318480 0.002327310 0.000724520 0.002359970 0.002880850 0.002358000 0.002414720 0.002449600 0.002487960 0.002016420 0.002374010 0.002732120 0.003304040 0.002395780 0.001662330 0.001548360 0.003531300 0.002683300 0.001864170 0.004513290 
1     0.001074950 0.004011390 0.002331610 0.003890940 0.003916610 0.004039950 0.003823130 0.002360330 0.002233110 0.002536040 0.004058510 0.002470320 0.005622880 0.004070780 0.004245840 0.000159480 0.002299380 0.001638960 0.002396790 0.000121150 0.000000000 0.002034420 0.002156830 0.002422630 0.002805590 0.001354360 0.002600810 0.001470170 0.002661940 0.002543380 0.002840410 0.003590280 0.002336800 0.002584270 0.002369460 0.002800460 0.002367490 0.002424210 0.002459090 0.002497450 0.002025910 0.002383500 0.003045290 0.003370500 0.002708950 0.002612150 0.002746450 0.003844470 0.002692790 0.001873660 0.004925380 
32     0.003960050 0.003531290 0.001038530 0.001641600 0.003537990 0.001980340 0.003444510 0.002176250 0.000124570 0.001546050 0.003155650 0.002970540 0.002519480 0.002783790 0.002493410 0.001512460 0.001430900 0.001187000 0.001325170 0.001014000 0.002034420 0.000000000 0.000109430 0.002057390 0.002426970 0.002166580 0.001943480 0.002269320 0.002283320 0.000369330 0.000624610 0.001508140 0.000348740 0.000572440 0.001076380 0.001741640 0.001074410 0.001131130 0.001166010 0.001204370 0.002110480 0.000526710 0.003363690 0.003181370 0.003748500 0.001382740 0.003786000 0.004481990 0.002017160 0.001734540 0.002712640 
5     0.000418640 0.000430440 0.001529720 0.003911500 0.001208120 0.003198810 0.001843680 0.000869550 0.000445860 0.000918500 0.000832000 0.000795510 0.001946920 0.002533020 0.000646910 0.001542600 0.001680220 0.001979690 0.003218560 0.001418310 0.002156830 0.000109430 0.000000000 0.001689580 0.001783500 0.000874060 0.001854380 0.001958470 0.001915510 0.000534140 0.002093980 0.002001810 0.002093850 0.001943000 0.001405430 0.002520000 0.002009760 0.002066480 0.002101360 0.002139720 0.002219880 0.000652770 0.000690960 0.003057270 0.002626330 0.002529530 0.002663830 0.003761850 0.002106280 0.001755430 0.004888340 
2     0.003639380 0.003312100 0.002253060 0.003692160 0.003217320 0.001645370 0.003123840 0.002001240 0.001659400 0.001686270 0.001500080 0.001732130 0.003308680 0.003269250 0.001376080 0.002261650 0.002408800 0.002258870 0.002956750 0.002109460 0.002422630 0.002057390 0.001689580 0.000000000 0.000139250 0.001651890 0.001707500 0.001850830 0.001233970 0.001324480 0.001947100 0.002881460 0.002497750 0.002505720 0.002141660 0.002097090 0.002288940 0.002345660 0.002380540 0.002418900 0.001196040 0.001756000 0.002275180 0.002847100 0.001938840 0.001842040 0.001976340 0.001351400 0.002385460 0.000258830 0.000355470 
13     0.004008960 0.003681680 0.002622640 0.004328220 0.003586900 0.004264580 0.003493420 0.002617120 0.002028980 0.002616560 0.002430370 0.002662420 0.004581480 0.004794600 0.002306370 0.002631230 0.002778380 0.002628450 0.003635280 0.002796100 0.002805590 0.002426970 0.001783500 0.000139250 0.000000000 0.000616470 0.002077080 0.002220410 0.002134580 0.000849480 0.002316680 0.002363020 0.002867330 0.002875300 0.002660490 0.002931350 0.002658520 0.002715240 0.002750120 0.002788480 0.002740450 0.001709910 0.003921180 0.003861650 0.004134120 0.003988970 0.003939170 0.001310510 0.002755040 0.001687810 0.001585320 
24     0.003748570 0.003421290 0.002251780 0.003634660 0.003326510 0.002455680 0.003233030 0.002356730 0.001768590 0.001022370 0.000998480 0.000986290 0.001945190 0.002209500 0.001919120 0.002370840 0.002517990 0.002368060 0.002560850 0.001847670 0.001354360 0.002166580 0.000874060 0.001651890 0.000616470 0.000000000 0.000478590 0.001333790 0.000766500 0.001238120 0.001535150 0.001061340 0.001622210 0.002614910 0.000986580 0.003617420 0.002398130 0.001132290 0.002489730 0.002388220 0.002608250 0.000924370 0.003660790 0.001276490 0.004428850 0.004332050 0.004466350 0.002695110 0.002494650 0.002143800 0.003567610 
12     0.003804180 0.003476900 0.002305220 0.002867820 0.003382120 0.002582440 0.003146240 0.002412340 0.001824200 0.004486960 0.004300770 0.004147050 0.004688720 0.005149610 0.002685200 0.002426450 0.002573600 0.002423670 0.002742110 0.002591320 0.002600810 0.001943480 0.001854380 0.001707500 0.002077080 0.000478590 0.000000000 0.002015630 0.001972670 0.001293730 0.001590760 0.002925080 0.001721570 0.002670520 0.002455710 0.003673030 0.002453740 0.002510460 0.002545340 0.002583700 0.002663860 0.000864890 0.003716400 0.001329930 0.003354700 0.002608960 0.003415530 0.003888950 0.002550260 0.002199410 0.003755400 
23     0.003060900 0.000945670 0.002272040 0.004227530 0.003486210 0.002692150 0.003392730 0.002516430 0.001928290 0.005210450 0.005171500 0.004557380 0.003582010 0.005010430 0.004649930 0.002530540 0.002677690 0.002527760 0.000617190 0.002695410 0.001470170 0.002269320 0.001958470 0.001850830 0.002220410 0.001333790 0.002015630 0.000000000 0.000693090 0.000135150 0.000327340 0.001961120 0.002295600 0.002774610 0.001198040 0.001910130 0.002557830 0.000920200 0.001984920 0.002100440 0.001246630 0.002813340 0.002460310 0.002413310 0.005482690 0.004191650 0.004920680 0.002535340 0.002654350 0.002303500 0.001031250 
40     0.003445780 0.001905800 0.002342970 0.004184570 0.003443250 0.001878100 0.003349770 0.002473470 0.001885330 0.003859200 0.003673010 0.003905060 0.002902480 0.004814760 0.003549010 0.002487580 0.002634730 0.002369280 0.002479440 0.002652450 0.002661940 0.002283320 0.001915510 0.001233970 0.002134580 0.000766500 0.001972670 0.000693090 0.000000000 0.001194110 0.001403520 0.002339610 0.002723680 0.002731650 0.002516840 0.003734160 0.002514870 0.002571590 0.002606470 0.002028800 0.002724990 0.002770380 0.002470730 0.002217640 0.005321280 0.005154740 0.005358780 0.004897760 0.002611390 0.002260540 0.003486200 
17     0.002534440 0.001617110 0.000361010 0.004066010 0.000988680 0.001355510 0.003231210 0.002354910 0.001766770 0.003387250 0.000192080 0.003433110 0.002434010 0.003998650 0.001606090 0.002369020 0.002367330 0.001897330 0.002007490 0.002533890 0.002543380 0.000369330 0.000534140 0.001324480 0.000849480 0.001238120 0.001293730 0.000135150 0.001194110 0.000000000 0.000368490 0.002306410 0.002401560 0.002613090 0.000722610 0.003615600 0.000565300 0.002453030 0.002487910 0.002526270 0.002426420 0.002651820 0.003658970 0.001401530 0.003965300 0.003820150 0.003770350 0.001335240 0.002492830 0.002141980 0.003014250 
3     0.002013810 0.001135060 0.002042070 0.004363040 0.003621720 0.001010830 0.003528240 0.002651940 0.002063800 0.002586080 0.000754000 0.002524180 0.001153560 0.000650950 0.000898630 0.002666050 0.002813200 0.002106740 0.002216900 0.002830920 0.002840410 0.000624610 0.002093980 0.001947100 0.002316680 0.001535150 0.001590760 0.000327340 0.001403520 0.000368490 0.000000000 0.002550950 0.002848000 0.002603380 0.001099750 0.003912630 0.001988790 0.002696000 0.002090970 0.002823300 0.002903460 0.002948850 0.003956000 0.003896470 0.005550510 0.005619230 0.005265980 0.004635220 0.002789860 0.002403140 0.003223660 
30     0.003431500 0.004078770 0.003476740 0.002623200 0.003944420 0.001796070 0.004347520 0.003471220 0.002883080 0.004596720 0.002360690 0.004378660 0.004228300 0.004478700 0.004640250 0.001429160 0.003591480 0.002045860 0.002184030 0.000318480 0.003590280 0.001508140 0.002001810 0.002881460 0.002363020 0.001061340 0.002925080 0.001961120 0.002339610 0.002306410 0.002550950 0.000000000 0.002413590 0.002865500 0.002811520 0.003028720 0.003203570 0.003208280 0.003306400 0.003421920 0.002716360 0.000475640 0.004517520 0.003347530 0.001270890 0.001130110 0.004734470 0.002476910 0.003609140 0.003258290 0.001735940 
21     0.001455230 0.001944620 0.001652690 0.000897110 0.003978350 0.000899070 0.003884870 0.002476680 0.002294850 0.003023080 0.003146290 0.002961180 0.002510120 0.002774430 0.002484050 0.001852350 0.000573750 0.001712080 0.002230620 0.002327310 0.002336800 0.000348740 0.002093850 0.002497750 0.002867330 0.001622210 0.001721570 0.002295600 0.002723680 0.002401560 0.002848000 0.002413590 0.000000000 0.002152140 0.002431200 0.001768570 0.002429230 0.002485950 0.002221920 0.002186740 0.002399850 0.002338120 0.002528080 0.002784620 0.002191740 0.000078510 0.002229240 0.003327260 0.000472780 0.000769900 0.001323790 
16     0.002235000 0.004081100 0.001373240 0.001594470 0.001201700 0.002105050 0.003892840 0.002135290 0.002302820 0.004444730 0.003973530 0.003960530 0.002341690 0.002802580 0.003042920 0.001322200 0.001459820 0.002635910 0.002935510 0.000724520 0.002584270 0.000572440 0.001943000 0.002505720 0.002875300 0.002614910 0.002670520 0.002774610 0.002731650 0.002613090 0.002603380 0.002865500 0.002152140 0.000000000 0.000431460 0.000517080 0.000691930 0.000696640 0.000994280 0.000997150 0.000723380 0.002069840 0.003333310 0.003905230 0.002996970 0.002900170 0.002241000 0.004132490 0.002762500 0.002182870 0.003065840 
18     0.002179800 0.003346150 0.000835670 0.003320700 0.003771510 0.002311050 0.002096900 0.001597720 0.002088010 0.002194390 0.002317600 0.002132490 0.000517810 0.001026180 0.000735800 0.000784630 0.000922250 0.001730770 0.002881530 0.002359970 0.002369460 0.001076380 0.001405430 0.002141660 0.002660490 0.000986580 0.002455710 0.001198040 0.002516840 0.000722610 0.001099750 0.002811520 0.002431200 0.000431460 0.000000000 0.000145920 0.000769530 0.000774240 0.001071880 0.001074750 0.000669400 0.002015860 0.002795740 0.002703110 0.002459400 0.002362600 0.002496900 0.003594920 0.002547690 0.001968060 0.002976320 
39     0.002332550 0.003549070 0.004024570 0.001735590 0.000778490 0.002187930 0.004314770 0.004019050 0.003430910 0.005727160 0.004257610 0.005418990 0.002652840 0.003113730 0.003948500 0.001540350 0.002537480 0.002960560 0.000783330 0.002880850 0.002800460 0.001741640 0.002520000 0.002097090 0.002931350 0.003617420 0.003673030 0.001910130 0.003734160 0.003615600 0.003912630 0.003028720 0.001768570 0.000517080 0.000145920 0.000000000 0.000852750 0.000857460 0.000595400 0.001157970 0.000886600 0.000746020 0.004742530 0.002479370 0.005044590 0.003279040 0.003647270 0.004453570 0.004156970 0.003320110 0.004608940 
42     0.001798010 0.003864320 0.000648980 0.003550070 0.002780420 0.004447220 0.003676060 0.002407800 0.002086040 0.005902010 0.004432460 0.005593840 0.002619100 0.003079990 0.004123350 0.001456710 0.002961020 0.002326090 0.003273580 0.002358000 0.002367490 0.001074410 0.002009760 0.002288940 0.002658520 0.002398130 0.002453740 0.002557830 0.002514870 0.000565300 0.001988790 0.003203570 0.002429230 0.000691930 0.000769530 0.000852750 0.000000000 0.000399910 0.000712660 0.000814820 0.000076230 0.002407910 0.004103820 0.004044290 0.003399630 0.003453890 0.003822120 0.004628420 0.002545720 0.001966090 0.004783790 
33     0.001992810 0.000619240 0.000705700 0.003717460 0.002656070 0.004503940 0.003732780 0.002464520 0.002142760 0.000416240 0.001558510 0.001399220 0.002358120 0.002622430 0.002332050 0.002870590 0.003017740 0.002475850 0.003278290 0.002414720 0.002424210 0.001131130 0.002066480 0.002345660 0.002715240 0.001132290 0.002510460 0.000920200 0.002571590 0.002453030 0.002696000 0.003208280 0.002485950 0.000696640 0.000774240 0.000857460 0.000399910 0.000000000 0.000977260 0.000871540 0.001066160 0.002412620 0.004160540 0.004101010 0.005224150 0.003458600 0.001637580 0.004633130 0.002602440 0.002022810 0.004788500 
7     0.002288580 0.003955920 0.000884660 0.004015100 0.003147900 0.002757980 0.002122510 0.002499400 0.002177640 0.005591390 0.004734810 0.004466460 0.002336840 0.002797730 0.003197970 0.000800660 0.001458590 0.002510730 0.003575930 0.002449600 0.002459090 0.001166010 0.002101360 0.002380540 0.002750120 0.002489730 0.002545340 0.001984920 0.002606470 0.002487910 0.002090970 0.003306400 0.002221920 0.000994280 0.001071880 0.000595400 0.000712660 0.000977260 0.000000000 0.000286920 0.001363800 0.002567530 0.004195420 0.004135890 0.005521790 0.003328720 0.000448630 0.003879900 0.002637320 0.002057690 0.001745550 
34     0.002632760 0.003994280 0.000516380 0.004017970 0.001621380 0.004577180 0.003203500 0.002537760 0.002216000 0.005472880 0.004737680 0.003181890 0.002430850 0.002891740 0.003122330 0.000828790 0.002397800 0.002549090 0.003578800 0.002487960 0.002497450 0.001204370 0.002139720 0.002418900 0.002788480 0.002388220 0.002583700 0.002100440 0.002028800 0.002526270 0.002823300 0.003421920 0.002186740 0.000997150 0.001074750 0.001157970 0.000814820 0.000871540 0.000286920 0.000000000 0.001366670 0.002605890 0.004233780 0.004174250 0.002952830 0.003759110 0.001094470 0.004933640 0.002675680 0.002096050 0.005089010 
10     0.003425910 0.004074440 0.002394660 0.003225540 0.003979660 0.004657340 0.003886180 0.000697580 0.001525610 0.005414800 0.003945250 0.005106630 0.001286010 0.001746900 0.003636140 0.000519850 0.000879480 0.002629250 0.002786370 0.002016420 0.002025910 0.002110480 0.002219880 0.001196040 0.002740450 0.002608250 0.002663860 0.001246630 0.002724990 0.002426420 0.002903460 0.002716360 0.002399850 0.000723380 0.000669400 0.000886600 0.000076230 0.001066160 0.001363800 0.001366670 0.000000000 0.001920700 0.003822930 0.004254410 0.003486590 0.002966680 0.002658640 0.003874950 0.002755840 0.001936710 0.004296580 
26     0.001328830 0.004119830 0.001054100 0.003753400 0.001590350 0.003050690 0.000264220 0.002663310 0.002341550 0.006018700 0.003652760 0.005710530 0.004484550 0.004945440 0.004240040 0.003069380 0.003216530 0.002530870 0.003314230 0.002374010 0.002383500 0.000526710 0.000652770 0.001756000 0.001709910 0.000924370 0.000864890 0.002813340 0.002770380 0.002651820 0.002948850 0.000475640 0.002338120 0.002069840 0.002015860 0.000746020 0.002407910 0.002412620 0.002567530 0.002605890 0.001920700 0.000000000 0.000462900 0.004100430 0.005336130 0.003494540 0.000000460 0.004745110 0.002801230 0.001874980 0.004824440 
44     0.000570820 0.000582620 0.001682080 0.000261920 0.001360480 0.002787020 0.001035380 0.001977600 0.000598040 0.001172980 0.005029000 0.005016000 0.007338240 0.003923330 0.004098390 0.002532970 0.002680120 0.003624330 0.004380540 0.002732120 0.003045290 0.003363690 0.000690960 0.002275180 0.003921180 0.003660790 0.003716400 0.002460310 0.002470730 0.003658970 0.003956000 0.004517520 0.002528080 0.003333310 0.002795740 0.004742530 0.004103820 0.004160540 0.004195420 0.004233780 0.003822930 0.000462900 0.000000000 0.002364280 0.001261920 0.001165120 0.001299420 0.000883350 0.002247000 0.002544120 0.004409980 
50     0.003079960 0.002106970 0.002523710 0.001660710 0.001732350 0.002661160 0.001885740 0.002139700 0.003161220 0.005017750 0.005038930 0.001532250 0.004504790 0.004495250 0.004478720 0.001382390 0.002620590 0.004014220 0.004074640 0.003304040 0.003370500 0.003181370 0.003057270 0.002847100 0.003861650 0.001276490 0.001329930 0.002413310 0.002217640 0.001401530 0.003896470 0.003347530 0.002784620 0.003905230 0.002703110 0.002479370 0.004044290 0.004101010 0.004135890 0.004174250 0.004254410 0.004100430 0.002364280 0.000000000 0.002027940 0.001931140 0.001097610 0.002529140 0.002503540 0.000568110 0.004104080 
45     0.004023340 0.004354020 0.002647610 0.005732770 0.006751460 0.000156030 0.006903170 0.002318980 0.003722650 0.004926110 0.003456560 0.004617940 0.004793340 0.003586990 0.003147450 0.002596570 0.002734190 0.003287990 0.004286450 0.002395780 0.002708950 0.003748500 0.002626330 0.001938840 0.004134120 0.004428850 0.003354700 0.005482690 0.005321280 0.003965300 0.005550510 0.001270890 0.002191740 0.002996970 0.002459400 0.005044590 0.003399630 0.005224150 0.005521790 0.002952830 0.003486590 0.005336130 0.001261920 0.002027940 0.000000000 0.000239140 0.000095590 0.000394620 0.001276610 0.001298510 0.005794790 
46     0.003926540 0.004257220 0.002550810 0.000847860 0.003192790 0.000811300 0.006811560 0.002222180 0.003625850 0.006219010 0.004595860 0.004582860 0.006245730 0.003490190 0.003665250 0.002499770 0.002637390 0.002043200 0.002181370 0.001662330 0.002612150 0.001382740 0.002529530 0.001842040 0.003988970 0.004332050 0.002608960 0.004191650 0.005154740 0.003820150 0.005619230 0.001130110 0.000078510 0.002900170 0.002362600 0.003279040 0.003453890 0.003458600 0.003328720 0.003759110 0.002966680 0.003494540 0.001165120 0.001931140 0.000239140 0.000000000 0.000126060 0.001118600 0.001488920 0.001510820 0.003378120 
43     0.004060840 0.004391520 0.002685110 0.005243650 0.006493650 0.002488180 0.006866580 0.002356480 0.003760150 0.003528790 0.002059240 0.003220620 0.003396020 0.003247280 0.001750130 0.000749260 0.002771690 0.003325490 0.004323950 0.001548360 0.002746450 0.003786000 0.002663830 0.001976340 0.003939170 0.004466350 0.003415530 0.004920680 0.005358780 0.003770350 0.005265980 0.004734470 0.002229240 0.002241000 0.002496900 0.003647270 0.003822120 0.001637580 0.000448630 0.001094470 0.002658640 0.000000460 0.001299420 0.001097610 0.000095590 0.000126060 0.000000000 0.001173620 0.001948160 0.002110830 0.005552050 
48     0.005158860 0.005489540 0.003783130 0.004936980 0.007006520 0.002924500 0.006913040 0.003454500 0.004858170 0.002832620 0.002485210 0.000796980 0.002697460 0.002541170 0.002556430 0.002916610 0.002673100 0.004274120 0.004384280 0.003531300 0.003844470 0.004481990 0.003761850 0.001351400 0.001310510 0.002695110 0.003888950 0.002535340 0.004897760 0.001335240 0.004635220 0.002476910 0.003327260 0.004132490 0.003594920 0.004453570 0.004628420 0.004633130 0.003879900 0.004933640 0.003874950 0.004745110 0.000883350 0.002529140 0.000394620 0.001118600 0.001173620 0.000000000 0.002975420 0.002917130 0.004879500 
47     0.004288120 0.003960840 0.002509840 0.004607380 0.003866060 0.000731720 0.003772580 0.001864680 0.002182560 0.003820640 0.001380140 0.003758740 0.003307680 0.003571990 0.003281610 0.000880260 0.001784140 0.000717730 0.003914440 0.002683300 0.002692790 0.002017160 0.002106280 0.002385460 0.002755040 0.002494650 0.002550260 0.002654350 0.002611390 0.002492830 0.002789860 0.003609140 0.000472780 0.002762500 0.002547690 0.004156970 0.002545720 0.002602440 0.002637320 0.002675680 0.002755840 0.002801230 0.002247000 0.002503540 0.001276610 0.001488920 0.001948160 0.002975420 0.000000000 0.000307160 0.004992370 
49     0.003249370 0.003609990 0.001029430 0.004256530 0.003515210 0.001028840 0.003421730 0.002153470 0.001831710 0.003854650 0.002721170 0.003792750 0.001807190 0.003606000 0.002412060 0.002559540 0.000859660 0.002164800 0.003563590 0.001864170 0.001873660 0.001734540 0.001755430 0.000258830 0.001687810 0.002143800 0.002199410 0.002303500 0.002260540 0.002141980 0.002403140 0.003258290 0.000769900 0.002182870 0.001968060 0.003320110 0.001966090 0.002022810 0.002057690 0.002096050 0.001936710 0.001874980 0.002544120 0.000568110 0.001298510 0.001510820 0.002110830 0.002917130 0.000307160 0.000000000 0.004744750 
0     0.003305130 0.002638530 0.003043640 0.003636980 0.004228900 0.003392340 0.007375010 0.001029080 0.002005180 0.001702240 0.001516050 0.001748100 0.003667160 0.003880280 0.001392050 0.003886220 0.004928170 0.002166710 0.002027540 0.004513290 0.004925380 0.002712640 0.004888340 0.000355470 0.001585320 0.003567610 0.003755400 0.001031250 0.003486200 0.003014250 0.003223660 0.001735940 0.001323790 0.003065840 0.002976320 0.004608940 0.004783790 0.004788500 0.001745550 0.005089010 0.004296580 0.004824440 0.004409980 0.004104080 0.005794790 0.003378120 0.005552050 0.004879500 0.004992370 0.004744750 0.000000000 
