51
4     0.000000000 0.120813560 0.147978547 0.241292491 0.226646949 0.602860525 0.581718888 0.645837165 0.890779910 1.096655399 1.087736770 1.079578587 1.393197868 1.402786005 1.148004781 1.128862531 1.177926428 1.483642651 1.465276815 1.390767233 1.391124401 1.112857153 1.056869078 1.091156515 1.080742448 1.056858000 1.187335708 1.363585488 1.078879483 1.058868022 1.088464309 1.086525300 1.098756507 1.094817076 1.278519210 1.122125148 1.207820092 1.263965541 1.184712064 1.119799159 1.148091915 1.106897091 1.195947752 1.197473190 1.210225734 1.203847187 1.191803989 1.172205706 1.123556889 1.607325647 3.055027956 
8     0.120813560 0.000000000 0.153614202 0.247522550 0.231935430 0.607764860 0.586631780 0.651379075 0.896171944 1.102047433 1.093128804 1.084970621 1.398589902 1.408178039 1.153396815 1.134254565 1.183318462 1.489034685 1.470668848 1.396159267 1.396516435 1.118249187 1.062261112 1.096548549 1.086134481 1.062250033 1.192727741 1.368977522 1.084271516 1.064260055 1.093856343 1.091917334 1.104148541 1.100209110 1.283911244 1.127517182 1.213212126 1.269357575 1.190104098 1.125191193 1.153483948 1.112289125 1.201339786 1.202865224 1.215617768 1.209239221 1.197196023 1.177597740 1.128948923 1.612717681 3.060419990 
1     0.147978547 0.153614202 0.000000000 0.246891136 0.231245131 0.604942617 0.583763150 0.647770186 0.892792914 1.098668403 1.089749774 1.081591591 1.395210872 1.404799009 1.150017785 1.130875534 1.179939432 1.485655654 1.467289818 1.392780237 1.393137405 1.114870157 1.058882082 1.093169519 1.082755451 1.058871003 1.189348711 1.365598492 1.080892486 1.060881025 1.090477313 1.088538304 1.100769511 1.096830080 1.280532214 1.124138152 1.209833096 1.265978545 1.186725068 1.121812163 1.150104918 1.108910095 1.197960756 1.199486194 1.212238738 1.205860191 1.193816993 1.174218710 1.125569893 1.609338651 3.057040960 
3     0.241292491 0.247522550 0.246891136 0.000000000 0.216031746 0.653231073 0.632148884 0.697550621 0.941582110 1.147457599 1.138538970 1.130380787 1.444000068 1.453588205 1.198806981 1.179664731 1.228728628 1.534444851 1.516079014 1.441569433 1.441926601 1.163659353 1.107671278 1.141958715 1.131544647 1.107660199 1.238137907 1.414387688 1.129681682 1.109670221 1.139266509 1.137327500 1.149558707 1.145619276 1.329321410 1.172927348 1.258622292 1.314767741 1.235514264 1.170601359 1.198894114 1.157699291 1.246749952 1.248275390 1.261027934 1.254649387 1.242606189 1.223007906 1.174359089 1.658127847 3.105830156 
7     0.226646949 0.231935430 0.231245131 0.216031746 0.000000000 0.640847008 0.619623460 0.684563537 0.928814488 1.134689977 1.125771348 1.117613165 1.431232446 1.440820584 1.186039360 1.166897109 1.215961007 1.521677229 1.503311393 1.428801811 1.429158979 1.150891731 1.094903656 1.129191094 1.118777026 1.094892578 1.225370286 1.401620066 1.116914061 1.096902600 1.126498887 1.124559878 1.136791086 1.132851654 1.316553789 1.160159727 1.245854670 1.302000120 1.222746642 1.157833737 1.186126493 1.144931670 1.233982331 1.235507769 1.248260313 1.241881765 1.229838567 1.210240284 1.161591467 1.645360225 3.093062534 
2     0.602860525 0.607764860 0.604942617 0.653231073 0.640847008 0.000000000 0.622603321 0.763250614 1.007587726 1.213372646 1.204454017 1.196295834 1.509915115 1.519503252 1.264722028 1.245579778 1.294643676 1.600359898 1.581994062 1.507484480 1.507841648 1.229574400 1.173676894 1.207964331 1.197550263 1.173665815 1.304143523 1.480393304 1.195687298 1.175675837 1.205272125 1.203333115 1.215564323 1.211624892 1.395236457 1.238842395 1.324537339 1.380682788 1.301429311 1.236516406 1.264809162 1.223614338 1.312664999 1.314190437 1.326942981 1.320564434 1.308521236 1.288922953 1.240274136 1.724091705 3.171736600 
5     0.581718888 0.586631780 0.583763150 0.632148884 0.619623460 0.622603321 0.000000000 0.743603049 0.992519711 1.198304631 1.189386002 1.181227820 1.494847100 1.504435238 1.249654014 1.230511763 1.279575661 1.585291883 1.566926047 1.492416465 1.492773633 1.214506385 1.158608879 1.192896316 1.182482248 1.158597800 1.289075509 1.465325289 1.180619283 1.160607822 1.190204110 1.188265101 1.200496308 1.196556877 1.380168443 1.223774381 1.309469325 1.365614774 1.286361297 1.221448391 1.249741147 1.208546324 1.297596985 1.299122423 1.311874967 1.305496420 1.293453221 1.273854938 1.225206121 1.709023691 3.156436009 
6     0.645837165 0.651379075 0.647770186 0.697550621 0.684563537 0.763250614 0.743603049 0.000000000 1.037183628 1.242968548 1.234049919 1.225891737 1.539511017 1.549099155 1.294317931 1.275175680 1.324239578 1.629955800 1.611589964 1.537080382 1.537437550 1.259155338 1.203272796 1.237560233 1.227146165 1.203261717 1.333739425 1.509989206 1.225283200 1.205271739 1.234868027 1.232929018 1.245160225 1.241220794 1.424817395 1.268423333 1.354118277 1.410278691 1.331025213 1.266112308 1.294405064 1.253210241 1.342260902 1.343786340 1.356538884 1.350160336 1.338117138 1.318518855 1.269870038 1.753638797 3.201419999 
43     0.890779910 0.896171944 0.892792914 0.941582110 0.928814488 1.007587726 0.992519711 1.037183628 0.000000000 0.497801610 0.488882981 0.480663431 0.794950973 0.804700434 0.548253915 0.529016178 0.578111012 0.878691010 0.859799536 0.793008931 0.793366099 0.627840149 0.559000595 0.593625346 0.583093317 0.559008083 0.689234106 0.865424595 0.582875560 0.562887737 0.592463771 0.590524762 0.602848936 0.598783276 0.789204793 0.632050063 0.717316219 0.772634398 0.693565746 0.629144817 0.656759284 0.615628805 0.704964803 0.706305906 0.719058450 0.712679902 0.700636704 0.681038421 0.634339849 1.282953808 2.883367417 
45     1.096655399 1.102047433 1.098668403 1.147457599 1.134689977 1.213372646 1.198304631 1.242968548 0.497801610 0.000000000 0.147421467 0.247525071 0.697008514 0.707034796 0.451207536 0.432617676 0.482338637 1.052522658 1.033776693 0.959228672 0.959585840 0.829169945 0.765215216 0.799620265 0.789307938 0.766026184 0.895696522 1.072188768 0.790276812 0.770218866 0.799794900 0.797855890 0.810180065 0.806312884 0.998801191 0.841513110 0.926779266 0.979640440 0.900571788 0.835901426 0.863744112 0.822401709 0.911610184 0.912972912 0.925725456 0.919346909 0.907303711 0.887705428 0.845062255 1.486306954 3.089532182 
44     1.087736770 1.093128804 1.089749774 1.138538970 1.125771348 1.204454017 1.189386002 1.234049919 0.488882981 0.147421467 0.000000000 0.238724770 0.688347568 0.698373850 0.442529290 0.423939431 0.473660391 1.043604029 1.024858064 0.950310043 0.950667211 0.820251316 0.756296587 0.790701636 0.780389309 0.757107555 0.886777893 1.063270139 0.781358183 0.761300237 0.790876271 0.788937261 0.801261436 0.797394255 0.989882562 0.832594481 0.917860637 0.970721811 0.891653159 0.826982797 0.854825483 0.813483080 0.902691555 0.904054283 0.916806827 0.910428280 0.898385082 0.878786799 0.836143626 1.477388325 3.080613553 
39     1.079578587 1.084970621 1.081591591 1.130380787 1.117613165 1.196295834 1.181227820 1.225891737 0.480663431 0.247525071 0.238724770 0.000000000 0.680738569 0.690290284 0.434084729 0.415507839 0.465228799 1.035845576 1.017099611 0.942764238 0.943121405 0.811985147 0.748287672 0.782692721 0.772380393 0.749098640 0.878768977 1.055261223 0.773349268 0.753291322 0.782867356 0.780928346 0.793252521 0.789385340 0.981906620 0.824618539 0.909884694 0.962745869 0.883677217 0.819006854 0.846849541 0.805507138 0.894715613 0.896078341 0.908830885 0.902452338 0.890409140 0.870810857 0.828190436 1.469220111 3.072572419 
35     1.393197868 1.398589902 1.395210872 1.444000068 1.431232446 1.509915115 1.494847100 1.539511017 0.794950973 0.697008514 0.688347568 0.680738569 0.000000000 0.275246190 0.735143021 0.716664966 0.766229281 1.352476637 1.333730672 1.254623690 1.254980858 1.125597244 1.061685422 1.096090471 1.085778144 1.062496390 1.192166728 1.368658974 1.086782677 1.066724731 1.096300765 1.094361755 1.106685930 1.102818749 1.295688635 1.138628772 1.223894928 1.276401603 1.197332951 1.132890807 1.160505274 1.119466611 1.208725846 1.210088574 1.222841119 1.216462571 1.204419373 1.184821090 1.142240760 1.782623768 3.386062874 
14     1.402786005 1.408178039 1.404799009 1.453588205 1.440820584 1.519503252 1.504435238 1.549099155 0.804700434 0.707034796 0.698373850 0.690290284 0.275246190 0.000000000 0.744482778 0.725993478 0.775857272 1.362144385 1.343398420 1.264510095 1.264867263 1.135052841 1.071520563 1.105925612 1.095613284 1.072331531 1.202001868 1.378494114 1.096617818 1.076559872 1.106135905 1.104196896 1.116521070 1.112653889 1.305459013 1.148399150 1.233665306 1.286171981 1.207103329 1.142661185 1.170275653 1.129236989 1.218496224 1.219858953 1.232611497 1.226232949 1.214189751 1.194591468 1.152011138 1.792201874 3.395768061 
13     1.148004781 1.153396815 1.150017785 1.198806981 1.186039360 1.264722028 1.249654014 1.294317931 0.548253915 0.451207536 0.442529290 0.434084729 0.735143021 0.744482778 0.000000000 0.217422042 0.340939871 1.105349401 1.086603436 1.009822126 1.010179294 0.880849467 0.816512231 0.850917280 0.840604953 0.817323200 0.946993537 1.123485783 0.841609486 0.821551540 0.851127574 0.849188564 0.861512739 0.857645558 1.050218196 0.893174635 0.978440791 1.031151016 0.952082364 0.887640220 0.915254687 0.874140504 0.963348978 0.964711707 0.977464251 0.971085704 0.959042505 0.939444223 0.896424751 1.537481623 3.140998613 
40     1.128862531 1.134254565 1.130875534 1.179664731 1.166897109 1.245579778 1.230511763 1.275175680 0.529016178 0.432617676 0.423939431 0.415507839 0.716664966 0.725993478 0.217422042 0.000000000 0.318956696 1.086074660 1.067328695 0.990547384 0.990904552 0.861666926 0.797369980 0.831775030 0.821462702 0.798180949 0.927851286 1.104343532 0.822467235 0.802409289 0.831985323 0.830046314 0.842370488 0.838503307 1.031075945 0.874032385 0.959298540 1.012008765 0.932940113 0.868497969 0.896112437 0.854998253 0.944206728 0.945569456 0.958322000 0.951943453 0.939900255 0.920301972 0.877309026 1.518339373 3.121856363 
19     1.177926428 1.183318462 1.179939432 1.228728628 1.215961007 1.294643676 1.279575661 1.324239578 0.578111012 0.482338637 0.473660391 0.465228799 0.766229281 0.775857272 0.340939871 0.318956696 0.000000000 1.135220667 1.116474703 1.039682962 1.040040129 0.910730824 0.846433878 0.880838927 0.870526600 0.847244847 0.976915184 1.153407430 0.871531133 0.851473187 0.881049221 0.879110211 0.891434386 0.887567205 1.080139843 0.923096282 1.008362438 1.061072663 0.982004011 0.917561867 0.945176335 0.904062151 0.993270626 0.994633354 1.007385898 1.001007351 0.988964153 0.969365870 0.926372923 1.567403271 3.170920261 
29     1.483642651 1.489034685 1.485655654 1.534444851 1.521677229 1.600359898 1.585291883 1.629955800 0.878691010 1.052522658 1.043604029 1.035845576 1.352476637 1.362144385 1.105349401 1.086074660 1.135220667 0.000000000 0.280092830 1.331813739 1.332170907 1.215413190 1.149840316 1.183892755 1.173478687 1.149393453 1.279295418 1.455787664 1.173380613 1.153322667 1.182898700 1.180959691 1.193283866 1.189418260 1.382168775 1.224856949 1.310127807 1.362984658 1.283916006 1.219253022 1.247095708 1.205715138 1.295088061 1.296450377 1.309202921 1.302824374 1.290781176 1.271182893 1.227210125 1.873530031 3.475373338 
9     1.465276815 1.470668848 1.467289818 1.516079014 1.503311393 1.581994062 1.566926047 1.611589964 0.859799536 1.033776693 1.024858064 1.017099611 1.333730672 1.343398420 1.086603436 1.067328695 1.116474703 0.280092830 0.000000000 1.312956328 1.313313495 1.196742766 1.131169892 1.165222331 1.154808263 1.130723029 1.260624994 1.437117240 1.154710189 1.134652243 1.164228276 1.162289267 1.174613442 1.170747836 1.364043851 1.206732025 1.292002882 1.344859733 1.265791081 1.201128098 1.228970784 1.187590213 1.276963136 1.278325453 1.291077997 1.284699449 1.272656251 1.253057968 1.208992349 1.855332717 3.456970564 
48     1.390767233 1.396159267 1.392780237 1.441569433 1.428801811 1.507484480 1.492416465 1.537080382 0.793008931 0.959228672 0.950310043 0.942764238 1.254623690 1.264510095 1.009822126 0.990547384 1.039682962 1.331813739 1.312956328 0.000000000 0.187013638 1.118420433 1.056977461 1.091029900 1.080615832 1.057334079 1.187229667 1.363772969 1.082033729 1.061941556 1.091537844 1.089598834 1.101902755 1.098037150 1.289038786 1.131983834 1.217249990 1.271939597 1.192870945 1.128428802 1.156043269 1.115004606 1.204263841 1.205626569 1.218379113 1.212000566 1.199957368 1.180359085 1.136544005 1.781519607 3.384609817 
41     1.391124401 1.396516435 1.393137405 1.441926601 1.429158979 1.507841648 1.492773633 1.537437550 0.793366099 0.959585840 0.950667211 0.943121405 1.254980858 1.264867263 1.010179294 0.990904552 1.040040129 1.332170907 1.313313495 0.187013638 0.000000000 1.118777601 1.057334629 1.091387068 1.080973000 1.057691247 1.187586835 1.364130137 1.082390897 1.062298724 1.091895011 1.089956002 1.102259923 1.098394317 1.289395954 1.132341002 1.217607158 1.272296765 1.193228113 1.128785970 1.156400437 1.115361773 1.204621008 1.205983737 1.218736281 1.212357734 1.200314535 1.180716253 1.136901173 1.781876775 3.384966985 
36     1.112857153 1.118249187 1.114870157 1.163659353 1.150891731 1.229574400 1.214506385 1.259155338 0.627840149 0.829169945 0.820251316 0.811985147 1.125597244 1.135052841 0.880849467 0.861666926 0.910730824 1.215413190 1.196742766 1.118420433 1.118777601 0.000000000 0.780105735 0.814311661 0.803858529 0.779773295 0.910871465 1.087345121 0.804349001 0.784339232 0.813935520 0.811996510 0.824271454 0.820390797 1.014285552 0.856861755 0.942186973 0.998620322 0.919260327 0.854349369 0.882637102 0.841107859 0.930462780 0.931713713 0.944466257 0.938087710 0.926044511 0.906446228 0.862356207 1.507842681 3.106415887 
50     1.056869078 1.062261112 1.058882082 1.107671278 1.094903656 1.173676894 1.158608879 1.203272796 0.559000595 0.765215216 0.756296587 0.748287672 1.061685422 1.071520563 0.816512231 0.797369980 0.846433878 1.149840316 1.131169892 1.056977461 1.057334629 0.780105735 0.000000000 0.259574434 0.246872660 0.222420689 0.466927748 0.663310532 0.507993192 0.487641080 0.517434100 0.515495090 0.527765733 0.524089270 0.951283984 0.794667048 0.879852267 0.937010979 0.857942327 0.792840000 0.821167988 0.779933889 0.868559618 0.870542539 0.883295084 0.876916536 0.864873338 0.845275055 0.798417371 1.445824337 3.049637697 
32     1.091156515 1.096548549 1.093169519 1.141958715 1.129191094 1.207964331 1.192896316 1.237560233 0.593625346 0.799620265 0.790701636 0.782692721 1.096090471 1.105925612 0.850917280 0.831775030 0.880838927 1.183892755 1.165222331 1.091029900 1.091387068 0.814311661 0.259574434 0.000000000 0.198368070 0.248657963 0.501462573 0.697045034 0.543560765 0.523208653 0.553001672 0.551062663 0.563333306 0.559656842 0.985375487 0.828758550 0.913943770 0.971102481 0.892033829 0.826931503 0.855259491 0.814025392 0.902651120 0.904634042 0.917386586 0.911008039 0.898964841 0.879366558 0.832508873 1.480123778 3.083925135 
22     1.080742448 1.086134481 1.082755451 1.131544647 1.118777026 1.197550263 1.182482248 1.227146165 0.583093317 0.789307938 0.780389309 0.772380393 1.085778144 1.095613284 0.840604953 0.821462702 0.870526600 1.173478687 1.154808263 1.080615832 1.080973000 0.803858529 0.246872660 0.198368070 0.000000000 0.237721591 0.491711965 0.686609785 0.532813651 0.512461539 0.542254559 0.540315549 0.552586192 0.548909729 0.974922355 0.818305418 0.903490638 0.960649349 0.881580697 0.816478371 0.844806359 0.803572260 0.892197988 0.894180910 0.906933454 0.900554907 0.888511709 0.868913426 0.822055742 1.469709711 3.073511067 
33     1.056858000 1.062250033 1.058871003 1.107660199 1.094892578 1.173665815 1.158597800 1.203261717 0.559008083 0.766026184 0.757107555 0.749098640 1.062496390 1.072331531 0.817323200 0.798180949 0.847244847 1.149393453 1.130723029 1.057334079 1.057691247 0.779773295 0.222420689 0.248657963 0.237721591 0.000000000 0.468848630 0.662674945 0.508812560 0.488460448 0.518253467 0.516314458 0.528585101 0.524908637 0.950846090 0.794229154 0.879414373 0.936573085 0.857504433 0.792402106 0.820730094 0.779495995 0.868121723 0.870104645 0.882857190 0.876478642 0.864435444 0.844837161 0.797979477 1.445713664 3.049768133 
17     1.187335708 1.192727741 1.189348711 1.238137907 1.225370286 1.304143523 1.289075509 1.333739425 0.689234106 0.895696522 0.886777893 0.878768977 1.192166728 1.202001868 0.946993537 0.927851286 0.976915184 1.279295418 1.260624994 1.187229667 1.187586835 0.910871465 0.466927748 0.501462573 0.491711965 0.468848630 0.000000000 0.789245976 0.637942003 0.617589891 0.647382910 0.645443901 0.657714544 0.654112712 1.081156160 0.924516727 1.009701947 1.066883154 0.987814502 0.922712176 0.951040164 0.909806065 0.998431793 1.000414715 1.013167259 1.006788712 0.994745513 0.975147231 0.928267050 1.576709402 3.180245841 
34     1.363585488 1.368977522 1.365598492 1.414387688 1.401620066 1.480393304 1.465325289 1.509989206 0.865424595 1.072188768 1.063270139 1.055261223 1.368658974 1.378494114 1.123485783 1.104343532 1.153407430 1.455787664 1.437117240 1.363772969 1.364130137 1.087345121 0.663310532 0.697045034 0.686609785 0.662674945 0.789245976 0.000000000 0.815387566 0.795278555 0.825071575 0.823132565 0.835403208 0.831745119 1.257240223 1.100623287 1.185808506 1.242967218 1.163898566 1.098796239 1.127124227 1.085890128 1.174515856 1.176498778 1.189251323 1.182872775 1.170829577 1.151231294 1.104305562 1.752959183 3.356495622 
42     1.078879483 1.084271516 1.080892486 1.129681682 1.116914061 1.195687298 1.180619283 1.225283200 0.582875560 0.790276812 0.781358183 0.773349268 1.086782677 1.096617818 0.841609486 0.822467235 0.871531133 1.173380613 1.154710189 1.082033729 1.082390897 0.804349001 0.507993192 0.543560765 0.532813651 0.508812560 0.637942003 0.815387566 0.000000000 0.187126472 0.214662881 0.212755384 0.226020440 0.300572283 0.974500277 0.817863300 0.903048519 0.960173027 0.880813032 0.815710706 0.844330037 0.803095938 0.891721666 0.893704588 0.906457132 0.900078585 0.888035386 0.868437104 0.821462570 1.467371707 3.071917623 
31     1.058868022 1.064260055 1.060881025 1.109670221 1.096902600 1.175675837 1.160607822 1.205271739 0.562887737 0.770218866 0.761300237 0.753291322 1.066724731 1.076559872 0.821551540 0.802409289 0.851473187 1.153322667 1.134652243 1.061941556 1.062298724 0.784339232 0.487641080 0.523208653 0.512461539 0.488460448 0.617589891 0.795278555 0.187126472 0.000000000 0.160403877 0.156249580 0.172939130 0.279041608 0.954649021 0.798012043 0.883197263 0.940321771 0.860961776 0.795859449 0.824478780 0.783244681 0.871870409 0.873853331 0.886605876 0.880227328 0.868184130 0.848585847 0.801679361 1.447360246 3.051906162 
37     1.088464309 1.093856343 1.090477313 1.139266509 1.126498887 1.205272125 1.190204110 1.234868027 0.592463771 0.799794900 0.790876271 0.782867356 1.096300765 1.106135905 0.851127574 0.831985323 0.881049221 1.182898700 1.164228276 1.091537844 1.091895011 0.813935520 0.517434100 0.553001672 0.542254559 0.518253467 0.647382910 0.825071575 0.214662881 0.160403877 0.000000000 0.102339565 0.181610603 0.311446754 0.984245308 0.827608331 0.912793550 0.969918058 0.890558063 0.825455737 0.854075068 0.812840969 0.901466697 0.903449619 0.916202163 0.909823616 0.897780417 0.878182135 0.831262908 1.476956534 3.081502450 
12     1.086525300 1.091917334 1.088538304 1.137327500 1.124559878 1.203333115 1.188265101 1.232929018 0.590524762 0.797855890 0.788937261 0.780928346 1.094361755 1.104196896 0.849188564 0.830046314 0.879110211 1.180959691 1.162289267 1.089598834 1.089956002 0.811996510 0.515495090 0.551062663 0.540315549 0.516314458 0.645443901 0.823132565 0.212755384 0.156249580 0.102339565 0.000000000 0.179115147 0.309742021 0.982306299 0.825669321 0.910854541 0.967979049 0.888619054 0.823516728 0.852136059 0.810901960 0.899527688 0.901510610 0.914263154 0.907884606 0.895841408 0.876243125 0.829323899 1.475017525 3.079563441 
25     1.098756507 1.104148541 1.100769511 1.149558707 1.136791086 1.215564323 1.200496308 1.245160225 0.602848936 0.810180065 0.801261436 0.793252521 1.106685930 1.116521070 0.861512739 0.842370488 0.891434386 1.193283866 1.174613442 1.101902755 1.102259923 0.824271454 0.527765733 0.563333306 0.552586192 0.528585101 0.657714544 0.835403208 0.226020440 0.172939130 0.181610603 0.179115147 0.000000000 0.321742742 0.994432475 0.837795498 0.922980717 0.980105225 0.900745230 0.835642904 0.864262235 0.823028136 0.911653864 0.913636786 0.926389330 0.920010783 0.907967584 0.888369302 0.841462816 1.487248732 3.091794648 
10     1.094817076 1.100209110 1.096830080 1.145619276 1.132851654 1.211624892 1.196556877 1.241220794 0.598783276 0.806312884 0.797394255 0.789385340 1.102818749 1.112653889 0.857645558 0.838503307 0.887567205 1.189418260 1.170747836 1.098037150 1.098394317 0.820390797 0.524089270 0.559656842 0.548909729 0.524908637 0.654112712 0.831745119 0.300572283 0.279041608 0.311446754 0.309742021 0.321742742 0.000000000 0.990622985 0.833986007 0.919171227 0.976295735 0.896935740 0.831833414 0.860452745 0.819218646 0.907844374 0.909827296 0.922579840 0.916201293 0.904158094 0.884559811 0.837620552 1.483320827 3.087855217 
38     1.278519210 1.283911244 1.280532214 1.329321410 1.316553789 1.395236457 1.380168443 1.424817395 0.789204793 0.998801191 0.989882562 0.981906620 1.295688635 1.305459013 1.050218196 1.031075945 1.080139843 1.382168775 1.364043851 1.289038786 1.289395954 1.014285552 0.951283984 0.985375487 0.974922355 0.950846090 1.081156160 1.257240223 0.974500277 0.954649021 0.984245308 0.982306299 0.994432475 0.990622985 0.000000000 0.687827187 0.773412068 0.898025000 0.818244006 0.755747290 0.782969209 0.740924663 0.829229474 0.830493604 0.843325088 0.836869196 0.824749331 0.805109867 0.893517356 1.672198534 3.271594435 
16     1.122125148 1.127517182 1.124138152 1.172927348 1.160159727 1.238842395 1.223774381 1.268423333 0.632050063 0.841513110 0.832594481 0.824618539 1.138628772 1.148399150 0.893174635 0.874032385 0.923096282 1.224856949 1.206732025 1.131983834 1.132341002 0.856861755 0.794667048 0.828758550 0.818305418 0.794229154 0.924516727 1.100623287 0.817863300 0.798012043 0.827608331 0.825669321 0.837795498 0.833986007 0.687827187 0.000000000 0.369945725 0.741662672 0.661981871 0.598368872 0.627453300 0.584620403 0.673726006 0.674940515 0.687834005 0.681277827 0.669342134 0.649635165 0.738131818 1.515796571 3.115203972 
21     1.207820092 1.213212126 1.209833096 1.258622292 1.245854670 1.324537339 1.309469325 1.354118277 0.717316219 0.926779266 0.917860637 0.909884694 1.223894928 1.233665306 0.978440791 0.959298540 1.008362438 1.310127807 1.292002882 1.217249990 1.217607158 0.942186973 0.879852267 0.913943770 0.903490638 0.879414373 1.009701947 1.185808506 0.903048519 0.883197263 0.912793550 0.910854541 0.922980717 0.919171227 0.773412068 0.369945725 0.000000000 0.826484471 0.746758453 0.683025856 0.711944895 0.669320254 0.758429142 0.759768058 0.772691906 0.766135728 0.754200035 0.734462708 0.823405379 1.601531267 3.200898916 
20     1.263965541 1.269357575 1.265978545 1.314767741 1.302000120 1.380682788 1.365614774 1.410278691 0.772634398 0.979640440 0.970721811 0.962745869 1.276401603 1.286171981 1.031151016 1.012008765 1.061072663 1.362984658 1.344859733 1.271939597 1.272296765 0.998620322 0.937010979 0.971102481 0.960649349 0.936573085 1.066883154 1.242967218 0.960173027 0.940321771 0.969918058 0.967979049 0.980105225 0.976295735 0.898025000 0.741662672 0.826484471 0.000000000 0.349226875 0.474545698 0.506461188 0.469856480 0.601875856 0.601089762 0.614166378 0.608958599 0.593100067 0.576789359 0.876597346 1.656422283 3.257612834 
27     1.184712064 1.190104098 1.186725068 1.235514264 1.222746642 1.301429311 1.286361297 1.331025213 0.693565746 0.900571788 0.891653159 0.883677217 1.197332951 1.207103329 0.952082364 0.932940113 0.982004011 1.283916006 1.265791081 1.192870945 1.193228113 0.919260327 0.857942327 0.892033829 0.881580697 0.857504433 0.987814502 1.163898566 0.880813032 0.860961776 0.890558063 0.888619054 0.900745230 0.896935740 0.818244006 0.661981871 0.746758453 0.349226875 0.000000000 0.397368260 0.427957764 0.392004002 0.524347785 0.522955868 0.535872614 0.530655490 0.515401312 0.498768128 0.797191552 1.577168806 3.178359356 
24     1.119799159 1.125191193 1.121812163 1.170601359 1.157833737 1.236516406 1.221448391 1.266112308 0.629144817 0.835901426 0.826982797 0.819006854 1.132890807 1.142661185 0.887640220 0.868497969 0.917561867 1.219253022 1.201128098 1.128428802 1.128785970 0.854349369 0.792840000 0.826931503 0.816478371 0.792402106 0.922712176 1.098796239 0.815710706 0.795859449 0.825455737 0.823516728 0.835642904 0.831833414 0.755747290 0.598368872 0.683025856 0.474545698 0.397368260 0.000000000 0.373043734 0.332062199 0.461151984 0.468675492 0.480664662 0.474800967 0.462928199 0.443105371 0.731957581 1.512143640 3.113470935 
23     1.148091915 1.153483948 1.150104918 1.198894114 1.186126493 1.264809162 1.249741147 1.294405064 0.656759284 0.863744112 0.854825483 0.846849541 1.160505274 1.170275653 0.915254687 0.896112437 0.945176335 1.247095708 1.228970784 1.156043269 1.156400437 0.882637102 0.821167988 0.855259491 0.844806359 0.820730094 0.951040164 1.127124227 0.844330037 0.824478780 0.854075068 0.852136059 0.864262235 0.860452745 0.782969209 0.627453300 0.711944895 0.506461188 0.427957764 0.373043734 0.000000000 0.344558550 0.486417005 0.487499865 0.499410796 0.493443198 0.480754372 0.461562944 0.760343373 1.540548656 3.141739207 
11     1.106897091 1.112289125 1.108910095 1.157699291 1.144931670 1.223614338 1.208546324 1.253210241 0.615628805 0.822401709 0.813483080 0.805507138 1.119466611 1.129236989 0.874140504 0.854998253 0.904062151 1.205715138 1.187590213 1.115004606 1.115361773 0.841107859 0.779933889 0.814025392 0.803572260 0.779495995 0.909806065 1.085890128 0.803095938 0.783244681 0.812840969 0.810901960 0.823028136 0.819218646 0.740924663 0.584620403 0.669320254 0.469856480 0.392004002 0.332062199 0.344558550 0.000000000 0.443364376 0.450016426 0.461929225 0.456467555 0.442824265 0.424890665 0.719361996 1.499339399 3.100544384 
47     1.195947752 1.201339786 1.197960756 1.246749952 1.233982331 1.312664999 1.297596985 1.342260902 0.704964803 0.911610184 0.902691555 0.894715613 1.208725846 1.218496224 0.963348978 0.944206728 0.993270626 1.295088061 1.276963136 1.204263841 1.204621008 0.930462780 0.868559618 0.902651120 0.892197988 0.868121723 0.998431793 1.174515856 0.891721666 0.871870409 0.901466697 0.899527688 0.911653864 0.907844374 0.829229474 0.673726006 0.758429142 0.601875856 0.524347785 0.461151984 0.486417005 0.443364376 0.000000000 0.438153003 0.451181926 0.443496840 0.431316034 0.410805894 0.808811654 1.588474127 3.189547749 
18     1.197473190 1.202865224 1.199486194 1.248275390 1.235507769 1.314190437 1.299122423 1.343786340 0.706305906 0.912972912 0.904054283 0.896078341 1.210088574 1.219858953 0.964711707 0.945569456 0.994633354 1.296450377 1.278325453 1.205626569 1.205983737 0.931713713 0.870542539 0.904634042 0.894180910 0.870104645 1.000414715 1.176498778 0.893704588 0.873853331 0.903449619 0.901510610 0.913636786 0.909827296 0.830493604 0.674940515 0.759768058 0.601089762 0.522955868 0.468675492 0.487499865 0.450016426 0.438153003 0.000000000 0.291003844 0.287612411 0.274717761 0.257229358 0.809792938 1.589999565 3.191073187 
15     1.210225734 1.215617768 1.212238738 1.261027934 1.248260313 1.326942981 1.311874967 1.356538884 0.719058450 0.925725456 0.916806827 0.908830885 1.222841119 1.232611497 0.977464251 0.958322000 1.007385898 1.309202921 1.291077997 1.218379113 1.218736281 0.944466257 0.883295084 0.917386586 0.906933454 0.882857190 1.013167259 1.189251323 0.906457132 0.886605876 0.916202163 0.914263154 0.926389330 0.922579840 0.843325088 0.687834005 0.772691906 0.614166378 0.535872614 0.480664662 0.499410796 0.461929225 0.451181926 0.291003844 0.000000000 0.148547563 0.281218585 0.262428601 0.822474810 1.602752109 3.203825731 
46     1.203847187 1.209239221 1.205860191 1.254649387 1.241881765 1.320564434 1.305496420 1.350160336 0.712679902 0.919346909 0.910428280 0.902452338 1.216462571 1.226232949 0.971085704 0.951943453 1.001007351 1.302824374 1.284699449 1.212000566 1.212357734 0.938087710 0.876916536 0.911008039 0.900554907 0.876478642 1.006788712 1.182872775 0.900078585 0.880227328 0.909823616 0.907884606 0.920010783 0.916201293 0.836869196 0.681277827 0.766135728 0.608958599 0.530655490 0.474800967 0.493443198 0.456467555 0.443496840 0.287612411 0.148547563 0.000000000 0.279496439 0.255822637 0.816166934 1.596373562 3.197447184 
30     1.191803989 1.197196023 1.193816993 1.242606189 1.229838567 1.308521236 1.293453221 1.338117138 0.700636704 0.907303711 0.898385082 0.890409140 1.204419373 1.214189751 0.959042505 0.939900255 0.988964153 1.290781176 1.272656251 1.199957368 1.200314535 0.926044511 0.864873338 0.898964841 0.888511709 0.864435444 0.994745513 1.170829577 0.888035386 0.868184130 0.897780417 0.895841408 0.907967584 0.904158094 0.824749331 0.669342134 0.754200035 0.593100067 0.515401312 0.462928199 0.480754372 0.442824265 0.431316034 0.274717761 0.281218585 0.279496439 0.000000000 0.211644344 0.803992502 1.584330364 3.185403986 
26     1.172205706 1.177597740 1.174218710 1.223007906 1.210240284 1.288922953 1.273854938 1.318518855 0.681038421 0.887705428 0.878786799 0.870810857 1.184821090 1.194591468 0.939444223 0.920301972 0.969365870 1.271182893 1.253057968 1.180359085 1.180716253 0.906446228 0.845275055 0.879366558 0.868913426 0.844837161 0.975147231 1.151231294 0.868437104 0.848585847 0.878182135 0.876243125 0.888369302 0.884559811 0.805109867 0.649635165 0.734462708 0.576789359 0.498768128 0.443105371 0.461562944 0.424890665 0.410805894 0.257229358 0.262428601 0.255822637 0.211644344 0.000000000 0.784464891 1.564732081 3.165805703 
49     1.123556889 1.128948923 1.125569893 1.174359089 1.161591467 1.240274136 1.225206121 1.269870038 0.634339849 0.845062255 0.836143626 0.828190436 1.142240760 1.152011138 0.896424751 0.877309026 0.926372923 1.227210125 1.208992349 1.136544005 1.136901173 0.862356207 0.798417371 0.832508873 0.822055742 0.797979477 0.928267050 1.104305562 0.821462570 0.801679361 0.831262908 0.829323899 0.841462816 0.837620552 0.893517356 0.738131818 0.823405379 0.876597346 0.797191552 0.731957581 0.760343373 0.719361996 0.808811654 0.809792938 0.822474810 0.816166934 0.803992502 0.784464891 0.000000000 1.516282119 3.117854588 
28     1.607325647 1.612717681 1.609338651 1.658127847 1.645360225 1.724091705 1.709023691 1.753638797 1.282953808 1.486306954 1.477388325 1.469220111 1.782623768 1.792201874 1.537481623 1.518339373 1.567403271 1.873530031 1.855332717 1.781519607 1.781876775 1.507842681 1.445824337 1.480123778 1.469709711 1.445713664 1.576709402 1.752959183 1.467371707 1.447360246 1.476956534 1.475017525 1.487248732 1.483320827 1.672198534 1.515796571 1.601531267 1.656422283 1.577168806 1.512143640 1.540548656 1.499339399 1.588474127 1.589999565 1.602752109 1.596373562 1.584330364 1.564732081 1.516282119 0.000000000 3.600895730 
0     3.055027956 3.060419990 3.057040960 3.105830156 3.093062534 3.171736600 3.156436009 3.201419999 2.883367417 3.089532182 3.080613553 3.072572419 3.386062874 3.395768061 3.140998613 3.121856363 3.170920261 3.475373338 3.456970564 3.384609817 3.384966985 3.106415887 3.049637697 3.083925135 3.073511067 3.049768133 3.180245841 3.356495622 3.071917623 3.051906162 3.081502450 3.079563441 3.091794648 3.087855217 3.271594435 3.115203972 3.200898916 3.257612834 3.178359356 3.113470935 3.141739207 3.100544384 3.189547749 3.191073187 3.203825731 3.197447184 3.185403986 3.165805703 3.117854588 3.600895730 0.000000000 
