51
4     0.000000000 0.002909290 0.005782680 0.012511240 0.006036060 0.091048890 0.075243530 0.054709310 0.218836540 0.321654730 0.267439230 0.213294830 0.349001400 0.380495030 0.218354380 0.277080540 0.298964340 0.211973280 0.202310250 0.245614240 0.293323220 0.212941050 0.171492250 0.233529210 0.236989710 0.254575120 0.282673030 0.313968470 0.151216380 0.224719450 0.153376970 0.188535690 0.158358090 0.156833790 0.238713090 0.197370990 0.153981810 0.230362110 0.228187450 0.222088050 0.206711380 0.207038200 0.243782200 0.235457180 0.285672330 0.242151980 0.230270850 0.265070370 0.214743050 0.117810720 0.224020190 
8     0.002909290 0.000000000 0.004467420 0.000512010 0.000719180 0.093233400 0.078146960 0.045851800 0.155763890 0.117598380 0.120100630 0.200291130 0.344584500 0.376078130 0.130120670 0.129919410 0.294056850 0.165231080 0.189306550 0.221160300 0.268869280 0.117033270 0.147038310 0.209075270 0.212535770 0.230121180 0.299083290 0.289514530 0.126762440 0.200265510 0.128923030 0.164081750 0.133904150 0.132379850 0.136613600 0.198841220 0.140978110 0.205908170 0.203733510 0.223558280 0.182257440 0.112019890 0.114007110 0.158781400 0.148385220 0.178860690 0.231741080 0.115334640 0.190289110 0.113393820 0.225490420 
1     0.005782680 0.004467420 0.000000000 0.000382980 0.004253000 0.039290330 0.030867440 0.041603690 0.159297710 0.121132200 0.123634450 0.230010230 0.335895780 0.367389410 0.133654490 0.133453230 0.303031920 0.168764900 0.211734790 0.302811480 0.350520460 0.120567090 0.228689490 0.274959830 0.269270170 0.279549580 0.285484800 0.257552060 0.208413620 0.255665590 0.210574210 0.245732930 0.215555330 0.214031030 0.140147420 0.185242730 0.170697210 0.268279240 0.285384690 0.209959790 0.263908620 0.115553710 0.117540930 0.162315220 0.151919040 0.182394510 0.218142590 0.118868460 0.246015450 0.104705100 0.189146250 
3     0.012511240 0.000512010 0.000382980 0.000000000 0.000240670 0.077030100 0.018268430 0.053770440 0.155287700 0.117122190 0.119624440 0.189289270 0.348934240 0.380427870 0.129644480 0.129443220 0.299021910 0.164754890 0.178304690 0.264863460 0.312572440 0.116557080 0.190741470 0.252778430 0.256238930 0.273824340 0.285796720 0.333217690 0.170465600 0.229523090 0.172626190 0.207784910 0.177607310 0.176083010 0.136137410 0.185554650 0.129976250 0.249611330 0.247436670 0.210271710 0.225960600 0.111543700 0.113530920 0.158305210 0.147909030 0.178384500 0.218454510 0.114858450 0.233992270 0.117743560 0.173920750 
7     0.006036060 0.000719180 0.004253000 0.000240670 0.000000000 0.096361860 0.042658100 0.038998920 0.155494870 0.117329360 0.119831610 0.243526910 0.333291010 0.364784640 0.129851650 0.129650390 0.299229080 0.164962060 0.207931950 0.225445050 0.273154030 0.116764250 0.151323060 0.213360020 0.216820520 0.234405930 0.276366530 0.293799280 0.131047190 0.204550260 0.133207780 0.168366500 0.138188900 0.136664600 0.136344580 0.176124460 0.158558120 0.210192920 0.208018260 0.200841520 0.186542190 0.111750870 0.113738090 0.158512380 0.148116200 0.178591670 0.209024320 0.115065620 0.194573860 0.102100330 0.146761300 
2     0.091048890 0.093233400 0.039290330 0.077030100 0.096361860 0.000000000 0.010458280 0.044967230 0.161199320 0.234337430 0.302211190 0.278349150 0.310538180 0.361869160 0.262311860 0.246880160 0.261330310 0.228948010 0.265649370 0.369796620 0.359171740 0.138012890 0.231569990 0.253537670 0.251324890 0.278737730 0.222684900 0.229594950 0.229279710 0.193214110 0.244104410 0.246742070 0.237798930 0.196136310 0.168182100 0.122442830 0.159345150 0.205479340 0.329974930 0.147159890 0.249050640 0.148044530 0.168854040 0.160529020 0.227411210 0.267067480 0.155342690 0.190142210 0.168456890 0.117840300 0.149092030 
5     0.075243530 0.078146960 0.030867440 0.018268430 0.042658100 0.010458280 0.000000000 0.039486210 0.167517360 0.266167850 0.227322840 0.175780250 0.232155150 0.298715260 0.251334810 0.268754600 0.238704220 0.199466450 0.236167810 0.382879450 0.353914150 0.127449740 0.221525020 0.230540310 0.243404920 0.219644780 0.196456420 0.151211920 0.211097810 0.149325450 0.205272270 0.202106630 0.173171570 0.215286040 0.203715590 0.211917460 0.225494060 0.271797500 0.271063960 0.168348880 0.205880640 0.184886900 0.197214890 0.250003650 0.237823940 0.312127560 0.174126420 0.279616840 0.138975330 0.088358740 0.238566660 
6     0.054709310 0.045851800 0.041603690 0.053770440 0.038998920 0.044967230 0.039486210 0.000000000 0.076881640 0.038716130 0.041218380 0.154323040 0.313943420 0.324513750 0.051238420 0.051037160 0.220615850 0.086348830 0.129318720 0.398335460 0.371904300 0.038151020 0.268110960 0.229106340 0.274288030 0.246195810 0.271951500 0.337682630 0.210107340 0.194556860 0.164399580 0.248470910 0.159537310 0.159287500 0.057731350 0.121954040 0.095010020 0.297730680 0.296997140 0.153373080 0.225682390 0.033137640 0.035124860 0.079899150 0.069502970 0.099978440 0.196118080 0.036452390 0.211078020 0.047765190 0.391596330 
43     0.218836540 0.155763890 0.159297710 0.155287700 0.155494870 0.161199320 0.167517360 0.076881640 0.000000000 0.032304760 0.019419180 0.023642030 0.023336700 0.021261900 0.081552230 0.072307580 0.067467660 0.035755290 0.025215930 0.059658100 0.019931460 0.024467010 0.051596920 0.141051570 0.112858000 0.109923240 0.110198800 0.103795800 0.085992170 0.084646430 0.072173020 0.071575800 0.085561950 0.081608280 0.059614420 0.040139590 0.077041910 0.096911660 0.150383850 0.038592210 0.127402700 0.039476850 0.060286360 0.051961340 0.103422250 0.133897720 0.046775010 0.070371670 0.000523870 0.045065160 0.066788790 
45     0.321654730 0.117598380 0.121132200 0.117122190 0.117329360 0.234337430 0.266167850 0.038716130 0.032304760 0.000000000 0.004256080 0.012800950 0.022626550 0.041222260 0.024902310 0.024701050 0.030947340 0.082102600 0.021199900 0.052932330 0.022782930 0.033904770 0.147942710 0.164793380 0.155708790 0.149788630 0.184380750 0.183712460 0.151081060 0.125427890 0.125731270 0.125134050 0.139120200 0.114864350 0.039629580 0.103852270 0.108480330 0.226359600 0.257843330 0.135271310 0.123834770 0.015035870 0.017023090 0.061797380 0.051401200 0.081876670 0.178016310 0.018350620 0.117565460 0.063393900 0.200999760 
44     0.267439230 0.120100630 0.123634450 0.119624440 0.119831610 0.302211190 0.227322840 0.041218380 0.019419180 0.004256080 0.000000000 0.000247510 0.061203750 0.055612770 0.027404560 0.027203300 0.066647450 0.084604850 0.093975520 0.098175560 0.021666280 0.036407020 0.122956300 0.139806970 0.130722380 0.149083140 0.200345440 0.155100940 0.144334270 0.100441480 0.139589290 0.109826510 0.134092790 0.089877940 0.042131830 0.106354520 0.110982580 0.251497270 0.264639010 0.137773560 0.123129280 0.017538120 0.019525340 0.064299630 0.053903450 0.084378920 0.178015440 0.020852870 0.121410780 0.065896150 0.214857780 
39     0.213294830 0.200291130 0.230010230 0.189289270 0.243526910 0.278349150 0.175780250 0.154323040 0.023642030 0.012800950 0.000247510 0.000000000 0.027802340 0.040060300 0.046080280 0.029212700 0.043841490 0.085245930 0.075582900 0.090300040 0.025889130 0.094933960 0.210307270 0.224226990 0.208567310 0.170072970 0.166944030 0.121699530 0.171365400 0.119813060 0.098260830 0.097663610 0.111649760 0.140975100 0.126947010 0.156731020 0.111651040 0.222192090 0.221458550 0.119441550 0.144119110 0.135281490 0.147609480 0.199999440 0.194501750 0.166565010 0.144614030 0.151439340 0.102862460 0.134632010 0.173529320 
35     0.349001400 0.344584500 0.335895780 0.348934240 0.333291010 0.310538180 0.232155150 0.313943420 0.023336700 0.022626550 0.061203750 0.027802340 0.000000000 0.000508990 0.047796140 0.062128870 0.057425320 0.095192160 0.022492510 0.054224940 0.024075540 0.112330290 0.217686620 0.236830310 0.266175000 0.209403360 0.142264770 0.122513670 0.190886730 0.120627200 0.227018510 0.220053250 0.144757650 0.186587790 0.094342880 0.217610870 0.199220980 0.271990860 0.311249620 0.139650630 0.243944720 0.140425940 0.230074460 0.296576540 0.210243740 0.297006410 0.145428170 0.263811490 0.022992930 0.308848780 0.443323330 
14     0.380495030 0.376078130 0.367389410 0.380427870 0.364784640 0.361869160 0.298715260 0.324513750 0.021261900 0.041222260 0.055612770 0.040060300 0.000508990 0.000000000 0.113206030 0.084671310 0.064525160 0.190817930 0.041088220 0.072820650 0.042671250 0.091822140 0.229330360 0.230560760 0.258765320 0.203133810 0.173758400 0.178457960 0.222380360 0.210712660 0.240538360 0.247453750 0.274816930 0.224135460 0.240701880 0.240892160 0.240545020 0.315022050 0.309336560 0.278541890 0.237675170 0.260521520 0.259532190 0.279180010 0.276901710 0.320287700 0.313351820 0.261898430 0.020918130 0.223057980 0.461919040 
13     0.218354380 0.130120670 0.133654490 0.129644480 0.129851650 0.262311860 0.251334810 0.051238420 0.081552230 0.024902310 0.027404560 0.046080280 0.047796140 0.113206030 0.000000000 0.000201700 0.009634520 0.090305480 0.080642450 0.139948890 0.109799490 0.046427060 0.216714470 0.182601220 0.185407290 0.193902850 0.186937830 0.140640850 0.206572320 0.139806860 0.186631170 0.213101580 0.163937310 0.173272280 0.052151870 0.116374560 0.116877870 0.222587630 0.179365330 0.147793600 0.199229800 0.027558160 0.029545380 0.074319670 0.063923490 0.094398960 0.164607830 0.030872910 0.138950000 0.075916190 0.490704780 
40     0.277080540 0.129919410 0.133453230 0.129443220 0.129650390 0.246880160 0.268754600 0.051037160 0.072307580 0.024701050 0.027203300 0.029212700 0.062128870 0.084671310 0.000201700 0.000000000 0.001429320 0.094423630 0.070553410 0.102285840 0.072136440 0.046225800 0.228390750 0.194277500 0.197083570 0.205579130 0.220279410 0.152317130 0.224280130 0.212287620 0.237407230 0.226845680 0.234312790 0.173894460 0.051950610 0.116173300 0.120801360 0.217598100 0.268636030 0.147592340 0.223656300 0.027356900 0.029344120 0.074118410 0.063722230 0.094197700 0.190337340 0.030671650 0.153051310 0.075714930 0.386834270 
19     0.298964340 0.294056850 0.303031920 0.299021910 0.299229080 0.261330310 0.238704220 0.220615850 0.067467660 0.030947340 0.066647450 0.043841490 0.057425320 0.064525160 0.009634520 0.001429320 0.000000000 0.121997900 0.069125010 0.100857440 0.070708040 0.129944120 0.202629900 0.168516650 0.171322720 0.179818280 0.196567010 0.126556280 0.205802570 0.149436040 0.197626830 0.197029610 0.173566490 0.188142430 0.172300740 0.172840810 0.173079410 0.239590160 0.248724480 0.168459470 0.182180970 0.170063540 0.198922810 0.194639840 0.209436100 0.247863930 0.174237010 0.200250340 0.171894120 0.186188600 0.211922390 
29     0.211973280 0.165231080 0.168764900 0.164754890 0.164962060 0.228948010 0.199466450 0.086348830 0.035755290 0.082102600 0.084604850 0.085245930 0.095192160 0.190817930 0.090305480 0.094423630 0.121997900 0.000000000 0.003125750 0.065021210 0.004472970 0.081537490 0.085145110 0.177241280 0.150140970 0.145941150 0.214681600 0.189756970 0.157916050 0.186099280 0.158549520 0.162962030 0.175387800 0.175137990 0.101117820 0.162817530 0.110496770 0.317664590 0.240946130 0.166328810 0.130669760 0.076524110 0.078511330 0.123285620 0.112889440 0.143364910 0.208158900 0.079838860 0.068442560 0.111026600 0.227797240 
9     0.202310250 0.189306550 0.211734790 0.178304690 0.207931950 0.265649370 0.236167810 0.129318720 0.025215930 0.021199900 0.093975520 0.075582900 0.022492510 0.041088220 0.080642450 0.070553410 0.069125010 0.003125750 0.000000000 0.038055410 0.001372760 0.057562040 0.129171690 0.180292350 0.174195890 0.135294400 0.244840540 0.189508850 0.216294800 0.200744320 0.170587040 0.207490990 0.165724770 0.165474960 0.144087710 0.152893260 0.100833740 0.296999160 0.231021860 0.145663380 0.196537840 0.119494000 0.121481220 0.166255510 0.155859330 0.186334800 0.198234630 0.122808750 0.025004660 0.145038840 0.230848310 
48     0.245614240 0.221160300 0.302811480 0.264863460 0.225445050 0.369796620 0.382879450 0.398335460 0.059658100 0.052932330 0.098175560 0.090300040 0.054224940 0.072820650 0.139948890 0.102285840 0.100857440 0.065021210 0.038055410 0.000000000 0.000458320 0.204095620 0.200736480 0.223063770 0.239561170 0.255894160 0.200886510 0.216387510 0.186290480 0.181940550 0.172199090 0.171601870 0.163244040 0.149220120 0.200885270 0.141294550 0.185589300 0.188586220 0.236434370 0.193379810 0.196252930 0.150714060 0.163679460 0.201783070 0.201235140 0.194066560 0.190820310 0.155820970 0.167963490 0.208570270 0.247467580 
41     0.293323220 0.268869280 0.350520460 0.312572440 0.273154030 0.359171740 0.353914150 0.371904300 0.019931460 0.022782930 0.021666280 0.025889130 0.024075540 0.042671250 0.109799490 0.072136440 0.070708040 0.004472970 0.001372760 0.000458320 0.000000000 0.078261890 0.184763070 0.201613740 0.192529150 0.201173010 0.180944790 0.157294750 0.173382100 0.162248250 0.099313560 0.098716340 0.112702490 0.151684710 0.127999740 0.149827010 0.112703770 0.173226190 0.244966830 0.120494280 0.233192650 0.159246520 0.160955310 0.199058920 0.209767600 0.191342410 0.199352770 0.153096820 0.162733490 0.135684740 0.174582050 
36     0.212941050 0.117033270 0.120567090 0.116557080 0.116764250 0.138012890 0.127449740 0.038151020 0.024467010 0.033904770 0.036407020 0.094933960 0.112330290 0.091822140 0.046427060 0.046225800 0.129944120 0.081537490 0.057562040 0.204095620 0.078261890 0.000000000 0.146203220 0.117857300 0.115644520 0.126570980 0.087004530 0.146563090 0.101866450 0.061460000 0.132987120 0.132389900 0.086766020 0.064382200 0.036427990 0.016953160 0.053855480 0.073725230 0.186706930 0.015405780 0.086841380 0.016290420 0.030313500 0.028774910 0.064691610 0.095167080 0.023588580 0.031641030 0.026145340 0.021878730 0.043602360 
50     0.171492250 0.147038310 0.228689490 0.190741470 0.151323060 0.231569990 0.221525020 0.268110960 0.051596920 0.147942710 0.122956300 0.210307270 0.217686620 0.229330360 0.216714470 0.228390750 0.202629900 0.085145110 0.129171690 0.200736480 0.184763070 0.146203220 0.000000000 0.012325180 0.013182610 0.006784930 0.002318340 0.030828310 0.045809120 0.036707190 0.079549360 0.016148550 0.015975130 0.056885380 0.179626280 0.184981410 0.140918940 0.192553740 0.154726580 0.153077210 0.168903010 0.126118740 0.154106020 0.191562190 0.165306800 0.165145760 0.158854750 0.170831090 0.106717900 0.191017300 0.482218390 
32     0.233529210 0.209075270 0.274959830 0.252778430 0.213360020 0.253537670 0.230540310 0.229106340 0.141051570 0.164793380 0.139806970 0.224226990 0.236830310 0.230560760 0.182601220 0.194277500 0.168516650 0.177241280 0.180292350 0.223063770 0.201613740 0.117857300 0.012325180 0.000000000 0.000979230 0.000218520 0.014003540 0.062774150 0.039606430 0.001633830 0.021601970 0.009493850 0.026622310 0.038053720 0.151952770 0.132477940 0.169380260 0.189250010 0.170409450 0.130930560 0.188888140 0.131815200 0.152624710 0.144299690 0.180989670 0.180828630 0.139113360 0.173912880 0.024405600 0.137403510 0.159127140 
22     0.236989710 0.212535770 0.269270170 0.256238930 0.216820520 0.251324890 0.243404920 0.274288030 0.112858000 0.155708790 0.130722380 0.208567310 0.266175000 0.258765320 0.185407290 0.197083570 0.171322720 0.150140970 0.174195890 0.239561170 0.192529150 0.115644520 0.013182610 0.000979230 0.000000000 0.010026280 0.028640610 0.002440560 0.050544320 0.041442390 0.111687410 0.020883750 0.020710330 0.064651460 0.149739990 0.130265160 0.167167480 0.187037230 0.164719790 0.128717780 0.188821090 0.129602420 0.150411930 0.142086910 0.175300010 0.175138970 0.136900580 0.171700100 0.114491040 0.135190730 0.156914360 
33     0.254575120 0.230121180 0.279549580 0.273824340 0.234405930 0.278737730 0.219644780 0.246195810 0.109923240 0.149788630 0.149083140 0.170072970 0.209403360 0.203133810 0.193902850 0.205579130 0.179818280 0.145941150 0.135294400 0.255894160 0.201173010 0.126570980 0.006784930 0.000218520 0.010026280 0.000000000 0.036205370 0.034720570 0.039417830 0.001445230 0.021413370 0.009305250 0.026433710 0.037865120 0.179474680 0.177611870 0.186875930 0.215442790 0.174999200 0.184872030 0.159189720 0.146391360 0.174378640 0.198514360 0.185579420 0.181635620 0.193328030 0.166509950 0.024217000 0.179347400 0.213341810 
17     0.282673030 0.299083290 0.285484800 0.285796720 0.276366530 0.222684900 0.196456420 0.271951500 0.110198800 0.184380750 0.200345440 0.166944030 0.142264770 0.173758400 0.186937830 0.220279410 0.196567010 0.214681600 0.244840540 0.200886510 0.180944790 0.087004530 0.002318340 0.014003540 0.028640610 0.036205370 0.000000000 0.031743420 0.062276460 0.053174530 0.107877300 0.032615890 0.032442470 0.087324630 0.121100000 0.101625170 0.138527490 0.158397240 0.197833530 0.100077790 0.201968540 0.100962430 0.121771940 0.113446920 0.173741870 0.208252710 0.108260590 0.143060110 0.136133450 0.106550740 0.128274370 
34     0.313968470 0.289514530 0.257552060 0.333217690 0.293799280 0.229594950 0.151211920 0.337682630 0.103795800 0.183712460 0.155100940 0.121699530 0.122513670 0.178457960 0.140640850 0.152317130 0.126556280 0.189756970 0.189508850 0.216387510 0.157294750 0.146563090 0.030828310 0.062774150 0.002440560 0.034720570 0.031743420 0.000000000 0.127585560 0.030725790 0.060486590 0.062237930 0.054856240 0.062561240 0.135097550 0.134936860 0.119801580 0.262294450 0.247182760 0.057904260 0.199184080 0.154566220 0.148328090 0.232090530 0.128497370 0.214332400 0.063681800 0.202855250 0.116876620 0.142782550 0.181679860 
42     0.151216380 0.126762440 0.208413620 0.170465600 0.131047190 0.229279710 0.211097810 0.210107340 0.085992170 0.151081060 0.144334270 0.171365400 0.190886730 0.222380360 0.206572320 0.224280130 0.205802570 0.157916050 0.216294800 0.186290480 0.173382100 0.101866450 0.045809120 0.039606430 0.050544320 0.039417830 0.062276460 0.127585560 0.000000000 0.013931910 0.003880770 0.018605660 0.008861890 0.009633130 0.129580560 0.112560830 0.120643070 0.166877800 0.137333510 0.108558350 0.148627140 0.108725670 0.130252500 0.121927480 0.147913730 0.147752690 0.116741150 0.151540670 0.063550710 0.117486400 0.139210030 
31     0.224719450 0.200265510 0.255665590 0.229523090 0.204550260 0.193214110 0.149325450 0.194556860 0.084646430 0.125427890 0.100441480 0.119813060 0.120627200 0.210712660 0.139806860 0.212287620 0.149436040 0.186099280 0.200744320 0.181940550 0.162248250 0.061460000 0.036707190 0.001633830 0.041442390 0.001445230 0.053174530 0.030725790 0.013931910 0.000000000 0.008951430 0.007902780 0.004149380 0.015299330 0.089174110 0.072154380 0.109056700 0.126471350 0.151189900 0.056017790 0.170042650 0.069036540 0.089846050 0.081521030 0.126610900 0.161609080 0.061795330 0.111134220 0.025578110 0.077079950 0.098803580 
37     0.153376970 0.128923030 0.210574210 0.172626190 0.133207780 0.244104410 0.205272270 0.164399580 0.072173020 0.125731270 0.139589290 0.098260830 0.227018510 0.240538360 0.186631170 0.237407230 0.197626830 0.158549520 0.170587040 0.172199090 0.099313560 0.132987120 0.079549360 0.021601970 0.111687410 0.021413370 0.107877300 0.060486590 0.003880770 0.008951430 0.000000000 0.000629120 0.003082920 0.025970670 0.077116360 0.106900370 0.061820390 0.173998620 0.172263800 0.069610900 0.150787730 0.144942830 0.172930110 0.234668340 0.184130890 0.183561520 0.190085770 0.168435850 0.045546250 0.084801360 0.123698670 
12     0.188535690 0.164081750 0.245732930 0.207784910 0.168366500 0.246742070 0.202106630 0.248470910 0.071575800 0.125134050 0.109826510 0.097663610 0.220053250 0.247453750 0.213101580 0.226845680 0.197029610 0.162962030 0.207490990 0.171601870 0.098716340 0.132389900 0.016148550 0.009493850 0.020883750 0.009305250 0.032615890 0.062237930 0.018605660 0.007902780 0.000629120 0.000000000 0.001245860 0.027722010 0.076519140 0.106303150 0.061223170 0.178271840 0.167080290 0.069013680 0.165528130 0.138472450 0.166459730 0.228197960 0.177660510 0.177499470 0.161221380 0.172848360 0.033438130 0.084204140 0.123101450 
25     0.158358090 0.133904150 0.215555330 0.177607310 0.138188900 0.237798930 0.173171570 0.159537310 0.085561950 0.139120200 0.134092790 0.111649760 0.144757650 0.274816930 0.163937310 0.234312790 0.173566490 0.175387800 0.165724770 0.163244040 0.112702490 0.086766020 0.015975130 0.026622310 0.020710330 0.026433710 0.032442470 0.054856240 0.008861890 0.004149380 0.003082920 0.001245860 0.000000000 0.012246230 0.090505290 0.116739200 0.075209320 0.171056170 0.164941170 0.080148240 0.155768850 0.113621360 0.134430870 0.126105850 0.150741350 0.175360350 0.085925780 0.155719040 0.050566590 0.098190290 0.137087600 
10     0.156833790 0.132379850 0.214031030 0.176083010 0.136664600 0.196136310 0.215286040 0.159287500 0.081608280 0.114864350 0.089877940 0.140975100 0.186587790 0.224135460 0.173272280 0.173894460 0.188142430 0.175137990 0.165474960 0.149220120 0.151684710 0.064382200 0.056885380 0.038053720 0.064651460 0.037865120 0.087324630 0.062561240 0.009633130 0.015299330 0.025970670 0.027722010 0.012246230 0.000000000 0.092096310 0.075076580 0.087230450 0.129393550 0.144144230 0.071074100 0.154244550 0.071958740 0.092768250 0.084443230 0.151325420 0.135896840 0.079256900 0.114056420 0.061998000 0.080002150 0.101725780 
38     0.238713090 0.136613600 0.140147420 0.136137410 0.136344580 0.168182100 0.203715590 0.057731350 0.059614420 0.039629580 0.042131830 0.126947010 0.094342880 0.240701880 0.052151870 0.051950610 0.172300740 0.101117820 0.144087710 0.200885270 0.127999740 0.036427990 0.179626280 0.151952770 0.149739990 0.179474680 0.121100000 0.135097550 0.129580560 0.089174110 0.077116360 0.076519140 0.090505290 0.092096310 0.000000000 0.000468770 0.019568290 0.094898680 0.065128040 0.009521160 0.062009530 0.025647070 0.024754890 0.049948360 0.059133000 0.088489570 0.044762030 0.026082420 0.064890160 0.052047940 0.073771570 
16     0.197370990 0.198841220 0.185242730 0.185554650 0.176124460 0.122442830 0.211917460 0.121954040 0.040139590 0.103852270 0.106354520 0.156731020 0.217610870 0.240892160 0.116374560 0.116173300 0.172840810 0.162817530 0.152893260 0.141294550 0.149827010 0.016953160 0.184981410 0.132477940 0.130265160 0.177611870 0.101625170 0.134936860 0.112560830 0.072154380 0.106900370 0.106303150 0.116739200 0.075076580 0.000468770 0.000000000 0.004645540 0.033793980 0.033187870 0.026100160 0.042081680 0.026984800 0.047794310 0.039469290 0.106351480 0.107489650 0.034282960 0.056440690 0.062155820 0.006976370 0.027191840 
21     0.153981810 0.140978110 0.170697210 0.129976250 0.158558120 0.159345150 0.225494060 0.095010020 0.077041910 0.108480330 0.110982580 0.111651040 0.199220980 0.240545020 0.116877870 0.120801360 0.173079410 0.110496770 0.100833740 0.185589300 0.112703770 0.053855480 0.140918940 0.169380260 0.167167480 0.186875930 0.138527490 0.119801580 0.120643070 0.109056700 0.061820390 0.061223170 0.075209320 0.087230450 0.019568290 0.004645540 0.000000000 0.018056180 0.017450070 0.042748170 0.026343880 0.063887120 0.084696630 0.076371610 0.122195340 0.100840100 0.071185280 0.090213850 0.099058140 0.043878690 0.064094160 
20     0.230362110 0.205908170 0.268279240 0.249611330 0.210192920 0.205479340 0.271797500 0.297730680 0.096911660 0.226359600 0.251497270 0.222192090 0.271990860 0.315022050 0.222587630 0.217598100 0.239590160 0.317664590 0.296999160 0.188586220 0.173226190 0.073725230 0.192553740 0.189250010 0.187037230 0.215442790 0.158397240 0.262294450 0.166877800 0.126471350 0.173998620 0.178271840 0.171056170 0.129393550 0.094898680 0.033793980 0.018056180 0.000000000 0.002212050 0.004951130 0.021150340 0.020906770 0.006506990 0.028947950 0.107860410 0.084064470 0.027124680 0.078688770 0.089018660 0.089345180 0.111068810 
27     0.228187450 0.203733510 0.285384690 0.247436670 0.208018260 0.329974930 0.271063960 0.296997140 0.150383850 0.257843330 0.264639010 0.221458550 0.311249620 0.309336560 0.179365330 0.268636030 0.248724480 0.240946130 0.231021860 0.236434370 0.244966830 0.186706930 0.154726580 0.170409450 0.164719790 0.174999200 0.197833530 0.247182760 0.137333510 0.151189900 0.172263800 0.167080290 0.164941170 0.144144230 0.065128040 0.033187870 0.017450070 0.002212050 0.000000000 0.020516520 0.022717340 0.031660770 0.004040540 0.069767860 0.115476400 0.071956050 0.051153040 0.048667950 0.155066620 0.252394760 0.496027870 
24     0.222088050 0.223558280 0.209959790 0.210271710 0.200841520 0.147159890 0.168348880 0.153373080 0.038592210 0.135271310 0.137773560 0.119441550 0.139650630 0.278541890 0.147793600 0.147592340 0.168459470 0.166328810 0.145663380 0.193379810 0.120494280 0.015405780 0.153077210 0.130930560 0.128717780 0.184872030 0.100077790 0.057904260 0.108558350 0.056017790 0.069610900 0.069013680 0.080148240 0.071074100 0.009521160 0.026100160 0.042748170 0.004951130 0.020516520 0.000000000 0.000081030 0.000937760 0.020912550 0.013422250 0.065008140 0.043652900 0.005899240 0.033026650 0.051704240 0.031025730 0.052749360 
23     0.206711380 0.182257440 0.263908620 0.225960600 0.186542190 0.249050640 0.205880640 0.225682390 0.127402700 0.123834770 0.123129280 0.144119110 0.243944720 0.237675170 0.199229800 0.223656300 0.182180970 0.130669760 0.196537840 0.196252930 0.233192650 0.086841380 0.168903010 0.188888140 0.188821090 0.159189720 0.201968540 0.199184080 0.148627140 0.170042650 0.150787730 0.165528130 0.155768850 0.154244550 0.062009530 0.042081680 0.026343880 0.021150340 0.022717340 0.000081030 0.000000000 0.013747130 0.015872450 0.043664750 0.048416670 0.022456720 0.044815230 0.007331050 0.107004510 0.132916480 0.154640110 
11     0.207038200 0.112019890 0.115553710 0.111543700 0.111750870 0.148044530 0.184886900 0.033137640 0.039476850 0.015035870 0.017538120 0.135281490 0.140425940 0.260521520 0.027558160 0.027356900 0.170063540 0.076524110 0.119494000 0.150714060 0.159246520 0.016290420 0.126118740 0.131815200 0.129602420 0.146391360 0.100962430 0.154566220 0.108725670 0.069036540 0.144942830 0.138472450 0.113621360 0.071958740 0.025647070 0.026984800 0.063887120 0.020906770 0.031660770 0.000937760 0.013747130 0.000000000 0.003040580 0.012509130 0.037418690 0.034983900 0.007322800 0.004368110 0.052588880 0.031910370 0.053634000 
47     0.243782200 0.114007110 0.117540930 0.113530920 0.113738090 0.168854040 0.197214890 0.035124860 0.060286360 0.017023090 0.019525340 0.147609480 0.230074460 0.259532190 0.029545380 0.029344120 0.198922810 0.078511330 0.121481220 0.163679460 0.160955310 0.030313500 0.154106020 0.152624710 0.150411930 0.174378640 0.121771940 0.148328090 0.130252500 0.089846050 0.172930110 0.166459730 0.134430870 0.092768250 0.024754890 0.047794310 0.084696630 0.006506990 0.004040540 0.020912550 0.015872450 0.003040580 0.000000000 0.013309320 0.008550440 0.040479780 0.011486050 0.003403230 0.073398390 0.052719880 0.074443510 
18     0.235457180 0.158781400 0.162315220 0.158305210 0.158512380 0.160529020 0.250003650 0.079899150 0.051961340 0.061797380 0.064299630 0.199999440 0.296576540 0.279180010 0.074319670 0.074118410 0.194639840 0.123285620 0.166255510 0.201783070 0.199058920 0.028774910 0.191562190 0.144299690 0.142086910 0.198514360 0.113446920 0.232090530 0.121927480 0.081521030 0.234668340 0.228197960 0.126105850 0.084443230 0.049948360 0.039469290 0.076371610 0.028947950 0.069767860 0.013422250 0.043664750 0.012509130 0.013309320 0.000000000 0.016285040 0.015339970 0.001833050 0.007040370 0.065073370 0.044394860 0.066118490 
15     0.285672330 0.148385220 0.151919040 0.147909030 0.148116200 0.227411210 0.237823940 0.069502970 0.103422250 0.051401200 0.053903450 0.194501750 0.210243740 0.276901710 0.063923490 0.063722230 0.209436100 0.112889440 0.155859330 0.201235140 0.209767600 0.064691610 0.165306800 0.180989670 0.175300010 0.185579420 0.173741870 0.128497370 0.147913730 0.126610900 0.184130890 0.177660510 0.150741350 0.151325420 0.059133000 0.106351480 0.122195340 0.107860410 0.115476400 0.065008140 0.048416670 0.037418690 0.008550440 0.016285040 0.000000000 0.002730150 0.035884510 0.020766960 0.124715620 0.094180740 0.133000680 
46     0.242151980 0.178860690 0.182394510 0.178384500 0.178591670 0.267067480 0.312127560 0.099978440 0.133897720 0.081876670 0.084378920 0.166565010 0.297006410 0.320287700 0.094398960 0.094197700 0.247863930 0.143364910 0.186334800 0.194066560 0.191342410 0.095167080 0.165145760 0.180828630 0.175138970 0.181635620 0.208252710 0.214332400 0.147752690 0.161609080 0.183561520 0.177499470 0.175360350 0.135896840 0.088489570 0.107489650 0.100840100 0.084064470 0.071956050 0.043652900 0.022456720 0.034983900 0.040479780 0.015339970 0.002730150 0.000000000 0.024430080 0.010631770 0.139725490 0.124656210 0.172656950 
30     0.230270850 0.231741080 0.218142590 0.218454510 0.209024320 0.155342690 0.174126420 0.196118080 0.046775010 0.178016310 0.178015440 0.144614030 0.145428170 0.313351820 0.164607830 0.190337340 0.174237010 0.208158900 0.198234630 0.190820310 0.199352770 0.023588580 0.158854750 0.139113360 0.136900580 0.193328030 0.108260590 0.063681800 0.116741150 0.061795330 0.190085770 0.161221380 0.085925780 0.079256900 0.044762030 0.034282960 0.071185280 0.027124680 0.051153040 0.005899240 0.044815230 0.007322800 0.011486050 0.001833050 0.035884510 0.024430080 0.000000000 0.013527590 0.059887040 0.039208530 0.060932160 
26     0.265070370 0.115334640 0.118868460 0.114858450 0.115065620 0.190142210 0.279616840 0.036452390 0.070371670 0.018350620 0.020852870 0.151439340 0.263811490 0.261898430 0.030872910 0.030671650 0.200250340 0.079838860 0.122808750 0.155820970 0.153096820 0.031641030 0.170831090 0.173912880 0.171700100 0.166509950 0.143060110 0.202855250 0.151540670 0.111134220 0.168435850 0.172848360 0.155719040 0.114056420 0.026082420 0.056440690 0.090213850 0.078688770 0.048667950 0.033026650 0.007331050 0.004368110 0.003403230 0.007040370 0.020766960 0.010631770 0.013527590 0.000000000 0.094686560 0.061130160 0.095731680 
49     0.214743050 0.190289110 0.246015450 0.233992270 0.194573860 0.168456890 0.138975330 0.211078020 0.000523870 0.117565460 0.121410780 0.102862460 0.022992930 0.020918130 0.138950000 0.153051310 0.171894120 0.068442560 0.025004660 0.167963490 0.162733490 0.026145340 0.106717900 0.024405600 0.114491040 0.024217000 0.136133450 0.116876620 0.063550710 0.025578110 0.045546250 0.033438130 0.050566590 0.061998000 0.064890160 0.062155820 0.099058140 0.089018660 0.155066620 0.051704240 0.107004510 0.052588880 0.073398390 0.065073370 0.124715620 0.139725490 0.059887040 0.094686560 0.000000000 0.067081390 0.088805020 
28     0.117810720 0.113393820 0.104705100 0.117743560 0.102100330 0.117840300 0.088358740 0.047765190 0.045065160 0.063393900 0.065896150 0.134632010 0.308848780 0.223057980 0.075916190 0.075714930 0.186188600 0.111026600 0.145038840 0.208570270 0.135684740 0.021878730 0.191017300 0.137403510 0.135190730 0.179347400 0.106550740 0.142782550 0.117486400 0.077079950 0.084801360 0.084204140 0.098190290 0.080002150 0.052047940 0.006976370 0.043878690 0.089345180 0.252394760 0.031025730 0.132916480 0.031910370 0.052719880 0.044394860 0.094180740 0.124656210 0.039208530 0.061130160 0.067081390 0.000000000 0.033625570 
0     0.224020190 0.225490420 0.189146250 0.173920750 0.146761300 0.149092030 0.238566660 0.391596330 0.066788790 0.200999760 0.214857780 0.173529320 0.443323330 0.461919040 0.490704780 0.386834270 0.211922390 0.227797240 0.230848310 0.247467580 0.174582050 0.043602360 0.482218390 0.159127140 0.156914360 0.213341810 0.128274370 0.181679860 0.139210030 0.098803580 0.123698670 0.123101450 0.137087600 0.101725780 0.073771570 0.027191840 0.064094160 0.111068810 0.496027870 0.052749360 0.154640110 0.053634000 0.074443510 0.066118490 0.133000680 0.172656950 0.060932160 0.095731680 0.088805020 0.033625570 0.000000000 
