51
1     0.000000000 0.042282622 0.042149457 0.083861282 0.084959053 0.448098794 0.447643010 0.411983705 0.408147875 0.395718027 0.425546641 0.385783770 0.503650849 0.492001174 0.448858366 0.473578864 0.476437561 0.558458975 0.492019086 0.405123914 0.400761367 0.471024840 0.417923953 0.476312723 0.495534814 0.494804987 0.486282823 0.490149614 0.492709106 0.484550712 0.523747574 0.406414073 0.458302987 0.563672436 0.488570955 0.450175114 0.492609179 0.496887547 0.503927907 0.510201586 0.488553744 0.617873067 0.618949826 0.461442072 0.472824441 0.454272622 0.467850767 0.435037213 0.514839634 0.445580441 1.204157190 
8     0.042282622 0.000000000 0.041280425 0.083937687 0.084629069 0.446692524 0.446236740 0.410577435 0.406741605 0.394311758 0.424140371 0.384377500 0.502244579 0.490594904 0.447452097 0.472172595 0.475031291 0.557052706 0.490612816 0.403717645 0.399355098 0.469618570 0.416517683 0.474906454 0.494128544 0.493398717 0.484876554 0.488743345 0.491302836 0.483144442 0.522341304 0.405007803 0.456896717 0.562266167 0.487164686 0.448768845 0.491202909 0.495481277 0.502521638 0.508795317 0.487147474 0.616466798 0.617543556 0.460035803 0.471418171 0.452866352 0.466444497 0.433630943 0.513433364 0.444174171 1.202750920 
5     0.042149457 0.041280425 0.000000000 0.078267046 0.080749456 0.443190644 0.442734860 0.407075555 0.403239725 0.390809877 0.420638491 0.380875620 0.498742699 0.487093024 0.443950216 0.468670714 0.471529411 0.553550825 0.487110936 0.400215764 0.395853217 0.466116690 0.413015802 0.471404573 0.490626664 0.489896837 0.481374673 0.485241464 0.487800956 0.479642562 0.518839423 0.401505923 0.453394836 0.558764286 0.483662805 0.445266964 0.487701029 0.491979397 0.499019757 0.505293436 0.483645593 0.612964917 0.614041676 0.456533922 0.467916290 0.449364472 0.462942617 0.430129063 0.509931484 0.440672291 1.199249040 
7     0.083861282 0.083937687 0.078267046 0.000000000 0.062851040 0.449259065 0.448803282 0.413143976 0.409308146 0.396878299 0.426706912 0.386944041 0.504811121 0.493161445 0.450018638 0.474739136 0.477597832 0.559619247 0.493179357 0.406284186 0.401921639 0.472185111 0.419084224 0.477472995 0.496695085 0.495965258 0.487443095 0.491309886 0.493869377 0.485710983 0.524907845 0.407574345 0.459463258 0.564832708 0.489731227 0.451335386 0.493769450 0.498047818 0.505088179 0.511361858 0.489714015 0.619033339 0.620110097 0.462602344 0.473984712 0.455432893 0.469011038 0.436197484 0.515999905 0.446740712 1.205317461 
11     0.084959053 0.084629069 0.080749456 0.062851040 0.000000000 0.450947695 0.450491911 0.414832606 0.410996776 0.398566928 0.428395542 0.388632671 0.506499750 0.494850075 0.451707267 0.476427765 0.479286462 0.561307876 0.494867987 0.407972815 0.403610268 0.473873740 0.420772853 0.479161624 0.498383715 0.497653888 0.489131724 0.492998515 0.495558007 0.487399613 0.526596474 0.409262974 0.461151887 0.566521337 0.491419856 0.453024015 0.495458080 0.499736448 0.506776808 0.513050487 0.491402644 0.620721968 0.621798727 0.464290973 0.475673341 0.457121522 0.470699668 0.437886114 0.517688535 0.448429342 1.207006091 
2     0.448098794 0.446692524 0.443190644 0.449259065 0.450947695 0.000000000 0.123496421 0.271734803 0.263627093 0.251592710 0.286789788 0.265703907 0.601443850 0.589794175 0.546651368 0.571615721 0.574474418 0.656495832 0.590051183 0.498991427 0.494628880 0.566573657 0.513472770 0.571995118 0.591247754 0.590517927 0.580545842 0.584412633 0.586972125 0.578813731 0.618010593 0.500629435 0.554644998 0.659110020 0.583986304 0.545086789 0.587520853 0.591799221 0.598839582 0.605112674 0.583527468 0.713090632 0.714167391 0.557915101 0.568658543 0.550106724 0.563684869 0.531267048 0.609592172 0.540332979 1.299070161 
4     0.447643010 0.446236740 0.442734860 0.448803282 0.450491911 0.123496421 0.000000000 0.271702732 0.263582881 0.251481405 0.286326823 0.264634650 0.600937908 0.589288233 0.546145426 0.571109779 0.573968476 0.655989891 0.589545241 0.498532936 0.494170389 0.566067715 0.512966828 0.571536627 0.590789264 0.590059436 0.580039900 0.583906691 0.586466183 0.578307789 0.617504651 0.500123493 0.554139056 0.658651529 0.583527814 0.544628298 0.587062363 0.591340731 0.598381091 0.604654183 0.583021527 0.712584691 0.713661449 0.557409159 0.568152601 0.549600782 0.563178927 0.530761106 0.609133681 0.539874488 1.298563481 
12     0.411983705 0.410577435 0.407075555 0.413143976 0.414832606 0.271734803 0.271702732 0.000000000 0.177538789 0.164800670 0.226977359 0.228089478 0.563430565 0.551780890 0.508638082 0.533602436 0.536461133 0.618482547 0.552037898 0.461523323 0.457160776 0.529058102 0.475957215 0.534527014 0.553779650 0.553049823 0.543002824 0.546869615 0.549429107 0.541270713 0.580467574 0.463086417 0.517101980 0.621641916 0.546518200 0.507618685 0.550052749 0.554331117 0.561371478 0.567644570 0.546011913 0.675575077 0.676651835 0.520399546 0.531142987 0.512591169 0.526169314 0.493751493 0.572124068 0.502864874 1.261774067 
3     0.408147875 0.406741605 0.403239725 0.409308146 0.410996776 0.263627093 0.263582881 0.177538789 0.000000000 0.126481200 0.225066112 0.222239767 0.561514766 0.549865091 0.506722283 0.531686637 0.534545333 0.616566748 0.550122099 0.459606556 0.455244009 0.527141335 0.474040448 0.532610247 0.551862883 0.551133056 0.541113520 0.544980311 0.547539802 0.539381408 0.578578270 0.461197113 0.515212675 0.619725149 0.544601433 0.505701918 0.548135982 0.552414350 0.559454711 0.565727803 0.544095146 0.673658310 0.674735068 0.518482779 0.529226220 0.510674402 0.524252547 0.491834726 0.570207301 0.500948107 1.259478613 
10     0.395718027 0.394311758 0.390809877 0.396878299 0.398566928 0.251592710 0.251481405 0.164800670 0.126481200 0.000000000 0.212560169 0.209402513 0.549134632 0.537484957 0.494342150 0.519306503 0.522165200 0.604186614 0.537741965 0.447226422 0.442863875 0.514761201 0.461660314 0.520230114 0.539482750 0.538752922 0.528733386 0.532600177 0.535159669 0.527001275 0.566198137 0.448816979 0.502832542 0.607345015 0.532221300 0.493321784 0.535755849 0.540034217 0.547074577 0.553347669 0.531715013 0.661278177 0.662354935 0.506102645 0.516846087 0.498294268 0.511872413 0.479454592 0.557827167 0.488567974 1.247098637 
9     0.425546641 0.424140371 0.420638491 0.426706912 0.428395542 0.286789788 0.286326823 0.226977359 0.225066112 0.212560169 0.000000000 0.242698518 0.579164661 0.567514986 0.524372179 0.549336533 0.552195229 0.634216644 0.567771994 0.476760657 0.472398110 0.544295436 0.491194549 0.549764348 0.569016985 0.568287157 0.558240158 0.562106949 0.564666441 0.556508047 0.595704909 0.478323751 0.532339314 0.636879250 0.561755535 0.522856019 0.565290084 0.569568452 0.576608812 0.582881904 0.561249247 0.690812411 0.691889170 0.535636880 0.546380322 0.527828503 0.541406648 0.508988827 0.587361402 0.518102209 1.276511629 
6     0.385783770 0.384377500 0.380875620 0.386944041 0.388632671 0.265703907 0.264634650 0.228089478 0.222239767 0.209402513 0.242698518 0.000000000 0.539265342 0.527615667 0.484472859 0.509437213 0.512295910 0.594317324 0.527872675 0.436782312 0.432419765 0.504317091 0.451216204 0.509786003 0.529038639 0.528308812 0.518289276 0.522156067 0.524715558 0.516557164 0.555754026 0.438372869 0.492388431 0.596900905 0.521777189 0.482877674 0.525311738 0.529590106 0.536630467 0.542903559 0.521270902 0.650834066 0.651910824 0.495658535 0.506401976 0.487850158 0.501428303 0.469010482 0.547383057 0.478123863 1.237067177 
37     0.503650849 0.502244579 0.498742699 0.504811121 0.506499750 0.601443850 0.600937908 0.563430565 0.561514766 0.549134632 0.579164661 0.539265342 0.000000000 0.162210370 0.119631183 0.257276725 0.260029618 0.334622716 0.271461756 0.420124339 0.415761792 0.484966028 0.431865141 0.494869038 0.514147115 0.513417288 0.504011704 0.507878496 0.510437987 0.502279593 0.541476455 0.424089766 0.477963842 0.583107626 0.508141623 0.469819079 0.512253144 0.516531672 0.523522094 0.530378492 0.501595983 0.630102976 0.631179735 0.473430998 0.484736064 0.466184245 0.479762390 0.448430604 0.529609187 0.460343652 1.301751326 
28     0.492001174 0.490594904 0.487093024 0.493161445 0.494850075 0.589794175 0.589288233 0.551780890 0.549865091 0.537484957 0.567514986 0.527615667 0.162210370 0.000000000 0.099939136 0.246350484 0.249103377 0.323591184 0.260341471 0.408474664 0.404112117 0.473316353 0.420215466 0.483219363 0.502497440 0.501767613 0.492362029 0.496228820 0.498788312 0.490629918 0.529826780 0.412440091 0.466314167 0.571457951 0.496491948 0.458169404 0.500603469 0.504881997 0.511872419 0.518728817 0.489946308 0.618453301 0.619530060 0.461781322 0.473086388 0.454534570 0.468112715 0.436780929 0.517959512 0.448693977 1.290101651 
30     0.448858366 0.447452097 0.443950216 0.450018638 0.451707267 0.546651368 0.546145426 0.508638082 0.506722283 0.494342150 0.524372179 0.484472859 0.119631183 0.099939136 0.000000000 0.202408768 0.205161661 0.279725826 0.216046767 0.365331857 0.360969310 0.430173546 0.377072658 0.440076555 0.459354633 0.458624805 0.449219222 0.453086013 0.455645504 0.447487110 0.486683972 0.369297284 0.423171359 0.528315143 0.453349141 0.415026597 0.457460661 0.461739190 0.468729612 0.475586010 0.446803500 0.575310494 0.576387252 0.418638515 0.429943581 0.411391762 0.424969907 0.393638121 0.474816704 0.405551169 1.246958843 
22     0.473578864 0.472172595 0.468670714 0.474739136 0.476427765 0.571615721 0.571109779 0.533602436 0.531686637 0.519306503 0.549336533 0.509437213 0.257276725 0.246350484 0.202408768 0.000000000 0.078671158 0.247051451 0.202241174 0.393957670 0.389595123 0.458366687 0.405265800 0.468491579 0.487769656 0.487039829 0.477601884 0.481468675 0.484028166 0.475869772 0.515066634 0.397699933 0.451404877 0.556857694 0.481891691 0.443564843 0.485998908 0.490277436 0.497267858 0.504124256 0.475212133 0.603656598 0.604733357 0.447071153 0.458352213 0.439800395 0.453378540 0.422071115 0.503260174 0.433994638 1.272427696 
24     0.476437561 0.475031291 0.471529411 0.477597832 0.479286462 0.574474418 0.573968476 0.536461133 0.534545333 0.522165200 0.552195229 0.512295910 0.260029618 0.249103377 0.205161661 0.078671158 0.000000000 0.249282538 0.205152881 0.396816367 0.392453820 0.461225383 0.408124496 0.471350276 0.490628353 0.489898525 0.480460580 0.484327371 0.486886863 0.478728469 0.517925330 0.400558630 0.454263573 0.559716390 0.484750387 0.446423539 0.488857604 0.493136132 0.500126554 0.506982952 0.478070829 0.606515295 0.607592053 0.449929850 0.461210910 0.442659091 0.456237236 0.424929811 0.506118870 0.436853334 1.275286392 
49     0.558458975 0.557052706 0.553550825 0.559619247 0.561307876 0.656495832 0.655989891 0.618482547 0.616566748 0.604186614 0.634216644 0.594317324 0.334622716 0.323591184 0.279725826 0.247051451 0.249282538 0.000000000 0.284949529 0.475806410 0.471443863 0.540364880 0.487263992 0.550340319 0.569618397 0.568888569 0.559450624 0.563317415 0.565876906 0.557718512 0.596915374 0.479548674 0.533260772 0.638706434 0.563740431 0.525441489 0.567875553 0.572154082 0.579144504 0.586000901 0.557038940 0.685505339 0.686582097 0.528897961 0.540179021 0.521627202 0.535205347 0.503897923 0.585236434 0.515970898 1.357507324 
20     0.492019086 0.490612816 0.487110936 0.493179357 0.494867987 0.590051183 0.589545241 0.552037898 0.550122099 0.537741965 0.567771994 0.527872675 0.271461756 0.260341471 0.216046767 0.202241174 0.205152881 0.284949529 0.000000000 0.409447658 0.405085111 0.473855062 0.420754175 0.483973698 0.503251775 0.502521948 0.493232433 0.497099224 0.499658715 0.491500321 0.530697183 0.413330483 0.467035426 0.572347578 0.497381575 0.459055186 0.501489251 0.505767779 0.512758201 0.519614599 0.490825292 0.619291690 0.620368448 0.462684312 0.473965372 0.455413553 0.468991698 0.437683918 0.518700046 0.449434510 1.290902160 
44     0.405123914 0.403717645 0.400215764 0.406284186 0.407972815 0.498991427 0.498532936 0.461523323 0.459606556 0.447226422 0.476760657 0.436782312 0.420124339 0.408474664 0.365331857 0.393957670 0.396816367 0.475806410 0.409447658 0.000000000 0.051067168 0.337290350 0.284192455 0.351577223 0.371005180 0.370275353 0.358489661 0.362356452 0.364915944 0.356757550 0.395954411 0.279640607 0.331135725 0.434822382 0.359738913 0.317098382 0.359388628 0.363667849 0.370814640 0.377981923 0.351129738 0.479071581 0.480148339 0.324975185 0.335716445 0.317164626 0.330742771 0.300154332 0.400922627 0.331685836 1.199560244 
14     0.400761367 0.399355098 0.395853217 0.401921639 0.403610268 0.494628880 0.494170389 0.457160776 0.455244009 0.442863875 0.472398110 0.432419765 0.415761792 0.404112117 0.360969310 0.389595123 0.392453820 0.471443863 0.405085111 0.051067168 0.000000000 0.332927803 0.279829908 0.347214676 0.366642633 0.365912806 0.354127114 0.357993905 0.360553397 0.352395003 0.391591864 0.275278060 0.326773178 0.430459835 0.355376366 0.312735835 0.355026081 0.359305302 0.366452093 0.373619376 0.346767191 0.474709034 0.475785792 0.320612638 0.331353898 0.312802079 0.326380224 0.295791785 0.396560080 0.327323289 1.195197697 
45     0.471024840 0.469618570 0.466116690 0.472185111 0.473873740 0.566573657 0.566067715 0.529058102 0.527141335 0.514761201 0.544295436 0.504317091 0.484966028 0.473316353 0.430173546 0.458366687 0.461225383 0.540364880 0.473855062 0.337290350 0.332927803 0.000000000 0.123648570 0.406459452 0.425512081 0.424782254 0.417127436 0.420994227 0.423553718 0.415395324 0.454592186 0.337171493 0.390508764 0.501168246 0.425924037 0.385022458 0.427603739 0.431894138 0.438922330 0.444809967 0.410939208 0.540216731 0.541293489 0.385734725 0.396572778 0.378020960 0.391599105 0.359657745 0.468637880 0.399370001 1.264675670 
13     0.417923953 0.416517683 0.413015802 0.419084224 0.420772853 0.513472770 0.512966828 0.475957215 0.474040448 0.461660314 0.491194549 0.451216204 0.431865141 0.420215466 0.377072658 0.405265800 0.408124496 0.487263992 0.420754175 0.284192455 0.279829908 0.123648570 0.000000000 0.353351640 0.372404268 0.371674441 0.364036116 0.367902907 0.370462399 0.362304005 0.401500866 0.284080174 0.337417445 0.448060434 0.372816225 0.331914645 0.374495926 0.378786325 0.385814517 0.391702155 0.357841313 0.487118837 0.488195595 0.332636831 0.343474884 0.324923065 0.338501210 0.306559851 0.415536993 0.346269114 1.211574783 
19     0.476312723 0.474906454 0.471404573 0.477472995 0.479161624 0.571995118 0.571536627 0.534527014 0.532610247 0.520230114 0.549764348 0.509786003 0.494869038 0.483219363 0.440076555 0.468491579 0.471350276 0.550340319 0.483973698 0.351577223 0.347214676 0.406459452 0.353351640 0.000000000 0.323220669 0.322478524 0.408204567 0.412071359 0.414630850 0.406472456 0.445669318 0.328838906 0.379833780 0.501191223 0.426070450 0.389175149 0.431842313 0.436066701 0.443062723 0.448872221 0.426425377 0.555341497 0.556418256 0.398512964 0.409164746 0.390612928 0.404191073 0.373773406 0.481020129 0.411750489 1.272851697 
48     0.495534814 0.494128544 0.490626664 0.496695085 0.498383715 0.591247754 0.590789264 0.553779650 0.551862883 0.539482750 0.569016985 0.529038639 0.514147115 0.502497440 0.459354633 0.487769656 0.490628353 0.569618397 0.503251775 0.371005180 0.366642633 0.425512081 0.372404268 0.323220669 0.000000000 0.064761581 0.427677270 0.431544061 0.434103553 0.425945159 0.465142021 0.348461848 0.398971372 0.520630130 0.445509357 0.408644125 0.451311290 0.455535678 0.462531700 0.468341197 0.445626540 0.574546288 0.575623047 0.417647304 0.428299087 0.409747268 0.423325413 0.392940078 0.500210347 0.430940707 1.292117973 
23     0.494804987 0.493398717 0.489896837 0.495965258 0.497653888 0.590517927 0.590059436 0.553049823 0.551133056 0.538752922 0.568287157 0.528308812 0.513417288 0.501767613 0.458624805 0.487039829 0.489898525 0.568888569 0.502521948 0.370275353 0.365912806 0.424782254 0.371674441 0.322478524 0.064761581 0.000000000 0.426947443 0.430814234 0.433373726 0.425215332 0.464412193 0.347732021 0.398241544 0.519900303 0.444779530 0.407914298 0.450581463 0.454805851 0.461801873 0.467611370 0.444896713 0.573816461 0.574893219 0.416917477 0.427569260 0.409017441 0.422595586 0.392210250 0.499480519 0.430210879 1.291388146 
18     0.486282823 0.484876554 0.481374673 0.487443095 0.489131724 0.580545842 0.580039900 0.543002824 0.541113520 0.528733386 0.558240158 0.518289276 0.504011704 0.492362029 0.449219222 0.477601884 0.480460580 0.559450624 0.493232433 0.358489661 0.354127114 0.417127436 0.364036116 0.408204567 0.427677270 0.426947443 0.000000000 0.090227218 0.090302436 0.082488899 0.123331344 0.186166078 0.307403929 0.511339935 0.436219162 0.399557114 0.441936654 0.446215887 0.453366131 0.459668771 0.434338103 0.562980236 0.564056994 0.410785771 0.422050062 0.403498243 0.417076388 0.383668065 0.486499966 0.417240773 1.282529005 
33     0.490149614 0.488743345 0.485241464 0.491309886 0.492998515 0.584412633 0.583906691 0.546869615 0.544980311 0.532600177 0.562106949 0.522156067 0.507878496 0.496228820 0.453086013 0.481468675 0.484327371 0.563317415 0.497099224 0.362356452 0.357993905 0.420994227 0.367902907 0.412071359 0.431544061 0.430814234 0.090227218 0.000000000 0.039336858 0.066820061 0.112374136 0.190303772 0.311326657 0.515206726 0.440085953 0.403423906 0.445803445 0.450082679 0.457232923 0.463535562 0.438204895 0.566847027 0.567923786 0.414652562 0.425916853 0.407365034 0.420943179 0.387534856 0.490366758 0.421107564 1.286395796 
17     0.492709106 0.491302836 0.487800956 0.493869377 0.495558007 0.586972125 0.586466183 0.549429107 0.547539802 0.535159669 0.564666441 0.524715558 0.510437987 0.498788312 0.455645504 0.484028166 0.486886863 0.565876906 0.499658715 0.364915944 0.360553397 0.423553718 0.370462399 0.414630850 0.434103553 0.433373726 0.090302436 0.039336858 0.000000000 0.067189645 0.117217845 0.192723188 0.313807115 0.517766217 0.442645444 0.405983397 0.448362937 0.452642170 0.459792414 0.466095053 0.440764386 0.569406519 0.570483277 0.417212054 0.428476345 0.409924526 0.423502671 0.390094348 0.492926249 0.423667056 1.288955288 
39     0.484550712 0.483144442 0.479642562 0.485710983 0.487399613 0.578813731 0.578307789 0.541270713 0.539381408 0.527001275 0.556508047 0.516557164 0.502279593 0.490629918 0.447487110 0.475869772 0.478728469 0.557718512 0.491500321 0.356757550 0.352395003 0.415395324 0.362304005 0.406472456 0.425945159 0.425215332 0.082488899 0.066820061 0.067189645 0.000000000 0.105464334 0.184758490 0.305654515 0.509607823 0.434487050 0.397825003 0.440204543 0.444483776 0.451634020 0.457936659 0.432605992 0.561248125 0.562324883 0.409053660 0.420317951 0.401766132 0.415344277 0.381935954 0.484767855 0.415508662 1.280796894 
31     0.523747574 0.522341304 0.518839423 0.524907845 0.526596474 0.618010593 0.617504651 0.580467574 0.578578270 0.566198137 0.595704909 0.555754026 0.541476455 0.529826780 0.486683972 0.515066634 0.517925330 0.596915374 0.530697183 0.395954411 0.391591864 0.454592186 0.401500866 0.445669318 0.465142021 0.464412193 0.123331344 0.112374136 0.117217845 0.105464334 0.000000000 0.223928772 0.344897860 0.548804685 0.473683912 0.437021865 0.479401404 0.483680638 0.490830882 0.497133521 0.471802854 0.600444986 0.601521745 0.448250521 0.459514812 0.440962994 0.454541139 0.421132815 0.523964717 0.454705524 1.319993756 
29     0.406414073 0.405007803 0.401505923 0.407574345 0.409262974 0.500629435 0.500123493 0.463086417 0.461197113 0.448816979 0.478323751 0.438372869 0.424089766 0.412440091 0.369297284 0.397699933 0.400558630 0.479548674 0.413330483 0.279640607 0.275278060 0.337171493 0.284080174 0.328838906 0.348461848 0.347732021 0.186166078 0.190303772 0.192723188 0.184758490 0.223928772 0.000000000 0.226882277 0.432745658 0.357624885 0.320427785 0.362807325 0.367086558 0.374126919 0.380429558 0.354466454 0.483059048 0.484135806 0.330925740 0.342197147 0.323645328 0.337223473 0.303738974 0.406805320 0.337546126 1.202853803 
46     0.458302987 0.456896717 0.453394836 0.459463258 0.461151887 0.554644998 0.554139056 0.517101980 0.515212675 0.502832542 0.532339314 0.492388431 0.477963842 0.466314167 0.423171359 0.451404877 0.454263573 0.533260772 0.467035426 0.331135725 0.326773178 0.390508764 0.337417445 0.379833780 0.398971372 0.398241544 0.307403929 0.311326657 0.313807115 0.305654515 0.344897860 0.226882277 0.000000000 0.484878868 0.409758095 0.372816886 0.415196425 0.419474656 0.426624900 0.432928542 0.406519567 0.535377759 0.536454518 0.381868509 0.393135887 0.374584068 0.388162213 0.355146174 0.460416867 0.391157674 1.255979205 
15     0.563672436 0.562266167 0.558764286 0.564832708 0.566521337 0.659110020 0.658651529 0.621641916 0.619725149 0.607345015 0.636879250 0.596900905 0.583107626 0.571457951 0.528315143 0.556857694 0.559716390 0.638706434 0.572347578 0.434822382 0.430459835 0.501168246 0.448060434 0.501191223 0.520630130 0.519900303 0.511339935 0.515206726 0.517766217 0.509607823 0.548804685 0.432745658 0.484878868 0.000000000 0.243321595 0.396315823 0.438688209 0.442871184 0.449876264 0.457647469 0.515665669 0.643629039 0.644705798 0.490221073 0.502269672 0.483717853 0.497295998 0.464361770 0.568467289 0.499205391 1.361770431 
47     0.488570955 0.487164686 0.483662805 0.489731227 0.491419856 0.583986304 0.583527814 0.546518200 0.544601433 0.532221300 0.561755535 0.521777189 0.508141623 0.496491948 0.453349141 0.481891691 0.484750387 0.563740431 0.497381575 0.359738913 0.355376366 0.425924037 0.372816225 0.426070450 0.445509357 0.444779530 0.436219162 0.440085953 0.442645444 0.434487050 0.473683912 0.357624885 0.409758095 0.243321595 0.000000000 0.320922470 0.363294857 0.367477831 0.374482911 0.382254116 0.440419921 0.568383292 0.569460050 0.415108752 0.427157351 0.408605532 0.422183677 0.389249448 0.493253702 0.423991804 1.286644908 
34     0.450175114 0.448768845 0.445266964 0.451335386 0.453024015 0.545086789 0.544628298 0.507618685 0.505701918 0.493321784 0.522856019 0.482877674 0.469819079 0.458169404 0.415026597 0.443564843 0.446423539 0.525441489 0.459055186 0.317098382 0.312735835 0.385022458 0.331914645 0.389175149 0.408644125 0.407914298 0.399557114 0.403423906 0.405983397 0.397825003 0.437021865 0.320427785 0.372816886 0.396315823 0.320922470 0.000000000 0.134298741 0.139465199 0.146611856 0.210467675 0.398831765 0.526787184 0.527863942 0.373318960 0.385219929 0.366668110 0.380246255 0.347817389 0.451031733 0.381769835 1.247530429 
32     0.492609179 0.491202909 0.487701029 0.493769450 0.495458080 0.587520853 0.587062363 0.550052749 0.548135982 0.535755849 0.565290084 0.525311738 0.512253144 0.500603469 0.457460661 0.485998908 0.488857604 0.567875553 0.501489251 0.359388628 0.355026081 0.427603739 0.374495926 0.431842313 0.451311290 0.450581463 0.441936654 0.445803445 0.448362937 0.440204543 0.479401404 0.362807325 0.415196425 0.438688209 0.363294857 0.134298741 0.000000000 0.064892063 0.104600761 0.252908909 0.441211294 0.569166713 0.570243471 0.415698489 0.427599458 0.409047639 0.422625784 0.390327362 0.493465492 0.424203594 1.289964494 
36     0.496887547 0.495481277 0.491979397 0.498047818 0.499736448 0.591799221 0.591340731 0.554331117 0.552414350 0.540034217 0.569568452 0.529590106 0.516531672 0.504881997 0.461739190 0.490277436 0.493136132 0.572154082 0.505767779 0.363667849 0.359305302 0.431894138 0.378786325 0.436066701 0.455535678 0.454805851 0.446215887 0.450082679 0.452642170 0.444483776 0.483680638 0.367086558 0.419474656 0.442871184 0.367477831 0.139465199 0.064892063 0.000000000 0.109205832 0.257552878 0.445489524 0.573444943 0.574521702 0.419976720 0.431877688 0.413325869 0.426904014 0.394605592 0.497743723 0.428481824 1.294242862 
42     0.503927907 0.502521638 0.499019757 0.505088179 0.506776808 0.598839582 0.598381091 0.561371478 0.559454711 0.547074577 0.576608812 0.536630467 0.523522094 0.511872419 0.468729612 0.497267858 0.500126554 0.579144504 0.512758201 0.370814640 0.366452093 0.438922330 0.385814517 0.443062723 0.462531700 0.461801873 0.453366131 0.457232923 0.459792414 0.451634020 0.490830882 0.374126919 0.426624900 0.449876264 0.374482911 0.146611856 0.104600761 0.109205832 0.000000000 0.264635959 0.452469829 0.580425248 0.581502006 0.426957024 0.438857993 0.420306174 0.433884319 0.401585897 0.504876013 0.435614114 1.301283222 
35     0.510201586 0.508795317 0.505293436 0.511361858 0.513050487 0.605112674 0.604654183 0.567644570 0.565727803 0.553347669 0.582881904 0.542903559 0.530378492 0.518728817 0.475586010 0.504124256 0.506982952 0.586000901 0.519614599 0.377981923 0.373619376 0.444809967 0.391702155 0.448872221 0.468341197 0.467611370 0.459668771 0.463535562 0.466095053 0.457936659 0.497133521 0.380429558 0.432928542 0.457647469 0.382254116 0.210467675 0.252908909 0.257552878 0.264635959 0.000000000 0.458688475 0.586668572 0.587745330 0.433174310 0.445075279 0.426523460 0.440101605 0.407697435 0.511873455 0.442611557 1.307964369 
26     0.488553744 0.487147474 0.483645593 0.489714015 0.491402644 0.583527468 0.583021527 0.546011913 0.544095146 0.531715013 0.561249247 0.521270902 0.501595983 0.489946308 0.446803500 0.475212133 0.478070829 0.557038940 0.490825292 0.351129738 0.346767191 0.410939208 0.357841313 0.426425377 0.445626540 0.444896713 0.434338103 0.438204895 0.440764386 0.432605992 0.471802854 0.354466454 0.406519567 0.515665669 0.440419921 0.398831765 0.441211294 0.445489524 0.452469829 0.458688475 0.000000000 0.438036690 0.439124396 0.343359004 0.354333824 0.335782005 0.349360150 0.317618397 0.485004601 0.415731469 1.283137183 
21     0.617873067 0.616466798 0.612964917 0.619033339 0.620721968 0.713090632 0.712584691 0.675575077 0.673658310 0.661278177 0.690812411 0.650834066 0.630102976 0.618453301 0.575310494 0.603656598 0.606515295 0.685505339 0.619291690 0.479071581 0.474709034 0.540216731 0.487118837 0.555341497 0.574546288 0.573816461 0.562980236 0.566847027 0.569406519 0.561248125 0.600444986 0.483059048 0.535377759 0.643629039 0.568383292 0.526787184 0.569166713 0.573444943 0.580425248 0.586668572 0.438036690 0.000000000 0.090445368 0.471632881 0.483942068 0.465390249 0.478968394 0.445756558 0.613983386 0.544676607 1.412102019 
41     0.618949826 0.617543556 0.614041676 0.620110097 0.621798727 0.714167391 0.713661449 0.676651835 0.674735068 0.662354935 0.691889170 0.651910824 0.631179735 0.619530060 0.576387252 0.604733357 0.607592053 0.686582097 0.620368448 0.480148339 0.475785792 0.541293489 0.488195595 0.556418256 0.575623047 0.574893219 0.564056994 0.567923786 0.570483277 0.562324883 0.601521745 0.484135806 0.536454518 0.644705798 0.569460050 0.527863942 0.570243471 0.574521702 0.581502006 0.587745330 0.439124396 0.090445368 0.000000000 0.472718155 0.485027342 0.466475524 0.480053669 0.446833317 0.615060144 0.545753366 1.413178777 
38     0.461442072 0.460035803 0.456533922 0.462602344 0.464290973 0.557915101 0.557409159 0.520399546 0.518482779 0.506102645 0.535636880 0.495658535 0.473430998 0.461781322 0.418638515 0.447071153 0.449929850 0.528897961 0.462684312 0.324975185 0.320612638 0.385734725 0.332636831 0.398512964 0.417647304 0.416917477 0.410785771 0.414652562 0.417212054 0.409053660 0.448250521 0.330925740 0.381868509 0.490221073 0.415108752 0.373318960 0.415698489 0.419976720 0.426957024 0.433174310 0.343359004 0.471632881 0.472718155 0.000000000 0.221598170 0.203030980 0.216806092 0.267926494 0.461100015 0.391826002 1.255388311 
50     0.472824441 0.471418171 0.467916290 0.473984712 0.475673341 0.568658543 0.568152601 0.531142987 0.529226220 0.516846087 0.546380322 0.506401976 0.484736064 0.473086388 0.429943581 0.458352213 0.461210910 0.540179021 0.473965372 0.335716445 0.331353898 0.396572778 0.343474884 0.409164746 0.428299087 0.427569260 0.422050062 0.425916853 0.428476345 0.420317951 0.459514812 0.342197147 0.393135887 0.502269672 0.427157351 0.385219929 0.427599458 0.431877688 0.438857993 0.445075279 0.354333824 0.483942068 0.485027342 0.221598170 0.000000000 0.116163076 0.128931536 0.279919914 0.472429096 0.403155083 1.266610904 
43     0.454272622 0.452866352 0.449364472 0.455432893 0.457121522 0.550106724 0.549600782 0.512591169 0.510674402 0.498294268 0.527828503 0.487850158 0.466184245 0.454534570 0.411391762 0.439800395 0.442659091 0.521627202 0.455413553 0.317164626 0.312802079 0.378020960 0.324923065 0.390612928 0.409747268 0.409017441 0.403498243 0.407365034 0.409924526 0.401766132 0.440962994 0.323645328 0.374584068 0.483717853 0.408605532 0.366668110 0.409047639 0.413325869 0.420306174 0.426523460 0.335782005 0.465390249 0.466475524 0.203030980 0.116163076 0.000000000 0.105308083 0.261368095 0.453877277 0.384603264 1.248059085 
16     0.467850767 0.466444497 0.462942617 0.469011038 0.470699668 0.563684869 0.563178927 0.526169314 0.524252547 0.511872413 0.541406648 0.501428303 0.479762390 0.468112715 0.424969907 0.453378540 0.456237236 0.535205347 0.468991698 0.330742771 0.326380224 0.391599105 0.338501210 0.404191073 0.423325413 0.422595586 0.417076388 0.420943179 0.423502671 0.415344277 0.454541139 0.337223473 0.388162213 0.497295998 0.422183677 0.380246255 0.422625784 0.426904014 0.433884319 0.440101605 0.349360150 0.478968394 0.480053669 0.216806092 0.128931536 0.105308083 0.000000000 0.274946240 0.467455422 0.398181409 1.261637230 
25     0.435037213 0.433630943 0.430129063 0.436197484 0.437886114 0.531267048 0.530761106 0.493751493 0.491834726 0.479454592 0.508988827 0.469010482 0.448430604 0.436780929 0.393638121 0.422071115 0.424929811 0.503897923 0.437683918 0.300154332 0.295791785 0.359657745 0.306559851 0.373773406 0.392940078 0.392210250 0.383668065 0.387534856 0.390094348 0.381935954 0.421132815 0.303738974 0.355146174 0.464361770 0.389249448 0.347817389 0.390327362 0.394605592 0.401585897 0.407697435 0.317618397 0.445756558 0.446833317 0.267926494 0.279919914 0.261368095 0.274946240 0.000000000 0.433261418 0.363987405 1.229836832 
40     0.514839634 0.513433364 0.509931484 0.515999905 0.517688535 0.609592172 0.609133681 0.572124068 0.570207301 0.557827167 0.587361402 0.547383057 0.529609187 0.517959512 0.474816704 0.503260174 0.506118870 0.585236434 0.518700046 0.400922627 0.396560080 0.468637880 0.415536993 0.481020129 0.500210347 0.499480519 0.486499966 0.490366758 0.492926249 0.484767855 0.523964717 0.406805320 0.460416867 0.568467289 0.493253702 0.451031733 0.493465492 0.497743723 0.504876013 0.511873455 0.485004601 0.613983386 0.615060144 0.461100015 0.472429096 0.453877277 0.467455422 0.433261418 0.000000000 0.169338260 1.308895537 
27     0.445580441 0.444174171 0.440672291 0.446740712 0.448429342 0.540332979 0.539874488 0.502864874 0.500948107 0.488567974 0.518102209 0.478123863 0.460343652 0.448693977 0.405551169 0.433994638 0.436853334 0.515970898 0.449434510 0.331685836 0.327323289 0.399370001 0.346269114 0.411750489 0.430940707 0.430210879 0.417240773 0.421107564 0.423667056 0.415508662 0.454705524 0.337546126 0.391157674 0.499205391 0.423991804 0.381769835 0.424203594 0.428481824 0.435614114 0.442611557 0.415731469 0.544676607 0.545753366 0.391826002 0.403155083 0.384603264 0.398181409 0.363987405 0.169338260 0.000000000 1.239636344 
0     1.204157190 1.202750920 1.199249040 1.205317461 1.207006091 1.299070161 1.298563481 1.261774067 1.259478613 1.247098637 1.276511629 1.237067177 1.301751326 1.290101651 1.246958843 1.272427696 1.275286392 1.357507324 1.290902160 1.199560244 1.195197697 1.264675670 1.211574783 1.272851697 1.292117973 1.291388146 1.282529005 1.286395796 1.288955288 1.280796894 1.319993756 1.202853803 1.255979205 1.361770431 1.286644908 1.247530429 1.289964494 1.294242862 1.301283222 1.307964369 1.283137183 1.412102019 1.413178777 1.255388311 1.266610904 1.248059085 1.261637230 1.229836832 1.308895537 1.239636344 0.000000000 
