51
1     0.000000000 0.004395800 0.002422170 0.000376620 0.002551850 0.001791700 0.002859870 0.002564020 0.003585340 0.000036190 0.001473030 0.003263140 0.002812520 0.002864620 0.001538890 0.002668220 0.003880050 0.003770170 0.003967480 0.004230090 0.003948650 0.003983190 0.004048090 0.004187660 0.002221420 0.001596640 0.003418560 0.000699050 0.001644340 0.003912800 0.001078560 0.002694590 0.002562950 0.002482060 0.002252120 0.002012310 0.002607580 0.000333260 0.001839980 0.001106430 0.003428870 0.003218650 0.000217900 0.003088450 0.002986150 0.001092840 0.000786370 0.002418800 0.003946800 0.000197290 0.001473030 
27     0.004395800 0.000000000 0.000132790 0.000877820 0.001354850 0.001564080 0.001668880 0.001502340 0.002080090 0.003446850 0.004768090 0.001954180 0.002305880 0.002559920 0.000926130 0.002446950 0.003351700 0.002219770 0.002273550 0.002206390 0.002244920 0.002836420 0.002241890 0.002226510 0.002200760 0.002312790 0.002118720 0.002460370 0.001962130 0.001842350 0.001713950 0.003003340 0.003848860 0.003427550 0.000849140 0.001304760 0.001187710 0.002361600 0.001024620 0.002471660 0.002912740 0.002126090 0.000809440 0.002314110 0.003499140 0.003392630 0.004218540 0.004435570 0.003366930 0.002136820 0.002895420 
20     0.002422170 0.000132790 0.000000000 0.000008800 0.001461150 0.001087320 0.001727330 0.000395810 0.000971930 0.004079180 0.004845650 0.001763770 0.001284740 0.002374450 0.003148070 0.003126240 0.002065740 0.002034300 0.002088080 0.002020920 0.001841600 0.002650950 0.002056420 0.002041040 0.002015290 0.002127320 0.003805060 0.003637240 0.003391240 0.002474680 0.002346280 0.004119610 0.003490680 0.003764070 0.003567070 0.003769220 0.001692750 0.002176130 0.002326610 0.002286190 0.001736800 0.001346100 0.001428840 0.002128640 0.003321400 0.003304580 0.003685090 0.003902120 0.003918590 0.003387000 0.000974800 
7     0.000376620 0.000877820 0.000008800 0.000000000 0.000907870 0.001180570 0.001221900 0.001596000 0.001789990 0.002999870 0.003846360 0.000859170 0.001477360 0.002467000 0.003240620 0.003218790 0.003258780 0.002126850 0.002180630 0.002113470 0.002152000 0.002743500 0.001535490 0.001531180 0.002107840 0.002219870 0.003466830 0.003538330 0.002458080 0.001395370 0.001266970 0.003728340 0.003535150 0.002980570 0.002725820 0.002689910 0.000619470 0.002268680 0.002039740 0.002378740 0.002819820 0.000944530 0.001377360 0.001146910 0.002004380 0.002050320 0.003337870 0.003132720 0.003708570 0.003199870 0.002772850 
18     0.002551850 0.001354850 0.001461150 0.000907870 0.000000000 0.000245460 0.001463610 0.001963980 0.001956250 0.002500520 0.004034640 0.004692100 0.002105720 0.001889260 0.003133380 0.002919230 0.002984610 0.002019610 0.002073390 0.002006230 0.002044760 0.001324640 0.002041730 0.002026350 0.002000600 0.002112630 0.002967480 0.003303670 0.003470020 0.000598520 0.000470120 0.004034590 0.000894260 0.002481220 0.002226470 0.002190560 0.001901490 0.001583570 0.000617460 0.002271500 0.000563530 0.001925930 0.001884080 0.001488940 0.002518790 0.002462870 0.003393090 0.003933070 0.002481040 0.002276140 0.002695260 
16     0.001791700 0.001564080 0.001087320 0.001180570 0.000245460 0.000000000 0.001736310 0.001964560 0.001607170 0.003454540 0.004383020 0.004937090 0.002463920 0.002717960 0.003491580 0.003469750 0.003213950 0.002377810 0.002431590 0.002364430 0.002402960 0.002994460 0.002399930 0.002384550 0.000154770 0.000755390 0.003921500 0.002304350 0.001139150 0.001850040 0.001721640 0.000923560 0.001445370 0.001826360 0.002257740 0.001687260 0.001874540 0.002519640 0.001712460 0.002591510 0.001884210 0.000525680 0.001598480 0.002090790 0.002798310 0.001310120 0.003716620 0.003933650 0.002795210 0.003654540 0.003053460 
9     0.002859870 0.001668880 0.001727330 0.001221900 0.001463610 0.001736310 0.000000000 0.000226060 0.000122630 0.003555610 0.004427720 0.000799450 0.002046590 0.002300630 0.001303430 0.003052420 0.003092410 0.001960480 0.002014260 0.001947100 0.001011840 0.000995700 0.001871090 0.001735600 0.000035340 0.002053500 0.003232660 0.000767630 0.001363970 0.001951110 0.001822710 0.003701680 0.001050390 0.003346140 0.003149140 0.003245650 0.002201070 0.002102310 0.002252790 0.002212370 0.002653450 0.001866800 0.002070080 0.002054820 0.001252770 0.001143260 0.003542870 0.003759900 0.004264310 0.003755610 0.002071800 
39     0.002564020 0.001502340 0.000395810 0.001596000 0.001963980 0.001964560 0.000226060 0.000000000 0.000114490 0.005075430 0.004791850 0.003305650 0.002555750 0.002809790 0.001228980 0.003172470 0.002542890 0.002469640 0.002523420 0.002456260 0.002494790 0.002606260 0.002491760 0.002476380 0.002450630 0.002562660 0.002656070 0.001861810 0.003198020 0.001183000 0.003342530 0.004065810 0.003872620 0.001596890 0.003513270 0.002958440 0.002443100 0.002611470 0.002761950 0.002721530 0.003162610 0.002375960 0.002579240 0.002563980 0.003284430 0.003050080 0.003648120 0.003201480 0.001453480 0.002975520 0.002107640 
46     0.003585340 0.002080090 0.000971930 0.001789990 0.001956250 0.001607170 0.000122630 0.000114490 0.000000000 0.001378670 0.004463120 0.002367130 0.001691880 0.001620190 0.003092440 0.002982530 0.002633420 0.002189830 0.002243610 0.002176450 0.001288450 0.002806480 0.002211950 0.002196570 0.002170820 0.002276800 0.002882340 0.003792770 0.002779810 0.001344370 0.002391360 0.003737080 0.003250250 0.001467100 0.002533310 0.003390850 0.002315960 0.001762730 0.002482140 0.002441720 0.002882800 0.002096150 0.001139830 0.002284170 0.003276700 0.001792350 0.003640390 0.003746190 0.004832960 0.004324260 0.002865480 
34     0.000036190 0.003446850 0.004079180 0.002999870 0.002500520 0.003454540 0.003555610 0.005075430 0.001378670 0.000000000 0.000740240 0.002521540 0.003640630 0.002586900 0.000898160 0.002130430 0.000004360 0.003596570 0.003389960 0.003806990 0.004123670 0.002137580 0.003441180 0.003217300 0.003441420 0.001047000 0.002161080 0.004081350 0.002377580 0.002507040 0.002370400 0.000115580 0.001261970 0.002969060 0.003004150 0.002968240 0.001031440 0.004257310 0.004898180 0.003792890 0.003624820 0.002106950 0.003656890 0.003575450 0.004386540 0.003866180 0.003292670 0.001974660 0.000997710 0.002710050 0.000716220 
30     0.001473030 0.004768090 0.004845650 0.003846360 0.004034640 0.004383020 0.004427720 0.004791850 0.004463120 0.000740240 0.000000000 0.000563700 0.001942020 0.001987920 0.002409510 0.002843170 0.003768220 0.003722460 0.003804940 0.002497480 0.003812980 0.000291560 0.004046230 0.004045820 0.003629260 0.003944900 0.004184710 0.003821820 0.004117380 0.001087110 0.000038780 0.004938700 0.004633890 0.002291760 0.004275500 0.001772180 0.002972980 0.003572590 0.002220810 0.002347400 0.002123350 0.003505030 0.002124330 0.002362320 0.003950090 0.003800730 0.003530650 0.003325500 0.002683600 0.001870860 0.004414300 
36     0.003263140 0.001954180 0.001763770 0.000859170 0.004692100 0.004937090 0.000799450 0.003305650 0.002367130 0.002521540 0.000563700 0.000000000 0.001606130 0.000931820 0.001930450 0.002364110 0.000837350 0.002575700 0.003191050 0.002467040 0.002398130 0.002793230 0.002391920 0.002705060 0.002505900 0.001833760 0.003457430 0.004064540 0.003591280 0.004756690 0.004796660 0.000984620 0.002764290 0.004192790 0.002060200 0.002119110 0.002493920 0.003093530 0.003088810 0.001868340 0.001590040 0.003025970 0.001645270 0.001883260 0.003214200 0.003179750 0.003051590 0.002846440 0.002204540 0.001391800 0.000295480 
44     0.002812520 0.002305880 0.001284740 0.001477360 0.002105720 0.002463920 0.002046590 0.002555750 0.001691880 0.003640630 0.001942020 0.001606130 0.000000000 0.000007680 0.001432410 0.002513420 0.001275360 0.001513370 0.001567150 0.001499990 0.001538520 0.002130020 0.001535490 0.001520110 0.001494360 0.001606390 0.002442930 0.003749070 0.003013190 0.001244880 0.000587480 0.003121140 0.003111460 0.001335490 0.002880520 0.002792940 0.001979280 0.001774220 0.001924700 0.001884280 0.002206340 0.001419690 0.001009170 0.001607710 0.003004890 0.001998790 0.003844910 0.003639760 0.003316120 0.003204250 0.002812360 
17     0.002864620 0.002559920 0.002374450 0.002467000 0.001889260 0.002717960 0.002300630 0.002809790 0.001620190 0.002586900 0.001987920 0.000931820 0.000007680 0.000000000 0.001933610 0.003014620 0.003137620 0.001767410 0.001821190 0.001754030 0.001792560 0.002197440 0.001789530 0.001774150 0.001748400 0.001192320 0.002514980 0.004003110 0.003850580 0.001149440 0.000492040 0.003122420 0.003112740 0.001553920 0.002881800 0.002794220 0.000637630 0.002028260 0.002178740 0.002138320 0.001885700 0.001673730 0.000569040 0.001861750 0.003583590 0.002577490 0.003945200 0.003740050 0.003389610 0.000908320 0.002738240 
38     0.001538890 0.000926130 0.003148070 0.003240620 0.003133380 0.003491580 0.001303430 0.001228980 0.003092440 0.000898160 0.002409510 0.001930450 0.001432410 0.001933610 0.000000000 0.000164060 0.000483080 0.001878180 0.002432710 0.002531360 0.002567900 0.000580380 0.002547500 0.002464950 0.001010500 0.002572670 0.002680340 0.002019500 0.002475710 0.004111800 0.004212120 0.003440310 0.003461740 0.002251200 0.000309860 0.003097820 0.003058330 0.003315620 0.003195290 0.002432750 0.001406050 0.003080110 0.002209680 0.002447670 0.000140010 0.004758000 0.001498580 0.002903460 0.001008310 0.000758290 0.001629510 
13     0.002668220 0.002446950 0.003126240 0.003218790 0.002919230 0.003469750 0.003052420 0.003172470 0.002982530 0.002130430 0.002843170 0.002364110 0.002513420 0.003014620 0.000164060 0.000000000 0.001124190 0.001213600 0.002873030 0.002872260 0.002956910 0.001862240 0.002877900 0.002552150 0.000511160 0.002950920 0.002986640 0.001626490 0.002816610 0.000542250 0.003278330 0.000499330 0.000247790 0.002346650 0.000429120 0.000426010 0.003393090 0.000072870 0.000069060 0.000072920 0.000054760 0.000061200 0.000056840 0.002035160 0.001726260 0.002981420 0.003098030 0.003244360 0.000562090 0.001191950 0.000193080 
2     0.003880050 0.003351700 0.002065740 0.003258780 0.002984610 0.003213950 0.003092410 0.002542890 0.002633420 0.000004360 0.003768220 0.000837350 0.001275360 0.003137620 0.000483080 0.001124190 0.000000000 0.000015570 0.000000730 0.000484170 0.000478760 0.000925130 0.000892020 0.001150300 0.001483280 0.001049380 0.000564790 0.001862760 0.000967120 0.002569140 0.002829590 0.002950770 0.002109480 0.001969800 0.000648430 0.000911000 0.002710710 0.001998030 0.002129330 0.002807560 0.001484120 0.003098270 0.003301550 0.003286290 0.003767290 0.002739690 0.001893620 0.001025940 0.003897530 0.002504100 0.001642720 
49     0.003770170 0.002219770 0.002034300 0.002126850 0.002019610 0.002377810 0.001960480 0.002469640 0.002189830 0.003596570 0.003722460 0.002575700 0.001513370 0.001767410 0.001878180 0.001213600 0.000015570 0.000000000 0.000275830 0.000580950 0.000668800 0.000398970 0.000247700 0.000642540 0.000952710 0.001003620 0.000195920 0.001233780 0.000819350 0.003248150 0.002335900 0.002156130 0.002116050 0.002771410 0.001435320 0.001494230 0.000091340 0.001688110 0.001838590 0.001798170 0.000436490 0.001289620 0.001302020 0.001286760 0.002512650 0.002320640 0.002168400 0.002301790 0.003248220 0.003796570 0.001708040 
24     0.003967480 0.002273550 0.002088080 0.002180630 0.002073390 0.002431590 0.002014260 0.002523420 0.002243610 0.003389960 0.003804940 0.003191050 0.001567150 0.001821190 0.002432710 0.002873030 0.000000730 0.000275830 0.000000000 0.000327050 0.000207810 0.000982030 0.000457830 0.000852670 0.000447080 0.001106280 0.000406050 0.001453520 0.001419630 0.002506300 0.002913140 0.001895980 0.001855900 0.002067910 0.000585590 0.000848160 0.001946950 0.001741890 0.001892370 0.001851950 0.000934860 0.001343400 0.001160220 0.001340540 0.003689930 0.002676850 0.002156600 0.002302930 0.004098660 0.002602710 0.001857100 
10     0.004230090 0.002206390 0.002020920 0.002113470 0.002006230 0.002364430 0.001947100 0.002456260 0.002176450 0.003806990 0.002497480 0.002467040 0.001499990 0.001754030 0.002531360 0.002872260 0.000484170 0.000580950 0.000327050 0.000000000 0.000001340 0.000319010 0.000749420 0.000965080 0.000739020 0.000305090 0.000821730 0.001404630 0.000611010 0.002116840 0.002785550 0.001214530 0.002561660 0.001796150 0.001326660 0.001385570 0.001879790 0.001674730 0.001825210 0.001784790 0.001499380 0.001276240 0.001138030 0.001273380 0.001675100 0.001654200 0.001950250 0.002096580 0.002227190 0.003066750 0.000573310 
25     0.003948650 0.002244920 0.001841600 0.002152000 0.002044760 0.002402960 0.001011840 0.002494790 0.001288450 0.004123670 0.003812980 0.002398130 0.001538520 0.001792560 0.002567900 0.002956910 0.000478760 0.000668800 0.000207810 0.000001340 0.000000000 0.000319830 0.000395590 0.000819070 0.000739840 0.000245940 0.000918260 0.002020040 0.000762610 0.000337260 0.003646850 0.002218860 0.001439430 0.000386010 0.001115970 0.000675950 0.001918320 0.001713260 0.001863740 0.001823320 0.001490890 0.001314770 0.001327170 0.001311910 0.001313470 0.001292570 0.002166360 0.000154340 0.001454450 0.003196270 0.001823860 
35     0.003983190 0.002836420 0.002650950 0.002743500 0.001324640 0.002994460 0.000995700 0.002606260 0.002806480 0.002137580 0.000291560 0.002793230 0.002130020 0.002197440 0.000580380 0.001862240 0.000925130 0.000398970 0.000982030 0.000319010 0.000319830 0.000000000 0.000004370 0.000921300 0.000449470 0.000015380 0.000790240 0.001332930 0.001550570 0.001351520 0.004603260 0.000946600 0.000906520 0.000812120 0.001162170 0.001221080 0.002509820 0.002304760 0.002455240 0.002414820 0.001855590 0.001906270 0.001918670 0.001903410 0.002611800 0.002419790 0.001698110 0.001844440 0.004306010 0.002532520 0.001471230 
14     0.004048090 0.002241890 0.002056420 0.001535490 0.002041730 0.002399930 0.001871090 0.002491760 0.002211950 0.003441180 0.004046230 0.002391920 0.001535490 0.001789530 0.002547500 0.002877900 0.000892020 0.000247700 0.000457830 0.000749420 0.000395590 0.000004370 0.000000000 0.000013150 0.000954710 0.001066740 0.000080960 0.001007500 0.000541700 0.003092760 0.002964360 0.001137170 0.001097090 0.003421880 0.001362810 0.001401250 0.001915290 0.001710230 0.001860710 0.001820290 0.001669090 0.001311740 0.001324140 0.001308880 0.002248750 0.002056740 0.001347510 0.002112720 0.004149880 0.003641180 0.002050690 
48     0.004187660 0.002226510 0.002041040 0.001531180 0.002026350 0.002384550 0.001735600 0.002476380 0.002196570 0.003217300 0.004045820 0.002705060 0.001520110 0.001774150 0.002464950 0.002552150 0.001150300 0.000642540 0.000852670 0.000965080 0.000819070 0.000921300 0.000013150 0.000000000 0.000386040 0.001051360 0.000475800 0.000355950 0.000623310 0.002868880 0.002740480 0.001133220 0.001093140 0.003198000 0.001348500 0.001386940 0.001899910 0.001694850 0.001845330 0.001804910 0.001796690 0.001296360 0.001308760 0.001293500 0.002624440 0.002432430 0.001360080 0.002030170 0.003926000 0.003417300 0.001292930 
19     0.002221420 0.002200760 0.002015290 0.002107840 0.002000600 0.000154770 0.000035340 0.002450630 0.002170820 0.003441420 0.003629260 0.002505900 0.001494360 0.001748400 0.001010500 0.000511160 0.001483280 0.000952710 0.000447080 0.000739020 0.000739840 0.000449470 0.000954710 0.000386040 0.000000000 0.000435550 0.000480430 0.001940700 0.002575910 0.003093000 0.002274710 0.002009770 0.001969690 0.003422120 0.000240900 0.002308760 0.001874160 0.001669100 0.001819580 0.001779160 0.001723990 0.001270610 0.000640050 0.001267750 0.002223730 0.001166830 0.002857330 0.003003660 0.004150120 0.003641420 0.001196520 
45     0.001596640 0.002312790 0.002127320 0.002219870 0.002112630 0.000755390 0.002053500 0.002562660 0.002276800 0.001047000 0.003944900 0.001833760 0.001606390 0.001192320 0.002572670 0.002950920 0.001049380 0.001003620 0.001106280 0.000305090 0.000245940 0.000015380 0.001066740 0.001051360 0.000435550 0.000000000 0.000649940 0.002095430 0.002044790 0.003414630 0.003286230 0.001556540 0.001516460 0.001009370 0.001226420 0.001285330 0.001986190 0.001781130 0.001931610 0.001891190 0.000697610 0.001382640 0.001395040 0.001379780 0.002457250 0.000992630 0.002028910 0.002175240 0.001876230 0.002182270 0.001968390 
29     0.003418560 0.002118720 0.003805060 0.003466830 0.002967480 0.003921500 0.003232660 0.002656070 0.002882340 0.002161080 0.004184710 0.003457430 0.002442930 0.002514980 0.002680340 0.002986640 0.000564790 0.000195920 0.000406050 0.000821730 0.000918260 0.000790240 0.000080960 0.000475800 0.000480430 0.000649940 0.000000000 0.001434980 0.003537890 0.003454980 0.003326580 0.001959130 0.001919050 0.003784100 0.002783350 0.002842260 0.004071910 0.003972610 0.004123090 0.003224790 0.004523750 0.001621590 0.001119370 0.001344290 0.001374750 0.001182740 0.002597110 0.002743440 0.000810350 0.001891540 0.001566690 
42     0.000699050 0.002460370 0.003637240 0.003538330 0.003303670 0.002304350 0.000767630 0.001861810 0.003792770 0.004081350 0.003821820 0.004064540 0.003749070 0.004003110 0.002019500 0.001626490 0.001862760 0.001233780 0.001453520 0.001404630 0.002020040 0.001332930 0.001007500 0.000355950 0.001940700 0.002095430 0.001434980 0.000000000 0.000285630 0.003705210 0.003662770 0.002937150 0.002897070 0.001733560 0.002268450 0.002250970 0.003904090 0.001525160 0.001885980 0.000839330 0.004192480 0.002084050 0.001952700 0.003757300 0.002795350 0.002603340 0.002242540 0.002388870 0.001479410 0.001488780 0.003412560 
22     0.001644340 0.001962130 0.003391240 0.002458080 0.003470020 0.001139150 0.001363970 0.003198020 0.002779810 0.002377580 0.004117380 0.003591280 0.003013190 0.003850580 0.002475710 0.002816610 0.000967120 0.000819350 0.001419630 0.000611010 0.000762610 0.001550570 0.000541700 0.000623310 0.002575910 0.002044790 0.003537890 0.000285630 0.000000000 0.004149530 0.004044410 0.003414090 0.003374010 0.000645550 0.003108180 0.003072270 0.003751560 0.001250230 0.001611050 0.001265000 0.004203400 0.002465690 0.002314060 0.001263050 0.004144070 0.002130400 0.002191900 0.002338230 0.003783710 0.003793080 0.003322300 
26     0.003912800 0.001842350 0.002474680 0.001395370 0.000598520 0.001850040 0.001951110 0.001183000 0.001344370 0.002507040 0.001087110 0.004756690 0.001244880 0.001149440 0.004111800 0.000542250 0.002569140 0.003248150 0.002506300 0.002116840 0.000337260 0.001351520 0.003092760 0.002868880 0.003093000 0.003414630 0.003454980 0.003705210 0.004149530 0.000000000 0.000320580 0.000549180 0.000297640 0.000372840 0.000479030 0.000475920 0.001382280 0.000502120 0.000498310 0.000502170 0.000487510 0.000490450 0.000486090 0.005045380 0.003487980 0.002258170 0.002982150 0.002728330 0.003696720 0.003188020 0.000622270 
31     0.001078560 0.001713950 0.002346280 0.001266970 0.000470120 0.001721640 0.001822710 0.003342530 0.002391360 0.002370400 0.000038780 0.004796660 0.000587480 0.000492040 0.004212120 0.003278330 0.002829590 0.002335900 0.002913140 0.002785550 0.003646850 0.004603260 0.002964360 0.002740480 0.002274710 0.003286230 0.003326580 0.003662770 0.004044410 0.000320580 0.000000000 0.000704510 0.000958400 0.000800650 0.002024330 0.002137060 0.005036490 0.004969860 0.005302860 0.005214070 0.005106420 0.003379520 0.003248170 0.002810830 0.003571250 0.003066930 0.003065420 0.002811600 0.003568320 0.003059620 0.005469210 
21     0.002694590 0.003003340 0.004119610 0.003728340 0.004034590 0.000923560 0.003701680 0.004065810 0.003737080 0.000115580 0.004938700 0.000984620 0.003121140 0.003122420 0.003440310 0.000499330 0.002950770 0.002156130 0.001895980 0.001214530 0.002218860 0.000946600 0.001137170 0.001133220 0.002009770 0.001556540 0.001959130 0.002937150 0.003414090 0.000549180 0.000704510 0.000000000 0.000057840 0.001360200 0.000436110 0.000433000 0.003310580 0.000459200 0.000455390 0.000459250 0.000280130 0.000447530 0.000443170 0.005603180 0.004017210 0.002639800 0.003511380 0.003233460 0.001077540 0.000297770 0.000579350 
8     0.002562950 0.003848860 0.003490680 0.003535150 0.000894260 0.001445370 0.001050390 0.003872620 0.003250250 0.001261970 0.004633890 0.002764290 0.003111460 0.003112740 0.003461740 0.000247790 0.002109480 0.002116050 0.001855900 0.002561660 0.001439430 0.000906520 0.001097090 0.001093140 0.001969690 0.001516460 0.001919050 0.002897070 0.003374010 0.000297640 0.000958400 0.000057840 0.000000000 0.001230140 0.000184570 0.000181460 0.004684470 0.000207660 0.000203850 0.000207710 0.000193050 0.000195990 0.000191630 0.005263520 0.003503320 0.001798510 0.003008490 0.002803340 0.005130880 0.003804920 0.000327810 
5     0.002482060 0.003427550 0.003764070 0.002980570 0.002481220 0.001826360 0.003346140 0.001596890 0.001467100 0.002969060 0.002291760 0.004192790 0.001335490 0.001553920 0.002251200 0.002346650 0.001969800 0.002771410 0.002067910 0.001796150 0.000386010 0.000812120 0.003421880 0.003198000 0.003422120 0.001009370 0.003784100 0.001733560 0.000645550 0.000372840 0.000800650 0.001360200 0.001230140 0.000000000 0.001866750 0.001830840 0.004161600 0.002351110 0.002987390 0.001354970 0.001184490 0.002698040 0.001031470 0.000783390 0.002715080 0.002496720 0.002010340 0.003790300 0.000346930 0.003242600 0.001174700 
37     0.002252120 0.000849140 0.003567070 0.002725820 0.002226470 0.002257740 0.003149140 0.003513270 0.002533310 0.003004150 0.004275500 0.002060200 0.002880520 0.002881800 0.000309860 0.000429120 0.000648430 0.001435320 0.000585590 0.001326660 0.001115970 0.001162170 0.001362810 0.001348500 0.000240900 0.001226420 0.002783350 0.002268450 0.003108180 0.000479030 0.002024330 0.000436110 0.000184570 0.001866750 0.000000000 0.000003130 0.004214460 0.000388990 0.000385180 0.000389040 0.000374380 0.000377320 0.000372960 0.002886240 0.004149510 0.002444700 0.003008710 0.002862870 0.001915020 0.002987850 0.000509140 
4     0.002012310 0.001304760 0.003769220 0.002689910 0.002190560 0.001687260 0.003245650 0.002958440 0.003390850 0.002968240 0.001772180 0.002119110 0.002792940 0.002794220 0.003097820 0.000426010 0.000911000 0.001494230 0.000848160 0.001385570 0.000675950 0.001221080 0.001401250 0.001386940 0.002308760 0.001285330 0.002842260 0.002250970 0.003072270 0.000475920 0.002137060 0.000433000 0.000181460 0.001830840 0.000003130 0.000000000 0.004388800 0.000385880 0.000382070 0.000385930 0.000371270 0.000374210 0.000369850 0.004448090 0.002451490 0.000243270 0.002991870 0.003187720 0.002260150 0.002951940 0.000506030 
6     0.002607580 0.001187710 0.001692750 0.000619470 0.001901490 0.001874540 0.002201070 0.002443100 0.002315960 0.001031440 0.002972980 0.002493920 0.001979280 0.000637630 0.003058330 0.003393090 0.002710710 0.000091340 0.001946950 0.001879790 0.001918320 0.002509820 0.001915290 0.001899910 0.001874160 0.001986190 0.004071910 0.003904090 0.003751560 0.001382280 0.005036490 0.003310580 0.004684470 0.004161600 0.004214460 0.004388800 0.000000000 0.001078260 0.001433570 0.001386490 0.001015930 0.001313270 0.000661770 0.001222510 0.001879800 0.001915980 0.004111940 0.003807750 0.003332420 0.002519680 0.002976800 
50     0.000333260 0.002361600 0.002176130 0.002268680 0.001583570 0.002519640 0.002102310 0.002611470 0.001762730 0.004257310 0.003572590 0.003093530 0.001774220 0.002028260 0.003315620 0.000072870 0.001998030 0.001688110 0.001741890 0.001674730 0.001713260 0.002304760 0.001710230 0.001694850 0.001669100 0.001781130 0.003972610 0.001525160 0.001250230 0.000502120 0.004969860 0.000459200 0.000207660 0.002351110 0.000388990 0.000385880 0.001078260 0.000000000 0.000003810 0.000007670 0.000018130 0.000021070 0.000016670 0.001230910 0.001427930 0.001464110 0.004098930 0.004761030 0.003932030 0.003119290 0.000152950 
11     0.001839980 0.001024620 0.002326610 0.002039740 0.000617460 0.001712460 0.002252790 0.002761950 0.002482140 0.004898180 0.002220810 0.003088810 0.001924700 0.002178740 0.003195290 0.000069060 0.002129330 0.001838590 0.001892370 0.001825210 0.001863740 0.002455240 0.001860710 0.001845330 0.001819580 0.001931610 0.004123090 0.001885980 0.001611050 0.000498310 0.005302860 0.000455390 0.000203850 0.002987390 0.000385180 0.000382070 0.001433570 0.000003810 0.000000000 0.000003860 0.000014320 0.000017260 0.000012860 0.001520580 0.001508560 0.001544740 0.003258350 0.004756310 0.001742190 0.003114570 0.000149140 
32     0.001106430 0.002471660 0.002286190 0.002378740 0.002271500 0.002591510 0.002212370 0.002721530 0.002441720 0.003792890 0.002347400 0.001868340 0.001884280 0.002138320 0.002432750 0.000072920 0.002807560 0.001798170 0.001851950 0.001784790 0.001823320 0.002414820 0.001820290 0.001804910 0.001779160 0.001891190 0.003224790 0.000839330 0.001265000 0.000502170 0.005214070 0.000459250 0.000207710 0.001354970 0.000389040 0.000385930 0.001386490 0.000007670 0.000003860 0.000000000 0.000018180 0.000021120 0.000016720 0.000729920 0.001588340 0.001632340 0.002619920 0.001592440 0.002706840 0.001894100 0.000153000 
3     0.003428870 0.002912740 0.001736800 0.002819820 0.000563530 0.001884210 0.002653450 0.003162610 0.002882800 0.003624820 0.002123350 0.001590040 0.002206340 0.001885700 0.001406050 0.000054760 0.001484120 0.000436490 0.000934860 0.001499380 0.001490890 0.001855590 0.001669090 0.001796690 0.001723990 0.000697610 0.004523750 0.004192480 0.004203400 0.000487510 0.005106420 0.000280130 0.000193050 0.001184490 0.000374380 0.000371270 0.001015930 0.000018130 0.000014320 0.000018180 0.000000000 0.000006460 0.000002100 0.000407290 0.000449300 0.000485480 0.003427150 0.003164630 0.002482790 0.001670050 0.000138340 
12     0.003218650 0.002126090 0.001346100 0.000944530 0.001925930 0.000525680 0.001866800 0.002375960 0.002096150 0.002106950 0.003505030 0.003025970 0.001419690 0.001673730 0.003080110 0.000061200 0.003098270 0.001289620 0.001343400 0.001276240 0.001314770 0.001906270 0.001311740 0.001296360 0.001270610 0.001382640 0.001621590 0.002084050 0.002465690 0.000490450 0.003379520 0.000447530 0.000195990 0.002698040 0.000377320 0.000374210 0.001313270 0.000021070 0.000017260 0.000021120 0.000006460 0.000000000 0.000005040 0.000754120 0.002347790 0.002383970 0.000850830 0.004114800 0.002465860 0.002969810 0.000141280 
33     0.000217900 0.000809440 0.001428840 0.001377360 0.001884080 0.001598480 0.002070080 0.002579240 0.001139830 0.003656890 0.002124330 0.001645270 0.001009170 0.000569040 0.002209680 0.000056840 0.003301550 0.001302020 0.001160220 0.001138030 0.001327170 0.001918670 0.001324140 0.001308760 0.000640050 0.001395040 0.001119370 0.001952700 0.002314060 0.000486090 0.003248170 0.000443170 0.000191630 0.001031470 0.000372960 0.000369850 0.000661770 0.000016670 0.000012860 0.000016720 0.000002100 0.000005040 0.000000000 0.000101250 0.002297190 0.002333370 0.002778560 0.003312770 0.002483770 0.001671030 0.000136920 
47     0.003088450 0.002314110 0.002128640 0.001146910 0.001488940 0.002090790 0.002054820 0.002563980 0.002284170 0.003575450 0.002362320 0.001883260 0.001607710 0.001861750 0.002447670 0.002035160 0.003286290 0.001286760 0.001340540 0.001273380 0.001311910 0.001903410 0.001308880 0.001293500 0.001267750 0.001379780 0.001344290 0.003757300 0.001263050 0.005045380 0.002810830 0.005603180 0.005263520 0.000783390 0.002886240 0.004448090 0.001222510 0.001230910 0.001520580 0.000729920 0.000407290 0.000754120 0.000101250 0.000000000 0.001401540 0.001702680 0.003755910 0.003550760 0.002721760 0.001909020 0.000570430 
41     0.002986150 0.003499140 0.003321400 0.002004380 0.002518790 0.002798310 0.001252770 0.003284430 0.003276700 0.004386540 0.003950090 0.003214200 0.003004890 0.003583590 0.000140010 0.001726260 0.003767290 0.002512650 0.003689930 0.001675100 0.001313470 0.002611800 0.002248750 0.002624440 0.002223730 0.002457250 0.001374750 0.002795350 0.004144070 0.003487980 0.003571250 0.004017210 0.003503320 0.002715080 0.004149510 0.002451490 0.001879800 0.001427930 0.001508560 0.001588340 0.000449300 0.002347790 0.002297190 0.001401540 0.000000000 0.000100530 0.000837940 0.000190010 0.004528240 0.001050860 0.001525030 
43     0.001092840 0.003392630 0.003304580 0.002050320 0.002462870 0.001310120 0.001143260 0.003050080 0.001792350 0.003866180 0.003800730 0.003179750 0.001998790 0.002577490 0.004758000 0.002981420 0.002739690 0.002320640 0.002676850 0.001654200 0.001292570 0.002419790 0.002056740 0.002432430 0.001166830 0.000992630 0.001182740 0.002603340 0.002130400 0.002258170 0.003066930 0.002639800 0.001798510 0.002496720 0.002444700 0.000243270 0.001915980 0.001464110 0.001544740 0.001632340 0.000485480 0.002383970 0.002333370 0.001702680 0.000100530 0.000000000 0.001531910 0.000380090 0.004066400 0.001786250 0.001758710 
28     0.000786370 0.004218540 0.003685090 0.003337870 0.003393090 0.003716620 0.003542870 0.003648120 0.003640390 0.003292670 0.003530650 0.003051590 0.003844910 0.003945200 0.001498580 0.003098030 0.001893620 0.002168400 0.002156600 0.001950250 0.002166360 0.001698110 0.001347510 0.001360080 0.002857330 0.002028910 0.002597110 0.002242540 0.002191900 0.002982150 0.003065420 0.003511380 0.003008490 0.002010340 0.003008710 0.002991870 0.004111940 0.004098930 0.003258350 0.002619920 0.003427150 0.000850830 0.002778560 0.003755910 0.000837940 0.001531910 0.000000000 0.000193020 0.004077190 0.003264450 0.000536990 
23     0.002418800 0.004435570 0.003902120 0.003132720 0.003933070 0.003933650 0.003759900 0.003201480 0.003746190 0.001974660 0.003325500 0.002846440 0.003639760 0.003740050 0.002903460 0.003244360 0.001025940 0.002301790 0.002302930 0.002096580 0.000154340 0.001844440 0.002112720 0.002030170 0.003003660 0.002175240 0.002743440 0.002388870 0.002338230 0.002728330 0.002811600 0.003233460 0.002803340 0.003790300 0.002862870 0.003187720 0.003807750 0.004761030 0.004756310 0.001592440 0.003164630 0.004114800 0.003312770 0.003550760 0.000190010 0.000380090 0.000193020 0.000000000 0.003452420 0.003059300 0.005270100 
40     0.003946800 0.003366930 0.003918590 0.003708570 0.002481040 0.002795210 0.004264310 0.001453480 0.004832960 0.000997710 0.002683600 0.002204540 0.003316120 0.003389610 0.001008310 0.000562090 0.003897530 0.003248220 0.004098660 0.002227190 0.001454450 0.004306010 0.004149880 0.003926000 0.004150120 0.001876230 0.000810350 0.001479410 0.003783710 0.003696720 0.003568320 0.001077540 0.005130880 0.000346930 0.001915020 0.002260150 0.003332420 0.003932030 0.001742190 0.002706840 0.002482790 0.002465860 0.002483770 0.002721760 0.004528240 0.004066400 0.004077190 0.003452420 0.000000000 0.000099410 0.002988800 
15     0.000197290 0.002136820 0.003387000 0.003199870 0.002276140 0.003654540 0.003755610 0.002975520 0.004324260 0.002710050 0.001870860 0.001391800 0.003204250 0.000908320 0.000758290 0.001191950 0.002504100 0.003796570 0.002602710 0.003066750 0.003196270 0.002532520 0.003641180 0.003417300 0.003641420 0.002182270 0.001891540 0.001488780 0.003793080 0.003188020 0.003059620 0.000297770 0.003804920 0.003242600 0.002987850 0.002951940 0.002519680 0.003119290 0.003114570 0.001894100 0.001670050 0.002969810 0.001671030 0.001909020 0.001050860 0.001786250 0.003264450 0.003059300 0.000099410 0.000000000 0.002795540 
0     0.001473030 0.002895420 0.000974800 0.002772850 0.002695260 0.003053460 0.002071800 0.002107640 0.002865480 0.000716220 0.004414300 0.000295480 0.002812360 0.002738240 0.001629510 0.000193080 0.001642720 0.001708040 0.001857100 0.000573310 0.001823860 0.001471230 0.002050690 0.001292930 0.001196520 0.001968390 0.001566690 0.003412560 0.003322300 0.000622270 0.005469210 0.000579350 0.000327810 0.001174700 0.000509140 0.000506030 0.002976800 0.000152950 0.000149140 0.000153000 0.000138340 0.000141280 0.000136920 0.000570430 0.001525030 0.001758710 0.000536990 0.005270100 0.002988800 0.002795540 0.000000000 
