51
1     0.000000000 0.004134945 0.006130682 0.016838522 0.016923297 0.026182723 0.025777025 0.017069397 0.017523078 0.017548784 0.020573689 0.020411388 0.020637073 0.021605471 0.021633493 0.021834992 0.021889090 0.023193819 0.020712341 0.020855358 0.021383755 0.023984553 0.023138134 0.023444180 0.020677038 0.021390433 0.019478113 0.018253070 0.018674739 0.019147144 0.019792170 0.023175511 0.022819753 0.022028144 0.023531165 0.022033189 0.021854534 0.022340996 0.022316649 0.021390349 0.019854447 0.020488421 0.020710056 0.021172032 0.020432502 0.022825011 0.023224544 0.019813647 0.021957546 0.021479804 0.045930895 
5     0.004134945 0.000000000 0.005589648 0.016277447 0.016362221 0.025656118 0.025250419 0.016542148 0.016995829 0.017022854 0.020047758 0.019885457 0.020111143 0.021079031 0.021112266 0.021313765 0.021367863 0.022672361 0.020190883 0.020333900 0.020862297 0.023463564 0.022617066 0.022923112 0.020154675 0.020868070 0.018949062 0.017724019 0.018145688 0.018618093 0.019263118 0.022646460 0.022290702 0.021499092 0.023002113 0.021504138 0.021325482 0.021811944 0.021787597 0.020861297 0.019325396 0.019959369 0.020181005 0.020642981 0.019903450 0.022295763 0.022695296 0.019284399 0.021428185 0.020950443 0.045393180 
3     0.006130682 0.005589648 0.000000000 0.014460253 0.014545028 0.023837390 0.023431692 0.014738744 0.015192425 0.015221942 0.018247410 0.018085109 0.018310795 0.019280553 0.019311918 0.019513417 0.019567515 0.020873074 0.018391596 0.018534613 0.019063010 0.021666222 0.020820042 0.021126088 0.018354651 0.019068047 0.017144435 0.015919391 0.016341061 0.016812864 0.017458491 0.020841833 0.020486075 0.019694465 0.021197486 0.019699511 0.019520855 0.020007317 0.019982970 0.019056670 0.017520768 0.018154742 0.018376377 0.018838354 0.018098823 0.020491636 0.020891169 0.017480272 0.019624073 0.019146332 0.043582597 
4     0.016838522 0.016277447 0.014460253 0.000000000 0.012342105 0.027818555 0.027412857 0.018702780 0.019156460 0.019186334 0.022207044 0.022044743 0.022270428 0.023243965 0.023271552 0.023473051 0.023527149 0.024810220 0.022351230 0.022494247 0.023022643 0.025625856 0.024779676 0.025085722 0.022312210 0.023025605 0.021091154 0.019866111 0.020287780 0.020759583 0.021405210 0.024787859 0.024432101 0.023640491 0.025143512 0.023645537 0.023468155 0.023954617 0.023930270 0.023003970 0.021468069 0.022102042 0.022323677 0.022785654 0.022046123 0.024428859 0.024826696 0.021413764 0.023556300 0.023078558 0.047550132 
2     0.016923297 0.016362221 0.014545028 0.012342105 0.000000000 0.027912143 0.027506444 0.018793876 0.019247557 0.019278925 0.022302992 0.022140690 0.022366376 0.023339913 0.023368902 0.023570401 0.023624499 0.024922558 0.022447177 0.022590194 0.023118591 0.025722008 0.024871564 0.025177610 0.022409390 0.023122786 0.021188551 0.019963508 0.020385177 0.020856981 0.021502608 0.024881931 0.024526173 0.023734563 0.025237585 0.023739609 0.023577345 0.024063807 0.024039460 0.023113160 0.021577258 0.022211232 0.022432867 0.022894844 0.022155313 0.024544758 0.024944292 0.021533394 0.023661445 0.023183703 0.047656277 
34     0.026182723 0.025656118 0.023837390 0.027818555 0.027912143 0.000000000 0.004715503 0.014245848 0.014700927 0.016444303 0.019520662 0.019356281 0.019575195 0.020560016 0.020599677 0.020773988 0.020832593 0.022171944 0.019675046 0.019818598 0.020343955 0.022926647 0.022061672 0.022376047 0.019568070 0.020283609 0.022632785 0.021407742 0.021829411 0.022293952 0.022947427 0.026327105 0.025971714 0.025180882 0.026683904 0.025181013 0.025014637 0.025501025 0.025476678 0.024550452 0.023014550 0.023648524 0.023870159 0.024332136 0.023592605 0.026267201 0.026664116 0.023245424 0.025986742 0.025515655 0.052523056 
35     0.025777025 0.025250419 0.023431692 0.027412857 0.027506444 0.004715503 0.000000000 0.013847395 0.014302474 0.016036909 0.019119920 0.018955867 0.019174821 0.020159274 0.020195743 0.020370054 0.020428659 0.021769832 0.019272860 0.019416412 0.019941769 0.022519433 0.021654457 0.021968832 0.019149469 0.019861737 0.022220160 0.020995117 0.021416786 0.021881327 0.022524004 0.025914480 0.025559089 0.024768258 0.026271279 0.024768388 0.024606651 0.025093039 0.025068692 0.024142466 0.022606564 0.023240538 0.023462173 0.023924150 0.023184619 0.025860754 0.026257670 0.022838978 0.025581043 0.025109957 0.052117357 
39     0.017069397 0.016542148 0.014738744 0.018702780 0.018793876 0.014245848 0.013847395 0.000000000 0.002063112 0.007398807 0.010464666 0.010300215 0.010519168 0.011504788 0.011549748 0.011723770 0.011782375 0.013111042 0.010620056 0.010765157 0.011289051 0.013880122 0.013015066 0.013329734 0.010538014 0.011250295 0.013536955 0.012311912 0.012733581 0.013198122 0.013851597 0.017231578 0.016876187 0.016085356 0.017588377 0.016085487 0.015923820 0.016410209 0.016385862 0.015459636 0.013923734 0.014557708 0.014779343 0.015241319 0.014501788 0.017163036 0.017579219 0.014148279 0.016914695 0.016443608 0.043429164 
38     0.017523078 0.016995829 0.015192425 0.019156460 0.019247557 0.014700927 0.014302474 0.002063112 0.000000000 0.007853757 0.010917834 0.010753383 0.010972336 0.011957956 0.012002915 0.012176937 0.012235542 0.013564209 0.011073223 0.011218325 0.011742218 0.014335148 0.013470093 0.013784761 0.010993040 0.011705322 0.013990636 0.012765592 0.013187262 0.013651802 0.014305277 0.017685259 0.017329868 0.016539037 0.018042058 0.016539168 0.016377501 0.016863890 0.016839542 0.015913317 0.014377415 0.015011389 0.015233024 0.015695000 0.014955469 0.017616717 0.018032900 0.014601959 0.017368376 0.016897289 0.043882845 
45     0.017548784 0.017022854 0.015221942 0.019186334 0.019278925 0.016444303 0.016036909 0.007398807 0.007853757 0.000000000 0.008963953 0.008810469 0.009023784 0.009987721 0.010053528 0.010214954 0.010275446 0.011653680 0.009091921 0.009239170 0.009760003 0.012471673 0.011620213 0.011920175 0.009023746 0.009736552 0.013980157 0.012755114 0.013172376 0.013641324 0.014294799 0.017677099 0.017321708 0.016529266 0.018031283 0.016528392 0.016362786 0.016849174 0.016824827 0.015898601 0.014362700 0.014996673 0.015218309 0.015680285 0.014940754 0.017624347 0.018039822 0.014615968 0.017346153 0.016875066 0.043898608 
15     0.020573689 0.020047758 0.018247410 0.022207044 0.022302992 0.019520662 0.019119920 0.010464666 0.010917834 0.008963953 0.000000000 0.002882608 0.003466659 0.005531743 0.008221578 0.008393518 0.008447464 0.009732883 0.008101814 0.008250791 0.008731106 0.013100070 0.012259039 0.012567586 0.010358917 0.011071248 0.017017922 0.015792879 0.016205995 0.016668563 0.017332564 0.020717124 0.020361733 0.019568286 0.021071307 0.019568417 0.019395167 0.019881555 0.019857208 0.018930982 0.017395081 0.018029054 0.018250690 0.018712666 0.017973135 0.020665680 0.021078858 0.017655004 0.020379588 0.019913965 0.046847768 
47     0.020411388 0.019885457 0.018085109 0.022044743 0.022140690 0.019356281 0.018955867 0.010300215 0.010753383 0.008810469 0.002882608 0.000000000 0.003334998 0.005346783 0.008011075 0.008204367 0.008259258 0.009596985 0.007907819 0.008048969 0.008528597 0.012950405 0.012093267 0.012405795 0.010200460 0.010912791 0.016855621 0.015630578 0.016043694 0.016506262 0.017170262 0.020554822 0.020199432 0.019405985 0.020909006 0.019406116 0.019232866 0.019719254 0.019694907 0.018768681 0.017232779 0.017866753 0.018088388 0.018550365 0.017810834 0.020503379 0.020916556 0.017492703 0.020217287 0.019751664 0.046685467 
16     0.020637073 0.020111143 0.018310795 0.022270428 0.022366376 0.019575195 0.019174821 0.010519168 0.010972336 0.009023784 0.003466659 0.003334998 0.000000000 0.005680787 0.008317940 0.008469699 0.008525411 0.009870911 0.008165361 0.008311696 0.008807870 0.013188760 0.012332093 0.012646238 0.010418430 0.011132083 0.017081306 0.015856263 0.016269379 0.016731947 0.017395948 0.020780508 0.020425117 0.019631670 0.021134692 0.019631801 0.019452198 0.019938586 0.019914239 0.018987796 0.017451430 0.018085403 0.018307039 0.018769015 0.018029484 0.020729064 0.021142242 0.017718388 0.020442972 0.019977350 0.046911152 
29     0.021605471 0.021079031 0.019280553 0.023243965 0.023339913 0.020560016 0.020159274 0.011504788 0.011957956 0.009987721 0.005531743 0.005346783 0.005680787 0.000000000 0.009256805 0.009457846 0.009499279 0.010800633 0.009139006 0.009293977 0.009779918 0.014172634 0.013317319 0.013630724 0.011383396 0.012095216 0.018062840 0.016837797 0.017250913 0.017716224 0.018377482 0.021762042 0.021406651 0.020613204 0.022116226 0.020613335 0.020440085 0.020926474 0.020902126 0.019975901 0.018439999 0.019073973 0.019295608 0.019757584 0.019018053 0.021703627 0.022116804 0.018692951 0.021417535 0.020951912 0.047888705 
22     0.021633493 0.021112266 0.019311918 0.023271552 0.023368902 0.020599677 0.020195743 0.011549748 0.012002915 0.010053528 0.008221578 0.008011075 0.008317940 0.009256805 0.000000000 0.006455400 0.006476193 0.010862234 0.009141489 0.009306968 0.009828452 0.014249934 0.013362159 0.013658900 0.011497027 0.012197836 0.018081258 0.016856214 0.017269597 0.017734641 0.018395899 0.021780459 0.021425069 0.020631622 0.022134643 0.020631753 0.020458503 0.020944891 0.020920544 0.019994318 0.018458416 0.019092390 0.019314025 0.019776002 0.019036471 0.021722077 0.022128103 0.018700081 0.021444096 0.020978473 0.047912276 
28     0.021834992 0.021313765 0.019513417 0.023473051 0.023570401 0.020773988 0.020370054 0.011723770 0.012176937 0.010214954 0.008393518 0.008204367 0.008469699 0.009457846 0.006455400 0.000000000 0.004089263 0.011031710 0.009292732 0.009440621 0.009951492 0.014356459 0.013471407 0.013771074 0.011629966 0.012330130 0.018282757 0.017057714 0.017466720 0.017936140 0.018597398 0.021981958 0.021626568 0.020833121 0.022336142 0.020833252 0.020660002 0.021146390 0.021122043 0.020195817 0.018659915 0.019293889 0.019515524 0.019977501 0.019237970 0.021930223 0.022343401 0.018919547 0.021645595 0.021179972 0.048113775 
49     0.021889090 0.021367863 0.019567515 0.023527149 0.023624499 0.020832593 0.020428659 0.011782375 0.012235542 0.010275446 0.008447464 0.008259258 0.008525411 0.009499279 0.006476193 0.004089263 0.000000000 0.011055609 0.009346490 0.009497034 0.010014253 0.014419964 0.013530341 0.013830008 0.011701179 0.012401342 0.018334701 0.017109658 0.017516676 0.017988085 0.018649343 0.022033903 0.021678512 0.020885065 0.022388087 0.020885196 0.020702357 0.021186997 0.021162650 0.020240974 0.018705072 0.019339046 0.019560681 0.020022456 0.019282925 0.021983307 0.022396485 0.018972631 0.021699693 0.021234070 0.048167873 
30     0.023193819 0.022672361 0.020873074 0.024810220 0.024922558 0.022171944 0.021769832 0.013111042 0.013564209 0.011653680 0.009732883 0.009596985 0.009870911 0.010800633 0.010862234 0.011031710 0.011055609 0.000000000 0.010776225 0.010887169 0.011399143 0.015808299 0.014899872 0.015234418 0.013081879 0.013777474 0.019626326 0.018401283 0.018812242 0.019279710 0.019941603 0.023333580 0.022978189 0.022184742 0.023687763 0.022184873 0.021999341 0.022485729 0.022461382 0.021535377 0.020002680 0.020636653 0.020858289 0.021320265 0.020577530 0.023307363 0.023720541 0.020296687 0.023001511 0.022535889 0.049469887 
19     0.020712341 0.020190883 0.018391596 0.022351230 0.022447177 0.019675046 0.019272860 0.010620056 0.011073223 0.009091921 0.008101814 0.007907819 0.008165361 0.009139006 0.009141489 0.009292732 0.009346490 0.010776225 0.000000000 0.006266903 0.006808877 0.013279666 0.012387577 0.012701618 0.010531344 0.011236771 0.017173243 0.015948200 0.016361442 0.016819308 0.017487885 0.020872445 0.020517054 0.019723607 0.021226628 0.019723738 0.019550098 0.020036486 0.020012139 0.019085913 0.017550011 0.018183985 0.018405620 0.018867596 0.018128066 0.020819898 0.021233076 0.017809222 0.020533965 0.020069890 0.046995601 
17     0.020855358 0.020333900 0.018534613 0.022494247 0.022590194 0.019818598 0.019416412 0.010765157 0.011218325 0.009239170 0.008250791 0.008048969 0.008311696 0.009293977 0.009306968 0.009440621 0.009497034 0.010887169 0.006266903 0.000000000 0.004069399 0.013398067 0.012498054 0.012815945 0.010695495 0.011398319 0.017315504 0.016090461 0.016503703 0.016958778 0.017630146 0.021014706 0.020659315 0.019865868 0.021368889 0.019865999 0.019693115 0.020179503 0.020155156 0.019228930 0.017693028 0.018327002 0.018548637 0.019010614 0.018271083 0.020957052 0.021346991 0.017941314 0.020670567 0.020212907 0.047138619 
46     0.021383755 0.020862297 0.019063010 0.023022643 0.023118591 0.020343955 0.019941769 0.011289051 0.011742218 0.009760003 0.008731106 0.008528597 0.008807870 0.009779918 0.009828452 0.009951492 0.010014253 0.011399143 0.006808877 0.004069399 0.000000000 0.013900176 0.013012589 0.013331258 0.011206468 0.011909226 0.017844657 0.016619613 0.017032856 0.017482458 0.018159298 0.021543858 0.021188467 0.020395021 0.021898042 0.020395152 0.020221511 0.020707900 0.020683552 0.019757327 0.018221425 0.018855399 0.019077034 0.019539010 0.018799479 0.021491312 0.021904490 0.018480636 0.021212390 0.020741304 0.047667015 
8     0.023984553 0.023463564 0.021666222 0.025625856 0.025722008 0.022926647 0.022519433 0.013880122 0.014335148 0.012471673 0.013100070 0.012950405 0.013188760 0.014172634 0.014249934 0.014356459 0.014419964 0.015808299 0.013279666 0.013398067 0.013900176 0.000000000 0.012240840 0.012595370 0.013890913 0.014594702 0.020458848 0.019233805 0.019647793 0.020112232 0.020773490 0.024156968 0.023801577 0.023008130 0.024511151 0.023008261 0.022829199 0.023315587 0.023291240 0.022365014 0.020829112 0.021463086 0.021684721 0.022146697 0.021407166 0.024101767 0.024514945 0.021091091 0.023830002 0.023358916 0.050159398 
50     0.023138134 0.022617066 0.020820042 0.024779676 0.024871564 0.022061672 0.021654457 0.013015066 0.013470093 0.011620213 0.012259039 0.012093267 0.012332093 0.013317319 0.013362159 0.013471407 0.013530341 0.014899872 0.012387577 0.012498054 0.013012589 0.012240840 0.000000000 0.005700835 0.013005047 0.013710736 0.019611100 0.018386057 0.018800045 0.019264484 0.019925742 0.023309220 0.022953829 0.022160382 0.023663403 0.022160513 0.021981450 0.022467839 0.022443491 0.021517266 0.019981364 0.020615338 0.020836973 0.021298949 0.020559418 0.023253934 0.023667112 0.020243258 0.022983822 0.022512735 0.049313218 
36     0.023444180 0.022923112 0.021126088 0.025085722 0.025177610 0.022376047 0.021968832 0.013329734 0.013784761 0.011920175 0.012567586 0.012405795 0.012646238 0.013630724 0.013658900 0.013771074 0.013830008 0.015234418 0.012701618 0.012815945 0.013331258 0.012595370 0.005700835 0.000000000 0.013324377 0.014030646 0.019917153 0.018692109 0.019106097 0.019570536 0.020231794 0.023615272 0.023259881 0.022466434 0.023969456 0.022466565 0.022287503 0.022773891 0.022749544 0.021823318 0.020287416 0.020921390 0.021143025 0.021605001 0.020865471 0.023559980 0.023973158 0.020549304 0.023289868 0.022818781 0.049619264 
21     0.020677038 0.020154675 0.018354651 0.022312210 0.022409390 0.019568070 0.019149469 0.010538014 0.010993040 0.009023746 0.010358917 0.010200460 0.010418430 0.011383396 0.011497027 0.011629966 0.011701179 0.013081879 0.010531344 0.010695495 0.011206468 0.013890913 0.013005047 0.013324377 0.000000000 0.004523197 0.017154641 0.015929598 0.016346568 0.016815808 0.017469283 0.020853843 0.020498452 0.019705006 0.021208027 0.019705136 0.019525483 0.020011872 0.019987524 0.019061299 0.017525397 0.018159371 0.018381006 0.018842982 0.018103451 0.020796420 0.021209741 0.017785887 0.020528745 0.020057659 0.046962809 
48     0.021390433 0.020868070 0.019068047 0.023025605 0.023122786 0.020283609 0.019861737 0.011250295 0.011705322 0.009736552 0.011071248 0.010912791 0.011132083 0.012095216 0.012197836 0.012330130 0.012401342 0.013777474 0.011236771 0.011398319 0.011909226 0.014594702 0.013710736 0.014030646 0.004523197 0.000000000 0.017868037 0.016642994 0.017059964 0.017529204 0.018182679 0.021567239 0.021211848 0.020418401 0.021921422 0.020418532 0.020238878 0.020725267 0.020700919 0.019774694 0.018238792 0.018872766 0.019094401 0.019556377 0.018816846 0.021509815 0.021923136 0.018499283 0.021242141 0.020771054 0.047676205 
10     0.019478113 0.018949062 0.017144435 0.021091154 0.021188551 0.022632785 0.022220160 0.013536955 0.013990636 0.013980157 0.017017922 0.016855621 0.017081306 0.018062840 0.018081258 0.018282757 0.018334701 0.019626326 0.017173243 0.017315504 0.017844657 0.020458848 0.019611100 0.019917153 0.017154641 0.017868037 0.000000000 0.004271890 0.004732906 0.005108160 0.008195497 0.014334758 0.013990880 0.013201231 0.014719161 0.013201642 0.016783786 0.017281996 0.017257649 0.016317707 0.014781806 0.015415780 0.015637415 0.016099391 0.015359860 0.019369252 0.019723386 0.016334057 0.019183650 0.018708713 0.045727981 
32     0.018253070 0.017724019 0.015919391 0.019866111 0.019963508 0.021407742 0.020995117 0.012311912 0.012765592 0.012755114 0.015792879 0.015630578 0.015856263 0.016837797 0.016856214 0.017057714 0.017109658 0.018401283 0.015948200 0.016090461 0.016619613 0.019233805 0.018386057 0.018692109 0.015929598 0.016642994 0.004271890 0.000000000 0.002806972 0.003438369 0.006977439 0.013072199 0.012747695 0.011972324 0.013490254 0.011972735 0.015559063 0.016057273 0.016032926 0.015092985 0.013557083 0.014191057 0.014412692 0.014874668 0.014135137 0.018144209 0.018498342 0.015109014 0.017958606 0.017483670 0.044502938 
20     0.018674739 0.018145688 0.016341061 0.020287780 0.020385177 0.021829411 0.021416786 0.012733581 0.013187262 0.013172376 0.016205995 0.016043694 0.016269379 0.017250913 0.017269597 0.017466720 0.017516676 0.018812242 0.016361442 0.016503703 0.017032856 0.019647793 0.018800045 0.019106097 0.016346568 0.017059964 0.004732906 0.002806972 0.000000000 0.003855813 0.007393133 0.013541464 0.013197586 0.012408247 0.013925205 0.012407686 0.015982150 0.016480360 0.016456013 0.015516071 0.013980170 0.014614143 0.014835779 0.015297755 0.014558224 0.018565904 0.018920015 0.015530686 0.018380276 0.017905339 0.044924607 
24     0.019147144 0.018618093 0.016812864 0.020759583 0.020856981 0.022293952 0.021881327 0.013198122 0.013651802 0.013641324 0.016668563 0.016506262 0.016731947 0.017716224 0.017734641 0.017936140 0.017988085 0.019279710 0.016819308 0.016958778 0.017482458 0.020112232 0.019264484 0.019570536 0.016815808 0.017529204 0.005108160 0.003438369 0.003855813 0.000000000 0.007882241 0.014017305 0.013673427 0.012883742 0.014401672 0.012884153 0.016454575 0.016952785 0.016928438 0.015988497 0.014452595 0.015086569 0.015308204 0.015770180 0.015030649 0.019037389 0.019391522 0.016002194 0.018852751 0.018377815 0.045358319 
12     0.019792170 0.019263118 0.017458491 0.021405210 0.021502608 0.022947427 0.022524004 0.013851597 0.014305277 0.014294799 0.017332564 0.017170262 0.017395948 0.018377482 0.018395899 0.018597398 0.018649343 0.019941603 0.017487885 0.017630146 0.018159298 0.020773490 0.019925742 0.020231794 0.017469283 0.018182679 0.008195497 0.006977439 0.007393133 0.007882241 0.000000000 0.014649659 0.014305781 0.013511594 0.015022697 0.013510115 0.017093615 0.017591826 0.017567478 0.016627537 0.015091635 0.015725609 0.015947244 0.016409221 0.015669690 0.019681113 0.020038810 0.016649481 0.019505199 0.019030262 0.045991211 
41     0.023175511 0.022646460 0.020841833 0.024787859 0.024881931 0.026327105 0.025914480 0.017231578 0.017685259 0.017677099 0.020717124 0.020554822 0.020780508 0.021762042 0.021780459 0.021981958 0.022033903 0.023333580 0.020872445 0.021014706 0.021543858 0.024156968 0.023309220 0.023615272 0.020853843 0.021567239 0.014334758 0.013072199 0.013541464 0.014017305 0.014649659 0.000000000 0.003571684 0.012320166 0.013837947 0.012385701 0.020515154 0.021013364 0.020989017 0.020049075 0.018513174 0.019147147 0.019368783 0.019830759 0.019091228 0.023052026 0.023435124 0.020041519 0.022905199 0.022430262 0.049401728 
26     0.022819753 0.022290702 0.020486075 0.024432101 0.024526173 0.025971714 0.025559089 0.016876187 0.017329868 0.017321708 0.020361733 0.020199432 0.020425117 0.021406651 0.021425069 0.021626568 0.021678512 0.022978189 0.020517054 0.020659315 0.021188467 0.023801577 0.022953829 0.023259881 0.020498452 0.021211848 0.013990880 0.012747695 0.013197586 0.013673427 0.014305781 0.003571684 0.000000000 0.012008316 0.013489417 0.012028439 0.020152508 0.020650718 0.020626371 0.019686430 0.018150528 0.018784502 0.019006137 0.019468113 0.018728583 0.022689469 0.023072567 0.019678962 0.022549808 0.022074871 0.049042232 
18     0.022028144 0.021499092 0.019694465 0.023640491 0.023734563 0.025180882 0.024768258 0.016085356 0.016539037 0.016529266 0.019568286 0.019405985 0.019631670 0.020613204 0.020631622 0.020833121 0.020885065 0.022184742 0.019723607 0.019865868 0.020395021 0.023008130 0.022160382 0.022466434 0.019705006 0.020418401 0.013201231 0.011972324 0.012408247 0.012883742 0.013511594 0.012320166 0.012008316 0.000000000 0.007110851 0.006548582 0.019347733 0.019845943 0.019821596 0.018881654 0.017345753 0.017979726 0.018201362 0.018663338 0.017923807 0.021913225 0.022279290 0.018882422 0.021748473 0.021273536 0.048291525 
6     0.023531165 0.023002113 0.021197486 0.025143512 0.025237585 0.026683904 0.026271279 0.017588377 0.018042058 0.018031283 0.021071307 0.020909006 0.021134692 0.022116226 0.022134643 0.022336142 0.022388087 0.023687763 0.021226628 0.021368889 0.021898042 0.024511151 0.023663403 0.023969456 0.021208027 0.021921422 0.014719161 0.013490254 0.013925205 0.014401672 0.015022697 0.013837947 0.013489417 0.007110851 0.000000000 0.008063237 0.020847681 0.021345891 0.021321544 0.020381603 0.018845701 0.019479675 0.019701310 0.020163286 0.019423755 0.023416246 0.023782311 0.020385444 0.023251575 0.022776638 0.049794546 
7     0.022033189 0.021504138 0.019699511 0.023645537 0.023739609 0.025181013 0.024768388 0.016085487 0.016539168 0.016528392 0.019568417 0.019406116 0.019631801 0.020613335 0.020631753 0.020833252 0.020885196 0.022184873 0.019723738 0.019865999 0.020395152 0.023008261 0.022160513 0.022466565 0.019705136 0.020418532 0.013201642 0.011972735 0.012407686 0.012884153 0.013510115 0.012385701 0.012028439 0.006548582 0.008063237 0.000000000 0.019342267 0.019840477 0.019816129 0.018876188 0.017340286 0.017974260 0.018195895 0.018657872 0.017918341 0.021924945 0.022294467 0.018900862 0.021758153 0.021283216 0.048296571 
14     0.021854534 0.021325482 0.019520855 0.023468155 0.023577345 0.025014637 0.024606651 0.015923820 0.016377501 0.016362786 0.019395167 0.019232866 0.019452198 0.020440085 0.020458503 0.020660002 0.020702357 0.021999341 0.019550098 0.019693115 0.020221511 0.022829199 0.021981450 0.022287503 0.019525483 0.020238878 0.016783786 0.015559063 0.015982150 0.016454575 0.017093615 0.020515154 0.020152508 0.019347733 0.020847681 0.019342267 0.000000000 0.006406211 0.006493509 0.007918984 0.006366104 0.007000998 0.007278396 0.007674227 0.006949003 0.021832710 0.022169239 0.018778555 0.021640824 0.021165887 0.048128398 
43     0.022340996 0.021811944 0.020007317 0.023954617 0.024063807 0.025501025 0.025093039 0.016410209 0.016863890 0.016849174 0.019881555 0.019719254 0.019938586 0.020926474 0.020944891 0.021146390 0.021186997 0.022485729 0.020036486 0.020179503 0.020707900 0.023315587 0.022467839 0.022773891 0.020011872 0.020725267 0.017281996 0.016057273 0.016480360 0.016952785 0.017591826 0.021013364 0.020650718 0.019845943 0.021345891 0.019840477 0.006406211 0.000000000 0.003239829 0.008376705 0.006846670 0.007531898 0.007797521 0.008211283 0.007451281 0.022315792 0.022643357 0.019247444 0.022127286 0.021652350 0.048614860 
9     0.022316649 0.021787597 0.019982970 0.023930270 0.024039460 0.025476678 0.025068692 0.016385862 0.016839542 0.016824827 0.019857208 0.019694907 0.019914239 0.020902126 0.020920544 0.021122043 0.021162650 0.022461382 0.020012139 0.020155156 0.020683552 0.023291240 0.022443491 0.022749544 0.019987524 0.020700919 0.017257649 0.016032926 0.016456013 0.016928438 0.017567478 0.020989017 0.020626371 0.019821596 0.021321544 0.019816129 0.006493509 0.003239829 0.000000000 0.008399417 0.006815097 0.007508269 0.007770602 0.008176290 0.007409016 0.022291445 0.022619010 0.019223096 0.022102939 0.021628002 0.048590513 
11     0.021390349 0.020861297 0.019056670 0.023003970 0.023113160 0.024550452 0.024142466 0.015459636 0.015913317 0.015898601 0.018930982 0.018768681 0.018987796 0.019975901 0.019994318 0.020195817 0.020240974 0.021535377 0.019085913 0.019228930 0.019757327 0.022365014 0.021517266 0.021823318 0.019061299 0.019774694 0.016317707 0.015092985 0.015516071 0.015988497 0.016627537 0.020049075 0.019686430 0.018881654 0.020381603 0.018876188 0.007918984 0.008376705 0.008399417 0.000000000 0.005267040 0.005936554 0.006114666 0.006605897 0.005860028 0.021368526 0.021705054 0.018315036 0.021176639 0.020701703 0.047664213 
44     0.019854447 0.019325396 0.017520768 0.021468069 0.021577258 0.023014550 0.022606564 0.013923734 0.014377415 0.014362700 0.017395081 0.017232779 0.017451430 0.018439999 0.018458416 0.018659915 0.018705072 0.020002680 0.017550011 0.017693028 0.018221425 0.020829112 0.019981364 0.020287416 0.017525397 0.018238792 0.014781806 0.013557083 0.013980170 0.014452595 0.015091635 0.018513174 0.018150528 0.017345753 0.018845701 0.017340286 0.006366104 0.006846670 0.006815097 0.005267040 0.000000000 0.003427832 0.003661669 0.004100569 0.003361847 0.019832624 0.020169153 0.016778336 0.019640738 0.019165801 0.046128312 
13     0.020488421 0.019959369 0.018154742 0.022102042 0.022211232 0.023648524 0.023240538 0.014557708 0.015011389 0.014996673 0.018029054 0.017866753 0.018085403 0.019073973 0.019092390 0.019293889 0.019339046 0.020636653 0.018183985 0.018327002 0.018855399 0.021463086 0.020615338 0.020921390 0.018159371 0.018872766 0.015415780 0.014191057 0.014614143 0.015086569 0.015725609 0.019147147 0.018784502 0.017979726 0.019479675 0.017974260 0.007000998 0.007531898 0.007508269 0.005936554 0.003427832 0.000000000 0.003100526 0.004147472 0.003741781 0.020466598 0.020803126 0.017412310 0.020274711 0.019799775 0.046762285 
31     0.020710056 0.020181005 0.018376377 0.022323677 0.022432867 0.023870159 0.023462173 0.014779343 0.015233024 0.015218309 0.018250690 0.018088388 0.018307039 0.019295608 0.019314025 0.019515524 0.019560681 0.020858289 0.018405620 0.018548637 0.019077034 0.021684721 0.020836973 0.021143025 0.018381006 0.019094401 0.015637415 0.014412692 0.014835779 0.015308204 0.015947244 0.019368783 0.019006137 0.018201362 0.019701310 0.018195895 0.007278396 0.007797521 0.007770602 0.006114666 0.003661669 0.003100526 0.000000000 0.004412137 0.004080037 0.020688233 0.021024762 0.017633945 0.020496347 0.020021410 0.046983920 
23     0.021172032 0.020642981 0.018838354 0.022785654 0.022894844 0.024332136 0.023924150 0.015241319 0.015695000 0.015680285 0.018712666 0.018550365 0.018769015 0.019757584 0.019776002 0.019977501 0.020022456 0.021320265 0.018867596 0.019010614 0.019539010 0.022146697 0.021298949 0.021605001 0.018842982 0.019556377 0.016099391 0.014874668 0.015297755 0.015770180 0.016409221 0.019830759 0.019468113 0.018663338 0.020163286 0.018657872 0.007674227 0.008211283 0.008176290 0.006605897 0.004100569 0.004147472 0.004412137 0.000000000 0.004461177 0.021150209 0.021486738 0.018096720 0.020958323 0.020483386 0.047445897 
40     0.020432502 0.019903450 0.018098823 0.022046123 0.022155313 0.023592605 0.023184619 0.014501788 0.014955469 0.014940754 0.017973135 0.017810834 0.018029484 0.019018053 0.019036471 0.019237970 0.019282925 0.020577530 0.018128066 0.018271083 0.018799479 0.021407166 0.020559418 0.020865471 0.018103451 0.018816846 0.015359860 0.014135137 0.014558224 0.015030649 0.015669690 0.019091228 0.018728583 0.017923807 0.019423755 0.017918341 0.006949003 0.007451281 0.007409016 0.005860028 0.003361847 0.003741781 0.004080037 0.004461177 0.000000000 0.020410678 0.020747207 0.017356390 0.020218792 0.019743855 0.046706366 
25     0.022825011 0.022295763 0.020491636 0.024428859 0.024544758 0.026267201 0.025860754 0.017163036 0.017616717 0.017624347 0.020665680 0.020503379 0.020729064 0.021703627 0.021722077 0.021930223 0.021983307 0.023307363 0.020819898 0.020957052 0.021491312 0.024101767 0.023253934 0.023559980 0.020796420 0.021509815 0.019369252 0.018144209 0.018565904 0.019037389 0.019681113 0.023052026 0.022689469 0.021913225 0.023416246 0.021924945 0.021832710 0.022315792 0.022291445 0.021368526 0.019832624 0.020466598 0.020688233 0.021150209 0.020410678 0.000000000 0.016779734 0.013174185 0.022572441 0.022096678 0.049120123 
37     0.023224544 0.022695296 0.020891169 0.024826696 0.024944292 0.026664116 0.026257670 0.017579219 0.018032900 0.018039822 0.021078858 0.020916556 0.021142242 0.022116804 0.022128103 0.022343401 0.022396485 0.023720541 0.021233076 0.021346991 0.021904490 0.024514945 0.023667112 0.023973158 0.021209741 0.021923136 0.019723386 0.018498342 0.018920015 0.019391522 0.020038810 0.023435124 0.023072567 0.022279290 0.023782311 0.022294467 0.022169239 0.022643357 0.022619010 0.021705054 0.020169153 0.020803126 0.021024762 0.021486738 0.020747207 0.016779734 0.000000000 0.009817043 0.022929592 0.022453829 0.049517202 
42     0.019813647 0.019284399 0.017480272 0.021413764 0.021533394 0.023245424 0.022838978 0.014148279 0.014601959 0.014615968 0.017655004 0.017492703 0.017718388 0.018692951 0.018700081 0.018919547 0.018972631 0.020296687 0.017809222 0.017941314 0.018480636 0.021091091 0.020243258 0.020549304 0.017785887 0.018499283 0.016334057 0.015109014 0.015530686 0.016002194 0.016649481 0.020041519 0.019678962 0.018882422 0.020385444 0.018900862 0.018778555 0.019247444 0.019223096 0.018315036 0.016778336 0.017412310 0.017633945 0.018096720 0.017356390 0.013174185 0.009817043 0.000000000 0.019491989 0.019016226 0.046094719 
33     0.021957546 0.021428185 0.019624073 0.023556300 0.023661445 0.025986742 0.025581043 0.016914695 0.017368376 0.017346153 0.020379588 0.020217287 0.020442972 0.021417535 0.021444096 0.021645595 0.021699693 0.023001511 0.020533965 0.020670567 0.021212390 0.023830002 0.022983822 0.023289868 0.020528745 0.021242141 0.019183650 0.017958606 0.018380276 0.018852751 0.019505199 0.022905199 0.022549808 0.021748473 0.023251575 0.021758153 0.021640824 0.022127286 0.022102939 0.021176639 0.019640738 0.020274711 0.020496347 0.020958323 0.020218792 0.022572441 0.022929592 0.019491989 0.000000000 0.005549706 0.048176191 
27     0.021479804 0.020950443 0.019146332 0.023078558 0.023183703 0.025515655 0.025109957 0.016443608 0.016897289 0.016875066 0.019913965 0.019751664 0.019977350 0.020951912 0.020978473 0.021179972 0.021234070 0.022535889 0.020069890 0.020212907 0.020741304 0.023358916 0.022512735 0.022818781 0.020057659 0.020771054 0.018708713 0.017483670 0.017905339 0.018377815 0.019030262 0.022430262 0.022074871 0.021273536 0.022776638 0.021283216 0.021165887 0.021652350 0.021628002 0.020701703 0.019165801 0.019799775 0.020021410 0.020483386 0.019743855 0.022096678 0.022453829 0.019016226 0.005549706 0.000000000 0.047698449 
0     0.045930895 0.045393180 0.043582597 0.047550132 0.047656277 0.052523056 0.052117357 0.043429164 0.043882845 0.043898608 0.046847768 0.046685467 0.046911152 0.047888705 0.047912276 0.048113775 0.048167873 0.049469887 0.046995601 0.047138619 0.047667015 0.050159398 0.049313218 0.049619264 0.046962809 0.047676205 0.045727981 0.044502938 0.044924607 0.045358319 0.045991211 0.049401728 0.049042232 0.048291525 0.049794546 0.048296571 0.048128398 0.048614860 0.048590513 0.047664213 0.046128312 0.046762285 0.046983920 0.047445897 0.046706366 0.049120123 0.049517202 0.046094719 0.048176191 0.047698449 0.000000000 
