51
1     0.000000000 0.000169760 0.000052230 0.000344100 0.000265040 0.000858880 0.000835460 0.000521420 0.000504110 0.000504560 0.000614060 0.000598490 0.000615810 0.000807340 0.000598820 0.000593560 0.000639580 0.000857130 0.000528770 0.000567950 0.000588420 0.000535900 0.000565690 0.000672900 0.000551270 0.000520370 0.000576480 0.000563200 0.000547240 0.000574150 0.000517510 0.000820270 0.000821940 0.000652170 0.000582380 0.000779950 0.001022770 0.001102980 0.000920410 0.000859960 0.000900040 0.000912550 0.000907150 0.000966450 0.000924840 0.000763320 0.000805500 0.000647900 0.000757730 0.000800410 0.000804580 
5     0.000169760 0.000000000 0.000073470 0.000263280 0.000350300 0.001099930 0.001076510 0.000762470 0.000745160 0.000745610 0.000855110 0.000839540 0.000856860 0.000923870 0.000839870 0.000834610 0.000880630 0.001098180 0.000769820 0.000809000 0.000829470 0.000776950 0.000806740 0.000913950 0.000792320 0.000761420 0.000817530 0.000804250 0.000788290 0.000815200 0.000758560 0.001061320 0.001062990 0.000893220 0.000823430 0.001021000 0.001263820 0.001344030 0.001161460 0.001101010 0.001141090 0.001153600 0.001148200 0.001207500 0.001165890 0.001004370 0.001046550 0.000888950 0.000998780 0.001041460 0.001045630 
3     0.000052230 0.000073470 0.000000000 0.000214430 0.000361150 0.000954990 0.000931570 0.000617530 0.000600220 0.000600670 0.000710170 0.000694600 0.000711920 0.000903450 0.000694930 0.000689670 0.000735690 0.000953240 0.000624880 0.000664060 0.000684530 0.000632010 0.000661800 0.000769010 0.000647380 0.000616480 0.000672590 0.000659310 0.000643350 0.000670260 0.000613620 0.000916380 0.000918050 0.000748280 0.000678490 0.000876060 0.001118880 0.001199090 0.001016520 0.000956070 0.000996150 0.001008660 0.001003260 0.001062560 0.001020950 0.000859430 0.000901610 0.000744010 0.000853840 0.000896520 0.000900690 
4     0.000344100 0.000263280 0.000214430 0.000000000 0.000146360 0.000776020 0.000752600 0.000438560 0.000421250 0.000421700 0.000531200 0.000515630 0.000532950 0.000724480 0.000515960 0.000510700 0.000556720 0.000774270 0.000445910 0.000485090 0.000505560 0.000453040 0.000482830 0.000590040 0.000468410 0.000437510 0.000493620 0.000480340 0.000464380 0.000491290 0.000434650 0.000737410 0.000739080 0.000569310 0.000499520 0.000697090 0.000939910 0.001020120 0.000837550 0.000777100 0.000817180 0.000829690 0.000824290 0.000883590 0.000841980 0.000680460 0.000670370 0.000565040 0.000674870 0.000717550 0.000721720 
2     0.000265040 0.000350300 0.000361150 0.000146360 0.000000000 0.000696960 0.000673540 0.000359500 0.000342190 0.000342640 0.000452140 0.000436570 0.000453890 0.000645420 0.000436900 0.000431640 0.000477660 0.000695210 0.000366850 0.000406030 0.000426500 0.000373980 0.000403770 0.000510980 0.000389350 0.000358450 0.000414560 0.000401280 0.000385320 0.000412230 0.000355590 0.000658350 0.000660020 0.000490250 0.000420460 0.000618030 0.000860850 0.000941060 0.000758490 0.000698040 0.000738120 0.000750630 0.000745230 0.000804530 0.000762920 0.000529430 0.000575030 0.000485980 0.000595810 0.000638490 0.000402970 
34     0.000858880 0.001099930 0.000954990 0.000776020 0.000696960 0.000000000 0.000026750 0.000127880 0.000047780 0.000548560 0.000658060 0.000642490 0.000407430 0.000851340 0.000642820 0.000637560 0.000683580 0.000901130 0.000572770 0.000611950 0.000632420 0.000579900 0.000609690 0.000716900 0.000595270 0.000564370 0.000633180 0.000619900 0.000603940 0.000630850 0.000574210 0.000876970 0.000878640 0.000708870 0.000639080 0.000836650 0.001138850 0.001219060 0.001036490 0.000976040 0.001016120 0.001028630 0.001023230 0.001082530 0.001040920 0.000879400 0.000921580 0.000763980 0.000846350 0.000889030 0.000932320 
35     0.000835460 0.001076510 0.000931570 0.000752600 0.000673540 0.000026750 0.000000000 0.000398860 0.000396390 0.000457260 0.000634640 0.000619070 0.000636390 0.000827920 0.000619400 0.000614140 0.000660160 0.000877710 0.000549350 0.000588530 0.000609000 0.000556480 0.000586270 0.000693480 0.000571850 0.000540950 0.000609760 0.000596480 0.000580520 0.000607430 0.000550790 0.000853550 0.000855220 0.000685450 0.000615660 0.000813230 0.001115430 0.001195640 0.001013070 0.000952620 0.000992700 0.001005210 0.000999810 0.001059110 0.001017500 0.000855980 0.000898160 0.000740560 0.000822930 0.000865610 0.000908900 
39     0.000521420 0.000762470 0.000617530 0.000438560 0.000359500 0.000127880 0.000398860 0.000000000 0.000028670 0.000211100 0.000320600 0.000305030 0.000322350 0.000513880 0.000305360 0.000300100 0.000346120 0.000563670 0.000235310 0.000274490 0.000294960 0.000242440 0.000272230 0.000379440 0.000257810 0.000226910 0.000295720 0.000282440 0.000266480 0.000293390 0.000236750 0.000539510 0.000541180 0.000371410 0.000301620 0.000499190 0.000801390 0.000831110 0.000699030 0.000638580 0.000678660 0.000691170 0.000685770 0.000745070 0.000703460 0.000541940 0.000449360 0.000385770 0.000508890 0.000551570 0.000594860 
38     0.000504110 0.000745160 0.000600220 0.000421250 0.000342190 0.000047780 0.000396390 0.000028670 0.000000000 0.000193790 0.000303290 0.000287720 0.000305040 0.000496570 0.000288050 0.000282790 0.000328810 0.000546360 0.000218000 0.000257180 0.000277650 0.000225130 0.000254920 0.000362130 0.000240500 0.000209600 0.000278410 0.000265130 0.000249170 0.000276080 0.000219440 0.000522200 0.000523870 0.000354100 0.000284310 0.000481880 0.000784080 0.000864290 0.000681720 0.000621270 0.000661350 0.000673860 0.000668460 0.000727760 0.000686150 0.000524630 0.000396930 0.000333340 0.000491580 0.000534260 0.000577550 
45     0.000504560 0.000745610 0.000600670 0.000421700 0.000342640 0.000548560 0.000457260 0.000211100 0.000193790 0.000000000 0.000172600 0.000157030 0.000174350 0.000365880 0.000157360 0.000152100 0.000198120 0.000538010 0.000087310 0.000126490 0.000146960 0.000094440 0.000124230 0.000231440 0.000185250 0.000154350 0.000278860 0.000265580 0.000249620 0.000276530 0.000219890 0.000522650 0.000524320 0.000354550 0.000284760 0.000482330 0.000784530 0.000418780 0.000444920 0.000621720 0.000661800 0.000514120 0.000668910 0.000728210 0.000686600 0.000525080 0.000567260 0.000409660 0.000492030 0.000534710 0.000578000 
15     0.000614060 0.000855110 0.000710170 0.000531200 0.000452140 0.000658060 0.000634640 0.000320600 0.000303290 0.000172600 0.000000000 0.000019750 0.000030620 0.000132390 0.000219480 0.000214220 0.000260240 0.000184430 0.000162770 0.000201950 0.000222420 0.000191420 0.000221210 0.000328420 0.000294750 0.000263850 0.000388360 0.000375080 0.000359120 0.000386030 0.000329390 0.000632150 0.000633820 0.000464050 0.000394260 0.000591830 0.000894030 0.000974240 0.000791670 0.000731220 0.000771300 0.000783810 0.000778410 0.000837710 0.000796100 0.000634580 0.000676760 0.000519160 0.000601530 0.000644210 0.000687500 
47     0.000598490 0.000839540 0.000694600 0.000515630 0.000436570 0.000642490 0.000619070 0.000305030 0.000287720 0.000157030 0.000019750 0.000000000 0.000019860 0.000236830 0.000203910 0.000198650 0.000244670 0.000522460 0.000147200 0.000186380 0.000206850 0.000175850 0.000205640 0.000274720 0.000279180 0.000248280 0.000372790 0.000359510 0.000343550 0.000370460 0.000313820 0.000616580 0.000618250 0.000448480 0.000378690 0.000576260 0.000878460 0.000958670 0.000776100 0.000715650 0.000755730 0.000768240 0.000762840 0.000822140 0.000780530 0.000619010 0.000661190 0.000503590 0.000585960 0.000628640 0.000671930 
16     0.000615810 0.000856860 0.000711920 0.000532950 0.000453890 0.000407430 0.000636390 0.000322350 0.000305040 0.000174350 0.000030620 0.000019860 0.000000000 0.000056670 0.000221230 0.000001880 0.000261990 0.000066310 0.000164520 0.000203700 0.000224170 0.000193170 0.000222960 0.000330170 0.000296500 0.000265600 0.000390110 0.000376830 0.000360870 0.000387780 0.000331140 0.000633900 0.000635570 0.000465800 0.000396010 0.000593580 0.000895780 0.000975990 0.000793420 0.000732970 0.000773050 0.000785560 0.000780160 0.000839460 0.000797850 0.000636330 0.000678510 0.000520910 0.000603280 0.000645960 0.000689250 
29     0.000807340 0.000923870 0.000903450 0.000724480 0.000645420 0.000851340 0.000827920 0.000513880 0.000496570 0.000365880 0.000132390 0.000236830 0.000056670 0.000000000 0.000412760 0.000407500 0.000453520 0.000114500 0.000356050 0.000395230 0.000415700 0.000384700 0.000414490 0.000521700 0.000488030 0.000457130 0.000581640 0.000568360 0.000552400 0.000579310 0.000522670 0.000825430 0.000827100 0.000657330 0.000587540 0.000785110 0.001087310 0.001167520 0.000984950 0.000924500 0.000964580 0.000977090 0.000971690 0.001030990 0.000989380 0.000827860 0.000870040 0.000712440 0.000794810 0.000837490 0.000880780 
22     0.000598820 0.000839870 0.000694930 0.000515960 0.000436900 0.000642820 0.000619400 0.000305360 0.000288050 0.000157360 0.000219480 0.000203910 0.000221230 0.000412760 0.000000000 0.000054410 0.000110340 0.000582030 0.000147530 0.000186710 0.000207180 0.000176180 0.000205970 0.000313180 0.000279510 0.000248610 0.000373120 0.000359840 0.000343880 0.000370790 0.000314150 0.000616910 0.000618580 0.000448810 0.000379020 0.000576590 0.000878790 0.000959000 0.000776430 0.000715980 0.000756060 0.000768570 0.000763170 0.000822470 0.000780860 0.000619340 0.000661520 0.000503920 0.000586290 0.000628970 0.000672260 
28     0.000593560 0.000834610 0.000689670 0.000510700 0.000431640 0.000637560 0.000614140 0.000300100 0.000282790 0.000152100 0.000214220 0.000198650 0.000001880 0.000407500 0.000054410 0.000000000 0.000010230 0.000627010 0.000142270 0.000181450 0.000201920 0.000170920 0.000200710 0.000307920 0.000274250 0.000243350 0.000367860 0.000354580 0.000338620 0.000365530 0.000308890 0.000611650 0.000613320 0.000443550 0.000373760 0.000571330 0.000873530 0.000953740 0.000771170 0.000710720 0.000750800 0.000763310 0.000757910 0.000817210 0.000775600 0.000614080 0.000656260 0.000498660 0.000581030 0.000623710 0.000667000 
49     0.000639580 0.000880630 0.000735690 0.000556720 0.000477660 0.000683580 0.000660160 0.000346120 0.000328810 0.000198120 0.000260240 0.000244670 0.000261990 0.000453520 0.000110340 0.000010230 0.000000000 0.000465990 0.000188290 0.000227470 0.000220380 0.000216940 0.000246730 0.000353940 0.000320270 0.000289370 0.000413880 0.000400600 0.000384640 0.000411550 0.000354910 0.000657670 0.000659340 0.000489570 0.000419780 0.000617350 0.000919550 0.000999760 0.000817190 0.000756740 0.000796820 0.000809330 0.000803930 0.000863230 0.000821620 0.000660100 0.000702280 0.000544680 0.000627050 0.000669730 0.000713020 
30     0.000857130 0.001098180 0.000953240 0.000774270 0.000695210 0.000901130 0.000877710 0.000563670 0.000546360 0.000538010 0.000184430 0.000522460 0.000066310 0.000114500 0.000582030 0.000627010 0.000465990 0.000000000 0.000182880 0.000248730 0.000243450 0.000490310 0.000599140 0.000706350 0.000584720 0.000553820 0.000631430 0.000618150 0.000602190 0.000629100 0.000572460 0.000875220 0.000876890 0.000707120 0.000637330 0.000834900 0.001137100 0.001198540 0.001034740 0.000974290 0.001014370 0.001026880 0.001021480 0.001080780 0.001039170 0.000877650 0.000919830 0.000762230 0.000844600 0.000887280 0.000930570 
19     0.000528770 0.000769820 0.000624880 0.000445910 0.000366850 0.000572770 0.000549350 0.000235310 0.000218000 0.000087310 0.000162770 0.000147200 0.000164520 0.000356050 0.000147530 0.000142270 0.000188290 0.000182880 0.000000000 0.000105120 0.000125590 0.000106130 0.000135920 0.000243130 0.000209460 0.000178560 0.000303070 0.000289790 0.000273830 0.000300740 0.000244100 0.000546860 0.000548530 0.000378760 0.000308970 0.000506540 0.000808740 0.000888950 0.000706380 0.000645930 0.000686010 0.000698520 0.000693120 0.000752420 0.000710810 0.000549290 0.000591470 0.000433870 0.000516240 0.000558920 0.000602210 
17     0.000567950 0.000809000 0.000664060 0.000485090 0.000406030 0.000611950 0.000588530 0.000274490 0.000257180 0.000126490 0.000201950 0.000186380 0.000203700 0.000395230 0.000186710 0.000181450 0.000227470 0.000248730 0.000105120 0.000000000 0.000069860 0.000145310 0.000175100 0.000282310 0.000243820 0.000217740 0.000342250 0.000328970 0.000313010 0.000339920 0.000283280 0.000586040 0.000587710 0.000417940 0.000348150 0.000545720 0.000847920 0.000928130 0.000745560 0.000685110 0.000725190 0.000737700 0.000732300 0.000791600 0.000749990 0.000588470 0.000630650 0.000473050 0.000555420 0.000598100 0.000641390 
46     0.000588420 0.000829470 0.000684530 0.000505560 0.000426500 0.000632420 0.000609000 0.000294960 0.000277650 0.000146960 0.000222420 0.000206850 0.000224170 0.000415700 0.000207180 0.000201920 0.000220380 0.000243450 0.000125590 0.000069860 0.000000000 0.000165780 0.000195570 0.000302780 0.000269110 0.000238210 0.000362720 0.000349440 0.000333480 0.000360390 0.000303750 0.000606510 0.000608180 0.000438410 0.000368620 0.000566190 0.000868390 0.000877250 0.000766030 0.000705580 0.000745660 0.000758170 0.000752770 0.000812070 0.000770460 0.000608940 0.000651120 0.000493520 0.000575890 0.000618570 0.000661860 
8     0.000535900 0.000776950 0.000632010 0.000453040 0.000373980 0.000579900 0.000556480 0.000242440 0.000225130 0.000094440 0.000191420 0.000175850 0.000193170 0.000384700 0.000176180 0.000170920 0.000216940 0.000490310 0.000106130 0.000145310 0.000165780 0.000000000 0.000046390 0.000153600 0.000216590 0.000185690 0.000310200 0.000296920 0.000280960 0.000307870 0.000251230 0.000553990 0.000555660 0.000385890 0.000316100 0.000513670 0.000815870 0.000896080 0.000713510 0.000653060 0.000693140 0.000705650 0.000700250 0.000759550 0.000717940 0.000556420 0.000598600 0.000441000 0.000523370 0.000566050 0.000609340 
50     0.000565690 0.000806740 0.000661800 0.000482830 0.000403770 0.000609690 0.000586270 0.000272230 0.000254920 0.000124230 0.000221210 0.000205640 0.000222960 0.000414490 0.000205970 0.000200710 0.000246730 0.000599140 0.000135920 0.000175100 0.000195570 0.000046390 0.000000000 0.000010270 0.000246380 0.000215480 0.000339990 0.000326710 0.000310750 0.000337660 0.000281020 0.000583780 0.000585450 0.000415680 0.000345890 0.000543460 0.000845660 0.000925870 0.000743300 0.000682850 0.000722930 0.000735440 0.000730040 0.000789340 0.000747730 0.000586210 0.000628390 0.000470790 0.000553160 0.000595840 0.000639130 
36     0.000672900 0.000913950 0.000769010 0.000590040 0.000510980 0.000716900 0.000693480 0.000379440 0.000362130 0.000231440 0.000328420 0.000274720 0.000330170 0.000521700 0.000313180 0.000307920 0.000353940 0.000706350 0.000243130 0.000282310 0.000302780 0.000153600 0.000010270 0.000000000 0.000353590 0.000322690 0.000447200 0.000433920 0.000417960 0.000444870 0.000388230 0.000690990 0.000692660 0.000522890 0.000453100 0.000650670 0.000952870 0.001033080 0.000850510 0.000790060 0.000830140 0.000842650 0.000837250 0.000896550 0.000854940 0.000693420 0.000735600 0.000578000 0.000660370 0.000703050 0.000746340 
21     0.000551270 0.000792320 0.000647380 0.000468410 0.000389350 0.000595270 0.000571850 0.000257810 0.000240500 0.000185250 0.000294750 0.000279180 0.000296500 0.000488030 0.000279510 0.000274250 0.000320270 0.000584720 0.000209460 0.000243820 0.000269110 0.000216590 0.000246380 0.000353590 0.000000000 0.000020580 0.000325570 0.000312290 0.000296330 0.000323240 0.000266600 0.000569360 0.000571030 0.000401260 0.000331470 0.000529040 0.000831240 0.000911450 0.000728880 0.000668430 0.000708510 0.000721020 0.000715620 0.000774920 0.000733310 0.000571790 0.000613970 0.000456370 0.000538740 0.000581420 0.000624710 
48     0.000520370 0.000761420 0.000616480 0.000437510 0.000358450 0.000564370 0.000540950 0.000226910 0.000209600 0.000154350 0.000263850 0.000248280 0.000265600 0.000457130 0.000248610 0.000243350 0.000289370 0.000553820 0.000178560 0.000217740 0.000238210 0.000185690 0.000215480 0.000322690 0.000020580 0.000000000 0.000294670 0.000281390 0.000265430 0.000292340 0.000235700 0.000538460 0.000540130 0.000370360 0.000300570 0.000498140 0.000800340 0.000880550 0.000697980 0.000637530 0.000677610 0.000690120 0.000684720 0.000744020 0.000702410 0.000540890 0.000583070 0.000425470 0.000507840 0.000550520 0.000593810 
10     0.000576480 0.000817530 0.000672590 0.000493620 0.000414560 0.000633180 0.000609760 0.000295720 0.000278410 0.000278860 0.000388360 0.000372790 0.000390110 0.000581640 0.000373120 0.000367860 0.000413880 0.000631430 0.000303070 0.000342250 0.000362720 0.000310200 0.000339990 0.000447200 0.000325570 0.000294670 0.000000000 0.000126660 0.000052790 0.000134810 0.000097190 0.000551270 0.000552940 0.000304490 0.000234700 0.000432270 0.000856450 0.000556150 0.000754090 0.000693640 0.000733720 0.000746230 0.000740830 0.000800130 0.000758520 0.000597000 0.000639180 0.000481580 0.000563950 0.000606630 0.000649920 
32     0.000563200 0.000804250 0.000659310 0.000480340 0.000401280 0.000619900 0.000596480 0.000282440 0.000265130 0.000265580 0.000375080 0.000359510 0.000376830 0.000568360 0.000359840 0.000354580 0.000400600 0.000618150 0.000289790 0.000328970 0.000349440 0.000296920 0.000326710 0.000433920 0.000312290 0.000281390 0.000126660 0.000000000 0.000017690 0.000124330 0.000083910 0.000537990 0.000539660 0.000291210 0.000221420 0.000418990 0.000843170 0.000923380 0.000740810 0.000680360 0.000720440 0.000732950 0.000727550 0.000786850 0.000745240 0.000583720 0.000625900 0.000468300 0.000550670 0.000593350 0.000636640 
20     0.000547240 0.000788290 0.000643350 0.000464380 0.000385320 0.000603940 0.000580520 0.000266480 0.000249170 0.000249620 0.000359120 0.000343550 0.000360870 0.000552400 0.000343880 0.000338620 0.000384640 0.000602190 0.000273830 0.000313010 0.000333480 0.000280960 0.000310750 0.000417960 0.000296330 0.000265430 0.000052790 0.000017690 0.000000000 0.000063930 0.000038660 0.000522030 0.000523700 0.000275250 0.000205460 0.000403030 0.000827210 0.000907420 0.000724850 0.000664400 0.000704480 0.000716990 0.000711590 0.000770890 0.000729280 0.000567760 0.000609940 0.000452340 0.000534710 0.000577390 0.000620680 
24     0.000574150 0.000815200 0.000670260 0.000491290 0.000412230 0.000630850 0.000607430 0.000293390 0.000276080 0.000276530 0.000386030 0.000370460 0.000387780 0.000579310 0.000370790 0.000365530 0.000411550 0.000629100 0.000300740 0.000339920 0.000360390 0.000307870 0.000337660 0.000444870 0.000323240 0.000292340 0.000134810 0.000124330 0.000063930 0.000000000 0.000058920 0.000548940 0.000550610 0.000302160 0.000232370 0.000429940 0.000854120 0.000934330 0.000751760 0.000691310 0.000731390 0.000743900 0.000738500 0.000797800 0.000756190 0.000594670 0.000636850 0.000479250 0.000561620 0.000604300 0.000647590 
12     0.000517510 0.000758560 0.000613620 0.000434650 0.000355590 0.000574210 0.000550790 0.000236750 0.000219440 0.000219890 0.000329390 0.000313820 0.000331140 0.000522670 0.000314150 0.000308890 0.000354910 0.000572460 0.000244100 0.000283280 0.000303750 0.000251230 0.000281020 0.000388230 0.000266600 0.000235700 0.000097190 0.000083910 0.000038660 0.000058920 0.000000000 0.000492300 0.000493970 0.000245520 0.000175730 0.000373300 0.000797480 0.000877690 0.000695120 0.000634670 0.000674750 0.000687260 0.000681860 0.000741160 0.000699550 0.000538030 0.000580210 0.000422610 0.000504980 0.000547660 0.000590950 
41     0.000820270 0.001061320 0.000916380 0.000737410 0.000658350 0.000876970 0.000853550 0.000539510 0.000522200 0.000522650 0.000632150 0.000616580 0.000633900 0.000825430 0.000616910 0.000611650 0.000657670 0.000875220 0.000546860 0.000586040 0.000606510 0.000553990 0.000583780 0.000690990 0.000569360 0.000538460 0.000551270 0.000537990 0.000522030 0.000548940 0.000492300 0.000000000 0.000031200 0.000227920 0.000308020 0.000187000 0.001100240 0.001180450 0.000997880 0.000937430 0.000977510 0.000990020 0.000984620 0.001043920 0.001002310 0.000840790 0.000724770 0.000661180 0.000807740 0.000850420 0.000893710 
26     0.000821940 0.001062990 0.000918050 0.000739080 0.000660020 0.000878640 0.000855220 0.000541180 0.000523870 0.000524320 0.000633820 0.000618250 0.000635570 0.000827100 0.000618580 0.000613320 0.000659340 0.000876890 0.000548530 0.000587710 0.000608180 0.000555660 0.000585450 0.000692660 0.000571030 0.000540130 0.000552940 0.000539660 0.000523700 0.000550610 0.000493970 0.000031200 0.000000000 0.000195690 0.000530080 0.000340630 0.001101910 0.001182120 0.000999550 0.000939100 0.000979180 0.000991690 0.000986290 0.001045590 0.001003980 0.000842460 0.000884640 0.000727040 0.000809410 0.000852090 0.000895380 
18     0.000652170 0.000893220 0.000748280 0.000569310 0.000490250 0.000708870 0.000685450 0.000371410 0.000354100 0.000354550 0.000464050 0.000448480 0.000465800 0.000657330 0.000448810 0.000443550 0.000489570 0.000707120 0.000378760 0.000417940 0.000438410 0.000385890 0.000415680 0.000522890 0.000401260 0.000370360 0.000304490 0.000291210 0.000275250 0.000302160 0.000245520 0.000227920 0.000195690 0.000000000 0.000105830 0.000041890 0.000932140 0.001012350 0.000829780 0.000769330 0.000809410 0.000821920 0.000816520 0.000875820 0.000834210 0.000672690 0.000714870 0.000557270 0.000639640 0.000682320 0.000725610 
6     0.000582380 0.000823430 0.000678490 0.000499520 0.000420460 0.000639080 0.000615660 0.000301620 0.000284310 0.000284760 0.000394260 0.000378690 0.000396010 0.000587540 0.000379020 0.000373760 0.000419780 0.000637330 0.000308970 0.000348150 0.000368620 0.000316100 0.000345890 0.000453100 0.000331470 0.000300570 0.000234700 0.000221420 0.000205460 0.000232370 0.000175730 0.000308020 0.000530080 0.000105830 0.000000000 0.000007380 0.000862350 0.000942560 0.000759990 0.000699540 0.000739620 0.000752130 0.000746730 0.000806030 0.000764420 0.000602900 0.000645080 0.000487480 0.000569850 0.000612530 0.000655820 
7     0.000779950 0.001021000 0.000876060 0.000697090 0.000618030 0.000836650 0.000813230 0.000499190 0.000481880 0.000482330 0.000591830 0.000576260 0.000593580 0.000785110 0.000576590 0.000571330 0.000617350 0.000834900 0.000506540 0.000545720 0.000566190 0.000513670 0.000543460 0.000650670 0.000529040 0.000498140 0.000432270 0.000418990 0.000403030 0.000429940 0.000373300 0.000187000 0.000340630 0.000041890 0.000007380 0.000000000 0.001059920 0.001140130 0.000957560 0.000897110 0.000937190 0.000949700 0.000944300 0.001003600 0.000961990 0.000800470 0.000842440 0.000685050 0.000767420 0.000810100 0.000853390 
14     0.001022770 0.001263820 0.001118880 0.000939910 0.000860850 0.001138850 0.001115430 0.000801390 0.000784080 0.000784530 0.000894030 0.000878460 0.000895780 0.001087310 0.000878790 0.000873530 0.000919550 0.001137100 0.000808740 0.000847920 0.000868390 0.000815870 0.000845660 0.000952870 0.000831240 0.000800340 0.000856450 0.000843170 0.000827210 0.000854120 0.000797480 0.001100240 0.001101910 0.000932140 0.000862350 0.001059920 0.000000000 0.000212120 0.000042450 0.000117320 0.000187850 0.000218660 0.000259390 0.000318420 0.000210430 0.000778190 0.000820370 0.000662770 0.001037700 0.001080380 0.001096210 
43     0.001102980 0.001344030 0.001199090 0.001020120 0.000941060 0.001219060 0.001195640 0.000831110 0.000864290 0.000418780 0.000974240 0.000958670 0.000975990 0.001167520 0.000959000 0.000953740 0.000999760 0.001198540 0.000888950 0.000928130 0.000877250 0.000896080 0.000925870 0.001033080 0.000911450 0.000880550 0.000556150 0.000923380 0.000907420 0.000934330 0.000877690 0.001180450 0.001182120 0.001012350 0.000942560 0.001140130 0.000212120 0.000000000 0.000000820 0.000292140 0.000109640 0.000344730 0.000363990 0.000305360 0.000088260 0.000858400 0.000900580 0.000742980 0.001117910 0.001160590 0.001176420 
9     0.000920410 0.001161460 0.001016520 0.000837550 0.000758490 0.001036490 0.001013070 0.000699030 0.000681720 0.000444920 0.000791670 0.000776100 0.000793420 0.000984950 0.000776430 0.000771170 0.000817190 0.001034740 0.000706380 0.000745560 0.000766030 0.000713510 0.000743300 0.000850510 0.000728880 0.000697980 0.000754090 0.000740810 0.000724850 0.000751760 0.000695120 0.000997880 0.000999550 0.000829780 0.000759990 0.000957560 0.000042450 0.000000820 0.000000000 0.000134230 0.000174310 0.000186820 0.000133140 0.000240720 0.000150830 0.000675830 0.000718010 0.000560410 0.000935340 0.000978020 0.000993850 
11     0.000859960 0.001101010 0.000956070 0.000777100 0.000698040 0.000976040 0.000952620 0.000638580 0.000621270 0.000621720 0.000731220 0.000715650 0.000732970 0.000924500 0.000715980 0.000710720 0.000756740 0.000974290 0.000645930 0.000685110 0.000705580 0.000653060 0.000682850 0.000790060 0.000668430 0.000637530 0.000693640 0.000680360 0.000664400 0.000691310 0.000634670 0.000937430 0.000939100 0.000769330 0.000699540 0.000897110 0.000117320 0.000292140 0.000134230 0.000000000 0.000089120 0.000101630 0.000120970 0.000121890 0.000071830 0.000615380 0.000518120 0.000499960 0.000874890 0.000917570 0.000933400 
44     0.000900040 0.001141090 0.000996150 0.000817180 0.000738120 0.001016120 0.000992700 0.000678660 0.000661350 0.000661800 0.000771300 0.000755730 0.000773050 0.000964580 0.000756060 0.000750800 0.000796820 0.001014370 0.000686010 0.000725190 0.000745660 0.000693140 0.000722930 0.000830140 0.000708510 0.000677610 0.000733720 0.000720440 0.000704480 0.000731390 0.000674750 0.000977510 0.000979180 0.000809410 0.000739620 0.000937190 0.000187850 0.000109640 0.000174310 0.000089120 0.000000000 0.000043810 0.000161050 0.000018880 0.000063100 0.000655460 0.000697640 0.000540040 0.000914970 0.000957650 0.000973480 
13     0.000912550 0.001153600 0.001008660 0.000829690 0.000750630 0.001028630 0.001005210 0.000691170 0.000673860 0.000514120 0.000783810 0.000768240 0.000785560 0.000977090 0.000768570 0.000763310 0.000809330 0.001026880 0.000698520 0.000737700 0.000758170 0.000705650 0.000735440 0.000842650 0.000721020 0.000690120 0.000746230 0.000732950 0.000716990 0.000743900 0.000687260 0.000990020 0.000991690 0.000821920 0.000752130 0.000949700 0.000218660 0.000344730 0.000186820 0.000101630 0.000043810 0.000000000 0.000031770 0.000103700 0.000156630 0.000667970 0.000710150 0.000552550 0.000927480 0.000970160 0.000985990 
31     0.000907150 0.001148200 0.001003260 0.000824290 0.000745230 0.001023230 0.000999810 0.000685770 0.000668460 0.000668910 0.000778410 0.000762840 0.000780160 0.000971690 0.000763170 0.000757910 0.000803930 0.001021480 0.000693120 0.000732300 0.000752770 0.000700250 0.000730040 0.000837250 0.000715620 0.000684720 0.000740830 0.000727550 0.000711590 0.000738500 0.000681860 0.000984620 0.000986290 0.000816520 0.000746730 0.000944300 0.000259390 0.000363990 0.000133140 0.000120970 0.000161050 0.000031770 0.000000000 0.000013780 0.000064450 0.000662570 0.000704750 0.000547150 0.000805510 0.000964760 0.000980590 
23     0.000966450 0.001207500 0.001062560 0.000883590 0.000804530 0.001082530 0.001059110 0.000745070 0.000727760 0.000728210 0.000837710 0.000822140 0.000839460 0.001030990 0.000822470 0.000817210 0.000863230 0.001080780 0.000752420 0.000791600 0.000812070 0.000759550 0.000789340 0.000896550 0.000774920 0.000744020 0.000800130 0.000786850 0.000770890 0.000797800 0.000741160 0.001043920 0.001045590 0.000875820 0.000806030 0.001003600 0.000318420 0.000305360 0.000240720 0.000121890 0.000018880 0.000103700 0.000013780 0.000000000 0.000117150 0.000721870 0.000764050 0.000606450 0.000816830 0.001022960 0.001039890 
40     0.000924840 0.001165890 0.001020950 0.000841980 0.000762920 0.001040920 0.001017500 0.000703460 0.000686150 0.000686600 0.000796100 0.000780530 0.000797850 0.000989380 0.000780860 0.000775600 0.000821620 0.001039170 0.000710810 0.000749990 0.000770460 0.000717940 0.000747730 0.000854940 0.000733310 0.000702410 0.000758520 0.000745240 0.000729280 0.000756190 0.000699550 0.001002310 0.001003980 0.000834210 0.000764420 0.000961990 0.000210430 0.000088260 0.000150830 0.000071830 0.000063100 0.000156630 0.000064450 0.000117150 0.000000000 0.000680260 0.000722440 0.000564840 0.000939770 0.000982450 0.000998280 
25     0.000763320 0.001004370 0.000859430 0.000680460 0.000529430 0.000879400 0.000855980 0.000541940 0.000524630 0.000525080 0.000634580 0.000619010 0.000636330 0.000827860 0.000619340 0.000614080 0.000660100 0.000877650 0.000549290 0.000588470 0.000608940 0.000556420 0.000586210 0.000693420 0.000571790 0.000540890 0.000597000 0.000583720 0.000567760 0.000594670 0.000538030 0.000840790 0.000842460 0.000672690 0.000602900 0.000800470 0.000778190 0.000858400 0.000675830 0.000615380 0.000655460 0.000667970 0.000662570 0.000721870 0.000680260 0.000000000 0.000082650 0.000148000 0.000778250 0.000820930 0.000554720 
37     0.000805500 0.001046550 0.000901610 0.000670370 0.000575030 0.000921580 0.000898160 0.000449360 0.000396930 0.000567260 0.000676760 0.000661190 0.000678510 0.000870040 0.000661520 0.000656260 0.000702280 0.000919830 0.000591470 0.000630650 0.000651120 0.000598600 0.000628390 0.000735600 0.000613970 0.000583070 0.000639180 0.000625900 0.000609940 0.000636850 0.000580210 0.000724770 0.000884640 0.000714870 0.000645080 0.000842440 0.000820370 0.000900580 0.000718010 0.000518120 0.000697640 0.000710150 0.000704750 0.000764050 0.000722440 0.000082650 0.000000000 0.000077790 0.000820430 0.000863110 0.000600320 
42     0.000647900 0.000888950 0.000744010 0.000565040 0.000485980 0.000763980 0.000740560 0.000385770 0.000333340 0.000409660 0.000519160 0.000503590 0.000520910 0.000712440 0.000503920 0.000498660 0.000544680 0.000762230 0.000433870 0.000473050 0.000493520 0.000441000 0.000470790 0.000578000 0.000456370 0.000425470 0.000481580 0.000468300 0.000452340 0.000479250 0.000422610 0.000661180 0.000727040 0.000557270 0.000487480 0.000685050 0.000662770 0.000742980 0.000560410 0.000499960 0.000540040 0.000552550 0.000547150 0.000606450 0.000564840 0.000148000 0.000077790 0.000000000 0.000662830 0.000705510 0.000711790 
33     0.000757730 0.000998780 0.000853840 0.000674870 0.000595810 0.000846350 0.000822930 0.000508890 0.000491580 0.000492030 0.000601530 0.000585960 0.000603280 0.000794810 0.000586290 0.000581030 0.000627050 0.000844600 0.000516240 0.000555420 0.000575890 0.000523370 0.000553160 0.000660370 0.000538740 0.000507840 0.000563950 0.000550670 0.000534710 0.000561620 0.000504980 0.000807740 0.000809410 0.000639640 0.000569850 0.000767420 0.001037700 0.001117910 0.000935340 0.000874890 0.000914970 0.000927480 0.000805510 0.000816830 0.000939770 0.000778250 0.000820430 0.000662830 0.000000000 0.000036990 0.000831170 
27     0.000800410 0.001041460 0.000896520 0.000717550 0.000638490 0.000889030 0.000865610 0.000551570 0.000534260 0.000534710 0.000644210 0.000628640 0.000645960 0.000837490 0.000628970 0.000623710 0.000669730 0.000887280 0.000558920 0.000598100 0.000618570 0.000566050 0.000595840 0.000703050 0.000581420 0.000550520 0.000606630 0.000593350 0.000577390 0.000604300 0.000547660 0.000850420 0.000852090 0.000682320 0.000612530 0.000810100 0.001080380 0.001160590 0.000978020 0.000917570 0.000957650 0.000970160 0.000964760 0.001022960 0.000982450 0.000820930 0.000863110 0.000705510 0.000036990 0.000000000 0.000828050 
0     0.000804580 0.001045630 0.000900690 0.000721720 0.000402970 0.000932320 0.000908900 0.000594860 0.000577550 0.000578000 0.000687500 0.000671930 0.000689250 0.000880780 0.000672260 0.000667000 0.000713020 0.000930570 0.000602210 0.000641390 0.000661860 0.000609340 0.000639130 0.000746340 0.000624710 0.000593810 0.000649920 0.000636640 0.000620680 0.000647590 0.000590950 0.000893710 0.000895380 0.000725610 0.000655820 0.000853390 0.001096210 0.001176420 0.000993850 0.000933400 0.000973480 0.000985990 0.000980590 0.001039890 0.000998280 0.000554720 0.000600320 0.000711790 0.000831170 0.000828050 0.000000000 
