51
4     0.000000000 0.000027980 0.000052200 0.000349780 0.001939230 0.002132090 0.000202360 0.000182210 0.000435150 0.000520350 0.002592250 0.000585530 0.001596500 0.002671240 0.001063510 0.001971030 0.005350330 0.004322340 0.000082210 0.002064620 0.000755460 0.003155430 0.001608770 0.003496200 0.001704020 0.001276470 0.003446270 0.006267210 0.004473440 0.003684740 0.000660420 0.000660820 0.000860720 0.001277730 0.004255960 0.000649590 0.000708640 0.003560530 0.003464940 0.001538630 0.000368960 0.002173360 0.001864040 0.002655910 0.002249720 0.001286180 0.000169720 0.000172690 0.000045900 0.001371470 0.001026330 
3     0.000027980 0.000000000 0.000126970 0.000302510 0.002993880 0.001547640 0.000713830 0.000541410 0.002132420 0.000517700 0.002567510 0.000536270 0.002029080 0.000758230 0.001585310 0.001909210 0.002312100 0.001139350 0.000519350 0.000207540 0.000324850 0.003518720 0.001329690 0.002317610 0.001318660 0.000565640 0.001317430 0.007237970 0.000882430 0.001697200 0.001324260 0.001324660 0.001053310 0.000648840 0.002150270 0.001414050 0.001354880 0.002348850 0.001811890 0.003030520 0.001156250 0.003161350 0.000362770 0.002794040 0.003020590 0.000930100 0.000324460 0.000782500 0.000675360 0.001178540 0.001524040 
1     0.000052200 0.000126970 0.000000000 0.000305880 0.001890640 0.001021700 0.001543020 0.000248750 0.001838230 0.006213620 0.002943100 0.005777430 0.001833860 0.001564800 0.000702330 0.003227780 0.003517560 0.003774590 0.002999640 0.001745280 0.000633110 0.001888490 0.001599990 0.003425150 0.004734240 0.001153590 0.002998800 0.007796090 0.000554800 0.003742460 0.006860410 0.006828820 0.004245590 0.003893510 0.006184280 0.006319130 0.004779160 0.002738930 0.004851090 0.003816620 0.008246240 0.003442970 0.001071360 0.003246860 0.001563540 0.003066530 0.005659680 0.004248570 0.002585720 0.001182810 0.001559740 
2     0.000349780 0.000302510 0.000305880 0.000000000 0.001454680 0.002253460 0.001902350 0.001549360 0.002414650 0.002676650 0.001674650 0.005456830 0.004997060 0.002546650 0.002542170 0.003449690 0.002830860 0.001658110 0.004252980 0.002972010 0.001085890 0.004985420 0.001292460 0.001879880 0.002791150 0.002470590 0.001836190 0.006946700 0.004726720 0.006085400 0.002139080 0.002139480 0.000977790 0.000663910 0.003121410 0.001122100 0.002285010 0.006000750 0.001908230 0.002405070 0.005796600 0.002766520 0.001700220 0.004496210 0.002503000 0.003269630 0.001648380 0.001651350 0.001524560 0.002332740 0.001296430 
15     0.001939230 0.002993880 0.001890640 0.001454680 0.000000000 0.000374120 0.000217870 0.000566990 0.000373650 0.002259060 0.003438180 0.006627120 0.001451940 0.000691940 0.000287940 0.000945480 0.005158080 0.006207510 0.001207260 0.003509580 0.002251110 0.001196650 0.001279110 0.003157530 0.003137570 0.001814780 0.005808950 0.006694660 0.003317050 0.001370540 0.004096680 0.001338170 0.003085020 0.002984400 0.000602480 0.006428480 0.001254250 0.004015300 0.000806590 0.001498300 0.006030100 0.000673290 0.000767020 0.002328020 0.007097320 0.004787950 0.003195460 0.003608950 0.000647080 0.003270430 0.001896070 
6     0.002132090 0.001547640 0.001021700 0.002253460 0.000374120 0.000000000 0.000977420 0.000883640 0.000454020 0.001732160 0.004382090 0.001407260 0.000284430 0.001081820 0.001032770 0.001347580 0.000913830 0.002177970 0.001364590 0.001305620 0.001266620 0.000910520 0.003424250 0.002050220 0.003397060 0.001484950 0.004587630 0.007647230 0.001226070 0.001317980 0.002782670 0.001682040 0.000507660 0.001427210 0.003213440 0.001027750 0.002976080 0.005082440 0.000767790 0.002381800 0.004347180 0.001172780 0.001978290 0.004345500 0.004087390 0.002644090 0.001171010 0.000163070 0.001492150 0.002448720 0.000383020 
9     0.000202360 0.000713830 0.001543020 0.001902350 0.000217870 0.000977420 0.000000000 0.000160600 0.000172500 0.001626450 0.003157750 0.001773490 0.000346160 0.000699160 0.001649550 0.001636970 0.002317770 0.001539740 0.001069210 0.001075170 0.000316660 0.000576420 0.001199440 0.002332720 0.002197350 0.000737010 0.003385310 0.006249430 0.003579770 0.003902060 0.003273150 0.001651720 0.000561750 0.000450290 0.000401330 0.000400480 0.001632730 0.001497580 0.000786510 0.001280780 0.001183350 0.001928140 0.000229120 0.004479850 0.000184880 0.002764550 0.001376880 0.002785420 0.001576030 0.000335460 0.002213840 
37     0.000182210 0.000541410 0.000248750 0.001549360 0.000566990 0.000883640 0.000160600 0.000000000 0.000021840 0.000868420 0.000757190 0.000297710 0.000283830 0.000422380 0.000386720 0.001344330 0.001677500 0.001690350 0.000095640 0.000321110 0.000052260 0.003179310 0.001584290 0.001699310 0.001751480 0.000640230 0.000561730 0.000555630 0.002507310 0.000302290 0.003957600 0.000124600 0.002518050 0.000129250 0.000035510 0.001052730 0.000100930 0.001960190 0.000419420 0.000339280 0.001070880 0.000955640 0.000495390 0.002107920 0.001339180 0.000618840 0.000115640 0.000376320 0.000101480 0.000041770 0.001409270 
27     0.000435150 0.002132420 0.001838230 0.002414650 0.000373650 0.000454020 0.000172500 0.000021840 0.000000000 0.000850970 0.000758770 0.000393250 0.001841910 0.002109730 0.002250450 0.003164740 0.003754260 0.003321200 0.000358430 0.002181080 0.000782700 0.001020310 0.003540570 0.005184090 0.004763830 0.000967680 0.002289520 0.007733820 0.001336730 0.005012990 0.001548970 0.001228580 0.001812710 0.002636210 0.000254290 0.001804400 0.004531770 0.003946880 0.002253840 0.003026820 0.002978370 0.003410160 0.001149180 0.008138330 0.001650140 0.000595270 0.002517710 0.003557650 0.001912750 0.000151780 0.003249220 
48     0.000520350 0.000517700 0.006213620 0.002676650 0.002259060 0.001732160 0.001626450 0.000868420 0.000850970 0.000000000 0.002925520 0.001696790 0.002726720 0.002430550 0.003501910 0.003139790 0.004376350 0.003203600 0.002358320 0.006621610 0.000896540 0.003631980 0.001211860 0.002588960 0.002588020 0.000250320 0.003381680 0.002366300 0.010566390 0.004800320 0.001729670 0.004568510 0.001195260 0.003082310 0.001913600 0.002504240 0.003772010 0.007730480 0.009233580 0.002381640 0.002909030 0.003019910 0.000784820 0.006021970 0.005132140 0.002731910 0.004531300 0.004184320 0.001053900 0.009429260 0.002732450 
35     0.002592250 0.002567510 0.002943100 0.001674650 0.003438180 0.004382090 0.003157750 0.000757190 0.000758770 0.002925520 0.000000000 0.002412040 0.002450960 0.001439340 0.001131460 0.003801740 0.004682030 0.008086320 0.004744910 0.001959910 0.001226700 0.001493490 0.000871450 0.001619960 0.001695490 0.001713460 0.009185670 0.009893630 0.003490780 0.007675930 0.009192190 0.014835720 0.001329860 0.001416330 0.004362060 0.003917570 0.003417120 0.009332110 0.003648650 0.000434490 0.003148200 0.004531930 0.002228900 0.010288000 0.007418730 0.000682060 0.001210030 0.001153390 0.001101620 0.000927050 0.004668830 
8     0.000585530 0.000536270 0.005777430 0.005456830 0.006627120 0.001407260 0.001773490 0.000297710 0.000393250 0.001696790 0.002412040 0.000000000 0.000328360 0.001219530 0.002447730 0.000762170 0.003775500 0.002877090 0.001306920 0.000997960 0.000715850 0.003105290 0.002556450 0.001390360 0.001519830 0.001391050 0.001069050 0.005727380 0.001514380 0.001966130 0.001276210 0.000702790 0.002028110 0.001958230 0.000832720 0.002817380 0.010672610 0.000776920 0.004374720 0.003282320 0.004918280 0.002326610 0.002486600 0.005740480 0.007961200 0.000055380 0.002259180 0.002140180 0.000456840 0.003203280 0.002875000 
42     0.001596500 0.002029080 0.001833860 0.004997060 0.001451940 0.000284430 0.000346160 0.000283830 0.001841910 0.002726720 0.002450960 0.000328360 0.000000000 0.000076690 0.002297580 0.001244830 0.001527280 0.000781780 0.000390980 0.000707460 0.000225090 0.000327530 0.001697030 0.000644120 0.000415380 0.001478280 0.001488180 0.005973760 0.000728310 0.001997480 0.004165680 0.000228530 0.000662590 0.000525520 0.001811650 0.004282730 0.001219300 0.001709320 0.001228060 0.001634300 0.004627490 0.001619310 0.000326160 0.001318670 0.004275880 0.001249650 0.003652760 0.000482250 0.000067580 0.001246280 0.000834980 
25     0.002671240 0.000758230 0.001564800 0.002546650 0.000691940 0.001081820 0.000699160 0.000422380 0.002109730 0.002430550 0.001439340 0.001219530 0.000076690 0.000000000 0.000397720 0.000705060 0.001462450 0.001381350 0.000220740 0.000149200 0.000359260 0.001214000 0.001063900 0.000832330 0.001680830 0.000920080 0.001393680 0.008227780 0.003385370 0.000817090 0.002025630 0.002849730 0.003474870 0.000396110 0.002364950 0.001710240 0.001303600 0.001089660 0.001897060 0.000686570 0.001718350 0.001804030 0.002942600 0.000760120 0.001499830 0.000380260 0.003381190 0.002342720 0.000721930 0.002040320 0.000264030 
28     0.001063510 0.001585310 0.000702330 0.002542170 0.000287940 0.001032770 0.001649550 0.000386720 0.002250450 0.003501910 0.001131460 0.002447730 0.002297580 0.000397720 0.000000000 0.000732940 0.003770560 0.000211460 0.000813810 0.000693230 0.001122340 0.003109770 0.003009290 0.008148350 0.008109440 0.001724870 0.003682720 0.001756520 0.006767290 0.005327320 0.001714090 0.001714490 0.004429320 0.003933370 0.002245190 0.000980940 0.006612080 0.004276450 0.006047560 0.005107350 0.007160940 0.006485020 0.003102740 0.004071220 0.002995800 0.003469320 0.001176820 0.000985860 0.000857360 0.002430200 0.001689170 
26     0.001971030 0.001909210 0.003227780 0.003449690 0.000945480 0.001347580 0.001636970 0.001344330 0.003164740 0.003139790 0.003801740 0.000762170 0.001244830 0.000705060 0.000732940 0.000000000 0.000095130 0.000784840 0.001288400 0.000300330 0.002014680 0.000952180 0.001228350 0.000967690 0.001041910 0.001236590 0.004541830 0.006320580 0.000545980 0.003015610 0.000356080 0.001658300 0.002940380 0.001960360 0.002395780 0.000613010 0.001593180 0.004286850 0.005133840 0.000588590 0.004492740 0.000692640 0.003488740 0.002012960 0.001661660 0.001775650 0.002130910 0.002133880 0.000166220 0.003171810 0.002992580 
46     0.005350330 0.002312100 0.003517560 0.002830860 0.005158080 0.000913830 0.002317770 0.001677500 0.003754260 0.004376350 0.004682030 0.003775500 0.001527280 0.001462450 0.003770560 0.000095130 0.000000000 0.000005980 0.000294680 0.003141550 0.000518240 0.010013510 0.003152400 0.002833100 0.002700120 0.002176300 0.003259770 0.004334120 0.009004060 0.001722600 0.004343690 0.001105490 0.002429800 0.002840850 0.002111150 0.004522280 0.001320470 0.003332920 0.005445590 0.005438570 0.002896980 0.003544770 0.002952510 0.006524340 0.007259070 0.006150030 0.001656050 0.001775820 0.000610280 0.006939470 0.004922100 
47     0.004322340 0.001139350 0.003774590 0.001658110 0.006207510 0.002177970 0.001539740 0.001690350 0.003321200 0.003203600 0.008086320 0.002877090 0.000781780 0.001381350 0.000211460 0.000784840 0.000005980 0.000000000 0.001567820 0.002459500 0.000337750 0.008879270 0.003354460 0.001946570 0.001813590 0.001995810 0.002087020 0.001632940 0.012111860 0.002194440 0.003513680 0.003007870 0.002882480 0.002385510 0.003159410 0.004756910 0.001322680 0.003219470 0.005046130 0.004265820 0.003028350 0.003072900 0.001636980 0.006327620 0.005374340 0.005978560 0.005565030 0.005682130 0.001002100 0.007215420 0.004395570 
44     0.000082210 0.000519350 0.002999640 0.004252980 0.001207260 0.001364590 0.001069210 0.000095640 0.000358430 0.002358320 0.004744910 0.001306920 0.000390980 0.000220740 0.000813810 0.001288400 0.000294680 0.001567820 0.000000000 0.000247930 0.001230750 0.000887380 0.000553150 0.002734330 0.000745190 0.001031040 0.001992800 0.000473040 0.001109070 0.001164010 0.003829660 0.000259510 0.001194890 0.001917700 0.000303720 0.004164630 0.002399510 0.003177970 0.001455330 0.004742730 0.007155880 0.002506620 0.000191130 0.001441750 0.005555390 0.000265980 0.002242180 0.001536830 0.001186420 0.002077070 0.001018880 
23     0.002064620 0.000207540 0.001745280 0.002972010 0.003509580 0.001305620 0.001075170 0.000321110 0.002181080 0.006621610 0.001959910 0.000997960 0.000707460 0.000149200 0.000693230 0.000300330 0.003141550 0.002459500 0.000247930 0.000000000 0.000973260 0.000786060 0.002656950 0.000943130 0.000879320 0.000017380 0.003001810 0.000491070 0.001583790 0.000424020 0.007409270 0.000337340 0.000810770 0.000382550 0.000970730 0.001713470 0.004964840 0.004599230 0.001918320 0.003862960 0.004848500 0.002851370 0.002252770 0.001395880 0.000755930 0.002154160 0.002328310 0.002738800 0.000468320 0.002608620 0.001510460 
19     0.000755460 0.000324850 0.000633110 0.001085890 0.002251110 0.001266620 0.000316660 0.000052260 0.000782700 0.000896540 0.001226700 0.000715850 0.000225090 0.000359260 0.001122340 0.002014680 0.000518240 0.000337750 0.001230750 0.000973260 0.000000000 0.000411460 0.001203060 0.002646190 0.002045700 0.000392830 0.001028080 0.003045570 0.001177290 0.000421400 0.002573940 0.004363520 0.001669390 0.001966920 0.002152540 0.000074010 0.000492200 0.003320750 0.001804110 0.001343210 0.001350690 0.001855300 0.000795090 0.003661950 0.002168110 0.001574950 0.001380050 0.000130480 0.000069670 0.000481860 0.000673850 
41     0.003155430 0.003518720 0.001888490 0.004985420 0.001196650 0.000910520 0.000576420 0.003179310 0.001020310 0.003631980 0.001493490 0.003105290 0.000327530 0.001214000 0.003109770 0.000952180 0.010013510 0.008879270 0.000887380 0.000786060 0.000411460 0.000000000 0.000010110 0.000658120 0.000573670 0.000301350 0.000454390 0.003799830 0.002237750 0.005237170 0.006860090 0.000680180 0.000956400 0.000514010 0.003439070 0.002582260 0.000556750 0.000806390 0.001601150 0.001580380 0.001214310 0.004155390 0.001149420 0.000426560 0.002432980 0.005878700 0.000599690 0.000664300 0.000413490 0.001519550 0.000984690 
17     0.001608770 0.001329690 0.001599990 0.001292460 0.001279110 0.003424250 0.001199440 0.001584290 0.003540570 0.001211860 0.000871450 0.002556450 0.001697030 0.001063900 0.003009290 0.001228350 0.003152400 0.003354460 0.000553150 0.002656950 0.001203060 0.000010110 0.000000000 0.000635150 0.000554140 0.000101810 0.000887050 0.004928040 0.002255910 0.002431030 0.008878450 0.000600470 0.000312740 0.000557050 0.001080430 0.001645050 0.004975110 0.000694650 0.002333490 0.006637150 0.001064530 0.005087180 0.001629160 0.006525930 0.001774950 0.001303040 0.001975630 0.000049170 0.001340090 0.004244680 0.002451650 
34     0.003496200 0.002317610 0.003425150 0.001879880 0.003157530 0.002050220 0.002332720 0.001699310 0.005184090 0.002588960 0.001619960 0.001390360 0.000644120 0.000832330 0.008148350 0.000967690 0.002833100 0.001946570 0.002734330 0.000943130 0.002646190 0.000658120 0.000635150 0.000000000 0.000003980 0.001507540 0.002952960 0.002176960 0.001928360 0.005808480 0.008486880 0.003919110 0.004001660 0.005688380 0.000519030 0.004025320 0.001635270 0.001963830 0.001941920 0.001436150 0.004873900 0.003794250 0.004294540 0.011234730 0.005119430 0.001269820 0.002845630 0.002871660 0.001634400 0.000554210 0.000261050 
32     0.001704020 0.001318660 0.004734240 0.002791150 0.003137570 0.003397060 0.002197350 0.001751480 0.004763830 0.002588020 0.001695490 0.001519830 0.000415380 0.001680830 0.008109440 0.001041910 0.002700120 0.001813590 0.000745190 0.000879320 0.002045700 0.000573670 0.000554140 0.000003980 0.000000000 0.001359430 0.003107080 0.006915620 0.001282650 0.003062530 0.008338770 0.003771000 0.004304860 0.005388330 0.000551680 0.003812910 0.001737030 0.002499630 0.001793810 0.001173330 0.004789450 0.003142950 0.004359500 0.002894960 0.003155030 0.002948920 0.001789290 0.001815320 0.000578060 0.001829200 0.000171090 
30     0.001276470 0.000565640 0.001153590 0.002470590 0.001814780 0.001484950 0.000737010 0.000640230 0.000967680 0.000250320 0.001713460 0.001391050 0.001478280 0.000920080 0.001724870 0.001236590 0.002176300 0.001995810 0.001031040 0.000017380 0.000392830 0.000301350 0.000101810 0.001507540 0.001359430 0.000000000 0.000103850 0.000751830 0.000317480 0.000695990 0.002589730 0.002616500 0.000318220 0.000588240 0.000613150 0.000999790 0.000511180 0.001196240 0.000842550 0.000186170 0.000295900 0.001607090 0.001635210 0.003018730 0.000774390 0.000230410 0.000234900 0.001201710 0.000152710 0.000825600 0.001032380 
39     0.003446270 0.001317430 0.002998800 0.001836190 0.005808950 0.004587630 0.003385310 0.000561730 0.002289520 0.003381680 0.009185670 0.001069050 0.001488180 0.001393680 0.003682720 0.004541830 0.003259770 0.002087020 0.001992800 0.003001810 0.001028080 0.000454390 0.000887050 0.002952960 0.003107080 0.000103850 0.000000000 0.000098770 0.002120130 0.005400800 0.000274300 0.000344330 0.001784040 0.001857990 0.001907830 0.002166180 0.002342300 0.001461690 0.003007110 0.003240270 0.002332440 0.002797400 0.001205380 0.002919860 0.003742290 0.000276210 0.003889990 0.003305120 0.000373510 0.004409620 0.001303610 
50     0.006267210 0.007237970 0.007796090 0.006946700 0.006694660 0.007647230 0.006249430 0.000555630 0.007733820 0.002366300 0.009893630 0.005727380 0.005973760 0.008227780 0.001756520 0.006320580 0.004334120 0.001632940 0.000473040 0.000491070 0.003045570 0.003799830 0.004928040 0.002176960 0.006915620 0.000751830 0.000098770 0.000000000 0.000843120 0.009706310 0.010491250 0.008237550 0.001609440 0.001364500 0.001051710 0.005849330 0.005079800 0.004306730 0.008123320 0.009449700 0.003433820 0.002896170 0.002174560 0.004373180 0.002794610 0.003448360 0.006537110 0.003778790 0.002019490 0.007694420 0.003438110 
38     0.004473440 0.000882430 0.000554800 0.004726720 0.003317050 0.001226070 0.003579770 0.002507310 0.001336730 0.010566390 0.003490780 0.001514380 0.000728310 0.003385370 0.006767290 0.000545980 0.009004060 0.012111860 0.001109070 0.001583790 0.001177290 0.002237750 0.002255910 0.001928360 0.001282650 0.000317480 0.002120130 0.000843120 0.000000000 0.005139680 0.009361420 0.007678060 0.004202560 0.001781480 0.004177110 0.005066660 0.002888250 0.008334910 0.000707720 0.004767730 0.004931130 0.004600670 0.004882610 0.004310240 0.000860630 0.003999590 0.004479970 0.001380220 0.001748780 0.002494470 0.001601730 
11     0.003684740 0.001697200 0.003742460 0.006085400 0.001370540 0.001317980 0.003902060 0.000302290 0.005012990 0.004800320 0.007675930 0.001966130 0.001997480 0.000817090 0.005327320 0.003015610 0.001722600 0.002194440 0.001164010 0.000424020 0.000421400 0.005237170 0.002431030 0.005808480 0.003062530 0.000695990 0.005400800 0.009706310 0.005139680 0.000000000 0.008982330 0.008145320 0.002121810 0.001394670 0.001641760 0.004335990 0.002063260 0.001030480 0.005991000 0.004444950 0.005540750 0.002903350 0.000177560 0.000936340 0.005719820 0.002280310 0.003060790 0.007231610 0.000626760 0.005549560 0.003944610 
20     0.000660420 0.001324260 0.006860410 0.002139080 0.004096680 0.002782670 0.003273150 0.003957600 0.001548970 0.001729670 0.009192190 0.001276210 0.004165680 0.002025630 0.001714090 0.000356080 0.004343690 0.003513680 0.003829660 0.007409270 0.002573940 0.006860090 0.008878450 0.008486880 0.008338770 0.002589730 0.000274300 0.010491250 0.009361420 0.008982330 0.000000000 0.000002040 0.003319790 0.003835390 0.000949410 0.002757420 0.008218690 0.009161980 0.008456160 0.002037820 0.000566880 0.003031000 0.003839160 0.003599810 0.002064620 0.003062930 0.000817000 0.000819970 0.000693180 0.002027110 0.001681970 
33     0.000660820 0.001324660 0.006828820 0.002139480 0.001338170 0.001682040 0.001651720 0.000124600 0.001228580 0.004568510 0.014835720 0.000702790 0.000228530 0.002849730 0.001714490 0.001658300 0.001105490 0.003007870 0.000259510 0.000337340 0.004363520 0.000680180 0.000600470 0.003919110 0.003771000 0.002616500 0.000344330 0.008237550 0.007678060 0.008145320 0.000002040 0.000000000 0.003578130 0.004093730 0.002614290 0.006798080 0.001140020 0.004594210 0.003888390 0.003529520 0.010522070 0.006923500 0.003535500 0.001004760 0.004418790 0.001246830 0.000817400 0.000820370 0.000034240 0.002027510 0.000637360 
18     0.000860720 0.001053310 0.004245590 0.000977790 0.003085020 0.000507660 0.000561750 0.002518050 0.001812710 0.001195260 0.001329860 0.002028110 0.000662590 0.003474870 0.004429320 0.002940380 0.002429800 0.002882480 0.001194890 0.000810770 0.001669390 0.000956400 0.000312740 0.004001660 0.004304860 0.000318220 0.001784040 0.001609440 0.004202560 0.002121810 0.003319790 0.003578130 0.000000000 0.000099190 0.000080010 0.000140090 0.000079430 0.001534070 0.002243290 0.001034230 0.004823230 0.001167190 0.003071660 0.002515080 0.000320330 0.002024620 0.001871090 0.001427900 0.000856030 0.006019490 0.002513520 
7     0.001277730 0.000648840 0.003893510 0.000663910 0.002984400 0.001427210 0.000450290 0.000129250 0.002636210 0.003082310 0.001416330 0.001958230 0.000525520 0.000396110 0.003933370 0.001960360 0.002840850 0.002385510 0.001917700 0.000382550 0.001966920 0.000514010 0.000557050 0.005688380 0.005388330 0.000588240 0.001857990 0.001364500 0.001781480 0.001394670 0.003835390 0.004093730 0.000099190 0.000000000 0.000001520 0.000225930 0.000538380 0.001141120 0.000152570 0.002603880 0.003110230 0.003720030 0.002959640 0.002194040 0.004061080 0.000929400 0.002802410 0.002792240 0.001113000 0.005354920 0.000739950 
10     0.004255960 0.002150270 0.006184280 0.003121410 0.000602480 0.003213440 0.000401330 0.000035510 0.000254290 0.001913600 0.004362060 0.000832720 0.001811650 0.002364950 0.002245190 0.002395780 0.002111150 0.003159410 0.000303720 0.000970730 0.002152540 0.003439070 0.001080430 0.000519030 0.000551680 0.000613150 0.001907830 0.001051710 0.004177110 0.001641760 0.000949410 0.002614290 0.000080010 0.000001520 0.000000000 0.000417580 0.000005400 0.002853280 0.001479200 0.003255650 0.003959050 0.004236930 0.002002180 0.005930600 0.000299590 0.001441500 0.003134750 0.002605400 0.000897770 0.001254930 0.003192940 
43     0.000649590 0.001414050 0.006319130 0.001122100 0.006428480 0.001027750 0.000400480 0.001052730 0.001804400 0.002504240 0.003917570 0.002817380 0.004282730 0.001710240 0.000980940 0.000613010 0.004522280 0.004756910 0.004164630 0.001713470 0.000074010 0.002582260 0.001645050 0.004025320 0.003812910 0.000999790 0.002166180 0.005849330 0.005066660 0.004335990 0.002757420 0.006798080 0.000140090 0.000225930 0.000417580 0.000000000 0.000006930 0.000411160 0.000978340 0.002750810 0.005534470 0.000184680 0.000536850 0.002400940 0.002734210 0.000761770 0.002778230 0.001661520 0.000624540 0.003322150 0.001443470 
13     0.000708640 0.001354880 0.004779160 0.002285010 0.001254250 0.002976080 0.001632730 0.000100930 0.004531770 0.003772010 0.003417120 0.010672610 0.001219300 0.001303600 0.006612080 0.001593180 0.001320470 0.001322680 0.002399510 0.004964840 0.000492200 0.000556750 0.004975110 0.001635270 0.001737030 0.000511180 0.002342300 0.005079800 0.002888250 0.002063260 0.008218690 0.001140020 0.000079430 0.000538380 0.000005400 0.000006930 0.000000000 0.001103910 0.001503900 0.002650530 0.003774060 0.000877670 0.001916130 0.005253810 0.002685670 0.001909640 0.005043620 0.005278580 0.000644640 0.000803160 0.003313560 
31     0.003560530 0.002348850 0.002738930 0.006000750 0.004015300 0.005082440 0.001497580 0.001960190 0.003946880 0.007730480 0.009332110 0.000776920 0.001709320 0.001089660 0.004276450 0.004286850 0.003332920 0.003219470 0.003177970 0.004599230 0.003320750 0.000806390 0.000694650 0.001963830 0.002499630 0.001196240 0.001461690 0.004306730 0.008334910 0.001030480 0.009161980 0.004594210 0.001534070 0.001141120 0.002853280 0.000411160 0.001103910 0.000000000 0.001728110 0.001988230 0.002613120 0.000590480 0.000600730 0.013545980 0.000283610 0.000661190 0.000839940 0.000334670 0.000558670 0.010816590 0.001115850 
21     0.003464940 0.001811890 0.004851090 0.001908230 0.000806590 0.000767790 0.000786510 0.000419420 0.002253840 0.009233580 0.003648650 0.004374720 0.001228060 0.001897060 0.006047560 0.005133840 0.005445590 0.005046130 0.001455330 0.001918320 0.001804110 0.001601150 0.002333490 0.001941920 0.001793810 0.000842550 0.003007110 0.008123320 0.000707720 0.005991000 0.008456160 0.003888390 0.002243290 0.000152570 0.001479200 0.000978340 0.001503900 0.001728110 0.000000000 0.000996900 0.004590080 0.000856920 0.005479950 0.003449830 0.007546380 0.002115890 0.003510860 0.003652340 0.001929100 0.001991880 0.000304540 
49     0.001538630 0.003030520 0.003816620 0.002405070 0.001498300 0.002381800 0.001280780 0.000339280 0.003026820 0.002381640 0.000434490 0.003282320 0.001634300 0.000686570 0.005107350 0.000588590 0.005438570 0.004265820 0.004742730 0.003862960 0.001343210 0.001580380 0.006637150 0.001436150 0.001173330 0.000186170 0.003240270 0.009449700 0.004767730 0.004444950 0.002037820 0.003529520 0.001034230 0.002603880 0.003255650 0.002750810 0.002650530 0.001988230 0.000996900 0.000000000 0.004113720 0.002681850 0.000848430 0.002016920 0.002881410 0.002743470 0.002764090 0.000476430 0.000468680 0.003362960 0.005322020 
16     0.000368960 0.001156250 0.008246240 0.005796600 0.006030100 0.004347180 0.001183350 0.001070880 0.002978370 0.002909030 0.003148200 0.004918280 0.004627490 0.001718350 0.007160940 0.004492740 0.002896980 0.003028350 0.007155880 0.004848500 0.001350690 0.001214310 0.001064530 0.004873900 0.004789450 0.000295900 0.002332440 0.003433820 0.004931130 0.005540750 0.000566880 0.010522070 0.004823230 0.003110230 0.003959050 0.005534470 0.003774060 0.002613120 0.004590080 0.004113720 0.000000000 0.006178770 0.001397350 0.004348620 0.004716320 0.001821010 0.001113050 0.001734950 0.000591430 0.001413970 0.002241160 
45     0.002173360 0.003161350 0.003442970 0.002766520 0.000673290 0.001172780 0.001928140 0.000955640 0.003410160 0.003019910 0.004531930 0.002326610 0.001619310 0.001804030 0.006485020 0.000692640 0.003544770 0.003072900 0.002506620 0.002851370 0.001855300 0.004155390 0.005087180 0.003794250 0.003142950 0.001607090 0.002797400 0.002896170 0.004600670 0.002903350 0.003031000 0.006923500 0.001167190 0.003720030 0.004236930 0.000184680 0.000877670 0.000590480 0.000856920 0.002681850 0.006178770 0.000000000 0.004412670 0.006044640 0.004426960 0.002101110 0.009621070 0.009805550 0.000427760 0.004811770 0.001223710 
29     0.001864040 0.000362770 0.001071360 0.001700220 0.000767020 0.001978290 0.000229120 0.000495390 0.001149180 0.000784820 0.002228900 0.002486600 0.000326160 0.002942600 0.003102740 0.003488740 0.002952510 0.001636980 0.000191130 0.002252770 0.000795090 0.001149420 0.001629160 0.004294540 0.004359500 0.001635210 0.001205380 0.002174560 0.004882610 0.000177560 0.003839160 0.003535500 0.003071660 0.002959640 0.002002180 0.000536850 0.001916130 0.000600730 0.005479950 0.000848430 0.001397350 0.004412670 0.000000000 0.000176430 0.001236010 0.000366000 0.003339260 0.003342230 0.000055160 0.002456470 0.000222490 
40     0.002655910 0.002794040 0.003246860 0.004496210 0.002328020 0.004345500 0.004479850 0.002107920 0.008138330 0.006021970 0.010288000 0.005740480 0.001318670 0.000760120 0.004071220 0.002012960 0.006524340 0.006327620 0.001441750 0.001395880 0.003661950 0.000426560 0.006525930 0.011234730 0.002894960 0.003018730 0.002919860 0.004373180 0.004310240 0.000936340 0.003599810 0.001004760 0.002515080 0.002194040 0.005930600 0.002400940 0.005253810 0.013545980 0.003449830 0.002016920 0.004348620 0.006044640 0.000176430 0.000000000 0.002143740 0.000442890 0.003164930 0.003167900 0.001797510 0.002857210 0.001374290 
24     0.002249720 0.003020590 0.001563540 0.002503000 0.007097320 0.004087390 0.000184880 0.001339180 0.001650140 0.005132140 0.007418730 0.007961200 0.004275880 0.001499830 0.002995800 0.001661660 0.007259070 0.005374340 0.005555390 0.000755930 0.002168110 0.002432980 0.001774950 0.005119430 0.003155030 0.000774390 0.003742290 0.002794610 0.000860630 0.005719820 0.002064620 0.004418790 0.000320330 0.004061080 0.000299590 0.002734210 0.002685670 0.000283610 0.007546380 0.002881410 0.004716320 0.004426960 0.001236010 0.002143740 0.000000000 0.003515550 0.004106870 0.005294360 0.000937930 0.000176730 0.001631530 
5     0.001286180 0.000930100 0.003066530 0.003269630 0.004787950 0.002644090 0.002764550 0.000618840 0.000595270 0.002731910 0.000682060 0.000055380 0.001249650 0.000380260 0.003469320 0.001775650 0.006150030 0.005978560 0.000265980 0.002154160 0.001574950 0.005878700 0.001303040 0.001269820 0.002948920 0.000230410 0.000276210 0.003448360 0.003999590 0.002280310 0.003062930 0.001246830 0.002024620 0.000929400 0.001441500 0.000761770 0.001909640 0.000661190 0.002115890 0.002743470 0.001821010 0.002101110 0.000366000 0.000442890 0.003515550 0.000000000 0.000616980 0.002552980 0.000248230 0.001068760 0.003133600 
22     0.000169720 0.000324460 0.005659680 0.001648380 0.003195460 0.001171010 0.001376880 0.000115640 0.002517710 0.004531300 0.001210030 0.002259180 0.003652760 0.003381190 0.001176820 0.002130910 0.001656050 0.005565030 0.002242180 0.002328310 0.001380050 0.000599690 0.001975630 0.002845630 0.001789290 0.000234900 0.003889990 0.006537110 0.004479970 0.003060790 0.000817000 0.000817400 0.001871090 0.002802410 0.003134750 0.002778230 0.005043620 0.000839940 0.003510860 0.002764090 0.001113050 0.009621070 0.003339260 0.003164930 0.004106870 0.000616980 0.000000000 0.000120140 0.000084330 0.001536410 0.000106920 
14     0.000172690 0.000782500 0.004248570 0.001651350 0.003608950 0.000163070 0.002785420 0.000376320 0.003557650 0.004184320 0.001153390 0.002140180 0.000482250 0.002342720 0.000985860 0.002133880 0.001775820 0.005682130 0.001536830 0.002738800 0.000130480 0.000664300 0.000049170 0.002871660 0.001815320 0.001201710 0.003305120 0.003778790 0.001380220 0.007231610 0.000819970 0.000820370 0.001427900 0.002792240 0.002605400 0.001661520 0.005278580 0.000334670 0.003652340 0.000476430 0.001734950 0.009805550 0.003342230 0.003167900 0.005294360 0.002552980 0.000120140 0.000000000 0.000126790 0.000438300 0.001194240 
12     0.000045900 0.000675360 0.002585720 0.001524560 0.000647080 0.001492150 0.001576030 0.000101480 0.001912750 0.001053900 0.001101620 0.000456840 0.000067580 0.000721930 0.000857360 0.000166220 0.000610280 0.001002100 0.001186420 0.000468320 0.000069670 0.000413490 0.001340090 0.001634400 0.000578060 0.000152710 0.000373510 0.002019490 0.001748780 0.000626760 0.000693180 0.000034240 0.000856030 0.001113000 0.000897770 0.000624540 0.000644640 0.000558670 0.001929100 0.000468680 0.000591430 0.000427760 0.000055160 0.001797510 0.000937930 0.000248230 0.000084330 0.000126790 0.000000000 0.001267980 0.000489230 
36     0.001371470 0.001178540 0.001182810 0.002332740 0.003270430 0.002448720 0.000335460 0.000041770 0.000151780 0.009429260 0.000927050 0.003203280 0.001246280 0.002040320 0.002430200 0.003171810 0.006939470 0.007215420 0.002077070 0.002608620 0.000481860 0.001519550 0.004244680 0.000554210 0.001829200 0.000825600 0.004409620 0.007694420 0.002494470 0.005549560 0.002027110 0.002027510 0.006019490 0.005354920 0.001254930 0.003322150 0.000803160 0.010816590 0.001991880 0.003362960 0.001413970 0.004811770 0.002456470 0.002857210 0.000176730 0.001068760 0.001536410 0.000438300 0.001267980 0.000000000 0.000379580 
0     0.001026330 0.001524040 0.001559740 0.001296430 0.001896070 0.000383020 0.002213840 0.001409270 0.003249220 0.002732450 0.004668830 0.002875000 0.000834980 0.000264030 0.001689170 0.002992580 0.004922100 0.004395570 0.001018880 0.001510460 0.000673850 0.000984690 0.002451650 0.000261050 0.000171090 0.001032380 0.001303610 0.003438110 0.001601730 0.003944610 0.001681970 0.000637360 0.002513520 0.000739950 0.003192940 0.001443470 0.003313560 0.001115850 0.000304540 0.005322020 0.002241160 0.001223710 0.000222490 0.001374290 0.001631530 0.003133600 0.000106920 0.001194240 0.000489230 0.000379580 0.000000000 
