51
1     0.000000000 0.000018400 0.000020620 0.000021100 0.000022490 0.000024510 0.000051080 0.000029120 0.000029070 0.000041810 0.000027570 0.000040920 0.000028540 0.000023740 0.000023580 0.000024810 0.000022570 0.000026310 0.000030020 0.000043060 0.000027990 0.000023250 0.000082110 0.000054390 0.000051630 0.000049050 0.000033320 0.000049280 0.000035920 0.000035130 0.000048120 0.000043480 0.000047480 0.000050720 0.000048970 0.000047670 0.000042120 0.000044440 0.000042290 0.000041980 0.000036550 0.000061050 0.000048030 0.000048910 0.000044190 0.000032200 0.000031310 0.000047060 0.000048050 0.000045640 0.000098800 
4     0.000018400 0.000000000 0.000014120 0.000010690 0.000014180 0.000018010 0.000041020 0.000034440 0.000034390 0.000047130 0.000032890 0.000046240 0.000033860 0.000029060 0.000028900 0.000030130 0.000027890 0.000031630 0.000035340 0.000048380 0.000033310 0.000028570 0.000087430 0.000059710 0.000056950 0.000054370 0.000038640 0.000054600 0.000041240 0.000040450 0.000053440 0.000048800 0.000052800 0.000056040 0.000054290 0.000052990 0.000047440 0.000049760 0.000047610 0.000047300 0.000041870 0.000066370 0.000053350 0.000054230 0.000049510 0.000037520 0.000036630 0.000052380 0.000053370 0.000050960 0.000104120 
2     0.000020620 0.000014120 0.000000000 0.000004900 0.000006290 0.000009210 0.000046800 0.000036660 0.000036610 0.000049350 0.000035110 0.000048460 0.000036080 0.000031280 0.000031120 0.000032350 0.000030110 0.000033850 0.000037560 0.000050600 0.000035530 0.000030790 0.000089650 0.000061930 0.000059170 0.000056590 0.000040860 0.000056820 0.000043460 0.000042670 0.000055660 0.000051020 0.000055020 0.000058260 0.000056510 0.000055210 0.000049660 0.000051980 0.000049830 0.000049520 0.000044090 0.000068590 0.000055570 0.000056450 0.000051730 0.000039740 0.000038850 0.000054600 0.000055590 0.000053180 0.000106340 
5     0.000021100 0.000010690 0.000004900 0.000000000 0.000005530 0.000009690 0.000047280 0.000037140 0.000037090 0.000049830 0.000035590 0.000048940 0.000036560 0.000031760 0.000031600 0.000032830 0.000030590 0.000034330 0.000038040 0.000051080 0.000036010 0.000031270 0.000090130 0.000062410 0.000059650 0.000057070 0.000041340 0.000057300 0.000043940 0.000043150 0.000056140 0.000051500 0.000055500 0.000058740 0.000056990 0.000055690 0.000050140 0.000052460 0.000050310 0.000050000 0.000044570 0.000069070 0.000056050 0.000056930 0.000052210 0.000040220 0.000039330 0.000055080 0.000056070 0.000053660 0.000106820 
6     0.000022490 0.000014180 0.000006290 0.000005530 0.000000000 0.000011080 0.000048670 0.000038530 0.000038480 0.000051220 0.000036980 0.000050330 0.000037950 0.000033150 0.000032990 0.000034220 0.000031980 0.000035720 0.000039430 0.000052470 0.000037400 0.000032660 0.000091520 0.000063800 0.000061040 0.000058460 0.000042730 0.000058690 0.000045330 0.000044540 0.000057530 0.000052890 0.000056890 0.000060130 0.000058380 0.000057080 0.000051530 0.000053850 0.000051700 0.000051390 0.000045960 0.000070460 0.000057440 0.000058320 0.000053600 0.000041610 0.000040720 0.000056470 0.000057460 0.000055050 0.000108210 
7     0.000024510 0.000018010 0.000009210 0.000009690 0.000011080 0.000000000 0.000050690 0.000040550 0.000040500 0.000053240 0.000039000 0.000052350 0.000039970 0.000035170 0.000035010 0.000036240 0.000034000 0.000037740 0.000041450 0.000054490 0.000039420 0.000034680 0.000093540 0.000065820 0.000063060 0.000060480 0.000044750 0.000060710 0.000047350 0.000046560 0.000059550 0.000054910 0.000058910 0.000062150 0.000060400 0.000059100 0.000053550 0.000055870 0.000053720 0.000053410 0.000047980 0.000072480 0.000059460 0.000060340 0.000055620 0.000043630 0.000042740 0.000058490 0.000059480 0.000057070 0.000110230 
3     0.000051080 0.000041020 0.000046800 0.000047280 0.000048670 0.000050690 0.000000000 0.000067120 0.000067070 0.000079810 0.000065570 0.000078920 0.000066540 0.000061740 0.000061580 0.000062810 0.000060570 0.000064310 0.000068020 0.000081060 0.000065990 0.000061250 0.000120110 0.000092390 0.000089630 0.000087050 0.000071320 0.000087280 0.000073920 0.000073130 0.000086120 0.000081480 0.000085480 0.000088720 0.000086970 0.000085670 0.000080120 0.000082440 0.000080290 0.000079980 0.000074550 0.000099050 0.000086030 0.000086910 0.000082190 0.000070200 0.000069310 0.000085060 0.000086050 0.000083640 0.000136800 
35     0.000029120 0.000034440 0.000036660 0.000037140 0.000038530 0.000040550 0.000067120 0.000000000 0.000016830 0.000029570 0.000015330 0.000028680 0.000028640 0.000033380 0.000033220 0.000034290 0.000032050 0.000035790 0.000039500 0.000052540 0.000038530 0.000033790 0.000095210 0.000067490 0.000064730 0.000062150 0.000046860 0.000062820 0.000049460 0.000048670 0.000061660 0.000057020 0.000061020 0.000064260 0.000062510 0.000061210 0.000055660 0.000057980 0.000055830 0.000055520 0.000050090 0.000074590 0.000061570 0.000062450 0.000057730 0.000045740 0.000044850 0.000060600 0.000061590 0.000059180 0.000112340 
22     0.000029070 0.000034390 0.000036610 0.000037090 0.000038480 0.000040500 0.000067070 0.000016830 0.000000000 0.000025020 0.000011580 0.000024930 0.000028590 0.000033330 0.000033170 0.000034240 0.000032000 0.000035740 0.000039450 0.000052490 0.000038480 0.000033740 0.000095160 0.000067440 0.000064680 0.000062100 0.000046810 0.000062770 0.000049410 0.000048620 0.000061610 0.000056970 0.000060970 0.000064210 0.000062460 0.000061160 0.000055610 0.000057930 0.000055780 0.000055470 0.000050040 0.000074540 0.000061520 0.000062400 0.000057680 0.000045690 0.000044800 0.000060550 0.000061540 0.000059130 0.000112290 
19     0.000041810 0.000047130 0.000049350 0.000049830 0.000051220 0.000053240 0.000079810 0.000029570 0.000025020 0.000000000 0.000024320 0.000037670 0.000041330 0.000046070 0.000045910 0.000046980 0.000044740 0.000048480 0.000052190 0.000065230 0.000051220 0.000046480 0.000107900 0.000080180 0.000077420 0.000074840 0.000059550 0.000075510 0.000062150 0.000061360 0.000074350 0.000069710 0.000073710 0.000076950 0.000075200 0.000073900 0.000068350 0.000070670 0.000068520 0.000068210 0.000062780 0.000087280 0.000074260 0.000075140 0.000070420 0.000058430 0.000057540 0.000073290 0.000074280 0.000071870 0.000125030 
34     0.000027570 0.000032890 0.000035110 0.000035590 0.000036980 0.000039000 0.000065570 0.000015330 0.000011580 0.000024320 0.000000000 0.000023410 0.000027090 0.000031830 0.000031670 0.000032740 0.000030500 0.000034240 0.000037950 0.000050990 0.000036980 0.000032240 0.000093660 0.000065940 0.000063180 0.000060600 0.000045310 0.000061270 0.000047910 0.000047120 0.000060110 0.000055470 0.000059470 0.000062710 0.000060960 0.000059660 0.000054110 0.000056430 0.000054280 0.000053970 0.000048540 0.000073040 0.000060020 0.000060900 0.000056180 0.000044190 0.000043300 0.000059050 0.000060040 0.000057630 0.000110790 
45     0.000040920 0.000046240 0.000048460 0.000048940 0.000050330 0.000052350 0.000078920 0.000028680 0.000024930 0.000037670 0.000023410 0.000000000 0.000040440 0.000045180 0.000045020 0.000046090 0.000043850 0.000047590 0.000051300 0.000064340 0.000050330 0.000045590 0.000107010 0.000079290 0.000076530 0.000073950 0.000058660 0.000074620 0.000061260 0.000060470 0.000073460 0.000068820 0.000072820 0.000076060 0.000074310 0.000073010 0.000067460 0.000069780 0.000067630 0.000067320 0.000061890 0.000086390 0.000073370 0.000074250 0.000069530 0.000057540 0.000056650 0.000072400 0.000073390 0.000070980 0.000124140 
14     0.000028540 0.000033860 0.000036080 0.000036560 0.000037950 0.000039970 0.000066540 0.000028640 0.000028590 0.000041330 0.000027090 0.000040440 0.000000000 0.000032800 0.000032640 0.000033710 0.000031470 0.000035210 0.000038920 0.000051960 0.000037950 0.000033210 0.000094630 0.000066910 0.000064150 0.000061570 0.000046280 0.000062240 0.000048880 0.000048090 0.000061080 0.000056440 0.000060440 0.000063680 0.000061930 0.000060630 0.000055080 0.000057400 0.000055250 0.000054940 0.000049510 0.000074010 0.000060990 0.000061870 0.000057150 0.000045160 0.000044270 0.000060020 0.000061010 0.000058600 0.000111760 
43     0.000023740 0.000029060 0.000031280 0.000031760 0.000033150 0.000035170 0.000061740 0.000033380 0.000033330 0.000046070 0.000031830 0.000045180 0.000032800 0.000000000 0.000014520 0.000029070 0.000026830 0.000030570 0.000034280 0.000047320 0.000033150 0.000028410 0.000089830 0.000062110 0.000059350 0.000056770 0.000041480 0.000057440 0.000044080 0.000043290 0.000056280 0.000051640 0.000055640 0.000058880 0.000057130 0.000055830 0.000050280 0.000052600 0.000050450 0.000050140 0.000044710 0.000069210 0.000056190 0.000057070 0.000052350 0.000040360 0.000039470 0.000055220 0.000056210 0.000053800 0.000106960 
9     0.000023580 0.000028900 0.000031120 0.000031600 0.000032990 0.000035010 0.000061580 0.000033220 0.000033170 0.000045910 0.000031670 0.000045020 0.000032640 0.000014520 0.000000000 0.000028910 0.000026670 0.000030410 0.000034120 0.000047160 0.000032990 0.000028250 0.000089670 0.000061950 0.000059190 0.000056610 0.000041320 0.000057280 0.000043920 0.000043130 0.000056120 0.000051480 0.000055480 0.000058720 0.000056970 0.000055670 0.000050120 0.000052440 0.000050290 0.000049980 0.000044550 0.000069050 0.000056030 0.000056910 0.000052190 0.000040200 0.000039310 0.000055060 0.000056050 0.000053640 0.000106800 
31     0.000024810 0.000030130 0.000032350 0.000032830 0.000034220 0.000036240 0.000062810 0.000034290 0.000034240 0.000046980 0.000032740 0.000046090 0.000033710 0.000029070 0.000028910 0.000000000 0.000000070 0.000029660 0.000033370 0.000046410 0.000034220 0.000029480 0.000090900 0.000063180 0.000060420 0.000057840 0.000042550 0.000058510 0.000045150 0.000044360 0.000057350 0.000052710 0.000056710 0.000059950 0.000058200 0.000056900 0.000051350 0.000053670 0.000051520 0.000051210 0.000045780 0.000070280 0.000057260 0.000058140 0.000053420 0.000041430 0.000040540 0.000056290 0.000057280 0.000054870 0.000108030 
21     0.000022570 0.000027890 0.000030110 0.000030590 0.000031980 0.000034000 0.000060570 0.000032050 0.000032000 0.000044740 0.000030500 0.000043850 0.000031470 0.000026830 0.000026670 0.000000070 0.000000000 0.000027420 0.000031130 0.000044170 0.000031980 0.000027240 0.000088660 0.000060940 0.000058180 0.000055600 0.000040310 0.000056270 0.000042910 0.000042120 0.000055110 0.000050470 0.000054470 0.000057710 0.000055960 0.000054660 0.000049110 0.000051430 0.000049280 0.000048970 0.000043540 0.000068040 0.000055020 0.000055900 0.000051180 0.000039190 0.000038300 0.000054050 0.000055040 0.000052630 0.000105790 
50     0.000026310 0.000031630 0.000033850 0.000034330 0.000035720 0.000037740 0.000064310 0.000035790 0.000035740 0.000048480 0.000034240 0.000047590 0.000035210 0.000030570 0.000030410 0.000029660 0.000027420 0.000000000 0.000011550 0.000029590 0.000035720 0.000030980 0.000092400 0.000064680 0.000061920 0.000059340 0.000044050 0.000060010 0.000046650 0.000045860 0.000058850 0.000054210 0.000058210 0.000061450 0.000059700 0.000058400 0.000052850 0.000055170 0.000053020 0.000052710 0.000047280 0.000071780 0.000058760 0.000059640 0.000054920 0.000042930 0.000042040 0.000057790 0.000058780 0.000056370 0.000109530 
26     0.000030020 0.000035340 0.000037560 0.000038040 0.000039430 0.000041450 0.000068020 0.000039500 0.000039450 0.000052190 0.000037950 0.000051300 0.000038920 0.000034280 0.000034120 0.000033370 0.000031130 0.000011550 0.000000000 0.000033300 0.000039430 0.000034690 0.000096110 0.000068390 0.000065630 0.000063050 0.000047760 0.000063720 0.000050360 0.000049570 0.000062560 0.000057920 0.000061920 0.000065160 0.000063410 0.000062110 0.000056560 0.000058880 0.000056730 0.000056420 0.000050990 0.000075490 0.000062470 0.000063350 0.000058630 0.000046640 0.000045750 0.000061500 0.000062490 0.000060080 0.000113240 
10     0.000043060 0.000048380 0.000050600 0.000051080 0.000052470 0.000054490 0.000081060 0.000052540 0.000052490 0.000065230 0.000050990 0.000064340 0.000051960 0.000047320 0.000047160 0.000046410 0.000044170 0.000029590 0.000033300 0.000000000 0.000052470 0.000047730 0.000109150 0.000081430 0.000078670 0.000076090 0.000060800 0.000076760 0.000063400 0.000062610 0.000075600 0.000070960 0.000074960 0.000078200 0.000076450 0.000075150 0.000069600 0.000071920 0.000069770 0.000069460 0.000064030 0.000088530 0.000075510 0.000076390 0.000071670 0.000059680 0.000058790 0.000074540 0.000075530 0.000073120 0.000126280 
33     0.000027990 0.000033310 0.000035530 0.000036010 0.000037400 0.000039420 0.000065990 0.000038530 0.000038480 0.000051220 0.000036980 0.000050330 0.000037950 0.000033150 0.000032990 0.000034220 0.000031980 0.000035720 0.000039430 0.000052470 0.000000000 0.000014160 0.000094080 0.000066360 0.000063600 0.000061020 0.000045730 0.000061690 0.000048330 0.000047540 0.000060530 0.000055890 0.000059890 0.000063130 0.000061380 0.000060080 0.000054530 0.000056850 0.000054700 0.000054390 0.000048960 0.000073460 0.000060440 0.000061320 0.000056600 0.000044610 0.000043720 0.000059470 0.000060460 0.000058050 0.000111210 
37     0.000023250 0.000028570 0.000030790 0.000031270 0.000032660 0.000034680 0.000061250 0.000033790 0.000033740 0.000046480 0.000032240 0.000045590 0.000033210 0.000028410 0.000028250 0.000029480 0.000027240 0.000030980 0.000034690 0.000047730 0.000014160 0.000000000 0.000089340 0.000061620 0.000058860 0.000056280 0.000040990 0.000056950 0.000043590 0.000042800 0.000055790 0.000051150 0.000055150 0.000058390 0.000056640 0.000055340 0.000049790 0.000052110 0.000049960 0.000049650 0.000044220 0.000068720 0.000055700 0.000056580 0.000051860 0.000039870 0.000038980 0.000054730 0.000055720 0.000053310 0.000106470 
48     0.000082110 0.000087430 0.000089650 0.000090130 0.000091520 0.000093540 0.000120110 0.000095210 0.000095160 0.000107900 0.000093660 0.000107010 0.000094630 0.000089830 0.000089670 0.000090900 0.000088660 0.000092400 0.000096110 0.000109150 0.000094080 0.000089340 0.000000000 0.000048840 0.000046080 0.000042070 0.000099850 0.000115810 0.000102450 0.000101660 0.000114650 0.000110010 0.000114010 0.000117250 0.000115500 0.000114200 0.000108650 0.000110970 0.000108820 0.000108510 0.000103080 0.000127580 0.000114560 0.000115440 0.000110720 0.000098730 0.000097840 0.000113590 0.000114580 0.000112170 0.000165330 
27     0.000054390 0.000059710 0.000061930 0.000062410 0.000063800 0.000065820 0.000092390 0.000067490 0.000067440 0.000080180 0.000065940 0.000079290 0.000066910 0.000062110 0.000061950 0.000063180 0.000060940 0.000064680 0.000068390 0.000081430 0.000066360 0.000061620 0.000048840 0.000000000 0.000010600 0.000007440 0.000072130 0.000088090 0.000074730 0.000073940 0.000086930 0.000082290 0.000086290 0.000089530 0.000087780 0.000086480 0.000080930 0.000083250 0.000081100 0.000080790 0.000075360 0.000099860 0.000086840 0.000087720 0.000083000 0.000071010 0.000070120 0.000085870 0.000086860 0.000084450 0.000137610 
49     0.000051630 0.000056950 0.000059170 0.000059650 0.000061040 0.000063060 0.000089630 0.000064730 0.000064680 0.000077420 0.000063180 0.000076530 0.000064150 0.000059350 0.000059190 0.000060420 0.000058180 0.000061920 0.000065630 0.000078670 0.000063600 0.000058860 0.000046080 0.000010600 0.000000000 0.000005260 0.000069370 0.000085330 0.000071970 0.000071180 0.000084170 0.000079530 0.000083530 0.000086770 0.000085020 0.000083720 0.000078170 0.000080490 0.000078340 0.000078030 0.000072600 0.000097100 0.000084080 0.000084960 0.000080240 0.000068250 0.000067360 0.000083110 0.000084100 0.000081690 0.000134850 
42     0.000049050 0.000054370 0.000056590 0.000057070 0.000058460 0.000060480 0.000087050 0.000062150 0.000062100 0.000074840 0.000060600 0.000073950 0.000061570 0.000056770 0.000056610 0.000057840 0.000055600 0.000059340 0.000063050 0.000076090 0.000061020 0.000056280 0.000042070 0.000007440 0.000005260 0.000000000 0.000066790 0.000082750 0.000069390 0.000068600 0.000081590 0.000076950 0.000080950 0.000084190 0.000082440 0.000081140 0.000075590 0.000077910 0.000075760 0.000075450 0.000070020 0.000094520 0.000081500 0.000082380 0.000077660 0.000065670 0.000064780 0.000080530 0.000081520 0.000079110 0.000132270 
30     0.000033320 0.000038640 0.000040860 0.000041340 0.000042730 0.000044750 0.000071320 0.000046860 0.000046810 0.000059550 0.000045310 0.000058660 0.000046280 0.000041480 0.000041320 0.000042550 0.000040310 0.000044050 0.000047760 0.000060800 0.000045730 0.000040990 0.000099850 0.000072130 0.000069370 0.000066790 0.000000000 0.000028720 0.000014300 0.000008510 0.000032880 0.000028240 0.000032240 0.000035480 0.000033730 0.000032430 0.000044820 0.000047140 0.000044990 0.000044680 0.000039250 0.000069010 0.000055990 0.000056870 0.000052150 0.000040160 0.000039270 0.000055020 0.000056010 0.000053600 0.000112700 
18     0.000049280 0.000054600 0.000056820 0.000057300 0.000058690 0.000060710 0.000087280 0.000062820 0.000062770 0.000075510 0.000061270 0.000074620 0.000062240 0.000057440 0.000057280 0.000058510 0.000056270 0.000060010 0.000063720 0.000076760 0.000061690 0.000056950 0.000115810 0.000088090 0.000085330 0.000082750 0.000028720 0.000000000 0.000031320 0.000030530 0.000048840 0.000044200 0.000048200 0.000051440 0.000049690 0.000048390 0.000060780 0.000063100 0.000060950 0.000060640 0.000055210 0.000084970 0.000071950 0.000072830 0.000068110 0.000056120 0.000055230 0.000070980 0.000071970 0.000069560 0.000128660 
32     0.000035920 0.000041240 0.000043460 0.000043940 0.000045330 0.000047350 0.000073920 0.000049460 0.000049410 0.000062150 0.000047910 0.000061260 0.000048880 0.000044080 0.000043920 0.000045150 0.000042910 0.000046650 0.000050360 0.000063400 0.000048330 0.000043590 0.000102450 0.000074730 0.000071970 0.000069390 0.000014300 0.000031320 0.000000000 0.000016110 0.000035480 0.000030840 0.000034840 0.000038080 0.000036330 0.000035030 0.000047420 0.000049740 0.000047590 0.000047280 0.000041850 0.000071610 0.000058590 0.000059470 0.000054750 0.000042760 0.000041870 0.000057620 0.000058610 0.000056200 0.000115300 
41     0.000035130 0.000040450 0.000042670 0.000043150 0.000044540 0.000046560 0.000073130 0.000048670 0.000048620 0.000061360 0.000047120 0.000060470 0.000048090 0.000043290 0.000043130 0.000044360 0.000042120 0.000045860 0.000049570 0.000062610 0.000047540 0.000042800 0.000101660 0.000073940 0.000071180 0.000068600 0.000008510 0.000030530 0.000016110 0.000000000 0.000034690 0.000030050 0.000034050 0.000037290 0.000035540 0.000034240 0.000046630 0.000048950 0.000046800 0.000046490 0.000041060 0.000070820 0.000057800 0.000058680 0.000053960 0.000041970 0.000041080 0.000056830 0.000057820 0.000055410 0.000114510 
16     0.000048120 0.000053440 0.000055660 0.000056140 0.000057530 0.000059550 0.000086120 0.000061660 0.000061610 0.000074350 0.000060110 0.000073460 0.000061080 0.000056280 0.000056120 0.000057350 0.000055110 0.000058850 0.000062560 0.000075600 0.000060530 0.000055790 0.000114650 0.000086930 0.000084170 0.000081590 0.000032880 0.000048840 0.000035480 0.000034690 0.000000000 0.000011690 0.000046900 0.000050140 0.000048390 0.000047090 0.000059620 0.000061940 0.000059790 0.000059480 0.000054050 0.000083810 0.000070790 0.000071670 0.000066950 0.000054960 0.000054070 0.000069820 0.000070810 0.000068400 0.000127500 
23     0.000043480 0.000048800 0.000051020 0.000051500 0.000052890 0.000054910 0.000081480 0.000057020 0.000056970 0.000069710 0.000055470 0.000068820 0.000056440 0.000051640 0.000051480 0.000052710 0.000050470 0.000054210 0.000057920 0.000070960 0.000055890 0.000051150 0.000110010 0.000082290 0.000079530 0.000076950 0.000028240 0.000044200 0.000030840 0.000030050 0.000011690 0.000000000 0.000042260 0.000045500 0.000043750 0.000042450 0.000054980 0.000057300 0.000055150 0.000054840 0.000049410 0.000079170 0.000066150 0.000067030 0.000062310 0.000050320 0.000049430 0.000065180 0.000066170 0.000063760 0.000122860 
11     0.000047480 0.000052800 0.000055020 0.000055500 0.000056890 0.000058910 0.000085480 0.000061020 0.000060970 0.000073710 0.000059470 0.000072820 0.000060440 0.000055640 0.000055480 0.000056710 0.000054470 0.000058210 0.000061920 0.000074960 0.000059890 0.000055150 0.000114010 0.000086290 0.000083530 0.000080950 0.000032240 0.000048200 0.000034840 0.000034050 0.000046900 0.000042260 0.000000000 0.000004360 0.000004850 0.000014530 0.000058980 0.000061300 0.000059150 0.000058840 0.000053410 0.000083170 0.000070150 0.000071030 0.000066310 0.000054320 0.000053430 0.000069180 0.000070170 0.000067760 0.000126860 
28     0.000050720 0.000056040 0.000058260 0.000058740 0.000060130 0.000062150 0.000088720 0.000064260 0.000064210 0.000076950 0.000062710 0.000076060 0.000063680 0.000058880 0.000058720 0.000059950 0.000057710 0.000061450 0.000065160 0.000078200 0.000063130 0.000058390 0.000117250 0.000089530 0.000086770 0.000084190 0.000035480 0.000051440 0.000038080 0.000037290 0.000050140 0.000045500 0.000004360 0.000000000 0.000008090 0.000017770 0.000062220 0.000064540 0.000062390 0.000062080 0.000056650 0.000086410 0.000073390 0.000074270 0.000069550 0.000057560 0.000056670 0.000072420 0.000073410 0.000071000 0.000130100 
47     0.000048970 0.000054290 0.000056510 0.000056990 0.000058380 0.000060400 0.000086970 0.000062510 0.000062460 0.000075200 0.000060960 0.000074310 0.000061930 0.000057130 0.000056970 0.000058200 0.000055960 0.000059700 0.000063410 0.000076450 0.000061380 0.000056640 0.000115500 0.000087780 0.000085020 0.000082440 0.000033730 0.000049690 0.000036330 0.000035540 0.000048390 0.000043750 0.000004850 0.000008090 0.000000000 0.000016020 0.000060470 0.000062790 0.000060640 0.000060330 0.000054900 0.000084660 0.000071640 0.000072520 0.000067800 0.000055810 0.000054920 0.000070670 0.000071660 0.000069250 0.000128350 
20     0.000047670 0.000052990 0.000055210 0.000055690 0.000057080 0.000059100 0.000085670 0.000061210 0.000061160 0.000073900 0.000059660 0.000073010 0.000060630 0.000055830 0.000055670 0.000056900 0.000054660 0.000058400 0.000062110 0.000075150 0.000060080 0.000055340 0.000114200 0.000086480 0.000083720 0.000081140 0.000032430 0.000048390 0.000035030 0.000034240 0.000047090 0.000042450 0.000014530 0.000017770 0.000016020 0.000000000 0.000059170 0.000061490 0.000059340 0.000059030 0.000053600 0.000083360 0.000070340 0.000071220 0.000066500 0.000054510 0.000053620 0.000069370 0.000070360 0.000067950 0.000127050 
12     0.000042120 0.000047440 0.000049660 0.000050140 0.000051530 0.000053550 0.000080120 0.000055660 0.000055610 0.000068350 0.000054110 0.000067460 0.000055080 0.000050280 0.000050120 0.000051350 0.000049110 0.000052850 0.000056560 0.000069600 0.000054530 0.000049790 0.000108650 0.000080930 0.000078170 0.000075590 0.000044820 0.000060780 0.000047420 0.000046630 0.000059620 0.000054980 0.000058980 0.000062220 0.000060470 0.000059170 0.000000000 0.000004600 0.000002450 0.000011520 0.000041870 0.000077810 0.000064790 0.000065670 0.000060950 0.000048960 0.000048070 0.000063820 0.000064810 0.000062400 0.000121500 
46     0.000044440 0.000049760 0.000051980 0.000052460 0.000053850 0.000055870 0.000082440 0.000057980 0.000057930 0.000070670 0.000056430 0.000069780 0.000057400 0.000052600 0.000052440 0.000053670 0.000051430 0.000055170 0.000058880 0.000071920 0.000056850 0.000052110 0.000110970 0.000083250 0.000080490 0.000077910 0.000047140 0.000063100 0.000049740 0.000048950 0.000061940 0.000057300 0.000061300 0.000064540 0.000062790 0.000061490 0.000004600 0.000000000 0.000004070 0.000013840 0.000044190 0.000080130 0.000067110 0.000067990 0.000063270 0.000051280 0.000050390 0.000066140 0.000067130 0.000064720 0.000123820 
38     0.000042290 0.000047610 0.000049830 0.000050310 0.000051700 0.000053720 0.000080290 0.000055830 0.000055780 0.000068520 0.000054280 0.000067630 0.000055250 0.000050450 0.000050290 0.000051520 0.000049280 0.000053020 0.000056730 0.000069770 0.000054700 0.000049960 0.000108820 0.000081100 0.000078340 0.000075760 0.000044990 0.000060950 0.000047590 0.000046800 0.000059790 0.000055150 0.000059150 0.000062390 0.000060640 0.000059340 0.000002450 0.000004070 0.000000000 0.000011690 0.000042040 0.000077980 0.000064960 0.000065840 0.000061120 0.000049130 0.000048240 0.000063990 0.000064980 0.000062570 0.000121670 
44     0.000041980 0.000047300 0.000049520 0.000050000 0.000051390 0.000053410 0.000079980 0.000055520 0.000055470 0.000068210 0.000053970 0.000067320 0.000054940 0.000050140 0.000049980 0.000051210 0.000048970 0.000052710 0.000056420 0.000069460 0.000054390 0.000049650 0.000108510 0.000080790 0.000078030 0.000075450 0.000044680 0.000060640 0.000047280 0.000046490 0.000059480 0.000054840 0.000058840 0.000062080 0.000060330 0.000059030 0.000011520 0.000013840 0.000011690 0.000000000 0.000041730 0.000077670 0.000064650 0.000065530 0.000060810 0.000048820 0.000047930 0.000063680 0.000064670 0.000062260 0.000121360 
17     0.000036550 0.000041870 0.000044090 0.000044570 0.000045960 0.000047980 0.000074550 0.000050090 0.000050040 0.000062780 0.000048540 0.000061890 0.000049510 0.000044710 0.000044550 0.000045780 0.000043540 0.000047280 0.000050990 0.000064030 0.000048960 0.000044220 0.000103080 0.000075360 0.000072600 0.000070020 0.000039250 0.000055210 0.000041850 0.000041060 0.000054050 0.000049410 0.000053410 0.000056650 0.000054900 0.000053600 0.000041870 0.000044190 0.000042040 0.000041730 0.000000000 0.000072240 0.000059220 0.000060100 0.000055380 0.000043390 0.000042500 0.000058250 0.000059240 0.000056830 0.000115930 
15     0.000061050 0.000066370 0.000068590 0.000069070 0.000070460 0.000072480 0.000099050 0.000074590 0.000074540 0.000087280 0.000073040 0.000086390 0.000074010 0.000069210 0.000069050 0.000070280 0.000068040 0.000071780 0.000075490 0.000088530 0.000073460 0.000068720 0.000127580 0.000099860 0.000097100 0.000094520 0.000069010 0.000084970 0.000071610 0.000070820 0.000083810 0.000079170 0.000083170 0.000086410 0.000084660 0.000083360 0.000077810 0.000080130 0.000077980 0.000077670 0.000072240 0.000000000 0.000022140 0.000023020 0.000025880 0.000053030 0.000052140 0.000067890 0.000068880 0.000066470 0.000140430 
39     0.000048030 0.000053350 0.000055570 0.000056050 0.000057440 0.000059460 0.000086030 0.000061570 0.000061520 0.000074260 0.000060020 0.000073370 0.000060990 0.000056190 0.000056030 0.000057260 0.000055020 0.000058760 0.000062470 0.000075510 0.000060440 0.000055700 0.000114560 0.000086840 0.000084080 0.000081500 0.000055990 0.000071950 0.000058590 0.000057800 0.000070790 0.000066150 0.000070150 0.000073390 0.000071640 0.000070340 0.000064790 0.000067110 0.000064960 0.000064650 0.000059220 0.000022140 0.000000000 0.000002960 0.000012860 0.000040010 0.000039120 0.000054870 0.000055860 0.000053450 0.000127410 
40     0.000048910 0.000054230 0.000056450 0.000056930 0.000058320 0.000060340 0.000086910 0.000062450 0.000062400 0.000075140 0.000060900 0.000074250 0.000061870 0.000057070 0.000056910 0.000058140 0.000055900 0.000059640 0.000063350 0.000076390 0.000061320 0.000056580 0.000115440 0.000087720 0.000084960 0.000082380 0.000056870 0.000072830 0.000059470 0.000058680 0.000071670 0.000067030 0.000071030 0.000074270 0.000072520 0.000071220 0.000065670 0.000067990 0.000065840 0.000065530 0.000060100 0.000023020 0.000002960 0.000000000 0.000013740 0.000040890 0.000040000 0.000055750 0.000056740 0.000054330 0.000128290 
36     0.000044190 0.000049510 0.000051730 0.000052210 0.000053600 0.000055620 0.000082190 0.000057730 0.000057680 0.000070420 0.000056180 0.000069530 0.000057150 0.000052350 0.000052190 0.000053420 0.000051180 0.000054920 0.000058630 0.000071670 0.000056600 0.000051860 0.000110720 0.000083000 0.000080240 0.000077660 0.000052150 0.000068110 0.000054750 0.000053960 0.000066950 0.000062310 0.000066310 0.000069550 0.000067800 0.000066500 0.000060950 0.000063270 0.000061120 0.000060810 0.000055380 0.000025880 0.000012860 0.000013740 0.000000000 0.000036170 0.000035280 0.000051030 0.000052020 0.000049610 0.000123570 
24     0.000032200 0.000037520 0.000039740 0.000040220 0.000041610 0.000043630 0.000070200 0.000045740 0.000045690 0.000058430 0.000044190 0.000057540 0.000045160 0.000040360 0.000040200 0.000041430 0.000039190 0.000042930 0.000046640 0.000059680 0.000044610 0.000039870 0.000098730 0.000071010 0.000068250 0.000065670 0.000040160 0.000056120 0.000042760 0.000041970 0.000054960 0.000050320 0.000054320 0.000057560 0.000055810 0.000054510 0.000048960 0.000051280 0.000049130 0.000048820 0.000043390 0.000053030 0.000040010 0.000040890 0.000036170 0.000000000 0.000018730 0.000036700 0.000037690 0.000035280 0.000111580 
8     0.000031310 0.000036630 0.000038850 0.000039330 0.000040720 0.000042740 0.000069310 0.000044850 0.000044800 0.000057540 0.000043300 0.000056650 0.000044270 0.000039470 0.000039310 0.000040540 0.000038300 0.000042040 0.000045750 0.000058790 0.000043720 0.000038980 0.000097840 0.000070120 0.000067360 0.000064780 0.000039270 0.000055230 0.000041870 0.000041080 0.000054070 0.000049430 0.000053430 0.000056670 0.000054920 0.000053620 0.000048070 0.000050390 0.000048240 0.000047930 0.000042500 0.000052140 0.000039120 0.000040000 0.000035280 0.000018730 0.000000000 0.000035810 0.000036800 0.000034390 0.000110690 
13     0.000047060 0.000052380 0.000054600 0.000055080 0.000056470 0.000058490 0.000085060 0.000060600 0.000060550 0.000073290 0.000059050 0.000072400 0.000060020 0.000055220 0.000055060 0.000056290 0.000054050 0.000057790 0.000061500 0.000074540 0.000059470 0.000054730 0.000113590 0.000085870 0.000083110 0.000080530 0.000055020 0.000070980 0.000057620 0.000056830 0.000069820 0.000065180 0.000069180 0.000072420 0.000070670 0.000069370 0.000063820 0.000066140 0.000063990 0.000063680 0.000058250 0.000067890 0.000054870 0.000055750 0.000051030 0.000036700 0.000035810 0.000000000 0.000002930 0.000009900 0.000126440 
25     0.000048050 0.000053370 0.000055590 0.000056070 0.000057460 0.000059480 0.000086050 0.000061590 0.000061540 0.000074280 0.000060040 0.000073390 0.000061010 0.000056210 0.000056050 0.000057280 0.000055040 0.000058780 0.000062490 0.000075530 0.000060460 0.000055720 0.000114580 0.000086860 0.000084100 0.000081520 0.000056010 0.000071970 0.000058610 0.000057820 0.000070810 0.000066170 0.000070170 0.000073410 0.000071660 0.000070360 0.000064810 0.000067130 0.000064980 0.000064670 0.000059240 0.000068880 0.000055860 0.000056740 0.000052020 0.000037690 0.000036800 0.000002930 0.000000000 0.000010890 0.000127430 
29     0.000045640 0.000050960 0.000053180 0.000053660 0.000055050 0.000057070 0.000083640 0.000059180 0.000059130 0.000071870 0.000057630 0.000070980 0.000058600 0.000053800 0.000053640 0.000054870 0.000052630 0.000056370 0.000060080 0.000073120 0.000058050 0.000053310 0.000112170 0.000084450 0.000081690 0.000079110 0.000053600 0.000069560 0.000056200 0.000055410 0.000068400 0.000063760 0.000067760 0.000071000 0.000069250 0.000067950 0.000062400 0.000064720 0.000062570 0.000062260 0.000056830 0.000066470 0.000053450 0.000054330 0.000049610 0.000035280 0.000034390 0.000009900 0.000010890 0.000000000 0.000125020 
0     0.000098800 0.000104120 0.000106340 0.000106820 0.000108210 0.000110230 0.000136800 0.000112340 0.000112290 0.000125030 0.000110790 0.000124140 0.000111760 0.000106960 0.000106800 0.000108030 0.000105790 0.000109530 0.000113240 0.000126280 0.000111210 0.000106470 0.000165330 0.000137610 0.000134850 0.000132270 0.000112700 0.000128660 0.000115300 0.000114510 0.000127500 0.000122860 0.000126860 0.000130100 0.000128350 0.000127050 0.000121500 0.000123820 0.000121670 0.000121360 0.000115930 0.000140430 0.000127410 0.000128290 0.000123570 0.000111580 0.000110690 0.000126440 0.000127430 0.000125020 0.000000000 
