51
1     0.000000000 0.270918731 0.275884123 0.274643238 0.281510654 0.262936457 0.336803931 0.484552548 0.499090060 0.530798965 0.517617525 0.476582216 0.547590531 0.433573288 0.438319838 0.452489052 0.429362783 0.471918586 0.488634221 0.477136202 0.429465076 0.468042810 0.631495561 0.616909669 0.589531047 0.581436453 0.544553503 0.517548901 0.488161870 0.472255649 0.547176986 0.556437508 0.522867980 0.522813744 0.529602841 0.509210633 0.562210293 0.564064164 0.564131642 0.574107532 0.506160743 0.613816907 0.571956124 0.576858001 0.567539953 0.477733049 0.566661370 0.525399969 0.525644596 0.525433085 1.241863794 
4     0.270918731 0.000000000 0.073608734 0.083184685 0.088602844 0.107785906 0.204129496 0.494090226 0.508627739 0.540336644 0.527155203 0.486119895 0.557128210 0.443110967 0.447894481 0.462255492 0.439129224 0.481673867 0.498389502 0.486891483 0.438912827 0.477490560 0.640993659 0.626407766 0.599029144 0.590934551 0.553936760 0.526932158 0.497545127 0.481638906 0.556629667 0.565890188 0.532315131 0.532260896 0.539049993 0.518657784 0.570022953 0.571876825 0.571944302 0.581920192 0.513967310 0.622159730 0.580298947 0.585200824 0.575882776 0.486075871 0.575004193 0.533782313 0.534026940 0.533815428 1.251644731 
2     0.275884123 0.073608734 0.000000000 0.089508095 0.096499807 0.113687319 0.208534772 0.499097790 0.513635302 0.545344207 0.532162767 0.491127458 0.562135773 0.448118530 0.452902044 0.467263056 0.444136787 0.486681430 0.503397065 0.491899046 0.443920390 0.482498123 0.646001222 0.631415329 0.604036707 0.595942114 0.558944323 0.531939721 0.502552690 0.486646469 0.561637230 0.570897752 0.537322694 0.537268459 0.544057556 0.523665348 0.575030517 0.576884388 0.576951865 0.586927756 0.518974873 0.627167293 0.585306511 0.590208387 0.580890339 0.491083435 0.580011756 0.538789876 0.539034503 0.538822991 1.256652294 
5     0.274643238 0.083184685 0.089508095 0.000000000 0.094360317 0.112155332 0.206282384 0.497854742 0.512392254 0.544101160 0.530919719 0.489884411 0.560892726 0.446875482 0.451658997 0.466020008 0.442893740 0.485438383 0.502154018 0.490655998 0.442677343 0.481255076 0.644758174 0.630172282 0.602793660 0.594699066 0.557701276 0.530696674 0.501309642 0.485403422 0.560394183 0.569654704 0.536079647 0.536025411 0.542814508 0.522422300 0.573787469 0.575641340 0.575708818 0.585684708 0.517731826 0.625924245 0.584063463 0.588965340 0.579647292 0.489840387 0.578768709 0.537546828 0.537791456 0.537579944 1.255409247 
6     0.281510654 0.088602844 0.096499807 0.094360317 0.000000000 0.120292908 0.213320027 0.504718307 0.519255820 0.550964725 0.537783285 0.496747976 0.567756291 0.453739048 0.458522562 0.472883573 0.449757305 0.492301948 0.509017583 0.497519564 0.449540908 0.488118641 0.651621740 0.637035847 0.609657225 0.601562632 0.564564841 0.537560239 0.508173208 0.492266987 0.567257748 0.576518269 0.542943212 0.542888977 0.549678074 0.529285865 0.580651034 0.582504906 0.582572383 0.592548273 0.524595391 0.632787811 0.590927028 0.595828905 0.586510857 0.496703953 0.585632274 0.544410394 0.544655021 0.544443509 1.262272812 
7     0.262936457 0.107785906 0.113687319 0.112155332 0.120292908 0.000000000 0.195923774 0.486188673 0.500726186 0.532435091 0.519253650 0.478218342 0.549226657 0.435209413 0.439992928 0.454353939 0.431227671 0.473772314 0.490487949 0.478989930 0.431011274 0.469589007 0.633092105 0.618506213 0.591127591 0.583032997 0.546030348 0.519025745 0.489638714 0.473732494 0.548723254 0.557983776 0.524408719 0.524354483 0.531143580 0.510751372 0.562116541 0.563970412 0.564037890 0.574013780 0.506060898 0.614253317 0.572392535 0.577294412 0.567976363 0.478169459 0.567097781 0.525875900 0.526120527 0.525909016 1.243745151 
3     0.336803931 0.204129496 0.208534772 0.206282384 0.213320027 0.195923774 0.000000000 0.559963347 0.574500859 0.606209765 0.593028324 0.551993016 0.623001331 0.508984087 0.513767601 0.528128613 0.505002344 0.547546988 0.564262623 0.552764603 0.504785947 0.543363680 0.706866779 0.692280887 0.664902265 0.656807671 0.619809881 0.592805279 0.563418247 0.547512027 0.622502787 0.631763309 0.598188252 0.598134016 0.604923113 0.584530905 0.635896074 0.637749945 0.637817423 0.647793313 0.579840431 0.688032850 0.646172068 0.651073945 0.641755896 0.551948992 0.640877314 0.599655433 0.599900061 0.599688549 1.317517852 
35     0.484552548 0.494090226 0.499097790 0.497854742 0.504718307 0.486188673 0.559963347 0.000000000 0.145234509 0.173770093 0.248443925 0.208536738 0.371383615 0.304060187 0.308483496 0.441585791 0.418384612 0.459891238 0.476606827 0.465108387 0.427754474 0.466336192 0.641600722 0.627017094 0.599638472 0.591543878 0.608141765 0.580961256 0.551577912 0.535671337 0.609764623 0.619025144 0.587085994 0.587031758 0.593820855 0.573428647 0.624605446 0.626419344 0.626526795 0.636502685 0.570773736 0.673629821 0.631769039 0.636670916 0.627352868 0.538077155 0.626748209 0.585806664 0.586051291 0.585839780 1.324398476 
22     0.499090060 0.508627739 0.513635302 0.512392254 0.519255820 0.500726186 0.574500859 0.145234509 0.000000000 0.185618366 0.264278795 0.224452245 0.385960942 0.318636964 0.323060273 0.456123303 0.432922124 0.474428750 0.491144340 0.479645900 0.442291986 0.480873704 0.656138235 0.641554606 0.614175984 0.606081391 0.622679277 0.595498768 0.566115424 0.550208849 0.624302135 0.633562657 0.601623506 0.601569270 0.608358368 0.587966159 0.639142958 0.640956857 0.641064307 0.651040197 0.585311249 0.688167334 0.646306551 0.651208428 0.641890380 0.552614667 0.641285721 0.600344176 0.600588804 0.600377292 1.338935989 
19     0.530798965 0.540336644 0.545344207 0.544101160 0.550964725 0.532435091 0.606209765 0.173770093 0.185618366 0.000000000 0.296299087 0.256951779 0.417724949 0.350293078 0.354716386 0.487832257 0.464631078 0.506137704 0.522853293 0.511354853 0.474000892 0.512582609 0.687847133 0.673263505 0.645884882 0.637790289 0.654388183 0.627207673 0.597824330 0.581917755 0.656011040 0.665271562 0.633332412 0.633278176 0.640067273 0.619675065 0.670851864 0.672665762 0.672773212 0.682749103 0.617020154 0.719876239 0.678015457 0.682917334 0.673599285 0.584323573 0.672994626 0.632053082 0.632297709 0.632086197 1.370644894 
34     0.517617525 0.527155203 0.532162767 0.530919719 0.537783285 0.519253650 0.593028324 0.248443925 0.264278795 0.296299087 0.000000000 0.164487282 0.404102580 0.338367830 0.342805064 0.474439429 0.451238250 0.492744875 0.509460465 0.497962025 0.460642805 0.499224522 0.674757013 0.660173384 0.632794762 0.624700168 0.641134923 0.613954414 0.584571070 0.568664496 0.642757781 0.652018303 0.620080197 0.620025961 0.626815058 0.606422850 0.657599649 0.659413547 0.659520997 0.669496888 0.603767939 0.706622980 0.664762198 0.669664075 0.660346026 0.571070314 0.659741367 0.618799823 0.619044450 0.618832938 1.357414809 
45     0.476582216 0.486119895 0.491127458 0.489884411 0.496747976 0.478218342 0.551993016 0.208536738 0.224452245 0.256951779 0.164487282 0.000000000 0.362984283 0.297336170 0.301773404 0.433404120 0.410202941 0.451709567 0.468425157 0.456926717 0.419607496 0.458189214 0.633721704 0.619138076 0.591759453 0.583664860 0.600099615 0.572919106 0.543535762 0.527629187 0.601722473 0.610982994 0.579044888 0.578990652 0.585779750 0.565387541 0.616564340 0.618378239 0.618485689 0.628461579 0.562732630 0.665587672 0.623726889 0.628628766 0.619310718 0.530035005 0.618706059 0.577764514 0.578009142 0.577797630 1.316379500 
14     0.547590531 0.557128210 0.562135773 0.560892726 0.567756291 0.549226657 0.623001331 0.371383615 0.385960942 0.417724949 0.404102580 0.362984283 0.000000000 0.365526112 0.370843640 0.504202392 0.481001212 0.522480471 0.539196061 0.527697621 0.490514189 0.529095907 0.704733318 0.690149690 0.662771068 0.654676474 0.670975193 0.643794684 0.614411340 0.598504765 0.672598050 0.681858572 0.649919422 0.649865186 0.656654283 0.636262075 0.687463378 0.689277277 0.689384727 0.699360617 0.633632909 0.736511988 0.694651205 0.699553082 0.690235034 0.600959321 0.689630375 0.648688830 0.648933458 0.648721946 1.387217509 
43     0.433573288 0.443110967 0.448118530 0.446875482 0.453739048 0.435209413 0.508984087 0.304060187 0.318636964 0.350293078 0.338367830 0.297336170 0.365526112 0.000000000 0.125574874 0.389038200 0.365837021 0.407923554 0.424639144 0.413140704 0.376776615 0.415358332 0.591372175 0.576788546 0.549409924 0.541315331 0.557548399 0.530459236 0.501075892 0.485077971 0.559262603 0.568523124 0.536585018 0.536530783 0.543319880 0.522927671 0.574091516 0.575905415 0.576012865 0.585988755 0.520261047 0.623088533 0.581227751 0.586129628 0.576811579 0.487535867 0.576206920 0.535265376 0.535510003 0.535298492 1.273503617 
9     0.438319838 0.447894481 0.452902044 0.451658997 0.458522562 0.439992928 0.513767601 0.308483496 0.323060273 0.354716386 0.342805064 0.301773404 0.370843640 0.125574874 0.000000000 0.393761390 0.370560210 0.412646744 0.429362333 0.417863893 0.381607801 0.420189519 0.596103467 0.581519839 0.554141217 0.546046623 0.562342447 0.535253284 0.505869941 0.489872019 0.564056651 0.573317173 0.541379067 0.541324831 0.548113928 0.527721720 0.578885565 0.580699464 0.580806914 0.590782804 0.525055095 0.627882582 0.586021800 0.590923677 0.581605628 0.492329916 0.581000969 0.540059425 0.540304052 0.540092540 1.278250891 
31     0.452489052 0.462255492 0.467263056 0.466020008 0.472883573 0.454353939 0.528128613 0.441585791 0.456123303 0.487832257 0.474439429 0.433404120 0.504202392 0.389038200 0.393761390 0.000000000 0.165360253 0.291770428 0.308353265 0.296194949 0.394263993 0.432845710 0.610793317 0.596207541 0.568828918 0.560734325 0.578451703 0.551270328 0.521886984 0.505980409 0.580074657 0.589335178 0.557341114 0.557286878 0.564075975 0.543683767 0.597021868 0.598899168 0.598943217 0.608919107 0.543300382 0.646355051 0.604494269 0.609396146 0.600078097 0.510804335 0.599461962 0.559136627 0.559381254 0.559169742 1.291142239 
21     0.429362783 0.439129224 0.444136787 0.442893740 0.449757305 0.431227671 0.505002344 0.418384612 0.432922124 0.464631078 0.451238250 0.410202941 0.481001212 0.365837021 0.370560210 0.165360253 0.000000000 0.269193300 0.285771893 0.274206875 0.371158242 0.409739960 0.587669596 0.573083820 0.545705197 0.537610604 0.555309247 0.528127872 0.498744528 0.482837953 0.556932200 0.566192722 0.534198657 0.534144421 0.540933519 0.520541310 0.573879412 0.575756711 0.575800761 0.585776651 0.520157926 0.623212595 0.581351812 0.586253689 0.576935641 0.487661878 0.576319505 0.535994171 0.536238798 0.536027286 1.268015971 
50     0.471918586 0.481673867 0.486681430 0.485438383 0.492301948 0.473772314 0.547546988 0.459891238 0.474428750 0.506137704 0.492744875 0.451709567 0.522480471 0.407923554 0.412646744 0.291770428 0.269193300 0.000000000 0.144413389 0.218666643 0.411772851 0.450354569 0.628735245 0.614149469 0.586770846 0.578676253 0.597071496 0.569890120 0.540506777 0.524600202 0.598694449 0.607954971 0.575963821 0.575909585 0.582698682 0.562306474 0.615656208 0.617470107 0.617577557 0.627553447 0.561869189 0.664926115 0.623065333 0.627967210 0.618649161 0.529375399 0.618033026 0.577712915 0.577957542 0.577746031 1.310118927 
26     0.488634221 0.498389502 0.503397065 0.502154018 0.509017583 0.490487949 0.564262623 0.476606827 0.491144340 0.522853293 0.509460465 0.468425157 0.539196061 0.424639144 0.429362333 0.308353265 0.285771893 0.144413389 0.000000000 0.234343621 0.428488469 0.467070186 0.645450867 0.630865090 0.603486468 0.595391875 0.613787249 0.586605874 0.557222530 0.541315955 0.615410203 0.624670725 0.592679574 0.592625338 0.599414436 0.579022227 0.632371962 0.634185860 0.634293311 0.644269201 0.578584943 0.681641869 0.639781086 0.644682963 0.635364915 0.546091152 0.634748779 0.594428669 0.594673296 0.594461784 1.326834623 
10     0.477136202 0.486891483 0.491899046 0.490655998 0.497519564 0.478989930 0.552764603 0.465108387 0.479645900 0.511354853 0.497962025 0.456926717 0.527697621 0.413140704 0.417863893 0.296194949 0.274206875 0.218666643 0.234343621 0.000000000 0.416995588 0.455577306 0.633982531 0.619396755 0.592018132 0.583923539 0.602289111 0.575107736 0.545724392 0.529817817 0.603912065 0.613172587 0.581181436 0.581127201 0.587916298 0.567524089 0.620873824 0.622687722 0.622795173 0.632771063 0.567086805 0.670143731 0.628282948 0.633184825 0.623866777 0.534593014 0.623250641 0.582930531 0.583175158 0.582963646 1.315336543 
33     0.429465076 0.438912827 0.443920390 0.442677343 0.449540908 0.431011274 0.504785947 0.427754474 0.442291986 0.474000892 0.460642805 0.419607496 0.490514189 0.376776615 0.381607801 0.394263993 0.371158242 0.411772851 0.428488469 0.416995588 0.000000000 0.208851068 0.573078900 0.558494736 0.531116966 0.523022373 0.548544929 0.521554756 0.492171412 0.476173491 0.550649425 0.559909946 0.527816100 0.527761864 0.534550961 0.514158753 0.569053397 0.570867295 0.570974746 0.580950636 0.515249570 0.615831306 0.573970523 0.578872400 0.569554352 0.480354740 0.568958773 0.528510449 0.528755077 0.528543565 1.265897237 
37     0.468042810 0.477490560 0.482498123 0.481255076 0.488118641 0.469589007 0.543363680 0.466336192 0.480873704 0.512582609 0.499224522 0.458189214 0.529095907 0.415358332 0.420189519 0.432845710 0.409739960 0.450354569 0.467070186 0.455577306 0.208851068 0.000000000 0.611672201 0.597088037 0.569710267 0.561615673 0.587122662 0.560132489 0.530749145 0.514751224 0.589227158 0.598487679 0.566393833 0.566339597 0.573128695 0.552736486 0.607631130 0.609445029 0.609552479 0.619528369 0.553827303 0.654409039 0.612548256 0.617450133 0.608132085 0.518932473 0.607536506 0.567088183 0.567332810 0.567121298 1.304474971 
48     0.631495561 0.640993659 0.646001222 0.644758174 0.651621740 0.633092105 0.706866779 0.641600722 0.656138235 0.687847133 0.674757013 0.633721704 0.704733318 0.591372175 0.596103467 0.610793317 0.587669596 0.628735245 0.645450867 0.633982531 0.573078900 0.611672201 0.000000000 0.251251973 0.226592107 0.214539037 0.755322076 0.728331902 0.698948559 0.682950637 0.757309430 0.766569952 0.733979253 0.733925018 0.740714115 0.720321907 0.775389489 0.777203387 0.777310838 0.787286728 0.722023422 0.823038980 0.781178198 0.786080075 0.776762026 0.687575136 0.776179170 0.735923612 0.736168239 0.735956728 1.473648759 
27     0.616909669 0.626407766 0.631415329 0.630172282 0.637035847 0.618506213 0.692280887 0.627017094 0.641554606 0.673263505 0.660173384 0.619138076 0.690149690 0.576788546 0.581519839 0.596207541 0.573083820 0.614149469 0.630865090 0.619396755 0.558494736 0.597088037 0.251251973 0.000000000 0.155518598 0.150673321 0.740736183 0.713746010 0.684362666 0.668364745 0.742723538 0.751984059 0.719393361 0.719339126 0.726128223 0.705736014 0.760803530 0.762617429 0.762724879 0.772700769 0.707437464 0.808453022 0.766592240 0.771494116 0.762176068 0.672989177 0.761593211 0.721337653 0.721582281 0.721370769 1.459062866 
49     0.589531047 0.599029144 0.604036707 0.602793660 0.609657225 0.591127591 0.664902265 0.599638472 0.614175984 0.645884882 0.632794762 0.591759453 0.662771068 0.549409924 0.554141217 0.568828918 0.545705197 0.586770846 0.603486468 0.592018132 0.531116966 0.569710267 0.226592107 0.155518598 0.000000000 0.064668994 0.713357561 0.686367388 0.656984044 0.640986123 0.715344915 0.724605437 0.692014739 0.691960503 0.698749600 0.678357392 0.733424908 0.735238807 0.735346257 0.745322147 0.680058842 0.781074400 0.739213617 0.744115494 0.734797446 0.645610555 0.734214589 0.693959031 0.694203658 0.693992147 1.431684244 
42     0.581436453 0.590934551 0.595942114 0.594699066 0.601562632 0.583032997 0.656807671 0.591543878 0.606081391 0.637790289 0.624700168 0.583664860 0.654676474 0.541315331 0.546046623 0.560734325 0.537610604 0.578676253 0.595391875 0.583923539 0.523022373 0.561615673 0.214539037 0.150673321 0.064668994 0.000000000 0.705262968 0.678272795 0.648889451 0.632891529 0.707250322 0.716510844 0.683920146 0.683865910 0.690655007 0.670262799 0.725330315 0.727144213 0.727251664 0.737227554 0.671964248 0.772979806 0.731119024 0.736020901 0.726702852 0.637515962 0.726119995 0.685864438 0.686109065 0.685897553 1.423589651 
30     0.544553503 0.553936760 0.558944323 0.557701276 0.564564841 0.546030348 0.619809881 0.608141765 0.622679277 0.654388183 0.641134923 0.600099615 0.670975193 0.557548399 0.562342447 0.578451703 0.555309247 0.597071496 0.613787249 0.602289111 0.548544929 0.587122662 0.755322076 0.740736183 0.713357561 0.705262968 0.000000000 0.321594122 0.291736665 0.285210860 0.435838809 0.445087548 0.446443246 0.446396580 0.453257737 0.432481442 0.572031848 0.573855774 0.573953197 0.583929087 0.516246231 0.624076862 0.582187152 0.587089028 0.577768180 0.489173620 0.578023284 0.535187421 0.535432048 0.535220537 1.375731340 
18     0.517548901 0.526932158 0.531939721 0.530696674 0.537560239 0.519025745 0.592805279 0.580961256 0.595498768 0.627207673 0.613954414 0.572919106 0.643794684 0.530459236 0.535253284 0.551270328 0.528127872 0.569890120 0.586605874 0.575107736 0.521554756 0.560132489 0.728331902 0.713746010 0.686367388 0.678272795 0.321594122 0.000000000 0.203938955 0.256860404 0.408295045 0.417555182 0.418671260 0.418624594 0.425485751 0.404677662 0.543941568 0.545765494 0.545862917 0.555838807 0.488235036 0.596093284 0.554203574 0.559105450 0.549784602 0.461189879 0.550086149 0.507203843 0.507448470 0.507236959 1.348531572 
32     0.488161870 0.497545127 0.502552690 0.501309642 0.508173208 0.489638714 0.563418247 0.551577912 0.566115424 0.597824330 0.584571070 0.543535762 0.614411340 0.501075892 0.505869941 0.521886984 0.498744528 0.540506777 0.557222530 0.545724392 0.492171412 0.530749145 0.698948559 0.684362666 0.656984044 0.648889451 0.291736665 0.203938955 0.000000000 0.228794405 0.378843753 0.388092491 0.389451475 0.389401296 0.396265966 0.375454364 0.514713460 0.516537386 0.516634809 0.526610699 0.459006928 0.566594295 0.524704585 0.529606462 0.520285613 0.431690890 0.520587160 0.477704854 0.477949481 0.477737970 1.319144541 
41     0.472255649 0.481638906 0.486646469 0.485403422 0.492266987 0.473732494 0.547512027 0.535671337 0.550208849 0.581917755 0.568664496 0.527629187 0.598504765 0.485077971 0.489872019 0.505980409 0.482837953 0.524600202 0.541315955 0.529817817 0.476173491 0.514751224 0.682950637 0.668364745 0.640986123 0.632891529 0.285210860 0.256860404 0.228794405 0.000000000 0.363064836 0.372325411 0.375291510 0.375244845 0.382106001 0.361305898 0.499861458 0.501685384 0.501782807 0.511758697 0.444077095 0.551562433 0.509672723 0.514574600 0.505253752 0.416659029 0.505505022 0.462672993 0.462917620 0.462706108 1.303405996 
16     0.547176986 0.556629667 0.561637230 0.560394183 0.567257748 0.548723254 0.622502787 0.609764623 0.624302135 0.656011040 0.642757781 0.601722473 0.672598050 0.559262603 0.564056651 0.580074657 0.556932200 0.598694449 0.615410203 0.603912065 0.550649425 0.589227158 0.757309430 0.742723538 0.715344915 0.707250322 0.435838809 0.408295045 0.378843753 0.363064836 0.000000000 0.096468741 0.450797371 0.450750706 0.457452477 0.436856119 0.572601406 0.574425333 0.574522755 0.584498646 0.517003861 0.624468635 0.582578925 0.587480802 0.578159954 0.489557320 0.578453589 0.535579195 0.535823822 0.535612310 1.377944978 
23     0.556437508 0.565890188 0.570897752 0.569654704 0.576518269 0.557983776 0.631763309 0.619025144 0.633562657 0.665271562 0.652018303 0.610982994 0.681858572 0.568523124 0.573317173 0.589335178 0.566192722 0.607954971 0.624670725 0.613172587 0.559909946 0.598487679 0.766569952 0.751984059 0.724605437 0.716510844 0.445087548 0.417555182 0.388092491 0.372325411 0.096468741 0.000000000 0.460057893 0.460011227 0.466712998 0.446116641 0.581861928 0.583685854 0.583783277 0.593759167 0.526264382 0.633729157 0.591839447 0.596741324 0.587420475 0.498817841 0.587714111 0.544839716 0.545084344 0.544872832 1.387205500 
11     0.522867980 0.532315131 0.537322694 0.536079647 0.542943212 0.524408719 0.598188252 0.587085994 0.601623506 0.633332412 0.620080197 0.579044888 0.649919422 0.536585018 0.541379067 0.557341114 0.534198657 0.575963821 0.592679574 0.581181436 0.527816100 0.566393833 0.733979253 0.719393361 0.692014739 0.683920146 0.446443246 0.418671260 0.389451475 0.375291510 0.450797371 0.460057893 0.000000000 0.082192648 0.143192375 0.181485764 0.548895808 0.550719734 0.550817157 0.560793047 0.493068693 0.602696052 0.560806342 0.565708219 0.556387371 0.467779037 0.556674200 0.514400719 0.514645346 0.514433834 1.352764535 
28     0.522813744 0.532260896 0.537268459 0.536025411 0.542888977 0.524354483 0.598134016 0.587031758 0.601569270 0.633278176 0.620025961 0.578990652 0.649865186 0.536530783 0.541324831 0.557286878 0.534144421 0.575909585 0.592625338 0.581127201 0.527761864 0.566339597 0.733925018 0.719339126 0.691960503 0.683865910 0.446396580 0.418624594 0.389401296 0.375244845 0.450750706 0.460011227 0.082192648 0.000000000 0.142324314 0.182352046 0.548841572 0.550665498 0.550762921 0.560738811 0.493014458 0.602641817 0.560752107 0.565653983 0.556333135 0.467724801 0.556619964 0.514346483 0.514591110 0.514379599 1.352710299 
47     0.529602841 0.539049993 0.544057556 0.542814508 0.549678074 0.531143580 0.604923113 0.593820855 0.608358368 0.640067273 0.626815058 0.585779750 0.656654283 0.543319880 0.548113928 0.564075975 0.540933519 0.582698682 0.599414436 0.587916298 0.534550961 0.573128695 0.740714115 0.726128223 0.698749600 0.690655007 0.453257737 0.425485751 0.396265966 0.382106001 0.457452477 0.466712998 0.143192375 0.142324314 0.000000000 0.189127487 0.555630669 0.557454595 0.557552018 0.567527908 0.499803555 0.609430914 0.567541204 0.572443081 0.563122232 0.474513899 0.563409061 0.521135580 0.521380207 0.521168696 1.359499396 
20     0.509210633 0.518657784 0.523665348 0.522422300 0.529285865 0.510751372 0.584530905 0.573428647 0.587966159 0.619675065 0.606422850 0.565387541 0.636262075 0.522927671 0.527721720 0.543683767 0.520541310 0.562306474 0.579022227 0.567524089 0.514158753 0.552736486 0.720321907 0.705736014 0.678357392 0.670262799 0.432481442 0.404677662 0.375454364 0.361305898 0.436856119 0.446116641 0.181485764 0.182352046 0.189127487 0.000000000 0.535231501 0.537055427 0.537152850 0.547128740 0.479404386 0.588775564 0.546885854 0.551787731 0.542466882 0.453858549 0.542753711 0.500480230 0.500724858 0.500513346 1.339107188 
12     0.562210293 0.570022953 0.575030517 0.573787469 0.580651034 0.562116541 0.635896074 0.624605446 0.639142958 0.670851864 0.657599649 0.616564340 0.687463378 0.574091516 0.578885565 0.597021868 0.573879412 0.615656208 0.632371962 0.620873824 0.569053397 0.607631130 0.775389489 0.760803530 0.733424908 0.725330315 0.572031848 0.543941568 0.514713460 0.499861458 0.572601406 0.581861928 0.548895808 0.548841572 0.555630669 0.535231501 0.000000000 0.084754246 0.087517668 0.113348708 0.370456837 0.635584491 0.593752574 0.598654451 0.589334169 0.499536844 0.587917287 0.546332269 0.546576896 0.546365384 1.393786104 
46     0.564064164 0.571876825 0.576884388 0.575641340 0.582504906 0.563970412 0.637749945 0.626419344 0.640956857 0.672665762 0.659413547 0.618378239 0.689277277 0.575905415 0.580699464 0.598899168 0.575756711 0.617470107 0.634185860 0.622687722 0.570867295 0.609445029 0.777203387 0.762617429 0.735238807 0.727144213 0.573855774 0.545765494 0.516537386 0.501685384 0.574425333 0.583685854 0.550719734 0.550665498 0.557454595 0.537055427 0.084754246 0.000000000 0.064652863 0.110365354 0.372103164 0.637365308 0.595533390 0.600435267 0.591114986 0.501317660 0.589698103 0.548113085 0.548357712 0.548146201 1.395610030 
38     0.564131642 0.571944302 0.576951865 0.575708818 0.582572383 0.564037890 0.637817423 0.626526795 0.641064307 0.672773212 0.659520997 0.618485689 0.689384727 0.576012865 0.580806914 0.598943217 0.575800761 0.617577557 0.634293311 0.622795173 0.570974746 0.609552479 0.777310838 0.762724879 0.735346257 0.727251664 0.573953197 0.545862917 0.516634809 0.501782807 0.574522755 0.583783277 0.550817157 0.550762921 0.557552018 0.537152850 0.087517668 0.064652863 0.000000000 0.110636114 0.372255000 0.637505840 0.595673923 0.600575799 0.591255518 0.501458193 0.589838636 0.548253617 0.548498245 0.548286733 1.395707452 
44     0.574107532 0.581920192 0.586927756 0.585684708 0.592548273 0.574013780 0.647793313 0.636502685 0.651040197 0.682749103 0.669496888 0.628461579 0.699360617 0.585988755 0.590782804 0.608919107 0.585776651 0.627553447 0.644269201 0.632771063 0.580950636 0.619528369 0.787286728 0.772700769 0.745322147 0.737227554 0.583929087 0.555838807 0.526610699 0.511758697 0.584498646 0.593759167 0.560793047 0.560738811 0.567527908 0.547128740 0.113348708 0.110365354 0.110636114 0.000000000 0.382354076 0.647481730 0.605649813 0.610551690 0.601231408 0.511434083 0.599814526 0.558229508 0.558474135 0.558262623 1.405683343 
17     0.506160743 0.513967310 0.518974873 0.517731826 0.524595391 0.506060898 0.579840431 0.570773736 0.585311249 0.617020154 0.603767939 0.562732630 0.633632909 0.520261047 0.525055095 0.543300382 0.520157926 0.561869189 0.578584943 0.567086805 0.515249570 0.553827303 0.722023422 0.707437464 0.680058842 0.671964248 0.516246231 0.488235036 0.459006928 0.444077095 0.517003861 0.526264382 0.493068693 0.493014458 0.499803555 0.479404386 0.370456837 0.372103164 0.372255000 0.382354076 0.000000000 0.582726297 0.540890802 0.545792679 0.536472397 0.446706210 0.535314172 0.493163742 0.493408370 0.493196858 1.339393005 
15     0.613816907 0.622159730 0.627167293 0.625924245 0.632787811 0.614253317 0.688032850 0.673629821 0.688167334 0.719876239 0.706622980 0.665587672 0.736511988 0.623088533 0.627882582 0.646355051 0.623212595 0.664926115 0.681641869 0.670143731 0.615831306 0.654409039 0.823038980 0.808453022 0.781074400 0.772979806 0.624076862 0.596093284 0.566594295 0.551562433 0.624468635 0.633729157 0.602696052 0.602641817 0.609430914 0.588775564 0.635584491 0.637365308 0.637505840 0.647481730 0.582726297 0.000000000 0.195936175 0.197693528 0.211400044 0.392121582 0.480643149 0.460315221 0.460712666 0.460470785 1.443916856 
39     0.571956124 0.580298947 0.585306511 0.584063463 0.590927028 0.572392535 0.646172068 0.631769039 0.646306551 0.678015457 0.664762198 0.623726889 0.694651205 0.581227751 0.586021800 0.604494269 0.581351812 0.623065333 0.639781086 0.628282948 0.573970523 0.612548256 0.781178198 0.766592240 0.739213617 0.731119024 0.582187152 0.554203574 0.524704585 0.509672723 0.582578925 0.591839447 0.560806342 0.560752107 0.567541204 0.546885854 0.593752574 0.595533390 0.595673923 0.605649813 0.540890802 0.195936175 0.000000000 0.077192927 0.167619150 0.350050125 0.438563621 0.418415983 0.418813428 0.418571547 1.402056074 
40     0.576858001 0.585200824 0.590208387 0.588965340 0.595828905 0.577294412 0.651073945 0.636670916 0.651208428 0.682917334 0.669664075 0.628628766 0.699553082 0.586129628 0.590923677 0.609396146 0.586253689 0.627967210 0.644682963 0.633184825 0.578872400 0.617450133 0.786080075 0.771494116 0.744115494 0.736020901 0.587089028 0.559105450 0.529606462 0.514574600 0.587480802 0.596741324 0.565708219 0.565653983 0.572443081 0.551787731 0.598654451 0.600435267 0.600575799 0.610551690 0.545792679 0.197693528 0.077192927 0.000000000 0.171047734 0.354954759 0.443468256 0.423319182 0.423716627 0.423474746 1.406957951 
36     0.567539953 0.575882776 0.580890339 0.579647292 0.586510857 0.567976363 0.641755896 0.627352868 0.641890380 0.673599285 0.660346026 0.619310718 0.690235034 0.576811579 0.581605628 0.600078097 0.576935641 0.618649161 0.635364915 0.623866777 0.569554352 0.608132085 0.776762026 0.762176068 0.734797446 0.726702852 0.577768180 0.549784602 0.520285613 0.505253752 0.578159954 0.587420475 0.556387371 0.556333135 0.563122232 0.542466882 0.589334169 0.591114986 0.591255518 0.601231408 0.536472397 0.211400044 0.167619150 0.171047734 0.000000000 0.345414963 0.433941899 0.413950094 0.414347539 0.414105658 1.397639902 
24     0.477733049 0.486075871 0.491083435 0.489840387 0.496703953 0.478169459 0.551948992 0.538077155 0.552614667 0.584323573 0.571070314 0.530035005 0.600959321 0.487535867 0.492329916 0.510804335 0.487661878 0.529375399 0.546091152 0.534593014 0.480354740 0.518932473 0.687575136 0.672989177 0.645610555 0.637515962 0.489173620 0.461189879 0.431690890 0.416659029 0.489557320 0.498817841 0.467779037 0.467724801 0.474513899 0.453858549 0.499536844 0.501317660 0.501458193 0.511434083 0.446706210 0.392121582 0.350050125 0.354954759 0.345414963 0.000000000 0.310249638 0.317460386 0.317814124 0.317572243 1.306719656 
8     0.566661370 0.575004193 0.580011756 0.578768709 0.585632274 0.567097781 0.640877314 0.626748209 0.641285721 0.672994626 0.659741367 0.618706059 0.689630375 0.576206920 0.581000969 0.599461962 0.576319505 0.618033026 0.634748779 0.623250641 0.568958773 0.607536506 0.776179170 0.761593211 0.734214589 0.726119995 0.578023284 0.550086149 0.520587160 0.505505022 0.578453589 0.587714111 0.556674200 0.556619964 0.563409061 0.542753711 0.587917287 0.589698103 0.589838636 0.599814526 0.535314172 0.480643149 0.438563621 0.443468256 0.433941899 0.310249638 0.000000000 0.414722671 0.415107293 0.414865412 1.396545094 
13     0.525399969 0.533782313 0.538789876 0.537546828 0.544410394 0.525875900 0.599655433 0.585806664 0.600344176 0.632053082 0.618799823 0.577764514 0.648688830 0.535265376 0.540059425 0.559136627 0.535994171 0.577712915 0.594428669 0.582930531 0.528510449 0.567088183 0.735923612 0.721337653 0.693959031 0.685864438 0.535187421 0.507203843 0.477704854 0.462672993 0.535579195 0.544839716 0.514400719 0.514346483 0.521135580 0.500480230 0.546332269 0.548113085 0.548253617 0.558229508 0.493163742 0.460315221 0.418415983 0.423319182 0.413950094 0.317460386 0.414722671 0.000000000 0.055997393 0.080007382 1.355192298 
25     0.525644596 0.534026940 0.539034503 0.537791456 0.544655021 0.526120527 0.599900061 0.586051291 0.600588804 0.632297709 0.619044450 0.578009142 0.648933458 0.535510003 0.540304052 0.559381254 0.536238798 0.577957542 0.594673296 0.583175158 0.528755077 0.567332810 0.736168239 0.721582281 0.694203658 0.686109065 0.535432048 0.507448470 0.477949481 0.462917620 0.535823822 0.545084344 0.514645346 0.514591110 0.521380207 0.500724858 0.546576896 0.548357712 0.548498245 0.558474135 0.493408370 0.460712666 0.418813428 0.423716627 0.414347539 0.317814124 0.415107293 0.055997393 0.000000000 0.078459245 1.355436925 
29     0.525433085 0.533815428 0.538822991 0.537579944 0.544443509 0.525909016 0.599688549 0.585839780 0.600377292 0.632086197 0.618832938 0.577797630 0.648721946 0.535298492 0.540092540 0.559169742 0.536027286 0.577746031 0.594461784 0.582963646 0.528543565 0.567121298 0.735956728 0.721370769 0.693992147 0.685897553 0.535220537 0.507236959 0.477737970 0.462706108 0.535612310 0.544872832 0.514433834 0.514379599 0.521168696 0.500513346 0.546365384 0.548146201 0.548286733 0.558262623 0.493196858 0.460470785 0.418571547 0.423474746 0.414105658 0.317572243 0.414865412 0.080007382 0.078459245 0.000000000 1.355225414 
0     1.241863794 1.251644731 1.256652294 1.255409247 1.262272812 1.243745151 1.317517852 1.324398476 1.338935989 1.370644894 1.357414809 1.316379500 1.387217509 1.273503617 1.278250891 1.291142239 1.268015971 1.310118927 1.326834623 1.315336543 1.265897237 1.304474971 1.473648759 1.459062866 1.431684244 1.423589651 1.375731340 1.348531572 1.319144541 1.303405996 1.377944978 1.387205500 1.352764535 1.352710299 1.359499396 1.339107188 1.393786104 1.395610030 1.395707452 1.405683343 1.339393005 1.443916856 1.402056074 1.406957951 1.397639902 1.306719656 1.396545094 1.355192298 1.355436925 1.355225414 0.000000000 
