51
1     0.000000000 0.002657160 0.001408770 0.002295890 0.000775530 0.000273740 0.000381500 0.000484590 0.002032990 0.002471640 0.002291660 0.003034650 0.002851990 0.003200730 0.001558650 0.001457860 0.005036000 0.001332580 0.000470230 0.001584530 0.001723620 0.005905420 0.002906870 0.003620920 0.006176840 0.000449670 0.006336860 0.000632100 0.002698290 0.004500060 0.004207100 0.001459210 0.000360980 0.002870870 0.003553850 0.001136770 0.003330420 0.001831630 0.001897130 0.000658520 0.003188520 0.002187140 0.002142590 0.003551570 0.003469530 0.002839020 0.001831390 0.002517000 0.002523380 0.002334430 0.002388700 
7     0.002657160 0.000000000 0.000001140 0.000189910 0.006226510 0.003236580 0.004720280 0.002688230 0.001002060 0.004852650 0.003144530 0.004434400 0.000960900 0.004101390 0.005352990 0.006087830 0.000489950 0.002048090 0.001140940 0.005624860 0.003040370 0.002243440 0.007011300 0.004718500 0.001678710 0.005471440 0.000194020 0.005210130 0.001582700 0.002194910 0.006921960 0.004400310 0.001526970 0.002387180 0.006542440 0.003931670 0.000406290 0.003865280 0.002873980 0.000726630 0.004995190 0.003282080 0.005588700 0.003864910 0.003799030 0.005499430 0.005672250 0.003650240 0.004625670 0.004361440 0.004294160 
4     0.001408770 0.000001140 0.000000000 0.000190910 0.003302950 0.005182370 0.004859000 0.002250710 0.007979470 0.003221640 0.003102680 0.006009880 0.004864400 0.005418040 0.002198160 0.002211180 0.005315760 0.006836120 0.001089430 0.006941510 0.002855670 0.003544560 0.003791550 0.003341490 0.004387380 0.005509580 0.007032220 0.004162120 0.004347960 0.004631270 0.003889160 0.004517820 0.001653880 0.001090890 0.003709640 0.003878200 0.003540190 0.000909810 0.003273240 0.006104850 0.006302750 0.004589640 0.004503340 0.004048230 0.004535560 0.005044960 0.002538310 0.002010680 0.004741830 0.001496870 0.002804210 
17     0.002295890 0.000189910 0.000190910 0.000000000 0.004421060 0.002917030 0.006102690 0.003525310 0.006282320 0.006231660 0.001744000 0.002798820 0.001359580 0.003174700 0.000977090 0.000799580 0.004014570 0.000851550 0.003393010 0.006008460 0.007903030 0.012620110 0.001281320 0.001353450 0.000333940 0.005877220 0.003886740 0.002818460 0.002707980 0.003928000 0.004106020 0.000833050 0.008099020 0.005428540 0.007893350 0.004083740 0.005159120 0.001992950 0.004880840 0.006703830 0.004760380 0.002363120 0.000701990 0.005611980 0.005546100 0.003090670 0.003501660 0.006763180 0.006491570 0.003154030 0.002433910 
2     0.000775530 0.006226510 0.003302950 0.004421060 0.000000000 0.000012240 0.000875630 0.000978720 0.001108330 0.002866080 0.002865280 0.000163730 0.005787830 0.005329210 0.003046970 0.002349140 0.001769760 0.002197710 0.002474630 0.001379060 0.002850120 0.002653520 0.003142130 0.006668250 0.007132990 0.005662390 0.003008010 0.003509360 0.003532390 0.001532530 0.003849950 0.004904180 0.003110710 0.005829430 0.003141270 0.005261360 0.001221500 0.002334350 0.002843560 0.007146950 0.004437400 0.001476160 0.003647080 0.000364110 0.000915310 0.005339410 0.006226660 0.003907810 0.000828950 0.005151940 0.004914410 
10     0.000273740 0.003236580 0.005182370 0.002917030 0.000012240 0.000000000 0.000373840 0.000476930 0.000793730 0.003004080 0.003003280 0.002036040 0.001251900 0.006255530 0.003031730 0.002353310 0.003454310 0.002335710 0.002916490 0.000700830 0.003969150 0.002313700 0.002994400 0.005316940 0.006308440 0.004221920 0.003523290 0.003839570 0.003618280 0.001192710 0.003720000 0.004186320 0.001922110 0.005734540 0.006229630 0.004000440 0.001147930 0.002128890 0.005779810 0.003480910 0.002221650 0.000208020 0.003846840 0.001806750 0.002357950 0.005702690 0.003558620 0.005380670 0.005387050 0.001599460 0.004217970 
16     0.000381500 0.004720280 0.004859000 0.006102690 0.000875630 0.000373840 0.000000000 0.000106430 0.005593940 0.005880010 0.005120790 0.006126020 0.005116020 0.006105790 0.001121990 0.002205270 0.003704770 0.005910590 0.000805390 0.004423280 0.004307760 0.002321410 0.002116780 0.008979430 0.005972450 0.006860010 0.004319230 0.002764170 0.004405590 0.002327040 0.000821450 0.003977930 0.000278410 0.005354770 0.004673950 0.004553280 0.001720540 0.003567850 0.001476620 0.004710740 0.002734960 0.002237030 0.002366220 0.007476120 0.006886040 0.003309210 0.003219840 0.004636330 0.003122230 0.003110770 0.003563170 
13     0.000484590 0.002688230 0.002250710 0.003525310 0.000978720 0.000476930 0.000106430 0.000000000 0.007151220 0.003748330 0.004198790 0.003222440 0.007421180 0.005633430 0.000950870 0.002034150 0.002508750 0.006395770 0.000128860 0.002255410 0.004410850 0.007574880 0.004914480 0.007284850 0.010682920 0.003795410 0.005149610 0.002775030 0.003927710 0.004584920 0.002122690 0.003400510 0.007826040 0.007765200 0.008448180 0.006031100 0.001143120 0.002262710 0.003189440 0.002851120 0.001897980 0.001916660 0.001107660 0.006585420 0.007191150 0.007726570 0.006725720 0.005842300 0.001933090 0.001684700 0.007370690 
12     0.002032990 0.001002060 0.007979470 0.006282320 0.001108330 0.000793730 0.005593940 0.007151220 0.000000000 0.001772130 0.000321850 0.003518600 0.003238760 0.001620330 0.001457130 0.002164310 0.002556010 0.003500980 0.004366220 0.006934010 0.000859000 0.005847390 0.001753770 0.003270450 0.004253580 0.005572490 0.007857500 0.004147680 0.003860530 0.006421590 0.007013730 0.001197090 0.004280190 0.001694410 0.004919720 0.001745560 0.002125510 0.002453430 0.000282650 0.004456840 0.004168360 0.004437030 0.004392480 0.000746290 0.003752910 0.005088910 0.004081280 0.004766890 0.004773270 0.004584320 0.005432750 
3     0.002471640 0.004852650 0.003221640 0.006231660 0.002866080 0.003004080 0.005880010 0.003748330 0.001772130 0.000000000 0.000002220 0.002320540 0.001104690 0.004937940 0.001564620 0.001558380 0.003933780 0.004322120 0.003725660 0.004907760 0.001181900 0.002451100 0.003986980 0.001976560 0.000139360 0.002470510 0.003549510 0.002806190 0.003307820 0.005952280 0.003042220 0.001917820 0.003095800 0.004142570 0.003763870 0.004568210 0.004828130 0.004359790 0.002121810 0.001531360 0.004703040 0.004153330 0.001709420 0.004264320 0.006036970 0.006172430 0.001759620 0.003278040 0.004030480 0.002779880 0.002683000 
14     0.002291660 0.003144530 0.003102680 0.001744000 0.002865280 0.003003280 0.005120790 0.004198790 0.000321850 0.000002220 0.000000000 0.003228230 0.003045570 0.004218330 0.002522580 0.002516340 0.002757580 0.004725010 0.004364190 0.006228650 0.003683140 0.003220550 0.006472480 0.005079670 0.001742070 0.005573620 0.003509570 0.000969480 0.003723240 0.006459580 0.005156380 0.002875780 0.004053760 0.003961980 0.004721830 0.003096290 0.007544030 0.000364100 0.001738850 0.002353610 0.005661000 0.004146660 0.000849410 0.001466760 0.001677420 0.004798540 0.003790910 0.003611180 0.004482900 0.003737840 0.001007930 
11     0.003034650 0.004434400 0.006009880 0.002798820 0.000163730 0.002036040 0.006126020 0.003222440 0.003518600 0.002320540 0.003228230 0.000000000 0.000184320 0.002961350 0.003671280 0.003835010 0.001430440 0.003458730 0.002318580 0.003377030 0.004426130 0.007031330 0.003527520 0.003527390 0.005208440 0.002655290 0.004918370 0.003897390 0.004084150 0.002212620 0.001990380 0.005609360 0.002054980 0.001161040 0.006256360 0.003839280 0.000093520 0.002756200 0.003079430 0.003382530 0.006453150 0.004889650 0.004845100 0.003767260 0.000808400 0.004068150 0.004533900 0.002531730 0.002596380 0.001566420 0.005885370 
9     0.002851990 0.000960900 0.004864400 0.001359580 0.005787830 0.001251900 0.005116020 0.007421180 0.003238760 0.001104690 0.003045570 0.000184320 0.000000000 0.001637030 0.000788640 0.001016120 0.001309670 0.002062530 0.001804490 0.003588340 0.004084110 0.006410650 0.000297420 0.001562670 0.002734930 0.004783690 0.002343580 0.004490290 0.006927090 0.006776680 0.003475770 0.004363050 0.005399380 0.005390720 0.006073700 0.002112780 0.000814850 0.003481120 0.002258780 0.001024840 0.006270490 0.001710610 0.004662440 0.002431510 0.001865020 0.002225080 0.003882880 0.004489090 0.004503050 0.004405270 0.004032660 
5     0.003200730 0.004101390 0.005418040 0.003174700 0.005329210 0.006255530 0.006105790 0.005633430 0.001620330 0.004937940 0.004218330 0.002961350 0.001637030 0.000000000 0.000621940 0.000362780 0.000420220 0.006568580 0.002808790 0.001163940 0.004806670 0.002926450 0.003853160 0.001705410 0.000806520 0.000121770 0.000672220 0.006405990 0.006827970 0.002121920 0.003735290 0.005981310 0.001549870 0.001889610 0.005172850 0.001643870 0.000751510 0.006075660 0.001309520 0.005659270 0.002039720 0.005106320 0.003639150 0.003597040 0.002164880 0.003187910 0.001259100 0.003998220 0.003916050 0.005732510 0.005994260 
8     0.001558650 0.005352990 0.002198160 0.000977090 0.003046970 0.003031730 0.001121990 0.000950870 0.001457130 0.001564620 0.002522580 0.003671280 0.000788640 0.000621940 0.000000000 0.000006820 0.002059770 0.001584680 0.003452230 0.001029540 0.001994850 0.003756370 0.005739470 0.006846350 0.007296500 0.002778860 0.004398290 0.001128780 0.001407030 0.002876690 0.001440070 0.000762880 0.002249760 0.001814040 0.002917830 0.001414950 0.003648400 0.001448430 0.001711390 0.001923440 0.003857020 0.003307310 0.000650440 0.005286120 0.003729220 0.001061850 0.003057900 0.002630380 0.002647000 0.001309520 0.002570180 
15     0.001457860 0.006087830 0.002211180 0.000799580 0.002349140 0.002353310 0.002205270 0.002034150 0.002164310 0.001558380 0.002516340 0.003835010 0.001016120 0.000362780 0.000006820 0.000000000 0.000699240 0.002844710 0.003225060 0.001075370 0.002007870 0.001099240 0.005638680 0.006745560 0.007397060 0.003001990 0.005100430 0.001133820 0.001412070 0.001012740 0.000906090 0.000756640 0.002243520 0.001863220 0.002911590 0.002262490 0.003474420 0.004983440 0.001705150 0.001587050 0.003850780 0.003301070 0.000973770 0.002998700 0.003491080 0.001276110 0.002957110 0.002582090 0.002640760 0.001303280 0.004208930 
6     0.005036000 0.000489950 0.005315760 0.004014570 0.001769760 0.003454310 0.003704770 0.002508750 0.002556010 0.003933780 0.002757580 0.001430440 0.001309670 0.000420220 0.002059770 0.000699240 0.000000000 0.007277910 0.004426930 0.003532000 0.007164140 0.005157320 0.000176870 0.001279090 0.004654950 0.000382110 0.001142250 0.003144500 0.002384920 0.001914950 0.002436970 0.001280840 0.002626390 0.004871870 0.004589690 0.006330420 0.001711220 0.005882530 0.005359720 0.001343760 0.003897770 0.003531040 0.004987120 0.002429780 0.002172680 0.006229080 0.006327590 0.004421420 0.003526090 0.000526400 0.005087050 
18     0.001332580 0.002048090 0.006836120 0.000851550 0.002197710 0.002335710 0.005910590 0.006395770 0.003500980 0.004322120 0.004725010 0.003458730 0.002062530 0.006568580 0.001584680 0.002844710 0.007277910 0.000000000 0.000997650 0.000596850 0.000789350 0.001011070 0.004815280 0.004027000 0.000986250 0.005798840 0.001243560 0.004982220 0.005680600 0.004163950 0.004002240 0.004718860 0.009410040 0.009082770 0.009345310 0.007149380 0.002661220 0.002884050 0.006308780 0.007356050 0.006826380 0.007497640 0.005902810 0.004681440 0.004523070 0.006174340 0.005798650 0.004477270 0.001389650 0.000533760 0.005802530 
21     0.000470230 0.001140940 0.001089430 0.003393010 0.002474630 0.002916490 0.000805390 0.000128860 0.004366220 0.003725660 0.004364190 0.002318580 0.001804490 0.002808790 0.003452230 0.003225060 0.004426930 0.000997650 0.000000000 0.000133090 0.001003960 0.003936090 0.005123820 0.000685670 0.001514770 0.003804120 0.004039990 0.001646580 0.002381770 0.002525880 0.004028550 0.002949320 0.007348700 0.007898290 0.002777170 0.001030770 0.004192130 0.001325630 0.002534120 0.004062880 0.001876790 0.000847080 0.004038500 0.004602360 0.004601310 0.004853200 0.001705050 0.003841250 0.003343940 0.005548270 0.000321030 
35     0.001584530 0.005624860 0.006941510 0.006008460 0.001379060 0.000700830 0.004423280 0.002255410 0.006934010 0.004907760 0.006228650 0.003377030 0.003588340 0.001163940 0.001029540 0.001075370 0.003532000 0.000596850 0.000133090 0.000000000 0.004305100 0.000844160 0.003495380 0.006428880 0.006366240 0.001339540 0.007685390 0.000667800 0.000753120 0.002330860 0.002480240 0.001824480 0.007917590 0.003713210 0.008233000 0.005174250 0.001513140 0.002307520 0.002453580 0.002821130 0.001859570 0.002450610 0.003003510 0.002849230 0.002913460 0.002373110 0.001088090 0.005036480 0.003478830 0.001731510 0.000796740 
50     0.001723620 0.003040370 0.002855670 0.007903030 0.002850120 0.003969150 0.004307760 0.004410850 0.000859000 0.001181900 0.003683140 0.004426130 0.004084110 0.004806670 0.001994850 0.002007870 0.007164140 0.000789350 0.001003960 0.004305100 0.000000000 0.000895580 0.003544380 0.003211340 0.001753940 0.002091110 0.003235610 0.001765140 0.001761350 0.001644200 0.001156740 0.004512780 0.003911970 0.001368460 0.003578290 0.001161210 0.001468660 0.003356820 0.004301840 0.002798640 0.002783220 0.002211580 0.000253890 0.003912550 0.000363270 0.002863460 0.001855830 0.002541440 0.002547820 0.002358870 0.002496750 
26     0.005905420 0.002243440 0.003544560 0.012620110 0.002653520 0.002313700 0.002321410 0.007574880 0.005847390 0.002451100 0.003220550 0.007031330 0.006410650 0.002926450 0.003756370 0.001099240 0.005157320 0.001011070 0.003936090 0.000844160 0.000895580 0.000000000 0.002550610 0.001193270 0.005022040 0.002217350 0.001998560 0.001092320 0.001388670 0.001464290 0.002055980 0.000420860 0.000741620 0.000804530 0.001417790 0.001773170 0.003196520 0.002311510 0.001464840 0.007778520 0.004147460 0.003531620 0.002078570 0.003901380 0.003933080 0.007892110 0.004465340 0.003726090 0.001932200 0.003747710 0.001014040 
39     0.002906870 0.007011300 0.003791550 0.001281320 0.003142130 0.002994400 0.002116780 0.004914480 0.001753770 0.003986980 0.006472480 0.003527520 0.000297420 0.003853160 0.005739470 0.005638680 0.000176870 0.004815280 0.005123820 0.003495380 0.003544380 0.002550610 0.000000000 0.000041720 0.000260450 0.001794830 0.001273840 0.000787350 0.002856940 0.002437570 0.002325960 0.008828570 0.002829190 0.001100890 0.001960740 0.003950550 0.004227370 0.005405110 0.007091180 0.003996550 0.001734200 0.001121380 0.002708640 0.006349340 0.006171760 0.005652800 0.004645170 0.005330780 0.005337160 0.005148210 0.001520080 
20     0.003620920 0.004718500 0.003341490 0.001353450 0.006668250 0.005316940 0.008979430 0.007284850 0.003270450 0.001976560 0.005079670 0.003527390 0.001562670 0.001705410 0.006846350 0.006745560 0.001279090 0.004027000 0.000685670 0.006428880 0.003211340 0.001193270 0.000041720 0.000000000 0.000106850 0.000644430 0.000284130 0.004703700 0.004335510 0.003706220 0.002978030 0.000711550 0.003617400 0.000528010 0.006368180 0.002635140 0.001573240 0.000303310 0.008198060 0.004729970 0.000562940 0.003021810 0.006063250 0.001888340 0.002058480 0.005351100 0.004942590 0.006437660 0.000692380 0.001546380 0.004923850 
41     0.006176840 0.001678710 0.004387380 0.000333940 0.007132990 0.006308440 0.005972450 0.010682920 0.004253580 0.000139360 0.001742070 0.005208440 0.002734930 0.000806520 0.007296500 0.007397060 0.004654950 0.000986250 0.001514770 0.006366240 0.001753940 0.005022040 0.000260450 0.000106850 0.000000000 0.002761080 0.000733160 0.000560300 0.001285450 0.006452790 0.003811920 0.004142680 0.008004290 0.005229870 0.007353990 0.010078840 0.001031400 0.002198190 0.010289040 0.004374920 0.006765830 0.005034000 0.003800830 0.004417620 0.005186580 0.006461590 0.005037470 0.000545750 0.010079710 0.007031890 0.002627070 
22     0.000449670 0.005471440 0.005509580 0.005877220 0.005662390 0.004221920 0.006860010 0.003795410 0.005572490 0.002470510 0.005573620 0.002655290 0.004783690 0.000121770 0.002778860 0.003001990 0.000382110 0.005798840 0.003804120 0.001339540 0.002091110 0.002217350 0.001794830 0.000644430 0.002761080 0.000000000 0.000227350 0.001391400 0.000900740 0.002945930 0.002490770 0.004797100 0.002844750 0.002907660 0.002810740 0.003876300 0.006340190 0.000650990 0.002857790 0.003429450 0.004284500 0.004341200 0.004351860 0.001245750 0.002676370 0.007416980 0.001783900 0.004703260 0.005513020 0.003838160 0.008976750 
38     0.006336860 0.000194020 0.007032220 0.003886740 0.003008010 0.003523290 0.004319230 0.005149610 0.007857500 0.003549510 0.003509570 0.004918370 0.002343580 0.000672220 0.004398290 0.005100430 0.001142250 0.001243560 0.004039990 0.007685390 0.003235610 0.001998560 0.001273840 0.000284130 0.000733160 0.000227350 0.000000000 0.002266480 0.001443590 0.002802080 0.002611780 0.002472260 0.002625960 0.000688810 0.000712360 0.003657510 0.004115660 0.007555570 0.002639000 0.005465920 0.001548580 0.001735540 0.003389980 0.005389490 0.005324310 0.006311570 0.006420610 0.004120970 0.004631390 0.000113450 0.003880320 
19     0.000632100 0.005210130 0.004162120 0.002818460 0.003509360 0.003839570 0.002764170 0.002775030 0.004147680 0.002806190 0.000969480 0.003897390 0.004490290 0.006405990 0.001128780 0.001133820 0.003144500 0.004982220 0.001646580 0.000667800 0.001765140 0.001092320 0.000787350 0.004703700 0.000560300 0.001391400 0.002266480 0.000000000 0.000000560 0.000590080 0.000467040 0.003962770 0.001719720 0.001782630 0.000326350 0.001408030 0.007908460 0.001798930 0.000427000 0.001988080 0.004021900 0.000977310 0.002413850 0.000986210 0.001841380 0.001437710 0.001366780 0.000464910 0.000577930 0.002605690 0.004758980 
24     0.002698290 0.001582700 0.004347960 0.002707980 0.003532390 0.003618280 0.004405590 0.003927710 0.003860530 0.003307820 0.003723240 0.004084150 0.006927090 0.006827970 0.001407030 0.001412070 0.002384920 0.005680600 0.002381770 0.000753120 0.001761350 0.001388670 0.002856940 0.004335510 0.001285450 0.000900740 0.001443590 0.000000560 0.000000000 0.000886430 0.000952980 0.004661150 0.001471260 0.001405100 0.000355340 0.003047620 0.008363320 0.009059760 0.000723350 0.002237980 0.005007450 0.003581830 0.001445020 0.001374320 0.002229490 0.001825820 0.000432990 0.002021990 0.000784830 0.003677990 0.001508250 
29     0.004500060 0.002194910 0.004631270 0.003928000 0.001532530 0.001192710 0.002327040 0.004584920 0.006421590 0.005952280 0.006459580 0.002212620 0.006776680 0.002121920 0.002876690 0.001012740 0.001914950 0.004163950 0.002525880 0.002330860 0.001644200 0.001464290 0.002437570 0.003706220 0.006452790 0.002945930 0.002802080 0.000590080 0.000886430 0.000000000 0.001120620 0.001834570 0.002255320 0.002149520 0.000915550 0.003286870 0.006230300 0.003955040 0.000163100 0.004517260 0.003474000 0.004988020 0.004340100 0.006860490 0.006270410 0.005639900 0.004632270 0.002865680 0.000852790 0.005135310 0.007288600 
46     0.004207100 0.006921960 0.003889160 0.004106020 0.003849950 0.003720000 0.000821450 0.002122690 0.007013730 0.003042220 0.005156380 0.001990380 0.003475770 0.003735290 0.001440070 0.000906090 0.002436970 0.004002240 0.004028550 0.002480240 0.001156740 0.002055980 0.002325960 0.002978030 0.003811920 0.002490770 0.002611780 0.000467040 0.000952980 0.001120620 0.000000000 0.002525230 0.002017240 0.002413040 0.003474380 0.004201430 0.005138100 0.000358240 0.003158620 0.002214010 0.004939930 0.005251800 0.005207250 0.004211660 0.004179220 0.005113180 0.004896050 0.001677600 0.005588040 0.005399090 0.002708990 
49     0.001459210 0.004400310 0.004517820 0.000833050 0.004904180 0.004186320 0.003977930 0.003400510 0.001197090 0.001917820 0.002875780 0.005609360 0.004363050 0.005981310 0.000762880 0.000756640 0.001280840 0.004718860 0.002949320 0.001824480 0.004512780 0.000420860 0.008828570 0.000711550 0.004142680 0.004797100 0.002472260 0.003962770 0.004661150 0.001834570 0.002525230 0.000000000 0.000008870 0.002374270 0.001139660 0.001444170 0.001583860 0.001074500 0.002064590 0.004753270 0.002965340 0.003660510 0.003831930 0.006027750 0.005796430 0.006185570 0.001431190 0.004318120 0.001258040 0.001287610 0.007180560 
31     0.000360980 0.001526970 0.001653880 0.008099020 0.003110710 0.001922110 0.000278410 0.007826040 0.004280190 0.003095800 0.004053760 0.002054980 0.005399380 0.001549870 0.002249760 0.002243520 0.002626390 0.009410040 0.007348700 0.007917590 0.003911970 0.000741620 0.002829190 0.003617400 0.008004290 0.002844750 0.002625960 0.001719720 0.001471260 0.002255320 0.002017240 0.000008870 0.000000000 0.000140830 0.000356720 0.001025810 0.002575810 0.002404950 0.002092240 0.004948310 0.003964400 0.003259950 0.004192840 0.002843060 0.005643640 0.002031260 0.001836920 0.004691110 0.004697490 0.002882740 0.006246920 
33     0.002870870 0.002387180 0.001090890 0.005428540 0.005829430 0.005734540 0.005354770 0.007765200 0.001694410 0.004142570 0.003961980 0.001161040 0.005390720 0.001889610 0.001814040 0.001863220 0.004871870 0.009082770 0.007898290 0.003713210 0.001368460 0.000804530 0.001100890 0.000528010 0.005229870 0.002907660 0.000688810 0.001782630 0.001405100 0.002149520 0.002413040 0.002374270 0.000140830 0.000000000 0.000158780 0.001447520 0.002593840 0.002235570 0.001012150 0.003931650 0.002864910 0.003174380 0.003093350 0.003926040 0.004626980 0.003996470 0.002669420 0.002726240 0.003078640 0.001174730 0.000704000 
23     0.003553850 0.006542440 0.003709640 0.007893350 0.003141270 0.006229630 0.004673950 0.008448180 0.004919720 0.003763870 0.004721830 0.006256360 0.006073700 0.005172850 0.002917830 0.002911590 0.004589690 0.009345310 0.002777170 0.008233000 0.003578290 0.001417790 0.001960740 0.006368180 0.007353990 0.002810740 0.000712360 0.000326350 0.000355340 0.000915550 0.003474380 0.001139660 0.000356720 0.000158780 0.000000000 0.001289180 0.005788160 0.001368340 0.000752470 0.003687210 0.003010850 0.003320320 0.000958860 0.002077900 0.001189640 0.004679450 0.002434370 0.001304190 0.004363810 0.003770390 0.004482920 
42     0.001136770 0.003931670 0.003878200 0.004083740 0.005261360 0.004000440 0.004553280 0.006031100 0.001745560 0.004568210 0.003096290 0.003839280 0.002112780 0.001643870 0.001414950 0.002262490 0.006330420 0.007149380 0.001030770 0.005174250 0.001161210 0.001773170 0.003950550 0.002635140 0.010078840 0.003876300 0.003657510 0.001408030 0.003047620 0.003286870 0.004201430 0.001444170 0.001025810 0.001447520 0.001289180 0.000000000 0.001425210 0.000842960 0.002711320 0.002197550 0.001500830 0.001166730 0.001565940 0.003482960 0.002892880 0.002262370 0.001254740 0.001940350 0.001004370 0.000813130 0.003925310 
40     0.003330420 0.000406290 0.003540190 0.005159120 0.001221500 0.001147930 0.001720540 0.001143120 0.002125510 0.004828130 0.007544030 0.000093520 0.000814850 0.000751510 0.003648400 0.003474420 0.001711220 0.002661220 0.004192130 0.001513140 0.001468660 0.003196520 0.004227370 0.001573240 0.001031400 0.006340190 0.004115660 0.007908460 0.008363320 0.006230300 0.005138100 0.001583860 0.002575810 0.002593840 0.005788160 0.001425210 0.000000000 0.000010200 0.002431500 0.003157760 0.002578220 0.002891240 0.003166230 0.002778330 0.002932820 0.004954870 0.000075050 0.002096250 0.001368710 0.000900490 0.005109140 
25     0.001831630 0.003865280 0.000909810 0.001992950 0.002334350 0.002128890 0.003567850 0.002262710 0.002453430 0.004359790 0.000364100 0.002756200 0.003481120 0.006075660 0.001448430 0.004983440 0.005882530 0.002884050 0.001325630 0.002307520 0.003356820 0.002311510 0.005405110 0.000303310 0.002198190 0.000650990 0.007555570 0.001798930 0.009059760 0.003955040 0.000358240 0.001074500 0.002404950 0.002235570 0.001368340 0.000842960 0.000010200 0.000000000 0.002084700 0.000162300 0.000368210 0.003198580 0.002935450 0.001214610 0.001012920 0.004305260 0.002681860 0.001268520 0.001807470 0.000391130 0.004276020 
45     0.001897130 0.002873980 0.003273240 0.004880840 0.002843560 0.005779810 0.001476620 0.003189440 0.000282650 0.002121810 0.001738850 0.003079430 0.002258780 0.001309520 0.001711390 0.001705150 0.005359720 0.006308780 0.002534120 0.002453580 0.004301840 0.001464840 0.007091180 0.008198060 0.010289040 0.002857790 0.002639000 0.000427000 0.000723350 0.000163100 0.003158620 0.002064590 0.002092240 0.001012150 0.000752470 0.002711320 0.002431500 0.002084700 0.000000000 0.002539590 0.001195310 0.001859470 0.001330650 0.001624640 0.001983110 0.005130260 0.004122630 0.004821090 0.004177250 0.002926650 0.004630770 
36     0.000658520 0.000726630 0.006104850 0.006703830 0.007146950 0.003480910 0.004710740 0.002851120 0.004456840 0.001531360 0.002353610 0.003382530 0.001024840 0.005659270 0.001923440 0.001587050 0.001343760 0.007356050 0.004062880 0.002821130 0.002798640 0.007778520 0.003996550 0.004729970 0.004374920 0.003429450 0.005465920 0.001988080 0.002237980 0.004517260 0.002214010 0.004753270 0.004948310 0.003931650 0.003687210 0.002197550 0.003157760 0.000162300 0.002539590 0.000000000 0.001961150 0.001411440 0.000540180 0.003323630 0.002733550 0.000448810 0.001095410 0.003320780 0.002419530 0.001384360 0.003742660 
28     0.003188520 0.004995190 0.006302750 0.004760380 0.004437400 0.002221650 0.002734960 0.001897980 0.004168360 0.004703040 0.005661000 0.006453150 0.006270490 0.002039720 0.003857020 0.003850780 0.003897770 0.006826380 0.001876790 0.001859570 0.002783220 0.004147460 0.001734200 0.000562940 0.006765830 0.004284500 0.001548580 0.004021900 0.005007450 0.003474000 0.004939930 0.002965340 0.003964400 0.002864910 0.003010850 0.001500830 0.002578220 0.000368210 0.001195310 0.001961150 0.000000000 0.000029540 0.000471970 0.003344950 0.000570180 0.002014840 0.000481860 0.004297220 0.004303600 0.002074030 0.000183500 
34     0.002187140 0.003282080 0.004589640 0.002363120 0.001476160 0.000208020 0.002237030 0.001916660 0.004437030 0.004153330 0.004146660 0.004889650 0.001710610 0.005106320 0.003307310 0.003301070 0.003531040 0.007497640 0.000847080 0.002450610 0.002211580 0.003531620 0.001121380 0.003021810 0.005034000 0.004341200 0.001735540 0.000977310 0.003581830 0.004988020 0.005251800 0.003660510 0.003259950 0.003174380 0.003320320 0.001166730 0.002891240 0.003198580 0.001859470 0.001411440 0.000029540 0.000000000 0.000263430 0.001716900 0.001588630 0.001878140 0.000870510 0.002733720 0.000036050 0.002551150 0.001608100 
27     0.002142590 0.005588700 0.004503340 0.000701990 0.003647080 0.003846840 0.002366220 0.001107660 0.004392480 0.001709420 0.000849410 0.004845100 0.004662440 0.003639150 0.000650440 0.000973770 0.004987120 0.005902810 0.004038500 0.003003510 0.000253890 0.002078570 0.002708640 0.006063250 0.003800830 0.004351860 0.003389980 0.002413850 0.001445020 0.004340100 0.005207250 0.003831930 0.004192840 0.003093350 0.000958860 0.001565940 0.003166230 0.002935450 0.001330650 0.000540180 0.000471970 0.000263430 0.000000000 0.002191520 0.002255750 0.001833590 0.000825960 0.002689170 0.002695550 0.002506600 0.003697950 
47     0.003551570 0.003864910 0.004048230 0.005611980 0.000364110 0.001806750 0.007476120 0.006585420 0.000746290 0.004264320 0.001466760 0.003767260 0.002431510 0.003597040 0.005286120 0.002998700 0.002429780 0.004681440 0.004602360 0.002849230 0.003912550 0.003901380 0.006349340 0.001888340 0.004417620 0.001245750 0.005389490 0.000986210 0.001374320 0.006860490 0.004211660 0.006027750 0.002843060 0.003926040 0.002077900 0.003482960 0.002778330 0.001214610 0.001624640 0.003323630 0.003344950 0.001716900 0.002191520 0.000000000 0.000024300 0.000811110 0.000697370 0.002814600 0.001597450 0.002988160 0.003989440 
32     0.003469530 0.003799030 0.004535560 0.005546100 0.000915310 0.002357950 0.006886040 0.007191150 0.003752910 0.006036970 0.001677420 0.000808400 0.001865020 0.002164880 0.003729220 0.003491080 0.002172680 0.004523070 0.004601310 0.002913460 0.000363270 0.003933080 0.006171760 0.002058480 0.005186580 0.002676370 0.005324310 0.001841380 0.002229490 0.006270410 0.004179220 0.005796430 0.005643640 0.004626980 0.001189640 0.002892880 0.002932820 0.001012920 0.001983110 0.002733550 0.000570180 0.001588630 0.002255750 0.000024300 0.000000000 0.000293260 0.000022770 0.003323040 0.002105890 0.003833540 0.004225380 
37     0.002839020 0.005499430 0.005044960 0.003090670 0.005339410 0.005702690 0.003309210 0.007726570 0.005088910 0.006172430 0.004798540 0.004068150 0.002225080 0.003187910 0.001061850 0.001276110 0.006229080 0.006174340 0.004853200 0.002373110 0.002863460 0.007892110 0.005652800 0.005351100 0.006461590 0.007416980 0.006311570 0.001437710 0.001825820 0.005639900 0.005113180 0.006185570 0.002031260 0.003996470 0.004679450 0.002262370 0.004954870 0.004305260 0.005130260 0.000448810 0.002014840 0.001878140 0.001833590 0.000811110 0.000293260 0.000000000 0.000128350 0.003385600 0.003224500 0.002666830 0.005627560 
48     0.001831390 0.005672250 0.002538310 0.003501660 0.006226660 0.003558620 0.003219840 0.006725720 0.004081280 0.001759620 0.003790910 0.004533900 0.003882880 0.001259100 0.003057900 0.002957110 0.006327590 0.005798650 0.001705050 0.001088090 0.001855830 0.004465340 0.004645170 0.004942590 0.005037470 0.001783900 0.006420610 0.001366780 0.000432990 0.004632270 0.004896050 0.001431190 0.001836920 0.002669420 0.002434370 0.001254740 0.000075050 0.002681860 0.004122630 0.001095410 0.000481860 0.000870510 0.000825960 0.000697370 0.000022770 0.000128350 0.000000000 0.001234810 0.002384350 0.002195400 0.004534680 
43     0.002517000 0.003650240 0.002010680 0.006763180 0.003907810 0.005380670 0.004636330 0.005842300 0.004766890 0.003278040 0.003611180 0.002531730 0.004489090 0.003998220 0.002630380 0.002582090 0.004421420 0.004477270 0.003841250 0.005036480 0.002541440 0.003726090 0.005330780 0.006437660 0.000545750 0.004703260 0.004120970 0.000464910 0.002021990 0.002865680 0.001677600 0.004318120 0.004691110 0.002726240 0.001304190 0.001940350 0.002096250 0.001268520 0.004821090 0.003320780 0.004297220 0.002733720 0.002689170 0.002814600 0.003323040 0.003385600 0.001234810 0.000000000 0.000041320 0.000220390 0.004096000 
44     0.002523380 0.004625670 0.004741830 0.006491570 0.000828950 0.005387050 0.003122230 0.001933090 0.004773270 0.004030480 0.004482900 0.002596380 0.004503050 0.003916050 0.002647000 0.002640760 0.003526090 0.001389650 0.003343940 0.003478830 0.002547820 0.001932200 0.005337160 0.000692380 0.010079710 0.005513020 0.004631390 0.000577930 0.000784830 0.000852790 0.005588040 0.001258040 0.004697490 0.003078640 0.004363810 0.001004370 0.001368710 0.001807470 0.004177250 0.002419530 0.004303600 0.000036050 0.002695550 0.001597450 0.002105890 0.003224500 0.002384350 0.000041320 0.000000000 0.000056580 0.001273030 
30     0.002334430 0.004361440 0.001496870 0.003154030 0.005151940 0.001599460 0.003110770 0.001684700 0.004584320 0.002779880 0.003737840 0.001566420 0.004405270 0.005732510 0.001309520 0.001303280 0.000526400 0.000533760 0.005548270 0.001731510 0.002358870 0.003747710 0.005148210 0.001546380 0.007031890 0.003838160 0.000113450 0.002605690 0.003677990 0.005135310 0.005399090 0.001287610 0.002882740 0.001174730 0.003770390 0.000813130 0.000900490 0.000391130 0.002926650 0.001384360 0.002074030 0.002551150 0.002506600 0.002988160 0.003833540 0.002666830 0.002195400 0.000220390 0.000056580 0.000000000 0.005122970 
0     0.002388700 0.004294160 0.002804210 0.002433910 0.004914410 0.004217970 0.003563170 0.007370690 0.005432750 0.002683000 0.001007930 0.005885370 0.004032660 0.005994260 0.002570180 0.004208930 0.005087050 0.005802530 0.000321030 0.000796740 0.002496750 0.001014040 0.001520080 0.004923850 0.002627070 0.008976750 0.003880320 0.004758980 0.001508250 0.007288600 0.002708990 0.007180560 0.006246920 0.000704000 0.004482920 0.003925310 0.005109140 0.004276020 0.004630770 0.003742660 0.000183500 0.001608100 0.003697950 0.003989440 0.004225380 0.005627560 0.004534680 0.004096000 0.001273030 0.005122970 0.000000000 
