51
4     0.000000000 0.271534762 0.162781142 0.164909819 1.377429091 1.321182202 1.266956907 1.345317983 1.359479483 0.641520819 0.809020987 0.797864454 0.805449703 0.640157592 0.884515722 0.768475154 0.723619257 0.773651782 0.780579039 0.793843748 1.032013260 0.634185616 0.688227841 0.889214321 0.622316023 0.823859830 0.949077105 0.752467325 0.682693409 0.601660827 0.586525755 0.731013131 1.545394703 1.462155649 1.431269327 1.425422353 1.460290106 1.608088497 1.657234171 1.692184709 1.095913092 1.092258608 1.497444869 1.490777277 1.527570316 0.798711736 0.810895106 0.769105741 0.977274799 1.283912376 1.320704811 
11     0.271534762 0.000000000 0.203888972 0.206546926 1.466189320 1.409922388 1.355485168 1.434312969 1.448469875 0.727469376 0.896585688 0.885429155 0.893300898 0.728037666 0.972440700 0.858568015 0.813823076 0.862506223 0.869433480 0.882698189 1.120729823 0.723927931 0.778157675 0.977980066 0.711033865 0.912654365 1.037782654 0.841062156 0.771413945 0.690381362 0.675274961 0.817419619 1.632053915 1.548751041 1.518299322 1.511480819 1.546371809 1.694239850 1.743385524 1.778336062 1.182079124 1.178424640 1.583611454 1.576943862 1.613196060 0.884687175 0.896964458 0.855009974 1.063121995 1.369984874 1.406738888 
15     0.162781142 0.203888972 0.000000000 0.034812855 1.357892113 1.301625181 1.247141806 1.325969607 1.340126750 0.619132006 0.788500248 0.777343715 0.784952075 0.619688844 0.864091877 0.750169638 0.705424699 0.754107846 0.761035103 0.774299812 1.012331446 0.615529553 0.669759298 0.869580817 0.602633344 0.804257276 0.929376034 0.732838064 0.663027706 0.581995123 0.566877872 0.709178365 1.523812660 1.440509787 1.410094018 1.403291845 1.438159599 1.586034546 1.635180220 1.670130758 1.073863036 1.070208552 1.475394815 1.468727223 1.504980727 0.776487374 0.788767950 0.746903282 0.955034004 1.261779650 1.298520280 
22     0.164909819 0.206546926 0.034812855 0.000000000 1.359979732 1.303712799 1.249229424 1.328057225 1.342214368 0.621360955 0.790729197 0.779572664 0.787181024 0.621917792 0.866320826 0.752348959 0.707604020 0.756287167 0.763214424 0.776479133 1.014510767 0.617708874 0.671938619 0.871760138 0.604812665 0.806436597 0.931555355 0.735017385 0.665207027 0.584174444 0.569057193 0.711407314 1.526041609 1.442738736 1.412322967 1.405520794 1.440388548 1.588263495 1.637409169 1.672359707 1.076091985 1.072437501 1.477623764 1.470956172 1.507209676 0.778716323 0.790996899 0.749132231 0.957262953 1.264008599 1.300749229 
5     1.377429091 1.466189320 1.357892113 1.359979732 0.000000000 0.192068696 0.586188924 0.638354195 0.644799890 1.522626290 1.686298592 1.675860134 1.681363391 1.518022268 1.759298141 1.642802332 1.599331511 1.642382996 1.649310855 1.662575708 1.901582151 1.502308489 1.555850246 1.754859005 1.497279463 1.691838424 1.807093016 1.616443610 1.553958369 1.474799792 1.461212448 1.621386721 2.434823205 2.351044752 2.306771255 2.301841798 2.336702330 2.468889925 2.534446776 2.569479001 1.951337955 1.946668479 2.373001267 2.366507355 2.398833474 1.677416200 1.691164167 1.650179905 1.860014958 2.150619140 2.199026949 
34     1.321182202 1.409922388 1.301625181 1.303712799 0.192068696 0.000000000 0.528162247 0.563881504 0.569649959 1.466332350 1.629990551 1.619552093 1.625055350 1.461714227 1.702975193 1.586495119 1.543024298 1.586075782 1.593003641 1.606268495 1.845274938 1.446001276 1.499543032 1.698551791 1.440972250 1.635531210 1.750785802 1.560186713 1.497651156 1.418492579 1.404905235 1.565089051 2.378525535 2.294747082 2.250473584 2.245544128 2.280404660 2.412592255 2.478149106 2.513181331 1.895040285 1.890370809 2.316703596 2.310209684 2.342535803 1.621118530 1.634866497 1.593882234 1.803717288 2.094321470 2.142729279 
7     1.266956907 1.355485168 1.247141806 1.249229424 0.586188924 0.528162247 0.000000000 0.410871059 0.424194734 1.407975125 1.571542675 1.561104217 1.566607473 1.403271141 1.644528329 1.528139479 1.490942651 1.526790814 1.533718672 1.546983526 1.786683229 1.386978718 1.440649676 1.641738338 1.384108236 1.577716294 1.701795807 1.502530911 1.440793599 1.360471903 1.346919284 1.510465233 2.323953358 2.240174905 2.201852128 2.196922671 2.231783204 2.363760812 2.429040025 2.463990563 1.854693931 1.850024455 2.275972642 2.269495836 2.299930172 1.572040198 1.585788164 1.544634701 1.754471398 2.052138892 2.093331074 
10     1.345317983 1.434312969 1.325969607 1.328057225 0.638354195 0.563881504 0.410871059 0.000000000 0.267368147 1.489054170 1.652447090 1.642008632 1.647370041 1.484216909 1.725432481 1.610356761 1.566217560 1.609925844 1.616853703 1.630118556 1.869123523 1.469849092 1.523389692 1.723334680 1.465704706 1.659340139 1.774532893 1.583950680 1.522443335 1.442121638 1.428549454 1.590025254 2.403578374 2.319799921 2.281625077 2.276695620 2.311556152 2.444876949 2.508812974 2.543763512 1.934369248 1.929619421 2.355711183 2.349259895 2.379699162 1.651809188 1.665557154 1.624606262 1.834452306 2.132079841 2.173104022 
16     1.359479483 1.448469875 1.340126750 1.342214368 0.644799890 0.569649959 0.424194734 0.267368147 0.000000000 1.502537392 1.665930312 1.655491854 1.660827679 1.497700131 1.738915697 1.621983016 1.577843815 1.621429189 1.628357048 1.641621902 1.880749778 1.481352437 1.535015947 1.734644032 1.476936708 1.670596556 1.785704658 1.595260570 1.533346176 1.452979142 1.439583580 1.603138693 2.416626215 2.332847763 2.289717667 2.284788210 2.319648743 2.450460682 2.515860745 2.550155270 1.945138007 1.940388165 2.365865572 2.359777439 2.392115170 1.665271838 1.678066450 1.635862544 1.845708624 2.144495850 2.185459036 
30     0.641520819 0.727469376 0.619132006 0.621360955 1.522626290 1.466332350 1.407975125 1.489054170 1.502537392 0.000000000 0.714880764 0.703806158 0.706735012 0.547123324 0.788409852 0.893050476 0.855687420 0.892668315 0.899595106 0.912860281 1.152020904 0.754342609 0.807881823 1.018175751 0.754595722 0.941611235 1.068736532 0.872328136 0.802560326 0.720377114 0.710918262 0.884178642 1.700189606 1.616415218 1.573083184 1.568204716 1.603065249 1.748265782 1.799477594 1.834428132 1.240224964 1.236221325 1.644093209 1.637435984 1.672292238 0.940210635 0.951413104 0.915422075 1.123713018 1.426533530 1.459926262 
20     0.809020987 0.896585688 0.788500248 0.790729197 1.686298592 1.629990551 1.571542675 1.652447090 1.665930312 0.714880764 0.000000000 0.137421187 0.273148196 0.586328970 0.829943143 1.048032513 1.011989255 1.050106078 1.057032673 1.070298044 1.309378440 0.910793476 0.964421710 1.172413938 0.908637313 1.096523118 1.222731522 1.026875219 0.955106098 0.868478411 0.863141307 1.034096447 1.851793571 1.768019183 1.717914931 1.723664776 1.758533155 1.903763090 1.954974902 1.989925440 1.389533586 1.385529947 1.792314575 1.785657350 1.820201875 1.088339905 1.100002301 1.063148361 1.272742795 1.564687624 1.606696290 
3     0.797864454 0.885429155 0.777343715 0.779572664 1.675860134 1.619552093 1.561104217 1.642008632 1.655491854 0.703806158 0.137421187 0.000000000 0.266107149 0.575245896 0.819423493 1.037290831 1.001247574 1.039364396 1.046290991 1.059556363 1.298636758 0.900051795 0.953680029 1.161601733 0.897825108 1.085781437 1.211989841 1.016133537 0.944364417 0.856743098 0.852399626 1.023253889 1.840950458 1.757176070 1.712618961 1.712791036 1.747659415 1.892889350 1.944101162 1.979051700 1.378485249 1.374481610 1.781480487 1.774823262 1.808627676 1.077403409 1.089065805 1.051964104 1.261589200 1.553816930 1.595872853 
21     0.805449703 0.893300898 0.784952075 0.787181024 1.681363391 1.625055350 1.566607473 1.647370041 1.660827679 0.706735012 0.273148196 0.266107149 0.000000000 0.579120486 0.822870215 1.042104308 1.006062456 1.044136547 1.051066210 1.064331582 1.303181849 0.904897156 0.958455247 1.166460729 0.902684104 1.090645309 1.216853713 1.020997409 0.949299008 0.861604841 0.857263497 1.028991234 1.846687804 1.762913416 1.713515371 1.718539458 1.753407837 1.898657370 1.949869182 1.984819720 1.384338207 1.380334568 1.787169171 1.780511947 1.815056472 1.083135725 1.094840329 1.058023043 1.267617478 1.559547937 1.601569722 
23     0.640157592 0.728037666 0.619688844 0.621917792 1.518022268 1.461714227 1.403271141 1.484216909 1.497700131 0.547123324 0.586328970 0.575245896 0.579120486 0.000000000 0.636816129 0.880829835 0.844843328 0.882907151 0.889833139 0.903099117 1.142179512 0.743645093 0.797222783 1.003774970 0.740014073 0.928487547 1.054774395 0.858906224 0.789068834 0.705765850 0.695107279 0.865255582 1.680231757 1.596457369 1.558075252 1.557970548 1.592838927 1.737561407 1.788773584 1.823725163 1.229432342 1.225428702 1.630124695 1.623490309 1.660779218 0.929898700 0.941561096 0.904384683 1.113948207 1.415864106 1.447425940 
9     0.884515722 0.972440700 0.864091877 0.866320826 1.759298141 1.702975193 1.644528329 1.725432481 1.738915697 0.788409852 0.829943143 0.819423493 0.822870215 0.636816129 0.000000000 1.122987506 1.086151286 1.124234037 1.131160511 1.144426004 1.383506399 0.984971979 1.038549669 1.247000275 0.983126960 1.170780910 1.297464656 1.101161178 1.030835301 0.947346798 0.936874492 1.108058850 1.923167732 1.839690399 1.798832584 1.798764504 1.833632883 1.978821915 2.030033727 2.064984265 1.472736973 1.468733334 1.875535631 1.868878407 1.903562923 1.172017208 1.183644328 1.146425410 1.355739978 1.657852232 1.689531711 
8     0.768475154 0.858568015 0.750169638 0.752348959 1.642802332 1.586495119 1.528139479 1.610356761 1.621983016 0.893050476 1.048032513 1.037290831 1.042104308 0.880829835 1.122987506 0.000000000 0.397203918 0.524413310 0.535109464 0.548034506 0.784310683 0.387746835 0.436570676 0.832226715 0.576170436 0.750468294 0.875488646 0.680015784 0.625693210 0.545195990 0.525572455 0.962750663 1.780134969 1.696794319 1.657234415 1.652604214 1.687460122 1.831538898 1.884467767 1.919418306 1.324287564 1.320633081 1.727289146 1.720836580 1.754780988 1.024340796 1.039687537 0.993921711 1.201793810 1.508494875 1.549415049 
19     0.723619257 0.813823076 0.705424699 0.707604020 1.599331511 1.543024298 1.490942651 1.566217560 1.577843815 0.855687420 1.011989255 1.001247574 1.006062456 0.844843328 1.086151286 0.397203918 0.000000000 0.482376988 0.493090001 0.506128521 0.744655975 0.348580514 0.400798051 0.794533199 0.540304522 0.711852466 0.837712807 0.641912326 0.585591306 0.505094086 0.485545696 0.924637681 1.736270241 1.652929591 1.619820795 1.615190768 1.650046677 1.794128066 1.847056935 1.882007473 1.289122173 1.285467690 1.692179975 1.685727409 1.720075418 0.987303802 1.002650564 0.960379946 1.168970713 1.473057241 1.511799938 
17     0.773651782 0.862506223 0.754107846 0.756287167 1.642382996 1.586075782 1.526790814 1.609925844 1.621429189 0.892668315 1.050106078 1.039364396 1.044136547 0.882907151 1.124234037 0.524413310 0.482376988 0.000000000 0.111585935 0.147951793 0.575195943 0.259507473 0.315885309 0.834501848 0.578588608 0.755003564 0.880223555 0.685121898 0.624330114 0.543839216 0.525052875 0.967244048 1.783248527 1.699907877 1.660863034 1.655164981 1.690020890 1.834013872 1.886942741 1.921893279 1.328484945 1.324830462 1.732258739 1.725142329 1.760028754 1.026978101 1.042731186 0.999976703 1.208786960 1.512807634 1.552368370 
14     0.780579039 0.869433480 0.761035103 0.763214424 1.649310855 1.593003641 1.533718672 1.616853703 1.628357048 0.899595106 1.057032673 1.046290991 1.051066210 0.889833139 1.131160511 0.535109464 0.493090001 0.111585935 0.000000000 0.138967633 0.578327191 0.259738501 0.315865490 0.841809934 0.585896694 0.762292377 0.887391235 0.692410711 0.631619059 0.551128028 0.532341687 0.974170146 1.790174625 1.706833975 1.667789132 1.662091079 1.696946988 1.840939970 1.893868839 1.928819377 1.335411043 1.331756560 1.739184837 1.732062550 1.766956050 1.033904199 1.049657284 1.006902801 1.215713058 1.519733732 1.559294468 
28     0.793843748 0.882698189 0.774299812 0.776479133 1.662575708 1.606268495 1.546983526 1.630118556 1.641621902 0.912860281 1.070298044 1.059556363 1.064331582 0.903099117 1.144426004 0.548034506 0.506128521 0.147951793 0.138967633 0.000000000 0.590746810 0.274620535 0.329777857 0.855034896 0.599160878 0.775522696 0.900737349 0.705635692 0.644844040 0.564353010 0.545566668 0.987434856 1.803439334 1.720098684 1.681053842 1.675355788 1.710211697 1.854204679 1.907133549 1.942084087 1.348675753 1.345021269 1.752449546 1.745327259 1.780219561 1.047168909 1.062921993 1.020167510 1.228977768 1.532998441 1.572559177 
31     1.032013260 1.120729823 1.012331446 1.014510767 1.901582151 1.845274938 1.786683229 1.869123523 1.880749778 1.152020904 1.309378440 1.298636758 1.303181849 1.142179512 1.383506399 0.784310683 0.744655975 0.575195943 0.578327191 0.590746810 0.000000000 0.511943566 0.571998228 1.086946812 0.831089576 1.008770141 1.132262129 0.937772547 0.869240848 0.788749817 0.769968323 1.224321285 2.040097039 1.956756390 1.920311951 1.907600606 1.942456515 2.086449497 2.139378367 2.174328905 1.580937814 1.577283330 1.984711607 1.977589320 2.012481622 1.279545972 1.295285557 1.252301172 1.460462064 1.765215507 1.804401668 
26     0.634185616 0.723927931 0.615529553 0.617708874 1.502308489 1.446001276 1.386978718 1.469849092 1.481352437 0.754342609 0.910793476 0.900051795 0.904897156 0.743645093 0.984971979 0.387746835 0.348580514 0.259507473 0.259738501 0.274620535 0.511943566 0.000000000 0.158409270 0.694325011 0.438609114 0.614349726 0.738856872 0.543613794 0.482716168 0.402249838 0.383400544 0.828671970 1.644438093 1.561097443 1.521348947 1.516692203 1.551548088 1.695303726 1.748232595 1.783183133 1.190023235 1.186368751 1.593797028 1.586674734 1.621565419 0.888657956 0.904414371 0.862278571 1.070865913 1.374376532 1.413883228 
27     0.688227841 0.778157675 0.669759298 0.671938619 1.555850246 1.499543032 1.440649676 1.523389692 1.535015947 0.807881823 0.964421710 0.953680029 0.958455247 0.797222783 1.038549669 0.436570676 0.400798051 0.315885309 0.315865490 0.329777857 0.571998228 0.158409270 0.000000000 0.748881042 0.493616049 0.668908342 0.793512131 0.598436412 0.537354326 0.456863428 0.438045792 0.881550829 1.697528830 1.614188183 1.572855046 1.568195393 1.603051302 1.746528754 1.799457623 1.834408161 1.243482242 1.239827759 1.647256035 1.640133197 1.675025750 0.942140089 0.957866235 0.915559221 1.124340618 1.427835784 1.467330327 
24     0.889214321 0.977980066 0.869580817 0.871760138 1.754859005 1.698551791 1.641738338 1.723334680 1.734644032 1.018175751 1.172413938 1.161601733 1.166460729 1.003774970 1.247000275 0.832226715 0.794533199 0.834501848 0.841809934 0.855034896 1.086946812 0.694325011 0.748881042 0.000000000 0.459275419 0.798744215 0.921016364 0.723164306 0.656083939 0.578292104 0.562626250 1.075669515 1.880476749 1.797212114 1.777765097 1.766126165 1.800975080 1.944877052 1.997828633 2.032779116 1.431752957 1.428089550 1.838555315 1.831171688 1.868374969 1.137564634 1.153642123 1.106410053 1.315540903 1.622915982 1.661836336 
33     0.622316023 0.711033865 0.602633344 0.604812665 1.497279463 1.440972250 1.384108236 1.465704706 1.476936708 0.754595722 0.908637313 0.897825108 0.902684104 0.740014073 0.983126960 0.576170436 0.540304522 0.578588608 0.585896694 0.599160878 0.831089576 0.438609114 0.493616049 0.459275419 0.000000000 0.544520942 0.667979503 0.470435364 0.401566945 0.323817202 0.308131644 0.805763096 1.610085864 1.527256917 1.504646531 1.493741550 1.528592179 1.668504716 1.721574161 1.756524699 1.167927221 1.164263484 1.570998094 1.564403502 1.591487969 0.870918713 0.886748584 0.839651776 1.048782626 1.352393107 1.393964541 
6     0.823859830 0.912654365 0.804257276 0.806436597 1.691838424 1.635531210 1.577716294 1.659340139 1.670596556 0.941611235 1.096523118 1.085781437 1.090645309 0.928487547 1.170780910 0.750468294 0.711852466 0.755003564 0.762292377 0.775522696 1.008770141 0.614349726 0.668908342 0.798744215 0.544520942 0.000000000 0.708867808 0.527704842 0.552304656 0.471250154 0.447135256 1.009715931 1.821394061 1.738086437 1.698544752 1.686905820 1.721760933 1.864502787 1.917634239 1.952142905 1.366968467 1.363305060 1.769914786 1.763458511 1.797725450 1.064446583 1.080263616 1.038171518 1.247090796 1.550524296 1.589633088 
12     0.949077105 1.037782654 0.929376034 0.931555355 1.807093016 1.750785802 1.701795807 1.774532893 1.785704658 1.068736532 1.222731522 1.211989841 1.216853713 1.054774395 1.297464656 0.875488646 0.837712807 0.880223555 0.887391235 0.900737349 1.132262129 0.738856872 0.793512131 0.921016364 0.667979503 0.708867808 0.000000000 0.656384625 0.683537487 0.602483202 0.577815185 1.135484689 1.939730429 1.856438589 1.833179526 1.821446569 1.856301682 2.000429742 2.053352702 2.088350856 1.495816965 1.492153558 1.898763164 1.892310598 1.926154198 1.193448862 1.209050677 1.166622941 1.375810511 1.678796360 1.718509032 
2     0.752467325 0.841062156 0.732838064 0.735017385 1.616443610 1.560186713 1.502530911 1.583950680 1.595260570 0.872328136 1.026875219 1.016133537 1.020997409 0.858906224 1.101161178 0.680015784 0.641912326 0.685121898 0.692410711 0.705635692 0.937772547 0.543613794 0.598436412 0.723164306 0.470435364 0.527704842 0.656384625 0.000000000 0.490988798 0.409939898 0.388028405 0.941407215 1.753819580 1.670528564 1.638252756 1.626574359 1.661418461 1.805575286 1.858555121 1.893505659 1.301667348 1.298003940 1.704612742 1.698161280 1.732480582 0.999334725 1.015561377 0.971811328 1.180998898 1.484163582 1.523425933 
13     0.682693409 0.771413945 0.663027706 0.665207027 1.553958369 1.497651156 1.440793599 1.522443335 1.533346176 0.802560326 0.955106098 0.944364417 0.949299008 0.789068834 1.030835301 0.625693210 0.585591306 0.624330114 0.631619059 0.644844040 0.869240848 0.482716168 0.537354326 0.656083939 0.401566945 0.552304656 0.683537487 0.490988798 0.000000000 0.146044220 0.231345371 0.868126498 1.683698860 1.600308305 1.570812467 1.559175371 1.594053974 1.737870823 1.790833356 1.825783894 1.233840174 1.230176767 1.636840406 1.629285722 1.664803065 0.931130383 0.946897313 0.902865156 1.112367509 1.417081333 1.454756959 
32     0.601660827 0.690381362 0.581995123 0.584174444 1.474799792 1.418492579 1.360471903 1.442121638 1.452979142 0.720377114 0.868478411 0.856743098 0.861604841 0.705765850 0.947346798 0.545195990 0.505094086 0.543839216 0.551128028 0.564353010 0.788749817 0.402249838 0.456863428 0.578292104 0.323817202 0.471250154 0.602483202 0.409939898 0.146044220 0.000000000 0.149001774 0.786840490 1.602412852 1.519022297 1.489725588 1.478088491 1.512967095 1.656783944 1.709746477 1.744697015 1.150620253 1.146956845 1.552787283 1.545232600 1.582791405 0.849118723 0.864885653 0.820856157 1.030355850 1.336041930 1.373183496 
25     0.586525755 0.675274961 0.566877872 0.569057193 1.461212448 1.404905235 1.346919284 1.428549454 1.439583580 0.710918262 0.863141307 0.852399626 0.857263497 0.695107279 0.936874492 0.525572455 0.485545696 0.525052875 0.532341687 0.545566668 0.769968323 0.383400544 0.438045792 0.562626250 0.308131644 0.447135256 0.577815185 0.388028405 0.231345371 0.149001774 0.000000000 0.776119131 1.589738302 1.506276597 1.473289648 1.461419295 1.496275203 1.640270836 1.693233369 1.728183907 1.137643689 1.133980282 1.539707718 1.531854999 1.568188604 0.835060241 0.850599900 0.806613124 1.016012463 1.320018328 1.358530412 
18     0.731013131 0.817419619 0.709178365 0.711407314 1.621386721 1.565089051 1.510465233 1.590025254 1.603138693 0.884178642 1.034096447 1.023253889 1.028991234 0.865255582 1.108058850 0.962750663 0.924637681 0.967244048 0.974170146 0.987434856 1.224321285 0.828671970 0.881550829 1.075669515 0.805763096 1.009715931 1.135484689 0.941407215 0.868126498 0.786840490 0.776119131 0.000000000 1.140701669 1.056269666 1.414121451 1.406598169 1.441466548 1.587488828 1.636307087 1.671257428 1.074294952 1.070667815 1.473580122 1.468652511 1.504568192 0.771095591 0.785698431 0.738563372 0.948886001 1.254747699 1.311259786 
29     1.545394703 1.632053915 1.523812660 1.526041609 2.434823205 2.378525535 2.323953358 2.403578374 2.416626215 1.700189606 1.851793571 1.840950458 1.846687804 1.680231757 1.923167732 1.780134969 1.736270241 1.783248527 1.790174625 1.803439334 2.040097039 1.644438093 1.697528830 1.880476749 1.610085864 1.821394061 1.939730429 1.753819580 1.683698860 1.602412852 1.589738302 1.140701669 0.000000000 0.354858949 2.203011614 2.195474842 2.230343221 2.373744040 2.423436558 2.451219281 1.886134054 1.882506917 2.285384189 2.280463067 2.314909085 1.582248488 1.596897190 1.551150204 1.761535841 2.070391100 2.119236954 
1     1.462155649 1.548751041 1.440509787 1.442738736 2.351044752 2.294747082 2.240174905 2.319799921 2.332847763 1.616415218 1.768019183 1.757176070 1.762913416 1.596457369 1.839690399 1.696794319 1.652929591 1.699907877 1.706833975 1.720098684 1.956756390 1.561097443 1.614188183 1.797212114 1.527256917 1.738086437 1.856438589 1.670528564 1.600308305 1.519022297 1.506276597 1.056269666 0.354858949 0.000000000 2.138278734 2.130741962 2.165610341 2.308402505 2.358311463 2.393261804 1.799177932 1.795550795 2.198853546 2.193932424 2.228759138 1.498207587 1.512856290 1.468569166 1.678954803 1.986736954 2.035454535 
47     1.431269327 1.518299322 1.410094018 1.412322967 2.306771255 2.250473584 2.201852128 2.281625077 2.289717667 1.573083184 1.717914931 1.712618961 1.713515371 1.558075252 1.798832584 1.657234415 1.619820795 1.660863034 1.667789132 1.681053842 1.920311951 1.521348947 1.572855046 1.777765097 1.504646531 1.698544752 1.833179526 1.638252756 1.570812467 1.489725588 1.473289648 1.414121451 2.203011614 2.138278734 0.000000000 0.203289306 0.238623791 0.724355424 0.747056873 0.807352613 1.618740709 1.615178800 2.021781840 2.015210905 2.060469715 1.319447811 1.334216173 1.290959678 1.500940852 1.814632193 1.874853573 
39     1.425422353 1.511480819 1.403291845 1.405520794 2.301841798 2.245544128 2.196922671 2.276695620 2.284788210 1.568204716 1.723664776 1.712791036 1.718539458 1.557970548 1.798764504 1.652604214 1.615190768 1.655164981 1.662091079 1.675355788 1.907600606 1.516692203 1.568195393 1.766126165 1.493741550 1.686905820 1.821446569 1.626574359 1.559175371 1.478088491 1.461419295 1.406598169 2.195474842 2.130741962 0.203289306 0.000000000 0.090860129 0.709498732 0.733060705 0.792785914 1.600422494 1.596860586 2.003463625 1.996892690 2.042151500 1.308275225 1.322776673 1.279140046 1.489042650 1.802765849 1.856431977 
42     1.460290106 1.546371809 1.438159599 1.440388548 2.336702330 2.280404660 2.231783204 2.311556152 2.319648743 1.603065249 1.758533155 1.747659415 1.753407837 1.592838927 1.833632883 1.687460122 1.650046677 1.690020890 1.696946988 1.710211697 1.942456515 1.551548088 1.603051302 1.800975080 1.528592179 1.721760933 1.856301682 1.661418461 1.594053974 1.512967095 1.496275203 1.441466548 2.230343221 2.165610341 0.238623791 0.090860129 0.000000000 0.743863145 0.767425119 0.827104090 1.635302089 1.631740180 2.038343220 2.031772284 2.077031095 1.342900699 1.357668653 1.314031247 1.523933850 1.837658395 1.891338887 
37     1.608088497 1.694239850 1.586034546 1.588263495 2.468889925 2.412592255 2.363760812 2.444876949 2.450460682 1.748265782 1.903763090 1.892889350 1.898657370 1.737561407 1.978821915 1.831538898 1.794128066 1.834013872 1.840939970 1.854204679 2.086449497 1.695303726 1.746528754 1.944877052 1.668504716 1.864502787 2.000429742 1.805575286 1.737870823 1.656783944 1.640270836 1.587488828 2.373744040 2.308402505 0.724355424 0.709498732 0.743863145 0.000000000 0.318759285 0.467443634 1.784019171 1.780457262 2.186601607 2.179872959 2.222909905 1.489705962 1.503780500 1.459944657 1.669655666 1.979836129 2.041314397 
40     1.657234171 1.743385524 1.635180220 1.637409169 2.534446776 2.478149106 2.429040025 2.508812974 2.515860745 1.799477594 1.954974902 1.944101162 1.949869182 1.788773584 2.030033727 1.884467767 1.847056935 1.886942741 1.893868839 1.907133549 2.139378367 1.748232595 1.799457623 1.997828633 1.721574161 1.917634239 2.053352702 1.858555121 1.790833356 1.709746477 1.693233369 1.636307087 2.423436558 2.358311463 0.747056873 0.733060705 0.767425119 0.318759285 0.000000000 0.481373282 1.832900950 1.829339041 2.235623256 2.228885154 2.271931553 1.539065684 1.553208602 1.509199430 1.719059449 2.027418740 2.087123298 
41     1.692184709 1.778336062 1.670130758 1.672359707 2.569479001 2.513181331 2.463990563 2.543763512 2.550155270 1.834428132 1.989925440 1.979051700 1.984819720 1.823725163 2.064984265 1.919418306 1.882007473 1.921893279 1.928819377 1.942084087 2.174328905 1.783183133 1.834408161 2.032779116 1.756524699 1.952142905 2.088350856 1.893505659 1.825783894 1.744697015 1.728183907 1.671257428 2.451219281 2.393261804 0.807352613 0.792785914 0.827104090 0.467443634 0.481373282 0.000000000 1.867844023 1.864282114 2.270574015 2.263845366 2.306882312 1.574016443 1.588159361 1.544145821 1.754031127 2.063648242 2.122073640 
35     1.095913092 1.182079124 1.073863036 1.076091985 1.951337955 1.895040285 1.854693931 1.934369248 1.945138007 1.240224964 1.389533586 1.378485249 1.384338207 1.229432342 1.472736973 1.324287564 1.289122173 1.328484945 1.335411043 1.348675753 1.580937814 1.190023235 1.243482242 1.431752957 1.167927221 1.366968467 1.495816965 1.301667348 1.233840174 1.150620253 1.137643689 1.074294952 1.886134054 1.799177932 1.618740709 1.600422494 1.635302089 1.784019171 1.832900950 1.867844023 0.000000000 0.044266557 0.860583636 0.861776337 1.247873638 0.870298804 0.883036382 0.852364309 1.063192458 1.378612537 1.508534820 
38     1.092258608 1.178424640 1.070208552 1.072437501 1.946668479 1.890370809 1.850024455 1.929619421 1.940388165 1.236221325 1.385529947 1.374481610 1.380334568 1.225428702 1.468733334 1.320633081 1.285467690 1.324830462 1.331756560 1.345021269 1.577283330 1.186368751 1.239827759 1.428089550 1.164263484 1.363305060 1.492153558 1.298003940 1.230176767 1.146956845 1.133980282 1.070667815 1.882506917 1.795550795 1.615178800 1.596860586 1.631740180 1.780457262 1.829339041 1.864282114 0.044266557 0.000000000 0.856573107 0.857765808 1.244336412 0.866736895 0.879474473 0.848756157 1.059584306 1.375004385 1.504926668 
44     1.497444869 1.583611454 1.475394815 1.477623764 2.373001267 2.316703596 2.275972642 2.355711183 2.365865572 1.644093209 1.792314575 1.781480487 1.787169171 1.630124695 1.875535631 1.727289146 1.692179975 1.732258739 1.739184837 1.752449546 1.984711607 1.593797028 1.647256035 1.838555315 1.570998094 1.769914786 1.898763164 1.704612742 1.636840406 1.552787283 1.539707718 1.473580122 2.285384189 2.198853546 2.021781840 2.003463625 2.038343220 2.186601607 2.235623256 2.270574015 0.860583636 0.856573107 0.000000000 0.567585701 1.648968919 1.267183223 1.279959262 1.249869203 1.460683356 1.775206879 1.906037247 
49     1.490777277 1.576943862 1.468727223 1.470956172 2.366507355 2.310209684 2.269495836 2.349259895 2.359777439 1.637435984 1.785657350 1.774823262 1.780511947 1.623490309 1.868878407 1.720836580 1.685727409 1.725142329 1.732062550 1.745327259 1.977589320 1.586674734 1.640133197 1.831171688 1.564403502 1.763458511 1.892310598 1.698161280 1.629285722 1.545232600 1.531854999 1.468652511 2.280463067 2.193932424 2.015210905 1.996892690 2.031772284 2.179872959 2.228885154 2.263845366 0.861776337 0.857765808 0.567585701 0.000000000 1.648094254 1.263882983 1.276656915 1.245049037 1.455867214 1.759180271 1.901759507 
43     1.527570316 1.613196060 1.504980727 1.507209676 2.398833474 2.342535803 2.299930172 2.379699162 2.392115170 1.672292238 1.820201875 1.808627676 1.815056472 1.660779218 1.903562923 1.754780988 1.720075418 1.760028754 1.766956050 1.780219561 2.012481622 1.621565419 1.675025750 1.868374969 1.591487969 1.797725450 1.926154198 1.732480582 1.664803065 1.582791405 1.568188604 1.504568192 2.314909085 2.228759138 2.060469715 2.042151500 2.077031095 2.222909905 2.271931553 2.306882312 1.247873638 1.244336412 1.648968919 1.648094254 0.000000000 1.300217642 1.312913006 1.280645143 1.491606886 1.804160451 1.938534636 
48     0.798711736 0.884687175 0.776487374 0.778716323 1.677416200 1.621118530 1.572040198 1.651809188 1.665271838 0.940210635 1.088339905 1.077403409 1.083135725 0.929898700 1.172017208 1.024340796 0.987303802 1.026978101 1.033904199 1.047168909 1.279545972 0.888657956 0.942140089 1.137564634 0.870918713 1.064446583 1.193448862 0.999334725 0.931130383 0.849118723 0.835060241 0.771095591 1.582248488 1.498207587 1.319447811 1.308275225 1.342900699 1.489705962 1.539065684 1.574016443 0.870298804 0.866736895 1.267183223 1.263882983 1.300217642 0.000000000 0.189876597 0.555480363 0.765200652 1.092641929 1.201048041 
45     0.810895106 0.896964458 0.788767950 0.790996899 1.691164167 1.634866497 1.585788164 1.665557154 1.678066450 0.951413104 1.100002301 1.089065805 1.094840329 0.941561096 1.183644328 1.039687537 1.002650564 1.042731186 1.049657284 1.062921993 1.295285557 0.904414371 0.957866235 1.153642123 0.886748584 1.080263616 1.209050677 1.015561377 0.946897313 0.864885653 0.850599900 0.785698431 1.596897190 1.512856290 1.334216173 1.322776673 1.357668653 1.503780500 1.553208602 1.588159361 0.883036382 0.879474473 1.279959262 1.276656915 1.312913006 0.189876597 0.000000000 0.567658049 0.777593288 1.106620029 1.214494821 
50     0.769105741 0.855009974 0.746903282 0.749132231 1.650179905 1.593882234 1.544634701 1.624606262 1.635862544 0.915422075 1.063148361 1.051964104 1.058023043 0.904384683 1.146425410 0.993921711 0.960379946 0.999976703 1.006902801 1.020167510 1.252301172 0.862278571 0.915559221 1.106410053 0.839651776 1.038171518 1.166622941 0.971811328 0.902865156 0.820856157 0.806613124 0.738563372 1.551150204 1.468569166 1.290959678 1.279140046 1.314031247 1.459944657 1.509199430 1.544145821 0.852364309 0.848756157 1.249869203 1.245049037 1.280645143 0.555480363 0.567658049 0.000000000 0.382806653 1.052682449 1.181041677 
46     0.977274799 1.063121995 0.955034004 0.957262953 1.860014958 1.803717288 1.754471398 1.834452306 1.845708624 1.123713018 1.272742795 1.261589200 1.267617478 1.113948207 1.355739978 1.201793810 1.168970713 1.208786960 1.215713058 1.228977768 1.460462064 1.070865913 1.124340618 1.315540903 1.048782626 1.247090796 1.375810511 1.180998898 1.112367509 1.030355850 1.016012463 0.948886001 1.761535841 1.678954803 1.500940852 1.489042650 1.523933850 1.669655666 1.719059449 1.754031127 1.063192458 1.059584306 1.460683356 1.455867214 1.491606886 0.765200652 0.777593288 0.382806653 0.000000000 1.263124405 1.390453561 
36     1.283912376 1.369984874 1.261779650 1.264008599 2.150619140 2.094321470 2.052138892 2.132079841 2.144495850 1.426533530 1.564687624 1.553816930 1.559547937 1.415864106 1.657852232 1.508494875 1.473057241 1.512807634 1.519733732 1.532998441 1.765215507 1.374376532 1.427835784 1.622915982 1.352393107 1.550524296 1.678796360 1.484163582 1.417081333 1.336041930 1.320018328 1.254747699 2.070391100 1.986736954 1.814632193 1.802765849 1.837658395 1.979836129 2.027418740 2.063648242 1.378612537 1.375004385 1.775206879 1.759180271 1.804160451 1.092641929 1.106620029 1.052682449 1.263124405 0.000000000 1.708009703 
0     1.320704811 1.406738888 1.298520280 1.300749229 2.199026949 2.142729279 2.093331074 2.173104022 2.185459036 1.459926262 1.606696290 1.595872853 1.601569722 1.447425940 1.689531711 1.549415049 1.511799938 1.552368370 1.559294468 1.572559177 1.804401668 1.413883228 1.467330327 1.661836336 1.393964541 1.589633088 1.718509032 1.523425933 1.454756959 1.373183496 1.358530412 1.311259786 2.119236954 2.035454535 1.874853573 1.856431977 1.891338887 2.041314397 2.087123298 2.122073640 1.508534820 1.504926668 1.906037247 1.901759507 1.938534636 1.201048041 1.214494821 1.181041677 1.390453561 1.708009703 0.000000000 
