51
1     0.000000000 0.023210009 0.143279544 0.144007793 0.115630468 0.115653410 0.175938152 0.182055808 0.176344335 0.173314695 0.174621497 0.178772565 0.185104747 0.224594462 0.195601106 0.195320446 0.190297701 0.201304363 0.195514347 0.193876358 0.188024895 0.183867212 0.204667951 0.177222214 0.240130587 0.220445553 0.206676238 0.206138534 0.200309387 0.200188148 0.199780011 0.202426167 0.200321365 0.184360455 0.183833923 0.172093053 0.218817144 0.217323100 0.228063305 0.191748262 0.190875063 0.205859055 0.209912233 0.210712259 0.184848294 0.185307263 0.191893853 0.191585335 0.178699877 0.196623684 0.370828034 
11     0.023210009 0.000000000 0.142997014 0.143725263 0.115406677 0.115429619 0.175681721 0.181799377 0.176087904 0.173058264 0.174365066 0.178516134 0.184848316 0.224338031 0.195344675 0.195064015 0.190041270 0.201047932 0.195257916 0.193619927 0.187768464 0.183610781 0.204411520 0.176965783 0.239874156 0.220189122 0.206419807 0.205882103 0.200052956 0.199931717 0.199523580 0.202169736 0.200064934 0.184104024 0.183577492 0.171836622 0.218560713 0.217066669 0.227806874 0.191491831 0.190618632 0.205602624 0.209655802 0.210455828 0.184591863 0.185050832 0.191637422 0.191328904 0.178443446 0.196367253 0.370571603 
2     0.143279544 0.142997014 0.000000000 0.029294564 0.119094834 0.119117776 0.179930198 0.186047854 0.180336381 0.177306741 0.178613542 0.182764611 0.189094918 0.228437288 0.199443931 0.199163271 0.194140526 0.205147189 0.199357173 0.197719183 0.191867721 0.187787764 0.208594719 0.181148983 0.243850832 0.224165797 0.210396483 0.209858778 0.204029631 0.203908393 0.203500256 0.206146412 0.204041610 0.188080700 0.187554168 0.175813298 0.222537389 0.221043345 0.231783549 0.195534336 0.194661136 0.209645129 0.213698307 0.214498333 0.188634367 0.189093336 0.195679926 0.195371409 0.182485950 0.200409758 0.374632776 
13     0.144007793 0.143725263 0.029294564 0.000000000 0.119833082 0.119856024 0.180632059 0.186749715 0.181038242 0.178008602 0.179315404 0.183466472 0.189796779 0.229139149 0.200145792 0.199865132 0.194842388 0.205849050 0.200059034 0.198421044 0.192569582 0.188489625 0.209296580 0.181850844 0.244552693 0.224867658 0.211098344 0.210560640 0.204731493 0.204610254 0.204202117 0.206848273 0.204743471 0.188782561 0.188256029 0.176515159 0.223239250 0.221745206 0.232485411 0.196236197 0.195362997 0.210346990 0.214400168 0.215200194 0.189336228 0.189795198 0.196381787 0.196073270 0.183187812 0.201111619 0.375334637 
8     0.115630468 0.115406677 0.119094834 0.119833082 0.000000000 0.012784119 0.148244686 0.154362343 0.148650869 0.145621229 0.146928031 0.151079100 0.157413121 0.196846637 0.167853281 0.167572620 0.162549876 0.173556538 0.167766522 0.166128532 0.160277070 0.156113170 0.176920125 0.149474389 0.212281978 0.192596944 0.178827629 0.178289925 0.172460778 0.172339539 0.171931403 0.174577559 0.172472757 0.156511847 0.155985314 0.144244445 0.190968536 0.189474492 0.200214696 0.163965482 0.163092283 0.178076275 0.182129453 0.182929480 0.157065514 0.157524483 0.164111073 0.163802555 0.150917097 0.168840904 0.343047972 
4     0.115653410 0.115429619 0.119117776 0.119856024 0.012784119 0.000000000 0.148267628 0.154385285 0.148673811 0.145644171 0.146950973 0.151102042 0.157436063 0.196869579 0.167876222 0.167595562 0.162572818 0.173579480 0.167789464 0.166151474 0.160300012 0.156136112 0.176943067 0.149497331 0.212304920 0.192619886 0.178850571 0.178312867 0.172483720 0.172362481 0.171954345 0.174600501 0.172495699 0.156534789 0.156008256 0.144267387 0.190991478 0.189497434 0.200237638 0.163988424 0.163115225 0.178099217 0.182152395 0.182952421 0.157088456 0.157547425 0.164134015 0.163825497 0.150940039 0.168863846 0.343070914 
12     0.175938152 0.175681721 0.179930198 0.180632059 0.148244686 0.148267628 0.000000000 0.048618791 0.077028591 0.073846245 0.075187204 0.079757035 0.113722048 0.204270350 0.175295047 0.175014387 0.169991642 0.180998536 0.175207957 0.173569967 0.167718505 0.163663709 0.184498186 0.157052094 0.220077725 0.200593167 0.187424992 0.186887288 0.181079923 0.180958685 0.180550548 0.183196704 0.181091902 0.165053557 0.164527025 0.152807938 0.199048676 0.197554632 0.208294837 0.172937759 0.172064560 0.187057453 0.191092060 0.191892087 0.165906413 0.166365383 0.172951972 0.172643455 0.159757997 0.177681804 0.351294229 
6     0.182055808 0.181799377 0.186047854 0.186749715 0.154362343 0.154385285 0.048618791 0.000000000 0.083125613 0.079945827 0.081259785 0.085837621 0.119864066 0.210388007 0.181412704 0.181132044 0.176109299 0.187116193 0.181325613 0.179687624 0.173836161 0.169781365 0.190615842 0.163169750 0.226195381 0.206710823 0.193542648 0.193004944 0.187197580 0.187076341 0.186668205 0.189314361 0.187209559 0.171171214 0.170644681 0.158925594 0.205166333 0.203672289 0.214412493 0.179055416 0.178182216 0.193175109 0.197209717 0.198009743 0.172024070 0.172483039 0.179069629 0.178761111 0.165875653 0.183799460 0.357411886 
10     0.176344335 0.176087904 0.180336381 0.181038242 0.148650869 0.148673811 0.077028591 0.083125613 0.000000000 0.028496095 0.032125534 0.056219292 0.113903710 0.204628195 0.175652892 0.175372231 0.170349487 0.181356381 0.175565801 0.173927812 0.168076349 0.164021553 0.184856030 0.157409938 0.220419145 0.200935318 0.187766412 0.187228708 0.181421343 0.181300105 0.180891968 0.183538124 0.181433322 0.165394977 0.164868445 0.153149358 0.199390096 0.197896052 0.208636256 0.173291419 0.172418219 0.187411112 0.191445720 0.192245746 0.166259342 0.166718311 0.173304901 0.172996384 0.160110925 0.178034733 0.351658967 
5     0.173314695 0.173058264 0.177306741 0.178008602 0.145621229 0.145644171 0.073846245 0.079945827 0.028496095 0.000000000 0.028274977 0.052491235 0.110887012 0.201598554 0.172623251 0.172342591 0.167319846 0.178326740 0.172536161 0.170898171 0.165046709 0.160991913 0.181826390 0.154380298 0.217389504 0.197905677 0.184736772 0.184199067 0.178391703 0.178270464 0.177862328 0.180508484 0.178403682 0.162365337 0.161838804 0.150119717 0.196360456 0.194866412 0.205606616 0.170261779 0.169388579 0.184381472 0.188416080 0.189216106 0.163229702 0.163688671 0.170275261 0.169966743 0.157081285 0.175005092 0.348629327 
9     0.174621497 0.174365066 0.178613542 0.179315404 0.146928031 0.146950973 0.075187204 0.081259785 0.032125534 0.028274977 0.000000000 0.054045331 0.112203510 0.202895513 0.173920210 0.173639550 0.168616805 0.179623699 0.173833119 0.172195130 0.166343667 0.162288871 0.183123348 0.155677256 0.218686463 0.199202636 0.186033730 0.185496026 0.179688662 0.179567423 0.179159286 0.181805442 0.179700640 0.163662295 0.163135763 0.151416676 0.197657414 0.196163370 0.206903575 0.171558737 0.170685537 0.185678431 0.189713038 0.190513064 0.164526660 0.164985630 0.171572219 0.171263702 0.158378244 0.176302051 0.349926022 
7     0.178772565 0.178516134 0.182764611 0.183466472 0.151079100 0.151102042 0.079757035 0.085837621 0.056219292 0.052491235 0.054045331 0.000000000 0.116410689 0.207046581 0.178071278 0.177790618 0.172767874 0.183774767 0.177984188 0.176346198 0.170494736 0.166439940 0.187274417 0.159828325 0.222837532 0.203353705 0.190184799 0.189647095 0.183839730 0.183718492 0.183310355 0.185956511 0.183851709 0.167813364 0.167286831 0.155567745 0.201808483 0.200314439 0.211054643 0.175709806 0.174836606 0.189829499 0.193864107 0.194664133 0.168677729 0.169136698 0.175723288 0.175414771 0.162529312 0.180453119 0.354077091 
3     0.185104747 0.184848316 0.189094918 0.189796779 0.157413121 0.157436063 0.113722048 0.119864066 0.113903710 0.110887012 0.112203510 0.116410689 0.000000000 0.213450806 0.184475503 0.184194843 0.179172098 0.190178992 0.184388412 0.182750423 0.176898960 0.172844164 0.193678641 0.166232549 0.229240656 0.209756827 0.196587921 0.196050217 0.190242853 0.190121614 0.189713478 0.192359634 0.190254832 0.174216487 0.173689954 0.161970867 0.208206715 0.206712671 0.217452875 0.182095025 0.181221825 0.196214718 0.200249326 0.201049352 0.175062948 0.175521917 0.182108507 0.181799989 0.168914531 0.186838338 0.360356475 
38     0.224594462 0.224338031 0.228437288 0.229139149 0.196846637 0.196869579 0.204270350 0.210388007 0.204628195 0.201598554 0.202895513 0.207046581 0.213450806 0.000000000 0.101638974 0.101346560 0.096082215 0.138823983 0.132818614 0.131107647 0.125435052 0.169936682 0.196289678 0.168915116 0.253311588 0.233702284 0.220530324 0.219992620 0.214186125 0.214066116 0.213657979 0.216302906 0.214198104 0.198231591 0.197705059 0.185988071 0.231845029 0.230352134 0.241091189 0.205335345 0.204462146 0.219458187 0.223485449 0.224285475 0.198862050 0.199321019 0.205907609 0.205599092 0.192713633 0.210637441 0.392332495 
48     0.195601106 0.195344675 0.199443931 0.200145792 0.167853281 0.167876222 0.175295047 0.181412704 0.175652892 0.172623251 0.173920210 0.178071278 0.184475503 0.101638974 0.000000000 0.024285515 0.033488958 0.109703889 0.103850018 0.102116691 0.096467290 0.140939526 0.167266822 0.139893926 0.224324761 0.204715457 0.191543497 0.191005793 0.185199298 0.185079289 0.184671152 0.187316079 0.185211277 0.169244764 0.168718232 0.157001244 0.202858202 0.201365307 0.212104362 0.176348518 0.175475319 0.190471360 0.194498622 0.195298648 0.169875223 0.170334192 0.176920782 0.176612265 0.163726806 0.181650614 0.363398544 
26     0.195320446 0.195064015 0.199163271 0.199865132 0.167572620 0.167595562 0.175014387 0.181132044 0.175372231 0.172342591 0.173639550 0.177790618 0.184194843 0.101346560 0.024285515 0.000000000 0.033379820 0.109487519 0.103633932 0.101900605 0.096251205 0.140658866 0.166986162 0.139613266 0.224044101 0.204434797 0.191262837 0.190725133 0.184918638 0.184798628 0.184390492 0.187035419 0.184930617 0.168964104 0.168437571 0.156720584 0.202577542 0.201084647 0.211823702 0.176067858 0.175194659 0.190190699 0.194217962 0.195017988 0.169594563 0.170053532 0.176640122 0.176331605 0.163446146 0.181369953 0.363117884 
29     0.190297701 0.190041270 0.194140526 0.194842388 0.162549876 0.162572818 0.169991642 0.176109299 0.170349487 0.167319846 0.168616805 0.172767874 0.179172098 0.096082215 0.033488958 0.033379820 0.000000000 0.104438085 0.098749408 0.097016081 0.091366681 0.135596578 0.161916507 0.134543611 0.219021356 0.199412052 0.186240092 0.185702388 0.179895893 0.179775884 0.179367747 0.182012674 0.179907872 0.163941359 0.163414827 0.151697839 0.197554797 0.196061902 0.206800957 0.171045114 0.170171914 0.185167955 0.189195217 0.189995243 0.164571818 0.165030788 0.171617377 0.171308860 0.158423402 0.176347209 0.358095139 
23     0.201304363 0.201047932 0.205147189 0.205849050 0.173556538 0.173579480 0.180998536 0.187116193 0.181356381 0.178326740 0.179623699 0.183774767 0.190178992 0.138823983 0.109703889 0.109487519 0.104438085 0.000000000 0.084508040 0.082799676 0.077220663 0.146711790 0.173041447 0.145668457 0.230018038 0.210403906 0.197230433 0.196692729 0.190886234 0.190766224 0.190358088 0.193003015 0.190898213 0.174931700 0.174405167 0.162688180 0.208545138 0.207052243 0.217791298 0.182039597 0.181166397 0.196162438 0.200189701 0.200989727 0.175563672 0.176022642 0.182609231 0.182300714 0.169415255 0.187339063 0.369095091 
40     0.195514347 0.195257916 0.199357173 0.200059034 0.167766522 0.167789464 0.175207957 0.181325613 0.175565801 0.172536161 0.173833119 0.177984188 0.184388412 0.132818614 0.103850018 0.103633932 0.098749408 0.084508040 0.000000000 0.033072640 0.038831993 0.140883013 0.167227382 0.139854393 0.224221554 0.204613763 0.191440290 0.190902585 0.185096091 0.184976081 0.184567945 0.187212872 0.185108070 0.169141557 0.168615024 0.156898036 0.202754994 0.201262100 0.212001155 0.176249454 0.175376254 0.190372295 0.194399557 0.195199584 0.169773529 0.170232498 0.176819088 0.176510571 0.163625112 0.181548919 0.363301694 
37     0.193876358 0.193619927 0.197719183 0.198421044 0.166128532 0.166151474 0.173569967 0.179687624 0.173927812 0.170898171 0.172195130 0.176346198 0.182750423 0.131107647 0.102116691 0.101900605 0.097016081 0.082799676 0.033072640 0.000000000 0.037095471 0.139245023 0.165589393 0.138216403 0.222583564 0.202975774 0.189802300 0.189264596 0.183458101 0.183338092 0.182929955 0.185574882 0.183470080 0.167503567 0.166977035 0.155260047 0.201117005 0.199624110 0.210363165 0.174611464 0.173738265 0.188734306 0.192761568 0.193561594 0.168135539 0.168594509 0.175181098 0.174872581 0.161987123 0.179910930 0.361663705 
35     0.188024895 0.187768464 0.191867721 0.192569582 0.160277070 0.160300012 0.167718505 0.173836161 0.168076349 0.165046709 0.166343667 0.170494736 0.176898960 0.125435052 0.096467290 0.096251205 0.091366681 0.077220663 0.038831993 0.037095471 0.000000000 0.133392204 0.159737930 0.132364941 0.216732102 0.197124311 0.183950838 0.183413133 0.177606639 0.177486629 0.177078493 0.179723420 0.177618618 0.161652105 0.161125572 0.149408584 0.195265543 0.193772648 0.204511703 0.168760002 0.167886802 0.182882843 0.186910105 0.187710132 0.162284077 0.162743046 0.169329636 0.169021119 0.156135660 0.174059467 0.355812242 
34     0.183867212 0.183610781 0.187787764 0.188489625 0.156113170 0.156136112 0.163663709 0.169781365 0.164021553 0.160991913 0.162288871 0.166439940 0.172844164 0.169936682 0.140939526 0.140658866 0.135596578 0.146711790 0.140883013 0.139245023 0.133392204 0.000000000 0.155854434 0.128489140 0.212934290 0.193244902 0.180092039 0.179554335 0.173747840 0.173627830 0.173219694 0.175864621 0.173759819 0.157793306 0.157266773 0.145549786 0.191401265 0.189908371 0.200647426 0.164904043 0.164030843 0.179026884 0.183054147 0.183854173 0.158420707 0.158879677 0.165466266 0.165157749 0.152272291 0.170196098 0.351555251 
15     0.204667951 0.204411520 0.208594719 0.209296580 0.176920125 0.176943067 0.184498186 0.190615842 0.184856030 0.181826390 0.183123348 0.187274417 0.193678641 0.196289678 0.167266822 0.166986162 0.161916507 0.173041447 0.167227382 0.165589393 0.159737930 0.155854434 0.000000000 0.105745370 0.233688991 0.213920810 0.200779798 0.200242094 0.194435600 0.194315590 0.193907453 0.196552380 0.194447578 0.178481066 0.177954533 0.166237545 0.212061486 0.210568592 0.221307647 0.185643992 0.184770792 0.199766833 0.203801417 0.204601443 0.178921119 0.179380089 0.185966678 0.185658161 0.172772702 0.190696510 0.372547946 
18     0.177222214 0.176965783 0.181148983 0.181850844 0.149474389 0.149497331 0.157052094 0.163169750 0.157409938 0.154380298 0.155677256 0.159828325 0.166232549 0.168915116 0.139893926 0.139613266 0.134543611 0.145668457 0.139854393 0.138216403 0.132364941 0.128489140 0.105745370 0.000000000 0.206256607 0.186488426 0.173347414 0.172809710 0.167003215 0.166883206 0.166475069 0.169119996 0.167015194 0.151048681 0.150522149 0.138805161 0.184629102 0.183136208 0.193875263 0.158211607 0.157338408 0.172334448 0.176369033 0.177169059 0.151481660 0.151940629 0.158527219 0.158218701 0.145333243 0.163257050 0.345112371 
47     0.240130587 0.239874156 0.243850832 0.244552693 0.212281978 0.212304920 0.220077725 0.226195381 0.220419145 0.217389504 0.218686463 0.222837532 0.229240656 0.253311588 0.224324761 0.224044101 0.219021356 0.230018038 0.224221554 0.222583564 0.216732102 0.212934290 0.233688991 0.206256607 0.000000000 0.219324441 0.206054645 0.205516941 0.199800118 0.199650269 0.199242133 0.201861053 0.199756251 0.183543586 0.182977411 0.171328454 0.217356576 0.215833460 0.226603516 0.199213052 0.198339853 0.213215796 0.217305503 0.218105529 0.192615939 0.193074909 0.199650976 0.199286755 0.186459438 0.204372244 0.407877242 
46     0.220445553 0.220189122 0.224165797 0.224867658 0.192596944 0.192619886 0.200593167 0.206710823 0.200935318 0.197905677 0.199202636 0.203353705 0.209756827 0.233702284 0.204715457 0.204434797 0.199412052 0.210403906 0.204613763 0.202975774 0.197124311 0.193244902 0.213920810 0.186488426 0.219324441 0.000000000 0.175534500 0.174996796 0.169178749 0.169022299 0.168615985 0.171278621 0.169173819 0.152956574 0.152422728 0.140625404 0.186217289 0.184789920 0.195469631 0.179864490 0.178991291 0.193874053 0.197986205 0.198786232 0.173038450 0.173497420 0.180073488 0.179785402 0.166881949 0.184791174 0.388066296 
24     0.206676238 0.206419807 0.210396483 0.211098344 0.178827629 0.178850571 0.187424992 0.193542648 0.187766412 0.184736772 0.186033730 0.190184799 0.196587921 0.220530324 0.191543497 0.191262837 0.186240092 0.197230433 0.191440290 0.189802300 0.183950838 0.180092039 0.200779798 0.173347414 0.206054645 0.175534500 0.000000000 0.029540535 0.043922469 0.042866573 0.042308935 0.067885272 0.066272981 0.108937717 0.108492874 0.096558768 0.171789884 0.170362408 0.181036087 0.166538502 0.165665302 0.180641585 0.184753737 0.185553763 0.159758633 0.160217602 0.166804192 0.166520984 0.153612653 0.171521878 0.374462510 
20     0.206138534 0.205882103 0.209858778 0.210560640 0.178289925 0.178312867 0.186887288 0.193004944 0.187228708 0.184199067 0.185496026 0.189647095 0.196050217 0.219992620 0.191005793 0.190725133 0.185702388 0.196692729 0.190902585 0.189264596 0.183413133 0.179554335 0.200242094 0.172809710 0.205516941 0.174996796 0.029540535 0.000000000 0.043693369 0.043115929 0.042791751 0.067762323 0.066175825 0.108392545 0.107947702 0.096013360 0.171252180 0.169824704 0.180498383 0.166000798 0.165127598 0.180103881 0.184216033 0.185016059 0.159220928 0.159679898 0.166266487 0.165983280 0.153074949 0.170984173 0.373924806 
31     0.200309387 0.200052956 0.204029631 0.204731493 0.172460778 0.172483720 0.181079923 0.187197580 0.181421343 0.178391703 0.179688662 0.183839730 0.190242853 0.214186125 0.185199298 0.184918638 0.179895893 0.190886234 0.185096091 0.183458101 0.177606639 0.173747840 0.194435600 0.167003215 0.199800118 0.169178749 0.043922469 0.043693369 0.000000000 0.020462338 0.021410098 0.061502497 0.059387223 0.102386106 0.101948425 0.089882688 0.165359008 0.163931531 0.174595919 0.160136953 0.159263753 0.174240035 0.178359846 0.179159872 0.153364742 0.153823712 0.160410301 0.160127093 0.147218763 0.165127987 0.368104727 
43     0.200188148 0.199931717 0.203908393 0.204610254 0.172339539 0.172362481 0.180958685 0.187076341 0.181300105 0.178270464 0.179567423 0.183718492 0.190121614 0.214066116 0.185079289 0.184798628 0.179775884 0.190766224 0.184976081 0.183338092 0.177486629 0.173627830 0.194315590 0.166883206 0.199650269 0.169022299 0.042866573 0.043115929 0.020462338 0.000000000 0.019579465 0.062618448 0.060397631 0.102507152 0.102062309 0.089996572 0.165283702 0.163856226 0.174529905 0.160007269 0.159134070 0.174110352 0.178230163 0.179030189 0.153235059 0.153694029 0.160280618 0.159997410 0.147089080 0.164998304 0.367983488 
25     0.199780011 0.199523580 0.203500256 0.204202117 0.171931403 0.171954345 0.180550548 0.186668205 0.180891968 0.177862328 0.179159286 0.183310355 0.189713478 0.213657979 0.184671152 0.184390492 0.179367747 0.190358088 0.184567945 0.182929955 0.177078493 0.173219694 0.193907453 0.166475069 0.199242133 0.168615985 0.042308935 0.042791751 0.021410098 0.019579465 0.000000000 0.061489290 0.059391232 0.102110046 0.101665203 0.089599466 0.164874075 0.163446599 0.174120278 0.159599133 0.158725933 0.173702216 0.177822027 0.178622053 0.152826922 0.153285892 0.159872481 0.159589274 0.146680943 0.164590167 0.367575351 
44     0.202426167 0.202169736 0.206146412 0.206848273 0.174577559 0.174600501 0.183196704 0.189314361 0.183538124 0.180508484 0.181805442 0.185956511 0.192359634 0.216302906 0.187316079 0.187035419 0.182012674 0.193003015 0.187212872 0.185574882 0.179723420 0.175864621 0.196552380 0.169119996 0.201861053 0.171278621 0.067885272 0.067762323 0.061502497 0.062618448 0.061489290 0.000000000 0.020904606 0.104730000 0.104163006 0.092112130 0.167513902 0.166086426 0.176761336 0.162273934 0.161400734 0.176377016 0.180489168 0.181289195 0.155494064 0.155953034 0.162539623 0.162256415 0.149348085 0.167257309 0.370221507 
41     0.200321365 0.200064934 0.204041610 0.204743471 0.172472757 0.172495699 0.181091902 0.187209559 0.181433322 0.178403682 0.179700640 0.183851709 0.190254832 0.214198104 0.185211277 0.184930617 0.179907872 0.190898213 0.185108070 0.183470080 0.177618618 0.173759819 0.194447578 0.167015194 0.199756251 0.169173819 0.066272981 0.066175825 0.059387223 0.060397631 0.059391232 0.020904606 0.000000000 0.102634554 0.102067560 0.090016684 0.165406487 0.163979011 0.174653921 0.160169132 0.159295932 0.174272214 0.178384366 0.179184393 0.153389262 0.153848232 0.160434821 0.160151613 0.147243283 0.165152507 0.368116705 
19     0.184360455 0.184104024 0.188080700 0.188782561 0.156511847 0.156534789 0.165053557 0.171171214 0.165394977 0.162365337 0.163662295 0.167813364 0.174216487 0.198231591 0.169244764 0.168964104 0.163941359 0.174931700 0.169141557 0.167503567 0.161652105 0.157793306 0.178481066 0.151048681 0.183543586 0.152956574 0.108937717 0.108392545 0.102386106 0.102507152 0.102110046 0.104730000 0.102634554 0.000000000 0.019603392 0.039289423 0.149344081 0.147916605 0.158580993 0.143944077 0.143070877 0.158053051 0.162172862 0.162972888 0.137215777 0.137674746 0.144261336 0.143978128 0.131069797 0.148979022 0.352098436 
49     0.183833923 0.183577492 0.187554168 0.188256029 0.155985314 0.156008256 0.164527025 0.170644681 0.164868445 0.161838804 0.163135763 0.167286831 0.173689954 0.197705059 0.168718232 0.168437571 0.163414827 0.174405167 0.168615024 0.166977035 0.161125572 0.157266773 0.177954533 0.150522149 0.182977411 0.152422728 0.108492874 0.107947702 0.101948425 0.102062309 0.101665203 0.104163006 0.102067560 0.019603392 0.000000000 0.038426483 0.148790882 0.147363406 0.158027794 0.143408032 0.142534832 0.157517006 0.161636817 0.162436844 0.136679732 0.137138702 0.143725291 0.143442083 0.130533753 0.148442977 0.351571904 
27     0.172093053 0.171836622 0.175813298 0.176515159 0.144244445 0.144267387 0.152807938 0.158925594 0.153149358 0.150119717 0.151416676 0.155567745 0.161970867 0.185988071 0.157001244 0.156720584 0.151697839 0.162688180 0.156898036 0.155260047 0.149408584 0.145549786 0.166237545 0.138805161 0.171328454 0.140625404 0.096558768 0.096013360 0.089882688 0.089996572 0.089599466 0.092112130 0.090016684 0.039289423 0.038426483 0.000000000 0.136973185 0.135545709 0.146210097 0.131653502 0.130780302 0.145762476 0.149882287 0.150682313 0.124927973 0.125386942 0.131973532 0.131690324 0.118781993 0.136691218 0.339840103 
22     0.218817144 0.218560713 0.222537389 0.223239250 0.190968536 0.190991478 0.199048676 0.205166333 0.199390096 0.196360456 0.197657414 0.201808483 0.208206715 0.231845029 0.202858202 0.202577542 0.197554797 0.208545138 0.202754994 0.201117005 0.195265543 0.191401265 0.212061486 0.184629102 0.217356576 0.186217289 0.171789884 0.171252180 0.165359008 0.165283702 0.164874075 0.167513902 0.165406487 0.149344081 0.148790882 0.136973185 0.000000000 0.022411745 0.052287688 0.178569254 0.177696054 0.192580170 0.196622261 0.197422287 0.171787703 0.172246673 0.178833262 0.178469040 0.165641724 0.183550948 0.386372333 
32     0.217323100 0.217066669 0.221043345 0.221745206 0.189474492 0.189497434 0.197554632 0.203672289 0.197896052 0.194866412 0.196163370 0.200314439 0.206712671 0.230352134 0.201365307 0.201084647 0.196061902 0.207052243 0.201262100 0.199624110 0.193772648 0.189908371 0.210568592 0.183136208 0.215833460 0.184789920 0.170362408 0.169824704 0.163931531 0.163856226 0.163446599 0.166086426 0.163979011 0.147916605 0.147363406 0.135545709 0.022411745 0.000000000 0.051405863 0.177093387 0.176220187 0.191104302 0.195146393 0.195946420 0.170311836 0.170770805 0.177357395 0.176993173 0.164165856 0.182075081 0.384878289 
28     0.228063305 0.227806874 0.231783549 0.232485411 0.200214696 0.200237638 0.208294837 0.214412493 0.208636256 0.205606616 0.206903575 0.211054643 0.217452875 0.241091189 0.212104362 0.211823702 0.206800957 0.217791298 0.212001155 0.210363165 0.204511703 0.200647426 0.221307647 0.193875263 0.226603516 0.195469631 0.181036087 0.180498383 0.174595919 0.174529905 0.174120278 0.176761336 0.174653921 0.158580993 0.158027794 0.146210097 0.052287688 0.051405863 0.000000000 0.187815414 0.186942215 0.201826330 0.205868421 0.206668447 0.181033863 0.181492833 0.188079422 0.187715201 0.174887884 0.192797108 0.395618494 
17     0.191748262 0.191491831 0.195534336 0.196236197 0.163965482 0.163988424 0.172937759 0.179055416 0.173291419 0.170261779 0.171558737 0.175709806 0.182095025 0.205335345 0.176348518 0.176067858 0.171045114 0.182039597 0.176249454 0.174611464 0.168760002 0.164904043 0.185643992 0.158211607 0.199213052 0.179864490 0.166538502 0.166000798 0.160136953 0.160007269 0.159599133 0.162273934 0.160169132 0.143944077 0.143408032 0.131653502 0.178569254 0.177093387 0.187815414 0.000000000 0.019992935 0.083575081 0.089164758 0.090078053 0.114532780 0.114964443 0.121523144 0.121207675 0.108462821 0.126434159 0.359972856 
33     0.190875063 0.190618632 0.194661136 0.195362997 0.163092283 0.163115225 0.172064560 0.178182216 0.172418219 0.169388579 0.170685537 0.174836606 0.181221825 0.204462146 0.175475319 0.175194659 0.170171914 0.181166397 0.175376254 0.173738265 0.167886802 0.164030843 0.184770792 0.157338408 0.198339853 0.178991291 0.165665302 0.165127598 0.159263753 0.159134070 0.158725933 0.161400734 0.159295932 0.143070877 0.142534832 0.130780302 0.177696054 0.176220187 0.186942215 0.019992935 0.000000000 0.082628028 0.088148536 0.089061832 0.113667636 0.114099299 0.120658000 0.120342530 0.107596308 0.125569014 0.359099656 
36     0.205859055 0.205602624 0.209645129 0.210346990 0.178076275 0.178099217 0.187057453 0.193175109 0.187411112 0.184381472 0.185678431 0.189829499 0.196214718 0.219458187 0.190471360 0.190190699 0.185167955 0.196162438 0.190372295 0.188734306 0.182882843 0.179026884 0.199766833 0.172334448 0.213215796 0.193874053 0.180641585 0.180103881 0.174240035 0.174110352 0.173702216 0.176377016 0.174272214 0.158053051 0.157517006 0.145762476 0.192580170 0.191104302 0.201826330 0.083575081 0.082628028 0.000000000 0.102033573 0.102993490 0.128905454 0.129337117 0.135836004 0.135520535 0.122775681 0.140726044 0.374083022 
42     0.209912233 0.209655802 0.213698307 0.214400168 0.182129453 0.182152395 0.191092060 0.197209717 0.191445720 0.188416080 0.189713038 0.193864107 0.200249326 0.223485449 0.194498622 0.194217962 0.189195217 0.200189701 0.194399557 0.192761568 0.186910105 0.183054147 0.203801417 0.176369033 0.217305503 0.197986205 0.184753737 0.184216033 0.178359846 0.178230163 0.177822027 0.180489168 0.178384366 0.162172862 0.161636817 0.149882287 0.196622261 0.195146393 0.205868421 0.089164758 0.088148536 0.102033573 0.000000000 0.024457792 0.132930410 0.133362073 0.139860960 0.139409836 0.126800637 0.144772867 0.378129680 
45     0.210712259 0.210455828 0.214498333 0.215200194 0.182929480 0.182952421 0.191892087 0.198009743 0.192245746 0.189216106 0.190513064 0.194664133 0.201049352 0.224285475 0.195298648 0.195017988 0.189995243 0.200989727 0.195199584 0.193561594 0.187710132 0.183854173 0.204601443 0.177169059 0.218105529 0.198786232 0.185553763 0.185016059 0.179159872 0.179030189 0.178622053 0.181289195 0.179184393 0.162972888 0.162436844 0.150682313 0.197422287 0.195946420 0.206668447 0.090078053 0.089061832 0.102993490 0.024457792 0.000000000 0.133749297 0.134180960 0.140679847 0.140228723 0.127619524 0.145591754 0.378929706 
50     0.184848294 0.184591863 0.188634367 0.189336228 0.157065514 0.157088456 0.165906413 0.172024070 0.166259342 0.163229702 0.164526660 0.168677729 0.175062948 0.198862050 0.169875223 0.169594563 0.164571818 0.175563672 0.169773529 0.168135539 0.162284077 0.158420707 0.178921119 0.151481660 0.192615939 0.173038450 0.159758633 0.159220928 0.153364742 0.153235059 0.152826922 0.155494064 0.153389262 0.137215777 0.136679732 0.124927973 0.171787703 0.170311836 0.181033863 0.114532780 0.113667636 0.128905454 0.132930410 0.133749297 0.000000000 0.011785493 0.048890007 0.048594135 0.035545617 0.061921757 0.353143191 
39     0.185307263 0.185050832 0.189093336 0.189795198 0.157524483 0.157547425 0.166365383 0.172483039 0.166718311 0.163688671 0.164985630 0.169136698 0.175521917 0.199321019 0.170334192 0.170053532 0.165030788 0.176022642 0.170232498 0.168594509 0.162743046 0.158879677 0.179380089 0.151940629 0.193074909 0.173497420 0.160217602 0.159679898 0.153823712 0.153694029 0.153285892 0.155953034 0.153848232 0.137674746 0.137138702 0.125386942 0.172246673 0.170770805 0.181492833 0.114964443 0.114099299 0.129337117 0.133362073 0.134180960 0.011785493 0.000000000 0.049273538 0.049024507 0.035932622 0.062143504 0.353602161 
14     0.191893853 0.191637422 0.195679926 0.196381787 0.164111073 0.164134015 0.172951972 0.179069629 0.173304901 0.170275261 0.171572219 0.175723288 0.182108507 0.205907609 0.176920782 0.176640122 0.171617377 0.182609231 0.176819088 0.175181098 0.169329636 0.165466266 0.185966678 0.158527219 0.199650976 0.180073488 0.166804192 0.166266487 0.160410301 0.160280618 0.159872481 0.162539623 0.160434821 0.144261336 0.143725291 0.131973532 0.178833262 0.177357395 0.188079422 0.121523144 0.120658000 0.135836004 0.139860960 0.140679847 0.048890007 0.049273538 0.000000000 0.033204339 0.039292810 0.069920005 0.360188750 
30     0.191585335 0.191328904 0.195371409 0.196073270 0.163802555 0.163825497 0.172643455 0.178761111 0.172996384 0.169966743 0.171263702 0.175414771 0.181799989 0.205599092 0.176612265 0.176331605 0.171308860 0.182300714 0.176510571 0.174872581 0.169021119 0.165157749 0.185658161 0.158218701 0.199286755 0.179785402 0.166520984 0.165983280 0.160127093 0.159997410 0.159589274 0.162256415 0.160151613 0.143978128 0.143442083 0.131690324 0.178469040 0.176993173 0.187715201 0.121207675 0.120342530 0.135520535 0.139409836 0.140228723 0.048594135 0.049024507 0.033204339 0.000000000 0.039475324 0.069230706 0.359880233 
16     0.178699877 0.178443446 0.182485950 0.183187812 0.150917097 0.150940039 0.159757997 0.165875653 0.160110925 0.157081285 0.158378244 0.162529312 0.168914531 0.192713633 0.163726806 0.163446146 0.158423402 0.169415255 0.163625112 0.161987123 0.156135660 0.152272291 0.172772702 0.145333243 0.186459438 0.166881949 0.153612653 0.153074949 0.147218763 0.147089080 0.146680943 0.149348085 0.147243283 0.131069797 0.130533753 0.118781993 0.165641724 0.164165856 0.174887884 0.108462821 0.107596308 0.122775681 0.126800637 0.127619524 0.035545617 0.035932622 0.039292810 0.039475324 0.000000000 0.056414265 0.346994774 
21     0.196623684 0.196367253 0.200409758 0.201111619 0.168840904 0.168863846 0.177681804 0.183799460 0.178034733 0.175005092 0.176302051 0.180453119 0.186838338 0.210637441 0.181650614 0.181369953 0.176347209 0.187339063 0.181548919 0.179910930 0.174059467 0.170196098 0.190696510 0.163257050 0.204372244 0.184791174 0.171521878 0.170984173 0.165127987 0.164998304 0.164590167 0.167257309 0.165152507 0.148979022 0.148442977 0.136691218 0.183550948 0.182075081 0.192797108 0.126434159 0.125569014 0.140726044 0.144772867 0.145591754 0.061921757 0.062143504 0.069920005 0.069230706 0.056414265 0.000000000 0.364918582 
0     0.370828034 0.370571603 0.374632776 0.375334637 0.343047972 0.343070914 0.351294229 0.357411886 0.351658967 0.348629327 0.349926022 0.354077091 0.360356475 0.392332495 0.363398544 0.363117884 0.358095139 0.369095091 0.363301694 0.361663705 0.355812242 0.351555251 0.372547946 0.345112371 0.407877242 0.388066296 0.374462510 0.373924806 0.368104727 0.367983488 0.367575351 0.370221507 0.368116705 0.352098436 0.351571904 0.339840103 0.386372333 0.384878289 0.395618494 0.359972856 0.359099656 0.374083022 0.378129680 0.378929706 0.353143191 0.353602161 0.360188750 0.359880233 0.346994774 0.364918582 0.000000000 
