51
1     0.000000000 0.000007370 0.003967030 0.003710630 0.004976640 0.004547270 0.014762660 0.013126510 0.014180560 0.014214810 0.014549490 0.014269180 0.008132440 0.014335490 0.011919170 0.011841440 0.011512150 0.011054200 0.013388490 0.013055380 0.012741090 0.008859280 0.008042000 0.007544570 0.016697290 0.010959170 0.016514070 0.016560970 0.016453890 0.016424590 0.016235130 0.013689290 0.015612720 0.015300260 0.015387360 0.004843440 0.011673960 0.011310100 0.014748640 0.011029750 0.011221730 0.013217780 0.008976190 0.008056000 0.013714350 0.013941160 0.007291470 0.008443980 0.013328410 0.015708390 0.008759040 
11     0.000007370 0.000000000 0.002737990 0.002600220 0.006333840 0.006721050 0.014633850 0.008512080 0.014051750 0.014086000 0.014420680 0.009654750 0.007150070 0.014206680 0.011790360 0.011712630 0.011383340 0.010925390 0.013259680 0.012926570 0.012612280 0.008113950 0.008039570 0.007542140 0.020536090 0.009848760 0.016385260 0.016432160 0.016325080 0.016295780 0.016106320 0.015589530 0.015483910 0.015064110 0.015151210 0.013879630 0.010444920 0.010081060 0.013519600 0.013927950 0.014394440 0.012981630 0.013709650 0.009726070 0.013585540 0.013812350 0.014210490 0.013844260 0.013199600 0.015579580 0.014584590 
2     0.003967030 0.002737990 0.000000000 0.000211360 0.005439740 0.002757090 0.016198880 0.016249650 0.015614550 0.015651030 0.015985710 0.015038310 0.008555640 0.015771710 0.012827020 0.013277660 0.011220560 0.007245850 0.014824710 0.014491600 0.014177310 0.006334010 0.005516730 0.005019300 0.010283670 0.011254330 0.017950290 0.017759670 0.017157740 0.017513070 0.016641980 0.017154560 0.016918590 0.017254230 0.017141970 0.009202950 0.011489090 0.008532020 0.014563770 0.015389260 0.015581240 0.015688850 0.013335700 0.010770240 0.015150570 0.015377380 0.011650980 0.012803490 0.014764630 0.017144610 0.012949200 
13     0.003710630 0.002600220 0.000211360 0.000000000 0.006632380 0.002036630 0.015894810 0.014852010 0.015606930 0.015641180 0.015975860 0.015467620 0.006735050 0.015761860 0.013345540 0.013267810 0.012938520 0.006525390 0.014814860 0.014435950 0.014167460 0.005086310 0.004269030 0.003771600 0.009563210 0.009433740 0.017738960 0.017010070 0.016408140 0.016763470 0.015892380 0.017144710 0.016168990 0.017244380 0.017132120 0.015494760 0.012529110 0.007811560 0.016554290 0.016251870 0.015949620 0.011978770 0.016744340 0.012760760 0.015140720 0.015367530 0.015765670 0.015399440 0.014754780 0.017134760 0.012199600 
8     0.004976640 0.006333840 0.005439740 0.006632380 0.000000000 0.000007830 0.014028790 0.001175180 0.004936750 0.011455290 0.000892460 0.003759510 0.004740900 0.013601620 0.011185300 0.011107570 0.010778280 0.010320330 0.012654620 0.012321510 0.012007220 0.009132480 0.000939710 0.010941230 0.014767370 0.015887510 0.010242500 0.010027210 0.010312230 0.008943490 0.012044210 0.014984470 0.014878850 0.007592640 0.009060740 0.006667670 0.012227770 0.014702890 0.016229270 0.013622860 0.013789380 0.016771390 0.011569300 0.010649110 0.012980480 0.013207290 0.009884580 0.011037090 0.012594540 0.014974520 0.011968760 
4     0.004547270 0.006721050 0.002757090 0.002036630 0.000007830 0.000000000 0.014416000 0.001180030 0.004941600 0.012483400 0.000897310 0.003619290 0.005769010 0.013988830 0.011572510 0.011494780 0.011165490 0.006904720 0.013041830 0.012708720 0.012394430 0.009519690 0.000944560 0.011328440 0.009942540 0.014614100 0.010247350 0.010032060 0.010317080 0.008948340 0.012049060 0.015371680 0.015266060 0.007597490 0.009065590 0.006672520 0.012232620 0.008190890 0.016616480 0.013043140 0.013235120 0.017158600 0.010989580 0.010069390 0.013367690 0.013594500 0.009304860 0.010457370 0.012981750 0.015361730 0.010406230 
12     0.014762660 0.014633850 0.016198880 0.015894810 0.014028790 0.014416000 0.000000000 0.000127830 0.003239180 0.006116410 0.004636470 0.002377010 0.002336960 0.018150270 0.015733950 0.015656220 0.015326930 0.010624380 0.017203270 0.016870160 0.016555870 0.013681130 0.017393190 0.014781700 0.013662200 0.015752680 0.015645370 0.015692270 0.015585190 0.015555890 0.015366430 0.014849640 0.014744020 0.014949310 0.014837050 0.013199690 0.015281020 0.011910550 0.016094440 0.013956800 0.013654550 0.016636560 0.016824700 0.016818230 0.012845650 0.013072460 0.013470600 0.013104370 0.012459710 0.014839690 0.009263800 
6     0.013126510 0.008512080 0.016249650 0.014852010 0.001175180 0.001180030 0.000127830 0.000000000 0.003699510 0.003418090 0.000870700 0.002346990 0.003121580 0.018201040 0.015784720 0.015706990 0.015377700 0.014919750 0.017254040 0.016920930 0.016606640 0.012339120 0.001182130 0.014894270 0.015447830 0.015803450 0.010484920 0.010269630 0.010554650 0.009185910 0.012286630 0.014900410 0.014794790 0.007835060 0.009303160 0.006910090 0.012470190 0.015067730 0.016145210 0.014007570 0.013705320 0.016687330 0.015659830 0.014638840 0.012896420 0.013123230 0.013521370 0.013155140 0.012510480 0.014890460 0.009960440 
10     0.014180560 0.014051750 0.015614550 0.015606930 0.004936750 0.004941600 0.003239180 0.003699510 0.000000000 0.000002600 0.000138800 0.002730360 0.003433160 0.017568170 0.015151850 0.015074120 0.014744830 0.014286880 0.016621170 0.016288060 0.015973770 0.013099030 0.004943700 0.014907780 0.019058290 0.015170580 0.014246490 0.014031200 0.014316220 0.012947480 0.014784330 0.014267540 0.014161920 0.011596630 0.013064730 0.010671660 0.014698920 0.014434860 0.015512340 0.013374700 0.013072450 0.016054460 0.016242600 0.016236130 0.012263550 0.012490360 0.012888500 0.012522270 0.011877610 0.014257590 0.016808300 
5     0.014214810 0.014086000 0.015651030 0.015641180 0.011455290 0.012483400 0.006116410 0.003418090 0.000002600 0.000000000 0.000639500 0.002506860 0.007245030 0.017602420 0.015186100 0.015108370 0.014779080 0.014321130 0.016655420 0.016322310 0.016008020 0.013133280 0.016845340 0.014942030 0.021263160 0.015204830 0.015097520 0.015144420 0.015037340 0.015008040 0.014818580 0.014301790 0.014196170 0.014401460 0.014289200 0.012651840 0.014733170 0.014469110 0.015546590 0.013408950 0.013106700 0.016088710 0.016276850 0.016270380 0.012297800 0.012524610 0.012922750 0.012556520 0.011911860 0.014291840 0.016079620 
9     0.014549490 0.014420680 0.015985710 0.015975860 0.000892460 0.000897310 0.004636470 0.000870700 0.000138800 0.000639500 0.000000000 0.001045350 0.007921330 0.017937100 0.015520780 0.015443050 0.015113760 0.014655810 0.016990100 0.016656990 0.016342700 0.012056400 0.000899410 0.015276710 0.019749110 0.015539510 0.010202200 0.009986910 0.010271930 0.008903190 0.012003910 0.014636470 0.014530850 0.007552340 0.009020440 0.006627370 0.012187470 0.014803790 0.015881270 0.013743630 0.013441380 0.016423390 0.015377110 0.014356120 0.012632480 0.012859290 0.013257430 0.012891200 0.012246540 0.014626520 0.013775250 
7     0.014269180 0.009654750 0.015038310 0.015467620 0.003759510 0.003619290 0.002377010 0.002346990 0.002730360 0.002506860 0.001045350 0.000000000 0.001609450 0.019514520 0.017098200 0.017020470 0.016691180 0.012823240 0.016222610 0.016062110 0.016474220 0.015045380 0.016424730 0.016837850 0.015861060 0.017116930 0.017009620 0.017056520 0.016949440 0.016920140 0.016730680 0.016213890 0.016108270 0.016313560 0.016201300 0.014563940 0.016645270 0.014109410 0.017458690 0.015321050 0.015018800 0.015791260 0.018188950 0.018182480 0.014209900 0.014436710 0.014834850 0.014468620 0.013823960 0.016203940 0.021634400 
3     0.008132440 0.007150070 0.008555640 0.006735050 0.004740900 0.005769010 0.002336960 0.003121580 0.003433160 0.007245030 0.007921330 0.001609450 0.000000000 0.020048590 0.017632270 0.017554540 0.017225250 0.016464620 0.016899720 0.015650720 0.017151330 0.008913700 0.015425930 0.016119390 0.018289650 0.010648510 0.017543690 0.017590590 0.017426540 0.017454210 0.016910780 0.016747960 0.016642340 0.016847630 0.016735370 0.012378680 0.017179340 0.016915280 0.017992760 0.015855120 0.015552870 0.016468370 0.016511430 0.015591240 0.014743970 0.014970780 0.014826710 0.015002690 0.014358030 0.016738010 0.012852390 
38     0.014335490 0.014206680 0.015771710 0.015761860 0.013601620 0.013988830 0.018150270 0.018201040 0.017568170 0.017602420 0.017937100 0.019514520 0.020048590 0.000000000 0.004991920 0.004433250 0.003991430 0.007474120 0.004125940 0.007512670 0.003931050 0.007242480 0.015084040 0.008992220 0.014362810 0.017838050 0.019901680 0.019948580 0.019841500 0.019812200 0.019622740 0.019105950 0.019000330 0.019205620 0.019093360 0.017456000 0.019537330 0.011414840 0.020350750 0.018213110 0.017910860 0.020892870 0.021081010 0.021074540 0.017101960 0.017328770 0.017726910 0.017360680 0.016716020 0.019096000 0.021802770 
48     0.011919170 0.011790360 0.012827020 0.013345540 0.011185300 0.011572510 0.015733950 0.015784720 0.015151850 0.015186100 0.015520780 0.017098200 0.017632270 0.004991920 0.000000000 0.000285040 0.000918800 0.003949580 0.007460150 0.007468510 0.004989380 0.008521620 0.012667720 0.008536020 0.012664910 0.015155910 0.017485360 0.017532260 0.017425180 0.017395880 0.017206420 0.016689630 0.016584010 0.016789300 0.016677040 0.015039680 0.017121010 0.009716940 0.017934430 0.015796790 0.015494540 0.018476550 0.018664690 0.018658220 0.014685640 0.014912450 0.015310590 0.014944360 0.014299700 0.016679680 0.018982760 
26     0.011841440 0.011712630 0.013277660 0.013267810 0.011107570 0.011494780 0.015656220 0.015706990 0.015074120 0.015108370 0.015443050 0.017020470 0.017554540 0.004433250 0.000285040 0.000000000 0.000395060 0.003321550 0.009444440 0.008451500 0.003792060 0.008443890 0.012589990 0.010686680 0.022317040 0.014594170 0.017407630 0.017454530 0.017347450 0.017318150 0.017128690 0.016611900 0.016506280 0.016711570 0.016599310 0.014961950 0.017043280 0.016779220 0.017856700 0.015719060 0.015416810 0.017212270 0.018586960 0.018580490 0.014607910 0.014834720 0.015232860 0.014866630 0.014221970 0.016601950 0.018008990 
29     0.011512150 0.011383340 0.011220560 0.012938520 0.010778280 0.011165490 0.015326930 0.015377700 0.014744830 0.014779080 0.015113760 0.016691180 0.017225250 0.003991430 0.000918800 0.000395060 0.000000000 0.004327220 0.009361160 0.008456640 0.007530770 0.008114600 0.012260700 0.009293870 0.011451450 0.014599310 0.017078340 0.017125240 0.017018160 0.016988860 0.016799400 0.016282610 0.016176990 0.016382280 0.016270020 0.014632660 0.016713990 0.008503480 0.017527410 0.015389770 0.015087520 0.018069530 0.018257670 0.018251200 0.014278620 0.014505430 0.014903570 0.014537340 0.013892680 0.016272660 0.018975820 
23     0.011054200 0.010925390 0.007245850 0.006525390 0.010320330 0.006904720 0.010624380 0.014919750 0.014286880 0.014321130 0.014655810 0.012823240 0.016464620 0.007474120 0.003949580 0.003321550 0.004327220 0.000000000 0.001481510 0.002058280 0.000475790 0.004576950 0.009070760 0.009899440 0.004254780 0.007730020 0.016620390 0.016667290 0.016560210 0.016530910 0.016341450 0.015824660 0.015719040 0.015382110 0.015469210 0.014174710 0.016256040 0.001306810 0.017069460 0.014245950 0.014629570 0.013299630 0.013363530 0.012898580 0.013820670 0.014047480 0.014445620 0.014079390 0.013434730 0.015814710 0.020205680 
40     0.013388490 0.013259680 0.014824710 0.014814860 0.012654620 0.013041830 0.017203270 0.017254040 0.016621170 0.016655420 0.016990100 0.016222610 0.016899720 0.004125940 0.007460150 0.009444440 0.009361160 0.001481510 0.000000000 0.000686430 0.001206090 0.007236160 0.010785940 0.007705150 0.021290770 0.013855180 0.018954680 0.019001580 0.018894500 0.018865200 0.018675740 0.018158950 0.018053330 0.015817210 0.015904310 0.015254620 0.018590330 0.018326270 0.019403750 0.014681050 0.015924170 0.013734730 0.020134010 0.020127540 0.016154960 0.016381770 0.016391730 0.016413680 0.015008200 0.018149000 0.022095900 
37     0.013055380 0.012926570 0.014491600 0.014435950 0.012321510 0.012708720 0.016870160 0.016920930 0.016288060 0.016322310 0.016656990 0.016062110 0.015650720 0.007512670 0.007468510 0.008451500 0.008456640 0.002058280 0.000686430 0.000000000 0.000687690 0.006737680 0.010625440 0.007113390 0.020750500 0.010063170 0.018621570 0.018668470 0.018561390 0.018532090 0.018342630 0.017825840 0.017720220 0.015656710 0.015743810 0.015094120 0.018257220 0.015606700 0.019070640 0.014520550 0.015763670 0.013574230 0.019800900 0.019794430 0.015821850 0.016048660 0.016231230 0.016080570 0.014847700 0.017815890 0.021031070 
35     0.012741090 0.012612280 0.014177310 0.014167460 0.012007220 0.012394430 0.016555870 0.016606640 0.015973770 0.016008020 0.016342700 0.016474220 0.017151330 0.003931050 0.004989380 0.003792060 0.007530770 0.000475790 0.001206090 0.000687690 0.000000000 0.008256320 0.011037550 0.010786140 0.019017940 0.018414590 0.018307280 0.018354180 0.018247100 0.018217800 0.018028340 0.017511550 0.017405930 0.016068820 0.016155920 0.015506230 0.017942930 0.017678870 0.018756350 0.014932660 0.016175780 0.013986340 0.019486610 0.019480140 0.015507560 0.015734370 0.016132510 0.015766280 0.015121620 0.017128250 0.024508930 
34     0.008859280 0.008113950 0.006334010 0.005086310 0.009132480 0.009519690 0.013681130 0.012339120 0.013099030 0.013133280 0.012056400 0.015045380 0.008913700 0.007242480 0.008521620 0.008443890 0.008114600 0.004576950 0.007236160 0.006737680 0.008256320 0.000000000 0.004093760 0.003596330 0.003553030 0.003326150 0.015432540 0.015479440 0.015372360 0.015343060 0.015153600 0.014636810 0.014531190 0.014421090 0.013628200 0.012026420 0.014059770 0.005863120 0.011546850 0.013546020 0.013441720 0.012599700 0.012661780 0.012196830 0.012632820 0.012859630 0.013257770 0.012891540 0.012246880 0.014626860 0.009914620 
15     0.008042000 0.008039570 0.005516730 0.004269030 0.000939710 0.000944560 0.017393190 0.001182130 0.004943700 0.016845340 0.000899410 0.016424730 0.015425930 0.015084040 0.012667720 0.012589990 0.012260700 0.009070760 0.010785940 0.010625440 0.011037550 0.004093760 0.000000000 0.002323810 0.016189110 0.014338620 0.009722670 0.009507380 0.009792400 0.008423660 0.011524380 0.018348870 0.018243250 0.007072810 0.008540910 0.006147840 0.011707940 0.013518240 0.016811530 0.014883170 0.014720300 0.013936850 0.014897580 0.013163250 0.016344880 0.016571690 0.013183240 0.013901570 0.013077620 0.015227840 0.014885870 
18     0.007544570 0.007542140 0.005019300 0.003771600 0.010941230 0.011328440 0.014781700 0.014894270 0.014907780 0.014942030 0.015276710 0.016837850 0.016119390 0.008992220 0.008536020 0.010686680 0.009293870 0.009899440 0.007705150 0.007113390 0.010786140 0.003596330 0.002323810 0.000000000 0.013259780 0.013841190 0.017241290 0.017288190 0.017181110 0.017151810 0.016962350 0.016445560 0.016339940 0.016545230 0.016432970 0.014795610 0.012105650 0.011741790 0.014553500 0.015552720 0.015250470 0.017031940 0.015370380 0.011386800 0.014441570 0.014668380 0.015066520 0.014700290 0.014055630 0.016435610 0.014860050 
47     0.016697290 0.020536090 0.010283670 0.009563210 0.014767370 0.009942540 0.013662200 0.015447830 0.019058290 0.021263160 0.019749110 0.015861060 0.018289650 0.014362810 0.012664910 0.022317040 0.011451450 0.004254780 0.021290770 0.020750500 0.019017940 0.003553030 0.016189110 0.013259780 0.000000000 0.005169260 0.013280680 0.014435600 0.010275850 0.010895600 0.010226760 0.010918010 0.010920810 0.006479810 0.004583140 0.006952430 0.010828740 0.005540950 0.008315820 0.007019150 0.012870160 0.015082900 0.009200610 0.008735660 0.008853510 0.017356340 0.011311280 0.015658300 0.011364190 0.005262690 0.009949930 
46     0.010959170 0.009848760 0.011254330 0.009433740 0.015887510 0.014614100 0.015752680 0.015803450 0.015170580 0.015204830 0.015539510 0.017116930 0.010648510 0.017838050 0.015155910 0.014594170 0.014599310 0.007730020 0.013855180 0.010063170 0.018414590 0.003326150 0.014338620 0.013841190 0.005169260 0.000000000 0.011078680 0.011477330 0.011376520 0.013589010 0.012357160 0.013339560 0.013441250 0.011815400 0.002319300 0.003943170 0.006076690 0.004827040 0.004444980 0.007741710 0.007744830 0.011622570 0.014918800 0.014912330 0.009429800 0.009259660 0.009141170 0.013057970 0.011397080 0.007195920 0.020641080 
24     0.016514070 0.016385260 0.017950290 0.017738960 0.010242500 0.010247350 0.015645370 0.010484920 0.014246490 0.015097520 0.010202200 0.017009620 0.017543690 0.019901680 0.017485360 0.017407630 0.017078340 0.016620390 0.018954680 0.018621570 0.018307280 0.015432540 0.009722670 0.017241290 0.013280680 0.011078680 0.000000000 0.000496660 0.001702050 0.002250290 0.000914220 0.003573600 0.003301430 0.004660820 0.006128920 0.003735850 0.009441390 0.013601020 0.014773210 0.013803090 0.013135050 0.012494410 0.013312330 0.012291340 0.012691940 0.012918750 0.013316890 0.012950660 0.012306000 0.014685980 0.012089820 
20     0.016560970 0.016432160 0.017759670 0.017010070 0.010027210 0.010032060 0.015692270 0.010269630 0.014031200 0.015144420 0.009986910 0.017056520 0.017590590 0.019948580 0.017532260 0.017454530 0.017125240 0.016667290 0.019001580 0.018668470 0.018354180 0.015479440 0.009507380 0.017288190 0.014435600 0.011477330 0.000496660 0.000000000 0.001883420 0.002419340 0.001075180 0.001362540 0.001419100 0.004445530 0.005913630 0.003520560 0.009226100 0.014033220 0.014044320 0.013849990 0.012919760 0.011765520 0.013097040 0.012076050 0.012738840 0.012965650 0.013363790 0.012997560 0.012352900 0.014732880 0.011360930 
31     0.016453890 0.016325080 0.017157740 0.016408140 0.010312230 0.010317080 0.015585190 0.010554650 0.014316220 0.015037340 0.010271930 0.016949440 0.017426540 0.019841500 0.017425180 0.017347450 0.017018160 0.016560210 0.018894500 0.018561390 0.018247100 0.015372360 0.009792400 0.017181110 0.010275850 0.011376520 0.001702050 0.001883420 0.000000000 0.000045230 0.000328710 0.001591400 0.001647960 0.004730550 0.006198650 0.003805580 0.009511120 0.013431290 0.013442390 0.013742910 0.013204780 0.011163590 0.012686120 0.012361070 0.012631760 0.012858570 0.013256710 0.012890480 0.012245820 0.014625800 0.010759000 
43     0.016424590 0.016295780 0.017513070 0.016763470 0.008943490 0.008948340 0.015555890 0.009185910 0.012947480 0.015008040 0.008903190 0.016920140 0.017454210 0.019812200 0.017395880 0.017318150 0.016988860 0.016530910 0.018865200 0.018532090 0.018217800 0.015343060 0.008423660 0.017151810 0.010895600 0.013589010 0.002250290 0.002419340 0.000045230 0.000000000 0.000501510 0.002127320 0.002183880 0.003361810 0.004829910 0.002436840 0.008142380 0.013786620 0.013797720 0.013713610 0.011836040 0.011518920 0.012013320 0.010992330 0.012602460 0.012829270 0.013227410 0.012861180 0.012216520 0.014596500 0.011114330 
25     0.016235130 0.016106320 0.016641980 0.015892380 0.012044210 0.012049060 0.015366430 0.012286630 0.014784330 0.014818580 0.012003910 0.016730680 0.016910780 0.019622740 0.017206420 0.017128690 0.016799400 0.016341450 0.018675740 0.018342630 0.018028340 0.015153600 0.011524380 0.016962350 0.010226760 0.012357160 0.000914220 0.001075180 0.000328710 0.000501510 0.000000000 0.000692550 0.000546610 0.006462530 0.001365350 0.000347610 0.011243100 0.012915530 0.012926630 0.013524150 0.013054160 0.010647830 0.012170360 0.014093050 0.012413000 0.012639810 0.013037950 0.012671720 0.012027060 0.014407040 0.010243240 
44     0.013689290 0.015589530 0.017154560 0.017144710 0.014984470 0.015371680 0.014849640 0.014900410 0.014267540 0.014301790 0.014636470 0.016213890 0.016747960 0.019105950 0.016689630 0.016611900 0.016282610 0.015824660 0.018158950 0.017825840 0.017511550 0.014636810 0.018348870 0.016445560 0.010918010 0.013339560 0.003573600 0.001362540 0.001591400 0.002127320 0.000692550 0.000000000 0.000007660 0.007482590 0.002056600 0.000319940 0.013833360 0.013569300 0.014646780 0.013007360 0.012705110 0.014591280 0.014779420 0.014772950 0.011896210 0.012123020 0.012521160 0.012154930 0.011510270 0.012094120 0.016626700 
41     0.015612720 0.015483910 0.016918590 0.016168990 0.014878850 0.015266060 0.014744020 0.014794790 0.014161920 0.014196170 0.014530850 0.016108270 0.016642340 0.019000330 0.016584010 0.016506280 0.016176990 0.015719040 0.018053330 0.017720220 0.017405930 0.014531190 0.018243250 0.016339940 0.010920810 0.013441250 0.003301430 0.001419100 0.001647960 0.002183880 0.000546610 0.000007660 0.000000000 0.008011230 0.002059400 0.001041660 0.013727740 0.013192140 0.013203240 0.012901740 0.012599490 0.010924440 0.012446970 0.014667330 0.011790590 0.012017400 0.012415540 0.012049310 0.011404650 0.010298350 0.010519850 
19     0.015300260 0.015064110 0.017254230 0.017244380 0.007592640 0.007597490 0.014949310 0.007835060 0.011596630 0.014401460 0.007552340 0.016313560 0.016847630 0.019205620 0.016789300 0.016711570 0.016382280 0.015382110 0.015817210 0.015656710 0.016068820 0.014421090 0.007072810 0.016545230 0.006479810 0.011815400 0.004660820 0.004445530 0.004730550 0.003361810 0.006462530 0.007482590 0.008011230 0.000000000 0.000136370 0.000164580 0.006791530 0.009232070 0.007622540 0.009686240 0.009689360 0.013359240 0.010662470 0.009641480 0.011374330 0.011204190 0.011085700 0.012254600 0.011609940 0.009140450 0.015443320 
49     0.015387360 0.015151210 0.017141970 0.017132120 0.009060740 0.009065590 0.014837050 0.009303160 0.013064730 0.014289200 0.009020440 0.016201300 0.016735370 0.019093360 0.016677040 0.016599310 0.016270020 0.015469210 0.015904310 0.015743810 0.016155920 0.013628200 0.008540910 0.016432970 0.004583140 0.002319300 0.006128920 0.005913630 0.006198650 0.004829910 0.001365350 0.002056600 0.002059400 0.000136370 0.000000000 0.001047380 0.008259630 0.008439180 0.006829650 0.009470680 0.009473800 0.013446340 0.012130570 0.011109580 0.011158770 0.010988630 0.010870140 0.012142340 0.011497680 0.008924890 0.014714200 
27     0.004843440 0.013879630 0.009202950 0.015494760 0.006667670 0.006672520 0.013199690 0.006910090 0.010671660 0.012651840 0.006627370 0.014563940 0.012378680 0.017456000 0.015039680 0.014961950 0.014632660 0.014174710 0.015254620 0.015094120 0.015506230 0.012026420 0.006147840 0.014795610 0.006952430 0.003943170 0.003735850 0.003520560 0.003805580 0.002436840 0.000347610 0.000319940 0.001041660 0.000164580 0.001047380 0.000000000 0.005866560 0.010573620 0.010191560 0.010353690 0.009560220 0.012796650 0.008300130 0.007379940 0.010246260 0.010473070 0.006615410 0.007767920 0.005521070 0.009830120 0.008805050 
22     0.011673960 0.010444920 0.011489090 0.012529110 0.012227770 0.012232620 0.015281020 0.012470190 0.014698920 0.014733170 0.012187470 0.016645270 0.017179340 0.019537330 0.017121010 0.017043280 0.016713990 0.016256040 0.018590330 0.018257220 0.017942930 0.014059770 0.011707940 0.012105650 0.010828740 0.006076690 0.009441390 0.009226100 0.009511120 0.008142380 0.011243100 0.013833360 0.013727740 0.006791530 0.008259630 0.005866560 0.000000000 0.000417410 0.000210170 0.008446170 0.008449290 0.014417850 0.015225170 0.011241590 0.010134260 0.009964120 0.009845630 0.012586310 0.011941650 0.007900380 0.014013260 
32     0.011310100 0.010081060 0.008532020 0.007811560 0.014702890 0.008190890 0.011910550 0.015067730 0.014434860 0.014469110 0.014803790 0.014109410 0.016915280 0.011414840 0.009716940 0.016779220 0.008503480 0.001306810 0.018326270 0.015606700 0.017678870 0.005863120 0.013518240 0.011741790 0.005540950 0.004827040 0.013601020 0.014033220 0.013431290 0.013786620 0.012915530 0.013569300 0.013192140 0.009232070 0.008439180 0.010573620 0.000417410 0.000000000 0.000357080 0.013174680 0.012872430 0.013025260 0.014547790 0.010877730 0.012063530 0.012290340 0.012688480 0.012322250 0.011677590 0.012082770 0.012620670 
28     0.014748640 0.013519600 0.014563770 0.016554290 0.016229270 0.016616480 0.016094440 0.016145210 0.015512340 0.015546590 0.015881270 0.017458690 0.017992760 0.020350750 0.017934430 0.017856700 0.017527410 0.017069460 0.019403750 0.019070640 0.018756350 0.011546850 0.016811530 0.014553500 0.008315820 0.004444980 0.014773210 0.014044320 0.013442390 0.013797720 0.012926630 0.014646780 0.013203240 0.007622540 0.006829650 0.010191560 0.000210170 0.000357080 0.000000000 0.014252160 0.013318080 0.013036360 0.014558890 0.014316270 0.013141010 0.013367820 0.013765960 0.013399730 0.012755070 0.011846010 0.012631770 
17     0.011029750 0.013927950 0.015389260 0.016251870 0.013622860 0.013043140 0.013956800 0.014007570 0.013374700 0.013408950 0.013743630 0.015321050 0.015855120 0.018213110 0.015796790 0.015719060 0.015389770 0.014245950 0.014681050 0.014520550 0.014932660 0.013546020 0.014883170 0.015552720 0.007019150 0.007741710 0.013803090 0.013849990 0.013742910 0.013713610 0.013524150 0.013007360 0.012901740 0.009686240 0.009470680 0.010353690 0.008446170 0.013174680 0.014252160 0.000000000 0.000003920 0.002409360 0.001062950 0.001228070 0.003463310 0.003293170 0.003174680 0.007218970 0.005430590 0.001229430 0.014826460 
33     0.011221730 0.014394440 0.015581240 0.015949620 0.013789380 0.013235120 0.013654550 0.013705320 0.013072450 0.013106700 0.013441380 0.015018800 0.015552870 0.017910860 0.015494540 0.015416810 0.015087520 0.014629570 0.015924170 0.015763670 0.016175780 0.013441720 0.014720300 0.015250470 0.012870160 0.007744830 0.013135050 0.012919760 0.013204780 0.011836040 0.013054160 0.012705110 0.012599490 0.009689360 0.009473800 0.009560220 0.008449290 0.012872430 0.013318080 0.000003920 0.000000000 0.003652480 0.002222780 0.001201790 0.003466430 0.003296290 0.003177800 0.006916720 0.005433710 0.001232550 0.012271760 
36     0.013217780 0.012981630 0.015688850 0.011978770 0.016771390 0.017158600 0.016636560 0.016687330 0.016054460 0.016088710 0.016423390 0.015791260 0.016468370 0.020892870 0.018476550 0.017212270 0.018069530 0.013299630 0.013734730 0.013574230 0.013986340 0.012599700 0.013936850 0.017031940 0.015082900 0.011622570 0.012494410 0.011765520 0.011163590 0.011518920 0.010647830 0.014591280 0.010924440 0.013359240 0.013446340 0.012796650 0.014417850 0.013025260 0.013036360 0.002409360 0.003652480 0.000000000 0.004136870 0.003434400 0.008727310 0.009087370 0.003527570 0.006605910 0.005585300 0.011670120 0.009865430 
42     0.008976190 0.013709650 0.013335700 0.016744340 0.011569300 0.010989580 0.016824700 0.015659830 0.016242600 0.016276850 0.015377110 0.018188950 0.016511430 0.021081010 0.018664690 0.018586960 0.018257670 0.013363530 0.020134010 0.019800900 0.019486610 0.012661780 0.014897580 0.015370380 0.009200610 0.014918800 0.013312330 0.013097040 0.012686120 0.012013320 0.012170360 0.014779420 0.012446970 0.010662470 0.012130570 0.008300130 0.015225170 0.014547790 0.014558890 0.001062950 0.002222780 0.004136870 0.000000000 0.000116050 0.010249840 0.010609900 0.006600480 0.007752990 0.007107830 0.013919250 0.011387960 
45     0.008056000 0.009726070 0.010770240 0.012760760 0.010649110 0.010069390 0.016818230 0.014638840 0.016236130 0.016270380 0.014356120 0.018182480 0.015591240 0.021074540 0.018658220 0.018580490 0.018251200 0.012898580 0.020127540 0.019794430 0.019480140 0.012196830 0.013163250 0.011386800 0.008735660 0.014912330 0.012291340 0.012076050 0.012361070 0.010992330 0.014093050 0.014772950 0.014667330 0.009641480 0.011109580 0.007379940 0.011241590 0.010877730 0.014316270 0.001228070 0.001201790 0.003434400 0.000116050 0.000000000 0.013227040 0.013265250 0.005680290 0.006832800 0.009543020 0.011201510 0.015041850 
50     0.013714350 0.013585540 0.015150570 0.015140720 0.012980480 0.013367690 0.012845650 0.012896420 0.012263550 0.012297800 0.012632480 0.014209900 0.014743970 0.017101960 0.014685640 0.014607910 0.014278620 0.013820670 0.016154960 0.015821850 0.015507560 0.012632820 0.016344880 0.014441570 0.008853510 0.009429800 0.012691940 0.012738840 0.012631760 0.012602460 0.012413000 0.011896210 0.011790590 0.011374330 0.011158770 0.010246260 0.010134260 0.012063530 0.013141010 0.003463310 0.003466430 0.008727310 0.010249840 0.013227040 0.000000000 0.000060180 0.001479360 0.000445640 0.001424740 0.000693770 0.015348740 
39     0.013941160 0.013812350 0.015377380 0.015367530 0.013207290 0.013594500 0.013072460 0.013123230 0.012490360 0.012524610 0.012859290 0.014436710 0.014970780 0.017328770 0.014912450 0.014834720 0.014505430 0.014047480 0.016381770 0.016048660 0.015734370 0.012859630 0.016571690 0.014668380 0.017356340 0.009259660 0.012918750 0.012965650 0.012858570 0.012829270 0.012639810 0.012123020 0.012017400 0.011204190 0.010988630 0.010473070 0.009964120 0.012290340 0.013367820 0.003293170 0.003296290 0.009087370 0.010609900 0.013265250 0.000060180 0.000000000 0.001511840 0.000401260 0.001667360 0.000767950 0.015708800 
14     0.007291470 0.014210490 0.011650980 0.015765670 0.009884580 0.009304860 0.013470600 0.013521370 0.012888500 0.012922750 0.013257430 0.014834850 0.014826710 0.017726910 0.015310590 0.015232860 0.014903570 0.014445620 0.016391730 0.016231230 0.016132510 0.013257770 0.013183240 0.015066520 0.011311280 0.009141170 0.013316890 0.013363790 0.013256710 0.013227410 0.013037950 0.012521160 0.012415540 0.011085700 0.010870140 0.006615410 0.009845630 0.012688480 0.013765960 0.003174680 0.003177800 0.003527570 0.006600480 0.005680290 0.001479360 0.001511840 0.000000000 0.000000310 0.000329840 0.001871940 0.019590330 
30     0.008443980 0.013844260 0.012803490 0.015399440 0.011037090 0.010457370 0.013104370 0.013155140 0.012522270 0.012556520 0.012891200 0.014468620 0.015002690 0.017360680 0.014944360 0.014866630 0.014537340 0.014079390 0.016413680 0.016080570 0.015766280 0.012891540 0.013901570 0.014700290 0.015658300 0.013057970 0.012950660 0.012997560 0.012890480 0.012861180 0.012671720 0.012154930 0.012049310 0.012254600 0.012142340 0.007767920 0.012586310 0.012322250 0.013399730 0.007218970 0.006916720 0.006605910 0.007752990 0.006832800 0.000445640 0.000401260 0.000000310 0.000000000 0.000739240 0.002897940 0.018091140 
16     0.013328410 0.013199600 0.014764630 0.014754780 0.012594540 0.012981750 0.012459710 0.012510480 0.011877610 0.011911860 0.012246540 0.013823960 0.014358030 0.016716020 0.014299700 0.014221970 0.013892680 0.013434730 0.015008200 0.014847700 0.015121620 0.012246880 0.013077620 0.014055630 0.011364190 0.011397080 0.012306000 0.012352900 0.012245820 0.012216520 0.012027060 0.011510270 0.011404650 0.011609940 0.011497680 0.005521070 0.011941650 0.011677590 0.012755070 0.005430590 0.005433710 0.005585300 0.007107830 0.009543020 0.001424740 0.001667360 0.000329840 0.000739240 0.000000000 0.002138430 0.012206730 
21     0.015708390 0.015579580 0.017144610 0.017134760 0.014974520 0.015361730 0.014839690 0.014890460 0.014257590 0.014291840 0.014626520 0.016203940 0.016738010 0.019096000 0.016679680 0.016601950 0.016272660 0.015814710 0.018149000 0.017815890 0.017128250 0.014626860 0.015227840 0.016435610 0.005262690 0.007195920 0.014685980 0.014732880 0.014625800 0.014596500 0.014407040 0.012094120 0.010298350 0.009140450 0.008924890 0.009830120 0.007900380 0.012082770 0.011846010 0.001229430 0.001232550 0.011670120 0.013919250 0.011201510 0.000693770 0.000767950 0.001871940 0.002897940 0.002138430 0.000000000 0.019932570 
0     0.008759040 0.014584590 0.012949200 0.012199600 0.011968760 0.010406230 0.009263800 0.009960440 0.016808300 0.016079620 0.013775250 0.021634400 0.012852390 0.021802770 0.018982760 0.018008990 0.018975820 0.020205680 0.022095900 0.021031070 0.024508930 0.009914620 0.014885870 0.014860050 0.009949930 0.020641080 0.012089820 0.011360930 0.010759000 0.011114330 0.010243240 0.016626700 0.010519850 0.015443320 0.014714200 0.008805050 0.014013260 0.012620670 0.012631770 0.014826460 0.012271760 0.009865430 0.011387960 0.015041850 0.015348740 0.015708800 0.019590330 0.018091140 0.012206730 0.019932570 0.000000000 
