51
2     0.000000000 0.069294849 0.091230468 0.091025654 0.104092803 0.099990449 0.080767677 0.086414762 0.086541801 0.125090519 0.115552429 0.114395011 0.118235054 0.119472013 0.101300276 0.171351287 0.167004726 0.169550833 0.173103621 0.171345923 0.172602445 0.163506671 0.112745637 0.147433717 0.145196752 0.146391640 0.150322549 0.143883871 0.141012184 0.137236884 0.139840852 0.165451254 0.130583915 0.147364506 0.141215517 0.137178963 0.153512972 0.143410855 0.144670986 0.167462486 0.145119119 0.145241161 0.131202657 0.134635449 0.129203580 0.126296528 0.131081266 0.143933388 0.143255403 0.144843517 0.224096572 
14     0.069294849 0.000000000 0.084069953 0.083857474 0.096870144 0.092785537 0.073671358 0.079304202 0.079431242 0.117913569 0.108375480 0.107218061 0.111058104 0.112295064 0.094123326 0.164144984 0.159798422 0.162344530 0.165897317 0.164139619 0.165396142 0.156300367 0.105540771 0.140227413 0.137990449 0.139185337 0.143116245 0.136677568 0.133805881 0.130030580 0.132634548 0.158244950 0.123374055 0.140154646 0.134005657 0.129969103 0.146303113 0.136200995 0.137461126 0.160252626 0.137909259 0.138031301 0.123992798 0.127425589 0.121993720 0.119086668 0.123871407 0.136728522 0.136050537 0.137638651 0.216895029 
13     0.091230468 0.084069953 0.000000000 0.055625063 0.083575573 0.079336668 0.060042665 0.065669085 0.065780385 0.110593689 0.101053166 0.099895748 0.103735791 0.104972750 0.086803447 0.156973164 0.152626602 0.155172710 0.158725497 0.156967799 0.158224322 0.149128547 0.098316788 0.132930897 0.130693932 0.131888820 0.135819729 0.129381051 0.126509364 0.122863686 0.125467654 0.151078056 0.116240047 0.133020638 0.126871649 0.122835095 0.139169104 0.129066987 0.130327118 0.153118618 0.130775251 0.130897293 0.116858789 0.120291581 0.114859712 0.111952660 0.116737398 0.129413852 0.128735867 0.130323982 0.209585761 
1     0.091025654 0.083857474 0.055625063 0.000000000 0.083031350 0.078865446 0.059596753 0.065248079 0.065359379 0.110350922 0.100810398 0.099652980 0.103493023 0.104729983 0.086560679 0.156728369 0.152381807 0.154927915 0.158480702 0.156723004 0.157979527 0.148883752 0.098071993 0.132686102 0.130449137 0.131644025 0.135574934 0.129136256 0.126264569 0.122618891 0.125222858 0.150833261 0.115995252 0.132775843 0.126626854 0.122590299 0.138924309 0.128822191 0.130082323 0.152873822 0.130530455 0.130652498 0.116613994 0.120046786 0.114614916 0.111707865 0.116492603 0.129169057 0.128491072 0.130079186 0.209340965 
6     0.104092803 0.096870144 0.083575573 0.083031350 0.000000000 0.067946229 0.070899936 0.076397217 0.076484024 0.123500089 0.113959566 0.112802147 0.116642190 0.117879150 0.099709846 0.169772954 0.165426392 0.167972500 0.171525287 0.169767589 0.171024112 0.161928337 0.111138469 0.145752578 0.143515613 0.144710501 0.148641410 0.142202732 0.139331045 0.135658808 0.138262776 0.163873178 0.128941171 0.145721762 0.139572773 0.135536219 0.151870228 0.141768111 0.143028242 0.165819742 0.143476375 0.143598417 0.129559913 0.132992705 0.127560836 0.124653784 0.129438522 0.142212933 0.141534948 0.143123062 0.222362574 
15     0.099990449 0.092785537 0.079336668 0.078865446 0.067946229 0.000000000 0.066730135 0.072220838 0.072303600 0.119381351 0.109840827 0.108683409 0.112523452 0.113760411 0.095591108 0.165654222 0.161307661 0.163853768 0.167406555 0.165648858 0.166905380 0.157809605 0.107019737 0.141633846 0.139396882 0.140591770 0.144522678 0.138084001 0.135212314 0.131540077 0.134144045 0.159754447 0.124822440 0.141603031 0.135454041 0.131417487 0.147751497 0.137649379 0.138909511 0.161701010 0.139357643 0.139479685 0.125441182 0.128873974 0.123442104 0.120535053 0.125319791 0.138094202 0.137416217 0.139004331 0.218243843 
8     0.080767677 0.073671358 0.060042665 0.059596753 0.070899936 0.066730135 0.000000000 0.034608851 0.034731920 0.100020976 0.090479405 0.089321987 0.093162030 0.094398989 0.076229686 0.146375963 0.142029401 0.144575509 0.148128296 0.146370598 0.147627121 0.138531346 0.087717297 0.122334643 0.120097678 0.121292567 0.125223475 0.118784798 0.115913111 0.112261817 0.114865785 0.140476187 0.105643793 0.122424384 0.116275395 0.112238841 0.128572851 0.118470733 0.119730864 0.142522364 0.120178997 0.120301039 0.106262536 0.109695327 0.104263458 0.101356406 0.106141145 0.118813657 0.118135672 0.119723786 0.198954458 
4     0.086414762 0.079304202 0.065669085 0.065248079 0.076397217 0.072220838 0.034608851 0.000000000 0.011207516 0.105613543 0.096071973 0.094914555 0.098754598 0.099991557 0.081822254 0.151968530 0.147621968 0.150168076 0.153720863 0.151963165 0.153219688 0.144123913 0.093309865 0.127927211 0.125690246 0.126885134 0.130816043 0.124377365 0.121505678 0.117854385 0.120458353 0.146068755 0.111236361 0.128016952 0.121867963 0.117831408 0.134165418 0.124063301 0.125323432 0.148114932 0.125771565 0.125893607 0.111855103 0.115287895 0.109856026 0.106948974 0.111733712 0.124406225 0.123728240 0.125316354 0.204547025 
10     0.086541801 0.079431242 0.065780385 0.065359379 0.076484024 0.072303600 0.034731920 0.011207516 0.000000000 0.105730784 0.096189213 0.095031795 0.098871838 0.100108797 0.081939494 0.152085771 0.147739209 0.150285317 0.153838104 0.152080406 0.153336929 0.144241154 0.093427105 0.128044451 0.125807486 0.127002374 0.130933283 0.124494605 0.121622918 0.117971625 0.120575593 0.146185995 0.111353601 0.128134192 0.121985203 0.117948649 0.134282658 0.124180541 0.125440672 0.148232172 0.125888805 0.126010847 0.111972343 0.115405135 0.109973266 0.107066214 0.111850953 0.124523465 0.123845480 0.125433594 0.204664265 
11     0.125090519 0.117913569 0.110593689 0.110350922 0.123500089 0.119381351 0.100020976 0.105613543 0.105730784 0.000000000 0.066098503 0.064990650 0.068624877 0.069828334 0.051247112 0.164002711 0.159656150 0.162202257 0.165755044 0.163997347 0.165253869 0.156158094 0.105490567 0.139677376 0.137440412 0.138635300 0.142566208 0.136127531 0.133255844 0.130224118 0.132828085 0.158459219 0.123163220 0.139851477 0.133702487 0.129665933 0.145999943 0.135897825 0.137157957 0.159759054 0.137418122 0.137540164 0.123503183 0.126935975 0.121504105 0.118597054 0.123381792 0.136130552 0.135452567 0.137040681 0.216784382 
9     0.115552429 0.108375480 0.101053166 0.100810398 0.113959566 0.109840827 0.090479405 0.096071973 0.096189213 0.066098503 0.000000000 0.011203843 0.044731084 0.046082747 0.039006809 0.154422160 0.150075598 0.152621706 0.156174493 0.154416795 0.155673318 0.146577543 0.095910016 0.130096825 0.127859860 0.129054748 0.132985657 0.126546979 0.123675292 0.120650894 0.123254861 0.148885995 0.113582668 0.130270925 0.124121936 0.120085382 0.136419391 0.126317274 0.127577405 0.150178502 0.127837570 0.127959612 0.113922631 0.117355423 0.111923554 0.109016502 0.113801240 0.126551056 0.125873071 0.127461185 0.207198677 
3     0.114395011 0.107218061 0.099895748 0.099652980 0.112802147 0.108683409 0.089321987 0.094914555 0.095031795 0.064990650 0.011203843 0.000000000 0.043418608 0.044765099 0.037909599 0.153264741 0.148918180 0.151464287 0.155017075 0.153259377 0.154515899 0.145420124 0.094752597 0.128939406 0.126702442 0.127897330 0.131828238 0.125389561 0.122517874 0.119493475 0.122097443 0.147728576 0.112425250 0.129113507 0.122964517 0.118927963 0.135261973 0.125159855 0.126419987 0.149021084 0.126680152 0.126802194 0.112765213 0.116198005 0.110766136 0.107859084 0.112643822 0.125393638 0.124715653 0.126303767 0.206041259 
12     0.118235054 0.111058104 0.103735791 0.103493023 0.116642190 0.112523452 0.093162030 0.098754598 0.098871838 0.068624877 0.044731084 0.043418608 0.000000000 0.013241516 0.041672097 0.157105159 0.152758597 0.155304705 0.158857492 0.157099794 0.158356317 0.149260542 0.098593015 0.132779824 0.130542859 0.131737747 0.135668656 0.129229978 0.126358291 0.123333893 0.125937861 0.151568994 0.116265668 0.132953924 0.126804935 0.122768381 0.139102390 0.129000273 0.130260404 0.152861502 0.130520569 0.130642611 0.116605631 0.120038422 0.114606553 0.111699501 0.116484240 0.129234056 0.128556071 0.130144185 0.209881676 
7     0.119472013 0.112295064 0.104972750 0.104729983 0.117879150 0.113760411 0.094398989 0.099991557 0.100108797 0.069828334 0.046082747 0.044765099 0.013241516 0.000000000 0.042870595 0.158342118 0.153995556 0.156541664 0.160094451 0.158336754 0.159593276 0.150497501 0.099829974 0.134016783 0.131779819 0.132974707 0.136905615 0.130466938 0.127595251 0.124570852 0.127174820 0.152805953 0.117502627 0.134190883 0.128041894 0.124005340 0.140339350 0.130237232 0.131497364 0.154098461 0.131757529 0.131879571 0.117842590 0.121275382 0.115843512 0.112936461 0.117721199 0.130471015 0.129793030 0.131381144 0.211118635 
5     0.101300276 0.094123326 0.086803447 0.086560679 0.099709846 0.095591108 0.076229686 0.081822254 0.081939494 0.051247112 0.039006809 0.037909599 0.041672097 0.042870595 0.000000000 0.140190689 0.135844127 0.138390235 0.141943022 0.140185324 0.141441847 0.132346072 0.081678544 0.115865354 0.113628389 0.114823277 0.118754186 0.112315508 0.109443821 0.106415190 0.109019157 0.134650291 0.099351197 0.116039454 0.109890465 0.105853911 0.122187920 0.112085803 0.113345934 0.135947031 0.113606099 0.113728141 0.099691160 0.103123952 0.097692083 0.094785031 0.099569769 0.112319585 0.111641600 0.113229714 0.192990523 
40     0.171351287 0.164144984 0.156973164 0.156728369 0.169772954 0.165654222 0.146375963 0.151968530 0.152085771 0.164002711 0.154422160 0.153264741 0.157105159 0.158342118 0.140190689 0.000000000 0.038874531 0.041637133 0.045680412 0.043456104 0.045361541 0.092558128 0.115210160 0.150149054 0.147912089 0.149106977 0.153037886 0.146599208 0.143608774 0.157648922 0.160252889 0.185858936 0.154229608 0.170782037 0.164633048 0.160596494 0.176930504 0.166828386 0.168088517 0.190908262 0.168547085 0.168669127 0.154616913 0.158065836 0.152626003 0.149718951 0.154503689 0.166621034 0.165943049 0.167531968 0.254809160 
29     0.167004726 0.159798422 0.152626602 0.152381807 0.165426392 0.161307661 0.142029401 0.147621968 0.147739209 0.159656150 0.150075598 0.148918180 0.152758597 0.153995556 0.135844127 0.038874531 0.000000000 0.027449831 0.032312766 0.030611508 0.032794254 0.088432487 0.110833382 0.145843200 0.143606236 0.144801124 0.148732032 0.142293355 0.139302920 0.153294165 0.155898133 0.181504180 0.149912401 0.166464831 0.160315842 0.156279288 0.172613297 0.162511180 0.163771311 0.186591056 0.164229879 0.164351921 0.150299706 0.153748630 0.148308796 0.145401744 0.150186483 0.162268164 0.161590179 0.163179098 0.250462598 
18     0.169550833 0.162344530 0.155172710 0.154927915 0.167972500 0.163853768 0.144575509 0.150168076 0.150285317 0.162202257 0.152621706 0.151464287 0.155304705 0.156541664 0.138390235 0.041637133 0.027449831 0.000000000 0.033899117 0.032173862 0.035106103 0.090879931 0.113411247 0.148350141 0.146113176 0.147308064 0.151238973 0.144800295 0.141809861 0.155848468 0.158452435 0.184058482 0.152429154 0.168981583 0.162832594 0.158796040 0.175130050 0.165027932 0.166288063 0.189107808 0.166746631 0.166868673 0.152816459 0.156265382 0.150825549 0.147918497 0.152703235 0.164820580 0.164142595 0.165731514 0.253008706 
50     0.173103621 0.165897317 0.158725497 0.158480702 0.171525287 0.167406555 0.148128296 0.153720863 0.153838104 0.165755044 0.156174493 0.155017075 0.158857492 0.160094451 0.141943022 0.045680412 0.032312766 0.033899117 0.000000000 0.028992176 0.039171504 0.091812651 0.116933818 0.151943636 0.149706672 0.150901560 0.154832468 0.148393791 0.145403356 0.159393060 0.161997028 0.187603075 0.156011296 0.172563726 0.166414737 0.162378182 0.178712192 0.168610075 0.169870206 0.192689951 0.170328774 0.170450816 0.156398601 0.159847525 0.154407691 0.151500639 0.156285378 0.168367059 0.167689074 0.169277993 0.256561493 
21     0.171345923 0.164139619 0.156967799 0.156723004 0.169767589 0.165648858 0.146370598 0.151963165 0.152080406 0.163997347 0.154416795 0.153259377 0.157099794 0.158336754 0.140185324 0.043456104 0.030611508 0.032173862 0.028992176 0.000000000 0.037541448 0.089996363 0.115204795 0.150143689 0.147906724 0.149101612 0.153032521 0.146593843 0.143603409 0.157643557 0.160247525 0.185853571 0.154224243 0.170776673 0.164627684 0.160591129 0.176925139 0.166823022 0.168083153 0.190902898 0.168541720 0.168663762 0.154611548 0.158060472 0.152620638 0.149713586 0.154498325 0.166615669 0.165937684 0.167526603 0.254803795 
24     0.172602445 0.165396142 0.158224322 0.157979527 0.171024112 0.166905380 0.147627121 0.153219688 0.153336929 0.165253869 0.155673318 0.154515899 0.158356317 0.159593276 0.141441847 0.045361541 0.032794254 0.035106103 0.039171504 0.037541448 0.000000000 0.094058663 0.116432643 0.151442461 0.149205496 0.150400385 0.154331293 0.147892616 0.144902181 0.158891885 0.161495853 0.187101900 0.155510121 0.172062551 0.165913562 0.161877007 0.178211017 0.168108900 0.169369031 0.192188776 0.169827598 0.169949640 0.155897426 0.159346350 0.153906516 0.150999464 0.155784203 0.167865884 0.167187899 0.168776818 0.256060318 
36     0.163506671 0.156300367 0.149128547 0.148883752 0.161928337 0.157809605 0.138531346 0.144123913 0.144241154 0.156158094 0.146577543 0.145420124 0.149260542 0.150497501 0.132346072 0.092558128 0.088432487 0.090879931 0.091812651 0.089996363 0.094058663 0.000000000 0.107355489 0.142172530 0.139935565 0.141130453 0.145061362 0.138622684 0.135632250 0.149772778 0.152376746 0.178025104 0.146345141 0.162897571 0.156748582 0.152712028 0.169046037 0.158943920 0.160204051 0.183023796 0.160662619 0.160784661 0.146732446 0.150181370 0.144741536 0.141834485 0.146619223 0.158786213 0.158108228 0.159697147 0.246964981 
33     0.112745637 0.105540771 0.098316788 0.098071993 0.111138469 0.107019737 0.087717297 0.093309865 0.093427105 0.105490567 0.095910016 0.094752597 0.098593015 0.099829974 0.081678544 0.115210160 0.110833382 0.113411247 0.116933818 0.115204795 0.116432643 0.107355489 0.000000000 0.092807438 0.090570474 0.091765362 0.095694390 0.089257593 0.086366764 0.098652082 0.101256050 0.126901860 0.095751084 0.112357999 0.106209010 0.102172455 0.118506465 0.108404347 0.109664479 0.132491171 0.110134838 0.110256880 0.096206474 0.099655398 0.094263065 0.091356013 0.096140752 0.108386303 0.107708318 0.109297237 0.196474139 
17     0.147433717 0.140227413 0.132930897 0.132686102 0.145752578 0.141633846 0.122334643 0.127927211 0.128044451 0.139677376 0.130096825 0.128939406 0.132779824 0.134016783 0.115865354 0.150149054 0.145843200 0.148350141 0.151943636 0.150143689 0.151442461 0.142172530 0.092807438 0.000000000 0.020196809 0.020845823 0.029169463 0.028963386 0.058215444 0.132852707 0.135456675 0.161091341 0.129669853 0.146432469 0.140283480 0.136246926 0.152580936 0.142478818 0.143738950 0.166268758 0.143931446 0.144053488 0.129985613 0.133452007 0.128012173 0.125105121 0.129889859 0.142086051 0.141408066 0.142996985 0.230627153 
49     0.145196752 0.137990449 0.130693932 0.130449137 0.143515613 0.139396882 0.120097678 0.125690246 0.125807486 0.137440412 0.127859860 0.126702442 0.130542859 0.131779819 0.113628389 0.147912089 0.143606236 0.146113176 0.149706672 0.147906724 0.149205496 0.139935565 0.090570474 0.020196809 0.000000000 0.016991024 0.027370243 0.026600820 0.055932998 0.130615742 0.133219710 0.158854376 0.127432888 0.144195505 0.138046516 0.134009961 0.150343971 0.140241854 0.141501985 0.164031793 0.141694481 0.141816523 0.127748648 0.131215042 0.125775208 0.122868156 0.127652895 0.139849086 0.139171101 0.140760020 0.228390189 
41     0.146391640 0.139185337 0.131888820 0.131644025 0.144710501 0.140591770 0.121292567 0.126885134 0.127002374 0.138635300 0.129054748 0.127897330 0.131737747 0.132974707 0.114823277 0.149106977 0.144801124 0.147308064 0.150901560 0.149101612 0.150400385 0.141130453 0.091765362 0.020845823 0.016991024 0.000000000 0.028358431 0.028333195 0.057108073 0.131810630 0.134414598 0.160049264 0.128627776 0.145390393 0.139241404 0.135204850 0.151538859 0.141436742 0.142696873 0.165226681 0.142889369 0.143011412 0.128943536 0.132409930 0.126970096 0.124063044 0.128847783 0.141043974 0.140365989 0.141954908 0.229585077 
42     0.150322549 0.143116245 0.135819729 0.135574934 0.148641410 0.144522678 0.125223475 0.130816043 0.130933283 0.142566208 0.132985657 0.131828238 0.135668656 0.136905615 0.118754186 0.153037886 0.148732032 0.151238973 0.154832468 0.153032521 0.154331293 0.145061362 0.095694390 0.029169463 0.027370243 0.028358431 0.000000000 0.031317379 0.060991897 0.135741539 0.138345506 0.163980173 0.132558685 0.149321301 0.143172312 0.139135758 0.155469768 0.145367650 0.146627781 0.169157589 0.146820278 0.146942320 0.132874445 0.136340838 0.130901005 0.127993953 0.132778691 0.144974883 0.144296898 0.145885817 0.233515985 
48     0.143883871 0.136677568 0.129381051 0.129136256 0.142202732 0.138084001 0.118784798 0.124377365 0.124494605 0.136127531 0.126546979 0.125389561 0.129229978 0.130466938 0.112315508 0.146599208 0.142293355 0.144800295 0.148393791 0.146593843 0.147892616 0.138622684 0.089257593 0.028963386 0.026600820 0.028333195 0.031317379 0.000000000 0.054831927 0.129302861 0.131906829 0.157541495 0.126120007 0.142882624 0.136733635 0.132697081 0.149031090 0.138928973 0.140189104 0.162718912 0.140381601 0.140503643 0.126435767 0.129902161 0.124462327 0.121555275 0.126340014 0.138536205 0.137858220 0.139447139 0.227077308 
37     0.141012184 0.133805881 0.126509364 0.126264569 0.139331045 0.135212314 0.115913111 0.121505678 0.121622918 0.133255844 0.123675292 0.122517874 0.126358291 0.127595251 0.109443821 0.143608774 0.139302920 0.141809861 0.145403356 0.143603409 0.144902181 0.135632250 0.086366764 0.058215444 0.055932998 0.057108073 0.060991897 0.054831927 0.000000000 0.126439891 0.129043859 0.154678525 0.123199162 0.139961779 0.133812789 0.129776235 0.146110245 0.136008127 0.137268259 0.159798067 0.137460755 0.137582797 0.123514922 0.126981316 0.121541482 0.118634430 0.123419168 0.135639322 0.134961337 0.136550256 0.224217277 
27     0.137236884 0.130030580 0.122863686 0.122618891 0.135658808 0.131540077 0.112261817 0.117854385 0.117971625 0.130224118 0.120650894 0.119493475 0.123333893 0.124570852 0.106415190 0.157648922 0.153294165 0.155848468 0.159393060 0.157643557 0.158891885 0.149772778 0.098652082 0.132852707 0.130615742 0.131810630 0.135741539 0.129302861 0.126439891 0.000000000 0.033162051 0.090730378 0.120063125 0.136759817 0.130610828 0.126574274 0.142908284 0.132806166 0.134066298 0.156866212 0.134532431 0.134654473 0.120574690 0.124041084 0.118605506 0.115698455 0.120483193 0.132613021 0.131935036 0.133519314 0.220640030 
19     0.139840852 0.132634548 0.125467654 0.125222858 0.138262776 0.134144045 0.114865785 0.120458353 0.120575593 0.132828085 0.123254861 0.122097443 0.125937861 0.127174820 0.109019157 0.160252889 0.155898133 0.158452435 0.161997028 0.160247525 0.161495853 0.152376746 0.101256050 0.135456675 0.133219710 0.134414598 0.138345506 0.131906829 0.129043859 0.033162051 0.000000000 0.093398701 0.122667093 0.139363785 0.133214796 0.129178242 0.145512252 0.135410134 0.136670265 0.159470180 0.137136399 0.137258441 0.123178658 0.126645052 0.121209474 0.118302422 0.123087161 0.135216989 0.134539004 0.136123282 0.223243998 
22     0.165451254 0.158244950 0.151078056 0.150833261 0.163873178 0.159754447 0.140476187 0.146068755 0.146185995 0.158459219 0.148885995 0.147728576 0.151568994 0.152805953 0.134650291 0.185858936 0.181504180 0.184058482 0.187603075 0.185853571 0.187101900 0.178025104 0.126901860 0.161091341 0.158854376 0.160049264 0.163980173 0.157541495 0.154678525 0.090730378 0.093398701 0.000000000 0.148224869 0.164921561 0.158772572 0.154736018 0.171070028 0.160967910 0.162228041 0.185027955 0.162694175 0.162816217 0.148736433 0.152202827 0.146767250 0.143860198 0.148644937 0.160849692 0.160171707 0.161755985 0.248835419 
20     0.130583915 0.123374055 0.116240047 0.115995252 0.128941171 0.124822440 0.105643793 0.111236361 0.111353601 0.123163220 0.113582668 0.112425250 0.116265668 0.117502627 0.099351197 0.154229608 0.149912401 0.152429154 0.156011296 0.154224243 0.155510121 0.146345141 0.095751084 0.129669853 0.127432888 0.128627776 0.132558685 0.126120007 0.123199162 0.120063125 0.122667093 0.148224869 0.000000000 0.105432080 0.099268783 0.095243829 0.111539831 0.101451227 0.102700743 0.125479111 0.103118104 0.103262414 0.089212275 0.092655836 0.087146837 0.084240239 0.089032507 0.127179332 0.126501347 0.128086121 0.214816932 
32     0.147364506 0.140154646 0.133020638 0.132775843 0.145721762 0.141603031 0.122424384 0.128016952 0.128134192 0.139851477 0.130270925 0.129113507 0.132953924 0.134190883 0.116039454 0.170782037 0.166464831 0.168981583 0.172563726 0.170776673 0.172062551 0.162897571 0.112357999 0.146432469 0.144195505 0.145390393 0.149321301 0.142882624 0.139961779 0.136759817 0.139363785 0.164921561 0.105432080 0.000000000 0.041539186 0.038205527 0.071846355 0.061810989 0.063209224 0.126494327 0.103937256 0.104137302 0.089973075 0.093372558 0.088724938 0.085805376 0.090612406 0.144046741 0.143368756 0.144953529 0.231468822 
26     0.141215517 0.134005657 0.126871649 0.126626854 0.139572773 0.135454041 0.116275395 0.121867963 0.121985203 0.133702487 0.124121936 0.122964517 0.126804935 0.128041894 0.109890465 0.164633048 0.160315842 0.162832594 0.166414737 0.164627684 0.165913562 0.156748582 0.106209010 0.140283480 0.138046516 0.139241404 0.143172312 0.136733635 0.133812789 0.130610828 0.133214796 0.158772572 0.099268783 0.041539186 0.000000000 0.017602123 0.066427270 0.056197574 0.057461055 0.120424122 0.097762616 0.097962663 0.083822124 0.087221607 0.082541874 0.079622313 0.084429343 0.137897752 0.137219767 0.138804540 0.225319833 
31     0.137178963 0.129969103 0.122835095 0.122590299 0.135536219 0.131417487 0.112238841 0.117831408 0.117948649 0.129665933 0.120085382 0.118927963 0.122768381 0.124005340 0.105853911 0.160596494 0.156279288 0.158796040 0.162378182 0.160591129 0.161877007 0.152712028 0.102172455 0.136246926 0.134009961 0.135204850 0.139135758 0.132697081 0.129776235 0.126574274 0.129178242 0.154736018 0.095243829 0.038205527 0.017602123 0.000000000 0.062155283 0.051841003 0.053152953 0.116352242 0.093702984 0.093903031 0.079762492 0.083161975 0.078488252 0.075568690 0.080375720 0.133861197 0.133183212 0.134767986 0.221283279 
44     0.153512972 0.146303113 0.139169104 0.138924309 0.151870228 0.147751497 0.128572851 0.134165418 0.134282658 0.145999943 0.136419391 0.135261973 0.139102390 0.140339350 0.122187920 0.176930504 0.172613297 0.175130050 0.178712192 0.176925139 0.178211017 0.169046037 0.118506465 0.152580936 0.150343971 0.151538859 0.155469768 0.149031090 0.146110245 0.142908284 0.145512252 0.171070028 0.111539831 0.071846355 0.066427270 0.062155283 0.000000000 0.040790416 0.042320596 0.132455358 0.109916561 0.110116607 0.095976779 0.099376261 0.094764535 0.091827272 0.096652003 0.150195207 0.149517222 0.151101995 0.237617288 
25     0.143410855 0.136200995 0.129066987 0.128822191 0.141768111 0.137649379 0.118470733 0.124063301 0.124180541 0.135897825 0.126317274 0.125159855 0.129000273 0.130237232 0.112085803 0.166828386 0.162511180 0.165027932 0.168610075 0.166823022 0.168108900 0.158943920 0.108404347 0.142478818 0.140241854 0.141436742 0.145367650 0.138928973 0.136008127 0.132806166 0.135410134 0.160967910 0.101451227 0.061810989 0.056197574 0.051841003 0.040790416 0.000000000 0.015895133 0.122207539 0.099678225 0.099878271 0.085738443 0.089137925 0.084526525 0.081589263 0.086413994 0.140093090 0.139415104 0.140999878 0.227515171 
46     0.144670986 0.137461126 0.130327118 0.130082323 0.143028242 0.138909511 0.119730864 0.125323432 0.125440672 0.137157957 0.127577405 0.126419987 0.130260404 0.131497364 0.113345934 0.168088517 0.163771311 0.166288063 0.169870206 0.168083153 0.169369031 0.160204051 0.109664479 0.143738950 0.141501985 0.142696873 0.146627781 0.140189104 0.137268259 0.134066298 0.136670265 0.162228041 0.102700743 0.063209224 0.057461055 0.053152953 0.042320596 0.015895133 0.000000000 0.123454363 0.100925049 0.101125095 0.086985267 0.090384749 0.085773349 0.082836087 0.087660818 0.141353221 0.140675236 0.142260009 0.228775302 
23     0.167462486 0.160252626 0.153118618 0.152873822 0.165819742 0.161701010 0.142522364 0.148114932 0.148232172 0.159759054 0.150178502 0.149021084 0.152861502 0.154098461 0.135947031 0.190908262 0.186591056 0.189107808 0.192689951 0.190902898 0.192188776 0.183023796 0.132491171 0.166268758 0.164031793 0.165226681 0.169157589 0.162718912 0.159798067 0.156866212 0.159470180 0.185027955 0.125479111 0.126494327 0.120424122 0.116352242 0.132455358 0.122207539 0.123454363 0.000000000 0.108851259 0.108910313 0.095093933 0.098534936 0.093229404 0.090319397 0.094995825 0.163856314 0.163178329 0.164763102 0.251485709 
30     0.145119119 0.137909259 0.130775251 0.130530455 0.143476375 0.139357643 0.120178997 0.125771565 0.125888805 0.137418122 0.127837570 0.126680152 0.130520569 0.131757529 0.113606099 0.168547085 0.164229879 0.166746631 0.170328774 0.168541720 0.169827598 0.160662619 0.110134838 0.143931446 0.141694481 0.142889369 0.146820278 0.140381601 0.137460755 0.134532431 0.137136399 0.162694175 0.103118104 0.103937256 0.097762616 0.093702984 0.109916561 0.099678225 0.100925049 0.108851259 0.000000000 0.029261487 0.060830058 0.064128541 0.058966682 0.055958159 0.060670614 0.141553876 0.140875891 0.142460664 0.229166672 
28     0.145241161 0.138031301 0.130897293 0.130652498 0.143598417 0.139479685 0.120301039 0.125893607 0.126010847 0.137540164 0.127959612 0.126802194 0.130642611 0.131879571 0.113728141 0.168669127 0.164351921 0.166868673 0.170450816 0.168663762 0.169949640 0.160784661 0.110256880 0.144053488 0.141816523 0.143011412 0.146942320 0.140503643 0.137582797 0.134654473 0.137258441 0.162816217 0.103262414 0.104137302 0.097962663 0.093903031 0.110116607 0.099878271 0.101125095 0.108910313 0.029261487 0.000000000 0.060901288 0.064199998 0.058997302 0.055988779 0.060701234 0.141675918 0.140997933 0.142582706 0.229288714 
39     0.131202657 0.123992798 0.116858789 0.116613994 0.129559913 0.125441182 0.106262536 0.111855103 0.111972343 0.123503183 0.113922631 0.112765213 0.116605631 0.117842590 0.099691160 0.154616913 0.150299706 0.152816459 0.156398601 0.154611548 0.155897426 0.146732446 0.096206474 0.129985613 0.127748648 0.128943536 0.132874445 0.126435767 0.123514922 0.120574690 0.123178658 0.148736433 0.089212275 0.089973075 0.083822124 0.079762492 0.095976779 0.085738443 0.086985267 0.095093933 0.060830058 0.060901288 0.000000000 0.021457980 0.044623793 0.041685982 0.046394591 0.127603512 0.126925527 0.128510300 0.215236199 
47     0.134635449 0.127425589 0.120291581 0.120046786 0.132992705 0.128873974 0.109695327 0.115287895 0.115405135 0.126935975 0.117355423 0.116198005 0.120038422 0.121275382 0.103123952 0.158065836 0.153748630 0.156265382 0.159847525 0.158060472 0.159346350 0.150181370 0.099655398 0.133452007 0.131215042 0.132409930 0.136340838 0.129902161 0.126981316 0.124041084 0.126645052 0.152202827 0.092655836 0.093372558 0.087221607 0.083161975 0.099376261 0.089137925 0.090384749 0.098534936 0.064128541 0.064199998 0.021457980 0.000000000 0.048070302 0.045132491 0.049845120 0.131065835 0.130387850 0.131972623 0.218683002 
43     0.129203580 0.121993720 0.114859712 0.114614916 0.127560836 0.123442104 0.104263458 0.109856026 0.109973266 0.121504105 0.111923554 0.110766136 0.114606553 0.115843512 0.097692083 0.152626003 0.148308796 0.150825549 0.154407691 0.152620638 0.153906516 0.144741536 0.094263065 0.128012173 0.125775208 0.126970096 0.130901005 0.124462327 0.121541482 0.118605506 0.121209474 0.146767250 0.087146837 0.088724938 0.082541874 0.078488252 0.094764535 0.084526525 0.085773349 0.093229404 0.058966682 0.058997302 0.044623793 0.048070302 0.000000000 0.013477761 0.023851117 0.125613729 0.124935744 0.126520517 0.213267041 
16     0.126296528 0.119086668 0.111952660 0.111707865 0.124653784 0.120535053 0.101356406 0.106948974 0.107066214 0.118597054 0.109016502 0.107859084 0.111699501 0.112936461 0.094785031 0.149718951 0.145401744 0.147918497 0.151500639 0.149713586 0.150999464 0.141834485 0.091356013 0.125105121 0.122868156 0.124063044 0.127993953 0.121555275 0.118634430 0.115698455 0.118302422 0.143860198 0.084240239 0.085805376 0.079622313 0.075568690 0.091827272 0.081589263 0.082836087 0.090319397 0.055958159 0.055988779 0.041685982 0.045132491 0.013477761 0.000000000 0.020555134 0.122706677 0.122028692 0.123613466 0.210359990 
45     0.131081266 0.123871407 0.116737398 0.116492603 0.129438522 0.125319791 0.106141145 0.111733712 0.111850953 0.123381792 0.113801240 0.112643822 0.116484240 0.117721199 0.099569769 0.154503689 0.150186483 0.152703235 0.156285378 0.154498325 0.155784203 0.146619223 0.096140752 0.129889859 0.127652895 0.128847783 0.132778691 0.126340014 0.123419168 0.120483193 0.123087161 0.148644937 0.089032507 0.090612406 0.084429343 0.080375720 0.096652003 0.086413994 0.087660818 0.094995825 0.060670614 0.060701234 0.046394591 0.049845120 0.023851117 0.020555134 0.000000000 0.127491416 0.126813431 0.128398204 0.215144728 
38     0.143933388 0.136728522 0.129413852 0.129169057 0.142212933 0.138094202 0.118813657 0.124406225 0.124523465 0.136130552 0.126551056 0.125393638 0.129234056 0.130471015 0.112319585 0.166621034 0.162268164 0.164820580 0.168367059 0.166615669 0.167865884 0.158786213 0.108386303 0.142086051 0.139849086 0.141043974 0.144974883 0.138536205 0.135639322 0.132613021 0.135216989 0.160849692 0.127179332 0.144046741 0.137897752 0.133861197 0.150195207 0.140093090 0.141353221 0.163856314 0.141553876 0.141675918 0.127603512 0.131065835 0.125613729 0.122706677 0.127491416 0.000000000 0.021427697 0.042854117 0.227441985 
34     0.143255403 0.136050537 0.128735867 0.128491072 0.141534948 0.137416217 0.118135672 0.123728240 0.123845480 0.135452567 0.125873071 0.124715653 0.128556071 0.129793030 0.111641600 0.165943049 0.161590179 0.164142595 0.167689074 0.165937684 0.167187899 0.158108228 0.107708318 0.141408066 0.139171101 0.140365989 0.144296898 0.137858220 0.134961337 0.131935036 0.134539004 0.160171707 0.126501347 0.143368756 0.137219767 0.133183212 0.149517222 0.139415104 0.140675236 0.163178329 0.140875891 0.140997933 0.126925527 0.130387850 0.124935744 0.122028692 0.126813431 0.021427697 0.000000000 0.041951866 0.226764000 
35     0.144843517 0.137638651 0.130323982 0.130079186 0.143123062 0.139004331 0.119723786 0.125316354 0.125433594 0.137040681 0.127461185 0.126303767 0.130144185 0.131381144 0.113229714 0.167531968 0.163179098 0.165731514 0.169277993 0.167526603 0.168776818 0.159697147 0.109297237 0.142996985 0.140760020 0.141954908 0.145885817 0.139447139 0.136550256 0.133519314 0.136123282 0.161755985 0.128086121 0.144953529 0.138804540 0.134767986 0.151101995 0.140999878 0.142260009 0.164763102 0.142460664 0.142582706 0.128510300 0.131972623 0.126520517 0.123613466 0.128398204 0.042854117 0.041951866 0.000000000 0.228351162 
0     0.224096572 0.216895029 0.209585761 0.209340965 0.222362574 0.218243843 0.198954458 0.204547025 0.204664265 0.216784382 0.207198677 0.206041259 0.209881676 0.211118635 0.192990523 0.254809160 0.250462598 0.253008706 0.256561493 0.254803795 0.256060318 0.246964981 0.196474139 0.230627153 0.228390189 0.229585077 0.233515985 0.227077308 0.224217277 0.220640030 0.223243998 0.248835419 0.214816932 0.231468822 0.225319833 0.221283279 0.237617288 0.227515171 0.228775302 0.251485709 0.229166672 0.229288714 0.215236199 0.218683002 0.213267041 0.210359990 0.215144728 0.227441985 0.226764000 0.228351162 0.000000000 
