51
2     0.000000000 0.000188960 0.002969370 0.005496900 0.007507900 0.006475990 0.007101580 0.006944790 0.005951910 0.009506680 0.004234750 0.003920190 0.011282790 0.012675290 0.011197670 0.015238640 0.015148270 0.012928660 0.015793140 0.014543360 0.017054550 0.014177730 0.010532460 0.014094790 0.013688910 0.014185320 0.014645480 0.013199440 0.013688280 0.013986030 0.012045100 0.016152260 0.008674590 0.015714960 0.015313010 0.015171660 0.015834050 0.015200490 0.015229760 0.015067670 0.014428040 0.014578350 0.013957410 0.013908750 0.013994920 0.013816850 0.014284940 0.014522170 0.014671960 0.014378180 0.010355140 
14     0.000188960 0.000000000 0.000808830 0.001574310 0.004129160 0.004360430 0.002355710 0.002619840 0.004376610 0.006662360 0.007603290 0.006898440 0.009779140 0.009368040 0.004856630 0.007268810 0.007178440 0.006237470 0.009626800 0.006573530 0.013933920 0.006207900 0.009534280 0.011741820 0.011335940 0.011832350 0.012292510 0.011457420 0.011335310 0.012663610 0.013082820 0.012827800 0.011624290 0.013086590 0.012603480 0.011701230 0.012171020 0.012847520 0.012876790 0.007097840 0.010997180 0.011189770 0.006828170 0.006031460 0.007690300 0.007913650 0.006870960 0.010521770 0.009522110 0.009016860 0.005617130 
13     0.002969370 0.000808830 0.000000000 0.000046330 0.000620170 0.001320230 0.000929200 0.001193330 0.002950100 0.007590330 0.006176780 0.005471930 0.005753730 0.007941530 0.003430120 0.005842300 0.005751930 0.004810960 0.008200290 0.005147020 0.015054480 0.004781390 0.008546750 0.011133060 0.010727180 0.011223590 0.011683750 0.010848660 0.010726550 0.012818740 0.011484220 0.004992880 0.005624300 0.012753230 0.011176970 0.010274720 0.010744510 0.011662050 0.012268030 0.005671330 0.009570670 0.009502590 0.005401660 0.004604950 0.006263790 0.006487140 0.005444450 0.008885400 0.006002930 0.011416450 0.004190620 
1     0.005496900 0.001574310 0.000046330 0.000000000 0.002398840 0.005019360 0.000625390 0.000889520 0.002646290 0.010583330 0.005872970 0.005168120 0.008048820 0.007637720 0.003126310 0.005538490 0.005448120 0.004507150 0.007896480 0.004843210 0.014930760 0.004477580 0.009423000 0.011630540 0.011224660 0.011721070 0.012181230 0.011346140 0.011224030 0.009804410 0.011989820 0.009051370 0.011513010 0.013250710 0.010873160 0.009970910 0.010440700 0.011358240 0.012765510 0.005367520 0.009266860 0.009459450 0.005097850 0.004301140 0.005959980 0.006183330 0.005140640 0.008791450 0.007791790 0.011913930 0.003886810 
6     0.007507900 0.004129160 0.000620170 0.002398840 0.000000000 0.001562360 0.001038480 0.002154400 0.003911170 0.012850890 0.007475570 0.006353060 0.006328300 0.009240320 0.004376560 0.007141090 0.007050720 0.006109750 0.009499080 0.006445810 0.015353790 0.006080180 0.009949320 0.015875960 0.015415420 0.015909710 0.013341030 0.012105910 0.012681550 0.013204720 0.014484870 0.005567450 0.006198870 0.017496130 0.012475760 0.011573510 0.012043300 0.012262790 0.013418990 0.006970120 0.010869460 0.010077160 0.006700450 0.005903740 0.007562580 0.007785930 0.006743240 0.009459970 0.006577500 0.012863820 0.005489410 
15     0.006475990 0.004360430 0.001320230 0.005019360 0.001562360 0.000000000 0.002829230 0.002438310 0.002416260 0.013570250 0.005928180 0.005926980 0.012508490 0.012538550 0.003998520 0.012610910 0.014730460 0.018406610 0.018036500 0.015007270 0.018152150 0.009888940 0.007826130 0.014476570 0.013805100 0.014567100 0.011615720 0.010380600 0.010956240 0.011279700 0.009338770 0.007257390 0.006704020 0.016096740 0.015694790 0.015553440 0.016215830 0.015582270 0.015611540 0.018034690 0.014809820 0.014960130 0.014339190 0.014290530 0.014376700 0.014198630 0.014666720 0.011902990 0.010697240 0.013343010 0.019570480 
8     0.007101580 0.002355710 0.000929200 0.000625390 0.001038480 0.002829230 0.000000000 0.000369430 0.002126200 0.003602000 0.005702120 0.004997270 0.007877970 0.007466870 0.002955460 0.005367640 0.005277270 0.004336300 0.007725630 0.004672360 0.014759910 0.004306730 0.006950350 0.011349670 0.010943790 0.011440200 0.011900360 0.011065270 0.010943160 0.013040320 0.011114910 0.011298640 0.008480160 0.012969840 0.010702310 0.009800060 0.010269850 0.011187390 0.012484640 0.005196670 0.009096010 0.009288600 0.004927000 0.004130290 0.005789130 0.006012480 0.004969790 0.008620600 0.007620940 0.008948350 0.003715960 
4     0.006944790 0.002619840 0.001193330 0.000889520 0.002154400 0.002438310 0.000369430 0.000000000 0.000000790 0.003412040 0.005966250 0.005261400 0.008142100 0.007731000 0.003219590 0.005631770 0.005541400 0.004600430 0.007989760 0.004936490 0.014867850 0.004570860 0.008062470 0.010946430 0.010540550 0.011036960 0.011497120 0.010662030 0.010539920 0.009519270 0.010597170 0.009735940 0.007962420 0.012566600 0.010966440 0.010064190 0.010533980 0.011451520 0.012081400 0.005460800 0.009360140 0.009552730 0.005191130 0.004394420 0.006053260 0.006276610 0.005233920 0.008884730 0.007885070 0.011229820 0.003594560 
10     0.005951910 0.004376610 0.002950100 0.002646290 0.003911170 0.002416260 0.002126200 0.000000790 0.000000000 0.003411310 0.006568760 0.006567560 0.009426050 0.009487770 0.003405260 0.007388540 0.007298170 0.006357200 0.009746530 0.006693260 0.014922770 0.006327630 0.008061740 0.011001350 0.010595470 0.011091880 0.011552040 0.010716950 0.010594840 0.009518540 0.012195470 0.007897970 0.009560720 0.012621520 0.012219570 0.011820960 0.012290750 0.012107050 0.012136320 0.007217570 0.011116910 0.011309500 0.006947900 0.006151190 0.007810030 0.008033380 0.006990690 0.010641500 0.009641840 0.011284740 0.003593830 
11     0.009506680 0.006662360 0.007590330 0.010583330 0.012850890 0.013570250 0.003602000 0.003412040 0.003411310 0.000000000 0.005353610 0.002914640 0.000395190 0.000012240 0.000006050 0.013331850 0.011800980 0.007000860 0.009865340 0.012636570 0.011126750 0.004674590 0.004671750 0.011913490 0.013123620 0.011946860 0.013311320 0.007271640 0.008245010 0.006128550 0.014870500 0.013222640 0.012800120 0.013215230 0.009139580 0.011477030 0.014152880 0.012277140 0.011890340 0.006576740 0.013795410 0.014013060 0.012891210 0.010544010 0.013429630 0.013251560 0.011896220 0.013657830 0.011847630 0.013812890 0.000203840 
9     0.004234750 0.007603290 0.006176780 0.005872970 0.007475570 0.005928180 0.005702120 0.005966250 0.006568760 0.005353610 0.000000000 0.000001880 0.000190510 0.003903080 0.001889990 0.006418100 0.006327730 0.005386760 0.008776090 0.005722820 0.015810370 0.005357190 0.008223610 0.012667710 0.011933520 0.012758240 0.009744140 0.008509020 0.009084660 0.009607830 0.013761880 0.005385810 0.006617140 0.014287880 0.011752770 0.010850520 0.011320310 0.012237850 0.013802680 0.006247130 0.010146470 0.010339060 0.005977460 0.005180750 0.006839590 0.007062940 0.006020250 0.009671060 0.008671400 0.011093880 0.004766420 
3     0.003920190 0.006898440 0.005471930 0.005168120 0.006353060 0.005926980 0.004997270 0.005261400 0.006567560 0.002914640 0.000001880 0.000000000 0.000225250 0.001123070 0.002115440 0.005713250 0.005622880 0.004681910 0.008071240 0.005017970 0.015105520 0.004652340 0.007865990 0.012739440 0.011932320 0.012829970 0.009742940 0.008507820 0.009083460 0.009606630 0.013057030 0.005384610 0.006302580 0.014359610 0.011047920 0.010145670 0.010615460 0.011533000 0.013874410 0.005542280 0.009441620 0.009634210 0.005272610 0.004475900 0.006134740 0.006358090 0.005315400 0.008966210 0.007966550 0.011169940 0.004061570 
12     0.011282790 0.009779140 0.005753730 0.008048820 0.006328300 0.012508490 0.007877970 0.008142100 0.009426050 0.000395190 0.000190510 0.000225250 0.000000000 0.000024820 0.000427320 0.008593950 0.008503580 0.007562610 0.010951940 0.007898670 0.014758680 0.007533040 0.006742990 0.012860520 0.012209090 0.012703380 0.013007910 0.012576120 0.012454010 0.014551170 0.014201520 0.010388570 0.009709170 0.014480690 0.013928620 0.013026370 0.013496160 0.013966220 0.013995490 0.008422980 0.009993010 0.011890850 0.008153310 0.007356600 0.009015440 0.009238790 0.008196100 0.010135990 0.009882410 0.011548450 0.006942270 
7     0.012675290 0.009368040 0.007941530 0.007637720 0.009240320 0.012538550 0.007466870 0.007731000 0.009487770 0.000012240 0.003903080 0.001123070 0.000024820 0.000000000 0.000044370 0.008182850 0.008092480 0.007151510 0.010540840 0.007487570 0.016937740 0.007121940 0.006193050 0.013016320 0.011659150 0.012153440 0.012457970 0.012731920 0.012609810 0.014706970 0.013796330 0.011996180 0.012599210 0.014636490 0.013517520 0.012615270 0.013085060 0.014002600 0.014151290 0.008011880 0.011911220 0.012103810 0.007742210 0.006945500 0.008604340 0.008827690 0.007785000 0.009586050 0.009332470 0.010998510 0.006531170 
5     0.011197670 0.004856630 0.003430120 0.003126310 0.004376560 0.003998520 0.002955460 0.003219590 0.003405260 0.000006050 0.001889990 0.002115440 0.000427320 0.000044370 0.000000000 0.003671440 0.003581070 0.002640100 0.006029430 0.002976160 0.012817740 0.002610530 0.004665700 0.012218370 0.010003860 0.010907720 0.007814480 0.006579360 0.007155000 0.006122500 0.011015220 0.003456150 0.009068250 0.013838540 0.009006110 0.008103860 0.008573650 0.009491190 0.010452210 0.003500470 0.007399810 0.007592400 0.003230800 0.002434090 0.004092930 0.004316280 0.003273590 0.006924400 0.005924740 0.007651250 0.000197790 
40     0.015238640 0.007268810 0.005842300 0.005538490 0.007141090 0.012610910 0.005367640 0.005631770 0.007388540 0.013331850 0.006418100 0.005713250 0.008593950 0.008182850 0.003671440 0.000000000 0.000132180 0.000266790 0.000445170 0.000220500 0.000114010 0.002782450 0.007710870 0.013525280 0.012484790 0.013388650 0.010295410 0.009060290 0.009635930 0.010162300 0.012159640 0.005940280 0.007510480 0.015622270 0.011413690 0.010511440 0.010981230 0.011898770 0.014730600 0.005908050 0.009807390 0.009999980 0.005638380 0.004841670 0.006500510 0.006723860 0.005681170 0.009331980 0.007887930 0.013071910 0.004427340 
29     0.015148270 0.007178440 0.005751930 0.005448120 0.007050720 0.014730460 0.005277270 0.005541400 0.007298170 0.011800980 0.006327730 0.005622880 0.008503580 0.008092480 0.003581070 0.000132180 0.000000000 0.000705020 0.000988030 0.000553950 0.000363430 0.003658100 0.004010060 0.013477360 0.013071480 0.013567890 0.012414960 0.011179840 0.011755480 0.012281850 0.012069270 0.008059830 0.008753420 0.013943850 0.011323320 0.010421070 0.010890860 0.011808400 0.015973540 0.005817680 0.009717020 0.009909610 0.005548010 0.004751300 0.006410140 0.006633490 0.005590800 0.009241610 0.008241950 0.012981540 0.004336970 
18     0.012928660 0.006237470 0.004810960 0.004507150 0.006109750 0.018406610 0.004336300 0.004600430 0.006357200 0.007000860 0.005386760 0.004681910 0.007562610 0.007151510 0.002640100 0.000266790 0.000705020 0.000000000 0.000400120 0.000682420 0.000863070 0.002717130 0.000847200 0.011386190 0.013290320 0.011419560 0.012784020 0.006744340 0.007717710 0.012137110 0.011128300 0.008100920 0.001518900 0.016639010 0.010382350 0.009480100 0.009949890 0.010867430 0.015153120 0.004876710 0.008776050 0.008968640 0.004607040 0.003810330 0.005469170 0.005692520 0.004649830 0.008300640 0.007300980 0.012040570 0.003396000 
50     0.015793140 0.009626800 0.008200290 0.007896480 0.009499080 0.018036500 0.007725630 0.007989760 0.009746530 0.009865340 0.008776090 0.008071240 0.010951940 0.010540840 0.006029430 0.000445170 0.000988030 0.000400120 0.000000000 0.000161330 0.000458240 0.000035970 0.009731340 0.013650650 0.013244770 0.013741180 0.014201340 0.009608820 0.010582190 0.015526440 0.014517630 0.012133340 0.013081970 0.015605620 0.013771680 0.012869430 0.012709950 0.014256760 0.016334240 0.008266040 0.012165380 0.012357970 0.007996370 0.007199660 0.008858500 0.009081850 0.008039160 0.011689970 0.010690310 0.014953840 0.006785330 
21     0.014543360 0.006573530 0.005147020 0.004843210 0.006445810 0.015007270 0.004672360 0.004936490 0.006693260 0.012636570 0.005722820 0.005017970 0.007898670 0.007487570 0.002976160 0.000220500 0.000553950 0.000682420 0.000161330 0.000000000 0.000250590 0.000195360 0.009877370 0.014241910 0.013836030 0.014332440 0.014031670 0.012796550 0.013372190 0.012473170 0.011464360 0.008073840 0.008643480 0.017410700 0.010718410 0.009816160 0.010285950 0.011203490 0.015489180 0.005212770 0.009112110 0.009304700 0.004943100 0.004146390 0.005805230 0.006028580 0.004985890 0.008636700 0.007637040 0.012376630 0.003732060 
24     0.017054550 0.013933920 0.015054480 0.014930760 0.015353790 0.018152150 0.014759910 0.014867850 0.014922770 0.011126750 0.015810370 0.015105520 0.014758680 0.016937740 0.012817740 0.000114010 0.000363430 0.000863070 0.000458240 0.000250590 0.000000000 0.009149170 0.000817450 0.014012140 0.013606260 0.014102670 0.014562830 0.010870230 0.011843600 0.015325180 0.016901760 0.020613280 0.001489150 0.017180930 0.016778980 0.016637630 0.011323480 0.014543850 0.016695730 0.015300320 0.015894010 0.016044320 0.015030650 0.014233940 0.015460890 0.015282820 0.015073440 0.015459320 0.015609110 0.015315330 0.013819610 
36     0.014177730 0.006207900 0.004781390 0.004477580 0.006080180 0.009888940 0.004306730 0.004570860 0.006327630 0.004674590 0.005357190 0.004652340 0.007533040 0.007121940 0.002610530 0.002782450 0.003658100 0.002717130 0.000035970 0.000195360 0.009149170 0.000000000 0.000017380 0.010739520 0.009762820 0.010666680 0.007573440 0.006338320 0.005427920 0.002363980 0.011098730 0.001458300 0.002027940 0.013908310 0.010352780 0.009450530 0.009920320 0.008091860 0.009248060 0.004847140 0.008746480 0.005906230 0.004577470 0.003780760 0.005439600 0.005662950 0.004620260 0.005287860 0.002405390 0.008691710 0.003366430 
33     0.010532460 0.009534280 0.008546750 0.009423000 0.009949320 0.007826130 0.006950350 0.008062470 0.008061740 0.004671750 0.008223610 0.007865990 0.006742990 0.006193050 0.004665700 0.007710870 0.004010060 0.000847200 0.009731340 0.009877370 0.000817450 0.000017380 0.000000000 0.007350760 0.004962080 0.007215330 0.007519860 0.007042020 0.006944250 0.002361140 0.003942180 0.006159710 0.000813660 0.011051970 0.010650020 0.010508670 0.010647990 0.010537500 0.010566770 0.008532740 0.009765050 0.009915360 0.009294420 0.009245760 0.009331930 0.009153860 0.009621950 0.006911140 0.006657560 0.008323600 0.004473110 
17     0.014094790 0.011741820 0.011133060 0.011630540 0.015875960 0.014476570 0.011349670 0.010946430 0.011001350 0.011913490 0.012667710 0.012739440 0.012860520 0.013016320 0.012218370 0.013525280 0.013477360 0.011386190 0.013650650 0.014241910 0.014012140 0.010739520 0.007350760 0.000000000 0.000633960 0.000298650 0.001094690 0.000368600 0.003988920 0.013329990 0.012980340 0.016691860 0.011521810 0.013259510 0.012857560 0.012716210 0.013378600 0.012745040 0.012774310 0.015197460 0.011972590 0.012122900 0.011501960 0.011453300 0.011539470 0.011361400 0.011829490 0.011537900 0.011687690 0.011393910 0.019487420 
49     0.013688910 0.011335940 0.010727180 0.011224660 0.015415420 0.013805100 0.010943790 0.010540550 0.010595470 0.013123620 0.011933520 0.011932320 0.012209090 0.011659150 0.010003860 0.012484790 0.013071480 0.013290320 0.013244770 0.013836030 0.013606260 0.009762820 0.004962080 0.000633960 0.000000000 0.000418150 0.000523190 0.000742670 0.004188800 0.011356490 0.012574460 0.007134470 0.011115930 0.012853630 0.012451680 0.012310330 0.012972720 0.012339160 0.012368430 0.014729600 0.011566710 0.011717020 0.011096080 0.011047420 0.011133590 0.010955520 0.011423610 0.011132020 0.011281810 0.010988030 0.018135430 
41     0.014185320 0.011832350 0.011223590 0.011721070 0.015909710 0.014567100 0.011440200 0.011036960 0.011091880 0.011946860 0.012758240 0.012829970 0.012703380 0.012153440 0.010907720 0.013388650 0.013567890 0.011419560 0.013741180 0.014332440 0.014102670 0.010666680 0.007215330 0.000298650 0.000418150 0.000000000 0.001340160 0.001853460 0.004488180 0.012260350 0.013070870 0.008038330 0.011612340 0.013350040 0.012948090 0.012806740 0.013469130 0.012835570 0.012864840 0.015223890 0.012063120 0.012213430 0.011592490 0.011543830 0.011630000 0.011451930 0.011920020 0.011628430 0.011778220 0.011484440 0.018952400 
42     0.014645480 0.012292510 0.011683750 0.012181230 0.013341030 0.011615720 0.011900360 0.011497120 0.011552040 0.013311320 0.009744140 0.009742940 0.013007910 0.012457970 0.007814480 0.010295410 0.012414960 0.012784020 0.014201340 0.014031670 0.014562830 0.007573440 0.007519860 0.001094690 0.000523190 0.001340160 0.000000000 0.001188290 0.001999420 0.009167110 0.013531030 0.004945090 0.012072500 0.013810200 0.013408250 0.013266900 0.013929290 0.013295730 0.013325000 0.015528420 0.012523280 0.012673590 0.012052650 0.012003990 0.012090160 0.011912090 0.012380180 0.012088590 0.012238380 0.011944600 0.018399060 
48     0.013199440 0.011457420 0.010848660 0.011346140 0.012105910 0.010380600 0.011065270 0.010662030 0.010716950 0.007271640 0.008509020 0.008507820 0.012576120 0.012731920 0.006579360 0.009060290 0.011179840 0.006744340 0.009608820 0.012796550 0.010870230 0.006338320 0.007042020 0.000368600 0.000742670 0.001853460 0.001188290 0.000000000 0.000764300 0.007931990 0.012695940 0.003709970 0.011237410 0.012975110 0.012573160 0.012431810 0.013094200 0.012460640 0.012489910 0.014913060 0.011688190 0.011838500 0.011217560 0.011168900 0.011255070 0.011077000 0.011545090 0.011253500 0.011403290 0.011109510 0.014675100 
37     0.013688280 0.011335310 0.010726550 0.011224030 0.012681550 0.010956240 0.010943160 0.010539920 0.010594840 0.008245010 0.009084660 0.009083460 0.012454010 0.012609810 0.007155000 0.009635930 0.011755480 0.007717710 0.010582190 0.013372190 0.011843600 0.005427920 0.006944250 0.003988920 0.004188800 0.004488180 0.001999420 0.000764300 0.000000000 0.008507630 0.012573830 0.004285610 0.011115300 0.012853000 0.012451050 0.012309700 0.012972090 0.012338530 0.012367800 0.014790950 0.011566080 0.011716390 0.011095450 0.011046790 0.011132960 0.010954890 0.011422980 0.011131390 0.011281180 0.010987400 0.014778780 
27     0.013986030 0.012663610 0.012818740 0.009804410 0.013204720 0.011279700 0.013040320 0.009519270 0.009518540 0.006128550 0.009607830 0.009606630 0.014551170 0.014706970 0.006122500 0.010162300 0.012281850 0.012137110 0.015526440 0.012473170 0.015325180 0.002363980 0.002361140 0.013329990 0.011356490 0.012260350 0.009167110 0.007931990 0.008507630 0.000000000 0.000119690 0.003252830 0.007319180 0.013762940 0.013360990 0.013219640 0.012623420 0.013017280 0.012958270 0.011458650 0.012476020 0.012626330 0.012005390 0.011956730 0.009030800 0.009834810 0.012332920 0.012311240 0.009428770 0.011417930 0.005929910 
19     0.012045100 0.013082820 0.011484220 0.011989820 0.014484870 0.009338770 0.011114910 0.010597170 0.012195470 0.014870500 0.013761880 0.013057030 0.014201520 0.013796330 0.011015220 0.012159640 0.012069270 0.011128300 0.014517630 0.011464360 0.016901760 0.011098730 0.003942180 0.012980340 0.012574460 0.013070870 0.013531030 0.012695940 0.012573830 0.000119690 0.000000000 0.004391950 0.005378250 0.013413290 0.013011340 0.012869990 0.013532380 0.012898820 0.012928090 0.013251830 0.012126370 0.012276680 0.011655740 0.011607080 0.011693250 0.011515180 0.011983270 0.013407720 0.013557510 0.013263730 0.008596140 
22     0.016152260 0.012827800 0.004992880 0.009051370 0.005567450 0.007257390 0.011298640 0.009735940 0.007897970 0.013222640 0.005385810 0.005384610 0.010388570 0.011996180 0.003456150 0.005940280 0.008059830 0.008100920 0.012133340 0.008073840 0.020613280 0.001458300 0.006159710 0.016691860 0.007134470 0.008038330 0.004945090 0.003709970 0.004285610 0.003252830 0.004391950 0.000000000 0.001224280 0.016878750 0.014475250 0.014035370 0.012787610 0.007288200 0.008444400 0.012092030 0.009239290 0.005102570 0.012147330 0.011965080 0.005486120 0.007461980 0.007888170 0.004485380 0.001602910 0.003954990 0.005767130 
20     0.008674590 0.011624290 0.005624300 0.011513010 0.006198870 0.006704020 0.008480160 0.007962420 0.009560720 0.012800120 0.006617140 0.006302580 0.009709170 0.012599210 0.009068250 0.007510480 0.008753420 0.001518900 0.013081970 0.008643480 0.001489150 0.002027940 0.000813660 0.011521810 0.011115930 0.011612340 0.012072500 0.011237410 0.011115300 0.007319180 0.005378250 0.001224280 0.000000000 0.003372370 0.007017060 0.006065420 0.000476700 0.005705010 0.008512670 0.009710210 0.004306060 0.005666070 0.008007860 0.007131410 0.005402900 0.006908180 0.005854570 0.004749730 0.002172550 0.003182580 0.010582290 
32     0.015714960 0.013086590 0.012753230 0.013250710 0.017496130 0.016096740 0.012969840 0.012566600 0.012621520 0.013215230 0.014287880 0.014359610 0.014480690 0.014636490 0.013838540 0.015622270 0.013943850 0.016639010 0.015605620 0.017410700 0.017180930 0.013908310 0.011051970 0.013259510 0.012853630 0.013350040 0.013810200 0.012975110 0.012853000 0.013762940 0.013413290 0.016878750 0.003372370 0.000000000 0.001160940 0.001502450 0.002928610 0.003324950 0.004376680 0.001741330 0.002066890 0.002057320 0.006643550 0.000614960 0.001749090 0.002936800 0.009548570 0.013686890 0.006842640 0.008345040 0.021107590 
26     0.015313010 0.012603480 0.011176970 0.010873160 0.012475760 0.015694790 0.010702310 0.010966440 0.012219570 0.009139580 0.011752770 0.011047920 0.013928620 0.013517520 0.009006110 0.011413690 0.011323320 0.010382350 0.013771680 0.010718410 0.016778980 0.010352780 0.010650020 0.012857560 0.012451680 0.012948090 0.013408250 0.012573160 0.012451050 0.013360990 0.013011340 0.014475250 0.007017060 0.001160940 0.000000000 0.000005230 0.004879180 0.003945460 0.003974730 0.005106260 0.009978810 0.011120520 0.008645630 0.006727410 0.009507760 0.009731110 0.008079620 0.013284940 0.008460590 0.013140950 0.009397530 
31     0.015171660 0.011701230 0.010274720 0.009970910 0.011573510 0.015553440 0.009800060 0.010064190 0.011820960 0.011477030 0.010850520 0.010145670 0.013026370 0.012615270 0.008103860 0.010511440 0.010421070 0.009480100 0.012869430 0.009816160 0.016637630 0.009450530 0.010508670 0.012716210 0.012310330 0.012806740 0.013266900 0.012431810 0.012309700 0.013219640 0.012869990 0.014035370 0.006065420 0.001502450 0.000005230 0.000000000 0.004090610 0.003804110 0.003833380 0.004501420 0.009709560 0.010979170 0.005254200 0.005731620 0.005370440 0.006174450 0.007786170 0.013143590 0.007429620 0.011038090 0.008495280 
44     0.015834050 0.012171020 0.010744510 0.010440700 0.012043300 0.016215830 0.010269850 0.010533980 0.012290750 0.014152880 0.011320310 0.010615460 0.013496160 0.013085060 0.008573650 0.010981230 0.010890860 0.009949890 0.012709950 0.010285950 0.011323480 0.009920320 0.010647990 0.013378600 0.012972720 0.013469130 0.013929290 0.013094200 0.012972090 0.012623420 0.013532380 0.012787610 0.000476700 0.002928610 0.004879180 0.004090610 0.000000000 0.000207450 0.000306830 0.001785530 0.010456380 0.009508710 0.002538310 0.003015730 0.002692550 0.005622600 0.005496190 0.010765680 0.008259170 0.005449370 0.008965070 
25     0.015200490 0.012847520 0.011662050 0.011358240 0.012262790 0.015582270 0.011187390 0.011451520 0.012107050 0.012277140 0.012237850 0.011533000 0.013966220 0.014002600 0.009491190 0.011898770 0.011808400 0.010867430 0.014256760 0.011203490 0.014543850 0.008091860 0.010537500 0.012745040 0.012339160 0.012835570 0.013295730 0.012460640 0.012338530 0.013017280 0.012898820 0.007288200 0.005705010 0.003324950 0.003945460 0.003804110 0.000207450 0.000000000 0.000182060 0.002965400 0.005241460 0.004225330 0.003877780 0.003789530 0.004608880 0.006111370 0.006827880 0.011118940 0.008236470 0.010677680 0.009882610 
46     0.015229760 0.012876790 0.012268030 0.012765510 0.013418990 0.015611540 0.012484640 0.012081400 0.012136320 0.011890340 0.013802680 0.013874410 0.013995490 0.014151290 0.010452210 0.014730600 0.015973540 0.015153120 0.016334240 0.015489180 0.016695730 0.009248060 0.010566770 0.012774310 0.012368430 0.012864840 0.013325000 0.012489910 0.012367800 0.012958270 0.012928090 0.008444400 0.008512670 0.004376680 0.003974730 0.003833380 0.000306830 0.000182060 0.000000000 0.003064780 0.009518250 0.005381530 0.003977160 0.004143690 0.005765080 0.006533180 0.006927260 0.012275140 0.009392670 0.013057700 0.014168300 
23     0.015067670 0.007097840 0.005671330 0.005367520 0.006970120 0.018034690 0.005196670 0.005460800 0.007217570 0.006576740 0.006247130 0.005542280 0.008422980 0.008011880 0.003500470 0.005908050 0.005817680 0.004876710 0.008266040 0.005212770 0.015300320 0.004847140 0.008532740 0.015197460 0.014729600 0.015223890 0.015528420 0.014913060 0.014790950 0.011458650 0.013251830 0.012092030 0.009710210 0.001741330 0.005106260 0.004501420 0.001785530 0.002965400 0.003064780 0.000000000 0.003617580 0.003608010 0.000788640 0.001079490 0.000011420 0.001199130 0.000299110 0.008810690 0.007811030 0.008666810 0.003891890 
30     0.014428040 0.010997180 0.009570670 0.009266860 0.010869460 0.014809820 0.009096010 0.009360140 0.011116910 0.013795410 0.010146470 0.009441620 0.009993010 0.011911220 0.007399810 0.009807390 0.009717020 0.008776050 0.012165380 0.009112110 0.015894010 0.008746480 0.009765050 0.011972590 0.011566710 0.012063120 0.012523280 0.011688190 0.011566080 0.012476020 0.012126370 0.009239290 0.004306060 0.002066890 0.009978810 0.009709560 0.010456380 0.005241460 0.009518250 0.003617580 0.000000000 0.000010790 0.002425840 0.001326300 0.003625340 0.001737870 0.004239700 0.012399970 0.010187560 0.012255980 0.007791230 
28     0.014578350 0.011189770 0.009502590 0.009459450 0.010077160 0.014960130 0.009288600 0.009552730 0.011309500 0.014013060 0.010339060 0.009634210 0.011890850 0.012103810 0.007592400 0.009999980 0.009909610 0.008968640 0.012357970 0.009304700 0.016044320 0.005906230 0.009915360 0.012122900 0.011717020 0.012213430 0.012673590 0.011838500 0.011716390 0.012626330 0.012276680 0.005102570 0.005666070 0.002057320 0.011120520 0.010979170 0.009508710 0.004225330 0.005381530 0.003608010 0.000010790 0.000000000 0.002188480 0.000378630 0.000781430 0.000790200 0.003183480 0.008933310 0.006050840 0.012337160 0.007983820 
39     0.013957410 0.006828170 0.005401660 0.005097850 0.006700450 0.014339190 0.004927000 0.005191130 0.006947900 0.012891210 0.005977460 0.005272610 0.008153310 0.007742210 0.003230800 0.005638380 0.005548010 0.004607040 0.007996370 0.004943100 0.015030650 0.004577470 0.009294420 0.011501960 0.011096080 0.011592490 0.012052650 0.011217560 0.011095450 0.012005390 0.011655740 0.012147330 0.008007860 0.006643550 0.008645630 0.005254200 0.002538310 0.003877780 0.003977160 0.000788640 0.002425840 0.002188480 0.000000000 0.000087380 0.000428100 0.003011220 0.002585510 0.008541020 0.007541360 0.009419590 0.003622220 
47     0.013908750 0.006031460 0.004604950 0.004301140 0.005903740 0.014290530 0.004130290 0.004394420 0.006151190 0.010544010 0.005180750 0.004475900 0.007356600 0.006945500 0.002434090 0.004841670 0.004751300 0.003810330 0.007199660 0.004146390 0.014233940 0.003780760 0.009245760 0.011453300 0.011047420 0.011543830 0.012003990 0.011168900 0.011046790 0.011956730 0.011607080 0.011965080 0.007131410 0.000614960 0.006727410 0.005731620 0.003015730 0.003789530 0.004143690 0.001079490 0.001326300 0.000378630 0.000087380 0.000000000 0.000905520 0.000411730 0.002102620 0.007744310 0.006744650 0.009897010 0.002825510 
43     0.013994920 0.007690300 0.006263790 0.005959980 0.007562580 0.014376700 0.005789130 0.006053260 0.007810030 0.013429630 0.006839590 0.006134740 0.009015440 0.008604340 0.004092930 0.006500510 0.006410140 0.005469170 0.008858500 0.005805230 0.015460890 0.005439600 0.009331930 0.011539470 0.011133590 0.011630000 0.012090160 0.011255070 0.011132960 0.009030800 0.011693250 0.005486120 0.005402900 0.001749090 0.009507760 0.005370440 0.002692550 0.004608880 0.005765080 0.000011420 0.003625340 0.000781430 0.000428100 0.000905520 0.000000000 0.000323420 0.000351030 0.008501240 0.005994730 0.009573830 0.004484350 
16     0.013816850 0.007913650 0.006487140 0.006183330 0.007785930 0.014198630 0.006012480 0.006276610 0.008033380 0.013251560 0.007062940 0.006358090 0.009238790 0.008827690 0.004316280 0.006723860 0.006633490 0.005692520 0.009081850 0.006028580 0.015282820 0.005662950 0.009153860 0.011361400 0.010955520 0.011451930 0.011912090 0.011077000 0.010954890 0.009834810 0.011515180 0.007461980 0.006908180 0.002936800 0.009731110 0.006174450 0.005622600 0.006111370 0.006533180 0.001199130 0.001737870 0.000790200 0.003011220 0.000411730 0.000323420 0.000000000 0.000394440 0.009626500 0.008410250 0.011644790 0.004707700 
45     0.014284940 0.006870960 0.005444450 0.005140640 0.006743240 0.014666720 0.004969790 0.005233920 0.006990690 0.011896220 0.006020250 0.005315400 0.008196100 0.007785000 0.003273590 0.005681170 0.005590800 0.004649830 0.008039160 0.004985890 0.015073440 0.004620260 0.009621950 0.011829490 0.011423610 0.011920020 0.012380180 0.011545090 0.011422980 0.012332920 0.011983270 0.007888170 0.005854570 0.009548570 0.008079620 0.007786170 0.005496190 0.006827880 0.006927260 0.000299110 0.004239700 0.003183480 0.002585510 0.002102620 0.000351030 0.000394440 0.000000000 0.008583810 0.007584150 0.012112880 0.003665010 
38     0.014522170 0.010521770 0.008885400 0.008791450 0.009459970 0.011902990 0.008620600 0.008884730 0.010641500 0.013657830 0.009671060 0.008966210 0.010135990 0.009586050 0.006924400 0.009331980 0.009241610 0.008300640 0.011689970 0.008636700 0.015459320 0.005287860 0.006911140 0.011537900 0.011132020 0.011628430 0.012088590 0.011253500 0.011131390 0.012311240 0.013407720 0.004485380 0.004749730 0.013686890 0.013284940 0.013143590 0.010765680 0.011118940 0.012275140 0.008810690 0.012399970 0.008933310 0.008541020 0.007744310 0.008501240 0.009626500 0.008583810 0.000000000 0.000107730 0.000852460 0.007329980 
34     0.014671960 0.009522110 0.006002930 0.007791790 0.006577500 0.010697240 0.007620940 0.007885070 0.009641840 0.011847630 0.008671400 0.007966550 0.009882410 0.009332470 0.005924740 0.007887930 0.008241950 0.007300980 0.010690310 0.007637040 0.015609110 0.002405390 0.006657560 0.011687690 0.011281810 0.011778220 0.012238380 0.011403290 0.011281180 0.009428770 0.013557510 0.001602910 0.002172550 0.006842640 0.008460590 0.007429620 0.008259170 0.008236470 0.009392670 0.007811030 0.010187560 0.006050840 0.007541360 0.006744650 0.005994730 0.008410250 0.007584150 0.000107730 0.000000000 0.000273480 0.006330320 
35     0.014378180 0.009016860 0.011416450 0.011913930 0.012863820 0.013343010 0.008948350 0.011229820 0.011284740 0.013812890 0.011093880 0.011169940 0.011548450 0.010998510 0.007651250 0.013071910 0.012981540 0.012040570 0.014953840 0.012376630 0.015315330 0.008691710 0.008323600 0.011393910 0.010988030 0.011484440 0.011944600 0.011109510 0.010987400 0.011417930 0.013263730 0.003954990 0.003182580 0.008345040 0.013140950 0.011038090 0.005449370 0.010677680 0.013057700 0.008666810 0.012255980 0.012337160 0.009419590 0.009897010 0.009573830 0.011644790 0.012112880 0.000852460 0.000273480 0.000000000 0.011069910 
0     0.010355140 0.005617130 0.004190620 0.003886810 0.005489410 0.019570480 0.003715960 0.003594560 0.003593830 0.000203840 0.004766420 0.004061570 0.006942270 0.006531170 0.000197790 0.004427340 0.004336970 0.003396000 0.006785330 0.003732060 0.013819610 0.003366430 0.004473110 0.019487420 0.018135430 0.018952400 0.018399060 0.014675100 0.014778780 0.005929910 0.008596140 0.005767130 0.010582290 0.021107590 0.009397530 0.008495280 0.008965070 0.009882610 0.014168300 0.003891890 0.007791230 0.007983820 0.003622220 0.002825510 0.004484350 0.004707700 0.003665010 0.007329980 0.006330320 0.011069910 0.000000000 
