51
10     0.000000000 0.002319500 0.001985360 0.005915740 0.013060530 0.015344190 0.014628960 0.005903470 0.010058330 0.000579430 0.002569520 0.008566740 0.008446230 0.005297940 0.002343450 0.008346780 0.006011640 0.007849080 0.008581250 0.013603140 0.011439540 0.004220140 0.012903220 0.005422790 0.013483510 0.019641170 0.019412460 0.017554610 0.014376890 0.011543870 0.015084540 0.006068820 0.009206560 0.009293490 0.008297140 0.003491580 0.008220020 0.011955830 0.003795690 0.008212500 0.002671210 0.018428770 0.002100570 0.007043640 0.012282670 0.009975950 0.008829470 0.003015350 0.007615030 0.011815100 0.011286230 
4     0.002319500 0.000000000 0.002566830 0.000332350 0.011950660 0.016735470 0.009324600 0.005498510 0.010499830 0.011358380 0.004545660 0.004444910 0.007435480 0.005458600 0.006318180 0.008288140 0.004753520 0.008297290 0.007021980 0.002500450 0.007439200 0.005492640 0.006681340 0.009550460 0.009483170 0.004057410 0.009590550 0.004351980 0.005880030 0.005044770 0.002303080 0.002879420 0.003685370 0.006397200 0.005906070 0.004189040 0.005423520 0.010902350 0.003864590 0.002189360 0.002885360 0.017995800 0.002722090 0.010736300 0.011427060 0.010480510 0.010009240 0.006079960 0.002636130 0.003391830 0.006949260 
27     0.001985360 0.002566830 0.000000000 0.004003720 0.002614160 0.003538520 0.010616850 0.006229990 0.007690830 0.006340010 0.000244730 0.005997340 0.008252390 0.008566850 0.009144010 0.006266510 0.007479000 0.004911110 0.015876000 0.011428470 0.001653240 0.008302650 0.005810380 0.017379890 0.018515210 0.007499190 0.018132920 0.000299650 0.016884520 0.010946220 0.008115840 0.004156800 0.008985920 0.009072850 0.004112010 0.007963190 0.007999380 0.014593450 0.003174260 0.006830570 0.003477770 0.013740980 0.005891750 0.011500700 0.012191460 0.011244910 0.009396440 0.011848650 0.015335240 0.008422170 0.012951690 
19     0.005915740 0.000332350 0.004003720 0.000000000 0.006016650 0.003385700 0.001422170 0.002335390 0.006838490 0.003992590 0.007282000 0.005346900 0.005253190 0.005567650 0.006045290 0.005126940 0.004479800 0.001966050 0.006542620 0.009845390 0.004049980 0.005303450 0.009145470 0.009793050 0.009725760 0.004384140 0.016192620 0.002841550 0.010375270 0.004829020 0.013444160 0.000391460 0.005986720 0.004073620 0.009081940 0.004863330 0.004220930 0.010346270 0.002164570 0.002812350 0.002722610 0.015534590 0.012324690 0.011319320 0.012010080 0.009944060 0.010592260 0.010251940 0.015654850 0.008831590 0.012568010 
18     0.013060530 0.011950660 0.002614160 0.006016650 0.000000000 0.007096110 0.004988070 0.004845130 0.000710670 0.003711790 0.004232370 0.010083160 0.005415630 0.007321150 0.004321620 0.008750720 0.010962260 0.008859040 0.006542810 0.015190520 0.010246670 0.000945440 0.011838420 0.009709820 0.011235130 0.012140450 0.008712730 0.010053890 0.013014970 0.007198070 0.006410860 0.008908060 0.003483440 0.012589530 0.008547560 0.002222360 0.005106110 0.013690260 0.005695110 0.012600250 0.008952840 0.013528220 0.007942550 0.012142860 0.011783020 0.008713420 0.006271710 0.008523370 0.009391770 0.014773560 0.019037890 
8     0.015344190 0.016735470 0.003538520 0.003385700 0.007096110 0.000000000 0.000012610 0.006706920 0.005406670 0.010788850 0.009965110 0.012546570 0.012452860 0.012767320 0.013134870 0.012326610 0.011168630 0.009542830 0.007201480 0.013689930 0.004386360 0.010105090 0.018403120 0.017733190 0.011918920 0.012824240 0.002779090 0.010737680 0.001896660 0.001761720 0.012209620 0.007572870 0.007548540 0.009483700 0.009231350 0.001240000 0.001573180 0.006783790 0.005349330 0.014746580 0.004370920 0.013794780 0.008626340 0.011658240 0.011478300 0.007754320 0.008588750 0.004456720 0.009590910 0.009136780 0.002373990 
32     0.014628960 0.009324600 0.010616850 0.001422170 0.004988070 0.000012610 0.000000000 0.003223150 0.011308870 0.015371890 0.000420930 0.012059830 0.007449370 0.013692120 0.014288260 0.009201410 0.012604270 0.010467630 0.008443440 0.012732700 0.001869660 0.007588390 0.013369210 0.002884120 0.012843720 0.013749040 0.013520330 0.006798790 0.008328840 0.002686520 0.005652680 0.013202230 0.008507370 0.014198120 0.010156150 0.013088460 0.013124650 0.015298850 0.004281850 0.020118640 0.010561430 0.015497440 0.009551140 0.009141540 0.008961600 0.006344030 0.010075200 0.004444170 0.002957670 0.017597260 0.020646480 
14     0.005903470 0.005498510 0.006229990 0.002335390 0.004845130 0.006706920 0.003223150 0.000000000 0.002626730 0.008545430 0.006455490 0.006644910 0.004762380 0.006865660 0.001548390 0.006424950 0.005455860 0.009250440 0.002252190 0.004833330 0.000640770 0.000431600 0.004133410 0.004780990 0.004713700 0.017275720 0.017047010 0.015189160 0.018150240 0.009473010 0.003655950 0.005461870 0.004813110 0.007371660 0.002904780 0.006262000 0.006298190 0.004907480 0.002765400 0.012151400 0.010129760 0.007961230 0.008453170 0.006214240 0.014579130 0.010027610 0.002609640 0.012435570 0.002421530 0.006513570 0.010460510 
12     0.010058330 0.010499830 0.007690830 0.006838490 0.000710670 0.005406670 0.011308870 0.002626730 0.000000000 0.008562190 0.008596770 0.006661670 0.006567960 0.006882420 0.003065170 0.006441710 0.005794570 0.012041860 0.014172060 0.004002700 0.001635340 0.006618220 0.006506900 0.008460450 0.003262540 0.008424150 0.002619780 0.007505450 0.008589600 0.014140120 0.007920150 0.005033540 0.004491190 0.007388420 0.007168980 0.003468460 0.003504650 0.005151620 0.006962700 0.002802170 0.003962680 0.002453190 0.006779170 0.008806120 0.016635260 0.012815080 0.014366700 0.011333590 0.007159550 0.008107380 0.007915200 
34     0.000579430 0.011358380 0.006340010 0.003992590 0.003711790 0.010788850 0.015371890 0.008545430 0.008562190 0.000000000 0.001004990 0.002102960 0.001474050 0.005882450 0.006478590 0.005441740 0.004794600 0.004249050 0.015199540 0.010724340 0.001909250 0.006374890 0.010024420 0.001254910 0.004317650 0.018744070 0.018515360 0.012615510 0.019011270 0.014549050 0.009902070 0.007400500 0.007710420 0.006388450 0.013300770 0.005256420 0.005149910 0.007598460 0.018230200 0.018778960 0.015657720 0.025508070 0.014647430 0.018129850 0.018195170 0.016762980 0.013040420 0.000899660 0.002097970 0.020807730 0.006468840 
22     0.002569520 0.004545660 0.000244730 0.007282000 0.004232370 0.009965110 0.000420930 0.006455490 0.008596770 0.001004990 0.000000000 0.005696280 0.005602570 0.005917030 0.006513170 0.001619770 0.004829180 0.003653000 0.001028990 0.013785690 0.013982490 0.006409470 0.006033810 0.009092890 0.008344840 0.008116250 0.003443270 0.007961450 0.008402070 0.014583630 0.006602740 0.006997190 0.007023800 0.006423030 0.002220080 0.006722270 0.002029350 0.004480090 0.008665380 0.009117220 0.008076990 0.004382310 0.003585740 0.015863330 0.015442350 0.016461250 0.014067850 0.004566300 0.002040860 0.007912150 0.017454110 
25     0.008566740 0.004444910 0.005997340 0.005346900 0.010083160 0.012546570 0.012059830 0.006644910 0.006661670 0.002102960 0.005696280 0.000000000 0.000158730 0.001239630 0.004007490 0.002862130 0.002323500 0.012907630 0.013299020 0.014056610 0.015034230 0.004474370 0.012411860 0.015305590 0.015938230 0.012946780 0.016614840 0.014756990 0.004812110 0.012648530 0.012939560 0.005499980 0.005809900 0.003917350 0.010853010 0.004787170 0.004823360 0.014191090 0.005037380 0.016121510 0.013757200 0.016353750 0.004161900 0.016229330 0.016294650 0.014862460 0.016415310 0.013327730 0.012385170 0.011826360 0.020825750 
33     0.008446230 0.007435480 0.008252390 0.005253190 0.005415630 0.012452860 0.007449370 0.004762380 0.006567960 0.001474050 0.005602570 0.000158730 0.000000000 0.001145920 0.001487770 0.001938530 0.002229790 0.001743620 0.012921890 0.009506220 0.012416250 0.004380660 0.003989970 0.013198000 0.003306950 0.002509110 0.002363190 0.014663280 0.010445090 0.012554820 0.008389170 0.005406270 0.005716190 0.003823640 0.007638000 0.004693460 0.004729650 0.009640700 0.018543260 0.013590430 0.013663490 0.007185190 0.002532700 0.008941250 0.016200940 0.007769940 0.016321600 0.005084290 0.001866830 0.012463210 0.020732040 
37     0.005297940 0.005458600 0.008566850 0.005567650 0.007321150 0.012767320 0.013692120 0.006865660 0.006882420 0.005882450 0.005917030 0.001239630 0.001145920 0.000000000 0.000020650 0.000294360 0.002544250 0.005714360 0.007277410 0.007669480 0.006411730 0.004695120 0.019727940 0.014749400 0.010842960 0.005815400 0.016835590 0.006690810 0.012416850 0.012869280 0.003344550 0.005720730 0.002430090 0.004138100 0.009464970 0.005007920 0.004938470 0.005524620 0.002088720 0.017370480 0.008196070 0.004885830 0.012967660 0.014650980 0.015381240 0.008075880 0.015821420 0.002653750 0.005150150 0.015560300 0.019406200 
21     0.002343450 0.006318180 0.009144010 0.006045290 0.004321620 0.013134870 0.014288260 0.001548390 0.003065170 0.006478590 0.006513170 0.004007490 0.001487770 0.000020650 0.000000000 0.001903050 0.002388490 0.002081030 0.003071860 0.003402820 0.003489080 0.001542520 0.004953080 0.005600660 0.005533370 0.017660440 0.017431730 0.007940560 0.011887300 0.004830290 0.018917000 0.001571060 0.004609100 0.003137940 0.004938180 0.005031920 0.005640250 0.003510560 0.006424710 0.013877310 0.011380770 0.008233740 0.009682240 0.008756000 0.008159180 0.005227860 0.001254210 0.007389460 0.002218130 0.007201910 0.015062850 
11     0.008346780 0.008288140 0.006266510 0.005126940 0.008750720 0.012326610 0.009201410 0.006424950 0.006441710 0.005441740 0.001619770 0.002862130 0.001938530 0.000294360 0.001903050 0.000000000 0.001351640 0.006069060 0.013079060 0.007223480 0.010761240 0.004254410 0.013761260 0.015623830 0.013802040 0.008044330 0.016394880 0.014537030 0.002836280 0.012428570 0.006062870 0.005280020 0.005589940 0.002740250 0.009880040 0.004567210 0.004603400 0.011882740 0.011506440 0.005474320 0.006792800 0.001053270 0.012526950 0.009002820 0.007807790 0.014642500 0.009056290 0.009520910 0.013912930 0.018687250 0.014226030 
9     0.006011640 0.004753520 0.007479000 0.004479800 0.010962260 0.011168630 0.012604270 0.005455860 0.005794570 0.004794600 0.004829180 0.002323500 0.002229790 0.002544250 0.002388490 0.001351640 0.000000000 0.003163060 0.009253600 0.008904370 0.004737460 0.003607270 0.018640090 0.018134640 0.015071130 0.008496430 0.001006580 0.002742080 0.001155680 0.011781430 0.009082650 0.004632880 0.001037350 0.002298350 0.008331480 0.003920070 0.003956260 0.010334180 0.009392370 0.011802310 0.012890100 0.003185450 0.011879810 0.013034820 0.012247090 0.013995360 0.013679000 0.007157760 0.011895540 0.013673400 0.013649960 
29     0.007849080 0.008297290 0.004911110 0.001966050 0.008859040 0.009542830 0.010467630 0.009250440 0.012041860 0.004249050 0.003653000 0.012907630 0.001743620 0.005714360 0.002081030 0.006069060 0.003163060 0.000000000 0.002067180 0.002787630 0.000846840 0.004697090 0.012077710 0.003404150 0.002012220 0.013941070 0.003975190 0.011854510 0.014815590 0.009644790 0.008514380 0.013394260 0.010420620 0.003957170 0.005246360 0.005609950 0.012059080 0.006807310 0.005696200 0.007600480 0.005651640 0.003337980 0.003258110 0.015141900 0.014961960 0.010766700 0.003188930 0.001828450 0.003181840 0.013862290 0.012726160 
28     0.008581250 0.007021980 0.015876000 0.006542620 0.006542810 0.007201480 0.008443440 0.002252190 0.014172060 0.015199540 0.001028990 0.013299020 0.012921890 0.007277410 0.003071860 0.013079060 0.009253600 0.002067180 0.000000000 0.004941020 0.001904660 0.002224760 0.005656880 0.003931090 0.006237170 0.013576690 0.004317920 0.011490130 0.014451210 0.009280410 0.008150000 0.013029880 0.013938840 0.014025770 0.004881980 0.012916110 0.009309520 0.002287900 0.006653370 0.019946290 0.005287260 0.017890260 0.002893730 0.015877710 0.015296600 0.014510840 0.016063690 0.001731510 0.015725450 0.015030220 0.019259050 
16     0.013603140 0.002500450 0.011428470 0.009845390 0.015190520 0.013689930 0.012732700 0.004833330 0.004002700 0.010724340 0.013785690 0.014056610 0.009506220 0.007669480 0.003402820 0.007223480 0.008904370 0.002787630 0.004941020 0.000000000 0.001533770 0.001699230 0.000699960 0.001346900 0.001279610 0.020171290 0.011671560 0.004368580 0.017982260 0.015976270 0.008879230 0.002363320 0.012756430 0.010081320 0.008128060 0.000843360 0.010268550 0.010130760 0.004846960 0.001072680 0.017084940 0.014331920 0.012967180 0.004807850 0.004873170 0.003440980 0.003283830 0.011079850 0.000349960 0.011512030 0.016620870 
2     0.011439540 0.007439200 0.001653240 0.004049980 0.010246670 0.004386360 0.001869660 0.000640770 0.001635340 0.001909250 0.013982490 0.015034230 0.012416250 0.006411730 0.003489080 0.010761240 0.004737460 0.000846840 0.001904660 0.001533770 0.000000000 0.002641980 0.006074100 0.004149360 0.006654390 0.015328700 0.015099990 0.013242140 0.007299560 0.011032420 0.005652460 0.003696820 0.003747200 0.005054020 0.006633990 0.006545210 0.009726740 0.005371850 0.005227010 0.006507500 0.004624520 0.011867870 0.001737780 0.010080500 0.009900560 0.000508840 0.007243060 0.003741420 0.001265120 0.007398080 0.010516640 
35     0.004220140 0.005492640 0.008302650 0.005303450 0.000945440 0.010105090 0.007588390 0.000431600 0.006618220 0.006374890 0.006409470 0.004474370 0.004380660 0.004695120 0.001542520 0.004254410 0.003607270 0.004697090 0.002224760 0.001699230 0.002641980 0.000000000 0.001471990 0.004775120 0.004707830 0.016800100 0.016571390 0.011381660 0.010752210 0.009000380 0.016919080 0.001892010 0.005766450 0.004819870 0.013308470 0.004743720 0.004779910 0.017378890 0.015628220 0.016176980 0.013713750 0.023614650 0.006835030 0.005243770 0.005063830 0.010661020 0.013739210 0.013284280 0.002683670 0.010043190 0.004567840 
20     0.012903220 0.006681340 0.005810380 0.009145470 0.011838420 0.018403120 0.013369210 0.004133410 0.006506900 0.010024420 0.006033810 0.012411860 0.003989970 0.019727940 0.004953080 0.013761260 0.018640090 0.012077710 0.005656880 0.000699960 0.006074100 0.001471990 0.000000000 0.000647620 0.000580330 0.015929210 0.022471390 0.020613540 0.019102140 0.003677540 0.018972340 0.003941800 0.004936870 0.005868910 0.017286710 0.015943230 0.011189820 0.020432200 0.013075840 0.015431540 0.004900930 0.018237120 0.012267260 0.011362960 0.004513230 0.009996090 0.011548940 0.017170540 0.004063100 0.012689720 0.019149680 
38     0.005422790 0.009550460 0.017379890 0.009793050 0.009709820 0.017733190 0.002884120 0.004780990 0.008460450 0.001254910 0.009092890 0.015305590 0.013198000 0.014749400 0.005600660 0.015623830 0.018134640 0.003404150 0.003931090 0.001346900 0.004149360 0.004775120 0.000647620 0.000000000 0.001227270 0.001593580 0.010166810 0.014152070 0.013367910 0.002063330 0.004197790 0.002873260 0.004950560 0.004947960 0.017719860 0.007685820 0.010964480 0.006368510 0.004206660 0.004280820 0.017422780 0.004729290 0.012106160 0.010857510 0.008887470 0.009490640 0.011043490 0.001898530 0.005232810 0.004312430 0.002128250 
6     0.013483510 0.009483170 0.018515210 0.009725760 0.011235130 0.011918920 0.012843720 0.004713700 0.003262540 0.004317650 0.008344840 0.015938230 0.003306950 0.010842960 0.005533370 0.013802040 0.015071130 0.002012220 0.006237170 0.001279610 0.006654390 0.004707830 0.000580330 0.001227270 0.000000000 0.002420630 0.003317870 0.004115030 0.012541360 0.012020880 0.004068790 0.012570980 0.000856980 0.009961690 0.012724270 0.005673440 0.008602020 0.002380610 0.004433320 0.022585500 0.013098400 0.022480660 0.001999550 0.007510520 0.006432250 0.017150050 0.008347770 0.003838840 0.006061800 0.020473410 0.015857380 
24     0.019641170 0.004057410 0.007499190 0.004384140 0.012140450 0.012824240 0.013749040 0.017275720 0.008424150 0.018744070 0.008116250 0.012946780 0.002509110 0.005815400 0.017660440 0.008044330 0.008496430 0.013941070 0.013576690 0.020171290 0.015328700 0.016800100 0.015929210 0.001593580 0.002420630 0.000000000 0.000000000 0.002023640 0.012385310 0.004010330 0.001842930 0.008580620 0.013096210 0.006573700 0.006711870 0.005723720 0.014528040 0.002318580 0.020591410 0.022057210 0.001827770 0.004003270 0.013024580 0.003714040 0.002673870 0.001149150 0.016292620 0.013605400 0.016340010 0.022100120 0.005987140 
23     0.019412460 0.009590550 0.018132920 0.016192620 0.008712730 0.002779090 0.013520330 0.017047010 0.002619780 0.018515360 0.003443270 0.016614840 0.002363190 0.016835590 0.017431730 0.016394880 0.001006580 0.003975190 0.004317920 0.011671560 0.015099990 0.016571390 0.022471390 0.010166810 0.003317870 0.000000000 0.000000000 0.000922240 0.006771650 0.012697490 0.012424590 0.005519010 0.008616890 0.007641070 0.008130690 0.004501540 0.001220760 0.006462930 0.020103170 0.006254850 0.004597680 0.007771320 0.007809670 0.019193530 0.006053200 0.002363650 0.016511840 0.013376690 0.004268450 0.006185290 0.008007010 
36     0.017554610 0.004351980 0.000299650 0.002841550 0.010053890 0.010737680 0.006798790 0.015189160 0.007505450 0.012615510 0.007961450 0.014756990 0.014663280 0.006690810 0.007940560 0.014537030 0.002742080 0.011854510 0.011490130 0.004368580 0.013242140 0.011381660 0.020613540 0.014152070 0.004115030 0.002023640 0.000922240 0.000000000 0.011052000 0.003504020 0.008406010 0.010103530 0.008682140 0.002785960 0.011543030 0.003717740 0.004222390 0.011853550 0.011055540 0.021404260 0.011228800 0.004497710 0.010938020 0.017335680 0.017401000 0.011819340 0.003541010 0.011518840 0.003587110 0.013087000 0.008789600 
7     0.014376890 0.005880030 0.016884520 0.010375270 0.013014970 0.001896660 0.008328840 0.018150240 0.008589600 0.019011270 0.008402070 0.004812110 0.010445090 0.012416850 0.011887300 0.002836280 0.001155680 0.014815590 0.014451210 0.017982260 0.007299560 0.010752210 0.019102140 0.013367910 0.012541360 0.012385310 0.006771650 0.011052000 0.000000000 0.013780110 0.002578350 0.007042740 0.012077560 0.002173720 0.012791020 0.008877820 0.005582970 0.003631240 0.012289850 0.009949410 0.000021010 0.003065070 0.004287480 0.007270460 0.006465540 0.002629600 0.014767900 0.010121810 0.000712810 0.006489970 0.005912200 
30     0.011543870 0.005044770 0.010946220 0.004829020 0.007198070 0.001761720 0.002686520 0.009473010 0.014140120 0.014549050 0.014583630 0.012648530 0.012554820 0.012869280 0.004830290 0.012428570 0.011781430 0.009644790 0.009280410 0.015976270 0.011032420 0.009000380 0.003677540 0.002063330 0.012020880 0.004010330 0.012697490 0.003504020 0.013780110 0.000000000 0.000079370 0.009591870 0.010349870 0.008900060 0.008725710 0.005758410 0.004402050 0.014476010 0.002065250 0.019295800 0.009738590 0.018601600 0.007374250 0.009246060 0.003164880 0.013860350 0.015413200 0.009309120 0.015074960 0.017905100 0.019823640 
13     0.015084540 0.002303080 0.008115840 0.013444160 0.006410860 0.012209620 0.005652680 0.003655950 0.007920150 0.009902070 0.006602740 0.012939560 0.008389170 0.003344550 0.018917000 0.006062870 0.009082650 0.008514380 0.008150000 0.008879230 0.005652460 0.016919080 0.018972340 0.004197790 0.004068790 0.001842930 0.012424590 0.008406010 0.002578350 0.000079370 0.000000000 0.002940300 0.003472420 0.006530120 0.004990790 0.004554540 0.005789020 0.006993490 0.001985900 0.003536310 0.010218480 0.006910210 0.007824950 0.018907810 0.016543610 0.018118380 0.006781240 0.007564370 0.014582060 0.010279090 0.020928670 
31     0.006068820 0.002879420 0.004156800 0.000391460 0.008908060 0.007572870 0.013202230 0.005461870 0.005033540 0.007400500 0.006997190 0.005499980 0.005406270 0.005720730 0.001571060 0.005280020 0.004632880 0.013394260 0.013029880 0.002363320 0.003696820 0.001892010 0.003941800 0.002873260 0.012570980 0.008580620 0.005519010 0.010103530 0.007042740 0.009591870 0.002940300 0.000000000 0.000247810 0.000439460 0.004052750 0.005117070 0.005153260 0.007801580 0.002624200 0.019399800 0.008819850 0.017845610 0.008211070 0.015960190 0.016025510 0.014593320 0.016146170 0.007759560 0.008382920 0.008752770 0.003905950 
17     0.009206560 0.003685370 0.008985920 0.005986720 0.003483440 0.007548540 0.008507370 0.004813110 0.004491190 0.007710420 0.007023800 0.005809900 0.005716190 0.002430090 0.004609100 0.005589940 0.001037350 0.010420620 0.013938840 0.012756430 0.003747200 0.005766450 0.004936870 0.004950560 0.000856980 0.013096210 0.008616890 0.008682140 0.012077560 0.010349870 0.003472420 0.000247810 0.000000000 0.005034060 0.007003070 0.001646430 0.001682620 0.003164060 0.009981700 0.003845710 0.014397020 0.009955060 0.012007810 0.008835120 0.009515780 0.015502280 0.009428840 0.013967550 0.006761280 0.017290560 0.021465570 
5     0.009293490 0.006397200 0.009072850 0.004073620 0.012589530 0.009483700 0.014198120 0.007371660 0.007388420 0.006388450 0.006423030 0.003917350 0.003823640 0.004138100 0.003137940 0.002740250 0.002298350 0.003957170 0.014025770 0.010081320 0.005054020 0.004819870 0.005868910 0.004947960 0.009961690 0.006573700 0.007641070 0.002785960 0.002173720 0.008900060 0.006530120 0.000439460 0.005034060 0.000000000 0.000309670 0.004670920 0.004456550 0.002841730 0.012998620 0.004550000 0.001104400 0.021523050 0.013473660 0.011063680 0.010728380 0.009292310 0.017142060 0.014054480 0.012344900 0.005091200 0.012693680 
3     0.008297140 0.005906070 0.004112010 0.009081940 0.008547560 0.009231350 0.010156150 0.002904780 0.007168980 0.013300770 0.002220080 0.010853010 0.007638000 0.009464970 0.004938180 0.009880040 0.008331480 0.005246360 0.004881980 0.008128060 0.006633990 0.013308470 0.017286710 0.017719860 0.012724270 0.006711870 0.008130690 0.011543030 0.012791020 0.008725710 0.004990790 0.004052750 0.007003070 0.000309670 0.000000000 0.012734290 0.012918370 0.004385640 0.002620020 0.005609100 0.002750180 0.019212400 0.004329870 0.015930610 0.015995930 0.006637450 0.013210190 0.004910690 0.014752110 0.018608490 0.003373480 
26     0.003491580 0.004189040 0.007963190 0.004863330 0.002222360 0.001240000 0.013088460 0.006262000 0.003468460 0.005256420 0.006722270 0.004787170 0.004693460 0.005007920 0.005031920 0.004567210 0.003920070 0.005609950 0.012916110 0.000843360 0.006545210 0.004743720 0.015943230 0.007685820 0.005673440 0.005723720 0.004501540 0.003717740 0.008877820 0.005758410 0.004554540 0.005117070 0.001646430 0.004670920 0.012734290 0.000000000 0.000219870 0.009653000 0.004168720 0.006357810 0.004204160 0.004375490 0.008275170 0.010676330 0.011772810 0.014479550 0.009307940 0.012944820 0.012376500 0.018524300 0.008266130 
1     0.008220020 0.005423520 0.007999380 0.004220930 0.005106110 0.001573180 0.013124650 0.006298190 0.003504650 0.005149910 0.002029350 0.004823360 0.004729650 0.004938470 0.005640250 0.004603400 0.003956260 0.012059080 0.009309520 0.010268550 0.009726740 0.004779910 0.011189820 0.010964480 0.008602020 0.014528040 0.001220760 0.004222390 0.005582970 0.004402050 0.005789020 0.005153260 0.001682620 0.004456550 0.012918370 0.000219870 0.000000000 0.011788290 0.013752910 0.015708900 0.000302830 0.005535650 0.010218960 0.014790100 0.015947930 0.014515740 0.003464580 0.012981010 0.014108910 0.010901590 0.014573250 
15     0.011955830 0.010902350 0.014593450 0.010346270 0.013690260 0.006783790 0.015298850 0.004907480 0.005151620 0.007598460 0.004480090 0.014191090 0.009640700 0.005524620 0.003510560 0.011882740 0.010334180 0.006807310 0.002287900 0.010130760 0.005371850 0.017378890 0.020432200 0.006368510 0.002380610 0.002318580 0.006462930 0.011853550 0.003631240 0.014476010 0.006993490 0.007801580 0.003164060 0.002841730 0.004385640 0.009653000 0.011788290 0.000000000 0.007651780 0.004526730 0.013064240 0.012096280 0.002102920 0.008474570 0.003213000 0.015224350 0.004613950 0.003824500 0.014432130 0.010769390 0.013815760 
48     0.003795690 0.003864590 0.003174260 0.002164570 0.005695110 0.005349330 0.004281850 0.002765400 0.006962700 0.018230200 0.008665380 0.005037380 0.018543260 0.002088720 0.006424710 0.011506440 0.009392370 0.005696200 0.006653370 0.004846960 0.005227010 0.015628220 0.013075840 0.004206660 0.004433320 0.020591410 0.020103170 0.011055540 0.012289850 0.002065250 0.001985900 0.002624200 0.009981700 0.012998620 0.002620020 0.004168720 0.013752910 0.007651780 0.000000000 0.000501220 0.000275300 0.005880800 0.006964840 0.005574240 0.006097670 0.008559150 0.002081500 0.009245550 0.002768090 0.005730090 0.014367620 
43     0.008212500 0.002189360 0.006830570 0.002812350 0.012600250 0.014746580 0.020118640 0.012151400 0.002802170 0.018778960 0.009117220 0.016121510 0.013590430 0.017370480 0.013877310 0.005474320 0.011802310 0.007600480 0.019946290 0.001072680 0.006507500 0.016176980 0.015431540 0.004280820 0.022585500 0.022057210 0.006254850 0.021404260 0.009949410 0.019295800 0.003536310 0.019399800 0.003845710 0.004550000 0.005609100 0.006357810 0.015708900 0.004526730 0.000501220 0.000000000 0.004618300 0.007594150 0.015930490 0.011458540 0.011523860 0.010091670 0.003205980 0.011999480 0.006075140 0.003794010 0.019071290 
47     0.002671210 0.002885360 0.003477770 0.002722610 0.008952840 0.004370920 0.010561430 0.010129760 0.003962680 0.015657720 0.008076990 0.013757200 0.013663490 0.008196070 0.011380770 0.006792800 0.012890100 0.005651640 0.005287260 0.017084940 0.004624520 0.013713750 0.004900930 0.017422780 0.013098400 0.001827770 0.004597680 0.011228800 0.000021010 0.009738590 0.010218480 0.008819850 0.014397020 0.001104400 0.002750180 0.004204160 0.000302830 0.013064240 0.000275300 0.004618300 0.000000000 0.003047160 0.004735150 0.011971370 0.012616100 0.010148620 0.002825890 0.005315970 0.011893910 0.007356910 0.013249000 
46     0.018428770 0.017995800 0.013740980 0.015534590 0.013528220 0.013794780 0.015497440 0.007961230 0.002453190 0.025508070 0.004382310 0.016353750 0.007185190 0.004885830 0.008233740 0.001053270 0.003185450 0.003337980 0.017890260 0.014331920 0.011867870 0.023614650 0.018237120 0.004729290 0.022480660 0.004003270 0.007771320 0.004497710 0.003065070 0.018601600 0.006910210 0.017845610 0.009955060 0.021523050 0.019212400 0.004375490 0.005535650 0.012096280 0.005880800 0.007594150 0.003047160 0.000000000 0.005662380 0.014011000 0.014884050 0.002179130 0.008141570 0.013525140 0.003415080 0.016273720 0.019301090 
49     0.002100570 0.002722090 0.005891750 0.012324690 0.007942550 0.008626340 0.009551140 0.008453170 0.006779170 0.014647430 0.003585740 0.004161900 0.002532700 0.012967660 0.009682240 0.012526950 0.011879810 0.003258110 0.002893730 0.012967180 0.001737780 0.006835030 0.012267260 0.012106160 0.001999550 0.013024580 0.007809670 0.010938020 0.004287480 0.007374250 0.007824950 0.008211070 0.012007810 0.013473660 0.004329870 0.008275170 0.010218960 0.002102920 0.006964840 0.015930490 0.004735150 0.005662380 0.000000000 0.013358740 0.015390920 0.008614170 0.010355330 0.000366400 0.003336640 0.011492650 0.005779710 
44     0.007043640 0.010736300 0.011500700 0.011319320 0.012142860 0.011658240 0.009141540 0.006214240 0.008806120 0.018129850 0.015863330 0.016229330 0.008941250 0.014650980 0.008756000 0.009002820 0.013034820 0.015141900 0.015877710 0.004807850 0.010080500 0.005243770 0.011362960 0.010857510 0.007510520 0.003714040 0.019193530 0.017335680 0.007270460 0.009246060 0.018907810 0.015960190 0.008835120 0.011063680 0.015930610 0.010676330 0.014790100 0.008474570 0.005574240 0.011458540 0.011971370 0.014011000 0.013358740 0.000000000 0.000164120 0.000748930 0.001789020 0.001498410 0.007932840 0.010762980 0.004116020 
42     0.012282670 0.011427060 0.012191460 0.012010080 0.011783020 0.011478300 0.008961600 0.014579130 0.016635260 0.018195170 0.015442350 0.016294650 0.016200940 0.015381240 0.008159180 0.007807790 0.012247090 0.014961960 0.015296600 0.004873170 0.009900560 0.005063830 0.004513230 0.008887470 0.006432250 0.002673870 0.006053200 0.017401000 0.006465540 0.003164880 0.016543610 0.016025510 0.009515780 0.010728380 0.015995930 0.011772810 0.015947930 0.003213000 0.006097670 0.011523860 0.012616100 0.014884050 0.015390920 0.000164120 0.000000000 0.001557620 0.001518520 0.001080240 0.007998160 0.010828300 0.004207160 
39     0.009975950 0.010480510 0.011244910 0.009944060 0.008713420 0.007754320 0.006344030 0.010027610 0.012815080 0.016762980 0.016461250 0.014862460 0.007769940 0.008075880 0.005227860 0.014642500 0.013995360 0.010766700 0.014510840 0.003440980 0.000508840 0.010661020 0.009996090 0.009490640 0.017150050 0.001149150 0.002363650 0.011819340 0.002629600 0.013860350 0.018118380 0.014593320 0.015502280 0.009292310 0.006637450 0.014479550 0.014515740 0.015224350 0.008559150 0.010091670 0.010148620 0.002179130 0.008614170 0.000748930 0.001557620 0.000000000 0.000042440 0.002796310 0.006565970 0.009396110 0.009940560 
40     0.008829470 0.010009240 0.009396440 0.010592260 0.006271710 0.008588750 0.010075200 0.002609640 0.014366700 0.013040420 0.014067850 0.016415310 0.016321600 0.015821420 0.001254210 0.009056290 0.013679000 0.003188930 0.016063690 0.003283830 0.007243060 0.013739210 0.011548940 0.011043490 0.008347770 0.016292620 0.016511840 0.003541010 0.014767900 0.015413200 0.006781240 0.016146170 0.009428840 0.017142060 0.013210190 0.009307940 0.003464580 0.004613950 0.002081500 0.003205980 0.002825890 0.008141570 0.010355330 0.001789020 0.001518520 0.000042440 0.000000000 0.002199990 0.008118820 0.009647030 0.006889080 
41     0.003015350 0.006079960 0.011848650 0.010251940 0.008523370 0.004456720 0.004444170 0.012435570 0.011333590 0.000899660 0.004566300 0.013327730 0.005084290 0.002653750 0.007389460 0.009520910 0.007157760 0.001828450 0.001731510 0.011079850 0.003741420 0.013284280 0.017170540 0.001898530 0.003838840 0.013605400 0.013376690 0.011518840 0.010121810 0.009309120 0.007564370 0.007759560 0.013967550 0.014054480 0.004910690 0.012944820 0.012981010 0.003824500 0.009245550 0.011999480 0.005315970 0.013525140 0.000366400 0.001498410 0.001080240 0.002796310 0.002199990 0.000000000 0.006669590 0.010926790 0.015510580 
45     0.007615030 0.002636130 0.015335240 0.015654850 0.009391770 0.009590910 0.002957670 0.002421530 0.007159550 0.002097970 0.002040860 0.012385170 0.001866830 0.005150150 0.002218130 0.013912930 0.011895540 0.003181840 0.015725450 0.000349960 0.001265120 0.002683670 0.004063100 0.005232810 0.006061800 0.016340010 0.004268450 0.003587110 0.000712810 0.015074960 0.014582060 0.008382920 0.006761280 0.012344900 0.014752110 0.012376500 0.014108910 0.014432130 0.002768090 0.006075140 0.011893910 0.003415080 0.003336640 0.007932840 0.007998160 0.006565970 0.008118820 0.006669590 0.000000000 0.004284150 0.013495670 
50     0.011815100 0.003391830 0.008422170 0.008831590 0.014773560 0.009136780 0.017597260 0.006513570 0.008107380 0.020807730 0.007912150 0.011826360 0.012463210 0.015560300 0.007201910 0.018687250 0.013673400 0.013862290 0.015030220 0.011512030 0.007398080 0.010043190 0.012689720 0.004312430 0.020473410 0.022100120 0.006185290 0.013087000 0.006489970 0.017905100 0.010279090 0.008752770 0.017290560 0.005091200 0.018608490 0.018524300 0.010901590 0.010769390 0.005730090 0.003794010 0.007356910 0.016273720 0.011492650 0.010762980 0.010828300 0.009396110 0.009647030 0.010926790 0.004284150 0.000000000 0.005754120 
0     0.011286230 0.006949260 0.012951690 0.012568010 0.019037890 0.002373990 0.020646480 0.010460510 0.007915200 0.006468840 0.017454110 0.020825750 0.020732040 0.019406200 0.015062850 0.014226030 0.013649960 0.012726160 0.019259050 0.016620870 0.010516640 0.004567840 0.019149680 0.002128250 0.015857380 0.005987140 0.008007010 0.008789600 0.005912200 0.019823640 0.020928670 0.003905950 0.021465570 0.012693680 0.003373480 0.008266130 0.014573250 0.013815760 0.014367620 0.019071290 0.013249000 0.019301090 0.005779710 0.004116020 0.004207160 0.009940560 0.006889080 0.015510580 0.013495670 0.005754120 0.000000000 
