51
4     0.000000000 0.592982947 0.582216189 0.623246117 0.621814699 0.625711833 0.599688606 0.600394928 0.627765838 0.625704141 0.668112459 0.805303696 0.824664934 0.696237508 0.732048821 0.723516160 0.720113478 0.671398782 0.741179872 0.742255232 0.683391084 0.705410900 0.711739076 0.726374770 0.728955259 0.785677520 0.727891604 0.735995176 0.708212449 0.708839131 0.735791356 0.738477718 0.750588565 0.733706311 0.683432710 0.751475796 0.751424906 0.739580570 0.730441075 0.741146476 0.771853915 0.764791861 0.730940121 0.726713599 0.724477384 0.718806577 0.709997495 0.721431519 0.648032151 0.703008208 0.932461090 
7     0.592982947 0.000000000 0.389958905 0.430762393 0.427258462 0.431149907 0.410227316 0.411781104 0.456391896 0.534139338 0.573658583 0.707495014 0.727429630 0.602847807 0.637667235 0.629144359 0.627507934 0.578215941 0.651909919 0.645580838 0.588523091 0.609912599 0.619874740 0.631920489 0.632899781 0.689796125 0.631285229 0.640185121 0.616450074 0.617085037 0.638038210 0.641474542 0.653468905 0.636464136 0.586284529 0.655077232 0.655026342 0.640780593 0.632160291 0.642949939 0.671533465 0.666928600 0.634568693 0.630913463 0.628475999 0.623394702 0.615052913 0.625568848 0.557874264 0.607663990 0.843827458 
10     0.582216189 0.389958905 0.000000000 0.258746652 0.258098963 0.262270564 0.237006859 0.240198501 0.450986582 0.527983439 0.565321600 0.704944679 0.722933616 0.596195235 0.631718318 0.622935178 0.619860387 0.570707465 0.643296856 0.637345263 0.580034366 0.597812945 0.610196638 0.621184747 0.622674484 0.681547940 0.620366020 0.629547971 0.606002789 0.605963862 0.631875332 0.635537052 0.645923283 0.631508603 0.576763571 0.646420780 0.646405512 0.632078410 0.624162343 0.634955239 0.664990814 0.660378657 0.625267113 0.623188187 0.618277320 0.612439441 0.604566069 0.619249214 0.549021838 0.600187552 0.847469568 
1     0.623246117 0.430762393 0.258746652 0.000000000 0.094997895 0.096018920 0.193049942 0.194169978 0.495167762 0.567425177 0.606113276 0.739978694 0.758875499 0.633078225 0.667451593 0.659188711 0.655988049 0.607112223 0.680165297 0.674738733 0.616437579 0.636095583 0.647320900 0.657404998 0.658598222 0.718140732 0.655676213 0.665133920 0.638943828 0.638987232 0.670926462 0.673962374 0.685046499 0.669320355 0.616504562 0.685221828 0.685170937 0.672795565 0.663070504 0.675029934 0.705430351 0.699336476 0.664684582 0.663981671 0.659550824 0.653812061 0.646189018 0.654505252 0.587309682 0.637607148 0.885300249 
3     0.621814699 0.427258462 0.258098963 0.094997895 0.000000000 0.090306089 0.191438670 0.192610857 0.493830984 0.566828273 0.605550734 0.739171913 0.758275939 0.632109020 0.666348318 0.658056317 0.654905047 0.606543359 0.679545323 0.674751917 0.615660640 0.635813413 0.646826424 0.657072653 0.658023238 0.717887753 0.656332752 0.665844839 0.639147922 0.639191325 0.670256696 0.673426013 0.684399036 0.668664112 0.616122489 0.684553448 0.684502557 0.672541176 0.662834025 0.674768976 0.704312664 0.698151814 0.664022845 0.662946467 0.659434748 0.652999982 0.645376940 0.654347629 0.587001217 0.637021019 0.884302790 
8     0.625711833 0.431149907 0.262270564 0.096018920 0.090306089 0.000000000 0.196156339 0.197335046 0.497547622 0.570334358 0.608918169 0.742757599 0.761774954 0.634812187 0.669818420 0.660512892 0.657266395 0.609646024 0.682445088 0.677542112 0.618901160 0.638945048 0.650071245 0.660181895 0.661268058 0.720931249 0.659204101 0.668668641 0.642295063 0.642338466 0.673682547 0.676824043 0.687797066 0.672036739 0.619643935 0.687880159 0.687829268 0.675611443 0.665904292 0.677839243 0.708022625 0.702061622 0.667402414 0.666928993 0.662992383 0.656557618 0.648934575 0.657767676 0.590362739 0.640371572 0.885767917 
5     0.599688606 0.410227316 0.237006859 0.193049942 0.191438670 0.196156339 0.000000000 0.061156509 0.475336142 0.546944695 0.582758977 0.718009532 0.738049694 0.611960204 0.645794141 0.638413103 0.635105703 0.583852899 0.656800214 0.650430928 0.594721536 0.614620699 0.624874748 0.634533185 0.636561972 0.695654186 0.636170790 0.644985034 0.619618417 0.619626100 0.649915382 0.652381477 0.663886714 0.648109266 0.595638940 0.666260127 0.666205369 0.649817840 0.639283323 0.651578870 0.682085188 0.675850974 0.643624563 0.641717936 0.637382329 0.631868760 0.624344657 0.632248197 0.564959042 0.613096158 0.859527407 
9     0.600394928 0.411781104 0.240198501 0.194169978 0.192610857 0.197335046 0.061156509 0.000000000 0.475557548 0.547931621 0.585399291 0.720308951 0.740349113 0.614259623 0.648093560 0.640712522 0.637464905 0.586194878 0.659084955 0.652730347 0.596690061 0.616690763 0.627141762 0.636800198 0.638870171 0.697921199 0.637841258 0.646371715 0.621500161 0.621507845 0.652707660 0.654641863 0.666116084 0.650081201 0.598075020 0.667017553 0.666962795 0.652546817 0.642012300 0.654417232 0.684768785 0.678586916 0.645765300 0.644299660 0.640042542 0.634511479 0.626987376 0.636157289 0.568047548 0.615997443 0.861625601 
11     0.627765838 0.456391896 0.450986582 0.495167762 0.493830984 0.497547622 0.475336142 0.475557548 0.000000000 0.566878856 0.607337647 0.746488230 0.763111655 0.636656958 0.674066588 0.664101864 0.661865882 0.610458217 0.683877177 0.679290479 0.621763454 0.639862934 0.650580891 0.661319903 0.663102208 0.724376372 0.657971908 0.666979675 0.645427099 0.645891044 0.670696135 0.674395606 0.686496340 0.669516330 0.616891449 0.687331997 0.687281107 0.668832588 0.660816070 0.671839065 0.701995146 0.696451499 0.665252424 0.663926529 0.660520958 0.655581715 0.647352675 0.659578168 0.593660370 0.639893168 0.884216551 
2     0.625704141 0.534139338 0.527983439 0.567425177 0.566828273 0.570334358 0.546944695 0.547931621 0.566878856 0.000000000 0.190492413 0.677217688 0.696194252 0.569919347 0.605329096 0.595611094 0.593719592 0.544134602 0.616527212 0.608096144 0.555561725 0.571450801 0.580766721 0.589370531 0.592156835 0.657846554 0.594196168 0.602516478 0.578393330 0.578883146 0.610088291 0.611766727 0.621917633 0.606569947 0.556071622 0.622683882 0.622667463 0.612404237 0.600691391 0.611335645 0.642459516 0.637321600 0.603949314 0.602447772 0.599889573 0.592942180 0.584762214 0.593093529 0.527702666 0.575060923 0.831666551 
6     0.668112459 0.573658583 0.565321600 0.606113276 0.605550734 0.608918169 0.582758977 0.585399291 0.607337647 0.190492413 0.000000000 0.717482040 0.736063576 0.612115685 0.647264757 0.636152342 0.634636855 0.587842571 0.660164537 0.652635366 0.598434989 0.613136130 0.623129383 0.630785141 0.633914849 0.698702278 0.635846008 0.643942169 0.619017830 0.619645133 0.651248550 0.654550586 0.664812462 0.648124811 0.597566711 0.664612816 0.664596397 0.654423705 0.641846620 0.652784604 0.684006081 0.678760010 0.645439377 0.643080718 0.640187962 0.633573263 0.625358522 0.637041461 0.571607861 0.617975113 0.875567234 
35     0.805303696 0.707495014 0.704944679 0.739978694 0.739171913 0.742757599 0.718009532 0.720308951 0.746488230 0.677217688 0.717482040 0.000000000 0.281828357 0.419236430 0.450295192 0.442888007 0.440666463 0.480911305 0.558930422 0.552936952 0.488800089 0.559641125 0.566810616 0.571160579 0.579444768 0.638024916 0.583591809 0.591053131 0.561487390 0.560200434 0.664225793 0.665868502 0.677883117 0.662563272 0.611505038 0.680356656 0.680305765 0.662861602 0.649929491 0.660705670 0.693720008 0.691018385 0.652393960 0.650100466 0.650038164 0.643490732 0.634255343 0.656127145 0.589173047 0.633189546 0.949714497 
19     0.824664934 0.727429630 0.722933616 0.758875499 0.758275939 0.761774954 0.738049694 0.740349113 0.763111655 0.696194252 0.736063576 0.281828357 0.000000000 0.435359907 0.467352561 0.459265408 0.457904711 0.498929783 0.577293491 0.572800642 0.511473781 0.580290644 0.590659666 0.594349821 0.603305334 0.659149411 0.603855522 0.612022508 0.581600816 0.580444145 0.682150222 0.685123538 0.695807477 0.680925317 0.629585691 0.700378013 0.700327122 0.683948983 0.672040543 0.682513065 0.715050414 0.712439418 0.672417221 0.671029957 0.670978319 0.663375589 0.654904103 0.676734571 0.606132232 0.655303829 0.968245783 
20     0.696237508 0.602847807 0.596195235 0.633078225 0.632109020 0.634812187 0.611960204 0.614259623 0.636656958 0.569919347 0.612115685 0.419236430 0.435359907 0.000000000 0.198176423 0.259994026 0.258424626 0.370262952 0.446337247 0.440940404 0.378655629 0.449627964 0.461033446 0.464009413 0.472111875 0.530157068 0.472900079 0.480607221 0.454575054 0.454326582 0.553104698 0.556132881 0.568765657 0.551850947 0.502423504 0.572476442 0.572402974 0.553990353 0.542556752 0.552969015 0.587545112 0.582080735 0.543863216 0.542346023 0.541894202 0.535135812 0.525798946 0.543406712 0.475428541 0.526671863 0.836522287 
12     0.732048821 0.637667235 0.631718318 0.667451593 0.666348318 0.669818420 0.645794141 0.648093560 0.674066588 0.605329096 0.647264757 0.450295192 0.467352561 0.198176423 0.000000000 0.293120555 0.291413263 0.403450253 0.479362871 0.477523759 0.411763589 0.483626121 0.490707538 0.495116018 0.504169836 0.564301477 0.505912428 0.513220245 0.486677110 0.486729988 0.587564804 0.590006923 0.603574742 0.586347783 0.534915154 0.605752041 0.605701150 0.588931016 0.576752883 0.587697182 0.621218001 0.616719610 0.577597952 0.576842896 0.576687803 0.570911777 0.562038009 0.576419550 0.509281889 0.557766002 0.874308457 
38     0.723516160 0.629144359 0.622935178 0.659188711 0.658056317 0.660512892 0.638413103 0.640712522 0.664101864 0.595611094 0.636152342 0.442888007 0.459265408 0.259994026 0.293120555 0.000000000 0.085484356 0.397997692 0.473882717 0.472097573 0.406854501 0.480400525 0.492106489 0.496771106 0.503828029 0.560878549 0.505167121 0.511372006 0.485165976 0.483933904 0.582852030 0.584748390 0.597089269 0.581554256 0.530772884 0.601020158 0.600969268 0.583628717 0.572149922 0.582411028 0.616024316 0.610631556 0.573056623 0.569673332 0.569364843 0.562876686 0.553923215 0.572936351 0.507310760 0.554339486 0.863713962 
31     0.720113478 0.627507934 0.619860387 0.655988049 0.654905047 0.657266395 0.635105703 0.637464905 0.661865882 0.593719592 0.634636855 0.440666463 0.457904711 0.258424626 0.291413263 0.085484356 0.000000000 0.395733925 0.471997021 0.468784407 0.404756313 0.477712780 0.489020630 0.494017625 0.501074548 0.558520228 0.503102237 0.509306216 0.482594622 0.481447407 0.581936588 0.584277868 0.596625188 0.580422953 0.529002925 0.599037591 0.598986700 0.582803813 0.571699297 0.581988338 0.614794067 0.609602049 0.571428775 0.568663761 0.568120922 0.561817182 0.552872406 0.571221638 0.506133796 0.552282313 0.861751239 
28     0.671398782 0.578215941 0.570707465 0.607112223 0.606543359 0.609646024 0.583852899 0.586194878 0.610458217 0.544134602 0.587842571 0.480911305 0.498929783 0.370262952 0.403450253 0.397997692 0.395733925 0.000000000 0.344275582 0.397377597 0.338013233 0.422042554 0.433491258 0.437958675 0.444088178 0.505153515 0.450713178 0.458172606 0.426796767 0.426518220 0.521745711 0.525662990 0.537772513 0.521125499 0.472897039 0.543304088 0.543214337 0.525156128 0.512830456 0.523711905 0.554756064 0.553854693 0.513447613 0.511261495 0.509554214 0.503121584 0.494118224 0.519695299 0.452405964 0.498452852 0.816733166 
32     0.741179872 0.651909919 0.643296856 0.680165297 0.679545323 0.682445088 0.656800214 0.659084955 0.683877177 0.616527212 0.660164537 0.558930422 0.577293491 0.446337247 0.479362871 0.473882717 0.471997021 0.344275582 0.000000000 0.474278307 0.413175222 0.498343471 0.509330025 0.513473944 0.520871197 0.581643028 0.523870856 0.530950247 0.499726075 0.498545749 0.601516934 0.602730242 0.614953149 0.597379047 0.550788854 0.620887528 0.620836637 0.601496609 0.590100411 0.600187081 0.631462009 0.631028554 0.591687357 0.588771088 0.588863352 0.579815159 0.571724869 0.587787211 0.520227568 0.568054910 0.883665404 
21     0.742255232 0.645580838 0.637345263 0.674738733 0.674751917 0.677542112 0.650430928 0.652730347 0.679290479 0.608096144 0.652635366 0.552936952 0.572800642 0.440940404 0.477523759 0.472097573 0.468784407 0.397377597 0.474278307 0.000000000 0.322249851 0.491800849 0.502464191 0.506959565 0.514813509 0.573868375 0.519233513 0.527003463 0.496698182 0.496254839 0.593013549 0.596549582 0.609452083 0.590017464 0.541976605 0.613680707 0.613640826 0.595001366 0.582898796 0.593478773 0.625314725 0.621860922 0.580341864 0.575930260 0.573775783 0.566483444 0.557395729 0.584865296 0.520110684 0.565971200 0.875424687 
44     0.683391084 0.588523091 0.580034366 0.616437579 0.615660640 0.618901160 0.594721536 0.596690061 0.621763454 0.555561725 0.598434989 0.488800089 0.511473781 0.378655629 0.411763589 0.406854501 0.404756313 0.338013233 0.413175222 0.322249851 0.000000000 0.431611570 0.443156921 0.446857821 0.454001858 0.513711326 0.459457751 0.467019711 0.434705262 0.434514789 0.539532441 0.544243163 0.555135000 0.539132622 0.487948838 0.559052203 0.559001312 0.540813803 0.527982295 0.539302848 0.569816198 0.566671681 0.525886684 0.522180964 0.520786898 0.512916302 0.506101964 0.529760231 0.463707772 0.511295740 0.824797756 
42     0.705410900 0.609912599 0.597812945 0.636095583 0.635813413 0.638945048 0.614620699 0.616690763 0.639862934 0.571450801 0.613136130 0.559641125 0.580290644 0.449627964 0.483626121 0.480400525 0.477712780 0.422042554 0.498343471 0.491800849 0.431611570 0.000000000 0.369609674 0.374205812 0.381080845 0.438190400 0.431838400 0.439129632 0.409998326 0.410487025 0.553675709 0.557084216 0.569465168 0.551492254 0.502604982 0.572048320 0.572004534 0.556060915 0.544067282 0.553779168 0.585627339 0.582111387 0.545893227 0.539510898 0.538665807 0.533276788 0.525331398 0.546642676 0.486113570 0.531179137 0.840457708 
40     0.711739076 0.619874740 0.610196638 0.647320900 0.646826424 0.650071245 0.624874748 0.627141762 0.650580891 0.580766721 0.623129383 0.566810616 0.590659666 0.461033446 0.490707538 0.492106489 0.489020630 0.433491258 0.509330025 0.502464191 0.443156921 0.369609674 0.000000000 0.231407275 0.236353296 0.440057776 0.441401529 0.448666186 0.418744712 0.419370400 0.568430794 0.571526673 0.583419930 0.566226177 0.516129925 0.584192945 0.584134509 0.569760586 0.556481005 0.567384232 0.600133926 0.595886190 0.556910603 0.556560631 0.555102656 0.548114151 0.540442984 0.560432325 0.494677972 0.540576761 0.856913689 
27     0.726374770 0.631920489 0.621184747 0.657404998 0.657072653 0.660181895 0.634533185 0.636800198 0.661319903 0.589370531 0.630785141 0.571160579 0.594349821 0.464009413 0.495116018 0.496771106 0.494017625 0.437958675 0.513473944 0.506959565 0.446857821 0.374205812 0.231407275 0.000000000 0.174760506 0.449131995 0.446365227 0.453972643 0.424623464 0.425272614 0.575246659 0.579786407 0.592176661 0.574188673 0.524377128 0.593182105 0.593167524 0.579773337 0.566461410 0.577578530 0.610121095 0.604943039 0.564912134 0.562830905 0.561828513 0.554433750 0.547251611 0.565218025 0.500879753 0.548034228 0.864397467 
37     0.728955259 0.632899781 0.622674484 0.658598222 0.658023238 0.661268058 0.636561972 0.638870171 0.663102208 0.592156835 0.633914849 0.579444768 0.603305334 0.472111875 0.504169836 0.503828029 0.501074548 0.444088178 0.520871197 0.514813509 0.454001858 0.381080845 0.236353296 0.174760506 0.000000000 0.454897967 0.451909632 0.459933401 0.430957219 0.431606264 0.579144601 0.582635043 0.594809520 0.577487752 0.528618103 0.597159376 0.597108485 0.582830817 0.568869786 0.579834279 0.612718342 0.606843402 0.568721353 0.566795192 0.565409370 0.557557781 0.550498094 0.569362906 0.504315191 0.552516178 0.867823794 
26     0.785677520 0.689796125 0.681547940 0.718140732 0.717887753 0.720931249 0.695654186 0.697921199 0.724376372 0.657846554 0.698702278 0.638024916 0.659149411 0.530157068 0.564301477 0.560878549 0.558520228 0.505153515 0.581643028 0.573868375 0.513711326 0.438190400 0.440057776 0.449131995 0.454897967 0.000000000 0.514134491 0.521100245 0.491192298 0.492128441 0.633663727 0.636662817 0.648579856 0.629561907 0.580009653 0.649500224 0.649409245 0.639521527 0.627759406 0.637724339 0.668876030 0.665303010 0.627853442 0.626802492 0.624291437 0.618752736 0.610983883 0.632913712 0.567519550 0.605209757 0.917165365 
33     0.727891604 0.631285229 0.620366020 0.655676213 0.656332752 0.659204101 0.636170790 0.637841258 0.657971908 0.594196168 0.635846008 0.583591809 0.603855522 0.472900079 0.505912428 0.505167121 0.503102237 0.450713178 0.523870856 0.519233513 0.459457751 0.431838400 0.441401529 0.446365227 0.451909632 0.514134491 0.000000000 0.132974436 0.283493097 0.286756484 0.582922605 0.586470135 0.598608688 0.581440860 0.530664221 0.600026804 0.599948528 0.585314976 0.572742248 0.583350992 0.614839448 0.611561580 0.570379781 0.567512511 0.566500797 0.559867052 0.552218346 0.574867018 0.509180625 0.555409092 0.869604191 
25     0.735995176 0.640185121 0.629547971 0.665133920 0.665844839 0.668668641 0.644985034 0.646371715 0.666979675 0.602516478 0.643942169 0.591053131 0.612022508 0.480607221 0.513220245 0.511372006 0.509306216 0.458172606 0.530950247 0.527003463 0.467019711 0.439129632 0.448666186 0.453972643 0.459933401 0.521100245 0.132974436 0.000000000 0.288986919 0.292383997 0.588741229 0.593738569 0.604455103 0.587104845 0.536296366 0.607496164 0.607417889 0.589198895 0.576263306 0.586896200 0.620107855 0.615224164 0.578197163 0.575035450 0.574227417 0.567827644 0.559971248 0.583117249 0.516143591 0.562473633 0.875780294 
15     0.708212449 0.616450074 0.606002789 0.638943828 0.639147922 0.642295063 0.619618417 0.621500161 0.645427099 0.578393330 0.619017830 0.561487390 0.581600816 0.454575054 0.486677110 0.485165976 0.482594622 0.426796767 0.499726075 0.496698182 0.434705262 0.409998326 0.418744712 0.424623464 0.430957219 0.491192298 0.283493097 0.288986919 0.000000000 0.070727590 0.564494953 0.567515430 0.578897136 0.561705124 0.511823395 0.580094355 0.580043464 0.567389136 0.555762001 0.564982139 0.595779416 0.592384596 0.548655394 0.548801165 0.546359790 0.540860788 0.533064842 0.555333517 0.488906818 0.533036782 0.846473455 
50     0.708839131 0.617085037 0.605963862 0.638987232 0.639191325 0.642338466 0.619626100 0.621507845 0.645891044 0.578883146 0.619645133 0.560200434 0.580444145 0.454326582 0.486729988 0.483933904 0.481447407 0.426518220 0.498545749 0.496254839 0.434514789 0.410487025 0.419370400 0.425272614 0.431606264 0.492128441 0.286756484 0.292383997 0.070727590 0.000000000 0.564443926 0.568112851 0.579630946 0.562375228 0.512489870 0.580862284 0.580811393 0.568969691 0.557312813 0.566245282 0.597543908 0.593256980 0.548905969 0.549081738 0.546673410 0.541094321 0.533332607 0.555833942 0.489265338 0.533479170 0.846871562 
46     0.735791356 0.638038210 0.631875332 0.670926462 0.670256696 0.673682547 0.649915382 0.652707660 0.670696135 0.610088291 0.651248550 0.664225793 0.682150222 0.553104698 0.587564804 0.582852030 0.581936588 0.521745711 0.601516934 0.593013549 0.539532441 0.553675709 0.568430794 0.575246659 0.579144601 0.633663727 0.582922605 0.588741229 0.564494953 0.564443926 0.000000000 0.169818667 0.181190841 0.165376527 0.278798564 0.424585093 0.425477394 0.491630914 0.480479836 0.486888991 0.519847510 0.517477084 0.521600859 0.521837674 0.517582873 0.509857403 0.502693331 0.583392916 0.518243913 0.562501011 0.864438104 
47     0.738477718 0.641474542 0.635537052 0.673962374 0.673426013 0.676824043 0.652381477 0.654641863 0.674395606 0.611766727 0.654550586 0.665868502 0.685123538 0.556132881 0.590006923 0.584748390 0.584277868 0.525662990 0.602730242 0.596549582 0.544243163 0.557084216 0.571526673 0.579786407 0.582635043 0.636662817 0.586470135 0.593738569 0.567515430 0.568112851 0.169818667 0.000000000 0.136483388 0.148831049 0.279163934 0.425913454 0.426726283 0.492052239 0.481581152 0.489347440 0.521445178 0.520112954 0.521318054 0.523947109 0.519764959 0.512434144 0.505704882 0.589418382 0.523945381 0.566399414 0.866969113 
36     0.750588565 0.653468905 0.645923283 0.685046499 0.684399036 0.687797066 0.663886714 0.666116084 0.686496340 0.621917633 0.664812462 0.677883117 0.695807477 0.568765657 0.603574742 0.597089269 0.596625188 0.537772513 0.614953149 0.609452083 0.555135000 0.569465168 0.583419930 0.592176661 0.594809520 0.648579856 0.598608688 0.604455103 0.578897136 0.579630946 0.181190841 0.136483388 0.000000000 0.162070841 0.294853093 0.440662331 0.441398925 0.504944511 0.494562868 0.502439394 0.533944890 0.531815184 0.535185445 0.537061043 0.533360804 0.525804180 0.519050973 0.601404629 0.535558698 0.578513604 0.878922433 
23     0.733706311 0.636464136 0.631508603 0.669320355 0.668664112 0.672036739 0.648109266 0.650081201 0.669516330 0.606569947 0.648124811 0.662563272 0.680925317 0.551850947 0.586347783 0.581554256 0.580422953 0.521125499 0.597379047 0.590017464 0.539132622 0.551492254 0.566226177 0.574188673 0.577487752 0.629561907 0.581440860 0.587104845 0.561705124 0.562375228 0.165376527 0.148831049 0.162070841 0.000000000 0.274311801 0.422408466 0.423292253 0.488846891 0.478577391 0.486229326 0.516937607 0.515517407 0.518806106 0.521173886 0.516199095 0.509560829 0.502386652 0.586899978 0.520429179 0.561175087 0.862675724 
16     0.683432710 0.586284529 0.576763571 0.616504562 0.616122489 0.619643935 0.595638940 0.598075020 0.616891449 0.556071622 0.597566711 0.611505038 0.629585691 0.502423504 0.534915154 0.530772884 0.529002925 0.472897039 0.550788854 0.541976605 0.487948838 0.502604982 0.516129925 0.524377128 0.528618103 0.580009653 0.530664221 0.536296366 0.511823395 0.512489870 0.278798564 0.279163934 0.294853093 0.274311801 0.000000000 0.368016101 0.368374819 0.437029440 0.424631408 0.433905310 0.465355150 0.461062797 0.467348645 0.470097705 0.464350171 0.456769843 0.449918521 0.531081224 0.468846118 0.511662770 0.809961055 
24     0.751475796 0.655077232 0.646420780 0.685221828 0.684553448 0.687880159 0.666260127 0.667017553 0.687331997 0.622683882 0.664612816 0.680356656 0.700378013 0.572476442 0.605752041 0.601020158 0.599037591 0.543304088 0.620887528 0.613680707 0.559052203 0.572048320 0.584192945 0.593182105 0.597159376 0.649500224 0.600026804 0.607496164 0.580094355 0.580862284 0.424585093 0.425913454 0.440662331 0.422408466 0.368016101 0.000000000 0.069637785 0.502970679 0.493129281 0.500672681 0.533004723 0.531325964 0.537400468 0.537582750 0.536655588 0.527835375 0.520871559 0.603366278 0.536722773 0.580948539 0.881525508 
30     0.751424906 0.655026342 0.646405512 0.685170937 0.684502557 0.687829268 0.666205369 0.666962795 0.687281107 0.622667463 0.664596397 0.680305765 0.700327122 0.572402974 0.605701150 0.600969268 0.598986700 0.543214337 0.620836637 0.613640826 0.559001312 0.572004534 0.584134509 0.593167524 0.597108485 0.649409245 0.599948528 0.607417889 0.580043464 0.580811393 0.425477394 0.426726283 0.441398925 0.423292253 0.368374819 0.069637785 0.000000000 0.503051555 0.493210156 0.500718296 0.533085598 0.531333915 0.537229124 0.537431035 0.536503872 0.527665347 0.520530488 0.603310931 0.536671882 0.580674584 0.881509089 
34     0.739580570 0.640780593 0.632078410 0.672795565 0.672541176 0.675611443 0.649817840 0.652546817 0.668832588 0.612404237 0.654423705 0.662861602 0.683948983 0.553990353 0.588931016 0.583628717 0.582803813 0.525156128 0.601496609 0.595001366 0.540813803 0.556060915 0.569760586 0.579773337 0.582830817 0.639521527 0.585314976 0.589198895 0.567389136 0.568969691 0.491630914 0.492052239 0.504944511 0.488846891 0.437029440 0.502970679 0.503051555 0.000000000 0.129687484 0.146926161 0.334833874 0.340827021 0.519302762 0.520551004 0.517042947 0.508637786 0.502727165 0.587478366 0.520294957 0.572830933 0.871140135 
39     0.730441075 0.632160291 0.624162343 0.663070504 0.662834025 0.665904292 0.639283323 0.642012300 0.660816070 0.600691391 0.641846620 0.649929491 0.672040543 0.542556752 0.576752883 0.572149922 0.571699297 0.512830456 0.590100411 0.582898796 0.527982295 0.544067282 0.556481005 0.566461410 0.568869786 0.627759406 0.572742248 0.576263306 0.555762001 0.557312813 0.480479836 0.481581152 0.494562868 0.478577391 0.424631408 0.493129281 0.493210156 0.129687484 0.000000000 0.134152756 0.322721222 0.329974760 0.510249651 0.510675209 0.508023810 0.498097869 0.492275301 0.575758354 0.508242611 0.560109006 0.862128527 
48     0.741146476 0.642949939 0.634955239 0.675029934 0.674768976 0.677839243 0.651578870 0.654417232 0.671839065 0.611335645 0.652784604 0.660705670 0.682513065 0.552969015 0.587697182 0.582411028 0.581988338 0.523711905 0.600187081 0.593478773 0.539302848 0.553779168 0.567384232 0.577578530 0.579834279 0.637724339 0.583350992 0.586896200 0.564982139 0.566245282 0.486888991 0.489347440 0.502439394 0.486229326 0.433905310 0.500672681 0.500718296 0.146926161 0.134152756 0.000000000 0.331089391 0.338559725 0.518871017 0.519692711 0.517498270 0.507547241 0.500652961 0.585066179 0.517441327 0.570648962 0.872157205 
17     0.771853915 0.671533465 0.664990814 0.705430351 0.704312664 0.708022625 0.682085188 0.684768785 0.701995146 0.642459516 0.684006081 0.693720008 0.715050414 0.587545112 0.621218001 0.616024316 0.614794067 0.554756064 0.631462009 0.625314725 0.569816198 0.585627339 0.600133926 0.610121095 0.612718342 0.668876030 0.614839448 0.620107855 0.595779416 0.597543908 0.519847510 0.521445178 0.533944890 0.516937607 0.465355150 0.533004723 0.533085598 0.334833874 0.322721222 0.331089391 0.000000000 0.371854324 0.548037976 0.546330719 0.544144748 0.534151902 0.528286908 0.614874063 0.549393560 0.599114441 0.901896032 
29     0.764791861 0.666928600 0.660378657 0.699336476 0.698151814 0.702061622 0.675850974 0.678586916 0.696451499 0.637321600 0.678760010 0.691018385 0.712439418 0.582080735 0.616719610 0.610631556 0.609602049 0.553854693 0.631028554 0.621860922 0.566671681 0.582111387 0.595886190 0.604943039 0.606843402 0.665303010 0.611561580 0.615224164 0.592384596 0.593256980 0.517477084 0.520112954 0.531815184 0.515517407 0.461062797 0.531325964 0.531333915 0.340827021 0.329974760 0.338559725 0.371854324 0.000000000 0.548839253 0.548958440 0.544778633 0.535874262 0.530231718 0.615412174 0.549162459 0.600105443 0.895286800 
45     0.730940121 0.634568693 0.625267113 0.664684582 0.664022845 0.667402414 0.643624563 0.645765300 0.665252424 0.603949314 0.645439377 0.652393960 0.672417221 0.543863216 0.577597952 0.573056623 0.571428775 0.513447613 0.591687357 0.580341864 0.525886684 0.545893227 0.556910603 0.564912134 0.568721353 0.627853442 0.570379781 0.578197163 0.548655394 0.548905969 0.521600859 0.521318054 0.535185445 0.518806106 0.467348645 0.537400468 0.537229124 0.519302762 0.510249651 0.518871017 0.548037976 0.548839253 0.000000000 0.354112312 0.349714512 0.342440687 0.331592856 0.576506288 0.509287113 0.558813946 0.861272610 
22     0.726713599 0.630913463 0.623188187 0.663981671 0.662946467 0.666928993 0.641717936 0.644299660 0.663926529 0.602447772 0.643080718 0.650100466 0.671029957 0.542346023 0.576842896 0.569673332 0.568663761 0.511261495 0.588771088 0.575930260 0.522180964 0.539510898 0.556560631 0.562830905 0.566795192 0.626802492 0.567512511 0.575035450 0.548801165 0.549081738 0.521837674 0.523947109 0.537061043 0.521173886 0.470097705 0.537582750 0.537431035 0.520551004 0.510675209 0.519692711 0.546330719 0.548958440 0.354112312 0.000000000 0.222119547 0.212272566 0.202790514 0.569575741 0.502483371 0.557063857 0.861621822 
13     0.724477384 0.628475999 0.618277320 0.659550824 0.659434748 0.662992383 0.637382329 0.640042542 0.660520958 0.599889573 0.640187962 0.650038164 0.670978319 0.541894202 0.576687803 0.569364843 0.568120922 0.509554214 0.588863352 0.573775783 0.520786898 0.538665807 0.555102656 0.561828513 0.565409370 0.624291437 0.566500797 0.574227417 0.546359790 0.546673410 0.517582873 0.519764959 0.533360804 0.516199095 0.464350171 0.536655588 0.536503872 0.517042947 0.508023810 0.517498270 0.544144748 0.544778633 0.349714512 0.222119547 0.000000000 0.175745186 0.166968069 0.569897330 0.500371255 0.555616873 0.856407470 
43     0.718806577 0.623394702 0.612439441 0.653812061 0.652999982 0.656557618 0.631868760 0.634511479 0.655581715 0.592942180 0.633573263 0.643490732 0.663375589 0.535135812 0.570911777 0.562876686 0.561817182 0.503121584 0.579815159 0.566483444 0.512916302 0.533276788 0.548114151 0.554433750 0.557557781 0.618752736 0.559867052 0.567827644 0.540860788 0.541094321 0.509857403 0.512434144 0.525804180 0.509560829 0.456769843 0.527835375 0.527665347 0.508637786 0.498097869 0.507547241 0.534151902 0.535874262 0.342440687 0.212272566 0.175745186 0.000000000 0.093322242 0.560611687 0.491994381 0.547085917 0.851045304 
49     0.709997495 0.615052913 0.604566069 0.646189018 0.645376940 0.648934575 0.624344657 0.626987376 0.647352675 0.584762214 0.625358522 0.634255343 0.654904103 0.525798946 0.562038009 0.553923215 0.552872406 0.494118224 0.571724869 0.557395729 0.506101964 0.525331398 0.540442984 0.547251611 0.550498094 0.610983883 0.552218346 0.559971248 0.533064842 0.533332607 0.502693331 0.505704882 0.519050973 0.502386652 0.449918521 0.520871559 0.520530488 0.502727165 0.492275301 0.500652961 0.528286908 0.530231718 0.331592856 0.202790514 0.166968069 0.093322242 0.000000000 0.550844315 0.482699380 0.537719993 0.842805013 
14     0.721431519 0.625568848 0.619249214 0.654505252 0.654347629 0.657767676 0.632248197 0.636157289 0.659578168 0.593093529 0.637041461 0.656127145 0.676734571 0.543406712 0.576419550 0.572936351 0.571221638 0.519695299 0.587787211 0.584865296 0.529760231 0.546642676 0.560432325 0.565218025 0.569362906 0.632913712 0.574867018 0.583117249 0.555333517 0.555833942 0.583392916 0.589418382 0.601404629 0.586899978 0.531081224 0.603366278 0.603310931 0.587478366 0.575758354 0.585066179 0.614874063 0.615412174 0.576506288 0.569575741 0.569897330 0.560611687 0.550844315 0.000000000 0.324954843 0.484085696 0.859471591 
41     0.648032151 0.557874264 0.549021838 0.587309682 0.587001217 0.590362739 0.564959042 0.568047548 0.593660370 0.527702666 0.571607861 0.589173047 0.606132232 0.475428541 0.509281889 0.507310760 0.506133796 0.452405964 0.520227568 0.520110684 0.463707772 0.486113570 0.494677972 0.500879753 0.504315191 0.567519550 0.509180625 0.516143591 0.488906818 0.489265338 0.518243913 0.523945381 0.535558698 0.520429179 0.468846118 0.536722773 0.536671882 0.520294957 0.508242611 0.517441327 0.549393560 0.549162459 0.509287113 0.502483371 0.500371255 0.491994381 0.482699380 0.324954843 0.000000000 0.424312569 0.790576586 
18     0.703008208 0.607663990 0.600187552 0.637607148 0.637021019 0.640371572 0.613096158 0.615997443 0.639893168 0.575060923 0.617975113 0.633189546 0.655303829 0.526671863 0.557766002 0.554339486 0.552282313 0.498452852 0.568054910 0.565971200 0.511295740 0.531179137 0.540576761 0.548034228 0.552516178 0.605209757 0.555409092 0.562473633 0.533036782 0.533479170 0.562501011 0.566399414 0.578513604 0.561175087 0.511662770 0.580948539 0.580674584 0.572830933 0.560109006 0.570648962 0.599114441 0.600105443 0.558813946 0.557063857 0.555616873 0.547085917 0.537719993 0.484085696 0.424312569 0.000000000 0.845707017 
0     0.932461090 0.843827458 0.847469568 0.885300249 0.884302790 0.885767917 0.859527407 0.861625601 0.884216551 0.831666551 0.875567234 0.949714497 0.968245783 0.836522287 0.874308457 0.863713962 0.861751239 0.816733166 0.883665404 0.875424687 0.824797756 0.840457708 0.856913689 0.864397467 0.867823794 0.917165365 0.869604191 0.875780294 0.846473455 0.846871562 0.864438104 0.866969113 0.878922433 0.862675724 0.809961055 0.881525508 0.881509089 0.871140135 0.862128527 0.872157205 0.901896032 0.895286800 0.861272610 0.861621822 0.856407470 0.851045304 0.842805013 0.859471591 0.790576586 0.845707017 0.000000000 
