51
1     0.000000000 1.172345855 1.261237996 1.186677148 1.284784717 1.283258537 1.385799299 1.374780797 1.369521423 1.366077445 1.352970690 1.359147031 1.360942348 1.352904004 1.275012596 1.274867104 1.283578828 1.242753807 1.264073398 1.281417107 1.277927725 1.183103114 1.137131292 1.205517123 1.175562073 1.214901094 1.212271358 1.123642856 1.135637202 1.072146601 1.199618245 1.292731835 1.098237514 1.267788015 1.261403335 1.309215732 1.174209463 1.190855411 1.225261184 1.205948872 1.200527764 1.198823051 1.224250417 1.156294911 1.158603731 1.162420401 1.149099495 1.112133189 1.171968663 1.154832847 2.536951010 
7     1.172345855 0.000000000 0.945269873 0.870463506 0.969000470 0.967474289 1.071192727 1.060174225 1.054941569 1.051308944 1.038205784 1.044378530 1.046173847 1.037626475 0.959684523 0.959539031 0.968250755 0.927425734 0.948714365 0.966643255 0.963153872 0.923054247 0.876759328 0.945333080 0.915378029 0.954717050 0.952087314 0.863794078 0.875631891 0.812147405 0.939534808 1.033159195 0.838208693 1.007800420 1.001415740 1.049228138 0.914151459 0.930255167 0.964660940 0.945348628 0.939964301 0.938304078 0.963750952 0.896867807 0.899176627 0.902993297 0.889844611 0.852085159 0.911920633 0.894784817 2.302478590 
38     1.261237996 0.945269873 0.000000000 0.226948938 0.461297606 0.459598745 0.643729512 0.633316574 0.626722874 0.622406197 0.609627802 0.615804337 0.617584006 0.618148612 0.538182583 0.537863400 0.546649138 0.505536287 0.786988923 0.805236240 0.801795537 1.013605210 0.966945242 1.035852940 1.005897889 1.045236911 1.042607174 0.955089429 0.966413308 0.902347389 1.029302225 1.123370832 0.927836507 1.098221101 1.091836420 1.139648818 1.004734909 1.022266275 1.056672048 1.037359736 1.031975410 1.030216284 1.055663157 0.988013574 0.990322395 0.994139065 0.980764527 0.943703326 1.003538799 0.986402983 2.393530307 
34     1.186677148 0.870463506 0.226948938 0.000000000 0.388555765 0.386856904 0.567205333 0.556792395 0.550186525 0.545882019 0.533103624 0.539280158 0.541059827 0.541613205 0.461521215 0.461248670 0.469987770 0.428874919 0.712890792 0.731138109 0.727697405 0.939384003 0.892724035 0.961631733 0.931676683 0.971015704 0.968385968 0.880868222 0.892129115 0.828292062 0.955679465 1.049291500 0.853615300 1.023981250 1.017596570 1.065408967 0.930495059 0.947886358 0.982292131 0.962979820 0.957595493 0.955836367 0.981283241 0.913633658 0.915942478 0.919759148 0.906384610 0.869323409 0.929158882 0.912023066 2.318969459 
11     1.284784717 0.969000470 0.461297606 0.388555765 0.000000000 0.095432039 0.674457749 0.663964001 0.656809003 0.653031074 0.639614590 0.645823464 0.647603133 0.643192455 0.561918191 0.561759708 0.570265251 0.529502319 0.813149380 0.831396697 0.827955994 1.037300161 0.990611478 1.059547891 1.029592840 1.068931862 1.066302126 0.978784380 0.990067671 0.926208220 1.053595623 1.147207658 0.951347969 1.121859636 1.115474956 1.163287353 1.028271678 1.045736613 1.080142385 1.060830074 1.055445747 1.053686621 1.079133495 1.011504038 1.013812859 1.017629529 1.004254991 0.967218462 1.027053935 1.009918119 2.417260266 
21     1.283258537 0.967474289 0.459598745 0.386856904 0.095432039 0.000000000 0.672611203 0.662149795 0.654994797 0.651216869 0.637800384 0.643976918 0.645756587 0.641838720 0.560147333 0.559988850 0.568494393 0.527731461 0.811623200 0.829870517 0.826429813 1.035773981 0.989085297 1.058021711 1.028066660 1.067405682 1.064775945 0.977258200 0.988541491 0.924682040 1.052069443 1.145681478 0.949821789 1.120333456 1.113948776 1.161761173 1.026745498 1.044210432 1.078616205 1.059303893 1.053919567 1.052160441 1.077607315 1.009977858 1.012286679 1.016103349 1.002728811 0.965692282 1.025527755 1.008391939 2.415734086 
20     1.385799299 1.071192727 0.643729512 0.567205333 0.674457749 0.672611203 0.000000000 0.254078456 0.450807237 0.447503832 0.434291004 0.441824298 0.441570837 0.733598739 0.647806675 0.648148342 0.657117192 0.616037656 0.914031011 0.932079303 0.928638599 1.139624929 1.092964960 1.161872659 1.131917608 1.171256629 1.168626893 1.081109148 1.092446412 1.028532988 1.155920390 1.249532426 1.053838713 1.224222175 1.217837495 1.265649893 1.130740789 1.148127284 1.182533057 1.163220745 1.157836418 1.156077292 1.181524166 1.113874583 1.116183403 1.120000073 1.106625536 1.069564334 1.129399808 1.112263992 2.519418111 
19     1.374780797 1.060174225 0.633316574 0.556792395 0.663964001 0.662149795 0.254078456 0.000000000 0.438167764 0.434845910 0.421033378 0.429781173 0.428806166 0.722875923 0.636766943 0.637108610 0.646077460 0.604997924 0.903012508 0.921060800 0.917620097 1.128606426 1.081946458 1.150854156 1.120899106 1.160238127 1.157608391 1.070090645 1.081427910 1.017514485 1.144901888 1.238513923 1.042820211 1.213203673 1.206818993 1.254631390 1.119722287 1.137108782 1.171514555 1.152202243 1.146817916 1.145058790 1.170505664 1.102856081 1.105164901 1.108981571 1.095607034 1.058545832 1.118381305 1.101245489 2.508399609 
2     1.369521423 1.054941569 0.626722874 0.550186525 0.656809003 0.654994797 0.450807237 0.438167764 0.000000000 0.275307016 0.260213109 0.265120829 0.268565578 0.715080928 0.629686496 0.630028163 0.638997013 0.597971737 0.898750787 0.916799080 0.913358376 1.123846376 1.077186408 1.146094106 1.116139056 1.155478077 1.152848341 1.065330595 1.076667860 1.012754435 1.140141838 1.233753873 1.038060161 1.208443623 1.202058943 1.249871340 1.114962237 1.132348732 1.166754504 1.147442193 1.142057866 1.140298740 1.165745614 1.098096031 1.100404851 1.104221521 1.090846984 1.053785782 1.113621255 1.096485439 2.503474427 
3     1.366077445 1.051308944 0.622406197 0.545882019 0.653031074 0.651216869 0.447503832 0.434845910 0.275307016 0.000000000 0.221899157 0.235398009 0.236037872 0.711275522 0.626147752 0.626489419 0.635458269 0.594432993 0.895107676 0.913155968 0.909715264 1.119983960 1.073323992 1.142231690 1.112276640 1.151615661 1.148985925 1.061468179 1.072805444 1.008892019 1.136279422 1.229891457 1.034197745 1.204581207 1.198196527 1.246008924 1.111099821 1.128486315 1.162892088 1.143579777 1.138195450 1.136436324 1.161883198 1.094233615 1.096542435 1.100359105 1.086984567 1.049923366 1.109758839 1.092623023 2.499764881 
37     1.352970690 1.038205784 0.609627802 0.533103624 0.639614590 0.637800384 0.434291004 0.421033378 0.260213109 0.221899157 0.000000000 0.131647726 0.135341736 0.698077549 0.613003425 0.613345092 0.622313942 0.581288666 0.882010975 0.900059267 0.896618564 1.106880801 1.060220833 1.129128531 1.099173480 1.138512502 1.135882765 1.048365020 1.059702284 0.995788860 1.123176263 1.216788298 1.021094585 1.191478048 1.185093367 1.232905765 1.097996661 1.115383156 1.149788929 1.130476617 1.125092291 1.123333164 1.148780038 1.081130455 1.083439275 1.087255946 1.073881408 1.036820207 1.096655680 1.079519864 2.486661721 
15     1.359147031 1.044378530 0.615804337 0.539280158 0.645823464 0.643976918 0.441824298 0.429781173 0.265120829 0.235398009 0.131647726 0.000000000 0.129585778 0.704256061 0.619176171 0.619517838 0.628486688 0.587461412 0.888183721 0.906232013 0.902791310 1.113053547 1.066393579 1.135301277 1.105346226 1.144685248 1.142055511 1.054537766 1.065875030 1.001961606 1.129349008 1.222961044 1.027267331 1.197650794 1.191266113 1.239078511 1.104169407 1.121555902 1.155961675 1.136649363 1.131265037 1.129505910 1.154952784 1.087303201 1.089612021 1.093428692 1.080054154 1.042992953 1.102828426 1.085692610 2.492834467 
35     1.360942348 1.046173847 0.617584006 0.541059827 0.647603133 0.645756587 0.441570837 0.428806166 0.268565578 0.236037872 0.135341736 0.129585778 0.000000000 0.706065883 0.620987971 0.621329638 0.630298488 0.589273212 0.889979038 0.908027330 0.904586626 1.114848863 1.068188895 1.137096593 1.107141543 1.146480564 1.143850828 1.056333082 1.067670347 1.003756922 1.131144325 1.224756360 1.029062648 1.199446110 1.193061430 1.240873827 1.105964724 1.123351218 1.157756991 1.138444680 1.133060353 1.131301227 1.156748101 1.089098518 1.091407338 1.095224008 1.081849470 1.044788269 1.104623742 1.087487926 2.494629784 
43     1.352904004 1.037626475 0.618148612 0.541613205 0.643192455 0.641838720 0.733598739 0.722875923 0.715080928 0.711275522 0.698077549 0.704256061 0.706065883 0.000000000 0.479003953 0.479003443 0.487357591 0.446426019 0.880968758 0.899178434 0.895737730 1.105790190 1.059130222 1.128037920 1.098082869 1.137421891 1.134792154 1.047274409 1.058583538 0.994698249 1.122085651 1.215697687 1.020002680 1.190387437 1.184002756 1.231815154 1.096901245 1.113935990 1.148187230 1.129029452 1.123645125 1.121885999 1.147332873 1.079798100 1.082106920 1.085923591 1.072549053 1.035487852 1.095323325 1.078187509 2.485914331 
5     1.275012596 0.959684523 0.538182583 0.461521215 0.561918191 0.560147333 0.647806675 0.636766943 0.629686496 0.626147752 0.613003425 0.619176171 0.620987971 0.479003953 0.000000000 0.130241426 0.197708310 0.184273238 0.803105902 0.821361232 0.817920528 1.028009665 0.981349696 1.050257394 1.020302344 1.059641365 1.057011629 0.969493884 0.980831148 0.916917723 1.044305126 1.137917161 0.942222154 1.112606911 1.106222231 1.154034629 1.019120720 1.036462810 1.070868583 1.051556271 1.046171944 1.044412818 1.069859692 1.002210109 1.004518929 1.008335599 0.994961062 0.957899860 1.017735333 1.000599518 2.407798785 
39     1.274867104 0.959539031 0.537863400 0.461248670 0.561759708 0.559988850 0.648148342 0.637108610 0.630028163 0.626489419 0.613345092 0.619517838 0.621329638 0.479003443 0.130241426 0.000000000 0.196150636 0.184876934 0.802900007 0.821155337 0.817714633 1.027864173 0.981204205 1.050111903 1.020156852 1.059495873 1.056866137 0.969348392 0.980685656 0.916772232 1.044159634 1.137771670 0.942076662 1.112461419 1.106076739 1.153889137 1.018975228 1.036317318 1.070723091 1.051410779 1.046026453 1.044267326 1.069714200 1.002064617 1.004373437 1.008190108 0.994815570 0.957754368 1.017589842 1.000454026 2.407653294 
32     1.283578828 0.968250755 0.546649138 0.469987770 0.570265251 0.568494393 0.657117192 0.646077460 0.638997013 0.635458269 0.622313942 0.628486688 0.630298488 0.487357591 0.197708310 0.196150636 0.000000000 0.196721481 0.811611731 0.829867061 0.826426357 1.036575897 0.989915929 1.058823627 1.028868576 1.068207598 1.065577861 0.978060116 0.989397380 0.925483956 1.052871359 1.146483394 0.950788387 1.121173144 1.114788464 1.162600861 1.027686953 1.045029042 1.079434815 1.060122503 1.054738177 1.052979050 1.078425924 1.010776341 1.013085162 1.016901832 1.003527294 0.966466093 1.026301566 1.009165750 2.416365018 
26     1.242753807 0.927425734 0.505536287 0.428874919 0.529502319 0.527731461 0.616037656 0.604997924 0.597971737 0.594432993 0.581288666 0.587461412 0.589273212 0.446426019 0.184273238 0.184876934 0.196721481 0.000000000 0.770847113 0.789102443 0.785661739 0.995750876 0.949090907 1.017998606 0.988043555 1.027382576 1.024752840 0.937235095 0.948572359 0.884658935 1.012046337 1.105658373 0.909963365 1.080348122 1.073963442 1.121775840 0.986861931 1.004204021 1.038609794 1.019297482 1.013913155 1.012154029 1.037600903 0.969951320 0.972260140 0.976076810 0.962702273 0.925641071 0.985476544 0.968340729 2.375539997 
16     1.264073398 0.948714365 0.786988923 0.712890792 0.813149380 0.811623200 0.914031011 0.903012508 0.898750787 0.895107676 0.882010975 0.888183721 0.889979038 0.880968758 0.803105902 0.802900007 0.811611731 0.770847113 0.000000000 0.286611553 0.284500137 1.018006883 0.971874220 1.040254613 1.010299562 1.049638583 1.047008847 0.959491102 0.971180748 0.906914942 1.034302344 1.127914380 0.932640539 1.102604129 1.096219449 1.144031847 1.009117938 1.026323110 1.060728883 1.041416571 1.036032244 1.034273118 1.059719992 0.992002974 0.994311795 0.998128465 0.984706525 0.947645324 1.007480797 0.990344981 2.397090496 
10     1.281417107 0.966643255 0.805236240 0.731138109 0.831396697 0.829870517 0.932079303 0.921060800 0.916799080 0.913155968 0.900059267 0.906232013 0.908027330 0.899178434 0.821361232 0.821155337 0.829867061 0.789102443 0.286611553 0.000000000 0.143025041 1.035677131 0.989544468 1.057924861 1.027969810 1.067308831 1.064679095 0.977161350 0.988850996 0.924585190 1.051972592 1.145584628 0.950310787 1.120274377 1.113889697 1.161702095 1.026788186 1.043993358 1.078399131 1.059086819 1.053702492 1.051943366 1.077390240 1.009673222 1.011982043 1.015798713 1.002376773 0.965315572 1.025151045 1.008015229 2.414580219 
17     1.277927725 0.963153872 0.801795537 0.727697405 0.827955994 0.826429813 0.928638599 0.917620097 0.913358376 0.909715264 0.896618564 0.902791310 0.904586626 0.895737730 0.817920528 0.817714633 0.826426357 0.785661739 0.284500137 0.143025041 0.000000000 1.032187748 0.986055086 1.054435478 1.024480427 1.063819449 1.061189713 0.973671967 0.985361613 0.921095807 1.048483210 1.142095245 0.946821405 1.116784995 1.110400315 1.158212712 1.023298804 1.040503975 1.074909748 1.055597436 1.050213110 1.048453984 1.073900857 1.006183840 1.008492660 1.012309331 0.998887391 0.961826189 1.021661663 1.004525847 2.411090836 
13     1.183103114 0.923054247 1.013605210 0.939384003 1.037300161 1.035773981 1.139624929 1.128606426 1.123846376 1.119983960 1.106880801 1.113053547 1.114848863 1.105790190 1.028009665 1.027864173 1.036575897 0.995750876 1.018006883 1.035677131 1.032187748 0.000000000 0.447138438 0.516200436 0.488506334 0.525967347 0.523398914 0.491166544 0.507820265 0.442917966 0.570561104 0.664554687 0.471329681 0.708918619 0.702696717 0.749639633 0.615263768 0.762575557 0.796981330 0.777669018 0.771820040 0.770891162 0.796160397 0.726491653 0.728552810 0.732617144 0.719162866 0.680775644 0.740687778 0.723425635 2.308851256 
50     1.137131292 0.876759328 0.966945242 0.892724035 0.990611478 0.989085297 1.092964960 1.081946458 1.077186408 1.073323992 1.060220833 1.066393579 1.068188895 1.059130222 0.981349696 0.981204205 0.989915929 0.949090907 0.971874220 0.989544468 0.986055086 0.447138438 0.000000000 0.393969332 0.362871416 0.400277630 0.395771179 0.445988206 0.461517066 0.397744527 0.525195072 0.619139838 0.425071995 0.663150125 0.656928223 0.704629644 0.570332075 0.717599655 0.752005428 0.732693116 0.726844139 0.725915261 0.751184495 0.681508274 0.683602101 0.687633765 0.673974046 0.635673190 0.695511723 0.678249581 2.262849190 
28     1.205517123 0.945333080 1.035852940 0.961631733 1.059547891 1.058021711 1.161872659 1.150854156 1.146094106 1.142231690 1.129128531 1.135301277 1.137096593 1.128037920 1.050257394 1.050111903 1.058823627 1.017998606 1.040254613 1.057924861 1.054435478 0.516200436 0.393969332 0.000000000 0.371191159 0.401567549 0.399540776 0.513851764 0.529441185 0.464530399 0.592178162 0.685132775 0.493865365 0.731159041 0.724937139 0.772724053 0.638429734 0.785428902 0.819834675 0.800522363 0.794673386 0.793744508 0.819013742 0.749366958 0.750968215 0.755492448 0.741832729 0.703728366 0.763566900 0.746304757 2.331235021 
9     1.175562073 0.915378029 1.005897889 0.931676683 1.029592840 1.028066660 1.131917608 1.120899106 1.116139056 1.112276640 1.099173480 1.105346226 1.107141543 1.098082869 1.020302344 1.020156852 1.028868576 0.988043555 1.010299562 1.027969810 1.024480427 0.488506334 0.362871416 0.371191159 0.000000000 0.242995538 0.237473448 0.483067994 0.497954504 0.433939372 0.561495316 0.655570003 0.461818537 0.701191716 0.694969814 0.742756728 0.608465877 0.755890894 0.790296667 0.770984355 0.765135377 0.764206499 0.789475734 0.719828949 0.720982115 0.725954440 0.712294721 0.673964428 0.733802962 0.716540819 2.301279971 
25     1.214901094 0.954717050 1.045236911 0.971015704 1.068931862 1.067405682 1.171256629 1.160238127 1.155478077 1.151615661 1.138512502 1.144685248 1.146480564 1.137421891 1.059641365 1.059495873 1.068207598 1.027382576 1.049638583 1.067308831 1.063819449 0.525967347 0.400277630 0.401567549 0.242995538 0.000000000 0.103846075 0.523033114 0.537933321 0.473638302 0.601216229 0.695316792 0.501933463 0.740760993 0.734539091 0.782326005 0.648006229 0.795229915 0.829635688 0.810323376 0.804474399 0.803545521 0.828814755 0.759167971 0.760328349 0.765293461 0.751633742 0.713303450 0.773141983 0.755879841 2.340618992 
42     1.212271358 0.952087314 1.042607174 0.968385968 1.066302126 1.064775945 1.168626893 1.157608391 1.152848341 1.148985925 1.135882765 1.142055511 1.143850828 1.134792154 1.057011629 1.056866137 1.065577861 1.024752840 1.047008847 1.064679095 1.061189713 0.523398914 0.395771179 0.399540776 0.237473448 0.103846075 0.000000000 0.520402189 0.535229417 0.470942142 0.598520069 0.692620631 0.499237230 0.738100053 0.731878151 0.779665065 0.645345289 0.792600179 0.827005952 0.807693640 0.801844662 0.800915784 0.826185019 0.756538234 0.757698613 0.762663725 0.749004006 0.710673713 0.770512247 0.753250104 2.337989256 
48     1.123642856 0.863794078 0.955089429 0.880868222 0.978784380 0.977258200 1.081109148 1.070090645 1.065330595 1.061468179 1.048365020 1.054537766 1.056333082 1.047274409 0.969493884 0.969348392 0.978060116 0.937235095 0.959491102 0.977161350 0.973671967 0.491166544 0.445988206 0.513851764 0.483067994 0.523033114 0.520402189 0.000000000 0.447838747 0.383315862 0.510242477 0.603701681 0.411635801 0.653632005 0.647404652 0.695298237 0.560996212 0.705413524 0.739891131 0.720447726 0.714729842 0.713972834 0.739242069 0.669593237 0.671742810 0.675718728 0.662545987 0.624026787 0.683927015 0.666603178 2.249841005 
24     1.135637202 0.875631891 0.966413308 0.892129115 0.990067671 0.988541491 1.092446412 1.081427910 1.076667860 1.072805444 1.059702284 1.065875030 1.067670347 1.058583538 0.980831148 0.980685656 0.989397380 0.948572359 0.971180748 0.988850996 0.985361613 0.507820265 0.461517066 0.529441185 0.497954504 0.537933321 0.535229417 0.447838747 0.000000000 0.346085813 0.473086480 0.567478938 0.370461287 0.663218327 0.657116607 0.704935468 0.570462442 0.716748793 0.751154566 0.731842254 0.725993276 0.725064398 0.750333633 0.680756476 0.682974761 0.686881967 0.673676817 0.635157620 0.694996153 0.677734010 2.261556920 
14     1.072146601 0.812147405 0.902347389 0.828292062 0.926208220 0.924682040 1.028532988 1.017514485 1.012754435 1.008892019 0.995788860 1.001961606 1.003756922 0.994698249 0.916917723 0.916772232 0.925483956 0.884658935 0.906914942 0.924585190 0.921095807 0.442917966 0.397744527 0.464530399 0.433939372 0.473638302 0.470942142 0.383315862 0.346085813 0.000000000 0.287010934 0.413165772 0.283121313 0.596098337 0.589853379 0.637737437 0.503335816 0.652448045 0.686853818 0.667541506 0.661692529 0.660763651 0.686032885 0.616455728 0.618674014 0.622581219 0.609343134 0.570856872 0.630695405 0.613433263 2.197513842 
45     1.199618245 0.939534808 1.029302225 0.955679465 1.053595623 1.052069443 1.155920390 1.144901888 1.140141838 1.136279422 1.123176263 1.129349008 1.131144325 1.122085651 1.044305126 1.044159634 1.052871359 1.012046337 1.034302344 1.051972592 1.048483210 0.570561104 0.525195072 0.592178162 0.561495316 0.601216229 0.598520069 0.510242477 0.473086480 0.287010934 0.000000000 0.544443157 0.411027316 0.723011052 0.716766094 0.764599243 0.630140495 0.780053696 0.814459469 0.795147158 0.789298180 0.788369302 0.813638536 0.744061380 0.746279665 0.750186870 0.736948785 0.698462523 0.758301057 0.741038914 2.324970384 
12     1.292731835 1.033159195 1.123370832 1.049291500 1.147207658 1.145681478 1.249532426 1.238513923 1.233753873 1.229891457 1.216788298 1.222961044 1.224756360 1.215697687 1.137917161 1.137771670 1.146483394 1.105658373 1.127914380 1.145584628 1.142095245 0.664554687 0.619139838 0.685132775 0.655570003 0.695316792 0.692620631 0.603701681 0.567478938 0.413165772 0.544443157 0.000000000 0.504757910 0.817243578 0.810998620 0.858882678 0.724611055 0.873919888 0.908325661 0.889013349 0.883164371 0.882235493 0.907504728 0.837927571 0.840145856 0.844053062 0.830814977 0.792328715 0.852167248 0.834905106 2.418511382 
8     1.098237514 0.838208693 0.927836507 0.853615300 0.951347969 0.949821789 1.053838713 1.042820211 1.038060161 1.034197745 1.021094585 1.027267331 1.029062648 1.020002680 0.942222154 0.942076662 0.950788387 0.909963365 0.932640539 0.950310787 0.946821405 0.471329681 0.425071995 0.493865365 0.461818537 0.501933463 0.499237230 0.411635801 0.370461287 0.283121313 0.411027316 0.504757910 0.000000000 0.623740443 0.617495485 0.665328634 0.531104911 0.678712712 0.713118485 0.693806173 0.687957196 0.687039215 0.712308450 0.642701857 0.644920142 0.648827347 0.635589262 0.597121539 0.656960073 0.639697930 2.223663348 
29     1.267788015 1.007800420 1.098221101 1.023981250 1.121859636 1.120333456 1.224222175 1.213203673 1.208443623 1.204581207 1.191478048 1.197650794 1.199446110 1.190387437 1.112606911 1.112461419 1.121173144 1.080348122 1.102604129 1.120274377 1.116784995 0.708918619 0.663150125 0.731159041 0.701191716 0.740760993 0.738100053 0.653632005 0.663218327 0.596098337 0.723011052 0.817243578 0.623740443 0.000000000 0.185406347 0.356103298 0.576946531 0.849029934 0.883435707 0.864123395 0.858274417 0.856822445 0.882091679 0.812885029 0.815133052 0.819010519 0.805671780 0.767520421 0.827392953 0.810130811 2.393306009 
22     1.261403335 1.001415740 1.091836420 1.017596570 1.115474956 1.113948776 1.217837495 1.206818993 1.202058943 1.198196527 1.185093367 1.191266113 1.193061430 1.184002756 1.106222231 1.106076739 1.114788464 1.073963442 1.096219449 1.113889697 1.110400315 0.702696717 0.656928223 0.724937139 0.694969814 0.734539091 0.731878151 0.647404652 0.657116607 0.589853379 0.716766094 0.810998620 0.617495485 0.185406347 0.000000000 0.349611706 0.570183251 0.842548058 0.876953831 0.857641519 0.851792541 0.850340569 0.875609803 0.806403153 0.808651176 0.812528644 0.799189904 0.761038545 0.820911077 0.803648935 2.386921329 
4     1.309215732 1.049228138 1.139648818 1.065408967 1.163287353 1.161761173 1.265649893 1.254631390 1.249871340 1.246008924 1.232905765 1.239078511 1.240873827 1.231815154 1.154034629 1.153889137 1.162600861 1.121775840 1.144031847 1.161702095 1.158212712 0.749639633 0.704629644 0.772724053 0.742756728 0.782326005 0.779665065 0.695298237 0.704935468 0.637737437 0.764599243 0.858882678 0.665328634 0.356103298 0.349611706 0.000000000 0.619464259 0.889783624 0.924189397 0.904877085 0.899028108 0.897456328 0.922704791 0.854191570 0.856439593 0.860317061 0.847067533 0.808916174 0.868788706 0.851526564 2.434733726 
36     1.174209463 0.914151459 1.004734909 0.930495059 1.028271678 1.026745498 1.130740789 1.119722287 1.114962237 1.111099821 1.097996661 1.104169407 1.105964724 1.096901245 1.019120720 1.018975228 1.027686953 0.986861931 1.009117938 1.026788186 1.023298804 0.615263768 0.570332075 0.638429734 0.608465877 0.648006229 0.645345289 0.560996212 0.570462442 0.503335816 0.630140495 0.724611055 0.531104911 0.576946531 0.570183251 0.619464259 0.000000000 0.754200996 0.788606769 0.769294457 0.763445480 0.761993507 0.787262742 0.717766289 0.720014312 0.723891780 0.710543126 0.672733380 0.732697747 0.715343769 2.299740489 
41     1.190855411 0.930255167 1.022266275 0.947886358 1.045736613 1.044210432 1.148127284 1.137108782 1.132348732 1.128486315 1.115383156 1.121555902 1.123351218 1.113935990 1.036462810 1.036317318 1.045029042 1.004204021 1.026323110 1.043993358 1.040503975 0.762575557 0.717599655 0.785428902 0.755890894 0.795229915 0.792600179 0.705413524 0.716748793 0.652448045 0.780053696 0.873919888 0.678712712 0.849029934 0.842548058 0.889783624 0.754200996 0.000000000 0.183355943 0.163794571 0.220610035 0.384711001 0.410381683 0.536133305 0.538420621 0.542326752 0.529053019 0.509620594 0.568847877 0.552245158 2.317419545 
46     1.225261184 0.964660940 1.056672048 0.982292131 1.080142385 1.078616205 1.182533057 1.171514555 1.166754504 1.162892088 1.149788929 1.155961675 1.157756991 1.148187230 1.070868583 1.070723091 1.079434815 1.038609794 1.060728883 1.078399131 1.074909748 0.796981330 0.752005428 0.819834675 0.790296667 0.829635688 0.827005952 0.739891131 0.751154566 0.686853818 0.814459469 0.908325661 0.713118485 0.883435707 0.876953831 0.924189397 0.788606769 0.183355943 0.000000000 0.190593895 0.256495723 0.419602846 0.445362142 0.570577808 0.572865125 0.576771256 0.563752457 0.543738937 0.602966220 0.586363501 2.351825318 
44     1.205948872 0.945348628 1.037359736 0.962979820 1.060830074 1.059303893 1.163220745 1.152202243 1.147442193 1.143579777 1.130476617 1.136649363 1.138444680 1.129029452 1.051556271 1.051410779 1.060122503 1.019297482 1.041416571 1.059086819 1.055597436 0.777669018 0.732693116 0.800522363 0.770984355 0.810323376 0.807693640 0.720447726 0.731842254 0.667541506 0.795147158 0.889013349 0.693806173 0.864123395 0.857641519 0.904877085 0.769294457 0.163794571 0.190593895 0.000000000 0.236409806 0.400357948 0.426155800 0.551344068 0.553631385 0.557555075 0.544680975 0.524695864 0.583923147 0.567320428 2.332513006 
47     1.200527764 0.939964301 1.031975410 0.957595493 1.055445747 1.053919567 1.157836418 1.146817916 1.142057866 1.138195450 1.125092291 1.131265037 1.133060353 1.123645125 1.046171944 1.046026453 1.054738177 1.013913155 1.036032244 1.053702492 1.050213110 0.771820040 0.726844139 0.794673386 0.765135377 0.804474399 0.801844662 0.714729842 0.725993276 0.661692529 0.789298180 0.883164371 0.687957196 0.858274417 0.851792541 0.899028108 0.763445480 0.220610035 0.256495723 0.236409806 0.000000000 0.391276869 0.415487678 0.546027409 0.548271654 0.552238416 0.537503624 0.519766483 0.578951182 0.562391047 2.326985096 
33     1.198823051 0.938304078 1.030216284 0.955836367 1.053686621 1.052160441 1.156077292 1.145058790 1.140298740 1.136436324 1.123333164 1.129505910 1.131301227 1.121885999 1.044412818 1.044267326 1.052979050 1.012154029 1.034273118 1.051943366 1.048453984 0.770891162 0.725915261 0.793744508 0.764206499 0.803545521 0.800915784 0.713972834 0.725064398 0.660763651 0.788369302 0.882235493 0.687039215 0.856822445 0.850340569 0.897456328 0.761993507 0.384711001 0.419602846 0.400357948 0.391276869 0.000000000 0.249739565 0.544417335 0.546661579 0.550628341 0.535209240 0.519007112 0.578357887 0.561381085 2.325295753 
40     1.224250417 0.963750952 1.055663157 0.981283241 1.079133495 1.077607315 1.181524166 1.170505664 1.165745614 1.161883198 1.148780038 1.154952784 1.156748101 1.147332873 1.069859692 1.069714200 1.078425924 1.037600903 1.059719992 1.077390240 1.073900857 0.796160397 0.751184495 0.819013742 0.789475734 0.828814755 0.826185019 0.739242069 0.750333633 0.686032885 0.813638536 0.907504728 0.712308450 0.882091679 0.875609803 0.922704791 0.787262742 0.410381683 0.445362142 0.426155800 0.415487678 0.249739565 0.000000000 0.568626643 0.570870888 0.574837650 0.558679274 0.544775715 0.604126489 0.587149687 2.350723119 
30     1.156294911 0.896867807 0.988013574 0.913633658 1.011504038 1.009977858 1.113874583 1.102856081 1.098096031 1.094233615 1.081130455 1.087303201 1.089098518 1.079798100 1.002210109 1.002064617 1.010776341 0.969951320 0.992002974 1.009673222 1.006183840 0.726491653 0.681508274 0.749366958 0.719828949 0.759167971 0.756538234 0.669593237 0.680756476 0.616455728 0.744061380 0.837927571 0.642701857 0.812885029 0.806403153 0.854191570 0.717766289 0.536133305 0.570577808 0.551344068 0.546027409 0.544417335 0.568626643 0.000000000 0.154120676 0.208895953 0.445132784 0.473188316 0.533840093 0.515833832 2.282983143 
49     1.158603731 0.899176627 0.990322395 0.915942478 1.013812859 1.012286679 1.116183403 1.105164901 1.100404851 1.096542435 1.083439275 1.089612021 1.091407338 1.082106920 1.004518929 1.004373437 1.013085162 0.972260140 0.994311795 1.011982043 1.008492660 0.728552810 0.683602101 0.750968215 0.720982115 0.760328349 0.757698613 0.671742810 0.682974761 0.618674014 0.746279665 0.840145856 0.644920142 0.815133052 0.808651176 0.856439593 0.720014312 0.538420621 0.572865125 0.553631385 0.548271654 0.546661579 0.570870888 0.154120676 0.000000000 0.213348809 0.447187796 0.475666839 0.536318616 0.518312355 2.285291963 
31     1.162420401 0.902993297 0.994139065 0.919759148 1.017629529 1.016103349 1.120000073 1.108981571 1.104221521 1.100359105 1.087255946 1.093428692 1.095224008 1.085923591 1.008335599 1.008190108 1.016901832 0.976076810 0.998128465 1.015798713 1.012309331 0.732617144 0.687633765 0.755492448 0.725954440 0.765293461 0.762663725 0.675718728 0.686881967 0.622581219 0.750186870 0.844053062 0.648827347 0.819010519 0.812528644 0.860317061 0.723891780 0.542326752 0.576771256 0.557555075 0.552238416 0.550628341 0.574837650 0.208895953 0.213348809 0.000000000 0.451185477 0.479336857 0.539988634 0.521982373 2.289108633 
23     1.149099495 0.889844611 0.980764527 0.906384610 1.004254991 1.002728811 1.106625536 1.095607034 1.090846984 1.086984567 1.073881408 1.080054154 1.081849470 1.072549053 0.994961062 0.994815570 1.003527294 0.962702273 0.984706525 1.002376773 0.998887391 0.719162866 0.673974046 0.741832729 0.712294721 0.751633742 0.749004006 0.662545987 0.673676817 0.609343134 0.736948785 0.830814977 0.635589262 0.805671780 0.799189904 0.847067533 0.710543126 0.529053019 0.563752457 0.544680975 0.537503624 0.535209240 0.558679274 0.445132784 0.447187796 0.451185477 0.000000000 0.465241193 0.526275581 0.508414723 2.275249997 
18     1.112133189 0.852085159 0.943703326 0.869323409 0.967218462 0.965692282 1.069564334 1.058545832 1.053785782 1.049923366 1.036820207 1.042992953 1.044788269 1.035487852 0.957899860 0.957754368 0.966466093 0.925641071 0.947645324 0.965315572 0.961826189 0.680775644 0.635673190 0.703728366 0.673964428 0.713303450 0.710673713 0.624026787 0.635157620 0.570856872 0.698462523 0.792328715 0.597121539 0.767520421 0.761038545 0.808916174 0.672733380 0.509620594 0.543738937 0.524695864 0.519766483 0.519007112 0.544775715 0.473188316 0.475666839 0.479336857 0.465241193 0.000000000 0.288320121 0.269076200 2.238602185 
6     1.171968663 0.911920633 1.003538799 0.929158882 1.027053935 1.025527755 1.129399808 1.118381305 1.113621255 1.109758839 1.096655680 1.102828426 1.104623742 1.095323325 1.017735333 1.017589842 1.026301566 0.985476544 1.007480797 1.025151045 1.021661663 0.740687778 0.695511723 0.763566900 0.733802962 0.773141983 0.770512247 0.683927015 0.694996153 0.630695405 0.758301057 0.852167248 0.656960073 0.827392953 0.820911077 0.868788706 0.732697747 0.568847877 0.602966220 0.583923147 0.578951182 0.578357887 0.604126489 0.533840093 0.536318616 0.539988634 0.526275581 0.288320121 0.000000000 0.269219124 2.298437658 
27     1.154832847 0.894784817 0.986402983 0.912023066 1.009918119 1.008391939 1.112263992 1.101245489 1.096485439 1.092623023 1.079519864 1.085692610 1.087487926 1.078187509 1.000599518 1.000454026 1.009165750 0.968340729 0.990344981 1.008015229 1.004525847 0.723425635 0.678249581 0.746304757 0.716540819 0.755879841 0.753250104 0.666603178 0.677734010 0.613433263 0.741038914 0.834905106 0.639697930 0.810130811 0.803648935 0.851526564 0.715343769 0.552245158 0.586363501 0.567320428 0.562391047 0.561381085 0.587149687 0.515833832 0.518312355 0.521982373 0.508414723 0.269076200 0.269219124 0.000000000 2.281301842 
0     2.536951010 2.302478590 2.393530307 2.318969459 2.417260266 2.415734086 2.519418111 2.508399609 2.503474427 2.499764881 2.486661721 2.492834467 2.494629784 2.485914331 2.407798785 2.407653294 2.416365018 2.375539997 2.397090496 2.414580219 2.411090836 2.308851256 2.262849190 2.331235021 2.301279971 2.340618992 2.337989256 2.249841005 2.261556920 2.197513842 2.324970384 2.418511382 2.223663348 2.393306009 2.386921329 2.434733726 2.299740489 2.317419545 2.351825318 2.332513006 2.326985096 2.325295753 2.350723119 2.282983143 2.285291963 2.289108633 2.275249997 2.238602185 2.298437658 2.281301842 0.000000000 
