51
21     0.000000000 0.000013840 0.002397370 0.002486810 0.001459470 0.004495770 0.008128510 0.002709740 0.002482410 0.002383050 0.006186430 0.013016200 0.010300850 0.009391850 0.011340980 0.008566940 0.006136280 0.004571080 0.006537560 0.006111540 0.005323350 0.006312870 0.006207940 0.004514930 0.007893610 0.016180610 0.020250450 0.020550380 0.014627370 0.020991670 0.011943860 0.011451880 0.014357380 0.011801080 0.023692690 0.014399000 0.014714140 0.015464650 0.016816810 0.009584230 0.005558180 0.008673530 0.009978390 0.015919580 0.016033470 0.017359360 0.015735860 0.022005390 0.020183700 0.026137830 0.023280950 
11     0.000013840 0.000000000 0.000923570 0.001317770 0.000743740 0.003303990 0.006464920 0.007494330 0.006908970 0.006213520 0.007323700 0.005389350 0.006684320 0.010708770 0.011235140 0.007104000 0.007453200 0.005364430 0.005615190 0.006984660 0.006196470 0.007185990 0.006623500 0.005388050 0.006723150 0.016443500 0.016628320 0.007669790 0.012661810 0.014300260 0.008321730 0.005010360 0.009658960 0.005359560 0.016506260 0.012936060 0.004662770 0.003394730 0.015353870 0.008121290 0.005272460 0.007651990 0.008515450 0.014456640 0.014570530 0.015896420 0.014272920 0.020542450 0.018720760 0.024825950 0.015838620 
1     0.002397370 0.000923570 0.000000000 0.000037600 0.000555930 0.000591780 0.005110280 0.005816780 0.002140670 0.004657370 0.005001800 0.006324460 0.009210470 0.009780760 0.009592580 0.007572730 0.014162760 0.005687280 0.004249430 0.008657500 0.007869890 0.008553120 0.005694430 0.007902520 0.004020800 0.017361470 0.013925970 0.008587760 0.009182260 0.015218230 0.005619380 0.006840330 0.008912270 0.006068020 0.017424230 0.013404790 0.015158230 0.020046710 0.015822600 0.008347810 0.004582480 0.011075530 0.008906540 0.014925370 0.015039260 0.016365150 0.014741650 0.021011180 0.019189490 0.025907250 0.003320980 
12     0.002486810 0.001317770 0.000037600 0.000000000 0.000030960 0.001391400 0.002841120 0.000952490 0.000725160 0.000625800 0.004296680 0.003863290 0.005429970 0.009930790 0.004687190 0.008300460 0.006675220 0.003299970 0.001950580 0.005859040 0.003294000 0.007004480 0.004518180 0.002857350 0.005333440 0.013839870 0.017006560 0.011492590 0.009981880 0.018123060 0.008096370 0.005717400 0.009711890 0.006066600 0.020329060 0.001612850 0.008747380 0.013694240 0.016550330 0.006783330 0.004436240 0.002706770 0.007150420 0.004822710 0.015766990 0.003822620 0.002917810 0.021738910 0.019917220 0.023797090 0.003303660 
13     0.001459470 0.000743740 0.000555930 0.000030960 0.000000000 0.002145940 0.002703340 0.001652390 0.001425060 0.001325700 0.002714910 0.006548390 0.008867240 0.007489860 0.007301680 0.007298870 0.004702670 0.003137470 0.004175500 0.006496530 0.007651780 0.008101030 0.005620500 0.002865590 0.007232740 0.014990810 0.017696140 0.011208660 0.013729630 0.017839130 0.009389550 0.010610500 0.013197830 0.009838190 0.020045130 0.003401010 0.015084300 0.016692900 0.015604490 0.008371910 0.004699300 0.010857420 0.008766070 0.014707260 0.014821150 0.016147040 0.014523540 0.020793070 0.018971380 0.024484110 0.015568280 
15     0.004495770 0.003303990 0.000591780 0.001391400 0.002145940 0.000000000 0.000868420 0.001642130 0.001582390 0.001475340 0.002866080 0.002718360 0.002567480 0.000209080 0.000020900 0.000018090 0.004591080 0.004081460 0.003446750 0.001728740 0.003690270 0.003045300 0.004917630 0.005519060 0.001132120 0.011150110 0.013875460 0.005337680 0.009701360 0.011968150 0.005121030 0.006401600 0.007326850 0.006017510 0.014174150 0.006830450 0.009619540 0.012421430 0.014643330 0.007920780 0.003528190 0.004174710 0.004912870 0.014256130 0.002312970 0.015695910 0.014072410 0.020341940 0.012738150 0.003366500 0.016620060 
20     0.008128510 0.006464920 0.005110280 0.002841120 0.002703340 0.000868420 0.000000000 0.004505060 0.001323670 0.001526730 0.004445300 0.006880770 0.003495510 0.012841390 0.013451640 0.010354570 0.005923370 0.004993900 0.003856880 0.008426670 0.003518390 0.002873420 0.007741080 0.007514030 0.003775060 0.013519230 0.014871250 0.005440580 0.011471020 0.012071050 0.007500520 0.007246960 0.007429750 0.007795790 0.014277050 0.010141420 0.012491760 0.016899530 0.014746230 0.010527710 0.005821250 0.004664480 0.004740990 0.017707210 0.017821100 0.019146990 0.017523490 0.023793020 0.020933000 0.023476450 0.011217440 
17     0.002709740 0.007494330 0.005816780 0.000952490 0.001652390 0.001642130 0.004505060 0.000000000 0.000636970 0.000537610 0.010695800 0.005769510 0.008396940 0.011402680 0.016236640 0.010625680 0.008147110 0.005723510 0.000148280 0.007166050 0.008383830 0.008181400 0.008809590 0.007529990 0.007313110 0.014122370 0.019737110 0.019132370 0.004003180 0.023002500 0.013040850 0.014812140 0.014656370 0.013525850 0.025303310 0.014996630 0.020745670 0.020981180 0.017099190 0.011642970 0.007845190 0.014128480 0.012037130 0.017978320 0.007500700 0.019418100 0.017794600 0.024064130 0.022242440 0.024079590 0.009014980 
6     0.002482410 0.006908970 0.002140670 0.000725160 0.001425060 0.001582390 0.001323670 0.000636970 0.000000000 0.000157520 0.005310910 0.003433210 0.008591350 0.005901100 0.005712920 0.005710110 0.009054400 0.006443200 0.005861920 0.008621510 0.006649420 0.006004450 0.008436140 0.009864770 0.006906090 0.015651190 0.020494190 0.001324100 0.014866440 0.021793060 0.017466880 0.016968970 0.017151760 0.017517800 0.023999060 0.004335470 0.020054660 0.018113450 0.016871860 0.012398050 0.006997730 0.007795510 0.007872020 0.018733400 0.018847290 0.020173180 0.018549680 0.024819210 0.018242150 0.025608410 0.004241170 
2     0.002383050 0.006213520 0.004657370 0.000625800 0.001325700 0.001475340 0.001526730 0.000537610 0.000157520 0.000000000 0.006107340 0.008312440 0.009450960 0.006019750 0.005831570 0.005828760 0.010401750 0.006431330 0.004817050 0.007576640 0.008635160 0.010663010 0.007391270 0.008819900 0.005424390 0.015704890 0.015329560 0.015629490 0.011363050 0.023421920 0.007022970 0.008243920 0.012985270 0.007471610 0.022698270 0.012641120 0.015481130 0.016458090 0.016772500 0.013517080 0.005952860 0.009440520 0.013884170 0.023058050 0.019279730 0.023805680 0.022874330 0.028288160 0.017371590 0.013712500 0.009886970 
19     0.006186430 0.007323700 0.005001800 0.004296680 0.002714910 0.002866080 0.004445300 0.010695800 0.005310910 0.006107340 0.000000000 0.012540170 0.005437680 0.017039470 0.017204120 0.012460900 0.013783900 0.010084970 0.007497760 0.010734970 0.008812950 0.009995860 0.010037130 0.011669240 0.009813390 0.016717340 0.019718560 0.020018490 0.013230770 0.028639290 0.011411970 0.012632920 0.017374270 0.011860610 0.027087270 0.013176160 0.014266330 0.016059610 0.016263180 0.009504320 0.002868510 0.008225720 0.011449950 0.019813540 0.019927430 0.021253320 0.019629820 0.025703760 0.017371820 0.022653320 0.008145560 
8     0.013016200 0.005389350 0.006324460 0.003863290 0.006548390 0.002718360 0.006880770 0.005769510 0.003433210 0.008312440 0.012540170 0.000000000 0.000269080 0.008797930 0.008609750 0.008606940 0.004200980 0.002208840 0.007825210 0.011697200 0.009050750 0.011699590 0.009523130 0.009137820 0.012955760 0.016424730 0.022810830 0.017977100 0.016614960 0.024607570 0.012649720 0.016786540 0.019966270 0.016267630 0.026813570 0.012326620 0.014593780 0.021039860 0.022356990 0.012629730 0.009171570 0.008553170 0.012996820 0.021459760 0.021573650 0.022899540 0.021276040 0.027545570 0.025723880 0.031322530 0.013445050 
4     0.010300850 0.006684320 0.009210470 0.005429970 0.008867240 0.002567480 0.003495510 0.008396940 0.008591350 0.009450960 0.005437680 0.000269080 0.000000000 0.010262750 0.012460380 0.008913500 0.003529030 0.001536890 0.002089720 0.004547200 0.003662210 0.004549590 0.006297230 0.001987820 0.007952430 0.019052160 0.016023210 0.015934300 0.011242360 0.022564770 0.007963510 0.003793750 0.010412160 0.006033020 0.014989040 0.007505550 0.014643830 0.014665880 0.022638090 0.012919360 0.005434810 0.017891020 0.015799670 0.021740860 0.021854750 0.023180640 0.021557140 0.027826670 0.026004980 0.031424680 0.001579610 
18     0.009391850 0.010708770 0.009780760 0.009930790 0.007489860 0.000209080 0.012841390 0.011402680 0.005901100 0.006019750 0.017039470 0.008797930 0.010262750 0.000000000 0.000188240 0.000100410 0.002394610 0.002138820 0.012850090 0.014189710 0.014497610 0.016663750 0.015424310 0.014412150 0.008706700 0.024156360 0.028397510 0.026198470 0.009697150 0.025636800 0.027877680 0.024518170 0.028187640 0.028553680 0.029735300 0.007033130 0.018117440 0.012624110 0.027885810 0.012956320 0.007768840 0.023138740 0.003898080 0.026988580 0.027102470 0.005056670 0.005302230 0.033074390 0.031252700 0.041213060 0.023953880 
14     0.011340980 0.011235140 0.009592580 0.004687190 0.007301680 0.000020900 0.013451640 0.016236640 0.005712920 0.005831570 0.017204120 0.008609750 0.012460380 0.000188240 0.000000000 0.000002810 0.003173130 0.002291900 0.013460340 0.015085340 0.016695240 0.016146750 0.016034560 0.015092880 0.016235870 0.026893160 0.028823890 0.028687080 0.022792730 0.034813450 0.023949850 0.025170800 0.029156690 0.024398490 0.030358750 0.006844950 0.017929260 0.012435930 0.028424280 0.012768140 0.013718250 0.018743860 0.004308260 0.027527050 0.027640940 0.005483050 0.005728610 0.033612860 0.031791170 0.039886890 0.023765700 
25     0.008566940 0.007104000 0.007572730 0.008300460 0.007298870 0.000018090 0.010354570 0.010625680 0.005710110 0.005828760 0.012460900 0.008606940 0.008913500 0.000100410 0.000002810 0.000000000 0.001480580 0.001521020 0.007670490 0.009745930 0.008958320 0.009641550 0.008180660 0.008990950 0.008668750 0.021794950 0.003840820 0.021914510 0.017380280 0.025563670 0.018536220 0.018436670 0.022164420 0.019323310 0.024912170 0.006842140 0.017926450 0.012433120 0.016911030 0.009678450 0.013194640 0.012163960 0.010072610 0.016013800 0.016127690 0.005183830 0.005429390 0.022099610 0.020277920 0.034277510 0.023762890 
3     0.006136280 0.007453200 0.014162760 0.006675220 0.004702670 0.004591080 0.005923370 0.008147110 0.009054400 0.010401750 0.013783900 0.004200980 0.003529030 0.002394610 0.003173130 0.001480580 0.000000000 0.000379480 0.004225630 0.010916640 0.003887140 0.003242170 0.012342430 0.007882780 0.004143810 0.029914080 0.028011970 0.027895570 0.024045460 0.022381230 0.019705380 0.020926330 0.025667680 0.012334880 0.019267130 0.011415130 0.022499440 0.017006110 0.025030160 0.017338320 0.006602840 0.005033230 0.005109740 0.024132930 0.024246820 0.021402960 0.021648520 0.030218740 0.028397050 0.032000320 0.017532500 
9     0.004571080 0.005364430 0.005687280 0.003299970 0.003137470 0.004081460 0.004993900 0.005723510 0.006443200 0.006431330 0.010084970 0.002208840 0.001536890 0.002138820 0.002291900 0.001521020 0.000379480 0.000000000 0.008720200 0.011479790 0.011766980 0.012059240 0.006766410 0.008400960 0.009397490 0.016380030 0.018803330 0.011420180 0.019012040 0.020816030 0.004695850 0.013360990 0.018798250 0.015154590 0.023863170 0.006646730 0.015048040 0.017215310 0.023123720 0.015891140 0.009372010 0.018376650 0.000712300 0.022226490 0.022340380 0.008439430 0.008684990 0.028312300 0.026314570 0.029047970 0.012643680 
24     0.006537560 0.005615190 0.004249430 0.001950580 0.004175500 0.003446750 0.003856880 0.000148280 0.005861920 0.004817050 0.007497760 0.007825210 0.002089720 0.012850090 0.013460340 0.007670490 0.004225630 0.008720200 0.000000000 0.001048340 0.001681490 0.001049780 0.001060300 0.000698560 0.000544840 0.006679770 0.010553520 0.008139990 0.011115840 0.016909400 0.006775760 0.006797560 0.008868640 0.007224400 0.020501360 0.001179850 0.009500810 0.015834520 0.010179010 0.007536760 0.000925010 0.001584000 0.002952730 0.003729890 0.004334040 0.009979290 0.001636720 0.020478760 0.010270690 0.009934650 0.003957330 
7     0.006111540 0.006984660 0.008657500 0.005859040 0.006496530 0.001728740 0.008426670 0.007166050 0.008621510 0.007576640 0.010734970 0.011697200 0.004547200 0.014189710 0.015085340 0.009745930 0.010916640 0.011479790 0.001048340 0.000000000 0.000659410 0.002031850 0.000601660 0.000564840 0.000817820 0.011306630 0.019393080 0.014301690 0.015426570 0.025154070 0.008483980 0.001062990 0.003106960 0.003482530 0.011533980 0.005740090 0.003542950 0.004784270 0.017891360 0.010658780 0.005422110 0.003547370 0.005272580 0.005693260 0.006297410 0.017908170 0.016284670 0.022554200 0.012234060 0.011898020 0.011211830 
5     0.005323350 0.006196470 0.007869890 0.003294000 0.007651780 0.003690270 0.003518390 0.008383830 0.006649420 0.008635160 0.008812950 0.009050750 0.003662210 0.014497610 0.016695240 0.008958320 0.003887140 0.011766980 0.001681490 0.000659410 0.000000000 0.000181230 0.000626840 0.001215190 0.000256770 0.011288560 0.020526090 0.016840320 0.016559580 0.025230650 0.009157280 0.006613610 0.008684690 0.008121520 0.020317410 0.006746190 0.010816000 0.017501440 0.017103750 0.008851950 0.004107340 0.002537730 0.002614240 0.006699360 0.007303510 0.017120560 0.015497060 0.021766590 0.013240160 0.012904120 0.011822690 
16     0.006312870 0.007185990 0.008553120 0.007004480 0.008101030 0.003045300 0.002873420 0.008181400 0.006004450 0.010663010 0.009995860 0.011699590 0.004549590 0.016663750 0.016146750 0.009641550 0.003242170 0.012059240 0.001049780 0.002031850 0.000181230 0.000000000 0.000361300 0.000949650 0.000907000 0.010567520 0.020943680 0.015628750 0.017910600 0.025913880 0.011383380 0.008839710 0.010910790 0.010347620 0.022543510 0.011138560 0.015054970 0.019952640 0.017786980 0.010554400 0.003462370 0.001892760 0.001969270 0.011790010 0.012394160 0.017803790 0.016180290 0.022449820 0.014677200 0.017994770 0.012606840 
10     0.006207940 0.006623500 0.005694430 0.004518180 0.005620500 0.004917630 0.007741080 0.008809590 0.008436140 0.007391270 0.010037130 0.009523130 0.006297230 0.015424310 0.016034560 0.008180660 0.012342430 0.006766410 0.001060300 0.000601660 0.000626840 0.000361300 0.000000000 0.000555680 0.001286870 0.006447390 0.018523670 0.013161130 0.014557160 0.024452990 0.010217080 0.007945950 0.002960980 0.009453860 0.021649750 0.005730930 0.012040180 0.016881550 0.016326090 0.006017730 0.004404730 0.003538210 0.008961930 0.005684100 0.006288250 0.007387980 0.007143750 0.016680860 0.012224900 0.011888860 0.006557410 
23     0.004514930 0.005388050 0.007902520 0.002857350 0.002865590 0.005519060 0.007514030 0.007529990 0.009864770 0.008819900 0.011669240 0.009137820 0.001987820 0.014412150 0.015092880 0.008990950 0.007882780 0.008400960 0.000698560 0.000564840 0.001215190 0.000949650 0.000555680 0.000000000 0.001034840 0.012240900 0.018056800 0.011310480 0.019300370 0.025263280 0.006485390 0.003941720 0.006012800 0.005449630 0.017645520 0.005412830 0.016442800 0.016599410 0.016450320 0.009903800 0.003639340 0.003220110 0.006206850 0.005366000 0.005970150 0.017153190 0.015529690 0.004115620 0.011906800 0.011570760 0.005001370 
22     0.007893610 0.006723150 0.004020800 0.005333440 0.007232740 0.001132120 0.003775060 0.007313110 0.006906090 0.005424390 0.009813390 0.012955760 0.007952430 0.008706700 0.016235870 0.008668750 0.004143810 0.009397490 0.000544840 0.000817820 0.000256770 0.000907000 0.001286870 0.001034840 0.000000000 0.014723040 0.014683410 0.014943980 0.010716900 0.024941080 0.006376820 0.007597770 0.012339120 0.006825460 0.022052120 0.009332260 0.025700380 0.024387740 0.016814180 0.009581600 0.004364010 0.002794400 0.002870910 0.013327210 0.013459110 0.016830990 0.015207490 0.021477020 0.019655330 0.019531970 0.013098530 
26     0.016180610 0.016443500 0.017361470 0.013839870 0.014990810 0.011150110 0.013519230 0.014122370 0.015651190 0.015704890 0.016717340 0.016424730 0.019052160 0.024156360 0.026893160 0.021794950 0.029914080 0.016380030 0.006679770 0.011306630 0.011288560 0.010567520 0.006447390 0.012240900 0.014723040 0.000000000 0.004809680 0.003980640 0.003161560 0.005328630 0.003192020 0.003010060 0.003737160 0.004781610 0.007562030 0.009318080 0.009532370 0.009366930 0.014380720 0.012129660 0.012063570 0.018990950 0.012021610 0.022840790 0.022954680 0.024280570 0.022657070 0.028926600 0.016556800 0.018065010 0.024977260 
35     0.020250450 0.016628320 0.013925970 0.017006560 0.017696140 0.013875460 0.014871250 0.019737110 0.020494190 0.015329560 0.019718560 0.022810830 0.016023210 0.028397510 0.028823890 0.003840820 0.028011970 0.018803330 0.010553520 0.019393080 0.020526090 0.020943680 0.018523670 0.018056800 0.014683410 0.004809680 0.000000000 0.000374540 0.004651040 0.009237750 0.005203580 0.003602660 0.006699550 0.007904840 0.011595740 0.018272990 0.021479740 0.021314300 0.015580790 0.017641130 0.012679050 0.010541910 0.018044350 0.023985540 0.024099430 0.025425320 0.023801820 0.030071350 0.028249660 0.033426260 0.041258690 
43     0.020550380 0.007669790 0.008587760 0.011492590 0.011208660 0.005337680 0.005440580 0.019132370 0.001324100 0.015629490 0.020018490 0.017977100 0.015934300 0.026198470 0.028687080 0.021914510 0.027895570 0.011420180 0.008139990 0.014301690 0.016840320 0.015628750 0.013161130 0.011310480 0.014943980 0.003980640 0.000374540 0.000000000 0.005403520 0.000368310 0.002714410 0.002216500 0.002399290 0.002765330 0.009246590 0.009552190 0.013414580 0.012273530 0.010120230 0.017781790 0.002834820 0.013617300 0.017019160 0.022960350 0.023074240 0.024400130 0.022776630 0.026855780 0.027224470 0.034707790 0.040233500 
50     0.014627370 0.012661810 0.009182260 0.009981880 0.013729630 0.009701360 0.011471020 0.004003180 0.014866440 0.011363050 0.013230770 0.016614960 0.011242360 0.009697150 0.022792730 0.017380280 0.024045460 0.019012040 0.011115840 0.015426570 0.016559580 0.017910600 0.014557160 0.019300370 0.010716900 0.003161560 0.004651040 0.005403520 0.000000000 0.000614010 0.001699410 0.002926910 0.003839420 0.003620920 0.006809810 0.009691540 0.017419170 0.017181910 0.009834100 0.007468440 0.012212940 0.016796760 0.014705410 0.017786870 0.017607740 0.022086380 0.020462880 0.022896170 0.006524030 0.033082900 0.023475360 
39     0.020991670 0.014300260 0.015218230 0.018123060 0.017839130 0.011968150 0.012071050 0.023002500 0.021793060 0.023421920 0.028639290 0.024607570 0.022564770 0.025636800 0.034813450 0.025563670 0.022381230 0.020816030 0.016909400 0.025154070 0.025230650 0.025913880 0.024452990 0.025263280 0.024941080 0.005328630 0.009237750 0.000368310 0.000614010 0.000000000 0.007073600 0.006575690 0.006758480 0.007124520 0.013605780 0.016182660 0.020045050 0.018904000 0.012918990 0.010553330 0.015984490 0.010629250 0.020668320 0.026609510 0.026723400 0.028049290 0.026425790 0.032695320 0.030873630 0.042762520 0.043882660 
32     0.011943860 0.008321730 0.005619380 0.008096370 0.009389550 0.005121030 0.007500520 0.013040850 0.017466880 0.007022970 0.011411970 0.012649720 0.007963510 0.027877680 0.023949850 0.018536220 0.019705380 0.004695850 0.006775760 0.008483980 0.009157280 0.011383380 0.010217080 0.006485390 0.006376820 0.003192020 0.005203580 0.002714410 0.001699410 0.007073600 0.000000000 0.000387340 0.000949180 0.000539060 0.001738500 0.011856480 0.012712510 0.012547070 0.012424520 0.014092760 0.004722080 0.007703180 0.013640870 0.009214850 0.006360220 0.001226830 0.002725570 0.025667870 0.023846180 0.033273540 0.036855210 
30     0.011451880 0.005010360 0.006840330 0.005717400 0.010610500 0.006401600 0.007246960 0.014812140 0.016968970 0.008243920 0.012632920 0.016786540 0.003793750 0.024518170 0.025170800 0.018436670 0.020926330 0.013360990 0.006797560 0.001062990 0.006613610 0.008839710 0.007945950 0.003941720 0.007597770 0.003010060 0.003602660 0.002216500 0.002926910 0.006575690 0.000387340 0.000000000 0.000164270 0.000091960 0.000111580 0.003651570 0.012695810 0.012530370 0.011926610 0.015293100 0.004096600 0.015632670 0.013541320 0.019482510 0.019596400 0.020922290 0.019298790 0.025568320 0.023746630 0.005704170 0.036755660 
28     0.014357380 0.009658960 0.008912270 0.009711890 0.013197830 0.007326850 0.007429750 0.014656370 0.017151760 0.012985270 0.017374270 0.019966270 0.010412160 0.028187640 0.029156690 0.022164420 0.025667680 0.018798250 0.008868640 0.003106960 0.008684690 0.010910790 0.002960980 0.006012800 0.012339120 0.003737160 0.006699550 0.002399290 0.003839420 0.006758480 0.000949180 0.000164270 0.000000000 0.000532930 0.000280360 0.007258430 0.013257650 0.013092210 0.012109400 0.008312450 0.005941700 0.019067610 0.017269070 0.023210260 0.023324150 0.024650040 0.023026540 0.028844950 0.027474380 0.009003190 0.040483410 
46     0.011801080 0.005359560 0.006068020 0.006066600 0.009838190 0.006017510 0.007795790 0.013525850 0.017517800 0.007471610 0.011860610 0.016267630 0.006033020 0.028553680 0.024398490 0.019323310 0.012334880 0.015154590 0.007224400 0.003482530 0.008121520 0.010347620 0.009453860 0.005449630 0.006825460 0.004781610 0.007904840 0.002765330 0.003620920 0.007124520 0.000539060 0.000091960 0.000532930 0.000000000 0.000425860 0.008421980 0.015769790 0.014628740 0.012475440 0.014577760 0.008344130 0.016519310 0.014427960 0.020369150 0.020483040 0.021808930 0.020185430 0.026454960 0.024633270 0.021175460 0.037642300 
37     0.023692690 0.016506260 0.017424230 0.020329060 0.020045130 0.014174150 0.014277050 0.025303310 0.023999060 0.022698270 0.027087270 0.026813570 0.014989040 0.029735300 0.030358750 0.024912170 0.019267130 0.023863170 0.020501360 0.011533980 0.020317410 0.022543510 0.021649750 0.017645520 0.022052120 0.007562030 0.011595740 0.009246590 0.006809810 0.013605780 0.001738500 0.000111580 0.000280360 0.000425860 0.000000000 0.016976980 0.022251050 0.021110000 0.018956700 0.025825020 0.008551610 0.022108170 0.020016820 0.025958010 0.023568270 0.023753700 0.025774290 0.032043820 0.030222130 0.023167430 0.043231160 
44     0.014399000 0.012936060 0.013404790 0.001612850 0.003401010 0.006830450 0.010141420 0.014996630 0.004335470 0.012641120 0.013176160 0.012326620 0.007505550 0.007033130 0.006844950 0.006842140 0.011415130 0.006646730 0.001179850 0.005740090 0.006746190 0.011138560 0.005730930 0.005412830 0.009332260 0.009318080 0.018272990 0.009552190 0.009691540 0.016182660 0.011856480 0.003651570 0.007258430 0.008421980 0.016976980 0.000000000 0.000216370 0.000050930 0.005064600 0.000653320 0.003205670 0.003497700 0.005269880 0.005643590 0.006247740 0.017347020 0.016202760 0.012329600 0.008320660 0.011848350 0.002048620 
48     0.014714140 0.004662770 0.015158230 0.008747380 0.015084300 0.009619540 0.012491760 0.020745670 0.020054660 0.015481130 0.014266330 0.014593780 0.014643830 0.018117440 0.017929260 0.017926450 0.022499440 0.015048040 0.009500810 0.003542950 0.010816000 0.015054970 0.012040180 0.016442800 0.025700380 0.009532370 0.021479740 0.013414580 0.017419170 0.020045050 0.012712510 0.012695810 0.013257650 0.015769790 0.022251050 0.000216370 0.000000000 0.000137480 0.005279010 0.002473950 0.010670740 0.010145130 0.014588780 0.030805850 0.032114600 0.024875140 0.025671740 0.023246100 0.011491750 0.016773250 0.027863760 
36     0.015464650 0.003394730 0.020046710 0.013694240 0.016692900 0.012421430 0.016899530 0.020981180 0.018113450 0.016458090 0.016059610 0.021039860 0.014665880 0.012624110 0.012435930 0.012433120 0.017006110 0.017215310 0.015834520 0.004784270 0.017501440 0.019952640 0.016881550 0.016599410 0.024387740 0.009366930 0.021314300 0.012273530 0.017181910 0.018904000 0.012547070 0.012530370 0.013092210 0.014628740 0.021110000 0.000050930 0.000137480 0.000000000 0.005113570 0.002862510 0.005505730 0.026649200 0.022324080 0.031732790 0.031846680 0.033172570 0.031549070 0.029383800 0.011204110 0.016485610 0.023530370 
33     0.016816810 0.015353870 0.015822600 0.016550330 0.015604490 0.014643330 0.014746230 0.017099190 0.016871860 0.016772500 0.016263180 0.022356990 0.022638090 0.027885810 0.028424280 0.016911030 0.025030160 0.023123720 0.010179010 0.017891360 0.017103750 0.017786980 0.016326090 0.016450320 0.016814180 0.014380720 0.015580790 0.010120230 0.009834100 0.012918990 0.012424520 0.011926610 0.012109400 0.012475440 0.018956700 0.005064600 0.005279010 0.005113570 0.000000000 0.002928360 0.009254100 0.020309390 0.018218040 0.024159230 0.024273120 0.014628360 0.013610320 0.017912910 0.011407680 0.016689180 0.030707160 
38     0.009584230 0.008121290 0.008347810 0.006783330 0.008371910 0.007920780 0.010527710 0.011642970 0.012398050 0.013517080 0.009504320 0.012629730 0.012919360 0.012956320 0.012768140 0.009678450 0.017338320 0.015891140 0.007536760 0.010658780 0.008851950 0.010554400 0.006017730 0.009903800 0.009581600 0.012129660 0.017641130 0.017781790 0.007468440 0.010553330 0.014092760 0.015293100 0.008312450 0.014577760 0.025825020 0.000653320 0.002473950 0.002862510 0.002928360 0.000000000 0.004566710 0.008181080 0.004941420 0.014758660 0.015362810 0.005851660 0.010929320 0.012001140 0.016326650 0.019013070 0.023862580 
49     0.005558180 0.005272460 0.004582480 0.004436240 0.004699300 0.003528190 0.005821250 0.007845190 0.006997730 0.005952860 0.002868510 0.009171570 0.005434810 0.007768840 0.013718250 0.013194640 0.006602840 0.009372010 0.000925010 0.005422110 0.004107340 0.003462370 0.004404730 0.003639340 0.004364010 0.012063570 0.012679050 0.002834820 0.012212940 0.015984490 0.004722080 0.004096600 0.005941700 0.008344130 0.008551610 0.003205670 0.010670740 0.005505730 0.009254100 0.004566710 0.000000000 0.002491810 0.002568320 0.016825580 0.007433120 0.018282120 0.016867940 0.020945490 0.016643310 0.020318250 0.008863030 
47     0.008673530 0.007651990 0.011075530 0.002706770 0.010857420 0.004174710 0.004664480 0.014128480 0.007795510 0.009440520 0.008225720 0.008553170 0.017891020 0.023138740 0.018743860 0.012163960 0.005033230 0.018376650 0.001584000 0.003547370 0.002537730 0.001892760 0.003538210 0.003220110 0.002794400 0.018990950 0.010541910 0.013617300 0.016796760 0.010629250 0.007703180 0.015632670 0.019067610 0.016519310 0.022108170 0.003497700 0.010145130 0.026649200 0.020309390 0.008181080 0.002491810 0.000000000 0.000278730 0.002270310 0.002874460 0.013637460 0.012013960 0.017980400 0.008811110 0.008475070 0.013970400 
34     0.009978390 0.008515450 0.008906540 0.007150420 0.008766070 0.004912870 0.004740990 0.012037130 0.007872020 0.013884170 0.011449950 0.012996820 0.015799670 0.003898080 0.004308260 0.010072610 0.005109740 0.000712300 0.002952730 0.005272580 0.002614240 0.001969270 0.008961930 0.006206850 0.002870910 0.012021610 0.018044350 0.017019160 0.014705410 0.020668320 0.013640870 0.013541320 0.017269070 0.014427960 0.020016820 0.005269880 0.014588780 0.022324080 0.018218040 0.004941420 0.002568320 0.000278730 0.000000000 0.010106330 0.010220220 0.001122680 0.001288420 0.015714380 0.006601640 0.000470640 0.017222560 
27     0.015919580 0.014456640 0.014925370 0.004822710 0.014707260 0.014256130 0.017707210 0.017978320 0.018733400 0.023058050 0.019813540 0.021459760 0.021740860 0.026988580 0.027527050 0.016013800 0.024132930 0.022226490 0.003729890 0.005693260 0.006699360 0.011790010 0.005684100 0.005366000 0.013327210 0.022840790 0.023985540 0.022960350 0.017786870 0.026609510 0.009214850 0.019482510 0.023210260 0.020369150 0.025958010 0.005643590 0.030805850 0.031732790 0.024159230 0.014758660 0.016825580 0.002270310 0.010106330 0.000000000 0.000024120 0.003471160 0.002095940 0.002264240 0.002512830 0.005533090 0.034332790 
29     0.016033470 0.014570530 0.015039260 0.015766990 0.014821150 0.002312970 0.017821100 0.007500700 0.018847290 0.019279730 0.019927430 0.021573650 0.021854750 0.027102470 0.027640940 0.016127690 0.024246820 0.022340380 0.004334040 0.006297410 0.007303510 0.012394160 0.006288250 0.005970150 0.013459110 0.022954680 0.024099430 0.023074240 0.017607740 0.026723400 0.006360220 0.019596400 0.023324150 0.020483040 0.023568270 0.006247740 0.032114600 0.031846680 0.024273120 0.015362810 0.007433120 0.002874460 0.010220220 0.000024120 0.000000000 0.001828270 0.002612700 0.000563850 0.007901130 0.010849230 0.034446680 
42     0.017359360 0.015896420 0.016365150 0.003822620 0.016147040 0.015695910 0.019146990 0.019418100 0.020173180 0.023805680 0.021253320 0.022899540 0.023180640 0.005056670 0.005483050 0.005183830 0.021402960 0.008439430 0.009979290 0.017908170 0.017120560 0.017803790 0.007387980 0.017153190 0.016830990 0.024280570 0.025425320 0.024400130 0.022086380 0.028049290 0.001226830 0.020922290 0.024650040 0.021808930 0.023753700 0.017347020 0.024875140 0.033172570 0.014628360 0.005851660 0.018282120 0.013637460 0.001122680 0.003471160 0.001828270 0.000000000 0.000033200 0.000768470 0.001089590 0.000769740 0.035772570 
31     0.015735860 0.014272920 0.014741650 0.002917810 0.014523540 0.014072410 0.017523490 0.017794600 0.018549680 0.022874330 0.019629820 0.021276040 0.021557140 0.005302230 0.005728610 0.005429390 0.021648520 0.008684990 0.001636720 0.016284670 0.015497060 0.016180290 0.007143750 0.015529690 0.015207490 0.022657070 0.023801820 0.022776630 0.020462880 0.026425790 0.002725570 0.019298790 0.023026540 0.020185430 0.025774290 0.016202760 0.025671740 0.031549070 0.013610320 0.010929320 0.016867940 0.012013960 0.001288420 0.002095940 0.002612700 0.000033200 0.000000000 0.001325280 0.002160570 0.000935480 0.034149070 
45     0.022005390 0.020542450 0.021011180 0.021738910 0.020793070 0.020341940 0.023793020 0.024064130 0.024819210 0.028288160 0.025703760 0.027545570 0.027826670 0.033074390 0.033612860 0.022099610 0.030218740 0.028312300 0.020478760 0.022554200 0.021766590 0.022449820 0.016680860 0.004115620 0.021477020 0.028926600 0.030071350 0.026855780 0.022896170 0.032695320 0.025667870 0.025568320 0.028844950 0.026454960 0.032043820 0.012329600 0.023246100 0.029383800 0.017912910 0.012001140 0.020945490 0.017980400 0.015714380 0.002264240 0.000563850 0.000768470 0.001325280 0.000000000 0.007267010 0.008318130 0.040418600 
41     0.020183700 0.018720760 0.019189490 0.019917220 0.018971380 0.012738150 0.020933000 0.022242440 0.018242150 0.017371590 0.017371820 0.025723880 0.026004980 0.031252700 0.031791170 0.020277920 0.028397050 0.026314570 0.010270690 0.012234060 0.013240160 0.014677200 0.012224900 0.011906800 0.019655330 0.016556800 0.028249660 0.027224470 0.006524030 0.030873630 0.023846180 0.023746630 0.027474380 0.024633270 0.030222130 0.008320660 0.011491750 0.011204110 0.011407680 0.016326650 0.016643310 0.008811110 0.006601640 0.002512830 0.007901130 0.001089590 0.002160570 0.007267010 0.000000000 0.000001930 0.038596910 
40     0.026137830 0.024825950 0.025907250 0.023797090 0.024484110 0.003366500 0.023476450 0.024079590 0.025608410 0.013712500 0.022653320 0.031322530 0.031424680 0.041213060 0.039886890 0.034277510 0.032000320 0.029047970 0.009934650 0.011898020 0.012904120 0.017994770 0.011888860 0.011570760 0.019531970 0.018065010 0.033426260 0.034707790 0.033082900 0.042762520 0.033273540 0.005704170 0.009003190 0.021175460 0.023167430 0.011848350 0.016773250 0.016485610 0.016689180 0.019013070 0.020318250 0.008475070 0.000470640 0.005533090 0.010849230 0.000769740 0.000935480 0.008318130 0.000001930 0.000000000 0.028970840 
0     0.023280950 0.015838620 0.003320980 0.003303660 0.015568280 0.016620060 0.011217440 0.009014980 0.004241170 0.009886970 0.008145560 0.013445050 0.001579610 0.023953880 0.023765700 0.023762890 0.017532500 0.012643680 0.003957330 0.011211830 0.011822690 0.012606840 0.006557410 0.005001370 0.013098530 0.024977260 0.041258690 0.040233500 0.023475360 0.043882660 0.036855210 0.036755660 0.040483410 0.037642300 0.043231160 0.002048620 0.027863760 0.023530370 0.030707160 0.023862580 0.008863030 0.013970400 0.017222560 0.034332790 0.034446680 0.035772570 0.034149070 0.040418600 0.038596910 0.028970840 0.000000000 
