51
21     0.000000000 0.022749997 0.052146449 0.024872267 0.029899937 0.035809851 0.046744764 0.067489892 0.055633265 0.047187699 0.086802845 0.081659767 0.073367114 0.092564291 0.093154696 0.093166421 0.119555665 0.070204746 0.058458198 0.066949070 0.069743419 0.070256118 0.067971880 0.065039432 0.071172313 0.147320644 0.156299174 0.152788481 0.158851296 0.246149999 0.152110844 0.148827261 0.156265503 0.152682122 0.167618172 0.090662710 0.142745166 0.142364583 0.156108475 0.103194280 0.073208417 0.170572894 0.198173849 0.150045598 0.144622938 0.135389137 0.134531241 0.160860342 0.168079774 0.174144636 0.657251523 
11     0.022749997 0.000000000 0.052949748 0.025568414 0.030589778 0.036540553 0.047470334 0.068221388 0.056343268 0.047917931 0.087535147 0.082394140 0.074101487 0.093297939 0.093888344 0.093900069 0.120289314 0.070938395 0.059189404 0.067680276 0.070474625 0.070987324 0.068703086 0.065767732 0.071903518 0.147952982 0.156931512 0.153420820 0.159483635 0.246782337 0.152748535 0.149459600 0.156897842 0.153314461 0.168250511 0.091278073 0.143314805 0.142934223 0.156733139 0.103818945 0.073847488 0.171303676 0.198904631 0.150776379 0.145353720 0.136119918 0.135262023 0.161591123 0.168790924 0.174855786 0.657961809 
1     0.052146449 0.052949748 0.000000000 0.042142854 0.047159679 0.053192413 0.064129104 0.084818299 0.072994470 0.064566366 0.104292876 0.099031858 0.090739205 0.109906095 0.110500998 0.110508225 0.136888755 0.087573184 0.076047535 0.084542209 0.087336558 0.087849258 0.085565019 0.082629666 0.088765847 0.164789065 0.173767595 0.170256903 0.176319717 0.263618420 0.169584619 0.166225676 0.173735689 0.170152308 0.185088358 0.108284105 0.160366561 0.159985979 0.173736482 0.120895690 0.090627767 0.187988728 0.215589683 0.167461431 0.162038772 0.152804970 0.151947075 0.178276176 0.185495607 0.191560469 0.674720201 
12     0.024872267 0.025568414 0.042142854 0.000000000 0.009548432 0.020998332 0.031939347 0.052663783 0.040827134 0.032390553 0.072045218 0.066637408 0.058344755 0.077551433 0.078141431 0.078153563 0.104865318 0.055191734 0.043696825 0.052190284 0.054957839 0.055492522 0.053212426 0.050272172 0.056410812 0.132809840 0.141705161 0.138194469 0.144257283 0.231555986 0.137517375 0.134233249 0.141671491 0.138088110 0.153024160 0.075779590 0.127988518 0.127607936 0.141358439 0.088517646 0.058269715 0.155553946 0.183271643 0.134969892 0.129548119 0.120314317 0.119456422 0.145785522 0.153000699 0.159065561 0.642346342 
13     0.029899937 0.030589778 0.047159679 0.009548432 0.000000000 0.026208031 0.037128217 0.057881200 0.046011850 0.037575269 0.077240323 0.072014956 0.063722303 0.082928981 0.083517893 0.083531111 0.110241609 0.060569282 0.049109990 0.057616962 0.060411311 0.060924011 0.058639487 0.055698314 0.061837278 0.138122006 0.147017328 0.143506635 0.149569450 0.236868152 0.142829541 0.139545415 0.146983657 0.143400276 0.158336326 0.081094730 0.133300684 0.132920102 0.146670605 0.093829813 0.063581951 0.160982854 0.188583809 0.140459295 0.135036636 0.125802834 0.124944939 0.151274039 0.158473840 0.164538702 0.647725649 
15     0.035809851 0.036540553 0.053192413 0.020998332 0.026208031 0.000000000 0.020496424 0.041159824 0.029342493 0.020985654 0.067285903 0.062374660 0.054084560 0.073184782 0.073854439 0.073817695 0.100529057 0.050836929 0.039129483 0.047661409 0.050451154 0.050963854 0.048686636 0.045759658 0.051871088 0.128098760 0.137023977 0.133507205 0.139484726 0.226717085 0.132818105 0.129546531 0.136972644 0.133389263 0.148325313 0.071165677 0.123245028 0.122864446 0.136423993 0.083739618 0.053596707 0.150923063 0.178474408 0.130101083 0.124690540 0.115495565 0.114637670 0.140917222 0.148150795 0.154203505 0.639411254 
20     0.046744764 0.047470334 0.064129104 0.031939347 0.037128217 0.020496424 0.000000000 0.048708686 0.036071208 0.027652757 0.078192609 0.073262358 0.064966136 0.084151297 0.084790171 0.084753427 0.111343536 0.061769910 0.049880058 0.058438244 0.061232593 0.061745293 0.059460769 0.056533949 0.062649511 0.139272601 0.148141760 0.144625993 0.150732335 0.238031038 0.143987135 0.140725574 0.148138810 0.144568306 0.159491479 0.082149102 0.134141474 0.133760892 0.147371223 0.094754712 0.064809515 0.161949032 0.189529958 0.141507599 0.136084940 0.126851139 0.125993243 0.152309286 0.159540639 0.165610607 0.650289715 
17     0.067489892 0.068221388 0.084818299 0.052663783 0.057881200 0.041159824 0.048708686 0.000000000 0.056759792 0.048450908 0.099022306 0.093979501 0.085714113 0.104825036 0.105463909 0.105427165 0.132111726 0.082491906 0.070616782 0.079172749 0.081967098 0.082479797 0.080195273 0.077268454 0.083384016 0.159469319 0.168419765 0.164890758 0.170790397 0.258134080 0.164194969 0.160872149 0.168348951 0.164710088 0.179706412 0.102720358 0.154802456 0.154421874 0.167934282 0.115316957 0.085478677 0.182291884 0.209872810 0.161126162 0.155786785 0.146610357 0.145752462 0.172072229 0.179318964 0.185381557 0.670876980 
6     0.055633265 0.056343268 0.072994470 0.040827134 0.046011850 0.029342493 0.036071208 0.056759792 0.000000000 0.033134489 0.087044531 0.082157521 0.073867422 0.093033462 0.093658938 0.093622194 0.120336539 0.070641194 0.058796112 0.067344489 0.070138838 0.070651537 0.068367013 0.065440194 0.071555756 0.148146396 0.157015554 0.153461665 0.159606130 0.246904833 0.152860930 0.149599368 0.157012605 0.153442100 0.168365274 0.091015982 0.143112024 0.142731441 0.156261820 0.103587881 0.073692594 0.170827172 0.198408098 0.150380980 0.144955006 0.135724519 0.134866624 0.161187597 0.168414019 0.174476612 0.659166397 
2     0.047187699 0.047917931 0.064566366 0.032390553 0.037575269 0.020985654 0.027652757 0.048450908 0.033134489 0.000000000 0.078698021 0.073734870 0.065444771 0.084596451 0.085266108 0.085229364 0.111933224 0.062250886 0.050374366 0.058933744 0.061728093 0.062240793 0.059956269 0.057029449 0.063145011 0.139699244 0.148561846 0.145032633 0.151152422 0.238451125 0.144407222 0.141145660 0.148558897 0.144988392 0.159911566 0.082664504 0.134745749 0.134365167 0.147886962 0.095213970 0.065240450 0.162438196 0.190019122 0.142017313 0.136591339 0.127360852 0.126502957 0.152823930 0.160050352 0.166075207 0.650751131 
19     0.086802845 0.087535147 0.104292876 0.072045218 0.077240323 0.067285903 0.078192609 0.099022306 0.087044531 0.078698021 0.000000000 0.112089103 0.103750100 0.123153935 0.123773804 0.123748110 0.150507221 0.100804915 0.089178198 0.097702907 0.100497256 0.101009956 0.098725432 0.095798613 0.101923223 0.178252132 0.187229294 0.183761708 0.189677301 0.276975686 0.183036943 0.179780110 0.187206522 0.183623141 0.198559191 0.121318414 0.173437832 0.173057249 0.186798806 0.134012668 0.103871631 0.201265262 0.228823682 0.180797728 0.175377012 0.166139584 0.165281689 0.191612590 0.198837113 0.204902097 0.687250449 
8     0.081659767 0.082394140 0.099031858 0.066637408 0.072014956 0.062374660 0.073262358 0.093979501 0.082157521 0.073734870 0.112089103 0.000000000 0.032207925 0.094280951 0.094842145 0.094862724 0.121741111 0.071781570 0.081382448 0.089855038 0.092693897 0.093206596 0.090922072 0.087943141 0.094127949 0.169839726 0.178919703 0.175426632 0.181236104 0.268558673 0.174502905 0.171328159 0.178693257 0.175124374 0.190060424 0.112460434 0.164987581 0.164606998 0.178274766 0.125656519 0.095754281 0.192268551 0.220090884 0.172213739 0.166794462 0.157553118 0.156695223 0.183033870 0.190184392 0.196250009 0.681746155 
4     0.073367114 0.074101487 0.090739205 0.058344755 0.063722303 0.054084560 0.064966136 0.085714113 0.073867422 0.065444771 0.103750100 0.032207925 0.000000000 0.086021272 0.086577716 0.086603044 0.113462105 0.063543536 0.073089878 0.081547668 0.084401515 0.084914214 0.082629691 0.079650759 0.085817653 0.161483396 0.170277668 0.166786375 0.172760041 0.260102741 0.166019909 0.162815380 0.170176438 0.166610527 0.181546565 0.104061895 0.156571636 0.156191054 0.169999033 0.117223241 0.087387982 0.183908078 0.211730411 0.163863653 0.158444376 0.149203032 0.148345137 0.174683784 0.181834306 0.187899923 0.672210786 
18     0.092564291 0.093297939 0.109906095 0.077551433 0.082928981 0.073184782 0.084151297 0.104825036 0.093033462 0.084596451 0.123153935 0.094280951 0.086021272 0.000000000 0.028329551 0.028537819 0.091786438 0.044234271 0.091789258 0.100270603 0.103070691 0.103583391 0.101298468 0.098262057 0.104423952 0.179619891 0.188505055 0.185066840 0.190814866 0.278099655 0.184245218 0.181013346 0.188391903 0.184786670 0.199722720 0.123096807 0.175529101 0.175148519 0.188979620 0.136271854 0.106342829 0.203580527 0.231289132 0.183222703 0.177803427 0.168538931 0.167681036 0.194042835 0.201174565 0.207240182 0.691859627 
14     0.093154696 0.093888344 0.110500998 0.078141431 0.083517893 0.073854439 0.084790171 0.105463909 0.093658938 0.085266108 0.123773804 0.094842145 0.086577716 0.028329551 0.000000000 0.025660883 0.092222611 0.044749074 0.092457644 0.100943518 0.103743607 0.104256307 0.101971384 0.098934973 0.105113819 0.180327573 0.189197913 0.185759697 0.191653032 0.278929434 0.184951571 0.181721620 0.189100176 0.185493023 0.200429073 0.123824655 0.176148759 0.175768177 0.189672108 0.136986924 0.107026545 0.204256161 0.231963262 0.183877788 0.178458511 0.169194016 0.168336120 0.194697919 0.201829650 0.207895266 0.692531599 
25     0.093166421 0.093900069 0.110508225 0.078153563 0.083531111 0.073817695 0.084753427 0.105427165 0.093622194 0.085229364 0.123748110 0.094862724 0.086603044 0.028537819 0.025660883 0.000000000 0.092205024 0.044597386 0.092408929 0.100894803 0.103694892 0.104207592 0.101922669 0.098892746 0.105065103 0.180043803 0.188712204 0.185314454 0.191287113 0.278563515 0.184667801 0.181437849 0.188816406 0.185209252 0.200145302 0.123714316 0.176038419 0.175657837 0.189561769 0.136895692 0.106942301 0.204164928 0.231885018 0.183786555 0.178367279 0.169102783 0.168244888 0.194606687 0.201738417 0.207804034 0.692447354 
3     0.119555665 0.120289314 0.136888755 0.104865318 0.110241609 0.100529057 0.111343536 0.132111726 0.120336539 0.111933224 0.150507221 0.121741111 0.113462105 0.091786438 0.092222611 0.092205024 0.000000000 0.071883016 0.119138767 0.127628421 0.130429565 0.130942265 0.128656286 0.125681547 0.131806029 0.207195063 0.215995642 0.212492332 0.218492894 0.305769296 0.211805973 0.208599475 0.215978031 0.212339642 0.227275692 0.150170292 0.202474014 0.202093432 0.215767911 0.163082727 0.133628159 0.230072132 0.257815608 0.209338556 0.203919280 0.194699901 0.193842006 0.220114812 0.227297730 0.233363347 0.719011737 
9     0.070204746 0.070938395 0.087573184 0.055191734 0.060569282 0.050836929 0.061769910 0.082491906 0.070641194 0.062250886 0.100804915 0.071781570 0.063543536 0.044234271 0.044749074 0.044597386 0.071883016 0.000000000 0.069611961 0.078094465 0.080895610 0.081408309 0.079122330 0.076091515 0.082242552 0.158005652 0.166815720 0.163322490 0.169392098 0.256668500 0.162646903 0.159421701 0.166797310 0.163191054 0.178127104 0.100758904 0.153066313 0.152685731 0.166486545 0.113903332 0.084161647 0.181225817 0.208961661 0.160847444 0.155428168 0.146168612 0.145310717 0.171667576 0.178805006 0.184870622 0.670139444 
24     0.058458198 0.059189404 0.076047535 0.043696825 0.049109990 0.039129483 0.049880058 0.070616782 0.058796112 0.050374366 0.089178198 0.081382448 0.073089878 0.091789258 0.092457644 0.092408929 0.119138767 0.069611961 0.000000000 0.021414527 0.024147601 0.024692555 0.022526160 0.019610732 0.025636124 0.133677935 0.142417429 0.138933797 0.145190767 0.232483927 0.138442530 0.135202261 0.142565435 0.139008045 0.153942268 0.075871569 0.128048737 0.127669027 0.141602553 0.088780124 0.058634957 0.156040019 0.183897161 0.135570551 0.130134023 0.120907698 0.120048559 0.146417417 0.153670141 0.159740081 0.646441006 
7     0.066949070 0.067680276 0.084542209 0.052190284 0.057616962 0.047661409 0.058438244 0.079172749 0.067344489 0.058933744 0.097702907 0.089855038 0.081547668 0.100270603 0.100943518 0.100894803 0.127628421 0.078094465 0.021414527 0.000000000 0.020370639 0.020717924 0.018791836 0.016663355 0.024149585 0.142254778 0.150965659 0.147482027 0.153709152 0.240993961 0.146926666 0.143684007 0.151046824 0.147490226 0.162424449 0.084519557 0.136746268 0.136366558 0.150357273 0.097534158 0.067176298 0.164488025 0.192286971 0.144184418 0.138747890 0.129465868 0.128607972 0.155031283 0.162202847 0.168270750 0.656036358 
5     0.069743419 0.070474625 0.087336558 0.054957839 0.060411311 0.050451154 0.061232593 0.081967098 0.070138838 0.061728093 0.100497256 0.092693897 0.084401515 0.103070691 0.103743607 0.103694892 0.130429565 0.080895610 0.024147601 0.020370639 0.000000000 0.013727251 0.021414611 0.019484830 0.026769955 0.145020460 0.153813320 0.150329688 0.156563052 0.243847860 0.149814287 0.146574017 0.153933394 0.150379801 0.165314024 0.087323326 0.139620617 0.139240906 0.153148516 0.100325401 0.069912802 0.167184477 0.195043482 0.146826869 0.141377773 0.132108319 0.131250423 0.157673734 0.164751979 0.170821958 0.658789035 
16     0.070256118 0.070987324 0.087849258 0.055492522 0.060924011 0.050963854 0.061745293 0.082479797 0.070651537 0.062240793 0.101009956 0.093206596 0.084914214 0.103583391 0.104256307 0.104207592 0.130942265 0.081408309 0.024692555 0.020717924 0.013727251 0.000000000 0.021908762 0.019987595 0.027246988 0.145533160 0.154326020 0.150842388 0.157075751 0.244360560 0.150326986 0.147086717 0.154446093 0.150892501 0.165826724 0.087836025 0.140133317 0.139753606 0.153661215 0.100838100 0.070425502 0.167697176 0.195556181 0.147339568 0.141890473 0.132621018 0.131763123 0.158186434 0.165264679 0.171334658 0.659300709 
10     0.067971880 0.068703086 0.085565019 0.053212426 0.058639487 0.048686636 0.059460769 0.080195273 0.068367013 0.059956269 0.098725432 0.090922072 0.082629691 0.101298468 0.101971384 0.101922669 0.128656286 0.079122330 0.022526160 0.018791836 0.021414611 0.021908762 0.000000000 0.017704327 0.024951886 0.143182849 0.152046416 0.148562784 0.154846509 0.242131318 0.148097744 0.144857475 0.152201007 0.148663259 0.163597482 0.085528121 0.137825692 0.137445982 0.151348908 0.098460457 0.068207235 0.165421827 0.193379445 0.145178797 0.139727203 0.130458302 0.129600407 0.156021511 0.163220464 0.169288367 0.657042634 
23     0.065039432 0.065767732 0.082629666 0.050272172 0.055698314 0.045759658 0.056533949 0.077268454 0.065440194 0.057029449 0.095798613 0.087943141 0.079650759 0.098262057 0.098934973 0.098892746 0.125681547 0.076091515 0.019610732 0.016663355 0.019484830 0.019987595 0.017704327 0.000000000 0.022068462 0.140419535 0.149226179 0.145742547 0.151962127 0.239246935 0.145213362 0.141973092 0.149334429 0.145778876 0.160713100 0.082568763 0.134866055 0.134486344 0.148395316 0.095570838 0.065197682 0.162493954 0.190352959 0.142107384 0.136680172 0.127398150 0.126540255 0.152938207 0.160144843 0.166212746 0.653441192 
22     0.071172313 0.071903518 0.088765847 0.056410812 0.061837278 0.051871088 0.062649511 0.083384016 0.071555756 0.063145011 0.101923223 0.094127949 0.085817653 0.104423952 0.105113819 0.105065103 0.131806029 0.082242552 0.025636124 0.024149585 0.026769955 0.027246988 0.024951886 0.022068462 0.000000000 0.146647377 0.155402000 0.151918368 0.158151029 0.245435838 0.151402264 0.148161995 0.155523850 0.151967779 0.166902002 0.088890853 0.141140973 0.140761262 0.154668314 0.101844764 0.071389513 0.168753775 0.196612780 0.148437788 0.142989786 0.133719238 0.132861343 0.159284653 0.166470881 0.172538784 0.660246736 
26     0.147320644 0.147952982 0.164789065 0.132809840 0.138122006 0.128098760 0.139272601 0.159469319 0.148146396 0.139699244 0.178252132 0.169839726 0.161483396 0.179619891 0.180327573 0.180043803 0.207195063 0.158005652 0.133677935 0.142254778 0.145020460 0.145533160 0.143182849 0.140419535 0.146647377 0.000000000 0.077129647 0.073926030 0.081188186 0.167973472 0.072217665 0.069283012 0.076862702 0.073076989 0.087878206 0.135746849 0.187934819 0.187554236 0.201363801 0.148414593 0.129409525 0.228844026 0.256303615 0.208333492 0.203030422 0.193853422 0.192995527 0.219361209 0.226526043 0.232457763 0.721077313 
35     0.156299174 0.156931512 0.173767595 0.141705161 0.147017328 0.137023977 0.148141760 0.168419765 0.157015554 0.148561846 0.187229294 0.178919703 0.170277668 0.188505055 0.189197913 0.188712204 0.215995642 0.166815720 0.142417429 0.150965659 0.153813320 0.154326020 0.152046416 0.149226179 0.155402000 0.077129647 0.000000000 0.019342437 0.080666504 0.167400902 0.072293164 0.069324725 0.076901558 0.073193957 0.087837625 0.144737177 0.196829017 0.196448434 0.210105276 0.157289746 0.138531259 0.237614025 0.265078065 0.217013553 0.211710483 0.202576587 0.201718692 0.228084373 0.235592342 0.241785481 0.724612227 
43     0.152788481 0.153420820 0.170256903 0.138194469 0.143506635 0.133507205 0.144625993 0.164890758 0.153461665 0.145032633 0.183761708 0.175426632 0.166786375 0.185066840 0.185759697 0.185314454 0.212492332 0.163322490 0.138933797 0.147482027 0.150329688 0.150842388 0.148562784 0.145742547 0.151918368 0.073926030 0.019342437 0.000000000 0.077899611 0.164631687 0.069543035 0.066574116 0.074149499 0.070438290 0.085084949 0.141578102 0.193413686 0.193033104 0.206689945 0.153877117 0.135026212 0.234093115 0.261908966 0.213393071 0.208090001 0.198956105 0.198098210 0.224441218 0.232041278 0.238234417 0.721116240 
50     0.158851296 0.159483635 0.176319717 0.144257283 0.149569450 0.139484726 0.150732335 0.170790397 0.159606130 0.151152422 0.189677301 0.181236104 0.172760041 0.190814866 0.191653032 0.191287113 0.218492894 0.169392098 0.145190767 0.153709152 0.156563052 0.157075751 0.154846509 0.151962127 0.158151029 0.081188186 0.080666504 0.077899611 0.000000000 0.117469691 0.057148371 0.054682517 0.061681718 0.057917709 0.072866075 0.146879626 0.198842146 0.198461564 0.212418159 0.159394287 0.141377875 0.240513772 0.267958742 0.219771717 0.214468647 0.205412294 0.204554399 0.230920081 0.238183051 0.244169126 0.732679279 
39     0.246149999 0.246782337 0.263618420 0.231555986 0.236868152 0.226717085 0.238031038 0.258134080 0.246904833 0.238451125 0.276975686 0.268558673 0.260102741 0.278099655 0.278929434 0.278563515 0.305769296 0.256668500 0.232483927 0.240993961 0.243847860 0.244360560 0.242131318 0.239246935 0.245435838 0.167973472 0.167400902 0.164631687 0.117469691 0.000000000 0.143908709 0.141211746 0.148379399 0.144542019 0.159444778 0.234343132 0.286580633 0.286200051 0.299881666 0.246857793 0.228716422 0.327693190 0.355262170 0.307131680 0.301828609 0.292717103 0.291859208 0.318224890 0.325546700 0.331473936 0.819990590 
32     0.152110844 0.152748535 0.169584619 0.137517375 0.142829541 0.132818105 0.143987135 0.164194969 0.152860930 0.144407222 0.183036943 0.174502905 0.166019909 0.184245218 0.184951571 0.184667801 0.211805973 0.162646903 0.138442530 0.146926666 0.149814287 0.150326986 0.148097744 0.145213362 0.151402264 0.072217665 0.072293164 0.069543035 0.057148371 0.143908709 0.000000000 0.024633079 0.032055129 0.028697874 0.043653677 0.140486775 0.192672167 0.192291585 0.206127100 0.153241757 0.134544197 0.233559357 0.261038408 0.212876048 0.207572978 0.198434588 0.197576294 0.223945624 0.231406858 0.237345625 0.725873899 
30     0.148827261 0.149459600 0.166225676 0.134233249 0.139545415 0.129546531 0.140725574 0.160872149 0.149599368 0.141145660 0.179780110 0.171328159 0.162815380 0.181013346 0.181721620 0.181437849 0.208599475 0.159421701 0.135202261 0.143684007 0.146574017 0.147086717 0.144857475 0.141973092 0.148161995 0.069283012 0.069324725 0.066574116 0.054682517 0.141211746 0.024633079 0.000000000 0.015126429 0.011544704 0.026586295 0.137103340 0.189339841 0.188959258 0.202761173 0.149799030 0.131340756 0.230495802 0.257932995 0.209733025 0.204429955 0.195356446 0.194498551 0.220864233 0.228286779 0.234158078 0.722658619 
28     0.156265503 0.156897842 0.173735689 0.141671491 0.146983657 0.136972644 0.148138810 0.168348951 0.157012605 0.148558897 0.187206522 0.178693257 0.170176438 0.188391903 0.189100176 0.188816406 0.215978031 0.166797310 0.142565435 0.151046824 0.153933394 0.154446093 0.152201007 0.149334429 0.155523850 0.076862702 0.076901558 0.074149499 0.061681718 0.148379399 0.032055129 0.015126429 0.000000000 0.018844190 0.033736596 0.144513222 0.196748588 0.196368006 0.210147045 0.157252163 0.138747021 0.237895038 0.265332231 0.217149310 0.211846240 0.202772731 0.201914836 0.228280518 0.235703063 0.241569601 0.730075876 
46     0.152682122 0.153314461 0.170152308 0.138088110 0.143400276 0.133389263 0.144568306 0.164710088 0.153442100 0.144988392 0.183623141 0.175124374 0.166610527 0.184786670 0.185493023 0.185209252 0.212339642 0.163191054 0.139008045 0.147490226 0.150379801 0.150892501 0.148663259 0.145778876 0.151967779 0.073076989 0.073193957 0.070438290 0.057917709 0.144542019 0.028697874 0.011544704 0.018844190 0.000000000 0.028414980 0.140951219 0.193186585 0.192806003 0.206610812 0.153706455 0.135175324 0.234309073 0.261229462 0.213546296 0.208243226 0.199169717 0.198311822 0.224677504 0.232100049 0.237971030 0.726483048 
37     0.167618172 0.168250511 0.185088358 0.153024160 0.158336326 0.148325313 0.159491479 0.179706412 0.168365274 0.159911566 0.198559191 0.190060424 0.181546565 0.199722720 0.200429073 0.200145302 0.227275692 0.178127104 0.153942268 0.162424449 0.165314024 0.165826724 0.163597482 0.160713100 0.166902002 0.087878206 0.087837625 0.085084949 0.072866075 0.159444778 0.043653677 0.026586295 0.033736596 0.028414980 0.000000000 0.155887269 0.208122635 0.207742053 0.221546862 0.168642505 0.150111374 0.249268416 0.276705609 0.228505638 0.223202568 0.214129060 0.213271164 0.239636846 0.247059392 0.252930139 0.741419098 
44     0.090662710 0.091278073 0.108284105 0.075779590 0.081094730 0.071165677 0.082149102 0.102720358 0.091015982 0.082664504 0.121318414 0.112460434 0.104061895 0.123096807 0.123824655 0.123714316 0.150170292 0.100758904 0.075871569 0.084519557 0.087323326 0.087836025 0.085528121 0.082568763 0.088890853 0.135746849 0.144737177 0.141578102 0.146879626 0.234343132 0.140486775 0.137103340 0.144513222 0.140951219 0.155887269 0.000000000 0.095696948 0.095261518 0.114058426 0.061553892 0.073078716 0.170373392 0.197137476 0.150136099 0.144860731 0.135387980 0.134530085 0.161048835 0.168124323 0.174235594 0.664180039 
48     0.142745166 0.143314805 0.160366561 0.127988518 0.133300684 0.123245028 0.134141474 0.154802456 0.143112024 0.134745749 0.173437832 0.164987581 0.156571636 0.175529101 0.176148759 0.176038419 0.202474014 0.153066313 0.128048737 0.136746268 0.139620617 0.140133317 0.137825692 0.134866055 0.141140973 0.187934819 0.196829017 0.193413686 0.198842146 0.286580633 0.192672167 0.189339841 0.196748588 0.193186585 0.208122635 0.095696948 0.000000000 0.020098105 0.166704333 0.114001024 0.125446655 0.222646172 0.249926245 0.202606775 0.197331407 0.187866903 0.187009008 0.213531516 0.220780453 0.226891725 0.712156397 
36     0.142364583 0.142934223 0.159985979 0.127607936 0.132920102 0.122864446 0.133760892 0.154421874 0.142731441 0.134365167 0.173057249 0.164606998 0.156191054 0.175148519 0.175768177 0.175657837 0.202093432 0.152685731 0.127669027 0.136366558 0.139240906 0.139753606 0.137445982 0.134486344 0.140761262 0.187554236 0.196448434 0.193033104 0.198461564 0.286200051 0.192291585 0.188959258 0.196368006 0.192806003 0.207742053 0.095261518 0.020098105 0.000000000 0.166321541 0.113577107 0.125060254 0.222337609 0.249629119 0.202245666 0.196970298 0.187505795 0.186647899 0.213170407 0.220419344 0.226530616 0.711768312 
33     0.156108475 0.156733139 0.173736482 0.141358439 0.146670605 0.136423993 0.147371223 0.167934282 0.156261820 0.147886962 0.186798806 0.178274766 0.169999033 0.188979620 0.189672108 0.189561769 0.215767911 0.166486545 0.141602553 0.150357273 0.153148516 0.153661215 0.151348908 0.148395316 0.154668314 0.201363801 0.210105276 0.206689945 0.212418159 0.299881666 0.206127100 0.202761173 0.210147045 0.206610812 0.221546862 0.114058426 0.166704333 0.166321541 0.000000000 0.118992824 0.138973878 0.234865537 0.262064620 0.215348509 0.210073140 0.200582303 0.199724407 0.226253105 0.233476956 0.239588228 0.728375170 
38     0.103194280 0.103818945 0.120895690 0.088517646 0.093829813 0.083739618 0.094754712 0.115316957 0.103587881 0.095213970 0.134012668 0.125656519 0.117223241 0.136271854 0.136986924 0.136895692 0.163082727 0.113903332 0.088780124 0.097534158 0.100325401 0.100838100 0.098460457 0.095570838 0.101844764 0.148414593 0.157289746 0.153877117 0.159394287 0.246857793 0.153241757 0.149799030 0.157252163 0.153706455 0.168642505 0.061553892 0.114001024 0.113577107 0.118992824 0.000000000 0.085982185 0.182864890 0.210246440 0.162682343 0.157417721 0.147881678 0.146920188 0.173522700 0.180914029 0.187025301 0.676187215 
49     0.073208417 0.073847488 0.090627767 0.058269715 0.063581951 0.053596707 0.064809515 0.085478677 0.073692594 0.065240450 0.103871631 0.095754281 0.087387982 0.106342829 0.107026545 0.106942301 0.133628159 0.084161647 0.058634957 0.067176298 0.069912802 0.070425502 0.068207235 0.065197682 0.071389513 0.129409525 0.138531259 0.135026212 0.141377875 0.228716422 0.134544197 0.131340756 0.138747021 0.135175324 0.150111374 0.073078716 0.125446655 0.125060254 0.138973878 0.085982185 0.000000000 0.153990912 0.181315025 0.133847847 0.128544777 0.119283949 0.118426402 0.144729893 0.152056497 0.158113094 0.639000918 
47     0.170572894 0.171303676 0.187988728 0.155553946 0.160982854 0.150923063 0.161949032 0.182291884 0.170827172 0.162438196 0.201265262 0.192268551 0.183908078 0.203580527 0.204256161 0.204164928 0.230072132 0.181225817 0.156040019 0.164488025 0.167184477 0.167697176 0.165421827 0.162493954 0.168753775 0.228844026 0.237614025 0.234093115 0.240513772 0.327693190 0.233559357 0.230495802 0.237895038 0.234309073 0.249268416 0.170373392 0.222646172 0.222337609 0.234865537 0.182864890 0.153990912 0.000000000 0.180908729 0.177023020 0.171871606 0.162252152 0.161394257 0.187838182 0.196021713 0.201423994 0.745069715 
34     0.198173849 0.198904631 0.215589683 0.183271643 0.188583809 0.178474408 0.189529958 0.209872810 0.198408098 0.190019122 0.228823682 0.220090884 0.211730411 0.231289132 0.231963262 0.231885018 0.257815608 0.208961661 0.183897161 0.192286971 0.195043482 0.195556181 0.193379445 0.190352959 0.196612780 0.256303615 0.265078065 0.261908966 0.267958742 0.355262170 0.261038408 0.257932995 0.265332231 0.261229462 0.276705609 0.197137476 0.249926245 0.249629119 0.262064620 0.210246440 0.181315025 0.180908729 0.000000000 0.205092884 0.199941469 0.190410367 0.189552472 0.215908045 0.224061351 0.230046284 0.771680667 
27     0.150045598 0.150776379 0.167461431 0.134969892 0.140459295 0.130101083 0.141507599 0.161126162 0.150380980 0.142017313 0.180797728 0.172213739 0.163863653 0.183222703 0.183877788 0.183786555 0.209338556 0.160847444 0.135570551 0.144184418 0.146826869 0.147339568 0.145178797 0.142107384 0.148437788 0.208333492 0.217013553 0.213393071 0.219771717 0.307131680 0.212876048 0.209733025 0.217149310 0.213546296 0.228505638 0.150136099 0.202606775 0.202245666 0.215348509 0.162682343 0.133847847 0.177023020 0.205092884 0.000000000 0.027290671 0.041606870 0.040578286 0.067530844 0.092715841 0.098763205 0.724523858 
29     0.144622938 0.145353720 0.162038772 0.129548119 0.135036636 0.124690540 0.136084940 0.155786785 0.144955006 0.136591339 0.175377012 0.166794462 0.158444376 0.177803427 0.178458511 0.178367279 0.203919280 0.155428168 0.130134023 0.138747890 0.141377773 0.141890473 0.139727203 0.136680172 0.142989786 0.203030422 0.211710483 0.208090001 0.214468647 0.301828609 0.207572978 0.204429955 0.211846240 0.208243226 0.223202568 0.144860731 0.197331407 0.196970298 0.210073140 0.157417721 0.128544777 0.171871606 0.199941469 0.027290671 0.000000000 0.037026423 0.036126255 0.063022935 0.088109680 0.094156029 0.719220916 
42     0.135389137 0.136119918 0.152804970 0.120314317 0.125802834 0.115495565 0.126851139 0.146610357 0.135724519 0.127360852 0.166139584 0.157553118 0.149203032 0.168538931 0.169194016 0.169102783 0.194699901 0.146168612 0.120907698 0.129465868 0.132108319 0.132621018 0.130458302 0.127398150 0.133719238 0.193853422 0.202576587 0.198956105 0.205412294 0.292717103 0.198434588 0.195356446 0.202772731 0.199169717 0.214129060 0.135387980 0.187866903 0.187505795 0.200582303 0.147881678 0.119283949 0.162252152 0.190410367 0.041606870 0.037026423 0.000000000 0.008480616 0.049662930 0.077634397 0.083761390 0.709872444 
31     0.134531241 0.135262023 0.151947075 0.119456422 0.124944939 0.114637670 0.125993243 0.145752462 0.134866624 0.126502957 0.165281689 0.156695223 0.148345137 0.167681036 0.168336120 0.168244888 0.193842006 0.145310717 0.120048559 0.128607972 0.131250423 0.131763123 0.129600407 0.126540255 0.132861343 0.192995527 0.201718692 0.198098210 0.204554399 0.291859208 0.197576294 0.194498551 0.201914836 0.198311822 0.213271164 0.134530085 0.187009008 0.186647899 0.199724407 0.146920188 0.118426402 0.161394257 0.189552472 0.040578286 0.036126255 0.008480616 0.000000000 0.049149473 0.076905162 0.083032154 0.709014548 
45     0.160860342 0.161591123 0.178276176 0.145785522 0.151274039 0.140917222 0.152309286 0.172072229 0.161187597 0.152823930 0.191612590 0.183033870 0.174683784 0.194042835 0.194697919 0.194606687 0.220114812 0.171667576 0.146417417 0.155031283 0.157673734 0.158186434 0.156021511 0.152938207 0.159284653 0.219361209 0.228084373 0.224441218 0.230920081 0.318224890 0.223945624 0.220864233 0.228280518 0.224677504 0.239636846 0.161048835 0.213531516 0.213170407 0.226253105 0.173522700 0.144729893 0.187838182 0.215908045 0.067530844 0.063022935 0.049662930 0.049149473 0.000000000 0.103908833 0.110051720 0.735367198 
41     0.168079774 0.168790924 0.185495607 0.153000699 0.158473840 0.148150795 0.159540639 0.179318964 0.168414019 0.160050352 0.198837113 0.190184392 0.181834306 0.201174565 0.201829650 0.201738417 0.227297730 0.178805006 0.153670141 0.162202847 0.164751979 0.165264679 0.163220464 0.160144843 0.166470881 0.226526043 0.235592342 0.232041278 0.238183051 0.325546700 0.231406858 0.228286779 0.235703063 0.232100049 0.247059392 0.168124323 0.220780453 0.220419344 0.233476956 0.180914029 0.152056497 0.196021713 0.224061351 0.092715841 0.088109680 0.077634397 0.076905162 0.103908833 0.000000000 0.039005868 0.742701180 
40     0.174144636 0.174855786 0.191560469 0.159065561 0.164538702 0.154203505 0.165610607 0.185381557 0.174476612 0.166075207 0.204902097 0.196250009 0.187899923 0.207240182 0.207895266 0.207804034 0.233363347 0.184870622 0.159740081 0.168270750 0.170821958 0.171334658 0.169288367 0.166212746 0.172538784 0.232457763 0.241785481 0.238234417 0.244169126 0.331473936 0.237345625 0.234158078 0.241569601 0.237971030 0.252930139 0.174235594 0.226891725 0.226530616 0.239588228 0.187025301 0.158113094 0.201423994 0.230046284 0.098763205 0.094156029 0.083761390 0.083032154 0.110051720 0.039005868 0.000000000 0.748789542 
0     0.657251523 0.657961809 0.674720201 0.642346342 0.647725649 0.639411254 0.650289715 0.670876980 0.659166397 0.650751131 0.687250449 0.681746155 0.672210786 0.691859627 0.692531599 0.692447354 0.719011737 0.670139444 0.646441006 0.656036358 0.658789035 0.659300709 0.657042634 0.653441192 0.660246736 0.721077313 0.724612227 0.721116240 0.732679279 0.819990590 0.725873899 0.722658619 0.730075876 0.726483048 0.741419098 0.664180039 0.712156397 0.711768312 0.728375170 0.676187215 0.639000918 0.745069715 0.771680667 0.724523858 0.719220916 0.709872444 0.709014548 0.735367198 0.742701180 0.748789542 0.000000000 
