51
42     0.000000000 0.000286470 0.001691470 0.000498790 0.000477230 0.000378830 0.000656070 0.000971370 0.001450490 0.001439430 0.001658580 0.001639780 0.001701330 0.001390710 0.001430490 0.001982820 0.001438900 0.001430510 0.001423130 0.002237340 0.001760880 0.001980420 0.001896990 0.001470590 0.001263030 0.000230780 0.000405390 0.000869050 0.002012600 0.002029410 0.002151250 0.002407620 0.002396840 0.001634400 0.003159570 0.003050260 0.002853490 0.002818860 0.002932200 0.003126170 0.002914580 0.002941230 0.002899030 0.000543850 0.002698210 0.001060210 0.001305070 0.000893020 0.002335420 0.001594560 0.002415540 
35     0.000286470 0.000000000 0.000656680 0.000097470 0.000105240 0.000434400 0.000711640 0.000635100 0.001505300 0.001494240 0.000624370 0.001578250 0.001808920 0.001135740 0.001538080 0.002090410 0.001546490 0.001538100 0.001530720 0.002344930 0.001868470 0.002088010 0.002004580 0.001578180 0.001370620 0.000338370 0.000512980 0.000976640 0.001796420 0.001485260 0.002258840 0.002515210 0.002504430 0.002103410 0.003406880 0.003297570 0.003100800 0.003066170 0.003179510 0.003373480 0.003161890 0.003188540 0.003146340 0.000264890 0.001307580 0.001167800 0.001146270 0.001000610 0.001643700 0.001702150 0.002523130 
43     0.001691470 0.000656680 0.000000000 0.000753970 0.000761740 0.000887880 0.000873120 0.000581680 0.001813230 0.001465980 0.001145850 0.002128240 0.001970530 0.001657220 0.002742140 0.002697400 0.002735790 0.002690660 0.002373180 0.002888800 0.002767170 0.002982380 0.002784550 0.002465650 0.002429170 0.001743370 0.001917980 0.001767650 0.002317900 0.002006740 0.002934880 0.002407920 0.002068660 0.003190110 0.003465970 0.003356660 0.003159890 0.003125260 0.003238600 0.002775670 0.003220980 0.003247630 0.003205430 0.002430210 0.001829060 0.002572800 0.002817660 0.002405610 0.001144320 0.002309550 0.001735550 
45     0.000498790 0.000097470 0.000753970 0.000000000 0.000071380 0.000077100 0.000288150 0.000732390 0.001512310 0.001410520 0.000721660 0.001959690 0.002021240 0.001233030 0.001750400 0.002273210 0.001758810 0.001679880 0.001743040 0.002557250 0.002080790 0.002300330 0.002216900 0.001790500 0.001582940 0.000550690 0.000725300 0.001188960 0.001843260 0.001582550 0.002471160 0.002727530 0.002181980 0.002315730 0.003703580 0.003594270 0.003397500 0.003362870 0.001854180 0.003670180 0.003458590 0.003485240 0.003443040 0.001746080 0.001404870 0.001380120 0.001624980 0.001212930 0.003403460 0.001885360 0.002735450 
22     0.000477230 0.000105240 0.000761740 0.000071380 0.000000000 0.000047110 0.000157810 0.000740160 0.001365400 0.001263610 0.000729430 0.001938130 0.001999680 0.001240800 0.001728840 0.002280980 0.001737250 0.001728860 0.001721480 0.002535690 0.002059230 0.002278770 0.002195340 0.001768940 0.001561380 0.000529130 0.000703740 0.001167400 0.001901480 0.001590320 0.002449600 0.002705970 0.002695190 0.002294170 0.003566420 0.003457110 0.003260340 0.003225710 0.001928850 0.003533020 0.003321430 0.003348080 0.003305880 0.001724520 0.001412640 0.001358560 0.001603420 0.001191370 0.000409580 0.001892910 0.002713890 
40     0.000378830 0.000434400 0.000887880 0.000077100 0.000047110 0.000000000 0.000000390 0.001119300 0.001598420 0.001587360 0.001806510 0.001839730 0.001901280 0.001590660 0.001630440 0.002147690 0.001638850 0.001189440 0.001623080 0.002437290 0.001960830 0.002180370 0.002096940 0.001670540 0.001462980 0.000430730 0.000605340 0.001069000 0.002212550 0.002229360 0.002351200 0.002396930 0.002388410 0.002195770 0.003544630 0.003435320 0.003238550 0.003203920 0.003244700 0.001160510 0.003299640 0.002995620 0.003156890 0.001626120 0.002564980 0.001260160 0.001505020 0.001092970 0.001012290 0.001794510 0.002159000 
34     0.000656070 0.000711640 0.000873120 0.000288150 0.000157810 0.000000390 0.000000000 0.001396540 0.001875660 0.001864600 0.002083750 0.002116970 0.002178520 0.001867900 0.001907680 0.002460010 0.001916090 0.001907700 0.001900320 0.002714530 0.002238070 0.002457610 0.002374180 0.001947780 0.001740220 0.000707970 0.000882580 0.001130430 0.002489790 0.002506600 0.002628440 0.002884810 0.002874030 0.002473010 0.003590160 0.003480850 0.003284080 0.003249450 0.002393090 0.001933770 0.003345170 0.003371820 0.003329620 0.001903360 0.003128800 0.001537400 0.001782260 0.001370210 0.001012380 0.002071750 0.002892730 
25     0.000971370 0.000635100 0.000581680 0.000732390 0.000740160 0.001119300 0.001396540 0.000000000 0.000384500 0.000307750 0.000490630 0.001862310 0.002109750 0.001504920 0.002222980 0.002413580 0.002231390 0.001455330 0.002215620 0.002847290 0.002553370 0.002772910 0.002689480 0.000049660 0.000934690 0.001023270 0.001197880 0.001615350 0.002165600 0.001854440 0.002893370 0.002662820 0.002654300 0.001495380 0.003424460 0.003315150 0.003118380 0.003083750 0.003197090 0.003391060 0.003179470 0.003206120 0.003163920 0.001900950 0.001676760 0.001852700 0.002097560 0.001685510 0.002849190 0.002157250 0.003208030 
31     0.001450490 0.001505300 0.001813230 0.001512310 0.001365400 0.001598420 0.001875660 0.000384500 0.000000000 0.000012780 0.000254710 0.001906700 0.001929720 0.002490900 0.002574050 0.002505450 0.002514250 0.002469120 0.002151640 0.002667260 0.002545630 0.002760840 0.002563010 0.002244110 0.002207630 0.001502390 0.001677000 0.002140660 0.003284210 0.003122860 0.002713340 0.003200430 0.003316460 0.003267430 0.003244430 0.003135120 0.002938350 0.002903720 0.003017060 0.003211030 0.002999440 0.003026090 0.002983890 0.002617280 0.002783070 0.002331820 0.002576680 0.002164630 0.002944310 0.002866170 0.003687150 
11     0.001439430 0.001494240 0.001465980 0.001410520 0.001263610 0.001587360 0.001864600 0.000307750 0.000012780 0.000000000 0.000074840 0.001911610 0.001934630 0.002495810 0.002578960 0.002510360 0.002519160 0.002474030 0.002156550 0.002672170 0.002550540 0.002765750 0.002567920 0.002249020 0.002212540 0.001491330 0.001665940 0.002129600 0.003273150 0.002204120 0.002718250 0.003205340 0.003321370 0.003256370 0.003249340 0.003140030 0.002943260 0.002908630 0.003021970 0.003215940 0.003004350 0.002974690 0.002988800 0.002622190 0.002787980 0.002320760 0.002565620 0.002153570 0.002949220 0.002855110 0.003676090 
18     0.001658580 0.000624370 0.001145850 0.000721660 0.000729430 0.001806510 0.002083750 0.000490630 0.000254710 0.000074840 0.000000000 0.001722820 0.001703510 0.001494190 0.002579110 0.002534370 0.002756730 0.002743150 0.002425670 0.002941290 0.002819660 0.003034870 0.002837040 0.002352930 0.002481660 0.001710480 0.001885090 0.001604620 0.002154870 0.001843710 0.002987370 0.003355770 0.003319980 0.003027080 0.003518460 0.003409150 0.003212380 0.003177750 0.003291090 0.003485060 0.003273470 0.003300120 0.003257920 0.002866040 0.001666030 0.002539910 0.002763790 0.002372720 0.003218340 0.002146520 0.003895240 
23     0.001639780 0.001578250 0.002128240 0.001959690 0.001938130 0.001839730 0.002116970 0.001862310 0.001906700 0.001911610 0.001722820 0.000000000 0.000040730 0.001421800 0.002112850 0.001910690 0.002053050 0.001958710 0.001865060 0.002206060 0.001222080 0.002299640 0.002101810 0.001782910 0.001746430 0.001551660 0.001555950 0.001703080 0.002253330 0.001942170 0.001740520 0.002421900 0.002413380 0.002523570 0.002869130 0.000738570 0.002525720 0.002014220 0.001935470 0.002077780 0.002024590 0.002108540 0.002076850 0.001375620 0.001764490 0.002277550 0.000847340 0.002165630 0.001086410 0.002244980 0.003737480 
37     0.001701330 0.001808920 0.001970530 0.002021240 0.001999680 0.001901280 0.002178520 0.002109750 0.001929720 0.001934630 0.001703510 0.000040730 0.000000000 0.002052720 0.001181540 0.002067270 0.002076070 0.001918610 0.001888080 0.002229080 0.002107450 0.002322660 0.002124830 0.001805930 0.001769450 0.001613210 0.001611060 0.002252540 0.003037520 0.002783940 0.001763540 0.002381800 0.002373280 0.002483470 0.002905510 0.002796200 0.002599430 0.002564800 0.002678140 0.002872110 0.002660520 0.002687170 0.002644970 0.002043960 0.002095190 0.002443700 0.002590310 0.002276510 0.002605390 0.002978050 0.003799030 
44     0.001390710 0.001135740 0.001657220 0.001233030 0.001240800 0.001590660 0.001867900 0.001504920 0.002490900 0.002495810 0.001494190 0.001421800 0.002052720 0.000000000 0.000756480 0.000803730 0.000764890 0.000756500 0.000447140 0.001563330 0.000511300 0.001306410 0.000859180 0.001396100 0.001525880 0.001382790 0.001557400 0.000879170 0.001429420 0.001118260 0.002836340 0.002710550 0.002700860 0.002301630 0.003466690 0.003357380 0.003160610 0.003125980 0.003239320 0.003433290 0.003221700 0.003248350 0.003206150 0.002143920 0.000940580 0.002212220 0.001615640 0.002045030 0.003166570 0.001421070 0.003567550 
32     0.001430490 0.001538080 0.002742140 0.001750400 0.001728840 0.001630440 0.001907680 0.002222980 0.002574050 0.002578960 0.002579110 0.002112850 0.001181540 0.000756480 0.000000000 0.000048200 0.000063690 0.000055300 0.000418830 0.000930210 0.000453750 0.000673290 0.000589860 0.002364340 0.002327860 0.001422570 0.001597180 0.001964090 0.002514340 0.002203180 0.002919490 0.002516150 0.002507630 0.002617820 0.003549840 0.003440530 0.003243760 0.003209130 0.003322470 0.003400200 0.003304850 0.003331500 0.003289300 0.002338670 0.002025500 0.002252000 0.002496860 0.002084810 0.003249720 0.002505990 0.003607330 
17     0.001982820 0.002090410 0.002697400 0.002273210 0.002280980 0.002147690 0.002460010 0.002413580 0.002505450 0.002510360 0.002534370 0.001910690 0.002067270 0.000803730 0.000048200 0.000000000 0.000411400 0.000369740 0.000112800 0.001356300 0.000879840 0.000969610 0.000992660 0.002295740 0.002259260 0.001974900 0.002100870 0.001919350 0.002469600 0.002158440 0.002850890 0.002339020 0.002330500 0.002440690 0.003481240 0.003371930 0.003175160 0.003140530 0.003253870 0.003314610 0.002729290 0.003262900 0.003220700 0.002161540 0.001980760 0.002577790 0.002104530 0.002637140 0.003181120 0.002461250 0.004159660 
47     0.001438900 0.001546490 0.002735790 0.001758810 0.001737250 0.001638850 0.001916090 0.002231390 0.002514250 0.002519160 0.002756730 0.002053050 0.002076070 0.000764890 0.000063690 0.000411400 0.000000000 0.000008730 0.000520790 0.000938620 0.000462160 0.000681700 0.000598270 0.002304540 0.002268060 0.001430980 0.001605590 0.002069250 0.003175460 0.002864300 0.002859690 0.003342800 0.003490360 0.003196020 0.003490040 0.003380730 0.003183960 0.003149330 0.003262670 0.003456640 0.002438880 0.001345300 0.001761020 0.002626370 0.002686620 0.002260410 0.002505270 0.002093220 0.003189920 0.002794760 0.003615740 
8     0.001430510 0.001538100 0.002690660 0.001679880 0.001728860 0.001189440 0.001907700 0.001455330 0.002469120 0.002474030 0.002743150 0.001958710 0.001918610 0.000756500 0.000055300 0.000369740 0.000008730 0.000000000 0.000505180 0.000930230 0.000453770 0.000673310 0.000589880 0.002259410 0.002222930 0.001397050 0.001597200 0.002060860 0.002925790 0.002614630 0.002102300 0.001380770 0.001372250 0.001482440 0.002757470 0.002807230 0.003138830 0.003104200 0.003217540 0.003411510 0.002328650 0.001235070 0.001650790 0.001203290 0.001548820 0.001619540 0.001718780 0.002084830 0.001595140 0.002786370 0.003607350 
15     0.001423130 0.001530720 0.002373180 0.001743040 0.001721480 0.001623080 0.001900320 0.002215620 0.002151640 0.002156550 0.002425670 0.001865060 0.001888080 0.000447140 0.000418830 0.000112800 0.000520790 0.000505180 0.000000000 0.001595750 0.001113590 0.000839170 0.000830220 0.002202470 0.002165990 0.001415210 0.001589820 0.002053480 0.003197030 0.003081220 0.002671700 0.002243380 0.002234860 0.002345050 0.003202790 0.003093480 0.002896710 0.002862080 0.002975420 0.003152170 0.002957800 0.002984450 0.002942250 0.002065900 0.002411430 0.002244640 0.002217090 0.002059050 0.002902670 0.002778990 0.003599970 
33     0.002237340 0.002344930 0.002888800 0.002557250 0.002535690 0.002437290 0.002714530 0.002847290 0.002667260 0.002672170 0.002941290 0.002206060 0.002229080 0.001563330 0.000930210 0.001356300 0.000938620 0.000930230 0.001595750 0.000000000 0.000059550 0.000032690 0.000064910 0.002457550 0.002421070 0.002229420 0.002262680 0.002867690 0.003775060 0.003521480 0.003012700 0.003536430 0.003683990 0.003736480 0.003643050 0.003533740 0.003336970 0.003302340 0.003415680 0.003609650 0.003398060 0.002190710 0.003295840 0.003015900 0.003181690 0.003058850 0.003037620 0.002891660 0.003342930 0.003593200 0.004414180 
14     0.001760880 0.001868470 0.002767170 0.002080790 0.002059230 0.001960830 0.002238070 0.002553370 0.002545630 0.002550540 0.002819660 0.001222080 0.002107450 0.000511300 0.000453750 0.000879840 0.000462160 0.000453770 0.001113590 0.000059550 0.000000000 0.000001120 0.000322240 0.002335920 0.002299440 0.001752960 0.001927570 0.002391230 0.003534780 0.003399850 0.002891070 0.003467520 0.003593450 0.003518000 0.003521420 0.003412110 0.003215340 0.003180710 0.003294050 0.003488020 0.003276430 0.003303080 0.003260880 0.002341220 0.003060060 0.002582390 0.001812940 0.002415200 0.003221300 0.003116740 0.003937720 
38     0.001980420 0.002088010 0.002982380 0.002300330 0.002278770 0.002180370 0.002457610 0.002772910 0.002760840 0.002765750 0.003034870 0.002299640 0.002322660 0.001306410 0.000673290 0.000969610 0.000681700 0.000673310 0.000839170 0.000032690 0.000001120 0.000000000 0.000344990 0.002551130 0.002514650 0.001972500 0.002147110 0.002610770 0.003754320 0.003615060 0.003106280 0.003284510 0.003432070 0.003484560 0.003736630 0.003627320 0.003327550 0.003395920 0.003509260 0.003703230 0.003491640 0.003518290 0.003368870 0.003109480 0.003125530 0.002801930 0.003046790 0.002634740 0.003436510 0.003336280 0.004157260 
4     0.001896990 0.002004580 0.002784550 0.002216900 0.002195340 0.002096940 0.002374180 0.002689480 0.002563010 0.002567920 0.002837040 0.002101810 0.002124830 0.000859180 0.000589860 0.000992660 0.000598270 0.000589880 0.000830220 0.000064910 0.000322240 0.000344990 0.000000000 0.002353300 0.002316820 0.001889070 0.002063680 0.002527340 0.003670810 0.003417230 0.002908450 0.003108860 0.003256420 0.003308910 0.003538800 0.003429490 0.003151900 0.003198090 0.003311430 0.003505400 0.003293810 0.003320460 0.003061780 0.002911650 0.002949880 0.002718500 0.002963360 0.002551310 0.003238680 0.003252850 0.004073830 
28     0.001470590 0.001578180 0.002465650 0.001790500 0.001768940 0.001670540 0.001947780 0.000049660 0.002244110 0.002249020 0.002352930 0.001782910 0.001805930 0.001396100 0.002364340 0.002295740 0.002304540 0.002259410 0.002202470 0.002457550 0.002335920 0.002551130 0.002353300 0.000000000 0.000153880 0.000429670 0.001565450 0.001737910 0.002288160 0.001977000 0.002589550 0.002905680 0.003053240 0.003105730 0.003219900 0.003110590 0.002913820 0.002257840 0.002992530 0.003186500 0.002974910 0.003001560 0.002959360 0.002592750 0.001799320 0.002291980 0.002536840 0.002124790 0.002919780 0.002279810 0.003647310 
39     0.001263030 0.001370620 0.002429170 0.001582940 0.001561380 0.001462980 0.001740220 0.000934690 0.002207630 0.002212540 0.002481660 0.001746430 0.001769450 0.001525880 0.002327860 0.002259260 0.002268060 0.002222930 0.002165990 0.002421070 0.002299440 0.002514650 0.002316820 0.000153880 0.000000000 0.001254990 0.001429600 0.001893260 0.003036810 0.002838610 0.002553070 0.002805080 0.002952640 0.003005130 0.003183420 0.003074110 0.002848120 0.002747630 0.002956050 0.003150020 0.002938430 0.002965080 0.002922880 0.002450380 0.002646100 0.002084420 0.002329280 0.001917230 0.002883300 0.002618770 0.001544720 
48     0.000230780 0.000338370 0.001743370 0.000550690 0.000529130 0.000430730 0.000707970 0.001023270 0.001502390 0.001491330 0.001710480 0.001551660 0.001613210 0.001382790 0.001422570 0.001974900 0.001430980 0.001397050 0.001415210 0.002229420 0.001752960 0.001972500 0.001889070 0.000429670 0.001254990 0.000000000 0.000058620 0.000781990 0.001925540 0.001942350 0.001726400 0.002320560 0.002309780 0.001908760 0.003194110 0.003084800 0.002837180 0.002853400 0.002966740 0.003160710 0.002949120 0.002975770 0.002933570 0.001339110 0.002635160 0.000973150 0.001218010 0.000805960 0.002893990 0.001507500 0.002328480 
7     0.000405390 0.000512980 0.001917980 0.000725300 0.000703740 0.000605340 0.000882580 0.001197880 0.001677000 0.001665940 0.001885090 0.001555950 0.001611060 0.001557400 0.001597180 0.002100870 0.001605590 0.001597200 0.001589820 0.002262680 0.001927570 0.002147110 0.002063680 0.001565450 0.001429600 0.000058620 0.000000000 0.000956600 0.002100150 0.002116960 0.002238800 0.002495170 0.002484390 0.002083370 0.003025030 0.002915720 0.002718950 0.002684320 0.002797660 0.002991630 0.002780040 0.002806690 0.002764490 0.001513720 0.002521330 0.001147760 0.001392620 0.000980570 0.002724910 0.001682110 0.002503090 
29     0.000869050 0.000976640 0.001767650 0.001188960 0.001167400 0.001069000 0.001130430 0.001615350 0.002140660 0.002129600 0.001604620 0.001703080 0.002252540 0.000879170 0.001964090 0.001919350 0.002069250 0.002060860 0.002053480 0.002867690 0.002391230 0.002610770 0.002527340 0.001737910 0.001893260 0.000781990 0.000956600 0.000000000 0.000602070 0.000290910 0.002694200 0.002726400 0.002809450 0.002410220 0.002770400 0.002661090 0.002464320 0.002429690 0.002543030 0.002737000 0.002525410 0.002552060 0.002509860 0.001969120 0.001049170 0.001603160 0.001848020 0.001435970 0.002532060 0.001529660 0.002958490 
30     0.002012600 0.001796420 0.002317900 0.001843260 0.001901480 0.002212550 0.002489790 0.002165600 0.003284210 0.003273150 0.002154870 0.002253330 0.003037520 0.001429420 0.002514340 0.002469600 0.003175460 0.002925790 0.003197030 0.003775060 0.003534780 0.003754320 0.003670810 0.002288160 0.003036810 0.001925540 0.002100150 0.000602070 0.000000000 0.000002320 0.001491910 0.003369390 0.003359700 0.002960470 0.002757530 0.003312640 0.003115870 0.003081240 0.003194580 0.003388550 0.003176960 0.003203610 0.003161410 0.002794800 0.001599420 0.002746710 0.002991570 0.002579520 0.003183610 0.002079910 0.004102040 
1     0.002029410 0.001485260 0.002006740 0.001582550 0.001590320 0.002229360 0.002506600 0.001854440 0.003122860 0.002204120 0.001843710 0.001942170 0.002783940 0.001118260 0.002203180 0.002158440 0.002864300 0.002614630 0.003081220 0.003521480 0.003399850 0.003615060 0.003417230 0.001977000 0.002838610 0.001942350 0.002116960 0.000290910 0.000002320 0.000000000 0.001537680 0.003058230 0.003048540 0.002649310 0.003168370 0.003059060 0.002862290 0.002827660 0.002941000 0.003134970 0.002923380 0.002950030 0.002907830 0.002541220 0.001288260 0.002762560 0.002852480 0.002596330 0.002930030 0.001768750 0.004118850 
24     0.002151250 0.002258840 0.002934880 0.002471160 0.002449600 0.002351200 0.002628440 0.002893370 0.002713340 0.002718250 0.002987370 0.001740520 0.001763540 0.002836340 0.002919490 0.002850890 0.002859690 0.002102300 0.002671700 0.003012700 0.002891070 0.003106280 0.002908450 0.002589550 0.002553070 0.001726400 0.002238800 0.002694200 0.001491910 0.001537680 0.000000000 0.000800060 0.000790370 0.000701040 0.001506590 0.001556350 0.002692300 0.000506190 0.002900290 0.003565880 0.003444140 0.003470790 0.003428590 0.001828410 0.002105910 0.001973570 0.002391930 0.002373790 0.003389010 0.003183930 0.004128470 
16     0.002407620 0.002515210 0.002407920 0.002727530 0.002705970 0.002396930 0.002884810 0.002662820 0.003200430 0.003205340 0.003355770 0.002421900 0.002381800 0.002710550 0.002516150 0.002339020 0.003342800 0.001380770 0.002243380 0.003536430 0.003467520 0.003284510 0.003108860 0.002905680 0.002805080 0.002320560 0.002495170 0.002726400 0.003369390 0.003058230 0.000800060 0.000000000 0.000013050 0.000516960 0.002752380 0.002802140 0.002363870 0.001798540 0.002896970 0.003090940 0.002879350 0.002906000 0.002863800 0.001547240 0.002006290 0.002077010 0.002176250 0.002738760 0.003007600 0.003177740 0.004384840 
3     0.002396840 0.002504430 0.002068660 0.002181980 0.002695190 0.002388410 0.002874030 0.002654300 0.003316460 0.003321370 0.003319980 0.002413380 0.002373280 0.002700860 0.002507630 0.002330500 0.003490360 0.001372250 0.002234860 0.003683990 0.003593450 0.003432070 0.003256420 0.003053240 0.002952640 0.002309780 0.002484390 0.002809450 0.003359700 0.003048540 0.000790370 0.000013050 0.000000000 0.000487910 0.002743860 0.002793620 0.002910960 0.002899660 0.003013000 0.003206970 0.002995380 0.003022030 0.001833370 0.001538720 0.000470500 0.002068490 0.001675900 0.002727980 0.003123630 0.003168050 0.004374060 
12     0.001634400 0.002103410 0.003190110 0.002315730 0.002294170 0.002195770 0.002473010 0.001495380 0.003267430 0.003256370 0.003027080 0.002523570 0.002483470 0.002301630 0.002617820 0.002440690 0.003196020 0.001482440 0.002345050 0.003736480 0.003518000 0.003484560 0.003308910 0.003105730 0.003005130 0.001908760 0.002083370 0.002410220 0.002960470 0.002649310 0.000701040 0.000516960 0.000487910 0.000000000 0.002907990 0.002957750 0.002767660 0.003242010 0.003368210 0.002515590 0.003350590 0.003377240 0.003335040 0.001648910 0.002009070 0.002178680 0.002254110 0.002326960 0.003478840 0.002768820 0.003973040 
19     0.003159570 0.003406880 0.003465970 0.003703580 0.003566420 0.003544630 0.003590160 0.003424460 0.003244430 0.003249340 0.003518460 0.002869130 0.002905510 0.003466690 0.003549840 0.003481240 0.003490040 0.002757470 0.003202790 0.003643050 0.003521420 0.003736630 0.003538800 0.003219900 0.003183420 0.003194110 0.003025030 0.002770400 0.002757530 0.003168370 0.001506590 0.002752380 0.002743860 0.002907990 0.000000000 0.000008700 0.001296030 0.000960270 0.001083090 0.001659710 0.001094070 0.001369010 0.001008470 0.001948610 0.002890360 0.003453710 0.003536440 0.003741060 0.003051600 0.003713150 0.006140760 
5     0.003050260 0.003297570 0.003356660 0.003594270 0.003457110 0.003435320 0.003480850 0.003315150 0.003135120 0.003140030 0.003409150 0.000738570 0.002796200 0.003357380 0.003440530 0.003371930 0.003380730 0.002807230 0.003093480 0.003533740 0.003412110 0.003627320 0.003429490 0.003110590 0.003074110 0.003084800 0.002915720 0.002661090 0.003312640 0.003059060 0.001556350 0.002802140 0.002793620 0.002957750 0.000008700 0.000000000 0.001101680 0.000967310 0.001090130 0.001867740 0.001101110 0.001376050 0.001015510 0.002385160 0.002633130 0.003479250 0.003427130 0.003977560 0.002942290 0.003603840 0.006139900 
26     0.002853490 0.003100800 0.003159890 0.003397500 0.003260340 0.003238550 0.003284080 0.003118380 0.002938350 0.002943260 0.003212380 0.002525720 0.002599430 0.003160610 0.003243760 0.003175160 0.003183960 0.003138830 0.002896710 0.003336970 0.003215340 0.003327550 0.003151900 0.002913820 0.002848120 0.002837180 0.002718950 0.002464320 0.003115870 0.002862290 0.002692300 0.002363870 0.002910960 0.002767660 0.001296030 0.001101680 0.000000000 0.000004270 0.001890730 0.000661790 0.001370090 0.001684980 0.001520210 0.002188390 0.002584280 0.003282480 0.002948830 0.003397650 0.002745520 0.003407070 0.006944160 
9     0.002818860 0.003066170 0.003125260 0.003362870 0.003225710 0.003203920 0.003249450 0.003083750 0.002903720 0.002908630 0.003177750 0.002014220 0.002564800 0.003125980 0.003209130 0.003140530 0.003149330 0.003104200 0.002862080 0.003302340 0.003180710 0.003395920 0.003198090 0.002257840 0.002747630 0.002853400 0.002684320 0.002429690 0.003081240 0.002827660 0.000506190 0.001798540 0.002899660 0.003242010 0.000960270 0.000967310 0.000004270 0.000000000 0.001306760 0.001698630 0.001317740 0.001592680 0.001232140 0.002153760 0.002549650 0.002998070 0.002751500 0.002886150 0.002710890 0.003372440 0.003826740 
13     0.002932200 0.003179510 0.003238600 0.001854180 0.001928850 0.003244700 0.002393090 0.003197090 0.003017060 0.003021970 0.003291090 0.001935470 0.002678140 0.003239320 0.003322470 0.003253870 0.003262670 0.003217540 0.002975420 0.003415680 0.003294050 0.003509260 0.003311430 0.002992530 0.002956050 0.002966740 0.002797660 0.002543030 0.003194580 0.002941000 0.002900290 0.002896970 0.003013000 0.003368210 0.001083090 0.001090130 0.001890730 0.001306760 0.000000000 0.000343080 0.000155920 0.000552670 0.000222160 0.002267100 0.002662990 0.000614210 0.002023290 0.000282850 0.002824230 0.003485780 0.003390700 
21     0.003126170 0.003373480 0.002775670 0.003670180 0.003533020 0.001160510 0.001933770 0.003391060 0.003211030 0.003215940 0.003485060 0.002077780 0.002872110 0.003433290 0.003400200 0.003314610 0.003456640 0.003411510 0.003152170 0.003609650 0.003488020 0.003703230 0.003505400 0.003186500 0.003150020 0.003160710 0.002991630 0.002737000 0.003388550 0.003134970 0.003565880 0.003090940 0.003206970 0.002515590 0.001659710 0.001867740 0.000661790 0.001698630 0.000343080 0.000000000 0.000388250 0.000929060 0.000469190 0.002461070 0.002856960 0.003061630 0.003503040 0.002949710 0.003018200 0.001063460 0.008327840 
2     0.002914580 0.003161890 0.003220980 0.003458590 0.003321430 0.003299640 0.003345170 0.003179470 0.002999440 0.003004350 0.003273470 0.002024590 0.002660520 0.003221700 0.003304850 0.002729290 0.002438880 0.002328650 0.002957800 0.003398060 0.003276430 0.003491640 0.003293810 0.002974910 0.002938430 0.002949120 0.002780040 0.002525410 0.003176960 0.002923380 0.003444140 0.002879350 0.002995380 0.003350590 0.001094070 0.001101110 0.001370090 0.001317740 0.000155920 0.000388250 0.000000000 0.000325270 0.000126720 0.002249480 0.002645370 0.003008440 0.003291450 0.002896520 0.002806610 0.003468160 0.006472820 
36     0.002941230 0.003188540 0.003247630 0.003485240 0.003348080 0.002995620 0.003371820 0.003206120 0.003026090 0.002974690 0.003300120 0.002108540 0.002687170 0.003248350 0.003331500 0.003262900 0.001345300 0.001235070 0.002984450 0.002190710 0.003303080 0.003518290 0.003320460 0.003001560 0.002965080 0.002975770 0.002806690 0.002552060 0.003203610 0.002950030 0.003470790 0.002906000 0.003022030 0.003377240 0.001369010 0.001376050 0.001684980 0.001592680 0.000552670 0.000929060 0.000325270 0.000000000 0.000301210 0.002276130 0.002672020 0.003092390 0.003182640 0.002980470 0.002833260 0.003494810 0.005618100 
46     0.002899030 0.003146340 0.003205430 0.003443040 0.003305880 0.003156890 0.003329620 0.003163920 0.002983890 0.002988800 0.003257920 0.002076850 0.002644970 0.003206150 0.003289300 0.003220700 0.001761020 0.001650790 0.002942250 0.003295840 0.003260880 0.003368870 0.003061780 0.002959360 0.002922880 0.002933570 0.002764490 0.002509860 0.003161410 0.002907830 0.003428590 0.002863800 0.001833370 0.003335040 0.001008470 0.001015510 0.001520210 0.001232140 0.000222160 0.000469190 0.000126720 0.000301210 0.000000000 0.002233930 0.002629820 0.003060700 0.003028910 0.002948780 0.002791060 0.003452610 0.002997040 
41     0.000543850 0.000264890 0.002430210 0.001746080 0.001724520 0.001626120 0.001903360 0.001900950 0.002617280 0.002622190 0.002866040 0.001375620 0.002043960 0.002143920 0.002338670 0.002161540 0.002626370 0.001203290 0.002065900 0.003015900 0.002341220 0.003109480 0.002911650 0.002592750 0.002450380 0.001339110 0.001513720 0.001969120 0.002794800 0.002541220 0.001828410 0.001547240 0.001538720 0.001648910 0.001948610 0.002385160 0.002188390 0.002153760 0.002267100 0.002461070 0.002249480 0.002276130 0.002233930 0.000000000 0.001828810 0.001847680 0.000943640 0.001680490 0.001853850 0.002382030 0.003403390 
27     0.002698210 0.001307580 0.001829060 0.001404870 0.001412640 0.002564980 0.003128800 0.001676760 0.002783070 0.002787980 0.001666030 0.001764490 0.002095190 0.000940580 0.002025500 0.001980760 0.002686620 0.001548820 0.002411430 0.003181690 0.003060060 0.003125530 0.002949880 0.001799320 0.002646100 0.002635160 0.002521330 0.001049170 0.001599420 0.001288260 0.002105910 0.002006290 0.000470500 0.002009070 0.002890360 0.002633130 0.002584280 0.002549650 0.002662990 0.002856960 0.002645370 0.002672020 0.002629820 0.001828810 0.000000000 0.001359360 0.001458600 0.002390810 0.002491980 0.001407770 0.004755510 
20     0.001060210 0.001167800 0.002572800 0.001380120 0.001358560 0.001260160 0.001537400 0.001852700 0.002331820 0.002320760 0.002539910 0.002277550 0.002443700 0.002212220 0.002252000 0.002577790 0.002260410 0.001619540 0.002244640 0.003058850 0.002582390 0.002801930 0.002718500 0.002291980 0.002084420 0.000973150 0.001147760 0.001603160 0.002746710 0.002762560 0.001973570 0.002077010 0.002068490 0.002178680 0.003453710 0.003479250 0.003282480 0.002998070 0.000614210 0.003061630 0.003008440 0.003092390 0.003060700 0.001847680 0.001359360 0.000000000 0.000099180 0.000100300 0.003190180 0.001405310 0.003037430 
10     0.001305070 0.001146270 0.002817660 0.001624980 0.001603420 0.001505020 0.001782260 0.002097560 0.002576680 0.002565620 0.002763790 0.000847340 0.002590310 0.001615640 0.002496860 0.002104530 0.002505270 0.001718780 0.002217090 0.003037620 0.001812940 0.003046790 0.002963360 0.002536840 0.002329280 0.001218010 0.001392620 0.001848020 0.002991570 0.002852480 0.002391930 0.002176250 0.001675900 0.002254110 0.003536440 0.003427130 0.002948830 0.002751500 0.002023290 0.003503040 0.003291450 0.003182640 0.003028910 0.000943640 0.001458600 0.000099180 0.000000000 0.000539860 0.002735230 0.001650170 0.003282290 
6     0.000893020 0.001000610 0.002405610 0.001212930 0.001191370 0.001092970 0.001370210 0.001685510 0.002164630 0.002153570 0.002372720 0.002165630 0.002276510 0.002045030 0.002084810 0.002637140 0.002093220 0.002084830 0.002059050 0.002891660 0.002415200 0.002634740 0.002551310 0.002124790 0.001917230 0.000805960 0.000980570 0.001435970 0.002579520 0.002596330 0.002373790 0.002738760 0.002727980 0.002326960 0.003741060 0.003977560 0.003397650 0.002886150 0.000282850 0.002949710 0.002896520 0.002980470 0.002948780 0.001680490 0.002390810 0.000100300 0.000539860 0.000000000 0.003943640 0.001238120 0.002870240 
49     0.002335420 0.001643700 0.001144320 0.003403460 0.000409580 0.001012290 0.001012380 0.002849190 0.002944310 0.002949220 0.003218340 0.001086410 0.002605390 0.003166570 0.003249720 0.003181120 0.003189920 0.001595140 0.002902670 0.003342930 0.003221300 0.003436510 0.003238680 0.002919780 0.002883300 0.002893990 0.002724910 0.002532060 0.003183610 0.002930030 0.003389010 0.003007600 0.003123630 0.003478840 0.003051600 0.002942290 0.002745520 0.002710890 0.002824230 0.003018200 0.002806610 0.002833260 0.002791060 0.001853850 0.002491980 0.003190180 0.002735230 0.003943640 0.000000000 0.001105100 0.006298810 
50     0.001594560 0.001702150 0.002309550 0.001885360 0.001892910 0.001794510 0.002071750 0.002157250 0.002866170 0.002855110 0.002146520 0.002244980 0.002978050 0.001421070 0.002505990 0.002461250 0.002794760 0.002786370 0.002778990 0.003593200 0.003116740 0.003336280 0.003252850 0.002279810 0.002618770 0.001507500 0.001682110 0.001529660 0.002079910 0.001768750 0.003183930 0.003177740 0.003168050 0.002768820 0.003713150 0.003603840 0.003407070 0.003372440 0.003485780 0.001063460 0.003468160 0.003494810 0.003452610 0.002382030 0.001407770 0.001405310 0.001650170 0.001238120 0.001105100 0.000000000 0.003571780 
0     0.002415540 0.002523130 0.001735550 0.002735450 0.002713890 0.002159000 0.002892730 0.003208030 0.003687150 0.003676090 0.003895240 0.003737480 0.003799030 0.003567550 0.003607330 0.004159660 0.003615740 0.003607350 0.003599970 0.004414180 0.003937720 0.004157260 0.004073830 0.003647310 0.001544720 0.002328480 0.002503090 0.002958490 0.004102040 0.004118850 0.004128470 0.004384840 0.004374060 0.003973040 0.006140760 0.006139900 0.006944160 0.003826740 0.003390700 0.008327840 0.006472820 0.005618100 0.002997040 0.003403390 0.004755510 0.003037430 0.003282290 0.002870240 0.006298810 0.003571780 0.000000000 
