51
42     0.000000000 0.040408116 0.042215805 0.040769580 0.040654597 0.041576593 0.041572798 0.040185655 0.039224905 0.039229739 0.039768334 0.036985130 0.037530723 0.043821343 0.045775171 0.045874970 0.044252881 0.044344265 0.046784227 0.046545814 0.046451516 0.047684229 0.046559277 0.044226985 0.044385103 0.040713131 0.040631520 0.060065584 0.062504048 0.062610468 0.064600328 0.061494727 0.061392903 0.060057790 0.060844112 0.061276589 0.058917969 0.059360326 0.060735665 0.062557938 0.060880458 0.060431139 0.059642707 0.054621221 0.056343442 0.060766538 0.060460018 0.062778308 0.062973348 0.067971410 0.128300314 
35     0.040408116 0.000000000 0.030308691 0.028704758 0.028543398 0.029345629 0.029411552 0.035175299 0.034541216 0.034606495 0.034985039 0.038018029 0.038524033 0.044617415 0.046613736 0.046736022 0.045086679 0.045203495 0.047588108 0.047472267 0.047384871 0.048621727 0.047487489 0.044874258 0.045078723 0.041347908 0.041263735 0.060639685 0.063089450 0.063198512 0.064944587 0.061846842 0.061730549 0.060461916 0.061496249 0.061928167 0.059481857 0.059904883 0.061279696 0.063101378 0.061437665 0.060973336 0.060162420 0.055108609 0.056719091 0.061173996 0.060862311 0.063180372 0.063569941 0.068535907 0.128734320 
43     0.042215805 0.030308691 0.000000000 0.025424396 0.025372710 0.026135286 0.026105641 0.036919780 0.036280480 0.036359988 0.036775510 0.039770654 0.040250935 0.046395372 0.048424139 0.048546425 0.046900910 0.047000047 0.049379933 0.049287483 0.049193137 0.050417986 0.049295755 0.046564437 0.046768903 0.043090173 0.042987994 0.062376044 0.064826869 0.064947516 0.066796088 0.063683112 0.063575367 0.062281753 0.063223219 0.063655137 0.061205614 0.061638046 0.062977383 0.064772963 0.063092960 0.062690662 0.061841128 0.056751660 0.058577475 0.063058901 0.062753774 0.065075037 0.065340207 0.070336688 0.130090012 
45     0.040769580 0.028704758 0.025424396 0.000000000 0.007215865 0.015057913 0.015248243 0.035478787 0.034783394 0.034861713 0.035315845 0.038383884 0.038889885 0.044978774 0.047002855 0.047125141 0.045495677 0.045594719 0.047981109 0.047859424 0.047765078 0.048989927 0.047867696 0.045042010 0.045246475 0.041592282 0.041510738 0.061027907 0.063463880 0.063596101 0.065430309 0.062311507 0.062170558 0.060915973 0.061894109 0.062326027 0.059917681 0.060350113 0.061720235 0.063541112 0.061829449 0.061416224 0.060557647 0.055558381 0.057195993 0.061697597 0.061391093 0.063713734 0.063878062 0.068892060 0.129174445 
22     0.040654597 0.028543398 0.025372710 0.007215865 0.000000000 0.014978634 0.015108433 0.035340892 0.034645923 0.034724242 0.035178374 0.038270829 0.038776831 0.044862607 0.046889839 0.047012124 0.045384240 0.045483377 0.047869470 0.047747091 0.047652745 0.048877594 0.047755363 0.044922509 0.045126974 0.041484796 0.041403373 0.060911692 0.063347665 0.063479885 0.065314094 0.062195292 0.062054120 0.060799758 0.061777894 0.062209812 0.059801466 0.060233898 0.061604020 0.063424897 0.061713233 0.061300009 0.060442598 0.055436363 0.057079778 0.061581382 0.061274877 0.063597518 0.063761847 0.068775844 0.129058230 
40     0.041576593 0.029345629 0.026135286 0.015057913 0.014978634 0.000000000 0.009492769 0.036168854 0.035518791 0.035597110 0.036051241 0.039217888 0.039723892 0.045877933 0.047896014 0.048018300 0.046390416 0.046489553 0.048875645 0.048753266 0.048658920 0.049883769 0.048761538 0.045912759 0.046117225 0.042473263 0.042391840 0.061732847 0.064252792 0.064378707 0.066243661 0.063126030 0.062989275 0.061729325 0.062686322 0.063118240 0.060709894 0.061142326 0.062503282 0.064338349 0.062633823 0.062204149 0.061345572 0.056391659 0.057975050 0.062438735 0.062136315 0.064457434 0.064683902 0.069697899 0.129829621 
34     0.041572798 0.029411552 0.026105641 0.015248243 0.015108433 0.009492769 0.000000000 0.036179236 0.035489095 0.035567414 0.036050552 0.039216016 0.039722020 0.045875391 0.047891125 0.048013410 0.046385526 0.046484663 0.048870755 0.048748377 0.048654030 0.049878880 0.048756649 0.045910345 0.046114810 0.042469339 0.042387916 0.061722978 0.064251790 0.064378606 0.066256255 0.063136247 0.062999493 0.061741919 0.062749341 0.063181259 0.060772913 0.061205345 0.062575078 0.064416304 0.062704471 0.062277672 0.061419095 0.056406183 0.057998818 0.062441376 0.062138586 0.064459849 0.064713300 0.069723115 0.129990792 
25     0.040185655 0.035175299 0.036919780 0.035478787 0.035340892 0.036168854 0.036179236 0.000000000 0.024633967 0.024645719 0.025174004 0.037695121 0.038201125 0.044281607 0.046240929 0.046294274 0.044739516 0.044830900 0.047287248 0.047149833 0.047055487 0.048280336 0.047158105 0.044567724 0.044772189 0.041173134 0.041091712 0.060489205 0.062875874 0.062990103 0.064993938 0.061898400 0.061786500 0.060432112 0.061477154 0.061909072 0.059419584 0.059881194 0.061266202 0.063093868 0.061399922 0.060941925 0.060118410 0.055122529 0.056660797 0.061087718 0.060793391 0.063106567 0.063425446 0.068404883 0.128228685 
31     0.039224905 0.034541216 0.036280480 0.034783394 0.034645923 0.035518791 0.035489095 0.024633967 0.000000000 0.007000498 0.009668678 0.036731301 0.037237305 0.043345496 0.045291405 0.045413691 0.043788300 0.043879684 0.046335464 0.046205326 0.046110979 0.047336160 0.046213930 0.043563351 0.043767817 0.040194531 0.040131165 0.059521924 0.061929554 0.062043783 0.064048156 0.060964376 0.060852476 0.059512919 0.060432632 0.060864550 0.058404240 0.058836672 0.060192404 0.062011468 0.060302479 0.059831909 0.059008420 0.054147661 0.055710756 0.060191189 0.059899617 0.062213050 0.062458990 0.067433492 0.127235571 
11     0.039229739 0.034606495 0.036359988 0.034861713 0.034724242 0.035597110 0.035567414 0.024645719 0.007000498 0.000000000 0.009485947 0.036720568 0.037244743 0.043359969 0.045289702 0.045411988 0.043786597 0.043877981 0.046349937 0.046210912 0.046116566 0.047341747 0.046219516 0.043582617 0.043787083 0.040201595 0.040138229 0.059478693 0.061842169 0.061917278 0.063987074 0.060903294 0.060791393 0.059451837 0.060382776 0.060814694 0.058333432 0.058786817 0.060142548 0.061961612 0.060257130 0.059784492 0.058959564 0.054057275 0.055650748 0.060132889 0.059841317 0.062154749 0.062410158 0.067384659 0.127186230 
18     0.039768334 0.034985039 0.036775510 0.035315845 0.035178374 0.036051241 0.036050552 0.025174004 0.009668678 0.009485947 0.000000000 0.037321627 0.037827631 0.043933353 0.045830524 0.045952810 0.044328793 0.044407257 0.046918657 0.046783867 0.046689521 0.047914702 0.046792471 0.044264899 0.044469364 0.040826240 0.040762874 0.060120360 0.062495337 0.062609565 0.064517139 0.061529126 0.061417226 0.060085683 0.060994586 0.061426504 0.058945242 0.059398626 0.060744545 0.062563609 0.060859729 0.060390751 0.059553875 0.054733169 0.056303647 0.060782963 0.060491391 0.062804824 0.063047195 0.068021696 0.127826394 
23     0.036985130 0.038018029 0.039770654 0.038383884 0.038270829 0.039217888 0.039216016 0.037695121 0.036731301 0.036720568 0.037321627 0.000000000 0.007837244 0.036551238 0.038519222 0.038620842 0.036993319 0.037085953 0.039612749 0.039357402 0.039229093 0.040469230 0.039351856 0.036946660 0.037152079 0.033272162 0.033192176 0.052913629 0.055318184 0.055413942 0.057531949 0.054392768 0.054292019 0.052967393 0.053881420 0.054294680 0.051876727 0.052292657 0.053596674 0.055434888 0.053793799 0.053333557 0.052536845 0.047482526 0.049191036 0.053542121 0.053260764 0.055580279 0.055948220 0.060981495 0.121053634 
37     0.037530723 0.038524033 0.040250935 0.038889885 0.038776831 0.039723892 0.039722020 0.038201125 0.037237305 0.037244743 0.037827631 0.007837244 0.000000000 0.037049988 0.038946336 0.039079586 0.037446864 0.037538762 0.040077398 0.039838838 0.039712745 0.040950667 0.039833769 0.037440745 0.037646164 0.033782366 0.033702381 0.053456937 0.055929337 0.056034479 0.058009774 0.054870592 0.054769843 0.053445218 0.054353972 0.054773333 0.052347712 0.052763642 0.054108532 0.055938375 0.054287933 0.053826862 0.053031103 0.047968632 0.049701190 0.054052888 0.053770919 0.056090433 0.056436068 0.061474529 0.121551813 
44     0.043821343 0.044617415 0.046395372 0.044978774 0.044862607 0.045877933 0.045875391 0.044281607 0.043345496 0.043359969 0.043933353 0.036551238 0.037049988 0.000000000 0.030716875 0.030813244 0.029142531 0.029194907 0.031735213 0.031450690 0.031376673 0.032632478 0.031523293 0.043366556 0.043568282 0.039919709 0.039838098 0.059403410 0.061818104 0.061918838 0.063933267 0.060785039 0.060668483 0.059370885 0.060235347 0.060667824 0.058195518 0.058646987 0.059970672 0.061793017 0.060154574 0.059684883 0.058894535 0.053957361 0.055512402 0.059826542 0.059578052 0.061895024 0.062294529 0.067295760 0.127449752 
32     0.045775171 0.046613736 0.048424139 0.047002855 0.046889839 0.047896014 0.047891125 0.046240929 0.045291405 0.045289702 0.045830524 0.038519222 0.038946336 0.030716875 0.000000000 0.010267452 0.014278620 0.014275991 0.021667015 0.027421930 0.027284119 0.028505819 0.027321038 0.045339941 0.045541302 0.041896949 0.041815338 0.061339810 0.063776313 0.063877047 0.065652236 0.062435481 0.062317498 0.061110300 0.062087480 0.062519957 0.060024626 0.060473657 0.061896728 0.063727525 0.062061937 0.061593874 0.060788097 0.055801892 0.057426819 0.061630208 0.061444153 0.063757207 0.064191266 0.069218337 0.129649267 
17     0.045874970 0.046736022 0.048546425 0.047125141 0.047012124 0.048018300 0.048013410 0.046294274 0.045413691 0.045411988 0.045952810 0.038620842 0.039079586 0.030813244 0.010267452 0.000000000 0.014379208 0.014532584 0.021824565 0.027523043 0.027395339 0.028620166 0.027441044 0.045443109 0.045644470 0.042000117 0.041918506 0.061467337 0.063903839 0.064004573 0.065796855 0.062630334 0.062512367 0.061254919 0.062202480 0.062634957 0.060141128 0.060605929 0.062011728 0.063842525 0.062176937 0.061708874 0.060902635 0.055934163 0.057549104 0.061753866 0.061566439 0.063879492 0.064316973 0.069344043 0.129771553 
47     0.044252881 0.045086679 0.046900910 0.045495677 0.045384240 0.046390416 0.046385526 0.044739516 0.043788300 0.043786597 0.044328793 0.036993319 0.037446864 0.029142531 0.014278620 0.014379208 0.000000000 0.006075453 0.020584886 0.025787030 0.025647294 0.026842489 0.025692036 0.043826955 0.044028316 0.040382272 0.040300661 0.059830699 0.062297893 0.062398627 0.064267784 0.061141797 0.061030890 0.059714522 0.060652980 0.061085457 0.058565566 0.059027505 0.060451717 0.062282514 0.060628399 0.060158207 0.059352430 0.054363131 0.055958689 0.060164979 0.059986687 0.062299740 0.062704807 0.067733145 0.128173393 
8     0.044344265 0.045203495 0.047000047 0.045594719 0.045483377 0.046489553 0.046484663 0.044830900 0.043879684 0.043877981 0.044407257 0.037085953 0.037538762 0.029194907 0.014275991 0.014532584 0.006075453 0.000000000 0.020840141 0.025950572 0.025810889 0.026996613 0.025852326 0.043919352 0.044120713 0.040474669 0.040393058 0.059925310 0.062392504 0.062493238 0.064360867 0.061220476 0.061109569 0.059807605 0.060746063 0.061178540 0.058658648 0.059120587 0.060544800 0.062375596 0.060721482 0.060251290 0.059445513 0.054456214 0.056051772 0.060258062 0.060079769 0.062392823 0.062635286 0.067748558 0.128261139 
15     0.046784227 0.047588108 0.049379933 0.047981109 0.047869470 0.048875645 0.048870755 0.047287248 0.046335464 0.046349937 0.046918657 0.039612749 0.040077398 0.031735213 0.021667015 0.021824565 0.020584886 0.020840141 0.000000000 0.028638242 0.028533658 0.029692916 0.028567828 0.046303811 0.046505145 0.042853952 0.042772341 0.062274359 0.064785710 0.064886444 0.066850926 0.063692956 0.063583303 0.062295762 0.063203133 0.063635610 0.061152779 0.061611532 0.063003297 0.064834093 0.063182935 0.062713243 0.061907004 0.056925265 0.058478910 0.062704442 0.062514483 0.064820382 0.065215106 0.070244946 0.130172436 
33     0.046545814 0.047472267 0.049287483 0.047859424 0.047747091 0.048753266 0.048748377 0.047149833 0.046205326 0.046210912 0.046783867 0.039357402 0.039838838 0.031450690 0.027421930 0.027523043 0.025787030 0.025950572 0.028638242 0.000000000 0.009021826 0.012277538 0.011275017 0.046208936 0.046409858 0.042776010 0.042694399 0.062149728 0.064596376 0.064697110 0.066604135 0.063476731 0.063365824 0.062049456 0.062912163 0.063344640 0.060894748 0.061345348 0.062733405 0.064564201 0.062929542 0.062438581 0.061627139 0.056702989 0.058235313 0.062448297 0.062205174 0.064538874 0.064948650 0.069964199 0.130406910 
14     0.046451516 0.047384871 0.049193137 0.047765078 0.047652745 0.048658920 0.048654030 0.047055487 0.046110979 0.046116566 0.046689521 0.039229093 0.039712745 0.031376673 0.027284119 0.027395339 0.025647294 0.025810889 0.028533658 0.009021826 0.000000000 0.012201694 0.011303531 0.046113973 0.046314895 0.042681047 0.042599436 0.062037119 0.064483767 0.064584501 0.066463764 0.063336361 0.063225454 0.061909086 0.062879836 0.063312313 0.060831037 0.061281637 0.062673402 0.064504198 0.062853039 0.062383348 0.061570100 0.056590331 0.058121086 0.062331336 0.062088214 0.064421914 0.064791411 0.069708243 0.130267822 
38     0.047684229 0.048621727 0.050417986 0.048989927 0.048877594 0.049883769 0.049878880 0.048280336 0.047336160 0.047341747 0.047914702 0.040469230 0.040950667 0.032632478 0.028505819 0.028620166 0.026842489 0.026996613 0.029692916 0.012277538 0.012201694 0.000000000 0.011502663 0.047346574 0.047547496 0.043913648 0.043832037 0.063243540 0.065690188 0.065790922 0.067710991 0.064583588 0.064472681 0.063156313 0.064066929 0.064499406 0.062018130 0.062468730 0.063851524 0.065682320 0.064038174 0.063561841 0.062747490 0.057806397 0.059302465 0.063473579 0.063243509 0.065572539 0.066010890 0.071036139 0.131507038 
4     0.046559277 0.047487489 0.049295755 0.047867696 0.047755363 0.048761538 0.048756649 0.047158105 0.046213930 0.046219516 0.046792471 0.039351856 0.039833769 0.031523293 0.027321038 0.027441044 0.025692036 0.025852326 0.028567828 0.011275017 0.011303531 0.011502663 0.000000000 0.046215084 0.046416006 0.042782158 0.042700547 0.062147192 0.064593841 0.064694574 0.066613791 0.063486388 0.063375481 0.062059113 0.062986902 0.063419379 0.060938103 0.061388703 0.062780468 0.064611264 0.062960105 0.062490414 0.061675697 0.056710049 0.058206176 0.062377231 0.062147161 0.064476191 0.064950737 0.069966286 0.130410690 
28     0.044226985 0.044874258 0.046564437 0.045042010 0.044922509 0.045912759 0.045910345 0.044567724 0.043563351 0.043582617 0.044264899 0.036946660 0.037440745 0.043366556 0.045339941 0.045443109 0.043826955 0.043919352 0.046303811 0.046208936 0.046113973 0.047346574 0.046215084 0.000000000 0.009549995 0.030590592 0.030480198 0.059450229 0.061909559 0.062013385 0.063930014 0.060772926 0.060662198 0.059332226 0.060511468 0.060957899 0.058484506 0.058924530 0.060291819 0.062123872 0.060463927 0.059985900 0.059190670 0.054223369 0.055806233 0.060201820 0.059924912 0.062233934 0.062359203 0.067444476 0.127960253 
39     0.044385103 0.045078723 0.046768903 0.045246475 0.045126974 0.046117225 0.046114810 0.044772189 0.043767817 0.043787083 0.044469364 0.037152079 0.037646164 0.043568282 0.045541302 0.045644470 0.044028316 0.044120713 0.046505145 0.046409858 0.046314895 0.047547496 0.046416006 0.009549995 0.000000000 0.030754507 0.030644113 0.059692455 0.062156840 0.062260666 0.064205251 0.061038539 0.060927811 0.059636271 0.060759048 0.061205480 0.058732086 0.059172111 0.060539400 0.062371452 0.060711508 0.060233480 0.059438251 0.054431369 0.056003976 0.060371575 0.060101402 0.062406307 0.062565318 0.067650590 0.128073783 
48     0.040713131 0.041347908 0.043090173 0.041592282 0.041484796 0.042473263 0.042469339 0.041173134 0.040194531 0.040201595 0.040826240 0.033272162 0.033782366 0.039919709 0.041896949 0.042000117 0.040382272 0.040474669 0.042853952 0.042776010 0.042681047 0.043913648 0.042782158 0.030590592 0.030754507 0.000000000 0.006181786 0.055983837 0.058526756 0.058630582 0.060637569 0.057493259 0.057389270 0.056067976 0.056898991 0.057353985 0.054908666 0.055348690 0.056624289 0.058456342 0.056796397 0.056331407 0.055536178 0.050667411 0.052194529 0.056568354 0.056270949 0.058592349 0.058881537 0.063889575 0.123703718 
7     0.040631520 0.041263735 0.042987994 0.041510738 0.041403373 0.042391840 0.042387916 0.041091712 0.040131165 0.040138229 0.040762874 0.033192176 0.033702381 0.039838098 0.041815338 0.041918506 0.040300661 0.040393058 0.042772341 0.042694399 0.042599436 0.043832037 0.042700547 0.030480198 0.030644113 0.006181786 0.000000000 0.055899417 0.058438311 0.058542137 0.060555505 0.057411195 0.057307206 0.055985913 0.056816928 0.057271922 0.054826602 0.055266627 0.056542226 0.058374278 0.056714334 0.056249344 0.055454114 0.050585348 0.052112466 0.056486290 0.056188885 0.058510285 0.058799474 0.063807511 0.123621654 
29     0.060065584 0.060639685 0.062376044 0.061027907 0.060911692 0.061732847 0.061722978 0.060489205 0.059521924 0.059478693 0.060120360 0.052913629 0.053456937 0.059403410 0.061339810 0.061467337 0.059830699 0.059925310 0.062274359 0.062149728 0.062037119 0.063243540 0.062147192 0.059450229 0.059692455 0.055983837 0.055899417 0.000000000 0.042763970 0.042873375 0.066987671 0.063789513 0.063717425 0.062324331 0.063688577 0.064169347 0.061734476 0.062120013 0.063464555 0.065411619 0.063701015 0.063217069 0.062440987 0.057499906 0.058932392 0.062885373 0.062556935 0.064880886 0.065527684 0.070588151 0.131164467 
30     0.062504048 0.063089450 0.064826869 0.063463880 0.063347665 0.064252792 0.064251790 0.062875874 0.061929554 0.061842169 0.062495337 0.055318184 0.055929337 0.061818104 0.063776313 0.063903839 0.062297893 0.062392504 0.064785710 0.064596376 0.064483767 0.065690188 0.064593841 0.061909559 0.062156840 0.058526756 0.058438311 0.042763970 0.000000000 0.009385451 0.069574615 0.066288557 0.066261763 0.064915437 0.066059115 0.066635211 0.064200341 0.064585877 0.065892710 0.067802113 0.066142603 0.065647485 0.064838778 0.059986655 0.061457667 0.065413891 0.065085453 0.067409404 0.067895006 0.072920818 0.133031223 
1     0.062610468 0.063198512 0.064947516 0.063596101 0.063479885 0.064378707 0.064378606 0.062990103 0.062043783 0.061917278 0.062609565 0.055413942 0.056034479 0.061918838 0.063877047 0.064004573 0.062398627 0.062493238 0.064886444 0.064697110 0.064584501 0.065790922 0.064694574 0.062013385 0.062260666 0.058630582 0.058542137 0.042873375 0.009385451 0.000000000 0.069672177 0.066375531 0.066359269 0.065012944 0.066166476 0.066732718 0.064297847 0.064683384 0.065990216 0.067899619 0.066240109 0.065746029 0.064936284 0.060084161 0.061555173 0.065511398 0.065182959 0.067506910 0.067992513 0.073018325 0.133128729 
24     0.064600328 0.064944587 0.066796088 0.065430309 0.065314094 0.066243661 0.066256255 0.064993938 0.064048156 0.063987074 0.064517139 0.057531949 0.058009774 0.063933267 0.065652236 0.065796855 0.064267784 0.064360867 0.066850926 0.066604135 0.066463764 0.067710991 0.066613791 0.063930014 0.064205251 0.060637569 0.060555505 0.066987671 0.069574615 0.069672177 0.000000000 0.037228947 0.037120734 0.035154686 0.062958974 0.063365950 0.060685263 0.061284860 0.062465774 0.064252188 0.062630904 0.062056049 0.061294206 0.056488894 0.061256548 0.065088597 0.064687953 0.066959249 0.067808153 0.072840014 0.133130964 
16     0.061494727 0.061846842 0.063683112 0.062311507 0.062195292 0.063126030 0.063136247 0.061898400 0.060964376 0.060903294 0.061529126 0.054392768 0.054870592 0.060785039 0.062435481 0.062630334 0.061141797 0.061220476 0.063692956 0.063476731 0.063336361 0.064583588 0.063486388 0.060772926 0.061038539 0.057493259 0.057411195 0.063789513 0.066288557 0.066375531 0.037228947 0.000000000 0.009675723 0.032086896 0.059727029 0.060134006 0.057529573 0.058049837 0.059194086 0.060937403 0.059349205 0.058801971 0.058017532 0.053241022 0.058143920 0.061765638 0.061394157 0.063700651 0.064438582 0.069418844 0.129815955 
3     0.061392903 0.061730549 0.063575367 0.062170558 0.062054120 0.062989275 0.062999493 0.061786500 0.060852476 0.060791393 0.061417226 0.054292019 0.054769843 0.060668483 0.062317498 0.062512367 0.061030890 0.061109569 0.063583303 0.063365824 0.063225454 0.064472681 0.063375481 0.060662198 0.060927811 0.057389270 0.057307206 0.063717425 0.066261763 0.066359269 0.037120734 0.009675723 0.000000000 0.032018414 0.059656197 0.060063173 0.057459559 0.057981659 0.059119353 0.060859734 0.059274472 0.058727238 0.057940685 0.053159159 0.058047405 0.061653627 0.061276809 0.063588640 0.064349806 0.069243418 0.129725961 
12     0.060057790 0.060461916 0.062281753 0.060915973 0.060799758 0.061729325 0.061741919 0.060432112 0.059512919 0.059451837 0.060085683 0.052967393 0.053445218 0.059370885 0.061110300 0.061254919 0.059714522 0.059807605 0.062295762 0.062049456 0.061909086 0.063156313 0.062059113 0.059332226 0.059636271 0.056067976 0.055985913 0.062324331 0.064915437 0.065012944 0.035154686 0.032086896 0.032018414 0.000000000 0.058188945 0.058595922 0.056015480 0.056550949 0.057731900 0.059513952 0.057887972 0.057362566 0.056600724 0.051659402 0.056631314 0.060402798 0.060005518 0.062316695 0.063071978 0.068100340 0.128451215 
19     0.060844112 0.061496249 0.063223219 0.061894109 0.061777894 0.062686322 0.062749341 0.061477154 0.060432632 0.060382776 0.060994586 0.053881420 0.054353972 0.060235347 0.062087480 0.062202480 0.060652980 0.060746063 0.063203133 0.062912163 0.062879836 0.064066929 0.062986902 0.060511468 0.060759048 0.056898991 0.056816928 0.063688577 0.066059115 0.066166476 0.062958974 0.059727029 0.059656197 0.058188945 0.000000000 0.009071249 0.027457981 0.027946776 0.036462203 0.038492301 0.036724977 0.036289264 0.035564949 0.050488636 0.057608270 0.061712904 0.061354750 0.063609734 0.064205472 0.069228211 0.129730395 
5     0.061276589 0.061928167 0.063655137 0.062326027 0.062209812 0.063118240 0.063181259 0.061909072 0.060864550 0.060814694 0.061426504 0.054294680 0.054773333 0.060667824 0.062519957 0.062634957 0.061085457 0.061178540 0.063635610 0.063344640 0.063312313 0.064499406 0.063419379 0.060957899 0.061205480 0.057353985 0.057271922 0.064169347 0.066635211 0.066732718 0.063365950 0.060134006 0.060063173 0.058595922 0.009071249 0.000000000 0.027664049 0.028155416 0.036848868 0.038878967 0.037112019 0.036675930 0.035951615 0.050884909 0.058032528 0.062111334 0.061753180 0.064013528 0.064607287 0.069630026 0.130139910 
26     0.058917969 0.059481857 0.061205614 0.059917681 0.059801466 0.060709894 0.060772913 0.059419584 0.058404240 0.058333432 0.058945242 0.051876727 0.052347712 0.058195518 0.060024626 0.060141128 0.058565566 0.058658648 0.061152779 0.060894748 0.060831037 0.062018130 0.060938103 0.058484506 0.058732086 0.054908666 0.054826602 0.061734476 0.064200341 0.064297847 0.060685263 0.057529573 0.057459559 0.056015480 0.027457981 0.027664049 0.000000000 0.015481924 0.034472417 0.036535544 0.034710766 0.034336429 0.033601280 0.048487044 0.055623285 0.059642175 0.059284021 0.061552076 0.062088185 0.067097305 0.127645764 
9     0.059360326 0.059904883 0.061638046 0.060350113 0.060233898 0.061142326 0.061205345 0.059881194 0.058836672 0.058786817 0.059398626 0.052292657 0.052763642 0.058646987 0.060473657 0.060605929 0.059027505 0.059120587 0.061611532 0.061345348 0.061281637 0.062468730 0.061388703 0.058924530 0.059172111 0.055348690 0.055266627 0.062120013 0.064585877 0.064683384 0.061284860 0.058049837 0.057981659 0.056550949 0.027946776 0.028155416 0.015481924 0.000000000 0.034895859 0.036976997 0.035129723 0.034739785 0.034013006 0.048690748 0.055969661 0.060080608 0.059734448 0.061992961 0.062528345 0.067537466 0.128055430 
13     0.060735665 0.061279696 0.062977383 0.061720235 0.061604020 0.062503282 0.062575078 0.061266202 0.060192404 0.060142548 0.060744545 0.053596674 0.054108532 0.059970672 0.061896728 0.062011728 0.060451717 0.060544800 0.063003297 0.062733405 0.062673402 0.063851524 0.062780468 0.060291819 0.060539400 0.056624289 0.056542226 0.063464555 0.065892710 0.065990216 0.062465774 0.059194086 0.059119353 0.057731900 0.036462203 0.036848868 0.034472417 0.034895859 0.000000000 0.021138215 0.023249963 0.023071969 0.022258104 0.050059760 0.057167428 0.061207399 0.060853657 0.063132780 0.063824867 0.068822151 0.129370785 
21     0.062557938 0.063101378 0.064772963 0.063541112 0.063424897 0.064338349 0.064416304 0.063093868 0.062011468 0.061961612 0.062563609 0.055434888 0.055938375 0.061793017 0.063727525 0.063842525 0.062282514 0.062375596 0.064834093 0.064564201 0.064504198 0.065682320 0.064611264 0.062123872 0.062371452 0.058456342 0.058374278 0.065411619 0.067802113 0.067899619 0.064252188 0.060937403 0.060859734 0.059513952 0.038492301 0.038878967 0.036535544 0.036976997 0.021138215 0.000000000 0.025307461 0.025150161 0.024286111 0.051924438 0.058960170 0.063023370 0.062672291 0.064951415 0.065581931 0.070498329 0.130995334 
2     0.060880458 0.061437665 0.063092960 0.061829449 0.061713233 0.062633823 0.062704471 0.061399922 0.060302479 0.060257130 0.060859729 0.053793799 0.054287933 0.060154574 0.062061937 0.062176937 0.060628399 0.060721482 0.063182935 0.062929542 0.062853039 0.064038174 0.062960105 0.060463927 0.060711508 0.056796397 0.056714334 0.063701015 0.066142603 0.066240109 0.062630904 0.059349205 0.059274472 0.057887972 0.036724977 0.037112019 0.034710766 0.035129723 0.023249963 0.025307461 0.000000000 0.017234751 0.015956100 0.050226584 0.057296481 0.061461145 0.061096429 0.063385504 0.064046433 0.069047583 0.129568086 
36     0.060431139 0.060973336 0.062690662 0.061416224 0.061300009 0.062204149 0.062277672 0.060941925 0.059831909 0.059784492 0.060390751 0.053333557 0.053826862 0.059684883 0.061593874 0.061708874 0.060158207 0.060251290 0.062713243 0.062438581 0.062383348 0.063561841 0.062490414 0.059985900 0.060233480 0.056331407 0.056249344 0.063217069 0.065647485 0.065746029 0.062056049 0.058801971 0.058727238 0.057362566 0.036289264 0.036675930 0.034336429 0.034739785 0.023071969 0.025150161 0.017234751 0.000000000 0.011536016 0.049737294 0.056721452 0.060938724 0.060572746 0.062863083 0.063518142 0.068510670 0.129056925 
46     0.059642707 0.060162420 0.061841128 0.060557647 0.060442598 0.061345572 0.061419095 0.060118410 0.059008420 0.058959564 0.059553875 0.052536845 0.053031103 0.058894535 0.060788097 0.060902635 0.059352430 0.059445513 0.061907004 0.061627139 0.061570100 0.062747490 0.061675697 0.059190670 0.059438251 0.055536178 0.055454114 0.062440987 0.064838778 0.064936284 0.061294206 0.058017532 0.057940685 0.056600724 0.035564949 0.035951615 0.033601280 0.034013006 0.022258104 0.024286111 0.015956100 0.011536016 0.000000000 0.048935459 0.056039864 0.060209471 0.059843494 0.062133831 0.062801267 0.067802416 0.128237899 
41     0.054621221 0.055108609 0.056751660 0.055558381 0.055436363 0.056391659 0.056406183 0.055122529 0.054147661 0.054057275 0.054733169 0.047482526 0.047968632 0.053957361 0.055801892 0.055934163 0.054363131 0.054456214 0.056925265 0.056702989 0.056590331 0.057806397 0.056710049 0.054223369 0.054431369 0.050667411 0.050585348 0.057499906 0.059986655 0.060084161 0.056488894 0.053241022 0.053159159 0.051659402 0.050488636 0.050884909 0.048487044 0.048690748 0.050059760 0.051924438 0.050226584 0.049737294 0.048935459 0.000000000 0.051285430 0.055190315 0.054811198 0.057094039 0.057546699 0.062518964 0.123314865 
27     0.056343442 0.056719091 0.058577475 0.057195993 0.057079778 0.057975050 0.057998818 0.056660797 0.055710756 0.055650748 0.056303647 0.049191036 0.049701190 0.055512402 0.057426819 0.057549104 0.055958689 0.056051772 0.058478910 0.058235313 0.058121086 0.059302465 0.058206176 0.055806233 0.056003976 0.052194529 0.052112466 0.058932392 0.061457667 0.061555173 0.061256548 0.058143920 0.058047405 0.056631314 0.057608270 0.058032528 0.055623285 0.055969661 0.057167428 0.058960170 0.057296481 0.056721452 0.056039864 0.051285430 0.000000000 0.053174579 0.052817267 0.055152173 0.059095427 0.064163160 0.123650693 
20     0.060766538 0.061173996 0.063058901 0.061697597 0.061581382 0.062438735 0.062441376 0.061087718 0.060191189 0.060132889 0.060782963 0.053542121 0.054052888 0.059826542 0.061630208 0.061753866 0.060164979 0.060258062 0.062704442 0.062448297 0.062331336 0.063473579 0.062377231 0.060201820 0.060371575 0.056568354 0.056486290 0.062885373 0.065413891 0.065511398 0.065088597 0.061765638 0.061653627 0.060402798 0.061712904 0.062111334 0.059642175 0.060080608 0.061207399 0.063023370 0.061461145 0.060938724 0.060209471 0.055190315 0.053174579 0.000000000 0.016396091 0.018455946 0.063042812 0.067922328 0.128600460 
10     0.060460018 0.060862311 0.062753774 0.061391093 0.061274877 0.062136315 0.062138586 0.060793391 0.059899617 0.059841317 0.060491391 0.053260764 0.053770919 0.059578052 0.061444153 0.061566439 0.059986687 0.060079769 0.062514483 0.062205174 0.062088214 0.063243509 0.062147161 0.059924912 0.060101402 0.056270949 0.056188885 0.062556935 0.065085453 0.065182959 0.064687953 0.061394157 0.061276809 0.060005518 0.061354750 0.061753180 0.059284021 0.059734448 0.060853657 0.062672291 0.061096429 0.060572746 0.059843494 0.054811198 0.052817267 0.016396091 0.000000000 0.017167468 0.062634935 0.067520977 0.128199403 
6     0.062778308 0.063180372 0.065075037 0.063713734 0.063597518 0.064457434 0.064459849 0.063106567 0.062213050 0.062154749 0.062804824 0.055580279 0.056090433 0.061895024 0.063757207 0.063879492 0.062299740 0.062392823 0.064820382 0.064538874 0.064421914 0.065572539 0.064476191 0.062233934 0.062406307 0.058592349 0.058510285 0.064880886 0.067409404 0.067506910 0.066959249 0.063700651 0.063588640 0.062316695 0.063609734 0.064013528 0.061552076 0.061992961 0.063132780 0.064951415 0.063385504 0.062863083 0.062133831 0.057094039 0.055152173 0.018455946 0.017167468 0.000000000 0.064928125 0.069813033 0.130443477 
49     0.062973348 0.063569941 0.065340207 0.063878062 0.063761847 0.064683902 0.064713300 0.063425446 0.062458990 0.062410158 0.063047195 0.055948220 0.056436068 0.062294529 0.064191266 0.064316973 0.062704807 0.062635286 0.065215106 0.064948650 0.064791411 0.066010890 0.064950737 0.062359203 0.062565318 0.058881537 0.058799474 0.065527684 0.067895006 0.067992513 0.067808153 0.064438582 0.064349806 0.063071978 0.064205472 0.064607287 0.062088185 0.062528345 0.063824867 0.065581931 0.064046433 0.063518142 0.062801267 0.057546699 0.059095427 0.063042812 0.062634935 0.064928125 0.000000000 0.036105488 0.127824820 
50     0.067971410 0.068535907 0.070336688 0.068892060 0.068775844 0.069697899 0.069723115 0.068404883 0.067433492 0.067384659 0.068021696 0.060981495 0.061474529 0.067295760 0.069218337 0.069344043 0.067733145 0.067748558 0.070244946 0.069964199 0.069708243 0.071036139 0.069966286 0.067444476 0.067650590 0.063889575 0.063807511 0.070588151 0.072920818 0.073018325 0.072840014 0.069418844 0.069243418 0.068100340 0.069228211 0.069630026 0.067097305 0.067537466 0.068822151 0.070498329 0.069047583 0.068510670 0.067802416 0.062518964 0.064163160 0.067922328 0.067520977 0.069813033 0.036105488 0.000000000 0.132822143 
0     0.128300314 0.128734320 0.130090012 0.129174445 0.129058230 0.129829621 0.129990792 0.128228685 0.127235571 0.127186230 0.127826394 0.121053634 0.121551813 0.127449752 0.129649267 0.129771553 0.128173393 0.128261139 0.130172436 0.130406910 0.130267822 0.131507038 0.130410690 0.127960253 0.128073783 0.123703718 0.123621654 0.131164467 0.133031223 0.133128729 0.133130964 0.129815955 0.129725961 0.128451215 0.129730395 0.130139910 0.127645764 0.128055430 0.129370785 0.130995334 0.129568086 0.129056925 0.128237899 0.123314865 0.123650693 0.128600460 0.128199403 0.130443477 0.127824820 0.132822143 0.000000000 
