51
2     0.000000000 0.001570490 0.000763850 0.000937320 0.000965690 0.003481540 0.012036580 0.015494950 0.053098640 0.042158030 0.042013220 0.013443080 0.072234640 0.064523850 0.030353120 0.060044710 0.050368880 0.052228940 0.124283650 0.124188400 0.122321440 0.110724890 0.037565670 0.046207620 0.029508110 0.014011690 0.056773720 0.049179210 0.042306810 0.026287320 0.014607010 0.044064160 0.036390960 0.064098980 0.080199340 0.095977910 0.053650890 0.044284070 0.013822520 0.036369310 0.061653740 0.014812920 0.008380830 0.010804230 0.015973730 0.107006000 0.073526430 0.074590830 0.062714090 0.080888690 0.045336240 
3     0.001570490 0.000000000 0.001301000 0.000988810 0.001502060 0.004530770 0.004415630 0.004703660 0.065918790 0.054978180 0.054833370 0.026263230 0.069803100 0.071456360 0.043173270 0.074225740 0.036271470 0.051208470 0.139890880 0.138666930 0.137120450 0.137507710 0.038102040 0.046743990 0.030044480 0.014548060 0.057310090 0.049715580 0.042843180 0.039107470 0.015143380 0.029966750 0.022293550 0.069405340 0.099590170 0.070738060 0.049212030 0.039845210 0.014358890 0.036905680 0.059349180 0.015349290 0.033311370 0.035734770 0.040904270 0.068745390 0.086346580 0.087410980 0.058275230 0.094971130 0.031238830 
1     0.000763850 0.001301000 0.000000000 0.000667830 0.000696200 0.002133760 0.012545320 0.016950350 0.053607380 0.042666770 0.042521960 0.013951820 0.062199980 0.065032590 0.030861860 0.048507900 0.037566150 0.050575050 0.111164560 0.109940610 0.131439800 0.108781390 0.037296180 0.045938130 0.029238620 0.013742200 0.056504230 0.048909720 0.042037320 0.026796060 0.014337520 0.031261430 0.023588230 0.055108530 0.088956110 0.071340270 0.061092170 0.034073040 0.013553030 0.036099820 0.044651220 0.014543430 0.017137600 0.019561000 0.024730500 0.068224750 0.064966790 0.075099570 0.074405570 0.082659720 0.032533510 
6     0.000937320 0.000988810 0.000667830 0.000000000 0.000112110 0.003298330 0.012217670 0.012066330 0.060976800 0.050371570 0.050226760 0.021656620 0.069458140 0.071483600 0.038566660 0.053832140 0.043071900 0.058008900 0.116488800 0.115264850 0.150692010 0.114105630 0.036712090 0.045354040 0.028654530 0.013158110 0.055920140 0.048325630 0.041453230 0.034500860 0.013753430 0.033072210 0.026057420 0.058349650 0.080016130 0.066176530 0.068350330 0.039397280 0.012968940 0.032899410 0.049975460 0.013959340 0.008197620 0.010621020 0.015790520 0.064183860 0.060943680 0.082804370 0.077522320 0.080705480 0.038039260 
4     0.000965690 0.001502060 0.000696200 0.000112110 0.000000000 0.000002070 0.001775890 0.000790610 0.011930730 0.043391110 0.013122480 0.011441710 0.076508980 0.074855370 0.061626670 0.013859880 0.022015340 0.018965010 0.104413880 0.106040090 0.100745170 0.112859780 0.036600200 0.045242150 0.028542640 0.013046220 0.055808250 0.048213740 0.041341340 0.063105530 0.013641540 0.025221230 0.017548030 0.023396660 0.077234330 0.077575210 0.070856820 0.032648390 0.012857050 0.035403840 0.020951420 0.013847450 0.005396520 0.007819920 0.012989420 0.033936890 0.098013080 0.074831660 0.060416920 0.075908750 0.026493310 
8     0.003481540 0.004530770 0.002133760 0.003298330 0.000002070 0.000000000 0.001709120 0.000699710 0.011932620 0.043393000 0.013124370 0.011443600 0.066938110 0.065548680 0.038200090 0.013861770 0.010461360 0.004184760 0.085723310 0.084499360 0.118857400 0.083340140 0.044262950 0.052904900 0.036205390 0.020708970 0.063471000 0.055876490 0.049004090 0.033585890 0.021304290 0.026380440 0.051274630 0.023394940 0.069358910 0.073079540 0.059045630 0.008631790 0.020519800 0.020140110 0.019209970 0.016169340 0.004942850 0.007366250 0.012535750 0.033938780 0.061724920 0.074829940 0.049991180 0.068441780 0.061401810 
7     0.012036580 0.004415630 0.012545320 0.012217670 0.001775890 0.001709120 0.000000000 0.000206140 0.018010600 0.039269540 0.019202350 0.017521580 0.038391580 0.043653820 0.034996060 0.019939750 0.026385070 0.025044880 0.099537030 0.098313080 0.099843230 0.097153860 0.030748620 0.023650010 0.052175350 0.050864120 0.039605280 0.039801920 0.037407150 0.030930260 0.030756610 0.020080350 0.012407150 0.052877270 0.048497870 0.053685070 0.049837760 0.022445510 0.040773030 0.033953830 0.033023690 0.029983060 0.015901100 0.018324500 0.023494000 0.040016760 0.058394180 0.059144370 0.020798020 0.039248620 0.021352430 
5     0.015494950 0.004703660 0.016950350 0.012066330 0.000790610 0.000699710 0.000206140 0.000000000 0.034585620 0.038806580 0.035777370 0.034096600 0.037928620 0.043190860 0.039159250 0.036514770 0.024419760 0.037457300 0.104014440 0.105640650 0.100345730 0.111545080 0.038411540 0.031312930 0.061871310 0.068108910 0.039142320 0.039338960 0.036944190 0.061790830 0.030497860 0.018115040 0.010441840 0.057235000 0.048034910 0.053476830 0.058337030 0.034763560 0.049272300 0.048345050 0.045646420 0.030388280 0.017019640 0.019443040 0.024612540 0.051484160 0.057931220 0.058681410 0.020335060 0.038785660 0.019387120 
27     0.053098640 0.065918790 0.053607380 0.060976800 0.011930730 0.011932620 0.018010600 0.034585620 0.000000000 0.000098240 0.000619810 0.005089460 0.002189200 0.003452280 0.002419320 0.007550510 0.034610410 0.012655640 0.073927970 0.073832720 0.071965760 0.060369210 0.124568380 0.124583490 0.069108240 0.077840690 0.072317590 0.079689450 0.082206370 0.063264440 0.036690260 0.068311060 0.051975350 0.055073700 0.082621130 0.090322120 0.059623400 0.061240150 0.050138280 0.052577190 0.053276930 0.049828600 0.043403600 0.062543920 0.057600670 0.030074780 0.110163750 0.059609940 0.050714020 0.046683840 0.053268600 
29     0.042158030 0.054978180 0.042666770 0.050371570 0.043391110 0.043393000 0.039269540 0.038806580 0.000098240 0.000000000 0.008634010 0.006996430 0.002281580 0.003544660 0.002511700 0.034170110 0.034277360 0.033563550 0.074020350 0.073925100 0.072058140 0.060461590 0.127252810 0.119217780 0.066765960 0.091080060 0.054031820 0.054228460 0.051833690 0.052323830 0.036782640 0.067469160 0.052067730 0.052331500 0.078387550 0.105774780 0.054257690 0.058497950 0.047396080 0.047211480 0.047911220 0.047086400 0.044593040 0.050295730 0.079906870 0.054157170 0.088283860 0.060799380 0.047971820 0.047873280 0.079228110 
33     0.042013220 0.054833370 0.042521960 0.050226760 0.013122480 0.013124370 0.019202350 0.035777370 0.000619810 0.008634010 0.000000000 0.006281210 0.018131680 0.023393920 0.012944480 0.008742260 0.070638980 0.013847390 0.129022830 0.135564670 0.119710570 0.126841090 0.113319260 0.121961210 0.096368800 0.089765280 0.059164340 0.059360980 0.056966210 0.052179020 0.050519880 0.072601680 0.058903170 0.068594200 0.083520070 0.114883710 0.061640180 0.064832380 0.057999620 0.054593970 0.055293710 0.065282790 0.055878430 0.055428250 0.058792420 0.031266530 0.093416380 0.094166570 0.055820220 0.073933700 0.079442240 
11     0.013443080 0.026263230 0.013951820 0.021656620 0.011441710 0.011443600 0.017521580 0.034096600 0.005089460 0.006996430 0.006281210 0.000000000 0.009426210 0.014688450 0.001265900 0.007061490 0.056061450 0.012166620 0.065657560 0.068447380 0.066590190 0.108535770 0.093727450 0.078208230 0.067798660 0.071519600 0.050458870 0.050655510 0.046805000 0.023608880 0.023435230 0.063896210 0.057222400 0.045452600 0.074814600 0.034995160 0.055197480 0.061543250 0.056318850 0.047167190 0.050096080 0.055488000 0.047172960 0.046722780 0.057111650 0.029585760 0.070508190 0.071572590 0.047114750 0.065565350 0.050872100 
12     0.072234640 0.069803100 0.062199980 0.069458140 0.076508980 0.066938110 0.038391580 0.037928620 0.002189200 0.002281580 0.018131680 0.009426210 0.000000000 0.000058330 0.000888920 0.056866590 0.056941700 0.041099750 0.021406620 0.021733090 0.032611990 0.059706930 0.115212740 0.108025850 0.060866230 0.073969990 0.053153860 0.053350500 0.050955730 0.080398920 0.036027980 0.048455910 0.051313070 0.074803190 0.077509590 0.086466660 0.057647870 0.055167310 0.058301630 0.049617580 0.052546470 0.057163730 0.023548450 0.049417770 0.075268760 0.085500250 0.087405900 0.039754790 0.049809740 0.026828690 0.046027480 
18     0.064523850 0.071456360 0.065032590 0.071483600 0.074855370 0.065548680 0.043653820 0.043190860 0.003452280 0.003544660 0.023393920 0.014688450 0.000058330 0.000000000 0.002152000 0.040413040 0.056565050 0.046068220 0.019713990 0.020040460 0.030919360 0.060970010 0.103656160 0.088136940 0.060906920 0.075037800 0.058416100 0.058612740 0.056217970 0.074689650 0.037291060 0.038909100 0.046765720 0.075529160 0.082771830 0.086507350 0.062850820 0.053777880 0.059564710 0.054820530 0.057749420 0.051840010 0.014001640 0.054680010 0.080471710 0.103471270 0.092668140 0.030207980 0.055071980 0.017281880 0.053478830 
25     0.030353120 0.043173270 0.030861860 0.038566660 0.061626670 0.038200090 0.034996060 0.039159250 0.002419320 0.002511700 0.012944480 0.001265900 0.000888920 0.002152000 0.000000000 0.020022290 0.020129540 0.019415730 0.064457960 0.067247780 0.065390590 0.059937050 0.092527850 0.077008630 0.052268020 0.047573320 0.054672210 0.054868850 0.052474080 0.040518920 0.036258100 0.065387980 0.051543190 0.041880840 0.068140260 0.031423400 0.051990190 0.044962930 0.053837730 0.043959900 0.046163800 0.052500480 0.051386300 0.050936120 0.066454930 0.066844790 0.087418230 0.064461210 0.051328090 0.063553540 0.042013610 
13     0.060044710 0.074225740 0.048507900 0.053832140 0.013859880 0.013861770 0.019939750 0.036514770 0.007550510 0.034170110 0.008742260 0.007061490 0.056866590 0.040413040 0.020022290 0.000000000 0.001342530 0.000628720 0.071150110 0.073939930 0.072082740 0.079854410 0.083032620 0.083700780 0.045861280 0.050786860 0.101860330 0.062299950 0.066073730 0.044468780 0.046377310 0.049607700 0.054778830 0.052333740 0.048119210 0.078976040 0.068923860 0.017845920 0.058737020 0.029354240 0.028424100 0.025383470 0.044250910 0.058921860 0.059529820 0.032003930 0.070199430 0.063109340 0.055492220 0.048808560 0.055251010 
42     0.050368880 0.036271470 0.037566150 0.043071900 0.022015340 0.010461360 0.026385070 0.024419760 0.034610410 0.034277360 0.070638980 0.056061450 0.056941700 0.056565050 0.020129540 0.001342530 0.000000000 0.000734570 0.136989450 0.150084680 0.144789760 0.166558960 0.088330980 0.089008820 0.071638300 0.075686920 0.124296340 0.077046580 0.103207400 0.121012510 0.090483220 0.023770260 0.016097060 0.055749150 0.049460500 0.052492190 0.084770120 0.051719070 0.082214320 0.042794730 0.054348930 0.045407700 0.062910690 0.065334090 0.070503590 0.109350520 0.133850990 0.064450630 0.018227970 0.050149850 0.016569240 
49     0.052228940 0.051208470 0.050575050 0.058008900 0.018965010 0.004184760 0.025044880 0.037457300 0.012655640 0.033563550 0.013847390 0.012166620 0.041099750 0.046068220 0.019415730 0.000628720 0.000734570 0.000000000 0.150185260 0.156727100 0.140873000 0.156181500 0.103267980 0.103945820 0.063909340 0.067957960 0.116567380 0.081295050 0.099304410 0.099741850 0.059062030 0.038707260 0.031034060 0.055035340 0.048746690 0.079603520 0.057162980 0.047796160 0.048098250 0.042080920 0.053635120 0.044693890 0.015172330 0.055807810 0.060715450 0.037109060 0.121986060 0.063736820 0.056119700 0.049436040 0.031506240 
45     0.124283650 0.139890880 0.111164560 0.116488800 0.104413880 0.085723310 0.099537030 0.104014440 0.073927970 0.074020350 0.129022830 0.065657560 0.021406620 0.019713990 0.064457960 0.071150110 0.136989450 0.150185260 0.000000000 0.000097210 0.000769650 0.000589330 0.030294730 0.022023320 0.036245730 0.063788520 0.037622430 0.037680060 0.035246880 0.057470440 0.042094950 0.033575180 0.014348560 0.087952370 0.106530010 0.108649520 0.093160230 0.082171340 0.079196740 0.088914920 0.092749520 0.085736770 0.092376930 0.099417610 0.115159560 0.113194390 0.127850610 0.164487410 0.111587940 0.144913600 0.126075230 
16     0.124188400 0.138666930 0.109940610 0.115264850 0.106040090 0.084499360 0.098313080 0.105640650 0.073832720 0.073925100 0.135564670 0.068447380 0.021733090 0.020040460 0.067247780 0.073939930 0.150084680 0.156727100 0.000097210 0.000000000 0.001409270 0.001267580 0.009672750 0.030959950 0.038451880 0.062564570 0.039828580 0.039886210 0.037453030 0.056246490 0.041999700 0.033415080 0.014188460 0.087009600 0.108156220 0.110275730 0.093064980 0.080947390 0.079101490 0.090541130 0.091525570 0.085641520 0.094003140 0.101043820 0.116785770 0.114820600 0.129476820 0.164392160 0.113214150 0.146539810 0.145028750 
43     0.122321440 0.137120450 0.131439800 0.150692010 0.100745170 0.118857400 0.099843230 0.100345730 0.071965760 0.072058140 0.119710570 0.066590190 0.032611990 0.030919360 0.065390590 0.072082740 0.144789760 0.140873000 0.000769650 0.001409270 0.000000000 0.004559010 0.012432800 0.019403680 0.042870450 0.062027620 0.053079940 0.053137570 0.050704390 0.084341540 0.040132740 0.040823250 0.021596630 0.084283660 0.102861300 0.104980810 0.091198020 0.089347710 0.077234530 0.085246210 0.100291590 0.083774560 0.088708220 0.095748900 0.111490850 0.109525680 0.124181900 0.162525200 0.107919230 0.134218870 0.136505390 
17     0.110724890 0.137507710 0.108781390 0.114105630 0.112859780 0.083340140 0.097153860 0.111545080 0.060369210 0.060461590 0.126841090 0.108535770 0.059706930 0.060970010 0.059937050 0.079854410 0.166558960 0.156181500 0.000589330 0.001267580 0.004559010 0.000000000 0.007573410 0.012548710 0.031355590 0.061405350 0.032732290 0.032789920 0.030356740 0.055087270 0.028536190 0.083558730 0.058649420 0.068101820 0.113047940 0.079320910 0.079601470 0.077589590 0.065637980 0.091296490 0.090366350 0.072178010 0.106140330 0.112236400 0.115079550 0.131294880 0.145951100 0.150928650 0.129688430 0.137604890 0.158114900 
46     0.037565670 0.038102040 0.037296180 0.036712090 0.036600200 0.044262950 0.030748620 0.038411540 0.124568380 0.127252810 0.113319260 0.093727450 0.115212740 0.103656160 0.092527850 0.083032620 0.088330980 0.103267980 0.030294730 0.009672750 0.012432800 0.007573410 0.000000000 0.000996920 0.051051830 0.038598020 0.081360050 0.073765540 0.066893140 0.043896860 0.039193340 0.081461360 0.073788160 0.105861280 0.124438920 0.055118540 0.142927890 0.068597760 0.049232970 0.071779760 0.079175940 0.050223370 0.110285840 0.117326520 0.133068470 0.131103300 0.145759520 0.194249830 0.129496850 0.159413400 0.083298340 
9     0.046207620 0.046743990 0.045938130 0.045354040 0.045242150 0.052904900 0.023650010 0.031312930 0.124583490 0.119217780 0.121961210 0.078208230 0.108025850 0.088136940 0.077008630 0.083700780 0.089008820 0.103945820 0.022023320 0.030959950 0.019403680 0.012548710 0.000996920 0.000000000 0.055630170 0.047239970 0.090002000 0.082407490 0.075535090 0.065585280 0.047835290 0.082139200 0.074466000 0.097043380 0.115621020 0.072811060 0.126768490 0.090286180 0.057874920 0.080421710 0.100864360 0.058865320 0.101467940 0.108508620 0.124250570 0.122285400 0.136941620 0.178730610 0.120678950 0.154004610 0.083976180 
48     0.029508110 0.030044480 0.029238620 0.028654530 0.028542640 0.036205390 0.052175350 0.061871310 0.069108240 0.066765960 0.096368800 0.067798660 0.060866230 0.060906920 0.052268020 0.045861280 0.071638300 0.063909340 0.036245730 0.038451880 0.042870450 0.031355590 0.051051830 0.055630170 0.000000000 0.004163900 0.004380410 0.010213270 0.010709270 0.001746950 0.005018010 0.087417780 0.079831730 0.075077540 0.097916010 0.086055730 0.074019990 0.037188890 0.041175410 0.048697210 0.047767070 0.042165810 0.005138220 0.066389490 0.040477040 0.085038330 0.100252680 0.011370820 0.080909490 0.074199510 0.099631300 
34     0.014011690 0.014548060 0.013742200 0.013158110 0.013046220 0.020708970 0.050864120 0.068108910 0.077840690 0.091080060 0.089765280 0.071519600 0.073969990 0.075037800 0.047573320 0.050786860 0.075686920 0.067957960 0.063788520 0.062564570 0.062027620 0.061405350 0.038598020 0.047239970 0.004163900 0.000000000 0.005070990 0.002904530 0.011136000 0.002549140 0.009697150 0.072074890 0.064401690 0.092335220 0.097079120 0.128305390 0.075179900 0.036352000 0.025678990 0.047860320 0.046930180 0.026669390 0.084586700 0.085562400 0.090028800 0.088313440 0.132290120 0.104368660 0.092342930 0.107984240 0.073911870 
23     0.056773720 0.057310090 0.056504230 0.055920140 0.055808250 0.063471000 0.039605280 0.039142320 0.072317590 0.054031820 0.059164340 0.050458870 0.053153860 0.058416100 0.054672210 0.101860330 0.124296340 0.116567380 0.037622430 0.039828580 0.053079940 0.032732290 0.081360050 0.090002000 0.004380410 0.005070990 0.000000000 0.001942400 0.000441140 0.014131760 0.007270380 0.067804900 0.068573560 0.095774540 0.078723290 0.133048930 0.110432670 0.065451940 0.068441020 0.090987810 0.107468340 0.063011980 0.051081650 0.050631470 0.080242610 0.123267750 0.088619600 0.089369790 0.051023440 0.069474040 0.104562790 
21     0.049179210 0.049715580 0.048909720 0.048325630 0.048213740 0.055876490 0.039801920 0.039338960 0.079689450 0.054228460 0.059360980 0.050655510 0.053350500 0.058612740 0.054868850 0.062299950 0.077046580 0.081295050 0.037680060 0.039886210 0.053137570 0.032789920 0.073765540 0.082407490 0.010213270 0.002904530 0.001942400 0.000000000 0.000194520 0.021183860 0.011260990 0.068001540 0.062503760 0.082510360 0.078919930 0.093488550 0.091865610 0.065648580 0.060846510 0.068416490 0.070116720 0.052956090 0.047913620 0.050828110 0.062118070 0.101497000 0.088816240 0.089566430 0.051220080 0.069670680 0.072013940 
24     0.042306810 0.042843180 0.042037320 0.041453230 0.041341340 0.049004090 0.037407150 0.036944190 0.082206370 0.051833690 0.056966210 0.046805000 0.050955730 0.056217970 0.052474080 0.066073730 0.103207400 0.099304410 0.035246880 0.037453030 0.050704390 0.030356740 0.066893140 0.075535090 0.010709270 0.011136000 0.000441140 0.000194520 0.000000000 0.006453420 0.015944110 0.065606770 0.066375430 0.083751580 0.076525160 0.112997110 0.113142280 0.063253810 0.053974110 0.069271140 0.070971370 0.053810740 0.046860710 0.048433340 0.061065160 0.102766490 0.086421470 0.087171660 0.048825310 0.067275910 0.086916760 
28     0.026287320 0.039107470 0.026796060 0.034500860 0.063105530 0.033585890 0.030930260 0.061790830 0.063264440 0.052323830 0.052179020 0.023608880 0.080398920 0.074689650 0.040518920 0.044468780 0.121012510 0.099741850 0.057470440 0.056246490 0.084341540 0.055087270 0.043896860 0.065585280 0.001746950 0.002549140 0.014131760 0.021183860 0.006453420 0.000000000 0.000177490 0.090446010 0.072676760 0.082170950 0.090761040 0.115709510 0.112175980 0.030033920 0.100897260 0.041542240 0.040612100 0.037571470 0.058703800 0.085328260 0.072908250 0.084700840 0.083692230 0.084756630 0.093276390 0.092316780 0.063720640 
50     0.014607010 0.015143380 0.014337520 0.013753430 0.013641540 0.021304290 0.030756610 0.030497860 0.036690260 0.036782640 0.050519880 0.023435230 0.036027980 0.037291060 0.036258100 0.046377310 0.090483220 0.059062030 0.042094950 0.041999700 0.040132740 0.028536190 0.039193340 0.047835290 0.005018010 0.009697150 0.007270380 0.011260990 0.015944110 0.000177490 0.000000000 0.059160440 0.034970470 0.055858530 0.070078830 0.085104060 0.055922520 0.031942450 0.026274310 0.043450770 0.042520630 0.027264710 0.042437190 0.041987010 0.071598150 0.094926090 0.079975140 0.080725330 0.042378980 0.060829580 0.063546990 
38     0.044064160 0.029966750 0.031261430 0.033072210 0.025221230 0.026380440 0.020080350 0.018115040 0.068311060 0.067469160 0.072601680 0.063896210 0.048455910 0.038909100 0.065387980 0.049607700 0.023770260 0.038707260 0.033575180 0.033415080 0.040823250 0.083558730 0.081461360 0.082139200 0.087417780 0.072074890 0.067804900 0.068001540 0.065606770 0.090446010 0.059160440 0.000000000 0.000161970 0.007952940 0.032596050 0.040191340 0.027736500 0.016133000 0.007897750 0.016954000 0.013471860 0.014855090 0.023716030 0.023265850 0.048162080 0.056231470 0.019937290 0.050631760 0.023657820 0.037705660 0.018737620 
19     0.036390960 0.022293550 0.023588230 0.026057420 0.017548030 0.051274630 0.012407150 0.010441840 0.051975350 0.052067730 0.058903170 0.057222400 0.051313070 0.046765720 0.051543190 0.054778830 0.016097060 0.031034060 0.014348560 0.014188460 0.021596630 0.058649420 0.073788160 0.074466000 0.079831730 0.064401690 0.068573560 0.062503760 0.066375430 0.072676760 0.034970470 0.000161970 0.000000000 0.017157860 0.033364710 0.061009720 0.018362770 0.015008690 0.008175930 0.009939210 0.035922190 0.018151970 0.022634710 0.024034510 0.024152400 0.049553840 0.016635970 0.058488380 0.024426480 0.042877080 0.011064420 
14     0.064098980 0.069405340 0.055108530 0.058349650 0.023396660 0.023394940 0.052877270 0.057235000 0.055073700 0.052331500 0.068594200 0.045452600 0.074803190 0.075529160 0.041880840 0.052333740 0.055749150 0.055035340 0.087952370 0.087009600 0.084283660 0.068101820 0.105861280 0.097043380 0.075077540 0.092335220 0.095774540 0.082510360 0.083751580 0.082170950 0.055858530 0.007952940 0.017157860 0.000000000 0.007188930 0.002592390 0.006135860 0.005341590 0.000075730 0.023185530 0.010486360 0.011869590 0.038726440 0.051235490 0.055260650 0.029956070 0.089223620 0.034141860 0.023770720 0.019841080 0.082191040 
39     0.080199340 0.099590170 0.088956110 0.080016130 0.077234330 0.069358910 0.048497870 0.048034910 0.082621130 0.078387550 0.083520070 0.074814600 0.077509590 0.082771830 0.068140260 0.048119210 0.049460500 0.048746690 0.106530010 0.108156220 0.102861300 0.113047940 0.124438920 0.115621020 0.097916010 0.097079120 0.078723290 0.078919930 0.076525160 0.090761040 0.070078830 0.032596050 0.033364710 0.007188930 0.000000000 0.003433200 0.033994920 0.013523890 0.008596070 0.059612430 0.043912250 0.044819880 0.034634420 0.034184240 0.063795380 0.104128600 0.072172370 0.027853210 0.020236090 0.013552430 0.096616670 
44     0.095977910 0.070738060 0.071340270 0.066176530 0.077575210 0.073079540 0.053685070 0.053476830 0.090322120 0.105774780 0.114883710 0.034995160 0.086466660 0.086507350 0.031423400 0.078976040 0.052492190 0.079603520 0.108649520 0.110275730 0.104980810 0.079320910 0.055118540 0.072811060 0.086055730 0.128305390 0.133048930 0.093488550 0.112997110 0.115709510 0.085104060 0.040191340 0.061009720 0.002592390 0.003433200 0.000000000 0.010089920 0.007933980 0.006034750 0.025777920 0.026406010 0.020237500 0.050170720 0.060673170 0.060386850 0.063321530 0.101200910 0.058710040 0.051092920 0.044409260 0.108490580 
22     0.053650890 0.049212030 0.061092170 0.068350330 0.070856820 0.059045630 0.049837760 0.058337030 0.059623400 0.054257690 0.061640180 0.055197480 0.057647870 0.062850820 0.051990190 0.068923860 0.084770120 0.057162980 0.093160230 0.093064980 0.091198020 0.079601470 0.142927890 0.126768490 0.074019990 0.075179900 0.110432670 0.091865610 0.113142280 0.112175980 0.055922520 0.027736500 0.018362770 0.006135860 0.033994920 0.010089920 0.000000000 0.009869330 0.012189850 0.018880640 0.019508730 0.013340220 0.025717330 0.026548800 0.025813970 0.051598560 0.056814240 0.063162830 0.031324700 0.048862050 0.061283360 
40     0.044284070 0.039845210 0.034073040 0.039397280 0.032648390 0.008631790 0.022445510 0.034763560 0.061240150 0.058497950 0.064832380 0.061543250 0.055167310 0.053777880 0.044962930 0.017845920 0.051719070 0.047796160 0.082171340 0.080947390 0.089347710 0.077589590 0.068597760 0.090286180 0.037188890 0.036352000 0.065451940 0.065648580 0.063253810 0.030033920 0.031942450 0.016133000 0.015008690 0.005341590 0.013523890 0.007933980 0.009869330 0.000000000 0.000858990 0.014877860 0.013947720 0.010907090 0.019503080 0.017181980 0.016447150 0.026050750 0.024923840 0.038627960 0.021304860 0.024327180 0.035735550 
35     0.013822520 0.014358890 0.013553030 0.012968940 0.012857050 0.020519800 0.040773030 0.049272300 0.050138280 0.047396080 0.057999620 0.056318850 0.058301630 0.059564710 0.053837730 0.058737020 0.082214320 0.048098250 0.079196740 0.079101490 0.077234530 0.065637980 0.049232970 0.057874920 0.041175410 0.025678990 0.068441020 0.060846510 0.053974110 0.100897260 0.026274310 0.007897750 0.008175930 0.000075730 0.008596070 0.006034750 0.012189850 0.000858990 0.000000000 0.016245700 0.010431170 0.000993220 0.019805170 0.017484070 0.016749240 0.013839780 0.083090570 0.029895000 0.018835300 0.063945010 0.023524580 
36     0.036369310 0.036905680 0.036099820 0.032899410 0.035403840 0.020140110 0.033953830 0.048345050 0.052577190 0.047211480 0.054593970 0.047167190 0.049617580 0.054820530 0.043959900 0.029354240 0.042794730 0.042080920 0.088914920 0.090541130 0.085246210 0.091296490 0.071779760 0.080421710 0.048697210 0.047860320 0.090987810 0.068416490 0.069271140 0.041542240 0.043450770 0.016954000 0.009939210 0.023185530 0.059612430 0.025777920 0.018880640 0.014877860 0.016245700 0.000000000 0.000946180 0.002071510 0.012621910 0.013597610 0.026146170 0.010996890 0.039761560 0.040825960 0.004811540 0.036019450 0.039554010 
15     0.061653740 0.059349180 0.044651220 0.049975460 0.020951420 0.019209970 0.033023690 0.045646420 0.053276930 0.047911220 0.055293710 0.050096080 0.052546470 0.057749420 0.046163800 0.028424100 0.054348930 0.053635120 0.092749520 0.091525570 0.100291590 0.090366350 0.079175940 0.100864360 0.047767070 0.046930180 0.107468340 0.070116720 0.070971370 0.040612100 0.042520630 0.013471860 0.035922190 0.010486360 0.043912250 0.026406010 0.019508730 0.013947720 0.010431170 0.000946180 0.000000000 0.003818770 0.019412260 0.027190920 0.019748210 0.034430320 0.025554890 0.026619290 0.035139050 0.034179440 0.040791860 
31     0.014812920 0.015349290 0.014543430 0.013959340 0.013847450 0.016169340 0.029983060 0.030388280 0.049828600 0.047086400 0.065282790 0.055488000 0.057163730 0.051840010 0.052500480 0.025383470 0.045407700 0.044693890 0.085736770 0.085641520 0.083774560 0.072178010 0.050223370 0.058865320 0.042165810 0.026669390 0.063011980 0.052956090 0.053810740 0.037571470 0.027264710 0.014855090 0.018151970 0.011869590 0.044819880 0.020237500 0.013340220 0.010907090 0.000993220 0.002071510 0.003818770 0.000000000 0.015390490 0.016366190 0.024128550 0.007658290 0.063922230 0.020590590 0.001472940 0.038788030 0.047382120 
30     0.008380830 0.033311370 0.017137600 0.008197620 0.005396520 0.004942850 0.015901100 0.017019640 0.043403600 0.044593040 0.055878430 0.047172960 0.023548450 0.014001640 0.051386300 0.044250910 0.062910690 0.015172330 0.092376930 0.094003140 0.088708220 0.106140330 0.110285840 0.101467940 0.005138220 0.084586700 0.051081650 0.047913620 0.046860710 0.058703800 0.042437190 0.023716030 0.022634710 0.038726440 0.034634420 0.050170720 0.025717330 0.019503080 0.019805170 0.012621910 0.019412260 0.015390490 0.000000000 0.000563780 0.000012620 0.009914320 0.008289030 0.009353430 0.003077670 0.003760760 0.022169900 
47     0.010804230 0.035734770 0.019561000 0.010621020 0.007819920 0.007366250 0.018324500 0.019443040 0.062543920 0.050295730 0.055428250 0.046722780 0.049417770 0.054680010 0.050936120 0.058921860 0.065334090 0.055807810 0.099417610 0.101043820 0.095748900 0.112236400 0.117326520 0.108508620 0.066389490 0.085562400 0.050631470 0.050828110 0.048433340 0.085328260 0.041987010 0.023265850 0.024034510 0.051235490 0.034184240 0.060673170 0.026548800 0.017181980 0.017484070 0.013597610 0.027190920 0.016366190 0.000563780 0.000000000 0.002103550 0.018312300 0.012714600 0.009227380 0.002627490 0.007485740 0.030567880 
32     0.015973730 0.040904270 0.024730500 0.015790520 0.012989420 0.012535750 0.023494000 0.024612540 0.057600670 0.079906870 0.058792420 0.057111650 0.075268760 0.080471710 0.066454930 0.059529820 0.070503590 0.060715450 0.115159560 0.116785770 0.111490850 0.115079550 0.133068470 0.124250570 0.040477040 0.090028800 0.080242610 0.062118070 0.061065160 0.072908250 0.071598150 0.048162080 0.024152400 0.055260650 0.063795380 0.060386850 0.025813970 0.016447150 0.016749240 0.026146170 0.019748210 0.024128550 0.000012620 0.002103550 0.000000000 0.007124730 0.008624980 0.009689380 0.012928680 0.015409430 0.019380310 
20     0.107006000 0.068745390 0.068224750 0.064183860 0.033936890 0.033938780 0.040016760 0.051484160 0.030074780 0.054157170 0.031266530 0.029585760 0.085500250 0.103471270 0.066844790 0.032003930 0.109350520 0.037109060 0.113194390 0.114820600 0.109525680 0.131294880 0.131103300 0.122285400 0.085038330 0.088313440 0.123267750 0.101497000 0.102766490 0.084700840 0.094926090 0.056231470 0.049553840 0.029956070 0.104128600 0.063321530 0.051598560 0.026050750 0.013839780 0.010996890 0.034430320 0.007658290 0.009914320 0.018312300 0.007124730 0.000000000 0.004160830 0.004157340 0.000129760 0.029602500 0.015158380 
10     0.073526430 0.086346580 0.064966790 0.060943680 0.098013080 0.061724920 0.058394180 0.057931220 0.110163750 0.088283860 0.093416380 0.070508190 0.087405900 0.092668140 0.087418230 0.070199430 0.133850990 0.121986060 0.127850610 0.129476820 0.124181900 0.145951100 0.145759520 0.136941620 0.100252680 0.132290120 0.088619600 0.088816240 0.086421470 0.083692230 0.079975140 0.019937290 0.016635970 0.089223620 0.072172370 0.101200910 0.056814240 0.024923840 0.083090570 0.039761560 0.025554890 0.063922230 0.008289030 0.012714600 0.008624980 0.004160830 0.000000000 0.000004490 0.001305770 0.023485620 0.106882770 
37     0.074590830 0.087410980 0.075099570 0.082804370 0.074831660 0.074829940 0.059144370 0.058681410 0.059609940 0.060799380 0.094166570 0.071572590 0.039754790 0.030207980 0.064461210 0.063109340 0.064450630 0.063736820 0.164487410 0.164392160 0.162525200 0.150928650 0.194249830 0.178730610 0.011370820 0.104368660 0.089369790 0.089566430 0.087171660 0.084756630 0.080725330 0.050631760 0.058488380 0.034141860 0.027853210 0.058710040 0.063162830 0.038627960 0.029895000 0.040825960 0.026619290 0.020590590 0.009353430 0.009227380 0.009689380 0.004157340 0.000004490 0.000000000 0.001302280 0.010830510 0.031213600 
41     0.062714090 0.058275230 0.074405570 0.077522320 0.060416920 0.049991180 0.020798020 0.020335060 0.050714020 0.047971820 0.055820220 0.047114750 0.049809740 0.055071980 0.051328090 0.055492220 0.018227970 0.056119700 0.111587940 0.113214150 0.107919230 0.129688430 0.129496850 0.120678950 0.080909490 0.092342930 0.051023440 0.051220080 0.048825310 0.093276390 0.042378980 0.023657820 0.024426480 0.023770720 0.020236090 0.051092920 0.031324700 0.021304860 0.018835300 0.004811540 0.035139050 0.001472940 0.003077670 0.002627490 0.012928680 0.000129760 0.001305770 0.001302280 0.000000000 0.001683160 0.020962330 
26     0.080888690 0.094971130 0.082659720 0.080705480 0.075908750 0.068441780 0.039248620 0.038785660 0.046683840 0.047873280 0.073933700 0.065565350 0.026828690 0.017281880 0.063553540 0.048808560 0.050149850 0.049436040 0.144913600 0.146539810 0.134218870 0.137604890 0.159413400 0.154004610 0.074199510 0.107984240 0.069474040 0.069670680 0.067275910 0.092316780 0.060829580 0.037705660 0.042877080 0.019841080 0.013552430 0.044409260 0.048862050 0.024327180 0.063945010 0.036019450 0.034179440 0.038788030 0.003760760 0.007485740 0.015409430 0.029602500 0.023485620 0.010830510 0.001683160 0.000000000 0.100708680 
0     0.045336240 0.031238830 0.032533510 0.038039260 0.026493310 0.061401810 0.021352430 0.019387120 0.053268600 0.079228110 0.079442240 0.050872100 0.046027480 0.053478830 0.042013610 0.055251010 0.016569240 0.031506240 0.126075230 0.145028750 0.136505390 0.158114900 0.083298340 0.083976180 0.099631300 0.073911870 0.104562790 0.072013940 0.086916760 0.063720640 0.063546990 0.018737620 0.011064420 0.082191040 0.096616670 0.108490580 0.061283360 0.035735550 0.023524580 0.039554010 0.040791860 0.047382120 0.022169900 0.030567880 0.019380310 0.015158380 0.106882770 0.031213600 0.020962330 0.100708680 0.000000000 
