51
2     0.000000000 0.114037774 0.105899664 0.106557940 0.179526411 0.157845543 0.149564446 0.156264636 0.389964817 0.389734674 0.531351285 0.518385658 0.369662392 0.369689972 0.320161684 0.414434454 0.614411140 0.555082208 1.056450336 1.055913955 1.063980608 1.129224644 1.063382596 1.042471487 0.376560419 0.534716856 0.491311268 0.430219800 0.430310980 0.492689456 0.390222887 0.422638038 0.400007170 0.417322700 0.534921355 0.473844324 0.448805197 0.344045311 0.635826543 0.340715603 0.355018227 0.326005374 0.334699060 0.368187188 0.375948994 0.499102966 0.595611746 0.550845774 0.389015565 0.470237717 0.608605502 
3     0.114037774 0.000000000 0.057867298 0.058902052 0.139145448 0.117258677 0.108884003 0.115724744 0.349141609 0.348911466 0.490528077 0.477562450 0.328839184 0.328866764 0.279338476 0.373611246 0.573587932 0.514259000 1.015624285 1.015087903 1.023154557 1.088398592 1.022556545 1.001645436 0.335503099 0.493683449 0.450199723 0.389117457 0.389208638 0.451656049 0.349189553 0.381820672 0.359189804 0.376505334 0.494103989 0.433026958 0.407987831 0.303227945 0.595009177 0.299898237 0.314200861 0.285188008 0.293881694 0.327369822 0.335131628 0.458285600 0.554794380 0.510028408 0.348198199 0.429420351 0.567788136 
1     0.105899664 0.057867298 0.000000000 0.041290768 0.130416299 0.108490932 0.100300040 0.107140781 0.340666143 0.340436000 0.482052611 0.469086984 0.320363718 0.320391298 0.270863010 0.365135780 0.565112466 0.505783534 1.007151662 1.006615280 1.014681934 1.079925969 1.014083922 0.993172813 0.327261745 0.485418181 0.442012594 0.380921126 0.381012306 0.443390781 0.340924213 0.373339364 0.350708496 0.368024026 0.485622681 0.424546527 0.399506523 0.294746637 0.586527869 0.291416928 0.305719553 0.276706700 0.285400386 0.318888513 0.326650320 0.449804292 0.546313072 0.501547100 0.339716891 0.420939042 0.559306827 
6     0.106557940 0.058902052 0.041290768 0.000000000 0.131469018 0.109494554 0.101353266 0.108194008 0.341632208 0.341402066 0.483018677 0.470053050 0.321329783 0.321357364 0.271829075 0.366101846 0.566078532 0.506749600 1.008117728 1.007581346 1.015648000 1.080892035 1.015049988 0.994138878 0.328227811 0.486384247 0.442978659 0.381887192 0.381978372 0.444356847 0.341890279 0.374305430 0.351674561 0.368990092 0.486588746 0.425530048 0.400472589 0.295712703 0.587493935 0.292382994 0.306685619 0.277672765 0.286366452 0.319854579 0.327616386 0.450770357 0.547279138 0.502513166 0.340682957 0.421905108 0.560272893 
4     0.179526411 0.139145448 0.130416299 0.131469018 0.000000000 0.103051544 0.094016185 0.100888530 0.344625873 0.344395731 0.486012342 0.473046715 0.324322001 0.324349581 0.274821293 0.368984164 0.568955704 0.509631918 1.011111393 1.010575011 1.018641665 1.083885700 1.018043653 0.997132543 0.331221476 0.489266565 0.445972324 0.384880857 0.384972037 0.447239165 0.344772597 0.377525228 0.354894359 0.372214333 0.489812987 0.428828547 0.403715479 0.298936944 0.590718176 0.295537208 0.309839833 0.280826979 0.289846143 0.323334270 0.331096077 0.454211248 0.550702186 0.505936214 0.344106006 0.425328157 0.563204225 
8     0.157845543 0.117258677 0.108490932 0.109494554 0.103051544 0.000000000 0.068315689 0.074995288 0.323524523 0.323294381 0.464910992 0.451945365 0.303222098 0.303249679 0.253721390 0.347882814 0.547838817 0.488470325 0.990010187 0.989473805 0.997540459 1.062784494 0.996942446 0.976031337 0.310120270 0.468165359 0.424871118 0.363779651 0.363870831 0.426137959 0.323671391 0.356495716 0.333864847 0.351189429 0.468788084 0.407744791 0.382690575 0.277912040 0.569693272 0.274507696 0.288810320 0.259797467 0.268822790 0.302310917 0.310072724 0.433187939 0.529678878 0.484912906 0.323082697 0.404304848 0.542136868 
7     0.149564446 0.108884003 0.100300040 0.101353266 0.094016185 0.068315689 0.000000000 0.016442743 0.315155018 0.314924875 0.456541486 0.443575859 0.294852593 0.294880173 0.245351885 0.339513308 0.539489994 0.480154626 0.981691615 0.981155233 0.989221887 1.054465922 0.988550441 0.967639332 0.301801698 0.459846787 0.416552547 0.355461079 0.355552259 0.417819387 0.315352819 0.348042208 0.325411340 0.342782391 0.460381046 0.399340282 0.374400905 0.269505002 0.561286234 0.266130064 0.280432688 0.251419835 0.260366833 0.293854961 0.301616767 0.424728228 0.521219167 0.476453195 0.314622986 0.395845137 0.533320286 
5     0.156264636 0.115724744 0.107140781 0.108194008 0.100888530 0.074995288 0.016442743 0.000000000 0.321905775 0.321675633 0.463292243 0.450326616 0.301603350 0.301630931 0.252102642 0.346264065 0.546240751 0.486905383 0.988442373 0.987905991 0.995972645 1.061216680 0.995301198 0.974390089 0.308552456 0.466597545 0.423303304 0.362211837 0.362303017 0.424570145 0.322103576 0.354792966 0.332162098 0.349533149 0.467131804 0.406091040 0.381151663 0.276255760 0.568036992 0.272880821 0.287183446 0.258170592 0.267117591 0.300605718 0.308367525 0.431478986 0.527969924 0.483203952 0.321373744 0.402595895 0.540071044 
27     0.389964817 0.349141609 0.340666143 0.341632208 0.344625873 0.323524523 0.315155018 0.321905775 0.000000000 0.045247262 0.205241442 0.311121825 0.201799384 0.201827029 0.154117397 0.361651303 0.562118978 0.502702029 1.021550153 1.021013771 1.029080425 1.094315030 1.028850124 1.007939015 0.342010342 0.499987437 0.456504342 0.395412875 0.395504055 0.457961359 0.355575730 0.421916812 0.399285943 0.416778559 0.534115293 0.473257171 0.448556776 0.342845129 0.634805896 0.341003962 0.355306586 0.326065971 0.334290231 0.367762801 0.375538746 0.498587231 0.595003701 0.550237729 0.388245593 0.469760455 0.614374328 
29     0.389734674 0.348911466 0.340436000 0.341402066 0.344395731 0.323294381 0.314924875 0.321675633 0.045247262 0.000000000 0.206261342 0.310842539 0.201605282 0.201632927 0.153923295 0.361421160 0.561888835 0.502471886 1.021320011 1.020783629 1.028850282 1.094084887 1.028619981 1.007708872 0.341780200 0.499757295 0.456274200 0.395182732 0.395273912 0.457731216 0.355345588 0.421686669 0.399055800 0.416548416 0.533885151 0.473027028 0.448326633 0.342614986 0.634575753 0.340773819 0.355076444 0.325835829 0.334060089 0.367532659 0.375308604 0.498357089 0.594773558 0.550007586 0.388015450 0.469530312 0.614144186 
33     0.531351285 0.490528077 0.482052611 0.483018677 0.486012342 0.464910992 0.456541486 0.463292243 0.205241442 0.206261342 0.000000000 0.452464305 0.343265229 0.343292875 0.295829695 0.503034021 0.703501696 0.644084747 1.162937929 1.162401547 1.170468200 1.235702805 1.170237899 1.149326790 0.483398118 0.641375213 0.597892118 0.536800650 0.536891830 0.599349134 0.496963506 0.563303280 0.540672411 0.558165027 0.675501762 0.614643639 0.589943244 0.484231597 0.776192364 0.482390430 0.496693054 0.467452440 0.475676699 0.509149269 0.516925214 0.639973699 0.736390169 0.691624197 0.529632061 0.611146923 0.755760796 
11     0.518385658 0.477562450 0.469086984 0.470053050 0.473046715 0.451945365 0.443575859 0.450326616 0.311121825 0.310842539 0.452464305 0.000000000 0.331129204 0.331152248 0.283963261 0.489818000 0.690500256 0.631083308 1.150019859 1.149483477 1.157550131 1.222784736 1.157319830 1.136408721 0.470482631 0.628459726 0.584976631 0.523885164 0.523976344 0.586433648 0.484173366 0.550135772 0.527504904 0.545011439 0.662080376 0.601490051 0.576670881 0.471055179 0.763015946 0.469221604 0.483524228 0.454283613 0.462807465 0.496280035 0.504055979 0.627104464 0.723609166 0.678843194 0.517013792 0.598277688 0.742819414 
12     0.369662392 0.328839184 0.320363718 0.321329783 0.324322001 0.303222098 0.294852593 0.301603350 0.201799384 0.201605282 0.343265229 0.331129204 0.000000000 0.031531907 0.069976516 0.341411330 0.542267808 0.482848250 0.998535532 0.997999150 1.006065804 1.071359007 1.006019181 0.985108072 0.321675178 0.479611371 0.436128276 0.375036808 0.375127988 0.437585292 0.335427529 0.401578012 0.378947143 0.396339508 0.513703643 0.452809510 0.427950711 0.322452485 0.614413252 0.320942950 0.335245575 0.306004960 0.314176493 0.347649063 0.355425008 0.478473493 0.574978194 0.530212222 0.368382820 0.449646717 0.594289665 
18     0.369689972 0.328866764 0.320391298 0.321357364 0.324349581 0.303249679 0.294880173 0.301630931 0.201827029 0.201632927 0.343292875 0.331152248 0.031531907 0.000000000 0.070085170 0.341438910 0.542295388 0.482875831 0.998563113 0.998026731 1.006093384 1.071386587 1.006046761 0.985135652 0.321702759 0.479638951 0.436155856 0.375064388 0.375155569 0.437612872 0.335455110 0.401605592 0.378974724 0.396367088 0.513731224 0.452837090 0.427978291 0.322480065 0.614440832 0.320970531 0.335273155 0.306032541 0.314204074 0.347676644 0.355452588 0.478501073 0.575005775 0.530239803 0.368410401 0.449674297 0.594317245 
25     0.320161684 0.279338476 0.270863010 0.271829075 0.274821293 0.253721390 0.245351885 0.252102642 0.154117397 0.153923295 0.295829695 0.283963261 0.069976516 0.070085170 0.000000000 0.291892568 0.492723235 0.433303677 0.951940864 0.951404482 0.959471135 1.024705740 0.959240834 0.938329725 0.272317310 0.430250947 0.386767852 0.325676384 0.325767564 0.388224868 0.286008045 0.352670486 0.330039618 0.347533805 0.464906551 0.404012417 0.379312022 0.273586387 0.565547154 0.271753617 0.286056242 0.256815627 0.265209260 0.298681829 0.306457774 0.429506259 0.526010961 0.481244989 0.319415587 0.400679483 0.544807818 
13     0.414434454 0.373611246 0.365135780 0.366101846 0.368984164 0.347882814 0.339513308 0.346264065 0.361651303 0.361421160 0.503034021 0.489818000 0.341411330 0.341438910 0.291892568 0.000000000 0.528309588 0.469277052 1.044864980 1.044328598 1.052395252 1.117635330 1.052165876 1.031254767 0.365825118 0.523753858 0.480557808 0.419466340 0.419557521 0.481727779 0.379392363 0.446074118 0.423443249 0.440997081 0.558544933 0.497665412 0.472801577 0.367087349 0.659045000 0.365608088 0.379910712 0.350670097 0.358985658 0.392464058 0.400240003 0.523288185 0.619792886 0.575026915 0.413197513 0.494461409 0.637988843 
42     0.614411140 0.573587932 0.565112466 0.566078532 0.568955704 0.547838817 0.539489994 0.546240751 0.562118978 0.561888835 0.703501696 0.690500256 0.542267808 0.542295388 0.492723235 0.528309588 0.000000000 0.303462546 1.245943226 1.245406845 1.253473498 1.318713576 1.253244122 1.232333013 0.565903148 0.723835833 0.680639783 0.619548315 0.619639495 0.681809754 0.579474338 0.645492246 0.622861378 0.640700295 0.758248147 0.697368627 0.672512351 0.566620430 0.858781154 0.564879134 0.579181759 0.549900907 0.558483009 0.591972911 0.599748856 0.722792441 0.819280379 0.774514407 0.612543283 0.693846591 0.838128366 
49     0.555082208 0.514259000 0.505783534 0.506749600 0.509631918 0.488470325 0.480154626 0.486905383 0.502702029 0.502471886 0.644084747 0.631083308 0.482848250 0.482875831 0.433303677 0.469277052 0.303462546 0.000000000 1.186621551 1.186085169 1.194151822 1.259391900 1.193922446 1.173011337 0.506587373 0.664520058 0.621324008 0.560232540 0.560323721 0.622493979 0.520158563 0.586635285 0.564004417 0.581521122 0.699068973 0.638189453 0.613265216 0.507355222 0.799453455 0.505888843 0.520191468 0.490950853 0.499347973 0.532834627 0.540613820 0.664056999 0.760561700 0.715795728 0.553966326 0.634849926 0.778910662 
45     1.056450336 1.015624285 1.007151662 1.008117728 1.011111393 0.990010187 0.981691615 0.988442373 1.021550153 1.021320011 1.162937929 1.150019859 0.998535532 0.998563113 0.951940864 1.044864980 1.245943226 1.186621551 0.000000000 0.064795859 0.069434317 0.199099027 0.489794722 0.471582569 0.930784546 1.089415619 1.046089827 0.984998359 0.985089539 1.047389411 0.945567821 1.086652132 1.064007924 1.081528531 1.199053023 1.136238775 1.113257041 1.007804416 1.297857055 1.005946590 1.020249214 0.991008600 0.999051598 1.032489881 1.040265826 1.163482414 1.259987115 1.215221143 1.053391741 1.133627280 1.279807492 
16     1.055913955 1.015087903 1.006615280 1.007581346 1.010575011 0.989473805 0.981155233 0.987905991 1.021013771 1.020783629 1.162401547 1.149483477 0.997999150 0.998026731 0.951404482 1.044328598 1.245406845 1.186085169 0.064795859 0.000000000 0.071410565 0.205680448 0.490069840 0.471975918 0.930248164 1.088879238 1.045553445 0.984461977 0.984553157 1.046853029 0.945031439 1.086115750 1.063471542 1.080992149 1.198516641 1.135702393 1.112720659 1.007268034 1.297320674 1.005410208 1.019712832 0.990472218 0.998515216 1.031953499 1.039729444 1.162946032 1.259450733 1.214684761 1.052855359 1.133090898 1.279271110 
43     1.063980608 1.023154557 1.014681934 1.015648000 1.018641665 0.997540459 0.989221887 0.995972645 1.029080425 1.028850282 1.170468200 1.157550131 1.006065804 1.006093384 0.959471135 1.052395252 1.253473498 1.194151822 0.069434317 0.071410565 0.000000000 0.210482950 0.497130690 0.479845148 0.938314818 1.096945891 1.053620098 0.992528631 0.992619811 1.054919683 0.953098093 1.094182403 1.071538195 1.089058802 1.206583295 1.143769047 1.120787313 1.015334688 1.305387327 1.013476861 1.027779486 0.998538871 1.006581869 1.040020153 1.047796098 1.171012685 1.267517387 1.222751415 1.060922013 1.141157552 1.287337763 
17     1.129224644 1.088398592 1.079925969 1.080892035 1.083885700 1.062784494 1.054465922 1.061216680 1.094315030 1.094084887 1.235702805 1.222784736 1.071359007 1.071386587 1.024705740 1.117635330 1.318713576 1.259391900 0.199099027 0.205680448 0.210482950 0.000000000 0.561735286 0.544200833 1.003610006 1.162241080 1.118915287 1.057823819 1.057915000 1.120214871 1.018393281 1.159683098 1.137052230 1.154317986 1.271842479 1.209028231 1.186079811 1.080627306 1.370679946 1.078825461 1.093128086 1.063887471 1.071830965 1.105269248 1.113045193 1.236261781 1.332766482 1.288000510 1.126171108 1.206406647 1.352599751 
46     1.063382596 1.022556545 1.014083922 1.015049988 1.018043653 0.996942446 0.988550441 0.995301198 1.028850124 1.028619981 1.170237899 1.157319830 1.006019181 1.006046761 0.959240834 1.052165876 1.253244122 1.193922446 0.489794722 0.490069840 0.497130690 0.561735286 0.000000000 0.098985854 0.937769796 1.096400869 1.053075077 0.991983609 0.992074789 1.054374661 0.952545561 1.094250957 1.071620088 1.089073248 1.206611220 1.143212536 1.120715381 1.015251218 1.305357115 1.013319282 1.027621907 0.998381292 1.006343822 1.039782106 1.047558050 1.170774638 1.267279339 1.222513367 1.060683965 1.140863357 1.287047045 
9     1.042471487 1.001645436 0.993172813 0.994138878 0.997132543 0.976031337 0.967639332 0.974390089 1.007939015 1.007708872 1.149326790 1.136408721 0.985108072 0.985135652 0.938329725 1.031254767 1.232333013 1.173011337 0.471582569 0.471975918 0.479845148 0.544200833 0.098985854 0.000000000 0.916858687 1.075489760 1.032163968 0.971072500 0.971163680 1.033463552 0.931634452 1.073339848 1.050708979 1.068162139 1.185700111 1.122325690 1.099804272 0.994340109 1.284446006 0.992408173 1.006710798 0.977470183 0.985432713 1.018870996 1.026646941 1.149863529 1.246368230 1.201602258 1.039772856 1.119952248 1.266135936 
48     0.376560419 0.335503099 0.327261745 0.328227811 0.331221476 0.310120270 0.301801698 0.308552456 0.342010342 0.341780200 0.483398118 0.470482631 0.321675178 0.321702759 0.272317310 0.365825118 0.565903148 0.506587373 0.930784546 0.930248164 0.938314818 1.003610006 0.937769796 0.916858687 0.000000000 0.214258233 0.169849635 0.108054815 0.108303884 0.170100300 0.114227621 0.407979747 0.385348879 0.402629089 0.520167061 0.459020147 0.434269920 0.328757226 0.620566202 0.326671290 0.340973915 0.311733300 0.319165045 0.352576136 0.360352081 0.484030767 0.580494347 0.535674579 0.373964722 0.455111740 0.600098176 
34     0.534716856 0.493683449 0.485418181 0.486384247 0.489266565 0.468165359 0.459846787 0.466597545 0.499987437 0.499757295 0.641375213 0.628459726 0.479611371 0.479638951 0.430250947 0.523753858 0.723835833 0.664520058 1.089415619 1.088879238 1.096945891 1.162241080 1.096400869 1.075489760 0.214258233 0.000000000 0.305339513 0.244391166 0.244837561 0.312830755 0.269607151 0.566165674 0.543534806 0.560815016 0.678352988 0.617206074 0.592455847 0.486943153 0.778752129 0.484845830 0.499148455 0.469907840 0.477428317 0.510826168 0.518602113 0.642287690 0.738792391 0.694026419 0.532197017 0.613357968 0.758173874 
23     0.491311268 0.450199723 0.442012594 0.442978659 0.445972324 0.424871118 0.416552547 0.423303304 0.456504342 0.456274200 0.597892118 0.584976631 0.436128276 0.436155856 0.386767852 0.480557808 0.680639783 0.621324008 1.046089827 1.045553445 1.053620098 1.118915287 1.053075077 1.032163968 0.169849635 0.305339513 0.000000000 0.133739612 0.133722805 0.273932429 0.227635898 0.522622470 0.499991602 0.517345679 0.634883651 0.573736737 0.548986510 0.443474150 0.735200380 0.441227958 0.455530582 0.426307179 0.433885748 0.467283600 0.475059545 0.598745121 0.695249823 0.650483851 0.488654449 0.569815400 0.714853754 
21     0.430219800 0.389117457 0.380921126 0.381887192 0.384880857 0.363779651 0.355461079 0.362211837 0.395412875 0.395182732 0.536800650 0.523885164 0.375036808 0.375064388 0.325676384 0.419466340 0.619548315 0.560232540 0.984998359 0.984461977 0.992528631 1.057823819 0.991983609 0.971072500 0.108054815 0.244391166 0.133739612 0.000000000 0.040260725 0.212590750 0.166238240 0.461531002 0.438900134 0.456254211 0.573792183 0.512645269 0.487895042 0.382382682 0.674108912 0.380136490 0.394439115 0.365215712 0.372794281 0.406192132 0.413968077 0.537653654 0.634158355 0.589392383 0.427562981 0.508723932 0.653762287 
24     0.430310980 0.389208638 0.381012306 0.381978372 0.384972037 0.363870831 0.355552259 0.362303017 0.395504055 0.395273912 0.536891830 0.523976344 0.375127988 0.375155569 0.325767564 0.419557521 0.619639495 0.560323721 0.985089539 0.984553157 0.992619811 1.057915000 0.992074789 0.971163680 0.108303884 0.244837561 0.133722805 0.040260725 0.000000000 0.212535292 0.166428596 0.461622182 0.438991314 0.456345391 0.573883363 0.512736450 0.487986222 0.382473862 0.674200092 0.380227670 0.394530295 0.365306892 0.372885461 0.406283312 0.414059257 0.537744834 0.634249535 0.589483563 0.427654161 0.508815112 0.653853467 
28     0.492689456 0.451656049 0.443390781 0.444356847 0.447239165 0.426137959 0.417819387 0.424570145 0.457961359 0.457731216 0.599349134 0.586433648 0.437585292 0.437612872 0.388224868 0.481727779 0.681809754 0.622493979 1.047389411 1.046853029 1.054919683 1.120214871 1.054374661 1.033463552 0.170100300 0.312830755 0.273932429 0.212590750 0.212535292 0.000000000 0.227546996 0.524138274 0.501507406 0.518787616 0.636325588 0.575178674 0.550428447 0.444915753 0.736724729 0.442818430 0.457121055 0.427880440 0.435382743 0.468683261 0.476459206 0.600260290 0.696764991 0.651999019 0.490169617 0.571330568 0.716146474 
50     0.390222887 0.349189553 0.340924213 0.341890279 0.344772597 0.323671391 0.315352819 0.322103576 0.355575730 0.355345588 0.496963506 0.484173366 0.335427529 0.335455110 0.286008045 0.379392363 0.579474338 0.520158563 0.945567821 0.945031439 0.953098093 1.018393281 0.952545561 0.931634452 0.114227621 0.269607151 0.227635898 0.166238240 0.166428596 0.227546996 0.000000000 0.421651874 0.399021006 0.416301216 0.533839188 0.472692275 0.447942047 0.342422899 0.634238663 0.340325878 0.354628503 0.325387888 0.333275804 0.366471538 0.374247483 0.497767738 0.594272439 0.549506467 0.387677065 0.468838016 0.613686041 
38     0.422638038 0.381820672 0.373339364 0.374305430 0.377525228 0.356495716 0.348042208 0.354792966 0.421916812 0.421686669 0.563303280 0.550135772 0.401578012 0.401605592 0.352670486 0.446074118 0.645492246 0.586635285 1.086652132 1.086115750 1.094182403 1.159683098 1.094250957 1.073339848 0.407979747 0.566165674 0.522622470 0.461531002 0.461622182 0.524138274 0.421651874 0.000000000 0.086101005 0.316100697 0.434682773 0.373640411 0.350006784 0.245155238 0.536667742 0.296615333 0.310917958 0.282192175 0.298054712 0.331540576 0.339383242 0.462085475 0.558635546 0.513869703 0.351885398 0.433296591 0.647402386 
19     0.400007170 0.359189804 0.350708496 0.351674561 0.354894359 0.333864847 0.325411340 0.332162098 0.399285943 0.399055800 0.540672411 0.527504904 0.378947143 0.378974724 0.330039618 0.423443249 0.622861378 0.564004417 1.064007924 1.063471542 1.071538195 1.137052230 1.071620088 1.050708979 0.385348879 0.543534806 0.499991602 0.438900134 0.438991314 0.501507406 0.399021006 0.086101005 0.000000000 0.293390181 0.411703622 0.350867648 0.327343486 0.222529406 0.514015598 0.273984465 0.288287089 0.259561307 0.275423843 0.308909707 0.316752374 0.439454607 0.536004678 0.491238835 0.329254529 0.410665722 0.624771518 
14     0.417322700 0.376505334 0.368024026 0.368990092 0.372214333 0.351189429 0.342782391 0.349533149 0.416778559 0.416548416 0.558165027 0.545011439 0.396339508 0.396367088 0.347533805 0.440997081 0.640700295 0.581521122 1.081528531 1.080992149 1.089058802 1.154317986 1.089073248 1.068162139 0.402629089 0.560815016 0.517345679 0.456254211 0.456345391 0.518787616 0.416301216 0.316100697 0.293390181 0.000000000 0.270100581 0.209335594 0.254225730 0.192264493 0.486194203 0.291698587 0.306001212 0.277233342 0.292840893 0.326326398 0.334188864 0.457185395 0.553407346 0.508641503 0.346654207 0.428105215 0.642354609 
39     0.534921355 0.494103989 0.485622681 0.486588746 0.489812987 0.468788084 0.460381046 0.467131804 0.534115293 0.533885151 0.675501762 0.662080376 0.513703643 0.513731224 0.464906551 0.558544933 0.758248147 0.699068973 1.199053023 1.198516641 1.206583295 1.271842479 1.206611220 1.185700111 0.520167061 0.678352988 0.634883651 0.573792183 0.573883363 0.636325588 0.533839188 0.434682773 0.411703622 0.270100581 0.000000000 0.239191089 0.371563961 0.308495617 0.603118916 0.409539181 0.423841806 0.395073936 0.410384192 0.443869697 0.451732163 0.574728694 0.670950645 0.626184803 0.464197506 0.545648515 0.759947274 
44     0.473844324 0.433026958 0.424546527 0.425530048 0.428828547 0.407744791 0.399340282 0.406091040 0.473257171 0.473027028 0.614643639 0.601490051 0.452809510 0.452837090 0.404012417 0.497665412 0.697368627 0.638189453 1.136238775 1.135702393 1.143769047 1.209028231 1.143212536 1.122325690 0.459020147 0.617206074 0.573736737 0.512645269 0.512736450 0.575178674 0.472692275 0.373640411 0.350867648 0.209335594 0.239191089 0.000000000 0.311001226 0.247817901 0.542471633 0.348668180 0.362970805 0.334202935 0.349446087 0.382931592 0.390794058 0.513790589 0.610012540 0.565246697 0.403259401 0.484710409 0.698908282 
22     0.448805197 0.407987831 0.399506523 0.400472589 0.403715479 0.382690575 0.374400905 0.381151663 0.448556776 0.448326633 0.589943244 0.576670881 0.427950711 0.427978291 0.379312022 0.472801577 0.672512351 0.613265216 1.113257041 1.112720659 1.120787313 1.186079811 1.120715381 1.099804272 0.434269920 0.592455847 0.548986510 0.487895042 0.487986222 0.550428447 0.447942047 0.350006784 0.327343486 0.254225730 0.371563961 0.311001226 0.000000000 0.223296561 0.519062944 0.323438609 0.337741233 0.308973363 0.324456667 0.357942172 0.365804639 0.488654781 0.585023121 0.540257278 0.378269982 0.459720990 0.673979637 
40     0.344045311 0.303227945 0.294746637 0.295712703 0.298936944 0.277912040 0.269505002 0.276255760 0.342845129 0.342614986 0.484231597 0.471055179 0.322452485 0.322480065 0.273586387 0.367087349 0.566620430 0.507355222 1.007804416 1.007268034 1.015334688 1.080627306 1.015251218 0.994340109 0.328757226 0.486943153 0.443474150 0.382382682 0.382473862 0.444915753 0.342422899 0.245155238 0.222529406 0.192264493 0.308495617 0.247817901 0.223296561 0.000000000 0.397435757 0.218825121 0.233127746 0.204360231 0.218311464 0.251796969 0.259659436 0.382940244 0.479150980 0.434385137 0.272397840 0.353808644 0.568756964 
35     0.635826543 0.595009177 0.586527869 0.587493935 0.590718176 0.569693272 0.561286234 0.568036992 0.634805896 0.634575753 0.776192364 0.763015946 0.614413252 0.614440832 0.565547154 0.659045000 0.858781154 0.799453455 1.297857055 1.297320674 1.305387327 1.370679946 1.305357115 1.284446006 0.620566202 0.778752129 0.735200380 0.674108912 0.674200092 0.736724729 0.634238663 0.536667742 0.514015598 0.486194203 0.603118916 0.542471633 0.519062944 0.397435757 0.000000000 0.511170709 0.525473334 0.496700138 0.512498350 0.545983855 0.553846321 0.676863972 0.773074707 0.728308196 0.566321568 0.647731703 0.860652327 
36     0.340715603 0.299898237 0.291416928 0.292382994 0.295537208 0.274507696 0.266130064 0.272880821 0.341003962 0.340773819 0.482390430 0.469221604 0.320942950 0.320970531 0.271753617 0.365608088 0.564879134 0.505888843 1.005946590 1.005410208 1.013476861 1.078825461 1.013319282 0.992408173 0.326671290 0.484845830 0.441227958 0.380136490 0.380227670 0.442818430 0.340325878 0.296615333 0.273984465 0.291698587 0.409539181 0.348668180 0.323438609 0.218825121 0.511170709 0.000000000 0.068115411 0.070324398 0.217523925 0.251000049 0.258842715 0.382087710 0.478145598 0.433379086 0.271542855 0.352604041 0.566474822 
15     0.355018227 0.314200861 0.305719553 0.306685619 0.309839833 0.288810320 0.280432688 0.287183446 0.355306586 0.355076444 0.496693054 0.483524228 0.335245575 0.335273155 0.286056242 0.379910712 0.579181759 0.520191468 1.020249214 1.019712832 1.027779486 1.093128086 1.027621907 1.006710798 0.340973915 0.499148455 0.455530582 0.394439115 0.394530295 0.457121055 0.354628503 0.310917958 0.288287089 0.306001212 0.423841806 0.362970805 0.337741233 0.233127746 0.525473334 0.068115411 0.000000000 0.084705609 0.231826550 0.265302673 0.273145340 0.396390335 0.492448222 0.447681711 0.285845480 0.366906666 0.580777446 
31     0.326005374 0.285188008 0.276706700 0.277672765 0.280826979 0.259797467 0.251419835 0.258170592 0.326065971 0.325835829 0.467452440 0.454283613 0.306004960 0.306032541 0.256815627 0.350670097 0.549900907 0.490950853 0.991008600 0.990472218 0.998538871 1.063887471 0.998381292 0.977470183 0.311733300 0.469907840 0.426307179 0.365215712 0.365306892 0.427880440 0.325387888 0.282192175 0.259561307 0.277233342 0.395073936 0.334202935 0.308973363 0.204360231 0.496700138 0.070324398 0.084705609 0.000000000 0.202307618 0.235783741 0.243626408 0.366556392 0.462893675 0.418127164 0.256290933 0.337352119 0.551614306 
30     0.334699060 0.293881694 0.285400386 0.286366452 0.289846143 0.268822790 0.260366833 0.267117591 0.334290231 0.334060089 0.475676699 0.462807465 0.314176493 0.314204074 0.265209260 0.358985658 0.558483009 0.499347973 0.999051598 0.998515216 1.006581869 1.071830965 1.006343822 0.985432713 0.319165045 0.477428317 0.433885748 0.372794281 0.372885461 0.435382743 0.333275804 0.298054712 0.275423843 0.292840893 0.410384192 0.349446087 0.324456667 0.218311464 0.512498350 0.217523925 0.231826550 0.202307618 0.000000000 0.042261573 0.050188791 0.211114744 0.306508444 0.261110949 0.099911967 0.180445924 0.560103190 
47     0.368187188 0.327369822 0.318888513 0.319854579 0.323334270 0.302310917 0.293854961 0.300605718 0.367762801 0.367532659 0.509149269 0.496280035 0.347649063 0.347676644 0.298681829 0.392464058 0.591972911 0.532834627 1.032489881 1.031953499 1.040020153 1.105269248 1.039782106 1.018870996 0.352576136 0.510826168 0.467283600 0.406192132 0.406283312 0.468683261 0.366471538 0.331540576 0.308909707 0.326326398 0.443869697 0.382931592 0.357942172 0.251796969 0.545983855 0.251000049 0.265302673 0.235783741 0.042261573 0.000000000 0.070647533 0.244903668 0.340243186 0.294966978 0.133719772 0.214295894 0.593591317 
32     0.375948994 0.335131628 0.326650320 0.327616386 0.331096077 0.310072724 0.301616767 0.308367525 0.375538746 0.375308604 0.516925214 0.504055979 0.355425008 0.355452588 0.306457774 0.400240003 0.599748856 0.540613820 1.040265826 1.039729444 1.047796098 1.113045193 1.047558050 1.026646941 0.360352081 0.518602113 0.475059545 0.413968077 0.414059257 0.476459206 0.374247483 0.339383242 0.316752374 0.334188864 0.451732163 0.390794058 0.365804639 0.259659436 0.553846321 0.258842715 0.273145340 0.243626408 0.050188791 0.070647533 0.000000000 0.252443613 0.347686179 0.302481136 0.141266054 0.221801500 0.601342600 
20     0.499102966 0.458285600 0.449804292 0.450770357 0.454211248 0.433187939 0.424728228 0.431478986 0.498587231 0.498357089 0.639973699 0.627104464 0.478473493 0.478501073 0.429506259 0.523288185 0.722792441 0.664056999 1.163482414 1.162946032 1.171012685 1.236261781 1.170774638 1.149863529 0.484030767 0.642287690 0.598745121 0.537653654 0.537744834 0.600260290 0.497767738 0.462085475 0.439454607 0.457185395 0.574728694 0.513790589 0.488654781 0.382940244 0.676863972 0.382087710 0.396390335 0.366556392 0.211114744 0.244903668 0.252443613 0.000000000 0.413655197 0.370085465 0.223785882 0.305964091 0.723705656 
10     0.595611746 0.554794380 0.546313072 0.547279138 0.550702186 0.529678878 0.521219167 0.527969924 0.595003701 0.594773558 0.736390169 0.723609166 0.574978194 0.575005775 0.526010961 0.619792886 0.819280379 0.760561700 1.259987115 1.259450733 1.267517387 1.332766482 1.267279339 1.246368230 0.580494347 0.738792391 0.695249823 0.634158355 0.634249535 0.696764991 0.594272439 0.558635546 0.536004678 0.553407346 0.670950645 0.610012540 0.585023121 0.479150980 0.773074707 0.478145598 0.492448222 0.462893675 0.306508444 0.340243186 0.347686179 0.413655197 0.000000000 0.387831996 0.320328006 0.402173473 0.820769946 
37     0.550845774 0.510028408 0.501547100 0.502513166 0.505936214 0.484912906 0.476453195 0.483203952 0.550237729 0.550007586 0.691624197 0.678843194 0.530212222 0.530239803 0.481244989 0.575026915 0.774514407 0.715795728 1.215221143 1.214684761 1.222751415 1.288000510 1.222513367 1.201602258 0.535674579 0.694026419 0.650483851 0.589392383 0.589483563 0.651999019 0.549506467 0.513869703 0.491238835 0.508641503 0.626184803 0.565246697 0.540257278 0.434385137 0.728308196 0.433379086 0.447681711 0.418127164 0.261110949 0.294966978 0.302481136 0.370085465 0.387831996 0.000000000 0.275117756 0.355933469 0.776003974 
41     0.389015565 0.348198199 0.339716891 0.340682957 0.344106006 0.323082697 0.314622986 0.321373744 0.388245593 0.388015450 0.529632061 0.517013792 0.368382820 0.368410401 0.319415587 0.413197513 0.612543283 0.553966326 1.053391741 1.052855359 1.060922013 1.126171108 1.060683965 1.039772856 0.373964722 0.532197017 0.488654449 0.427562981 0.427654161 0.490169617 0.387677065 0.351885398 0.329254529 0.346654207 0.464197506 0.403259401 0.378269982 0.272397840 0.566321568 0.271542855 0.285845480 0.256290933 0.099911967 0.133719772 0.141266054 0.223785882 0.320328006 0.275117756 0.000000000 0.137199810 0.614162232 
26     0.470237717 0.429420351 0.420939042 0.421905108 0.425328157 0.404304848 0.395845137 0.402595895 0.469760455 0.469530312 0.611146923 0.598277688 0.449646717 0.449674297 0.400679483 0.494461409 0.693846591 0.634849926 1.133627280 1.133090898 1.141157552 1.206406647 1.140863357 1.119952248 0.455111740 0.613357968 0.569815400 0.508723932 0.508815112 0.571330568 0.468838016 0.433296591 0.410665722 0.428105215 0.545648515 0.484710409 0.459720990 0.353808644 0.647731703 0.352604041 0.366906666 0.337352119 0.180445924 0.214295894 0.221801500 0.305964091 0.402173473 0.355933469 0.137199810 0.000000000 0.695385869 
0     0.608605502 0.567788136 0.559306827 0.560272893 0.563204225 0.542136868 0.533320286 0.540071044 0.614374328 0.614144186 0.755760796 0.742819414 0.594289665 0.594317245 0.544807818 0.637988843 0.838128366 0.778910662 1.279807492 1.279271110 1.287337763 1.352599751 1.287047045 1.266135936 0.600098176 0.758173874 0.714853754 0.653762287 0.653853467 0.716146474 0.613686041 0.647402386 0.624771518 0.642354609 0.759947274 0.698908282 0.673979637 0.568756964 0.860652327 0.566474822 0.580777446 0.551614306 0.560103190 0.593591317 0.601342600 0.723705656 0.820769946 0.776003974 0.614162232 0.695385869 0.000000000 
