51
5     0.000000000 0.000628050 0.001604870 0.002284340 0.034627020 0.034590230 0.041607400 0.034594000 0.058201130 0.085681960 0.078009110 0.042578140 0.051973790 0.064540520 0.090130290 0.078037800 0.066726130 0.063765520 0.045509940 0.043005850 0.074189640 0.079713230 0.073279930 0.075347180 0.052540740 0.083845390 0.091062020 0.085896000 0.067012610 0.075129010 0.025836510 0.040527180 0.039202280 0.050490030 0.048431690 0.031465430 0.028753560 0.043287020 0.054655140 0.024741430 0.024780490 0.054156610 0.045775260 0.046828870 0.047081920 0.064888680 0.098796430 0.090771990 0.088065770 0.061361430 0.072882410 
6     0.000628050 0.000000000 0.000976820 0.004577200 0.036919880 0.079700670 0.033963640 0.061710950 0.044692800 0.055877270 0.056882620 0.048227870 0.072862670 0.082474630 0.091387000 0.090344290 0.071380810 0.077847000 0.044066310 0.037610580 0.038292450 0.063521190 0.067884660 0.102464130 0.076939360 0.069450380 0.063356290 0.082019040 0.094129560 0.039231820 0.052953460 0.048606560 0.035236940 0.077606980 0.043036420 0.033758290 0.031046420 0.045579880 0.049259870 0.027034290 0.027073350 0.056449470 0.048068120 0.049121730 0.049374780 0.083935590 0.101089290 0.107952520 0.082670500 0.074307950 0.067487140 
30     0.001604870 0.000976820 0.000000000 0.000139280 0.076483480 0.083453560 0.082060160 0.049116950 0.029959820 0.086647750 0.097695810 0.078888990 0.082551160 0.105260720 0.057310320 0.096717920 0.075107140 0.075134150 0.056028780 0.063316770 0.079105640 0.048788210 0.063127140 0.136795320 0.062206380 0.054717400 0.048623310 0.067286060 0.093879240 0.079990840 0.061360870 0.064695700 0.063965260 0.078775000 0.082232810 0.091664830 0.083635790 0.087213190 0.101258750 0.163679900 0.110406170 0.113465070 0.052421790 0.064290820 0.068015890 0.084950550 0.085107670 0.076756650 0.070627260 0.085679290 0.080544070 
14     0.002284340 0.004577200 0.000139280 0.000000000 0.032551420 0.103825520 0.098633260 0.065260850 0.030596260 0.088118460 0.096984560 0.114588530 0.103805920 0.092864520 0.110777700 0.086679640 0.103354530 0.110993520 0.111248260 0.097131220 0.078963360 0.049424650 0.063763580 0.158340630 0.062842820 0.055353840 0.049259750 0.067922500 0.109408690 0.079902730 0.029809630 0.089277470 0.075907850 0.091479480 0.049950480 0.029389830 0.026677960 0.041211420 0.063338630 0.022665830 0.022704890 0.052081010 0.043699660 0.044753270 0.045006320 0.086953360 0.096720830 0.094930540 0.142806760 0.110100350 0.112798760 
17     0.034627020 0.036919880 0.076483480 0.032551420 0.000000000 0.008747040 0.011091790 0.016844070 0.063607340 0.084689970 0.103395330 0.054365660 0.079755050 0.092321780 0.099230660 0.085726690 0.084635280 0.091546780 0.031128080 0.059675770 0.022155140 0.097074960 0.099409230 0.040238450 0.062840250 0.111626650 0.078944260 0.073665790 0.085592780 0.079891470 0.053617770 0.068308440 0.066983540 0.047735780 0.065646930 0.061327770 0.050411490 0.050822540 0.050454180 0.054603770 0.054642830 0.084018950 0.061616050 0.030229750 0.032486160 0.064195080 0.060737910 0.077611320 0.070853460 0.058782110 0.164883120 
2     0.034590230 0.079700670 0.083453560 0.103825520 0.008747040 0.000000000 0.004992900 0.001380160 0.052180520 0.073827630 0.066154780 0.029138450 0.053482760 0.102837900 0.115740490 0.116335180 0.105023510 0.102062900 0.084930840 0.098345020 0.080683030 0.118010610 0.116274300 0.094041210 0.090838120 0.118098840 0.120123000 0.114813660 0.059668880 0.087865130 0.064133890 0.078824560 0.075630550 0.088787410 0.108093540 0.101527130 0.151245890 0.070604150 0.074536840 0.116137170 0.137901440 0.136619870 0.111538920 0.075469930 0.086288920 0.091787030 0.114540670 0.129069370 0.124656220 0.099658810 0.118055020 
23     0.041607400 0.033963640 0.082060160 0.098633260 0.011091790 0.004992900 0.000000000 0.005631540 0.083051290 0.103525180 0.093369100 0.056815570 0.085284450 0.105524800 0.082721640 0.081678930 0.063765950 0.069181640 0.033577990 0.059984900 0.100003060 0.116334810 0.101859140 0.042688360 0.065290160 0.114750580 0.116169910 0.111465400 0.094095650 0.064123020 0.067930260 0.080100800 0.093505820 0.050185690 0.070979810 0.092691110 0.138995320 0.053272450 0.052904090 0.113166750 0.116166110 0.093250640 0.067439880 0.032679660 0.034936070 0.066644990 0.063187820 0.080061230 0.073303370 0.061232020 0.135818080 
24     0.034594000 0.061710950 0.049116950 0.065260850 0.016844070 0.001380160 0.005631540 0.000000000 0.037783050 0.073518110 0.052128670 0.030414290 0.063809610 0.076376340 0.112789060 0.089873620 0.073935560 0.075601340 0.065239480 0.051139710 0.042215400 0.091549050 0.089812740 0.087183000 0.064376560 0.095681210 0.108055640 0.097731820 0.078848430 0.085752130 0.037672330 0.052363000 0.051038100 0.062325850 0.081631980 0.075065570 0.097346290 0.091503200 0.101700270 0.099707340 0.112288820 0.122043520 0.095185600 0.081475840 0.083732250 0.076724500 0.111984000 0.102607810 0.119363220 0.073197250 0.143423280 
26     0.058201130 0.044692800 0.029959820 0.030596260 0.063607340 0.052180520 0.083051290 0.037783050 0.000000000 0.005670240 0.003860630 0.029525590 0.109007140 0.123353730 0.077913390 0.103347140 0.096506710 0.095737220 0.076631850 0.083919840 0.108862920 0.045555250 0.059894180 0.154471230 0.058973420 0.051484440 0.045390350 0.064053100 0.116551090 0.106470160 0.110277400 0.122447940 0.122712290 0.090829960 0.079358130 0.058797480 0.056085610 0.070619070 0.092746280 0.052073480 0.052112540 0.081488660 0.049188830 0.074160920 0.074413970 0.105553620 0.105710740 0.097359720 0.091230330 0.106282360 0.129477320 
20     0.085681960 0.055877270 0.086647750 0.088118460 0.084689970 0.073827630 0.103525180 0.073518110 0.005670240 0.000000000 0.000026440 0.050436140 0.097243920 0.134348410 0.074075270 0.114505640 0.092668590 0.091899100 0.072793730 0.080081720 0.081563340 0.163095250 0.097660670 0.142441870 0.113243720 0.141941400 0.147762990 0.147660570 0.085876020 0.082502710 0.093700510 0.091877450 0.078507830 0.101035070 0.111853880 0.108429780 0.110330910 0.090243910 0.114704590 0.125842840 0.113369650 0.123124350 0.101943450 0.109814520 0.084780840 0.101715500 0.101872620 0.093521600 0.087392210 0.102444240 0.122507550 
10     0.078009110 0.056882620 0.097695810 0.096984560 0.103395330 0.066154780 0.093369100 0.052128670 0.003860630 0.000026440 0.000000000 0.043499850 0.103915150 0.135353760 0.072644970 0.121176870 0.091238290 0.090468800 0.071363430 0.078651420 0.082568690 0.159418150 0.107892380 0.177673440 0.123475430 0.165342600 0.159253250 0.164899450 0.096107730 0.083508060 0.103273310 0.092882800 0.079513180 0.107706300 0.096198570 0.106999480 0.112627360 0.093334850 0.128106750 0.172794390 0.113259540 0.123014240 0.100513150 0.109704410 0.083350540 0.100285200 0.100442320 0.092091300 0.085961910 0.101013940 0.135851990 
15     0.042578140 0.048227870 0.078888990 0.114588530 0.054365660 0.029138450 0.056815570 0.030414290 0.029525590 0.050436140 0.043499850 0.000000000 0.056440210 0.065941310 0.097700430 0.112693270 0.082877480 0.073723110 0.033875700 0.040851410 0.048876630 0.166430630 0.126375810 0.067205030 0.089806830 0.114969300 0.120790890 0.127144580 0.089977140 0.077968810 0.066975230 0.068540550 0.078588000 0.074702360 0.061882720 0.072168250 0.120835440 0.077789120 0.077420760 0.118947680 0.113503930 0.112331700 0.078191740 0.057196330 0.059452740 0.087918980 0.087704490 0.104577900 0.094823890 0.082593690 0.103553480 
19     0.051973790 0.072862670 0.082551160 0.103805920 0.079755050 0.053482760 0.085284450 0.063809610 0.109007140 0.097243920 0.103915150 0.056440210 0.000000000 0.000906010 0.009709410 0.016054770 0.005745830 0.012099960 0.005679540 0.042157900 0.004657210 0.098729220 0.080967330 0.094363170 0.071556730 0.102861380 0.107541230 0.091357320 0.056846570 0.058358500 0.044852500 0.059029640 0.058218270 0.043406830 0.034397740 0.082170340 0.039597540 0.037356410 0.039274850 0.129173110 0.114230770 0.120183620 0.036710060 0.036927020 0.034769140 0.073480640 0.060447470 0.060982550 0.059438980 0.027983450 0.086612320 
28     0.064540520 0.082474630 0.105260720 0.092864520 0.092321780 0.102837900 0.105524800 0.076376340 0.123353730 0.134348410 0.135353760 0.065941310 0.000906010 0.000000000 0.001835080 0.001450230 0.009204400 0.015564740 0.019360100 0.058178440 0.018337770 0.111295950 0.094647890 0.106929900 0.084123460 0.115428110 0.122923670 0.105037880 0.070527130 0.072039060 0.057419230 0.072109900 0.070785000 0.057087390 0.048078300 0.094737070 0.053278100 0.051036970 0.052955410 0.133217200 0.143648780 0.133864180 0.050390620 0.050607580 0.048449700 0.087161200 0.074128030 0.074663110 0.073119540 0.048830180 0.099542140 
31     0.090130290 0.091387000 0.057310320 0.110777700 0.099230660 0.115740490 0.082721640 0.112789060 0.077913390 0.074075270 0.072644970 0.097700430 0.009709410 0.001835080 0.000000000 0.000617030 0.008464680 0.011759140 0.009448580 0.007801530 0.013779440 0.140029430 0.093908170 0.113700900 0.102782240 0.120702910 0.115358250 0.104298160 0.069787410 0.071299340 0.085892160 0.089226990 0.072799150 0.056347670 0.047338580 0.055645750 0.052538380 0.050297250 0.052215690 0.109706430 0.129698380 0.077445990 0.049159420 0.049867860 0.031996810 0.048931470 0.049088590 0.040737570 0.034608180 0.048090460 0.071715180 
27     0.078037800 0.090344290 0.096717920 0.086679640 0.085726690 0.116335180 0.081678930 0.089873620 0.103347140 0.114505640 0.121176870 0.112693270 0.016054770 0.001450230 0.000617030 0.000000000 0.005122630 0.005733540 0.003422980 0.001775930 0.007753840 0.124793230 0.093523320 0.086195000 0.097620740 0.120318060 0.121799100 0.103913310 0.069402560 0.070914490 0.064401030 0.085607180 0.072414300 0.055962820 0.046953730 0.105711110 0.052153530 0.049912400 0.051830840 0.121409840 0.123672780 0.132739610 0.049266050 0.049483010 0.047325130 0.086036630 0.073003460 0.073538540 0.071994970 0.041954880 0.084702950 
16     0.066726130 0.071380810 0.075107140 0.103354530 0.084635280 0.105023510 0.063765950 0.073935560 0.096506710 0.092668590 0.091238290 0.082877480 0.005745830 0.009204400 0.008464680 0.005122630 0.000000000 0.000269780 0.009135690 0.007488640 0.013466550 0.113481560 0.100677390 0.085103590 0.086309070 0.117613720 0.100097210 0.111067380 0.076556630 0.066880760 0.048250790 0.051585620 0.050855180 0.063116890 0.054107800 0.074239070 0.059307600 0.057066470 0.058984910 0.120831020 0.123197400 0.096039310 0.056420120 0.056637080 0.050590130 0.067524790 0.067681910 0.059330890 0.053201500 0.036950080 0.074348200 
22     0.063765520 0.077847000 0.075134150 0.110993520 0.091546780 0.102062900 0.069181640 0.075601340 0.095737220 0.091899100 0.090468800 0.073723110 0.012099960 0.015564740 0.011759140 0.005733540 0.000269780 0.000000000 0.008540060 0.006893010 0.012870920 0.110520950 0.108784640 0.106154900 0.083348460 0.114653110 0.107736200 0.116703720 0.095870970 0.074519750 0.055889780 0.059224610 0.058494170 0.081222350 0.076893680 0.073469580 0.079097460 0.087359250 0.089277690 0.128750800 0.127060180 0.095269820 0.066983250 0.071741380 0.049820640 0.066755300 0.066912420 0.058561400 0.052432010 0.051338990 0.063506640 
3     0.045509940 0.044066310 0.056028780 0.111248260 0.031128080 0.084930840 0.033577990 0.065239480 0.076631850 0.072793730 0.071363430 0.033875700 0.005679540 0.019360100 0.009448580 0.003422980 0.009135690 0.008540060 0.000000000 0.002141610 0.006724230 0.138926850 0.077049130 0.031596390 0.054198190 0.101620880 0.105324910 0.087439120 0.052928370 0.054440300 0.047757430 0.049322750 0.055940110 0.034892680 0.030479540 0.054364210 0.035679340 0.033438210 0.035356650 0.098547040 0.106683420 0.076164450 0.032791860 0.023196970 0.025453380 0.047649930 0.047807050 0.039456030 0.033326640 0.031231420 0.055415390 
1     0.043005850 0.037610580 0.063316770 0.097131220 0.059675770 0.098345020 0.059984900 0.051139710 0.083919840 0.080081720 0.078651420 0.040851410 0.042157900 0.058178440 0.007801530 0.001775930 0.007488640 0.006893010 0.002141610 0.000000000 0.006674330 0.073267110 0.049133320 0.094070650 0.083134880 0.072345630 0.066915410 0.092464010 0.088462660 0.060708410 0.050955140 0.051044120 0.051722620 0.062869670 0.024285080 0.050567950 0.067280080 0.074243970 0.030508530 0.051277200 0.103756690 0.083452440 0.042049770 0.056142920 0.038003260 0.054937920 0.055095040 0.046744020 0.040614630 0.055556610 0.047200980 
33     0.074189640 0.038292450 0.079105640 0.078963360 0.022155140 0.080683030 0.100003060 0.042215400 0.108862920 0.081563340 0.082568690 0.048876630 0.004657210 0.018337770 0.013779440 0.007753840 0.013466550 0.012870920 0.006724230 0.006674330 0.000000000 0.127397910 0.082012020 0.101804750 0.090886090 0.108806760 0.084718380 0.092402010 0.057891260 0.038841190 0.061770370 0.033313430 0.034846310 0.044451520 0.035442430 0.062112300 0.040642230 0.038401100 0.040319540 0.092401290 0.075625000 0.121228310 0.037754750 0.037971710 0.035813830 0.074525330 0.061492160 0.062027240 0.060483670 0.036194310 0.067865230 
12     0.079713230 0.063521190 0.048788210 0.049424650 0.097074960 0.118010610 0.116334810 0.091549050 0.045555250 0.163095250 0.159418150 0.166430630 0.098729220 0.111295950 0.140029430 0.124793230 0.113481560 0.110520950 0.138926850 0.073267110 0.127397910 0.000000000 0.001845600 0.013048180 0.013998610 0.029604690 0.020309710 0.023691290 0.036922370 0.072956900 0.063203630 0.063292610 0.063971110 0.097245460 0.078692950 0.092754240 0.111570930 0.088970870 0.084916400 0.105685070 0.125740760 0.142708600 0.067756380 0.100869440 0.109342430 0.111644110 0.139975000 0.130751840 0.118327030 0.108116860 0.103143670 
8     0.073279930 0.067884660 0.063127140 0.063763580 0.099409230 0.116274300 0.101859140 0.089812740 0.059894180 0.097660670 0.107892380 0.126375810 0.080967330 0.094647890 0.093908170 0.093523320 0.100677390 0.108784640 0.077049130 0.049133320 0.082012020 0.001845600 0.000000000 0.000832800 0.010559160 0.041595100 0.021298960 0.036758050 0.024120760 0.027057290 0.039069840 0.039158820 0.028557100 0.078033800 0.054559160 0.080842030 0.074224510 0.071983380 0.060782610 0.081551280 0.139828890 0.139058980 0.071337030 0.071553990 0.069396110 0.095458330 0.095074440 0.095609520 0.094065950 0.069776590 0.066325170 
9     0.075347180 0.102464130 0.136795320 0.158340630 0.040238450 0.094041210 0.042688360 0.087183000 0.154471230 0.142441870 0.177673440 0.067205030 0.094363170 0.106929900 0.113700900 0.086195000 0.085103590 0.106154900 0.031596390 0.094070650 0.101804750 0.013048180 0.000832800 0.000000000 0.015968240 0.037031720 0.029795770 0.035850690 0.040214950 0.046850020 0.068047110 0.072235980 0.048349830 0.049813370 0.070607490 0.088563030 0.094017240 0.052900130 0.052531770 0.115694370 0.115793790 0.092878320 0.067067560 0.032307340 0.034563750 0.066272670 0.062815500 0.079688910 0.072931050 0.060859700 0.086117900 
32     0.052540740 0.076939360 0.062206380 0.062842820 0.062840250 0.090838120 0.065290160 0.064376560 0.058973420 0.113243720 0.123475430 0.089806830 0.071556730 0.084123460 0.102782240 0.097620740 0.086309070 0.083348460 0.054198190 0.083134880 0.090886090 0.013998610 0.010559160 0.015968240 0.000000000 0.000289160 0.000390690 0.004632170 0.013233830 0.035931360 0.045240670 0.051978800 0.037431170 0.070072970 0.077898780 0.082812690 0.083098580 0.075501930 0.075133570 0.115137200 0.117443620 0.115480120 0.080211100 0.054909140 0.057165550 0.084471620 0.085417300 0.102290710 0.095532850 0.078650660 0.075199240 
7     0.083845390 0.069450380 0.054717400 0.055353840 0.111626650 0.118098840 0.114750580 0.095681210 0.051484440 0.141941400 0.165342600 0.114969300 0.102861380 0.115428110 0.120702910 0.120318060 0.117613720 0.114653110 0.101620880 0.072345630 0.108806760 0.029604690 0.041595100 0.037031720 0.000289160 0.000000000 0.000146940 0.008193480 0.017272580 0.053852030 0.062282150 0.062371130 0.055351840 0.101377620 0.077771470 0.104054340 0.101019250 0.096644270 0.083994920 0.104763590 0.127819930 0.127050020 0.073685570 0.098348730 0.096190850 0.109682460 0.121869180 0.122404260 0.117405550 0.096571330 0.093119910 
29     0.091062020 0.063356290 0.048623310 0.049259750 0.078944260 0.120123000 0.116169910 0.108055640 0.045390350 0.147762990 0.159253250 0.120790890 0.107541230 0.122923670 0.115358250 0.121799100 0.100097210 0.107736200 0.105324910 0.066915410 0.084718380 0.020309710 0.021298960 0.029795770 0.000390690 0.000146940 0.000000000 0.001695790 0.015445270 0.055333070 0.056851930 0.050725200 0.051277830 0.106309580 0.072341250 0.098624120 0.102500290 0.094388660 0.078564700 0.099333370 0.125575860 0.129565650 0.067591480 0.099829770 0.097671890 0.112198090 0.118832580 0.110481560 0.104352170 0.098052370 0.094600950 
13     0.085896000 0.082019040 0.067286060 0.067922500 0.073665790 0.114813660 0.111465400 0.097731820 0.064053100 0.147660570 0.164899450 0.127144580 0.091357320 0.105037880 0.104298160 0.103913310 0.111067380 0.116703720 0.087439120 0.092464010 0.092402010 0.023691290 0.036758050 0.035850690 0.004632170 0.008193480 0.001695790 0.000000000 0.013668480 0.037447280 0.071239030 0.068955370 0.038947090 0.088423790 0.079414700 0.116167950 0.084614500 0.082373370 0.084291810 0.112454030 0.144238610 0.155970220 0.081727020 0.081943980 0.079786100 0.117826880 0.105464430 0.105999510 0.104455940 0.080166580 0.076715160 
18     0.067012610 0.094129560 0.093879240 0.109408690 0.085592780 0.059668880 0.094095650 0.078848430 0.116551090 0.085876020 0.096107730 0.089977140 0.056846570 0.070527130 0.069787410 0.069402560 0.076556630 0.095870970 0.052928370 0.088462660 0.057891260 0.036922370 0.024120760 0.040214950 0.013233830 0.017272580 0.015445270 0.013668480 0.000000000 0.002936530 0.033416680 0.033493300 0.004436340 0.053913040 0.044903950 0.062887010 0.050103750 0.047862620 0.049781060 0.105684320 0.105723380 0.123907780 0.047216270 0.047433230 0.045275350 0.083986850 0.070953680 0.071488760 0.069945190 0.045655830 0.042204410 
4     0.075129010 0.039231820 0.079990840 0.079902730 0.079891470 0.087865130 0.064123020 0.085752130 0.106470160 0.082502710 0.083508060 0.077968810 0.058358500 0.072039060 0.071299340 0.070914490 0.066880760 0.074519750 0.054440300 0.060708410 0.038841190 0.072956900 0.027057290 0.046850020 0.035931360 0.053852030 0.055333070 0.037447280 0.002936530 0.000000000 0.005775980 0.004138860 0.005948170 0.055424970 0.046415880 0.045665970 0.051615680 0.041882600 0.042130450 0.093126370 0.116424200 0.113716960 0.048728200 0.048945160 0.046787280 0.085498780 0.072465610 0.073000690 0.071457120 0.047167760 0.043716340 
25     0.025836510 0.052953460 0.061360870 0.029809630 0.053617770 0.064133890 0.067930260 0.037672330 0.110277400 0.093700510 0.103273310 0.066975230 0.044852500 0.057419230 0.085892160 0.064401030 0.048250790 0.055889780 0.047757430 0.050955140 0.061770370 0.063203630 0.039069840 0.068047110 0.045240670 0.062282150 0.056851930 0.071239030 0.033416680 0.005775980 0.000000000 0.003340980 0.011730100 0.043368740 0.056380980 0.045415460 0.038654640 0.066209120 0.055289650 0.074367110 0.102585070 0.109692290 0.066300300 0.042198230 0.076675580 0.057767390 0.079377970 0.078066920 0.080385510 0.054240140 0.077508090 
11     0.040527180 0.048606560 0.064695700 0.089277470 0.068308440 0.078824560 0.080100800 0.052363000 0.122447940 0.091877450 0.092882800 0.068540550 0.059029640 0.072109900 0.089226990 0.085607180 0.051585620 0.059224610 0.049322750 0.051044120 0.033313430 0.063292610 0.039158820 0.072235980 0.051978800 0.062371130 0.050725200 0.068955370 0.033493300 0.004138860 0.003340980 0.000000000 0.000356470 0.058059410 0.056469960 0.070799130 0.071795820 0.058982090 0.062693410 0.083462080 0.075723130 0.109257810 0.069635130 0.075972130 0.070909190 0.072458060 0.080512860 0.098341370 0.096104040 0.068930810 0.046215390 
21     0.039202280 0.035236940 0.063965260 0.075907850 0.066983540 0.075630550 0.093505820 0.051038100 0.122712290 0.078507830 0.079513180 0.078588000 0.058218270 0.070785000 0.072799150 0.072414300 0.050855180 0.058494170 0.055940110 0.051722620 0.034846310 0.063971110 0.028557100 0.048349830 0.037431170 0.055351840 0.051277830 0.038947090 0.004436340 0.005948170 0.011730100 0.000356470 0.000000000 0.056734510 0.047915690 0.052927390 0.053115490 0.045612470 0.049391870 0.084140580 0.092910480 0.110099980 0.050228010 0.050444970 0.048287090 0.071133160 0.073965420 0.074500500 0.072956930 0.048667570 0.045216150 
38     0.050490030 0.077606980 0.078775000 0.091479480 0.047735780 0.088787410 0.050185690 0.062325850 0.090829960 0.101035070 0.107706300 0.074702360 0.043406830 0.057087390 0.056347670 0.055962820 0.063116890 0.081222350 0.034892680 0.062869670 0.044451520 0.097245460 0.078033800 0.049813370 0.070072970 0.101377620 0.106309580 0.088423790 0.053913040 0.055424970 0.043368740 0.058059410 0.056734510 0.000000000 0.001254170 0.007315360 0.002211600 0.016858060 0.018776500 0.012137600 0.070147920 0.062717310 0.007539350 0.015276220 0.014270790 0.018049890 0.039949120 0.040484200 0.038940630 0.014522640 0.083678790 
40     0.048431690 0.043036420 0.082232810 0.049950480 0.065646930 0.108093540 0.070979810 0.081631980 0.079358130 0.111853880 0.096198570 0.061882720 0.034397740 0.048078300 0.047338580 0.046953730 0.054107800 0.076893680 0.030479540 0.024285080 0.035442430 0.078692950 0.054559160 0.070607490 0.077898780 0.077771470 0.072341250 0.079414700 0.044903950 0.046415880 0.056380980 0.056469960 0.047915690 0.001254170 0.000000000 0.014421090 0.005175790 0.006229630 0.005557860 0.019069210 0.040287130 0.069648920 0.005251270 0.005800240 0.005258280 0.043969780 0.030936610 0.031471690 0.029928120 0.005638760 0.054161640 
45     0.031465430 0.033758290 0.091664830 0.029389830 0.061327770 0.101527130 0.092691110 0.075065570 0.058797480 0.108429780 0.106999480 0.072168250 0.082170340 0.094737070 0.055645750 0.105711110 0.074239070 0.073469580 0.054364210 0.050567950 0.062112300 0.092754240 0.080842030 0.088563030 0.082812690 0.104054340 0.098624120 0.116167950 0.062887010 0.045665970 0.045415460 0.070799130 0.052927390 0.007315360 0.014421090 0.000000000 0.002713590 0.012506090 0.012753940 0.019687420 0.019726480 0.049102600 0.020526150 0.021579760 0.040289140 0.057223800 0.057380920 0.047314990 0.042900510 0.057475370 0.080444510 
35     0.028753560 0.031046420 0.083635790 0.026677960 0.050411490 0.151245890 0.138995320 0.097346290 0.056085610 0.110330910 0.112627360 0.120835440 0.039597540 0.053278100 0.052538380 0.052153530 0.059307600 0.079097460 0.035679340 0.067280080 0.040642230 0.111570930 0.074224510 0.094017240 0.083098580 0.101019250 0.102500290 0.084614500 0.050103750 0.051615680 0.038654640 0.071795820 0.053115490 0.002211600 0.005175790 0.002713590 0.000000000 0.013048770 0.014967210 0.016975550 0.017014610 0.046390730 0.012402420 0.012619380 0.010461500 0.049173000 0.036139830 0.036674910 0.035131340 0.010841980 0.079869500 
49     0.043287020 0.045579880 0.087213190 0.041211420 0.050822540 0.070604150 0.053272450 0.091503200 0.070619070 0.090243910 0.093334850 0.077789120 0.037356410 0.051036970 0.050297250 0.049912400 0.057066470 0.087359250 0.033438210 0.074243970 0.038401100 0.088970870 0.071983380 0.052900130 0.075501930 0.096644270 0.094388660 0.082373370 0.047862620 0.041882600 0.066209120 0.058982090 0.045612470 0.016858060 0.006229630 0.012506090 0.013048770 0.000000000 0.000880290 0.007240990 0.024040770 0.033795470 0.000842330 0.001059290 0.008216950 0.039688390 0.033895280 0.034430360 0.032886790 0.008597430 0.077628370 
50     0.054655140 0.049259870 0.101258750 0.063338630 0.050454180 0.074536840 0.052904090 0.101700270 0.092746280 0.114704590 0.128106750 0.077420760 0.039274850 0.052955410 0.052215690 0.051830840 0.058984910 0.089277690 0.035356650 0.030508530 0.040319540 0.084916400 0.060782610 0.052531770 0.075133570 0.083994920 0.078564700 0.084291810 0.049781060 0.042130450 0.055289650 0.062693410 0.049391870 0.018776500 0.005557860 0.012753940 0.014967210 0.000880290 0.000000000 0.004803450 0.012795040 0.063045590 0.002760770 0.002977730 0.010135390 0.048846890 0.035813720 0.036348800 0.034805230 0.010515870 0.060385090 
36     0.024741430 0.027034290 0.163679900 0.022665830 0.054603770 0.116137170 0.113166750 0.099707340 0.052073480 0.125842840 0.172794390 0.118947680 0.129173110 0.133217200 0.109706430 0.121409840 0.120831020 0.128750800 0.098547040 0.051277200 0.092401290 0.105685070 0.081551280 0.115694370 0.115137200 0.104763590 0.099333370 0.112454030 0.105684320 0.093126370 0.074367110 0.083462080 0.084140580 0.012137600 0.019069210 0.019687420 0.016975550 0.007240990 0.004803450 0.000000000 0.000381940 0.006216180 0.013732310 0.021407500 0.033223050 0.068557630 0.070426740 0.084131410 0.082504990 0.048531950 0.081153760 
41     0.024780490 0.027073350 0.110406170 0.022704890 0.054642830 0.137901440 0.116166110 0.112288820 0.052112540 0.113369650 0.113259540 0.113503930 0.114230770 0.143648780 0.129698380 0.123672780 0.123197400 0.127060180 0.106683420 0.103756690 0.075625000 0.125740760 0.139828890 0.115793790 0.117443620 0.127819930 0.125575860 0.144238610 0.105723380 0.116424200 0.102585070 0.075723130 0.092910480 0.070147920 0.040287130 0.019726480 0.017014610 0.024040770 0.012795040 0.000381940 0.000000000 0.001420060 0.034036310 0.035089920 0.033262110 0.070864050 0.084976620 0.086437830 0.091029500 0.059136960 0.170240180 
48     0.054156610 0.056449470 0.113465070 0.052081010 0.084018950 0.136619870 0.093250640 0.122043520 0.081488660 0.123124350 0.123014240 0.112331700 0.120183620 0.133864180 0.077445990 0.132739610 0.096039310 0.095269820 0.076164450 0.083452440 0.121228310 0.142708600 0.139058980 0.092878320 0.115480120 0.127050020 0.129565650 0.155970220 0.123907780 0.113716960 0.109692290 0.109257810 0.110099980 0.062717310 0.069648920 0.049102600 0.046390730 0.033795470 0.063045590 0.006216180 0.001420060 0.000000000 0.057862770 0.048326410 0.046150180 0.063084840 0.063241960 0.054890940 0.048761550 0.063813580 0.160455580 
37     0.045775260 0.048068120 0.052421790 0.043699660 0.061616050 0.111538920 0.067439880 0.095185600 0.049188830 0.101943450 0.100513150 0.078191740 0.036710060 0.050390620 0.049159420 0.049266050 0.056420120 0.066983250 0.032791860 0.042049770 0.037754750 0.067756380 0.071337030 0.067067560 0.080211100 0.073685570 0.067591480 0.081727020 0.047216270 0.048728200 0.066300300 0.069635130 0.050228010 0.007539350 0.005251270 0.020526150 0.012402420 0.000842330 0.002760770 0.013732310 0.034036310 0.057862770 0.000000000 0.000411340 0.007570600 0.034798270 0.028902810 0.026604370 0.020474980 0.007951080 0.058835420 
44     0.046828870 0.049121730 0.064290820 0.044753270 0.030229750 0.075469930 0.032679660 0.081475840 0.074160920 0.109814520 0.109704410 0.057196330 0.036927020 0.050607580 0.049867860 0.049483010 0.056637080 0.071741380 0.023196970 0.056142920 0.037971710 0.100869440 0.071553990 0.032307340 0.054909140 0.098348730 0.099829770 0.081943980 0.047433230 0.048945160 0.042198230 0.075972130 0.050444970 0.015276220 0.005800240 0.021579760 0.012619380 0.001059290 0.002977730 0.021407500 0.035089920 0.048326410 0.000411340 0.000000000 0.004409170 0.018705210 0.032660920 0.034000970 0.031972760 0.008168040 0.077198980 
42     0.047081920 0.049374780 0.068015890 0.045006320 0.032486160 0.086288920 0.034936070 0.083732250 0.074413970 0.084780840 0.083350540 0.059452740 0.034769140 0.048449700 0.031996810 0.047325130 0.050590130 0.049820640 0.025453380 0.038003260 0.035813830 0.109342430 0.069396110 0.034563750 0.057165550 0.096190850 0.097671890 0.079786100 0.045275350 0.046787280 0.076675580 0.070909190 0.048287090 0.014270790 0.005258280 0.040289140 0.010461500 0.008216950 0.010135390 0.033223050 0.033262110 0.046150180 0.007570600 0.004409170 0.000000000 0.017049640 0.017373320 0.009022300 0.002892910 0.000380500 0.075041100 
47     0.064888680 0.083935590 0.084950550 0.086953360 0.064195080 0.091787030 0.066644990 0.076724500 0.105553620 0.101715500 0.100285200 0.087918980 0.073480640 0.087161200 0.048931470 0.086036630 0.067524790 0.066755300 0.047649930 0.054937920 0.074525330 0.111644110 0.095458330 0.066272670 0.084471620 0.109682460 0.112198090 0.117826880 0.083986850 0.085498780 0.057767390 0.072458060 0.071133160 0.018049890 0.043969780 0.057223800 0.049173000 0.039688390 0.048846890 0.068557630 0.070864050 0.063084840 0.034798270 0.018705210 0.017049640 0.000000000 0.005153520 0.004526930 0.001013860 0.006464180 0.095060810 
34     0.098796430 0.101089290 0.085107670 0.096720830 0.060737910 0.114540670 0.063187820 0.111984000 0.105710740 0.101872620 0.100442320 0.087704490 0.060447470 0.074128030 0.049088590 0.073003460 0.067681910 0.066912420 0.047807050 0.055095040 0.061492160 0.139975000 0.095074440 0.062815500 0.085417300 0.121869180 0.118832580 0.105464430 0.070953680 0.072465610 0.079377970 0.080512860 0.073965420 0.039949120 0.030936610 0.057380920 0.036139830 0.033895280 0.035813720 0.070426740 0.084976620 0.063241960 0.028902810 0.032660920 0.017373320 0.005153520 0.000000000 0.000098470 0.001764790 0.006347440 0.100719430 
39     0.090771990 0.107952520 0.076756650 0.094930540 0.077611320 0.129069370 0.080061230 0.102607810 0.097359720 0.093521600 0.092091300 0.104577900 0.060982550 0.074663110 0.040737570 0.073538540 0.059330890 0.058561400 0.039456030 0.046744020 0.062027240 0.130751840 0.095609520 0.079688910 0.102290710 0.122404260 0.110481560 0.105999510 0.071488760 0.073000690 0.078066920 0.098341370 0.074500500 0.040484200 0.031471690 0.047314990 0.036674910 0.034430360 0.036348800 0.084131410 0.086437830 0.054890940 0.026604370 0.034000970 0.009022300 0.004526930 0.000098470 0.000000000 0.001993740 0.017179660 0.101254510 
46     0.088065770 0.082670500 0.070627260 0.142806760 0.070853460 0.124656220 0.073303370 0.119363220 0.091230330 0.087392210 0.085961910 0.094823890 0.059438980 0.073119540 0.034608180 0.071994970 0.053201500 0.052432010 0.033326640 0.040614630 0.060483670 0.118327030 0.094065950 0.072931050 0.095532850 0.117405550 0.104352170 0.104455940 0.069945190 0.071457120 0.080385510 0.096104040 0.072956930 0.038940630 0.029928120 0.042900510 0.035131340 0.032886790 0.034805230 0.082504990 0.091029500 0.048761550 0.020474980 0.031972760 0.002892910 0.001013860 0.001764790 0.001993740 0.000000000 0.020556310 0.093795720 
43     0.061361430 0.074307950 0.085679290 0.110100350 0.058782110 0.099658810 0.061232020 0.073197250 0.106282360 0.102444240 0.101013940 0.082593690 0.027983450 0.048830180 0.048090460 0.041954880 0.036950080 0.051338990 0.031231420 0.055556610 0.036194310 0.108116860 0.069776590 0.060859700 0.078650660 0.096571330 0.098052370 0.080166580 0.045655830 0.047167760 0.054240140 0.068930810 0.048667570 0.014522640 0.005638760 0.057475370 0.010841980 0.008597430 0.010515870 0.048531950 0.059136960 0.063813580 0.007951080 0.008168040 0.000380500 0.006464180 0.006347440 0.017179660 0.020556310 0.000000000 0.075421580 
0     0.072882410 0.067487140 0.080544070 0.112798760 0.164883120 0.118055020 0.135818080 0.143423280 0.129477320 0.122507550 0.135851990 0.103553480 0.086612320 0.099542140 0.071715180 0.084702950 0.074348200 0.063506640 0.055415390 0.047200980 0.067865230 0.103143670 0.066325170 0.086117900 0.075199240 0.093119910 0.094600950 0.076715160 0.042204410 0.043716340 0.077508090 0.046215390 0.045216150 0.083678790 0.054161640 0.080444510 0.079869500 0.077628370 0.060385090 0.081153760 0.170240180 0.160455580 0.058835420 0.077198980 0.075041100 0.095060810 0.100719430 0.101254510 0.093795720 0.075421580 0.000000000 
