51
5     0.000000000 0.125993614 0.331383962 0.352657394 0.427376942 0.463799481 0.425366269 0.410463064 0.590997705 0.588644246 0.586735924 0.675571630 0.498409685 0.549351744 0.533127021 0.541372164 0.488639237 0.487456518 0.493937399 0.474625679 0.490954091 0.680281992 0.643099474 0.648323437 0.575822831 0.597344847 0.571989630 0.610336576 0.594902962 0.505278635 0.450507813 0.480283912 0.486678648 0.523945970 0.547970656 0.548983090 0.671869445 0.489950439 0.564172103 0.646550305 0.600961558 0.626744808 0.471912456 0.506840252 0.481266466 0.521124234 0.564898501 0.544787452 0.550276917 0.548817332 1.263502087 
6     0.125993614 0.000000000 0.335554570 0.357775545 0.433000993 0.469423532 0.430990321 0.416087116 0.596621757 0.594268297 0.592359976 0.681195681 0.504033737 0.554975796 0.538751073 0.546996216 0.494263289 0.493080570 0.499561451 0.480249730 0.496578142 0.685906044 0.648723526 0.653947489 0.581446882 0.602968899 0.577613681 0.615960628 0.600527014 0.510902686 0.456131864 0.485907964 0.492302700 0.529570022 0.553594708 0.554607142 0.677493496 0.495574490 0.569796155 0.652174356 0.606585610 0.632368860 0.477536507 0.512464304 0.486890518 0.526748286 0.570522552 0.550411504 0.555900968 0.554441383 1.269126139 
30     0.331383962 0.335554570 0.000000000 0.278076323 0.518327592 0.554819008 0.516385797 0.501405425 0.682800084 0.680446625 0.678538303 0.767391011 0.590322580 0.641264639 0.625039916 0.633285059 0.580552132 0.579369413 0.585850294 0.566538574 0.582866985 0.772183908 0.735001390 0.740225353 0.667724746 0.689246763 0.663891545 0.702238492 0.686804878 0.597180550 0.542409728 0.572185828 0.578580564 0.615680781 0.639705468 0.640717901 0.763604256 0.581685250 0.655906915 0.738285116 0.692696369 0.718479619 0.563647267 0.598575064 0.573001277 0.612859045 0.656633312 0.636522263 0.642011728 0.640552143 1.355316000 
14     0.352657394 0.357775545 0.278076323 0.000000000 0.537954737 0.574446152 0.536012941 0.521032569 0.702464035 0.700110576 0.698202254 0.787054962 0.610170772 0.661112831 0.644888108 0.653133251 0.600400324 0.599217605 0.605698486 0.586386765 0.602715177 0.792040447 0.754857928 0.760081892 0.687581285 0.709103301 0.683748084 0.722095030 0.706661417 0.617140688 0.562369865 0.592145965 0.598540701 0.635652241 0.659676927 0.660689360 0.783575715 0.601656709 0.675878374 0.758256575 0.712667828 0.738451078 0.583618726 0.618546523 0.592972736 0.632830504 0.676604771 0.656493723 0.661983187 0.660523602 1.375287459 
17     0.427376942 0.433000993 0.518327592 0.537954737 0.000000000 0.282075991 0.247521685 0.232207977 0.598699967 0.596337461 0.594429139 0.684622282 0.506651167 0.557593226 0.541368503 0.549613645 0.496880719 0.495698000 0.501796232 0.482543776 0.498546486 0.688543574 0.651361055 0.656585019 0.584084412 0.605606429 0.580251211 0.618598158 0.603149038 0.513768774 0.458996876 0.488772976 0.495167711 0.532748406 0.556774359 0.557786792 0.680670053 0.498788504 0.573007075 0.655385276 0.609796529 0.635579779 0.480747427 0.515569034 0.490104531 0.529962299 0.573736566 0.553625517 0.559114982 0.557655397 1.271968944 
2     0.463799481 0.469423532 0.554819008 0.574446152 0.282075991 0.000000000 0.212445060 0.239316819 0.635653301 0.633290795 0.631382473 0.721634852 0.543597101 0.594539160 0.578314438 0.586559580 0.533826653 0.532643935 0.538675722 0.519423266 0.535425976 0.725314558 0.688132040 0.693356004 0.620855397 0.642377413 0.617022196 0.655369142 0.639920023 0.550659796 0.495887898 0.525663998 0.532058733 0.569616831 0.593642784 0.594655217 0.717538478 0.535656929 0.609875500 0.692253701 0.646664954 0.672448204 0.517615852 0.552437459 0.526972956 0.566830724 0.610604991 0.590493942 0.595983407 0.594523822 1.308806037 
23     0.425366269 0.430990321 0.516385797 0.536012941 0.247521685 0.212445060 0.000000000 0.199636908 0.596797681 0.594435175 0.592526853 0.682703136 0.504746346 0.555688404 0.539463682 0.547708824 0.494975898 0.493793179 0.499891411 0.480638955 0.496641665 0.686418906 0.649236388 0.654460352 0.581959745 0.603481761 0.578126544 0.616473490 0.601024371 0.511764144 0.456992246 0.486768346 0.493163081 0.530754755 0.554780708 0.555793141 0.678676402 0.496794853 0.571013424 0.653391625 0.607802878 0.633586128 0.478753776 0.513575383 0.488110880 0.527968648 0.571742915 0.551631866 0.557121331 0.555661746 1.269931580 
24     0.410463064 0.416087116 0.501405425 0.521032569 0.232207977 0.239316819 0.199636908 0.000000000 0.581602331 0.579239825 0.577331503 0.667477226 0.489553221 0.540495280 0.524270557 0.532515699 0.479782773 0.478600054 0.484643576 0.465391120 0.481393829 0.671368945 0.634186426 0.639410390 0.566909783 0.588431799 0.563076582 0.601423528 0.585974409 0.496594481 0.441822583 0.471598683 0.477993419 0.515612026 0.539637978 0.540650412 0.663533673 0.481643622 0.555862192 0.638240394 0.592651647 0.618434897 0.463602545 0.498424152 0.472959649 0.512817417 0.556591684 0.536480635 0.541970100 0.540510515 1.254645336 
26     0.590997705 0.596621757 0.682800084 0.702464035 0.598699967 0.635653301 0.596797681 0.581602331 0.000000000 0.170793769 0.172957011 0.747171237 0.644055702 0.694997761 0.678773038 0.687018181 0.634285254 0.633102535 0.639097180 0.619859444 0.636224692 0.825758338 0.788575819 0.793799783 0.721299176 0.742821192 0.717465975 0.755812921 0.740334981 0.651569876 0.596797067 0.626573167 0.632967902 0.670330962 0.694357860 0.695534957 0.818256648 0.636480163 0.710701828 0.793080029 0.747491282 0.773274532 0.618459572 0.653273226 0.627957984 0.667815752 0.711425355 0.691314307 0.696968435 0.695508850 1.408657961 
20     0.588644246 0.594268297 0.680446625 0.700110576 0.596337461 0.633290795 0.594435175 0.579239825 0.170793769 0.000000000 0.106322380 0.744796880 0.641736641 0.692678700 0.676453977 0.684699120 0.631966193 0.630783474 0.636778118 0.617540383 0.633905630 0.823439276 0.786256758 0.791480721 0.718980114 0.740502131 0.715146913 0.753493860 0.738015920 0.649250814 0.594478005 0.624254105 0.630648841 0.668011900 0.692038799 0.693215895 0.815937587 0.634161102 0.708382766 0.790760968 0.745172221 0.770955471 0.616140510 0.650954165 0.625638922 0.665496690 0.709106294 0.688995245 0.694649373 0.693189788 1.406338899 
10     0.586735924 0.592359976 0.678538303 0.698202254 0.594429139 0.631382473 0.592526853 0.577331503 0.172957011 0.106322380 0.000000000 0.742881246 0.639828319 0.690770378 0.674545655 0.682790798 0.630057871 0.628875152 0.634869796 0.615632061 0.631997308 0.821530954 0.784348436 0.789572399 0.717071792 0.738593809 0.713238592 0.751585538 0.736107598 0.647342492 0.592569683 0.622345783 0.628740519 0.666103579 0.690130477 0.691307573 0.814029265 0.632252780 0.706474444 0.788852646 0.743263899 0.769047149 0.614232188 0.649045843 0.623730601 0.663588369 0.707197972 0.687086923 0.692741051 0.691281466 1.404430577 
15     0.675571630 0.681195681 0.767391011 0.787054962 0.684622282 0.721634852 0.682703136 0.667477226 0.747171237 0.744796880 0.742881246 0.000000000 0.728648188 0.779590246 0.763286617 0.771531760 0.718877739 0.717695021 0.723829953 0.704321620 0.721034454 0.910211391 0.873028873 0.878252836 0.805752229 0.827274246 0.801919029 0.840265975 0.824803541 0.735825031 0.681052222 0.710828322 0.717223058 0.754429658 0.778441426 0.779618522 0.902340214 0.720490815 0.794712480 0.877090681 0.831501934 0.857285184 0.702405742 0.737271345 0.711953846 0.751811614 0.795421218 0.775310169 0.780964297 0.779504712 1.493114855 
19     0.498409685 0.504033737 0.590322580 0.610170772 0.506651167 0.543597101 0.504746346 0.489553221 0.644055702 0.641736641 0.639828319 0.728648188 0.000000000 0.115354873 0.169420565 0.176138711 0.139967773 0.139481477 0.411833278 0.393019579 0.410049314 0.676455631 0.639273112 0.644497076 0.571996469 0.593518486 0.568155576 0.606502522 0.590981796 0.502078826 0.447362607 0.477138707 0.483533443 0.519862611 0.543851389 0.544994820 0.667881175 0.486098047 0.560312131 0.642713113 0.597124366 0.622907616 0.468037706 0.502851361 0.477405096 0.517206138 0.560980404 0.540926082 0.546415547 0.544955962 1.260060906 
28     0.549351744 0.554975796 0.641264639 0.661112831 0.557593226 0.594539160 0.555688404 0.540495280 0.694997761 0.692678700 0.690770378 0.779590246 0.115354873 0.000000000 0.219282505 0.225641717 0.191232899 0.190815100 0.462775337 0.443961638 0.460991373 0.727397690 0.690215171 0.695439135 0.622938528 0.644460544 0.619097635 0.657444581 0.641923854 0.553020885 0.498304666 0.528080766 0.534475502 0.570804670 0.594793448 0.595936879 0.718823233 0.537040106 0.611254190 0.693655172 0.648066425 0.673849675 0.518979765 0.553793420 0.528347155 0.568148196 0.611922463 0.591868141 0.597357606 0.595898021 1.311002965 
31     0.533127021 0.538751073 0.625039916 0.644888108 0.541368503 0.578314438 0.539463682 0.524270557 0.678773038 0.676453977 0.674545655 0.763286617 0.169420565 0.219282505 0.000000000 0.091274284 0.171058419 0.168866320 0.446651733 0.427838035 0.444860572 0.711178274 0.673995756 0.679219719 0.606719112 0.628241129 0.602878220 0.641225166 0.625704439 0.536801469 0.482085251 0.511861351 0.518256086 0.554562640 0.578551418 0.579694849 0.702581204 0.520798076 0.595012160 0.677413142 0.631824395 0.657607645 0.502737735 0.537551390 0.512105125 0.551906167 0.595680433 0.575626111 0.581115576 0.579655991 1.294824516 
27     0.541372164 0.546996216 0.633285059 0.653133251 0.549613645 0.586559580 0.547708824 0.532515699 0.687018181 0.684699120 0.682790798 0.771531760 0.176138711 0.225641717 0.091274284 0.000000000 0.180243312 0.177710383 0.454896876 0.436083177 0.453105714 0.719423417 0.682240898 0.687464862 0.614964255 0.636486271 0.611123362 0.649470308 0.633949581 0.545046612 0.490330393 0.520106493 0.526501229 0.562807783 0.586796561 0.587939992 0.710826346 0.529043218 0.603257303 0.685658285 0.640069538 0.665852788 0.510982878 0.545796533 0.520350268 0.560151309 0.603925576 0.583871254 0.589360719 0.587901134 1.303069658 
16     0.488639237 0.494263289 0.580552132 0.600400324 0.496880719 0.533826653 0.494975898 0.479782773 0.634285254 0.631966193 0.630057871 0.718877739 0.139967773 0.191232899 0.171058419 0.180243312 0.000000000 0.053795535 0.401936827 0.383108868 0.400164555 0.666685183 0.629502664 0.634726628 0.562226021 0.583748037 0.558385128 0.596732074 0.581211347 0.492308378 0.437592159 0.467368259 0.473762995 0.510092163 0.534080941 0.535224372 0.658110727 0.476327599 0.550541683 0.632942665 0.587353918 0.613137168 0.458267258 0.493080913 0.467634648 0.507435689 0.551209956 0.531155634 0.536645099 0.535185514 1.250290458 
22     0.487456518 0.493080570 0.579369413 0.599217605 0.495698000 0.532643935 0.493793179 0.478600054 0.633102535 0.630783474 0.628875152 0.717695021 0.139481477 0.190815100 0.168866320 0.177710383 0.053795535 0.000000000 0.400769779 0.381941819 0.398998050 0.665502464 0.628319945 0.633543909 0.561043302 0.582565319 0.557202409 0.595549356 0.580028629 0.491125659 0.436409440 0.466185540 0.472580276 0.508909444 0.532898222 0.534041653 0.656928008 0.475144880 0.549358964 0.631759946 0.586171199 0.611954449 0.457084539 0.491898194 0.466451929 0.506252971 0.550027237 0.529972916 0.535462380 0.534002795 1.249107739 
3     0.493937399 0.499561451 0.585850294 0.605698486 0.501796232 0.538675722 0.499891411 0.484643576 0.639097180 0.636778118 0.634869796 0.723829953 0.411833278 0.462775337 0.446651733 0.454896876 0.401936827 0.400769779 0.000000000 0.305214412 0.377708107 0.672808131 0.635625613 0.640849577 0.568348970 0.589870986 0.564508077 0.602855023 0.587334296 0.498435657 0.443719438 0.473495538 0.479890274 0.516027472 0.540016249 0.541161000 0.664047355 0.482278808 0.556492892 0.638893874 0.593305127 0.619088378 0.464218468 0.499032122 0.473585858 0.513386899 0.557161165 0.537106844 0.542596308 0.541136723 1.256434009 
1     0.474625679 0.480249730 0.566538574 0.586386765 0.482543776 0.519423266 0.480638955 0.465391120 0.619859444 0.617540383 0.615632061 0.704321620 0.393019579 0.443961638 0.427838035 0.436083177 0.383108868 0.381941819 0.305214412 0.000000000 0.358519386 0.653714541 0.616532023 0.621755987 0.549255380 0.570777396 0.545414487 0.583761433 0.568240706 0.479510166 0.424793947 0.454570047 0.460964783 0.496703833 0.520692610 0.521837361 0.644723716 0.462955169 0.537169253 0.619570235 0.573981488 0.599764739 0.444894829 0.479708484 0.454262219 0.494063260 0.537837527 0.517783205 0.523272669 0.521813084 1.236983308 
33     0.490954091 0.496578142 0.582866985 0.602715177 0.498546486 0.535425976 0.496641665 0.481393829 0.636224692 0.633905630 0.631997308 0.721034454 0.410049314 0.460991373 0.444860572 0.453105714 0.400164555 0.398998050 0.377708107 0.358519386 0.000000000 0.670275354 0.633092836 0.638316800 0.565816193 0.587338209 0.561975300 0.600322246 0.584801519 0.495708953 0.440992735 0.470768835 0.477163570 0.513197831 0.537186609 0.538331359 0.661217714 0.479449167 0.553663252 0.636064233 0.590475487 0.616258737 0.461099650 0.496202482 0.470467040 0.510268081 0.554331525 0.534277203 0.539477491 0.538017906 1.253349202 
12     0.680281992 0.685906044 0.772183908 0.792040447 0.688543574 0.725314558 0.686418906 0.671368945 0.825758338 0.823439276 0.821530954 0.910211391 0.676455631 0.727397690 0.711178274 0.719423417 0.666685183 0.665502464 0.672808131 0.653714541 0.670275354 0.000000000 0.211917381 0.217008214 0.215977261 0.321459534 0.295440248 0.333360053 0.377730982 0.630360799 0.575453320 0.605226652 0.611635701 0.676928994 0.701103564 0.702079401 0.824965756 0.643275088 0.717491314 0.799862732 0.754273985 0.780057235 0.625167066 0.660125654 0.634611386 0.674471435 0.718245702 0.698132373 0.703621837 0.702162252 1.415864526 
8     0.643099474 0.648723526 0.735001390 0.754857928 0.651361055 0.688132040 0.649236388 0.634186426 0.788575819 0.786256758 0.784348436 0.873028873 0.639273112 0.690215171 0.673995756 0.682240898 0.629502664 0.628319945 0.635625613 0.616532023 0.633092836 0.211917381 0.000000000 0.161660415 0.178680700 0.284964879 0.258939565 0.297048194 0.340665883 0.593178280 0.538270801 0.568044134 0.574453182 0.639746475 0.663921046 0.664896883 0.787783238 0.606092570 0.680308795 0.762680214 0.717091467 0.742874717 0.587984548 0.622943135 0.597428868 0.637288917 0.681063184 0.660949854 0.666439319 0.664979734 1.378682008 
9     0.648323437 0.653947489 0.740225353 0.760081892 0.656585019 0.693356004 0.654460352 0.639410390 0.793799783 0.791480721 0.789572399 0.878252836 0.644497076 0.695439135 0.679219719 0.687464862 0.634726628 0.633543909 0.640849577 0.621755987 0.638316800 0.217008214 0.161660415 0.000000000 0.183454061 0.288025891 0.262665689 0.300342829 0.345374560 0.598402244 0.543494765 0.573268097 0.579677146 0.644970439 0.669145009 0.670120846 0.793007201 0.611316533 0.685532759 0.767904177 0.722315430 0.748098680 0.593208511 0.628167099 0.602652832 0.642512881 0.686287147 0.666173818 0.671663282 0.670203697 1.383905972 
32     0.575822831 0.581446882 0.667724746 0.687581285 0.584084412 0.620855397 0.581959745 0.566909783 0.721299176 0.718980114 0.717071792 0.805752229 0.571996469 0.622938528 0.606719112 0.614964255 0.562226021 0.561043302 0.568348970 0.549255380 0.565816193 0.215977261 0.178680700 0.183454061 0.000000000 0.217459766 0.191453750 0.230271423 0.273799225 0.525901637 0.470994158 0.500767491 0.507176539 0.572469832 0.596644402 0.597620240 0.720506594 0.538815926 0.613032152 0.695403570 0.649814823 0.675598074 0.520707905 0.555666492 0.530152225 0.570012274 0.613786540 0.593673211 0.599162675 0.597703090 1.311405365 
7     0.597344847 0.602968899 0.689246763 0.709103301 0.605606429 0.642377413 0.603481761 0.588431799 0.742821192 0.740502131 0.738593809 0.827274246 0.593518486 0.644460544 0.628241129 0.636486271 0.583748037 0.582565319 0.589870986 0.570777396 0.587338209 0.321459534 0.284964879 0.288025891 0.217459766 0.000000000 0.074279717 0.172789945 0.295334277 0.547507309 0.492599830 0.522373162 0.528782211 0.593990980 0.618165550 0.619141387 0.742027742 0.560337074 0.634553300 0.716924718 0.671335971 0.697119221 0.542229052 0.577187640 0.551673373 0.591533421 0.635307688 0.615194359 0.620683823 0.619224238 1.332952178 
29     0.571989630 0.577613681 0.663891545 0.683748084 0.580251211 0.617022196 0.578126544 0.563076582 0.717465975 0.715146913 0.713238592 0.801919029 0.568155576 0.619097635 0.602878220 0.611123362 0.558385128 0.557202409 0.564508077 0.545414487 0.561975300 0.295440248 0.258939565 0.262665689 0.191453750 0.074279717 0.000000000 0.145841059 0.270608596 0.522170304 0.467262825 0.497036157 0.503445205 0.568628071 0.592802641 0.593778478 0.716664833 0.534974165 0.609190390 0.691561809 0.645973062 0.671756312 0.516866143 0.551824731 0.526310463 0.566170512 0.609944779 0.589831449 0.595320914 0.593861329 1.307587804 
13     0.610336576 0.615960628 0.702238492 0.722095030 0.618598158 0.655369142 0.616473490 0.601423528 0.755812921 0.753493860 0.751585538 0.840265975 0.606502522 0.657444581 0.641225166 0.649470308 0.596732074 0.595549356 0.602855023 0.583761433 0.600322246 0.333360053 0.297048194 0.300342829 0.230271423 0.172789945 0.145841059 0.000000000 0.306612659 0.560404068 0.505496589 0.535269922 0.541678970 0.606975885 0.631150456 0.632126293 0.755012648 0.573321980 0.647538205 0.729909624 0.684320877 0.710104127 0.555213958 0.590172546 0.564658278 0.604518327 0.648292594 0.628179264 0.633668729 0.632209144 1.345909953 
18     0.594902962 0.600527014 0.686804878 0.706661417 0.603149038 0.639920023 0.601024371 0.585974409 0.740334981 0.738015920 0.736107598 0.824803541 0.590981796 0.641923854 0.625704439 0.633949581 0.581211347 0.580028629 0.587334296 0.568240706 0.584801519 0.377730982 0.340665883 0.345374560 0.273799225 0.295334277 0.270608596 0.306612659 0.000000000 0.544954277 0.490046798 0.519820131 0.526229179 0.591740100 0.615914670 0.616890507 0.739776862 0.558086194 0.632302420 0.714673838 0.669085091 0.694868341 0.539978172 0.574936760 0.549422492 0.589282541 0.633056808 0.612943478 0.618432943 0.616973358 1.330457807 
4     0.505278635 0.510902686 0.597180550 0.617140688 0.513768774 0.550659796 0.511764144 0.496594481 0.651569876 0.649250814 0.647342492 0.735825031 0.502078826 0.553020885 0.536801469 0.545046612 0.492308378 0.491125659 0.498435657 0.479510166 0.495708953 0.630360799 0.593178280 0.598402244 0.525901637 0.547507309 0.522170304 0.560404068 0.544954277 0.000000000 0.194203409 0.226316069 0.232847986 0.503278864 0.527400834 0.528522482 0.651244173 0.469461035 0.543682700 0.625909575 0.580320828 0.606104078 0.451038346 0.486105027 0.460710880 0.500511922 0.544405731 0.524351409 0.529721331 0.528261746 1.240961719 
25     0.450507813 0.456131864 0.542409728 0.562369865 0.458996876 0.495887898 0.456992246 0.441822583 0.596797067 0.594478005 0.592569683 0.681052222 0.447362607 0.498304666 0.482085251 0.490330393 0.437592159 0.436409440 0.443719438 0.424793947 0.440992735 0.575453320 0.538270801 0.543494765 0.470994158 0.492599830 0.467262825 0.505496589 0.490046798 0.194203409 0.000000000 0.164793558 0.171633631 0.448574511 0.472696481 0.473818129 0.596539820 0.414756683 0.488978347 0.571205222 0.525616475 0.551399726 0.396333993 0.431400674 0.406006528 0.445807569 0.489701378 0.469647057 0.475016978 0.473557393 1.186218068 
11     0.480283912 0.485907964 0.572185828 0.592145965 0.488772976 0.525663998 0.486768346 0.471598683 0.626573167 0.624254105 0.622345783 0.710828322 0.477138707 0.528080766 0.511861351 0.520106493 0.467368259 0.466185540 0.473495538 0.454570047 0.470768835 0.605226652 0.568044134 0.573268097 0.500767491 0.522373162 0.497036157 0.535269922 0.519820131 0.226316069 0.164793558 0.000000000 0.087281378 0.478350611 0.502472581 0.503594229 0.626315920 0.444532783 0.518754447 0.600981322 0.555392575 0.581175825 0.426110093 0.461176774 0.435782628 0.475583669 0.519477478 0.499423157 0.504793078 0.503333493 1.216082063 
21     0.486678648 0.492302700 0.578580564 0.598540701 0.495167711 0.532058733 0.493163081 0.477993419 0.632967902 0.630648841 0.628740519 0.717223058 0.483533443 0.534475502 0.518256086 0.526501229 0.473762995 0.472580276 0.479890274 0.460964783 0.477163570 0.611635701 0.574453182 0.579677146 0.507176539 0.528782211 0.503445205 0.541678970 0.526229179 0.232847986 0.171633631 0.087281378 0.000000000 0.484848070 0.508970041 0.510091688 0.632813380 0.450928252 0.525149917 0.607376792 0.561788045 0.587571295 0.432505563 0.467572244 0.442178097 0.481979138 0.525872948 0.505818626 0.511188548 0.509728963 1.222489506 
38     0.523945970 0.529570022 0.615680781 0.635652241 0.532748406 0.569616831 0.530754755 0.515612026 0.670330962 0.668011900 0.666103579 0.754429658 0.519862611 0.570804670 0.554562640 0.562807783 0.510092163 0.508909444 0.516027472 0.496703833 0.513197831 0.676928994 0.639746475 0.644970439 0.572469832 0.593990980 0.568628071 0.606975885 0.591740100 0.503278864 0.448574511 0.478350611 0.484848070 0.000000000 0.338757153 0.343432032 0.463354450 0.339287040 0.413470166 0.495679911 0.450173896 0.475957146 0.320589765 0.355675397 0.333080103 0.372465911 0.414887958 0.395075237 0.401861011 0.400567595 1.251497443 
40     0.547970656 0.553594708 0.639705468 0.659676927 0.556774359 0.593642784 0.554780708 0.539637978 0.694357860 0.692038799 0.690130477 0.778441426 0.543851389 0.594793448 0.578551418 0.586796561 0.534080941 0.532898222 0.540016249 0.520692610 0.537186609 0.701103564 0.663921046 0.669145009 0.596644402 0.618165550 0.592802641 0.631150456 0.615914670 0.527400834 0.472696481 0.502472581 0.508970041 0.338757153 0.000000000 0.346264753 0.468852256 0.362859612 0.436908746 0.519058883 0.473500216 0.499283466 0.345113751 0.379766239 0.357107571 0.396815823 0.439254491 0.419429428 0.426202106 0.424802698 1.275440028 
45     0.548983090 0.554607142 0.640717901 0.660689360 0.557786792 0.594655217 0.555793141 0.540650412 0.695534957 0.693215895 0.691307573 0.779618522 0.544994820 0.595936879 0.579694849 0.587939992 0.535224372 0.534041653 0.541161000 0.521837361 0.538331359 0.702079401 0.664896883 0.670120846 0.597620240 0.619141387 0.593778478 0.632126293 0.616890507 0.528522482 0.473818129 0.503594229 0.510091688 0.343432032 0.346264753 0.000000000 0.364301454 0.364407567 0.439005582 0.520479824 0.475268381 0.501051631 0.345430194 0.380297336 0.358019714 0.397530161 0.440906284 0.421111234 0.426916443 0.425520756 1.276128972 
35     0.671869445 0.677493496 0.763604256 0.783575715 0.680670053 0.717538478 0.678676402 0.663533673 0.818256648 0.815937587 0.814029265 0.902340214 0.667881175 0.718823233 0.702581204 0.710826346 0.658110727 0.656928008 0.664047355 0.644723716 0.661217714 0.824965756 0.787783238 0.793007201 0.720506594 0.742027742 0.716664833 0.755012648 0.739776862 0.651244173 0.596539820 0.626315920 0.632813380 0.463354450 0.468852256 0.364301454 0.000000000 0.485996460 0.560294646 0.642072089 0.596910085 0.622693335 0.466932404 0.502227060 0.480847163 0.520472572 0.562911240 0.543116190 0.549858855 0.548463167 1.398860949 
49     0.489950439 0.495574490 0.581685250 0.601656709 0.498788504 0.535656929 0.496794853 0.481643622 0.636480163 0.634161102 0.632252780 0.720490815 0.486098047 0.537040106 0.520798076 0.529043218 0.476327599 0.475144880 0.482278808 0.462955169 0.479449167 0.643275088 0.606092570 0.611316533 0.538815926 0.560337074 0.534974165 0.573321980 0.558086194 0.469461035 0.414756683 0.444532783 0.450928252 0.339287040 0.362859612 0.364407567 0.485996460 0.000000000 0.201978775 0.401694185 0.355473908 0.381255877 0.251002060 0.284659009 0.277796979 0.318298443 0.360330450 0.339831339 0.346833901 0.345277355 1.217367885 
50     0.564172103 0.569796155 0.655906915 0.675878374 0.573007075 0.609875500 0.571013424 0.555862192 0.710701828 0.708382766 0.706474444 0.794712480 0.560312131 0.611254190 0.595012160 0.603257303 0.550541683 0.549358964 0.556492892 0.537169253 0.553663252 0.717491314 0.680308795 0.685532759 0.613032152 0.634553300 0.609190390 0.647538205 0.632302420 0.543682700 0.488978347 0.518754447 0.525149917 0.413470166 0.436908746 0.439005582 0.560294646 0.201978775 0.000000000 0.475270369 0.429248121 0.455032566 0.325179357 0.359516425 0.352262996 0.392718361 0.434793368 0.414251257 0.421253819 0.419702694 1.291589550 
36     0.646550305 0.652174356 0.738285116 0.758256575 0.655385276 0.692253701 0.653391625 0.638240394 0.793080029 0.790760968 0.788852646 0.877090681 0.642713113 0.693655172 0.677413142 0.685658285 0.632942665 0.631759946 0.638893874 0.619570235 0.636064233 0.799862732 0.762680214 0.767904177 0.695403570 0.716924718 0.691561809 0.729909624 0.714673838 0.625909575 0.571205222 0.600981322 0.607376792 0.495679911 0.519058883 0.520479824 0.642072089 0.401694185 0.475270369 0.000000000 0.398190807 0.424284461 0.406912263 0.440824551 0.436645903 0.476549166 0.518644470 0.498127914 0.505190792 0.503531633 1.373892726 
41     0.600961558 0.606585610 0.692696369 0.712667828 0.609796529 0.646664954 0.607802878 0.592651647 0.747491282 0.745172221 0.743263899 0.831501934 0.597124366 0.648066425 0.631824395 0.640069538 0.587353918 0.586171199 0.593305127 0.573981488 0.590475487 0.754273985 0.717091467 0.722315430 0.649814823 0.671335971 0.645973062 0.684320877 0.669085091 0.580320828 0.525616475 0.555392575 0.561788045 0.450173896 0.473500216 0.475268381 0.596910085 0.355473908 0.429248121 0.398190807 0.000000000 0.130020361 0.361561684 0.395785941 0.391027568 0.430936891 0.473026135 0.452509580 0.459581495 0.457910977 1.328303979 
48     0.626744808 0.632368860 0.718479619 0.738451078 0.635579779 0.672448204 0.633586128 0.618434897 0.773274532 0.770955471 0.769047149 0.857285184 0.622907616 0.673849675 0.657607645 0.665852788 0.613137168 0.611954449 0.619088378 0.599764739 0.616258737 0.780057235 0.742874717 0.748098680 0.675598074 0.697119221 0.671756312 0.710104127 0.694868341 0.606104078 0.551399726 0.581175825 0.587571295 0.475957146 0.499283466 0.501051631 0.622693335 0.381255877 0.455032566 0.424284461 0.130020361 0.000000000 0.387314710 0.421538593 0.416810818 0.456720141 0.498809385 0.478292830 0.485364745 0.483694227 1.354087229 
37     0.471912456 0.477536507 0.563647267 0.583618726 0.480747427 0.517615852 0.478753776 0.463602545 0.618459572 0.616140510 0.614232188 0.702405742 0.468037706 0.518979765 0.502737735 0.510982878 0.458267258 0.457084539 0.464218468 0.444894829 0.461099650 0.625167066 0.587984548 0.593208511 0.520707905 0.542229052 0.516866143 0.555213958 0.539978172 0.451038346 0.396333993 0.426110093 0.432505563 0.320589765 0.345113751 0.345430194 0.466932404 0.251002060 0.325179357 0.406912263 0.361561684 0.387314710 0.000000000 0.225934495 0.260884456 0.300637014 0.343808433 0.323746942 0.329857560 0.328315737 1.199244221 
44     0.506840252 0.512464304 0.598575064 0.618546523 0.515569034 0.552437459 0.513575383 0.498424152 0.653273226 0.650954165 0.649045843 0.737271345 0.502851361 0.553793420 0.537551390 0.545796533 0.493080913 0.491898194 0.499032122 0.479708484 0.496202482 0.660125654 0.622943135 0.628167099 0.555666492 0.577187640 0.551824731 0.590172546 0.574936760 0.486105027 0.431400674 0.461176774 0.467572244 0.355675397 0.379766239 0.380297336 0.502227060 0.284659009 0.359516425 0.440824551 0.395785941 0.421538593 0.225934495 0.000000000 0.297798606 0.337575449 0.379778746 0.359717254 0.366689289 0.365114382 1.234153423 
42     0.481266466 0.486890518 0.573001277 0.592972736 0.490104531 0.526972956 0.488110880 0.472959649 0.627957984 0.625638922 0.623730601 0.711953846 0.477405096 0.528347155 0.512105125 0.520350268 0.467634648 0.466451929 0.473585858 0.454262219 0.470467040 0.634611386 0.597428868 0.602652832 0.530152225 0.551673373 0.526310463 0.564658278 0.549422492 0.460710880 0.406006528 0.435782628 0.442178097 0.333080103 0.357107571 0.358019714 0.480847163 0.277796979 0.352262996 0.436645903 0.391027568 0.416810818 0.260884456 0.297798606 0.000000000 0.182090370 0.224970654 0.205084802 0.209811089 0.206796818 1.208930362 
47     0.521124234 0.526748286 0.612859045 0.632830504 0.529962299 0.566830724 0.527968648 0.512817417 0.667815752 0.665496690 0.663588369 0.751811614 0.517206138 0.568148196 0.551906167 0.560151309 0.507435689 0.506252971 0.513386899 0.494063260 0.510268081 0.674471435 0.637288917 0.642512881 0.570012274 0.591533421 0.566170512 0.604518327 0.589282541 0.500511922 0.445807569 0.475583669 0.481979138 0.372465911 0.396815823 0.397530161 0.520472572 0.318298443 0.392718361 0.476549166 0.430936891 0.456720141 0.300637014 0.337575449 0.182090370 0.000000000 0.175632116 0.153547093 0.161295571 0.226464876 1.248760723 
34     0.564898501 0.570522552 0.656633312 0.676604771 0.573736566 0.610604991 0.571742915 0.556591684 0.711425355 0.709106294 0.707197972 0.795421218 0.560980404 0.611922463 0.595680433 0.603925576 0.551209956 0.550027237 0.557161165 0.537837527 0.554331525 0.718245702 0.681063184 0.686287147 0.613786540 0.635307688 0.609944779 0.648292594 0.633056808 0.544405731 0.489701378 0.519477478 0.525872948 0.414887958 0.439254491 0.440906284 0.562911240 0.360330450 0.434793368 0.518644470 0.473026135 0.498809385 0.343808433 0.379778746 0.224970654 0.175632116 0.000000000 0.135366433 0.184911547 0.270976761 1.292435565 
39     0.544787452 0.550411504 0.636522263 0.656493723 0.553625517 0.590493942 0.551631866 0.536480635 0.691314307 0.688995245 0.687086923 0.775310169 0.540926082 0.591868141 0.575626111 0.583871254 0.531155634 0.529972916 0.537106844 0.517783205 0.534277203 0.698132373 0.660949854 0.666173818 0.593673211 0.615194359 0.589831449 0.628179264 0.612943478 0.524351409 0.469647057 0.499423157 0.505818626 0.395075237 0.419429428 0.421111234 0.543116190 0.339831339 0.414251257 0.498127914 0.452509580 0.478292830 0.323746942 0.359717254 0.205084802 0.153547093 0.135366433 0.000000000 0.165423887 0.251803445 1.272351924 
46     0.550276917 0.555900968 0.642011728 0.661983187 0.559114982 0.595983407 0.557121331 0.541970100 0.696968435 0.694649373 0.692741051 0.780964297 0.546415547 0.597357606 0.581115576 0.589360719 0.536645099 0.535462380 0.542596308 0.523272669 0.539477491 0.703621837 0.666439319 0.671663282 0.599162675 0.620683823 0.595320914 0.633668729 0.618432943 0.529721331 0.475016978 0.504793078 0.511188548 0.401861011 0.426202106 0.426916443 0.549858855 0.346833901 0.421253819 0.505190792 0.459581495 0.485364745 0.329857560 0.366689289 0.209811089 0.161295571 0.184911547 0.165423887 0.000000000 0.256108452 1.277940813 
43     0.548817332 0.554441383 0.640552143 0.660523602 0.557655397 0.594523822 0.555661746 0.540510515 0.695508850 0.693189788 0.691281466 0.779504712 0.544955962 0.595898021 0.579655991 0.587901134 0.535185514 0.534002795 0.541136723 0.521813084 0.538017906 0.702162252 0.664979734 0.670203697 0.597703090 0.619224238 0.593861329 0.632209144 0.616973358 0.528261746 0.473557393 0.503333493 0.509728963 0.400567595 0.424802698 0.425520756 0.548463167 0.345277355 0.419702694 0.503531633 0.457910977 0.483694227 0.328315737 0.365114382 0.206796818 0.226464876 0.270976761 0.251803445 0.256108452 0.000000000 1.276481228 
0     1.263502087 1.269126139 1.355316000 1.375287459 1.271968944 1.308806037 1.269931580 1.254645336 1.408657961 1.406338899 1.404430577 1.493114855 1.260060906 1.311002965 1.294824516 1.303069658 1.250290458 1.249107739 1.256434009 1.236983308 1.253349202 1.415864526 1.378682008 1.383905972 1.311405365 1.332952178 1.307587804 1.345909953 1.330457807 1.240961719 1.186218068 1.216082063 1.222489506 1.251497443 1.275440028 1.276128972 1.398860949 1.217367885 1.291589550 1.373892726 1.328303979 1.354087229 1.199244221 1.234153423 1.208930362 1.248760723 1.292435565 1.272351924 1.277940813 1.276481228 0.000000000 
