51
8     0.000000000 0.259067924 0.253451774 0.557582990 0.553643761 0.588043485 0.447394419 0.465227880 0.617381786 0.541256833 0.539338891 0.485136259 0.512184564 0.563289349 0.474059534 0.476299056 0.477931381 0.568901999 0.583728840 0.589361075 0.589760742 0.561169192 0.543083695 0.545779063 0.530958313 0.520163494 0.535108549 0.537216714 0.536759346 0.556671257 0.547604871 0.514015965 0.492008564 0.530923286 0.464444780 0.451337997 0.450854638 0.524149858 0.462557568 0.564369315 0.565086510 0.567601679 0.615490682 0.612344394 0.523176806 0.564219178 0.518153949 0.593664483 0.599761791 0.499126467 1.019682866 
32     0.259067924 0.000000000 0.062698429 0.539540308 0.535601079 0.569939083 0.429290017 0.447123478 0.599277384 0.523152432 0.521234489 0.467031858 0.494080163 0.545184947 0.455955132 0.458194654 0.459826979 0.550763383 0.565590224 0.571222459 0.571622126 0.543030576 0.524945079 0.527640447 0.512819696 0.502024878 0.516969933 0.519078098 0.518620730 0.538532641 0.529466255 0.495904073 0.473896672 0.512811393 0.446332888 0.433226105 0.432742745 0.506037966 0.444445675 0.546230699 0.546947894 0.549463063 0.597352066 0.594205778 0.505038190 0.546080562 0.500015333 0.575525867 0.581623175 0.480987851 1.001544249 
26     0.253451774 0.062698429 0.000000000 0.533883276 0.529944047 0.564282051 0.423632985 0.441466446 0.593620352 0.517495399 0.515577457 0.461374825 0.488423130 0.539527915 0.450298100 0.452537622 0.454169946 0.545105810 0.559932650 0.565564885 0.565964552 0.537373002 0.519287505 0.521982874 0.507162123 0.496367304 0.511312360 0.513420524 0.512963156 0.532875068 0.523808682 0.490246499 0.468239098 0.507153820 0.440675314 0.427568531 0.427085171 0.500380392 0.438788102 0.540573125 0.541290320 0.543805490 0.591694493 0.588548205 0.499380617 0.540422989 0.494357759 0.569868293 0.575965602 0.475330277 0.995886676 
24     0.557582990 0.539540308 0.533883276 0.000000000 0.406148768 0.606897614 0.466265622 0.484288442 0.637436485 0.561460888 0.559430685 0.505228054 0.532388619 0.583576456 0.494145941 0.496385463 0.498017787 0.598084570 0.612911410 0.618543645 0.618943312 0.590351762 0.572488982 0.575184350 0.560429060 0.549634241 0.564579296 0.566687461 0.566230093 0.586142004 0.577296931 0.545666496 0.523659095 0.562435323 0.496088257 0.482981474 0.482498114 0.555739192 0.494075570 0.596291660 0.597008855 0.599618750 0.647507753 0.644361465 0.555179442 0.596205367 0.550140137 0.625650672 0.631747980 0.531155103 1.051805938 
4     0.553643761 0.535601079 0.529944047 0.406148768 0.000000000 0.602542359 0.461910367 0.479933187 0.633362927 0.557387330 0.555357127 0.501154496 0.528315061 0.579502898 0.490072383 0.492311905 0.493944229 0.595515687 0.610342527 0.615974763 0.616374430 0.587782880 0.569920099 0.572615467 0.557513900 0.546719081 0.561664137 0.563772301 0.563314933 0.583226845 0.574387569 0.541734179 0.519726778 0.558502026 0.492155941 0.479049157 0.478565798 0.551814018 0.490142273 0.592661780 0.593378975 0.595953661 0.643842664 0.640696376 0.551514352 0.592540277 0.546475048 0.621985582 0.628082890 0.527490014 1.048678342 
19     0.588043485 0.569939083 0.564282051 0.606897614 0.602542359 0.000000000 0.273346804 0.292087746 0.611840847 0.536045053 0.534174348 0.479999103 0.507012685 0.558014094 0.468314837 0.470554360 0.472186684 0.630454129 0.645280970 0.650913205 0.651312872 0.622721322 0.604538688 0.607234056 0.592115964 0.581321145 0.596266200 0.598374365 0.597916997 0.617828908 0.608957190 0.576643875 0.554636474 0.593543161 0.527065636 0.513958853 0.513475493 0.586964644 0.525376099 0.625928240 0.626645435 0.629337733 0.677226736 0.674080448 0.584889213 0.625844268 0.579779039 0.655289573 0.661386881 0.560803922 1.082924813 
37     0.447394419 0.429290017 0.423632985 0.466265622 0.461910367 0.273346804 0.000000000 0.100855014 0.471130439 0.395234764 0.393364059 0.339188814 0.366202396 0.417207307 0.327513174 0.329752697 0.331385021 0.489841109 0.504667950 0.510300185 0.510699852 0.482108302 0.463925668 0.466621036 0.451502944 0.440708125 0.455653180 0.457761345 0.457303977 0.477215889 0.468344170 0.436030855 0.414023454 0.452930141 0.386452616 0.373345833 0.372862473 0.446351625 0.384763079 0.485324097 0.486041292 0.488733590 0.536622593 0.533476305 0.444285070 0.485240125 0.439174896 0.514685430 0.520782738 0.420199779 0.942337165 
39     0.465227880 0.447123478 0.441466446 0.484288442 0.479933187 0.292087746 0.100855014 0.000000000 0.488832797 0.412939507 0.411068801 0.356893557 0.383907139 0.434912050 0.345217917 0.347457439 0.349089764 0.507749902 0.522576742 0.528208977 0.528608645 0.500017094 0.481834460 0.484529829 0.469411736 0.458616918 0.473561973 0.475670138 0.475212769 0.495124681 0.486252963 0.453939647 0.431932246 0.470838933 0.404361409 0.391254625 0.390771266 0.464260417 0.402671872 0.503232890 0.503950085 0.506642383 0.554531386 0.551385098 0.462193862 0.503148918 0.457083688 0.532594223 0.538691531 0.438108572 0.960249827 
25     0.617381786 0.599277384 0.593620352 0.637436485 0.633362927 0.611840847 0.471130439 0.488832797 0.000000000 0.419810685 0.417317141 0.363957886 0.391057635 0.441081644 0.350704078 0.352770962 0.354424517 0.658812242 0.673639082 0.679271317 0.679670984 0.651079434 0.632884999 0.635580367 0.620700108 0.609905289 0.624850344 0.626958509 0.626501141 0.646413052 0.637539122 0.606476405 0.584469003 0.623375691 0.556898166 0.543791383 0.543308023 0.616789259 0.555164446 0.655323686 0.656040881 0.658712432 0.706601435 0.703455148 0.614263912 0.655238527 0.609173298 0.684683832 0.690781140 0.590198181 1.112276937 
20     0.541256833 0.523152432 0.517495399 0.561460888 0.557387330 0.536045053 0.395234764 0.412939507 0.419810685 0.000000000 0.202890363 0.155197086 0.184424138 0.298696837 0.253152013 0.255233208 0.256955808 0.582665613 0.597492453 0.603124688 0.603524356 0.574932805 0.556745160 0.559440528 0.544539025 0.533744207 0.548689262 0.550797427 0.550340058 0.570251970 0.561378040 0.530807936 0.508800535 0.547707222 0.481229697 0.468122914 0.467639554 0.541085229 0.479495977 0.579343730 0.580060925 0.582722212 0.630611215 0.627464928 0.538273692 0.579248307 0.533183077 0.608693612 0.614790920 0.514207961 1.036322994 
7     0.539338891 0.521234489 0.515577457 0.559430685 0.555357127 0.534174348 0.393364059 0.411068801 0.417317141 0.202890363 0.000000000 0.152082777 0.181283848 0.298361889 0.251762600 0.254014236 0.255736837 0.580705383 0.595532223 0.601164458 0.601564125 0.572972575 0.554784930 0.557480298 0.542572978 0.531778160 0.546723215 0.548831380 0.548374011 0.568285923 0.559411993 0.528734478 0.506727077 0.545633764 0.479156239 0.466049456 0.465566096 0.539011771 0.477422519 0.577344212 0.578061407 0.580722694 0.628611697 0.625465409 0.536274174 0.577248788 0.531183559 0.606694093 0.612791401 0.512208442 1.034321254 
15     0.485136259 0.467031858 0.461374825 0.505228054 0.501154496 0.479999103 0.339188814 0.356893557 0.363957886 0.155197086 0.152082777 0.000000000 0.123303505 0.241272941 0.197783287 0.199858657 0.201581258 0.526502751 0.541329592 0.546961827 0.547361494 0.518769944 0.500582298 0.503277666 0.488370347 0.477575528 0.492520584 0.494628748 0.494171380 0.514083292 0.505209361 0.474531847 0.452524445 0.491431132 0.424953608 0.411846824 0.411363465 0.484809140 0.423219888 0.523141580 0.523858775 0.526520063 0.574409066 0.571262778 0.482071542 0.523046157 0.476980928 0.552491462 0.558588770 0.458005811 0.980118622 
29     0.512184564 0.494080163 0.488423130 0.532388619 0.528315061 0.507012685 0.366202396 0.383907139 0.391057635 0.184424138 0.181283848 0.123303505 0.000000000 0.269387197 0.225154955 0.226967382 0.228689983 0.553555000 0.568381841 0.574014076 0.574413743 0.545822193 0.527634547 0.530329915 0.515428413 0.504633594 0.519578649 0.521686814 0.521229446 0.541141358 0.532267427 0.501687667 0.479680265 0.518586952 0.452109428 0.439002645 0.438519285 0.511964960 0.450375708 0.550264368 0.550981563 0.553642850 0.601531853 0.598385565 0.509194330 0.550168944 0.504103715 0.579614249 0.585711557 0.485128598 1.007229905 
38     0.563289349 0.545184947 0.539527915 0.583576456 0.579502898 0.558014094 0.417207307 0.434912050 0.441081644 0.298696837 0.298361889 0.241272941 0.269387197 0.000000000 0.278547508 0.280350679 0.282105968 0.604755327 0.619582167 0.625214402 0.625614069 0.597022519 0.578834874 0.581530242 0.566628739 0.555833921 0.570778976 0.572887140 0.572429772 0.592341684 0.583467754 0.552891778 0.530884377 0.569791064 0.503313539 0.490206756 0.489723396 0.563169072 0.501579819 0.601408069 0.602125264 0.604786551 0.652675554 0.649529266 0.560338031 0.601312645 0.555247416 0.630757950 0.636855259 0.536272300 1.058387333 
27     0.474059534 0.455955132 0.450298100 0.494145941 0.490072383 0.468314837 0.327513174 0.345217917 0.350704078 0.253152013 0.251762600 0.197783287 0.225154955 0.278547508 0.000000000 0.053593599 0.056421034 0.515402915 0.530229756 0.535861991 0.536261658 0.507670108 0.489482462 0.492177830 0.477291227 0.466496408 0.481441464 0.483549628 0.483092260 0.503004172 0.494130241 0.463318304 0.441310903 0.480217590 0.413740065 0.400633282 0.400149922 0.473631158 0.412006345 0.511986631 0.512703826 0.515375378 0.563264381 0.560118093 0.470926858 0.511901472 0.465836243 0.541346777 0.547444085 0.446861126 0.968953609 
31     0.476299056 0.458194654 0.452537622 0.496385463 0.492311905 0.470554360 0.329752697 0.347457439 0.352770962 0.255233208 0.254014236 0.199858657 0.226967382 0.280350679 0.053593599 0.000000000 0.040556754 0.517642438 0.532469278 0.538101513 0.538501180 0.509909630 0.491721985 0.494417353 0.479530749 0.468735931 0.483680986 0.485789150 0.485331782 0.505243694 0.496369764 0.465557826 0.443550425 0.482457112 0.415979588 0.402872804 0.402389445 0.475870680 0.414245868 0.514226154 0.514943349 0.517614900 0.565503903 0.562357615 0.473166380 0.514140994 0.468075765 0.543586299 0.549683608 0.449100648 0.971193131 
6     0.477931381 0.459826979 0.454169946 0.498017787 0.493944229 0.472186684 0.331385021 0.349089764 0.354424517 0.256955808 0.255736837 0.201581258 0.228689983 0.282105968 0.056421034 0.040556754 0.000000000 0.519274762 0.534101602 0.539733837 0.540133505 0.511541954 0.493354309 0.496049677 0.481163073 0.470368255 0.485313310 0.487421475 0.486964107 0.506876018 0.498002088 0.467190151 0.445182749 0.484089437 0.417611912 0.404505129 0.404021769 0.477503005 0.415878192 0.515858478 0.516575673 0.519247225 0.567136228 0.563989940 0.474798704 0.515773319 0.469708090 0.545218624 0.551315932 0.450732973 0.972825456 
22     0.568901999 0.550763383 0.545105810 0.598084570 0.595515687 0.630454129 0.489841109 0.507749902 0.658812242 0.582665613 0.580705383 0.526502751 0.553555000 0.604755327 0.515402915 0.517642438 0.519274762 0.000000000 0.064289407 0.080951133 0.078976455 0.161122748 0.385348809 0.387782843 0.485883536 0.475091758 0.490044720 0.492161665 0.491695214 0.511607126 0.504336480 0.530833153 0.508825751 0.547571641 0.481225556 0.468118773 0.467635413 0.540850091 0.479282037 0.581894945 0.582612140 0.584890383 0.632779386 0.629633098 0.540253059 0.581501915 0.535436686 0.610947220 0.617044528 0.516395908 1.038709576 
35     0.583728840 0.565590224 0.559932650 0.612911410 0.610342527 0.645280970 0.504667950 0.522576742 0.673639082 0.597492453 0.595532223 0.541329592 0.568381841 0.619582167 0.530229756 0.532469278 0.534101602 0.064289407 0.000000000 0.096244902 0.094094857 0.174572849 0.400135485 0.402569520 0.500710377 0.489918599 0.504871560 0.506988505 0.506522054 0.526433966 0.519163320 0.545659993 0.523652592 0.562398482 0.496052396 0.482945613 0.482462253 0.555676931 0.494108877 0.596721785 0.597438980 0.599717223 0.647606226 0.644459939 0.555079899 0.596328755 0.550263526 0.625774060 0.631871368 0.531222748 1.053536417 
18     0.589361075 0.571222459 0.565564885 0.618543645 0.615974763 0.650913205 0.510300185 0.528208977 0.679271317 0.603124688 0.601164458 0.546961827 0.574014076 0.625214402 0.535861991 0.538101513 0.539733837 0.080951133 0.096244902 0.000000000 0.083535534 0.180700301 0.405659940 0.408093974 0.506342612 0.495550834 0.510503795 0.512620740 0.512154289 0.532066201 0.524795555 0.551292228 0.529284827 0.568030717 0.501684631 0.488577848 0.488094489 0.561309167 0.499741112 0.602354021 0.603071216 0.605349459 0.653238462 0.650092174 0.560712134 0.601960990 0.555895761 0.631406295 0.637503604 0.536854983 1.059168652 
17     0.589760742 0.571622126 0.565964552 0.618943312 0.616374430 0.651312872 0.510699852 0.528608645 0.679670984 0.603524356 0.601564125 0.547361494 0.574413743 0.625614069 0.536261658 0.538501180 0.540133505 0.078976455 0.094094857 0.083535534 0.000000000 0.182544284 0.406038752 0.408472787 0.506742279 0.495950501 0.510903462 0.513020407 0.512553957 0.532465868 0.525195222 0.551691895 0.529684494 0.568430384 0.502084298 0.488977515 0.488494156 0.561708834 0.500140779 0.602753688 0.603470883 0.605749126 0.653638129 0.650491841 0.561111802 0.602360658 0.556295428 0.631805963 0.637903271 0.537254650 1.059568319 
23     0.561169192 0.543030576 0.537373002 0.590351762 0.587782880 0.622721322 0.482108302 0.500017094 0.651079434 0.574932805 0.572972575 0.518769944 0.545822193 0.597022519 0.507670108 0.509909630 0.511541954 0.161122748 0.174572849 0.180700301 0.182544284 0.000000000 0.378155495 0.380589530 0.478018320 0.467226542 0.482179503 0.484296448 0.483829998 0.503741909 0.496471263 0.523133182 0.501125780 0.539871670 0.473525585 0.460418801 0.459935442 0.533150120 0.471582065 0.574162138 0.574879333 0.577157576 0.625046579 0.621900291 0.532520251 0.573769107 0.527703878 0.603214412 0.609311721 0.508663100 1.030976769 
14     0.543083695 0.524945079 0.519287505 0.572488982 0.569920099 0.604538688 0.463925668 0.481834460 0.632884999 0.556745160 0.554784930 0.500582298 0.527634547 0.578834874 0.489482462 0.491721985 0.493354309 0.385348809 0.400135485 0.405659940 0.406038752 0.378155495 0.000000000 0.113915651 0.459610999 0.448819221 0.463772182 0.465889127 0.465422677 0.485334589 0.478069638 0.505240703 0.483233302 0.521979192 0.455633106 0.442526323 0.442042964 0.515523130 0.453955076 0.555866831 0.556584026 0.558977847 0.606866850 0.603720563 0.514340523 0.555589379 0.509524150 0.585034684 0.591131992 0.490483372 1.012904525 
9     0.545779063 0.527640447 0.521982874 0.575184350 0.572615467 0.607234056 0.466621036 0.484529829 0.635580367 0.559440528 0.557480298 0.503277666 0.530329915 0.581530242 0.492177830 0.494417353 0.496049677 0.387782843 0.402569520 0.408093974 0.408472787 0.380589530 0.113915651 0.000000000 0.462323825 0.451532047 0.466485008 0.468601954 0.468135503 0.488047415 0.480782465 0.507936071 0.485928670 0.524674560 0.458328475 0.445221691 0.444738332 0.518218498 0.456650444 0.558562199 0.559279394 0.561673216 0.609562219 0.606415931 0.517035891 0.558284747 0.512219518 0.587730052 0.593827361 0.493178740 1.015599893 
10     0.530958313 0.512819696 0.507162123 0.560429060 0.557513900 0.592115964 0.451502944 0.469411736 0.620700108 0.544539025 0.542572978 0.488370347 0.515428413 0.566628739 0.477291227 0.479530749 0.481163073 0.485883536 0.500710377 0.506342612 0.506742279 0.478018320 0.459610999 0.462323825 0.000000000 0.069915882 0.198096913 0.200195635 0.199882350 0.220468560 0.321078145 0.492833561 0.470826159 0.509572049 0.443225964 0.430119181 0.429635821 0.503108011 0.441512628 0.543362250 0.544079445 0.545296122 0.593185125 0.590038837 0.500658798 0.541755188 0.495689959 0.571200493 0.577297801 0.476590779 1.000861621 
33     0.520163494 0.502024878 0.496367304 0.549634241 0.546719081 0.581321145 0.440708125 0.458616918 0.609905289 0.533744207 0.531778160 0.477575528 0.504633594 0.555833921 0.466496408 0.468735931 0.470368255 0.475091758 0.489918599 0.495550834 0.495950501 0.467226542 0.448819221 0.451532047 0.069915882 0.000000000 0.188037967 0.190154068 0.189654254 0.210337198 0.310598902 0.482038742 0.460031341 0.498777231 0.432431145 0.419324362 0.418841002 0.492313193 0.430717809 0.532567432 0.533284627 0.534501304 0.582390307 0.579244019 0.489863979 0.530960370 0.484895140 0.560405675 0.566502983 0.465795960 0.990066803 
3     0.535108549 0.516969933 0.511312360 0.564579296 0.561664137 0.596266200 0.455653180 0.473561973 0.624850344 0.548689262 0.546723215 0.492520584 0.519578649 0.570778976 0.481441464 0.483680986 0.485313310 0.490044720 0.504871560 0.510503795 0.510903462 0.482179503 0.463772182 0.466485008 0.198096913 0.188037967 0.000000000 0.080762900 0.162263386 0.182226973 0.325407330 0.496983797 0.474976396 0.513722286 0.447376201 0.434269417 0.433786058 0.507258248 0.445662864 0.547512487 0.548229682 0.549446359 0.597335362 0.594189074 0.504809035 0.545905425 0.499840196 0.575350730 0.581448038 0.480741016 1.005011858 
11     0.537216714 0.519078098 0.513420524 0.566687461 0.563772301 0.598374365 0.457761345 0.475670138 0.626958509 0.550797427 0.548831380 0.494628748 0.521686814 0.572887140 0.483549628 0.485789150 0.487421475 0.492161665 0.506988505 0.512620740 0.513020407 0.484296448 0.465889127 0.468601954 0.200195635 0.190154068 0.080762900 0.000000000 0.163463686 0.182419361 0.327243281 0.499091962 0.477084561 0.515830451 0.449484365 0.436377582 0.435894222 0.509366413 0.447771029 0.549620652 0.550337847 0.551554523 0.599443526 0.596297239 0.506917199 0.548013590 0.501948360 0.577458894 0.583556203 0.482849180 1.007120022 
2     0.536759346 0.518620730 0.512963156 0.566230093 0.563314933 0.597916997 0.457303977 0.475212769 0.626501141 0.550340058 0.548374011 0.494171380 0.521229446 0.572429772 0.483092260 0.485331782 0.486964107 0.491695214 0.506522054 0.512154289 0.512553957 0.483829998 0.465422677 0.468135503 0.199882350 0.189654254 0.162263386 0.163463686 0.000000000 0.118186287 0.327067041 0.498634594 0.476627192 0.515373083 0.449026997 0.435920214 0.435436854 0.508909044 0.447313661 0.549163283 0.549880479 0.551097155 0.598986158 0.595839870 0.506459831 0.547556221 0.501490992 0.577001526 0.583098834 0.482391812 1.006662654 
36     0.556671257 0.538532641 0.532875068 0.586142004 0.583226845 0.617828908 0.477215889 0.495124681 0.646413052 0.570251970 0.568285923 0.514083292 0.541141358 0.592341684 0.503004172 0.505243694 0.506876018 0.511607126 0.526433966 0.532066201 0.532465868 0.503741909 0.485334589 0.488047415 0.220468560 0.210337198 0.182226973 0.182419361 0.118186287 0.000000000 0.346832959 0.518546506 0.496539104 0.535284994 0.468938909 0.455832125 0.455348766 0.528820956 0.467225573 0.569075195 0.569792390 0.571009067 0.618898070 0.615751782 0.526371743 0.567468133 0.521402904 0.596913438 0.603010746 0.502303724 1.026574566 
28     0.547604871 0.529466255 0.523808682 0.577296931 0.574387569 0.608957190 0.468344170 0.486252963 0.637539122 0.561378040 0.559411993 0.505209361 0.532267427 0.583467754 0.494130241 0.496369764 0.498002088 0.504336480 0.519163320 0.524795555 0.525195222 0.496471263 0.478069638 0.480782465 0.321078145 0.310598902 0.325407330 0.327243281 0.327067041 0.346832959 0.000000000 0.510682675 0.488675273 0.527421163 0.461075078 0.447968295 0.447484935 0.520957125 0.459361742 0.560945082 0.561662277 0.562858111 0.610747114 0.607600826 0.518220787 0.559317177 0.513251948 0.588762482 0.594859790 0.494152768 1.018522734 
16     0.514015965 0.495904073 0.490246499 0.545666496 0.541734179 0.576643875 0.436030855 0.453939647 0.606476405 0.530807936 0.528734478 0.474531847 0.501687667 0.552891778 0.463318304 0.465557826 0.467190151 0.530833153 0.545659993 0.551292228 0.551691895 0.523133182 0.505240703 0.507936071 0.492833561 0.482038742 0.496983797 0.499091962 0.498634594 0.518546506 0.510682675 0.000000000 0.157589245 0.337348985 0.270202418 0.257183164 0.256586797 0.364802903 0.311071043 0.528602305 0.529319500 0.531561910 0.579450913 0.576304625 0.486921478 0.528177555 0.482112325 0.557622860 0.563720168 0.463094887 0.985495945 
30     0.492008564 0.473896672 0.468239098 0.523659095 0.519726778 0.554636474 0.414023454 0.431932246 0.584469003 0.508800535 0.506727077 0.452524445 0.479680265 0.530884377 0.441310903 0.443550425 0.445182749 0.508825751 0.523652592 0.529284827 0.529684494 0.501125780 0.483233302 0.485928670 0.470826159 0.460031341 0.474976396 0.477084561 0.476627192 0.496539104 0.488675273 0.157589245 0.000000000 0.315494774 0.248292049 0.235334526 0.234895752 0.342698605 0.288894864 0.506594904 0.507312099 0.509554508 0.557443511 0.554297223 0.464914077 0.506170153 0.460104924 0.535615458 0.541712767 0.441087485 0.963488544 
13     0.530923286 0.512811393 0.507153820 0.562435323 0.558502026 0.593543161 0.452930141 0.470838933 0.623375691 0.547707222 0.545633764 0.491431132 0.518586952 0.569791064 0.480217590 0.482457112 0.484089437 0.547571641 0.562398482 0.568030717 0.568430384 0.539871670 0.521979192 0.524674560 0.509572049 0.498777231 0.513722286 0.515830451 0.515373083 0.535284994 0.527421163 0.337348985 0.315494774 0.000000000 0.207558217 0.194786098 0.194502355 0.382924738 0.326937214 0.545495266 0.546212461 0.548405736 0.596294739 0.593148451 0.503765304 0.545021381 0.498956151 0.574466686 0.580563994 0.479938713 1.002286642 
5     0.464444780 0.446332888 0.440675314 0.496088257 0.492155941 0.527065636 0.386452616 0.404361409 0.556898166 0.481229697 0.479156239 0.424953608 0.452109428 0.503313539 0.413740065 0.415979588 0.417611912 0.481225556 0.496052396 0.501684631 0.502084298 0.473525585 0.455633106 0.458328475 0.443225964 0.432431145 0.447376201 0.449484365 0.449026997 0.468938909 0.461075078 0.270202418 0.248292049 0.207558217 0.000000000 0.054466520 0.054848287 0.316030563 0.261077481 0.479031452 0.479748647 0.481941922 0.529830925 0.526684637 0.437301491 0.478557567 0.432492338 0.508002872 0.514100180 0.413474899 0.935856527 
1     0.451337997 0.433226105 0.427568531 0.482981474 0.479049157 0.513958853 0.373345833 0.391254625 0.543791383 0.468122914 0.466049456 0.411846824 0.439002645 0.490206756 0.400633282 0.402872804 0.404505129 0.468118773 0.482945613 0.488577848 0.488977515 0.460418801 0.442526323 0.445221691 0.430119181 0.419324362 0.434269417 0.436377582 0.435920214 0.455832125 0.447968295 0.257183164 0.235334526 0.194786098 0.054466520 0.000000000 0.019011309 0.303089580 0.248026768 0.465924669 0.466641864 0.468835139 0.516724142 0.513577854 0.424194707 0.465450784 0.419385555 0.494896089 0.500993397 0.400368116 0.922749744 
21     0.450854638 0.432742745 0.427085171 0.482498114 0.478565798 0.513475493 0.372862473 0.390771266 0.543308023 0.467639554 0.465566096 0.411363465 0.438519285 0.489723396 0.400149922 0.402389445 0.404021769 0.467635413 0.482462253 0.488094489 0.488494156 0.459935442 0.442042964 0.444738332 0.429635821 0.418841002 0.433786058 0.435894222 0.435436854 0.455348766 0.447484935 0.256586797 0.234895752 0.194502355 0.054848287 0.019011309 0.000000000 0.302633238 0.247525089 0.465441310 0.466158505 0.468351779 0.516240782 0.513094495 0.423711348 0.464967424 0.418902195 0.494412729 0.500510038 0.399884756 0.922266384 
34     0.524149858 0.506037966 0.500380392 0.555739192 0.551814018 0.586964644 0.446351625 0.464260417 0.616789259 0.541085229 0.539011771 0.484809140 0.511964960 0.563169072 0.473631158 0.475870680 0.477503005 0.540850091 0.555676931 0.561309167 0.561708834 0.533150120 0.515523130 0.518218498 0.503108011 0.492313193 0.507258248 0.509366413 0.508909044 0.528820956 0.520957125 0.364802903 0.342698605 0.382924738 0.316030563 0.303089580 0.302633238 0.000000000 0.321532744 0.538618606 0.539335801 0.541567946 0.589456949 0.586310661 0.496927514 0.538183591 0.492118362 0.567628896 0.573726204 0.473100923 0.995970128 
12     0.462557568 0.444445675 0.438788102 0.494075570 0.490142273 0.525376099 0.384763079 0.402671872 0.555164446 0.479495977 0.477422519 0.423219888 0.450375708 0.501579819 0.412006345 0.414245868 0.415878192 0.479282037 0.494108877 0.499741112 0.500140779 0.471582065 0.453955076 0.456650444 0.441512628 0.430717809 0.445662864 0.447771029 0.447313661 0.467225573 0.459361742 0.311071043 0.288894864 0.326937214 0.261077481 0.248026768 0.247525089 0.321532744 0.000000000 0.476998249 0.477715444 0.479908718 0.527797721 0.524651434 0.435268287 0.476524363 0.430459134 0.505969668 0.512066977 0.411441695 0.934047646 
42     0.564369315 0.546230699 0.540573125 0.596291660 0.592661780 0.625928240 0.485324097 0.503232890 0.655323686 0.579343730 0.577344212 0.523141580 0.550264368 0.601408069 0.511986631 0.514226154 0.515858478 0.581894945 0.596721785 0.602354021 0.602753688 0.574162138 0.555866831 0.558562199 0.543362250 0.532567432 0.547512487 0.549620652 0.549163283 0.569075195 0.560945082 0.528602305 0.506594904 0.545495266 0.479031452 0.465924669 0.465441310 0.538618606 0.476998249 0.000000000 0.057164245 0.484830290 0.533213528 0.530067240 0.440312754 0.481724149 0.435753718 0.511381566 0.517478875 0.416475549 1.003787540 
41     0.565086510 0.546947894 0.541290320 0.597008855 0.593378975 0.626645435 0.486041292 0.503950085 0.656040881 0.580060925 0.578061407 0.523858775 0.550981563 0.602125264 0.512703826 0.514943349 0.516575673 0.582612140 0.597438980 0.603071216 0.603470883 0.574879333 0.556584026 0.559279394 0.544079445 0.533284627 0.548229682 0.550337847 0.549880479 0.569792390 0.561662277 0.529319500 0.507312099 0.546212461 0.479748647 0.466641864 0.466158505 0.539335801 0.477715444 0.057164245 0.000000000 0.485547485 0.533930723 0.530784435 0.441029949 0.482441344 0.436470913 0.512098761 0.518196070 0.417192744 1.004504735 
47     0.567601679 0.549463063 0.543805490 0.599618750 0.595953661 0.629337733 0.488733590 0.506642383 0.658712432 0.582722212 0.580722694 0.526520063 0.553642850 0.604786551 0.515375378 0.517614900 0.519247225 0.584890383 0.599717223 0.605349459 0.605749126 0.577157576 0.558977847 0.561673216 0.545296122 0.534501304 0.549446359 0.551554523 0.551097155 0.571009067 0.562858111 0.531561910 0.509554508 0.548405736 0.481941922 0.468835139 0.468351779 0.541567946 0.479908718 0.484830290 0.485547485 0.000000000 0.175516833 0.174721808 0.276195938 0.393428643 0.348055241 0.423534124 0.429624568 0.326859366 1.006507187 
40     0.615490682 0.597352066 0.591694493 0.647507753 0.643842664 0.677226736 0.536622593 0.554531386 0.706601435 0.630611215 0.628611697 0.574409066 0.601531853 0.652675554 0.563264381 0.565503903 0.567136228 0.632779386 0.647606226 0.653238462 0.653638129 0.625046579 0.606866850 0.609562219 0.593185125 0.582390307 0.597335362 0.599443526 0.598986158 0.618898070 0.610747114 0.579450913 0.557443511 0.596294739 0.529830925 0.516724142 0.516240782 0.589456949 0.527797721 0.533213528 0.533930723 0.175516833 0.000000000 0.127951294 0.325171855 0.442033733 0.396660331 0.472147869 0.478238313 0.374609352 1.054721972 
43     0.612344394 0.594205778 0.588548205 0.644361465 0.640696376 0.674080448 0.533476305 0.551385098 0.703455148 0.627464928 0.625465409 0.571262778 0.598385565 0.649529266 0.560118093 0.562357615 0.563989940 0.629633098 0.644459939 0.650092174 0.650491841 0.621900291 0.603720563 0.606415931 0.590038837 0.579244019 0.594189074 0.596297239 0.595839870 0.615751782 0.607600826 0.576304625 0.554297223 0.593148451 0.526684637 0.513577854 0.513094495 0.586310661 0.524651434 0.530067240 0.530784435 0.174721808 0.127951294 0.000000000 0.322047183 0.438887445 0.393514043 0.469001581 0.475092025 0.371463064 1.051575684 
46     0.523176806 0.505038190 0.499380617 0.555179442 0.551514352 0.584889213 0.444285070 0.462193862 0.614263912 0.538273692 0.536274174 0.482071542 0.509194330 0.560338031 0.470926858 0.473166380 0.474798704 0.540253059 0.555079899 0.560712134 0.561111802 0.532520251 0.514340523 0.517035891 0.500658798 0.489863979 0.504809035 0.506917199 0.506459831 0.526371743 0.518220787 0.486921478 0.464914077 0.503765304 0.437301491 0.424194707 0.423711348 0.496927514 0.435268287 0.440312754 0.441029949 0.276195938 0.325171855 0.322047183 0.000000000 0.349368602 0.303965742 0.378870880 0.384961324 0.282329461 0.962068715 
44     0.564219178 0.546080562 0.540422989 0.596205367 0.592540277 0.625844268 0.485240125 0.503148918 0.655238527 0.579248307 0.577248788 0.523046157 0.550168944 0.601312645 0.511901472 0.514140994 0.515773319 0.581501915 0.596328755 0.601960990 0.602360658 0.573769107 0.555589379 0.558284747 0.541755188 0.530960370 0.545905425 0.548013590 0.547556221 0.567468133 0.559317177 0.528177555 0.506170153 0.545021381 0.478557567 0.465450784 0.464967424 0.538183591 0.476524363 0.481724149 0.482441344 0.393428643 0.442033733 0.438887445 0.349368602 0.000000000 0.180844489 0.303743848 0.309919606 0.283152335 1.003180716 
48     0.518153949 0.500015333 0.494357759 0.550140137 0.546475048 0.579779039 0.439174896 0.457083688 0.609173298 0.533183077 0.531183559 0.476980928 0.504103715 0.555247416 0.465836243 0.468075765 0.469708090 0.535436686 0.550263526 0.555895761 0.556295428 0.527703878 0.509524150 0.512219518 0.495689959 0.484895140 0.499840196 0.501948360 0.501490992 0.521402904 0.513251948 0.482112325 0.460104924 0.498956151 0.432492338 0.419385555 0.418902195 0.492118362 0.430459134 0.435753718 0.436470913 0.348055241 0.396660331 0.393514043 0.303965742 0.180844489 0.000000000 0.255385886 0.261488421 0.234732582 0.957167611 
45     0.593664483 0.575525867 0.569868293 0.625650672 0.621985582 0.655289573 0.514685430 0.532594223 0.684683832 0.608693612 0.606694093 0.552491462 0.579614249 0.630757950 0.541346777 0.543586299 0.545218624 0.610947220 0.625774060 0.631406295 0.631805963 0.603214412 0.585034684 0.587730052 0.571200493 0.560405675 0.575350730 0.577458894 0.577001526 0.596913438 0.588762482 0.557622860 0.535615458 0.574466686 0.508002872 0.494896089 0.494412729 0.567628896 0.505969668 0.511381566 0.512098761 0.423534124 0.472147869 0.469001581 0.378870880 0.303743848 0.255385886 0.000000000 0.080803370 0.311060299 1.032695227 
49     0.599761791 0.581623175 0.575965602 0.631747980 0.628082890 0.661386881 0.520782738 0.538691531 0.690781140 0.614790920 0.612791401 0.558588770 0.585711557 0.636855259 0.547444085 0.549683608 0.551315932 0.617044528 0.631871368 0.637503604 0.637903271 0.609311721 0.591131992 0.593827361 0.577297801 0.566502983 0.581448038 0.583556203 0.583098834 0.603010746 0.594859790 0.563720168 0.541712767 0.580563994 0.514100180 0.500993397 0.500510038 0.573726204 0.512066977 0.517478875 0.518196070 0.429624568 0.478238313 0.475092025 0.384961324 0.309919606 0.261488421 0.080803370 0.000000000 0.317122769 1.038792535 
50     0.499126467 0.480987851 0.475330277 0.531155103 0.527490014 0.560803922 0.420199779 0.438108572 0.590198181 0.514207961 0.512208442 0.458005811 0.485128598 0.536272300 0.446861126 0.449100648 0.450732973 0.516395908 0.531222748 0.536854983 0.537254650 0.508663100 0.490483372 0.493178740 0.476590779 0.465795960 0.480741016 0.482849180 0.482391812 0.502303724 0.494152768 0.463094887 0.441087485 0.479938713 0.413474899 0.400368116 0.399884756 0.473100923 0.411441695 0.416475549 0.417192744 0.326859366 0.374609352 0.371463064 0.282329461 0.283152335 0.234732582 0.311060299 0.317122769 0.000000000 0.938247874 
0     1.019682866 1.001544249 0.995886676 1.051805938 1.048678342 1.082924813 0.942337165 0.960249827 1.112276937 1.036322994 1.034321254 0.980118622 1.007229905 1.058387333 0.968953609 0.971193131 0.972825456 1.038709576 1.053536417 1.059168652 1.059568319 1.030976769 1.012904525 1.015599893 1.000861621 0.990066803 1.005011858 1.007120022 1.006662654 1.026574566 1.018522734 0.985495945 0.963488544 1.002286642 0.935856527 0.922749744 0.922266384 0.995970128 0.934047646 1.003787540 1.004504735 1.006507187 1.054721972 1.051575684 0.962068715 1.003180716 0.957167611 1.032695227 1.038792535 0.938247874 0.000000000 
