51
10     0.000000000 0.089186185 0.249919147 0.252299665 0.257763141 0.243549601 0.280431264 0.267976012 0.255120068 0.338624100 0.295585336 0.291312299 0.287659370 0.300756857 0.301494724 0.322483354 0.316125726 0.311608005 0.354229290 0.355121210 0.436754097 0.435972570 0.442394500 0.442362965 0.472035276 0.427647589 0.427152408 0.426323257 0.426851906 0.422457545 0.415884046 0.433222858 0.393073880 0.392977657 0.418932823 0.412979971 0.413310778 0.430476828 0.427197131 0.446111391 0.420975560 0.423369076 0.424684159 0.424009341 0.423433728 0.429037523 0.422755213 0.418726240 0.444963800 0.385849955 0.697472734 
17     0.089186185 0.000000000 0.253837272 0.256136909 0.262142337 0.246335427 0.283302301 0.270373595 0.259526140 0.341519727 0.299371445 0.294843397 0.290328371 0.301482083 0.301753601 0.323396647 0.316754775 0.314315000 0.356709481 0.357996261 0.436271966 0.435603435 0.442031744 0.441925439 0.470918186 0.426734339 0.426239158 0.425331523 0.425781988 0.422161359 0.415148503 0.432133293 0.392179596 0.391836937 0.418628865 0.412881107 0.413208846 0.431126173 0.427760211 0.447628159 0.422437394 0.424517612 0.424844617 0.423558268 0.422957479 0.429790780 0.420993693 0.418833174 0.444146954 0.386876885 0.697797661 
4     0.249919147 0.253837272 0.000000000 0.086360884 0.117771694 0.105462820 0.240506771 0.298853428 0.282997610 0.368893262 0.322497348 0.318289778 0.317980351 0.328703698 0.329225964 0.351764334 0.345128270 0.345902840 0.384123347 0.385157595 0.463084883 0.463088467 0.467132212 0.468216798 0.496470864 0.452350022 0.451878062 0.451136839 0.451489735 0.447745252 0.439523649 0.458994389 0.417731800 0.417565633 0.444918733 0.438716636 0.439045659 0.453478057 0.451174428 0.466900437 0.446144045 0.448013178 0.449663031 0.445978942 0.445115497 0.453217973 0.447591823 0.442708871 0.467980671 0.410142414 0.720171118 
6     0.252299665 0.256136909 0.086360884 0.000000000 0.121175139 0.107743324 0.244180260 0.301276094 0.285960951 0.372624186 0.326968033 0.322527277 0.321129883 0.332110172 0.332385820 0.355666047 0.349032105 0.348629973 0.387774553 0.389010178 0.467302146 0.467310251 0.471360019 0.472384989 0.501346103 0.457026089 0.456605059 0.455735136 0.456032768 0.452165107 0.443563358 0.462621206 0.421833495 0.421667328 0.449585078 0.443360811 0.443689834 0.458611162 0.455907808 0.472016962 0.450504882 0.452347669 0.454975345 0.451353317 0.450447334 0.458739698 0.452177298 0.446987024 0.472641770 0.413840052 0.724196011 
3     0.257763141 0.262142337 0.117771694 0.121175139 0.000000000 0.107422353 0.250457401 0.307676827 0.293253488 0.375508684 0.331409650 0.326965250 0.326538994 0.338170022 0.338652411 0.361792622 0.355200002 0.354508538 0.392394240 0.393461021 0.473152692 0.472857577 0.478612258 0.479507097 0.507219584 0.463320381 0.462848421 0.462048327 0.462401222 0.458674111 0.450291437 0.468529010 0.428189010 0.428022843 0.455689264 0.449509699 0.449838722 0.464008136 0.461213827 0.477763324 0.455970172 0.457770583 0.460982550 0.456790869 0.456030827 0.463445997 0.458631223 0.454196240 0.478839201 0.420198663 0.729694975 
1     0.243549601 0.246335427 0.105462820 0.107743324 0.107422353 0.000000000 0.235526316 0.291153141 0.276819786 0.361763436 0.316649270 0.312122562 0.309816560 0.323031548 0.323956186 0.346371291 0.339465256 0.338217528 0.374010447 0.374979044 0.460565085 0.460182643 0.465505679 0.466245937 0.493682051 0.451019514 0.450530681 0.449741459 0.450084567 0.444895848 0.437267841 0.456280123 0.415311242 0.415145075 0.442710747 0.436512162 0.436841185 0.452612940 0.449895503 0.466212177 0.444017689 0.446382518 0.448206886 0.445041918 0.444087616 0.451972098 0.444618615 0.441395228 0.466580607 0.407244316 0.715832458 
19     0.280431264 0.283302301 0.240506771 0.244180260 0.250457401 0.235526316 0.000000000 0.327915227 0.314226935 0.399491155 0.353577914 0.349711810 0.348593864 0.357732824 0.358671751 0.381110337 0.374542801 0.373964728 0.409028819 0.409802648 0.488659022 0.488095255 0.493828944 0.495906003 0.523918622 0.478858300 0.478363185 0.477549332 0.477997135 0.472433156 0.464049250 0.483412784 0.441931375 0.441710788 0.470184253 0.463484435 0.463647499 0.480295859 0.477765470 0.494539297 0.472597222 0.475178387 0.475464146 0.473680409 0.473192001 0.480833319 0.474153393 0.470314837 0.495269307 0.438149322 0.745164349 
2     0.267976012 0.270373595 0.298853428 0.301276094 0.307676827 0.291153141 0.327915227 0.000000000 0.177847797 0.383041672 0.341345491 0.336322563 0.332541847 0.342037215 0.342642283 0.365981503 0.359478590 0.356996527 0.398612891 0.399339371 0.484634981 0.484297260 0.488884194 0.488913025 0.517504124 0.474373735 0.473901774 0.473152305 0.473518316 0.467807990 0.461105933 0.477303775 0.437462298 0.437279998 0.464926847 0.459115708 0.459476631 0.475697844 0.472664086 0.488576008 0.467917657 0.470919463 0.471553343 0.467226601 0.466755561 0.475149711 0.469187577 0.465301612 0.490683959 0.432007714 0.735026482 
15     0.255120068 0.259526140 0.282997610 0.285960951 0.293253488 0.276819786 0.314226935 0.177847797 0.000000000 0.371449894 0.328104070 0.323740893 0.320005857 0.332935080 0.332380454 0.355242112 0.348815156 0.344620159 0.386792771 0.387184388 0.467365703 0.466669340 0.471147336 0.471400385 0.499692415 0.456708301 0.456236341 0.455378438 0.455739242 0.449657405 0.442947988 0.459438932 0.419995251 0.419822560 0.445891958 0.440411589 0.440819000 0.456032171 0.452471030 0.469290400 0.447021762 0.449963522 0.453820043 0.450176868 0.449705828 0.457272144 0.455954463 0.446874935 0.473036929 0.415595403 0.718486691 
11     0.338624100 0.341519727 0.368893262 0.372624186 0.375508684 0.361763436 0.399491155 0.383041672 0.371449894 0.000000000 0.281260430 0.275768661 0.268343001 0.363484649 0.363113754 0.384308211 0.378397477 0.374065604 0.412476487 0.415874222 0.500884278 0.500380318 0.506255014 0.506759450 0.535258851 0.493618846 0.493237795 0.492378487 0.492729539 0.485081492 0.478179174 0.497608820 0.456632163 0.456402912 0.482679804 0.476896157 0.477317977 0.495836467 0.492213337 0.508149589 0.485219518 0.487558928 0.487214968 0.488182353 0.487711345 0.495204588 0.484404438 0.476279813 0.508035319 0.440522707 0.750653774 
13     0.295585336 0.299371445 0.322497348 0.326968033 0.331409650 0.316649270 0.353577914 0.341345491 0.328104070 0.281260430 0.000000000 0.052511189 0.177645823 0.320313162 0.319735613 0.341065500 0.334947399 0.331712771 0.370230101 0.374582091 0.451969847 0.451326618 0.459624363 0.460665038 0.486633200 0.447959137 0.447487176 0.446446364 0.446470785 0.437621881 0.432147824 0.448507444 0.408249219 0.408009806 0.436610953 0.430000829 0.430328052 0.446220151 0.442215596 0.460626088 0.436969732 0.438621715 0.438569729 0.441424969 0.440933582 0.448393322 0.440876048 0.433086039 0.462533545 0.401960213 0.707047872 
18     0.291312299 0.294843397 0.318289778 0.322527277 0.326965250 0.312122562 0.349711810 0.336322563 0.323740893 0.275768661 0.052511189 0.000000000 0.171568614 0.314880489 0.314466990 0.335518166 0.329400065 0.325854674 0.366191833 0.370613284 0.450039684 0.449396456 0.457651788 0.458765943 0.485598552 0.445712397 0.445240436 0.444284577 0.444804309 0.436859041 0.430079334 0.446787000 0.406581337 0.406352086 0.434937933 0.428327809 0.428655032 0.444089163 0.440575120 0.458471918 0.434999249 0.436590527 0.436778712 0.439695404 0.439204018 0.446735395 0.440067614 0.430276511 0.460299609 0.398782017 0.702918059 
8     0.287659370 0.290328371 0.317980351 0.321129883 0.326538994 0.309816560 0.348593864 0.332541847 0.320005857 0.268343001 0.177645823 0.171568614 0.000000000 0.311858028 0.311693711 0.332664890 0.326729815 0.321758153 0.362085894 0.365452667 0.447628512 0.447437306 0.454708911 0.455627926 0.484812663 0.441401815 0.440929855 0.440000979 0.440362725 0.431132735 0.424824620 0.444556121 0.403616384 0.403403266 0.430367831 0.423894874 0.424236514 0.437902002 0.434865450 0.453206416 0.430066428 0.433178070 0.433448345 0.435339415 0.434728936 0.442107790 0.435224688 0.424977642 0.455961728 0.394692326 0.703902637 
9     0.300756857 0.301482083 0.328703698 0.332110172 0.338170022 0.323031548 0.357732824 0.342037215 0.332935080 0.363484649 0.320313162 0.314880489 0.311858028 0.000000000 0.091587248 0.168225523 0.161339926 0.326969254 0.364837536 0.366694653 0.460535008 0.459869212 0.470129223 0.471173466 0.499430021 0.457008874 0.456536914 0.455796464 0.455432724 0.447758275 0.441259695 0.456818627 0.419731012 0.419596632 0.444324490 0.439145151 0.439485118 0.458379645 0.454071065 0.469880498 0.447721279 0.450270672 0.453532940 0.451700608 0.451141280 0.457165425 0.447763285 0.445305329 0.470035918 0.413024450 0.716398489 
5     0.301494724 0.301753601 0.329225964 0.332385820 0.338652411 0.323956186 0.358671751 0.342642283 0.332380454 0.363113754 0.319735613 0.314466990 0.311693711 0.091587248 0.000000000 0.172636033 0.165967660 0.326827225 0.364422097 0.366143240 0.459845212 0.459163846 0.468826524 0.470089387 0.498454268 0.455963560 0.455508601 0.454045605 0.454380694 0.447226238 0.439862288 0.455777491 0.418646968 0.418579067 0.444381180 0.439191544 0.439525838 0.459327936 0.455209183 0.470402775 0.448809183 0.451298376 0.453068801 0.451044920 0.450485592 0.456196457 0.446753009 0.444402087 0.470490230 0.414285824 0.714255044 
16     0.322483354 0.323396647 0.351764334 0.355666047 0.361792622 0.346371291 0.381110337 0.365981503 0.355242112 0.384308211 0.341065500 0.335518166 0.332664890 0.168225523 0.172636033 0.000000000 0.057706062 0.348022651 0.385519742 0.387709380 0.483011723 0.482425127 0.491914146 0.492825306 0.521187215 0.476753959 0.476084087 0.475237000 0.475558593 0.467579213 0.460479830 0.477670440 0.439715507 0.439487638 0.467889316 0.462736611 0.463070932 0.480302032 0.476307834 0.491979274 0.469529019 0.472200275 0.473464351 0.472846319 0.472275316 0.479034482 0.469147159 0.466557609 0.494239188 0.435109459 0.736037504 
14     0.316125726 0.316754775 0.345128270 0.349032105 0.355200002 0.339465256 0.374542801 0.359478590 0.348815156 0.378397477 0.334947399 0.329400065 0.326729815 0.161339926 0.165967660 0.057706062 0.000000000 0.341417197 0.379107876 0.381297513 0.476061971 0.475430614 0.484926921 0.485838081 0.514196224 0.470064668 0.469416990 0.468398844 0.468720438 0.460706466 0.453576218 0.470850625 0.433099019 0.432871150 0.460699095 0.455548837 0.455883158 0.473358316 0.469752818 0.485138391 0.462612860 0.465229271 0.466468427 0.466077488 0.465506485 0.472470765 0.462372327 0.459880963 0.487126026 0.428548741 0.729412932 
20     0.311608005 0.314315000 0.345902840 0.348629973 0.354508538 0.338217528 0.373964728 0.356996527 0.344620159 0.374065604 0.331712771 0.325854674 0.321758153 0.326969254 0.326827225 0.348022651 0.341417197 0.000000000 0.326401626 0.329365699 0.471979568 0.471390044 0.477948140 0.478605898 0.508701891 0.463999605 0.463549496 0.461773250 0.462106516 0.457515402 0.450446303 0.465300258 0.428981365 0.428645017 0.455461055 0.450001025 0.450335319 0.468409160 0.464540374 0.479163249 0.457220768 0.459397039 0.458733644 0.460084527 0.459634474 0.464994996 0.455320596 0.453681437 0.479714937 0.423240950 0.728346448 
12     0.354229290 0.356709481 0.384123347 0.387774553 0.392394240 0.374010447 0.409028819 0.398612891 0.386792771 0.412476487 0.370230101 0.366191833 0.362085894 0.364837536 0.364422097 0.385519742 0.379107876 0.326401626 0.000000000 0.085858591 0.512683864 0.512002420 0.517159641 0.517108909 0.549157799 0.504222092 0.503687117 0.502940285 0.503261879 0.496541221 0.489688907 0.504721083 0.469570808 0.469329663 0.492767102 0.487660117 0.488040520 0.506069613 0.501031682 0.517601899 0.495786787 0.498793312 0.497969008 0.497729238 0.497274898 0.506031880 0.497530599 0.493494610 0.519487805 0.463670509 0.765021320 
7     0.355121210 0.357996261 0.385157595 0.389010178 0.393461021 0.374979044 0.409802648 0.399339371 0.387184388 0.415874222 0.374582091 0.370613284 0.365452667 0.366694653 0.366143240 0.387709380 0.381297513 0.329365699 0.085858591 0.000000000 0.515620770 0.514939327 0.521191998 0.521214270 0.552039918 0.507425904 0.506890928 0.506027298 0.506348892 0.499755333 0.493011988 0.507780638 0.472857984 0.472619333 0.496466571 0.491360397 0.491740800 0.509407635 0.504581541 0.520858326 0.498834676 0.502267944 0.501456546 0.501205061 0.500648720 0.509482708 0.500333149 0.496343608 0.522413794 0.466284870 0.767884168 
40     0.436754097 0.436271966 0.463084883 0.467302146 0.473152692 0.460565085 0.488659022 0.484634981 0.467365703 0.500884278 0.451969847 0.450039684 0.447628512 0.460535008 0.459845212 0.483011723 0.476061971 0.471979568 0.512683864 0.515620770 0.000000000 0.063707433 0.257552074 0.263239075 0.354406562 0.320874847 0.320264877 0.320890182 0.321051911 0.309522032 0.303836573 0.323075265 0.287529872 0.287225577 0.307793370 0.300142299 0.300142828 0.340524543 0.338870550 0.359473456 0.329214513 0.336798475 0.327705451 0.329092088 0.329574728 0.336468712 0.332213543 0.327299278 0.356817102 0.381753714 0.768241311 
32     0.435972570 0.435603435 0.463088467 0.467310251 0.472857577 0.460182643 0.488095255 0.484297260 0.466669340 0.500380318 0.451326618 0.449396456 0.447437306 0.459869212 0.459163846 0.482425127 0.475430614 0.471390044 0.512002420 0.514939327 0.063707433 0.000000000 0.256451136 0.262180029 0.353641198 0.320581870 0.319971901 0.320604817 0.320583692 0.308917022 0.303413911 0.322767397 0.287221014 0.286916719 0.307128914 0.299555264 0.299555792 0.339722232 0.337987311 0.358706657 0.328461389 0.335717157 0.326869073 0.328200144 0.328684571 0.335576769 0.331379559 0.326647893 0.356290373 0.380998606 0.767755574 
21     0.442394500 0.442031744 0.467132212 0.471360019 0.478612258 0.465505679 0.493828944 0.488884194 0.471147336 0.506255014 0.459624363 0.457651788 0.454708911 0.470129223 0.468826524 0.491914146 0.484926921 0.477948140 0.517159641 0.521191998 0.257552074 0.256451136 0.000000000 0.117781925 0.356914336 0.323800001 0.323472567 0.322674670 0.322673017 0.312776362 0.309734621 0.329278123 0.292865982 0.292558001 0.311266767 0.303645270 0.303381069 0.346896491 0.343985323 0.362181384 0.334178655 0.341774490 0.330590574 0.332380715 0.332785935 0.339177283 0.335347772 0.329084864 0.360682368 0.388463208 0.774910205 
24     0.442362965 0.441925439 0.468216798 0.472384989 0.479507097 0.466245937 0.495906003 0.488913025 0.471400385 0.506759450 0.460665038 0.458765943 0.455627926 0.471173466 0.470089387 0.492825306 0.485838081 0.478605898 0.517108909 0.521214270 0.263239075 0.262180029 0.117781925 0.000000000 0.362202291 0.327319622 0.326982437 0.326320507 0.326121711 0.318271256 0.314216540 0.334003392 0.297467105 0.297159124 0.315920183 0.308710872 0.308214067 0.350977917 0.347840122 0.366590477 0.338267951 0.345988044 0.334155350 0.336748322 0.337108030 0.343082097 0.340030286 0.334067360 0.365876079 0.391960618 0.777105884 
42     0.472035276 0.470918186 0.496470864 0.501346103 0.507219584 0.493682051 0.523918622 0.517504124 0.499692415 0.535258851 0.486633200 0.485598552 0.484812663 0.499430021 0.498454268 0.521187215 0.514196224 0.508701891 0.549157799 0.552039918 0.354406562 0.353641198 0.356914336 0.362202291 0.000000000 0.356356298 0.356087441 0.354621012 0.354731320 0.344179850 0.340405272 0.359554693 0.325137244 0.324676420 0.342575965 0.336984706 0.336800427 0.374336036 0.371707513 0.393098574 0.362545221 0.368549589 0.359601877 0.359558217 0.360165092 0.365134050 0.364439001 0.364985737 0.392337822 0.416260065 0.800247617 
25     0.427647589 0.426734339 0.452350022 0.457026089 0.463320381 0.451019514 0.478858300 0.474373735 0.456708301 0.493618846 0.447959137 0.445712397 0.441401815 0.457008874 0.455963560 0.476753959 0.470064668 0.463999605 0.504222092 0.507425904 0.320874847 0.320581870 0.323800001 0.327319622 0.356356298 0.000000000 0.045536788 0.091075975 0.089802500 0.259515317 0.250157883 0.271795168 0.234486341 0.234547190 0.279083660 0.273876796 0.274737663 0.331093818 0.328707301 0.346951915 0.317922752 0.325174474 0.318046038 0.317698817 0.318221070 0.325518992 0.323390473 0.319906437 0.349305343 0.375432426 0.762706543 
23     0.427152408 0.426239158 0.451878062 0.456605059 0.462848421 0.450530681 0.478363185 0.473901774 0.456236341 0.493237795 0.447487176 0.445240436 0.440929855 0.456536914 0.455508601 0.476084087 0.469416990 0.463549496 0.503687117 0.506890928 0.320264877 0.319971901 0.323472567 0.326982437 0.356087441 0.045536788 0.000000000 0.092382873 0.092682775 0.259220995 0.250121029 0.271655423 0.234414097 0.234396219 0.278862351 0.273637233 0.274427411 0.330803723 0.328419585 0.346664200 0.317682687 0.324886139 0.317611989 0.317198025 0.317719669 0.325058109 0.322784378 0.319583180 0.349058815 0.375251846 0.762325493 
41     0.426323257 0.425331523 0.451136839 0.455735136 0.462048327 0.449741459 0.477549332 0.473152305 0.455378438 0.492378487 0.446446364 0.444284577 0.440000979 0.455796464 0.454045605 0.475237000 0.468398844 0.461773250 0.502940285 0.506027298 0.320890182 0.320604817 0.322674670 0.326320507 0.354621012 0.091075975 0.092382873 0.000000000 0.053543973 0.257379315 0.248989306 0.269916460 0.233879929 0.233964957 0.277149938 0.272056887 0.272876895 0.329520661 0.327058225 0.345818225 0.316429636 0.323705087 0.316893909 0.316316413 0.316838459 0.324132187 0.322173264 0.318279879 0.347605346 0.374018886 0.760905294 
38     0.426851906 0.425781988 0.451489735 0.456032768 0.462401222 0.450084567 0.477997135 0.473518316 0.455739242 0.492729539 0.446470785 0.444804309 0.440362725 0.455432724 0.454380694 0.475558593 0.468720438 0.462106516 0.503261879 0.506348892 0.321051911 0.320583692 0.322673017 0.326121711 0.354731320 0.089802500 0.092682775 0.053543973 0.000000000 0.257191875 0.249496679 0.270451448 0.233918499 0.233911782 0.277277647 0.272201859 0.273021868 0.329974494 0.327507711 0.346257443 0.317056095 0.324328869 0.316808728 0.316104317 0.316626363 0.323892285 0.321883066 0.318170876 0.347544135 0.374172441 0.760327887 
48     0.422457545 0.422161359 0.447745252 0.452165107 0.458674111 0.444895848 0.472433156 0.467807990 0.449657405 0.485081492 0.437621881 0.436859041 0.431132735 0.447758275 0.447226238 0.467579213 0.460706466 0.457515402 0.496541221 0.499755333 0.309522032 0.308917022 0.312776362 0.318271256 0.344179850 0.259515317 0.259220995 0.257379315 0.257191875 0.000000000 0.220890700 0.244395776 0.206052266 0.205826276 0.267648536 0.262131638 0.263095837 0.321474566 0.319195627 0.339328736 0.307948219 0.314783551 0.308168675 0.310403755 0.311113016 0.317599005 0.314022158 0.310042536 0.342742552 0.364957509 0.754041354 
33     0.415884046 0.415148503 0.439523649 0.443563358 0.450291437 0.437267841 0.464049250 0.461105933 0.442947988 0.478179174 0.432147824 0.430079334 0.424824620 0.441259695 0.439862288 0.460479830 0.453576218 0.450446303 0.489688907 0.493011988 0.303836573 0.303413911 0.309734621 0.314216540 0.340405272 0.250157883 0.250121029 0.248989306 0.249496679 0.220890700 0.000000000 0.221846597 0.180064553 0.180099226 0.264926395 0.258839905 0.259886430 0.318082074 0.315944708 0.333384649 0.303704095 0.309097385 0.302439090 0.305321920 0.305904649 0.311844949 0.309897965 0.306652315 0.335940524 0.358283229 0.748345511 
35     0.433222858 0.432133293 0.458994389 0.462621206 0.468529010 0.456280123 0.483412784 0.477303775 0.459438932 0.497608820 0.448507444 0.446787000 0.444556121 0.456818627 0.455777491 0.477670440 0.470850625 0.465300258 0.504721083 0.507780638 0.323075265 0.322767397 0.329278123 0.334003392 0.359554693 0.271795168 0.271655423 0.269916460 0.270451448 0.244395776 0.221846597 0.000000000 0.150690819 0.150712571 0.283277116 0.277396328 0.278322683 0.338749323 0.336407757 0.355446164 0.325218778 0.332140447 0.323906704 0.326381630 0.326825505 0.332647676 0.329000422 0.322834076 0.354154223 0.377325515 0.764807051 
39     0.393073880 0.392179596 0.417731800 0.421833495 0.428189010 0.415311242 0.441931375 0.437462298 0.419995251 0.456632163 0.408249219 0.406581337 0.403616384 0.419731012 0.418646968 0.439715507 0.433099019 0.428981365 0.469570808 0.472857984 0.287529872 0.287221014 0.292865982 0.297467105 0.325137244 0.234486341 0.234414097 0.233879929 0.233918499 0.206052266 0.180064553 0.150690819 0.000000000 0.027790064 0.245559367 0.239384830 0.240307299 0.303896784 0.301738712 0.319693791 0.290171435 0.296516298 0.288055225 0.290803071 0.291444967 0.297709327 0.293216513 0.288450270 0.319821449 0.341282099 0.726714572 
46     0.392977657 0.391836937 0.417565633 0.421667328 0.428022843 0.415145075 0.441710788 0.437279998 0.419822560 0.456402912 0.408009806 0.406352086 0.403403266 0.419596632 0.418579067 0.439487638 0.432871150 0.428645017 0.469329663 0.472619333 0.287225577 0.286916719 0.292558001 0.297159124 0.324676420 0.234547190 0.234396219 0.233964957 0.233911782 0.205826276 0.180099226 0.150712571 0.027790064 0.000000000 0.245577635 0.239331589 0.240254058 0.304027263 0.301869191 0.319643043 0.289691138 0.296550086 0.288712683 0.290987735 0.291629630 0.297891131 0.293459595 0.288658730 0.320031976 0.341097473 0.726608574 
29     0.418932823 0.418628865 0.444918733 0.449585078 0.455689264 0.442710747 0.470184253 0.464926847 0.445891958 0.482679804 0.436610953 0.434937933 0.430367831 0.444324490 0.444381180 0.467889316 0.460699095 0.455461055 0.492767102 0.496466571 0.307793370 0.307128914 0.311266767 0.315920183 0.342575965 0.279083660 0.278862351 0.277149938 0.277277647 0.267648536 0.264926395 0.283277116 0.245559367 0.245577635 0.000000000 0.065044684 0.065629620 0.318424605 0.315611912 0.335971242 0.305856490 0.315230050 0.304897150 0.307367194 0.307949923 0.314887997 0.312996337 0.308940637 0.338611211 0.363383968 0.742127172 
43     0.412979971 0.412881107 0.438716636 0.443360811 0.449509699 0.436512162 0.463484435 0.459115708 0.440411589 0.476896157 0.430000829 0.428327809 0.423894874 0.439145151 0.439191544 0.462736611 0.455548837 0.450001025 0.487660117 0.491360397 0.300142299 0.299555264 0.303645270 0.308710872 0.336984706 0.273876796 0.273637233 0.272056887 0.272201859 0.262131638 0.258839905 0.277396328 0.239384830 0.239331589 0.065044684 0.000000000 0.040284392 0.312991618 0.310851293 0.330787507 0.300946788 0.310003986 0.299171260 0.301287527 0.302064184 0.309050413 0.307432493 0.303894867 0.333489588 0.357611656 0.734602045 
47     0.413310778 0.413208846 0.439045659 0.443689834 0.449838722 0.436841185 0.463647499 0.459476631 0.440819000 0.477317977 0.430328052 0.428655032 0.424236514 0.439485118 0.439525838 0.463070932 0.455883158 0.450335319 0.488040520 0.491740800 0.300142828 0.299555792 0.303381069 0.308214067 0.336800427 0.274737663 0.274427411 0.272876895 0.273021868 0.263095837 0.259886430 0.278322683 0.240307299 0.240254058 0.065629620 0.040284392 0.000000000 0.312701626 0.310474980 0.330262774 0.300712136 0.309778140 0.298880314 0.300961414 0.301738072 0.308743970 0.307221915 0.303760225 0.333278537 0.358246189 0.735007916 
31     0.430476828 0.431126173 0.453478057 0.458611162 0.464008136 0.452612940 0.480295859 0.475697844 0.456032171 0.495836467 0.446220151 0.444089163 0.437902002 0.458379645 0.459327936 0.480302032 0.473358316 0.468409160 0.506069613 0.509407635 0.340524543 0.339722232 0.346896491 0.350977917 0.374336036 0.331093818 0.330803723 0.329520661 0.329974494 0.321474566 0.318082074 0.338749323 0.303896784 0.304027263 0.318424605 0.312991618 0.312701626 0.000000000 0.089091937 0.216499913 0.207491899 0.216936468 0.270567065 0.275504610 0.276036275 0.282208537 0.305914085 0.305272178 0.331089107 0.379646375 0.769553569 
22     0.427197131 0.427760211 0.451174428 0.455907808 0.461213827 0.449895503 0.477765470 0.472664086 0.452471030 0.492213337 0.442215596 0.440575120 0.434865450 0.454071065 0.455209183 0.476307834 0.469752818 0.464540374 0.501031682 0.504581541 0.338870550 0.337987311 0.343985323 0.347840122 0.371707513 0.328707301 0.328419585 0.327058225 0.327507711 0.319195627 0.315944708 0.336407757 0.301738712 0.301869191 0.315611912 0.310851293 0.310474980 0.089091937 0.000000000 0.214901966 0.204008863 0.213792812 0.268537304 0.273463944 0.273865138 0.280218403 0.303589235 0.303063361 0.329438366 0.377278683 0.767834615 
45     0.446111391 0.447628159 0.466900437 0.472016962 0.477763324 0.466212177 0.494539297 0.488576008 0.469290400 0.508149589 0.460626088 0.458471918 0.453206416 0.469880498 0.470402775 0.491979274 0.485138391 0.479163249 0.517601899 0.520858326 0.359473456 0.358706657 0.362181384 0.366590477 0.393098574 0.346951915 0.346664200 0.345818225 0.346257443 0.339328736 0.333384649 0.355446164 0.319693791 0.319643043 0.335971242 0.330787507 0.330262774 0.216499913 0.214901966 0.000000000 0.225205818 0.235655159 0.291819449 0.296612289 0.297199770 0.303336038 0.324942985 0.323081686 0.348669530 0.395474599 0.779826909 
36     0.420975560 0.422437394 0.446144045 0.450504882 0.455970172 0.444017689 0.472597222 0.467917657 0.447021762 0.485219518 0.436969732 0.434999249 0.430066428 0.447721279 0.448809183 0.469529019 0.462612860 0.457220768 0.495786787 0.498834676 0.329214513 0.328461389 0.334178655 0.338267951 0.362545221 0.317922752 0.317682687 0.316429636 0.317056095 0.307948219 0.303704095 0.325218778 0.290171435 0.289691138 0.305856490 0.300946788 0.300712136 0.207491899 0.204008863 0.225205818 0.000000000 0.116931248 0.258661426 0.260640362 0.261195796 0.268389162 0.292298301 0.291940804 0.317759291 0.367947491 0.757469251 
34     0.423369076 0.424517612 0.448013178 0.452347669 0.457770583 0.446382518 0.475178387 0.470919463 0.449963522 0.487558928 0.438621715 0.436590527 0.433178070 0.450270672 0.451298376 0.472200275 0.465229271 0.459397039 0.498793312 0.502267944 0.336798475 0.335717157 0.341774490 0.345988044 0.368549589 0.325174474 0.324886139 0.323705087 0.324328869 0.314783551 0.309097385 0.332140447 0.296516298 0.296550086 0.315230050 0.310003986 0.309778140 0.216936468 0.213792812 0.235655159 0.116931248 0.000000000 0.267875761 0.269942361 0.270490017 0.277792099 0.300027794 0.300389234 0.324649316 0.372516423 0.758305294 
26     0.424684159 0.424844617 0.449663031 0.454975345 0.460982550 0.448206886 0.475464146 0.471553343 0.453820043 0.487214968 0.438569729 0.436778712 0.433448345 0.453532940 0.453068801 0.473464351 0.466468427 0.458733644 0.497969008 0.501456546 0.327705451 0.326869073 0.330590574 0.334155350 0.359601877 0.318046038 0.317611989 0.316893909 0.316808728 0.308168675 0.302439090 0.323906704 0.288055225 0.288712683 0.304897150 0.299171260 0.298880314 0.270567065 0.268537304 0.291819449 0.258661426 0.267875761 0.000000000 0.215443968 0.216431487 0.222188941 0.288027752 0.290219824 0.312494908 0.367562259 0.758911825 
37     0.424009341 0.423558268 0.445978942 0.451353317 0.456790869 0.445041918 0.473680409 0.467226601 0.450176868 0.488182353 0.441424969 0.439695404 0.435339415 0.451700608 0.451044920 0.472846319 0.466077488 0.460084527 0.497729238 0.501205061 0.329092088 0.328200144 0.332380715 0.336748322 0.359558217 0.317698817 0.317198025 0.316316413 0.316104317 0.310403755 0.305321920 0.326381630 0.290803071 0.290987735 0.307367194 0.301287527 0.300961414 0.275504610 0.273463944 0.296612289 0.260640362 0.269942361 0.215443968 0.000000000 0.045113529 0.122606067 0.291365280 0.291734212 0.315902917 0.368350196 0.756650851 
50     0.423433728 0.422957479 0.445115497 0.450447334 0.456030827 0.444087616 0.473192001 0.466755561 0.449705828 0.487711345 0.440933582 0.439204018 0.434728936 0.451141280 0.450485592 0.472275316 0.465506485 0.459634474 0.497274898 0.500648720 0.329574728 0.328684571 0.332785935 0.337108030 0.360165092 0.318221070 0.317719669 0.316838459 0.316626363 0.311113016 0.305904649 0.326825505 0.291444967 0.291629630 0.307949923 0.302064184 0.301738072 0.276036275 0.273865138 0.297199770 0.261195796 0.270490017 0.216431487 0.045113529 0.000000000 0.124274117 0.291968647 0.292340612 0.316629698 0.368904915 0.756500330 
30     0.429037523 0.429790780 0.453217973 0.458739698 0.463445997 0.451972098 0.480833319 0.475149711 0.457272144 0.495204588 0.448393322 0.446735395 0.442107790 0.457165425 0.456196457 0.479034482 0.472470765 0.464994996 0.506031880 0.509482708 0.336468712 0.335576769 0.339177283 0.343082097 0.365134050 0.325518992 0.325058109 0.324132187 0.323892285 0.317599005 0.311844949 0.332647676 0.297709327 0.297891131 0.314887997 0.309050413 0.308743970 0.282208537 0.280218403 0.303336038 0.268389162 0.277792099 0.222188941 0.122606067 0.124274117 0.000000000 0.297992023 0.298640655 0.321330619 0.375216491 0.763881040 
49     0.422755213 0.420993693 0.447591823 0.452177298 0.458631223 0.444618615 0.474153393 0.469187577 0.455954463 0.484404438 0.440876048 0.440067614 0.435224688 0.447763285 0.446753009 0.469147159 0.462372327 0.455320596 0.497530599 0.500333149 0.332213543 0.331379559 0.335347772 0.340030286 0.364439001 0.323390473 0.322784378 0.322173264 0.321883066 0.314022158 0.309897965 0.329000422 0.293216513 0.293459595 0.312996337 0.307432493 0.307221915 0.305914085 0.303589235 0.324942985 0.292298301 0.300027794 0.288027752 0.291365280 0.291968647 0.297992023 0.000000000 0.243184264 0.272528570 0.370694137 0.754408967 
28     0.418726240 0.418833174 0.442708871 0.446987024 0.454196240 0.441395228 0.470314837 0.465301612 0.446874935 0.476279813 0.433086039 0.430276511 0.424977642 0.445305329 0.444402087 0.466557609 0.459880963 0.453681437 0.493494610 0.496343608 0.327299278 0.326647893 0.329084864 0.334067360 0.364985737 0.319906437 0.319583180 0.318279879 0.318170876 0.310042536 0.306652315 0.322834076 0.288450270 0.288658730 0.308940637 0.303894867 0.303760225 0.305272178 0.303063361 0.323081686 0.291940804 0.300389234 0.290219824 0.291734212 0.292340612 0.298640655 0.243184264 0.000000000 0.266552456 0.362366041 0.752220498 
44     0.444963800 0.444146954 0.467980671 0.472641770 0.478839201 0.466580607 0.495269307 0.490683959 0.473036929 0.508035319 0.462533545 0.460299609 0.455961728 0.470035918 0.470490230 0.494239188 0.487126026 0.479714937 0.519487805 0.522413794 0.356817102 0.356290373 0.360682368 0.365876079 0.392337822 0.349305343 0.349058815 0.347605346 0.347544135 0.342742552 0.335940524 0.354154223 0.319821449 0.320031976 0.338611211 0.333489588 0.333278537 0.331089107 0.329438366 0.348669530 0.317759291 0.324649316 0.312494908 0.315902917 0.316629698 0.321330619 0.272528570 0.266552456 0.000000000 0.393306952 0.783116890 
27     0.385849955 0.386876885 0.410142414 0.413840052 0.420198663 0.407244316 0.438149322 0.432007714 0.415595403 0.440522707 0.401960213 0.398782017 0.394692326 0.413024450 0.414285824 0.435109459 0.428548741 0.423240950 0.463670509 0.466284870 0.381753714 0.380998606 0.388463208 0.391960618 0.416260065 0.375432426 0.375251846 0.374018886 0.374172441 0.364957509 0.358283229 0.377325515 0.341282099 0.341097473 0.363383968 0.357611656 0.358246189 0.379646375 0.377278683 0.395474599 0.367947491 0.372516423 0.367562259 0.368350196 0.368904915 0.375216491 0.370694137 0.362366041 0.393306952 0.000000000 0.707888009 
0     0.697472734 0.697797661 0.720171118 0.724196011 0.729694975 0.715832458 0.745164349 0.735026482 0.718486691 0.750653774 0.707047872 0.702918059 0.703902637 0.716398489 0.714255044 0.736037504 0.729412932 0.728346448 0.765021320 0.767884168 0.768241311 0.767755574 0.774910205 0.777105884 0.800247617 0.762706543 0.762325493 0.760905294 0.760327887 0.754041354 0.748345511 0.764807051 0.726714572 0.726608574 0.742127172 0.734602045 0.735007916 0.769553569 0.767834615 0.779826909 0.757469251 0.758305294 0.758911825 0.756650851 0.756500330 0.763881040 0.754408967 0.752220498 0.783116890 0.707888009 0.000000000 
