51
10     0.000000000 0.000000000 0.006104480 0.003748350 0.003654810 0.007635160 0.009777120 0.002512770 0.003275500 0.005651090 0.005661820 0.004809960 0.011860230 0.009804290 0.003117300 0.006506480 0.012881690 0.007999530 0.011596200 0.014104480 0.014403290 0.001964040 0.008253800 0.019748800 0.002035430 0.007201910 0.007895700 0.009071990 0.006986310 0.010037080 0.024532050 0.027178370 0.018957530 0.019280850 0.015068100 0.021459130 0.013242390 0.024789430 0.016644530 0.006731230 0.023845770 0.007972650 0.018992800 0.018340330 0.020899250 0.025325250 0.008091310 0.019318220 0.018903960 0.007424830 0.017469100 
17     0.000000000 0.000000000 0.005382720 0.003930790 0.003837250 0.007817600 0.009925210 0.010949280 0.010362460 0.009050410 0.005844260 0.004992400 0.001600160 0.010483100 0.007935490 0.014344450 0.010417420 0.006488040 0.011201700 0.013709980 0.014585730 0.015325890 0.018315880 0.019304300 0.005185430 0.015875760 0.015266810 0.016719040 0.016639870 0.004093270 0.013568670 0.008177920 0.002491410 0.001290210 0.017728440 0.019097630 0.017457190 0.018268010 0.018530220 0.015858250 0.006955960 0.009352440 0.014366090 0.007938980 0.010078640 0.024102460 0.005813020 0.023684240 0.013194370 0.002747620 0.015190810 
4     0.006104480 0.005382720 0.000000000 0.000051370 0.001642680 0.001076960 0.004789440 0.013212560 0.014554800 0.008891060 0.010164740 0.009312880 0.010135210 0.008688270 0.014384090 0.005628920 0.018159980 0.009432930 0.005958580 0.007486420 0.005433610 0.004137180 0.021754130 0.013859630 0.007956570 0.024181520 0.022584820 0.011965700 0.013888490 0.014533440 0.013301410 0.021277070 0.011229500 0.009960190 0.011949080 0.009854390 0.009982270 0.010922650 0.015509230 0.009976070 0.007742200 0.014715550 0.020429300 0.003167090 0.003959590 0.006226570 0.012261620 0.012238260 0.020792800 0.009170800 0.021639410 
6     0.003748350 0.003930790 0.000051370 0.000000000 0.000679060 0.000895350 0.006109340 0.009644200 0.011167430 0.005040020 0.007808610 0.006956750 0.009183890 0.008913100 0.005745490 0.017757960 0.017012480 0.013970760 0.008110760 0.009449390 0.007393230 0.006096800 0.014347150 0.012109350 0.012745110 0.020971880 0.021152920 0.005115840 0.006849740 0.012177310 0.020588820 0.005611470 0.013637370 0.013960690 0.010942040 0.008847350 0.008975230 0.015917270 0.020820580 0.020945220 0.008107870 0.009543890 0.025470870 0.005126710 0.005919210 0.008186190 0.014569380 0.012825990 0.024797670 0.009473030 0.022086680 
3     0.003654810 0.003837250 0.001642680 0.000679060 0.000000000 0.000603360 0.001561380 0.001161950 0.005339350 0.010297720 0.007715070 0.006863210 0.010478670 0.002484510 0.018030070 0.001434290 0.004799560 0.001933180 0.003899250 0.010669250 0.004853290 0.003556860 0.016130810 0.007439800 0.012651570 0.021336450 0.021474850 0.015261550 0.017184340 0.012083770 0.022485230 0.009488680 0.018257870 0.018581190 0.016056620 0.013961930 0.014089810 0.023767560 0.015622660 0.004385460 0.013770520 0.021591030 0.015083390 0.002586770 0.003379270 0.005646250 0.000969160 0.018296350 0.023602630 0.006730900 0.012221600 
1     0.007635160 0.007817600 0.001076960 0.000895350 0.000603360 0.000000000 0.002236640 0.005762140 0.014726940 0.009481110 0.011695420 0.005372110 0.010146330 0.005033190 0.004043700 0.002460710 0.004190700 0.004287380 0.005937730 0.013412550 0.006511150 0.005214720 0.022344180 0.011457520 0.016631920 0.021124140 0.020501090 0.003420310 0.005343100 0.016064120 0.015111290 0.021867120 0.014984820 0.015308140 0.014565150 0.012470460 0.012598340 0.003638350 0.019422170 0.009586420 0.004871600 0.025390540 0.019554190 0.004244630 0.004543690 0.007304110 0.004169000 0.019731390 0.013505680 0.008642410 0.016692400 
19     0.009777120 0.009925210 0.004789440 0.006109340 0.001561380 0.002236640 0.000000000 0.006738980 0.013913620 0.008554880 0.013629670 0.013254110 0.008735830 0.000925490 0.015917220 0.014570720 0.003240540 0.000374160 0.002340230 0.004849900 0.010374220 0.009077790 0.019054680 0.012880460 0.017890900 0.025569310 0.024563290 0.009142620 0.011065410 0.013986720 0.020620980 0.023298340 0.016544530 0.016324890 0.019857150 0.022925980 0.023554750 0.024655890 0.016828510 0.011931400 0.006045850 0.000690210 0.013524370 0.008107700 0.008900200 0.011167180 0.005996370 0.016318290 0.007396100 0.003189230 0.010662580 
2     0.002512770 0.010949280 0.013212560 0.009644200 0.001161950 0.005762140 0.006738980 0.000000000 0.002910430 0.013209350 0.024393990 0.002501990 0.009171420 0.007641120 0.004778170 0.019070510 0.009956170 0.007089790 0.009055860 0.019143700 0.014232760 0.027396080 0.006312180 0.029232000 0.018088880 0.009803630 0.009223980 0.021993630 0.018945560 0.001659370 0.027188980 0.017146280 0.015347030 0.015392780 0.025465600 0.025939010 0.026529420 0.030404080 0.024650210 0.024824850 0.005219930 0.010535880 0.018615970 0.010223360 0.019544680 0.009897880 0.006443080 0.005676440 0.004796380 0.018519700 0.004661510 
15     0.003275500 0.010362460 0.014554800 0.011167430 0.005339350 0.014726940 0.013913620 0.002910430 0.000000000 0.012046600 0.007381540 0.016515700 0.013046350 0.011797740 0.009250130 0.018502990 0.018117840 0.007802680 0.018734810 0.015159310 0.009297460 0.015744530 0.013659580 0.023712480 0.027096460 0.010259940 0.010641060 0.014301950 0.013637080 0.006433850 0.020633710 0.007134650 0.008791760 0.008837510 0.009281540 0.003826990 0.009421890 0.012912800 0.007066230 0.024238030 0.006540450 0.012688370 0.018029150 0.009061630 0.009158250 0.026347720 0.007127660 0.012925080 0.006586850 0.008980220 0.016505450 
11     0.005651090 0.009050410 0.008891060 0.005040020 0.010297720 0.009481110 0.008554880 0.013209350 0.012046600 0.000000000 0.003088360 0.003187560 0.001183290 0.005346120 0.006122630 0.007216060 0.006606280 0.007715050 0.002754750 0.003595000 0.011681820 0.018052150 0.002284980 0.022258360 0.020159690 0.007841840 0.012708100 0.023417120 0.026130110 0.028296230 0.008004020 0.020121010 0.009234240 0.009557560 0.023732780 0.010824450 0.014464640 0.021478560 0.021204210 0.011866680 0.018214040 0.021017400 0.022652740 0.007281640 0.006857710 0.017623660 0.010941630 0.007177810 0.019636740 0.013870040 0.020311270 
13     0.005661820 0.005844260 0.010164740 0.007808610 0.007715070 0.011695420 0.013629670 0.024393990 0.007381540 0.003088360 0.000000000 0.000149300 0.000604310 0.011038300 0.006263510 0.005186350 0.011561560 0.010432390 0.000604530 0.001444780 0.018463550 0.019203710 0.023315410 0.024764890 0.014665140 0.009921400 0.011146930 0.023242660 0.023275310 0.010955240 0.021361970 0.008235180 0.015169680 0.015224960 0.013642190 0.010828900 0.011647080 0.019289890 0.010223780 0.023039300 0.003743750 0.006547110 0.013001500 0.019542550 0.020335050 0.019442800 0.010568030 0.011082900 0.016909360 0.016587380 0.014749950 
18     0.004809960 0.004992400 0.009312880 0.006956750 0.006863210 0.005372110 0.013254110 0.002501990 0.016515700 0.003187560 0.000149300 0.000000000 0.004536460 0.007374040 0.006016790 0.004939630 0.007913970 0.002011450 0.015646590 0.018265260 0.017611690 0.018351850 0.010503080 0.024600140 0.013813280 0.015392610 0.014125730 0.023509240 0.023827000 0.013245480 0.021913660 0.021935710 0.017336420 0.017659740 0.009208310 0.006395020 0.007213200 0.016807660 0.017313680 0.023305880 0.003962020 0.006765380 0.015159700 0.018498020 0.019290520 0.021557500 0.010554000 0.009902630 0.021978520 0.016114980 0.000972140 
8     0.011860230 0.001600160 0.010135210 0.009183890 0.010478670 0.010146330 0.008735830 0.009171420 0.013046350 0.001183290 0.000604310 0.004536460 0.000000000 0.006712250 0.001902410 0.005901510 0.009128790 0.005729750 0.000000300 0.000840550 0.018005080 0.017588900 0.022314660 0.021031010 0.001813610 0.018267860 0.017008430 0.014688240 0.016130380 0.024700990 0.005650340 0.002381570 0.008147730 0.007713420 0.013435600 0.017894730 0.010566510 0.002552090 0.007780710 0.010311030 0.004059380 0.009301640 0.008266980 0.007666010 0.005443130 0.019678290 0.003916110 0.005648280 0.004802200 0.016381620 0.010899990 
9     0.009804290 0.010483100 0.008688270 0.008913100 0.002484510 0.005033190 0.000925490 0.007641120 0.011797740 0.005346120 0.011038300 0.007374040 0.006712250 0.000000000 0.000000030 0.001489160 0.001440210 0.001034670 0.003000740 0.003457190 0.013335710 0.018931910 0.025860770 0.008604410 0.020641730 0.017529940 0.017668340 0.019760100 0.021682890 0.026271140 0.018678720 0.018218510 0.014737310 0.005031020 0.022726890 0.022491980 0.020294570 0.028739320 0.010799200 0.016019880 0.012872730 0.011820410 0.014185600 0.017961820 0.018754320 0.015781210 0.004856200 0.010269400 0.017889760 0.004422780 0.010269220 
5     0.003117300 0.007935490 0.014384090 0.005745490 0.018030070 0.004043700 0.015917220 0.004778170 0.009250130 0.006122630 0.006263510 0.006016790 0.001902410 0.000000030 0.000000000 0.002059860 0.001425380 0.002983610 0.003243280 0.002508770 0.021557990 0.020261560 0.007584630 0.028952830 0.022419220 0.017409680 0.019486890 0.018104160 0.020026950 0.023723530 0.003961560 0.011771280 0.018197250 0.009019470 0.021314170 0.021787580 0.016034780 0.016674730 0.020498780 0.020673420 0.006825030 0.010222620 0.014464540 0.019242790 0.017925960 0.015039440 0.002308590 0.004454300 0.015342150 0.002716090 0.011517500 
16     0.006506480 0.014344450 0.005628920 0.017757960 0.001434290 0.002460710 0.014570720 0.019070510 0.018502990 0.007216060 0.005186350 0.004939630 0.005901510 0.001489160 0.002059860 0.000000000 0.000000470 0.007645010 0.005901730 0.006741980 0.020973810 0.023462370 0.024927140 0.026587430 0.023492620 0.018417560 0.008358860 0.019385530 0.020941860 0.024533310 0.025812480 0.024450080 0.014631440 0.013658150 0.006581620 0.015012160 0.015914190 0.007769980 0.023822770 0.023117390 0.014406840 0.029791140 0.026981810 0.022492280 0.023284780 0.025551760 0.025374110 0.018439420 0.022155950 0.018199110 0.015380780 
14     0.012881690 0.010417420 0.018159980 0.017012480 0.004799560 0.004190700 0.003240540 0.009956170 0.018117840 0.006606280 0.011561560 0.007913970 0.009128790 0.001440210 0.001425380 0.000000470 0.000000000 0.003349720 0.005315790 0.015664880 0.003021180 0.003155230 0.028103580 0.030867270 0.016916090 0.011706630 0.009852800 0.006775430 0.012261800 0.025523040 0.030000830 0.018163190 0.024420750 0.024162120 0.000252340 0.013846780 0.014748810 0.005467370 0.012235350 0.022961870 0.015187780 0.028805600 0.016500650 0.021480070 0.022272570 0.024539550 0.009272160 0.017084910 0.021703160 0.016260820 0.013638860 
20     0.007999530 0.006488040 0.009432930 0.013970760 0.001933180 0.004287380 0.000374160 0.007089790 0.007802680 0.007715050 0.010432390 0.002011450 0.005729750 0.001034670 0.002983610 0.007645010 0.003349720 0.000000000 0.001966090 0.006669580 0.024766790 0.025460990 0.021139940 0.015870080 0.020154540 0.021457190 0.021692240 0.005908610 0.007730860 0.020519040 0.016580760 0.020662880 0.011382070 0.010254500 0.007366830 0.019975450 0.018467960 0.018974050 0.011684720 0.019225970 0.012321400 0.000545160 0.013017090 0.017795340 0.016478510 0.019035220 0.000729600 0.006846220 0.007249630 0.010032950 0.010772480 
12     0.011596200 0.011201700 0.005958580 0.008110760 0.003899250 0.005937730 0.002340230 0.009055860 0.018734810 0.002754750 0.000604530 0.015646590 0.000000300 0.003000740 0.003243280 0.005901730 0.005315790 0.001966090 0.000000000 0.000736170 0.019428480 0.026751260 0.004507580 0.003996640 0.003256830 0.008547880 0.010343630 0.016132210 0.026991260 0.009226110 0.018360130 0.017899920 0.009237660 0.009470940 0.016116430 0.018636470 0.014962920 0.026389730 0.012668060 0.018369470 0.014287470 0.007076750 0.003536380 0.022592500 0.023357730 0.025907390 0.014503730 0.016775670 0.003074180 0.004538780 0.012738550 
7     0.014104480 0.013709980 0.007486420 0.009449390 0.010669250 0.013412550 0.004849900 0.019143700 0.015159310 0.003595000 0.001444780 0.018265260 0.000840550 0.003457190 0.002508770 0.006741980 0.015664880 0.006669580 0.000736170 0.000000000 0.019136670 0.022689840 0.008894620 0.022821720 0.003787680 0.016919540 0.017057940 0.003707580 0.011808340 0.010180060 0.001394720 0.004515820 0.015016280 0.014796640 0.018624710 0.021144750 0.017471200 0.020728020 0.013940320 0.017623010 0.016333190 0.017190390 0.018486340 0.021217870 0.015207120 0.024532760 0.019653850 0.011962560 0.023962590 0.010564160 0.025179450 
40     0.014403290 0.014585730 0.005433610 0.007393230 0.004853290 0.006511150 0.010374220 0.014232760 0.009297460 0.011681820 0.018463550 0.017611690 0.018005080 0.013335710 0.021557990 0.020973810 0.003021180 0.024766790 0.019428480 0.019136670 0.000000000 0.000003220 0.001982790 0.013874770 0.004802150 0.005117130 0.005103400 0.013065700 0.013494870 0.005485290 0.009935350 0.009475140 0.009643820 0.011768910 0.014032270 0.011526000 0.002446150 0.007934090 0.020425750 0.021283000 0.015280790 0.017292890 0.010353370 0.003862100 0.004654600 0.006921580 0.017501590 0.009407910 0.016588910 0.009635230 0.015736410 
32     0.001964040 0.015325890 0.004137180 0.006096800 0.003556860 0.005214720 0.009077790 0.027396080 0.015744530 0.018052150 0.019203710 0.018351850 0.017588900 0.018931910 0.020261560 0.023462370 0.003155230 0.025460990 0.026751260 0.022689840 0.000003220 0.000000000 0.000691110 0.000018990 0.000980260 0.000274180 0.001436710 0.006935100 0.000021500 0.000545100 0.000266350 0.000944900 0.006512180 0.000711290 0.000708980 0.019247580 0.020553610 0.009774340 0.014345950 0.014997990 0.010240500 0.016710840 0.015305710 0.002619750 0.003412250 0.005679230 0.017022180 0.009154000 0.016183320 0.000656870 0.015739630 
21     0.008253800 0.018315880 0.021754130 0.014347150 0.016130810 0.022344180 0.019054680 0.006312180 0.013659580 0.002284980 0.023315410 0.010503080 0.022314660 0.025860770 0.007584630 0.024927140 0.028103580 0.021139940 0.004507580 0.008894620 0.001982790 0.000691110 0.000000000 0.000709280 0.001670550 0.000964470 0.002127000 0.007625390 0.000711790 0.001235390 0.000956640 0.001635190 0.006533370 0.001401580 0.001399270 0.007609350 0.005032060 0.009183370 0.008909020 0.011949630 0.013357430 0.010206140 0.010357550 0.015625140 0.017134190 0.017473110 0.015285010 0.009791550 0.004465650 0.001347160 0.016428190 
24     0.019748800 0.019304300 0.013859630 0.012109350 0.007439800 0.011457520 0.012880460 0.029232000 0.023712480 0.022258360 0.024764890 0.024600140 0.021031010 0.008604410 0.028952830 0.026587430 0.030867270 0.015870080 0.003996640 0.022821720 0.013874770 0.000018990 0.000709280 0.000000000 0.000998430 0.000292350 0.001190130 0.006953270 0.000039670 0.000563270 0.000284520 0.000963070 0.005519180 0.000729460 0.000727150 0.018448710 0.007109380 0.004801140 0.015460390 0.009752900 0.001471560 0.016003740 0.014707400 0.018192740 0.007973240 0.017306380 0.005311400 0.014639650 0.008280140 0.000675040 0.022305060 
42     0.002035430 0.005185430 0.007956570 0.012745110 0.012651570 0.016631920 0.017890900 0.018088880 0.027096460 0.020159690 0.014665140 0.013813280 0.001813610 0.020641730 0.022419220 0.023492620 0.016916090 0.020154540 0.003256830 0.003787680 0.004802150 0.000980260 0.001670550 0.000998430 0.000000000 0.001253620 0.002416150 0.007914540 0.001000940 0.001524540 0.001245790 0.001924340 0.007134400 0.001690730 0.000438240 0.010308060 0.004533680 0.003795180 0.005957060 0.016780210 0.009321190 0.008288310 0.007956240 0.006652680 0.004429800 0.015158140 0.002902780 0.004634950 0.003788870 0.000323510 0.026304340 
25     0.007201910 0.015875760 0.024181520 0.020971880 0.021336450 0.021124140 0.025569310 0.009803630 0.010259940 0.007841840 0.009921400 0.015392610 0.018267860 0.017529940 0.017409680 0.018417560 0.011706630 0.021457190 0.008547880 0.016919540 0.005117130 0.000274180 0.000964470 0.000292350 0.001253620 0.000000000 0.000011690 0.002736140 0.000119110 0.000776280 0.000497530 0.001176080 0.006743360 0.000942470 0.000940160 0.011656090 0.012406360 0.015759440 0.015715580 0.015919800 0.007501000 0.008316230 0.008136240 0.014936690 0.013619860 0.013827170 0.013687100 0.009406580 0.011036050 0.000930230 0.011358410 
23     0.007895700 0.015266810 0.022584820 0.021152920 0.021474850 0.020501090 0.024563290 0.009223980 0.010641060 0.012708100 0.011146930 0.014125730 0.017008430 0.017668340 0.019486890 0.008358860 0.009852800 0.021692240 0.010343630 0.017057940 0.005103400 0.001436710 0.002127000 0.001190130 0.002416150 0.000011690 0.000000000 0.001698240 0.000012150 0.001938810 0.000262640 0.001316860 0.003964950 0.002105000 0.002102690 0.012300080 0.008223110 0.013286800 0.015980210 0.016154850 0.010248320 0.002226070 0.008274640 0.015171740 0.002114120 0.001567710 0.013064050 0.009659020 0.011271100 0.002092760 0.011910260 
41     0.009071990 0.016719040 0.011965700 0.005115840 0.015261550 0.003420310 0.009142620 0.021993630 0.014301950 0.023417120 0.023242660 0.023509240 0.014688240 0.019760100 0.018104160 0.019385530 0.006775430 0.005908610 0.016132210 0.003707580 0.013065700 0.006935100 0.007625390 0.006953270 0.007914540 0.002736140 0.001698240 0.000000000 0.000316110 0.007437200 0.003736580 0.007837000 0.005802240 0.006651370 0.007374340 0.008650550 0.010022270 0.009032860 0.007929100 0.008053740 0.008038780 0.008854010 0.009468790 0.010486810 0.011995860 0.007602970 0.010466570 0.005580590 0.012007730 0.007591150 0.015321360 
38     0.006986310 0.016639870 0.013888490 0.006849740 0.017184340 0.005343100 0.011065410 0.018945560 0.013637080 0.026130110 0.023275310 0.023827000 0.016130380 0.021682890 0.020026950 0.020941860 0.012261800 0.007730860 0.026991260 0.011808340 0.013494870 0.000021500 0.000711790 0.000039670 0.001000940 0.000119110 0.000012150 0.000316110 0.000000000 0.000523600 0.000244850 0.000923400 0.005004690 0.000689790 0.000687480 0.009079720 0.010451440 0.013585280 0.015218010 0.015392650 0.007748780 0.003293300 0.009631290 0.014409540 0.003181350 0.002634940 0.013937760 0.000270620 0.002979860 0.000677550 0.004987800 
48     0.010037080 0.004093270 0.014533440 0.012177310 0.012083770 0.016064120 0.013986720 0.001659370 0.006433850 0.028296230 0.010955240 0.013245480 0.024700990 0.026271140 0.023723530 0.024533310 0.025523040 0.020519040 0.009226110 0.010180060 0.005485290 0.000545100 0.001235390 0.000563270 0.001524540 0.000776280 0.001938810 0.007437200 0.000523600 0.000000000 0.000290370 0.000968920 0.004738300 0.000735310 0.001196360 0.009165240 0.009124410 0.012274540 0.000011640 0.014593540 0.003143340 0.003740620 0.010678620 0.010460390 0.012890450 0.009663680 0.015214670 0.012475020 0.011854940 0.001201150 0.006941130 
33     0.024532050 0.013568670 0.013301410 0.020588820 0.022485230 0.015111290 0.020620980 0.027188980 0.020633710 0.008004020 0.021361970 0.021913660 0.005650340 0.018678720 0.003961560 0.025812480 0.030000830 0.016580760 0.018360130 0.001394720 0.009935350 0.000266350 0.000956640 0.000284520 0.001245790 0.000497530 0.000262640 0.003736580 0.000244850 0.000290370 0.000000000 0.000673970 0.000911890 0.000456560 0.000917610 0.006558630 0.006768010 0.002726370 0.012669330 0.008228200 0.011374260 0.002471530 0.006759680 0.007300910 0.002297240 0.001750830 0.000386650 0.006544220 0.006227480 0.000922400 0.014164430 
35     0.027178370 0.008177920 0.021277070 0.005611470 0.009488680 0.021867120 0.023298340 0.017146280 0.007134650 0.020121010 0.008235180 0.021935710 0.002381570 0.018218510 0.011771280 0.024450080 0.018163190 0.020662880 0.017899920 0.004515820 0.009475140 0.000944900 0.001635190 0.000963070 0.001924340 0.001176080 0.001316860 0.007837000 0.000923400 0.000968920 0.000673970 0.000000000 0.000451680 0.001113430 0.001596160 0.010603570 0.012143590 0.015378270 0.014874540 0.018144530 0.020637850 0.003525750 0.006299470 0.017911700 0.003351460 0.002805050 0.012224070 0.006382720 0.013536450 0.001600950 0.006026530 
39     0.018957530 0.002491410 0.011229500 0.013637370 0.018257870 0.014984820 0.016544530 0.015347030 0.008791760 0.009234240 0.015169680 0.017336420 0.008147730 0.014737310 0.018197250 0.014631440 0.024420750 0.011382070 0.009237660 0.015016280 0.009643820 0.006512180 0.006533370 0.005519180 0.007134400 0.006743360 0.003964950 0.005802240 0.005004690 0.004738300 0.000911890 0.000451680 0.000000000 0.000000930 0.007163440 0.004189000 0.003955650 0.001736120 0.013999100 0.011343640 0.001712330 0.003647390 0.002689650 0.005877820 0.002300890 0.002007720 0.007838780 0.000459920 0.007304160 0.007168230 0.001309880 
46     0.019280850 0.001290210 0.009960190 0.013960690 0.018581190 0.015308140 0.016324890 0.015392780 0.008837510 0.009557560 0.015224960 0.017659740 0.007713420 0.005031020 0.009019470 0.013658150 0.024162120 0.010254500 0.009470940 0.014796640 0.011768910 0.000711290 0.001401580 0.000729460 0.001690730 0.000942470 0.002105000 0.006651370 0.000689790 0.000735310 0.000456560 0.001113430 0.000000930 0.000000000 0.001362550 0.002531480 0.002298130 0.006670390 0.014335580 0.011722710 0.004462960 0.003427750 0.007623920 0.009139220 0.005999900 0.005453490 0.007404470 0.000487360 0.006239330 0.001367340 0.001264860 
29     0.015068100 0.017728440 0.011949080 0.010942040 0.016056620 0.014565150 0.019857150 0.025465600 0.009281540 0.023732780 0.013642190 0.009208310 0.013435600 0.022726890 0.021314170 0.006581620 0.000252340 0.007366830 0.016116430 0.018624710 0.014032270 0.000708980 0.001399270 0.000727150 0.000438240 0.000940160 0.002102690 0.007374340 0.000687480 0.001196360 0.000917610 0.001596160 0.007163440 0.001362550 0.000000000 0.000683140 0.001902190 0.012745430 0.010629740 0.010754380 0.011652060 0.014896200 0.003609810 0.013346220 0.012029390 0.015727060 0.013126650 0.009720030 0.009445580 0.001365030 0.010012480 
43     0.021459130 0.019097630 0.009854390 0.008847350 0.013961930 0.012470460 0.022925980 0.025939010 0.003826990 0.010824450 0.010828900 0.006395020 0.017894730 0.022491980 0.021787580 0.015012160 0.013846780 0.019975450 0.018636470 0.021144750 0.011526000 0.019247580 0.007609350 0.018448710 0.010308060 0.011656090 0.012300080 0.008650550 0.009079720 0.009165240 0.006558630 0.010603570 0.004189000 0.002531480 0.000683140 0.000000000 0.000000000 0.008275240 0.012744030 0.009675480 0.009215470 0.009949540 0.003253760 0.013819630 0.012502800 0.018795890 0.011770730 0.008656570 0.009918990 0.013478160 0.016919540 
47     0.013242390 0.017457190 0.009982270 0.008975230 0.014089810 0.012598340 0.023554750 0.026529420 0.009421890 0.014464640 0.011647080 0.007213200 0.010566510 0.020294570 0.016034780 0.015914190 0.014748810 0.018467960 0.014962920 0.017471200 0.002446150 0.020553610 0.005032060 0.007109380 0.004533680 0.012406360 0.008223110 0.010022270 0.010451440 0.009124410 0.006768010 0.012143590 0.003955650 0.002298130 0.001902190 0.000000000 0.000000000 0.010441090 0.010166740 0.010300250 0.011070790 0.013852710 0.003878530 0.012217080 0.009994200 0.019034540 0.010257560 0.009281340 0.007499890 0.014106930 0.015337610 
31     0.024789430 0.018268010 0.010922650 0.015917270 0.023767560 0.003638350 0.024655890 0.030404080 0.012912800 0.021478560 0.019289890 0.016807660 0.002552090 0.028739320 0.016674730 0.007769980 0.005467370 0.018974050 0.026389730 0.020728020 0.007934090 0.009774340 0.009183370 0.004801140 0.003795180 0.015759440 0.013286800 0.009032860 0.013585280 0.012274540 0.002726370 0.015378270 0.001736120 0.006670390 0.012745430 0.008275240 0.010441090 0.000000000 0.000610680 0.002899380 0.000027270 0.001853880 0.001004670 0.010771530 0.000615910 0.000322740 0.004755210 0.000200480 0.008222040 0.001783750 0.017076410 
22     0.016644530 0.018530220 0.015509230 0.020820580 0.015622660 0.019422170 0.016828510 0.024650210 0.007066230 0.021204210 0.010223780 0.017313680 0.007780710 0.010799200 0.020498780 0.023822770 0.012235350 0.011684720 0.012668060 0.013940320 0.020425750 0.014345950 0.008909020 0.015460390 0.005957060 0.015715580 0.015980210 0.007929100 0.015218010 0.000011640 0.012669330 0.014874540 0.013999100 0.014335580 0.010629740 0.012744030 0.010166740 0.000610680 0.000000000 0.003884410 0.008666250 0.008462680 0.003985650 0.012530830 0.011214000 0.012585720 0.012180590 0.006499410 0.007947690 0.007380690 0.015630740 
45     0.006731230 0.015858250 0.009976070 0.020945220 0.004385460 0.009586420 0.011931400 0.024824850 0.024238030 0.011866680 0.023039300 0.023305880 0.010311030 0.016019880 0.020673420 0.023117390 0.022961870 0.019225970 0.018369470 0.017623010 0.021283000 0.014997990 0.011949630 0.009752900 0.016780210 0.015919800 0.016154850 0.008053740 0.015392650 0.014593540 0.008228200 0.018144530 0.011343640 0.011722710 0.010754380 0.009675480 0.010300250 0.002899380 0.003884410 0.000000000 0.003834410 0.001704350 0.004638030 0.011178890 0.011388640 0.010054730 0.007475030 0.004010250 0.008804830 0.007505330 0.005806550 
36     0.023845770 0.006955960 0.007742200 0.008107870 0.013770520 0.004871600 0.006045850 0.005219930 0.006540450 0.018214040 0.003743750 0.003962020 0.004059380 0.012872730 0.006825030 0.014406840 0.015187780 0.012321400 0.014287470 0.016333190 0.015280790 0.010240500 0.013357430 0.001471560 0.009321190 0.007501000 0.010248320 0.008038780 0.007748780 0.003143340 0.011374260 0.020637850 0.001712330 0.004462960 0.011652060 0.009215470 0.011070790 0.000027270 0.008666250 0.003834410 0.000000000 0.000034270 0.000980880 0.006771360 0.000592120 0.000298950 0.000224600 0.000176690 0.009731950 0.004257360 0.001635400 
34     0.007972650 0.009352440 0.014715550 0.009543890 0.021591030 0.025390540 0.000690210 0.010535880 0.012688370 0.021017400 0.006547110 0.006765380 0.009301640 0.011820410 0.010222620 0.029791140 0.028805600 0.000545160 0.007076750 0.017190390 0.017292890 0.016710840 0.010206140 0.016003740 0.008288310 0.008316230 0.002226070 0.008854010 0.003293300 0.003740620 0.002471530 0.003525750 0.003647390 0.003427750 0.014896200 0.009949540 0.013852710 0.001853880 0.008462680 0.001704350 0.000034270 0.000000000 0.000098870 0.008579820 0.004323010 0.003776600 0.006429510 0.009198470 0.009704760 0.013349060 0.016705310 
26     0.018992800 0.014366090 0.020429300 0.025470870 0.015083390 0.019554190 0.013524370 0.018615970 0.018029150 0.022652740 0.013001500 0.015159700 0.008266980 0.014185600 0.014464540 0.026981810 0.016500650 0.013017090 0.003536380 0.018486340 0.010353370 0.015305710 0.010357550 0.014707400 0.007956240 0.008136240 0.008274640 0.009468790 0.009631290 0.010678620 0.006759680 0.006299470 0.002689650 0.007623920 0.003609810 0.003253760 0.003878530 0.001004670 0.003985650 0.004638030 0.000980880 0.000098870 0.000000000 0.003765150 0.001569420 0.001276250 0.002130050 0.001154010 0.002426190 0.005570230 0.002948270 
37     0.018340330 0.007938980 0.003167090 0.005126710 0.002586770 0.004244630 0.008107700 0.010223360 0.009061630 0.007281640 0.019542550 0.018498020 0.007666010 0.017961820 0.019242790 0.022492280 0.021480070 0.017795340 0.022592500 0.021217870 0.003862100 0.002619750 0.015625140 0.018192740 0.006652680 0.014936690 0.015171740 0.010486810 0.014409540 0.010460390 0.007300910 0.017911700 0.005877820 0.009139220 0.013346220 0.013819630 0.012217080 0.010771530 0.012530830 0.011178890 0.006771360 0.008579820 0.003765150 0.000000000 0.000162490 0.000225050 0.007357060 0.009089230 0.007204440 0.010928110 0.013016680 
50     0.020899250 0.010078640 0.003959590 0.005919210 0.003379270 0.004543690 0.008900200 0.019544680 0.009158250 0.006857710 0.020335050 0.019290520 0.005443130 0.018754320 0.017925960 0.023284780 0.022272570 0.016478510 0.023357730 0.015207120 0.004654600 0.003412250 0.017134190 0.007973240 0.004429800 0.013619860 0.002114120 0.011995860 0.003181350 0.012890450 0.002297240 0.003351460 0.002300890 0.005999900 0.012029390 0.012502800 0.009994200 0.000615910 0.011214000 0.011388640 0.000592120 0.004323010 0.001569420 0.000162490 0.000000000 0.000082820 0.005134180 0.000765250 0.005887610 0.007244170 0.008253890 
30     0.025325250 0.024102460 0.006226570 0.008186190 0.005646250 0.007304110 0.011167180 0.009897880 0.026347720 0.017623660 0.019442800 0.021557500 0.019678290 0.015781210 0.015039440 0.025551760 0.024539550 0.019035220 0.025907390 0.024532760 0.006921580 0.005679230 0.017473110 0.017306380 0.015158140 0.013827170 0.001567710 0.007602970 0.002634940 0.009663680 0.001750830 0.002805050 0.002007720 0.005453490 0.015727060 0.018795890 0.019034540 0.000322740 0.012585720 0.010054730 0.000298950 0.003776600 0.001276250 0.000225050 0.000082820 0.000000000 0.009704990 0.000472080 0.010059060 0.015915800 0.005512300 
49     0.008091310 0.005813020 0.012261620 0.014569380 0.000969160 0.004169000 0.005996370 0.006443080 0.007127660 0.010941630 0.010568030 0.010554000 0.003916110 0.004856200 0.002308590 0.025374110 0.009272160 0.000729600 0.014503730 0.019653850 0.017501590 0.017022180 0.015285010 0.005311400 0.002902780 0.013687100 0.013064050 0.010466570 0.013937760 0.015214670 0.000386650 0.012224070 0.007838780 0.007404470 0.013126650 0.011770730 0.010257560 0.004755210 0.012180590 0.007475030 0.000224600 0.006429510 0.002130050 0.007357060 0.005134180 0.009704990 0.000000000 0.002076770 0.000573270 0.004473620 0.001851660 
28     0.019318220 0.023684240 0.012238260 0.012825990 0.018296350 0.019731390 0.016318290 0.005676440 0.012925080 0.007177810 0.011082900 0.009902630 0.005648280 0.010269400 0.004454300 0.018439420 0.017084910 0.006846220 0.016775670 0.011962560 0.009407910 0.009154000 0.009791550 0.014639650 0.004634950 0.009406580 0.009659020 0.005580590 0.000270620 0.012475020 0.006544220 0.006382720 0.000459920 0.000487360 0.009720030 0.008656570 0.009281340 0.000200480 0.006499410 0.004010250 0.000176690 0.009198470 0.001154010 0.009089230 0.000765250 0.000472080 0.002076770 0.000000000 0.000189860 0.009398350 0.018660680 
44     0.018903960 0.013194370 0.020792800 0.024797670 0.023602630 0.013505680 0.007396100 0.004796380 0.006586850 0.019636740 0.016909360 0.021978520 0.004802200 0.017889760 0.015342150 0.022155950 0.021703160 0.007249630 0.003074180 0.023962590 0.016588910 0.016183320 0.004465650 0.008280140 0.003788870 0.011036050 0.011271100 0.012007730 0.002979860 0.011854940 0.006227480 0.013536450 0.007304160 0.006239330 0.009445580 0.009918990 0.007499890 0.008222040 0.007947690 0.008804830 0.009731950 0.009704760 0.002426190 0.007204440 0.005887610 0.010059060 0.000573270 0.000189860 0.000000000 0.014147010 0.010474110 
27     0.007424830 0.002747620 0.009170800 0.009473030 0.006730900 0.008642410 0.003189230 0.018519700 0.008980220 0.013870040 0.016587380 0.016114980 0.016381620 0.004422780 0.002716090 0.018199110 0.016260820 0.010032950 0.004538780 0.010564160 0.009635230 0.000656870 0.001347160 0.000675040 0.000323510 0.000930230 0.002092760 0.007591150 0.000677550 0.001201150 0.000922400 0.001600950 0.007168230 0.001367340 0.001365030 0.013478160 0.014106930 0.001783750 0.007380690 0.007505330 0.004257360 0.013349060 0.005570230 0.010928110 0.007244170 0.015915800 0.004473620 0.009398350 0.014147010 0.000000000 0.002708440 
0     0.017469100 0.015190810 0.021639410 0.022086680 0.012221600 0.016692400 0.010662580 0.004661510 0.016505450 0.020311270 0.014749950 0.000972140 0.010899990 0.010269220 0.011517500 0.015380780 0.013638860 0.010772480 0.012738550 0.025179450 0.015736410 0.015739630 0.016428190 0.022305060 0.026304340 0.011358410 0.011910260 0.015321360 0.004987800 0.006941130 0.014164430 0.006026530 0.001309880 0.001264860 0.010012480 0.016919540 0.015337610 0.017076410 0.015630740 0.005806550 0.001635400 0.016705310 0.002948270 0.013016680 0.008253890 0.005512300 0.001851660 0.018660680 0.010474110 0.002708440 0.000000000 
