51
19     0.000000000 0.000622466 0.000936277 0.000845223 0.000820800 0.000817542 0.001040721 0.000867119 0.000722852 0.000769453 0.000943733 0.000942210 0.000896515 0.000946556 0.000908020 0.000856741 0.000857634 0.000858130 0.000837217 0.000922838 0.000948558 0.000897999 0.000821314 0.000931700 0.000906761 0.000876816 0.000915795 0.000963843 0.000802068 0.000806323 0.000809316 0.000812789 0.000798818 0.000727630 0.000759953 0.000762558 0.000989887 0.001002107 0.001041334 0.001036823 0.001014600 0.000945558 0.000969333 0.000941558 0.001084581 0.000914261 0.000978389 0.000972092 0.000950443 0.000964039 0.001966679 
24     0.000622466 0.000000000 0.000853938 0.000765741 0.000743235 0.000739970 0.000962433 0.000794230 0.000646124 0.000694712 0.000866601 0.000865078 0.000817771 0.000869389 0.000832071 0.000777112 0.000777950 0.000778445 0.000758578 0.000843468 0.000870522 0.000818457 0.000743924 0.000852887 0.000829388 0.000799688 0.000838654 0.000887240 0.000722982 0.000727237 0.000730222 0.000733695 0.000719043 0.000647932 0.000681158 0.000682740 0.000911329 0.000923475 0.000962638 0.000957843 0.000935621 0.000868438 0.000890273 0.000862820 0.001007134 0.000832471 0.000895213 0.000888748 0.000867242 0.000880823 0.001896439 
15     0.000936277 0.000853938 0.000000000 0.000874748 0.000850620 0.000847009 0.001097686 0.000929305 0.000782442 0.000896577 0.001069570 0.001068015 0.001023144 0.001072307 0.001033394 0.000979211 0.000980223 0.000980709 0.000961185 0.001044736 0.001071095 0.001019948 0.000944267 0.001057192 0.001031233 0.001002899 0.001041982 0.001089658 0.000928274 0.000932528 0.000935535 0.000939014 0.000924641 0.000853522 0.000883314 0.000885336 0.001113760 0.001125026 0.001165131 0.001159864 0.001138943 0.001071423 0.001092343 0.001065589 0.001210183 0.001033529 0.001094616 0.001088415 0.001067558 0.001080144 0.002097662 
25     0.000845223 0.000765741 0.000874748 0.000000000 0.000412669 0.000408721 0.001001719 0.000834561 0.000685668 0.000800207 0.000976086 0.000974564 0.000930116 0.000978692 0.000938731 0.000887201 0.000886901 0.000887518 0.000868193 0.000951673 0.000978117 0.000927002 0.000848513 0.000960680 0.000937140 0.000907027 0.000945647 0.000993849 0.000833161 0.000837416 0.000840640 0.000844106 0.000830225 0.000758752 0.000790033 0.000792547 0.001020990 0.001032525 0.001071434 0.001067272 0.001045259 0.000977469 0.000999780 0.000971131 0.001115098 0.000940650 0.001004499 0.000998298 0.000976304 0.000989646 0.002008603 
4     0.000820800 0.000743235 0.000850620 0.000412669 0.000000000 0.000145503 0.000980422 0.000812153 0.000663227 0.000775582 0.000950790 0.000949268 0.000904786 0.000953361 0.000913398 0.000862233 0.000861923 0.000862370 0.000843269 0.000926802 0.000950863 0.000902191 0.000824271 0.000936295 0.000911976 0.000882245 0.000920865 0.000969534 0.000809751 0.000814006 0.000817444 0.000820910 0.000807169 0.000735595 0.000766478 0.000768993 0.000997463 0.001009092 0.001047386 0.001043319 0.001021306 0.000953535 0.000975116 0.000947602 0.001091995 0.000917521 0.000980831 0.000974629 0.000952636 0.000965978 0.001986196 
17     0.000817542 0.000739970 0.000847009 0.000408721 0.000145503 0.000000000 0.000976581 0.000808797 0.000659881 0.000772365 0.000948338 0.000946815 0.000902334 0.000950909 0.000910949 0.000860141 0.000859995 0.000860309 0.000841177 0.000924784 0.000950515 0.000900162 0.000821823 0.000933760 0.000909527 0.000879797 0.000918416 0.000967085 0.000806857 0.000811112 0.000814513 0.000817978 0.000804244 0.000732670 0.000763771 0.000766285 0.000993336 0.001005185 0.001044215 0.001039763 0.001017750 0.000949979 0.000971560 0.000944386 0.001089603 0.000914256 0.000977566 0.000971364 0.000949371 0.000962713 0.001983025 
33     0.001040721 0.000962433 0.001097686 0.001001719 0.000980422 0.000976581 0.000000000 0.001000224 0.000853813 0.000993440 0.001165444 0.001163873 0.001119828 0.001168655 0.001130003 0.001081349 0.001081734 0.001082234 0.001062696 0.001145812 0.001173269 0.001121365 0.001043843 0.001154042 0.001130602 0.001099894 0.001140352 0.001188203 0.001027949 0.001032204 0.001035161 0.001038641 0.001024977 0.000953749 0.000983619 0.000986249 0.001208224 0.001220060 0.001259890 0.001254640 0.001227828 0.001165342 0.001187132 0.001162346 0.001305977 0.001131111 0.001192511 0.001186349 0.001165523 0.001179520 0.002194774 
16     0.000867119 0.000794230 0.000929305 0.000834561 0.000812153 0.000808797 0.001000224 0.000000000 0.000589823 0.000821288 0.000993251 0.000991729 0.000946680 0.000995334 0.000956808 0.000906630 0.000906786 0.000907315 0.000887742 0.000970091 0.000997664 0.000945457 0.000868085 0.000979588 0.000955569 0.000925772 0.000963212 0.001012729 0.000860641 0.000864896 0.000867853 0.000871326 0.000857100 0.000785736 0.000815262 0.000818023 0.001034771 0.001046748 0.001086003 0.001083858 0.001060384 0.000990989 0.001013738 0.000987863 0.001132913 0.000960673 0.001023852 0.001017726 0.000995962 0.001010180 0.002023949 
8     0.000722852 0.000646124 0.000782442 0.000685668 0.000663227 0.000659881 0.000853813 0.000589823 0.000000000 0.000676781 0.000849656 0.000848134 0.000803921 0.000852823 0.000814215 0.000763176 0.000763303 0.000763824 0.000744263 0.000826816 0.000854665 0.000802452 0.000725142 0.000836423 0.000812373 0.000782459 0.000820725 0.000868379 0.000711335 0.000715589 0.000718588 0.000722061 0.000707917 0.000636536 0.000664463 0.000667224 0.000888838 0.000900957 0.000939996 0.000934882 0.000911408 0.000846094 0.000868813 0.000842517 0.000986492 0.000813433 0.000877128 0.000870926 0.000849085 0.000862761 0.001877315 
6     0.000769453 0.000694712 0.000896577 0.000800207 0.000775582 0.000772365 0.000993440 0.000821288 0.000676781 0.000000000 0.000620909 0.000619386 0.000577704 0.000626149 0.000586385 0.000542930 0.000540986 0.000541894 0.000521357 0.000605067 0.000632379 0.000578063 0.000504250 0.000618661 0.000593144 0.000562245 0.000599746 0.000650342 0.000761890 0.000766145 0.000769083 0.000772379 0.000758276 0.000685938 0.000716346 0.000718688 0.000947633 0.000959387 0.000998449 0.000994449 0.000972041 0.000906216 0.000925372 0.000900196 0.001044882 0.000870478 0.000934519 0.000928269 0.000905069 0.000917621 0.001937795 
29     0.000943733 0.000866601 0.001069570 0.000976086 0.000950790 0.000948338 0.001165444 0.000993251 0.000849656 0.000620909 0.000000000 0.000119997 0.000307230 0.000359628 0.000409326 0.000691398 0.000693162 0.000692595 0.000674000 0.000757228 0.000781674 0.000730841 0.000648906 0.000763722 0.000735712 0.000705956 0.000744597 0.000794326 0.000931142 0.000935397 0.000938393 0.000941847 0.000927066 0.000856348 0.000886268 0.000888528 0.001118490 0.001129785 0.001169230 0.001166915 0.001144692 0.001077588 0.001097586 0.001071582 0.001216472 0.001041657 0.001103242 0.001096992 0.001074779 0.001088466 0.002109585 
7     0.000942210 0.000865078 0.001068015 0.000974564 0.000949268 0.000946815 0.001163873 0.000991729 0.000848134 0.000619386 0.000119997 0.000000000 0.000307517 0.000358464 0.000407416 0.000689876 0.000691639 0.000691072 0.000672477 0.000755705 0.000780152 0.000729328 0.000647384 0.000762199 0.000734190 0.000704434 0.000743074 0.000792804 0.000929620 0.000933875 0.000936871 0.000940324 0.000925543 0.000854826 0.000884746 0.000887006 0.001116968 0.001128263 0.001167708 0.001165392 0.001143170 0.001076066 0.001096064 0.001070059 0.001214949 0.001040135 0.001101720 0.001095470 0.001073257 0.001086943 0.002108062 
35     0.000896515 0.000817771 0.001023144 0.000930116 0.000904786 0.000902334 0.001119828 0.000946680 0.000803921 0.000577704 0.000307230 0.000307517 0.000000000 0.000296071 0.000359618 0.000645296 0.000647111 0.000646544 0.000627917 0.000711793 0.000736834 0.000685517 0.000602856 0.000717333 0.000689363 0.000660324 0.000698969 0.000748567 0.000883246 0.000887500 0.000890452 0.000893950 0.000880661 0.000810295 0.000839810 0.000842128 0.001073345 0.001085032 0.001123793 0.001120985 0.001098873 0.001031772 0.001051918 0.001025553 0.001170579 0.000995659 0.001057339 0.001051089 0.001028966 0.001042468 0.002063656 
13     0.000946556 0.000869389 0.001072307 0.000978692 0.000953361 0.000950909 0.001168655 0.000995334 0.000852823 0.000626149 0.000359628 0.000358464 0.000296071 0.000000000 0.000414782 0.000694744 0.000697202 0.000696635 0.000678008 0.000762647 0.000786808 0.000736235 0.000652669 0.000767488 0.000739428 0.000709170 0.000748643 0.000798299 0.000933716 0.000937971 0.000940967 0.000944420 0.000929155 0.000858799 0.000888694 0.000891011 0.001122238 0.001133814 0.001172722 0.001170002 0.001147779 0.001080729 0.001100727 0.001074570 0.001219443 0.001044322 0.001105184 0.001098934 0.001076396 0.001090485 0.002112554 
34     0.000908020 0.000832071 0.001033394 0.000938731 0.000913398 0.000910949 0.001130003 0.000956808 0.000814215 0.000586385 0.000409326 0.000407416 0.000359618 0.000414782 0.000000000 0.000655969 0.000657369 0.000656627 0.000638098 0.000720705 0.000745372 0.000694975 0.000612737 0.000725739 0.000697536 0.000668422 0.000707039 0.000756639 0.000895745 0.000899999 0.000902996 0.000906449 0.000891656 0.000821500 0.000850777 0.000852916 0.001083317 0.001094844 0.001133642 0.001130985 0.001108763 0.001041651 0.001061596 0.001035144 0.001180413 0.001004812 0.001066017 0.001059767 0.001037769 0.001050293 0.002073654 
11     0.000856741 0.000777112 0.000979211 0.000887201 0.000862233 0.000860141 0.001081349 0.000906630 0.000763176 0.000542930 0.000691398 0.000689876 0.000645296 0.000694744 0.000655969 0.000000000 0.000243983 0.000245310 0.000225938 0.000513650 0.000533097 0.000482159 0.000488983 0.000604211 0.000576740 0.000549352 0.000587137 0.000636643 0.000844036 0.000848291 0.000851287 0.000854741 0.000840612 0.000769918 0.000797554 0.000799784 0.001030174 0.001041736 0.001080202 0.001077093 0.001055149 0.000986602 0.001007784 0.000980401 0.001126025 0.000951023 0.001012715 0.001006490 0.000984172 0.000997041 0.002018564 
21     0.000857634 0.000777950 0.000980223 0.000886901 0.000861923 0.000859995 0.001081734 0.000906786 0.000763303 0.000540986 0.000693162 0.000691639 0.000647111 0.000697202 0.000657369 0.000243983 0.000000000 0.000181612 0.000184739 0.000509567 0.000531176 0.000478376 0.000485822 0.000601100 0.000573998 0.000546003 0.000583755 0.000633485 0.000844756 0.000849011 0.000852007 0.000855461 0.000841058 0.000769517 0.000799608 0.000801838 0.001032486 0.001044323 0.001082889 0.001079819 0.001057876 0.000989911 0.001010564 0.000982527 0.001128160 0.000955415 0.001017952 0.001011702 0.000989430 0.001002054 0.002020578 
28     0.000858130 0.000778445 0.000980709 0.000887518 0.000862370 0.000860309 0.001082234 0.000907315 0.000763824 0.000541894 0.000692595 0.000691072 0.000646544 0.000696635 0.000656627 0.000245310 0.000181612 0.000000000 0.000189423 0.000510476 0.000530879 0.000479372 0.000485674 0.000601055 0.000574031 0.000545956 0.000583742 0.000633394 0.000845191 0.000849446 0.000852442 0.000855896 0.000841493 0.000769952 0.000800043 0.000802273 0.001032837 0.001044674 0.001083241 0.001080171 0.001058227 0.000990262 0.001010916 0.000982878 0.001128511 0.000955769 0.001018303 0.001012053 0.000989781 0.001002406 0.002020930 
27     0.000837217 0.000758578 0.000961185 0.000868193 0.000843269 0.000841177 0.001062696 0.000887742 0.000744263 0.000521357 0.000674000 0.000672477 0.000627917 0.000678008 0.000638098 0.000225938 0.000184739 0.000189423 0.000000000 0.000491655 0.000511771 0.000460348 0.000466803 0.000582405 0.000555224 0.000527325 0.000565088 0.000614889 0.000825250 0.000829505 0.000832501 0.000835954 0.000821552 0.000749991 0.000780106 0.000782336 0.001012880 0.001024718 0.001063234 0.001060164 0.001038221 0.000970255 0.000990909 0.000962495 0.001108047 0.000935895 0.000998419 0.000992169 0.000970104 0.000982521 0.002000909 
22     0.000922838 0.000843468 0.001044736 0.000951673 0.000926802 0.000924784 0.001145812 0.000970091 0.000826816 0.000605067 0.000757228 0.000755705 0.000711793 0.000762647 0.000720705 0.000513650 0.000509567 0.000510476 0.000491655 0.000000000 0.000488507 0.000433032 0.000550076 0.000666375 0.000639727 0.000610564 0.000648402 0.000698311 0.000910411 0.000914666 0.000917662 0.000921115 0.000905953 0.000835157 0.000865437 0.000867723 0.001096685 0.001108101 0.001146431 0.001143511 0.001120816 0.001053613 0.001074727 0.001048441 0.001194407 0.001020437 0.001083045 0.001076795 0.001054815 0.001067547 0.002087797 
10     0.000948558 0.000870522 0.001071095 0.000978117 0.000950863 0.000950515 0.001173269 0.000997664 0.000854665 0.000632379 0.000781674 0.000780152 0.000736834 0.000786808 0.000745372 0.000533097 0.000531176 0.000530879 0.000511771 0.000488507 0.000000000 0.000454280 0.000576769 0.000695483 0.000668531 0.000639905 0.000677766 0.000727766 0.000936752 0.000941007 0.000944003 0.000947464 0.000932413 0.000861544 0.000891485 0.000893772 0.001124263 0.001135839 0.001174801 0.001172101 0.001149878 0.001081668 0.001102534 0.001074869 0.001220883 0.001048049 0.001110719 0.001104469 0.001082323 0.001094854 0.002115336 
20     0.000897999 0.000818457 0.001019948 0.000927002 0.000902191 0.000900162 0.001121365 0.000945457 0.000802452 0.000578063 0.000730841 0.000729328 0.000685517 0.000736235 0.000694975 0.000482159 0.000478376 0.000479372 0.000460348 0.000433032 0.000454280 0.000000000 0.000522087 0.000638210 0.000610161 0.000581444 0.000619510 0.000668767 0.000885632 0.000889887 0.000892883 0.000896337 0.000881337 0.000810373 0.000840597 0.000842883 0.001073432 0.001084902 0.001123884 0.001121133 0.001098911 0.001030674 0.001051561 0.001024292 0.001170247 0.000996722 0.001059487 0.001053237 0.001031091 0.001043989 0.002064181 
32     0.000821314 0.000743924 0.000944267 0.000848513 0.000824271 0.000821823 0.001043843 0.000868085 0.000725142 0.000504250 0.000648906 0.000647384 0.000602856 0.000652669 0.000612737 0.000488983 0.000485822 0.000485674 0.000466803 0.000550076 0.000576769 0.000522087 0.000000000 0.000456984 0.000426690 0.000395121 0.000433769 0.000488643 0.000808857 0.000813112 0.000816108 0.000819562 0.000804407 0.000733846 0.000764215 0.000766324 0.000997420 0.001008829 0.001046606 0.001044953 0.001022730 0.000954991 0.000974868 0.000948023 0.001093748 0.000920872 0.000982857 0.000976606 0.000954951 0.000968225 0.001985626 
2     0.000931700 0.000852887 0.001057192 0.000960680 0.000936295 0.000933760 0.001154042 0.000979588 0.000836423 0.000618661 0.000763722 0.000762199 0.000717333 0.000767488 0.000725739 0.000604211 0.000601100 0.000601055 0.000582405 0.000666375 0.000695483 0.000638210 0.000456984 0.000000000 0.000450307 0.000416375 0.000453785 0.000517222 0.000920492 0.000924747 0.000927696 0.000931197 0.000916151 0.000845595 0.000876260 0.000878307 0.001108508 0.001120030 0.001156473 0.001155832 0.001133610 0.001065849 0.001085659 0.001059036 0.001204680 0.001031301 0.001093913 0.001087663 0.001065860 0.001079324 0.002098911 
9     0.000906761 0.000829388 0.001031233 0.000937140 0.000911976 0.000909527 0.001130602 0.000955569 0.000812373 0.000593144 0.000735712 0.000734190 0.000689363 0.000739428 0.000697536 0.000576740 0.000573998 0.000574031 0.000555224 0.000639727 0.000668531 0.000610161 0.000426690 0.000450307 0.000000000 0.000312152 0.000350902 0.000492891 0.000896492 0.000900747 0.000903743 0.000907196 0.000892079 0.000821290 0.000852374 0.000855130 0.001083001 0.001094523 0.001132134 0.001130167 0.001107944 0.001039777 0.001060251 0.001034418 0.001179900 0.001006289 0.001068772 0.001062521 0.001040719 0.001053653 0.002073270 
31     0.000876816 0.000799688 0.001002899 0.000907027 0.000882245 0.000879797 0.001099894 0.000925772 0.000782459 0.000562245 0.000705956 0.000704434 0.000660324 0.000709170 0.000668422 0.000549352 0.000546003 0.000545956 0.000527325 0.000610564 0.000639905 0.000581444 0.000395121 0.000416375 0.000312152 0.000000000 0.000204325 0.000469287 0.000867454 0.000871709 0.000874705 0.000878158 0.000863534 0.000792445 0.000823232 0.000825988 0.001052807 0.001064326 0.001101849 0.001099972 0.001077749 0.001009497 0.001029676 0.001004700 0.001149597 0.000975713 0.001038329 0.001032079 0.001010277 0.001021716 0.002043396 
14     0.000915795 0.000838654 0.001041982 0.000945647 0.000920865 0.000918416 0.001140352 0.000963212 0.000820725 0.000599746 0.000744597 0.000743074 0.000698969 0.000748643 0.000707039 0.000587137 0.000583755 0.000583742 0.000565088 0.000648402 0.000677766 0.000619510 0.000433769 0.000453785 0.000350902 0.000204325 0.000000000 0.000503656 0.000905966 0.000910221 0.000913217 0.000916671 0.000902041 0.000830937 0.000861723 0.000864479 0.001091071 0.001102603 0.001140418 0.001138170 0.001115948 0.001047443 0.001067839 0.001043427 0.001187566 0.001014971 0.001077602 0.001071351 0.001049549 0.001062571 0.002082002 
12     0.000963843 0.000887240 0.001089658 0.000993849 0.000969534 0.000967085 0.001188203 0.001012729 0.000868379 0.000650342 0.000794326 0.000792804 0.000748567 0.000798299 0.000756639 0.000636643 0.000633485 0.000633394 0.000614889 0.000698311 0.000727766 0.000668767 0.000488643 0.000517222 0.000492891 0.000469287 0.000503656 0.000000000 0.000952703 0.000956958 0.000959954 0.000963408 0.000949596 0.000878282 0.000909087 0.000910348 0.001142113 0.001153632 0.001191752 0.001189135 0.001167046 0.001099172 0.001119875 0.001093059 0.001237989 0.001064613 0.001127244 0.001120994 0.001099063 0.001112213 0.002132026 
30     0.000802068 0.000722982 0.000928274 0.000833161 0.000809751 0.000806857 0.001027949 0.000860641 0.000711335 0.000761890 0.000931142 0.000929620 0.000883246 0.000933716 0.000895745 0.000844036 0.000844756 0.000845191 0.000825250 0.000910411 0.000936752 0.000885632 0.000808857 0.000920492 0.000896492 0.000867454 0.000905966 0.000952703 0.000000000 0.000124895 0.000172770 0.000173932 0.000452640 0.000378931 0.000503022 0.000506577 0.000973619 0.000985458 0.001023887 0.001019851 0.000996422 0.000930573 0.000952274 0.000924466 0.001067893 0.000890715 0.000954406 0.000948159 0.000926343 0.000940235 0.001953810 
1     0.000806323 0.000727237 0.000932528 0.000837416 0.000814006 0.000811112 0.001032204 0.000864896 0.000715589 0.000766145 0.000935397 0.000933875 0.000887500 0.000937971 0.000899999 0.000848291 0.000849011 0.000849446 0.000829505 0.000914666 0.000941007 0.000889887 0.000813112 0.000924747 0.000900747 0.000871709 0.000910221 0.000956958 0.000124895 0.000000000 0.000175073 0.000182064 0.000455471 0.000382655 0.000507050 0.000510607 0.000977874 0.000989713 0.001028142 0.001024106 0.001000677 0.000934828 0.000956528 0.000928721 0.001072147 0.000894970 0.000958661 0.000952414 0.000930598 0.000944489 0.001958065 
18     0.000809316 0.000730222 0.000935535 0.000840640 0.000817444 0.000814513 0.001035161 0.000867853 0.000718588 0.000769083 0.000938393 0.000936871 0.000890452 0.000940967 0.000902996 0.000851287 0.000852007 0.000852442 0.000832501 0.000917662 0.000944003 0.000892883 0.000816108 0.000927696 0.000903743 0.000874705 0.000913217 0.000959954 0.000172770 0.000175073 0.000000000 0.000142568 0.000458693 0.000385620 0.000510007 0.000513564 0.000980839 0.000992678 0.001031108 0.001027072 0.001003642 0.000937794 0.000959494 0.000931687 0.001075113 0.000897936 0.000961627 0.000955380 0.000933564 0.000947455 0.001961030 
23     0.000812789 0.000733695 0.000939014 0.000844106 0.000820910 0.000817978 0.001038641 0.000871326 0.000722061 0.000772379 0.000941847 0.000940324 0.000893950 0.000944420 0.000906449 0.000854741 0.000855461 0.000855896 0.000835954 0.000921115 0.000947464 0.000896337 0.000819562 0.000931197 0.000907196 0.000878158 0.000916671 0.000963408 0.000173932 0.000182064 0.000142568 0.000000000 0.000461545 0.000388532 0.000513137 0.000516694 0.000984328 0.000996167 0.001034596 0.001030561 0.001007131 0.000941282 0.000962983 0.000935175 0.001078602 0.000901424 0.000965115 0.000958868 0.000937053 0.000950944 0.001964519 
3     0.000798818 0.000719043 0.000924641 0.000830225 0.000807169 0.000804244 0.001024977 0.000857100 0.000707917 0.000758276 0.000927066 0.000925543 0.000880661 0.000929155 0.000891656 0.000840612 0.000841058 0.000841493 0.000821552 0.000905953 0.000932413 0.000881337 0.000804407 0.000916151 0.000892079 0.000863534 0.000902041 0.000949596 0.000452640 0.000455471 0.000458693 0.000461545 0.000000000 0.000341970 0.000501143 0.000504227 0.000972160 0.000983999 0.001020400 0.001016423 0.000992993 0.000927148 0.000948160 0.000919600 0.001063963 0.000888730 0.000951801 0.000945554 0.000923594 0.000937267 0.001950937 
5     0.000727630 0.000647932 0.000853522 0.000758752 0.000735595 0.000732670 0.000953749 0.000785736 0.000636536 0.000685938 0.000856348 0.000854826 0.000810295 0.000858799 0.000821500 0.000769918 0.000769517 0.000769952 0.000749991 0.000835157 0.000861544 0.000810373 0.000733846 0.000845595 0.000821290 0.000792445 0.000830937 0.000878282 0.000378931 0.000382655 0.000385620 0.000388532 0.000341970 0.000000000 0.000426083 0.000429450 0.000899932 0.000911771 0.000950562 0.000946181 0.000922751 0.000857176 0.000879127 0.000848824 0.000992383 0.000816138 0.000879571 0.000873324 0.000851582 0.000864957 0.001878736 
36     0.000759953 0.000681158 0.000883314 0.000790033 0.000766478 0.000763771 0.000983619 0.000815262 0.000664463 0.000716346 0.000886268 0.000884746 0.000839810 0.000888694 0.000850777 0.000797554 0.000799608 0.000800043 0.000780106 0.000865437 0.000891485 0.000840597 0.000764215 0.000876260 0.000852374 0.000823232 0.000861723 0.000909087 0.000503022 0.000507050 0.000510007 0.000513137 0.000501143 0.000426083 0.000000000 0.000144774 0.000926705 0.000938544 0.000976896 0.000974330 0.000950900 0.000884321 0.000904941 0.000875968 0.001019613 0.000841506 0.000905237 0.000898989 0.000876916 0.000890811 0.001901817 
26     0.000762558 0.000682740 0.000885336 0.000792547 0.000768993 0.000766285 0.000986249 0.000818023 0.000667224 0.000718688 0.000888528 0.000887006 0.000842128 0.000891011 0.000852916 0.000799784 0.000801838 0.000802273 0.000782336 0.000867723 0.000893772 0.000842883 0.000766324 0.000878307 0.000855130 0.000825988 0.000864479 0.000910348 0.000506577 0.000510607 0.000513564 0.000516694 0.000504227 0.000429450 0.000144774 0.000000000 0.000928653 0.000940492 0.000978814 0.000975992 0.000952563 0.000885299 0.000906709 0.000878579 0.001022223 0.000844116 0.000907847 0.000901600 0.000879555 0.000893421 0.001904445 
40     0.000989887 0.000911329 0.001113760 0.001020990 0.000997463 0.000993336 0.001208224 0.001034771 0.000888838 0.000947633 0.001118490 0.001116968 0.001073345 0.001122238 0.001083317 0.001030174 0.001032486 0.001032837 0.001012880 0.001096685 0.001124263 0.001073432 0.000997420 0.001108508 0.001083001 0.001052807 0.001091071 0.001142113 0.000973619 0.000977874 0.000980839 0.000984328 0.000972160 0.000899932 0.000926705 0.000928653 0.000000000 0.000349974 0.000692304 0.000694894 0.000671938 0.000606225 0.000627778 0.000906717 0.001051424 0.000880712 0.000941599 0.000935479 0.000913900 0.000928117 0.001954358 
37     0.001002107 0.000923475 0.001125026 0.001032525 0.001009092 0.001005185 0.001220060 0.001046748 0.000900957 0.000959387 0.001129785 0.001128263 0.001085032 0.001133814 0.001094844 0.001041736 0.001044323 0.001044674 0.001024718 0.001108101 0.001135839 0.001084902 0.001008829 0.001120030 0.001094523 0.001064326 0.001102603 0.001153632 0.000985458 0.000989713 0.000992678 0.000996167 0.000983999 0.000911771 0.000938544 0.000940492 0.000349974 0.000000000 0.000706239 0.000708668 0.000685528 0.000619906 0.000640953 0.000919545 0.001063459 0.000893239 0.000954183 0.000948063 0.000926362 0.000940175 0.001966701 
48     0.001041334 0.000962638 0.001165131 0.001071434 0.001047386 0.001044215 0.001259890 0.001086003 0.000939996 0.000998449 0.001169230 0.001167708 0.001123793 0.001172722 0.001133642 0.001080202 0.001082889 0.001083241 0.001063234 0.001146431 0.001174801 0.001123884 0.001046606 0.001156473 0.001132134 0.001101849 0.001140418 0.001191752 0.001023887 0.001028142 0.001031108 0.001034596 0.001020400 0.000950562 0.000976896 0.000978814 0.000692304 0.000706239 0.000000000 0.000756640 0.000733966 0.000665444 0.000687577 0.000957704 0.001101345 0.000933750 0.000994784 0.000988693 0.000967511 0.000981327 0.002002234 
46     0.001036823 0.000957843 0.001159864 0.001067272 0.001043319 0.001039763 0.001254640 0.001083858 0.000934882 0.000994449 0.001166915 0.001165392 0.001120985 0.001170002 0.001130985 0.001077093 0.001079819 0.001080171 0.001060164 0.001143511 0.001172101 0.001121133 0.001044953 0.001155832 0.001130167 0.001099972 0.001138170 0.001189135 0.001019851 0.001024106 0.001027072 0.001030561 0.001016423 0.000946181 0.000974330 0.000975992 0.000694894 0.000708668 0.000756640 0.000000000 0.000248928 0.000422912 0.000597788 0.000955285 0.001099085 0.000928215 0.000990659 0.000984539 0.000962467 0.000975952 0.002001473 
47     0.001014600 0.000935621 0.001138943 0.001045259 0.001021306 0.001017750 0.001227828 0.001060384 0.000911408 0.000972041 0.001144692 0.001143170 0.001098873 0.001147779 0.001108763 0.001055149 0.001057876 0.001058227 0.001038221 0.001120816 0.001149878 0.001098911 0.001022730 0.001133610 0.001107944 0.001077749 0.001115948 0.001167046 0.000996422 0.001000677 0.001003642 0.001007131 0.000992993 0.000922751 0.000950900 0.000952563 0.000671938 0.000685528 0.000733966 0.000248928 0.000000000 0.000401001 0.000575051 0.000932778 0.001076578 0.000905606 0.000967672 0.000961552 0.000939404 0.000952986 0.001978727 
50     0.000945558 0.000868438 0.001071423 0.000977469 0.000953535 0.000949979 0.001165342 0.000990989 0.000846094 0.000906216 0.001077588 0.001076066 0.001031772 0.001080729 0.001041651 0.000986602 0.000989911 0.000990262 0.000970255 0.001053613 0.001081668 0.001030674 0.000954991 0.001065849 0.001039777 0.001009497 0.001047443 0.001099172 0.000930573 0.000934828 0.000937794 0.000941282 0.000927148 0.000857176 0.000884321 0.000885299 0.000606225 0.000619906 0.000665444 0.000422912 0.000401001 0.000000000 0.000509790 0.000864618 0.001008158 0.000838495 0.000900054 0.000893933 0.000871862 0.000885309 0.001906416 
44     0.000969333 0.000890273 0.001092343 0.000999780 0.000975116 0.000971560 0.001187132 0.001013738 0.000868813 0.000925372 0.001097586 0.001096064 0.001051918 0.001100727 0.001061596 0.001007784 0.001010564 0.001010916 0.000990909 0.001074727 0.001102534 0.001051561 0.000974868 0.001085659 0.001060251 0.001029676 0.001067839 0.001119875 0.000952274 0.000956528 0.000959494 0.000962983 0.000948160 0.000879127 0.000904941 0.000906709 0.000627778 0.000640953 0.000687577 0.000597788 0.000575051 0.000509790 0.000000000 0.000887078 0.001029469 0.000861135 0.000922942 0.000916822 0.000894751 0.000908394 0.001933808 
42     0.000941558 0.000862820 0.001065589 0.000971131 0.000947602 0.000944386 0.001162346 0.000987863 0.000842517 0.000900196 0.001071582 0.001070059 0.001025553 0.001074570 0.001035144 0.000980401 0.000982527 0.000982878 0.000962495 0.001048441 0.001074869 0.001024292 0.000948023 0.001059036 0.001034418 0.001004700 0.001043427 0.001093059 0.000924466 0.000928721 0.000931687 0.000935175 0.000919600 0.000848824 0.000875968 0.000878579 0.000906717 0.000919545 0.000957704 0.000955285 0.000932778 0.000864618 0.000887078 0.000000000 0.000765537 0.000777244 0.000837670 0.000831653 0.000809274 0.000823983 0.001899677 
39     0.001084581 0.001007134 0.001210183 0.001115098 0.001091995 0.001089603 0.001305977 0.001132913 0.000986492 0.001044882 0.001216472 0.001214949 0.001170579 0.001219443 0.001180413 0.001126025 0.001128160 0.001128511 0.001108047 0.001194407 0.001220883 0.001170247 0.001093748 0.001204680 0.001179900 0.001149597 0.001187566 0.001237989 0.001067893 0.001072147 0.001075113 0.001078602 0.001063963 0.000992383 0.001019613 0.001022223 0.001051424 0.001063459 0.001101345 0.001099085 0.001076578 0.001008158 0.001029469 0.000765537 0.000000000 0.000919807 0.000981034 0.000975017 0.000952560 0.000966452 0.002045346 
43     0.000914261 0.000832471 0.001033529 0.000940650 0.000917521 0.000914256 0.001131111 0.000960673 0.000813433 0.000870478 0.001041657 0.001040135 0.000995659 0.001044322 0.001004812 0.000951023 0.000955415 0.000955769 0.000935895 0.001020437 0.001048049 0.000996722 0.000920872 0.001031301 0.001006289 0.000975713 0.001014971 0.001064613 0.000890715 0.000894970 0.000897936 0.000901424 0.000888730 0.000816138 0.000841506 0.000844116 0.000880712 0.000893239 0.000933750 0.000928215 0.000905606 0.000838495 0.000861135 0.000777244 0.000919807 0.000000000 0.000610759 0.000605059 0.000582142 0.000597494 0.001867582 
41     0.000978389 0.000895213 0.001094616 0.001004499 0.000980831 0.000977566 0.001192511 0.001023852 0.000877128 0.000934519 0.001103242 0.001101720 0.001057339 0.001105184 0.001066017 0.001012715 0.001017952 0.001018303 0.000998419 0.001083045 0.001110719 0.001059487 0.000982857 0.001093913 0.001068772 0.001038329 0.001077602 0.001127244 0.000954406 0.000958661 0.000961627 0.000965115 0.000951801 0.000879571 0.000905237 0.000907847 0.000941599 0.000954183 0.000994784 0.000990659 0.000967672 0.000900054 0.000922942 0.000837670 0.000981034 0.000610759 0.000000000 0.000122330 0.000424049 0.000560438 0.001926868 
38     0.000972092 0.000888748 0.001088415 0.000998298 0.000974629 0.000971364 0.001186349 0.001017726 0.000870926 0.000928269 0.001096992 0.001095470 0.001051089 0.001098934 0.001059767 0.001006490 0.001011702 0.001012053 0.000992169 0.001076795 0.001104469 0.001053237 0.000976606 0.001087663 0.001062521 0.001032079 0.001071351 0.001120994 0.000948159 0.000952414 0.000955380 0.000958868 0.000945554 0.000873324 0.000898989 0.000901600 0.000935479 0.000948063 0.000988693 0.000984539 0.000961552 0.000893933 0.000916822 0.000831653 0.000975017 0.000605059 0.000122330 0.000000000 0.000417856 0.000554075 0.001920759 
45     0.000950443 0.000867242 0.001067558 0.000976304 0.000952636 0.000949371 0.001165523 0.000995962 0.000849085 0.000905069 0.001074779 0.001073257 0.001028966 0.001076396 0.001037769 0.000984172 0.000989430 0.000989781 0.000970104 0.001054815 0.001082323 0.001031091 0.000954951 0.001065860 0.001040719 0.001010277 0.001049549 0.001099063 0.000926343 0.000930598 0.000933564 0.000937053 0.000923594 0.000851582 0.000876916 0.000879555 0.000913900 0.000926362 0.000967511 0.000962467 0.000939404 0.000871862 0.000894751 0.000809274 0.000952560 0.000582142 0.000424049 0.000417856 0.000000000 0.000530785 0.001898412 
49     0.000964039 0.000880823 0.001080144 0.000989646 0.000965978 0.000962713 0.001179520 0.001010180 0.000862761 0.000917621 0.001088466 0.001086943 0.001042468 0.001090485 0.001050293 0.000997041 0.001002054 0.001002406 0.000982521 0.001067547 0.001094854 0.001043989 0.000968225 0.001079324 0.001053653 0.001021716 0.001062571 0.001112213 0.000940235 0.000944489 0.000947455 0.000950944 0.000937267 0.000864957 0.000890811 0.000893421 0.000928117 0.000940175 0.000981327 0.000975952 0.000952986 0.000885309 0.000908394 0.000823983 0.000966452 0.000597494 0.000560438 0.000554075 0.000530785 0.000000000 0.001909680 
0     0.001966679 0.001896439 0.002097662 0.002008603 0.001986196 0.001983025 0.002194774 0.002023949 0.001877315 0.001937795 0.002109585 0.002108062 0.002063656 0.002112554 0.002073654 0.002018564 0.002020578 0.002020930 0.002000909 0.002087797 0.002115336 0.002064181 0.001985626 0.002098911 0.002073270 0.002043396 0.002082002 0.002132026 0.001953810 0.001958065 0.001961030 0.001964519 0.001950937 0.001878736 0.001901817 0.001904445 0.001954358 0.001966701 0.002002234 0.002001473 0.001978727 0.001906416 0.001933808 0.001899677 0.002045346 0.001867582 0.001926868 0.001920759 0.001898412 0.001909680 0.000000000 
