51
19     0.000000000 0.000004520 0.000011380 0.000000000 0.000018800 0.000019450 0.000000450 0.000010440 0.000012010 0.000015860 0.000020810 0.000020000 0.000018690 0.000019790 0.000022850 0.000018720 0.000016910 0.000017690 0.000016460 0.000019550 0.000020980 0.000018140 0.000016350 0.000026620 0.000020090 0.000019670 0.000018790 0.000024410 0.000016440 0.000014780 0.000014880 0.000015170 0.000013930 0.000012760 0.000013110 0.000013770 0.000025190 0.000026170 0.000020710 0.000026000 0.000025200 0.000024880 0.000023230 0.000012100 0.000028740 0.000016280 0.000018730 0.000017880 0.000016670 0.000014700 0.000042910 
24     0.000004520 0.000000000 0.000018510 0.000018730 0.000019820 0.000018910 0.000012660 0.000011590 0.000011850 0.000015700 0.000020650 0.000019840 0.000018530 0.000020940 0.000023690 0.000019060 0.000018060 0.000017530 0.000017610 0.000019390 0.000020820 0.000019290 0.000017500 0.000023600 0.000012370 0.000020820 0.000019940 0.000024250 0.000016280 0.000014620 0.000014720 0.000015010 0.000012540 0.000012600 0.000012950 0.000013610 0.000025030 0.000026010 0.000028190 0.000025840 0.000026350 0.000025240 0.000023070 0.000005520 0.000028580 0.000008130 0.000018570 0.000017720 0.000017180 0.000015850 0.000041060 
15     0.000011380 0.000018510 0.000000000 0.000001580 0.000019300 0.000024810 0.000011960 0.000015800 0.000006530 0.000023110 0.000026290 0.000027410 0.000019810 0.000019950 0.000005260 0.000018880 0.000017070 0.000018700 0.000016620 0.000020050 0.000030410 0.000018300 0.000016510 0.000028620 0.000020250 0.000019830 0.000018950 0.000026490 0.000022630 0.000021870 0.000023490 0.000023430 0.000019160 0.000015380 0.000007960 0.000005260 0.000030310 0.000034730 0.000028090 0.000028100 0.000026880 0.000026560 0.000026470 0.000023910 0.000038760 0.000020740 0.000029410 0.000027990 0.000018350 0.000016380 0.000037550 
25     0.000000000 0.000018730 0.000001580 0.000000000 0.000001160 0.000007230 0.000000450 0.000014660 0.000006480 0.000008410 0.000027810 0.000027000 0.000014460 0.000009800 0.000005210 0.000024300 0.000013160 0.000024120 0.000022040 0.000025470 0.000027980 0.000023720 0.000021930 0.000030200 0.000025670 0.000025250 0.000024370 0.000030230 0.000023540 0.000021880 0.000005420 0.000022270 0.000008040 0.000019280 0.000007910 0.000005210 0.000031010 0.000031990 0.000035870 0.000031820 0.000030780 0.000030460 0.000029050 0.000021420 0.000033270 0.000022100 0.000024550 0.000023700 0.000022250 0.000020280 0.000039130 
4     0.000018800 0.000019820 0.000019300 0.000001160 0.000000000 0.000001390 0.000010850 0.000015880 0.000010690 0.000011320 0.000027170 0.000026360 0.000017370 0.000012710 0.000014610 0.000025520 0.000023710 0.000024050 0.000023260 0.000011180 0.000027340 0.000024940 0.000023150 0.000028610 0.000024240 0.000026470 0.000025590 0.000029590 0.000013160 0.000015510 0.000008330 0.000020900 0.000010950 0.000019220 0.000019570 0.000020230 0.000030370 0.000031350 0.000032340 0.000031180 0.000031970 0.000030580 0.000028410 0.000020780 0.000033920 0.000021460 0.000023910 0.000023060 0.000022520 0.000021500 0.000048090 
17     0.000019450 0.000018910 0.000024810 0.000007230 0.000001390 0.000000000 0.000012130 0.000016530 0.000011970 0.000012600 0.000026700 0.000025890 0.000018650 0.000013990 0.000015890 0.000025110 0.000024360 0.000023580 0.000023910 0.000013410 0.000026870 0.000025590 0.000023800 0.000019620 0.000015250 0.000026700 0.000026240 0.000029120 0.000012340 0.000011630 0.000009610 0.000017020 0.000012230 0.000018750 0.000019100 0.000019760 0.000029900 0.000030880 0.000031230 0.000030710 0.000031500 0.000030110 0.000027940 0.000020310 0.000033450 0.000020990 0.000023440 0.000022590 0.000022050 0.000022150 0.000047620 
33     0.000000450 0.000012660 0.000011960 0.000000450 0.000010850 0.000012130 0.000000000 0.000001000 0.000007110 0.000012570 0.000022180 0.000024700 0.000018620 0.000013960 0.000014000 0.000025530 0.000025170 0.000024000 0.000019040 0.000025860 0.000027290 0.000015470 0.000027780 0.000032930 0.000029150 0.000030250 0.000030810 0.000030720 0.000022610 0.000020950 0.000009580 0.000021340 0.000012200 0.000018930 0.000019280 0.000019940 0.000031500 0.000032480 0.000019890 0.000027650 0.000024470 0.000024840 0.000020980 0.000020630 0.000030560 0.000022590 0.000025040 0.000024190 0.000023650 0.000024430 0.000049220 
16     0.000010440 0.000011590 0.000015800 0.000014660 0.000015880 0.000016530 0.000001000 0.000000000 0.000007340 0.000020830 0.000024570 0.000024970 0.000018090 0.000018230 0.000021290 0.000017160 0.000015350 0.000016980 0.000014900 0.000018330 0.000025950 0.000016580 0.000014790 0.000028150 0.000018530 0.000018110 0.000017230 0.000024770 0.000019390 0.000018630 0.000019850 0.000020140 0.000015920 0.000012140 0.000018080 0.000018740 0.000027070 0.000031140 0.000034140 0.000024860 0.000023640 0.000023320 0.000023230 0.000018910 0.000033710 0.000017500 0.000023700 0.000022850 0.000015110 0.000013140 0.000047880 
8     0.000012010 0.000011850 0.000006530 0.000006480 0.000010690 0.000011970 0.000007110 0.000007340 0.000000000 0.000012550 0.000019500 0.000018690 0.000017380 0.000013940 0.000009790 0.000017910 0.000017550 0.000016380 0.000017390 0.000018240 0.000019670 0.000018490 0.000003870 0.000025310 0.000021230 0.000020810 0.000019930 0.000021650 0.000015130 0.000013470 0.000009560 0.000013860 0.000012180 0.000011450 0.000009400 0.000009550 0.000023880 0.000024860 0.000030340 0.000024690 0.000025480 0.000024090 0.000021920 0.000012630 0.000027430 0.000014970 0.000017420 0.000016570 0.000006570 0.000015840 0.000041600 
6     0.000015860 0.000015700 0.000023110 0.000008410 0.000011320 0.000012600 0.000012570 0.000020830 0.000012550 0.000000000 0.000017650 0.000010670 0.000006570 0.000001910 0.000002460 0.000016060 0.000015700 0.000014530 0.000015540 0.000016390 0.000013750 0.000014420 0.000010180 0.000004670 0.000019990 0.000022740 0.000021860 0.000026470 0.000018600 0.000016940 0.000007430 0.000017050 0.000010050 0.000014920 0.000008950 0.000012860 0.000027250 0.000028230 0.000022050 0.000028060 0.000026630 0.000027000 0.000025290 0.000016480 0.000030800 0.000018340 0.000020790 0.000019940 0.000019400 0.000020180 0.000044970 
29     0.000020810 0.000020650 0.000026290 0.000027810 0.000027170 0.000026700 0.000022180 0.000024570 0.000019500 0.000017650 0.000000000 0.000000050 0.000007340 0.000001370 0.000013390 0.000015830 0.000015470 0.000014300 0.000015310 0.000016160 0.000017590 0.000016410 0.000013650 0.000026590 0.000020040 0.000019620 0.000018740 0.000012640 0.000023550 0.000021890 0.000021990 0.000022280 0.000021040 0.000019870 0.000020220 0.000020880 0.000032200 0.000033180 0.000039100 0.000033010 0.000033800 0.000032410 0.000030240 0.000021430 0.000035750 0.000023290 0.000025740 0.000024890 0.000024350 0.000025130 0.000049920 
7     0.000020000 0.000019840 0.000027410 0.000027000 0.000026360 0.000025890 0.000024700 0.000024970 0.000018690 0.000010670 0.000000050 0.000000000 0.000006530 0.000003890 0.000005160 0.000015020 0.000014660 0.000013490 0.000014500 0.000015350 0.000016780 0.000015600 0.000016170 0.000029110 0.000021160 0.000020740 0.000019860 0.000015160 0.000022740 0.000021080 0.000021180 0.000021470 0.000020230 0.000000720 0.000019410 0.000020070 0.000031390 0.000032370 0.000038290 0.000032200 0.000032990 0.000031600 0.000029430 0.000020620 0.000034940 0.000022480 0.000024930 0.000024080 0.000022080 0.000024320 0.000049110 
35     0.000018690 0.000018530 0.000019810 0.000014460 0.000017370 0.000018650 0.000018620 0.000018090 0.000017380 0.000006570 0.000007340 0.000006530 0.000000000 0.000001400 0.000006580 0.000012190 0.000010380 0.000012010 0.000009930 0.000013360 0.000015470 0.000011610 0.000009820 0.000017040 0.000013560 0.000013140 0.000012260 0.000019800 0.000021430 0.000019770 0.000013480 0.000020160 0.000016100 0.000017670 0.000018100 0.000018760 0.000030080 0.000031060 0.000020760 0.000030390 0.000029170 0.000028850 0.000028120 0.000019310 0.000033630 0.000021170 0.000023620 0.000022770 0.000020640 0.000018670 0.000047800 
13     0.000019790 0.000020940 0.000019950 0.000009800 0.000012710 0.000013990 0.000013960 0.000018230 0.000013940 0.000001910 0.000001370 0.000003890 0.000001400 0.000000000 0.000001920 0.000012330 0.000010520 0.000012150 0.000010070 0.000013500 0.000017050 0.000011750 0.000009960 0.000023320 0.000013700 0.000013280 0.000012400 0.000011970 0.000024320 0.000022660 0.000008820 0.000023050 0.000011440 0.000017810 0.000020990 0.000021000 0.000032740 0.000033950 0.000039810 0.000030530 0.000029310 0.000028990 0.000028900 0.000022200 0.000036520 0.000023170 0.000026510 0.000025660 0.000020780 0.000018810 0.000050690 
34     0.000022850 0.000023690 0.000005260 0.000005210 0.000014610 0.000015890 0.000014000 0.000021290 0.000009790 0.000002460 0.000013390 0.000005160 0.000006580 0.000001920 0.000000000 0.000015390 0.000013580 0.000015210 0.000013130 0.000016560 0.000016660 0.000014810 0.000013020 0.000018310 0.000014530 0.000015630 0.000015460 0.000016100 0.000026590 0.000024930 0.000010720 0.000025320 0.000013340 0.000020870 0.000008880 0.000006180 0.000031460 0.000032440 0.000013740 0.000032270 0.000032370 0.000031670 0.000029500 0.000024470 0.000035010 0.000022550 0.000025000 0.000024150 0.000023610 0.000021870 0.000046990 
11     0.000018720 0.000019060 0.000018880 0.000024300 0.000025520 0.000025110 0.000025530 0.000017160 0.000017910 0.000016060 0.000015830 0.000015020 0.000012190 0.000012330 0.000015390 0.000000000 0.000002360 0.000008810 0.000004600 0.000007060 0.000005830 0.000009840 0.000008570 0.000008880 0.000004830 0.000011890 0.000011010 0.000018550 0.000021960 0.000020300 0.000020400 0.000020690 0.000019450 0.000016740 0.000018630 0.000019290 0.000030610 0.000031590 0.000035020 0.000029460 0.000028240 0.000019990 0.000027830 0.000019840 0.000034160 0.000021700 0.000024150 0.000023300 0.000019710 0.000017740 0.000048330 
21     0.000016910 0.000018060 0.000017070 0.000013160 0.000023710 0.000024360 0.000025170 0.000015350 0.000017550 0.000015700 0.000015470 0.000014660 0.000010380 0.000010520 0.000013580 0.000002360 0.000000000 0.000001960 0.000000730 0.000009780 0.000013570 0.000008030 0.000006760 0.000011240 0.000010500 0.000010080 0.000009200 0.000016740 0.000021600 0.000019940 0.000020040 0.000020330 0.000018710 0.000014930 0.000018270 0.000018930 0.000029860 0.000031230 0.000032020 0.000027650 0.000026430 0.000026110 0.000026020 0.000017130 0.000033800 0.000020290 0.000023790 0.000022940 0.000017900 0.000015930 0.000047970 
28     0.000017690 0.000017530 0.000018700 0.000024120 0.000024050 0.000023580 0.000024000 0.000016980 0.000016380 0.000014530 0.000014300 0.000013490 0.000012010 0.000012150 0.000015210 0.000008810 0.000001960 0.000000000 0.000000780 0.000011410 0.000014270 0.000009660 0.000008390 0.000017500 0.000012130 0.000011710 0.000010830 0.000018370 0.000020430 0.000018770 0.000018870 0.000019160 0.000017920 0.000016560 0.000017100 0.000017760 0.000029080 0.000030060 0.000032750 0.000029280 0.000028060 0.000027740 0.000027120 0.000018310 0.000032630 0.000020170 0.000022620 0.000021770 0.000019530 0.000017560 0.000046800 
27     0.000016460 0.000017610 0.000016620 0.000022040 0.000023260 0.000023910 0.000019040 0.000014900 0.000017390 0.000015540 0.000015310 0.000014500 0.000009930 0.000010070 0.000013130 0.000004600 0.000000730 0.000000780 0.000000000 0.000004910 0.000012490 0.000007580 0.000006310 0.000007400 0.000010050 0.000009630 0.000008750 0.000016290 0.000021440 0.000019780 0.000019880 0.000020170 0.000018260 0.000011160 0.000018110 0.000018770 0.000029410 0.000031070 0.000032860 0.000027200 0.000025980 0.000025660 0.000025570 0.000005560 0.000033640 0.000019840 0.000023630 0.000022780 0.000017450 0.000015480 0.000039090 
22     0.000019550 0.000019390 0.000020050 0.000025470 0.000011180 0.000013410 0.000025860 0.000018330 0.000018240 0.000016390 0.000016160 0.000015350 0.000013360 0.000013500 0.000016560 0.000007060 0.000009780 0.000011410 0.000004910 0.000000000 0.000004380 0.000003510 0.000009740 0.000008430 0.000013480 0.000012670 0.000011150 0.000019720 0.000022290 0.000020630 0.000020730 0.000021020 0.000019780 0.000017910 0.000018960 0.000019620 0.000030940 0.000031920 0.000037840 0.000030630 0.000029410 0.000029090 0.000028980 0.000020170 0.000034490 0.000022030 0.000024480 0.000023630 0.000020880 0.000018910 0.000048660 
10     0.000020980 0.000020820 0.000030410 0.000027980 0.000027340 0.000026870 0.000027290 0.000025950 0.000019670 0.000013750 0.000017590 0.000016780 0.000015470 0.000017050 0.000016660 0.000005830 0.000013570 0.000014270 0.000012490 0.000004380 0.000000000 0.000002250 0.000014080 0.000016010 0.000023510 0.000018940 0.000018730 0.000023400 0.000023720 0.000022060 0.000022160 0.000022450 0.000021210 0.000020040 0.000020390 0.000021050 0.000032370 0.000033350 0.000032890 0.000033180 0.000033970 0.000032580 0.000030410 0.000014350 0.000035920 0.000023460 0.000025910 0.000025060 0.000024520 0.000008010 0.000050090 
20     0.000018140 0.000019290 0.000018300 0.000023720 0.000024940 0.000025590 0.000015470 0.000016580 0.000018490 0.000014420 0.000016410 0.000015600 0.000011610 0.000011750 0.000014810 0.000009840 0.000008030 0.000009660 0.000007580 0.000003510 0.000002250 0.000000000 0.000007990 0.000009770 0.000011730 0.000011310 0.000010430 0.000014640 0.000022540 0.000020880 0.000020980 0.000021270 0.000018420 0.000016160 0.000019210 0.000019870 0.000031090 0.000032170 0.000031620 0.000028880 0.000027660 0.000027340 0.000027250 0.000020420 0.000034740 0.000021520 0.000024730 0.000023880 0.000019130 0.000017160 0.000048910 
32     0.000016350 0.000017500 0.000016510 0.000021930 0.000023150 0.000023800 0.000027780 0.000014790 0.000003870 0.000010180 0.000013650 0.000016170 0.000009820 0.000009960 0.000013020 0.000008570 0.000006760 0.000008390 0.000006310 0.000009740 0.000014080 0.000007990 0.000000000 0.000012930 0.000005220 0.000007080 0.000006200 0.000001170 0.000016960 0.000017000 0.000018400 0.000018490 0.000018150 0.000014370 0.000005590 0.000005740 0.000029080 0.000030060 0.000032390 0.000027090 0.000025870 0.000025550 0.000025460 0.000022090 0.000026570 0.000019730 0.000022620 0.000021770 0.000017340 0.000015370 0.000046800 
2     0.000026620 0.000023600 0.000028620 0.000030200 0.000028610 0.000019620 0.000032930 0.000028150 0.000025310 0.000004670 0.000026590 0.000029110 0.000017040 0.000023320 0.000018310 0.000008880 0.000011240 0.000017500 0.000007400 0.000008430 0.000016010 0.000009770 0.000012930 0.000000000 0.000007650 0.000005040 0.000003520 0.000011490 0.000029360 0.000027700 0.000027800 0.000028090 0.000026850 0.000025680 0.000026030 0.000026690 0.000034230 0.000035210 0.000032010 0.000035040 0.000035830 0.000022710 0.000024230 0.000027240 0.000037780 0.000025320 0.000027770 0.000026920 0.000026380 0.000022660 0.000028310 
9     0.000020090 0.000012370 0.000020250 0.000025670 0.000024240 0.000015250 0.000029150 0.000018530 0.000021230 0.000019990 0.000020040 0.000021160 0.000013560 0.000013700 0.000014530 0.000004830 0.000010500 0.000012130 0.000010050 0.000013480 0.000023510 0.000011730 0.000005220 0.000007650 0.000000000 0.000006820 0.000005940 0.000008930 0.000025360 0.000023920 0.000024020 0.000024310 0.000021890 0.000018110 0.000022250 0.000022910 0.000030450 0.000031430 0.000037350 0.000030830 0.000029610 0.000029290 0.000028490 0.000023460 0.000032500 0.000021540 0.000023990 0.000023140 0.000021080 0.000019110 0.000004430 
31     0.000019670 0.000020820 0.000019830 0.000025250 0.000026470 0.000026700 0.000030250 0.000018110 0.000020810 0.000022740 0.000019620 0.000020740 0.000013140 0.000013280 0.000015630 0.000011890 0.000010080 0.000011710 0.000009630 0.000012670 0.000018940 0.000011310 0.000007080 0.000005040 0.000006820 0.000000000 0.000000270 0.000002720 0.000024940 0.000024180 0.000025120 0.000025410 0.000021470 0.000017690 0.000023350 0.000024010 0.000031550 0.000032530 0.000033310 0.000030410 0.000029190 0.000028870 0.000028780 0.000024560 0.000035100 0.000022640 0.000025090 0.000024240 0.000020660 0.000018690 0.000047060 
14     0.000018790 0.000019940 0.000018950 0.000024370 0.000025590 0.000026240 0.000030810 0.000017230 0.000019930 0.000021860 0.000018740 0.000019860 0.000012260 0.000012400 0.000015460 0.000011010 0.000009200 0.000010830 0.000008750 0.000011150 0.000018730 0.000010430 0.000006200 0.000003520 0.000005940 0.000000270 0.000000000 0.000006910 0.000024060 0.000023300 0.000024920 0.000024860 0.000020590 0.000016810 0.000023670 0.000024100 0.000031740 0.000033090 0.000035370 0.000029530 0.000028310 0.000027990 0.000023350 0.000025120 0.000035660 0.000022170 0.000025650 0.000024800 0.000019780 0.000017810 0.000049830 
12     0.000024410 0.000024250 0.000026490 0.000030230 0.000029590 0.000029120 0.000030720 0.000024770 0.000021650 0.000026470 0.000012640 0.000015160 0.000019800 0.000011970 0.000016100 0.000018550 0.000016740 0.000018370 0.000016290 0.000019720 0.000023400 0.000014640 0.000001170 0.000011490 0.000008930 0.000002720 0.000006910 0.000000000 0.000027150 0.000025490 0.000025590 0.000025880 0.000024640 0.000023470 0.000023820 0.000024480 0.000032020 0.000033000 0.000038920 0.000032830 0.000033620 0.000032230 0.000030060 0.000025030 0.000035570 0.000023110 0.000025560 0.000024710 0.000024170 0.000024950 0.000049740 
30     0.000016440 0.000016280 0.000022630 0.000023540 0.000013160 0.000012340 0.000022610 0.000019390 0.000015130 0.000018600 0.000023550 0.000022740 0.000021430 0.000024320 0.000026590 0.000021960 0.000021600 0.000020430 0.000021440 0.000022290 0.000023720 0.000022540 0.000016960 0.000029360 0.000025360 0.000024940 0.000024060 0.000027150 0.000000000 0.000000000 0.000001110 0.000000330 0.000011410 0.000006820 0.000011890 0.000012550 0.000027930 0.000028910 0.000034830 0.000028740 0.000029530 0.000028140 0.000025970 0.000017060 0.000031480 0.000019020 0.000021470 0.000020620 0.000020080 0.000019190 0.000045650 
1     0.000014780 0.000014620 0.000021870 0.000021880 0.000015510 0.000011630 0.000020950 0.000018630 0.000013470 0.000016940 0.000021890 0.000021080 0.000019770 0.000022660 0.000024930 0.000020300 0.000019940 0.000018770 0.000019780 0.000020630 0.000022060 0.000020880 0.000017000 0.000027700 0.000023920 0.000024180 0.000023300 0.000025490 0.000000000 0.000000000 0.000000870 0.000001090 0.000005990 0.000003540 0.000010230 0.000010890 0.000026270 0.000027250 0.000033170 0.000027080 0.000027870 0.000026480 0.000024310 0.000015400 0.000029820 0.000017360 0.000019810 0.000018960 0.000018420 0.000018430 0.000043990 
18     0.000014880 0.000014720 0.000023490 0.000005420 0.000008330 0.000009610 0.000009580 0.000019850 0.000009560 0.000007430 0.000021990 0.000021180 0.000013480 0.000008820 0.000010720 0.000020400 0.000020040 0.000018870 0.000019880 0.000020730 0.000022160 0.000020980 0.000018400 0.000027800 0.000024020 0.000025120 0.000024920 0.000025590 0.000001110 0.000000870 0.000000000 0.000000000 0.000005940 0.000007790 0.000010330 0.000010990 0.000026370 0.000027350 0.000033270 0.000027180 0.000027970 0.000026580 0.000024410 0.000015500 0.000029920 0.000017460 0.000019910 0.000019060 0.000018520 0.000019300 0.000044090 
23     0.000015170 0.000015010 0.000023430 0.000022270 0.000020900 0.000017020 0.000021340 0.000020140 0.000013860 0.000017050 0.000022280 0.000021470 0.000020160 0.000023050 0.000025320 0.000020690 0.000020330 0.000019160 0.000020170 0.000021020 0.000022450 0.000021270 0.000018490 0.000028090 0.000024310 0.000025410 0.000024860 0.000025880 0.000000330 0.000001090 0.000000000 0.000000000 0.000007590 0.000004510 0.000008600 0.000008190 0.000026660 0.000027640 0.000028140 0.000027470 0.000028260 0.000026870 0.000024700 0.000015790 0.000030210 0.000017750 0.000020200 0.000019350 0.000018810 0.000019590 0.000044380 
3     0.000013930 0.000012540 0.000019160 0.000008040 0.000010950 0.000012230 0.000012200 0.000015920 0.000012180 0.000010050 0.000021040 0.000020230 0.000016100 0.000011440 0.000013340 0.000019450 0.000018710 0.000017920 0.000018260 0.000019780 0.000021210 0.000018420 0.000018150 0.000026850 0.000021890 0.000021470 0.000020590 0.000024640 0.000011410 0.000005990 0.000005940 0.000007590 0.000000000 0.000004330 0.000007930 0.000005680 0.000025420 0.000026400 0.000027470 0.000026230 0.000026220 0.000025630 0.000023460 0.000014550 0.000028970 0.000016510 0.000018960 0.000018110 0.000017570 0.000015720 0.000043140 
5     0.000012760 0.000012600 0.000015380 0.000019280 0.000019220 0.000018750 0.000018930 0.000012140 0.000011450 0.000014920 0.000019870 0.000000720 0.000017670 0.000017810 0.000020870 0.000016740 0.000014930 0.000016560 0.000011160 0.000017910 0.000020040 0.000016160 0.000014370 0.000025680 0.000018110 0.000017690 0.000016810 0.000023470 0.000006820 0.000003540 0.000007790 0.000004510 0.000004330 0.000000000 0.000008210 0.000008870 0.000024250 0.000025230 0.000031150 0.000023660 0.000022440 0.000022120 0.000022030 0.000013380 0.000027800 0.000015340 0.000017790 0.000016940 0.000013910 0.000011940 0.000041970 
36     0.000013110 0.000012950 0.000007960 0.000007910 0.000019570 0.000019100 0.000019280 0.000018080 0.000009400 0.000008950 0.000020220 0.000019410 0.000018100 0.000020990 0.000008880 0.000018630 0.000018270 0.000017100 0.000018110 0.000018960 0.000020390 0.000019210 0.000005590 0.000026030 0.000022250 0.000023350 0.000023670 0.000023820 0.000011890 0.000010230 0.000010330 0.000008600 0.000007930 0.000008210 0.000000000 0.000000210 0.000024600 0.000025580 0.000024360 0.000025410 0.000026200 0.000024810 0.000022640 0.000013730 0.000028150 0.000015690 0.000018140 0.000017290 0.000016750 0.000017530 0.000042320 
26     0.000013770 0.000013610 0.000005260 0.000005210 0.000020230 0.000019760 0.000019940 0.000018740 0.000009550 0.000012860 0.000020880 0.000020070 0.000018760 0.000021000 0.000006180 0.000019290 0.000018930 0.000017760 0.000018770 0.000019620 0.000021050 0.000019870 0.000005740 0.000026690 0.000022910 0.000024010 0.000024100 0.000024480 0.000012550 0.000010890 0.000010990 0.000008190 0.000005680 0.000008870 0.000000210 0.000000000 0.000025260 0.000026240 0.000023950 0.000026070 0.000026860 0.000025470 0.000018490 0.000014390 0.000028810 0.000016350 0.000018800 0.000017950 0.000017410 0.000018190 0.000042980 
40     0.000025190 0.000025030 0.000030310 0.000031010 0.000030370 0.000029900 0.000031500 0.000027070 0.000023880 0.000027250 0.000032200 0.000031390 0.000030080 0.000032740 0.000031460 0.000030610 0.000029860 0.000029080 0.000029410 0.000030940 0.000032370 0.000031090 0.000029080 0.000034230 0.000030450 0.000031550 0.000031740 0.000032020 0.000027930 0.000026270 0.000026370 0.000026660 0.000025420 0.000024250 0.000024600 0.000025260 0.000000000 0.000001000 0.000013620 0.000016590 0.000017380 0.000015990 0.000013820 0.000023060 0.000025950 0.000023030 0.000025480 0.000024630 0.000024090 0.000024430 0.000045480 
37     0.000026170 0.000026010 0.000034730 0.000031990 0.000031350 0.000030880 0.000032480 0.000031140 0.000024860 0.000028230 0.000033180 0.000032370 0.000031060 0.000033950 0.000032440 0.000031590 0.000031230 0.000030060 0.000031070 0.000031920 0.000033350 0.000032170 0.000030060 0.000035210 0.000031430 0.000032530 0.000033090 0.000033000 0.000028910 0.000027250 0.000027350 0.000027640 0.000026400 0.000025230 0.000025580 0.000026240 0.000001000 0.000000000 0.000002300 0.000017570 0.000018360 0.000016970 0.000014800 0.000026790 0.000026930 0.000024010 0.000026460 0.000025610 0.000025070 0.000025850 0.000046460 
48     0.000020710 0.000028190 0.000028090 0.000035870 0.000032340 0.000031230 0.000019890 0.000034140 0.000030340 0.000022050 0.000039100 0.000038290 0.000020760 0.000039810 0.000013740 0.000035020 0.000032020 0.000032750 0.000032860 0.000037840 0.000032890 0.000031620 0.000032390 0.000032010 0.000037350 0.000033310 0.000035370 0.000038920 0.000034830 0.000033170 0.000033270 0.000028140 0.000027470 0.000031150 0.000024360 0.000023950 0.000013620 0.000002300 0.000000000 0.000010360 0.000007180 0.000007550 0.000020720 0.000028490 0.000016310 0.000029930 0.000031280 0.000029680 0.000030990 0.000022670 0.000052380 
46     0.000026000 0.000025840 0.000028100 0.000031820 0.000031180 0.000030710 0.000027650 0.000024860 0.000024690 0.000028060 0.000033010 0.000032200 0.000030390 0.000030530 0.000032270 0.000029460 0.000027650 0.000029280 0.000027200 0.000030630 0.000033180 0.000028880 0.000027090 0.000035040 0.000030830 0.000030410 0.000029530 0.000032830 0.000028740 0.000027080 0.000027180 0.000027470 0.000026230 0.000023660 0.000025410 0.000026070 0.000016590 0.000017570 0.000010360 0.000000000 0.000002190 0.000000020 0.000011710 0.000020850 0.000024070 0.000023340 0.000026290 0.000025440 0.000024190 0.000022220 0.000046290 
47     0.000025200 0.000026350 0.000026880 0.000030780 0.000031970 0.000031500 0.000024470 0.000023640 0.000025480 0.000026630 0.000033800 0.000032990 0.000029170 0.000029310 0.000032370 0.000028240 0.000026430 0.000028060 0.000025980 0.000029410 0.000033970 0.000027660 0.000025870 0.000035830 0.000029610 0.000029190 0.000028310 0.000033620 0.000029530 0.000027870 0.000027970 0.000028260 0.000026220 0.000022440 0.000026200 0.000026860 0.000017380 0.000018360 0.000007180 0.000002190 0.000000000 0.000001430 0.000012500 0.000019630 0.000020890 0.000023230 0.000027080 0.000026230 0.000022970 0.000021000 0.000047080 
50     0.000024880 0.000025240 0.000026560 0.000030460 0.000030580 0.000030110 0.000024840 0.000023320 0.000024090 0.000027000 0.000032410 0.000031600 0.000028850 0.000028990 0.000031670 0.000019990 0.000026110 0.000027740 0.000025660 0.000029090 0.000032580 0.000027340 0.000025550 0.000022710 0.000029290 0.000028870 0.000027990 0.000032230 0.000028140 0.000026480 0.000026580 0.000026870 0.000025630 0.000022120 0.000024810 0.000025470 0.000015990 0.000016970 0.000007550 0.000000020 0.000001430 0.000000000 0.000011110 0.000019310 0.000021260 0.000023240 0.000025690 0.000024840 0.000022650 0.000020680 0.000031640 
44     0.000023230 0.000023070 0.000026470 0.000029050 0.000028410 0.000027940 0.000020980 0.000023230 0.000021920 0.000025290 0.000030240 0.000029430 0.000028120 0.000028900 0.000029500 0.000027830 0.000026020 0.000027120 0.000025570 0.000028980 0.000030410 0.000027250 0.000025460 0.000024230 0.000028490 0.000028780 0.000023350 0.000030060 0.000025970 0.000024310 0.000024410 0.000024700 0.000023460 0.000022030 0.000022640 0.000018490 0.000013820 0.000014800 0.000020720 0.000011710 0.000012500 0.000011110 0.000000000 0.000013580 0.000023990 0.000013050 0.000023520 0.000022670 0.000022130 0.000005440 0.000033160 
42     0.000012100 0.000005520 0.000023910 0.000021420 0.000020780 0.000020310 0.000020630 0.000018910 0.000012630 0.000016480 0.000021430 0.000020620 0.000019310 0.000022200 0.000024470 0.000019840 0.000017130 0.000018310 0.000005560 0.000020170 0.000014350 0.000020420 0.000022090 0.000027240 0.000023460 0.000024560 0.000025120 0.000025030 0.000017060 0.000015400 0.000015500 0.000015790 0.000014550 0.000013380 0.000013730 0.000014390 0.000023060 0.000026790 0.000028490 0.000020850 0.000019630 0.000019310 0.000013580 0.000000000 0.000023390 0.000006610 0.000019350 0.000004350 0.000003760 0.000003730 0.000043530 
39     0.000028740 0.000028580 0.000038760 0.000033270 0.000033920 0.000033450 0.000030560 0.000033710 0.000027430 0.000030800 0.000035750 0.000034940 0.000033630 0.000036520 0.000035010 0.000034160 0.000033800 0.000032630 0.000033640 0.000034490 0.000035920 0.000034740 0.000026570 0.000037780 0.000032500 0.000035100 0.000035660 0.000035570 0.000031480 0.000029820 0.000029920 0.000030210 0.000028970 0.000027800 0.000028150 0.000028810 0.000025950 0.000026930 0.000016310 0.000024070 0.000020890 0.000021260 0.000023990 0.000023390 0.000000000 0.000019380 0.000029030 0.000028180 0.000027640 0.000028420 0.000049030 
43     0.000016280 0.000008130 0.000020740 0.000022100 0.000021460 0.000020990 0.000022590 0.000017500 0.000014970 0.000018340 0.000023290 0.000022480 0.000021170 0.000023170 0.000022550 0.000021700 0.000020290 0.000020170 0.000019840 0.000022030 0.000023460 0.000021520 0.000019730 0.000025320 0.000021540 0.000022640 0.000022170 0.000023110 0.000019020 0.000017360 0.000017460 0.000017750 0.000016510 0.000015340 0.000015690 0.000016350 0.000023030 0.000024010 0.000029930 0.000023340 0.000023230 0.000023240 0.000013050 0.000006610 0.000019380 0.000000000 0.000013290 0.000012440 0.000011900 0.000000280 0.000040750 
41     0.000018730 0.000018570 0.000029410 0.000024550 0.000023910 0.000023440 0.000025040 0.000023700 0.000017420 0.000020790 0.000025740 0.000024930 0.000023620 0.000026510 0.000025000 0.000024150 0.000023790 0.000022620 0.000023630 0.000024480 0.000025910 0.000024730 0.000022620 0.000027770 0.000023990 0.000025090 0.000025650 0.000025560 0.000021470 0.000019810 0.000019910 0.000020200 0.000018960 0.000017790 0.000018140 0.000018800 0.000025480 0.000026460 0.000031280 0.000026290 0.000027080 0.000025690 0.000023520 0.000019350 0.000029030 0.000013290 0.000000000 0.000001060 0.000002260 0.000011950 0.000043200 
38     0.000017880 0.000017720 0.000027990 0.000023700 0.000023060 0.000022590 0.000024190 0.000022850 0.000016570 0.000019940 0.000024890 0.000024080 0.000022770 0.000025660 0.000024150 0.000023300 0.000022940 0.000021770 0.000022780 0.000023630 0.000025060 0.000023880 0.000021770 0.000026920 0.000023140 0.000024240 0.000024800 0.000024710 0.000020620 0.000018960 0.000019060 0.000019350 0.000018110 0.000016940 0.000017290 0.000017950 0.000024630 0.000025610 0.000029680 0.000025440 0.000026230 0.000024840 0.000022670 0.000004350 0.000028180 0.000012440 0.000001060 0.000000000 0.000000630 0.000000620 0.000042350 
45     0.000016670 0.000017180 0.000018350 0.000022250 0.000022520 0.000022050 0.000023650 0.000015110 0.000006570 0.000019400 0.000024350 0.000022080 0.000020640 0.000020780 0.000023610 0.000019710 0.000017900 0.000019530 0.000017450 0.000020880 0.000024520 0.000019130 0.000017340 0.000026380 0.000021080 0.000020660 0.000019780 0.000024170 0.000020080 0.000018420 0.000018520 0.000018810 0.000017570 0.000013910 0.000016750 0.000017410 0.000024090 0.000025070 0.000030990 0.000024190 0.000022970 0.000022650 0.000022130 0.000003760 0.000027640 0.000011900 0.000002260 0.000000630 0.000000000 0.000000030 0.000041810 
49     0.000014700 0.000015850 0.000016380 0.000020280 0.000021500 0.000022150 0.000024430 0.000013140 0.000015840 0.000020180 0.000025130 0.000024320 0.000018670 0.000018810 0.000021870 0.000017740 0.000015930 0.000017560 0.000015480 0.000018910 0.000008010 0.000017160 0.000015370 0.000022660 0.000019110 0.000018690 0.000017810 0.000024950 0.000019190 0.000018430 0.000019300 0.000019590 0.000015720 0.000011940 0.000017530 0.000018190 0.000024430 0.000025850 0.000022670 0.000022220 0.000021000 0.000020680 0.000005440 0.000003730 0.000028420 0.000000280 0.000011950 0.000000620 0.000000030 0.000000000 0.000014370 
0     0.000042910 0.000041060 0.000037550 0.000039130 0.000048090 0.000047620 0.000049220 0.000047880 0.000041600 0.000044970 0.000049920 0.000049110 0.000047800 0.000050690 0.000046990 0.000048330 0.000047970 0.000046800 0.000039090 0.000048660 0.000050090 0.000048910 0.000046800 0.000028310 0.000004430 0.000047060 0.000049830 0.000049740 0.000045650 0.000043990 0.000044090 0.000044380 0.000043140 0.000041970 0.000042320 0.000042980 0.000045480 0.000046460 0.000052380 0.000046290 0.000047080 0.000031640 0.000033160 0.000043530 0.000049030 0.000040750 0.000043200 0.000042350 0.000041810 0.000014370 0.000000000 
