51
16     0.000000000 0.000001880 0.000010540 0.000011870 0.000009990 0.000009650 0.000009560 0.000010030 0.000009650 0.000009580 0.000009340 0.000009240 0.000009440 0.000009520 0.000009730 0.000011330 0.000010140 0.000010210 0.000010310 0.000010450 0.000010250 0.000009380 0.000009270 0.000010230 0.000009940 0.000010560 0.000009310 0.000009380 0.000010110 0.000013470 0.000009590 0.000011330 0.000011090 0.000011090 0.000009820 0.000009410 0.000009360 0.000009510 0.000009310 0.000010290 0.000010430 0.000010890 0.000011020 0.000010990 0.000010980 0.000011330 0.000011130 0.000011440 0.000010240 0.000009800 0.000018920 
31     0.000001880 0.000000000 0.000010940 0.000012270 0.000010390 0.000010050 0.000009960 0.000010430 0.000010050 0.000009980 0.000009740 0.000009640 0.000009840 0.000009920 0.000010130 0.000011730 0.000010540 0.000010610 0.000010710 0.000010850 0.000010650 0.000009780 0.000009670 0.000010630 0.000010340 0.000010960 0.000009710 0.000009780 0.000010510 0.000013870 0.000009990 0.000011730 0.000011490 0.000011490 0.000010220 0.000009810 0.000009760 0.000009910 0.000009710 0.000010690 0.000010830 0.000011290 0.000011420 0.000011390 0.000011380 0.000011730 0.000011530 0.000011840 0.000010640 0.000010200 0.000019320 
23     0.000010540 0.000010940 0.000000000 0.000005770 0.000004030 0.000003690 0.000003600 0.000004070 0.000003690 0.000003620 0.000003380 0.000003280 0.000003480 0.000003560 0.000003770 0.000007290 0.000006100 0.000006170 0.000006270 0.000006410 0.000006210 0.000004760 0.000004650 0.000005610 0.000005320 0.000005940 0.000004690 0.000004760 0.000005490 0.000010370 0.000006490 0.000008230 0.000007990 0.000007990 0.000007240 0.000006830 0.000006780 0.000006930 0.000006730 0.000007710 0.000007850 0.000008310 0.000008440 0.000008410 0.000008400 0.000008750 0.000008550 0.000008860 0.000007660 0.000007220 0.000016340 
24     0.000011870 0.000012270 0.000005770 0.000000000 0.000005360 0.000005020 0.000004930 0.000005400 0.000005020 0.000004950 0.000004710 0.000004610 0.000004810 0.000004890 0.000005100 0.000008620 0.000007430 0.000007500 0.000007600 0.000007740 0.000007540 0.000006090 0.000005980 0.000006940 0.000006650 0.000007270 0.000006020 0.000006090 0.000006820 0.000011700 0.000007820 0.000009560 0.000009320 0.000009320 0.000008570 0.000008160 0.000008110 0.000008260 0.000008060 0.000009040 0.000009180 0.000009640 0.000009770 0.000009740 0.000009730 0.000010080 0.000009880 0.000010190 0.000008990 0.000008550 0.000017670 
10     0.000009990 0.000010390 0.000004030 0.000005360 0.000000000 0.000002860 0.000002770 0.000003140 0.000002760 0.000002690 0.000002450 0.000002350 0.000002550 0.000002630 0.000002840 0.000006740 0.000005550 0.000005620 0.000005720 0.000005860 0.000005660 0.000004210 0.000004100 0.000005060 0.000004770 0.000005390 0.000004140 0.000004210 0.000004940 0.000009820 0.000005940 0.000007680 0.000007440 0.000007440 0.000006690 0.000006280 0.000006230 0.000006380 0.000006180 0.000007160 0.000007300 0.000007760 0.000007890 0.000007860 0.000007850 0.000008200 0.000008000 0.000008310 0.000007110 0.000006670 0.000015790 
29     0.000009650 0.000010050 0.000003690 0.000005020 0.000002860 0.000000000 0.000000950 0.000002900 0.000002520 0.000002450 0.000002210 0.000002110 0.000002310 0.000002390 0.000002600 0.000006400 0.000005210 0.000005280 0.000005380 0.000005520 0.000005320 0.000003870 0.000003760 0.000004720 0.000004430 0.000005050 0.000003800 0.000003870 0.000004600 0.000009480 0.000005600 0.000007340 0.000007100 0.000007100 0.000006350 0.000005940 0.000005890 0.000006040 0.000005840 0.000006820 0.000006960 0.000007420 0.000007550 0.000007520 0.000007510 0.000007860 0.000007660 0.000007970 0.000006770 0.000006330 0.000015450 
28     0.000009560 0.000009960 0.000003600 0.000004930 0.000002770 0.000000950 0.000000000 0.000002810 0.000002430 0.000002360 0.000002120 0.000002020 0.000002220 0.000002300 0.000002510 0.000006040 0.000005120 0.000005190 0.000005290 0.000005430 0.000005230 0.000003780 0.000003670 0.000004630 0.000004340 0.000004960 0.000003710 0.000003780 0.000004510 0.000009390 0.000005510 0.000007250 0.000007010 0.000007010 0.000006260 0.000005850 0.000005800 0.000005950 0.000005750 0.000006730 0.000006870 0.000007330 0.000007460 0.000007430 0.000007420 0.000007770 0.000007570 0.000007880 0.000006680 0.000006240 0.000015360 
9     0.000010030 0.000010430 0.000004070 0.000005400 0.000003140 0.000002900 0.000002810 0.000000000 0.000002400 0.000002390 0.000002090 0.000002050 0.000002250 0.000002330 0.000002540 0.000006780 0.000005590 0.000005660 0.000005760 0.000005900 0.000005700 0.000004250 0.000004140 0.000005100 0.000004810 0.000005430 0.000004180 0.000004250 0.000004980 0.000009860 0.000005980 0.000007720 0.000007480 0.000007480 0.000006730 0.000006320 0.000006270 0.000006420 0.000006220 0.000007200 0.000007340 0.000007800 0.000007930 0.000007900 0.000007890 0.000008240 0.000008040 0.000008350 0.000007150 0.000006710 0.000015830 
25     0.000009650 0.000010050 0.000003690 0.000005020 0.000002760 0.000002520 0.000002430 0.000002400 0.000000000 0.000001880 0.000001010 0.000001670 0.000001870 0.000001950 0.000002160 0.000006400 0.000005210 0.000005280 0.000005380 0.000005520 0.000005320 0.000003870 0.000003760 0.000004720 0.000004430 0.000005050 0.000003800 0.000003870 0.000004600 0.000009480 0.000005600 0.000007340 0.000007100 0.000007100 0.000006350 0.000005940 0.000005890 0.000006040 0.000005840 0.000006820 0.000006960 0.000007420 0.000007550 0.000007520 0.000007510 0.000007860 0.000007660 0.000007970 0.000006770 0.000006330 0.000015450 
22     0.000009580 0.000009980 0.000003620 0.000004950 0.000002690 0.000002450 0.000002360 0.000002390 0.000001880 0.000000000 0.000001260 0.000000460 0.000001720 0.000001620 0.000001670 0.000006330 0.000005140 0.000005210 0.000005310 0.000005450 0.000005250 0.000003800 0.000003690 0.000004650 0.000004360 0.000004980 0.000003730 0.000003800 0.000004530 0.000009410 0.000005530 0.000007270 0.000007030 0.000007030 0.000006280 0.000005870 0.000005820 0.000005970 0.000005770 0.000006750 0.000006890 0.000007350 0.000007480 0.000007450 0.000007440 0.000007790 0.000007590 0.000007900 0.000006700 0.000006260 0.000015380 
12     0.000009340 0.000009740 0.000003380 0.000004710 0.000002450 0.000002210 0.000002120 0.000002090 0.000001010 0.000001260 0.000000000 0.000001040 0.000001560 0.000001640 0.000001850 0.000006090 0.000004900 0.000004970 0.000005070 0.000005210 0.000005010 0.000003560 0.000003450 0.000004410 0.000004120 0.000004740 0.000003490 0.000003560 0.000004290 0.000009170 0.000005290 0.000007030 0.000006790 0.000006790 0.000006040 0.000005630 0.000005580 0.000005730 0.000005530 0.000006510 0.000006650 0.000007110 0.000007240 0.000007210 0.000007200 0.000007550 0.000007350 0.000007660 0.000006460 0.000006020 0.000015140 
6     0.000009240 0.000009640 0.000003280 0.000004610 0.000002350 0.000002110 0.000002020 0.000002050 0.000001670 0.000000460 0.000001040 0.000000000 0.000001380 0.000001280 0.000001330 0.000005990 0.000004800 0.000004870 0.000004970 0.000005110 0.000004910 0.000003460 0.000003350 0.000004310 0.000004020 0.000004640 0.000003390 0.000003460 0.000004190 0.000009070 0.000005190 0.000006930 0.000006690 0.000006690 0.000005940 0.000005530 0.000005480 0.000005630 0.000005430 0.000006410 0.000006550 0.000007010 0.000007140 0.000007110 0.000007100 0.000007450 0.000007250 0.000007560 0.000006360 0.000005920 0.000015040 
5     0.000009440 0.000009840 0.000003480 0.000004810 0.000002550 0.000002310 0.000002220 0.000002250 0.000001870 0.000001720 0.000001560 0.000001380 0.000000000 0.000001660 0.000001870 0.000006190 0.000005000 0.000005070 0.000005170 0.000005310 0.000005110 0.000003660 0.000003550 0.000004510 0.000004220 0.000004840 0.000003590 0.000003660 0.000004390 0.000009270 0.000005390 0.000007130 0.000006890 0.000006890 0.000006140 0.000005730 0.000005680 0.000005830 0.000005630 0.000006610 0.000006750 0.000007210 0.000007340 0.000007310 0.000007300 0.000007650 0.000007450 0.000007760 0.000006560 0.000006120 0.000015240 
11     0.000009520 0.000009920 0.000003560 0.000004890 0.000002630 0.000002390 0.000002300 0.000002330 0.000001950 0.000001620 0.000001640 0.000001280 0.000001660 0.000000000 0.000001770 0.000006270 0.000005080 0.000005150 0.000005250 0.000005390 0.000005190 0.000003740 0.000003630 0.000004590 0.000004300 0.000004920 0.000003670 0.000003740 0.000004470 0.000009350 0.000005470 0.000007210 0.000006970 0.000006970 0.000006220 0.000005810 0.000005760 0.000005910 0.000005710 0.000006690 0.000006830 0.000007290 0.000007420 0.000007390 0.000007380 0.000007730 0.000007530 0.000007840 0.000006640 0.000006200 0.000015320 
21     0.000009730 0.000010130 0.000003770 0.000005100 0.000002840 0.000002600 0.000002510 0.000002540 0.000002160 0.000001670 0.000001850 0.000001330 0.000001870 0.000001770 0.000000000 0.000006480 0.000005290 0.000005360 0.000005460 0.000005600 0.000005400 0.000003950 0.000003840 0.000004800 0.000004510 0.000005130 0.000003880 0.000003950 0.000004680 0.000009560 0.000005680 0.000007420 0.000007180 0.000007180 0.000006430 0.000006020 0.000005970 0.000006120 0.000005920 0.000006900 0.000007040 0.000007500 0.000007630 0.000007600 0.000007590 0.000007940 0.000007740 0.000008050 0.000006850 0.000006410 0.000015530 
33     0.000011330 0.000011730 0.000007290 0.000008620 0.000006740 0.000006400 0.000006040 0.000006780 0.000006400 0.000006330 0.000006090 0.000005990 0.000006190 0.000006270 0.000006480 0.000000000 0.000002690 0.000002390 0.000003220 0.000003750 0.000003800 0.000006130 0.000006020 0.000006980 0.000006690 0.000007310 0.000005240 0.000005410 0.000006860 0.000011160 0.000007280 0.000009020 0.000008780 0.000008780 0.000008030 0.000007620 0.000007570 0.000007720 0.000007520 0.000008500 0.000008640 0.000009100 0.000009230 0.000009200 0.000009190 0.000009540 0.000009340 0.000009650 0.000008450 0.000008010 0.000017130 
20     0.000010140 0.000010540 0.000006100 0.000007430 0.000005550 0.000005210 0.000005120 0.000005590 0.000005210 0.000005140 0.000004900 0.000004800 0.000005000 0.000005080 0.000005290 0.000002690 0.000000000 0.000000500 0.000002550 0.000002690 0.000002490 0.000004940 0.000004830 0.000005790 0.000005500 0.000006120 0.000004870 0.000004940 0.000005670 0.000009970 0.000006090 0.000007830 0.000007590 0.000007590 0.000006840 0.000006430 0.000006380 0.000006530 0.000006330 0.000007310 0.000007450 0.000007910 0.000008040 0.000008010 0.000008000 0.000008350 0.000008150 0.000008460 0.000007260 0.000006820 0.000015940 
14     0.000010210 0.000010610 0.000006170 0.000007500 0.000005620 0.000005280 0.000005190 0.000005660 0.000005280 0.000005210 0.000004970 0.000004870 0.000005070 0.000005150 0.000005360 0.000002390 0.000000500 0.000000000 0.000002620 0.000002760 0.000002560 0.000005010 0.000004900 0.000005860 0.000005570 0.000006190 0.000004940 0.000005010 0.000005740 0.000010040 0.000006160 0.000007900 0.000007660 0.000007660 0.000006910 0.000006500 0.000006450 0.000006600 0.000006400 0.000007380 0.000007520 0.000007980 0.000008110 0.000008080 0.000008070 0.000008420 0.000008220 0.000008530 0.000007330 0.000006890 0.000016010 
27     0.000010310 0.000010710 0.000006270 0.000007600 0.000005720 0.000005380 0.000005290 0.000005760 0.000005380 0.000005310 0.000005070 0.000004970 0.000005170 0.000005250 0.000005460 0.000003220 0.000002550 0.000002620 0.000000000 0.000002540 0.000002340 0.000005110 0.000005000 0.000005960 0.000005670 0.000006290 0.000005040 0.000005110 0.000005840 0.000010140 0.000006260 0.000008000 0.000007760 0.000007760 0.000007010 0.000006600 0.000006550 0.000006700 0.000006500 0.000007480 0.000007620 0.000008080 0.000008210 0.000008180 0.000008170 0.000008520 0.000008320 0.000008630 0.000007430 0.000006990 0.000016110 
8     0.000010450 0.000010850 0.000006410 0.000007740 0.000005860 0.000005520 0.000005430 0.000005900 0.000005520 0.000005450 0.000005210 0.000005110 0.000005310 0.000005390 0.000005600 0.000003750 0.000002690 0.000002760 0.000002540 0.000000000 0.000001720 0.000005250 0.000005140 0.000006100 0.000005810 0.000006430 0.000005180 0.000005250 0.000005980 0.000010280 0.000006400 0.000008140 0.000007900 0.000007900 0.000007150 0.000006740 0.000006690 0.000006840 0.000006640 0.000007620 0.000007760 0.000008220 0.000008350 0.000008320 0.000008310 0.000008660 0.000008460 0.000008770 0.000007570 0.000007130 0.000016250 
18     0.000010250 0.000010650 0.000006210 0.000007540 0.000005660 0.000005320 0.000005230 0.000005700 0.000005320 0.000005250 0.000005010 0.000004910 0.000005110 0.000005190 0.000005400 0.000003800 0.000002490 0.000002560 0.000002340 0.000001720 0.000000000 0.000005050 0.000004940 0.000005900 0.000005610 0.000006230 0.000004980 0.000005050 0.000005780 0.000010080 0.000006200 0.000007940 0.000007700 0.000007700 0.000006950 0.000006540 0.000006490 0.000006640 0.000006440 0.000007420 0.000007560 0.000008020 0.000008150 0.000008120 0.000008110 0.000008460 0.000008260 0.000008570 0.000007370 0.000006930 0.000016050 
3     0.000009380 0.000009780 0.000004760 0.000006090 0.000004210 0.000003870 0.000003780 0.000004250 0.000003870 0.000003800 0.000003560 0.000003460 0.000003660 0.000003740 0.000003950 0.000006130 0.000004940 0.000005010 0.000005110 0.000005250 0.000005050 0.000000000 0.000001830 0.000002850 0.000002560 0.000004180 0.000002930 0.000003000 0.000003410 0.000009210 0.000005330 0.000007070 0.000006830 0.000006830 0.000006080 0.000005670 0.000005620 0.000005770 0.000005570 0.000006550 0.000006690 0.000007150 0.000007280 0.000007250 0.000007240 0.000007590 0.000007390 0.000007700 0.000006500 0.000006060 0.000015180 
26     0.000009270 0.000009670 0.000004650 0.000005980 0.000004100 0.000003760 0.000003670 0.000004140 0.000003760 0.000003690 0.000003450 0.000003350 0.000003550 0.000003630 0.000003840 0.000006020 0.000004830 0.000004900 0.000005000 0.000005140 0.000004940 0.000001830 0.000000000 0.000003300 0.000003010 0.000004070 0.000002820 0.000002890 0.000003300 0.000009100 0.000005220 0.000006960 0.000006720 0.000006720 0.000005970 0.000005560 0.000005510 0.000005660 0.000005460 0.000006440 0.000006580 0.000007040 0.000007170 0.000007140 0.000007130 0.000007480 0.000007280 0.000007590 0.000006390 0.000005950 0.000015070 
2     0.000010230 0.000010630 0.000005610 0.000006940 0.000005060 0.000004720 0.000004630 0.000005100 0.000004720 0.000004650 0.000004410 0.000004310 0.000004510 0.000004590 0.000004800 0.000006980 0.000005790 0.000005860 0.000005960 0.000006100 0.000005900 0.000002850 0.000003300 0.000000000 0.000000450 0.000005030 0.000003780 0.000003850 0.000004260 0.000010060 0.000006180 0.000007920 0.000007680 0.000007680 0.000006930 0.000006520 0.000006470 0.000006620 0.000006420 0.000007400 0.000007540 0.000008000 0.000008130 0.000008100 0.000008090 0.000008440 0.000008240 0.000008550 0.000007350 0.000006910 0.000016030 
1     0.000009940 0.000010340 0.000005320 0.000006650 0.000004770 0.000004430 0.000004340 0.000004810 0.000004430 0.000004360 0.000004120 0.000004020 0.000004220 0.000004300 0.000004510 0.000006690 0.000005500 0.000005570 0.000005670 0.000005810 0.000005610 0.000002560 0.000003010 0.000000450 0.000000000 0.000004740 0.000003490 0.000003560 0.000003970 0.000009770 0.000005890 0.000007630 0.000007390 0.000007390 0.000006640 0.000006230 0.000006180 0.000006330 0.000006130 0.000007110 0.000007250 0.000007710 0.000007840 0.000007810 0.000007800 0.000008150 0.000007950 0.000008260 0.000007060 0.000006620 0.000015740 
30     0.000010560 0.000010960 0.000005940 0.000007270 0.000005390 0.000005050 0.000004960 0.000005430 0.000005050 0.000004980 0.000004740 0.000004640 0.000004840 0.000004920 0.000005130 0.000007310 0.000006120 0.000006190 0.000006290 0.000006430 0.000006230 0.000004180 0.000004070 0.000005030 0.000004740 0.000000000 0.000002930 0.000002840 0.000004910 0.000010390 0.000006510 0.000008250 0.000008010 0.000008010 0.000007260 0.000006850 0.000006800 0.000006950 0.000006750 0.000007730 0.000007870 0.000008330 0.000008460 0.000008430 0.000008420 0.000008770 0.000008570 0.000008880 0.000007680 0.000007240 0.000016360 
32     0.000009310 0.000009710 0.000004690 0.000006020 0.000004140 0.000003800 0.000003710 0.000004180 0.000003800 0.000003730 0.000003490 0.000003390 0.000003590 0.000003670 0.000003880 0.000005240 0.000004870 0.000004940 0.000005040 0.000005180 0.000004980 0.000002930 0.000002820 0.000003780 0.000003490 0.000002930 0.000000000 0.000000190 0.000003660 0.000009140 0.000005260 0.000007000 0.000006760 0.000006760 0.000006010 0.000005600 0.000005550 0.000005700 0.000005500 0.000006480 0.000006620 0.000007080 0.000007210 0.000007180 0.000007170 0.000007520 0.000007320 0.000007630 0.000006430 0.000005990 0.000015110 
19     0.000009380 0.000009780 0.000004760 0.000006090 0.000004210 0.000003870 0.000003780 0.000004250 0.000003870 0.000003800 0.000003560 0.000003460 0.000003660 0.000003740 0.000003950 0.000005410 0.000004940 0.000005010 0.000005110 0.000005250 0.000005050 0.000003000 0.000002890 0.000003850 0.000003560 0.000002840 0.000000190 0.000000000 0.000003730 0.000009210 0.000005330 0.000007070 0.000006830 0.000006830 0.000006080 0.000005670 0.000005620 0.000005770 0.000005570 0.000006550 0.000006690 0.000007150 0.000007280 0.000007250 0.000007240 0.000007590 0.000007390 0.000007700 0.000006500 0.000006060 0.000015180 
34     0.000010110 0.000010510 0.000005490 0.000006820 0.000004940 0.000004600 0.000004510 0.000004980 0.000004600 0.000004530 0.000004290 0.000004190 0.000004390 0.000004470 0.000004680 0.000006860 0.000005670 0.000005740 0.000005840 0.000005980 0.000005780 0.000003410 0.000003300 0.000004260 0.000003970 0.000004910 0.000003660 0.000003730 0.000000000 0.000009940 0.000006060 0.000007800 0.000007560 0.000007560 0.000006810 0.000006400 0.000006350 0.000006500 0.000006300 0.000007280 0.000007420 0.000007880 0.000008010 0.000007980 0.000007970 0.000008320 0.000008120 0.000008430 0.000007230 0.000006790 0.000015910 
17     0.000013470 0.000013870 0.000010370 0.000011700 0.000009820 0.000009480 0.000009390 0.000009860 0.000009480 0.000009410 0.000009170 0.000009070 0.000009270 0.000009350 0.000009560 0.000011160 0.000009970 0.000010040 0.000010140 0.000010280 0.000010080 0.000009210 0.000009100 0.000010060 0.000009770 0.000010390 0.000009140 0.000009210 0.000009940 0.000000000 0.000003360 0.000007690 0.000008370 0.000008410 0.000010170 0.000009760 0.000009710 0.000009860 0.000009660 0.000010640 0.000010780 0.000011240 0.000011370 0.000011340 0.000011330 0.000011680 0.000011480 0.000011790 0.000010590 0.000010150 0.000019270 
7     0.000009590 0.000009990 0.000006490 0.000007820 0.000005940 0.000005600 0.000005510 0.000005980 0.000005600 0.000005530 0.000005290 0.000005190 0.000005390 0.000005470 0.000005680 0.000007280 0.000006090 0.000006160 0.000006260 0.000006400 0.000006200 0.000005330 0.000005220 0.000006180 0.000005890 0.000006510 0.000005260 0.000005330 0.000006060 0.000003360 0.000000000 0.000002100 0.000001900 0.000001940 0.000006290 0.000005880 0.000005830 0.000005980 0.000005780 0.000006760 0.000006900 0.000007360 0.000007490 0.000007460 0.000007450 0.000007800 0.000007600 0.000007910 0.000006710 0.000006270 0.000015390 
4     0.000011330 0.000011730 0.000008230 0.000009560 0.000007680 0.000007340 0.000007250 0.000007720 0.000007340 0.000007270 0.000007030 0.000006930 0.000007130 0.000007210 0.000007420 0.000009020 0.000007830 0.000007900 0.000008000 0.000008140 0.000007940 0.000007070 0.000006960 0.000007920 0.000007630 0.000008250 0.000007000 0.000007070 0.000007800 0.000007690 0.000002100 0.000000000 0.000001900 0.000001940 0.000008030 0.000007620 0.000007570 0.000007720 0.000007520 0.000008500 0.000008640 0.000009100 0.000009230 0.000009200 0.000009190 0.000009540 0.000009340 0.000009650 0.000008450 0.000008010 0.000017130 
13     0.000011090 0.000011490 0.000007990 0.000009320 0.000007440 0.000007100 0.000007010 0.000007480 0.000007100 0.000007030 0.000006790 0.000006690 0.000006890 0.000006970 0.000007180 0.000008780 0.000007590 0.000007660 0.000007760 0.000007900 0.000007700 0.000006830 0.000006720 0.000007680 0.000007390 0.000008010 0.000006760 0.000006830 0.000007560 0.000008370 0.000001900 0.000001900 0.000000000 0.000000500 0.000007790 0.000007380 0.000007330 0.000007480 0.000007280 0.000008260 0.000008400 0.000008860 0.000008990 0.000008960 0.000008950 0.000009300 0.000009100 0.000009410 0.000008210 0.000007770 0.000016890 
15     0.000011090 0.000011490 0.000007990 0.000009320 0.000007440 0.000007100 0.000007010 0.000007480 0.000007100 0.000007030 0.000006790 0.000006690 0.000006890 0.000006970 0.000007180 0.000008780 0.000007590 0.000007660 0.000007760 0.000007900 0.000007700 0.000006830 0.000006720 0.000007680 0.000007390 0.000008010 0.000006760 0.000006830 0.000007560 0.000008410 0.000001940 0.000001940 0.000000500 0.000000000 0.000007790 0.000007380 0.000007330 0.000007480 0.000007280 0.000008260 0.000008400 0.000008860 0.000008990 0.000008960 0.000008950 0.000009300 0.000009100 0.000009410 0.000008210 0.000007770 0.000016890 
36     0.000009820 0.000010220 0.000007240 0.000008570 0.000006690 0.000006350 0.000006260 0.000006730 0.000006350 0.000006280 0.000006040 0.000005940 0.000006140 0.000006220 0.000006430 0.000008030 0.000006840 0.000006910 0.000007010 0.000007150 0.000006950 0.000006080 0.000005970 0.000006930 0.000006640 0.000007260 0.000006010 0.000006080 0.000006810 0.000010170 0.000006290 0.000008030 0.000007790 0.000007790 0.000000000 0.000001030 0.000000980 0.000001790 0.000001590 0.000006950 0.000007090 0.000007550 0.000007680 0.000007650 0.000007640 0.000007990 0.000007790 0.000008100 0.000006900 0.000006460 0.000015280 
38     0.000009410 0.000009810 0.000006830 0.000008160 0.000006280 0.000005940 0.000005850 0.000006320 0.000005940 0.000005870 0.000005630 0.000005530 0.000005730 0.000005810 0.000006020 0.000007620 0.000006430 0.000006500 0.000006600 0.000006740 0.000006540 0.000005670 0.000005560 0.000006520 0.000006230 0.000006850 0.000005600 0.000005670 0.000006400 0.000009760 0.000005880 0.000007620 0.000007380 0.000007380 0.000001030 0.000000000 0.000000170 0.000001380 0.000001180 0.000006160 0.000006680 0.000007140 0.000007270 0.000007240 0.000007230 0.000007580 0.000007380 0.000007690 0.000006490 0.000006050 0.000014870 
50     0.000009360 0.000009760 0.000006780 0.000008110 0.000006230 0.000005890 0.000005800 0.000006270 0.000005890 0.000005820 0.000005580 0.000005480 0.000005680 0.000005760 0.000005970 0.000007570 0.000006380 0.000006450 0.000006550 0.000006690 0.000006490 0.000005620 0.000005510 0.000006470 0.000006180 0.000006800 0.000005550 0.000005620 0.000006350 0.000009710 0.000005830 0.000007570 0.000007330 0.000007330 0.000000980 0.000000170 0.000000000 0.000001330 0.000001130 0.000006100 0.000006630 0.000007090 0.000007220 0.000007190 0.000007180 0.000007530 0.000007330 0.000007640 0.000006440 0.000006000 0.000014820 
40     0.000009510 0.000009910 0.000006930 0.000008260 0.000006380 0.000006040 0.000005950 0.000006420 0.000006040 0.000005970 0.000005730 0.000005630 0.000005830 0.000005910 0.000006120 0.000007720 0.000006530 0.000006600 0.000006700 0.000006840 0.000006640 0.000005770 0.000005660 0.000006620 0.000006330 0.000006950 0.000005700 0.000005770 0.000006500 0.000009860 0.000005980 0.000007720 0.000007480 0.000007480 0.000001790 0.000001380 0.000001330 0.000000000 0.000000000 0.000006640 0.000006780 0.000007240 0.000007370 0.000007340 0.000007330 0.000007680 0.000007480 0.000007790 0.000006590 0.000006150 0.000014970 
47     0.000009310 0.000009710 0.000006730 0.000008060 0.000006180 0.000005840 0.000005750 0.000006220 0.000005840 0.000005770 0.000005530 0.000005430 0.000005630 0.000005710 0.000005920 0.000007520 0.000006330 0.000006400 0.000006500 0.000006640 0.000006440 0.000005570 0.000005460 0.000006420 0.000006130 0.000006750 0.000005500 0.000005570 0.000006300 0.000009660 0.000005780 0.000007520 0.000007280 0.000007280 0.000001590 0.000001180 0.000001130 0.000000000 0.000000000 0.000006440 0.000006580 0.000007040 0.000007170 0.000007140 0.000007130 0.000007480 0.000007280 0.000007590 0.000006390 0.000005950 0.000014770 
39     0.000010290 0.000010690 0.000007710 0.000009040 0.000007160 0.000006820 0.000006730 0.000007200 0.000006820 0.000006750 0.000006510 0.000006410 0.000006610 0.000006690 0.000006900 0.000008500 0.000007310 0.000007380 0.000007480 0.000007620 0.000007420 0.000006550 0.000006440 0.000007400 0.000007110 0.000007730 0.000006480 0.000006550 0.000007280 0.000010640 0.000006760 0.000008500 0.000008260 0.000008260 0.000006950 0.000006160 0.000006100 0.000006640 0.000006440 0.000000000 0.000000630 0.000005720 0.000005850 0.000005820 0.000005810 0.000006160 0.000005960 0.000006630 0.000005430 0.000004990 0.000016050 
45     0.000010430 0.000010830 0.000007850 0.000009180 0.000007300 0.000006960 0.000006870 0.000007340 0.000006960 0.000006890 0.000006650 0.000006550 0.000006750 0.000006830 0.000007040 0.000008640 0.000007450 0.000007520 0.000007620 0.000007760 0.000007560 0.000006690 0.000006580 0.000007540 0.000007250 0.000007870 0.000006620 0.000006690 0.000007420 0.000010780 0.000006900 0.000008640 0.000008400 0.000008400 0.000007090 0.000006680 0.000006630 0.000006780 0.000006580 0.000000630 0.000000000 0.000005860 0.000005990 0.000005960 0.000005950 0.000006300 0.000006100 0.000006770 0.000005570 0.000005130 0.000016190 
49     0.000010890 0.000011290 0.000008310 0.000009640 0.000007760 0.000007420 0.000007330 0.000007800 0.000007420 0.000007350 0.000007110 0.000007010 0.000007210 0.000007290 0.000007500 0.000009100 0.000007910 0.000007980 0.000008080 0.000008220 0.000008020 0.000007150 0.000007040 0.000008000 0.000007710 0.000008330 0.000007080 0.000007150 0.000007880 0.000011240 0.000007360 0.000009100 0.000008860 0.000008860 0.000007550 0.000007140 0.000007090 0.000007240 0.000007040 0.000005720 0.000005860 0.000000000 0.000001130 0.000001100 0.000001090 0.000001160 0.000001240 0.000007230 0.000006030 0.000005590 0.000016650 
44     0.000011020 0.000011420 0.000008440 0.000009770 0.000007890 0.000007550 0.000007460 0.000007930 0.000007550 0.000007480 0.000007240 0.000007140 0.000007340 0.000007420 0.000007630 0.000009230 0.000008040 0.000008110 0.000008210 0.000008350 0.000008150 0.000007280 0.000007170 0.000008130 0.000007840 0.000008460 0.000007210 0.000007280 0.000008010 0.000011370 0.000007490 0.000009230 0.000008990 0.000008990 0.000007680 0.000007270 0.000007220 0.000007370 0.000007170 0.000005850 0.000005990 0.000001130 0.000000000 0.000000780 0.000001120 0.000001570 0.000001270 0.000007360 0.000006160 0.000005720 0.000016780 
43     0.000010990 0.000011390 0.000008410 0.000009740 0.000007860 0.000007520 0.000007430 0.000007900 0.000007520 0.000007450 0.000007210 0.000007110 0.000007310 0.000007390 0.000007600 0.000009200 0.000008010 0.000008080 0.000008180 0.000008320 0.000008120 0.000007250 0.000007140 0.000008100 0.000007810 0.000008430 0.000007180 0.000007250 0.000007980 0.000011340 0.000007460 0.000009200 0.000008960 0.000008960 0.000007650 0.000007240 0.000007190 0.000007340 0.000007140 0.000005820 0.000005960 0.000001100 0.000000780 0.000000000 0.000000270 0.000001540 0.000001160 0.000007330 0.000006130 0.000005690 0.000016750 
48     0.000010980 0.000011380 0.000008400 0.000009730 0.000007850 0.000007510 0.000007420 0.000007890 0.000007510 0.000007440 0.000007200 0.000007100 0.000007300 0.000007380 0.000007590 0.000009190 0.000008000 0.000008070 0.000008170 0.000008310 0.000008110 0.000007240 0.000007130 0.000008090 0.000007800 0.000008420 0.000007170 0.000007240 0.000007970 0.000011330 0.000007450 0.000009190 0.000008950 0.000008950 0.000007640 0.000007230 0.000007180 0.000007330 0.000007130 0.000005810 0.000005950 0.000001090 0.000001120 0.000000270 0.000000000 0.000001530 0.000001150 0.000007320 0.000006120 0.000005680 0.000016740 
35     0.000011330 0.000011730 0.000008750 0.000010080 0.000008200 0.000007860 0.000007770 0.000008240 0.000007860 0.000007790 0.000007550 0.000007450 0.000007650 0.000007730 0.000007940 0.000009540 0.000008350 0.000008420 0.000008520 0.000008660 0.000008460 0.000007590 0.000007480 0.000008440 0.000008150 0.000008770 0.000007520 0.000007590 0.000008320 0.000011680 0.000007800 0.000009540 0.000009300 0.000009300 0.000007990 0.000007580 0.000007530 0.000007680 0.000007480 0.000006160 0.000006300 0.000001160 0.000001570 0.000001540 0.000001530 0.000000000 0.000000220 0.000007670 0.000006470 0.000006030 0.000017090 
46     0.000011130 0.000011530 0.000008550 0.000009880 0.000008000 0.000007660 0.000007570 0.000008040 0.000007660 0.000007590 0.000007350 0.000007250 0.000007450 0.000007530 0.000007740 0.000009340 0.000008150 0.000008220 0.000008320 0.000008460 0.000008260 0.000007390 0.000007280 0.000008240 0.000007950 0.000008570 0.000007320 0.000007390 0.000008120 0.000011480 0.000007600 0.000009340 0.000009100 0.000009100 0.000007790 0.000007380 0.000007330 0.000007480 0.000007280 0.000005960 0.000006100 0.000001240 0.000001270 0.000001160 0.000001150 0.000000220 0.000000000 0.000007470 0.000006270 0.000005830 0.000016890 
37     0.000011440 0.000011840 0.000008860 0.000010190 0.000008310 0.000007970 0.000007880 0.000008350 0.000007970 0.000007900 0.000007660 0.000007560 0.000007760 0.000007840 0.000008050 0.000009650 0.000008460 0.000008530 0.000008630 0.000008770 0.000008570 0.000007700 0.000007590 0.000008550 0.000008260 0.000008880 0.000007630 0.000007700 0.000008430 0.000011790 0.000007910 0.000009650 0.000009410 0.000009410 0.000008100 0.000007690 0.000007640 0.000007790 0.000007590 0.000006630 0.000006770 0.000007230 0.000007360 0.000007330 0.000007320 0.000007670 0.000007470 0.000000000 0.000001880 0.000004540 0.000017200 
41     0.000010240 0.000010640 0.000007660 0.000008990 0.000007110 0.000006770 0.000006680 0.000007150 0.000006770 0.000006700 0.000006460 0.000006360 0.000006560 0.000006640 0.000006850 0.000008450 0.000007260 0.000007330 0.000007430 0.000007570 0.000007370 0.000006500 0.000006390 0.000007350 0.000007060 0.000007680 0.000006430 0.000006500 0.000007230 0.000010590 0.000006710 0.000008450 0.000008210 0.000008210 0.000006900 0.000006490 0.000006440 0.000006590 0.000006390 0.000005430 0.000005570 0.000006030 0.000006160 0.000006130 0.000006120 0.000006470 0.000006270 0.000001880 0.000000000 0.000003340 0.000016000 
42     0.000009800 0.000010200 0.000007220 0.000008550 0.000006670 0.000006330 0.000006240 0.000006710 0.000006330 0.000006260 0.000006020 0.000005920 0.000006120 0.000006200 0.000006410 0.000008010 0.000006820 0.000006890 0.000006990 0.000007130 0.000006930 0.000006060 0.000005950 0.000006910 0.000006620 0.000007240 0.000005990 0.000006060 0.000006790 0.000010150 0.000006270 0.000008010 0.000007770 0.000007770 0.000006460 0.000006050 0.000006000 0.000006150 0.000005950 0.000004990 0.000005130 0.000005590 0.000005720 0.000005690 0.000005680 0.000006030 0.000005830 0.000004540 0.000003340 0.000000000 0.000015560 
0     0.000018920 0.000019320 0.000016340 0.000017670 0.000015790 0.000015450 0.000015360 0.000015830 0.000015450 0.000015380 0.000015140 0.000015040 0.000015240 0.000015320 0.000015530 0.000017130 0.000015940 0.000016010 0.000016110 0.000016250 0.000016050 0.000015180 0.000015070 0.000016030 0.000015740 0.000016360 0.000015110 0.000015180 0.000015910 0.000019270 0.000015390 0.000017130 0.000016890 0.000016890 0.000015280 0.000014870 0.000014820 0.000014970 0.000014770 0.000016050 0.000016190 0.000016650 0.000016780 0.000016750 0.000016740 0.000017090 0.000016890 0.000017200 0.000016000 0.000015560 0.000000000 
