51
16     0.000000000 0.026578623 0.118614836 0.123288829 0.108794603 0.110925732 0.108758914 0.115388047 0.108119861 0.105348985 0.104287998 0.104435508 0.106326928 0.110712168 0.110602715 0.122160394 0.115872906 0.113826938 0.115566243 0.114739378 0.116703834 0.108903516 0.108213984 0.110783623 0.109406135 0.108280611 0.102998775 0.103173538 0.111095047 0.123654212 0.099121855 0.117841457 0.115222224 0.115852763 0.107775330 0.103607677 0.102999060 0.105428515 0.102622117 0.115297312 0.118853536 0.116470179 0.116149705 0.117767457 0.118036659 0.118783110 0.117998993 0.132147340 0.119974914 0.119473777 0.191006132 
31     0.026578623 0.000000000 0.122514932 0.127188926 0.112694700 0.114825829 0.112659011 0.119288144 0.112019958 0.109249082 0.108188095 0.108335604 0.110227024 0.114612265 0.114502812 0.126060491 0.119773002 0.117727034 0.119466340 0.118639475 0.120603931 0.112803613 0.112114081 0.114683720 0.113306232 0.112180707 0.106898871 0.107073635 0.114995144 0.127554309 0.103021951 0.121741554 0.119122320 0.119752860 0.111675427 0.107507774 0.106899157 0.109291949 0.106522214 0.119197408 0.122753632 0.120370275 0.120049801 0.121667553 0.121936756 0.122683207 0.121899090 0.136047437 0.123875010 0.123373874 0.194906228 
23     0.118614836 0.122514932 0.000000000 0.052389373 0.052227723 0.054670540 0.052644158 0.059497480 0.052308097 0.049441245 0.048372105 0.048562418 0.050468851 0.054766332 0.054726738 0.074872097 0.068803873 0.066730135 0.068373159 0.067673504 0.069659482 0.067185150 0.066477184 0.069008643 0.067631073 0.066874898 0.061592896 0.061761243 0.069477866 0.098253573 0.073735835 0.092401951 0.089828431 0.090458970 0.093748390 0.089580737 0.088972120 0.091446675 0.088595177 0.101214821 0.104771045 0.102350921 0.102030447 0.103648199 0.103917402 0.104663853 0.103879736 0.118092667 0.105920240 0.105438594 0.177235335 
24     0.123288829 0.127188926 0.052389373 0.000000000 0.057074808 0.059482772 0.057414118 0.064129757 0.056984398 0.054106301 0.053042929 0.053226822 0.055119562 0.059394181 0.059373891 0.079602731 0.073514122 0.071437063 0.073083769 0.072384114 0.074365865 0.071821315 0.071113350 0.073644808 0.072267238 0.071505117 0.066223116 0.066391463 0.074103061 0.102927566 0.078409829 0.097075944 0.094502425 0.095132964 0.098422384 0.094254731 0.093646114 0.096120668 0.093269171 0.105888814 0.109445038 0.107024915 0.106704441 0.108322193 0.108591395 0.109337846 0.108553729 0.122766660 0.110594234 0.110112587 0.181909329 
10     0.108794603 0.112694700 0.052227723 0.057074808 0.000000000 0.037103014 0.035045105 0.041660031 0.034337063 0.031540672 0.030305808 0.030380769 0.032171140 0.037140987 0.036864288 0.065216308 0.058953863 0.056853718 0.058618288 0.057923006 0.059905326 0.057168673 0.056365672 0.058996985 0.057619416 0.056940262 0.051659373 0.051827720 0.059544569 0.088439452 0.063923317 0.082589433 0.080015913 0.080646452 0.083946929 0.079779276 0.079170659 0.081645214 0.078793716 0.091467869 0.095024092 0.092628804 0.092308330 0.093926082 0.094195284 0.094941736 0.094157619 0.108281355 0.096108929 0.095633527 0.167414915 
29     0.110925732 0.114825829 0.054670540 0.059482772 0.037103014 0.000000000 0.017800483 0.042515274 0.035180685 0.032403999 0.031306042 0.031509684 0.033501540 0.037807148 0.037888002 0.067426515 0.061275897 0.059167288 0.060836568 0.060154722 0.062132735 0.059389671 0.058597186 0.061274387 0.059896817 0.059066686 0.053783412 0.053951759 0.061668608 0.090570089 0.066053953 0.084720069 0.082146549 0.082777088 0.086079167 0.081911514 0.081302897 0.083777451 0.080925954 0.093613639 0.097169863 0.094774574 0.094454100 0.096071852 0.096341055 0.097087506 0.096303389 0.110427126 0.098254699 0.097779297 0.169566284 
28     0.108758914 0.112659011 0.052644158 0.057414118 0.035045105 0.017800483 0.000000000 0.040393972 0.033069210 0.030296653 0.029208397 0.029426049 0.031385555 0.035708060 0.035784555 0.065244209 0.059093889 0.056988636 0.058654560 0.057970247 0.059950727 0.057231811 0.056439327 0.059116528 0.057738958 0.056908799 0.051625524 0.051793871 0.059510721 0.088403271 0.063887135 0.082553251 0.079979731 0.080610270 0.083912349 0.079744696 0.079136079 0.081610633 0.078759136 0.091446821 0.095003045 0.092607756 0.092287282 0.093905034 0.094174237 0.094920688 0.094136571 0.108260307 0.096087881 0.095612479 0.167399466 
9     0.115388047 0.119288144 0.059497480 0.064129757 0.041660031 0.042515274 0.040393972 0.000000000 0.036915606 0.034115755 0.032690234 0.033086738 0.034947853 0.039217186 0.039148865 0.071842374 0.065600991 0.063495746 0.065261248 0.064569492 0.066549002 0.063815448 0.063021452 0.065680143 0.064302574 0.063489871 0.058206596 0.058374944 0.066023297 0.095031958 0.070516127 0.089182243 0.086608723 0.087239262 0.090541482 0.086373829 0.085765212 0.088239766 0.085388269 0.098075954 0.101632178 0.099236889 0.098916415 0.100534167 0.100803370 0.101549821 0.100765704 0.114889440 0.102717014 0.102241612 0.174028599 
25     0.108119861 0.112019958 0.052308097 0.056984398 0.034337063 0.035180685 0.033069210 0.036915606 0.000000000 0.016524126 0.018468026 0.018724920 0.022644938 0.027531608 0.027585055 0.064677159 0.058419006 0.056313753 0.058083276 0.057393988 0.059371030 0.056591549 0.055769557 0.058456244 0.057078675 0.056242758 0.050960757 0.051129104 0.058845953 0.087756520 0.063240385 0.081906500 0.079332980 0.079963520 0.083273713 0.079106060 0.078497443 0.080971998 0.078120500 0.090808186 0.094364409 0.091969121 0.091648647 0.093266399 0.093535601 0.094282053 0.093497936 0.107621672 0.095449246 0.094973844 0.166760831 
22     0.105348985 0.109249082 0.049441245 0.054106301 0.031540672 0.032403999 0.030296653 0.034115755 0.016524126 0.000000000 0.015272541 0.015583100 0.019929389 0.024915127 0.024818916 0.061891779 0.055633908 0.053528655 0.055297896 0.054608608 0.056585650 0.053823449 0.053001457 0.055688144 0.054310574 0.053474658 0.048192656 0.048361003 0.056077853 0.084985644 0.060469509 0.079135624 0.076562104 0.077192644 0.080502838 0.076335185 0.075726568 0.078201122 0.075349625 0.088037310 0.091593533 0.089198245 0.088877771 0.090495523 0.090764725 0.091511177 0.090727060 0.104850796 0.092678370 0.092202968 0.163989955 
12     0.104287998 0.108188095 0.048372105 0.053042929 0.030305808 0.031306042 0.029208397 0.032690234 0.018468026 0.015272541 0.000000000 0.011287599 0.018936339 0.023676236 0.023637134 0.060815030 0.054569923 0.052464671 0.054226110 0.053536822 0.055491609 0.052762720 0.051940728 0.054627415 0.053249846 0.052413929 0.047130655 0.047299002 0.055015851 0.083924657 0.059408522 0.078074637 0.075501117 0.076131657 0.079441851 0.075274197 0.074665581 0.077140135 0.074288637 0.086976323 0.090532546 0.088137258 0.087816784 0.089434536 0.089703738 0.090450190 0.089666073 0.103789809 0.091617383 0.091141981 0.162928968 
6     0.104435508 0.108335604 0.048562418 0.053226822 0.030380769 0.031509684 0.029426049 0.033086738 0.018724920 0.015583100 0.011287599 0.000000000 0.019045239 0.023930381 0.023927586 0.060973549 0.054715678 0.052610425 0.054371865 0.053682577 0.055637363 0.052903695 0.052081703 0.054768390 0.053390821 0.052554904 0.047271630 0.047439977 0.055156826 0.084072167 0.059556031 0.078222147 0.075648627 0.076279166 0.079589360 0.075421707 0.074813090 0.077287645 0.074436147 0.087123832 0.090680056 0.088284768 0.087964294 0.089582046 0.089851248 0.090597700 0.089813582 0.103937319 0.091764892 0.091289490 0.163076478 
5     0.106326928 0.110227024 0.050468851 0.055119562 0.032171140 0.033501540 0.031385555 0.034947853 0.022644938 0.019929389 0.018936339 0.019045239 0.000000000 0.025395931 0.025243395 0.062857493 0.056611927 0.054506682 0.056263602 0.055587449 0.057564491 0.054806140 0.053984148 0.056670835 0.055293265 0.054434932 0.049151658 0.049320005 0.057036854 0.085963587 0.061447451 0.080113567 0.077540047 0.078170586 0.081480780 0.077313127 0.076704510 0.079179065 0.076327567 0.089015252 0.092571476 0.090176188 0.089855714 0.091473466 0.091742668 0.092489120 0.091705002 0.105828739 0.093656312 0.093180910 0.164967898 
11     0.110712168 0.114612265 0.054766332 0.059394181 0.037140987 0.037807148 0.035708060 0.039217186 0.027531608 0.024915127 0.023676236 0.023930381 0.025395931 0.000000000 0.024325002 0.067218385 0.060972449 0.058867204 0.060637259 0.059947971 0.061925013 0.059175305 0.058355266 0.061040000 0.059662431 0.058826601 0.053543326 0.053711673 0.061428523 0.090348827 0.065832692 0.084498807 0.081925288 0.082555827 0.085866021 0.081698368 0.081089751 0.083564305 0.080712808 0.093400493 0.096956717 0.094561428 0.094240954 0.095858706 0.096127909 0.096874360 0.096090243 0.110213979 0.098041553 0.097566151 0.169353138 
21     0.110602715 0.114502812 0.054726738 0.059373891 0.036864288 0.037888002 0.035784555 0.039148865 0.027585055 0.024818916 0.023637134 0.023927586 0.025243395 0.024325002 0.000000000 0.067084575 0.060838639 0.058733394 0.060503449 0.059814161 0.061791203 0.059045791 0.058225752 0.060910486 0.059532916 0.058696282 0.053413007 0.053581354 0.061298203 0.090238878 0.065723047 0.084389163 0.081815643 0.082446182 0.085756568 0.081588915 0.080980298 0.083454853 0.080603355 0.093291040 0.096847264 0.094451976 0.094131502 0.095749254 0.096018456 0.096764907 0.095980790 0.110104527 0.097932100 0.097456698 0.169243686 
33     0.122160394 0.126060491 0.074872097 0.079602731 0.065216308 0.067426515 0.065244209 0.071842374 0.064677159 0.061891779 0.060815030 0.060973549 0.062857493 0.067218385 0.067084575 0.000000000 0.048500714 0.046132284 0.048245504 0.046945267 0.048623667 0.070982734 0.070278110 0.072752449 0.071376024 0.070593267 0.065343321 0.065511435 0.073345819 0.101880788 0.077454802 0.096142510 0.093568990 0.094199529 0.097344423 0.093176770 0.092568153 0.095042708 0.092191210 0.104911734 0.108467957 0.106072669 0.105752195 0.107369947 0.107639149 0.108385601 0.107601484 0.121741450 0.109569023 0.109087377 0.180845128 
20     0.115872906 0.119773002 0.068803873 0.073514122 0.058953863 0.061275897 0.059093889 0.065600991 0.058419006 0.055633908 0.054569923 0.054715678 0.056611927 0.060972449 0.060838639 0.048500714 0.000000000 0.021508687 0.039325074 0.039617811 0.041137508 0.064628879 0.063941319 0.066375824 0.065044630 0.064302800 0.059052855 0.059220969 0.067035504 0.095603940 0.071228807 0.089874641 0.087295057 0.087925596 0.091058418 0.086890765 0.086282148 0.088756703 0.085905205 0.098589299 0.102145523 0.099750234 0.099429760 0.101047512 0.101316715 0.102063166 0.101279049 0.115390411 0.103217984 0.102718596 0.174551108 
14     0.113826938 0.117727034 0.066730135 0.071437063 0.056853718 0.059167288 0.056988636 0.063495746 0.056313753 0.053528655 0.052464671 0.052610425 0.054506682 0.058867204 0.058733394 0.046132284 0.021508687 0.000000000 0.036771603 0.037035056 0.038467781 0.062671677 0.061972402 0.064481166 0.063104740 0.062313614 0.057063669 0.057231783 0.065046318 0.093557972 0.069182839 0.087828673 0.085249089 0.085879628 0.089012450 0.084844797 0.084236180 0.086710735 0.083859237 0.096543331 0.100099555 0.097704266 0.097383792 0.099001544 0.099270747 0.100017198 0.099233081 0.113344443 0.101172016 0.100672628 0.172505140 
27     0.115566243 0.119466340 0.068373159 0.073083769 0.058618288 0.060836568 0.058654560 0.065261248 0.058083276 0.055297896 0.054226110 0.054371865 0.056263602 0.060637259 0.060503449 0.048245504 0.039325074 0.036771603 0.000000000 0.032873612 0.034766671 0.064369707 0.063669247 0.066170893 0.064794467 0.064021542 0.058771597 0.058939711 0.066776230 0.095290665 0.070915533 0.089562413 0.086988893 0.087619432 0.090750272 0.086582619 0.085974002 0.088448557 0.085597059 0.098317583 0.101873806 0.099478518 0.099158044 0.100775796 0.101044998 0.101791450 0.101007333 0.115147299 0.102974872 0.102493226 0.174250977 
8     0.114739378 0.118639475 0.067673504 0.072384114 0.057923006 0.060154722 0.057970247 0.064569492 0.057393988 0.054608608 0.053536822 0.053682577 0.055587449 0.059947971 0.059814161 0.046945267 0.039617811 0.037035056 0.032873612 0.000000000 0.029622816 0.063583265 0.062895226 0.065397749 0.064021323 0.063249799 0.058000029 0.058168143 0.065983353 0.094476375 0.070101243 0.088748123 0.086174603 0.086805143 0.089729957 0.085562304 0.084953687 0.087428241 0.084576744 0.097503290 0.101059514 0.098664226 0.098343752 0.099961504 0.100230706 0.100977158 0.100193041 0.114333007 0.102160580 0.101678934 0.173430894 
18     0.116703834 0.120603931 0.069659482 0.074365865 0.059905326 0.062132735 0.059950727 0.066549002 0.059371030 0.056585650 0.055491609 0.055637363 0.057564491 0.061925013 0.061791203 0.048623667 0.041137508 0.038467781 0.034766671 0.029622816 0.000000000 0.065570204 0.064869744 0.067371390 0.065994964 0.065216762 0.059966816 0.060134930 0.067949133 0.096440831 0.072065699 0.090712579 0.088139059 0.088769598 0.091694413 0.087526760 0.086918143 0.089392697 0.086541200 0.099467746 0.103023970 0.100628682 0.100308208 0.101925960 0.102195162 0.102941614 0.102157497 0.116297463 0.104125036 0.103643389 0.175395350 
3     0.108903516 0.112803613 0.067185150 0.071821315 0.057168673 0.059389671 0.057231811 0.063815448 0.056591549 0.053823449 0.052762720 0.052903695 0.054806140 0.059175305 0.059045791 0.070982734 0.064628879 0.062671677 0.064369707 0.063583265 0.065570204 0.000000000 0.019107996 0.042058444 0.040668717 0.048869672 0.043549640 0.043769361 0.051518572 0.088471443 0.064055324 0.082702971 0.080129452 0.080759991 0.084052358 0.079884705 0.079276088 0.081750643 0.078899145 0.091552583 0.095108807 0.092714903 0.092394429 0.094012181 0.094281383 0.095027834 0.094243717 0.108394243 0.096221817 0.095740170 0.167430616 
26     0.108213984 0.112114081 0.066477184 0.071113350 0.056365672 0.058597186 0.056439327 0.063021452 0.055769557 0.053001457 0.051940728 0.052081703 0.053984148 0.058355266 0.058225752 0.070278110 0.063941319 0.061972402 0.063669247 0.062895226 0.064869744 0.019107996 0.000000000 0.041406452 0.040014058 0.048089747 0.042769715 0.042989436 0.050740628 0.087822741 0.063374108 0.082022177 0.079448657 0.080079197 0.083362826 0.079195173 0.078586556 0.081061111 0.078209613 0.090863051 0.094419275 0.092025371 0.091704897 0.093322649 0.093591851 0.094338303 0.093554186 0.107704712 0.095532285 0.095050638 0.166741084 
2     0.110783623 0.114683720 0.069008643 0.073644808 0.058996985 0.061274387 0.059116528 0.065680143 0.058456244 0.055688144 0.054627415 0.054768390 0.056670835 0.061040000 0.060910486 0.072752449 0.066375824 0.064481166 0.066170893 0.065397749 0.067371390 0.042058444 0.041406452 0.000000000 0.015578495 0.050939576 0.045620534 0.045840254 0.053650297 0.090400631 0.065943271 0.084591339 0.082017820 0.082648359 0.085931991 0.081764338 0.081155721 0.083630275 0.080778778 0.093429910 0.096986133 0.094592229 0.094271755 0.095889507 0.096158710 0.096905161 0.096121044 0.110271570 0.098099144 0.097617497 0.169309200 
1     0.109406135 0.113306232 0.067631073 0.072267238 0.057619416 0.059896817 0.057738958 0.064302574 0.057078675 0.054310574 0.053249846 0.053390821 0.055293265 0.059662431 0.059532916 0.071376024 0.065044630 0.063104740 0.064794467 0.064021323 0.065994964 0.040668717 0.040014058 0.015578495 0.000000000 0.049539665 0.044220622 0.044440343 0.052250386 0.089023143 0.064565782 0.083213851 0.080640331 0.081270871 0.084554503 0.080386850 0.079778233 0.082252787 0.079401289 0.092052421 0.095608645 0.093214741 0.092894267 0.094512019 0.094781221 0.095527673 0.094743556 0.108894082 0.096721655 0.096240009 0.167931712 
30     0.108280611 0.112180707 0.066874898 0.071505117 0.056940262 0.059066686 0.056908799 0.063489871 0.056242758 0.053474658 0.052413929 0.052554904 0.054434932 0.058826601 0.058696282 0.070593267 0.064302800 0.062313614 0.064021542 0.063249799 0.065216762 0.048869672 0.048089747 0.050939576 0.049539665 0.000000000 0.020603674 0.020534022 0.039369783 0.088009473 0.063515044 0.082163392 0.079589872 0.080220412 0.083320578 0.079152925 0.078544308 0.081018863 0.078167365 0.090979983 0.094536207 0.092140919 0.091820445 0.093438197 0.093707399 0.094453851 0.093669734 0.107809700 0.095637273 0.095155627 0.166924961 
32     0.102998775 0.106898871 0.061592896 0.066223116 0.051659373 0.053783412 0.051625524 0.058206596 0.050960757 0.048192656 0.047130655 0.047271630 0.049151658 0.053543326 0.053413007 0.065343321 0.059052855 0.057063669 0.058771597 0.058000029 0.059966816 0.043549640 0.042769715 0.045620534 0.044220622 0.020603674 0.000000000 0.008597423 0.034068553 0.082728972 0.058234543 0.076882891 0.074309371 0.074939910 0.078038742 0.073871089 0.073262472 0.075737027 0.072885529 0.085698147 0.089254371 0.086859083 0.086538609 0.088156361 0.088425563 0.089172015 0.088387897 0.102527864 0.090355437 0.089873790 0.161643125 
19     0.103173538 0.107073635 0.061761243 0.066391463 0.051827720 0.053951759 0.051793871 0.058374944 0.051129104 0.048361003 0.047299002 0.047439977 0.049320005 0.053711673 0.053581354 0.065511435 0.059220969 0.057231783 0.058939711 0.058168143 0.060134930 0.043769361 0.042989436 0.045840254 0.044440343 0.020534022 0.008597423 0.000000000 0.034127985 0.082903735 0.058409307 0.077057655 0.074484135 0.075114674 0.078213506 0.074045853 0.073437236 0.075911790 0.073060293 0.085872911 0.089429135 0.087033846 0.086713373 0.088331125 0.088600327 0.089346778 0.088562661 0.102702627 0.090530201 0.090048554 0.161817889 
34     0.111095047 0.114995144 0.069477866 0.074103061 0.059544569 0.061668608 0.059510721 0.066023297 0.058845953 0.056077853 0.055015851 0.055156826 0.057036854 0.061428523 0.061298203 0.073345819 0.067035504 0.065046318 0.066776230 0.065983353 0.067949133 0.051518572 0.050740628 0.053650297 0.052250386 0.039369783 0.034068553 0.034127985 0.000000000 0.090803146 0.066295215 0.084943563 0.082370043 0.083000582 0.086135900 0.081968247 0.081359630 0.083834185 0.080982687 0.093794022 0.097350246 0.094954958 0.094634484 0.096252236 0.096521438 0.097267889 0.096483772 0.110623739 0.098451312 0.097969665 0.169739720 
17     0.123654212 0.127554309 0.098253573 0.102927566 0.088439452 0.090570089 0.088403271 0.095031958 0.087756520 0.084985644 0.083924657 0.084072167 0.085963587 0.090348827 0.090238878 0.101880788 0.095603940 0.093557972 0.095290665 0.094476375 0.096440831 0.088471443 0.087822741 0.090400631 0.089023143 0.088009473 0.082728972 0.082903735 0.090803146 0.000000000 0.059988719 0.078530625 0.076068894 0.076699357 0.098626966 0.094459313 0.093850696 0.096328567 0.093473753 0.106119620 0.109675844 0.107275998 0.106955524 0.108573276 0.108842478 0.109588930 0.108804813 0.122959415 0.110786989 0.110305342 0.182212902 
7     0.099121855 0.103021951 0.073735835 0.078409829 0.063923317 0.066053953 0.063887135 0.070516127 0.063240385 0.060469509 0.059408522 0.059556031 0.061447451 0.065832692 0.065723047 0.077454802 0.071228807 0.069182839 0.070915533 0.070101243 0.072065699 0.064055324 0.063374108 0.065943271 0.064565782 0.063515044 0.058234543 0.058409307 0.066295215 0.059988719 0.000000000 0.043451474 0.040961355 0.041581666 0.074056551 0.069888898 0.069280281 0.071758153 0.068903338 0.081542995 0.085099219 0.082719665 0.082399192 0.084016943 0.084286146 0.085032597 0.084248480 0.098401013 0.086228586 0.085746939 0.157604473 
4     0.117841457 0.121741554 0.092401951 0.097075944 0.082589433 0.084720069 0.082553251 0.089182243 0.081906500 0.079135624 0.078074637 0.078222147 0.080113567 0.084498807 0.084389163 0.096142510 0.089874641 0.087828673 0.089562413 0.088748123 0.090712579 0.082702971 0.082022177 0.084591339 0.083213851 0.082163392 0.076882891 0.077057655 0.084943563 0.078530625 0.043451474 0.000000000 0.034296256 0.034971632 0.092790236 0.088622583 0.088013966 0.090491837 0.087637023 0.100268216 0.103824439 0.101444886 0.101124412 0.102742164 0.103011367 0.103757818 0.102973701 0.117128304 0.104955877 0.104474230 0.176386147 
13     0.115222224 0.119122320 0.089828431 0.094502425 0.080015913 0.082146549 0.079979731 0.086608723 0.079332980 0.076562104 0.075501117 0.075648627 0.077540047 0.081925288 0.081815643 0.093568990 0.087295057 0.085249089 0.086988893 0.086174603 0.088139059 0.080129452 0.079448657 0.082017820 0.080640331 0.079589872 0.074309371 0.074484135 0.082370043 0.076068894 0.040961355 0.034296256 0.000000000 0.010215031 0.090168073 0.086000420 0.085391803 0.087869674 0.085014860 0.097649786 0.101206010 0.098826457 0.098505983 0.100123735 0.100392937 0.101139389 0.100355272 0.114509874 0.102337448 0.101855801 0.173732384 
15     0.115852763 0.119752860 0.090458970 0.095132964 0.080646452 0.082777088 0.080610270 0.087239262 0.079963520 0.077192644 0.076131657 0.076279166 0.078170586 0.082555827 0.082446182 0.094199529 0.087925596 0.085879628 0.087619432 0.086805143 0.088769598 0.080759991 0.080079197 0.082648359 0.081270871 0.080220412 0.074939910 0.075114674 0.083000582 0.076699357 0.041581666 0.034971632 0.010215031 0.000000000 0.090798612 0.086630959 0.086022342 0.088500214 0.085645399 0.098280325 0.101836549 0.099456996 0.099136522 0.100754274 0.101023476 0.101769928 0.100985811 0.115140413 0.102967987 0.102486340 0.174362923 
36     0.107775330 0.111675427 0.093748390 0.098422384 0.083946929 0.086079167 0.083912349 0.090541482 0.083273713 0.080502838 0.079441851 0.079589360 0.081480780 0.085866021 0.085756568 0.097344423 0.091058418 0.089012450 0.090750272 0.089729957 0.091694413 0.084052358 0.083362826 0.085931991 0.084554503 0.083320578 0.078038742 0.078213506 0.086135900 0.098626966 0.074056551 0.092790236 0.090168073 0.090798612 0.000000000 0.016770800 0.016269239 0.023782548 0.020918213 0.083399665 0.086955889 0.084590930 0.084270456 0.085888208 0.086157410 0.086903861 0.086119744 0.100176785 0.088004358 0.087540548 0.164783314 
38     0.103607677 0.107507774 0.089580737 0.094254731 0.079779276 0.081911514 0.079744696 0.086373829 0.079106060 0.076335185 0.075274197 0.075421707 0.077313127 0.081698368 0.081588915 0.093176770 0.086890765 0.084844797 0.086582619 0.085562304 0.087526760 0.079884705 0.079195173 0.081764338 0.080386850 0.079152925 0.073871089 0.074045853 0.081968247 0.094459313 0.069888898 0.088622583 0.086000420 0.086630959 0.016770800 0.000000000 0.007331372 0.019716807 0.016875335 0.079231271 0.082787495 0.080422536 0.080102062 0.081719814 0.081989016 0.082735467 0.081951350 0.096008391 0.083835964 0.083372154 0.160615661 
50     0.102999060 0.106899157 0.088972120 0.093646114 0.079170659 0.081302897 0.079136079 0.085765212 0.078497443 0.075726568 0.074665581 0.074813090 0.076704510 0.081089751 0.080980298 0.092568153 0.086282148 0.084236180 0.085974002 0.084953687 0.086918143 0.079276088 0.078586556 0.081155721 0.079778233 0.078544308 0.073262472 0.073437236 0.081359630 0.093850696 0.069280281 0.088013966 0.085391803 0.086022342 0.016269239 0.007331372 0.000000000 0.019141578 0.016338602 0.078622654 0.082178878 0.079813919 0.079493445 0.081111197 0.081380399 0.082126850 0.081342733 0.095399774 0.083227347 0.082763537 0.160007044 
40     0.105428515 0.109291949 0.091446675 0.096120668 0.081645214 0.083777451 0.081610633 0.088239766 0.080971998 0.078201122 0.077140135 0.077287645 0.079179065 0.083564305 0.083454853 0.095042708 0.088756703 0.086710735 0.088448557 0.087428241 0.089392697 0.081750643 0.081061111 0.083630275 0.082252787 0.081018863 0.075737027 0.075911790 0.083834185 0.096328567 0.071758153 0.090491837 0.087869674 0.088500214 0.023782548 0.019716807 0.019141578 0.000000000 0.015133539 0.081098047 0.084654270 0.082289311 0.081968837 0.083586589 0.083855792 0.084602243 0.083818126 0.097875166 0.085702740 0.085238930 0.162489218 
47     0.102622117 0.106522214 0.088595177 0.093269171 0.078793716 0.080925954 0.078759136 0.085388269 0.078120500 0.075349625 0.074288637 0.074436147 0.076327567 0.080712808 0.080603355 0.092191210 0.085905205 0.083859237 0.085597059 0.084576744 0.086541200 0.078899145 0.078209613 0.080778778 0.079401289 0.078167365 0.072885529 0.073060293 0.080982687 0.093473753 0.068903338 0.087637023 0.085014860 0.085645399 0.020918213 0.016875335 0.016338602 0.015133539 0.000000000 0.078245711 0.081801935 0.079436976 0.079116502 0.080734254 0.081003456 0.081749907 0.080965790 0.095022831 0.082850404 0.082386594 0.159630101 
39     0.115297312 0.119197408 0.101214821 0.105888814 0.091467869 0.093613639 0.091446821 0.098075954 0.090808186 0.088037310 0.086976323 0.087123832 0.089015252 0.093400493 0.093291040 0.104911734 0.098589299 0.096543331 0.098317583 0.097503290 0.099467746 0.091552583 0.090863051 0.093429910 0.092052421 0.090979983 0.085698147 0.085872911 0.093794022 0.106119620 0.081542995 0.100268216 0.097649786 0.098280325 0.083399665 0.079231271 0.078622654 0.081098047 0.078245711 0.000000000 0.018547133 0.052560741 0.052268179 0.053845752 0.054113892 0.054940421 0.054164011 0.088875858 0.076706235 0.076132893 0.171885305 
45     0.118853536 0.122753632 0.104771045 0.109445038 0.095024092 0.097169863 0.095003045 0.101632178 0.094364409 0.091593533 0.090532546 0.090680056 0.092571476 0.096956717 0.096847264 0.108467957 0.102145523 0.100099555 0.101873806 0.101059514 0.103023970 0.095108807 0.094419275 0.096986133 0.095608645 0.094536207 0.089254371 0.089429135 0.097350246 0.109675844 0.085099219 0.103824439 0.101206010 0.101836549 0.086955889 0.082787495 0.082178878 0.084654270 0.081801935 0.018547133 0.000000000 0.056034237 0.055741675 0.057311863 0.057580002 0.058413918 0.057637507 0.092508984 0.080333129 0.079716309 0.175441529 
49     0.116470179 0.120370275 0.102350921 0.107024915 0.092628804 0.094774574 0.092607756 0.099236889 0.091969121 0.089198245 0.088137258 0.088284768 0.090176188 0.094561428 0.094451976 0.106072669 0.099750234 0.097704266 0.099478518 0.098664226 0.100628682 0.092714903 0.092025371 0.094592229 0.093214741 0.092140919 0.086859083 0.087033846 0.094954958 0.107275998 0.082719665 0.101444886 0.098826457 0.099456996 0.084590930 0.080422536 0.079813919 0.082289311 0.079436976 0.052560741 0.056034237 0.000000000 0.014475547 0.017925514 0.017869968 0.019266586 0.018701394 0.091128344 0.078952489 0.078218968 0.173193265 
44     0.116149705 0.120049801 0.102030447 0.106704441 0.092308330 0.094454100 0.092287282 0.098916415 0.091648647 0.088877771 0.087816784 0.087964294 0.089855714 0.094240954 0.094131502 0.105752195 0.099429760 0.097383792 0.099158044 0.098343752 0.100308208 0.092394429 0.091704897 0.094271755 0.092894267 0.091820445 0.086538609 0.086713373 0.094634484 0.106955524 0.082399192 0.101124412 0.098505983 0.099136522 0.084270456 0.080102062 0.079493445 0.081968837 0.079116502 0.052268179 0.055741675 0.014475547 0.000000000 0.016978463 0.017296726 0.018246853 0.017622078 0.090803626 0.078627771 0.077904191 0.172872792 
43     0.117767457 0.121667553 0.103648199 0.108322193 0.093926082 0.096071852 0.093905034 0.100534167 0.093266399 0.090495523 0.089434536 0.089582046 0.091473466 0.095858706 0.095749254 0.107369947 0.101047512 0.099001544 0.100775796 0.099961504 0.101925960 0.094012181 0.093322649 0.095889507 0.094512019 0.093438197 0.088156361 0.088331125 0.096252236 0.108573276 0.084016943 0.102742164 0.100123735 0.100754274 0.085888208 0.081719814 0.081111197 0.083586589 0.080734254 0.053845752 0.057311863 0.017925514 0.016978463 0.000000000 0.009868269 0.019698409 0.018987765 0.092416763 0.080240909 0.079528286 0.174490544 
48     0.118036659 0.121936756 0.103917402 0.108591395 0.094195284 0.096341055 0.094174237 0.100803370 0.093535601 0.090764725 0.089703738 0.089851248 0.091742668 0.096127909 0.096018456 0.107639149 0.101316715 0.099270747 0.101044998 0.100230706 0.102195162 0.094281383 0.093591851 0.096158710 0.094781221 0.093707399 0.088425563 0.088600327 0.096521438 0.108842478 0.084286146 0.103011367 0.100392937 0.101023476 0.086157410 0.081989016 0.081380399 0.083855792 0.081003456 0.054113892 0.057580002 0.017869968 0.017296726 0.009868269 0.000000000 0.019950781 0.019383348 0.092685743 0.080509888 0.079797266 0.174759746 
35     0.118783110 0.122683207 0.104663853 0.109337846 0.094941736 0.097087506 0.094920688 0.101549821 0.094282053 0.091511177 0.090450190 0.090597700 0.092489120 0.096874360 0.096764907 0.108385601 0.102063166 0.100017198 0.101791450 0.100977158 0.102941614 0.095027834 0.094338303 0.096905161 0.095527673 0.094453851 0.089172015 0.089346778 0.097267889 0.109588930 0.085032597 0.103757818 0.101139389 0.101769928 0.086903861 0.082735467 0.082126850 0.084602243 0.081749907 0.054940421 0.058413918 0.019266586 0.018246853 0.019698409 0.019950781 0.000000000 0.010861621 0.093436808 0.081260953 0.080548331 0.175506197 
46     0.117998993 0.121899090 0.103879736 0.108553729 0.094157619 0.096303389 0.094136571 0.100765704 0.093497936 0.090727060 0.089666073 0.089813582 0.091705002 0.096090243 0.095980790 0.107601484 0.101279049 0.099233081 0.101007333 0.100193041 0.102157497 0.094243717 0.093554186 0.096121044 0.094743556 0.093669734 0.088387897 0.088562661 0.096483772 0.108804813 0.084248480 0.102973701 0.100355272 0.100985811 0.086119744 0.081951350 0.081342733 0.083818126 0.080965790 0.054164011 0.057637507 0.018701394 0.017622078 0.018987765 0.019383348 0.010861621 0.000000000 0.092652691 0.080476836 0.079764214 0.174722080 
37     0.132147340 0.136047437 0.118092667 0.122766660 0.108281355 0.110427126 0.108260307 0.114889440 0.107621672 0.104850796 0.103789809 0.103937319 0.105828739 0.110213979 0.110104527 0.121741450 0.115390411 0.113344443 0.115147299 0.114333007 0.116297463 0.108394243 0.107704712 0.110271570 0.108894082 0.107809700 0.102527864 0.102702627 0.110623739 0.122959415 0.098401013 0.117128304 0.114509874 0.115140413 0.100176785 0.096008391 0.095399774 0.097875166 0.095022831 0.088875858 0.092508984 0.091128344 0.090803626 0.092416763 0.092685743 0.093436808 0.092652691 0.000000000 0.029933582 0.055433621 0.188770921 
41     0.119974914 0.123875010 0.105920240 0.110594234 0.096108929 0.098254699 0.096087881 0.102717014 0.095449246 0.092678370 0.091617383 0.091764892 0.093656312 0.098041553 0.097932100 0.109569023 0.103217984 0.101172016 0.102974872 0.102160580 0.104125036 0.096221817 0.095532285 0.098099144 0.096721655 0.095637273 0.090355437 0.090530201 0.098451312 0.110786989 0.086228586 0.104955877 0.102337448 0.102967987 0.088004358 0.083835964 0.083227347 0.085702740 0.082850404 0.076706235 0.080333129 0.078952489 0.078627771 0.080240909 0.080509888 0.081260953 0.080476836 0.029933582 0.000000000 0.043297136 0.176598495 
42     0.119473777 0.123373874 0.105438594 0.110112587 0.095633527 0.097779297 0.095612479 0.102241612 0.094973844 0.092202968 0.091141981 0.091289490 0.093180910 0.097566151 0.097456698 0.109087377 0.102718596 0.100672628 0.102493226 0.101678934 0.103643389 0.095740170 0.095050638 0.097617497 0.096240009 0.095155627 0.089873790 0.090048554 0.097969665 0.110305342 0.085746939 0.104474230 0.101855801 0.102486340 0.087540548 0.083372154 0.082763537 0.085238930 0.082386594 0.076132893 0.079716309 0.078218968 0.077904191 0.079528286 0.079797266 0.080548331 0.079764214 0.055433621 0.043297136 0.000000000 0.176085943 
0     0.191006132 0.194906228 0.177235335 0.181909329 0.167414915 0.169566284 0.167399466 0.174028599 0.166760831 0.163989955 0.162928968 0.163076478 0.164967898 0.169353138 0.169243686 0.180845128 0.174551108 0.172505140 0.174250977 0.173430894 0.175395350 0.167430616 0.166741084 0.169309200 0.167931712 0.166924961 0.161643125 0.161817889 0.169739720 0.182212902 0.157604473 0.176386147 0.173732384 0.174362923 0.164783314 0.160615661 0.160007044 0.162489218 0.159630101 0.171885305 0.175441529 0.173193265 0.172872792 0.174490544 0.174759746 0.175506197 0.174722080 0.188770921 0.176598495 0.176085943 0.000000000 
