51
46     0.000000000 0.001861980 0.003283300 0.014986330 0.005907030 0.013883380 0.015548420 0.004002550 0.017431570 0.004345850 0.010147360 0.001290170 0.001942340 0.001560440 0.001379570 0.009958440 0.007839400 0.010474000 0.013752340 0.000207080 0.000570900 0.000569270 0.015386750 0.013050930 0.014655870 0.003075040 0.014768470 0.014850510 0.002774990 0.010078970 0.015147940 0.012241180 0.015955680 0.005341860 0.004791480 0.004129860 0.012221820 0.002460080 0.014724770 0.011040520 0.002966390 0.000336710 0.004843690 0.010347640 0.011731700 0.000095240 0.000344470 0.000404550 0.004305790 0.000011790 0.000366020 
31     0.001861980 0.000000000 0.004538820 0.016606460 0.007162550 0.016262730 0.018518450 0.016982330 0.017003500 0.012366750 0.012313900 0.011288350 0.011940520 0.011558620 0.011377750 0.012517760 0.012267060 0.011645980 0.011824620 0.010148970 0.013064170 0.014008130 0.013459030 0.013791840 0.011457110 0.005112840 0.012840750 0.012922790 0.004030510 0.011851610 0.015532190 0.015495160 0.014027960 0.006318540 0.005768160 0.005106540 0.012981920 0.015505430 0.012797050 0.013318520 0.012275180 0.013463140 0.012215410 0.013846990 0.012753400 0.012331700 0.007912730 0.012764370 0.012147370 0.012229170 0.022974830 
6     0.003283300 0.004538820 0.000000000 0.000068090 0.001675490 0.002042970 0.006283130 0.004747010 0.004768180 0.010210120 0.010230000 0.009529930 0.011470680 0.008804380 0.011808190 0.007543450 0.008774170 0.009562080 0.009740720 0.009730610 0.012089190 0.013033150 0.012484050 0.012816860 0.012792620 0.013398640 0.011865770 0.011947810 0.004135990 0.012930390 0.016972910 0.016935880 0.016754200 0.018608400 0.019780260 0.018200250 0.015708160 0.018097060 0.015523290 0.016044760 0.015001420 0.016189380 0.014941650 0.016573230 0.015479640 0.015057940 0.014166140 0.015075720 0.014996090 0.016068130 0.029140270 
33     0.014986330 0.016606460 0.000068090 0.000000000 0.003149750 0.003277640 0.007398840 0.005862720 0.005883890 0.011398560 0.011345710 0.011814680 0.012944940 0.011089130 0.014092940 0.009828200 0.011058920 0.010677790 0.010856430 0.010846320 0.013204900 0.014148860 0.013599760 0.013932570 0.013908330 0.014514350 0.012981480 0.013063520 0.012851320 0.014046100 0.018088620 0.018051590 0.017869910 0.020893150 0.021078110 0.019992540 0.016823870 0.019347380 0.016639000 0.017160470 0.016117130 0.017305090 0.016057360 0.017688940 0.016595350 0.016173650 0.015281850 0.016549980 0.016470350 0.017183840 0.030255980 
29     0.005907030 0.007162550 0.001675490 0.003149750 0.000000000 0.002124620 0.008126940 0.006590820 0.006611990 0.010291770 0.012073810 0.010720940 0.011552330 0.010292010 0.013295820 0.009031080 0.010261800 0.011405890 0.011584530 0.003107240 0.013933000 0.014876960 0.014327860 0.014660670 0.014636430 0.015242450 0.013709580 0.013791620 0.006759720 0.014774200 0.018816720 0.018737960 0.018598010 0.020096030 0.021267890 0.019687880 0.017551970 0.018178710 0.017367100 0.017537300 0.016845230 0.018033190 0.016785460 0.018417040 0.017323450 0.016113400 0.014616150 0.015157370 0.015077740 0.017911940 0.030984080 
28     0.013883380 0.016262730 0.002042970 0.003277640 0.002124620 0.000000000 0.006875460 0.005339340 0.005360510 0.010581430 0.010822330 0.010120130 0.011841990 0.009394580 0.012398390 0.008133650 0.009364370 0.010154410 0.010333050 0.010322940 0.012681520 0.013625480 0.013076380 0.013409190 0.013384950 0.013990970 0.012458100 0.012540140 0.012327940 0.013522720 0.017565240 0.017528210 0.017346530 0.019198600 0.020370460 0.018790450 0.016300490 0.018468370 0.016115620 0.016637090 0.015593750 0.016781710 0.015533980 0.017165560 0.016071970 0.015650270 0.014758470 0.015447030 0.015367400 0.016660460 0.029732600 
43     0.015548420 0.018518450 0.006283130 0.007398840 0.008126940 0.006875460 0.000000000 0.005204160 0.000387600 0.011920360 0.005046450 0.012675640 0.012014870 0.013052580 0.016056390 0.011791650 0.011820670 0.011199590 0.011378230 0.011368120 0.013726700 0.014670660 0.014121560 0.014454370 0.014430130 0.015036150 0.013503280 0.013585320 0.011338930 0.014567900 0.018610420 0.018573390 0.018391710 0.021754270 0.021599910 0.020514340 0.017345670 0.019869180 0.017160800 0.017682270 0.016638930 0.017826890 0.016579160 0.018210740 0.017117150 0.016695450 0.009421440 0.017112070 0.017032440 0.017705640 0.030777780 
18     0.004002550 0.016982330 0.004747010 0.005862720 0.006590820 0.005339340 0.005204160 0.000000000 0.002186540 0.002140460 0.010331390 0.012371010 0.002129870 0.011645460 0.014649270 0.010384530 0.010284550 0.009663470 0.009842110 0.004199470 0.004563290 0.004561660 0.012585440 0.012918250 0.012894010 0.007631860 0.011967160 0.012049200 0.011837000 0.013031780 0.017074300 0.017037270 0.016855590 0.020218150 0.020063790 0.018978220 0.015809550 0.006452470 0.015624680 0.016146150 0.006958780 0.004329100 0.008836080 0.014340030 0.015581030 0.004087630 0.004336860 0.004396940 0.008298180 0.004004180 0.004358410 
7     0.017431570 0.017003500 0.004768180 0.005883890 0.006611990 0.005360510 0.000387600 0.002186540 0.000000000 0.010405410 0.010352560 0.014558790 0.015390180 0.015450210 0.018454020 0.010556420 0.010305720 0.009684640 0.009863280 0.009853170 0.012211750 0.013155710 0.012606610 0.012939420 0.012915180 0.013521200 0.011988330 0.012070370 0.011858170 0.013052950 0.017095470 0.017058440 0.016876760 0.020239320 0.020084960 0.018999390 0.015830720 0.018354230 0.015645850 0.016167320 0.015123980 0.016311940 0.015064210 0.016695790 0.015602200 0.015180500 0.014288700 0.016725890 0.016108890 0.016190690 0.029262830 
3     0.004345850 0.012366750 0.010210120 0.011398560 0.010291770 0.010581430 0.011920360 0.002140460 0.010405410 0.000000000 0.001067690 0.002400950 0.000013090 0.001774160 0.004276650 0.004531010 0.002411970 0.004071570 0.004250210 0.004542770 0.004906590 0.004904960 0.007969860 0.008302670 0.008278430 0.007975160 0.007351580 0.007433620 0.007221420 0.008416200 0.012458720 0.012421690 0.012240010 0.015602570 0.015448210 0.014362640 0.011193970 0.006635090 0.011009100 0.011530570 0.007302080 0.004672400 0.009179380 0.012059040 0.010965450 0.004430930 0.004680160 0.004740240 0.008641480 0.004347480 0.004701710 
8     0.010147360 0.012313900 0.010230000 0.011345710 0.012073810 0.010822330 0.005046450 0.010331390 0.010352560 0.001067690 0.000000000 0.003823390 0.003005890 0.005297680 0.004304170 0.004531100 0.004280400 0.004018720 0.004197360 0.004669470 0.007522150 0.008466110 0.007917010 0.008249820 0.008225580 0.008831600 0.007298730 0.007380770 0.007168570 0.008363350 0.012405870 0.012368840 0.012187160 0.015549720 0.015395360 0.014309790 0.011141120 0.013664630 0.010956250 0.011477720 0.010434380 0.011622340 0.010374610 0.012006190 0.010912600 0.010490900 0.008325880 0.011711010 0.011419290 0.011501090 0.024573230 
2     0.001290170 0.011288350 0.009529930 0.011814680 0.010720940 0.010120130 0.012675640 0.012371010 0.014558790 0.002400950 0.003823390 0.000000000 0.001167470 0.001138790 0.000467170 0.004960180 0.002841140 0.005475740 0.009042250 0.008257570 0.013480510 0.013216960 0.013039860 0.014483500 0.015306270 0.016429390 0.014896520 0.014978560 0.009505670 0.011337690 0.016127260 0.013220500 0.016083730 0.019446290 0.019291930 0.013958100 0.013201140 0.012661250 0.014852820 0.012019840 0.014330950 0.014677910 0.012963900 0.015271800 0.012711020 0.010595940 0.005225290 0.009639910 0.009560280 0.013638530 0.026906910 
15     0.001942340 0.011940520 0.011470680 0.012944940 0.011552330 0.011841990 0.012014870 0.002129870 0.015390180 0.000013090 0.003005890 0.001167470 0.000000000 0.001461230 0.000944380 0.005791570 0.003672530 0.006307130 0.009873640 0.004532180 0.004896000 0.004894370 0.013925290 0.015368930 0.016191700 0.007964570 0.015548690 0.015630730 0.006173710 0.012169080 0.016958650 0.014051890 0.016735900 0.020098460 0.019944100 0.018858530 0.014032530 0.006785180 0.015504990 0.012851230 0.007291490 0.004661810 0.009168790 0.014672740 0.013542410 0.004420340 0.004669570 0.004729650 0.008630890 0.004336890 0.004691120 
23     0.001560440 0.011558620 0.008804380 0.011089130 0.010292010 0.009394580 0.013052580 0.011645460 0.015450210 0.001774160 0.005297680 0.001138790 0.001461230 0.000000000 0.000204500 0.008070550 0.007981330 0.011055810 0.010319580 0.010527660 0.014429300 0.014165750 0.013988650 0.015432290 0.016093640 0.016699660 0.015166790 0.015248830 0.014037510 0.016169130 0.017858230 0.017821200 0.016354000 0.019716560 0.019562200 0.018476630 0.015307960 0.014512420 0.015123090 0.015644560 0.014601220 0.015626700 0.009656900 0.016173030 0.015079440 0.014652250 0.013765940 0.013557950 0.013405320 0.014555210 0.028112770 
26     0.001379570 0.011377750 0.011808190 0.014092940 0.013295820 0.012398390 0.016056390 0.014649270 0.018454020 0.004276650 0.004304170 0.000467170 0.000944380 0.000204500 0.000000000 0.009042960 0.006923920 0.009558520 0.008365840 0.009628960 0.013530600 0.013267050 0.013089950 0.014533590 0.015356360 0.016518790 0.014985920 0.015067960 0.013138810 0.015270430 0.017677360 0.017303280 0.016173130 0.019535690 0.019381330 0.018295760 0.014811540 0.013613720 0.014942220 0.015383550 0.014420350 0.014728000 0.003564160 0.015321890 0.014898570 0.013753550 0.013181470 0.012659250 0.012506620 0.013688620 0.027931900 
1     0.009958440 0.012517760 0.007543450 0.009828200 0.009031080 0.008133650 0.011791650 0.010384530 0.010556420 0.004531010 0.004531100 0.004960180 0.005791570 0.008070550 0.009042960 0.000000000 0.002216320 0.004222580 0.000989260 0.003968820 0.007726010 0.008669970 0.008120870 0.008453680 0.008429440 0.009035460 0.007502590 0.007584630 0.007372430 0.008567210 0.012609730 0.012572700 0.012391020 0.007700580 0.015599220 0.014513650 0.011344980 0.013868490 0.011160110 0.011681580 0.010638240 0.011826200 0.010578470 0.012210050 0.011116460 0.010694760 0.009802960 0.011522090 0.011442460 0.011704950 0.024777090 
21     0.007839400 0.012267060 0.008774170 0.011058920 0.010261800 0.009364370 0.011820670 0.010284550 0.010305720 0.002411970 0.004280400 0.002841140 0.003672530 0.007981330 0.006923920 0.002216320 0.000000000 0.003370640 0.004150520 0.004622630 0.007475310 0.008419270 0.007870170 0.008202980 0.008178740 0.008784760 0.007251890 0.007333930 0.007121730 0.008316510 0.012359030 0.012322000 0.012140320 0.015502880 0.015348520 0.014262950 0.011094280 0.012424390 0.010909410 0.011430880 0.010387540 0.011575500 0.010327770 0.011959350 0.010865760 0.010359080 0.008861830 0.009403050 0.009323420 0.011454250 0.013584810 
45     0.010474000 0.011645980 0.009562080 0.010677790 0.011405890 0.010154410 0.011199590 0.009663470 0.009684640 0.004071570 0.004018720 0.005475740 0.006307130 0.011055810 0.009558520 0.004222580 0.003370640 0.000000000 0.002870180 0.004001550 0.006854230 0.007798190 0.007249090 0.007581900 0.007557660 0.008163680 0.006630810 0.006712850 0.006500650 0.007695430 0.011737950 0.011700920 0.011519240 0.014881800 0.014727440 0.013641870 0.010473200 0.012996710 0.010288330 0.010809800 0.009766460 0.010954420 0.009706690 0.011338270 0.010244680 0.009822980 0.008931180 0.011368370 0.010751370 0.010833170 0.023905310 
9     0.013752340 0.011824620 0.009740720 0.010856430 0.011584530 0.010333050 0.011378230 0.009842110 0.009863280 0.004250210 0.004197360 0.009042250 0.009873640 0.010319580 0.008365840 0.000989260 0.004150520 0.002870180 0.000000000 0.003189040 0.007032870 0.007976830 0.007427730 0.007760540 0.007736300 0.008342320 0.006809450 0.006891490 0.006679290 0.007874070 0.011916590 0.011879560 0.011697880 0.015060440 0.014906080 0.013820510 0.010651840 0.013175350 0.010466970 0.010988440 0.009945100 0.011133060 0.009885330 0.011516910 0.010423320 0.010001620 0.009109820 0.011547010 0.010930010 0.011011810 0.024083950 
27     0.000207080 0.010148970 0.009730610 0.010846320 0.003107240 0.010322940 0.011368120 0.004199470 0.009853170 0.004542770 0.004669470 0.008257570 0.004532180 0.010527660 0.009628960 0.003968820 0.004622630 0.004001550 0.003189040 0.000000000 0.000767560 0.000765930 0.007417620 0.007750430 0.007726190 0.003836130 0.006799340 0.006881380 0.002558610 0.007863960 0.011906480 0.011869450 0.011687770 0.014564910 0.014014530 0.013352910 0.010641730 0.002656780 0.010456860 0.010978330 0.003163090 0.000533410 0.005040390 0.010544340 0.010413210 0.000291940 0.000541170 0.000601250 0.004502490 0.000208490 0.000562720 
30     0.000570900 0.013064170 0.012089190 0.013204900 0.013933000 0.012681520 0.013726700 0.004563290 0.012211750 0.004906590 0.007522150 0.013480510 0.004896000 0.014429300 0.013530600 0.007726010 0.007475310 0.006854230 0.007032870 0.000767560 0.000000000 0.000052470 0.000417160 0.001615050 0.001590810 0.003671630 0.005317540 0.005399580 0.008319460 0.009514240 0.013156140 0.013119110 0.012937430 0.016299990 0.016145630 0.015060060 0.011891390 0.003020600 0.011706520 0.012227990 0.003526910 0.000897230 0.005404210 0.010908160 0.011662870 0.000655760 0.000904990 0.000965070 0.004866310 0.000572310 0.000926540 
13     0.000569270 0.014008130 0.013033150 0.014148860 0.014876960 0.013625480 0.014670660 0.004561660 0.013155710 0.004904960 0.008466110 0.013216960 0.004894370 0.014165750 0.013267050 0.008669970 0.008419270 0.007798190 0.007976830 0.000765930 0.000052470 0.000000000 0.000216660 0.000974710 0.001424200 0.003242560 0.002823790 0.003661910 0.009263420 0.010458200 0.014100100 0.014063070 0.013881390 0.017243950 0.017089590 0.016004020 0.012835350 0.003018970 0.012650480 0.013171950 0.003525280 0.000895600 0.005402580 0.010906530 0.012606830 0.000654130 0.000903360 0.000963440 0.004864680 0.000570680 0.000924910 
11     0.015386750 0.013459030 0.012484050 0.013599760 0.014327860 0.013076380 0.014121560 0.012585440 0.012606610 0.007969860 0.007917010 0.013039860 0.013925290 0.013988650 0.013089950 0.008120870 0.007870170 0.007249090 0.007427730 0.007417620 0.000417160 0.000216660 0.000000000 0.001740480 0.001780710 0.004066490 0.002648170 0.004478610 0.008714320 0.009909100 0.013551000 0.013513970 0.013332290 0.016694850 0.016540490 0.015454920 0.012286250 0.014809760 0.012101380 0.012622850 0.011579510 0.012767470 0.011519740 0.011542590 0.012057730 0.011636030 0.010744230 0.013181420 0.012564420 0.012646220 0.025718360 
38     0.013050930 0.013791840 0.012816860 0.013932570 0.014660670 0.013409190 0.014454370 0.012918250 0.012939420 0.008302670 0.008249820 0.014483500 0.015368930 0.015432290 0.014533590 0.008453680 0.008202980 0.007581900 0.007760540 0.007750430 0.001615050 0.000974710 0.001740480 0.000000000 0.000036940 0.003538530 0.006045210 0.003957880 0.009047130 0.010241910 0.013883810 0.013846780 0.013665100 0.017027660 0.016873300 0.015787730 0.012619060 0.015142570 0.012434190 0.012955660 0.011912320 0.013100280 0.011852550 0.013484130 0.012390540 0.011968840 0.011077040 0.013445100 0.012897230 0.012979030 0.013406570 
19     0.014655870 0.011457110 0.012792620 0.013908330 0.014636430 0.013384950 0.014430130 0.012894010 0.012915180 0.008278430 0.008225580 0.015306270 0.016191700 0.016093640 0.015356360 0.008429440 0.008178740 0.007557660 0.007736300 0.007726190 0.001590810 0.001424200 0.001780710 0.000036940 0.000000000 0.003686220 0.002904330 0.004105570 0.009022890 0.010217670 0.013859570 0.013822540 0.013640860 0.017003420 0.016849060 0.015763490 0.012594820 0.015118330 0.012409950 0.012931420 0.011888080 0.013076040 0.011828310 0.013459890 0.012366300 0.011944600 0.011052800 0.013489990 0.012872990 0.012954790 0.015011510 
37     0.003075040 0.005112840 0.013398640 0.014514350 0.015242450 0.013990970 0.015036150 0.007631860 0.013521200 0.007975160 0.008831600 0.016429390 0.007964570 0.016699660 0.016518790 0.009035460 0.008784760 0.008163680 0.008342320 0.003836130 0.003671630 0.003242560 0.004066490 0.003538530 0.003686220 0.000000000 0.002360150 0.003175430 0.009628910 0.010823690 0.014465590 0.014428560 0.014246880 0.008374780 0.007824400 0.007162780 0.013200840 0.006089170 0.013015970 0.013537440 0.006595480 0.003965800 0.008472780 0.013976730 0.012972320 0.003724330 0.003973560 0.004033640 0.007934880 0.003640880 0.003995110 
5     0.014768470 0.012840750 0.011865770 0.012981480 0.013709580 0.012458100 0.013503280 0.011967160 0.011988330 0.007351580 0.007298730 0.014896520 0.015548690 0.015166790 0.014985920 0.007502590 0.007251890 0.006630810 0.006809450 0.006799340 0.005317540 0.002823790 0.002648170 0.006045210 0.002904330 0.002360150 0.000000000 0.000012860 0.008096040 0.009290820 0.012932720 0.012895690 0.012714010 0.016076570 0.015922210 0.014836640 0.011667970 0.014191480 0.011483100 0.012004570 0.010961230 0.012149190 0.010901460 0.012533040 0.011439450 0.011017750 0.010125950 0.012563140 0.011946140 0.012027940 0.019046720 
14     0.014850510 0.012922790 0.011947810 0.013063520 0.013791620 0.012540140 0.013585320 0.012049200 0.012070370 0.007433620 0.007380770 0.014978560 0.015630730 0.015248830 0.015067960 0.007584630 0.007333930 0.006712850 0.006891490 0.006881380 0.005399580 0.003661910 0.004478610 0.003957880 0.004105570 0.003175430 0.000012860 0.000000000 0.003450710 0.009372860 0.013014760 0.012977730 0.012796050 0.016158610 0.016004250 0.014918680 0.011750010 0.014273520 0.011565140 0.012086610 0.011043270 0.012231230 0.010983500 0.012615080 0.011521490 0.011099790 0.010207990 0.012645180 0.012028180 0.012109980 0.025182120 
41     0.002774990 0.004030510 0.004135990 0.012851320 0.006759720 0.012327940 0.011338930 0.011837000 0.011858170 0.007221420 0.007168570 0.009505670 0.006173710 0.014037510 0.013138810 0.007372430 0.007121730 0.006500650 0.006679290 0.002558610 0.008319460 0.009263420 0.008714320 0.009047130 0.009022890 0.009628910 0.008096040 0.003450710 0.000000000 0.002653940 0.013203180 0.013166150 0.012984470 0.016347030 0.016192670 0.015107100 0.011938430 0.013111340 0.011753560 0.012275030 0.011231690 0.009527060 0.011171920 0.012803500 0.011709910 0.011046030 0.009548780 0.010090000 0.010010370 0.012298400 0.025370540 
36     0.010078970 0.011851610 0.012930390 0.014046100 0.014774200 0.013522720 0.014567900 0.013031780 0.013052950 0.008416200 0.008363350 0.011337690 0.012169080 0.016169130 0.015270430 0.008567210 0.008316510 0.007695430 0.007874070 0.007863960 0.009514240 0.010458200 0.009909100 0.010241910 0.010217670 0.010823690 0.009290820 0.009372860 0.002653940 0.000000000 0.014397960 0.014360930 0.014179250 0.001979130 0.017387450 0.016301880 0.010733050 0.014943360 0.012948340 0.013469810 0.012426470 0.013614430 0.012366700 0.013998280 0.012904690 0.012482990 0.011042800 0.011922020 0.011842390 0.013493180 0.026565320 
20     0.015147940 0.015532190 0.016972910 0.018088620 0.018816720 0.017565240 0.018610420 0.017074300 0.017095470 0.012458720 0.012405870 0.016127260 0.016958650 0.017858230 0.017677360 0.012609730 0.012359030 0.011737950 0.011916590 0.011906480 0.013156140 0.014100100 0.013551000 0.013883810 0.013859570 0.014465590 0.012932720 0.013014760 0.013203180 0.014397960 0.000000000 0.000007800 0.003839420 0.016592550 0.017652880 0.015518680 0.014359410 0.016882920 0.014174540 0.014696010 0.013652670 0.014840630 0.013592900 0.015224480 0.014130890 0.012629240 0.012817390 0.015254580 0.014637580 0.014719380 0.027791520 
17     0.012241180 0.015495160 0.016935880 0.018051590 0.018737960 0.017528210 0.018573390 0.017037270 0.017058440 0.012421690 0.012368840 0.013220500 0.014051890 0.017821200 0.017303280 0.012572700 0.012322000 0.011700920 0.011879560 0.011869450 0.013119110 0.014063070 0.013513970 0.013846780 0.013822540 0.014428560 0.012895690 0.012977730 0.013166150 0.014360930 0.000007800 0.000000000 0.005418820 0.018730980 0.018576620 0.017491050 0.014322380 0.015758230 0.014137510 0.014658980 0.013615640 0.014803600 0.013555870 0.015187450 0.014093860 0.013672160 0.012195670 0.013276130 0.013196500 0.014682350 0.027754490 
40     0.015955680 0.014027960 0.016754200 0.017869910 0.018598010 0.017346530 0.018391710 0.016855590 0.016876760 0.012240010 0.012187160 0.016083730 0.016735900 0.016354000 0.016173130 0.012391020 0.012140320 0.011519240 0.011697880 0.011687770 0.012937430 0.013881390 0.013332290 0.013665100 0.013640860 0.014246880 0.012714010 0.012796050 0.012984470 0.014179250 0.003839420 0.005418820 0.000000000 0.016288320 0.016133960 0.015048390 0.012801680 0.015325190 0.012616810 0.013138280 0.012094940 0.013282900 0.012035170 0.013666750 0.012573160 0.012151460 0.011259660 0.013750350 0.013133350 0.013215150 0.026287290 
4     0.005341860 0.006318540 0.018608400 0.020893150 0.020096030 0.019198600 0.021754270 0.020218150 0.020239320 0.015602570 0.015549720 0.019446290 0.020098460 0.019716560 0.019535690 0.007700580 0.015502880 0.014881800 0.015060440 0.014564910 0.016299990 0.017243950 0.016694850 0.017027660 0.017003420 0.008374780 0.016076570 0.016158610 0.016347030 0.001979130 0.016592550 0.018730980 0.016288320 0.000000000 0.000575310 0.001212260 0.016164240 0.018687750 0.015979370 0.016500840 0.015457500 0.016645460 0.015397730 0.017029310 0.015935720 0.015514020 0.014622220 0.017112910 0.016495910 0.016577710 0.029649850 
34     0.004791480 0.005768160 0.019780260 0.021078110 0.021267890 0.020370460 0.021599910 0.020063790 0.020084960 0.015448210 0.015395360 0.019291930 0.019944100 0.019562200 0.019381330 0.015599220 0.015348520 0.014727440 0.014906080 0.014014530 0.016145630 0.017089590 0.016540490 0.016873300 0.016849060 0.007824400 0.015922210 0.016004250 0.016192670 0.017387450 0.017652880 0.018576620 0.016133960 0.000575310 0.000000000 0.000097820 0.016009880 0.018533390 0.015825010 0.016346480 0.015303140 0.016491100 0.015243370 0.016874950 0.015781360 0.015359660 0.014467860 0.016958550 0.016341550 0.016423350 0.029495490 
47     0.004129860 0.005106540 0.018200250 0.019992540 0.019687880 0.018790450 0.020514340 0.018978220 0.018999390 0.014362640 0.014309790 0.013958100 0.018858530 0.018476630 0.018295760 0.014513650 0.014262950 0.013641870 0.013820510 0.013352910 0.015060060 0.016004020 0.015454920 0.015787730 0.015763490 0.007162780 0.014836640 0.014918680 0.015107100 0.016301880 0.015518680 0.017491050 0.015048390 0.001212260 0.000097820 0.000000000 0.014924310 0.017447820 0.014739440 0.015260910 0.014217570 0.015405530 0.014157800 0.015789380 0.014695790 0.002536120 0.013382290 0.015872980 0.015255980 0.015337780 0.027634270 
35     0.012221820 0.012981920 0.015708160 0.016823870 0.017551970 0.016300490 0.017345670 0.015809550 0.015830720 0.011193970 0.011141120 0.013201140 0.014032530 0.015307960 0.014811540 0.011344980 0.011094280 0.010473200 0.010651840 0.010641730 0.011891390 0.012835350 0.012286250 0.012619060 0.012594820 0.013200840 0.011667970 0.011750010 0.011938430 0.010733050 0.014359410 0.014322380 0.012801680 0.016164240 0.016009880 0.014924310 0.000000000 0.000470020 0.000872670 0.006072060 0.005028720 0.006216680 0.004278930 0.005910510 0.006708140 0.006286440 0.005019520 0.012704310 0.012087310 0.012169110 0.025241250 
25     0.002460080 0.015505430 0.018097060 0.019347380 0.018178710 0.018468370 0.019869180 0.006452470 0.018354230 0.006635090 0.013664630 0.012661250 0.006785180 0.014512420 0.013613720 0.013868490 0.012424390 0.012996710 0.013175350 0.002656780 0.003020600 0.003018970 0.014809760 0.015142570 0.015118330 0.006089170 0.014191480 0.014273520 0.013111340 0.014943360 0.016882920 0.015758230 0.015325190 0.018687750 0.018533390 0.017447820 0.000470020 0.000000000 0.001661790 0.008504170 0.004939450 0.002638730 0.006816750 0.009124040 0.009231650 0.002397260 0.002646490 0.002854250 0.006755490 0.002461490 0.002668080 
16     0.014724770 0.012797050 0.015523290 0.016639000 0.017367100 0.016115620 0.017160800 0.015624680 0.015645850 0.011009100 0.010956250 0.014852820 0.015504990 0.015123090 0.014942220 0.011160110 0.010909410 0.010288330 0.010466970 0.010456860 0.011706520 0.012650480 0.012101380 0.012434190 0.012409950 0.013015970 0.011483100 0.011565140 0.011753560 0.012948340 0.014174540 0.014137510 0.012616810 0.015979370 0.015825010 0.014739440 0.000872670 0.001661790 0.000000000 0.005887190 0.004843850 0.006031810 0.004094060 0.005725640 0.006523270 0.006101570 0.004834650 0.012519440 0.011902440 0.011984240 0.025056380 
44     0.011040520 0.013318520 0.016044760 0.017160470 0.017537300 0.016637090 0.017682270 0.016146150 0.016167320 0.011530570 0.011477720 0.012019840 0.012851230 0.015644560 0.015383550 0.011681580 0.011430880 0.010809800 0.010988440 0.010978330 0.012227990 0.013171950 0.012622850 0.012955660 0.012931420 0.013537440 0.012004570 0.012086610 0.012275030 0.013469810 0.014696010 0.014658980 0.013138280 0.016500840 0.016346480 0.015260910 0.006072060 0.008504170 0.005887190 0.000000000 0.001347640 0.004106460 0.001444720 0.006937130 0.007044740 0.006623040 0.005356120 0.012075470 0.011995840 0.012505710 0.021505550 
12     0.002966390 0.012275180 0.015001420 0.016117130 0.016845230 0.015593750 0.016638930 0.006958780 0.015123980 0.007302080 0.010434380 0.014330950 0.007291490 0.014601220 0.014420350 0.010638240 0.010387540 0.009766460 0.009945100 0.003163090 0.003526910 0.003525280 0.011579510 0.011912320 0.011888080 0.006595480 0.010961230 0.011043270 0.011231690 0.012426470 0.013652670 0.013615640 0.012094940 0.015457500 0.015303140 0.014217570 0.005028720 0.004939450 0.004843850 0.001347640 0.000000000 0.001819840 0.004262210 0.005893790 0.006001400 0.002903570 0.001546190 0.003360560 0.007261800 0.002967800 0.003174390 
32     0.000336710 0.013463140 0.016189380 0.017305090 0.018033190 0.016781710 0.017826890 0.004329100 0.016311940 0.004672400 0.011622340 0.014677910 0.004661810 0.015626700 0.014728000 0.011826200 0.011575500 0.010954420 0.011133060 0.000533410 0.000897230 0.000895600 0.012767470 0.013100280 0.013076040 0.003965800 0.012149190 0.012231230 0.009527060 0.013614430 0.014840630 0.014803600 0.013282900 0.016645460 0.016491100 0.015405530 0.006216680 0.002638730 0.006031810 0.004106460 0.001819840 0.000000000 0.005022340 0.007081750 0.007189360 0.000273490 0.000007760 0.000730880 0.004632120 0.000338120 0.000544710 
39     0.004843690 0.012215410 0.014941650 0.016057360 0.016785460 0.015533980 0.016579160 0.008836080 0.015064210 0.009179380 0.010374610 0.012963900 0.009168790 0.009656900 0.003564160 0.010578470 0.010327770 0.009706690 0.009885330 0.005040390 0.005404210 0.005402580 0.011519740 0.011852550 0.011828310 0.008472780 0.010901460 0.010983500 0.011171920 0.012366700 0.013592900 0.013555870 0.012035170 0.015397730 0.015243370 0.014157800 0.004278930 0.006816750 0.004094060 0.001444720 0.004262210 0.005022340 0.000000000 0.000083550 0.005941630 0.004780870 0.004253010 0.005237860 0.009139100 0.004845100 0.005051690 
24     0.010347640 0.013846990 0.016573230 0.017688940 0.018417040 0.017165560 0.018210740 0.014340030 0.016695790 0.012059040 0.012006190 0.015271800 0.014672740 0.016173030 0.015321890 0.012210050 0.011959350 0.011338270 0.011516910 0.010544340 0.010908160 0.010906530 0.011542590 0.013484130 0.013459890 0.013976730 0.012533040 0.012615080 0.012803500 0.013998280 0.015224480 0.015187450 0.013666750 0.017029310 0.016874950 0.015789380 0.005910510 0.009124040 0.005725640 0.006937130 0.005893790 0.007081750 0.000083550 0.000000000 0.007573210 0.007151510 0.005884590 0.010741810 0.012952380 0.010349050 0.009684370 
42     0.011731700 0.012753400 0.015479640 0.016595350 0.017323450 0.016071970 0.017117150 0.015581030 0.015602200 0.010965450 0.010912600 0.012711020 0.013542410 0.015079440 0.014898570 0.011116460 0.010865760 0.010244680 0.010423320 0.010413210 0.011662870 0.012606830 0.012057730 0.012390540 0.012366300 0.012972320 0.011439450 0.011521490 0.011709910 0.012904690 0.014130890 0.014093860 0.012573160 0.015935720 0.015781360 0.014695790 0.006708140 0.009231650 0.006523270 0.007044740 0.006001400 0.007189360 0.005941630 0.007573210 0.000000000 0.002856480 0.004239180 0.012475790 0.011858790 0.011940590 0.025012730 
22     0.000095240 0.012331700 0.015057940 0.016173650 0.016113400 0.015650270 0.016695450 0.004087630 0.015180500 0.004430930 0.010490900 0.010595940 0.004420340 0.014652250 0.013753550 0.010694760 0.010359080 0.009822980 0.010001620 0.000291940 0.000655760 0.000654130 0.011636030 0.011968840 0.011944600 0.003724330 0.011017750 0.011099790 0.011046030 0.012482990 0.012629240 0.013672160 0.012151460 0.015514020 0.015359660 0.002536120 0.006286440 0.002397260 0.006101570 0.006623040 0.002903570 0.000273490 0.004780870 0.007151510 0.002856480 0.000000000 0.000281250 0.000489410 0.004390650 0.000096650 0.000303240 
10     0.000344470 0.007912730 0.014166140 0.015281850 0.014616150 0.014758470 0.009421440 0.004336860 0.014288700 0.004680160 0.008325880 0.005225290 0.004669570 0.013765940 0.013181470 0.009802960 0.008861830 0.008931180 0.009109820 0.000541170 0.000904990 0.000903360 0.010744230 0.011077040 0.011052800 0.003973560 0.010125950 0.010207990 0.009548780 0.011042800 0.012817390 0.012195670 0.011259660 0.014622220 0.014467860 0.013382290 0.005019520 0.002646490 0.004834650 0.005356120 0.001546190 0.000007760 0.004253010 0.005884590 0.004239180 0.000281250 0.000000000 0.000738640 0.004639880 0.000345880 0.000552470 
49     0.000404550 0.012764370 0.015075720 0.016549980 0.015157370 0.015447030 0.017112070 0.004396940 0.016725890 0.004740240 0.011711010 0.009639910 0.004729650 0.013557950 0.012659250 0.011522090 0.009403050 0.011368370 0.011547010 0.000601250 0.000965070 0.000963440 0.013181420 0.013445100 0.013489990 0.004033640 0.012563140 0.012645180 0.010090000 0.011922020 0.015254580 0.013276130 0.013750350 0.017112910 0.016958550 0.015872980 0.012704310 0.002854250 0.012519440 0.012075470 0.003360560 0.000730880 0.005237860 0.010741810 0.012475790 0.000489410 0.000738640 0.000000000 0.000232770 0.000405960 0.000760190 
50     0.004305790 0.012147370 0.014996090 0.016470350 0.015077740 0.015367400 0.017032440 0.008298180 0.016108890 0.008641480 0.011419290 0.009560280 0.008630890 0.013405320 0.012506620 0.011442460 0.009323420 0.010751370 0.010930010 0.004502490 0.004866310 0.004864680 0.012564420 0.012897230 0.012872990 0.007934880 0.011946140 0.012028180 0.010010370 0.011842390 0.014637580 0.013196500 0.013133350 0.016495910 0.016341550 0.015255980 0.012087310 0.006755490 0.011902440 0.011995840 0.007261800 0.004632120 0.009139100 0.012952380 0.011858790 0.004390650 0.004639880 0.000232770 0.000000000 0.000817030 0.004661430 
48     0.000011790 0.012229170 0.016068130 0.017183840 0.017911940 0.016660460 0.017705640 0.004004180 0.016190690 0.004347480 0.011501090 0.013638530 0.004336890 0.014555210 0.013688620 0.011704950 0.011454250 0.010833170 0.011011810 0.000208490 0.000572310 0.000570680 0.012646220 0.012979030 0.012954790 0.003640880 0.012027940 0.012109980 0.012298400 0.013493180 0.014719380 0.014682350 0.013215150 0.016577710 0.016423350 0.015337780 0.012169110 0.002461490 0.011984240 0.012505710 0.002967800 0.000338120 0.004845100 0.010349050 0.011940590 0.000096650 0.000345880 0.000405960 0.000817030 0.000000000 0.000367430 
0     0.000366020 0.022974830 0.029140270 0.030255980 0.030984080 0.029732600 0.030777780 0.004358410 0.029262830 0.004701710 0.024573230 0.026906910 0.004691120 0.028112770 0.027931900 0.024777090 0.013584810 0.023905310 0.024083950 0.000562720 0.000926540 0.000924910 0.025718360 0.013406570 0.015011510 0.003995110 0.019046720 0.025182120 0.025370540 0.026565320 0.027791520 0.027754490 0.026287290 0.029649850 0.029495490 0.027634270 0.025241250 0.002668080 0.025056380 0.021505550 0.003174390 0.000544710 0.005051690 0.009684370 0.025012730 0.000303240 0.000552470 0.000760190 0.004661430 0.000367430 0.000000000 
