51
46     0.000000000 0.372319206 0.372833871 0.402308498 0.427486174 0.405997689 0.411389193 0.428155586 0.395236508 0.316106344 0.331294860 0.321806360 0.321529670 0.333597662 0.326260461 0.352714741 0.290674773 0.342415347 0.352726857 0.296009480 0.392188462 0.396910974 0.398480519 0.395475701 0.397113560 0.413107841 0.437802004 0.436625802 0.309761253 0.342533060 0.402927892 0.404448551 0.490394588 0.428796923 0.438189601 0.416376126 0.394120140 0.375747195 0.385616062 0.366015297 0.373476151 0.364450479 0.336091863 0.356683830 0.368085082 0.351615271 0.318583468 0.357622999 0.359922203 0.413899150 0.797851729 
31     0.372319206 0.000000000 0.399138105 0.428402137 0.453979194 0.432264173 0.437440510 0.454201382 0.421693122 0.342852337 0.358034741 0.348684784 0.348282279 0.360328220 0.353013070 0.378900583 0.316607504 0.369074918 0.378911466 0.322491732 0.419736471 0.424448990 0.426018534 0.423018775 0.424862952 0.440633247 0.465336294 0.464160092 0.334790466 0.367460572 0.430412482 0.432067388 0.518103619 0.454741684 0.463866954 0.442320887 0.420860702 0.402487758 0.412356625 0.392989820 0.400513848 0.391488176 0.363025149 0.383871719 0.395057819 0.378262998 0.344791559 0.384589647 0.386865382 0.440872769 0.828915525 
6     0.372833871 0.399138105 0.000000000 0.072279510 0.139178442 0.126609220 0.189929778 0.207818443 0.174813350 0.259268164 0.274416756 0.265545020 0.264528909 0.277019752 0.269739451 0.295880446 0.234273793 0.285738846 0.296143871 0.238800059 0.382711575 0.387448598 0.389018142 0.386090580 0.387934757 0.402609369 0.427721204 0.426545002 0.297930679 0.330970371 0.406010905 0.407528324 0.494085765 0.431701058 0.440750963 0.419146832 0.397295483 0.378922538 0.388791405 0.369049583 0.376289525 0.367319161 0.339600558 0.359768467 0.370952616 0.354457830 0.321607796 0.360701542 0.362735580 0.417039794 0.803112760 
33     0.402308498 0.428402137 0.072279510 0.000000000 0.170112994 0.157430005 0.218227211 0.235728135 0.203053847 0.288626322 0.303774915 0.294903178 0.293842385 0.306377910 0.299097609 0.325209754 0.263623214 0.315105472 0.325379367 0.268394960 0.412177686 0.416914708 0.418484253 0.415556691 0.417400868 0.432075480 0.457187314 0.456011113 0.327302102 0.360197632 0.435406696 0.436924115 0.523481556 0.460707552 0.469757457 0.448153326 0.426130464 0.407757520 0.417626387 0.397928882 0.405168824 0.396198460 0.368431236 0.388611397 0.399909434 0.383206886 0.350518790 0.389642701 0.391705719 0.445987488 0.832025523 
29     0.427486174 0.453979194 0.139178442 0.170112994 0.000000000 0.184754685 0.243872225 0.261322711 0.226590585 0.313807927 0.328956519 0.320062802 0.319078398 0.331537534 0.324257232 0.349892432 0.288555172 0.340174350 0.350471299 0.292989675 0.436912091 0.441649113 0.443218658 0.440291096 0.442135273 0.457058427 0.482130282 0.480954081 0.352247038 0.385268770 0.460722359 0.462239778 0.548797219 0.486183989 0.495233895 0.473629764 0.452017454 0.433644509 0.443513377 0.423821032 0.431064647 0.422094284 0.394322529 0.414477527 0.425872641 0.408826344 0.376099121 0.415488490 0.417564602 0.471953036 0.857728522 
28     0.405997689 0.432264173 0.126609220 0.157430005 0.184754685 0.000000000 0.219999402 0.238769485 0.203270522 0.291637271 0.306814128 0.297885694 0.296863192 0.309267459 0.302015422 0.327867091 0.266636160 0.318072249 0.328349557 0.271529584 0.415084759 0.419821781 0.421391326 0.418463764 0.420307941 0.434985470 0.460194528 0.459018326 0.330567209 0.363607018 0.438684566 0.440201985 0.526331928 0.464374444 0.473424350 0.451820218 0.430075238 0.411702294 0.421571161 0.401908022 0.409118062 0.400147699 0.372380314 0.392633489 0.403891592 0.387181326 0.354355090 0.393614603 0.395690715 0.450052334 0.835676728 
43     0.411389193 0.437440510 0.189929778 0.218227211 0.243872225 0.219999402 0.000000000 0.155650525 0.131490806 0.297830130 0.312978722 0.304041735 0.303185061 0.315514439 0.308269269 0.334240800 0.272482211 0.324408741 0.334313822 0.277621573 0.419936374 0.424826970 0.426396515 0.423468953 0.425313130 0.440151553 0.465209807 0.464033605 0.335881822 0.368950105 0.443994291 0.445511710 0.531856920 0.469750756 0.478800661 0.457167320 0.435041450 0.416668506 0.426537373 0.406913695 0.414213611 0.405233090 0.377561469 0.397783126 0.408935407 0.392000578 0.359287399 0.399442611 0.401518724 0.455601163 0.841262203 
18     0.428155586 0.454201382 0.207818443 0.235728135 0.261322711 0.238769485 0.155650525 0.000000000 0.145628108 0.315285850 0.330434443 0.321422106 0.320576571 0.332902331 0.325622030 0.351589766 0.289760360 0.341672004 0.351580770 0.294805477 0.437238836 0.441975858 0.443545403 0.440617841 0.442462018 0.457377488 0.482353698 0.481177497 0.352835676 0.386148995 0.459732105 0.461249525 0.547441978 0.486215017 0.495264922 0.473660791 0.452027460 0.433654515 0.443523382 0.423892352 0.431112549 0.422132028 0.394420894 0.414642551 0.425766743 0.408413811 0.376188406 0.416085191 0.418161303 0.472224755 0.856949743 
7     0.395236508 0.421693122 0.174813350 0.203053847 0.226590585 0.203270522 0.131490806 0.145628108 0.000000000 0.282052094 0.297200686 0.288182413 0.287336879 0.299657145 0.292405318 0.318433033 0.256740766 0.308575348 0.318485643 0.261879235 0.404188627 0.409100153 0.410669698 0.407742136 0.409594336 0.424519276 0.449392182 0.448215981 0.320410540 0.353609780 0.427908178 0.429464033 0.516357770 0.454124848 0.463174754 0.441570623 0.419868408 0.401495463 0.411364330 0.391733300 0.398953497 0.389972976 0.362261842 0.382483499 0.393607691 0.376679943 0.344027814 0.383918144 0.385994256 0.440078383 0.825681501 
3     0.316106344 0.342852337 0.259268164 0.288626322 0.313807927 0.291637271 0.297830130 0.315285850 0.282052094 0.000000000 0.055909123 0.081437140 0.082169558 0.092293377 0.085149707 0.195839031 0.134685821 0.186014341 0.195944408 0.169227084 0.326261887 0.330792459 0.332362003 0.329382134 0.331226311 0.346680565 0.371532917 0.370356716 0.241711618 0.274697151 0.347962448 0.349479867 0.436415850 0.374794614 0.383844520 0.362211179 0.340148206 0.321761230 0.331633059 0.312142695 0.319194022 0.310223658 0.282618652 0.303096697 0.314208772 0.297777216 0.264639273 0.304104252 0.306174342 0.360447035 0.745532088 
8     0.331294860 0.358034741 0.274416756 0.303774915 0.328956519 0.306814128 0.312978722 0.330434443 0.297200686 0.055909123 0.000000000 0.096418026 0.096478583 0.107611900 0.099912423 0.211536399 0.149996032 0.201363976 0.211272094 0.184389747 0.341373222 0.345903794 0.347473338 0.344552155 0.346396332 0.361885224 0.386737576 0.385561375 0.256900134 0.289885668 0.363131260 0.364648679 0.451584662 0.389997844 0.399047749 0.377414408 0.355423474 0.337062020 0.346930887 0.327312715 0.334365771 0.325395408 0.297788673 0.318266718 0.329384469 0.312952912 0.279733676 0.319284619 0.321354709 0.375627402 0.760712455 
2     0.321806360 0.348684784 0.265545020 0.294903178 0.320062802 0.297885694 0.304041735 0.321422106 0.288182413 0.081437140 0.096418026 0.000000000 0.070100738 0.082858836 0.075633795 0.202429661 0.140775903 0.192045315 0.202123816 0.175042725 0.332104217 0.336634789 0.338204333 0.335283150 0.337127326 0.352522895 0.377375247 0.376199046 0.247404550 0.280415057 0.353806317 0.355323736 0.442293527 0.380750500 0.389800406 0.368156746 0.346006007 0.327644552 0.337513419 0.317895248 0.324953098 0.315982734 0.288372047 0.308854750 0.319967001 0.303535445 0.270452170 0.309380264 0.311448218 0.365560602 0.751185298 
15     0.321529670 0.348282279 0.264528909 0.293842385 0.319078398 0.296863192 0.303185061 0.320576571 0.287336879 0.082169558 0.096478583 0.070100738 0.000000000 0.081922405 0.073997062 0.201619859 0.140106093 0.191401836 0.201383596 0.174610704 0.331630860 0.336161431 0.337730976 0.334809792 0.336653969 0.352049537 0.376901890 0.375725688 0.246814271 0.279824778 0.353463660 0.354981079 0.441950870 0.380315916 0.389365821 0.367732480 0.345775758 0.327414303 0.337283170 0.317664999 0.324717349 0.315746986 0.288136298 0.308619001 0.319736752 0.303305196 0.270225220 0.309637091 0.311705045 0.365971369 0.751021798 
23     0.333597662 0.360328220 0.277019752 0.306377910 0.331537534 0.309267459 0.315514439 0.332902331 0.299657145 0.092293377 0.107611900 0.082858836 0.081922405 0.000000000 0.068147924 0.213722618 0.152189881 0.203517424 0.213370602 0.186631282 0.343440073 0.347970644 0.349540189 0.346612409 0.348436682 0.364034877 0.388938353 0.387762151 0.258908715 0.291919222 0.365436925 0.366954345 0.453913022 0.392274715 0.401324621 0.379691280 0.357656166 0.339294711 0.349163579 0.329545407 0.336597758 0.327627394 0.300003515 0.320499410 0.331550521 0.315052738 0.282041986 0.321609272 0.323677226 0.377943550 0.763005092 
26     0.326260461 0.353013070 0.269739451 0.299097609 0.324257232 0.302015422 0.308269269 0.325622030 0.292405318 0.085149707 0.099912423 0.075633795 0.073997062 0.068147924 0.000000000 0.206782239 0.145342391 0.196634944 0.206556193 0.179585347 0.335308651 0.339839223 0.341408768 0.338480988 0.340305260 0.355657047 0.380362525 0.379142584 0.251524142 0.284534649 0.358110661 0.359628081 0.446597872 0.384948451 0.393998357 0.372392625 0.350329902 0.331968447 0.341837315 0.322219143 0.329271494 0.320301130 0.292674210 0.313173146 0.324224258 0.307726474 0.274779364 0.314294121 0.316362076 0.370628400 0.755678828 
1     0.352714741 0.378900583 0.295880446 0.325209754 0.349892432 0.327867091 0.334240800 0.351589766 0.318433033 0.195839031 0.211536399 0.202429661 0.201619859 0.213722618 0.206782239 0.000000000 0.135147111 0.200419222 0.210339031 0.204989739 0.362334844 0.366865415 0.368434960 0.365489070 0.367333247 0.382948549 0.407458134 0.406281932 0.278171602 0.311205221 0.385336105 0.386853524 0.473619555 0.410973302 0.420030115 0.398448801 0.376372361 0.358053189 0.367922056 0.348312144 0.355445003 0.346474640 0.318901657 0.339078367 0.350441320 0.333913614 0.300700238 0.340229619 0.342271062 0.396564932 0.780437265 
21     0.290674773 0.316607504 0.234273793 0.263623214 0.288555172 0.266636160 0.272482211 0.289760360 0.256740766 0.134685821 0.149996032 0.140775903 0.140106093 0.152189881 0.145342391 0.135147111 0.000000000 0.138043717 0.147921564 0.143088918 0.299657834 0.304151456 0.305721000 0.302822970 0.304667147 0.320457797 0.344906348 0.343730146 0.216287547 0.249326607 0.323848241 0.325365660 0.411925112 0.348923948 0.357973854 0.336364923 0.314544942 0.296183488 0.306052355 0.286382883 0.293509320 0.284538956 0.256981036 0.277266730 0.288470437 0.271960186 0.238892877 0.278429635 0.280520034 0.334787393 0.719886284 
45     0.342415347 0.369074918 0.285738846 0.315105472 0.340174350 0.318072249 0.324408741 0.341672004 0.308575348 0.186014341 0.201363976 0.192045315 0.191401836 0.203517424 0.196634944 0.200419222 0.138043717 0.000000000 0.188661749 0.195657465 0.352452444 0.356983016 0.358552560 0.355561509 0.357405686 0.373058098 0.397732134 0.396555933 0.267580067 0.300688043 0.375800840 0.377318259 0.463876574 0.401046156 0.410096061 0.388487131 0.366296933 0.347935478 0.357804345 0.338130450 0.345254426 0.336284515 0.308719696 0.329033419 0.340154084 0.323569992 0.290681416 0.330288625 0.332356579 0.386623938 0.769613207 
9     0.352726857 0.378911466 0.296143871 0.325379367 0.350471299 0.328349557 0.334313822 0.351580770 0.318485643 0.195944408 0.211272094 0.202123816 0.201383596 0.213370602 0.206556193 0.210339031 0.147921564 0.188661749 0.000000000 0.204998474 0.362672518 0.367203089 0.368772634 0.365817338 0.367661515 0.383289846 0.407972467 0.406796266 0.278204357 0.311126810 0.386191575 0.387708995 0.474267309 0.411396014 0.420445919 0.398836988 0.376792162 0.358430707 0.368299574 0.348608417 0.355762411 0.346792047 0.319213193 0.339501100 0.350730436 0.334207953 0.301125034 0.340714327 0.342782281 0.397049640 0.781190120 
27     0.296009480 0.322491732 0.238800059 0.268394960 0.292989675 0.271529584 0.277621573 0.294805477 0.261879235 0.169227084 0.184389747 0.175042725 0.174610704 0.186631282 0.179585347 0.204989739 0.143088918 0.195657465 0.204998474 0.000000000 0.305586500 0.309907593 0.311505592 0.308765432 0.310601573 0.325960872 0.350995595 0.349819393 0.222190055 0.255166814 0.328419481 0.329936901 0.416331148 0.355403852 0.364303673 0.342849889 0.320198142 0.301836688 0.311705555 0.291755799 0.298940796 0.289970433 0.262519365 0.282962705 0.294106217 0.277633789 0.244380541 0.284348938 0.286074083 0.340709467 0.726199767 
30     0.392188462 0.419736471 0.382711575 0.412177686 0.436912091 0.415084759 0.419936374 0.437238836 0.404188627 0.326261887 0.341373222 0.332104217 0.331630860 0.343440073 0.335308651 0.362334844 0.299657834 0.352452444 0.362672518 0.305586500 0.000000000 0.062498781 0.062989785 0.071983700 0.075554325 0.161731655 0.186190693 0.185217456 0.316267242 0.349293022 0.423595946 0.425113365 0.511560155 0.449206802 0.458156147 0.435771431 0.413096819 0.394854011 0.404721029 0.384537510 0.391415760 0.383008493 0.355733564 0.376153801 0.386779892 0.370416810 0.337886414 0.379049388 0.381293741 0.435089370 0.822902091 
13     0.396910974 0.424448990 0.387448598 0.416914708 0.441649113 0.419821781 0.424826970 0.441975858 0.409100153 0.330792459 0.345903794 0.336634789 0.336161431 0.347970644 0.339839223 0.366865415 0.304151456 0.356983016 0.367203089 0.309907593 0.062498781 0.000000000 0.039467481 0.074510254 0.076358706 0.164765801 0.189545168 0.189028320 0.320827194 0.353852974 0.428451017 0.429968436 0.516415226 0.454032671 0.462982016 0.440597300 0.418325762 0.400082953 0.409949972 0.390094984 0.396797910 0.388379731 0.361073129 0.381385844 0.392364275 0.376002263 0.343129631 0.383869912 0.386114265 0.439909894 0.827735619 
11     0.398480519 0.426018534 0.389018142 0.418484253 0.443218658 0.421391326 0.426396515 0.443545403 0.410669698 0.332362003 0.347473338 0.338204333 0.337730976 0.349540189 0.341408768 0.368434960 0.305721000 0.358552560 0.368772634 0.311505592 0.062989785 0.039467481 0.000000000 0.075350194 0.077704546 0.166122146 0.190887493 0.190246703 0.322396739 0.355422518 0.430020562 0.431537981 0.517984771 0.455602216 0.464551560 0.442166845 0.419895307 0.401652498 0.411519516 0.391664528 0.398367455 0.389949275 0.362628343 0.382941059 0.393933820 0.377571807 0.344699176 0.385439457 0.387683810 0.441479439 0.829305164 
38     0.395475701 0.423018775 0.386090580 0.415556691 0.440291096 0.418463764 0.423468953 0.440617841 0.407742136 0.329382134 0.344552155 0.335283150 0.334809792 0.346612409 0.338480988 0.365489070 0.302822970 0.355561509 0.365817338 0.308765432 0.071983700 0.074510254 0.075350194 0.000000000 0.041020189 0.164167100 0.188341818 0.187052592 0.319419551 0.352432266 0.427011963 0.428529382 0.514976172 0.452617851 0.461567196 0.439182480 0.416942244 0.398699435 0.408566453 0.388646760 0.395407645 0.387000378 0.359631902 0.380068779 0.390958220 0.374596207 0.341712448 0.382450524 0.384694877 0.438490506 0.826316231 
19     0.397113560 0.424862952 0.387934757 0.417400868 0.442135273 0.420307941 0.425313130 0.442462018 0.409594336 0.331226311 0.346396332 0.337127326 0.336653969 0.348436682 0.340305260 0.367333247 0.304667147 0.357405686 0.367661515 0.310601573 0.075554325 0.076358706 0.077704546 0.041020189 0.000000000 0.166105489 0.190135939 0.188830156 0.321271751 0.354284466 0.428856140 0.430373559 0.516820349 0.454462028 0.463411373 0.441026657 0.418786421 0.400543612 0.410410630 0.390535319 0.397251822 0.388844555 0.361476079 0.381912956 0.392802397 0.376440384 0.343556625 0.384294700 0.386539054 0.440334683 0.828160407 
37     0.413107841 0.440633247 0.402609369 0.432075480 0.457058427 0.434985470 0.440151553 0.457377488 0.424519276 0.346680565 0.361885224 0.352522895 0.352049537 0.364034877 0.355657047 0.382948549 0.320457797 0.373058098 0.383289846 0.325960872 0.161731655 0.164765801 0.166122146 0.164167100 0.166105489 0.000000000 0.136360856 0.135654499 0.335437767 0.370178825 0.443883434 0.445400853 0.531859390 0.470292986 0.479242330 0.456420645 0.434631620 0.416386962 0.426255829 0.406127168 0.413047624 0.404650172 0.377274074 0.397682672 0.408510978 0.392148965 0.359268181 0.399118229 0.401351923 0.454855473 0.843562556 
5     0.437802004 0.465336294 0.427721204 0.457187314 0.482130282 0.460194528 0.465209807 0.482353698 0.449392182 0.371532917 0.386737576 0.377375247 0.376901890 0.388938353 0.380362525 0.407458134 0.344906348 0.397732134 0.407972467 0.350995595 0.186190693 0.189545168 0.190887493 0.188341818 0.190135939 0.136360856 0.000000000 0.056012760 0.360234558 0.394990323 0.469089116 0.470606535 0.556924872 0.494821361 0.503761098 0.481038326 0.459268145 0.441023488 0.450892355 0.430703519 0.437609728 0.429212276 0.401907992 0.422316591 0.433057248 0.416630128 0.383906058 0.424559865 0.426804218 0.480567769 0.868498559 
14     0.436625802 0.464160092 0.426545002 0.456011113 0.480954081 0.459018326 0.464033605 0.481177497 0.448215981 0.370356716 0.385561375 0.376199046 0.375725688 0.387762151 0.379142584 0.406281932 0.343730146 0.396555933 0.406796266 0.349819393 0.185217456 0.189028320 0.190246703 0.187052592 0.188830156 0.135654499 0.056012760 0.000000000 0.358845106 0.393814121 0.467912915 0.469430334 0.555748670 0.493645160 0.502584897 0.479862124 0.458091944 0.439847286 0.449716153 0.429611767 0.436433527 0.428036075 0.400731790 0.421140389 0.431881046 0.415453926 0.382729856 0.423383664 0.425628017 0.479391568 0.867322358 
41     0.309761253 0.334790466 0.297930679 0.327302102 0.352247038 0.330567209 0.335881822 0.352835676 0.320410540 0.241711618 0.256900134 0.247404550 0.246814271 0.258908715 0.251524142 0.278171602 0.216287547 0.267580067 0.278204357 0.222190055 0.316267242 0.320827194 0.322396739 0.319419551 0.321271751 0.335437767 0.360234558 0.358845106 0.000000000 0.105619594 0.340230631 0.341748050 0.426618182 0.364957653 0.373581821 0.352642315 0.330023097 0.311980118 0.321848985 0.302272590 0.309571767 0.300214607 0.272710229 0.293283272 0.304162001 0.287782388 0.254922369 0.295008276 0.297298120 0.351334663 0.738236650 
36     0.342533060 0.367460572 0.330970371 0.360197632 0.385268770 0.363607018 0.368950105 0.386148995 0.353609780 0.274697151 0.289885668 0.280415057 0.279824778 0.291919222 0.284534649 0.311205221 0.249326607 0.300688043 0.311126810 0.255166814 0.349293022 0.353852974 0.355422518 0.352432266 0.354284466 0.370178825 0.394990323 0.393814121 0.105619594 0.000000000 0.372923564 0.374440984 0.459388165 0.397292695 0.406057209 0.385047101 0.363281392 0.345307033 0.355175900 0.335403977 0.342678480 0.333411202 0.305801855 0.326374899 0.337377393 0.320944432 0.288082011 0.327554101 0.329903456 0.383903682 0.768644945 
20     0.402927892 0.430412482 0.406010905 0.435406696 0.460722359 0.438684566 0.443994291 0.459732105 0.427908178 0.347962448 0.363131260 0.353806317 0.353463660 0.365436925 0.358110661 0.385336105 0.323848241 0.375800840 0.386191575 0.328419481 0.423595946 0.428451017 0.430020562 0.427011963 0.428856140 0.443883434 0.469089116 0.467912915 0.340230631 0.372923564 0.000000000 0.070661558 0.357062775 0.428761115 0.437866811 0.416410213 0.393358795 0.374969189 0.384814675 0.365312796 0.372637309 0.363559829 0.335162742 0.355819970 0.367025919 0.350803875 0.317466606 0.358283251 0.360554401 0.414871174 0.801515565 
17     0.404448551 0.432067388 0.407528324 0.436924115 0.462239778 0.440201985 0.445511710 0.461249525 0.429464033 0.349479867 0.364648679 0.355323736 0.354981079 0.366954345 0.359628081 0.386853524 0.325365660 0.377318259 0.387708995 0.329936901 0.425113365 0.429968436 0.431537981 0.428529382 0.430373559 0.445400853 0.470606535 0.469430334 0.341748050 0.374440984 0.070661558 0.000000000 0.358113928 0.430294849 0.439400544 0.417943946 0.395082549 0.376692943 0.386561811 0.367036550 0.374361063 0.365283583 0.336909878 0.357567105 0.368902246 0.352815606 0.319183474 0.359816984 0.362088134 0.416404907 0.803049299 
40     0.490394588 0.518103619 0.494085765 0.523481556 0.548797219 0.526331928 0.531856920 0.547441978 0.516357770 0.436415850 0.451584662 0.442293527 0.441950870 0.453913022 0.446597872 0.473619555 0.411925112 0.463876574 0.474267309 0.416331148 0.511560155 0.516415226 0.517984771 0.514976172 0.516820349 0.531859390 0.556924872 0.555748670 0.426618182 0.459388165 0.357062775 0.358113928 0.000000000 0.516531980 0.525637676 0.504181077 0.481866090 0.463476485 0.473345352 0.453792832 0.461169181 0.452091701 0.423225860 0.444305746 0.455979089 0.439892449 0.405938184 0.446596554 0.448481379 0.503238463 0.889657742 
4     0.428796923 0.454741684 0.431701058 0.460707552 0.486183989 0.464374444 0.469750756 0.486215017 0.454124848 0.374794614 0.389997844 0.380750500 0.380315916 0.392274715 0.384948451 0.410973302 0.348923948 0.401046156 0.411396014 0.355403852 0.449206802 0.454032671 0.455602216 0.452617851 0.454462028 0.470292986 0.494821361 0.493645160 0.364957653 0.397292695 0.428761115 0.430294849 0.516531980 0.000000000 0.063374896 0.070810272 0.406381866 0.388010887 0.397879754 0.378312368 0.385807481 0.376714505 0.348848142 0.369358844 0.380208633 0.363564099 0.331041799 0.371986975 0.374381837 0.428407856 0.815994791 
34     0.438189601 0.463866954 0.440750963 0.469757457 0.495233895 0.473424350 0.478800661 0.495264922 0.463174754 0.383844520 0.399047749 0.389800406 0.389365821 0.401324621 0.393998357 0.420030115 0.357973854 0.410096061 0.420445919 0.364303673 0.458156147 0.462982016 0.464551560 0.461567196 0.463411373 0.479242330 0.503761098 0.502584897 0.373581821 0.406057209 0.437866811 0.439400544 0.525637676 0.063374896 0.000000000 0.081174742 0.415554564 0.397183585 0.407052452 0.387485066 0.394980179 0.385887203 0.358018288 0.378528990 0.389253334 0.372567341 0.340253884 0.381305804 0.383698058 0.437724077 0.825286745 
47     0.416376126 0.442320887 0.419146832 0.448153326 0.473629764 0.451820218 0.457167320 0.473660791 0.441570623 0.362211179 0.377414408 0.368156746 0.367732480 0.379691280 0.372392625 0.398448801 0.336364923 0.388487131 0.398836988 0.342849889 0.435771431 0.440597300 0.442166845 0.439182480 0.441026657 0.456420645 0.481038326 0.479862124 0.352642315 0.385047101 0.416410213 0.417943946 0.504181077 0.070810272 0.081174742 0.000000000 0.394133602 0.375762623 0.385631490 0.366023916 0.373523330 0.364432051 0.336613348 0.357124050 0.367998840 0.351324904 0.318873380 0.359787352 0.362220348 0.416246367 0.803827725 
35     0.394120140 0.420860702 0.397295483 0.426130464 0.452017454 0.430075238 0.435041450 0.452027460 0.419868408 0.340148206 0.355423474 0.346006007 0.345775758 0.357656166 0.350329902 0.376372361 0.314544942 0.366296933 0.376792162 0.320198142 0.413096819 0.418325762 0.419895307 0.416942244 0.418786421 0.434631620 0.459268145 0.458091944 0.330023097 0.363281392 0.393358795 0.395082549 0.481866090 0.406381866 0.415554564 0.394133602 0.000000000 0.090183909 0.100939006 0.207673136 0.216181318 0.207196099 0.183405945 0.203991959 0.242158415 0.226743914 0.194474114 0.327578399 0.330073507 0.383859612 0.768114596 
25     0.375747195 0.402487758 0.378922538 0.407757520 0.433644509 0.411702294 0.416668506 0.433654515 0.401495463 0.321761230 0.337062020 0.327644552 0.327414303 0.339294711 0.331968447 0.358053189 0.296183488 0.347935478 0.358430707 0.301836688 0.394854011 0.400082953 0.401652498 0.398699435 0.400543612 0.416386962 0.441023488 0.439847286 0.311980118 0.345307033 0.374969189 0.376692943 0.463476485 0.388010887 0.397183585 0.375762623 0.090183909 0.000000000 0.075912416 0.189165660 0.197676972 0.188738862 0.165154670 0.185731151 0.223593475 0.208447504 0.176007801 0.309188793 0.311683902 0.365470007 0.749528379 
16     0.385616062 0.412356625 0.388791405 0.417626387 0.443513377 0.421571161 0.426537373 0.443523382 0.411364330 0.331633059 0.346930887 0.337513419 0.337283170 0.349163579 0.341837315 0.367922056 0.306052355 0.357804345 0.368299574 0.311705555 0.404721029 0.409949972 0.411519516 0.408566453 0.410410630 0.426255829 0.450892355 0.449716153 0.321848985 0.355175900 0.384814675 0.386561811 0.473345352 0.397879754 0.407052452 0.385631490 0.100939006 0.075912416 0.000000000 0.198602155 0.207397488 0.198065449 0.174524583 0.195044851 0.233653072 0.218283445 0.185947401 0.319057660 0.321552769 0.375338874 0.759593858 
44     0.366015297 0.392989820 0.369049583 0.397928882 0.423821032 0.401908022 0.406913695 0.423892352 0.391733300 0.312142695 0.327312715 0.317895248 0.317664999 0.329545407 0.322219143 0.348312144 0.286382883 0.338130450 0.348608417 0.291755799 0.384537510 0.390094984 0.391664528 0.388646760 0.390535319 0.406127168 0.430703519 0.429611767 0.302272590 0.335403977 0.365312796 0.367036550 0.453792832 0.378312368 0.387485066 0.366023916 0.207673136 0.189165660 0.198602155 0.000000000 0.138413372 0.130394261 0.155526764 0.175823492 0.213908227 0.198485135 0.167104165 0.299591624 0.302121299 0.355933871 0.740212287 
12     0.373476151 0.400513848 0.376289525 0.405168824 0.431064647 0.409118062 0.414213611 0.431112549 0.398953497 0.319194022 0.334365771 0.324953098 0.324717349 0.336597758 0.329271494 0.355445003 0.293509320 0.345254426 0.355762411 0.298940796 0.391415760 0.396797910 0.398367455 0.395407645 0.397251822 0.413047624 0.437609728 0.436433527 0.309571767 0.342678480 0.372637309 0.374361063 0.461169181 0.385807481 0.394980179 0.373523330 0.216181318 0.197676972 0.207397488 0.138413372 0.000000000 0.096023170 0.162578222 0.183354535 0.221208297 0.205705158 0.174809575 0.306907458 0.309343794 0.362925822 0.747547905 
32     0.364450479 0.391488176 0.367319161 0.396198460 0.422094284 0.400147699 0.405233090 0.422132028 0.389972976 0.310223658 0.325395408 0.315982734 0.315746986 0.327627394 0.320301130 0.346474640 0.284538956 0.336284515 0.346792047 0.289970433 0.383008493 0.388379731 0.389949275 0.387000378 0.388844555 0.404650172 0.429212276 0.428036075 0.300214607 0.333411202 0.363559829 0.365283583 0.452091701 0.376714505 0.385887203 0.364432051 0.207196099 0.188738862 0.198065449 0.130394261 0.096023170 0.000000000 0.153962323 0.174586901 0.212317229 0.196993181 0.165935667 0.297830954 0.300349280 0.354063789 0.738509754 
39     0.336091863 0.363025149 0.339600558 0.368431236 0.394322529 0.372380314 0.377561469 0.394420894 0.362261842 0.282618652 0.297788673 0.288372047 0.288136298 0.300003515 0.292674210 0.318901657 0.256981036 0.308719696 0.319213193 0.262519365 0.355733564 0.361073129 0.362628343 0.359631902 0.361476079 0.377274074 0.401907992 0.400731790 0.272710229 0.305801855 0.335162742 0.336909878 0.423225860 0.348848142 0.358018288 0.336613348 0.183405945 0.165154670 0.174524583 0.155526764 0.162578222 0.153962323 0.000000000 0.089026878 0.184268351 0.168679084 0.137869170 0.270000213 0.272496157 0.326314312 0.710273984 
24     0.356683830 0.383871719 0.359768467 0.388611397 0.414477527 0.392633489 0.397783126 0.414642551 0.382483499 0.303096697 0.318266718 0.308854750 0.308619001 0.320499410 0.313173146 0.339078367 0.277266730 0.329033419 0.339501100 0.282962705 0.376153801 0.381385844 0.382941059 0.380068779 0.381912956 0.397682672 0.422316591 0.421140389 0.293283272 0.326374899 0.355819970 0.357567105 0.444305746 0.369358844 0.378528990 0.357124050 0.203991959 0.185731151 0.195044851 0.175823492 0.183354535 0.174586901 0.089026878 0.000000000 0.205089923 0.189583038 0.158649384 0.290679912 0.293175855 0.346994010 0.731178874 
42     0.368085082 0.395057819 0.370952616 0.399909434 0.425872641 0.403891592 0.408935407 0.425766743 0.393607691 0.314208772 0.329384469 0.319967001 0.319736752 0.331550521 0.324224258 0.350441320 0.288470437 0.340154084 0.350730436 0.294106217 0.386779892 0.392364275 0.393933820 0.390958220 0.392802397 0.408510978 0.433057248 0.431881046 0.304162001 0.337377393 0.367025919 0.368902246 0.455979089 0.380208633 0.389253334 0.367998840 0.242158415 0.223593475 0.233653072 0.213908227 0.221208297 0.212317229 0.184268351 0.205089923 0.000000000 0.130169099 0.166989864 0.301373444 0.303533229 0.357465367 0.741171351 
22     0.351615271 0.378262998 0.354457830 0.383206886 0.408826344 0.387181326 0.392000578 0.408413811 0.376679943 0.297777216 0.312952912 0.303535445 0.303305196 0.315052738 0.307726474 0.333913614 0.271960186 0.323569992 0.334207953 0.277633789 0.370416810 0.376002263 0.377571807 0.374596207 0.376440384 0.392148965 0.416630128 0.415453926 0.287782388 0.320944432 0.350803875 0.352815606 0.439892449 0.363564099 0.372567341 0.351324904 0.226743914 0.208447504 0.218283445 0.198485135 0.205705158 0.196993181 0.168679084 0.189583038 0.130169099 0.000000000 0.151415480 0.284991456 0.287431220 0.340966825 0.723813652 
10     0.318583468 0.344791559 0.321607796 0.350518790 0.376099121 0.354355090 0.359287399 0.376188406 0.344027814 0.264639273 0.279733676 0.270452170 0.270225220 0.282041986 0.274779364 0.300700238 0.238892877 0.290681416 0.301125034 0.244380541 0.337886414 0.343129631 0.344699176 0.341712448 0.343556625 0.359268181 0.383906058 0.382729856 0.254922369 0.288082011 0.317466606 0.319183474 0.405938184 0.331041799 0.340253884 0.318873380 0.194474114 0.176007801 0.185947401 0.167104165 0.174809575 0.165935667 0.137869170 0.158649384 0.166989864 0.151415480 0.000000000 0.252383273 0.254915140 0.308767749 0.693032865 
49     0.357622999 0.384589647 0.360701542 0.389642701 0.415488490 0.393614603 0.399442611 0.416085191 0.383918144 0.304104252 0.319284619 0.309380264 0.309637091 0.321609272 0.314294121 0.340229619 0.278429635 0.330288625 0.340714327 0.284348938 0.379049388 0.383869912 0.385439457 0.382450524 0.384294700 0.399118229 0.424559865 0.423383664 0.295008276 0.327554101 0.358283251 0.359816984 0.446596554 0.371986975 0.381305804 0.359787352 0.327578399 0.309188793 0.319057660 0.299591624 0.306907458 0.297830954 0.270000213 0.290679912 0.301373444 0.284991456 0.252383273 0.000000000 0.041449419 0.145180580 0.724832328 
50     0.359922203 0.386865382 0.362735580 0.391705719 0.417564602 0.395690715 0.401518724 0.418161303 0.385994256 0.306174342 0.321354709 0.311448218 0.311705045 0.323677226 0.316362076 0.342271062 0.280520034 0.332356579 0.342782281 0.286074083 0.381293741 0.386114265 0.387683810 0.384694877 0.386539054 0.401351923 0.426804218 0.425628017 0.297298120 0.329903456 0.360554401 0.362088134 0.448481379 0.374381837 0.383698058 0.362220348 0.330073507 0.311683902 0.321552769 0.302121299 0.309343794 0.300349280 0.272496157 0.293175855 0.303533229 0.287431220 0.254915140 0.041449419 0.000000000 0.148254330 0.727230944 
48     0.413899150 0.440872769 0.417039794 0.445987488 0.471953036 0.450052334 0.455601163 0.472224755 0.440078383 0.360447035 0.375627402 0.365560602 0.365971369 0.377943550 0.370628400 0.396564932 0.334787393 0.386623938 0.397049640 0.340709467 0.435089370 0.439909894 0.441479439 0.438490506 0.440334683 0.454855473 0.480567769 0.479391568 0.351334663 0.383903682 0.414871174 0.416404907 0.503238463 0.428407856 0.437724077 0.416246367 0.383859612 0.365470007 0.375338874 0.355933871 0.362925822 0.354063789 0.326314312 0.346994010 0.357465367 0.340966825 0.308767749 0.145180580 0.148254330 0.000000000 0.781668220 
0     0.797851729 0.828915525 0.803112760 0.832025523 0.857728522 0.835676728 0.841262203 0.856949743 0.825681501 0.745532088 0.760712455 0.751185298 0.751021798 0.763005092 0.755678828 0.780437265 0.719886284 0.769613207 0.781190120 0.726199767 0.822902091 0.827735619 0.829305164 0.826316231 0.828160407 0.843562556 0.868498559 0.867322358 0.738236650 0.768644945 0.801515565 0.803049299 0.889657742 0.815994791 0.825286745 0.803827725 0.768114596 0.749528379 0.759593858 0.740212287 0.747547905 0.738509754 0.710273984 0.731178874 0.741171351 0.723813652 0.693032865 0.724832328 0.727230944 0.781668220 0.000000000 
