51
10     0.000000000 0.090580588 0.080176525 0.089300480 0.085988392 0.084407719 0.135292738 0.137871886 0.123855437 0.141444200 0.129071615 0.133432267 0.121509178 0.128873521 0.128270747 0.128198406 0.112163172 0.120758267 0.149571838 0.134452019 0.137982371 0.132868094 0.130617059 0.125451078 0.126095072 0.133341844 0.132945261 0.147043572 0.147831616 0.146916393 0.135155244 0.128623019 0.114506520 0.116346782 0.136922526 0.125185359 0.125868611 0.119634736 0.126339114 0.135408548 0.123874373 0.130339821 0.122045682 0.125448558 0.120583923 0.132018205 0.132711869 0.151300665 0.150786300 0.134832360 0.250583729 
19     0.090580588 0.000000000 0.083112926 0.092359243 0.090202643 0.099191341 0.150572690 0.154245620 0.140078961 0.157972451 0.146564922 0.149357265 0.142118140 0.149710192 0.149456408 0.149025852 0.133591846 0.143023846 0.170314877 0.156339257 0.159765899 0.155022546 0.153409188 0.146726580 0.148804070 0.154100428 0.153720976 0.168192104 0.169133511 0.168152396 0.156029091 0.149595558 0.137036143 0.138955556 0.157741693 0.146518285 0.147918016 0.140951289 0.146838059 0.158363684 0.145758160 0.153725156 0.144542910 0.146846971 0.142506822 0.154490171 0.156277780 0.172051916 0.172287039 0.156485487 0.275036815 
1     0.080176525 0.083112926 0.000000000 0.061553301 0.058359021 0.089605124 0.141948392 0.144205943 0.130988367 0.149141579 0.135861534 0.139347152 0.130561068 0.137538415 0.137210196 0.136712409 0.122274187 0.131706189 0.159880684 0.142779242 0.145806497 0.141762973 0.140328388 0.133546745 0.135397258 0.142089214 0.140804594 0.155922746 0.156461648 0.155597109 0.144035337 0.137891164 0.123396663 0.126256231 0.145241938 0.134340293 0.135670264 0.127966492 0.134963965 0.145880500 0.132666174 0.141513948 0.131887237 0.135378336 0.128863657 0.141102653 0.142573616 0.160366314 0.159652868 0.143910454 0.267872489 
5     0.089300480 0.092359243 0.061553301 0.000000000 0.059407651 0.096499989 0.152873162 0.155056824 0.141899046 0.159570948 0.148757163 0.152308012 0.138490995 0.145830599 0.145414065 0.145072989 0.130005721 0.139892502 0.167922960 0.153537968 0.156733980 0.153145947 0.152216944 0.144749454 0.146787072 0.152844211 0.151282764 0.165847432 0.166606569 0.165748554 0.154607155 0.148470194 0.135012160 0.136992301 0.156301422 0.144689405 0.146233245 0.139379275 0.145993509 0.156620161 0.143654761 0.152082208 0.142591604 0.145989538 0.139483611 0.152022660 0.154279735 0.171641999 0.170859787 0.155131780 0.273965431 
6     0.085988392 0.090202643 0.058359021 0.059407651 0.000000000 0.094364691 0.148250368 0.150503959 0.137085826 0.154929958 0.143907010 0.147478626 0.135977374 0.143184504 0.143003080 0.142452434 0.128545123 0.137153175 0.165155686 0.148571866 0.151642750 0.147228829 0.145309419 0.139271820 0.140841645 0.147960021 0.147156323 0.161216673 0.161618015 0.160968499 0.149799182 0.143551551 0.130129085 0.132487792 0.152599196 0.141007836 0.142046119 0.134550462 0.140859724 0.151802108 0.139016113 0.148379916 0.138374003 0.141327377 0.135749385 0.146911802 0.148463425 0.165545065 0.165774233 0.149611661 0.271022015 
15     0.084407719 0.099191341 0.089605124 0.096499989 0.094364691 0.000000000 0.148218679 0.150748735 0.137721375 0.155668628 0.143741350 0.148054556 0.137189094 0.144362023 0.144043065 0.144318958 0.129816148 0.137781021 0.165263971 0.151151686 0.154658374 0.148795182 0.146634184 0.140916349 0.142642124 0.147731197 0.147882497 0.161446799 0.161884418 0.161408341 0.150315773 0.143446971 0.131130218 0.133490687 0.151952383 0.141835443 0.142895801 0.135654342 0.141744146 0.153007935 0.139795533 0.147697103 0.138033768 0.142148451 0.136863191 0.149333456 0.150558582 0.168298227 0.167144993 0.151514460 0.274338453 
9     0.135292738 0.150572690 0.141948392 0.152873162 0.148250368 0.148218679 0.000000000 0.039797884 0.070672217 0.089912391 0.077883722 0.080092048 0.160281570 0.169744145 0.169404487 0.168608796 0.150946920 0.161654844 0.189326754 0.175887625 0.176719333 0.174803443 0.173940828 0.165225350 0.165099482 0.172510661 0.173052333 0.186988789 0.187168993 0.186316659 0.175057988 0.169106274 0.153854301 0.157932726 0.177787833 0.167358333 0.168763955 0.160897985 0.167461948 0.179088434 0.164929599 0.173462134 0.162004295 0.165660747 0.159722992 0.170476708 0.174552937 0.192212016 0.191203621 0.176420692 0.299639187 
16     0.137871886 0.154245620 0.144205943 0.155056824 0.150503959 0.150748735 0.039797884 0.000000000 0.075746992 0.094304427 0.082649627 0.084689503 0.164168011 0.172805423 0.172470684 0.171401083 0.153662897 0.164127929 0.192126433 0.177986954 0.178603112 0.176278390 0.175921708 0.167083108 0.167197176 0.174840409 0.175868994 0.189280142 0.189423622 0.188671272 0.177800091 0.171612848 0.156205749 0.159665775 0.179703432 0.169040503 0.170235323 0.162367641 0.169729256 0.180550717 0.166361360 0.175683239 0.163521459 0.168046912 0.161806048 0.172362636 0.176274713 0.193743504 0.192765939 0.177496611 0.301695746 
8     0.123855437 0.140078961 0.130988367 0.141899046 0.137085826 0.137721375 0.070672217 0.075746992 0.000000000 0.054782537 0.064418702 0.065345264 0.150186375 0.158536110 0.158233891 0.157702455 0.140840115 0.149998316 0.178120462 0.164186593 0.165267539 0.162677541 0.160995996 0.151654412 0.153126996 0.161560563 0.162490276 0.175560739 0.175857806 0.174015524 0.164824891 0.158450451 0.141632830 0.146206641 0.165370118 0.154442899 0.155838702 0.148760079 0.154857101 0.167828536 0.153349127 0.160848296 0.151126556 0.154111225 0.148187436 0.158989259 0.162684336 0.178282133 0.178578044 0.162469793 0.287754799 
7     0.141444200 0.157972451 0.149141579 0.159570948 0.154929958 0.155668628 0.089912391 0.094304427 0.054782537 0.000000000 0.083361956 0.085216057 0.169131725 0.177231389 0.176955815 0.176645631 0.159478748 0.168003584 0.196591044 0.181297497 0.182744485 0.178089668 0.177420563 0.168860004 0.169194589 0.177260885 0.180354017 0.191907972 0.192269049 0.190264850 0.181068770 0.174617581 0.160284930 0.164895069 0.183597107 0.173187103 0.174288240 0.167276183 0.173191225 0.184876439 0.170297942 0.178993373 0.169531026 0.172876332 0.167348504 0.176555820 0.180540045 0.197052577 0.196482447 0.180786358 0.305501667 
18     0.129071615 0.146564922 0.135861534 0.148757163 0.143907010 0.143741350 0.077883722 0.082649627 0.064418702 0.083361956 0.000000000 0.035117640 0.157373242 0.165500873 0.165149935 0.164565355 0.147708891 0.155844708 0.185192336 0.168374778 0.169629017 0.167042776 0.166592013 0.158079613 0.158267656 0.165319794 0.166213066 0.179208396 0.179576839 0.177696585 0.168103007 0.161679385 0.147051422 0.150670577 0.170672237 0.160260649 0.161665948 0.154307718 0.160294071 0.172156886 0.156663463 0.166689052 0.156901667 0.160007796 0.153118471 0.163436015 0.168088733 0.184074964 0.184284695 0.168072930 0.291455674 
3     0.133432267 0.149357265 0.139347152 0.152308012 0.147478626 0.148054556 0.080092048 0.084689503 0.065345264 0.085216057 0.035117640 0.000000000 0.159806453 0.167652213 0.167322820 0.166733458 0.150190574 0.159808725 0.187230630 0.171200883 0.172613182 0.171497626 0.169253681 0.160753590 0.161972530 0.169749436 0.170708747 0.183692661 0.184097082 0.182202137 0.172772607 0.166869029 0.149829801 0.154894805 0.174183132 0.163667537 0.165074078 0.157968472 0.163443727 0.176224437 0.159928181 0.170262230 0.159468935 0.162849275 0.155758963 0.166417203 0.170778019 0.187032226 0.186739688 0.170229028 0.294828146 
11     0.121509178 0.142118140 0.130561068 0.138490995 0.135977374 0.137189094 0.160281570 0.164168011 0.150186375 0.169131725 0.157373242 0.159806453 0.000000000 0.072960145 0.073157367 0.071973196 0.071046803 0.082754402 0.118600058 0.156188431 0.157728061 0.155653465 0.151164435 0.146280206 0.146411333 0.153408548 0.153981698 0.168179489 0.168383237 0.167842816 0.156147337 0.149221569 0.133742980 0.136489660 0.156422604 0.146100432 0.146513671 0.138933745 0.147402863 0.156220837 0.143232815 0.151668546 0.141498192 0.145692324 0.138588149 0.149494394 0.152293825 0.169842411 0.168836738 0.153993606 0.265002553 
17     0.128873521 0.149710192 0.137538415 0.145830599 0.143184504 0.144362023 0.169744145 0.172805423 0.158536110 0.177231389 0.165500873 0.167652213 0.072960145 0.000000000 0.017066975 0.018366806 0.083973757 0.094518205 0.127314179 0.163250152 0.165130970 0.162330465 0.159047152 0.153155614 0.154838697 0.160310994 0.160596925 0.175502358 0.175728322 0.175293555 0.163771872 0.157138738 0.141258874 0.143194761 0.164165655 0.153882755 0.154210217 0.146852623 0.153018948 0.162462928 0.150597892 0.159679593 0.148051776 0.152032319 0.146413767 0.157593799 0.158870576 0.177719347 0.176831356 0.161249067 0.272209953 
2     0.128270747 0.149456408 0.137210196 0.145414065 0.143003080 0.144043065 0.169404487 0.172470684 0.158233891 0.176955815 0.165149935 0.167322820 0.073157367 0.017066975 0.000000000 0.019026752 0.084333896 0.095069161 0.127374473 0.163066154 0.164959752 0.161961769 0.158733959 0.152910370 0.154571583 0.160037526 0.160372111 0.175165718 0.175378543 0.174996501 0.163390589 0.156757455 0.141001155 0.143067561 0.164022342 0.153666578 0.153890071 0.146624902 0.152714615 0.162203899 0.150305455 0.159428811 0.147945184 0.151927210 0.146010495 0.157213386 0.158794069 0.177640591 0.176811122 0.160989158 0.271439569 
4     0.128198406 0.149025852 0.136712409 0.145072989 0.142452434 0.144318958 0.168608796 0.171401083 0.157702455 0.176645631 0.164565355 0.166733458 0.071973196 0.018366806 0.019026752 0.000000000 0.083279981 0.093893218 0.126898552 0.163015921 0.165185093 0.161670070 0.158393160 0.152606701 0.154369479 0.160153028 0.160239648 0.175102916 0.175289237 0.174857937 0.163276577 0.156665320 0.141252567 0.142821548 0.163763914 0.153509099 0.153835468 0.146404564 0.153060729 0.162266088 0.150405755 0.159361515 0.147828476 0.151761996 0.146101123 0.157378876 0.158641136 0.177558885 0.176641561 0.160863224 0.271288225 
13     0.112163172 0.133591846 0.122274187 0.130005721 0.128545123 0.129816148 0.150946920 0.153662897 0.140840115 0.159478748 0.147708891 0.150190574 0.071046803 0.083973757 0.084333896 0.083279981 0.000000000 0.046063007 0.110303340 0.144720823 0.145961022 0.144506768 0.139996933 0.133759668 0.134553155 0.141755036 0.142055017 0.156315174 0.156386187 0.155999390 0.144599609 0.138084361 0.123872099 0.125784449 0.146453434 0.135379951 0.135844079 0.128471031 0.137323678 0.146501596 0.133524743 0.142278704 0.130833955 0.135912084 0.127707971 0.139398683 0.141272102 0.159668935 0.158694217 0.143448204 0.260634631 
14     0.120758267 0.143023846 0.131706189 0.139892502 0.137153175 0.137781021 0.161654844 0.164127929 0.149998316 0.168003584 0.155844708 0.159808725 0.082754402 0.094518205 0.095069161 0.093893218 0.046063007 0.000000000 0.119932208 0.152533116 0.154102773 0.151754551 0.147915769 0.142257880 0.143741508 0.149002155 0.149745699 0.163829720 0.163832384 0.163329873 0.152078275 0.145231078 0.132635443 0.133805057 0.153866671 0.143050806 0.143569562 0.135881338 0.144870826 0.153463413 0.140758985 0.150627632 0.137921862 0.143226811 0.135497458 0.146830119 0.147604748 0.167225977 0.165476679 0.151065332 0.270723125 
12     0.149571838 0.170314877 0.159880684 0.167922960 0.165155686 0.165263971 0.189326754 0.192126433 0.178120462 0.196591044 0.185192336 0.187230630 0.118600058 0.127314179 0.127374473 0.126898552 0.110303340 0.119932208 0.000000000 0.183251891 0.185052182 0.182248716 0.179526464 0.173099912 0.175343894 0.180262487 0.179728743 0.194253992 0.194481893 0.193987689 0.182510434 0.175789030 0.162044575 0.162771958 0.184717142 0.173188752 0.173504513 0.165952587 0.173471782 0.183760677 0.171042169 0.181220361 0.169862009 0.172530581 0.167384431 0.178140469 0.179973780 0.198047075 0.197213873 0.181865314 0.296353490 
40     0.134452019 0.156339257 0.142779242 0.153537968 0.148571866 0.151151686 0.175887625 0.177986954 0.164186593 0.181297497 0.168374778 0.171200883 0.156188431 0.163250152 0.163066154 0.163015921 0.144720823 0.152533116 0.183251891 0.000000000 0.051171599 0.097990435 0.096752419 0.088946214 0.090837574 0.101249572 0.103974390 0.117230403 0.117699414 0.116934188 0.104399641 0.097687930 0.098428655 0.099467000 0.118985558 0.108927534 0.110715049 0.102049049 0.108299159 0.118608091 0.104792067 0.114325318 0.104254617 0.108364396 0.103456363 0.113313112 0.114920972 0.134101874 0.133858516 0.115990512 0.274811719 
22     0.137982371 0.159765899 0.145806497 0.156733980 0.151642750 0.154658374 0.176719333 0.178603112 0.165267539 0.182744485 0.169629017 0.172613182 0.157728061 0.165130970 0.164959752 0.165185093 0.145961022 0.154102773 0.185052182 0.051171599 0.000000000 0.099613517 0.098073176 0.090690093 0.091662620 0.101502348 0.105020051 0.117756009 0.118678020 0.117729424 0.105530027 0.099030056 0.099883812 0.100947894 0.120902128 0.110874880 0.112805744 0.104305997 0.109642237 0.119953154 0.106582914 0.115778179 0.106433164 0.110557286 0.104679090 0.116433933 0.116692720 0.137032959 0.136815455 0.118985815 0.275614507 
20     0.132868094 0.155022546 0.141762973 0.153145947 0.147228829 0.148795182 0.174803443 0.176278390 0.162677541 0.178089668 0.167042776 0.171497626 0.155653465 0.162330465 0.161961769 0.161670070 0.144506768 0.151754551 0.182248716 0.097990435 0.099613517 0.000000000 0.087223559 0.079197758 0.078904143 0.096011400 0.099843927 0.111890824 0.112729832 0.112341338 0.099469124 0.092521382 0.095212003 0.094965647 0.115197358 0.105136478 0.106985269 0.098692769 0.105936234 0.114525042 0.101135529 0.111880499 0.100289209 0.104216687 0.099042500 0.110243467 0.112034810 0.130729147 0.130565762 0.113637435 0.269797833 
29     0.130617059 0.153409188 0.140328388 0.152216944 0.145309419 0.146634184 0.173940828 0.175921708 0.160995996 0.177420563 0.166592013 0.169253681 0.151164435 0.159047152 0.158733959 0.158393160 0.139996933 0.147915769 0.179526464 0.096752419 0.098073176 0.087223559 0.000000000 0.054687762 0.058923420 0.096597253 0.099950021 0.111257475 0.112335301 0.112157201 0.100111318 0.092928971 0.092599797 0.093201720 0.113509207 0.102059182 0.104374072 0.096433633 0.101947527 0.112422188 0.098583068 0.108659004 0.097896598 0.101962390 0.096273150 0.108631582 0.110377519 0.127936075 0.127539610 0.111603111 0.268737332 
41     0.125451078 0.146726580 0.133546745 0.144749454 0.139271820 0.140916349 0.165225350 0.167083108 0.151654412 0.168860004 0.158079613 0.160753590 0.146280206 0.153155614 0.152910370 0.152606701 0.133759668 0.142257880 0.173099912 0.088946214 0.090690093 0.079197758 0.054687762 0.000000000 0.049667565 0.089074808 0.091898085 0.103521477 0.104443957 0.104101229 0.091486712 0.084815533 0.083077025 0.084659343 0.104715638 0.094041480 0.096597158 0.088318646 0.093287455 0.104905704 0.091331544 0.100706081 0.089511971 0.094618454 0.087783721 0.100246748 0.101988380 0.119895678 0.119694559 0.103364635 0.262783062 
37     0.126095072 0.148804070 0.135397258 0.146787072 0.140841645 0.142642124 0.165099482 0.167197176 0.153126996 0.169194589 0.158267656 0.161972530 0.146411333 0.154838697 0.154571583 0.154369479 0.134553155 0.143741508 0.175343894 0.090837574 0.091662620 0.078904143 0.058923420 0.049667565 0.000000000 0.086517845 0.091266668 0.102245849 0.103194818 0.102496507 0.090759059 0.083990456 0.085706971 0.084679058 0.105264728 0.094582461 0.097170768 0.089031844 0.094978144 0.105551350 0.091386077 0.101958163 0.091139537 0.096078429 0.088823846 0.102244122 0.103587179 0.122498031 0.121629483 0.105094687 0.260913321 
38     0.133341844 0.154100428 0.142089214 0.152844211 0.147960021 0.147731197 0.172510661 0.174840409 0.161560563 0.177260885 0.165319794 0.169749436 0.153408548 0.160310994 0.160037526 0.160153028 0.141755036 0.149002155 0.180262487 0.101249572 0.101502348 0.096011400 0.096597253 0.089074808 0.086517845 0.000000000 0.059826424 0.072247458 0.073257190 0.073019021 0.060424840 0.054227526 0.093645748 0.094166177 0.113655302 0.102800692 0.104719103 0.096943341 0.103641412 0.113688663 0.099914120 0.109270492 0.098803234 0.103285658 0.098179215 0.108429852 0.109898484 0.129306899 0.129166211 0.110926554 0.271652690 
32     0.132945261 0.153720976 0.140804594 0.151282764 0.147156323 0.147882497 0.173052333 0.175868994 0.162490276 0.180354017 0.166213066 0.170708747 0.153981698 0.160596925 0.160372111 0.160239648 0.142055017 0.149745699 0.179728743 0.103974390 0.105020051 0.099843927 0.099950021 0.091898085 0.091266668 0.059826424 0.000000000 0.070126540 0.071375903 0.071035597 0.063394996 0.056641360 0.095864666 0.094318615 0.114999274 0.104688355 0.106674748 0.098576512 0.105728725 0.114709442 0.101565651 0.110670786 0.100096093 0.104043419 0.099586159 0.110941498 0.111789813 0.131170086 0.130341404 0.113839029 0.274295154 
43     0.147043572 0.168192104 0.155922746 0.165847432 0.161216673 0.161446799 0.186988789 0.189280142 0.175560739 0.191907972 0.179208396 0.183692661 0.168179489 0.175502358 0.175165718 0.175102916 0.156315174 0.163829720 0.194253992 0.117230403 0.117756009 0.111890824 0.111257475 0.103521477 0.102245849 0.072247458 0.070126540 0.000000000 0.030147994 0.035306868 0.074706246 0.068179181 0.107899099 0.107305903 0.126774953 0.116782401 0.118424629 0.110307495 0.117563209 0.126946884 0.113270958 0.123144651 0.111733078 0.115801013 0.110963615 0.122012473 0.123252399 0.142499410 0.142225163 0.124906568 0.284561511 
24     0.147831616 0.169133511 0.156461648 0.166606569 0.161618015 0.161884418 0.187168993 0.189423622 0.175857806 0.192269049 0.179576839 0.184097082 0.168383237 0.175728322 0.175378543 0.175289237 0.156386187 0.163832384 0.194481893 0.117699414 0.118678020 0.112729832 0.112335301 0.104443957 0.103194818 0.073257190 0.071375903 0.030147994 0.000000000 0.037539612 0.076035399 0.069396588 0.108948050 0.108349837 0.127944052 0.117333293 0.119053907 0.111028293 0.118328265 0.127721151 0.114146965 0.123911652 0.112709858 0.116527086 0.111890055 0.123385422 0.124273159 0.143539125 0.143398372 0.126030836 0.285358440 
28     0.146916393 0.168152396 0.155597109 0.165748554 0.160968499 0.161408341 0.186316659 0.188671272 0.174015524 0.190264850 0.177696585 0.182202137 0.167842816 0.175293555 0.174996501 0.174857937 0.155999390 0.163329873 0.193987689 0.116934188 0.117729424 0.112341338 0.112157201 0.104101229 0.102496507 0.073019021 0.071035597 0.035306868 0.037539612 0.000000000 0.075715868 0.069024320 0.107847470 0.107122348 0.126205747 0.115786210 0.117485044 0.109491218 0.116852260 0.126394683 0.113028165 0.122412792 0.111698330 0.115524458 0.110848565 0.122284715 0.123294368 0.142650983 0.142451335 0.124966493 0.283537446 
42     0.135155244 0.156029091 0.144035337 0.154607155 0.149799182 0.150315773 0.175057988 0.177800091 0.164824891 0.181068770 0.168103007 0.172772607 0.156147337 0.163771872 0.163390589 0.163276577 0.144599609 0.152078275 0.182510434 0.104399641 0.105530027 0.099469124 0.100111318 0.091486712 0.090759059 0.060424840 0.063394996 0.074706246 0.076035399 0.075715868 0.000000000 0.025901718 0.096065492 0.096849571 0.115415483 0.104906132 0.106798732 0.099118907 0.106560260 0.115424645 0.102140024 0.112318610 0.101431593 0.105633504 0.101063922 0.111885702 0.112777770 0.131910347 0.131789972 0.114205069 0.274887592 
46     0.128623019 0.149595558 0.137891164 0.148470194 0.143551551 0.143446971 0.169106274 0.171612848 0.158450451 0.174617581 0.161679385 0.166869029 0.149221569 0.157138738 0.156757455 0.156665320 0.138084361 0.145231078 0.175789030 0.097687930 0.099030056 0.092521382 0.092928971 0.084815533 0.083990456 0.054227526 0.056641360 0.068179181 0.069396588 0.069024320 0.025901718 0.000000000 0.089417104 0.089690859 0.109731775 0.098367805 0.100256287 0.092391705 0.099481715 0.108699661 0.095391551 0.105614378 0.094569171 0.098909233 0.094381186 0.104781505 0.105919172 0.125202351 0.124939143 0.107316785 0.268159436 
50     0.114506520 0.137036143 0.123396663 0.135012160 0.130129085 0.131130218 0.153854301 0.156205749 0.141632830 0.160284930 0.147051422 0.149829801 0.133742980 0.141258874 0.141001155 0.141252567 0.123872099 0.132635443 0.162044575 0.098428655 0.099883812 0.095212003 0.092599797 0.083077025 0.085706971 0.093645748 0.095864666 0.107899099 0.108948050 0.107847470 0.096065492 0.089417104 0.000000000 0.061378255 0.082374001 0.071724721 0.073781742 0.064223057 0.070787435 0.082317115 0.068543374 0.078167423 0.071032056 0.074810550 0.069868895 0.078552243 0.082885878 0.099106515 0.100009986 0.084474602 0.256383165 
23     0.116346782 0.138955556 0.126256231 0.136992301 0.132487792 0.133490687 0.157932726 0.159665775 0.146206641 0.164895069 0.150670577 0.154894805 0.136489660 0.143194761 0.143067561 0.142821548 0.125784449 0.133805057 0.162771958 0.099467000 0.100947894 0.094965647 0.093201720 0.084659343 0.084679058 0.094166177 0.094318615 0.107305903 0.108349837 0.107122348 0.096849571 0.089690859 0.061378255 0.000000000 0.056645961 0.048003409 0.049133705 0.040720068 0.055921580 0.067413075 0.053526447 0.063623468 0.069629022 0.072880572 0.067968629 0.078197260 0.081430299 0.099044737 0.098840821 0.084360221 0.255605168 
34     0.136922526 0.157741693 0.145241938 0.156301422 0.152599196 0.151952383 0.177787833 0.179703432 0.165370118 0.183597107 0.170672237 0.174183132 0.156422604 0.164165655 0.164022342 0.163763914 0.146453434 0.153866671 0.184717142 0.118985558 0.120902128 0.115197358 0.113509207 0.104715638 0.105264728 0.113655302 0.114999274 0.126774953 0.127944052 0.126205747 0.115415483 0.109731775 0.082374001 0.056645961 0.000000000 0.068659228 0.069727942 0.061404062 0.076540370 0.088128355 0.074210787 0.084573560 0.089981976 0.093468785 0.088199939 0.098361657 0.102729184 0.120329254 0.120012508 0.104636785 0.275467933 
39     0.125185359 0.146518285 0.134340293 0.144689405 0.141007836 0.141835443 0.167358333 0.169040503 0.154442899 0.173187103 0.160260649 0.163667537 0.146100432 0.153882755 0.153666578 0.153509099 0.135379951 0.143050806 0.173188752 0.108927534 0.110874880 0.105136478 0.102059182 0.094041480 0.094582461 0.102800692 0.104688355 0.116782401 0.117333293 0.115786210 0.104906132 0.098367805 0.071724721 0.048003409 0.068659228 0.000000000 0.021185706 0.040326122 0.066647946 0.076911250 0.063647077 0.073852298 0.079125203 0.081884186 0.077689532 0.087559084 0.090934341 0.108639507 0.108355303 0.093069043 0.266832735 
35     0.125868611 0.147918016 0.135670264 0.146233245 0.142046119 0.142895801 0.168763955 0.170235323 0.155838702 0.174288240 0.161665948 0.165074078 0.146513671 0.154210217 0.153890071 0.153835468 0.135844079 0.143569562 0.173504513 0.110715049 0.112805744 0.106985269 0.104374072 0.096597158 0.097170768 0.104719103 0.106674748 0.118424629 0.119053907 0.117485044 0.106798732 0.100256287 0.073781742 0.049133705 0.069727942 0.021185706 0.000000000 0.041183008 0.068564808 0.078923979 0.065702965 0.075388207 0.080872582 0.083763278 0.079590467 0.089606448 0.092487258 0.110824326 0.110429245 0.094981012 0.268045304 
47     0.119634736 0.140951289 0.127966492 0.139379275 0.134550462 0.135654342 0.160897985 0.162367641 0.148760079 0.167276183 0.154307718 0.157968472 0.138933745 0.146852623 0.146624902 0.146404564 0.128471031 0.135881338 0.165952587 0.102049049 0.104305997 0.098692769 0.096433633 0.088318646 0.089031844 0.096943341 0.098576512 0.110307495 0.111028293 0.109491218 0.099118907 0.092391705 0.064223057 0.040720068 0.061404062 0.040326122 0.041183008 0.000000000 0.058776217 0.069830361 0.056908172 0.065943520 0.071128463 0.075072826 0.070450962 0.080582198 0.084463298 0.102156082 0.101936470 0.086596267 0.259655499 
30     0.126339114 0.146838059 0.134963965 0.145993509 0.140859724 0.141744146 0.167461948 0.169729256 0.154857101 0.173191225 0.160294071 0.163443727 0.147402863 0.153018948 0.152714615 0.153060729 0.137323678 0.144870826 0.173471782 0.108299159 0.109642237 0.105936234 0.101947527 0.093287455 0.094978144 0.103641412 0.105728725 0.117563209 0.118328265 0.116852260 0.106560260 0.099481715 0.070787435 0.055921580 0.076540370 0.066647946 0.068564808 0.058776217 0.000000000 0.065948516 0.053598683 0.072169812 0.078208455 0.080062205 0.075306250 0.086834703 0.090697668 0.107749308 0.107856400 0.093203809 0.268668911 
45     0.135408548 0.158363684 0.145880500 0.156620161 0.151802108 0.153007935 0.179088434 0.180550717 0.167828536 0.184876439 0.172156886 0.176224437 0.156220837 0.162462928 0.162203899 0.162266088 0.146501596 0.153463413 0.183760677 0.118608091 0.119953154 0.114525042 0.112422188 0.104905704 0.105551350 0.113688663 0.114709442 0.126946884 0.127721151 0.126394683 0.115424645 0.108699661 0.082317115 0.067413075 0.088128355 0.076911250 0.078923979 0.069830361 0.065948516 0.000000000 0.057591014 0.082670332 0.089150737 0.091869607 0.087434893 0.097520989 0.100229212 0.117553634 0.118154106 0.102801267 0.275585888 
31     0.123874373 0.145758160 0.132666174 0.143654761 0.139016113 0.139795533 0.164929599 0.166361360 0.153349127 0.170297942 0.156663463 0.159928181 0.143232815 0.150597892 0.150305455 0.150405755 0.133524743 0.140758985 0.171042169 0.104792067 0.106582914 0.101135529 0.098583068 0.091331544 0.091386077 0.099914120 0.101565651 0.113270958 0.114146965 0.113028165 0.102140024 0.095391551 0.068543374 0.053526447 0.074210787 0.063647077 0.065702965 0.056908172 0.053598683 0.057591014 0.000000000 0.069320415 0.076076102 0.079053610 0.074119940 0.083405684 0.086941667 0.104428643 0.104539061 0.089407099 0.263302399 
48     0.130339821 0.153725156 0.141513948 0.152082208 0.148379916 0.147697103 0.173462134 0.175683239 0.160848296 0.178993373 0.166689052 0.170262230 0.151668546 0.159679593 0.159428811 0.159361515 0.142278704 0.150627632 0.181220361 0.114325318 0.115778179 0.111880499 0.108659004 0.100706081 0.101958163 0.109270492 0.110670786 0.123144651 0.123911652 0.122412792 0.112318610 0.105614378 0.078167423 0.063623468 0.084573560 0.073852298 0.075388207 0.065943520 0.072169812 0.082670332 0.069320415 0.000000000 0.084800396 0.088211924 0.083319808 0.093113693 0.096793604 0.114325673 0.114423724 0.099368536 0.268548924 
36     0.122045682 0.144542910 0.131887237 0.142591604 0.138374003 0.138033768 0.162004295 0.163521459 0.151126556 0.169531026 0.156901667 0.159468935 0.141498192 0.148051776 0.147945184 0.147828476 0.130833955 0.137921862 0.169862009 0.104254617 0.106433164 0.100289209 0.097896598 0.089511971 0.091139537 0.098803234 0.100096093 0.111733078 0.112709858 0.111698330 0.101431593 0.094569171 0.071032056 0.069629022 0.089981976 0.079125203 0.080872582 0.071128463 0.078208455 0.089150737 0.076076102 0.084800396 0.000000000 0.042571828 0.066076090 0.081653981 0.083845996 0.102418016 0.102245067 0.087271520 0.264977495 
27     0.125448558 0.146846971 0.135378336 0.145989538 0.141327377 0.142148451 0.165660747 0.168046912 0.154111225 0.172876332 0.160007796 0.162849275 0.145692324 0.152032319 0.151927210 0.151761996 0.135912084 0.143226811 0.172530581 0.108364396 0.110557286 0.104216687 0.101962390 0.094618454 0.096078429 0.103285658 0.104043419 0.115801013 0.116527086 0.115524458 0.105633504 0.098909233 0.074810550 0.072880572 0.093468785 0.081884186 0.083763278 0.075072826 0.080062205 0.091869607 0.079053610 0.088211924 0.042571828 0.000000000 0.070025765 0.085110381 0.087868474 0.105392531 0.105294700 0.089934043 0.265299016 
26     0.120583923 0.142506822 0.128863657 0.139483611 0.135749385 0.136863191 0.159722992 0.161806048 0.148187436 0.167348504 0.153118471 0.155758963 0.138588149 0.146413767 0.146010495 0.146101123 0.127707971 0.135497458 0.167384431 0.103456363 0.104679090 0.099042500 0.096273150 0.087783721 0.088823846 0.098179215 0.099586159 0.110963615 0.111890055 0.110848565 0.101063922 0.094381186 0.069868895 0.067968629 0.088199939 0.077689532 0.079590467 0.070450962 0.075306250 0.087434893 0.074119940 0.083319808 0.066076090 0.070025765 0.000000000 0.081112159 0.083847139 0.101393670 0.101379442 0.086362101 0.257585055 
49     0.132018205 0.154490171 0.141102653 0.152022660 0.146911802 0.149333456 0.170476708 0.172362636 0.158989259 0.176555820 0.163436015 0.166417203 0.149494394 0.157593799 0.157213386 0.157378876 0.139398683 0.146830119 0.178140469 0.113313112 0.116433933 0.110243467 0.108631582 0.100246748 0.102244122 0.108429852 0.110941498 0.122012473 0.123385422 0.122284715 0.111885702 0.104781505 0.078552243 0.078197260 0.098361657 0.087559084 0.089606448 0.080582198 0.086834703 0.097520989 0.083405684 0.093113693 0.081653981 0.085110381 0.081112159 0.000000000 0.067009396 0.089575169 0.089498499 0.074411375 0.272857700 
25     0.132711869 0.156277780 0.142573616 0.154279735 0.148463425 0.150558582 0.174552937 0.176274713 0.162684336 0.180540045 0.168088733 0.170778019 0.152293825 0.158870576 0.158794069 0.158641136 0.141272102 0.147604748 0.179973780 0.114920972 0.116692720 0.112034810 0.110377519 0.101988380 0.103587179 0.109898484 0.111789813 0.123252399 0.124273159 0.123294368 0.112777770 0.105919172 0.082885878 0.081430299 0.102729184 0.090934341 0.092487258 0.084463298 0.090697668 0.100229212 0.086941667 0.096793604 0.083845996 0.087868474 0.083847139 0.067009396 0.000000000 0.093981285 0.093510220 0.078102469 0.273575802 
44     0.151300665 0.172051916 0.160366314 0.171641999 0.165545065 0.168298227 0.192212016 0.193743504 0.178282133 0.197052577 0.184074964 0.187032226 0.169842411 0.177719347 0.177640591 0.177558885 0.159668935 0.167225977 0.198047075 0.134101874 0.137032959 0.130729147 0.127936075 0.119895678 0.122498031 0.129306899 0.131170086 0.142499410 0.143539125 0.142650983 0.131910347 0.125202351 0.099106515 0.099044737 0.120329254 0.108639507 0.110824326 0.102156082 0.107749308 0.117553634 0.104428643 0.114325673 0.102418016 0.105392531 0.101393670 0.089575169 0.093981285 0.000000000 0.055860805 0.086606582 0.290877216 
33     0.150786300 0.172287039 0.159652868 0.170859787 0.165774233 0.167144993 0.191203621 0.192765939 0.178578044 0.196482447 0.184284695 0.186739688 0.168836738 0.176831356 0.176811122 0.176641561 0.158694217 0.165476679 0.197213873 0.133858516 0.136815455 0.130565762 0.127539610 0.119694559 0.121629483 0.129166211 0.130341404 0.142225163 0.143398372 0.142451335 0.131789972 0.124939143 0.100009986 0.098840821 0.120012508 0.108355303 0.110429245 0.101936470 0.107856400 0.118154106 0.104539061 0.114423724 0.102245067 0.105294700 0.101379442 0.089498499 0.093510220 0.055860805 0.000000000 0.087075631 0.290725731 
21     0.134832360 0.156485487 0.143910454 0.155131780 0.149611661 0.151514460 0.176420692 0.177496611 0.162469793 0.180786358 0.168072930 0.170229028 0.153993606 0.161249067 0.160989158 0.160863224 0.143448204 0.151065332 0.181865314 0.115990512 0.118985815 0.113637435 0.111603111 0.103364635 0.105094687 0.110926554 0.113839029 0.124906568 0.126030836 0.124966493 0.114205069 0.107316785 0.084474602 0.084360221 0.104636785 0.093069043 0.094981012 0.086596267 0.093203809 0.102801267 0.089407099 0.099368536 0.087271520 0.089934043 0.086362101 0.074411375 0.078102469 0.086606582 0.087075631 0.000000000 0.278998896 
0     0.250583729 0.275036815 0.267872489 0.273965431 0.271022015 0.274338453 0.299639187 0.301695746 0.287754799 0.305501667 0.291455674 0.294828146 0.265002553 0.272209953 0.271439569 0.271288225 0.260634631 0.270723125 0.296353490 0.274811719 0.275614507 0.269797833 0.268737332 0.262783062 0.260913321 0.271652690 0.274295154 0.284561511 0.285358440 0.283537446 0.274887592 0.268159436 0.256383165 0.255605168 0.275467933 0.266832735 0.268045304 0.259655499 0.268668911 0.275585888 0.263302399 0.268548924 0.264977495 0.265299016 0.257585055 0.272857700 0.273575802 0.290877216 0.290725731 0.278998896 0.000000000 
