51
10     0.000000000 0.001729740 0.000381610 0.000634740 0.002430010 0.002038590 0.001679300 0.004669590 0.000983660 0.000652830 0.001623730 0.000539490 0.000635850 0.001239220 0.000787250 0.003332940 0.000325890 0.001721220 0.001755310 0.000396590 0.004375090 0.003170140 0.000868250 0.001732870 0.002577260 0.001687830 0.001097090 0.001086300 0.003900690 0.001060540 0.002968070 0.002990060 0.000992240 0.000729270 0.001953010 0.000666990 0.000928900 0.000148120 0.000545460 0.002792150 0.001411790 0.002821020 0.001122990 0.001439670 0.001523100 0.000626800 0.001470230 0.001607010 0.001628800 0.005687790 0.005906840 
19     0.001729740 0.000000000 0.002475170 0.003075660 0.001496720 0.000749260 0.004942060 0.001695570 0.001067110 0.002011430 0.003412160 0.002125250 0.001949820 0.004426310 0.004803210 0.004450560 0.000830670 0.003074040 0.005479730 0.001357750 0.001615190 0.003955370 0.004812010 0.003593230 0.003407600 0.001446590 0.004401280 0.003852410 0.003905210 0.005201570 0.004790750 0.004492600 0.001129280 0.002181770 0.003138330 0.002775220 0.002433890 0.000634680 0.003335080 0.000483030 0.001876290 0.000344200 0.001047810 0.003413030 0.000271450 0.002579300 0.003310500 0.003763530 0.002452080 0.003412940 0.005994340 
1     0.000381610 0.002475170 0.000000000 0.000694240 0.000000000 0.002837080 0.006673810 0.000548530 0.000675610 0.001606570 0.003266670 0.000584890 0.003490820 0.001043630 0.002146300 0.001761470 0.000731970 0.000559350 0.004968300 0.001647520 0.002254990 0.004767320 0.002165270 0.002140590 0.002403730 0.003175350 0.003779980 0.004636620 0.002603740 0.001961460 0.002214250 0.003708140 0.002226450 0.001911260 0.002244770 0.005437920 0.005445300 0.000874740 0.000268790 0.004818230 0.003070840 0.002691260 0.004047340 0.001507050 0.002812040 0.001898860 0.002706650 0.002981660 0.005337130 0.001288670 0.002915120 
5     0.000634740 0.003075660 0.000694240 0.000000000 0.000012900 0.001125830 0.001365680 0.003986760 0.005413870 0.006213690 0.001739480 0.009626360 0.003684840 0.003835870 0.004212770 0.004245040 0.003320640 0.002531320 0.005582980 0.000836000 0.001992480 0.007022440 0.004221570 0.003850710 0.003155760 0.003897840 0.001650630 0.004830640 0.004812790 0.004611130 0.000457740 0.003902160 0.002140190 0.004922660 0.008606220 0.001873950 0.002941080 0.002427850 0.000847130 0.002638480 0.006381580 0.005066930 0.005497650 0.004407750 0.003538240 0.002125090 0.006608580 0.007558550 0.001679160 0.005333490 0.003734840 
6     0.002430010 0.001496720 0.000000000 0.000012900 0.000000000 0.002511660 0.000694510 0.002227210 0.001696950 0.000207860 0.002985120 0.000706150 0.003733270 0.003884300 0.004261200 0.004293470 0.003369070 0.000580750 0.001603880 0.004286300 0.004901220 0.003632650 0.004270000 0.001290210 0.001401360 0.003001240 0.004022430 0.004879070 0.004861220 0.000524490 0.001695810 0.003770340 0.000619760 0.001132060 0.000400680 0.003273210 0.003550040 0.004768620 0.001914120 0.005060680 0.001235990 0.005897160 0.002498110 0.003774980 0.002957600 0.002371300 0.000295500 0.001740220 0.000795730 0.005489150 0.006946880 
15     0.002038590 0.000749260 0.002837080 0.001125830 0.002511660 0.000000000 0.007374530 0.006302060 0.002723960 0.001851500 0.000446850 0.000117420 0.003098750 0.004065700 0.004351880 0.003757070 0.000386770 0.000009040 0.003409160 0.005439410 0.005550800 0.000481510 0.001936410 0.001447890 0.002230950 0.001407280 0.000616370 0.003572230 0.003554380 0.003352720 0.002941900 0.002643750 0.002887580 0.001299780 0.006178440 0.005730910 0.005389580 0.000929130 0.000054180 0.003753840 0.003484510 0.000351380 0.002073290 0.000811840 0.002165800 0.005806820 0.004128560 0.000901180 0.000886610 0.001687240 0.003165510 
9     0.001679300 0.004942060 0.006673810 0.001365680 0.000694510 0.007374530 0.000000000 0.000041580 0.000435080 0.001576130 0.000377920 0.000243760 0.002058880 0.005438750 0.001683180 0.002039390 0.000403680 0.003637260 0.008923300 0.001775060 0.002943570 0.000573330 0.005691960 0.004561840 0.003330960 0.000405870 0.000535240 0.004564960 0.004593800 0.003395730 0.001483040 0.003649220 0.005214620 0.005468300 0.000414530 0.001876320 0.001610310 0.001925720 0.002156060 0.006436410 0.000508500 0.007296220 0.007101090 0.007709020 0.003699340 0.003243890 0.003103210 0.004922230 0.007003760 0.003053200 0.005742450 
16     0.004669590 0.001695570 0.000548530 0.003986760 0.002227210 0.006302060 0.000041580 0.000000000 0.000327670 0.001589900 0.000685560 0.000477830 0.000036860 0.006683960 0.007479760 0.007301700 0.002017190 0.004156060 0.004394650 0.005559500 0.004814520 0.004204040 0.005496080 0.001222600 0.001299100 0.001422010 0.003470260 0.005514330 0.005674690 0.004466340 0.001935980 0.003343520 0.000573390 0.003857920 0.000427960 0.004404030 0.004493280 0.004145870 0.001621990 0.002059390 0.000742130 0.004028370 0.006028910 0.007718660 0.001726390 0.001204100 0.005210730 0.005663760 0.005393380 0.001186360 0.002041680 
8     0.000983660 0.001067110 0.000675610 0.005413870 0.001696950 0.002723960 0.000435080 0.000327670 0.000000000 0.000085850 0.000075510 0.000662700 0.000119130 0.000049230 0.001801540 0.001263920 0.001792610 0.001818850 0.000700040 0.003238040 0.002270330 0.002292270 0.001223690 0.002566750 0.000920970 0.002096440 0.001350910 0.005364560 0.004759580 0.005329570 0.003203510 0.001017940 0.001790740 0.001340100 0.001666550 0.003033280 0.002691950 0.000123170 0.000402960 0.001836190 0.001641620 0.000716110 0.003667830 0.005384810 0.003367970 0.000326600 0.000738280 0.002706610 0.000066030 0.002213120 0.005247050 
7     0.000652830 0.002011430 0.001606570 0.006213690 0.000207860 0.001851500 0.001576130 0.001589900 0.000085850 0.000000000 0.000820100 0.001536850 0.000203200 0.000133300 0.001336850 0.001347990 0.005410610 0.007197260 0.000784110 0.006560730 0.003546060 0.004766650 0.008254210 0.002022240 0.000861230 0.003744010 0.005712550 0.006576930 0.006316540 0.006541940 0.006103170 0.003997520 0.000188490 0.002334760 0.002171220 0.005897210 0.005555880 0.000657740 0.002368550 0.002860760 0.002367690 0.006748440 0.000535740 0.007925660 0.008129560 0.006768720 0.004121290 0.000403100 0.003609940 0.004113670 0.005973120 
18     0.001623730 0.003412160 0.003266670 0.001739480 0.002985120 0.000446850 0.000377920 0.000685560 0.000075510 0.000820100 0.000000000 0.000002810 0.000297920 0.007495430 0.005098670 0.000084470 0.000523680 0.000382370 0.008088840 0.001598110 0.003548010 0.003330290 0.001211930 0.002442840 0.002211110 0.005376090 0.001031250 0.006290250 0.006450610 0.006255260 0.005790960 0.001803120 0.000129810 0.001769280 0.000522860 0.002692730 0.000698880 0.000486800 0.000392690 0.000617730 0.000497930 0.005837770 0.000509320 0.001282790 0.003055510 0.002389930 0.002005900 0.002610540 0.000401090 0.003874970 0.003486580 
3     0.000539490 0.002125250 0.000584890 0.009626360 0.000706150 0.000117420 0.000243760 0.000477830 0.000662700 0.001536850 0.000002810 0.000000000 0.003070110 0.003025780 0.002939730 0.003249690 0.005838410 0.001555730 0.003068670 0.001672330 0.003180700 0.002408950 0.001188750 0.003099970 0.002428060 0.003107090 0.000733790 0.001724400 0.004368540 0.000377390 0.005411500 0.001747360 0.000900920 0.003794800 0.000662400 0.004215460 0.003445200 0.001853630 0.000063260 0.001429440 0.000394230 0.006492230 0.002909540 0.002103500 0.004494270 0.002104520 0.005048390 0.003098940 0.004086210 0.002364140 0.005871420 
11     0.000635850 0.001949820 0.003490820 0.003684840 0.003733270 0.003098750 0.002058880 0.000036860 0.000119130 0.000203200 0.000297920 0.003070110 0.000000000 0.000087280 0.001411050 0.001301970 0.001305300 0.001300170 0.000580930 0.002973020 0.003087360 0.003142650 0.000655460 0.001792220 0.000637410 0.003284310 0.002145600 0.004957520 0.004939670 0.001811840 0.004327190 0.003209830 0.001039210 0.002334670 0.001281120 0.002230920 0.005374950 0.001010540 0.003372080 0.004884140 0.005429640 0.004325580 0.003622540 0.005154540 0.000991510 0.001012000 0.005484780 0.001550560 0.001759700 0.002108360 0.006463300 
17     0.001239220 0.004426310 0.001043630 0.003835870 0.003884300 0.004065700 0.005438750 0.006683960 0.000049230 0.000133300 0.007495430 0.003025780 0.000087280 0.000000000 0.000046430 0.000092460 0.001192160 0.000445290 0.000668190 0.004719520 0.001059390 0.006168900 0.002191430 0.004128620 0.000736240 0.002682420 0.002359960 0.005108550 0.005090700 0.004889040 0.003111890 0.003280480 0.002888900 0.002634330 0.006417040 0.002744470 0.002992410 0.005177100 0.004104430 0.005290160 0.005997750 0.005317950 0.002736620 0.005305570 0.002701540 0.003342540 0.006184360 0.003556580 0.005250380 0.006448070 0.006716530 
2     0.000787250 0.004803210 0.002146300 0.004212770 0.004261200 0.004351880 0.001683180 0.007479760 0.001801540 0.001336850 0.005098670 0.002939730 0.001411050 0.000046430 0.000000000 0.000194030 0.000828460 0.000572100 0.003038210 0.003401260 0.002743890 0.006455080 0.002477610 0.004505520 0.002366470 0.003030720 0.002516370 0.005485450 0.005467600 0.005265940 0.004855120 0.004417660 0.002481990 0.000174880 0.006703220 0.002553310 0.001521170 0.005554000 0.004481330 0.004479270 0.006216990 0.005291780 0.002503370 0.005649860 0.004463860 0.003366220 0.001909010 0.001188330 0.002108800 0.001896670 0.007002710 
4     0.003332940 0.004450560 0.001761470 0.004245040 0.004293470 0.003757070 0.002039390 0.007301700 0.001263920 0.001347990 0.000084470 0.003249690 0.001301970 0.000092460 0.000194030 0.000000000 0.001761860 0.000466450 0.001882880 0.004635680 0.001630850 0.006277020 0.002299550 0.004537790 0.002243410 0.003507380 0.004661080 0.005517720 0.005499870 0.005298210 0.004887390 0.004589240 0.002670010 0.003977420 0.003574470 0.002104250 0.002352190 0.005419770 0.004513600 0.002549050 0.003936860 0.005667740 0.001216380 0.003203980 0.003505530 0.002736890 0.002039450 0.000477200 0.006636400 0.006556190 0.005906550 
13     0.000325890 0.000830670 0.000731970 0.003320640 0.003369070 0.000386770 0.000403680 0.002017190 0.001792610 0.005410610 0.000523680 0.005838410 0.001305300 0.001192160 0.000828460 0.001761860 0.000000000 0.000418690 0.001560330 0.004547280 0.001978030 0.001920330 0.001051090 0.001083400 0.003027190 0.001532480 0.003736680 0.000226170 0.004575470 0.004373810 0.003962990 0.000647280 0.002272380 0.002526470 0.005370540 0.002549930 0.003771910 0.000959750 0.000555980 0.004774930 0.000545800 0.001973440 0.003013910 0.003909280 0.000831450 0.004422600 0.002952620 0.005775510 0.001902600 0.004384260 0.006703260 
14     0.001721220 0.003074040 0.000559350 0.002531320 0.000580750 0.000009040 0.003637260 0.004156060 0.001818850 0.007197260 0.000382370 0.001555730 0.001300170 0.000445290 0.000572100 0.000466450 0.000418690 0.000000000 0.001711360 0.002229930 0.005016690 0.001082960 0.003224420 0.001988930 0.003608890 0.004018540 0.001953920 0.004951340 0.004933490 0.004731830 0.004321010 0.004022860 0.002588800 0.004411880 0.005938370 0.000875370 0.004374430 0.002270650 0.003947220 0.000803260 0.005872400 0.005578230 0.003188740 0.003796670 0.002837710 0.004270420 0.000062210 0.002532320 0.002938300 0.000582630 0.006591180 
12     0.001755310 0.005479730 0.004968300 0.005582980 0.001603880 0.003409160 0.008923300 0.004394650 0.000700040 0.000784110 0.008088840 0.003068670 0.000580930 0.000668190 0.003038210 0.001882880 0.001560330 0.001711360 0.000000000 0.006809620 0.003804140 0.006288240 0.002289190 0.005180490 0.000338930 0.005854410 0.005999020 0.006855660 0.006837810 0.006636150 0.005648550 0.000444640 0.003802350 0.001082460 0.006536380 0.004328750 0.005046010 0.005430990 0.005851540 0.006010930 0.003903840 0.005631220 0.002129360 0.002197450 0.004297020 0.006960360 0.006464970 0.005889220 0.006647620 0.006567410 0.006835870 
40     0.000396590 0.001357750 0.001647520 0.000836000 0.004286300 0.005439410 0.001775060 0.005559500 0.003238040 0.006560730 0.001598110 0.001672330 0.002973020 0.004719520 0.003401260 0.004635680 0.004547280 0.002229930 0.006809620 0.000000000 0.000024570 0.003160310 0.000960830 0.001078550 0.001414200 0.003120230 0.001700160 0.005466480 0.005448890 0.001241110 0.000763180 0.000750350 0.001810850 0.001127270 0.003802200 0.002084870 0.000971160 0.001677850 0.003180720 0.003729330 0.002390230 0.002168140 0.002914660 0.003222120 0.000600910 0.003258320 0.001494720 0.003391620 0.003583510 0.003992390 0.007128300 
22     0.004375090 0.001615190 0.002254990 0.001992480 0.004901220 0.005550800 0.002943570 0.004814520 0.002270330 0.003546060 0.003548010 0.003180700 0.003087360 0.001059390 0.002743890 0.001630850 0.001978030 0.005016690 0.003804140 0.000024570 0.000000000 0.001040740 0.000969180 0.001245420 0.002691180 0.001928550 0.004041930 0.001413130 0.002799990 0.001868920 0.000471340 0.000458510 0.001357380 0.001470090 0.001491530 0.002162990 0.001821660 0.000344610 0.001018400 0.002697830 0.002733050 0.001171500 0.001622220 0.001384890 0.000309070 0.002114020 0.003144970 0.003598000 0.002576630 0.003247410 0.006025450 
20     0.003170140 0.003955370 0.004767320 0.007022440 0.003632650 0.000481510 0.000573330 0.004204040 0.002292270 0.004766650 0.003330290 0.002408950 0.003142650 0.006168900 0.006455080 0.006277020 0.001920330 0.001082960 0.006288240 0.003160310 0.001040740 0.000000000 0.000712820 0.001877860 0.002615490 0.000832570 0.002486010 0.004473550 0.004633910 0.004438560 0.003661570 0.002307310 0.002982660 0.001884160 0.004257460 0.001536060 0.001700970 0.001677510 0.002829700 0.003801350 0.003186940 0.003192090 0.001162080 0.001545250 0.003223630 0.003466660 0.003721810 0.001388610 0.002540210 0.001428120 0.005652000 
29     0.000868250 0.004812010 0.002165270 0.004221570 0.004270000 0.001936410 0.005691960 0.005496080 0.001223690 0.008254210 0.001211930 0.001188750 0.000655460 0.002191430 0.002477610 0.002299550 0.001051090 0.003224420 0.002289190 0.000960830 0.000969180 0.000712820 0.000000000 0.000000040 0.000731670 0.002740470 0.002594660 0.003673270 0.003655420 0.001077590 0.000802220 0.002175520 0.001813560 0.001906790 0.004562600 0.003803460 0.004818210 0.003042670 0.002189290 0.002822550 0.001780870 0.002442840 0.001835780 0.001407610 0.000471640 0.004136980 0.003423190 0.003376370 0.004173790 0.002135260 0.006798960 
41     0.001732870 0.003593230 0.002140590 0.003850710 0.001290210 0.001447890 0.004561840 0.001222600 0.002566750 0.002022240 0.002442840 0.003099970 0.001792220 0.004128620 0.004505520 0.004537790 0.001083400 0.001988930 0.005180490 0.001078550 0.001245420 0.001877860 0.000000040 0.000000000 0.000049660 0.001812190 0.002445770 0.000464620 0.003284560 0.003082900 0.002218780 0.002155880 0.001746360 0.001334680 0.003174600 0.002222010 0.003106460 0.001494320 0.000298070 0.001755240 0.002590740 0.001929300 0.001773860 0.001358360 0.001913820 0.003345880 0.000412150 0.000973090 0.003160120 0.001401750 0.008456350 
37     0.002577260 0.003407600 0.002403730 0.003155760 0.001401360 0.002230950 0.003330960 0.001299100 0.000920970 0.000861230 0.002211110 0.002428060 0.000637410 0.000736240 0.002366470 0.002243410 0.003027190 0.003608890 0.000338930 0.001414200 0.002691180 0.002615490 0.000731670 0.000049660 0.000000000 0.001251440 0.002084420 0.002941060 0.002923210 0.002721550 0.000152490 0.002012580 0.000346730 0.000919280 0.002253220 0.002168460 0.002920830 0.000695330 0.001457080 0.002642810 0.001322320 0.000333210 0.005429050 0.002557400 0.000369840 0.004133670 0.003638280 0.003804130 0.003820930 0.000300080 0.007642840 
38     0.001687830 0.001446590 0.003175350 0.003897840 0.003001240 0.001407280 0.000405870 0.001422010 0.002096440 0.003744010 0.005376090 0.003107090 0.003284310 0.002682420 0.003030720 0.003507380 0.001532480 0.004018540 0.005854410 0.003120230 0.001928550 0.000832570 0.002740470 0.001812190 0.001251440 0.000000000 0.000173230 0.001258590 0.000475690 0.001328820 0.001340920 0.000773320 0.002145140 0.001801890 0.001259960 0.001691500 0.001106850 0.000066060 0.002345420 0.002770000 0.002806820 0.003246570 0.003655430 0.003880690 0.000897880 0.003426010 0.002525630 0.003383650 0.000443450 0.003033060 0.002280850 
32     0.001097090 0.004401280 0.003779980 0.001650630 0.004022430 0.000616370 0.000535240 0.003470260 0.001350910 0.005712550 0.001031250 0.000733790 0.002145600 0.002359960 0.002516370 0.004661080 0.003736680 0.001953920 0.005999020 0.001700160 0.004041930 0.002486010 0.002594660 0.002445770 0.002084420 0.000173230 0.000000000 0.001680880 0.000902730 0.001363120 0.000476540 0.001028030 0.001088970 0.002375710 0.004703370 0.002329830 0.003914510 0.001121980 0.000670550 0.003469270 0.001686450 0.003089560 0.001777570 0.005751930 0.001431210 0.003225000 0.004069910 0.002289370 0.004482200 0.001424230 0.005082070 
43     0.001086300 0.003852410 0.004636620 0.004830640 0.004879070 0.003572230 0.004564960 0.005514330 0.005364560 0.006576930 0.006290250 0.001724400 0.004957520 0.005108550 0.005485450 0.005517720 0.000226170 0.004951340 0.006855660 0.005466480 0.001413130 0.004473550 0.003673270 0.000464620 0.002941060 0.001258590 0.001680880 0.000000000 0.000422960 0.000082950 0.001942140 0.000681970 0.003984960 0.003569110 0.005567750 0.005120220 0.002411740 0.000727500 0.003278220 0.004463950 0.004136000 0.003296860 0.005041050 0.006691540 0.002955350 0.002954040 0.005496340 0.005949370 0.002190460 0.005598780 0.001577100 
24     0.003900690 0.003905210 0.002603740 0.004812790 0.004861220 0.003554380 0.004593800 0.005674690 0.004759580 0.006316540 0.006450610 0.004368540 0.004939670 0.005090700 0.005467600 0.005499870 0.004575470 0.004933490 0.006837810 0.005448890 0.002799990 0.004633910 0.003655420 0.003284560 0.002923210 0.000475690 0.000902730 0.000422960 0.000000000 0.000087910 0.001163610 0.001325960 0.000819410 0.004303890 0.005728110 0.005280580 0.004939250 0.004622720 0.003260370 0.004446100 0.005173710 0.003100050 0.005470290 0.006673690 0.003978950 0.006152090 0.001353310 0.006109730 0.005721110 0.005759140 0.001353400 
28     0.001060540 0.005201570 0.001961460 0.004611130 0.000524490 0.003352720 0.003395730 0.004466340 0.005329570 0.006541940 0.006255260 0.000377390 0.001811840 0.004889040 0.005265940 0.005298210 0.004373810 0.004731830 0.006636150 0.001241110 0.001868920 0.004438560 0.001077590 0.003082900 0.002721550 0.001328820 0.001363120 0.000082950 0.000087910 0.000000000 0.000481490 0.001912270 0.002314700 0.003985890 0.005532760 0.005085230 0.004743900 0.003485660 0.000575490 0.004244440 0.001192560 0.005189330 0.005085610 0.004095500 0.005479330 0.005956740 0.005461350 0.005914380 0.000878410 0.005563790 0.002097390 
42     0.002968070 0.004790750 0.002214250 0.000457740 0.001695810 0.002941900 0.001483040 0.001935980 0.003203510 0.006103170 0.005790960 0.005411500 0.004327190 0.003111890 0.004855120 0.004887390 0.003962990 0.004321010 0.005648550 0.000763180 0.000471340 0.003661570 0.000802220 0.002218780 0.000152490 0.001340920 0.000476540 0.001942140 0.001163610 0.000481490 0.000000000 0.000038610 0.002284580 0.002234640 0.002885630 0.001414910 0.003795420 0.002234190 0.002647890 0.003293570 0.002267060 0.002913860 0.004640800 0.001465570 0.000136190 0.004608000 0.003894210 0.003874680 0.004644810 0.005125020 0.001790950 
46     0.002990060 0.004492600 0.003708140 0.003902160 0.003770340 0.002643750 0.003649220 0.003343520 0.001017940 0.003997520 0.001803120 0.001747360 0.003209830 0.003280480 0.004417660 0.004589240 0.000647280 0.004022860 0.000444640 0.000750350 0.000458510 0.002307310 0.002175520 0.002155880 0.002012580 0.000773320 0.001028030 0.000681970 0.001325960 0.001912270 0.000038610 0.000000000 0.001796140 0.002485430 0.004816970 0.003254360 0.004028110 0.002221360 0.002349740 0.001353770 0.003312970 0.003136420 0.002430140 0.002235210 0.000156760 0.004830560 0.004116770 0.004097240 0.004867370 0.004428720 0.009217130 
50     0.000992240 0.001129280 0.002226450 0.002140190 0.000619760 0.002887580 0.005214620 0.000573390 0.001790740 0.000188490 0.000129810 0.000900920 0.001039210 0.002888900 0.002481990 0.002670010 0.002272380 0.002588800 0.003802350 0.001810850 0.001357380 0.002982660 0.001813560 0.001746360 0.000346730 0.002145140 0.001088970 0.003984960 0.000819410 0.002314700 0.002284580 0.001796140 0.000000000 0.000156570 0.000136630 0.002047100 0.000509800 0.000135120 0.000411550 0.001342930 0.001912330 0.001035290 0.002289300 0.002563290 0.001623140 0.002663620 0.002914860 0.003188720 0.001784430 0.001214800 0.003603110 
23     0.000729270 0.002181770 0.001911260 0.004922660 0.001132060 0.001299780 0.005468300 0.003857920 0.001340100 0.002334760 0.001769280 0.003794800 0.002334670 0.002634330 0.000174880 0.003977420 0.002526470 0.004411880 0.001082460 0.001127270 0.001470090 0.001884160 0.001906790 0.001334680 0.000919280 0.001801890 0.002375710 0.003569110 0.004303890 0.003985890 0.002234640 0.002485430 0.000156570 0.000000000 0.001584020 0.000502560 0.000678830 0.000107560 0.000612280 0.000894910 0.000858910 0.000911930 0.001586990 0.002232100 0.001720810 0.001240240 0.002080030 0.000908030 0.002595100 0.001593420 0.003728280 
34     0.001953010 0.003138330 0.002244770 0.008606220 0.000400680 0.006178440 0.000414530 0.000427960 0.001666550 0.002171220 0.000522860 0.000662400 0.001281120 0.006417040 0.006703220 0.003574470 0.005370540 0.005938370 0.006536380 0.003802200 0.001491530 0.004257460 0.004562600 0.003174600 0.002253220 0.001259960 0.004703370 0.005567750 0.005728110 0.005532760 0.002885630 0.004816970 0.000136630 0.001584020 0.000000000 0.001994830 0.000376350 0.000001670 0.000778830 0.000297490 0.000579430 0.000901840 0.001930120 0.005652810 0.003645620 0.000972360 0.003475740 0.002732500 0.002133440 0.003715030 0.005813380 
39     0.000666990 0.002775220 0.005437920 0.001873950 0.003273210 0.005730910 0.001876320 0.004404030 0.003033280 0.005897210 0.002692730 0.004215460 0.002230920 0.002744470 0.002553310 0.002104250 0.002549930 0.000875370 0.004328750 0.002084870 0.002162990 0.001536060 0.003803460 0.002222010 0.002168460 0.001691500 0.002329830 0.005120220 0.005280580 0.005085230 0.001414910 0.003254360 0.002047100 0.000502560 0.001994830 0.000000000 0.000062350 0.000146620 0.001008610 0.002353490 0.002736230 0.002371050 0.000556540 0.002374990 0.002430090 0.000537340 0.003165060 0.003618090 0.003347710 0.003267500 0.004261350 
35     0.000928900 0.002433890 0.005445300 0.002941080 0.003550040 0.005389580 0.001610310 0.004493280 0.002691950 0.005555880 0.000698880 0.003445200 0.005374950 0.002992410 0.001521170 0.002352190 0.003771910 0.004374430 0.005046010 0.000971160 0.001821660 0.001700970 0.004818210 0.003106460 0.002920830 0.001106850 0.003914510 0.002411740 0.004939250 0.004743900 0.003795420 0.004028110 0.000509800 0.000678830 0.000376350 0.000062350 0.000000000 0.000084490 0.001324530 0.001582650 0.002088490 0.001275010 0.002453160 0.002788990 0.002487440 0.003319120 0.002823730 0.003276760 0.003006380 0.002926170 0.007098830 
47     0.000148120 0.000634680 0.000874740 0.002427850 0.004768620 0.000929130 0.001925720 0.004145870 0.000123170 0.000657740 0.000486800 0.001853630 0.001010540 0.005177100 0.005554000 0.005419770 0.000959750 0.002270650 0.005430990 0.001677850 0.000344610 0.001677510 0.003042670 0.001494320 0.000695330 0.000066060 0.001121980 0.000727500 0.004622720 0.003485660 0.002234190 0.002221360 0.000135120 0.000107560 0.000001670 0.000146620 0.000084490 0.000000000 0.001172640 0.000004890 0.001546750 0.000900330 0.001125190 0.002174640 0.000621580 0.001249780 0.002507200 0.002815820 0.002397270 0.002609640 0.004371580 
30     0.000545460 0.003335080 0.000268790 0.000847130 0.001914120 0.000054180 0.002156060 0.001621990 0.000402960 0.002368550 0.000392690 0.000063260 0.003372080 0.004104430 0.004481330 0.004513600 0.000555980 0.003947220 0.005851540 0.003180720 0.001018400 0.002829700 0.002189290 0.000298070 0.001457080 0.002345420 0.000670550 0.003278220 0.003260370 0.000575490 0.002647890 0.002349740 0.000411550 0.000612280 0.000778830 0.001008610 0.001324530 0.001172640 0.000000000 0.000483010 0.000364260 0.000304890 0.004162830 0.004463740 0.000898610 0.002050310 0.001625120 0.004018790 0.002068400 0.003660430 0.009087000 
45     0.002792150 0.000483030 0.004818230 0.002638480 0.005060680 0.003753840 0.006436410 0.002059390 0.001836190 0.002860760 0.000617730 0.001429440 0.004884140 0.005290160 0.004479270 0.002549050 0.004774930 0.000803260 0.006010930 0.003729330 0.002697830 0.003801350 0.002822550 0.001755240 0.002642810 0.002770000 0.003469270 0.004463950 0.004446100 0.004244440 0.003293570 0.001353770 0.001342930 0.000894910 0.000297490 0.002353490 0.001582650 0.000004890 0.000483010 0.000000000 0.000870740 0.000340220 0.002550240 0.004641370 0.001905570 0.003875950 0.000283650 0.003328210 0.003563210 0.003483000 0.008628980 
31     0.001411790 0.001876290 0.003070840 0.006381580 0.001235990 0.003484510 0.000508500 0.000742130 0.001641620 0.002367690 0.000497930 0.000394230 0.005429640 0.005997750 0.006216990 0.003936860 0.000545800 0.005872400 0.003903840 0.002390230 0.002733050 0.003186940 0.001780870 0.002590740 0.001322320 0.002806820 0.001686450 0.004136000 0.005173710 0.001192560 0.002267060 0.003312970 0.001912330 0.000858910 0.000579430 0.002736230 0.002088490 0.001546750 0.000364260 0.000870740 0.000000000 0.000724740 0.004666770 0.004476020 0.002451070 0.000628190 0.002847170 0.003870410 0.003600030 0.003519820 0.001552010 
48     0.002821020 0.000344200 0.002691260 0.005066930 0.005897160 0.000351380 0.007296220 0.004028370 0.000716110 0.006748440 0.005837770 0.006492230 0.004325580 0.005317950 0.005291780 0.005667740 0.001973440 0.005578230 0.005631220 0.002168140 0.001171500 0.003192090 0.002442840 0.001929300 0.000333210 0.003246570 0.003089560 0.003296860 0.003100050 0.005189330 0.002913860 0.003136420 0.001035290 0.000911930 0.000901840 0.002371050 0.001275010 0.000900330 0.000304890 0.000340220 0.000724740 0.000000000 0.001855020 0.003158170 0.001525860 0.000605510 0.001429720 0.002948500 0.003718630 0.004118730 0.003035080 
36     0.001122990 0.001047810 0.004047340 0.005497650 0.002498110 0.002073290 0.007101090 0.006028910 0.003667830 0.000535740 0.000509320 0.002909540 0.003622540 0.002736620 0.002503370 0.001216380 0.003013910 0.003188740 0.002129360 0.002914660 0.001622220 0.001162080 0.001835780 0.001773860 0.005429050 0.003655430 0.001777570 0.005041050 0.005470290 0.005085610 0.004640800 0.002430140 0.002289300 0.001586990 0.001930120 0.000556540 0.002453160 0.001125190 0.004162830 0.002550240 0.004666770 0.001855020 0.000000000 0.000105950 0.001845120 0.003006820 0.002682710 0.001327480 0.001337170 0.002311840 0.001495120 
27     0.001439670 0.003413030 0.001507050 0.004407750 0.003774980 0.000811840 0.007709020 0.007718660 0.005384810 0.007925660 0.001282790 0.002103500 0.005154540 0.005305570 0.005649860 0.003203980 0.003909280 0.003796670 0.002197450 0.003222120 0.001384890 0.001545250 0.001407610 0.001358360 0.002557400 0.003880690 0.005751930 0.006691540 0.006673690 0.004095500 0.001465570 0.002235210 0.002563290 0.002232100 0.005652810 0.002374990 0.002788990 0.002174640 0.004463740 0.004641370 0.004476020 0.003158170 0.000105950 0.000000000 0.000537110 0.003811440 0.000273450 0.000556400 0.001176160 0.002009560 0.005340470 
26     0.001523100 0.000271450 0.002812040 0.003538240 0.002957600 0.002165800 0.003699340 0.001726390 0.003367970 0.008129560 0.003055510 0.004494270 0.000991510 0.002701540 0.004463860 0.003505530 0.000831450 0.002837710 0.004297020 0.000600910 0.000309070 0.003223630 0.000471640 0.001913820 0.000369840 0.000897880 0.001431210 0.002955350 0.003978950 0.005479330 0.000136190 0.000156760 0.001623140 0.001720810 0.003645620 0.002430090 0.002487440 0.000621580 0.000898610 0.001905570 0.002451070 0.001525860 0.001845120 0.000537110 0.000000000 0.001529250 0.000970960 0.002439120 0.001862480 0.002429750 0.006224960 
49     0.000626800 0.002579300 0.001898860 0.002125090 0.002371300 0.005806820 0.003243890 0.001204100 0.000326600 0.006768720 0.002389930 0.002104520 0.001012000 0.003342540 0.003366220 0.002736890 0.004422600 0.004270420 0.006960360 0.003258320 0.002114020 0.003466660 0.004136980 0.003345880 0.004133670 0.003426010 0.003225000 0.002954040 0.006152090 0.005956740 0.004608000 0.004830560 0.002663620 0.001240240 0.000972360 0.000537340 0.003319120 0.001249780 0.002050310 0.003875950 0.000628190 0.000605510 0.003006820 0.003811440 0.001529250 0.000000000 0.000920060 0.001315730 0.000115160 0.002329730 0.007072760 
25     0.001470230 0.003310500 0.002706650 0.006608580 0.000295500 0.004128560 0.003103210 0.005210730 0.000738280 0.004121290 0.002005900 0.005048390 0.005484780 0.006184360 0.001909010 0.002039450 0.002952620 0.000062210 0.006464970 0.001494720 0.003144970 0.003721810 0.003423190 0.000412150 0.003638280 0.002525630 0.004069910 0.005496340 0.001353310 0.005461350 0.003894210 0.004116770 0.002914860 0.002080030 0.003475740 0.003165060 0.002823730 0.002507200 0.001625120 0.000283650 0.002847170 0.001429720 0.002682710 0.000273450 0.000970960 0.000920060 0.000000000 0.000863290 0.002568010 0.001775020 0.003006380 
44     0.001607010 0.003763530 0.002981660 0.007558550 0.001740220 0.000901180 0.004922230 0.005663760 0.002706610 0.000403100 0.002610540 0.003098940 0.001550560 0.003556580 0.001188330 0.000477200 0.005775510 0.002532320 0.005889220 0.003391620 0.003598000 0.001388610 0.003376370 0.000973090 0.003804130 0.003383650 0.002289370 0.005949370 0.006109730 0.005914380 0.003874680 0.004097240 0.003188720 0.000908030 0.002732500 0.003618090 0.003276760 0.002815820 0.004018790 0.003328210 0.003870410 0.002948500 0.001327480 0.000556400 0.002439120 0.001315730 0.000863290 0.000000000 0.000016450 0.002496030 0.009210090 
33     0.001628800 0.002452080 0.005337130 0.001679160 0.000795730 0.000886610 0.007003760 0.005393380 0.000066030 0.003609940 0.000401090 0.004086210 0.001759700 0.005250380 0.002108800 0.006636400 0.001902600 0.002938300 0.006647620 0.003583510 0.002576630 0.002540210 0.004173790 0.003160120 0.003820930 0.000443450 0.004482200 0.002190460 0.005721110 0.000878410 0.004644810 0.004867370 0.001784430 0.002595100 0.002133440 0.003347710 0.003006380 0.002397270 0.002068400 0.003563210 0.003600030 0.003718630 0.001337170 0.001176160 0.001862480 0.000115160 0.002568010 0.000016450 0.000000000 0.001936550 0.004765330 
21     0.005687790 0.003412940 0.001288670 0.005333490 0.005489150 0.001687240 0.003053200 0.001186360 0.002213120 0.004113670 0.003874970 0.002364140 0.002108360 0.006448070 0.001896670 0.006556190 0.004384260 0.000582630 0.006567410 0.003992390 0.003247410 0.001428120 0.002135260 0.001401750 0.000300080 0.003033060 0.001424230 0.005598780 0.005759140 0.005563790 0.005125020 0.004428720 0.001214800 0.001593420 0.003715030 0.003267500 0.002926170 0.002609640 0.003660430 0.003483000 0.003519820 0.004118730 0.002311840 0.002009560 0.002429750 0.002329730 0.001775020 0.002496030 0.001936550 0.000000000 0.000606890 
0     0.005906840 0.005994340 0.002915120 0.003734840 0.006946880 0.003165510 0.005742450 0.002041680 0.005247050 0.005973120 0.003486580 0.005871420 0.006463300 0.006716530 0.007002710 0.005906550 0.006703260 0.006591180 0.006835870 0.007128300 0.006025450 0.005652000 0.006798960 0.008456350 0.007642840 0.002280850 0.005082070 0.001577100 0.001353400 0.002097390 0.001790950 0.009217130 0.003603110 0.003728280 0.005813380 0.004261350 0.007098830 0.004371580 0.009087000 0.008628980 0.001552010 0.003035080 0.001495120 0.005340470 0.006224960 0.007072760 0.003006380 0.009210090 0.004765330 0.000606890 0.000000000 
