51
4     0.000000000 0.230449073 0.450466708 0.436965917 1.147730128 1.126125369 1.515852226 1.443634089 1.398678901 1.402638595 1.400154924 1.444047291 1.321315916 1.456630697 1.459080789 1.453218934 1.470424236 1.471207841 1.524770400 1.530505528 1.543219368 1.758536760 1.773398597 1.741804645 1.394692863 1.464198379 1.461644937 1.493829913 1.465537972 1.295380338 1.260070162 1.367505302 1.377867726 1.386947770 1.331530192 1.389826983 1.388426584 1.427810480 1.351808768 1.370058785 1.357546688 1.359309593 1.396744580 1.461512039 1.410886534 1.408542000 1.387129177 1.381401333 1.454670220 1.479830017 2.403847440 
5     0.230449073 0.000000000 0.443020098 0.431647311 1.143114102 1.121509343 1.511236201 1.439018063 1.394062875 1.398022569 1.395538898 1.439431265 1.316699890 1.452014671 1.454464763 1.448602908 1.465808211 1.466591815 1.520154374 1.525889502 1.538603342 1.753920735 1.768782571 1.737188620 1.390076837 1.459582353 1.457028911 1.489213887 1.460921947 1.290764312 1.255454136 1.362889276 1.373251700 1.382331744 1.326914166 1.385210957 1.383810558 1.423194454 1.347192742 1.365442759 1.352930662 1.354693567 1.392128554 1.456896013 1.406270508 1.403925974 1.382513151 1.376785308 1.450054194 1.475213991 2.399231415 
3     0.450466708 0.443020098 0.000000000 0.447229471 1.181707885 1.160103126 1.549903342 1.477693324 1.432738136 1.436697830 1.434214160 1.478098407 1.355367031 1.490681813 1.493131904 1.487270050 1.504475352 1.505258956 1.558821515 1.564556644 1.577270483 1.792587876 1.807449712 1.775855761 1.428743979 1.498249495 1.495696052 1.527881028 1.499589088 1.329431454 1.294121277 1.401556418 1.411918841 1.420998886 1.365581308 1.423878098 1.422477699 1.461861596 1.385859884 1.404109900 1.391597804 1.393360708 1.430795695 1.495563154 1.444937649 1.442593115 1.421180293 1.415452449 1.488721336 1.513881133 2.437906676 
2     0.436965917 0.431647311 0.447229471 0.000000000 1.173186011 1.151581252 1.541381468 1.469171450 1.424216262 1.428175956 1.425692285 1.469576532 1.346845157 1.482159939 1.484610030 1.478748176 1.495953478 1.496737082 1.550299641 1.556034770 1.568748609 1.784066002 1.798927838 1.767333887 1.420222105 1.489727621 1.487174178 1.519359154 1.491067214 1.320909580 1.285599403 1.393034544 1.403396967 1.412477012 1.357059434 1.415356224 1.413955825 1.453339722 1.377338010 1.395588026 1.383075930 1.384838834 1.422273821 1.487041280 1.436415775 1.434071241 1.412658418 1.406930575 1.480199462 1.505359259 2.429384802 
1     1.147730128 1.143114102 1.181707885 1.173186011 0.000000000 0.378566869 1.326805663 1.255553631 1.210610607 1.214570301 1.212086630 1.253806207 1.131144130 1.266403613 1.268853704 1.262991849 1.280197152 1.280980756 1.334543315 1.340278444 1.352992283 1.563736240 1.578598076 1.547004125 1.200524920 1.270139219 1.267585777 1.299770753 1.271478813 1.100217092 1.064906915 1.173543145 1.183905568 1.192985613 1.137568035 1.194837544 1.193437145 1.232821042 1.156819330 1.176990181 1.164478085 1.166240989 1.203675976 1.268635829 1.218046098 1.215701565 1.194288742 1.188560898 1.261420508 1.286580306 2.203193693 
6     1.126125369 1.121509343 1.160103126 1.151581252 0.378566869 0.000000000 1.304917701 1.233665670 1.188722645 1.192682340 1.190198669 1.231918245 1.109256169 1.244515651 1.246965743 1.241103888 1.258309190 1.259092794 1.312655354 1.318390482 1.331104322 1.541848278 1.556710115 1.525116163 1.178636958 1.248251258 1.245697815 1.277882791 1.249590851 1.078329131 1.043018954 1.151655184 1.162017607 1.171097651 1.115680074 1.172949583 1.171549184 1.210933080 1.134931368 1.155102220 1.142590123 1.144353028 1.181788015 1.246747868 1.196158137 1.193813603 1.172400780 1.166672937 1.239532547 1.264692344 2.181371788 
26     1.515852226 1.511236201 1.549903342 1.541381468 1.326805663 1.304917701 0.000000000 1.005435351 0.959354997 0.963314692 0.960528575 1.118715325 0.997779888 1.133515003 1.135965094 1.129890248 1.146666418 1.147699178 1.201261737 1.208560035 1.220366168 1.566627521 1.581489357 1.549895406 1.230213527 1.300167235 1.297613792 1.329798768 1.301649308 1.128514931 1.093229895 1.197638838 1.208001262 1.217081306 1.161703918 1.220562081 1.219337066 1.258793529 1.182557553 1.203061170 1.190549073 1.192311978 1.229646973 1.294150836 1.242545918 1.240201384 1.218015228 1.212287385 1.287553804 1.312713602 2.472142153 
11     1.443634089 1.439018063 1.477693324 1.469171450 1.255553631 1.233665670 1.005435351 0.000000000 0.583095726 0.586979150 0.585257366 1.046438041 0.923519529 1.060717944 1.063168036 1.057093190 1.073891917 1.074919367 1.128481927 1.134226911 1.147471745 1.491856850 1.506718686 1.475124735 1.158279115 1.228232823 1.225679380 1.257864356 1.229714896 1.056880461 1.021595425 1.126089887 1.136452310 1.145532355 1.090027027 1.148915094 1.147722072 1.187178534 1.110943717 1.132498345 1.119986249 1.121749153 1.159084149 1.222465066 1.172142497 1.169797963 1.147610072 1.141882229 1.215845502 1.241005299 2.399783110 
10     1.398678901 1.394062875 1.432738136 1.424216262 1.210610607 1.188722645 0.959354997 0.583095726 0.000000000 0.127557806 0.270992842 1.001432636 0.878511087 1.014880828 1.017330920 1.011256074 1.028054801 1.029082251 1.082644811 1.088389795 1.101634629 1.445907510 1.460769346 1.429175395 1.114218370 1.184172078 1.181618636 1.213803612 1.185654152 1.012740944 0.977455908 1.081950370 1.092312794 1.101392838 1.045887510 1.104775577 1.103582555 1.143039018 1.066804200 1.088259280 1.075747184 1.077510088 1.114845084 1.178228090 1.127903431 1.125558897 1.103371007 1.097643163 1.171608526 1.196768324 2.355237787 
38     1.402638595 1.398022569 1.436697830 1.428175956 1.214570301 1.192682340 0.963314692 0.586979150 0.127557806 0.000000000 0.273993861 1.005392330 0.882470781 1.018840523 1.021290614 1.015215768 1.032014495 1.033041946 1.086604505 1.092349489 1.105594323 1.449867204 1.464729040 1.433135089 1.118178065 1.188131773 1.185578330 1.217763306 1.189613846 1.016700638 0.981415603 1.085910064 1.096272488 1.105352532 1.049847205 1.108735271 1.107542249 1.146998712 1.070763894 1.092218974 1.079706878 1.081469783 1.118804778 1.182187785 1.131863126 1.129518592 1.107330701 1.101602858 1.175568221 1.200728018 2.359197481 
43     1.400154924 1.395538898 1.434214160 1.425692285 1.212086630 1.190198669 0.960528575 0.585257366 0.270992842 0.273993861 0.000000000 1.002837325 0.879915777 1.016285518 1.018735609 1.012660764 1.029459491 1.030486941 1.084049500 1.089794485 1.103039319 1.447383533 1.462245370 1.430651418 1.115694394 1.185648102 1.183094660 1.215279635 1.187130175 1.014216968 0.978931932 1.083426394 1.093788817 1.102868861 1.047363534 1.106251601 1.105058579 1.144515041 1.068280224 1.089735304 1.077223207 1.078986112 1.116321108 1.179704114 1.129379455 1.127034921 1.104847030 1.099119187 1.173084550 1.198244347 2.356713810 
21     1.444047291 1.439431265 1.478098407 1.469576532 1.253806207 1.231918245 1.118715325 1.046438041 1.001432636 1.005392330 1.002837325 0.000000000 0.716694117 0.854806557 0.857133523 0.851529643 0.867894378 0.867258753 0.920891567 0.928912884 0.939989126 1.495063096 1.509924932 1.478330981 1.148263308 1.218217689 1.215664247 1.247849222 1.219689071 1.049083990 1.013798955 1.116825977 1.127188400 1.136268445 1.080849727 1.138734119 1.137641626 1.177098089 1.101235859 1.121867624 1.109355528 1.111118432 1.148553419 1.212184496 1.162089248 1.159744714 1.137558558 1.131830715 1.203872353 1.229032150 2.397368512 
29     1.321315916 1.316699890 1.355367031 1.346845157 1.131144130 1.109256169 0.997779888 0.923519529 0.878511087 0.882470781 0.879915777 0.716694117 0.000000000 0.737633757 0.740115144 0.734468420 0.750015722 0.749921891 0.803384314 0.809375985 0.822907036 1.371557586 1.386419423 1.354825471 1.025148615 1.095102996 1.092549554 1.124734529 1.096574378 0.926098192 0.890813157 0.993887438 1.004249861 1.013329906 0.957911188 1.015793839 1.014701346 1.054157809 0.978295579 0.997970194 0.985458097 0.987221002 1.024655989 1.088315179 1.038365528 1.036020994 1.013834838 1.008106994 1.081126865 1.106286663 2.274737779 
18     1.456630697 1.452014671 1.490681813 1.482159939 1.266403613 1.244515651 1.133515003 1.060717944 1.014880828 1.018840523 1.016285518 0.854806557 0.737633757 0.000000000 0.144123965 0.304132563 0.513585806 0.511505350 0.568937820 0.574134184 0.590385312 1.505494076 1.520355912 1.488761960 1.161901921 1.231856301 1.229302859 1.261487835 1.233327683 1.063527954 1.028242919 1.131314790 1.141677214 1.150757258 1.095338540 1.153221191 1.152128699 1.191585161 1.115722932 1.136609434 1.124097338 1.125860242 1.163295229 1.227126271 1.177091317 1.174746783 1.152560627 1.146832784 1.218838619 1.243998416 2.409969424 
47     1.459080789 1.454464763 1.493131904 1.484610030 1.268853704 1.246965743 1.135965094 1.063168036 1.017330920 1.021290614 1.018735609 0.857133523 0.740115144 0.144123965 0.000000000 0.304660196 0.517091675 0.516713001 0.572070316 0.577352144 0.595410901 1.507944167 1.522806003 1.491212052 1.164352012 1.234306393 1.231752950 1.263937926 1.235777775 1.065978046 1.030693010 1.133764882 1.144127305 1.153207350 1.097788632 1.155671283 1.154578790 1.194035253 1.118173023 1.139059526 1.126547429 1.128310334 1.165745321 1.229576362 1.179541409 1.177196875 1.155010719 1.149282875 1.221288710 1.246448508 2.412419515 
15     1.453218934 1.448602908 1.487270050 1.478748176 1.262991849 1.241103888 1.129890248 1.057093190 1.011256074 1.015215768 1.012660764 0.851529643 0.734468420 0.304132563 0.304660196 0.000000000 0.506701446 0.507263352 0.561638645 0.566313287 0.586231343 1.502106495 1.516968331 1.485374380 1.158442210 1.228396591 1.225843148 1.258028124 1.229867973 1.060068244 1.024783209 1.127855080 1.138217503 1.147297548 1.091878830 1.149761481 1.148668988 1.188125451 1.112263221 1.133149724 1.120637627 1.122400532 1.159835519 1.223666560 1.173631607 1.171287073 1.149100917 1.143373073 1.215378909 1.240538706 2.406557661 
36     1.470424236 1.465808211 1.504475352 1.495953478 1.280197152 1.258309190 1.146666418 1.073891917 1.028054801 1.032014495 1.029459491 0.867894378 0.750015722 0.513585806 0.517091675 0.506701446 0.000000000 0.385017709 0.438627291 0.452752892 0.569997277 1.520088784 1.534950621 1.503356669 1.175745452 1.245699832 1.243146390 1.275331366 1.247171215 1.077385282 1.042100247 1.145172118 1.155534542 1.164614586 1.109195868 1.167078519 1.165986026 1.205442489 1.129580259 1.150452966 1.137940869 1.139703774 1.177138761 1.240969802 1.190934849 1.188590315 1.166404159 1.160676315 1.232682150 1.257841948 2.423569636 
12     1.471207841 1.466591815 1.505258956 1.496737082 1.280980756 1.259092794 1.147699178 1.074919367 1.029082251 1.033041946 1.030486941 0.867258753 0.749921891 0.511505350 0.516713001 0.507263352 0.385017709 0.000000000 0.340223523 0.456042016 0.568239572 1.520335014 1.535196851 1.503602899 1.176010894 1.245965274 1.243411832 1.275596808 1.247436656 1.077631512 1.042346477 1.145418348 1.155780772 1.164860816 1.109442098 1.167324749 1.166232256 1.205688719 1.129826490 1.150718408 1.138206311 1.139969216 1.177404203 1.241235244 1.191200291 1.188855757 1.166669600 1.160941757 1.232947592 1.258107390 2.424546567 
42     1.524770400 1.520154374 1.558821515 1.550299641 1.334543315 1.312655354 1.201261737 1.128481927 1.082644811 1.086604505 1.084049500 0.920891567 0.803384314 0.568937820 0.572070316 0.561638645 0.438627291 0.340223523 0.000000000 0.510118464 0.625359579 1.573897574 1.588759410 1.557165459 1.229573453 1.299527834 1.296974391 1.329159367 1.300999216 1.131194071 1.095909036 1.198980907 1.209343331 1.218423375 1.163004657 1.220887308 1.219794816 1.259251278 1.183389049 1.204280967 1.191768870 1.193531775 1.230966762 1.294797803 1.244762850 1.242418316 1.220232160 1.214504316 1.286510151 1.311669949 2.478109126 
8     1.530505528 1.525889502 1.564556644 1.556034770 1.340278444 1.318390482 1.208560035 1.134226911 1.088389795 1.092349489 1.089794485 0.928912884 0.809375985 0.574134184 0.577352144 0.566313287 0.452752892 0.456042016 0.510118464 0.000000000 0.632398825 1.579292331 1.594154168 1.562560216 1.234970100 1.304924480 1.302371038 1.334556014 1.306395863 1.136609930 1.101324895 1.204396766 1.214759189 1.223839234 1.168420516 1.226303167 1.225210674 1.264667137 1.188804907 1.209677614 1.197165517 1.198928422 1.236363409 1.300194450 1.250159497 1.247814963 1.225628806 1.219900963 1.291906798 1.317066596 2.484443881 
37     1.543219368 1.538603342 1.577270483 1.568748609 1.352992283 1.331104322 1.220366168 1.147471745 1.101634629 1.105594323 1.103039319 0.939989126 0.822907036 0.590385312 0.595410901 0.586231343 0.569997277 0.568239572 0.625359579 0.632398825 0.000000000 1.592324439 1.607186275 1.575592324 1.247780993 1.317735374 1.315181931 1.347366907 1.319206756 1.149407027 1.114121992 1.217216382 1.227578805 1.236658849 1.181240132 1.239100264 1.238030290 1.277486752 1.201624523 1.222488507 1.209976410 1.211739315 1.249174302 1.313005343 1.262970390 1.260625856 1.238439700 1.232711856 1.304717692 1.329877489 2.496558094 
25     1.758536760 1.753920735 1.792587876 1.784066002 1.563736240 1.541848278 1.566627521 1.491856850 1.445907510 1.449867204 1.447383533 1.495063096 1.371557586 1.505494076 1.507944167 1.502106495 1.520088784 1.520335014 1.573897574 1.579292331 1.592324439 0.000000000 0.305871625 0.486740057 1.463610892 1.533064631 1.530511189 1.562696164 1.534539563 1.370707404 1.335422369 1.438627930 1.448990354 1.458070398 1.402693010 1.462672135 1.461182926 1.500639389 1.424665399 1.445000004 1.432487907 1.434250812 1.471923974 1.534966213 1.484765569 1.482421036 1.460639515 1.454911672 1.527231027 1.552390825 2.716506648 
45     1.773398597 1.768782571 1.807449712 1.798927838 1.578598076 1.556710115 1.581489357 1.506718686 1.460769346 1.464729040 1.462245370 1.509924932 1.386419423 1.520355912 1.522806003 1.516968331 1.534950621 1.535196851 1.588759410 1.594154168 1.607186275 0.305871625 0.000000000 0.501989529 1.478472728 1.547926467 1.545373025 1.577558001 1.549401400 1.385569241 1.350284205 1.453489766 1.463852190 1.472932234 1.417554846 1.477533971 1.476044762 1.515501225 1.439527235 1.459861840 1.447349744 1.449112648 1.486785810 1.549828049 1.499627406 1.497282872 1.475501351 1.469773508 1.542092863 1.567252661 2.731368484 
35     1.741804645 1.737188620 1.775855761 1.767333887 1.547004125 1.525116163 1.549895406 1.475124735 1.429175395 1.433135089 1.430651418 1.478330981 1.354825471 1.488761960 1.491212052 1.485374380 1.503356669 1.503602899 1.557165459 1.562560216 1.575592324 0.486740057 0.501989529 0.000000000 1.446878777 1.516332516 1.513779074 1.545964049 1.517807448 1.353975289 1.318690254 1.421895815 1.432258239 1.441338283 1.385960895 1.445940020 1.444450811 1.483907274 1.407933284 1.428267889 1.415755792 1.417518697 1.455191859 1.518234098 1.468033454 1.465688921 1.443907400 1.438179557 1.510498912 1.535658710 2.699774533 
32     1.394692863 1.390076837 1.428743979 1.420222105 1.200524920 1.178636958 1.230213527 1.158279115 1.114218370 1.118178065 1.115694394 1.148263308 1.025148615 1.161901921 1.164352012 1.158442210 1.175745452 1.176010894 1.229573453 1.234970100 1.247780993 1.463610892 1.478472728 1.446878777 0.000000000 0.404243179 0.401181590 0.428694733 0.495755780 0.831493423 0.796481765 0.907828188 0.918190611 0.927270656 0.872078222 0.929537486 0.928447745 0.967733202 0.891111034 0.908906070 0.896381735 0.898156878 0.936089104 1.004933612 0.952233483 0.949888949 0.928061990 0.922334147 0.992155713 1.017315511 2.352455421 
34     1.464198379 1.459582353 1.498249495 1.489727621 1.270139219 1.248251258 1.300167235 1.228232823 1.184172078 1.188131773 1.185648102 1.218217689 1.095102996 1.231856301 1.234306393 1.228396591 1.245699832 1.245965274 1.299527834 1.304924480 1.317735374 1.533064631 1.547926467 1.516332516 0.404243179 0.000000000 0.137320544 0.258893397 0.562207558 0.901368645 0.866356987 0.977056777 0.987419200 0.996499245 0.941306811 0.998766076 0.997676334 1.036961791 0.960339623 0.978562535 0.966038199 0.967813343 1.005745569 1.074590077 1.021915132 1.019570598 0.997718455 0.991990612 1.061811607 1.086971405 2.422033978 
46     1.461644937 1.457028911 1.495696052 1.487174178 1.267585777 1.245697815 1.297613792 1.225679380 1.181618636 1.185578330 1.183094660 1.215664247 1.092549554 1.229302859 1.231752950 1.225843148 1.243146390 1.243411832 1.296974391 1.302371038 1.315181931 1.530511189 1.545373025 1.513779074 0.401181590 0.137320544 0.000000000 0.261366070 0.559505940 0.898815202 0.863803545 0.974503335 0.984865758 0.993945802 0.938753369 0.996212633 0.995122891 1.034408349 0.957786181 0.976009092 0.963484757 0.965259900 1.003192126 1.072036635 1.019361689 1.017017156 0.995165013 0.989437170 1.059258165 1.084417962 2.419480536 
48     1.493829913 1.489213887 1.527881028 1.519359154 1.299770753 1.277882791 1.329798768 1.257864356 1.213803612 1.217763306 1.215279635 1.247849222 1.124734529 1.261487835 1.263937926 1.258028124 1.275331366 1.275596808 1.329159367 1.334556014 1.347366907 1.562696164 1.577558001 1.545964049 0.428694733 0.258893397 0.261366070 0.000000000 0.593026823 0.930990508 0.895978851 1.006667922 1.017030345 1.026110390 0.970917956 1.028377221 1.027287479 1.066572936 0.989950768 1.008095164 0.995570828 0.997345972 1.035278198 1.104138200 1.051463255 1.049118721 1.027266578 1.021538735 1.091422752 1.116582550 2.451665512 
41     1.465537972 1.460921947 1.499589088 1.491067214 1.271478813 1.249590851 1.301649308 1.229714896 1.185654152 1.189613846 1.187130175 1.219689071 1.096574378 1.233327683 1.235777775 1.229867973 1.247171215 1.247436656 1.300999216 1.306395863 1.319206756 1.534539563 1.549401400 1.517807448 0.495755780 0.562207558 0.559505940 0.593026823 0.000000000 0.902202623 0.867190966 0.978073477 0.988435900 0.997515945 0.942323511 0.999801515 0.998711773 1.037997231 0.961375062 0.979259176 0.966734841 0.968509984 1.006442210 1.075361033 1.022675597 1.020331063 0.998478921 0.992751077 1.062513823 1.087673620 2.423373572 
49     1.295380338 1.290764312 1.329431454 1.320909580 1.100217092 1.078329131 1.128514931 1.056880461 1.012740944 1.016700638 1.014216968 1.049083990 0.926098192 1.063527954 1.065978046 1.060068244 1.077385282 1.077631512 1.131194071 1.136609930 1.149407027 1.370707404 1.385569241 1.353975289 0.831493423 0.901368645 0.898815202 0.930990508 0.902202623 0.000000000 0.244288314 0.723351437 0.733713861 0.742804959 0.686650682 0.748182615 0.745250856 0.784064899 0.708064350 0.803399382 0.790874928 0.792650190 0.830480796 0.901018569 0.850949037 0.848604503 0.826679318 0.820951474 0.891309153 0.916498702 2.253030448 
40     1.260070162 1.255454136 1.294121277 1.285599403 1.064906915 1.043018954 1.093229895 1.021595425 0.977455908 0.981415603 0.978931932 1.013798955 0.890813157 1.028242919 1.030693010 1.024783209 1.042100247 1.042346477 1.095909036 1.101324895 1.114121992 1.335422369 1.350284205 1.318690254 0.796481765 0.866356987 0.863803545 0.895978851 0.867190966 0.244288314 0.000000000 0.688111564 0.698473988 0.707565086 0.651410809 0.712983924 0.710069926 0.748883969 0.672883421 0.767857961 0.755333507 0.757108769 0.794939375 0.865477149 0.815407616 0.813063083 0.791137897 0.785410053 0.855767732 0.880957281 2.217720271 
16     1.367505302 1.362889276 1.401556418 1.393034544 1.173543145 1.151655184 1.197638838 1.126089887 1.081950370 1.085910064 1.083426394 1.116825977 0.993887438 1.131314790 1.133764882 1.127855080 1.145172118 1.145418348 1.198980907 1.204396766 1.217216382 1.438627930 1.453489766 1.421895815 0.907828188 0.977056777 0.974503335 1.006667922 0.978073477 0.723351437 0.688111564 0.000000000 0.177576013 0.187770720 0.347944096 0.719825503 0.716349993 0.756411174 0.682045360 0.872965697 0.860440932 0.862216505 0.900018485 0.968344203 0.918129382 0.915784848 0.894027168 0.888299324 0.959028671 0.984218220 2.325874122 
44     1.377867726 1.373251700 1.411918841 1.403396967 1.183905568 1.162017607 1.208001262 1.136452310 1.092312794 1.096272488 1.093788817 1.127188400 1.004249861 1.141677214 1.144127305 1.138217503 1.155534542 1.155780772 1.209343331 1.214759189 1.227578805 1.448990354 1.463852190 1.432258239 0.918190611 0.987419200 0.984865758 1.017030345 0.988435900 0.733713861 0.698473988 0.177576013 0.000000000 0.174860584 0.359114752 0.730156325 0.726819569 0.766880750 0.692384364 0.883328121 0.870803356 0.872578929 0.910380908 0.978706627 0.928491805 0.926147271 0.904389591 0.898661748 0.969391095 0.994580643 2.336236545 
24     1.386947770 1.382331744 1.420998886 1.412477012 1.192985613 1.171097651 1.217081306 1.145532355 1.101392838 1.105352532 1.102868861 1.136268445 1.013329906 1.150757258 1.153207350 1.147297548 1.164614586 1.164860816 1.218423375 1.223839234 1.236658849 1.458070398 1.472932234 1.441338283 0.927270656 0.996499245 0.993945802 1.026110390 0.997515945 0.742804959 0.707565086 0.187770720 0.174860584 0.000000000 0.368002651 0.739386170 0.736041233 0.776102414 0.701606028 0.892408165 0.879883400 0.881658973 0.919460953 0.987786671 0.937571850 0.935227316 0.913469636 0.907741792 0.978471139 1.003660688 2.345316590 
9     1.331530192 1.326914166 1.365581308 1.357059434 1.137568035 1.115680074 1.161703918 1.090027027 1.045887510 1.049847205 1.047363534 1.080849727 0.957911188 1.095338540 1.097788632 1.091878830 1.109195868 1.109442098 1.163004657 1.168420516 1.181240132 1.402693010 1.417554846 1.385960895 0.872078222 0.941306811 0.938753369 0.970917956 0.942323511 0.686650682 0.651410809 0.347944096 0.359114752 0.368002651 0.000000000 0.684711351 0.681610530 0.721467178 0.646915798 0.837229441 0.824704676 0.826480249 0.864282229 0.932600203 0.882385381 0.880040847 0.858283167 0.852555324 0.923284671 0.948474219 2.289899012 
20     1.389826983 1.385210957 1.423878098 1.415356224 1.194837544 1.172949583 1.220562081 1.148915094 1.104775577 1.108735271 1.106251601 1.138734119 1.015793839 1.153221191 1.155671283 1.149761481 1.167078519 1.167324749 1.220887308 1.226303167 1.239100264 1.462672135 1.477533971 1.445940020 0.929537486 0.998766076 0.996212633 1.028377221 0.999801515 0.748182615 0.712983924 0.719825503 0.730156325 0.739386170 0.684711351 0.000000000 0.545381634 0.587750329 0.516442317 0.901137111 0.888612346 0.890387919 0.928189898 0.995865711 0.945247593 0.942903059 0.921187179 0.915459336 0.986275516 1.011465064 2.348708271 
13     1.388426584 1.383810558 1.422477699 1.413955825 1.193437145 1.171549184 1.219337066 1.147722072 1.103582555 1.107542249 1.105058579 1.137641626 1.014701346 1.152128699 1.154578790 1.148668988 1.165986026 1.166232256 1.219794816 1.225210674 1.238030290 1.461182926 1.476044762 1.444450811 0.928447745 0.997676334 0.995122891 1.027287479 0.998711773 0.745250856 0.710069926 0.716349993 0.726819569 0.736041233 0.681610530 0.545381634 0.000000000 0.395923989 0.512970106 0.898812326 0.886287561 0.888063135 0.925893692 0.993849015 0.943244666 0.940900132 0.919184253 0.913456409 0.984274193 1.009463741 2.347296645 
27     1.427810480 1.423194454 1.461861596 1.453339722 1.232821042 1.210933080 1.258793529 1.187178534 1.143039018 1.146998712 1.144515041 1.177098089 1.054157809 1.191585161 1.194035253 1.188125451 1.205442489 1.205688719 1.259251278 1.264667137 1.277486752 1.500639389 1.515501225 1.483907274 0.967733202 1.036961791 1.034408349 1.066572936 1.037997231 0.784064899 0.748883969 0.756411174 0.766880750 0.776102414 0.721467178 0.587750329 0.395923989 0.000000000 0.554860864 0.937708638 0.925183873 0.926959447 0.964790004 1.032745327 0.982140978 0.979796444 0.958080565 0.952352721 1.023170505 1.048360053 2.386680541 
30     1.351808768 1.347192742 1.385859884 1.377338010 1.156819330 1.134931368 1.182557553 1.110943717 1.066804200 1.070763894 1.068280224 1.101235859 0.978295579 1.115722932 1.118173023 1.112263221 1.129580259 1.129826490 1.183389049 1.188804907 1.201624523 1.424665399 1.439527235 1.407933284 0.891111034 0.960339623 0.957786181 0.989950768 0.961375062 0.708064350 0.672883421 0.682045360 0.692384364 0.701606028 0.646915798 0.516442317 0.512970106 0.554860864 0.000000000 0.862274066 0.849749301 0.851524874 0.889326854 0.956897331 0.905846707 0.903502173 0.881786294 0.876058450 0.946974372 0.972163921 2.310690056 
14     1.370058785 1.365442759 1.404109900 1.395588026 1.176990181 1.155102220 1.203061170 1.132498345 1.088259280 1.092218974 1.089735304 1.121867624 0.997970194 1.136609434 1.139059526 1.133149724 1.150452966 1.150718408 1.204280967 1.209677614 1.222488507 1.445000004 1.459861840 1.428267889 0.908906070 0.978562535 0.976009092 1.008095164 0.979259176 0.803399382 0.767857961 0.872965697 0.883328121 0.892408165 0.837229441 0.901137111 0.898812326 0.937708638 0.862274066 0.000000000 0.174528547 0.172879341 0.404259541 0.828077189 0.779282731 0.776938197 0.753485104 0.747781487 0.836069272 0.861279250 2.329249193 
7     1.357546688 1.352930662 1.391597804 1.383075930 1.164478085 1.142590123 1.190549073 1.119986249 1.075747184 1.079706878 1.077223207 1.109355528 0.985458097 1.124097338 1.126547429 1.120637627 1.137940869 1.138206311 1.191768870 1.197165517 1.209976410 1.432487907 1.447349744 1.415755792 0.896381735 0.966038199 0.963484757 0.995570828 0.966734841 0.790874928 0.755333507 0.860440932 0.870803356 0.879883400 0.824704676 0.888612346 0.886287561 0.925183873 0.849749301 0.174528547 0.000000000 0.107308441 0.394236833 0.815478738 0.766497403 0.764152869 0.740699776 0.734996159 0.823628746 0.848838724 2.316737096 
39     1.359309593 1.354693567 1.393360708 1.384838834 1.166240989 1.144353028 1.192311978 1.121749153 1.077510088 1.081469783 1.078986112 1.111118432 0.987221002 1.125860242 1.128310334 1.122400532 1.139703774 1.139969216 1.193531775 1.198928422 1.211739315 1.434250812 1.449112648 1.417518697 0.898156878 0.967813343 0.965259900 0.997345972 0.968509984 0.792650190 0.757108769 0.862216505 0.872578929 0.881658973 0.826480249 0.890387919 0.888063135 0.926959447 0.851524874 0.172879341 0.107308441 0.000000000 0.394601055 0.817237324 0.768255989 0.765911455 0.742458363 0.736754746 0.825315410 0.850525387 2.318500001 
33     1.396744580 1.392128554 1.430795695 1.422273821 1.203675976 1.181788015 1.229646973 1.159084149 1.114845084 1.118804778 1.116321108 1.148553419 1.024655989 1.163295229 1.165745321 1.159835519 1.177138761 1.177404203 1.230966762 1.236363409 1.249174302 1.471923974 1.486785810 1.455191859 0.936089104 1.005745569 1.003192126 1.035278198 1.006442210 0.830480796 0.794939375 0.900018485 0.910380908 0.919460953 0.864282229 0.928189898 0.925893692 0.964790004 0.889326854 0.404259541 0.394236833 0.394601055 0.000000000 0.854398798 0.805268010 0.802923476 0.779502107 0.773685594 0.861939431 0.887086575 2.355934988 
17     1.461512039 1.456896013 1.495563154 1.487041280 1.268635829 1.246747868 1.294150836 1.222465066 1.178228090 1.182187785 1.179704114 1.212184496 1.088315179 1.227126271 1.229576362 1.223666560 1.240969802 1.241235244 1.294797803 1.300194450 1.313005343 1.534966213 1.549828049 1.518234098 1.004933612 1.074590077 1.072036635 1.104138200 1.075361033 0.901018569 0.865477149 0.968344203 0.978706627 0.987786671 0.932600203 0.995865711 0.993849015 1.032745327 0.956897331 0.828077189 0.815478738 0.817237324 0.854398798 0.000000000 0.748817892 0.746801423 0.726890756 0.721559912 0.928309238 0.953320271 2.420736379 
23     1.410886534 1.406270508 1.444937649 1.436415775 1.218046098 1.196158137 1.242545918 1.172142497 1.127903431 1.131863126 1.129379455 1.162089248 1.038365528 1.177091317 1.179541409 1.173631607 1.190934849 1.191200291 1.244762850 1.250159497 1.262970390 1.484765569 1.499627406 1.468033454 0.952233483 1.021915132 1.019361689 1.051463255 1.022675597 0.850949037 0.815407616 0.918129382 0.928491805 0.937571850 0.882385381 0.945247593 0.943244666 0.982140978 0.905846707 0.779282731 0.766497403 0.768255989 0.805268010 0.748817892 0.000000000 0.105286702 0.450447113 0.445651282 0.880765579 0.905725409 2.370544236 
31     1.408542000 1.403925974 1.442593115 1.434071241 1.215701565 1.193813603 1.240201384 1.169797963 1.125558897 1.129518592 1.127034921 1.159744714 1.036020994 1.174746783 1.177196875 1.171287073 1.188590315 1.188855757 1.242418316 1.247814963 1.260625856 1.482421036 1.497282872 1.465688921 0.949888949 1.019570598 1.017017156 1.049118721 1.020331063 0.848604503 0.813063083 0.915784848 0.926147271 0.935227316 0.880040847 0.942903059 0.940900132 0.979796444 0.903502173 0.776938197 0.764152869 0.765911455 0.802923476 0.746801423 0.105286702 0.000000000 0.449157627 0.443887832 0.878408020 0.903367850 2.368199702 
28     1.387129177 1.382513151 1.421180293 1.412658418 1.194288742 1.172400780 1.218015228 1.147610072 1.103371007 1.107330701 1.104847030 1.137558558 1.013834838 1.152560627 1.155010719 1.149100917 1.166404159 1.166669600 1.220232160 1.225628806 1.238439700 1.460639515 1.475501351 1.443907400 0.928061990 0.997718455 0.995165013 1.027266578 0.998478921 0.826679318 0.791137897 0.894027168 0.904389591 0.913469636 0.858283167 0.921187179 0.919184253 0.958080565 0.881786294 0.753485104 0.740699776 0.742458363 0.779502107 0.726890756 0.450447113 0.449157627 0.000000000 0.110092231 0.858962537 0.883922367 2.346786880 
19     1.381401333 1.376785308 1.415452449 1.406930575 1.188560898 1.166672937 1.212287385 1.141882229 1.097643163 1.101602858 1.099119187 1.131830715 1.008106994 1.146832784 1.149282875 1.143373073 1.160676315 1.160941757 1.214504316 1.219900963 1.232711856 1.454911672 1.469773508 1.438179557 0.922334147 0.991990612 0.989437170 1.021538735 0.992751077 0.820951474 0.785410053 0.888299324 0.898661748 0.907741792 0.852555324 0.915459336 0.913456409 0.952352721 0.876058450 0.747781487 0.734996159 0.736754746 0.773685594 0.721559912 0.445651282 0.443887832 0.110092231 0.000000000 0.853258921 0.878155964 2.341059036 
22     1.454670220 1.450054194 1.488721336 1.480199462 1.261420508 1.239532547 1.287553804 1.215845502 1.171608526 1.175568221 1.173084550 1.203872353 1.081126865 1.218838619 1.221288710 1.215378909 1.232682150 1.232947592 1.286510151 1.291906798 1.304717692 1.527231027 1.542092863 1.510498912 0.992155713 1.061811607 1.059258165 1.091422752 1.062513823 0.891309153 0.855767732 0.959028671 0.969391095 0.978471139 0.923284671 0.986275516 0.984274193 1.023170505 0.946974372 0.836069272 0.823628746 0.825315410 0.861939431 0.928309238 0.880765579 0.878408020 0.858962537 0.853258921 0.000000000 0.376298393 2.413678323 
50     1.479830017 1.475213991 1.513881133 1.505359259 1.286580306 1.264692344 1.312713602 1.241005299 1.196768324 1.200728018 1.198244347 1.229032150 1.106286663 1.243998416 1.246448508 1.240538706 1.257841948 1.258107390 1.311669949 1.317066596 1.329877489 1.552390825 1.567252661 1.535658710 1.017315511 1.086971405 1.084417962 1.116582550 1.087673620 0.916498702 0.880957281 0.984218220 0.994580643 1.003660688 0.948474219 1.011465064 1.009463741 1.048360053 0.972163921 0.861279250 0.848838724 0.850525387 0.887086575 0.953320271 0.905725409 0.903367850 0.883922367 0.878155964 0.376298393 0.000000000 2.438838120 
0     2.403847440 2.399231415 2.437906676 2.429384802 2.203193693 2.181371788 2.472142153 2.399783110 2.355237787 2.359197481 2.356713810 2.397368512 2.274737779 2.409969424 2.412419515 2.406557661 2.423569636 2.424546567 2.478109126 2.484443881 2.496558094 2.716506648 2.731368484 2.699774533 2.352455421 2.422033978 2.419480536 2.451665512 2.423373572 2.253030448 2.217720271 2.325874122 2.336236545 2.345316590 2.289899012 2.348708271 2.347296645 2.386680541 2.310690056 2.329249193 2.316737096 2.318500001 2.355934988 2.420736379 2.370544236 2.368199702 2.346786880 2.341059036 2.413678323 2.438838120 0.000000000 
