51
4     0.000000000 0.000018260 0.013589320 0.013501460 0.124243290 0.147135250 0.257604660 0.183018980 0.230702200 0.219985020 0.240593890 0.194378990 0.156734360 0.216181390 0.222697230 0.185391120 0.251976110 0.231011980 0.266524630 0.234301250 0.214153930 0.182079070 0.189509490 0.198887190 0.165776900 0.229945340 0.231422920 0.185110810 0.182729800 0.159679770 0.152393650 0.238221030 0.220536660 0.226357700 0.193995140 0.190969010 0.243981760 0.248319690 0.110393750 0.238573200 0.178566040 0.236812790 0.184598300 0.089511570 0.243167090 0.243194050 0.238017210 0.237522790 0.201498150 0.118199760 0.265711920 
5     0.000018260 0.000000000 0.013571200 0.013483340 0.115221520 0.138876670 0.245395650 0.187668480 0.235650710 0.218234060 0.239682500 0.193866450 0.154983400 0.202920430 0.209436270 0.172130160 0.251064720 0.217751020 0.265613240 0.221040290 0.200892970 0.252994530 0.238591540 0.202592220 0.164025940 0.207778850 0.199745010 0.162944320 0.160563310 0.146418810 0.149243320 0.237309640 0.207275700 0.213096740 0.180734180 0.196084730 0.238985230 0.243180110 0.202994910 0.234206000 0.171554360 0.219224960 0.182847340 0.082499890 0.236363770 0.242282660 0.227293580 0.234476260 0.249620960 0.211320620 0.227723610 
3     0.013589320 0.013571200 0.000000000 0.000413700 0.113285570 0.158623710 0.264622540 0.243489070 0.247498420 0.247401420 0.247611770 0.195528930 0.229799800 0.253519750 0.256481070 0.257520110 0.258993990 0.237529600 0.265330660 0.269513440 0.248469740 0.174866280 0.182296700 0.256187040 0.237787660 0.261950490 0.237079180 0.255411950 0.262571870 0.213451370 0.170586250 0.245238910 0.245343210 0.248121520 0.237493800 0.209161610 0.250999640 0.255337570 0.128586350 0.245591080 0.243347810 0.243830670 0.253919850 0.208799910 0.250184970 0.250211930 0.245035090 0.244540670 0.219690750 0.136392360 0.292325010 
2     0.013501460 0.013483340 0.000413700 0.000000000 0.099582040 0.102980970 0.255349790 0.187846330 0.243540510 0.193628320 0.218185290 0.181255220 0.174157060 0.197877010 0.200838330 0.203161030 0.255036080 0.181886860 0.209687920 0.219526430 0.192827000 0.184972020 0.211038670 0.260691320 0.191513990 0.257992580 0.231261090 0.249593860 0.259156380 0.177449680 0.172370360 0.241281000 0.238306570 0.244127610 0.211765050 0.210945720 0.247041730 0.251379660 0.130370460 0.241633170 0.239389900 0.239872760 0.203324060 0.139567930 0.241523260 0.245125520 0.241077180 0.206238590 0.210830050 0.138176470 0.231133060 
1     0.124243290 0.115221520 0.113285570 0.099582040 0.000000000 0.000428030 0.158373250 0.090869790 0.197294940 0.096651780 0.121208750 0.084278680 0.077180520 0.100900470 0.103861790 0.128861770 0.226674840 0.084910320 0.112711380 0.122549890 0.069592430 0.087995480 0.114062130 0.096766540 0.220746600 0.103402990 0.101305340 0.236041210 0.179861300 0.137370500 0.145896690 0.212919760 0.213024060 0.215802370 0.205174650 0.136566420 0.202034470 0.223018420 0.148549220 0.157709840 0.145549670 0.143151310 0.153008600 0.144615280 0.152093790 0.154678380 0.156298070 0.156208440 0.214459130 0.147485090 0.049268520 
6     0.147135250 0.138876670 0.158623710 0.102980970 0.000428030 0.000000000 0.161772180 0.094268720 0.208072900 0.100050710 0.124607680 0.087677610 0.080579450 0.104299400 0.107260720 0.132260700 0.219568470 0.088309250 0.116110310 0.125948820 0.099249390 0.091394410 0.117461060 0.088275480 0.193416790 0.200179100 0.192544750 0.222200170 0.182718210 0.140769430 0.149295620 0.205813390 0.205917690 0.208696000 0.198068280 0.128075360 0.190529830 0.215912050 0.140058160 0.149218780 0.148948600 0.146550240 0.180326840 0.146955470 0.155492720 0.158077310 0.107446380 0.118885110 0.217858060 0.150884020 0.220649160 
26     0.257604660 0.245395650 0.264622540 0.255349790 0.158373250 0.161772180 0.000000000 0.033485580 0.054420690 0.055576840 0.043613800 0.018652660 0.066862380 0.106804560 0.109765880 0.093049680 0.065192510 0.068720290 0.078859380 0.067329340 0.076442330 0.093899570 0.119966220 0.212263080 0.106167050 0.130899470 0.157588430 0.218205850 0.199126050 0.156635250 0.165161440 0.121504360 0.161346970 0.162930840 0.201251170 0.132231180 0.137239630 0.136503190 0.208431770 0.100782380 0.100785630 0.117297970 0.101291580 0.111153110 0.119197220 0.114547690 0.110704280 0.175473190 0.108911450 0.099343410 0.149938110 
11     0.183018980 0.187668480 0.243489070 0.187846330 0.090869790 0.094268720 0.033485580 0.000000000 0.027554120 0.005781990 0.005458910 0.022679310 0.015581150 0.039301100 0.042262420 0.067262400 0.075032200 0.023310950 0.051112010 0.060950520 0.034251090 0.017365790 0.052462760 0.107581530 0.045392780 0.070125200 0.204259880 0.193673470 0.131622590 0.089131790 0.097657980 0.060730090 0.100572700 0.102156570 0.143524000 0.071456910 0.076465360 0.075728920 0.165784730 0.040008110 0.040011360 0.056523700 0.040517310 0.050378840 0.058422950 0.053773420 0.049930010 0.093961120 0.048137180 0.010874940 0.072292400 
10     0.230702200 0.235650710 0.247498420 0.243540510 0.197294940 0.208072900 0.054420690 0.027554120 0.000000000 0.000897160 0.020478910 0.101827840 0.055893990 0.154312680 0.094859860 0.088219840 0.079921970 0.070594950 0.085295660 0.104695390 0.088288250 0.044892150 0.173470930 0.135107890 0.072919140 0.097651560 0.210613540 0.217721080 0.214611150 0.169515190 0.172339700 0.088256450 0.128099060 0.129682930 0.186854520 0.098983270 0.103991720 0.103255280 0.185505880 0.067534470 0.067537720 0.084050060 0.068043670 0.077905200 0.085949310 0.081299780 0.077456370 0.150349000 0.075663540 0.067262820 0.099818760 
38     0.219985020 0.218234060 0.247401420 0.193628320 0.096651780 0.100050710 0.055576840 0.005781990 0.000897160 0.000000000 0.023540270 0.028461300 0.021363140 0.045083090 0.048044410 0.073044390 0.134313250 0.029092940 0.056894000 0.066732510 0.040033080 0.032178100 0.058244750 0.166862580 0.104673830 0.129406250 0.210516540 0.217624080 0.137404580 0.094913780 0.103439970 0.120011140 0.159853750 0.161437620 0.186757520 0.130737960 0.135746410 0.135009970 0.191210650 0.099289160 0.099292410 0.100694590 0.099798360 0.102158560 0.109637070 0.112221660 0.109211060 0.113751720 0.107418230 0.071851180 0.131573450 
43     0.240593890 0.239682500 0.247611770 0.218185290 0.121208750 0.124607680 0.043613800 0.005458910 0.020478910 0.023540270 0.000000000 0.053018270 0.045412940 0.069640060 0.072601380 0.097601360 0.139661330 0.053649910 0.081450970 0.091289480 0.064590050 0.056735070 0.082801720 0.172210660 0.110021910 0.134754330 0.171635090 0.217834430 0.161961550 0.119470750 0.127996940 0.125359220 0.165201830 0.166785700 0.186967870 0.136086040 0.141094490 0.140358050 0.191421000 0.104637240 0.104640490 0.121152830 0.105146440 0.115007970 0.123052080 0.118402550 0.114559140 0.138308690 0.112766310 0.129585340 0.136921530 
21     0.194378990 0.193866450 0.195528930 0.181255220 0.084278680 0.087677610 0.018652660 0.022679310 0.101827840 0.028461300 0.053018270 0.000000000 0.008234860 0.032707070 0.035668390 0.018877290 0.000734420 0.016716920 0.014401290 0.002871250 0.011984240 0.019802160 0.045868810 0.181725070 0.042478020 0.067210440 0.208019980 0.150107800 0.103307630 0.082540680 0.091066870 0.057815330 0.097657940 0.099241810 0.159312190 0.068542150 0.073550600 0.072814160 0.095843080 0.037093350 0.037096600 0.053608940 0.037602550 0.047464080 0.055508190 0.050858660 0.047015250 0.101378620 0.045222420 0.092655270 0.086249080 
29     0.156734360 0.154983400 0.229799800 0.174157060 0.077180520 0.080579450 0.066862380 0.015581150 0.055893990 0.021363140 0.045412940 0.008234860 0.000000000 0.025608910 0.028570230 0.053570210 0.094203390 0.009618760 0.037419820 0.047258330 0.020558900 0.012704000 0.038770650 0.106806130 0.110187920 0.194297320 0.193599650 0.155014970 0.117933320 0.075442520 0.083968710 0.177585740 0.177690040 0.180468350 0.114724910 0.178417420 0.183346470 0.187684400 0.156149370 0.104261240 0.083621690 0.081223330 0.122213730 0.082687300 0.090165810 0.092750400 0.094220060 0.094280460 0.141031870 0.085557110 0.218218660 
18     0.216181390 0.202920430 0.253519750 0.197877010 0.100900470 0.104299400 0.106804560 0.039301100 0.154312680 0.045083090 0.069640060 0.032707070 0.025608910 0.000000000 0.001635910 0.020455880 0.096186010 0.033338710 0.061139770 0.057118790 0.024199070 0.036423950 0.062490600 0.205940590 0.213429710 0.222314450 0.221616780 0.218515640 0.141653270 0.099162470 0.107688660 0.205602870 0.194907690 0.200728730 0.168366170 0.183716720 0.211363600 0.215701530 0.190626900 0.127981190 0.107341640 0.104943280 0.203723130 0.106407250 0.113885760 0.116470350 0.118090040 0.118000410 0.176251100 0.109277060 0.278203110 
47     0.222697230 0.209436270 0.256481070 0.200838330 0.103861790 0.107260720 0.109765880 0.042262420 0.094859860 0.048044410 0.072601380 0.035668390 0.028570230 0.001635910 0.000000000 0.024304370 0.069018280 0.026202650 0.064101090 0.053033260 0.026885530 0.039385270 0.065451920 0.217338190 0.209552430 0.223036380 0.222338710 0.225031480 0.144614590 0.102123790 0.110649980 0.206324800 0.201423530 0.207244570 0.174882010 0.190232560 0.212085530 0.216423460 0.197142740 0.130942510 0.110302960 0.107904600 0.204676960 0.109368570 0.116847080 0.119431670 0.121051360 0.120961730 0.176132110 0.112238380 0.253323490 
15     0.185391120 0.172130160 0.257520110 0.203161030 0.128861770 0.132260700 0.093049680 0.067262400 0.088219840 0.073044390 0.097601360 0.018877290 0.053570210 0.020455880 0.024304370 0.000000000 0.030179080 0.007492110 0.081597780 0.055337380 0.008174990 0.064385250 0.090451900 0.210220270 0.188684810 0.211567120 0.198311780 0.187725370 0.169614570 0.103260530 0.106085040 0.205584760 0.164117420 0.169938460 0.137575900 0.152926450 0.195826950 0.200021830 0.159836630 0.155942490 0.135302940 0.132904580 0.210362110 0.134368550 0.141847060 0.144431650 0.146051340 0.145961710 0.169492090 0.137238360 0.259008640 
36     0.251976110 0.251064720 0.258993990 0.255036080 0.226674840 0.219568470 0.065192510 0.075032200 0.079921970 0.134313250 0.139661330 0.000734420 0.094203390 0.096186010 0.069018280 0.030179080 0.000000000 0.027898700 0.014392210 0.002143570 0.011975160 0.092240050 0.222913350 0.182455790 0.043208740 0.067941160 0.178370960 0.124933550 0.226106720 0.160902720 0.184590310 0.058546050 0.098388660 0.099972530 0.181196920 0.069272870 0.074281320 0.073544880 0.202803220 0.037824070 0.037827320 0.054339660 0.038333270 0.048194800 0.056238910 0.051589380 0.047745970 0.205396960 0.045953140 0.147615890 0.086979800 
12     0.231011980 0.217751020 0.237529600 0.181886860 0.084910320 0.088309250 0.068720290 0.023310950 0.070594950 0.029092940 0.053649910 0.016716920 0.009618760 0.033338710 0.026202650 0.007492110 0.027898700 0.000000000 0.010757840 0.020688780 0.001676060 0.020433800 0.046500450 0.173958390 0.130555540 0.155287960 0.222999700 0.203246350 0.125663120 0.083172320 0.091698510 0.145892850 0.185735460 0.187319330 0.183196760 0.156619670 0.161628120 0.160891680 0.203693810 0.111991040 0.091351490 0.088953130 0.125680070 0.090417100 0.097895610 0.100480200 0.102099890 0.102010260 0.133299940 0.093286910 0.174326600 
42     0.266524630 0.265613240 0.265330660 0.209687920 0.112711380 0.116110310 0.078859380 0.051112010 0.085295660 0.056894000 0.081450970 0.014401290 0.037419820 0.061139770 0.064101090 0.081597780 0.014392210 0.010757840 0.000000000 0.003252930 0.002419990 0.048234860 0.074301510 0.196122660 0.056875610 0.081608030 0.236657630 0.224874180 0.153464180 0.110973380 0.119499570 0.072212920 0.112055530 0.113639400 0.212898610 0.082939740 0.087948190 0.087211750 0.217351740 0.051490940 0.051494190 0.068006530 0.052000140 0.061861670 0.069905780 0.065256250 0.061412840 0.129811320 0.059620010 0.121087970 0.100646670 
8     0.234301250 0.221040290 0.269513440 0.219526430 0.122549890 0.125948820 0.067329340 0.060950520 0.104695390 0.066732510 0.091289480 0.002871250 0.047258330 0.057118790 0.053033260 0.055337380 0.002143570 0.020688780 0.003252930 0.000000000 0.014111990 0.058073370 0.084140020 0.184592620 0.045345570 0.070077990 0.182001120 0.128563710 0.163302690 0.120811890 0.129338080 0.060682880 0.100525490 0.102109360 0.184827080 0.071409700 0.076418150 0.075681710 0.208746760 0.039960900 0.039964150 0.056476490 0.040470100 0.050331630 0.058375740 0.053726210 0.049882800 0.139649830 0.048089970 0.130926480 0.089116630 
37     0.214153930 0.200892970 0.248469740 0.192827000 0.069592430 0.099249390 0.076442330 0.034251090 0.088288250 0.040033080 0.064590050 0.011984240 0.020558900 0.024199070 0.026885530 0.008174990 0.011975160 0.001676060 0.002419990 0.014111990 0.000000000 0.031373940 0.057440590 0.193705610 0.054458560 0.077551220 0.075453570 0.147282240 0.136603260 0.094112460 0.102638650 0.069795870 0.109638480 0.111222350 0.166338710 0.080522690 0.085531140 0.084794700 0.101578160 0.049073890 0.049077140 0.065589480 0.049583090 0.059444620 0.067488730 0.062839200 0.058995790 0.112950400 0.057202960 0.104227050 0.084237210 
25     0.182079070 0.252994530 0.174866280 0.184972020 0.087995480 0.091394410 0.093899570 0.017365790 0.044892150 0.032178100 0.056735070 0.019802160 0.012704000 0.036423950 0.039385270 0.064385250 0.092240050 0.020433800 0.048234860 0.058073370 0.031373940 0.000000000 0.001323390 0.018937130 0.062600630 0.087333050 0.169522250 0.159954880 0.128748280 0.086257480 0.094783670 0.077937940 0.117780550 0.119364420 0.155088420 0.088664760 0.093673210 0.092936770 0.154281140 0.057215960 0.057219210 0.073731550 0.057725160 0.067586690 0.075630800 0.070981270 0.067137860 0.105095420 0.065345030 0.096372070 0.089500250 
45     0.189509490 0.238591540 0.182296700 0.211038670 0.114062130 0.117461060 0.119966220 0.052462760 0.173470930 0.058244750 0.082801720 0.045868810 0.038770650 0.062490600 0.065451920 0.090451900 0.222913350 0.046500450 0.074301510 0.084140020 0.057440590 0.001323390 0.000000000 0.027153560 0.214549810 0.268438280 0.249729610 0.234986540 0.154814930 0.112324130 0.120850320 0.262386400 0.207993220 0.226809620 0.149877820 0.209797610 0.252698110 0.234693140 0.151861250 0.141142850 0.120503300 0.118104940 0.177341480 0.119568910 0.127047420 0.129632010 0.089931940 0.101370670 0.174816320 0.122438720 0.294821380 
35     0.198887190 0.202592220 0.256187040 0.260691320 0.096766540 0.088275480 0.212263080 0.107581530 0.135107890 0.166862580 0.172210660 0.181725070 0.106806130 0.205940590 0.217338190 0.210220270 0.182455790 0.173958390 0.196122660 0.184592620 0.193705610 0.018937130 0.027153560 0.000000000 0.152816370 0.177548790 0.138897050 0.129329680 0.217614910 0.072442990 0.124953180 0.168153680 0.207996290 0.209580160 0.209234070 0.162972060 0.183888950 0.160940630 0.153701880 0.092631560 0.147434950 0.163947290 0.147940900 0.157802430 0.157143490 0.160179940 0.157353600 0.176145720 0.091975140 0.196460240 0.168020130 
32     0.165776900 0.164025940 0.237787660 0.191513990 0.220746600 0.193416790 0.106167050 0.045392780 0.072919140 0.104673830 0.110021910 0.042478020 0.110187920 0.213429710 0.209552430 0.188684810 0.043208740 0.130555540 0.056875610 0.045345570 0.054458560 0.062600630 0.214549810 0.152816370 0.000000000 0.024733240 0.031284010 0.037792060 0.006862550 0.131258480 0.140801370 0.028901810 0.068744420 0.070328290 0.086940070 0.039628630 0.044637080 0.043900640 0.150414380 0.008184650 0.008187900 0.024700240 0.008693850 0.018555380 0.026599490 0.021949960 0.018106550 0.091195300 0.016313720 0.124223520 0.057340380 
34     0.229945340 0.207778850 0.261950490 0.257992580 0.103402990 0.200179100 0.130899470 0.070125200 0.097651560 0.129406250 0.134754330 0.067210440 0.194297320 0.222314450 0.223036380 0.211567120 0.067941160 0.155287960 0.081608030 0.070077990 0.077551220 0.087333050 0.268438280 0.177548790 0.024733240 0.000000000 0.001202700 0.009361900 0.032317600 0.155088600 0.149686110 0.053634230 0.093476840 0.095060710 0.140032060 0.064361050 0.069369500 0.068633060 0.138592740 0.032917070 0.032920320 0.049432660 0.033426270 0.043287800 0.051331910 0.046682380 0.042838970 0.161200180 0.041046140 0.131678930 0.082072800 
46     0.231422920 0.199745010 0.237079180 0.231261090 0.101305340 0.192544750 0.157588430 0.204259880 0.210613540 0.210516540 0.171635090 0.208019980 0.193599650 0.221616780 0.222338710 0.198311780 0.178370960 0.222999700 0.236657630 0.182001120 0.075453570 0.169522250 0.249729610 0.138897050 0.031284010 0.001202700 0.000000000 0.012158770 0.032374480 0.080556980 0.148988440 0.150436910 0.146894420 0.173375940 0.126332060 0.118975590 0.176254060 0.147373810 0.130958390 0.140146370 0.166936910 0.157423490 0.145233850 0.137855700 0.166146810 0.166173770 0.143834350 0.160502510 0.091086240 0.089235840 0.115950120 
48     0.185110810 0.162944320 0.255411950 0.249593860 0.236041210 0.222200170 0.218205850 0.193673470 0.217721080 0.217624080 0.217834430 0.150107800 0.155014970 0.218515640 0.225031480 0.187725370 0.124933550 0.203246350 0.224874180 0.128563710 0.147282240 0.159954880 0.234986540 0.129329680 0.037792060 0.009361900 0.012158770 0.000000000 0.014823330 0.070989610 0.145803310 0.161622790 0.151382350 0.172397060 0.107419750 0.128767360 0.167606200 0.093936400 0.138529050 0.126092420 0.132922720 0.111111380 0.098921740 0.176310410 0.173254350 0.173281310 0.168104470 0.167610050 0.090521760 0.107206900 0.275405150 
41     0.182729800 0.160563310 0.262571870 0.259156380 0.179861300 0.182718210 0.199126050 0.131622590 0.214611150 0.137404580 0.161961550 0.103307630 0.117933320 0.141653270 0.144614590 0.169614570 0.226106720 0.125663120 0.153464180 0.163302690 0.136603260 0.128748280 0.154814930 0.217614910 0.006862550 0.032317600 0.032374480 0.014823330 0.000000000 0.048705220 0.057231410 0.174490940 0.174595240 0.177373550 0.152167740 0.109149050 0.165225190 0.163055910 0.090074330 0.077761780 0.057122230 0.054723870 0.096540730 0.056187840 0.063666350 0.066250940 0.067870630 0.067781000 0.103179090 0.059057650 0.271594110 
49     0.159679770 0.146418810 0.213451370 0.177449680 0.137370500 0.140769430 0.156635250 0.089131790 0.169515190 0.094913780 0.119470750 0.082540680 0.075442520 0.099162470 0.102123790 0.103260530 0.160902720 0.083172320 0.110973380 0.120811890 0.094112460 0.086257480 0.112324130 0.072442990 0.131258480 0.155088600 0.080556980 0.070989610 0.048705220 0.000000000 0.002707710 0.120645580 0.110005390 0.115826430 0.065744240 0.098420670 0.090948930 0.102600380 0.047453280 0.035270980 0.014631430 0.012233070 0.106022020 0.013697040 0.021175550 0.023760140 0.025379830 0.025290200 0.033634890 0.016566850 0.175034360 
40     0.152393650 0.149243320 0.170586250 0.172370360 0.145896690 0.149295620 0.165161440 0.097657980 0.172339700 0.103439970 0.127996940 0.091066870 0.083968710 0.107688660 0.110649980 0.106085040 0.184590310 0.091698510 0.119499570 0.129338080 0.102638650 0.094783670 0.120850320 0.124953180 0.140801370 0.149686110 0.148988440 0.145803310 0.057231410 0.002707710 0.000000000 0.090318170 0.112829900 0.083357280 0.062041730 0.101638930 0.059606940 0.096492470 0.049451910 0.031785500 0.023157620 0.020759260 0.119539110 0.022223230 0.029701740 0.032286330 0.033906020 0.033816390 0.092067080 0.025093040 0.129349200 
16     0.238221030 0.237309640 0.245238910 0.241281000 0.212919760 0.205813390 0.121504360 0.060730090 0.088256450 0.120011140 0.125359220 0.057815330 0.177585740 0.205602870 0.206324800 0.205584760 0.058546050 0.145892850 0.072212920 0.060682880 0.069795870 0.077937940 0.262386400 0.168153680 0.028901810 0.053634230 0.150436910 0.161622790 0.174490940 0.120645580 0.090318170 0.000000000 0.006717630 0.006268440 0.020241210 0.016437460 0.021445910 0.020709470 0.124052280 0.023521960 0.023525210 0.040037550 0.024031160 0.033892690 0.041936800 0.037287270 0.033443860 0.153781180 0.031651030 0.174765180 0.072677690 
44     0.220536660 0.207275700 0.245343210 0.238306570 0.213024060 0.205917690 0.161346970 0.100572700 0.128099060 0.159853750 0.165201830 0.097657940 0.177690040 0.194907690 0.201423530 0.164117420 0.098388660 0.185735460 0.112055530 0.100525490 0.109638480 0.117780550 0.207993220 0.207996290 0.068744420 0.093476840 0.146894420 0.151382350 0.174595240 0.110005390 0.112829900 0.006717630 0.000000000 0.001583870 0.045744980 0.054960870 0.059969320 0.059232880 0.114079330 0.063364570 0.063367820 0.079880160 0.063873770 0.073735300 0.081779410 0.077129880 0.073286470 0.153885480 0.071493640 0.163688850 0.112520300 
24     0.226357700 0.213096740 0.248121520 0.244127610 0.215802370 0.208696000 0.162930840 0.102156570 0.129682930 0.161437620 0.166785700 0.099241810 0.180468350 0.200728730 0.207244570 0.169938460 0.099972530 0.187319330 0.113639400 0.102109360 0.111222350 0.119364420 0.226809620 0.209580160 0.070328290 0.095060710 0.173375940 0.172397060 0.177373550 0.115826430 0.083357280 0.006268440 0.001583870 0.000000000 0.022683040 0.056544740 0.052074160 0.043483090 0.119900370 0.064948440 0.064951690 0.081464030 0.065457640 0.075319170 0.083363280 0.078713750 0.074870340 0.156663790 0.073077510 0.177647790 0.114104170 
9     0.193995140 0.180734180 0.237493800 0.211765050 0.205174650 0.198068280 0.201251170 0.143524000 0.186854520 0.186757520 0.186967870 0.159312190 0.114724910 0.168366170 0.174882010 0.137575900 0.181196920 0.183196760 0.212898610 0.184827080 0.166338710 0.155088420 0.149877820 0.209234070 0.086940070 0.140032060 0.126332060 0.107419750 0.152167740 0.065744240 0.062041730 0.020241210 0.045744980 0.022683040 0.000000000 0.076233240 0.010779410 0.051109410 0.080791780 0.131415410 0.107322770 0.142049620 0.132352470 0.138390680 0.148645260 0.151707330 0.114415430 0.134953230 0.110475620 0.111131930 0.164994890 
20     0.190969010 0.196084730 0.209161610 0.210945720 0.136566420 0.128075360 0.132231180 0.071456910 0.098983270 0.130737960 0.136086040 0.068542150 0.178417420 0.183716720 0.190232560 0.152926450 0.069272870 0.156619670 0.082939740 0.071409700 0.080522690 0.088664760 0.209797610 0.162972060 0.039628630 0.064361050 0.118975590 0.128767360 0.109149050 0.098420670 0.101638930 0.016437460 0.054960870 0.056544740 0.076233240 0.000000000 0.011533830 0.025379250 0.004811590 0.034248780 0.034252030 0.050764370 0.034757980 0.044619510 0.052663620 0.048014090 0.044170680 0.106696860 0.042377850 0.068038600 0.083404510 
13     0.243981760 0.238985230 0.250999640 0.247041730 0.202034470 0.190529830 0.137239630 0.076465360 0.103991720 0.135746410 0.141094490 0.073550600 0.183346470 0.211363600 0.212085530 0.195826950 0.074281320 0.161628120 0.087948190 0.076418150 0.085531140 0.093673210 0.252698110 0.183888950 0.044637080 0.069369500 0.176254060 0.167606200 0.165225190 0.090948930 0.059606940 0.021445910 0.059969320 0.052074160 0.010779410 0.011533830 0.000000000 0.000756720 0.036927980 0.039257230 0.039260480 0.055772820 0.039766430 0.049627960 0.057672070 0.053022540 0.049179130 0.159541910 0.047386300 0.117734030 0.088412960 
27     0.248319690 0.243180110 0.255337570 0.251379660 0.223018420 0.215912050 0.136503190 0.075728920 0.103255280 0.135009970 0.140358050 0.072814160 0.187684400 0.215701530 0.216423460 0.200021830 0.073544880 0.160891680 0.087211750 0.075681710 0.084794700 0.092936770 0.234693140 0.160940630 0.043900640 0.068633060 0.147373810 0.093936400 0.163055910 0.102600380 0.096492470 0.020709470 0.059232880 0.043483090 0.051109410 0.025379250 0.000756720 0.000000000 0.048608580 0.038520790 0.038524040 0.055036380 0.039029990 0.048891520 0.056935630 0.052286100 0.048442690 0.163879840 0.046649860 0.184863840 0.087676520 
30     0.110393750 0.202994910 0.128586350 0.130370460 0.148549220 0.140058160 0.208431770 0.165784730 0.185505880 0.191210650 0.191421000 0.095843080 0.156149370 0.190626900 0.197142740 0.159836630 0.202803220 0.203693810 0.217351740 0.208746760 0.101578160 0.154281140 0.151861250 0.153701880 0.150414380 0.138592740 0.130958390 0.138529050 0.090074330 0.047453280 0.049451910 0.124052280 0.114079330 0.119900370 0.080791780 0.004811590 0.036927980 0.048608580 0.000000000 0.087659780 0.114974450 0.090509650 0.131915470 0.057729350 0.094527320 0.131584900 0.063708000 0.101241140 0.071206960 0.079619190 0.175315230 
14     0.238573200 0.234206000 0.245591080 0.241633170 0.157709840 0.149218780 0.100782380 0.040008110 0.067534470 0.099289160 0.104637240 0.037093350 0.104261240 0.127981190 0.130942510 0.155942490 0.037824070 0.111991040 0.051490940 0.039960900 0.049073890 0.057215960 0.141142850 0.092631560 0.008184650 0.032917070 0.140146370 0.126092420 0.077761780 0.035270980 0.031785500 0.023521960 0.063364570 0.064948440 0.131415410 0.034248780 0.039257230 0.038520790 0.087659780 0.000000000 0.000003250 0.003216890 0.001263600 0.011740210 0.019784320 0.015134790 0.011291380 0.054108860 0.009498550 0.034650230 0.051955710 
7     0.178566040 0.171554360 0.243347810 0.239389900 0.145549670 0.148948600 0.100785630 0.040011360 0.067537720 0.099292410 0.104640490 0.037096600 0.083621690 0.107341640 0.110302960 0.135302940 0.037827320 0.091351490 0.051494190 0.039964150 0.049077140 0.057219210 0.120503300 0.147434950 0.008187900 0.032920320 0.166936910 0.132922720 0.057122230 0.014631430 0.023157620 0.023525210 0.063367820 0.064951690 0.107322770 0.034252030 0.039260480 0.038524040 0.114974450 0.000003250 0.000000000 0.002225940 0.001266850 0.011743460 0.019787570 0.015138040 0.011294630 0.033469310 0.009501800 0.014010680 0.051958960 
39     0.236812790 0.219224960 0.243830670 0.239872760 0.143151310 0.146550240 0.117297970 0.056523700 0.084050060 0.100694590 0.121152830 0.053608940 0.081223330 0.104943280 0.107904600 0.132904580 0.054339660 0.088953130 0.068006530 0.056476490 0.065589480 0.073731550 0.118104940 0.163947290 0.024700240 0.049432660 0.157423490 0.111111380 0.054723870 0.012233070 0.020759260 0.040037550 0.079880160 0.081464030 0.142049620 0.050764370 0.055772820 0.055036380 0.090509650 0.003216890 0.002225940 0.000000000 0.009808320 0.019477790 0.026956300 0.029540890 0.027806970 0.031070950 0.026014140 0.011612320 0.068471300 
33     0.184598300 0.182847340 0.253919850 0.203324060 0.153008600 0.180326840 0.101291580 0.040517310 0.068043670 0.099798360 0.105146440 0.037602550 0.122213730 0.203723130 0.204676960 0.210362110 0.038333270 0.125680070 0.052000140 0.040470100 0.049583090 0.057725160 0.177341480 0.147940900 0.008693850 0.033426270 0.145233850 0.098921740 0.096540730 0.106022020 0.119539110 0.024031160 0.063873770 0.065457640 0.132352470 0.034757980 0.039766430 0.039029990 0.131915470 0.001263600 0.001266850 0.009808320 0.000000000 0.012249410 0.020293520 0.015643990 0.011800580 0.075808170 0.010007750 0.089007100 0.052464910 
17     0.089511570 0.082499890 0.208799910 0.139567930 0.144615280 0.146955470 0.111153110 0.050378840 0.077905200 0.102158560 0.115007970 0.047464080 0.082687300 0.106407250 0.109368570 0.134368550 0.048194800 0.090417100 0.061861670 0.050331630 0.059444620 0.067586690 0.119568910 0.157802430 0.018555380 0.043287800 0.137855700 0.176310410 0.056187840 0.013697040 0.022223230 0.033892690 0.073735300 0.075319170 0.138390680 0.044619510 0.049627960 0.048891520 0.057729350 0.011740210 0.011743460 0.019477790 0.012249410 0.000000000 0.009660410 0.012245000 0.009612230 0.013775060 0.009220830 0.014275230 0.062326440 
23     0.243167090 0.236363770 0.250184970 0.241523260 0.152093790 0.155492720 0.119197220 0.058422950 0.085949310 0.109637070 0.123052080 0.055508190 0.090165810 0.113885760 0.116847080 0.141847060 0.056238910 0.097895610 0.069905780 0.058375740 0.067488730 0.075630800 0.127047420 0.157143490 0.026599490 0.051331910 0.166146810 0.173254350 0.063666350 0.021175550 0.029701740 0.041936800 0.081779410 0.083363280 0.148645260 0.052663620 0.057672070 0.056935630 0.094527320 0.019784320 0.019787570 0.026956300 0.020293520 0.009660410 0.000000000 0.000167100 0.004224280 0.004134650 0.027903610 0.031290080 0.070370550 
31     0.243194050 0.242282660 0.250211930 0.245125520 0.154678380 0.158077310 0.114547690 0.053773420 0.081299780 0.112221660 0.118402550 0.050858660 0.092750400 0.116470350 0.119431670 0.144431650 0.051589380 0.100480200 0.065256250 0.053726210 0.062839200 0.070981270 0.129632010 0.160179940 0.021949960 0.046682380 0.166173770 0.173281310 0.066250940 0.023760140 0.032286330 0.037287270 0.077129880 0.078713750 0.151707330 0.048014090 0.053022540 0.052286100 0.131584900 0.015134790 0.015138040 0.029540890 0.015643990 0.012245000 0.000167100 0.000000000 0.006808870 0.006719240 0.023254080 0.033874670 0.065721020 
28     0.238017210 0.227293580 0.245035090 0.241077180 0.156298070 0.107446380 0.110704280 0.049930010 0.077456370 0.109211060 0.114559140 0.047015250 0.094220060 0.118090040 0.121051360 0.146051340 0.047745970 0.102099890 0.061412840 0.049882800 0.058995790 0.067137860 0.089931940 0.157353600 0.018106550 0.042838970 0.143834350 0.168104470 0.067870630 0.025379830 0.033906020 0.033443860 0.073286470 0.074870340 0.114415430 0.044170680 0.049179130 0.048442690 0.063708000 0.011291380 0.011294630 0.027806970 0.011800580 0.009612230 0.004224280 0.006808870 0.000000000 0.000089890 0.019410670 0.035494360 0.061877610 
19     0.237522790 0.234476260 0.244540670 0.206238590 0.156208440 0.118885110 0.175473190 0.093961120 0.150349000 0.113751720 0.138308690 0.101378620 0.094280460 0.118000410 0.120961730 0.145961710 0.205396960 0.102010260 0.129811320 0.139649830 0.112950400 0.105095420 0.101370670 0.176145720 0.091195300 0.161200180 0.160502510 0.167610050 0.067781000 0.025290200 0.033816390 0.153781180 0.153885480 0.156663790 0.134953230 0.106696860 0.159541910 0.163879840 0.101241140 0.054108860 0.033469310 0.031070950 0.075808170 0.013775060 0.004134650 0.006719240 0.000089890 0.000000000 0.088147950 0.035404730 0.167918350 
22     0.201498150 0.249620960 0.219690750 0.210830050 0.214459130 0.217858060 0.108911450 0.048137180 0.075663540 0.107418230 0.112766310 0.045222420 0.141031870 0.176251100 0.176132110 0.169492090 0.045953140 0.133299940 0.059620010 0.048089970 0.057202960 0.065345030 0.174816320 0.091975140 0.016313720 0.041046140 0.091086240 0.090521760 0.103179090 0.033634890 0.092067080 0.031651030 0.071493640 0.073077510 0.110475620 0.042377850 0.047386300 0.046649860 0.071206960 0.009498550 0.009501800 0.026014140 0.010007750 0.009220830 0.027903610 0.023254080 0.019410670 0.088147950 0.000000000 0.000014330 0.060084780 
50     0.118199760 0.211320620 0.136392360 0.138176470 0.147485090 0.150884020 0.099343410 0.010874940 0.067262820 0.071851180 0.129585340 0.092655270 0.085557110 0.109277060 0.112238380 0.137238360 0.147615890 0.093286910 0.121087970 0.130926480 0.104227050 0.096372070 0.122438720 0.196460240 0.124223520 0.131678930 0.089235840 0.107206900 0.059057650 0.016566850 0.025093040 0.174765180 0.163688850 0.177647790 0.111131930 0.068038600 0.117734030 0.184863840 0.079619190 0.034650230 0.014010680 0.011612320 0.089007100 0.014275230 0.031290080 0.033874670 0.035494360 0.035404730 0.000014330 0.000000000 0.233325590 
0     0.265711920 0.227723610 0.292325010 0.231133060 0.049268520 0.220649160 0.149938110 0.072292400 0.099818760 0.131573450 0.136921530 0.086249080 0.218218660 0.278203110 0.253323490 0.259008640 0.086979800 0.174326600 0.100646670 0.089116630 0.084237210 0.089500250 0.294821380 0.168020130 0.057340380 0.082072800 0.115950120 0.275405150 0.271594110 0.175034360 0.129349200 0.072677690 0.112520300 0.114104170 0.164994890 0.083404510 0.088412960 0.087676520 0.175315230 0.051955710 0.051958960 0.068471300 0.052464910 0.062326440 0.070370550 0.065721020 0.061877610 0.167918350 0.060084780 0.233325590 0.000000000 
