51
7     0.000000000 0.219954062 0.216245359 0.164829641 0.164017654 0.165531744 0.164525503 0.163655641 0.171868083 0.176329253 0.195262956 0.183254010 0.168114019 0.215523808 0.185378199 0.176933062 0.171404700 0.179025913 0.211828925 0.201703213 0.162500833 0.169668418 0.165377252 0.169503621 0.258913186 0.284318474 0.246342691 0.244551195 0.253652908 0.205338663 0.216313493 0.229906885 0.215076552 0.213982617 0.199222823 0.194122146 0.198071585 0.229229131 0.234432235 0.222885181 0.239410859 0.280322240 0.251439627 0.252392432 0.223614243 0.224465094 0.206323975 0.233738752 0.234557446 0.254345998 0.400233284 
8     0.219954062 0.000000000 0.054750385 0.227306026 0.226096933 0.227979487 0.226568300 0.224381038 0.235748603 0.239965622 0.254693900 0.243532042 0.229787323 0.310302511 0.279150278 0.269493657 0.264221810 0.274656069 0.305328419 0.295741175 0.256672878 0.263628557 0.259205014 0.263075709 0.349790740 0.376003854 0.337124135 0.335446129 0.343827788 0.298781132 0.308906587 0.322342294 0.308263233 0.306661422 0.292366044 0.287652846 0.292870098 0.321321100 0.326785330 0.314941348 0.331947667 0.373558342 0.342242836 0.343081764 0.316599122 0.317193908 0.299324747 0.326367021 0.327185715 0.347190152 0.487532962 
1     0.216245359 0.054750385 0.000000000 0.223449544 0.222332006 0.224214427 0.222836044 0.220611969 0.232098880 0.236211332 0.252019422 0.240878229 0.227247499 0.305918270 0.276490607 0.266437406 0.261229395 0.271674331 0.302436012 0.292932944 0.253874885 0.260828845 0.256713759 0.260381670 0.348328874 0.374451536 0.335621953 0.333953566 0.342352488 0.297034038 0.307118226 0.320610678 0.306837344 0.305392717 0.291064392 0.286100816 0.291015966 0.319236455 0.324755963 0.312638320 0.329850085 0.371132586 0.339457931 0.340370435 0.314709370 0.315304157 0.297373082 0.324346317 0.325165011 0.345105178 0.485304192 
2     0.164829641 0.227306026 0.223449544 0.000000000 0.058177468 0.060648890 0.056181653 0.083567419 0.094892359 0.098220820 0.184609981 0.172641802 0.158746612 0.252778186 0.224423978 0.215251465 0.210108506 0.219194211 0.251838003 0.241792122 0.202899219 0.208632706 0.205603191 0.209463735 0.297027480 0.322527813 0.282627349 0.281101126 0.290140108 0.244048678 0.254452304 0.268057567 0.255304852 0.253449522 0.237858458 0.234030271 0.238667152 0.268092262 0.273418555 0.261828014 0.279031636 0.320399660 0.289113660 0.288783080 0.262167609 0.263271331 0.244082663 0.271732621 0.272458453 0.291611527 0.432692347 
10     0.164017654 0.226096933 0.222332006 0.058177468 0.000000000 0.022160335 0.046947916 0.083209991 0.093074914 0.096399822 0.183631285 0.172357921 0.157358153 0.252177814 0.224250565 0.214881118 0.210065639 0.219194029 0.250856659 0.240786842 0.201964210 0.207947732 0.205355569 0.209495459 0.297204966 0.322060490 0.283523697 0.281634224 0.290892520 0.243556418 0.253914781 0.267297908 0.254310952 0.252239645 0.236519968 0.231982763 0.237158212 0.265874865 0.271201633 0.259570413 0.276870207 0.316556299 0.285910150 0.286019780 0.260116320 0.261223479 0.241824257 0.269285720 0.270036327 0.290364010 0.430816224 
13     0.165531744 0.227979487 0.224214427 0.060648890 0.022160335 0.000000000 0.049680629 0.085130389 0.095205606 0.098503925 0.185285236 0.173940919 0.159711163 0.253751648 0.226163076 0.216794866 0.211979387 0.220928379 0.252576237 0.242461321 0.203649315 0.209661327 0.207064955 0.211256983 0.299009420 0.323862784 0.285199106 0.283309634 0.292567929 0.245034353 0.255530894 0.269266648 0.256493865 0.254048592 0.238236898 0.233824595 0.238823785 0.267790801 0.273117569 0.261435776 0.278889627 0.318850268 0.287554173 0.287579337 0.261698365 0.262805525 0.243599930 0.271011162 0.271868732 0.292010393 0.432430394 
9     0.164525503 0.226568300 0.222836044 0.056181653 0.046947916 0.049680629 0.000000000 0.080729167 0.092799619 0.096112326 0.183953744 0.172730315 0.158233885 0.253440205 0.225167577 0.216130158 0.211314679 0.220264070 0.251880020 0.242189114 0.203028198 0.209203082 0.206275647 0.210256342 0.300492162 0.324878735 0.285750190 0.283959090 0.293231173 0.245000552 0.255472862 0.269292534 0.256456957 0.254173468 0.238699479 0.233842163 0.239027650 0.268321027 0.273656911 0.262174532 0.279348100 0.321473092 0.289221875 0.290249678 0.262337243 0.263440965 0.244567276 0.270709778 0.271586463 0.292375888 0.431680432 
11     0.163655641 0.224381038 0.220611969 0.083567419 0.083209991 0.085130389 0.080729167 0.000000000 0.080610559 0.082456586 0.180100926 0.169376603 0.155032498 0.251317122 0.224227300 0.213951134 0.209150889 0.218246830 0.251370346 0.241057332 0.202170071 0.207931410 0.204517940 0.208972036 0.298134950 0.322752547 0.283477919 0.281247079 0.290900109 0.244257307 0.254588570 0.268498164 0.254393820 0.252222713 0.236667370 0.233422729 0.237386254 0.266843214 0.272169506 0.260333318 0.277891102 0.319821563 0.286373607 0.287585538 0.258502133 0.259543445 0.240837888 0.267586013 0.268404707 0.288541148 0.429018777 
4     0.171868083 0.235748603 0.232098880 0.094892359 0.093074914 0.095205606 0.092799619 0.080610559 0.000000000 0.050810870 0.192777675 0.181675239 0.167473333 0.259165259 0.231764447 0.222642710 0.217489680 0.226672337 0.258945492 0.248695178 0.210304897 0.215362336 0.212287713 0.216251909 0.305589607 0.331293901 0.292050158 0.289906769 0.299725604 0.252987613 0.263164296 0.276698492 0.262375432 0.260323601 0.245324201 0.241699116 0.245881875 0.276125491 0.281451783 0.269770760 0.287191311 0.329083790 0.295804385 0.295954670 0.267746155 0.268540547 0.250089643 0.277382886 0.278164223 0.298469789 0.438582603 
12     0.176329253 0.239965622 0.236211332 0.098220820 0.096399822 0.098503925 0.096112326 0.082456586 0.050810870 0.000000000 0.197184519 0.185948587 0.171477108 0.264268168 0.236705898 0.227497946 0.222344916 0.231795562 0.263875701 0.253640776 0.214893975 0.220383539 0.217407861 0.221388259 0.310826705 0.336489100 0.297111072 0.294956371 0.304780100 0.257568336 0.267886859 0.281423045 0.267090349 0.264990997 0.249831477 0.246941498 0.250422292 0.279284170 0.284580770 0.273092641 0.290565755 0.333582407 0.300629937 0.300998418 0.272598569 0.273392961 0.254860771 0.282266882 0.283045665 0.303546203 0.442474985 
5     0.195262956 0.254693900 0.252019422 0.184609981 0.183631285 0.185285236 0.183953744 0.180100926 0.192777675 0.197184519 0.000000000 0.125630647 0.112212373 0.283858093 0.255091253 0.245007580 0.240194501 0.249861616 0.282301229 0.271849496 0.233105961 0.239508954 0.236001727 0.239553980 0.326100995 0.351218027 0.312426074 0.310556365 0.320059246 0.270717756 0.281763767 0.294777614 0.282907746 0.280723765 0.265365443 0.261889113 0.264937958 0.293446011 0.298742995 0.286982135 0.305013569 0.345711801 0.315269596 0.314350139 0.288052455 0.288820023 0.271230031 0.297731293 0.298548302 0.317958723 0.466517317 
3     0.183254010 0.243532042 0.240878229 0.172641802 0.172357921 0.173940919 0.172730315 0.169376603 0.181675239 0.185948587 0.125630647 0.000000000 0.076171205 0.270272788 0.241057880 0.230175720 0.225850192 0.234200439 0.268328582 0.257831525 0.218220005 0.224551995 0.220813101 0.226296606 0.314540352 0.339579568 0.300658775 0.298617595 0.308305053 0.259620304 0.270681849 0.283734705 0.270651514 0.268663182 0.253678880 0.249253052 0.252781302 0.281471373 0.286621774 0.275069317 0.292328416 0.334341364 0.304738554 0.304884102 0.277567051 0.278300597 0.260319091 0.287576898 0.288395592 0.307800816 0.452895057 
6     0.168114019 0.229787323 0.227247499 0.158746612 0.157358153 0.159711163 0.158233885 0.155032498 0.167473333 0.171477108 0.112212373 0.076171205 0.000000000 0.258740131 0.229749436 0.219197643 0.214388156 0.224040133 0.256032823 0.245576115 0.207143922 0.213886883 0.210087690 0.214306842 0.300489039 0.325517671 0.286432302 0.284735450 0.294144966 0.245147258 0.256247102 0.268405746 0.256349460 0.254281170 0.238903515 0.235448170 0.238484636 0.268564185 0.273616092 0.262223996 0.279626223 0.320978321 0.291612606 0.291684758 0.263805200 0.264534422 0.245923986 0.272964414 0.273783108 0.293657501 0.440142206 
28     0.215523808 0.310302511 0.305918270 0.252778186 0.252177814 0.253751648 0.253440205 0.251317122 0.259165259 0.264268168 0.283858093 0.270272788 0.258740131 0.000000000 0.167243546 0.161487629 0.155975679 0.171944460 0.204759005 0.195266847 0.153945998 0.161379309 0.156010732 0.161972127 0.330439513 0.351405081 0.316021921 0.314339609 0.323562664 0.276561684 0.286967547 0.300246638 0.285088798 0.283967064 0.267327586 0.264281484 0.268862156 0.298167628 0.303124618 0.292719509 0.309245517 0.349788556 0.320621952 0.323255336 0.292554825 0.292995203 0.277018116 0.302317328 0.303136022 0.322499079 0.478742031 
31     0.185378199 0.279150278 0.276490607 0.224423978 0.224250565 0.226163076 0.225167577 0.224227300 0.231764447 0.236705898 0.255091253 0.241057880 0.229749436 0.167243546 0.000000000 0.090964856 0.085693264 0.140491164 0.173836621 0.163878000 0.123221410 0.129813073 0.125634233 0.131463451 0.298985191 0.321137711 0.284551591 0.283028690 0.292645058 0.246722502 0.257484132 0.270191222 0.255672302 0.254505693 0.238109133 0.234672957 0.239071423 0.268176445 0.273318149 0.262994252 0.279516476 0.320088251 0.289014010 0.291621050 0.260783751 0.260872023 0.244703271 0.270255758 0.271057131 0.291021845 0.448781354 
23     0.176933062 0.269493657 0.266437406 0.215251465 0.214881118 0.216794866 0.216130158 0.213951134 0.222642710 0.227497946 0.245007580 0.230175720 0.219197643 0.161487629 0.090964856 0.000000000 0.037153462 0.133131569 0.165845563 0.155959386 0.116819013 0.123047328 0.118932583 0.124422531 0.290936345 0.313377512 0.277080872 0.275556347 0.284997006 0.237732332 0.248488120 0.261340420 0.246469066 0.245292542 0.229651629 0.224578420 0.229229879 0.259749237 0.264617018 0.254407239 0.270990721 0.311056225 0.279745874 0.282931579 0.251980152 0.252099397 0.235599858 0.261000252 0.261814990 0.281544641 0.439990806 
49     0.171404700 0.264221810 0.261229395 0.210108506 0.210065639 0.211979387 0.211314679 0.209150889 0.217489680 0.222344916 0.240194501 0.225850192 0.214388156 0.155975679 0.085693264 0.037153462 0.000000000 0.128085238 0.161108165 0.151240854 0.112126647 0.118179603 0.113710432 0.119275790 0.285771659 0.308538107 0.272394389 0.270628913 0.280082601 0.232672191 0.243437379 0.256274578 0.241462901 0.240397134 0.224264033 0.220153180 0.224571076 0.255306486 0.260153403 0.249764221 0.266373697 0.306921951 0.274867626 0.277328634 0.247014508 0.247157168 0.230224799 0.255637391 0.256456085 0.276406324 0.434764984 
40     0.179025913 0.274656069 0.271674331 0.219194211 0.219194029 0.220928379 0.220264070 0.218246830 0.226672337 0.231795562 0.249861616 0.234200439 0.224040133 0.171944460 0.140491164 0.133131569 0.128085238 0.000000000 0.150136505 0.140791293 0.099006046 0.106197774 0.099630906 0.105016050 0.290425563 0.312078181 0.276113029 0.274738234 0.284235471 0.238461765 0.249158755 0.262405774 0.246980674 0.246148529 0.231439638 0.226084866 0.230896052 0.260571394 0.265582387 0.255021839 0.271583997 0.311945921 0.282582088 0.284958841 0.254805882 0.255177655 0.238070789 0.264690463 0.265564573 0.285842212 0.446981394 
33     0.211828925 0.305328419 0.302436012 0.251838003 0.250856659 0.252576237 0.251880020 0.251370346 0.258945492 0.263875701 0.282301229 0.268328582 0.256032823 0.204759005 0.173836621 0.165845563 0.161108165 0.150136505 0.000000000 0.061677391 0.126261575 0.134253630 0.128394798 0.132363489 0.324924793 0.346542171 0.310852772 0.309208455 0.318740987 0.271784926 0.281877859 0.294775814 0.280619703 0.279664379 0.263940383 0.259198516 0.264179012 0.294035337 0.299278158 0.288445199 0.304910665 0.345084705 0.315514771 0.317597935 0.286988796 0.287165021 0.271003762 0.297544693 0.298283556 0.317967407 0.481326655 
39     0.201703213 0.295741175 0.292932944 0.241792122 0.240786842 0.242461321 0.242189114 0.241057332 0.248695178 0.253640776 0.271849496 0.257831525 0.245576115 0.195266847 0.163878000 0.155959386 0.151240854 0.140791293 0.061677391 0.000000000 0.116732495 0.123914405 0.119072814 0.122899477 0.315703736 0.337331497 0.301886219 0.300242654 0.309783060 0.262965653 0.273059100 0.285542962 0.271602641 0.270446460 0.254937782 0.249921130 0.255141236 0.284455799 0.289680418 0.278608819 0.295618969 0.334725518 0.305840987 0.308301625 0.277651758 0.277885254 0.261446530 0.287968511 0.288707374 0.308405166 0.471134393 
44     0.162500833 0.256672878 0.253874885 0.202899219 0.201964210 0.203649315 0.203028198 0.202170071 0.210304897 0.214893975 0.233105961 0.218220005 0.207143922 0.153945998 0.123221410 0.116819013 0.112126647 0.099006046 0.126261575 0.116732495 0.000000000 0.075012567 0.067499661 0.073338873 0.278185481 0.299816748 0.264093641 0.262527260 0.272177002 0.224143410 0.234702468 0.247704136 0.233191057 0.232232210 0.216389218 0.211434346 0.216467347 0.244029754 0.249111763 0.239090881 0.255609403 0.296412517 0.266147548 0.269485223 0.238932475 0.238985335 0.222065643 0.248601412 0.249469636 0.268800130 0.428464624 
42     0.169668418 0.263628557 0.260828845 0.208632706 0.207947732 0.209661327 0.209203082 0.207931410 0.215362336 0.220383539 0.239508954 0.224551995 0.213886883 0.161379309 0.129813073 0.123047328 0.118179603 0.106197774 0.134253630 0.123914405 0.075012567 0.000000000 0.056162391 0.062227035 0.281230042 0.304176999 0.268033502 0.266385351 0.275912390 0.227932777 0.238274591 0.251945629 0.236985900 0.236133650 0.219779464 0.215485233 0.220386425 0.250702118 0.255387617 0.244797925 0.261978174 0.301361936 0.272645250 0.275850683 0.244837004 0.245063827 0.229047145 0.255410827 0.256229521 0.275177288 0.435270693 
48     0.165377252 0.259205014 0.256713759 0.205603191 0.205355569 0.207064955 0.206275647 0.204517940 0.212287713 0.217407861 0.236001727 0.220813101 0.210087690 0.156010732 0.125634233 0.118932583 0.113710432 0.099630906 0.128394798 0.119072814 0.067499661 0.056162391 0.000000000 0.031653879 0.278110646 0.301442881 0.265308725 0.263720371 0.273202729 0.226381242 0.236647358 0.250129992 0.235543276 0.234595505 0.218214853 0.213707508 0.218534280 0.247760413 0.252716268 0.241912297 0.259150974 0.298405775 0.270329025 0.272905994 0.241604782 0.241715523 0.225072520 0.251605879 0.252425522 0.271439402 0.433234971 
15     0.169503621 0.263075709 0.260381670 0.209463735 0.209495459 0.211256983 0.210256342 0.208972036 0.216251909 0.221388259 0.239553980 0.226296606 0.214306842 0.161972127 0.131463451 0.124422531 0.119275790 0.105016050 0.132363489 0.122899477 0.073338873 0.062227035 0.031653879 0.000000000 0.283300186 0.306625988 0.270411839 0.268823485 0.278400172 0.231008823 0.241299871 0.254882138 0.240579154 0.239623453 0.223087943 0.219004350 0.223785575 0.252924582 0.257880437 0.246799200 0.264338134 0.303304085 0.275663440 0.278305136 0.247503936 0.247614677 0.230695461 0.257204175 0.258023818 0.277349700 0.438317237 
22     0.258913186 0.349790740 0.348328874 0.297027480 0.297204966 0.299009420 0.300492162 0.298134950 0.305589607 0.310826705 0.326100995 0.314540352 0.300489039 0.330439513 0.298985191 0.290936345 0.285771659 0.290425563 0.324924793 0.315703736 0.278185481 0.281230042 0.278110646 0.283300186 0.000000000 0.178539931 0.136397828 0.135967850 0.145293387 0.231933232 0.241083973 0.258071626 0.240333800 0.239500474 0.223566557 0.220542562 0.223124747 0.286728031 0.291774775 0.280707493 0.296781920 0.337038056 0.330586678 0.332432413 0.304907754 0.305445895 0.287836571 0.314389383 0.315154539 0.336781205 0.529097779 
34     0.284318474 0.376003854 0.374451536 0.322527813 0.322060490 0.323862784 0.324878735 0.322752547 0.331293901 0.336489100 0.351218027 0.339579568 0.325517671 0.351405081 0.321137711 0.313377512 0.308538107 0.312078181 0.346542171 0.337331497 0.299816748 0.304176999 0.301442881 0.306625988 0.178539931 0.000000000 0.130304248 0.130048883 0.141083381 0.255331929 0.264808996 0.281957492 0.263928184 0.263315622 0.246597267 0.243451919 0.246546070 0.311143340 0.316091394 0.304846989 0.319468553 0.361245290 0.355630351 0.358172850 0.329998782 0.330310098 0.311597815 0.338581711 0.339398510 0.361349164 0.551278251 
38     0.246342691 0.337124135 0.335621953 0.282627349 0.283523697 0.285199106 0.285750190 0.283477919 0.292050158 0.297111072 0.312426074 0.300658775 0.286432302 0.316021921 0.284551591 0.277080872 0.272394389 0.276113029 0.310852772 0.301886219 0.264093641 0.268033502 0.265308725 0.270411839 0.136397828 0.130304248 0.000000000 0.026980774 0.049557852 0.217420623 0.226819860 0.242438947 0.225189671 0.224841949 0.208904510 0.205163049 0.207989128 0.273477513 0.278496856 0.267985926 0.281922701 0.323438930 0.318176530 0.320149175 0.292344197 0.292883939 0.274486592 0.301096986 0.301862121 0.323123461 0.512278995 
16     0.244551195 0.335446129 0.333953566 0.281101126 0.281634224 0.283309634 0.283959090 0.281247079 0.289906769 0.294956371 0.310556365 0.298617595 0.284735450 0.314339609 0.283028690 0.275556347 0.270628913 0.274738234 0.309208455 0.300242654 0.262527260 0.266385351 0.263720371 0.268823485 0.135967850 0.130048883 0.026980774 0.000000000 0.048117008 0.216512122 0.225924631 0.241587708 0.224005405 0.223641383 0.207962820 0.204085142 0.206721750 0.272591224 0.277616491 0.267026957 0.280949654 0.322373621 0.316664776 0.318843516 0.290958371 0.291498112 0.273170344 0.299784665 0.300549799 0.321435897 0.510015255 
30     0.253652908 0.343827788 0.342352488 0.290140108 0.290892520 0.292567929 0.293231173 0.290900109 0.299725604 0.304780100 0.320059246 0.308305053 0.294144966 0.323562664 0.292645058 0.284997006 0.280082601 0.284235471 0.318740987 0.309783060 0.272177002 0.275912390 0.273202729 0.278400172 0.145293387 0.141083381 0.049557852 0.048117008 0.000000000 0.225481899 0.234827233 0.250806633 0.233150458 0.232635524 0.217281637 0.213485981 0.216287487 0.281312734 0.286338001 0.275718593 0.289690637 0.331271337 0.324432294 0.326487757 0.299421572 0.299967345 0.281699503 0.308753543 0.309370866 0.330371900 0.521540039 
14     0.205338663 0.298781132 0.297034038 0.244048678 0.243556418 0.245034353 0.245000552 0.244257307 0.252987613 0.257568336 0.270717756 0.259620304 0.245147258 0.276561684 0.246722502 0.237732332 0.232672191 0.238461765 0.271784926 0.262965653 0.224143410 0.227932777 0.226381242 0.231008823 0.231933232 0.255331929 0.217420623 0.216512122 0.225481899 0.000000000 0.035430771 0.106734104 0.141431353 0.139954619 0.123952728 0.118513961 0.122872748 0.232126089 0.237303383 0.226069875 0.242268415 0.281987968 0.276834247 0.278757061 0.250185358 0.250767100 0.231533064 0.258583321 0.259429713 0.281335410 0.478746613 
17     0.216313493 0.308906587 0.307118226 0.254452304 0.253914781 0.255530894 0.255472862 0.254588570 0.263164296 0.267886859 0.281763767 0.270681849 0.256247102 0.286967547 0.257484132 0.248488120 0.243437379 0.249158755 0.281877859 0.273059100 0.234702468 0.238274591 0.236647358 0.241299871 0.241083973 0.264808996 0.226819860 0.225924631 0.234827233 0.035430771 0.000000000 0.116780923 0.152062668 0.150539067 0.133965938 0.129010816 0.133305852 0.242782712 0.248000766 0.236843630 0.252714540 0.291022449 0.286579095 0.288583628 0.260023194 0.260604935 0.241512262 0.268622822 0.269469213 0.290654961 0.489089783 
20     0.229906885 0.322342294 0.320610678 0.268057567 0.267297908 0.269266648 0.269292534 0.268498164 0.276698492 0.281423045 0.294777614 0.283734705 0.268405746 0.300246638 0.270191222 0.261340420 0.256274578 0.262405774 0.294775814 0.285542962 0.247704136 0.251945629 0.250129992 0.254882138 0.258071626 0.281957492 0.242438947 0.241587708 0.250806633 0.106734104 0.116780923 0.000000000 0.163961424 0.163430549 0.145671800 0.142298503 0.145569706 0.255650557 0.260722195 0.250304691 0.265877815 0.305787994 0.300185641 0.302551876 0.274204400 0.274632496 0.256038885 0.282889178 0.283736341 0.305345722 0.501804387 
18     0.215076552 0.308263233 0.306837344 0.255304852 0.254310952 0.256493865 0.256456957 0.254393820 0.262375432 0.267090349 0.282907746 0.270651514 0.256349460 0.285088798 0.255672302 0.246469066 0.241462901 0.246980674 0.280619703 0.271602641 0.233191057 0.236985900 0.235543276 0.240579154 0.240333800 0.263928184 0.225189671 0.224005405 0.233150458 0.141431353 0.152062668 0.163961424 0.000000000 0.041305208 0.106034528 0.126809716 0.130121590 0.242005639 0.247186967 0.234941421 0.251324059 0.291164899 0.285191798 0.286170962 0.259261715 0.259748446 0.242728333 0.270124692 0.270972068 0.290945143 0.487094859 
47     0.213982617 0.306661422 0.305392717 0.253449522 0.252239645 0.254048592 0.254173468 0.252222713 0.260323601 0.264990997 0.280723765 0.268663182 0.254281170 0.283967064 0.254505693 0.245292542 0.240397134 0.246148529 0.279664379 0.270446460 0.232232210 0.236133650 0.234595505 0.239623453 0.239500474 0.263315622 0.224841949 0.223641383 0.232635524 0.139954619 0.150539067 0.163430549 0.041305208 0.000000000 0.103976255 0.125945195 0.129297639 0.241499585 0.246648704 0.234896779 0.250965904 0.290997131 0.284584987 0.286156951 0.257986816 0.258414139 0.241347284 0.268905898 0.269526513 0.289478002 0.486025795 
35     0.199222823 0.292366044 0.291064392 0.237858458 0.236519968 0.238236898 0.238699479 0.236667370 0.245324201 0.249831477 0.265365443 0.253678880 0.238903515 0.267327586 0.238109133 0.229651629 0.224264033 0.231439638 0.263940383 0.254937782 0.216389218 0.219779464 0.218214853 0.223087943 0.223566557 0.246597267 0.208904510 0.207962820 0.217281637 0.123952728 0.133965938 0.145671800 0.106034528 0.103976255 0.000000000 0.110997159 0.113688538 0.226775587 0.231985677 0.219644284 0.236162545 0.276540244 0.270721569 0.271254714 0.244051036 0.244376212 0.226344269 0.254006046 0.254771180 0.275280685 0.470133164 
19     0.194122146 0.287652846 0.286100816 0.234030271 0.231982763 0.233824595 0.233842163 0.233422729 0.241699116 0.246941498 0.261889113 0.249253052 0.235448170 0.264281484 0.234672957 0.224578420 0.220153180 0.226084866 0.259198516 0.249921130 0.211434346 0.215485233 0.213707508 0.219004350 0.220542562 0.243451919 0.205163049 0.204085142 0.213485981 0.118513961 0.129010816 0.142298503 0.126809716 0.125945195 0.110997159 0.000000000 0.054070851 0.220052208 0.225242142 0.213537242 0.229778516 0.269261575 0.265999784 0.267123236 0.240258519 0.240531834 0.221834943 0.248283180 0.249129572 0.270315243 0.460782860 
45     0.198071585 0.292870098 0.291015966 0.238667152 0.237158212 0.238823785 0.239027650 0.237386254 0.245881875 0.250422292 0.264937958 0.252781302 0.238484636 0.268862156 0.239071423 0.229229879 0.224571076 0.230896052 0.264179012 0.255141236 0.216467347 0.220386425 0.218534280 0.223785575 0.223124747 0.246546070 0.207989128 0.206721750 0.216287487 0.122872748 0.133305852 0.145569706 0.130121590 0.129297639 0.113688538 0.054070851 0.000000000 0.223691227 0.228881162 0.216930474 0.233356095 0.272504241 0.270365599 0.271387435 0.243932362 0.244347216 0.226155220 0.252583921 0.253430313 0.274658333 0.465732441 
46     0.229229131 0.321321100 0.319236455 0.268092262 0.265874865 0.267790801 0.268321027 0.266843214 0.276125491 0.279284170 0.293446011 0.281471373 0.268564185 0.298167628 0.268176445 0.259749237 0.255306486 0.260571394 0.294035337 0.284455799 0.244029754 0.250702118 0.247760413 0.252924582 0.286728031 0.311143340 0.273477513 0.272591224 0.281312734 0.232126089 0.242782712 0.255650557 0.242005639 0.241499585 0.226775587 0.220052208 0.223691227 0.000000000 0.039033324 0.091502190 0.108816012 0.215110484 0.298863638 0.301960969 0.271508022 0.272119610 0.253548872 0.280055700 0.280926513 0.300290335 0.499894878 
29     0.234432235 0.326785330 0.324755963 0.273418555 0.271201633 0.273117569 0.273656911 0.272169506 0.281451783 0.284580770 0.298742995 0.286621774 0.273616092 0.303124618 0.273318149 0.264617018 0.260153403 0.265582387 0.299278158 0.289680418 0.249111763 0.255387617 0.252716268 0.257880437 0.291774775 0.316091394 0.278496856 0.277616491 0.286338001 0.237303383 0.248000766 0.260722195 0.247186967 0.246648704 0.231985677 0.225242142 0.228881162 0.039033324 0.000000000 0.099770455 0.115736581 0.220873321 0.304011215 0.307108546 0.276543977 0.277153504 0.258776509 0.285338583 0.286226778 0.305348653 0.505098123 
27     0.222885181 0.314941348 0.312638320 0.261828014 0.259570413 0.261435776 0.262174532 0.260333318 0.269770760 0.273092641 0.286982135 0.275069317 0.262223996 0.292719509 0.262994252 0.254407239 0.249764221 0.255021839 0.288445199 0.278608819 0.239090881 0.244797925 0.241912297 0.246799200 0.280707493 0.304846989 0.267985926 0.267026957 0.275718593 0.226069875 0.236843630 0.250304691 0.234941421 0.234896779 0.219644284 0.213537242 0.216930474 0.091502190 0.099770455 0.000000000 0.076736221 0.209435830 0.293210258 0.296297624 0.266363164 0.267003160 0.248769988 0.275345303 0.276078967 0.295472954 0.495221167 
25     0.239410859 0.331947667 0.329850085 0.279031636 0.276870207 0.278889627 0.279348100 0.277891102 0.287191311 0.290565755 0.305013569 0.292328416 0.279626223 0.309245517 0.279516476 0.270990721 0.266373697 0.271583997 0.304910665 0.295618969 0.255609403 0.261978174 0.259150974 0.264338134 0.296781920 0.319468553 0.281922701 0.280949654 0.289690637 0.242268415 0.252714540 0.265877815 0.251324059 0.250965904 0.236162545 0.229778516 0.233356095 0.108816012 0.115736581 0.076736221 0.000000000 0.225173207 0.309347603 0.312748190 0.282366143 0.283006139 0.264367479 0.290836817 0.291668981 0.310438415 0.509963697 
43     0.280322240 0.373558342 0.371132586 0.320399660 0.316556299 0.318850268 0.321473092 0.319821563 0.329083790 0.333582407 0.345711801 0.334341364 0.320978321 0.349788556 0.320088251 0.311056225 0.306921951 0.311945921 0.345084705 0.334725518 0.296412517 0.301361936 0.298405775 0.303304085 0.337038056 0.361245290 0.323438930 0.322373621 0.331271337 0.281987968 0.291022449 0.305787994 0.291164899 0.290997131 0.276540244 0.269261575 0.272504241 0.215110484 0.220873321 0.209435830 0.225173207 0.000000000 0.349503535 0.351947723 0.323917100 0.324479967 0.306006690 0.332517151 0.333553950 0.351785220 0.551153648 
26     0.251439627 0.342242836 0.339457931 0.289113660 0.285910150 0.287554173 0.289221875 0.286373607 0.295804385 0.300629937 0.315269596 0.304738554 0.291612606 0.320621952 0.289014010 0.279745874 0.274867626 0.282582088 0.315514771 0.305840987 0.266147548 0.272645250 0.270329025 0.275663440 0.330586678 0.355630351 0.318176530 0.316664776 0.324432294 0.276834247 0.286579095 0.300185641 0.285191798 0.284584987 0.270721569 0.265999784 0.270365599 0.298863638 0.304011215 0.293210258 0.309347603 0.349503535 0.000000000 0.106536704 0.248939113 0.249901890 0.231179143 0.258632639 0.259311611 0.278512061 0.520241432 
21     0.252392432 0.343081764 0.340370435 0.288783080 0.286019780 0.287579337 0.290249678 0.287585538 0.295954670 0.300998418 0.314350139 0.304884102 0.291684758 0.323255336 0.291621050 0.282931579 0.277328634 0.284958841 0.317597935 0.308301625 0.269485223 0.275850683 0.272905994 0.278305136 0.332432413 0.358172850 0.320149175 0.318843516 0.326487757 0.278757061 0.288583628 0.302551876 0.286170962 0.286156951 0.271254714 0.267123236 0.271387435 0.301960969 0.307108546 0.296297624 0.312748190 0.351947723 0.106536704 0.000000000 0.251393589 0.252411960 0.234167675 0.261811988 0.262571387 0.281674442 0.521246193 
36     0.223614243 0.316599122 0.314709370 0.262167609 0.260116320 0.261698365 0.262337243 0.258502133 0.267746155 0.272598569 0.288052455 0.277567051 0.263805200 0.292554825 0.260783751 0.251980152 0.247014508 0.254805882 0.286988796 0.277651758 0.238932475 0.244837004 0.241604782 0.247503936 0.304907754 0.329998782 0.292344197 0.290958371 0.299421572 0.250185358 0.260023194 0.274204400 0.259261715 0.257986816 0.244051036 0.240258519 0.243932362 0.271508022 0.276543977 0.266363164 0.282366143 0.323917100 0.248939113 0.251393589 0.000000000 0.026476940 0.097753814 0.124820738 0.125716172 0.154079780 0.489669201 
41     0.224465094 0.317193908 0.315304157 0.263271331 0.261223479 0.262805525 0.263440965 0.259543445 0.268540547 0.273392961 0.288820023 0.278300597 0.264534422 0.292995203 0.260872023 0.252099397 0.247157168 0.255177655 0.287165021 0.277885254 0.238985335 0.245063827 0.241715523 0.247614677 0.305445895 0.330310098 0.292883939 0.291498112 0.299967345 0.250767100 0.260604935 0.274632496 0.259748446 0.258414139 0.244376212 0.240531834 0.244347216 0.272119610 0.277153504 0.267003160 0.283006139 0.324479967 0.249901890 0.252411960 0.026476940 0.000000000 0.098991055 0.125830577 0.126732476 0.155051676 0.488898457 
24     0.206323975 0.299324747 0.297373082 0.244082663 0.241824257 0.243599930 0.244567276 0.240837888 0.250089643 0.254860771 0.271230031 0.260319091 0.245923986 0.277018116 0.244703271 0.235599858 0.230224799 0.238070789 0.271003762 0.261446530 0.222065643 0.229047145 0.225072520 0.230695461 0.287836571 0.311597815 0.274486592 0.273170344 0.281699503 0.231533064 0.241512262 0.256038885 0.242728333 0.241347284 0.226344269 0.221834943 0.226155220 0.253548872 0.258776509 0.248769988 0.264367479 0.306006690 0.231179143 0.234167675 0.097753814 0.098991055 0.000000000 0.076079461 0.077085357 0.139117524 0.476113172 
50     0.233738752 0.326367021 0.324346317 0.271732621 0.269285720 0.271011162 0.270709778 0.267586013 0.277382886 0.282266882 0.297731293 0.287576898 0.272964414 0.302317328 0.270255758 0.261000252 0.255637391 0.264690463 0.297544693 0.287968511 0.248601412 0.255410827 0.251605879 0.257204175 0.314389383 0.338581711 0.301096986 0.299784665 0.308753543 0.258583321 0.268622822 0.282889178 0.270124692 0.268905898 0.254006046 0.248283180 0.252583921 0.280055700 0.285338583 0.275345303 0.290836817 0.332517151 0.258632639 0.261811988 0.124820738 0.125830577 0.076079461 0.000000000 0.041631689 0.165250759 0.498196663 
32     0.234557446 0.327185715 0.325165011 0.272458453 0.270036327 0.271868732 0.271586463 0.268404707 0.278164223 0.283045665 0.298548302 0.288395592 0.273783108 0.303136022 0.271057131 0.261814990 0.256456085 0.265564573 0.298283556 0.288707374 0.249469636 0.256229521 0.252425522 0.258023818 0.315154539 0.339398510 0.301862121 0.300549799 0.309370866 0.259429713 0.269469213 0.283736341 0.270972068 0.269526513 0.254771180 0.249129572 0.253430313 0.280926513 0.286226778 0.276078967 0.291668981 0.333553950 0.259311611 0.262571387 0.125716172 0.126732476 0.077085357 0.041631689 0.000000000 0.166053522 0.499015357 
37     0.254345998 0.347190152 0.345105178 0.291611527 0.290364010 0.292010393 0.292375888 0.288541148 0.298469789 0.303546203 0.317958723 0.307800816 0.293657501 0.322499079 0.291021845 0.281544641 0.276406324 0.285842212 0.317967407 0.308405166 0.268800130 0.275177288 0.271439402 0.277349700 0.336781205 0.361349164 0.323123461 0.321435897 0.330371900 0.281335410 0.290654961 0.305345722 0.290945143 0.289478002 0.275280685 0.270315243 0.274658333 0.300290335 0.305348653 0.295472954 0.310438415 0.351785220 0.278512061 0.281674442 0.154079780 0.155051676 0.139117524 0.165250759 0.166053522 0.000000000 0.523454050 
0     0.400233284 0.487532962 0.485304192 0.432692347 0.430816224 0.432430394 0.431680432 0.429018777 0.438582603 0.442474985 0.466517317 0.452895057 0.440142206 0.478742031 0.448781354 0.439990806 0.434764984 0.446981394 0.481326655 0.471134393 0.428464624 0.435270693 0.433234971 0.438317237 0.529097779 0.551278251 0.512278995 0.510015255 0.521540039 0.478746613 0.489089783 0.501804387 0.487094859 0.486025795 0.470133164 0.460782860 0.465732441 0.499894878 0.505098123 0.495221167 0.509963697 0.551153648 0.520241432 0.521246193 0.489669201 0.488898457 0.476113172 0.498196663 0.499015357 0.523454050 0.000000000 
