51
7     0.000000000 0.006555490 0.001258650 0.009243960 0.015051260 0.000958680 0.011406180 0.007685780 0.004399550 0.011086850 0.008338390 0.006570780 0.006069450 0.008164390 0.004799440 0.013191460 0.004240590 0.006857940 0.012946880 0.003007210 0.019010990 0.007307270 0.003877740 0.000044340 0.015431690 0.021328360 0.015775660 0.004112590 0.005679450 0.002124600 0.011327280 0.014000280 0.008743430 0.008769350 0.008954170 0.007553730 0.003172090 0.004112890 0.007819780 0.015933700 0.008113190 0.016204870 0.002771570 0.000990860 0.016189710 0.016000060 0.010278270 0.013848870 0.014998030 0.015555800 0.012092960 
8     0.006555490 0.000000000 0.000531690 0.013696350 0.011820540 0.015243710 0.009130260 0.004603840 0.018305400 0.012100200 0.010338450 0.001585900 0.001607300 0.026594440 0.014705410 0.008353380 0.007977260 0.004185730 0.020427010 0.013206820 0.005496050 0.016552580 0.012295800 0.007228800 0.014645440 0.049501900 0.022506560 0.023553400 0.030438360 0.004366400 0.003036740 0.026710820 0.019371480 0.019486490 0.010298410 0.008494430 0.014779950 0.018620050 0.019622310 0.029393160 0.004353310 0.021522020 0.007714000 0.013399620 0.017071680 0.011960140 0.016078580 0.017608880 0.034987050 0.013671060 0.011425350 
1     0.001258650 0.000531690 0.000000000 0.014042800 0.010752640 0.010593160 0.011025820 0.003535940 0.006182490 0.012387840 0.007712440 0.004608450 0.005443500 0.018464350 0.015371520 0.013707170 0.015503110 0.013700400 0.004409340 0.012138920 0.006765720 0.009923070 0.005439950 0.010920650 0.024481510 0.005500690 0.009362000 0.003847230 0.012184390 0.013096070 0.017625550 0.029733370 0.011230630 0.011001150 0.017817520 0.008726940 0.009748280 0.013242380 0.014244640 0.004028290 0.023567020 0.016225180 0.000995120 0.017650280 0.019800830 0.014689290 0.005626210 0.020338030 0.035417970 0.016400210 0.023490680 
2     0.009243960 0.013696350 0.014042800 0.000000000 0.001299750 0.002929370 0.001163080 0.003856990 0.004627380 0.004930040 0.010310310 0.008312950 0.009941480 0.022096710 0.015199880 0.011744240 0.008550650 0.008183670 0.015253500 0.010356100 0.010134990 0.003349070 0.003883280 0.013821960 0.006919590 0.007712200 0.011255620 0.007883860 0.008572690 0.014169040 0.013295030 0.016194030 0.014944350 0.018572350 0.005549160 0.001395710 0.029801490 0.010297900 0.018458060 0.005369090 0.006305060 0.033047090 0.018974420 0.017713270 0.017318570 0.019459150 0.005281810 0.020148520 0.015784130 0.019189270 0.002697920 
10     0.015051260 0.011820540 0.010752640 0.001299750 0.000000000 0.000303940 0.001134810 0.002969330 0.004644280 0.007247090 0.025769570 0.009484950 0.007722500 0.021698590 0.011278800 0.011856360 0.011226550 0.007037300 0.013706880 0.005449420 0.009267380 0.012235510 0.005582500 0.006974150 0.009483240 0.017517020 0.013949660 0.015163760 0.005105260 0.008140400 0.010208620 0.014198290 0.014721400 0.013258330 0.005314560 0.007959580 0.022712320 0.005884800 0.003087260 0.003879450 0.004815420 0.022867400 0.004872360 0.016223630 0.010178120 0.019475320 0.010587040 0.012646390 0.012894570 0.021591910 0.012542030 
13     0.000958680 0.015243710 0.010593160 0.002929370 0.000303940 0.000000000 0.000936720 0.003140780 0.005717370 0.005709530 0.010431160 0.005637760 0.014294420 0.020767830 0.014573960 0.018338350 0.017768630 0.016138330 0.013641330 0.009534870 0.002747440 0.009035400 0.006907810 0.008299460 0.009379340 0.015979460 0.014619720 0.015833820 0.006088330 0.005919210 0.006064640 0.005925890 0.017876260 0.016490810 0.002391200 0.008708900 0.019824890 0.008525980 0.005728440 0.012937360 0.013916450 0.030340740 0.003158000 0.015195480 0.011029090 0.020326290 0.010875180 0.012934530 0.013182710 0.019518710 0.014024900 
9     0.011406180 0.009130260 0.011025820 0.001163080 0.001134810 0.000936720 0.000000000 0.002481820 0.006658030 0.004116300 0.020939530 0.008334800 0.016622880 0.029280370 0.012579520 0.018683270 0.016835200 0.014533740 0.007952580 0.007435700 0.009436010 0.001023030 0.007536310 0.010338620 0.006485510 0.015320500 0.018872000 0.017756710 0.008981000 0.009803980 0.009949410 0.004818850 0.015501030 0.015539390 0.010401480 0.007341380 0.011734770 0.002052700 0.005098020 0.009738860 0.014686860 0.029362940 0.018315140 0.017085560 0.021171990 0.021906050 0.006612990 0.009736030 0.009984210 0.022843550 0.011684510 
11     0.007685780 0.004603840 0.003535940 0.003856990 0.002969330 0.003140780 0.002481820 0.000000000 0.000088870 0.002966990 0.017367620 0.013242660 0.011939480 0.008828870 0.023802540 0.014648810 0.011286290 0.006161180 0.004846540 0.011025240 0.011756050 0.010164370 0.005484080 0.006333250 0.016474410 0.013329240 0.013568790 0.009783550 0.014141530 0.000902780 0.009696790 0.004767700 0.007649570 0.017097610 0.012061330 0.009507270 0.023193630 0.002182680 0.002152200 0.010923250 0.011274710 0.035723670 0.011094150 0.007021310 0.000975280 0.012563480 0.006674230 0.014136850 0.014385030 0.017346770 0.013857950 
4     0.004399550 0.018305400 0.006182490 0.004627380 0.004644280 0.005717370 0.006658030 0.000088870 0.000000000 0.000628920 0.018218980 0.005820210 0.004128610 0.037785250 0.020732920 0.016115000 0.016967240 0.009821160 0.023933480 0.018515770 0.019645260 0.007295060 0.005365530 0.006214700 0.015644480 0.004042250 0.007593750 0.001860670 0.004854540 0.010453560 0.006419140 0.016286600 0.004128450 0.006377770 0.010889580 0.009060870 0.016035440 0.002664610 0.005893950 0.006830350 0.021884370 0.028601040 0.014145090 0.010225950 0.009513660 0.016089830 0.008772910 0.013691760 0.013939940 0.020647660 0.025922310 
12     0.011086850 0.012100200 0.012387840 0.004930040 0.007247090 0.005709530 0.004116300 0.002966990 0.000628920 0.000000000 0.017598260 0.017409830 0.004123140 0.026468280 0.004850340 0.012018030 0.023344050 0.024134530 0.004184320 0.023767090 0.003510940 0.004236540 0.002599350 0.003448520 0.013906690 0.014902530 0.006787190 0.005966090 0.011120690 0.002858780 0.004148450 0.019180570 0.016066730 0.014239610 0.005233370 0.014728310 0.020566750 0.008148590 0.010498570 0.006343520 0.004863800 0.027980320 0.014141340 0.026315940 0.018147340 0.024723510 0.016211180 0.018270530 0.018508540 0.023186650 0.021948890 
5     0.008338390 0.010338450 0.007712440 0.010310310 0.025769570 0.010431160 0.020939530 0.017367620 0.018218980 0.017598260 0.000000000 0.005437940 0.001763790 0.011355620 0.023671780 0.026815850 0.009590010 0.018716320 0.012521240 0.012648900 0.025047110 0.027541530 0.017487260 0.012909910 0.033069110 0.032757640 0.012018200 0.017448000 0.013060490 0.013516490 0.024705290 0.018764920 0.018805020 0.006888880 0.020133280 0.021394210 0.021407680 0.008469390 0.013786000 0.004537190 0.009524900 0.023304920 0.016446310 0.020008470 0.029882470 0.030958590 0.022999120 0.013923490 0.013514720 0.035732240 0.028802560 
3     0.006570780 0.001585900 0.004608450 0.008312950 0.009484950 0.005637760 0.008334800 0.013242660 0.005820210 0.017409830 0.005437940 0.000000000 0.000677260 0.023838140 0.013892270 0.019763790 0.017915720 0.003710270 0.015185280 0.007035400 0.015075000 0.007521540 0.014219490 0.021815640 0.011769570 0.023378140 0.013235920 0.010782580 0.008664030 0.008883340 0.017767010 0.028055300 0.016218610 0.011127390 0.019957350 0.017131780 0.020099230 0.022564740 0.018498550 0.016621250 0.015693140 0.019657320 0.005912320 0.011020410 0.008478930 0.014953240 0.016754990 0.023515330 0.022109620 0.011262300 0.028891780 
6     0.006069450 0.001607300 0.005443500 0.009941480 0.007722500 0.014294420 0.016622880 0.011939480 0.004128610 0.004123140 0.001763790 0.000677260 0.000000000 0.024087940 0.016069730 0.014220230 0.012372160 0.008774840 0.015435080 0.011190570 0.003800510 0.003015120 0.012071150 0.024721140 0.037223390 0.032743820 0.016259780 0.016171330 0.007140940 0.013859130 0.015037480 0.013088120 0.016867700 0.009163590 0.013293130 0.000455100 0.008931590 0.025287780 0.003628420 0.026776630 0.028377820 0.009064100 0.004642630 0.015262030 0.021671310 0.021658400 0.011320390 0.013907620 0.010017260 0.006848120 0.029053250 
28     0.008164390 0.026594440 0.018464350 0.022096710 0.021698590 0.020767830 0.029280370 0.008828870 0.037785250 0.026468280 0.011355620 0.023838140 0.024087940 0.000000000 0.007469460 0.004293240 0.009269340 0.007216100 0.008134030 0.004555460 0.000355370 0.001959610 0.002252710 0.002350870 0.040402000 0.032067710 0.020743720 0.028473740 0.030308250 0.006481950 0.005255030 0.015701040 0.014228150 0.008165770 0.010954770 0.020266560 0.012149490 0.023184870 0.026075970 0.032300140 0.017849520 0.030135070 0.017522230 0.008784470 0.010818280 0.011011150 0.002405760 0.013499980 0.009988220 0.026125310 0.022510480 
31     0.004799440 0.014705410 0.015371520 0.015199880 0.011278800 0.014573960 0.012579520 0.023802540 0.020732920 0.004850340 0.023671780 0.013892270 0.016069730 0.007469460 0.000000000 0.000668890 0.000219610 0.009852550 0.007089280 0.008052090 0.010970460 0.003896380 0.009733130 0.009197210 0.021909150 0.027173130 0.027747860 0.020300010 0.025926710 0.013980420 0.018012260 0.019688500 0.013614790 0.015011840 0.011338340 0.002867700 0.018066460 0.009846390 0.009844630 0.002012980 0.001522710 0.005764020 0.006675030 0.008775530 0.022449560 0.003142830 0.010426450 0.015441270 0.016907170 0.031029570 0.029850650 
23     0.013191460 0.008353380 0.013707170 0.011744240 0.011856360 0.018338350 0.018683270 0.014648810 0.016115000 0.012018030 0.026815850 0.019763790 0.014220230 0.004293240 0.000668890 0.000000000 0.000226630 0.008227010 0.014377320 0.011541790 0.009578440 0.012988040 0.004296240 0.010232890 0.012877100 0.007990830 0.004044570 0.011950740 0.007264540 0.007651370 0.012942170 0.008125340 0.011911370 0.011091750 0.010272750 0.005682950 0.003548970 0.016924690 0.016922930 0.010112670 0.008601010 0.024397570 0.005803120 0.009189700 0.026485810 0.026997840 0.017714490 0.004833510 0.002650250 0.009863120 0.034948830 
49     0.004240590 0.007977260 0.015503110 0.008550650 0.011226550 0.017768630 0.016835200 0.011286290 0.016967240 0.023344050 0.009590010 0.017915720 0.012372160 0.009269340 0.000219610 0.000226630 0.000000000 0.009639520 0.006968690 0.011810860 0.005352570 0.009408090 0.007728600 0.006652940 0.006333850 0.016446460 0.009716200 0.017622370 0.015720170 0.001090210 0.001330650 0.011290550 0.011909170 0.006983510 0.008206960 0.004045870 0.003546770 0.009992840 0.007624410 0.009482860 0.001669160 0.016988940 0.008084370 0.000621930 0.013863980 0.017158170 0.010305860 0.003948560 0.007588690 0.008978170 0.013679810 
40     0.006857940 0.004185730 0.013700400 0.008183670 0.007037300 0.016138330 0.014533740 0.006161180 0.009821160 0.024134530 0.018716320 0.003710270 0.008774840 0.007216100 0.009852550 0.008227010 0.009639520 0.000000000 0.002272040 0.002752350 0.002211590 0.001632880 0.002604850 0.002186540 0.010156180 0.022499120 0.003006620 0.009629750 0.008611040 0.004650220 0.012548740 0.012712270 0.010600870 0.010026490 0.007063590 0.008942490 0.000755770 0.024237950 0.024744420 0.006558950 0.007494920 0.016986310 0.023445040 0.015681480 0.005371980 0.006091330 0.003882260 0.003809840 0.005948630 0.015177650 0.036776350 
33     0.012946880 0.020427010 0.004409340 0.015253500 0.013706880 0.013641330 0.007952580 0.004846540 0.023933480 0.004184320 0.012521240 0.015185280 0.015435080 0.008134030 0.007089280 0.014377320 0.006968690 0.002272040 0.000000000 0.000008840 0.007062190 0.005252020 0.004128890 0.004191080 0.023069290 0.039857660 0.006108220 0.003739140 0.004934280 0.004520630 0.002628700 0.016105750 0.013850150 0.013965160 0.017593030 0.004053800 0.013739350 0.016862510 0.016860750 0.022845710 0.008538830 0.016000690 0.012213550 0.017499170 0.013281190 0.015691260 0.004822210 0.037888180 0.016487970 0.013237910 0.037938230 
39     0.003007210 0.013206820 0.012138920 0.010356100 0.005449420 0.009534870 0.007435700 0.011025240 0.018515770 0.023767090 0.012648900 0.007035400 0.011190570 0.004555460 0.008052090 0.011541790 0.011810860 0.002752350 0.000008840 0.000000000 0.006524800 0.007851020 0.005258750 0.006713210 0.018066350 0.038188880 0.028265820 0.027682880 0.033682960 0.008240320 0.006943750 0.000390100 0.013134200 0.012841660 0.003072440 0.008411420 0.023604010 0.034068480 0.002200600 0.016287210 0.017223180 0.020796670 0.004808720 0.013058820 0.009780750 0.012190820 0.027816250 0.035466790 0.030975610 0.020882770 0.006385840 
44     0.019010990 0.005496050 0.006765720 0.010134990 0.009267380 0.002747440 0.009436010 0.011756050 0.019645260 0.003510940 0.025047110 0.015075000 0.003800510 0.000355370 0.010970460 0.009578440 0.005352570 0.002211590 0.007062190 0.006524800 0.000000000 0.001604660 0.001897760 0.001995920 0.019034420 0.007305990 0.014279590 0.008041150 0.015018050 0.004379440 0.004010450 0.008940450 0.005928930 0.012048160 0.002428280 0.004842970 0.002595500 0.011913930 0.017709030 0.009499250 0.010435220 0.005855140 0.003667000 0.003843790 0.006522510 0.007968130 0.009308860 0.003092000 0.006324380 0.004248160 0.010460650 
42     0.007307270 0.016552580 0.009923070 0.003349070 0.012235510 0.009035400 0.001023030 0.010164370 0.007295060 0.004236540 0.027541530 0.007521540 0.003015120 0.001959610 0.003896380 0.012988040 0.009408090 0.001632880 0.005252020 0.007851020 0.001604660 0.000000000 0.000293740 0.000391900 0.020894660 0.007093460 0.009137270 0.007635690 0.011193590 0.011214880 0.012314940 0.006516380 0.005894170 0.008856020 0.001598460 0.000002830 0.002735760 0.006548070 0.003680130 0.016401580 0.012305810 0.012110530 0.014662960 0.020886440 0.014089370 0.006807280 0.004095330 0.012432160 0.010839450 0.012552650 0.037429860 
48     0.003877740 0.012295800 0.005439950 0.003883280 0.005582500 0.006907810 0.007536310 0.005484080 0.005365530 0.002599350 0.017487260 0.014219490 0.012071150 0.002252710 0.009733130 0.004296240 0.007728600 0.002604850 0.004128890 0.005258750 0.001897760 0.000293740 0.000000000 0.000110310 0.006188240 0.004293890 0.008984160 0.006715380 0.011160230 0.010271540 0.012362860 0.017292860 0.007845160 0.010807010 0.002516640 0.007280910 0.007241240 0.012367900 0.012308670 0.014208200 0.011182680 0.018644540 0.005996900 0.005198440 0.016070650 0.016790000 0.000778400 0.027705680 0.028592020 0.012600570 0.033848110 
15     0.000044340 0.007228800 0.010920650 0.013821960 0.006974150 0.008299460 0.010338620 0.006333250 0.006214700 0.003448520 0.012909910 0.021815640 0.024721140 0.002350870 0.009197210 0.010232890 0.006652940 0.002186540 0.004191080 0.006713210 0.001995920 0.000391900 0.000110310 0.000000000 0.004371620 0.009248400 0.011421690 0.010600590 0.018007100 0.003898070 0.012414170 0.017344170 0.008781290 0.011743140 0.000970020 0.007423940 0.004952850 0.019568550 0.019566790 0.010423000 0.011244870 0.018706730 0.012289450 0.020502270 0.016373950 0.017093300 0.000631150 0.024218990 0.027451370 0.003763870 0.037623720 
22     0.015431690 0.014645440 0.024481510 0.006919590 0.009483240 0.009379340 0.006485510 0.016474410 0.015644480 0.013906690 0.033069110 0.011769570 0.037223390 0.040402000 0.021909150 0.012877100 0.006333850 0.010156180 0.023069290 0.018066350 0.019034420 0.020894660 0.006188240 0.004371620 0.000000000 0.000000600 0.003292960 0.002333030 0.001986690 0.010078300 0.019449700 0.012703720 0.013691530 0.011803980 0.009209000 0.009296960 0.002505950 0.025120450 0.020587550 0.017857950 0.016351500 0.009359040 0.013562040 0.003397150 0.026887160 0.025365300 0.025594260 0.029314800 0.027461260 0.025156820 0.013753760 
34     0.021328360 0.049501900 0.005500690 0.007712200 0.017517020 0.015979460 0.015320500 0.013329240 0.004042250 0.014902530 0.032757640 0.023378140 0.032743820 0.032067710 0.027173130 0.007990830 0.016446460 0.022499120 0.039857660 0.038188880 0.007305990 0.007093460 0.004293890 0.009248400 0.000000600 0.000000000 0.002697040 0.002926790 0.001302870 0.020479890 0.018011660 0.010303140 0.000849830 0.006481430 0.014054870 0.012502470 0.025633920 0.020024770 0.011508550 0.017882770 0.038375450 0.006065320 0.020574550 0.007453890 0.003857000 0.003394550 0.018249910 0.039484460 0.040348600 0.033787920 0.006373700 
38     0.015775660 0.022506560 0.009362000 0.011255620 0.013949660 0.014619720 0.018872000 0.013568790 0.007593750 0.006787190 0.012018200 0.013235920 0.016259780 0.020743720 0.027747860 0.004044570 0.009716200 0.003006620 0.006108220 0.028265820 0.014279590 0.009137270 0.008984160 0.011421690 0.003292960 0.002697040 0.000000000 0.000101810 0.000144700 0.021571980 0.023361730 0.020199500 0.014582940 0.026017820 0.011001690 0.015993760 0.008106140 0.011074530 0.008597260 0.016957150 0.018859140 0.006689090 0.008388960 0.020475820 0.037773610 0.038195140 0.016251250 0.043322630 0.036528400 0.014354130 0.015339560 
16     0.004112590 0.023553400 0.003847230 0.007883860 0.015163760 0.015833820 0.017756710 0.009783550 0.001860670 0.005966090 0.017448000 0.010782580 0.016171330 0.028473740 0.020300010 0.011950740 0.017622370 0.009629750 0.003739140 0.027682880 0.008041150 0.007635690 0.006715380 0.010600590 0.002333030 0.002926790 0.000101810 0.000000000 0.000351410 0.003010290 0.010526410 0.022478010 0.015237780 0.019732670 0.001126960 0.008393060 0.006575260 0.007997130 0.022506810 0.018949500 0.019366750 0.003121390 0.007412970 0.018492820 0.013684950 0.012163090 0.016693150 0.036926870 0.035798940 0.011409430 0.000323260 
30     0.005679450 0.030438360 0.012184390 0.008572690 0.005105260 0.006088330 0.008981000 0.014141530 0.004854540 0.011120690 0.013060490 0.008664030 0.007140940 0.030308250 0.025926710 0.007264540 0.015720170 0.008611040 0.004934280 0.033682960 0.015018050 0.011193590 0.011160230 0.018007100 0.001986690 0.001302870 0.000144700 0.000351410 0.000000000 0.008866650 0.014614950 0.007486940 0.026249790 0.035062570 0.018720290 0.013492680 0.010461600 0.022645950 0.033648670 0.027177140 0.033535410 0.023664030 0.006273630 0.001708400 0.006565120 0.005928200 0.024184760 0.036881610 0.035753680 0.014011070 0.026853400 
14     0.002124600 0.004366400 0.013096070 0.014169040 0.008140400 0.005919210 0.009803980 0.000902780 0.010453560 0.002858780 0.013516490 0.008883340 0.013859130 0.006481950 0.013980420 0.007651370 0.001090210 0.004650220 0.004520630 0.008240320 0.004379440 0.011214880 0.010271540 0.003898070 0.010078300 0.020479890 0.021571980 0.003010290 0.008866650 0.000000000 0.000318010 0.002701890 0.001346470 0.001461480 0.004260560 0.001586300 0.001394190 0.005266660 0.006770820 0.001854170 0.008245880 0.006841110 0.006438920 0.009798610 0.008722720 0.023452890 0.007598580 0.008181650 0.007796770 0.001464820 0.023541910 
17     0.011327280 0.003036740 0.017625550 0.013295030 0.010208620 0.006064640 0.009949410 0.009696790 0.006419140 0.004148450 0.024705290 0.017767010 0.015037480 0.005255030 0.018012260 0.012942170 0.001330650 0.012548740 0.002628700 0.006943750 0.004010450 0.012314940 0.012362860 0.012414170 0.019449700 0.018011660 0.023361730 0.010526410 0.014614950 0.000318010 0.000000000 0.004721780 0.002111210 0.005990960 0.006925130 0.006115780 0.001490820 0.013285800 0.016079610 0.007057640 0.013829920 0.011370590 0.006869800 0.009429620 0.008353730 0.028392630 0.008223500 0.025675460 0.031448000 0.001095830 0.025209060 
20     0.014000280 0.026710820 0.029733370 0.016194030 0.014198290 0.005925890 0.004818850 0.004767700 0.016286600 0.019180570 0.018764920 0.028055300 0.013088120 0.015701040 0.019688500 0.008125340 0.011290550 0.012712270 0.016105750 0.000390100 0.008940450 0.006516380 0.017292860 0.017344170 0.012703720 0.010303140 0.020199500 0.022478010 0.007486940 0.002701890 0.004721780 0.000000000 0.011706010 0.010616170 0.005063710 0.007318000 0.006420820 0.010733180 0.031107810 0.004772560 0.032209130 0.014004690 0.013516750 0.004175810 0.009372430 0.006887110 0.006637670 0.005709990 0.006730780 0.006025830 0.019633640 
18     0.008743430 0.019371480 0.011230630 0.014944350 0.014721400 0.017876260 0.015501030 0.007649570 0.004128450 0.016066730 0.018805020 0.016218610 0.016867700 0.014228150 0.013614790 0.011911370 0.011909170 0.010600870 0.013850150 0.013134200 0.005928930 0.005894170 0.007845160 0.008781290 0.013691530 0.000849830 0.014582940 0.015237780 0.026249790 0.001346470 0.002111210 0.011706010 0.000000000 0.000138470 0.001273580 0.002564850 0.008369910 0.020896890 0.021715470 0.017279160 0.004742980 0.007819680 0.021077100 0.005076980 0.022756410 0.022820850 0.014296000 0.025836240 0.026714990 0.014942460 0.004250310 
47     0.008769350 0.019486490 0.011001150 0.018572350 0.013258330 0.016490810 0.015539390 0.017097610 0.006377770 0.014239610 0.006888880 0.011127390 0.009163590 0.008165770 0.015011840 0.011091750 0.006983510 0.010026490 0.013965160 0.012841660 0.012048160 0.008856020 0.010807010 0.011743140 0.011803980 0.006481430 0.026017820 0.019732670 0.035062570 0.001461480 0.005990960 0.010616170 0.000138470 0.000000000 0.002670630 0.002679860 0.007739030 0.018644220 0.019462800 0.011368270 0.009487100 0.007934690 0.015882590 0.012010840 0.013141150 0.007477320 0.014982800 0.024449420 0.035225550 0.006307650 0.017413400 
35     0.008954170 0.010298410 0.017817520 0.005549160 0.005314560 0.002391200 0.010401480 0.012061330 0.010889580 0.005233370 0.020133280 0.019957350 0.013293130 0.010954770 0.011338340 0.010272750 0.008206960 0.007063590 0.017593030 0.003072440 0.002428280 0.001598460 0.002516640 0.000970020 0.009209000 0.014054870 0.011001690 0.001126960 0.018720290 0.004260560 0.006925130 0.005063710 0.001273580 0.002670630 0.000000000 0.004518590 0.002722630 0.010361050 0.011179630 0.000553050 0.020151420 0.011562560 0.013777920 0.008487290 0.026118450 0.021886540 0.013746430 0.006275790 0.006079350 0.011032650 0.010866660 
19     0.007553730 0.008494430 0.008726940 0.001395710 0.007959580 0.008708900 0.007341380 0.009507270 0.009060870 0.014728310 0.021394210 0.017131780 0.000455100 0.020266560 0.002867700 0.005682950 0.004045870 0.008942490 0.004053800 0.008411420 0.004842970 0.000002830 0.007280910 0.007423940 0.009296960 0.012502470 0.015993760 0.008393060 0.013492680 0.001586300 0.006115780 0.007318000 0.002564850 0.002679860 0.004518590 0.000000000 0.000265010 0.014331420 0.016804520 0.011647270 0.014018440 0.008059510 0.003626990 0.015554360 0.024806750 0.016112930 0.004311880 0.012048830 0.013981730 0.011870560 0.008850300 
45     0.003172090 0.014779950 0.009748280 0.029801490 0.022712320 0.019824890 0.011734770 0.023193630 0.016035440 0.020566750 0.021407680 0.020099230 0.008931590 0.012149490 0.018066460 0.003548970 0.003546770 0.000755770 0.013739350 0.023604010 0.002595500 0.002735760 0.007241240 0.004952850 0.002505950 0.025633920 0.008106140 0.006575260 0.010461600 0.001394190 0.001490820 0.006420820 0.008369910 0.007739030 0.002722630 0.000265010 0.000000000 0.019592750 0.021884560 0.007213170 0.020651620 0.029980350 0.005522320 0.004601230 0.009134210 0.006609930 0.007283290 0.015185050 0.013740870 0.000122820 0.011087810 
46     0.004112890 0.018620050 0.013242380 0.010297900 0.005884800 0.008525980 0.002052700 0.002182680 0.002664610 0.008148590 0.008469390 0.022564740 0.025287780 0.023184870 0.009846390 0.016924690 0.009992840 0.024237950 0.016862510 0.034068480 0.011913930 0.006548070 0.012367900 0.019568550 0.025120450 0.020024770 0.011074530 0.007997130 0.022645950 0.005266660 0.013285800 0.010733180 0.020896890 0.018644220 0.010361050 0.014331420 0.019592750 0.000000000 0.000002640 0.002524330 0.000280860 0.004353710 0.006770500 0.013113630 0.005394600 0.008925410 0.004245610 0.008789080 0.024964880 0.012611910 0.046896020 
29     0.007819780 0.019622310 0.014244640 0.018458060 0.003087260 0.005728440 0.005098020 0.002152200 0.005893950 0.010498570 0.013786000 0.018498550 0.003628420 0.026075970 0.009844630 0.016922930 0.007624410 0.024744420 0.016860750 0.002200600 0.017709030 0.003680130 0.012308670 0.019566790 0.020587550 0.011508550 0.008597260 0.022506810 0.033648670 0.006770820 0.016079610 0.031107810 0.021715470 0.019462800 0.011179630 0.016804520 0.021884560 0.000002640 0.000000000 0.004259620 0.004341470 0.000866160 0.007976720 0.015517470 0.009102590 0.005557140 0.005247870 0.008431960 0.027494530 0.013394410 0.048102240 
27     0.015933700 0.029393160 0.004028290 0.005369090 0.003879450 0.012937360 0.009738860 0.010923250 0.006830350 0.006343520 0.004537190 0.016621250 0.026776630 0.032300140 0.002012980 0.010112670 0.009482860 0.006558950 0.022845710 0.016287210 0.009499250 0.016401580 0.014208200 0.010423000 0.017857950 0.017882770 0.016957150 0.018949500 0.027177140 0.001854170 0.007057640 0.004772560 0.017279160 0.011368270 0.000553050 0.011647270 0.007213170 0.002524330 0.004259620 0.000000000 0.001656370 0.009341200 0.009288070 0.014479940 0.028589940 0.028460740 0.010888030 0.015123570 0.015371750 0.034146000 0.028260690 
25     0.008113190 0.004353310 0.023567020 0.006305060 0.004815420 0.013916450 0.014686860 0.011274710 0.021884370 0.004863800 0.009524900 0.015693140 0.028377820 0.017849520 0.001522710 0.008601010 0.001669160 0.007494920 0.008538830 0.017223180 0.010435220 0.012305810 0.011182680 0.011244870 0.016351500 0.038375450 0.018859140 0.019366750 0.033535410 0.008245880 0.013829920 0.032209130 0.004742980 0.009487100 0.020151420 0.014018440 0.020651620 0.000280860 0.004341470 0.001656370 0.000000000 0.010000020 0.005750740 0.015415910 0.029876380 0.030405650 0.011876000 0.020392430 0.016465120 0.019810820 0.019665930 
43     0.016204870 0.021522020 0.016225180 0.033047090 0.022867400 0.030340740 0.029362940 0.035723670 0.028601040 0.027980320 0.023304920 0.019657320 0.009064100 0.030135070 0.005764020 0.024397570 0.016988940 0.016986310 0.016000690 0.020796670 0.005855140 0.012110530 0.018644540 0.018706730 0.009359040 0.006065320 0.006689090 0.003121390 0.023664030 0.006841110 0.011370590 0.014004690 0.007819680 0.007934690 0.011562560 0.008059510 0.029980350 0.004353710 0.000866160 0.009341200 0.010000020 0.000000000 0.007060890 0.018060270 0.019171520 0.017297820 0.002260980 0.022557190 0.022522120 0.006447820 0.003252690 
26     0.002771570 0.007714000 0.000995120 0.018974420 0.004872360 0.003158000 0.018315140 0.011094150 0.014145090 0.014141340 0.016446310 0.005912320 0.004642630 0.017522230 0.006675030 0.005803120 0.008084370 0.023445040 0.012213550 0.004808720 0.003667000 0.014662960 0.005996900 0.012289450 0.013562040 0.020574550 0.008388960 0.007412970 0.006273630 0.006438920 0.006869800 0.013516750 0.021077100 0.015882590 0.013777920 0.003626990 0.005522320 0.006770500 0.007976720 0.009288070 0.005750740 0.007060890 0.000000000 0.000716010 0.014323840 0.014140290 0.007540360 0.030032190 0.031303300 0.015707490 0.011144270 
21     0.000990860 0.013399620 0.017650280 0.017713270 0.016223630 0.015195480 0.017085560 0.007021310 0.010225950 0.026315940 0.020008470 0.011020410 0.015262030 0.008784470 0.008775530 0.009189700 0.000621930 0.015681480 0.017499170 0.013058820 0.003843790 0.020886440 0.005198440 0.020502270 0.003397150 0.007453890 0.020475820 0.018492820 0.001708400 0.009798610 0.009429620 0.004175810 0.005076980 0.012010840 0.008487290 0.015554360 0.004601230 0.013113630 0.015517470 0.014479940 0.015415910 0.018060270 0.000716010 0.000000000 0.007018090 0.010494230 0.013469790 0.001806160 0.005828300 0.007280210 0.005169600 
36     0.016189710 0.017071680 0.019800830 0.017318570 0.010178120 0.011029090 0.021171990 0.000975280 0.009513660 0.018147340 0.029882470 0.008478930 0.021671310 0.010818280 0.022449560 0.026485810 0.013863980 0.005371980 0.013281190 0.009780750 0.006522510 0.014089370 0.016070650 0.016373950 0.026887160 0.003857000 0.037773610 0.013684950 0.006565120 0.008722720 0.008353730 0.009372430 0.022756410 0.013141150 0.026118450 0.024806750 0.009134210 0.005394600 0.009102590 0.028589940 0.029876380 0.019171520 0.014323840 0.007018090 0.000000000 0.000027870 0.002251540 0.001813140 0.001477430 0.005086450 0.001015640 
41     0.016000060 0.011960140 0.014689290 0.019459150 0.019475320 0.020326290 0.021906050 0.012563480 0.016089830 0.024723510 0.030958590 0.014953240 0.021658400 0.011011150 0.003142830 0.026997840 0.017158170 0.006091330 0.015691260 0.012190820 0.007968130 0.006807280 0.016790000 0.017093300 0.025365300 0.003394550 0.038195140 0.012163090 0.005928200 0.023452890 0.028392630 0.006887110 0.022820850 0.007477320 0.021886540 0.016112930 0.006609930 0.008925410 0.005557140 0.028460740 0.030405650 0.017297820 0.014140290 0.010494230 0.000027870 0.000000000 0.000772790 0.002738950 0.002403240 0.001741420 0.002190760 
24     0.010278270 0.016078580 0.005626210 0.005281810 0.010587040 0.010875180 0.006612990 0.006674230 0.008772910 0.016211180 0.022999120 0.016754990 0.011320390 0.002405760 0.010426450 0.017714490 0.010305860 0.003882260 0.004822210 0.027816250 0.009308860 0.004095330 0.000778400 0.000631150 0.025594260 0.018249910 0.016251250 0.016693150 0.024184760 0.007598580 0.008223500 0.006637670 0.014296000 0.014982800 0.013746430 0.004311880 0.007283290 0.004245610 0.005247870 0.010888030 0.011876000 0.002260980 0.007540360 0.013469790 0.002251540 0.000772790 0.000000000 0.001845160 0.003048830 0.002554960 0.019648070 
50     0.013848870 0.017608880 0.020338030 0.020148520 0.012646390 0.012934530 0.009736030 0.014136850 0.013691760 0.018270530 0.013923490 0.023515330 0.013907620 0.013499980 0.015441270 0.004833510 0.003948560 0.003809840 0.037888180 0.035466790 0.003092000 0.012432160 0.027705680 0.024218990 0.029314800 0.039484460 0.043322630 0.036926870 0.036881610 0.008181650 0.025675460 0.005709990 0.025836240 0.024449420 0.006275790 0.012048830 0.015185050 0.008789080 0.008431960 0.015123570 0.020392430 0.022557190 0.030032190 0.001806160 0.001813140 0.002738950 0.001845160 0.000000000 0.000272840 0.005455140 0.006334900 
32     0.014998030 0.034987050 0.035417970 0.015784130 0.012894570 0.013182710 0.009984210 0.014385030 0.013939940 0.018508540 0.013514720 0.022109620 0.010017260 0.009988220 0.016907170 0.002650250 0.007588690 0.005948630 0.016487970 0.030975610 0.006324380 0.010839450 0.028592020 0.027451370 0.027461260 0.040348600 0.036528400 0.035798940 0.035753680 0.007796770 0.031448000 0.006730780 0.026714990 0.035225550 0.006079350 0.013981730 0.013740870 0.024964880 0.027494530 0.015371750 0.016465120 0.022522120 0.031303300 0.005828300 0.001477430 0.002403240 0.003048830 0.000272840 0.000000000 0.004189140 0.006545260 
37     0.015555800 0.013671060 0.016400210 0.019189270 0.021591910 0.019518710 0.022843550 0.017346770 0.020647660 0.023186650 0.035732240 0.011262300 0.006848120 0.026125310 0.031029570 0.009863120 0.008978170 0.015177650 0.013237910 0.020882770 0.004248160 0.012552650 0.012600570 0.003763870 0.025156820 0.033787920 0.014354130 0.011409430 0.014011070 0.001464820 0.001095830 0.006025830 0.014942460 0.006307650 0.011032650 0.011870560 0.000122820 0.012611910 0.013394410 0.034146000 0.019810820 0.006447820 0.015707490 0.007280210 0.005086450 0.001741420 0.002554960 0.005455140 0.004189140 0.000000000 0.010289700 
0     0.012092960 0.011425350 0.023490680 0.002697920 0.012542030 0.014024900 0.011684510 0.013857950 0.025922310 0.021948890 0.028802560 0.028891780 0.029053250 0.022510480 0.029850650 0.034948830 0.013679810 0.036776350 0.037938230 0.006385840 0.010460650 0.037429860 0.033848110 0.037623720 0.013753760 0.006373700 0.015339560 0.000323260 0.026853400 0.023541910 0.025209060 0.019633640 0.004250310 0.017413400 0.010866660 0.008850300 0.011087810 0.046896020 0.048102240 0.028260690 0.019665930 0.003252690 0.011144270 0.005169600 0.001015640 0.002190760 0.019648070 0.006334900 0.006545260 0.010289700 0.000000000 
