51
27     0.000000000 0.086578804 0.082660757 0.080620231 0.075919626 0.080336585 0.075089700 0.079457223 0.104778329 0.105288446 0.137460316 0.099936124 0.100124495 0.118336905 0.108729506 0.114448195 0.109284817 0.123102126 0.107435064 0.108153607 0.106668038 0.103907293 0.106764495 0.111439550 0.120098106 0.103465159 0.100770804 0.113721737 0.126789338 0.126968357 0.136963909 0.134536930 0.133024986 0.148929564 0.146050943 0.138852218 0.120181521 0.121075056 0.104332804 0.117457242 0.114603050 0.115964857 0.112782288 0.114773104 0.176985663 0.129112608 0.144045371 0.144083034 0.145078162 0.138162499 0.454195922 
12     0.086578804 0.000000000 0.124676643 0.122658530 0.117938917 0.122374319 0.117082190 0.121449713 0.146737290 0.147263911 0.179286181 0.141761989 0.141950360 0.160184456 0.150577057 0.156295746 0.151132368 0.164864683 0.149734490 0.150453033 0.148967465 0.146206719 0.149059767 0.153734822 0.162393379 0.145775326 0.143080971 0.155810662 0.168962241 0.169141261 0.179136813 0.176709833 0.175107471 0.191102468 0.188223847 0.181025122 0.162354425 0.163247960 0.146370587 0.159495025 0.156640833 0.158002640 0.154820071 0.156823234 0.218998757 0.171161205 0.185970246 0.185616604 0.186611732 0.179942813 0.496122118 
13     0.082660757 0.124676643 0.000000000 0.027382755 0.022878291 0.027359139 0.059063988 0.063424215 0.123822541 0.124441474 0.156682509 0.119045977 0.119234348 0.137834621 0.128204256 0.133922944 0.128759566 0.142582283 0.126590662 0.127309205 0.125835745 0.123098152 0.125951200 0.130676473 0.139182992 0.122786909 0.120092554 0.133316629 0.146406347 0.146585366 0.156654166 0.154227186 0.152707027 0.168588736 0.165710115 0.158507531 0.139877016 0.140830605 0.123960116 0.136907535 0.134053343 0.135592169 0.132396519 0.134047408 0.195219270 0.147520277 0.162516406 0.162238393 0.163233520 0.156288469 0.473991362 
5     0.080620231 0.122658530 0.027382755 0.000000000 0.019729538 0.023844865 0.057132959 0.061493186 0.121675281 0.122308739 0.154606017 0.116980159 0.117168530 0.135758128 0.126127763 0.131846452 0.126683073 0.140505790 0.124691187 0.125409730 0.123924162 0.121167582 0.124020630 0.128745903 0.137260652 0.120856450 0.118162095 0.131484620 0.144710855 0.144889874 0.154874839 0.152451266 0.150876388 0.166758097 0.163879476 0.156680298 0.138080237 0.138966422 0.122127989 0.135075408 0.132221216 0.133760043 0.130564392 0.132168065 0.193320319 0.145614731 0.160626510 0.160332846 0.161327973 0.154382922 0.472031243 
3     0.075919626 0.117938917 0.022878291 0.019729538 0.000000000 0.016297961 0.052284417 0.056644644 0.117179363 0.117798296 0.150055695 0.112429838 0.112618209 0.131207807 0.121577441 0.127296130 0.122132752 0.135955468 0.120141854 0.120860397 0.119374829 0.116618249 0.119471297 0.124196569 0.132711318 0.116307117 0.113612762 0.126943603 0.140189497 0.140368516 0.150353481 0.147926502 0.146359361 0.162241070 0.159362449 0.152159865 0.133575601 0.134469137 0.117547039 0.130493668 0.127639476 0.129179093 0.125983442 0.127637753 0.188718722 0.141013134 0.156024913 0.155731249 0.156726376 0.149781325 0.467443901 
8     0.080336585 0.122374319 0.027359139 0.023844865 0.016297961 0.000000000 0.056707976 0.061068203 0.121611775 0.122227927 0.154485326 0.116859468 0.117047839 0.135637437 0.126007072 0.131725761 0.126562382 0.140385099 0.124571485 0.125290028 0.123804459 0.121047879 0.123900927 0.128626200 0.137140949 0.120736748 0.118042393 0.131373234 0.144619128 0.144798147 0.154783112 0.152356132 0.150788991 0.166670701 0.163792080 0.156589495 0.138005232 0.138898768 0.121976670 0.134924089 0.132069897 0.133608723 0.130413073 0.132067384 0.193148352 0.145442764 0.160454544 0.160160880 0.161156007 0.154210956 0.471873532 
23     0.075089700 0.117082190 0.059063988 0.057132959 0.052284417 0.056707976 0.000000000 0.017441289 0.116538412 0.117037543 0.149407856 0.111838041 0.112026412 0.130562874 0.120932508 0.126651197 0.121487819 0.135398148 0.119534507 0.120253050 0.118767481 0.116010901 0.118863949 0.123589222 0.132130846 0.115699770 0.113005415 0.126481947 0.139723000 0.139902019 0.149886984 0.147460005 0.145942922 0.161824631 0.158946010 0.151743426 0.133109104 0.134002640 0.117060376 0.130013852 0.127136739 0.128692429 0.125496779 0.127145926 0.188027813 0.140306805 0.155284143 0.154996659 0.155991786 0.149046735 0.467036274 
6     0.079457223 0.121449713 0.063424215 0.061493186 0.056644644 0.061068203 0.017441289 0.000000000 0.120905935 0.121405066 0.153775378 0.116205564 0.116393935 0.134930397 0.125300031 0.131018720 0.125855342 0.139765671 0.123902030 0.124620572 0.123135004 0.120378424 0.123231472 0.127956745 0.136498368 0.120067293 0.117372938 0.130849470 0.144090523 0.144269542 0.154254507 0.151827528 0.150310445 0.166192154 0.163313533 0.156110949 0.137476627 0.138370163 0.121427899 0.134381375 0.131504262 0.133059952 0.129864302 0.131513449 0.192395336 0.144674328 0.159651666 0.159364181 0.160359309 0.153414258 0.471403797 
17     0.104778329 0.146737290 0.123822541 0.121675281 0.117179363 0.121611775 0.116538412 0.120905935 0.000000000 0.021423941 0.141715783 0.104275826 0.104464196 0.122737612 0.113132124 0.118850813 0.113687434 0.126993839 0.119597442 0.120315985 0.118830416 0.116069910 0.118929084 0.123628976 0.132349682 0.115919743 0.113225387 0.126654161 0.139940774 0.140119793 0.150098300 0.147671320 0.146221742 0.162087838 0.159209217 0.151993453 0.133282258 0.134180030 0.117529911 0.130624560 0.127770368 0.129163611 0.125981041 0.127738221 0.188067508 0.140910727 0.155643967 0.155446719 0.156441846 0.149503155 0.466219272 
18     0.105288446 0.147263911 0.124441474 0.122308739 0.117798296 0.122227927 0.117037543 0.121405066 0.021423941 0.000000000 0.142174209 0.104734252 0.104922623 0.123196038 0.113590550 0.119309239 0.114145860 0.127447841 0.120117005 0.120835548 0.119349980 0.116589474 0.119448647 0.124148540 0.132869245 0.116439306 0.113744951 0.127173724 0.140460338 0.140639357 0.150617863 0.148190884 0.146741306 0.162607402 0.159728781 0.152513016 0.133801821 0.134699593 0.118049475 0.131144124 0.128289932 0.129683174 0.126500605 0.128257784 0.188626816 0.141470035 0.156203274 0.156006027 0.157001154 0.150062463 0.466738835 
14     0.137460316 0.179286181 0.156682509 0.154606017 0.150055695 0.154485326 0.149407856 0.153775378 0.141715783 0.142174209 0.000000000 0.066381301 0.066598212 0.101119505 0.091494217 0.097221748 0.092042558 0.133986963 0.152326844 0.153045387 0.151559819 0.148743872 0.151596920 0.156291232 0.165010328 0.148289189 0.145594834 0.157896808 0.171114878 0.171293897 0.181283370 0.178856391 0.177396418 0.193261942 0.190383321 0.183167556 0.164419236 0.165312772 0.149083693 0.162211850 0.159357658 0.160715746 0.157533177 0.159316128 0.221251739 0.173111253 0.188100561 0.187537312 0.188532439 0.181597596 0.498289603 
11     0.099936124 0.141761989 0.119045977 0.116980159 0.112429838 0.116859468 0.111838041 0.116205564 0.104275826 0.104734252 0.066381301 0.000000000 0.008262155 0.063934902 0.054400492 0.060125806 0.054907365 0.096596756 0.115255669 0.115974212 0.114488643 0.111733634 0.114586682 0.119310842 0.128029000 0.111208432 0.108514077 0.120591705 0.133809774 0.133988794 0.143978267 0.141551287 0.140091315 0.155956839 0.153078218 0.145862453 0.127114133 0.128007669 0.111778590 0.124906746 0.122052554 0.123410643 0.120228074 0.122011025 0.183847291 0.135973282 0.150870399 0.150307150 0.151302277 0.144367434 0.461086072 
16     0.100124495 0.141950360 0.119234348 0.117168530 0.112618209 0.117047839 0.112026412 0.116393935 0.104464196 0.104922623 0.066598212 0.008262155 0.000000000 0.064099024 0.054564614 0.060289928 0.055071488 0.096785126 0.115444040 0.116162583 0.114677014 0.111922004 0.114775053 0.119499213 0.128217371 0.111396803 0.108702447 0.120780075 0.133998145 0.134177164 0.144166638 0.141739658 0.140279686 0.156145210 0.153266589 0.146050824 0.127302504 0.128196040 0.111966961 0.125095117 0.122240925 0.123599014 0.120416445 0.122199396 0.184035662 0.136161653 0.151058770 0.150495520 0.151490648 0.144555805 0.461274443 
19     0.118336905 0.160184456 0.137834621 0.135758128 0.131207807 0.135637437 0.130562874 0.134930397 0.122737612 0.123196038 0.101119505 0.063934902 0.064099024 0.000000000 0.049577970 0.055317964 0.050152203 0.115059120 0.133725254 0.134443796 0.132958228 0.130203218 0.133056266 0.137780427 0.146498585 0.129685716 0.126991361 0.139050391 0.152268460 0.152447480 0.162436953 0.160009973 0.158550001 0.174415525 0.171536904 0.164321139 0.145572819 0.146466355 0.130237276 0.143365432 0.140511240 0.141869329 0.138686760 0.140469711 0.202448661 0.154482748 0.169476703 0.168913453 0.169908580 0.162973738 0.479570403 
1     0.108729506 0.150577057 0.128204256 0.126127763 0.121577441 0.126007072 0.120932508 0.125300031 0.113132124 0.113590550 0.091494217 0.054400492 0.054564614 0.049577970 0.000000000 0.027977982 0.022781147 0.105470715 0.124117029 0.124835571 0.123350003 0.120594993 0.123448041 0.128172202 0.136890360 0.120077491 0.117383136 0.129406521 0.142624591 0.142803610 0.152793083 0.150366104 0.148906132 0.164771655 0.161893034 0.154677269 0.135928950 0.136822485 0.120567957 0.133696113 0.130841921 0.132200010 0.129017441 0.130825017 0.192809711 0.144852382 0.159846337 0.159283088 0.160278215 0.153343372 0.469940038 
10     0.114448195 0.156295746 0.133922944 0.131846452 0.127296130 0.131725761 0.126651197 0.131018720 0.118850813 0.119309239 0.097221748 0.060125806 0.060289928 0.055317964 0.027977982 0.000000000 0.028794739 0.111192247 0.129835717 0.130554260 0.129068692 0.126313682 0.129166730 0.133890891 0.142609049 0.125796180 0.123101825 0.135125210 0.148343280 0.148522299 0.158511772 0.156084793 0.154624821 0.170490344 0.167611723 0.160395958 0.141647639 0.142541174 0.126286646 0.139414802 0.136560610 0.137918699 0.134736130 0.136543706 0.198536985 0.150571071 0.165565026 0.165001777 0.165996904 0.159062061 0.475658727 
4     0.109284817 0.151132368 0.128759566 0.126683073 0.122132752 0.126562382 0.121487819 0.125855342 0.113687434 0.114145860 0.092042558 0.054907365 0.055071488 0.050152203 0.022781147 0.028794739 0.000000000 0.106025791 0.124672339 0.125390882 0.123905313 0.121150304 0.124003352 0.128727512 0.137445671 0.120632802 0.117938447 0.129961831 0.143179901 0.143358920 0.153348394 0.150921414 0.149461442 0.165326966 0.162448345 0.155232580 0.136484260 0.137377796 0.121123267 0.134251424 0.131397232 0.132755321 0.129572751 0.131380327 0.193353874 0.145407693 0.160401648 0.159838398 0.160833525 0.153898683 0.470495348 
25     0.123102126 0.164864683 0.142582283 0.140505790 0.135955468 0.140385099 0.135398148 0.139765671 0.126993839 0.127447841 0.133986963 0.096596756 0.096785126 0.115059120 0.105470715 0.111192247 0.106025791 0.000000000 0.138448055 0.139166597 0.137681029 0.134917609 0.137770657 0.142494817 0.151212976 0.134505366 0.131811011 0.143900570 0.157071443 0.157250462 0.167155751 0.164728771 0.163352984 0.179218508 0.176339887 0.169124122 0.150438054 0.151335826 0.135075631 0.148203787 0.145349595 0.146707684 0.143525115 0.145266525 0.206818748 0.158886706 0.173911409 0.173321185 0.174316312 0.167381469 0.484229539 
2     0.107435064 0.149734490 0.126590662 0.124691187 0.120141854 0.124571485 0.119534507 0.123902030 0.119597442 0.120117005 0.152326844 0.115255669 0.115444040 0.133725254 0.124117029 0.129835717 0.124672339 0.138448055 0.000000000 0.021870501 0.025160791 0.051335692 0.054270349 0.059140337 0.067884752 0.061202120 0.058495733 0.123657639 0.137122335 0.137301354 0.147360670 0.144933690 0.143492398 0.159343057 0.156464436 0.149176268 0.130527930 0.131339921 0.114386520 0.127478768 0.124624576 0.126012033 0.122757973 0.124471404 0.187157218 0.138422035 0.152893344 0.152668211 0.153663339 0.146680832 0.465232995 
20     0.108153607 0.150453033 0.127309205 0.125409730 0.120860397 0.125290028 0.120253050 0.124620572 0.120315985 0.120835548 0.153045387 0.115974212 0.116162583 0.134443796 0.124835571 0.130554260 0.125390882 0.139166597 0.021870501 0.000000000 0.025975324 0.052053577 0.054989405 0.059872181 0.068616596 0.061925778 0.059219391 0.124376181 0.137840877 0.138019897 0.148079213 0.145652233 0.144210941 0.160061600 0.157182979 0.149894811 0.131246472 0.132088449 0.115105063 0.128197311 0.125343119 0.126730576 0.123476515 0.125189947 0.187875761 0.139140578 0.153611887 0.153386754 0.154381882 0.147399375 0.465951538 
26     0.106668038 0.148967465 0.125835745 0.123924162 0.119374829 0.123804459 0.118767481 0.123135004 0.118830416 0.119349980 0.151559819 0.114488643 0.114677014 0.132958228 0.123350003 0.129068692 0.123905313 0.137681029 0.025160791 0.025975324 0.000000000 0.050512631 0.053449290 0.058386665 0.067131079 0.060425165 0.057718778 0.122890613 0.136355309 0.136534328 0.146593644 0.144166665 0.142725372 0.158576032 0.155697411 0.148409242 0.129760904 0.130602881 0.113619495 0.126711742 0.123857550 0.125245008 0.121990947 0.123704378 0.186390192 0.137655009 0.152126319 0.151901186 0.152896313 0.145913806 0.464465970 
15     0.103907293 0.146206719 0.123098152 0.121167582 0.116618249 0.121047879 0.116010901 0.120378424 0.116069910 0.116589474 0.148743872 0.111733634 0.111922004 0.130203218 0.120594993 0.126313682 0.121150304 0.134917609 0.051335692 0.052053577 0.050512631 0.000000000 0.021563324 0.038256665 0.047174011 0.057201819 0.054495534 0.120174944 0.133558963 0.133737982 0.143851624 0.141424645 0.139983353 0.155834012 0.152955391 0.145659705 0.127022335 0.127912027 0.110873621 0.123965868 0.121111677 0.122499134 0.119221319 0.120952114 0.183687693 0.134948224 0.149405360 0.149167453 0.150162580 0.143166047 0.461737111 
9     0.106764495 0.149059767 0.125951200 0.124020630 0.119471297 0.123900927 0.118863949 0.123231472 0.118929084 0.119448647 0.151596920 0.114586682 0.114775053 0.133056266 0.123448041 0.129166730 0.124003352 0.137770657 0.054270349 0.054989405 0.053449290 0.021563324 0.000000000 0.041213424 0.050153685 0.060065685 0.057359400 0.123027992 0.136408155 0.136587174 0.146704673 0.144277693 0.142836401 0.158687060 0.155808439 0.148507820 0.129875383 0.130765075 0.113726669 0.126818917 0.123964725 0.125352182 0.122074367 0.123805162 0.186540741 0.137801273 0.152258408 0.152020501 0.153015628 0.146019095 0.464590159 
22     0.111439550 0.153734822 0.130676473 0.128745903 0.124196569 0.128626200 0.123589222 0.127956745 0.123628976 0.124148540 0.156291232 0.119310842 0.119499213 0.137780427 0.128172202 0.133890891 0.128727512 0.142494817 0.059140337 0.059872181 0.058386665 0.038256665 0.041213424 0.000000000 0.034523065 0.065036658 0.062330373 0.127659402 0.141034447 0.141213466 0.151294304 0.148867324 0.147424464 0.163278102 0.160399481 0.153107101 0.134487416 0.135377108 0.118351567 0.131443814 0.128589622 0.129977080 0.126699264 0.128403878 0.191258761 0.142519292 0.156976428 0.156738521 0.157733648 0.150737115 0.467939806 
7     0.120098106 0.162393379 0.139182992 0.137260652 0.132711318 0.137140949 0.132130846 0.136498368 0.132349682 0.132869245 0.165010328 0.128029000 0.128217371 0.146498585 0.136890360 0.142609049 0.137445671 0.151212976 0.067884752 0.068616596 0.067131079 0.047174011 0.050153685 0.034523065 0.000000000 0.073874365 0.071168080 0.136380457 0.149755502 0.149934521 0.160015359 0.157588380 0.156145520 0.171999157 0.169120537 0.161831318 0.143208471 0.144098163 0.127081471 0.140172522 0.137318331 0.138706984 0.135429169 0.137143749 0.200017782 0.151221870 0.165679006 0.165441099 0.166436226 0.159439693 0.476691948 
24     0.103465159 0.145775326 0.122786909 0.120856450 0.116307117 0.120736748 0.115699770 0.120067293 0.115919743 0.116439306 0.148289189 0.111208432 0.111396803 0.129685716 0.120077491 0.125796180 0.120632802 0.134505366 0.061202120 0.061925778 0.060425165 0.057201819 0.060065685 0.065036658 0.073874365 0.000000000 0.016090415 0.119966345 0.133428604 0.133607623 0.143657618 0.141230639 0.139789346 0.155640006 0.152761385 0.145537776 0.126777355 0.127668263 0.110695124 0.123814101 0.120959909 0.122343707 0.119141979 0.120798777 0.183527680 0.134686746 0.149130382 0.148908933 0.149904060 0.142921554 0.461224611 
21     0.100770804 0.143080971 0.120092554 0.118162095 0.113612762 0.118042393 0.113005415 0.117372938 0.113225387 0.113744951 0.145594834 0.108514077 0.108702447 0.126991361 0.117383136 0.123101825 0.117938447 0.131811011 0.058495733 0.059219391 0.057718778 0.054495534 0.057359400 0.062330373 0.071168080 0.016090415 0.000000000 0.117271989 0.130734249 0.130913268 0.140963263 0.138536283 0.137094991 0.152945650 0.150067029 0.142843420 0.124083000 0.124973908 0.108000769 0.121119746 0.118265554 0.119649352 0.116447624 0.118104422 0.180833324 0.131992391 0.146436027 0.146214578 0.147209705 0.140227198 0.458530256 
32     0.113721737 0.155810662 0.133316629 0.131484620 0.126943603 0.131373234 0.126481947 0.130849470 0.126654161 0.127173724 0.157896808 0.120591705 0.120780075 0.139050391 0.129406521 0.135125210 0.129961831 0.143900570 0.123657639 0.124376181 0.122890613 0.120174944 0.123027992 0.127659402 0.136380457 0.119966345 0.117271989 0.000000000 0.089590542 0.089792599 0.099611945 0.097185098 0.095817603 0.111593850 0.108721469 0.101568721 0.082543526 0.083507231 0.074808290 0.087921852 0.085053384 0.086394371 0.083284708 0.084719919 0.183143873 0.135190422 0.149894030 0.150016196 0.151011323 0.143994410 0.465963242 
37     0.126789338 0.168962241 0.146406347 0.144710855 0.140189497 0.144619128 0.139723000 0.144090523 0.139940774 0.140460338 0.171114878 0.133809774 0.133998145 0.152268460 0.142624591 0.148343280 0.143179901 0.157071443 0.137122335 0.137840877 0.136355309 0.133558963 0.136408155 0.141034447 0.149755502 0.133428604 0.130734249 0.089590542 0.000000000 0.005404891 0.052287272 0.049899519 0.048235927 0.064207055 0.061711486 0.054447988 0.078663999 0.079740550 0.087882221 0.100989109 0.098125776 0.099472366 0.096337880 0.097450318 0.196520627 0.148215319 0.162995917 0.163058429 0.164053556 0.157063426 0.479047770 
50     0.126968357 0.169141261 0.146585366 0.144889874 0.140368516 0.144798147 0.139902019 0.144269542 0.140119793 0.140639357 0.171293897 0.133988794 0.134177164 0.152447480 0.142803610 0.148522299 0.143358920 0.157250462 0.137301354 0.138019897 0.136534328 0.133737982 0.136587174 0.141213466 0.149934521 0.133607623 0.130913268 0.089792599 0.005404891 0.000000000 0.052383438 0.049973634 0.048256163 0.064356369 0.061800474 0.054622631 0.078787053 0.079864426 0.088075715 0.101182603 0.098319270 0.099665860 0.096531374 0.097643812 0.196699646 0.148394339 0.163174937 0.163237448 0.164232575 0.157242445 0.479226789 
39     0.136963909 0.179136813 0.156654166 0.154874839 0.150353481 0.154783112 0.149886984 0.154254507 0.150098300 0.150617863 0.181283370 0.143978267 0.144166638 0.162436953 0.152793083 0.158511772 0.153348394 0.167155751 0.147360670 0.148079213 0.146593644 0.143851624 0.146704673 0.151294304 0.160015359 0.143657618 0.140963263 0.099611945 0.052287272 0.052383438 0.000000000 0.014187700 0.033621476 0.048911033 0.044894555 0.037596661 0.088694177 0.089766283 0.097924142 0.111031030 0.108167697 0.109514287 0.106379801 0.107492239 0.206699771 0.158394463 0.173175061 0.173237573 0.174232700 0.167242570 0.489169173 
31     0.134536930 0.176709833 0.154227186 0.152451266 0.147926502 0.152356132 0.147460005 0.151827528 0.147671320 0.148190884 0.178856391 0.141551287 0.141739658 0.160009973 0.150366104 0.156084793 0.150921414 0.164728771 0.144933690 0.145652233 0.144166665 0.141424645 0.144277693 0.148867324 0.157588380 0.141230639 0.138536283 0.097185098 0.049899519 0.049973634 0.014187700 0.000000000 0.031455530 0.046149122 0.042468632 0.034928427 0.086247686 0.087294000 0.095497163 0.108604051 0.105740717 0.107087308 0.103952821 0.105065260 0.204272791 0.155967484 0.170748082 0.170810593 0.171805720 0.164815590 0.486742193 
30     0.133024986 0.175107471 0.152707027 0.150876388 0.146359361 0.150788991 0.145942922 0.150310445 0.146221742 0.146741306 0.177396418 0.140091315 0.140279686 0.158550001 0.148906132 0.154624821 0.149461442 0.163352984 0.143492398 0.144210941 0.142725372 0.139983353 0.142836401 0.147424464 0.156145520 0.139789346 0.137094991 0.095817603 0.048235927 0.048256163 0.033621476 0.031455530 0.000000000 0.041278710 0.038770561 0.031384640 0.084966443 0.085964275 0.094123785 0.107230673 0.104367340 0.105713930 0.102579444 0.103688743 0.202794948 0.154395703 0.169255893 0.169318404 0.170313531 0.163288195 0.485282221 
38     0.148929564 0.191102468 0.168588736 0.166758097 0.162241070 0.166670701 0.161824631 0.166192154 0.162087838 0.162607402 0.193261942 0.155956839 0.156145210 0.174415525 0.164771655 0.170490344 0.165326966 0.179218508 0.159343057 0.160061600 0.158576032 0.155834012 0.158687060 0.163278102 0.171999157 0.155640006 0.152945650 0.111593850 0.064207055 0.064356369 0.048911033 0.046149122 0.041278710 0.000000000 0.037386016 0.039312913 0.100661959 0.101738510 0.109930795 0.123037684 0.120174350 0.121520940 0.118386454 0.119498892 0.218678806 0.170373498 0.185154096 0.185216608 0.186211735 0.179188950 0.501147744 
48     0.146050943 0.188223847 0.165710115 0.163879476 0.159362449 0.163792080 0.158946010 0.163313533 0.159209217 0.159728781 0.190383321 0.153078218 0.153266589 0.171536904 0.161893034 0.167611723 0.162448345 0.176339887 0.156464436 0.157182979 0.155697411 0.152955391 0.155808439 0.160399481 0.169120537 0.152761385 0.150067029 0.108721469 0.061711486 0.061800474 0.044894555 0.042468632 0.038770561 0.037386016 0.000000000 0.035283323 0.097787608 0.098852120 0.107035761 0.120109993 0.117246660 0.118585043 0.115458764 0.116617818 0.215800185 0.167494877 0.182275475 0.182337987 0.183333114 0.176310329 0.498269123 
45     0.138852218 0.181025122 0.158507531 0.156680298 0.152159865 0.156589495 0.151743426 0.156110949 0.151993453 0.152513016 0.183167556 0.145862453 0.146050824 0.164321139 0.154677269 0.160395958 0.155232580 0.169124122 0.149176268 0.149894811 0.148409242 0.145659705 0.148507820 0.153107101 0.161831318 0.145537776 0.142843420 0.101568721 0.054447988 0.054622631 0.037596661 0.034928427 0.031384640 0.039312913 0.035283323 0.000000000 0.090643239 0.091719790 0.099858694 0.112983140 0.110119807 0.111466397 0.108331911 0.109426791 0.208581489 0.160297596 0.175078194 0.175140706 0.176135833 0.169113048 0.491054274 
46     0.120181521 0.162354425 0.139877016 0.138080237 0.133575601 0.138005232 0.133109104 0.137476627 0.133282258 0.133801821 0.164419236 0.127114133 0.127302504 0.145572819 0.135928950 0.141647639 0.136484260 0.150438054 0.130527930 0.131246472 0.129760904 0.127022335 0.129875383 0.134487416 0.143208471 0.126777355 0.124083000 0.082543526 0.078663999 0.078787053 0.088694177 0.086247686 0.084966443 0.100661959 0.097787608 0.090643239 0.000000000 0.023375467 0.081241881 0.094348769 0.091485436 0.092832026 0.089697540 0.091008231 0.190024794 0.141974228 0.156683091 0.156793799 0.157788926 0.150765989 0.472521678 
49     0.121075056 0.163247960 0.140830605 0.138966422 0.134469137 0.138898768 0.134002640 0.138370163 0.134180030 0.134699593 0.165312772 0.128007669 0.128196040 0.146466355 0.136822485 0.142541174 0.137377796 0.151335826 0.131339921 0.132088449 0.130602881 0.127912027 0.130765075 0.135377108 0.144098163 0.127668263 0.124973908 0.083507231 0.079740550 0.079864426 0.089766283 0.087294000 0.085964275 0.101738510 0.098852120 0.091719790 0.023375467 0.000000000 0.082127373 0.095234261 0.092319709 0.093717518 0.090556703 0.091922805 0.190922565 0.142872000 0.157580863 0.157691570 0.158686698 0.151663760 0.473419450 
42     0.104332804 0.146370587 0.123960116 0.122127989 0.117547039 0.121976670 0.117060376 0.121427899 0.117529911 0.118049475 0.149083693 0.111778590 0.111966961 0.130237276 0.120567957 0.126286646 0.121123267 0.135075631 0.114386520 0.115105063 0.113619495 0.110873621 0.113726669 0.118351567 0.127081471 0.110695124 0.108000769 0.074808290 0.087882221 0.088075715 0.097924142 0.095497163 0.094123785 0.109930795 0.107035761 0.099858694 0.081241881 0.082127373 0.000000000 0.040824141 0.037845659 0.038846971 0.035790241 0.066923940 0.174629416 0.126285894 0.140784261 0.140998365 0.141993492 0.134976104 0.457156161 
29     0.117457242 0.159495025 0.136907535 0.135075408 0.130493668 0.134924089 0.130013852 0.134381375 0.130624560 0.131144124 0.162211850 0.124906746 0.125095117 0.143365432 0.133696113 0.139414802 0.134251424 0.148203787 0.127478768 0.128197311 0.126711742 0.123965868 0.126818917 0.131443814 0.140172522 0.123814101 0.121119746 0.087921852 0.100989109 0.101182603 0.111031030 0.108604051 0.107230673 0.123037684 0.120109993 0.112983140 0.094348769 0.095234261 0.040824141 0.000000000 0.033637809 0.042167895 0.039329616 0.080075969 0.187737678 0.139397874 0.153849734 0.154110345 0.155105472 0.148088084 0.470254273 
28     0.114603050 0.156640833 0.134053343 0.132221216 0.127639476 0.132069897 0.127136739 0.131504262 0.127770368 0.128289932 0.159357658 0.122052554 0.122240925 0.140511240 0.130841921 0.136560610 0.131397232 0.145349595 0.124624576 0.125343119 0.123857550 0.121111677 0.123964725 0.128589622 0.137318331 0.120959909 0.118265554 0.085053384 0.098125776 0.098319270 0.108167697 0.105740717 0.104367340 0.120174350 0.117246660 0.110119807 0.091485436 0.092319709 0.037845659 0.033637809 0.000000000 0.039492264 0.036374986 0.077255044 0.184883486 0.136543682 0.150982661 0.151256153 0.152251280 0.145233892 0.467400081 
47     0.115964857 0.158002640 0.135592169 0.133760043 0.129179093 0.133608723 0.128692429 0.133059952 0.129163611 0.129683174 0.160715746 0.123410643 0.123599014 0.141869329 0.132200010 0.137918699 0.132755321 0.146707684 0.126012033 0.126730576 0.125245008 0.122499134 0.125352182 0.129977080 0.138706984 0.122343707 0.119649352 0.086394371 0.099472366 0.099665860 0.109514287 0.107087308 0.105713930 0.121520940 0.118585043 0.111466397 0.092832026 0.093717518 0.038846971 0.042167895 0.039492264 0.000000000 0.036121037 0.078496880 0.186245293 0.137901770 0.152434818 0.152614242 0.153609369 0.146591980 0.468777980 
36     0.112782288 0.154820071 0.132396519 0.130564392 0.125983442 0.130413073 0.125496779 0.129864302 0.125981041 0.126500605 0.157533177 0.120228074 0.120416445 0.138686760 0.129017441 0.134736130 0.129572751 0.143525115 0.122757973 0.123476515 0.121990947 0.119221319 0.122074367 0.126699264 0.135429169 0.119141979 0.116447624 0.083284708 0.096337880 0.096531374 0.106379801 0.103952821 0.102579444 0.118386454 0.115458764 0.108331911 0.089697540 0.090556703 0.035790241 0.039329616 0.036374986 0.036121037 0.000000000 0.075415992 0.182989549 0.134595610 0.149064611 0.149348807 0.150343934 0.143326546 0.465578098 
35     0.114773104 0.156823234 0.134047408 0.132168065 0.127637753 0.132067384 0.127145926 0.131513449 0.127738221 0.128257784 0.159316128 0.122011025 0.122199396 0.140469711 0.130825017 0.136543706 0.131380327 0.145266525 0.124471404 0.125189947 0.123704378 0.120952114 0.123805162 0.128403878 0.137143749 0.120798777 0.118104422 0.084719919 0.097450318 0.097643812 0.107492239 0.105065260 0.103688743 0.119498892 0.116617818 0.109426791 0.091008231 0.091922805 0.066923940 0.080075969 0.077255044 0.078496880 0.075415992 0.000000000 0.184022001 0.136312916 0.150809079 0.150891429 0.151886557 0.144921301 0.466791879 
40     0.176985663 0.218998757 0.195219270 0.193320319 0.188718722 0.193148352 0.188027813 0.192395336 0.188067508 0.188626816 0.221251739 0.183847291 0.184035662 0.202448661 0.192809711 0.198536985 0.193353874 0.206818748 0.187157218 0.187875761 0.186390192 0.183687693 0.186540741 0.191258761 0.200017782 0.183527680 0.180833324 0.183143873 0.196520627 0.196699646 0.206699771 0.204272791 0.202794948 0.218678806 0.215800185 0.208581489 0.190024794 0.190922565 0.174629416 0.187737678 0.184883486 0.186245293 0.182989549 0.184022001 0.000000000 0.172726250 0.187338519 0.187495969 0.188491096 0.181539913 0.527763068 
44     0.129112608 0.171161205 0.147520277 0.145614731 0.141013134 0.145442764 0.140306805 0.144674328 0.140910727 0.141470035 0.173111253 0.135973282 0.136161653 0.154482748 0.144852382 0.150571071 0.145407693 0.158886706 0.138422035 0.139140578 0.137655009 0.134948224 0.137801273 0.142519292 0.151221870 0.134686746 0.131992391 0.135190422 0.148215319 0.148394339 0.158394463 0.155967484 0.154395703 0.170373498 0.167494877 0.160297596 0.141974228 0.142872000 0.126285894 0.139397874 0.136543682 0.137901770 0.134595610 0.136312916 0.172726250 0.000000000 0.107794155 0.107950981 0.108946108 0.101792529 0.480505996 
43     0.144045371 0.185970246 0.162516406 0.160626510 0.156024913 0.160454544 0.155284143 0.159651666 0.155643967 0.156203274 0.188100561 0.150870399 0.151058770 0.169476703 0.159846337 0.165565026 0.160401648 0.173911409 0.152893344 0.153611887 0.152126319 0.149405360 0.152258408 0.156976428 0.165679006 0.149130382 0.146436027 0.149894030 0.162995917 0.163174937 0.173175061 0.170748082 0.169255893 0.185154096 0.182275475 0.175078194 0.156683091 0.157580863 0.140784261 0.153849734 0.150982661 0.152434818 0.149064611 0.150809079 0.187338519 0.107794155 0.000000000 0.109669109 0.110664237 0.103434469 0.494919365 
34     0.144083034 0.185616604 0.162238393 0.160332846 0.155731249 0.160160880 0.154996659 0.159364181 0.155446719 0.156006027 0.187537312 0.150307150 0.150495520 0.168913453 0.159283088 0.165001777 0.159838398 0.173321185 0.152668211 0.153386754 0.151901186 0.149167453 0.152020501 0.156738521 0.165441099 0.148908933 0.146214578 0.150016196 0.163058429 0.163237448 0.173237573 0.170810593 0.169318404 0.185216608 0.182337987 0.175140706 0.156793799 0.157691570 0.140998365 0.154110345 0.151256153 0.152614242 0.149348807 0.150891429 0.187495969 0.107950981 0.109669109 0.000000000 0.020534270 0.065082492 0.495048087 
41     0.145078162 0.186611732 0.163233520 0.161327973 0.156726376 0.161156007 0.155991786 0.160359309 0.156441846 0.157001154 0.188532439 0.151302277 0.151490648 0.169908580 0.160278215 0.165996904 0.160833525 0.174316312 0.153663339 0.154381882 0.152896313 0.150162580 0.153015628 0.157733648 0.166436226 0.149904060 0.147209705 0.151011323 0.164053556 0.164232575 0.174232700 0.171805720 0.170313531 0.186211735 0.183333114 0.176135833 0.157788926 0.158686698 0.141993492 0.155105472 0.152251280 0.153609369 0.150343934 0.151886557 0.188491096 0.108946108 0.110664237 0.020534270 0.000000000 0.065938683 0.496043214 
33     0.138162499 0.179942813 0.156288469 0.154382922 0.149781325 0.154210956 0.149046735 0.153414258 0.149503155 0.150062463 0.181597596 0.144367434 0.144555805 0.162973738 0.153343372 0.159062061 0.153898683 0.167381469 0.146680832 0.147399375 0.145913806 0.143166047 0.146019095 0.150737115 0.159439693 0.142921554 0.140227198 0.143994410 0.157063426 0.157242445 0.167242570 0.164815590 0.163288195 0.179188950 0.176310329 0.169113048 0.150765989 0.151663760 0.134976104 0.148088084 0.145233892 0.146591980 0.143326546 0.144921301 0.181539913 0.101792529 0.103434469 0.065082492 0.065938683 0.000000000 0.488941907 
0     0.454195922 0.496122118 0.473991362 0.472031243 0.467443901 0.471873532 0.467036274 0.471403797 0.466219272 0.466738835 0.498289603 0.461086072 0.461274443 0.479570403 0.469940038 0.475658727 0.470495348 0.484229539 0.465232995 0.465951538 0.464465970 0.461737111 0.464590159 0.467939806 0.476691948 0.461224611 0.458530256 0.465963242 0.479047770 0.479226789 0.489169173 0.486742193 0.485282221 0.501147744 0.498269123 0.491054274 0.472521678 0.473419450 0.457156161 0.470254273 0.467400081 0.468777980 0.465578098 0.466791879 0.527763068 0.480505996 0.494919365 0.495048087 0.496043214 0.488941907 0.000000000 
