51
4     0.000000000 0.000002830 0.000131780 0.000139560 0.000003030 0.000002960 0.000318590 0.000040520 0.000398080 0.000250100 0.000056390 0.001741150 0.000803760 0.000763420 0.000849830 0.000685920 0.000695520 0.000691950 0.001051280 0.000323550 0.000433340 0.000836850 0.001045480 0.001605020 0.001096090 0.001146270 0.000941350 0.001161570 0.001101340 0.000460660 0.000780400 0.001087940 0.001090290 0.001094900 0.001095900 0.001385600 0.001178200 0.001100260 0.001113990 0.001113760 0.001129410 0.001093810 0.001099790 0.001109820 0.001675350 0.000057060 0.001061790 0.001055260 0.000166100 0.000668700 0.001064450 
1     0.000002830 0.000000000 0.000024730 0.000136890 0.000000360 0.000000290 0.000278100 0.000037850 0.000549160 0.000404170 0.000059180 0.001778120 0.000806550 0.000949240 0.000949650 0.000897680 0.000881050 0.000877790 0.000962070 0.000767180 0.000436130 0.000912030 0.000995570 0.001664350 0.001310880 0.000995510 0.000790590 0.001155340 0.000950580 0.000463450 0.000783190 0.000937180 0.000939530 0.000944140 0.000945140 0.001234840 0.001027440 0.000949500 0.000963230 0.001007240 0.001204590 0.001006830 0.000980990 0.001171950 0.001594170 0.000059850 0.000961020 0.000957830 0.000168890 0.000671490 0.001139630 
11     0.000131780 0.000024730 0.000000000 0.000265840 0.000129310 0.000129240 0.000411590 0.000166800 0.000441750 0.000471020 0.000188130 0.001826920 0.000935500 0.000989570 0.000989980 0.000938010 0.000921380 0.000918120 0.001002400 0.000896130 0.000565080 0.000957010 0.001035900 0.001704680 0.001139760 0.001035840 0.000830920 0.001195670 0.000990910 0.000592400 0.000912140 0.000977510 0.000979860 0.000984470 0.000985470 0.001275170 0.001067770 0.000989830 0.001003560 0.001047570 0.001282940 0.001047160 0.001021320 0.001153490 0.001634500 0.000188800 0.001001350 0.000998160 0.000297840 0.000800440 0.001226170 
10     0.000139560 0.000136890 0.000265840 0.000000000 0.000137090 0.000137020 0.000251740 0.000174580 0.000302090 0.000300350 0.000195910 0.001666560 0.000943280 0.001096090 0.001096500 0.001044530 0.001027900 0.001024640 0.001108920 0.000903910 0.000572860 0.000950210 0.001093640 0.001493210 0.001144250 0.001142360 0.000857730 0.001209730 0.001031920 0.000600180 0.000919920 0.001084030 0.001086380 0.001090990 0.001091990 0.001381690 0.001174290 0.001096350 0.001110080 0.001154090 0.001242770 0.001153680 0.001127840 0.001157980 0.001600760 0.000196580 0.000949980 0.000943450 0.000305620 0.000808220 0.000903480 
3     0.000003030 0.000000360 0.000129310 0.000137090 0.000000000 0.000000490 0.000000090 0.000038050 0.000763120 0.000715850 0.000059380 0.002341480 0.000806750 0.001161520 0.001163610 0.001111640 0.001095010 0.001091750 0.001157900 0.000767380 0.000436330 0.001130640 0.001209530 0.001878310 0.001524840 0.001209470 0.001004550 0.001369300 0.001164540 0.000463650 0.000783390 0.001151140 0.001153490 0.001158100 0.001159100 0.001448800 0.001241400 0.001163460 0.001177190 0.001221200 0.001456570 0.001220790 0.001194950 0.001385910 0.001808130 0.000060050 0.001174980 0.001171790 0.000169090 0.000671690 0.001656450 
5     0.000002960 0.000000290 0.000129240 0.000137020 0.000000490 0.000000000 0.000000210 0.000037980 0.000764560 0.000631350 0.000059310 0.002249230 0.000806680 0.001161450 0.001165050 0.001113080 0.001096450 0.001093190 0.001157830 0.000767310 0.000436260 0.001132080 0.001210970 0.001879750 0.001526280 0.001210910 0.001005990 0.001370740 0.001165980 0.000463580 0.000783320 0.001152580 0.001154930 0.001159540 0.001160540 0.001450240 0.001242840 0.001164900 0.001178630 0.001222640 0.001458010 0.001222230 0.001196390 0.001387350 0.001809570 0.000059980 0.001176420 0.001173230 0.000169020 0.000671620 0.002265740 
2     0.000318590 0.000278100 0.000411590 0.000251740 0.000000090 0.000000210 0.000000000 0.000032740 0.000494730 0.000335150 0.001821560 0.001972450 0.001218500 0.001065490 0.001065900 0.001013930 0.000997300 0.000994040 0.001078320 0.001065140 0.000819670 0.001032930 0.001111820 0.001780600 0.001427130 0.001111760 0.000906840 0.001271590 0.001066830 0.000889970 0.001689980 0.001053430 0.001055780 0.001060390 0.001061390 0.001351090 0.001143690 0.001065750 0.001079480 0.001123490 0.001358860 0.001123080 0.001097240 0.001288200 0.001710420 0.000866510 0.001077270 0.001074080 0.001064740 0.001064040 0.001520350 
8     0.000040520 0.000037850 0.000166800 0.000174580 0.000038050 0.000037980 0.000032740 0.000000000 0.000657270 0.000503370 0.000096870 0.001915260 0.000844240 0.001057350 0.001057760 0.001005790 0.000989160 0.000985900 0.001070180 0.000804870 0.000473820 0.001024790 0.001103680 0.001772460 0.001418990 0.001103620 0.000898700 0.001263450 0.001058690 0.000501140 0.000820880 0.001045290 0.001047640 0.001052250 0.001053250 0.001342950 0.001135550 0.001057610 0.001071340 0.001115350 0.001350720 0.001114940 0.001089100 0.001280060 0.001702280 0.000097540 0.001069130 0.001065940 0.000206580 0.000709180 0.001616510 
6     0.000398080 0.000549160 0.000441750 0.000302090 0.000763120 0.000764560 0.000494730 0.000657270 0.000000000 0.000002020 0.001531960 0.001517630 0.001018270 0.000865260 0.000865670 0.000813700 0.000797070 0.000793810 0.000878090 0.000864910 0.000619440 0.000832700 0.000880640 0.001262530 0.000931250 0.000911530 0.000706610 0.000996730 0.000866600 0.000689740 0.001027190 0.000853200 0.000855550 0.000860160 0.000861160 0.001121800 0.000943460 0.000865520 0.000879250 0.000923260 0.001158630 0.000922850 0.000897010 0.000944980 0.001291940 0.000666280 0.000877040 0.000873850 0.000808590 0.000863810 0.001371330 
9     0.000250100 0.000404170 0.000471020 0.000300350 0.000715850 0.000631350 0.000335150 0.000503370 0.000002020 0.000000000 0.001319000 0.001620030 0.001044570 0.000891560 0.000891970 0.000840000 0.000823370 0.000820110 0.000904390 0.000891210 0.000645740 0.000859000 0.000909910 0.001370980 0.000960520 0.000937830 0.000732910 0.001026000 0.000892900 0.000716040 0.001056460 0.000879500 0.000881850 0.000886460 0.000887460 0.001177160 0.000969760 0.000891820 0.000905550 0.000949560 0.001184930 0.000949150 0.000923310 0.000974250 0.001400390 0.000692580 0.000903340 0.000900150 0.000890810 0.000620640 0.001224480 
7     0.000056390 0.000059180 0.000188130 0.000195910 0.000059380 0.000059310 0.001821560 0.000096870 0.001531960 0.001319000 0.000000000 0.000955520 0.000747370 0.001037070 0.000994390 0.001001330 0.000995380 0.001000480 0.001038880 0.000531010 0.000376950 0.000834140 0.000382310 0.000382330 0.000382690 0.000382750 0.000544090 0.000803400 0.000666250 0.000404270 0.000524100 0.000582030 0.000569260 0.000582500 0.000617920 0.000823730 0.000830160 0.000609970 0.000592190 0.000613410 0.000968900 0.000905240 0.000491440 0.000747250 0.000987250 0.000000670 0.000702140 0.001007040 0.000109710 0.000462240 0.000099510 
24     0.001741150 0.001778120 0.001826920 0.001666560 0.002341480 0.002249230 0.001972450 0.001915260 0.001517630 0.001620030 0.000955520 0.000000000 0.000319610 0.000363250 0.000482730 0.000729020 0.000385800 0.000716850 0.000590430 0.000111150 0.000822570 0.001100320 0.001247120 0.001412000 0.001365490 0.001425060 0.001113320 0.001380470 0.001383370 0.001130470 0.001293480 0.001276140 0.001289490 0.001274040 0.001292940 0.001409960 0.000914040 0.001319960 0.001261500 0.001270170 0.001673780 0.001310490 0.001354840 0.001022040 0.000826490 0.000883930 0.001198730 0.001105330 0.000808750 0.000720060 0.001037890 
37     0.000803760 0.000806550 0.000935500 0.000943280 0.000806750 0.000806680 0.001218500 0.000844240 0.001018270 0.001044570 0.000747370 0.000319610 0.000000000 0.000108600 0.000186890 0.000199640 0.000131150 0.000111310 0.000313410 0.000016900 0.000520030 0.000776570 0.000855460 0.001358070 0.001170770 0.000855400 0.000650480 0.000979790 0.000810470 0.000342250 0.000801990 0.000797070 0.000799420 0.000804030 0.000805030 0.001051190 0.000887330 0.000809390 0.000823120 0.000867130 0.001102500 0.000866720 0.000840880 0.001020100 0.001066340 0.000515800 0.000772230 0.000704650 0.000712660 0.000335480 0.002007400 
35     0.000763420 0.000949240 0.000989570 0.001096090 0.001161520 0.001161450 0.001065490 0.001057350 0.000865260 0.000891560 0.001037070 0.000363250 0.000108600 0.000000000 0.000003460 0.000016070 0.000003710 0.000016310 0.000003660 0.000021240 0.000410300 0.000623560 0.000702450 0.001322520 0.001017760 0.000702390 0.000497470 0.000862220 0.000657460 0.000480600 0.000649830 0.000644060 0.000646410 0.000651020 0.000652020 0.000941720 0.000734320 0.000656380 0.000670110 0.000714120 0.000949490 0.000713710 0.000687870 0.000880990 0.001030790 0.000459300 0.000669680 0.000666490 0.000657150 0.000656450 0.001455400 
38     0.000849830 0.000949650 0.000989980 0.001096500 0.001163610 0.001165050 0.001065900 0.001057760 0.000865670 0.000891970 0.000994390 0.000482730 0.000186890 0.000003460 0.000000000 0.000016950 0.000044460 0.000017050 0.000033500 0.000021980 0.000410710 0.000623970 0.000702860 0.001296900 0.001018170 0.000702800 0.000497880 0.000862630 0.000657870 0.000481010 0.000607150 0.000644470 0.000646820 0.000651430 0.000652430 0.000906780 0.000734730 0.000656790 0.000670520 0.000696460 0.000949900 0.000714120 0.000668510 0.000881400 0.001005810 0.000455270 0.000670090 0.000644120 0.000657560 0.000656860 0.001125080 
27     0.000685920 0.000897680 0.000938010 0.001044530 0.001111640 0.001113080 0.001013930 0.001005790 0.000813700 0.000840000 0.001001330 0.000729020 0.000199640 0.000016070 0.000016950 0.000000000 0.000026690 0.000024100 0.000026690 0.000034730 0.000358740 0.000572000 0.000650890 0.001233280 0.000966200 0.000650830 0.000445910 0.000810660 0.000605900 0.000429040 0.000616800 0.000592500 0.000594850 0.000599460 0.000600460 0.000890160 0.000682760 0.000604820 0.000618550 0.000662560 0.000890760 0.000662150 0.000636310 0.000829430 0.000941550 0.000391010 0.000618120 0.000579860 0.000605590 0.000604890 0.000864540 
20     0.000695520 0.000881050 0.000921380 0.001027900 0.001095010 0.001096450 0.000997300 0.000989160 0.000797070 0.000823370 0.000995380 0.000385800 0.000131150 0.000003710 0.000044460 0.000026690 0.000000000 0.000033390 0.000000000 0.000041080 0.000342110 0.000396680 0.000634260 0.001221110 0.000949570 0.000634200 0.000429280 0.000794030 0.000589270 0.000385030 0.000613390 0.000575870 0.000578220 0.000582830 0.000583830 0.000873530 0.000666130 0.000588190 0.000601920 0.000645930 0.000689240 0.000645520 0.000619680 0.000812800 0.000929380 0.000378840 0.000567190 0.000532800 0.000588960 0.000588260 0.000663020 
14     0.000691950 0.000877790 0.000918120 0.001024640 0.001091750 0.001093190 0.000994040 0.000985900 0.000793810 0.000820110 0.001000480 0.000716850 0.000111310 0.000016310 0.000017050 0.000024100 0.000033390 0.000000000 0.000034560 0.000005030 0.000338850 0.000364240 0.000631000 0.001218550 0.000946310 0.000630940 0.000426020 0.000790770 0.000586010 0.000352590 0.000666510 0.000572610 0.000574960 0.000579570 0.000580570 0.000870270 0.000662870 0.000584930 0.000598660 0.000641150 0.000656800 0.000621200 0.000616420 0.000809540 0.000926820 0.000376280 0.000534750 0.000500360 0.000585700 0.000585000 0.000630580 
12     0.001051280 0.000962070 0.001002400 0.001108920 0.001157900 0.001157830 0.001078320 0.001070180 0.000878090 0.000904390 0.001038880 0.000590430 0.000313410 0.000003660 0.000033500 0.000026690 0.000000000 0.000034560 0.000000000 0.000095240 0.000423130 0.000636390 0.000715280 0.001381160 0.001030590 0.000715220 0.000510300 0.000875050 0.000670290 0.000493430 0.000746370 0.000656890 0.000659240 0.000663850 0.000664850 0.000954550 0.000747150 0.000669210 0.000682940 0.000726950 0.000962320 0.000726540 0.000700700 0.000893820 0.001210930 0.000472130 0.000682510 0.000679320 0.000669980 0.000669280 0.001640650 
50     0.000323550 0.000767180 0.000896130 0.000903910 0.000767380 0.000767310 0.001065140 0.000804870 0.000864910 0.000891210 0.000531010 0.000111150 0.000016900 0.000021240 0.000021980 0.000034730 0.000041080 0.000005030 0.000095240 0.000000000 0.000396380 0.000623210 0.000702100 0.001224490 0.001017410 0.000702040 0.000441480 0.000856140 0.000635220 0.000379240 0.000612170 0.000599210 0.000605980 0.000520650 0.000651670 0.000800520 0.000733970 0.000656030 0.000669760 0.000632960 0.000866290 0.000713360 0.000388830 0.000644640 0.000759120 0.000323700 0.000254310 0.000290790 0.000475840 0.000359630 0.001051330 
13     0.000433340 0.000436130 0.000565080 0.000572860 0.000436330 0.000436260 0.000819670 0.000473820 0.000619440 0.000645740 0.000376950 0.000822570 0.000520030 0.000410300 0.000410710 0.000358740 0.000342110 0.000338850 0.000423130 0.000396380 0.000000000 0.000243760 0.000000380 0.000000400 0.000000760 0.000000820 0.000153490 0.000255460 0.000181840 0.000088330 0.000069690 0.000178990 0.000166220 0.000179460 0.000214880 0.000276580 0.000362240 0.000097320 0.000189150 0.000210370 0.000536430 0.000378750 0.000182420 0.000236010 0.000663240 0.000213480 0.000252040 0.000304700 0.000303840 0.000269940 0.000896340 
49     0.000836850 0.000912030 0.000957010 0.000950210 0.001130640 0.001132080 0.001032930 0.001024790 0.000832700 0.000859000 0.000834140 0.001100320 0.000776570 0.000623560 0.000623970 0.000572000 0.000396680 0.000364240 0.000636390 0.000623210 0.000243760 0.000000000 0.000044260 0.000220560 0.000189930 0.000109350 0.000359130 0.000373710 0.000535760 0.000161230 0.000386700 0.000444630 0.000431860 0.000445100 0.000480520 0.000686330 0.000612620 0.000407540 0.000454340 0.000449790 0.000465440 0.000083770 0.000277430 0.000500380 0.000908900 0.000064050 0.000516410 0.000516340 0.000549500 0.000623890 0.000505240 
39     0.001045480 0.000995570 0.001035900 0.001093640 0.001209530 0.001210970 0.001111820 0.001103680 0.000880640 0.000909910 0.000382310 0.001247120 0.000855460 0.000702450 0.000702860 0.000650890 0.000634260 0.000631000 0.000715280 0.000702100 0.000000380 0.000044260 0.000000000 0.000000040 0.000000400 0.000000460 0.000320600 0.000507670 0.000283960 0.000272630 0.000458750 0.000509820 0.000502690 0.000509060 0.000497420 0.000481710 0.000691510 0.000288360 0.000288030 0.000548060 0.000906680 0.000670900 0.000305050 0.000366120 0.000980950 0.000475120 0.000382150 0.000434810 0.000488610 0.000512530 0.001774330 
42     0.001605020 0.001664350 0.001704680 0.001493210 0.001878310 0.001879750 0.001780600 0.001772460 0.001262530 0.001370980 0.000382330 0.001412000 0.001358070 0.001322520 0.001296900 0.001233280 0.001221110 0.001218550 0.001381160 0.001224490 0.000000400 0.000220560 0.000000040 0.000000000 0.000000360 0.000000420 0.000965300 0.001347290 0.000283980 0.000958040 0.001886200 0.001206370 0.001208890 0.001257280 0.001213800 0.000481730 0.001360290 0.000288380 0.000288050 0.001340090 0.001575460 0.001339680 0.000305070 0.001596100 0.001692950 0.001032250 0.001115830 0.001109300 0.001270280 0.001357230 0.001846100 
32     0.001096090 0.001310880 0.001139760 0.001144250 0.001524840 0.001526280 0.001427130 0.001418990 0.000931250 0.000960520 0.000382690 0.001365490 0.001170770 0.001017760 0.001018170 0.000966200 0.000949570 0.000946310 0.001030590 0.001017410 0.000000760 0.000189930 0.000000400 0.000000360 0.000000000 0.000000060 0.000522190 0.000558280 0.000284340 0.000323240 0.000588740 0.000560430 0.000553300 0.000559670 0.000548030 0.000482090 0.001006820 0.000288740 0.000288410 0.000819380 0.001221990 0.000986210 0.000305430 0.000416730 0.001185900 0.000616270 0.000432760 0.000485420 0.000539220 0.000563140 0.002226370 
47     0.001146270 0.000995510 0.001035840 0.001142360 0.001209470 0.001210910 0.001111760 0.001103620 0.000911530 0.000937830 0.000382750 0.001425060 0.000855400 0.000702390 0.000702800 0.000650830 0.000634200 0.000630940 0.000715220 0.000702040 0.000000820 0.000109350 0.000000460 0.000000420 0.000000060 0.000000000 0.000365670 0.000424500 0.000284400 0.000427910 0.000554320 0.000601190 0.000599480 0.000608150 0.000609150 0.000242640 0.000328300 0.000288800 0.000288470 0.000643630 0.000906620 0.000670840 0.000305490 0.000927260 0.001076520 0.000505570 0.000715950 0.000712760 0.000703420 0.000412800 0.002063550 
17     0.000941350 0.000790590 0.000830920 0.000857730 0.001004550 0.001005990 0.000906840 0.000898700 0.000706610 0.000732910 0.000544090 0.001113320 0.000650480 0.000497470 0.000497880 0.000445910 0.000429280 0.000426020 0.000510300 0.000441480 0.000153490 0.000359130 0.000320600 0.000965300 0.000522190 0.000365670 0.000000000 0.000000080 0.000084290 0.000141740 0.000198980 0.000153720 0.000248480 0.000244050 0.000297140 0.000263890 0.000277030 0.000289190 0.000271410 0.000244360 0.000396210 0.000306170 0.000210450 0.000535920 0.000672160 0.000300650 0.000385640 0.000473820 0.000312760 0.000366730 0.000733480 
33     0.001161570 0.001155340 0.001195670 0.001209730 0.001369300 0.001370740 0.001271590 0.001263450 0.000996730 0.001026000 0.000803400 0.001380470 0.000979790 0.000862220 0.000862630 0.000810660 0.000794030 0.000790770 0.000875050 0.000856140 0.000255460 0.000373710 0.000507670 0.001347290 0.000558280 0.000424500 0.000000080 0.000000000 0.000569900 0.000357700 0.000409320 0.000467250 0.000454480 0.000467720 0.000503140 0.000425080 0.000510740 0.000495190 0.000477410 0.000498630 0.001026700 0.000561030 0.000470680 0.000572010 0.000878160 0.000540760 0.000588040 0.000640700 0.000518760 0.000718420 0.001833270 
29     0.001101340 0.000950580 0.000990910 0.001031920 0.001164540 0.001165980 0.001066830 0.001058690 0.000866600 0.000892900 0.000666250 0.001383370 0.000810470 0.000657460 0.000657870 0.000605900 0.000589270 0.000586010 0.000670290 0.000635220 0.000181840 0.000535760 0.000283960 0.000283980 0.000284340 0.000284400 0.000084290 0.000569900 0.000000000 0.000105550 0.000131500 0.000233150 0.000220380 0.000233620 0.000269040 0.000125280 0.000080770 0.000006260 0.000005930 0.000224120 0.000505950 0.000500520 0.000022950 0.000777310 0.000775560 0.000438160 0.000489040 0.000648010 0.000416160 0.000560470 0.001244590 
16     0.000460660 0.000463450 0.000592400 0.000600180 0.000463650 0.000463580 0.000889970 0.000501140 0.000689740 0.000716040 0.000404270 0.001130470 0.000342250 0.000480600 0.000481010 0.000429040 0.000385030 0.000352590 0.000493430 0.000379240 0.000088330 0.000161230 0.000272630 0.000958040 0.000323240 0.000427910 0.000141740 0.000357700 0.000105550 0.000000000 0.000003470 0.000097120 0.000084350 0.000097590 0.000133010 0.000080030 0.000035520 0.000125060 0.000107280 0.000109990 0.000304270 0.000151730 0.000076170 0.000336970 0.000596530 0.000259130 0.000310010 0.000405660 0.000237130 0.000304490 0.000493590 
41     0.000780400 0.000783190 0.000912140 0.000919920 0.000783390 0.000783320 0.001689980 0.000820880 0.001027190 0.001056460 0.000524100 0.001293480 0.000801990 0.000649830 0.000607150 0.000616800 0.000613390 0.000666510 0.000746370 0.000612170 0.000069690 0.000386700 0.000458750 0.001886200 0.000588740 0.000554320 0.000198980 0.000409320 0.000131500 0.000003470 0.000000000 0.000099450 0.000086680 0.000099920 0.000135340 0.000341150 0.000347580 0.000127390 0.000109610 0.000125610 0.000493770 0.000417440 0.000097660 0.000602470 0.000598860 0.000261460 0.000312340 0.000671160 0.000239460 0.000732760 0.001707110 
21     0.001087940 0.000937180 0.000977510 0.001084030 0.001151140 0.001152580 0.001053430 0.001045290 0.000853200 0.000879500 0.000582030 0.001276140 0.000797070 0.000644060 0.000644470 0.000592500 0.000575870 0.000572610 0.000656890 0.000599210 0.000178990 0.000444630 0.000509820 0.001206370 0.000560430 0.000601190 0.000153720 0.000467250 0.000233150 0.000097120 0.000099450 0.000000000 0.000001130 0.000000890 0.000012820 0.000013390 0.000011300 0.000045090 0.000080940 0.000188760 0.000013320 0.000019630 0.000143380 0.000574160 0.000656790 0.000319390 0.000370270 0.000642850 0.000297390 0.000524460 0.001543500 
18     0.001090290 0.000939530 0.000979860 0.001086380 0.001153490 0.001154930 0.001055780 0.001047640 0.000855550 0.000881850 0.000569260 0.001289490 0.000799420 0.000646410 0.000646820 0.000594850 0.000578220 0.000574960 0.000659240 0.000605980 0.000166220 0.000431860 0.000502690 0.001208890 0.000553300 0.000599480 0.000248480 0.000454480 0.000220380 0.000084350 0.000086680 0.000001130 0.000000000 0.000000520 0.000004170 0.000015730 0.000013640 0.000037960 0.000080930 0.000175990 0.000015660 0.000052890 0.000148040 0.000567030 0.000644020 0.000306620 0.000357500 0.000635720 0.000284620 0.000531230 0.001752270 
36     0.001094900 0.000944140 0.000984470 0.001090990 0.001158100 0.001159540 0.001060390 0.001052250 0.000860160 0.000886460 0.000582500 0.001274040 0.000804030 0.000651020 0.000651430 0.000599460 0.000582830 0.000579570 0.000663850 0.000520650 0.000179460 0.000445100 0.000509060 0.001257280 0.000559670 0.000608150 0.000244050 0.000467720 0.000233620 0.000097590 0.000099920 0.000000890 0.000000520 0.000000000 0.000006490 0.000002260 0.000000170 0.000044330 0.000069810 0.000189230 0.000002190 0.000182360 0.000161280 0.000573400 0.000657260 0.000319860 0.000370740 0.000642090 0.000297860 0.000445900 0.001530450 
25     0.001095900 0.000945140 0.000985470 0.001091990 0.001159100 0.001160540 0.001061390 0.001053250 0.000861160 0.000887460 0.000617920 0.001292940 0.000805030 0.000652020 0.000652430 0.000600460 0.000583830 0.000580570 0.000664850 0.000651670 0.000214880 0.000480520 0.000497420 0.001213800 0.000548030 0.000609150 0.000297140 0.000503140 0.000269040 0.000133010 0.000135340 0.000012820 0.000004170 0.000006490 0.000000000 0.000257720 0.000282740 0.000032690 0.000075660 0.000224650 0.000313600 0.000420870 0.000196700 0.000561760 0.000692680 0.000355280 0.000406160 0.000630450 0.000333280 0.000596210 0.001550930 
19     0.001385600 0.001234840 0.001275170 0.001381690 0.001448800 0.001450240 0.001351090 0.001342950 0.001121800 0.001177160 0.000823730 0.001409960 0.001051190 0.000941720 0.000906780 0.000890160 0.000873530 0.000870270 0.000954550 0.000800520 0.000276580 0.000686330 0.000481710 0.000481730 0.000482090 0.000242640 0.000263890 0.000425080 0.000125280 0.000080030 0.000341150 0.000013390 0.000015730 0.000002260 0.000257720 0.000000000 0.000002270 0.000070450 0.000071910 0.000252860 0.000000070 0.000503540 0.000176740 0.000968460 0.000898490 0.000561090 0.000611970 0.000952090 0.000539090 0.000725770 0.001554690 
26     0.001178200 0.001027440 0.001067770 0.001174290 0.001241400 0.001242840 0.001143690 0.001135550 0.000943460 0.000969760 0.000830160 0.000914040 0.000887330 0.000734320 0.000734730 0.000682760 0.000666130 0.000662870 0.000747150 0.000733970 0.000362240 0.000612620 0.000691510 0.001360290 0.001006820 0.000328300 0.000277030 0.000510740 0.000080770 0.000035520 0.000347580 0.000011300 0.000013640 0.000000170 0.000282740 0.000002270 0.000000000 0.000059230 0.000069820 0.000266000 0.000002200 0.000058930 0.000213610 0.000959190 0.000904920 0.000537500 0.000618400 0.000744690 0.000545520 0.000734650 0.001849900 
48     0.001100260 0.000949500 0.000989830 0.001096350 0.001163460 0.001164900 0.001065750 0.001057610 0.000865520 0.000891820 0.000609970 0.001319960 0.000809390 0.000656380 0.000656790 0.000604820 0.000588190 0.000584930 0.000669210 0.000656030 0.000097320 0.000407540 0.000288360 0.000288380 0.000288740 0.000288800 0.000289190 0.000495190 0.000006260 0.000125060 0.000127390 0.000045090 0.000037960 0.000044330 0.000032690 0.000070450 0.000059230 0.000000000 0.000000910 0.000216700 0.000070380 0.000447890 0.000026990 0.000548070 0.000684730 0.000347330 0.000398210 0.000616760 0.000325330 0.000656710 0.000296540 
45     0.001113990 0.000963230 0.001003560 0.001110080 0.001177190 0.001178630 0.001079480 0.001071340 0.000879250 0.000905550 0.000592190 0.001261500 0.000823120 0.000670110 0.000670520 0.000618550 0.000601920 0.000598660 0.000682940 0.000669760 0.000189150 0.000454340 0.000288030 0.000288050 0.000288410 0.000288470 0.000271410 0.000477410 0.000005930 0.000107280 0.000109610 0.000080940 0.000080930 0.000069810 0.000075660 0.000071910 0.000069820 0.000000910 0.000000000 0.000198920 0.000071840 0.000389430 0.000026660 0.000591040 0.000666950 0.000329550 0.000380430 0.000659730 0.000307550 0.000670440 0.000619780 
30     0.001113760 0.001007240 0.001047570 0.001154090 0.001221200 0.001222640 0.001123490 0.001115350 0.000923260 0.000949560 0.000613410 0.001270170 0.000867130 0.000714120 0.000696460 0.000662560 0.000645930 0.000641150 0.000726950 0.000632960 0.000210370 0.000449790 0.000548060 0.001340090 0.000819380 0.000643630 0.000244360 0.000498630 0.000224120 0.000109990 0.000125610 0.000188760 0.000175990 0.000189230 0.000224650 0.000252860 0.000266000 0.000216700 0.000198920 0.000000000 0.000041660 0.000041880 0.000048110 0.000758140 0.000688170 0.000350770 0.000401650 0.000724490 0.000328770 0.000558210 0.000782150 
23     0.001129410 0.001204590 0.001282940 0.001242770 0.001456570 0.001458010 0.001358860 0.001350720 0.001158630 0.001184930 0.000968900 0.001673780 0.001102500 0.000949490 0.000949900 0.000890760 0.000689240 0.000656800 0.000962320 0.000866290 0.000536430 0.000465440 0.000906680 0.001575460 0.001221990 0.000906620 0.000396210 0.001026700 0.000505950 0.000304270 0.000493770 0.000013320 0.000015660 0.000002190 0.000313600 0.000000070 0.000002200 0.000070380 0.000071840 0.000041660 0.000000000 0.000007190 0.000012360 0.001076550 0.001366900 0.000722160 0.000843290 0.000808900 0.000907750 0.000791540 0.000797800 
43     0.001093810 0.001006830 0.001047160 0.001153680 0.001220790 0.001222230 0.001123080 0.001114940 0.000922850 0.000949150 0.000905240 0.001310490 0.000866720 0.000713710 0.000714120 0.000662150 0.000645520 0.000621200 0.000726540 0.000713360 0.000378750 0.000083770 0.000670900 0.001339680 0.000986210 0.000670840 0.000306170 0.000561030 0.000500520 0.000151730 0.000417440 0.000019630 0.000052890 0.000182360 0.000420870 0.000503540 0.000058930 0.000447890 0.000389430 0.000041880 0.000007190 0.000000000 0.000013680 0.000938580 0.000980000 0.000516890 0.000693480 0.000724080 0.000620600 0.000714040 0.000762200 
22     0.001099790 0.000980990 0.001021320 0.001127840 0.001194950 0.001196390 0.001097240 0.001089100 0.000897010 0.000923310 0.000491440 0.001354840 0.000840880 0.000687870 0.000668510 0.000636310 0.000619680 0.000616420 0.000700700 0.000388830 0.000182420 0.000277430 0.000305050 0.000305070 0.000305430 0.000305490 0.000210450 0.000470680 0.000022950 0.000076170 0.000097660 0.000143380 0.000148040 0.000161280 0.000196700 0.000176740 0.000213610 0.000026990 0.000026660 0.000048110 0.000012360 0.000013680 0.000000000 0.000599090 0.000660220 0.000322820 0.000373700 0.000698240 0.000300820 0.000314080 0.000768180 
31     0.001109820 0.001171950 0.001153490 0.001157980 0.001385910 0.001387350 0.001288200 0.001280060 0.000944980 0.000974250 0.000747250 0.001022040 0.001020100 0.000880990 0.000881400 0.000829430 0.000812800 0.000809540 0.000893820 0.000644640 0.000236010 0.000500380 0.000366120 0.001596100 0.000416730 0.000927260 0.000535920 0.000572010 0.000777310 0.000336970 0.000602470 0.000574160 0.000567030 0.000573400 0.000561760 0.000968460 0.000959190 0.000548070 0.000591040 0.000758140 0.001076550 0.000938580 0.000599090 0.000000000 0.000000000 0.000004020 0.000285170 0.000280930 0.000546270 0.000501510 0.001129180 
40     0.001675350 0.001594170 0.001634500 0.001600760 0.001808130 0.001809570 0.001710420 0.001702280 0.001291940 0.001400390 0.000987250 0.000826490 0.001066340 0.001030790 0.001005810 0.000941550 0.000929380 0.000926820 0.001210930 0.000759120 0.000663240 0.000908900 0.000980950 0.001692950 0.001185900 0.001076520 0.000672160 0.000878160 0.000775560 0.000596530 0.000598860 0.000656790 0.000644020 0.000657260 0.000692680 0.000898490 0.000904920 0.000684730 0.000666950 0.000688170 0.001366900 0.000980000 0.000660220 0.000000000 0.000000000 0.000107100 0.000656840 0.000851110 0.000350720 0.000565040 0.002171670 
15     0.000057060 0.000059850 0.000188800 0.000196580 0.000060050 0.000059980 0.000866510 0.000097540 0.000666280 0.000692580 0.000000670 0.000883930 0.000515800 0.000459300 0.000455270 0.000391010 0.000378840 0.000376280 0.000472130 0.000323700 0.000213480 0.000064050 0.000475120 0.001032250 0.000616270 0.000505570 0.000300650 0.000540760 0.000438160 0.000259130 0.000261460 0.000319390 0.000306620 0.000319860 0.000355280 0.000561090 0.000537500 0.000347330 0.000329550 0.000350770 0.000722160 0.000516890 0.000322820 0.000004020 0.000107100 0.000000000 0.000282550 0.000278310 0.000105760 0.000274720 0.001669900 
44     0.001061790 0.000961020 0.001001350 0.000949980 0.001174980 0.001176420 0.001077270 0.001069130 0.000877040 0.000903340 0.000702140 0.001198730 0.000772230 0.000669680 0.000670090 0.000618120 0.000567190 0.000534750 0.000682510 0.000254310 0.000252040 0.000516410 0.000382150 0.001115830 0.000432760 0.000715950 0.000385640 0.000588040 0.000489040 0.000310010 0.000312340 0.000370270 0.000357500 0.000370740 0.000406160 0.000611970 0.000618400 0.000398210 0.000380430 0.000401650 0.000843290 0.000693480 0.000373700 0.000285170 0.000656840 0.000282550 0.000000000 0.000007290 0.000255040 0.000266570 0.000817070 
46     0.001055260 0.000957830 0.000998160 0.000943450 0.001171790 0.001173230 0.001074080 0.001065940 0.000873850 0.000900150 0.001007040 0.001105330 0.000704650 0.000666490 0.000644120 0.000579860 0.000532800 0.000500360 0.000679320 0.000290790 0.000304700 0.000516340 0.000434810 0.001109300 0.000485420 0.000712760 0.000473820 0.000640700 0.000648010 0.000405660 0.000671160 0.000642850 0.000635720 0.000642090 0.000630450 0.000952090 0.000744690 0.000616760 0.000659730 0.000724490 0.000808900 0.000724080 0.000698240 0.000280930 0.000851110 0.000278310 0.000007290 0.000000000 0.000244920 0.000275080 0.000782680 
34     0.000166100 0.000168890 0.000297840 0.000305620 0.000169090 0.000169020 0.001064740 0.000206580 0.000808590 0.000890810 0.000109710 0.000808750 0.000712660 0.000657150 0.000657560 0.000605590 0.000588960 0.000585700 0.000669980 0.000475840 0.000303840 0.000549500 0.000488610 0.001270280 0.000539220 0.000703420 0.000312760 0.000518760 0.000416160 0.000237130 0.000239460 0.000297390 0.000284620 0.000297860 0.000333280 0.000539090 0.000545520 0.000325330 0.000307550 0.000328770 0.000907750 0.000620600 0.000300820 0.000546270 0.000350720 0.000105760 0.000255040 0.000244920 0.000000000 0.000030810 0.001733960 
28     0.000668700 0.000671490 0.000800440 0.000808220 0.000671690 0.000671620 0.001064040 0.000709180 0.000863810 0.000620640 0.000462240 0.000720060 0.000335480 0.000656450 0.000656860 0.000604890 0.000588260 0.000585000 0.000669280 0.000359630 0.000269940 0.000623890 0.000512530 0.001357230 0.000563140 0.000412800 0.000366730 0.000718420 0.000560470 0.000304490 0.000732760 0.000524460 0.000531230 0.000445900 0.000596210 0.000725770 0.000734650 0.000656710 0.000670440 0.000558210 0.000791540 0.000714040 0.000314080 0.000501510 0.000565040 0.000274720 0.000266570 0.000275080 0.000030810 0.000000000 0.000748740 
0     0.001064450 0.001139630 0.001226170 0.000903480 0.001656450 0.002265740 0.001520350 0.001616510 0.001371330 0.001224480 0.000099510 0.001037890 0.002007400 0.001455400 0.001125080 0.000864540 0.000663020 0.000630580 0.001640650 0.001051330 0.000896340 0.000505240 0.001774330 0.001846100 0.002226370 0.002063550 0.000733480 0.001833270 0.001244590 0.000493590 0.001707110 0.001543500 0.001752270 0.001530450 0.001550930 0.001554690 0.001849900 0.000296540 0.000619780 0.000782150 0.000797800 0.000762200 0.000768180 0.001129180 0.002171670 0.001669900 0.000817070 0.000782680 0.001733960 0.000748740 0.000000000 
