51
4     0.000000000 0.008044233 0.008716020 0.008385031 0.013322360 0.012643761 0.010506332 0.010889888 0.011186760 0.011185767 0.030107693 0.039691303 0.020569080 0.019503235 0.019570051 0.019107061 0.019022317 0.018837638 0.020875218 0.018981062 0.015884093 0.020603687 0.021940268 0.028325595 0.029425623 0.023191165 0.017860205 0.021644708 0.020291342 0.017936801 0.027066779 0.019872801 0.019887685 0.019965244 0.020127605 0.022570812 0.021162371 0.020224215 0.020408703 0.020015285 0.023967295 0.020513374 0.020091727 0.022051194 0.025925422 0.016444913 0.019855081 0.019847656 0.019359956 0.018981661 0.032935354 
1     0.008044233 0.000000000 0.003465890 0.008201677 0.013272773 0.012616544 0.010451140 0.010807614 0.011006087 0.011006572 0.029933566 0.039517142 0.020397832 0.019331986 0.019398803 0.018935812 0.018851068 0.018666390 0.020703969 0.018810087 0.015709931 0.020430281 0.021766863 0.028152190 0.029252218 0.023017759 0.017686799 0.021471153 0.020122244 0.017763395 0.026893373 0.019699395 0.019714279 0.019791838 0.019954199 0.022397406 0.020988965 0.020050809 0.020235298 0.019841880 0.023793890 0.020339968 0.019918321 0.021877831 0.025752060 0.016274880 0.019681718 0.019674294 0.019198879 0.018808299 0.032760930 
11     0.008716020 0.003465890 0.000000000 0.008846740 0.013874483 0.013204556 0.011143874 0.011387997 0.011669571 0.011670055 0.030584047 0.040119716 0.021040235 0.019974389 0.020041206 0.019578215 0.019493471 0.019308793 0.021346372 0.019452490 0.016360412 0.021080762 0.022417344 0.028802671 0.029902699 0.023668240 0.018337281 0.022121635 0.020772725 0.018413876 0.027543854 0.020349876 0.020364760 0.020442319 0.020604680 0.023047887 0.021639446 0.020701290 0.020885779 0.020492361 0.024444371 0.020990449 0.020568802 0.022528313 0.026402541 0.016922032 0.020329003 0.020321578 0.019846164 0.019455583 0.033411412 
10     0.008385031 0.008201677 0.008846740 0.000000000 0.011933668 0.011256821 0.009110463 0.009436073 0.010568384 0.010568599 0.029487217 0.039064457 0.019945147 0.018879302 0.018946118 0.018483127 0.018398383 0.018213705 0.020251285 0.018357402 0.015256359 0.019976710 0.021313291 0.027698619 0.028798647 0.022564188 0.017233228 0.021021793 0.019674652 0.017309824 0.026439802 0.019245824 0.019260708 0.019338267 0.019500628 0.021943835 0.020535394 0.019597238 0.019781726 0.019388308 0.023340318 0.019886397 0.019465238 0.021424260 0.025298489 0.015815348 0.019228118 0.019220693 0.018732129 0.018354698 0.032168804 
3     0.013322360 0.013272773 0.013874483 0.011933668 0.000000000 0.005123578 0.007680884 0.009392465 0.015507717 0.015509675 0.034449940 0.044035827 0.024916517 0.023850672 0.023917488 0.023454498 0.023369754 0.023185075 0.025222655 0.023328772 0.020227730 0.024948080 0.026284662 0.032669989 0.033770017 0.027535558 0.022204599 0.025987110 0.024634874 0.022281194 0.031411172 0.024217194 0.024232078 0.024309637 0.024471998 0.026915205 0.025506764 0.024568608 0.024753097 0.024359679 0.028311689 0.024857767 0.024436120 0.026395631 0.030269859 0.020788511 0.024199488 0.024192063 0.023704284 0.023326069 0.037278729 
5     0.012643761 0.012616544 0.013204556 0.011256821 0.005123578 0.000000000 0.007025438 0.008664916 0.014846600 0.014848558 0.033791823 0.043377710 0.024258400 0.023192554 0.023259371 0.022796380 0.022711636 0.022526958 0.024564537 0.022670655 0.019569612 0.024289963 0.025626544 0.032011871 0.033111899 0.026877441 0.021546481 0.025328993 0.023976757 0.021623077 0.030753055 0.023559077 0.023573961 0.023651520 0.023813881 0.026257088 0.024848647 0.023910491 0.024094979 0.023701561 0.027653571 0.024199650 0.023778003 0.025737513 0.029611741 0.020130394 0.023541371 0.023533946 0.023046166 0.022667951 0.036620612 
2     0.010506332 0.010451140 0.011143874 0.009110463 0.007680884 0.007025438 0.000000000 0.006778153 0.012714716 0.012716674 0.031657677 0.041242384 0.022123074 0.021057229 0.021124046 0.020661055 0.020576311 0.020391632 0.022429212 0.020535330 0.017434287 0.022154637 0.023491219 0.029876546 0.030976574 0.024742115 0.019411156 0.023196257 0.021841432 0.019487751 0.028617729 0.021423752 0.021438635 0.021516195 0.021678556 0.024121763 0.022713321 0.021775166 0.021959654 0.021566236 0.025518246 0.022064324 0.021643166 0.023602188 0.027476416 0.017995068 0.021406045 0.021398621 0.020910841 0.020532626 0.034485287 
8     0.010889888 0.010807614 0.011387997 0.009436073 0.009392465 0.008664916 0.006778153 0.000000000 0.013106454 0.013108412 0.032033241 0.041617948 0.022498638 0.021432793 0.021499609 0.021036619 0.020951875 0.020767196 0.022804776 0.020910894 0.017809851 0.022530201 0.023866783 0.030252110 0.031352138 0.025117679 0.019786720 0.023571820 0.022218764 0.019863315 0.028993293 0.021799315 0.021814199 0.021891758 0.022054119 0.024497326 0.023088885 0.022150729 0.022335218 0.021941800 0.025893810 0.022439888 0.022018730 0.023977752 0.027851980 0.018371471 0.021781609 0.021774185 0.021286405 0.020908190 0.034860851 
6     0.011186760 0.011006087 0.011669571 0.010568384 0.015507717 0.014846600 0.012714716 0.013106454 0.000000000 0.002354826 0.027793541 0.037359552 0.018241003 0.017175158 0.017241974 0.016778984 0.016694240 0.016509561 0.018547141 0.016653259 0.013528639 0.018247736 0.019584318 0.025969645 0.027069673 0.020835214 0.015503173 0.019300936 0.017944314 0.015580170 0.024710148 0.017515878 0.017530761 0.017608321 0.017770682 0.020212611 0.018805447 0.017867292 0.018051780 0.017658146 0.021611375 0.018157454 0.017739348 0.019696480 0.023566626 0.014086648 0.017500168 0.017492743 0.017017988 0.016627007 0.030595367 
9     0.011185767 0.011006572 0.011670055 0.010568599 0.015509675 0.014848558 0.012716674 0.013108412 0.002354826 0.000000000 0.027790095 0.037356106 0.018237557 0.017171712 0.017238528 0.016775538 0.016690794 0.016506115 0.018543695 0.016649812 0.013525193 0.018244290 0.019580872 0.025966199 0.027066227 0.020831768 0.015498349 0.019296111 0.017940868 0.015576724 0.024706702 0.017512431 0.017527315 0.017604875 0.017767235 0.020209165 0.018802001 0.017863846 0.018048334 0.017654700 0.021607929 0.018154007 0.017735902 0.019693034 0.023563180 0.014083202 0.017496722 0.017489297 0.017014542 0.016623561 0.030591921 
7     0.030107693 0.029933566 0.030584047 0.029487217 0.034449940 0.033791823 0.031657677 0.032033241 0.027793541 0.027790095 0.000000000 0.047548411 0.028425707 0.027361255 0.027428072 0.026965081 0.026880337 0.026695658 0.028733238 0.026819848 0.023727110 0.028462835 0.029799076 0.036184334 0.037284362 0.031049903 0.025705452 0.029514793 0.028132926 0.025772538 0.034902516 0.027708539 0.027723422 0.027800982 0.027963343 0.030412136 0.028998108 0.028075470 0.028259958 0.027851023 0.031803033 0.028349111 0.027940186 0.029934338 0.033783284 0.024329407 0.027767911 0.027760487 0.027285820 0.026894473 0.040868470 
24     0.039691303 0.039517142 0.040119716 0.039064457 0.044035827 0.043377710 0.041242384 0.041617948 0.037359552 0.037356106 0.047548411 0.000000000 0.029342710 0.028292253 0.028358411 0.027896088 0.027810611 0.027623571 0.029659195 0.027753735 0.027986993 0.032765541 0.034089647 0.040504528 0.041591733 0.035358567 0.029893451 0.033731192 0.032459266 0.030064709 0.039200978 0.031999655 0.032014539 0.032092098 0.032254459 0.034702951 0.033278152 0.032346371 0.032530860 0.032141536 0.036092412 0.032638491 0.032207371 0.034154426 0.037965436 0.028522207 0.032066142 0.032058636 0.031582124 0.031188338 0.048168901 
37     0.020569080 0.020397832 0.021040235 0.019945147 0.024916517 0.024258400 0.022123074 0.022498638 0.018241003 0.018237557 0.028425707 0.029342710 0.000000000 0.004572726 0.004642858 0.004170725 0.004077322 0.003908675 0.005958488 0.004144684 0.008788318 0.013622545 0.014944484 0.021359365 0.022444615 0.016211449 0.010748248 0.014585959 0.013305062 0.010908001 0.020044259 0.012845436 0.012860320 0.012937879 0.013100240 0.015548732 0.014133829 0.013196154 0.013380643 0.012983921 0.016935007 0.013480875 0.013094624 0.014858325 0.018667594 0.009278234 0.012775964 0.012768459 0.012291264 0.011897522 0.029110712 
35     0.019503235 0.019331986 0.019974389 0.018879302 0.023850672 0.023192554 0.021057229 0.021432793 0.017175158 0.017171712 0.027361255 0.028292253 0.004572726 0.000000000 0.001671154 0.001573325 0.001543030 0.001569811 0.003692260 0.003085459 0.007723589 0.012558964 0.013880903 0.020295784 0.021381034 0.015147868 0.009682800 0.013520472 0.012235202 0.009839098 0.018975357 0.011769528 0.011785830 0.011861971 0.012024271 0.014476252 0.013061349 0.012124993 0.012309482 0.011915564 0.015866649 0.012412518 0.012026267 0.013794262 0.017603577 0.008210163 0.011713495 0.011705990 0.011228779 0.010836767 0.028044867 
38     0.019570051 0.019398803 0.020041206 0.018946118 0.023917488 0.023259371 0.021124046 0.021499609 0.017241974 0.017238528 0.027428072 0.028358411 0.004642858 0.001671154 0.000000000 0.001629597 0.001655080 0.001644000 0.003764907 0.003146838 0.007790214 0.012625589 0.013947528 0.020362409 0.021447659 0.015214493 0.009749425 0.013587097 0.012301826 0.009905723 0.019041981 0.011836152 0.011852455 0.011928595 0.012090895 0.014542876 0.013127974 0.012191618 0.012376106 0.011982188 0.015933274 0.012479143 0.012092891 0.013861104 0.017670419 0.008277004 0.011780337 0.011772831 0.011295621 0.010903608 0.028111684 
27     0.019107061 0.018935812 0.019578215 0.018483127 0.023454498 0.022796380 0.020661055 0.021036619 0.016778984 0.016775538 0.026965081 0.027896088 0.004170725 0.001573325 0.001629597 0.000000000 0.001141839 0.001124483 0.003256702 0.002683470 0.007327224 0.012162599 0.013484537 0.019899419 0.020984668 0.014751502 0.009286434 0.013124106 0.011838836 0.009442733 0.018578991 0.011373162 0.011389465 0.011465605 0.011627905 0.014079886 0.012664983 0.011728627 0.011913116 0.011519198 0.015470284 0.012016152 0.011629901 0.013398113 0.017207428 0.007814014 0.011317346 0.011309841 0.010832630 0.010440618 0.027648693 
20     0.019022317 0.018851068 0.019493471 0.018398383 0.023369754 0.022711636 0.020576311 0.020951875 0.016694240 0.016690794 0.026880337 0.027810611 0.004077322 0.001543030 0.001655080 0.001141839 0.000000000 0.001043431 0.003212175 0.002593392 0.007242480 0.012077855 0.013399793 0.019814675 0.020899924 0.014666758 0.009201690 0.013039362 0.011754092 0.009357989 0.018494247 0.011288418 0.011304721 0.011380861 0.011543161 0.013995142 0.012580239 0.011643883 0.011828372 0.011434454 0.015385540 0.011931408 0.011545157 0.013313369 0.017122684 0.007729270 0.011232602 0.011225097 0.010747886 0.010355874 0.027563949 
14     0.018837638 0.018666390 0.019308793 0.018213705 0.023185075 0.022526958 0.020391632 0.020767196 0.016509561 0.016506115 0.026695658 0.027623571 0.003908675 0.001569811 0.001644000 0.001124483 0.001043431 0.000000000 0.003005981 0.002414100 0.007060429 0.011893316 0.013215255 0.019630136 0.020715386 0.014482220 0.009019011 0.012856683 0.011570505 0.009173444 0.018298269 0.011113865 0.011128749 0.011206308 0.011368669 0.013817161 0.012402258 0.011464583 0.011649072 0.011248554 0.015199640 0.011745508 0.011359257 0.013128986 0.016938301 0.007544886 0.011048219 0.011040714 0.010563503 0.010171491 0.027379270 
12     0.020875218 0.020703969 0.021346372 0.020251285 0.025222655 0.024564537 0.022429212 0.022804776 0.018547141 0.018543695 0.028733238 0.029659195 0.005958488 0.003692260 0.003764907 0.003256702 0.003212175 0.003005981 0.000000000 0.004443837 0.009098423 0.013932733 0.015254672 0.021669553 0.022754803 0.016521637 0.011059474 0.014897146 0.013615260 0.011218199 0.020354457 0.013155634 0.013170518 0.013248077 0.013410438 0.015858929 0.014444027 0.013506352 0.013690840 0.013294119 0.017245205 0.013791073 0.013404822 0.015166541 0.018975856 0.009582441 0.013085774 0.013078268 0.012601058 0.012209046 0.029416850 
50     0.018981062 0.018810087 0.019452490 0.018357402 0.023328772 0.022670655 0.020535330 0.020910894 0.016653259 0.016649812 0.026819848 0.027753735 0.004144684 0.003085459 0.003146838 0.002683470 0.002593392 0.002414100 0.004443837 0.000000000 0.007204243 0.012038457 0.013360395 0.019775277 0.020860527 0.014627360 0.009159711 0.012997595 0.011720215 0.009323154 0.018459412 0.011260589 0.011275473 0.011353032 0.011515393 0.013962737 0.012548982 0.011611307 0.011795796 0.011399074 0.015350160 0.011896028 0.011509777 0.013270690 0.017079201 0.007693449 0.011195426 0.011187921 0.010710710 0.010318698 0.027523527 
13     0.015884093 0.015709931 0.016360412 0.015256359 0.020227730 0.019569612 0.017434287 0.017809851 0.013528639 0.013525193 0.023727110 0.027986993 0.008788318 0.007723589 0.007790214 0.007327224 0.007242480 0.007060429 0.009098423 0.007204243 0.000000000 0.006609229 0.007941867 0.014316900 0.015431750 0.009194791 0.004050698 0.007893662 0.006545947 0.004148957 0.013301732 0.006103856 0.006118615 0.006196299 0.006358631 0.008805041 0.007390515 0.006463443 0.006647560 0.006245576 0.010197868 0.006743494 0.006346088 0.010276697 0.014063977 0.004690550 0.008086718 0.008079712 0.007608826 0.007216265 0.024350793 
49     0.020603687 0.020430281 0.021080762 0.019976710 0.024948080 0.024289963 0.022154637 0.022530201 0.018247736 0.018244290 0.028462835 0.032765541 0.013622545 0.012558964 0.012625589 0.012162599 0.012077855 0.011893316 0.013932733 0.012038457 0.006609229 0.000000000 0.004632227 0.010905895 0.011970218 0.005711970 0.008764182 0.012597711 0.011334713 0.008902495 0.018043404 0.010885030 0.010898457 0.010976513 0.011139338 0.013580071 0.012171674 0.011248615 0.011432078 0.011014721 0.014947757 0.011493644 0.011124071 0.015059289 0.018857041 0.009364614 0.012901160 0.012894154 0.012419284 0.012026511 0.029081449 
39     0.021940268 0.021766863 0.022417344 0.021313291 0.026284662 0.025626544 0.023491219 0.023866783 0.019584318 0.019580872 0.029799076 0.034089647 0.014944484 0.013880903 0.013947528 0.013484537 0.013399793 0.013215255 0.015254672 0.013360395 0.007941867 0.004632227 0.000000000 0.011223319 0.012381276 0.006089603 0.010086085 0.013920532 0.012661853 0.010227796 0.019368616 0.012210296 0.012224683 0.012302739 0.012464603 0.014907976 0.013498307 0.012575376 0.012758839 0.012341870 0.016273039 0.012818926 0.012450458 0.016387150 0.020184901 0.010697991 0.014223277 0.014216272 0.013740290 0.013347517 0.030410110 
42     0.028325595 0.028152190 0.028802671 0.027698619 0.032669989 0.032011871 0.029876546 0.030252110 0.025969645 0.025966199 0.036184334 0.040504528 0.021359365 0.020295784 0.020362409 0.019899419 0.019814675 0.019630136 0.021669553 0.019775277 0.014316900 0.010905895 0.011223319 0.000000000 0.017844411 0.011459259 0.016478297 0.020312744 0.019053064 0.016619006 0.025757606 0.018601506 0.018615893 0.018693949 0.018855814 0.021292519 0.019889517 0.018966586 0.019150049 0.018733081 0.022666181 0.019212067 0.018841668 0.022800969 0.026598720 0.017111810 0.020637159 0.020630154 0.020154172 0.019761399 0.036808673 
32     0.029425623 0.029252218 0.029902699 0.028798647 0.033770017 0.033111899 0.030976574 0.031352138 0.027069673 0.027066227 0.037284362 0.041591733 0.022444615 0.021381034 0.021447659 0.020984668 0.020899924 0.020715386 0.022754803 0.020860527 0.015431750 0.011970218 0.012381276 0.017844411 0.000000000 0.008894648 0.017595455 0.021429902 0.020165665 0.017718592 0.026865267 0.019708773 0.019723160 0.019801216 0.019963081 0.022409015 0.021000399 0.020077467 0.020260930 0.019843962 0.023779184 0.020325070 0.019954206 0.023887080 0.027684832 0.018197922 0.021721453 0.021714448 0.021236887 0.020842567 0.037903386 
47     0.023191165 0.023017759 0.023668240 0.022564188 0.027535558 0.026877441 0.024742115 0.025117679 0.020835214 0.020831768 0.031049903 0.035358567 0.016211449 0.015147868 0.015214493 0.014751502 0.014666758 0.014482220 0.016521637 0.014627360 0.009194791 0.005711970 0.006089603 0.011459259 0.008894648 0.000000000 0.011357504 0.015191951 0.013926649 0.011479576 0.020629799 0.013469757 0.013484145 0.013562200 0.013724065 0.016169999 0.014761383 0.013838452 0.014021915 0.013604946 0.017540168 0.014086054 0.013715190 0.017652721 0.021450473 0.011963563 0.015487095 0.015480089 0.015002528 0.014608208 0.031668927 
17     0.017860205 0.017686799 0.018337281 0.017233228 0.022204599 0.021546481 0.019411156 0.019786720 0.015503173 0.015498349 0.025705452 0.029893451 0.010748248 0.009682800 0.009749425 0.009286434 0.009201690 0.009019011 0.011059474 0.009159711 0.004050698 0.008764182 0.010086085 0.016478297 0.017595455 0.011357504 0.000000000 0.005254920 0.006829038 0.004389892 0.013535774 0.006395771 0.006408172 0.006488718 0.006648525 0.009097071 0.007681401 0.006763527 0.006950777 0.006540216 0.010495478 0.007047325 0.006640898 0.012257008 0.016052006 0.006578598 0.010077545 0.010070539 0.009597267 0.009205008 0.026332246 
33     0.021644708 0.021471153 0.022121635 0.021021793 0.025987110 0.025328993 0.023196257 0.023571820 0.019300936 0.019296111 0.029514793 0.033731192 0.014585959 0.013520472 0.013587097 0.013124106 0.013039362 0.012856683 0.014897146 0.012997595 0.007893662 0.012597711 0.013920532 0.020312744 0.021429902 0.015191951 0.005254920 0.000000000 0.010681837 0.008248770 0.017393865 0.010247547 0.010259974 0.010340494 0.010500327 0.012948909 0.011533868 0.010615994 0.010803319 0.010393254 0.014346892 0.010887611 0.010484489 0.016092477 0.019887476 0.010415668 0.013913014 0.013906009 0.013432736 0.013040478 0.030159535 
29     0.020291342 0.020122244 0.020772725 0.019674652 0.024634874 0.023976757 0.021841432 0.022218764 0.017944314 0.017940868 0.028132926 0.032459266 0.013305062 0.012235202 0.012301826 0.011838836 0.011754092 0.011570505 0.013615260 0.011720215 0.006545947 0.011334713 0.012661853 0.019053064 0.020165665 0.013926649 0.006829038 0.010681837 0.000000000 0.004606504 0.013739608 0.006689858 0.006700504 0.006780602 0.006939121 0.009408546 0.007960048 0.007090436 0.007267544 0.006842133 0.010866030 0.007415963 0.007010123 0.014720671 0.018516674 0.009074001 0.012503246 0.012496240 0.012033796 0.011641537 0.028811896 
16     0.017936801 0.017763395 0.018413876 0.017309824 0.022281194 0.021623077 0.019487751 0.019863315 0.015580170 0.015576724 0.025772538 0.030064709 0.010908001 0.009839098 0.009905723 0.009442733 0.009357989 0.009173444 0.011218199 0.009323154 0.004148957 0.008902495 0.010227796 0.016619006 0.017718592 0.011479576 0.004389892 0.008248770 0.004606504 0.000000000 0.010089529 0.004201684 0.004223521 0.004294194 0.004469610 0.006949491 0.005500494 0.004602893 0.004776613 0.004372918 0.008380280 0.004935687 0.004473927 0.012324943 0.016120946 0.006678631 0.010103285 0.010096045 0.009637879 0.009245620 0.026419133 
41     0.027066779 0.026893373 0.027543854 0.026439802 0.031411172 0.030753055 0.028617729 0.028993293 0.024710148 0.024706702 0.034902516 0.039200978 0.020044259 0.018975357 0.019041981 0.018578991 0.018494247 0.018298269 0.020354457 0.018459412 0.013301732 0.018043404 0.019368616 0.025757606 0.026865267 0.020629799 0.013535774 0.017393865 0.013739608 0.010089529 0.000000000 0.013403271 0.013427794 0.013498759 0.013670568 0.016149523 0.014703600 0.013806002 0.013976840 0.013553860 0.017541664 0.014103164 0.013656786 0.021446543 0.025247377 0.015806226 0.019236954 0.019229948 0.018767503 0.018375245 0.035550766 
21     0.019872801 0.019699395 0.020349876 0.019245824 0.024217194 0.023559077 0.021423752 0.021799315 0.017515878 0.017512431 0.027708539 0.031999655 0.012845436 0.011769528 0.011836152 0.011373162 0.011288418 0.011113865 0.013155634 0.011260589 0.006103856 0.010885030 0.012210296 0.018601506 0.019708773 0.013469757 0.006395771 0.010247547 0.006689858 0.004201684 0.013403271 0.000000000 0.001032228 0.001193209 0.001426126 0.006473555 0.005022243 0.004121686 0.004267204 0.005953971 0.009915371 0.006478120 0.006135010 0.014263294 0.018059297 0.008616983 0.012044838 0.012037832 0.011575995 0.011183737 0.028355133 
18     0.019887685 0.019714279 0.020364760 0.019260708 0.024232078 0.023573961 0.021438635 0.021814199 0.017530761 0.017527315 0.027723422 0.032014539 0.012860320 0.011785830 0.011852455 0.011389465 0.011304721 0.011128749 0.013170518 0.011275473 0.006118615 0.010898457 0.012224683 0.018615893 0.019723160 0.013484145 0.006408172 0.010259974 0.006700504 0.004223521 0.013427794 0.001032228 0.000000000 0.001102306 0.001388283 0.006507075 0.005030691 0.004105339 0.004282579 0.005956210 0.009925732 0.006485836 0.006147908 0.014278178 0.018074181 0.008631866 0.012059722 0.012052716 0.011590879 0.011198620 0.028370017 
36     0.019965244 0.019791838 0.020442319 0.019338267 0.024309637 0.023651520 0.021516195 0.021891758 0.017608321 0.017604875 0.027800982 0.032092098 0.012937879 0.011861971 0.011928595 0.011465605 0.011380861 0.011206308 0.013248077 0.011353032 0.006196299 0.010976513 0.012302739 0.018693949 0.019801216 0.013562200 0.006488718 0.010340494 0.006780602 0.004294194 0.013498759 0.001193209 0.001102306 0.000000000 0.001502206 0.006563751 0.005115990 0.004238162 0.004403733 0.006039270 0.010007078 0.006565725 0.006220810 0.014355737 0.018151740 0.008709426 0.012137281 0.012130275 0.011668438 0.011276180 0.028447576 
25     0.020127605 0.019954199 0.020604680 0.019500628 0.024471998 0.023813881 0.021678556 0.022054119 0.017770682 0.017767235 0.027963343 0.032254459 0.013100240 0.012024271 0.012090895 0.011627905 0.011543161 0.011368669 0.013410438 0.011515393 0.006358631 0.011139338 0.012464603 0.018855814 0.019963081 0.013724065 0.006648525 0.010500327 0.006939121 0.004469610 0.013670568 0.001426126 0.001388283 0.001502206 0.000000000 0.006686713 0.005246521 0.004376017 0.004551319 0.006214539 0.010180615 0.006736546 0.006401409 0.014518098 0.018314101 0.008871786 0.012299642 0.012292636 0.011830799 0.011438540 0.028609937 
19     0.022570812 0.022397406 0.023047887 0.021943835 0.026915205 0.026257088 0.024121763 0.024497326 0.020212611 0.020209165 0.030412136 0.034702951 0.015548732 0.014476252 0.014542876 0.014079886 0.013995142 0.013817161 0.015858929 0.013962737 0.008805041 0.013580071 0.014907976 0.021292519 0.022409015 0.016169999 0.009097071 0.012948909 0.009408546 0.006949491 0.016149523 0.006473555 0.006507075 0.006563751 0.006686713 0.000000000 0.007628963 0.006571579 0.006738346 0.008705369 0.012665728 0.009214021 0.008848218 0.016966109 0.020762112 0.011319797 0.014747653 0.014740647 0.014278810 0.013886551 0.031058633 
26     0.021162371 0.020988965 0.021639446 0.020535394 0.025506764 0.024848647 0.022713321 0.023088885 0.018805447 0.018802001 0.028998108 0.033278152 0.014133829 0.013061349 0.013127974 0.012664983 0.012580239 0.012402258 0.014444027 0.012548982 0.007390515 0.012171674 0.013498307 0.019889517 0.021000399 0.014761383 0.007681401 0.011533868 0.007960048 0.005500494 0.014703600 0.005022243 0.005030691 0.005115990 0.005246521 0.007628963 0.000000000 0.003974573 0.004234271 0.007231408 0.011193765 0.007739967 0.007389057 0.015551687 0.019347690 0.009905376 0.013333838 0.013326833 0.012864388 0.012472130 0.029644703 
48     0.020224215 0.020050809 0.020701290 0.019597238 0.024568608 0.023910491 0.021775166 0.022150729 0.017867292 0.017863846 0.028075470 0.032346371 0.013196154 0.012124993 0.012191618 0.011728627 0.011643883 0.011464583 0.013506352 0.011611307 0.006463443 0.011248615 0.012575376 0.018966586 0.020077467 0.013838452 0.006763527 0.010615994 0.007090436 0.004602893 0.013806002 0.004121686 0.004105339 0.004238162 0.004376017 0.006571579 0.003974573 0.000000000 0.000993023 0.006377453 0.010340402 0.006886367 0.006519974 0.014613532 0.018409534 0.008967220 0.012395075 0.012388070 0.011926233 0.011533974 0.028677855 
45     0.020408703 0.020235298 0.020885779 0.019781726 0.024753097 0.024094979 0.021959654 0.022335218 0.018051780 0.018048334 0.028259958 0.032530860 0.013380643 0.012309482 0.012376106 0.011913116 0.011828372 0.011649072 0.013690840 0.011795796 0.006647560 0.011432078 0.012758839 0.019150049 0.020260930 0.014021915 0.006950777 0.010803319 0.007267544 0.004776613 0.013976840 0.004267204 0.004282579 0.004403733 0.004551319 0.006738346 0.004234271 0.000993023 0.000000000 0.006548643 0.010514340 0.007059479 0.006688786 0.014798020 0.018594023 0.009151708 0.012579564 0.012572558 0.012110721 0.011718462 0.028862343 
30     0.020015285 0.019841880 0.020492361 0.019388308 0.024359679 0.023701561 0.021566236 0.021941800 0.017658146 0.017654700 0.027851023 0.032141536 0.012983921 0.011915564 0.011982188 0.011519198 0.011434454 0.011248554 0.013294119 0.011399074 0.006245576 0.011014721 0.012341870 0.018733081 0.019843962 0.013604946 0.006540216 0.010393254 0.006842133 0.004372918 0.013553860 0.005953971 0.005956210 0.006039270 0.006214539 0.008705369 0.007231408 0.006377453 0.006548643 0.000000000 0.006813588 0.003323119 0.004641274 0.014370285 0.018161239 0.008756092 0.012177320 0.012170314 0.011715130 0.011322871 0.028497617 
23     0.023967295 0.023793890 0.024444371 0.023340318 0.028311689 0.027653571 0.025518246 0.025893810 0.021611375 0.021607929 0.031803033 0.036092412 0.016935007 0.015866649 0.015933274 0.015470284 0.015385540 0.015199640 0.017245205 0.015350160 0.010197868 0.014947757 0.016273039 0.022666181 0.023779184 0.017540168 0.010495478 0.014346892 0.010866030 0.008380280 0.017541664 0.009915371 0.009925732 0.010007078 0.010180615 0.012665728 0.011193765 0.010340402 0.010514340 0.006813588 0.000000000 0.005673906 0.008627314 0.018322685 0.022113639 0.012708492 0.016134093 0.016127087 0.015667475 0.015275217 0.032449627 
43     0.020513374 0.020339968 0.020990449 0.019886397 0.024857767 0.024199650 0.022064324 0.022439888 0.018157454 0.018154007 0.028349111 0.032638491 0.013480875 0.012412518 0.012479143 0.012016152 0.011931408 0.011745508 0.013791073 0.011896028 0.006743494 0.011493644 0.012818926 0.019212067 0.020325070 0.014086054 0.007047325 0.010887611 0.007415963 0.004935687 0.014103164 0.006478120 0.006485836 0.006565725 0.006736546 0.009214021 0.007739967 0.006886367 0.007059479 0.003323119 0.005673906 0.000000000 0.005158481 0.014868763 0.018659717 0.009254570 0.012682978 0.012675973 0.012213554 0.011821295 0.028995706 
22     0.020091727 0.019918321 0.020568802 0.019465238 0.024436120 0.023778003 0.021643166 0.022018730 0.017739348 0.017735902 0.027940186 0.032207371 0.013094624 0.012026267 0.012092891 0.011629901 0.011545157 0.011359257 0.013404822 0.011509777 0.006346088 0.011124071 0.012450458 0.018841668 0.019954206 0.013715190 0.006640898 0.010484489 0.007010123 0.004473927 0.013656786 0.006135010 0.006147908 0.006220810 0.006401409 0.008848218 0.007389057 0.006519974 0.006688786 0.004641274 0.008627314 0.005158481 0.000000000 0.014482271 0.018273226 0.008868079 0.012296541 0.012289536 0.011827117 0.011434858 0.028599523 
31     0.022051194 0.021877831 0.022528313 0.021424260 0.026395631 0.025737513 0.023602188 0.023977752 0.019696480 0.019693034 0.029934338 0.034154426 0.014858325 0.013794262 0.013861104 0.013398113 0.013313369 0.013128986 0.015166541 0.013270690 0.010276697 0.015059289 0.016387150 0.022800969 0.023887080 0.017652721 0.012257008 0.016092477 0.014720671 0.012324943 0.021446543 0.014263294 0.014278178 0.014355737 0.014518098 0.016966109 0.015551687 0.014613532 0.014798020 0.014370285 0.018322685 0.014868763 0.014482271 0.000000000 0.010640685 0.007695331 0.012726941 0.012716608 0.012253606 0.011853852 0.030585428 
40     0.025925422 0.025752060 0.026402541 0.025298489 0.030269859 0.029611741 0.027476416 0.027851980 0.023566626 0.023563180 0.033783284 0.037965436 0.018667594 0.017603577 0.017670419 0.017207428 0.017122684 0.016938301 0.018975856 0.017079201 0.014063977 0.018857041 0.020184901 0.026598720 0.027684832 0.021450473 0.016052006 0.019887476 0.018516674 0.016120946 0.025247377 0.018059297 0.018074181 0.018151740 0.018314101 0.020762112 0.019347690 0.018409534 0.018594023 0.018161239 0.022113639 0.018659717 0.018273226 0.010640685 0.000000000 0.011513140 0.016538559 0.016528226 0.016065224 0.015665470 0.034415426 
15     0.016444913 0.016274880 0.016922032 0.015815348 0.020788511 0.020130394 0.017995068 0.018371471 0.014086648 0.014083202 0.024329407 0.028522207 0.009278234 0.008210163 0.008277004 0.007814014 0.007729270 0.007544886 0.009582441 0.007693449 0.004690550 0.009364614 0.010697991 0.017111810 0.018197922 0.011963563 0.006578598 0.010415668 0.009074001 0.006678631 0.015806226 0.008616983 0.008631866 0.008709426 0.008871786 0.011319797 0.009905376 0.008967220 0.009151708 0.008756092 0.012708492 0.009254570 0.008868079 0.007695331 0.011513140 0.000000000 0.007187714 0.007177381 0.006716552 0.006316760 0.024972122 
44     0.019855081 0.019681718 0.020329003 0.019228118 0.024199488 0.023541371 0.021406045 0.021781609 0.017500168 0.017496722 0.027767911 0.032066142 0.012775964 0.011713495 0.011780337 0.011317346 0.011232602 0.011048219 0.013085774 0.011195426 0.008086718 0.012901160 0.014223277 0.020637159 0.021721453 0.015487095 0.010077545 0.013913014 0.012503246 0.010103285 0.019236954 0.012044838 0.012059722 0.012137281 0.012299642 0.014747653 0.013333838 0.012395075 0.012579564 0.012177320 0.016134093 0.012682978 0.012296541 0.012726941 0.016538559 0.007187714 0.000000000 0.002430334 0.007912264 0.007519364 0.028373554 
46     0.019847656 0.019674294 0.020321578 0.019220693 0.024192063 0.023533946 0.021398621 0.021774185 0.017492743 0.017489297 0.027760487 0.032058636 0.012768459 0.011705990 0.011772831 0.011309841 0.011225097 0.011040714 0.013078268 0.011187921 0.008079712 0.012894154 0.014216272 0.020630154 0.021714448 0.015480089 0.010070539 0.013906009 0.012496240 0.010096045 0.019229948 0.012037832 0.012052716 0.012130275 0.012292636 0.014740647 0.013326833 0.012388070 0.012572558 0.012170314 0.016127087 0.012675973 0.012289536 0.012716608 0.016528226 0.007177381 0.002430334 0.000000000 0.007911703 0.007518514 0.028366129 
34     0.019359956 0.019198879 0.019846164 0.018732129 0.023704284 0.023046166 0.020910841 0.021286405 0.017017988 0.017014542 0.027285820 0.031582124 0.012291264 0.011228779 0.011295621 0.010832630 0.010747886 0.010563503 0.012601058 0.010710710 0.007608826 0.012419284 0.013740290 0.020154172 0.021236887 0.015002528 0.009597267 0.013432736 0.012033796 0.009637879 0.018767503 0.011575995 0.011590879 0.011668438 0.011830799 0.014278810 0.012864388 0.011926233 0.012110721 0.011715130 0.015667475 0.012213554 0.011827117 0.012253606 0.016065224 0.006716552 0.007912264 0.007911703 0.000000000 0.006245467 0.027890212 
28     0.018981661 0.018808299 0.019455583 0.018354698 0.023326069 0.022667951 0.020532626 0.020908190 0.016627007 0.016623561 0.026894473 0.031188338 0.011897522 0.010836767 0.010903608 0.010440618 0.010355874 0.010171491 0.012209046 0.010318698 0.007216265 0.012026511 0.013347517 0.019761399 0.020842567 0.014608208 0.009205008 0.013040478 0.011641537 0.009245620 0.018375245 0.011183737 0.011198620 0.011276180 0.011438540 0.013886551 0.012472130 0.011533974 0.011718462 0.011322871 0.015275217 0.011821295 0.011434858 0.011853852 0.015665470 0.006316760 0.007519364 0.007518514 0.006245467 0.000000000 0.027498731 
0     0.032935354 0.032760930 0.033411412 0.032168804 0.037278729 0.036620612 0.034485287 0.034860851 0.030595367 0.030591921 0.040868470 0.048168901 0.029110712 0.028044867 0.028111684 0.027648693 0.027563949 0.027379270 0.029416850 0.027523527 0.024350793 0.029081449 0.030410110 0.036808673 0.037903386 0.031668927 0.026332246 0.030159535 0.028811896 0.026419133 0.035550766 0.028355133 0.028370017 0.028447576 0.028609937 0.031058633 0.029644703 0.028677855 0.028862343 0.028497617 0.032449627 0.028995706 0.028599523 0.030585428 0.034415426 0.024972122 0.028373554 0.028366129 0.027890212 0.027498731 0.000000000 
