51
5     0.000000000 0.000005680 0.000410570 0.000509080 0.001690820 0.001275580 0.000059540 0.001547700 0.001762160 0.001608580 0.001130310 0.000705300 0.000212080 0.000461760 0.003953780 0.003859920 0.000544770 0.002425410 0.000336980 0.000574430 0.000220340 0.000912900 0.001703120 0.002813310 0.001749360 0.001646550 0.000515930 0.000711280 0.000598770 0.002151010 0.000720620 0.000606640 0.001153370 0.002670030 0.000952770 0.000324710 0.002590680 0.001963340 0.001801710 0.000750620 0.001714260 0.001104170 0.000580810 0.000540340 0.002733060 0.000491780 0.003593070 0.000566790 0.000148560 0.002990940 0.001465290 
8     0.000005680 0.000000000 0.001575080 0.000573660 0.001242490 0.001239640 0.004202850 0.001353040 0.001760300 0.000637060 0.000994680 0.002045620 0.003295820 0.001485040 0.000997440 0.001848180 0.000132020 0.000656270 0.002447360 0.001560050 0.000778520 0.000783340 0.000752110 0.001569220 0.003388100 0.000907760 0.001246820 0.001580720 0.001300570 0.001762810 0.002487720 0.000653340 0.002289100 0.000937540 0.001003710 0.004823980 0.002806120 0.003922580 0.001676680 0.000845000 0.001921480 0.001311390 0.004338010 0.002775220 0.000296510 0.003301150 0.003166430 0.001521050 0.001633130 0.003060770 0.000352320 
26     0.000410570 0.001575080 0.000000000 0.000433580 0.001038980 0.000016150 0.006140680 0.000507500 0.000531990 0.000714360 0.000085180 0.000452400 0.003078190 0.000201220 0.000941420 0.002122560 0.001514060 0.004341380 0.000580700 0.001239900 0.001990400 0.001958870 0.002843770 0.001258790 0.001714450 0.003596350 0.003245510 0.002374150 0.000718740 0.002209900 0.001996120 0.000427470 0.000433530 0.000475550 0.000623580 0.003216370 0.002025590 0.001015060 0.000075410 0.000441360 0.001793050 0.002755220 0.002233940 0.002861510 0.002329100 0.000651560 0.002973540 0.003269120 0.001340670 0.003635760 0.001098400 
36     0.000509080 0.000573660 0.000433580 0.000000000 0.000764220 0.002301350 0.001860430 0.000222870 0.000543000 0.001261280 0.001006020 0.000855700 0.001008300 0.002838290 0.000661280 0.000599790 0.002425100 0.003532930 0.001553240 0.002359530 0.001477320 0.000003510 0.000002820 0.004550100 0.001443210 0.000779950 0.005446420 0.000246520 0.001502830 0.000550650 0.000757500 0.000638940 0.001476490 0.001743560 0.000975100 0.002563030 0.001246240 0.001002170 0.001248240 0.000775550 0.000401790 0.001149160 0.000884620 0.002316340 0.004546540 0.003640870 0.003898830 0.004342740 0.000024830 0.001942830 0.001790390 
12     0.001690820 0.001242490 0.001038980 0.000764220 0.000000000 0.000059760 0.000088490 0.000257100 0.000648400 0.000387560 0.000668830 0.000074090 0.000059340 0.000352530 0.001399050 0.000526590 0.001492530 0.000985220 0.001692830 0.000685780 0.001290670 0.000791770 0.000633440 0.002256580 0.001572170 0.001230180 0.000913690 0.000410050 0.000543890 0.000977050 0.001344650 0.000964730 0.000545200 0.000761960 0.000996620 0.000760270 0.000531950 0.001102780 0.000621200 0.000408320 0.002130800 0.001206340 0.000056640 0.001369230 0.002294020 0.000397280 0.001984080 0.001187470 0.003392630 0.001201400 0.000303910 
11     0.001275580 0.001239640 0.000016150 0.002301350 0.000059760 0.000000000 0.000029990 0.000313260 0.000270690 0.000248400 0.000300990 0.000607750 0.000626230 0.001838890 0.001591420 0.001395350 0.002886620 0.004827170 0.003530850 0.001947300 0.000145430 0.000652610 0.000494280 0.001477120 0.000248760 0.000578130 0.003358730 0.000270890 0.000492630 0.002169250 0.001671540 0.000933690 0.001012350 0.001331870 0.001807250 0.000626140 0.000758500 0.000052220 0.001018660 0.000833030 0.000960120 0.000678500 0.000587820 0.000017690 0.003649300 0.002308040 0.000907570 0.000965670 0.001940480 0.001542000 0.000537290 
10     0.000059540 0.004202850 0.006140680 0.001860430 0.000088490 0.000029990 0.000000000 0.001236900 0.001216770 0.002087050 0.002227960 0.002681510 0.000907110 0.003004040 0.003830840 0.003262760 0.002105450 0.005053540 0.004563210 0.005739180 0.002605510 0.002082440 0.003680110 0.002230170 0.001462600 0.001998720 0.000430510 0.005167840 0.002341990 0.002442400 0.002251890 0.000624420 0.002812710 0.000801300 0.001175790 0.004298620 0.001495650 0.002370890 0.000237120 0.002878670 0.002395970 0.006711170 0.001231980 0.000846500 0.003409760 0.004065180 0.004115940 0.001516580 0.003501400 0.000408020 0.000949240 
9     0.001547700 0.001353040 0.000507500 0.000222870 0.000257100 0.000313260 0.001236900 0.000000000 0.000025610 0.000613730 0.000869550 0.000784570 0.001003450 0.000418290 0.001670550 0.000614390 0.000097890 0.000846450 0.000250350 0.000315550 0.000467180 0.000243800 0.000239610 0.000555230 0.000988700 0.000164900 0.000887350 0.000486810 0.000677980 0.002197200 0.000335030 0.000078350 0.001751990 0.000517460 0.000572090 0.003234270 0.002023510 0.002880130 0.000818920 0.000808720 0.000889320 0.001722300 0.003168270 0.001454720 0.003443500 0.000565670 0.001778930 0.001733530 0.000244180 0.000240150 0.000592860 
23     0.001762160 0.001760300 0.000531990 0.000543000 0.000648400 0.000270690 0.001216770 0.000025610 0.000000000 0.001673260 0.000966380 0.000759560 0.000448670 0.000257380 0.001619060 0.001899670 0.001783170 0.002718370 0.002932540 0.000687770 0.001160010 0.000680730 0.001919140 0.001412290 0.000938850 0.002033390 0.004591780 0.000605890 0.000709210 0.000109080 0.000922300 0.000949700 0.000819320 0.000536520 0.001045120 0.002812970 0.001925800 0.000986730 0.000783260 0.000114010 0.002663310 0.004509810 0.000608690 0.001029790 0.000789480 0.002758180 0.001797720 0.001660040 0.002015750 0.000215140 0.001527090 
14     0.001608580 0.000637060 0.000714360 0.001261280 0.000387560 0.000248400 0.002087050 0.000613730 0.001673260 0.000000000 0.000004290 0.000419490 0.001094860 0.001698870 0.000801990 0.004592510 0.001715190 0.004362970 0.000989340 0.002272300 0.003125230 0.000004610 0.000306020 0.002507420 0.004802310 0.000624850 0.000748620 0.000082630 0.000053850 0.001455920 0.001323130 0.000564840 0.001769020 0.002574400 0.001608010 0.000315840 0.001612890 0.002808840 0.000931840 0.001519800 0.003697820 0.007073340 0.000678290 0.003044990 0.002183920 0.002410050 0.003294790 0.000775520 0.001029780 0.001241880 0.000056420 
30     0.001130310 0.000994680 0.000085180 0.001006020 0.000668830 0.000300990 0.002227960 0.000869550 0.000966380 0.000004290 0.000000000 0.000375250 0.001162410 0.001718210 0.000803380 0.003687360 0.006098450 0.004445490 0.000948110 0.002264640 0.003175550 0.000145520 0.000587290 0.002648330 0.004116900 0.000620720 0.000764610 0.000363900 0.001622260 0.000572360 0.001387320 0.000636180 0.001674040 0.002082010 0.001630280 0.000317770 0.000932350 0.003147260 0.000489570 0.001157290 0.003979090 0.001407720 0.001835580 0.003141190 0.002280120 0.002424960 0.003390990 0.000391940 0.000646200 0.000858300 0.000270410 
7     0.000705300 0.002045620 0.000452400 0.000855700 0.000074090 0.000607750 0.002681510 0.000784570 0.000759560 0.000419490 0.000375250 0.000000000 0.003608220 0.000732210 0.002226880 0.003007820 0.002060090 0.003770680 0.001828310 0.003734960 0.001247090 0.000822020 0.000663690 0.001824860 0.002339430 0.003330150 0.000638130 0.000440300 0.001267520 0.001046840 0.001048750 0.002045010 0.003300480 0.001031160 0.000603350 0.001846020 0.000806790 0.002831290 0.003157500 0.002860880 0.003020990 0.005637190 0.004229450 0.002014640 0.002502830 0.002657440 0.003195430 0.000290740 0.001002400 0.000414820 0.001016470 
1     0.000212080 0.003295820 0.003078190 0.001008300 0.000059340 0.000626230 0.000907110 0.001003450 0.000448670 0.001094860 0.001162410 0.003608220 0.000000000 0.003763180 0.002835780 0.001078150 0.003696380 0.006673120 0.002988780 0.001057460 0.001820090 0.001179750 0.000585790 0.001327480 0.000487650 0.000728660 0.001571080 0.000002740 0.002460800 0.002071020 0.001243480 0.001562520 0.003859280 0.003900350 0.003160480 0.000563060 0.003430790 0.001443650 0.004350810 0.002609300 0.000952500 0.004102260 0.001253630 0.000963450 0.001366690 0.002197900 0.000477200 0.004591980 0.005324790 0.001008820 0.000004760 
3     0.000461760 0.001485040 0.000201220 0.002838290 0.000352530 0.001838890 0.003004040 0.000418290 0.000257380 0.001698870 0.001718210 0.000732210 0.003763180 0.000000000 0.000991370 0.000145800 0.002846960 0.001305590 0.000850360 0.000345620 0.000907130 0.001638760 0.001441170 0.001844210 0.001915540 0.001621740 0.000825920 0.000001310 0.000807100 0.001283200 0.000352050 0.000496970 0.000850140 0.000629000 0.000680360 0.002866000 0.001533150 0.002589760 0.002736530 0.000850920 0.000725940 0.002998880 0.000296950 0.002243560 0.000596050 0.002578230 0.001135420 0.000844870 0.000745630 0.001159770 0.000046740 
25     0.003953780 0.000997440 0.000941420 0.000661280 0.001399050 0.001591420 0.003830840 0.001670550 0.001619060 0.000801990 0.000803380 0.002226880 0.002835780 0.000991370 0.000000000 0.000133080 0.001310200 0.000806240 0.001235160 0.000979070 0.001746560 0.001852840 0.000966820 0.002463920 0.002378160 0.000785430 0.001288370 0.001072400 0.000892670 0.000893900 0.000392570 0.000790160 0.000251290 0.001903270 0.002699730 0.003022060 0.002867260 0.000306020 0.003723830 0.002980100 0.000202530 0.000666700 0.000434770 0.000353860 0.001854090 0.000740630 0.002930660 0.001638010 0.002316120 0.001917640 0.001002340 
16     0.003859920 0.001848180 0.002122560 0.000599790 0.000526590 0.001395350 0.003262760 0.000614390 0.001899670 0.004592510 0.003687360 0.003007820 0.001078150 0.000145800 0.000133080 0.000000000 0.000020930 0.001107520 0.001533590 0.000871940 0.001189010 0.001386160 0.001312200 0.001363910 0.001609840 0.000984440 0.001340200 0.001134340 0.000833060 0.001846320 0.002207080 0.000921830 0.001375010 0.001406010 0.000557190 0.001060730 0.003159200 0.000165620 0.003176220 0.000773600 0.000062130 0.003055950 0.001462330 0.000607490 0.001069410 0.001622800 0.001782730 0.001497550 0.003944500 0.001215200 0.000831390 
27     0.000544770 0.000132020 0.001514060 0.002425100 0.001492530 0.002886620 0.002105450 0.000097890 0.001783170 0.001715190 0.006098450 0.002060090 0.003696380 0.002846960 0.001310200 0.000020930 0.000000000 0.000271860 0.000111820 0.000413840 0.000035590 0.000828590 0.000982200 0.001070410 0.001707850 0.002318550 0.000493340 0.000044660 0.002787770 0.001115510 0.001176080 0.001664260 0.002530790 0.002145430 0.000883900 0.000639190 0.002443660 0.003913620 0.000573770 0.004443860 0.001053370 0.002163540 0.001337190 0.000614100 0.002338850 0.001000870 0.006406540 0.000995450 0.000842150 0.001919000 0.001693490 
4     0.002425410 0.000656270 0.004341380 0.003532930 0.000985220 0.004827170 0.005053540 0.000846450 0.002718370 0.004362970 0.004445490 0.003770680 0.006673120 0.001305590 0.000806240 0.001107520 0.000271860 0.000000000 0.000019490 0.000042190 0.000103950 0.001180900 0.001092450 0.000594510 0.001437050 0.002831020 0.002772020 0.000564010 0.000470260 0.002129030 0.000657120 0.004019900 0.001979360 0.000451230 0.001362670 0.003950120 0.002172930 0.004184220 0.001725640 0.000618550 0.003973470 0.006034970 0.002965100 0.002379700 0.004945890 0.003701030 0.006805950 0.004699340 0.003005080 0.002390500 0.001665100 
32     0.000336980 0.002447360 0.000580700 0.001553240 0.001692830 0.003530850 0.004563210 0.000250350 0.002932540 0.000989340 0.000948110 0.001828310 0.002988780 0.000850360 0.001235160 0.001533590 0.000111820 0.000019490 0.000000000 0.000000580 0.000187890 0.000635420 0.000994980 0.000678450 0.002311870 0.000805520 0.002866460 0.000507620 0.000554200 0.001658410 0.000741060 0.001467590 0.002063300 0.000535170 0.001446610 0.003534590 0.003393450 0.003631950 0.001092180 0.001180090 0.003334560 0.005622880 0.001442720 0.003718430 0.005049660 0.001037580 0.006089960 0.002909700 0.001021820 0.002657000 0.000154620 
17     0.000574430 0.001560050 0.001239900 0.002359530 0.000685780 0.001947300 0.005739180 0.000315550 0.000687770 0.002272300 0.002264640 0.003734960 0.001057460 0.000345620 0.000979070 0.000871940 0.000413840 0.000042190 0.000000580 0.000000000 0.000038100 0.000582040 0.000699150 0.000529540 0.000942470 0.001198260 0.000834640 0.000657180 0.000405290 0.002064060 0.000460630 0.000840490 0.001364350 0.000386260 0.001297700 0.001999950 0.001124800 0.001810680 0.001465050 0.001172540 0.000652480 0.004518660 0.002395780 0.000470960 0.001231870 0.002356750 0.002591510 0.000468790 0.001287320 0.002376960 0.001170500 
6     0.000220340 0.000778520 0.001990400 0.001477320 0.001290670 0.000145430 0.002605510 0.000467180 0.001160010 0.003125230 0.003175550 0.001247090 0.001820090 0.000907130 0.001746560 0.001189010 0.000035590 0.000103950 0.000187890 0.000038100 0.000000000 0.000770800 0.001710510 0.000534240 0.001037930 0.002901750 0.001189900 0.003253680 0.000409990 0.001455340 0.000596850 0.000402750 0.001919090 0.000390960 0.001302400 0.004856210 0.002910430 0.001828220 0.002103990 0.003113110 0.001841180 0.000502000 0.002614770 0.000299790 0.003997150 0.000393260 0.002921020 0.001166360 0.001996210 0.001260300 0.002220220 
22     0.000912900 0.000783340 0.001958870 0.000003510 0.000791770 0.000652610 0.002082440 0.000243800 0.000680730 0.000004610 0.000145520 0.000822020 0.001179750 0.001638760 0.001852840 0.001386160 0.000828590 0.001180900 0.000635420 0.000582040 0.000770800 0.000000000 0.000004670 0.000403000 0.000603860 0.000418200 0.000034630 0.000112580 0.000911810 0.002081400 0.001851800 0.002002680 0.000663610 0.000939930 0.001101220 0.001214430 0.000081970 0.001687600 0.000663720 0.003638750 0.001956300 0.002147700 0.000027810 0.001589250 0.002487200 0.001204960 0.001252970 0.001325410 0.000027440 0.001108780 0.001495180 
13     0.001703120 0.000752110 0.002843770 0.000002820 0.000633440 0.000494280 0.003680110 0.000239610 0.001919140 0.000306020 0.000587290 0.000663690 0.000585790 0.001441170 0.000966820 0.001312200 0.000982200 0.001092450 0.000994980 0.000699150 0.001710510 0.000004670 0.000000000 0.000407610 0.001053850 0.000117580 0.000979010 0.000248440 0.000901520 0.001164270 0.000967490 0.000923310 0.001303540 0.001126570 0.000771650 0.000116540 0.002225630 0.002117350 0.001223840 0.001677390 0.001727880 0.003895890 0.000751150 0.002605000 0.002543710 0.001261470 0.001328290 0.000797790 0.000023250 0.000310930 0.000676300 
21     0.002813310 0.001569220 0.001258790 0.004550100 0.002256580 0.001477120 0.002230170 0.000555230 0.001412290 0.002507420 0.002648330 0.001824860 0.001327480 0.001844210 0.002463920 0.001363910 0.001070410 0.000594510 0.000678450 0.000529540 0.000534240 0.000403000 0.000407610 0.000000000 0.000046640 0.000252170 0.000290250 0.000823400 0.000585210 0.002190720 0.000621820 0.001775310 0.001723190 0.000220340 0.001424360 0.004487490 0.000824170 0.000666890 0.000441630 0.002583510 0.000457460 0.003103370 0.000930950 0.001321820 0.001854220 0.001557580 0.002659620 0.000388540 0.003269400 0.002470580 0.000567550 
2     0.001749360 0.003388100 0.001714450 0.001443210 0.001572170 0.000248760 0.001462600 0.000988700 0.000938850 0.004802310 0.004116900 0.002339430 0.000487650 0.001915540 0.002378160 0.001609840 0.001707850 0.001437050 0.002311870 0.000942470 0.001037930 0.000603860 0.001053850 0.000046640 0.000000000 0.000230070 0.000145960 0.000796870 0.001061790 0.001819690 0.001362300 0.001322440 0.000068850 0.002061540 0.002277070 0.001395970 0.002607590 0.002538510 0.002272240 0.001767060 0.000421710 0.000312210 0.001926560 0.000522890 0.003941560 0.003100540 0.002368200 0.000387070 0.002577700 0.000035790 0.001156850 
37     0.001646550 0.000907760 0.003596350 0.000779950 0.001230180 0.000578130 0.001998720 0.000164900 0.002033390 0.000624850 0.000620720 0.003330150 0.000728660 0.001621740 0.000785430 0.000984440 0.002318550 0.002831020 0.000805520 0.001198260 0.002901750 0.000418200 0.000117580 0.000252170 0.000230070 0.000000000 0.000000220 0.001902080 0.000735440 0.002768170 0.002057310 0.002271540 0.002183800 0.002305980 0.002670080 0.002831130 0.003947620 0.001893150 0.001315980 0.001311830 0.002682740 0.000019450 0.001200230 0.001707270 0.000945420 0.000722880 0.001796460 0.000846530 0.002877440 0.000533520 0.002829970 
15     0.000515930 0.001246820 0.003245510 0.005446420 0.000913690 0.003358730 0.000430510 0.000887350 0.004591780 0.000748620 0.000764610 0.000638130 0.001571080 0.000825920 0.001288370 0.001340200 0.000493340 0.002772020 0.002866460 0.000834640 0.001189900 0.000034630 0.000979010 0.000290250 0.000145960 0.000000220 0.000000000 0.002273880 0.000057120 0.001023460 0.001013390 0.000928930 0.000901740 0.000942810 0.000202940 0.002561580 0.004494110 0.001750360 0.001682890 0.002715350 0.001088450 0.001300480 0.003390910 0.001307440 0.004303360 0.003413870 0.001446600 0.000588880 0.002724280 0.001691790 0.000530090 
33     0.000711280 0.001580720 0.002374150 0.000246520 0.000410050 0.000270890 0.005167840 0.000486810 0.000605890 0.000082630 0.000363900 0.000440300 0.000002740 0.000001310 0.001072400 0.001134340 0.000044660 0.000564010 0.000507620 0.000657180 0.003253680 0.000112580 0.000248440 0.000823400 0.000796870 0.001902080 0.002273880 0.000000000 0.000009370 0.000827760 0.000329680 0.001363950 0.002009370 0.000744360 0.001036330 0.001635640 0.000525550 0.000555640 0.002519220 0.004013430 0.001173230 0.000707570 0.001062980 0.000329090 0.003307070 0.002590400 0.002953220 0.002483220 0.000270450 0.001154680 0.001383790 
20     0.000598770 0.001300570 0.000718740 0.001502830 0.000543890 0.000492630 0.002341990 0.000677980 0.000709210 0.000053850 0.001622260 0.001267520 0.002460800 0.000807100 0.000892670 0.000833060 0.002787770 0.000470260 0.000554200 0.000405290 0.000409990 0.000911810 0.000901520 0.000585210 0.001061790 0.000735440 0.000057120 0.000009370 0.000000000 0.000183830 0.000260840 0.000154750 0.000882920 0.000441930 0.000066840 0.001265050 0.000357780 0.001474620 0.001315300 0.000352230 0.000233300 0.002321240 0.002338870 0.000398790 0.002713860 0.000025260 0.001343650 0.000663200 0.001553150 0.000776810 0.001131440 
31     0.002151010 0.001762810 0.002209900 0.000550650 0.000977050 0.002169250 0.002442400 0.002197200 0.000109080 0.001455920 0.000572360 0.001046840 0.002071020 0.001283200 0.000893900 0.001846320 0.001115510 0.002129030 0.001658410 0.002064060 0.001455340 0.002081400 0.001164270 0.002190720 0.001819690 0.002768170 0.001023460 0.000827760 0.000183830 0.000000000 0.000124630 0.000033060 0.000121720 0.000174430 0.000483310 0.000104660 0.000521430 0.001365080 0.000597300 0.003655180 0.003003770 0.000402070 0.000505150 0.001231750 0.002809760 0.002876800 0.001793190 0.001744390 0.002071980 0.001287040 0.001227340 
29     0.000720620 0.002487720 0.001996120 0.000757500 0.001344650 0.001671540 0.002251890 0.000335030 0.000922300 0.001323130 0.001387320 0.001048750 0.001243480 0.000352050 0.000392570 0.002207080 0.001176080 0.000657120 0.000741060 0.000460630 0.000596850 0.001851800 0.000967490 0.000621820 0.001362300 0.002057310 0.001013390 0.000329680 0.000260840 0.000124630 0.000000000 0.000110070 0.000250460 0.000136970 0.000485220 0.000832580 0.000523340 0.000350320 0.000305010 0.002178490 0.002328580 0.002508260 0.000728060 0.000734040 0.002811670 0.002379090 0.001179920 0.001025500 0.000054000 0.000943220 0.001199720 
24     0.000606640 0.000653340 0.000427470 0.000638940 0.000964730 0.000933690 0.000624420 0.000078350 0.000949700 0.000564840 0.000636180 0.002045010 0.001562520 0.000496970 0.000790160 0.000921830 0.001664260 0.004019900 0.001467590 0.000840490 0.000402750 0.002002680 0.000923310 0.001775310 0.001322440 0.002271540 0.000928930 0.001363950 0.000154750 0.000033060 0.000110070 0.000000000 0.000028070 0.000079900 0.000387740 0.000371640 0.000558820 0.001877330 0.001764380 0.002883970 0.002192260 0.002882160 0.000731880 0.001315900 0.002620350 0.001675580 0.001843500 0.000945400 0.000778400 0.001903210 0.001610590 
34     0.001153370 0.002289100 0.000433530 0.001476490 0.000545200 0.001012350 0.002812710 0.001751990 0.000819320 0.001769020 0.001674040 0.003300480 0.003859280 0.000850140 0.000251290 0.001375010 0.002530790 0.001979360 0.002063300 0.001364350 0.001919090 0.000663610 0.001303540 0.001723190 0.000068850 0.002183800 0.000901740 0.002009370 0.000882920 0.000121720 0.000250460 0.000028070 0.000000000 0.000052710 0.000521000 0.000908010 0.002446810 0.000268260 0.002108440 0.003148190 0.000470930 0.002249020 0.000470590 0.000090420 0.001993960 0.001104470 0.000594710 0.000974220 0.001888690 0.000384520 0.000588870 
18     0.002670030 0.000937540 0.000475550 0.001743560 0.000761960 0.001331870 0.000801300 0.000517460 0.000536520 0.002574400 0.002082010 0.001031160 0.003900350 0.000629000 0.001903270 0.001406010 0.002145430 0.000451230 0.000535170 0.000386260 0.000390960 0.000939930 0.001126570 0.000220340 0.002061540 0.002305980 0.000942810 0.000744360 0.000441930 0.000174430 0.000136970 0.000079900 0.000052710 0.000000000 0.000323350 0.000308390 0.000102750 0.000839110 0.001469600 0.004002580 0.000195060 0.003578740 0.000666070 0.000587870 0.001687970 0.002223660 0.002175620 0.001218120 0.001345820 0.001175350 0.000771290 
35     0.000952770 0.001003710 0.000623580 0.000975100 0.000996620 0.001807250 0.001175790 0.000572090 0.001045120 0.001608010 0.001630280 0.000603350 0.003160480 0.000680360 0.002699730 0.000557190 0.000883900 0.001362670 0.001446610 0.001297700 0.001302400 0.001101220 0.000771650 0.001424360 0.002277070 0.002670080 0.000202940 0.001036330 0.000066840 0.000483310 0.000485220 0.000387740 0.000521000 0.000323350 0.000000000 0.000295630 0.000243260 0.000821980 0.000381880 0.000502300 0.002041380 0.002292110 0.003061380 0.001067070 0.000841870 0.002765000 0.001607250 0.000235160 0.001240100 0.002033490 0.001010820 
28     0.000324710 0.004823980 0.003216370 0.002563030 0.000760270 0.000626140 0.004298620 0.003234270 0.002812970 0.000315840 0.000317770 0.001846020 0.000563060 0.002866000 0.003022060 0.001060730 0.000639190 0.003950120 0.003534590 0.001999950 0.004856210 0.001214430 0.000116540 0.004487490 0.001395970 0.002831130 0.002561580 0.001635640 0.001265050 0.000104660 0.000832580 0.000371640 0.000908010 0.000308390 0.000295630 0.000000000 0.002122590 0.002302660 0.000508670 0.002537430 0.000632170 0.004125160 0.000782450 0.001783540 0.004839720 0.002891690 0.001448760 0.002423020 0.002017060 0.000518690 0.000052050 
19     0.002590680 0.002806120 0.002025590 0.001246240 0.000531950 0.000758500 0.001495650 0.002023510 0.001925800 0.001612890 0.000932350 0.000806790 0.003430790 0.001533150 0.002867260 0.003159200 0.002443660 0.002172930 0.003393450 0.001124800 0.002910430 0.000081970 0.002225630 0.000824170 0.002607590 0.003947620 0.004494110 0.000525550 0.000357780 0.000521430 0.000523340 0.000558820 0.002446810 0.000102750 0.000243260 0.002122590 0.000000000 0.002805500 0.000860120 0.000352250 0.002939460 0.000924120 0.001954710 0.000435250 0.000772010 0.000932090 0.002670020 0.001742070 0.003330440 0.002313100 0.001330760 
40     0.001963340 0.003922580 0.001015060 0.001002170 0.001102780 0.000052220 0.002370890 0.002880130 0.000986730 0.002808840 0.003147260 0.002831290 0.001443650 0.002589760 0.000306020 0.000165620 0.003913620 0.004184220 0.003631950 0.001810680 0.001828220 0.001687600 0.002117350 0.000666890 0.002538510 0.001893150 0.001750360 0.000555640 0.001474620 0.001365080 0.000350320 0.001877330 0.000268260 0.000839110 0.000821980 0.002302660 0.002805500 0.000000000 0.000536110 0.000887810 0.000103530 0.001590180 0.000362340 0.001717130 0.001941960 0.000431790 0.001363850 0.000918410 0.002314930 0.001730800 0.000435450 
47     0.001801710 0.001676680 0.000075410 0.001248240 0.000621200 0.001018660 0.000237120 0.000818920 0.000783260 0.000931840 0.000489570 0.003157500 0.004350810 0.002736530 0.003723830 0.003176220 0.000573770 0.001725640 0.001092180 0.001465050 0.002103990 0.000663720 0.001223840 0.000441630 0.002272240 0.001315980 0.001682890 0.002519220 0.001315300 0.000597300 0.000305010 0.001764380 0.002108440 0.001469600 0.000381880 0.000508670 0.000860120 0.000536110 0.000000000 0.000048060 0.001830140 0.000729170 0.000348730 0.000185920 0.001588650 0.000189920 0.002602680 0.001922810 0.001599130 0.000525090 0.000023930 
41     0.000750620 0.000845000 0.000441360 0.000775550 0.000408320 0.000833030 0.002878670 0.000808720 0.000114010 0.001519800 0.001157290 0.002860880 0.002609300 0.000850920 0.002980100 0.000773600 0.004443860 0.000618550 0.001180090 0.001172540 0.003113110 0.003638750 0.001677390 0.002583510 0.001767060 0.001311830 0.002715350 0.004013430 0.000352230 0.003655180 0.002178490 0.002883970 0.003148190 0.004002580 0.000502300 0.002537430 0.000352250 0.000887810 0.000048060 0.000000000 0.001456400 0.000446740 0.001789610 0.000885940 0.001644430 0.001200130 0.000960740 0.000281000 0.001625440 0.001821350 0.000870750 
39     0.001714260 0.001921480 0.001793050 0.000401790 0.002130800 0.000960120 0.002395970 0.000889320 0.002663310 0.003697820 0.003979090 0.003020990 0.000952500 0.000725940 0.000202530 0.000062130 0.001053370 0.003973470 0.003334560 0.000652480 0.001841180 0.001956300 0.001727880 0.000457460 0.000421710 0.002682740 0.001088450 0.001173230 0.000233300 0.003003770 0.002328580 0.002192260 0.000470930 0.000195060 0.002041380 0.000632170 0.002939460 0.000103530 0.001830140 0.001456400 0.000000000 0.000107780 0.000406460 0.001132120 0.001838220 0.000746240 0.001424800 0.002079880 0.002911670 0.001598810 0.000457890 
45     0.001104170 0.001311390 0.002755220 0.001149160 0.001206340 0.000678500 0.006711170 0.001722300 0.004509810 0.007073340 0.001407720 0.005637190 0.004102260 0.002998880 0.000666700 0.003055950 0.002163540 0.006034970 0.005622880 0.004518660 0.000502000 0.002147700 0.003895890 0.003103370 0.000312210 0.000019450 0.001300480 0.000707570 0.002321240 0.000402070 0.002508260 0.002882160 0.002249020 0.003578740 0.002292110 0.004125160 0.000924120 0.001590180 0.000729170 0.000446740 0.000107780 0.000000000 0.003063310 0.000958030 0.005129920 0.000783330 0.004449770 0.001287110 0.000790980 0.001223770 0.005061170 
46     0.000580810 0.004338010 0.002233940 0.000884620 0.000056640 0.000587820 0.001231980 0.003168270 0.000608690 0.000678290 0.001835580 0.004229450 0.001253630 0.000296950 0.000434770 0.001462330 0.001337190 0.002965100 0.001442720 0.002395780 0.002614770 0.000027810 0.000751150 0.000930950 0.001926560 0.001200230 0.003390910 0.001062980 0.002338870 0.000505150 0.000728060 0.000731880 0.000470590 0.000666070 0.003061380 0.000782450 0.001954710 0.000362340 0.000348730 0.001789610 0.000406460 0.003063310 0.000000000 0.000455210 0.001177520 0.000081090 0.000437650 0.001651990 0.001966700 0.000914750 0.000285920 
42     0.000540340 0.002775220 0.002861510 0.002316340 0.001369230 0.000017690 0.000846500 0.001454720 0.001029790 0.003044990 0.003141190 0.002014640 0.000963450 0.002243560 0.000353860 0.000607490 0.000614100 0.002379700 0.003718430 0.000470960 0.000299790 0.001589250 0.002605000 0.001321820 0.000522890 0.001707270 0.001307440 0.000329090 0.000398790 0.001231750 0.000734040 0.001315900 0.000090420 0.000587870 0.001067070 0.001783540 0.000435250 0.001717130 0.000185920 0.000885940 0.001132120 0.000958030 0.000455210 0.000000000 0.000555060 0.000722210 0.001338500 0.000474850 0.001000720 0.000528520 0.000129300 
49     0.002733060 0.000296510 0.002329100 0.004546540 0.002294020 0.003649300 0.003409760 0.003443500 0.000789480 0.002183920 0.002280120 0.002502830 0.001366690 0.000596050 0.001854090 0.001069410 0.002338850 0.004945890 0.005049660 0.001231870 0.003997150 0.002487200 0.002543710 0.001854220 0.003941560 0.000945420 0.004303360 0.003307070 0.002713860 0.002809760 0.002811670 0.002620350 0.001993960 0.001687970 0.000841870 0.004839720 0.000772010 0.001941960 0.001588650 0.001644430 0.001838220 0.005129920 0.001177520 0.000555060 0.000000000 0.000258150 0.001476730 0.000309160 0.001690580 0.000766800 0.002538180 
48     0.000491780 0.003301150 0.000651560 0.003640870 0.000397280 0.002308040 0.004065180 0.000565670 0.002758180 0.002410050 0.002424960 0.002657440 0.002197900 0.002578230 0.000740630 0.001622800 0.001000870 0.003701030 0.001037580 0.002356750 0.000393260 0.001204960 0.001261470 0.001557580 0.003100540 0.000722880 0.003413870 0.002590400 0.000025260 0.002876800 0.002379090 0.001675580 0.001104470 0.002223660 0.002765000 0.002891690 0.000932090 0.000431790 0.000189920 0.001200130 0.000746240 0.000783330 0.000081090 0.000722210 0.000258150 0.000000000 0.000380300 0.001988470 0.000926860 0.001260520 0.000380990 
44     0.003593070 0.003166430 0.002973540 0.003898830 0.001984080 0.000907570 0.004115940 0.001778930 0.001797720 0.003294790 0.003390990 0.003195430 0.000477200 0.001135420 0.002930660 0.001782730 0.006406540 0.006805950 0.006089960 0.002591510 0.002921020 0.001252970 0.001328290 0.002659620 0.002368200 0.001796460 0.001446600 0.002953220 0.001343650 0.001793190 0.001179920 0.001843500 0.000594710 0.002175620 0.001607250 0.001448760 0.002670020 0.001363850 0.002602680 0.000960740 0.001424800 0.004449770 0.000437650 0.001338500 0.001476730 0.000380300 0.000000000 0.000128870 0.000030050 0.000269450 0.000230110 
38     0.000566790 0.001521050 0.003269120 0.004342740 0.001187470 0.000965670 0.001516580 0.001733530 0.001660040 0.000775520 0.000391940 0.000290740 0.004591980 0.000844870 0.001638010 0.001497550 0.000995450 0.004699340 0.002909700 0.000468790 0.001166360 0.001325410 0.000797790 0.000388540 0.000387070 0.000846530 0.000588880 0.002483220 0.000663200 0.001744390 0.001025500 0.000945400 0.000974220 0.001218120 0.000235160 0.002423020 0.001742070 0.000918410 0.001922810 0.000281000 0.002079880 0.001287110 0.001651990 0.000474850 0.000309160 0.001988470 0.000128870 0.000000000 0.000153020 0.000040960 0.000545140 
50     0.000148560 0.001633130 0.001340670 0.000024830 0.003392630 0.001940480 0.003501400 0.000244180 0.002015750 0.001029780 0.000646200 0.001002400 0.005324790 0.000745630 0.002316120 0.003944500 0.000842150 0.003005080 0.001021820 0.001287320 0.001996210 0.000027440 0.000023250 0.003269400 0.002577700 0.002877440 0.002724280 0.000270450 0.001553150 0.002071980 0.000054000 0.000778400 0.001888690 0.001345820 0.001240100 0.002017060 0.003330440 0.002314930 0.001599130 0.001625440 0.002911670 0.000790980 0.001966700 0.001000720 0.001690580 0.000926860 0.000030050 0.000153020 0.000000000 0.000129910 0.001232980 
43     0.002990940 0.003060770 0.003635760 0.001942830 0.001201400 0.001542000 0.000408020 0.000240150 0.000215140 0.001241880 0.000858300 0.000414820 0.001008820 0.001159770 0.001917640 0.001215200 0.001919000 0.002390500 0.002657000 0.002376960 0.001260300 0.001108780 0.000310930 0.002470580 0.000035790 0.000533520 0.001691790 0.001154680 0.000776810 0.001287040 0.000943220 0.001903210 0.000384520 0.001175350 0.002033490 0.000518690 0.002313100 0.001730800 0.000525090 0.001821350 0.001598810 0.001223770 0.000914750 0.000528520 0.000766800 0.001260520 0.000269450 0.000040960 0.000129910 0.000000000 0.002365080 
0     0.001465290 0.000352320 0.001098400 0.001790390 0.000303910 0.000537290 0.000949240 0.000592860 0.001527090 0.000056420 0.000270410 0.001016470 0.000004760 0.000046740 0.001002340 0.000831390 0.001693490 0.001665100 0.000154620 0.001170500 0.002220220 0.001495180 0.000676300 0.000567550 0.001156850 0.002829970 0.000530090 0.001383790 0.001131440 0.001227340 0.001199720 0.001610590 0.000588870 0.000771290 0.001010820 0.000052050 0.001330760 0.000435450 0.000023930 0.000870750 0.000457890 0.005061170 0.000285920 0.000129300 0.002538180 0.000380990 0.000230110 0.000545140 0.001232980 0.002365080 0.000000000 
