51
10     0.000000000 0.012035310 0.028309011 0.027056561 0.027240396 0.026014428 0.026349991 0.047645001 0.047569227 0.047550505 0.047110462 0.047360385 0.047844845 0.048014773 0.044630271 0.056796762 0.055192706 0.057417173 0.057139093 0.058775071 0.059353687 0.060373113 0.060208990 0.059144214 0.057484201 0.057430487 0.059717153 0.058669971 0.058978572 0.059187623 0.058782489 0.058951116 0.059834144 0.059071365 0.059242616 0.058154925 0.057926073 0.060078849 0.060001827 0.059376410 0.059470329 0.062832484 0.063545847 0.059602627 0.058653177 0.058948382 0.059522801 0.058115830 0.060473960 0.059914942 0.115455806 
13     0.012035310 0.000000000 0.028844441 0.027586849 0.027770684 0.026586404 0.026906306 0.048240578 0.048164804 0.048146082 0.047706040 0.047955963 0.048440422 0.048610350 0.045225849 0.057392339 0.055788283 0.058012751 0.057734670 0.059370649 0.059949265 0.060968691 0.060804567 0.059739792 0.058079778 0.058026064 0.060312730 0.059265548 0.059574149 0.059783201 0.059378066 0.059546693 0.060429721 0.059666942 0.059838193 0.058750502 0.058521651 0.060674427 0.060597405 0.059971987 0.060065906 0.063428061 0.064141424 0.060198204 0.059248754 0.059543960 0.060118378 0.058711407 0.061069538 0.060510520 0.116051383 
12     0.028309011 0.028844441 0.000000000 0.015398430 0.015577507 0.020730790 0.021854249 0.047153453 0.047077680 0.047058958 0.046618915 0.046868838 0.047356955 0.047526883 0.044142382 0.056332955 0.054728899 0.056953367 0.056675286 0.058311264 0.058889880 0.059909306 0.059745183 0.058680407 0.057020394 0.056966680 0.059253346 0.058206164 0.058514765 0.058723817 0.058318682 0.058487309 0.059370337 0.058607558 0.058778809 0.057691118 0.057462266 0.059615042 0.059538020 0.058912603 0.059006522 0.062368677 0.063082040 0.059138820 0.058189370 0.058484575 0.059058994 0.057652023 0.060010154 0.059451135 0.114991999 
9     0.027056561 0.027586849 0.015398430 0.000000000 0.006789959 0.019522842 0.020658536 0.045958460 0.045882686 0.045863964 0.045423922 0.045673845 0.046161962 0.046331890 0.042947388 0.055150753 0.053546697 0.055771165 0.055493084 0.057129063 0.057707679 0.058727105 0.058562981 0.057498206 0.055838192 0.055784478 0.058071144 0.057023962 0.057332563 0.057541615 0.057136480 0.057305107 0.058188135 0.057425356 0.057596607 0.056508916 0.056280065 0.058432841 0.058355819 0.057730401 0.057824320 0.061186475 0.061899838 0.057956618 0.057007168 0.057302374 0.057876792 0.056469821 0.058827952 0.058268934 0.113795111 
11     0.027240396 0.027770684 0.015577507 0.006789959 0.000000000 0.019736490 0.020805392 0.046109495 0.046033721 0.046014999 0.045574957 0.045824880 0.046312997 0.046482925 0.043098424 0.055307821 0.053703764 0.055928232 0.055650152 0.057286130 0.057864746 0.058884172 0.058720049 0.057655273 0.055995259 0.055941545 0.058228211 0.057181030 0.057489630 0.057698682 0.057293547 0.057462174 0.058345203 0.057582423 0.057753675 0.056665983 0.056437132 0.058589908 0.058512886 0.057887468 0.057981388 0.061343542 0.062056906 0.058113686 0.057164235 0.057459441 0.058033859 0.056626888 0.058985019 0.058426001 0.113952179 
14     0.026014428 0.026586404 0.020730790 0.019522842 0.019736490 0.000000000 0.019564720 0.044980247 0.044904473 0.044885751 0.044445709 0.044695631 0.045182857 0.045352785 0.041968284 0.054180041 0.052575984 0.054800452 0.054522372 0.056158350 0.056736966 0.057756392 0.057592269 0.056527493 0.054867479 0.054813765 0.057100432 0.056053250 0.056361851 0.056570902 0.056165767 0.056334394 0.057217423 0.056454643 0.056625895 0.055538203 0.055309352 0.057462128 0.057385106 0.056759688 0.056853608 0.060215762 0.060929126 0.056985906 0.056036455 0.056331661 0.056906079 0.055499108 0.057857239 0.057298221 0.112824399 
6     0.026349991 0.026906306 0.021854249 0.020658536 0.020805392 0.019564720 0.000000000 0.045603155 0.045527381 0.045508659 0.045068617 0.045318540 0.045805766 0.045975694 0.042591193 0.054774616 0.053170559 0.055395027 0.055116946 0.056752925 0.057331541 0.058350967 0.058186843 0.057122068 0.055462054 0.055408340 0.057695006 0.056647824 0.056956425 0.057165477 0.056760342 0.056928969 0.057811997 0.057049218 0.057220469 0.056132778 0.055903927 0.058056703 0.057979681 0.057354263 0.057448182 0.060810337 0.061523700 0.057580480 0.056631030 0.056926236 0.057500654 0.056093683 0.058451814 0.057892796 0.113433659 
8     0.047645001 0.048240578 0.047153453 0.045958460 0.046109495 0.044980247 0.045603155 0.000000000 0.007678102 0.007742081 0.009125346 0.018571953 0.036654214 0.036824902 0.033320196 0.054348055 0.052743998 0.054896285 0.054618205 0.056254427 0.056832799 0.057853110 0.057688986 0.056629080 0.054963020 0.054909306 0.057196959 0.056149777 0.056458378 0.056667429 0.056262295 0.056430921 0.057313950 0.056551170 0.056722422 0.055634731 0.055405856 0.057572761 0.057495739 0.056870322 0.056964241 0.060326396 0.061039759 0.057122110 0.056172660 0.056460209 0.057034627 0.055635079 0.057963902 0.057404884 0.112899019 
5     0.047569227 0.048164804 0.047077680 0.045882686 0.046033721 0.044904473 0.045527381 0.007678102 0.000000000 0.005137147 0.008451942 0.018587395 0.036576939 0.036747627 0.033243218 0.054272281 0.052668225 0.054820511 0.054542431 0.056178653 0.056757025 0.057777336 0.057613212 0.056553306 0.054887246 0.054833532 0.057121185 0.056074003 0.056382604 0.056591655 0.056186521 0.056355147 0.057238176 0.056475397 0.056646648 0.055558957 0.055330082 0.057496988 0.057419965 0.056794548 0.056888467 0.060250622 0.060963985 0.057046336 0.056096886 0.056384435 0.056958853 0.055559305 0.057888128 0.057329110 0.112823245 
1     0.047550505 0.048146082 0.047058958 0.045863964 0.046014999 0.044885751 0.045508659 0.007742081 0.005137147 0.000000000 0.008520387 0.018504330 0.036559422 0.036730110 0.033225701 0.054253559 0.052649503 0.054801789 0.054523709 0.056159931 0.056738303 0.057758614 0.057594490 0.056534584 0.054868524 0.054814810 0.057102463 0.056055281 0.056363882 0.056572933 0.056167799 0.056336425 0.057219454 0.056456674 0.056627926 0.055540235 0.055311360 0.057478266 0.057401243 0.056775826 0.056869745 0.060231900 0.060945263 0.057027614 0.056078164 0.056365713 0.056940131 0.055540583 0.057869406 0.057310388 0.112804523 
4     0.047110462 0.047706040 0.046618915 0.045423922 0.045574957 0.044445709 0.045068617 0.009125346 0.008451942 0.008520387 0.000000000 0.018096989 0.036116331 0.036287019 0.032782610 0.053813517 0.052209460 0.054361747 0.054083667 0.055719889 0.056298261 0.057318572 0.057154448 0.056094542 0.054428482 0.054374768 0.056662421 0.055615239 0.055923840 0.056132891 0.055727757 0.055896383 0.056779412 0.056016632 0.056187884 0.055100193 0.054871318 0.057038223 0.056961201 0.056335784 0.056429703 0.059791858 0.060505221 0.056587572 0.055638122 0.055925671 0.056500089 0.055100541 0.057429364 0.056870346 0.112364481 
2     0.047360385 0.047955963 0.046868838 0.045673845 0.045824880 0.044695631 0.045318540 0.018571953 0.018587395 0.018504330 0.018096989 0.000000000 0.036384717 0.036555405 0.033050483 0.054064056 0.052460000 0.054612286 0.054334206 0.055970428 0.056548800 0.057569111 0.057404988 0.056345081 0.054679022 0.054625308 0.056912960 0.055865778 0.056174379 0.056383431 0.055978296 0.056146923 0.057029951 0.056267172 0.056438423 0.055350732 0.055121857 0.057288763 0.057211741 0.056586323 0.056680242 0.060042397 0.060755760 0.056838111 0.055888661 0.056176210 0.056750628 0.055351080 0.057679904 0.057120886 0.112615020 
7     0.047844845 0.048440422 0.047356955 0.046161962 0.046312997 0.045182857 0.045805766 0.036654214 0.036576939 0.036559422 0.036116331 0.036384717 0.000000000 0.005987339 0.025477136 0.054707011 0.053102955 0.055251270 0.054973189 0.056609167 0.057187783 0.058207850 0.058043727 0.056933327 0.055266965 0.055213251 0.057500903 0.056453721 0.056762322 0.056971374 0.056566239 0.056734866 0.057617895 0.056855115 0.057026366 0.055938675 0.055710045 0.057920374 0.057843352 0.057217934 0.057311853 0.060674008 0.061387371 0.057418338 0.056468888 0.056807652 0.057382070 0.055982522 0.058320473 0.057761455 0.113195443 
15     0.048014773 0.048610350 0.047526883 0.046331890 0.046482925 0.045352785 0.045975694 0.036824902 0.036747627 0.036730110 0.036287019 0.036555405 0.005987339 0.000000000 0.025649117 0.054876939 0.053272883 0.055421198 0.055143117 0.056779096 0.057357711 0.058377778 0.058213655 0.057103256 0.055436893 0.055383179 0.057670832 0.056623650 0.056932251 0.057141302 0.056736167 0.056904794 0.057787823 0.057025043 0.057196295 0.056108603 0.055879973 0.058090302 0.058013280 0.057387863 0.057481782 0.060843936 0.061557300 0.057588266 0.056638816 0.056977580 0.057551998 0.056152450 0.058490401 0.057931383 0.113365371 
3     0.044630271 0.045225849 0.044142382 0.042947388 0.043098424 0.041968284 0.042591193 0.033320196 0.033243218 0.033225701 0.032782610 0.033050483 0.025477136 0.025649117 0.000000000 0.051394063 0.049790006 0.051938321 0.051660241 0.053296219 0.053874835 0.054894902 0.054730778 0.053620379 0.051954017 0.051900303 0.054187955 0.053140773 0.053449374 0.053658426 0.053253291 0.053421918 0.054304946 0.053542167 0.053713418 0.052625727 0.052397096 0.054607426 0.054530403 0.053904986 0.053998905 0.057361060 0.058074423 0.054106036 0.053156585 0.053495064 0.054069482 0.052669934 0.055007525 0.054448507 0.109888972 
50     0.056796762 0.057392339 0.056332955 0.055150753 0.055307821 0.054180041 0.054774616 0.054348055 0.054272281 0.054253559 0.053813517 0.054064056 0.054707011 0.054876939 0.051394063 0.000000000 0.022508187 0.042252924 0.041974843 0.043611479 0.044183971 0.045208206 0.045044082 0.043795040 0.042149347 0.042095634 0.044410617 0.043391852 0.043706401 0.043909505 0.043504370 0.043650882 0.044486346 0.043724217 0.043895469 0.042826589 0.042610178 0.044463527 0.044334941 0.043709524 0.043803443 0.047236422 0.047931390 0.044042344 0.043092894 0.043399212 0.043961177 0.042514140 0.044952096 0.044395633 0.111995973 
30     0.055192706 0.055788283 0.054728899 0.053546697 0.053703764 0.052575984 0.053170559 0.052743998 0.052668225 0.052649503 0.052209460 0.052460000 0.053102955 0.053272883 0.049790006 0.022508187 0.000000000 0.040653297 0.040375217 0.042011852 0.042584344 0.043608579 0.043444456 0.042197300 0.040551156 0.040497442 0.042812426 0.041793661 0.042108210 0.042311314 0.041906179 0.042052691 0.042888155 0.042126026 0.042297278 0.041228398 0.041011987 0.042871634 0.042743048 0.042117631 0.042211550 0.045644528 0.046337408 0.042457767 0.041508317 0.041808246 0.042370211 0.040923174 0.043353517 0.042797053 0.110391916 
45     0.057417173 0.058012751 0.056953367 0.055771165 0.055928232 0.054800452 0.055395027 0.054896285 0.054820511 0.054801789 0.054361747 0.054612286 0.055251270 0.055421198 0.051938321 0.042252924 0.040653297 0.000000000 0.011620996 0.022516382 0.023069342 0.030532359 0.030367005 0.037206872 0.035890111 0.035835003 0.038342416 0.037298542 0.037593647 0.037814197 0.037408795 0.037604499 0.038302785 0.037582003 0.037753255 0.036619162 0.036374641 0.044691560 0.044572562 0.043945450 0.044039821 0.047462852 0.048175352 0.044100876 0.043151426 0.043511572 0.044071228 0.042740596 0.045458619 0.044904458 0.112570821 
21     0.057139093 0.057734670 0.056675286 0.055493084 0.055650152 0.054522372 0.055116946 0.054618205 0.054542431 0.054523709 0.054083667 0.054334206 0.054973189 0.055143117 0.051660241 0.041974843 0.040375217 0.011620996 0.000000000 0.022208520 0.022764517 0.030196676 0.030031322 0.036929421 0.035612810 0.035557702 0.038065125 0.037021250 0.037316355 0.037536905 0.037131503 0.037327208 0.038025507 0.037304725 0.037475976 0.036341883 0.036099559 0.044413479 0.044294482 0.043667370 0.043761741 0.047184772 0.047897271 0.043822796 0.042873346 0.043233491 0.043793147 0.042462516 0.045180538 0.044626377 0.112292741 
42     0.058775071 0.059370649 0.058311264 0.057129063 0.057286130 0.056158350 0.056752925 0.056254427 0.056178653 0.056159931 0.055719889 0.055970428 0.056609167 0.056779096 0.053296219 0.043611479 0.042011852 0.022516382 0.022208520 0.000000000 0.017992148 0.031776369 0.031611775 0.038571678 0.037241871 0.037186762 0.039699606 0.038648438 0.038943544 0.039164093 0.038758691 0.038954396 0.039658566 0.038954988 0.039126240 0.037990724 0.037741521 0.046062418 0.045943421 0.045316309 0.045410680 0.048833711 0.049534956 0.045459192 0.044509742 0.044876075 0.045435731 0.044105100 0.046808975 0.046254814 0.113928963 
41     0.059353687 0.059949265 0.058889880 0.057707679 0.057864746 0.056736966 0.057331541 0.056832799 0.056757025 0.056738303 0.056298261 0.056548800 0.057187783 0.057357711 0.053874835 0.044183971 0.042584344 0.023069342 0.022764517 0.017992148 0.000000000 0.032301959 0.032135395 0.039127164 0.037821014 0.037765906 0.040275226 0.039224058 0.039519163 0.039739713 0.039334311 0.039530015 0.040235494 0.039531148 0.039702400 0.038566884 0.038308968 0.046636880 0.046517883 0.045890771 0.045985142 0.049408172 0.050109418 0.046036216 0.045086765 0.045453098 0.046012754 0.044682123 0.047388419 0.046834258 0.114507335 
31     0.060373113 0.060968691 0.059909306 0.058727105 0.058884172 0.057756392 0.058350967 0.057853110 0.057777336 0.057758614 0.057318572 0.057569111 0.058207850 0.058377778 0.054894902 0.045208206 0.043608579 0.030532359 0.030196676 0.031776369 0.032301959 0.000000000 0.010834724 0.040166561 0.038823685 0.038768576 0.041270668 0.040227279 0.040523868 0.040745123 0.040339172 0.040533971 0.041234738 0.040516679 0.040687930 0.039550493 0.039287131 0.047538093 0.047419096 0.046791984 0.046886355 0.050309386 0.051013297 0.047039704 0.046090253 0.046448066 0.047007722 0.045677090 0.048415505 0.047861343 0.115522081 
34     0.060208990 0.060804567 0.059745183 0.058562981 0.058720049 0.057592269 0.058186843 0.057688986 0.057613212 0.057594490 0.057154448 0.057404988 0.058043727 0.058213655 0.054730778 0.045044082 0.043444456 0.030367005 0.030031322 0.031611775 0.032135395 0.010834724 0.000000000 0.039997438 0.038654581 0.038599473 0.041099297 0.040055908 0.040352497 0.040573752 0.040167801 0.040362600 0.041063367 0.040345308 0.040516559 0.039379122 0.039115760 0.047373970 0.047254973 0.046627861 0.046722232 0.050145263 0.050847584 0.046873991 0.045924541 0.046282353 0.046842009 0.045511378 0.048251381 0.047697220 0.115357958 
32     0.059144214 0.059739792 0.058680407 0.057498206 0.057655273 0.056527493 0.057122068 0.056629080 0.056553306 0.056534584 0.056094542 0.056345081 0.056933327 0.057103256 0.053620379 0.043795040 0.042197300 0.037206872 0.036929421 0.038571678 0.039127164 0.040166561 0.039997438 0.000000000 0.037348348 0.037296600 0.039560977 0.038511735 0.038825258 0.039027589 0.038630724 0.038827674 0.039704029 0.038980068 0.039151319 0.038041176 0.037756787 0.046335616 0.046212242 0.045585130 0.045679501 0.049157957 0.049859319 0.045748243 0.044798792 0.045303560 0.045864067 0.044541443 0.047067542 0.046511749 0.114270244 
25     0.057484201 0.058079778 0.057020394 0.055838192 0.055995259 0.054867479 0.055462054 0.054963020 0.054887246 0.054868524 0.054428482 0.054679022 0.055266965 0.055436893 0.051954017 0.042149347 0.040551156 0.035890111 0.035612810 0.037241871 0.037821014 0.038823685 0.038654581 0.037348348 0.000000000 0.005365695 0.035343265 0.034281611 0.034616605 0.034797327 0.034409263 0.034595357 0.035464306 0.034742557 0.034913808 0.033859332 0.033410239 0.044723577 0.044609056 0.043981713 0.044076083 0.047552569 0.048240793 0.044213875 0.043264425 0.043643034 0.044202690 0.042890126 0.045541596 0.044993965 0.112578568 
22     0.057430487 0.058026064 0.056966680 0.055784478 0.055941545 0.054813765 0.055408340 0.054909306 0.054833532 0.054814810 0.054374768 0.054625308 0.055213251 0.055383179 0.051900303 0.042095634 0.040497442 0.035835003 0.035557702 0.037186762 0.037765906 0.038768576 0.038599473 0.037296600 0.005365695 0.000000000 0.035291296 0.034229642 0.034564635 0.034745357 0.034357293 0.034543387 0.035412725 0.034690976 0.034862228 0.033807751 0.033358269 0.044669352 0.044554831 0.043927488 0.044021859 0.047498344 0.048186568 0.044160161 0.043210711 0.043589320 0.044148976 0.042836412 0.045487882 0.044940251 0.112524854 
19     0.059717153 0.060312730 0.059253346 0.058071144 0.058228211 0.057100432 0.057695006 0.057196959 0.057121185 0.057102463 0.056662421 0.056912960 0.057500903 0.057670832 0.054187955 0.044410617 0.042812426 0.038342416 0.038065125 0.039699606 0.040275226 0.041270668 0.041099297 0.039560977 0.035343265 0.035291296 0.000000000 0.021491445 0.021850748 0.021968240 0.021656274 0.021711718 0.032122767 0.031363406 0.031517319 0.030495676 0.031928797 0.046848218 0.046724815 0.046097472 0.046191843 0.049665809 0.050353844 0.046362025 0.045412575 0.045837614 0.046397270 0.045084705 0.047660834 0.047105040 0.114888007 
26     0.058669971 0.059265548 0.058206164 0.057023962 0.057181030 0.056053250 0.056647824 0.056149777 0.056074003 0.056055281 0.055615239 0.055865778 0.056453721 0.056623650 0.053140773 0.043391852 0.041793661 0.037298542 0.037021250 0.038648438 0.039224058 0.040227279 0.040055908 0.038511735 0.034281611 0.034229642 0.021491445 0.000000000 0.014022760 0.014433638 0.013961837 0.014205891 0.031112402 0.030482228 0.030644831 0.029579196 0.030855630 0.045828010 0.045704607 0.045077263 0.045171634 0.048645072 0.049330730 0.045321161 0.044371711 0.044805475 0.045365131 0.044052566 0.046639271 0.046083478 0.113843390 
39     0.058978572 0.059574149 0.058514765 0.057332563 0.057489630 0.056361851 0.056956425 0.056458378 0.056382604 0.056363882 0.055923840 0.056174379 0.056762322 0.056932251 0.053449374 0.043706401 0.042108210 0.037593647 0.037316355 0.038943544 0.039519163 0.040523868 0.040352497 0.038825258 0.034616605 0.034564635 0.021850748 0.014022760 0.000000000 0.010954013 0.010697488 0.014811677 0.031429037 0.030754398 0.030917001 0.029852113 0.031168750 0.046143418 0.046020015 0.045392671 0.045487042 0.048960480 0.049646138 0.045636569 0.044687119 0.045120883 0.045680539 0.044367974 0.046954680 0.046398886 0.114151991 
36     0.059187623 0.059783201 0.058723817 0.057541615 0.057698682 0.056570902 0.057165477 0.056667429 0.056591655 0.056572933 0.056132891 0.056383431 0.056971374 0.057141302 0.053658426 0.043909505 0.042311314 0.037814197 0.037536905 0.039164093 0.039739713 0.040745123 0.040573752 0.039027589 0.034797327 0.034745357 0.021968240 0.014433638 0.010954013 0.000000000 0.010719143 0.014982477 0.031642333 0.031001880 0.031164483 0.030099595 0.031390383 0.046345662 0.046222259 0.045594916 0.045689287 0.049162724 0.049848383 0.045838813 0.044889363 0.045323127 0.045882783 0.044570219 0.047156924 0.046601131 0.114361042 
46     0.058782489 0.059378066 0.058318682 0.057136480 0.057293547 0.056165767 0.056760342 0.056262295 0.056186521 0.056167799 0.055727757 0.055978296 0.056566239 0.056736167 0.053253291 0.043504370 0.041906179 0.037408795 0.037131503 0.038758691 0.039334311 0.040339172 0.040167801 0.038630724 0.034409263 0.034357293 0.021656274 0.013961837 0.010697488 0.010719143 0.000000000 0.014704452 0.031215527 0.030581939 0.030744541 0.029685804 0.031004060 0.045940527 0.045817125 0.045189781 0.045284152 0.048757589 0.049443248 0.045433679 0.044484228 0.044917992 0.045477648 0.044165084 0.046751789 0.046195996 0.113955908 
24     0.058951116 0.059546693 0.058487309 0.057305107 0.057462174 0.056334394 0.056928969 0.056430921 0.056355147 0.056336425 0.055896383 0.056146923 0.056734866 0.056904794 0.053421918 0.043650882 0.042052691 0.037604499 0.037327208 0.038954396 0.039530015 0.040533971 0.040362600 0.038827674 0.034595357 0.034543387 0.021711718 0.014205891 0.014811677 0.014982477 0.014704452 0.000000000 0.031329772 0.030683501 0.030846104 0.029786244 0.031084439 0.046092161 0.045968758 0.045341415 0.045435786 0.048909223 0.049594882 0.045585312 0.044635862 0.045069626 0.045629282 0.044316718 0.046903423 0.046347630 0.114121970 
44     0.059834144 0.060429721 0.059370337 0.058188135 0.058345203 0.057217423 0.057811997 0.057313950 0.057238176 0.057219454 0.056779412 0.057029951 0.057617895 0.057787823 0.054304946 0.044486346 0.042888155 0.038302785 0.038025507 0.039658566 0.040235494 0.041234738 0.041063367 0.039704029 0.035464306 0.035412725 0.032122767 0.031112402 0.031429037 0.031642333 0.031215527 0.031329772 0.000000000 0.024924314 0.025054729 0.023960031 0.031792289 0.046935742 0.046816204 0.046188861 0.046283232 0.049753864 0.050446337 0.046469533 0.045520083 0.045945288 0.046504944 0.045190358 0.047799691 0.047243897 0.114995650 
29     0.059071365 0.059666942 0.058607558 0.057425356 0.057582423 0.056454643 0.057049218 0.056551170 0.056475397 0.056456674 0.056016632 0.056267172 0.056855115 0.057025043 0.053542167 0.043724217 0.042126026 0.037582003 0.037304725 0.038954988 0.039531148 0.040516679 0.040345308 0.038980068 0.034742557 0.034690976 0.031363406 0.030482228 0.030754398 0.031001880 0.030581939 0.030683501 0.024924314 0.000000000 0.007608862 0.021007039 0.031255210 0.046159363 0.046039825 0.045412481 0.045506852 0.048977485 0.049675819 0.045701519 0.044752068 0.045177273 0.045736929 0.044422343 0.047039398 0.046483604 0.114230591 
18     0.059242616 0.059838193 0.058778809 0.057596607 0.057753675 0.056625895 0.057220469 0.056722422 0.056646648 0.056627926 0.056187884 0.056438423 0.057026366 0.057196295 0.053713418 0.043895469 0.042297278 0.037753255 0.037475976 0.039126240 0.039702400 0.040687930 0.040516559 0.039151319 0.034913808 0.034862228 0.031517319 0.030644831 0.030917001 0.031164483 0.030744541 0.030846104 0.025054729 0.007608862 0.000000000 0.021147339 0.031434247 0.046330614 0.046211076 0.045583733 0.045678104 0.049148736 0.049847071 0.045872770 0.044923320 0.045348524 0.045908180 0.044593594 0.047210649 0.046654856 0.114401842 
37     0.058154925 0.058750502 0.057691118 0.056508916 0.056665983 0.055538203 0.056132778 0.055634731 0.055558957 0.055540235 0.055100193 0.055350732 0.055938675 0.056108603 0.052625727 0.042826589 0.041228398 0.036619162 0.036341883 0.037990724 0.038566884 0.039550493 0.039379122 0.038041176 0.033859332 0.033807751 0.030495676 0.029579196 0.029852113 0.030099595 0.029685804 0.029786244 0.023960031 0.021007039 0.021147339 0.000000000 0.030188935 0.045256626 0.045137088 0.044509745 0.044604116 0.048074219 0.048771222 0.044782969 0.043833519 0.044258724 0.044818380 0.043503794 0.046132656 0.045576863 0.113310224 
20     0.057926073 0.058521651 0.057462266 0.056280065 0.056437132 0.055309352 0.055903927 0.055405856 0.055330082 0.055311360 0.054871318 0.055121857 0.055710045 0.055879973 0.052397096 0.042610178 0.041011987 0.036374641 0.036099559 0.037741521 0.038308968 0.039287131 0.039115760 0.037756787 0.033410239 0.033358269 0.031928797 0.030855630 0.031168750 0.031390383 0.031004060 0.031084439 0.031792289 0.031255210 0.031434247 0.030188935 0.000000000 0.045091813 0.044972995 0.044345651 0.044440022 0.047912111 0.048603177 0.044607462 0.043658011 0.044092084 0.044651740 0.043339175 0.045911235 0.045355442 0.113082863 
27     0.060078849 0.060674427 0.059615042 0.058432841 0.058589908 0.057462128 0.058056703 0.057572761 0.057496988 0.057478266 0.057038223 0.057288763 0.057920374 0.058090302 0.054607426 0.044463527 0.042871634 0.044691560 0.044413479 0.046062418 0.046636880 0.047538093 0.047373970 0.046335616 0.044723577 0.044669352 0.046848218 0.045828010 0.046143418 0.046345662 0.045940527 0.046092161 0.046935742 0.046159363 0.046330614 0.045256626 0.045091813 0.000000000 0.018533497 0.018029736 0.018074030 0.030204718 0.036850202 0.043946602 0.042997152 0.043492622 0.044065906 0.042609968 0.045329732 0.044790895 0.115237900 
33     0.060001827 0.060597405 0.059538020 0.058355819 0.058512886 0.057385106 0.057979681 0.057495739 0.057419965 0.057401243 0.056961201 0.057211741 0.057843352 0.058013280 0.054530403 0.044334941 0.042743048 0.044572562 0.044294482 0.045943421 0.046517883 0.047419096 0.047254973 0.046212242 0.044609056 0.044554831 0.046724815 0.045704607 0.046020015 0.046222259 0.045817125 0.045968758 0.046816204 0.046039825 0.046211076 0.045137088 0.044972995 0.018533497 0.000000000 0.015671976 0.015758473 0.030325257 0.036578693 0.043808426 0.042858976 0.043356338 0.043929622 0.042479115 0.045177522 0.044618080 0.115133776 
48     0.059376410 0.059971987 0.058912603 0.057730401 0.057887468 0.056759688 0.057354263 0.056870322 0.056794548 0.056775826 0.056335784 0.056586323 0.057217934 0.057387863 0.053904986 0.043709524 0.042117631 0.043945450 0.043667370 0.045316309 0.045890771 0.046791984 0.046627861 0.045585130 0.043981713 0.043927488 0.046097472 0.045077263 0.045392671 0.045594916 0.045189781 0.045341415 0.046188861 0.045412481 0.045583733 0.044509745 0.044345651 0.018029736 0.015671976 0.000000000 0.004344469 0.029611167 0.035954139 0.043185249 0.042235799 0.042733161 0.043306445 0.041850507 0.044555892 0.043996450 0.114508358 
17     0.059470329 0.060065906 0.059006522 0.057824320 0.057981388 0.056853608 0.057448182 0.056964241 0.056888467 0.056869745 0.056429703 0.056680242 0.057311853 0.057481782 0.053998905 0.043803443 0.042211550 0.044039821 0.043761741 0.045410680 0.045985142 0.046886355 0.046722232 0.045679501 0.044076083 0.044021859 0.046191843 0.045171634 0.045487042 0.045689287 0.045284152 0.045435786 0.046283232 0.045506852 0.045678104 0.044604116 0.044440022 0.018074030 0.015758473 0.004344469 0.000000000 0.029712061 0.036035695 0.043280233 0.042330782 0.042828144 0.043401428 0.041945490 0.044649812 0.044090369 0.114602278 
49     0.062832484 0.063428061 0.062368677 0.061186475 0.061343542 0.060215762 0.060810337 0.060326396 0.060250622 0.060231900 0.059791858 0.060042397 0.060674008 0.060843936 0.057361060 0.047236422 0.045644528 0.047462852 0.047184772 0.048833711 0.049408172 0.050309386 0.050145263 0.049157957 0.047552569 0.047498344 0.049665809 0.048645072 0.048960480 0.049162724 0.048757589 0.048909223 0.049753864 0.048977485 0.049148736 0.048074219 0.047912111 0.030204718 0.030325257 0.029611167 0.029712061 0.000000000 0.039494645 0.046716863 0.045767412 0.046241436 0.046814720 0.045370881 0.048197584 0.047638142 0.117991535 
40     0.063545847 0.064141424 0.063082040 0.061899838 0.062056906 0.060929126 0.061523700 0.061039759 0.060963985 0.060945263 0.060505221 0.060755760 0.061387371 0.061557300 0.058074423 0.047931390 0.046337408 0.048175352 0.047897271 0.049534956 0.050109418 0.051013297 0.050847584 0.049859319 0.048240793 0.048186568 0.050353844 0.049330730 0.049646138 0.049848383 0.049443248 0.049594882 0.050446337 0.049675819 0.049847071 0.048771222 0.048603177 0.036850202 0.036578693 0.035954139 0.036035695 0.039494645 0.000000000 0.047259411 0.046309961 0.046833971 0.047407255 0.045963248 0.048778929 0.048219487 0.118677796 
38     0.059602627 0.060198204 0.059138820 0.057956618 0.058113686 0.056985906 0.057580480 0.057122110 0.057046336 0.057027614 0.056587572 0.056838111 0.057418338 0.057588266 0.054106036 0.044042344 0.042457767 0.044100876 0.043822796 0.045459192 0.046036216 0.047039704 0.046873991 0.045748243 0.044213875 0.044160161 0.046362025 0.045321161 0.045636569 0.045838813 0.045433679 0.045585312 0.046469533 0.045701519 0.045872770 0.044782969 0.044607462 0.043946602 0.043808426 0.043185249 0.043280233 0.046716863 0.047259411 0.000000000 0.012207924 0.036950511 0.037468193 0.036022376 0.045094209 0.044534864 0.114661354 
47     0.058653177 0.059248754 0.058189370 0.057007168 0.057164235 0.056036455 0.056631030 0.056172660 0.056096886 0.056078164 0.055638122 0.055888661 0.056468888 0.056638816 0.053156585 0.043092894 0.041508317 0.043151426 0.042873346 0.044509742 0.045086765 0.046090253 0.045924541 0.044798792 0.043264425 0.043210711 0.045412575 0.044371711 0.044687119 0.044889363 0.044484228 0.044635862 0.045520083 0.044752068 0.044923320 0.043833519 0.043658011 0.042997152 0.042858976 0.042235799 0.042330782 0.045767412 0.046309961 0.012207924 0.000000000 0.036006636 0.036524317 0.035078501 0.044144759 0.043585414 0.113711903 
35     0.058948382 0.059543960 0.058484575 0.057302374 0.057459441 0.056331661 0.056926236 0.056460209 0.056384435 0.056365713 0.055925671 0.056176210 0.056807652 0.056977580 0.053495064 0.043399212 0.041808246 0.043511572 0.043233491 0.044876075 0.045453098 0.046448066 0.046282353 0.045303560 0.043643034 0.043589320 0.045837614 0.044805475 0.045120883 0.045323127 0.044917992 0.045069626 0.045945288 0.045177273 0.045348524 0.044258724 0.044092084 0.043492622 0.043356338 0.042733161 0.042828144 0.046241436 0.046833971 0.036950511 0.036006636 0.000000000 0.014817728 0.020303052 0.044357267 0.043798448 0.114069362 
23     0.059522801 0.060118378 0.059058994 0.057876792 0.058033859 0.056906079 0.057500654 0.057034627 0.056958853 0.056940131 0.056500089 0.056750628 0.057382070 0.057551998 0.054069482 0.043961177 0.042370211 0.044071228 0.043793147 0.045435731 0.046012754 0.047007722 0.046842009 0.045864067 0.044202690 0.044148976 0.046397270 0.045365131 0.045680539 0.045882783 0.045477648 0.045629282 0.046504944 0.045736929 0.045908180 0.044818380 0.044651740 0.044065906 0.043929622 0.043306445 0.043401428 0.046814720 0.047407255 0.037468193 0.036524317 0.014817728 0.000000000 0.020936531 0.044912403 0.044353585 0.114643781 
16     0.058115830 0.058711407 0.057652023 0.056469821 0.056626888 0.055499108 0.056093683 0.055635079 0.055559305 0.055540583 0.055100541 0.055351080 0.055982522 0.056152450 0.052669934 0.042514140 0.040923174 0.042740596 0.042462516 0.044105100 0.044682123 0.045677090 0.045511378 0.044541443 0.042890126 0.042836412 0.045084705 0.044052566 0.044367974 0.044570219 0.044165084 0.044316718 0.045190358 0.044422343 0.044593594 0.043503794 0.043339175 0.042609968 0.042479115 0.041850507 0.041945490 0.045370881 0.045963248 0.036022376 0.035078501 0.020303052 0.020936531 0.000000000 0.043637534 0.043078716 0.113236810 
43     0.060473960 0.061069538 0.060010154 0.058827952 0.058985019 0.057857239 0.058451814 0.057963902 0.057888128 0.057869406 0.057429364 0.057679904 0.058320473 0.058490401 0.055007525 0.044952096 0.043353517 0.045458619 0.045180538 0.046808975 0.047388419 0.048415505 0.048251381 0.047067542 0.045541596 0.045487882 0.047660834 0.046639271 0.046954680 0.047156924 0.046751789 0.046903423 0.047799691 0.047039398 0.047210649 0.046132656 0.045911235 0.045329732 0.045177522 0.044555892 0.044649812 0.048197584 0.048778929 0.045094209 0.044144759 0.044357267 0.044912403 0.043637534 0.000000000 0.019091041 0.115693293 
28     0.059914942 0.060510520 0.059451135 0.058268934 0.058426001 0.057298221 0.057892796 0.057404884 0.057329110 0.057310388 0.056870346 0.057120886 0.057761455 0.057931383 0.054448507 0.044395633 0.042797053 0.044904458 0.044626377 0.046254814 0.046834258 0.047861343 0.047697220 0.046511749 0.044993965 0.044940251 0.047105040 0.046083478 0.046398886 0.046601131 0.046195996 0.046347630 0.047243897 0.046483604 0.046654856 0.045576863 0.045355442 0.044790895 0.044618080 0.043996450 0.044090369 0.047638142 0.048219487 0.044534864 0.043585414 0.043798448 0.044353585 0.043078716 0.019091041 0.000000000 0.115134275 
0     0.115455806 0.116051383 0.114991999 0.113795111 0.113952179 0.112824399 0.113433659 0.112899019 0.112823245 0.112804523 0.112364481 0.112615020 0.113195443 0.113365371 0.109888972 0.111995973 0.110391916 0.112570821 0.112292741 0.113928963 0.114507335 0.115522081 0.115357958 0.114270244 0.112578568 0.112524854 0.114888007 0.113843390 0.114151991 0.114361042 0.113955908 0.114121970 0.114995650 0.114230591 0.114401842 0.113310224 0.113082863 0.115237900 0.115133776 0.114508358 0.114602278 0.117991535 0.118677796 0.114661354 0.113711903 0.114069362 0.114643781 0.113236810 0.115693293 0.115134275 0.000000000 
