51
10     0.000000000 0.000028070 0.000500850 0.000396830 0.000398690 0.000129630 0.000236640 0.000692480 0.000684200 0.000690700 0.000653650 0.000698910 0.000737960 0.000724400 0.000626760 0.000822000 0.000773640 0.000793500 0.000774460 0.000840410 0.000878240 0.000801680 0.000793870 0.000689810 0.000814450 0.000819540 0.000870250 0.000806180 0.000822230 0.000830760 0.000826580 0.000827950 0.000847060 0.000823300 0.000827560 0.000806470 0.000829290 0.000729170 0.000871590 0.000872800 0.000870760 0.000930130 0.000989290 0.000707240 0.000713280 0.000824130 0.000851940 0.000803930 0.000819670 0.000847790 0.001521630 
13     0.000028070 0.000000000 0.000473420 0.000369400 0.000371260 0.000335840 0.000363630 0.000588870 0.000580590 0.000587090 0.000550040 0.000595300 0.000634350 0.000620790 0.000523150 0.000718390 0.000670030 0.000689890 0.000670850 0.000804020 0.000774630 0.000698070 0.000690260 0.000698120 0.000712450 0.000715930 0.000766640 0.000702570 0.000718620 0.000727150 0.000722970 0.000724340 0.000743450 0.000719690 0.000723950 0.000702860 0.000725680 0.000765070 0.000767980 0.000769190 0.000767150 0.000826520 0.000885680 0.000791630 0.000784990 0.000720520 0.000748330 0.000700320 0.000759690 0.000748850 0.001418020 
12     0.000500850 0.000473420 0.000000000 0.000008520 0.000012810 0.000299860 0.000311360 0.000691450 0.000683170 0.000689670 0.000652620 0.000697880 0.000736930 0.000723370 0.000625730 0.000820970 0.000772610 0.000792470 0.000773430 0.000906600 0.000877210 0.000800650 0.000792840 0.000800700 0.000815030 0.000818510 0.000869220 0.000805150 0.000821200 0.000829730 0.000825550 0.000826920 0.000846030 0.000822270 0.000826530 0.000805440 0.000828260 0.000867650 0.000870560 0.000871770 0.000869730 0.000929100 0.000988260 0.000894210 0.000887570 0.000823100 0.000850910 0.000802900 0.000862270 0.000851430 0.001520600 
9     0.000396830 0.000369400 0.000008520 0.000000000 0.000018530 0.000195840 0.000223090 0.000587430 0.000579150 0.000585650 0.000548600 0.000593860 0.000632910 0.000619350 0.000521710 0.000716950 0.000668590 0.000688450 0.000669410 0.000802580 0.000773190 0.000696630 0.000688820 0.000696680 0.000711010 0.000714490 0.000765200 0.000701130 0.000717180 0.000725710 0.000721530 0.000722900 0.000742010 0.000718250 0.000722510 0.000701420 0.000724240 0.000763630 0.000766540 0.000767750 0.000765710 0.000825080 0.000884240 0.000790190 0.000783550 0.000719080 0.000746890 0.000698880 0.000758250 0.000747410 0.001416580 
11     0.000398690 0.000371260 0.000012810 0.000018530 0.000000000 0.000197700 0.000224950 0.000589290 0.000581010 0.000587510 0.000550460 0.000595720 0.000634770 0.000621210 0.000523570 0.000718810 0.000670450 0.000690310 0.000671270 0.000804440 0.000775050 0.000698490 0.000690680 0.000698540 0.000712870 0.000716350 0.000767060 0.000702990 0.000719040 0.000727570 0.000723390 0.000724760 0.000743870 0.000720110 0.000724370 0.000703280 0.000726100 0.000765490 0.000768400 0.000769610 0.000767570 0.000826940 0.000886100 0.000792050 0.000785410 0.000720940 0.000748750 0.000700740 0.000760110 0.000749270 0.001418440 
14     0.000129630 0.000335840 0.000299860 0.000195840 0.000197700 0.000000000 0.000018260 0.000591590 0.000583310 0.000589810 0.000552760 0.000598020 0.000637070 0.000623510 0.000525870 0.000721110 0.000672750 0.000692610 0.000673570 0.000630040 0.000669220 0.000700790 0.000692980 0.000479440 0.000604080 0.000625300 0.000769360 0.000705290 0.000721340 0.000729870 0.000725690 0.000727060 0.000654840 0.000722410 0.000690700 0.000705580 0.000728400 0.000518800 0.000770700 0.000771910 0.000769870 0.000829240 0.000888400 0.000496870 0.000502910 0.000723240 0.000751050 0.000703040 0.000609300 0.000637420 0.001420740 
6     0.000236640 0.000363630 0.000311360 0.000223090 0.000224950 0.000018260 0.000000000 0.000614620 0.000606340 0.000612840 0.000575790 0.000621050 0.000660100 0.000646540 0.000548900 0.000744140 0.000695780 0.000715640 0.000696600 0.000788610 0.000800380 0.000723820 0.000716010 0.000638010 0.000738200 0.000741680 0.000792390 0.000728320 0.000744370 0.000752900 0.000748720 0.000750090 0.000769200 0.000745440 0.000749700 0.000728610 0.000751430 0.000677370 0.000793730 0.000794940 0.000792900 0.000852270 0.000911430 0.000655440 0.000661480 0.000746270 0.000774080 0.000726070 0.000767870 0.000774600 0.001443770 
8     0.000692480 0.000588870 0.000691450 0.000587430 0.000589290 0.000591590 0.000614620 0.000000000 0.000003040 0.000077120 0.000070730 0.000236750 0.000569200 0.000555640 0.000396620 0.000721840 0.000673480 0.000693340 0.000674300 0.000807470 0.000778080 0.000701520 0.000693710 0.000701570 0.000715900 0.000719380 0.000770090 0.000706020 0.000722070 0.000730600 0.000726420 0.000727790 0.000746900 0.000723140 0.000727400 0.000706310 0.000729130 0.000768520 0.000771430 0.000772640 0.000770600 0.000829970 0.000889130 0.000795080 0.000788440 0.000723970 0.000751780 0.000703770 0.000763140 0.000752300 0.001421470 
5     0.000684200 0.000580590 0.000683170 0.000579150 0.000581010 0.000583310 0.000606340 0.000003040 0.000000000 0.000004560 0.000128900 0.000228470 0.000560920 0.000547360 0.000388340 0.000713560 0.000665200 0.000685060 0.000666020 0.000799190 0.000769800 0.000693240 0.000685430 0.000693290 0.000707620 0.000711100 0.000761810 0.000697740 0.000713790 0.000722320 0.000718140 0.000719510 0.000738620 0.000714860 0.000719120 0.000698030 0.000720850 0.000760240 0.000763150 0.000764360 0.000762320 0.000821690 0.000880850 0.000786800 0.000780160 0.000715690 0.000743500 0.000695490 0.000754860 0.000744020 0.001413190 
1     0.000690700 0.000587090 0.000689670 0.000585650 0.000587510 0.000589810 0.000612840 0.000077120 0.000004560 0.000000000 0.000031930 0.000234970 0.000567420 0.000553860 0.000394840 0.000720060 0.000671700 0.000691560 0.000672520 0.000805690 0.000776300 0.000699740 0.000691930 0.000699790 0.000714120 0.000717600 0.000768310 0.000704240 0.000720290 0.000728820 0.000724640 0.000726010 0.000745120 0.000721360 0.000725620 0.000704530 0.000727350 0.000766740 0.000769650 0.000770860 0.000768820 0.000828190 0.000887350 0.000793300 0.000786660 0.000722190 0.000750000 0.000701990 0.000761360 0.000750520 0.001419690 
4     0.000653650 0.000550040 0.000652620 0.000548600 0.000550460 0.000552760 0.000575790 0.000070730 0.000128900 0.000031930 0.000000000 0.000197920 0.000530370 0.000516810 0.000357790 0.000683010 0.000634650 0.000654510 0.000635470 0.000768640 0.000739250 0.000662690 0.000654880 0.000662740 0.000677070 0.000680550 0.000731260 0.000667190 0.000683240 0.000691770 0.000687590 0.000688960 0.000708070 0.000684310 0.000688570 0.000667480 0.000690300 0.000729690 0.000732600 0.000733810 0.000731770 0.000791140 0.000850300 0.000756250 0.000749610 0.000685140 0.000712950 0.000664940 0.000724310 0.000713470 0.001382640 
2     0.000698910 0.000595300 0.000697880 0.000593860 0.000595720 0.000598020 0.000621050 0.000236750 0.000228470 0.000234970 0.000197920 0.000000000 0.000575630 0.000562070 0.000403050 0.000728270 0.000679910 0.000699770 0.000680730 0.000813900 0.000784510 0.000707950 0.000700140 0.000708000 0.000722330 0.000725810 0.000776520 0.000712450 0.000728500 0.000737030 0.000732850 0.000734220 0.000753330 0.000729570 0.000733830 0.000712740 0.000735560 0.000774950 0.000777860 0.000779070 0.000777030 0.000836400 0.000895560 0.000801510 0.000794870 0.000730400 0.000758210 0.000710200 0.000769570 0.000758730 0.001427900 
7     0.000737960 0.000634350 0.000736930 0.000632910 0.000634770 0.000637070 0.000660100 0.000569200 0.000560920 0.000567420 0.000530370 0.000575630 0.000000000 0.000002830 0.000005220 0.000767320 0.000718960 0.000738820 0.000719780 0.000852950 0.000823560 0.000747000 0.000739190 0.000747050 0.000761380 0.000764860 0.000815570 0.000751500 0.000767550 0.000776080 0.000771900 0.000773270 0.000792380 0.000768620 0.000772880 0.000751790 0.000774610 0.000814000 0.000816910 0.000818120 0.000816080 0.000875450 0.000934610 0.000840560 0.000833920 0.000769450 0.000797260 0.000749250 0.000808620 0.000797780 0.001466950 
15     0.000724400 0.000620790 0.000723370 0.000619350 0.000621210 0.000623510 0.000646540 0.000555640 0.000547360 0.000553860 0.000516810 0.000562070 0.000002830 0.000000000 0.000489920 0.000753760 0.000705400 0.000725260 0.000706220 0.000839390 0.000810000 0.000733440 0.000725630 0.000733490 0.000747820 0.000751300 0.000802010 0.000737940 0.000753990 0.000762520 0.000758340 0.000759710 0.000778820 0.000755060 0.000759320 0.000738230 0.000761050 0.000800440 0.000803350 0.000804560 0.000802520 0.000861890 0.000921050 0.000827000 0.000820360 0.000755890 0.000783700 0.000735690 0.000795060 0.000784220 0.001453390 
3     0.000626760 0.000523150 0.000625730 0.000521710 0.000523570 0.000525870 0.000548900 0.000396620 0.000388340 0.000394840 0.000357790 0.000403050 0.000005220 0.000489920 0.000000000 0.000656120 0.000607760 0.000627620 0.000608580 0.000741750 0.000712360 0.000635800 0.000627990 0.000635850 0.000650180 0.000653660 0.000704370 0.000640300 0.000656350 0.000664880 0.000660700 0.000662070 0.000681180 0.000657420 0.000661680 0.000640590 0.000663410 0.000702800 0.000705710 0.000706920 0.000704880 0.000764250 0.000823410 0.000729360 0.000722720 0.000658250 0.000686060 0.000638050 0.000697420 0.000686580 0.001355750 
50     0.000822000 0.000718390 0.000820970 0.000716950 0.000718810 0.000721110 0.000744140 0.000721840 0.000713560 0.000720060 0.000683010 0.000728270 0.000767320 0.000753760 0.000656120 0.000000000 0.000106500 0.000552580 0.000533540 0.000666710 0.000637320 0.000560760 0.000552950 0.000560810 0.000575140 0.000329230 0.000629330 0.000565260 0.000581310 0.000589840 0.000585660 0.000587030 0.000606140 0.000582380 0.000586640 0.000565550 0.000588370 0.000714260 0.000717170 0.000718380 0.000716340 0.000720650 0.000834870 0.000560420 0.000718490 0.000583210 0.000611020 0.000527030 0.000653820 0.000642980 0.001461430 
30     0.000773640 0.000670030 0.000772610 0.000668590 0.000670450 0.000672750 0.000695780 0.000673480 0.000665200 0.000671700 0.000634650 0.000679910 0.000718960 0.000705400 0.000607760 0.000106500 0.000000000 0.000504220 0.000485180 0.000618350 0.000588960 0.000512400 0.000504590 0.000512450 0.000526780 0.000530260 0.000580970 0.000516900 0.000532950 0.000541480 0.000537300 0.000538670 0.000557780 0.000534020 0.000538280 0.000517190 0.000540010 0.000665900 0.000668810 0.000670020 0.000667980 0.000672290 0.000786510 0.000692460 0.000685820 0.000534850 0.000562660 0.000514650 0.000605460 0.000594620 0.001413070 
45     0.000793500 0.000689890 0.000792470 0.000688450 0.000690310 0.000692610 0.000715640 0.000693340 0.000685060 0.000691560 0.000654510 0.000699770 0.000738820 0.000725260 0.000627620 0.000552580 0.000504220 0.000000000 0.000004400 0.000273500 0.000342660 0.000437960 0.000430150 0.000445250 0.000427240 0.000430720 0.000481430 0.000417360 0.000433410 0.000441940 0.000437760 0.000439130 0.000458240 0.000434480 0.000438740 0.000417650 0.000440470 0.000685760 0.000688670 0.000689880 0.000687840 0.000692150 0.000806370 0.000712320 0.000705680 0.000493990 0.000521800 0.000473790 0.000625320 0.000614480 0.001432930 
21     0.000774460 0.000670850 0.000773430 0.000669410 0.000671270 0.000673570 0.000696600 0.000674300 0.000666020 0.000672520 0.000635470 0.000680730 0.000719780 0.000706220 0.000608580 0.000533540 0.000485180 0.000004400 0.000000000 0.000195950 0.000323620 0.000418920 0.000411110 0.000426210 0.000408200 0.000411680 0.000462390 0.000398320 0.000414370 0.000422900 0.000418720 0.000420090 0.000439200 0.000415440 0.000419700 0.000398610 0.000421430 0.000666720 0.000669630 0.000670840 0.000668800 0.000673110 0.000787330 0.000693280 0.000686640 0.000474950 0.000502760 0.000454750 0.000606280 0.000595440 0.001413890 
42     0.000840410 0.000804020 0.000906600 0.000802580 0.000804440 0.000630040 0.000788610 0.000807470 0.000799190 0.000805690 0.000768640 0.000813900 0.000852950 0.000839390 0.000741750 0.000666710 0.000618350 0.000273500 0.000195950 0.000000000 0.000004760 0.000552090 0.000544280 0.000330060 0.000454700 0.000475920 0.000595560 0.000531490 0.000547540 0.000556070 0.000551890 0.000553260 0.000505460 0.000548610 0.000541320 0.000531780 0.000554600 0.000376320 0.000802800 0.000804010 0.000801970 0.000806280 0.000765070 0.000448130 0.000454170 0.000608120 0.000635930 0.000587920 0.000466820 0.000588680 0.001547060 
41     0.000878240 0.000774630 0.000877210 0.000773190 0.000775050 0.000669220 0.000800380 0.000778080 0.000769800 0.000776300 0.000739250 0.000784510 0.000823560 0.000810000 0.000712360 0.000637320 0.000588960 0.000342660 0.000323620 0.000004760 0.000000000 0.000522700 0.000514890 0.000369240 0.000493880 0.000515100 0.000566170 0.000502100 0.000518150 0.000526680 0.000522500 0.000523870 0.000542980 0.000519220 0.000523480 0.000502390 0.000525210 0.000415500 0.000773410 0.000774620 0.000772580 0.000776890 0.000804250 0.000487310 0.000493350 0.000578730 0.000606540 0.000558530 0.000506000 0.000627860 0.001517670 
31     0.000801680 0.000698070 0.000800650 0.000696630 0.000698490 0.000700790 0.000723820 0.000701520 0.000693240 0.000699740 0.000662690 0.000707950 0.000747000 0.000733440 0.000635800 0.000560760 0.000512400 0.000437960 0.000418920 0.000552090 0.000522700 0.000000000 0.000141100 0.000453430 0.000460520 0.000464000 0.000514710 0.000450640 0.000466690 0.000475220 0.000471040 0.000472410 0.000491520 0.000467760 0.000472020 0.000450930 0.000473750 0.000693940 0.000696850 0.000698060 0.000696020 0.000700330 0.000814550 0.000720500 0.000713860 0.000502170 0.000529980 0.000481970 0.000633500 0.000622660 0.001441110 
34     0.000793870 0.000690260 0.000792840 0.000688820 0.000690680 0.000692980 0.000716010 0.000693710 0.000685430 0.000691930 0.000654880 0.000700140 0.000739190 0.000725630 0.000627990 0.000552950 0.000504590 0.000430150 0.000411110 0.000544280 0.000514890 0.000141100 0.000000000 0.000445620 0.000452710 0.000456190 0.000506900 0.000442830 0.000458880 0.000467410 0.000463230 0.000464600 0.000483710 0.000459950 0.000464210 0.000443120 0.000465940 0.000686130 0.000689040 0.000690250 0.000688210 0.000692520 0.000806740 0.000667440 0.000706050 0.000494360 0.000522170 0.000474160 0.000625690 0.000614850 0.001433300 
32     0.000689810 0.000698120 0.000800700 0.000696680 0.000698540 0.000479440 0.000638010 0.000701570 0.000693290 0.000699790 0.000662740 0.000708000 0.000747050 0.000733490 0.000635850 0.000560810 0.000512450 0.000445250 0.000426210 0.000330060 0.000369240 0.000453430 0.000445620 0.000000000 0.000294300 0.000315520 0.000522000 0.000457930 0.000473980 0.000482510 0.000478330 0.000479700 0.000345060 0.000446420 0.000380920 0.000458220 0.000481040 0.000225720 0.000696900 0.000698110 0.000696070 0.000700380 0.000614470 0.000297530 0.000303570 0.000426570 0.000521830 0.000482020 0.000316220 0.000438080 0.001441160 
25     0.000814450 0.000712450 0.000815030 0.000711010 0.000712870 0.000604080 0.000738200 0.000715900 0.000707620 0.000714120 0.000677070 0.000722330 0.000761380 0.000747820 0.000650180 0.000575140 0.000526780 0.000427240 0.000408200 0.000454700 0.000493880 0.000460520 0.000452710 0.000294300 0.000000000 0.000012830 0.000431730 0.000367660 0.000383710 0.000392240 0.000388060 0.000389430 0.000408540 0.000384780 0.000389040 0.000343740 0.000426170 0.000350360 0.000711230 0.000712440 0.000710400 0.000714710 0.000739110 0.000422170 0.000428210 0.000516550 0.000544360 0.000496350 0.000440860 0.000562720 0.001455490 
22     0.000819540 0.000715930 0.000818510 0.000714490 0.000716350 0.000625300 0.000741680 0.000719380 0.000711100 0.000717600 0.000680550 0.000725810 0.000764860 0.000751300 0.000653660 0.000329230 0.000530260 0.000430720 0.000411680 0.000475920 0.000515100 0.000464000 0.000456190 0.000315520 0.000012830 0.000000000 0.000435210 0.000371140 0.000387190 0.000395720 0.000391540 0.000392910 0.000412020 0.000388260 0.000392520 0.000371430 0.000429650 0.000371580 0.000714710 0.000715920 0.000713880 0.000718190 0.000760330 0.000443390 0.000449430 0.000520030 0.000547840 0.000390660 0.000462080 0.000583940 0.001458970 
19     0.000870250 0.000766640 0.000869220 0.000765200 0.000767060 0.000769360 0.000792390 0.000770090 0.000761810 0.000768310 0.000731260 0.000776520 0.000815570 0.000802010 0.000704370 0.000629330 0.000580970 0.000481430 0.000462390 0.000595560 0.000566170 0.000514710 0.000506900 0.000522000 0.000431730 0.000435210 0.000000000 0.000262630 0.000289700 0.000298230 0.000294050 0.000295420 0.000401890 0.000386370 0.000390630 0.000369540 0.000369500 0.000762510 0.000765420 0.000766630 0.000764590 0.000768900 0.000883120 0.000789070 0.000782430 0.000570740 0.000598550 0.000550540 0.000702070 0.000691230 0.001509680 
26     0.000806180 0.000702570 0.000805150 0.000701130 0.000702990 0.000705290 0.000728320 0.000706020 0.000697740 0.000704240 0.000667190 0.000712450 0.000751500 0.000737940 0.000640300 0.000565260 0.000516900 0.000417360 0.000398320 0.000531490 0.000502100 0.000450640 0.000442830 0.000457930 0.000367660 0.000371140 0.000262630 0.000000000 0.000007510 0.000027090 0.000007440 0.000062470 0.000337820 0.000322300 0.000326560 0.000305470 0.000416290 0.000698440 0.000701350 0.000702560 0.000700520 0.000704830 0.000819050 0.000725000 0.000718360 0.000506670 0.000534480 0.000486470 0.000638000 0.000627160 0.001445610 
39     0.000822230 0.000718620 0.000821200 0.000717180 0.000719040 0.000721340 0.000744370 0.000722070 0.000713790 0.000720290 0.000683240 0.000728500 0.000767550 0.000753990 0.000656350 0.000581310 0.000532950 0.000433410 0.000414370 0.000547540 0.000518150 0.000466690 0.000458880 0.000473980 0.000383710 0.000387190 0.000289700 0.000007510 0.000000000 0.000100130 0.000000410 0.000051440 0.000353870 0.000338350 0.000342610 0.000321520 0.000432340 0.000714490 0.000717400 0.000718610 0.000716570 0.000720880 0.000835100 0.000741050 0.000734410 0.000522720 0.000550530 0.000502520 0.000654050 0.000643210 0.001461660 
36     0.000830760 0.000727150 0.000829730 0.000725710 0.000727570 0.000729870 0.000752900 0.000730600 0.000722320 0.000728820 0.000691770 0.000737030 0.000776080 0.000762520 0.000664880 0.000589840 0.000541480 0.000441940 0.000422900 0.000556070 0.000526680 0.000475220 0.000467410 0.000482510 0.000392240 0.000395720 0.000298230 0.000027090 0.000100130 0.000000000 0.000017780 0.000035380 0.000353510 0.000346880 0.000351140 0.000330050 0.000440870 0.000723020 0.000725930 0.000727140 0.000725100 0.000729410 0.000843630 0.000749580 0.000742940 0.000531250 0.000559060 0.000511050 0.000662580 0.000651740 0.001470190 
46     0.000826580 0.000722970 0.000825550 0.000721530 0.000723390 0.000725690 0.000748720 0.000726420 0.000718140 0.000724640 0.000687590 0.000732850 0.000771900 0.000758340 0.000660700 0.000585660 0.000537300 0.000437760 0.000418720 0.000551890 0.000522500 0.000471040 0.000463230 0.000478330 0.000388060 0.000391540 0.000294050 0.000007440 0.000000410 0.000017780 0.000000000 0.000017700 0.000358220 0.000342700 0.000346960 0.000325870 0.000436690 0.000718840 0.000721750 0.000722960 0.000720920 0.000725230 0.000839450 0.000745400 0.000738760 0.000527070 0.000554880 0.000506870 0.000658400 0.000647560 0.001466010 
24     0.000827950 0.000724340 0.000826920 0.000722900 0.000724760 0.000727060 0.000750090 0.000727790 0.000719510 0.000726010 0.000688960 0.000734220 0.000773270 0.000759710 0.000662070 0.000587030 0.000538670 0.000439130 0.000420090 0.000553260 0.000523870 0.000472410 0.000464600 0.000479700 0.000389430 0.000392910 0.000295420 0.000062470 0.000051440 0.000035380 0.000017700 0.000000000 0.000359590 0.000344070 0.000348330 0.000327240 0.000438060 0.000720210 0.000723120 0.000724330 0.000722290 0.000726600 0.000840820 0.000746770 0.000740130 0.000528440 0.000556250 0.000508240 0.000659770 0.000648930 0.001467380 
44     0.000847060 0.000743450 0.000846030 0.000742010 0.000743870 0.000654840 0.000769200 0.000746900 0.000738620 0.000745120 0.000708070 0.000753330 0.000792380 0.000778820 0.000681180 0.000606140 0.000557780 0.000458240 0.000439200 0.000505460 0.000542980 0.000491520 0.000483710 0.000345060 0.000408540 0.000412020 0.000401890 0.000337820 0.000353870 0.000353510 0.000358220 0.000359590 0.000000000 0.000103840 0.000038340 0.000076380 0.000285140 0.000401120 0.000742230 0.000743440 0.000741400 0.000745710 0.000789870 0.000472930 0.000478970 0.000547550 0.000575360 0.000527350 0.000491620 0.000613480 0.001486490 
29     0.000823300 0.000719690 0.000822270 0.000718250 0.000720110 0.000722410 0.000745440 0.000723140 0.000714860 0.000721360 0.000684310 0.000729570 0.000768620 0.000755060 0.000657420 0.000582380 0.000534020 0.000434480 0.000415440 0.000548610 0.000519220 0.000467760 0.000459950 0.000446420 0.000384780 0.000388260 0.000386370 0.000322300 0.000338350 0.000346880 0.000342700 0.000344070 0.000103840 0.000000000 0.000017600 0.000285830 0.000386500 0.000502480 0.000718470 0.000719680 0.000717640 0.000721950 0.000836170 0.000413300 0.000580330 0.000283680 0.000551600 0.000503590 0.000592980 0.000644280 0.001462730 
18     0.000827560 0.000723950 0.000826530 0.000722510 0.000724370 0.000690700 0.000749700 0.000727400 0.000719120 0.000725620 0.000688570 0.000733830 0.000772880 0.000759320 0.000661680 0.000586640 0.000538280 0.000438740 0.000419700 0.000541320 0.000523480 0.000472020 0.000464210 0.000380920 0.000389040 0.000392520 0.000390630 0.000326560 0.000342610 0.000351140 0.000346960 0.000348330 0.000038340 0.000017600 0.000000000 0.000290090 0.000321000 0.000436980 0.000722730 0.000723940 0.000721900 0.000726210 0.000825730 0.000508790 0.000514830 0.000528050 0.000555860 0.000507850 0.000527480 0.000648540 0.001466990 
37     0.000806470 0.000702860 0.000805440 0.000701420 0.000703280 0.000705580 0.000728610 0.000706310 0.000698030 0.000704530 0.000667480 0.000712740 0.000751790 0.000738230 0.000640590 0.000565550 0.000517190 0.000417650 0.000398610 0.000531780 0.000502390 0.000450930 0.000443120 0.000458220 0.000343740 0.000371430 0.000369540 0.000305470 0.000321520 0.000330050 0.000325870 0.000327240 0.000076380 0.000285830 0.000290090 0.000000000 0.000416580 0.000698730 0.000701640 0.000702850 0.000700810 0.000705120 0.000819340 0.000725290 0.000718650 0.000506960 0.000534770 0.000486760 0.000638290 0.000627450 0.001445900 
20     0.000829290 0.000725680 0.000828260 0.000724240 0.000726100 0.000728400 0.000751430 0.000729130 0.000720850 0.000727350 0.000690300 0.000735560 0.000774610 0.000761050 0.000663410 0.000588370 0.000540010 0.000440470 0.000421430 0.000554600 0.000525210 0.000473750 0.000465940 0.000481040 0.000426170 0.000429650 0.000369500 0.000416290 0.000432340 0.000440870 0.000436690 0.000438060 0.000285140 0.000386500 0.000321000 0.000416580 0.000000000 0.000656620 0.000724460 0.000725670 0.000723630 0.000727940 0.000842160 0.000728430 0.000734470 0.000529780 0.000557590 0.000509580 0.000661110 0.000650270 0.001468720 
27     0.000729170 0.000765070 0.000867650 0.000763630 0.000765490 0.000518800 0.000677370 0.000768520 0.000760240 0.000766740 0.000729690 0.000774950 0.000814000 0.000800440 0.000702800 0.000714260 0.000665900 0.000685760 0.000666720 0.000376320 0.000415500 0.000693940 0.000686130 0.000225720 0.000350360 0.000371580 0.000762510 0.000698440 0.000714490 0.000723020 0.000718840 0.000720210 0.000401120 0.000502480 0.000436980 0.000698730 0.000656620 0.000000000 0.000016160 0.000176220 0.000174180 0.000783330 0.000459350 0.000336890 0.000342930 0.000716390 0.000744200 0.000696190 0.000346380 0.000477440 0.001508110 
33     0.000871590 0.000767980 0.000870560 0.000766540 0.000768400 0.000770700 0.000793730 0.000771430 0.000763150 0.000769650 0.000732600 0.000777860 0.000816910 0.000803350 0.000705710 0.000717170 0.000668810 0.000688670 0.000669630 0.000802800 0.000773410 0.000696850 0.000689040 0.000696900 0.000711230 0.000714710 0.000765420 0.000701350 0.000717400 0.000725930 0.000721750 0.000723120 0.000742230 0.000718470 0.000722730 0.000701640 0.000724460 0.000016160 0.000000000 0.000109470 0.000135830 0.000825300 0.000462260 0.000587750 0.000581110 0.000719300 0.000747110 0.000699100 0.000758470 0.000747630 0.001511020 
48     0.000872800 0.000769190 0.000871770 0.000767750 0.000769610 0.000771910 0.000794940 0.000772640 0.000764360 0.000770860 0.000733810 0.000779070 0.000818120 0.000804560 0.000706920 0.000718380 0.000670020 0.000689880 0.000670840 0.000804010 0.000774620 0.000698060 0.000690250 0.000698110 0.000712440 0.000715920 0.000766630 0.000702560 0.000718610 0.000727140 0.000722960 0.000724330 0.000743440 0.000719680 0.000723940 0.000702850 0.000725670 0.000176220 0.000109470 0.000000000 0.000009060 0.000826510 0.000463470 0.000588960 0.000582320 0.000720510 0.000748320 0.000700310 0.000759680 0.000748840 0.001512230 
17     0.000870760 0.000767150 0.000869730 0.000765710 0.000767570 0.000769870 0.000792900 0.000770600 0.000762320 0.000768820 0.000731770 0.000777030 0.000816080 0.000802520 0.000704880 0.000716340 0.000667980 0.000687840 0.000668800 0.000801970 0.000772580 0.000696020 0.000688210 0.000696070 0.000710400 0.000713880 0.000764590 0.000700520 0.000716570 0.000725100 0.000720920 0.000722290 0.000741400 0.000717640 0.000721900 0.000700810 0.000723630 0.000174180 0.000135830 0.000009060 0.000000000 0.000824470 0.000461430 0.000586920 0.000580280 0.000718470 0.000746280 0.000698270 0.000757640 0.000746800 0.001510190 
49     0.000930130 0.000826520 0.000929100 0.000825080 0.000826940 0.000829240 0.000852270 0.000829970 0.000821690 0.000828190 0.000791140 0.000836400 0.000875450 0.000861890 0.000764250 0.000720650 0.000672290 0.000692150 0.000673110 0.000806280 0.000776890 0.000700330 0.000692520 0.000700380 0.000714710 0.000718190 0.000768900 0.000704830 0.000720880 0.000729410 0.000725230 0.000726600 0.000745710 0.000721950 0.000726210 0.000705120 0.000727940 0.000783330 0.000825300 0.000826510 0.000824470 0.000000000 0.000026660 0.000848950 0.000842310 0.000722780 0.000750590 0.000702580 0.000676290 0.000665450 0.001071620 
40     0.000989290 0.000885680 0.000988260 0.000884240 0.000886100 0.000888400 0.000911430 0.000889130 0.000880850 0.000887350 0.000850300 0.000895560 0.000934610 0.000921050 0.000823410 0.000834870 0.000786510 0.000806370 0.000787330 0.000765070 0.000804250 0.000814550 0.000806740 0.000614470 0.000739110 0.000760330 0.000883120 0.000819050 0.000835100 0.000843630 0.000839450 0.000840820 0.000789870 0.000836170 0.000825730 0.000819340 0.000842160 0.000459350 0.000462260 0.000463470 0.000461430 0.000026660 0.000000000 0.000705450 0.000698810 0.000837000 0.000864810 0.000816800 0.000735130 0.000865330 0.000688390 
38     0.000707240 0.000791630 0.000894210 0.000790190 0.000792050 0.000496870 0.000655440 0.000795080 0.000786800 0.000793300 0.000756250 0.000801510 0.000840560 0.000827000 0.000729360 0.000560420 0.000692460 0.000712320 0.000693280 0.000448130 0.000487310 0.000720500 0.000667440 0.000297530 0.000422170 0.000443390 0.000789070 0.000725000 0.000741050 0.000749580 0.000745400 0.000746770 0.000472930 0.000413300 0.000508790 0.000725290 0.000728430 0.000336890 0.000587750 0.000588960 0.000586920 0.000848950 0.000705450 0.000000000 0.000009320 0.000130100 0.000770760 0.000154910 0.000299940 0.000235530 0.001534670 
47     0.000713280 0.000784990 0.000887570 0.000783550 0.000785410 0.000502910 0.000661480 0.000788440 0.000780160 0.000786660 0.000749610 0.000794870 0.000833920 0.000820360 0.000722720 0.000718490 0.000685820 0.000705680 0.000686640 0.000454170 0.000493350 0.000713860 0.000706050 0.000303570 0.000428210 0.000449430 0.000782430 0.000718360 0.000734410 0.000742940 0.000738760 0.000740130 0.000478970 0.000580330 0.000514830 0.000718650 0.000734470 0.000342930 0.000581110 0.000582320 0.000580280 0.000842310 0.000698810 0.000009320 0.000000000 0.000568410 0.000764120 0.000566340 0.000433430 0.000241570 0.001528030 
35     0.000824130 0.000720520 0.000823100 0.000719080 0.000720940 0.000723240 0.000746270 0.000723970 0.000715690 0.000722190 0.000685140 0.000730400 0.000769450 0.000755890 0.000658250 0.000583210 0.000534850 0.000493990 0.000474950 0.000608120 0.000578730 0.000502170 0.000494360 0.000426570 0.000516550 0.000520030 0.000570740 0.000506670 0.000522720 0.000531250 0.000527070 0.000528440 0.000547550 0.000283680 0.000528050 0.000506960 0.000529780 0.000716390 0.000719300 0.000720510 0.000718470 0.000722780 0.000837000 0.000130100 0.000568410 0.000000000 0.000064160 0.000077710 0.000404940 0.000645110 0.001463560 
23     0.000851940 0.000748330 0.000850910 0.000746890 0.000748750 0.000751050 0.000774080 0.000751780 0.000743500 0.000750000 0.000712950 0.000758210 0.000797260 0.000783700 0.000686060 0.000611020 0.000562660 0.000521800 0.000502760 0.000635930 0.000606540 0.000529980 0.000522170 0.000521830 0.000544360 0.000547840 0.000598550 0.000534480 0.000550530 0.000559060 0.000554880 0.000556250 0.000575360 0.000551600 0.000555860 0.000534770 0.000557590 0.000744200 0.000747110 0.000748320 0.000746280 0.000750590 0.000864810 0.000770760 0.000764120 0.000064160 0.000000000 0.000263110 0.000683760 0.000672920 0.001491370 
16     0.000803930 0.000700320 0.000802900 0.000698880 0.000700740 0.000703040 0.000726070 0.000703770 0.000695490 0.000701990 0.000664940 0.000710200 0.000749250 0.000735690 0.000638050 0.000527030 0.000514650 0.000473790 0.000454750 0.000587920 0.000558530 0.000481970 0.000474160 0.000482020 0.000496350 0.000390660 0.000550540 0.000486470 0.000502520 0.000511050 0.000506870 0.000508240 0.000527350 0.000503590 0.000507850 0.000486760 0.000509580 0.000696190 0.000699100 0.000700310 0.000698270 0.000702580 0.000816800 0.000154910 0.000566340 0.000077710 0.000263110 0.000000000 0.000502240 0.000624910 0.001443360 
43     0.000819670 0.000759690 0.000862270 0.000758250 0.000760110 0.000609300 0.000767870 0.000763140 0.000754860 0.000761360 0.000724310 0.000769570 0.000808620 0.000795060 0.000697420 0.000653820 0.000605460 0.000625320 0.000606280 0.000466820 0.000506000 0.000633500 0.000625690 0.000316220 0.000440860 0.000462080 0.000702070 0.000638000 0.000654050 0.000662580 0.000658400 0.000659770 0.000491620 0.000592980 0.000527480 0.000638290 0.000661110 0.000346380 0.000758470 0.000759680 0.000757640 0.000676290 0.000735130 0.000299940 0.000433430 0.000404940 0.000683760 0.000502240 0.000000000 0.000025100 0.001502730 
28     0.000847790 0.000748850 0.000851430 0.000747410 0.000749270 0.000637420 0.000774600 0.000752300 0.000744020 0.000750520 0.000713470 0.000758730 0.000797780 0.000784220 0.000686580 0.000642980 0.000594620 0.000614480 0.000595440 0.000588680 0.000627860 0.000622660 0.000614850 0.000438080 0.000562720 0.000583940 0.000691230 0.000627160 0.000643210 0.000651740 0.000647560 0.000648930 0.000613480 0.000644280 0.000648540 0.000627450 0.000650270 0.000477440 0.000747630 0.000748840 0.000746800 0.000665450 0.000865330 0.000235530 0.000241570 0.000645110 0.000672920 0.000624910 0.000025100 0.000000000 0.001473910 
0     0.001521630 0.001418020 0.001520600 0.001416580 0.001418440 0.001420740 0.001443770 0.001421470 0.001413190 0.001419690 0.001382640 0.001427900 0.001466950 0.001453390 0.001355750 0.001461430 0.001413070 0.001432930 0.001413890 0.001547060 0.001517670 0.001441110 0.001433300 0.001441160 0.001455490 0.001458970 0.001509680 0.001445610 0.001461660 0.001470190 0.001466010 0.001467380 0.001486490 0.001462730 0.001466990 0.001445900 0.001468720 0.001508110 0.001511020 0.001512230 0.001510190 0.001071620 0.000688390 0.001534670 0.001528030 0.001463560 0.001491370 0.001443360 0.001502730 0.001473910 0.000000000 
