51
16     0.000000000 0.133322166 0.135221624 0.185913866 0.188106011 0.179462681 0.183699675 0.184927601 0.188238571 0.187409301 0.187561849 0.187926623 0.184791946 0.194168125 0.197006309 0.195655074 0.173112153 0.211446640 0.217483168 0.201237296 0.196352043 0.205604139 0.189875488 0.254072472 0.256865338 0.265691436 0.320400127 0.392631460 0.417073552 0.420710144 0.424449911 0.468193909 0.436179267 0.455197323 0.380429358 0.381929877 0.387610300 0.418784062 0.394938288 0.415037102 0.386710842 0.367686300 0.401357084 0.398661552 0.408912679 0.484229444 0.400487240 0.396987425 0.423027772 0.433444891 0.635701553 
36     0.133322166 0.000000000 0.060275901 0.186257747 0.188449892 0.179307270 0.183536622 0.184764548 0.188188469 0.187333215 0.187487378 0.188732609 0.185086599 0.194049570 0.196892946 0.195536518 0.173297628 0.211513455 0.217418029 0.201311417 0.196380850 0.205688305 0.189996425 0.253742043 0.256551469 0.265378493 0.319217523 0.391381176 0.415725509 0.419356609 0.423101867 0.466845865 0.434869183 0.453849280 0.379037859 0.380592727 0.386262732 0.417418822 0.393657359 0.413756173 0.385429914 0.366405371 0.400296600 0.397380623 0.407631750 0.482884118 0.399206312 0.395706496 0.421746843 0.432163962 0.633620483 
25     0.135221624 0.060275901 0.000000000 0.187874738 0.190066884 0.180924261 0.185127542 0.186339936 0.189786698 0.188908603 0.189062766 0.190307997 0.186653791 0.195617648 0.198461025 0.197104596 0.174865706 0.213168407 0.219072981 0.202966369 0.198035802 0.207343257 0.191634724 0.255604681 0.258414107 0.267241130 0.321247879 0.393484907 0.417743426 0.421380017 0.425119784 0.468845477 0.436828669 0.455835688 0.381231756 0.382732275 0.388412698 0.419590891 0.395745116 0.415843930 0.387517670 0.368493128 0.402163912 0.399468380 0.409719507 0.484958354 0.401294068 0.397794253 0.423834600 0.434251719 0.636512703 
3     0.185913866 0.186257747 0.187874738 0.000000000 0.061530997 0.114722527 0.158983299 0.160181238 0.163235644 0.162446427 0.162634502 0.164319699 0.159808920 0.168609332 0.170800438 0.170062271 0.148174184 0.202635184 0.207813797 0.192080740 0.187881566 0.196393396 0.181930765 0.259483761 0.262515961 0.271350519 0.327640398 0.399792159 0.423505849 0.427223065 0.430845430 0.474799654 0.443030034 0.461803068 0.387303519 0.388945788 0.394626212 0.425906529 0.402060755 0.422159569 0.393833309 0.374804340 0.408485951 0.405678703 0.416035145 0.491153172 0.407609707 0.404109892 0.430150238 0.440567358 0.642831322 
8     0.188106011 0.188449892 0.190066884 0.061530997 0.000000000 0.117247070 0.161213820 0.162501165 0.165527659 0.164630427 0.164761477 0.166714614 0.162127465 0.170982666 0.173058842 0.172346441 0.150687756 0.204875394 0.210045404 0.194372953 0.190165177 0.198687525 0.184095869 0.261604728 0.264636928 0.273471486 0.329761365 0.401913126 0.425626816 0.429344032 0.432966397 0.476920621 0.445151001 0.463924035 0.389424487 0.391066755 0.396747179 0.428027497 0.404181722 0.424280536 0.395954276 0.376925307 0.410606919 0.407799670 0.418156113 0.493274139 0.409730674 0.406230859 0.432271206 0.442688325 0.644952289 
9     0.179462681 0.179307270 0.180924261 0.114722527 0.117247070 0.000000000 0.152489806 0.153343222 0.156530743 0.155933871 0.155909075 0.158542359 0.153495798 0.162048598 0.164287905 0.163574044 0.142079051 0.195762365 0.201380238 0.185607418 0.181378093 0.189838952 0.175092458 0.253073359 0.256105559 0.264940117 0.321179301 0.393377101 0.417649158 0.421406295 0.425146062 0.468890061 0.437120441 0.455893475 0.381060814 0.382622394 0.388302817 0.419473318 0.395627543 0.415726358 0.387400098 0.368342842 0.402052740 0.399251060 0.409601934 0.484719960 0.401176496 0.397676681 0.423717027 0.434134147 0.636398111 
4     0.183699675 0.183536622 0.185127542 0.158983299 0.161213820 0.152489806 0.000000000 0.055552850 0.088099215 0.086052104 0.086523515 0.121678937 0.122191442 0.131103951 0.134374047 0.133355549 0.111743525 0.199808963 0.205243781 0.188607839 0.184314598 0.193252290 0.178914972 0.257954185 0.260695219 0.269912475 0.325435992 0.397754801 0.421949899 0.425703132 0.429442899 0.473186897 0.441390560 0.460190311 0.385357650 0.386919230 0.392599654 0.423337483 0.399491708 0.419590522 0.391264263 0.372235293 0.405916905 0.403275802 0.413466099 0.488523762 0.405045111 0.401545296 0.427289084 0.437545924 0.640692326 
37     0.184927601 0.184764548 0.186339936 0.160181238 0.162501165 0.153343222 0.055552850 0.000000000 0.089752518 0.087677680 0.088411375 0.122834070 0.122896182 0.131942802 0.135133082 0.133612961 0.112236809 0.201277377 0.206729908 0.190109753 0.185797574 0.194733854 0.180391656 0.259061650 0.261802684 0.271019939 0.326647725 0.398966534 0.423047987 0.426914865 0.430654631 0.474398630 0.442602293 0.461402044 0.386569383 0.388130963 0.393811387 0.424549216 0.400703441 0.420802255 0.392475996 0.373447026 0.407128638 0.404487535 0.414677832 0.489735494 0.406256844 0.402757029 0.428500817 0.438757657 0.641904059 
10     0.188238571 0.188188469 0.189786698 0.163235644 0.165527659 0.156530743 0.088099215 0.089752518 0.000000000 0.062635425 0.061792021 0.125374598 0.125431713 0.135278893 0.138512093 0.137711494 0.115214143 0.203653400 0.209071082 0.192443221 0.188172024 0.197101359 0.182715735 0.261662747 0.264403781 0.273621037 0.329767336 0.402111447 0.426297874 0.430134640 0.433874407 0.477618405 0.445822068 0.464621819 0.389789158 0.391350738 0.397031162 0.428197443 0.404351668 0.424450483 0.396124223 0.377095253 0.410776865 0.408135762 0.418326059 0.493426059 0.409900621 0.406400806 0.432376023 0.442858272 0.645111698 
30     0.187409301 0.187333215 0.188908603 0.162446427 0.164630427 0.155933871 0.086052104 0.087677680 0.062635425 0.000000000 0.053312396 0.124592832 0.124354464 0.134291783 0.137244186 0.136952538 0.114285447 0.202794078 0.208296824 0.191597144 0.187300949 0.196230284 0.182213247 0.261115316 0.263856349 0.273073605 0.329004548 0.401374167 0.425553867 0.429397360 0.433137127 0.476881125 0.445084788 0.463884539 0.389051878 0.390613458 0.396293882 0.427460163 0.403614388 0.423713202 0.395386943 0.376357973 0.410039585 0.407398482 0.417588779 0.492688779 0.409163341 0.405663526 0.431646501 0.442120991 0.644374418 
31     0.187561849 0.187487378 0.189062766 0.162634502 0.164761477 0.155909075 0.086523515 0.088411375 0.061792021 0.053312396 0.000000000 0.125642759 0.124798434 0.134228861 0.137817800 0.137088962 0.113888976 0.202956709 0.208426001 0.191742062 0.187463581 0.196392915 0.182011597 0.260914537 0.263655571 0.272872827 0.329019126 0.401363237 0.425633197 0.429386430 0.433126197 0.476870195 0.445073858 0.463873609 0.389040948 0.390602528 0.396282952 0.427449233 0.403603458 0.423702273 0.395376013 0.376347043 0.410028655 0.407387552 0.417577849 0.492677849 0.409152411 0.405652596 0.431622057 0.442110062 0.644363488 
17     0.187926623 0.188732609 0.190307997 0.164319699 0.166714614 0.158542359 0.121678937 0.122834070 0.125374598 0.124592832 0.125642759 0.000000000 0.126588974 0.135970851 0.139333739 0.137934168 0.114638767 0.204275158 0.209593935 0.192839095 0.188563311 0.197293553 0.183554865 0.262809514 0.265550547 0.274767803 0.330362482 0.402421839 0.426767292 0.430558814 0.434298580 0.478042579 0.446246242 0.465045993 0.390156601 0.391718181 0.397398604 0.428407068 0.404561293 0.424660107 0.396333847 0.377304878 0.410986490 0.408345387 0.418535684 0.492629092 0.410083947 0.406584132 0.432580081 0.443041598 0.645481286 
2     0.184791946 0.185086599 0.186653791 0.159808920 0.162127465 0.153495798 0.122191442 0.122896182 0.125431713 0.124354464 0.124798434 0.126588974 0.000000000 0.131390037 0.134610343 0.134012999 0.111685010 0.200855553 0.206160425 0.189445423 0.184907690 0.193838933 0.179974268 0.259178821 0.261919855 0.271137111 0.327004909 0.399219719 0.423411804 0.427248913 0.430988680 0.474732679 0.442936342 0.461736093 0.386903432 0.388465012 0.394145435 0.425210761 0.401364986 0.421463801 0.393137541 0.374108572 0.407790183 0.405149080 0.415339377 0.490397142 0.407017649 0.403356757 0.429349072 0.439808909 0.642209046 
35     0.194168125 0.194049570 0.195617648 0.168609332 0.170982666 0.162048598 0.131103951 0.131942802 0.135278893 0.134291783 0.134228861 0.135970851 0.131390037 0.000000000 0.072646166 0.069906942 0.087670762 0.209224854 0.214722003 0.198317362 0.193956793 0.202510430 0.188499495 0.267546572 0.270268038 0.279504861 0.335691826 0.407896005 0.431745746 0.435558365 0.439298132 0.482985224 0.451247128 0.469987386 0.395377491 0.396939071 0.402619495 0.433982047 0.410136272 0.430235086 0.401908826 0.382879857 0.416561469 0.413920366 0.424110663 0.499236431 0.415685473 0.412185658 0.438184711 0.448642875 0.650900759 
26     0.197006309 0.196892946 0.198461025 0.170800438 0.173058842 0.164287905 0.134374047 0.135133082 0.138512093 0.137244186 0.137817800 0.139333739 0.134610343 0.072646166 0.000000000 0.076101364 0.090706715 0.212123889 0.217530196 0.201171117 0.196649428 0.205188845 0.191640668 0.270346607 0.273024286 0.282304897 0.338361464 0.410513259 0.433981550 0.437794169 0.441533936 0.485166155 0.453266071 0.472168317 0.397847681 0.399392929 0.405125766 0.436251158 0.412687299 0.432786113 0.404459853 0.385430884 0.419112496 0.416471393 0.426661690 0.501649530 0.418236500 0.414736685 0.440735738 0.451193902 0.653488920 
28     0.195655074 0.195536518 0.197104596 0.170062271 0.172346441 0.163574044 0.133355549 0.133612961 0.137711494 0.136952538 0.137088962 0.137934168 0.134012999 0.069906942 0.076101364 0.000000000 0.090040366 0.210741434 0.216235645 0.199901432 0.195376653 0.203892616 0.190089851 0.269334537 0.272056003 0.281292826 0.337340098 0.409561616 0.433411356 0.437223976 0.440963742 0.484650834 0.452912739 0.471652996 0.397043102 0.398604682 0.404285105 0.435647657 0.411801882 0.431900697 0.403574437 0.384545467 0.418227079 0.415585976 0.425776273 0.500764114 0.417351084 0.413851268 0.439850322 0.450308486 0.652566369 
18     0.173112153 0.173297628 0.174865706 0.148174184 0.150687756 0.142079051 0.111743525 0.112236809 0.115214143 0.114285447 0.113888976 0.114638767 0.111685010 0.087670762 0.090706715 0.090040366 0.000000000 0.188617404 0.193955613 0.177346002 0.173033243 0.181746784 0.167832267 0.247372450 0.250093838 0.259330740 0.314700240 0.387019890 0.410911591 0.414733298 0.418473065 0.462160157 0.430422062 0.449162319 0.374552425 0.376114005 0.381794428 0.412926609 0.389150717 0.409249532 0.380924376 0.361895407 0.395577018 0.392935915 0.403126212 0.478322805 0.394771848 0.391272033 0.417271086 0.427729250 0.630023676 
23     0.211446640 0.211513455 0.213168407 0.202635184 0.204875394 0.195762365 0.199808963 0.201277377 0.203653400 0.202794078 0.202956709 0.204275158 0.200855553 0.209224854 0.212123889 0.210741434 0.188617404 0.000000000 0.153845000 0.137580585 0.132849217 0.139736205 0.190796558 0.285711211 0.288743411 0.297565821 0.352708223 0.424622915 0.448869290 0.452622523 0.456362290 0.500106288 0.468336669 0.487109703 0.412200327 0.413657096 0.419273945 0.450855650 0.427009875 0.447108689 0.418782430 0.399670176 0.433359487 0.430702999 0.440984266 0.516340158 0.432558828 0.429059012 0.455095253 0.465516478 0.667469704 
6     0.217483168 0.217418029 0.219072981 0.207813797 0.210045404 0.201380238 0.205243781 0.206729908 0.209071082 0.208296824 0.208426001 0.209593935 0.206160425 0.214722003 0.217530196 0.216235645 0.193955613 0.153845000 0.000000000 0.142688556 0.137125945 0.145524769 0.195923372 0.290738008 0.293770207 0.302592618 0.357981590 0.429948479 0.454234540 0.457987773 0.461727540 0.505471539 0.473701919 0.492474953 0.417565577 0.419053677 0.424741878 0.456165342 0.432319567 0.452418382 0.424092122 0.404946736 0.438726767 0.436012691 0.446293958 0.521649851 0.437868520 0.434368705 0.460404946 0.470826171 0.673088105 
34     0.201237296 0.201311417 0.202966369 0.192080740 0.194372953 0.185607418 0.188607839 0.190109753 0.192443221 0.191597144 0.191742062 0.192839095 0.189445423 0.198317362 0.201171117 0.199901432 0.177346002 0.137580585 0.142688556 0.000000000 0.087644713 0.120915019 0.179777263 0.274660043 0.277692242 0.286514653 0.341997839 0.414021677 0.438305664 0.442058897 0.445798663 0.489542662 0.457773042 0.476546076 0.401636700 0.403124801 0.408813002 0.439835507 0.415988772 0.436087586 0.407690045 0.388637410 0.422312054 0.419654303 0.429833110 0.505343277 0.421561946 0.418062131 0.444098372 0.454519597 0.657078434 
15     0.196352043 0.196380850 0.198035802 0.187881566 0.190165177 0.181378093 0.184314598 0.185797574 0.188172024 0.187300949 0.187463581 0.188563311 0.184907690 0.193956793 0.196649428 0.195376653 0.173033243 0.132849217 0.137125945 0.087644713 0.000000000 0.114722225 0.175516695 0.270406215 0.273438415 0.282260826 0.337845271 0.409799500 0.434079548 0.437832781 0.441572548 0.485316546 0.453546927 0.472319961 0.397410585 0.398898685 0.404586886 0.435405693 0.411708596 0.431807410 0.403481150 0.384333571 0.418053786 0.415401719 0.425682986 0.501056546 0.417275215 0.413775400 0.439811641 0.450232866 0.652821598 
32     0.205604139 0.205688305 0.207343257 0.196393396 0.198687525 0.189838952 0.193252290 0.194733854 0.197101359 0.196230284 0.196392915 0.197293553 0.193838933 0.202510430 0.205188845 0.203892616 0.181746784 0.139736205 0.145524769 0.120915019 0.114722225 0.000000000 0.184792097 0.279441955 0.282474154 0.291296565 0.346961969 0.418876287 0.442902312 0.446655545 0.450395312 0.494077905 0.462331085 0.481102388 0.406440977 0.407930041 0.413618242 0.445161172 0.421315397 0.441414211 0.413087951 0.393991628 0.427660587 0.425008521 0.435289788 0.510645680 0.426864350 0.423364534 0.449400775 0.459822000 0.662074267 
14     0.189875488 0.189996425 0.191634724 0.181930765 0.184095869 0.175092458 0.178914972 0.180391656 0.182715735 0.182213247 0.182011597 0.183554865 0.179974268 0.188499495 0.191640668 0.190089851 0.167832267 0.190796558 0.195923372 0.179777263 0.175516695 0.184792097 0.000000000 0.264027888 0.267060087 0.275945176 0.332527131 0.404633184 0.428746088 0.432503613 0.436243380 0.479934315 0.448096779 0.466927142 0.392191204 0.393874500 0.399554924 0.430801093 0.406955319 0.427054133 0.398727873 0.379698904 0.413380515 0.410648443 0.420929710 0.496285602 0.412504271 0.409004456 0.435044803 0.445461922 0.647728477 
33     0.254072472 0.253742043 0.255604681 0.259483761 0.261604728 0.253073359 0.257954185 0.259061650 0.261662747 0.261115316 0.260914537 0.262809514 0.259178821 0.267546572 0.270346607 0.269334537 0.247372450 0.285711211 0.290738008 0.274660043 0.270406215 0.279441955 0.264027888 0.000000000 0.037422365 0.108058423 0.335872837 0.407977003 0.432085100 0.435641681 0.439381448 0.483037141 0.451471879 0.470040556 0.394906466 0.396853362 0.402533785 0.434109385 0.410263610 0.430362424 0.402036164 0.383021092 0.416866428 0.414027161 0.424238001 0.499472343 0.415812563 0.412312747 0.438365613 0.448770213 0.651239380 
21     0.256865338 0.256551469 0.258414107 0.262515961 0.264636928 0.256105559 0.260695219 0.261802684 0.264403781 0.263856349 0.263655571 0.265550547 0.261919855 0.270268038 0.273024286 0.272056003 0.250093838 0.288743411 0.293770207 0.277692242 0.273438415 0.282474154 0.267060087 0.037422365 0.000000000 0.110841232 0.338747531 0.410878665 0.434986762 0.438543342 0.442283109 0.485938803 0.454373541 0.472942218 0.397808128 0.399755024 0.405435447 0.437010257 0.413164482 0.433263296 0.404937037 0.385921964 0.419767300 0.416928033 0.427138873 0.502373215 0.418713435 0.415213620 0.441266485 0.451671085 0.654130483 
19     0.265691436 0.265378493 0.267241130 0.271350519 0.273471486 0.264940117 0.269912475 0.271019939 0.273621037 0.273073605 0.272872827 0.274767803 0.271137111 0.279504861 0.282304897 0.281292826 0.259330740 0.297565821 0.302592618 0.286514653 0.282260826 0.291296565 0.275945176 0.108058423 0.110841232 0.000000000 0.347840601 0.419931255 0.444039352 0.447595933 0.451335699 0.494991393 0.463426131 0.481994808 0.406836333 0.408807614 0.414488037 0.445900872 0.421809068 0.441907882 0.413472718 0.394457645 0.428372022 0.425527681 0.435759776 0.511416103 0.427756323 0.424256508 0.450309373 0.460713974 0.663191122 
29     0.320400127 0.319217523 0.321247879 0.327640398 0.329761365 0.321179301 0.325435992 0.326647725 0.329767336 0.329004548 0.329019126 0.330362482 0.327004909 0.335691826 0.338361464 0.337340098 0.314700240 0.352708223 0.357981590 0.341997839 0.337845271 0.346961969 0.332527131 0.335872837 0.338747531 0.347840601 0.000000000 0.349147637 0.372736298 0.376194930 0.379934697 0.423516833 0.391934471 0.410478743 0.336238387 0.337494117 0.343189718 0.374541245 0.350552064 0.370615359 0.342423254 0.323468648 0.357350753 0.354636273 0.364644142 0.440064136 0.356141347 0.352607813 0.378859238 0.389065279 0.592629206 
1     0.392631460 0.391381176 0.393484907 0.399792159 0.401913126 0.393377101 0.397754801 0.398966534 0.402111447 0.401374167 0.401363237 0.402421839 0.399219719 0.407896005 0.410513259 0.409561616 0.387019890 0.424622915 0.429948479 0.414021677 0.409799500 0.418876287 0.404633184 0.407977003 0.410878665 0.419931255 0.349147637 0.000000000 0.400073180 0.403394597 0.407045637 0.450905998 0.419375075 0.437795821 0.363690838 0.363260105 0.368825114 0.431379280 0.407511122 0.427648039 0.399356430 0.380429074 0.414223116 0.411550886 0.421558129 0.497004521 0.412635330 0.409134302 0.435575930 0.445828919 0.648882416 
11     0.417073552 0.415725509 0.417743426 0.423505849 0.425626816 0.417649158 0.421949899 0.423047987 0.426297874 0.425553867 0.425633197 0.426767292 0.423411804 0.431745746 0.433981550 0.433411356 0.410911591 0.448869290 0.454234540 0.438305664 0.434079548 0.442902312 0.428746088 0.432085100 0.434986762 0.444039352 0.372736298 0.400073180 0.000000000 0.140099155 0.142750141 0.240571354 0.213485267 0.229938712 0.261009267 0.316049054 0.321406389 0.455334883 0.430585950 0.451279878 0.422944706 0.404031047 0.437785193 0.435150582 0.445097688 0.521038989 0.436834263 0.433505787 0.459643123 0.469955265 0.672543420 
20     0.420710144 0.419356609 0.421380017 0.427223065 0.429344032 0.421406295 0.425703132 0.426914865 0.430134640 0.429397360 0.429386430 0.430558814 0.427248913 0.435558365 0.437794169 0.437223976 0.414733298 0.452622523 0.457987773 0.442058897 0.437832781 0.446655545 0.432503613 0.435641681 0.438543342 0.447595933 0.376194930 0.403394597 0.140099155 0.000000000 0.116449367 0.246233001 0.217656932 0.233911302 0.264714019 0.318979231 0.324383774 0.458856298 0.434061602 0.454876408 0.426568337 0.407654679 0.441435023 0.438762793 0.448723781 0.524574495 0.440369768 0.437041293 0.463178629 0.473490771 0.674765530 
13     0.424449911 0.423101867 0.425119784 0.430845430 0.432966397 0.425146062 0.429442899 0.430654631 0.433874407 0.433137127 0.433126197 0.434298580 0.430988680 0.439298132 0.441533936 0.440963742 0.418473065 0.456362290 0.461727540 0.445798663 0.441572548 0.450395312 0.436243380 0.439381448 0.442283109 0.451335699 0.379934697 0.407045637 0.142750141 0.116449367 0.000000000 0.249174853 0.220596362 0.236624329 0.268427842 0.322679924 0.328281086 0.462592793 0.437750927 0.458612903 0.430304832 0.411391174 0.445171518 0.442499288 0.452460276 0.528310990 0.444106263 0.440777788 0.466915124 0.477227266 0.679751822 
5     0.468193909 0.466845865 0.468845477 0.474799654 0.476920621 0.468890061 0.473186897 0.474398630 0.477618405 0.476881125 0.476870195 0.478042579 0.474732679 0.482985224 0.485166155 0.484650834 0.462160157 0.500106288 0.505471539 0.489542662 0.485316546 0.494077905 0.479934315 0.483037141 0.485938803 0.494991393 0.423516833 0.450905998 0.240571354 0.246233001 0.249174853 0.000000000 0.200328481 0.220229190 0.312128482 0.367065984 0.372710543 0.506378837 0.481714664 0.502449270 0.474141199 0.455227541 0.489007885 0.486335655 0.496287335 0.572097034 0.487881053 0.484563832 0.510701167 0.521013309 0.723567960 
27     0.436179267 0.434869183 0.436828669 0.443030034 0.445151001 0.437120441 0.441390560 0.442602293 0.445822068 0.445084788 0.445073858 0.446246242 0.442936342 0.451247128 0.453266071 0.452912739 0.430422062 0.468336669 0.473701919 0.457773042 0.453546927 0.462331085 0.448096779 0.451471879 0.454373541 0.463426131 0.391934471 0.419375075 0.213485267 0.217656932 0.220596362 0.200328481 0.000000000 0.182931055 0.281599292 0.335841028 0.341481082 0.474698129 0.450101775 0.470767848 0.442305124 0.423383926 0.457221391 0.454541347 0.464416288 0.540450446 0.456152176 0.452917244 0.479054579 0.489366721 0.690792058 
12     0.455197323 0.453849280 0.455835688 0.461803068 0.463924035 0.455893475 0.460190311 0.461402044 0.464621819 0.463884539 0.463873609 0.465045993 0.461736093 0.469987386 0.472168317 0.471652996 0.449162319 0.487109703 0.492474953 0.476546076 0.472319961 0.481102388 0.466927142 0.470040556 0.472942218 0.481994808 0.410478743 0.437795821 0.229938712 0.233911302 0.236624329 0.220229190 0.182931055 0.000000000 0.298873244 0.353944171 0.359629019 0.493365157 0.468700985 0.489435590 0.461127520 0.442213861 0.475994206 0.473321976 0.483132027 0.559083354 0.474867373 0.471550152 0.497687487 0.507999630 0.710520186 
24     0.380429358 0.379037859 0.381231756 0.387303519 0.389424487 0.381060814 0.385357650 0.386569383 0.389789158 0.389051878 0.389040948 0.390156601 0.386903432 0.395377491 0.397847681 0.397043102 0.374552425 0.412200327 0.417565577 0.401636700 0.397410585 0.406440977 0.392191204 0.394906466 0.397808128 0.406836333 0.336238387 0.363690838 0.261009267 0.264714019 0.268427842 0.312128482 0.281599292 0.298873244 0.000000000 0.278576543 0.284091338 0.418876076 0.394297731 0.415022906 0.386714836 0.367801177 0.401581522 0.398909292 0.408871220 0.484594273 0.400323647 0.397061071 0.423198407 0.433510549 0.636129539 
22     0.381929877 0.380592727 0.382732275 0.388945788 0.391066755 0.382622394 0.386919230 0.388130963 0.391350738 0.390613458 0.390602528 0.391718181 0.388465012 0.396939071 0.399392929 0.398604682 0.376114005 0.413657096 0.419053677 0.403124801 0.398898685 0.407930041 0.393874500 0.396853362 0.399755024 0.408807614 0.337494117 0.363260105 0.316049054 0.318979231 0.322679924 0.367065984 0.335841028 0.353944171 0.278576543 0.000000000 0.191956807 0.419514300 0.395384845 0.415525422 0.387394160 0.368480501 0.402260846 0.399588616 0.409560137 0.485036595 0.401023634 0.397638957 0.423776293 0.434088435 0.636414044 
7     0.387610300 0.386262732 0.388412698 0.394626212 0.396747179 0.388302817 0.392599654 0.393811387 0.397031162 0.396293882 0.396282952 0.397398604 0.394145435 0.402619495 0.405125766 0.404285105 0.381794428 0.419273945 0.424741878 0.408813002 0.404586886 0.413618242 0.399554924 0.402533785 0.405435447 0.414488037 0.343189718 0.368825114 0.321406389 0.324383774 0.328281086 0.372710543 0.341481082 0.359629019 0.284091338 0.191956807 0.000000000 0.425570873 0.401234982 0.421611957 0.393393212 0.374479553 0.408259898 0.405587668 0.415559189 0.491289070 0.407140544 0.403755868 0.429893203 0.440205345 0.642188834 
41     0.418784062 0.417418822 0.419590891 0.425906529 0.428027497 0.419473318 0.423337483 0.424549216 0.428197443 0.427460163 0.427449233 0.428407068 0.425210761 0.433982047 0.436251158 0.435647657 0.412926609 0.450855650 0.456165342 0.439835507 0.435405693 0.445161172 0.430801093 0.434109385 0.437010257 0.445900872 0.374541245 0.431379280 0.455334883 0.458856298 0.462592793 0.506378837 0.474698129 0.493365157 0.418876076 0.419514300 0.425570873 0.000000000 0.244929924 0.264910559 0.236239327 0.217502132 0.251284658 0.248644342 0.258684902 0.374673920 0.290844357 0.287150109 0.312998607 0.323328121 0.661530728 
39     0.394938288 0.393657359 0.395745116 0.402060755 0.404181722 0.395627543 0.399491708 0.400703441 0.404351668 0.403614388 0.403603458 0.404561293 0.401364986 0.410136272 0.412687299 0.411801882 0.389150717 0.427009875 0.432319567 0.415988772 0.411708596 0.421315397 0.406955319 0.410263610 0.413164482 0.421809068 0.350552064 0.407511122 0.430585950 0.434061602 0.437750927 0.481714664 0.450101775 0.468700985 0.394297731 0.395384845 0.401234982 0.244929924 0.000000000 0.150781582 0.167898182 0.149483786 0.183460454 0.182417301 0.190320187 0.352258457 0.268376729 0.264682481 0.290367172 0.300699696 0.637791012 
48     0.415037102 0.413756173 0.415843930 0.422159569 0.424280536 0.415726358 0.419590522 0.420802255 0.424450483 0.423713202 0.423702273 0.424660107 0.421463801 0.430235086 0.432786113 0.431900697 0.409249532 0.447108689 0.452418382 0.436087586 0.431807410 0.441414211 0.427054133 0.430362424 0.433263296 0.441907882 0.370615359 0.427648039 0.451279878 0.454876408 0.458612903 0.502449270 0.470767848 0.489435590 0.415022906 0.415525422 0.421611957 0.264910559 0.150781582 0.000000000 0.187900865 0.169615032 0.202796186 0.201852883 0.210341610 0.371893206 0.288002317 0.284308069 0.309992761 0.320325285 0.657846408 
42     0.386710842 0.385429914 0.387517670 0.393833309 0.395954276 0.387400098 0.391264263 0.392475996 0.396124223 0.395386943 0.395376013 0.396333847 0.393137541 0.401908826 0.404459853 0.403574437 0.380924376 0.418782430 0.424092122 0.407690045 0.403481150 0.413087951 0.398727873 0.402036164 0.404937037 0.413472718 0.342423254 0.399356430 0.422944706 0.426568337 0.430304832 0.474141199 0.442305124 0.461127520 0.386714836 0.387394160 0.393393212 0.236239327 0.167898182 0.187900865 0.000000000 0.072045914 0.134444665 0.134440263 0.148513122 0.343083265 0.259217377 0.255523129 0.281207821 0.291537335 0.629517884 
49     0.367686300 0.366405371 0.368493128 0.374804340 0.376925307 0.368342842 0.372235293 0.373447026 0.377095253 0.376357973 0.376347043 0.377304878 0.374108572 0.382879857 0.385430884 0.384545467 0.361895407 0.399670176 0.404946736 0.388637410 0.384333571 0.393991628 0.379698904 0.383021092 0.385921964 0.394457645 0.323468648 0.380429074 0.404031047 0.407654679 0.411391174 0.455227541 0.423383926 0.442213861 0.367801177 0.368480501 0.374479553 0.217502132 0.149483786 0.169615032 0.072045914 0.000000000 0.116972550 0.116202543 0.129111416 0.324071526 0.240442127 0.236747879 0.262432571 0.272762085 0.610602433 
38     0.401357084 0.400296600 0.402163912 0.408485951 0.410606919 0.402052740 0.405916905 0.407128638 0.410776865 0.410039585 0.410028655 0.410986490 0.407790183 0.416561469 0.419112496 0.418227079 0.395577018 0.433359487 0.438726767 0.422312054 0.418053786 0.427660587 0.413380515 0.416866428 0.419767300 0.428372022 0.357350753 0.414223116 0.437785193 0.441435023 0.445171518 0.489007885 0.457221391 0.475994206 0.401581522 0.402260846 0.408259898 0.251284658 0.183460454 0.202796186 0.134444665 0.116972550 0.000000000 0.137930119 0.164493301 0.358034427 0.274265844 0.270571596 0.296327990 0.306660515 0.644406480 
43     0.398661552 0.397380623 0.399468380 0.405678703 0.407799670 0.399251060 0.403275802 0.404487535 0.408135762 0.407398482 0.407387552 0.408345387 0.405149080 0.413920366 0.416471393 0.415585976 0.392935915 0.430702999 0.436012691 0.419654303 0.415401719 0.425008521 0.410648443 0.414027161 0.416928033 0.425527681 0.354636273 0.411550886 0.435150582 0.438762793 0.442499288 0.486335655 0.454541347 0.473321976 0.398909292 0.399588616 0.405587668 0.248644342 0.182417301 0.201852883 0.134440263 0.116202543 0.137930119 0.000000000 0.161884122 0.355563661 0.271703924 0.268009676 0.293694367 0.304026892 0.641718065 
50     0.408912679 0.407631750 0.409719507 0.416035145 0.418156113 0.409601934 0.413466099 0.414677832 0.418326059 0.417588779 0.417577849 0.418535684 0.415339377 0.424110663 0.426661690 0.425776273 0.403126212 0.440984266 0.446293958 0.429833110 0.425682986 0.435289788 0.420929710 0.424238001 0.427138873 0.435759776 0.364644142 0.421558129 0.445097688 0.448723781 0.452460276 0.496287335 0.464416288 0.483132027 0.408871220 0.409560137 0.415559189 0.258684902 0.190320187 0.210341610 0.148513122 0.129111416 0.164493301 0.161884122 0.000000000 0.365163646 0.281306919 0.277612671 0.303297362 0.313626876 0.651753190 
45     0.484229444 0.482884118 0.484958354 0.491153172 0.493274139 0.484719960 0.488523762 0.489735494 0.493426059 0.492688779 0.492677849 0.492629092 0.490397142 0.499236431 0.501649530 0.500764114 0.478322805 0.516340158 0.521649851 0.505343277 0.501056546 0.510645680 0.496285602 0.499472343 0.502373215 0.511416103 0.440064136 0.497004521 0.521038989 0.524574495 0.528310990 0.572097034 0.540450446 0.559083354 0.484594273 0.485036595 0.491289070 0.374673920 0.352258457 0.371893206 0.343083265 0.324071526 0.358034427 0.355563661 0.365163646 0.000000000 0.252243389 0.248918074 0.275245533 0.285996062 0.727213863 
40     0.400487240 0.399206312 0.401294068 0.407609707 0.409730674 0.401176496 0.405045111 0.406256844 0.409900621 0.409163341 0.409152411 0.410083947 0.407017649 0.415685473 0.418236500 0.417351084 0.394771848 0.432558828 0.437868520 0.421561946 0.417275215 0.426864350 0.412504271 0.415812563 0.418713435 0.427756323 0.356141347 0.412635330 0.436834263 0.440369768 0.444106263 0.487881053 0.456152176 0.474867373 0.400323647 0.401023634 0.407140544 0.290844357 0.268376729 0.288002317 0.259217377 0.240442127 0.274265844 0.271703924 0.281306919 0.252243389 0.000000000 0.047199693 0.152051914 0.164777761 0.643210242 
47     0.396987425 0.395706496 0.397794253 0.404109892 0.406230859 0.397676681 0.401545296 0.402757029 0.406400806 0.405663526 0.405652596 0.406584132 0.403356757 0.412185658 0.414736685 0.413851268 0.391272033 0.429059012 0.434368705 0.418062131 0.413775400 0.423364534 0.409004456 0.412312747 0.415213620 0.424256508 0.352607813 0.409134302 0.433505787 0.437041293 0.440777788 0.484563832 0.452917244 0.471550152 0.397061071 0.397638957 0.403755868 0.287150109 0.264682481 0.284308069 0.255523129 0.236747879 0.270571596 0.268009676 0.277612671 0.248918074 0.047199693 0.000000000 0.148880779 0.161016960 0.639651338 
46     0.423027772 0.421746843 0.423834600 0.430150238 0.432271206 0.423717027 0.427289084 0.428500817 0.432376023 0.431646501 0.431622057 0.432580081 0.429349072 0.438184711 0.440735738 0.439850322 0.417271086 0.455095253 0.460404946 0.444098372 0.439811641 0.449400775 0.435044803 0.438365613 0.441266485 0.450309373 0.378859238 0.435575930 0.459643123 0.463178629 0.466915124 0.510701167 0.479054579 0.497687487 0.423198407 0.423776293 0.429893203 0.312998607 0.290367172 0.309992761 0.281207821 0.262432571 0.296327990 0.293694367 0.303297362 0.275245533 0.152051914 0.148880779 0.000000000 0.108154646 0.665804735 
44     0.433444891 0.432163962 0.434251719 0.440567358 0.442688325 0.434134147 0.437545924 0.438757657 0.442858272 0.442120991 0.442110062 0.443041598 0.439808909 0.448642875 0.451193902 0.450308486 0.427729250 0.465516478 0.470826171 0.454519597 0.450232866 0.459822000 0.445461922 0.448770213 0.451671085 0.460713974 0.389065279 0.445828919 0.469955265 0.473490771 0.477227266 0.521013309 0.489366721 0.507999630 0.433510549 0.434088435 0.440205345 0.323328121 0.300699696 0.320325285 0.291537335 0.272762085 0.306660515 0.304026892 0.313626876 0.285996062 0.164777761 0.161016960 0.108154646 0.000000000 0.676087543 
0     0.635701553 0.633620483 0.636512703 0.642831322 0.644952289 0.636398111 0.640692326 0.641904059 0.645111698 0.644374418 0.644363488 0.645481286 0.642209046 0.650900759 0.653488920 0.652566369 0.630023676 0.667469704 0.673088105 0.657078434 0.652821598 0.662074267 0.647728477 0.651239380 0.654130483 0.663191122 0.592629206 0.648882416 0.672543420 0.674765530 0.679751822 0.723567960 0.690792058 0.710520186 0.636129539 0.636414044 0.642188834 0.661530728 0.637791012 0.657846408 0.629517884 0.610602433 0.644406480 0.641718065 0.651753190 0.727213863 0.643210242 0.639651338 0.665804735 0.676087543 0.000000000 
