51
16     0.000000000 0.004799840 0.003875330 0.011908050 0.023941050 0.021993980 0.015923560 0.025060850 0.022716720 0.017989260 0.017986800 0.025506730 0.030138570 0.031957310 0.027329650 0.025892340 0.022569530 0.030560010 0.046293970 0.028098970 0.033235500 0.022992350 0.019476450 0.013374440 0.026179660 0.010156720 0.017008190 0.061252410 0.078976270 0.096283140 0.081389280 0.083686580 0.066663740 0.081809770 0.060434390 0.083931050 0.075361470 0.064050680 0.066931260 0.076163140 0.069443200 0.069461040 0.083376280 0.078542040 0.044651810 0.075343050 0.074201630 0.080492230 0.076582570 0.078050280 0.044316280 
36     0.004799840 0.000000000 0.000737540 0.023346580 0.026658880 0.006602400 0.022037860 0.010613920 0.011868950 0.013366030 0.021652690 0.008370940 0.012547850 0.027464990 0.022428240 0.025392400 0.024347230 0.019836780 0.000399960 0.036352890 0.036238150 0.000569560 0.000627060 0.008213660 0.021369850 0.017420150 0.004567050 0.041762610 0.085758820 0.026743860 0.018103590 0.077549260 0.037564040 0.077914690 0.012492210 0.027237140 0.028832940 0.064274460 0.020440390 0.055330050 0.040792470 0.025306910 0.033441920 0.074646960 0.032990030 0.034128220 0.034959120 0.020501200 0.020099130 0.024614060 0.018719210 
25     0.003875330 0.000737540 0.000000000 0.022403780 0.022118520 0.005954820 0.024501870 0.016667730 0.017529560 0.019043240 0.032223190 0.016805360 0.023118350 0.031763120 0.022068430 0.026314650 0.014214240 0.023500120 0.006060570 0.029348860 0.025446820 0.006230170 0.006287670 0.017144360 0.022848900 0.017566710 0.042068850 0.041115030 0.090634540 0.026096280 0.017456010 0.076901680 0.037906900 0.080709660 0.011844630 0.026589560 0.028185360 0.082868870 0.019792810 0.054682470 0.040144890 0.024659330 0.032794340 0.077441930 0.063620640 0.033480640 0.034311540 0.019853620 0.019451550 0.023966480 0.059878670 
3     0.011908050 0.023346580 0.022403780 0.000000000 0.000645770 0.000129630 0.015816000 0.007887540 0.012612990 0.012882490 0.013311360 0.015955770 0.020640060 0.016544850 0.019241290 0.023303500 0.011387100 0.033027040 0.023336290 0.009287920 0.042084460 0.023910040 0.020464310 0.027620320 0.033324860 0.019667590 0.028569150 0.066314800 0.079750020 0.086672080 0.071778220 0.092829750 0.068334830 0.072198710 0.065180390 0.083686440 0.065750410 0.062381580 0.069927280 0.066552080 0.065040660 0.059849980 0.073765220 0.068930980 0.066468200 0.080905350 0.064590570 0.070881170 0.081013540 0.068439220 0.049458430 
8     0.023941050 0.026658880 0.022118520 0.000645770 0.000000000 0.007147390 0.012652740 0.007523210 0.011536410 0.021095640 0.025216060 0.013657830 0.013921020 0.021426640 0.018474880 0.025832140 0.013731730 0.035708970 0.025680920 0.036226730 0.041868940 0.023237520 0.015004790 0.029964950 0.035483050 0.030387300 0.026506620 0.076228570 0.081746030 0.089354010 0.074460150 0.095511680 0.071016760 0.074880640 0.067862320 0.086368370 0.068432340 0.061001270 0.068546970 0.069234010 0.067722590 0.062531910 0.076447150 0.071612910 0.069150130 0.080005850 0.067272500 0.073563100 0.083695470 0.071121150 0.033876610 
9     0.021993980 0.006602400 0.005954820 0.000129630 0.007147390 0.000000000 0.017671360 0.006840370 0.025791550 0.013515550 0.013998630 0.008734150 0.021979430 0.017916750 0.018770540 0.013789430 0.019907280 0.030423230 0.014453480 0.033891560 0.034288850 0.014623080 0.007424700 0.039159220 0.045583060 0.027542220 0.013657950 0.041096370 0.079358450 0.026077620 0.017437350 0.076883020 0.065569690 0.069433570 0.011825970 0.026570900 0.028166700 0.071592780 0.019774150 0.054663810 0.040126230 0.024640670 0.032775680 0.066165840 0.063601980 0.033461980 0.034292880 0.019834960 0.019432890 0.023947820 0.053001540 
4     0.015923560 0.022037860 0.024501870 0.015816000 0.012652740 0.017671360 0.000000000 0.000186300 0.005235660 0.006149790 0.004002020 0.013879210 0.011627500 0.001676520 0.012416590 0.007636780 0.007234310 0.030860460 0.023701620 0.035506690 0.033181260 0.023871220 0.017068610 0.026983540 0.039706040 0.023683100 0.031154920 0.059643420 0.083076370 0.044624670 0.035984400 0.093782530 0.069287610 0.073151490 0.030373020 0.045117950 0.046713750 0.053937790 0.038321200 0.067504860 0.058673280 0.043187720 0.051322730 0.069883760 0.067420980 0.052009030 0.052839930 0.038382010 0.024026460 0.042494870 0.039568070 
37     0.025060850 0.010613920 0.016667730 0.007887540 0.007523210 0.006840370 0.000186300 0.000000000 0.001995570 0.000976010 0.004102380 0.004703590 0.007273920 0.013001420 0.010461030 0.006826990 0.012414530 0.033971390 0.011400980 0.041737380 0.043028810 0.011570580 0.010531520 0.015559600 0.038752660 0.032820390 0.010482200 0.059445890 0.037859080 0.058137960 0.049497690 0.093774100 0.069279180 0.073143060 0.043886310 0.058631240 0.060227040 0.054228810 0.051834490 0.067496430 0.065985010 0.056701010 0.064836020 0.069875330 0.067412550 0.065522320 0.065534920 0.051895300 0.027281500 0.056008160 0.012780680 
10     0.022716720 0.011868950 0.017529560 0.012612990 0.011536410 0.025791550 0.005235660 0.001995570 0.000000000 0.001253580 0.000954080 0.006606350 0.008423440 0.014088520 0.015361600 0.008563360 0.013467590 0.029752300 0.012262810 0.038410850 0.037129640 0.012432410 0.011393350 0.026692830 0.036700160 0.033707620 0.017123230 0.066086920 0.038050350 0.052731750 0.044091480 0.094954600 0.070459680 0.074323560 0.038480100 0.053225030 0.054820830 0.061860260 0.046428280 0.068676930 0.066780360 0.051294800 0.059429810 0.071055830 0.068593050 0.060116110 0.060947010 0.046489090 0.015436810 0.050601950 0.019421710 
30     0.017989260 0.013366030 0.019043240 0.012882490 0.021095640 0.013515550 0.006149790 0.000976010 0.001253580 0.000000000 0.002484930 0.010486080 0.004067700 0.011815110 0.013088190 0.006277730 0.009671400 0.031174870 0.036769610 0.038391490 0.038117570 0.028538740 0.008520860 0.018311710 0.029015050 0.028324960 0.041700430 0.083106560 0.032808010 0.068087810 0.059447540 0.092681190 0.068186270 0.072050150 0.053836160 0.068581090 0.065601850 0.065637580 0.061784340 0.066403520 0.064892100 0.059701420 0.073616660 0.068782420 0.066319640 0.075472170 0.064442010 0.061845150 0.030403700 0.065958010 0.027408610 
31     0.017986800 0.021652690 0.032223190 0.013311360 0.025216060 0.013998630 0.004002020 0.004102380 0.000954080 0.002484930 0.000000000 0.003531380 0.011065030 0.013476700 0.014749780 0.017039790 0.004326560 0.028553730 0.036246590 0.039109220 0.043597490 0.031290960 0.016007920 0.026598370 0.047167840 0.031765750 0.041382090 0.072485130 0.083636620 0.057466380 0.048826110 0.094342780 0.069847860 0.073711740 0.043214730 0.057959660 0.059555460 0.075870950 0.051162910 0.068065110 0.066553690 0.056029430 0.064164440 0.070444010 0.067981230 0.064850740 0.065681640 0.051223720 0.012696710 0.055336580 0.043680570 
17     0.025506730 0.008370940 0.016805360 0.015955770 0.013657830 0.008734150 0.013879210 0.004703590 0.006606350 0.010486080 0.003531380 0.000000000 0.004054770 0.004264260 0.009424470 0.002737790 0.007131320 0.032830810 0.011538610 0.035905060 0.036398960 0.011708210 0.007830420 0.013316620 0.032966950 0.026775640 0.004642560 0.053606250 0.053900930 0.094051490 0.079157630 0.098622190 0.075714240 0.079578120 0.072559800 0.069536060 0.073129820 0.081737330 0.084026610 0.073931490 0.072420070 0.067229390 0.081144630 0.076310390 0.073847610 0.061723850 0.071969980 0.078260580 0.041645080 0.075818630 0.006941040 
2     0.030138570 0.012547850 0.023118350 0.020640060 0.013921020 0.021979430 0.011627500 0.007273920 0.008423440 0.004067700 0.011065030 0.004054770 0.000000000 0.006931990 0.015146380 0.008478750 0.003080390 0.030577670 0.023467030 0.034638080 0.030436350 0.025632040 0.004453160 0.017493530 0.034388280 0.020988460 0.033516100 0.044276000 0.066069110 0.088409590 0.073515730 0.094567260 0.070072340 0.073936220 0.066917900 0.085423950 0.067487920 0.032440080 0.039985780 0.047491380 0.066778170 0.061587490 0.075502730 0.070668490 0.068205710 0.073467620 0.063222520 0.065206120 0.038400920 0.070176730 0.041853070 
35     0.031957310 0.027464990 0.031763120 0.016544850 0.021426640 0.017916750 0.001676520 0.013001420 0.014088520 0.011815110 0.013476700 0.004264260 0.006931990 0.000000000 0.000197300 0.000874670 0.000339340 0.029897950 0.031762950 0.040508830 0.037723070 0.027501540 0.011417260 0.032410670 0.042684200 0.014826770 0.048010160 0.045897760 0.079847200 0.084395690 0.069501830 0.078681910 0.066058440 0.068816950 0.060491930 0.081410050 0.063474020 0.072081530 0.074370810 0.064275690 0.062764270 0.057573590 0.071488830 0.066654590 0.064191810 0.078628960 0.062314180 0.068604780 0.047617500 0.066162830 0.065393410 
26     0.027329650 0.022428240 0.022068430 0.019241290 0.018474880 0.018770540 0.012416590 0.010461030 0.015361600 0.013088190 0.014749780 0.009424470 0.015146380 0.000197300 0.000000000 0.001113530 0.005807300 0.032023730 0.022068260 0.041781910 0.038903430 0.026561020 0.011204950 0.027284970 0.015827330 0.011758940 0.005124130 0.042829930 0.054382500 0.085668770 0.070774910 0.075614080 0.041443850 0.065749120 0.057424100 0.070017630 0.064747100 0.056575330 0.064121030 0.065548770 0.064037350 0.058846670 0.072761910 0.067927670 0.065464890 0.064685870 0.063587260 0.069877860 0.050781860 0.067435910 0.007422610 
28     0.025892340 0.025392400 0.026314650 0.023303500 0.025832140 0.013789430 0.007636780 0.006826990 0.008563360 0.006277730 0.017039790 0.002737790 0.008478750 0.000874670 0.001113530 0.000000000 0.001415950 0.035309440 0.026314480 0.043497430 0.040146780 0.032060330 0.009890790 0.031531190 0.037235730 0.031953540 0.013118910 0.062082600 0.062377280 0.088954480 0.074060620 0.095112150 0.070617230 0.074481110 0.067462790 0.078012410 0.068032810 0.062035900 0.069581600 0.068834480 0.067323060 0.062132380 0.076047620 0.071213380 0.068750600 0.072680650 0.066872970 0.073163570 0.051669720 0.070721620 0.015417390 
18     0.022569530 0.024347230 0.014214240 0.011387100 0.013731730 0.019907280 0.007234310 0.012414530 0.013467590 0.009671400 0.004326560 0.007131320 0.003080390 0.000339340 0.005807300 0.001415950 0.000000000 0.030080610 0.014214070 0.005682500 0.032402160 0.028225740 0.016467780 0.019430780 0.025135320 0.009012640 0.029062300 0.052492460 0.043148680 0.061824090 0.053183820 0.085276610 0.071590910 0.065145640 0.047572440 0.062317370 0.063913170 0.034311130 0.055520620 0.069808160 0.068296740 0.060387140 0.068522150 0.072187060 0.069724280 0.069208450 0.067846650 0.055581430 0.035374330 0.059694290 0.031360780 
23     0.030560010 0.019836780 0.023500120 0.033027040 0.035708970 0.030423230 0.030860460 0.033971390 0.029752300 0.031174870 0.028553730 0.032830810 0.030577670 0.029897950 0.032023730 0.035309440 0.030080610 0.000000000 0.003408740 0.002581390 0.005622120 0.003536650 0.002880070 0.049943000 0.045705500 0.041705930 0.035543820 0.075365670 0.091321970 0.091042060 0.080976600 0.099728010 0.077533210 0.081397090 0.074378770 0.091299460 0.032462890 0.072154470 0.071031010 0.075750460 0.068286240 0.069048360 0.051058980 0.078129360 0.075666580 0.090103730 0.073788950 0.080079550 0.090211920 0.077637600 0.050667540 
6     0.046293970 0.000399960 0.006060570 0.023336290 0.025680920 0.014453480 0.023701620 0.011400980 0.012262810 0.036769610 0.036246590 0.011538610 0.023467030 0.031762950 0.022068260 0.026314480 0.014214070 0.003408740 0.000000000 0.000783000 0.001348930 0.000199440 0.001020920 0.031379970 0.036439640 0.031802320 0.056246370 0.099206640 0.095213100 0.099761590 0.084867730 0.105919260 0.081424340 0.085288220 0.078269900 0.096775950 0.078839920 0.058765840 0.066311540 0.073817140 0.078130170 0.072939490 0.086854730 0.082020490 0.079557710 0.093994860 0.077680080 0.083970680 0.085523300 0.081528730 0.088901770 
34     0.028098970 0.036352890 0.029348860 0.009287920 0.036226730 0.033891560 0.035506690 0.041737380 0.038410850 0.038391490 0.039109220 0.035905060 0.034638080 0.040508830 0.041781910 0.043497430 0.005682500 0.002581390 0.000783000 0.000000000 0.001467090 0.007041230 0.008193910 0.033035970 0.045831180 0.018712840 0.062563880 0.070303820 0.092821650 0.071524290 0.062884020 0.097075120 0.079032890 0.082896770 0.057272640 0.072017570 0.073613370 0.065192160 0.065220820 0.077250140 0.075738720 0.070087340 0.071261200 0.079629040 0.056755880 0.078908650 0.075288630 0.065281630 0.064879560 0.069394490 0.044224740 
15     0.033235500 0.036238150 0.025446820 0.042084460 0.041868940 0.034288850 0.033181260 0.043028810 0.037129640 0.038117570 0.043597490 0.036398960 0.030436350 0.037723070 0.038903430 0.040146780 0.032402160 0.005622120 0.001348930 0.001467090 0.000000000 0.005855260 0.005264510 0.043394320 0.063316850 0.043244360 0.061863120 0.069417380 0.092120890 0.096669380 0.081775520 0.102827050 0.078332130 0.082196010 0.075177690 0.093683740 0.075747710 0.060990430 0.068536130 0.076041730 0.075037960 0.066694230 0.053461630 0.078928280 0.076465500 0.090902650 0.074587870 0.080878470 0.083835640 0.078436520 0.065241790 
32     0.022992350 0.000569560 0.006230170 0.023910040 0.023237520 0.014623080 0.023871220 0.011570580 0.012432410 0.028538740 0.031290960 0.011708210 0.025632040 0.027501540 0.026561020 0.032060330 0.028225740 0.003536650 0.000199440 0.007041230 0.005855260 0.000000000 0.001190520 0.035697630 0.035436420 0.034746330 0.025557920 0.065092290 0.087526000 0.092621350 0.077727490 0.097876440 0.074284100 0.078147980 0.071129660 0.087996550 0.071699680 0.080307190 0.082596470 0.072501350 0.070989930 0.065799250 0.079714490 0.074880250 0.072417470 0.086854620 0.070539840 0.076830440 0.086962810 0.074388490 0.033829980 
14     0.019476450 0.000627060 0.006287670 0.020464310 0.015004790 0.007424700 0.017068610 0.010531520 0.011393350 0.008520860 0.016007920 0.007830420 0.004453160 0.011417260 0.011204950 0.009890790 0.016467780 0.002880070 0.001020920 0.008193910 0.005264510 0.001190520 0.000000000 0.026557430 0.028738210 0.026407470 0.006311540 0.055275230 0.055569910 0.084624060 0.069730200 0.090781730 0.066286810 0.070150690 0.063132370 0.071205040 0.063702390 0.054099160 0.061644860 0.064504060 0.062992640 0.057801960 0.071717200 0.066882960 0.064420180 0.065873280 0.062542550 0.068833150 0.075187900 0.066391200 0.008610020 
33     0.013374440 0.008213660 0.017144360 0.027620320 0.029964950 0.039159220 0.026983540 0.015559600 0.026692830 0.018311710 0.026598370 0.013316620 0.017493530 0.032410670 0.027284970 0.031531190 0.019430780 0.049943000 0.031379970 0.033035970 0.043394320 0.035697630 0.026557430 0.000000000 0.000010960 0.002931350 0.034082040 0.035651130 0.093196050 0.067209420 0.058569150 0.073469990 0.079407290 0.083271170 0.052957770 0.067702700 0.069298500 0.062840110 0.060905950 0.077624540 0.064114250 0.065772470 0.073907480 0.080003440 0.039322860 0.074593780 0.075424680 0.060966760 0.060564690 0.065079620 0.017018510 
21     0.026179660 0.021369850 0.022848900 0.033324860 0.035483050 0.045583060 0.039706040 0.038752660 0.036700160 0.029015050 0.047167840 0.032966950 0.034388280 0.042684200 0.015827330 0.037235730 0.025135320 0.045705500 0.036439640 0.045831180 0.063316850 0.035436420 0.028738210 0.000010960 0.000000000 0.005268590 0.034071140 0.036647110 0.093494700 0.080272640 0.079554360 0.060514620 0.079705940 0.083355210 0.068849300 0.071582290 0.073686450 0.081912380 0.061591410 0.077923190 0.064103350 0.071221090 0.085136330 0.080302090 0.039311960 0.074746730 0.075961680 0.081951970 0.081549900 0.079810330 0.016757300 
19     0.010156720 0.017420150 0.017566710 0.019667590 0.030387300 0.027542220 0.023683100 0.032820390 0.033707620 0.028324960 0.031765750 0.026775640 0.020988460 0.014826770 0.011758940 0.031953540 0.009012640 0.041705930 0.031802320 0.018712840 0.043244360 0.034746330 0.026407470 0.002931350 0.005268590 0.000000000 0.040149490 0.037266510 0.082054980 0.052886290 0.044246020 0.070050660 0.091475760 0.060185700 0.038634640 0.053379570 0.054975370 0.090939870 0.046582820 0.081472480 0.066934900 0.051449340 0.059584350 0.106267490 0.048339450 0.060270650 0.061101550 0.046643630 0.046241560 0.050756490 0.016067210 
29     0.017008190 0.004567050 0.042068850 0.028569150 0.026506620 0.013657950 0.031154920 0.010482200 0.017123230 0.041700430 0.041382090 0.004642560 0.033516100 0.048010160 0.005124130 0.013118910 0.029062300 0.035543820 0.056246370 0.062563880 0.061863120 0.025557920 0.006311540 0.034082040 0.034071140 0.040149490 0.000000000 0.015805850 0.047421670 0.005961520 0.038889950 0.075855900 0.057975070 0.061838950 0.032608310 0.045943410 0.028385690 0.042390440 0.022748160 0.019182590 0.026744220 0.018786450 0.035602570 0.037010210 0.009570660 0.042063380 0.042894280 0.028436360 0.028034290 0.032549220 0.002447820 
1     0.061252410 0.041762610 0.041115030 0.066314800 0.076228570 0.041096370 0.059643420 0.059445890 0.066086920 0.083106560 0.072485130 0.053606250 0.044276000 0.045897760 0.042829930 0.062082600 0.052492460 0.075365670 0.099206640 0.070303820 0.069417380 0.065092290 0.055275230 0.035651130 0.036647110 0.037266510 0.015805850 0.000000000 0.005468480 0.015684150 0.009210690 0.038988510 0.033133580 0.028627500 0.012551530 0.021103610 0.017097800 0.040335310 0.035009870 0.031444300 0.028153260 0.027962070 0.049024720 0.048216200 0.023037050 0.066400850 0.047635330 0.051230950 0.052371760 0.047686220 0.019384560 
11     0.078976270 0.085758820 0.090634540 0.079750020 0.081746030 0.079358450 0.083076370 0.037859080 0.038050350 0.032808010 0.083636620 0.053900930 0.066069110 0.079847200 0.054382500 0.062377280 0.043148680 0.091321970 0.095213100 0.092821650 0.092120890 0.087526000 0.055569910 0.093196050 0.093494700 0.082054980 0.047421670 0.005468480 0.000000000 0.001373260 0.000467220 0.015830330 0.018865600 0.007565720 0.009981030 0.017397870 0.019468320 0.063314140 0.078189490 0.065274800 0.066582950 0.061392270 0.065442970 0.070473270 0.068010490 0.063776000 0.066132860 0.072423460 0.082555830 0.069981510 0.042227100 
20     0.096283140 0.026743860 0.026096280 0.086672080 0.089354010 0.026077620 0.044624670 0.058137960 0.052731750 0.068087810 0.057466380 0.094051490 0.088409590 0.084395690 0.085668770 0.088954480 0.061824090 0.091042060 0.099761590 0.071524290 0.096669380 0.092621350 0.084624060 0.067209420 0.080272640 0.052886290 0.005961520 0.015684150 0.001373260 0.000000000 0.000090000 0.005659730 0.023472230 0.012087730 0.014503040 0.030096740 0.023990330 0.047424340 0.025165540 0.021599970 0.053419450 0.042560790 0.050695800 0.053659000 0.048303240 0.051382100 0.052213000 0.037755080 0.037353010 0.041867940 0.005805890 
13     0.081389280 0.018103590 0.017456010 0.071778220 0.074460150 0.017437350 0.035984400 0.049497690 0.044091480 0.059447540 0.048826110 0.079157630 0.073515730 0.069501830 0.070774910 0.074060620 0.053183820 0.080976600 0.084867730 0.062884020 0.081775520 0.077727490 0.069730200 0.058569150 0.079554360 0.044246020 0.038889950 0.009210690 0.000467220 0.000090000 0.000000000 0.004325710 0.003732310 0.003645560 0.006225560 0.021456470 0.023052270 0.059148920 0.029054000 0.054528400 0.039139360 0.033920520 0.042055530 0.060127900 0.034023150 0.042741830 0.043572730 0.029114810 0.028712740 0.033227670 0.042468660 
5     0.083686580 0.077549260 0.076901680 0.092829750 0.095511680 0.076883020 0.093782530 0.093774100 0.094954600 0.092681190 0.094342780 0.098622190 0.094567260 0.078681910 0.075614080 0.095112150 0.085276610 0.099728010 0.105919260 0.097075120 0.102827050 0.097876440 0.090781730 0.073469990 0.060514620 0.070050660 0.075855900 0.038988510 0.015830330 0.005659730 0.004325710 0.000000000 0.001993560 0.001906810 0.007772310 0.033595290 0.035523850 0.086606370 0.088499670 0.078433530 0.077289110 0.072098430 0.086013670 0.081179430 0.065452260 0.093153800 0.076839020 0.083129620 0.088158410 0.080687670 0.091569930 
27     0.066663740 0.037564040 0.037906900 0.068334830 0.071016760 0.065569690 0.069287610 0.069279180 0.070459680 0.068186270 0.069847860 0.075714240 0.070072340 0.066058440 0.041443850 0.070617230 0.071590910 0.077533210 0.081424340 0.079032890 0.078332130 0.074284100 0.066286810 0.079407290 0.079705940 0.091475760 0.057975070 0.033133580 0.018865600 0.023472230 0.003732310 0.001993560 0.000000000 0.000000120 0.010218940 0.046825600 0.029440340 0.062111450 0.064400730 0.054305610 0.052794190 0.047603510 0.061518750 0.056684510 0.054221730 0.068658880 0.015982090 0.058634700 0.068767070 0.056192750 0.070430650 
12     0.081809770 0.077914690 0.080709660 0.072198710 0.074880640 0.069433570 0.073151490 0.073143060 0.074323560 0.072050150 0.073711740 0.079578120 0.073936220 0.068816950 0.065749120 0.074481110 0.065145640 0.081397090 0.085288220 0.082896770 0.082196010 0.078147980 0.070150690 0.083271170 0.083355210 0.060185700 0.061838950 0.028627500 0.007565720 0.012087730 0.003645560 0.001906810 0.000000120 0.000000000 0.010132190 0.032656360 0.026885560 0.065975330 0.068264610 0.058169490 0.056658070 0.051467390 0.065382630 0.060548390 0.028857140 0.072522760 0.056207980 0.062498580 0.072630950 0.060056630 0.100560520 
24     0.060434390 0.012492210 0.011844630 0.065180390 0.067862320 0.011825970 0.030373020 0.043886310 0.038480100 0.053836160 0.043214730 0.072559800 0.066917900 0.060491930 0.057424100 0.067462790 0.047572440 0.074378770 0.078269900 0.057272640 0.075177690 0.071129660 0.063132370 0.052957770 0.068849300 0.038634640 0.032608310 0.012551530 0.009981030 0.014503040 0.006225560 0.007772310 0.010218940 0.010132190 0.000000000 0.002973900 0.010906730 0.045941790 0.023442620 0.048246760 0.025932230 0.025741040 0.036444150 0.053530070 0.020816020 0.037130450 0.037961350 0.023503430 0.023101360 0.027616290 0.036187020 
22     0.083931050 0.027237140 0.026589560 0.083686440 0.086368370 0.026570900 0.045117950 0.058631240 0.053225030 0.068581090 0.057959660 0.069536060 0.085423950 0.081410050 0.070017630 0.078012410 0.062317370 0.091299460 0.096775950 0.072017570 0.093683740 0.087996550 0.071205040 0.067702700 0.071582290 0.053379570 0.045943410 0.021103610 0.017397870 0.030096740 0.021456470 0.033595290 0.046825600 0.032656360 0.002973900 0.000000000 0.001627540 0.026836180 0.038187550 0.032620850 0.058539630 0.043054070 0.051189080 0.072036120 0.058960860 0.051875380 0.052706280 0.038248360 0.037846290 0.042361220 0.067280360 
7     0.075361470 0.028832940 0.028185360 0.065750410 0.068432340 0.028166700 0.046713750 0.060227040 0.054820830 0.065601850 0.059555460 0.073129820 0.067487920 0.063474020 0.064747100 0.068032810 0.063913170 0.032462890 0.078839920 0.073613370 0.075747710 0.071699680 0.063702390 0.069298500 0.073686450 0.054975370 0.028385690 0.017097800 0.019468320 0.023990330 0.023052270 0.035523850 0.029440340 0.026885560 0.010906730 0.001627540 0.000000000 0.059527030 0.039783350 0.051721190 0.050209770 0.044649870 0.052784880 0.054100090 0.051637310 0.053471180 0.049759680 0.039844160 0.039442090 0.043957020 0.042516850 
41     0.064050680 0.064274460 0.082868870 0.062381580 0.061001270 0.071592780 0.053937790 0.054228810 0.061860260 0.065637580 0.075870950 0.081737330 0.032440080 0.072081530 0.056575330 0.062035900 0.034311130 0.072154470 0.058765840 0.065192160 0.060990430 0.080307190 0.054099160 0.062840110 0.081912380 0.090939870 0.042390440 0.040335310 0.063314140 0.047424340 0.059148920 0.086606370 0.062111450 0.065975330 0.045941790 0.026836180 0.059527030 0.000000000 0.008180850 0.000325750 0.000477570 0.000768200 0.000174660 0.007654930 0.002108680 0.020029560 0.045817690 0.056920930 0.057167830 0.038385280 0.038441990 
39     0.066931260 0.020440390 0.019792810 0.069927280 0.068546970 0.019774150 0.038321200 0.051834490 0.046428280 0.061784340 0.051162910 0.084026610 0.039985780 0.074370810 0.064121030 0.069581600 0.055520620 0.071031010 0.066311540 0.065220820 0.068536130 0.082596470 0.061644860 0.060905950 0.061591410 0.046582820 0.022748160 0.035009870 0.078189490 0.025165540 0.029054000 0.088499670 0.064400730 0.068264610 0.023442620 0.038187550 0.039783350 0.008180850 0.000000000 0.002212690 0.013886170 0.008462360 0.016597370 0.010333410 0.004848040 0.019418110 0.020248990 0.005791070 0.005389000 0.009903930 0.016183190 
48     0.076163140 0.055330050 0.054682470 0.066552080 0.069234010 0.054663810 0.067504860 0.067496430 0.068676930 0.066403520 0.068065110 0.073931490 0.047491380 0.064275690 0.065548770 0.068834480 0.069808160 0.075750460 0.073817140 0.077250140 0.076041730 0.072501350 0.064504060 0.077624540 0.077923190 0.081472480 0.019182590 0.031444300 0.065274800 0.021599970 0.054528400 0.078433530 0.054305610 0.058169490 0.048246760 0.032620850 0.051721190 0.000325750 0.002212690 0.000000000 0.000602120 0.000892670 0.000299210 0.009489610 0.001887230 0.023487720 0.042898850 0.040680730 0.040278660 0.044793590 0.012617620 
42     0.069443200 0.040792470 0.040144890 0.065040660 0.067722590 0.040126230 0.058673280 0.065985010 0.066780360 0.064892100 0.066553690 0.072420070 0.066778170 0.062764270 0.064037350 0.067323060 0.068296740 0.068286240 0.078130170 0.075738720 0.075037960 0.070989930 0.062992640 0.064114250 0.064103350 0.066934900 0.026744220 0.028153260 0.066582950 0.053419450 0.039139360 0.077289110 0.052794190 0.056658070 0.025932230 0.058539630 0.050209770 0.000477570 0.013886170 0.000602120 0.000000000 0.001044570 0.000302910 0.016668900 0.005062590 0.039770190 0.034909410 0.026143150 0.025741080 0.030256010 0.049237630 
49     0.069461040 0.025306910 0.024659330 0.059849980 0.062531910 0.024640670 0.043187720 0.056701010 0.051294800 0.059701420 0.056029430 0.067229390 0.061587490 0.057573590 0.058846670 0.062132380 0.060387140 0.069048360 0.072939490 0.070087340 0.066694230 0.065799250 0.057801960 0.065772470 0.071221090 0.051449340 0.018786450 0.027962070 0.061392270 0.042560790 0.033920520 0.072098430 0.047603510 0.051467390 0.025741040 0.043054070 0.044649870 0.000768200 0.008462360 0.000892670 0.001044570 0.000000000 0.000741660 0.005998430 0.005432320 0.024284630 0.025115510 0.010657590 0.010255520 0.014770450 0.037179810 
38     0.083376280 0.033441920 0.032794340 0.073765220 0.076447150 0.032775680 0.051322730 0.064836020 0.059429810 0.073616660 0.064164440 0.081144630 0.075502730 0.071488830 0.072761910 0.076047620 0.068522150 0.051058980 0.086854730 0.071261200 0.053461630 0.079714490 0.071717200 0.073907480 0.085136330 0.059584350 0.035602570 0.049024720 0.065442970 0.050695800 0.042055530 0.086013670 0.061518750 0.065382630 0.036444150 0.051189080 0.052784880 0.000174660 0.016597370 0.000299210 0.000302910 0.000741660 0.000000000 0.000502980 0.006406020 0.025023670 0.033250520 0.018792600 0.018390530 0.022905460 0.043733710 
43     0.078542040 0.074646960 0.077441930 0.068930980 0.071612910 0.066165840 0.069883760 0.069875330 0.071055830 0.068782420 0.070444010 0.076310390 0.070668490 0.066654590 0.067927670 0.071213380 0.072187060 0.078129360 0.082020490 0.079629040 0.078928280 0.074880250 0.066882960 0.080003440 0.080302090 0.106267490 0.037010210 0.048216200 0.070473270 0.053659000 0.060127900 0.081179430 0.056684510 0.060548390 0.053530070 0.072036120 0.054100090 0.007654930 0.010333410 0.009489610 0.016668900 0.005998430 0.000502980 0.000000000 0.005324960 0.050070810 0.045277750 0.051568350 0.052728210 0.046266170 0.044676650 
50     0.044651810 0.032990030 0.063620640 0.066468200 0.069150130 0.063601980 0.067420980 0.067412550 0.068593050 0.066319640 0.067981230 0.073847610 0.068205710 0.064191810 0.065464890 0.068750600 0.069724280 0.075666580 0.079557710 0.056755880 0.076465500 0.072417470 0.064420180 0.039322860 0.039311960 0.048339450 0.009570660 0.023037050 0.068010490 0.048303240 0.034023150 0.065452260 0.054221730 0.028857140 0.020816020 0.058960860 0.051637310 0.002108680 0.004848040 0.001887230 0.005062590 0.005432320 0.006406020 0.005324960 0.000000000 0.024389710 0.029793200 0.033388820 0.037083080 0.029844090 0.069932410 
45     0.075343050 0.034128220 0.033480640 0.080905350 0.080005850 0.033461980 0.052009030 0.065522320 0.060116110 0.075472170 0.064850740 0.061723850 0.073467620 0.078628960 0.064685870 0.072680650 0.069208450 0.090103730 0.093994860 0.078908650 0.090902650 0.086854620 0.065873280 0.074593780 0.074746730 0.060270650 0.042063380 0.066400850 0.063776000 0.051382100 0.042741830 0.093153800 0.068658880 0.072522760 0.037130450 0.051875380 0.053471180 0.020029560 0.019418110 0.023487720 0.039770190 0.024284630 0.025023670 0.050070810 0.024389710 0.000000000 0.014809910 0.008296340 0.013433610 0.002386980 0.061095500 
40     0.074201630 0.034959120 0.034311540 0.064590570 0.067272500 0.034292880 0.052839930 0.065534920 0.060947010 0.064442010 0.065681640 0.071969980 0.063222520 0.062314180 0.063587260 0.066872970 0.067846650 0.073788950 0.077680080 0.075288630 0.074587870 0.070539840 0.062542550 0.075424680 0.075961680 0.061101550 0.042894280 0.047635330 0.066132860 0.052213000 0.043572730 0.076839020 0.015982090 0.056207980 0.037961350 0.052706280 0.049759680 0.045817690 0.020248990 0.042898850 0.034909410 0.025115510 0.033250520 0.045277750 0.029793200 0.014809910 0.000000000 0.000596540 0.000985110 0.000172940 0.081276670 
47     0.080492230 0.020501200 0.019853620 0.070881170 0.073563100 0.019834960 0.038382010 0.051895300 0.046489090 0.061845150 0.051223720 0.078260580 0.065206120 0.068604780 0.069877860 0.073163570 0.055581430 0.080079550 0.083970680 0.065281630 0.080878470 0.076830440 0.068833150 0.060966760 0.081951970 0.046643630 0.028436360 0.051230950 0.072423460 0.037755080 0.029114810 0.083129620 0.058634700 0.062498580 0.023503430 0.038248360 0.039844160 0.056920930 0.005791070 0.040680730 0.026143150 0.010657590 0.018792600 0.051568350 0.033388820 0.008296340 0.000596540 0.000000000 0.002626270 0.003359900 0.081393230 
46     0.076582570 0.020099130 0.019451550 0.081013540 0.083695470 0.019432890 0.024026460 0.027281500 0.015436810 0.030403700 0.012696710 0.041645080 0.038400920 0.047617500 0.050781860 0.051669720 0.035374330 0.090211920 0.085523300 0.064879560 0.083835640 0.086962810 0.075187900 0.060564690 0.081549900 0.046241560 0.028034290 0.052371760 0.082555830 0.037353010 0.028712740 0.088158410 0.068767070 0.072630950 0.023101360 0.037846290 0.039442090 0.057167830 0.005389000 0.040278660 0.025741080 0.010255520 0.018390530 0.052728210 0.037083080 0.013433610 0.000985110 0.002626270 0.000000000 0.000774060 0.095429040 
44     0.078050280 0.024614060 0.023966480 0.068439220 0.071121150 0.023947820 0.042494870 0.056008160 0.050601950 0.065958010 0.055336580 0.075818630 0.070176730 0.066162830 0.067435910 0.070721620 0.059694290 0.077637600 0.081528730 0.069394490 0.078436520 0.074388490 0.066391200 0.065079620 0.079810330 0.050756490 0.032549220 0.047686220 0.069981510 0.041867940 0.033227670 0.080687670 0.056192750 0.060056630 0.027616290 0.042361220 0.043957020 0.038385280 0.009903930 0.044793590 0.030256010 0.014770450 0.022905460 0.046266170 0.029844090 0.002386980 0.000172940 0.003359900 0.000774060 0.000000000 0.081389390 
0     0.044316280 0.018719210 0.059878670 0.049458430 0.033876610 0.053001540 0.039568070 0.012780680 0.019421710 0.027408610 0.043680570 0.006941040 0.041853070 0.065393410 0.007422610 0.015417390 0.031360780 0.050667540 0.088901770 0.044224740 0.065241790 0.033829980 0.008610020 0.017018510 0.016757300 0.016067210 0.002447820 0.019384560 0.042227100 0.005805890 0.042468660 0.091569930 0.070430650 0.100560520 0.036187020 0.067280360 0.042516850 0.038441990 0.016183190 0.012617620 0.049237630 0.037179810 0.043733710 0.044676650 0.069932410 0.061095500 0.081276670 0.081393230 0.095429040 0.081389390 0.000000000 
