51
1     0.000000000 0.627918178 0.578883220 0.682277479 0.665638530 0.660460789 0.782753361 0.655323498 0.647913007 0.664192603 0.592994942 0.602519167 0.605922611 0.605600049 0.647881285 0.683746917 0.640480574 0.658436899 0.655349938 0.763633670 0.760210467 0.693466053 0.666879648 0.666546411 0.661881989 0.743696310 0.720170399 0.627581045 0.587174946 0.653329519 0.582707173 0.741779554 0.806946518 0.804359090 0.549921868 0.543508083 0.651760254 0.671287018 0.631555312 0.595426310 0.662513424 0.697408382 0.689710889 0.671904705 0.648811872 0.657075021 0.577983608 0.631399790 0.519284041 0.521010596 0.882476254 
5     0.627918178 0.000000000 0.273944279 0.377986546 0.361471049 0.491545327 0.613838436 0.486525577 0.479131140 0.495922104 0.424724443 0.434248668 0.437662086 0.437316774 0.479434899 0.515016583 0.471789409 0.489167378 0.486080418 0.594362949 0.590939746 0.524190735 0.497589710 0.497256472 0.492592051 0.574406371 0.550399991 0.482444900 0.441982551 0.508138581 0.437514778 0.596571246 0.662112059 0.659524631 0.405283880 0.398870095 0.507130489 0.525298307 0.485668677 0.449459013 0.516443979 0.551441085 0.543743592 0.525937408 0.502844575 0.511107724 0.432414321 0.485830502 0.374111796 0.375838351 0.749394739 
14     0.578883220 0.273944279 0.000000000 0.285970410 0.269583373 0.443296572 0.565681747 0.438357979 0.430963542 0.447708813 0.376511152 0.386035377 0.389448795 0.389103483 0.431251698 0.466848985 0.423621811 0.440969690 0.437882729 0.546165261 0.542742057 0.475974005 0.449372979 0.449039741 0.444375320 0.526189640 0.502186735 0.433233490 0.392771141 0.458927171 0.388303368 0.547359836 0.612900649 0.610313221 0.356184412 0.349770627 0.458031021 0.476019185 0.436389555 0.400179891 0.467164857 0.502161962 0.494464469 0.476658286 0.453565453 0.461828601 0.383307919 0.436724100 0.325005394 0.326731949 0.700617695 
18     0.682277479 0.377986546 0.285970410 0.000000000 0.116344201 0.546590878 0.668976053 0.541652285 0.534257848 0.551003119 0.479805458 0.489329683 0.492743100 0.492397789 0.534546004 0.570143291 0.526916117 0.544263996 0.541177035 0.649459567 0.646036363 0.579291750 0.552690724 0.552357486 0.547693065 0.629507385 0.605501006 0.536669070 0.496206721 0.562362751 0.491738948 0.650743035 0.716283848 0.713696420 0.459619992 0.453206207 0.561466601 0.579408407 0.539778777 0.503569113 0.570554079 0.605551184 0.597853691 0.580047508 0.556954675 0.565217823 0.486691200 0.540107381 0.428388675 0.430115230 0.803998353 
35     0.665638530 0.361471049 0.269583373 0.116344201 0.000000000 0.529967477 0.652352653 0.525028884 0.517634448 0.534379718 0.463182057 0.472706282 0.476119700 0.475774389 0.517922604 0.553519891 0.510292717 0.527640596 0.524553635 0.632836167 0.629412963 0.562668349 0.536067323 0.535734086 0.531069665 0.612883985 0.588877605 0.520101129 0.479638780 0.545794809 0.475171007 0.634175094 0.699715907 0.697128479 0.443052051 0.436638266 0.544898660 0.562840466 0.523210836 0.487001172 0.553986138 0.588983243 0.581285750 0.563479567 0.540386734 0.548649882 0.470123259 0.523539440 0.411820734 0.413547289 0.787364845 
13     0.660460789 0.491545327 0.443296572 0.546590878 0.529967477 0.000000000 0.526303786 0.398308568 0.390850749 0.407754803 0.336452781 0.346023891 0.349641991 0.348967870 0.391359121 0.428798595 0.386005608 0.403981209 0.400901540 0.509299403 0.505837706 0.483710872 0.457142901 0.456809663 0.452145242 0.533818355 0.509059761 0.514876297 0.474419789 0.540575819 0.469952016 0.629030638 0.694362385 0.691774957 0.436989849 0.430576065 0.539120030 0.557820651 0.518191021 0.481981357 0.549068481 0.583963438 0.576265945 0.558459762 0.535366919 0.543630067 0.464682096 0.518098278 0.405948869 0.407675424 0.782003904 
47     0.782753361 0.613838436 0.565681747 0.668976053 0.652352653 0.526303786 0.000000000 0.357707774 0.349864816 0.454915089 0.383854437 0.393185509 0.396226570 0.395971911 0.437752713 0.490758918 0.447775231 0.465158101 0.461908138 0.570204089 0.566657584 0.605616818 0.578959209 0.578625972 0.573961551 0.655640486 0.630726064 0.637096614 0.596640106 0.662796136 0.592172333 0.751250956 0.816783812 0.814196384 0.559542834 0.553129049 0.661666956 0.680162911 0.640533281 0.604323616 0.671410741 0.706305698 0.698608205 0.680802022 0.657709179 0.665972327 0.586957968 0.640374149 0.528224740 0.529951295 0.904269015 
33     0.655323498 0.486525577 0.438357979 0.541652285 0.525028884 0.398308568 0.357707774 0.000000000 0.148225112 0.327316441 0.256022626 0.265163976 0.268594333 0.268635937 0.309381600 0.362449093 0.319591615 0.338318219 0.335068440 0.443420764 0.439891888 0.478412586 0.451739950 0.451406713 0.446742291 0.528421227 0.503240707 0.509755001 0.469298493 0.535454522 0.464830719 0.623909342 0.689442199 0.686854771 0.432201220 0.425787436 0.534325342 0.552830153 0.513200523 0.476990859 0.544077983 0.578972940 0.571275447 0.553469264 0.530376421 0.538639569 0.459625210 0.513041391 0.400891982 0.402618537 0.776868604 
11     0.647913007 0.479131140 0.430963542 0.534257848 0.517634448 0.390850749 0.349864816 0.148225112 0.000000000 0.319345786 0.248082240 0.257172942 0.261082881 0.260079155 0.302329924 0.354243190 0.311758400 0.331025917 0.327776137 0.436157031 0.432622719 0.470976848 0.444319239 0.443986002 0.439321580 0.521000516 0.495795649 0.502343800 0.461887292 0.528043321 0.457419518 0.616498141 0.682030998 0.679443570 0.424790019 0.418376235 0.526914141 0.545418952 0.505789322 0.469579658 0.536666782 0.571561739 0.563864246 0.546058063 0.522965220 0.531228368 0.452219423 0.505635604 0.393486196 0.395212750 0.769450150 
34     0.664192603 0.495922104 0.447708813 0.551003119 0.534379718 0.407754803 0.454915089 0.327316441 0.319345786 0.000000000 0.153359761 0.164401523 0.167757257 0.167230688 0.305314517 0.370723477 0.328751637 0.348297639 0.345028367 0.453273730 0.449729086 0.488585405 0.461857170 0.461523932 0.456859511 0.538609073 0.513347946 0.518339061 0.477882553 0.544038582 0.473414780 0.632493402 0.698027273 0.695439845 0.440786295 0.434372510 0.542910417 0.561624920 0.521995290 0.485785626 0.552872750 0.587767707 0.580070214 0.562264031 0.539171188 0.547434336 0.468202017 0.521618198 0.409468789 0.411195344 0.785981336 
29     0.592994942 0.424724443 0.376511152 0.479805458 0.463182057 0.336452781 0.383854437 0.256022626 0.248082240 0.153359761 0.000000000 0.080313557 0.088431910 0.087329978 0.234398626 0.299572863 0.257577245 0.277170893 0.273905703 0.382180920 0.378635672 0.417387744 0.390659509 0.390326271 0.385661850 0.467411412 0.442150285 0.447141400 0.406684892 0.472840921 0.402217119 0.561295741 0.626829612 0.624242184 0.369588634 0.363174849 0.471712756 0.490427259 0.450797629 0.414587965 0.481675089 0.516570046 0.508872553 0.491066370 0.467973527 0.476236675 0.397004356 0.450420537 0.338271128 0.339997683 0.714783675 
37     0.602519167 0.434248668 0.386035377 0.489329683 0.472706282 0.346023891 0.393185509 0.265163976 0.257172942 0.164401523 0.080313557 0.000000000 0.097712449 0.097000321 0.243719612 0.309218068 0.267227810 0.286801107 0.283535917 0.391811134 0.388265886 0.426911969 0.400183733 0.399850496 0.395186075 0.476935637 0.451674510 0.456665625 0.416209117 0.482365146 0.411741343 0.570819966 0.636353837 0.633766409 0.379112859 0.372699074 0.481236981 0.499951484 0.460321854 0.424112189 0.491199314 0.526094271 0.518396778 0.500590595 0.477497752 0.485760900 0.406528580 0.459944762 0.347795353 0.349521908 0.724307900 
36     0.605922611 0.437662086 0.389448795 0.492743100 0.476119700 0.349641991 0.396226570 0.268594333 0.261082881 0.167757257 0.088431910 0.097712449 0.000000000 0.072945063 0.246705875 0.312759453 0.270904490 0.290374504 0.287109314 0.395384531 0.391839283 0.430189186 0.403460950 0.403127713 0.398463292 0.480212854 0.454951727 0.460061815 0.419605307 0.485761337 0.415137534 0.574216157 0.639750027 0.637162599 0.382509049 0.376095264 0.484633171 0.503347674 0.463718044 0.427508380 0.494595504 0.529490462 0.521792968 0.503986785 0.480893942 0.489157090 0.409932024 0.463348206 0.351198797 0.352925352 0.727711344 
15     0.605600049 0.437316774 0.389103483 0.492397789 0.475774389 0.348967870 0.395971911 0.268635937 0.260079155 0.167230688 0.087329978 0.097000321 0.072945063 0.000000000 0.247155687 0.312160745 0.270208141 0.289476342 0.286211151 0.394801405 0.391256156 0.429911121 0.403182886 0.402849648 0.398185227 0.479934789 0.454672664 0.459746506 0.419289998 0.485446028 0.414822225 0.573900848 0.639434718 0.636847290 0.382193740 0.375779955 0.484317862 0.503032365 0.463402735 0.427193071 0.494280195 0.529175153 0.521477659 0.503671476 0.480578633 0.488841781 0.409609462 0.463025643 0.350876235 0.352602789 0.727388781 
12     0.647881285 0.479434899 0.431251698 0.534546004 0.517922604 0.391359121 0.437752713 0.309381600 0.302329924 0.305314517 0.234398626 0.243719612 0.246705875 0.247155687 0.000000000 0.352471328 0.311122600 0.331215439 0.327948444 0.436855445 0.433465039 0.471386214 0.444644962 0.444311724 0.439647303 0.521394855 0.495675614 0.501730134 0.461273626 0.527429655 0.456805852 0.615884475 0.681418346 0.678830918 0.424179634 0.417765849 0.526303756 0.545013086 0.505383456 0.469173792 0.536260916 0.571155873 0.563458380 0.545652197 0.522559354 0.530822502 0.451604155 0.505020336 0.392870927 0.394597482 0.769483543 
42     0.683746917 0.515016583 0.466848985 0.570143291 0.553519891 0.428798595 0.490758918 0.362449093 0.354243190 0.370723477 0.299572863 0.309218068 0.312759453 0.312160745 0.352471328 0.000000000 0.265867575 0.362304866 0.359069617 0.467096493 0.463820611 0.507458151 0.480731926 0.480398688 0.475734267 0.557481819 0.532053231 0.537677168 0.497220659 0.563376689 0.492752886 0.651831509 0.717373522 0.714786094 0.460125653 0.453711868 0.562249775 0.580993916 0.541364286 0.505154622 0.572241746 0.607136703 0.599439210 0.581633027 0.558540184 0.566803332 0.487577670 0.540993851 0.428844442 0.430570997 0.805200166 
27     0.640480574 0.471789409 0.423621811 0.526916117 0.510292717 0.386005608 0.447775231 0.319591615 0.311758400 0.328751637 0.257577245 0.267227810 0.270904490 0.270208141 0.311122600 0.265867575 0.000000000 0.318754645 0.315522992 0.423237448 0.419843409 0.464391205 0.437664980 0.437331742 0.432667321 0.514414873 0.489096645 0.494345456 0.453888947 0.520044977 0.449421174 0.608499797 0.674041810 0.671454382 0.416854834 0.410441049 0.518978956 0.537662204 0.498032574 0.461822910 0.528910034 0.563804992 0.556107498 0.538301315 0.515208472 0.523471620 0.444245958 0.497662139 0.385512730 0.387239285 0.761908535 
26     0.658436899 0.489167378 0.440969690 0.544263996 0.527640596 0.403981209 0.465158101 0.338318219 0.331025917 0.348297639 0.277170893 0.286801107 0.290374504 0.289476342 0.331215439 0.362304866 0.318754645 0.000000000 0.067423718 0.332499576 0.328857679 0.481398254 0.454672029 0.454338791 0.449674370 0.531421922 0.507379480 0.512389905 0.471933396 0.538089426 0.467465623 0.626544246 0.691940362 0.689352934 0.434745212 0.428331427 0.536869334 0.555750561 0.516120931 0.479911267 0.546998391 0.581893348 0.574195855 0.556389672 0.533296829 0.541559977 0.462152228 0.515568410 0.403545472 0.405272027 0.779599720 
22     0.655349938 0.486080418 0.437882729 0.541177035 0.524553635 0.400901540 0.461908138 0.335068440 0.327776137 0.345028367 0.273905703 0.283535917 0.287109314 0.286211151 0.327948444 0.359069617 0.315522992 0.067423718 0.000000000 0.329004413 0.325256354 0.478309811 0.451583586 0.451250348 0.446585927 0.528333479 0.504295350 0.509302944 0.468846436 0.535002465 0.464378662 0.623457285 0.688853401 0.686265973 0.431658251 0.425244467 0.533782373 0.552663600 0.513033970 0.476824306 0.543911430 0.578806388 0.571108895 0.553302711 0.530209868 0.538473017 0.459065268 0.512481449 0.400458511 0.402185066 0.776512759 
41     0.763633670 0.594362949 0.546165261 0.649459567 0.632836167 0.509299403 0.570204089 0.443420764 0.436157031 0.453273730 0.382180920 0.391811134 0.395384531 0.394801405 0.436855445 0.467096493 0.423237448 0.332499576 0.329004413 0.000000000 0.152900116 0.586627521 0.559901296 0.559568058 0.554903637 0.636651189 0.612527016 0.617589092 0.577132583 0.643288613 0.572664810 0.731743433 0.797138035 0.794550607 0.539942885 0.533529100 0.642067507 0.660948234 0.621318604 0.585108940 0.652196064 0.687091021 0.679393528 0.661587345 0.638494502 0.646757650 0.567351456 0.620767637 0.508744700 0.510471254 0.884796491 
46     0.760210467 0.590939746 0.542742057 0.646036363 0.629412963 0.505837706 0.566657584 0.439891888 0.432622719 0.449729086 0.378635672 0.388265886 0.391839283 0.391256156 0.433465039 0.463820611 0.419843409 0.328857679 0.325256354 0.152900116 0.000000000 0.583211138 0.556484912 0.556151675 0.551487253 0.633234805 0.609110632 0.614165888 0.573709380 0.639865409 0.569241606 0.728320229 0.793714831 0.791127404 0.536519682 0.530105897 0.638644303 0.657525031 0.617895400 0.581685736 0.648772861 0.683667818 0.675970325 0.658164141 0.635071298 0.643334447 0.563928252 0.617344434 0.505321496 0.507048051 0.881373287 
39     0.693466053 0.524190735 0.475974005 0.579291750 0.562668349 0.483710872 0.605616818 0.478412586 0.470976848 0.488585405 0.417387744 0.426911969 0.430189186 0.429911121 0.471386214 0.507458151 0.464391205 0.481398254 0.478309811 0.586627521 0.583211138 0.000000000 0.270419752 0.269594648 0.264753258 0.349338743 0.512151001 0.547968414 0.507511906 0.573667936 0.503044133 0.662122756 0.727504137 0.724916709 0.470111357 0.463697573 0.572236339 0.590655445 0.551025815 0.514816151 0.581903275 0.616798233 0.609100739 0.591294556 0.568201713 0.576464861 0.497072686 0.550488867 0.438434724 0.440161279 0.814362074 
4     0.666879648 0.497589710 0.449372979 0.552690724 0.536067323 0.457142901 0.578959209 0.451739950 0.444319239 0.461857170 0.390659509 0.400183733 0.403460950 0.403182886 0.444644962 0.480731926 0.437664980 0.454672029 0.451583586 0.559901296 0.556484912 0.270419752 0.000000000 0.044221356 0.144764395 0.287126814 0.485436306 0.521383058 0.480926550 0.547082580 0.476458777 0.635537400 0.700918781 0.698331353 0.443526001 0.437112217 0.545650983 0.564070089 0.524440459 0.488230795 0.555317919 0.590212876 0.582515383 0.564709200 0.541616357 0.549879505 0.470487330 0.523903511 0.411849368 0.413575923 0.787775670 
40     0.666546411 0.497256472 0.449039741 0.552357486 0.535734086 0.456809663 0.578625972 0.451406713 0.443986002 0.461523932 0.390326271 0.399850496 0.403127713 0.402849648 0.444311724 0.480398688 0.437331742 0.454338791 0.451250348 0.559568058 0.556151675 0.269594648 0.044221356 0.000000000 0.143209044 0.286811616 0.485103069 0.521049821 0.480593313 0.546749342 0.476125539 0.635204162 0.700585544 0.697998116 0.443192764 0.436778979 0.545317745 0.563736852 0.524107222 0.487897557 0.554984682 0.589879639 0.582182146 0.564375963 0.541283120 0.549546268 0.470154093 0.523570274 0.411516130 0.413242685 0.787442433 
38     0.661881989 0.492592051 0.444375320 0.547693065 0.531069665 0.452145242 0.573961551 0.446742291 0.439321580 0.456859511 0.385661850 0.395186075 0.398463292 0.398185227 0.439647303 0.475734267 0.432667321 0.449674370 0.446585927 0.554903637 0.551487253 0.264753258 0.144764395 0.143209044 0.000000000 0.283634330 0.480374447 0.516385399 0.475928891 0.542084921 0.471461118 0.630539741 0.695921122 0.693333694 0.438528342 0.432114558 0.540653324 0.559072430 0.519442800 0.483233136 0.550320260 0.585215218 0.577517725 0.559711541 0.536618698 0.544881847 0.465489671 0.518905852 0.406851709 0.408578264 0.782778011 
45     0.743696310 0.574406371 0.526189640 0.629507385 0.612883985 0.533818355 0.655640486 0.528421227 0.521000516 0.538609073 0.467411412 0.476935637 0.480212854 0.479934789 0.521394855 0.557481819 0.514414873 0.531421922 0.528333479 0.636651189 0.633234805 0.349338743 0.287126814 0.286811616 0.283634330 0.000000000 0.562369892 0.598199720 0.557743211 0.623899241 0.553275438 0.712354061 0.777735442 0.775148014 0.520342663 0.513928878 0.622467644 0.640886751 0.601257120 0.565047456 0.632134581 0.667029538 0.659332045 0.641525861 0.618433018 0.626696167 0.547303991 0.600720173 0.488666029 0.490392584 0.864592331 
3     0.720170399 0.550399991 0.502186735 0.605501006 0.588877605 0.509059761 0.630726064 0.503240707 0.495795649 0.513347946 0.442150285 0.451674510 0.454951727 0.454672664 0.495675614 0.532053231 0.489096645 0.507379480 0.504295350 0.612527016 0.609110632 0.512151001 0.485436306 0.485103069 0.480374447 0.562369892 0.000000000 0.575049099 0.534592591 0.600748620 0.530124817 0.689203440 0.754733872 0.752146445 0.497165195 0.490751411 0.599295246 0.617688023 0.578058393 0.541848729 0.608935853 0.643830810 0.636133317 0.618327134 0.595234291 0.603497439 0.523992566 0.577408747 0.465391746 0.467118301 0.841182078 
48     0.627581045 0.482444900 0.433233490 0.536669070 0.520101129 0.514876297 0.637096614 0.509755001 0.502343800 0.518339061 0.447141400 0.456665625 0.460061815 0.459746506 0.501730134 0.537677168 0.494345456 0.512389905 0.509302944 0.617589092 0.614165888 0.547968414 0.521383058 0.521049821 0.516385399 0.598199720 0.575049099 0.000000000 0.254154942 0.319891333 0.249480257 0.409032489 0.549190498 0.546603070 0.335552767 0.329138983 0.436684204 0.456640055 0.417058380 0.380594113 0.447563130 0.482521510 0.474824017 0.457017834 0.433939922 0.442203070 0.385179480 0.438585331 0.327205754 0.328932309 0.751667250 
16     0.587174946 0.441982551 0.392771141 0.496206721 0.479638780 0.474419789 0.596640106 0.469298493 0.461887292 0.477882553 0.406684892 0.416209117 0.419605307 0.419289998 0.461273626 0.497220659 0.453888947 0.471933396 0.468846436 0.577132583 0.573709380 0.507511906 0.480926550 0.480593313 0.475928891 0.557743211 0.534592591 0.254154942 0.000000000 0.168352763 0.101054338 0.351873413 0.507600128 0.505012700 0.295093391 0.288679606 0.396278263 0.415911201 0.376329526 0.339878988 0.406848005 0.441839086 0.434141593 0.416335409 0.393257497 0.401520646 0.344588260 0.397994111 0.286638465 0.288365020 0.711222065 
44     0.653329519 0.508138581 0.458927171 0.562362751 0.545794809 0.540575819 0.662796136 0.535454522 0.528043321 0.544038582 0.472840921 0.482365146 0.485761337 0.485446028 0.527429655 0.563376689 0.520044977 0.538089426 0.535002465 0.643288613 0.639865409 0.573667936 0.547082580 0.546749342 0.542084921 0.623899241 0.600748620 0.319891333 0.168352763 0.000000000 0.142532215 0.419016084 0.573636273 0.571048845 0.361236410 0.354822626 0.462421282 0.482066181 0.442484506 0.406033967 0.473002985 0.507994066 0.500296573 0.482490389 0.459412477 0.467675626 0.410710338 0.464116189 0.352760543 0.354487098 0.777376638 
32     0.582707173 0.437514778 0.388303368 0.491738948 0.475171007 0.469952016 0.592172333 0.464830719 0.457419518 0.473414780 0.402217119 0.411741343 0.415137534 0.414822225 0.456805852 0.492752886 0.449421174 0.467465623 0.464378662 0.572664810 0.569241606 0.503044133 0.476458777 0.476125539 0.471461118 0.553275438 0.530124817 0.249480257 0.101054338 0.142532215 0.000000000 0.347548166 0.503238544 0.500651116 0.290541205 0.284127420 0.391726077 0.411363852 0.371782177 0.335331639 0.402300656 0.437292297 0.429594804 0.411788620 0.388710708 0.396973857 0.340119698 0.393525549 0.282169903 0.283896458 0.706754292 
49     0.741779554 0.596571246 0.547359836 0.650743035 0.634175094 0.629030638 0.751250956 0.623909342 0.616498141 0.632493402 0.561295741 0.570819966 0.574216157 0.573900848 0.615884475 0.651831509 0.608499797 0.626544246 0.623457285 0.731743433 0.728320229 0.662122756 0.635537400 0.635204162 0.630539741 0.712354061 0.689203440 0.409032489 0.351873413 0.419016084 0.347548166 0.000000000 0.662773643 0.660186215 0.449940872 0.443527087 0.551125744 0.570218717 0.530637041 0.494186503 0.561155520 0.596146601 0.588449108 0.570642925 0.547565013 0.555828161 0.498979631 0.552385483 0.441005906 0.442732461 0.865788964 
30     0.806946518 0.662112059 0.612900649 0.716283848 0.699715907 0.694362385 0.816783812 0.689442199 0.682030998 0.698027273 0.626829612 0.636353837 0.639750027 0.639434718 0.681418346 0.717373522 0.674041810 0.691940362 0.688853401 0.797138035 0.793714831 0.727504137 0.700918781 0.700585544 0.695921122 0.777735442 0.754733872 0.549190498 0.507600128 0.573636273 0.503238544 0.662773643 0.000000000 0.122057312 0.515833665 0.509419880 0.617093506 0.638039490 0.598163298 0.561966625 0.628935642 0.663879770 0.656182277 0.638376093 0.615281695 0.623544843 0.565129730 0.618535581 0.507054618 0.508781173 0.931968493 
43     0.804359090 0.659524631 0.610313221 0.713696420 0.697128479 0.691774957 0.814196384 0.686854771 0.679443570 0.695439845 0.624242184 0.633766409 0.637162599 0.636847290 0.678830918 0.714786094 0.671454382 0.689352934 0.686265973 0.794550607 0.791127404 0.724916709 0.698331353 0.697998116 0.693333694 0.775148014 0.752146445 0.546603070 0.505012700 0.571048845 0.500651116 0.660186215 0.122057312 0.000000000 0.513246237 0.506832452 0.614506078 0.635452062 0.595575870 0.559379197 0.626348214 0.661292342 0.653594849 0.635788666 0.612694267 0.620957415 0.562542302 0.615948153 0.504467190 0.506193745 0.929381065 
28     0.549921868 0.405283880 0.356184412 0.459619992 0.443052051 0.436989849 0.559542834 0.432201220 0.424790019 0.440786295 0.369588634 0.379112859 0.382509049 0.382193740 0.424179634 0.460125653 0.416854834 0.434745212 0.431658251 0.539942885 0.536519682 0.470111357 0.443526001 0.443192764 0.438528342 0.520342663 0.497165195 0.335552767 0.295093391 0.361236410 0.290541205 0.449940872 0.515833665 0.513246237 0.000000000 0.024098384 0.238129145 0.372358327 0.332918621 0.296886535 0.364011991 0.398747464 0.391049971 0.373243787 0.350190823 0.358453972 0.308178917 0.361584768 0.249530039 0.251256594 0.674063170 
2     0.543508083 0.398870095 0.349770627 0.453206207 0.436638266 0.430576065 0.553129049 0.425787436 0.418376235 0.434372510 0.363174849 0.372699074 0.376095264 0.375779955 0.417765849 0.453711868 0.410441049 0.428331427 0.425244467 0.533529100 0.530105897 0.463697573 0.437112217 0.436778979 0.432114558 0.513928878 0.490751411 0.329138983 0.288679606 0.354822626 0.284127420 0.443527087 0.509419880 0.506832452 0.024098384 0.000000000 0.231880769 0.365944542 0.326504836 0.290472751 0.357598206 0.392333679 0.384636186 0.366830003 0.343777039 0.352040187 0.301765132 0.355170983 0.243116254 0.244842809 0.667649386 
23     0.651760254 0.507130489 0.458031021 0.561466601 0.544898660 0.539120030 0.661666956 0.534325342 0.526914141 0.542910417 0.471712756 0.481236981 0.484633171 0.484317862 0.526303756 0.562249775 0.518978956 0.536869334 0.533782373 0.642067507 0.638644303 0.572236339 0.545650983 0.545317745 0.540653324 0.622467644 0.599295246 0.436684204 0.396278263 0.462421282 0.391726077 0.551125744 0.617093506 0.614506078 0.238129145 0.231880769 0.000000000 0.473486016 0.433967450 0.397935364 0.464882685 0.499796293 0.492098800 0.474292616 0.451239652 0.459502801 0.410051043 0.463456894 0.351401119 0.353127674 0.775924044 
50     0.671287018 0.525298307 0.476019185 0.579408407 0.562840466 0.557820651 0.680162911 0.552830153 0.545418952 0.561624920 0.490427259 0.499951484 0.503347674 0.503032365 0.545013086 0.580993916 0.537662204 0.555750561 0.552663600 0.660948234 0.657525031 0.590655445 0.564070089 0.563736852 0.559072430 0.640886751 0.617688023 0.456640055 0.415911201 0.482066181 0.411363852 0.570218717 0.638039490 0.635452062 0.372358327 0.365944542 0.473486016 0.000000000 0.237862243 0.252406714 0.318667522 0.352780032 0.344874655 0.327191578 0.305029221 0.313140230 0.429632439 0.483038290 0.371572281 0.373298835 0.796027925 
8     0.631555312 0.485668677 0.436389555 0.539778777 0.523210836 0.518191021 0.640533281 0.513200523 0.505789322 0.521995290 0.450797629 0.460321854 0.463718044 0.463402735 0.505383456 0.541364286 0.498032574 0.516120931 0.513033970 0.621318604 0.617895400 0.551025815 0.524440459 0.524107222 0.519442800 0.601257120 0.578058393 0.417058380 0.376329526 0.442484506 0.371782177 0.530637041 0.598163298 0.595575870 0.332918621 0.326504836 0.433967450 0.237862243 0.000000000 0.213551036 0.280418224 0.315225592 0.307374162 0.289672732 0.267492920 0.275875113 0.390033964 0.443439815 0.331973806 0.333700361 0.756395404 
25     0.595426310 0.449459013 0.400179891 0.503569113 0.487001172 0.481981357 0.604323616 0.476990859 0.469579658 0.485785626 0.414587965 0.424112189 0.427508380 0.427193071 0.469173792 0.505154622 0.461822910 0.479911267 0.476824306 0.585108940 0.581685736 0.514816151 0.488230795 0.487897557 0.483233136 0.565047456 0.541848729 0.380594113 0.339878988 0.406033967 0.335331639 0.494186503 0.561966625 0.559379197 0.296886535 0.290472751 0.397935364 0.252406714 0.213551036 0.000000000 0.145173735 0.241454042 0.233063366 0.215507068 0.192783089 0.201176325 0.353742665 0.407148517 0.295682508 0.297409062 0.720191633 
20     0.662513424 0.516443979 0.467164857 0.570554079 0.553986138 0.549068481 0.671410741 0.544077983 0.536666782 0.552872750 0.481675089 0.491199314 0.494595504 0.494280195 0.536260916 0.572241746 0.528910034 0.546998391 0.543911430 0.652196064 0.648772861 0.581903275 0.555317919 0.554984682 0.550320260 0.632134581 0.608935853 0.447563130 0.406848005 0.473002985 0.402300656 0.561155520 0.628935642 0.626348214 0.364011991 0.357598206 0.464882685 0.318667522 0.280418224 0.145173735 0.000000000 0.308673150 0.300343138 0.282744411 0.260597767 0.268997238 0.420738588 0.474144439 0.362678430 0.364404985 0.787238620 
10     0.697408382 0.551441085 0.502161962 0.605551184 0.588983243 0.583963438 0.706305698 0.578972940 0.571561739 0.587767707 0.516570046 0.526094271 0.529490462 0.529175153 0.571155873 0.607136703 0.563804992 0.581893348 0.578806388 0.687091021 0.683667818 0.616798233 0.590212876 0.589879639 0.585215218 0.667029538 0.643830810 0.482521510 0.441839086 0.507994066 0.437292297 0.596146601 0.663879770 0.661292342 0.398747464 0.392333679 0.499796293 0.352780032 0.315225592 0.241454042 0.308673150 0.000000000 0.104474325 0.120888781 0.212004904 0.220311681 0.455750189 0.509156040 0.397690031 0.399416586 0.822173705 
9     0.689710889 0.543743592 0.494464469 0.597853691 0.581285750 0.576265945 0.698608205 0.571275447 0.563864246 0.580070214 0.508872553 0.518396778 0.521792968 0.521477659 0.563458380 0.599439210 0.556107498 0.574195855 0.571108895 0.679393528 0.675970325 0.609100739 0.582515383 0.582182146 0.577517725 0.659332045 0.636133317 0.474824017 0.434141593 0.500296573 0.429594804 0.588449108 0.656182277 0.653594849 0.391049971 0.384636186 0.492098800 0.344874655 0.307374162 0.233063366 0.300343138 0.104474325 0.000000000 0.110956721 0.205076885 0.212083474 0.448052696 0.501458547 0.389992538 0.391719093 0.814476212 
21     0.671904705 0.525937408 0.476658286 0.580047508 0.563479567 0.558459762 0.680802022 0.553469264 0.546058063 0.562264031 0.491066370 0.500590595 0.503986785 0.503671476 0.545652197 0.581633027 0.538301315 0.556389672 0.553302711 0.661587345 0.658164141 0.591294556 0.564709200 0.564375963 0.559711541 0.641525861 0.618327134 0.457017834 0.416335409 0.482490389 0.411788620 0.570642925 0.638376093 0.635788666 0.373243787 0.366830003 0.474292616 0.327191578 0.289672732 0.215507068 0.282744411 0.120888781 0.110956721 0.000000000 0.186946101 0.194532268 0.430246512 0.483652364 0.372186355 0.373912909 0.796670028 
7     0.648811872 0.502844575 0.453565453 0.556954675 0.540386734 0.535366919 0.657709179 0.530376421 0.522965220 0.539171188 0.467973527 0.477497752 0.480893942 0.480578633 0.522559354 0.558540184 0.515208472 0.533296829 0.530209868 0.638494502 0.635071298 0.568201713 0.541616357 0.541283120 0.536618698 0.618433018 0.595234291 0.433939922 0.393257497 0.459412477 0.388710708 0.547565013 0.615281695 0.612694267 0.350190823 0.343777039 0.451239652 0.305029221 0.267492920 0.192783089 0.260597767 0.212004904 0.205076885 0.186946101 0.000000000 0.059702260 0.407134348 0.460540199 0.349074190 0.350800745 0.773577195 
17     0.657075021 0.511107724 0.461828601 0.565217823 0.548649882 0.543630067 0.665972327 0.538639569 0.531228368 0.547434336 0.476236675 0.485760900 0.489157090 0.488841781 0.530822502 0.566803332 0.523471620 0.541559977 0.538473017 0.646757650 0.643334447 0.576464861 0.549879505 0.549546268 0.544881847 0.626696167 0.603497439 0.442203070 0.401520646 0.467675626 0.396973857 0.555828161 0.623544843 0.620957415 0.358453972 0.352040187 0.459502801 0.313140230 0.275875113 0.201176325 0.268997238 0.220311681 0.212083474 0.194532268 0.059702260 0.000000000 0.415397496 0.468803348 0.357337339 0.359063893 0.781840344 
31     0.577983608 0.432414321 0.383307919 0.486691200 0.470123259 0.464682096 0.586957968 0.459625210 0.452219423 0.468202017 0.397004356 0.406528580 0.409932024 0.409609462 0.451604155 0.487577670 0.444245958 0.462152228 0.459065268 0.567351456 0.563928252 0.497072686 0.470487330 0.470154093 0.465489671 0.547303991 0.523992566 0.385179480 0.344588260 0.410710338 0.340119698 0.498979631 0.565129730 0.562542302 0.308178917 0.301765132 0.410051043 0.429632439 0.390033964 0.353742665 0.420738588 0.455750189 0.448052696 0.430246512 0.407134348 0.415397496 0.000000000 0.118758440 0.144961339 0.146698929 0.701302328 
24     0.631399790 0.485830502 0.436724100 0.540107381 0.523539440 0.518098278 0.640374149 0.513041391 0.505635604 0.521618198 0.450420537 0.459944762 0.463348206 0.463025643 0.505020336 0.540993851 0.497662139 0.515568410 0.512481449 0.620767637 0.617344434 0.550488867 0.523903511 0.523570274 0.518905852 0.600720173 0.577408747 0.438585331 0.397994111 0.464116189 0.393525549 0.552385483 0.618535581 0.615948153 0.361584768 0.355170983 0.463456894 0.483038290 0.443439815 0.407148517 0.474144439 0.509156040 0.501458547 0.483652364 0.460540199 0.468803348 0.118758440 0.000000000 0.198243596 0.199981187 0.754718510 
6     0.519284041 0.374111796 0.325005394 0.428388675 0.411820734 0.405948869 0.528224740 0.400891982 0.393486196 0.409468789 0.338271128 0.347795353 0.351198797 0.350876235 0.392870927 0.428844442 0.385512730 0.403545472 0.400458511 0.508744700 0.505321496 0.438434724 0.411849368 0.411516130 0.406851709 0.488666029 0.465391746 0.327205754 0.286638465 0.352760543 0.282169903 0.441005906 0.507054618 0.504467190 0.249530039 0.243116254 0.351401119 0.371572281 0.331973806 0.295682508 0.362678430 0.397690031 0.389992538 0.372186355 0.349074190 0.357337339 0.144961339 0.198243596 0.000000000 0.015383260 0.642961682 
19     0.521010596 0.375838351 0.326731949 0.430115230 0.413547289 0.407675424 0.529951295 0.402618537 0.395212750 0.411195344 0.339997683 0.349521908 0.352925352 0.352602789 0.394597482 0.430570997 0.387239285 0.405272027 0.402185066 0.510471254 0.507048051 0.440161279 0.413575923 0.413242685 0.408578264 0.490392584 0.467118301 0.328932309 0.288365020 0.354487098 0.283896458 0.442732461 0.508781173 0.506193745 0.251256594 0.244842809 0.353127674 0.373298835 0.333700361 0.297409062 0.364404985 0.399416586 0.391719093 0.373912909 0.350800745 0.359063893 0.146698929 0.199981187 0.015383260 0.000000000 0.644688237 
0     0.882476254 0.749394739 0.700617695 0.803998353 0.787364845 0.782003904 0.904269015 0.776868604 0.769450150 0.785981336 0.714783675 0.724307900 0.727711344 0.727388781 0.769483543 0.805200166 0.761908535 0.779599720 0.776512759 0.884796491 0.881373287 0.814362074 0.787775670 0.787442433 0.782778011 0.864592331 0.841182078 0.751667250 0.711222065 0.777376638 0.706754292 0.865788964 0.931968493 0.929381065 0.674063170 0.667649386 0.775924044 0.796027925 0.756395404 0.720191633 0.787238620 0.822173705 0.814476212 0.796670028 0.773577195 0.781840344 0.701302328 0.754718510 0.642961682 0.644688237 0.000000000 
