51
1     0.000000000 0.008032450 0.074493020 0.086263700 0.064158300 0.060424890 0.096046060 0.064929950 0.075063420 0.101029360 0.097834530 0.072830460 0.072224990 0.065848250 0.069145990 0.058247520 0.077941190 0.095364760 0.095927370 0.147528080 0.127100640 0.054107930 0.112163540 0.114595210 0.112404170 0.128208290 0.051344790 0.017850290 0.077432470 0.121524960 0.074970980 0.060219700 0.071941350 0.043457350 0.053803340 0.067315650 0.065904110 0.081244580 0.097745290 0.075277080 0.044145250 0.076770310 0.106565220 0.095439670 0.092923860 0.076556330 0.071376910 0.065297320 0.072488910 0.076833640 0.028073580 
5     0.008032450 0.000000000 0.000957010 0.021619440 0.021573590 0.065794620 0.080667910 0.063985220 0.074118690 0.072285610 0.096889800 0.088011630 0.071280260 0.064903520 0.071238100 0.057302790 0.058477710 0.119814240 0.094982640 0.146224140 0.155563880 0.044375190 0.073257830 0.068206180 0.074112330 0.064168450 0.033417930 0.039137720 0.079455030 0.071374740 0.070786780 0.049203730 0.056361090 0.042149860 0.048490730 0.047786500 0.034938260 0.074011440 0.081492390 0.078423050 0.042837760 0.050394970 0.074428310 0.059551760 0.072878990 0.070581410 0.054328560 0.051451660 0.048927870 0.049334530 0.048578190 
14     0.074493020 0.000957010 0.000000000 0.017404240 0.014468030 0.053081220 0.103068430 0.084741380 0.056391260 0.104530960 0.067710730 0.060624250 0.071736140 0.061890610 0.077400990 0.086875900 0.063027770 0.115169360 0.103386630 0.155082220 0.113214080 0.050538080 0.089816410 0.074369070 0.060081200 0.075397950 0.046389050 0.080725020 0.068934890 0.081155350 0.067948850 0.037624300 0.044781660 0.035063390 0.070885860 0.070800780 0.034941780 0.086462970 0.072140360 0.080495470 0.067397480 0.038815540 0.062848880 0.047972330 0.098142250 0.091349670 0.084513580 0.105649480 0.058816000 0.058660980 0.060243990 
18     0.086263700 0.021619440 0.017404240 0.000000000 0.000046030 0.123678330 0.100701820 0.108261240 0.079911120 0.097255700 0.091230590 0.084144110 0.095256000 0.085410470 0.107874820 0.097404390 0.086547630 0.126930900 0.139536130 0.107254640 0.109560580 0.107787820 0.125679330 0.112328810 0.098937860 0.091706580 0.069908910 0.092495700 0.080182150 0.092926030 0.079719530 0.095110470 0.102267830 0.092549560 0.072942440 0.071028550 0.081338560 0.134003630 0.104342020 0.120462980 0.124883650 0.096301710 0.120335050 0.105458500 0.134391020 0.141899400 0.071690860 0.125736390 0.098734940 0.093966390 0.072014670 
35     0.064158300 0.021573590 0.014468030 0.000046030 0.000000000 0.064873300 0.138036150 0.116437040 0.088086920 0.094292200 0.099406390 0.092319910 0.103431800 0.092185670 0.104911320 0.121537680 0.094723430 0.146748770 0.137574120 0.104291140 0.106597080 0.085199860 0.113591870 0.109030850 0.111391780 0.100669400 0.078084710 0.055551310 0.077769360 0.087788330 0.076783320 0.095997460 0.085442000 0.093436550 0.064904320 0.064200090 0.051351850 0.090425030 0.112517820 0.089763030 0.095331150 0.097188700 0.094181010 0.106345490 0.089292580 0.086995000 0.070742150 0.067865250 0.065341460 0.065748120 0.069078460 
13     0.060424890 0.065794620 0.053081220 0.123678330 0.064873300 0.000000000 0.009535860 0.036005200 0.026137520 0.042332200 0.036392990 0.050622080 0.039749070 0.052368940 0.027388270 0.022854150 0.050839880 0.055715650 0.026646330 0.034085700 0.009342220 0.037771830 0.051826990 0.051817940 0.049626900 0.018890580 0.017539900 0.049761980 0.124448770 0.126260310 0.093613020 0.085787380 0.041045100 0.040310300 0.068778960 0.075250330 0.077273110 0.037783510 0.019138670 0.031816010 0.034859610 0.120860890 0.076774060 0.074622920 0.049462790 0.042670210 0.054530410 0.102778520 0.016788820 0.024121160 0.018277160 
47     0.096046060 0.080667910 0.103068430 0.100701820 0.138036150 0.009535860 0.000000000 0.003357420 0.000756720 0.042845750 0.015876320 0.026612360 0.034646060 0.037807380 0.024938980 0.051419080 0.063884780 0.051733360 0.057447860 0.076846030 0.076382030 0.085641180 0.100152240 0.093122990 0.078523800 0.080666570 0.031646450 0.135869960 0.108474790 0.128194430 0.136708940 0.187681620 0.144735030 0.158779950 0.113667140 0.115308540 0.129623670 0.189504200 0.107218460 0.157581290 0.165660470 0.174083340 0.159756730 0.179024010 0.163140300 0.147299550 0.138506550 0.164182650 0.098596960 0.098641750 0.105025730 
33     0.064929950 0.063985220 0.084741380 0.108261240 0.116437040 0.036005200 0.003357420 0.000000000 0.001026680 0.016875340 0.015066750 0.024139380 0.020665070 0.026912080 0.036960960 0.014868750 0.034282840 0.064636190 0.056766110 0.057201340 0.039501620 0.110366180 0.081496210 0.087875420 0.084161640 0.073534310 0.047158370 0.123144610 0.125061440 0.144781080 0.148058860 0.165456570 0.127894120 0.099410120 0.109756110 0.102912480 0.123187120 0.157106290 0.137752350 0.129468610 0.100098020 0.132723080 0.140112040 0.142294500 0.151285100 0.132509100 0.108934630 0.121250090 0.105558030 0.106987940 0.097226650 
11     0.075063420 0.074118690 0.056391260 0.079911120 0.088086920 0.026137520 0.000756720 0.001026680 0.000000000 0.037835960 0.012387710 0.014188610 0.025300500 0.015454970 0.048305760 0.025002220 0.016619730 0.041674530 0.053645400 0.057668450 0.053363610 0.085767270 0.054944640 0.061323850 0.072600860 0.089561450 0.037313610 0.132097210 0.114335130 0.122744240 0.128593300 0.164869750 0.105128340 0.091445340 0.092779780 0.076360910 0.094837000 0.147502070 0.111200780 0.133961420 0.110231490 0.142581270 0.140579150 0.139125070 0.147889460 0.142642570 0.122090500 0.122892450 0.091679670 0.093999250 0.113019580 
34     0.101029360 0.072285610 0.104530960 0.097255700 0.094292200 0.042332200 0.042845750 0.016875340 0.037835960 0.000000000 0.004889130 0.012910310 0.007217260 0.006835810 0.014422760 0.071311460 0.072893210 0.044409620 0.035560340 0.063237900 0.045828620 0.110681150 0.092895730 0.076046010 0.088619580 0.079861310 0.075899960 0.114831340 0.117210220 0.172171780 0.128587880 0.115526970 0.138362200 0.128643930 0.104585210 0.085040310 0.084550000 0.147954190 0.121984770 0.122917240 0.123625620 0.132396080 0.156429420 0.141552870 0.139827830 0.145907410 0.116323700 0.122632640 0.069617220 0.069912010 0.103553650 
29     0.097834530 0.096889800 0.067710730 0.091230590 0.099406390 0.036392990 0.015876320 0.015066750 0.012387710 0.004889130 0.000000000 0.006704170 0.006332110 0.002775950 0.018550490 0.047763070 0.027939200 0.036582330 0.038634270 0.074268930 0.049557840 0.076561390 0.086058320 0.088832290 0.095406920 0.070570750 0.047057030 0.136890400 0.125654600 0.134063710 0.135727290 0.127705440 0.116700060 0.103462930 0.107836350 0.091470210 0.106156470 0.158821540 0.073417120 0.117554110 0.125901880 0.128896680 0.131052510 0.138053470 0.143675920 0.127835170 0.108808860 0.135461450 0.071067270 0.078399610 0.122719970 
37     0.072830460 0.088011630 0.060624250 0.084144110 0.092319910 0.050622080 0.026612360 0.024139380 0.014188610 0.012910310 0.006704170 0.000000000 0.002325860 0.002549500 0.006886980 0.046322200 0.020852720 0.046310010 0.053259440 0.071235800 0.054118500 0.085657880 0.103825230 0.098744810 0.085867520 0.088151190 0.041546600 0.126201670 0.118568120 0.126977230 0.131697210 0.123395460 0.130552820 0.120834550 0.105827740 0.086282840 0.095920330 0.151735060 0.084097430 0.135354060 0.137630400 0.124586700 0.141732820 0.133743490 0.152122450 0.142038050 0.118258370 0.142161690 0.081747580 0.089079920 0.099423800 
36     0.072224990 0.071280260 0.071736140 0.095256000 0.103431800 0.039749070 0.034646060 0.020665070 0.025300500 0.007217260 0.006332110 0.002325860 0.000000000 0.000022580 0.016536360 0.035649250 0.031964610 0.050719190 0.049814730 0.060527300 0.049618350 0.085803190 0.103238480 0.105015720 0.098962330 0.083651040 0.052658490 0.112149840 0.121028690 0.132502770 0.119010910 0.129007900 0.120571690 0.106705160 0.109976350 0.091408600 0.097182000 0.158296940 0.132327520 0.118473840 0.107393060 0.130199140 0.143438000 0.131299730 0.140290330 0.129351750 0.126666450 0.128545130 0.079959970 0.080254760 0.107343380 
15     0.065848250 0.064903520 0.061890610 0.085410470 0.092185670 0.052368940 0.037807380 0.026912080 0.015454970 0.006835810 0.002775950 0.002549500 0.000022580 0.000000000 0.026693840 0.029272510 0.022119080 0.045606090 0.063673740 0.059017440 0.055865360 0.088129940 0.101622760 0.073939480 0.080844860 0.089898050 0.042812960 0.114605420 0.118907570 0.128243590 0.116889790 0.113420440 0.119099690 0.100328420 0.107855230 0.089530430 0.084324080 0.153001420 0.114166080 0.133252020 0.101016320 0.133641380 0.141928140 0.144136480 0.139748280 0.127230630 0.128247980 0.122168390 0.080625750 0.075857200 0.106393990 
12     0.069145990 0.071238100 0.077400990 0.107874820 0.104911320 0.027388270 0.024938980 0.036960960 0.048305760 0.014422760 0.018550490 0.006886980 0.016536360 0.026693840 0.000000000 0.041083540 0.039404370 0.050749960 0.038759810 0.066355050 0.033037280 0.044755630 0.075625990 0.068586620 0.070988880 0.067218270 0.024206670 0.105601680 0.124806950 0.136281030 0.122789170 0.119020650 0.128402730 0.132237520 0.107354260 0.104219900 0.122763440 0.138379480 0.041293020 0.128784290 0.134244740 0.150286720 0.098928410 0.150035860 0.145647660 0.133130010 0.076684760 0.121764270 0.038943170 0.046275510 0.090910610 
42     0.058247520 0.057302790 0.086875900 0.097404390 0.121537680 0.022854150 0.051419080 0.014868750 0.025002220 0.071311460 0.047763070 0.046322200 0.035649250 0.029272510 0.041083540 0.000000000 0.000087420 0.017318170 0.022907730 0.033393420 0.022625940 0.054230540 0.084846470 0.078061530 0.076723540 0.079090410 0.095471490 0.096034570 0.128650070 0.143904020 0.119364620 0.130732130 0.119010500 0.092727690 0.103073680 0.113694810 0.114525510 0.157065500 0.100415470 0.115444420 0.093415590 0.126040650 0.117619860 0.136887140 0.177085570 0.125826670 0.120647250 0.114567660 0.098802370 0.100198700 0.091303050 
27     0.077941190 0.058477710 0.063027770 0.086547630 0.094723430 0.050839880 0.063884780 0.034282840 0.016619730 0.072893210 0.027939200 0.020852720 0.031964610 0.022119080 0.039404370 0.000087420 0.000000000 0.076944380 0.077982780 0.065252310 0.029639040 0.031995240 0.071273570 0.055826230 0.071539100 0.056855110 0.043950120 0.126595230 0.120971640 0.129380750 0.095668430 0.060425590 0.067582950 0.057864680 0.094593870 0.091459510 0.057743070 0.116811040 0.090881770 0.128767780 0.090198770 0.061616830 0.085650170 0.070773620 0.146414560 0.139621980 0.126273510 0.134261330 0.080110130 0.080405180 0.115228930 
26     0.095364760 0.119814240 0.115169360 0.126930900 0.146748770 0.055715650 0.051733360 0.064636190 0.041674530 0.044409620 0.036582330 0.046310010 0.050719190 0.045606090 0.050749960 0.017318170 0.076944380 0.000000000 0.000575870 0.043971150 0.009329980 0.070338100 0.086239220 0.104443940 0.104797330 0.077149840 0.083806500 0.088757440 0.133387970 0.154423510 0.133435160 0.182436190 0.165434550 0.169269340 0.124292900 0.120639980 0.122132300 0.161205480 0.111221500 0.095081440 0.120120300 0.127115480 0.148678500 0.107907330 0.116897930 0.117461030 0.122787750 0.127236470 0.085794970 0.086089760 0.104344430 
22     0.095927370 0.094982640 0.103386630 0.139536130 0.137574120 0.026646330 0.057447860 0.056766110 0.053645400 0.035560340 0.038634270 0.053259440 0.049814730 0.063673740 0.038759810 0.022907730 0.077982780 0.000575870 0.000000000 0.049595690 0.016664970 0.084888420 0.091863760 0.115225690 0.106212410 0.020313270 0.077689890 0.094381980 0.134803050 0.145523600 0.131784260 0.168484710 0.151049020 0.130407540 0.122639590 0.121935360 0.109087120 0.148160300 0.083149440 0.100705980 0.125744840 0.132740020 0.140784830 0.113531870 0.122522470 0.123085570 0.118541180 0.125600520 0.080799590 0.087504840 0.108833840 
41     0.147528080 0.146224140 0.155082220 0.107254640 0.104291140 0.034085700 0.076846030 0.057201340 0.057668450 0.063237900 0.074268930 0.071235800 0.060527300 0.059017440 0.066355050 0.033393420 0.065252310 0.043971150 0.049595690 0.000000000 0.000472590 0.100525470 0.107500810 0.086044950 0.102234100 0.098411430 0.115838870 0.110019030 0.136547450 0.209637020 0.157571230 0.125525910 0.238758210 0.219195530 0.141178380 0.142766790 0.154089650 0.204019220 0.154933670 0.116343030 0.133624560 0.134299430 0.119972820 0.129168920 0.138159520 0.138722620 0.144049340 0.148498060 0.092731220 0.087962670 0.206029490 
46     0.127100640 0.155563880 0.113214080 0.109560580 0.106597080 0.009342220 0.076382030 0.039501620 0.053363610 0.045828620 0.049557840 0.054118500 0.049618350 0.055865360 0.033037280 0.022625940 0.029639040 0.009329980 0.016664970 0.000472590 0.000000000 0.105732690 0.116034170 0.088350890 0.104540040 0.046871330 0.088121980 0.130411030 0.138853390 0.164161620 0.159156610 0.127831850 0.235118870 0.225841930 0.143484320 0.145072730 0.156290960 0.198833640 0.143893230 0.117333380 0.135930500 0.133835430 0.119508820 0.138776100 0.183991280 0.176620440 0.141018550 0.151061550 0.095037160 0.090268610 0.070563670 
39     0.054107930 0.044375190 0.050538080 0.107787820 0.085199860 0.037771830 0.085641180 0.110366180 0.085767270 0.110681150 0.076561390 0.085657880 0.085803190 0.088129940 0.044755630 0.054230540 0.031995240 0.070338100 0.084888420 0.100525470 0.105732690 0.000000000 0.011743920 0.011734870 0.009543830 0.003743680 0.004635980 0.030077380 0.125932300 0.134774170 0.110765830 0.109362350 0.080598630 0.079863830 0.080491350 0.077356990 0.099340920 0.077337040 0.074992020 0.036401380 0.061440240 0.068435420 0.076299470 0.049227270 0.058217870 0.058780970 0.064107690 0.068556410 0.057481980 0.058878310 0.057830690 
4     0.112163540 0.073257830 0.089816410 0.125679330 0.113591870 0.051826990 0.100152240 0.081496210 0.054944640 0.092895730 0.086058320 0.103825230 0.103238480 0.101622760 0.075625990 0.084846470 0.071273570 0.086239220 0.091863760 0.107500810 0.116034170 0.011743920 0.000000000 0.000050410 0.002200090 0.009694520 0.031366430 0.037052720 0.133452300 0.141749510 0.117741170 0.109007110 0.065394740 0.051711740 0.053046180 0.036627310 0.116121350 0.086502080 0.068126260 0.043376720 0.068415580 0.075410760 0.085404080 0.056202610 0.065193210 0.065756310 0.071083030 0.075531750 0.051946070 0.054265650 0.066995730 
40     0.114595210 0.068206180 0.074369070 0.112328810 0.109030850 0.051817940 0.093122990 0.087875420 0.061323850 0.076046010 0.088832290 0.098744810 0.105015720 0.073939480 0.068586620 0.078061530 0.055826230 0.104443940 0.115225690 0.086044950 0.088350890 0.011734870 0.000050410 0.000000000 0.002191040 0.023347300 0.032415600 0.060414650 0.131604250 0.151323890 0.130325090 0.121361540 0.071773950 0.058090950 0.059425390 0.043006520 0.105944560 0.086493030 0.067897430 0.066738650 0.083569130 0.098772690 0.090311190 0.079564540 0.088555140 0.089118240 0.088736110 0.089538060 0.058325280 0.060644860 0.066986680 
38     0.112404170 0.074112330 0.060081200 0.098937860 0.111391780 0.049626900 0.078523800 0.084161640 0.072600860 0.088619580 0.095406920 0.085867520 0.098962330 0.080844860 0.070988880 0.076723540 0.071539100 0.104797330 0.106212410 0.102234100 0.104540040 0.009543830 0.002200090 0.002191040 0.000000000 0.019450430 0.070882500 0.075753340 0.126144930 0.157168660 0.135469690 0.114946630 0.075368960 0.069367960 0.070702400 0.054283530 0.096304030 0.084301990 0.062572400 0.078334490 0.081378090 0.114111380 0.115725140 0.094903230 0.095981270 0.089188690 0.097964140 0.100815070 0.060222550 0.067554890 0.064795640 
45     0.128208290 0.064168450 0.075397950 0.091706580 0.100669400 0.018890580 0.080666570 0.073534310 0.089561450 0.079861310 0.070570750 0.088151190 0.083651040 0.089898050 0.067218270 0.079090410 0.056855110 0.077149840 0.020313270 0.098411430 0.046871330 0.003743680 0.009694520 0.023347300 0.019450430 0.000000000 0.000087890 0.027963340 0.163247470 0.132660130 0.108651790 0.123261270 0.111273930 0.105009420 0.105351220 0.089924990 0.113239840 0.161900680 0.072877980 0.034287340 0.059326200 0.066321380 0.087884400 0.047113230 0.056103830 0.056666930 0.061993650 0.066442370 0.078524970 0.089362970 0.071671320 
3     0.051344790 0.033417930 0.046389050 0.069908910 0.078084710 0.017539900 0.031646450 0.047158370 0.037313610 0.075899960 0.047057030 0.041546600 0.052658490 0.042812960 0.024206670 0.095471490 0.043950120 0.083806500 0.077689890 0.115838870 0.088121980 0.004635980 0.031366430 0.032415600 0.070882500 0.000087890 0.000000000 0.099559280 0.104332920 0.112742030 0.113565390 0.093697690 0.055562200 0.102073480 0.077065450 0.074409080 0.079810800 0.127946460 0.106734890 0.059883230 0.144666180 0.130756460 0.099774230 0.129122860 0.086338820 0.092469720 0.053745930 0.095100570 0.073593730 0.074187170 0.055707510 
48     0.017850290 0.039137720 0.080725020 0.092495700 0.055551310 0.049761980 0.135869960 0.123144610 0.132097210 0.114831340 0.136890400 0.126201670 0.112149840 0.114605420 0.105601680 0.096034570 0.126595230 0.088757440 0.094381980 0.110019030 0.130411030 0.030077380 0.037052720 0.060414650 0.075753340 0.027963340 0.099559280 0.000000000 0.007664200 0.038736800 0.020192510 0.007312010 0.063441740 0.062706940 0.023984900 0.013331780 0.015459000 0.054532180 0.065457900 0.026867260 0.051906120 0.058901300 0.058288160 0.039693150 0.048683750 0.049246850 0.034849300 0.031972400 0.029448610 0.029855270 0.045226660 
16     0.077432470 0.079455030 0.068934890 0.080182150 0.077769360 0.124448770 0.108474790 0.125061440 0.114335130 0.117210220 0.125654600 0.118568120 0.121028690 0.118907570 0.124806950 0.128650070 0.120971640 0.133387970 0.134803050 0.136547450 0.138853390 0.125932300 0.133452300 0.131604250 0.126144930 0.163247470 0.104332920 0.007664200 0.000000000 0.013300630 0.004236660 0.008142660 0.050173200 0.043942890 0.010480430 0.019504770 0.061152500 0.018075680 0.094227670 0.015420430 0.022537740 0.106958000 0.108907630 0.112098030 0.104019200 0.095192180 0.084686530 0.082591870 0.019013510 0.033733800 0.110940710 
44     0.121524960 0.071374740 0.081155350 0.092926030 0.087788330 0.126260310 0.128194430 0.144781080 0.122744240 0.172171780 0.134063710 0.126977230 0.132502770 0.128243590 0.136281030 0.143904020 0.129380750 0.154423510 0.145523600 0.209637020 0.164161620 0.134774170 0.141749510 0.151323890 0.157168660 0.132660130 0.112742030 0.038736800 0.013300630 0.000000000 0.006485330 0.051966950 0.062301010 0.056070700 0.061248490 0.060544260 0.047696020 0.086769200 0.112390040 0.103214610 0.093734370 0.123822970 0.090525180 0.123572110 0.085636750 0.083339170 0.067086320 0.064209420 0.061685630 0.062092290 0.092558260 
32     0.074970980 0.070786780 0.067948850 0.079719530 0.076783320 0.093613020 0.136708940 0.148058860 0.128593300 0.128587880 0.135727290 0.131697210 0.119010910 0.116889790 0.122789170 0.119364620 0.095668430 0.133435160 0.131784260 0.157571230 0.159156610 0.110765830 0.117741170 0.130325090 0.135469690 0.108651790 0.113565390 0.020192510 0.004236660 0.006485330 0.000000000 0.020146220 0.058004050 0.050695210 0.022483990 0.031508330 0.047108060 0.030079240 0.087772180 0.027423990 0.034541300 0.054447360 0.078480700 0.063604150 0.085048790 0.082751210 0.066498360 0.063621460 0.031017070 0.045737360 0.089077700 
49     0.060219700 0.049203730 0.037624300 0.095110470 0.095997460 0.085787380 0.187681620 0.165456570 0.164869750 0.115526970 0.127705440 0.123395460 0.129007900 0.113420440 0.119020650 0.130732130 0.060425590 0.182436190 0.168484710 0.125525910 0.127831850 0.109362350 0.109007110 0.121361540 0.114946630 0.123261270 0.093697690 0.007312010 0.008142660 0.051966950 0.020146220 0.000000000 0.025170640 0.015452370 0.006335910 0.015360250 0.015330760 0.013931160 0.048231570 0.011275910 0.018393220 0.019204520 0.043237860 0.028361310 0.107576870 0.100784290 0.027230500 0.081556730 0.014868990 0.024621550 0.081252060 
30     0.071941350 0.056361090 0.044781660 0.102267830 0.085442000 0.041045100 0.144735030 0.127894120 0.105128340 0.138362200 0.116700060 0.130552820 0.120571690 0.119099690 0.128402730 0.119010500 0.067582950 0.165434550 0.151049020 0.238758210 0.235118870 0.080598630 0.065394740 0.071773950 0.075368960 0.111273930 0.055562200 0.063441740 0.050173200 0.062301010 0.058004050 0.025170640 0.000000000 0.000747430 0.015960710 0.015944220 0.004728740 0.051463270 0.043232680 0.042369570 0.048539370 0.025776080 0.049809420 0.034932870 0.063142550 0.056349970 0.031627910 0.042831180 0.048475290 0.042276170 0.036509780 
43     0.043457350 0.042149860 0.035063390 0.092549560 0.093436550 0.040310300 0.158779950 0.099410120 0.091445340 0.128643930 0.103462930 0.120834550 0.106705160 0.100328420 0.132237520 0.092727690 0.057864680 0.169269340 0.130407540 0.219195530 0.225841930 0.079863830 0.051711740 0.058090950 0.069367960 0.105009420 0.102073480 0.062706940 0.043942890 0.056070700 0.050695210 0.015452370 0.000747430 0.000000000 0.042239870 0.045891190 0.012118470 0.050728470 0.029549680 0.044760970 0.032581780 0.016057810 0.040091150 0.025214600 0.062407750 0.055615170 0.057481780 0.056927110 0.050831510 0.054872830 0.035774980 
28     0.053803340 0.048490730 0.070885860 0.072942440 0.064904320 0.068778960 0.113667140 0.109756110 0.092779780 0.104585210 0.107836350 0.105827740 0.109976350 0.107855230 0.107354260 0.103073680 0.094593870 0.124292900 0.122639590 0.141178380 0.143484320 0.080491350 0.053046180 0.059425390 0.070702400 0.105351220 0.077065450 0.023984900 0.010480430 0.061248490 0.022483990 0.006335910 0.015960710 0.042239870 0.000000000 0.000036830 0.011233450 0.008876810 0.075355990 0.006221560 0.013338870 0.066055490 0.062174930 0.067881950 0.057286500 0.054988920 0.039113970 0.036237070 0.015339700 0.030059990 0.069674250 
2     0.067315650 0.047786500 0.070800780 0.071028550 0.064200090 0.075250330 0.115308540 0.102912480 0.076360910 0.085040310 0.091470210 0.086282840 0.091408600 0.089530430 0.104219900 0.113694810 0.091459510 0.120639980 0.121935360 0.142766790 0.145072730 0.077356990 0.036627310 0.043006520 0.054283530 0.089924990 0.074409080 0.013331780 0.019504770 0.060544260 0.031508330 0.015360250 0.015944220 0.045891190 0.000036830 0.000000000 0.011216960 0.005134680 0.066469090 0.006981850 0.020086990 0.058962250 0.061470700 0.068119040 0.054535910 0.054284690 0.038409740 0.035532840 0.024364040 0.033415710 0.053602230 
23     0.065904110 0.034938260 0.034941780 0.081338560 0.051351850 0.077273110 0.129623670 0.123187120 0.094837000 0.084550000 0.106156470 0.095920330 0.097182000 0.084324080 0.122763440 0.114525510 0.057743070 0.122132300 0.109087120 0.154089650 0.156290960 0.099340920 0.116121350 0.105944560 0.096304030 0.113239840 0.079810800 0.015459000 0.061152500 0.047696020 0.047108060 0.015330760 0.004728740 0.012118470 0.011233450 0.011216960 0.000000000 0.044866480 0.049261020 0.056893630 0.044518140 0.015936200 0.039969540 0.025092990 0.043734030 0.041436450 0.025561500 0.022684600 0.020160810 0.020567470 0.056121780 
50     0.081244580 0.074011440 0.086462970 0.134003630 0.090425030 0.037783510 0.189504200 0.157106290 0.147502070 0.147954190 0.158821540 0.151735060 0.158296940 0.153001420 0.138379480 0.157065500 0.116811040 0.161205480 0.148160300 0.204019220 0.198833640 0.077337040 0.086502080 0.086493030 0.084301990 0.161900680 0.127946460 0.054532180 0.018075680 0.086769200 0.030079240 0.013931160 0.051463270 0.050728470 0.008876810 0.005134680 0.044866480 0.000000000 0.007127860 0.001852450 0.012697060 0.056548400 0.001117060 0.048240720 0.027168120 0.027064130 0.064634680 0.061757780 0.022934950 0.037655240 0.033248190 
8     0.097745290 0.081492390 0.072140360 0.104342020 0.112517820 0.019138670 0.107218460 0.137752350 0.111200780 0.121984770 0.073417120 0.084097430 0.132327520 0.114166080 0.041293020 0.100415470 0.090881770 0.111221500 0.083149440 0.154933670 0.143893230 0.074992020 0.068126260 0.067897430 0.062572400 0.072877980 0.106734890 0.065457900 0.094227670 0.112390040 0.087772180 0.048231570 0.043232680 0.029549680 0.075355990 0.066469090 0.049261020 0.007127860 0.000000000 0.018636080 0.013833210 0.026886790 0.006929560 0.023430590 0.023796180 0.024182970 0.032711930 0.086650500 0.025236450 0.030102980 0.056675130 
25     0.075277080 0.078423050 0.080495470 0.120462980 0.089763030 0.031816010 0.157581290 0.129468610 0.133961420 0.122917240 0.117554110 0.135354060 0.118473840 0.133252020 0.128784290 0.115444420 0.128767780 0.095081440 0.100705980 0.116343030 0.117333380 0.036401380 0.043376720 0.066738650 0.078334490 0.034287340 0.059883230 0.026867260 0.015420430 0.103214610 0.027423990 0.011275910 0.042369570 0.044760970 0.006221560 0.006981850 0.056893630 0.001852450 0.018636080 0.000000000 0.000212420 0.036661910 0.022335300 0.034050310 0.002054650 0.002751180 0.040553300 0.074948010 0.020279700 0.034999990 0.027280690 
20     0.044145250 0.042837760 0.067397480 0.124883650 0.095331150 0.034859610 0.165660470 0.100098020 0.110231490 0.123625620 0.125901880 0.137630400 0.107393060 0.101016320 0.134244740 0.093415590 0.090198770 0.120120300 0.125744840 0.133624560 0.135930500 0.061440240 0.068415580 0.083569130 0.081378090 0.059326200 0.144666180 0.051906120 0.022537740 0.093734370 0.034541300 0.018393220 0.048539370 0.032581780 0.013338870 0.020086990 0.044518140 0.012697060 0.013833210 0.000212420 0.000000000 0.035648650 0.046351840 0.038723220 0.028286220 0.030107970 0.063694600 0.057615010 0.027397010 0.042117300 0.030324290 
10     0.076770310 0.050394970 0.038815540 0.096301710 0.097188700 0.120860890 0.174083340 0.132723080 0.142581270 0.132396080 0.128896680 0.124586700 0.130199140 0.133641380 0.150286720 0.126040650 0.061616830 0.127115480 0.132740020 0.134299430 0.133835430 0.068435420 0.075410760 0.098772690 0.114111380 0.066321380 0.130756460 0.058901300 0.106958000 0.123822970 0.054447360 0.019204520 0.025776080 0.016057810 0.066055490 0.058962250 0.015936200 0.056548400 0.026886790 0.036661910 0.035648650 0.000000000 0.002376770 0.002245720 0.027347310 0.030249600 0.086730580 0.080406760 0.056644890 0.064936950 0.117316050 
9     0.106565220 0.074428310 0.062848880 0.120335050 0.094181010 0.076774060 0.159756730 0.140112040 0.140579150 0.156429420 0.131052510 0.141732820 0.143438000 0.141928140 0.098928410 0.117619860 0.085650170 0.148678500 0.140784830 0.119972820 0.119508820 0.076299470 0.085404080 0.090311190 0.115725140 0.087884400 0.099774230 0.058288160 0.108907630 0.090525180 0.078480700 0.043237860 0.049809420 0.040091150 0.062174930 0.061470700 0.039969540 0.001117060 0.006929560 0.022335300 0.046351840 0.002376770 0.000000000 0.000419890 0.005165970 0.003045880 0.068390660 0.065513760 0.049214010 0.050610340 0.077679750 
21     0.095439670 0.059551760 0.047972330 0.105458500 0.106345490 0.074622920 0.179024010 0.142294500 0.139125070 0.141552870 0.138053470 0.133743490 0.131299730 0.144136480 0.150035860 0.136887140 0.070773620 0.107907330 0.113531870 0.129168920 0.138776100 0.049227270 0.056202610 0.079564540 0.094903230 0.047113230 0.129122860 0.039693150 0.112098030 0.123572110 0.063604150 0.028361310 0.034932870 0.025214600 0.067881950 0.068119040 0.025092990 0.048240720 0.023430590 0.034050310 0.038723220 0.002245720 0.000419890 0.000000000 0.006733630 0.004613540 0.076406650 0.087773900 0.065801680 0.069877620 0.070087600 
7     0.092923860 0.072878990 0.098142250 0.134391020 0.089292580 0.049462790 0.163140300 0.151285100 0.147889460 0.139827830 0.143675920 0.152122450 0.140290330 0.139748280 0.145647660 0.177085570 0.146414560 0.116897930 0.122522470 0.138159520 0.183991280 0.058217870 0.065193210 0.088555140 0.095981270 0.056103830 0.086338820 0.048683750 0.104019200 0.085636750 0.085048790 0.107576870 0.063142550 0.062407750 0.057286500 0.054535910 0.043734030 0.027168120 0.023796180 0.002054650 0.028286220 0.027347310 0.005165970 0.006733630 0.000000000 0.000104430 0.053216370 0.060625330 0.052730000 0.055055770 0.044927470 
17     0.076556330 0.070581410 0.091349670 0.141899400 0.086995000 0.042670210 0.147299550 0.132509100 0.142642570 0.145907410 0.127835170 0.142038050 0.129351750 0.127230630 0.133130010 0.125826670 0.139621980 0.117461030 0.123085570 0.138722620 0.176620440 0.058780970 0.065756310 0.089118240 0.089188690 0.056666930 0.092469720 0.049246850 0.095192180 0.083339170 0.082751210 0.100784290 0.056349970 0.055615170 0.054988920 0.054284690 0.041436450 0.027064130 0.024182970 0.002751180 0.030107970 0.030249600 0.003045880 0.004613540 0.000104430 0.000000000 0.051043890 0.058327750 0.050557520 0.052883290 0.038134890 
31     0.071376910 0.054328560 0.084513580 0.071690860 0.070742150 0.054530410 0.138506550 0.108934630 0.122090500 0.116323700 0.108808860 0.118258370 0.126666450 0.128247980 0.076684760 0.120647250 0.126273510 0.122787750 0.118541180 0.144049340 0.141018550 0.064107690 0.071083030 0.088736110 0.097964140 0.061993650 0.053745930 0.034849300 0.084686530 0.067086320 0.066498360 0.027230500 0.031627910 0.057481780 0.039113970 0.038409740 0.025561500 0.064634680 0.032711930 0.040553300 0.063694600 0.086730580 0.068390660 0.076406650 0.053216370 0.051043890 0.000000000 0.001096860 0.003148500 0.005285030 0.047907680 
24     0.065297320 0.051451660 0.105649480 0.125736390 0.067865250 0.102778520 0.164182650 0.121250090 0.122892450 0.122632640 0.135461450 0.142161690 0.128545130 0.122168390 0.121764270 0.114567660 0.134261330 0.127236470 0.125600520 0.148498060 0.151061550 0.068556410 0.075531750 0.089538060 0.100815070 0.066442370 0.095100570 0.031972400 0.082591870 0.064209420 0.063621460 0.081556730 0.042831180 0.056927110 0.036237070 0.035532840 0.022684600 0.061757780 0.086650500 0.074948010 0.057615010 0.080406760 0.065513760 0.087773900 0.060625330 0.058327750 0.001096860 0.000000000 0.008070000 0.013060940 0.072635180 
6     0.072488910 0.048927870 0.058816000 0.098734940 0.065341460 0.016788820 0.098596960 0.105558030 0.091679670 0.069617220 0.071067270 0.081747580 0.079959970 0.080625750 0.038943170 0.098802370 0.080110130 0.085794970 0.080799590 0.092731220 0.095037160 0.057481980 0.051946070 0.058325280 0.060222550 0.078524970 0.073593730 0.029448610 0.019013510 0.061685630 0.031017070 0.014868990 0.048475290 0.050831510 0.015339700 0.024364040 0.020160810 0.022934950 0.025236450 0.020279700 0.027397010 0.056644890 0.049214010 0.065801680 0.052730000 0.050557520 0.003148500 0.008070000 0.000000000 0.000238310 0.070111390 
19     0.076833640 0.049334530 0.058660980 0.093966390 0.065748120 0.024121160 0.098641750 0.106987940 0.093999250 0.069912010 0.078399610 0.089079920 0.080254760 0.075857200 0.046275510 0.100198700 0.080405180 0.086089760 0.087504840 0.087962670 0.090268610 0.058878310 0.054265650 0.060644860 0.067554890 0.089362970 0.074187170 0.029855270 0.033733800 0.062092290 0.045737360 0.024621550 0.042276170 0.054872830 0.030059990 0.033415710 0.020567470 0.037655240 0.030102980 0.034999990 0.042117300 0.064936950 0.050610340 0.069877620 0.055055770 0.052883290 0.005285030 0.013060940 0.000238310 0.000000000 0.070518050 
0     0.028073580 0.048578190 0.060243990 0.072014670 0.069078460 0.018277160 0.105025730 0.097226650 0.113019580 0.103553650 0.122719970 0.099423800 0.107343380 0.106393990 0.090910610 0.091303050 0.115228930 0.104344430 0.108833840 0.206029490 0.070563670 0.057830690 0.066995730 0.066986680 0.064795640 0.071671320 0.055707510 0.045226660 0.110940710 0.092558260 0.089077700 0.081252060 0.036509780 0.035774980 0.069674250 0.053602230 0.056121780 0.033248190 0.056675130 0.027280690 0.030324290 0.117316050 0.077679750 0.070087600 0.044927470 0.038134890 0.047907680 0.072635180 0.070111390 0.070518050 0.000000000 
