51
27     0.000000000 0.000018450 0.000252940 0.000202450 0.000154390 0.000147250 0.000745750 0.000748250 0.000585470 0.000961920 0.000869760 0.000904100 0.000792000 0.000884920 0.000825270 0.001158510 0.001136310 0.001189330 0.000945690 0.000957610 0.000990080 0.000899820 0.000979910 0.000867350 0.000926940 0.001004820 0.000935800 0.000915300 0.000714870 0.001168920 0.000876850 0.001059760 0.000756340 0.000894490 0.001138080 0.000850610 0.000907850 0.001606620 0.001677210 0.001580970 0.001409160 0.000862120 0.000893650 0.000896100 0.001683170 0.001426170 0.001080110 0.001206180 0.001004870 0.001379110 0.002084930 
30     0.000018450 0.000000000 0.000370520 0.000350040 0.000301980 0.000294840 0.000661560 0.000664060 0.000603040 0.000877730 0.000785570 0.000819910 0.000707810 0.000800730 0.000741080 0.001074320 0.001052120 0.001105140 0.000861500 0.000873420 0.000905890 0.000917390 0.000895720 0.000884920 0.000842750 0.000920630 0.000891110 0.000845750 0.000732440 0.001186490 0.000894420 0.001077330 0.000773910 0.000912060 0.001155650 0.000868180 0.000925420 0.001522430 0.001604170 0.001496780 0.001426730 0.000879690 0.000911220 0.000913670 0.001598980 0.001443740 0.001097680 0.001223750 0.001022440 0.001297790 0.002268090 
26     0.000252940 0.000370520 0.000000000 0.000383830 0.000423290 0.000129860 0.000615040 0.000358250 0.000570720 0.000831210 0.000739050 0.000773390 0.000661290 0.000754210 0.000694560 0.001027800 0.001005600 0.001058620 0.000814980 0.000826900 0.000859370 0.000905560 0.000849200 0.000873730 0.000796230 0.000874110 0.000844590 0.000799230 0.001180480 0.001276040 0.001297720 0.001331520 0.001263880 0.001322190 0.001306230 0.001603820 0.001650300 0.001475910 0.001557650 0.001450260 0.001473600 0.001441820 0.001622510 0.001590350 0.001552460 0.001736750 0.001215000 0.001231480 0.001375400 0.001251270 0.001516120 
47     0.000202450 0.000350040 0.000383830 0.000000000 0.000010240 0.000143610 0.000509530 0.000115660 0.000251650 0.000725700 0.000633540 0.000667880 0.000555780 0.000648700 0.000589050 0.000922290 0.000900090 0.000953110 0.000709470 0.000721390 0.000753860 0.000767190 0.000743690 0.000734720 0.000690720 0.000768600 0.000739080 0.000693720 0.000582240 0.001036290 0.000744220 0.000927130 0.000623710 0.000761860 0.001005450 0.000717980 0.000775220 0.001370400 0.001452140 0.001344750 0.001276530 0.000729490 0.000761020 0.000763470 0.001446950 0.001293540 0.000947480 0.001073550 0.000872240 0.001145760 0.002389510 
48     0.000154390 0.000301980 0.000423290 0.000010240 0.000000000 0.000003120 0.000548990 0.000551490 0.000457860 0.000765160 0.000673000 0.000707340 0.000595240 0.000688160 0.000628510 0.000961750 0.000939550 0.000992570 0.000748930 0.000760850 0.000793320 0.000772210 0.000783150 0.000739740 0.000730180 0.000808060 0.000778540 0.000733180 0.000587260 0.001041310 0.000749240 0.000932150 0.000628730 0.000766880 0.001010470 0.000723000 0.000780240 0.001409860 0.001491600 0.001384210 0.001281550 0.000734510 0.000766040 0.000768490 0.001486410 0.001298560 0.000952500 0.001078570 0.000877260 0.001185220 0.001981640 
37     0.000147250 0.000294840 0.000129860 0.000143610 0.000003120 0.000000000 0.000554970 0.000557470 0.000510650 0.000771140 0.000678980 0.000713320 0.000601220 0.000694140 0.000634490 0.000967730 0.000945530 0.000998550 0.000754910 0.000766830 0.000799300 0.000845490 0.000789130 0.000813660 0.000736160 0.000814040 0.000784520 0.000739160 0.000864770 0.001215970 0.001026750 0.001209660 0.000906240 0.001044390 0.001246160 0.001000510 0.001057750 0.001415840 0.001497580 0.001390190 0.001413530 0.001012020 0.001043550 0.001046000 0.001492390 0.001576070 0.001154930 0.001171410 0.001154770 0.001191200 0.002437240 
7     0.000745750 0.000661560 0.000615040 0.000509530 0.000548990 0.000554970 0.000000000 0.000123280 0.000506880 0.000767370 0.000675210 0.000709550 0.000597450 0.000690370 0.000630720 0.000963960 0.000941760 0.000994780 0.000751140 0.000763060 0.000795530 0.000841720 0.000785360 0.000809890 0.000732390 0.000810270 0.000780750 0.000735390 0.001116640 0.001212200 0.001233880 0.001267680 0.001200040 0.001258350 0.001242390 0.001539980 0.001586460 0.001412070 0.001493810 0.001386420 0.001409760 0.001377980 0.001558670 0.001526510 0.001488620 0.001672910 0.001151160 0.001167640 0.001311560 0.001187430 0.002513590 
35     0.000748250 0.000664060 0.000358250 0.000115660 0.000551490 0.000557470 0.000123280 0.000000000 0.000229810 0.000769870 0.000677710 0.000712050 0.000599950 0.000692870 0.000633220 0.000966460 0.000944260 0.000997280 0.000753640 0.000765560 0.000798030 0.000844220 0.000787860 0.000812390 0.000734890 0.000812770 0.000783250 0.000737890 0.001119140 0.001214700 0.001236380 0.001270180 0.001202540 0.001260850 0.001244890 0.001464590 0.001521830 0.001414570 0.001496310 0.001388920 0.001412260 0.001380480 0.001507630 0.001510080 0.001491120 0.001675410 0.001153660 0.001170140 0.001314060 0.001189930 0.002516090 
19     0.000585470 0.000603040 0.000570720 0.000251650 0.000457860 0.000510650 0.000506880 0.000229810 0.000000000 0.000703290 0.000611130 0.000645470 0.000533370 0.000626290 0.000566640 0.000899880 0.000877680 0.000930700 0.000687060 0.000698980 0.000731450 0.000650830 0.000721280 0.000618360 0.000668310 0.000746190 0.000686810 0.000666310 0.000465880 0.000919930 0.000627860 0.000810770 0.000507350 0.000645500 0.000889090 0.000601620 0.000658860 0.001347990 0.001428220 0.001322340 0.001160170 0.000613130 0.000644660 0.000647110 0.001424540 0.001177180 0.000831120 0.000957190 0.000755880 0.001123350 0.002273150 
14     0.000961920 0.000877730 0.000831210 0.000725700 0.000765160 0.000771140 0.000767370 0.000769870 0.000703290 0.000000000 0.000005710 0.000027130 0.000338410 0.000306510 0.000308610 0.000954980 0.000959290 0.000949490 0.000691260 0.000485600 0.000471660 0.000273730 0.000802890 0.000241260 0.000450790 0.000713980 0.000309710 0.000289210 0.000600900 0.001054950 0.000762880 0.000945790 0.000642370 0.000780520 0.001024110 0.000736640 0.000793880 0.001539320 0.001563240 0.001548030 0.001295190 0.000748150 0.000779680 0.000782130 0.001650230 0.001312200 0.000966140 0.001092210 0.000890900 0.001265140 0.002408170 
23     0.000869760 0.000785570 0.000739050 0.000633540 0.000673000 0.000678980 0.000675210 0.000677710 0.000611130 0.000005710 0.000000000 0.000001190 0.000179750 0.000147850 0.000073050 0.000796320 0.000820600 0.000790830 0.000532600 0.000326940 0.000313000 0.000115070 0.000710730 0.000082600 0.000292130 0.000555320 0.000151050 0.000130550 0.000442240 0.000896290 0.000604220 0.000787130 0.000483710 0.000621860 0.000865450 0.000577980 0.000635220 0.001380660 0.001404580 0.001455870 0.001136530 0.000589490 0.000621020 0.000623470 0.001502760 0.001153540 0.000807480 0.000933550 0.000732240 0.001106480 0.002249510 
15     0.000904100 0.000819910 0.000773390 0.000667880 0.000707340 0.000713320 0.000709550 0.000712050 0.000645470 0.000027130 0.000001190 0.000000000 0.000370520 0.000463440 0.000072920 0.000923670 0.000901470 0.000954490 0.000710850 0.000722770 0.000755240 0.000801430 0.000745070 0.000769600 0.000692100 0.000769980 0.000740460 0.000695100 0.001220430 0.001315990 0.001337670 0.001371470 0.001303830 0.001362140 0.001346180 0.001643770 0.001690250 0.001515860 0.001597600 0.001490210 0.001513550 0.001481770 0.001662460 0.001630300 0.001592410 0.001776700 0.001254950 0.001271430 0.001415350 0.001291220 0.002617380 
8     0.000792000 0.000707810 0.000661290 0.000555780 0.000595240 0.000601220 0.000597450 0.000599950 0.000533370 0.000338410 0.000179750 0.000370520 0.000000000 0.000057430 0.000127290 0.000811570 0.000789370 0.000842390 0.000598750 0.000456110 0.000442170 0.000244240 0.000632970 0.000211770 0.000421300 0.000657880 0.000280220 0.000259720 0.000571410 0.001025460 0.000733390 0.000916300 0.000612880 0.000751030 0.000994620 0.000707150 0.000764390 0.001403760 0.001485500 0.001378110 0.001265700 0.000718660 0.000750190 0.000752640 0.001480310 0.001282710 0.000936650 0.001062720 0.000861410 0.001179120 0.002378680 
49     0.000884920 0.000800730 0.000754210 0.000648700 0.000688160 0.000694140 0.000690370 0.000692870 0.000626290 0.000306510 0.000147850 0.000463440 0.000057430 0.000000000 0.000005000 0.000893590 0.000882290 0.000888100 0.000629870 0.000424210 0.000410270 0.000212340 0.000725890 0.000179870 0.000389400 0.000652590 0.000248320 0.000227820 0.000539510 0.000993560 0.000701490 0.000884400 0.000580980 0.000719130 0.000962720 0.000675250 0.000732490 0.001477930 0.001501850 0.001471030 0.001233800 0.000686760 0.000718290 0.000720740 0.001573230 0.001250810 0.000904750 0.001030820 0.000829510 0.001203750 0.002346780 
36     0.000825270 0.000741080 0.000694560 0.000589050 0.000628510 0.000634490 0.000630720 0.000633220 0.000566640 0.000308610 0.000073050 0.000072920 0.000127290 0.000005000 0.000000000 0.000844840 0.000822640 0.000875660 0.000631970 0.000426310 0.000412370 0.000214440 0.000666240 0.000181970 0.000391500 0.000654690 0.000250420 0.000229920 0.000541610 0.000995660 0.000703590 0.000886500 0.000583080 0.000721230 0.000964820 0.000677350 0.000734590 0.001437030 0.001503950 0.001411380 0.001235900 0.000688860 0.000720390 0.000722840 0.001513580 0.001252910 0.000906850 0.001032920 0.000831610 0.001205850 0.002348880 
16     0.001158510 0.001074320 0.001027800 0.000922290 0.000961750 0.000967730 0.000963960 0.000966460 0.000899880 0.000954980 0.000796320 0.000923670 0.000811570 0.000893590 0.000844840 0.000000000 0.000036290 0.000001520 0.000674620 0.000686540 0.000719010 0.000214610 0.000274920 0.000158440 0.000119240 0.000733750 0.000704230 0.000149000 0.001131160 0.001570400 0.001293140 0.001476050 0.001172630 0.001310780 0.001554370 0.001266900 0.001324140 0.001770270 0.001852010 0.001744620 0.001767960 0.001278410 0.001309940 0.001312390 0.001846820 0.001842460 0.001496400 0.001525840 0.001421160 0.001545630 0.002871790 
32     0.001136310 0.001052120 0.001005600 0.000900090 0.000939550 0.000945530 0.000941760 0.000944260 0.000877680 0.000959290 0.000820600 0.000901470 0.000789370 0.000882290 0.000822640 0.000036290 0.000000000 0.000053560 0.000652420 0.000664340 0.000696810 0.000178320 0.000686640 0.000122150 0.000082950 0.000711550 0.000682030 0.000112710 0.001155440 0.001548200 0.001317420 0.001500330 0.001196910 0.001335060 0.001578390 0.001291180 0.001348420 0.001748070 0.001829810 0.001722420 0.001745760 0.001302690 0.001334220 0.001336670 0.001824620 0.001866740 0.001487160 0.001503640 0.001445440 0.001523430 0.002849590 
31     0.001189330 0.001105140 0.001058620 0.000953110 0.000992570 0.000998550 0.000994780 0.000997280 0.000930700 0.000949490 0.000790830 0.000954490 0.000842390 0.000888100 0.000875660 0.000001520 0.000053560 0.000000000 0.000705440 0.000717360 0.000671430 0.000439690 0.000273400 0.000383520 0.000229500 0.000764570 0.000735050 0.000374080 0.001125670 0.001579720 0.001287650 0.001470560 0.001167140 0.001305290 0.001548880 0.001261410 0.001318650 0.001801090 0.001882830 0.001775440 0.001798780 0.001272920 0.001304450 0.001306900 0.001877640 0.000990750 0.001490910 0.001556660 0.001415670 0.001576450 0.001596430 
17     0.000945690 0.000861500 0.000814980 0.000709470 0.000748930 0.000754910 0.000751140 0.000753640 0.000687060 0.000691260 0.000532600 0.000710850 0.000598750 0.000629870 0.000631970 0.000674620 0.000652420 0.000705440 0.000000000 0.000008010 0.000240090 0.000152510 0.000234420 0.000258950 0.000181450 0.000259330 0.000201700 0.000060750 0.000837240 0.001291290 0.000999220 0.001182130 0.000878710 0.001016860 0.001260450 0.000972980 0.001030220 0.001557450 0.001639190 0.001531800 0.001531530 0.000984490 0.001016020 0.001018470 0.001634000 0.001548540 0.001202480 0.001313020 0.001127240 0.001332810 0.002644510 
39     0.000957610 0.000873420 0.000826900 0.000721390 0.000760850 0.000766830 0.000763060 0.000765560 0.000698980 0.000485600 0.000326940 0.000722770 0.000456110 0.000424210 0.000426310 0.000686540 0.000664340 0.000717360 0.000008010 0.000000000 0.000154270 0.000287910 0.000246340 0.000255440 0.000193370 0.000271250 0.000239220 0.000055840 0.000631580 0.001085630 0.000793560 0.000976470 0.000673050 0.000811200 0.001054790 0.000767320 0.000824560 0.001569370 0.001593920 0.001543720 0.001325870 0.000778830 0.000810360 0.000812810 0.001645920 0.001342880 0.000996820 0.001122890 0.000921580 0.001295820 0.002438850 
45     0.000990080 0.000905890 0.000859370 0.000753860 0.000793320 0.000799300 0.000795530 0.000798030 0.000731450 0.000471660 0.000313000 0.000755240 0.000442170 0.000410270 0.000412370 0.000719010 0.000696810 0.000671430 0.000240090 0.000154270 0.000000000 0.000065620 0.000209590 0.000236740 0.000143640 0.000303720 0.000274200 0.000228840 0.000617640 0.001071690 0.000779620 0.000962530 0.000659110 0.000797260 0.001040850 0.000753380 0.000810620 0.001556060 0.001579980 0.001576190 0.001311930 0.000764890 0.000796420 0.000798870 0.001678160 0.001328940 0.000982880 0.001108950 0.000907640 0.001281880 0.002047540 
1     0.000899820 0.000917390 0.000905560 0.000767190 0.000772210 0.000845490 0.000841720 0.000844220 0.000650830 0.000273730 0.000115070 0.000801430 0.000244240 0.000212340 0.000214440 0.000214610 0.000178320 0.000439690 0.000152510 0.000287910 0.000065620 0.000000000 0.000140720 0.000033110 0.000095370 0.000348390 0.000114680 0.000094180 0.000419710 0.000873760 0.000581690 0.000764600 0.000461180 0.000599330 0.000842920 0.000555450 0.000612690 0.001358130 0.001382050 0.001586010 0.001114000 0.000566960 0.000598490 0.000600940 0.001480230 0.001131010 0.000784950 0.000911020 0.000709710 0.001083950 0.002226980 
42     0.000979910 0.000895720 0.000849200 0.000743690 0.000783150 0.000789130 0.000785360 0.000787860 0.000721280 0.000802890 0.000710730 0.000745070 0.000632970 0.000725890 0.000666240 0.000274920 0.000686640 0.000273400 0.000234420 0.000246340 0.000209590 0.000140720 0.000000000 0.000098140 0.000106600 0.000292030 0.000239110 0.000216150 0.001156250 0.001391800 0.001318230 0.001447280 0.001197720 0.001335870 0.001421990 0.001291990 0.001349230 0.001591670 0.001673410 0.001566020 0.001589360 0.001303500 0.001335030 0.001337480 0.001668220 0.001852510 0.001330760 0.001347240 0.001446250 0.001367030 0.002693190 
21     0.000867350 0.000884920 0.000873730 0.000734720 0.000739740 0.000813660 0.000809890 0.000812390 0.000618360 0.000241260 0.000082600 0.000769600 0.000211770 0.000179870 0.000181970 0.000158440 0.000122150 0.000383520 0.000258950 0.000255440 0.000236740 0.000033110 0.000098140 0.000000000 0.000002530 0.000316560 0.000082210 0.000061710 0.000387240 0.000841290 0.000549220 0.000732130 0.000428710 0.000566860 0.000810450 0.000522980 0.000580220 0.001325660 0.001349580 0.001553540 0.001081530 0.000534490 0.000566020 0.000568470 0.001447760 0.001098540 0.000752480 0.000878550 0.000677240 0.001051480 0.001952390 
22     0.000926940 0.000842750 0.000796230 0.000690720 0.000730180 0.000736160 0.000732390 0.000734890 0.000668310 0.000450790 0.000292130 0.000692100 0.000421300 0.000389400 0.000391500 0.000119240 0.000082950 0.000229500 0.000181450 0.000193370 0.000143640 0.000095370 0.000106600 0.000002530 0.000000000 0.000239060 0.000185460 0.000029760 0.000596770 0.001050820 0.000758750 0.000941660 0.000638240 0.000776390 0.001019980 0.000732510 0.000789750 0.001535190 0.001559110 0.001513050 0.001291060 0.000744020 0.000775550 0.000778000 0.001615250 0.001308070 0.000962010 0.001088080 0.000886770 0.001261010 0.001950360 
11     0.001004820 0.000920630 0.000874110 0.000768600 0.000808060 0.000814040 0.000810270 0.000812770 0.000746190 0.000713980 0.000555320 0.000769980 0.000657880 0.000652590 0.000654690 0.000733750 0.000711550 0.000764570 0.000259330 0.000271250 0.000303720 0.000348390 0.000292030 0.000316560 0.000239060 0.000000000 0.000048780 0.000242060 0.000859960 0.001314010 0.001021940 0.001204850 0.000901430 0.001039580 0.001283170 0.000995700 0.001052940 0.001616580 0.001698320 0.001590930 0.001554250 0.001007210 0.001038740 0.001041190 0.001693130 0.001571260 0.001225200 0.001351270 0.001149960 0.001391940 0.002667230 
2     0.000935800 0.000891110 0.000844590 0.000739080 0.000778540 0.000784520 0.000780750 0.000783250 0.000686810 0.000309710 0.000151050 0.000740460 0.000280220 0.000248320 0.000250420 0.000704230 0.000682030 0.000735050 0.000201700 0.000239220 0.000274200 0.000114680 0.000239110 0.000082210 0.000185460 0.000048780 0.000000000 0.000117980 0.000455690 0.000909740 0.000617670 0.000800580 0.000497160 0.000635310 0.000878900 0.000591430 0.000648670 0.001394110 0.001418030 0.001561410 0.001149980 0.000602940 0.000634470 0.000636920 0.001516210 0.001166990 0.000820930 0.000947000 0.000745690 0.001119930 0.002262960 
38     0.000915300 0.000845750 0.000799230 0.000693720 0.000733180 0.000739160 0.000735390 0.000737890 0.000666310 0.000289210 0.000130550 0.000695100 0.000259720 0.000227820 0.000229920 0.000149000 0.000112710 0.000374080 0.000060750 0.000055840 0.000228840 0.000094180 0.000216150 0.000061710 0.000029760 0.000242060 0.000117980 0.000000000 0.000435190 0.000889240 0.000597170 0.000780080 0.000476660 0.000614810 0.000858400 0.000570930 0.000628170 0.001373610 0.001397530 0.001516050 0.001129480 0.000582440 0.000613970 0.000616420 0.001495710 0.001146490 0.000800430 0.000926500 0.000725190 0.001099430 0.002242460 
33     0.000714870 0.000732440 0.001180480 0.000582240 0.000587260 0.000864770 0.001116640 0.001119140 0.000465880 0.000600900 0.000442240 0.001220430 0.000571410 0.000539510 0.000541610 0.001131160 0.001155440 0.001125670 0.000837240 0.000631580 0.000617640 0.000419710 0.001156250 0.000387240 0.000596770 0.000859960 0.000455690 0.000435190 0.000000000 0.000446740 0.000164640 0.000347550 0.000044130 0.000273760 0.000517350 0.000229880 0.000287120 0.001032560 0.001056480 0.001104040 0.000788430 0.000241390 0.000272920 0.000275370 0.001154660 0.000805440 0.000459380 0.000585450 0.000384140 0.000758380 0.001901410 
12     0.001168920 0.001186490 0.001276040 0.001036290 0.001041310 0.001215970 0.001212200 0.001214700 0.000919930 0.001054950 0.000896290 0.001315990 0.001025460 0.000993560 0.000995660 0.001570400 0.001548200 0.001579720 0.001291290 0.001085630 0.001071690 0.000873760 0.001391800 0.000841290 0.001050820 0.001314010 0.000909740 0.000889240 0.000446740 0.000000000 0.000043320 0.000144030 0.000148200 0.000727810 0.000971400 0.000683930 0.000741170 0.001225250 0.001306990 0.001199600 0.001222940 0.000695440 0.000726970 0.000729420 0.001301800 0.001259490 0.000913430 0.001020980 0.000838190 0.001060310 0.002231380 
43     0.000876850 0.000894420 0.001297720 0.000744220 0.000749240 0.001026750 0.001233880 0.001236380 0.000627860 0.000762880 0.000604220 0.001337670 0.000733390 0.000701490 0.000703590 0.001293140 0.001317420 0.001287650 0.000999220 0.000793560 0.000779620 0.000581690 0.001318230 0.000549220 0.000758750 0.001021940 0.000617670 0.000597170 0.000164640 0.000043320 0.000000000 0.000066850 0.000131890 0.000435740 0.000679330 0.000391860 0.000449100 0.001194540 0.001218460 0.001221280 0.000950410 0.000403370 0.000434900 0.000437350 0.001316640 0.000967420 0.000621360 0.000747430 0.000546120 0.000920360 0.002063390 
28     0.001059760 0.001077330 0.001331520 0.000927130 0.000932150 0.001209660 0.001267680 0.001270180 0.000810770 0.000945790 0.000787130 0.001371470 0.000916300 0.000884400 0.000886500 0.001476050 0.001500330 0.001470560 0.001182130 0.000976470 0.000962530 0.000764600 0.001447280 0.000732130 0.000941660 0.001204850 0.000800580 0.000780080 0.000347550 0.000144030 0.000066850 0.000000000 0.000004310 0.000618650 0.000862240 0.000574770 0.000632010 0.001280730 0.001362470 0.001255080 0.001133320 0.000586280 0.000617810 0.000620260 0.001357280 0.001150330 0.000804270 0.000930340 0.000729030 0.001103270 0.002246300 
29     0.000756340 0.000773910 0.001263880 0.000623710 0.000628730 0.000906240 0.001200040 0.001202540 0.000507350 0.000642370 0.000483710 0.001303830 0.000612880 0.000580980 0.000583080 0.001172630 0.001196910 0.001167140 0.000878710 0.000673050 0.000659110 0.000461180 0.001197720 0.000428710 0.000638240 0.000901430 0.000497160 0.000476660 0.000044130 0.000148200 0.000131890 0.000004310 0.000000000 0.000315230 0.000558820 0.000271350 0.000328590 0.001074030 0.001097950 0.001187440 0.000829900 0.000282860 0.000314390 0.000316840 0.001196130 0.000846910 0.000500850 0.000626920 0.000425610 0.000799850 0.001942880 
18     0.000894490 0.000912060 0.001322190 0.000761860 0.000766880 0.001044390 0.001258350 0.001260850 0.000645500 0.000780520 0.000621860 0.001362140 0.000751030 0.000719130 0.000721230 0.001310780 0.001335060 0.001305290 0.001016860 0.000811200 0.000797260 0.000599330 0.001335870 0.000566860 0.000776390 0.001039580 0.000635310 0.000614810 0.000273760 0.000727810 0.000435740 0.000618650 0.000315230 0.000000000 0.000252950 0.000125160 0.000182400 0.000883440 0.000951760 0.001155720 0.000683710 0.000136670 0.000168200 0.000170650 0.001049940 0.000768620 0.000043280 0.000479050 0.000277740 0.000869600 0.002047290 
5     0.001138080 0.001155650 0.001306230 0.001005450 0.001010470 0.001246160 0.001242390 0.001244890 0.000889090 0.001024110 0.000865450 0.001346180 0.000994620 0.000962720 0.000964820 0.001554370 0.001578390 0.001548880 0.001260450 0.001054790 0.001040850 0.000842920 0.001421990 0.000810450 0.001019980 0.001283170 0.000878900 0.000858400 0.000517350 0.000971400 0.000679330 0.000862240 0.000558820 0.000252950 0.000000000 0.000368750 0.000425990 0.001171430 0.001195350 0.001269950 0.000927300 0.000380260 0.000411790 0.000414240 0.001293530 0.001012210 0.000596570 0.000722640 0.000521330 0.001090500 0.002290880 
20     0.000850610 0.000868180 0.001603820 0.000717980 0.000723000 0.001000510 0.001539980 0.001464590 0.000601620 0.000736640 0.000577980 0.001643770 0.000707150 0.000675250 0.000677350 0.001266900 0.001291180 0.001261410 0.000972980 0.000767320 0.000753380 0.000555450 0.001291990 0.000522980 0.000732510 0.000995700 0.000591430 0.000570930 0.000229880 0.000683930 0.000391860 0.000574770 0.000271350 0.000125160 0.000368750 0.000000000 0.000106760 0.000012900 0.000076030 0.000422280 0.000445620 0.000061130 0.000092660 0.000095110 0.000532140 0.000724740 0.000310780 0.000436850 0.000235540 0.000825720 0.002003410 
41     0.000907850 0.000925420 0.001650300 0.000775220 0.000780240 0.001057750 0.001586460 0.001521830 0.000658860 0.000793880 0.000635220 0.001690250 0.000764390 0.000732490 0.000734590 0.001324140 0.001348420 0.001318650 0.001030220 0.000824560 0.000810620 0.000612690 0.001349230 0.000580220 0.000789750 0.001052940 0.000648670 0.000628170 0.000287120 0.000741170 0.000449100 0.000632010 0.000328590 0.000182400 0.000425990 0.000106760 0.000000000 0.000839000 0.000944420 0.000372980 0.000396320 0.000118370 0.000149900 0.000152350 0.000578620 0.000781980 0.000368020 0.000494090 0.000292780 0.000882960 0.002060650 
6     0.001606620 0.001522430 0.001475910 0.001370400 0.001409860 0.001415840 0.001412070 0.001414570 0.001347990 0.001539320 0.001380660 0.001515860 0.001403760 0.001477930 0.001437030 0.001770270 0.001748070 0.001801090 0.001557450 0.001569370 0.001556060 0.001358130 0.001591670 0.001325660 0.001535190 0.001616580 0.001394110 0.001373610 0.001032560 0.001225250 0.001194540 0.001280730 0.001074030 0.000883440 0.001171430 0.000012900 0.000839000 0.000000000 0.000025420 0.000574020 0.000323380 0.000874770 0.000431160 0.000908750 0.001094330 0.001527420 0.000898820 0.001220850 0.001038220 0.001260180 0.002584440 
40     0.001677210 0.001604170 0.001557650 0.001452140 0.001491600 0.001497580 0.001493810 0.001496310 0.001428220 0.001563240 0.001404580 0.001597600 0.001485500 0.001501850 0.001503950 0.001852010 0.001829810 0.001882830 0.001639190 0.001593920 0.001579980 0.001382050 0.001673410 0.001349580 0.001559110 0.001698320 0.001418030 0.001397530 0.001056480 0.001306990 0.001218460 0.001362470 0.001097950 0.000951760 0.001195350 0.000076030 0.000944420 0.000025420 0.000000000 0.000854560 0.000348740 0.000898690 0.000512900 0.000932670 0.001176070 0.001551340 0.001137380 0.001263450 0.001062140 0.001341920 0.002666180 
44     0.001580970 0.001496780 0.001450260 0.001344750 0.001384210 0.001390190 0.001386420 0.001388920 0.001322340 0.001548030 0.001455870 0.001490210 0.001378110 0.001471030 0.001411380 0.001744620 0.001722420 0.001775440 0.001531800 0.001543720 0.001576190 0.001586010 0.001566020 0.001553540 0.001513050 0.001590930 0.001561410 0.001516050 0.001104040 0.001199600 0.001221280 0.001255080 0.001187440 0.001155720 0.001269950 0.000422280 0.000372980 0.000574020 0.000854560 0.000000000 0.000154660 0.000267940 0.001134180 0.000416470 0.000378580 0.001534130 0.001178720 0.001195200 0.001266100 0.001234530 0.002558790 
24     0.001409160 0.001426730 0.001473600 0.001276530 0.001281550 0.001413530 0.001409760 0.001412260 0.001160170 0.001295190 0.001136530 0.001513550 0.001265700 0.001233800 0.001235900 0.001767960 0.001745760 0.001798780 0.001531530 0.001325870 0.001311930 0.001114000 0.001589360 0.001081530 0.001291060 0.001554250 0.001149980 0.001129480 0.000788430 0.001222940 0.000950410 0.001133320 0.000829900 0.000683710 0.000927300 0.000445620 0.000396320 0.000323380 0.000348740 0.000154660 0.000000000 0.000291280 0.000578800 0.000439810 0.000401920 0.001283290 0.000869330 0.000995400 0.000794090 0.001257870 0.002561960 
9     0.000862120 0.000879690 0.001441820 0.000729490 0.000734510 0.001012020 0.001377980 0.001380480 0.000613130 0.000748150 0.000589490 0.001481770 0.000718660 0.000686760 0.000688860 0.001278410 0.001302690 0.001272920 0.000984490 0.000778830 0.000764890 0.000566960 0.001303500 0.000534490 0.000744020 0.001007210 0.000602940 0.000582440 0.000241390 0.000695440 0.000403370 0.000586280 0.000282860 0.000136670 0.000380260 0.000061130 0.000118370 0.000874770 0.000898690 0.000267940 0.000291280 0.000000000 0.000039590 0.000042040 0.000160480 0.000736250 0.000322290 0.000448360 0.000247050 0.000837230 0.002014920 
34     0.000893650 0.000911220 0.001622510 0.000761020 0.000766040 0.001043550 0.001558670 0.001507630 0.000644660 0.000779680 0.000621020 0.001662460 0.000750190 0.000718290 0.000720390 0.001309940 0.001334220 0.001304450 0.001016020 0.000810360 0.000796420 0.000598490 0.001335030 0.000566020 0.000775550 0.001038740 0.000634470 0.000613970 0.000272920 0.000726970 0.000434900 0.000617810 0.000314390 0.000168200 0.000411790 0.000092660 0.000149900 0.000431160 0.000512900 0.001134180 0.000578800 0.000039590 0.000000000 0.000000120 0.000390140 0.000767780 0.000353820 0.000479890 0.000278580 0.000868760 0.002046450 
25     0.000896100 0.000913670 0.001590350 0.000763470 0.000768490 0.001046000 0.001526510 0.001510080 0.000647110 0.000782130 0.000623470 0.001630300 0.000752640 0.000720740 0.000722840 0.001312390 0.001336670 0.001306900 0.001018470 0.000812810 0.000798870 0.000600940 0.001337480 0.000568470 0.000778000 0.001041190 0.000636920 0.000616420 0.000275370 0.000729420 0.000437350 0.000620260 0.000316840 0.000170650 0.000414240 0.000095110 0.000152350 0.000908750 0.000932670 0.000416470 0.000439810 0.000042040 0.000000120 0.000000000 0.000323210 0.000770230 0.000356270 0.000482340 0.000281030 0.000871210 0.002048900 
3     0.001683170 0.001598980 0.001552460 0.001446950 0.001486410 0.001492390 0.001488620 0.001491120 0.001424540 0.001650230 0.001502760 0.001592410 0.001480310 0.001573230 0.001513580 0.001846820 0.001824620 0.001877640 0.001634000 0.001645920 0.001678160 0.001480230 0.001668220 0.001447760 0.001615250 0.001693130 0.001516210 0.001495710 0.001154660 0.001301800 0.001316640 0.001357280 0.001196130 0.001049940 0.001293530 0.000532140 0.000578620 0.001094330 0.001176070 0.000378580 0.000401920 0.000160480 0.000390140 0.000323210 0.000000000 0.001636330 0.001235560 0.000293320 0.000321930 0.001336730 0.002660990 
10     0.001426170 0.001443740 0.001736750 0.001293540 0.001298560 0.001576070 0.001672910 0.001675410 0.001177180 0.001312200 0.001153540 0.001776700 0.001282710 0.001250810 0.001252910 0.001842460 0.001866740 0.000990750 0.001548540 0.001342880 0.001328940 0.001131010 0.001852510 0.001098540 0.001308070 0.001571260 0.001166990 0.001146490 0.000805440 0.001259490 0.000967420 0.001150330 0.000846910 0.000768620 0.001012210 0.000724740 0.000781980 0.001527420 0.001551340 0.001534130 0.001283290 0.000736250 0.000767780 0.000770230 0.001636330 0.000000000 0.000954240 0.001080310 0.000879000 0.001401280 0.001910040 
13     0.001080110 0.001097680 0.001215000 0.000947480 0.000952500 0.001154930 0.001151160 0.001153660 0.000831120 0.000966140 0.000807480 0.001254950 0.000936650 0.000904750 0.000906850 0.001496400 0.001487160 0.001490910 0.001202480 0.000996820 0.000982880 0.000784950 0.001330760 0.000752480 0.000962010 0.001225200 0.000820930 0.000800430 0.000459380 0.000913430 0.000621360 0.000804270 0.000500850 0.000043280 0.000596570 0.000310780 0.000368020 0.000898820 0.001137380 0.001178720 0.000869330 0.000322290 0.000353820 0.000356270 0.001235560 0.000954240 0.000000000 0.000007160 0.000080740 0.000999270 0.002232910 
4     0.001206180 0.001223750 0.001231480 0.001073550 0.001078570 0.001171410 0.001167640 0.001170140 0.000957190 0.001092210 0.000933550 0.001271430 0.001062720 0.001030820 0.001032920 0.001525840 0.001503640 0.001556660 0.001313020 0.001122890 0.001108950 0.000911020 0.001347240 0.000878550 0.001088080 0.001351270 0.000947000 0.000926500 0.000585450 0.001020980 0.000747430 0.000930340 0.000626920 0.000479050 0.000722640 0.000436850 0.000494090 0.001220850 0.001263450 0.001195200 0.000995400 0.000448360 0.000479890 0.000482340 0.000293320 0.001080310 0.000007160 0.000000000 0.000034770 0.001015750 0.002340010 
46     0.001004870 0.001022440 0.001375400 0.000872240 0.000877260 0.001154770 0.001311560 0.001314060 0.000755880 0.000890900 0.000732240 0.001415350 0.000861410 0.000829510 0.000831610 0.001421160 0.001445440 0.001415670 0.001127240 0.000921580 0.000907640 0.000709710 0.001446250 0.000677240 0.000886770 0.001149960 0.000745690 0.000725190 0.000384140 0.000838190 0.000546120 0.000729030 0.000425610 0.000277740 0.000521330 0.000235540 0.000292780 0.001038220 0.001062140 0.001266100 0.000794090 0.000247050 0.000278580 0.000281030 0.000321930 0.000879000 0.000080740 0.000034770 0.000000000 0.000979980 0.002157670 
50     0.001379110 0.001297790 0.001251270 0.001145760 0.001185220 0.001191200 0.001187430 0.001189930 0.001123350 0.001265140 0.001106480 0.001291220 0.001179120 0.001203750 0.001205850 0.001545630 0.001523430 0.001576450 0.001332810 0.001295820 0.001281880 0.001083950 0.001367030 0.001051480 0.001261010 0.001391940 0.001119930 0.001099430 0.000758380 0.001060310 0.000920360 0.001103270 0.000799850 0.000869600 0.001090500 0.000825720 0.000882960 0.001260180 0.001341920 0.001234530 0.001257870 0.000837230 0.000868760 0.000871210 0.001336730 0.001401280 0.000999270 0.001015750 0.000979980 0.000000000 0.000433040 
0     0.002084930 0.002268090 0.001516120 0.002389510 0.001981640 0.002437240 0.002513590 0.002516090 0.002273150 0.002408170 0.002249510 0.002617380 0.002378680 0.002346780 0.002348880 0.002871790 0.002849590 0.001596430 0.002644510 0.002438850 0.002047540 0.002226980 0.002693190 0.001952390 0.001950360 0.002667230 0.002262960 0.002242460 0.001901410 0.002231380 0.002063390 0.002246300 0.001942880 0.002047290 0.002290880 0.002003410 0.002060650 0.002584440 0.002666180 0.002558790 0.002561960 0.002014920 0.002046450 0.002048900 0.002660990 0.001910040 0.002232910 0.002340010 0.002157670 0.000433040 0.000000000 
