51
27     0.000000000 0.042746026 0.062311740 0.062193479 0.068537365 0.067945412 0.090848549 0.087041449 0.089883455 0.138237754 0.130899706 0.142997237 0.133078696 0.134311538 0.135078968 0.159645678 0.158699051 0.158595960 0.146818651 0.154386242 0.156781957 0.160650692 0.153258417 0.149186212 0.148728367 0.153729916 0.150051232 0.148210420 0.156303476 0.202245594 0.202611720 0.204645931 0.196466060 0.185600752 0.192209340 0.215368990 0.227778372 0.206999210 0.211767840 0.209327098 0.207105989 0.208827757 0.230576037 0.229917864 0.222306377 0.251166802 0.176607427 0.177480514 0.201590842 0.202297940 0.279443217 
30     0.042746026 0.000000000 0.061648909 0.061592745 0.067917476 0.067316787 0.090297902 0.086490802 0.089414621 0.137759368 0.130421320 0.142518850 0.132600310 0.133833152 0.134600582 0.159167292 0.158220665 0.158117573 0.146340265 0.153907856 0.156303571 0.160172306 0.152780031 0.148707826 0.148249981 0.153204783 0.149526099 0.147685288 0.155779581 0.201721700 0.202087826 0.204122036 0.195942165 0.185076857 0.191685446 0.214845095 0.227254478 0.206475315 0.211243945 0.208803203 0.206582095 0.208303862 0.230052143 0.229393969 0.221782482 0.250642908 0.176083532 0.176956620 0.201066947 0.201774046 0.278919322 
26     0.062311740 0.061648909 0.000000000 0.056625376 0.062864584 0.062447020 0.085742856 0.081935756 0.084259954 0.132607262 0.125269214 0.137366744 0.127448204 0.128681046 0.129448476 0.154015186 0.153068559 0.152965467 0.141205223 0.148772814 0.151151465 0.155020200 0.147627925 0.143555720 0.143097875 0.148099424 0.144420740 0.142579928 0.150763547 0.196705665 0.197071791 0.199106001 0.190926131 0.180053743 0.186662331 0.209775089 0.222184472 0.201400243 0.206168874 0.203728132 0.201507023 0.203241630 0.224989910 0.224331736 0.216720250 0.245615475 0.171060974 0.171934062 0.196044389 0.196753830 0.273900819 
47     0.062193479 0.061592745 0.056625376 0.000000000 0.025497024 0.025002626 0.069375401 0.065568529 0.067971836 0.116156692 0.108818644 0.120916174 0.110997634 0.112230476 0.112997906 0.137659421 0.136712794 0.136609703 0.124859165 0.132426757 0.134795700 0.138664435 0.131272160 0.127199956 0.126742110 0.131696913 0.128018229 0.126177417 0.135024422 0.180965522 0.181331648 0.183331262 0.175185988 0.164255400 0.170863989 0.194085992 0.206495375 0.185716213 0.190484843 0.188044101 0.185822992 0.187621954 0.209370235 0.208712061 0.201100574 0.229883805 0.155324430 0.156197517 0.180307844 0.181024950 0.258169427 
48     0.068537365 0.067917476 0.062864584 0.025497024 0.000000000 0.022187457 0.075124659 0.071317559 0.074097710 0.121864483 0.114526435 0.126623965 0.116705425 0.117938267 0.118705697 0.143367212 0.142420586 0.142317494 0.130566957 0.138134548 0.140503492 0.144372227 0.136979951 0.132907747 0.132449902 0.137404704 0.133726020 0.131885208 0.140855602 0.186796703 0.187162829 0.189181707 0.181017169 0.170086581 0.176695170 0.199917173 0.212326556 0.191547394 0.196316024 0.193875282 0.191654173 0.193453135 0.215201415 0.214543242 0.206931755 0.235714986 0.161155610 0.162028698 0.186139025 0.186856131 0.264000608 
37     0.067945412 0.067316787 0.062447020 0.025002626 0.022187457 0.000000000 0.074702367 0.070895268 0.073684264 0.121457562 0.114119514 0.126217044 0.116298504 0.117531346 0.118298776 0.142960291 0.142013664 0.141910573 0.130160035 0.137727627 0.140096571 0.143965305 0.136573030 0.132500826 0.132042981 0.136997783 0.133319099 0.131478287 0.140448681 0.186389782 0.186755908 0.188764899 0.180610248 0.169679660 0.176288249 0.199510252 0.211919635 0.191140473 0.195909103 0.193468361 0.191247252 0.193046214 0.214794494 0.214136321 0.206524834 0.235308065 0.160748689 0.161621777 0.185732104 0.186449210 0.263593687 
7     0.090848549 0.090297902 0.085742856 0.069375401 0.075124659 0.074702367 0.000000000 0.023330881 0.070532043 0.118909403 0.111571355 0.123668886 0.113756629 0.114989471 0.115756901 0.140315343 0.139369999 0.139266907 0.127551120 0.135118711 0.137452905 0.141321640 0.133929365 0.129857160 0.129399315 0.134357714 0.130652145 0.128833339 0.138223804 0.184212421 0.184578547 0.186653384 0.178432886 0.167603497 0.174212086 0.197370640 0.209780023 0.189000861 0.193769491 0.191328749 0.189107640 0.190906602 0.212654882 0.211996709 0.204385222 0.233167522 0.158610220 0.159483308 0.183593635 0.184301342 0.261535655 
35     0.087041449 0.086490802 0.081935756 0.065568529 0.071317559 0.070895268 0.023330881 0.000000000 0.066742466 0.115120659 0.107782611 0.119880142 0.109967885 0.111200727 0.111968157 0.136526599 0.135581255 0.135478163 0.123762376 0.131329967 0.133664161 0.137532896 0.130140620 0.126068416 0.125610571 0.130568970 0.126863401 0.125044595 0.134442601 0.180423677 0.180789803 0.182864640 0.174644142 0.163814753 0.170423342 0.193581896 0.205991279 0.185212117 0.189980747 0.187540005 0.185318896 0.187117858 0.208866138 0.208207965 0.200596478 0.229378778 0.154821476 0.155694564 0.179804891 0.180512598 0.257746911 
19     0.089883455 0.089414621 0.084259954 0.067971836 0.074097710 0.073684264 0.070532043 0.066742466 0.000000000 0.115790804 0.108452756 0.120550515 0.110641251 0.111874093 0.112641523 0.137567565 0.136622221 0.136519129 0.124802879 0.132370471 0.134695895 0.138578206 0.131185931 0.127113726 0.126655881 0.131656526 0.127977842 0.126136423 0.135226086 0.181166458 0.181532583 0.183607421 0.175386923 0.164554280 0.171162868 0.194322518 0.206731901 0.185952738 0.190721368 0.188280626 0.186059517 0.187851579 0.209599859 0.208941686 0.201330199 0.230171547 0.155560955 0.156434043 0.180544370 0.181253362 0.258496892 
14     0.138237754 0.137759368 0.132607262 0.116156692 0.121864483 0.121457562 0.118909403 0.115120659 0.115790804 0.000000000 0.019912219 0.044049057 0.058540294 0.059809843 0.060519724 0.110365547 0.109322791 0.109323319 0.097818358 0.105360641 0.107685329 0.110984730 0.103623722 0.099452102 0.099002529 0.104520388 0.100804368 0.098549188 0.147833808 0.193759791 0.194125917 0.196222704 0.187980256 0.177105820 0.183714409 0.206867993 0.219287469 0.198508307 0.203276937 0.200836195 0.198615086 0.200493838 0.222242118 0.221583944 0.213972458 0.242641945 0.168040033 0.168916568 0.193023447 0.193819713 0.271081719 
23     0.130899706 0.130421320 0.125269214 0.108818644 0.114526435 0.114119514 0.111571355 0.107782611 0.108452756 0.019912219 0.000000000 0.036581358 0.051447528 0.052681797 0.053467244 0.103047177 0.102004421 0.102004948 0.090498780 0.098041063 0.100365751 0.103665152 0.096304144 0.092132524 0.091682952 0.097200810 0.093484790 0.091229610 0.140591782 0.186517765 0.186883890 0.188980678 0.180738230 0.169863794 0.176472383 0.199625967 0.212045443 0.191266281 0.196034911 0.193594169 0.191373060 0.193251811 0.215000092 0.214341918 0.206730431 0.235399919 0.160798007 0.161674542 0.185781421 0.186578670 0.263840646 
15     0.142997237 0.142518850 0.137366744 0.120916174 0.126623965 0.126217044 0.123668886 0.119880142 0.120550515 0.044049057 0.036581358 0.000000000 0.063357889 0.064549419 0.065293849 0.115223306 0.114180550 0.114181078 0.102682940 0.110225223 0.112550702 0.115756053 0.108395045 0.104222967 0.103773394 0.109385302 0.105669283 0.103414102 0.152499966 0.198425949 0.198792075 0.200888862 0.192646414 0.181768698 0.188377287 0.211519332 0.223937119 0.203157957 0.207926587 0.205485845 0.203264736 0.205025453 0.226773733 0.226115559 0.218504073 0.247304823 0.172702911 0.173579446 0.197686325 0.198489646 0.275750680 
8     0.133078696 0.132600310 0.127448204 0.110997634 0.116705425 0.116298504 0.113756629 0.109967885 0.110641251 0.058540294 0.051447528 0.063357889 0.000000000 0.025607034 0.026503624 0.105374601 0.104331669 0.104332372 0.092826662 0.100369507 0.102730593 0.105901716 0.098538874 0.094413789 0.093960115 0.099533538 0.095817518 0.093546856 0.142837457 0.188763440 0.189129566 0.191226353 0.182983905 0.172104957 0.178713545 0.201872635 0.214286606 0.193507443 0.198276073 0.195835331 0.193614223 0.195492974 0.217241254 0.216583081 0.208971594 0.237641081 0.163039169 0.163915705 0.188022584 0.188825721 0.266086578 
49     0.134311538 0.133833152 0.128681046 0.112230476 0.117938267 0.117531346 0.114989471 0.111200727 0.111874093 0.059809843 0.052681797 0.064549419 0.025607034 0.000000000 0.015736497 0.106636902 0.105593970 0.105594674 0.094088963 0.101631809 0.103992894 0.107164017 0.099801176 0.095676091 0.095222417 0.100795839 0.097079820 0.094809158 0.144070299 0.189996282 0.190362408 0.192459195 0.184216747 0.173337798 0.179946387 0.203105477 0.215519447 0.194740285 0.199508915 0.197068173 0.194847064 0.196725816 0.218474096 0.217815922 0.210204436 0.238873923 0.164272011 0.165148546 0.189255425 0.190058563 0.267319420 
36     0.135078968 0.134600582 0.129448476 0.112997906 0.118705697 0.118298776 0.115756901 0.111968157 0.112641523 0.060519724 0.053467244 0.065293849 0.026503624 0.015736497 0.000000000 0.107377263 0.106334331 0.106335035 0.094829324 0.102372170 0.104733546 0.107904379 0.100541537 0.096416452 0.095963068 0.101536200 0.097820181 0.095549519 0.144837729 0.190763712 0.191129838 0.193226625 0.184984177 0.174105229 0.180713817 0.203872907 0.216286878 0.195507715 0.200276345 0.197835603 0.195614494 0.197493246 0.219241526 0.218583352 0.210971866 0.239641353 0.165039441 0.165915977 0.190022856 0.190825993 0.268086850 
16     0.159645678 0.159167292 0.154015186 0.137659421 0.143367212 0.142960291 0.140315343 0.136526599 0.137567565 0.110365547 0.103047177 0.115223306 0.105374601 0.106636902 0.107377263 0.000000000 0.021293904 0.026142665 0.072173791 0.079758738 0.081635974 0.085658216 0.077702711 0.073997263 0.073575054 0.079522368 0.075920412 0.073274400 0.170183537 0.216109929 0.216476055 0.218572842 0.210330394 0.199487019 0.206095607 0.229257274 0.241668668 0.220889505 0.225658136 0.223217394 0.220996285 0.222875036 0.244623316 0.243965143 0.236353656 0.265102680 0.190481572 0.191354660 0.215464987 0.216169381 0.293430445 
32     0.158699051 0.158220665 0.153068559 0.136712794 0.142420586 0.142013664 0.139369999 0.135581255 0.136622221 0.109322791 0.102004421 0.114180550 0.104331669 0.105593970 0.106334331 0.021293904 0.000000000 0.025388048 0.070973350 0.078684824 0.080352626 0.084379974 0.076452467 0.072747736 0.072288773 0.078332823 0.074737219 0.072154068 0.169238282 0.215164674 0.215530800 0.217627587 0.209385139 0.198541764 0.205150352 0.228312020 0.240723413 0.219944251 0.224712881 0.222272139 0.220051030 0.221929781 0.243678061 0.243019888 0.235408401 0.264157425 0.189536318 0.190409405 0.214519732 0.215224126 0.292485190 
31     0.158595960 0.158117573 0.152965467 0.136609703 0.142317494 0.141910573 0.139266907 0.135478163 0.136519129 0.109323319 0.102004948 0.114181078 0.104332372 0.105594674 0.106335035 0.026142665 0.025388048 0.000000000 0.070968215 0.078634116 0.080455843 0.084183401 0.076465772 0.072630136 0.072071462 0.078617048 0.075046323 0.072387787 0.169098982 0.215025373 0.215391499 0.217488287 0.209245839 0.198402463 0.205011052 0.228172719 0.240584112 0.219804950 0.224573580 0.222132838 0.219911729 0.221790480 0.243538761 0.242880587 0.235269101 0.264018124 0.189397017 0.190270105 0.214380432 0.215084825 0.292345889 
17     0.146818651 0.146340265 0.141205223 0.124859165 0.130566957 0.130160035 0.127551120 0.123762376 0.124802879 0.097818358 0.090498780 0.102682940 0.092826662 0.094088963 0.094829324 0.072173791 0.070973350 0.070968215 0.000000000 0.020393691 0.043030734 0.050768836 0.043757306 0.039914140 0.039586913 0.047324080 0.043572048 0.041584069 0.157371475 0.203297866 0.203663992 0.205760780 0.197518332 0.186674957 0.193283545 0.216445212 0.228856606 0.208077443 0.212846073 0.210405331 0.208184222 0.210062974 0.231811254 0.231153080 0.223541594 0.252290618 0.177669510 0.178542598 0.202652925 0.203357318 0.280618382 
39     0.154386242 0.153907856 0.148772814 0.132426757 0.138134548 0.137727627 0.135118711 0.131329967 0.132370471 0.105360641 0.098041063 0.110225223 0.100369507 0.101631809 0.102372170 0.079758738 0.078684824 0.078634116 0.020393691 0.000000000 0.050599665 0.058672402 0.051691335 0.047888101 0.047586460 0.055154735 0.051404588 0.049300262 0.164939066 0.210865458 0.211231584 0.213328371 0.205085923 0.194242548 0.200851136 0.224012804 0.236424197 0.215645035 0.220413665 0.217972923 0.215751814 0.217630565 0.239378845 0.238720672 0.231109185 0.259858209 0.185237102 0.186110189 0.210220516 0.210924910 0.288185974 
45     0.156781957 0.156303571 0.151151465 0.134795700 0.140503492 0.140096571 0.137452905 0.133664161 0.134695895 0.107685329 0.100365751 0.112550702 0.102730593 0.103992894 0.104733546 0.081635974 0.080352626 0.080455843 0.043030734 0.050599665 0.000000000 0.061973504 0.055092092 0.051435232 0.049666913 0.057567805 0.053966082 0.050951409 0.167520660 0.213447051 0.213813177 0.215909965 0.207667517 0.196824141 0.203432730 0.226594397 0.239005791 0.218226628 0.222995258 0.220554516 0.218333407 0.220212159 0.241960439 0.241302265 0.233690779 0.262439803 0.187818695 0.188691783 0.212802110 0.213506503 0.290767567 
1     0.160650692 0.160172306 0.155020200 0.138664435 0.144372227 0.143965305 0.141321640 0.137532896 0.138578206 0.110984730 0.103665152 0.115756053 0.105901716 0.107164017 0.107904379 0.085658216 0.084379974 0.084183401 0.050768836 0.058672402 0.061973504 0.000000000 0.036098968 0.036409089 0.036004989 0.060781053 0.056828438 0.055399141 0.170805678 0.216732070 0.217098196 0.219194983 0.210952536 0.200109160 0.206717749 0.229879416 0.242290809 0.221511647 0.226280277 0.223839535 0.221618426 0.223497177 0.245245458 0.244587284 0.236975797 0.265724821 0.191103714 0.191976802 0.216087129 0.216791522 0.294052586 
42     0.153258417 0.152780031 0.147627925 0.131272160 0.136979951 0.136573030 0.133929365 0.130140620 0.131185931 0.103623722 0.096304144 0.108395045 0.098538874 0.099801176 0.100541537 0.077702711 0.076452467 0.076465772 0.043757306 0.051691335 0.055092092 0.036098968 0.000000000 0.030444621 0.029811575 0.053746545 0.049562476 0.048686042 0.163413403 0.209339795 0.209705921 0.211802708 0.203560261 0.192716885 0.199325474 0.222487141 0.234898534 0.214119372 0.218888002 0.216447260 0.214226151 0.216104902 0.237853183 0.237195009 0.229583522 0.258332546 0.183711439 0.184584526 0.208694853 0.209399247 0.286660311 
21     0.149186212 0.148707826 0.143555720 0.127199956 0.132907747 0.132500826 0.129857160 0.126068416 0.127113726 0.099452102 0.092132524 0.104222967 0.094413789 0.095676091 0.096416452 0.073997263 0.072747736 0.072630136 0.039914140 0.047888101 0.051435232 0.036409089 0.030444621 0.000000000 0.024382117 0.049126993 0.045195526 0.043533899 0.159377481 0.205303873 0.205669998 0.207766786 0.199524338 0.188680963 0.195289551 0.218451218 0.230862612 0.210083449 0.214852079 0.212411337 0.210190229 0.212068980 0.233817260 0.233159087 0.225547600 0.254296624 0.179675516 0.180548604 0.204658931 0.205363324 0.282624388 
22     0.148728367 0.148249981 0.143097875 0.126742110 0.132449902 0.132042981 0.129399315 0.125610571 0.126655881 0.099002529 0.091682952 0.103773394 0.093960115 0.095222417 0.095963068 0.073575054 0.072288773 0.072071462 0.039586913 0.047586460 0.049666913 0.036004989 0.029811575 0.024382117 0.000000000 0.048824107 0.044704995 0.043874657 0.158883030 0.204809421 0.205175547 0.207272335 0.199029887 0.188186511 0.194795100 0.217956767 0.230368161 0.209588998 0.214357628 0.211916886 0.209695777 0.211574529 0.233322809 0.232664635 0.225053149 0.253802173 0.179181065 0.180054153 0.204164480 0.204868873 0.282129937 
11     0.153729916 0.153204783 0.148099424 0.131696913 0.137404704 0.136997783 0.134357714 0.130568970 0.131656526 0.104520388 0.097200810 0.109385302 0.099533538 0.100795839 0.101536200 0.079522368 0.078332823 0.078617048 0.047324080 0.055154735 0.057567805 0.060781053 0.053746545 0.049126993 0.048824107 0.000000000 0.022304618 0.044983136 0.164106330 0.210032722 0.210398848 0.212495635 0.204253188 0.193409812 0.200018401 0.223180068 0.235591461 0.214812299 0.219580929 0.217140187 0.214919078 0.216797829 0.238546110 0.237887936 0.230276449 0.259025473 0.184404366 0.185277454 0.209387781 0.210092174 0.287353238 
2     0.150051232 0.149526099 0.144420740 0.128018229 0.133726020 0.133319099 0.130652145 0.126863401 0.127977842 0.100804368 0.093484790 0.105669283 0.095817518 0.097079820 0.097820181 0.075920412 0.074737219 0.075046323 0.043572048 0.051404588 0.053966082 0.056828438 0.049562476 0.045195526 0.044704995 0.022304618 0.000000000 0.041979454 0.160445470 0.206371861 0.206737987 0.208834775 0.200592327 0.189748951 0.196357540 0.219519207 0.231930600 0.211151438 0.215920068 0.213479326 0.211258217 0.213136968 0.234885249 0.234227075 0.226615588 0.255364612 0.180743505 0.181616593 0.205726920 0.206431313 0.283692377 
38     0.148210420 0.147685288 0.142579928 0.126177417 0.131885208 0.131478287 0.128833339 0.125044595 0.126136423 0.098549188 0.091229610 0.103414102 0.093546856 0.094809158 0.095549519 0.073274400 0.072154068 0.072387787 0.041584069 0.049300262 0.050951409 0.055399141 0.048686042 0.043533899 0.043874657 0.044983136 0.041979454 0.000000000 0.158416540 0.204342932 0.204709058 0.206805845 0.198563397 0.187720022 0.194328610 0.217490278 0.229901671 0.209122509 0.213891139 0.211450397 0.209229288 0.211108039 0.232856319 0.232198146 0.224586659 0.253335683 0.178714576 0.179587663 0.203697990 0.204402384 0.281663448 
33     0.156303476 0.155779581 0.150763547 0.135024422 0.140855602 0.140448681 0.138223804 0.134442601 0.135226086 0.147833808 0.140591782 0.152499966 0.142837457 0.144070299 0.144837729 0.170183537 0.169238282 0.169098982 0.157371475 0.164939066 0.167520660 0.170805678 0.163413403 0.159377481 0.158883030 0.164106330 0.160445470 0.158416540 0.000000000 0.080011745 0.080557089 0.083100760 0.074652223 0.114043767 0.120652356 0.144020655 0.156411315 0.135637540 0.140406170 0.137945180 0.135724072 0.137797059 0.159545339 0.158887166 0.151229397 0.179893934 0.105095658 0.105968745 0.130079073 0.132925112 0.210153205 
12     0.202245594 0.201721700 0.196705665 0.180965522 0.186796703 0.186389782 0.184212421 0.180423677 0.181166458 0.193759791 0.186517765 0.198425949 0.188763440 0.189996282 0.190763712 0.216109929 0.215164674 0.215025373 0.203297866 0.210865458 0.213447051 0.216732070 0.209339795 0.205303873 0.204809421 0.210032722 0.206371861 0.204342932 0.080011745 0.000000000 0.028451677 0.044519504 0.061803420 0.159867627 0.166476216 0.189850666 0.202241325 0.181467550 0.186236180 0.183775191 0.181554082 0.183627069 0.205375349 0.204717176 0.197075762 0.225723944 0.150925668 0.151798756 0.175909083 0.178746209 0.255970471 
43     0.202611720 0.202087826 0.197071791 0.181331648 0.187162829 0.186755908 0.184578547 0.180789803 0.181532583 0.194125917 0.186883890 0.198792075 0.189129566 0.190362408 0.191129838 0.216476055 0.215530800 0.215391499 0.203663992 0.211231584 0.213813177 0.217098196 0.209705921 0.205669998 0.205175547 0.210398848 0.206737987 0.204709058 0.080557089 0.028451677 0.000000000 0.044966288 0.061599060 0.160233753 0.166842342 0.190216791 0.202607451 0.181833676 0.186602306 0.184141317 0.181920208 0.183993195 0.205741475 0.205083302 0.197441888 0.226090070 0.151291794 0.152164881 0.176275209 0.179112335 0.256336597 
28     0.204645931 0.204122036 0.199106001 0.183331262 0.189181707 0.188764899 0.186653384 0.182864640 0.183607421 0.196222704 0.188980678 0.200888862 0.191226353 0.192459195 0.193226625 0.218572842 0.217627587 0.217488287 0.205760780 0.213328371 0.215909965 0.219194983 0.211802708 0.207766786 0.207272335 0.212495635 0.208834775 0.206805845 0.083100760 0.044519504 0.044966288 0.000000000 0.064514950 0.162678184 0.169286773 0.192661222 0.205051882 0.184278107 0.189046737 0.186585747 0.184364638 0.186437626 0.208185906 0.207527733 0.199886318 0.228534501 0.153736225 0.154609312 0.178719639 0.181556970 0.258781232 
29     0.196466060 0.195942165 0.190926131 0.175185988 0.181017169 0.180610248 0.178432886 0.174644142 0.175386923 0.187980256 0.180738230 0.192646414 0.182983905 0.184216747 0.184984177 0.210330394 0.209385139 0.209245839 0.197518332 0.205085923 0.207667517 0.210952536 0.203560261 0.199524338 0.199029887 0.204253188 0.200592327 0.198563397 0.074652223 0.061803420 0.061599060 0.064514950 0.000000000 0.154088093 0.160696682 0.184071131 0.196461791 0.175688015 0.180456645 0.177995656 0.175774547 0.177847535 0.199595815 0.198937641 0.191296227 0.219944410 0.145146133 0.146019221 0.170129548 0.172966675 0.250190937 
18     0.185600752 0.185076857 0.180053743 0.164255400 0.170086581 0.169679660 0.167603497 0.163814753 0.164554280 0.177105820 0.169863794 0.181768698 0.172104957 0.173337798 0.174105229 0.199487019 0.198541764 0.198402463 0.186674957 0.194242548 0.196824141 0.200109160 0.192716885 0.188680963 0.188186511 0.193409812 0.189748951 0.187720022 0.114043767 0.159867627 0.160233753 0.162678184 0.154088093 0.000000000 0.034348576 0.157254750 0.169664823 0.148851560 0.153636701 0.151319674 0.149130451 0.151067940 0.172814787 0.172156838 0.164614569 0.193294413 0.118722916 0.119596391 0.143706718 0.162064738 0.239317140 
5     0.192209340 0.191685446 0.186662331 0.170863989 0.176695170 0.176288249 0.174212086 0.170423342 0.171162868 0.183714409 0.176472383 0.188377287 0.178713545 0.179946387 0.180713817 0.206095607 0.205150352 0.205011052 0.193283545 0.200851136 0.203432730 0.206717749 0.199325474 0.195289551 0.194795100 0.200018401 0.196357540 0.194328610 0.120652356 0.166476216 0.166842342 0.169286773 0.160696682 0.034348576 0.000000000 0.163862068 0.176272141 0.155458878 0.160244019 0.157926992 0.155737769 0.157675258 0.179422105 0.178764157 0.171221887 0.199901732 0.125329614 0.126203089 0.150313416 0.168673326 0.245925728 
20     0.215368990 0.214845095 0.209775089 0.194085992 0.199917173 0.199510252 0.197370640 0.193581896 0.194322518 0.206867993 0.199625967 0.211519332 0.201872635 0.203105477 0.203872907 0.229257274 0.228312020 0.228172719 0.216445212 0.224012804 0.226594397 0.229879416 0.222487141 0.218451218 0.217956767 0.223180068 0.219519207 0.217490278 0.144020655 0.189850666 0.190216791 0.192661222 0.184071131 0.157254750 0.163862068 0.000000000 0.083332714 0.070135787 0.074633307 0.072274309 0.070960894 0.084219483 0.105496383 0.105339669 0.098061167 0.205823996 0.149507899 0.150379749 0.174491638 0.191861243 0.269068371 
41     0.227778372 0.227254478 0.222184472 0.206495375 0.212326556 0.211919635 0.209780023 0.205991279 0.206731901 0.219287469 0.212045443 0.223937119 0.214286606 0.215519447 0.216286878 0.241668668 0.240723413 0.240584112 0.228856606 0.236424197 0.239005791 0.242290809 0.234898534 0.230862612 0.230368161 0.235591461 0.231930600 0.229901671 0.156411315 0.202241325 0.202607451 0.205051882 0.196461791 0.169664823 0.176272141 0.083332714 0.000000000 0.080589081 0.085107486 0.081172471 0.079809665 0.095326791 0.116729118 0.116517828 0.108497495 0.217952255 0.161906376 0.162778226 0.186890115 0.204259087 0.281460598 
6     0.206999210 0.206475315 0.201400243 0.185716213 0.191547394 0.191140473 0.189000861 0.185212117 0.185952738 0.198508307 0.191266281 0.203157957 0.193507443 0.194740285 0.195507715 0.220889505 0.219944251 0.219804950 0.208077443 0.215645035 0.218226628 0.221511647 0.214119372 0.210083449 0.209588998 0.214812299 0.211151438 0.209122509 0.135637540 0.181467550 0.181833676 0.184278107 0.175688015 0.148851560 0.155458878 0.070135787 0.080589081 0.000000000 0.028175402 0.039366230 0.037592433 0.074471723 0.095607488 0.095091320 0.087968542 0.197108334 0.141110968 0.141982818 0.166094707 0.183485440 0.260688284 
40     0.211767840 0.211243945 0.206168874 0.190484843 0.196316024 0.195909103 0.193769491 0.189980747 0.190721368 0.203276937 0.196034911 0.207926587 0.198276073 0.199508915 0.200276345 0.225658136 0.224712881 0.224573580 0.212846073 0.220413665 0.222995258 0.226280277 0.218888002 0.214852079 0.214357628 0.219580929 0.215920068 0.213891139 0.140406170 0.186236180 0.186602306 0.189046737 0.180456645 0.153636701 0.160244019 0.074633307 0.085107486 0.028175402 0.000000000 0.043876256 0.042622994 0.078803310 0.100096740 0.099568911 0.092288173 0.201778665 0.145874597 0.146746447 0.170858337 0.188254070 0.265456915 
44     0.209327098 0.208803203 0.203728132 0.188044101 0.193875282 0.193468361 0.191328749 0.187540005 0.188280626 0.200836195 0.193594169 0.205485845 0.195835331 0.197068173 0.197835603 0.223217394 0.222272139 0.222132838 0.210405331 0.217972923 0.220554516 0.223839535 0.216447260 0.212411337 0.211916886 0.217140187 0.213479326 0.211450397 0.137945180 0.183775191 0.184141317 0.186585747 0.177995656 0.151319674 0.157926992 0.072274309 0.081172471 0.039366230 0.043876256 0.000000000 0.020123912 0.076620891 0.098121973 0.097829586 0.090234652 0.199558908 0.143559775 0.144431625 0.168543515 0.185813759 0.263001486 
24     0.207105989 0.206582095 0.201507023 0.185822992 0.191654173 0.191247252 0.189107640 0.185318896 0.186059517 0.198615086 0.191373060 0.203264736 0.193614223 0.194847064 0.195614494 0.220996285 0.220051030 0.219911729 0.208184222 0.215751814 0.218333407 0.221618426 0.214226151 0.210190229 0.209695777 0.214919078 0.211258217 0.209229288 0.135724072 0.181554082 0.181920208 0.184364638 0.175774547 0.149130451 0.155737769 0.070960894 0.079809665 0.037592433 0.042622994 0.020123912 0.000000000 0.074172851 0.095657789 0.095386636 0.087816519 0.197232915 0.141350932 0.142222781 0.166334671 0.183592651 0.260780377 
9     0.208827757 0.208303862 0.203241630 0.187621954 0.193453135 0.193046214 0.190906602 0.187117858 0.187851579 0.200493838 0.193251811 0.205025453 0.195492974 0.196725816 0.197493246 0.222875036 0.221929781 0.221790480 0.210062974 0.217630565 0.220212159 0.223497177 0.216104902 0.212068980 0.211574529 0.216797829 0.213136968 0.211108039 0.137797059 0.183627069 0.183993195 0.186437626 0.177847535 0.151067940 0.157675258 0.084219483 0.095326791 0.074471723 0.078803310 0.076620891 0.074172851 0.000000000 0.038057754 0.038304942 0.037895921 0.199716551 0.143359778 0.144231628 0.168343517 0.185644847 0.262846342 
34     0.230576037 0.230052143 0.224989910 0.209370235 0.215201415 0.214794494 0.212654882 0.208866138 0.209599859 0.222242118 0.215000092 0.226773733 0.217241254 0.218474096 0.219241526 0.244623316 0.243678061 0.243538761 0.231811254 0.239378845 0.241960439 0.245245458 0.237853183 0.233817260 0.233322809 0.238546110 0.234885249 0.232856319 0.159545339 0.205375349 0.205741475 0.208185906 0.199595815 0.172814787 0.179422105 0.105496383 0.116729118 0.095607488 0.100096740 0.098121973 0.095657789 0.038057754 0.000000000 0.037653678 0.059781558 0.221478307 0.165101484 0.165973333 0.190085223 0.207393127 0.284594622 
25     0.229917864 0.229393969 0.224331736 0.208712061 0.214543242 0.214136321 0.211996709 0.208207965 0.208941686 0.221583944 0.214341918 0.226115559 0.216583081 0.217815922 0.218583352 0.243965143 0.243019888 0.242880587 0.231153080 0.238720672 0.241302265 0.244587284 0.237195009 0.233159087 0.232664635 0.237887936 0.234227075 0.232198146 0.158887166 0.204717176 0.205083302 0.207527733 0.198937641 0.172156838 0.178764157 0.105339669 0.116517828 0.095091320 0.099568911 0.097829586 0.095386636 0.038304942 0.037653678 0.000000000 0.059290768 0.220817650 0.164443310 0.165315160 0.189427050 0.206734953 0.283936448 
3     0.222306377 0.221782482 0.216720250 0.201100574 0.206931755 0.206524834 0.204385222 0.200596478 0.201330199 0.213972458 0.206730431 0.218504073 0.208971594 0.210204436 0.210971866 0.236353656 0.235408401 0.235269101 0.223541594 0.231109185 0.233690779 0.236975797 0.229583522 0.225547600 0.225053149 0.230276449 0.226615588 0.224586659 0.151229397 0.197075762 0.197441888 0.199886318 0.191296227 0.164614569 0.171221887 0.098061167 0.108497495 0.087968542 0.092288173 0.090234652 0.087816519 0.037895921 0.059781558 0.059290768 0.000000000 0.213149306 0.156850894 0.157722744 0.181834634 0.199125174 0.276325427 
10     0.251166802 0.250642908 0.245615475 0.229883805 0.235714986 0.235308065 0.233167522 0.229378778 0.230171547 0.242641945 0.235399919 0.247304823 0.237641081 0.238873923 0.239641353 0.265102680 0.264157425 0.264018124 0.252290618 0.259858209 0.262439803 0.265724821 0.258332546 0.254296624 0.253802173 0.259025473 0.255364612 0.253335683 0.179893934 0.225723944 0.226090070 0.228534501 0.219944410 0.193294413 0.199901732 0.205823996 0.217952255 0.197108334 0.201778665 0.199558908 0.197232915 0.199716551 0.221478307 0.220817650 0.213149306 0.000000000 0.185427371 0.186299221 0.210411111 0.227741984 0.304864751 
13     0.176607427 0.176083532 0.171060974 0.155324430 0.161155610 0.160748689 0.158610220 0.154821476 0.155560955 0.168040033 0.160798007 0.172702911 0.163039169 0.164272011 0.165039441 0.190481572 0.189536318 0.189397017 0.177669510 0.185237102 0.187818695 0.191103714 0.183711439 0.179675516 0.179181065 0.184404366 0.180743505 0.178714576 0.105095658 0.150925668 0.151291794 0.153736225 0.145146133 0.118722916 0.125329614 0.149507899 0.161906376 0.141110968 0.145874597 0.143559775 0.141350932 0.143359778 0.165101484 0.164443310 0.156850894 0.185427371 0.000000000 0.022367115 0.062506174 0.153105418 0.230306499 
4     0.177480514 0.176956620 0.171934062 0.156197517 0.162028698 0.161621777 0.159483308 0.155694564 0.156434043 0.168916568 0.161674542 0.173579446 0.163915705 0.165148546 0.165915977 0.191354660 0.190409405 0.190270105 0.178542598 0.186110189 0.188691783 0.191976802 0.184584526 0.180548604 0.180054153 0.185277454 0.181616593 0.179587663 0.105968745 0.151798756 0.152164881 0.154609312 0.146019221 0.119596391 0.126203089 0.150379749 0.162778226 0.141982818 0.146746447 0.144431625 0.142222781 0.144231628 0.165973333 0.165315160 0.157722744 0.186299221 0.022367115 0.000000000 0.063234255 0.153978505 0.231179586 
46     0.201590842 0.201066947 0.196044389 0.180307844 0.186139025 0.185732104 0.183593635 0.179804891 0.180544370 0.193023447 0.185781421 0.197686325 0.188022584 0.189255425 0.190022856 0.215464987 0.214519732 0.214380432 0.202652925 0.210220516 0.212802110 0.216087129 0.208694853 0.204658931 0.204164480 0.209387781 0.205726920 0.203697990 0.130079073 0.175909083 0.176275209 0.178719639 0.170129548 0.143706718 0.150313416 0.174491638 0.186890115 0.166094707 0.170858337 0.168543515 0.166334671 0.168343517 0.190085223 0.189427050 0.181834634 0.210411111 0.062506174 0.063234255 0.000000000 0.178088832 0.255289913 
50     0.202297940 0.201774046 0.196753830 0.181024950 0.186856131 0.186449210 0.184301342 0.180512598 0.181253362 0.193819713 0.186578670 0.198489646 0.188825721 0.190058563 0.190825993 0.216169381 0.215224126 0.215084825 0.203357318 0.210924910 0.213506503 0.216791522 0.209399247 0.205363324 0.204868873 0.210092174 0.206431313 0.204402384 0.132925112 0.178746209 0.179112335 0.181556970 0.172966675 0.162064738 0.168673326 0.191861243 0.204259087 0.183485440 0.188254070 0.185813759 0.183592651 0.185644847 0.207393127 0.206734953 0.199125174 0.227741984 0.153105418 0.153978505 0.178088832 0.000000000 0.255179970 
0     0.279443217 0.278919322 0.273900819 0.258169427 0.264000608 0.263593687 0.261535655 0.257746911 0.258496892 0.271081719 0.263840646 0.275750680 0.266086578 0.267319420 0.268086850 0.293430445 0.292485190 0.292345889 0.280618382 0.288185974 0.290767567 0.294052586 0.286660311 0.282624388 0.282129937 0.287353238 0.283692377 0.281663448 0.210153205 0.255970471 0.256336597 0.258781232 0.250190937 0.239317140 0.245925728 0.269068371 0.281460598 0.260688284 0.265456915 0.263001486 0.260780377 0.262846342 0.284594622 0.283936448 0.276325427 0.304864751 0.230306499 0.231179586 0.255289913 0.255179970 0.000000000 
