51
17     0.000000000 0.000084430 0.000021020 0.000371600 0.000371950 0.000790350 0.000798290 0.001073090 0.000822400 0.000870890 0.000896050 0.000874030 0.000859540 0.000936640 0.000931060 0.000839960 0.000827970 0.000782280 0.000994960 0.000920530 0.000818290 0.000827030 0.000968720 0.000983310 0.000813450 0.000560480 0.000881830 0.001043690 0.001024290 0.001284680 0.001111500 0.001097670 0.001091540 0.001223280 0.001151450 0.001130470 0.001183930 0.001223680 0.001889010 0.001851380 0.001912000 0.001352140 0.001169690 0.001247050 0.001296090 0.000905020 0.000959190 0.000960810 0.000930800 0.001133470 0.001812920 
32     0.000084430 0.000000000 0.000110010 0.000101630 0.000101980 0.000730830 0.000738770 0.001013570 0.000825860 0.000811370 0.000836530 0.000819440 0.000800020 0.000877120 0.000871540 0.000897610 0.000768450 0.000789370 0.000935440 0.000861010 0.000724990 0.000767510 0.000909200 0.000923790 0.000805390 0.000745280 0.000611860 0.001117100 0.001091340 0.001358090 0.001063480 0.001061780 0.001061850 0.001163760 0.001091930 0.001021090 0.001126920 0.001164160 0.001829490 0.001791860 0.001852480 0.001292620 0.001110170 0.001187530 0.001236570 0.000845500 0.000899670 0.000901290 0.000871280 0.001073950 0.001753400 
11     0.000021020 0.000110010 0.000000000 0.000258490 0.000258840 0.000768560 0.000776500 0.001051300 0.000857910 0.000849100 0.000874260 0.000857170 0.000837750 0.000914850 0.000909270 0.000875470 0.000806180 0.000817790 0.000973170 0.000898740 0.000796500 0.000805240 0.000946930 0.000961520 0.000843120 0.000707380 0.000768720 0.001079200 0.001059800 0.001320190 0.001101210 0.001099510 0.001099580 0.001201490 0.001129660 0.001108680 0.001196770 0.001201890 0.001867220 0.001829590 0.001890210 0.001330350 0.001147900 0.001225260 0.001274300 0.000883230 0.000937400 0.000939020 0.000909010 0.001111680 0.001791130 
3     0.000371600 0.000101630 0.000258490 0.000000000 0.000002010 0.000278400 0.000201480 0.000838100 0.000650390 0.000635900 0.000661060 0.000643970 0.000624550 0.000701650 0.000696070 0.000722140 0.000592980 0.000613900 0.000759970 0.000685540 0.000583300 0.000592040 0.000423530 0.000482300 0.000214890 0.000717400 0.000597070 0.000040930 0.000339770 0.000712160 0.000888010 0.000886310 0.000886380 0.000964990 0.000916460 0.000748340 0.000829000 0.000948410 0.001654020 0.001616390 0.001677010 0.001019700 0.000934700 0.000915100 0.000603120 0.000563230 0.000593160 0.000601080 0.000695810 0.000898480 0.001577930 
2     0.000371950 0.000101980 0.000258840 0.000002010 0.000000000 0.000373550 0.000381490 0.000933250 0.000745540 0.000731050 0.000756210 0.000739120 0.000719700 0.000796800 0.000791220 0.000817290 0.000688130 0.000709050 0.000855120 0.000780690 0.000678450 0.000687190 0.000603100 0.000661870 0.000394460 0.000730180 0.000597420 0.000220500 0.000519340 0.000969010 0.000983160 0.000981460 0.000981530 0.000868870 0.000962770 0.000797950 0.000754130 0.000852290 0.001749170 0.001711540 0.001772160 0.001155610 0.001029850 0.000818980 0.000507000 0.000467110 0.000497040 0.000504960 0.000674650 0.000827710 0.001673080 
19     0.000790350 0.000730830 0.000768560 0.000278400 0.000373550 0.000000000 0.000018670 0.000849860 0.000662150 0.000647660 0.000672820 0.000655730 0.000636310 0.000713410 0.000707830 0.000643410 0.000604740 0.000625660 0.000771730 0.000697300 0.000595060 0.000603800 0.000745490 0.000760080 0.000641680 0.000752000 0.001098060 0.001113900 0.000971200 0.000598900 0.000899770 0.000898070 0.000898140 0.001000050 0.000928220 0.000907240 0.000930290 0.001000450 0.001665780 0.001628150 0.001688770 0.001128910 0.000946460 0.000995140 0.000683160 0.000643270 0.000673200 0.000681120 0.000707570 0.000910240 0.001589690 
33     0.000798290 0.000738770 0.000776500 0.000201480 0.000381490 0.000018670 0.000000000 0.000857800 0.000670090 0.000655600 0.000680760 0.000663670 0.000644250 0.000721350 0.000715770 0.000741840 0.000612680 0.000633600 0.000779670 0.000705240 0.000603000 0.000611740 0.000753430 0.000768020 0.000649620 0.000677030 0.001023090 0.001061170 0.000949860 0.000752080 0.000907710 0.000906010 0.000906080 0.001007990 0.000936160 0.000915180 0.000985440 0.001008390 0.001673720 0.001636090 0.001696710 0.001136850 0.000954400 0.001031760 0.000820030 0.000689730 0.000743900 0.000745520 0.000715510 0.000918180 0.001597630 
18     0.001073090 0.001013570 0.001051300 0.000838100 0.000933250 0.000849860 0.000857800 0.000000000 0.000059890 0.000752990 0.000719810 0.000528200 0.000615080 0.000663600 0.000722450 0.000694620 0.000253630 0.000747380 0.000860230 0.000883400 0.000781160 0.000789900 0.000931590 0.000946180 0.000675750 0.000956570 0.001275460 0.001264640 0.001121940 0.001180380 0.000925960 0.000962150 0.000959300 0.001211170 0.001032320 0.001153160 0.001000220 0.001246370 0.001911700 0.001874070 0.001934690 0.001040620 0.001118080 0.001091920 0.001025330 0.000711170 0.000860210 0.000858020 0.000865690 0.001019630 0.001835610 
30     0.000822400 0.000825860 0.000857910 0.000650390 0.000745540 0.000662150 0.000670090 0.000059890 0.000000000 0.000420210 0.000660070 0.000578790 0.000570320 0.000485430 0.000641840 0.000400770 0.000312060 0.000020950 0.000705740 0.000695020 0.000593450 0.000602190 0.000743880 0.000758470 0.000592190 0.000532930 0.000866670 0.000904750 0.000885350 0.000504980 0.000957980 0.000956280 0.000952600 0.001058260 0.000986430 0.000965450 0.001084370 0.001058660 0.001723990 0.001686360 0.001746980 0.001124770 0.001004670 0.001082030 0.001109480 0.000740000 0.000794170 0.000795790 0.000765780 0.000968450 0.001647900 
41     0.000870890 0.000811370 0.000849100 0.000635900 0.000731050 0.000647660 0.000655600 0.000752990 0.000420210 0.000000000 0.000077290 0.000628490 0.000609070 0.000686170 0.000680590 0.000076420 0.000577500 0.000348810 0.000482040 0.000392590 0.000578960 0.000428630 0.000729390 0.000743980 0.000633540 0.000763000 0.001096740 0.001091860 0.001098200 0.000202550 0.000930690 0.000941790 0.000941860 0.001043770 0.000971940 0.000950960 0.001004950 0.001044170 0.001709500 0.001671870 0.001732490 0.001045350 0.000990180 0.001067540 0.000908080 0.000715900 0.000779680 0.000781300 0.000751290 0.000953960 0.001633410 
1     0.000896050 0.000836530 0.000874260 0.000661060 0.000756210 0.000672820 0.000680760 0.000719810 0.000660070 0.000077290 0.000000000 0.000610390 0.000501220 0.000681290 0.000705750 0.000712310 0.000602660 0.000623580 0.000769650 0.000706360 0.000604120 0.000612860 0.000754550 0.000769140 0.000646660 0.000866210 0.001199950 0.001015070 0.001092850 0.000849270 0.000896870 0.000933060 0.000930210 0.001068930 0.000997100 0.000976120 0.000971130 0.001069330 0.001734660 0.001697030 0.001757650 0.001011530 0.001015340 0.001062830 0.000996240 0.000682080 0.000804840 0.000806460 0.000776450 0.000979120 0.001658570 
10     0.000874030 0.000819440 0.000857170 0.000643970 0.000739120 0.000655730 0.000663670 0.000528200 0.000578790 0.000628490 0.000610390 0.000000000 0.000012680 0.000283140 0.000114420 0.000459230 0.000370730 0.000395900 0.000479540 0.000689270 0.000587030 0.000595770 0.000737460 0.000752050 0.000579380 0.000584560 0.000918300 0.000956380 0.000936980 0.001084010 0.000829590 0.000865780 0.000862930 0.001051840 0.000935950 0.000959030 0.000903850 0.001052240 0.001717570 0.001679940 0.001740560 0.000944250 0.000998250 0.000995550 0.000928960 0.000614800 0.000763840 0.000761650 0.000759360 0.000923260 0.001641480 
21     0.000859540 0.000800020 0.000837750 0.000624550 0.000719700 0.000636310 0.000644250 0.000615080 0.000570320 0.000609070 0.000501220 0.000012680 0.000000000 0.000197020 0.000104440 0.000468560 0.000262580 0.000492330 0.000568820 0.000669850 0.000567610 0.000576350 0.000718040 0.000732630 0.000588710 0.000622690 0.000956430 0.000994510 0.000975110 0.000918980 0.000838920 0.000875110 0.000872260 0.001032420 0.000945280 0.000939610 0.000913180 0.001032820 0.001698150 0.001660520 0.001721140 0.000953580 0.000978830 0.001004880 0.000938290 0.000624130 0.000768330 0.000769950 0.000739940 0.000932590 0.001622060 
31     0.000936640 0.000877120 0.000914850 0.000701650 0.000796800 0.000713410 0.000721350 0.000663600 0.000485430 0.000686170 0.000681290 0.000283140 0.000197020 0.000000000 0.000046430 0.000492080 0.000480410 0.000546180 0.000657690 0.000746950 0.000644710 0.000653450 0.000795140 0.000809730 0.000637230 0.000666660 0.001000400 0.001038480 0.001019080 0.001141860 0.000887440 0.000923630 0.000920780 0.001109520 0.000993800 0.001016710 0.000961700 0.001109920 0.001775250 0.001737620 0.001798240 0.001002100 0.001055930 0.001053400 0.000986810 0.000672650 0.000821690 0.000819500 0.000817040 0.000981110 0.001699160 
20     0.000931060 0.000871540 0.000909270 0.000696070 0.000791220 0.000707830 0.000715770 0.000722450 0.000641840 0.000680590 0.000705750 0.000114420 0.000104440 0.000046430 0.000000000 0.000575930 0.000542930 0.000563850 0.000616330 0.000741370 0.000639130 0.000647870 0.000789560 0.000804150 0.000696080 0.000813170 0.001146910 0.001184990 0.001142270 0.001200710 0.000946290 0.000982480 0.000979630 0.001103940 0.001032110 0.001011130 0.001020550 0.001104340 0.001769670 0.001732040 0.001792660 0.001060950 0.001050350 0.001112250 0.001045660 0.000731500 0.000839850 0.000841470 0.000811460 0.001014130 0.001693580 
25     0.000839960 0.000897610 0.000875470 0.000722140 0.000817290 0.000643410 0.000741840 0.000694620 0.000400770 0.000076420 0.000712310 0.000459230 0.000468560 0.000492080 0.000575930 0.000000000 0.000259500 0.000215300 0.000321450 0.000373150 0.000665200 0.000409190 0.000815630 0.000830220 0.000609750 0.000550490 0.000884230 0.000922310 0.000902910 0.000183110 0.000918460 0.000954650 0.000951800 0.001130010 0.001024820 0.001030610 0.000992720 0.001130410 0.001795740 0.001758110 0.001818730 0.001033120 0.001076420 0.001068130 0.000992390 0.000700980 0.000852710 0.000850520 0.000837530 0.001012130 0.001719650 
29     0.000827970 0.000768450 0.000806180 0.000592980 0.000688130 0.000604740 0.000612680 0.000253630 0.000312060 0.000577500 0.000602660 0.000370730 0.000262580 0.000480410 0.000542930 0.000259500 0.000000000 0.000146210 0.000036810 0.000638280 0.000536040 0.000544780 0.000686470 0.000701060 0.000642480 0.000612890 0.000946630 0.000984710 0.000965310 0.001059520 0.000900570 0.000898870 0.000898940 0.001000850 0.000929020 0.000908040 0.001161940 0.001001250 0.001666580 0.001628950 0.001689570 0.001129710 0.000947260 0.001024620 0.001073660 0.000682590 0.000736760 0.000738380 0.000708370 0.000911040 0.001590490 
4     0.000782280 0.000789370 0.000817790 0.000613900 0.000709050 0.000625660 0.000633600 0.000747380 0.000020950 0.000348810 0.000623580 0.000395900 0.000492330 0.000546180 0.000563850 0.000215300 0.000146210 0.000000000 0.000268220 0.000645540 0.000556960 0.000565700 0.000707390 0.000721980 0.000552070 0.000492810 0.000826550 0.000864630 0.000845230 0.000455500 0.000921490 0.000918610 0.000912480 0.001021770 0.000949940 0.000928960 0.001046820 0.001022170 0.001687500 0.001649870 0.001710490 0.001087220 0.000968180 0.001045540 0.001071930 0.000703510 0.000757680 0.000759300 0.000729290 0.000931960 0.001611410 
35     0.000994960 0.000935440 0.000973170 0.000759970 0.000855120 0.000771730 0.000779670 0.000860230 0.000705740 0.000482040 0.000769650 0.000479540 0.000568820 0.000657690 0.000616330 0.000321450 0.000036810 0.000268220 0.000000000 0.000778770 0.000703030 0.000711770 0.000853460 0.000868050 0.000809470 0.001037150 0.001407560 0.001291660 0.001222270 0.000588730 0.001067560 0.001065860 0.001065930 0.001167840 0.001096010 0.001075030 0.001158330 0.001168240 0.001833570 0.001795940 0.001856560 0.001198730 0.001114250 0.001191610 0.001183440 0.000849580 0.000903750 0.000905370 0.000875360 0.001078030 0.001757480 
39     0.000920530 0.000861010 0.000898740 0.000685540 0.000780690 0.000697300 0.000705240 0.000883400 0.000695020 0.000392590 0.000706360 0.000689270 0.000669850 0.000746950 0.000741370 0.000373150 0.000638280 0.000645540 0.000778770 0.000000000 0.000160560 0.000228300 0.000530500 0.000346420 0.000574450 0.000867400 0.001113650 0.001102830 0.000960130 0.000328640 0.000993130 0.000991430 0.000991500 0.001093410 0.001021580 0.001000600 0.000995710 0.001093810 0.001759140 0.001721510 0.001782130 0.001186410 0.001039820 0.001117180 0.001137920 0.000775150 0.000829320 0.000830940 0.000800930 0.001003600 0.001683050 
14     0.000818290 0.000724990 0.000796500 0.000583300 0.000678450 0.000595060 0.000603000 0.000781160 0.000593450 0.000578960 0.000604120 0.000587030 0.000567610 0.000644710 0.000639130 0.000665200 0.000536040 0.000556960 0.000703030 0.000160560 0.000000000 0.000014100 0.000455190 0.000463030 0.000583840 0.000792090 0.000863770 0.001027370 0.000919000 0.000813440 0.000890890 0.000889190 0.000889260 0.000991170 0.000919340 0.000898360 0.000954580 0.000991570 0.001656900 0.001619270 0.001679890 0.001120030 0.000937580 0.001014940 0.001063980 0.000672910 0.000727080 0.000728700 0.000698690 0.000901360 0.001580810 
36     0.000827030 0.000767510 0.000805240 0.000592040 0.000687190 0.000603800 0.000611740 0.000789900 0.000602190 0.000428630 0.000612860 0.000595770 0.000576350 0.000653450 0.000647870 0.000409190 0.000544780 0.000565700 0.000711770 0.000228300 0.000014100 0.000000000 0.000200750 0.000468720 0.000641540 0.000823540 0.001078210 0.000971630 0.000924690 0.000364680 0.000899630 0.000897930 0.000898000 0.000999910 0.000928080 0.000907100 0.000960270 0.001000310 0.001665640 0.001628010 0.001688630 0.001128770 0.000946320 0.001023680 0.001072720 0.000681650 0.000735820 0.000737440 0.000707430 0.000910100 0.001589550 
9     0.000968720 0.000909200 0.000946930 0.000423530 0.000603100 0.000745490 0.000753430 0.000931590 0.000743880 0.000729390 0.000754550 0.000737460 0.000718040 0.000795140 0.000789560 0.000815630 0.000686470 0.000707390 0.000853460 0.000530500 0.000455190 0.000200750 0.000000000 0.000397450 0.000608380 0.000886000 0.001219740 0.000436880 0.000735720 0.001308700 0.001041320 0.001039620 0.001039690 0.001141600 0.001069770 0.001048790 0.001191650 0.001142000 0.001807330 0.001769700 0.001830320 0.001270460 0.001088010 0.001165370 0.001214410 0.000823340 0.000877510 0.000879130 0.000849120 0.001051790 0.001731240 
34     0.000983310 0.000923790 0.000961520 0.000482300 0.000661870 0.000760080 0.000768020 0.000946180 0.000758470 0.000743980 0.000769140 0.000752050 0.000732630 0.000809730 0.000804150 0.000830220 0.000701060 0.000721980 0.000868050 0.000346420 0.000463030 0.000468720 0.000397450 0.000000000 0.000631950 0.000764010 0.001097510 0.000495650 0.000794490 0.001367470 0.001055910 0.001054210 0.001054280 0.001156190 0.001084360 0.001063380 0.000979570 0.001156590 0.001821920 0.001784290 0.001844910 0.001170270 0.001102600 0.001179960 0.001154980 0.000837930 0.000892100 0.000893720 0.000863710 0.001066380 0.001745830 
27     0.000813450 0.000805390 0.000843120 0.000214890 0.000394460 0.000641680 0.000649620 0.000675750 0.000592190 0.000633540 0.000646660 0.000579380 0.000588710 0.000637230 0.000696080 0.000609750 0.000642480 0.000552070 0.000809470 0.000574450 0.000583840 0.000641540 0.000608380 0.000631950 0.000000000 0.000523980 0.000857720 0.000228240 0.000527080 0.000569590 0.000766950 0.000803140 0.000800290 0.001001810 0.000873310 0.000909000 0.000841210 0.001002210 0.001667540 0.001629910 0.001690530 0.000881610 0.000948220 0.000932910 0.000736720 0.000552160 0.000701200 0.000699010 0.000706680 0.000860620 0.001591450 
13     0.000560480 0.000745280 0.000707380 0.000717400 0.000730180 0.000752000 0.000677030 0.000956570 0.000532930 0.000763000 0.000866210 0.000584560 0.000622690 0.000666660 0.000813170 0.000550490 0.000612890 0.000492810 0.001037150 0.000867400 0.000792090 0.000823540 0.000886000 0.000764010 0.000523980 0.000000000 0.000178290 0.000572430 0.000503040 0.000887050 0.000697270 0.000695570 0.000693910 0.000797550 0.000725720 0.000704740 0.000833200 0.000963770 0.001629100 0.001591470 0.001652090 0.001023900 0.000895460 0.000972820 0.001008610 0.000630790 0.000684960 0.000686580 0.000656570 0.000810690 0.001538690 
8     0.000881830 0.000611860 0.000768720 0.000597070 0.000597420 0.001098060 0.001023090 0.001275460 0.000866670 0.001096740 0.001199950 0.000918300 0.000956430 0.001000400 0.001146910 0.000884230 0.000946630 0.000826550 0.001407560 0.001113650 0.000863770 0.001078210 0.001219740 0.001097510 0.000857720 0.000178290 0.000000000 0.000707660 0.000688260 0.001233110 0.001059930 0.001046100 0.001039970 0.001209730 0.001185200 0.001100420 0.001018940 0.001507060 0.002172390 0.002116730 0.002129500 0.001209640 0.001287100 0.001260940 0.001194350 0.000880190 0.001029230 0.001027040 0.001034710 0.001156750 0.002081980 
6     0.001043690 0.001117100 0.001079200 0.000040930 0.000220500 0.001113900 0.001061170 0.001264640 0.000904750 0.001091860 0.001015070 0.000956380 0.000994510 0.001038480 0.001184990 0.000922310 0.000984710 0.000864630 0.001291660 0.001102830 0.001027370 0.000971630 0.000436880 0.000495650 0.000228240 0.000572430 0.000707660 0.000000000 0.000069110 0.000926100 0.000951780 0.000950080 0.000950150 0.001052060 0.000980230 0.000761690 0.001008120 0.001218280 0.001883610 0.001845980 0.001906600 0.001198820 0.001149970 0.001227330 0.001183530 0.000869370 0.000939470 0.000941090 0.000911080 0.001113750 0.001793200 
12     0.001024290 0.001091340 0.001059800 0.000339770 0.000519340 0.000971200 0.000949860 0.001121940 0.000885350 0.001098200 0.001092850 0.000936980 0.000975110 0.001019080 0.001142270 0.000902910 0.000965310 0.000845230 0.001222270 0.000960130 0.000919000 0.000924690 0.000735720 0.000794490 0.000527080 0.000503040 0.000688260 0.000069110 0.000000000 0.001224940 0.000882390 0.000880690 0.000880760 0.000982670 0.000910840 0.000889860 0.000865420 0.001148890 0.001814220 0.001776590 0.001837210 0.001056120 0.001080580 0.001107420 0.001040830 0.000726670 0.000870080 0.000871700 0.000841690 0.001035130 0.001723810 
37     0.001284680 0.001358090 0.001320190 0.000712160 0.000969010 0.000598900 0.000752080 0.001180380 0.000504980 0.000202550 0.000849270 0.001084010 0.000918980 0.001141860 0.001200710 0.000183110 0.001059520 0.000455500 0.000588730 0.000328640 0.000813440 0.000364680 0.001308700 0.001367470 0.000569590 0.000887050 0.001233110 0.000926100 0.001224940 0.000000000 0.000592330 0.000589760 0.000523200 0.000695430 0.000897020 0.000279770 0.001176880 0.001362590 0.001994090 0.001990290 0.001980320 0.001217280 0.000971330 0.000946600 0.000870860 0.000579450 0.001036870 0.001034680 0.001042350 0.001196290 0.001937510 
23     0.001111500 0.001063480 0.001101210 0.000888010 0.000983160 0.000899770 0.000907710 0.000925960 0.000957980 0.000930690 0.000896870 0.000829590 0.000838920 0.000887440 0.000946290 0.000918460 0.000900570 0.000921490 0.001067560 0.000993130 0.000890890 0.000899630 0.001041320 0.001055910 0.000766950 0.000697270 0.001059930 0.000951780 0.000882390 0.000592330 0.000000000 0.000099150 0.000026760 0.000720660 0.000642600 0.000450810 0.000922460 0.000994180 0.001659510 0.001621880 0.001682500 0.000962860 0.000925870 0.001003230 0.000947570 0.000633410 0.000715370 0.000716990 0.000686980 0.000889650 0.001569100 
22     0.001097670 0.001061780 0.001099510 0.000886310 0.000981460 0.000898070 0.000906010 0.000962150 0.000956280 0.000941790 0.000933060 0.000865780 0.000875110 0.000923630 0.000982480 0.000954650 0.000898870 0.000918610 0.001065860 0.000991430 0.000889190 0.000897930 0.001039620 0.001054210 0.000803140 0.000695570 0.001046100 0.000950080 0.000880690 0.000589760 0.000099150 0.000000000 0.000033080 0.000718960 0.000647130 0.000585850 0.000958650 0.000992480 0.001657810 0.001620180 0.001680800 0.000999050 0.000924170 0.001001530 0.000983760 0.000659500 0.000713670 0.000715290 0.000685280 0.000887950 0.001567400 
38     0.001091540 0.001061850 0.001099580 0.000886380 0.000981530 0.000898140 0.000906080 0.000959300 0.000952600 0.000941860 0.000930210 0.000862930 0.000872260 0.000920780 0.000979630 0.000951800 0.000898940 0.000912480 0.001065930 0.000991500 0.000889260 0.000898000 0.001039690 0.001054280 0.000800290 0.000693910 0.001039970 0.000950150 0.000880760 0.000523200 0.000026760 0.000033080 0.000000000 0.000719030 0.000647200 0.000427670 0.000955800 0.000992550 0.001657880 0.001620250 0.001680870 0.000996200 0.000924240 0.001001600 0.000980910 0.000659570 0.000713740 0.000715360 0.000685350 0.000888020 0.001567470 
5     0.001223280 0.001163760 0.001201490 0.000964990 0.000868870 0.001000050 0.001007990 0.001211170 0.001058260 0.001043770 0.001068930 0.001051840 0.001032420 0.001109520 0.001103940 0.001130010 0.001000850 0.001021770 0.001167840 0.001093410 0.000991170 0.000999910 0.001141600 0.001156190 0.001001810 0.000797550 0.001209730 0.001052060 0.000982670 0.000695430 0.000720660 0.000718960 0.000719030 0.000000000 0.000213620 0.000078710 0.001045520 0.001094460 0.001759790 0.001722160 0.001782780 0.001208600 0.001026150 0.001103510 0.000798390 0.000758500 0.000788430 0.000796350 0.000787260 0.000989930 0.001669380 
26     0.001151450 0.001091930 0.001129660 0.000916460 0.000962770 0.000928220 0.000936160 0.001032320 0.000986430 0.000971940 0.000997100 0.000935950 0.000945280 0.000993800 0.001032110 0.001024820 0.000929020 0.000949940 0.001096010 0.001021580 0.000919340 0.000928080 0.001069770 0.001084360 0.000873310 0.000725720 0.001185200 0.000980230 0.000910840 0.000897020 0.000642600 0.000647130 0.000647200 0.000213620 0.000000000 0.000077400 0.001028820 0.001022630 0.001687960 0.001650330 0.001710950 0.001069220 0.000954320 0.001031680 0.000892290 0.000689650 0.000743820 0.000745440 0.000715430 0.000918100 0.001597550 
24     0.001130470 0.001021090 0.001108680 0.000748340 0.000797950 0.000907240 0.000915180 0.001153160 0.000965450 0.000950960 0.000976120 0.000959030 0.000939610 0.001016710 0.001011130 0.001030610 0.000908040 0.000928960 0.001075030 0.001000600 0.000898360 0.000907100 0.001048790 0.001063380 0.000909000 0.000704740 0.001100420 0.000761690 0.000889860 0.000279770 0.000450810 0.000585850 0.000427670 0.000078710 0.000077400 0.000000000 0.000974600 0.001001650 0.001666980 0.001629350 0.001689970 0.001115790 0.000933340 0.001010700 0.000727470 0.000668670 0.000717510 0.000724460 0.000694450 0.000897120 0.001576570 
40     0.001183930 0.001126920 0.001196770 0.000829000 0.000754130 0.000930290 0.000985440 0.001000220 0.001084370 0.001004950 0.000971130 0.000903850 0.000913180 0.000961700 0.001020550 0.000992720 0.001161940 0.001046820 0.001158330 0.000995710 0.000954580 0.000960270 0.001191650 0.000979570 0.000841210 0.000833200 0.001018940 0.001008120 0.000865420 0.001176880 0.000922460 0.000958650 0.000955800 0.001045520 0.001028820 0.000974600 0.000000000 0.001012220 0.002202300 0.001841490 0.001854260 0.000934400 0.001011860 0.000978910 0.000666930 0.000604950 0.000656970 0.000664890 0.000759470 0.000913410 0.002111890 
7     0.001223680 0.001164160 0.001201890 0.000948410 0.000852290 0.001000450 0.001008390 0.001246370 0.001058660 0.001044170 0.001069330 0.001052240 0.001032820 0.001109920 0.001104340 0.001130410 0.001001250 0.001022170 0.001168240 0.001093810 0.000991570 0.001000310 0.001142000 0.001156590 0.001002210 0.000963770 0.001507060 0.001218280 0.001148890 0.001362590 0.000994180 0.000992480 0.000992550 0.001094460 0.001022630 0.001001650 0.001012220 0.000000000 0.000761550 0.000836760 0.000747780 0.001223320 0.001040870 0.000881630 0.000569650 0.000529760 0.000559690 0.000567610 0.000737300 0.000890360 0.001684100 
28     0.001889010 0.001829490 0.001867220 0.001654020 0.001749170 0.001665780 0.001673720 0.001911700 0.001723990 0.001709500 0.001734660 0.001717570 0.001698150 0.001775250 0.001769670 0.001795740 0.001666580 0.001687500 0.001833570 0.001759140 0.001656900 0.001665640 0.001807330 0.001821920 0.001667540 0.001629100 0.002172390 0.001883610 0.001814220 0.001994090 0.001659510 0.001657810 0.001657880 0.001759790 0.001687960 0.001666980 0.002202300 0.000761550 0.000000000 0.000049700 0.000049310 0.001284900 0.001244930 0.001708210 0.001832600 0.001048940 0.001495700 0.001497320 0.001467310 0.000861540 0.002349430 
15     0.001851380 0.001791860 0.001829590 0.001616390 0.001711540 0.001628150 0.001636090 0.001874070 0.001686360 0.001671870 0.001697030 0.001679940 0.001660520 0.001737620 0.001732040 0.001758110 0.001628950 0.001649870 0.001795940 0.001721510 0.001619270 0.001628010 0.001769700 0.001784290 0.001629910 0.001591470 0.002116730 0.001845980 0.001776590 0.001990290 0.001621880 0.001620180 0.001620250 0.001722160 0.001650330 0.001629350 0.001841490 0.000836760 0.000049700 0.000000000 0.000004750 0.001851020 0.001668570 0.001745930 0.001794970 0.001403900 0.001458070 0.001459690 0.001429680 0.001632350 0.002311800 
16     0.001912000 0.001852480 0.001890210 0.001677010 0.001772160 0.001688770 0.001696710 0.001934690 0.001746980 0.001732490 0.001757650 0.001740560 0.001721140 0.001798240 0.001792660 0.001818730 0.001689570 0.001710490 0.001856560 0.001782130 0.001679890 0.001688630 0.001830320 0.001844910 0.001690530 0.001652090 0.002129500 0.001906600 0.001837210 0.001980320 0.001682500 0.001680800 0.001680870 0.001782780 0.001710950 0.001689970 0.001854260 0.000747780 0.000049310 0.000004750 0.000000000 0.001257210 0.001217240 0.001680520 0.001855590 0.001021250 0.001518690 0.001520310 0.001490300 0.000833850 0.002372420 
43     0.001352140 0.001292620 0.001330350 0.001019700 0.001155610 0.001128910 0.001136850 0.001040620 0.001124770 0.001045350 0.001011530 0.000944250 0.000953580 0.001002100 0.001060950 0.001033120 0.001129710 0.001087220 0.001198730 0.001186410 0.001120030 0.001128770 0.001270460 0.001170270 0.000881610 0.001023900 0.001209640 0.001198820 0.001056120 0.001217280 0.000962860 0.000999050 0.000996200 0.001208600 0.001069220 0.001115790 0.000934400 0.001223320 0.001284900 0.001851020 0.001257210 0.000000000 0.000040010 0.000337440 0.000304410 0.000573630 0.000765030 0.000762840 0.000770510 0.000924450 0.001790000 
49     0.001169690 0.001110170 0.001147900 0.000934700 0.001029850 0.000946460 0.000954400 0.001118080 0.001004670 0.000990180 0.001015340 0.000998250 0.000978830 0.001055930 0.001050350 0.001076420 0.000947260 0.000968180 0.001114250 0.001039820 0.000937580 0.000946320 0.001088010 0.001102600 0.000948220 0.000895460 0.001287100 0.001149970 0.001080580 0.000971330 0.000925870 0.000924170 0.000924240 0.001026150 0.000954320 0.000933340 0.001011860 0.001040870 0.001244930 0.001668570 0.001217240 0.000040010 0.000000000 0.000275040 0.000059490 0.000586250 0.000672660 0.000674280 0.000644270 0.000846940 0.001607550 
50     0.001247050 0.001187530 0.001225260 0.000915100 0.000818980 0.000995140 0.001031760 0.001091920 0.001082030 0.001067540 0.001062830 0.000995550 0.001004880 0.001053400 0.001112250 0.001068130 0.001024620 0.001045540 0.001191610 0.001117180 0.001014940 0.001023680 0.001165370 0.001179960 0.000932910 0.000972820 0.001260940 0.001227330 0.001107420 0.000946600 0.001003230 0.001001530 0.001001600 0.001103510 0.001031680 0.001010700 0.000978910 0.000881630 0.001708210 0.001745930 0.001680520 0.000337440 0.000275040 0.000000000 0.000256060 0.000456690 0.000477960 0.000485880 0.000655570 0.000808630 0.001684910 
48     0.001296090 0.001236570 0.001274300 0.000603120 0.000507000 0.000683160 0.000820030 0.001025330 0.001109480 0.000908080 0.000996240 0.000928960 0.000938290 0.000986810 0.001045660 0.000992390 0.001073660 0.001071930 0.001183440 0.001137920 0.001063980 0.001072720 0.001214410 0.001154980 0.000736720 0.001008610 0.001194350 0.001183530 0.001040830 0.000870860 0.000947570 0.000983760 0.000980910 0.000798390 0.000892290 0.000727470 0.000666930 0.000569650 0.001832600 0.001794970 0.001855590 0.000304410 0.000059490 0.000256060 0.000000000 0.000144710 0.000165980 0.000173900 0.000343590 0.000496650 0.001733950 
47     0.000905020 0.000845500 0.000883230 0.000563230 0.000467110 0.000643270 0.000689730 0.000711170 0.000740000 0.000715900 0.000682080 0.000614800 0.000624130 0.000672650 0.000731500 0.000700980 0.000682590 0.000703510 0.000849580 0.000775150 0.000672910 0.000681650 0.000823340 0.000837930 0.000552160 0.000630790 0.000880190 0.000869370 0.000726670 0.000579450 0.000633410 0.000659500 0.000659570 0.000758500 0.000689650 0.000668670 0.000604950 0.000529760 0.001048940 0.001403900 0.001021250 0.000573630 0.000586250 0.000456690 0.000144710 0.000000000 0.000134750 0.000142670 0.000312360 0.000465420 0.001342880 
46     0.000959190 0.000899670 0.000937400 0.000593160 0.000497040 0.000673200 0.000743900 0.000860210 0.000794170 0.000779680 0.000804840 0.000763840 0.000768330 0.000821690 0.000839850 0.000852710 0.000736760 0.000757680 0.000903750 0.000829320 0.000727080 0.000735820 0.000877510 0.000892100 0.000701200 0.000684960 0.001029230 0.000939470 0.000870080 0.001036870 0.000715370 0.000713670 0.000713740 0.000788430 0.000743820 0.000717510 0.000656970 0.000559690 0.001495700 0.001458070 0.001518690 0.000765030 0.000672660 0.000477960 0.000165980 0.000134750 0.000000000 0.000000190 0.000059050 0.000200180 0.001397050 
42     0.000960810 0.000901290 0.000939020 0.000601080 0.000504960 0.000681120 0.000745520 0.000858020 0.000795790 0.000781300 0.000806460 0.000761650 0.000769950 0.000819500 0.000841470 0.000850520 0.000738380 0.000759300 0.000905370 0.000830940 0.000728700 0.000737440 0.000879130 0.000893720 0.000699010 0.000686580 0.001027040 0.000941090 0.000871700 0.001034680 0.000716990 0.000715290 0.000715360 0.000796350 0.000745440 0.000724460 0.000664890 0.000567610 0.001497320 0.001459690 0.001520310 0.000762840 0.000674280 0.000485880 0.000173900 0.000142670 0.000000190 0.000000000 0.000007590 0.000252840 0.001398670 
44     0.000930800 0.000871280 0.000909010 0.000695810 0.000674650 0.000707570 0.000715510 0.000865690 0.000765780 0.000751290 0.000776450 0.000759360 0.000739940 0.000817040 0.000811460 0.000837530 0.000708370 0.000729290 0.000875360 0.000800930 0.000698690 0.000707430 0.000849120 0.000863710 0.000706680 0.000656570 0.001034710 0.000911080 0.000841690 0.001042350 0.000686980 0.000685280 0.000685350 0.000787260 0.000715430 0.000694450 0.000759470 0.000737300 0.001467310 0.001429680 0.001490300 0.000770510 0.000644270 0.000655570 0.000343590 0.000312360 0.000059050 0.000007590 0.000000000 0.000102240 0.001368660 
45     0.001133470 0.001073950 0.001111680 0.000898480 0.000827710 0.000910240 0.000918180 0.001019630 0.000968450 0.000953960 0.000979120 0.000923260 0.000932590 0.000981110 0.001014130 0.001012130 0.000911040 0.000931960 0.001078030 0.001003600 0.000901360 0.000910100 0.001051790 0.001066380 0.000860620 0.000810690 0.001156750 0.001113750 0.001035130 0.001196290 0.000889650 0.000887950 0.000888020 0.000989930 0.000918100 0.000897120 0.000913410 0.000890360 0.000861540 0.001632350 0.000833850 0.000924450 0.000846940 0.000808630 0.000496650 0.000465420 0.000200180 0.000252840 0.000102240 0.000000000 0.001571330 
0     0.001812920 0.001753400 0.001791130 0.001577930 0.001673080 0.001589690 0.001597630 0.001835610 0.001647900 0.001633410 0.001658570 0.001641480 0.001622060 0.001699160 0.001693580 0.001719650 0.001590490 0.001611410 0.001757480 0.001683050 0.001580810 0.001589550 0.001731240 0.001745830 0.001591450 0.001538690 0.002081980 0.001793200 0.001723810 0.001937510 0.001569100 0.001567400 0.001567470 0.001669380 0.001597550 0.001576570 0.002111890 0.001684100 0.002349430 0.002311800 0.002372420 0.001790000 0.001607550 0.001684910 0.001733950 0.001342880 0.001397050 0.001398670 0.001368660 0.001571330 0.000000000 
