51
17     0.000000000 0.014239614 0.016449339 0.049111430 0.054114985 0.048771783 0.049810185 0.064607768 0.058987819 0.062427823 0.063280689 0.054890562 0.054338200 0.062058676 0.061201026 0.060316417 0.059931244 0.058340070 0.068788828 0.056643270 0.054845312 0.055265895 0.064094301 0.064350586 0.059430406 0.054571251 0.080463236 0.071416458 0.069437335 0.079894197 0.067715987 0.067623249 0.066856460 0.074485909 0.075585017 0.070936906 0.073211516 0.081590318 0.123332787 0.122976342 0.124105766 0.087749026 0.083982583 0.081713663 0.082430826 0.059758136 0.069890792 0.069875617 0.071074814 0.075874865 0.128060026 
32     0.014239614 0.000000000 0.012640775 0.049470032 0.054473587 0.049130385 0.050168788 0.064967065 0.059347116 0.062787120 0.063639987 0.055249859 0.054697498 0.062417973 0.061560323 0.060675715 0.060290541 0.058699367 0.069148125 0.056997240 0.055199282 0.055619865 0.064448271 0.064704555 0.059784375 0.054927828 0.080819813 0.071773034 0.069793912 0.080250773 0.068072563 0.067979825 0.067213037 0.074842486 0.075941594 0.071293482 0.073568092 0.081946895 0.123689363 0.123332918 0.124462343 0.088105602 0.084339159 0.082070240 0.082787402 0.060114712 0.070247368 0.070232193 0.071431390 0.076231442 0.128416602 
11     0.016449339 0.012640775 0.000000000 0.051194618 0.056198172 0.050854971 0.051893373 0.066685736 0.061065787 0.064589591 0.065442457 0.056968530 0.056416168 0.064136644 0.063278994 0.062394386 0.062009212 0.060418038 0.070866796 0.058716131 0.056918173 0.057338756 0.066167162 0.066423446 0.061503266 0.056679431 0.082571417 0.073524638 0.071545515 0.082010093 0.069831883 0.069739145 0.068972357 0.076601806 0.077700914 0.073052803 0.075329659 0.083708462 0.125450930 0.125094485 0.126223910 0.089867169 0.086100726 0.083831807 0.084548970 0.061876279 0.072008935 0.071993760 0.073192957 0.077993009 0.130178169 
3     0.049111430 0.049470032 0.051194618 0.000000000 0.019209443 0.026449445 0.027454216 0.058731202 0.053143543 0.056444954 0.057297894 0.048990181 0.048435738 0.056162532 0.055304092 0.054343201 0.053957695 0.052367118 0.062815770 0.050512829 0.048717601 0.049138184 0.057980997 0.058260242 0.053546127 0.048955261 0.074847246 0.066102294 0.064123172 0.074051189 0.061854092 0.061761354 0.060994565 0.069058243 0.070157351 0.065509239 0.067384637 0.075921910 0.117663995 0.117307550 0.118436975 0.082048999 0.078282556 0.076013636 0.076730799 0.054058109 0.064189796 0.064174621 0.065373818 0.070173870 0.122489468 
2     0.054114985 0.054473587 0.056198172 0.019209443 0.000000000 0.031422370 0.032449387 0.063716027 0.058128368 0.061429779 0.062282719 0.053975006 0.053420563 0.061147357 0.060288917 0.059328026 0.058942520 0.057351943 0.067800595 0.055497654 0.053702426 0.054123009 0.062965342 0.063244587 0.058530472 0.053942774 0.079834759 0.071089807 0.069110685 0.079038702 0.066841605 0.066748867 0.065982079 0.074045756 0.075144864 0.070496752 0.072372151 0.080909423 0.122651508 0.122295064 0.123424488 0.087036512 0.083270069 0.081001150 0.081718313 0.059045623 0.069177310 0.069162135 0.070361332 0.075161383 0.127476981 
19     0.048771783 0.049130385 0.050854971 0.026449445 0.031422370 0.000000000 0.010761675 0.058482886 0.052895226 0.056257430 0.057110296 0.048755816 0.048201372 0.055928167 0.055069727 0.054148849 0.053763343 0.052172767 0.062621418 0.050180320 0.048385092 0.048805675 0.057676278 0.057927253 0.053212678 0.048624469 0.074516467 0.065771515 0.063792392 0.073719761 0.061516608 0.061423870 0.060657081 0.068723792 0.069822900 0.065177812 0.067103388 0.075584637 0.117326722 0.116970277 0.118099702 0.081708348 0.077941905 0.075672985 0.076390148 0.053717458 0.063849145 0.063833970 0.065033167 0.069833219 0.122183754 
33     0.049810185 0.050168788 0.051893373 0.027454216 0.032449387 0.010761675 0.000000000 0.059520615 0.053932956 0.057295159 0.058148025 0.049793545 0.049239101 0.056965896 0.056107456 0.055186579 0.054801072 0.053210496 0.063659148 0.051218049 0.049422821 0.049843404 0.058714007 0.058964982 0.054250407 0.049662198 0.075554196 0.066809244 0.064830121 0.074757490 0.062554337 0.062461599 0.061694810 0.069761521 0.070860629 0.066215541 0.068141117 0.076622366 0.118364451 0.118008006 0.119137431 0.082746077 0.078979634 0.076710714 0.077427877 0.054755187 0.064886874 0.064871699 0.066070896 0.070870948 0.123221483 
18     0.064607768 0.064967065 0.066685736 0.058731202 0.063716027 0.058482886 0.059520615 0.000000000 0.033246084 0.058917648 0.059723195 0.051196421 0.050607021 0.058341201 0.057523442 0.056593440 0.056185051 0.054613087 0.065073647 0.058229780 0.056352049 0.056681140 0.065677693 0.065854991 0.060885477 0.059152361 0.085014961 0.076263535 0.074284412 0.084377157 0.072173056 0.072083545 0.071316756 0.079468146 0.080564926 0.075916996 0.077883474 0.086250344 0.127995108 0.127638663 0.128768088 0.092315756 0.088549313 0.086280393 0.086997556 0.064324758 0.074457413 0.074442238 0.075641435 0.080441487 0.132776456 
30     0.058987819 0.059347116 0.061065787 0.053143543 0.058128368 0.052895226 0.053932956 0.033246084 0.000000000 0.053277230 0.054082777 0.045593328 0.045003928 0.052738108 0.051920349 0.050986338 0.050577948 0.049005985 0.059466545 0.052643452 0.050765721 0.051094812 0.060093365 0.060267458 0.055319055 0.053553190 0.079415790 0.070656927 0.068677805 0.078779728 0.066575628 0.066486117 0.065719328 0.073870718 0.074967497 0.070319568 0.072284303 0.080653388 0.122398152 0.122041707 0.123171132 0.086718800 0.082952357 0.080683437 0.081400600 0.058727802 0.068860458 0.068845283 0.070044480 0.074844531 0.127179500 
41     0.062427823 0.062787120 0.064589591 0.056444954 0.061429779 0.056257430 0.057295159 0.058917648 0.053277230 0.000000000 0.017161446 0.046738589 0.046230533 0.054021504 0.053117985 0.052233859 0.051756284 0.050261309 0.060679694 0.055892880 0.054047550 0.054373416 0.063132514 0.063345948 0.058414072 0.057075427 0.082939387 0.074122008 0.072142886 0.082152481 0.069952682 0.069863171 0.069096382 0.077071843 0.078168007 0.073517257 0.075466576 0.083830998 0.125574737 0.125218292 0.126347717 0.089945895 0.086179452 0.083910533 0.084627696 0.061954898 0.072087553 0.072072378 0.073271575 0.078071627 0.130416844 
1     0.063280689 0.063639987 0.065442457 0.057297894 0.062282719 0.057110296 0.058148025 0.059723195 0.054082777 0.017161446 0.000000000 0.047502887 0.046994831 0.054785801 0.053882283 0.053007249 0.052529674 0.051034699 0.061453084 0.056750085 0.054904786 0.055230652 0.063989719 0.064206267 0.059271308 0.057924144 0.083787526 0.074970726 0.072991603 0.083000620 0.070800821 0.070711310 0.069944521 0.077919982 0.079016146 0.074365396 0.076314715 0.084679137 0.126422876 0.126066431 0.127195856 0.090794034 0.087027591 0.084758672 0.085475835 0.062803037 0.072935692 0.072920517 0.074119714 0.078919766 0.131264983 
10     0.054890562 0.055249859 0.056968530 0.048990181 0.053975006 0.048755816 0.049793545 0.051196421 0.045593328 0.046738589 0.047502887 0.000000000 0.016329656 0.024384706 0.023452584 0.035268729 0.034623382 0.033200497 0.043469777 0.048421521 0.046579477 0.046904842 0.055748481 0.055983741 0.050926531 0.049469764 0.075323136 0.066492497 0.064513375 0.074623563 0.062422549 0.062329811 0.061563022 0.069548144 0.070644307 0.065993557 0.067978458 0.076389179 0.118132918 0.117776474 0.118905898 0.082498453 0.078732010 0.076463090 0.077180253 0.054507455 0.064640110 0.064624935 0.065824132 0.070624184 0.122959430 
21     0.054338200 0.054697498 0.056416168 0.048435738 0.053420563 0.048201372 0.049239101 0.050607021 0.045003928 0.046230533 0.046994831 0.016329656 0.000000000 0.020303227 0.019293264 0.034649015 0.034064849 0.032576589 0.042872507 0.047850776 0.046012401 0.046337766 0.055177177 0.055412437 0.050362072 0.048915891 0.074769263 0.065938625 0.063959502 0.074070651 0.061869636 0.061776898 0.061010110 0.068995874 0.070092037 0.065441287 0.067425383 0.075836094 0.117579834 0.117223389 0.118352813 0.081945368 0.078178925 0.075910005 0.076627168 0.053954370 0.064087025 0.064071850 0.065271047 0.070071099 0.122406345 
31     0.062058676 0.062417973 0.064136644 0.056162532 0.061147357 0.055928167 0.056965896 0.058341201 0.052738108 0.054021504 0.054785801 0.024384706 0.020303227 0.000000000 0.012616947 0.042413010 0.041724589 0.040345814 0.050626319 0.055619589 0.053781213 0.054106579 0.062945989 0.063181250 0.058132104 0.056652375 0.082505747 0.073675109 0.071695986 0.081803182 0.069602168 0.069509430 0.068742641 0.076726175 0.077822338 0.073171589 0.075157914 0.083568626 0.125312365 0.124955920 0.126085345 0.089677899 0.085911456 0.083642537 0.084359699 0.061686901 0.071819557 0.071804382 0.073003579 0.077803631 0.130138877 
20     0.061201026 0.061560323 0.063278994 0.055304092 0.060288917 0.055069727 0.056107456 0.057523442 0.051920349 0.053117985 0.053882283 0.023452584 0.019293264 0.012616947 0.000000000 0.041467140 0.040778353 0.039393412 0.049673917 0.054764395 0.052926019 0.053251385 0.062090795 0.062326056 0.057278520 0.055786176 0.081639547 0.072808909 0.070829787 0.080920967 0.068719953 0.068627215 0.067860426 0.075843960 0.076940123 0.072289374 0.074275699 0.082686411 0.124430150 0.124073705 0.125203130 0.088795684 0.085029241 0.082760321 0.083477484 0.060804686 0.070937342 0.070922167 0.072121364 0.076921416 0.129256662 
25     0.060316417 0.060675715 0.062394386 0.054343201 0.059328026 0.054148849 0.055186579 0.056593440 0.050986338 0.052233859 0.053007249 0.035268729 0.034649015 0.042413010 0.041467140 0.000000000 0.020761218 0.021159084 0.031361378 0.053942235 0.052098433 0.052423799 0.061262457 0.061511589 0.056494975 0.054916173 0.080779554 0.071925212 0.069946089 0.080042250 0.067847384 0.067754646 0.066987857 0.074964153 0.076060316 0.071409567 0.073388561 0.081804893 0.123548633 0.123192188 0.124321612 0.087913691 0.084147248 0.081878329 0.082595492 0.059922694 0.070055349 0.070040174 0.071239371 0.076039423 0.128374669 
29     0.059931244 0.060290541 0.062009212 0.053957695 0.058942520 0.053763343 0.054801072 0.056185051 0.050577948 0.051756284 0.052529674 0.034623382 0.034064849 0.041724589 0.040778353 0.020761218 0.000000000 0.021379157 0.030493582 0.053512110 0.051668308 0.051993674 0.060832332 0.061081464 0.056055631 0.054488422 0.080351804 0.071497461 0.069518339 0.079632132 0.067437265 0.067344527 0.066577739 0.074554234 0.075650397 0.070999648 0.072978642 0.081394974 0.123138714 0.122782269 0.123911693 0.087503773 0.083737330 0.081468410 0.082185573 0.059512775 0.069645430 0.069630255 0.070829452 0.075629504 0.127964750 
4     0.058340070 0.058699367 0.060418038 0.052367118 0.057351943 0.052172767 0.053210496 0.054613087 0.049005985 0.050261309 0.051034699 0.033200497 0.032576589 0.040345814 0.039393412 0.021159084 0.021379157 0.000000000 0.026703747 0.051979964 0.050136163 0.050461528 0.059300187 0.059549318 0.054530510 0.052938285 0.078801667 0.069947324 0.067968202 0.078064704 0.065869838 0.065777100 0.065010311 0.072987464 0.074083627 0.069432878 0.071411143 0.079827760 0.121571499 0.121215055 0.122344479 0.085936558 0.082170115 0.079901196 0.080618359 0.057945561 0.068078216 0.068063041 0.069262238 0.074062290 0.126397536 
35     0.068788828 0.069148125 0.070866796 0.062815770 0.067800595 0.062621418 0.063659148 0.065073647 0.059466545 0.060679694 0.061453084 0.043469777 0.042872507 0.050626319 0.049673917 0.031361378 0.030493582 0.026703747 0.000000000 0.062418029 0.060574227 0.060899593 0.069738155 0.069987383 0.064964925 0.063379229 0.089242611 0.080388268 0.078409146 0.088510074 0.076315208 0.076222470 0.075455681 0.083431977 0.084528141 0.079877391 0.081855243 0.090269899 0.132013639 0.131657194 0.132786618 0.096379173 0.092612730 0.090343810 0.091060973 0.068388175 0.078520831 0.078505656 0.079704853 0.084504904 0.136840150 
39     0.056643270 0.056997240 0.058716131 0.050512829 0.055497654 0.050180320 0.051218049 0.058229780 0.052643452 0.055892880 0.056750085 0.048421521 0.047850776 0.055619589 0.054764395 0.053942235 0.053512110 0.051979964 0.062418029 0.000000000 0.023156657 0.023838515 0.039424256 0.039464103 0.044516716 0.050917006 0.076802070 0.067854176 0.065875054 0.076145312 0.063978516 0.063885778 0.063118989 0.071132092 0.072228256 0.067580706 0.069688387 0.077911376 0.119645718 0.119289273 0.120418697 0.084021520 0.080255077 0.077986157 0.078703320 0.056030522 0.066167319 0.066152144 0.067351341 0.072151392 0.124519180 
14     0.054845312 0.055199282 0.056918173 0.048717601 0.053702426 0.048385092 0.049422821 0.056352049 0.050765721 0.054047550 0.054904786 0.046579477 0.046012401 0.053781213 0.052926019 0.052098433 0.051668308 0.050136163 0.060574227 0.023156657 0.000000000 0.013954246 0.037622905 0.037541660 0.042731693 0.049113966 0.074999031 0.066051137 0.064072015 0.074371321 0.062192843 0.062100105 0.061333316 0.069372056 0.070468220 0.065820906 0.067875087 0.076108566 0.117842908 0.117486463 0.118615888 0.082199987 0.078433544 0.076164624 0.076881787 0.054211076 0.064347540 0.064332365 0.065531562 0.070331614 0.122710026 
36     0.055265895 0.055619865 0.057338756 0.049138184 0.054123009 0.048805675 0.049843404 0.056681140 0.051094812 0.054373416 0.055230652 0.046904842 0.046337766 0.054106579 0.053251385 0.052423799 0.051993674 0.050461528 0.060899593 0.023838515 0.013954246 0.000000000 0.037800883 0.037815422 0.043114584 0.049495764 0.075380829 0.066432935 0.064453812 0.074756301 0.062577823 0.062485085 0.061718296 0.069757036 0.070853200 0.066205886 0.068260067 0.076493546 0.118227888 0.117871443 0.119000868 0.082584967 0.078818524 0.076549604 0.077266767 0.054596056 0.064732520 0.064717345 0.065916542 0.070716594 0.123095006 
9     0.064094301 0.064448271 0.066167162 0.057980997 0.062965342 0.057676278 0.058714007 0.065677693 0.060093365 0.063132514 0.063989719 0.055748481 0.055177177 0.062945989 0.062090795 0.061262457 0.060832332 0.059300187 0.069738155 0.039424256 0.037622905 0.037800883 0.000000000 0.041735161 0.052057916 0.058363630 0.084249492 0.075325755 0.073346632 0.083599233 0.071421750 0.071329013 0.070562224 0.078599839 0.079696003 0.075048689 0.077089083 0.085342794 0.127077135 0.126720690 0.127850115 0.091434353 0.087667910 0.085398990 0.086116153 0.063445691 0.073581906 0.073566731 0.074765928 0.079565980 0.131945653 
34     0.064350586 0.064704555 0.066423446 0.058260242 0.063244587 0.057927253 0.058964982 0.065854991 0.060267458 0.063345948 0.064206267 0.055983741 0.055412437 0.063181250 0.062326056 0.061511589 0.061081464 0.059549318 0.069987383 0.039464103 0.037541660 0.037815422 0.041735161 0.000000000 0.052146223 0.058603521 0.084488586 0.075564848 0.073585726 0.083843463 0.071665981 0.071573243 0.070806454 0.078839084 0.079935247 0.075287934 0.077340512 0.085552876 0.127287218 0.126930773 0.128060198 0.091643115 0.087876672 0.085607752 0.086324915 0.063654204 0.073790668 0.073775493 0.074974690 0.079774742 0.132161930 
27     0.059430406 0.059784375 0.061503266 0.053546127 0.058530472 0.053212678 0.054250407 0.060885477 0.055319055 0.058414072 0.059271308 0.050926531 0.050362072 0.058132104 0.057278520 0.056494975 0.056055631 0.054530510 0.064964925 0.044516716 0.042731693 0.043114584 0.052057916 0.052146223 0.000000000 0.053715131 0.079600195 0.070847744 0.068868622 0.078916058 0.066734897 0.066642159 0.065875370 0.073956256 0.075053035 0.070405106 0.072498722 0.080695305 0.122429647 0.122073202 0.123202626 0.086825109 0.083058666 0.080789746 0.081506909 0.058833862 0.068965798 0.068950623 0.070149820 0.074949872 0.127322607 
13     0.054571251 0.054927828 0.056679431 0.048955261 0.053942774 0.048624469 0.049662198 0.059152361 0.053553190 0.057075427 0.057924144 0.049469764 0.048915891 0.056652375 0.055786176 0.054916173 0.054488422 0.052938285 0.063379229 0.050917006 0.049113966 0.049495764 0.058363630 0.058603521 0.053715131 0.000000000 0.041512604 0.043815824 0.041839967 0.065895363 0.053514209 0.053421471 0.052654683 0.060184112 0.061286957 0.056626991 0.059535306 0.067900774 0.109637773 0.109281328 0.110410752 0.074212312 0.070445869 0.068176950 0.068894113 0.046218111 0.056463542 0.056448367 0.057647564 0.062447616 0.114563961 
8     0.080463236 0.080819813 0.082571417 0.074847246 0.079834759 0.074516467 0.075554196 0.085014961 0.079415790 0.082939387 0.083787526 0.075323136 0.074769263 0.082505747 0.081639547 0.080779554 0.080351804 0.078801667 0.089242611 0.076802070 0.074999031 0.075380829 0.084249492 0.084488586 0.079600195 0.041512604 0.000000000 0.069901525 0.067931776 0.091681734 0.079293051 0.079200313 0.078433524 0.086127659 0.087230505 0.082570538 0.085466455 0.093781700 0.135518698 0.135162253 0.136291678 0.100096520 0.096330077 0.094061158 0.094778321 0.072102319 0.082347750 0.082332575 0.083531772 0.088331824 0.140431427 
6     0.071416458 0.071773034 0.073524638 0.066102294 0.071089807 0.065771515 0.066809244 0.076263535 0.070656927 0.074122008 0.074970726 0.066492497 0.065938625 0.073675109 0.072808909 0.071925212 0.071497461 0.069947324 0.080388268 0.067854176 0.066051137 0.066432935 0.075325755 0.075564848 0.070847744 0.043815824 0.069901525 0.000000000 0.013458596 0.083269554 0.070920921 0.070828184 0.070061395 0.077480296 0.078583141 0.073923175 0.076670939 0.085002579 0.126743962 0.126387517 0.127516942 0.091277965 0.087511522 0.085242602 0.085959765 0.063281734 0.073535277 0.073520102 0.074719299 0.079519351 0.131642125 
12     0.069437335 0.069793912 0.071545515 0.064123172 0.069110685 0.063792392 0.064830121 0.074284412 0.068677805 0.072142886 0.072991603 0.064513375 0.063959502 0.071695986 0.070829787 0.069946089 0.069518339 0.067968202 0.078409146 0.065875054 0.064072015 0.064453812 0.073346632 0.073585726 0.068868622 0.041839967 0.067931776 0.013458596 0.000000000 0.081290432 0.068941799 0.068849061 0.068082273 0.075501174 0.076604019 0.071944052 0.074691816 0.083023457 0.124764840 0.124408395 0.125537819 0.089298843 0.085532400 0.083263480 0.083980643 0.061302611 0.071556155 0.071540980 0.072740177 0.077540228 0.129663003 
37     0.079894197 0.080250773 0.082010093 0.074051189 0.079038702 0.073719761 0.074757490 0.084377157 0.078779728 0.082152481 0.083000620 0.074623563 0.074070651 0.081803182 0.080920967 0.080042250 0.079632132 0.078064704 0.088510074 0.076145312 0.074371321 0.074756301 0.083599233 0.083843463 0.078916058 0.065895363 0.091681734 0.083269554 0.081290432 0.000000000 0.057117192 0.057007361 0.056269916 0.074652037 0.075782631 0.071107381 0.081257735 0.089830423 0.131559430 0.131202985 0.132332409 0.096267425 0.092500982 0.090232063 0.090949225 0.068271967 0.078421128 0.078405953 0.079605150 0.084405201 0.136576535 
23     0.067715987 0.068072563 0.069831883 0.061854092 0.066841605 0.061516608 0.062554337 0.072173056 0.066575628 0.069952682 0.070800821 0.062422549 0.061869636 0.069602168 0.068719953 0.067847384 0.067437265 0.065869838 0.076315208 0.063978516 0.062192843 0.062577823 0.071421750 0.071665981 0.066734897 0.053514209 0.079293051 0.070920921 0.068941799 0.057117192 0.000000000 0.010547127 0.009375709 0.062132793 0.063251597 0.058582508 0.068851539 0.077627272 0.119356868 0.119000423 0.120129847 0.084015521 0.080249078 0.077980159 0.078697322 0.056023005 0.066169809 0.066154634 0.067353831 0.072153883 0.124375950 
22     0.067623249 0.067979825 0.069739145 0.061761354 0.066748867 0.061423870 0.062461599 0.072083545 0.066486117 0.069863171 0.070711310 0.062329811 0.061776898 0.069509430 0.068627215 0.067754646 0.067344527 0.065777100 0.076222470 0.063885778 0.062100105 0.062485085 0.071329013 0.071573243 0.066642159 0.053421471 0.079200313 0.070828184 0.068849061 0.057007361 0.010547127 0.000000000 0.008992612 0.062075889 0.063194693 0.058527008 0.068762606 0.077546907 0.119279500 0.118923055 0.120052479 0.083935157 0.080168714 0.077899795 0.078616958 0.055942641 0.066089445 0.066074270 0.067273467 0.072073519 0.124295586 
38     0.066856460 0.067213037 0.068972357 0.060994565 0.065982079 0.060657081 0.061694810 0.071316756 0.065719328 0.069096382 0.069944521 0.061563022 0.061010110 0.068742641 0.067860426 0.066987857 0.066577739 0.065010311 0.075455681 0.063118989 0.061333316 0.061718296 0.070562224 0.070806454 0.065875370 0.052654683 0.078433524 0.070061395 0.068082273 0.056269916 0.009375709 0.008992612 0.000000000 0.061278679 0.062397482 0.057729798 0.067995133 0.076770777 0.118500373 0.118143928 0.119273352 0.083159027 0.079392584 0.077123664 0.077840827 0.055166510 0.065313314 0.065298139 0.066497336 0.071297388 0.123519455 
5     0.074485909 0.074842486 0.076601806 0.069058243 0.074045756 0.068723792 0.069761521 0.079468146 0.073870718 0.077071843 0.077919982 0.069548144 0.068995874 0.076726175 0.075843960 0.074964153 0.074554234 0.072987464 0.083431977 0.071132092 0.069372056 0.069757036 0.078599839 0.078839084 0.073956256 0.060184112 0.086127659 0.077480296 0.075501174 0.074652037 0.062132793 0.062075889 0.061278679 0.000000000 0.028565948 0.027269208 0.076417865 0.084506147 0.126234694 0.125878249 0.127007673 0.091128711 0.087362268 0.085093348 0.085810511 0.063132038 0.073285759 0.073270584 0.074469781 0.079269833 0.131132809 
26     0.075585017 0.075941594 0.077700914 0.070157351 0.075144864 0.069822900 0.070860629 0.080564926 0.074967497 0.078168007 0.079016146 0.070644307 0.070092037 0.077822338 0.076940123 0.076060316 0.075650397 0.074083627 0.084528141 0.072228256 0.070468220 0.070853200 0.079696003 0.079935247 0.075053035 0.061286957 0.087230505 0.078583141 0.076604019 0.075782631 0.063251597 0.063194693 0.062397482 0.028565948 0.000000000 0.027872020 0.077519152 0.085599548 0.127328095 0.126971650 0.128101074 0.092222112 0.088455669 0.086186749 0.086903912 0.064225439 0.074379160 0.074363985 0.075563182 0.080363234 0.132226210 
24     0.070936906 0.071293482 0.073052803 0.065509239 0.070496752 0.065177812 0.066215541 0.075916996 0.070319568 0.073517257 0.074365396 0.065993557 0.065441287 0.073171589 0.072289374 0.071409567 0.070999648 0.069432878 0.079877391 0.067580706 0.065820906 0.066205886 0.075048689 0.075287934 0.070405106 0.056626991 0.082570538 0.073923175 0.071944052 0.071107381 0.058582508 0.058527008 0.057729798 0.027269208 0.027872020 0.000000000 0.072867480 0.080952114 0.122680661 0.122324216 0.123453640 0.087601754 0.083835311 0.081566391 0.082283554 0.059605082 0.069758802 0.069743627 0.070942824 0.075742876 0.127602960 
40     0.073211516 0.073568092 0.075329659 0.067384637 0.072372151 0.067103388 0.068141117 0.077883474 0.072284303 0.075466576 0.076314715 0.067978458 0.067425383 0.075157914 0.074275699 0.073388561 0.072978642 0.071411143 0.081855243 0.069688387 0.067875087 0.068260067 0.077089083 0.077340512 0.072498722 0.059535306 0.085466455 0.076670939 0.074691816 0.081257735 0.068851539 0.068762606 0.067995133 0.076417865 0.077519152 0.072867480 0.000000000 0.081943878 0.123667585 0.123311140 0.124440565 0.088643184 0.084876741 0.082607822 0.083324985 0.060674665 0.070929018 0.070913843 0.072113040 0.076913092 0.128977582 
7     0.081590318 0.081946895 0.083708462 0.075921910 0.080909423 0.075584637 0.076622366 0.086250344 0.080653388 0.083830998 0.084679137 0.076389179 0.075836094 0.083568626 0.082686411 0.081804893 0.081394974 0.079827760 0.090269899 0.077911376 0.076108566 0.076493546 0.085342794 0.085552876 0.080695305 0.067900774 0.093781700 0.085002579 0.083023457 0.089830423 0.077627272 0.077546907 0.076770777 0.084506147 0.085599548 0.080952114 0.081943878 0.000000000 0.095602431 0.095245986 0.096375690 0.087033000 0.083266557 0.080997637 0.081714800 0.059220489 0.069512096 0.069496921 0.070696118 0.075495903 0.127543060 
28     0.123332787 0.123689363 0.125450930 0.117663995 0.122651508 0.117326722 0.118364451 0.127995108 0.122398152 0.125574737 0.126422876 0.118132918 0.117579834 0.125312365 0.124430150 0.123548633 0.123138714 0.121571499 0.132013639 0.119645718 0.117842908 0.118227888 0.127077135 0.127287218 0.122429647 0.109637773 0.135518698 0.126743962 0.124764840 0.131559430 0.119356868 0.119279500 0.118500373 0.126234694 0.127328095 0.122680661 0.123667585 0.095602431 0.000000000 0.019575095 0.022282808 0.128756368 0.124989925 0.122721005 0.123438168 0.100913938 0.111205544 0.111190369 0.112389566 0.117189351 0.169244780 
15     0.122976342 0.123332918 0.125094485 0.117307550 0.122295064 0.116970277 0.118008006 0.127638663 0.122041707 0.125218292 0.126066431 0.117776474 0.117223389 0.124955920 0.124073705 0.123192188 0.122782269 0.121215055 0.131657194 0.119289273 0.117486463 0.117871443 0.126720690 0.126930773 0.122073202 0.109281328 0.135162253 0.126387517 0.124408395 0.131202985 0.119000423 0.118923055 0.118143928 0.125878249 0.126971650 0.122324216 0.123311140 0.095245986 0.019575095 0.000000000 0.022525992 0.128399923 0.124633480 0.122364560 0.123081723 0.100557493 0.110849099 0.110833924 0.112033121 0.116832906 0.168888335 
16     0.124105766 0.124462343 0.126223910 0.118436975 0.123424488 0.118099702 0.119137431 0.128768088 0.123171132 0.126347717 0.127195856 0.118905898 0.118352813 0.126085345 0.125203130 0.124321612 0.123911693 0.122344479 0.132786618 0.120418697 0.118615888 0.119000868 0.127850115 0.128060198 0.123202626 0.110410752 0.136291678 0.127516942 0.125537819 0.132332409 0.120129847 0.120052479 0.119273352 0.127007673 0.128101074 0.123453640 0.124440565 0.096375690 0.022282808 0.022525992 0.000000000 0.129529347 0.125762904 0.123493985 0.124211148 0.101686917 0.111978524 0.111963349 0.113162546 0.117962331 0.170017759 
43     0.087749026 0.088105602 0.089867169 0.082048999 0.087036512 0.081708348 0.082746077 0.092315756 0.086718800 0.089945895 0.090794034 0.082498453 0.081945368 0.089677899 0.088795684 0.087913691 0.087503773 0.085936558 0.096379173 0.084021520 0.082199987 0.082584967 0.091434353 0.091643115 0.086825109 0.074212312 0.100096520 0.091277965 0.089298843 0.096267425 0.084015521 0.083935157 0.083159027 0.091128711 0.092222112 0.087601754 0.088643184 0.087033000 0.128756368 0.128399923 0.129529347 0.000000000 0.036653910 0.034205593 0.034919174 0.050256145 0.061980787 0.061965612 0.063173935 0.067966368 0.131828840 
49     0.083982583 0.084339159 0.086100726 0.078282556 0.083270069 0.077941905 0.078979634 0.088549313 0.082952357 0.086179452 0.087027591 0.078732010 0.078178925 0.085911456 0.085029241 0.084147248 0.083737330 0.082170115 0.092612730 0.080255077 0.078433544 0.078818524 0.087667910 0.087876672 0.083058666 0.070445869 0.096330077 0.087511522 0.085532400 0.092500982 0.080249078 0.080168714 0.079392584 0.087362268 0.088455669 0.083835311 0.084876741 0.083266557 0.124989925 0.124633480 0.125762904 0.036653910 0.000000000 0.023092348 0.029458127 0.046498783 0.058215443 0.058200268 0.059408590 0.064201023 0.128062397 
50     0.081713663 0.082070240 0.083831807 0.076013636 0.081001150 0.075672985 0.076710714 0.086280393 0.080683437 0.083910533 0.084758672 0.076463090 0.075910005 0.083642537 0.082760321 0.081878329 0.081468410 0.079901196 0.090343810 0.077986157 0.076164624 0.076549604 0.085398990 0.085607752 0.080789746 0.068176950 0.094061158 0.085242602 0.083263480 0.090232063 0.077980159 0.077899795 0.077123664 0.085093348 0.086186749 0.081566391 0.082607822 0.080997637 0.122721005 0.122364560 0.123493985 0.034205593 0.023092348 0.000000000 0.027444446 0.044226682 0.055947870 0.055932695 0.057141018 0.061933451 0.125793477 
48     0.082430826 0.082787402 0.084548970 0.076730799 0.081718313 0.076390148 0.077427877 0.086997556 0.081400600 0.084627696 0.085475835 0.077180253 0.076627168 0.084359699 0.083477484 0.082595492 0.082185573 0.080618359 0.091060973 0.078703320 0.076881787 0.077266767 0.086116153 0.086324915 0.081506909 0.068894113 0.094778321 0.085959765 0.083980643 0.090949225 0.078697322 0.078616958 0.077840827 0.085810511 0.086903912 0.082283554 0.083324985 0.081714800 0.123438168 0.123081723 0.124211148 0.034919174 0.029458127 0.027444446 0.000000000 0.044960410 0.056686120 0.056670945 0.057879267 0.062672818 0.126510640 
47     0.059758136 0.060114712 0.061876279 0.054058109 0.059045623 0.053717458 0.054755187 0.064324758 0.058727802 0.061954898 0.062803037 0.054507455 0.053954370 0.061686901 0.060804686 0.059922694 0.059512775 0.057945561 0.068388175 0.056030522 0.054211076 0.054596056 0.063445691 0.063654204 0.058833862 0.046218111 0.072102319 0.063281734 0.061302611 0.068271967 0.056023005 0.055942641 0.055166510 0.063132038 0.064225439 0.059605082 0.060674665 0.059220489 0.100913938 0.100557493 0.101686917 0.050256145 0.046498783 0.044226682 0.044960410 0.000000000 0.033916902 0.033901727 0.035109495 0.039920710 0.103914974 
46     0.069890792 0.070247368 0.072008935 0.064189796 0.069177310 0.063849145 0.064886874 0.074457413 0.068860458 0.072087553 0.072935692 0.064640110 0.064087025 0.071819557 0.070937342 0.070055349 0.069645430 0.068078216 0.078520831 0.066167319 0.064347540 0.064732520 0.073581906 0.073790668 0.068965798 0.056463542 0.082347750 0.073535277 0.071556155 0.078421128 0.066169809 0.066089445 0.065313314 0.073285759 0.074379160 0.069758802 0.070929018 0.069512096 0.111205544 0.110849099 0.111978524 0.061980787 0.058215443 0.055947870 0.056686120 0.033916902 0.000000000 0.005840819 0.011981400 0.025491161 0.114119743 
42     0.069875617 0.070232193 0.071993760 0.064174621 0.069162135 0.063833970 0.064871699 0.074442238 0.068845283 0.072072378 0.072920517 0.064624935 0.064071850 0.071804382 0.070922167 0.070040174 0.069630255 0.068063041 0.078505656 0.066152144 0.064332365 0.064717345 0.073566731 0.073775493 0.068950623 0.056448367 0.082332575 0.073520102 0.071540980 0.078405953 0.066154634 0.066074270 0.065298139 0.073270584 0.074363985 0.069743627 0.070913843 0.069496921 0.111190369 0.110833924 0.111963349 0.061965612 0.058200268 0.055932695 0.056670945 0.033901727 0.005840819 0.000000000 0.012271395 0.025596643 0.114104568 
44     0.071074814 0.071431390 0.073192957 0.065373818 0.070361332 0.065033167 0.066070896 0.075641435 0.070044480 0.073271575 0.074119714 0.065824132 0.065271047 0.073003579 0.072121364 0.071239371 0.070829452 0.069262238 0.079704853 0.067351341 0.065531562 0.065916542 0.074765928 0.074974690 0.070149820 0.057647564 0.083531772 0.074719299 0.072740177 0.079605150 0.067353831 0.067273467 0.066497336 0.074469781 0.075563182 0.070942824 0.072113040 0.070696118 0.112389566 0.112033121 0.113162546 0.063173935 0.059408590 0.057141018 0.057879267 0.035109495 0.011981400 0.012271395 0.000000000 0.026561379 0.115303765 
45     0.075874865 0.076231442 0.077993009 0.070173870 0.075161383 0.069833219 0.070870948 0.080441487 0.074844531 0.078071627 0.078919766 0.070624184 0.070071099 0.077803631 0.076921416 0.076039423 0.075629504 0.074062290 0.084504904 0.072151392 0.070331614 0.070716594 0.079565980 0.079774742 0.074949872 0.062447616 0.088331824 0.079519351 0.077540228 0.084405201 0.072153883 0.072073519 0.071297388 0.079269833 0.080363234 0.075742876 0.076913092 0.075495903 0.117189351 0.116832906 0.117962331 0.067966368 0.064201023 0.061933451 0.062672818 0.039920710 0.025491161 0.025596643 0.026561379 0.000000000 0.120103581 
0     0.128060026 0.128416602 0.130178169 0.122489468 0.127476981 0.122183754 0.123221483 0.132776456 0.127179500 0.130416844 0.131264983 0.122959430 0.122406345 0.130138877 0.129256662 0.128374669 0.127964750 0.126397536 0.136840150 0.124519180 0.122710026 0.123095006 0.131945653 0.132161930 0.127322607 0.114563961 0.140431427 0.131642125 0.129663003 0.136576535 0.124375950 0.124295586 0.123519455 0.131132809 0.132226210 0.127602960 0.128977582 0.127543060 0.169244780 0.168888335 0.170017759 0.131828840 0.128062397 0.125793477 0.126510640 0.103914974 0.114119743 0.114104568 0.115303765 0.120103581 0.000000000 
