51
3     0.000000000 0.054630366 0.055800518 0.076548302 0.075350317 0.080931738 0.068683395 0.073592948 0.094636979 0.131561773 0.150276124 0.143620773 0.142644526 0.153307141 0.101999559 0.101979572 0.106643320 0.106848706 0.105028716 0.104333710 0.096412464 0.094779697 0.094966126 0.099288136 0.110553367 0.103341744 0.103639373 0.107486214 0.110125820 0.107887375 0.125408894 0.126544992 0.127316644 0.129718593 0.102057579 0.103938220 0.101609877 0.107672037 0.100354592 0.111397303 0.107162993 0.108816043 0.105259065 0.116930770 0.117225907 0.108760623 0.108285083 0.125901947 0.129507100 0.129512321 0.177346419 
10     0.054630366 0.000000000 0.019465263 0.076576054 0.075383544 0.080835290 0.068601386 0.073484782 0.094447359 0.131407080 0.150121431 0.143549324 0.142573077 0.153224641 0.101756732 0.101736745 0.106397020 0.106602407 0.104782416 0.104038970 0.096155892 0.094529447 0.094715875 0.099078255 0.110343486 0.103131863 0.103429492 0.107261844 0.109901450 0.107670210 0.125199944 0.126336042 0.127107693 0.129509643 0.101827620 0.103708262 0.101398950 0.107442079 0.100124634 0.111167345 0.106933035 0.108586085 0.105029107 0.116721820 0.117016956 0.108551673 0.108076133 0.125672827 0.129277980 0.129283201 0.177120411 
9     0.055800518 0.019465263 0.000000000 0.077721417 0.076529502 0.081981248 0.069747344 0.074630739 0.095564359 0.132518965 0.151233316 0.144661210 0.143684963 0.154336526 0.102858410 0.102838423 0.107498698 0.107704085 0.105884094 0.105146044 0.097257570 0.095631124 0.095817553 0.100141532 0.111425699 0.104214076 0.104511705 0.108349703 0.110989309 0.108758070 0.126299524 0.127435623 0.128207274 0.130609224 0.102927201 0.104807843 0.102498531 0.108541659 0.101224214 0.112266926 0.108032615 0.109685665 0.106128687 0.117821401 0.118116537 0.109651253 0.109175714 0.126778598 0.130383750 0.130388972 0.178226181 
4     0.076548302 0.076576054 0.077721417 0.000000000 0.027447368 0.078988458 0.066881272 0.071669173 0.103059582 0.139906732 0.158641337 0.152075524 0.151099277 0.161761977 0.110434080 0.110414093 0.115076608 0.115281995 0.113462004 0.112782601 0.104846984 0.103119643 0.103306072 0.107739430 0.119004661 0.111793038 0.112090667 0.115937509 0.118577115 0.116337704 0.133889192 0.135025290 0.135796941 0.138198891 0.110497241 0.112377883 0.110057480 0.116100149 0.108769070 0.119811782 0.115577471 0.117230521 0.113673543 0.125384539 0.125676890 0.117208531 0.116733310 0.134354704 0.137959857 0.137965010 0.185774185 
8     0.075350317 0.075383544 0.076529502 0.027447368 0.000000000 0.077978817 0.065809798 0.070594665 0.101878295 0.138869262 0.157583613 0.151011507 0.150035260 0.160686823 0.109257601 0.109237614 0.113900130 0.114105516 0.112285526 0.111606122 0.103670505 0.101969491 0.102155920 0.106562951 0.117828182 0.110616560 0.110914188 0.114761030 0.117400636 0.115161225 0.132712713 0.133848811 0.134620462 0.137022412 0.109320762 0.111201404 0.108881001 0.114923670 0.107592591 0.118635303 0.114400992 0.116054042 0.112497064 0.124208060 0.124500411 0.116032052 0.115556831 0.133178225 0.136783378 0.136788531 0.184600185 
5     0.080931738 0.080835290 0.081981248 0.078988458 0.077978817 0.000000000 0.048810539 0.053893729 0.107090991 0.143862493 0.162576844 0.156004737 0.155028490 0.165680054 0.114253732 0.114233744 0.118873470 0.119078857 0.117258409 0.116586881 0.108653215 0.106994677 0.107181105 0.111561143 0.122826374 0.115614751 0.115912380 0.119759221 0.122398827 0.120154437 0.137727024 0.138863122 0.139634773 0.142036723 0.114335073 0.116215715 0.113895312 0.119937981 0.112606902 0.123649614 0.119415303 0.121068353 0.117511375 0.129211821 0.129425009 0.121046363 0.120579349 0.138240190 0.141845343 0.141846236 0.189637497 
14     0.068683395 0.068601386 0.069747344 0.066881272 0.065809798 0.048810539 0.000000000 0.038647931 0.094837751 0.131603354 0.150317705 0.143745599 0.142769352 0.153420915 0.101927160 0.101907173 0.106575291 0.106780678 0.104960687 0.104289159 0.096311663 0.094674599 0.094861027 0.099305249 0.110570480 0.103358857 0.103656486 0.107447432 0.110087038 0.107843142 0.125459372 0.126595470 0.127367122 0.129769071 0.102014232 0.103894874 0.101574472 0.107617140 0.100286062 0.111328773 0.107094463 0.108747512 0.105190535 0.116891358 0.117187591 0.108725523 0.108258509 0.125995606 0.129600759 0.129601652 0.177344563 
7     0.073592948 0.073484782 0.074630739 0.071669173 0.070594665 0.053893729 0.038647931 0.000000000 0.099745607 0.136516016 0.155230366 0.148658260 0.147682013 0.158333577 0.106923553 0.106903566 0.111566081 0.111771468 0.109951477 0.109279949 0.101336457 0.099672960 0.099859389 0.104222289 0.115487520 0.108275897 0.108573526 0.112420368 0.115059974 0.112818922 0.130376412 0.131512511 0.132284162 0.134686112 0.106984461 0.108865103 0.106544701 0.112587369 0.105256291 0.116299002 0.112064692 0.113717741 0.110160764 0.121849083 0.122157820 0.113695751 0.113228738 0.130912646 0.134517799 0.134518692 0.182289613 
11     0.094636979 0.094447359 0.095564359 0.103059582 0.101878295 0.107090991 0.094837751 0.099745607 0.000000000 0.135485144 0.154299792 0.147718188 0.146741941 0.157392545 0.105680780 0.105660792 0.110309331 0.110514717 0.108693730 0.108040259 0.100078542 0.098471931 0.098658359 0.103142945 0.114416427 0.107204805 0.107502433 0.111274573 0.113914179 0.111770268 0.129162130 0.130298228 0.131069880 0.133471829 0.105802601 0.107683243 0.105394493 0.111338498 0.104096681 0.115139392 0.110905082 0.112553710 0.108996732 0.120648503 0.120947113 0.112462410 0.112012835 0.129726573 0.133331725 0.133287950 0.181183160 
13     0.131561773 0.131407080 0.132518965 0.139906732 0.138869262 0.143862493 0.131603354 0.136516016 0.135485144 0.000000000 0.051444109 0.063049286 0.062131332 0.070486975 0.136644412 0.136624425 0.141341157 0.141546544 0.139725627 0.139076622 0.131047769 0.129431527 0.129617956 0.134305125 0.145568871 0.138357248 0.138654877 0.142529562 0.145169168 0.142992593 0.160068501 0.161204599 0.161976250 0.164289968 0.136732631 0.138613273 0.136308563 0.142257596 0.135018274 0.146062651 0.141826675 0.143479725 0.139922747 0.151650066 0.151944554 0.143424862 0.142974126 0.160893880 0.164499033 0.164579808 0.212120179 
6     0.150276124 0.150121431 0.151233316 0.158641337 0.157583613 0.162576844 0.150317705 0.155230366 0.154299792 0.051444109 0.000000000 0.081202415 0.080378686 0.088391554 0.155446208 0.155426221 0.160142953 0.160348339 0.158527422 0.157878417 0.149849564 0.148233323 0.148419751 0.153105352 0.164369098 0.157157475 0.157455104 0.161329790 0.163969396 0.161722405 0.178859946 0.179996045 0.180767696 0.183085146 0.155491364 0.157375944 0.155101041 0.161030804 0.153810753 0.164855129 0.160619154 0.162272204 0.158715226 0.170444184 0.170738672 0.162219000 0.161768244 0.179693795 0.183298948 0.183379723 0.230897744 
1     0.143620773 0.143549324 0.144661210 0.152075524 0.151011507 0.156004737 0.143745599 0.148658260 0.147718188 0.063049286 0.081202415 0.000000000 0.017432202 0.067079112 0.148846849 0.148826861 0.153543594 0.153748980 0.151928063 0.151279058 0.143250205 0.141633963 0.141820392 0.146494563 0.157758309 0.150546686 0.150844315 0.154719001 0.157358607 0.154964292 0.172269513 0.173405611 0.174177262 0.176501494 0.148933643 0.150814285 0.148509575 0.154461748 0.147219286 0.158263663 0.154027687 0.155680737 0.152123759 0.163851078 0.164145566 0.155628174 0.155175138 0.173096316 0.176701469 0.176780820 0.224307257 
2     0.142644526 0.142573077 0.143684963 0.151099277 0.150035260 0.155028490 0.142769352 0.147682013 0.146741941 0.062131332 0.080378686 0.017432202 0.000000000 0.066282700 0.147870602 0.147850614 0.152567347 0.152772733 0.150951816 0.150302811 0.142273958 0.140657717 0.140844145 0.145518316 0.156782062 0.149570439 0.149868068 0.153742754 0.156382360 0.153988045 0.171293266 0.172429364 0.173201015 0.175525247 0.147957396 0.149838038 0.147533328 0.153485501 0.146243040 0.157287416 0.153051441 0.154704490 0.151147513 0.162874831 0.163169319 0.154651927 0.154198891 0.172120069 0.175725222 0.175804573 0.223331010 
12     0.153307141 0.153224641 0.154336526 0.161761977 0.160686823 0.165680054 0.153420915 0.158333577 0.157392545 0.070486975 0.088391554 0.067079112 0.066282700 0.000000000 0.158539921 0.158519933 0.163236666 0.163442052 0.161621135 0.160972130 0.152943277 0.151327035 0.151513464 0.156200633 0.167464379 0.160252756 0.160550385 0.164425071 0.167064677 0.164817673 0.181964009 0.183100107 0.183871758 0.186195991 0.158628140 0.160508781 0.158204071 0.164156244 0.156913783 0.167958159 0.163722184 0.165375234 0.161818256 0.173545574 0.173840063 0.165320797 0.164869634 0.182789388 0.186394541 0.186475317 0.233972171 
31     0.101999559 0.101756732 0.102858410 0.110434080 0.109257601 0.114253732 0.101927160 0.106923553 0.105680780 0.136644412 0.155446208 0.148846849 0.147870602 0.158539921 0.000000000 0.020693636 0.065579763 0.065770752 0.063897223 0.063324449 0.055475479 0.053884315 0.054057065 0.091549621 0.102853766 0.095684829 0.095939772 0.099930044 0.102634391 0.100424899 0.118260275 0.119404935 0.120176586 0.122582044 0.094639662 0.096520303 0.094255655 0.100311653 0.092991111 0.104031204 0.099796894 0.101449944 0.097892966 0.109820690 0.110114412 0.101567052 0.100953246 0.118189950 0.121793221 0.121941727 0.174895385 
46     0.101979572 0.101736745 0.102838423 0.110414093 0.109237614 0.114233744 0.101907173 0.106903566 0.105660792 0.136624425 0.155426221 0.148826861 0.147850614 0.158519933 0.020693636 0.000000000 0.065612211 0.065803199 0.063929688 0.063356913 0.055486080 0.053904300 0.054077051 0.091529633 0.102833778 0.095664842 0.095919784 0.099910057 0.102614403 0.100404912 0.118240288 0.119384947 0.120156599 0.122562057 0.094619674 0.096500316 0.094235668 0.100291666 0.092971123 0.104011217 0.099776906 0.101429956 0.097872978 0.109800702 0.110094424 0.101547065 0.100933258 0.118169963 0.121773233 0.121921740 0.174875398 
24     0.106643320 0.106397020 0.107498698 0.115076608 0.113900130 0.118873470 0.106575291 0.111566081 0.110309331 0.141341157 0.160142953 0.153543594 0.152567347 0.163236666 0.065579763 0.065612211 0.000000000 0.011459544 0.038368282 0.037862046 0.055252015 0.053744432 0.053934427 0.096240683 0.107544828 0.100375891 0.100630834 0.104577084 0.107286383 0.105081933 0.122973370 0.124118029 0.124889680 0.127295139 0.099414567 0.101295209 0.099009630 0.105065629 0.097745086 0.108785180 0.104550869 0.106203919 0.102646941 0.114572260 0.114840599 0.106293239 0.105679433 0.122923499 0.126526770 0.126561931 0.179556575 
45     0.106848706 0.106602407 0.107704085 0.115281995 0.114105516 0.119078857 0.106780678 0.111771468 0.110514717 0.141546544 0.160348339 0.153748980 0.152772733 0.163442052 0.065770752 0.065803199 0.011459544 0.000000000 0.038699310 0.038293602 0.055453939 0.053966404 0.054156399 0.096446069 0.107750214 0.100581278 0.100836220 0.104782470 0.107491770 0.105287319 0.123178756 0.124323416 0.125095067 0.127500525 0.099619954 0.101500596 0.099215017 0.105271016 0.097950473 0.108990567 0.104756256 0.106409306 0.102852328 0.114777647 0.115045985 0.106498626 0.105884819 0.123128886 0.126732157 0.126767318 0.179761962 
30     0.105028716 0.104782416 0.105884094 0.113462004 0.112285526 0.117258409 0.104960687 0.109951477 0.108693730 0.139725627 0.158527422 0.151928063 0.150951816 0.161621135 0.063897223 0.063929688 0.038368282 0.038699310 0.000000000 0.015262155 0.053589980 0.052167198 0.052360268 0.094621014 0.105925159 0.098756223 0.099011165 0.102957415 0.105666715 0.103462264 0.121327065 0.122470726 0.123242377 0.125647836 0.097787069 0.099667711 0.097384003 0.103440002 0.096119459 0.107159552 0.102925242 0.104578292 0.101021314 0.112948054 0.113216393 0.104669033 0.104053805 0.121311958 0.124915229 0.124950390 0.177941971 
21     0.104333710 0.104038970 0.105146044 0.112782601 0.111606122 0.116586881 0.104289159 0.109279949 0.108040259 0.139076622 0.157878417 0.151279058 0.150302811 0.160972130 0.063324449 0.063356913 0.037862046 0.038293602 0.015262155 0.000000000 0.053024680 0.051586672 0.051779742 0.093972009 0.105276154 0.098107218 0.098362160 0.102308410 0.105017709 0.102813259 0.120678060 0.121821721 0.122593372 0.124998831 0.097138064 0.099018706 0.096734998 0.102790996 0.095470454 0.106510547 0.102276237 0.103929286 0.100372309 0.112299049 0.112567388 0.104020028 0.103404800 0.120662952 0.124266223 0.124301385 0.177292966 
19     0.096412464 0.096155892 0.097257570 0.104846984 0.103670505 0.108653215 0.096311663 0.101336457 0.100078542 0.131047769 0.149849564 0.143250205 0.142273958 0.152943277 0.055475479 0.055486080 0.055252015 0.055453939 0.053589980 0.053024680 0.000000000 0.034210051 0.034525110 0.085958724 0.097262869 0.090093933 0.090348875 0.094275012 0.097004186 0.094799735 0.112559477 0.113704136 0.114475788 0.116881246 0.088969006 0.090849648 0.088564069 0.094620068 0.087299525 0.098339619 0.094105308 0.095758358 0.092201380 0.104090062 0.104395037 0.095847678 0.095233871 0.112508118 0.116111389 0.116251367 0.169263884 
27     0.094779697 0.094529447 0.095631124 0.103119643 0.101969491 0.106994677 0.094674599 0.099672960 0.098471931 0.129431527 0.148233323 0.141633963 0.140657717 0.151327035 0.053884315 0.053904300 0.053744432 0.053966404 0.052167198 0.051586672 0.034210051 0.000000000 0.009621480 0.084388957 0.095693102 0.088524166 0.088779108 0.092722527 0.095434418 0.093229968 0.110902105 0.112026621 0.112798272 0.115205267 0.087373962 0.089254603 0.086969025 0.093025023 0.085704481 0.096744574 0.092510264 0.094163313 0.090606336 0.102517098 0.102823730 0.094276370 0.093662564 0.110841914 0.114445185 0.114617242 0.167661327 
38     0.094966126 0.094715875 0.095817553 0.103306072 0.102155920 0.107181105 0.094861027 0.099859389 0.098658359 0.129617956 0.148419751 0.141820392 0.140844145 0.151513464 0.054057065 0.054077051 0.053934427 0.054156399 0.052360268 0.051779742 0.034525110 0.009621480 0.000000000 0.084575386 0.095879531 0.088710595 0.088965537 0.092908956 0.095620847 0.093416397 0.111088533 0.112213049 0.112984700 0.115391696 0.087560390 0.089441032 0.087155453 0.093211452 0.085890909 0.096931003 0.092696692 0.094349742 0.090792764 0.102703526 0.103010158 0.094462799 0.093848992 0.111028343 0.114631614 0.114803671 0.167847756 
17     0.099288136 0.099078255 0.100141532 0.107739430 0.106562951 0.111561143 0.099305249 0.104222289 0.103142945 0.134305125 0.153105352 0.146494563 0.145518316 0.156200633 0.091549621 0.091529633 0.096240683 0.096446069 0.094621014 0.093972009 0.085958724 0.084388957 0.084575386 0.000000000 0.064639100 0.057319257 0.057735141 0.077142965 0.079685449 0.077323320 0.112635122 0.113849888 0.114621539 0.116988502 0.089015087 0.090895729 0.088718886 0.094792860 0.087435221 0.098500474 0.094273048 0.095926098 0.092369120 0.104202135 0.104517058 0.096015917 0.095567473 0.113902045 0.117564394 0.117534623 0.172688878 
50     0.110553367 0.110343486 0.111425699 0.119004661 0.117828182 0.122826374 0.110570480 0.115487520 0.114416427 0.145568871 0.164369098 0.157758309 0.156782062 0.167464379 0.102853766 0.102833778 0.107544828 0.107750214 0.105925159 0.105276154 0.097262869 0.095693102 0.095879531 0.064639100 0.000000000 0.037338241 0.037427747 0.088546997 0.091100437 0.088525562 0.123904318 0.125142970 0.125914621 0.128281584 0.100374682 0.102255324 0.100083682 0.106157655 0.098800016 0.109865269 0.105637843 0.107290893 0.103733915 0.115563895 0.115878818 0.107371340 0.106937302 0.125150380 0.128813977 0.128802674 0.183963070 
18     0.103341744 0.103131863 0.104214076 0.111793038 0.110616560 0.115614751 0.103358857 0.108275897 0.107204805 0.138357248 0.157157475 0.150546686 0.149570439 0.160252756 0.095684829 0.095664842 0.100375891 0.100581278 0.098756223 0.098107218 0.090093933 0.088524166 0.088710595 0.057319257 0.037338241 0.000000000 0.011164677 0.081445950 0.083999390 0.081426005 0.116693943 0.117927970 0.118699621 0.121066584 0.093159682 0.095040324 0.092868682 0.098942655 0.091585016 0.102650269 0.098422843 0.100075893 0.096518915 0.108348895 0.108663818 0.100156339 0.099722302 0.117930922 0.121594520 0.121583216 0.176768438 
26     0.103639373 0.103429492 0.104511705 0.112090667 0.110914188 0.115912380 0.103656486 0.108573526 0.107502433 0.138654877 0.157455104 0.150844315 0.149868068 0.160550385 0.095939772 0.095919784 0.100630834 0.100836220 0.099011165 0.098362160 0.090348875 0.088779108 0.088965537 0.057735141 0.037427747 0.011164677 0.000000000 0.081631578 0.084185018 0.081610317 0.116999303 0.118233330 0.119004981 0.121371944 0.093465042 0.095345684 0.093174041 0.099248015 0.091890376 0.102955629 0.098728203 0.100381253 0.096824275 0.108654255 0.108969178 0.100461699 0.100027662 0.118236282 0.121899879 0.121888576 0.177049076 
49     0.107486214 0.107261844 0.108349703 0.115937509 0.114761030 0.119759221 0.107447432 0.112420368 0.111274573 0.142529562 0.161329790 0.154719001 0.153742754 0.164425071 0.099930044 0.099910057 0.104577084 0.104782470 0.102957415 0.102308410 0.094275012 0.092722527 0.092908956 0.077142965 0.088546997 0.081445950 0.081631578 0.000000000 0.025166896 0.069542565 0.120978963 0.122192879 0.122964530 0.125343801 0.097336678 0.099217320 0.097038347 0.103100861 0.095749553 0.106814806 0.102587380 0.104240430 0.100683452 0.112465537 0.112760252 0.104291908 0.103796870 0.122285227 0.125974420 0.125773384 0.180930280 
43     0.110125820 0.109901450 0.110989309 0.118577115 0.117400636 0.122398827 0.110087038 0.115059974 0.113914179 0.145169168 0.163969396 0.157358607 0.156382360 0.167064677 0.102634391 0.102614403 0.107286383 0.107491770 0.105666715 0.105017709 0.097004186 0.095434418 0.095620847 0.079685449 0.091100437 0.083999390 0.084185018 0.025166896 0.000000000 0.072175839 0.123669388 0.124883304 0.125654955 0.128034226 0.100027103 0.101907745 0.099728772 0.105791286 0.098439978 0.109505232 0.105277806 0.106930856 0.103373878 0.115176217 0.115470932 0.107002588 0.106650921 0.124923849 0.128657709 0.128416450 0.183571450 
44     0.107887375 0.107670210 0.108758070 0.116337704 0.115161225 0.120154437 0.107843142 0.112818922 0.111770268 0.142992593 0.161722405 0.154964292 0.153988045 0.164817673 0.100424899 0.100404912 0.105081933 0.105287319 0.103462264 0.102813259 0.094799735 0.093229968 0.093416397 0.077323320 0.088525562 0.081426005 0.081610317 0.069542565 0.072175839 0.000000000 0.121277081 0.122490997 0.123262648 0.125641919 0.097634529 0.099515171 0.097341908 0.103404422 0.096044498 0.107110894 0.102882325 0.104535375 0.100978397 0.112822378 0.113117093 0.104613185 0.104244667 0.122796676 0.126491014 0.126135952 0.181279414 
34     0.125408894 0.125199944 0.126299524 0.133889192 0.132712713 0.137727024 0.125459372 0.130376412 0.129162130 0.160068501 0.178859946 0.172269513 0.171293266 0.181964009 0.118260275 0.118240288 0.122973370 0.123178756 0.121327065 0.120678060 0.112559477 0.110902105 0.111088533 0.112635122 0.123904318 0.116693943 0.116999303 0.120978963 0.123669388 0.121277081 0.000000000 0.047448448 0.048456116 0.051050646 0.099255863 0.101122792 0.099034497 0.105266814 0.097464423 0.108541965 0.104290708 0.105971934 0.102414956 0.113554020 0.113755584 0.105298222 0.105355018 0.139723330 0.143311062 0.143350195 0.198478834 
36     0.126544992 0.126336042 0.127435623 0.135025290 0.133848811 0.138863122 0.126595470 0.131512511 0.130298228 0.161204599 0.179996045 0.173405611 0.172429364 0.183100107 0.119404935 0.119384947 0.124118029 0.124323416 0.122470726 0.121821721 0.113704136 0.112026621 0.112213049 0.113849888 0.125142970 0.117927970 0.118233330 0.122192879 0.124883304 0.122490997 0.047448448 0.000000000 0.020771798 0.033873714 0.100434420 0.102301349 0.100232237 0.106464555 0.098662163 0.109739705 0.105488448 0.107169674 0.103612696 0.114746114 0.114936007 0.106490315 0.106628967 0.140926744 0.144514476 0.144553783 0.199647228 
16     0.127316644 0.127107693 0.128207274 0.135796941 0.134620462 0.139634773 0.127367122 0.132284162 0.131069880 0.161976250 0.180767696 0.174177262 0.173201015 0.183871758 0.120176586 0.120156599 0.124889680 0.125095067 0.123242377 0.122593372 0.114475788 0.112798272 0.112984700 0.114621539 0.125914621 0.118699621 0.119004981 0.122964530 0.125654955 0.123262648 0.048456116 0.020771798 0.000000000 0.033708053 0.101207246 0.103074175 0.101005063 0.107237380 0.099434988 0.110512530 0.106261273 0.107942500 0.104385522 0.115486216 0.115644142 0.107226860 0.107397224 0.141698395 0.145286127 0.145325434 0.200418879 
42     0.129718593 0.129509643 0.130609224 0.138198891 0.137022412 0.142036723 0.129769071 0.134686112 0.133471829 0.164289968 0.183085146 0.176501494 0.175525247 0.186195991 0.122582044 0.122562057 0.127295139 0.127500525 0.125647836 0.124998831 0.116881246 0.115205267 0.115391696 0.116988502 0.128281584 0.121066584 0.121371944 0.125343801 0.128034226 0.125641919 0.051050646 0.033873714 0.033708053 0.000000000 0.103578171 0.105445100 0.103370747 0.109603065 0.101800673 0.112878215 0.108626958 0.110308184 0.106751207 0.117920389 0.118115846 0.109664590 0.109801755 0.144003763 0.147559446 0.147697943 0.202812356 
35     0.102057579 0.101827620 0.102927201 0.110497241 0.109320762 0.114335073 0.102014232 0.106984461 0.105802601 0.136732631 0.155491364 0.148933643 0.147957396 0.158628140 0.094639662 0.094619674 0.099414567 0.099619954 0.097787069 0.097138064 0.088969006 0.087373962 0.087560390 0.089015087 0.100374682 0.093159682 0.093465042 0.097336678 0.100027103 0.097634529 0.099255863 0.100434420 0.101207246 0.103578171 0.000000000 0.023064626 0.060786575 0.067096398 0.059793411 0.070817630 0.066609379 0.068271663 0.064719264 0.086505671 0.086850864 0.078045662 0.077417537 0.116163237 0.119807229 0.119956140 0.175276047 
39     0.103938220 0.103708262 0.104807843 0.112377883 0.111201404 0.116215715 0.103894874 0.108865103 0.107683243 0.138613273 0.157375944 0.150814285 0.149838038 0.160508781 0.096520303 0.096500316 0.101295209 0.101500596 0.099667711 0.099018706 0.090849648 0.089254603 0.089441032 0.090895729 0.102255324 0.095040324 0.095345684 0.099217320 0.101907745 0.099515171 0.101122792 0.102301349 0.103074175 0.105445100 0.023064626 0.000000000 0.062585378 0.068895202 0.061592215 0.072616433 0.068408183 0.070070467 0.066518068 0.088380764 0.088725957 0.079949212 0.079290554 0.118043879 0.121687870 0.121836781 0.177156689 
40     0.101609877 0.101398950 0.102498531 0.110057480 0.108881001 0.113895312 0.101574472 0.106544701 0.105394493 0.136308563 0.155101041 0.148509575 0.147533328 0.158204071 0.094255655 0.094235668 0.099009630 0.099215017 0.097384003 0.096734998 0.088564069 0.086969025 0.087155453 0.088718886 0.100083682 0.092868682 0.093174041 0.097038347 0.099728772 0.097341908 0.099034497 0.100232237 0.101005063 0.103370747 0.060786575 0.062585378 0.000000000 0.035704371 0.039163913 0.050449954 0.046055815 0.047652877 0.044113872 0.086124749 0.086504863 0.077950374 0.077450554 0.115785993 0.119429208 0.119598805 0.174848797 
25     0.107672037 0.107442079 0.108541659 0.116100149 0.114923670 0.119937981 0.107617140 0.112587369 0.111338498 0.142257596 0.161030804 0.154461748 0.153485501 0.164156244 0.100311653 0.100291666 0.105065629 0.105271016 0.103440002 0.102790996 0.094620068 0.093025023 0.093211452 0.094792860 0.106157655 0.098942655 0.099248015 0.103100861 0.105791286 0.103404422 0.105266814 0.106464555 0.107237380 0.109603065 0.067096398 0.068895202 0.035704371 0.000000000 0.045400162 0.056675723 0.052216825 0.053774978 0.050261180 0.092278123 0.092658236 0.084169088 0.083611002 0.121763448 0.125398754 0.125669066 0.180890731 
32     0.100354592 0.100124634 0.101224214 0.108769070 0.107592591 0.112606902 0.100286062 0.105256291 0.104096681 0.135018274 0.153810753 0.147219286 0.146243040 0.156913783 0.092991111 0.092971123 0.097745086 0.097950473 0.096119459 0.095470454 0.087299525 0.085704481 0.085890909 0.087435221 0.098800016 0.091585016 0.091890376 0.095749553 0.098439978 0.096044498 0.097464423 0.098662163 0.099434988 0.101800673 0.059793411 0.061592215 0.039163913 0.045400162 0.000000000 0.034545817 0.031502367 0.032836039 0.029333949 0.084670095 0.085050208 0.076502255 0.075846034 0.114566302 0.118209516 0.118345227 0.173569856 
22     0.111397303 0.111167345 0.112266926 0.119811782 0.118635303 0.123649614 0.111328773 0.116299002 0.115139392 0.146062651 0.164855129 0.158263663 0.157287416 0.167958159 0.104031204 0.104011217 0.108785180 0.108990567 0.107159552 0.106510547 0.098339619 0.096744574 0.096931003 0.098500474 0.109865269 0.102650269 0.102955629 0.106814806 0.109505232 0.107110894 0.108541965 0.109739705 0.110512530 0.112878215 0.070817630 0.072616433 0.050449954 0.056675723 0.034545817 0.000000000 0.041614900 0.043478471 0.039822657 0.095788406 0.096168519 0.087620566 0.086920292 0.125584833 0.129228047 0.129371427 0.184623074 
47     0.107162993 0.106933035 0.108032615 0.115577471 0.114400992 0.119415303 0.107094463 0.112064692 0.110905082 0.141826675 0.160619154 0.154027687 0.153051441 0.163722184 0.099796894 0.099776906 0.104550869 0.104756256 0.102925242 0.102276237 0.094105308 0.092510264 0.092696692 0.094273048 0.105637843 0.098422843 0.098728203 0.102587380 0.105277806 0.102882325 0.104290708 0.105488448 0.106261273 0.108626958 0.066609379 0.068408183 0.046055815 0.052216825 0.031502367 0.041614900 0.000000000 0.027369295 0.024100578 0.091511927 0.091892041 0.083344088 0.082664521 0.121371996 0.125015211 0.125184808 0.180388763 
48     0.108816043 0.108586085 0.109685665 0.117230521 0.116054042 0.121068353 0.108747512 0.113717741 0.112553710 0.143479725 0.162272204 0.155680737 0.154704490 0.165375234 0.101449944 0.101429956 0.106203919 0.106409306 0.104578292 0.103929286 0.095758358 0.094163313 0.094349742 0.095926098 0.107290893 0.100075893 0.100381253 0.104240430 0.106930856 0.104535375 0.105971934 0.107169674 0.107942500 0.110308184 0.068271663 0.070070467 0.047652877 0.053774978 0.032836039 0.043478471 0.027369295 0.000000000 0.018749597 0.093167286 0.093547399 0.084999446 0.084313740 0.123025046 0.126668261 0.126837858 0.182041813 
28     0.105259065 0.105029107 0.106128687 0.113673543 0.112497064 0.117511375 0.105190535 0.110160764 0.108996732 0.139922747 0.158715226 0.152123759 0.151147513 0.161818256 0.097892966 0.097872978 0.102646941 0.102852328 0.101021314 0.100372309 0.092201380 0.090606336 0.090792764 0.092369120 0.103733915 0.096518915 0.096824275 0.100683452 0.103373878 0.100978397 0.102414956 0.103612696 0.104385522 0.106751207 0.064719264 0.066518068 0.044113872 0.050261180 0.029333949 0.039822657 0.024100578 0.018749597 0.000000000 0.089609926 0.089990039 0.081442086 0.080756763 0.119468068 0.123111283 0.123280880 0.178484835 
33     0.116930770 0.116721820 0.117821401 0.125384539 0.124208060 0.129211821 0.116891358 0.121849083 0.120648503 0.151650066 0.170444184 0.163851078 0.162874831 0.173545574 0.109820690 0.109800702 0.114572260 0.114777647 0.112948054 0.112299049 0.104090062 0.102517098 0.102703526 0.104202135 0.115563895 0.108348895 0.108654255 0.112465537 0.115176217 0.112822378 0.113554020 0.114746114 0.115486216 0.117920389 0.086505671 0.088380764 0.086124749 0.092278123 0.084670095 0.095788406 0.091511927 0.093167286 0.089609926 0.000000000 0.042635899 0.063508247 0.088734751 0.131273398 0.134916352 0.135054378 0.190331438 
23     0.117225907 0.117016956 0.118116537 0.125676890 0.124500411 0.129425009 0.117187591 0.122157820 0.120947113 0.151944554 0.170738672 0.164145566 0.163169319 0.173840063 0.110114412 0.110094424 0.114840599 0.115045985 0.113216393 0.112567388 0.104395037 0.102823730 0.103010158 0.104517058 0.115878818 0.108663818 0.108969178 0.112760252 0.115470932 0.113117093 0.113755584 0.114936007 0.115644142 0.118115846 0.086850864 0.088725957 0.086504863 0.092658236 0.085050208 0.096168519 0.091892041 0.093547399 0.089990039 0.042635899 0.000000000 0.063854109 0.088978983 0.131539549 0.135182503 0.135320529 0.190615050 
20     0.108760623 0.108551673 0.109651253 0.117208531 0.116032052 0.121046363 0.108725523 0.113695751 0.112462410 0.143424862 0.162219000 0.155628174 0.154651927 0.165320797 0.101567052 0.101547065 0.106293239 0.106498626 0.104669033 0.104020028 0.095847678 0.094276370 0.094462799 0.096015917 0.107371340 0.100156339 0.100461699 0.104291908 0.107002588 0.104613185 0.105298222 0.106490315 0.107226860 0.109664590 0.078045662 0.079949212 0.077950374 0.084169088 0.076502255 0.087620566 0.083344088 0.084999446 0.081442086 0.063508247 0.063854109 0.000000000 0.080538605 0.123083709 0.126717393 0.126871866 0.182107909 
41     0.108285083 0.108076133 0.109175714 0.116733310 0.115556831 0.120579349 0.108258509 0.113228738 0.112012835 0.142974126 0.161768244 0.155175138 0.154198891 0.164869634 0.100953246 0.100933258 0.105679433 0.105884819 0.104053805 0.103404800 0.095233871 0.093662564 0.093848992 0.095567473 0.106937302 0.099722302 0.100027662 0.103796870 0.106650921 0.104244667 0.105355018 0.106628967 0.107397224 0.109801755 0.077417537 0.079290554 0.077450554 0.083611002 0.075846034 0.086920292 0.082664521 0.084313740 0.080756763 0.088734751 0.088978983 0.080538605 0.000000000 0.122792064 0.126435866 0.126404073 0.181599782 
29     0.125901947 0.125672827 0.126778598 0.134354704 0.133178225 0.138240190 0.125995606 0.130912646 0.129726573 0.160893880 0.179693795 0.173096316 0.172120069 0.182789388 0.118189950 0.118169963 0.122923499 0.123128886 0.121311958 0.120662952 0.112508118 0.110841914 0.111028343 0.113902045 0.125150380 0.117930922 0.118236282 0.122285227 0.124923849 0.122796676 0.139723330 0.140926744 0.141698395 0.144003763 0.116163237 0.118043879 0.115785993 0.121763448 0.114566302 0.125584833 0.121371996 0.123025046 0.119468068 0.131273398 0.131539549 0.123083709 0.122792064 0.000000000 0.066691035 0.109108840 0.199073944 
15     0.129507100 0.129277980 0.130383750 0.137959857 0.136783378 0.141845343 0.129600759 0.134517799 0.133331725 0.164499033 0.183298948 0.176701469 0.175725222 0.186394541 0.121793221 0.121773233 0.126526770 0.126732157 0.124915229 0.124266223 0.116111389 0.114445185 0.114631614 0.117564394 0.128813977 0.121594520 0.121899879 0.125974420 0.128657709 0.126491014 0.143311062 0.144514476 0.145286127 0.147559446 0.119807229 0.121687870 0.119429208 0.125398754 0.118209516 0.129228047 0.125015211 0.126668261 0.123111283 0.134916352 0.135182503 0.126717393 0.126435866 0.066691035 0.000000000 0.112832551 0.202699810 
37     0.129512321 0.129283201 0.130388972 0.137965010 0.136788531 0.141846236 0.129601652 0.134518692 0.133287950 0.164579808 0.183379723 0.176780820 0.175804573 0.186475317 0.121941727 0.121921740 0.126561931 0.126767318 0.124950390 0.124301385 0.116251367 0.114617242 0.114803671 0.117534623 0.128802674 0.121583216 0.121888576 0.125773384 0.128416450 0.126135952 0.143350195 0.144553783 0.145325434 0.147697943 0.119956140 0.121836781 0.119598805 0.125669066 0.118345227 0.129371427 0.125184808 0.126837858 0.123280880 0.135054378 0.135320529 0.126871866 0.126404073 0.109108840 0.112832551 0.000000000 0.202792583 
0     0.177346419 0.177120411 0.178226181 0.185774185 0.184600185 0.189637497 0.177344563 0.182289613 0.181183160 0.212120179 0.230897744 0.224307257 0.223331010 0.233972171 0.174895385 0.174875398 0.179556575 0.179761962 0.177941971 0.177292966 0.169263884 0.167661327 0.167847756 0.172688878 0.183963070 0.176768438 0.177049076 0.180930280 0.183571450 0.181279414 0.198478834 0.199647228 0.200418879 0.202812356 0.175276047 0.177156689 0.174848797 0.180890731 0.173569856 0.184623074 0.180388763 0.182041813 0.178484835 0.190331438 0.190615050 0.182107909 0.181599782 0.199073944 0.202699810 0.202792583 0.000000000 
