51
3     0.000000000 0.000312350 0.000241800 0.008353740 0.007464260 0.004914660 0.006815890 0.001881740 0.000934050 0.015628950 0.016440860 0.019487600 0.016330930 0.019226860 0.015993970 0.012250400 0.015824280 0.015799370 0.016277710 0.017246150 0.015756810 0.013993610 0.014021690 0.013799670 0.017073080 0.016085710 0.016050050 0.016056620 0.016631980 0.005804830 0.018440600 0.012911550 0.018646060 0.018364100 0.013572830 0.013951880 0.014481230 0.016541360 0.015891710 0.018762300 0.015753590 0.014724320 0.014991150 0.013077560 0.018145980 0.015468080 0.013366370 0.017657940 0.009990090 0.014437010 0.007012950 
10     0.000312350 0.000000000 0.000109970 0.009192080 0.008020740 0.001168850 0.004481710 0.004929230 0.001526670 0.014248450 0.013768700 0.018771560 0.021879020 0.022540710 0.004570910 0.007680800 0.015450060 0.015425150 0.004845560 0.000888930 0.003023660 0.003856440 0.004702570 0.013425450 0.015552040 0.015335420 0.015675830 0.006113570 0.005241510 0.006361310 0.020108340 0.018219870 0.018271840 0.017989880 0.008815840 0.014364660 0.014909500 0.016167140 0.010070860 0.015781400 0.015379370 0.010200260 0.010474040 0.008244990 0.010924040 0.015359080 0.008426920 0.011271330 0.013632870 0.014022160 0.018307950 
9     0.000241800 0.000109970 0.000000000 0.009870240 0.008188500 0.002617180 0.005530270 0.005096990 0.005680520 0.015739180 0.012837440 0.017511030 0.020489090 0.021593120 0.009166950 0.012276840 0.013876240 0.014738920 0.009441600 0.007781490 0.007619700 0.008452480 0.009298610 0.005709930 0.015465350 0.015258490 0.015814530 0.010709610 0.009837550 0.006529070 0.019450300 0.018358570 0.018410540 0.018128580 0.013411880 0.014503360 0.015048200 0.016305840 0.014666900 0.017638970 0.015518070 0.014796300 0.015070080 0.012841030 0.015520080 0.015497780 0.013022960 0.015867370 0.011630170 0.010896220 0.017008450 
4     0.008353740 0.009192080 0.009870240 0.000000000 0.000062480 0.006739550 0.004622120 0.005045920 0.011924000 0.001577010 0.022061840 0.016205050 0.019722450 0.015938510 0.016354020 0.013485910 0.016944890 0.016919980 0.017368440 0.017691650 0.013918060 0.013924120 0.015142300 0.014403680 0.015588390 0.016036610 0.016675660 0.015293920 0.015264440 0.008640930 0.021603170 0.019714700 0.019766670 0.019484710 0.014434450 0.014813500 0.011887760 0.016208870 0.016983840 0.011888290 0.016123700 0.015585940 0.013690110 0.013939180 0.013619040 0.015010360 0.016570260 0.013264720 0.016878610 0.011175570 0.026371330 
8     0.007464260 0.008020740 0.008188500 0.000062480 0.000000000 0.006203860 0.007899990 0.005456850 0.010444610 0.021377790 0.018715290 0.015106120 0.021673420 0.012329920 0.017120650 0.014152960 0.016950960 0.016926050 0.017404390 0.017554940 0.016358540 0.015120290 0.015148370 0.014926350 0.011979800 0.014171450 0.014867580 0.017183300 0.017758660 0.006888930 0.021111260 0.014814110 0.019772740 0.019490780 0.013604700 0.013983750 0.014513100 0.017668040 0.017018390 0.014664440 0.016880270 0.014756190 0.015023020 0.013109430 0.013169860 0.015499950 0.015321360 0.016040870 0.015126610 0.013951720 0.030267420 
5     0.004914660 0.001168850 0.002617180 0.006739550 0.006203860 0.000000000 0.001861080 0.000182040 0.005399680 0.013811840 0.013811840 0.020657640 0.020641180 0.013458160 0.016234730 0.012522250 0.011494140 0.011497140 0.008832150 0.009583240 0.004505660 0.014234370 0.014262450 0.014040430 0.015115430 0.010348630 0.011104740 0.012220020 0.010686100 0.015678930 0.020723320 0.013183400 0.018886820 0.018604860 0.015046520 0.014979640 0.015524480 0.016782120 0.016132470 0.018307400 0.015994350 0.016994490 0.016156680 0.018638070 0.019164300 0.015974060 0.014309400 0.011889240 0.016666190 0.015802750 0.020944230 
14     0.006815890 0.004481710 0.005530270 0.004622120 0.007899990 0.001861080 0.000000000 0.000041450 0.011570320 0.019288710 0.017744770 0.021407380 0.022494280 0.017225230 0.015311010 0.015362210 0.008584590 0.008587590 0.015594750 0.016890900 0.007180650 0.013310650 0.013338730 0.013116710 0.016390120 0.007439080 0.008195190 0.009310470 0.007776550 0.001755300 0.016396040 0.017911130 0.017963100 0.017681140 0.014122800 0.014055920 0.014600760 0.015858400 0.015208750 0.017396220 0.015070630 0.016070770 0.015232960 0.017146790 0.018240580 0.015050340 0.014766690 0.015656310 0.014478240 0.016683500 0.022556790 
7     0.001881740 0.004929230 0.005096990 0.005045920 0.005456850 0.000182040 0.000041450 0.000000000 0.012804870 0.020105640 0.019226360 0.023233740 0.022990220 0.018706820 0.015253910 0.015305110 0.008064500 0.008067500 0.015537650 0.016468440 0.010546840 0.013253550 0.013281630 0.013059610 0.016333020 0.006918990 0.007675100 0.008790380 0.007256460 0.002157480 0.019742500 0.017854030 0.017906000 0.017624040 0.013909220 0.013998820 0.014543660 0.015801300 0.015151650 0.018022240 0.015013530 0.015060710 0.015175860 0.007801380 0.018183480 0.014993240 0.014709590 0.017137900 0.008482790 0.018018560 0.024683530 
11     0.000934050 0.001526670 0.005680520 0.011924000 0.010444610 0.005399680 0.011570320 0.012804870 0.000000000 0.008444860 0.008444860 0.004313280 0.004266350 0.003490280 0.003778420 0.006888310 0.013545920 0.013861230 0.004053070 0.002392960 0.002231170 0.003063950 0.003910080 0.007849330 0.009748450 0.012567800 0.012277500 0.005321080 0.004449020 0.007009410 0.014889930 0.013723280 0.019999760 0.019169970 0.008023350 0.015700910 0.013866370 0.015513050 0.009278370 0.013866900 0.016706450 0.009407770 0.009681550 0.007452500 0.010131550 0.011926100 0.007634430 0.010478840 0.008936120 0.010435770 0.006080740 
13     0.015628950 0.014248450 0.015739180 0.001577010 0.021377790 0.013811840 0.019288710 0.020105640 0.008444860 0.000000000 0.000000000 0.003687390 0.004107090 0.001634950 0.016661360 0.017335120 0.023216890 0.022020740 0.022705950 0.019297000 0.015621660 0.019583920 0.021225180 0.001449880 0.001603710 0.011453750 0.012691740 0.020321830 0.019951280 0.023598080 0.026295600 0.027664660 0.027106560 0.010720890 0.016131960 0.016612460 0.013783700 0.014623720 0.012897220 0.025482350 0.022959130 0.019759730 0.019473900 0.019995690 0.024010350 0.014548270 0.000797680 0.009569370 0.014346320 0.004454390 0.011644840 
6     0.016440860 0.013768700 0.012837440 0.022061840 0.018715290 0.013811840 0.017744770 0.019226360 0.008444860 0.000000000 0.000000000 0.003274320 0.000117650 0.001708390 0.016661360 0.022005940 0.022687520 0.021657820 0.024602900 0.012905420 0.015092290 0.014324460 0.014833600 0.001449880 0.001603710 0.011453750 0.012691740 0.020321830 0.019951280 0.021322630 0.028297520 0.028879540 0.029377390 0.025567850 0.006549050 0.011289170 0.013783700 0.011749370 0.012897220 0.027379300 0.028411630 0.025929910 0.026231570 0.028533570 0.024010350 0.015784630 0.000797680 0.006695020 0.011471970 0.004454390 0.011644840 
1     0.019487600 0.018771560 0.017511030 0.016205050 0.015106120 0.020657640 0.021407380 0.023233740 0.004313280 0.003687390 0.003274320 0.000000000 0.000002720 0.000180530 0.021812670 0.022055020 0.023786900 0.024102210 0.023130730 0.023142110 0.017540430 0.019934600 0.020851070 0.012105930 0.022044440 0.023540180 0.026222470 0.027234020 0.011964450 0.022087270 0.019146530 0.022651310 0.025336900 0.026282440 0.019937550 0.019957510 0.021852360 0.018429310 0.021577890 0.021801990 0.022947590 0.025709420 0.023232600 0.029536400 0.028636630 0.009777160 0.015886810 0.013374960 0.016703690 0.012609920 0.013871570 
2     0.016330930 0.021879020 0.020489090 0.019722450 0.021673420 0.020641180 0.022494280 0.022990220 0.004266350 0.004107090 0.000117650 0.000002720 0.000000000 0.000182550 0.021883490 0.022125840 0.023657750 0.023050740 0.023001580 0.023012960 0.016485210 0.020447470 0.022639580 0.012059000 0.021997510 0.025341390 0.026097500 0.027212780 0.011917520 0.022721760 0.019099600 0.022604380 0.025289970 0.028022690 0.019921090 0.019910580 0.021835900 0.018412850 0.021530960 0.021755060 0.022900660 0.025580270 0.023185670 0.029120750 0.028507480 0.010222240 0.015870350 0.013358500 0.018135450 0.015075160 0.013573220 
12     0.019226860 0.022540710 0.021593120 0.015938510 0.012329920 0.013458160 0.017225230 0.018706820 0.003490280 0.001634950 0.001708390 0.000180530 0.000182550 0.000000000 0.021142310 0.023857480 0.024129820 0.024130030 0.024185650 0.024043310 0.017564500 0.021526760 0.019478130 0.011282930 0.009142660 0.011334310 0.012030440 0.029151770 0.011141450 0.001083430 0.018274120 0.019400240 0.024513900 0.019350730 0.012738070 0.019134510 0.014652880 0.011229830 0.020754890 0.020978990 0.022124590 0.025410370 0.022409600 0.014047630 0.010332720 0.012311640 0.008687330 0.006175480 0.010952430 0.021149800 0.013048570 
31     0.015993970 0.004570910 0.009166950 0.016354020 0.017120650 0.016234730 0.015311010 0.015253910 0.003778420 0.016661360 0.016661360 0.021812670 0.021883490 0.021142310 0.000000000 0.000108730 0.001370370 0.002233050 0.001426200 0.001283860 0.002764050 0.003596830 0.002197860 0.012645780 0.014656770 0.012276970 0.011624100 0.006908080 0.006036020 0.008596410 0.013871470 0.007305520 0.004349130 0.007167000 0.009262400 0.008527090 0.013877400 0.015387470 0.010895190 0.011875990 0.012816950 0.011024590 0.011298370 0.008214370 0.011748370 0.009307350 0.006761150 0.010890670 0.006051340 0.004122230 0.019132280 
46     0.012250400 0.007680800 0.012276840 0.013485910 0.014152960 0.012522250 0.015362210 0.015305110 0.006888310 0.017335120 0.022005940 0.022055020 0.022125840 0.023857480 0.000108730 0.000000000 0.006503110 0.008567580 0.006647340 0.004987230 0.004435350 0.003870750 0.004060000 0.011542870 0.015836880 0.014731500 0.014344030 0.010017970 0.009145910 0.011706300 0.013696000 0.009475610 0.006519220 0.009337090 0.010932090 0.010697180 0.012982510 0.015438670 0.013293940 0.012983040 0.014650900 0.014134480 0.013894980 0.012179210 0.014713790 0.011477440 0.006905210 0.011959610 0.011167620 0.006292320 0.022242170 
24     0.015824280 0.015450060 0.013876240 0.016944890 0.016950960 0.011494140 0.008584590 0.008064500 0.013545920 0.023216890 0.022687520 0.023786900 0.023657750 0.024129820 0.001370370 0.006503110 0.000000000 0.000003000 0.000998810 0.000856470 0.003912410 0.005180360 0.002797350 0.011406230 0.015749500 0.008470110 0.009226220 0.010341500 0.008807580 0.015324250 0.015228800 0.013874190 0.017322480 0.015401880 0.012375760 0.011544870 0.013960140 0.015217780 0.013289650 0.016393410 0.014430010 0.015430150 0.014592340 0.009571700 0.017599960 0.014409720 0.011989090 0.012248000 0.007408670 0.006674720 0.020888370 
45     0.015799370 0.015425150 0.014738920 0.016919980 0.016926050 0.011497140 0.008587590 0.008067500 0.013861230 0.022020740 0.021657820 0.024102210 0.023050740 0.024130030 0.002233050 0.008567580 0.000003000 0.000000000 0.001861490 0.001719150 0.004342710 0.004283450 0.002219500 0.011721540 0.015433640 0.008473110 0.009229220 0.010344500 0.008810580 0.015304760 0.016091480 0.017245600 0.017297570 0.016264560 0.013238440 0.012407550 0.013935230 0.015192870 0.014152330 0.016708720 0.014405100 0.015405240 0.014567430 0.010434380 0.017575050 0.014384810 0.012304400 0.013110680 0.008271350 0.007537400 0.017874580 
30     0.016277710 0.004845560 0.009441600 0.017368440 0.017404390 0.008832150 0.015594750 0.015537650 0.004053070 0.022705950 0.024602900 0.023130730 0.023001580 0.024185650 0.001426200 0.006647340 0.000998810 0.001861490 0.000000000 0.000065520 0.003038700 0.003871480 0.002853180 0.008395620 0.015440730 0.014401750 0.014225760 0.007182730 0.006310670 0.008871060 0.012767860 0.012476990 0.013408670 0.014443420 0.009914820 0.011600700 0.014413570 0.015584140 0.011169840 0.015737240 0.014883440 0.011299240 0.011573020 0.009343970 0.012023020 0.014863150 0.009525900 0.012303830 0.007464500 0.006730550 0.017520030 
21     0.017246150 0.000888930 0.007781490 0.017691650 0.017554940 0.009583240 0.016890900 0.016468440 0.002392960 0.019297000 0.012905420 0.023142110 0.023012960 0.024043310 0.001283860 0.004987230 0.000856470 0.001719150 0.000065520 0.000000000 0.001378590 0.002211370 0.002710840 0.010761440 0.015492150 0.014259410 0.014083420 0.005522620 0.004650560 0.007210950 0.010654270 0.012862220 0.013793900 0.014828650 0.008254710 0.011458360 0.015709720 0.015595520 0.009509730 0.013789020 0.013261120 0.009639130 0.009912910 0.007683860 0.010362910 0.016159300 0.007865790 0.010710200 0.007322160 0.006588210 0.017746820 
19     0.015756810 0.003023660 0.007619700 0.013918060 0.016358540 0.004505660 0.007180650 0.010546840 0.002231170 0.015621660 0.015092290 0.017540430 0.016485210 0.017564500 0.002764050 0.004435350 0.003912410 0.004342710 0.003038700 0.001378590 0.000000000 0.000453540 0.000494840 0.010670160 0.011758010 0.010952450 0.010851270 0.005360830 0.004488770 0.007049160 0.010550410 0.017203040 0.017255010 0.016973050 0.008092920 0.012628890 0.013414660 0.015150310 0.009347940 0.012687460 0.013157260 0.009477340 0.009751120 0.007522070 0.010201120 0.012061970 0.007704000 0.010548410 0.009351220 0.008617270 0.015322110 
27     0.013993610 0.003856440 0.008452480 0.013924120 0.015120290 0.014234370 0.013310650 0.013253550 0.003063950 0.019583920 0.014324460 0.019934600 0.020447470 0.021526760 0.003596830 0.003870750 0.005180360 0.004283450 0.003871480 0.002211370 0.000453540 0.000000000 0.000067640 0.010645420 0.012885220 0.012931460 0.012590560 0.006193610 0.005321550 0.007881940 0.012285640 0.015439840 0.014096960 0.015209850 0.008925700 0.011584630 0.012129470 0.013387110 0.010180720 0.012842450 0.012599340 0.010310120 0.010583900 0.008354850 0.011033900 0.012579050 0.008536780 0.011381190 0.015033000 0.010308670 0.018417810 
38     0.014021690 0.004702570 0.009298610 0.015142300 0.015148370 0.014262450 0.013338730 0.013281630 0.003910080 0.021225180 0.014833600 0.020851070 0.022639580 0.019478130 0.002197860 0.004060000 0.002797350 0.002219500 0.002853180 0.002710840 0.000494840 0.000067640 0.000000000 0.010673500 0.013723560 0.012959540 0.012611610 0.007039740 0.006167680 0.008728070 0.013337010 0.011166200 0.008209810 0.011027680 0.009771830 0.011612710 0.012157550 0.013415190 0.011026850 0.012863500 0.012627420 0.011156250 0.011430030 0.009200980 0.011880030 0.012607130 0.009025970 0.012227320 0.008236160 0.007502210 0.016368650 
17     0.013799670 0.013425450 0.005709930 0.014403680 0.014926350 0.014040430 0.013116710 0.013059610 0.007849330 0.001449880 0.001449880 0.012105930 0.012059000 0.011282930 0.012645780 0.011542870 0.011406230 0.011721540 0.008395620 0.010761440 0.010670160 0.010645420 0.010673500 0.000000000 0.000188350 0.002545090 0.002712770 0.008766210 0.000840960 0.008302000 0.012669680 0.011660590 0.011905360 0.014032570 0.010474230 0.010407350 0.010952190 0.012209830 0.011560180 0.013595200 0.011422060 0.012422200 0.011584390 0.014065780 0.014592010 0.011401770 0.001921700 0.012723300 0.016030090 0.005604150 0.012643060 
50     0.017073080 0.015552040 0.015465350 0.015588390 0.011979800 0.015115430 0.016390120 0.016333020 0.009748450 0.001603710 0.001603710 0.022044440 0.021997510 0.009142660 0.014656770 0.015836880 0.015749500 0.015433640 0.015440730 0.015492150 0.011758010 0.012885220 0.013723560 0.000188350 0.000000000 0.002165490 0.001170590 0.007746010 0.005474790 0.008433520 0.016336800 0.017535970 0.017147760 0.017305980 0.011081810 0.010477390 0.014225600 0.015483240 0.014175070 0.016580020 0.014695470 0.015695610 0.014857800 0.013682430 0.009967520 0.011865460 0.002075530 0.015406520 0.012333340 0.005757980 0.012948430 
18     0.016085710 0.015335420 0.015258490 0.016036610 0.014171450 0.010348630 0.007439080 0.006918990 0.012567800 0.011453750 0.011453750 0.023540180 0.025341390 0.011334310 0.012276970 0.014731500 0.008470110 0.008473110 0.014401750 0.014259410 0.010952450 0.012931460 0.012959540 0.002545090 0.002165490 0.000000000 0.000113460 0.007584830 0.006624090 0.008272340 0.017612460 0.016548600 0.016600570 0.016318610 0.012760270 0.012085830 0.013238230 0.014495870 0.013846220 0.014200220 0.013708100 0.014708240 0.013870430 0.012153320 0.012159170 0.013687810 0.010063540 0.013815170 0.009990290 0.009256340 0.022798470 
26     0.016050050 0.015675830 0.015814530 0.016675660 0.014867580 0.011104740 0.008195190 0.007675100 0.012277500 0.012691740 0.012691740 0.026222470 0.026097500 0.012030440 0.011624100 0.014344030 0.009226220 0.009229220 0.014225760 0.014083420 0.010851270 0.012590560 0.012611610 0.002712770 0.001170590 0.000113460 0.000000000 0.008914120 0.007380200 0.010380010 0.016834600 0.016512940 0.016564910 0.016282950 0.012724610 0.007929640 0.013202570 0.014460210 0.013810560 0.013547350 0.013672440 0.014672580 0.013834770 0.011977330 0.012855300 0.013652150 0.005907350 0.013609730 0.009814300 0.009080350 0.024036460 
49     0.016056620 0.006113570 0.010709610 0.015293920 0.017183300 0.012220020 0.009310470 0.008790380 0.005321080 0.020321830 0.020321830 0.027234020 0.027212780 0.029151770 0.006908080 0.010017970 0.010341500 0.010344500 0.007182730 0.005522620 0.005360830 0.006193610 0.007039740 0.008766210 0.007746010 0.007584830 0.008914120 0.000000000 0.000000360 0.002337950 0.018407980 0.016519510 0.016571480 0.016289520 0.011182830 0.012664300 0.013209140 0.014466780 0.012437850 0.014791050 0.013679010 0.012567250 0.012841030 0.010611980 0.013291030 0.013658720 0.010793910 0.013638320 0.014254300 0.011665050 0.020674940 
43     0.016631980 0.005241510 0.009837550 0.015264440 0.017758660 0.010686100 0.007776550 0.007256460 0.004449020 0.019951280 0.019951280 0.011964450 0.011917520 0.011141450 0.006036020 0.009145910 0.008807580 0.008810580 0.006310670 0.004650560 0.004488770 0.005321550 0.006167680 0.000840960 0.005474790 0.006624090 0.007380200 0.000000360 0.000000000 0.004709680 0.012528200 0.014136900 0.014381670 0.016864880 0.010310770 0.013239660 0.013784500 0.015042140 0.011565790 0.014761570 0.014254370 0.011695190 0.011968970 0.009739920 0.012418970 0.014234080 0.009921850 0.012766260 0.015073470 0.011635570 0.012696640 
44     0.005804830 0.006361310 0.006529070 0.008640930 0.006888930 0.015678930 0.001755300 0.002157480 0.007009410 0.023598080 0.021322630 0.022087270 0.022721760 0.001083430 0.008596410 0.011706300 0.015324250 0.015304760 0.008871060 0.007210950 0.007049160 0.007881940 0.008728070 0.008302000 0.008433520 0.008272340 0.010380010 0.002337950 0.004709680 0.000000000 0.011266960 0.008404810 0.015787670 0.017065760 0.010999750 0.013440540 0.013985380 0.015243020 0.014126180 0.014401710 0.013873810 0.014255580 0.014529360 0.012300310 0.009673170 0.014434960 0.011824670 0.009637270 0.012395890 0.011661940 0.022363270 
34     0.018440600 0.020108340 0.019450300 0.021603170 0.021111260 0.020723320 0.016396040 0.019742500 0.014889930 0.026295600 0.028297520 0.019146530 0.019099600 0.018274120 0.013871470 0.013696000 0.015228800 0.016091480 0.012767860 0.010654270 0.010550410 0.012285640 0.013337010 0.012669680 0.016336800 0.017612460 0.016834600 0.018407980 0.012528200 0.011266960 0.000000000 0.001059450 0.002020150 0.000173960 0.011124890 0.008173220 0.011973360 0.014952580 0.008326410 0.008270710 0.007742810 0.011268850 0.012287990 0.011728120 0.008676180 0.011557020 0.004596330 0.014477360 0.009638030 0.008904080 0.019878720 
36     0.012911550 0.018219870 0.018358570 0.019714700 0.014814110 0.013183400 0.017911130 0.017854030 0.013723280 0.027664660 0.028879540 0.022651310 0.022604380 0.019400240 0.007305520 0.009475610 0.013874190 0.017245600 0.012476990 0.012862220 0.017203040 0.015439840 0.011166200 0.011660590 0.017535970 0.016548600 0.016512940 0.016519510 0.014136900 0.008404810 0.001059450 0.000000000 0.000306070 0.000329090 0.009584580 0.008849270 0.014047140 0.015750410 0.013911790 0.016738180 0.014962640 0.015962780 0.015124970 0.013517210 0.009802300 0.010235850 0.009680330 0.020394950 0.013872850 0.008997550 0.023383500 
16     0.018646060 0.018271840 0.018410540 0.019766670 0.019772740 0.018886820 0.017963100 0.017906000 0.019999760 0.027106560 0.029377390 0.025336900 0.025289970 0.024513900 0.004349130 0.006519220 0.017322480 0.017297570 0.013408670 0.013793900 0.017255010 0.014096960 0.008209810 0.011905360 0.017147760 0.016600570 0.016564910 0.016571480 0.014381670 0.015787670 0.002020150 0.000306070 0.000000000 0.000667700 0.006628190 0.005892880 0.012784320 0.015793190 0.014156560 0.015583360 0.015014610 0.015902770 0.014515130 0.017534300 0.008101330 0.007279460 0.007602570 0.017438560 0.010916460 0.006041160 0.026069090 
42     0.018364100 0.017989880 0.018128580 0.019484710 0.019490780 0.018604860 0.017681140 0.017624040 0.019169970 0.010720890 0.025567850 0.026282440 0.028022690 0.019350730 0.007167000 0.009337090 0.015401880 0.016264560 0.014443420 0.014828650 0.016973050 0.015209850 0.011027680 0.014032570 0.017305980 0.016318610 0.016282950 0.016289520 0.016864880 0.017065760 0.000173960 0.000329090 0.000667700 0.000000000 0.009446060 0.008710750 0.013755350 0.015520420 0.014870770 0.013937330 0.014732650 0.015732790 0.014894980 0.011901200 0.009752790 0.010097330 0.008388330 0.014650440 0.009811110 0.008859030 0.030812920 
35     0.013572830 0.008815840 0.013411880 0.014434450 0.013604700 0.015046520 0.014122800 0.013909220 0.008023350 0.016131960 0.006549050 0.019937550 0.019921090 0.012738070 0.009262400 0.010932090 0.012375760 0.013238440 0.009914820 0.008254710 0.008092920 0.008925700 0.009771830 0.010474230 0.011081810 0.012760270 0.012724610 0.011182830 0.010310770 0.010999750 0.011124890 0.009584580 0.006628190 0.009446060 0.000000000 0.000050950 0.005711710 0.005700820 0.002728280 0.008331580 0.007818880 0.002857680 0.003131460 0.001098270 0.003777320 0.007753840 0.001282520 0.010026590 0.006784990 0.006051040 0.022937770 
39     0.013951880 0.014364660 0.014503360 0.014813500 0.013983750 0.014979640 0.014055920 0.013998820 0.015700910 0.016612460 0.011289170 0.019957510 0.019910580 0.019134510 0.008527090 0.010697180 0.011544870 0.012407550 0.011600700 0.011458360 0.012628890 0.011584630 0.011612710 0.010407350 0.010477390 0.012085830 0.007929640 0.012664300 0.013239660 0.013440540 0.008173220 0.008849270 0.005892880 0.008710750 0.000050950 0.000000000 0.005565510 0.005016960 0.002386780 0.002610880 0.003756480 0.007496450 0.004041490 0.007898930 0.009564970 0.007801550 0.007248750 0.010793430 0.005954100 0.005220150 0.020689700 
40     0.014481230 0.014909500 0.015048200 0.011887760 0.014513100 0.015524480 0.014600760 0.014543660 0.013866370 0.013783700 0.013783700 0.021852360 0.021835900 0.014652880 0.013877400 0.012982510 0.013960140 0.013935230 0.014413570 0.015709720 0.013414660 0.012129470 0.012157550 0.010952190 0.014225600 0.013238230 0.013202570 0.013209140 0.013784500 0.013985380 0.011973360 0.014047140 0.012784320 0.013755350 0.005711710 0.005565510 0.000000000 0.000155800 0.002044180 0.000967820 0.004409770 0.002469100 0.002947120 0.009558990 0.009913530 0.004986830 0.002407350 0.011591850 0.016543350 0.010672170 0.025128420 
25     0.016541360 0.016167140 0.016305840 0.016208870 0.017668040 0.016782120 0.015858400 0.015801300 0.015513050 0.014623720 0.011749370 0.018429310 0.018412850 0.011229830 0.015387470 0.015438670 0.015217780 0.015192870 0.015584140 0.015595520 0.015150310 0.013387110 0.013415190 0.012209830 0.015483240 0.014495870 0.014460210 0.014466780 0.015042140 0.015243020 0.014952580 0.015750410 0.015793190 0.015520420 0.005700820 0.005016960 0.000155800 0.000000000 0.005060800 0.005919580 0.007454690 0.008093610 0.007617020 0.013079890 0.009364980 0.008158260 0.004758270 0.008518350 0.013295300 0.014993280 0.025143300 
32     0.015891710 0.010070860 0.014666900 0.016983840 0.017018390 0.016132470 0.015208750 0.015151650 0.009278370 0.012897220 0.012897220 0.021577890 0.021530960 0.020754890 0.010895190 0.013293940 0.013289650 0.014152330 0.011169840 0.009509730 0.009347940 0.010180720 0.011026850 0.011560180 0.014175070 0.013846220 0.013810560 0.012437850 0.011565790 0.014126180 0.008326410 0.013911790 0.014156560 0.014870770 0.002728280 0.002386780 0.002044180 0.005060800 0.000000000 0.001083160 0.001742930 0.000227040 0.000500820 0.002353290 0.005032340 0.004086310 0.002537540 0.012538210 0.007698880 0.006964930 0.022310080 
22     0.018762300 0.015781400 0.017638970 0.011888290 0.014664440 0.018307400 0.017396220 0.018022240 0.013866900 0.025482350 0.027379300 0.021801990 0.021755060 0.020978990 0.011875990 0.012983040 0.016393410 0.016708720 0.015737240 0.013789020 0.012687460 0.012842450 0.012863500 0.013595200 0.016580020 0.014200220 0.013547350 0.014791050 0.014761570 0.014401710 0.008270710 0.016738180 0.015583360 0.013937330 0.008331580 0.002610880 0.000967820 0.005919580 0.001083160 0.000000000 0.001034920 0.001502920 0.000465280 0.008063830 0.010742880 0.012789140 0.008248080 0.012761850 0.011078920 0.010344970 0.022534180 
47     0.015753590 0.015379370 0.015518070 0.016123700 0.016880270 0.015994350 0.015070630 0.015013530 0.016706450 0.022959130 0.028411630 0.022947590 0.022900660 0.022124590 0.012816950 0.014650900 0.014430010 0.014405100 0.014883440 0.013261120 0.013157260 0.012599340 0.012627420 0.011422060 0.014695470 0.013708100 0.013672440 0.013679010 0.014254370 0.013873810 0.007742810 0.014962640 0.015014610 0.014732650 0.007818880 0.003756480 0.004409770 0.007454690 0.001742930 0.001034920 0.000000000 0.001368850 0.000032920 0.011957840 0.012970670 0.009109740 0.004698980 0.013499240 0.011875470 0.011141520 0.023679780 
48     0.014724320 0.010200260 0.014796300 0.015585940 0.014756190 0.016994490 0.016070770 0.015060710 0.009407770 0.019759730 0.025929910 0.025709420 0.025580270 0.025410370 0.011024590 0.014134480 0.015430150 0.015405240 0.011299240 0.009639130 0.009477340 0.010310120 0.011156250 0.012422200 0.015695610 0.014708240 0.014672580 0.012567250 0.011695190 0.014255580 0.011268850 0.015962780 0.015902770 0.015732790 0.002857680 0.007496450 0.002469100 0.008093610 0.000227040 0.001502920 0.001368850 0.000000000 0.000277140 0.002482690 0.005161740 0.010780570 0.002666940 0.013436320 0.018984150 0.016028270 0.024322190 
28     0.014991150 0.010474040 0.015070080 0.013690110 0.015023020 0.016156680 0.015232960 0.015175860 0.009681550 0.019473900 0.026231570 0.023232600 0.023185670 0.022409600 0.011298370 0.013894980 0.014592340 0.014567430 0.011573020 0.009912910 0.009751120 0.010583900 0.011430030 0.011584390 0.014857800 0.013870430 0.013834770 0.012841030 0.011968970 0.014529360 0.012287990 0.015124970 0.014515130 0.014894980 0.003131460 0.004041490 0.002947120 0.007617020 0.000500820 0.000465280 0.000032920 0.000277140 0.000000000 0.002756470 0.005435520 0.009942760 0.002940720 0.012185810 0.015708910 0.012474520 0.023964790 
33     0.013077560 0.008244990 0.012841030 0.013939180 0.013109430 0.018638070 0.017146790 0.007801380 0.007452500 0.019995690 0.028533570 0.029536400 0.029120750 0.014047630 0.008214370 0.012179210 0.009571700 0.010434380 0.009343970 0.007683860 0.007522070 0.008354850 0.009200980 0.014065780 0.013682430 0.012153320 0.011977330 0.010611980 0.009739920 0.012300310 0.011728120 0.013517210 0.017534300 0.011901200 0.001098270 0.007898930 0.009558990 0.013079890 0.002353290 0.008063830 0.011957840 0.002482690 0.002756470 0.000000000 0.001647450 0.006196290 0.000711670 0.008820260 0.003980930 0.003246980 0.022366920 
23     0.018145980 0.010924040 0.015520080 0.013619040 0.013169860 0.019164300 0.018240580 0.018183480 0.010131550 0.024010350 0.024010350 0.028636630 0.028507480 0.010332720 0.011748370 0.014713790 0.017599960 0.017575050 0.012023020 0.010362910 0.010201120 0.011033900 0.011880030 0.014592010 0.009967520 0.012159170 0.012855300 0.013291030 0.012418970 0.009673170 0.008676180 0.009802300 0.008101330 0.009752790 0.003777320 0.009564970 0.009913530 0.009364980 0.005032340 0.010742880 0.012970670 0.005161740 0.005435520 0.001647450 0.000000000 0.003154970 0.002886280 0.014492600 0.016275510 0.012403450 0.025045970 
20     0.015468080 0.015359080 0.015497780 0.015010360 0.015499950 0.015974060 0.015050340 0.014993240 0.011926100 0.014548270 0.015784630 0.009777160 0.010222240 0.012311640 0.009307350 0.011477440 0.014409720 0.014384810 0.014863150 0.016159300 0.012061970 0.012579050 0.012607130 0.011401770 0.011865460 0.013687810 0.013652150 0.013658720 0.014234080 0.014434960 0.011557020 0.010235850 0.007279460 0.010097330 0.007753840 0.007801550 0.004986830 0.008158260 0.004086310 0.012789140 0.009109740 0.010780570 0.009942760 0.006196290 0.003154970 0.000000000 0.002192380 0.015883920 0.012222800 0.010999380 0.023990350 
41     0.013366370 0.008426920 0.013022960 0.016570260 0.015321360 0.014309400 0.014766690 0.014709590 0.007634430 0.000797680 0.000797680 0.015886810 0.015870350 0.008687330 0.006761150 0.006905210 0.011989090 0.012304400 0.009525900 0.007865790 0.007704000 0.008536780 0.009025970 0.001921700 0.002075530 0.010063540 0.005907350 0.010793910 0.009921850 0.011824670 0.004596330 0.009680330 0.007602570 0.008388330 0.001282520 0.007248750 0.002407350 0.004758270 0.002537540 0.008248080 0.004698980 0.002666940 0.002940720 0.000711670 0.002886280 0.002192380 0.000000000 0.005975850 0.010752800 0.004951950 0.012142400 
29     0.017657940 0.011271330 0.015867370 0.013264720 0.016040870 0.011889240 0.015656310 0.017137900 0.010478840 0.009569370 0.006695020 0.013374960 0.013358500 0.006175480 0.010890670 0.011959610 0.012248000 0.013110680 0.012303830 0.010710200 0.010548410 0.011381190 0.012227320 0.012723300 0.015406520 0.013815170 0.013609730 0.013638320 0.012766260 0.009637270 0.014477360 0.020394950 0.017438560 0.014650440 0.010026590 0.010793430 0.011591850 0.008518350 0.012538210 0.012761850 0.013499240 0.013436320 0.012185810 0.008820260 0.014492600 0.015883920 0.005975850 0.000000000 0.000770170 0.002995750 0.017742970 
15     0.009990090 0.013632870 0.011630170 0.016878610 0.015126610 0.016666190 0.014478240 0.008482790 0.008936120 0.014346320 0.011471970 0.016703690 0.018135450 0.010952430 0.006051340 0.011167620 0.007408670 0.008271350 0.007464500 0.007322160 0.009351220 0.015033000 0.008236160 0.016030090 0.012333340 0.009990290 0.009814300 0.014254300 0.015073470 0.012395890 0.009638030 0.013872850 0.010916460 0.009811110 0.006784990 0.005954100 0.016543350 0.013295300 0.007698880 0.011078920 0.011875470 0.018984150 0.015708910 0.003980930 0.016275510 0.012222800 0.010752800 0.000770170 0.000000000 0.000751030 0.018503060 
37     0.014437010 0.014022160 0.010896220 0.011175570 0.013951720 0.015802750 0.016683500 0.018018560 0.010435770 0.004454390 0.004454390 0.012609920 0.015075160 0.021149800 0.004122230 0.006292320 0.006674720 0.007537400 0.006730550 0.006588210 0.008617270 0.010308670 0.007502210 0.005604150 0.005757980 0.009256340 0.009080350 0.011665050 0.011635570 0.011661940 0.008904080 0.008997550 0.006041160 0.008859030 0.006051040 0.005220150 0.010672170 0.014993280 0.006964930 0.010344970 0.011141520 0.016028270 0.012474520 0.003246980 0.012403450 0.010999380 0.004951950 0.002995750 0.000751030 0.000000000 0.013635750 
0     0.007012950 0.018307950 0.017008450 0.026371330 0.030267420 0.020944230 0.022556790 0.024683530 0.006080740 0.011644840 0.011644840 0.013871570 0.013573220 0.013048570 0.019132280 0.022242170 0.020888370 0.017874580 0.017520030 0.017746820 0.015322110 0.018417810 0.016368650 0.012643060 0.012948430 0.022798470 0.024036460 0.020674940 0.012696640 0.022363270 0.019878720 0.023383500 0.026069090 0.030812920 0.022937770 0.020689700 0.025128420 0.025143300 0.022310080 0.022534180 0.023679780 0.024322190 0.023964790 0.022366920 0.025045970 0.023990350 0.012142400 0.017742970 0.018503060 0.013635750 0.000000000 
