51
22     0.000000000 0.005530460 0.005670648 0.021363134 0.018387520 0.018069568 0.015737060 0.016956139 0.018734187 0.018904381 0.018949449 0.019954915 0.016900292 0.019081220 0.021268260 0.021156418 0.021823870 0.021832538 0.022122472 0.018210987 0.019061934 0.019222196 0.018477273 0.021128393 0.018212007 0.017239568 0.016694298 0.017300886 0.017289639 0.018432685 0.018097055 0.026547062 0.028027905 0.029756277 0.029282448 0.031096054 0.028177265 0.028683642 0.030163765 0.027094424 0.028589949 0.029589519 0.026300074 0.026188797 0.025798662 0.024454270 0.025168358 0.023504958 0.023845738 0.024251036 0.057534680 
14     0.005530460 0.000000000 0.005053818 0.020739505 0.017773926 0.017455974 0.015123822 0.016342901 0.018120950 0.018291144 0.018336211 0.019341677 0.016286864 0.018471407 0.020658448 0.020546605 0.021214058 0.021222726 0.021512659 0.017601175 0.018452121 0.018612383 0.017867461 0.020518580 0.017608394 0.016688593 0.016140760 0.016752050 0.016740803 0.017878746 0.017493443 0.025941434 0.027422276 0.029152017 0.028678188 0.030491794 0.027573004 0.028079382 0.029559505 0.026490164 0.027985688 0.028985259 0.025695814 0.025584537 0.025194402 0.023875404 0.024589491 0.022933638 0.023281330 0.023671169 0.056930419 
31     0.005670648 0.005053818 0.000000000 0.020512819 0.017552563 0.017234611 0.014902532 0.016122148 0.017899587 0.018069781 0.018114848 0.019120314 0.016065501 0.018250654 0.020437694 0.020325852 0.020993304 0.021001972 0.021291906 0.017380421 0.018231368 0.018391630 0.017646707 0.020297827 0.017387135 0.016467334 0.015919501 0.016530791 0.016519544 0.017657487 0.017272184 0.025721543 0.027202386 0.028930758 0.028456929 0.030270535 0.027351746 0.027858123 0.029338246 0.026268905 0.027764430 0.028764000 0.025474555 0.025363278 0.024973144 0.023654145 0.024368232 0.022712379 0.023060071 0.023449910 0.056709161 
1     0.021363134 0.020739505 0.020512819 0.000000000 0.022782495 0.022458241 0.020162452 0.021436795 0.023164507 0.023328471 0.023387991 0.024396255 0.021341016 0.023610222 0.025821236 0.025709394 0.026359787 0.026368913 0.026656828 0.022702765 0.023557007 0.023717269 0.022969820 0.025626877 0.022669426 0.021749624 0.021201792 0.021818692 0.021801840 0.022937596 0.022560268 0.031043803 0.032524646 0.034234859 0.033762317 0.035591611 0.032668870 0.033157677 0.034659322 0.031581440 0.033114544 0.034111242 0.030870054 0.030757397 0.030355068 0.028885776 0.029598758 0.027936991 0.028284683 0.028685066 0.062000308 
41     0.018387520 0.017773926 0.017552563 0.022782495 0.000000000 0.004194805 0.015723515 0.016950899 0.018690298 0.018859524 0.018913161 0.019921398 0.016776327 0.019014669 0.021211493 0.021097981 0.021772904 0.021788853 0.022061778 0.018139870 0.018998392 0.019158465 0.018410420 0.020946514 0.018169378 0.017245565 0.016705548 0.017322443 0.017305591 0.018432938 0.018056106 0.026501220 0.027982062 0.029687377 0.029209730 0.031022615 0.028099873 0.028608154 0.030090326 0.027011814 0.028577021 0.029573719 0.026265060 0.026152403 0.025814879 0.024421657 0.025133416 0.023478985 0.023826677 0.024217042 0.057481068 
35     0.018069568 0.017455974 0.017234611 0.022458241 0.004194805 0.000000000 0.015416303 0.016636707 0.018383086 0.018552313 0.018605949 0.019614187 0.016462135 0.018717626 0.020914450 0.020800939 0.021475861 0.021491811 0.021764736 0.017849352 0.018707875 0.018867948 0.018119903 0.020766186 0.017845982 0.016922169 0.016382152 0.016999047 0.016982195 0.018109542 0.017732710 0.026177433 0.027658276 0.029363590 0.028885943 0.030698828 0.027776087 0.028284368 0.029766539 0.026688028 0.028253235 0.029249933 0.025996059 0.025883401 0.025491092 0.024097871 0.024809630 0.023155198 0.023502890 0.023893256 0.057157281 
9     0.015737060 0.015123822 0.014902532 0.020162452 0.015723515 0.015416303 0.000000000 0.010229911 0.011924138 0.012086495 0.012105541 0.013114446 0.011764292 0.015304126 0.017507155 0.017395205 0.018054319 0.018072920 0.018344332 0.014475610 0.015331234 0.015491843 0.014747791 0.017403454 0.015423401 0.014503773 0.013963756 0.014579775 0.014563799 0.015692144 0.015313136 0.023725632 0.025205512 0.026911789 0.026437961 0.028243373 0.025320632 0.025828913 0.027311084 0.024254750 0.025790743 0.026787441 0.023545902 0.023433245 0.023017932 0.021617941 0.022322425 0.020659385 0.021007077 0.021412757 0.054692022 
36     0.016956139 0.016342901 0.016122148 0.021436795 0.016950899 0.016636707 0.010229911 0.000000000 0.011597676 0.011809792 0.011856255 0.012853276 0.012982028 0.016511703 0.018737320 0.018625371 0.019277013 0.019284273 0.019561020 0.015644511 0.016500258 0.016660867 0.015916692 0.018577241 0.016654270 0.015747408 0.015207391 0.015825326 0.015807434 0.016908769 0.016556772 0.024970778 0.026449296 0.028156935 0.027682513 0.029445766 0.026523024 0.027031305 0.028513477 0.025470470 0.027042211 0.028038909 0.024797370 0.024684713 0.024275184 0.022892126 0.023596611 0.021948837 0.022296529 0.022686756 0.055959464 
32     0.018734187 0.018120950 0.017899587 0.023164507 0.018690298 0.018383086 0.011924138 0.011597676 0.000000000 0.005292725 0.008926561 0.009894368 0.014650934 0.018322364 0.020531750 0.020419800 0.021071442 0.021083517 0.021357886 0.017427380 0.018283005 0.018443614 0.017698212 0.020347858 0.018366060 0.017453985 0.016913968 0.017529988 0.017514012 0.018625194 0.018263349 0.026703315 0.028183195 0.029889472 0.029415644 0.031168902 0.028246161 0.028754442 0.030236613 0.027166591 0.028764785 0.029761483 0.026517908 0.026405251 0.025986525 0.024586381 0.025281054 0.023643093 0.023990785 0.024381020 0.057468723 
11     0.018904381 0.018291144 0.018069781 0.023328471 0.018859524 0.018552313 0.012086495 0.011809792 0.005292725 0.000000000 0.008988878 0.009950326 0.014817804 0.018488562 0.020697948 0.020585998 0.021237640 0.021249715 0.021524398 0.017593578 0.018449203 0.018609812 0.017864410 0.020513534 0.018535748 0.017623674 0.017083657 0.017699676 0.017683700 0.018794883 0.018433038 0.026871581 0.028351461 0.030057738 0.029583910 0.031337168 0.028414426 0.028922708 0.030404879 0.027334857 0.028933051 0.029929749 0.026686174 0.026573517 0.026154791 0.024754647 0.025456521 0.023811359 0.024159051 0.024549286 0.057636989 
42     0.018949449 0.018336211 0.018114848 0.023387991 0.018913161 0.018605949 0.012105541 0.011856255 0.008926561 0.008988878 0.000000000 0.006035237 0.014857816 0.018533326 0.020744561 0.020632612 0.021284254 0.021296329 0.021569161 0.017640457 0.018496204 0.018656814 0.017911289 0.020569322 0.018595447 0.017683372 0.017143356 0.017759375 0.017743399 0.018854581 0.018492736 0.026949564 0.028429701 0.030135979 0.029662110 0.031464920 0.028542178 0.029050459 0.030532631 0.027479965 0.028987185 0.029983883 0.026740308 0.026627651 0.026208039 0.024811110 0.025512983 0.023867822 0.024215513 0.024605749 0.057694103 
40     0.019954915 0.019341677 0.019120314 0.024396255 0.019921398 0.019614187 0.013114446 0.012853276 0.009894368 0.009950326 0.006035237 0.000000000 0.015865089 0.019538422 0.021749657 0.021637708 0.022289349 0.022301425 0.022574257 0.018649214 0.019504961 0.019665570 0.018920045 0.021578078 0.019592437 0.018672241 0.018133891 0.018749910 0.018734475 0.019848297 0.019486452 0.027954738 0.029434875 0.031141152 0.030667283 0.032470094 0.029547352 0.030055633 0.031537805 0.028485139 0.029992359 0.030989057 0.027745482 0.027632825 0.027213213 0.025816284 0.026518157 0.024872996 0.025220687 0.025610923 0.058699277 
38     0.016900292 0.016286864 0.016065501 0.021341016 0.016776327 0.016462135 0.011764292 0.012982028 0.014650934 0.014817804 0.014857816 0.015865089 0.000000000 0.016452935 0.018650992 0.018539042 0.019203164 0.019209073 0.019492792 0.015544670 0.016398925 0.016558836 0.015815501 0.018476516 0.016561709 0.015642081 0.015102064 0.015718083 0.015702107 0.016830453 0.016451445 0.024846216 0.026324103 0.028030665 0.027556837 0.029375561 0.026452819 0.026961100 0.028442515 0.025365500 0.026904022 0.027900720 0.024663618 0.024550961 0.024138834 0.022772549 0.023481265 0.021824170 0.022171862 0.022513754 0.055818045 
18     0.019081220 0.018471407 0.018250654 0.023610222 0.019014669 0.018717626 0.015304126 0.016511703 0.018322364 0.018488562 0.018533326 0.019538422 0.016452935 0.000000000 0.007843642 0.007664389 0.008556763 0.008622001 0.011272661 0.013994151 0.014855946 0.015053182 0.014290143 0.016946135 0.018869738 0.017950110 0.017402277 0.018020212 0.018002320 0.019127023 0.018759473 0.027171173 0.028653537 0.030357330 0.029883501 0.031698540 0.028775798 0.029284079 0.030766250 0.027699538 0.029217337 0.030214035 0.026957903 0.026843595 0.026446428 0.025079545 0.025790166 0.024135876 0.024483568 0.024874930 0.058119105 
27     0.021268260 0.020658448 0.020437694 0.025821236 0.021211493 0.020914450 0.017507155 0.018737320 0.020531750 0.020697948 0.020744561 0.021749657 0.018650992 0.007843642 0.000000000 0.004528289 0.009800619 0.009797974 0.013497558 0.016172201 0.017037945 0.017232918 0.016467008 0.019117128 0.021074973 0.020155345 0.019607512 0.020225447 0.020207555 0.021332258 0.020964708 0.029320006 0.030812643 0.032502773 0.032042608 0.033885567 0.030962825 0.031471106 0.032953278 0.029886565 0.031428495 0.032425193 0.029180512 0.029067855 0.028665529 0.027281328 0.027991949 0.026337659 0.026685350 0.027076713 0.060319896 
34     0.021156418 0.020546605 0.020325852 0.025709394 0.021097981 0.020800939 0.017395205 0.018625371 0.020419800 0.020585998 0.020632612 0.021637708 0.018539042 0.007664389 0.004528289 0.000000000 0.009739090 0.009685156 0.013362302 0.016062431 0.016924876 0.017119848 0.016353939 0.019007397 0.020963023 0.020043395 0.019495563 0.020113498 0.020095606 0.021220308 0.020852759 0.029208057 0.030700693 0.032390823 0.031930658 0.033773617 0.030850875 0.031359156 0.032841328 0.029774616 0.031316546 0.032313244 0.029068562 0.028955905 0.028553579 0.027169378 0.027879999 0.026225709 0.026573401 0.026964763 0.060207946 
24     0.021823870 0.021214058 0.020993304 0.026359787 0.021772904 0.021475861 0.018054319 0.019277013 0.021071442 0.021237640 0.021284254 0.022289349 0.019203164 0.008556763 0.009800619 0.009739090 0.000000000 0.004320334 0.014215429 0.016754738 0.017621741 0.017816258 0.017043044 0.019702256 0.021621824 0.020702196 0.020154363 0.020772298 0.020754406 0.021879109 0.021511559 0.029876384 0.031358748 0.033054137 0.032596104 0.034448547 0.031525805 0.032034086 0.033516258 0.030449545 0.031981248 0.032977946 0.029733264 0.029620607 0.029218282 0.027816779 0.028530763 0.026875514 0.027223206 0.027615527 0.060866892 
26     0.021832538 0.021222726 0.021001972 0.026368913 0.021788853 0.021491811 0.018072920 0.019284273 0.021083517 0.021249715 0.021296329 0.022301425 0.019209073 0.008622001 0.009797974 0.009685156 0.004320334 0.000000000 0.014238832 0.016756520 0.017623523 0.017818039 0.017045379 0.019704051 0.021631598 0.020711970 0.020164137 0.020782072 0.020764180 0.021888883 0.021521333 0.029887968 0.031370332 0.033065721 0.032607688 0.034460131 0.031537389 0.032045670 0.033527842 0.030461130 0.031992833 0.032989531 0.029744849 0.029632192 0.029229866 0.027828363 0.028542348 0.026887099 0.027234790 0.027627112 0.060878476 
6     0.022122472 0.021512659 0.021291906 0.026656828 0.022061778 0.021764736 0.018344332 0.019561020 0.021357886 0.021524398 0.021569161 0.022574257 0.019492792 0.011272661 0.013497558 0.013362302 0.014215429 0.014238832 0.000000000 0.017048270 0.017902856 0.018098089 0.017328474 0.019994813 0.021923992 0.021004364 0.020456531 0.021074466 0.021056574 0.022181277 0.021813727 0.030175214 0.031657578 0.033361371 0.032887543 0.034702581 0.031779839 0.032288120 0.033770292 0.030703580 0.032233328 0.033230026 0.029979945 0.029867763 0.029462996 0.028083767 0.028794388 0.027140098 0.027487789 0.027879152 0.061159632 
19     0.018210987 0.017601175 0.017380421 0.022702765 0.018139870 0.017849352 0.014475610 0.015644511 0.017427380 0.017593578 0.017640457 0.018649214 0.015544670 0.013994151 0.016172201 0.016062431 0.016754738 0.016756520 0.017048270 0.000000000 0.006332429 0.006381767 0.005465506 0.012541296 0.017956589 0.017036961 0.016489129 0.017107063 0.017089172 0.018213874 0.017846325 0.026266727 0.027749091 0.029451175 0.028977347 0.030791864 0.027869122 0.028377403 0.029859574 0.026777515 0.028301152 0.029297850 0.026053168 0.025940511 0.025538185 0.024165057 0.024875557 0.023221893 0.023569585 0.023960972 0.057208567 
10     0.019061934 0.018452121 0.018231368 0.023557007 0.018998392 0.018707875 0.015331234 0.016500258 0.018283005 0.018449203 0.018496204 0.019504961 0.016398925 0.014855946 0.017037945 0.016924876 0.017621741 0.017623523 0.017902856 0.006332429 0.000000000 0.004013179 0.005649394 0.013425622 0.018811853 0.017892225 0.017344393 0.017962327 0.017944436 0.019069138 0.018701589 0.027121184 0.028603548 0.030305633 0.029831804 0.031646321 0.028723579 0.029231860 0.030714032 0.027633280 0.029155609 0.030152307 0.026907626 0.026794968 0.026392643 0.025019515 0.025730014 0.024076350 0.024424042 0.024815429 0.058063025 
43     0.019222196 0.018612383 0.018391630 0.023717269 0.019158465 0.018867948 0.015491843 0.016660867 0.018443614 0.018609812 0.018656814 0.019665570 0.016558836 0.015053182 0.017232918 0.017119848 0.017816258 0.017818039 0.018098089 0.006381767 0.004013179 0.000000000 0.005488876 0.013559863 0.018972024 0.018052396 0.017504563 0.018122498 0.018104606 0.019229309 0.018861759 0.027281358 0.028763723 0.030465807 0.029991979 0.031806495 0.028883753 0.029392034 0.030874206 0.027792146 0.029315784 0.030312482 0.027067800 0.026955143 0.026552817 0.025179689 0.025890188 0.024236525 0.024584217 0.024975604 0.058223199 
4     0.018477273 0.017867461 0.017646707 0.022969820 0.018410420 0.018119903 0.014747791 0.015916692 0.017698212 0.017864410 0.017911289 0.018920045 0.015815501 0.014290143 0.016467008 0.016353939 0.017043044 0.017045379 0.017328474 0.005465506 0.005649394 0.005488876 0.000000000 0.012827024 0.018224036 0.017304408 0.016756575 0.017374510 0.017356618 0.018481321 0.018113771 0.026533393 0.028015757 0.029717841 0.029244013 0.031058529 0.028135788 0.028644069 0.030126240 0.027044181 0.028567818 0.029564516 0.026319834 0.026207177 0.025804851 0.024431723 0.025142222 0.023488559 0.023836251 0.024227638 0.057475233 
25     0.021128393 0.020518580 0.020297827 0.025626877 0.020946514 0.020766186 0.017403454 0.018577241 0.020347858 0.020513534 0.020569322 0.021578078 0.018476516 0.016946135 0.019117128 0.019007397 0.019702256 0.019704051 0.019994813 0.012541296 0.013425622 0.013559863 0.012827024 0.000000000 0.020871050 0.019951422 0.019402662 0.020019781 0.020002390 0.021128242 0.020760333 0.029175665 0.030653139 0.032332424 0.031887561 0.033702158 0.030779417 0.031287698 0.032769869 0.029702527 0.031220208 0.032216906 0.028972224 0.028859567 0.028457241 0.027085923 0.027796544 0.026142240 0.026489931 0.026881308 0.060127725 
39     0.018212007 0.017608394 0.017387135 0.022669426 0.018169378 0.017845982 0.015423401 0.016654270 0.018366060 0.018535748 0.018595447 0.019592437 0.016561709 0.018869738 0.021074973 0.020963023 0.021621824 0.021631598 0.021923992 0.017956589 0.018811853 0.018972024 0.018224036 0.020871050 0.000000000 0.006570790 0.006024555 0.006609365 0.006542490 0.007581890 0.007269788 0.025707703 0.027188801 0.028892461 0.028432989 0.030248028 0.027325565 0.027834367 0.029315738 0.026240232 0.027775317 0.028807512 0.025569574 0.025456917 0.025032527 0.023645597 0.024374735 0.022718882 0.023066574 0.023456345 0.056757027 
15     0.017239568 0.016688593 0.016467334 0.021749624 0.017245565 0.016922169 0.014503773 0.015747408 0.017453985 0.017623674 0.017683372 0.018672241 0.015642081 0.017950110 0.020155345 0.020043395 0.020702196 0.020711970 0.021004364 0.017036961 0.017892225 0.018052396 0.017304408 0.019951422 0.006570790 0.000000000 0.004092945 0.004798889 0.004726432 0.006714258 0.006439314 0.024810530 0.026291628 0.027995289 0.027521460 0.029353542 0.026430801 0.026938728 0.028421253 0.025347529 0.026896670 0.027900920 0.024670774 0.024558117 0.024136859 0.022733807 0.023459794 0.021803941 0.022151633 0.022541405 0.055842003 
16     0.016694298 0.016140760 0.015919501 0.021201792 0.016705548 0.016382152 0.013963756 0.015207391 0.016913968 0.017083657 0.017143356 0.018133891 0.015102064 0.017402277 0.019607512 0.019495563 0.020154363 0.020164137 0.020456531 0.016489129 0.017344393 0.017504563 0.016756575 0.019402662 0.006024555 0.004092945 0.000000000 0.003285536 0.003172213 0.006207874 0.005941993 0.024265362 0.025746460 0.027450120 0.026976292 0.028808374 0.025885633 0.026393560 0.027876085 0.024802361 0.026351502 0.027355751 0.024125606 0.024012949 0.023591690 0.022190555 0.022915273 0.021259420 0.021607111 0.021996883 0.055297481 
37     0.017300886 0.016752050 0.016530791 0.021818692 0.017322443 0.016999047 0.014579775 0.015825326 0.017529988 0.017699676 0.017759375 0.018749910 0.015718083 0.018020212 0.020225447 0.020113498 0.020772298 0.020782072 0.021074466 0.017107063 0.017962327 0.018122498 0.017374510 0.020019781 0.006609365 0.004798889 0.003285536 0.000000000 0.002565406 0.006886460 0.006561329 0.024715837 0.026196936 0.027908063 0.027437113 0.029253457 0.026345473 0.026852741 0.028335332 0.025263582 0.026950500 0.027954750 0.024724605 0.024611948 0.024190689 0.022784843 0.023509561 0.021853708 0.022201400 0.022591172 0.055897067 
5     0.017289639 0.016740803 0.016519544 0.021801840 0.017305591 0.016982195 0.014563799 0.015807434 0.017514012 0.017683700 0.017743399 0.018734475 0.015702107 0.018002320 0.020207555 0.020095606 0.020754406 0.020764180 0.021056574 0.017089172 0.017944436 0.018104606 0.017356618 0.020002390 0.006542490 0.004726432 0.003172213 0.002565406 0.000000000 0.006795047 0.006495235 0.024865405 0.026346503 0.028050164 0.027576335 0.029408417 0.026485676 0.026993603 0.028476128 0.025402404 0.026951545 0.027955794 0.024725649 0.024612992 0.024191734 0.022791410 0.023515316 0.021859463 0.022207155 0.022596926 0.055897524 
20     0.018432685 0.017878746 0.017657487 0.022937596 0.018432938 0.018109542 0.015692144 0.016908769 0.018625194 0.018794883 0.018854581 0.019848297 0.016830453 0.019127023 0.021332258 0.021220308 0.021879109 0.021888883 0.022181277 0.018213874 0.019069138 0.019229309 0.018481321 0.021128242 0.007581890 0.006714258 0.006207874 0.006886460 0.006795047 0.000000000 0.005606595 0.025998508 0.027479607 0.029183267 0.028709438 0.030541521 0.027618779 0.028126706 0.029609232 0.026535507 0.028084648 0.029088898 0.025858753 0.025746095 0.025324837 0.023921368 0.024647773 0.022991920 0.023339611 0.023729383 0.057029981 
44     0.018097055 0.017493443 0.017272184 0.022560268 0.018056106 0.017732710 0.015313136 0.016556772 0.018263349 0.018433038 0.018492736 0.019486452 0.016451445 0.018759473 0.020964708 0.020852759 0.021511559 0.021521333 0.021813727 0.017846325 0.018701589 0.018861759 0.018113771 0.020760333 0.007269788 0.006439314 0.005941993 0.006561329 0.006495235 0.005606595 0.000000000 0.025605964 0.027087062 0.028790722 0.028316894 0.030148976 0.027226235 0.027734162 0.029216687 0.026142963 0.027701476 0.028705726 0.025475581 0.025362923 0.024941665 0.023510231 0.024236636 0.022575733 0.022923424 0.023335470 0.056637860 
45     0.026547062 0.025941434 0.025721543 0.031043803 0.026501220 0.026177433 0.023725632 0.024970778 0.026703315 0.026871581 0.026949564 0.027954738 0.024846216 0.027171173 0.029320006 0.029208057 0.029876384 0.029887968 0.030175214 0.026266727 0.027121184 0.027281358 0.026533393 0.029175665 0.025707703 0.024810530 0.024265362 0.024715837 0.024865405 0.025998508 0.025605964 0.000000000 0.006244421 0.010610607 0.012347630 0.019747743 0.016841301 0.017401985 0.018802279 0.015864550 0.032492708 0.033462484 0.030324999 0.030212342 0.029787163 0.028454272 0.029162504 0.027513571 0.027861262 0.028190345 0.061650157 
33     0.028027905 0.027422276 0.027202386 0.032524646 0.027982062 0.027658276 0.025205512 0.026449296 0.028183195 0.028351461 0.028429701 0.029434875 0.026324103 0.028653537 0.030812643 0.030700693 0.031358748 0.031370332 0.031657578 0.027749091 0.028603548 0.028763723 0.028015757 0.030653139 0.027188801 0.026291628 0.025746460 0.026196936 0.026346503 0.027479607 0.027087062 0.006244421 0.000000000 0.012149366 0.013856727 0.021231468 0.018325026 0.018885710 0.020286004 0.017348275 0.033974060 0.034943835 0.031806350 0.031693693 0.031268514 0.029940118 0.030648350 0.028999417 0.029347109 0.029676191 0.063143188 
3     0.029756277 0.029152017 0.028930758 0.034234859 0.029687377 0.029363590 0.026911789 0.028156935 0.029889472 0.030057738 0.030135979 0.031141152 0.028030665 0.030357330 0.032502773 0.032390823 0.033054137 0.033065721 0.033361371 0.029451175 0.030305633 0.030465807 0.029717841 0.032332424 0.028892461 0.027995289 0.027450120 0.027908063 0.028050164 0.029183267 0.028790722 0.010610607 0.012149366 0.000000000 0.015556823 0.022936365 0.020029895 0.020590607 0.021990873 0.019048169 0.035673949 0.036643725 0.033506240 0.033393583 0.032968404 0.031580130 0.032323947 0.030676443 0.031024135 0.031353217 0.064834436 
13     0.029282448 0.028678188 0.028456929 0.033762317 0.029209730 0.028885943 0.026437961 0.027682513 0.029415644 0.029583910 0.029662110 0.030667283 0.027556837 0.029883501 0.032042608 0.031930658 0.032596104 0.032607688 0.032887543 0.028977347 0.029831804 0.029991979 0.029244013 0.031887561 0.028432989 0.027521460 0.026976292 0.027437113 0.027576335 0.028709438 0.028316894 0.012347630 0.013856727 0.015556823 0.000000000 0.022533341 0.019626870 0.020188169 0.021587801 0.018638755 0.035189806 0.036159582 0.033022186 0.032909529 0.032484350 0.031130268 0.031838499 0.030171223 0.030518915 0.030866341 0.064189596 
8     0.031096054 0.030491794 0.030270535 0.035591611 0.031022615 0.030698828 0.028243373 0.029445766 0.031168902 0.031337168 0.031464920 0.032470094 0.029375561 0.031698540 0.033885567 0.033773617 0.034448547 0.034460131 0.034702581 0.030791864 0.031646321 0.031806495 0.031058529 0.033702158 0.030248028 0.029353542 0.028808374 0.029253457 0.029408417 0.030541521 0.030148976 0.019747743 0.021231468 0.022936365 0.022533341 0.000000000 0.010687023 0.011173201 0.013467116 0.012886915 0.036972954 0.037942729 0.034805579 0.034692922 0.034267743 0.032979760 0.033687991 0.032056771 0.032404463 0.032717834 0.066121053 
23     0.028177265 0.027573004 0.027351746 0.032668870 0.028099873 0.027776087 0.025320632 0.026523024 0.028246161 0.028414426 0.028542178 0.029547352 0.026452819 0.028775798 0.030962825 0.030850875 0.031525805 0.031537389 0.031779839 0.027869122 0.028723579 0.028883753 0.028135788 0.030779417 0.027325565 0.026430801 0.025885633 0.026345473 0.026485676 0.027618779 0.027226235 0.016841301 0.018325026 0.020029895 0.019626870 0.010687023 0.000000000 0.007323719 0.010570415 0.010060631 0.034050212 0.035019988 0.031882837 0.031770180 0.031345001 0.030057018 0.030765249 0.029134029 0.029481721 0.029798074 0.063198312 
2     0.028683642 0.028079382 0.027858123 0.033157677 0.028608154 0.028284368 0.025828913 0.027031305 0.028754442 0.028922708 0.029050459 0.030055633 0.026961100 0.029284079 0.031471106 0.031359156 0.032034086 0.032045670 0.032288120 0.028377403 0.029231860 0.029392034 0.028644069 0.031287698 0.027834367 0.026938728 0.026393560 0.026852741 0.026993603 0.028126706 0.027734162 0.017401985 0.018885710 0.020590607 0.020188169 0.011173201 0.007323719 0.000000000 0.011184713 0.010596532 0.034560055 0.035529831 0.032392681 0.032280023 0.031854845 0.030565819 0.031274051 0.029642831 0.029990523 0.030306876 0.063707113 
30     0.030163765 0.029559505 0.029338246 0.034659322 0.030090326 0.029766539 0.027311084 0.028513477 0.030236613 0.030404879 0.030532631 0.031537805 0.028442515 0.030766250 0.032953278 0.032841328 0.033516258 0.033527842 0.033770292 0.029859574 0.030714032 0.030874206 0.030126240 0.032769869 0.029315738 0.028421253 0.027876085 0.028335332 0.028476128 0.029609232 0.029216687 0.018802279 0.020286004 0.021990873 0.021587801 0.013467116 0.010570415 0.011184713 0.000000000 0.011917518 0.036040665 0.037010440 0.033873290 0.033760633 0.033335454 0.032047471 0.032755702 0.031124482 0.031472174 0.031788527 0.065188764 
7     0.027094424 0.026490164 0.026268905 0.031581440 0.027011814 0.026688028 0.024254750 0.025470470 0.027166591 0.027334857 0.027479965 0.028485139 0.025365500 0.027699538 0.029886565 0.029774616 0.030449545 0.030461130 0.030703580 0.026777515 0.027633280 0.027792146 0.027044181 0.029702527 0.026240232 0.025347529 0.024802361 0.025263582 0.025402404 0.026535507 0.026142963 0.015864550 0.017348275 0.019048169 0.018638755 0.012886915 0.010060631 0.010596532 0.011917518 0.000000000 0.032952445 0.033922221 0.030785070 0.030672413 0.030247235 0.028961863 0.029670094 0.028038874 0.028386566 0.028699936 0.062105495 
21     0.028589949 0.027985688 0.027764430 0.033114544 0.028577021 0.028253235 0.025790743 0.027042211 0.028764785 0.028933051 0.028987185 0.029992359 0.026904022 0.029217337 0.031428495 0.031316546 0.031981248 0.031992833 0.032233328 0.028301152 0.029155609 0.029315784 0.028567818 0.031220208 0.027775317 0.026896670 0.026351502 0.026950500 0.026951545 0.028084648 0.027701476 0.032492708 0.033974060 0.035673949 0.035189806 0.036972954 0.034050212 0.034560055 0.036040665 0.032952445 0.000000000 0.005263738 0.025609141 0.025513215 0.025062219 0.030486974 0.031245491 0.029540435 0.029888126 0.030298241 0.063590584 
17     0.029589519 0.028985259 0.028764000 0.034111242 0.029573719 0.029249933 0.026787441 0.028038909 0.029761483 0.029929749 0.029983883 0.030989057 0.027900720 0.030214035 0.032425193 0.032313244 0.032977946 0.032989531 0.033230026 0.029297850 0.030152307 0.030312482 0.029564516 0.032216906 0.028807512 0.027900920 0.027355751 0.027954750 0.027955794 0.029088898 0.028705726 0.033462484 0.034943835 0.036643725 0.036159582 0.037942729 0.035019988 0.035529831 0.037010440 0.033922221 0.005263738 0.000000000 0.026564094 0.026468169 0.026017173 0.031472284 0.032230242 0.030524955 0.030872646 0.031282761 0.064569378 
12     0.026300074 0.025695814 0.025474555 0.030870054 0.026265060 0.025996059 0.023545902 0.024797370 0.026517908 0.026686174 0.026740308 0.027745482 0.024663618 0.026957903 0.029180512 0.029068562 0.029733264 0.029744849 0.029979945 0.026053168 0.026907626 0.027067800 0.026319834 0.028972224 0.025569574 0.024670774 0.024125606 0.024724605 0.024725649 0.025858753 0.025475581 0.030324999 0.031806350 0.033506240 0.033022186 0.034805579 0.031882837 0.032392681 0.033873290 0.030785070 0.025609141 0.026564094 0.000000000 0.006540726 0.012253663 0.028335631 0.029077492 0.027381940 0.027729632 0.028138834 0.061406003 
28     0.026188797 0.025584537 0.025363278 0.030757397 0.026152403 0.025883401 0.023433245 0.024684713 0.026405251 0.026573517 0.026627651 0.027632825 0.024550961 0.026843595 0.029067855 0.028955905 0.029620607 0.029632192 0.029867763 0.025940511 0.026794968 0.026955143 0.026207177 0.028859567 0.025456917 0.024558117 0.024012949 0.024611948 0.024612992 0.025746095 0.025362923 0.030212342 0.031693693 0.033393583 0.032909529 0.034692922 0.031770180 0.032280023 0.033760633 0.030672413 0.025513215 0.026468169 0.006540726 0.000000000 0.012154154 0.028222974 0.028964835 0.027269283 0.027616975 0.028026177 0.061293346 
29     0.025798662 0.025194402 0.024973144 0.030355068 0.025814879 0.025491092 0.023017932 0.024275184 0.025986525 0.026154791 0.026208039 0.027213213 0.024138834 0.026446428 0.028665529 0.028553579 0.029218282 0.029229866 0.029462996 0.025538185 0.026392643 0.026552817 0.025804851 0.028457241 0.025032527 0.024136859 0.023591690 0.024190689 0.024191734 0.025324837 0.024941665 0.029787163 0.031268514 0.032968404 0.032484350 0.034267743 0.031345001 0.031854845 0.033335454 0.030247235 0.025062219 0.026017173 0.012253663 0.012154154 0.000000000 0.027802352 0.028544213 0.026854029 0.027201721 0.027605555 0.060867349 
50     0.024454270 0.023875404 0.023654145 0.028885776 0.024421657 0.024097871 0.021617941 0.022892126 0.024586381 0.024754647 0.024811110 0.025816284 0.022772549 0.025079545 0.027281328 0.027169378 0.027816779 0.027828363 0.028083767 0.024165057 0.025019515 0.025179689 0.024431723 0.027085923 0.023645597 0.022733807 0.022190555 0.022784843 0.022791410 0.023921368 0.023510231 0.028454272 0.029940118 0.031580130 0.031130268 0.032979760 0.030057018 0.030565819 0.032047471 0.028961863 0.030486974 0.031472284 0.028335631 0.028222974 0.027802352 0.000000000 0.008880617 0.012083146 0.012382528 0.012856476 0.058586825 
49     0.025168358 0.024589491 0.024368232 0.029598758 0.025133416 0.024809630 0.022322425 0.023596611 0.025281054 0.025456521 0.025512983 0.026518157 0.023481265 0.025790166 0.027991949 0.027879999 0.028530763 0.028542348 0.028794388 0.024875557 0.025730014 0.025890188 0.025142222 0.027796544 0.024374735 0.023459794 0.022915273 0.023509561 0.023515316 0.024647773 0.024236636 0.029162504 0.030648350 0.032323947 0.031838499 0.033687991 0.030765249 0.031274051 0.032755702 0.029670094 0.031245491 0.032230242 0.029077492 0.028964835 0.028544213 0.008880617 0.000000000 0.012727087 0.013026583 0.013570412 0.059298125 
47     0.023504958 0.022933638 0.022712379 0.027936991 0.023478985 0.023155198 0.020659385 0.021948837 0.023643093 0.023811359 0.023867822 0.024872996 0.021824170 0.024135876 0.026337659 0.026225709 0.026875514 0.026887099 0.027140098 0.023221893 0.024076350 0.024236525 0.023488559 0.026142240 0.022718882 0.021803941 0.021259420 0.021853708 0.021859463 0.022991920 0.022575733 0.027513571 0.028999417 0.030676443 0.030171223 0.032056771 0.029134029 0.029642831 0.031124482 0.028038874 0.029540435 0.030524955 0.027381940 0.027269283 0.026854029 0.012083146 0.012727087 0.000000000 0.002620434 0.011961285 0.057573932 
48     0.023845738 0.023281330 0.023060071 0.028284683 0.023826677 0.023502890 0.021007077 0.022296529 0.023990785 0.024159051 0.024215513 0.025220687 0.022171862 0.024483568 0.026685350 0.026573401 0.027223206 0.027234790 0.027487789 0.023569585 0.024424042 0.024584217 0.023836251 0.026489931 0.023066574 0.022151633 0.021607111 0.022201400 0.022207155 0.023339611 0.022923424 0.027861262 0.029347109 0.031024135 0.030518915 0.032404463 0.029481721 0.029990523 0.031472174 0.028386566 0.029888126 0.030872646 0.027729632 0.027616975 0.027201721 0.012382528 0.013026583 0.002620434 0.000000000 0.012232308 0.057921624 
46     0.024251036 0.023671169 0.023449910 0.028685066 0.024217042 0.023893256 0.021412757 0.022686756 0.024381020 0.024549286 0.024605749 0.025610923 0.022513754 0.024874930 0.027076713 0.026964763 0.027615527 0.027627112 0.027879152 0.023960972 0.024815429 0.024975604 0.024227638 0.026881308 0.023456345 0.022541405 0.021996883 0.022591172 0.022596926 0.023729383 0.023335470 0.028190345 0.029676191 0.031353217 0.030866341 0.032717834 0.029798074 0.030306876 0.031788527 0.028699936 0.030298241 0.031282761 0.028138834 0.028026177 0.027605555 0.012856476 0.013570412 0.011961285 0.012232308 0.000000000 0.058376657 
0     0.057534680 0.056930419 0.056709161 0.062000308 0.057481068 0.057157281 0.054692022 0.055959464 0.057468723 0.057636989 0.057694103 0.058699277 0.055818045 0.058119105 0.060319896 0.060207946 0.060866892 0.060878476 0.061159632 0.057208567 0.058063025 0.058223199 0.057475233 0.060127725 0.056757027 0.055842003 0.055297481 0.055897067 0.055897524 0.057029981 0.056637860 0.061650157 0.063143188 0.064834436 0.064189596 0.066121053 0.063198312 0.063707113 0.065188764 0.062105495 0.063590584 0.064569378 0.061406003 0.061293346 0.060867349 0.058586825 0.059298125 0.057573932 0.057921624 0.058376657 0.000000000 
