51
1     0.000000000 0.538683451 0.542393153 0.543063702 0.510699788 0.508300235 0.524004983 0.486837964 0.491658783 0.506162110 0.508136452 0.532737514 0.519968501 0.521427941 0.523682836 0.523067062 0.530573608 0.457057989 0.456650367 0.472858158 0.474138204 0.468119299 0.542579229 0.563525989 0.540523351 0.517670875 0.533906612 0.534223257 0.541135891 0.539609224 0.543205364 0.588334871 0.585959036 0.574053202 0.582994949 0.554327489 0.558951808 0.635468706 0.516035409 0.558246554 0.541280764 0.522351750 0.528661208 0.560654606 0.534396529 0.521425137 0.574788385 0.570753204 0.572953974 0.550129924 0.920481993 
13     0.538683451 0.000000000 0.097941779 0.099568372 0.212456860 0.611814916 0.638325925 0.601699808 0.600971547 0.616961157 0.619844814 0.643608556 0.631182331 0.633181518 0.634937440 0.630496649 0.644152404 0.570915652 0.570669207 0.583891792 0.587827497 0.581849610 0.666004813 0.685589759 0.659876858 0.635904045 0.652339470 0.652669078 0.651128126 0.648761248 0.666169060 0.709394704 0.707312768 0.685943390 0.693872736 0.662428180 0.668479019 0.749232370 0.632793595 0.675373393 0.657137502 0.638843561 0.646189203 0.676943182 0.647283179 0.637233937 0.685053970 0.681581836 0.684919780 0.662394244 1.021736382 
10     0.542393153 0.097941779 0.000000000 0.098426635 0.216620794 0.615556101 0.641681346 0.604919608 0.604313686 0.620571122 0.623364237 0.646991673 0.636421029 0.638325893 0.640081815 0.635266626 0.647964432 0.574536993 0.574290548 0.585381720 0.591593232 0.585602645 0.668823299 0.688394276 0.662354985 0.639002935 0.655536951 0.655889972 0.654483920 0.652151141 0.669573002 0.712340090 0.710258154 0.689742268 0.697770090 0.666504852 0.672555691 0.752834813 0.636107995 0.678469597 0.659925834 0.642009582 0.649110426 0.680391373 0.650725494 0.640287370 0.688860143 0.685388008 0.688605167 0.666082847 1.019067518 
14     0.543063702 0.099568372 0.098426635 0.000000000 0.218128633 0.616235361 0.641368288 0.605434632 0.604406330 0.620486481 0.623279597 0.646759130 0.635381093 0.637245495 0.639001418 0.633921408 0.647679092 0.574089618 0.573843173 0.584518460 0.590902030 0.584920838 0.668876621 0.688644975 0.662745966 0.637924863 0.654985093 0.655338113 0.652746662 0.650398666 0.669412100 0.711203459 0.709121522 0.688168774 0.696275082 0.664639808 0.670756240 0.749649580 0.634714252 0.675266246 0.657048841 0.638597499 0.647156054 0.677587448 0.648555560 0.638898885 0.688689392 0.685217258 0.688410516 0.665046477 1.018087573 
20     0.510699788 0.212456860 0.216620794 0.218128633 0.000000000 0.582194690 0.608556683 0.572568438 0.573520096 0.588611952 0.591908233 0.613146814 0.603474242 0.605373042 0.607140216 0.603251346 0.615778243 0.542377992 0.542266192 0.554500773 0.558601560 0.552446877 0.636282482 0.654101341 0.630155000 0.604442876 0.621550754 0.622309291 0.628067488 0.625605165 0.634738256 0.676473744 0.674350628 0.656526437 0.664389339 0.634333833 0.640300346 0.719936209 0.602381829 0.645902119 0.626521002 0.607483843 0.616059797 0.646298058 0.617424444 0.606219009 0.658770679 0.655402852 0.658872170 0.633827073 0.994695943 
4     0.508300235 0.611814916 0.615556101 0.616235361 0.582194690 0.000000000 0.606807629 0.569406063 0.571208940 0.588323349 0.589919590 0.613521624 0.601796292 0.603330485 0.604874513 0.604530592 0.612059775 0.542365621 0.541795303 0.555120205 0.556678395 0.550244456 0.632789293 0.652349217 0.629541506 0.604909270 0.622951861 0.623111510 0.625876248 0.625366038 0.634373098 0.674465627 0.672920265 0.654964356 0.663917531 0.635133155 0.640195747 0.720586320 0.604316311 0.647458504 0.628156353 0.609447388 0.616136008 0.644149921 0.620018173 0.606399539 0.658280849 0.654715949 0.657009285 0.633459056 1.005568882 
19     0.524004983 0.638325925 0.641681346 0.641368288 0.608556683 0.606807629 0.000000000 0.269594912 0.408965937 0.417868780 0.421756169 0.487527206 0.482288670 0.484675435 0.485938761 0.483848628 0.550492388 0.478079668 0.477221831 0.493479479 0.494679786 0.489202797 0.582277492 0.600489984 0.580518758 0.550297792 0.570855628 0.571373051 0.578137291 0.575424222 0.579811778 0.621505836 0.621814508 0.595692141 0.603094882 0.573934554 0.580149976 0.655203459 0.547437478 0.588577144 0.571809608 0.554927828 0.555782539 0.588363759 0.561394056 0.551077365 0.606541985 0.603361007 0.605730214 0.581248752 0.949542547 
21     0.486837964 0.601699808 0.604919608 0.605434632 0.572568438 0.569406063 0.269594912 0.000000000 0.367806631 0.378753133 0.381523459 0.447037112 0.444224646 0.445320898 0.446510715 0.442034026 0.511145038 0.439909175 0.439051337 0.455001240 0.456252067 0.450536477 0.547917632 0.563617419 0.542580231 0.513054409 0.533682814 0.534290456 0.539131796 0.535607963 0.540709693 0.584681405 0.584012513 0.557020055 0.565123088 0.536329337 0.541336256 0.618595538 0.508996742 0.552409010 0.536129699 0.518478140 0.519332623 0.553398281 0.525132659 0.514618716 0.566169537 0.562885465 0.565140104 0.543108872 0.910904435 
7     0.491658783 0.600971547 0.604313686 0.604406330 0.573520096 0.571208940 0.408965937 0.367806631 0.000000000 0.151956368 0.155715068 0.450614537 0.448223268 0.449117784 0.450984931 0.445769677 0.514148299 0.438897742 0.438039904 0.455265249 0.456317204 0.450776167 0.551854577 0.566540289 0.547771674 0.519911027 0.539481839 0.539728808 0.545893381 0.541964167 0.549722444 0.594756241 0.594601744 0.565101431 0.574459326 0.547203815 0.552679111 0.633441280 0.512994259 0.558999764 0.541577965 0.523200402 0.521466037 0.556690150 0.529958576 0.518646597 0.571611291 0.567123625 0.570609548 0.545997998 0.921719929 
9     0.506162110 0.616961157 0.620571122 0.620486481 0.588611952 0.588323349 0.417868780 0.378753133 0.151956368 0.000000000 0.169465459 0.462640147 0.460203666 0.461021063 0.462893007 0.458397254 0.529273184 0.456271018 0.455413181 0.473344135 0.473346772 0.467141741 0.570373625 0.588492508 0.566117722 0.538392493 0.555669141 0.555896739 0.564501967 0.561227878 0.567363683 0.613071317 0.611658819 0.581388041 0.590589327 0.562528368 0.569587211 0.651372735 0.527169047 0.575172967 0.557432209 0.538990569 0.536548021 0.571222404 0.544450158 0.532640227 0.588419433 0.583470353 0.586373167 0.563465767 0.936154770 
18     0.508136452 0.619844814 0.623364237 0.623279597 0.591908233 0.589919590 0.421756169 0.381523459 0.155715068 0.169465459 0.000000000 0.468873584 0.464478473 0.465238869 0.466951298 0.461662072 0.528357714 0.454873882 0.454016045 0.470432439 0.471278149 0.465474772 0.572799821 0.589328634 0.567392137 0.539801111 0.555851479 0.556079078 0.563509966 0.560086393 0.565854241 0.611618858 0.611369154 0.582070506 0.591387320 0.564211366 0.570832253 0.649658075 0.528651176 0.576740348 0.558966080 0.540380548 0.540122017 0.574477471 0.546400066 0.535153890 0.592281305 0.587541475 0.591280206 0.566672181 0.939795514 
5     0.532737514 0.643608556 0.646991673 0.646759130 0.613146814 0.613521624 0.487527206 0.447037112 0.450614537 0.462640147 0.468873584 0.000000000 0.335405015 0.335993736 0.337787354 0.336430791 0.556212851 0.485398873 0.484720804 0.501345226 0.499815473 0.493093076 0.594723893 0.611111083 0.593515789 0.564962619 0.579940186 0.580141532 0.590443871 0.586846071 0.592024282 0.637741723 0.635361870 0.608410964 0.618341401 0.590172365 0.595805941 0.674703053 0.561057844 0.603393739 0.583981925 0.563611517 0.570954454 0.600777896 0.573212871 0.566275236 0.613950126 0.610155569 0.611719788 0.588561300 0.965810408 
2     0.519968501 0.631182331 0.636421029 0.635381093 0.603474242 0.601796292 0.482288670 0.444224646 0.448223268 0.460203666 0.464478473 0.335405015 0.000000000 0.076569035 0.080871164 0.202787145 0.543028847 0.473401849 0.472789556 0.488721970 0.486224483 0.480374361 0.583321599 0.600651580 0.580966476 0.549906079 0.565826639 0.566052728 0.574485126 0.570415924 0.576927080 0.623123184 0.620895900 0.588411094 0.598755775 0.571205346 0.576933598 0.654435665 0.544738477 0.588382852 0.569467087 0.551579628 0.554971018 0.587294152 0.558894285 0.548809653 0.597035881 0.592417021 0.595496101 0.572284363 0.950863413 
15     0.521427941 0.633181518 0.638325893 0.637245495 0.605373042 0.603330485 0.484675435 0.445320898 0.449117784 0.461021063 0.465238869 0.335993736 0.076569035 0.000000000 0.082889937 0.205441069 0.545196887 0.475109583 0.474497290 0.490634459 0.488194234 0.482196056 0.584728078 0.601696361 0.581839745 0.550754138 0.566464933 0.566691022 0.575688470 0.571630051 0.578181979 0.624362178 0.622167379 0.590626215 0.600975451 0.573104051 0.578832302 0.655708657 0.544623816 0.589457497 0.570208803 0.552726342 0.556033527 0.588003771 0.560652969 0.550090423 0.598729615 0.593907829 0.596942601 0.573130952 0.952512065 
3     0.523682836 0.634937440 0.640081815 0.639001418 0.607140216 0.604874513 0.485938761 0.446510715 0.450984931 0.462893007 0.466951298 0.337787354 0.080871164 0.082889937 0.000000000 0.203571704 0.546470888 0.477248670 0.476636377 0.492674936 0.490288286 0.484276233 0.587181171 0.604149455 0.584242099 0.553393638 0.568815386 0.569036301 0.577793094 0.573736093 0.580651371 0.626858727 0.624663928 0.593487824 0.603865724 0.575946783 0.581675035 0.658729678 0.547164508 0.591904259 0.572455277 0.555139925 0.558597837 0.590736538 0.562420519 0.552431601 0.602272440 0.597938361 0.600766344 0.576650227 0.954694980 
6     0.523067062 0.630496649 0.635266626 0.633921408 0.603251346 0.604530592 0.483848628 0.442034026 0.445769677 0.458397254 0.461662072 0.336430791 0.202787145 0.205441069 0.203571704 0.000000000 0.543630849 0.474733478 0.474055409 0.489134640 0.488145750 0.482601754 0.584524418 0.602602652 0.580148629 0.551901721 0.563365981 0.563627397 0.574421955 0.570210125 0.578466523 0.623336392 0.622089640 0.592233183 0.602556042 0.574218141 0.579354419 0.658607061 0.543950202 0.585803027 0.566013855 0.548543656 0.554171396 0.586962995 0.557913881 0.547889611 0.599163038 0.594457228 0.597538145 0.573880320 0.956983465 
16     0.530573608 0.644152404 0.647964432 0.647679092 0.615778243 0.612059775 0.550492388 0.511145038 0.514148299 0.529273184 0.528357714 0.556212851 0.543028847 0.545196887 0.546470888 0.543630849 0.000000000 0.370636448 0.369334853 0.387131107 0.385751434 0.380268825 0.589118217 0.605028960 0.586409378 0.555476285 0.570535078 0.570736477 0.583926309 0.579643361 0.584829851 0.627358335 0.626285585 0.608344564 0.618735460 0.587971352 0.592524724 0.669625596 0.555614460 0.598635751 0.577031488 0.563884423 0.565899267 0.597470085 0.573307202 0.561914665 0.612587719 0.609534028 0.613510643 0.590621895 0.959778364 
12     0.457057989 0.570915652 0.574536993 0.574089618 0.542377992 0.542365621 0.478079668 0.439909175 0.438897742 0.456271018 0.454873882 0.485398873 0.473401849 0.475109583 0.477248670 0.474733478 0.370636448 0.000000000 0.040994997 0.197092467 0.200440881 0.194529598 0.518935978 0.534836399 0.515543030 0.488174999 0.503497465 0.503576739 0.514727660 0.512017510 0.518379429 0.562765582 0.562069843 0.534426685 0.544210843 0.515064971 0.519793505 0.600878495 0.486416030 0.528446085 0.507782259 0.494924758 0.496663253 0.526537984 0.501554511 0.489686701 0.540707241 0.538211402 0.540335278 0.516869595 0.891195381 
11     0.456650367 0.570669207 0.574290548 0.573843173 0.542266192 0.541795303 0.477221831 0.439051337 0.438039904 0.455413181 0.454016045 0.484720804 0.472789556 0.474497290 0.476636377 0.474055409 0.369334853 0.040994997 0.000000000 0.195672261 0.199752452 0.193843998 0.518294810 0.534146024 0.514814597 0.487469272 0.503023180 0.503091435 0.514289402 0.511577191 0.517540483 0.562088174 0.561391775 0.533648703 0.543432861 0.514268717 0.518997251 0.600082240 0.485381313 0.527517768 0.506853942 0.494117689 0.495426125 0.525727848 0.500744374 0.488841804 0.540073573 0.537534064 0.539658509 0.516192257 0.890190156 
17     0.472858158 0.583891792 0.585381720 0.584518460 0.554500773 0.555120205 0.493479479 0.455001240 0.455265249 0.473344135 0.470432439 0.501345226 0.488721970 0.490634459 0.492674936 0.489134640 0.387131107 0.197092467 0.195672261 0.000000000 0.212037018 0.207590701 0.528610005 0.543870224 0.525650172 0.501130121 0.512634473 0.512678277 0.526781101 0.524777124 0.529650729 0.572447330 0.570981267 0.546716001 0.556327857 0.527069087 0.531845353 0.612426364 0.499083951 0.542148041 0.521524448 0.507213263 0.511290731 0.538843073 0.514546105 0.505183007 0.553382944 0.550657563 0.552719912 0.530301626 0.902221452 
22     0.474138204 0.587827497 0.591593232 0.590902030 0.558601560 0.556678395 0.494679786 0.456252067 0.456317204 0.473346772 0.471278149 0.499815473 0.486224483 0.488194234 0.490288286 0.488145750 0.385751434 0.200440881 0.199752452 0.212037018 0.000000000 0.088602276 0.535562588 0.552405588 0.528825114 0.501585648 0.516710140 0.516778395 0.528789456 0.525795039 0.530710625 0.574545384 0.573376778 0.549701704 0.559419325 0.531084335 0.535841424 0.613981932 0.502775799 0.546088369 0.525430340 0.511979449 0.514419467 0.542191843 0.519275418 0.506753290 0.560025024 0.557212465 0.559630938 0.535911798 0.905697736 
8     0.468119299 0.581849610 0.585602645 0.584920838 0.552446877 0.550244456 0.489202797 0.450536477 0.450776167 0.467141741 0.465474772 0.493093076 0.480374361 0.482196056 0.484276233 0.482601754 0.380268825 0.194529598 0.193843998 0.207590701 0.088602276 0.000000000 0.528197773 0.545855082 0.520775303 0.493492730 0.509718006 0.509782348 0.521853086 0.518913113 0.523547401 0.569121663 0.567308282 0.541309849 0.550989328 0.522001580 0.526758668 0.606699595 0.495774150 0.538852863 0.518126905 0.505008869 0.507331937 0.535573003 0.511985604 0.500970012 0.553687358 0.550916515 0.552917393 0.528609996 0.898191377 
40     0.542579229 0.666004813 0.668823299 0.668876621 0.636282482 0.632789293 0.582277492 0.547917632 0.551854577 0.570373625 0.572799821 0.594723893 0.583321599 0.584728078 0.587181171 0.584524418 0.589118217 0.518935978 0.518294810 0.528610005 0.535562588 0.528197773 0.000000000 0.223328317 0.352144408 0.434540507 0.442346188 0.442200969 0.449108062 0.449943606 0.451422248 0.496277212 0.492607306 0.574381279 0.583839116 0.552755986 0.557259285 0.632235449 0.535790617 0.581908966 0.561326622 0.544403229 0.546442932 0.575694858 0.549296565 0.538424379 0.594335070 0.589348469 0.593864797 0.561888312 0.940796326 
43     0.563525989 0.685589759 0.688394276 0.688644975 0.654101341 0.652349217 0.600489984 0.563617419 0.566540289 0.588492508 0.589328634 0.611111083 0.600651580 0.601696361 0.604149455 0.602602652 0.605028960 0.534836399 0.534146024 0.543870224 0.552405588 0.545855082 0.223328317 0.000000000 0.375394353 0.453038900 0.462823749 0.462886321 0.467441610 0.468390714 0.472205800 0.515273806 0.511697496 0.590259276 0.599372945 0.568191401 0.572320128 0.645024210 0.548623894 0.594695178 0.574641777 0.556781372 0.560417707 0.589751259 0.563333563 0.553398458 0.606710742 0.602308589 0.606976882 0.577477018 0.964355855 
47     0.540523351 0.659876858 0.662354985 0.662745966 0.630155000 0.629541506 0.580518758 0.542580231 0.547771674 0.566117722 0.567392137 0.593515789 0.580966476 0.581839745 0.584242099 0.580148629 0.586409378 0.515543030 0.514814597 0.525650172 0.528825114 0.520775303 0.352144408 0.375394353 0.000000000 0.429154489 0.438940576 0.438622235 0.444939932 0.443926918 0.442721023 0.489505414 0.486492326 0.570254692 0.579390822 0.548364199 0.552497558 0.628209405 0.528082694 0.574463049 0.554787590 0.536517481 0.540709047 0.570109268 0.545334921 0.532664874 0.585006241 0.581366530 0.586144033 0.554137885 0.938265282 
26     0.517670875 0.635904045 0.639002935 0.637924863 0.604442876 0.604909270 0.550297792 0.513054409 0.519911027 0.538392493 0.539801111 0.564962619 0.549906079 0.550754138 0.553393638 0.551901721 0.555476285 0.488174999 0.487469272 0.501130121 0.501585648 0.493492730 0.434540507 0.453038900 0.429154489 0.000000000 0.364307432 0.363948679 0.393150419 0.392799889 0.390227623 0.429638614 0.428023677 0.543198269 0.552328913 0.519722358 0.523486856 0.599948428 0.498383519 0.540177195 0.519836350 0.507328608 0.507587719 0.540070360 0.514809864 0.503529577 0.559758793 0.555243804 0.560508321 0.527097060 0.914019454 
34     0.533906612 0.652339470 0.655536951 0.654985093 0.621550754 0.622951861 0.570855628 0.533682814 0.539481839 0.555669141 0.555851479 0.579940186 0.565826639 0.566464933 0.568815386 0.563365981 0.570535078 0.503497465 0.503023180 0.512634473 0.516710140 0.509718006 0.442346188 0.462823749 0.438940576 0.364307432 0.000000000 0.050126238 0.402363891 0.404531477 0.402636085 0.446313995 0.444703177 0.562982578 0.572262441 0.541826015 0.546779537 0.619965751 0.511526210 0.554944048 0.534701598 0.518004073 0.522290003 0.555204232 0.528263074 0.514394845 0.574074373 0.570205487 0.573641255 0.541728676 0.928294239 
25     0.534223257 0.652669078 0.655889972 0.655338113 0.622309291 0.623111510 0.571373051 0.534290456 0.539728808 0.555896739 0.556079078 0.580141532 0.566052728 0.566691022 0.569036301 0.563627397 0.570736477 0.503576739 0.503091435 0.512678277 0.516778395 0.509782348 0.442200969 0.462886321 0.438622235 0.363948679 0.050126238 0.000000000 0.401690847 0.404028569 0.402371293 0.446053829 0.444442335 0.563188779 0.572468642 0.542082252 0.547035774 0.620148765 0.511507112 0.555437651 0.535214139 0.518239505 0.522674209 0.555480802 0.528539644 0.514729110 0.574350944 0.570482057 0.573917825 0.541903391 0.928469351 
41     0.541135891 0.651128126 0.654483920 0.652746662 0.628067488 0.625876248 0.578137291 0.539131796 0.545893381 0.564501967 0.563509966 0.590443871 0.574485126 0.575688470 0.577793094 0.574421955 0.583926309 0.514727660 0.514289402 0.526781101 0.528789456 0.521853086 0.449108062 0.467441610 0.444939932 0.393150419 0.402363891 0.401690847 0.000000000 0.097652228 0.400737893 0.444123346 0.443505275 0.565279831 0.574291198 0.544856821 0.549018885 0.625723271 0.517976575 0.556532289 0.541834931 0.528402812 0.532217574 0.559101961 0.534800819 0.523496134 0.580733353 0.576436589 0.580554058 0.548897614 0.924696943 
33     0.539609224 0.648761248 0.652151141 0.650398666 0.625605165 0.625366038 0.575424222 0.535607963 0.541964167 0.561227878 0.560086393 0.586846071 0.570415924 0.571630051 0.573736093 0.570210125 0.579643361 0.512017510 0.511577191 0.524777124 0.525795039 0.518913113 0.449943606 0.468390714 0.443926918 0.392799889 0.404531477 0.404028569 0.097652228 0.000000000 0.404400762 0.447617277 0.446593625 0.563945999 0.573164486 0.543376557 0.547537737 0.623835137 0.517140518 0.556297694 0.540863834 0.527638575 0.531437990 0.558437198 0.534228253 0.522767340 0.579823105 0.575566231 0.579696745 0.547136872 0.919015342 
30     0.543205364 0.666169060 0.669573002 0.669412100 0.634738256 0.634373098 0.579811778 0.540709693 0.549722444 0.567363683 0.565854241 0.592024282 0.576927080 0.578181979 0.580651371 0.578466523 0.584829851 0.518379429 0.517540483 0.529650729 0.530710625 0.523547401 0.451422248 0.472205800 0.442721023 0.390227623 0.402636085 0.402371293 0.400737893 0.404400762 0.000000000 0.252506159 0.249868059 0.570751667 0.579780467 0.550110724 0.554777629 0.629618709 0.528327176 0.573999480 0.553152858 0.538014136 0.541215211 0.569504964 0.545098737 0.530064792 0.586353028 0.581223559 0.585844059 0.554827763 0.940564455 
38     0.588334871 0.709394704 0.712340090 0.711203459 0.676473744 0.674465627 0.621505836 0.584681405 0.594756241 0.613071317 0.611618858 0.637741723 0.623123184 0.624362178 0.626858727 0.623336392 0.627358335 0.562765582 0.562088174 0.572447330 0.574545384 0.569121663 0.496277212 0.515273806 0.489505414 0.429638614 0.446313995 0.446053829 0.444123346 0.447617277 0.252506159 0.000000000 0.099016547 0.612745926 0.621774492 0.592356184 0.597036821 0.668734259 0.568402688 0.615162576 0.593885233 0.579037887 0.582565558 0.610472478 0.583370447 0.570498490 0.629082958 0.624034102 0.628324117 0.598682461 0.979377276 
24     0.585959036 0.707312768 0.710258154 0.709121522 0.674350628 0.672920265 0.621814508 0.584012513 0.594601744 0.611658819 0.611369154 0.635361870 0.620895900 0.622167379 0.624663928 0.622089640 0.626285585 0.562069843 0.561391775 0.570981267 0.573376778 0.567308282 0.492607306 0.511697496 0.486492326 0.428023677 0.444703177 0.444442335 0.443505275 0.446593625 0.249868059 0.099016547 0.000000000 0.609787908 0.618809433 0.589576529 0.594257165 0.666118126 0.566624935 0.613200584 0.592039087 0.577005418 0.580749493 0.607736401 0.581911201 0.568840615 0.627390532 0.622264155 0.626554170 0.596181072 0.978415977 
32     0.574053202 0.685943390 0.689742268 0.688168774 0.656526437 0.654964356 0.595692141 0.557020055 0.565101431 0.581388041 0.582070506 0.608410964 0.588411094 0.590626215 0.593487824 0.592233183 0.608344564 0.534426685 0.533648703 0.546716001 0.549701704 0.541309849 0.574381279 0.590259276 0.570254692 0.543198269 0.562982578 0.563188779 0.565279831 0.563945999 0.570751667 0.612745926 0.609787908 0.000000000 0.106426106 0.197382992 0.200065201 0.533996055 0.549951140 0.590993483 0.569549112 0.555009074 0.559942600 0.587824905 0.563386322 0.555128701 0.609274732 0.605445604 0.609879657 0.578553102 0.954535221 
36     0.582994949 0.693872736 0.697770090 0.696275082 0.664389339 0.663917531 0.603094882 0.565123088 0.574459326 0.590589327 0.591387320 0.618341401 0.598755775 0.600975451 0.603865724 0.602556042 0.618735460 0.544210843 0.543432861 0.556327857 0.559419325 0.550989328 0.583839116 0.599372945 0.579390822 0.552328913 0.572262441 0.572468642 0.574291198 0.573164486 0.579780467 0.621774492 0.618809433 0.106426106 0.000000000 0.206203491 0.209071390 0.541374688 0.559269508 0.602821989 0.580059884 0.566615738 0.570016737 0.597753976 0.573612884 0.564770013 0.618984195 0.615643401 0.620513640 0.588204056 0.963926796 
29     0.554327489 0.662428180 0.666504852 0.664639808 0.634333833 0.635133155 0.573934554 0.536329337 0.547203815 0.562528368 0.564211366 0.590172365 0.571205346 0.573104051 0.575946783 0.574218141 0.587971352 0.515064971 0.514268717 0.527069087 0.531084335 0.522001580 0.552755986 0.568191401 0.548364199 0.519722358 0.541826015 0.542082252 0.544856821 0.543376557 0.550110724 0.592356184 0.589576529 0.197382992 0.206203491 0.000000000 0.055343159 0.508542458 0.529847196 0.572966287 0.552004660 0.537514270 0.543734891 0.570540721 0.544840148 0.535066919 0.590008055 0.586460699 0.591512203 0.559691094 0.933940882 
46     0.558951808 0.668479019 0.672555691 0.670756240 0.640300346 0.640195747 0.580149976 0.541336256 0.552679111 0.569587211 0.570832253 0.595805941 0.576933598 0.578832302 0.581675035 0.579354419 0.592524724 0.519793505 0.518997251 0.531845353 0.535841424 0.526758668 0.557259285 0.572320128 0.552497558 0.523486856 0.546779537 0.547035774 0.549018885 0.547537737 0.554777629 0.597036821 0.594257165 0.200065201 0.209071390 0.055343159 0.000000000 0.514149289 0.535164051 0.578891822 0.557290772 0.543329146 0.549161302 0.575627901 0.550417915 0.541013798 0.595092161 0.591668614 0.596596309 0.564835111 0.936808630 
42     0.635468706 0.749232370 0.752834813 0.749649580 0.719936209 0.720586320 0.655203459 0.618595538 0.633441280 0.651372735 0.649658075 0.674703053 0.654435665 0.655708657 0.658729678 0.658607061 0.669625596 0.600878495 0.600082240 0.612426364 0.613981932 0.606699595 0.632235449 0.645024210 0.628209405 0.599948428 0.619965751 0.620148765 0.625723271 0.623835137 0.629618709 0.668734259 0.666118126 0.533996055 0.541374688 0.508542458 0.514149289 0.000000000 0.605193979 0.649149347 0.628626847 0.614520967 0.618167739 0.649241758 0.624251298 0.616326988 0.672183062 0.667809632 0.672785170 0.642722364 1.018229222 
31     0.516035409 0.632793595 0.636107995 0.634714252 0.602381829 0.604316311 0.547437478 0.508996742 0.512994259 0.527169047 0.528651176 0.561057844 0.544738477 0.544623816 0.547164508 0.543950202 0.555614460 0.486416030 0.485381313 0.499083951 0.502775799 0.495774150 0.535790617 0.548623894 0.528082694 0.498383519 0.511526210 0.511507112 0.517976575 0.517140518 0.528327176 0.568402688 0.566624935 0.549951140 0.559269508 0.529847196 0.535164051 0.605193979 0.000000000 0.250589273 0.230497276 0.215220120 0.220363438 0.275665667 0.254366278 0.243466616 0.505584311 0.501207427 0.504390900 0.477277265 0.907271325 
37     0.558246554 0.675373393 0.678469597 0.675266246 0.645902119 0.647458504 0.588577144 0.552409010 0.558999764 0.575172967 0.576740348 0.603393739 0.588382852 0.589457497 0.591904259 0.585803027 0.598635751 0.528446085 0.527517768 0.542148041 0.546088369 0.538852863 0.581908966 0.594695178 0.574463049 0.540177195 0.554944048 0.555437651 0.556532289 0.556297694 0.573999480 0.615162576 0.613200584 0.590993483 0.602821989 0.572966287 0.578891822 0.649149347 0.250589273 0.000000000 0.125443137 0.165014405 0.229581001 0.319072440 0.294704728 0.285206153 0.550162852 0.545901734 0.549294785 0.522668243 0.948683145 
44     0.541280764 0.657137502 0.659925834 0.657048841 0.626521002 0.628156353 0.571809608 0.536129699 0.541577965 0.557432209 0.558966080 0.583981925 0.569467087 0.570208803 0.572455277 0.566013855 0.577031488 0.507782259 0.506853942 0.521524448 0.525430340 0.518126905 0.561326622 0.574641777 0.554787590 0.519836350 0.534701598 0.535214139 0.541834931 0.540863834 0.553152858 0.593885233 0.592039087 0.569549112 0.580059884 0.552004660 0.557290772 0.628626847 0.230497276 0.125443137 0.000000000 0.146384667 0.209981615 0.298499262 0.274383214 0.265597101 0.531365313 0.527058152 0.530578520 0.501820957 0.932521966 
49     0.522351750 0.638843561 0.642009582 0.638597499 0.607483843 0.609447388 0.554927828 0.518478140 0.523200402 0.538990569 0.540380548 0.563611517 0.551579628 0.552726342 0.555139925 0.548543656 0.563884423 0.494924758 0.494117689 0.507213263 0.511979449 0.505008869 0.544403229 0.556781372 0.536517481 0.507328608 0.518004073 0.518239505 0.528402812 0.527638575 0.538014136 0.579037887 0.577005418 0.555009074 0.566615738 0.537514270 0.543329146 0.614520967 0.215220120 0.165014405 0.146384667 0.000000000 0.198222468 0.286026207 0.263250227 0.251564439 0.518707728 0.514928016 0.518158606 0.489972652 0.918650793 
23     0.528661208 0.646189203 0.649110426 0.647156054 0.616059797 0.616136008 0.555782539 0.519332623 0.521466037 0.536548021 0.540122017 0.570954454 0.554971018 0.556033527 0.558597837 0.554171396 0.565899267 0.496663253 0.495426125 0.511290731 0.514419467 0.507331937 0.546442932 0.560417707 0.540709047 0.507587719 0.522290003 0.522674209 0.532217574 0.531437990 0.541215211 0.582565558 0.580749493 0.559942600 0.570016737 0.543734891 0.549161302 0.618167739 0.220363438 0.229581001 0.209981615 0.198222468 0.000000000 0.289991091 0.268879426 0.259368807 0.519497982 0.514611751 0.518745070 0.488601733 0.917842223 
50     0.560654606 0.676943182 0.680391373 0.677587448 0.646298058 0.644149921 0.588363759 0.553398281 0.556690150 0.571222404 0.574477471 0.600777896 0.587294152 0.588003771 0.590736538 0.586962995 0.597470085 0.526537984 0.525727848 0.538843073 0.542191843 0.535573003 0.575694858 0.589751259 0.570109268 0.540070360 0.555204232 0.555480802 0.559101961 0.558437198 0.569504964 0.610472478 0.607736401 0.587824905 0.597753976 0.570540721 0.575627901 0.649241758 0.275665667 0.319072440 0.298499262 0.286026207 0.289991091 0.000000000 0.245458140 0.243234977 0.550173161 0.544817834 0.549242609 0.520228012 0.949653596 
35     0.534396529 0.647283179 0.650725494 0.648555560 0.617424444 0.620018173 0.561394056 0.525132659 0.529958576 0.544450158 0.546400066 0.573212871 0.558894285 0.560652969 0.562420519 0.557913881 0.573307202 0.501554511 0.500744374 0.514546105 0.519275418 0.511985604 0.549296565 0.563333563 0.545334921 0.514809864 0.528263074 0.528539644 0.534800819 0.534228253 0.545098737 0.583370447 0.581911201 0.563386322 0.573612884 0.544840148 0.550417915 0.624251298 0.254366278 0.294704728 0.274383214 0.263250227 0.268879426 0.245458140 0.000000000 0.220083535 0.518356554 0.514128238 0.518626241 0.491854665 0.926927603 
39     0.521425137 0.637233937 0.640287370 0.638898885 0.606219009 0.606399539 0.551077365 0.514618716 0.518646597 0.532640227 0.535153890 0.566275236 0.548809653 0.550090423 0.552431601 0.547889611 0.561914665 0.489686701 0.488841804 0.505183007 0.506753290 0.500970012 0.538424379 0.553398458 0.532664874 0.503529577 0.514394845 0.514729110 0.523496134 0.522767340 0.530064792 0.570498490 0.568840615 0.555128701 0.564770013 0.535066919 0.541013798 0.616326988 0.243466616 0.285206153 0.265597101 0.251564439 0.259368807 0.243234977 0.220083535 0.000000000 0.512293871 0.508003692 0.510622152 0.475056071 0.915501397 
28     0.574788385 0.685053970 0.688860143 0.688689392 0.658770679 0.658280849 0.606541985 0.566169537 0.571611291 0.588419433 0.592281305 0.613950126 0.597035881 0.598729615 0.602272440 0.599163038 0.612587719 0.540707241 0.540073573 0.553382944 0.560025024 0.553687358 0.594335070 0.606710742 0.585006241 0.559758793 0.574074373 0.574350944 0.580733353 0.579823105 0.586353028 0.629082958 0.627390532 0.609274732 0.618984195 0.590008055 0.595092161 0.672183062 0.505584311 0.550162852 0.531365313 0.518707728 0.519497982 0.550173161 0.518356554 0.512293871 0.000000000 0.101087155 0.119185778 0.299988561 0.962643371 
48     0.570753204 0.681581836 0.685388008 0.685217258 0.655402852 0.654715949 0.603361007 0.562885465 0.567123625 0.583470353 0.587541475 0.610155569 0.592417021 0.593907829 0.597938361 0.594457228 0.609534028 0.538211402 0.537534064 0.550657563 0.557212465 0.550916515 0.589348469 0.602308589 0.581366530 0.555243804 0.570205487 0.570482057 0.576436589 0.575566231 0.581223559 0.624034102 0.622264155 0.605445604 0.615643401 0.586460699 0.591668614 0.667809632 0.501207427 0.545901734 0.527058152 0.514928016 0.514611751 0.544817834 0.514128238 0.508003692 0.101087155 0.000000000 0.118211272 0.295483111 0.958978360 
45     0.572953974 0.684919780 0.688605167 0.688410516 0.658872170 0.657009285 0.605730214 0.565140104 0.570609548 0.586373167 0.591280206 0.611719788 0.595496101 0.596942601 0.600766344 0.597538145 0.613510643 0.540335278 0.539658509 0.552719912 0.559630938 0.552917393 0.593864797 0.606976882 0.586144033 0.560508321 0.573641255 0.573917825 0.580554058 0.579696745 0.585844059 0.628324117 0.626554170 0.609879657 0.620513640 0.591512203 0.596596309 0.672785170 0.504390900 0.549294785 0.530578520 0.518158606 0.518745070 0.549242609 0.518626241 0.510622152 0.119185778 0.118211272 0.000000000 0.297926253 0.955871220 
27     0.550129924 0.662394244 0.666082847 0.665046477 0.633827073 0.633459056 0.581248752 0.543108872 0.545997998 0.563465767 0.566672181 0.588561300 0.572284363 0.573130952 0.576650227 0.573880320 0.590621895 0.516869595 0.516192257 0.530301626 0.535911798 0.528609996 0.561888312 0.577477018 0.554137885 0.527097060 0.541728676 0.541903391 0.548897614 0.547136872 0.554827763 0.598682461 0.596181072 0.578553102 0.588204056 0.559691094 0.564835111 0.642722364 0.477277265 0.522668243 0.501820957 0.489972652 0.488601733 0.520228012 0.491854665 0.475056071 0.299988561 0.295483111 0.297926253 0.000000000 0.932131671 
0     0.920481993 1.021736382 1.019067518 1.018087573 0.994695943 1.005568882 0.949542547 0.910904435 0.921719929 0.936154770 0.939795514 0.965810408 0.950863413 0.952512065 0.954694980 0.956983465 0.959778364 0.891195381 0.890190156 0.902221452 0.905697736 0.898191377 0.940796326 0.964355855 0.938265282 0.914019454 0.928294239 0.928469351 0.924696943 0.919015342 0.940564455 0.979377276 0.978415977 0.954535221 0.963926796 0.933940882 0.936808630 1.018229222 0.907271325 0.948683145 0.932521966 0.918650793 0.917842223 0.949653596 0.926927603 0.915501397 0.962643371 0.958978360 0.955871220 0.932131671 0.000000000 
