51
37     0.000000000 0.143400602 0.623782410 0.620922931 0.579358456 0.610234586 0.621923839 0.560618814 0.579263652 0.743448678 0.697851412 0.624930109 0.635194897 0.635506535 0.645396845 0.613597868 0.630393328 0.627782613 0.642051970 0.601275779 0.603711267 0.624324080 0.614969317 0.618779372 0.626386848 0.626600668 0.570782447 0.572455907 0.618613848 0.618494219 0.623649831 0.584904352 0.646465733 0.696723621 0.676278113 0.675248287 0.587865400 0.932093861 0.954306162 0.886792032 0.893872223 0.890445129 0.936094461 0.804815039 0.778430387 0.786572199 0.989990099 0.955278123 0.857279020 0.955863282 1.325079826 
5     0.143400602 0.000000000 0.624373535 0.620934590 0.582087655 0.613297080 0.625407598 0.562790783 0.582166290 0.746303542 0.700219894 0.629947760 0.640408347 0.640824256 0.650509650 0.619084286 0.637613778 0.634573762 0.648403107 0.604728469 0.607536279 0.627253687 0.618252368 0.621009337 0.628301934 0.629639603 0.575986284 0.576330538 0.622703375 0.622492915 0.627494890 0.588123455 0.650189070 0.698133631 0.677600094 0.676858430 0.591982472 0.933130945 0.957897020 0.892840283 0.900751336 0.897738151 0.942182851 0.808859944 0.783144163 0.791035095 0.990559886 0.954546876 0.860041956 0.959616596 1.323003399 
46     0.623782410 0.624373535 0.000000000 0.115048213 0.499261291 0.532573442 0.539662961 0.483448165 0.504121990 0.659902802 0.624392518 0.548946388 0.560301478 0.560641273 0.569092814 0.533542679 0.559241438 0.554027506 0.570259892 0.547221851 0.548460810 0.578570074 0.563892983 0.567540695 0.576099707 0.576422996 0.530178971 0.527533744 0.594981752 0.594035559 0.599658482 0.559196893 0.624172050 0.670907509 0.650589644 0.646019857 0.553706452 0.911584876 0.930559514 0.862507380 0.868155045 0.866469491 0.903800306 0.773197348 0.742170060 0.751153805 0.967854589 0.926396752 0.838765632 0.932966056 1.286907044 
43     0.620922931 0.620934590 0.115048213 0.000000000 0.498399784 0.531127233 0.537284968 0.481447130 0.501337105 0.658439876 0.622188827 0.547179962 0.559176877 0.559595512 0.567707766 0.532439835 0.557524790 0.552286969 0.567668707 0.547104791 0.550335421 0.579095074 0.565813086 0.569404833 0.578855561 0.577933148 0.532577155 0.529420466 0.593377287 0.592312038 0.596388444 0.557333798 0.620837194 0.667477537 0.646778454 0.641891600 0.552963319 0.907561092 0.927594754 0.856438187 0.861575186 0.860667055 0.897467510 0.766937857 0.736832559 0.746483613 0.961684957 0.923028077 0.835573307 0.928645531 1.285476258 
40     0.579358456 0.582087655 0.499261291 0.498399784 0.000000000 0.222882202 0.235365786 0.377708966 0.397157465 0.607872786 0.564191610 0.498330285 0.509780219 0.510148367 0.520849009 0.491129273 0.506805566 0.506841329 0.521608714 0.511783072 0.515393050 0.539977166 0.527952651 0.532539840 0.540682198 0.545454329 0.491668940 0.488571780 0.544010071 0.538752606 0.546904860 0.517277847 0.577646123 0.622421042 0.598124388 0.597626060 0.514219632 0.854881407 0.878859235 0.806683534 0.813887473 0.815255112 0.853734911 0.727104701 0.700655638 0.705141343 0.910233765 0.877880200 0.781263449 0.879338472 1.228193981 
6     0.610234586 0.613297080 0.532573442 0.531127233 0.222882202 0.000000000 0.221714766 0.410565533 0.427702541 0.638565858 0.592511347 0.525023664 0.537790135 0.538225199 0.549060652 0.517012893 0.532547327 0.530833818 0.546012670 0.543411179 0.547620160 0.574182935 0.558009427 0.564528628 0.572575157 0.574472247 0.524273942 0.521136110 0.582998954 0.579480697 0.584961343 0.555633341 0.613350225 0.658170960 0.636824967 0.635379715 0.549273358 0.906340826 0.928816005 0.849899250 0.860448697 0.861858667 0.903218937 0.768403323 0.745453291 0.748447185 0.961309952 0.923338530 0.822518034 0.920157170 1.276286459 
1     0.621923839 0.625407598 0.539662961 0.537284968 0.235365786 0.221714766 0.000000000 0.418019438 0.436248237 0.654032515 0.605464053 0.539347458 0.552390113 0.552724779 0.563993035 0.532801906 0.549025100 0.547343124 0.560793214 0.549724744 0.554190844 0.580770628 0.567642533 0.571598770 0.580510749 0.583779868 0.532424324 0.529229556 0.592128128 0.585608689 0.594413540 0.565061620 0.616824130 0.660590827 0.640354667 0.637573669 0.552185295 0.909714822 0.931892944 0.854473384 0.867113134 0.864148289 0.906523414 0.777489138 0.754924734 0.759002198 0.965679657 0.928740101 0.836454017 0.934776238 1.283693030 
12     0.560618814 0.562790783 0.483448165 0.481447130 0.377708966 0.410565533 0.418019438 0.000000000 0.189038487 0.591893484 0.549130047 0.477512576 0.491112144 0.491612185 0.503360180 0.471343148 0.489268547 0.486006394 0.500209460 0.495768386 0.496304381 0.522111558 0.511722945 0.513628553 0.521864092 0.526934525 0.469808835 0.470846620 0.526609109 0.526821692 0.529715477 0.496312826 0.563256121 0.604122631 0.582700326 0.582147419 0.492649526 0.852820591 0.869068111 0.802968637 0.811971284 0.811122612 0.849197592 0.718869373 0.694036486 0.695516382 0.908452410 0.878200295 0.767889922 0.865496333 1.221969285 
3     0.579263652 0.582166290 0.504121990 0.501337105 0.397157465 0.427702541 0.436248237 0.189038487 0.000000000 0.604736423 0.566391618 0.495739115 0.509059681 0.509754505 0.519470277 0.489144864 0.511259774 0.506415860 0.519714565 0.516825465 0.518304808 0.544378172 0.533535215 0.539920197 0.548228310 0.551106166 0.492435503 0.492443459 0.549641523 0.549323738 0.552087660 0.521589418 0.583620463 0.625719660 0.605446312 0.603425166 0.516037634 0.880367539 0.898394147 0.831850151 0.840010356 0.839827190 0.874034722 0.746408178 0.721616652 0.728701224 0.934094344 0.906152945 0.787820240 0.885334985 1.257000484 
33     0.743448678 0.746303542 0.659902802 0.658439876 0.607872786 0.638565858 0.654032515 0.591893484 0.604736423 0.000000000 0.560459011 0.494608453 0.510277834 0.510882308 0.520667934 0.486242702 0.513888503 0.509799869 0.524443355 0.671338820 0.673252539 0.698830753 0.688235881 0.681398404 0.691218459 0.701779424 0.658814076 0.660187893 0.711183646 0.708422123 0.713789736 0.685464406 0.738819837 0.783224570 0.762190727 0.759072535 0.671466899 1.032593092 1.054829288 0.984704744 0.992350652 0.990724532 1.032392765 0.886310563 0.858984145 0.865398031 1.089344199 1.038991647 0.930126366 1.029351937 1.409048530 
47     0.697851412 0.700219894 0.624392518 0.622188827 0.564191610 0.592511347 0.605464053 0.549130047 0.566391618 0.560459011 0.000000000 0.448174744 0.462922581 0.463152547 0.480735518 0.445275841 0.468820097 0.463650162 0.479134406 0.635215329 0.638021890 0.662290103 0.649492596 0.645380849 0.655556907 0.666456318 0.611112255 0.613550322 0.672796838 0.670624358 0.676364312 0.642848417 0.691247629 0.741342768 0.721915960 0.719446638 0.633216865 0.995623062 1.020517535 0.949403451 0.959514404 0.957282425 0.995896895 0.848103942 0.821084963 0.828308594 1.047446302 1.001245440 0.904187561 1.001338161 1.375981062 
9     0.624930109 0.629947760 0.548946388 0.547179962 0.498330285 0.525023664 0.539347458 0.477512576 0.495739115 0.494608453 0.448174744 0.000000000 0.160675784 0.162402821 0.220160388 0.184599845 0.282499298 0.274507116 0.292590326 0.560606400 0.563846874 0.588741218 0.578587431 0.575672457 0.586023676 0.594183157 0.539481737 0.541075597 0.600760223 0.598287862 0.603236052 0.568133221 0.618664171 0.665748895 0.643839218 0.642522197 0.555309336 0.911025178 0.935133196 0.862644325 0.871577275 0.868422490 0.912850385 0.776248215 0.748966617 0.757000532 0.975355050 0.927589490 0.826898498 0.924694307 1.301922900 
13     0.635194897 0.640408347 0.560301478 0.559176877 0.509780219 0.537790135 0.552390113 0.491112144 0.509059681 0.510277834 0.462922581 0.160675784 0.000000000 0.083056961 0.231703855 0.196925120 0.291043404 0.283768447 0.301592073 0.571653115 0.575074122 0.600061223 0.589957058 0.586786160 0.596356008 0.604404600 0.544147192 0.545526314 0.610369793 0.608123664 0.610802822 0.579543349 0.630869885 0.678032874 0.656595464 0.654617523 0.567025783 0.919551035 0.943259909 0.864916732 0.874247068 0.871199839 0.916543931 0.781212526 0.753520683 0.760163804 0.976423303 0.929413515 0.834795362 0.927954807 1.311321794 
27     0.635506535 0.640824256 0.560641273 0.559595512 0.510148367 0.538225199 0.552724779 0.491612185 0.509754505 0.510882308 0.463152547 0.162402821 0.083056961 0.000000000 0.231798748 0.196332048 0.292274386 0.286044616 0.302634250 0.572242458 0.576011458 0.600871856 0.590767690 0.587733843 0.597511383 0.605167010 0.544603411 0.546012892 0.610975488 0.608745215 0.611467095 0.580221705 0.631448269 0.678722012 0.657334923 0.655282071 0.567573005 0.920129419 0.943864323 0.865352145 0.874775133 0.871798262 0.917134327 0.781805093 0.754099066 0.760742188 0.977106722 0.930216781 0.835346136 0.928650162 1.311915552 
24     0.645396845 0.650509650 0.569092814 0.567707766 0.520849009 0.549060652 0.563993035 0.503360180 0.519470277 0.520667934 0.480735518 0.220160388 0.231703855 0.231798748 0.000000000 0.170873817 0.303870980 0.297462792 0.317325662 0.588521721 0.591757761 0.616806862 0.606362937 0.603046920 0.613012445 0.619142808 0.564022383 0.565624659 0.622105077 0.619076006 0.623967231 0.592531933 0.644629974 0.693248987 0.670898036 0.669459379 0.582802801 0.929406803 0.953204964 0.881549502 0.890837653 0.888347097 0.932686114 0.794963855 0.766210844 0.774046215 0.992872692 0.948932163 0.845511996 0.942196507 1.314902307 
7     0.613597868 0.619084286 0.533542679 0.532439835 0.491129273 0.517012893 0.532801906 0.471343148 0.489144864 0.486242702 0.445275841 0.184599845 0.196925120 0.196332048 0.170873817 0.000000000 0.270159913 0.263841725 0.282538263 0.554513562 0.557969590 0.582620590 0.572000041 0.568487533 0.578995355 0.584865054 0.531077547 0.532538559 0.591431510 0.589015638 0.594502763 0.557074254 0.612472781 0.660386102 0.637851538 0.636304227 0.548046543 0.905014942 0.929756171 0.853943888 0.863341617 0.861560161 0.903700673 0.770647106 0.743377156 0.749589024 0.969238282 0.922472797 0.822240988 0.919350981 1.296510914 
26     0.630393328 0.637613778 0.559241438 0.557524790 0.506805566 0.532547327 0.549025100 0.489268547 0.511259774 0.513888503 0.468820097 0.282499298 0.291043404 0.292274386 0.303870980 0.270159913 0.000000000 0.093973857 0.174171924 0.574208682 0.577511247 0.603721209 0.589637311 0.587820768 0.598016702 0.602953843 0.551296038 0.552232381 0.611416404 0.609894279 0.615135859 0.577583705 0.628890660 0.680940409 0.658105521 0.656774995 0.570508619 0.922266924 0.947052231 0.867563968 0.877282453 0.875094335 0.914908776 0.783029255 0.758853457 0.763509480 0.981748447 0.934783055 0.839186251 0.937271987 1.313821544 
31     0.627782613 0.634573762 0.554027506 0.552286969 0.506841329 0.530833818 0.547343124 0.486006394 0.506415860 0.509799869 0.463650162 0.274507116 0.283768447 0.286044616 0.297462792 0.263841725 0.093973857 0.000000000 0.163416419 0.570235889 0.574170867 0.599231454 0.586256485 0.584656986 0.594807126 0.599688146 0.546782249 0.547711202 0.605778564 0.604216038 0.609249870 0.573951050 0.624119955 0.675849298 0.653020679 0.652179337 0.563543321 0.920348513 0.943299328 0.866762169 0.875982544 0.874912074 0.914355017 0.783086316 0.758959533 0.765794142 0.979850816 0.934377419 0.836419370 0.934079316 1.311152421 
35     0.642051970 0.648403107 0.570259892 0.567668707 0.521608714 0.546012670 0.560793214 0.500209460 0.519714565 0.524443355 0.479134406 0.292590326 0.301592073 0.302634250 0.317325662 0.282538263 0.174171924 0.163416419 0.000000000 0.576246626 0.580035970 0.605602580 0.592697687 0.592479445 0.602632311 0.608254445 0.555536053 0.556439812 0.620057883 0.620237650 0.625223352 0.585491792 0.634524282 0.686618104 0.663663347 0.661294217 0.574992799 0.926381330 0.947691645 0.872203455 0.881212754 0.880880467 0.920230364 0.788903198 0.762375377 0.769154533 0.983051710 0.940225231 0.843815050 0.942190382 1.326142370 
25     0.601275779 0.604728469 0.547221851 0.547104791 0.511783072 0.543411179 0.549724744 0.495768386 0.516825465 0.671338820 0.635215329 0.560606400 0.571653115 0.572242458 0.588521721 0.554513562 0.574208682 0.570235889 0.576246626 0.000000000 0.135409989 0.169732783 0.150497673 0.286411797 0.295686091 0.293060679 0.324234172 0.326359918 0.551203709 0.550449551 0.555818914 0.515748844 0.572119673 0.616001508 0.599120496 0.591753289 0.504219406 0.866660568 0.884256405 0.805188128 0.813886117 0.809465816 0.858620029 0.735440769 0.708038069 0.714130691 0.919575207 0.866900096 0.783489588 0.880161952 1.244686602 
19     0.603711267 0.607536279 0.548460810 0.550335421 0.515393050 0.547620160 0.554190844 0.496304381 0.518304808 0.673252539 0.638021890 0.563846874 0.575074122 0.576011458 0.591757761 0.557969590 0.577511247 0.574170867 0.580035970 0.135409989 0.000000000 0.147025673 0.137694754 0.289943285 0.297975158 0.296404127 0.325878152 0.328220569 0.551456994 0.550169261 0.556846898 0.518049544 0.575018276 0.617692924 0.600142505 0.592854081 0.504768322 0.866750626 0.886572508 0.806995935 0.816331127 0.811686305 0.859775391 0.728917610 0.705636004 0.710141405 0.919613766 0.865805628 0.784929302 0.881040789 1.241010414 
22     0.624324080 0.627253687 0.578570074 0.579095074 0.539977166 0.574182935 0.580770628 0.522111558 0.544378172 0.698830753 0.662290103 0.588741218 0.600061223 0.600871856 0.616806862 0.582620590 0.603721209 0.599231454 0.605602580 0.169732783 0.147025673 0.000000000 0.172375906 0.319382722 0.327265047 0.328477438 0.356872421 0.358805688 0.580260982 0.579387731 0.584952550 0.545628593 0.602099351 0.643680419 0.625765934 0.618186990 0.532510497 0.898463837 0.916144449 0.833830370 0.842617144 0.838509478 0.887076433 0.758964339 0.730303160 0.739225474 0.946268885 0.891544495 0.813074909 0.908303199 1.259481528 
44     0.614969317 0.618252368 0.563892983 0.565813086 0.527952651 0.558009427 0.567642533 0.511722945 0.533535215 0.688235881 0.649492596 0.578587431 0.589957058 0.590767690 0.606362937 0.572000041 0.589637311 0.586256485 0.592697687 0.150497673 0.137694754 0.172375906 0.000000000 0.305049565 0.314080712 0.307010411 0.340379832 0.342435007 0.565644666 0.564991314 0.570291348 0.532090812 0.589251294 0.633016056 0.615643520 0.608828552 0.520532303 0.883836077 0.901791277 0.823324976 0.831279232 0.827173018 0.874799059 0.746897273 0.721466801 0.725773080 0.934235804 0.880004560 0.801083470 0.895780309 1.253717837 
16     0.618779372 0.621009337 0.567540695 0.569404833 0.532539840 0.564528628 0.571598770 0.513628553 0.539920197 0.681398404 0.645380849 0.575672457 0.586786160 0.587733843 0.603046920 0.568487533 0.587820768 0.584656986 0.592479445 0.286411797 0.289943285 0.319382722 0.305049565 0.000000000 0.092538439 0.287163590 0.345804130 0.348167152 0.567637256 0.567712894 0.572816694 0.534865183 0.592736676 0.637882521 0.620677905 0.613164029 0.527359942 0.887814561 0.906645529 0.827116280 0.836863399 0.833202801 0.886097835 0.745778990 0.719577702 0.726005688 0.933997376 0.884935055 0.801428288 0.903364749 1.265139253 
32     0.626386848 0.628301934 0.576099707 0.578855561 0.540682198 0.572575157 0.580510749 0.521864092 0.548228310 0.691218459 0.655556907 0.586023676 0.596356008 0.597511383 0.613012445 0.578995355 0.598016702 0.594807126 0.602632311 0.295686091 0.297975158 0.327265047 0.314080712 0.092538439 0.000000000 0.298117989 0.355911184 0.359067805 0.574839882 0.575087902 0.580160027 0.541376191 0.600726241 0.646685176 0.629865854 0.622239920 0.536012050 0.897365253 0.918030784 0.836128781 0.845266162 0.841601559 0.894492684 0.754519745 0.728573277 0.735291464 0.941869115 0.893469085 0.810228238 0.912444908 1.273951254 
34     0.626600668 0.629639603 0.576422996 0.577933148 0.545454329 0.574472247 0.583779868 0.526934525 0.551106166 0.701779424 0.666456318 0.594183157 0.604404600 0.605167010 0.619142808 0.584865054 0.602953843 0.599688146 0.608254445 0.293060679 0.296404127 0.328477438 0.307010411 0.287163590 0.298117989 0.000000000 0.355533306 0.357381193 0.579790531 0.580085974 0.585467548 0.542932891 0.608627818 0.654845935 0.638452946 0.628961620 0.540862294 0.899235787 0.916919633 0.831416956 0.840632948 0.835052286 0.884018335 0.757881958 0.734630347 0.740508787 0.941731826 0.903744780 0.813378556 0.908795629 1.274173120 
36     0.570782447 0.575986284 0.530178971 0.532577155 0.491668940 0.524273942 0.532424324 0.469808835 0.492435503 0.658814076 0.611112255 0.539481737 0.544147192 0.544603411 0.564022383 0.531077547 0.551296038 0.546782249 0.555536053 0.324234172 0.325878152 0.356872421 0.340379832 0.345804130 0.355911184 0.355533306 0.000000000 0.090844775 0.518536428 0.523235393 0.525452594 0.488539144 0.557758287 0.603582901 0.583319039 0.577335903 0.490695211 0.847434890 0.864417965 0.772985470 0.783095751 0.782011877 0.828020115 0.697285414 0.674396827 0.676952475 0.876804483 0.836512651 0.762068623 0.853125398 1.228632325 
10     0.572455907 0.576330538 0.527533744 0.529420466 0.488571780 0.521136110 0.529229556 0.470846620 0.492443459 0.660187893 0.613550322 0.541075597 0.545526314 0.546012892 0.565624659 0.532538559 0.552232381 0.547711202 0.556439812 0.326359918 0.328220569 0.358805688 0.342435007 0.348167152 0.359067805 0.357381193 0.090844775 0.000000000 0.519360072 0.524201715 0.526455706 0.488834059 0.559437812 0.603786806 0.583973767 0.577788582 0.490857054 0.847777636 0.863996692 0.774973107 0.783281592 0.784110606 0.829575390 0.695785793 0.674017654 0.676828567 0.875850121 0.838034169 0.763657820 0.854252259 1.234929286 
18     0.618613848 0.622703375 0.594981752 0.593377287 0.544010071 0.582998954 0.592128128 0.526609109 0.549641523 0.711183646 0.672796838 0.600760223 0.610369793 0.610975488 0.622105077 0.591431510 0.611416404 0.605778564 0.620057883 0.551203709 0.551456994 0.580260982 0.565644666 0.567637256 0.574839882 0.579790531 0.518536428 0.519360072 0.000000000 0.098950509 0.139527218 0.490123407 0.599509048 0.644118064 0.626072792 0.625611180 0.534490242 0.888462153 0.910173976 0.831993106 0.842012873 0.845064851 0.882793065 0.756942256 0.729499581 0.732696615 0.950930214 0.903888673 0.817313382 0.910777897 1.281159485 
2     0.618494219 0.622492915 0.594035559 0.592312038 0.538752606 0.579480697 0.585608689 0.526821692 0.549323738 0.708422123 0.670624358 0.598287862 0.608123664 0.608745215 0.619076006 0.589015638 0.609894279 0.604216038 0.620237650 0.550449551 0.550169261 0.579387731 0.564991314 0.567712894 0.575087902 0.580085974 0.523235393 0.524201715 0.098950509 0.000000000 0.138674044 0.490504227 0.600183330 0.644968122 0.626921660 0.626545966 0.535575391 0.884237448 0.906389657 0.828899944 0.839222667 0.841226829 0.880457841 0.761375021 0.733196508 0.736265028 0.952964229 0.903479185 0.817420375 0.911728056 1.278008195 
39     0.623649831 0.627494890 0.599658482 0.596388444 0.546904860 0.584961343 0.594413540 0.529715477 0.552087660 0.713789736 0.676364312 0.603236052 0.610802822 0.611467095 0.623967231 0.594502763 0.615135859 0.609249870 0.625223352 0.555818914 0.556846898 0.584952550 0.570291348 0.572816694 0.580160027 0.585467548 0.525452594 0.526455706 0.139527218 0.138674044 0.000000000 0.495653722 0.605585728 0.649849681 0.632006548 0.631796469 0.540695812 0.891470888 0.913078209 0.838177308 0.847913949 0.848656904 0.888990616 0.764670980 0.737457676 0.738953442 0.953874838 0.909649758 0.821943918 0.916668203 1.289708213 
8     0.584904352 0.588123455 0.559196893 0.557333798 0.517277847 0.555633341 0.565061620 0.496312826 0.521589418 0.685464406 0.642848417 0.568133221 0.579543349 0.580221705 0.592531933 0.557074254 0.577583705 0.573951050 0.585491792 0.515748844 0.518049544 0.545628593 0.532090812 0.534865183 0.541376191 0.542932891 0.488539144 0.488834059 0.490123407 0.490504227 0.495653722 0.000000000 0.566013667 0.610136612 0.588892610 0.587093099 0.500067064 0.850149465 0.869395239 0.789923495 0.797962923 0.799442130 0.844796162 0.725240401 0.700642405 0.706115513 0.916107828 0.867773807 0.766896851 0.864988902 1.237837120 
15     0.646465733 0.650189070 0.624172050 0.620837194 0.577646123 0.613350225 0.616824130 0.563256121 0.583620463 0.738819837 0.691247629 0.618664171 0.630869885 0.631448269 0.644629974 0.612472781 0.628890660 0.624119955 0.634524282 0.572119673 0.575018276 0.602099351 0.589251294 0.592736676 0.600726241 0.608627818 0.557758287 0.559437812 0.599509048 0.600183330 0.605585728 0.566013667 0.000000000 0.327735757 0.306541508 0.307984894 0.412719727 0.912679049 0.934010519 0.855764694 0.863239530 0.863143345 0.900941568 0.796807797 0.763544388 0.763701261 0.981074190 0.928647603 0.842676954 0.940416051 1.291258415 
45     0.696723621 0.698133631 0.670907509 0.667477537 0.622421042 0.658170960 0.660590827 0.604122631 0.625719660 0.783224570 0.741342768 0.665748895 0.678032874 0.678722012 0.693248987 0.660386102 0.680940409 0.675849298 0.686618104 0.616001508 0.617692924 0.643680419 0.633016056 0.637882521 0.646685176 0.654845935 0.603582901 0.603786806 0.644118064 0.644968122 0.649849681 0.610136612 0.327735757 0.000000000 0.192657030 0.195337389 0.450494084 0.955307818 0.977617071 0.897484070 0.905782473 0.905665384 0.945389364 0.838963282 0.800467362 0.808113774 1.024677205 0.972720648 0.886600000 0.981630424 1.332578167 
14     0.676278113 0.677600094 0.650589644 0.646778454 0.598124388 0.636824967 0.640354667 0.582700326 0.605446312 0.762190727 0.721915960 0.643839218 0.656595464 0.657334923 0.670898036 0.637851538 0.658105521 0.653020679 0.663663347 0.599120496 0.600142505 0.625765934 0.615643520 0.620677905 0.629865854 0.638452946 0.583319039 0.583973767 0.626072792 0.626921660 0.632006548 0.588892610 0.306541508 0.192657030 0.000000000 0.121791346 0.431270663 0.939488328 0.960194007 0.876985166 0.886356778 0.886091385 0.926989975 0.818303260 0.781255820 0.786477492 1.005227251 0.955422625 0.865440881 0.965324613 1.316667864 
42     0.675248287 0.676858430 0.646019857 0.641891600 0.597626060 0.635379715 0.637573669 0.582147419 0.603425166 0.759072535 0.719446638 0.642522197 0.654617523 0.655282071 0.669459379 0.636304227 0.656774995 0.652179337 0.661294217 0.591753289 0.592854081 0.618186990 0.608828552 0.613164029 0.622239920 0.628961620 0.577335903 0.577788582 0.625611180 0.626545966 0.631796469 0.587093099 0.307984894 0.195337389 0.121791346 0.000000000 0.431254302 0.931570951 0.953128748 0.869871650 0.880182229 0.879982984 0.921294937 0.812106670 0.776719559 0.783187401 1.003068225 0.950715961 0.858012431 0.958247712 1.309954043 
38     0.587865400 0.591982472 0.553706452 0.552963319 0.514219632 0.549273358 0.552185295 0.492649526 0.516037634 0.671466899 0.633216865 0.555309336 0.567025783 0.567573005 0.582802801 0.548046543 0.570508619 0.563543321 0.574992799 0.504219406 0.504768322 0.532510497 0.520532303 0.527359942 0.536012050 0.540862294 0.490695211 0.490857054 0.534490242 0.535575391 0.540695812 0.500067064 0.412719727 0.450494084 0.431270663 0.431254302 0.000000000 0.838892062 0.866116618 0.784964906 0.794649030 0.791587033 0.843788382 0.728661384 0.701306322 0.695871675 0.915659650 0.865045255 0.770324170 0.872600388 1.229754094 
4     0.932093861 0.933130945 0.911584876 0.907561092 0.854881407 0.906340826 0.909714822 0.852820591 0.880367539 1.032593092 0.995623062 0.911025178 0.919551035 0.920129419 0.929406803 0.905014942 0.922266924 0.920348513 0.926381330 0.866660568 0.866750626 0.898463837 0.883836077 0.887814561 0.897365253 0.899235787 0.847434890 0.847777636 0.888462153 0.884237448 0.891470888 0.850149465 0.912679049 0.955307818 0.939488328 0.931570951 0.838892062 0.000000000 0.316272578 0.782486946 0.784341583 0.786629556 0.828580271 0.905315546 0.887509939 0.891445572 1.094483212 1.058426512 0.951907285 1.049803419 1.401499235 
29     0.954306162 0.957897020 0.930559514 0.927594754 0.878859235 0.928816005 0.931892944 0.869068111 0.898394147 1.054829288 1.020517535 0.935133196 0.943259909 0.943864323 0.953204964 0.929756171 0.947052231 0.943299328 0.947691645 0.884256405 0.886572508 0.916144449 0.901791277 0.906645529 0.918030784 0.916919633 0.864417965 0.863996692 0.910173976 0.906389657 0.913078209 0.869395239 0.934010519 0.977617071 0.960194007 0.953128748 0.866116618 0.316272578 0.000000000 0.798381428 0.802194508 0.804743812 0.855536122 0.927682797 0.909669880 0.910912125 1.115303199 1.077947967 0.976986207 1.076726667 1.420021655 
21     0.886792032 0.892840283 0.862507380 0.856438187 0.806683534 0.849899250 0.854473384 0.802968637 0.831850151 0.984704744 0.949403451 0.862644325 0.864916732 0.865352145 0.881549502 0.853943888 0.867563968 0.866762169 0.872203455 0.805188128 0.806995935 0.833830370 0.823324976 0.827116280 0.836128781 0.831416956 0.772985470 0.774973107 0.831993106 0.828899944 0.838177308 0.789923495 0.855764694 0.897484070 0.876985166 0.869871650 0.784964906 0.782486946 0.798381428 0.000000000 0.203703169 0.205605164 0.432032203 0.844448377 0.822151767 0.827615512 1.021063663 0.977048423 0.880708611 0.973856312 1.343468938 
48     0.893872223 0.900751336 0.868155045 0.861575186 0.813887473 0.860448697 0.867113134 0.811971284 0.840010356 0.992350652 0.959514404 0.871577275 0.874247068 0.874775133 0.890837653 0.863341617 0.877282453 0.875982544 0.881212754 0.813886117 0.816331127 0.842617144 0.831279232 0.836863399 0.845266162 0.840632948 0.783095751 0.783281592 0.842012873 0.839222667 0.847913949 0.797962923 0.863239530 0.905782473 0.886356778 0.880182229 0.794649030 0.784341583 0.802194508 0.203703169 0.000000000 0.204867035 0.440992803 0.849691377 0.825318335 0.832204018 1.027291467 0.990273419 0.893095034 0.982307978 1.350908074 
30     0.890445129 0.897738151 0.866469491 0.860667055 0.815255112 0.861858667 0.864148289 0.811122612 0.839827190 0.990724532 0.957282425 0.868422490 0.871199839 0.871798262 0.888347097 0.861560161 0.875094335 0.874912074 0.880880467 0.809465816 0.811686305 0.838509478 0.827173018 0.833202801 0.841601559 0.835052286 0.782011877 0.784110606 0.845064851 0.841226829 0.848656904 0.799442130 0.863143345 0.905665384 0.886091385 0.879982984 0.791587033 0.786629556 0.804743812 0.205605164 0.204867035 0.000000000 0.439200199 0.850129572 0.827874010 0.834620351 1.028518844 0.988375837 0.895596911 0.986277009 1.356104211 
41     0.936094461 0.942182851 0.903800306 0.897467510 0.853734911 0.903218937 0.906523414 0.849197592 0.874034722 1.032392765 0.995896895 0.912850385 0.916543931 0.917134327 0.932686114 0.903700673 0.914908776 0.914355017 0.920230364 0.858620029 0.859775391 0.887076433 0.874799059 0.886097835 0.894492684 0.884018335 0.828020115 0.829575390 0.882793065 0.880457841 0.888990616 0.844796162 0.900941568 0.945389364 0.926989975 0.921294937 0.843788382 0.828580271 0.855536122 0.432032203 0.440992803 0.439200199 0.000000000 0.892644567 0.871866943 0.880543405 1.072584760 1.034173740 0.935109278 1.031947218 1.388575251 
23     0.804815039 0.808859944 0.773197348 0.766937857 0.727104701 0.768403323 0.777489138 0.718869373 0.746408178 0.886310563 0.848103942 0.776248215 0.781212526 0.781805093 0.794963855 0.770647106 0.783029255 0.783086316 0.788903198 0.735440769 0.728917610 0.758964339 0.746897273 0.745778990 0.754519745 0.757881958 0.697285414 0.695785793 0.756942256 0.761375021 0.764670980 0.725240401 0.796807797 0.838963282 0.818303260 0.812106670 0.728661384 0.905315546 0.927682797 0.844448377 0.849691377 0.850129572 0.892644567 0.000000000 0.241361063 0.243716107 0.790709090 0.873430593 0.818149932 0.925193269 1.275268208 
28     0.778430387 0.783144163 0.742170060 0.736832559 0.700655638 0.745453291 0.754924734 0.694036486 0.721616652 0.858984145 0.821084963 0.748966617 0.753520683 0.754099066 0.766210844 0.743377156 0.758853457 0.758959533 0.762375377 0.708038069 0.705636004 0.730303160 0.721466801 0.719577702 0.728573277 0.734630347 0.674396827 0.674017654 0.729499581 0.733196508 0.737457676 0.700642405 0.763544388 0.800467362 0.781255820 0.776719559 0.701306322 0.887509939 0.909669880 0.822151767 0.825318335 0.827874010 0.871866943 0.241361063 0.000000000 0.225178242 0.771468563 0.852383483 0.793924855 0.897939828 1.258620056 
20     0.786572199 0.791035095 0.751153805 0.746483613 0.705141343 0.748447185 0.759002198 0.695516382 0.728701224 0.865398031 0.828308594 0.757000532 0.760163804 0.760742188 0.774046215 0.749589024 0.763509480 0.765794142 0.769154533 0.714130691 0.710141405 0.739225474 0.725773080 0.726005688 0.735291464 0.740508787 0.676952475 0.676828567 0.732696615 0.736265028 0.738953442 0.706115513 0.763701261 0.808113774 0.786477492 0.783187401 0.695871675 0.891445572 0.910912125 0.827615512 0.832204018 0.834620351 0.880543405 0.243716107 0.225178242 0.000000000 0.775145369 0.845802028 0.804590050 0.913047688 1.255743960 
11     0.989990099 0.990559886 0.967854589 0.961684957 0.910233765 0.961309952 0.965679657 0.908452410 0.934094344 1.089344199 1.047446302 0.975355050 0.976423303 0.977106722 0.992872692 0.969238282 0.981748447 0.979850816 0.983051710 0.919575207 0.919613766 0.946268885 0.934235804 0.933997376 0.941869115 0.941731826 0.876804483 0.875850121 0.950930214 0.952964229 0.953874838 0.916107828 0.981074190 1.024677205 1.005227251 1.003068225 0.915659650 1.094483212 1.115303199 1.021063663 1.027291467 1.028518844 1.072584760 0.790709090 0.771468563 0.775145369 0.000000000 1.042011235 1.009743346 1.107650475 1.469644575 
17     0.955278123 0.954546876 0.926396752 0.923028077 0.877880200 0.923338530 0.928740101 0.878200295 0.906152945 1.038991647 1.001245440 0.927589490 0.929413515 0.930216781 0.948932163 0.922472797 0.934783055 0.934377419 0.940225231 0.866900096 0.865805628 0.891544495 0.880004560 0.884935055 0.893469085 0.903744780 0.836512651 0.838034169 0.903888673 0.903479185 0.909649758 0.867773807 0.928647603 0.972720648 0.955422625 0.950715961 0.865045255 1.058426512 1.077947967 0.977048423 0.990273419 0.988375837 1.034173740 0.873430593 0.852383483 0.845802028 1.042011235 0.000000000 0.958037724 1.055855616 1.426813631 
49     0.857279020 0.860041956 0.838765632 0.835573307 0.781263449 0.822518034 0.836454017 0.767889922 0.787820240 0.930126366 0.904187561 0.826898498 0.834795362 0.835346136 0.845511996 0.822240988 0.839186251 0.836419370 0.843815050 0.783489588 0.784929302 0.813074909 0.801083470 0.801428288 0.810228238 0.813378556 0.762068623 0.763657820 0.817313382 0.817420375 0.821943918 0.766896851 0.842676954 0.886600000 0.865440881 0.858012431 0.770324170 0.951907285 0.976986207 0.880708611 0.893095034 0.895596911 0.935109278 0.818149932 0.793924855 0.804590050 1.009743346 0.958037724 0.000000000 0.630077427 1.320447241 
50     0.955863282 0.959616596 0.932966056 0.928645531 0.879338472 0.920157170 0.934776238 0.865496333 0.885334985 1.029351937 1.001338161 0.924694307 0.927954807 0.928650162 0.942196507 0.919350981 0.937271987 0.934079316 0.942190382 0.880161952 0.881040789 0.908303199 0.895780309 0.903364749 0.912444908 0.908795629 0.853125398 0.854252259 0.910777897 0.911728056 0.916668203 0.864988902 0.940416051 0.981630424 0.965324613 0.958247712 0.872600388 1.049803419 1.076726667 0.973856312 0.982307978 0.986277009 1.031947218 0.925193269 0.897939828 0.913047688 1.107650475 1.055855616 0.630077427 0.000000000 1.421752851 
0     1.325079826 1.323003399 1.286907044 1.285476258 1.228193981 1.276286459 1.283693030 1.221969285 1.257000484 1.409048530 1.375981062 1.301922900 1.311321794 1.311915552 1.314902307 1.296510914 1.313821544 1.311152421 1.326142370 1.244686602 1.241010414 1.259481528 1.253717837 1.265139253 1.273951254 1.274173120 1.228632325 1.234929286 1.281159485 1.278008195 1.289708213 1.237837120 1.291258415 1.332578167 1.316667864 1.309954043 1.229754094 1.401499235 1.420021655 1.343468938 1.350908074 1.356104211 1.388575251 1.275268208 1.258620056 1.255743960 1.469644575 1.426813631 1.320447241 1.421752851 0.000000000 
