51
41     0.000000000 0.001344500 0.000386950 0.000818880 0.000547530 0.000481010 0.000718180 0.001475880 0.001349130 0.003807350 0.003308190 0.002991120 0.002370150 0.003584760 0.002350870 0.002338290 0.005088500 0.005184670 0.005274190 0.005316210 0.005084920 0.004816840 0.005514860 0.005282660 0.004251810 0.005120350 0.005209810 0.005581460 0.005593140 0.005114220 0.005031040 0.005160020 0.005911470 0.005949240 0.005597070 0.006090170 0.004780000 0.006293530 0.006880530 0.005495200 0.006099970 0.007769350 0.006289780 0.006374990 0.006446620 0.006159480 0.005786170 0.006008070 0.006905530 0.005741090 0.009824940 
38     0.001344500 0.000000000 0.000790090 0.001051500 0.001023410 0.001545560 0.000785730 0.001213640 0.001608440 0.003748190 0.003815170 0.002948010 0.002736480 0.002447040 0.002906930 0.002789380 0.005198010 0.005460590 0.005383700 0.005120070 0.005194430 0.004926350 0.005152150 0.004991750 0.003614180 0.005944260 0.006173180 0.005690970 0.005847150 0.005223730 0.005140550 0.005269530 0.006052660 0.006058750 0.005706580 0.006199680 0.005055920 0.006403040 0.006990040 0.003140350 0.003715910 0.007878520 0.003939050 0.003990930 0.004116590 0.004194640 0.003816870 0.003624010 0.004521470 0.003357030 0.009675490 
47     0.000386950 0.000790090 0.000000000 0.001061870 0.000429960 0.000363440 0.001209720 0.000915440 0.001231560 0.003426180 0.001957100 0.002038840 0.002252580 0.002709650 0.002233300 0.002220720 0.004856340 0.004734850 0.005431240 0.005473260 0.005241970 0.004892360 0.005371060 0.005439710 0.003801990 0.005991800 0.006186590 0.005738510 0.005475570 0.005271270 0.005188090 0.005317070 0.005793900 0.006106290 0.005754120 0.006003570 0.004330180 0.006012860 0.006627230 0.004345440 0.004921000 0.007651780 0.005144140 0.005196020 0.005321680 0.005399730 0.005021960 0.004829100 0.005726560 0.004562120 0.008119260 
2     0.000818880 0.001051500 0.001061870 0.000000000 0.000505430 0.001996210 0.000339970 0.000686220 0.000886010 0.002429550 0.002440190 0.002977100 0.003445540 0.003156100 0.003615990 0.003498440 0.005443960 0.005799540 0.005629650 0.005671670 0.005440380 0.005172300 0.005861210 0.005638120 0.004323240 0.003812620 0.003902080 0.005936920 0.006093100 0.005469680 0.005386500 0.005515480 0.006298610 0.006304700 0.005952530 0.006445630 0.006211610 0.006648990 0.007235990 0.003849410 0.004424970 0.008562990 0.004648110 0.004699990 0.004825650 0.004903700 0.004525930 0.004333070 0.005230530 0.004066090 0.008577950 
27     0.000547530 0.001023410 0.000429960 0.000505430 0.000000000 0.000210080 0.000806280 0.001204950 0.001078200 0.002853760 0.003532610 0.002419550 0.002099220 0.003688750 0.002079940 0.002067360 0.004934110 0.004812620 0.005887930 0.005929950 0.005600940 0.004970130 0.005448830 0.005730350 0.003879760 0.004236830 0.004326290 0.006195200 0.005322210 0.005394120 0.005644780 0.005741680 0.005640540 0.006562980 0.006210810 0.006081340 0.004407950 0.006907270 0.006705000 0.004382060 0.004957620 0.007498420 0.005180760 0.005232640 0.005358300 0.005436350 0.005058580 0.004865720 0.005763180 0.003830540 0.008296180 
35     0.000481010 0.001545560 0.000363440 0.001996210 0.000210080 0.000000000 0.000238970 0.001124370 0.000902840 0.003592780 0.003710670 0.002544830 0.001923860 0.003018710 0.001904580 0.001892000 0.003855680 0.003734190 0.005398710 0.005440730 0.004569150 0.003891700 0.004370400 0.004651920 0.002801330 0.005959270 0.006124630 0.005705980 0.005146850 0.002152500 0.002759940 0.005284540 0.005465180 0.006068750 0.005529730 0.005002910 0.003329520 0.006060050 0.005626570 0.003712020 0.004287580 0.006930300 0.004510720 0.004562600 0.004688260 0.004766310 0.004388540 0.004195680 0.005093140 0.003928700 0.008633500 
20     0.000718180 0.000785730 0.001209720 0.000339970 0.000806280 0.000238970 0.000000000 0.001158620 0.000647720 0.003110040 0.001411540 0.001493280 0.002314780 0.002164090 0.002205640 0.002400210 0.003029550 0.002908060 0.004364710 0.005168790 0.003743020 0.003065570 0.003544270 0.003825790 0.001975200 0.004142390 0.004231850 0.004899570 0.005156220 0.004966800 0.004883620 0.005012600 0.005529610 0.005242620 0.004703600 0.004176780 0.002503390 0.005233920 0.004800440 0.004648080 0.005482320 0.006104170 0.005447350 0.004660620 0.005861640 0.005778660 0.004187360 0.004234760 0.005203940 0.005123440 0.007807370 
42     0.001475880 0.001213640 0.000915440 0.000686220 0.001204950 0.001124370 0.001158620 0.000000000 0.000400880 0.001950290 0.000294860 0.000376600 0.001198100 0.001047410 0.001088960 0.001283530 0.004342560 0.005213940 0.004358500 0.004632890 0.004012330 0.004284680 0.004664970 0.004371880 0.002824350 0.001468710 0.001558170 0.005752730 0.005908910 0.005285490 0.005202310 0.005331290 0.006114420 0.006120510 0.005768340 0.006261440 0.004662040 0.005337530 0.006556650 0.002653170 0.003228730 0.006880460 0.003451870 0.003503750 0.003629410 0.003707460 0.003329690 0.003136830 0.004034290 0.002869850 0.008611820 
22     0.001349130 0.001608440 0.001231560 0.000886010 0.001078200 0.000902840 0.000647720 0.000400880 0.000000000 0.001338930 0.000511560 0.000553990 0.001021080 0.001284470 0.001001800 0.000989220 0.004370460 0.004726040 0.004556150 0.004598170 0.004249390 0.004098800 0.004796820 0.004564620 0.003116920 0.002499010 0.001560680 0.004863420 0.004244070 0.001212940 0.004313000 0.004441980 0.004562400 0.005231200 0.004879030 0.005235680 0.001542050 0.005574590 0.002659690 0.003060510 0.003636070 0.006420280 0.003859210 0.003911090 0.004036750 0.004114800 0.003737030 0.003544170 0.004324320 0.003277190 0.007484490 
6     0.003807350 0.003748190 0.003426180 0.002429550 0.002853760 0.003592780 0.003110040 0.001950290 0.001338930 0.000000000 0.000286540 0.000049860 0.003027640 0.002847130 0.002832090 0.002839310 0.004348110 0.004703690 0.004533800 0.004575820 0.004344530 0.004076450 0.004774470 0.004542270 0.004455720 0.004070790 0.004160250 0.004841070 0.004997250 0.004373830 0.004290650 0.004419630 0.005202760 0.005208850 0.004856680 0.005349780 0.001178140 0.005553140 0.006140140 0.003981890 0.004557450 0.007467140 0.004780590 0.004832470 0.004958130 0.005036180 0.004638020 0.004465550 0.005363010 0.004198570 0.008105410 
7     0.003308190 0.003815170 0.001957100 0.002440190 0.003532610 0.003710670 0.001411540 0.000294860 0.000511560 0.000286540 0.000000000 0.000113180 0.001329140 0.001178450 0.001220000 0.001414570 0.004246420 0.004602000 0.004432110 0.004474130 0.004143370 0.003974760 0.004672780 0.004440580 0.003989380 0.004748350 0.005221590 0.004739380 0.004895560 0.004272140 0.004188960 0.004317940 0.005101070 0.005107160 0.004754990 0.005248090 0.004793080 0.005451450 0.006038450 0.004290120 0.004865680 0.007011500 0.004889840 0.005140700 0.004891230 0.004833010 0.002634550 0.004773780 0.004218300 0.004304380 0.008067880 
34     0.002991120 0.002948010 0.002038840 0.002977100 0.002419550 0.002544830 0.001493280 0.000376600 0.000553990 0.000049860 0.000113180 0.000000000 0.001410880 0.001260190 0.001301740 0.001496310 0.004460480 0.004816060 0.004571280 0.004688190 0.004225110 0.004188820 0.004886840 0.004584660 0.003994950 0.004085600 0.004175060 0.004953440 0.005109620 0.004486200 0.004403020 0.004532000 0.005315130 0.005321220 0.004969050 0.005462150 0.004874820 0.005550310 0.006252510 0.003521120 0.004096680 0.007093240 0.004319820 0.004371700 0.004497360 0.004575410 0.004197640 0.004004780 0.004300040 0.003737800 0.007089180 
13     0.002370150 0.002736480 0.002252580 0.003445540 0.002099220 0.001923860 0.002314780 0.001198100 0.001021080 0.003027640 0.001329140 0.001410880 0.000000000 0.000413020 0.000256060 0.000450630 0.003937600 0.003816110 0.003993760 0.004552070 0.003647590 0.003919940 0.004452320 0.004007140 0.002861780 0.003692990 0.003782450 0.004830850 0.003988930 0.004060840 0.004280430 0.004408400 0.004307260 0.005198630 0.004846460 0.004980540 0.003411440 0.004972790 0.005708490 0.002572350 0.003147910 0.006165140 0.003371050 0.003422930 0.003548590 0.003626640 0.003248870 0.003056010 0.003722520 0.002789030 0.008715420 
46     0.003584760 0.002447040 0.002709650 0.003156100 0.003688750 0.003018710 0.002164090 0.001047410 0.001284470 0.002847130 0.001178450 0.001260190 0.000413020 0.000000000 0.000478920 0.000388700 0.003827130 0.004483860 0.003843070 0.004262630 0.003496900 0.003769250 0.004294710 0.003856450 0.002756740 0.004101880 0.004797250 0.004621240 0.004777420 0.004154000 0.004070820 0.004199800 0.004982930 0.004989020 0.004636850 0.005129950 0.004146610 0.004822100 0.005920310 0.002282910 0.002858470 0.006365030 0.003081610 0.003133490 0.003259150 0.003337200 0.002959430 0.002766570 0.003571830 0.002499590 0.009591780 
37     0.002350870 0.002906930 0.002233300 0.003615990 0.002079940 0.001904580 0.002205640 0.001088960 0.001001800 0.002832090 0.001220000 0.001301740 0.000256060 0.000478920 0.000000000 0.000036610 0.003868680 0.004468820 0.003884620 0.004340950 0.003538450 0.003810800 0.004539600 0.003898000 0.002842500 0.004143430 0.005088410 0.004606200 0.003969650 0.004041560 0.004055780 0.004184760 0.004287980 0.004973980 0.004621810 0.004961260 0.004188160 0.004863650 0.005905270 0.002742800 0.003318360 0.006145860 0.003541500 0.003593380 0.003719040 0.003797090 0.003419320 0.003226460 0.003613380 0.002959480 0.009784830 
39     0.002338290 0.002789380 0.002220720 0.003498440 0.002067360 0.001892000 0.002400210 0.001283530 0.000989220 0.002839310 0.001414570 0.001496310 0.000450630 0.000388700 0.000036610 0.000000000 0.004063250 0.004397370 0.004079190 0.004348170 0.003733020 0.003848800 0.004546820 0.004092570 0.002829920 0.004338000 0.005095630 0.004613420 0.003957070 0.004028980 0.004063000 0.004191980 0.004275400 0.004981200 0.004629030 0.004948680 0.003992700 0.005058220 0.005912490 0.002625250 0.003200810 0.006133280 0.003423950 0.003475830 0.003601490 0.003679540 0.003301770 0.003108910 0.003807950 0.002841930 0.009296680 
1     0.005088500 0.005198010 0.004856340 0.005443960 0.004934110 0.003855680 0.003029550 0.004342560 0.004370460 0.004348110 0.004246420 0.004460480 0.003937600 0.003827130 0.003868680 0.004063250 0.000000000 0.000200560 0.001061180 0.002330810 0.000386230 0.000658580 0.002610900 0.001074560 0.000407310 0.004416450 0.004645370 0.004346720 0.004502900 0.003879480 0.003796300 0.003925280 0.004708410 0.004714500 0.004362330 0.004370410 0.002697020 0.004532460 0.004994070 0.004841710 0.005360310 0.006297800 0.005015340 0.004854250 0.005016730 0.004924740 0.004380990 0.004428390 0.004343800 0.004429880 0.008001000 
3     0.005184670 0.005460590 0.004734850 0.005799540 0.004812620 0.003734190 0.002908060 0.005213940 0.004726040 0.004703690 0.004602000 0.004816060 0.003816110 0.004483860 0.004468820 0.004397370 0.000200560 0.000000000 0.000619030 0.000641460 0.001645880 0.000803390 0.001146440 0.001737430 0.000286810 0.004772030 0.005000950 0.004702300 0.004858480 0.004235060 0.004151880 0.004280860 0.005063990 0.005070080 0.004717910 0.004248920 0.002575530 0.005306060 0.004872580 0.004720220 0.005715890 0.006176310 0.005410620 0.004732760 0.005567460 0.005280320 0.004259500 0.004306900 0.005274670 0.005360750 0.006607520 
19     0.005274190 0.005383700 0.005431240 0.005629650 0.005887930 0.005398710 0.004364710 0.004358500 0.004556150 0.004533800 0.004432110 0.004571280 0.003993760 0.003843070 0.003884620 0.004079190 0.001061180 0.000619030 0.000000000 0.000022510 0.000730950 0.001003300 0.001012610 0.000822500 0.000503180 0.004602140 0.004831060 0.004532410 0.004688590 0.004065170 0.003981990 0.004110970 0.004894100 0.004900190 0.004548020 0.004930840 0.004807100 0.005244480 0.005138500 0.004681800 0.005063740 0.006855610 0.005031280 0.005350320 0.005032670 0.004974450 0.004737120 0.004796740 0.004359740 0.004445820 0.005892240 
31     0.005316210 0.005120070 0.005473260 0.005671670 0.005929950 0.005440730 0.005168790 0.004632890 0.004598170 0.004575820 0.004474130 0.004688190 0.004552070 0.004262630 0.004340950 0.004348170 0.002330810 0.000641460 0.000022510 0.000000000 0.003413750 0.002445560 0.000024070 0.000073180 0.002262220 0.004644160 0.004873080 0.004574430 0.004730610 0.004107190 0.004024010 0.004152990 0.004936120 0.004942210 0.004590040 0.004882340 0.004849120 0.005286500 0.005090000 0.004160020 0.004735580 0.006807110 0.004958720 0.005010600 0.005136260 0.005152450 0.004779140 0.004274960 0.005172420 0.004007980 0.005843740 
9     0.005084920 0.005194430 0.005241970 0.005440380 0.005600940 0.004569150 0.003743020 0.004012330 0.004249390 0.004344530 0.004143370 0.004225110 0.003647590 0.003496900 0.003538450 0.003733020 0.000386230 0.001645880 0.000730950 0.003413750 0.000000000 0.000272350 0.003661380 0.000744330 0.000230790 0.004357280 0.004641790 0.004343140 0.004499320 0.003875900 0.003792720 0.003921700 0.004704830 0.004710920 0.004358750 0.004851850 0.003410490 0.005055210 0.005642210 0.004997380 0.005356730 0.006806770 0.004685110 0.005198710 0.004686500 0.004628280 0.004512900 0.004857720 0.004013570 0.004099650 0.007145900 
5     0.004816840 0.004926350 0.004892360 0.005172300 0.004970130 0.003891700 0.003065570 0.004284680 0.004098800 0.004076450 0.003974760 0.004188820 0.003919940 0.003769250 0.003810800 0.003848800 0.000658580 0.000803390 0.001003300 0.002445560 0.000272350 0.000000000 0.001193070 0.001016680 0.000503140 0.004144790 0.004373710 0.004075060 0.004231240 0.003607820 0.003524640 0.003653620 0.004436750 0.004442840 0.004090670 0.004406430 0.002733040 0.004787130 0.005030090 0.004877730 0.004984320 0.006333820 0.004783380 0.004890270 0.004940220 0.004653080 0.004279770 0.004464410 0.004285920 0.004372000 0.005812820 
43     0.005514860 0.005152150 0.005371060 0.005861210 0.005448830 0.004370400 0.003544270 0.004664970 0.004796820 0.004774470 0.004672780 0.004886840 0.004452320 0.004294710 0.004539600 0.004546820 0.002610900 0.001146440 0.001012610 0.000024070 0.003661380 0.001193070 0.000000000 0.000049130 0.002484080 0.004842810 0.005071730 0.004773080 0.004929260 0.004305840 0.004222660 0.004351640 0.005134770 0.005140860 0.004788690 0.004885130 0.003211740 0.005485150 0.005311860 0.004192100 0.004767660 0.006812520 0.004990800 0.005042680 0.005168340 0.005246390 0.004868620 0.004307040 0.005204500 0.004040060 0.006065600 
12     0.005282660 0.004991750 0.005439710 0.005638120 0.005730350 0.004651920 0.003825790 0.004371880 0.004564620 0.004542270 0.004440580 0.004584660 0.004007140 0.003856450 0.003898000 0.004092570 0.001074560 0.001737430 0.000822500 0.000073180 0.000744330 0.001016680 0.000049130 0.000000000 0.000516560 0.004610610 0.004839530 0.004540880 0.004697060 0.004073640 0.003990460 0.004119440 0.004902570 0.004908660 0.004556490 0.004910010 0.003493260 0.005252950 0.005117670 0.004031700 0.004607260 0.006834780 0.004830400 0.004882280 0.005007940 0.004987830 0.004708220 0.004146640 0.004373120 0.003879660 0.005871410 
44     0.004251810 0.003614180 0.003801990 0.004323240 0.003879760 0.002801330 0.001975200 0.002824350 0.003116920 0.004455720 0.003989380 0.003994950 0.002861780 0.002756740 0.002842500 0.002829920 0.000407310 0.000286810 0.000503180 0.002262220 0.000230790 0.000503140 0.002484080 0.000516560 0.000000000 0.002849640 0.002834770 0.004038850 0.001178630 0.001250540 0.004152560 0.001598100 0.001496960 0.003216090 0.002366500 0.002170240 0.001642670 0.003951980 0.003939720 0.001080690 0.003229690 0.003354840 0.001971400 0.002362910 0.002618320 0.002662140 0.003260820 0.002769070 0.003666530 0.002502090 0.004974060 
14     0.005120350 0.005944260 0.005991800 0.003812620 0.004236830 0.005959270 0.004142390 0.001468710 0.002499010 0.004070790 0.004748350 0.004085600 0.003692990 0.004101880 0.004143430 0.004338000 0.004416450 0.004772030 0.004602140 0.004644160 0.004357280 0.004144790 0.004842810 0.004610610 0.002849640 0.000000000 0.000110780 0.005092970 0.005092010 0.003062850 0.004160860 0.004671530 0.005454660 0.005460750 0.005108580 0.005601680 0.004831800 0.005792050 0.006392040 0.006007550 0.006106560 0.007411750 0.005290090 0.005803690 0.005291480 0.005233260 0.005117880 0.005462700 0.004618550 0.004704630 0.005295730 
15     0.005209810 0.006173180 0.006186590 0.003902080 0.004326290 0.006124630 0.004231850 0.001558170 0.001560680 0.004160250 0.005221590 0.004175060 0.003782450 0.004797250 0.005088410 0.005095630 0.004645370 0.005000950 0.004831060 0.004873080 0.004641790 0.004373710 0.005071730 0.004839530 0.002834770 0.000110780 0.000000000 0.005321890 0.004450740 0.002421580 0.003519590 0.004900450 0.005683580 0.005689670 0.005337500 0.005830600 0.004412760 0.005373010 0.005280700 0.006077010 0.006223930 0.007947960 0.006030210 0.006300840 0.006187050 0.005899910 0.005526600 0.005784770 0.006166630 0.005924970 0.004876690 
17     0.005581460 0.005690970 0.005738510 0.005936920 0.006195200 0.005705980 0.004899570 0.005752730 0.004863420 0.004841070 0.004739380 0.004953440 0.004830850 0.004621240 0.004606200 0.004613420 0.004346720 0.004702300 0.004532410 0.004574430 0.004343140 0.004075060 0.004773080 0.004540880 0.004038850 0.005092970 0.005321890 0.000000000 0.001816630 0.000709370 0.001392340 0.001502030 0.001537220 0.003746940 0.003593900 0.003058560 0.002764180 0.004746570 0.005773520 0.005684820 0.005698760 0.006495730 0.005478560 0.005749190 0.005635400 0.005348260 0.004974950 0.005592970 0.006347020 0.006940760 0.006527260 
33     0.005593140 0.005847150 0.005475570 0.006093100 0.005322210 0.005146850 0.005156220 0.005908910 0.004244070 0.004997250 0.004895560 0.005109620 0.003988930 0.004777420 0.003969650 0.003957070 0.004502900 0.004858480 0.004688590 0.004730610 0.004499320 0.004231240 0.004929260 0.004697060 0.001178630 0.005092010 0.004450740 0.001816630 0.000000000 0.000080390 0.000030320 0.000552630 0.000451490 0.002179640 0.001330050 0.001133790 0.003020830 0.004902750 0.006225490 0.001145120 0.005940010 0.003419270 0.002035830 0.002427340 0.002682750 0.002726570 0.003325250 0.005849620 0.006503200 0.006494920 0.007491380 
21     0.005114220 0.005223730 0.005271270 0.005469680 0.005394120 0.002152500 0.004966800 0.005285490 0.001212940 0.004373830 0.004272140 0.004486200 0.004060840 0.004154000 0.004041560 0.004028980 0.003879480 0.004235060 0.004065170 0.004107190 0.003875900 0.003607820 0.004305840 0.004073640 0.001250540 0.003062850 0.002421580 0.000709370 0.000080390 0.000000000 0.000165170 0.000624540 0.000355390 0.002251550 0.001401960 0.001205700 0.003687370 0.004279330 0.005602070 0.001217030 0.005316590 0.003491180 0.002107740 0.002499250 0.002754660 0.002798480 0.003397160 0.006159370 0.005568880 0.005654960 0.006423210 
8     0.005031040 0.005140550 0.005188090 0.005386500 0.005644780 0.002759940 0.004883620 0.005202310 0.004313000 0.004290650 0.004188960 0.004403020 0.004280430 0.004070820 0.004055780 0.004063000 0.003796300 0.004151880 0.003981990 0.004024010 0.003792720 0.003524640 0.004222660 0.003990460 0.004152560 0.004160860 0.003519590 0.001392340 0.000030320 0.000165170 0.000000000 0.000444140 0.000635770 0.003543520 0.003191350 0.003069890 0.002974580 0.004196150 0.005518890 0.004119050 0.005233410 0.006393200 0.004928140 0.005198770 0.005084980 0.004797840 0.004424530 0.005803370 0.005796600 0.006615820 0.006538590 
10     0.005160020 0.005269530 0.005317070 0.005515480 0.005741680 0.005284540 0.005012600 0.005331290 0.004441980 0.004419630 0.004317940 0.004532000 0.004408400 0.004199800 0.004184760 0.004191980 0.003925280 0.004280860 0.004110970 0.004152990 0.003921700 0.003653620 0.004351640 0.004119440 0.001598100 0.004671530 0.004900450 0.001502030 0.000552630 0.000624540 0.000444140 0.000000000 0.000047760 0.002599110 0.001749520 0.001553260 0.003373310 0.004325130 0.005647870 0.001564590 0.005362390 0.003838740 0.002455300 0.002846810 0.003102220 0.003146040 0.003744720 0.006202100 0.005842460 0.005928540 0.007319230 
29     0.005911470 0.006052660 0.005793900 0.006298610 0.005640540 0.005465180 0.005529610 0.006114420 0.004562400 0.005202760 0.005101070 0.005315130 0.004307260 0.004982930 0.004287980 0.004275400 0.004708410 0.005063990 0.004894100 0.004936120 0.004704830 0.004436750 0.005134770 0.004902570 0.001496960 0.005454660 0.005683580 0.001537220 0.000451490 0.000355390 0.000635770 0.000047760 0.000000000 0.002497970 0.001648380 0.001452120 0.003394220 0.005108260 0.005860040 0.001463450 0.005785280 0.003737600 0.002354160 0.002745670 0.003001080 0.003044900 0.003643580 0.006066800 0.005889920 0.005799820 0.006613780 
26     0.005949240 0.006058750 0.006106290 0.006304700 0.006562980 0.006068750 0.005242620 0.006120510 0.005231200 0.005208850 0.005107160 0.005321220 0.005198630 0.004989020 0.004973980 0.004981200 0.004714500 0.005070080 0.004900190 0.004942210 0.004710920 0.004442840 0.005140860 0.004908660 0.003216090 0.005460750 0.005689670 0.003746940 0.002179640 0.002251550 0.003543520 0.002599110 0.002497970 0.000000000 0.000316500 0.000574620 0.003107230 0.005114350 0.005916380 0.003182580 0.005841620 0.005456730 0.004073290 0.004464800 0.004720210 0.004764030 0.005342730 0.005936020 0.006714800 0.006656450 0.006670120 
16     0.005597070 0.005706580 0.005754120 0.005952530 0.006210810 0.005529730 0.004703600 0.005768340 0.004879030 0.004856680 0.004754990 0.004969050 0.004846460 0.004636850 0.004621810 0.004629030 0.004362330 0.004717910 0.004548020 0.004590040 0.004358750 0.004090670 0.004788690 0.004556490 0.002366500 0.005108580 0.005337500 0.003593900 0.001330050 0.001401960 0.003191350 0.001749520 0.001648380 0.000316500 0.000000000 0.000196260 0.002568210 0.004762180 0.005732700 0.002332990 0.005657940 0.004607140 0.003223700 0.003615210 0.003870620 0.003914440 0.004513120 0.005397000 0.006362630 0.006468780 0.006486440 
28     0.006090170 0.006199680 0.006003570 0.006445630 0.006081340 0.005002910 0.004176780 0.006261440 0.005235680 0.005349780 0.005248090 0.005462150 0.004980540 0.005129950 0.004961260 0.004948680 0.004370410 0.004248920 0.004930840 0.004882340 0.004851850 0.004406430 0.004885130 0.004910010 0.002170240 0.005601680 0.005830600 0.003058560 0.001133790 0.001205700 0.003069890 0.001553260 0.001452120 0.000574620 0.000196260 0.000000000 0.002041390 0.004771920 0.005165260 0.002136730 0.005090500 0.004267940 0.003027440 0.003418950 0.003674360 0.003718180 0.004316860 0.004870180 0.006454230 0.007195820 0.005919000 
24     0.004780000 0.005055920 0.004330180 0.006211610 0.004407950 0.003329520 0.002503390 0.004662040 0.001542050 0.001178140 0.004793080 0.004874820 0.003411440 0.004146610 0.004188160 0.003992700 0.002697020 0.002575530 0.004807100 0.004849120 0.003410490 0.002733040 0.003211740 0.003493260 0.001642670 0.004831800 0.004412760 0.002764180 0.003020830 0.003687370 0.002974580 0.003373310 0.003394220 0.003107230 0.002568210 0.002041390 0.000000000 0.001584330 0.004041430 0.003889070 0.006058520 0.005345160 0.004688340 0.003901610 0.005102630 0.005019650 0.003428350 0.003196790 0.004328980 0.004415060 0.005827630 
32     0.006293530 0.006403040 0.006012860 0.006648990 0.006907270 0.006060050 0.005233920 0.005337530 0.005574590 0.005553140 0.005451450 0.005550310 0.004972790 0.004822100 0.004863650 0.005058220 0.004532460 0.005306060 0.005244480 0.005286500 0.005055210 0.004787130 0.005485150 0.005252950 0.003951980 0.005792050 0.005373010 0.004746570 0.004902750 0.004279330 0.004196150 0.004325130 0.005108260 0.005114350 0.004762180 0.004771920 0.001584330 0.000000000 0.006771960 0.006396890 0.006495900 0.007913470 0.005791810 0.006305410 0.005793200 0.005734980 0.005619600 0.005848620 0.005004470 0.005090550 0.006787880 
30     0.006880530 0.006990040 0.006627230 0.007235990 0.006705000 0.005626570 0.004800440 0.006556650 0.002659690 0.006140140 0.006038450 0.006252510 0.005708490 0.005920310 0.005905270 0.005912490 0.004994070 0.004872580 0.005138500 0.005090000 0.005642210 0.005030090 0.005311860 0.005117670 0.003939720 0.006392040 0.005280700 0.005773520 0.006225490 0.005602070 0.005518890 0.005647870 0.005860040 0.005916380 0.005732700 0.005165260 0.004041430 0.006771960 0.000000000 0.000484500 0.000123050 0.002709690 0.002876790 0.002473540 0.002929020 0.003036780 0.002013120 0.005772800 0.006339390 0.006425470 0.005960500 
18     0.005495200 0.003140350 0.004345440 0.003849410 0.004382060 0.003712020 0.004648080 0.002653170 0.003060510 0.003981890 0.004290120 0.003521120 0.002572350 0.002282910 0.002742800 0.002625250 0.004841710 0.004720220 0.004681800 0.004160020 0.004997380 0.004877730 0.004192100 0.004031700 0.001080690 0.006007550 0.006077010 0.005684820 0.001145120 0.001217030 0.004119050 0.001564590 0.001463450 0.003182580 0.002332990 0.002136730 0.003889070 0.006396890 0.000484500 0.000000000 0.000090490 0.002193960 0.001485440 0.001537320 0.001662980 0.001741030 0.001363260 0.002663960 0.003561420 0.002396980 0.001536090 
25     0.006099970 0.003715910 0.004921000 0.004424970 0.004957620 0.004287580 0.005482320 0.003228730 0.003636070 0.004557450 0.004865680 0.004096680 0.003147910 0.002858470 0.003318360 0.003200810 0.005360310 0.005715890 0.005063740 0.004735580 0.005356730 0.004984320 0.004767660 0.004607260 0.003229690 0.006106560 0.006223930 0.005698760 0.005940010 0.005316590 0.005233410 0.005362390 0.005785280 0.005841620 0.005657940 0.005090500 0.006058520 0.006495900 0.000123050 0.000090490 0.000000000 0.002348010 0.002061000 0.002112880 0.002238540 0.002260290 0.001938820 0.003239520 0.004136980 0.002972540 0.005885740 
40     0.007769350 0.007878520 0.007651780 0.008562990 0.007498420 0.006930300 0.006104170 0.006880460 0.006420280 0.007467140 0.007011500 0.007093240 0.006165140 0.006365030 0.006145860 0.006133280 0.006297800 0.006176310 0.006855610 0.006807110 0.006806770 0.006333820 0.006812520 0.006834780 0.003354840 0.007411750 0.007947960 0.006495730 0.003419270 0.003491180 0.006393200 0.003838740 0.003737600 0.005456730 0.004607140 0.004267940 0.005345160 0.007913470 0.002709690 0.002193960 0.002348010 0.000000000 0.003452210 0.003396790 0.004063190 0.003090790 0.002046070 0.005926210 0.006663200 0.006749280 0.007677610 
45     0.006289780 0.003939050 0.005144140 0.004648110 0.005180760 0.004510720 0.005447350 0.003451870 0.003859210 0.004780590 0.004889840 0.004319820 0.003371050 0.003081610 0.003541500 0.003423950 0.005015340 0.005410620 0.005031280 0.004958720 0.004685110 0.004783380 0.004990800 0.004830400 0.001971400 0.005290090 0.006030210 0.005478560 0.002035830 0.002107740 0.004928140 0.002455300 0.002354160 0.004073290 0.003223700 0.003027440 0.004688340 0.005791810 0.002876790 0.001485440 0.002061000 0.003452210 0.000000000 0.000053580 0.000006970 0.000056870 0.000927270 0.003462660 0.004360120 0.003195680 0.006575570 
4     0.006374990 0.003990930 0.005196020 0.004699990 0.005232640 0.004562600 0.004660620 0.003503750 0.003911090 0.004832470 0.005140700 0.004371700 0.003422930 0.003133490 0.003593380 0.003475830 0.004854250 0.004732760 0.005350320 0.005010600 0.005198710 0.004890270 0.005042680 0.004882280 0.002362910 0.005803690 0.006300840 0.005749190 0.002427340 0.002499250 0.005198770 0.002846810 0.002745670 0.004464800 0.003615210 0.003418950 0.003901610 0.006305410 0.002473540 0.001537320 0.002112880 0.003396790 0.000053580 0.000000000 0.000174090 0.000021260 0.001440870 0.003514540 0.004412000 0.003247560 0.006172320 
23     0.006446620 0.004116590 0.005321680 0.004825650 0.005358300 0.004688260 0.005861640 0.003629410 0.004036750 0.004958130 0.004891230 0.004497360 0.003548590 0.003259150 0.003719040 0.003601490 0.005016730 0.005567460 0.005032670 0.005136260 0.004686500 0.004940220 0.005168340 0.005007940 0.002618320 0.005291480 0.006187050 0.005635400 0.002682750 0.002754660 0.005084980 0.003102220 0.003001080 0.004720210 0.003870620 0.003674360 0.005102630 0.005793200 0.002929020 0.001662980 0.002238540 0.004063190 0.000006970 0.000174090 0.000000000 0.000058260 0.000928660 0.003640200 0.004537660 0.003373220 0.006627800 
11     0.006159480 0.004194640 0.005399730 0.004903700 0.005436350 0.004766310 0.005778660 0.003707460 0.004114800 0.005036180 0.004833010 0.004575410 0.003626640 0.003337200 0.003797090 0.003679540 0.004924740 0.005280320 0.004974450 0.005152450 0.004628280 0.004653080 0.005246390 0.004987830 0.002662140 0.005233260 0.005899910 0.005348260 0.002726570 0.002798480 0.004797840 0.003146040 0.003044900 0.004764030 0.003914440 0.003718180 0.005019650 0.005734980 0.003036780 0.001741030 0.002260290 0.003090790 0.000056870 0.000021260 0.000058260 0.000000000 0.000676940 0.003718250 0.004484710 0.003451270 0.007352820 
36     0.005786170 0.003816870 0.005021960 0.004525930 0.005058580 0.004388540 0.004187360 0.003329690 0.003737030 0.004638020 0.002634550 0.004197640 0.003248870 0.002959430 0.003419320 0.003301770 0.004380990 0.004259500 0.004737120 0.004779140 0.004512900 0.004279770 0.004868620 0.004708220 0.003260820 0.005117880 0.005526600 0.004974950 0.003325250 0.003397160 0.004424530 0.003744720 0.003643580 0.005342730 0.004513120 0.004316860 0.003428350 0.005619600 0.002013120 0.001363260 0.001938820 0.002046070 0.000927270 0.001440870 0.000928660 0.000676940 0.000000000 0.003340480 0.004237940 0.003073500 0.006131300 
48     0.006008070 0.003624010 0.004829100 0.004333070 0.004865720 0.004195680 0.004234760 0.003136830 0.003544170 0.004465550 0.004773780 0.004004780 0.003056010 0.002766570 0.003226460 0.003108910 0.004428390 0.004306900 0.004796740 0.004274960 0.004857720 0.004464410 0.004307040 0.004146640 0.002769070 0.005462700 0.005784770 0.005592970 0.005849620 0.006159370 0.005803370 0.006202100 0.006066800 0.005936020 0.005397000 0.004870180 0.003196790 0.005848620 0.005772800 0.002663960 0.003239520 0.005926210 0.003462660 0.003514540 0.003640200 0.003718250 0.003340480 0.000000000 0.000957680 0.000787030 0.003816780 
50     0.006905530 0.004521470 0.005726560 0.005230530 0.005763180 0.005093140 0.005203940 0.004034290 0.004324320 0.005363010 0.004218300 0.004300040 0.003722520 0.003571830 0.003613380 0.003807950 0.004343800 0.005274670 0.004359740 0.005172420 0.004013570 0.004285920 0.005204500 0.004373120 0.003666530 0.004618550 0.006166630 0.006347020 0.006503200 0.005568880 0.005796600 0.005842460 0.005889920 0.006714800 0.006362630 0.006454230 0.004328980 0.005004470 0.006339390 0.003561420 0.004136980 0.006663200 0.004360120 0.004412000 0.004537660 0.004484710 0.004237940 0.000957680 0.000000000 0.000327300 0.007174140 
49     0.005741090 0.003357030 0.004562120 0.004066090 0.003830540 0.003928700 0.005123440 0.002869850 0.003277190 0.004198570 0.004304380 0.003737800 0.002789030 0.002499590 0.002959480 0.002841930 0.004429880 0.005360750 0.004445820 0.004007980 0.004099650 0.004372000 0.004040060 0.003879660 0.002502090 0.004704630 0.005924970 0.006940760 0.006494920 0.005654960 0.006615820 0.005928540 0.005799820 0.006656450 0.006468780 0.007195820 0.004415060 0.005090550 0.006425470 0.002396980 0.002972540 0.006749280 0.003195680 0.003247560 0.003373220 0.003451270 0.003073500 0.000787030 0.000327300 0.000000000 0.009740070 
0     0.009824940 0.009675490 0.008119260 0.008577950 0.008296180 0.008633500 0.007807370 0.008611820 0.007484490 0.008105410 0.008067880 0.007089180 0.008715420 0.009591780 0.009784830 0.009296680 0.008001000 0.006607520 0.005892240 0.005843740 0.007145900 0.005812820 0.006065600 0.005871410 0.004974060 0.005295730 0.004876690 0.006527260 0.007491380 0.006423210 0.006538590 0.007319230 0.006613780 0.006670120 0.006486440 0.005919000 0.005827630 0.006787880 0.005960500 0.001536090 0.005885740 0.007677610 0.006575570 0.006172320 0.006627800 0.007352820 0.006131300 0.003816780 0.007174140 0.009740070 0.000000000 
