51
41     0.000000000 0.054530611 0.045641575 0.049016883 0.046502702 0.062085695 0.058234066 0.060314802 0.075708433 0.084118552 0.080731509 0.076177077 0.103244136 0.105266795 0.108221101 0.108739462 0.114354989 0.120920374 0.121075627 0.119815121 0.115510436 0.114435096 0.121573372 0.121540486 0.105784116 0.127607796 0.132527886 0.134628629 0.133548315 0.125201766 0.128407687 0.126227651 0.129397157 0.124592808 0.123986720 0.124702718 0.128615185 0.147949757 0.164063287 0.147644362 0.148051775 0.179042536 0.151324092 0.151235917 0.153329893 0.151215548 0.143892988 0.138697597 0.136856832 0.137908597 0.258577225 
38     0.054530611 0.000000000 0.047560955 0.051838853 0.049514578 0.064762053 0.061143062 0.063777329 0.079109630 0.087505125 0.084116253 0.079531870 0.106660762 0.108672003 0.111626309 0.112144670 0.117979394 0.124628391 0.124794210 0.123533704 0.119144525 0.118075966 0.125240605 0.125207720 0.109422296 0.131203633 0.136123723 0.138195031 0.137114717 0.128768168 0.131974089 0.129794054 0.132963559 0.128159210 0.127553122 0.128269120 0.132181587 0.151516159 0.167719048 0.151321784 0.151727192 0.182634918 0.154918058 0.154829883 0.156923859 0.154809514 0.147498433 0.142215267 0.140323664 0.141424130 0.262146947 
47     0.045641575 0.047560955 0.000000000 0.042390867 0.040009980 0.055342708 0.051722356 0.053736638 0.069497180 0.077951600 0.074564557 0.069967368 0.096523010 0.098581860 0.101592468 0.102110829 0.108316100 0.114956234 0.115122054 0.113861548 0.109472369 0.108403809 0.115568800 0.115535914 0.099671211 0.121537801 0.126457891 0.128479933 0.127424936 0.119053069 0.122258990 0.120078955 0.123248461 0.118449067 0.117836584 0.118558977 0.122523344 0.141857916 0.158265786 0.141868521 0.142273929 0.173188632 0.145503068 0.145414893 0.147508869 0.145394524 0.138066403 0.132581238 0.130689636 0.131792238 0.252489938 
2     0.049016883 0.051838853 0.042390867 0.000000000 0.025620010 0.057428174 0.053675363 0.055681270 0.071279254 0.079694648 0.076308138 0.071678608 0.098755057 0.100751448 0.103705754 0.104224114 0.110074364 0.116515135 0.116759413 0.115498907 0.111243077 0.110174518 0.117366561 0.117333676 0.101548251 0.123321801 0.128241892 0.130346826 0.129291830 0.120919963 0.124125883 0.121945848 0.125115354 0.120332821 0.119726732 0.120442731 0.124355198 0.143689769 0.160073050 0.143675785 0.144081194 0.174995896 0.147310332 0.147222157 0.149316133 0.147201788 0.139873667 0.134384167 0.132492564 0.133595167 0.254293998 
27     0.046502702 0.049514578 0.040009980 0.025620010 0.000000000 0.055427799 0.051564310 0.053717208 0.069187313 0.077616026 0.074229516 0.069599986 0.096730771 0.098727162 0.101681468 0.102199829 0.108101868 0.114742002 0.114907822 0.113647315 0.109258136 0.108189577 0.115354567 0.115321682 0.099536258 0.121317595 0.126237685 0.128339479 0.127284482 0.118912615 0.122118536 0.119938501 0.123108007 0.118303658 0.117697570 0.118413568 0.122326035 0.141660606 0.158042479 0.141645215 0.142050623 0.172965325 0.145279761 0.145191587 0.147285563 0.145171218 0.137843097 0.132359470 0.130467868 0.131570588 0.252268260 
35     0.062085695 0.064762053 0.055342708 0.057428174 0.055427799 0.000000000 0.035466716 0.059978040 0.075027994 0.083394674 0.080007631 0.075453200 0.102471973 0.104478401 0.107430090 0.107948450 0.113859725 0.120499859 0.120665679 0.119405173 0.115015994 0.113947434 0.121095376 0.121079189 0.105293764 0.127079913 0.132000004 0.134030395 0.132985158 0.124584463 0.127790100 0.125629417 0.128798336 0.124044542 0.123438453 0.124154452 0.128071251 0.147405822 0.163743717 0.147346452 0.147751861 0.178662936 0.150932585 0.150846366 0.152940342 0.150835192 0.143507071 0.138117484 0.136225882 0.137328485 0.258040032 
20     0.058234066 0.061143062 0.051722356 0.053675363 0.051564310 0.035466716 0.000000000 0.055966098 0.071169841 0.079450312 0.076063269 0.071507213 0.098535784 0.100548262 0.103499950 0.104018311 0.109967764 0.116606849 0.116758971 0.115498464 0.111135438 0.110066879 0.117222717 0.117198680 0.101413256 0.123202007 0.128122097 0.130231603 0.129186953 0.120804740 0.124010661 0.121830626 0.125000131 0.120217539 0.119611451 0.120327449 0.124239975 0.143574547 0.159957827 0.143560563 0.143965971 0.174880673 0.147195109 0.147106935 0.149200910 0.147086566 0.139758445 0.134263688 0.132372085 0.133475042 0.254173440 
42     0.060314802 0.063777329 0.053736638 0.055681270 0.053717208 0.059978040 0.055966098 0.000000000 0.069754684 0.078194995 0.074806123 0.070210763 0.097254708 0.099255832 0.102210138 0.102728499 0.108637387 0.115337282 0.115503101 0.114242595 0.109853416 0.108784857 0.115957922 0.115933570 0.100152046 0.121858687 0.126865365 0.128985229 0.127936476 0.119558365 0.122764286 0.120584251 0.123753757 0.118905414 0.118299325 0.119015324 0.122993601 0.142328172 0.158709856 0.142312592 0.142718000 0.173632702 0.145947138 0.145858964 0.147952939 0.145838595 0.138510474 0.133020973 0.131129371 0.132231974 0.252930805 
22     0.075708433 0.079109630 0.069497180 0.071279254 0.069187313 0.075027994 0.071169841 0.069754684 0.000000000 0.057090187 0.053955080 0.049043691 0.088149816 0.090090285 0.093028862 0.093547223 0.100306618 0.106914476 0.107052245 0.105814772 0.101423770 0.100343416 0.107547753 0.107507979 0.091702447 0.113184700 0.118090575 0.120426067 0.119446747 0.110984693 0.114205125 0.112025090 0.115194595 0.110434963 0.109828875 0.110544873 0.114418645 0.133755799 0.149940800 0.133563711 0.133969119 0.164883644 0.137171451 0.137083276 0.139177252 0.137062908 0.129737495 0.124467358 0.122537382 0.123660114 0.244331001 
6     0.084118552 0.087505125 0.077951600 0.079694648 0.077616026 0.083394674 0.079450312 0.078194995 0.057090187 0.000000000 0.029493165 0.027220735 0.096249733 0.098221185 0.101119229 0.101637590 0.108033034 0.114583620 0.114680391 0.113469783 0.109160140 0.108090597 0.115285144 0.115245371 0.099445863 0.121143310 0.126054760 0.128310905 0.127331585 0.118892653 0.122089962 0.119909927 0.123079433 0.118319801 0.117713712 0.118429711 0.122284126 0.141631982 0.158055568 0.141664442 0.142069851 0.172984376 0.145300773 0.145212598 0.147306574 0.145192229 0.137864108 0.132350107 0.130305844 0.131537753 0.252297080 
7     0.080731509 0.084116253 0.074564557 0.076308138 0.074229516 0.080007631 0.076063269 0.074806123 0.053955080 0.029493165 0.000000000 0.024046959 0.092905186 0.094876638 0.097746487 0.098264848 0.104709032 0.111259618 0.111348905 0.110145780 0.105836138 0.104766594 0.111961142 0.111921369 0.096121861 0.117817500 0.122728950 0.124910919 0.123931599 0.115479280 0.118689977 0.116509942 0.119679448 0.114919815 0.114313727 0.115029725 0.118755001 0.137747443 0.154655979 0.138264852 0.138670261 0.169584786 0.141901183 0.141813009 0.143906984 0.141792640 0.134464519 0.128989550 0.127006124 0.128177196 0.248932879 
34     0.076177077 0.079531870 0.069967368 0.071678608 0.069599986 0.075453200 0.071507213 0.070210763 0.049043691 0.027220735 0.024046959 0.000000000 0.088263044 0.090234496 0.093108873 0.093627233 0.100071202 0.106621789 0.106714327 0.105507951 0.101198309 0.100128765 0.107323313 0.107283539 0.091484032 0.113178872 0.118090322 0.120350939 0.119371619 0.110919300 0.114129997 0.111949961 0.115119467 0.110359835 0.109753746 0.110469745 0.114349432 0.133685539 0.150095998 0.133704872 0.134110280 0.165024805 0.137341203 0.137253028 0.139347004 0.137232659 0.129904538 0.124399175 0.122415281 0.123586821 0.244342504 
13     0.103244136 0.106660762 0.096523010 0.098755057 0.096730771 0.102471973 0.098535784 0.097254708 0.088149816 0.096249733 0.092905186 0.088263044 0.000000000 0.024664166 0.028850218 0.029115246 0.108796857 0.115431712 0.115682535 0.114356996 0.109935528 0.108884716 0.116079099 0.116015231 0.100071788 0.121992698 0.126909813 0.129079578 0.128104551 0.119640080 0.122850686 0.120612792 0.123834873 0.119263191 0.118657103 0.119373101 0.123297038 0.142626839 0.159047590 0.142661293 0.143066701 0.173994646 0.146296468 0.146208293 0.148302269 0.146187924 0.138859803 0.133108824 0.131294768 0.132525369 0.252849935 
46     0.105266795 0.108672003 0.098581860 0.100751448 0.098727162 0.104478401 0.100548262 0.099255832 0.090090285 0.098221185 0.094876638 0.090234496 0.024664166 0.000000000 0.029964211 0.031249563 0.110710639 0.117345493 0.117596317 0.116270778 0.111849310 0.110798390 0.117992881 0.117929013 0.101985570 0.123906372 0.128823487 0.130998331 0.130023304 0.121558833 0.124769440 0.122542952 0.125753627 0.121181945 0.120575856 0.121291854 0.125215792 0.144545592 0.160966216 0.144580046 0.144985455 0.175913400 0.148215221 0.148127047 0.150221022 0.148106678 0.140778557 0.135027577 0.133213522 0.134444122 0.254768689 
37     0.108221101 0.111626309 0.101592468 0.103705754 0.101681468 0.107430090 0.103499950 0.102210138 0.093028862 0.101119229 0.097746487 0.093108873 0.028850218 0.029964211 0.000000000 0.017501073 0.113529030 0.120163885 0.120414709 0.119089169 0.114616470 0.113597044 0.120818423 0.120754555 0.104811111 0.126757811 0.131674926 0.133866477 0.132891450 0.124426979 0.127637585 0.125415818 0.128621772 0.124050090 0.123444002 0.124160000 0.128083937 0.147413738 0.163852134 0.147448192 0.147853600 0.178781545 0.151083367 0.150995192 0.153089168 0.150974823 0.143646702 0.137924660 0.136110604 0.137341205 0.257670564 
39     0.108739462 0.112144670 0.102110829 0.104224114 0.102199829 0.107948450 0.104018311 0.102728499 0.093547223 0.101637590 0.098264848 0.093627233 0.029115246 0.031249563 0.017501073 0.000000000 0.114154956 0.120789810 0.121040634 0.119715095 0.115242395 0.114222969 0.121444348 0.121380480 0.105437037 0.127385746 0.132302862 0.134447079 0.133472052 0.125007581 0.128218187 0.125996420 0.129202374 0.124630692 0.124024604 0.124740602 0.128664539 0.147994340 0.164415091 0.148028794 0.148434202 0.179362147 0.151663969 0.151575794 0.153669770 0.151555425 0.144227304 0.138505262 0.136691206 0.137921807 0.258251166 
1     0.114354989 0.117979394 0.108316100 0.110074364 0.108101868 0.113859725 0.109967764 0.108637387 0.100306618 0.108033034 0.104709032 0.100071202 0.108796857 0.110710639 0.113529030 0.114154956 0.000000000 0.068282052 0.068555823 0.067197197 0.069213379 0.068204833 0.080192337 0.080127009 0.070521429 0.101700435 0.106604025 0.116501243 0.115583970 0.107052356 0.110236020 0.108117440 0.111239884 0.106629478 0.106023390 0.106739388 0.110719204 0.129988689 0.147163501 0.130507466 0.130915489 0.161730044 0.134030436 0.133942261 0.136036237 0.133921892 0.126549343 0.120683242 0.118804025 0.119909383 0.240655674 
3     0.120920374 0.124628391 0.114956234 0.116515135 0.114742002 0.120499859 0.116606849 0.115337282 0.106914476 0.114583620 0.111259618 0.106621789 0.115431712 0.117345493 0.120163885 0.120789810 0.068282052 0.000000000 0.050787274 0.049150511 0.075150767 0.074193394 0.086578523 0.086515379 0.077248496 0.108085818 0.112806895 0.123053278 0.122136005 0.113604391 0.116788055 0.114669475 0.117791919 0.113136530 0.112530441 0.113246440 0.117258858 0.136528343 0.153728901 0.137072867 0.137480889 0.168340010 0.140595836 0.140507662 0.142601637 0.140487293 0.133114744 0.126994395 0.125136927 0.126232469 0.246958687 
19     0.121075627 0.124794210 0.115122054 0.116759413 0.114907822 0.120665679 0.116758971 0.115503101 0.107052245 0.114680391 0.111348905 0.106714327 0.115682535 0.117596317 0.120414709 0.121040634 0.068555823 0.050787274 0.000000000 0.018098441 0.075574750 0.074646773 0.086871514 0.086808369 0.077570063 0.108367222 0.113270812 0.123433688 0.122513471 0.113981857 0.117165521 0.115049081 0.118153610 0.113526470 0.112920381 0.113636380 0.117687476 0.136956961 0.154039232 0.137383197 0.137791220 0.168659522 0.140906167 0.140817993 0.142911968 0.140797624 0.133425075 0.127493312 0.125614094 0.126782427 0.247367889 
31     0.119815121 0.123533704 0.113861548 0.115498907 0.113647315 0.119405173 0.115498464 0.114242595 0.105814772 0.113469783 0.110145780 0.105507951 0.114356996 0.116270778 0.119089169 0.119715095 0.067197197 0.049150511 0.018098441 0.000000000 0.074237206 0.073319859 0.085533664 0.085470519 0.076233517 0.107030207 0.111933798 0.122090061 0.121169844 0.112638230 0.115821894 0.113705454 0.116809984 0.112182843 0.111576755 0.112292753 0.116331564 0.135601049 0.152683320 0.136027285 0.136435308 0.167303610 0.139550255 0.139462080 0.141556056 0.139441711 0.132069162 0.126137400 0.124258182 0.125426515 0.246011977 
9     0.115510436 0.119144525 0.109472369 0.111243077 0.109258136 0.115015994 0.111135438 0.109853416 0.101423770 0.109160140 0.105836138 0.101198309 0.109935528 0.111849310 0.114616470 0.115242395 0.069213379 0.075150767 0.075574750 0.074237206 0.000000000 0.050866099 0.081181326 0.081116283 0.071709050 0.103044195 0.107954926 0.117881004 0.116963731 0.108432117 0.111624776 0.109497201 0.112619645 0.107933490 0.107327402 0.108043400 0.112022054 0.131261057 0.148352159 0.131698739 0.132104148 0.162968795 0.135219094 0.135130920 0.137224896 0.135110551 0.127700632 0.121842230 0.119963013 0.121146027 0.241843968 
5     0.114435096 0.118075966 0.108403809 0.110174518 0.108189577 0.113947434 0.110066879 0.108784857 0.100343416 0.108090597 0.104766594 0.100128765 0.108884716 0.110798390 0.113597044 0.114222969 0.068204833 0.074193394 0.074646773 0.073319859 0.050866099 0.000000000 0.080246740 0.080184649 0.070668397 0.101917788 0.106828518 0.116759160 0.115841888 0.107310273 0.110502933 0.108375357 0.111497801 0.106782586 0.106179127 0.106905069 0.110907185 0.130176670 0.147260440 0.130607019 0.131012428 0.161879270 0.134127375 0.134039200 0.136133176 0.134018831 0.126572838 0.120746032 0.118866814 0.120049829 0.240529601 
43     0.121573372 0.125240605 0.115568800 0.117366561 0.115354567 0.121095376 0.117222717 0.115957922 0.107547753 0.115285144 0.111961142 0.107323313 0.116079099 0.117992881 0.120818423 0.121444348 0.080192337 0.086578523 0.086871514 0.085533664 0.081181326 0.080246740 0.000000000 0.031641305 0.078125359 0.108842790 0.113739425 0.124111057 0.123193785 0.114662171 0.117845835 0.115727254 0.118849699 0.114170531 0.113564443 0.114280441 0.118254999 0.137552968 0.154620703 0.137967283 0.138372691 0.169254694 0.141487638 0.141399464 0.143493439 0.141379095 0.134010138 0.128017684 0.126138467 0.127324151 0.247491389 
12     0.121540486 0.125207720 0.115535914 0.117333676 0.115321682 0.121079189 0.117198680 0.115933570 0.107507979 0.115245371 0.111921369 0.107283539 0.116015231 0.117929013 0.120754555 0.121380480 0.080127009 0.086515379 0.086808369 0.085470519 0.081116283 0.080184649 0.031641305 0.000000000 0.077985817 0.108761547 0.113658181 0.124047317 0.123130045 0.114598430 0.117782094 0.115663514 0.118785958 0.114106791 0.113500703 0.114216701 0.118191703 0.137489672 0.154556963 0.137903542 0.138308951 0.169190953 0.141423898 0.141335724 0.143429699 0.141315355 0.133946398 0.127954388 0.126075171 0.127260855 0.247428093 
44     0.105784116 0.109422296 0.099671211 0.101548251 0.099536258 0.105293764 0.101413256 0.100152046 0.091702447 0.099445863 0.096121861 0.091484032 0.100071788 0.101985570 0.104811111 0.105437037 0.070521429 0.077248496 0.077570063 0.076233517 0.071709050 0.070668397 0.078125359 0.077985817 0.000000000 0.092914614 0.097869805 0.107929651 0.106950177 0.098418563 0.101611222 0.099483647 0.102606091 0.097961465 0.097355377 0.098071375 0.102064723 0.121270857 0.138758778 0.122105358 0.122510766 0.153418868 0.125629236 0.125541062 0.127635037 0.125520693 0.118177130 0.112360668 0.110493814 0.111603868 0.232198325 
14     0.127607796 0.131203633 0.121537801 0.123321801 0.121317595 0.127079913 0.123202007 0.121858687 0.113184700 0.121143310 0.117817500 0.113178872 0.121992698 0.123906372 0.126757811 0.127385746 0.101700435 0.108085818 0.108367222 0.107030207 0.103044195 0.101917788 0.108842790 0.108761547 0.092914614 0.000000000 0.025279834 0.129837393 0.128940187 0.120406765 0.123603012 0.121464845 0.124599473 0.119910746 0.119304657 0.120020655 0.123788077 0.143120648 0.160533956 0.143877921 0.144285944 0.175246835 0.147438230 0.147350056 0.149444031 0.147329687 0.139986124 0.134305788 0.132474881 0.133557453 0.253899151 
15     0.132527886 0.136123723 0.126457891 0.128241892 0.126237685 0.132000004 0.128122097 0.126865365 0.118090575 0.126054760 0.122728950 0.118090322 0.126909813 0.128823487 0.131674926 0.132302862 0.106604025 0.112806895 0.113270812 0.111933798 0.107954926 0.106828518 0.113739425 0.113658181 0.097869805 0.025279834 0.000000000 0.134553751 0.133656709 0.125123286 0.128319533 0.126181203 0.129315832 0.124626871 0.124020782 0.124736780 0.128504435 0.147856945 0.165370070 0.148714035 0.149122058 0.180082949 0.152274344 0.152186170 0.154280145 0.152165801 0.144822238 0.139015575 0.137206417 0.138232726 0.258679814 
17     0.134628629 0.138195031 0.128479933 0.130346826 0.128339479 0.134030395 0.130231603 0.128985229 0.120426067 0.128310905 0.124910919 0.120350939 0.129079578 0.130998331 0.133866477 0.134447079 0.116501243 0.123053278 0.123433688 0.122090061 0.117881004 0.116759160 0.124111057 0.124047317 0.107929651 0.129837393 0.134553751 0.000000000 0.058298579 0.049599510 0.052993532 0.050805446 0.053956492 0.072417228 0.071788764 0.072453419 0.107367075 0.126872008 0.158649064 0.142363962 0.142771985 0.173639205 0.146007104 0.145918929 0.148012905 0.145898560 0.138591046 0.134659592 0.132818564 0.133909778 0.253916917 
33     0.133548315 0.137114717 0.127424936 0.129291830 0.127284482 0.132985158 0.129186953 0.127936476 0.119446747 0.127331585 0.123931599 0.119371619 0.128104551 0.130023304 0.132891450 0.133472052 0.115583970 0.122136005 0.122513471 0.121169844 0.116963731 0.115841888 0.123193785 0.123130045 0.106950177 0.128940187 0.133656709 0.058298579 0.000000000 0.031045439 0.034503447 0.038168254 0.041360906 0.071824493 0.071192003 0.071861717 0.106602886 0.126107819 0.157864940 0.141502136 0.141910158 0.172853641 0.145157448 0.145069274 0.147163250 0.145048905 0.137741391 0.133637110 0.131796082 0.132887295 0.252960254 
21     0.125201766 0.128768168 0.119053069 0.120919963 0.118912615 0.124584463 0.120804740 0.119558365 0.110984693 0.118892653 0.115479280 0.110919300 0.119640080 0.121558833 0.124426979 0.125007581 0.107052356 0.113604391 0.113981857 0.112638230 0.108432117 0.107310273 0.114662171 0.114598430 0.098418563 0.120406765 0.125123286 0.049599510 0.031045439 0.000000000 0.020132894 0.029663489 0.032772133 0.063054788 0.062423031 0.063092744 0.098014566 0.117519498 0.149314847 0.132952043 0.133360066 0.164303786 0.136607594 0.136519420 0.138613395 0.136499051 0.129191537 0.125101428 0.123260400 0.124351613 0.244423073 
8     0.128407687 0.131974089 0.122258990 0.124125883 0.122118536 0.127790100 0.124010661 0.122764286 0.114205125 0.122089962 0.118689977 0.114129997 0.122850686 0.124769440 0.127637585 0.128218187 0.110236020 0.116788055 0.117165521 0.115821894 0.111624776 0.110502933 0.117845835 0.117782094 0.101611222 0.123603012 0.128319533 0.052993532 0.034503447 0.020132894 0.000000000 0.033142445 0.036195770 0.066524971 0.065893214 0.066562928 0.101226435 0.120673504 0.152279099 0.135900977 0.136309000 0.167317358 0.139624916 0.139536741 0.141630717 0.139516372 0.132208858 0.128291989 0.126450961 0.127542174 0.247337047 
10     0.126227651 0.129794054 0.120078955 0.121945848 0.119938501 0.125629417 0.121830626 0.120584251 0.112025090 0.119909927 0.116509942 0.111949961 0.120612792 0.122542952 0.125415818 0.125996420 0.108117440 0.114669475 0.115049081 0.113705454 0.109497201 0.108375357 0.115727254 0.115663514 0.099483647 0.121464845 0.126181203 0.050805446 0.038168254 0.029663489 0.033142445 0.000000000 0.029838978 0.064328113 0.063696356 0.064379616 0.099118673 0.118623605 0.150541124 0.134047699 0.134455722 0.165399204 0.137703012 0.137614838 0.139708813 0.137594469 0.130286955 0.126160381 0.124319353 0.125410566 0.245274490 
29     0.129397157 0.132963559 0.123248461 0.125115354 0.123108007 0.128798336 0.125000131 0.123753757 0.115194595 0.123079433 0.119679448 0.115119467 0.123834873 0.125753627 0.128621772 0.129202374 0.111239884 0.117791919 0.118153610 0.116809984 0.112619645 0.111497801 0.118849699 0.118785958 0.102606091 0.124599473 0.129315832 0.053956492 0.041360906 0.032772133 0.036195770 0.029838978 0.000000000 0.067332432 0.066699942 0.067383202 0.102213563 0.121718495 0.153631927 0.137138502 0.137546525 0.168490246 0.140794054 0.140705879 0.142799855 0.140685510 0.133377996 0.129287887 0.127446859 0.128538073 0.248609533 
26     0.124592808 0.128159210 0.118449067 0.120332821 0.118303658 0.124044542 0.120217539 0.118905414 0.110434963 0.118319801 0.114919815 0.110359835 0.119263191 0.121181945 0.124050090 0.124630692 0.106629478 0.113136530 0.113526470 0.112182843 0.107933490 0.106782586 0.114170531 0.114106791 0.097961465 0.119910746 0.124626871 0.072417228 0.071824493 0.063054788 0.066524971 0.064328113 0.067332432 0.000000000 0.021881822 0.026657582 0.097598141 0.117111802 0.148760449 0.132333319 0.132741342 0.163667654 0.135963828 0.135875653 0.137969629 0.135855284 0.128547771 0.124815453 0.122974425 0.124065638 0.243323320 
16     0.123986720 0.127553122 0.117836584 0.119726732 0.117697570 0.123438453 0.119611451 0.118299325 0.109828875 0.117713712 0.114313727 0.109753746 0.118657103 0.120575856 0.123444002 0.124024604 0.106023390 0.112530441 0.112920381 0.111576755 0.107327402 0.106179127 0.113564443 0.113500703 0.097355377 0.119304657 0.124020782 0.071788764 0.071192003 0.062423031 0.065893214 0.063696356 0.066699942 0.021881822 0.000000000 0.026054899 0.096992052 0.116505714 0.148154361 0.131727231 0.132135254 0.163061566 0.135357739 0.135269565 0.137363540 0.135249196 0.127941682 0.124209364 0.122368336 0.123459550 0.242717231 
28     0.124702718 0.128269120 0.118558977 0.120442731 0.118413568 0.124154452 0.120327449 0.119015324 0.110544873 0.118429711 0.115029725 0.110469745 0.119373101 0.121291854 0.124160000 0.124740602 0.106739388 0.113246440 0.113636380 0.112292753 0.108043400 0.106905069 0.114280441 0.114216701 0.098071375 0.120020655 0.124736780 0.072453419 0.071861717 0.063092744 0.066562928 0.064379616 0.067383202 0.026657582 0.026054899 0.000000000 0.097708051 0.117221712 0.148870359 0.132443229 0.132851252 0.163777564 0.136073738 0.135985563 0.138079539 0.135965194 0.128657680 0.124925363 0.123084335 0.124175548 0.243433230 
24     0.128615185 0.132181587 0.122523344 0.124355198 0.122326035 0.128071251 0.124239975 0.122993601 0.114418645 0.122284126 0.118755001 0.114349432 0.123297038 0.125215792 0.128083937 0.128664539 0.110719204 0.117258858 0.117687476 0.116331564 0.112022054 0.110907185 0.118254999 0.118191703 0.102064723 0.123788077 0.128504435 0.107367075 0.106602886 0.098014566 0.101226435 0.099118673 0.102213563 0.097598141 0.096992052 0.097708051 0.000000000 0.083575848 0.152688461 0.136108231 0.136513639 0.167377519 0.139638997 0.139550822 0.141644798 0.139530454 0.132254164 0.128519630 0.126737064 0.127828864 0.247759463 
32     0.147949757 0.151516159 0.141857916 0.143689769 0.141660606 0.147405822 0.143574547 0.142328172 0.133755799 0.141631982 0.137747443 0.133685539 0.142626839 0.144545592 0.147413738 0.147994340 0.129988689 0.136528343 0.136956961 0.135601049 0.131261057 0.130176670 0.137552968 0.137489672 0.121270857 0.143120648 0.147856945 0.126872008 0.126107819 0.117519498 0.120673504 0.118623605 0.121718495 0.117111802 0.116505714 0.117221712 0.083575848 0.000000000 0.172072305 0.155492411 0.155899770 0.186775561 0.159047270 0.158959096 0.161053071 0.158938727 0.151653059 0.147881133 0.146076426 0.147168226 0.266664995 
30     0.164063287 0.167719048 0.158265786 0.160073050 0.158042479 0.163743717 0.159957827 0.158709856 0.149940800 0.158055568 0.154655979 0.150095998 0.159047590 0.160966216 0.163852134 0.164415091 0.147163501 0.153728901 0.154039232 0.152683320 0.148352159 0.147260440 0.154620703 0.154556963 0.138758778 0.160533956 0.165370070 0.158649064 0.157864940 0.149314847 0.152279099 0.150541124 0.153631927 0.148760449 0.148154361 0.148870359 0.152688461 0.172072305 0.000000000 0.051023831 0.051302980 0.121523034 0.095895303 0.095728423 0.097799162 0.095662707 0.088472409 0.164737384 0.162786325 0.163918053 0.283738930 
18     0.147644362 0.151321784 0.141868521 0.143675785 0.141645215 0.147346452 0.143560563 0.142312592 0.133563711 0.141664442 0.138264852 0.133704872 0.142661293 0.144580046 0.147448192 0.148028794 0.130507466 0.137072867 0.137383197 0.136027285 0.131698739 0.130607019 0.137967283 0.137903542 0.122105358 0.143877921 0.148714035 0.142363962 0.141502136 0.132952043 0.135900977 0.134047699 0.137138502 0.132333319 0.131727231 0.132443229 0.136108231 0.155492411 0.051023831 0.000000000 0.012487833 0.103963314 0.079049000 0.078882120 0.080953356 0.078788552 0.071575660 0.148088777 0.146142478 0.147269447 0.267070435 
25     0.148051775 0.151727192 0.142273929 0.144081194 0.142050623 0.147751861 0.143965971 0.142718000 0.133969119 0.142069851 0.138670261 0.134110280 0.143066701 0.144985455 0.147853600 0.148434202 0.130915489 0.137480889 0.137791220 0.136435308 0.132104148 0.131012428 0.138372691 0.138308951 0.122510766 0.144285944 0.149122058 0.142771985 0.141910158 0.133360066 0.136309000 0.134455722 0.137546525 0.132741342 0.132135254 0.132851252 0.136513639 0.155899770 0.051302980 0.012487833 0.000000000 0.104235251 0.079492580 0.079325700 0.081396936 0.079232132 0.072013614 0.148496800 0.146538455 0.147677469 0.267516293 
40     0.179042536 0.182634918 0.173188632 0.174995896 0.172965325 0.178662936 0.174880673 0.173632702 0.164883644 0.172984376 0.169584786 0.165024805 0.173994646 0.175913400 0.178781545 0.179362147 0.161730044 0.168340010 0.168659522 0.167303610 0.162968795 0.161879270 0.169254694 0.169190953 0.153418868 0.175246835 0.180082949 0.173639205 0.172853641 0.164303786 0.167317358 0.165399204 0.168490246 0.163667654 0.163061566 0.163777564 0.167377519 0.186775561 0.121523034 0.103963314 0.104235251 0.000000000 0.112002891 0.111871929 0.114005030 0.111877645 0.104982371 0.179417228 0.177498705 0.178509931 0.298440294 
45     0.151324092 0.154918058 0.145503068 0.147310332 0.145279761 0.150932585 0.147195109 0.145947138 0.137171451 0.145300773 0.141901183 0.137341203 0.146296468 0.148215221 0.151083367 0.151663969 0.134030436 0.140595836 0.140906167 0.139550255 0.135219094 0.134127375 0.141487638 0.141423898 0.125629236 0.147438230 0.152274344 0.146007104 0.145157448 0.136607594 0.139624916 0.137703012 0.140794054 0.135963828 0.135357739 0.136073738 0.139638997 0.159047270 0.095895303 0.079049000 0.079492580 0.112002891 0.000000000 0.012527907 0.020901056 0.018571704 0.043784094 0.151607055 0.149688533 0.150788047 0.270732383 
4     0.151235917 0.154829883 0.145414893 0.147222157 0.145191587 0.150846366 0.147106935 0.145858964 0.137083276 0.145212598 0.141813009 0.137253028 0.146208293 0.148127047 0.150995192 0.151575794 0.133942261 0.140507662 0.140817993 0.139462080 0.135130920 0.134039200 0.141399464 0.141335724 0.125541062 0.147350056 0.152186170 0.145918929 0.145069274 0.136519420 0.139536741 0.137614838 0.140705879 0.135875653 0.135269565 0.135985563 0.139550822 0.158959096 0.095728423 0.078882120 0.079325700 0.111871929 0.012527907 0.000000000 0.020409239 0.019305275 0.043838055 0.151518881 0.149600358 0.150699872 0.270644208 
23     0.153329893 0.156923859 0.147508869 0.149316133 0.147285563 0.152940342 0.149200910 0.147952939 0.139177252 0.147306574 0.143906984 0.139347004 0.148302269 0.150221022 0.153089168 0.153669770 0.136036237 0.142601637 0.142911968 0.141556056 0.137224896 0.136133176 0.143493439 0.143429699 0.127635037 0.149444031 0.154280145 0.148012905 0.147163250 0.138613395 0.141630717 0.139708813 0.142799855 0.137969629 0.137363540 0.138079539 0.141644798 0.161053071 0.097799162 0.080953356 0.081396936 0.114005030 0.020901056 0.020409239 0.000000000 0.021174879 0.045847273 0.153612856 0.151694334 0.152793848 0.272738184 
11     0.151215548 0.154809514 0.145394524 0.147201788 0.145171218 0.150835192 0.147086566 0.145838595 0.137062908 0.145192229 0.141792640 0.137232659 0.146187924 0.148106678 0.150974823 0.151555425 0.133921892 0.140487293 0.140797624 0.139441711 0.135110551 0.134018831 0.141379095 0.141315355 0.125520693 0.147329687 0.152165801 0.145898560 0.145048905 0.136499051 0.139516372 0.137594469 0.140685510 0.135855284 0.135249196 0.135965194 0.139530454 0.158938727 0.095662707 0.078788552 0.079232132 0.111877645 0.018571704 0.019305275 0.021174879 0.000000000 0.043634868 0.151498512 0.149579989 0.150679503 0.270623839 
36     0.143892988 0.147498433 0.138066403 0.139873667 0.137843097 0.143507071 0.139758445 0.138510474 0.129737495 0.137864108 0.134464519 0.129904538 0.138859803 0.140778557 0.143646702 0.144227304 0.126549343 0.133114744 0.133425075 0.132069162 0.127700632 0.126572838 0.134010138 0.133946398 0.118177130 0.139986124 0.144822238 0.138591046 0.137741391 0.129191537 0.132208858 0.130286955 0.133377996 0.128547771 0.127941682 0.128657680 0.132254164 0.151653059 0.088472409 0.071575660 0.072013614 0.104982371 0.043784094 0.043838055 0.045847273 0.043634868 0.000000000 0.144170390 0.142251868 0.143351382 0.263295718 
48     0.138697597 0.142215267 0.132581238 0.134384167 0.132359470 0.138117484 0.134263688 0.133020973 0.124467358 0.132350107 0.128989550 0.124399175 0.133108824 0.135027577 0.137924660 0.138505262 0.120683242 0.126994395 0.127493312 0.126137400 0.121842230 0.120746032 0.128017684 0.127954388 0.112360668 0.134305788 0.139015575 0.134659592 0.133637110 0.125101428 0.128291989 0.126160381 0.129287887 0.124815453 0.124209364 0.124925363 0.128519630 0.147881133 0.164737384 0.148088777 0.148496800 0.179417228 0.151607055 0.151518881 0.153612856 0.151498512 0.144170390 0.000000000 0.056206576 0.057735248 0.250603893 
50     0.136856832 0.140323664 0.130689636 0.132492564 0.130467868 0.136225882 0.132372085 0.131129371 0.122537382 0.130305844 0.127006124 0.122415281 0.131294768 0.133213522 0.136110604 0.136691206 0.118804025 0.125136927 0.125614094 0.124258182 0.119963013 0.118866814 0.126138467 0.126075171 0.110493814 0.132474881 0.137206417 0.132818564 0.131796082 0.123260400 0.126450961 0.124319353 0.127446859 0.122974425 0.122368336 0.123084335 0.126737064 0.146076426 0.162786325 0.146142478 0.146538455 0.177498705 0.149688533 0.149600358 0.151694334 0.149579989 0.142251868 0.056206576 0.000000000 0.048027869 0.248677027 
49     0.137908597 0.141424130 0.131792238 0.133595167 0.131570588 0.137328485 0.133475042 0.132231974 0.123660114 0.131537753 0.128177196 0.123586821 0.132525369 0.134444122 0.137341205 0.137921807 0.119909383 0.126232469 0.126782427 0.125426515 0.121146027 0.120049829 0.127324151 0.127260855 0.111603868 0.133557453 0.138232726 0.133909778 0.132887295 0.124351613 0.127542174 0.125410566 0.128538073 0.124065638 0.123459550 0.124175548 0.127828864 0.147168226 0.163918053 0.147269447 0.147677469 0.178509931 0.150788047 0.150699872 0.152793848 0.150679503 0.143351382 0.057735248 0.048027869 0.000000000 0.249825585 
0     0.258577225 0.262146947 0.252489938 0.254293998 0.252268260 0.258040032 0.254173440 0.252930805 0.244331001 0.252297080 0.248932879 0.244342504 0.252849935 0.254768689 0.257670564 0.258251166 0.240655674 0.246958687 0.247367889 0.246011977 0.241843968 0.240529601 0.247491389 0.247428093 0.232198325 0.253899151 0.258679814 0.253916917 0.252960254 0.244423073 0.247337047 0.245274490 0.248609533 0.243323320 0.242717231 0.243433230 0.247759463 0.266664995 0.283738930 0.267070435 0.267516293 0.298440294 0.270732383 0.270644208 0.272738184 0.270623839 0.263295718 0.250603893 0.248677027 0.249825585 0.000000000 
