51
5     0.000000000 0.001721290 0.001413210 0.004785450 0.007554910 0.013188900 0.013613880 0.013496050 0.013302050 0.011581740 0.018086630 0.012492300 0.012613510 0.012869240 0.013501040 0.012655450 0.013198970 0.013466060 0.013106920 0.012982390 0.012975810 0.010036330 0.008960550 0.009984770 0.012852670 0.012938460 0.012618240 0.011068030 0.009795220 0.011927700 0.012489530 0.015470400 0.014716360 0.012499340 0.012526740 0.012624950 0.012606530 0.012948130 0.013116620 0.014387980 0.014562640 0.013967940 0.010592990 0.012272170 0.013277730 0.013613220 0.011531870 0.010555000 0.012986990 0.013794420 0.023103400 
2     0.001721290 0.000000000 0.000115730 0.007970520 0.007220880 0.012895540 0.013959120 0.013682710 0.012968020 0.012018210 0.018523100 0.012928770 0.013049980 0.013305710 0.013937510 0.013091920 0.013269230 0.013894150 0.013233600 0.013418860 0.012970780 0.010472800 0.009397020 0.010421240 0.013289140 0.012604430 0.012284210 0.011504500 0.010231690 0.011683550 0.012926000 0.015906870 0.015152830 0.012165310 0.012963210 0.013061420 0.013043000 0.013384600 0.013553090 0.014824450 0.014999110 0.014404410 0.011029460 0.011938140 0.013714200 0.013279190 0.011197840 0.010991470 0.012652960 0.013460390 0.023757660 
1     0.001413210 0.000115730 0.000000000 0.006951770 0.006990500 0.012606620 0.013031600 0.012913770 0.014008780 0.010999460 0.017504350 0.011910020 0.012031230 0.012286960 0.012918760 0.012073170 0.012616690 0.012883780 0.012524640 0.012400110 0.012393530 0.009454050 0.008378270 0.009402490 0.012270390 0.013468730 0.013324970 0.010485750 0.009212940 0.011345420 0.011907250 0.014888120 0.014134080 0.013206070 0.011944460 0.012042670 0.012024250 0.012365850 0.012534340 0.013805700 0.013980360 0.013385660 0.010010710 0.012978900 0.012695450 0.014319950 0.012238600 0.009972720 0.013693720 0.014501150 0.022994870 
4     0.004785450 0.007970520 0.006951770 0.000000000 0.005177400 0.008560160 0.009623740 0.009347330 0.008632640 0.010585330 0.018428210 0.010641180 0.012509290 0.009039590 0.009779940 0.008773140 0.008933850 0.009558770 0.008898220 0.009536620 0.008635400 0.010016680 0.010093540 0.011117760 0.011801220 0.008269050 0.007948830 0.007305410 0.010928210 0.007348170 0.009356620 0.016603390 0.015849350 0.007829930 0.010102670 0.010153670 0.011721530 0.012832810 0.011168700 0.011672500 0.011010280 0.010530970 0.008546620 0.007602760 0.009670600 0.008943810 0.006862460 0.007215950 0.008317580 0.009125010 0.024150580 
3     0.007554910 0.007220880 0.006990500 0.005177400 0.000000000 0.008233220 0.009296800 0.009020390 0.008305700 0.003269270 0.003160070 0.010314240 0.012182350 0.008712650 0.009453000 0.008446200 0.008606910 0.009231830 0.008571280 0.009209680 0.008308460 0.009689740 0.011470470 0.012494690 0.011474280 0.007942110 0.007621890 0.006978470 0.011165280 0.007021230 0.009029680 0.017980320 0.017226280 0.007502990 0.009775730 0.009826730 0.011394590 0.012505870 0.010841760 0.011345560 0.010683340 0.010204030 0.008219680 0.007275820 0.009343660 0.008616870 0.006535520 0.006889010 0.007990640 0.008798070 0.019936610 
12     0.013188900 0.012895540 0.012606620 0.008560160 0.008233220 0.000000000 0.001126560 0.000878970 0.004696820 0.006705920 0.008770360 0.008093580 0.008214790 0.007385010 0.008125360 0.007118560 0.007279270 0.007904190 0.007243640 0.007882040 0.006980820 0.006655150 0.008846250 0.009870470 0.009653030 0.008085170 0.007764950 0.007121530 0.009680920 0.007164290 0.009172740 0.012270760 0.011516720 0.007559230 0.009831970 0.009882970 0.011450830 0.012562110 0.010898000 0.011401800 0.010739580 0.010260270 0.008275920 0.007332060 0.009399900 0.008673110 0.006591760 0.007405710 0.010860540 0.011667970 0.019840660 
50     0.013613880 0.013959120 0.013031600 0.009623740 0.009296800 0.001126560 0.000000000 0.000511850 0.005091960 0.007130900 0.009243840 0.008518560 0.008639770 0.008448590 0.009188940 0.008182140 0.008342850 0.008967770 0.008307220 0.008945620 0.008044400 0.007080130 0.009271230 0.010295450 0.010078010 0.009148750 0.008828530 0.008185110 0.010105900 0.008227870 0.009714870 0.012695740 0.011941700 0.008622810 0.010895550 0.010946550 0.012514410 0.013258810 0.011961580 0.012465380 0.011803160 0.011323850 0.009339500 0.008395640 0.010463480 0.009736690 0.007655340 0.008469290 0.011924120 0.012731550 0.020314140 
43     0.013496050 0.013682710 0.012913770 0.009347330 0.009020390 0.000878970 0.000511850 0.000000000 0.004815550 0.007013070 0.008996250 0.008400730 0.008521940 0.008172180 0.008912530 0.007905730 0.008066440 0.008691360 0.008030810 0.008669210 0.007767990 0.006962300 0.009153400 0.010177620 0.009960180 0.008872340 0.008552120 0.007908700 0.009988070 0.007951460 0.009597040 0.012577910 0.011823870 0.008346400 0.010619140 0.010670140 0.012238000 0.013140980 0.011685170 0.012188970 0.011526750 0.011047440 0.009063090 0.008119230 0.010187070 0.009460280 0.007378930 0.008192880 0.011647710 0.012455140 0.020066550 
42     0.013302050 0.012968020 0.014008780 0.008632640 0.008305700 0.004696820 0.005091960 0.004815550 0.000000000 0.009003230 0.011276200 0.009059080 0.010927190 0.007457490 0.008197840 0.007191040 0.007351750 0.007976670 0.007316120 0.007954520 0.007053300 0.008929120 0.013483920 0.016132860 0.011689820 0.008157650 0.007837430 0.007194010 0.011380820 0.007236770 0.009245220 0.017410350 0.017306420 0.007631710 0.009904450 0.009955450 0.011523310 0.012634590 0.010970480 0.011474280 0.010812060 0.010332750 0.008348400 0.007404540 0.009472380 0.008745590 0.006664240 0.007478190 0.010933020 0.011740450 0.022346500 
36     0.011581740 0.012018210 0.010999460 0.010585330 0.003269270 0.006705920 0.007130900 0.007013070 0.009003230 0.000000000 0.002332750 0.006486420 0.006607630 0.006863360 0.007495160 0.006649570 0.007193090 0.007460180 0.007101040 0.006976510 0.006969930 0.005047990 0.007239090 0.008263310 0.008045870 0.009244210 0.009790120 0.006261230 0.008073760 0.009189460 0.007682730 0.010663600 0.009909560 0.009584400 0.010805280 0.010903490 0.010885070 0.011226670 0.011395160 0.012666520 0.012764750 0.012246480 0.008871530 0.009357230 0.011425070 0.010698280 0.008616930 0.009358680 0.012885710 0.013693140 0.021677150 
21     0.018086630 0.018523100 0.017504350 0.018428210 0.003160070 0.008770360 0.009243840 0.008996250 0.011276200 0.002332750 0.000000000 0.012991310 0.013112520 0.013368250 0.014000050 0.013154460 0.013697980 0.013965070 0.013605930 0.013481400 0.013474820 0.008223670 0.013743980 0.014768200 0.014550760 0.014164220 0.014716660 0.011186090 0.013953240 0.014664520 0.014187620 0.017168490 0.016414450 0.015159910 0.016848550 0.016961690 0.016959240 0.017090520 0.017159410 0.016377340 0.017244890 0.016735420 0.015375250 0.016420470 0.018061160 0.017891790 0.016459810 0.015863570 0.015589030 0.017219400 0.022634160 
6     0.012492300 0.012928770 0.011910020 0.010641180 0.010314240 0.008093580 0.008518560 0.008400730 0.009059080 0.006486420 0.012991310 0.000000000 0.002429380 0.002007320 0.002639120 0.005599810 0.005814550 0.006410420 0.005778920 0.005926750 0.005516100 0.005958550 0.008149650 0.009173870 0.008956430 0.010154770 0.009845970 0.007171790 0.008984320 0.009245310 0.008593290 0.011574160 0.010820120 0.009640250 0.011715840 0.011814050 0.011795630 0.012137230 0.012305720 0.013482820 0.012820600 0.011357810 0.009782090 0.009413080 0.011480920 0.010754130 0.008672780 0.009486730 0.012941560 0.013748990 0.024395580 
29     0.012613510 0.013049980 0.012031230 0.012509290 0.012182350 0.008214790 0.008639770 0.008521940 0.010927190 0.006607630 0.013112520 0.002429380 0.000000000 0.004284120 0.004848610 0.005535420 0.006078940 0.006346030 0.005986890 0.005862360 0.005855780 0.006079760 0.008270860 0.009295080 0.009077640 0.010275980 0.011714080 0.007293000 0.009105530 0.011113420 0.008714500 0.011695370 0.010941330 0.011508360 0.011837050 0.011935260 0.011916840 0.012258440 0.012426930 0.013698290 0.013872950 0.013278250 0.009903300 0.011281190 0.012588040 0.012622240 0.010540890 0.010390450 0.014809670 0.015617100 0.024244580 
38     0.012869240 0.013305710 0.012286960 0.009039590 0.008712650 0.007385010 0.008448590 0.008172180 0.007457490 0.006863360 0.013368250 0.002007320 0.004284120 0.000000000 0.001060890 0.004052250 0.004212960 0.004837880 0.004177330 0.004815730 0.003914510 0.006335490 0.008526590 0.009550810 0.009333370 0.008564600 0.008244380 0.007548730 0.009361260 0.007643720 0.008970230 0.011951100 0.011197060 0.008038660 0.010311400 0.010362400 0.011930260 0.012514170 0.011377430 0.011881230 0.011219010 0.010739700 0.008755350 0.007811490 0.009879330 0.009152540 0.007071190 0.007885140 0.011339970 0.012147400 0.022930300 
35     0.013501040 0.013937510 0.012918760 0.009779940 0.009453000 0.008125360 0.009188940 0.008912530 0.008197840 0.007495160 0.014000050 0.002639120 0.004848610 0.001060890 0.000000000 0.004792600 0.004953310 0.005578230 0.004917680 0.005556080 0.004654860 0.006967290 0.009158390 0.010182610 0.009965170 0.009304950 0.008984730 0.008180530 0.009993060 0.008384070 0.009602030 0.012582900 0.011828860 0.008779010 0.011051750 0.011102750 0.012670610 0.013145970 0.012117780 0.012621580 0.011959360 0.011480050 0.009495700 0.008551840 0.010619680 0.009892890 0.007811540 0.008625490 0.012080320 0.012887750 0.023333550 
8     0.012655450 0.013091920 0.012073170 0.008773140 0.008446200 0.007118560 0.008182140 0.007905730 0.007191040 0.006649570 0.013154460 0.005599810 0.005535420 0.004052250 0.004792600 0.000000000 0.001519740 0.001921770 0.001562630 0.001438100 0.001380400 0.006121700 0.008312800 0.009337020 0.009119580 0.008298150 0.007977930 0.007334510 0.009147470 0.007377270 0.008756440 0.011737310 0.010983270 0.007772210 0.010044950 0.010095950 0.011663810 0.012300380 0.011110980 0.011614780 0.010952560 0.010473250 0.008488900 0.003023010 0.009612880 0.008886090 0.006804740 0.007618690 0.011073520 0.011880950 0.022166380 
46     0.013198970 0.013269230 0.012616690 0.008933850 0.008606910 0.007279270 0.008342850 0.008066440 0.007351750 0.007193090 0.013697980 0.005814550 0.006078940 0.004212960 0.004953310 0.001519740 0.000000000 0.001342920 0.000682370 0.000575500 0.000902220 0.006665220 0.008856320 0.009880540 0.009663100 0.008458860 0.008138640 0.007495220 0.009690990 0.007537980 0.009299960 0.012280830 0.011526790 0.007932920 0.010205660 0.010256660 0.011824520 0.012843900 0.011271690 0.011775490 0.011113270 0.010633960 0.008649610 0.007705750 0.009773590 0.009046800 0.006965450 0.007779400 0.011234230 0.012041660 0.022300440 
16     0.013466060 0.013894150 0.012883780 0.009558770 0.009231830 0.007904190 0.008967770 0.008691360 0.007976670 0.007460180 0.013965070 0.006410420 0.006346030 0.004837880 0.005578230 0.001921770 0.001342920 0.000000000 0.000793710 0.000771000 0.001068000 0.006932310 0.009123410 0.010147630 0.009930190 0.009083780 0.008763560 0.008120140 0.009958080 0.008162900 0.009567050 0.012547920 0.011793880 0.008557840 0.010830580 0.010881580 0.012449440 0.013110990 0.011896610 0.012400410 0.011738190 0.011258880 0.009274530 0.008330670 0.010398510 0.009671720 0.007590370 0.008404320 0.011859150 0.012666580 0.024040560 
19     0.013106920 0.013233600 0.012524640 0.008898220 0.008571280 0.007243640 0.008307220 0.008030810 0.007316120 0.007101040 0.013605930 0.005778920 0.005986890 0.004177330 0.004917680 0.001562630 0.000682370 0.000793710 0.000000000 0.000214900 0.000032590 0.006573170 0.008764270 0.009788490 0.009571050 0.008423230 0.008103010 0.007459590 0.009598940 0.007502350 0.009207910 0.012188780 0.011434740 0.007897290 0.010170030 0.010221030 0.011788890 0.012751850 0.011236060 0.011739860 0.011077640 0.010598330 0.008613980 0.007670120 0.009737960 0.009011170 0.006929820 0.007743770 0.011198600 0.012006030 0.022445020 
32     0.012982390 0.013418860 0.012400110 0.009536620 0.009209680 0.007882040 0.008945620 0.008669210 0.007954520 0.006976510 0.013481400 0.005926750 0.005862360 0.004815730 0.005556080 0.001438100 0.000575500 0.000771000 0.000214900 0.000000000 0.000640360 0.006448640 0.008639740 0.009663960 0.009446520 0.009061630 0.008741410 0.007661880 0.009474410 0.008140750 0.009083380 0.012064250 0.011310210 0.008535690 0.010808430 0.010859430 0.012285720 0.012627320 0.011874460 0.012378260 0.011716040 0.011236730 0.009252380 0.008308520 0.010376360 0.009649570 0.007568220 0.008382170 0.011837000 0.012644430 0.022522060 
25     0.012975810 0.012970780 0.012393530 0.008635400 0.008308460 0.006980820 0.008044400 0.007767990 0.007053300 0.006969930 0.013474820 0.005516100 0.005855780 0.003914510 0.004654860 0.001380400 0.000902220 0.001068000 0.000032590 0.000640360 0.000000000 0.006442060 0.008633160 0.009657380 0.009439940 0.008160410 0.007840190 0.007196770 0.009467830 0.007239530 0.009076800 0.012057670 0.011303630 0.007634470 0.009907210 0.009958210 0.011526070 0.012620740 0.010973240 0.011477040 0.010814820 0.010335510 0.008351160 0.007407300 0.009475140 0.008748350 0.006667000 0.007480950 0.010935780 0.011743210 0.023453200 
47     0.010036330 0.010472800 0.009454050 0.010016680 0.009689740 0.006655150 0.007080130 0.006962300 0.008929120 0.005047990 0.008223670 0.005958550 0.006079760 0.006335490 0.006967290 0.006121700 0.006665220 0.006932310 0.006573170 0.006448640 0.006442060 0.000000000 0.005693680 0.006717900 0.006500460 0.007698800 0.009221470 0.004715820 0.006528350 0.008620810 0.006137320 0.009118190 0.008364150 0.009015750 0.009259870 0.009358080 0.009339660 0.009681260 0.009849750 0.011121110 0.011295770 0.010701070 0.007326120 0.008788580 0.010010860 0.010129630 0.008048280 0.007813270 0.011811780 0.013124490 0.018856910 
49     0.008960550 0.009397020 0.008378270 0.010093540 0.011470470 0.008846250 0.009271230 0.009153400 0.013483920 0.007239090 0.013743980 0.008149650 0.008270860 0.008526590 0.009158390 0.008312800 0.008856320 0.009123410 0.008764270 0.008639740 0.008633160 0.005693680 0.000000000 0.003893240 0.008510020 0.009708360 0.012886930 0.006725380 0.005225830 0.007358310 0.008146880 0.011127750 0.010373710 0.009977260 0.007528150 0.007626360 0.007607940 0.007949540 0.008118030 0.009389390 0.009564050 0.008969350 0.005594400 0.010833950 0.008708340 0.011129500 0.009766800 0.006737490 0.013505150 0.015135520 0.020550280 
34     0.009984770 0.010421240 0.009402490 0.011117760 0.012494690 0.009870470 0.010295450 0.010177620 0.016132860 0.008263310 0.014768200 0.009173870 0.009295080 0.009550810 0.010182610 0.009337020 0.009880540 0.010147630 0.009788490 0.009663960 0.009657380 0.006717900 0.003893240 0.000000000 0.008630950 0.010732580 0.014901400 0.007749600 0.006250050 0.007944800 0.009171100 0.012151970 0.011397930 0.011001480 0.008107590 0.008650580 0.008632160 0.008973760 0.009142250 0.010413610 0.010588270 0.009993570 0.006618620 0.011858170 0.009732560 0.012153720 0.010791020 0.007761710 0.015562390 0.017192760 0.022028100 
30     0.012852670 0.013289140 0.012270390 0.011801220 0.011474280 0.009653030 0.010078010 0.009960180 0.011689820 0.008045870 0.014550760 0.008956430 0.009077640 0.009333370 0.009965170 0.009119580 0.009663100 0.009930190 0.009571050 0.009446520 0.009439940 0.006500460 0.008510020 0.008630950 0.000000000 0.004414560 0.007471830 0.005707380 0.009344690 0.000887630 0.006580560 0.009561430 0.008807390 0.010887110 0.012076210 0.012174420 0.012156000 0.012497600 0.012666090 0.013937450 0.014067460 0.013517410 0.008042160 0.010659940 0.012727780 0.012000990 0.009919640 0.010629610 0.014101600 0.014909030 0.022170230 
45     0.012938460 0.012604430 0.013468730 0.008269050 0.007942110 0.008085170 0.009148750 0.008872340 0.008157650 0.009244210 0.014164220 0.010154770 0.010275980 0.008564600 0.009304950 0.008298150 0.008458860 0.009083780 0.008423230 0.009061630 0.008160410 0.007698800 0.009708360 0.010732580 0.004414560 0.000000000 0.000118750 0.004626500 0.008813310 0.004669260 0.007778900 0.010759770 0.010005730 0.007354940 0.009627680 0.009678680 0.011246540 0.012357820 0.010693710 0.011197510 0.010535290 0.010055980 0.008071630 0.007127770 0.009195610 0.008468820 0.006387470 0.007114600 0.010569430 0.011376860 0.021500720 
13     0.012618240 0.012284210 0.013324970 0.007948830 0.007621890 0.007764950 0.008828530 0.008552120 0.007837430 0.009790120 0.014716660 0.009845970 0.011714080 0.008244380 0.008984730 0.007977930 0.008138640 0.008763560 0.008103010 0.008741410 0.007840190 0.009221470 0.012886930 0.014901400 0.007471830 0.000118750 0.000000000 0.004306280 0.008493090 0.004349040 0.008331070 0.014650290 0.014174550 0.007034720 0.009307460 0.009358460 0.010926320 0.012037600 0.010373490 0.010877290 0.010215070 0.009735760 0.007751410 0.006807550 0.008875390 0.008148600 0.006067250 0.006794380 0.010249210 0.011056640 0.022136520 
41     0.011068030 0.011504500 0.010485750 0.007305410 0.006978470 0.007121530 0.008185110 0.007908700 0.007194010 0.006261230 0.011186090 0.007171790 0.007293000 0.007548730 0.008180530 0.007334510 0.007495220 0.008120140 0.007459590 0.007661880 0.007196770 0.004715820 0.006725380 0.007749600 0.005707380 0.004626500 0.004306280 0.000000000 0.006301990 0.003444200 0.005344240 0.008325110 0.007571070 0.006391300 0.008664040 0.008715040 0.010282900 0.010712960 0.009730070 0.010233870 0.009571650 0.009092340 0.007107990 0.006164130 0.008231970 0.007505180 0.005423830 0.006150960 0.009605790 0.010413220 0.018522590 
22     0.009795220 0.010231690 0.009212940 0.010928210 0.011165280 0.009680920 0.010105900 0.009988070 0.011380820 0.008073760 0.013953240 0.008984320 0.009105530 0.009361260 0.009993060 0.009147470 0.009690990 0.009958080 0.009598940 0.009474410 0.009467830 0.006528350 0.005225830 0.006250050 0.009344690 0.008813310 0.008493090 0.006301990 0.000000000 0.002475280 0.008981550 0.011962420 0.011208380 0.010578110 0.008792020 0.008890230 0.008871810 0.009213410 0.009381900 0.010653260 0.010827920 0.010233220 0.006858270 0.010350940 0.007440310 0.011691990 0.009610640 0.007572160 0.013792600 0.014600030 0.021289740 
24     0.011927700 0.011683550 0.011345420 0.007348170 0.007021230 0.007164290 0.008227870 0.007951460 0.007236770 0.009189460 0.014664520 0.009245310 0.011113420 0.007643720 0.008384070 0.007377270 0.007537980 0.008162900 0.007502350 0.008140750 0.007239530 0.008620810 0.007358310 0.007944800 0.000887630 0.004669260 0.004349040 0.003444200 0.002475280 0.000000000 0.007730410 0.014094900 0.013340860 0.006434060 0.008706800 0.008757800 0.010325660 0.011345890 0.009772830 0.010276630 0.009614410 0.009135100 0.007150750 0.006206890 0.008274730 0.007547940 0.005466590 0.006193720 0.009648550 0.010455980 0.022001020 
44     0.012489530 0.012926000 0.011907250 0.009356620 0.009029680 0.009172740 0.009714870 0.009597040 0.009245220 0.007682730 0.014187620 0.008593290 0.008714500 0.008970230 0.009602030 0.008756440 0.009299960 0.009567050 0.009207910 0.009083380 0.009076800 0.006137320 0.008146880 0.009171100 0.006580560 0.007778900 0.008331070 0.005344240 0.008981550 0.007730410 0.000000000 0.008457850 0.007703810 0.008442510 0.010715250 0.010766250 0.011792860 0.012134460 0.011781280 0.012285080 0.011622860 0.011143550 0.009159200 0.008215340 0.010283180 0.009556390 0.007475040 0.008202170 0.011657000 0.012464430 0.021814640 
20     0.015470400 0.015906870 0.014888120 0.016603390 0.017980320 0.012270760 0.012695740 0.012577910 0.017410350 0.010663600 0.017168490 0.011574160 0.011695370 0.011951100 0.012582900 0.011737310 0.012280830 0.012547920 0.012188780 0.012064250 0.012057670 0.009118190 0.011127750 0.012151970 0.009561430 0.010759770 0.014650290 0.008325110 0.011962420 0.014094900 0.008457850 0.000000000 0.000050010 0.017143050 0.014693940 0.014792150 0.014773730 0.015115330 0.015283820 0.016555180 0.016729840 0.016135140 0.012760190 0.017999740 0.015444930 0.018295290 0.016932590 0.013247340 0.017989380 0.019619750 0.025034510 
27     0.014716360 0.015152830 0.014134080 0.015849350 0.017226280 0.011516720 0.011941700 0.011823870 0.017306420 0.009909560 0.016414450 0.010820120 0.010941330 0.011197060 0.011828860 0.010983270 0.011526790 0.011793880 0.011434740 0.011310210 0.011303630 0.008364150 0.010373710 0.011397930 0.008807390 0.010005730 0.014174550 0.007571070 0.011208380 0.013340860 0.007703810 0.000050010 0.000000000 0.016389010 0.013939900 0.014038110 0.014019690 0.013407960 0.014529780 0.015801140 0.015975800 0.015381100 0.012006150 0.017245700 0.014690890 0.017541250 0.016178550 0.012493300 0.017885450 0.019515820 0.024930580 
14     0.012499340 0.012165310 0.013206070 0.007829930 0.007502990 0.007559230 0.008622810 0.008346400 0.007631710 0.009584400 0.015159910 0.009640250 0.011508360 0.008038660 0.008779010 0.007772210 0.007932920 0.008557840 0.007897290 0.008535690 0.007634470 0.009015750 0.009977260 0.011001480 0.010887110 0.007354940 0.007034720 0.006391300 0.010578110 0.006434060 0.008442510 0.017143050 0.016389010 0.000000000 0.003536290 0.007120880 0.007188010 0.007319290 0.007388180 0.006606110 0.007473660 0.002041730 0.002284760 0.004435850 0.003925910 0.007146600 0.005065250 0.006675480 0.010130310 0.010937740 0.021346910 
18     0.012526740 0.012963210 0.011944460 0.010102670 0.009775730 0.009831970 0.010895550 0.010619140 0.009904450 0.010805280 0.016848550 0.011715840 0.011837050 0.010311400 0.011051750 0.010044950 0.010205660 0.010830580 0.010170030 0.010808430 0.009907210 0.009259870 0.007528150 0.008107590 0.012076210 0.009627680 0.009307460 0.008664040 0.008792020 0.008706800 0.010715250 0.014693940 0.013939900 0.003536290 0.000000000 0.006726210 0.006707790 0.007049390 0.007217880 0.008294750 0.003411870 0.003943500 0.004768490 0.006708590 0.005903340 0.009419340 0.007337990 0.008948220 0.012403050 0.013210480 0.023035550 
17     0.012624950 0.013061420 0.012042670 0.010153670 0.009826730 0.009882970 0.010946550 0.010670140 0.009955450 0.010903490 0.016961690 0.011814050 0.011935260 0.010362400 0.011102750 0.010095950 0.010256660 0.010881580 0.010221030 0.010859430 0.009958210 0.009358080 0.007626360 0.008650580 0.012174420 0.009678680 0.009358460 0.008715040 0.008890230 0.008757800 0.010766250 0.014792150 0.014038110 0.007120880 0.006726210 0.000000000 0.000001150 0.002193740 0.002362230 0.003589900 0.003368940 0.000667670 0.004866700 0.006893710 0.010049230 0.009470340 0.007388990 0.008999220 0.012454050 0.013261480 0.023148690 
11     0.012606530 0.013043000 0.012024250 0.011721530 0.011394590 0.011450830 0.012514410 0.012238000 0.011523310 0.010885070 0.016959240 0.011795630 0.011916840 0.011930260 0.012670610 0.011663810 0.011824520 0.012449440 0.011788890 0.012285720 0.011526070 0.009339660 0.007607940 0.008632160 0.012156000 0.011246540 0.010926320 0.010282900 0.008871810 0.010325660 0.011792860 0.014773730 0.014019690 0.007188010 0.006707790 0.000001150 0.000000000 0.002175320 0.002343810 0.003122940 0.002901980 0.001005430 0.004848280 0.008448570 0.011617090 0.011038200 0.008956850 0.010383470 0.014021910 0.014829340 0.023146240 
48     0.012948130 0.013384600 0.012365850 0.012832810 0.012505870 0.012562110 0.013258810 0.013140980 0.012634590 0.011226670 0.017090520 0.012137230 0.012258440 0.012514170 0.013145970 0.012300380 0.012843900 0.013110990 0.012751850 0.012627320 0.012620740 0.009681260 0.007949540 0.008973760 0.012497600 0.012357820 0.012037600 0.010712960 0.009213410 0.011345890 0.012134460 0.015115330 0.013407960 0.007319290 0.007049390 0.002193740 0.002175320 0.000000000 0.000569900 0.001406450 0.001883130 0.002585340 0.004649960 0.008579850 0.012695920 0.012149480 0.010068130 0.010725070 0.015133190 0.015940620 0.023277520 
39     0.013116620 0.013553090 0.012534340 0.011168700 0.010841760 0.010898000 0.011961580 0.011685170 0.010970480 0.011395160 0.017159410 0.012305720 0.012426930 0.011377430 0.012117780 0.011110980 0.011271690 0.011896610 0.011236060 0.011874460 0.010973240 0.009849750 0.008118030 0.009142250 0.012666090 0.010693710 0.010373490 0.009730070 0.009381900 0.009772830 0.011781280 0.015283820 0.014529780 0.007388180 0.007217880 0.002362230 0.002343810 0.000569900 0.000000000 0.001932110 0.001130850 0.002654230 0.005358370 0.007908740 0.011064260 0.010485370 0.008404020 0.010014250 0.013469080 0.014276510 0.023346410 
10     0.014387980 0.014824450 0.013805700 0.011672500 0.011345560 0.011401800 0.012465380 0.012188970 0.011474280 0.012666520 0.016377340 0.013482820 0.013698290 0.011881230 0.012621580 0.011614780 0.011775490 0.012400410 0.011739860 0.012378260 0.011477040 0.011121110 0.009389390 0.010413610 0.013937450 0.011197510 0.010877290 0.010233870 0.010653260 0.010276630 0.012285080 0.016555180 0.015801140 0.006606110 0.008294750 0.003589900 0.003122940 0.001406450 0.001932110 0.000000000 0.000036200 0.001849080 0.004702750 0.007866670 0.011568060 0.003772710 0.008907820 0.010518050 0.013972880 0.014780310 0.022564340 
33     0.014562640 0.014999110 0.013980360 0.011010280 0.010683340 0.010739580 0.011803160 0.011526750 0.010812060 0.012764750 0.017244890 0.012820600 0.013872950 0.011219010 0.011959360 0.010952560 0.011113270 0.011738190 0.011077640 0.011716040 0.010814820 0.011295770 0.009564050 0.010588270 0.014067460 0.010535290 0.010215070 0.009571650 0.010827920 0.009614410 0.011622860 0.016729840 0.015975800 0.007473660 0.003411870 0.003368940 0.002901980 0.001883130 0.001130850 0.000036200 0.000000000 0.002739710 0.002436390 0.007750320 0.010905840 0.003745440 0.008245600 0.009855830 0.013310660 0.014118090 0.023431890 
40     0.013967940 0.014404410 0.013385660 0.010530970 0.010204030 0.010260270 0.011323850 0.011047440 0.010332750 0.012246480 0.016735420 0.011357810 0.013278250 0.010739700 0.011480050 0.010473250 0.010633960 0.011258880 0.010598330 0.011236730 0.010335510 0.010701070 0.008969350 0.009993570 0.013517410 0.010055980 0.009735760 0.009092340 0.010233220 0.009135100 0.011143550 0.016135140 0.015381100 0.002041730 0.003943500 0.000667670 0.001005430 0.002585340 0.002654230 0.001849080 0.002739710 0.000000000 0.006209690 0.007271010 0.004408780 0.009847640 0.007766290 0.009376520 0.012831350 0.013638780 0.022922420 
23     0.010592990 0.011029460 0.010010710 0.008546620 0.008219680 0.008275920 0.009339500 0.009063090 0.008348400 0.008871530 0.015375250 0.009782090 0.009903300 0.008755350 0.009495700 0.008488900 0.008649610 0.009274530 0.008613980 0.009252380 0.008351160 0.007326120 0.005594400 0.006618620 0.008042160 0.008071630 0.007751410 0.007107990 0.006858270 0.007150750 0.009159200 0.012760190 0.012006150 0.002284760 0.004768490 0.004866700 0.004848280 0.004649960 0.005358370 0.004702750 0.002436390 0.006209690 0.000000000 0.000175980 0.008442180 0.007863290 0.005781940 0.007392170 0.010847000 0.011654430 0.021562250 
15     0.012272170 0.011938140 0.012978900 0.007602760 0.007275820 0.007332060 0.008395640 0.008119230 0.007404540 0.009357230 0.016420470 0.009413080 0.011281190 0.007811490 0.008551840 0.003023010 0.007705750 0.008330670 0.007670120 0.008308520 0.007407300 0.008788580 0.010833950 0.011858170 0.010659940 0.007127770 0.006807550 0.006164130 0.010350940 0.006206890 0.008215340 0.017999740 0.017245700 0.004435850 0.006708590 0.006893710 0.008448570 0.008579850 0.007908740 0.007866670 0.007750320 0.007271010 0.000175980 0.000000000 0.007498320 0.006919430 0.004838080 0.006448310 0.009903140 0.010710570 0.022607470 
7     0.013277730 0.013714200 0.012695450 0.009670600 0.009343660 0.009399900 0.010463480 0.010187070 0.009472380 0.011425070 0.018061160 0.011480920 0.012588040 0.009879330 0.010619680 0.009612880 0.009773590 0.010398510 0.009737960 0.010376360 0.009475140 0.010010860 0.008708340 0.009732560 0.012727780 0.009195610 0.008875390 0.008231970 0.007440310 0.008274730 0.010283180 0.015444930 0.014690890 0.003925910 0.005903340 0.010049230 0.011617090 0.012695920 0.011064260 0.011568060 0.010905840 0.004408780 0.008442180 0.007498320 0.000000000 0.008987270 0.006905920 0.008516150 0.011970980 0.012778410 0.025321060 
28     0.013613220 0.013279190 0.014319950 0.008943810 0.008616870 0.008673110 0.009736690 0.009460280 0.008745590 0.010698280 0.017891790 0.010754130 0.012622240 0.009152540 0.009892890 0.008886090 0.009046800 0.009671720 0.009011170 0.009649570 0.008748350 0.010129630 0.011129500 0.012153720 0.012000990 0.008468820 0.008148600 0.007505180 0.011691990 0.007547940 0.009556390 0.018295290 0.017541250 0.007146600 0.009419340 0.009470340 0.011038200 0.012149480 0.010485370 0.003772710 0.003745440 0.009847640 0.007863290 0.006919430 0.008987270 0.000000000 0.001137090 0.007789360 0.011244190 0.012051620 0.024078790 
37     0.011531870 0.011197840 0.012238600 0.006862460 0.006535520 0.006591760 0.007655340 0.007378930 0.006664240 0.008616930 0.016459810 0.008672780 0.010540890 0.007071190 0.007811540 0.006804740 0.006965450 0.007590370 0.006929820 0.007568220 0.006667000 0.008048280 0.009766800 0.010791020 0.009919640 0.006387470 0.006067250 0.005423830 0.009610640 0.005466590 0.007475040 0.016932590 0.016178550 0.005065250 0.007337990 0.007388990 0.008956850 0.010068130 0.008404020 0.008907820 0.008245600 0.007766290 0.005781940 0.004838080 0.006905920 0.001137090 0.000000000 0.005708010 0.009162840 0.009970270 0.024756780 
9     0.010555000 0.010991470 0.009972720 0.007215950 0.006889010 0.007405710 0.008469290 0.008192880 0.007478190 0.009358680 0.015863570 0.009486730 0.010390450 0.007885140 0.008625490 0.007618690 0.007779400 0.008404320 0.007743770 0.008382170 0.007480950 0.007813270 0.006737490 0.007761710 0.010629610 0.007114600 0.006794380 0.006150960 0.007572160 0.006193720 0.008202170 0.013247340 0.012493300 0.006675480 0.008948220 0.008999220 0.010383470 0.010725070 0.010014250 0.010518050 0.009855830 0.009376520 0.007392170 0.006448310 0.008516150 0.007789360 0.005708010 0.000000000 0.009516330 0.010323760 0.022598330 
31     0.012986990 0.012652960 0.013693720 0.008317580 0.007990640 0.010860540 0.011924120 0.011647710 0.010933020 0.012885710 0.015589030 0.012941560 0.014809670 0.011339970 0.012080320 0.011073520 0.011234230 0.011859150 0.011198600 0.011837000 0.010935780 0.011811780 0.013505150 0.015562390 0.014101600 0.010569430 0.010249210 0.009605790 0.013792600 0.009648550 0.011657000 0.017989380 0.017885450 0.010130310 0.012403050 0.012454050 0.014021910 0.015133190 0.013469080 0.013972880 0.013310660 0.012831350 0.010847000 0.009903140 0.011970980 0.011244190 0.009162840 0.009516330 0.000000000 0.000383180 0.020752010 
26     0.013794420 0.013460390 0.014501150 0.009125010 0.008798070 0.011667970 0.012731550 0.012455140 0.011740450 0.013693140 0.017219400 0.013748990 0.015617100 0.012147400 0.012887750 0.011880950 0.012041660 0.012666580 0.012006030 0.012644430 0.011743210 0.013124490 0.015135520 0.017192760 0.014909030 0.011376860 0.011056640 0.010413220 0.014600030 0.010455980 0.012464430 0.019619750 0.019515820 0.010937740 0.013210480 0.013261480 0.014829340 0.015940620 0.014276510 0.014780310 0.014118090 0.013638780 0.011654430 0.010710570 0.012778410 0.012051620 0.009970270 0.010323760 0.000383180 0.000000000 0.022382380 
0     0.023103400 0.023757660 0.022994870 0.024150580 0.019936610 0.019840660 0.020314140 0.020066550 0.022346500 0.021677150 0.022634160 0.024395580 0.024244580 0.022930300 0.023333550 0.022166380 0.022300440 0.024040560 0.022445020 0.022522060 0.023453200 0.018856910 0.020550280 0.022028100 0.022170230 0.021500720 0.022136520 0.018522590 0.021289740 0.022001020 0.021814640 0.025034510 0.024930580 0.021346910 0.023035550 0.023148690 0.023146240 0.023277520 0.023346410 0.022564340 0.023431890 0.022922420 0.021562250 0.022607470 0.025321060 0.024078790 0.024756780 0.022598330 0.020752010 0.022382380 0.000000000 
