51
5     0.000000000 0.169510711 0.172176745 0.723192666 0.642721514 0.923393943 0.923032617 0.932592379 1.015391839 0.962768529 1.041801205 0.980824426 0.992331413 0.964254323 0.978175601 0.956330611 0.971519426 0.978630718 0.972193238 0.968883426 0.964721520 0.986910691 0.977259860 0.976465481 0.922637298 0.943084110 0.973617914 0.945012077 0.999828066 0.959175178 0.913514667 1.102492431 1.077889856 1.015806065 1.037265729 1.017127592 1.016819463 1.053421675 1.059005426 1.045520591 1.044654595 1.030090648 0.985908224 0.973173406 1.034600768 0.992131507 1.036981646 1.031552521 1.145429634 1.144790116 1.493289761 
2     0.169510711 0.000000000 0.095574592 0.727576851 0.647105700 0.927734074 0.927372747 0.936932510 1.019731969 0.967108660 1.046141336 0.985164556 0.996555955 0.968594454 0.982515731 0.960670742 0.975859556 0.982970849 0.976533369 0.973223556 0.969061650 0.991250822 0.981599990 0.980805611 0.926977429 0.947424240 0.977958045 0.949352207 1.004013035 0.963515309 0.917854798 1.106832561 1.082229986 1.020146196 1.041605859 1.021467723 1.021159594 1.057761806 1.063345557 1.049860721 1.048994726 1.034430779 0.990248355 0.977513537 1.038940898 0.996471637 1.041321777 1.035892652 1.150249996 1.149130247 1.497629892 
1     0.172176745 0.095574592 0.000000000 0.729083105 0.648611954 0.929240328 0.928879001 0.938438764 1.021238224 0.968614914 1.047647590 0.986670810 0.998089500 0.970100708 0.984021986 0.962176996 0.977365810 0.984477103 0.978039623 0.974729810 0.970567905 0.992757076 0.983106244 0.982311866 0.928483683 0.948930494 0.979464299 0.950858461 1.005519289 0.965021563 0.919361052 1.108338815 1.083736240 1.021652450 1.043112113 1.022973977 1.022665848 1.059268060 1.064851811 1.051366976 1.050500980 1.035937033 0.991754609 0.979019791 1.040447153 0.997977891 1.042828031 1.037398906 1.151756250 1.150636501 1.499136146 
4     0.723192666 0.727576851 0.729083105 0.000000000 0.440845455 0.803822387 0.803461061 0.813020823 0.895820283 0.843105575 0.922138251 0.861012049 0.873404177 0.844441947 0.858363225 0.836261817 0.851450631 0.858561924 0.852124443 0.848814631 0.844652725 0.867177232 0.858752330 0.857957951 0.804947105 0.825340224 0.855927721 0.826683821 0.882205791 0.840737596 0.795027177 0.984183590 0.959581015 0.897353843 0.918420844 0.898675370 0.898367240 0.934969453 0.940553204 0.927068368 0.926202373 0.911638425 0.867656865 0.854922046 0.916460114 0.874046025 0.918896164 0.913720481 1.023732256 1.021791771 1.373545252 
3     0.642721514 0.647105700 0.648611954 0.440845455 0.000000000 0.722738359 0.722377033 0.731936795 0.814736255 0.762046946 0.841077379 0.779924988 0.792317115 0.763354885 0.777276163 0.755010405 0.770199219 0.777310511 0.770873031 0.767563219 0.763401313 0.785685073 0.776340275 0.775545897 0.722641460 0.742947199 0.773622077 0.744176095 0.799760446 0.758292251 0.712628338 0.901675608 0.877073034 0.814931342 0.836383940 0.816252869 0.815944739 0.852546952 0.858130703 0.844645867 0.843779872 0.829215924 0.785184487 0.772449669 0.833987737 0.791523890 0.836374030 0.831125293 0.943357899 0.941417414 1.290744494 
12     0.923393943 0.927734074 0.929240328 0.803822387 0.722738359 0.000000000 0.159949322 0.170905032 0.336034063 0.422992519 0.502083954 0.495623092 0.509847221 0.478259015 0.493296550 0.469977676 0.484794398 0.492261578 0.485523063 0.482514530 0.478306972 0.500743499 0.652731373 0.651432230 0.598666572 0.619969515 0.650283609 0.621481460 0.679694192 0.637836540 0.590181034 0.778508757 0.754112807 0.687543332 0.709638290 0.687498542 0.687190413 0.724346108 0.729929859 0.716445023 0.715579028 0.701001830 0.656760838 0.643925634 0.705103727 0.662781407 0.707767804 0.761472047 0.907687875 0.905132931 1.331685725 
50     0.923032617 0.927372747 0.928879001 0.803461061 0.722377033 0.159949322 0.000000000 0.067045244 0.333280048 0.423098854 0.502904041 0.496112008 0.510200531 0.478773109 0.493810644 0.471132656 0.485949378 0.493416558 0.486678043 0.483669509 0.479461952 0.500450950 0.652336355 0.651037212 0.598047854 0.618163983 0.648478076 0.621201464 0.679414196 0.637556544 0.589901038 0.778228760 0.753832811 0.687090172 0.709185130 0.687203898 0.686895769 0.723892947 0.729476698 0.715991863 0.715125868 0.700548670 0.656307678 0.643472474 0.704822442 0.662328247 0.707314643 0.761059792 0.907339164 0.904784219 1.331282537 
43     0.932592379 0.936932510 0.938438764 0.813020823 0.731936795 0.170905032 0.067045244 0.000000000 0.342855931 0.433191574 0.513043539 0.506054626 0.520143150 0.488715728 0.503753262 0.481075274 0.495891997 0.503359177 0.496620662 0.493612128 0.489404571 0.510397686 0.661939082 0.660639939 0.607786621 0.627902750 0.658216843 0.630940231 0.689152963 0.647295311 0.599639805 0.787967528 0.763571578 0.696828939 0.718923897 0.696942666 0.696634537 0.733631714 0.739215466 0.725730630 0.724864635 0.710287437 0.666046445 0.653211241 0.714561209 0.672067014 0.717053410 0.770711286 0.916941891 0.914386947 1.340842299 
42     1.015391839 1.019731969 1.021238224 0.895820283 0.814736255 0.336034063 0.333280048 0.342855931 0.000000000 0.515309005 0.595229754 0.588465336 0.602553860 0.571126437 0.586163972 0.563445832 0.578317162 0.585729734 0.578991219 0.575982685 0.571829736 0.592387386 0.744892584 0.743593441 0.689882932 0.711313767 0.741627860 0.712993707 0.771561949 0.729362405 0.682174961 0.870502683 0.846106734 0.779899295 0.801994253 0.779848483 0.779540354 0.816537099 0.822120851 0.808636015 0.807770020 0.793182762 0.749159115 0.736323911 0.797891380 0.755401845 0.800388241 0.853591462 1.000030097 0.997475152 1.423838728 
36     0.962768529 0.967108660 0.968614914 0.843105575 0.762046946 0.422992519 0.423098854 0.433191574 0.515309005 0.000000000 0.209572164 0.532413704 0.546346063 0.514750935 0.529432197 0.509150319 0.523961883 0.531434221 0.524695706 0.521627406 0.517534223 0.536294330 0.690173529 0.688843690 0.639099398 0.660268970 0.690583063 0.662382421 0.720227247 0.678369595 0.630956545 0.819280256 0.794884307 0.725239872 0.747334830 0.725711033 0.725402903 0.761980383 0.767564256 0.754079421 0.753213425 0.738496444 0.694641061 0.681805857 0.743969858 0.698672066 0.743156137 0.799583591 0.947124398 0.944569453 1.370150809 
21     1.041801205 1.046141336 1.047647590 0.922138251 0.841077379 0.502083954 0.502904041 0.513043539 0.595229754 0.209572164 0.000000000 0.611633742 0.624780175 0.593970974 0.608652236 0.587584431 0.602395995 0.609868333 0.603129818 0.600061518 0.595968335 0.615817978 0.769655824 0.768325985 0.718630657 0.739800228 0.770114322 0.741913679 0.799758506 0.757900853 0.710487803 0.898811515 0.874415565 0.804963630 0.827058589 0.805636717 0.805328588 0.841949347 0.847533099 0.834048263 0.833182268 0.818422129 0.774364078 0.761528874 0.823504102 0.778222615 0.823096630 0.878476693 1.026586302 1.024031357 1.449392384 
6     0.980824426 0.985164556 0.986670810 0.861012049 0.779924988 0.495623092 0.496112008 0.506054626 0.588465336 0.532413704 0.611633742 0.000000000 0.221368240 0.231625203 0.251266778 0.369525858 0.386096003 0.392228986 0.387047424 0.383498082 0.378332021 0.510271762 0.709077340 0.707437359 0.655557441 0.676793417 0.707127767 0.678866513 0.736812393 0.694955055 0.647369408 0.835608170 0.811243508 0.746815004 0.768510375 0.747269490 0.746961361 0.783710842 0.789294593 0.775809758 0.774943762 0.759944248 0.716067788 0.703213512 0.763870215 0.723428927 0.767984718 0.818594922 0.966754981 0.964200036 1.390086230 
29     0.992331413 0.996555955 0.998089500 0.873404177 0.792317115 0.509847221 0.510200531 0.520143150 0.602553860 0.546346063 0.624780175 0.221368240 0.000000000 0.244557129 0.263710146 0.382053751 0.399181462 0.405325624 0.400162603 0.396599801 0.391445821 0.523628330 0.721926611 0.720319090 0.668508204 0.689744180 0.720078530 0.691819882 0.749763156 0.707905818 0.660320171 0.848558933 0.824194271 0.760010090 0.781760120 0.760464576 0.760156447 0.796905928 0.802489679 0.789004843 0.788138848 0.773243383 0.729262873 0.716408597 0.777065300 0.736640319 0.781196109 0.830975097 0.979739313 0.977184368 1.402768580 
38     0.964254323 0.968594454 0.970100708 0.844441947 0.763354885 0.478259015 0.478773109 0.488715728 0.571126437 0.514750935 0.593970974 0.231625203 0.244557129 0.000000000 0.135488370 0.351730253 0.366939225 0.374678448 0.367874860 0.365141036 0.360851197 0.494499899 0.692453642 0.690740187 0.639007157 0.660243133 0.690577483 0.662316229 0.720262109 0.678404771 0.630887976 0.819126738 0.794762075 0.730241846 0.751865628 0.730696332 0.730388203 0.767137684 0.772721435 0.759236600 0.758370604 0.743694613 0.699494630 0.686640354 0.747248689 0.705806814 0.751411560 0.802025214 0.950184879 0.947629934 1.373516128 
35     0.978175601 0.982515731 0.984021986 0.858363225 0.777276163 0.493296550 0.493810644 0.503753262 0.586163972 0.529432197 0.608652236 0.251266778 0.263710146 0.135488370 0.000000000 0.368373753 0.382613914 0.390225289 0.383440336 0.380678988 0.376389149 0.509871778 0.706405912 0.704646985 0.653128670 0.674364647 0.704698996 0.676437742 0.734383622 0.692526284 0.645009489 0.833248251 0.808883589 0.744220743 0.765898854 0.744675229 0.744367100 0.781116581 0.786700332 0.773215496 0.772349501 0.757673510 0.713473526 0.700619250 0.761227586 0.719785711 0.765390456 0.816005987 0.961071655 0.959084777 1.387437405 
8     0.956330611 0.960670742 0.962176996 0.836261817 0.755010405 0.469977676 0.471132656 0.481075274 0.563445832 0.509150319 0.587584431 0.369525858 0.382053751 0.351730253 0.368373753 0.000000000 0.155297637 0.157527798 0.153090032 0.141802853 0.143621758 0.487033826 0.685098658 0.683797274 0.631246303 0.652589577 0.682900219 0.654391716 0.712433241 0.670578315 0.623228491 0.811406399 0.787439529 0.722318989 0.744302703 0.722843032 0.722525464 0.759284384 0.764868135 0.751373860 0.750517304 0.735841313 0.691984814 0.678953598 0.739849979 0.699451762 0.744569741 0.794221343 0.942899215 0.940344270 1.365434097 
46     0.971519426 0.975859556 0.977365810 0.851450631 0.770199219 0.484794398 0.485949378 0.495891997 0.578317162 0.523961883 0.602395995 0.386096003 0.399181462 0.366939225 0.382613914 0.155297637 0.000000000 0.134384133 0.125468492 0.128732697 0.119480727 0.502795521 0.700229265 0.698927882 0.646458676 0.667754473 0.698065115 0.669577434 0.727618958 0.685764032 0.638393387 0.826125842 0.802604425 0.737531362 0.759515076 0.738055405 0.737737837 0.774496757 0.780080508 0.766586233 0.765729677 0.751053687 0.707197187 0.694183790 0.755062352 0.714605044 0.759723023 0.809433264 0.958113669 0.955558724 1.381139494 
16     0.978630718 0.982970849 0.984477103 0.858561924 0.777310511 0.492261578 0.493416558 0.503359177 0.585729734 0.531434221 0.609868333 0.392228986 0.405325624 0.374678448 0.390225289 0.157527798 0.134384133 0.000000000 0.121055751 0.113496574 0.117416921 0.509228842 0.707340558 0.706039174 0.653569968 0.674865765 0.705176407 0.676688726 0.734730250 0.692875325 0.645504679 0.833682587 0.809715717 0.744642655 0.766626368 0.745166698 0.744849130 0.781608050 0.787191801 0.773697526 0.772840970 0.758164979 0.714308480 0.701298160 0.762173645 0.721716337 0.766834316 0.816544556 0.965224961 0.962670017 1.388250787 
19     0.972193238 0.976533369 0.978039623 0.852124443 0.770873031 0.485523063 0.486678043 0.496620662 0.578991219 0.524695706 0.603129818 0.387047424 0.400162603 0.367874860 0.383440336 0.153090032 0.125468492 0.121055751 0.000000000 0.095378931 0.111897381 0.503174598 0.700903078 0.699601694 0.647132488 0.668428285 0.698738927 0.670251246 0.728292770 0.686437845 0.639067199 0.826842536 0.803278237 0.738205174 0.760188888 0.738729218 0.738411650 0.775170569 0.780754321 0.767260046 0.766403490 0.751727499 0.707871000 0.694857602 0.755736164 0.715278857 0.760396836 0.810107076 0.958787481 0.956232537 1.381813307 
32     0.968883426 0.973223556 0.974729810 0.848814631 0.767563219 0.482514530 0.483669509 0.493612128 0.575982685 0.521627406 0.600061518 0.383498082 0.396599801 0.365141036 0.380678988 0.141802853 0.128732697 0.113496574 0.095378931 0.000000000 0.114275973 0.499657386 0.697593266 0.696291882 0.643822676 0.665118473 0.695429115 0.666941434 0.724982958 0.683128032 0.635757387 0.823532724 0.799968425 0.734895362 0.756879076 0.735419405 0.735101837 0.771860757 0.777444508 0.763950234 0.763093677 0.748417687 0.704561187 0.691547790 0.752426352 0.711969044 0.757087023 0.806797264 0.955477669 0.952922724 1.378503494 
25     0.964721520 0.969061650 0.970567905 0.844652725 0.763401313 0.478306972 0.479461952 0.489404571 0.571829736 0.517534223 0.595968335 0.378332021 0.391445821 0.360851197 0.376389149 0.143621758 0.119480727 0.117416921 0.111897381 0.114275973 0.000000000 0.495388623 0.693431360 0.692129976 0.639660770 0.660956567 0.691267209 0.662779528 0.720821052 0.678966127 0.631595481 0.819773389 0.795806519 0.730733456 0.752717170 0.731257500 0.730939931 0.767698851 0.773282603 0.759788328 0.758931772 0.744255781 0.700399282 0.687388962 0.748264446 0.707807139 0.752925118 0.802635358 0.951315763 0.948760819 1.374341588 
47     0.986910691 0.991250822 0.992757076 0.867177232 0.785685073 0.500743499 0.500450950 0.510397686 0.592387386 0.536294330 0.615817978 0.510271762 0.523628330 0.494499899 0.509871778 0.487033826 0.502795521 0.509228842 0.503174598 0.499657386 0.495388623 0.000000000 0.713880888 0.712522618 0.659770618 0.681057765 0.711394847 0.682708389 0.740985551 0.699120519 0.651263908 0.839585367 0.815156322 0.751874563 0.774436144 0.752466855 0.752158726 0.788908206 0.794491958 0.781007122 0.780141127 0.765489756 0.721477572 0.708696058 0.768750950 0.728717224 0.773316614 0.823392582 0.971648553 0.969093609 1.395119837 
49     0.977259860 0.981599990 0.983106244 0.858752330 0.776340275 0.652731373 0.652336355 0.661939082 0.744892584 0.690173529 0.769655824 0.709077340 0.721926611 0.692453642 0.706405912 0.685098658 0.700229265 0.707340558 0.700903078 0.697593266 0.693431360 0.713880888 0.000000000 0.292265273 0.636850029 0.656408171 0.686805832 0.656256015 0.711651897 0.669876306 0.625630107 0.813838939 0.788953406 0.736923603 0.759411099 0.738494161 0.738186032 0.774788244 0.780371996 0.766887160 0.766021165 0.751347351 0.706790917 0.694090530 0.755131646 0.713703692 0.758272675 0.815726475 0.966199279 0.963592119 1.387215022 
34     0.976465481 0.980805611 0.982311866 0.857957951 0.775545897 0.651432230 0.651037212 0.660639939 0.743593441 0.688843690 0.768325985 0.707437359 0.720319090 0.690740187 0.704646985 0.683797274 0.698927882 0.706039174 0.699601694 0.696291882 0.692129976 0.712522618 0.292265273 0.000000000 0.636210492 0.655760344 0.686158005 0.655610707 0.711006589 0.669230998 0.624990571 0.813195343 0.788346776 0.736352337 0.758744334 0.737852663 0.737544534 0.774146746 0.779730498 0.766245662 0.765379667 0.750705853 0.706150220 0.693449833 0.754513149 0.713085194 0.757654178 0.815300831 0.965423621 0.962816461 1.386522619 
30     0.922637298 0.926977429 0.928483683 0.804947105 0.722641460 0.598666572 0.598047854 0.607786621 0.689882932 0.639099398 0.718630657 0.655557441 0.668508204 0.639007157 0.653128670 0.631246303 0.646458676 0.653569968 0.647132488 0.643822676 0.639660770 0.659770618 0.636850029 0.636210492 0.000000000 0.428010516 0.457751681 0.491697524 0.549275379 0.507439024 0.461810899 0.650026944 0.625614231 0.688781001 0.711085170 0.689979257 0.689671128 0.726206674 0.731838173 0.718353337 0.717487342 0.703144264 0.659116228 0.646422142 0.704717425 0.664269998 0.709620253 0.768013513 0.915027769 0.912376052 1.335194518 
45     0.943084110 0.947424240 0.948930494 0.825340224 0.742947199 0.619969515 0.618163983 0.627902750 0.711313767 0.660268970 0.739800228 0.676793417 0.689744180 0.660243133 0.674364647 0.652589577 0.667754473 0.674865765 0.668428285 0.665118473 0.660956567 0.681057765 0.656408171 0.655760344 0.428010516 0.000000000 0.226306638 0.509795735 0.568266357 0.526046121 0.479810378 0.667588864 0.643166384 0.710384174 0.732688343 0.711461792 0.711153663 0.747699633 0.753320708 0.739835872 0.738969877 0.724626799 0.680826334 0.668125703 0.726748063 0.685746970 0.731097225 0.788500828 0.935656384 0.933004667 1.355593613 
13     0.973617914 0.977958045 0.979464299 0.855927721 0.773622077 0.650283609 0.648478076 0.658216843 0.741627860 0.690583063 0.770114322 0.707127767 0.720078530 0.690577483 0.704698996 0.682900219 0.698065115 0.705176407 0.698738927 0.695429115 0.691267209 0.711394847 0.686805832 0.686158005 0.457751681 0.226306638 0.000000000 0.540708756 0.599156277 0.556842534 0.510346950 0.698117629 0.673695149 0.740432727 0.762736896 0.741042124 0.740733995 0.777279965 0.782901040 0.769416205 0.768550209 0.753798525 0.710623397 0.697922765 0.756750329 0.715795523 0.761145778 0.818868500 0.966079886 0.963428169 1.386019776 
41     0.945012077 0.949352207 0.950858461 0.826683821 0.744176095 0.621481460 0.621201464 0.630940231 0.712993707 0.662382421 0.741913679 0.678866513 0.691819882 0.662316229 0.676437742 0.654391716 0.669577434 0.676688726 0.670251246 0.666941434 0.662779528 0.682708389 0.656256015 0.655610707 0.491697524 0.509795735 0.540708756 0.000000000 0.481823390 0.440541500 0.478777392 0.663715725 0.639059865 0.710289329 0.732593498 0.711112350 0.710804221 0.747339768 0.752971266 0.739486431 0.738620435 0.724528418 0.680709945 0.668009314 0.727141874 0.685518938 0.731676948 0.788464223 0.935221216 0.932569499 1.356072878 
22     0.999828066 1.004013035 1.005519289 0.882205791 0.799760446 0.679694192 0.679414196 0.689152963 0.771561949 0.720227247 0.799758506 0.736812393 0.749763156 0.720262109 0.734383622 0.712433241 0.727618958 0.734730250 0.728292770 0.724982958 0.720821052 0.740985551 0.711651897 0.711006589 0.549275379 0.568266357 0.599156277 0.481823390 0.000000000 0.282129728 0.534833322 0.720367979 0.695760674 0.766656680 0.789095607 0.768154278 0.767846149 0.804381696 0.810013194 0.796528359 0.795662363 0.781244455 0.737335863 0.724635232 0.783455083 0.742613579 0.788051732 0.845038663 0.992047851 0.989424182 1.412955740 
24     0.959175178 0.963515309 0.965021563 0.840737596 0.758292251 0.637836540 0.637556544 0.647295311 0.729362405 0.678369595 0.757900853 0.694955055 0.707905818 0.678404771 0.692526284 0.670578315 0.685764032 0.692875325 0.686437845 0.683128032 0.678966127 0.699120519 0.669876306 0.669230998 0.507439024 0.526046121 0.556842534 0.440541500 0.282129728 0.000000000 0.493154975 0.678883108 0.654275803 0.725345567 0.747649736 0.726475989 0.726167860 0.762703406 0.768334904 0.754850069 0.753984074 0.739566165 0.695740692 0.683040060 0.741735209 0.700861663 0.746299817 0.803102066 0.950078234 0.947454566 1.371143317 
44     0.913514667 0.917854798 0.919361052 0.795027177 0.712628338 0.590181034 0.589901038 0.599639805 0.682174961 0.630956545 0.710487803 0.647369408 0.660320171 0.630887976 0.645009489 0.623228491 0.638393387 0.645504679 0.639067199 0.635757387 0.631595481 0.651263908 0.625630107 0.624990571 0.461810899 0.479810378 0.510346950 0.478777392 0.534833322 0.493154975 0.000000000 0.507007542 0.482489948 0.679077547 0.701361702 0.680299385 0.679991256 0.716505031 0.722158301 0.708673465 0.707807470 0.693447825 0.649509414 0.636808782 0.695649566 0.654972987 0.700296736 0.758853040 0.904150530 0.901107932 1.325225125 
20     1.102492431 1.106832561 1.108338815 0.984183590 0.901675608 0.778508757 0.778228760 0.787967528 0.870502683 0.819280256 0.898811515 0.835608170 0.848558933 0.819126738 0.833248251 0.811406399 0.826125842 0.833682587 0.826842536 0.823532724 0.819773389 0.839585367 0.813838939 0.813195343 0.650026944 0.667588864 0.698117629 0.663715725 0.720367979 0.678883108 0.507007542 0.000000000 0.211355325 0.867566480 0.889850635 0.868657129 0.868349000 0.904564084 0.910516045 0.897031209 0.896165214 0.881805569 0.837951080 0.825250449 0.883848578 0.843379474 0.888654109 0.947089987 1.092895355 1.089562983 1.513881794 
27     1.077889856 1.082229986 1.083736240 0.959581015 0.877073034 0.754112807 0.753832811 0.763571578 0.846106734 0.794884307 0.874415565 0.811243508 0.824194271 0.794762075 0.808883589 0.787439529 0.802604425 0.809715717 0.803278237 0.799968425 0.795806519 0.815156322 0.788953406 0.788346776 0.625614231 0.643166384 0.673695149 0.639059865 0.695760674 0.654275803 0.482489948 0.211355325 0.000000000 0.842875886 0.865160041 0.843966535 0.843658406 0.879857101 0.885825451 0.872340615 0.871474620 0.857114975 0.813262182 0.800561551 0.859195214 0.818726109 0.864000744 0.922483257 1.068292780 1.064960408 1.489279219 
14     1.015806065 1.020146196 1.021652450 0.897353843 0.814931342 0.687543332 0.687090172 0.696828939 0.779899295 0.725239872 0.804963630 0.746815004 0.760010090 0.730241846 0.744220743 0.722318989 0.737531362 0.744642655 0.738205174 0.734895362 0.730733456 0.751874563 0.736923603 0.736352337 0.688781001 0.710384174 0.740432727 0.710289329 0.766656680 0.725345567 0.679077547 0.867566480 0.842875886 0.000000000 0.353339873 0.451181851 0.450023506 0.487440122 0.493569130 0.480612975 0.478903301 0.464978193 0.464102818 0.451671138 0.682494540 0.638310404 0.682737775 0.861012834 1.001025889 0.998470945 1.425775268 
18     1.037265729 1.041605859 1.043112113 0.918420844 0.836383940 0.709638290 0.709185130 0.718923897 0.801994253 0.747334830 0.827058589 0.768510375 0.781760120 0.751865628 0.765898854 0.744302703 0.759515076 0.766626368 0.760188888 0.756879076 0.752717170 0.774436144 0.759411099 0.758744334 0.711085170 0.732688343 0.762736896 0.732593498 0.789095607 0.747649736 0.701361702 0.889850635 0.865160041 0.353339873 0.000000000 0.474665335 0.473504308 0.510306239 0.516268692 0.503346148 0.501647460 0.488506586 0.490688251 0.478336741 0.705648626 0.661521177 0.705955733 0.883308724 1.023286999 1.020732054 1.447720864 
17     1.017127592 1.021467723 1.022973977 0.898675370 0.816252869 0.687498542 0.687203898 0.696942666 0.779848483 0.725711033 0.805636717 0.747269490 0.760464576 0.730696332 0.744675229 0.722843032 0.738055405 0.745166698 0.738729218 0.735419405 0.731257500 0.752466855 0.738494161 0.737852663 0.689979257 0.711461792 0.741042124 0.711112350 0.768154278 0.726475989 0.680299385 0.868657129 0.843966535 0.451181851 0.474665335 0.000000000 0.061107901 0.226092116 0.236220009 0.218057194 0.217463529 0.227582249 0.473311134 0.460188356 0.685300856 0.640561913 0.685151844 0.861218204 1.001635547 0.999031870 1.427349169 
11     1.016819463 1.021159594 1.022665848 0.898367240 0.815944739 0.687190413 0.686895769 0.696634537 0.779540354 0.725402903 0.805328588 0.746961361 0.760156447 0.730388203 0.744367100 0.722525464 0.737737837 0.744849130 0.738411650 0.735101837 0.730939931 0.752158726 0.738186032 0.737544534 0.689671128 0.711153663 0.740733995 0.710804221 0.767846149 0.726167860 0.679991256 0.868349000 0.843658406 0.450023506 0.473504308 0.061107901 0.000000000 0.227511626 0.238404006 0.218643140 0.219166100 0.230120347 0.473170173 0.460047395 0.684992727 0.640253784 0.684843715 0.860910074 1.001327418 0.998723741 1.427041040 
48     1.053421675 1.057761806 1.059268060 0.934969453 0.852546952 0.724346108 0.723892947 0.733631714 0.816537099 0.761980383 0.841949347 0.783710842 0.796905928 0.767137684 0.781116581 0.759284384 0.774496757 0.781608050 0.775170569 0.771860757 0.767698851 0.788908206 0.774788244 0.774146746 0.726206674 0.747699633 0.777279965 0.747339768 0.804381696 0.762703406 0.716505031 0.904564084 0.879857101 0.487440122 0.510306239 0.226092116 0.227511626 0.000000000 0.148860162 0.145483898 0.139253832 0.259555955 0.510935359 0.497741261 0.721587633 0.676761279 0.721353386 0.897512287 1.037929630 1.035325953 1.463643252 
39     1.059005426 1.063345557 1.064851811 0.940553204 0.858130703 0.729929859 0.729476698 0.739215466 0.822120851 0.767564256 0.847533099 0.789294593 0.802489679 0.772721435 0.786700332 0.764868135 0.780080508 0.787191801 0.780754321 0.777444508 0.773282603 0.794491958 0.780371996 0.779730498 0.731838173 0.753320708 0.782901040 0.752971266 0.810013194 0.768334904 0.722158301 0.910516045 0.885825451 0.493569130 0.516268692 0.236220009 0.238404006 0.148860162 0.000000000 0.152563634 0.145430496 0.263615557 0.516795539 0.503601440 0.727158293 0.682491382 0.727083489 0.903096038 1.043513381 1.040909704 1.469227003 
10     1.045520591 1.049860721 1.051366976 0.927068368 0.844645867 0.716445023 0.715991863 0.725730630 0.808636015 0.754079421 0.834048263 0.775809758 0.789004843 0.759236600 0.773215496 0.751373860 0.766586233 0.773697526 0.767260046 0.763950234 0.759788328 0.781007122 0.766887160 0.766245662 0.718353337 0.739835872 0.769416205 0.739486431 0.796528359 0.754850069 0.708673465 0.897031209 0.872340615 0.480612975 0.503346148 0.218057194 0.218643140 0.145483898 0.152563634 0.000000000 0.089766716 0.250720478 0.502653421 0.489459323 0.713673457 0.669177172 0.713786924 0.889611202 1.030028545 1.027424869 1.455742167 
33     1.044654595 1.048994726 1.050500980 0.926202373 0.843779872 0.715579028 0.715125868 0.724864635 0.807770020 0.753213425 0.833182268 0.774943762 0.788138848 0.758370604 0.772349501 0.750517304 0.765729677 0.772840970 0.766403490 0.763093677 0.758931772 0.780141127 0.766021165 0.765379667 0.717487342 0.738969877 0.768550209 0.738620435 0.795662363 0.753984074 0.707807470 0.896165214 0.871474620 0.478903301 0.501647460 0.217463529 0.219166100 0.139253832 0.145430496 0.089766716 0.000000000 0.251173096 0.502361380 0.489167281 0.712807462 0.668122906 0.712732658 0.888745207 1.029162550 1.026558873 1.454876172 
40     1.030090648 1.034430779 1.035937033 0.911638425 0.829215924 0.701001830 0.700548670 0.710287437 0.793182762 0.738496444 0.818422129 0.759944248 0.773243383 0.743694613 0.757673510 0.735841313 0.751053687 0.758164979 0.751727499 0.748417687 0.744255781 0.765489756 0.751347351 0.750705853 0.703144264 0.724626799 0.753798525 0.724528418 0.781244455 0.739566165 0.693447825 0.881805569 0.857114975 0.464978193 0.488506586 0.227582249 0.230120347 0.259555955 0.263615557 0.250720478 0.251173096 0.000000000 0.487181335 0.473977946 0.698293812 0.653178530 0.697765926 0.874453966 1.014636799 1.012033123 1.440264893 
23     0.985908224 0.990248355 0.991754609 0.867656865 0.785184487 0.656760838 0.656307678 0.666046445 0.749159115 0.694641061 0.774364078 0.716067788 0.729262873 0.699494630 0.713473526 0.691984814 0.707197187 0.714308480 0.707871000 0.704561187 0.700399282 0.721477572 0.706790917 0.706150220 0.659116228 0.680826334 0.710623397 0.680709945 0.737335863 0.695740692 0.649509414 0.837951080 0.813262182 0.464102818 0.490688251 0.473311134 0.473170173 0.510935359 0.516795539 0.502653421 0.502361380 0.487181335 0.000000000 0.179818911 0.651687008 0.608528495 0.653074618 0.830055803 0.970210244 0.967655299 1.395637989 
15     0.973173406 0.977513537 0.979019791 0.854922046 0.772449669 0.643925634 0.643472474 0.653211241 0.736323911 0.681805857 0.761528874 0.703213512 0.716408597 0.686640354 0.700619250 0.678953598 0.694183790 0.701298160 0.694857602 0.691547790 0.687388962 0.708696058 0.694090530 0.693449833 0.646422142 0.668125703 0.697922765 0.668009314 0.724635232 0.683040060 0.636808782 0.825250449 0.800561551 0.451671138 0.478336741 0.460188356 0.460047395 0.497741261 0.503601440 0.489459323 0.489167281 0.473977946 0.179818911 0.000000000 0.639095448 0.595794116 0.640340239 0.817320985 0.957475426 0.954920481 1.382903171 
7     1.034600768 1.038940898 1.040447153 0.916460114 0.833987737 0.705103727 0.704822442 0.714561209 0.797891380 0.743969858 0.823504102 0.763870215 0.777065300 0.747248689 0.761227586 0.739849979 0.755062352 0.762173645 0.755736164 0.752426352 0.748264446 0.768750950 0.755131646 0.754513149 0.704717425 0.726748063 0.756750329 0.727141874 0.783455083 0.741735209 0.695649566 0.883848578 0.859195214 0.682494540 0.705648626 0.685300856 0.684992727 0.721587633 0.727158293 0.713673457 0.712807462 0.698293812 0.651687008 0.639095448 0.000000000 0.664118281 0.708767147 0.878797396 1.019101774 1.016498097 1.440557006 
28     0.992131507 0.996471637 0.997977891 0.874046025 0.791523890 0.662781407 0.662328247 0.672067014 0.755401845 0.698672066 0.778222615 0.723428927 0.736640319 0.705806814 0.719785711 0.699451762 0.714605044 0.721716337 0.715278857 0.711969044 0.707807139 0.728717224 0.713703692 0.713085194 0.664269998 0.685746970 0.715795523 0.685518938 0.742613579 0.700861663 0.654972987 0.843379474 0.818726109 0.638310404 0.661521177 0.640561913 0.640253784 0.676761279 0.682491382 0.669177172 0.668122906 0.653178530 0.608528495 0.595794116 0.664118281 0.000000000 0.257089482 0.836171527 0.977985202 0.975381526 1.401162414 
37     1.036981646 1.041321777 1.042828031 0.918896164 0.836374030 0.707767804 0.707314643 0.717053410 0.800388241 0.743156137 0.823096630 0.767984718 0.781196109 0.751411560 0.765390456 0.744569741 0.759723023 0.766834316 0.760396836 0.757087023 0.752925118 0.773316614 0.758272675 0.757654178 0.709620253 0.731097225 0.761145778 0.731676948 0.788051732 0.746299817 0.700296736 0.888654109 0.864000744 0.682737775 0.705955733 0.685151844 0.684843715 0.721353386 0.727083489 0.713786924 0.712732658 0.697765926 0.653074618 0.640340239 0.708767147 0.257089482 0.000000000 0.880896973 1.022834268 1.020230591 1.446012554 
9     1.031552521 1.035892652 1.037398906 0.913720481 0.831125293 0.761472047 0.761059792 0.770711286 0.853591462 0.799583591 0.878476693 0.818594922 0.830975097 0.802025214 0.816005987 0.794221343 0.809433264 0.816544556 0.810107076 0.806797264 0.802635358 0.823392582 0.815726475 0.815300831 0.768013513 0.788500828 0.818868500 0.788464223 0.845038663 0.803102066 0.758853040 0.947089987 0.922483257 0.861012834 0.883308724 0.861218204 0.860910074 0.897512287 0.903096038 0.889611202 0.888745207 0.874453966 0.830055803 0.817320985 0.878797396 0.836171527 0.880896973 0.000000000 1.029728688 1.027223014 1.445410193 
31     1.145429634 1.150249996 1.151756250 1.023732256 0.943357899 0.907687875 0.907339164 0.916941891 1.000030097 0.947124398 1.026586302 0.966754981 0.979739313 0.950184879 0.961071655 0.942899215 0.958113669 0.965224961 0.958787481 0.955477669 0.951315763 0.971648553 0.966199279 0.965423621 0.915027769 0.935656384 0.966079886 0.935221216 0.992047851 0.950078234 0.904150530 1.092895355 1.068292780 1.001025889 1.023286999 1.001635547 1.001327418 1.037929630 1.043513381 1.030028545 1.029162550 1.014636799 0.970210244 0.957475426 1.019101774 0.977985202 1.022834268 1.029728688 0.000000000 0.185370885 1.555153627 
26     1.144790116 1.149130247 1.150636501 1.021791771 0.941417414 0.905132931 0.904784219 0.914386947 0.997475152 0.944569453 1.024031357 0.964200036 0.977184368 0.947629934 0.959084777 0.940344270 0.955558724 0.962670017 0.956232537 0.952922724 0.948760819 0.969093609 0.963592119 0.962816461 0.912376052 0.933004667 0.963428169 0.932569499 0.989424182 0.947454566 0.901107932 1.089562983 1.064960408 0.998470945 1.020732054 0.999031870 0.998723741 1.035325953 1.040909704 1.027424869 1.026558873 1.012033123 0.967655299 0.954920481 1.016498097 0.975381526 1.020230591 1.027223014 0.185370885 0.000000000 1.552733577 
0     1.493289761 1.497629892 1.499136146 1.373545252 1.290744494 1.331685725 1.331282537 1.340842299 1.423838728 1.370150809 1.449392384 1.390086230 1.402768580 1.373516128 1.387437405 1.365434097 1.381139494 1.388250787 1.381813307 1.378503494 1.374341588 1.395119837 1.387215022 1.386522619 1.335194518 1.355593613 1.386019776 1.356072878 1.412955740 1.371143317 1.325225125 1.513881794 1.489279219 1.425775268 1.447720864 1.427349169 1.427041040 1.463643252 1.469227003 1.455742167 1.454876172 1.440264893 1.395637989 1.382903171 1.440557006 1.401162414 1.446012554 1.445410193 1.555153627 1.552733577 0.000000000 
