51
1     0.000000000 0.000352300 0.000118580 0.000943610 0.001911890 0.003984580 0.003310120 0.003392410 0.003928240 0.003952190 0.003894900 0.003959500 0.005290170 0.003488510 0.003738980 0.003547490 0.003568560 0.002713290 0.003514300 0.003215460 0.003999780 0.004301250 0.003992900 0.003927850 0.003931810 0.002081930 0.001201100 0.001881320 0.002004870 0.002811250 0.002205970 0.002206630 0.003048430 0.002753590 0.002849660 0.003904590 0.003452720 0.003451690 0.002891650 0.002841210 0.003169960 0.002971250 0.002741660 0.002593030 0.001744640 0.001747590 0.004222150 0.004117730 0.004142240 0.001671710 0.002088110 
3     0.000352300 0.000000000 0.000034310 0.001929940 0.003157540 0.003885860 0.003211400 0.003293690 0.003829520 0.003853470 0.003796180 0.003860780 0.005191450 0.003389790 0.003640260 0.003448770 0.003469840 0.003298490 0.003415580 0.003116740 0.003901060 0.004202530 0.003894180 0.003829130 0.003833090 0.003278890 0.002484860 0.003165080 0.003281040 0.002712530 0.002719860 0.002790510 0.002949710 0.002654870 0.002750940 0.003805870 0.003354000 0.003352970 0.002792930 0.002742490 0.003071240 0.002872530 0.002642940 0.002494310 0.003028400 0.003031350 0.004123430 0.004019010 0.004043520 0.002955470 0.003371870 
2     0.000118580 0.000034310 0.000000000 0.000863650 0.001831930 0.004141700 0.003467240 0.003549530 0.004085360 0.004109310 0.004052020 0.004116620 0.005447290 0.003645630 0.003896100 0.003704610 0.003725680 0.002633330 0.003671420 0.003372580 0.004156900 0.004458370 0.004150020 0.004084970 0.004088930 0.002001970 0.001121140 0.001801360 0.001924910 0.002968370 0.002126010 0.002126670 0.003205550 0.002910710 0.003006780 0.004061710 0.003609840 0.003608810 0.003048770 0.002998330 0.003327080 0.003128370 0.002898780 0.002750150 0.001664680 0.001667630 0.004379270 0.004274850 0.004299360 0.001591750 0.002008150 
4     0.000943610 0.001929940 0.000863650 0.000000000 0.001590560 0.002318880 0.001644420 0.001726710 0.002262540 0.002286490 0.002229200 0.002293800 0.003624470 0.001822810 0.002073280 0.001881790 0.001902860 0.001731510 0.001848600 0.001549760 0.002334080 0.002635550 0.002327200 0.002262150 0.002266110 0.001711910 0.001221110 0.001692820 0.001714060 0.001145550 0.001152880 0.001223530 0.001382730 0.001087890 0.001183960 0.002238890 0.001787020 0.001785990 0.001225950 0.001175510 0.001504260 0.001305550 0.001075960 0.000927330 0.001764650 0.001767600 0.002556450 0.002452030 0.002476540 0.001672900 0.002108120 
21     0.001911890 0.003157540 0.001831930 0.001590560 0.000000000 0.002377500 0.001703040 0.001785330 0.002321160 0.002308680 0.002104150 0.002240790 0.003683090 0.001881430 0.002131900 0.002507570 0.002528640 0.002357290 0.002474380 0.002175540 0.002959860 0.003261330 0.002952980 0.002887930 0.002891890 0.001891980 0.000901630 0.001581850 0.001705400 0.001771390 0.001778720 0.001849370 0.002008570 0.002106110 0.002202180 0.003257110 0.002805240 0.002804210 0.002244170 0.000116150 0.002522480 0.002323770 0.001660760 0.001560290 0.001509370 0.001512320 0.003574670 0.003470250 0.003494760 0.001436440 0.001898160 
25     0.003984580 0.003885860 0.004141700 0.002318880 0.002377500 0.000000000 0.002027460 0.002109750 0.002645580 0.002669530 0.002612240 0.002676840 0.002137460 0.000870870 0.002416260 0.003235890 0.003256960 0.003085610 0.003202700 0.002903860 0.003688180 0.003989650 0.003681300 0.003616250 0.003620210 0.003066070 0.003250260 0.003046980 0.003068220 0.002499710 0.002507040 0.002577690 0.002736890 0.002834430 0.002930500 0.003985430 0.003533560 0.003532530 0.002972490 0.002922050 0.003250800 0.003052090 0.002822500 0.002673870 0.005053840 0.004831460 0.004302990 0.004198570 0.004223080 0.003419440 0.004605860 
46     0.003310120 0.003211400 0.003467240 0.001644420 0.001703040 0.002027460 0.000000000 0.000174640 0.000655350 0.000538870 0.000761490 0.000781290 0.002039010 0.000725260 0.001781860 0.002561430 0.002582500 0.002411150 0.002528240 0.002229400 0.003013720 0.003315190 0.003006840 0.002941790 0.002945750 0.002391610 0.002575800 0.002372520 0.002393760 0.001825250 0.001832580 0.001903230 0.002062430 0.002159970 0.002256040 0.003310970 0.002859100 0.002858070 0.002298030 0.002247590 0.002576340 0.002377630 0.002148040 0.001999410 0.004379380 0.004157000 0.003628530 0.003524110 0.003548620 0.002744980 0.003931400 
35     0.003392410 0.003293690 0.003549530 0.001726710 0.001785330 0.002109750 0.000174640 0.000000000 0.000620730 0.000603830 0.000683000 0.000631370 0.001618950 0.001342980 0.001390000 0.002643720 0.002664790 0.002493440 0.002610530 0.002311690 0.003096010 0.003397480 0.003089130 0.003024080 0.003028040 0.002473900 0.002658090 0.002454810 0.002476050 0.001907540 0.001914870 0.001985520 0.002144720 0.002242260 0.002338330 0.003393260 0.002941390 0.002940360 0.002380320 0.002329880 0.002658630 0.002459920 0.002230330 0.002081700 0.004461670 0.004239290 0.003710820 0.003606400 0.003630910 0.002827270 0.004013690 
18     0.003928240 0.003829520 0.004085360 0.002262540 0.002321160 0.002645580 0.000655350 0.000620730 0.000000000 0.000150150 0.000127090 0.000197500 0.002206650 0.001953990 0.001977700 0.003179550 0.003200620 0.003029270 0.003146360 0.002847520 0.003631840 0.003933310 0.003624960 0.003559910 0.003563870 0.003009730 0.003193920 0.002990640 0.003011880 0.002443370 0.002450700 0.002521350 0.002680550 0.002778090 0.002874160 0.003929090 0.003477220 0.003476190 0.002916150 0.002865710 0.003194460 0.002995750 0.002766160 0.002617530 0.004997500 0.004775120 0.004246650 0.004142230 0.004166740 0.003363100 0.004549520 
34     0.003952190 0.003853470 0.004109310 0.002286490 0.002308680 0.002669530 0.000538870 0.000603830 0.000150150 0.000000000 0.000001620 0.000084360 0.002529610 0.002173460 0.002300660 0.003203500 0.003224570 0.003053220 0.003170310 0.002871470 0.003655790 0.003957260 0.003648910 0.003583860 0.003587820 0.003033680 0.003217870 0.003014590 0.003035830 0.002467320 0.002474650 0.002545300 0.002704500 0.002802040 0.002898110 0.003953040 0.003501170 0.003500140 0.002940100 0.002889660 0.003218410 0.003019700 0.002790110 0.002641480 0.005021450 0.004799070 0.004270600 0.004166180 0.004190690 0.003387050 0.004573470 
20     0.003894900 0.003796180 0.004052020 0.002229200 0.002104150 0.002612240 0.000761490 0.000683000 0.000127090 0.000001620 0.000000000 0.000145360 0.002480330 0.002116170 0.002251380 0.003146210 0.003167280 0.002995930 0.003113020 0.002814180 0.003598500 0.003899970 0.003591620 0.003526570 0.003530530 0.002976390 0.003160580 0.002957300 0.002978540 0.002410030 0.002417360 0.002488010 0.002647210 0.002744750 0.002840820 0.003895750 0.003443880 0.003442850 0.002882810 0.002832370 0.003161120 0.002962410 0.002732820 0.002584190 0.004964160 0.004741780 0.004213310 0.004108890 0.004133400 0.003329760 0.004516180 
38     0.003959500 0.003860780 0.004116620 0.002293800 0.002240790 0.002676840 0.000781290 0.000631370 0.000197500 0.000084360 0.000145360 0.000000000 0.002773270 0.002180770 0.002431240 0.003210810 0.003231880 0.003060530 0.003177620 0.002878780 0.003663100 0.003964570 0.003656220 0.003591170 0.003595130 0.003040990 0.003225180 0.003021900 0.003043140 0.002474630 0.002481960 0.002552610 0.002711810 0.002809350 0.002905420 0.003960350 0.003508480 0.003507450 0.002947410 0.002896970 0.003225720 0.003027010 0.002797420 0.002648790 0.005028760 0.004806380 0.004277910 0.004173490 0.004198000 0.003394360 0.004580780 
23     0.005290170 0.005191450 0.005447290 0.003624470 0.003683090 0.002137460 0.002039010 0.001618950 0.002206650 0.002529610 0.002480330 0.002773270 0.000000000 0.000876180 0.001593650 0.004541480 0.004562550 0.004391200 0.004508290 0.004209450 0.004993770 0.005295240 0.004986890 0.004921840 0.004925800 0.004371660 0.004555850 0.004352570 0.004373810 0.003805300 0.003812630 0.003883280 0.004042480 0.004140020 0.004236090 0.005291020 0.004839150 0.004838120 0.004278080 0.004227640 0.004556390 0.004357680 0.004128090 0.003979460 0.006359430 0.006137050 0.005608580 0.005504160 0.005528670 0.004725030 0.005911450 
11     0.003488510 0.003389790 0.003645630 0.001822810 0.001881430 0.000870870 0.000725260 0.001342980 0.001953990 0.002173460 0.002116170 0.002180770 0.000876180 0.000000000 0.001340990 0.002739820 0.002760890 0.002589540 0.002706630 0.002407790 0.003192110 0.003493580 0.003185230 0.003120180 0.003124140 0.002570000 0.002754190 0.002550910 0.002572150 0.002003640 0.002010970 0.002081620 0.002240820 0.002338360 0.002434430 0.003489360 0.003037490 0.003036460 0.002476420 0.002425980 0.002754730 0.002556020 0.002326430 0.002177800 0.004557770 0.004335390 0.003806920 0.003702500 0.003727010 0.002923370 0.004109790 
16     0.003738980 0.003640260 0.003896100 0.002073280 0.002131900 0.002416260 0.001781860 0.001390000 0.001977700 0.002300660 0.002251380 0.002431240 0.001593650 0.001340990 0.000000000 0.002990290 0.003011360 0.002840010 0.002957100 0.002658260 0.003442580 0.003744050 0.003435700 0.003370650 0.003374610 0.002820470 0.003004660 0.002801380 0.002822620 0.002254110 0.002261440 0.002332090 0.002491290 0.002588830 0.002684900 0.003739830 0.003287960 0.003286930 0.002726890 0.002676450 0.003005200 0.002806490 0.002576900 0.002428270 0.004808240 0.004585860 0.004057390 0.003952970 0.003977480 0.003173840 0.004360260 
15     0.003547490 0.003448770 0.003704610 0.001881790 0.002507570 0.003235890 0.002561430 0.002643720 0.003179550 0.003203500 0.003146210 0.003210810 0.004541480 0.002739820 0.002990290 0.000000000 0.000185090 0.001327360 0.001444450 0.000270710 0.001940090 0.002241560 0.002012270 0.001895700 0.001951180 0.002628980 0.002813170 0.002609890 0.002631130 0.002062620 0.002069950 0.002140600 0.002299800 0.002397340 0.002493410 0.003548340 0.003096470 0.003095440 0.002535400 0.002484960 0.002813710 0.002615000 0.002385410 0.002236780 0.004616750 0.004394370 0.003865900 0.003761480 0.003785990 0.002982350 0.004168770 
28     0.003568560 0.003469840 0.003725680 0.001902860 0.002528640 0.003256960 0.002582500 0.002664790 0.003200620 0.003224570 0.003167280 0.003231880 0.004562550 0.002760890 0.003011360 0.000185090 0.000000000 0.001348430 0.001465520 0.001127200 0.001961160 0.002262630 0.001916480 0.001737390 0.001953910 0.002650050 0.002834240 0.002630960 0.002652200 0.002083690 0.002091020 0.002161670 0.002320870 0.002418410 0.002514480 0.003569410 0.003117540 0.003116510 0.002556470 0.002506030 0.002834780 0.002636070 0.002406480 0.002257850 0.004637820 0.004415440 0.003886970 0.003782550 0.003807060 0.003003420 0.004189840 
22     0.002713290 0.003298490 0.002633330 0.001731510 0.002357290 0.003085610 0.002411150 0.002493440 0.003029270 0.003053220 0.002995930 0.003060530 0.004391200 0.002589540 0.002840010 0.001327360 0.001348430 0.000000000 0.000591370 0.000995330 0.001789810 0.002091280 0.001861990 0.001796940 0.001800900 0.002478700 0.001767230 0.002447450 0.002480850 0.001912340 0.001919670 0.001990320 0.002149520 0.002247060 0.002343130 0.003398060 0.002946190 0.002945160 0.002385120 0.002334680 0.002663430 0.002464720 0.002235130 0.002086500 0.002310470 0.002313420 0.003715620 0.003611200 0.003635710 0.002237540 0.002699560 
49     0.003514300 0.003415580 0.003671420 0.001848600 0.002474380 0.003202700 0.002528240 0.002610530 0.003146360 0.003170310 0.003113020 0.003177620 0.004508290 0.002706630 0.002957100 0.001444450 0.001465520 0.000591370 0.000000000 0.001112420 0.001906900 0.002208370 0.001979080 0.001914030 0.001917990 0.002595790 0.002779980 0.002576700 0.002597940 0.002029430 0.002036760 0.002107410 0.002266610 0.002364150 0.002460220 0.003515150 0.003063280 0.003062250 0.002502210 0.002451770 0.002780520 0.002581810 0.002352220 0.002203590 0.004583560 0.004361180 0.003832710 0.003728290 0.003752800 0.002949160 0.004135580 
10     0.003215460 0.003116740 0.003372580 0.001549760 0.002175540 0.002903860 0.002229400 0.002311690 0.002847520 0.002871470 0.002814180 0.002878780 0.004209450 0.002407790 0.002658260 0.000270710 0.001127200 0.000995330 0.001112420 0.000000000 0.001347010 0.001022450 0.001680240 0.001615190 0.001619150 0.002296950 0.002481140 0.002277860 0.002299100 0.001730590 0.001737920 0.001808570 0.001967770 0.002065310 0.002161380 0.003216310 0.002764440 0.002763410 0.002203370 0.002152930 0.002481680 0.002282970 0.002053380 0.001904750 0.004284720 0.004062340 0.001802070 0.001795170 0.001781220 0.002650320 0.003836740 
14     0.003999780 0.003901060 0.004156900 0.002334080 0.002959860 0.003688180 0.003013720 0.003096010 0.003631840 0.003655790 0.003598500 0.003663100 0.004993770 0.003192110 0.003442580 0.001940090 0.001961160 0.001789810 0.001906900 0.001347010 0.000000000 0.000340360 0.001817260 0.002270430 0.002403470 0.003081270 0.003265460 0.003062180 0.003083420 0.002514910 0.002522240 0.002592890 0.002752090 0.002849630 0.002945700 0.004000630 0.003548760 0.003547730 0.002987690 0.002937250 0.003266000 0.003067290 0.002837700 0.002689070 0.005069040 0.004846660 0.000866470 0.000859570 0.000845620 0.003434640 0.004621060 
43     0.004301250 0.004202530 0.004458370 0.002635550 0.003261330 0.003989650 0.003315190 0.003397480 0.003933310 0.003957260 0.003899970 0.003964570 0.005295240 0.003493580 0.003744050 0.002241560 0.002262630 0.002091280 0.002208370 0.001022450 0.000340360 0.000000000 0.001659060 0.002112230 0.002704940 0.003382740 0.003566930 0.003363650 0.003384890 0.002816380 0.002823710 0.002894360 0.003053560 0.003151100 0.003247170 0.004302100 0.003850230 0.003849200 0.003289160 0.003238720 0.003567470 0.003368760 0.003139170 0.002990540 0.005039860 0.004972080 0.000708270 0.000701370 0.000687420 0.003736110 0.004259330 
29     0.003992900 0.003894180 0.004150020 0.002327200 0.002952980 0.003681300 0.003006840 0.003089130 0.003624960 0.003648910 0.003591620 0.003656220 0.004986890 0.003185230 0.003435700 0.002012270 0.001916480 0.001861990 0.001979080 0.001680240 0.001817260 0.001659060 0.000000000 0.000114930 0.000511520 0.003074390 0.003258580 0.003055300 0.003076540 0.002508030 0.002515360 0.002586010 0.002745210 0.001122690 0.002938820 0.003993750 0.003541880 0.003540850 0.002980810 0.002930370 0.003259120 0.003060410 0.002830820 0.002682190 0.005062160 0.004839780 0.001829690 0.001822790 0.001808840 0.003427760 0.004614180 
30     0.003927850 0.003829130 0.004084970 0.002262150 0.002887930 0.003616250 0.002941790 0.003024080 0.003559910 0.003583860 0.003526570 0.003591170 0.004921840 0.003120180 0.003370650 0.001895700 0.001737390 0.001796940 0.001914030 0.001615190 0.002270430 0.002112230 0.000114930 0.000000000 0.000382600 0.003009340 0.003193530 0.002990250 0.003011490 0.002442980 0.002450310 0.002520960 0.002680160 0.002777700 0.002873770 0.003928700 0.003476830 0.003475800 0.002915760 0.002865320 0.003194070 0.001306970 0.002765770 0.002617140 0.004997110 0.004774730 0.002282860 0.002275960 0.002262010 0.003362710 0.004549130 
41     0.003931810 0.003833090 0.004088930 0.002266110 0.002891890 0.003620210 0.002945750 0.003028040 0.003563870 0.003587820 0.003530530 0.003595130 0.004925800 0.003124140 0.003374610 0.001951180 0.001953910 0.001800900 0.001917990 0.001619150 0.002403470 0.002704940 0.000511520 0.000382600 0.000000000 0.003013300 0.003197490 0.002994210 0.003015450 0.002446940 0.002454270 0.002524920 0.002684120 0.000242780 0.002877730 0.003625680 0.003480790 0.003479760 0.002919720 0.002869280 0.003198030 0.002999320 0.002769730 0.002621100 0.005001070 0.004778690 0.002952350 0.002945450 0.002931500 0.003366670 0.004553090 
48     0.002081930 0.003278890 0.002001970 0.001711910 0.001891980 0.003066070 0.002391610 0.002473900 0.003009730 0.003033680 0.002976390 0.003040990 0.004371660 0.002570000 0.002820470 0.002628980 0.002650050 0.002478700 0.002595790 0.002296950 0.003081270 0.003382740 0.003074390 0.003009340 0.003013300 0.000000000 0.000947590 0.000744310 0.000765550 0.001657000 0.001664330 0.001734980 0.001894180 0.002227460 0.002323530 0.003378460 0.002926590 0.002925560 0.002365520 0.002315080 0.002643830 0.002445120 0.002215530 0.002066900 0.001724730 0.001727680 0.003696020 0.003591600 0.003616110 0.001651800 0.000064020 
8     0.001201100 0.002484860 0.001121140 0.001221110 0.000901630 0.003250260 0.002575800 0.002658090 0.003193920 0.003217870 0.003160580 0.003225180 0.004555850 0.002754190 0.003004660 0.002813170 0.002834240 0.001767230 0.002779980 0.002481140 0.003265460 0.003566930 0.003258580 0.003193530 0.003197490 0.000947590 0.000000000 0.000680560 0.000804110 0.001841190 0.001076610 0.001077270 0.002078370 0.002411650 0.002507720 0.003174140 0.003110780 0.003109750 0.002549710 0.002499270 0.002828020 0.002629310 0.002399720 0.002251090 0.000798580 0.000801530 0.003880210 0.003775790 0.003800300 0.000725650 0.001187370 
40     0.001881320 0.003165080 0.001801360 0.001692820 0.001581850 0.003046980 0.002372520 0.002454810 0.002990640 0.003014590 0.002957300 0.003021900 0.004352570 0.002550910 0.002801380 0.002609890 0.002630960 0.002447450 0.002576700 0.002277860 0.003062180 0.003363650 0.003055300 0.002990250 0.002994210 0.000744310 0.000680560 0.000000000 0.000194540 0.001637910 0.001645240 0.001715890 0.001875090 0.002208370 0.002304440 0.003359370 0.002907500 0.002906470 0.002346430 0.002295990 0.002624740 0.002426030 0.002196440 0.002047810 0.001478800 0.001481750 0.003676930 0.003572510 0.003597020 0.001405870 0.001867590 
19     0.002004870 0.003281040 0.001924910 0.001714060 0.001705400 0.003068220 0.002393760 0.002476050 0.003011880 0.003035830 0.002978540 0.003043140 0.004373810 0.002572150 0.002822620 0.002631130 0.002652200 0.002480850 0.002597940 0.002299100 0.003083420 0.003384890 0.003076540 0.003011490 0.003015450 0.000765550 0.000804110 0.000194540 0.000000000 0.001659150 0.001666480 0.001737130 0.001896330 0.002229610 0.002325680 0.003380610 0.002928740 0.002927710 0.002367670 0.002317230 0.002645980 0.002447270 0.002217680 0.002069050 0.001602350 0.001605300 0.003698170 0.003593750 0.003618260 0.001529420 0.001991140 
39     0.002811250 0.002712530 0.002968370 0.001145550 0.001771390 0.002499710 0.001825250 0.001907540 0.002443370 0.002467320 0.002410030 0.002474630 0.003805300 0.002003640 0.002254110 0.002062620 0.002083690 0.001912340 0.002029430 0.001730590 0.002514910 0.002816380 0.002508030 0.002442980 0.002446940 0.001657000 0.001841190 0.001637910 0.001659150 0.000000000 0.000143250 0.000040260 0.000295860 0.001661100 0.001757170 0.002812100 0.002360230 0.002359200 0.001799160 0.001748720 0.002077470 0.001878760 0.001649170 0.001500540 0.003534450 0.003537400 0.003129660 0.003025240 0.003049750 0.002246110 0.003432530 
5     0.002205970 0.002719860 0.002126010 0.001152880 0.001778720 0.002507040 0.001832580 0.001914870 0.002450700 0.002474650 0.002417360 0.002481960 0.003812630 0.002010970 0.002261440 0.002069950 0.002091020 0.001919670 0.002036760 0.001737920 0.002522240 0.002823710 0.002515360 0.002450310 0.002454270 0.001664330 0.001076610 0.001645240 0.001666480 0.000143250 0.000000000 0.000088840 0.000415150 0.001668430 0.001764500 0.002819430 0.002367560 0.002366530 0.001806490 0.001756050 0.002084800 0.001886090 0.001656500 0.001507870 0.001803450 0.001806400 0.003136990 0.003032570 0.003057080 0.001730520 0.002192240 
17     0.002206630 0.002790510 0.002126670 0.001223530 0.001849370 0.002577690 0.001903230 0.001985520 0.002521350 0.002545300 0.002488010 0.002552610 0.003883280 0.002081620 0.002332090 0.002140600 0.002161670 0.001990320 0.002107410 0.001808570 0.002592890 0.002894360 0.002586010 0.002520960 0.002524920 0.001734980 0.001077270 0.001715890 0.001737130 0.000040260 0.000088840 0.000000000 0.000338990 0.001739080 0.001835150 0.002890080 0.002438210 0.002437180 0.001877140 0.001826700 0.002155450 0.001956740 0.001727150 0.001578520 0.001804110 0.001807060 0.003207640 0.003103220 0.003127730 0.001731180 0.002192900 
13     0.003048430 0.002949710 0.003205550 0.001382730 0.002008570 0.002736890 0.002062430 0.002144720 0.002680550 0.002704500 0.002647210 0.002711810 0.004042480 0.002240820 0.002491290 0.002299800 0.002320870 0.002149520 0.002266610 0.001967770 0.002752090 0.003053560 0.002745210 0.002680160 0.002684120 0.001894180 0.002078370 0.001875090 0.001896330 0.000295860 0.000415150 0.000338990 0.000000000 0.001898280 0.001994350 0.003049280 0.002597410 0.002596380 0.002036340 0.001985900 0.002314650 0.002115940 0.001886350 0.001737720 0.003260290 0.003263240 0.003366840 0.003262420 0.003286930 0.002483290 0.003649080 
42     0.002753590 0.002654870 0.002910710 0.001087890 0.002106110 0.002834430 0.002159970 0.002242260 0.002778090 0.002802040 0.002744750 0.002809350 0.004140020 0.002338360 0.002588830 0.002397340 0.002418410 0.002247060 0.002364150 0.002065310 0.002849630 0.003151100 0.001122690 0.002777700 0.000242780 0.002227460 0.002411650 0.002208370 0.002229610 0.001661100 0.001668430 0.001739080 0.001898280 0.000000000 0.000043700 0.000096060 0.001669960 0.001701060 0.000429980 0.000717650 0.000787560 0.000748540 0.000901090 0.000752460 0.003501570 0.003279190 0.002750720 0.002646300 0.002670810 0.001867170 0.003327510 
9     0.002849660 0.002750940 0.003006780 0.001183960 0.002202180 0.002930500 0.002256040 0.002338330 0.002874160 0.002898110 0.002840820 0.002905420 0.004236090 0.002434430 0.002684900 0.002493410 0.002514480 0.002343130 0.002460220 0.002161380 0.002945700 0.003247170 0.002938820 0.002873770 0.002877730 0.002323530 0.002507720 0.002304440 0.002325680 0.001757170 0.001764500 0.001835150 0.001994350 0.000043700 0.000000000 0.000014710 0.001798160 0.001797130 0.000526050 0.000636300 0.000706210 0.000627010 0.000997160 0.000848530 0.003597640 0.003375260 0.002846790 0.002742370 0.002766880 0.001963240 0.003423580 
32     0.003904590 0.003805870 0.004061710 0.002238890 0.003257110 0.003985430 0.003310970 0.003393260 0.003929090 0.003953040 0.003895750 0.003960350 0.005291020 0.003489360 0.003739830 0.003548340 0.003569410 0.003398060 0.003515150 0.003216310 0.004000630 0.004302100 0.003993750 0.003928700 0.003625680 0.003378460 0.003174140 0.003359370 0.003380610 0.002812100 0.002819430 0.002890080 0.003049280 0.000096060 0.000014710 0.000000000 0.001389450 0.001388420 0.001847300 0.000637670 0.000707580 0.000668560 0.002025960 0.001993400 0.003937200 0.003940150 0.003901720 0.003797300 0.003821810 0.003018170 0.004325990 
33     0.003452720 0.003354000 0.003609840 0.001787020 0.002805240 0.003533560 0.002859100 0.002941390 0.003477220 0.003501170 0.003443880 0.003508480 0.004839150 0.003037490 0.003287960 0.003096470 0.003117540 0.002946190 0.003063280 0.002764440 0.003548760 0.003850230 0.003541880 0.003476830 0.003480790 0.002926590 0.003110780 0.002907500 0.002928740 0.002360230 0.002367560 0.002438210 0.002597410 0.001669960 0.001798160 0.001389450 0.000000000 0.000212840 0.000602770 0.001789710 0.001825040 0.001790540 0.001690160 0.001541530 0.004200700 0.003978320 0.003449850 0.003345430 0.003369940 0.002566300 0.004026640 
44     0.003451690 0.003352970 0.003608810 0.001785990 0.002804210 0.003532530 0.002858070 0.002940360 0.003476190 0.003500140 0.003442850 0.003507450 0.004838120 0.003036460 0.003286930 0.003095440 0.003116510 0.002945160 0.003062250 0.002763410 0.003547730 0.003849200 0.003540850 0.003475800 0.003479760 0.002925560 0.003109750 0.002906470 0.002927710 0.002359200 0.002366530 0.002437180 0.002596380 0.001701060 0.001797130 0.001388420 0.000212840 0.000000000 0.001146440 0.001788680 0.001655760 0.001621260 0.001689130 0.001540500 0.004199670 0.003977290 0.002989120 0.003344400 0.003368910 0.002565270 0.004025610 
24     0.002891650 0.002792930 0.003048770 0.001225950 0.002244170 0.002972490 0.002298030 0.002380320 0.002916150 0.002940100 0.002882810 0.002947410 0.004278080 0.002476420 0.002726890 0.002535400 0.002556470 0.002385120 0.002502210 0.002203370 0.002987690 0.003289160 0.002980810 0.002915760 0.002919720 0.002365520 0.002549710 0.002346430 0.002367670 0.001799160 0.001806490 0.001877140 0.002036340 0.000429980 0.000526050 0.001847300 0.000602770 0.001146440 0.000000000 0.001138700 0.001467450 0.001268740 0.001039150 0.000890520 0.003639630 0.003417250 0.002888780 0.002784360 0.002808870 0.002005230 0.003465570 
45     0.002841210 0.002742490 0.002998330 0.001175510 0.000116150 0.002922050 0.002247590 0.002329880 0.002865710 0.002889660 0.002832370 0.002896970 0.004227640 0.002425980 0.002676450 0.002484960 0.002506030 0.002334680 0.002451770 0.002152930 0.002937250 0.003238720 0.002930370 0.002865320 0.002869280 0.002315080 0.002499270 0.002295990 0.002317230 0.001748720 0.001756050 0.001826700 0.001985900 0.000717650 0.000636300 0.000637670 0.001789710 0.001788680 0.001138700 0.000000000 0.000622430 0.000583410 0.000861070 0.000712440 0.003589190 0.003366810 0.002838340 0.002733920 0.002758430 0.001954790 0.003415130 
7     0.003169960 0.003071240 0.003327080 0.001504260 0.002522480 0.003250800 0.002576340 0.002658630 0.003194460 0.003218410 0.003161120 0.003225720 0.004556390 0.002754730 0.003005200 0.002813710 0.002834780 0.002663430 0.002780520 0.002481680 0.003266000 0.003567470 0.003259120 0.003194070 0.003198030 0.002643830 0.002828020 0.002624740 0.002645980 0.002077470 0.002084800 0.002155450 0.002314650 0.000787560 0.000706210 0.000707580 0.001825040 0.001655760 0.001467450 0.000622430 0.000000000 0.000059340 0.001148240 0.000999610 0.003917940 0.003695560 0.003167090 0.003062670 0.003087180 0.002283540 0.003743880 
31     0.002971250 0.002872530 0.003128370 0.001305550 0.002323770 0.003052090 0.002377630 0.002459920 0.002995750 0.003019700 0.002962410 0.003027010 0.004357680 0.002556020 0.002806490 0.002615000 0.002636070 0.002464720 0.002581810 0.002282970 0.003067290 0.003368760 0.003060410 0.001306970 0.002999320 0.002445120 0.002629310 0.002426030 0.002447270 0.001878760 0.001886090 0.001956740 0.002115940 0.000748540 0.000627010 0.000668560 0.001790540 0.001621260 0.001268740 0.000583410 0.000059340 0.000000000 0.000949530 0.000800900 0.003719230 0.003496850 0.002968380 0.002863960 0.002888470 0.002084830 0.003545170 
27     0.002741660 0.002642940 0.002898780 0.001075960 0.001660760 0.002822500 0.002148040 0.002230330 0.002766160 0.002790110 0.002732820 0.002797420 0.004128090 0.002326430 0.002576900 0.002385410 0.002406480 0.002235130 0.002352220 0.002053380 0.002837700 0.003139170 0.002830820 0.002765770 0.002769730 0.002215530 0.002399720 0.002196440 0.002217680 0.001649170 0.001656500 0.001727150 0.001886350 0.000901090 0.000997160 0.002025960 0.001690160 0.001689130 0.001039150 0.000861070 0.001148240 0.000949530 0.000000000 0.000396050 0.003489640 0.003267260 0.002738790 0.002634370 0.002658880 0.001855240 0.003315580 
12     0.002593030 0.002494310 0.002750150 0.000927330 0.001560290 0.002673870 0.001999410 0.002081700 0.002617530 0.002641480 0.002584190 0.002648790 0.003979460 0.002177800 0.002428270 0.002236780 0.002257850 0.002086500 0.002203590 0.001904750 0.002689070 0.002990540 0.002682190 0.002617140 0.002621100 0.002066900 0.002251090 0.002047810 0.002069050 0.001500540 0.001507870 0.001578520 0.001737720 0.000752460 0.000848530 0.001993400 0.001541530 0.001540500 0.000890520 0.000712440 0.000999610 0.000800900 0.000396050 0.000000000 0.003341010 0.003118630 0.002590160 0.002485740 0.002510250 0.001706610 0.003166950 
47     0.001744640 0.003028400 0.001664680 0.001764650 0.001509370 0.005053840 0.004379380 0.004461670 0.004997500 0.005021450 0.004964160 0.005028760 0.006359430 0.004557770 0.004808240 0.004616750 0.004637820 0.002310470 0.004583560 0.004284720 0.005069040 0.005039860 0.005062160 0.004997110 0.005001070 0.001724730 0.000798580 0.001478800 0.001602350 0.003534450 0.001803450 0.001804110 0.003260290 0.003501570 0.003597640 0.003937200 0.004200700 0.004199670 0.003639630 0.003589190 0.003917940 0.003719230 0.003489640 0.003341010 0.000000000 0.000003050 0.003799510 0.003403610 0.003225980 0.000072970 0.001730910 
6     0.001747590 0.003031350 0.001667630 0.001767600 0.001512320 0.004831460 0.004157000 0.004239290 0.004775120 0.004799070 0.004741780 0.004806380 0.006137050 0.004335390 0.004585860 0.004394370 0.004415440 0.002313420 0.004361180 0.004062340 0.004846660 0.004972080 0.004839780 0.004774730 0.004778690 0.001727680 0.000801530 0.001481750 0.001605300 0.003537400 0.001806400 0.001807060 0.003263240 0.003279190 0.003375260 0.003940150 0.003978320 0.003977290 0.003417250 0.003366810 0.003695560 0.003496850 0.003267260 0.003118630 0.000003050 0.000000000 0.003259840 0.003306010 0.003497220 0.000075920 0.001733860 
37     0.004222150 0.004123430 0.004379270 0.002556450 0.003574670 0.004302990 0.003628530 0.003710820 0.004246650 0.004270600 0.004213310 0.004277910 0.005608580 0.003806920 0.004057390 0.003865900 0.003886970 0.003715620 0.003832710 0.001802070 0.000866470 0.000708270 0.001829690 0.002282860 0.002952350 0.003696020 0.003880210 0.003676930 0.003698170 0.003129660 0.003136990 0.003207640 0.003366840 0.002750720 0.002846790 0.003901720 0.003449850 0.002989120 0.002888780 0.002838340 0.003167090 0.002968380 0.002738790 0.002590160 0.003799510 0.003259840 0.000000000 0.000201140 0.000024190 0.002232690 0.004796070 
36     0.004117730 0.004019010 0.004274850 0.002452030 0.003470250 0.004198570 0.003524110 0.003606400 0.004142230 0.004166180 0.004108890 0.004173490 0.005504160 0.003702500 0.003952970 0.003761480 0.003782550 0.003611200 0.003728290 0.001795170 0.000859570 0.000701370 0.001822790 0.002275960 0.002945450 0.003591600 0.003775790 0.003572510 0.003593750 0.003025240 0.003032570 0.003103220 0.003262420 0.002646300 0.002742370 0.003797300 0.003345430 0.003344400 0.002784360 0.002733920 0.003062670 0.002863960 0.002634370 0.002485740 0.003403610 0.003306010 0.000201140 0.000000000 0.000045390 0.002128270 0.004691650 
26     0.004142240 0.004043520 0.004299360 0.002476540 0.003494760 0.004223080 0.003548620 0.003630910 0.004166740 0.004190690 0.004133400 0.004198000 0.005528670 0.003727010 0.003977480 0.003785990 0.003807060 0.003635710 0.003752800 0.001781220 0.000845620 0.000687420 0.001808840 0.002262010 0.002931500 0.003616110 0.003800300 0.003597020 0.003618260 0.003049750 0.003057080 0.003127730 0.003286930 0.002670810 0.002766880 0.003821810 0.003369940 0.003368910 0.002808870 0.002758430 0.003087180 0.002888470 0.002658880 0.002510250 0.003225980 0.003497220 0.000024190 0.000045390 0.000000000 0.001774660 0.004716160 
50     0.001671710 0.002955470 0.001591750 0.001672900 0.001436440 0.003419440 0.002744980 0.002827270 0.003363100 0.003387050 0.003329760 0.003394360 0.004725030 0.002923370 0.003173840 0.002982350 0.003003420 0.002237540 0.002949160 0.002650320 0.003434640 0.003736110 0.003427760 0.003362710 0.003366670 0.001651800 0.000725650 0.001405870 0.001529420 0.002246110 0.001730520 0.001731180 0.002483290 0.001867170 0.001963240 0.003018170 0.002566300 0.002565270 0.002005230 0.001954790 0.002283540 0.002084830 0.001855240 0.001706610 0.000072970 0.000075920 0.002232690 0.002128270 0.001774660 0.000000000 0.001657980 
0     0.002088110 0.003371870 0.002008150 0.002108120 0.001898160 0.004605860 0.003931400 0.004013690 0.004549520 0.004573470 0.004516180 0.004580780 0.005911450 0.004109790 0.004360260 0.004168770 0.004189840 0.002699560 0.004135580 0.003836740 0.004621060 0.004259330 0.004614180 0.004549130 0.004553090 0.000064020 0.001187370 0.001867590 0.001991140 0.003432530 0.002192240 0.002192900 0.003649080 0.003327510 0.003423580 0.004325990 0.004026640 0.004025610 0.003465570 0.003415130 0.003743880 0.003545170 0.003315580 0.003166950 0.001730910 0.001733860 0.004796070 0.004691650 0.004716160 0.001657980 0.000000000 
