51
29     0.000000000 0.008659463 0.008004288 0.007086882 0.005391158 0.007182313 0.007053350 0.006774125 0.007632459 0.007757959 0.007607348 0.009739344 0.009434236 0.009540399 0.009133350 0.009232251 0.009017981 0.010157584 0.012784724 0.012805292 0.011614067 0.009041902 0.008238031 0.008287219 0.009082817 0.008815804 0.008655252 0.011699212 0.011057110 0.010452433 0.010947524 0.011089916 0.010956965 0.009030852 0.009935057 0.010232248 0.010508980 0.012123295 0.016398012 0.015221381 0.015208545 0.013057004 0.012939692 0.012511751 0.012885034 0.013042478 0.012491881 0.013503517 0.012017034 0.012430092 0.014985630 
14     0.008659463 0.000000000 0.008166846 0.007289923 0.006449376 0.008280541 0.008184001 0.007975985 0.009274975 0.009400474 0.009249864 0.011381859 0.011068119 0.011174282 0.010767925 0.010866826 0.010652555 0.011793608 0.014420748 0.014441315 0.013250192 0.010670235 0.009868472 0.009917660 0.010713258 0.010446245 0.010285693 0.013338706 0.012696604 0.012092487 0.012590718 0.012733110 0.012600159 0.010680785 0.011581396 0.011878674 0.012155406 0.013790298 0.018068476 0.016891478 0.016878642 0.014727101 0.014609790 0.014181848 0.014555132 0.014712962 0.014162364 0.015174000 0.013690789 0.014098449 0.016636525 
24     0.008004288 0.008166846 0.000000000 0.004548781 0.005811427 0.007638956 0.007491482 0.007308809 0.008630476 0.008755975 0.008605365 0.010737360 0.010420032 0.010526195 0.010119837 0.010218738 0.010004467 0.011140505 0.013767230 0.013787798 0.012603142 0.010022994 0.009221231 0.009270419 0.010066017 0.009799004 0.009638452 0.012691303 0.012049201 0.011450578 0.011938777 0.012081168 0.011948217 0.010016604 0.010916737 0.011214493 0.011491225 0.013098597 0.017365523 0.016188229 0.016175393 0.014022487 0.013905331 0.013477389 0.013850673 0.014008207 0.013457609 0.014469245 0.012984378 0.013391197 0.015976612 
7     0.007086882 0.007289923 0.004548781 0.000000000 0.004905647 0.006733176 0.006597423 0.006405580 0.007718370 0.007843869 0.007693259 0.009825254 0.009508349 0.009614136 0.009208155 0.009307056 0.009092785 0.010228445 0.012855171 0.012875738 0.011689335 0.009096827 0.008294707 0.008343896 0.009139442 0.008872476 0.008711923 0.011777496 0.011135394 0.010534643 0.011025728 0.011168120 0.011035169 0.009113502 0.010014418 0.010312277 0.010589009 0.012208488 0.016476705 0.015299707 0.015286871 0.013133669 0.013016513 0.012588571 0.012961855 0.013119685 0.012569087 0.013580723 0.012096344 0.012503977 0.015069726 
23     0.005391158 0.006449376 0.005811427 0.004905647 0.000000000 0.002542117 0.004048975 0.003838187 0.006041792 0.006167291 0.006016681 0.008148676 0.007829241 0.007935405 0.007528356 0.007627257 0.007413680 0.008543094 0.011170234 0.011190801 0.010010966 0.007432309 0.006629225 0.006678413 0.007474012 0.007206999 0.007046447 0.010098959 0.009456856 0.008858379 0.009356002 0.009498393 0.009365442 0.007430471 0.008334893 0.008631867 0.008908599 0.010537042 0.014815220 0.013638222 0.013625386 0.011473337 0.011356533 0.010928591 0.011301875 0.011459706 0.010909108 0.011920744 0.010436330 0.010845192 0.013385870 
25     0.007182313 0.008280541 0.007638956 0.006733176 0.002542117 0.000000000 0.005863904 0.005652553 0.007849761 0.007975260 0.007824650 0.009956645 0.009637268 0.009743432 0.009336383 0.009435284 0.009221707 0.010351063 0.012978203 0.012998771 0.011818935 0.009240278 0.008437195 0.008486383 0.009281981 0.009014968 0.008854416 0.011906928 0.011264826 0.010666406 0.011164028 0.011306420 0.011173469 0.009238352 0.010142774 0.010439749 0.010716481 0.012330626 0.016606650 0.015429652 0.015416816 0.013264285 0.013147964 0.012720022 0.013093306 0.013249302 0.012698705 0.013710341 0.012229914 0.012638776 0.015193752 
26     0.007053350 0.008184001 0.007491482 0.006597423 0.004048975 0.005863904 0.000000000 0.004984851 0.007761546 0.007887045 0.007736435 0.009868430 0.009551453 0.009657617 0.009250568 0.009349469 0.009135198 0.010263190 0.012890330 0.012910897 0.011731598 0.009151430 0.008349667 0.008398855 0.009194454 0.008927441 0.008766888 0.011820440 0.011178338 0.010588691 0.011078485 0.011220877 0.011087926 0.009158186 0.010062608 0.010359582 0.010636314 0.012260904 0.016539081 0.015362084 0.015349247 0.013194580 0.013080395 0.012652453 0.013025737 0.013183567 0.012632970 0.013644606 0.012160192 0.012569054 0.015110508 
13     0.006774125 0.007975985 0.007308809 0.006405580 0.003838187 0.005652553 0.004984851 0.000000000 0.007526224 0.007651724 0.007501113 0.009633109 0.009314999 0.009421162 0.009014113 0.009113014 0.008898743 0.010034931 0.012662071 0.012682638 0.011500154 0.008923421 0.008120338 0.008169526 0.008965124 0.008698111 0.008537559 0.011590569 0.010948467 0.010338876 0.010837027 0.010979419 0.010846468 0.008914212 0.009818635 0.010115609 0.010392341 0.012020783 0.016298961 0.015121963 0.015109127 0.012956596 0.012840275 0.012412333 0.012785617 0.012943447 0.012392849 0.013404485 0.011920072 0.012328934 0.014868842 
31     0.007632459 0.009274975 0.008630476 0.007718370 0.006041792 0.007849761 0.007761546 0.007526224 0.000000000 0.000611230 0.000488056 0.002803207 0.004818110 0.004922276 0.004553122 0.004652023 0.004406807 0.005463750 0.008099041 0.008119736 0.007148802 0.004549566 0.003732630 0.003781818 0.004577416 0.004311114 0.004150562 0.007278006 0.006637522 0.006804112 0.007286486 0.007428878 0.007293658 0.005413901 0.006329596 0.006622815 0.006899547 0.008538654 0.012817342 0.011640489 0.011627653 0.009481563 0.009358801 0.008930859 0.009304143 0.009462727 0.008912129 0.009923765 0.008443203 0.008846160 0.011365644 
2     0.007757959 0.009400474 0.008755975 0.007843869 0.006167291 0.007975260 0.007887045 0.007651724 0.000611230 0.000000000 0.000612147 0.002922874 0.004943609 0.005047776 0.004678621 0.004777522 0.004532306 0.005589176 0.008224541 0.008245235 0.007274301 0.004675066 0.003858129 0.003907317 0.004702915 0.004436613 0.004276061 0.007403506 0.006763021 0.006929611 0.007411985 0.007554377 0.007419157 0.005539400 0.006455095 0.006748315 0.007025047 0.008664153 0.012942842 0.011765989 0.011753152 0.009607062 0.009484300 0.009056358 0.009429642 0.009588226 0.009037628 0.010049264 0.008568703 0.008971659 0.011491143 
12     0.007607348 0.009249864 0.008605365 0.007693259 0.006016681 0.007824650 0.007736435 0.007501113 0.000488056 0.000612147 0.000000000 0.002728664 0.004754533 0.004858700 0.004489545 0.004588446 0.004343230 0.005400173 0.008035465 0.008056159 0.007086904 0.004487668 0.003670732 0.003719920 0.004515518 0.004249216 0.004088663 0.007216108 0.006575624 0.006752197 0.007234571 0.007376962 0.007241742 0.005376681 0.006292376 0.006585595 0.006862327 0.008501434 0.012780122 0.011603269 0.011590433 0.009444343 0.009321581 0.008893639 0.009266923 0.009425506 0.008874909 0.009886545 0.008405983 0.008808940 0.011321939 
11     0.009739344 0.011381859 0.010737360 0.009825254 0.008148676 0.009956645 0.009868430 0.009633109 0.002803207 0.002922874 0.002728664 0.000000000 0.006887506 0.006991673 0.006622518 0.006721419 0.006476204 0.007533192 0.010168438 0.010189132 0.009218462 0.006619226 0.005802290 0.005851478 0.006647076 0.006380774 0.006220222 0.009347666 0.008707182 0.008885475 0.009367849 0.009510240 0.009375020 0.007509654 0.008425349 0.008718569 0.008995300 0.010634407 0.014913096 0.013736242 0.013723406 0.011577316 0.011454554 0.011026612 0.011399896 0.011558480 0.011007882 0.012019518 0.010538956 0.010941913 0.013454913 
30     0.009434236 0.011068119 0.010420032 0.009508349 0.007829241 0.009637268 0.009551453 0.009314999 0.004818110 0.004943609 0.004754533 0.006887506 0.000000000 0.002945985 0.003215964 0.003314889 0.003075318 0.006257560 0.008898756 0.008917605 0.008988914 0.006403991 0.005566363 0.005615551 0.006411149 0.006144778 0.005984226 0.009146506 0.008504202 0.008614380 0.009076907 0.009219299 0.009084079 0.007226439 0.008141538 0.008435586 0.008712318 0.010323965 0.014602654 0.013425800 0.013412964 0.011265257 0.011144112 0.010716170 0.011089454 0.011248021 0.010697424 0.011709060 0.010228126 0.010631760 0.013148439 
32     0.009540399 0.011174282 0.010526195 0.009614136 0.007935405 0.009743432 0.009657617 0.009421162 0.004922276 0.005047776 0.004858700 0.006991673 0.002945985 0.000000000 0.003339926 0.003438851 0.003189359 0.006358746 0.009000024 0.009018873 0.009112929 0.006523358 0.005687643 0.005736831 0.006532430 0.006266058 0.006105506 0.009242073 0.008599769 0.008726032 0.009194151 0.009336543 0.009201323 0.007334856 0.008249955 0.008544003 0.008820734 0.010427168 0.014704710 0.013527581 0.013514744 0.011367037 0.011245892 0.010817950 0.011191234 0.011349802 0.010799204 0.011810840 0.010329613 0.010733214 0.013260458 
9     0.009133350 0.010767925 0.010119837 0.009208155 0.007528356 0.009336383 0.009250568 0.009014113 0.004553122 0.004678621 0.004489545 0.006622518 0.003215964 0.003339926 0.000000000 0.000689300 0.002496570 0.005999751 0.008641851 0.008659877 0.008697439 0.006104269 0.005270654 0.005319842 0.006115440 0.005849069 0.005688517 0.008844947 0.008202643 0.008323946 0.008782341 0.008924733 0.008789513 0.006922022 0.007835681 0.008129729 0.008406461 0.010019110 0.014293978 0.013120945 0.013108109 0.010960402 0.010839257 0.010411315 0.010784599 0.010942348 0.010391750 0.011403386 0.009923271 0.010326904 0.012803130 
33     0.009232251 0.010866826 0.010218738 0.009307056 0.007627257 0.009435284 0.009349469 0.009113014 0.004652023 0.004777522 0.004588446 0.006721419 0.003314889 0.003438851 0.000689300 0.000000000 0.002593210 0.006097665 0.008739766 0.008757792 0.008796340 0.006203170 0.005369555 0.005418743 0.006214341 0.005947970 0.005787418 0.008943848 0.008301544 0.008422847 0.008881242 0.009023634 0.008888414 0.007020923 0.007934582 0.008228630 0.008505362 0.010118011 0.014392879 0.013219846 0.013207010 0.011059303 0.010938158 0.010510216 0.010883500 0.011041249 0.010490651 0.011502287 0.010022172 0.010425805 0.012902031 
3     0.009017981 0.010652555 0.010004467 0.009092785 0.007413680 0.009221707 0.009135198 0.008898743 0.004406807 0.004532306 0.004343230 0.006476204 0.003075318 0.003189359 0.002496570 0.002593210 0.000000000 0.005857045 0.008498832 0.008516858 0.008589692 0.006001602 0.005165936 0.005215124 0.006010722 0.005744351 0.005583798 0.008720248 0.008077945 0.008221307 0.008668941 0.008811333 0.008676113 0.006818423 0.007733521 0.008027569 0.008304301 0.009915133 0.014189772 0.013016969 0.013004132 0.010856425 0.010735280 0.010307338 0.010680622 0.010838371 0.010287773 0.011299409 0.009819295 0.010222928 0.012713811 
1     0.010157584 0.011793608 0.011140505 0.010228445 0.008543094 0.010351063 0.010263190 0.010034931 0.005463750 0.005589176 0.005400173 0.007533192 0.006257560 0.006358746 0.005999751 0.006097665 0.005857045 0.000000000 0.006929658 0.006937416 0.009720943 0.007141203 0.006338555 0.006387744 0.007183342 0.006916970 0.006756418 0.009846054 0.009205132 0.009351880 0.009817305 0.009959696 0.009824476 0.007943109 0.008858655 0.009152703 0.009429435 0.011054050 0.015330132 0.014153279 0.014140443 0.011992735 0.011871590 0.011443648 0.011816932 0.011973495 0.011422897 0.012434533 0.010951553 0.011359810 0.013860810 
22     0.012784724 0.014420748 0.013767230 0.012855171 0.011170234 0.012978203 0.012890330 0.012662071 0.008099041 0.008224541 0.008035465 0.010168438 0.008898756 0.009000024 0.008641851 0.008739766 0.008498832 0.006929658 0.000000000 0.003081593 0.012353721 0.009773982 0.008971334 0.009020523 0.009816121 0.009549749 0.009389197 0.012480144 0.011839222 0.011985524 0.012448019 0.012590411 0.012455191 0.010574979 0.011490524 0.011784572 0.012061304 0.013693537 0.017972225 0.016795372 0.016782536 0.014634829 0.014513684 0.014085742 0.014459026 0.014616468 0.014065870 0.015077506 0.013590193 0.014001331 0.016491584 
15     0.012805292 0.014441315 0.013787798 0.012875738 0.011190801 0.012998771 0.012910897 0.012682638 0.008119736 0.008245235 0.008056159 0.010189132 0.008917605 0.009018873 0.008659877 0.008757792 0.008516858 0.006937416 0.003081593 0.000000000 0.012374355 0.009794616 0.008991968 0.009041157 0.009836755 0.009570383 0.009409831 0.012500778 0.011859856 0.012006098 0.012468593 0.012610985 0.012475765 0.010595553 0.011511098 0.011805146 0.012081878 0.013714111 0.017992799 0.016815946 0.016803110 0.014655402 0.014534258 0.014106316 0.014479600 0.014637042 0.014086444 0.015098080 0.013610767 0.014021905 0.016512158 
8     0.011614067 0.013250192 0.012603142 0.011689335 0.010010966 0.011818935 0.011731598 0.011500154 0.007148802 0.007274301 0.007086904 0.009218462 0.008988914 0.009112929 0.008697439 0.008796340 0.008589692 0.009720943 0.012353721 0.012374355 0.000000000 0.007393102 0.006559146 0.006608334 0.007403979 0.007136839 0.006976347 0.010233452 0.009590550 0.010795911 0.011222759 0.011365150 0.011230115 0.009363263 0.010284206 0.010577425 0.010854157 0.012466636 0.016742250 0.015565397 0.015552560 0.013404853 0.013283708 0.012855766 0.013229050 0.013387618 0.012837020 0.013848656 0.012368261 0.012771193 0.015310756 
20     0.009041902 0.010670235 0.010022994 0.009096827 0.007432309 0.009240278 0.009151430 0.008923421 0.004549566 0.004675066 0.004487668 0.006619226 0.006403991 0.006523358 0.006104269 0.006203170 0.006001602 0.007141203 0.009773982 0.009794616 0.007393102 0.000000000 0.003247504 0.003299761 0.004093397 0.003813615 0.003650976 0.007628658 0.006985747 0.008227712 0.008652617 0.008795009 0.008659974 0.006772230 0.007693173 0.007986393 0.008263125 0.009869471 0.014149337 0.012972484 0.012959647 0.010811940 0.010690795 0.010262853 0.010636137 0.010794705 0.010244107 0.011255743 0.009776232 0.010178549 0.012725919 
5     0.008238031 0.009868472 0.009221231 0.008294707 0.006629225 0.008437195 0.008349667 0.008120338 0.003732630 0.003858129 0.003670732 0.005802290 0.005566363 0.005687643 0.005270654 0.005369555 0.005165936 0.006338555 0.008971334 0.008991968 0.006559146 0.003247504 0.000000000 0.000633273 0.002195761 0.002088307 0.001928440 0.006826317 0.006183403 0.007409610 0.007834295 0.007976687 0.007841652 0.005956066 0.006877429 0.007170648 0.007447380 0.009051557 0.013331033 0.012154180 0.012141343 0.009993636 0.009872491 0.009444549 0.009817833 0.009976401 0.009425803 0.010437439 0.008957928 0.009360245 0.011911370 
18     0.008287219 0.009917660 0.009270419 0.008343896 0.006678413 0.008486383 0.008398855 0.008169526 0.003781818 0.003907317 0.003719920 0.005851478 0.005615551 0.005736831 0.005319842 0.005418743 0.005215124 0.006387744 0.009020523 0.009041157 0.006608334 0.003299761 0.000633273 0.000000000 0.002235745 0.002129787 0.001970367 0.006875506 0.006232592 0.007458798 0.007883484 0.008025875 0.007890840 0.006005255 0.006926617 0.007219836 0.007496568 0.009100745 0.013380221 0.012203368 0.012190532 0.010042824 0.009921679 0.009493737 0.009867021 0.010025589 0.009474991 0.010486627 0.009007116 0.009409433 0.011960559 
19     0.009082817 0.010713258 0.010066017 0.009139442 0.007474012 0.009281981 0.009194454 0.008965124 0.004577416 0.004702915 0.004515518 0.006647076 0.006411149 0.006532430 0.006115440 0.006214341 0.006010722 0.007183342 0.009816121 0.009836755 0.007403979 0.004093397 0.002195761 0.002235745 0.000000000 0.002930659 0.002769406 0.007671114 0.007028200 0.008254396 0.008679082 0.008821474 0.008686438 0.006800853 0.007722215 0.008015435 0.008292166 0.009896343 0.014175819 0.012998966 0.012986130 0.010838422 0.010717277 0.010289336 0.010662619 0.010821187 0.010270589 0.011282225 0.009802714 0.010205031 0.012756157 
16     0.008815804 0.010446245 0.009799004 0.008872476 0.007206999 0.009014968 0.008927441 0.008698111 0.004311114 0.004436613 0.004249216 0.006380774 0.006144778 0.006266058 0.005849069 0.005947970 0.005744351 0.006916970 0.009549749 0.009570383 0.007136839 0.003813615 0.002088307 0.002129787 0.002930659 0.000000000 0.001124500 0.007405175 0.006762261 0.007974204 0.008406452 0.008548844 0.008413809 0.006530645 0.007452007 0.007745227 0.008021959 0.009626136 0.013905611 0.012728758 0.012715922 0.010568215 0.010447070 0.010019128 0.010392412 0.010550979 0.010000382 0.011012018 0.009532507 0.009934824 0.012487020 
28     0.008655252 0.010285693 0.009638452 0.008711923 0.007046447 0.008854416 0.008766888 0.008537559 0.004150562 0.004276061 0.004088663 0.006220222 0.005984226 0.006105506 0.005688517 0.005787418 0.005583798 0.006756418 0.009389197 0.009409831 0.006976347 0.003650976 0.001928440 0.001970367 0.002769406 0.001124500 0.000000000 0.007244623 0.006601709 0.007813652 0.008245900 0.008388292 0.008253257 0.006370093 0.007291455 0.007584675 0.007861407 0.009465583 0.013745059 0.012568206 0.012555370 0.010407662 0.010286517 0.009858576 0.010231859 0.010390427 0.009839830 0.010851466 0.009371954 0.009774271 0.012326468 
21     0.011699212 0.013338706 0.012691303 0.011777496 0.010098959 0.011906928 0.011820440 0.011590569 0.007278006 0.007403506 0.007216108 0.009347666 0.009146506 0.009242073 0.008844947 0.008943848 0.008720248 0.009846054 0.012480144 0.012500778 0.010233452 0.007628658 0.006826317 0.006875506 0.007671114 0.007405175 0.007244623 0.000000000 0.002211651 0.010912034 0.011368613 0.011511004 0.011375969 0.009470901 0.010392122 0.010685342 0.010962074 0.012561333 0.016841201 0.015664348 0.015651511 0.013503804 0.013382659 0.012954717 0.013328001 0.013486569 0.012935971 0.013947607 0.012467701 0.012870018 0.015415368 
17     0.011057110 0.012696604 0.012049201 0.011135394 0.009456856 0.011264826 0.011178338 0.010948467 0.006637522 0.006763021 0.006575624 0.008707182 0.008504202 0.008599769 0.008202643 0.008301544 0.008077945 0.009205132 0.011839222 0.011859856 0.009590550 0.006985747 0.006183403 0.006232592 0.007028200 0.006762261 0.006601709 0.002211651 0.000000000 0.010269847 0.010726425 0.010868816 0.010733781 0.008828976 0.009750197 0.010043416 0.010320148 0.011919407 0.016199275 0.015022422 0.015009586 0.012861878 0.012740733 0.012312791 0.012686075 0.012844643 0.012294045 0.013305681 0.011825775 0.012228092 0.014773443 
10     0.010452433 0.012092487 0.011450578 0.010534643 0.008858379 0.010666406 0.010588691 0.010338876 0.006804112 0.006929611 0.006752197 0.008885475 0.008614380 0.008726032 0.008323946 0.008422847 0.008221307 0.009351880 0.011985524 0.012006098 0.010795911 0.008227712 0.007409610 0.007458798 0.008254396 0.007974204 0.007813652 0.010912034 0.010269847 0.000000000 0.008759688 0.008902080 0.008767556 0.007980469 0.008891393 0.009184924 0.009461656 0.011104990 0.015383168 0.014206315 0.014193479 0.012047389 0.011924626 0.011496684 0.011869968 0.012028339 0.011477742 0.012489378 0.011011723 0.011414080 0.013942535 
27     0.010947524 0.012590718 0.011938777 0.011025728 0.009356002 0.011164028 0.011078485 0.010837027 0.007286486 0.007411985 0.007234571 0.009367849 0.009076907 0.009194151 0.008782341 0.008881242 0.008668941 0.009817305 0.012448019 0.012468593 0.011222759 0.008652617 0.007834295 0.007883484 0.008679082 0.008406452 0.008245900 0.011368613 0.010726425 0.008759688 0.000000000 0.000905028 0.001779700 0.008430543 0.009340261 0.009633792 0.009910524 0.011549814 0.015827602 0.014650604 0.014637768 0.012491678 0.012368915 0.011940974 0.012314257 0.012472629 0.011922031 0.012933667 0.011453859 0.011846291 0.014389328 
4     0.011089916 0.012733110 0.012081168 0.011168120 0.009498393 0.011306420 0.011220877 0.010979419 0.007428878 0.007554377 0.007376962 0.009510240 0.009219299 0.009336543 0.008924733 0.009023634 0.008811333 0.009959696 0.012590411 0.012610985 0.011365150 0.008795009 0.007976687 0.008025875 0.008821474 0.008548844 0.008388292 0.011511004 0.010868816 0.008902080 0.000905028 0.000000000 0.001937889 0.008572934 0.009482653 0.009776184 0.010052916 0.011692206 0.015969994 0.014792996 0.014780159 0.012634070 0.012511307 0.012083365 0.012456649 0.012615020 0.012064423 0.013076059 0.011596250 0.011988683 0.014531719 
6     0.010956965 0.012600159 0.011948217 0.011035169 0.009365442 0.011173469 0.011087926 0.010846468 0.007293658 0.007419157 0.007241742 0.009375020 0.009084079 0.009201323 0.008789513 0.008888414 0.008676113 0.009824476 0.012455191 0.012475765 0.011230115 0.008659974 0.007841652 0.007890840 0.008686438 0.008413809 0.008253257 0.011375969 0.010733781 0.008767556 0.001779700 0.001937889 0.000000000 0.008438299 0.009348017 0.009641549 0.009918281 0.011558439 0.015836226 0.014659229 0.014646392 0.012500302 0.012377540 0.011949598 0.012322882 0.012481253 0.011930655 0.012942291 0.011462483 0.011852991 0.014397511 
44     0.009030852 0.010680785 0.010016604 0.009113502 0.007430471 0.009238352 0.009158186 0.008914212 0.005413901 0.005539400 0.005376681 0.007509654 0.007226439 0.007334856 0.006922022 0.007020923 0.006818423 0.007943109 0.010574979 0.010595553 0.009363263 0.006772230 0.005956066 0.006005255 0.006800853 0.006530645 0.006370093 0.009470901 0.008828976 0.007980469 0.008430543 0.008572934 0.008438299 0.000000000 0.003612117 0.003896685 0.004173417 0.006966953 0.011258588 0.010078789 0.010065953 0.007919451 0.007797100 0.007369159 0.007742442 0.007895940 0.007345342 0.008356978 0.006889352 0.007291880 0.010544877 
34     0.009935057 0.011581396 0.010916737 0.010014418 0.008334893 0.010142774 0.010062608 0.009818635 0.006329596 0.006455095 0.006292376 0.008425349 0.008141538 0.008249955 0.007835681 0.007934582 0.007733521 0.008858655 0.011490524 0.011511098 0.010284206 0.007693173 0.006877429 0.006926617 0.007722215 0.007452007 0.007291455 0.010392122 0.009750197 0.008891393 0.009340261 0.009482653 0.009348017 0.003612117 0.000000000 0.000910773 0.001158065 0.007924911 0.012205920 0.011026121 0.011013285 0.008866783 0.008744433 0.008316491 0.008689775 0.008843861 0.008292674 0.009304899 0.007836396 0.008239012 0.011470570 
47     0.010232248 0.011878674 0.011214493 0.010312277 0.008631867 0.010439749 0.010359582 0.010115609 0.006622815 0.006748315 0.006585595 0.008718569 0.008435586 0.008544003 0.008129729 0.008228630 0.008027569 0.009152703 0.011784572 0.011805146 0.010577425 0.007986393 0.007170648 0.007219836 0.008015435 0.007745227 0.007584675 0.010685342 0.010043416 0.009184924 0.009633792 0.009776184 0.009641549 0.003896685 0.000910773 0.000000000 0.001035913 0.008211661 0.012492670 0.011312871 0.011300035 0.009153533 0.009031182 0.008603241 0.008976524 0.009130611 0.008579424 0.009591649 0.008123145 0.008525761 0.011758941 
37     0.010508980 0.012155406 0.011491225 0.010589009 0.008908599 0.010716481 0.010636314 0.010392341 0.006899547 0.007025047 0.006862327 0.008995300 0.008712318 0.008820734 0.008406461 0.008505362 0.008304301 0.009429435 0.012061304 0.012081878 0.010854157 0.008263125 0.007447380 0.007496568 0.008292166 0.008021959 0.007861407 0.010962074 0.010320148 0.009461656 0.009910524 0.010052916 0.009918281 0.004173417 0.001158065 0.001035913 0.000000000 0.008488392 0.012769402 0.011589603 0.011576767 0.009430265 0.009307914 0.008879973 0.009253256 0.009407343 0.008856156 0.009868381 0.008399877 0.008802493 0.012035673 
49     0.012123295 0.013790298 0.013098597 0.012208488 0.010537042 0.012330626 0.012260904 0.012020783 0.008538654 0.008664153 0.008501434 0.010634407 0.010323965 0.010427168 0.010019110 0.010118011 0.009915133 0.011054050 0.013693537 0.013714111 0.012466636 0.009869471 0.009051557 0.009100745 0.009896343 0.009626136 0.009465583 0.012561333 0.011919407 0.011104990 0.011549814 0.011692206 0.011558439 0.006966953 0.007924911 0.008211661 0.008488392 0.000000000 0.008475068 0.007260771 0.007248326 0.005116514 0.004979190 0.004551249 0.004921790 0.005093621 0.004534166 0.005550179 0.004002504 0.004422197 0.013656358 
36     0.016398012 0.018068476 0.017365523 0.016476705 0.014815220 0.016606650 0.016539081 0.016298961 0.012817342 0.012942842 0.012780122 0.014913096 0.014602654 0.014704710 0.014293978 0.014392879 0.014189772 0.015330132 0.017972225 0.017992799 0.016742250 0.014149337 0.013331033 0.013380221 0.014175819 0.013905611 0.013745059 0.016841201 0.016199275 0.015383168 0.015827602 0.015969994 0.015836226 0.011258588 0.012205920 0.012492670 0.012769402 0.008475068 0.000000000 0.008948469 0.008930277 0.006778596 0.006643934 0.006208592 0.006582463 0.006926411 0.006359684 0.007362067 0.007070428 0.007470607 0.017938869 
46     0.015221381 0.016891478 0.016188229 0.015299707 0.013638222 0.015429652 0.015362084 0.015121963 0.011640489 0.011765989 0.011603269 0.013736242 0.013425800 0.013527581 0.013120945 0.013219846 0.013016969 0.014153279 0.016795372 0.016815946 0.015565397 0.012972484 0.012154180 0.012203368 0.012998966 0.012728758 0.012568206 0.015664348 0.015022422 0.014206315 0.014650604 0.014792996 0.014659229 0.010078789 0.011026121 0.011312871 0.011589603 0.007260771 0.008948469 0.000000000 0.002302843 0.005121504 0.004979366 0.004543132 0.004922919 0.005743296 0.005188745 0.006192235 0.005829221 0.006259952 0.016760861 
42     0.015208545 0.016878642 0.016175393 0.015286871 0.013625386 0.015416816 0.015349247 0.015109127 0.011627653 0.011753152 0.011590433 0.013723406 0.013412964 0.013514744 0.013108109 0.013207010 0.013004132 0.014140443 0.016782536 0.016803110 0.015552560 0.012959647 0.012141343 0.012190532 0.012986130 0.012715922 0.012555370 0.015651511 0.015009586 0.014193479 0.014637768 0.014780159 0.014646392 0.010065953 0.011013285 0.011300035 0.011576767 0.007248326 0.008930277 0.002302843 0.000000000 0.005108263 0.004966097 0.004529877 0.004909668 0.005730367 0.005175817 0.006179294 0.005816238 0.006246674 0.016748024 
38     0.013057004 0.014727101 0.014022487 0.013133669 0.011473337 0.013264285 0.013194580 0.012956596 0.009481563 0.009607062 0.009444343 0.011577316 0.011265257 0.011367037 0.010960402 0.011059303 0.010856425 0.011992735 0.014634829 0.014655402 0.013404853 0.010811940 0.009993636 0.010042824 0.010838422 0.010568215 0.010407662 0.013503804 0.012861878 0.012047389 0.012491678 0.012634070 0.012500302 0.007919451 0.008866783 0.009153533 0.009430265 0.005116514 0.006778596 0.005121504 0.005108263 0.000000000 0.001746606 0.001333602 0.001768831 0.003562685 0.003018235 0.004006096 0.003700204 0.004126515 0.014601934 
35     0.012939692 0.014609790 0.013905331 0.013016513 0.011356533 0.013147964 0.013080395 0.012840275 0.009358801 0.009484300 0.009321581 0.011454554 0.011144112 0.011245892 0.010839257 0.010938158 0.010735280 0.011871590 0.014513684 0.014534258 0.013283708 0.010690795 0.009872491 0.009921679 0.010717277 0.010447070 0.010286517 0.013382659 0.012740733 0.011924626 0.012368915 0.012511307 0.012377540 0.007797100 0.008744433 0.009031182 0.009307914 0.004979190 0.006643934 0.004979366 0.004966097 0.001746606 0.000000000 0.001159299 0.001641364 0.003443209 0.002896689 0.003882822 0.003566903 0.003994809 0.014479172 
50     0.012511751 0.014181848 0.013477389 0.012588571 0.010928591 0.012720022 0.012652453 0.012412333 0.008930859 0.009056358 0.008893639 0.011026612 0.010716170 0.010817950 0.010411315 0.010510216 0.010307338 0.011443648 0.014085742 0.014106316 0.012855766 0.010262853 0.009444549 0.009493737 0.010289336 0.010019128 0.009858576 0.012954717 0.012312791 0.011496684 0.011940974 0.012083365 0.011949598 0.007369159 0.008316491 0.008603241 0.008879973 0.004551249 0.006208592 0.004543132 0.004529877 0.001333602 0.001159299 0.000000000 0.001217668 0.003011464 0.002465532 0.003454252 0.003140462 0.003567865 0.014051230 
48     0.012885034 0.014555132 0.013850673 0.012961855 0.011301875 0.013093306 0.013025737 0.012785617 0.009304143 0.009429642 0.009266923 0.011399896 0.011089454 0.011191234 0.010784599 0.010883500 0.010680622 0.011816932 0.014459026 0.014479600 0.013229050 0.010636137 0.009817833 0.009867021 0.010662619 0.010392412 0.010231859 0.013328001 0.012686075 0.011869968 0.012314257 0.012456649 0.012322882 0.007742442 0.008689775 0.008976524 0.009253256 0.004921790 0.006582463 0.004922919 0.004909668 0.001768831 0.001641364 0.001217668 0.000000000 0.003376594 0.002830881 0.003817116 0.003509202 0.003937327 0.014424514 
45     0.013042478 0.014712962 0.014008207 0.013119685 0.011459706 0.013249302 0.013183567 0.012943447 0.009462727 0.009588226 0.009425506 0.011558480 0.011248021 0.011349802 0.010942348 0.011041249 0.010838371 0.011973495 0.014616468 0.014637042 0.013387618 0.010794705 0.009976401 0.010025589 0.010821187 0.010550979 0.010390427 0.013486569 0.012844643 0.012028339 0.012472629 0.012615020 0.012481253 0.007895940 0.008843861 0.009130611 0.009407343 0.005093621 0.006926411 0.005743296 0.005730367 0.003562685 0.003443209 0.003011464 0.003376594 0.000000000 0.000984995 0.002476833 0.003672263 0.004084222 0.014581376 
39     0.012491881 0.014162364 0.013457609 0.012569087 0.010909108 0.012698705 0.012632970 0.012392849 0.008912129 0.009037628 0.008874909 0.011007882 0.010697424 0.010799204 0.010391750 0.010490651 0.010287773 0.011422897 0.014065870 0.014086444 0.012837020 0.010244107 0.009425803 0.009474991 0.010270589 0.010000382 0.009839830 0.012935971 0.012294045 0.011477742 0.011922031 0.012064423 0.011930655 0.007345342 0.008292674 0.008579424 0.008856156 0.004534166 0.006359684 0.005188745 0.005175817 0.003018235 0.002896689 0.002465532 0.002830881 0.000984995 0.000000000 0.001958163 0.003115273 0.003530269 0.014030779 
43     0.013503517 0.015174000 0.014469245 0.013580723 0.011920744 0.013710341 0.013644606 0.013404485 0.009923765 0.010049264 0.009886545 0.012019518 0.011709060 0.011810840 0.011403386 0.011502287 0.011299409 0.012434533 0.015077506 0.015098080 0.013848656 0.011255743 0.010437439 0.010486627 0.011282225 0.011012018 0.010851466 0.013947607 0.013305681 0.012489378 0.012933667 0.013076059 0.012942291 0.008356978 0.009304899 0.009591649 0.009868381 0.005550179 0.007362067 0.006192235 0.006179294 0.004006096 0.003882822 0.003454252 0.003817116 0.002476833 0.001958163 0.000000000 0.004153863 0.004564359 0.015042415 
41     0.012017034 0.013690789 0.012984378 0.012096344 0.010436330 0.012229914 0.012160192 0.011920072 0.008443203 0.008568703 0.008405983 0.010538956 0.010228126 0.010329613 0.009923271 0.010022172 0.009819295 0.010951553 0.013590193 0.013610767 0.012368261 0.009776232 0.008957928 0.009007116 0.009802714 0.009532507 0.009371954 0.012467701 0.011825775 0.011011723 0.011453859 0.011596250 0.011462483 0.006889352 0.007836396 0.008123145 0.008399877 0.004002504 0.007070428 0.005829221 0.005816238 0.003700204 0.003566903 0.003140462 0.003509202 0.003672263 0.003115273 0.004153863 0.000000000 0.001461541 0.013570714 
40     0.012430092 0.014098449 0.013391197 0.012503977 0.010845192 0.012638776 0.012569054 0.012328934 0.008846160 0.008971659 0.008808940 0.010941913 0.010631760 0.010733214 0.010326904 0.010425805 0.010222928 0.011359810 0.014001331 0.014021905 0.012771193 0.010178549 0.009360245 0.009409433 0.010205031 0.009934824 0.009774271 0.012870018 0.012228092 0.011414080 0.011846291 0.011988683 0.011852991 0.007291880 0.008239012 0.008525761 0.008802493 0.004422197 0.007470607 0.006259952 0.006246674 0.004126515 0.003994809 0.003567865 0.003937327 0.004084222 0.003530269 0.004564359 0.001461541 0.000000000 0.013973852 
0     0.014985630 0.016636525 0.015976612 0.015069726 0.013385870 0.015193752 0.015110508 0.014868842 0.011365644 0.011491143 0.011321939 0.013454913 0.013148439 0.013260458 0.012803130 0.012902031 0.012713811 0.013860810 0.016491584 0.016512158 0.015310756 0.012725919 0.011911370 0.011960559 0.012756157 0.012487020 0.012326468 0.015415368 0.014773443 0.013942535 0.014389328 0.014531719 0.014397511 0.010544877 0.011470570 0.011758941 0.012035673 0.013656358 0.017938869 0.016760861 0.016748024 0.014601934 0.014479172 0.014051230 0.014424514 0.014581376 0.014030779 0.015042415 0.013570714 0.013973852 0.000000000 
