51
29     0.000000000 0.000482660 0.000529060 0.000276680 0.000074430 0.000294410 0.000107610 0.000130980 0.000244610 0.000176490 0.000262730 0.000554760 0.000232110 0.000619390 0.000692930 0.000544970 0.000529200 0.000510960 0.000395320 0.000618310 0.000237340 0.000456010 0.000671080 0.000660360 0.000767470 0.000882910 0.000597390 0.000778560 0.001001150 0.000487300 0.001050230 0.001018150 0.000940690 0.000655310 0.000735220 0.000899060 0.000868370 0.000774660 0.001365870 0.001186650 0.001245700 0.001450490 0.001227110 0.001218730 0.001242610 0.000638840 0.000598570 0.000634510 0.000415070 0.001049630 0.000900790 
14     0.000482660 0.000000000 0.000230200 0.000122260 0.000358920 0.000001720 0.000214000 0.000004790 0.000633020 0.000704110 0.000544920 0.001029210 0.000971640 0.001070030 0.001068170 0.001081230 0.001016330 0.000794460 0.001203220 0.001265320 0.001232260 0.001019610 0.000908200 0.000924550 0.001069150 0.000957700 0.000946850 0.001375890 0.001380960 0.001018410 0.000944930 0.001107990 0.001242280 0.001140900 0.001309770 0.001448500 0.001510180 0.001614340 0.001909090 0.002102550 0.002063180 0.001838540 0.001762530 0.001754170 0.001748230 0.001777000 0.001674960 0.001828990 0.001704380 0.001742180 0.001513760 
24     0.000529060 0.000230200 0.000000000 0.000006970 0.000259630 0.000572610 0.000575320 0.000575680 0.000522370 0.000635790 0.000484530 0.000932100 0.000733240 0.000675280 0.000799670 0.000816290 0.000652690 0.000874680 0.000828710 0.001166700 0.000632940 0.000845890 0.000681210 0.000647320 0.000630900 0.000935520 0.000829890 0.000773430 0.000616290 0.000885730 0.000472160 0.000465010 0.000486990 0.000844240 0.000965250 0.000978250 0.001009320 0.000713310 0.001854730 0.001620040 0.001679090 0.001101200 0.001323870 0.001241550 0.001633680 0.001072230 0.001031960 0.001067900 0.000421850 0.000643880 0.001334180 
7     0.000276680 0.000122260 0.000006970 0.000000000 0.000193840 0.000123500 0.000308880 0.000126570 0.000712870 0.000652350 0.000767380 0.001196270 0.000737760 0.000679800 0.000804190 0.000820810 0.000657210 0.000879200 0.001370280 0.001432380 0.000637460 0.000850410 0.000685730 0.000651840 0.000635420 0.000952080 0.000834410 0.000789990 0.000620810 0.000902290 0.000488720 0.000481570 0.000503550 0.000860800 0.000969770 0.000982770 0.001013840 0.000717830 0.001832120 0.001722630 0.001720980 0.001336290 0.001558960 0.001476640 0.001610550 0.001105440 0.001422600 0.001325130 0.000656940 0.000878970 0.002013180 
23     0.000074430 0.000358920 0.000259630 0.000193840 0.000000000 0.000010260 0.000043890 0.000072550 0.000240050 0.000099000 0.000194790 0.000828140 0.000675540 0.000617580 0.000741970 0.000615900 0.000594990 0.000532940 0.000466250 0.000804240 0.000575240 0.000378520 0.000597330 0.000589620 0.000573200 0.000756630 0.000519900 0.000701070 0.000558590 0.000644540 0.000695790 0.000688640 0.000710620 0.000726240 0.000806150 0.000920550 0.000939300 0.000655610 0.001625100 0.001257580 0.001316630 0.001472520 0.001317010 0.001425300 0.001312420 0.000709770 0.000669500 0.000705440 0.001201730 0.001120560 0.000971720 
25     0.000294410 0.000001720 0.000572610 0.000123500 0.000010260 0.000000000 0.000089070 0.000005970 0.000373160 0.000232110 0.000327900 0.001061380 0.000958650 0.000779850 0.000954720 0.000928460 0.000878100 0.000666050 0.000778810 0.001116800 0.000858350 0.000511630 0.000804130 0.000806060 0.000823090 0.000989870 0.000653010 0.000834180 0.000841700 0.000834870 0.001176190 0.001168600 0.000886260 0.001038800 0.001118710 0.001203660 0.001234730 0.000938720 0.001850810 0.001570140 0.001629190 0.001673500 0.001450120 0.001577090 0.001445530 0.001022330 0.000911050 0.001018000 0.001479420 0.001433120 0.001284280 
26     0.000107610 0.000214000 0.000575320 0.000308880 0.000043890 0.000089070 0.000000000 0.000011330 0.000483910 0.000535390 0.000692620 0.001045020 0.000827270 0.000764270 0.000874390 0.000868750 0.000755790 0.000687880 0.000972320 0.001205280 0.000764640 0.000994480 0.000209360 0.000244220 0.000248460 0.000973510 0.000566440 0.000835040 0.000764880 0.000886370 0.000576740 0.000645250 0.000689230 0.001135380 0.000875100 0.000821630 0.000867820 0.000861900 0.001924900 0.001763650 0.001822700 0.001673990 0.001681960 0.001641040 0.001757220 0.001215840 0.001175570 0.001211510 0.001458790 0.001424540 0.001477790 
13     0.000130980 0.000004790 0.000575680 0.000126570 0.000072550 0.000005970 0.000011330 0.000000000 0.000384580 0.000243530 0.000339320 0.001017630 0.000843560 0.000791270 0.000890680 0.000885040 0.000854860 0.000677470 0.000837270 0.001123580 0.000978940 0.000523050 0.000815550 0.000817480 0.000816390 0.001003460 0.000664430 0.000845600 0.000823100 0.000579270 0.001267890 0.001303450 0.000865080 0.001097260 0.001177170 0.001298170 0.001310320 0.001059310 0.001846960 0.001628600 0.001687650 0.001592290 0.001461540 0.001559340 0.001456950 0.001080790 0.001040520 0.001076460 0.001458240 0.001423990 0.001342740 
31     0.000244610 0.000633020 0.000522370 0.000712870 0.000240050 0.000373160 0.000483910 0.000384580 0.000000000 0.000006330 0.000006130 0.000029590 0.000105540 0.000186800 0.000217040 0.000218320 0.000185880 0.000280250 0.000183300 0.000479340 0.000117150 0.000184750 0.000235460 0.000275520 0.000240380 0.000256160 0.000250060 0.000600530 0.000227210 0.000398230 0.000346850 0.000340050 0.000187780 0.000451000 0.000582320 0.000587330 0.000716810 0.000435470 0.001208560 0.001010500 0.001094140 0.000901380 0.000969530 0.001053140 0.000954530 0.000487280 0.000447010 0.000482950 0.000878490 0.000844240 0.000574590 
2     0.000176490 0.000704110 0.000635790 0.000652350 0.000099000 0.000232110 0.000535390 0.000243530 0.000006330 0.000000000 0.000021120 0.000082930 0.000152070 0.000159290 0.000189530 0.000190810 0.000247990 0.000299510 0.000185510 0.000523500 0.000163680 0.000199700 0.000207950 0.000248010 0.000212870 0.000228650 0.000222550 0.000623810 0.000229490 0.000400510 0.000337400 0.000312540 0.000213040 0.000485100 0.000585870 0.000723690 0.000719020 0.000458750 0.001181050 0.000982990 0.001090180 0.000873870 0.000942020 0.001025630 0.000927020 0.000489490 0.000449220 0.000485160 0.000857730 0.000844160 0.000453730 
12     0.000262730 0.000544920 0.000484530 0.000767380 0.000194790 0.000327900 0.000692620 0.000339320 0.000006130 0.000021120 0.000000000 0.000001190 0.000123660 0.000145930 0.000176170 0.000177450 0.000157480 0.000288790 0.000155100 0.000450940 0.000135270 0.000166870 0.000194590 0.000234650 0.000199510 0.000215290 0.000209190 0.000615410 0.000268770 0.000439790 0.000324040 0.000299180 0.000238920 0.000474550 0.000555460 0.000715290 0.000688610 0.000450350 0.001167690 0.000969630 0.001065940 0.000860510 0.000928660 0.001012270 0.000913660 0.000459080 0.000418810 0.000454750 0.000844370 0.000830800 0.000470610 
11     0.000554760 0.001029210 0.000932100 0.001196270 0.000828140 0.001061380 0.001045020 0.001017630 0.000029590 0.000082930 0.000001190 0.000000000 0.000259470 0.000290280 0.000376870 0.000358270 0.000158270 0.000346190 0.000467220 0.000451730 0.000427300 0.000323690 0.000561100 0.000589520 0.000489420 0.000666370 0.000659190 0.000845010 0.000787060 0.000678650 0.000884770 0.001118730 0.000724310 0.000506160 0.000581150 0.000586160 0.001097500 0.000881960 0.001623590 0.001608060 0.001643300 0.001076430 0.001167600 0.001152880 0.001263140 0.001120930 0.000990440 0.001061840 0.000944430 0.000910180 0.000742200 
30     0.000232110 0.000971640 0.000733240 0.000737760 0.000675540 0.000958650 0.000827270 0.000843560 0.000105540 0.000152070 0.000123660 0.000259470 0.000000000 0.000006470 0.000132680 0.000111080 0.000103180 0.000487190 0.000717730 0.000702240 0.000104650 0.000442300 0.000214400 0.000254460 0.000219320 0.000235100 0.000229000 0.000582950 0.000303590 0.000421570 0.000449330 0.000424470 0.000439070 0.000769590 0.000672670 0.000685670 0.000716740 0.000420730 0.001296640 0.001098580 0.001205770 0.000989460 0.001057610 0.001141220 0.001042610 0.000981600 0.001029010 0.001018910 0.000973320 0.000959750 0.000992710 
32     0.000619390 0.001070030 0.000675280 0.000679800 0.000617580 0.000779850 0.000764270 0.000791270 0.000186800 0.000159290 0.000145930 0.000290280 0.000006470 0.000000000 0.000056620 0.000057900 0.000014250 0.000401810 0.000255890 0.000593880 0.000262280 0.000356920 0.000129020 0.000169080 0.000133940 0.000149720 0.000143620 0.000524990 0.000245630 0.000512560 0.000363950 0.000339090 0.000353690 0.000576340 0.000614710 0.000627710 0.000658780 0.000362770 0.001211260 0.001013200 0.001120390 0.000904080 0.000972230 0.001055840 0.000957230 0.000559870 0.000519600 0.000555540 0.000887940 0.000874370 0.000821820 
9     0.000692930 0.001068170 0.000799670 0.000804190 0.000741970 0.000954720 0.000874390 0.000890680 0.000217040 0.000189530 0.000176170 0.000376870 0.000132680 0.000056620 0.000000000 0.000002970 0.000097950 0.000432050 0.000329430 0.000667420 0.000386670 0.000264680 0.000159260 0.000199320 0.000164180 0.000179960 0.000173860 0.000649380 0.000370020 0.000542800 0.000394190 0.000369330 0.000357070 0.000649880 0.000729790 0.000752100 0.000783170 0.000487160 0.001241500 0.001043440 0.001150630 0.000934320 0.001002470 0.001086080 0.000987470 0.000633410 0.000593140 0.000629080 0.000918180 0.000904610 0.000895360 
33     0.000544970 0.001081230 0.000816290 0.000820810 0.000615900 0.000928460 0.000868750 0.000885040 0.000218320 0.000190810 0.000177450 0.000358270 0.000111080 0.000057900 0.000002970 0.000000000 0.000017510 0.000433330 0.000181470 0.000519460 0.000403290 0.000388440 0.000160540 0.000200600 0.000165460 0.000181240 0.000175140 0.000666000 0.000386640 0.000544080 0.000395470 0.000370610 0.000385210 0.000501920 0.000581830 0.000745670 0.000714980 0.000503780 0.001242780 0.001033260 0.001092310 0.000935600 0.001003750 0.001087360 0.000988750 0.000485450 0.000445180 0.000481120 0.000919460 0.000896240 0.000747400 
3     0.000529200 0.001016330 0.000652690 0.000657210 0.000594990 0.000878100 0.000755790 0.000854860 0.000185880 0.000247990 0.000157480 0.000158270 0.000103180 0.000014250 0.000097950 0.000017510 0.000000000 0.000414730 0.000165700 0.000503690 0.000239690 0.000452640 0.000287960 0.000254070 0.000237650 0.000321320 0.000315220 0.000502400 0.000223040 0.000360290 0.000535550 0.000510690 0.000525290 0.000486150 0.000566060 0.000605120 0.000636190 0.000340180 0.001382860 0.001017490 0.001076540 0.001075680 0.000854880 0.000846500 0.000870380 0.000469680 0.000429410 0.000465350 0.000883200 0.000880470 0.000376560 
1     0.000510960 0.000794460 0.000874680 0.000879200 0.000532940 0.000666050 0.000687880 0.000677470 0.000280250 0.000299510 0.000288790 0.000346190 0.000487190 0.000401810 0.000432050 0.000433330 0.000414730 0.000000000 0.000276740 0.000255800 0.000309830 0.000674630 0.000493170 0.000476060 0.000459640 0.000513870 0.000507770 0.000724390 0.000445030 0.000742110 0.000728100 0.000703240 0.000717840 0.000693660 0.000773570 0.000827110 0.000858180 0.000562170 0.001575410 0.001225000 0.001284050 0.001225680 0.001223530 0.001208810 0.001319070 0.000677190 0.000636920 0.000672860 0.001000360 0.000966110 0.000878790 
22     0.000395320 0.001203220 0.000828710 0.001370280 0.000466250 0.000778810 0.000972320 0.000837270 0.000183300 0.000185510 0.000155100 0.000467220 0.000717730 0.000255890 0.000329430 0.000181470 0.000165700 0.000276740 0.000000000 0.000005930 0.000252240 0.000841110 0.000496270 0.000487430 0.000552100 0.000715260 0.000833010 0.001274630 0.000846450 0.000400720 0.000823820 0.000820460 0.000663710 0.000352270 0.000432180 0.000596020 0.000565330 0.000471620 0.001964450 0.000883610 0.000942660 0.001552790 0.001189580 0.001378990 0.001183740 0.000335800 0.000295530 0.000331470 0.000827760 0.000746590 0.000597750 
15     0.000618310 0.001265320 0.001166700 0.001432380 0.000804240 0.001116800 0.001205280 0.001123580 0.000479340 0.000523500 0.000450940 0.000451730 0.000702240 0.000593880 0.000667420 0.000519460 0.000503690 0.000255800 0.000005930 0.000000000 0.000236750 0.000873200 0.000480780 0.000471940 0.000536610 0.000699770 0.000817520 0.001355690 0.001110480 0.000738710 0.001161810 0.001158450 0.001001700 0.000690260 0.000770170 0.000934010 0.000903320 0.000809610 0.001977940 0.001221600 0.001280650 0.001504080 0.001501930 0.001487210 0.001521730 0.000673790 0.000633520 0.000669460 0.001165750 0.001084580 0.000935740 
8     0.000237340 0.001232260 0.000632940 0.000637460 0.000575240 0.000858350 0.000764640 0.000978940 0.000117150 0.000163680 0.000135270 0.000427300 0.000104650 0.000262280 0.000386670 0.000403290 0.000239690 0.000309830 0.000252240 0.000236750 0.000000000 0.000408690 0.000244010 0.000210120 0.000193700 0.000490450 0.000392690 0.000321760 0.000199290 0.000330260 0.000818710 0.000852710 0.000815990 0.000682320 0.000572370 0.000585370 0.000616440 0.000320430 0.001306170 0.001325230 0.001323580 0.001324370 0.001329160 0.001310540 0.001391390 0.001384140 0.001301010 0.001336690 0.001233530 0.001193500 0.000876940 
20     0.000456010 0.001019610 0.000845890 0.000850410 0.000378520 0.000511630 0.000994480 0.000523050 0.000184750 0.000199700 0.000166870 0.000323690 0.000442300 0.000356920 0.000264680 0.000388440 0.000452640 0.000674630 0.000841110 0.000873200 0.000408690 0.000000000 0.000156550 0.000252620 0.000246700 0.000140540 0.000141400 0.000512660 0.000412240 0.000727320 0.000640510 0.000615650 0.000525970 0.000748970 0.000785320 0.000798320 0.000829390 0.000533380 0.001487820 0.001289760 0.001396950 0.001066990 0.001002400 0.000994020 0.001017900 0.001145090 0.001104820 0.001140760 0.001014830 0.001035550 0.001407040 
5     0.000671080 0.000908200 0.000681210 0.000685730 0.000597330 0.000804130 0.000209360 0.000815550 0.000235460 0.000207950 0.000194590 0.000561100 0.000214400 0.000129020 0.000159260 0.000160540 0.000287960 0.000493170 0.000496270 0.000480780 0.000244010 0.000156550 0.000000000 0.000003110 0.000025800 0.000119040 0.000112940 0.000526920 0.000247560 0.000561220 0.000412610 0.000387750 0.000402350 0.000671610 0.000620640 0.000633640 0.000664710 0.000368700 0.001259920 0.001061860 0.001169050 0.000952740 0.001020890 0.000973600 0.001005890 0.000944880 0.000992290 0.000982190 0.000936600 0.000923030 0.001315410 
18     0.000660360 0.000924550 0.000647320 0.000651840 0.000589620 0.000806060 0.000244220 0.000817480 0.000275520 0.000248010 0.000234650 0.000589520 0.000254460 0.000169080 0.000199320 0.000200600 0.000254070 0.000476060 0.000487430 0.000471940 0.000210120 0.000252620 0.000003110 0.000000000 0.000027730 0.000074760 0.000153000 0.000330050 0.000213670 0.000598990 0.000452670 0.000427810 0.000442410 0.000692060 0.000586750 0.000599750 0.000630820 0.000334810 0.001299980 0.001101920 0.001209110 0.000992800 0.001060950 0.001010350 0.001045950 0.000984940 0.001032350 0.001022250 0.000976660 0.000963090 0.001398790 
19     0.000767470 0.001069150 0.000630900 0.000635420 0.000573200 0.000823090 0.000248460 0.000816390 0.000240380 0.000212870 0.000199510 0.000489420 0.000219320 0.000133940 0.000164180 0.000165460 0.000237650 0.000459640 0.000552100 0.000536610 0.000193700 0.000246700 0.000025800 0.000027730 0.000000000 0.000033540 0.000107560 0.000295930 0.000197250 0.000566140 0.000417530 0.000392670 0.000407270 0.000514860 0.000570330 0.000583330 0.000614400 0.000318390 0.001184100 0.001066780 0.001173970 0.000762550 0.000984970 0.000756970 0.000909200 0.000949800 0.000997210 0.000987110 0.000941520 0.000927950 0.001479210 
16     0.000882910 0.000957700 0.000935520 0.000952080 0.000756630 0.000989870 0.000973510 0.001003460 0.000256160 0.000228650 0.000215290 0.000666370 0.000235100 0.000149720 0.000179960 0.000181240 0.000321320 0.000513870 0.000715260 0.000699770 0.000490450 0.000140540 0.000119040 0.000074760 0.000033540 0.000000000 0.000023170 0.000262390 0.000270940 0.000581920 0.000433310 0.000408450 0.000423050 0.000765080 0.000933950 0.000997640 0.001009430 0.000785310 0.001280620 0.001082560 0.001189750 0.000973440 0.000990020 0.000981640 0.001005520 0.000965580 0.001012990 0.001002890 0.000957300 0.000943730 0.001455020 
28     0.000597390 0.000946850 0.000829890 0.000834410 0.000519900 0.000653010 0.000566440 0.000664430 0.000250060 0.000222550 0.000209190 0.000659190 0.000229000 0.000143620 0.000173860 0.000175140 0.000315220 0.000507770 0.000833010 0.000817520 0.000392690 0.000141400 0.000112940 0.000153000 0.000107560 0.000023170 0.000000000 0.000675600 0.000396240 0.000575820 0.000427210 0.000402350 0.000416950 0.000674810 0.000769320 0.000782320 0.000813390 0.000517380 0.001274520 0.001076460 0.001183650 0.000922500 0.001035490 0.000916920 0.001020490 0.000959480 0.001006890 0.000996790 0.000951200 0.000937630 0.001488890 
21     0.000778560 0.001375890 0.000773430 0.000789990 0.000701070 0.000834180 0.000835040 0.000845600 0.000600530 0.000623810 0.000615410 0.000845010 0.000582950 0.000524990 0.000649380 0.000666000 0.000502400 0.000724390 0.001274630 0.001355690 0.000321760 0.000512660 0.000526920 0.000330050 0.000295930 0.000262390 0.000675600 0.000000000 0.000000160 0.000847320 0.000716590 0.000919580 0.000941560 0.001033890 0.000835080 0.000848080 0.000879150 0.000583140 0.001658850 0.001587940 0.001586290 0.001472890 0.001398400 0.001385130 0.001413900 0.001444700 0.001372000 0.001524760 0.001319500 0.001381730 0.001740570 
17     0.001001150 0.001380960 0.000616290 0.000620810 0.000558590 0.000841700 0.000764880 0.000823100 0.000227210 0.000229490 0.000268770 0.000787060 0.000303590 0.000245630 0.000370020 0.000386640 0.000223040 0.000445030 0.000846450 0.001110480 0.000199290 0.000412240 0.000247560 0.000213670 0.000197250 0.000270940 0.000396240 0.000000160 0.000000000 0.000553980 0.000928280 0.000903420 0.000918020 0.000868420 0.000555720 0.000568720 0.000599790 0.000303780 0.001537660 0.001308580 0.001306930 0.001116110 0.001338530 0.001110530 0.001262760 0.001396350 0.001284360 0.001365200 0.001237700 0.001207030 0.001228260 
10     0.000487300 0.001018410 0.000885730 0.000902290 0.000644540 0.000834870 0.000886370 0.000579270 0.000398230 0.000400510 0.000439790 0.000678650 0.000421570 0.000512560 0.000542800 0.000544080 0.000360290 0.000742110 0.000400720 0.000738710 0.000330260 0.000727320 0.000561220 0.000598990 0.000566140 0.000581920 0.000575820 0.000847320 0.000553980 0.000000000 0.000426450 0.000394370 0.000356540 0.000299410 0.000374400 0.000379410 0.000850170 0.000429240 0.001399640 0.001043400 0.001165890 0.000869680 0.000633950 0.000625570 0.000649450 0.000608490 0.000664430 0.000700370 0.000662270 0.000667100 0.000966650 
27     0.001050230 0.000944930 0.000472160 0.000488720 0.000695790 0.001176190 0.000576740 0.001267890 0.000346850 0.000337400 0.000324040 0.000884770 0.000449330 0.000363950 0.000394190 0.000395470 0.000535550 0.000728100 0.000823820 0.001161810 0.000818710 0.000640510 0.000412610 0.000452670 0.000417530 0.000433310 0.000427210 0.000716590 0.000928280 0.000426450 0.000000000 0.000007820 0.000014990 0.000719790 0.000888660 0.000909810 0.000956000 0.000746950 0.001389370 0.001191310 0.001298500 0.001082190 0.000951660 0.000943280 0.000967160 0.001074330 0.001087530 0.001111640 0.000979980 0.000984810 0.000977250 
4     0.001018150 0.001107990 0.000465010 0.000481570 0.000688640 0.001168600 0.000645250 0.001303450 0.000340050 0.000312540 0.000299180 0.001118730 0.000424470 0.000339090 0.000369330 0.000370610 0.000510690 0.000703240 0.000820460 0.001158450 0.000852710 0.000615650 0.000387750 0.000427810 0.000392670 0.000408450 0.000402350 0.000919580 0.000903420 0.000394370 0.000007820 0.000000000 0.000022760 0.000753790 0.000922660 0.000978320 0.001024510 0.000714870 0.001364510 0.001166450 0.001273640 0.001057330 0.000919580 0.000911200 0.000935080 0.001049470 0.001084170 0.001086780 0.000947900 0.000952730 0.001079800 
6     0.000940690 0.001242280 0.000486990 0.000503550 0.000710620 0.000886260 0.000689230 0.000865080 0.000187780 0.000213040 0.000238920 0.000724310 0.000439070 0.000353690 0.000357070 0.000385210 0.000525290 0.000717840 0.000663710 0.001001700 0.000815990 0.000525970 0.000402350 0.000442410 0.000407270 0.000423050 0.000416950 0.000941560 0.000918020 0.000356540 0.000014990 0.000022760 0.000000000 0.000629270 0.000568640 0.000684500 0.000814150 0.000598610 0.001379110 0.001181050 0.001288240 0.000886400 0.000881750 0.000869530 0.000897250 0.000932060 0.000927420 0.000920520 0.000661080 0.000357860 0.001229640 
44     0.000655310 0.001140900 0.000844240 0.000860800 0.000726240 0.001038800 0.001135380 0.001097260 0.000451000 0.000485100 0.000474550 0.000506160 0.000769590 0.000576340 0.000649880 0.000501920 0.000486150 0.000693660 0.000352270 0.000690260 0.000682320 0.000748970 0.000671610 0.000692060 0.000514860 0.000765080 0.000674810 0.001033890 0.000868420 0.000299410 0.000719790 0.000753790 0.000629270 0.000000000 0.000055110 0.000080000 0.000159040 0.000241450 0.000564360 0.000855610 0.000928820 0.000571970 0.000446160 0.000437780 0.000461660 0.000300320 0.000388400 0.000424340 0.000474480 0.000451690 0.000779280 
34     0.000735220 0.001309770 0.000965250 0.000969770 0.000806150 0.001118710 0.000875100 0.001177170 0.000582320 0.000585870 0.000555460 0.000581150 0.000672670 0.000614710 0.000729790 0.000581830 0.000566060 0.000773570 0.000432180 0.000770170 0.000572370 0.000785320 0.000620640 0.000586750 0.000570330 0.000933950 0.000769320 0.000835080 0.000555720 0.000374400 0.000888660 0.000922660 0.000568640 0.000055110 0.000000000 0.000013420 0.000007520 0.000404810 0.000672910 0.001044420 0.001037370 0.000646960 0.000749160 0.000762540 0.000785490 0.000508580 0.000468310 0.000504250 0.000600270 0.000560240 0.000820660 
47     0.000899060 0.001448500 0.000978250 0.000982770 0.000920550 0.001203660 0.000821630 0.001298170 0.000587330 0.000723690 0.000715290 0.000586160 0.000685670 0.000627710 0.000752100 0.000745670 0.000605120 0.000827110 0.000596020 0.000934010 0.000585370 0.000798320 0.000633640 0.000599750 0.000583330 0.000997640 0.000782320 0.000848080 0.000568720 0.000379410 0.000909810 0.000978320 0.000684500 0.000080000 0.000013420 0.000000000 0.000004800 0.000433960 0.000667410 0.001020750 0.001031870 0.000651970 0.000725490 0.000740350 0.000779990 0.000672420 0.000575690 0.000487700 0.000594770 0.000554740 0.000784760 
37     0.000868370 0.001510180 0.001009320 0.001013840 0.000939300 0.001234730 0.000867820 0.001310320 0.000716810 0.000719020 0.000688610 0.001097500 0.000716740 0.000658780 0.000783170 0.000714980 0.000636190 0.000858180 0.000565330 0.000903320 0.000616440 0.000829390 0.000664710 0.000630820 0.000614400 0.001009430 0.000813390 0.000879150 0.000599790 0.000850170 0.000956000 0.001024510 0.000814150 0.000159040 0.000007520 0.000004800 0.000000000 0.000366480 0.000778000 0.000918760 0.001142460 0.000862620 0.000623500 0.000638360 0.000890580 0.000589810 0.000473700 0.000385710 0.000705360 0.000665330 0.000976910 
49     0.000774660 0.001614340 0.000713310 0.000717830 0.000655610 0.000938720 0.000861900 0.001059310 0.000435470 0.000458750 0.000450350 0.000881960 0.000420730 0.000362770 0.000487160 0.000503780 0.000340180 0.000562170 0.000471620 0.000809610 0.000320430 0.000533380 0.000368700 0.000334810 0.000318390 0.000785310 0.000517380 0.000583140 0.000303780 0.000429240 0.000746950 0.000714870 0.000598610 0.000241450 0.000404810 0.000433960 0.000366480 0.000000000 0.000406110 0.000446210 0.000505260 0.000296840 0.000287850 0.000279470 0.000303350 0.000260810 0.000144700 0.000056710 0.000119810 0.000085560 0.000818450 
36     0.001365870 0.001909090 0.001854730 0.001832120 0.001625100 0.001850810 0.001924900 0.001846960 0.001208560 0.001181050 0.001167690 0.001623590 0.001296640 0.001211260 0.001241500 0.001242780 0.001382860 0.001575410 0.001964450 0.001977940 0.001306170 0.001487820 0.001259920 0.001299980 0.001184100 0.001280620 0.001274520 0.001658850 0.001537660 0.001399640 0.001389370 0.001364510 0.001379110 0.000564360 0.000672910 0.000667410 0.000778000 0.000406110 0.000000000 0.000447210 0.000243340 0.000050470 0.000116150 0.000131010 0.000062810 0.000230080 0.000231070 0.000300800 0.000222880 0.000182850 0.001512390 
46     0.001186650 0.002102550 0.001620040 0.001722630 0.001257580 0.001570140 0.001763650 0.001628600 0.001010500 0.000982990 0.000969630 0.001608060 0.001098580 0.001013200 0.001043440 0.001033260 0.001017490 0.001225000 0.000883610 0.001221600 0.001325230 0.001289760 0.001061860 0.001101920 0.001066780 0.001082560 0.001076460 0.001587940 0.001308580 0.001043400 0.001191310 0.001166450 0.001181050 0.000855610 0.001044420 0.001020750 0.000918760 0.000446210 0.000447210 0.000000000 0.000007090 0.000154900 0.000213420 0.000163850 0.000130810 0.000220660 0.000164520 0.000245360 0.000233700 0.000207070 0.001310620 
42     0.001245700 0.002063180 0.001679090 0.001720980 0.001316630 0.001629190 0.001822700 0.001687650 0.001094140 0.001090180 0.001065940 0.001643300 0.001205770 0.001120390 0.001150630 0.001092310 0.001076540 0.001284050 0.000942660 0.001280650 0.001323580 0.001396950 0.001169050 0.001209110 0.001173970 0.001189750 0.001183650 0.001586290 0.001306930 0.001165890 0.001298500 0.001273640 0.001288240 0.000928820 0.001037370 0.001031870 0.001142460 0.000505260 0.000243340 0.000007090 0.000000000 0.000167910 0.000211770 0.000162200 0.000200320 0.000274860 0.000162870 0.000243710 0.000236090 0.000205420 0.001369670 
38     0.001450490 0.001838540 0.001101200 0.001336290 0.001472520 0.001673500 0.001673990 0.001592290 0.000901380 0.000873870 0.000860510 0.001076430 0.000989460 0.000904080 0.000934320 0.000935600 0.001075680 0.001225680 0.001552790 0.001504080 0.001324370 0.001066990 0.000952740 0.000992800 0.000762550 0.000973440 0.000922500 0.001472890 0.001116110 0.000869680 0.001082190 0.001057330 0.000886400 0.000571970 0.000646960 0.000651970 0.000862620 0.000296840 0.000050470 0.000154900 0.000167910 0.000000000 0.000041670 0.000004510 0.000016470 0.000111540 0.000158950 0.000148850 0.000124580 0.000111010 0.001156920 
35     0.001227110 0.001762530 0.001323870 0.001558960 0.001317010 0.001450120 0.001681960 0.001461540 0.000969530 0.000942020 0.000928660 0.001167600 0.001057610 0.000972230 0.001002470 0.001003750 0.000854880 0.001223530 0.001189580 0.001501930 0.001329160 0.001002400 0.001020890 0.001060950 0.000984970 0.000990020 0.001035490 0.001398400 0.001338530 0.000633950 0.000951660 0.000919580 0.000881750 0.000446160 0.000749160 0.000725490 0.000623500 0.000287850 0.000116150 0.000213420 0.000211770 0.000041670 0.000000000 0.000025340 0.000004930 0.000179690 0.000207520 0.000209130 0.000192730 0.000179160 0.001104360 
50     0.001218730 0.001754170 0.001241550 0.001476640 0.001425300 0.001577090 0.001641040 0.001559340 0.001053140 0.001025630 0.001012270 0.001152880 0.001141220 0.001055840 0.001086080 0.001087360 0.000846500 0.001208810 0.001378990 0.001487210 0.001310540 0.000994020 0.000973600 0.001010350 0.000756970 0.000981640 0.000916920 0.001385130 0.001110530 0.000625570 0.000943280 0.000911200 0.000869530 0.000437780 0.000762540 0.000740350 0.000638360 0.000279470 0.000131010 0.000163850 0.000162200 0.000004510 0.000025340 0.000000000 0.000020980 0.000205950 0.000157950 0.000194410 0.000231170 0.000200500 0.001095980 
48     0.001242610 0.001748230 0.001633680 0.001610550 0.001312420 0.001445530 0.001757220 0.001456950 0.000954530 0.000927020 0.000913660 0.001263140 0.001042610 0.000957230 0.000987470 0.000988750 0.000870380 0.001319070 0.001183740 0.001521730 0.001391390 0.001017900 0.001005890 0.001045950 0.000909200 0.001005520 0.001020490 0.001413900 0.001262760 0.000649450 0.000967160 0.000935080 0.000897250 0.000461660 0.000785490 0.000779990 0.000890580 0.000303350 0.000062810 0.000130810 0.000200320 0.000016470 0.000004930 0.000020980 0.000000000 0.000164690 0.000212100 0.000202000 0.000177730 0.000164160 0.001119860 
45     0.000638840 0.001777000 0.001072230 0.001105440 0.000709770 0.001022330 0.001215840 0.001080790 0.000487280 0.000489490 0.000459080 0.001120930 0.000981600 0.000559870 0.000633410 0.000485450 0.000469680 0.000677190 0.000335800 0.000673790 0.001384140 0.001145090 0.000944880 0.000984940 0.000949800 0.000965580 0.000959480 0.001444700 0.001396350 0.000608490 0.001074330 0.001049470 0.000932060 0.000300320 0.000508580 0.000672420 0.000589810 0.000260810 0.000230080 0.000220660 0.000274860 0.000111540 0.000179690 0.000205950 0.000164690 0.000000000 0.000023670 0.000069790 0.000116720 0.000103150 0.000762810 
39     0.000598570 0.001674960 0.001031960 0.001422600 0.000669500 0.000911050 0.001175570 0.001040520 0.000447010 0.000449220 0.000418810 0.000990440 0.001029010 0.000519600 0.000593140 0.000445180 0.000429410 0.000636920 0.000295530 0.000633520 0.001301010 0.001104820 0.000992290 0.001032350 0.000997210 0.001012990 0.001006890 0.001372000 0.001284360 0.000664430 0.001087530 0.001084170 0.000927420 0.000388400 0.000468310 0.000575690 0.000473700 0.000144700 0.000231070 0.000164520 0.000162870 0.000158950 0.000207520 0.000157950 0.000212100 0.000023670 0.000000000 0.000017300 0.000035420 0.000037590 0.000653140 
43     0.000634510 0.001828990 0.001067900 0.001325130 0.000705440 0.001018000 0.001211510 0.001076460 0.000482950 0.000485160 0.000454750 0.001061840 0.001018910 0.000555540 0.000629080 0.000481120 0.000465350 0.000672860 0.000331470 0.000669460 0.001336690 0.001140760 0.000982190 0.001022250 0.000987110 0.001002890 0.000996790 0.001524760 0.001365200 0.000700370 0.001111640 0.001086780 0.000920520 0.000424340 0.000504250 0.000487700 0.000385710 0.000056710 0.000300800 0.000245360 0.000243710 0.000148850 0.000209130 0.000194410 0.000202000 0.000069790 0.000017300 0.000000000 0.000106820 0.000108990 0.000724540 
41     0.000415070 0.001704380 0.000421850 0.000656940 0.001201730 0.001479420 0.001458790 0.001458240 0.000878490 0.000857730 0.000844370 0.000944430 0.000973320 0.000887940 0.000918180 0.000919460 0.000883200 0.001000360 0.000827760 0.001165750 0.001233530 0.001014830 0.000936600 0.000976660 0.000941520 0.000957300 0.000951200 0.001319500 0.001237700 0.000662270 0.000979980 0.000947900 0.000661080 0.000474480 0.000600270 0.000594770 0.000705360 0.000119810 0.000222880 0.000233700 0.000236090 0.000124580 0.000192730 0.000231170 0.000177730 0.000116720 0.000035420 0.000106820 0.000000000 0.000003420 0.000620360 
40     0.001049630 0.001742180 0.000643880 0.000878970 0.001120560 0.001433120 0.001424540 0.001423990 0.000844240 0.000844160 0.000830800 0.000910180 0.000959750 0.000874370 0.000904610 0.000896240 0.000880470 0.000966110 0.000746590 0.001084580 0.001193500 0.001035550 0.000923030 0.000963090 0.000927950 0.000943730 0.000937630 0.001381730 0.001207030 0.000667100 0.000984810 0.000952730 0.000357860 0.000451690 0.000560240 0.000554740 0.000665330 0.000085560 0.000182850 0.000207070 0.000205420 0.000111010 0.000179160 0.000200500 0.000164160 0.000103150 0.000037590 0.000108990 0.000003420 0.000000000 0.000622530 
0     0.000900790 0.001513760 0.001334180 0.002013180 0.000971720 0.001284280 0.001477790 0.001342740 0.000574590 0.000453730 0.000470610 0.000742200 0.000992710 0.000821820 0.000895360 0.000747400 0.000376560 0.000878790 0.000597750 0.000935740 0.000876940 0.001407040 0.001315410 0.001398790 0.001479210 0.001455020 0.001488890 0.001740570 0.001228260 0.000966650 0.000977250 0.001079800 0.001229640 0.000779280 0.000820660 0.000784760 0.000976910 0.000818450 0.001512390 0.001310620 0.001369670 0.001156920 0.001104360 0.001095980 0.001119860 0.000762810 0.000653140 0.000724540 0.000620360 0.000622530 0.000000000 
