51
18     0.000000000 0.226410996 0.215292906 0.243291503 0.242932272 0.394785079 0.401233546 0.387925341 0.353918668 0.374821036 0.374072837 0.356871088 0.360896214 0.440291824 0.487384673 0.435200587 0.436699558 0.430645436 0.433750181 0.428629025 0.372051701 0.442095868 0.413580930 0.441174587 0.444317169 0.434457556 0.418530802 0.421474939 0.424616439 0.430770564 0.426880291 0.423341055 0.422373381 0.423860512 0.404991070 0.407033382 0.449189791 0.430729907 0.436468239 0.428209321 0.430318566 0.420107456 0.469785706 0.500593883 0.451639360 0.449016796 0.448145607 0.449882218 0.432170364 0.434838438 0.626508722 
15     0.226410996 0.000000000 0.086594019 0.187121026 0.187104121 0.342906045 0.349930713 0.336587212 0.301967438 0.324552423 0.324412308 0.306722311 0.308766026 0.388279704 0.441205316 0.388781460 0.390280431 0.384410317 0.388026079 0.382010536 0.319107447 0.388915537 0.360547884 0.390084736 0.392344082 0.383056377 0.367277175 0.368821476 0.371732491 0.378300605 0.372881338 0.368960520 0.368289649 0.369776780 0.352086482 0.353632082 0.396096530 0.375879651 0.381740298 0.373364321 0.375493598 0.364586334 0.415228385 0.447570575 0.401087996 0.398881299 0.395396217 0.397281197 0.380273903 0.382314229 0.572305741 
1     0.215292906 0.086594019 0.000000000 0.175733600 0.175746441 0.330565986 0.337664377 0.323046819 0.289226490 0.311199581 0.310421563 0.293894552 0.296486295 0.375513095 0.427929045 0.375039590 0.376542785 0.371212313 0.374974223 0.368915250 0.307154113 0.378293616 0.349366446 0.378657750 0.381111099 0.371573106 0.356542018 0.357522018 0.360433032 0.367013082 0.361252591 0.357456878 0.356732105 0.358219236 0.340348246 0.342014517 0.384385829 0.364902800 0.370722579 0.362387470 0.364498932 0.353190239 0.404678342 0.436459675 0.389201106 0.387383376 0.383032875 0.385394734 0.367349562 0.369701911 0.559454774 
6     0.243291503 0.187121026 0.175733600 0.000000000 0.033551691 0.338440952 0.345347901 0.331653637 0.299229634 0.319311984 0.318159063 0.301840203 0.303966779 0.384154791 0.435843458 0.382659883 0.384158854 0.379300353 0.381895395 0.376366932 0.316377179 0.387527404 0.358625323 0.388326103 0.390375282 0.381147210 0.365346446 0.367201900 0.370203914 0.375900673 0.369811404 0.366549177 0.365847212 0.367308186 0.349002393 0.350298895 0.394345434 0.375222154 0.380765452 0.372503905 0.374829446 0.363815632 0.414468778 0.444803114 0.397556514 0.395100325 0.393884992 0.394037442 0.377748223 0.380526543 0.570057616 
3     0.242932272 0.187104121 0.175746441 0.033551691 0.000000000 0.338835606 0.345742555 0.332002875 0.299582519 0.319655844 0.318558966 0.302189590 0.304309645 0.384508223 0.436272195 0.383102854 0.384601825 0.379760206 0.382427211 0.376886022 0.317108924 0.388439744 0.359324006 0.389026168 0.391075347 0.381847275 0.365896655 0.368107050 0.371109063 0.376404662 0.370262513 0.367000287 0.366298321 0.367759296 0.349467836 0.350764339 0.394835609 0.375762627 0.381312105 0.373055018 0.375404626 0.364390812 0.414947426 0.445247214 0.398037658 0.395639006 0.394159949 0.394421764 0.378103246 0.380881566 0.570422985 
12     0.394785079 0.342906045 0.330565986 0.338440952 0.338835606 0.000000000 0.089885951 0.130731405 0.196481922 0.235782757 0.236114511 0.217947101 0.253294586 0.331050308 0.412360319 0.360155318 0.361412568 0.356007004 0.359459237 0.352479933 0.291846396 0.360542125 0.335341123 0.365992962 0.367212854 0.358199403 0.341660444 0.343253209 0.346588020 0.353257036 0.348183557 0.345346709 0.343741724 0.345188271 0.327232608 0.327503834 0.370216638 0.349206368 0.355248449 0.346924802 0.348393970 0.338285305 0.390016699 0.419524868 0.374633628 0.371220467 0.367897851 0.371497238 0.356002935 0.358379954 0.551518293 
4     0.401233546 0.349930713 0.337664377 0.345347901 0.345742555 0.089885951 0.000000000 0.138298139 0.202882601 0.242583328 0.243286156 0.224785025 0.260394322 0.338995841 0.419820506 0.368446191 0.369786807 0.364374060 0.367827535 0.360991080 0.298621926 0.368339804 0.342664502 0.373628148 0.374926121 0.366172668 0.348612666 0.350852852 0.354226174 0.360781887 0.355247416 0.352831472 0.350581533 0.352031791 0.334347914 0.334589456 0.378308216 0.357389722 0.363467687 0.355176578 0.356514833 0.346530132 0.398101886 0.428309629 0.382032302 0.378534215 0.375537850 0.377187919 0.364324783 0.366566576 0.557308442 
11     0.387925341 0.336587212 0.323046819 0.331653637 0.332002875 0.130731405 0.138298139 0.000000000 0.187849461 0.227735469 0.228256401 0.209965664 0.246924053 0.323790397 0.402166010 0.350933424 0.352298065 0.347051147 0.350672949 0.343718744 0.284777616 0.353417677 0.327177503 0.358690134 0.359916820 0.351057368 0.332738554 0.333709733 0.337569369 0.343727405 0.341517028 0.338464793 0.336188445 0.337540302 0.319111423 0.319846272 0.363314833 0.343867677 0.349865877 0.341574768 0.342612075 0.332473458 0.384085795 0.413811949 0.368240413 0.365360776 0.361816514 0.363886424 0.349178863 0.351136006 0.542091640 
8     0.353918668 0.301967438 0.289226490 0.299229634 0.299582519 0.196481922 0.202882601 0.187849461 0.000000000 0.195122851 0.197191447 0.177891382 0.213011844 0.293902658 0.371212957 0.319757139 0.321089182 0.316119575 0.319363407 0.312827749 0.248453344 0.315459799 0.289135814 0.319353069 0.320985818 0.311992696 0.296558481 0.297680895 0.300946580 0.306813460 0.304590323 0.302135778 0.298799962 0.299955795 0.283542144 0.283535139 0.327703639 0.308186658 0.314085607 0.305794346 0.307057761 0.298262482 0.348374828 0.378678265 0.329618491 0.326252355 0.325864902 0.327624544 0.312625411 0.314908945 0.506137582 
13     0.374821036 0.324552423 0.311199581 0.319311984 0.319655844 0.235782757 0.242583328 0.227735469 0.195122851 0.000000000 0.108688019 0.097998618 0.234784322 0.313095111 0.394216316 0.343808125 0.345183047 0.339850440 0.343429654 0.336599532 0.274156302 0.343415221 0.318140856 0.348298459 0.349265953 0.340958198 0.323033147 0.324809278 0.327791625 0.334007158 0.328965132 0.326196523 0.322875368 0.324238548 0.308093529 0.308730697 0.353051893 0.330050526 0.336391053 0.328003110 0.329348811 0.321169298 0.371287554 0.401856469 0.355926923 0.351980553 0.350120325 0.353870888 0.337614213 0.340051777 0.531750910 
16     0.374072837 0.324412308 0.310421563 0.318159063 0.318558966 0.236114511 0.243286156 0.228256401 0.197191447 0.108688019 0.000000000 0.098847629 0.236092761 0.314302784 0.393382735 0.342839913 0.344071883 0.338755489 0.342700700 0.335688529 0.274028183 0.342897103 0.317842018 0.347175654 0.348307673 0.339974587 0.322887597 0.324695201 0.327567172 0.334531403 0.329906967 0.327088456 0.321597652 0.322988239 0.306915335 0.307632268 0.350699042 0.328604069 0.334697961 0.326454421 0.327618161 0.319312918 0.369651995 0.400566181 0.354691334 0.349778603 0.349185965 0.352078475 0.335946639 0.338419216 0.530084789 
20     0.356871088 0.306722311 0.293894552 0.301840203 0.302189590 0.217947101 0.224785025 0.209965664 0.177891382 0.097998618 0.098847629 0.000000000 0.217114185 0.295611143 0.376422667 0.325873175 0.327117428 0.321786942 0.325504521 0.318786683 0.255291373 0.323637203 0.297693366 0.328513103 0.329848983 0.321193407 0.302782354 0.305299115 0.308526721 0.315008428 0.310797537 0.308436755 0.303965212 0.305277979 0.288760313 0.289434109 0.333781602 0.311044721 0.317256473 0.308881494 0.310184262 0.301733651 0.351462341 0.382651157 0.336885166 0.332632931 0.330158450 0.333405146 0.317124066 0.319702344 0.511594238 
5     0.360896214 0.308766026 0.296486295 0.303966779 0.304309645 0.253294586 0.260394322 0.246924053 0.213011844 0.234784322 0.236092761 0.217114185 0.000000000 0.275151104 0.381070717 0.330580243 0.332118053 0.327702938 0.330377760 0.324190657 0.259916478 0.328766485 0.302554242 0.331225474 0.333553788 0.324529710 0.308713623 0.308931718 0.312266889 0.319178920 0.316713322 0.314640472 0.308975559 0.310382376 0.294703191 0.295053482 0.337257470 0.316080917 0.321904529 0.313133155 0.315347346 0.306401397 0.357151852 0.386783199 0.342523310 0.337838985 0.336000645 0.342355413 0.323411126 0.326052620 0.515822949 
17     0.440291824 0.388279704 0.375513095 0.384154791 0.384508223 0.331050308 0.338995841 0.323790397 0.293902658 0.313095111 0.314302784 0.295611143 0.275151104 0.000000000 0.457426834 0.406003990 0.407424241 0.402483082 0.406451807 0.400394949 0.334270584 0.401438809 0.375378810 0.406639037 0.406125727 0.397230464 0.383134465 0.384350373 0.387612171 0.394686164 0.395980758 0.393018266 0.389905249 0.391012151 0.373567905 0.374851199 0.417520712 0.393849760 0.399973358 0.391236789 0.393220946 0.384263949 0.434720838 0.465283416 0.419496049 0.415336202 0.413444634 0.418767278 0.399388640 0.402085781 0.592450236 
9     0.487384673 0.441205316 0.427929045 0.435843458 0.436272195 0.412360319 0.419820506 0.402166010 0.371212957 0.394216316 0.393382735 0.376422667 0.381070717 0.457426834 0.000000000 0.194766232 0.196234050 0.192674319 0.197926787 0.194391202 0.373726274 0.447103867 0.418950228 0.449205116 0.451811679 0.441101371 0.423906842 0.425854034 0.429994799 0.437496205 0.433033525 0.429502034 0.428023242 0.429874733 0.411809071 0.411612523 0.456092977 0.436440659 0.441906726 0.433834884 0.435604462 0.425825867 0.475269816 0.505955788 0.460307732 0.456873929 0.454584306 0.458808022 0.437571367 0.440275864 0.629925640 
10     0.435200587 0.388781460 0.375039590 0.382659883 0.383102854 0.360155318 0.368446191 0.350933424 0.319757139 0.343808125 0.342839913 0.325873175 0.330580243 0.406003990 0.194766232 0.000000000 0.035402015 0.085802561 0.088583840 0.086209201 0.323420959 0.395259403 0.368079614 0.397501865 0.400277845 0.389733962 0.374379421 0.376862874 0.380468685 0.387058571 0.384014887 0.379927125 0.378635861 0.380523779 0.362808399 0.362262846 0.406593705 0.386000800 0.391743006 0.383417398 0.385147554 0.374820098 0.426006749 0.456327616 0.411491885 0.407593637 0.405115452 0.408104654 0.388625233 0.391176870 0.579976301 
14     0.436699558 0.390280431 0.376542785 0.384158854 0.384601825 0.361412568 0.369786807 0.352298065 0.321089182 0.345183047 0.344071883 0.327117428 0.332118053 0.407424241 0.196234050 0.035402015 0.000000000 0.087465141 0.088035417 0.085927510 0.324891187 0.396529518 0.369423376 0.398948947 0.401731002 0.391183622 0.375857684 0.378463290 0.382106681 0.388529062 0.385592384 0.381517404 0.379973200 0.381861119 0.364411542 0.363865989 0.407995374 0.387589723 0.393331928 0.385006321 0.386736477 0.376396644 0.427501163 0.457889410 0.413018697 0.409120449 0.406743205 0.409622498 0.390273892 0.392848360 0.581529603 
19     0.430645436 0.384410317 0.371212313 0.379300353 0.379760206 0.356007004 0.364374060 0.347051147 0.316119575 0.339850440 0.338755489 0.321786942 0.327702938 0.402483082 0.192674319 0.085802561 0.087465141 0.000000000 0.088354671 0.083964972 0.319181972 0.390786182 0.364488026 0.393318752 0.396175488 0.385500745 0.370612316 0.373717183 0.377138043 0.383058487 0.379252485 0.375521317 0.373771353 0.375610107 0.358272711 0.357831309 0.402629780 0.381157940 0.386825976 0.378543520 0.380335766 0.369992971 0.421334645 0.451409125 0.407154194 0.403244888 0.400462160 0.404028679 0.383501437 0.386012119 0.576676019 
2     0.433750181 0.388026079 0.374974223 0.381895395 0.382427211 0.359459237 0.367827535 0.350672949 0.319363407 0.343429654 0.342700700 0.325504521 0.330377760 0.406451807 0.197926787 0.088583840 0.088035417 0.088354671 0.000000000 0.062527270 0.323299706 0.394703429 0.367765311 0.397930104 0.400648338 0.389841721 0.373399276 0.375988386 0.379638572 0.386833691 0.382107083 0.378384249 0.376994407 0.378916730 0.361200653 0.360512504 0.405928764 0.384861703 0.390473481 0.382307647 0.384064232 0.373630555 0.423915501 0.455217524 0.410686575 0.406643132 0.403953943 0.406670344 0.388276720 0.390843374 0.579352454 
7     0.428629025 0.382010536 0.368915250 0.376366932 0.376886022 0.352479933 0.360991080 0.343718744 0.312827749 0.336599532 0.335688529 0.318786683 0.324190657 0.400394949 0.194391202 0.086209201 0.085927510 0.083964972 0.062527270 0.000000000 0.316990586 0.389120504 0.361713127 0.391233842 0.393705344 0.383397837 0.368156065 0.370683369 0.374275040 0.381538740 0.376127514 0.372375309 0.370907852 0.372774880 0.355174762 0.354461412 0.400394702 0.379854993 0.385461339 0.377294837 0.379051421 0.368687742 0.418570016 0.449721699 0.405156302 0.401198061 0.398471714 0.399800906 0.382410525 0.384981793 0.574204505 
34     0.372051701 0.319107447 0.307154113 0.316377179 0.317108924 0.291846396 0.298621926 0.284777616 0.248453344 0.274156302 0.274028183 0.255291373 0.259916478 0.334270584 0.373726274 0.323420959 0.324891187 0.319181972 0.323299706 0.316990586 0.000000000 0.232040124 0.205396516 0.233926035 0.235495913 0.226099990 0.210736582 0.212560699 0.217917337 0.217131775 0.263121516 0.261996381 0.257105519 0.258772074 0.243248243 0.240924041 0.282591145 0.260921818 0.266382676 0.258346541 0.259850811 0.251023662 0.301377305 0.330953518 0.287331125 0.284378281 0.281400288 0.286854436 0.268771274 0.271549670 0.499757505 
28     0.442095868 0.388915537 0.378293616 0.387527404 0.388439744 0.360542125 0.368339804 0.353417677 0.315459799 0.343415221 0.342897103 0.323637203 0.328766485 0.401438809 0.447103867 0.395259403 0.396529518 0.390786182 0.394703429 0.389120504 0.232040124 0.000000000 0.167529829 0.194280718 0.195899166 0.187694047 0.254412722 0.258384854 0.262503129 0.264683813 0.332230704 0.331502033 0.326151879 0.327852316 0.313073997 0.309931819 0.349861193 0.329563658 0.335520057 0.327630506 0.329066374 0.321167380 0.369482832 0.400005951 0.355801956 0.353361859 0.352694381 0.356965894 0.340708282 0.342788576 0.565661549 
40     0.413580930 0.360547884 0.349366446 0.358625323 0.359324006 0.335341123 0.342664502 0.327177503 0.289135814 0.318140856 0.317842018 0.297693366 0.302554242 0.375378810 0.418950228 0.368079614 0.369423376 0.364488026 0.367765311 0.361713127 0.205396516 0.167529829 0.000000000 0.154250345 0.156070536 0.148647888 0.229663436 0.233166419 0.237560365 0.241862276 0.304436100 0.302974005 0.299004719 0.300575332 0.285194674 0.282976585 0.322125728 0.304270045 0.310107889 0.301912588 0.303640201 0.293601794 0.343338777 0.375145039 0.331231555 0.328053480 0.324077223 0.328749463 0.314199905 0.315470514 0.540029598 
50     0.441174587 0.390084736 0.378657750 0.388326103 0.389026168 0.365992962 0.373628148 0.358690134 0.319353069 0.348298459 0.347175654 0.328513103 0.331225474 0.406639037 0.449205116 0.397501865 0.398948947 0.393318752 0.397930104 0.391233842 0.233926035 0.194280718 0.154250345 0.000000000 0.065274693 0.101168404 0.258123842 0.260855406 0.265267857 0.269017283 0.335029018 0.333748689 0.328610723 0.330905587 0.315685320 0.313238929 0.350978298 0.333070664 0.338920414 0.330931143 0.332428606 0.323252671 0.373179835 0.403542739 0.360090715 0.356678866 0.353693695 0.358763933 0.342962549 0.344502527 0.568668462 
47     0.444317169 0.392344082 0.381111099 0.390375282 0.391075347 0.367212854 0.374926121 0.359916820 0.320985818 0.349265953 0.348307673 0.329848983 0.333553788 0.406125727 0.451811679 0.400277845 0.401731002 0.396175488 0.400648338 0.393705344 0.235495913 0.195899166 0.156070536 0.065274693 0.000000000 0.105004586 0.260805542 0.263549239 0.267943261 0.271163394 0.337733974 0.336462478 0.330884712 0.333256726 0.318110631 0.315640740 0.354364109 0.336093596 0.341941594 0.333952324 0.335449787 0.326098659 0.376657446 0.406636575 0.362896455 0.359471993 0.356408189 0.361119028 0.346105043 0.347662064 0.569645575 
33     0.434457556 0.383056377 0.371573106 0.381147210 0.381847275 0.358199403 0.366172668 0.351057368 0.311992696 0.340958198 0.339974587 0.321193407 0.324529710 0.397230464 0.441101371 0.389733962 0.391183622 0.385500745 0.389841721 0.383397837 0.226099990 0.187694047 0.148647888 0.101168404 0.105004586 0.000000000 0.252374169 0.254419350 0.259475474 0.261528721 0.328094119 0.326560073 0.320424749 0.323837495 0.307160926 0.304956784 0.342893168 0.323992941 0.329852982 0.321863712 0.323361175 0.314338782 0.364550671 0.394922492 0.350762976 0.347065247 0.345574514 0.351451722 0.335110549 0.336631309 0.560631081 
46     0.418530802 0.367277175 0.356542018 0.365346446 0.365896655 0.341660444 0.348612666 0.332738554 0.296558481 0.323033147 0.322887597 0.302782354 0.308713623 0.383134465 0.423906842 0.374379421 0.375857684 0.370612316 0.373399276 0.368156065 0.210736582 0.254412722 0.229663436 0.258123842 0.260805542 0.252374169 0.000000000 0.209168829 0.214193822 0.211815560 0.312209843 0.311274801 0.307420036 0.309078502 0.293743160 0.291263842 0.332388087 0.312609066 0.317687504 0.310015890 0.311428584 0.301680286 0.352095019 0.383558698 0.339581815 0.336515407 0.332005586 0.335582617 0.319566101 0.321281890 0.546035228 
44     0.421474939 0.368821476 0.357522018 0.367201900 0.368107050 0.343253209 0.350852852 0.333709733 0.297680895 0.324809278 0.324695201 0.305299115 0.308931718 0.384350373 0.425854034 0.376862874 0.378463290 0.373717183 0.375988386 0.370683369 0.212560699 0.258384854 0.233166419 0.260855406 0.263549239 0.254419350 0.209168829 0.000000000 0.051207529 0.157482801 0.318063412 0.316282575 0.310943924 0.312736562 0.296724358 0.293755000 0.335918628 0.315219440 0.320433333 0.312429595 0.313797718 0.304045946 0.355842769 0.387557055 0.341078460 0.338260809 0.335132778 0.340985280 0.321133145 0.323188899 0.551595422 
27     0.424616439 0.371732491 0.360433032 0.370203914 0.371109063 0.346588020 0.354226174 0.337569369 0.300946580 0.327791625 0.327567172 0.308526721 0.312266889 0.387612171 0.429994799 0.380468685 0.382106681 0.377138043 0.379638572 0.374275040 0.217917337 0.262503129 0.237560365 0.265267857 0.267943261 0.259475474 0.214193822 0.051207529 0.000000000 0.160427329 0.321273122 0.319804579 0.314783157 0.316575572 0.300591311 0.297535346 0.340621487 0.319650159 0.324852392 0.316868735 0.318634254 0.308232697 0.360599400 0.392342106 0.345392838 0.342777060 0.339029217 0.344861221 0.325176164 0.327169263 0.554943127 
24     0.430770564 0.378300605 0.367013082 0.375900673 0.376404662 0.353257036 0.360781887 0.343727405 0.306813460 0.334007158 0.334531403 0.315008428 0.319178920 0.394686164 0.437496205 0.387058571 0.388529062 0.383058487 0.386833691 0.381538740 0.217131775 0.264683813 0.241862276 0.269017283 0.271163394 0.261528721 0.211815560 0.157482801 0.160427329 0.000000000 0.323573602 0.322768744 0.317561709 0.319461805 0.302844180 0.299643478 0.342180735 0.320937760 0.326224689 0.318243650 0.319641150 0.309163902 0.361528056 0.393202824 0.346172893 0.343753850 0.341511985 0.347157850 0.328655321 0.330758536 0.557862299 
31     0.426880291 0.372881338 0.361252591 0.369811404 0.370262513 0.348183557 0.355247416 0.341517028 0.304590323 0.328965132 0.329906967 0.310797537 0.316713322 0.395980758 0.433033525 0.384014887 0.385592384 0.379252485 0.382107083 0.376127514 0.263121516 0.332230704 0.304436100 0.335029018 0.337733974 0.328094119 0.312209843 0.318063412 0.321273122 0.323573602 0.000000000 0.090608589 0.170347740 0.172433878 0.156602443 0.153986349 0.303864483 0.283265627 0.288571381 0.279823123 0.281927096 0.275701973 0.321765424 0.358133371 0.309636595 0.306638650 0.303014388 0.308830298 0.292990711 0.294877187 0.552061032 
43     0.423341055 0.368960520 0.357456878 0.366549177 0.367000287 0.345346709 0.352831472 0.338464793 0.302135778 0.326196523 0.327088456 0.308436755 0.314640472 0.393018266 0.429502034 0.379927125 0.381517404 0.375521317 0.378384249 0.372375309 0.261996381 0.331502033 0.302974005 0.333748689 0.336462478 0.326560073 0.311274801 0.316282575 0.319804579 0.322768744 0.090608589 0.000000000 0.169905473 0.171969539 0.154544132 0.152159836 0.302610147 0.280813328 0.286275646 0.277526050 0.279603056 0.273448319 0.318895519 0.355415837 0.306815070 0.304589725 0.301860475 0.308274360 0.291271209 0.293068923 0.548798048 
35     0.422373381 0.368289649 0.356732105 0.365847212 0.366298321 0.343741724 0.350581533 0.336188445 0.298799962 0.322875368 0.321597652 0.303965212 0.308975559 0.389905249 0.428023242 0.378635861 0.379973200 0.373771353 0.376994407 0.370907852 0.257105519 0.326151879 0.299004719 0.328610723 0.330884712 0.320424749 0.307420036 0.310943924 0.314783157 0.317561709 0.170347740 0.169905473 0.000000000 0.050459477 0.091931108 0.086295796 0.297148932 0.277025027 0.282301052 0.273881978 0.275417905 0.268708605 0.316475088 0.350864876 0.302725156 0.299311819 0.295651838 0.301765431 0.284980164 0.287091631 0.544974740 
49     0.423860512 0.369776780 0.358219236 0.367308186 0.367759296 0.345188271 0.352031791 0.337540302 0.299955795 0.324238548 0.322988239 0.305277979 0.310382376 0.391012151 0.429874733 0.380523779 0.381861119 0.375610107 0.378916730 0.372774880 0.258772074 0.327852316 0.300575332 0.330905587 0.333256726 0.323837495 0.309078502 0.312736562 0.316575572 0.319461805 0.172433878 0.171969539 0.050459477 0.000000000 0.094516169 0.088597039 0.299916624 0.279867329 0.285143353 0.276724279 0.278260207 0.271487739 0.319223735 0.353716233 0.305562007 0.302108288 0.298618681 0.303990746 0.286863855 0.288938695 0.546757293 
36     0.404991070 0.352086482 0.340348246 0.349002393 0.349467836 0.327232608 0.334347914 0.319111423 0.283542144 0.308093529 0.306915335 0.288760313 0.294703191 0.373567905 0.411809071 0.362808399 0.364411542 0.358272711 0.361200653 0.355174762 0.243248243 0.313073997 0.285194674 0.315685320 0.318110631 0.307160926 0.293743160 0.296724358 0.300591311 0.302844180 0.156602443 0.154544132 0.091931108 0.094516169 0.000000000 0.055838182 0.282172019 0.262044440 0.267320962 0.258988640 0.260648606 0.253823242 0.301255863 0.336102406 0.287759213 0.284312018 0.281246968 0.288076045 0.269454402 0.271498645 0.530795122 
22     0.407033382 0.353632082 0.342014517 0.350298895 0.350764339 0.327503834 0.334589456 0.319846272 0.283535139 0.308730697 0.307632268 0.289434109 0.295053482 0.374851199 0.411612523 0.362262846 0.363865989 0.357831309 0.360512504 0.354461412 0.240924041 0.309931819 0.282976585 0.313238929 0.315640740 0.304956784 0.291263842 0.293755000 0.297535346 0.299643478 0.153986349 0.152159836 0.086295796 0.088597039 0.055838182 0.000000000 0.281060950 0.261139804 0.266446334 0.258084004 0.259743970 0.252803348 0.300487793 0.334959418 0.287185607 0.283790998 0.280341893 0.286460705 0.269653091 0.271758387 0.530377623 
45     0.449189791 0.396096530 0.384385829 0.394345434 0.394835609 0.370216638 0.378308216 0.363314833 0.327703639 0.353051893 0.350699042 0.333781602 0.337257470 0.417520712 0.456092977 0.406593705 0.407995374 0.402629780 0.405928764 0.400394702 0.282591145 0.349861193 0.322125728 0.350978298 0.354364109 0.342893168 0.332388087 0.335918628 0.340621487 0.342180735 0.303864483 0.302610147 0.297148932 0.299916624 0.282172019 0.281060950 0.000000000 0.210810014 0.215832736 0.208793660 0.209564611 0.201656240 0.246432608 0.281607961 0.236525599 0.229633936 0.277690904 0.280457197 0.297087241 0.299517868 0.572974058 
42     0.430729907 0.375879651 0.364902800 0.375222154 0.375762627 0.349206368 0.357389722 0.343867677 0.308186658 0.330050526 0.328604069 0.311044721 0.316080917 0.393849760 0.436440659 0.386000800 0.387589723 0.381157940 0.384861703 0.379854993 0.260921818 0.329563658 0.304270045 0.333070664 0.336093596 0.323992941 0.312609066 0.315219440 0.319650159 0.320937760 0.283265627 0.280813328 0.277025027 0.279867329 0.262044440 0.261139804 0.210810014 0.000000000 0.050207457 0.043446686 0.047267081 0.065638979 0.183595416 0.221248311 0.214338383 0.208418921 0.261838610 0.265164595 0.277774546 0.279816804 0.553986430 
29     0.436468239 0.381740298 0.370722579 0.380765452 0.381312105 0.355248449 0.363467687 0.349865877 0.314085607 0.336391053 0.334697961 0.317256473 0.321904529 0.399973358 0.441906726 0.391743006 0.393331928 0.386825976 0.390473481 0.385461339 0.266382676 0.335520057 0.310107889 0.338920414 0.341941594 0.329852982 0.317687504 0.320433333 0.324852392 0.326224689 0.288571381 0.286275646 0.282301052 0.285143353 0.267320962 0.266446334 0.215832736 0.050207457 0.000000000 0.045641876 0.049635552 0.070964126 0.188281028 0.225752299 0.219444391 0.213565908 0.267196616 0.271107987 0.284227111 0.286104307 0.559589987 
48     0.428209321 0.373364321 0.362387470 0.372503905 0.373055018 0.346924802 0.355176578 0.341574768 0.305794346 0.328003110 0.326454421 0.308881494 0.313133155 0.391236789 0.433834884 0.383417398 0.385006321 0.378543520 0.382307647 0.377294837 0.258346541 0.327630506 0.301912588 0.330931143 0.333952324 0.321863712 0.310015890 0.312429595 0.316868735 0.318243650 0.279823123 0.277526050 0.273881978 0.276724279 0.258988640 0.258084004 0.208793660 0.043446686 0.045641876 0.000000000 0.044976538 0.064779537 0.181247706 0.220012307 0.211953747 0.206576676 0.259608299 0.263714091 0.276598717 0.278487571 0.551469056 
21     0.430318566 0.375493598 0.364498932 0.374829446 0.375404626 0.348393970 0.356514833 0.342612075 0.307057761 0.329348811 0.327618161 0.310184262 0.315347346 0.393220946 0.435604462 0.385147554 0.386736477 0.380335766 0.384064232 0.379051421 0.259850811 0.329066374 0.303640201 0.332428606 0.335449787 0.323361175 0.311428584 0.313797718 0.318634254 0.319641150 0.281927096 0.279603056 0.275417905 0.278260207 0.260648606 0.259743970 0.209564611 0.047267081 0.049635552 0.044976538 0.000000000 0.064871244 0.182609559 0.220128758 0.213619682 0.207630907 0.261156630 0.264675360 0.277643755 0.279519003 0.552992029 
25     0.420107456 0.364586334 0.353190239 0.363815632 0.364390812 0.338285305 0.346530132 0.332473458 0.298262482 0.321169298 0.319312918 0.301733651 0.306401397 0.384263949 0.425825867 0.374820098 0.376396644 0.369992971 0.373630555 0.368687742 0.251023662 0.321167380 0.293601794 0.323252671 0.326098659 0.314338782 0.301680286 0.304045946 0.308232697 0.309163902 0.275701973 0.273448319 0.268708605 0.271487739 0.253823242 0.252803348 0.201656240 0.065638979 0.070964126 0.064779537 0.064871244 0.000000000 0.177686702 0.214130364 0.206175061 0.200969722 0.252985355 0.256793346 0.269049138 0.270916886 0.547045896 
39     0.469785706 0.415228385 0.404678342 0.414468778 0.414947426 0.390016699 0.398101886 0.384085795 0.348374828 0.371287554 0.369651995 0.351462341 0.357151852 0.434720838 0.475269816 0.426006749 0.427501163 0.421334645 0.423915501 0.418570016 0.301377305 0.369482832 0.343338777 0.373179835 0.376657446 0.364550671 0.352095019 0.355842769 0.360599400 0.361528056 0.321765424 0.318895519 0.316475088 0.319223735 0.301255863 0.300487793 0.246432608 0.183595416 0.188281028 0.181247706 0.182609559 0.177686702 0.000000000 0.255955534 0.246375501 0.242664727 0.295461760 0.300048083 0.314430297 0.316760197 0.594726311 
23     0.500593883 0.447570575 0.436459675 0.444803114 0.445247214 0.419524868 0.428309629 0.413811949 0.378678265 0.401856469 0.400566181 0.382651157 0.386783199 0.465283416 0.505955788 0.456327616 0.457889410 0.451409125 0.455217524 0.449721699 0.330953518 0.400005951 0.375145039 0.403542739 0.406636575 0.394922492 0.383558698 0.387557055 0.392342106 0.393202824 0.358133371 0.355415837 0.350864876 0.353716233 0.336102406 0.334959418 0.281607961 0.221248311 0.225752299 0.220012307 0.220128758 0.214130364 0.255955534 0.000000000 0.279968763 0.276381733 0.330239375 0.332975230 0.350090717 0.352160536 0.626211494 
32     0.451639360 0.401087996 0.389201106 0.397556514 0.398037658 0.374633628 0.382032302 0.368240413 0.329618491 0.355926923 0.354691334 0.336885166 0.342523310 0.419496049 0.460307732 0.411491885 0.413018697 0.407154194 0.410686575 0.405156302 0.287331125 0.355801956 0.331231555 0.360090715 0.362896455 0.350762976 0.339581815 0.341078460 0.345392838 0.346172893 0.309636595 0.306815070 0.302725156 0.305562007 0.287759213 0.287185607 0.236525599 0.214338383 0.219444391 0.211953747 0.213619682 0.206175061 0.246375501 0.279968763 0.000000000 0.130312643 0.285197904 0.291009744 0.301614343 0.303004613 0.579532398 
41     0.449016796 0.398881299 0.387383376 0.395100325 0.395639006 0.371220467 0.378534215 0.365360776 0.326252355 0.351980553 0.349778603 0.332632931 0.337838985 0.415336202 0.456873929 0.407593637 0.409120449 0.403244888 0.406643132 0.401198061 0.284378281 0.353361859 0.328053480 0.356678866 0.359471993 0.347065247 0.336515407 0.338260809 0.342777060 0.343753850 0.306638650 0.304589725 0.299311819 0.302108288 0.284312018 0.283790998 0.229633936 0.208418921 0.213565908 0.206576676 0.207630907 0.200969722 0.242664727 0.276381733 0.130312643 0.000000000 0.280721820 0.286061815 0.296966392 0.298144467 0.576591948 
37     0.448145607 0.395396217 0.383032875 0.393884992 0.394159949 0.367897851 0.375537850 0.361816514 0.325864902 0.350120325 0.349185965 0.330158450 0.336000645 0.413444634 0.454584306 0.405115452 0.406743205 0.400462160 0.403953943 0.398471714 0.281400288 0.352694381 0.324077223 0.353693695 0.356408189 0.345574514 0.332005586 0.335132778 0.339029217 0.341511985 0.303014388 0.301860475 0.295651838 0.298618681 0.281246968 0.280341893 0.277690904 0.261838610 0.267196616 0.259608299 0.261156630 0.252985355 0.295461760 0.330239375 0.285197904 0.280721820 0.000000000 0.247880076 0.298357465 0.299194070 0.574494555 
30     0.449882218 0.397281197 0.385394734 0.394037442 0.394421764 0.371497238 0.377187919 0.363886424 0.327624544 0.353870888 0.352078475 0.333405146 0.342355413 0.418767278 0.458808022 0.408104654 0.409622498 0.404028679 0.406670344 0.399800906 0.286854436 0.356965894 0.328749463 0.358763933 0.361119028 0.351451722 0.335582617 0.340985280 0.344861221 0.347157850 0.308830298 0.308274360 0.301765431 0.303990746 0.288076045 0.286460705 0.280457197 0.265164595 0.271107987 0.263714091 0.264675360 0.256793346 0.300048083 0.332975230 0.291009744 0.286061815 0.247880076 0.000000000 0.303801179 0.305635346 0.571923430 
38     0.432170364 0.380273903 0.367349562 0.377748223 0.378103246 0.356002935 0.364324783 0.349178863 0.312625411 0.337614213 0.335946639 0.317124066 0.323411126 0.399388640 0.437571367 0.388625233 0.390273892 0.383501437 0.388276720 0.382410525 0.268771274 0.340708282 0.314199905 0.342962549 0.346105043 0.335110549 0.319566101 0.321133145 0.325176164 0.328655321 0.292990711 0.291271209 0.284980164 0.286863855 0.269454402 0.269653091 0.297087241 0.277774546 0.284227111 0.276598717 0.277643755 0.269049138 0.314430297 0.350090717 0.301614343 0.296966392 0.298357465 0.303801179 0.000000000 0.058055811 0.561198576 
26     0.434838438 0.382314229 0.369701911 0.380526543 0.380881566 0.358379954 0.366566576 0.351136006 0.314908945 0.340051777 0.338419216 0.319702344 0.326052620 0.402085781 0.440275864 0.391176870 0.392848360 0.386012119 0.390843374 0.384981793 0.271549670 0.342788576 0.315470514 0.344502527 0.347662064 0.336631309 0.321281890 0.323188899 0.327169263 0.330758536 0.294877187 0.293068923 0.287091631 0.288938695 0.271498645 0.271758387 0.299517868 0.279816804 0.286104307 0.278487571 0.279519003 0.270916886 0.316760197 0.352160536 0.303004613 0.298144467 0.299194070 0.305635346 0.058055811 0.000000000 0.564521125 
0     0.626508722 0.572305741 0.559454774 0.570057616 0.570422985 0.551518293 0.557308442 0.542091640 0.506137582 0.531750910 0.530084789 0.511594238 0.515822949 0.592450236 0.629925640 0.579976301 0.581529603 0.576676019 0.579352454 0.574204505 0.499757505 0.565661549 0.540029598 0.568668462 0.569645575 0.560631081 0.546035228 0.551595422 0.554943127 0.557862299 0.552061032 0.548798048 0.544974740 0.546757293 0.530795122 0.530377623 0.572974058 0.553986430 0.559589987 0.551469056 0.552992029 0.547045896 0.594726311 0.626211494 0.579532398 0.576591948 0.574494555 0.571923430 0.561198576 0.564521125 0.000000000 
