51
18     0.000000000 0.008011110 0.006624700 0.005621140 0.013343050 0.039968430 0.003531340 0.030889760 0.022547300 0.013718130 0.029917570 0.022343560 0.008194680 0.016914590 0.041759440 0.032068410 0.032607330 0.033485360 0.026517950 0.024196280 0.029012170 0.042427450 0.001254530 0.001107430 0.047761770 0.003955980 0.014841180 0.013969410 0.023499050 0.022544120 0.048918810 0.048028950 0.050756450 0.046688800 0.030231780 0.044804870 0.035418190 0.022607680 0.037433710 0.026223520 0.032717090 0.049263570 0.052329090 0.017587750 0.025029250 0.024071080 0.011591790 0.031817840 0.025746690 0.026687820 0.019708640 
15     0.008011110 0.000000000 0.000025340 0.003996350 0.006810270 0.025923630 0.019967730 0.020554510 0.030004090 0.025083630 0.025212740 0.010807530 0.004349830 0.004367470 0.033229900 0.031106100 0.025990800 0.016689760 0.005284500 0.012153160 0.006609160 0.016397010 0.010029460 0.029399250 0.010029290 0.023707640 0.002021290 0.008723160 0.010495360 0.026228660 0.044022570 0.046943660 0.033993080 0.038553790 0.039188540 0.037448690 0.038582810 0.014429560 0.029255590 0.018045400 0.023729930 0.017022350 0.048604120 0.047977940 0.011152650 0.051294020 0.023815080 0.031804790 0.045891260 0.041154220 0.026877490 
1     0.006624700 0.000025340 0.000000000 0.004686210 0.011306050 0.017204700 0.020657590 0.018843710 0.012043860 0.025773490 0.001585400 0.024426790 0.008992670 0.012669970 0.036240730 0.022854720 0.020642440 0.007973490 0.026519500 0.024243630 0.012782920 0.026985740 0.010719320 0.017117310 0.027877790 0.022685040 0.002765700 0.008051050 0.009823250 0.008873340 0.008498510 0.030473240 0.038558760 0.032023860 0.012300090 0.013825940 0.020042470 0.014366480 0.018422200 0.013337900 0.035612490 0.025244030 0.008868650 0.045289450 0.004737650 0.026527450 0.009322950 0.012030050 0.009301170 0.017079720 0.021408830 
6     0.005621140 0.003996350 0.004686210 0.000000000 0.000001860 0.018667380 0.011530510 0.020890840 0.010122290 0.025419960 0.017855230 0.005993550 0.021598200 0.033964840 0.030988800 0.010386520 0.001328220 0.015398140 0.001338330 0.002631080 0.032335630 0.034785070 0.007668700 0.051043980 0.021376790 0.021589620 0.009949790 0.011016280 0.014560760 0.028680740 0.040178800 0.032648270 0.039235830 0.044409020 0.019802560 0.014690420 0.015849380 0.017444250 0.014467410 0.006617840 0.018440870 0.019829220 0.033020020 0.041127340 0.019211900 0.016070060 0.004947330 0.016550690 0.005373700 0.009236270 0.013113260 
3     0.013343050 0.006810270 0.011306050 0.000001860 0.000000000 0.025952780 0.016379170 0.024664370 0.012478850 0.017330050 0.017523320 0.006746450 0.017274070 0.036670610 0.016516700 0.010384660 0.001326360 0.022329990 0.001336470 0.002629220 0.024792640 0.033939850 0.006823480 0.039851630 0.021520240 0.022134910 0.010393700 0.007112830 0.014558900 0.003188800 0.048013290 0.039390410 0.037598060 0.046078790 0.026949210 0.015566310 0.016380750 0.017179110 0.015625910 0.019053080 0.022010740 0.021365250 0.029036430 0.058835770 0.038614920 0.016663260 0.013754840 0.018707540 0.031227350 0.025451240 0.023547890 
12     0.039968430 0.025923630 0.017204700 0.018667380 0.025952780 0.000000000 0.000092920 0.001379560 0.005793130 0.009126910 0.011218470 0.009517090 0.010772910 0.014615770 0.033103690 0.026092390 0.020285750 0.029857920 0.025392310 0.005112560 0.009381540 0.023319340 0.017123310 0.034487040 0.018332430 0.019865010 0.017061080 0.008443190 0.002441500 0.034004900 0.022016170 0.026316590 0.039828810 0.041354940 0.010937140 0.032658080 0.016014860 0.024404910 0.006112220 0.013804190 0.021113670 0.008762230 0.023314730 0.029894900 0.028170720 0.032847750 0.022517180 0.001168470 0.002959000 0.034251090 0.028520590 
4     0.003531340 0.019967730 0.020657590 0.011530510 0.016379170 0.000092920 0.000000000 0.000596800 0.007253980 0.005133460 0.005262570 0.003055550 0.005222550 0.015131780 0.038892130 0.024771890 0.018965250 0.028537420 0.014638630 0.008564720 0.010153900 0.030795980 0.011167410 0.035020260 0.033204350 0.029525190 0.011105180 0.004905350 0.016575500 0.029482360 0.032824260 0.033348740 0.038508310 0.039435840 0.001376180 0.031337580 0.037904340 0.035438440 0.044520810 0.037548010 0.022364840 0.032710920 0.040270330 0.028574400 0.014226810 0.023507700 0.040632740 0.018526560 0.006578150 0.030307350 0.021981930 
11     0.030889760 0.020554510 0.018843710 0.020890840 0.024664370 0.001379560 0.000596800 0.000000000 0.001903440 0.005720240 0.001785930 0.006416510 0.009116180 0.013753460 0.009537260 0.020889480 0.017586930 0.025381240 0.018496900 0.016963630 0.015646450 0.029417660 0.011754190 0.003228120 0.018917630 0.010811270 0.008296310 0.005830880 0.015786210 0.001581110 0.034470490 0.026710480 0.036721860 0.011457850 0.019530090 0.029959260 0.033254300 0.039999810 0.045132340 0.042874160 0.003632750 0.016037990 0.031333160 0.027196080 0.033808530 0.027861600 0.031951100 0.026806780 0.025440170 0.026337950 0.018101930 
8     0.022547300 0.030004090 0.012043860 0.010122290 0.012478850 0.005793130 0.007253980 0.001903440 0.000000000 0.008932000 0.015303200 0.006867000 0.007441670 0.000560820 0.034483530 0.008518910 0.009421840 0.026936860 0.001272290 0.000987120 0.018146360 0.005041710 0.002514850 0.011721890 0.010181460 0.003236400 0.003135980 0.001883250 0.002871020 0.007903920 0.003659440 0.015659330 0.022315020 0.010849530 0.005992350 0.011384960 0.005972630 0.047122460 0.047939950 0.040492100 0.017345510 0.049114280 0.022279080 0.011417440 0.008558830 0.013644210 0.009032880 0.017411730 0.012662580 0.018916960 0.020058310 
13     0.013718130 0.025083630 0.025773490 0.025419960 0.017330050 0.009126910 0.005133460 0.005720240 0.008932000 0.000000000 0.000028590 0.000087420 0.002322660 0.009391050 0.040940660 0.019031160 0.013224520 0.022796690 0.011893130 0.003079640 0.009886300 0.008903330 0.010590710 0.024530320 0.013314410 0.023784460 0.016221080 0.018004760 0.021691400 0.015824770 0.014427970 0.008174630 0.021756910 0.022435450 0.018508590 0.020711440 0.020767600 0.026366650 0.011133820 0.027771590 0.012250110 0.013793710 0.023889240 0.008652190 0.022304550 0.024236790 0.032306630 0.033346620 0.008614390 0.022152880 0.024056330 
16     0.029917570 0.025212740 0.001585400 0.017855230 0.017523320 0.011218470 0.005262570 0.001785930 0.015303200 0.000028590 0.000000000 0.000035230 0.024453600 0.027432950 0.027649230 0.026726140 0.011638770 0.006253660 0.020197390 0.026901770 0.013871340 0.010547430 0.016412420 0.019906640 0.013502400 0.024474540 0.016350190 0.018133870 0.021820510 0.003708770 0.020960680 0.002860710 0.024118500 0.021924220 0.022811660 0.017382870 0.041380790 0.012212850 0.011795580 0.010258080 0.019633710 0.017022490 0.037581330 0.030436750 0.034669010 0.031452870 0.029783970 0.033558640 0.022360850 0.036956140 0.021728410 
20     0.022343560 0.010807530 0.024426790 0.005993550 0.006746450 0.009517090 0.003055550 0.006416510 0.006867000 0.000087420 0.000035230 0.000000000 0.000195410 0.009781230 0.011354780 0.005436360 0.008076010 0.023186870 0.020077550 0.014725740 0.008107270 0.025266430 0.002945640 0.018930160 0.003571790 0.023498060 0.006562190 0.003235820 0.003478690 0.006620270 0.015829230 0.026779340 0.013783930 0.003630070 0.010535610 0.012738460 0.042113220 0.013377390 0.007862200 0.006324700 0.004014520 0.016902650 0.028965590 0.023223850 0.027380900 0.020101480 0.030516400 0.010520650 0.001410570 0.022693430 0.009287420 
5     0.008194680 0.004349830 0.008992670 0.021598200 0.017274070 0.010772910 0.005222550 0.009116180 0.007441670 0.002322660 0.024453600 0.000195410 0.000000000 0.001631760 0.030163990 0.010905470 0.011418140 0.018451690 0.004744470 0.028834740 0.015630480 0.014740550 0.010655250 0.007236010 0.042807580 0.032371580 0.034713560 0.005219530 0.016507340 0.024440520 0.004751920 0.039365160 0.016939970 0.016703460 0.008842120 0.009628850 0.009995900 0.017207270 0.020176640 0.017888160 0.020516530 0.015563610 0.029188000 0.038292780 0.007925860 0.021388710 0.012686150 0.029204300 0.016385620 0.009950110 0.007768370 
17     0.016914590 0.004367470 0.012669970 0.033964840 0.036670610 0.014615770 0.015131780 0.013753460 0.000560820 0.009391050 0.027432950 0.009781230 0.001631760 0.000000000 0.033920140 0.012608690 0.007085150 0.016657320 0.028882120 0.008196190 0.025037060 0.018915880 0.007331430 0.012408090 0.029083290 0.002261980 0.014892710 0.007762840 0.011162010 0.035482770 0.016540760 0.021468640 0.020701430 0.022190180 0.011654180 0.008162590 0.022770820 0.025270630 0.026043380 0.012753790 0.011275820 0.033886020 0.005578940 0.016694300 0.020693590 0.029035660 0.009368440 0.023077470 0.009427090 0.008620340 0.028493120 
9     0.041759440 0.033229900 0.036240730 0.030988800 0.016516700 0.033103690 0.038892130 0.009537260 0.034483530 0.040940660 0.027649230 0.011354780 0.030163990 0.033920140 0.000000000 0.004853530 0.009341780 0.008543040 0.005435440 0.003212430 0.015473050 0.063817530 0.014702250 0.020996130 0.024210950 0.045206870 0.011036100 0.004765280 0.032413860 0.043153020 0.012362260 0.020368640 0.036804350 0.037375710 0.021311230 0.023986680 0.017433200 0.027481060 0.027191800 0.026673920 0.048028520 0.026852670 0.014220010 0.017656470 0.016088850 0.024297400 0.046653390 0.015166570 0.051827380 0.052208000 0.022144000 
10     0.032068410 0.031106100 0.022854720 0.010386520 0.010384660 0.026092390 0.024771890 0.020889480 0.008518910 0.019031160 0.026726140 0.005436360 0.010905470 0.012608690 0.004853530 0.000000000 0.000123370 0.000725500 0.000588470 0.001034220 0.017631980 0.015179680 0.037612130 0.008502550 0.016004480 0.020035520 0.020424320 0.031505590 0.022635980 0.012557430 0.014682160 0.011535280 0.032159820 0.039795490 0.029968440 0.006669670 0.021483090 0.029563040 0.026709440 0.030723810 0.026425570 0.019825780 0.023732540 0.021706360 0.020138740 0.030600640 0.038621090 0.031440800 0.018155680 0.012750240 0.011298630 
14     0.032607330 0.025990800 0.020642440 0.001328220 0.001326360 0.020285750 0.018965250 0.017586930 0.009421840 0.013224520 0.011638770 0.008076010 0.011418140 0.007085150 0.009341780 0.000123370 0.000000000 0.000624760 0.000010110 0.001463900 0.004466540 0.018272780 0.031805490 0.009916600 0.021652740 0.016318180 0.014617680 0.025698950 0.013577680 0.015650530 0.013818420 0.010478970 0.026353180 0.039186170 0.029359120 0.019182450 0.027177560 0.026764360 0.026797230 0.036418280 0.026761520 0.021972330 0.009957420 0.016419270 0.023031720 0.029125420 0.035529320 0.031048370 0.014663360 0.018779950 0.007637720 
19     0.033485360 0.016689760 0.007973490 0.015398140 0.022329990 0.029857920 0.028537420 0.025381240 0.026936860 0.022796690 0.006253660 0.023186870 0.018451690 0.016657320 0.008543040 0.000725500 0.000624760 0.000000000 0.000040160 0.000608070 0.021655530 0.010860320 0.009381240 0.029801480 0.032595820 0.007383790 0.024189850 0.012926190 0.013945410 0.008478990 0.014732020 0.030765780 0.021178500 0.012910080 0.009298300 0.021521020 0.023415130 0.019429540 0.018164200 0.007059240 0.014865390 0.005580020 0.015784260 0.023638400 0.022070780 0.014931120 0.021687910 0.016321140 0.014487540 0.010205730 0.028125930 
2     0.026517950 0.005284500 0.026519500 0.001338330 0.001336470 0.025392310 0.014638630 0.018496900 0.001272290 0.011893130 0.020197390 0.020077550 0.004744470 0.028882120 0.005435440 0.000588470 0.000010110 0.000040160 0.000000000 0.000112400 0.012196480 0.021890390 0.030794850 0.011491750 0.023216790 0.020418210 0.033204320 0.005535730 0.007136210 0.022605420 0.045568700 0.022033720 0.017992360 0.019203480 0.025079570 0.018168110 0.007287440 0.024565100 0.019049910 0.017512410 0.026771630 0.003679220 0.025761540 0.020052950 0.018485330 0.029536960 0.013422630 0.013857650 0.019303780 0.012965700 0.017684580 
7     0.024196280 0.012153160 0.024243630 0.002631080 0.002629220 0.005112560 0.008564720 0.016963630 0.000987120 0.003079640 0.026901770 0.014725740 0.028834740 0.008196190 0.003212430 0.001034220 0.001463900 0.000608070 0.000112400 0.000000000 0.012084100 0.019751890 0.030826290 0.012044870 0.013237530 0.014147310 0.015728720 0.007698280 0.014880540 0.036318780 0.024804720 0.012945860 0.027464220 0.027539450 0.025039130 0.018660740 0.021031060 0.016474850 0.028100090 0.030271780 0.028064380 0.016261410 0.009391450 0.017530310 0.019686710 0.025187530 0.004499830 0.010161630 0.015774400 0.022028780 0.022918160 
34     0.029012170 0.006609160 0.012782920 0.032335630 0.024792640 0.009381540 0.010153900 0.015646450 0.018146360 0.009886300 0.013871340 0.008107270 0.015630480 0.025037060 0.015473050 0.017631980 0.004466540 0.021655530 0.012196480 0.012084100 0.000000000 0.002650170 0.007846150 0.002784050 0.007083760 0.000925650 0.008059410 0.017237190 0.014635900 0.010155300 0.021256240 0.015454150 0.019880990 0.020559530 0.016205480 0.018835520 0.017398310 0.027650370 0.036298970 0.010692550 0.034044210 0.029033220 0.006869440 0.028476200 0.022362930 0.006575160 0.010517720 0.021184790 0.020193510 0.009606240 0.013839570 
28     0.042427450 0.016397010 0.026985740 0.034785070 0.033939850 0.023319340 0.030795980 0.029417660 0.005041710 0.008903330 0.010547430 0.025266430 0.014740550 0.018915880 0.063817530 0.015179680 0.018272780 0.010860320 0.021890390 0.019751890 0.002650170 0.000000000 0.000664670 0.004669850 0.006727010 0.003200730 0.004553850 0.009003200 0.014233080 0.017931850 0.015193800 0.026032170 0.015501360 0.015312110 0.019334530 0.005564390 0.020806470 0.004457410 0.006872790 0.005155860 0.004852600 0.002149370 0.016781260 0.026705630 0.018306030 0.030916230 0.033621440 0.026702300 0.021522340 0.019288560 0.002137650 
40     0.001254530 0.010029460 0.010719320 0.007668700 0.006823480 0.017123310 0.011167410 0.011754190 0.002514850 0.010590710 0.016412420 0.002945640 0.010655250 0.007331430 0.014702250 0.037612130 0.031805490 0.009381240 0.030794850 0.030826290 0.007846150 0.000664670 0.000000000 0.002255700 0.006730000 0.000086510 0.000062230 0.001722350 0.005408990 0.003316900 0.008614000 0.016599980 0.009239760 0.018688850 0.002348250 0.005198430 0.005183970 0.024503330 0.023041060 0.022287620 0.026203350 0.022590170 0.020896050 0.018448340 0.017329780 0.010667730 0.018698470 0.011211860 0.017658210 0.004891890 0.001555860 
50     0.001107430 0.029399250 0.017117310 0.051043980 0.039851630 0.034487040 0.035020260 0.003228120 0.011721890 0.024530320 0.019906640 0.018930160 0.007236010 0.012408090 0.020996130 0.008502550 0.009916600 0.029801480 0.011491750 0.012044870 0.002784050 0.004669850 0.002255700 0.000000000 0.000030920 0.000759590 0.008778130 0.014988800 0.013205220 0.009474320 0.006928920 0.024187430 0.010896480 0.025405840 0.015345240 0.009057500 0.000884630 0.037827390 0.033385250 0.033321100 0.033287530 0.035161250 0.008082170 0.008274870 0.037655110 0.041643860 0.050152710 0.010618360 0.029286750 0.033855170 0.031725270 
47     0.047761770 0.010029290 0.027877790 0.021376790 0.021520240 0.018332430 0.033204350 0.018917630 0.010181460 0.013314410 0.013502400 0.003571790 0.042807580 0.029083290 0.024210950 0.016004480 0.021652740 0.032595820 0.023216790 0.013237530 0.007083760 0.006727010 0.006730000 0.000030920 0.000000000 0.000252140 0.002843690 0.026200580 0.027473750 0.013924210 0.011871290 0.014188550 0.025095650 0.026083240 0.006274410 0.003597480 0.008170010 0.010600010 0.006157870 0.006093720 0.006060150 0.010542200 0.028083060 0.013086630 0.031884290 0.028067790 0.031035040 0.005240080 0.031006220 0.039468820 0.015109140 
33     0.003955980 0.023707640 0.022685040 0.021589620 0.022134910 0.019865010 0.029525190 0.010811270 0.003236400 0.023784460 0.024474540 0.023498060 0.032371580 0.002261980 0.045206870 0.020035520 0.016318180 0.007383790 0.020418210 0.014147310 0.000925650 0.003200730 0.000086510 0.000759590 0.000252140 0.000000000 0.000150750 0.017837350 0.023558480 0.014502790 0.014411600 0.030321930 0.002973840 0.021015540 0.001471200 0.000641980 0.029021860 0.008992750 0.004550610 0.004486460 0.004452890 0.013710910 0.019968770 0.018946050 0.025383970 0.019627250 0.029480350 0.037104050 0.023791680 0.015736590 0.023719700 
46     0.014841180 0.002021290 0.002765700 0.009949790 0.010393700 0.017061080 0.011105180 0.008296310 0.003135980 0.016221080 0.016350190 0.006562190 0.034713560 0.014892710 0.011036100 0.020424320 0.014617680 0.024189850 0.033204320 0.015728720 0.008059410 0.004553850 0.000062230 0.008778130 0.002843690 0.000150750 0.000000000 0.001783680 0.005470320 0.000236830 0.014738310 0.017073500 0.010401750 0.030995030 0.017557500 0.025537550 0.010715390 0.015514400 0.017427980 0.021075900 0.028949330 0.018757830 0.028031800 0.015265350 0.015250100 0.026418900 0.015561420 0.009772840 0.006541580 0.011369160 0.015307520 
44     0.013969410 0.008723160 0.008051050 0.011016280 0.007112830 0.008443190 0.004905350 0.005830880 0.001883250 0.018004760 0.018133870 0.003235820 0.005219530 0.007762840 0.004765280 0.031505590 0.025698950 0.012926190 0.005535730 0.007698280 0.017237190 0.009003200 0.001722350 0.014988800 0.026200580 0.017837350 0.001783680 0.000000000 0.000541030 0.007228650 0.002548530 0.016044540 0.021204110 0.038625270 0.032413460 0.014033380 0.001714140 0.023338630 0.026425790 0.023860430 0.009436480 0.026494860 0.006619780 0.012341820 0.018954270 0.025047970 0.031451870 0.022709720 0.011551670 0.017806050 0.006419190 
27     0.023499050 0.010495360 0.009823250 0.014560760 0.014558900 0.002441500 0.016575500 0.015786210 0.002871020 0.021691400 0.021820510 0.003478690 0.016507340 0.011162010 0.032413860 0.022635980 0.013577680 0.013945410 0.007136210 0.014880540 0.014635900 0.014233080 0.005408990 0.013205220 0.027473750 0.023558480 0.005470320 0.000541030 0.000000000 0.000358000 0.006322180 0.019489650 0.024977760 0.026878610 0.036495150 0.009651120 0.020427770 0.013290160 0.013323030 0.028838700 0.013287320 0.003908910 0.006514100 0.016115470 0.022727920 0.028821620 0.001466850 0.025804380 0.015325320 0.021579700 0.017991500 
24     0.022544120 0.026228660 0.008873340 0.028680740 0.003188800 0.034004900 0.029482360 0.001581110 0.007903920 0.015824770 0.003708770 0.006620270 0.024440520 0.035482770 0.043153020 0.012557430 0.015650530 0.008478990 0.022605420 0.036318780 0.010155300 0.017931850 0.003316900 0.009474320 0.013924210 0.014502790 0.000236830 0.007228650 0.000358000 0.000000000 0.013556590 0.026562760 0.037632500 0.037687520 0.002447290 0.005953840 0.016802930 0.011109400 0.033725080 0.030422620 0.026331150 0.010949430 0.026618490 0.043385270 0.016362170 0.020147580 0.006815320 0.015821220 0.031431760 0.033559410 0.011880370 
31     0.048918810 0.044022570 0.008498510 0.040178800 0.048013290 0.022016170 0.032824260 0.034470490 0.003659440 0.014427970 0.020960680 0.015829230 0.004751920 0.016540760 0.012362260 0.014682160 0.013818420 0.014732020 0.045568700 0.024804720 0.021256240 0.015193800 0.008614000 0.006928920 0.011871290 0.014411600 0.014738310 0.002548530 0.006322180 0.013556590 0.000000000 0.001216080 0.011059010 0.008163380 0.003979320 0.002756590 0.011721940 0.020404080 0.019353360 0.011920840 0.020907930 0.020866590 0.003073540 0.010336550 0.013132550 0.018206920 0.001071200 0.003778300 0.001042380 0.007455200 0.010379370 
43     0.048028950 0.046943660 0.030473240 0.032648270 0.039390410 0.026316590 0.033348740 0.026710480 0.015659330 0.008174630 0.002860710 0.026779340 0.039365160 0.021468640 0.020368640 0.011535280 0.010478970 0.030765780 0.022033720 0.012945860 0.015454150 0.026032170 0.016599980 0.024187430 0.014188550 0.030321930 0.017073500 0.016044540 0.019489650 0.026562760 0.001216080 0.000000000 0.005214390 0.002318760 0.001663250 0.001681500 0.017181210 0.015567390 0.022011790 0.014253540 0.007850700 0.013126310 0.017450960 0.005377830 0.002566140 0.017043390 0.020286670 0.025194420 0.003813170 0.001610580 0.015205300 
35     0.050756450 0.033993080 0.038558760 0.039235830 0.037598060 0.039828810 0.038508310 0.036721860 0.022315020 0.021756910 0.024118500 0.013783930 0.016939970 0.020701430 0.036804350 0.032159820 0.026353180 0.021178500 0.017992360 0.027464220 0.019880990 0.015501360 0.009239760 0.010896480 0.025095650 0.002973840 0.010401750 0.021204110 0.024977760 0.037632500 0.011059010 0.005214390 0.000000000 0.000042800 0.005015460 0.000131830 0.007412840 0.016315760 0.023001020 0.025352480 0.024555590 0.024514250 0.023038320 0.012996050 0.013034920 0.019883390 0.004510270 0.017506360 0.007875120 0.005672530 0.039770420 
49     0.046688800 0.038553790 0.032023860 0.044409020 0.046078790 0.041354940 0.039435840 0.011457850 0.010849530 0.022435450 0.021924220 0.003630070 0.016703460 0.022190180 0.037375710 0.039795490 0.039186170 0.012910080 0.019203480 0.027539450 0.020559530 0.015312110 0.018688850 0.025405840 0.026083240 0.021015540 0.030995030 0.038625270 0.026878610 0.037687520 0.008163380 0.002318760 0.000042800 0.000000000 0.000199980 0.000178170 0.013047370 0.021950290 0.021618210 0.023969670 0.023172780 0.015450400 0.007756270 0.014033300 0.026772920 0.025517920 0.022095960 0.023140890 0.004979490 0.002776900 0.039825440 
36     0.030231780 0.039188540 0.012300090 0.019802560 0.026949210 0.010937140 0.001376180 0.019530090 0.005992350 0.018508590 0.022811660 0.010535610 0.008842120 0.011654180 0.021311230 0.029968440 0.029359120 0.009298300 0.025079570 0.025039130 0.016205480 0.019334530 0.002348250 0.015345240 0.006274410 0.001471200 0.017557500 0.032413460 0.036495150 0.002447290 0.003979320 0.001663250 0.005015460 0.000199980 0.000000000 0.000033750 0.015523520 0.017458730 0.016408010 0.018759470 0.017962580 0.017921240 0.015549480 0.025303800 0.016399490 0.001110160 0.004872780 0.007579880 0.004323980 0.002121390 0.029452010 
22     0.044804870 0.037448690 0.013825940 0.014690420 0.015566310 0.032658080 0.031337580 0.029959260 0.011384960 0.020711440 0.017382870 0.012738460 0.009628850 0.008162590 0.023986680 0.006669670 0.019182450 0.021521020 0.018168110 0.018660740 0.018835520 0.005564390 0.005198430 0.009057500 0.003597480 0.000641980 0.025537550 0.014033380 0.009651120 0.005953840 0.002756590 0.001681500 0.000131830 0.000178170 0.000033750 0.000000000 0.008975570 0.017878490 0.020105800 0.021321120 0.021660370 0.001470400 0.009828630 0.005825320 0.012437770 0.018531470 0.009559120 0.019069090 0.004342230 0.002139640 0.033357190 
45     0.035418190 0.038582810 0.020042470 0.015849380 0.016380750 0.016014860 0.037904340 0.033254300 0.005972630 0.020767600 0.041380790 0.042113220 0.009995900 0.022770820 0.017433200 0.021483090 0.027177560 0.023415130 0.007287440 0.021031060 0.017398310 0.020806470 0.005183970 0.000884630 0.008170010 0.029021860 0.010715390 0.001714140 0.020427770 0.016802930 0.011721940 0.017181210 0.007412840 0.013047370 0.015523520 0.008975570 0.000000000 0.004819850 0.006733430 0.010381350 0.016212750 0.002557180 0.012407780 0.002891750 0.000578390 0.000762360 0.012615160 0.000373770 0.008906560 0.010780020 0.024798390 
42     0.022607680 0.014429560 0.014366480 0.017444250 0.017179110 0.024404910 0.035438440 0.039999810 0.047122460 0.026366650 0.012212850 0.013377390 0.017207270 0.025270630 0.027481060 0.029563040 0.026764360 0.019429540 0.024565100 0.016474850 0.027650370 0.004457410 0.024503330 0.037827390 0.010600010 0.008992750 0.015514400 0.023338630 0.013290160 0.011109400 0.020404080 0.015567390 0.016315760 0.021950290 0.017458730 0.017878490 0.004819850 0.000000000 0.000032910 0.000132390 0.000002920 0.001029340 0.002210660 0.000261090 0.008058700 0.016544820 0.023083240 0.005172120 0.013650070 0.018232800 0.006958990 
29     0.037433710 0.029255590 0.018422200 0.014467410 0.015625910 0.006112220 0.044520810 0.045132340 0.047939950 0.011133820 0.011795580 0.007862200 0.020176640 0.026043380 0.027191800 0.026709440 0.026797230 0.018164200 0.019049910 0.028100090 0.036298970 0.006872790 0.023041060 0.033385250 0.006157870 0.004550610 0.017427980 0.026425790 0.013323030 0.033725080 0.019353360 0.022011790 0.023001020 0.021618210 0.016408010 0.020105800 0.006733430 0.000032910 0.000000000 0.000100430 0.000035790 0.000940470 0.001921400 0.002174670 0.009972280 0.018829150 0.031343660 0.007085700 0.019975860 0.034094310 0.008968900 
48     0.026223520 0.018045400 0.013337900 0.006617840 0.019053080 0.013804190 0.037548010 0.042874160 0.040492100 0.027771590 0.010258080 0.006324700 0.017888160 0.012753790 0.026673920 0.030723810 0.036418280 0.007059240 0.017512410 0.030271780 0.010692550 0.005155860 0.022287620 0.033321100 0.006093720 0.004486460 0.021075900 0.023860430 0.028838700 0.030422620 0.011920840 0.014253540 0.025352480 0.023969670 0.018759470 0.021321120 0.010381350 0.000132390 0.000100430 0.000000000 0.000002460 0.000422590 0.001403520 0.005822590 0.010635170 0.012811870 0.006316960 0.010733620 0.012909720 0.033415020 0.006808450 
21     0.032717090 0.023729930 0.035612490 0.018440870 0.022010740 0.021113670 0.022364840 0.003632750 0.017345510 0.012250110 0.019633710 0.004014520 0.020516530 0.011275820 0.048028520 0.026425570 0.026761520 0.014865390 0.026771630 0.028064380 0.034044210 0.004852600 0.026203350 0.033287530 0.006060150 0.004452890 0.028949330 0.009436480 0.013287320 0.026331150 0.020907930 0.007850700 0.024555590 0.023172780 0.017962580 0.021660370 0.016212750 0.000002920 0.000035790 0.000002460 0.000000000 0.002757560 0.010298850 0.020251520 0.015828430 0.013469200 0.027265050 0.036833070 0.015237270 0.019404420 0.009600770 
25     0.049263570 0.017022350 0.025244030 0.019829220 0.021365250 0.008762230 0.032710920 0.016037990 0.049114280 0.013793710 0.017022490 0.016902650 0.015563610 0.033886020 0.026852670 0.019825780 0.021972330 0.005580020 0.003679220 0.016261410 0.029033220 0.002149370 0.022590170 0.035161250 0.010542200 0.013710910 0.018757830 0.026494860 0.003908910 0.010949430 0.020866590 0.013126310 0.024514250 0.015450400 0.017921240 0.001470400 0.002557180 0.001029340 0.000940470 0.000422590 0.002757560 0.000000000 0.001582270 0.007831250 0.003996020 0.003986150 0.012313480 0.012742280 0.010091890 0.021542550 0.013009960 
39     0.052329090 0.048604120 0.008868650 0.033020020 0.029036430 0.023314730 0.040270330 0.031333160 0.022279080 0.023889240 0.037581330 0.028965590 0.029188000 0.005578940 0.014220010 0.023732540 0.009957420 0.015784260 0.025761540 0.009391450 0.006869440 0.016781260 0.020896050 0.008082170 0.028083060 0.019968770 0.028031800 0.006619780 0.006514100 0.026618490 0.003073540 0.017450960 0.023038320 0.007756270 0.015549480 0.009828630 0.012407780 0.002210660 0.001921400 0.001403520 0.010298850 0.001582270 0.000000000 0.005833980 0.006007480 0.010424810 0.026041350 0.018377800 0.026012530 0.034736750 0.025756880 
23     0.017587750 0.047977940 0.045289450 0.041127340 0.058835770 0.029894900 0.028574400 0.027196080 0.011417440 0.008652190 0.030436750 0.023223850 0.038292780 0.016694300 0.017656470 0.021706360 0.016419270 0.023638400 0.020052950 0.017530310 0.028476200 0.026705630 0.018448340 0.008274870 0.013086630 0.018946050 0.015265350 0.012341820 0.016115470 0.043385270 0.010336550 0.005377830 0.012996050 0.014033300 0.025303800 0.005825320 0.002891750 0.000261090 0.002174670 0.005822590 0.020251520 0.007831250 0.005833980 0.000000000 0.001617720 0.013852690 0.021020040 0.002589120 0.002271990 0.008526370 0.014630790 
32     0.025029250 0.011152650 0.004737650 0.019211900 0.038614920 0.028170720 0.014226810 0.033808530 0.008558830 0.022304550 0.034669010 0.027380900 0.007925860 0.020693590 0.016088850 0.020138740 0.023031720 0.022070780 0.018485330 0.019686710 0.022362930 0.018306030 0.017329780 0.037655110 0.031884290 0.025383970 0.015250100 0.018954270 0.022727920 0.016362170 0.013132550 0.002566140 0.013034920 0.026772920 0.016399490 0.012437770 0.000578390 0.008058700 0.009972280 0.010635170 0.015828430 0.003996020 0.006007480 0.001617720 0.000000000 0.000183970 0.013270040 0.004907820 0.008884440 0.012021610 0.035175290 
41     0.024071080 0.051294020 0.026527450 0.016070060 0.016663260 0.032847750 0.023507700 0.027861600 0.013644210 0.024236790 0.031452870 0.020101480 0.021388710 0.029035660 0.024297400 0.030600640 0.029125420 0.014931120 0.029536960 0.025187530 0.006575160 0.030916230 0.010667730 0.041643860 0.028067790 0.019627250 0.026418900 0.025047970 0.028821620 0.020147580 0.018206920 0.017043390 0.019883390 0.025517920 0.001110160 0.018531470 0.000762360 0.016544820 0.018829150 0.012811870 0.013469200 0.003986150 0.010424810 0.013852690 0.000183970 0.000000000 0.019100140 0.016076620 0.014978140 0.005959060 0.033211870 
37     0.011591790 0.023815080 0.009322950 0.004947330 0.013754840 0.022517180 0.040632740 0.031951100 0.009032880 0.032306630 0.029783970 0.030516400 0.012686150 0.009368440 0.046653390 0.038621090 0.035529320 0.021687910 0.013422630 0.004499830 0.010517720 0.033621440 0.018698470 0.050152710 0.031035040 0.029480350 0.015561420 0.031451870 0.001466850 0.006815320 0.001071200 0.020286670 0.004510270 0.022095960 0.004872780 0.009559120 0.012615160 0.023083240 0.031343660 0.006316960 0.027265050 0.012313480 0.026041350 0.021020040 0.013270040 0.019100140 0.000000000 0.004602620 0.001873860 0.011061730 0.026603980 
30     0.031817840 0.031804790 0.012030050 0.016550690 0.018707540 0.001168470 0.018526560 0.026806780 0.017411730 0.033346620 0.033558640 0.010520650 0.029204300 0.023077470 0.015166570 0.031440800 0.031048370 0.016321140 0.013857650 0.010161630 0.021184790 0.026702300 0.011211860 0.010618360 0.005240080 0.037104050 0.009772840 0.022709720 0.025804380 0.015821220 0.003778300 0.025194420 0.017506360 0.023140890 0.007579880 0.019069090 0.000373770 0.005172120 0.007085700 0.010733620 0.036833070 0.012742280 0.018377800 0.002589120 0.004907820 0.016076620 0.004602620 0.000000000 0.004580960 0.010121010 0.012171560 
38     0.025746690 0.045891260 0.009301170 0.005373700 0.031227350 0.002959000 0.006578150 0.025440170 0.012662580 0.008614390 0.022360850 0.001410570 0.016385620 0.009427090 0.051827380 0.018155680 0.014663360 0.014487540 0.019303780 0.015774400 0.020193510 0.021522340 0.017658210 0.029286750 0.031006220 0.023791680 0.006541580 0.011551670 0.015325320 0.031431760 0.001042380 0.003813170 0.007875120 0.004979490 0.004323980 0.004342230 0.008906560 0.013650070 0.019975860 0.012909720 0.015237270 0.010091890 0.026012530 0.002271990 0.008884440 0.014978140 0.001873860 0.004580960 0.000000000 0.000053410 0.016266040 
26     0.026687820 0.041154220 0.017079720 0.009236270 0.025451240 0.034251090 0.030307350 0.026337950 0.018916960 0.022152880 0.036956140 0.022693430 0.009950110 0.008620340 0.052208000 0.012750240 0.018779950 0.010205730 0.012965700 0.022028780 0.009606240 0.019288560 0.004891890 0.033855170 0.039468820 0.015736590 0.011369160 0.017806050 0.021579700 0.033559410 0.007455200 0.001610580 0.005672530 0.002776900 0.002121390 0.002139640 0.010780020 0.018232800 0.034094310 0.033415020 0.019404420 0.021542550 0.034736750 0.008526370 0.012021610 0.005959060 0.011061730 0.010121010 0.000053410 0.000000000 0.020128610 
0     0.019708640 0.026877490 0.021408830 0.013113260 0.023547890 0.028520590 0.021981930 0.018101930 0.020058310 0.024056330 0.021728410 0.009287420 0.007768370 0.028493120 0.022144000 0.011298630 0.007637720 0.028125930 0.017684580 0.022918160 0.013839570 0.002137650 0.001555860 0.031725270 0.015109140 0.023719700 0.015307520 0.006419190 0.017991500 0.011880370 0.010379370 0.015205300 0.039770420 0.039825440 0.029452010 0.033357190 0.024798390 0.006958990 0.008968900 0.006808450 0.009600770 0.013009960 0.025756880 0.014630790 0.035175290 0.033211870 0.026603980 0.012171560 0.016266040 0.020128610 0.000000000 
