51
1     0.000000000 0.099865260 0.102645668 0.110034206 0.109575232 0.086542675 0.085473828 0.088034432 0.091704626 0.099956963 0.092918125 0.093208253 0.092991490 0.087283214 0.086234462 0.085293312 0.086790169 0.095361611 0.087474851 0.086643059 0.079570879 0.101125080 0.097253939 0.096187971 0.091286081 0.093524837 0.092712151 0.089452279 0.092066525 0.087534690 0.083948410 0.094228101 0.094306825 0.093490000 0.089514239 0.090905300 0.092614087 0.094610537 0.090291451 0.092288962 0.091025371 0.092637409 0.090027968 0.088950156 0.089385026 0.087151072 0.088487028 0.079069191 0.079709471 0.078264709 0.171387976 
32     0.099865260 0.000000000 0.027828145 0.109278883 0.108819909 0.085779133 0.084710286 0.087270890 0.090941084 0.099376078 0.092251985 0.092547642 0.092330879 0.086622603 0.085423466 0.085182334 0.086679191 0.095250633 0.087171701 0.086445793 0.079300371 0.106068307 0.102197166 0.101131198 0.096234113 0.098472868 0.097660183 0.094400311 0.097014557 0.092331922 0.088909218 0.099134254 0.099212979 0.098396153 0.094420393 0.095811453 0.097436732 0.099433182 0.095196884 0.097194395 0.095930804 0.097542842 0.094933401 0.093855589 0.094285793 0.091926568 0.093262524 0.083834199 0.084474479 0.083029717 0.176782355 
48     0.102645668 0.027828145 0.000000000 0.112059291 0.111600317 0.088559541 0.087490694 0.090051298 0.093721492 0.102156486 0.095032393 0.095328050 0.095111287 0.089403010 0.088203874 0.087962742 0.089459599 0.098031041 0.089952109 0.089226201 0.082080779 0.108848715 0.104977574 0.103911606 0.099014521 0.101253276 0.100440591 0.097180719 0.099794965 0.095112330 0.091689626 0.101914662 0.101993387 0.101176561 0.097200801 0.098591861 0.100217140 0.102213590 0.097977292 0.099974803 0.098711212 0.100323250 0.097713809 0.096635997 0.097066201 0.094706976 0.096042932 0.086614607 0.087254887 0.085810125 0.179562762 
7     0.110034206 0.109278883 0.112059291 0.000000000 0.016508734 0.059851638 0.058701257 0.061334162 0.065076950 0.088361031 0.081243659 0.081351992 0.081110072 0.075374052 0.074803927 0.094723692 0.096220548 0.104791991 0.096895804 0.096088039 0.088992616 0.115887607 0.112016466 0.110950498 0.106053170 0.108291926 0.107479240 0.104219368 0.106833614 0.102167103 0.098731928 0.108958719 0.109037443 0.108220618 0.104244857 0.105635918 0.107264180 0.109260630 0.105023578 0.107021089 0.105757498 0.107369536 0.104760095 0.103682283 0.104112487 0.101735985 0.103071942 0.093586140 0.094226420 0.092781658 0.187151427 
14     0.109575232 0.108819909 0.111600317 0.016508734 0.000000000 0.059423056 0.058272675 0.060914979 0.064657766 0.087907799 0.080790426 0.080888335 0.080646415 0.074910395 0.074341073 0.094264718 0.095761574 0.104333017 0.096436830 0.095629065 0.088533642 0.115428633 0.111557492 0.110491524 0.105594196 0.107832952 0.107020266 0.103760394 0.106374640 0.101708129 0.098272954 0.108499745 0.108578469 0.107761644 0.103785883 0.105176944 0.106805206 0.108801656 0.104564604 0.106562115 0.105298524 0.106910562 0.104301121 0.103223309 0.103653513 0.101277011 0.102612968 0.093127166 0.093767446 0.092322684 0.186692453 
19     0.086542675 0.085779133 0.088559541 0.059851638 0.059423056 0.000000000 0.008837779 0.028570524 0.032127927 0.064923046 0.057760402 0.058014764 0.057769449 0.052037059 0.051337978 0.071253399 0.072750256 0.081321698 0.073425511 0.072617747 0.065522323 0.092362609 0.088491468 0.087425500 0.082528172 0.084766928 0.083954242 0.080694370 0.083308616 0.078642550 0.075207375 0.085434166 0.085512891 0.084696066 0.080720305 0.082111365 0.083739628 0.085736078 0.081499026 0.083496537 0.082232945 0.083844983 0.081235543 0.080157731 0.080587934 0.078212438 0.079548394 0.070062592 0.070702872 0.069258111 0.163655953 
5     0.085473828 0.084710286 0.087490694 0.058701257 0.058272675 0.008837779 0.000000000 0.027615346 0.031329091 0.063851568 0.056687575 0.056941937 0.056696622 0.050964232 0.050269130 0.070184552 0.071681408 0.080252851 0.072356664 0.071548899 0.064453476 0.091293762 0.087422621 0.086356652 0.081459325 0.083698080 0.082885394 0.079625523 0.082239769 0.077573703 0.074138528 0.084365319 0.084444043 0.083627218 0.079651457 0.081042518 0.082670780 0.084667230 0.080430178 0.082427690 0.081164098 0.082776136 0.080166695 0.079088883 0.079519087 0.077143590 0.078479547 0.068993745 0.069634025 0.068189263 0.162587105 
41     0.088034432 0.087270890 0.090051298 0.061334162 0.060914979 0.028570524 0.027615346 0.000000000 0.025889101 0.066410779 0.059243948 0.059494754 0.059249439 0.053517049 0.052816363 0.072744523 0.074241380 0.082812822 0.074916635 0.074108870 0.067013447 0.093854366 0.089983225 0.088917257 0.084019929 0.086258684 0.085445999 0.082186127 0.084800373 0.080134307 0.076699132 0.086925923 0.087004648 0.086187822 0.082212062 0.083603122 0.085231385 0.087227835 0.082990782 0.084988294 0.083724702 0.085336740 0.082727299 0.081649487 0.082079691 0.079704194 0.081040151 0.071554349 0.072194629 0.070749867 0.165147709 
21     0.091704626 0.090941084 0.093721492 0.065076950 0.064657766 0.032127927 0.031329091 0.025889101 0.000000000 0.070095807 0.062914310 0.063165115 0.062919800 0.057187410 0.056494940 0.076415543 0.077912400 0.086483842 0.078587655 0.077779890 0.070684467 0.097524560 0.093653419 0.092587451 0.087690123 0.089928879 0.089116193 0.085856321 0.088470567 0.083804501 0.080369326 0.090596118 0.090674842 0.089858017 0.085882256 0.087273316 0.088901579 0.090898029 0.086660977 0.088658488 0.087394897 0.089006935 0.086397494 0.085319682 0.085749885 0.083374389 0.084710345 0.075224544 0.075864824 0.074420062 0.168817904 
12     0.099956963 0.099376078 0.102156486 0.088361031 0.087907799 0.064923046 0.063851568 0.066410779 0.070095807 0.000000000 0.062060026 0.062374565 0.062100505 0.056372346 0.063529580 0.084909468 0.086406325 0.094977767 0.087207076 0.086394736 0.079300669 0.105917032 0.102045891 0.100979923 0.096082595 0.098321351 0.097508665 0.094248793 0.096863039 0.092196973 0.088761798 0.099052269 0.099130993 0.098314168 0.094338407 0.095729468 0.097333325 0.099329775 0.095022528 0.097020039 0.095756448 0.097368486 0.094759045 0.093681233 0.094111436 0.091811711 0.093147668 0.083666142 0.084306422 0.082861660 0.177247400 
20     0.092918125 0.092251985 0.095032393 0.081243659 0.080790426 0.057760402 0.056687575 0.059243948 0.062914310 0.062060026 0.000000000 0.045910616 0.045591407 0.040021322 0.056959562 0.077827786 0.079324643 0.087896085 0.080125394 0.079313054 0.072218987 0.098883449 0.095012308 0.093946339 0.089049012 0.091287767 0.090475081 0.087215210 0.089829456 0.085163390 0.081728215 0.091948792 0.092027517 0.091210691 0.087234931 0.088625991 0.090229849 0.092226298 0.087988945 0.089986456 0.088722864 0.090334902 0.087725462 0.086647650 0.087077853 0.084760701 0.086096657 0.076617727 0.077258007 0.075813245 0.170170053 
37     0.093208253 0.092547642 0.095328050 0.081351992 0.080888335 0.058014764 0.056941937 0.059494754 0.063165115 0.062374565 0.045910616 0.000000000 0.032367500 0.026662731 0.057110976 0.078135655 0.079632512 0.088203954 0.080433263 0.079620923 0.072526856 0.099173821 0.095302680 0.094236711 0.089339384 0.091578139 0.090765453 0.087505582 0.090119828 0.085453762 0.082018587 0.092239164 0.092317888 0.091501063 0.087525302 0.088916363 0.090520221 0.092516670 0.088279317 0.090276828 0.089013236 0.090625274 0.088015834 0.086938022 0.087368225 0.085051087 0.086387043 0.076908113 0.077548393 0.076103631 0.170454463 
31     0.092991490 0.092330879 0.095111287 0.081110072 0.080646415 0.057769449 0.056696622 0.059249439 0.062919800 0.062100505 0.045591407 0.032367500 0.000000000 0.020671611 0.056873870 0.077918892 0.079415749 0.087987191 0.080216500 0.079404161 0.072310093 0.098957058 0.095085917 0.094019949 0.089122621 0.091361376 0.090548691 0.087288819 0.089903065 0.085236999 0.081801824 0.092022401 0.092101126 0.091284301 0.087308540 0.088699600 0.090303458 0.092299908 0.088062554 0.090060065 0.088796474 0.090408512 0.087799071 0.086721259 0.087151462 0.084834324 0.086170280 0.076691350 0.077331630 0.075886868 0.170237700 
17     0.087283214 0.086622603 0.089403010 0.075374052 0.074910395 0.052037059 0.050964232 0.053517049 0.057187410 0.056372346 0.040021322 0.026662731 0.020671611 0.000000000 0.051134569 0.072210616 0.073707472 0.082278915 0.074508224 0.073695884 0.066601816 0.093248781 0.089377640 0.088311672 0.083414344 0.085653100 0.084840414 0.081580542 0.084194788 0.079528722 0.076093547 0.086314125 0.086392849 0.085576024 0.081600263 0.082991324 0.084595181 0.086591631 0.082354277 0.084351789 0.083088197 0.084700235 0.082090794 0.081012982 0.081443186 0.079126047 0.080462004 0.070983073 0.071623353 0.070178592 0.164529423 
47     0.086234462 0.085423466 0.088203874 0.074803927 0.074341073 0.051337978 0.050269130 0.052816363 0.056494940 0.063529580 0.056959562 0.057110976 0.056873870 0.051134569 0.000000000 0.070836170 0.072333027 0.080904469 0.073177399 0.072339250 0.065245182 0.091966426 0.088095285 0.087029317 0.082131989 0.084370744 0.083558059 0.080298187 0.082912433 0.078245921 0.074810747 0.085110796 0.085189521 0.084372695 0.080396935 0.081787995 0.083416258 0.085412708 0.081105418 0.083102929 0.081839338 0.083451376 0.080841935 0.079764123 0.080194327 0.077927257 0.079263214 0.069784283 0.070424563 0.068979802 0.163320280 
46     0.085293312 0.085182334 0.087962742 0.094723692 0.094264718 0.071253399 0.070184552 0.072744523 0.076415543 0.084909468 0.077827786 0.078135655 0.077918892 0.072210616 0.070836170 0.000000000 0.015665856 0.031355154 0.056095752 0.055400264 0.048245323 0.091262047 0.087390906 0.086324937 0.081428069 0.083666825 0.082854139 0.079594268 0.082208514 0.077618938 0.074193221 0.084406839 0.084485564 0.083668739 0.079692978 0.081084038 0.082709577 0.084706027 0.080399328 0.082396839 0.081133248 0.082745286 0.080135845 0.079058033 0.079488236 0.076734135 0.078070092 0.068636206 0.069276486 0.067831724 0.162472046 
25     0.086790169 0.086679191 0.089459599 0.096220548 0.095761574 0.072750256 0.071681408 0.074241380 0.077912400 0.086406325 0.079324643 0.079632512 0.079415749 0.073707472 0.072333027 0.015665856 0.000000000 0.032953502 0.057593804 0.056898112 0.049743171 0.092758903 0.088887762 0.087821794 0.082924926 0.085163682 0.084350996 0.081091124 0.083705370 0.079115794 0.075690077 0.085903696 0.085982420 0.085165595 0.081189834 0.082580895 0.084206434 0.086202883 0.081896184 0.083893696 0.082630104 0.084242142 0.081632701 0.080554889 0.080985093 0.078230992 0.079566949 0.070133062 0.070773342 0.069328581 0.163968902 
45     0.095361611 0.095250633 0.098031041 0.104791991 0.104333017 0.081321698 0.080252851 0.082812822 0.086483842 0.094977767 0.087896085 0.088203954 0.087987191 0.082278915 0.080904469 0.031355154 0.032953502 0.000000000 0.066162971 0.065467483 0.058312543 0.101330346 0.097459205 0.096393236 0.091496369 0.093735124 0.092922438 0.089662567 0.092276813 0.087687237 0.084261520 0.094475138 0.094553863 0.093737038 0.089761277 0.091152337 0.092777876 0.094774326 0.090467627 0.092465138 0.091201547 0.092813585 0.090204144 0.089126332 0.089556535 0.086802434 0.088138391 0.078704505 0.079344785 0.077900023 0.172540345 
6     0.087474851 0.087171701 0.089952109 0.096895804 0.096436830 0.073425511 0.072356664 0.074916635 0.078587655 0.087207076 0.080125394 0.080433263 0.080216500 0.074508224 0.073177399 0.056095752 0.057593804 0.066162971 0.000000000 0.050676922 0.043547564 0.093629157 0.089758016 0.088692048 0.083794962 0.086033718 0.085221032 0.081961161 0.084575407 0.079986048 0.076560114 0.086771328 0.086850052 0.086033227 0.082057466 0.083448527 0.085074065 0.087070515 0.082763816 0.084761328 0.083497736 0.085109774 0.082500333 0.081422521 0.081860722 0.078956354 0.080292311 0.070851950 0.071492230 0.070047468 0.164670833 
2     0.086643059 0.086445793 0.089226201 0.096088039 0.095629065 0.072617747 0.071548899 0.074108870 0.077779890 0.086394736 0.079313054 0.079620923 0.079404161 0.073695884 0.072339250 0.055400264 0.056898112 0.065467483 0.050676922 0.000000000 0.038312235 0.092760437 0.088889296 0.087823327 0.082926242 0.085164998 0.084352312 0.081092440 0.083706686 0.079117328 0.075691394 0.085895262 0.085973986 0.085157161 0.081181400 0.082572461 0.084198000 0.086194449 0.081887750 0.083885262 0.082621670 0.084233708 0.081624267 0.080546455 0.080984656 0.078152490 0.079488446 0.070048085 0.070688365 0.069243603 0.163802434 
28     0.079570879 0.079300371 0.082080779 0.088992616 0.088533642 0.065522323 0.064453476 0.067013447 0.070684467 0.079300669 0.072218987 0.072526856 0.072310093 0.066601816 0.065245182 0.048245323 0.049743171 0.058312543 0.043547564 0.038312235 0.000000000 0.085687439 0.081816298 0.080750330 0.075853245 0.078092001 0.077279315 0.074019443 0.076633689 0.072044330 0.068618396 0.078832015 0.078910739 0.078093914 0.074118153 0.075509214 0.077134753 0.079131202 0.074824503 0.076822015 0.075558423 0.077170461 0.074561020 0.073483208 0.073913412 0.071073493 0.072409449 0.062969088 0.063609368 0.062164606 0.156729405 
44     0.101125080 0.106068307 0.108848715 0.115887607 0.115428633 0.092362609 0.091293762 0.093854366 0.097524560 0.105917032 0.098883449 0.099173821 0.098957058 0.093248781 0.091966426 0.091262047 0.092758903 0.101330346 0.093629157 0.092760437 0.085687439 0.000000000 0.051009926 0.050047956 0.052910496 0.055009546 0.054374923 0.051162029 0.053831885 0.067439817 0.063510813 0.076470968 0.076549692 0.075740998 0.071657329 0.073043113 0.075152287 0.077140523 0.072822351 0.074819862 0.073552159 0.075167051 0.072562397 0.071469381 0.071811033 0.088481305 0.089817261 0.080507332 0.081147612 0.079702850 0.178725791 
43     0.097253939 0.102197166 0.104977574 0.112016466 0.111557492 0.088491468 0.087422621 0.089983225 0.093653419 0.102045891 0.095012308 0.095302680 0.095085917 0.089377640 0.088095285 0.087390906 0.088887762 0.097459205 0.089758016 0.088889296 0.081816298 0.051009926 0.000000000 0.029160516 0.048700598 0.050811989 0.050166580 0.047339688 0.049859427 0.063595551 0.059672904 0.072634865 0.072713590 0.071910436 0.067825737 0.069211521 0.071337110 0.073319806 0.069012480 0.071009991 0.069742288 0.071357180 0.068752527 0.067659510 0.068001162 0.084610164 0.085946120 0.076636191 0.077276471 0.075831709 0.174854650 
11     0.096187971 0.101131198 0.103911606 0.110950498 0.110491524 0.087425500 0.086356652 0.088917257 0.092587451 0.100979923 0.093946339 0.094236711 0.094019949 0.088311672 0.087029317 0.086324937 0.087821794 0.096393236 0.088692048 0.087823327 0.080750330 0.050047956 0.029160516 0.000000000 0.047897346 0.050010763 0.049370422 0.046368279 0.048927645 0.062470620 0.058613510 0.071553939 0.071632663 0.070829510 0.066746711 0.068131625 0.070235334 0.072218029 0.067906345 0.069903856 0.068636153 0.070251045 0.067646391 0.066553375 0.066895027 0.083544195 0.084880152 0.075570223 0.076210503 0.074765741 0.173788682 
24     0.091286081 0.096234113 0.099014521 0.106053170 0.105594196 0.082528172 0.081459325 0.084019929 0.087690123 0.096082595 0.089049012 0.089339384 0.089122621 0.083414344 0.082131989 0.081428069 0.082924926 0.091496369 0.083794962 0.082926242 0.075853245 0.052910496 0.048700598 0.047897346 0.000000000 0.016621137 0.016053485 0.025138263 0.027253003 0.057639682 0.053692915 0.066658145 0.066736869 0.065930091 0.061840083 0.063225867 0.065371548 0.067354798 0.063026127 0.065023639 0.063755936 0.065370828 0.062766174 0.061673157 0.062014809 0.078643271 0.079979228 0.070669298 0.071309578 0.069864816 0.168888159 
27     0.093524837 0.098472868 0.101253276 0.108291926 0.107832952 0.084766928 0.083698080 0.086258684 0.089928879 0.098321351 0.091287767 0.091578139 0.091361376 0.085653100 0.084370744 0.083666825 0.085163682 0.093735124 0.086033718 0.085164998 0.078092001 0.055009546 0.050811989 0.050010763 0.016621137 0.000000000 0.017077624 0.027475932 0.029675815 0.059878973 0.055932206 0.068896900 0.068975625 0.068168846 0.064078838 0.065464623 0.067610304 0.069593553 0.065264985 0.067262496 0.065994794 0.067609686 0.065005032 0.063912015 0.064253667 0.080882027 0.082217983 0.072908054 0.073548334 0.072103572 0.171126915 
33     0.092712151 0.097660183 0.100440591 0.107479240 0.107020266 0.083954242 0.082885394 0.085445999 0.089116193 0.097508665 0.090475081 0.090765453 0.090548691 0.084840414 0.083558059 0.082854139 0.084350996 0.092922438 0.085221032 0.084352312 0.077279315 0.054374923 0.050166580 0.049370422 0.016053485 0.017077624 0.000000000 0.026517418 0.028704719 0.059043987 0.055097220 0.068108169 0.068186893 0.067380115 0.063290107 0.064675891 0.066821572 0.068804822 0.064476151 0.066473663 0.065205960 0.066820852 0.064216198 0.063123181 0.063464834 0.080069341 0.081405297 0.072095368 0.072735648 0.071290886 0.170314229 
30     0.089452279 0.094400311 0.097180719 0.104219368 0.103760394 0.080694370 0.079625523 0.082186127 0.085856321 0.094248793 0.087215210 0.087505582 0.087288819 0.081580542 0.080298187 0.079594268 0.081091124 0.089662567 0.081961161 0.081092440 0.074019443 0.051162029 0.047339688 0.046368279 0.025138263 0.027475932 0.026517418 0.000000000 0.020856365 0.055737137 0.051820551 0.064820378 0.064899102 0.064086783 0.059997805 0.061383589 0.063529270 0.065518061 0.061188360 0.063185872 0.061918169 0.063533061 0.060928407 0.059835390 0.060177042 0.076809469 0.078145426 0.068835496 0.069475776 0.068031015 0.167054358 
49     0.092066525 0.097014557 0.099794965 0.106833614 0.106374640 0.083308616 0.082239769 0.084800373 0.088470567 0.096863039 0.089829456 0.090119828 0.089903065 0.084194788 0.082912433 0.082208514 0.083705370 0.092276813 0.084575407 0.083706686 0.076633689 0.053831885 0.049859427 0.048927645 0.027253003 0.029675815 0.028704719 0.020856365 0.000000000 0.058357651 0.054425031 0.067436777 0.067515502 0.066708723 0.062618715 0.064004500 0.066150181 0.068133430 0.063804760 0.065802271 0.064534568 0.066149460 0.063544806 0.062451790 0.062793442 0.079423715 0.080759672 0.071449742 0.072090022 0.070645261 0.169668604 
18     0.087534690 0.092331922 0.095112330 0.102167103 0.101708129 0.078642550 0.077573703 0.080134307 0.083804501 0.092196973 0.085163390 0.085453762 0.085236999 0.079528722 0.078245921 0.077618938 0.079115794 0.087687237 0.079986048 0.079117328 0.072044330 0.067439817 0.063595551 0.062470620 0.057639682 0.059878973 0.059043987 0.055737137 0.058357651 0.000000000 0.043729279 0.063013466 0.063090957 0.062228991 0.058258752 0.059655618 0.061532930 0.063556546 0.059101518 0.061099029 0.059831326 0.061446218 0.058830332 0.057734637 0.058143415 0.075081246 0.076417203 0.067107432 0.067747712 0.066302950 0.165061306 
50     0.083948410 0.088909218 0.091689626 0.098731928 0.098272954 0.075207375 0.074138528 0.076699132 0.080369326 0.088761798 0.081728215 0.082018587 0.081801824 0.076093547 0.074810747 0.074193221 0.075690077 0.084261520 0.076560114 0.075691394 0.068618396 0.063510813 0.059672904 0.058613510 0.053692915 0.055932206 0.055097220 0.051820551 0.054425031 0.043729279 0.000000000 0.058975017 0.059052508 0.058210254 0.054248032 0.055645768 0.057781914 0.059832208 0.055267712 0.057265223 0.055997521 0.057612412 0.055007167 0.053900930 0.054327330 0.071475804 0.072811760 0.063506486 0.064146766 0.062702004 0.161567501 
36     0.094228101 0.099134254 0.101914662 0.108958719 0.108499745 0.085434166 0.084365319 0.086925923 0.090596118 0.099052269 0.091948792 0.092239164 0.092022401 0.086314125 0.085110796 0.084406839 0.085903696 0.094475138 0.086771328 0.085895262 0.078832015 0.076470968 0.072634865 0.071553939 0.066658145 0.068896900 0.068108169 0.064820378 0.067436777 0.063013466 0.058975017 0.000000000 0.012609230 0.033686885 0.030502710 0.031798306 0.054299348 0.056708541 0.054848401 0.056846114 0.055557490 0.057188650 0.054499357 0.053439451 0.053997161 0.081480974 0.082816931 0.073507001 0.074147281 0.072702519 0.171810582 
40     0.094306825 0.099212979 0.101993387 0.109037443 0.108578469 0.085512891 0.084444043 0.087004648 0.090674842 0.099130993 0.092027517 0.092317888 0.092101126 0.086392849 0.085189521 0.084485564 0.085982420 0.094553863 0.086850052 0.085973986 0.078910739 0.076549692 0.072713590 0.071632663 0.066736869 0.068975625 0.068186893 0.064899102 0.067515502 0.063090957 0.059052508 0.012609230 0.000000000 0.033527392 0.030657215 0.031964690 0.054377912 0.056787106 0.054941595 0.056939308 0.055650683 0.057281844 0.054592551 0.053532644 0.054090355 0.081559698 0.082895655 0.073585725 0.074226005 0.072781244 0.171889307 
15     0.093490000 0.098396153 0.101176561 0.108220618 0.107761644 0.084696066 0.083627218 0.086187822 0.089858017 0.098314168 0.091210691 0.091501063 0.091284301 0.085576024 0.084372695 0.083668739 0.085165595 0.093737038 0.086033227 0.085157161 0.078093914 0.075740998 0.071910436 0.070829510 0.065930091 0.068168846 0.067380115 0.064086783 0.066708723 0.062228991 0.058210254 0.033686885 0.033527392 0.000000000 0.029706088 0.031280364 0.053432890 0.055931907 0.054287754 0.056290628 0.055002003 0.056633164 0.053943831 0.052873796 0.053436257 0.080742909 0.082078866 0.072768936 0.073409216 0.071964455 0.171072481 
35     0.089514239 0.094420393 0.097200801 0.104244857 0.103785883 0.080720305 0.079651457 0.082212062 0.085882256 0.094338407 0.087234931 0.087525302 0.087308540 0.081600263 0.080396935 0.079692978 0.081189834 0.089761277 0.082057466 0.081181400 0.074118153 0.071657329 0.067825737 0.066746711 0.061840083 0.064078838 0.063290107 0.059997805 0.062618715 0.058258752 0.054248032 0.030502710 0.030657215 0.029706088 0.000000000 0.011424339 0.049502677 0.051966385 0.050287752 0.052290626 0.051002002 0.052633162 0.049944834 0.048884928 0.049446513 0.076732770 0.078068727 0.068758798 0.069399078 0.067954316 0.167104912 
39     0.090905300 0.095811453 0.098591861 0.105635918 0.105176944 0.082111365 0.081042518 0.083603122 0.087273316 0.095729468 0.088625991 0.088916363 0.088699600 0.082991324 0.081787995 0.081084038 0.082580895 0.091152337 0.083448527 0.082572461 0.075509214 0.073043113 0.069211521 0.068131625 0.063225867 0.065464623 0.064675891 0.061383589 0.064004500 0.059655618 0.055645768 0.031798306 0.031964690 0.031280364 0.011424339 0.000000000 0.050846855 0.053298780 0.051799283 0.053802157 0.052513532 0.054144693 0.051454708 0.050394801 0.050958043 0.078123831 0.079459788 0.070149858 0.070790138 0.069345376 0.168495972 
38     0.092614087 0.097436732 0.100217140 0.107264180 0.106805206 0.083739628 0.082670780 0.085231385 0.088901579 0.097333325 0.090229849 0.090520221 0.090303458 0.084595181 0.083416258 0.082709577 0.084206434 0.092777876 0.085074065 0.084198000 0.077134753 0.075152287 0.071337110 0.070235334 0.065371548 0.067610304 0.066821572 0.063529270 0.066150181 0.061532930 0.057781914 0.054299348 0.054377912 0.053432890 0.049502677 0.050846855 0.000000000 0.040261172 0.052524940 0.054498386 0.053248862 0.054880022 0.052205790 0.051125469 0.051750060 0.079800167 0.081136124 0.071826194 0.072466474 0.071021713 0.170152604 
8     0.094610537 0.099433182 0.102213590 0.109260630 0.108801656 0.085736078 0.084667230 0.087227835 0.090898029 0.099329775 0.092226298 0.092516670 0.092299908 0.086591631 0.085412708 0.084706027 0.086202883 0.094774326 0.087070515 0.086194449 0.079131202 0.077140523 0.073319806 0.072218029 0.067354798 0.069593553 0.068804822 0.065518061 0.068133430 0.063556546 0.059832208 0.056708541 0.056787106 0.055931907 0.051966385 0.053298780 0.040261172 0.000000000 0.054676803 0.056675452 0.055400725 0.057031885 0.054324256 0.053295512 0.053873719 0.081796039 0.083131995 0.073822066 0.074462346 0.073017584 0.172149054 
26     0.090291451 0.095196884 0.097977292 0.105023578 0.104564604 0.081499026 0.080430178 0.082990782 0.086660977 0.095022528 0.087988945 0.088279317 0.088062554 0.082354277 0.081105418 0.080399328 0.081896184 0.090467627 0.082763816 0.081887750 0.074824503 0.072822351 0.069012480 0.067906345 0.063026127 0.065264985 0.064476151 0.061188360 0.063804760 0.059101518 0.055267712 0.054848401 0.054941595 0.054287754 0.050287752 0.051799283 0.052524940 0.054676803 0.000000000 0.013155000 0.013458085 0.013743265 0.023465522 0.022185532 0.031877891 0.077460847 0.078796804 0.069486874 0.070127154 0.068682392 0.167861938 
4     0.092288962 0.097194395 0.099974803 0.107021089 0.106562115 0.083496537 0.082427690 0.084988294 0.088658488 0.097020039 0.089986456 0.090276828 0.090060065 0.084351789 0.083102929 0.082396839 0.083893696 0.092465138 0.084761328 0.083885262 0.076822015 0.074819862 0.071009991 0.069903856 0.065023639 0.067262496 0.066473663 0.063185872 0.065802271 0.061099029 0.057265223 0.056846114 0.056939308 0.056290628 0.052290626 0.053802157 0.054498386 0.056675452 0.013155000 0.000000000 0.010749727 0.013487212 0.025405930 0.024265680 0.033862352 0.079458358 0.080794315 0.071484385 0.072124665 0.070679904 0.169859449 
34     0.091025371 0.095930804 0.098711212 0.105757498 0.105298524 0.082232945 0.081164098 0.083724702 0.087394897 0.095756448 0.088722864 0.089013236 0.088796474 0.083088197 0.081839338 0.081133248 0.082630104 0.091201547 0.083497736 0.082621670 0.075558423 0.073552159 0.069742288 0.068636153 0.063755936 0.065994794 0.065205960 0.061918169 0.064534568 0.059831326 0.055997521 0.055557490 0.055650683 0.055002003 0.051002002 0.052513532 0.053248862 0.055400725 0.013458085 0.010749727 0.000000000 0.013577155 0.025891096 0.024585395 0.032593744 0.078194767 0.079530723 0.070220794 0.070861074 0.069416312 0.168595857 
3     0.092637409 0.097542842 0.100323250 0.107369536 0.106910562 0.083844983 0.082776136 0.085336740 0.089006935 0.097368486 0.090334902 0.090625274 0.090408512 0.084700235 0.083451376 0.082745286 0.084242142 0.092813585 0.085109774 0.084233708 0.077170461 0.075167051 0.071357180 0.070251045 0.065370828 0.067609686 0.066820852 0.063533061 0.066149460 0.061446218 0.057612412 0.057188650 0.057281844 0.056633164 0.052633162 0.054144693 0.054880022 0.057031885 0.013743265 0.013487212 0.013577155 0.000000000 0.025992238 0.024633181 0.034130134 0.079806805 0.081142761 0.071832832 0.072473112 0.071028350 0.170207895 
23     0.090027968 0.094933401 0.097713809 0.104760095 0.104301121 0.081235543 0.080166695 0.082727299 0.086397494 0.094759045 0.087725462 0.088015834 0.087799071 0.082090794 0.080841935 0.080135845 0.081632701 0.090204144 0.082500333 0.081624267 0.074561020 0.072562397 0.068752527 0.067646391 0.062766174 0.065005032 0.064216198 0.060928407 0.063544806 0.058830332 0.055007167 0.054499357 0.054592551 0.053943831 0.049944834 0.051454708 0.052205790 0.054324256 0.023465522 0.025405930 0.025891096 0.025992238 0.000000000 0.013176277 0.031522986 0.077197301 0.078533258 0.069223328 0.069863608 0.068418847 0.167598454 
13     0.088950156 0.093855589 0.096635997 0.103682283 0.103223309 0.080157731 0.079088883 0.081649487 0.085319682 0.093681233 0.086647650 0.086938022 0.086721259 0.081012982 0.079764123 0.079058033 0.080554889 0.089126332 0.081422521 0.080546455 0.073483208 0.071469381 0.067659510 0.066553375 0.061673157 0.063912015 0.063123181 0.059835390 0.062451790 0.057734637 0.053900930 0.053439451 0.053532644 0.052873796 0.048884928 0.050394801 0.051125469 0.053295512 0.022185532 0.024265680 0.024585395 0.024633181 0.013176277 0.000000000 0.030474180 0.076119552 0.077455509 0.068145579 0.068785859 0.067341097 0.166520643 
9     0.089385026 0.094285793 0.097066201 0.104112487 0.103653513 0.080587934 0.079519087 0.082079691 0.085749885 0.094111436 0.087077853 0.087368225 0.087151462 0.081443186 0.080194327 0.079488236 0.080985093 0.089556535 0.081860722 0.080984656 0.073913412 0.071811033 0.068001162 0.066895027 0.062014809 0.064253667 0.063464834 0.060177042 0.062793442 0.058143415 0.054327330 0.053997161 0.054090355 0.053436257 0.049446513 0.050958043 0.051750060 0.053873719 0.031877891 0.033862352 0.032593744 0.034130134 0.031522986 0.030474180 0.000000000 0.076550013 0.077885970 0.068576041 0.069216321 0.067771559 0.166955512 
22     0.087151072 0.091926568 0.094706976 0.101735985 0.101277011 0.078212438 0.077143590 0.079704194 0.083374389 0.091811711 0.084760701 0.085051087 0.084834324 0.079126047 0.077927257 0.076734135 0.078230992 0.086802434 0.078956354 0.078152490 0.071073493 0.088481305 0.084610164 0.083544195 0.078643271 0.080882027 0.080069341 0.076809469 0.079423715 0.075081246 0.071475804 0.081480974 0.081559698 0.080742909 0.076732770 0.078123831 0.079800167 0.081796039 0.077460847 0.079458358 0.078194767 0.079806805 0.077197301 0.076119552 0.076550013 0.000000000 0.011440522 0.041712556 0.042353877 0.040912707 0.164496138 
10     0.088487028 0.093262524 0.096042932 0.103071942 0.102612968 0.079548394 0.078479547 0.081040151 0.084710345 0.093147668 0.086096657 0.086387043 0.086170280 0.080462004 0.079263214 0.078070092 0.079566949 0.088138391 0.080292311 0.079488446 0.072409449 0.089817261 0.085946120 0.084880152 0.079979228 0.082217983 0.081405297 0.078145426 0.080759672 0.076417203 0.072811760 0.082816931 0.082895655 0.082078866 0.078068727 0.079459788 0.081136124 0.083131995 0.078796804 0.080794315 0.079530723 0.081142761 0.078533258 0.077455509 0.077885970 0.011440522 0.000000000 0.043038234 0.043679556 0.042238386 0.165832095 
16     0.079069191 0.083834199 0.086614607 0.093586140 0.093127166 0.070062592 0.068993745 0.071554349 0.075224544 0.083666142 0.076617727 0.076908113 0.076691350 0.070983073 0.069784283 0.068636206 0.070133062 0.078704505 0.070851950 0.070048085 0.062969088 0.080507332 0.076636191 0.075570223 0.070669298 0.072908054 0.072095368 0.068835496 0.071449742 0.067107432 0.063506486 0.073507001 0.073585725 0.072768936 0.068758798 0.070149858 0.071826194 0.073822066 0.069486874 0.071484385 0.070220794 0.071832832 0.069223328 0.068145579 0.068576041 0.041712556 0.043038234 0.000000000 0.006265555 0.007720908 0.156407071 
29     0.079709471 0.084474479 0.087254887 0.094226420 0.093767446 0.070702872 0.069634025 0.072194629 0.075864824 0.084306422 0.077258007 0.077548393 0.077331630 0.071623353 0.070424563 0.069276486 0.070773342 0.079344785 0.071492230 0.070688365 0.063609368 0.081147612 0.077276471 0.076210503 0.071309578 0.073548334 0.072735648 0.069475776 0.072090022 0.067747712 0.064146766 0.074147281 0.074226005 0.073409216 0.069399078 0.070790138 0.072466474 0.074462346 0.070127154 0.072124665 0.070861074 0.072473112 0.069863608 0.068785859 0.069216321 0.042353877 0.043679556 0.006265555 0.000000000 0.008134310 0.157047351 
42     0.078264709 0.083029717 0.085810125 0.092781658 0.092322684 0.069258111 0.068189263 0.070749867 0.074420062 0.082861660 0.075813245 0.076103631 0.075886868 0.070178592 0.068979802 0.067831724 0.069328581 0.077900023 0.070047468 0.069243603 0.062164606 0.079702850 0.075831709 0.074765741 0.069864816 0.072103572 0.071290886 0.068031015 0.070645261 0.066302950 0.062702004 0.072702519 0.072781244 0.071964455 0.067954316 0.069345376 0.071021713 0.073017584 0.068682392 0.070679904 0.069416312 0.071028350 0.068418847 0.067341097 0.067771559 0.040912707 0.042238386 0.007720908 0.008134310 0.000000000 0.155602590 
0     0.171387976 0.176782355 0.179562762 0.187151427 0.186692453 0.163655953 0.162587105 0.165147709 0.168817904 0.177247400 0.170170053 0.170454463 0.170237700 0.164529423 0.163320280 0.162472046 0.163968902 0.172540345 0.164670833 0.163802434 0.156729405 0.178725791 0.174854650 0.173788682 0.168888159 0.171126915 0.170314229 0.167054358 0.169668604 0.165061306 0.161567501 0.171810582 0.171889307 0.171072481 0.167104912 0.168495972 0.170152604 0.172149054 0.167861938 0.169859449 0.168595857 0.170207895 0.167598454 0.166520643 0.166955512 0.164496138 0.165832095 0.156407071 0.157047351 0.155602590 0.000000000 
