51
1     0.000000000 0.000296130 0.000222850 0.000447400 0.000445580 0.000276670 0.000274390 0.000264990 0.000295980 0.000249730 0.000260070 0.000268030 0.000265210 0.000253580 0.000258530 0.000297460 0.000303570 0.000404070 0.000342340 0.000184370 0.000268960 0.000228990 0.000303440 0.000260830 0.000323580 0.000390190 0.000344480 0.000314760 0.000314860 0.000301930 0.000225630 0.000239650 0.000240270 0.000280320 0.000274090 0.000258370 0.000270760 0.000352010 0.000286450 0.000252330 0.000283050 0.000280160 0.000296980 0.000290430 0.000271600 0.000248450 0.000236520 0.000274780 0.000265720 0.000266900 0.000016560 
32     0.000296130 0.000000000 0.000043380 0.000409310 0.000407490 0.000238580 0.000236300 0.000226900 0.000257890 0.000211640 0.000221980 0.000229940 0.000227120 0.000215490 0.000220440 0.000276610 0.000282720 0.000383220 0.000321490 0.000261640 0.000248110 0.000222900 0.000297350 0.000254740 0.000317490 0.000384100 0.000338390 0.000308670 0.000308770 0.000295840 0.000219540 0.000233560 0.000234180 0.000274230 0.000268000 0.000252280 0.000264670 0.000345920 0.000280360 0.000246240 0.000276960 0.000274070 0.000290890 0.000284340 0.000265510 0.000242360 0.000230430 0.000268690 0.000259630 0.000260810 0.000406250 
48     0.000222850 0.000043380 0.000000000 0.000406570 0.000404750 0.000235840 0.000233560 0.000224160 0.000255150 0.000208900 0.000219240 0.000227200 0.000224380 0.000212750 0.000217700 0.000273870 0.000279980 0.000380480 0.000318750 0.000199040 0.000245370 0.000220160 0.000294610 0.000252000 0.000314750 0.000381360 0.000335650 0.000305930 0.000306030 0.000293100 0.000216800 0.000230820 0.000231440 0.000271490 0.000265260 0.000249540 0.000261930 0.000343180 0.000277620 0.000243500 0.000274220 0.000271330 0.000288150 0.000281600 0.000262770 0.000239620 0.000227690 0.000265950 0.000256890 0.000258070 0.000403510 
7     0.000447400 0.000409310 0.000406570 0.000000000 0.000003260 0.000247730 0.000245450 0.000236050 0.000267040 0.000304950 0.000315290 0.000323250 0.000320430 0.000308800 0.000310690 0.000406080 0.000412190 0.000512690 0.000450960 0.000391110 0.000377580 0.000352370 0.000426820 0.000384210 0.000446960 0.000513570 0.000467860 0.000438140 0.000438240 0.000425310 0.000349010 0.000363030 0.000363650 0.000403700 0.000397470 0.000381750 0.000394140 0.000475390 0.000409830 0.000375710 0.000406430 0.000403540 0.000420360 0.000413810 0.000394980 0.000371830 0.000359900 0.000398160 0.000389100 0.000390280 0.000535720 
14     0.000445580 0.000407490 0.000404750 0.000003260 0.000000000 0.000245910 0.000243630 0.000234230 0.000265220 0.000303130 0.000313470 0.000321430 0.000318610 0.000306980 0.000308870 0.000404260 0.000410370 0.000510870 0.000449140 0.000389290 0.000375760 0.000350550 0.000425000 0.000382390 0.000445140 0.000511750 0.000466040 0.000436320 0.000436420 0.000423490 0.000347190 0.000361210 0.000361830 0.000401880 0.000395650 0.000379930 0.000392320 0.000473570 0.000408010 0.000373890 0.000404610 0.000401720 0.000418540 0.000411990 0.000393160 0.000370010 0.000358080 0.000396340 0.000387280 0.000388460 0.000533900 
19     0.000276670 0.000238580 0.000235840 0.000247730 0.000245910 0.000000000 0.000002430 0.000054140 0.000085130 0.000134220 0.000144560 0.000152520 0.000149700 0.000138070 0.000139960 0.000235350 0.000241460 0.000341960 0.000280230 0.000220380 0.000206850 0.000181640 0.000256090 0.000213480 0.000276230 0.000342840 0.000297130 0.000267410 0.000267510 0.000254580 0.000178280 0.000192300 0.000192920 0.000232970 0.000226740 0.000211020 0.000223410 0.000304660 0.000239100 0.000204980 0.000235700 0.000232810 0.000249630 0.000243080 0.000224250 0.000201100 0.000189170 0.000227430 0.000218370 0.000219550 0.000364990 
5     0.000274390 0.000236300 0.000233560 0.000245450 0.000243630 0.000002430 0.000000000 0.000051860 0.000082850 0.000131940 0.000142280 0.000150240 0.000147420 0.000135790 0.000137680 0.000233070 0.000239180 0.000339680 0.000277950 0.000218100 0.000204570 0.000179360 0.000253810 0.000211200 0.000273950 0.000340560 0.000294850 0.000265130 0.000265230 0.000252300 0.000176000 0.000190020 0.000190640 0.000230690 0.000224460 0.000208740 0.000221130 0.000302380 0.000236820 0.000202700 0.000233420 0.000230530 0.000247350 0.000240800 0.000221970 0.000198820 0.000186890 0.000225150 0.000216090 0.000217270 0.000362710 
41     0.000264990 0.000226900 0.000224160 0.000236050 0.000234230 0.000054140 0.000051860 0.000000000 0.000058190 0.000122540 0.000132880 0.000140840 0.000138020 0.000126390 0.000128280 0.000223670 0.000229780 0.000330280 0.000268550 0.000208700 0.000195170 0.000169960 0.000244410 0.000201800 0.000264550 0.000331160 0.000285450 0.000255730 0.000255830 0.000242900 0.000166600 0.000180620 0.000181240 0.000221290 0.000215060 0.000199340 0.000211730 0.000292980 0.000227420 0.000193300 0.000224020 0.000221130 0.000237950 0.000231400 0.000212570 0.000189420 0.000177490 0.000215750 0.000206690 0.000207870 0.000353310 
21     0.000295980 0.000257890 0.000255150 0.000267040 0.000265220 0.000085130 0.000082850 0.000058190 0.000000000 0.000153530 0.000163870 0.000171830 0.000169010 0.000157380 0.000159270 0.000254660 0.000260770 0.000361270 0.000299540 0.000239690 0.000226160 0.000200950 0.000275400 0.000232790 0.000295540 0.000362150 0.000316440 0.000286720 0.000286820 0.000273890 0.000197590 0.000211610 0.000212230 0.000252280 0.000246050 0.000230330 0.000242720 0.000323970 0.000258410 0.000224290 0.000255010 0.000252120 0.000268940 0.000262390 0.000243560 0.000220410 0.000208480 0.000246740 0.000237680 0.000238860 0.000384300 
12     0.000249730 0.000211640 0.000208900 0.000304950 0.000303130 0.000134220 0.000131940 0.000122540 0.000153530 0.000000000 0.000049760 0.000101560 0.000098740 0.000087110 0.000116080 0.000208410 0.000214520 0.000315020 0.000253290 0.000193440 0.000179910 0.000154700 0.000229150 0.000186540 0.000249290 0.000315900 0.000270190 0.000240470 0.000240570 0.000227640 0.000151340 0.000165360 0.000165980 0.000206030 0.000199800 0.000184080 0.000196470 0.000277720 0.000212160 0.000178040 0.000208760 0.000205870 0.000222690 0.000216140 0.000197310 0.000174160 0.000162230 0.000200490 0.000191430 0.000192610 0.000338050 
20     0.000260070 0.000221980 0.000219240 0.000315290 0.000313470 0.000144560 0.000142280 0.000132880 0.000163870 0.000049760 0.000000000 0.000029690 0.000093440 0.000081810 0.000126420 0.000218750 0.000224860 0.000325360 0.000263630 0.000203780 0.000190250 0.000165040 0.000239490 0.000196880 0.000259630 0.000326240 0.000280530 0.000250810 0.000250910 0.000237980 0.000161680 0.000175700 0.000176320 0.000216370 0.000210140 0.000194420 0.000206810 0.000288060 0.000222500 0.000188380 0.000219100 0.000216210 0.000233030 0.000226480 0.000207650 0.000184500 0.000172570 0.000210830 0.000201770 0.000202950 0.000348390 
37     0.000268030 0.000229940 0.000227200 0.000323250 0.000321430 0.000152520 0.000150240 0.000140840 0.000171830 0.000101560 0.000029690 0.000000000 0.000075000 0.000063370 0.000134380 0.000226710 0.000232820 0.000333320 0.000271590 0.000211740 0.000198210 0.000173000 0.000247450 0.000204840 0.000267590 0.000334200 0.000288490 0.000258770 0.000258870 0.000245940 0.000169640 0.000183660 0.000184280 0.000224330 0.000218100 0.000202380 0.000214770 0.000296020 0.000230460 0.000196340 0.000227060 0.000224170 0.000240990 0.000234440 0.000215610 0.000192460 0.000180530 0.000218790 0.000209730 0.000210910 0.000356350 
31     0.000265210 0.000227120 0.000224380 0.000320430 0.000318610 0.000149700 0.000147420 0.000138020 0.000169010 0.000098740 0.000093440 0.000075000 0.000000000 0.000049770 0.000131560 0.000223890 0.000230000 0.000330500 0.000268770 0.000208920 0.000195390 0.000170180 0.000244630 0.000202020 0.000264770 0.000331380 0.000285670 0.000255950 0.000256050 0.000243120 0.000166820 0.000180840 0.000181460 0.000221510 0.000215280 0.000199560 0.000211950 0.000293200 0.000227640 0.000193520 0.000224240 0.000221350 0.000238170 0.000231620 0.000212790 0.000189640 0.000177710 0.000215970 0.000206910 0.000208090 0.000353530 
17     0.000253580 0.000215490 0.000212750 0.000308800 0.000306980 0.000138070 0.000135790 0.000126390 0.000157380 0.000087110 0.000081810 0.000063370 0.000049770 0.000000000 0.000119930 0.000212260 0.000218370 0.000318870 0.000257140 0.000197290 0.000183760 0.000158550 0.000233000 0.000190390 0.000253140 0.000319750 0.000274040 0.000244320 0.000244420 0.000231490 0.000155190 0.000169210 0.000169830 0.000209880 0.000203650 0.000187930 0.000200320 0.000281570 0.000216010 0.000181890 0.000212610 0.000209720 0.000226540 0.000219990 0.000201160 0.000178010 0.000166080 0.000204340 0.000195280 0.000196460 0.000341900 
47     0.000258530 0.000220440 0.000217700 0.000310690 0.000308870 0.000139960 0.000137680 0.000128280 0.000159270 0.000116080 0.000126420 0.000134380 0.000131560 0.000119930 0.000000000 0.000217210 0.000223320 0.000323820 0.000262090 0.000202240 0.000188710 0.000163500 0.000237950 0.000195340 0.000258090 0.000324700 0.000278990 0.000249270 0.000249370 0.000055680 0.000160140 0.000174160 0.000174780 0.000214830 0.000208600 0.000192880 0.000205270 0.000286520 0.000220960 0.000186840 0.000217560 0.000214670 0.000231490 0.000224940 0.000206110 0.000182960 0.000171030 0.000209290 0.000200230 0.000201410 0.000346850 
46     0.000297460 0.000276610 0.000273870 0.000406080 0.000404260 0.000235350 0.000233070 0.000223670 0.000254660 0.000208410 0.000218750 0.000226710 0.000223890 0.000212260 0.000217210 0.000000000 0.000019190 0.000150510 0.000205960 0.000146110 0.000132580 0.000202430 0.000276880 0.000234270 0.000297020 0.000363630 0.000317920 0.000288200 0.000288300 0.000275370 0.000199070 0.000213090 0.000213710 0.000253760 0.000247530 0.000231810 0.000244200 0.000325450 0.000259890 0.000225770 0.000256490 0.000253600 0.000270420 0.000263870 0.000245040 0.000221890 0.000209960 0.000248220 0.000239160 0.000240340 0.000385780 
25     0.000303570 0.000282720 0.000279980 0.000412190 0.000410370 0.000241460 0.000239180 0.000229780 0.000260770 0.000214520 0.000224860 0.000232820 0.000230000 0.000218370 0.000223320 0.000019190 0.000000000 0.000065600 0.000212070 0.000152220 0.000138690 0.000208540 0.000282990 0.000240380 0.000303130 0.000369740 0.000324030 0.000294310 0.000294410 0.000281480 0.000205180 0.000219200 0.000219820 0.000259870 0.000253640 0.000237920 0.000250310 0.000331560 0.000266000 0.000231880 0.000262600 0.000259710 0.000276530 0.000269980 0.000251150 0.000228000 0.000216070 0.000254330 0.000245270 0.000246450 0.000391890 
45     0.000404070 0.000383220 0.000380480 0.000512690 0.000510870 0.000341960 0.000339680 0.000330280 0.000361270 0.000315020 0.000325360 0.000333320 0.000330500 0.000318870 0.000323820 0.000150510 0.000065600 0.000000000 0.000312570 0.000252720 0.000239190 0.000309040 0.000383490 0.000340880 0.000403630 0.000470240 0.000424530 0.000394810 0.000394910 0.000381980 0.000305680 0.000319700 0.000320320 0.000360370 0.000354140 0.000338420 0.000350810 0.000432060 0.000366500 0.000332380 0.000363100 0.000360210 0.000377030 0.000370480 0.000351650 0.000328500 0.000316570 0.000354830 0.000345770 0.000346950 0.000492390 
6     0.000342340 0.000321490 0.000318750 0.000450960 0.000449140 0.000280230 0.000277950 0.000268550 0.000299540 0.000253290 0.000263630 0.000271590 0.000268770 0.000257140 0.000262090 0.000205960 0.000212070 0.000312570 0.000000000 0.000159610 0.000146080 0.000247310 0.000321760 0.000279150 0.000341900 0.000408510 0.000362800 0.000333080 0.000333180 0.000320250 0.000243950 0.000257970 0.000258590 0.000298640 0.000292410 0.000276690 0.000289080 0.000370330 0.000304770 0.000270650 0.000301370 0.000298480 0.000315300 0.000308750 0.000289920 0.000266770 0.000254840 0.000293100 0.000284040 0.000285220 0.000430660 
2     0.000184370 0.000261640 0.000199040 0.000391110 0.000389290 0.000220380 0.000218100 0.000208700 0.000239690 0.000193440 0.000203780 0.000211740 0.000208920 0.000197290 0.000202240 0.000146110 0.000152220 0.000252720 0.000159610 0.000000000 0.000006110 0.000187460 0.000261910 0.000219300 0.000282050 0.000348660 0.000302950 0.000273230 0.000273330 0.000260400 0.000184100 0.000198120 0.000198740 0.000238790 0.000232560 0.000216840 0.000229230 0.000310480 0.000244920 0.000210800 0.000241520 0.000238630 0.000255450 0.000248900 0.000230070 0.000206920 0.000194990 0.000233250 0.000224190 0.000225370 0.000370810 
28     0.000268960 0.000248110 0.000245370 0.000377580 0.000375760 0.000206850 0.000204570 0.000195170 0.000226160 0.000179910 0.000190250 0.000198210 0.000195390 0.000183760 0.000188710 0.000132580 0.000138690 0.000239190 0.000146080 0.000006110 0.000000000 0.000173930 0.000248380 0.000205770 0.000268520 0.000335130 0.000289420 0.000259700 0.000259800 0.000246870 0.000170570 0.000184590 0.000185210 0.000225260 0.000219030 0.000203310 0.000215700 0.000296950 0.000231390 0.000197270 0.000227990 0.000225100 0.000241920 0.000235370 0.000216540 0.000193390 0.000181460 0.000219720 0.000210660 0.000211840 0.000357280 
44     0.000228990 0.000222900 0.000220160 0.000352370 0.000350550 0.000181640 0.000179360 0.000169960 0.000200950 0.000154700 0.000165040 0.000173000 0.000170180 0.000158550 0.000163500 0.000202430 0.000208540 0.000309040 0.000247310 0.000187460 0.000173930 0.000000000 0.000091990 0.000049380 0.000120270 0.000186880 0.000141170 0.000111450 0.000111550 0.000144200 0.000055820 0.000081920 0.000082540 0.000122590 0.000116360 0.000100640 0.000113030 0.000194280 0.000128720 0.000094600 0.000125320 0.000122430 0.000139250 0.000132700 0.000113870 0.000119120 0.000107190 0.000145450 0.000136390 0.000137570 0.000317310 
43     0.000303440 0.000297350 0.000294610 0.000426820 0.000425000 0.000256090 0.000253810 0.000244410 0.000275400 0.000229150 0.000239490 0.000247450 0.000244630 0.000233000 0.000237950 0.000276880 0.000282990 0.000383490 0.000321760 0.000261910 0.000248380 0.000091990 0.000000000 0.000011700 0.000194720 0.000261330 0.000215620 0.000185900 0.000186000 0.000218650 0.000092000 0.000156370 0.000156990 0.000197040 0.000190810 0.000175090 0.000187480 0.000268730 0.000203170 0.000169050 0.000199770 0.000196880 0.000213700 0.000207150 0.000188320 0.000193570 0.000181640 0.000219900 0.000210840 0.000212020 0.000391760 
11     0.000260830 0.000254740 0.000252000 0.000384210 0.000382390 0.000213480 0.000211200 0.000201800 0.000232790 0.000186540 0.000196880 0.000204840 0.000202020 0.000190390 0.000195340 0.000234270 0.000240380 0.000340880 0.000279150 0.000219300 0.000205770 0.000049380 0.000011700 0.000000000 0.000152110 0.000218720 0.000173010 0.000143290 0.000143390 0.000176040 0.000087660 0.000113760 0.000114380 0.000154430 0.000148200 0.000132480 0.000144870 0.000226120 0.000160560 0.000126440 0.000157160 0.000154270 0.000171090 0.000164540 0.000145710 0.000150960 0.000139030 0.000177290 0.000168230 0.000169410 0.000349150 
24     0.000323580 0.000317490 0.000314750 0.000446960 0.000445140 0.000276230 0.000273950 0.000264550 0.000295540 0.000249290 0.000259630 0.000267590 0.000264770 0.000253140 0.000258090 0.000297020 0.000303130 0.000403630 0.000341900 0.000282050 0.000268520 0.000120270 0.000194720 0.000152110 0.000000000 0.000069370 0.000027400 0.000043110 0.000127620 0.000238790 0.000150410 0.000176510 0.000177130 0.000217180 0.000210950 0.000195230 0.000207620 0.000288870 0.000223310 0.000189190 0.000219910 0.000217020 0.000233840 0.000227290 0.000208460 0.000213710 0.000201780 0.000240040 0.000230980 0.000232160 0.000411900 
27     0.000390190 0.000384100 0.000381360 0.000513570 0.000511750 0.000342840 0.000340560 0.000331160 0.000362150 0.000315900 0.000326240 0.000334200 0.000331380 0.000319750 0.000324700 0.000363630 0.000369740 0.000470240 0.000408510 0.000348660 0.000335130 0.000186880 0.000261330 0.000218720 0.000069370 0.000000000 0.000054450 0.000033880 0.000194230 0.000305400 0.000217020 0.000243120 0.000243740 0.000283790 0.000277560 0.000261840 0.000274230 0.000355480 0.000289920 0.000255800 0.000286520 0.000283630 0.000300450 0.000293900 0.000275070 0.000280320 0.000268390 0.000306650 0.000297590 0.000298770 0.000478510 
33     0.000344480 0.000338390 0.000335650 0.000467860 0.000466040 0.000297130 0.000294850 0.000285450 0.000316440 0.000270190 0.000280530 0.000288490 0.000285670 0.000274040 0.000278990 0.000317920 0.000324030 0.000424530 0.000362800 0.000302950 0.000289420 0.000141170 0.000215620 0.000173010 0.000027400 0.000054450 0.000000000 0.000113660 0.000148520 0.000259690 0.000171310 0.000197410 0.000198030 0.000238080 0.000231850 0.000216130 0.000228520 0.000309770 0.000244210 0.000210090 0.000240810 0.000237920 0.000254740 0.000248190 0.000229360 0.000234610 0.000222680 0.000260940 0.000251880 0.000253060 0.000432800 
30     0.000314760 0.000308670 0.000305930 0.000438140 0.000436320 0.000267410 0.000265130 0.000255730 0.000286720 0.000240470 0.000250810 0.000258770 0.000255950 0.000244320 0.000249270 0.000288200 0.000294310 0.000394810 0.000333080 0.000273230 0.000259700 0.000111450 0.000185900 0.000143290 0.000043110 0.000033880 0.000113660 0.000000000 0.000109130 0.000229970 0.000141590 0.000167690 0.000168310 0.000208360 0.000202130 0.000186410 0.000198800 0.000280050 0.000214490 0.000180370 0.000211090 0.000208200 0.000225020 0.000218470 0.000199640 0.000204890 0.000192960 0.000231220 0.000222160 0.000223340 0.000403080 
49     0.000314860 0.000308770 0.000306030 0.000438240 0.000436420 0.000267510 0.000265230 0.000255830 0.000286820 0.000240570 0.000250910 0.000258870 0.000256050 0.000244420 0.000249370 0.000288300 0.000294410 0.000394910 0.000333180 0.000273330 0.000259800 0.000111550 0.000186000 0.000143390 0.000127620 0.000194230 0.000148520 0.000109130 0.000000000 0.000230070 0.000141690 0.000167790 0.000168410 0.000208460 0.000202230 0.000186510 0.000198900 0.000280150 0.000214590 0.000180470 0.000211190 0.000208300 0.000225120 0.000218570 0.000199740 0.000204990 0.000193060 0.000231320 0.000222260 0.000223440 0.000403180 
18     0.000301930 0.000295840 0.000293100 0.000425310 0.000423490 0.000254580 0.000252300 0.000242900 0.000273890 0.000227640 0.000237980 0.000245940 0.000243120 0.000231490 0.000055680 0.000275370 0.000281480 0.000381980 0.000320250 0.000260400 0.000246870 0.000144200 0.000218650 0.000176040 0.000238790 0.000305400 0.000259690 0.000229970 0.000230070 0.000000000 0.000140840 0.000150840 0.000151460 0.000191510 0.000185280 0.000169560 0.000181950 0.000263200 0.000197640 0.000163520 0.000194240 0.000191350 0.000208170 0.000201620 0.000182790 0.000192060 0.000180130 0.000218390 0.000209330 0.000210510 0.000390250 
50     0.000225630 0.000219540 0.000216800 0.000349010 0.000347190 0.000178280 0.000176000 0.000166600 0.000197590 0.000151340 0.000161680 0.000169640 0.000166820 0.000155190 0.000160140 0.000199070 0.000205180 0.000305680 0.000243950 0.000184100 0.000170570 0.000055820 0.000092000 0.000087660 0.000150410 0.000217020 0.000171310 0.000141590 0.000141690 0.000140840 0.000000000 0.000078560 0.000079180 0.000119230 0.000113000 0.000097280 0.000109670 0.000190920 0.000125360 0.000091240 0.000121960 0.000119070 0.000135890 0.000129340 0.000110510 0.000115760 0.000103830 0.000142090 0.000133030 0.000134210 0.000313950 
36     0.000239650 0.000233560 0.000230820 0.000363030 0.000361210 0.000192300 0.000190020 0.000180620 0.000211610 0.000165360 0.000175700 0.000183660 0.000180840 0.000169210 0.000174160 0.000213090 0.000219200 0.000319700 0.000257970 0.000198120 0.000184590 0.000081920 0.000156370 0.000113760 0.000176510 0.000243120 0.000197410 0.000167690 0.000167790 0.000150840 0.000078560 0.000000000 0.000002300 0.000041250 0.000109100 0.000093380 0.000105770 0.000187020 0.000121460 0.000087340 0.000118060 0.000115170 0.000131990 0.000125440 0.000106610 0.000129780 0.000117850 0.000156110 0.000147050 0.000148230 0.000327970 
40     0.000240270 0.000234180 0.000231440 0.000363650 0.000361830 0.000192920 0.000190640 0.000181240 0.000212230 0.000165980 0.000176320 0.000184280 0.000181460 0.000169830 0.000174780 0.000213710 0.000219820 0.000320320 0.000258590 0.000198740 0.000185210 0.000082540 0.000156990 0.000114380 0.000177130 0.000243740 0.000198030 0.000168310 0.000168410 0.000151460 0.000079180 0.000002300 0.000000000 0.000115950 0.000109720 0.000094000 0.000106390 0.000187640 0.000122080 0.000087960 0.000118680 0.000115790 0.000132610 0.000126060 0.000107230 0.000130400 0.000118470 0.000156730 0.000147670 0.000148850 0.000328590 
15     0.000280320 0.000274230 0.000271490 0.000403700 0.000401880 0.000232970 0.000230690 0.000221290 0.000252280 0.000206030 0.000216370 0.000224330 0.000221510 0.000209880 0.000214830 0.000253760 0.000259870 0.000360370 0.000298640 0.000238790 0.000225260 0.000122590 0.000197040 0.000154430 0.000217180 0.000283790 0.000238080 0.000208360 0.000208460 0.000191510 0.000119230 0.000041250 0.000115950 0.000000000 0.000074790 0.000059070 0.000119640 0.000200890 0.000135330 0.000101210 0.000131930 0.000129040 0.000145860 0.000139310 0.000110950 0.000170450 0.000158520 0.000196780 0.000187720 0.000188900 0.000368640 
35     0.000274090 0.000268000 0.000265260 0.000397470 0.000395650 0.000226740 0.000224460 0.000215060 0.000246050 0.000199800 0.000210140 0.000218100 0.000215280 0.000203650 0.000208600 0.000247530 0.000253640 0.000354140 0.000292410 0.000232560 0.000219030 0.000116360 0.000190810 0.000148200 0.000210950 0.000277560 0.000231850 0.000202130 0.000202230 0.000185280 0.000113000 0.000109100 0.000109720 0.000074790 0.000000000 0.000047460 0.000113410 0.000194660 0.000129100 0.000094980 0.000125700 0.000122810 0.000139630 0.000133080 0.000114250 0.000164220 0.000152290 0.000190550 0.000181490 0.000182670 0.000362410 
39     0.000258370 0.000252280 0.000249540 0.000381750 0.000379930 0.000211020 0.000208740 0.000199340 0.000230330 0.000184080 0.000194420 0.000202380 0.000199560 0.000187930 0.000192880 0.000231810 0.000237920 0.000338420 0.000276690 0.000216840 0.000203310 0.000100640 0.000175090 0.000132480 0.000195230 0.000261840 0.000216130 0.000186410 0.000186510 0.000169560 0.000097280 0.000093380 0.000094000 0.000059070 0.000047460 0.000000000 0.000097690 0.000178940 0.000113380 0.000079260 0.000109980 0.000107090 0.000123910 0.000117360 0.000098530 0.000148500 0.000136570 0.000174830 0.000165770 0.000166950 0.000346690 
38     0.000270760 0.000264670 0.000261930 0.000394140 0.000392320 0.000223410 0.000221130 0.000211730 0.000242720 0.000196470 0.000206810 0.000214770 0.000211950 0.000200320 0.000205270 0.000244200 0.000250310 0.000350810 0.000289080 0.000229230 0.000215700 0.000113030 0.000187480 0.000144870 0.000207620 0.000274230 0.000228520 0.000198800 0.000198900 0.000181950 0.000109670 0.000105770 0.000106390 0.000119640 0.000113410 0.000097690 0.000000000 0.000122970 0.000125310 0.000091190 0.000121910 0.000119020 0.000135840 0.000129290 0.000110460 0.000160890 0.000148960 0.000187220 0.000178160 0.000179340 0.000359080 
8     0.000352010 0.000345920 0.000343180 0.000475390 0.000473570 0.000304660 0.000302380 0.000292980 0.000323970 0.000277720 0.000288060 0.000296020 0.000293200 0.000281570 0.000286520 0.000325450 0.000331560 0.000432060 0.000370330 0.000310480 0.000296950 0.000194280 0.000268730 0.000226120 0.000288870 0.000355480 0.000309770 0.000280050 0.000280150 0.000263200 0.000190920 0.000187020 0.000187640 0.000200890 0.000194660 0.000178940 0.000122970 0.000000000 0.000206560 0.000172440 0.000203160 0.000200270 0.000217090 0.000210540 0.000191710 0.000242140 0.000230210 0.000268470 0.000259410 0.000260590 0.000440330 
26     0.000286450 0.000280360 0.000277620 0.000409830 0.000408010 0.000239100 0.000236820 0.000227420 0.000258410 0.000212160 0.000222500 0.000230460 0.000227640 0.000216010 0.000220960 0.000259890 0.000266000 0.000366500 0.000304770 0.000244920 0.000231390 0.000128720 0.000203170 0.000160560 0.000223310 0.000289920 0.000244210 0.000214490 0.000214590 0.000197640 0.000125360 0.000121460 0.000122080 0.000135330 0.000129100 0.000113380 0.000125310 0.000206560 0.000000000 0.000009510 0.000024460 0.000021570 0.000131310 0.000103570 0.000107730 0.000176580 0.000164650 0.000202910 0.000193850 0.000195030 0.000374770 
4     0.000252330 0.000246240 0.000243500 0.000375710 0.000373890 0.000204980 0.000202700 0.000193300 0.000224290 0.000178040 0.000188380 0.000196340 0.000193520 0.000181890 0.000186840 0.000225770 0.000231880 0.000332380 0.000270650 0.000210800 0.000197270 0.000094600 0.000169050 0.000126440 0.000189190 0.000255800 0.000210090 0.000180370 0.000180470 0.000163520 0.000091240 0.000087340 0.000087960 0.000101210 0.000094980 0.000079260 0.000091190 0.000172440 0.000009510 0.000000000 0.000029000 0.000029940 0.000108610 0.000102060 0.000083230 0.000142460 0.000130530 0.000168790 0.000159730 0.000160910 0.000340650 
34     0.000283050 0.000276960 0.000274220 0.000406430 0.000404610 0.000235700 0.000233420 0.000224020 0.000255010 0.000208760 0.000219100 0.000227060 0.000224240 0.000212610 0.000217560 0.000256490 0.000262600 0.000363100 0.000301370 0.000241520 0.000227990 0.000125320 0.000199770 0.000157160 0.000219910 0.000286520 0.000240810 0.000211090 0.000211190 0.000194240 0.000121960 0.000118060 0.000118680 0.000131930 0.000125700 0.000109980 0.000121910 0.000203160 0.000024460 0.000029000 0.000000000 0.000006170 0.000127910 0.000121360 0.000104330 0.000173180 0.000161250 0.000199510 0.000190450 0.000191630 0.000371370 
3     0.000280160 0.000274070 0.000271330 0.000403540 0.000401720 0.000232810 0.000230530 0.000221130 0.000252120 0.000205870 0.000216210 0.000224170 0.000221350 0.000209720 0.000214670 0.000253600 0.000259710 0.000360210 0.000298480 0.000238630 0.000225100 0.000122430 0.000196880 0.000154270 0.000217020 0.000283630 0.000237920 0.000208200 0.000208300 0.000191350 0.000119070 0.000115170 0.000115790 0.000129040 0.000122810 0.000107090 0.000119020 0.000200270 0.000021570 0.000029940 0.000006170 0.000000000 0.000125020 0.000118010 0.000101440 0.000170290 0.000158360 0.000196620 0.000187560 0.000188740 0.000368480 
23     0.000296980 0.000290890 0.000288150 0.000420360 0.000418540 0.000249630 0.000247350 0.000237950 0.000268940 0.000222690 0.000233030 0.000240990 0.000238170 0.000226540 0.000231490 0.000270420 0.000276530 0.000377030 0.000315300 0.000255450 0.000241920 0.000139250 0.000213700 0.000171090 0.000233840 0.000300450 0.000254740 0.000225020 0.000225120 0.000208170 0.000135890 0.000131990 0.000132610 0.000145860 0.000139630 0.000123910 0.000135840 0.000217090 0.000131310 0.000108610 0.000127910 0.000125020 0.000000000 0.000018730 0.000000390 0.000187110 0.000175180 0.000213440 0.000204380 0.000205560 0.000385300 
13     0.000290430 0.000284340 0.000281600 0.000413810 0.000411990 0.000243080 0.000240800 0.000231400 0.000262390 0.000216140 0.000226480 0.000234440 0.000231620 0.000219990 0.000224940 0.000263870 0.000269980 0.000370480 0.000308750 0.000248900 0.000235370 0.000132700 0.000207150 0.000164540 0.000227290 0.000293900 0.000248190 0.000218470 0.000218570 0.000201620 0.000129340 0.000125440 0.000126060 0.000139310 0.000133080 0.000117360 0.000129290 0.000210540 0.000103570 0.000102060 0.000121360 0.000118010 0.000018730 0.000000000 0.000111710 0.000180560 0.000168630 0.000206890 0.000197830 0.000199010 0.000378750 
9     0.000271600 0.000265510 0.000262770 0.000394980 0.000393160 0.000224250 0.000221970 0.000212570 0.000243560 0.000197310 0.000207650 0.000215610 0.000212790 0.000201160 0.000206110 0.000245040 0.000251150 0.000351650 0.000289920 0.000230070 0.000216540 0.000113870 0.000188320 0.000145710 0.000208460 0.000275070 0.000229360 0.000199640 0.000199740 0.000182790 0.000110510 0.000106610 0.000107230 0.000110950 0.000114250 0.000098530 0.000110460 0.000191710 0.000107730 0.000083230 0.000104330 0.000101440 0.000000390 0.000111710 0.000000000 0.000161730 0.000149800 0.000188060 0.000179000 0.000180180 0.000359920 
22     0.000248450 0.000242360 0.000239620 0.000371830 0.000370010 0.000201100 0.000198820 0.000189420 0.000220410 0.000174160 0.000184500 0.000192460 0.000189640 0.000178010 0.000182960 0.000221890 0.000228000 0.000328500 0.000266770 0.000206920 0.000193390 0.000119120 0.000193570 0.000150960 0.000213710 0.000280320 0.000234610 0.000204890 0.000204990 0.000192060 0.000115760 0.000129780 0.000130400 0.000170450 0.000164220 0.000148500 0.000160890 0.000242140 0.000176580 0.000142460 0.000173180 0.000170290 0.000187110 0.000180560 0.000161730 0.000000000 0.000007550 0.000120270 0.000111210 0.000112390 0.000336770 
10     0.000236520 0.000230430 0.000227690 0.000359900 0.000358080 0.000189170 0.000186890 0.000177490 0.000208480 0.000162230 0.000172570 0.000180530 0.000177710 0.000166080 0.000171030 0.000209960 0.000216070 0.000316570 0.000254840 0.000194990 0.000181460 0.000107190 0.000181640 0.000139030 0.000201780 0.000268390 0.000222680 0.000192960 0.000193060 0.000180130 0.000103830 0.000117850 0.000118470 0.000158520 0.000152290 0.000136570 0.000148960 0.000230210 0.000164650 0.000130530 0.000161250 0.000158360 0.000175180 0.000168630 0.000149800 0.000007550 0.000000000 0.000108340 0.000099280 0.000100460 0.000324840 
16     0.000274780 0.000268690 0.000265950 0.000398160 0.000396340 0.000227430 0.000225150 0.000215750 0.000246740 0.000200490 0.000210830 0.000218790 0.000215970 0.000204340 0.000209290 0.000248220 0.000254330 0.000354830 0.000293100 0.000233250 0.000219720 0.000145450 0.000219900 0.000177290 0.000240040 0.000306650 0.000260940 0.000231220 0.000231320 0.000218390 0.000142090 0.000156110 0.000156730 0.000196780 0.000190550 0.000174830 0.000187220 0.000268470 0.000202910 0.000168790 0.000199510 0.000196620 0.000213440 0.000206890 0.000188060 0.000120270 0.000108340 0.000000000 0.000000710 0.000016840 0.000363100 
29     0.000265720 0.000259630 0.000256890 0.000389100 0.000387280 0.000218370 0.000216090 0.000206690 0.000237680 0.000191430 0.000201770 0.000209730 0.000206910 0.000195280 0.000200230 0.000239160 0.000245270 0.000345770 0.000284040 0.000224190 0.000210660 0.000136390 0.000210840 0.000168230 0.000230980 0.000297590 0.000251880 0.000222160 0.000222260 0.000209330 0.000133030 0.000147050 0.000147670 0.000187720 0.000181490 0.000165770 0.000178160 0.000259410 0.000193850 0.000159730 0.000190450 0.000187560 0.000204380 0.000197830 0.000179000 0.000111210 0.000099280 0.000000710 0.000000000 0.000013940 0.000354040 
42     0.000266900 0.000260810 0.000258070 0.000390280 0.000388460 0.000219550 0.000217270 0.000207870 0.000238860 0.000192610 0.000202950 0.000210910 0.000208090 0.000196460 0.000201410 0.000240340 0.000246450 0.000346950 0.000285220 0.000225370 0.000211840 0.000137570 0.000212020 0.000169410 0.000232160 0.000298770 0.000253060 0.000223340 0.000223440 0.000210510 0.000134210 0.000148230 0.000148850 0.000188900 0.000182670 0.000166950 0.000179340 0.000260590 0.000195030 0.000160910 0.000191630 0.000188740 0.000205560 0.000199010 0.000180180 0.000112390 0.000100460 0.000016840 0.000013940 0.000000000 0.000355220 
0     0.000016560 0.000406250 0.000403510 0.000535720 0.000533900 0.000364990 0.000362710 0.000353310 0.000384300 0.000338050 0.000348390 0.000356350 0.000353530 0.000341900 0.000346850 0.000385780 0.000391890 0.000492390 0.000430660 0.000370810 0.000357280 0.000317310 0.000391760 0.000349150 0.000411900 0.000478510 0.000432800 0.000403080 0.000403180 0.000390250 0.000313950 0.000327970 0.000328590 0.000368640 0.000362410 0.000346690 0.000359080 0.000440330 0.000374770 0.000340650 0.000371370 0.000368480 0.000385300 0.000378750 0.000359920 0.000336770 0.000324840 0.000363100 0.000354040 0.000355220 0.000000000 
