51
1     0.000000000 0.038911496 0.117563799 0.112374487 0.119187502 0.119927785 0.119299478 0.118833185 0.117859936 0.124879471 0.125282408 0.130417069 0.125278748 0.126681849 0.120281824 0.122539514 0.117557958 0.121929710 0.122389364 0.124612183 0.125207129 0.127447870 0.127222472 0.119526194 0.127922782 0.121645883 0.118987718 0.112315378 0.125600709 0.124393185 0.125360643 0.119809503 0.119087178 0.121020038 0.120497794 0.119995895 0.119027282 0.119551828 0.115864542 0.117739967 0.119859945 0.116378725 0.115768169 0.113753130 0.122250442 0.116098291 0.116528860 0.113839791 0.115173425 0.111184355 0.263422632 
2     0.038911496 0.000000000 0.121601947 0.116412634 0.123225650 0.123965932 0.123337626 0.122871332 0.121898084 0.128917619 0.129320555 0.134455217 0.129316896 0.130719997 0.124319972 0.126577661 0.121596106 0.125967858 0.126427511 0.128650330 0.129245276 0.131486018 0.131260619 0.123564341 0.131960929 0.125684031 0.123025865 0.116353526 0.129638857 0.128431332 0.129398790 0.123847651 0.123125326 0.125058185 0.124535941 0.124034043 0.123065430 0.123589975 0.119902689 0.121778115 0.123898092 0.120416873 0.119806317 0.117791277 0.126288590 0.120136439 0.120567008 0.117877939 0.119211573 0.115222503 0.267460779 
4     0.117563799 0.121601947 0.000000000 0.101769614 0.108584427 0.109324710 0.108696403 0.108230110 0.107283452 0.114397523 0.114800459 0.119933268 0.114785035 0.116149530 0.109773280 0.112030969 0.106998556 0.111421166 0.111880819 0.114103638 0.114711563 0.116897221 0.116671822 0.109042973 0.117510275 0.111030881 0.108434910 0.101762571 0.117831431 0.116623907 0.117591365 0.112056202 0.111333877 0.113265668 0.112743424 0.112240998 0.111272912 0.111801627 0.108114341 0.109990908 0.112110885 0.108629666 0.108019110 0.106004070 0.114498201 0.108346050 0.108776619 0.106087550 0.107421184 0.103403615 0.258098889 
23     0.112374487 0.116412634 0.101769614 0.000000000 0.037598837 0.038315636 0.037606657 0.037180488 0.036322054 0.080190077 0.080628749 0.085813857 0.080758042 0.082175961 0.075970030 0.078187712 0.073129832 0.077584766 0.078044420 0.080267239 0.080911567 0.083014729 0.082784075 0.075059159 0.082816823 0.077038944 0.074555859 0.067891219 0.112518032 0.111310507 0.112277965 0.106793101 0.106070776 0.108004736 0.107482492 0.106980593 0.106011980 0.106488096 0.102800810 0.104599637 0.106719615 0.103238395 0.102627839 0.100612800 0.109113758 0.102961607 0.103392176 0.100703108 0.102036742 0.098021084 0.252715512 
13     0.119187502 0.123225650 0.108584427 0.037598837 0.000000000 0.016876391 0.020111847 0.020073943 0.040231387 0.086920976 0.087359649 0.092544757 0.087488806 0.088904893 0.082698961 0.084916643 0.079858763 0.084313697 0.084773351 0.086996170 0.087640498 0.089743661 0.089513006 0.081790058 0.089591328 0.083807134 0.081324184 0.074659544 0.119331493 0.118123969 0.119091427 0.113606562 0.112884237 0.114818197 0.114295953 0.113794055 0.112825442 0.113301558 0.109614272 0.111413099 0.113533076 0.110051857 0.109441301 0.107426261 0.115927220 0.109775069 0.110205638 0.107516569 0.108850203 0.104834545 0.259528276 
37     0.119927785 0.123965932 0.109324710 0.038315636 0.016876391 0.000000000 0.020922657 0.020374647 0.041049852 0.087661259 0.088099932 0.093285040 0.088229089 0.089645175 0.083439244 0.085656926 0.080599046 0.085053980 0.085513634 0.087736453 0.088380781 0.090483943 0.090253289 0.082530341 0.090331611 0.084547416 0.082064467 0.075399827 0.120071776 0.118864252 0.119831710 0.114346845 0.113624520 0.115558480 0.115036236 0.114534338 0.113565725 0.114041841 0.110354555 0.112153382 0.114273359 0.110792140 0.110181584 0.108166544 0.116667503 0.110515352 0.110945921 0.108256852 0.109590486 0.105574828 0.260268559 
7     0.119299478 0.123337626 0.108696403 0.037606657 0.020111847 0.020922657 0.000000000 0.013296766 0.040363762 0.087032952 0.087471625 0.092656733 0.087600782 0.089016869 0.082810937 0.085028619 0.079970739 0.084425673 0.084885327 0.087108146 0.087752474 0.089855637 0.089624982 0.081902034 0.089703304 0.083919110 0.081436160 0.074771520 0.119443469 0.118235945 0.119203403 0.113718538 0.112996213 0.114930173 0.114407929 0.113906031 0.112937418 0.113413534 0.109726248 0.111525075 0.113645052 0.110163833 0.109553277 0.107538237 0.116039196 0.109887045 0.110317614 0.107628545 0.108962179 0.104946521 0.259640252 
36     0.118833185 0.122871332 0.108230110 0.037180488 0.020073943 0.020374647 0.013296766 0.000000000 0.039938895 0.086566659 0.087005332 0.092190439 0.087134489 0.088550575 0.082344644 0.084562326 0.079504446 0.083959380 0.084419034 0.086641853 0.087286181 0.089389343 0.089158689 0.081435741 0.089237010 0.083452816 0.080969866 0.074305226 0.118977176 0.117769652 0.118737110 0.113252245 0.112529920 0.114463880 0.113941636 0.113439738 0.112471124 0.112947240 0.109259954 0.111058782 0.113178759 0.109697539 0.109086983 0.107071944 0.115572903 0.109420752 0.109851321 0.107162252 0.108495886 0.104480228 0.259173959 
45     0.117859936 0.121898084 0.107283452 0.036322054 0.040231387 0.041049852 0.040363762 0.039938895 0.000000000 0.085701865 0.086140538 0.091325646 0.086269696 0.087685863 0.081479931 0.083697614 0.078639733 0.083094668 0.083554321 0.085777140 0.086421468 0.088524631 0.088293977 0.080570947 0.088326692 0.082623842 0.080140892 0.073476252 0.118001314 0.116793789 0.117761247 0.112276383 0.111554058 0.113488018 0.112965774 0.112463875 0.111495262 0.111971378 0.108284092 0.110082919 0.112202897 0.108721677 0.108111121 0.106096082 0.114597040 0.108444890 0.108875458 0.106186390 0.107520024 0.103504366 0.258225450 
38     0.124879471 0.128917619 0.114397523 0.080190077 0.086920976 0.087661259 0.087032952 0.086566659 0.085701865 0.000000000 0.030740491 0.048793967 0.056448959 0.057403296 0.051501122 0.053837882 0.048975434 0.053106291 0.053531863 0.055879321 0.056481507 0.058716117 0.058526439 0.050447556 0.076457958 0.081258320 0.078620126 0.071934703 0.125031747 0.123824222 0.124791680 0.119306816 0.118584491 0.120518451 0.119996207 0.119494308 0.118525695 0.119001811 0.115314525 0.117115042 0.119235019 0.115753800 0.115143244 0.113128204 0.121629163 0.115477012 0.115907581 0.113218512 0.114552146 0.110536488 0.265189892 
9     0.125282408 0.129320555 0.114800459 0.080628749 0.087359649 0.088099932 0.087471625 0.087005332 0.086140538 0.030740491 0.000000000 0.048969521 0.056802301 0.057689261 0.051793971 0.054148604 0.049275450 0.053410377 0.053835399 0.056227271 0.056829457 0.058996738 0.058788841 0.050747569 0.076935756 0.081643714 0.079006738 0.072321315 0.125434683 0.124227159 0.125194617 0.119709752 0.118987427 0.120921387 0.120399143 0.119897245 0.118928631 0.119404748 0.115717461 0.117517978 0.119637956 0.116156736 0.115546180 0.113531140 0.122032099 0.115879948 0.116310517 0.113621448 0.114955082 0.110939424 0.265592829 
32     0.130417069 0.134455217 0.119933268 0.085813857 0.092544757 0.093285040 0.092656733 0.092190439 0.091325646 0.048793967 0.048969521 0.000000000 0.061850350 0.062931872 0.056932719 0.059276706 0.054556847 0.058785994 0.059137673 0.061539057 0.062141243 0.064338890 0.064150299 0.056174746 0.081953440 0.086697659 0.084060682 0.077375260 0.130634101 0.129426577 0.130394035 0.124909170 0.124186845 0.126120805 0.125598561 0.125096663 0.124128050 0.124604166 0.120916880 0.122717396 0.124837374 0.121356154 0.120745598 0.118730559 0.127231517 0.121079367 0.121509935 0.118820867 0.120154501 0.116138843 0.270732528 
30     0.125278748 0.129316896 0.114785035 0.080758042 0.087488806 0.088229089 0.087600782 0.087134489 0.086269696 0.056448959 0.056802301 0.061850350 0.000000000 0.054392387 0.048227422 0.050545296 0.045746475 0.049819226 0.050309275 0.052720856 0.053206888 0.055873448 0.055794907 0.047293901 0.077376972 0.081563420 0.078939653 0.072254230 0.125404236 0.124196712 0.125164170 0.119679305 0.118956980 0.120890940 0.120368696 0.119866798 0.118898185 0.119374301 0.115687015 0.117487531 0.119607509 0.116126289 0.115515733 0.113500694 0.122001652 0.115849501 0.116280070 0.113591002 0.114924636 0.110908978 0.265568215 
8     0.126681849 0.130719997 0.116149530 0.082175961 0.088904893 0.089645175 0.089016869 0.088550575 0.087685863 0.057403296 0.057689261 0.062931872 0.054392387 0.000000000 0.040290359 0.043333728 0.038018028 0.042616958 0.042995972 0.045083987 0.045542459 0.047971915 0.047887640 0.040280412 0.078306944 0.083026254 0.080391995 0.073706573 0.126902197 0.125694673 0.126662131 0.121177266 0.120454941 0.122388901 0.121866657 0.121364758 0.120396145 0.120872261 0.117184975 0.118985492 0.121105469 0.117624250 0.117013694 0.114998654 0.123499613 0.117347462 0.117778031 0.115088962 0.116422596 0.112406938 0.266989230 
18     0.120281824 0.124319972 0.109773280 0.075970030 0.082698961 0.083439244 0.082810937 0.082344644 0.081479931 0.051501122 0.051793971 0.056932719 0.048227422 0.040290359 0.000000000 0.020151552 0.019886594 0.023966207 0.024323330 0.028108780 0.028864482 0.037042129 0.037148980 0.030636287 0.072140361 0.076494630 0.073860371 0.067174949 0.120481564 0.119274040 0.120241498 0.114756633 0.114034308 0.115968268 0.115446024 0.114944126 0.113975513 0.114451629 0.110764343 0.112564859 0.114684837 0.111203617 0.110593061 0.108578022 0.117078980 0.110926830 0.111357398 0.108668330 0.110001964 0.105986306 0.260575867 
24     0.122539514 0.126577661 0.112030969 0.078187712 0.084916643 0.085656926 0.085028619 0.084562326 0.083697614 0.053837882 0.054148604 0.059276706 0.050545296 0.043333728 0.020151552 0.000000000 0.022020845 0.026358891 0.026789917 0.030003345 0.030767508 0.039074757 0.038972519 0.032992383 0.074417446 0.078705768 0.076071509 0.069386086 0.122739254 0.121531729 0.122499187 0.117014322 0.116291998 0.118225958 0.117703714 0.117201815 0.116233202 0.116709318 0.113022032 0.114822549 0.116942526 0.113461306 0.112850751 0.110835711 0.119336670 0.113184519 0.113615088 0.110926019 0.112259653 0.108243995 0.262833557 
50     0.117557958 0.121596106 0.106998556 0.073129832 0.079858763 0.080599046 0.079970739 0.079504446 0.078639733 0.048975434 0.049275450 0.054556847 0.045746475 0.038018028 0.019886594 0.022020845 0.000000000 0.018142999 0.018645215 0.025012881 0.025727130 0.033902602 0.034025295 0.027874533 0.069410036 0.073769989 0.071135730 0.064450307 0.117755422 0.116547898 0.117515356 0.112030491 0.111308166 0.113242126 0.112719882 0.112217984 0.111249371 0.111725487 0.108038200 0.109838717 0.111958695 0.108477475 0.107866919 0.105851879 0.114352838 0.108200687 0.108631256 0.105942187 0.107275821 0.103260163 0.257842796 
49     0.121929710 0.125967858 0.111421166 0.077584766 0.084313697 0.085053980 0.084425673 0.083959380 0.083094668 0.053106291 0.053410377 0.058785994 0.049819226 0.042616958 0.023966207 0.026358891 0.018142999 0.000000000 0.012233281 0.029334448 0.030064215 0.038944581 0.039105561 0.032160886 0.073820240 0.078093144 0.075458885 0.068773463 0.122129450 0.120921926 0.121889384 0.116404519 0.115682194 0.117616154 0.117093910 0.116592012 0.115623399 0.116099515 0.112412229 0.114212745 0.116332723 0.112851503 0.112240947 0.110225908 0.118726866 0.112574715 0.113005284 0.110316216 0.111649849 0.107634191 0.262223753 
27     0.122389364 0.126427511 0.111880819 0.078044420 0.084773351 0.085513634 0.084885327 0.084419034 0.083554321 0.053531863 0.053835399 0.059137673 0.050309275 0.042995972 0.024323330 0.026789917 0.018645215 0.012233281 0.000000000 0.029979317 0.030634107 0.039217165 0.039330163 0.032666618 0.074264942 0.078551602 0.075917344 0.069231921 0.122589104 0.121381579 0.122349037 0.116864173 0.116141848 0.118075808 0.117553564 0.117051665 0.116083052 0.116559168 0.112871882 0.114672399 0.116792376 0.113311157 0.112700601 0.110685561 0.119186520 0.113034369 0.113464938 0.110775869 0.112109503 0.108093845 0.262683407 
29     0.124612183 0.128650330 0.114103638 0.080267239 0.086996170 0.087736453 0.087108146 0.086641853 0.085777140 0.055879321 0.056227271 0.061539057 0.052720856 0.045083987 0.028108780 0.030003345 0.025012881 0.029334448 0.029979317 0.000000000 0.013552666 0.041093582 0.041143912 0.035078435 0.076518085 0.080759159 0.078123028 0.071437605 0.124811923 0.123604399 0.124571857 0.119086992 0.118364667 0.120298627 0.119776383 0.119274484 0.118305871 0.118781987 0.115094701 0.116895218 0.119015195 0.115533976 0.114923420 0.112908380 0.121409339 0.115257188 0.115687757 0.112998688 0.114332322 0.110316664 0.264906226 
12     0.125207129 0.129245276 0.114711563 0.080911567 0.087640498 0.088380781 0.087752474 0.087286181 0.086421468 0.056481507 0.056829457 0.062141243 0.053206888 0.045542459 0.028864482 0.030767508 0.025727130 0.030064215 0.030634107 0.013552666 0.000000000 0.041725054 0.041744927 0.035654724 0.077058677 0.081405486 0.078769355 0.072083932 0.125397374 0.124189850 0.125157308 0.119672443 0.118950118 0.120884078 0.120361834 0.119859936 0.118891322 0.119367438 0.115680152 0.117480669 0.119600646 0.116119427 0.115508871 0.113493831 0.121994790 0.115842639 0.116273208 0.113584139 0.114917773 0.110902115 0.265501633 
3     0.127447870 0.131486018 0.116897221 0.083014729 0.089743661 0.090483943 0.089855637 0.089389343 0.088524631 0.058716117 0.058996738 0.064338890 0.055873448 0.047971915 0.037042129 0.039074757 0.033902602 0.038944581 0.039217165 0.041093582 0.041725054 0.000000000 0.016250377 0.037733922 0.079216665 0.083779067 0.081142936 0.074457513 0.127660659 0.126453135 0.127420593 0.121935728 0.121213403 0.123147363 0.122625119 0.122123221 0.121154608 0.121630724 0.117943438 0.119743954 0.121863932 0.118382712 0.117772156 0.115757117 0.124258075 0.118105924 0.118536493 0.115847425 0.117181059 0.113165401 0.267751010 
33     0.127222472 0.131260619 0.116671822 0.082784075 0.089513006 0.090253289 0.089624982 0.089158689 0.088293977 0.058526439 0.058788841 0.064150299 0.055794907 0.047887640 0.037148980 0.038972519 0.034025295 0.039105561 0.039330163 0.041143912 0.041744927 0.016250377 0.000000000 0.037650603 0.079009652 0.083559749 0.080923618 0.074238196 0.127435261 0.126227736 0.127195194 0.121710329 0.120988004 0.122921965 0.122399721 0.121897822 0.120929209 0.121405325 0.117718039 0.119518556 0.121638533 0.118157313 0.117546757 0.115531718 0.124032677 0.117880526 0.118311095 0.115622026 0.116955660 0.112940002 0.267525611 
46     0.119526194 0.123564341 0.109042973 0.075059159 0.081790058 0.082530341 0.081902034 0.081435741 0.080570947 0.050447556 0.050747569 0.056174746 0.047293901 0.040280412 0.030636287 0.032992383 0.027874533 0.032160886 0.032666618 0.035078435 0.035654724 0.037733922 0.037650603 0.000000000 0.071337324 0.075637481 0.073003222 0.066317799 0.119717364 0.118509840 0.119477297 0.113992433 0.113270108 0.115204068 0.114681824 0.114179925 0.113211312 0.113687428 0.110000142 0.111800659 0.113920636 0.110439417 0.109828861 0.107813821 0.116314780 0.110162629 0.110593198 0.107904129 0.109237763 0.105222105 0.259824940 
42     0.127922782 0.131960929 0.117510275 0.082816823 0.089591328 0.090331611 0.089703304 0.089237010 0.088326692 0.076457958 0.076935756 0.081953440 0.077376972 0.078306944 0.072140361 0.074417446 0.069410036 0.073820240 0.074264942 0.076518085 0.077058677 0.079216665 0.079009652 0.071337324 0.000000000 0.083423795 0.080711495 0.074040249 0.128217163 0.127009639 0.127977097 0.122492232 0.121769907 0.123703867 0.123181623 0.122679725 0.121711111 0.122187228 0.118499941 0.120300458 0.122420436 0.118939216 0.118328660 0.116313620 0.124814579 0.118662428 0.119092997 0.116403928 0.117737562 0.113721904 0.268265220 
35     0.121645883 0.125684031 0.111030881 0.077038944 0.083807134 0.084547416 0.083919110 0.083452816 0.082623842 0.081258320 0.081643714 0.086697659 0.081563420 0.083026254 0.076494630 0.078705768 0.073769989 0.078093144 0.078551602 0.080759159 0.081405486 0.083779067 0.083559749 0.075637481 0.083423795 0.000000000 0.050904543 0.044186147 0.121753594 0.120546070 0.121513528 0.116028663 0.115306338 0.117240298 0.116718054 0.116216156 0.115247542 0.115723658 0.112036372 0.113836971 0.115956949 0.112475729 0.111865173 0.109850134 0.118351092 0.112198941 0.112629510 0.109940442 0.111274076 0.107258418 0.261889885 
48     0.118987718 0.123025865 0.108434910 0.074555859 0.081324184 0.082064467 0.081436160 0.080969866 0.080140892 0.078620126 0.079006738 0.084060682 0.078939653 0.080391995 0.073860371 0.076071509 0.071135730 0.075458885 0.075917344 0.078123028 0.078769355 0.081142936 0.080923618 0.073003222 0.080711495 0.050904543 0.000000000 0.027722318 0.119155177 0.117947653 0.118915111 0.113430246 0.112707921 0.114641881 0.114119637 0.113617739 0.112649126 0.113125242 0.109437956 0.111238555 0.113358532 0.109877312 0.109266757 0.107251717 0.115752676 0.109600525 0.110031094 0.107342025 0.108675659 0.104660001 0.259246738 
16     0.112315378 0.116353526 0.101762571 0.067891219 0.074659544 0.075399827 0.074771520 0.074305226 0.073476252 0.071934703 0.072321315 0.077375260 0.072254230 0.073706573 0.067174949 0.069386086 0.064450307 0.068773463 0.069231921 0.071437605 0.072083932 0.074457513 0.074238196 0.066317799 0.074040249 0.044186147 0.027722318 0.000000000 0.112482838 0.111275314 0.112242772 0.106757907 0.106035582 0.107969542 0.107447298 0.106945400 0.105976787 0.106452903 0.102765616 0.104566215 0.106686193 0.103204973 0.102594417 0.100579378 0.109080336 0.102928186 0.103358755 0.100669686 0.102003320 0.097987662 0.252574399 
6     0.125600709 0.129638857 0.117831431 0.112518032 0.119331493 0.120071776 0.119443469 0.118977176 0.118001314 0.125031747 0.125434683 0.130634101 0.125404236 0.126902197 0.120481564 0.122739254 0.117755422 0.122129450 0.122589104 0.124811923 0.125397374 0.127660659 0.127435261 0.119717364 0.128217163 0.121753594 0.119155177 0.112482838 0.000000000 0.025876668 0.026885517 0.058435971 0.057736333 0.059362618 0.058899404 0.058354096 0.057436999 0.077374685 0.073682161 0.088454502 0.090671908 0.087182482 0.086559928 0.084476431 0.093009856 0.086825791 0.087256360 0.084606121 0.085882806 0.081687252 0.266574607 
22     0.124393185 0.128431332 0.116623907 0.111310507 0.118123969 0.118864252 0.118235945 0.117769652 0.116793789 0.123824222 0.124227159 0.129426577 0.124196712 0.125694673 0.119274040 0.121531729 0.116547898 0.120921926 0.121381579 0.123604399 0.124189850 0.126453135 0.126227736 0.118509840 0.127009639 0.120546070 0.117947653 0.111275314 0.025876668 0.000000000 0.015495069 0.057436226 0.056696152 0.058372025 0.057900214 0.057356649 0.056439552 0.076191072 0.072498549 0.087236788 0.089454194 0.085964768 0.085342214 0.083258717 0.091792142 0.085608077 0.086038646 0.083388407 0.084665092 0.080472670 0.265367083 
10     0.125360643 0.129398790 0.117591365 0.112277965 0.119091427 0.119831710 0.119203403 0.118737110 0.117761247 0.124791680 0.125194617 0.130394035 0.125164170 0.126662131 0.120241498 0.122499187 0.117515356 0.121889384 0.122349037 0.124571857 0.125157308 0.127420593 0.127195194 0.119477297 0.127977097 0.121513528 0.118915111 0.112242772 0.026885517 0.015495069 0.000000000 0.058302763 0.057563106 0.059268411 0.058805197 0.058261632 0.057344535 0.077221736 0.073529212 0.088204246 0.090421652 0.086932226 0.086309672 0.084226175 0.092759600 0.086575535 0.087006104 0.084355865 0.085632549 0.081440128 0.266334540 
5     0.119809503 0.123847651 0.112056202 0.106793101 0.113606562 0.114346845 0.113718538 0.113252245 0.112276383 0.119306816 0.119709752 0.124909170 0.119679305 0.121177266 0.114756633 0.117014322 0.112030491 0.116404519 0.116864173 0.119086992 0.119672443 0.121935728 0.121710329 0.113992433 0.122492232 0.116028663 0.113430246 0.106757907 0.058435971 0.057436226 0.058302763 0.000000000 0.014796509 0.047594116 0.047075255 0.046583419 0.045794454 0.071260346 0.067587836 0.082695157 0.084912563 0.081423136 0.080800582 0.078717085 0.087280532 0.081096467 0.081527036 0.078876797 0.080153482 0.076049701 0.260808572 
43     0.119087178 0.123125326 0.111333877 0.106070776 0.112884237 0.113624520 0.112996213 0.112529920 0.111554058 0.118584491 0.118987427 0.124186845 0.118956980 0.120454941 0.114034308 0.116291998 0.111308166 0.115682194 0.116141848 0.118364667 0.118950118 0.121213403 0.120988004 0.113270108 0.121769907 0.115306338 0.112707921 0.106035582 0.057736333 0.056696152 0.057563106 0.014796509 0.000000000 0.046995985 0.046477916 0.045986080 0.045197548 0.070529761 0.066857251 0.081966117 0.084183523 0.080694097 0.080071543 0.077988046 0.086551493 0.080367428 0.080797997 0.078147758 0.079424442 0.075321663 0.260086247 
41     0.121020038 0.125058185 0.113265668 0.108004736 0.114818197 0.115558480 0.114930173 0.114463880 0.113488018 0.120518451 0.120921387 0.126120805 0.120890940 0.122388901 0.115968268 0.118225958 0.113242126 0.117616154 0.118075808 0.120298627 0.120884078 0.123147363 0.122921965 0.115204068 0.123703867 0.117240298 0.114641881 0.107969542 0.059362618 0.058372025 0.059268411 0.047594116 0.046995985 0.000000000 0.021283851 0.020896118 0.019769952 0.072674010 0.069001500 0.084089025 0.086306431 0.082817005 0.082194451 0.080110954 0.088658835 0.082474770 0.082905338 0.080255100 0.081531784 0.077384122 0.262020208 
39     0.120497794 0.124535941 0.112743424 0.107482492 0.114295953 0.115036236 0.114407929 0.113941636 0.112965774 0.119996207 0.120399143 0.125598561 0.120368696 0.121866657 0.115446024 0.117703714 0.112719882 0.117093910 0.117553564 0.119776383 0.120361834 0.122625119 0.122399721 0.114681824 0.123181623 0.116718054 0.114119637 0.107447298 0.058899404 0.057900214 0.058805197 0.047075255 0.046477916 0.021283851 0.000000000 0.017926127 0.016389361 0.072043765 0.068371255 0.083584474 0.085801880 0.082312453 0.081689900 0.079606402 0.088154283 0.081970218 0.082400787 0.079750548 0.081027233 0.076888070 0.261497964 
28     0.119995895 0.124034043 0.112240998 0.106980593 0.113794055 0.114534338 0.113906031 0.113439738 0.112463875 0.119494308 0.119897245 0.125096663 0.119866798 0.121364758 0.114944126 0.117201815 0.112217984 0.116592012 0.117051665 0.119274484 0.119859936 0.122123221 0.121897822 0.114179925 0.122679725 0.116216156 0.113617739 0.106945400 0.058354096 0.057356649 0.058261632 0.046583419 0.045986080 0.020896118 0.017926127 0.000000000 0.012239947 0.071646531 0.067954008 0.083063788 0.085281194 0.081791768 0.081169214 0.079085717 0.087633598 0.081449533 0.081880102 0.079229863 0.080506547 0.076358886 0.260996065 
20     0.119027282 0.123065430 0.111272912 0.106011980 0.112825442 0.113565725 0.112937418 0.112471124 0.111495262 0.118525695 0.118928631 0.124128050 0.118898185 0.120396145 0.113975513 0.116233202 0.111249371 0.115623399 0.116083052 0.118305871 0.118891322 0.121154608 0.120929209 0.113211312 0.121711111 0.115247542 0.112649126 0.105976787 0.057436999 0.056439552 0.057344535 0.045794454 0.045197548 0.019769952 0.016389361 0.012239947 0.000000000 0.070604664 0.066912141 0.082116349 0.084333755 0.080844329 0.080221775 0.078138278 0.086686159 0.080502094 0.080932663 0.078282424 0.079559108 0.075419946 0.260027452 
15     0.119551828 0.123589975 0.111801627 0.106488096 0.113301558 0.114041841 0.113413534 0.112947240 0.111971378 0.119001811 0.119404748 0.124604166 0.119374301 0.120872261 0.114451629 0.116709318 0.111725487 0.116099515 0.116559168 0.118781987 0.119367438 0.121630724 0.121405325 0.113687428 0.122187228 0.115723658 0.113125242 0.106452903 0.077374685 0.076191072 0.077221736 0.071260346 0.070529761 0.072674010 0.072043765 0.071646531 0.070604664 0.000000000 0.021016293 0.082435455 0.084604026 0.081114587 0.080492033 0.078448270 0.086929604 0.080819818 0.081250632 0.078542457 0.079876833 0.075598065 0.260549024 
44     0.115864542 0.119902689 0.108114341 0.102800810 0.109614272 0.110354555 0.109726248 0.109259954 0.108284092 0.115314525 0.115717461 0.120916880 0.115687015 0.117184975 0.110764343 0.113022032 0.108038200 0.112412229 0.112871882 0.115094701 0.115680152 0.117943438 0.117718039 0.110000142 0.118499941 0.112036372 0.109437956 0.102765616 0.073682161 0.072498549 0.073529212 0.067587836 0.066857251 0.069001500 0.068371255 0.067954008 0.066912141 0.021016293 0.000000000 0.078754953 0.080923524 0.077434085 0.076811531 0.074767769 0.083249102 0.077139316 0.077570131 0.074861955 0.076196331 0.071907161 0.256861738 
31     0.117739967 0.121778115 0.109990908 0.104599637 0.111413099 0.112153382 0.111525075 0.111058782 0.110082919 0.117115042 0.117517978 0.122717396 0.117487531 0.118985492 0.112564859 0.114822549 0.109838717 0.114212745 0.114672399 0.116895218 0.117480669 0.119743954 0.119518556 0.111800659 0.120300458 0.113836971 0.111238555 0.104566215 0.088454502 0.087236788 0.088204246 0.082695157 0.081966117 0.084089025 0.083584474 0.083063788 0.082116349 0.082435455 0.078754953 0.000000000 0.033920299 0.030582822 0.030287812 0.027854081 0.059696792 0.053504621 0.053907066 0.051194528 0.052646711 0.064255456 0.258725078 
26     0.119859945 0.123898092 0.112110885 0.106719615 0.113533076 0.114273359 0.113645052 0.113178759 0.112202897 0.119235019 0.119637956 0.124837374 0.119607509 0.121105469 0.114684837 0.116942526 0.111958695 0.116332723 0.116792376 0.119015195 0.119600646 0.121863932 0.121638533 0.113920636 0.122420436 0.115956949 0.113358532 0.106686193 0.090671908 0.089454194 0.090421652 0.084912563 0.084183523 0.086306431 0.085801880 0.085281194 0.084333755 0.084604026 0.080923524 0.033920299 0.000000000 0.026638376 0.025885579 0.024004973 0.061869010 0.055664101 0.056064488 0.053339059 0.054753444 0.066311531 0.260845056 
47     0.116378725 0.120416873 0.108629666 0.103238395 0.110051857 0.110792140 0.110163833 0.109697539 0.108721677 0.115753800 0.116156736 0.121356154 0.116126289 0.117624250 0.111203617 0.113461306 0.108477475 0.112851503 0.113311157 0.115533976 0.116119427 0.118382712 0.118157313 0.110439417 0.118939216 0.112475729 0.109877312 0.103204973 0.087182482 0.085964768 0.086932226 0.081423136 0.080694097 0.082817005 0.082312453 0.081791768 0.080844329 0.081114587 0.077434085 0.030582822 0.026638376 0.000000000 0.012501742 0.019265865 0.058550418 0.052329026 0.052718968 0.050019908 0.051462000 0.062832256 0.257363836 
40     0.115768169 0.119806317 0.108019110 0.102627839 0.109441301 0.110181584 0.109553277 0.109086983 0.108111121 0.115143244 0.115546180 0.120745598 0.115515733 0.117013694 0.110593061 0.112850751 0.107866919 0.112240947 0.112700601 0.114923420 0.115508871 0.117772156 0.117546757 0.109828861 0.118328660 0.111865173 0.109266757 0.102594417 0.086559928 0.085342214 0.086309672 0.080800582 0.080071543 0.082194451 0.081689900 0.081169214 0.080221775 0.080492033 0.076811531 0.030287812 0.025885579 0.012501742 0.000000000 0.018465333 0.057893477 0.051674382 0.052064324 0.049365264 0.050807356 0.062262177 0.256753280 
19     0.113753130 0.117791277 0.106004070 0.100612800 0.107426261 0.108166544 0.107538237 0.107071944 0.106096082 0.113128204 0.113531140 0.118730559 0.113500694 0.114998654 0.108578022 0.110835711 0.105851879 0.110225908 0.110685561 0.112908380 0.113493831 0.115757117 0.115531718 0.107813821 0.116313620 0.109850134 0.107251717 0.100579378 0.084476431 0.083258717 0.084226175 0.078717085 0.077988046 0.080110954 0.079606402 0.079085717 0.078138278 0.078448270 0.074767769 0.027854081 0.024004973 0.019265865 0.018465333 0.000000000 0.055653988 0.049443361 0.049833304 0.047134244 0.048576335 0.060282345 0.254738240 
25     0.122250442 0.126288590 0.114498201 0.109113758 0.115927220 0.116667503 0.116039196 0.115572903 0.114597040 0.121629163 0.122032099 0.127231517 0.122001652 0.123499613 0.117078980 0.119336670 0.114352838 0.118726866 0.119186520 0.121409339 0.121994790 0.124258075 0.124032677 0.116314780 0.124814579 0.118351092 0.115752676 0.109080336 0.093009856 0.091792142 0.092759600 0.087280532 0.086551493 0.088658835 0.088154283 0.087633598 0.086686159 0.086929604 0.083249102 0.059696792 0.061869010 0.058550418 0.057893477 0.055653988 0.000000000 0.045650372 0.046059415 0.043130707 0.044697847 0.069077708 0.263235553 
17     0.116098291 0.120136439 0.108346050 0.102961607 0.109775069 0.110515352 0.109887045 0.109420752 0.108444890 0.115477012 0.115879948 0.121079367 0.115849501 0.117347462 0.110926830 0.113184519 0.108200687 0.112574715 0.113034369 0.115257188 0.115842639 0.118105924 0.117880526 0.110162629 0.118662428 0.112198941 0.109600525 0.102928186 0.086825791 0.085608077 0.086575535 0.081096467 0.080367428 0.082474770 0.081970218 0.081449533 0.080502094 0.080819818 0.077139316 0.053504621 0.055664101 0.052329026 0.051674382 0.049443361 0.045650372 0.000000000 0.015556905 0.026319048 0.029600729 0.062820321 0.257083402 
21     0.116528860 0.120567008 0.108776619 0.103392176 0.110205638 0.110945921 0.110317614 0.109851321 0.108875458 0.115907581 0.116310517 0.121509935 0.116280070 0.117778031 0.111357398 0.113615088 0.108631256 0.113005284 0.113464938 0.115687757 0.116273208 0.118536493 0.118311095 0.110593198 0.119092997 0.112629510 0.110031094 0.103358755 0.087256360 0.086038646 0.087006104 0.081527036 0.080797997 0.082905338 0.082400787 0.081880102 0.080932663 0.081250632 0.077570131 0.053907066 0.056064488 0.052718968 0.052064324 0.049833304 0.046059415 0.015556905 0.000000000 0.026709687 0.029964750 0.063243976 0.257513971 
14     0.113839791 0.117877939 0.106087550 0.100703108 0.107516569 0.108256852 0.107628545 0.107162252 0.106186390 0.113218512 0.113621448 0.118820867 0.113591002 0.115088962 0.108668330 0.110926019 0.105942187 0.110316216 0.110775869 0.112998688 0.113584139 0.115847425 0.115622026 0.107904129 0.116403928 0.109940442 0.107342025 0.100669686 0.084606121 0.083388407 0.084355865 0.078876797 0.078147758 0.080255100 0.079750548 0.079229863 0.078282424 0.078542457 0.074861955 0.051194528 0.053339059 0.050019908 0.049365264 0.047134244 0.043130707 0.026319048 0.026709687 0.000000000 0.027066847 0.060551413 0.254824902 
11     0.115173425 0.119211573 0.107421184 0.102036742 0.108850203 0.109590486 0.108962179 0.108495886 0.107520024 0.114552146 0.114955082 0.120154501 0.114924636 0.116422596 0.110001964 0.112259653 0.107275821 0.111649849 0.112109503 0.114332322 0.114917773 0.117181059 0.116955660 0.109237763 0.117737562 0.111274076 0.108675659 0.102003320 0.085882806 0.084665092 0.085632549 0.080153482 0.079424442 0.081531784 0.081027233 0.080506547 0.079559108 0.079876833 0.076196331 0.052646711 0.054753444 0.051462000 0.050807356 0.048576335 0.044697847 0.029600729 0.029964750 0.027066847 0.000000000 0.061945178 0.256158536 
34     0.111184355 0.115222503 0.103403615 0.098021084 0.104834545 0.105574828 0.104946521 0.104480228 0.103504366 0.110536488 0.110939424 0.116138843 0.110908978 0.112406938 0.105986306 0.108243995 0.103260163 0.107634191 0.108093845 0.110316664 0.110902115 0.113165401 0.112940002 0.105222105 0.113721904 0.107258418 0.104660001 0.097987662 0.081687252 0.080472670 0.081440128 0.076049701 0.075321663 0.077384122 0.076888070 0.076358886 0.075419946 0.075598065 0.071907161 0.064255456 0.066311531 0.062832256 0.062262177 0.060282345 0.069077708 0.062820321 0.063243976 0.060551413 0.061945178 0.000000000 0.252147540 
0     0.263422632 0.267460779 0.258098889 0.252715512 0.259528276 0.260268559 0.259640252 0.259173959 0.258225450 0.265189892 0.265592829 0.270732528 0.265568215 0.266989230 0.260575867 0.262833557 0.257842796 0.262223753 0.262683407 0.264906226 0.265501633 0.267751010 0.267525611 0.259824940 0.268265220 0.261889885 0.259246738 0.252574399 0.266574607 0.265367083 0.266334540 0.260808572 0.260086247 0.262020208 0.261497964 0.260996065 0.260027452 0.260549024 0.256861738 0.258725078 0.260845056 0.257363836 0.256753280 0.254738240 0.263235553 0.257083402 0.257513971 0.254824902 0.256158536 0.252147540 0.000000000 
