51
1     0.000000000 0.000027760 0.008332750 0.001977220 0.021443300 0.024349470 0.019538730 0.021775370 0.003984560 0.008244710 0.007865870 0.007943740 0.006699890 0.019469640 0.010208590 0.009025680 0.015953870 0.009116010 0.023073350 0.011535540 0.011261370 0.018160300 0.010494470 0.007807150 0.021736250 0.011149550 0.017854520 0.006083380 0.002504330 0.004965610 0.005001410 0.002659780 0.003302820 0.023794590 0.020497730 0.018036700 0.017937340 0.007772870 0.007329230 0.017585760 0.018405100 0.017584760 0.018067800 0.020523890 0.019245590 0.012662820 0.004116820 0.004879740 0.003460320 0.001360460 0.025022750 
2     0.000027760 0.000000000 0.008262320 0.005087660 0.021054400 0.023754430 0.019149830 0.022391240 0.004005120 0.013010940 0.013669590 0.012931230 0.012503610 0.019209030 0.016012310 0.014829400 0.020054230 0.014919730 0.021610640 0.017339260 0.017065090 0.019467190 0.016298190 0.013610870 0.012665730 0.011170110 0.019375540 0.006613970 0.002524890 0.004986170 0.005321270 0.008463500 0.009106540 0.024829420 0.020296970 0.018057260 0.017736580 0.013150810 0.013132950 0.017385000 0.018204340 0.017384000 0.018348300 0.022745280 0.019129200 0.012683380 0.009920540 0.010683460 0.009264040 0.001381020 0.016511080 
4     0.008332750 0.008262320 0.000000000 0.002359450 0.009487980 0.002264540 0.018433470 0.008422500 0.010408330 0.003681830 0.008108140 0.003602120 0.003590470 0.009879920 0.014536010 0.018100320 0.012391270 0.016265090 0.018051580 0.012988010 0.014413660 0.019324660 0.019378330 0.013492530 0.003336620 0.007447560 0.005984870 0.009350720 0.014558030 0.011438930 0.017354410 0.011092070 0.010737110 0.012299190 0.016116200 0.015617890 0.015392590 0.017069750 0.013633450 0.017107320 0.011320240 0.013098170 0.012632850 0.012007910 0.013427630 0.020346170 0.015009240 0.018358020 0.017930720 0.004147670 0.023159840 
23     0.001977220 0.005087660 0.002359450 0.000000000 0.002860920 0.000011500 0.004779670 0.001600610 0.000059410 0.009126910 0.008748070 0.008825940 0.007582090 0.012685710 0.011090790 0.009907880 0.012444440 0.009998210 0.013917520 0.012417740 0.012143570 0.015022380 0.011376670 0.008689350 0.004425910 0.006251460 0.012307320 0.005249190 0.007563890 0.005989920 0.006006630 0.003665000 0.004308040 0.014653720 0.022031370 0.022500320 0.025191520 0.008778090 0.008334450 0.024371120 0.019594540 0.021372470 0.019073020 0.020282210 0.020031090 0.017722380 0.005122040 0.005884960 0.004465540 0.006420020 0.026159970 
13     0.021443300 0.021054400 0.009487980 0.002860920 0.000000000 0.000005760 0.001233150 0.000826010 0.003301260 0.019723820 0.020000430 0.019720810 0.014852220 0.016651870 0.019457520 0.018892910 0.017870620 0.018664600 0.019343700 0.020994140 0.018831250 0.019676260 0.019160560 0.016054570 0.014550870 0.014649950 0.012697030 0.014763490 0.015881820 0.023296270 0.024258540 0.020575130 0.020220170 0.021782250 0.027338710 0.025061550 0.028018640 0.025123880 0.015181030 0.026063590 0.023355110 0.026045000 0.025396340 0.023207190 0.020589580 0.027894220 0.024320440 0.026775900 0.026227650 0.015891620 0.039522300 
37     0.024349470 0.023754430 0.002264540 0.000011500 0.000005760 0.000000000 0.000773990 0.001445240 0.000070890 0.017999040 0.016200540 0.019746300 0.014330220 0.014454970 0.016894720 0.015093020 0.014514300 0.015136870 0.018820370 0.017903350 0.017513160 0.019984660 0.020520980 0.012254680 0.013233160 0.012925170 0.010972250 0.014729380 0.024350290 0.028249920 0.028250530 0.013351690 0.012996730 0.014558810 0.021936460 0.022405410 0.025096610 0.026282110 0.016649300 0.027221820 0.021302600 0.023080530 0.023540100 0.021990270 0.019936180 0.028753790 0.025478670 0.027907890 0.027385880 0.008668180 0.037838570 
7     0.019538730 0.019149830 0.018433470 0.004779670 0.001233150 0.000773990 0.000000000 0.000411360 0.003216420 0.017543980 0.017360530 0.017436340 0.012947650 0.014747300 0.016727640 0.019404710 0.016775910 0.018550310 0.019094390 0.019258310 0.018118210 0.017771690 0.017255990 0.016744400 0.008648720 0.012470110 0.010517190 0.010648320 0.018017420 0.025431870 0.026394140 0.026143870 0.026210920 0.026726010 0.026935810 0.025309670 0.028266760 0.025372000 0.017316630 0.026311710 0.023603230 0.026293120 0.025644460 0.023455310 0.022725180 0.028142340 0.024568560 0.027024020 0.026475770 0.019236600 0.041231730 
36     0.021775370 0.022391240 0.008422500 0.001600610 0.000826010 0.001445240 0.000411360 0.000000000 0.002514470 0.019363260 0.017463810 0.015430210 0.018583410 0.018708160 0.014721510 0.018978480 0.014769780 0.018653590 0.018286250 0.020024100 0.016287220 0.017239060 0.019164810 0.014848840 0.006642590 0.010878070 0.012336470 0.008642190 0.018293600 0.025708050 0.026670320 0.026113500 0.026735900 0.027250990 0.024929680 0.025834650 0.028791740 0.025896980 0.017592810 0.026836690 0.024128210 0.026818100 0.025907050 0.023980290 0.023001360 0.028667320 0.025093540 0.027549000 0.026914040 0.018197370 0.040385870 
45     0.003984560 0.004005120 0.010408330 0.000059410 0.003301260 0.000070890 0.003216420 0.002514470 0.000000000 0.018037370 0.015271090 0.017201910 0.012333320 0.014132970 0.017179340 0.017315270 0.016361730 0.016460870 0.016631920 0.019572660 0.017322360 0.016237570 0.016641660 0.017133600 0.011898610 0.008722790 0.013210450 0.004166650 0.006481350 0.008942630 0.009277730 0.019567770 0.013839850 0.022017340 0.027306100 0.022013720 0.021021710 0.019768380 0.014734890 0.021016630 0.014018870 0.015796800 0.016256370 0.014706540 0.020143440 0.016639840 0.016859880 0.017754640 0.024249360 0.005337480 0.030575860 
38     0.008244710 0.013010940 0.003681830 0.009126910 0.019723820 0.017999040 0.017543980 0.019363260 0.018037370 0.000000000 0.000144960 0.000099850 0.000091580 0.005921760 0.006742150 0.008298350 0.005327620 0.005911900 0.008450510 0.007332100 0.009688680 0.007371320 0.007244170 0.007782040 0.000349190 0.008244520 0.010546120 0.008390650 0.017459400 0.012257410 0.012274120 0.009932490 0.010575530 0.022439830 0.022364080 0.021865770 0.021640470 0.015045580 0.009976750 0.025667570 0.024514710 0.026292640 0.025340510 0.022285400 0.022167160 0.027300050 0.011389530 0.012152450 0.010733030 0.020174780 0.023051280 
9     0.007865870 0.013669590 0.008108140 0.008748070 0.020000430 0.016200540 0.017360530 0.017463810 0.015271090 0.000144960 0.000000000 0.000180470 0.000622510 0.003115830 0.009486050 0.005787550 0.002246980 0.005310840 0.007623520 0.010117430 0.007835720 0.004860520 0.004293890 0.005062460 0.004775500 0.007391710 0.011679800 0.011596570 0.019348760 0.011878570 0.011895280 0.009553650 0.010196690 0.023573510 0.023497760 0.022999450 0.022774150 0.014666740 0.006658770 0.022644700 0.022306570 0.024084500 0.024544070 0.019262530 0.023709080 0.026409750 0.011010690 0.011773610 0.010354190 0.017966640 0.020028410 
32     0.007943740 0.012931230 0.003602120 0.008825940 0.019720810 0.019746300 0.017436340 0.015430210 0.017201910 0.000099850 0.000180470 0.000000000 0.000011870 0.001995800 0.002863560 0.004658580 0.002911830 0.005149300 0.006805520 0.009411170 0.004429270 0.003731550 0.004774890 0.002990890 0.000269480 0.008164810 0.007778660 0.008310940 0.020008410 0.011956440 0.011973150 0.009631520 0.010274560 0.021734900 0.021659150 0.021160840 0.020935540 0.014744610 0.014300970 0.017987020 0.023498160 0.024476730 0.025039540 0.014604850 0.024716170 0.021752070 0.011088560 0.011851480 0.010432060 0.017985730 0.015370730 
30     0.006699890 0.012503610 0.003590470 0.007582090 0.014852220 0.014330220 0.012947650 0.018583410 0.012333320 0.000091580 0.000622510 0.000011870 0.000000000 0.003067620 0.007260870 0.004168060 0.005756380 0.003280480 0.005732790 0.004050040 0.007412550 0.006027150 0.004036800 0.003378140 0.000257830 0.008153160 0.011116800 0.008299290 0.015890600 0.010712590 0.010729300 0.008387670 0.009030710 0.027673260 0.027597510 0.027099200 0.026873900 0.013500760 0.013057120 0.025345280 0.028472790 0.028727990 0.023795690 0.025188280 0.020598360 0.025755230 0.009844710 0.010607630 0.009188210 0.023819980 0.025954160 
8     0.019469640 0.019209030 0.009879920 0.012685710 0.016651870 0.014454970 0.014747300 0.018708160 0.014132970 0.005921760 0.003115830 0.001995800 0.003067620 0.000000000 0.001563910 0.000917700 0.000577710 0.003196530 0.005780070 0.003108090 0.004199320 0.000050270 0.001093610 0.001968230 0.005330090 0.007960680 0.014948450 0.011972660 0.021966430 0.024427710 0.024762810 0.028779380 0.028574280 0.026842160 0.026766410 0.026268100 0.026042800 0.027296900 0.016614790 0.028097290 0.025230120 0.027008050 0.027467620 0.025917790 0.032208520 0.029848150 0.028863290 0.027281990 0.029794700 0.020822560 0.025341390 
18     0.010208590 0.016012310 0.014536010 0.011090790 0.019457520 0.016894720 0.016727640 0.014721510 0.017179340 0.006742150 0.009486050 0.002863560 0.007260870 0.001563910 0.000000000 0.000825690 0.000394010 0.001961890 0.000607010 0.001387320 0.000122350 0.002335320 0.001977920 0.000787460 0.006854310 0.013262760 0.015914910 0.012165020 0.023178380 0.014221290 0.014238000 0.011896370 0.012539410 0.027809730 0.027733980 0.027235670 0.027010370 0.017009460 0.016565820 0.026441490 0.027388640 0.027410250 0.027304390 0.027105010 0.027572310 0.025045120 0.013353410 0.014116330 0.012696910 0.022085260 0.031800190 
24     0.009025680 0.014829400 0.018100320 0.009907880 0.018892910 0.015093020 0.019404710 0.018978480 0.017315270 0.008298350 0.005787550 0.004658580 0.004168060 0.000917700 0.000825690 0.000000000 0.000371870 0.002344930 0.001635310 0.002355540 0.002207480 0.000954290 0.001997630 0.002524870 0.006108300 0.011510460 0.014427760 0.012433160 0.022870450 0.013038380 0.013055090 0.010713460 0.011356500 0.029916010 0.028946880 0.029391460 0.029248430 0.015826550 0.015382910 0.026024000 0.027685020 0.027988660 0.026121480 0.027537100 0.028150720 0.025717920 0.012170500 0.012933420 0.011514000 0.021594950 0.033275580 
50     0.015953870 0.020054230 0.012391270 0.012444440 0.017870620 0.014514300 0.016775910 0.014769780 0.016361730 0.005327620 0.002246980 0.002911830 0.005756380 0.000577710 0.000394010 0.000371870 0.000000000 0.001758950 0.000742840 0.000616900 0.002287180 0.000614300 0.001657640 0.000848800 0.005894120 0.013458030 0.012371440 0.012213290 0.022530460 0.019966570 0.019983280 0.017641650 0.018284690 0.027861140 0.027394940 0.027841900 0.027751250 0.022754740 0.018903250 0.027143790 0.025801740 0.025823350 0.026382730 0.026011950 0.025985410 0.024165980 0.019098690 0.019861610 0.018442190 0.021386590 0.033192520 
49     0.009116010 0.014919730 0.016265090 0.009998210 0.018664600 0.015136870 0.018550310 0.018653590 0.016460870 0.005911900 0.005310840 0.005149300 0.003280480 0.003196530 0.001961890 0.002344930 0.001758950 0.000000000 0.000159900 0.003104570 0.003477050 0.001843000 0.001848060 0.000255880 0.006524600 0.013756110 0.016915600 0.010777990 0.016266540 0.013128710 0.013145420 0.010803790 0.011446830 0.027794140 0.028275420 0.027584320 0.027126560 0.015916880 0.013023170 0.025047190 0.025877880 0.027908640 0.026211810 0.025729960 0.020974300 0.026677240 0.012260830 0.013023750 0.011604330 0.019735180 0.033511780 
27     0.023073350 0.021610640 0.018051580 0.013917520 0.019343700 0.018820370 0.019094390 0.018286250 0.016631920 0.008450510 0.007623520 0.006805520 0.005732790 0.005780070 0.000607010 0.001635310 0.000742840 0.000159900 0.000000000 0.001436270 0.000726790 0.004150460 0.001799870 0.004975390 0.006934320 0.014852330 0.014741990 0.012183880 0.018805150 0.026219600 0.027181870 0.025938280 0.025158490 0.028195840 0.028108050 0.028848880 0.028542190 0.027075760 0.014119390 0.026054440 0.027274820 0.027296430 0.027855810 0.027278310 0.023512910 0.025218420 0.025566880 0.024372520 0.025586370 0.024201860 0.036329690 
29     0.011535540 0.017339260 0.012988010 0.012417740 0.020994140 0.017903350 0.019258310 0.020024100 0.019572660 0.007332100 0.010117430 0.009411170 0.004050040 0.003108090 0.001387320 0.002355540 0.000616900 0.003104570 0.001436270 0.000000000 0.000000400 0.002966700 0.002757260 0.001418840 0.009655370 0.014275050 0.017192350 0.014622920 0.030149160 0.015548240 0.015564950 0.013223320 0.013866360 0.028108800 0.028021010 0.028761840 0.028455150 0.018336410 0.017892770 0.028021850 0.027138290 0.028171250 0.028164110 0.026990370 0.028735780 0.025349930 0.014680360 0.015443280 0.014023860 0.022771660 0.031028090 
12     0.011261370 0.017065090 0.014413660 0.012143570 0.018831250 0.017513160 0.018118210 0.016287220 0.017322360 0.009688680 0.007835720 0.004429270 0.007412550 0.004199320 0.000122350 0.002207480 0.002287180 0.003477050 0.000726790 0.000000400 0.000000000 0.002172830 0.001963390 0.000624970 0.009780350 0.013160100 0.015710550 0.012624320 0.029854910 0.015274070 0.015290780 0.012949150 0.013592190 0.028992370 0.028904580 0.029210510 0.029338720 0.018062240 0.017618600 0.028297550 0.026762370 0.026783980 0.027343360 0.026972580 0.026946040 0.028762640 0.014406190 0.015169110 0.013749690 0.023137440 0.035299910 
3     0.018160300 0.019467190 0.019324660 0.015022380 0.019676260 0.019984660 0.017771690 0.017239060 0.016237570 0.007371320 0.004860520 0.003731550 0.006027150 0.000050270 0.002335320 0.000954290 0.000614300 0.001843000 0.004150460 0.002966700 0.002172830 0.000000000 0.000005060 0.001587760 0.005307080 0.012931860 0.009824480 0.013854560 0.021943420 0.022173000 0.022189710 0.019848080 0.020491120 0.028363920 0.028276130 0.029016960 0.028710270 0.024961170 0.024517530 0.028276970 0.028616900 0.029277100 0.029176030 0.028468980 0.029622150 0.028315670 0.021305120 0.022068040 0.020648620 0.020799550 0.034837380 
33     0.010494470 0.016298190 0.019378330 0.011376670 0.019160560 0.020520980 0.017255990 0.019164810 0.016641660 0.007244170 0.004293890 0.004774890 0.004036800 0.001093610 0.001977920 0.001997630 0.001657640 0.001848060 0.001799870 0.002757260 0.001963390 0.000005060 0.000000000 0.001592820 0.006350420 0.011522700 0.017245370 0.014225170 0.022986760 0.014507170 0.014523880 0.012182250 0.012825290 0.028360320 0.028272530 0.029013360 0.028706670 0.017295340 0.010789760 0.028273370 0.028092230 0.028997040 0.027590270 0.027944310 0.027840070 0.027875090 0.013639290 0.014402210 0.012982790 0.021759390 0.033664550 
46     0.007807150 0.013610870 0.013492530 0.008689350 0.016054570 0.012254680 0.016744400 0.014848840 0.017133600 0.007782040 0.005062460 0.002990890 0.003378140 0.001968230 0.000787460 0.002524870 0.000848800 0.000255880 0.004975390 0.001418840 0.000624970 0.001587760 0.001592820 0.000000000 0.007355620 0.010516840 0.013434140 0.011439540 0.025533010 0.011819850 0.011836560 0.009494930 0.010137970 0.024133800 0.027594670 0.024209300 0.023138170 0.014608020 0.010209370 0.025923770 0.026477850 0.027097380 0.024902950 0.026329930 0.027259440 0.024986730 0.010951970 0.011714890 0.010295470 0.020444160 0.027689960 
42     0.021736250 0.012665730 0.003336620 0.004425910 0.014550870 0.013233160 0.008648720 0.006642590 0.011898610 0.000349190 0.004775500 0.000269480 0.000257830 0.005330090 0.006854310 0.006108300 0.005894120 0.006524600 0.006934320 0.009655370 0.009780350 0.005307080 0.006350420 0.007355620 0.000000000 0.002658140 0.005575440 0.003580840 0.024233040 0.026598300 0.027029420 0.025545170 0.021198050 0.024050330 0.021017270 0.025039240 0.023382750 0.022156830 0.021750500 0.021303380 0.023556330 0.024427870 0.021994640 0.023491940 0.025763600 0.023907980 0.023151460 0.020488080 0.021500550 0.017702940 0.026729670 
35     0.011149550 0.011170110 0.007447560 0.006251460 0.014649950 0.012925170 0.012470110 0.010878070 0.008722790 0.008244520 0.007391710 0.008164810 0.008153160 0.007960680 0.013262760 0.011510460 0.013458030 0.013756110 0.014852330 0.014275050 0.013160100 0.012931860 0.011522700 0.010516840 0.002658140 0.000000000 0.002898480 0.000146190 0.013646340 0.016107620 0.016442720 0.026732760 0.021004840 0.030944210 0.025252750 0.029178710 0.027435610 0.025872520 0.007786600 0.022010570 0.026725320 0.022654640 0.018782230 0.018628400 0.024836910 0.023296690 0.023760870 0.023998910 0.020881240 0.009766950 0.019394280 
48     0.017854520 0.019375540 0.005984870 0.012307320 0.012697030 0.010972250 0.010517190 0.012336470 0.013210450 0.010546120 0.011679800 0.007778660 0.011116800 0.014948450 0.015914910 0.014427760 0.012371440 0.016915600 0.014741990 0.017192350 0.015710550 0.009824480 0.017245370 0.013434140 0.005575440 0.002898480 0.000000000 0.000792090 0.018143830 0.019338810 0.020175020 0.019542300 0.020185340 0.018907590 0.018831840 0.018333530 0.018108230 0.024655390 0.016349090 0.019621640 0.023790440 0.019466360 0.022928200 0.016519520 0.024833570 0.022130510 0.020999340 0.021762260 0.019618170 0.015181670 0.017285400 
16     0.006083380 0.006613970 0.009350720 0.005249190 0.014763490 0.014729380 0.010648320 0.008642190 0.004166650 0.008390650 0.011596570 0.008310940 0.008299290 0.011972660 0.012165020 0.012433160 0.012213290 0.010777990 0.012183880 0.014622920 0.012624320 0.013854560 0.014225170 0.011439540 0.003580840 0.000146190 0.000792090 0.000000000 0.009090200 0.010096080 0.010112790 0.007771160 0.008414200 0.020791990 0.020716240 0.020217930 0.019992630 0.012884250 0.012440610 0.023827830 0.020139940 0.018560910 0.019843370 0.018061770 0.025449980 0.019248690 0.009228200 0.009991120 0.008571700 0.007946330 0.022163080 
6     0.002504330 0.002524890 0.014558030 0.007563890 0.015881820 0.024350290 0.018017420 0.018293600 0.006481350 0.017459400 0.019348760 0.020008410 0.015890600 0.021966430 0.023178380 0.022870450 0.022530460 0.016266540 0.018805150 0.030149160 0.029854910 0.021943420 0.022986760 0.025533010 0.024233040 0.013646340 0.018143830 0.009090200 0.000000000 0.000351950 0.000015120 0.004947600 0.003575100 0.007393480 0.005697650 0.005551160 0.006412550 0.012964020 0.001420970 0.011137590 0.013453620 0.011281260 0.016506580 0.015149980 0.010102380 0.010564520 0.013297780 0.013236460 0.012374330 0.003816710 0.025459840 
22     0.004965610 0.004986170 0.011438930 0.005989920 0.023296270 0.028249920 0.025431870 0.025708050 0.008942630 0.012257410 0.011878570 0.011956440 0.010712590 0.024427710 0.014221290 0.013038380 0.019966570 0.013128710 0.026219600 0.015548240 0.015274070 0.022173000 0.014507170 0.011819850 0.026598300 0.016107620 0.019338810 0.010096080 0.000351950 0.000000000 0.000017810 0.003791120 0.004434160 0.006662340 0.006456840 0.000712900 0.005876660 0.008705510 0.007364800 0.014187340 0.016503370 0.014331010 0.016637600 0.016748340 0.011352120 0.012397250 0.005711920 0.006474840 0.005055420 0.006277990 0.018903080 
10     0.005001410 0.005321270 0.017354410 0.006006630 0.024258540 0.028250530 0.026394140 0.026670320 0.009277730 0.012274120 0.011895280 0.011973150 0.010729300 0.024762810 0.014238000 0.013055090 0.019983280 0.013145420 0.027181870 0.015564950 0.015290780 0.022189710 0.014523880 0.011836560 0.027029420 0.016442720 0.020175020 0.010112790 0.000015120 0.000017810 0.000000000 0.003807830 0.004450870 0.008455080 0.007224520 0.000701530 0.006029850 0.007956150 0.006615440 0.010067560 0.016563660 0.009912280 0.016546930 0.015577010 0.017721550 0.011957410 0.005728630 0.006491550 0.005072130 0.006613090 0.023970210 
5     0.002659780 0.008463500 0.011092070 0.003665000 0.020575130 0.013351690 0.026143870 0.026113500 0.019567770 0.009932490 0.009553650 0.009631520 0.008387670 0.028779380 0.011896370 0.010713460 0.017641650 0.010803790 0.025938280 0.013223320 0.012949150 0.019848080 0.012182250 0.009494930 0.025545170 0.026732760 0.019542300 0.007771160 0.004947600 0.003791120 0.003807830 0.000000000 0.000031340 0.003814920 0.005164140 0.003706090 0.004412350 0.007005570 0.006561930 0.012692260 0.014377530 0.014414230 0.015696690 0.013915090 0.015160720 0.011539250 0.003387000 0.004149920 0.002730500 0.008831560 0.026530730 
43     0.003302820 0.009106540 0.010737110 0.004308040 0.020220170 0.012996730 0.026210920 0.026735900 0.013839850 0.010575530 0.010196690 0.010274560 0.009030710 0.028574280 0.012539410 0.011356500 0.018284690 0.011446830 0.025158490 0.013866360 0.013592190 0.020491120 0.012825290 0.010137970 0.021198050 0.021004840 0.020185340 0.008414200 0.003575100 0.004434160 0.004450870 0.000031340 0.000000000 0.003208430 0.005399270 0.003660820 0.003309150 0.007648610 0.007204970 0.012085770 0.013771040 0.012227160 0.016088720 0.015527380 0.014554230 0.013249740 0.004030040 0.004792960 0.003373540 0.010877080 0.026227410 
41     0.023794590 0.024829420 0.012299190 0.014653720 0.021782250 0.014558810 0.026726010 0.027250990 0.022017340 0.022439830 0.023573510 0.021734900 0.027673260 0.026842160 0.027809730 0.029916010 0.027861140 0.027794140 0.028195840 0.028108800 0.028992370 0.028363920 0.028360320 0.024133800 0.024050330 0.030944210 0.018907590 0.020791990 0.007393480 0.006662340 0.008455080 0.003814920 0.003208430 0.000000000 0.000784400 0.001190960 0.001102230 0.012635620 0.005398290 0.013061460 0.014746730 0.017077920 0.014062030 0.016134540 0.015529920 0.020528060 0.017247790 0.019703250 0.017382190 0.008273670 0.032091690 
39     0.020497730 0.020296970 0.016116200 0.022031370 0.027338710 0.021936460 0.026935810 0.024929680 0.027306100 0.022364080 0.023497760 0.021659150 0.027597510 0.026766410 0.027733980 0.028946880 0.027394940 0.028275420 0.028108050 0.028021010 0.028904580 0.028276130 0.028272530 0.027594670 0.021017270 0.025252750 0.018831840 0.020716240 0.005697650 0.006456840 0.007224520 0.005164140 0.005399270 0.000784400 0.000000000 0.000486300 0.000654060 0.010081720 0.005568530 0.008959880 0.009292500 0.010164040 0.007730810 0.009228110 0.011499770 0.017387530 0.017671780 0.010724360 0.011209080 0.005462080 0.031635090 
28     0.018036700 0.018057260 0.015617890 0.022500320 0.025061550 0.022405410 0.025309670 0.025834650 0.022013720 0.021865770 0.022999450 0.021160840 0.027099200 0.026268100 0.027235670 0.029391460 0.027841900 0.027584320 0.028848880 0.028761840 0.029210510 0.029016960 0.029013360 0.024209300 0.025039240 0.029178710 0.018333530 0.020217930 0.005551160 0.000712900 0.000701530 0.003706090 0.003660820 0.001190960 0.000486300 0.000000000 0.000144110 0.008736000 0.005070220 0.013407930 0.013740550 0.014612090 0.012178860 0.013676160 0.015947820 0.019405230 0.015831450 0.015172410 0.015657130 0.009910130 0.022677240 
20     0.017937340 0.017736580 0.015392590 0.025191520 0.028018640 0.025096610 0.028266760 0.028791740 0.021021710 0.021640470 0.022774150 0.020935540 0.026873900 0.026042800 0.027010370 0.029248430 0.027751250 0.027126560 0.028542190 0.028455150 0.029338720 0.028710270 0.028706670 0.023138170 0.023382750 0.027435610 0.018108230 0.019992630 0.006412550 0.005876660 0.006029850 0.004412350 0.003309150 0.001102230 0.000654060 0.000144110 0.000000000 0.008384330 0.004844920 0.013658890 0.015344160 0.016848670 0.014633180 0.016130480 0.016127350 0.020505240 0.018788540 0.017626730 0.017979620 0.006153030 0.022549390 
15     0.007772870 0.013150810 0.017069750 0.008778090 0.025123880 0.026282110 0.025372000 0.025896980 0.019768380 0.015045580 0.014666740 0.014744610 0.013500760 0.027296900 0.017009460 0.015826550 0.022754740 0.015916880 0.027075760 0.018336410 0.018062240 0.024961170 0.017295340 0.014608020 0.022156830 0.025872520 0.024655390 0.012884250 0.012964020 0.008705510 0.007956150 0.007005570 0.007648610 0.012635620 0.010081720 0.008736000 0.008384330 0.000000000 0.000113280 0.017218650 0.010887280 0.016582040 0.017777890 0.016232700 0.009265560 0.012290420 0.008500090 0.009263010 0.007843590 0.006414940 0.028301170 
44     0.007329230 0.013132950 0.013633450 0.008334450 0.015181030 0.016649300 0.017316630 0.017592810 0.014734890 0.009976750 0.006658770 0.014300970 0.013057120 0.016614790 0.016565820 0.015382910 0.018903250 0.013023170 0.014119390 0.017892770 0.017618600 0.024517530 0.010789760 0.010209370 0.021750500 0.007786600 0.016349090 0.012440610 0.001420970 0.007364800 0.006615440 0.006561930 0.007204970 0.005398290 0.005568530 0.005070220 0.004844920 0.000113280 0.000000000 0.015670330 0.013189410 0.015879300 0.015230640 0.013041490 0.009401590 0.013239880 0.008056450 0.008819370 0.007399950 0.008822780 0.029533190 
31     0.017585760 0.017385000 0.017107320 0.024371120 0.026063590 0.027221820 0.026311710 0.026836690 0.021016630 0.025667570 0.022644700 0.017987020 0.025345280 0.028097290 0.026441490 0.026024000 0.027143790 0.025047190 0.026054440 0.028021850 0.028297550 0.028276970 0.028273370 0.025923770 0.021303380 0.022010570 0.019621640 0.023827830 0.011137590 0.014187340 0.010067560 0.012692260 0.012085770 0.013061460 0.008959880 0.013407930 0.013658890 0.017218650 0.015670330 0.000000000 0.000386410 0.001996000 0.001249170 0.001444740 0.002672620 0.008272860 0.005368270 0.002454830 0.004524890 0.003535840 0.014335070 
26     0.018405100 0.018204340 0.011320240 0.019594540 0.023355110 0.021302600 0.023603230 0.024128210 0.014018870 0.024514710 0.022306570 0.023498160 0.028472790 0.025230120 0.027388640 0.027685020 0.025801740 0.025877880 0.027274820 0.027138290 0.026762370 0.028616900 0.028092230 0.026477850 0.023556330 0.026725320 0.023790440 0.020139940 0.013453620 0.016503370 0.016563660 0.014377530 0.013771040 0.014746730 0.009292500 0.013740550 0.015344160 0.010887280 0.013189410 0.000386410 0.000000000 0.000612490 0.000279340 0.001119970 0.002703760 0.006038530 0.003133940 0.008441080 0.005000450 0.003868460 0.022632820 
47     0.017584760 0.017384000 0.013098170 0.021372470 0.026045000 0.023080530 0.026293120 0.026818100 0.015796800 0.026292640 0.024084500 0.024476730 0.028727990 0.027008050 0.027410250 0.027988660 0.025823350 0.027908640 0.027296430 0.028171250 0.026783980 0.029277100 0.028997040 0.027097380 0.024427870 0.022654640 0.019466360 0.018560910 0.011281260 0.014331010 0.009912280 0.014414230 0.012227160 0.017077920 0.010164040 0.014612090 0.016848670 0.016582040 0.015879300 0.001996000 0.000612490 0.000000000 0.000035650 0.001835620 0.006689080 0.003163400 0.000258810 0.009312620 0.008029340 0.004740000 0.020824780 
40     0.018067800 0.018348300 0.012632850 0.019073020 0.025396340 0.023540100 0.025644460 0.025907050 0.016256370 0.025340510 0.024544070 0.025039540 0.023795690 0.027467620 0.027304390 0.026121480 0.026382730 0.026211810 0.027855810 0.028164110 0.027343360 0.029176030 0.027590270 0.024902950 0.021994640 0.018782230 0.022928200 0.019843370 0.016506580 0.016637600 0.016546930 0.015696690 0.016088720 0.014062030 0.007730810 0.012178860 0.014633180 0.017777890 0.015230640 0.001249170 0.000279340 0.000035650 0.000000000 0.000435200 0.007654800 0.003580490 0.000675900 0.006879390 0.007364110 0.002306770 0.022727110 
19     0.020523890 0.022745280 0.012007910 0.020282210 0.023207190 0.021990270 0.023455310 0.023980290 0.014706540 0.022285400 0.019262530 0.014604850 0.025188280 0.025917790 0.027105010 0.027537100 0.026011950 0.025729960 0.027278310 0.026990370 0.026972580 0.028468980 0.027944310 0.026329930 0.023491940 0.018628400 0.016519520 0.018061770 0.015149980 0.016748340 0.015577010 0.013915090 0.015527380 0.016134540 0.009228110 0.013676160 0.016130480 0.016232700 0.013041490 0.001444740 0.001119970 0.001835620 0.000435200 0.000000000 0.007285830 0.005884080 0.006429850 0.005217470 0.008861410 0.003804070 0.010952900 
25     0.019245590 0.019129200 0.013427630 0.020031090 0.020589580 0.019936180 0.022725180 0.023001360 0.020143440 0.022167160 0.023709080 0.024716170 0.020598360 0.032208520 0.027572310 0.028150720 0.025985410 0.020974300 0.023512910 0.028735780 0.026946040 0.029622150 0.027840070 0.027259440 0.025763600 0.024836910 0.024833570 0.025449980 0.010102380 0.011352120 0.017721550 0.015160720 0.014554230 0.015529920 0.011499770 0.015947820 0.016127350 0.009265560 0.009401590 0.002672620 0.002703760 0.006689080 0.007654800 0.007285830 0.000000000 0.006197430 0.004938010 0.005990240 0.001051650 0.004559780 0.019532980 
17     0.012662820 0.012683380 0.020346170 0.017722380 0.027894220 0.028753790 0.028142340 0.028667320 0.016639840 0.027300050 0.026409750 0.021752070 0.025755230 0.029848150 0.025045120 0.025717920 0.024165980 0.026677240 0.025218420 0.025349930 0.028762640 0.028315670 0.027875090 0.024986730 0.023907980 0.023296690 0.022130510 0.019248690 0.010564520 0.012397250 0.011957410 0.011539250 0.013249740 0.020528060 0.017387530 0.019405230 0.020505240 0.012290420 0.013239880 0.008272860 0.006038530 0.003163400 0.003580490 0.005884080 0.006197430 0.000000000 0.000220180 0.000526340 0.000438440 0.007599460 0.017810110 
21     0.004116820 0.009920540 0.015009240 0.005122040 0.024320440 0.025478670 0.024568560 0.025093540 0.016859880 0.011389530 0.011010690 0.011088560 0.009844710 0.028863290 0.013353410 0.012170500 0.019098690 0.012260830 0.025566880 0.014680360 0.014406190 0.021305120 0.013639290 0.010951970 0.023151460 0.023760870 0.020999340 0.009228200 0.013297780 0.005711920 0.005728630 0.003387000 0.004030040 0.017247790 0.017671780 0.015831450 0.018788540 0.008500090 0.008056450 0.005368270 0.003133940 0.000258810 0.000675900 0.006429850 0.004938010 0.000220180 0.000000000 0.000308160 0.000804380 0.005823070 0.020971620 
14     0.004879740 0.010683460 0.018358020 0.005884960 0.026775900 0.027907890 0.027024020 0.027549000 0.017754640 0.012152450 0.011773610 0.011851480 0.010607630 0.027281990 0.014116330 0.012933420 0.019861610 0.013023750 0.024372520 0.015443280 0.015169110 0.022068040 0.014402210 0.011714890 0.020488080 0.023998910 0.021762260 0.009991120 0.013236460 0.006474840 0.006491550 0.004149920 0.004792960 0.019703250 0.010724360 0.015172410 0.017626730 0.009263010 0.008819370 0.002454830 0.008441080 0.009312620 0.006879390 0.005217470 0.005990240 0.000526340 0.000308160 0.000000000 0.000238040 0.005300320 0.017797830 
11     0.003460320 0.009264040 0.017930720 0.004465540 0.026227650 0.027385880 0.026475770 0.026914040 0.024249360 0.010733030 0.010354190 0.010432060 0.009188210 0.029794700 0.012696910 0.011514000 0.018442190 0.011604330 0.025586370 0.014023860 0.013749690 0.020648620 0.012982790 0.010295470 0.021500550 0.020881240 0.019618170 0.008571700 0.012374330 0.005055420 0.005072130 0.002730500 0.003373540 0.017382190 0.011209080 0.015657130 0.017979620 0.007843590 0.007399950 0.004524890 0.005000450 0.008029340 0.007364110 0.008861410 0.001051650 0.000438440 0.000804380 0.000238040 0.000000000 0.005785040 0.014051550 
34     0.001360460 0.001381020 0.004147670 0.006420020 0.015891620 0.008668180 0.019236600 0.018197370 0.005337480 0.020174780 0.017966640 0.017985730 0.023819980 0.020822560 0.022085260 0.021594950 0.021386590 0.019735180 0.024201860 0.022771660 0.023137440 0.020799550 0.021759390 0.020444160 0.017702940 0.009766950 0.015181670 0.007946330 0.003816710 0.006277990 0.006613090 0.008831560 0.010877080 0.008273670 0.005462080 0.009910130 0.006153030 0.006414940 0.008822780 0.003535840 0.003868460 0.004740000 0.002306770 0.003804070 0.004559780 0.007599460 0.005823070 0.005300320 0.005785040 0.000000000 0.014333780 
0     0.025022750 0.016511080 0.023159840 0.026159970 0.039522300 0.037838570 0.041231730 0.040385870 0.030575860 0.023051280 0.020028410 0.015370730 0.025954160 0.025341390 0.031800190 0.033275580 0.033192520 0.033511780 0.036329690 0.031028090 0.035299910 0.034837380 0.033664550 0.027689960 0.026729670 0.019394280 0.017285400 0.022163080 0.025459840 0.018903080 0.023970210 0.026530730 0.026227410 0.032091690 0.031635090 0.022677240 0.022549390 0.028301170 0.029533190 0.014335070 0.022632820 0.020824780 0.022727110 0.010952900 0.019532980 0.017810110 0.020971620 0.017797830 0.014051550 0.014333780 0.000000000 
