51
7     0.000000000 0.050515591 0.056349228 0.078286319 0.086765895 0.088084831 0.095278007 0.080520443 0.080794122 0.080889556 0.091319173 0.085689435 0.096286051 0.085911422 0.086476302 0.091717057 0.091388799 0.090431001 0.090720799 0.091513310 0.091392132 0.075314544 0.075237554 0.084601320 0.069852115 0.083871988 0.083397575 0.083140786 0.084830361 0.096959400 0.093042536 0.074667933 0.080438931 0.086107036 0.099540740 0.086145056 0.100835911 0.092307564 0.093028894 0.089563500 0.080051808 0.079303121 0.094369002 0.085823667 0.094021962 0.081537961 0.088587600 0.120537481 0.083506859 0.086355592 0.132700124 
3     0.050515591 0.000000000 0.021399156 0.050140062 0.058597025 0.059915962 0.067129826 0.052372995 0.052650377 0.052745811 0.063174158 0.057531767 0.068122742 0.057820134 0.058385014 0.063625619 0.063294764 0.062336966 0.062632243 0.063419275 0.063298097 0.047194488 0.047117499 0.056451620 0.041718218 0.055747378 0.055266539 0.055003020 0.056698616 0.068824254 0.064932786 0.046563849 0.052349728 0.058127029 0.071604588 0.058167062 0.072869408 0.064374081 0.065095411 0.061686741 0.051965799 0.051217112 0.066282993 0.057741749 0.065989031 0.053496860 0.060523080 0.092467575 0.055419108 0.058209632 0.104761211 
5     0.056349228 0.021399156 0.000000000 0.056138293 0.064520287 0.065839224 0.073098729 0.058283927 0.058575395 0.058659424 0.069102419 0.063476743 0.074071355 0.063754891 0.064296554 0.069573958 0.069243103 0.068285305 0.068585478 0.069367614 0.069246163 0.053189187 0.053112198 0.062442180 0.047713432 0.061738710 0.061264297 0.061007508 0.062697550 0.074811561 0.070917905 0.052567627 0.058326631 0.064148932 0.077624373 0.064201257 0.078879533 0.070376874 0.071098204 0.067689535 0.057944899 0.057196212 0.072262093 0.063720849 0.071955948 0.059475961 0.066455177 0.098272664 0.061299402 0.064187336 0.110745467 
4     0.078286319 0.050140062 0.056138293 0.000000000 0.074705728 0.076081854 0.083201633 0.068446004 0.068720827 0.068816261 0.079258073 0.073589758 0.084189247 0.073910958 0.074475838 0.079723132 0.079392277 0.078386971 0.078721551 0.079469280 0.079348110 0.063160094 0.063083105 0.072449424 0.057717085 0.071759183 0.071249085 0.071015422 0.072659034 0.084758031 0.080903680 0.062606594 0.068338228 0.073985575 0.087494078 0.074072550 0.088720855 0.080269301 0.080990631 0.077588364 0.067867748 0.067132990 0.082195486 0.073654242 0.081902067 0.069415021 0.076378289 0.108373586 0.071348037 0.074020126 0.120852157 
1     0.086765895 0.058597025 0.064520287 0.074705728 0.000000000 0.016516229 0.079560693 0.064751767 0.065034619 0.065127038 0.075550668 0.070012154 0.080657656 0.070162953 0.070727832 0.076019966 0.075689111 0.074707548 0.075097406 0.075834438 0.075719596 0.059513666 0.059436677 0.068813952 0.054052359 0.068184649 0.067747891 0.067482674 0.069137085 0.081076861 0.077242291 0.058927529 0.064659163 0.070289132 0.083696478 0.070335117 0.085044869 0.076555108 0.077302213 0.073910602 0.064230245 0.063482194 0.078544143 0.069994184 0.078261194 0.065761670 0.072776490 0.104763709 0.067714153 0.070334203 0.117263911 
2     0.088084831 0.059915962 0.065839224 0.076081854 0.016516229 0.000000000 0.080882064 0.066079377 0.066362228 0.066454648 0.076878278 0.071339764 0.081985266 0.071436908 0.072001788 0.077293921 0.076963066 0.075981503 0.076371361 0.077108393 0.076993552 0.060863101 0.060786111 0.070163387 0.055401071 0.069533360 0.069096602 0.068794680 0.070485797 0.082422264 0.078535507 0.060278749 0.066010383 0.071696132 0.085184460 0.071744877 0.086451869 0.077981045 0.078718024 0.075326413 0.065586477 0.064838425 0.079900374 0.071350416 0.079617426 0.067117901 0.074139240 0.106126459 0.069076903 0.071685587 0.118611974 
6     0.095278007 0.067129826 0.073098729 0.083201633 0.079560693 0.080882064 0.000000000 0.071348881 0.071521392 0.071613812 0.082071475 0.076522979 0.087136949 0.076759959 0.077324839 0.082542034 0.082211180 0.081229616 0.081619474 0.082312127 0.082237392 0.065749572 0.065662813 0.075025904 0.060209520 0.074230058 0.073777277 0.073452546 0.075211714 0.087484177 0.083493353 0.065173868 0.070912281 0.076640224 0.090111401 0.076668849 0.091443927 0.082789498 0.083510829 0.080091026 0.070470987 0.069719751 0.084789535 0.076251890 0.084505855 0.072047160 0.078778258 0.110753445 0.073753576 0.076905136 0.123398253 
34     0.080520443 0.052372995 0.058283927 0.068446004 0.064751767 0.066079377 0.071348881 0.000000000 0.012517538 0.012557918 0.022927895 0.031074404 0.041457354 0.037830319 0.038364437 0.043665999 0.043337880 0.042392824 0.042774891 0.043475913 0.043370065 0.045068550 0.044992712 0.054311961 0.039490852 0.053547884 0.053005204 0.052816251 0.054547693 0.066515667 0.062826092 0.044389076 0.050266459 0.055876243 0.069394620 0.055989697 0.070772183 0.062207824 0.062913883 0.059545603 0.049728035 0.048935571 0.064123313 0.055586451 0.063828839 0.051384134 0.058180551 0.090321516 0.053157385 0.055599862 0.105838982 
24     0.080794122 0.052650377 0.058575395 0.068720827 0.065034619 0.066362228 0.071521392 0.012517538 0.000000000 0.002749563 0.020239944 0.031409248 0.041875225 0.038053271 0.038582913 0.043899060 0.043570940 0.042625885 0.043007952 0.043708973 0.043603126 0.045264688 0.045188851 0.054507044 0.039698727 0.053802225 0.053244956 0.053075904 0.054789898 0.066624983 0.063007655 0.044577503 0.050468197 0.056063884 0.069573252 0.056167703 0.070950189 0.062341632 0.063062400 0.059702111 0.049942295 0.049149832 0.064342058 0.055808481 0.064061556 0.051593599 0.058379768 0.090522169 0.053367933 0.055838977 0.105909557 
28     0.080889556 0.052745811 0.058659424 0.068816261 0.065127038 0.066454648 0.071613812 0.012557918 0.002749563 0.000000000 0.020208485 0.031454700 0.041819136 0.038126476 0.038656117 0.043972264 0.043644145 0.042699089 0.043081156 0.043782178 0.043676330 0.045391048 0.045315210 0.054633403 0.039825086 0.053928585 0.053371316 0.053202264 0.054916257 0.066751343 0.063134015 0.044703862 0.050594556 0.056212887 0.069722256 0.056316706 0.071099192 0.062531692 0.063236489 0.059869471 0.050081946 0.049289482 0.064481708 0.055948132 0.064201231 0.051733249 0.058518749 0.090661150 0.053506914 0.055942720 0.106017037 
29     0.091319173 0.063174158 0.069102419 0.079258073 0.075550668 0.076878278 0.082071475 0.022927895 0.020239944 0.020208485 0.000000000 0.041907552 0.052345387 0.048474538 0.049002035 0.054335792 0.054007673 0.053062617 0.053444684 0.054145706 0.054039858 0.055743975 0.055668137 0.064986330 0.050175733 0.064272976 0.063717882 0.063547601 0.065260648 0.077210278 0.073586837 0.055010735 0.060917942 0.066560369 0.080064772 0.066665933 0.081448419 0.072882602 0.073570069 0.070220381 0.060426247 0.059633784 0.074826010 0.066292433 0.074546587 0.062070977 0.068827833 0.100862562 0.063830506 0.066339768 0.116452103 
36     0.085689435 0.057531767 0.063476743 0.073589758 0.070012154 0.071339764 0.076522979 0.031074404 0.031409248 0.031454700 0.041907552 0.000000000 0.030508789 0.043199945 0.043746933 0.049038890 0.048710771 0.047772689 0.048154755 0.048861359 0.048749930 0.050186819 0.050097735 0.059416709 0.044615152 0.058719382 0.058140384 0.057971889 0.059707891 0.071678110 0.067953298 0.049514669 0.055360674 0.061044061 0.074539847 0.061119409 0.075901895 0.067333791 0.068044097 0.064671570 0.054888012 0.054067324 0.069252230 0.060718654 0.068977409 0.056536555 0.063301204 0.095410948 0.058295758 0.060669374 0.110488740 
44     0.096286051 0.068122742 0.074071355 0.084189247 0.080657656 0.081985266 0.087136949 0.041457354 0.041875225 0.041819136 0.052345387 0.030508789 0.000000000 0.053747462 0.054294314 0.059539193 0.059211074 0.058273620 0.058655687 0.059360580 0.059246217 0.060819676 0.060730592 0.070055072 0.055237310 0.069290570 0.068717921 0.068535628 0.070279079 0.082243370 0.078507158 0.060134787 0.065979263 0.071611139 0.085088045 0.071693814 0.086460320 0.077941019 0.078653358 0.075278798 0.065520396 0.064696061 0.079878166 0.071365762 0.079624457 0.067167078 0.073927437 0.106067658 0.068910708 0.071412934 0.121283542 
16     0.085911422 0.057820134 0.063754891 0.073910958 0.070162953 0.071436908 0.076759959 0.037830319 0.038053271 0.038126476 0.048474538 0.043199945 0.053747462 0.000000000 0.009001917 0.026442114 0.026123648 0.025274011 0.025616472 0.026265505 0.026197693 0.050262103 0.050186266 0.059468074 0.044756808 0.058891084 0.058380634 0.058201876 0.059877931 0.071775432 0.068155291 0.049675854 0.055448196 0.061165871 0.074627847 0.061215882 0.076005583 0.067470871 0.068186730 0.064807832 0.054991499 0.054161875 0.069407049 0.060895241 0.069153193 0.056699293 0.063458854 0.095477092 0.058459800 0.060973276 0.111167749 
17     0.086476302 0.058385014 0.064296554 0.074475838 0.070727832 0.072001788 0.077324839 0.038364437 0.038582913 0.038656117 0.049002035 0.043746933 0.054294314 0.009001917 0.000000000 0.026919659 0.026616931 0.025722216 0.026114156 0.026710819 0.026611488 0.050856759 0.050780921 0.060062730 0.045337694 0.059485381 0.058974931 0.058796174 0.060472228 0.072369729 0.068749588 0.050270151 0.056042493 0.061773041 0.075229315 0.061814392 0.076605347 0.068067680 0.068783539 0.065404641 0.055586940 0.054757316 0.070002489 0.061490682 0.069748634 0.057294734 0.064063766 0.096188331 0.059059241 0.061538156 0.111732629 
12     0.091717057 0.063625619 0.069573958 0.079723132 0.076019966 0.077293921 0.082542034 0.043665999 0.043899060 0.043972264 0.054335792 0.049038890 0.059539193 0.026442114 0.026919659 0.000000000 0.013523365 0.015152440 0.015821147 0.016531087 0.016301052 0.056092877 0.056017040 0.065307039 0.050563525 0.064695137 0.064184687 0.064005930 0.065682810 0.077579816 0.073965610 0.055450597 0.061254153 0.067005316 0.080485338 0.067036292 0.081837622 0.073291881 0.074007740 0.070629660 0.060766749 0.059937125 0.075159838 0.066628010 0.074921647 0.062474170 0.069283659 0.101403733 0.064274642 0.066734850 0.116955256 
30     0.091388799 0.063294764 0.069243103 0.079392277 0.075689111 0.076963066 0.082211180 0.043337880 0.043570940 0.043644145 0.054007673 0.048710771 0.059211074 0.026123648 0.026616931 0.013523365 0.000000000 0.015589007 0.015942387 0.016392615 0.016441093 0.055759681 0.055683844 0.064983721 0.050222130 0.064361942 0.063851491 0.063672734 0.065349614 0.077254451 0.073632414 0.055112815 0.060916371 0.066674045 0.080154067 0.066705021 0.081506351 0.072960610 0.073676470 0.070298390 0.060433783 0.059604159 0.074826871 0.066295044 0.074588681 0.062141204 0.068950693 0.101070767 0.063941676 0.066402171 0.116624402 
38     0.090431001 0.062336966 0.068285305 0.078386971 0.074707548 0.075981503 0.081229616 0.042392824 0.042625885 0.042699089 0.053062617 0.047772689 0.058273620 0.025274011 0.025722216 0.015152440 0.015589007 0.000000000 0.012952340 0.013618377 0.013430699 0.054829640 0.054753802 0.064053679 0.049248551 0.063380164 0.062869713 0.062690956 0.064367836 0.076264998 0.072650637 0.054135623 0.059939179 0.065673653 0.079153674 0.065704629 0.080505958 0.071939228 0.072655087 0.069277007 0.059484589 0.058654965 0.073900184 0.065388376 0.073646328 0.061189320 0.067962642 0.100079759 0.062944550 0.065436167 0.115663070 
45     0.090720799 0.062632243 0.068585478 0.078721551 0.075097406 0.076371361 0.081619474 0.042774891 0.043007952 0.043081156 0.053444684 0.048154755 0.058655687 0.025616472 0.026114156 0.015821147 0.015942387 0.012952340 0.000000000 0.014414746 0.014555818 0.055231453 0.055155616 0.064455493 0.049650364 0.063781977 0.063317673 0.063092770 0.064769650 0.076666812 0.073052450 0.054537437 0.060340993 0.066073637 0.079553658 0.066104613 0.080905942 0.072339212 0.073055071 0.069676991 0.059895269 0.059024687 0.074310864 0.065799056 0.074057008 0.061599999 0.068378149 0.100498223 0.063369132 0.065836425 0.116027209 
21     0.091513310 0.063419275 0.069367614 0.079469280 0.075834438 0.077108393 0.082312127 0.043475913 0.043708973 0.043782178 0.054145706 0.048861359 0.059360580 0.026265505 0.026710819 0.016531087 0.016392615 0.013618377 0.014414746 0.000000000 0.010701272 0.055866015 0.055790178 0.065090054 0.050332479 0.064463412 0.063952962 0.063774205 0.065451085 0.077345858 0.073735892 0.055220038 0.061023594 0.066776379 0.080256400 0.066810072 0.081608684 0.073062944 0.073778803 0.070400723 0.060584692 0.059714110 0.074993402 0.066489455 0.074747407 0.062290398 0.069068548 0.101188622 0.064059531 0.066583422 0.116751679 
18     0.091392132 0.063298097 0.069246163 0.079348110 0.075719596 0.076993552 0.082237392 0.043370065 0.043603126 0.043676330 0.054039858 0.048749930 0.059246217 0.026197693 0.026611488 0.016301052 0.016441093 0.013430699 0.014555818 0.010701272 0.000000000 0.055801221 0.055725480 0.065029891 0.050278268 0.064409881 0.063899430 0.063720673 0.065397553 0.077294723 0.073680362 0.055166993 0.060970549 0.066722662 0.080202683 0.066753638 0.081554967 0.073009227 0.073725086 0.070347006 0.060531324 0.059701700 0.074940034 0.066436087 0.074694039 0.062237030 0.069011324 0.101131398 0.064006163 0.066459657 0.116649400 
27     0.075314544 0.047194488 0.053189187 0.063160094 0.059513666 0.060863101 0.065749572 0.045068550 0.045264688 0.045391048 0.055743975 0.050186819 0.060819676 0.050262103 0.050856759 0.056092877 0.055759681 0.054829640 0.055231453 0.055866015 0.055801221 0.000000000 0.004344642 0.022338485 0.020555552 0.034635621 0.034201801 0.033962488 0.035557349 0.047877440 0.043897397 0.025236524 0.030986651 0.040295950 0.053722243 0.040303021 0.055033911 0.046507844 0.047217903 0.043860444 0.033997822 0.033318165 0.048344940 0.039767649 0.048032589 0.035628467 0.042545561 0.074641551 0.037528091 0.044968672 0.100181852 
46     0.075237554 0.047117499 0.053112198 0.063083105 0.059436677 0.060786111 0.065662813 0.044992712 0.045188851 0.045315210 0.055668137 0.050097735 0.060730592 0.050186266 0.050780921 0.056017040 0.055683844 0.054753802 0.055155616 0.055790178 0.055725480 0.004344642 0.000000000 0.022293692 0.020465280 0.034551797 0.034120233 0.033883935 0.035485238 0.047804521 0.043804472 0.025143599 0.030893447 0.040222754 0.053649047 0.040229825 0.054960715 0.046434648 0.047144707 0.043787248 0.033924626 0.033244969 0.048271745 0.039694453 0.047959393 0.035555194 0.042472365 0.074562245 0.037454895 0.044878914 0.100099896 
42     0.084601320 0.056451620 0.062442180 0.072449424 0.068813952 0.070163387 0.075025904 0.054311961 0.054507044 0.054633403 0.064986330 0.059416709 0.070055072 0.059468074 0.060062730 0.065307039 0.064983721 0.064053679 0.064455493 0.065090054 0.065029891 0.022338485 0.022293692 0.000000000 0.029956844 0.044061255 0.043629691 0.043387480 0.044991064 0.057271394 0.053274951 0.034639194 0.040396922 0.049609011 0.063004773 0.049669172 0.064353030 0.055702591 0.056412650 0.053043714 0.043373396 0.042724928 0.057730225 0.049211200 0.057496317 0.045053426 0.051891085 0.083988728 0.046885724 0.054373672 0.109150768 
14     0.069852115 0.041718218 0.047713432 0.057717085 0.054052359 0.055401071 0.060209520 0.039490852 0.039698727 0.039825086 0.050175733 0.044615152 0.055237310 0.044756808 0.045337694 0.050563525 0.050222130 0.049248551 0.049650364 0.050332479 0.050278268 0.020555552 0.020465280 0.029956844 0.000000000 0.024938905 0.024559574 0.024290607 0.025906311 0.041718221 0.037587676 0.019050279 0.024775338 0.034933906 0.048349301 0.034921165 0.049642458 0.041094110 0.041803499 0.038435254 0.028500258 0.027804532 0.042891856 0.034313906 0.042568021 0.030128145 0.036988057 0.069036026 0.031999399 0.039418347 0.094863943 
31     0.083871988 0.055747378 0.061738710 0.071759183 0.068184649 0.069533360 0.074230058 0.053547884 0.053802225 0.053928585 0.064272976 0.058719382 0.069290570 0.058891084 0.059485381 0.064695137 0.064361942 0.063380164 0.063781977 0.064463412 0.064409881 0.034635621 0.034551797 0.044061255 0.024938905 0.000000000 0.028485508 0.028363661 0.029797589 0.055636309 0.051573442 0.033203410 0.038934639 0.049050092 0.062426543 0.049027905 0.063720817 0.055188447 0.055877780 0.052533688 0.042600030 0.041909947 0.057038826 0.048470382 0.056714161 0.044306063 0.051038873 0.083088314 0.046085378 0.053512537 0.109040147 
10     0.083397575 0.055266539 0.061264297 0.071249085 0.067747891 0.069096602 0.073777277 0.053005204 0.053244956 0.053371316 0.063717882 0.058140384 0.068717921 0.058380634 0.058974931 0.064184687 0.063851491 0.062869713 0.063317673 0.063952962 0.063899430 0.034201801 0.034120233 0.043629691 0.024559574 0.028485508 0.000000000 0.026522620 0.028132911 0.055385333 0.051264711 0.032857059 0.038577758 0.048621281 0.062001865 0.048591885 0.063299244 0.054754470 0.055463031 0.052106065 0.042216187 0.041435541 0.056618618 0.047997707 0.056322388 0.043893313 0.050638604 0.082717775 0.045672175 0.053063569 0.108587445 
37     0.083140786 0.055003020 0.061007508 0.071015422 0.067482674 0.068794680 0.073452546 0.052816251 0.053075904 0.053202264 0.063547601 0.057971889 0.068535628 0.058201876 0.058796174 0.064005930 0.063672734 0.062690956 0.063092770 0.063774205 0.063720673 0.033962488 0.033883935 0.043387480 0.024290607 0.028363661 0.026522620 0.000000000 0.023276995 0.055180524 0.051085238 0.032629110 0.038353781 0.048360123 0.061707738 0.048297376 0.063012117 0.054469747 0.055178309 0.051810729 0.041961701 0.041248636 0.056370006 0.047810689 0.056044678 0.043646307 0.050376166 0.082453988 0.045423303 0.052870054 0.107996122 
23     0.084830361 0.056698616 0.062697550 0.072659034 0.069137085 0.070485797 0.075211714 0.054547693 0.054789898 0.054916257 0.065260648 0.059707891 0.070279079 0.059877931 0.060472228 0.065682810 0.065349614 0.064367836 0.064769650 0.065451085 0.065397553 0.035557349 0.035485238 0.044991064 0.025906311 0.029797589 0.028132911 0.023276995 0.000000000 0.056799364 0.052704683 0.034258140 0.039993163 0.049950315 0.063252790 0.049922278 0.064617818 0.056046650 0.056755211 0.053393659 0.043632346 0.042910641 0.058030544 0.049471076 0.057728175 0.045306757 0.051991052 0.084009456 0.047038739 0.054474128 0.110011216 
25     0.096959400 0.068824254 0.074811561 0.084758031 0.081076861 0.082422264 0.087484177 0.066515667 0.066624983 0.066751343 0.077210278 0.071678110 0.082243370 0.071775432 0.072369729 0.077579816 0.077254451 0.076264998 0.076666812 0.077345858 0.077294723 0.047877440 0.047804521 0.057271394 0.041718221 0.055636309 0.055385333 0.055180524 0.056799364 0.000000000 0.053997970 0.045933370 0.051697570 0.062043813 0.075485545 0.062022375 0.076719107 0.068201198 0.068918956 0.065542579 0.055910241 0.055205742 0.070309967 0.061759761 0.070049440 0.057591144 0.064254363 0.096339141 0.059306001 0.066847781 0.122022699 
9     0.093042536 0.064932786 0.070917905 0.080903680 0.077242291 0.078535507 0.083493353 0.062826092 0.063007655 0.063134015 0.073586837 0.067953298 0.078507158 0.068155291 0.068749588 0.073965610 0.073632414 0.072650637 0.073052450 0.073735892 0.073680362 0.043897397 0.043804472 0.053274951 0.037587676 0.051573442 0.051264711 0.051085238 0.052704683 0.053997970 0.000000000 0.041715703 0.047469982 0.058209293 0.071642393 0.058186089 0.072912555 0.064144444 0.064922833 0.061546364 0.051959482 0.051264408 0.066377116 0.057833952 0.066116590 0.053661412 0.060236144 0.092307329 0.055132401 0.062806698 0.118001033 
41     0.074667933 0.046563849 0.052567627 0.062606594 0.058927529 0.060278749 0.065173868 0.044389076 0.044577503 0.044703862 0.055010735 0.049514669 0.060134787 0.049675854 0.050270151 0.055450597 0.055112815 0.054135623 0.054537437 0.055220038 0.055166993 0.025236524 0.025143599 0.034639194 0.019050279 0.033203410 0.032857059 0.032629110 0.034258140 0.045933370 0.041715703 0.000000000 0.018579915 0.039696637 0.053134267 0.039662660 0.054347087 0.045829529 0.046552308 0.043169454 0.033654211 0.032943057 0.048015939 0.039451772 0.047744191 0.035275418 0.041888512 0.073995802 0.036909352 0.044437948 0.099818711 
35     0.080438931 0.052349728 0.058326631 0.068338228 0.064659163 0.066010383 0.070912281 0.050266459 0.050468197 0.050594556 0.060917942 0.055360674 0.065979263 0.055448196 0.056042493 0.061254153 0.060916371 0.059939179 0.060340993 0.061023594 0.060970549 0.030986651 0.030893447 0.040396922 0.024775338 0.038934639 0.038577758 0.038353781 0.039993163 0.051697570 0.047469982 0.018579915 0.000000000 0.045335765 0.058771515 0.045308527 0.060003716 0.051490831 0.052212745 0.048832132 0.039372387 0.038661551 0.053734471 0.045170304 0.053466206 0.040984271 0.047605990 0.079713280 0.042630610 0.050123607 0.105260129 
49     0.086107036 0.058127029 0.064148932 0.073985575 0.070289132 0.071696132 0.076640224 0.055876243 0.056063884 0.056212887 0.066560369 0.061044061 0.071611139 0.061165871 0.061773041 0.067005316 0.066674045 0.065673653 0.066073637 0.066776379 0.066722662 0.040295950 0.040222754 0.049609011 0.034933906 0.049050092 0.048621281 0.048360123 0.049950315 0.062043813 0.058209293 0.039696637 0.045335765 0.000000000 0.035227520 0.022940467 0.038181622 0.038223947 0.039027369 0.035578893 0.041742755 0.040999651 0.056160565 0.047638872 0.055962207 0.043391743 0.050047658 0.082098498 0.045065102 0.056053304 0.111284890 
22     0.099540740 0.071604588 0.077624373 0.087494078 0.083696478 0.085184460 0.090111401 0.069394620 0.069573252 0.069722256 0.080064772 0.074539847 0.085088045 0.074627847 0.075229315 0.080485338 0.080154067 0.079153674 0.079553658 0.080256400 0.080202683 0.053722243 0.053649047 0.063004773 0.048349301 0.062426543 0.062001865 0.061707738 0.063252790 0.075485545 0.071642393 0.053134267 0.058771515 0.035227520 0.000000000 0.036622105 0.052114939 0.051263158 0.052084065 0.048663735 0.055151665 0.054337232 0.069595370 0.061076327 0.069377915 0.056820553 0.063419852 0.095494964 0.058396309 0.069503714 0.124761095 
47     0.086145056 0.058167062 0.064201257 0.074072550 0.070335117 0.071744877 0.076668849 0.055989697 0.056167703 0.056316706 0.066665933 0.061119409 0.071693814 0.061215882 0.061814392 0.067036292 0.066705021 0.065704629 0.066104613 0.066810072 0.066753638 0.040303021 0.040229825 0.049669172 0.034921165 0.049027905 0.048591885 0.048297376 0.049922278 0.062022375 0.058186089 0.039662660 0.045308527 0.022940467 0.036622105 0.000000000 0.038950764 0.038106395 0.038920438 0.035498804 0.041743053 0.040999949 0.056175889 0.047658796 0.055974807 0.043404438 0.050040776 0.082136399 0.045047026 0.056067735 0.111156113 
19     0.100835911 0.072869408 0.078879533 0.088720855 0.085044869 0.086451869 0.091443927 0.070772183 0.070950189 0.071099192 0.081448419 0.075901895 0.086460320 0.076005583 0.076605347 0.081837622 0.081506351 0.080505958 0.080905942 0.081608684 0.081554967 0.055033911 0.054960715 0.064353030 0.049642458 0.063720817 0.063299244 0.063012117 0.064617818 0.076719107 0.072912555 0.054347087 0.060003716 0.038181622 0.052114939 0.038950764 0.000000000 0.053270003 0.054075943 0.050612764 0.056557014 0.055817632 0.070937124 0.062428970 0.070764389 0.058191076 0.064759968 0.096898576 0.059835056 0.070814686 0.126072193 
33     0.092307564 0.064374081 0.070376874 0.080269301 0.076555108 0.077981045 0.082789498 0.062207824 0.062341632 0.062531692 0.072882602 0.067333791 0.077941019 0.067470871 0.068067680 0.073291881 0.072960610 0.071939228 0.072339212 0.073062944 0.073009227 0.046507844 0.046434648 0.055702591 0.041094110 0.055188447 0.054754470 0.054469747 0.056046650 0.068201198 0.064144444 0.045829529 0.051490831 0.038223947 0.051263158 0.038106395 0.053270003 0.000000000 0.012748729 0.019469102 0.047771197 0.047055468 0.062197850 0.053587473 0.061907121 0.049423079 0.055926902 0.088053351 0.050940934 0.062189963 0.117241305 
50     0.093028894 0.065095411 0.071098204 0.080990631 0.077302213 0.078718024 0.083510829 0.062913883 0.063062400 0.063236489 0.073570069 0.068044097 0.078653358 0.068186730 0.068783539 0.074007740 0.073676470 0.072655087 0.073055071 0.073778803 0.073725086 0.047217903 0.047144707 0.056412650 0.041803499 0.055877780 0.055463031 0.055178309 0.056755211 0.068918956 0.064922833 0.046552308 0.052212745 0.039027369 0.052084065 0.038920438 0.054075943 0.012748729 0.000000000 0.020231786 0.048511664 0.047792963 0.062950967 0.054340589 0.062660237 0.050169484 0.056633290 0.088730394 0.051647322 0.062908321 0.117963147 
48     0.089563500 0.061686741 0.067689535 0.077588364 0.073910602 0.075326413 0.080091026 0.059545603 0.059702111 0.059869471 0.070220381 0.064671570 0.075278798 0.064807832 0.065404641 0.070629660 0.070298390 0.069277007 0.069676991 0.070400723 0.070347006 0.043860444 0.043787248 0.053043714 0.038435254 0.052533688 0.052106065 0.051810729 0.053393659 0.065542579 0.061546364 0.043169454 0.048832132 0.035578893 0.048663735 0.035498804 0.050612764 0.019469102 0.020231786 0.000000000 0.045162495 0.044446766 0.059567973 0.051021942 0.059342441 0.046835331 0.053353090 0.085455871 0.048369912 0.059513815 0.114574917 
11     0.080051808 0.051965799 0.057944899 0.067867748 0.064230245 0.065586477 0.070470987 0.049728035 0.049942295 0.050081946 0.060426247 0.054888012 0.065520396 0.054991499 0.055586940 0.060766749 0.060433783 0.059484589 0.059895269 0.060584692 0.060531324 0.033997822 0.033924626 0.043373396 0.028500258 0.042600030 0.042216187 0.041961701 0.043632346 0.055910241 0.051959482 0.033654211 0.039372387 0.041742755 0.055151665 0.041743053 0.056557014 0.047771197 0.048511664 0.045162495 0.000000000 0.010896776 0.033960196 0.025556692 0.034037819 0.021101970 0.043239059 0.075310950 0.038296361 0.049896321 0.104652816 
15     0.079303121 0.051217112 0.057196212 0.067132990 0.063482194 0.064838425 0.069719751 0.048935571 0.049149832 0.049289482 0.059633784 0.054067324 0.064696061 0.054161875 0.054757316 0.059937125 0.059604159 0.058654965 0.059024687 0.059714110 0.059701700 0.033318165 0.033244969 0.042724928 0.027804532 0.041909947 0.041435541 0.041248636 0.042910641 0.055205742 0.051264408 0.032943057 0.038661551 0.040999651 0.054337232 0.040999949 0.055817632 0.047055468 0.047792963 0.044446766 0.010896776 0.000000000 0.033136251 0.024800980 0.033215319 0.020338210 0.042480549 0.074539932 0.037507720 0.049139472 0.104084850 
13     0.094369002 0.066282993 0.072262093 0.082195486 0.078544143 0.079900374 0.084789535 0.064123313 0.064342058 0.064481708 0.074826010 0.069252230 0.079878166 0.069407049 0.070002489 0.075159838 0.074826871 0.073900184 0.074310864 0.074993402 0.074940034 0.048344940 0.048271745 0.057730225 0.042891856 0.057038826 0.056618618 0.056370006 0.058030544 0.070309967 0.066377116 0.048015939 0.053734471 0.056160565 0.069595370 0.056175889 0.070937124 0.062197850 0.062950967 0.059567973 0.033960196 0.033136251 0.000000000 0.025793829 0.045384592 0.034325776 0.057474559 0.089508293 0.052441959 0.064202245 0.119168912 
39     0.085823667 0.057741749 0.063720849 0.073654242 0.069994184 0.071350416 0.076251890 0.055586451 0.055808481 0.055948132 0.066292433 0.060718654 0.071365762 0.060895241 0.061490682 0.066628010 0.066295044 0.065388376 0.065799056 0.066489455 0.066436087 0.039767649 0.039694453 0.049211200 0.034313906 0.048470382 0.047997707 0.047810689 0.049471076 0.061759761 0.057833952 0.039451772 0.045170304 0.047638872 0.061076327 0.047658796 0.062428970 0.053587473 0.054340589 0.051021942 0.025556692 0.024800980 0.025793829 0.000000000 0.036665305 0.025711246 0.048970557 0.081003736 0.043929405 0.055659983 0.110629183 
20     0.094021962 0.065989031 0.071955948 0.081902067 0.078261194 0.079617426 0.084505855 0.063828839 0.064061556 0.064201231 0.074546587 0.068977409 0.079624457 0.069153193 0.069748634 0.074921647 0.074588681 0.073646328 0.074057008 0.074747407 0.074694039 0.048032589 0.047959393 0.057496317 0.042568021 0.056714161 0.056322388 0.056044678 0.057728175 0.070049440 0.066116590 0.047744191 0.053466206 0.055962207 0.069377915 0.055974807 0.070764389 0.061907121 0.062660237 0.059342441 0.034037819 0.033215319 0.045384592 0.036665305 0.000000000 0.034103301 0.057275395 0.089329948 0.052246750 0.063946476 0.118807003 
43     0.081537961 0.053496860 0.059475961 0.069415021 0.065761670 0.067117901 0.072047160 0.051384134 0.051593599 0.051733249 0.062070977 0.056536555 0.067167078 0.056699293 0.057294734 0.062474170 0.062141204 0.061189320 0.061599999 0.062290398 0.062237030 0.035628467 0.035555194 0.045053426 0.030128145 0.044306063 0.043893313 0.043646307 0.045306757 0.057591144 0.053661412 0.035275418 0.040984271 0.043391743 0.056820553 0.043404438 0.058191076 0.049423079 0.050169484 0.046835331 0.021101970 0.020338210 0.034325776 0.025711246 0.034103301 0.000000000 0.044813449 0.076867352 0.039780302 0.051466451 0.106425271 
32     0.088587600 0.060523080 0.066455177 0.076378289 0.072776490 0.074139240 0.078778258 0.058180551 0.058379768 0.058518749 0.068827833 0.063301204 0.073927437 0.063458854 0.064063766 0.069283659 0.068950693 0.067962642 0.068378149 0.069068548 0.069011324 0.042545561 0.042472365 0.051891085 0.036988057 0.051038873 0.050638604 0.050376166 0.051991052 0.064254363 0.060236144 0.041888512 0.047605990 0.050047658 0.063419852 0.050040776 0.064759968 0.055926902 0.056633290 0.053353090 0.043239059 0.042480549 0.057474559 0.048970557 0.057275395 0.044813449 0.000000000 0.072147944 0.036182026 0.058315963 0.113528617 
40     0.120537481 0.092467575 0.098272664 0.108373586 0.104763709 0.106126459 0.110753445 0.090321516 0.090522169 0.090661150 0.100862562 0.095410948 0.106067658 0.095477092 0.096188331 0.101403733 0.101070767 0.100079759 0.100498223 0.101188622 0.101131398 0.074641551 0.074562245 0.083988728 0.069036026 0.083088314 0.082717775 0.082453988 0.084009456 0.096339141 0.092307329 0.073995802 0.079713280 0.082098498 0.095494964 0.082136399 0.096898576 0.088053351 0.088730394 0.085455871 0.075310950 0.074539932 0.089508293 0.081003736 0.089329948 0.076867352 0.072147944 0.000000000 0.068398494 0.090401483 0.145595498 
26     0.083506859 0.055419108 0.061299402 0.071348037 0.067714153 0.069076903 0.073753576 0.053157385 0.053367933 0.053506914 0.063830506 0.058295758 0.068910708 0.058459800 0.059059241 0.064274642 0.063941676 0.062944550 0.063369132 0.064059531 0.064006163 0.037528091 0.037454895 0.046885724 0.031999399 0.046085378 0.045672175 0.045423303 0.047038739 0.059306001 0.055132401 0.036909352 0.042630610 0.045065102 0.058396309 0.045047026 0.059835056 0.050940934 0.051647322 0.048369912 0.038296361 0.037507720 0.052441959 0.043929405 0.052246750 0.039780302 0.036182026 0.068398494 0.000000000 0.053390860 0.108268023 
8     0.086355592 0.058209632 0.064187336 0.074020126 0.070334203 0.071685587 0.076905136 0.055599862 0.055838977 0.055942720 0.066339768 0.060669374 0.071412934 0.060973276 0.061538156 0.066734850 0.066402171 0.065436167 0.065836425 0.066583422 0.066459657 0.044968672 0.044878914 0.054373672 0.039418347 0.053512537 0.053063569 0.052870054 0.054474128 0.066847781 0.062806698 0.044437948 0.050123607 0.056053304 0.069503714 0.056067735 0.070814686 0.062189963 0.062908321 0.059513815 0.049896321 0.049139472 0.064202245 0.055659983 0.063946476 0.051466451 0.058315963 0.090401483 0.053390860 0.000000000 0.111045579 
0     0.132700124 0.104761211 0.110745467 0.120852157 0.117263911 0.118611974 0.123398253 0.105838982 0.105909557 0.106017037 0.116452103 0.110488740 0.121283542 0.111167749 0.111732629 0.116955256 0.116624402 0.115663070 0.116027209 0.116751679 0.116649400 0.100181852 0.100099896 0.109150768 0.094863943 0.109040147 0.108587445 0.107996122 0.110011216 0.122022699 0.118001033 0.099818711 0.105260129 0.111284890 0.124761095 0.111156113 0.126072193 0.117241305 0.117963147 0.114574917 0.104652816 0.104084850 0.119168912 0.110629183 0.118807003 0.106425271 0.113528617 0.145595498 0.108268023 0.111045579 0.000000000 
