51
7     0.000000000 0.000952490 0.000977960 0.000454940 0.001667580 0.001534760 0.004160090 0.005893240 0.004086650 0.004734250 0.007333420 0.006582810 0.008824970 0.006865390 0.006913870 0.007388730 0.007115610 0.007249240 0.007193640 0.007329310 0.007274410 0.006027510 0.005914300 0.006408280 0.005939500 0.006538050 0.006808130 0.006508260 0.006402760 0.006544680 0.006303110 0.006158470 0.001030240 0.004243720 0.005160480 0.006031550 0.000879620 0.006083550 0.007415340 0.004800850 0.006436280 0.006600340 0.008458440 0.007229210 0.007853860 0.006927470 0.005042310 0.010565940 0.006380940 0.003673770 0.000666900 
3     0.000952490 0.000000000 0.000051430 0.000823070 0.002543250 0.002203500 0.002634190 0.003766480 0.003486670 0.003621950 0.003909410 0.004092180 0.003630620 0.004374760 0.004423240 0.004898100 0.004869040 0.004758610 0.004703010 0.004838680 0.000359330 0.003536880 0.003423670 0.003917650 0.001480880 0.004047420 0.004317500 0.004017630 0.003912130 0.004983200 0.004523960 0.003684840 0.004352540 0.004130380 0.005517600 0.004410600 0.003440100 0.004933930 0.004924710 0.004820060 0.003945650 0.004109710 0.005967810 0.004738580 0.005363230 0.004436840 0.004738490 0.007954920 0.003890310 0.002046560 0.008069220 
5     0.000977960 0.000051430 0.000000000 0.000848540 0.002220690 0.002131100 0.002003680 0.003736830 0.003823000 0.003852140 0.005671470 0.003980100 0.003325210 0.005203440 0.005251920 0.005726780 0.005697720 0.005587290 0.005531690 0.005667360 0.002148340 0.003513580 0.004252350 0.003755250 0.002091200 0.004876100 0.005146180 0.004846310 0.004740810 0.004388270 0.004146700 0.004513520 0.001661780 0.002087310 0.006090880 0.005445500 0.004657990 0.003927140 0.005753390 0.005648740 0.004774330 0.004938390 0.006796490 0.005567260 0.006191910 0.005265520 0.002885900 0.003588080 0.004718990 0.005385070 0.006026150 
4     0.000454940 0.000823070 0.000848540 0.000000000 0.000593420 0.000738790 0.000697960 0.002461220 0.001513120 0.001513120 0.001162500 0.003326590 0.000559830 0.002689920 0.001379600 0.006702970 0.006673910 0.006340940 0.006507880 0.005178610 0.006588650 0.002012410 0.002041440 0.003686340 0.001183360 0.001147410 0.004736980 0.001828930 0.001395160 0.001087070 0.000668810 0.000672780 0.000676870 0.001555480 0.005468680 0.001183680 0.001566680 0.003304940 0.005522340 0.004679030 0.001222060 0.001247790 0.007772680 0.006543450 0.005497740 0.005213300 0.000977420 0.009649400 0.001754330 0.000363500 0.005403950 
1     0.001667580 0.002543250 0.002220690 0.000593420 0.000000000 0.000201460 0.000767860 0.002531120 0.001583020 0.001583020 0.001232400 0.003750100 0.000629730 0.002759820 0.001449500 0.006739190 0.006710130 0.006599700 0.006544100 0.005248510 0.006624870 0.002435920 0.002464950 0.004060700 0.002502200 0.003628110 0.002836180 0.005858720 0.005753220 0.001156970 0.000738710 0.000742680 0.000746770 0.001625380 0.004180450 0.001253580 0.001636580 0.003123520 0.005340920 0.006661150 0.001291960 0.001317690 0.006141480 0.006114020 0.005921250 0.003475300 0.001047320 0.005470810 0.001824230 0.000643300 0.005222530 
2     0.001534760 0.002203500 0.002131100 0.000738790 0.000201460 0.000000000 0.001317980 0.003051130 0.003137300 0.003149090 0.002798470 0.003841580 0.002195800 0.004325890 0.003015570 0.006760220 0.006731160 0.006620730 0.006565130 0.006700800 0.006645900 0.002527400 0.002556430 0.004178620 0.003580940 0.004261000 0.006179620 0.005818290 0.005774250 0.002414340 0.002255360 0.002308750 0.002312840 0.002013470 0.005405180 0.002819650 0.003202650 0.003241440 0.005458840 0.006682180 0.002858030 0.002883760 0.007456290 0.006600700 0.006012730 0.005728290 0.002200200 0.006126870 0.003390300 0.002209370 0.005340450 
6     0.004160090 0.002634190 0.002003680 0.000697960 0.000767860 0.001317980 0.000000000 0.001770330 0.001180560 0.001180560 0.000829940 0.002051600 0.000227270 0.001992040 0.000681720 0.005276850 0.005247790 0.005137360 0.005081760 0.004480730 0.005162530 0.003268190 0.003297630 0.002897820 0.001734120 0.001698170 0.004696250 0.002379690 0.001945920 0.000757390 0.000339130 0.000343100 0.000347190 0.000733690 0.004124380 0.000854000 0.001237000 0.001960640 0.004178040 0.004133930 0.000892380 0.000918110 0.004797980 0.004385260 0.005741980 0.004151230 0.000647740 0.006694170 0.001424650 0.000240840 0.002549450 
34     0.005893240 0.003766480 0.003736830 0.002461220 0.002531120 0.003051130 0.001770330 0.000000000 0.000079850 0.000081520 0.000000130 0.001275140 0.001501920 0.003086180 0.002810300 0.003609520 0.003532240 0.003470030 0.003414430 0.003550100 0.003248870 0.003655420 0.003542210 0.004036190 0.003567410 0.004165960 0.004436040 0.004136170 0.004030670 0.002520650 0.002102390 0.002106360 0.002110450 0.002466840 0.005596590 0.002617260 0.003000260 0.003432850 0.005043250 0.004938600 0.002077680 0.001619610 0.005291320 0.001239260 0.003871450 0.004555380 0.002391610 0.008145630 0.003187910 0.001923400 0.005619000 
24     0.004086650 0.003486670 0.003823000 0.001513120 0.001583020 0.003137300 0.001180560 0.000079850 0.000000000 0.000000000 0.001240950 0.001244780 0.000961030 0.003029740 0.001862200 0.003553080 0.003524020 0.003413590 0.003357990 0.003493660 0.003438760 0.003598980 0.003485770 0.003979750 0.001482980 0.004109520 0.004379600 0.004079730 0.003974230 0.001572550 0.001154290 0.001158260 0.001162350 0.002040960 0.005682760 0.001669160 0.002052160 0.003519020 0.004986810 0.004882160 0.001707540 0.001733270 0.006029910 0.004800680 0.001670010 0.004498940 0.001462900 0.007721780 0.002239810 0.000975300 0.005705170 
28     0.004734250 0.003621950 0.003852140 0.001513120 0.001583020 0.003149090 0.001180560 0.000081520 0.000000000 0.000000000 0.001085570 0.001142070 0.000961030 0.003004440 0.001862200 0.003527780 0.003498720 0.003388290 0.003332690 0.003468360 0.003413460 0.003573680 0.003460470 0.003954450 0.001478800 0.004084220 0.004354300 0.004054430 0.003948930 0.001572550 0.001154290 0.001158260 0.001162350 0.002040960 0.005711900 0.001669160 0.002052160 0.003548160 0.004961510 0.004856860 0.001707540 0.001733270 0.006004610 0.004775380 0.001658730 0.004473640 0.001462900 0.007717600 0.002239810 0.000975300 0.005734310 
29     0.007333420 0.003909410 0.005671470 0.001162500 0.001232400 0.002798470 0.000829940 0.000000130 0.001240950 0.001085570 0.000000000 0.002665000 0.000610410 0.002821900 0.001511580 0.004450070 0.004421010 0.004310580 0.004254980 0.004390650 0.004335750 0.004495970 0.004382760 0.004876740 0.003750690 0.005006510 0.005276590 0.004976720 0.004871220 0.001221930 0.000803670 0.000807640 0.000811730 0.001690340 0.005752740 0.001318540 0.001701540 0.005893020 0.005883800 0.005779150 0.001356920 0.001382650 0.006926900 0.005697670 0.006322320 0.005395930 0.001112280 0.009351740 0.001889190 0.000624680 0.006399690 
36     0.006582810 0.004092180 0.003980100 0.003326590 0.003750100 0.003841580 0.002051600 0.001275140 0.001244780 0.001142070 0.002665000 0.000000000 0.000989700 0.003176120 0.003224600 0.003699460 0.003670400 0.003559970 0.003504370 0.003640040 0.003585140 0.003003440 0.003032470 0.004126130 0.003238620 0.004255900 0.004525980 0.004226110 0.004120610 0.002890380 0.002257970 0.003887390 0.004561020 0.004799120 0.006259910 0.004825300 0.005792970 0.005142410 0.005133190 0.005028540 0.004154130 0.004318190 0.003871880 0.001363210 0.005571710 0.004110170 0.004946970 0.008601130 0.004098790 0.005651110 0.004079910 
44     0.008824970 0.003630620 0.003325210 0.000559830 0.000629730 0.002195800 0.000227270 0.001501920 0.000961030 0.000961030 0.000610410 0.000989700 0.000000000 0.002219230 0.000908910 0.005133400 0.004606770 0.004391350 0.004151720 0.003171010 0.001438320 0.004372440 0.002760760 0.006368290 0.004857710 0.005109760 0.004290420 0.005811730 0.004602460 0.000619260 0.000201000 0.000204970 0.000209060 0.001087670 0.007731300 0.000715870 0.001098870 0.006518780 0.007375350 0.005781860 0.000754250 0.000779980 0.006608480 0.004997350 0.007813870 0.004763320 0.000509610 0.009656020 0.001286520 0.000022010 0.008704930 
16     0.006865390 0.004374760 0.005203440 0.002689920 0.002759820 0.004325890 0.001992040 0.003086180 0.003029740 0.003004440 0.002821900 0.003176120 0.002219230 0.000000000 0.000122750 0.001406790 0.001812720 0.000214100 0.000385550 0.001177740 0.001727460 0.000661550 0.000665870 0.000658790 0.003223050 0.004538480 0.004808560 0.004417190 0.004196760 0.002749350 0.002331090 0.002335060 0.002339150 0.000158150 0.006542490 0.002845960 0.003228960 0.005424990 0.005415770 0.005311120 0.002884340 0.002910070 0.006127890 0.005229640 0.005854290 0.004927900 0.002639700 0.008883710 0.003416610 0.002232800 0.007118900 
17     0.006913870 0.004423240 0.005251920 0.001379600 0.001449500 0.003015570 0.000681720 0.002810300 0.001862200 0.001862200 0.001511580 0.003224600 0.000908910 0.000122750 0.000000000 0.001890260 0.001861200 0.001356670 0.001366430 0.001830840 0.001775940 0.000397600 0.000401920 0.000394840 0.003536990 0.004586960 0.004857040 0.004557170 0.004451670 0.001439030 0.001020770 0.001024740 0.001028830 0.001907440 0.006590970 0.001535640 0.001918640 0.005473470 0.005464250 0.005359600 0.001574020 0.001599750 0.005951240 0.005278120 0.005902770 0.004976380 0.001329380 0.008932190 0.002106290 0.000922480 0.009204260 
12     0.007388730 0.004898100 0.005726780 0.006702970 0.006739190 0.006760220 0.005276850 0.003609520 0.003553080 0.003527780 0.004450070 0.003699460 0.005133400 0.001406790 0.001890260 0.000000000 0.000294530 0.000284060 0.000361760 0.000644850 0.000075030 0.004551280 0.004438070 0.004932050 0.004463270 0.005061820 0.005331900 0.005032030 0.004926530 0.005318760 0.005538360 0.004699240 0.005366940 0.005605040 0.007065830 0.005631220 0.006598890 0.005948330 0.005939110 0.005834460 0.004960050 0.005124110 0.006982210 0.005752980 0.006377630 0.005451240 0.005752890 0.009407050 0.004904710 0.004558940 0.009679120 
30     0.007115610 0.004869040 0.005697720 0.006673910 0.006710130 0.006731160 0.005247790 0.003532240 0.003524020 0.003498720 0.004421010 0.003670400 0.004606770 0.001812720 0.001861200 0.000294530 0.000000000 0.000404500 0.000614900 0.000413130 0.000189630 0.004522220 0.004409010 0.004618710 0.000304090 0.005032760 0.005302840 0.005002970 0.004897470 0.006669270 0.005509300 0.004670180 0.005337880 0.005575980 0.007036770 0.005310920 0.006569830 0.005919270 0.005910050 0.005805400 0.004930990 0.005095050 0.006953150 0.005723920 0.006348570 0.005422180 0.005723830 0.009377990 0.004875650 0.004356420 0.009650060 
38     0.007249240 0.004758610 0.005587290 0.006340940 0.006599700 0.006620730 0.005137360 0.003470030 0.003413590 0.003388290 0.004310580 0.003559970 0.004391350 0.000214100 0.001356670 0.000284060 0.000404500 0.000000000 0.000011510 0.000256330 0.000148830 0.002381030 0.002385350 0.002378270 0.004323780 0.004922330 0.005192410 0.004892540 0.004787040 0.005904730 0.005398870 0.004559750 0.005227450 0.005465550 0.006926340 0.003832480 0.006459400 0.005808840 0.005799620 0.005694970 0.004820560 0.004984620 0.006842720 0.005613490 0.006238140 0.005311750 0.005613400 0.009264560 0.004765220 0.004614870 0.007094260 
45     0.007193640 0.004703010 0.005531690 0.006507880 0.006544100 0.006565130 0.005081760 0.003414430 0.003357990 0.003332690 0.004254980 0.003504370 0.004151720 0.000385550 0.001366430 0.000361760 0.000614900 0.000011510 0.000000000 0.000054710 0.000123540 0.004356190 0.004242980 0.004736960 0.004268180 0.004866730 0.005136810 0.004836940 0.004731440 0.006076180 0.005343270 0.004504150 0.005171850 0.005409950 0.006870740 0.003022710 0.006403800 0.005753240 0.005744020 0.005639370 0.004764960 0.004929020 0.006787120 0.005557890 0.006182540 0.005256150 0.005557800 0.006656290 0.004709620 0.004709130 0.007265710 
21     0.007329310 0.004838680 0.005667360 0.005178610 0.005248510 0.006700800 0.004480730 0.003550100 0.003493660 0.003468360 0.004390650 0.003640040 0.003171010 0.001177740 0.001830840 0.000644850 0.000413130 0.000256330 0.000054710 0.000000000 0.000094070 0.004491860 0.004378650 0.004872630 0.004403850 0.005002400 0.005272480 0.004972610 0.004867110 0.005238040 0.004819780 0.004639820 0.004827840 0.005545620 0.007006410 0.003787190 0.005717650 0.005888910 0.005879690 0.005775040 0.004900630 0.005064690 0.005655090 0.005693560 0.006318210 0.005391820 0.005128390 0.009347630 0.004845290 0.004721490 0.008057900 
18     0.007274410 0.000359330 0.002148340 0.006588650 0.006624870 0.006645900 0.005162530 0.003248870 0.003438760 0.003413460 0.004335750 0.003585140 0.001438320 0.001727460 0.001775940 0.000075030 0.000189630 0.000148830 0.000123540 0.000094070 0.000000000 0.000427870 0.000499340 0.004817730 0.004348950 0.004947500 0.005217580 0.004917710 0.004812210 0.006334310 0.005424040 0.004584920 0.005252620 0.005490720 0.006951510 0.005313000 0.006484570 0.005834010 0.005824790 0.005720140 0.004845730 0.005009790 0.005142550 0.005638660 0.006263310 0.005336920 0.005638570 0.006116000 0.004790390 0.004847360 0.008646390 
27     0.006027510 0.003536880 0.003513580 0.002012410 0.002435920 0.002527400 0.003268190 0.003655420 0.003598980 0.003573680 0.004495970 0.003003440 0.004372440 0.000661550 0.000397600 0.004551280 0.004522220 0.002381030 0.004356190 0.004491860 0.000427870 0.000000000 0.000004320 0.000016980 0.001158710 0.002530720 0.002800800 0.002500930 0.002181470 0.000884800 0.000725820 0.001205300 0.002041360 0.003597740 0.003184770 0.003360830 0.004591590 0.003941030 0.003931810 0.003067840 0.002952750 0.003116810 0.004836260 0.003745680 0.004370330 0.003443940 0.003240930 0.006616550 0.002897410 0.002657160 0.006019250 
46     0.005914300 0.003423670 0.004252350 0.002041440 0.002464950 0.002556430 0.003297630 0.003542210 0.003485770 0.003460470 0.004382760 0.003032470 0.002760760 0.000665870 0.000401920 0.004438070 0.004409010 0.002385350 0.004242980 0.004378650 0.000499340 0.000004320 0.000000000 0.000021300 0.001236090 0.002417510 0.002687590 0.002387720 0.002282220 0.000913830 0.000754850 0.001196460 0.002118740 0.003484530 0.003116610 0.003438210 0.004478380 0.003827820 0.003818600 0.003145220 0.002839540 0.003003600 0.004625450 0.003632470 0.004257120 0.003136370 0.003206710 0.006616730 0.002784200 0.002648320 0.006048280 
42     0.006408280 0.003917650 0.003755250 0.003686340 0.004060700 0.004178620 0.002897820 0.004036190 0.003979750 0.003954450 0.004876740 0.004126130 0.006368290 0.000658790 0.000394840 0.004932050 0.004618710 0.002378270 0.004736960 0.004872630 0.004817730 0.000016980 0.000021300 0.000000000 0.000913120 0.002911490 0.003181570 0.002881700 0.002776200 0.002965430 0.002806450 0.001822390 0.002604400 0.003426160 0.003479300 0.002830960 0.002966880 0.003848140 0.004312580 0.003608300 0.003333520 0.003497580 0.005275790 0.004126450 0.004751100 0.003824710 0.002806900 0.007102890 0.003278180 0.004149690 0.006746490 
14     0.005939500 0.001480880 0.002091200 0.001183360 0.002502200 0.003580940 0.001734120 0.003567410 0.001482980 0.001478800 0.003750690 0.003238620 0.004857710 0.003223050 0.003536990 0.004463270 0.000304090 0.004323780 0.004268180 0.004403850 0.004348950 0.001158710 0.001236090 0.000913120 0.000000000 0.000213090 0.000492390 0.001122460 0.000001980 0.002589100 0.001151790 0.001087230 0.001213550 0.002938310 0.003153530 0.002838290 0.003462360 0.003853020 0.000954610 0.000454370 0.002864740 0.003027940 0.003662700 0.003657670 0.003989100 0.003355930 0.003183380 0.003826720 0.002284780 0.002069800 0.006323630 
31     0.006538050 0.004047420 0.004876100 0.001147410 0.003628110 0.004261000 0.001698170 0.004165960 0.004109520 0.004084220 0.005006510 0.004255900 0.005109760 0.004538480 0.004586960 0.005061820 0.005032760 0.004922330 0.004866730 0.005002400 0.004947500 0.002530720 0.002417510 0.002911490 0.000213090 0.000000000 0.000008710 0.000005990 0.000250930 0.003377330 0.002493770 0.002589360 0.003007210 0.003618370 0.004282710 0.002969690 0.003770290 0.003348430 0.004442350 0.002609910 0.003463290 0.003627350 0.005485450 0.004256220 0.004880870 0.003954480 0.001569530 0.006025300 0.003078250 0.002426470 0.007003690 
10     0.006808130 0.004317500 0.005146180 0.004736980 0.002836180 0.006179620 0.004696250 0.004436040 0.004379600 0.004354300 0.005276590 0.004525980 0.004290420 0.004808560 0.004857040 0.005331900 0.005302840 0.005192410 0.005136810 0.005272480 0.005217580 0.002800800 0.002687590 0.003181570 0.000492390 0.000008710 0.000000000 0.000262830 0.000266900 0.003669750 0.003561970 0.002499340 0.003491420 0.004378360 0.005192990 0.004247570 0.004680570 0.004721650 0.004712430 0.004607780 0.003733370 0.003211440 0.005755530 0.000340350 0.005150950 0.004197780 0.004526210 0.004912620 0.003678030 0.003089110 0.008970980 
37     0.006508260 0.004017630 0.004846310 0.001828930 0.005858720 0.005818290 0.002379690 0.004136170 0.004079730 0.004054430 0.004976720 0.004226110 0.005811730 0.004417190 0.004557170 0.005032030 0.005002970 0.004892540 0.004836940 0.004972610 0.004917710 0.002500930 0.002387720 0.002881700 0.001122460 0.000005990 0.000262830 0.000000000 0.000007390 0.003691570 0.002632330 0.002559570 0.003112290 0.004078490 0.005539280 0.004104670 0.005072340 0.004421780 0.004412560 0.004307910 0.003433500 0.003597560 0.005455660 0.004226430 0.004851080 0.003924690 0.001883770 0.006934670 0.003378160 0.003229740 0.008442570 
23     0.006402760 0.003912130 0.004740810 0.001395160 0.005753220 0.005774250 0.001945920 0.004030670 0.003974230 0.003948930 0.004871220 0.004120610 0.004602460 0.004196760 0.004451670 0.004926530 0.004897470 0.004787040 0.004731440 0.004867110 0.004812210 0.002181470 0.002282220 0.002776200 0.000001980 0.000250930 0.000266900 0.000007390 0.000000000 0.003744990 0.002741520 0.002350880 0.002644290 0.003972990 0.005433780 0.003999170 0.004613590 0.004316280 0.004307060 0.004202410 0.003075100 0.003492060 0.005350160 0.004120930 0.004745580 0.003819190 0.004120840 0.006496780 0.003272660 0.002897950 0.008565610 
25     0.006544680 0.004983200 0.004388270 0.001087070 0.001156970 0.002414340 0.000757390 0.002520650 0.001572550 0.001572550 0.001221930 0.002890380 0.000619260 0.002749350 0.001439030 0.005318760 0.006669270 0.005904730 0.006076180 0.005238040 0.006334310 0.000884800 0.000913830 0.002965430 0.002589100 0.003377330 0.003669750 0.003691570 0.003744990 0.000000000 0.000159500 0.000450450 0.000454540 0.001479910 0.005178550 0.001108110 0.001491110 0.003468290 0.005685690 0.004809810 0.001152130 0.001177860 0.005847610 0.004951090 0.005061530 0.004747920 0.000907490 0.007113760 0.001684400 0.000632830 0.005906190 
9     0.006303110 0.004523960 0.004146700 0.000668810 0.000738710 0.002255360 0.000339130 0.002102390 0.001154290 0.001154290 0.000803670 0.002257970 0.000201000 0.002331090 0.001020770 0.005538360 0.005509300 0.005398870 0.005343270 0.004819780 0.005424040 0.000725820 0.000754850 0.002806450 0.001151790 0.002493770 0.003561970 0.002632330 0.002741520 0.000159500 0.000000000 0.000032190 0.000036280 0.001061650 0.003896060 0.000689850 0.001072850 0.003226720 0.004918890 0.003709840 0.000733870 0.000759600 0.004706210 0.004617170 0.004692060 0.004431020 0.000489230 0.006664080 0.000237350 0.000214570 0.005747210 
41     0.006158470 0.003684840 0.004513520 0.000672780 0.000742680 0.002308750 0.000343100 0.002106360 0.001158260 0.001158260 0.000807640 0.003887390 0.000204970 0.002335060 0.001024740 0.004699240 0.004670180 0.004559750 0.004504150 0.004639820 0.004584920 0.001205300 0.001196460 0.001822390 0.001087230 0.002589360 0.002499340 0.002559570 0.002350880 0.000450450 0.000032190 0.000000000 0.000015580 0.001065620 0.003254550 0.000693820 0.001076820 0.001965950 0.002320230 0.003723640 0.000737840 0.000763570 0.004725680 0.003893640 0.004518290 0.003591900 0.000493200 0.004111250 0.001270110 0.000218540 0.003561160 
35     0.001030240 0.004352540 0.001661780 0.000676870 0.000746770 0.002312840 0.000347190 0.002110450 0.001162350 0.001162350 0.000811730 0.004561020 0.000209060 0.002339150 0.001028830 0.005366940 0.005337880 0.005227450 0.005171850 0.004827840 0.005252620 0.002041360 0.002118740 0.002604400 0.001213550 0.003007210 0.003491420 0.003112290 0.002644290 0.000454540 0.000036280 0.000015580 0.000000000 0.001069710 0.004036180 0.000697910 0.001080910 0.001981150 0.002396420 0.003849960 0.000741930 0.000767660 0.005790570 0.004561340 0.005185990 0.004259600 0.000497290 0.004126450 0.001274200 0.000222630 0.004719290 
49     0.004243720 0.004130380 0.002087310 0.001555480 0.001625380 0.002013470 0.000733690 0.002466840 0.002040960 0.002040960 0.001690340 0.004799120 0.001087670 0.000158150 0.001907440 0.005605040 0.005575980 0.005465550 0.005409950 0.005545620 0.005490720 0.003597740 0.003484530 0.003426160 0.002938310 0.003618370 0.004378360 0.004078490 0.003972990 0.001479910 0.001061650 0.001065620 0.001069710 0.000000000 0.001335960 0.000059630 0.000338790 0.002309440 0.003227980 0.001964350 0.001620540 0.001646270 0.003790280 0.004180060 0.004804710 0.003662960 0.001375900 0.000013520 0.000915820 0.001101240 0.004756160 
22     0.005160480 0.005517600 0.006090880 0.005468680 0.004180450 0.005405180 0.004124380 0.005596590 0.005682760 0.005711900 0.005752740 0.006259910 0.007731300 0.006542490 0.006590970 0.007065830 0.007036770 0.006926340 0.006870740 0.007006410 0.006951510 0.003184770 0.003116610 0.003479300 0.003153530 0.004282710 0.005192990 0.005539280 0.005433780 0.005178550 0.003896060 0.003254550 0.004036180 0.001335960 0.000000000 0.000374560 0.000959980 0.003925250 0.002371200 0.002960140 0.003412510 0.003233390 0.006737970 0.004080090 0.006265500 0.005149900 0.002767310 0.003143490 0.002870570 0.003473490 0.007973050 
47     0.006031550 0.004410600 0.005445500 0.001183680 0.001253580 0.002819650 0.000854000 0.002617260 0.001669160 0.001669160 0.001318540 0.004825300 0.000715870 0.002845960 0.001535640 0.005631220 0.005310920 0.003832480 0.003022710 0.003787190 0.005313000 0.003360830 0.003438210 0.002830960 0.002838290 0.002969690 0.004247570 0.004104670 0.003999170 0.001108110 0.000689850 0.000693820 0.000697910 0.000059630 0.000374560 0.000000000 0.000086540 0.003575810 0.002134060 0.002562060 0.001248740 0.001274470 0.004941350 0.002217170 0.002270430 0.002206690 0.001004100 0.002141570 0.000858600 0.000729440 0.004643720 
19     0.000879620 0.003440100 0.004657990 0.001566680 0.001636580 0.003202650 0.001237000 0.003000260 0.002052160 0.002052160 0.001701540 0.005792970 0.001098870 0.003228960 0.001918640 0.006598890 0.006569830 0.006459400 0.006403800 0.005717650 0.006484570 0.004591590 0.004478380 0.002966880 0.003462360 0.003770290 0.004680570 0.005072340 0.004613590 0.001491110 0.001072850 0.001076820 0.001080910 0.000338790 0.000959980 0.000086540 0.000000000 0.002903720 0.001321650 0.002391150 0.001631740 0.001657470 0.006403140 0.005173910 0.003917720 0.002862470 0.001387100 0.007155170 0.002164010 0.001112440 0.006540160 
33     0.006083550 0.004933930 0.003927140 0.003304940 0.003123520 0.003241440 0.001960640 0.003432850 0.003519020 0.003548160 0.005893020 0.005142410 0.006518780 0.005424990 0.005473470 0.005948330 0.005919270 0.005808840 0.005753240 0.005888910 0.005834010 0.003941030 0.003827820 0.003848140 0.003853020 0.003348430 0.004721650 0.004421780 0.004316280 0.003468290 0.003226720 0.001965950 0.001981150 0.002309440 0.003925250 0.003575810 0.002903720 0.000000000 0.000000010 0.000325620 0.003730420 0.003894480 0.005752580 0.004523350 0.005148000 0.004221610 0.001824020 0.003712820 0.003820980 0.005545250 0.005809310 
50     0.007415340 0.004924710 0.005753390 0.005522340 0.005340920 0.005458840 0.004178040 0.005043250 0.004986810 0.004961510 0.005883800 0.005133190 0.007375350 0.005415770 0.005464250 0.005939110 0.005910050 0.005799620 0.005744020 0.005879690 0.005824790 0.003931810 0.003818600 0.004312580 0.000954610 0.004442350 0.004712430 0.004412560 0.004307060 0.005685690 0.004918890 0.002320230 0.002396420 0.003227980 0.002371200 0.002134060 0.001321650 0.000000010 0.000000000 0.000589740 0.003721200 0.001483640 0.005743360 0.004514130 0.005138780 0.004212390 0.004041420 0.004128090 0.003811760 0.005837560 0.006932480 
48     0.004800850 0.004820060 0.005648740 0.004679030 0.006661150 0.006682180 0.004133930 0.004938600 0.004882160 0.004856860 0.005779150 0.005028540 0.005781860 0.005311120 0.005359600 0.005834460 0.005805400 0.005694970 0.005639370 0.005775040 0.005720140 0.003067840 0.003145220 0.003608300 0.000454370 0.002609910 0.004607780 0.004307910 0.004202410 0.004809810 0.003709840 0.003723640 0.003849960 0.001964350 0.002960140 0.002562060 0.002391150 0.000325620 0.000589740 0.000000000 0.003226290 0.003047170 0.005638710 0.003893870 0.004125670 0.004061930 0.002026050 0.003874200 0.003060750 0.005732910 0.003284960 
11     0.006436280 0.003945650 0.004774330 0.001222060 0.001291960 0.002858030 0.000892380 0.002077680 0.001707540 0.001707540 0.001356920 0.004154130 0.000754250 0.002884340 0.001574020 0.004960050 0.004930990 0.004820560 0.004764960 0.004900630 0.004845730 0.002952750 0.002839540 0.003333520 0.002864740 0.003463290 0.003733370 0.003433500 0.003075100 0.001152130 0.000733870 0.000737840 0.000741930 0.001620540 0.003412510 0.001248740 0.001631740 0.003730420 0.003721200 0.003226290 0.000000000 0.000004700 0.002582390 0.000705370 0.000758630 0.000632210 0.000958460 0.003365690 0.001735370 0.000767820 0.001216040 
15     0.006600340 0.004109710 0.004938390 0.001247790 0.001317690 0.002883760 0.000918110 0.001619610 0.001733270 0.001733270 0.001382650 0.004318190 0.000779980 0.002910070 0.001599750 0.005124110 0.005095050 0.004984620 0.004929020 0.005064690 0.005009790 0.003116810 0.003003600 0.003497580 0.003027940 0.003627350 0.003211440 0.003597560 0.003492060 0.001177860 0.000759600 0.000763570 0.000767660 0.001646270 0.003233390 0.001274470 0.001657470 0.003894480 0.001483640 0.003047170 0.000004700 0.000000000 0.002002990 0.000679170 0.000281870 0.000663350 0.000984190 0.005029000 0.001761100 0.000793550 0.006189190 
13     0.008458440 0.005967810 0.006796490 0.007772680 0.006141480 0.007456290 0.004797980 0.005291320 0.006029910 0.006004610 0.006926900 0.003871880 0.006608480 0.006127890 0.005951240 0.006982210 0.006953150 0.006842720 0.006787120 0.005655090 0.005142550 0.004836260 0.004625450 0.005275790 0.003662700 0.005485450 0.005755530 0.005455660 0.005350160 0.005847610 0.004706210 0.004725680 0.005790570 0.003790280 0.006737970 0.004941350 0.006403140 0.005752580 0.005743360 0.005638710 0.002582390 0.002002990 0.000000000 0.000539880 0.000000440 0.001343720 0.004072920 0.004282190 0.002913640 0.005493300 0.010055440 
39     0.007229210 0.004738580 0.005567260 0.006543450 0.006114020 0.006600700 0.004385260 0.001239260 0.004800680 0.004775380 0.005697670 0.001363210 0.004997350 0.005229640 0.005278120 0.005752980 0.005723920 0.005613490 0.005557890 0.005693560 0.005638660 0.003745680 0.003632470 0.004126450 0.003657670 0.004256220 0.000340350 0.004226430 0.004120930 0.004951090 0.004617170 0.003893640 0.004561340 0.004180060 0.004080090 0.002217170 0.005173910 0.004523350 0.004514130 0.003893870 0.000705370 0.000679170 0.000539880 0.000000000 0.000122720 0.000010940 0.004473810 0.005471920 0.003341490 0.005651430 0.009392060 
20     0.007853860 0.005363230 0.006191910 0.005497740 0.005921250 0.006012730 0.005741980 0.003871450 0.001670010 0.001658730 0.006322320 0.005571710 0.007813870 0.005854290 0.005902770 0.006377630 0.006348570 0.006238140 0.006182540 0.006318210 0.006263310 0.004370330 0.004257120 0.004751100 0.003989100 0.004880870 0.005150950 0.004851080 0.004745580 0.005061530 0.004692060 0.004518290 0.005185990 0.004804710 0.006265500 0.002270430 0.003917720 0.005148000 0.005138780 0.004125670 0.000758630 0.000281870 0.000000440 0.000122720 0.000000000 0.000112240 0.005098460 0.004977630 0.004250280 0.005791530 0.009475500 
43     0.006927470 0.004436840 0.005265520 0.005213300 0.003475300 0.005728290 0.004151230 0.004555380 0.004498940 0.004473640 0.005395930 0.004110170 0.004763320 0.004927900 0.004976380 0.005451240 0.005422180 0.005311750 0.005256150 0.005391820 0.005336920 0.003443940 0.003136370 0.003824710 0.003355930 0.003954480 0.004197780 0.003924690 0.003819190 0.004747920 0.004431020 0.003591900 0.004259600 0.003662960 0.005149900 0.002206690 0.002862470 0.004221610 0.004212390 0.004061930 0.000632210 0.000663350 0.001343720 0.000010940 0.000112240 0.000000000 0.004140710 0.006423010 0.002981430 0.004498380 0.006598250 
32     0.005042310 0.004738490 0.002885900 0.000977420 0.001047320 0.002200200 0.000647740 0.002391610 0.001462900 0.001462900 0.001112280 0.004946970 0.000509610 0.002639700 0.001329380 0.005752890 0.005723830 0.005613400 0.005557800 0.005128390 0.005638570 0.003240930 0.003206710 0.002806900 0.003183380 0.001569530 0.004526210 0.001883770 0.004120840 0.000907490 0.000489230 0.000493200 0.000497290 0.001375900 0.002767310 0.001004100 0.001387100 0.001824020 0.004041420 0.002026050 0.000958460 0.000984190 0.004072920 0.004473810 0.005098460 0.004140710 0.000000000 0.001075720 0.001071760 0.000523180 0.004768070 
40     0.010565940 0.007954920 0.003588080 0.009649400 0.005470810 0.006126870 0.006694170 0.008145630 0.007721780 0.007717600 0.009351740 0.008601130 0.009656020 0.008883710 0.008932190 0.009407050 0.009377990 0.009264560 0.006656290 0.009347630 0.006116000 0.006616550 0.006616730 0.007102890 0.003826720 0.006025300 0.004912620 0.006934670 0.006496780 0.007113760 0.006664080 0.004111250 0.004126450 0.000013520 0.003143490 0.002141570 0.007155170 0.003712820 0.004128090 0.003874200 0.003365690 0.005029000 0.004282190 0.005471920 0.004977630 0.006423010 0.001075720 0.000000000 0.001314040 0.004822630 0.009509670 
26     0.006380940 0.003890310 0.004718990 0.001754330 0.001824230 0.003390300 0.001424650 0.003187910 0.002239810 0.002239810 0.001889190 0.004098790 0.001286520 0.003416610 0.002106290 0.004904710 0.004875650 0.004765220 0.004709620 0.004845290 0.004790390 0.002897410 0.002784200 0.003278180 0.002284780 0.003078250 0.003678030 0.003378160 0.003272660 0.001684400 0.000237350 0.001270110 0.001274200 0.000915820 0.002870570 0.000858600 0.002164010 0.003820980 0.003811760 0.003060750 0.001735370 0.001761100 0.002913640 0.003341490 0.004250280 0.002981430 0.001071760 0.001314040 0.000000000 0.001300090 0.008255380 
8     0.003673770 0.002046560 0.005385070 0.000363500 0.000643300 0.002209370 0.000240840 0.001923400 0.000975300 0.000975300 0.000624680 0.005651110 0.000022010 0.002232800 0.000922480 0.004558940 0.004356420 0.004614870 0.004709130 0.004721490 0.004847360 0.002657160 0.002648320 0.004149690 0.002069800 0.002426470 0.003089110 0.003229740 0.002897950 0.000632830 0.000214570 0.000218540 0.000222630 0.001101240 0.003473490 0.000729440 0.001112440 0.005545250 0.005837560 0.005732910 0.000767820 0.000793550 0.005493300 0.005651430 0.005791530 0.004498380 0.000523180 0.004822630 0.001300090 0.000000000 0.008430350 
0     0.000666900 0.008069220 0.006026150 0.005403950 0.005222530 0.005340450 0.002549450 0.005619000 0.005705170 0.005734310 0.006399690 0.004079910 0.008704930 0.007118900 0.009204260 0.009679120 0.009650060 0.007094260 0.007265710 0.008057900 0.008646390 0.006019250 0.006048280 0.006746490 0.006323630 0.007003690 0.008970980 0.008442570 0.008565610 0.005906190 0.005747210 0.003561160 0.004719290 0.004756160 0.007973050 0.004643720 0.006540160 0.005809310 0.006932480 0.003284960 0.001216040 0.006189190 0.010055440 0.009392060 0.009475500 0.006598250 0.004768070 0.009509670 0.008255380 0.008430350 0.000000000 
