51
11     0.000000000 0.032218941 0.035082641 0.035521243 0.122749921 0.119696472 0.120836654 0.116236100 0.139812538 0.143221954 0.142451444 0.114209434 0.114789261 0.115942177 0.113936375 0.112125813 0.110056702 0.128816995 0.135258733 0.138144897 0.111096495 0.114520234 0.113566529 0.114775241 0.114740921 0.110727139 0.114806794 0.113092839 0.112910761 0.110559729 0.111456353 0.132601546 0.133001393 0.116271638 0.119659676 0.118053724 0.118918926 0.096542479 0.090322987 0.105070083 0.106526387 0.112254780 0.102819992 0.112273584 0.117736805 0.121005051 0.105918875 0.116250040 0.112136550 0.106800528 0.207544514 
8     0.032218941 0.000000000 0.026757322 0.027418821 0.114763653 0.111710205 0.112850387 0.108249832 0.131826565 0.135235980 0.134465471 0.106201204 0.106781031 0.107933947 0.105928145 0.104117583 0.102048472 0.120800936 0.127242675 0.130128838 0.103079640 0.106501687 0.105472037 0.106696930 0.106646429 0.102632648 0.106709432 0.105007016 0.104793433 0.102485112 0.103381736 0.124529513 0.124929360 0.108199604 0.111587643 0.109924060 0.110789261 0.088506133 0.082286641 0.097106224 0.098562529 0.104267269 0.094806075 0.104259666 0.109722743 0.112990988 0.097923781 0.108254946 0.104311794 0.098875067 0.199542258 
3     0.035082641 0.026757322 0.000000000 0.015018763 0.116142417 0.113071540 0.114229150 0.109628596 0.133200110 0.136609526 0.135839016 0.107557581 0.108137407 0.109290323 0.107284521 0.105472786 0.103394459 0.122221404 0.128663142 0.131549306 0.104501337 0.107923384 0.106981439 0.108190151 0.108155831 0.104142050 0.108221704 0.106506248 0.106324169 0.103973137 0.104869761 0.126004748 0.126404596 0.109674840 0.113062878 0.111458186 0.112323388 0.089944898 0.083725406 0.098544167 0.100000472 0.105648437 0.096199045 0.105652636 0.111115712 0.114383957 0.099113047 0.109444211 0.105492626 0.100063671 0.200940446 
4     0.035521243 0.027418821 0.015018763 0.000000000 0.116739343 0.113670739 0.114826077 0.110225522 0.133797036 0.137206452 0.136435942 0.108154507 0.108734334 0.109887250 0.107881448 0.106069713 0.103991385 0.122818330 0.129260068 0.132146232 0.105098263 0.108520310 0.107568159 0.108776871 0.108742551 0.104728770 0.108808425 0.107092968 0.106910889 0.104559857 0.105456481 0.126601674 0.127001522 0.110271766 0.113659804 0.112055113 0.112920314 0.090541824 0.084322332 0.099141094 0.100597398 0.106245363 0.096795971 0.106249563 0.111712639 0.114980884 0.099709973 0.110041137 0.106089552 0.100660597 0.201537373 
5     0.122749921 0.114763653 0.116142417 0.116739343 0.000000000 0.078197363 0.079188027 0.074447673 0.165799182 0.169178203 0.168407693 0.139636693 0.140216520 0.141369436 0.139363634 0.137513889 0.135462339 0.154741652 0.161172887 0.164086426 0.136855157 0.140225783 0.139270776 0.140627996 0.140593676 0.136579894 0.140659549 0.138917564 0.138735485 0.136369330 0.137265953 0.158263791 0.158704302 0.141974546 0.145267969 0.144160357 0.145025558 0.122300103 0.116080611 0.130873478 0.132329782 0.138043995 0.128392847 0.137815367 0.143287340 0.146555585 0.131484845 0.141807821 0.137853173 0.132416446 0.233612489 
7     0.119696472 0.111710205 0.113071540 0.113670739 0.078197363 0.000000000 0.019872702 0.049736994 0.162491390 0.165927820 0.165157310 0.136666373 0.137246200 0.138399116 0.136393314 0.134543570 0.132492019 0.151630049 0.158061284 0.160972522 0.133864080 0.137234706 0.136440051 0.137732544 0.137698224 0.133684442 0.137764097 0.136022112 0.135840033 0.133474296 0.134370919 0.155312530 0.155753041 0.139023285 0.142392612 0.141193929 0.142059131 0.119300553 0.113081062 0.127887960 0.129344264 0.135045180 0.125434160 0.134856680 0.140328652 0.143596897 0.128547676 0.138843688 0.134928144 0.129491417 0.230640406 
6     0.120836654 0.112850387 0.114229150 0.114826077 0.079188027 0.019872702 0.000000000 0.050553046 0.163918255 0.167286460 0.166515950 0.137722994 0.138302820 0.139455736 0.137449934 0.135600190 0.133548639 0.152686670 0.159117905 0.162029142 0.134920700 0.138291326 0.137496671 0.138789164 0.138754844 0.134741062 0.138820717 0.137078732 0.136896653 0.134530916 0.135427540 0.156369150 0.156809661 0.140079906 0.143449232 0.142250550 0.143115751 0.120357174 0.114137682 0.128944581 0.130400885 0.136101801 0.126490780 0.135913300 0.141385272 0.144653517 0.129604297 0.139900309 0.135984764 0.130548037 0.231697026 
1     0.116236100 0.108249832 0.109628596 0.110225522 0.074447673 0.049736994 0.050553046 0.000000000 0.159397489 0.162716599 0.161946089 0.133235883 0.133815709 0.134968625 0.132962823 0.131113079 0.129061528 0.148311559 0.154742795 0.157656334 0.130433731 0.133804357 0.132989831 0.134280606 0.134246286 0.130232504 0.134312159 0.132570174 0.132388095 0.130022358 0.130918982 0.151806244 0.152246755 0.135517000 0.138866993 0.137760976 0.138626178 0.115887870 0.109668378 0.124491761 0.125948066 0.131625312 0.122009519 0.131432039 0.136904011 0.140172257 0.125126382 0.135422395 0.131506850 0.126070123 0.227193853 
10     0.139812538 0.131826565 0.133200110 0.133797036 0.165799182 0.162491390 0.163918255 0.159397489 0.000000000 0.058614412 0.057180352 0.156264027 0.156843854 0.157996770 0.155990968 0.154125104 0.152059223 0.170883669 0.177314904 0.180227154 0.153165972 0.156535537 0.155779536 0.156984679 0.156950359 0.152936577 0.157016232 0.155166780 0.154984702 0.152639876 0.153536500 0.174521514 0.174922220 0.158192246 0.161560495 0.160134449 0.160999651 0.138524284 0.132304731 0.146783435 0.148239739 0.153944126 0.144674087 0.154179749 0.159539942 0.162808187 0.147977666 0.158326373 0.154203300 0.148766573 0.249343880 
9     0.143221954 0.135235980 0.136609526 0.137206452 0.169178203 0.165927820 0.167286460 0.162716599 0.058614412 0.000000000 0.039493407 0.159678073 0.160257900 0.161410816 0.159405014 0.157539150 0.155473270 0.174323217 0.180754452 0.183666701 0.156528309 0.159897875 0.159235119 0.160440262 0.160405942 0.156392160 0.160471815 0.158622363 0.158440285 0.156095459 0.156992083 0.177977097 0.178377803 0.161647828 0.165016078 0.163697138 0.164562339 0.141953125 0.135733572 0.150212276 0.151668580 0.157371350 0.148113946 0.157601386 0.162961579 0.166229824 0.151401278 0.161749985 0.157585666 0.152148939 0.252744555 
2     0.142451444 0.134465471 0.135839016 0.136435942 0.168407693 0.165157310 0.166515950 0.161946089 0.057180352 0.039493407 0.000000000 0.158906163 0.159485989 0.160638905 0.158633103 0.156767240 0.154701359 0.173547320 0.179978555 0.182890805 0.155752412 0.159121978 0.158459223 0.159664365 0.159630045 0.155616263 0.159695918 0.157846467 0.157664388 0.155319562 0.156216186 0.177201200 0.177601907 0.160871932 0.164240181 0.162921241 0.163786442 0.141177229 0.134957675 0.149382291 0.150838595 0.156589757 0.147320833 0.156808273 0.162168466 0.165436711 0.150600108 0.160948814 0.156764954 0.151326874 0.251971009 
23     0.114209434 0.106201204 0.107557581 0.108154507 0.139636693 0.136666373 0.137722994 0.133235883 0.156264027 0.159678073 0.158906163 0.000000000 0.036749913 0.037900636 0.036106364 0.060326893 0.058720370 0.141794633 0.148225869 0.151147846 0.124188433 0.127560570 0.126770505 0.127963088 0.127928768 0.123914986 0.127994641 0.126206089 0.126024010 0.123487620 0.124384244 0.145461381 0.145899173 0.129169418 0.132449241 0.131490341 0.132355543 0.109423419 0.103219568 0.118122289 0.119578593 0.125159456 0.115737693 0.125250800 0.130761210 0.134029455 0.118974187 0.129086204 0.125411007 0.119974280 0.222721335 
16     0.114789261 0.106781031 0.108137407 0.108734334 0.140216520 0.137246200 0.138302820 0.133815709 0.156843854 0.160257900 0.159485989 0.036749913 0.000000000 0.021623717 0.020099656 0.061070999 0.059191455 0.142374460 0.148805695 0.151727673 0.124768259 0.128140396 0.127350332 0.128542914 0.128508594 0.124494813 0.128574468 0.126785916 0.126603837 0.124091488 0.124988112 0.146041207 0.146479000 0.129749244 0.133028464 0.132070168 0.132935369 0.110003246 0.103799394 0.118702116 0.120158420 0.125739282 0.116317519 0.125830627 0.131341037 0.134609282 0.119554014 0.129666031 0.125990833 0.120554106 0.223301162 
34     0.115942177 0.107933947 0.109290323 0.109887250 0.141369436 0.138399116 0.139455736 0.134968625 0.157996770 0.161410816 0.160638905 0.037900636 0.021623717 0.000000000 0.016766285 0.062161662 0.060278816 0.143527376 0.149958611 0.152880589 0.125921175 0.129293312 0.128503248 0.129695831 0.129661511 0.125647729 0.129727384 0.127938832 0.127756753 0.125244404 0.126141028 0.147194124 0.147631916 0.130902160 0.134181380 0.133223084 0.134088285 0.111156162 0.104952311 0.119855032 0.121311336 0.126892199 0.117470435 0.126983543 0.132493953 0.135762198 0.120706930 0.130818947 0.127143749 0.121707022 0.224454078 
19     0.113936375 0.105928145 0.107284521 0.107881448 0.139363634 0.136393314 0.137449934 0.132962823 0.155990968 0.159405014 0.158633103 0.036106364 0.020099656 0.016766285 0.000000000 0.060195447 0.058277940 0.141521574 0.147952809 0.150874787 0.123915373 0.127287510 0.126497446 0.127690029 0.127655708 0.123641927 0.127721582 0.125933030 0.125750951 0.123238602 0.124135226 0.145188321 0.145626114 0.128896358 0.132185119 0.131217282 0.132082483 0.109150360 0.102946508 0.117849230 0.119305534 0.124886396 0.115464633 0.124977741 0.130488151 0.133756396 0.118701128 0.128813145 0.125137947 0.119701220 0.222448276 
15     0.112125813 0.104117583 0.105472786 0.106069713 0.137513889 0.134543570 0.135600190 0.131113079 0.154125104 0.157539150 0.156767240 0.060326893 0.061070999 0.062161662 0.060195447 0.000000000 0.050348737 0.139694236 0.146125472 0.149047449 0.122086010 0.125458147 0.124670108 0.125862691 0.125828371 0.121814589 0.125894244 0.124105692 0.123923613 0.121483006 0.122379630 0.143360984 0.143798776 0.127069021 0.130406565 0.129332112 0.130197313 0.107323066 0.101119214 0.116021936 0.117478240 0.123026080 0.113639361 0.123153659 0.128655504 0.131923749 0.116877602 0.126983751 0.123310839 0.117874112 0.220579924 
46     0.110056702 0.102048472 0.103394459 0.103991385 0.135462339 0.132492019 0.133548639 0.129061528 0.152059223 0.155473270 0.154701359 0.058720370 0.059191455 0.060278816 0.058277940 0.050348737 0.000000000 0.137607459 0.144038694 0.146960671 0.120001547 0.123373684 0.122508697 0.123701280 0.123666960 0.119653178 0.123733094 0.121961690 0.121779612 0.119310672 0.120207296 0.141238506 0.141676298 0.124946543 0.128263419 0.127231789 0.128096990 0.105231372 0.099027521 0.113930242 0.115386546 0.120948522 0.111589707 0.121102858 0.126613225 0.129881470 0.114851938 0.124866632 0.121256136 0.115819409 0.218526592 
49     0.128816995 0.120800936 0.122221404 0.122818330 0.154741652 0.151630049 0.152686670 0.148311559 0.170883669 0.174323217 0.173547320 0.141794633 0.142374460 0.143527376 0.141521574 0.139694236 0.137607459 0.000000000 0.036594135 0.071589580 0.120044292 0.123320787 0.126099642 0.127317492 0.127276271 0.123255133 0.127341688 0.125548588 0.125377396 0.122890175 0.123786799 0.144625577 0.145093988 0.128395028 0.131876555 0.130571017 0.131429921 0.109788816 0.103733658 0.118611734 0.120068038 0.133360924 0.128421874 0.137725568 0.143238153 0.146506398 0.131441311 0.141641318 0.137747329 0.132310602 0.237686698 
47     0.135258733 0.127242675 0.128663142 0.129260068 0.161172887 0.158061284 0.159117905 0.154742795 0.177314904 0.180754452 0.179978555 0.148225869 0.148805695 0.149958611 0.147952809 0.146125472 0.144038694 0.036594135 0.000000000 0.078149854 0.126507013 0.129783509 0.132440714 0.133658564 0.133617344 0.129596205 0.133682760 0.131889661 0.131718469 0.129222478 0.130119102 0.151015344 0.151483754 0.134784794 0.138157249 0.136971112 0.137830015 0.116190892 0.110135733 0.125013809 0.126470114 0.139809047 0.134864225 0.144167920 0.149680505 0.152948750 0.137886840 0.148086847 0.144192859 0.138756132 0.244156369 
37     0.138144897 0.130128838 0.131549306 0.132146232 0.164086426 0.160972522 0.162029142 0.157656334 0.180227154 0.183666701 0.182890805 0.151147846 0.151727673 0.152880589 0.150874787 0.149047449 0.146960671 0.071589580 0.078149854 0.000000000 0.129445431 0.132721926 0.135474604 0.136692454 0.136651234 0.132630096 0.136716651 0.134923551 0.134749303 0.132275710 0.133172334 0.153961649 0.154430059 0.137745433 0.141226960 0.139898373 0.140757277 0.119125324 0.113030387 0.127908464 0.129364768 0.142769741 0.137752472 0.147056166 0.152597839 0.155866084 0.140771909 0.150971916 0.147077928 0.141641201 0.247097503 
32     0.111096495 0.103079640 0.104501337 0.105098263 0.136855157 0.133864080 0.134920700 0.130433731 0.153165972 0.156528309 0.155752412 0.124188433 0.124768259 0.125921175 0.123915373 0.122086010 0.120001547 0.120044292 0.126507013 0.129445431 0.000000000 0.054058216 0.108612721 0.109830121 0.109790326 0.105768212 0.109854767 0.108049690 0.107875625 0.105480262 0.106376886 0.127171454 0.127633947 0.110902900 0.114444036 0.113217392 0.114097369 0.091846360 0.085655532 0.100513536 0.101969841 0.115350918 0.110102078 0.119332409 0.125017281 0.128285526 0.113217243 0.123407976 0.119580783 0.114144056 0.220092313 
38     0.114520234 0.106501687 0.107923384 0.108520310 0.140225783 0.137234706 0.138291326 0.133804357 0.156535537 0.159897875 0.159121978 0.127560570 0.128140396 0.129293312 0.127287510 0.125458147 0.123373684 0.123320787 0.129783509 0.132721926 0.054058216 0.000000000 0.111843560 0.113059345 0.113019550 0.109002486 0.113085606 0.111283963 0.111106465 0.108667125 0.109588197 0.130440015 0.130902508 0.114171461 0.117712597 0.116563661 0.117443638 0.095173739 0.088982911 0.103840916 0.105297220 0.118715988 0.113444308 0.122725126 0.128359510 0.131627755 0.116559472 0.126750206 0.122923013 0.117486286 0.223434955 
18     0.113566529 0.105472037 0.106981439 0.107568159 0.139270776 0.136440051 0.137496671 0.132989831 0.155779536 0.159235119 0.158459223 0.126770505 0.127350332 0.128503248 0.126497446 0.124670108 0.122508697 0.126099642 0.132440714 0.135474604 0.108612721 0.111843560 0.000000000 0.020105704 0.019683330 0.019562801 0.025352008 0.030121284 0.029606483 0.035085989 0.036000807 0.078422414 0.078754414 0.061957543 0.065044551 0.101708256 0.102589711 0.093683033 0.087470079 0.102524186 0.103980491 0.118473720 0.112614136 0.122162170 0.127631427 0.130899672 0.115610571 0.125786101 0.121912253 0.116475526 0.222564042 
17     0.114775241 0.106696930 0.108190151 0.108776871 0.140627996 0.137732544 0.138789164 0.134280606 0.156984679 0.160440262 0.159664365 0.127963088 0.128542914 0.129695831 0.127690029 0.125862691 0.123701280 0.127317492 0.133658564 0.136692454 0.109830121 0.113059345 0.020105704 0.000000000 0.014894554 0.020563548 0.026730528 0.031439648 0.030800711 0.036486309 0.037382593 0.079430459 0.079762460 0.062965589 0.066034168 0.102943432 0.103824886 0.094858100 0.088645146 0.103699253 0.105155557 0.119677313 0.113783067 0.123331101 0.128800358 0.132068603 0.116757719 0.126942056 0.123079621 0.117642894 0.223765849 
50     0.114740921 0.106646429 0.108155831 0.108742551 0.140593676 0.137698224 0.138754844 0.134246286 0.156950359 0.160405942 0.159630045 0.127928768 0.128508594 0.129661511 0.127655708 0.125828371 0.123666960 0.127276271 0.133617344 0.136651234 0.109790326 0.113019550 0.019683330 0.014894554 0.000000000 0.020550200 0.026714735 0.031357677 0.030502869 0.036574603 0.037497092 0.079513849 0.079845849 0.063048978 0.066141304 0.102877392 0.103758846 0.094818897 0.088605943 0.103660051 0.105116355 0.119642993 0.113748747 0.123296781 0.128766038 0.132034283 0.116723399 0.126907736 0.123045301 0.117608574 0.223731529 
12     0.110727139 0.102632648 0.104142050 0.104728770 0.136579894 0.133684442 0.134741062 0.130232504 0.152936577 0.156392160 0.155616263 0.123914986 0.124494813 0.125647729 0.123641927 0.121814589 0.119653178 0.123255133 0.129596205 0.132630096 0.105768212 0.109002486 0.019562801 0.020563548 0.020550200 0.000000000 0.022817542 0.027255033 0.026366672 0.032299008 0.033200801 0.075349630 0.075681631 0.058884759 0.061991143 0.098584637 0.099456124 0.090797637 0.084584683 0.099638790 0.101095095 0.115629211 0.109768394 0.119316428 0.124785686 0.128053931 0.112764829 0.122940359 0.119066511 0.113629784 0.219717747 
24     0.114806794 0.106709432 0.108221704 0.108808425 0.140659549 0.137764097 0.138820717 0.134312159 0.157016232 0.160471815 0.159695918 0.127994641 0.128574468 0.129727384 0.127721582 0.125894244 0.123733094 0.127341688 0.133682760 0.136716651 0.109854767 0.113085606 0.025352008 0.026730528 0.026714735 0.022817542 0.000000000 0.031197431 0.030652008 0.036487895 0.037407215 0.079693627 0.080024827 0.063228757 0.066320281 0.102956304 0.103837758 0.094879196 0.088666242 0.103720349 0.105176653 0.119708866 0.113848049 0.123396083 0.128865340 0.132133585 0.116844484 0.127020014 0.123146166 0.117709439 0.223797402 
31     0.113092839 0.105007016 0.106506248 0.107092968 0.138917564 0.136022112 0.137078732 0.132570174 0.155166780 0.158622363 0.157846467 0.126206089 0.126785916 0.127938832 0.125933030 0.124105692 0.121961690 0.125548588 0.131889661 0.134923551 0.108049690 0.111283963 0.030121284 0.031439648 0.031357677 0.027255033 0.031197431 0.000000000 0.026169308 0.034652484 0.035549972 0.077846790 0.078169059 0.061378784 0.064421297 0.101142388 0.102023843 0.093039457 0.086826503 0.101880611 0.103336915 0.117879151 0.112096636 0.121644670 0.127113928 0.130382173 0.115161402 0.125350541 0.121463084 0.116026357 0.221827376 
35     0.112910761 0.104793433 0.106324169 0.106910889 0.138735485 0.135840033 0.136896653 0.132388095 0.154984702 0.158440285 0.157664388 0.126024010 0.126603837 0.127756753 0.125750951 0.123923613 0.121779612 0.125377396 0.131718469 0.134749303 0.107875625 0.111106465 0.029606483 0.030800711 0.030502869 0.026366672 0.030652008 0.026169308 0.000000000 0.034468180 0.035341930 0.077301564 0.077623833 0.060845360 0.063934086 0.100968057 0.101849511 0.092855443 0.086642489 0.101696596 0.103152901 0.117697072 0.111914557 0.121462591 0.126931849 0.130200094 0.114979323 0.125168462 0.121281005 0.115844278 0.221645297 
36     0.110559729 0.102485112 0.103973137 0.104559857 0.136369330 0.133474296 0.134530916 0.130022358 0.152639876 0.156095459 0.155319562 0.123487620 0.124091488 0.125244404 0.123238602 0.121483006 0.119310672 0.122890175 0.129222478 0.132275710 0.105480262 0.108667125 0.035085989 0.036486309 0.036574603 0.032299008 0.036487895 0.034652484 0.034468180 0.000000000 0.011256622 0.075356846 0.075688045 0.058624955 0.062067917 0.098635824 0.099517278 0.090529747 0.084316793 0.099370900 0.100827204 0.115339114 0.109508167 0.119073355 0.124556795 0.127825040 0.112604269 0.122793409 0.118903507 0.113466780 0.219455606 
27     0.111456353 0.103381736 0.104869761 0.105456481 0.137265953 0.134370919 0.135427540 0.130918982 0.153536500 0.156992083 0.156216186 0.124384244 0.124988112 0.126141028 0.124135226 0.122379630 0.120207296 0.123786799 0.130119102 0.133172334 0.106376886 0.109588197 0.036000807 0.037382593 0.037497092 0.033200801 0.037407215 0.035549972 0.035341930 0.011256622 0.000000000 0.076250054 0.076581253 0.059664405 0.063107573 0.099529130 0.100410584 0.091426370 0.085213417 0.100267524 0.101723828 0.116235738 0.110404791 0.119969979 0.125453419 0.128721664 0.113500893 0.123690032 0.119800131 0.114363404 0.220352230 
14     0.132601546 0.124529513 0.126004748 0.126601674 0.158263791 0.155312530 0.156369150 0.151806244 0.174521514 0.177977097 0.177201200 0.145461381 0.146041207 0.147194124 0.145188321 0.143360984 0.141238506 0.144625577 0.151015344 0.153961649 0.127171454 0.130440015 0.078422414 0.079430459 0.079513849 0.075349630 0.079693627 0.077846790 0.077301564 0.075356846 0.076250054 0.000000000 0.024388028 0.045825527 0.065613767 0.119962855 0.120844368 0.112265238 0.106052285 0.121106392 0.122562696 0.137096602 0.131318051 0.140935417 0.146364038 0.149632283 0.134407831 0.144596971 0.140709514 0.135272786 0.241445918 
22     0.133001393 0.124929360 0.126404596 0.127001522 0.158704302 0.155753041 0.156809661 0.152246755 0.174922220 0.178377803 0.177601907 0.145899173 0.146479000 0.147631916 0.145626114 0.143798776 0.141676298 0.145093988 0.151483754 0.154430059 0.127633947 0.130902508 0.078754414 0.079762460 0.079845849 0.075681631 0.080024827 0.078169059 0.077623833 0.075688045 0.076581253 0.024388028 0.000000000 0.046315830 0.065934782 0.120363243 0.121244756 0.112719259 0.106506305 0.121560413 0.123016717 0.137549231 0.131754896 0.141372262 0.146800882 0.150069128 0.134849406 0.145038546 0.141151089 0.135714362 0.241870419 
39     0.116271638 0.108199604 0.109674840 0.110271766 0.141974546 0.139023285 0.140079906 0.135517000 0.158192246 0.161647828 0.160871932 0.129169418 0.129749244 0.130902160 0.128896358 0.127069021 0.124946543 0.128395028 0.134784794 0.137745433 0.110902900 0.114171461 0.061957543 0.062965589 0.063048978 0.058884759 0.063228757 0.061378784 0.060845360 0.058624955 0.059664405 0.045825527 0.046315830 0.000000000 0.049628142 0.103753599 0.104635112 0.095987370 0.089774416 0.104828523 0.106284828 0.120819475 0.115023970 0.124641336 0.130069957 0.133338202 0.118118737 0.128307877 0.124420419 0.118983692 0.225140663 
30     0.119659676 0.111587643 0.113062878 0.113659804 0.145267969 0.142392612 0.143449232 0.138866993 0.161560495 0.165016078 0.164240181 0.132449241 0.133028464 0.134181380 0.132185119 0.130406565 0.128263419 0.131876555 0.138157249 0.141226960 0.114444036 0.117712597 0.065044551 0.066034168 0.066141304 0.061991143 0.066320281 0.064421297 0.063934086 0.062067917 0.063107573 0.065613767 0.065934782 0.049628142 0.000000000 0.107392299 0.108273812 0.099431657 0.093204837 0.108286138 0.109742442 0.124214918 0.118427751 0.128023630 0.133455002 0.136723247 0.121512908 0.131702048 0.127814590 0.122377863 0.228275817 
41     0.118053724 0.109924060 0.111458186 0.112055113 0.144160357 0.141193929 0.142250550 0.137760976 0.160134449 0.163697138 0.162921241 0.131490341 0.132070168 0.133223084 0.131217282 0.129332112 0.127231789 0.130571017 0.136971112 0.139898373 0.113217392 0.116563661 0.101708256 0.102943432 0.102877392 0.098584637 0.102956304 0.101142388 0.100968057 0.098635824 0.099529130 0.119962855 0.120363243 0.103753599 0.107392299 0.000000000 0.016280512 0.098508675 0.092295860 0.107303062 0.108759367 0.123118198 0.117433595 0.126941004 0.132400087 0.135668332 0.120505263 0.130694403 0.126712569 0.121275841 0.227270414 
43     0.118918926 0.110789261 0.112323388 0.112920314 0.145025558 0.142059131 0.143115751 0.138626178 0.160999651 0.164562339 0.163786442 0.132355543 0.132935369 0.134088285 0.132082483 0.130197313 0.128096990 0.131429921 0.137830015 0.140757277 0.114097369 0.117443638 0.102589711 0.103824886 0.103758846 0.099456124 0.103837758 0.102023843 0.101849511 0.099517278 0.100410584 0.120844368 0.121244756 0.104635112 0.108273812 0.016280512 0.000000000 0.099373777 0.093160961 0.108168164 0.109624468 0.123983450 0.118298797 0.127806205 0.133265288 0.136533533 0.121370365 0.131559504 0.127577770 0.122141043 0.228135615 
21     0.096542479 0.088506133 0.089944898 0.090541824 0.122300103 0.119300553 0.120357174 0.115887870 0.138524284 0.141953125 0.141177229 0.109423419 0.110003246 0.111156162 0.109150360 0.107323066 0.105231372 0.109788816 0.116190892 0.119125324 0.091846360 0.095173739 0.093683033 0.094858100 0.094818897 0.090797637 0.094879196 0.093039457 0.092855443 0.090529747 0.091426370 0.112265238 0.112719259 0.095987370 0.099431657 0.098508675 0.099373777 0.000000000 0.023532573 0.060030828 0.061501427 0.100590962 0.095142855 0.104644338 0.110142354 0.113410599 0.098329439 0.108495817 0.104644336 0.099207609 0.205406973 
42     0.090322987 0.082286641 0.083725406 0.084322332 0.116080611 0.113081062 0.114137682 0.109668378 0.132304731 0.135733572 0.134957675 0.103219568 0.103799394 0.104952311 0.102946508 0.101119214 0.099027521 0.103733658 0.110135733 0.113030387 0.085655532 0.088982911 0.087470079 0.088645146 0.088605943 0.084584683 0.088666242 0.086826503 0.086642489 0.084316793 0.085213417 0.106052285 0.106506305 0.089774416 0.093204837 0.092295860 0.093160961 0.023532573 0.000000000 0.053842648 0.055313247 0.094343607 0.088984643 0.098542672 0.104020999 0.107289244 0.092120837 0.102287215 0.098435734 0.092999007 0.199194937 
44     0.105070083 0.097106224 0.098544167 0.099141094 0.130873478 0.127887960 0.128944581 0.124491761 0.146783435 0.150212276 0.149382291 0.118122289 0.118702116 0.119855032 0.117849230 0.116021936 0.113930242 0.118611734 0.125013809 0.127908464 0.100513536 0.103840916 0.102524186 0.103699253 0.103660051 0.099638790 0.103720349 0.101880611 0.101696596 0.099370900 0.100267524 0.121106392 0.121560413 0.104828523 0.108286138 0.107303062 0.108168164 0.060030828 0.053842648 0.000000000 0.015683388 0.109233855 0.103874368 0.113374901 0.118869411 0.122137656 0.106976692 0.117098866 0.113310579 0.107873851 0.214091612 
48     0.106526387 0.098562529 0.100000472 0.100597398 0.132329782 0.129344264 0.130400885 0.125948066 0.148239739 0.151668580 0.150838595 0.119578593 0.120158420 0.121311336 0.119305534 0.117478240 0.115386546 0.120068038 0.126470114 0.129364768 0.101969841 0.105297220 0.103980491 0.105155557 0.105116355 0.101095095 0.105176653 0.103336915 0.103152901 0.100827204 0.101723828 0.122562696 0.123016717 0.106284828 0.109742442 0.108759367 0.109624468 0.061501427 0.055313247 0.015683388 0.000000000 0.110690159 0.105330672 0.114831205 0.120325715 0.123593960 0.108432996 0.118555170 0.114766883 0.109330156 0.215547916 
29     0.112254780 0.104267269 0.105648437 0.106245363 0.138043995 0.135045180 0.136101801 0.131625312 0.153944126 0.157371350 0.156589757 0.125159456 0.125739282 0.126892199 0.124886396 0.123026080 0.120948522 0.133360924 0.139809047 0.142769741 0.115350918 0.118715988 0.118473720 0.119677313 0.119642993 0.115629211 0.119708866 0.117879151 0.117697072 0.115339114 0.116235738 0.137096602 0.137549231 0.120819475 0.124214918 0.123118198 0.123983450 0.100590962 0.094343607 0.109233855 0.110690159 0.000000000 0.111042259 0.120512399 0.125978033 0.129246278 0.113858631 0.124081425 0.120399219 0.114962492 0.221026895 
13     0.102819992 0.094806075 0.096199045 0.096795971 0.128392847 0.125434160 0.126490780 0.122009519 0.144674087 0.148113946 0.147320833 0.115737693 0.116317519 0.117470435 0.115464633 0.113639361 0.111589707 0.128421874 0.134864225 0.137752472 0.110102078 0.113444308 0.112614136 0.113783067 0.113748747 0.109768394 0.113848049 0.112096636 0.111914557 0.109508167 0.110404791 0.131318051 0.131754896 0.115023970 0.118427751 0.117433595 0.118298797 0.095142855 0.088984643 0.103874368 0.105330672 0.111042259 0.000000000 0.060573013 0.085401800 0.088655012 0.087498804 0.097997196 0.093913010 0.088478422 0.211606604 
25     0.112273584 0.104259666 0.105652636 0.106249563 0.137815367 0.134856680 0.135913300 0.131432039 0.154179749 0.157601386 0.156808273 0.125250800 0.125830627 0.126983543 0.124977741 0.123153659 0.121102858 0.137725568 0.144167920 0.147056166 0.119332409 0.122725126 0.122162170 0.123331101 0.123296781 0.119316428 0.123396083 0.121644670 0.121462591 0.119073355 0.119969979 0.140935417 0.141372262 0.124641336 0.128023630 0.126941004 0.127806205 0.104644338 0.098542672 0.113374901 0.114831205 0.120512399 0.060573013 0.000000000 0.094639563 0.097892776 0.096873898 0.107374591 0.103364197 0.097929608 0.220976008 
40     0.117736805 0.109722743 0.111115712 0.111712639 0.143287340 0.140328652 0.141385272 0.136904011 0.159539942 0.162961579 0.162168466 0.130761210 0.131341037 0.132493953 0.130488151 0.128655504 0.126613225 0.143238153 0.149680505 0.152597839 0.125017281 0.128359510 0.127631427 0.128800358 0.128766038 0.124785686 0.128865340 0.127113928 0.126931849 0.124556795 0.125453419 0.146364038 0.146800882 0.130069957 0.133455002 0.132400087 0.133265288 0.110142354 0.104020999 0.118869411 0.120325715 0.125978033 0.085401800 0.094639563 0.000000000 0.025415868 0.102560119 0.113059357 0.109121841 0.103687252 0.226578724 
28     0.121005051 0.112990988 0.114383957 0.114980884 0.146555585 0.143596897 0.144653517 0.140172257 0.162808187 0.166229824 0.165436711 0.134029455 0.134609282 0.135762198 0.133756396 0.131923749 0.129881470 0.146506398 0.152948750 0.155866084 0.128285526 0.131627755 0.130899672 0.132068603 0.132034283 0.128053931 0.132133585 0.130382173 0.130200094 0.127825040 0.128721664 0.149632283 0.150069128 0.133338202 0.136723247 0.135668332 0.136533533 0.113410599 0.107289244 0.122137656 0.123593960 0.129246278 0.088655012 0.097892776 0.025415868 0.000000000 0.105828364 0.116327602 0.112390086 0.106955497 0.229846969 
26     0.105918875 0.097923781 0.099113047 0.099709973 0.131484845 0.128547676 0.129604297 0.125126382 0.147977666 0.151401278 0.150600108 0.118974187 0.119554014 0.120706930 0.118701128 0.116877602 0.114851938 0.131441311 0.137886840 0.140771909 0.113217243 0.116559472 0.115610571 0.116757719 0.116723399 0.112764829 0.116844484 0.115161402 0.114979323 0.112604269 0.113500893 0.134407831 0.134849406 0.118118737 0.121512908 0.120505263 0.121370365 0.098329439 0.092120837 0.106976692 0.108432996 0.113858631 0.087498804 0.096873898 0.102560119 0.105828364 0.000000000 0.069263151 0.079674027 0.074222296 0.214378764 
45     0.116250040 0.108254946 0.109444211 0.110041137 0.141807821 0.138843688 0.139900309 0.135422395 0.158326373 0.161749985 0.160948814 0.129086204 0.129666031 0.130818947 0.128813145 0.126983751 0.124866632 0.141641318 0.148086847 0.150971916 0.123407976 0.126750206 0.125786101 0.126942056 0.126907736 0.122940359 0.127020014 0.125350541 0.125168462 0.122793409 0.123690032 0.144596971 0.145038546 0.128307877 0.131702048 0.130694403 0.131559504 0.108495817 0.102287215 0.117098866 0.118555170 0.124081425 0.097997196 0.107374591 0.113059357 0.116327602 0.069263151 0.000000000 0.090162817 0.084717038 0.225169285 
33     0.112136550 0.104311794 0.105492626 0.106089552 0.137853173 0.134928144 0.135984764 0.131506850 0.154203300 0.157585666 0.156764954 0.125411007 0.125990833 0.127143749 0.125137947 0.123310839 0.121256136 0.137747329 0.144192859 0.147077928 0.119580783 0.122923013 0.121912253 0.123079621 0.123045301 0.119066511 0.123146166 0.121463084 0.121281005 0.118903507 0.119800131 0.140709514 0.141151089 0.124420419 0.127814590 0.126712569 0.127577770 0.104644336 0.098435734 0.113310579 0.114766883 0.120399219 0.093913010 0.103364197 0.109121841 0.112390086 0.079674027 0.090162817 0.000000000 0.025337249 0.221300857 
20     0.106800528 0.098875067 0.100063671 0.100660597 0.132416446 0.129491417 0.130548037 0.126070123 0.148766573 0.152148939 0.151326874 0.119974280 0.120554106 0.121707022 0.119701220 0.117874112 0.115819409 0.132310602 0.138756132 0.141641201 0.114144056 0.117486286 0.116475526 0.117642894 0.117608574 0.113629784 0.117709439 0.116026357 0.115844278 0.113466780 0.114363404 0.135272786 0.135714362 0.118983692 0.122377863 0.121275841 0.122141043 0.099207609 0.092999007 0.107873851 0.109330156 0.114962492 0.088478422 0.097929608 0.103687252 0.106955497 0.074222296 0.084717038 0.025337249 0.000000000 0.215864130 
0     0.207544514 0.199542258 0.200940446 0.201537373 0.233612489 0.230640406 0.231697026 0.227193853 0.249343880 0.252744555 0.251971009 0.222721335 0.223301162 0.224454078 0.222448276 0.220579924 0.218526592 0.237686698 0.244156369 0.247097503 0.220092313 0.223434955 0.222564042 0.223765849 0.223731529 0.219717747 0.223797402 0.221827376 0.221645297 0.219455606 0.220352230 0.241445918 0.241870419 0.225140663 0.228275817 0.227270414 0.228135615 0.205406973 0.199194937 0.214091612 0.215547916 0.221026895 0.211606604 0.220976008 0.226578724 0.229846969 0.214378764 0.225169285 0.221300857 0.215864130 0.000000000 
