51
11     0.000000000 0.000338180 0.000004690 0.000015780 0.007747370 0.011980860 0.012328110 0.010754060 0.015261900 0.008257200 0.011874180 0.010516630 0.014062980 0.003730550 0.010510830 0.001028470 0.005596280 0.013422210 0.022964030 0.015153300 0.005408600 0.012051000 0.008003060 0.007607180 0.006828790 0.005391190 0.005443360 0.015886130 0.018992690 0.012260230 0.012367880 0.016759690 0.013815470 0.017253140 0.013090240 0.003533340 0.017104690 0.012118330 0.008494440 0.004718650 0.008226880 0.006245220 0.011353140 0.011620170 0.014638000 0.012690650 0.015216650 0.007133740 0.007870870 0.017097220 0.013784710 
8     0.000338180 0.000000000 0.000941300 0.000569020 0.012796410 0.010985380 0.012743700 0.012884580 0.015795280 0.007684780 0.011301760 0.011445120 0.014991470 0.004659040 0.017423980 0.001956960 0.005023860 0.012849790 0.020200450 0.018731610 0.016555510 0.013983910 0.008172280 0.007776400 0.006998010 0.005560410 0.005612580 0.015782790 0.004472830 0.012156890 0.012264540 0.016656350 0.013712130 0.017149800 0.012986900 0.002960920 0.013845100 0.011545910 0.007922020 0.004146230 0.008372530 0.006375570 0.011912510 0.011516830 0.013029700 0.015908680 0.012453070 0.009145100 0.017205780 0.014333640 0.014187790 
3     0.000004690 0.000941300 0.000000000 0.000011110 0.013632100 0.005575240 0.016065340 0.011481360 0.014360790 0.020632970 0.019647610 0.010512620 0.012345580 0.003726540 0.012030510 0.001024460 0.005418230 0.017922570 0.021465050 0.018887540 0.009929190 0.015248510 0.008347750 0.007951870 0.007173480 0.005735880 0.005788050 0.016570650 0.019677210 0.012944750 0.013052400 0.017444210 0.014499990 0.012692670 0.013774760 0.012724210 0.012115950 0.013741350 0.010168130 0.013457230 0.009160390 0.010436580 0.008554100 0.012082150 0.017267250 0.017958580 0.013717670 0.005279520 0.009350070 0.010230570 0.011930490 
4     0.000015780 0.000569020 0.000011110 0.000000000 0.008198120 0.008260340 0.008145410 0.016580540 0.016330940 0.008937020 0.012554000 0.010523710 0.009714170 0.003737630 0.009399100 0.001035550 0.002786820 0.014102030 0.021423190 0.019267270 0.014788100 0.015206650 0.007852080 0.007456200 0.006677810 0.005240210 0.005292380 0.018788750 0.020760670 0.017474570 0.017582220 0.021974030 0.019029810 0.018182020 0.018304580 0.004213160 0.010834890 0.012798150 0.009174260 0.005398470 0.012642070 0.010953730 0.005922690 0.009450740 0.017225390 0.017916720 0.008355240 0.005212380 0.018428520 0.015433230 0.011863350 
5     0.007747370 0.012796410 0.013632100 0.008198120 0.000000000 0.001884260 0.002802660 0.001872110 0.019079340 0.024563610 0.026606800 0.014541550 0.014385430 0.016700240 0.014175130 0.015919260 0.016022440 0.022853040 0.022466740 0.010959270 0.006646980 0.007448700 0.003503590 0.013720330 0.012605810 0.015388980 0.013204460 0.013212930 0.011812900 0.021255950 0.021689810 0.014462570 0.012937740 0.012543970 0.004038930 0.029105930 0.027698920 0.025874960 0.024935480 0.005206120 0.005475020 0.018860550 0.010501640 0.019765710 0.013002540 0.013297610 0.008703120 0.022362190 0.010738970 0.010064600 0.008220770 
7     0.011980860 0.010985380 0.005575240 0.008260340 0.001884260 0.000000000 0.000042490 0.000694610 0.019380540 0.032313310 0.024547610 0.027387620 0.025538650 0.028886440 0.026243480 0.019674230 0.018894110 0.015238890 0.015045280 0.019601340 0.011478320 0.020240310 0.027768730 0.029602900 0.025548570 0.027851970 0.020857760 0.023986790 0.027791220 0.024164430 0.024272080 0.028663890 0.025719670 0.017735810 0.023811820 0.020962150 0.020156600 0.023896730 0.016584750 0.016639160 0.017798090 0.018821990 0.013388040 0.018306220 0.020701880 0.018490700 0.008765340 0.017405580 0.027150270 0.018477720 0.010930550 
6     0.012328110 0.012743700 0.016065340 0.008145410 0.002802660 0.000042490 0.000000000 0.000302510 0.019020060 0.031014130 0.021387680 0.025394680 0.022466920 0.025814710 0.023171750 0.017842750 0.018914360 0.006796970 0.006603360 0.011159420 0.014685510 0.018158440 0.026251530 0.027256050 0.026222490 0.025589440 0.018244080 0.021373110 0.024719490 0.024838350 0.024946000 0.029337810 0.026393590 0.023168160 0.022150400 0.021665250 0.021096050 0.015454810 0.016381320 0.008197240 0.009356170 0.014036530 0.009924200 0.015132950 0.018555580 0.016344400 0.008650410 0.008963660 0.025414310 0.021952740 0.011021190 
1     0.010754060 0.012884580 0.011481360 0.016580540 0.001872110 0.000694610 0.000302510 0.000000000 0.014776760 0.016657730 0.021601410 0.016117370 0.015961250 0.018276060 0.015750950 0.012072250 0.023094410 0.013108230 0.012914620 0.012535090 0.008804880 0.009024520 0.017565270 0.015296150 0.014181630 0.016964800 0.012473580 0.014788750 0.013388720 0.019085590 0.020650570 0.016038390 0.014513560 0.014119790 0.015056520 0.030081860 0.014076000 0.020186040 0.016772440 0.006781940 0.007050840 0.009703050 0.015092800 0.021444210 0.021679950 0.021280510 0.013851460 0.015274920 0.012833470 0.011640420 0.012886220 
10     0.015261900 0.015795280 0.014360790 0.016330940 0.019079340 0.019380540 0.019020060 0.014776760 0.000000000 0.002273220 0.002887140 0.020725240 0.019254940 0.019423340 0.020310970 0.012147310 0.004437620 0.030917900 0.032821540 0.017463490 0.012668400 0.025164300 0.019972100 0.022867910 0.023627300 0.021201300 0.013855940 0.016984970 0.020519800 0.019646830 0.022032930 0.031259430 0.028035880 0.016595120 0.017762260 0.022312370 0.017371220 0.019442090 0.013077970 0.017376470 0.013922350 0.004483920 0.014695110 0.024969270 0.020390890 0.020623040 0.022851470 0.022823090 0.024767320 0.014701420 0.013136220 
9     0.008257200 0.007684780 0.020632970 0.008937020 0.024563610 0.032313310 0.031014130 0.016657730 0.002273220 0.000000000 0.001046950 0.026759210 0.028090520 0.023386410 0.024272930 0.013771470 0.009138460 0.016964390 0.027064090 0.028871720 0.027431230 0.025144900 0.031406380 0.030178490 0.030240940 0.030415000 0.025264170 0.028393200 0.031655190 0.031686340 0.031846920 0.035334340 0.034732230 0.030188250 0.029170490 0.007075520 0.023790780 0.015660510 0.012036620 0.008260830 0.020555700 0.009804560 0.022024060 0.021085650 0.022138270 0.027854970 0.023614060 0.028697990 0.028366770 0.020380200 0.016830570 
2     0.011874180 0.011301760 0.019647610 0.012554000 0.026606800 0.024547610 0.021387680 0.021601410 0.002887140 0.001046950 0.000000000 0.026555810 0.023505330 0.024089280 0.022632290 0.017388450 0.007320500 0.016953760 0.030681070 0.015469170 0.011318200 0.011334570 0.027721910 0.028807620 0.027473920 0.028360270 0.027353180 0.027701040 0.027396480 0.026255150 0.028911560 0.032130960 0.029685100 0.020310400 0.031235180 0.010692500 0.014268650 0.019277490 0.009546700 0.007670850 0.007501720 0.011805150 0.025717830 0.027938230 0.027280310 0.028372850 0.026835390 0.030572900 0.018449950 0.007190040 0.016019100 
23     0.010516630 0.011445120 0.010512620 0.010523710 0.014541550 0.027387620 0.025394680 0.016117370 0.020725240 0.026759210 0.026555810 0.000000000 0.000588380 0.002903190 0.000378080 0.002842230 0.007854450 0.021813230 0.025355710 0.017734040 0.016975070 0.014223470 0.022764220 0.020495100 0.019380580 0.021990750 0.019979230 0.019987700 0.018587670 0.022495260 0.022542040 0.021237340 0.019712510 0.019318740 0.020255470 0.025676160 0.025926260 0.017632010 0.016835260 0.011980890 0.012249790 0.016635420 0.021714860 0.023072490 0.021157910 0.021849240 0.016957670 0.011312130 0.015939680 0.014746630 0.018781460 
16     0.014062980 0.014991470 0.012345580 0.009714170 0.014385430 0.025538650 0.022466920 0.015961250 0.019254940 0.028090520 0.023505330 0.000588380 0.000000000 0.000814280 0.000221340 0.002686110 0.007937570 0.023685080 0.027227560 0.017577920 0.016818950 0.014067350 0.018329830 0.019975020 0.018290440 0.015121100 0.015505510 0.016953370 0.014157310 0.015625610 0.015672390 0.018891790 0.016445930 0.019162620 0.017996010 0.019966870 0.020208060 0.017316620 0.017433030 0.011824770 0.012093670 0.015270990 0.011656480 0.014708110 0.019803550 0.023721090 0.016801550 0.020892830 0.015783560 0.014590510 0.024179590 
34     0.003730550 0.004659040 0.003726540 0.003737630 0.016700240 0.028886440 0.025814710 0.018276060 0.019423340 0.023386410 0.024089280 0.002903190 0.000814280 0.000000000 0.000080890 0.002727700 0.011712480 0.025068440 0.028610920 0.019892730 0.019133760 0.016382160 0.021677620 0.022653790 0.021539270 0.018468890 0.018853300 0.020301160 0.017505100 0.018973400 0.019020180 0.022239580 0.019793720 0.021477430 0.021343800 0.023314660 0.023555850 0.020664410 0.020090470 0.014139580 0.014408480 0.014168890 0.017130880 0.015100210 0.023151340 0.025104450 0.019116360 0.018751850 0.018098370 0.016905320 0.026494400 
19     0.010510830 0.017423980 0.012030510 0.009399100 0.014175130 0.026243480 0.023171750 0.015750950 0.020310970 0.024272930 0.022632290 0.000378080 0.000221340 0.000080890 0.000000000 0.001179130 0.001907470 0.024099720 0.027642200 0.017003230 0.008570200 0.007551410 0.019034660 0.020128680 0.018995270 0.015825930 0.016210340 0.017658200 0.014862140 0.016330440 0.016377220 0.019596620 0.017150760 0.018952320 0.018700840 0.020671700 0.020912890 0.018021450 0.018137860 0.011614470 0.011883370 0.015527670 0.005736390 0.006927600 0.020508380 0.024135730 0.013522380 0.017402140 0.015573260 0.014380210 0.023969290 
15     0.001028470 0.001956960 0.001024460 0.001035550 0.015919260 0.019674230 0.017842750 0.012072250 0.012147310 0.013771470 0.017388450 0.002842230 0.002686110 0.002727700 0.001179130 0.000000000 0.000938020 0.017151180 0.024844000 0.014758980 0.007600750 0.006581960 0.016733670 0.020163400 0.016328610 0.016713630 0.011151430 0.014280460 0.016665870 0.015421110 0.015528760 0.019920570 0.016976350 0.016075510 0.015057750 0.007262310 0.014425260 0.015847300 0.012223410 0.008447620 0.011636750 0.012044500 0.004766940 0.005958150 0.013342840 0.018224990 0.012503350 0.016049770 0.017909150 0.016716100 0.015856270 
46     0.005596280 0.005023860 0.005418230 0.002786820 0.016022440 0.018894110 0.018914360 0.023094410 0.004437620 0.009138460 0.007320500 0.007854450 0.007937570 0.011712480 0.001907470 0.000938020 0.000000000 0.012518170 0.022617870 0.014446160 0.007703930 0.006685140 0.015953550 0.023568300 0.015548490 0.015933510 0.015090770 0.016183160 0.021683750 0.016493020 0.022099000 0.026418230 0.023546590 0.023286970 0.020808320 0.002629300 0.016610790 0.011214290 0.007590400 0.003814610 0.016109480 0.015296010 0.004729130 0.006061330 0.012562720 0.017444870 0.011723230 0.016097070 0.023336000 0.020463860 0.014914070 
49     0.013422210 0.012849790 0.017922570 0.014102030 0.022853040 0.015238890 0.006796970 0.013108230 0.030917900 0.016964390 0.016953760 0.021813230 0.023685080 0.025068440 0.024099720 0.017151180 0.012518170 0.000000000 0.000205230 0.002308220 0.012995960 0.013012330 0.008889570 0.011786590 0.005993640 0.005434270 0.008028450 0.020161200 0.018347760 0.009649490 0.005579350 0.028539950 0.027673560 0.023883180 0.015264220 0.010052710 0.015677830 0.009151190 0.011813300 0.005490790 0.006649720 0.008234990 0.012074910 0.017283660 0.018572210 0.021416130 0.017175220 0.011114370 0.021927930 0.019055790 0.008415350 
47     0.022964030 0.020200450 0.021465050 0.021423190 0.022466740 0.015045280 0.006603360 0.012914620 0.032821540 0.027064090 0.030681070 0.025355710 0.027227560 0.028610920 0.027642200 0.024844000 0.022617870 0.000205230 0.000000000 0.003264510 0.014224550 0.020879840 0.008794120 0.011691140 0.005898190 0.005338820 0.007933000 0.022721870 0.026162420 0.009554040 0.005483900 0.028812090 0.027287260 0.026888090 0.015214030 0.018098720 0.015627640 0.010053100 0.012102350 0.005297180 0.006456110 0.005839270 0.011881300 0.017090050 0.019789250 0.023300790 0.020717700 0.010920760 0.025470410 0.022598270 0.032260900 
37     0.015153300 0.018731610 0.018887540 0.019267270 0.010959270 0.019601340 0.011159420 0.012535090 0.017463490 0.028871720 0.015469170 0.017734040 0.017577920 0.019892730 0.017003230 0.014758980 0.014446160 0.002308220 0.003264510 0.000000000 0.011511370 0.009869870 0.018831500 0.016562380 0.015447860 0.017283200 0.013562630 0.015726090 0.013919230 0.018395590 0.019291520 0.017304620 0.015779790 0.015386020 0.016322750 0.004191130 0.004825750 0.015028350 0.010328710 0.007907010 0.008175910 0.003040190 0.016437360 0.021646110 0.016990170 0.027719570 0.015468130 0.011910060 0.014450140 0.013257090 0.020753430 
32     0.005408600 0.016555510 0.009929190 0.014788100 0.006646980 0.011478320 0.014685510 0.008804880 0.012668400 0.027431230 0.011318200 0.016975070 0.016818950 0.019133760 0.008570200 0.007600750 0.007703930 0.012995960 0.014224550 0.011511370 0.000000000 0.000077430 0.011880210 0.015803410 0.014688890 0.013209210 0.011511480 0.011859340 0.012427910 0.011554940 0.014939960 0.016545650 0.015020820 0.014627050 0.007575890 0.010460580 0.005130570 0.004828550 0.006177740 0.004720730 0.004132760 0.004818600 0.010255990 0.011447200 0.011213040 0.011434340 0.012828960 0.017266900 0.013691170 0.012498120 0.015955910 
38     0.012051000 0.013983910 0.015248510 0.015206650 0.007448700 0.020240310 0.018158440 0.009024520 0.025164300 0.025144900 0.011334570 0.014223470 0.014067350 0.016382160 0.007551410 0.006581960 0.006685140 0.013012330 0.020879840 0.009869870 0.000077430 0.000000000 0.015320930 0.013051810 0.011937290 0.014720460 0.012535940 0.012544410 0.011144380 0.005391530 0.020227710 0.013794050 0.012269220 0.011875450 0.012812180 0.011124070 0.005146940 0.012427700 0.006194110 0.004396440 0.004149130 0.007738470 0.009237200 0.010428410 0.013963740 0.018742070 0.011957560 0.017088710 0.010939570 0.009746520 0.017242860 
18     0.008003060 0.008172280 0.008347750 0.007852080 0.003503590 0.027768730 0.026251530 0.017565270 0.019972100 0.031406380 0.027721910 0.022764220 0.018329830 0.021677620 0.019034660 0.016733670 0.015953550 0.008889570 0.008794120 0.018831500 0.011880210 0.015320930 0.000000000 0.000436320 0.000295760 0.000876100 0.000319970 0.000604630 0.001187060 0.000356430 0.002765140 0.007085290 0.008171290 0.007053700 0.007995170 0.005886460 0.007251140 0.015385810 0.013436050 0.013078350 0.013347250 0.019306870 0.009320060 0.023709800 0.007811030 0.012693180 0.006971540 0.011654310 0.019480320 0.018287270 0.021781250 
17     0.007607180 0.007776400 0.007951870 0.007456200 0.013720330 0.029602900 0.027256050 0.015296150 0.022867910 0.030178490 0.028807620 0.020495100 0.019975020 0.022653790 0.020128680 0.020163400 0.023568300 0.011786590 0.011691140 0.016562380 0.015803410 0.013051810 0.000436320 0.000000000 0.000103210 0.000065460 0.000558430 0.002380460 0.002447430 0.002021010 0.003532590 0.007427000 0.005902170 0.005508400 0.006323770 0.014020580 0.013649770 0.015512360 0.014970210 0.010809230 0.011078130 0.018096470 0.022915490 0.023058240 0.024314430 0.025559820 0.013667750 0.026378800 0.017211200 0.016018150 0.023514490 
50     0.006828790 0.006998010 0.007173480 0.006677810 0.012605810 0.025548570 0.026222490 0.014181630 0.023627300 0.030240940 0.027473920 0.019380580 0.018290440 0.021539270 0.018995270 0.016328610 0.015548490 0.005993640 0.005898190 0.015447860 0.014688890 0.011937290 0.000295760 0.000103210 0.000000000 0.000857630 0.000278370 0.002780920 0.001332910 0.003053450 0.004373840 0.006312480 0.004787650 0.004393880 0.005775010 0.005481400 0.006846080 0.015929350 0.013636510 0.009694710 0.009963610 0.018158920 0.008915000 0.021489640 0.007405970 0.012288120 0.006566480 0.011249250 0.016096680 0.014903630 0.022399970 
12     0.005391190 0.005560410 0.005735880 0.005240210 0.015388980 0.027851970 0.025589440 0.016964800 0.021201300 0.030415000 0.028360270 0.021990750 0.015121100 0.018468890 0.015825930 0.016713630 0.015933510 0.005434270 0.005338820 0.017283200 0.013209210 0.014720460 0.000876100 0.000065460 0.000857630 0.000000000 0.000389990 0.001699000 0.000910120 0.001685430 0.004367140 0.009095650 0.007570820 0.005940060 0.002793650 0.005866420 0.007231100 0.015390160 0.014668020 0.012477880 0.012746780 0.018332980 0.009300020 0.023151480 0.007790990 0.012673140 0.006951500 0.011634270 0.018879850 0.017686800 0.025183140 
24     0.005443360 0.005612580 0.005788050 0.005292380 0.013204460 0.020857760 0.018244080 0.012473580 0.013855940 0.025264170 0.027353180 0.019979230 0.015505510 0.018853300 0.016210340 0.011151430 0.015090770 0.008028450 0.007933000 0.013562630 0.011511480 0.012535940 0.000319970 0.000558430 0.000278370 0.000389990 0.000000000 0.000700560 0.001269130 0.000396160 0.003781180 0.006911130 0.005386300 0.004992530 0.004183850 0.005023680 0.006388360 0.012419330 0.012939730 0.010293360 0.010562260 0.017893950 0.008457280 0.023535890 0.006948250 0.011830400 0.006108760 0.010791530 0.016695330 0.015502280 0.020839700 
31     0.015886130 0.015782790 0.016570650 0.018788750 0.013212930 0.023986790 0.021373110 0.014788750 0.016984970 0.028393200 0.027701040 0.019987700 0.016953370 0.020301160 0.017658200 0.014280460 0.016183160 0.020161200 0.022721870 0.015726090 0.011859340 0.012544410 0.000604630 0.002380460 0.002780920 0.001699000 0.000700560 0.000000000 0.001166190 0.000335560 0.002044790 0.006919600 0.005394770 0.005001000 0.004027270 0.006116070 0.007480750 0.015381790 0.013132770 0.010301830 0.010570730 0.017888900 0.009549670 0.023598720 0.008040640 0.012922790 0.007201150 0.011883920 0.016703800 0.015510750 0.023007090 
35     0.018992690 0.004472830 0.019677210 0.020760670 0.011812900 0.027791220 0.024719490 0.013388720 0.020519800 0.031655190 0.027396480 0.018587670 0.014157310 0.017505100 0.014862140 0.016665870 0.021683750 0.018347760 0.026162420 0.013919230 0.012427910 0.011144380 0.001187060 0.002447430 0.001332910 0.000910120 0.001269130 0.001166190 0.000000000 0.000904130 0.002562270 0.005519570 0.003994740 0.002771010 0.007204620 0.012915000 0.013373170 0.009043150 0.013754240 0.008901800 0.009170700 0.019087040 0.017097780 0.022187690 0.019915690 0.024797840 0.016321760 0.020633930 0.015303770 0.014110720 0.020825960 
36     0.012260230 0.012156890 0.012944750 0.017474570 0.021255950 0.024164430 0.024838350 0.019085590 0.019646830 0.031686340 0.026255150 0.022495260 0.015625610 0.018973400 0.016330440 0.015421110 0.016493020 0.009649490 0.009554040 0.018395590 0.011554940 0.005391530 0.000356430 0.002021010 0.003053450 0.001685430 0.000396160 0.000335560 0.000904130 0.000000000 0.000086040 0.007470760 0.004526540 0.007964210 0.003801310 0.006425930 0.007790610 0.016351810 0.012417740 0.015312820 0.014062780 0.017810160 0.009859530 0.020105500 0.008350500 0.013232650 0.007511010 0.012193780 0.024746820 0.023291300 0.019100830 
27     0.012367880 0.012264540 0.013052400 0.017582220 0.021689810 0.024272080 0.024946000 0.020650570 0.022032930 0.031846920 0.028911560 0.022542040 0.015672390 0.019020180 0.016377220 0.015528760 0.022099000 0.005579350 0.005483900 0.019291520 0.014939960 0.020227710 0.002765140 0.003532590 0.004373840 0.004367140 0.003781180 0.002044790 0.002562270 0.000086040 0.000000000 0.008167970 0.005223750 0.004144240 0.004498520 0.013284680 0.012913870 0.011662700 0.011549140 0.014587660 0.014170430 0.016881940 0.011011140 0.020213150 0.021711830 0.025954440 0.020787010 0.025555110 0.026466240 0.023594100 0.018581120 
14     0.016759690 0.016656350 0.017444210 0.021974030 0.014462570 0.028663890 0.029337810 0.016038390 0.031259430 0.035334340 0.032130960 0.021237340 0.018891790 0.022239580 0.019596620 0.019920570 0.026418230 0.028539950 0.028812090 0.017304620 0.016545650 0.013794050 0.007085290 0.007427000 0.006312480 0.009095650 0.006911130 0.006919600 0.005519570 0.007470760 0.008167970 0.000000000 0.000066810 0.000047970 0.004330620 0.007829650 0.006805190 0.016163940 0.019569980 0.011551470 0.011820370 0.023252320 0.020408250 0.024604960 0.018899220 0.023781370 0.018059730 0.022742500 0.017953440 0.016760390 0.024256730 
22     0.013815470 0.013712130 0.014499990 0.019029810 0.012937740 0.025719670 0.026393590 0.014513560 0.028035880 0.034732230 0.029685100 0.019712510 0.016445930 0.019793720 0.017150760 0.016976350 0.023546590 0.027673560 0.027287260 0.015779790 0.015020820 0.012269220 0.008171290 0.005902170 0.004787650 0.007570820 0.005386300 0.005394770 0.003994740 0.004526540 0.005223750 0.000066810 0.000000000 0.000400150 0.002306970 0.007529120 0.006504660 0.021857810 0.016625760 0.010026640 0.010295540 0.023007920 0.019386400 0.021660740 0.020121200 0.025003350 0.017446600 0.023964480 0.016428610 0.015235560 0.022731900 
39     0.017253140 0.017149800 0.012692670 0.018182020 0.012543970 0.017735810 0.023168160 0.014119790 0.016595120 0.030188250 0.020310400 0.019318740 0.019162620 0.021477430 0.018952320 0.016075510 0.023286970 0.023883180 0.026888090 0.015386020 0.014627050 0.011875450 0.007053700 0.005508400 0.004393880 0.005940060 0.004992530 0.005001000 0.002771010 0.007964210 0.004144240 0.000047970 0.000400150 0.000000000 0.003895730 0.012358330 0.013013270 0.009819120 0.017440040 0.009632870 0.009901770 0.020277880 0.015443880 0.023530770 0.015144450 0.020026600 0.014304960 0.018987730 0.016034840 0.014841790 0.022338130 
30     0.013090240 0.012986900 0.013774760 0.018304580 0.004038930 0.023811820 0.022150400 0.015056520 0.017762260 0.029170490 0.031235180 0.020255470 0.017996010 0.021343800 0.018700840 0.015057750 0.020808320 0.015264220 0.015214030 0.016322750 0.007575890 0.012812180 0.007995170 0.006323770 0.005775010 0.002793650 0.004183850 0.004027270 0.007204620 0.003801310 0.004498520 0.004330620 0.002306970 0.003895730 0.000000000 0.010845850 0.008374770 0.005947300 0.010232870 0.006093780 0.008174890 0.005420430 0.020936480 0.020935510 0.025815820 0.028091320 0.017989560 0.026178140 0.016971570 0.015778520 0.009681730 
41     0.003533340 0.002960920 0.012724210 0.004213160 0.029105930 0.020962150 0.021665250 0.030081860 0.022312370 0.007075520 0.010692500 0.025676160 0.019966870 0.023314660 0.020671700 0.007262310 0.002629300 0.010052710 0.018098720 0.004191130 0.010460580 0.011124070 0.005886460 0.014020580 0.005481400 0.005866420 0.005023680 0.006116070 0.012915000 0.006425930 0.013284680 0.007829650 0.007529120 0.012358330 0.010845850 0.000000000 0.000002590 0.008748830 0.005124940 0.001349150 0.003238340 0.008305120 0.004876700 0.009818290 0.007103590 0.011985740 0.006264100 0.008132130 0.020519000 0.011551550 0.012851130 
43     0.017104690 0.013845100 0.012115950 0.010834890 0.027698920 0.020156600 0.021096050 0.014076000 0.017371220 0.023790780 0.014268650 0.025926260 0.020208060 0.023555850 0.020912890 0.014425260 0.016610790 0.015677830 0.015627640 0.004825750 0.005130570 0.005146940 0.007251140 0.013649770 0.006846080 0.007231100 0.006388360 0.007480750 0.013373170 0.007790610 0.012913870 0.006805190 0.006504660 0.013013270 0.008374770 0.000002590 0.000000000 0.006360910 0.006101640 0.004887520 0.002630080 0.005834040 0.004268440 0.009210030 0.008468270 0.013350420 0.007628780 0.008766750 0.021153620 0.010943290 0.022597670 
21     0.012118330 0.011545910 0.013741350 0.012798150 0.025874960 0.023896730 0.015454810 0.020186040 0.019442090 0.015660510 0.019277490 0.017632010 0.017316620 0.020664410 0.018021450 0.015847300 0.011214290 0.009151190 0.010053100 0.015028350 0.004828550 0.012427700 0.015385810 0.015512360 0.015929350 0.015390160 0.012419330 0.015381790 0.009043150 0.016351810 0.011662700 0.016163940 0.021857810 0.009819120 0.005947300 0.008748830 0.006360910 0.000000000 0.001103500 0.002293900 0.004375010 0.003190010 0.014572610 0.019514200 0.014848790 0.016641790 0.012994000 0.017523130 0.017746710 0.014874570 0.021436120 
42     0.008494440 0.007922020 0.010168130 0.009174260 0.024935480 0.016584750 0.016381320 0.016772440 0.013077970 0.012036620 0.009546700 0.016835260 0.017433030 0.020090470 0.018137860 0.012223410 0.007590400 0.011813300 0.012102350 0.010328710 0.006177740 0.006194110 0.013436050 0.014970210 0.013636510 0.014668020 0.012939730 0.013132770 0.013754240 0.012417740 0.011549140 0.019569980 0.016625760 0.017440040 0.010232870 0.005124940 0.006101640 0.001103500 0.000000000 0.002919430 0.002331460 0.006635410 0.003064610 0.014488770 0.015713310 0.013502130 0.012197250 0.014824090 0.015243930 0.010975130 0.017812230 
44     0.004718650 0.004146230 0.013457230 0.005398470 0.005206120 0.016639160 0.008197240 0.006781940 0.017376470 0.008260830 0.007670850 0.011980890 0.011824770 0.014139580 0.011614470 0.008447620 0.003814610 0.005490790 0.005297180 0.007907010 0.004720730 0.004396440 0.013078350 0.010809230 0.009694710 0.012477880 0.010293360 0.010301830 0.008901800 0.015312820 0.014587660 0.011551470 0.010026640 0.009632870 0.006093780 0.001349150 0.004887520 0.002293900 0.002919430 0.000000000 0.000276380 0.003336490 0.008333060 0.013274650 0.012673640 0.017555790 0.009714980 0.012514640 0.008696990 0.007503940 0.014036440 
48     0.008226880 0.008372530 0.009160390 0.012642070 0.005475020 0.017798090 0.009356170 0.007050840 0.013922350 0.020555700 0.007501720 0.012249790 0.012093670 0.014408480 0.011883370 0.011636750 0.016109480 0.006649720 0.006456110 0.008175910 0.004132760 0.004149130 0.013347250 0.011078130 0.009963610 0.012746780 0.010562260 0.010570730 0.009170700 0.014062780 0.014170430 0.011820370 0.010295540 0.009901770 0.008174890 0.003238340 0.002630080 0.004375010 0.002331460 0.000276380 0.000000000 0.004590430 0.006075620 0.011017210 0.014280310 0.017376920 0.009983880 0.011356380 0.008965890 0.007772840 0.015269180 
29     0.006245220 0.006375570 0.010436580 0.010953730 0.018860550 0.018821990 0.014036530 0.009703050 0.004483920 0.009804560 0.011805150 0.016635420 0.015270990 0.014168890 0.015527670 0.012044500 0.015296010 0.008234990 0.005839270 0.003040190 0.004818600 0.007738470 0.019306870 0.018096470 0.018158920 0.018332980 0.017893950 0.017888900 0.019087040 0.017810160 0.016881940 0.023252320 0.023007920 0.020277880 0.005420430 0.008305120 0.005834040 0.003190010 0.006635410 0.003336490 0.004590430 0.000000000 0.012538410 0.012173150 0.005475820 0.005697120 0.014376780 0.011020250 0.019356240 0.015342820 0.009709260 
13     0.011353140 0.011912510 0.008554100 0.005922690 0.010501640 0.013388040 0.009924200 0.015092800 0.014695110 0.022024060 0.025717830 0.021714860 0.011656480 0.017130880 0.005736390 0.004766940 0.004729130 0.012074910 0.011881300 0.016437360 0.010255990 0.009237200 0.009320060 0.022915490 0.008915000 0.009300020 0.008457280 0.009549670 0.017097780 0.009859530 0.011011140 0.020408250 0.019386400 0.015443880 0.020936480 0.004876700 0.004268440 0.014572610 0.003064610 0.008333060 0.006075620 0.012538410 0.000000000 0.002304350 0.000675830 0.003554810 0.003752700 0.008435470 0.011125200 0.005093750 0.016751450 
25     0.011620170 0.011516830 0.012082150 0.009450740 0.019765710 0.018306220 0.015132950 0.021444210 0.024969270 0.021085650 0.027938230 0.023072490 0.014708110 0.015100210 0.006927600 0.005958150 0.006061330 0.017283660 0.017090050 0.021646110 0.011447200 0.010428410 0.023709800 0.023058240 0.021489640 0.023151480 0.023535890 0.023598720 0.022187690 0.020105500 0.020213150 0.024604960 0.021660740 0.023530770 0.020935510 0.009818290 0.009210030 0.019514200 0.014488770 0.013274650 0.011017210 0.012173150 0.002304350 0.000000000 0.006579120 0.003464530 0.009068900 0.015754850 0.013322900 0.006084180 0.015813040 
40     0.014638000 0.013029700 0.017267250 0.017225390 0.013002540 0.020701880 0.018555580 0.021679950 0.020390890 0.022138270 0.027280310 0.021157910 0.019803550 0.023151340 0.020508380 0.013342840 0.012562720 0.018572210 0.019789250 0.016990170 0.011213040 0.013963740 0.007811030 0.024314430 0.007405970 0.007790990 0.006948250 0.008040640 0.019915690 0.008350500 0.021711830 0.018899220 0.020121200 0.015144450 0.025815820 0.007103590 0.008468270 0.014848790 0.015713310 0.012673640 0.014280310 0.005475820 0.000675830 0.006579120 0.000000000 0.000233620 0.002243670 0.006926440 0.005376880 0.004563410 0.016865660 
28     0.012690650 0.015908680 0.017958580 0.017916720 0.013297610 0.018490700 0.016344400 0.021280510 0.020623040 0.027854970 0.028372850 0.021849240 0.023721090 0.025104450 0.024135730 0.018224990 0.017444870 0.021416130 0.023300790 0.027719570 0.011434340 0.018742070 0.012693180 0.025559820 0.012288120 0.012673140 0.011830400 0.012922790 0.024797840 0.013232650 0.025954440 0.023781370 0.025003350 0.020026600 0.028091320 0.011985740 0.013350420 0.016641790 0.013502130 0.017555790 0.017376920 0.005697120 0.003554810 0.003464530 0.000233620 0.000000000 0.007125820 0.010010210 0.005181610 0.004368140 0.020640820 
26     0.015216650 0.012453070 0.013717670 0.008355240 0.008703120 0.008765340 0.008650410 0.013851460 0.022851470 0.023614060 0.026835390 0.016957670 0.016801550 0.019116360 0.013522380 0.012503350 0.011723230 0.017175220 0.020717700 0.015468130 0.012828960 0.011957560 0.006971540 0.013667750 0.006566480 0.006951500 0.006108760 0.007201150 0.016321760 0.007511010 0.020787010 0.018059730 0.017446600 0.014304960 0.017989560 0.006264100 0.007628780 0.012994000 0.012197250 0.009714980 0.009983880 0.014376780 0.003752700 0.009068900 0.002243670 0.007125820 0.000000000 0.001143610 0.005983340 0.001666930 0.018728880 
45     0.007133740 0.009145100 0.005279520 0.005212380 0.022362190 0.017405580 0.008963660 0.015274920 0.022823090 0.028697990 0.030572900 0.011312130 0.020892830 0.018751850 0.017402140 0.016049770 0.016097070 0.011114370 0.010920760 0.011910060 0.017266900 0.017088710 0.011654310 0.026378800 0.011249250 0.011634270 0.010791530 0.011883920 0.020633930 0.012193780 0.025555110 0.022742500 0.023964480 0.018987730 0.026178140 0.008132130 0.008766750 0.017523130 0.014824090 0.012514640 0.011356380 0.011020250 0.008435470 0.015754850 0.006926440 0.010010210 0.001143610 0.000000000 0.006247490 0.007995620 0.011929870 
33     0.007870870 0.017205780 0.009350070 0.018428520 0.010738970 0.027150270 0.025414310 0.012833470 0.024767320 0.028366770 0.018449950 0.015939680 0.015783560 0.018098370 0.015573260 0.017909150 0.023336000 0.021927930 0.025470410 0.014450140 0.013691170 0.010939570 0.019480320 0.017211200 0.016096680 0.018879850 0.016695330 0.016703800 0.015303770 0.024746820 0.026466240 0.017953440 0.016428610 0.016034840 0.016971570 0.020519000 0.021153620 0.017746710 0.015243930 0.008696990 0.008965890 0.019356240 0.011125200 0.013322900 0.005376880 0.005181610 0.005983340 0.006247490 0.000000000 0.000888450 0.021051810 
20     0.017097220 0.014333640 0.010230570 0.015433230 0.010064600 0.018477720 0.021952740 0.011640420 0.014701420 0.020380200 0.007190040 0.014746630 0.014590510 0.016905320 0.014380210 0.016716100 0.020463860 0.019055790 0.022598270 0.013257090 0.012498120 0.009746520 0.018287270 0.016018150 0.014903630 0.017686800 0.015502280 0.015510750 0.014110720 0.023291300 0.023594100 0.016760390 0.015235560 0.014841790 0.015778520 0.011551550 0.010943290 0.014874570 0.010975130 0.007503940 0.007772840 0.015342820 0.005093750 0.006084180 0.004563410 0.004368140 0.001666930 0.007995620 0.000888450 0.000000000 0.019858760 
0     0.013784710 0.014187790 0.011930490 0.011863350 0.008220770 0.010930550 0.011021190 0.012886220 0.013136220 0.016830570 0.016019100 0.018781460 0.024179590 0.026494400 0.023969290 0.015856270 0.014914070 0.008415350 0.032260900 0.020753430 0.015955910 0.017242860 0.021781250 0.023514490 0.022399970 0.025183140 0.020839700 0.023007090 0.020825960 0.019100830 0.018581120 0.024256730 0.022731900 0.022338130 0.009681730 0.012851130 0.022597670 0.021436120 0.017812230 0.014036440 0.015269180 0.009709260 0.016751450 0.015813040 0.016865660 0.020640820 0.018728880 0.011929870 0.021051810 0.019858760 0.000000000 
