51
6     0.000000000 0.063262274 0.135739876 0.131501063 0.355862202 0.356884344 0.358234670 0.362793333 0.374177780 0.371645010 0.371722872 0.370883464 0.383161587 0.254006254 0.292193368 0.373079751 0.460301861 0.404241580 0.412277340 0.436838984 0.420891378 0.425675759 0.367353207 0.358377554 0.360345391 0.453686511 0.383970541 0.495214750 0.406914381 0.427788245 0.363525608 0.357570811 0.353667256 0.356554277 0.353891759 0.345231837 0.346272697 0.376007994 0.438873560 0.434579815 0.445178245 0.437019574 0.391666335 0.398341270 0.395109095 0.396204891 0.388746361 0.379367623 0.352942021 0.408833447 0.716005343 
1     0.063262274 0.000000000 0.133251636 0.129262349 0.352813060 0.353849961 0.355200287 0.359767245 0.371264136 0.368731366 0.368809228 0.367969821 0.380247944 0.251186754 0.289373868 0.370252899 0.457544633 0.401333781 0.409379853 0.433918987 0.417971380 0.422755762 0.364487714 0.355497960 0.357465796 0.450593664 0.380877694 0.492121902 0.403757244 0.424529706 0.360155681 0.354239213 0.350335657 0.353222679 0.350556001 0.341876671 0.342843613 0.372649066 0.435957474 0.431663729 0.442262159 0.434057933 0.388750249 0.395425184 0.392171230 0.393288805 0.385830275 0.376451537 0.350025935 0.405917361 0.713043771 
5     0.135739876 0.133251636 0.000000000 0.106043264 0.361751410 0.362752625 0.364102952 0.368664310 0.380095334 0.377654909 0.377541580 0.376805709 0.389080852 0.260262133 0.298310611 0.377839884 0.465024860 0.409368952 0.417415025 0.441954158 0.426006552 0.430790933 0.372522885 0.363533132 0.365500968 0.459222559 0.389833184 0.501460927 0.412017410 0.432941977 0.368675098 0.362685276 0.358781721 0.361668742 0.358993403 0.350333481 0.351638345 0.381107396 0.444441714 0.440131918 0.450730347 0.442593957 0.397218437 0.403893372 0.400641537 0.401756993 0.394443951 0.385091137 0.358532363 0.414385550 0.721876916 
8     0.131501063 0.129262349 0.106043264 0.000000000 0.356708057 0.357730198 0.359058752 0.363679516 0.375124989 0.372570850 0.372550309 0.371814438 0.384031839 0.255258287 0.293316651 0.373790351 0.460684129 0.404873515 0.412919588 0.437458721 0.421511114 0.426295496 0.368027448 0.359037694 0.361005530 0.454288758 0.384761862 0.496599256 0.407146668 0.427904315 0.363863122 0.357931921 0.354028365 0.356915386 0.354252868 0.345643033 0.346924710 0.376419190 0.439450239 0.434843079 0.445525108 0.437388717 0.392000516 0.398675451 0.395379205 0.396432594 0.389242211 0.379893751 0.353210118 0.409414255 0.716664096 
2     0.355862202 0.352813060 0.361751410 0.356708057 0.000000000 0.101548547 0.103813227 0.121144653 0.163690630 0.160291577 0.160738793 0.158876733 0.169915445 0.304409198 0.342020918 0.435957520 0.522985070 0.465845371 0.473805553 0.498675957 0.482738837 0.487516394 0.429804397 0.420845858 0.422718699 0.516356764 0.446808175 0.559170734 0.470093619 0.491100783 0.426864393 0.420744888 0.416841332 0.419794155 0.417152945 0.408476483 0.409715205 0.439252355 0.502059778 0.497512896 0.508391604 0.500425901 0.454689950 0.461509812 0.459183502 0.459444781 0.452029016 0.442135339 0.415908620 0.471056305 0.775379749 
4     0.356884344 0.353849961 0.362752625 0.357730198 0.101548547 0.000000000 0.042270813 0.124782815 0.161444757 0.159092681 0.159962909 0.158874666 0.167507456 0.305252343 0.342919688 0.436789938 0.523788101 0.466996236 0.475256164 0.500123665 0.484186546 0.488897757 0.430647344 0.421688805 0.423561647 0.517643954 0.448298845 0.560444330 0.471176157 0.492183321 0.427950099 0.421796292 0.417892737 0.420879861 0.418238651 0.409561904 0.410873139 0.440338061 0.502918032 0.498371149 0.509247669 0.501279901 0.455565781 0.462371674 0.460045364 0.460308013 0.452876579 0.442982902 0.416756183 0.471903868 0.776250290 
13     0.358234670 0.355200287 0.364102952 0.359058752 0.103813227 0.042270813 0.000000000 0.126346099 0.164901877 0.162087745 0.162420975 0.162032805 0.170735105 0.306483760 0.344151106 0.438109135 0.525100595 0.468315433 0.476575361 0.501442862 0.485505743 0.490216954 0.431966541 0.423008002 0.424880844 0.518963150 0.449380970 0.561763527 0.472495354 0.493502518 0.429269296 0.423149790 0.419246235 0.422199058 0.419557848 0.410881101 0.412192336 0.441657258 0.504237229 0.499690346 0.510566866 0.502599098 0.456884978 0.463690871 0.461364561 0.461627209 0.454195776 0.444302099 0.418075380 0.473223065 0.777569486 
12     0.362793333 0.359767245 0.368664310 0.363679516 0.121144653 0.124782815 0.126346099 0.000000000 0.171134558 0.166789900 0.166478653 0.165353988 0.178349734 0.311366811 0.349007227 0.442158676 0.529156839 0.473048222 0.480633192 0.505655413 0.489718293 0.494495850 0.436267682 0.427309143 0.429184653 0.521813446 0.453093430 0.565279640 0.475464946 0.496924975 0.432854610 0.426675531 0.422771975 0.425768139 0.423143162 0.414466415 0.415706045 0.445242572 0.507516821 0.503172676 0.514175160 0.506207392 0.460493273 0.467299165 0.464972856 0.465049622 0.458118981 0.448268449 0.421998585 0.477142259 0.781490894 
3     0.374177780 0.371264136 0.380095334 0.375124989 0.163690630 0.161444757 0.164901877 0.171134558 0.000000000 0.104433949 0.108359485 0.105566580 0.138445900 0.322603031 0.360092776 0.452834862 0.538582384 0.483772429 0.491965116 0.516653153 0.500716033 0.505493590 0.447265422 0.438306883 0.440176004 0.533967369 0.464763784 0.576849906 0.487559034 0.508568560 0.444323298 0.438203793 0.434300237 0.437251524 0.434611850 0.425935388 0.427060243 0.456711260 0.520227311 0.515616716 0.526463256 0.518497553 0.472737330 0.479543223 0.477007512 0.477497369 0.470211906 0.460341124 0.434106695 0.489326962 0.792917028 
9     0.371645010 0.368731366 0.377654909 0.372570850 0.160291577 0.159092681 0.162087745 0.166789900 0.104433949 0.000000000 0.077974554 0.082699631 0.134498139 0.321019589 0.358550076 0.452164886 0.539451028 0.482702130 0.490976268 0.515664304 0.499727184 0.504504741 0.446276573 0.437318034 0.439187155 0.532344340 0.463210777 0.575152000 0.486227762 0.507821171 0.442998400 0.436859070 0.432955515 0.435906308 0.433286952 0.424610490 0.425113377 0.455386362 0.517662705 0.512986057 0.523641238 0.515675535 0.469839529 0.476746208 0.474419898 0.475028173 0.467835146 0.457964364 0.431729935 0.486937365 0.791355290 
14     0.371722872 0.368809228 0.377541580 0.372550309 0.160738793 0.159962909 0.162420975 0.166478653 0.108359485 0.077974554 0.000000000 0.079767687 0.129721538 0.320764455 0.358243414 0.451916416 0.539202558 0.482424284 0.490666340 0.515324836 0.499387717 0.504147685 0.445974177 0.437015638 0.438884759 0.532254326 0.462671819 0.575201813 0.485961012 0.506970538 0.442725276 0.436585946 0.432682390 0.435637347 0.433013828 0.424337366 0.424840252 0.455113237 0.517291229 0.512614581 0.523334921 0.515369218 0.469484702 0.476391381 0.474001402 0.474701630 0.467344127 0.457440626 0.431272721 0.486557342 0.791026438 
15     0.370883464 0.367969821 0.376805709 0.371814438 0.158876733 0.158874666 0.162032805 0.165353988 0.105566580 0.082699631 0.079767687 0.000000000 0.135417494 0.320228407 0.357709406 0.451195937 0.538482079 0.481738421 0.490007319 0.514695355 0.498758235 0.503535792 0.445307624 0.436349085 0.438218206 0.531263671 0.461673932 0.574205727 0.484147776 0.505178636 0.441687240 0.435547910 0.431644355 0.434598997 0.431975792 0.423299330 0.423802216 0.454075201 0.516731917 0.512185034 0.522848107 0.514882404 0.469013496 0.475920174 0.473593865 0.474196739 0.466882518 0.457011736 0.430777307 0.485984738 0.790358868 
11     0.383161587 0.380247944 0.389080852 0.384031839 0.169915445 0.167507456 0.170735105 0.178349734 0.138445900 0.134498139 0.129721538 0.135417494 0.000000000 0.331988535 0.369632765 0.463226812 0.550512953 0.493687561 0.501517508 0.526457597 0.510402146 0.515298034 0.457201415 0.448242876 0.450109908 0.543692412 0.474194745 0.586556299 0.497148187 0.518157713 0.453287887 0.447390344 0.443486789 0.446457900 0.443818226 0.435127890 0.436287335 0.465917635 0.528532797 0.524051429 0.535045916 0.527080213 0.481337359 0.488143252 0.485816942 0.486035721 0.478883836 0.469013055 0.442778625 0.497992173 0.802495387 
10     0.254006254 0.251186754 0.260262133 0.255258287 0.304409198 0.305252343 0.306483760 0.311366811 0.322603031 0.321019589 0.320764455 0.320228407 0.331988535 0.000000000 0.167580415 0.332953485 0.420348375 0.363221032 0.371142302 0.395899926 0.379950369 0.384726154 0.326429889 0.317471350 0.319366218 0.412865629 0.343593035 0.455304648 0.366484459 0.388319739 0.323304829 0.317651164 0.313747608 0.316644304 0.313956800 0.305094507 0.306734751 0.336018221 0.399673064 0.394842668 0.405888137 0.397804801 0.352347112 0.359153005 0.356844212 0.357089432 0.349426296 0.340153711 0.313316174 0.369301447 0.673985614 
7     0.292193368 0.289373868 0.298310611 0.293316651 0.342020918 0.342919688 0.344151106 0.349007227 0.360092776 0.358550076 0.358243414 0.357709406 0.369632765 0.167580415 0.000000000 0.371385783 0.458575300 0.401295022 0.408897902 0.433448353 0.417689014 0.422351462 0.364510262 0.355551723 0.357442475 0.451514858 0.382502160 0.494070094 0.405325023 0.427118326 0.362162979 0.356303020 0.352399465 0.355296201 0.352621161 0.343817291 0.345399111 0.374693149 0.437455378 0.432438276 0.443572906 0.435550732 0.390031881 0.396837774 0.394620128 0.394774201 0.386653372 0.377771763 0.350892545 0.406582922 0.713588648 
36     0.373079751 0.370252899 0.377839884 0.373790351 0.435957520 0.436789938 0.438109135 0.442158676 0.452834862 0.452164886 0.451916416 0.451195937 0.463226812 0.332953485 0.371385783 0.000000000 0.245705321 0.308517061 0.315249753 0.339539388 0.324005713 0.329365045 0.271607481 0.263209441 0.264006769 0.439765837 0.374085502 0.483950919 0.395619641 0.417947282 0.354588858 0.348282304 0.344311703 0.347293814 0.344426330 0.335726504 0.337414204 0.366730909 0.460193987 0.455780528 0.465473091 0.457611954 0.412076173 0.418986201 0.415816404 0.417379737 0.409299173 0.400026841 0.371437917 0.430687924 0.735113671 
21     0.460301861 0.457544633 0.465024860 0.460684129 0.522985070 0.523788101 0.525100595 0.529156839 0.538582384 0.539451028 0.539202558 0.538482079 0.550512953 0.420348375 0.458575300 0.245705321 0.000000000 0.396180821 0.402757451 0.427296152 0.411893663 0.417088122 0.358080141 0.350351858 0.350517997 0.528913170 0.462368456 0.572606075 0.482362220 0.504395876 0.442407925 0.436120378 0.432149777 0.435131888 0.432279580 0.423577936 0.425265951 0.455026136 0.546851260 0.542541626 0.551866432 0.544005294 0.498980542 0.505975907 0.503616510 0.504201690 0.497745138 0.488480340 0.459905981 0.517810753 0.823161914 
48     0.404241580 0.401333781 0.409368952 0.404873515 0.465845371 0.466996236 0.468315433 0.473048222 0.483772429 0.482702130 0.482424284 0.481738421 0.493687561 0.363221032 0.401295022 0.308517061 0.396180821 0.000000000 0.266233430 0.291336962 0.276334110 0.280321699 0.231039807 0.222708098 0.223055859 0.474203599 0.405706048 0.516037628 0.428586163 0.450008190 0.386655387 0.380327944 0.376357343 0.379360343 0.376329735 0.367752781 0.369424714 0.398797438 0.489703175 0.485163231 0.495200138 0.487339001 0.441880550 0.449002979 0.446327482 0.447264356 0.439853557 0.430785899 0.401897537 0.459891049 0.766366741 
23     0.412277340 0.409379853 0.417415025 0.412919588 0.473805553 0.475256164 0.476575361 0.480633192 0.491965116 0.490976268 0.490666340 0.490007319 0.501517508 0.371142302 0.408897902 0.315249753 0.402757451 0.266233430 0.000000000 0.247095874 0.233011906 0.236401334 0.238646612 0.230997694 0.230785408 0.481885716 0.413767957 0.524412665 0.436221960 0.456876708 0.394354070 0.388011982 0.384041381 0.387048520 0.383864856 0.375414404 0.377204849 0.406496121 0.498365715 0.493766444 0.503792868 0.495931731 0.450501761 0.457624189 0.454872899 0.455854361 0.449008649 0.439677995 0.411030488 0.468978701 0.774507161 
26     0.436838984 0.433918987 0.441954158 0.437458721 0.498675957 0.500123665 0.501442862 0.505655413 0.516653153 0.515664304 0.515324836 0.514695355 0.526457597 0.395899926 0.433448353 0.339539388 0.427296152 0.291336962 0.247095874 0.000000000 0.099690517 0.175845617 0.262632093 0.255075387 0.254710302 0.506171420 0.437871022 0.548983109 0.460000315 0.480903567 0.418751510 0.412444955 0.408474354 0.411409885 0.408324186 0.399709433 0.401575621 0.430866894 0.522211684 0.517701467 0.527107829 0.519246692 0.473584652 0.480764115 0.477807258 0.478993963 0.473157685 0.463762789 0.435179524 0.493296557 0.798943921 
18     0.420891378 0.417971380 0.426006552 0.421511114 0.482738837 0.484186546 0.485505743 0.489718293 0.500716033 0.499727184 0.499387717 0.498758235 0.510402146 0.379950369 0.417689014 0.324005713 0.411893663 0.276334110 0.233011906 0.099690517 0.000000000 0.159904754 0.247293930 0.239723508 0.239339886 0.489820422 0.421520024 0.532634564 0.444122120 0.465000738 0.401792671 0.395505879 0.391535277 0.394496915 0.391430084 0.382829047 0.384640177 0.413442513 0.505893004 0.501382787 0.510752396 0.502891259 0.457011208 0.464388724 0.461437615 0.462638531 0.456851066 0.447456170 0.418820009 0.477141823 0.783007191 
40     0.425675759 0.422755762 0.430790933 0.426295496 0.487516394 0.488897757 0.490216954 0.494495850 0.505493590 0.504504741 0.504147685 0.503535792 0.515298034 0.384726154 0.422351462 0.329365045 0.417088122 0.280321699 0.236401334 0.175845617 0.159904754 0.000000000 0.252479649 0.245377349 0.245064861 0.493467269 0.425201013 0.534714297 0.447269698 0.468201253 0.405902663 0.399597902 0.395625508 0.398590529 0.395461006 0.386948655 0.388741236 0.417984177 0.510688740 0.506178523 0.515946143 0.508085005 0.462476407 0.469655870 0.466762225 0.467885085 0.460748028 0.451425201 0.422869741 0.481053880 0.786928575 
28     0.367353207 0.364487714 0.372522885 0.368027448 0.429804397 0.430647344 0.431966541 0.436267682 0.447265422 0.446276573 0.445974177 0.445307624 0.457201415 0.326429889 0.364510262 0.271607481 0.358080141 0.231039807 0.238646612 0.262632093 0.247293930 0.252479649 0.000000000 0.061943472 0.062025272 0.436673356 0.368804551 0.479043998 0.391282435 0.412025099 0.349923277 0.343666391 0.339714495 0.342670313 0.339664243 0.330943721 0.332865648 0.362133857 0.453046659 0.448595093 0.458444888 0.450583751 0.405001806 0.412176586 0.409334650 0.410436474 0.403746204 0.394434686 0.365794716 0.423853019 0.729338777 
19     0.358377554 0.355497960 0.363533132 0.359037694 0.420845858 0.421688805 0.423008002 0.427309143 0.438306883 0.437318034 0.437015638 0.436349085 0.448242876 0.317471350 0.355551723 0.263209441 0.350351858 0.222708098 0.230997694 0.255075387 0.239723508 0.245377349 0.061943472 0.000000000 0.049420559 0.428530239 0.360670483 0.470900881 0.381977334 0.402719998 0.340786189 0.334479635 0.330509033 0.333483557 0.330458626 0.321762824 0.323636967 0.352928240 0.444865934 0.440339511 0.449949941 0.442088804 0.396626549 0.403840909 0.400881193 0.401955453 0.395163798 0.384767062 0.357063281 0.415140076 0.720525532 
27     0.360345391 0.357465796 0.365500968 0.361005530 0.422718699 0.423561647 0.424880844 0.429184653 0.440176004 0.439187155 0.438884759 0.438218206 0.450109908 0.319366218 0.357442475 0.264006769 0.350517997 0.223055859 0.230785408 0.254710302 0.239339886 0.245064861 0.062025272 0.049420559 0.000000000 0.429397399 0.361537643 0.471768041 0.383564413 0.404214680 0.342719998 0.336413444 0.332442843 0.335417366 0.332392435 0.323696633 0.325570777 0.354862050 0.446829470 0.442073186 0.451913477 0.444052340 0.398591827 0.405804445 0.402844729 0.403970881 0.397146424 0.387802243 0.359056819 0.416910201 0.722218207 
46     0.453686511 0.450593664 0.459222559 0.454288758 0.516356764 0.517643954 0.518963150 0.521813446 0.533967369 0.532344340 0.532254326 0.531263671 0.543692412 0.412865629 0.451514858 0.439765837 0.528913170 0.474203599 0.481885716 0.506171420 0.489820422 0.493467269 0.436673356 0.428530239 0.429397399 0.000000000 0.353686721 0.466733975 0.460282896 0.481887074 0.415514597 0.409228161 0.405333659 0.408246052 0.405435908 0.396582202 0.398433038 0.427184655 0.539552697 0.535271870 0.545574949 0.537713812 0.491427042 0.497992517 0.496327276 0.496350138 0.489432706 0.480102442 0.451830482 0.509782380 0.815793629 
44     0.383970541 0.380877694 0.389833184 0.384761862 0.446808175 0.448298845 0.449380970 0.453093430 0.464763784 0.463210777 0.462671819 0.461673932 0.474194745 0.343593035 0.382502160 0.374085502 0.462368456 0.405706048 0.413767957 0.437871022 0.421520024 0.425201013 0.368804551 0.360670483 0.361537643 0.353686721 0.000000000 0.398506641 0.391358154 0.413121962 0.347097269 0.340842728 0.336940580 0.339755731 0.336747685 0.327980142 0.329833568 0.358564780 0.470618764 0.466151383 0.476459405 0.468598268 0.422102654 0.428836210 0.427014195 0.427412205 0.420026265 0.410696001 0.382450171 0.440283522 0.746079608 
49     0.495214750 0.492121902 0.501460927 0.496599256 0.559170734 0.560444330 0.561763527 0.565279640 0.576849906 0.575152000 0.575201813 0.574205727 0.586556299 0.455304648 0.494070094 0.483950919 0.572606075 0.516037628 0.524412665 0.548983109 0.532634564 0.534714297 0.479043998 0.470900881 0.471768041 0.466733975 0.398506641 0.000000000 0.503429479 0.524984006 0.458507873 0.451681732 0.448422186 0.451400385 0.448609118 0.439757040 0.441610466 0.470292040 0.580888309 0.575727968 0.586723461 0.578862324 0.532896211 0.539335596 0.537442779 0.536533613 0.530057409 0.520620893 0.492937167 0.551316749 0.854444262 
30     0.406914381 0.403757244 0.412017410 0.407146668 0.470093619 0.471176157 0.472495354 0.475464946 0.487559034 0.486227762 0.485961012 0.484147776 0.497148187 0.366484459 0.405325023 0.395619641 0.482362220 0.428586163 0.436221960 0.460000315 0.444122120 0.447269698 0.391282435 0.381977334 0.383564413 0.460282896 0.391358154 0.503429479 0.000000000 0.226566113 0.340444795 0.334122131 0.330111341 0.333147629 0.330476510 0.321760896 0.323211719 0.352051079 0.492123945 0.486349433 0.497964817 0.490103680 0.443057705 0.450144093 0.448535540 0.448993264 0.441884328 0.432659093 0.404341629 0.461674166 0.768027857 
17     0.427788245 0.424529706 0.432941977 0.427904315 0.491100783 0.492183321 0.493502518 0.496924975 0.508568560 0.507821171 0.506970538 0.505178636 0.518157713 0.388319739 0.427118326 0.417947282 0.504395876 0.450008190 0.456876708 0.480903567 0.465000738 0.468201253 0.412025099 0.402719998 0.404214680 0.481887074 0.413121962 0.524984006 0.226566113 0.000000000 0.361449979 0.355116968 0.351106178 0.354139060 0.351853963 0.343138349 0.344589172 0.373479692 0.514254507 0.508974403 0.520017685 0.512156548 0.465210039 0.472099770 0.470859343 0.471226803 0.464237599 0.454822161 0.426394008 0.484112891 0.789407700 
35     0.363525608 0.360155681 0.368675098 0.363863122 0.426864393 0.427950099 0.429269296 0.432854610 0.444323298 0.442998400 0.442725276 0.441687240 0.453287887 0.323304829 0.362162979 0.354588858 0.442407925 0.386655387 0.394354070 0.418751510 0.401792671 0.405902663 0.349923277 0.340786189 0.342719998 0.415514597 0.347097269 0.458507873 0.340444795 0.361449979 0.000000000 0.132598733 0.128337749 0.132438888 0.145643737 0.136948683 0.137388131 0.167710006 0.448744828 0.444565821 0.455101851 0.447240714 0.401368628 0.408054335 0.406462410 0.406037325 0.398887785 0.389816138 0.360799561 0.419432349 0.723661397 
29     0.357570811 0.354239213 0.362685276 0.357931921 0.420744888 0.421796292 0.423149790 0.426675531 0.438203793 0.436859070 0.436585946 0.435547910 0.447390344 0.317651164 0.356303020 0.348282304 0.436120378 0.380327944 0.388011982 0.412444955 0.395505879 0.399597902 0.343666391 0.334479635 0.336413444 0.409228161 0.340842728 0.451681732 0.334122131 0.355116968 0.132598733 0.000000000 0.070889785 0.095601296 0.139643695 0.130729043 0.132883535 0.161430665 0.442381808 0.438125007 0.448153225 0.440264392 0.394773815 0.401263217 0.399867597 0.399446695 0.392751444 0.383593700 0.354730929 0.413263446 0.719305252 
41     0.353667256 0.350335657 0.358781721 0.354028365 0.416841332 0.417892737 0.419246235 0.422771975 0.434300237 0.432955515 0.432682390 0.431644355 0.443486789 0.313747608 0.352399465 0.344311703 0.432149777 0.376357343 0.384041381 0.408474354 0.391535277 0.395625508 0.339714495 0.330509033 0.332442843 0.405333659 0.336940580 0.448422186 0.330111341 0.351106178 0.128337749 0.070889785 0.000000000 0.092928564 0.135554789 0.125871963 0.128227696 0.157866083 0.438409779 0.434152978 0.444411470 0.436406633 0.390872061 0.397557767 0.395965842 0.395544615 0.388492557 0.379072551 0.350474922 0.409136665 0.715278098 
47     0.356554277 0.353222679 0.361668742 0.356915386 0.419794155 0.420879861 0.422199058 0.425768139 0.437251524 0.435906308 0.435637347 0.434598997 0.446457900 0.316644304 0.355296201 0.347293814 0.435131888 0.379360343 0.387048520 0.411409885 0.394496915 0.398590529 0.342670313 0.333483557 0.335417366 0.408246052 0.339755731 0.451400385 0.333147629 0.354139060 0.132438888 0.095601296 0.092928564 0.000000000 0.138462475 0.129076630 0.131834139 0.160798033 0.441222243 0.436957732 0.447211129 0.439206292 0.393676815 0.400362521 0.398770596 0.398351292 0.391512544 0.382354799 0.353492028 0.411549781 0.718295144 
32     0.353891759 0.350556001 0.358993403 0.354252868 0.417152945 0.418238651 0.419557848 0.423143162 0.434611850 0.433286952 0.433013828 0.431975792 0.443818226 0.313956800 0.352621161 0.344426330 0.432279580 0.376329735 0.383864856 0.408324186 0.391430084 0.395461006 0.339664243 0.330458626 0.332392435 0.405435908 0.336747685 0.448609118 0.330476510 0.351853963 0.145643737 0.139643695 0.135554789 0.138462475 0.000000000 0.100348504 0.107949969 0.142919187 0.438934260 0.434672031 0.445041564 0.437250083 0.391427136 0.398112842 0.396490801 0.396083931 0.389468098 0.380375619 0.351319425 0.409867239 0.715681222 
37     0.345231837 0.341876671 0.350333481 0.345643033 0.408476483 0.409561904 0.410881101 0.414466415 0.425935388 0.424610490 0.424337366 0.423299330 0.435127890 0.305094507 0.343817291 0.335726504 0.423577936 0.367752781 0.375414404 0.399709433 0.382829047 0.386948655 0.330943721 0.321762824 0.323696633 0.396582202 0.327980142 0.439757040 0.321760896 0.343138349 0.136948683 0.130729043 0.125871963 0.129076630 0.100348504 0.000000000 0.100104377 0.135544562 0.430333618 0.426071389 0.436560220 0.428632539 0.382809492 0.389495198 0.387821844 0.387430850 0.380863862 0.371771384 0.342725136 0.401246797 0.705321064 
50     0.346272697 0.342843613 0.351638345 0.346924710 0.409715205 0.410873139 0.412192336 0.415706045 0.427060243 0.425113377 0.424840252 0.423802216 0.436287335 0.306734751 0.345399111 0.337414204 0.425265951 0.369424714 0.377204849 0.401575621 0.384640177 0.388741236 0.332865648 0.323636967 0.325570777 0.398433038 0.329833568 0.441610466 0.323211719 0.344589172 0.137388131 0.132883535 0.128227696 0.131834139 0.107949969 0.100104377 0.000000000 0.135961789 0.431445659 0.427183430 0.437447642 0.429586505 0.383656149 0.390296581 0.388413755 0.388617733 0.382241305 0.373090663 0.344068159 0.402566076 0.708488986 
45     0.376007994 0.372649066 0.381107396 0.376419190 0.439252355 0.440338061 0.441657258 0.445242572 0.456711260 0.455386362 0.455113237 0.454075201 0.465917635 0.336018221 0.374693149 0.366730909 0.455026136 0.398797438 0.406496121 0.430866894 0.413442513 0.417984177 0.362133857 0.352928240 0.354862050 0.427184655 0.358564780 0.470292040 0.352051079 0.373479692 0.167710006 0.161430665 0.157866083 0.160798033 0.142919187 0.135544562 0.135961789 0.000000000 0.460565882 0.456312785 0.467058265 0.459197128 0.413486081 0.420004970 0.418382929 0.418160854 0.411429997 0.402325516 0.373283855 0.431790692 0.737748426 
22     0.438873560 0.435957474 0.444441714 0.439450239 0.502059778 0.502918032 0.504237229 0.507516821 0.520227311 0.517662705 0.517291229 0.516731917 0.528532797 0.399673064 0.437455378 0.460193987 0.546851260 0.489703175 0.498365715 0.522211684 0.505893004 0.510688740 0.453046659 0.444865934 0.446829470 0.539552697 0.470618764 0.580888309 0.492123945 0.514254507 0.448744828 0.442381808 0.438409779 0.441222243 0.438934260 0.430333618 0.431445659 0.460565882 0.000000000 0.212777278 0.366365493 0.358856636 0.311908680 0.318129058 0.316399447 0.316622968 0.376277080 0.367278664 0.341083773 0.398101425 0.797959772 
39     0.434579815 0.431663729 0.440131918 0.434843079 0.497512896 0.498371149 0.499690346 0.503172676 0.515616716 0.512986057 0.512614581 0.512185034 0.524051429 0.394842668 0.432438276 0.455780528 0.542541626 0.485163231 0.493766444 0.517701467 0.501382787 0.506178523 0.448595093 0.440339511 0.442073186 0.535271870 0.466151383 0.575727968 0.486349433 0.508974403 0.444565821 0.438125007 0.434152978 0.436957732 0.434672031 0.426071389 0.427183430 0.456312785 0.212777278 0.000000000 0.364449783 0.356940925 0.308755825 0.315205781 0.313923261 0.313771344 0.373566217 0.364001350 0.337406434 0.394600094 0.794018519 
33     0.445178245 0.442262159 0.450730347 0.445525108 0.508391604 0.509247669 0.510566866 0.514175160 0.526463256 0.523641238 0.523334921 0.522848107 0.535045916 0.405888137 0.443572906 0.465473091 0.551866432 0.495200138 0.503792868 0.527107829 0.510752396 0.515946143 0.458444888 0.449949941 0.451913477 0.545574949 0.476459405 0.586723461 0.497964817 0.520017685 0.455101851 0.448153225 0.444411470 0.447211129 0.445041564 0.436560220 0.437447642 0.467058265 0.366365493 0.364449783 0.000000000 0.083505330 0.272515405 0.277446469 0.275464156 0.275058751 0.379545629 0.371882559 0.345548448 0.402322993 0.805939303 
20     0.437019574 0.434057933 0.442593957 0.437388717 0.500425901 0.501279901 0.502599098 0.506207392 0.518497553 0.515675535 0.515369218 0.514882404 0.527080213 0.397804801 0.435550732 0.457611954 0.544005294 0.487339001 0.495931731 0.519246692 0.502891259 0.508085005 0.450583751 0.442088804 0.444052340 0.537713812 0.468598268 0.578862324 0.490103680 0.512156548 0.447240714 0.440264392 0.436406633 0.439206292 0.437250083 0.428632539 0.429586505 0.459197128 0.358856636 0.356940925 0.083505330 0.000000000 0.265168577 0.270091838 0.268129464 0.267719394 0.371810024 0.364154345 0.337820234 0.394588123 0.798120108 
42     0.391666335 0.388750249 0.397218437 0.392000516 0.454689950 0.455565781 0.456884978 0.460493273 0.472737330 0.469839529 0.469484702 0.469013496 0.481337359 0.352347112 0.390031881 0.412076173 0.498980542 0.441880550 0.450501761 0.473584652 0.457011208 0.462476407 0.405001806 0.396626549 0.398591827 0.491427042 0.422102654 0.532896211 0.443057705 0.465210039 0.401368628 0.394773815 0.390872061 0.393676815 0.391427136 0.382809492 0.383656149 0.413486081 0.311908680 0.308755825 0.272515405 0.265168577 0.000000000 0.144090174 0.175634279 0.203646655 0.330007999 0.320757634 0.294425804 0.350317175 0.754068821 
38     0.398341270 0.395425184 0.403893372 0.398675451 0.461509812 0.462371674 0.463690871 0.467299165 0.479543223 0.476746208 0.476391381 0.475920174 0.488143252 0.359153005 0.396837774 0.418986201 0.505975907 0.449002979 0.457624189 0.480764115 0.464388724 0.469655870 0.412176586 0.403840909 0.405804445 0.497992517 0.428836210 0.539335596 0.450144093 0.472099770 0.408054335 0.401263217 0.397557767 0.400362521 0.398112842 0.389495198 0.390296581 0.420004970 0.318129058 0.315205781 0.277446469 0.270091838 0.144090174 0.000000000 0.179850367 0.209918602 0.335867625 0.326596036 0.300261707 0.356726810 0.760612724 
43     0.395109095 0.392171230 0.400641537 0.395379205 0.459183502 0.460045364 0.461364561 0.464972856 0.477007512 0.474419898 0.474001402 0.473593865 0.485816942 0.356844212 0.394620128 0.415816404 0.503616510 0.446327482 0.454872899 0.477807258 0.461437615 0.466762225 0.409334650 0.400881193 0.402844729 0.496327276 0.427014195 0.537442779 0.448535540 0.470859343 0.406462410 0.399867597 0.395965842 0.398770596 0.396490801 0.387821844 0.388413755 0.418382929 0.316399447 0.313923261 0.275464156 0.268129464 0.175634279 0.179850367 0.000000000 0.208731380 0.334496689 0.325227140 0.298895311 0.354820362 0.757837183 
31     0.396204891 0.393288805 0.401756993 0.396432594 0.459444781 0.460308013 0.461627209 0.465049622 0.477497369 0.475028173 0.474701630 0.474196739 0.486035721 0.357089432 0.394774201 0.417379737 0.504201690 0.447264356 0.455854361 0.478993963 0.462638531 0.467885085 0.410436474 0.401955453 0.403970881 0.496350138 0.427412205 0.536533613 0.448993264 0.471226803 0.406037325 0.399446695 0.395544615 0.398351292 0.396083931 0.387430850 0.388617733 0.418160854 0.316622968 0.313771344 0.275058751 0.267719394 0.203646655 0.209918602 0.208731380 0.000000000 0.333010673 0.323667425 0.297409294 0.353167425 0.758582169 
16     0.388746361 0.385830275 0.394443951 0.389242211 0.452029016 0.452876579 0.454195776 0.458118981 0.470211906 0.467835146 0.467344127 0.466882518 0.478883836 0.349426296 0.386653372 0.409299173 0.497745138 0.439853557 0.449008649 0.473157685 0.456851066 0.460748028 0.403746204 0.395163798 0.397146424 0.489432706 0.420026265 0.530057409 0.441884328 0.464237599 0.398887785 0.392751444 0.388492557 0.391512544 0.389468098 0.380863862 0.382241305 0.411429997 0.376277080 0.373566217 0.379545629 0.371810024 0.330007999 0.335867625 0.334496689 0.333010673 0.000000000 0.141601056 0.145660518 0.335728936 0.749966999 
34     0.379367623 0.376451537 0.385091137 0.379893751 0.442135339 0.442982902 0.444302099 0.448268449 0.460341124 0.457964364 0.457440626 0.457011736 0.469013055 0.340153711 0.377771763 0.400026841 0.488480340 0.430785899 0.439677995 0.463762789 0.447456170 0.451425201 0.394434686 0.384767062 0.387802243 0.480102442 0.410696001 0.520620893 0.432659093 0.454822161 0.389816138 0.383593700 0.379072551 0.382354799 0.380375619 0.371771384 0.373090663 0.402325516 0.367278664 0.364001350 0.371882559 0.364154345 0.320757634 0.326596036 0.325227140 0.323667425 0.141601056 0.000000000 0.135522452 0.326213957 0.740672628 
24     0.352942021 0.350025935 0.358532363 0.353210118 0.415908620 0.416756183 0.418075380 0.421998585 0.434106695 0.431729935 0.431272721 0.430777307 0.442778625 0.313316174 0.350892545 0.371437917 0.459905981 0.401897537 0.411030488 0.435179524 0.418820009 0.422869741 0.365794716 0.357063281 0.359056819 0.451830482 0.382450171 0.492937167 0.404341629 0.426394008 0.360799561 0.354730929 0.350474922 0.353492028 0.351319425 0.342725136 0.344068159 0.373283855 0.341083773 0.337406434 0.345548448 0.337820234 0.294425804 0.300261707 0.298895311 0.297409294 0.145660518 0.135522452 0.000000000 0.298741034 0.713228372 
25     0.408833447 0.405917361 0.414385550 0.409414255 0.471056305 0.471903868 0.473223065 0.477142259 0.489326962 0.486937365 0.486557342 0.485984738 0.497992173 0.369301447 0.406582922 0.430687924 0.517810753 0.459891049 0.468978701 0.493296557 0.477141823 0.481053880 0.423853019 0.415140076 0.416910201 0.509782380 0.440283522 0.551316749 0.461674166 0.484112891 0.419432349 0.413263446 0.409136665 0.411549781 0.409867239 0.401246797 0.402566076 0.431790692 0.398101425 0.394600094 0.402322993 0.394588123 0.350317175 0.356726810 0.354820362 0.353167425 0.335728936 0.326213957 0.298741034 0.000000000 0.771571244 
0     0.716005343 0.713043771 0.721876916 0.716664096 0.775379749 0.776250290 0.777569486 0.781490894 0.792917028 0.791355290 0.791026438 0.790358868 0.802495387 0.673985614 0.713588648 0.735113671 0.823161914 0.766366741 0.774507161 0.798943921 0.783007191 0.786928575 0.729338777 0.720525532 0.722218207 0.815793629 0.746079608 0.854444262 0.768027857 0.789407700 0.723661397 0.719305252 0.715278098 0.718295144 0.715681222 0.705321064 0.708488986 0.737748426 0.797959772 0.794018519 0.805939303 0.798120108 0.754068821 0.760612724 0.757837183 0.758582169 0.749966999 0.740672628 0.713228372 0.771571244 0.000000000 
