51
1     0.000000000 0.007705350 0.007188740 0.013696410 0.037101510 0.056294380 0.020745390 0.021330430 0.045621010 0.055982550 0.053688100 0.020561890 0.022435510 0.019782160 0.021526790 0.022702010 0.032375140 0.027916720 0.013596240 0.029432110 0.006502200 0.048065530 0.050524800 0.049303670 0.055165230 0.037194290 0.050343670 0.050670070 0.058182230 0.058424560 0.028118700 0.051736360 0.063749980 0.053543430 0.053494620 0.055434430 0.058667260 0.057176610 0.056559160 0.061394990 0.052575770 0.050199490 0.045868670 0.057931380 0.054149430 0.040313600 0.048140360 0.037148840 0.047267710 0.035341190 0.087073760 
3     0.007705350 0.000000000 0.002392040 0.045501060 0.059997890 0.059319720 0.055885860 0.055915440 0.058797920 0.059007890 0.056713440 0.055012580 0.055082730 0.055201650 0.054806050 0.052951690 0.059569020 0.059283990 0.050135950 0.051331560 0.051079990 0.051090870 0.053550140 0.052329010 0.061906380 0.053905900 0.053369010 0.053695410 0.061207570 0.061449900 0.063176790 0.054985870 0.066925260 0.056568770 0.061455500 0.062788070 0.063091750 0.063529880 0.061845090 0.063995370 0.055601110 0.053224830 0.060399850 0.060956720 0.057174770 0.057192960 0.052012540 0.051617240 0.052366610 0.054889520 0.090099100 
18     0.007188740 0.002392040 0.000000000 0.020299870 0.043704970 0.058548050 0.027348850 0.027933890 0.052224470 0.058236220 0.055941770 0.027165350 0.029038970 0.026385620 0.028130250 0.029305470 0.038978600 0.034520180 0.020199700 0.036035570 0.013105660 0.050319200 0.052778470 0.051557340 0.061134710 0.043797750 0.052597340 0.052923740 0.060435900 0.060678230 0.034722160 0.054214200 0.069106910 0.055797100 0.060683830 0.062016400 0.062320080 0.062758210 0.061073420 0.063648660 0.054829440 0.052453160 0.052472130 0.060185050 0.056403100 0.046917060 0.051240870 0.043752300 0.051594940 0.041944650 0.089327430 
7     0.013696410 0.045501060 0.020299870 0.000000000 0.003093930 0.009726000 0.000073030 0.006019390 0.000592090 0.019437300 0.009203550 0.032011620 0.033652970 0.031231890 0.030725140 0.030217890 0.024971060 0.029346300 0.025045970 0.016557060 0.016195380 0.031937970 0.034397240 0.033176110 0.042753480 0.034753000 0.034216110 0.034542510 0.042054670 0.042297000 0.039711850 0.031903650 0.037903650 0.037415870 0.030660640 0.030929120 0.035185830 0.037823940 0.030381430 0.026054770 0.033960360 0.034071930 0.028937370 0.041803820 0.030901140 0.022206960 0.026712670 0.023017990 0.024915030 0.035736620 0.059445210 
11     0.037101510 0.059997890 0.043704970 0.003093930 0.000000000 0.000351220 0.003142560 0.009088920 0.003661620 0.046139980 0.016484090 0.049622010 0.049692160 0.049811080 0.049415480 0.047561120 0.054639060 0.054899670 0.044745380 0.045402570 0.041357030 0.046434800 0.048894070 0.047672940 0.057250310 0.049249830 0.048712940 0.049039340 0.056551500 0.056793830 0.058520720 0.050329800 0.069760280 0.051912700 0.056496530 0.058132000 0.058435680 0.058873810 0.057189020 0.059764260 0.050945040 0.048568760 0.055743780 0.056300650 0.052518700 0.052536890 0.047356470 0.046961170 0.047710540 0.050233450 0.085443030 
5     0.056294380 0.059319720 0.058548050 0.009726000 0.000351220 0.000000000 0.016920250 0.020376880 0.017439310 0.030477520 0.030261780 0.048943840 0.049013990 0.049132910 0.048737310 0.046882950 0.053960890 0.054221500 0.044067210 0.045262820 0.045011250 0.045756630 0.048215900 0.046994770 0.056572140 0.048571660 0.048034770 0.048361170 0.055873330 0.056115660 0.057842550 0.049651630 0.069082110 0.051234530 0.056121260 0.057453830 0.057757510 0.058195640 0.056510850 0.059086090 0.050266870 0.047890590 0.055065610 0.055622480 0.051840530 0.051858720 0.046678300 0.046283000 0.047032370 0.049555280 0.084764860 
4     0.020745390 0.055885860 0.027348850 0.000073030 0.003142560 0.016920250 0.000000000 0.000000140 0.000623120 0.042027950 0.013445590 0.039060600 0.040934220 0.038280870 0.039528180 0.039020930 0.033774100 0.038149340 0.032094950 0.025360100 0.024998420 0.042322770 0.044782040 0.043560910 0.053138280 0.045137800 0.044600910 0.044927310 0.052439470 0.052681800 0.046760830 0.040706690 0.046706690 0.047800670 0.039463680 0.039732160 0.043988870 0.045945600 0.039184470 0.034857810 0.042763400 0.043779660 0.037740410 0.050806010 0.039704180 0.031010000 0.035515710 0.031821030 0.033718070 0.046121420 0.068248250 
6     0.021330430 0.055915440 0.027933890 0.006019390 0.009088920 0.020376880 0.000000140 0.000000000 0.006569480 0.042057530 0.019391950 0.039645640 0.041519260 0.038865910 0.040610540 0.041785760 0.039834460 0.044209700 0.032679990 0.030987410 0.025585950 0.042352350 0.044811620 0.043590490 0.053167860 0.045167380 0.044630490 0.044956890 0.052469050 0.052711380 0.047345870 0.043392480 0.052767050 0.047830250 0.042081370 0.044021180 0.047254010 0.045763360 0.045145910 0.040918170 0.046862590 0.044486310 0.043800770 0.052218200 0.045764540 0.037070360 0.041576070 0.037881390 0.039778430 0.046151000 0.074308610 
10     0.045621010 0.058797920 0.052224470 0.000592090 0.003661620 0.017439310 0.000623120 0.006569480 0.000000000 0.007437180 0.012825850 0.048422040 0.048492190 0.048611110 0.047502540 0.046361150 0.041748460 0.046123700 0.043545410 0.033334460 0.032972780 0.045234830 0.047248150 0.046472970 0.056050340 0.048049860 0.047512970 0.047839370 0.055351530 0.055593860 0.057320750 0.048681050 0.054681050 0.050712730 0.047438040 0.047706520 0.051963230 0.054601340 0.047158830 0.042832170 0.049745070 0.047368790 0.045714770 0.055100680 0.047678540 0.038984360 0.043490070 0.039795390 0.041692430 0.049033480 0.076222610 
13     0.055982550 0.059007890 0.058236220 0.019437300 0.046139980 0.030477520 0.042027950 0.042057530 0.007437180 0.000000000 0.010172640 0.048632010 0.048702160 0.048821080 0.048425480 0.046571120 0.053649060 0.053909670 0.043755380 0.044950990 0.044699420 0.045444800 0.040350130 0.043961280 0.030788580 0.048259830 0.047722940 0.048049340 0.055561500 0.055803830 0.057530720 0.049339800 0.065618920 0.050922700 0.055809430 0.057142000 0.057445680 0.057883810 0.056199020 0.058774260 0.049955040 0.047578760 0.037548280 0.055310650 0.043243300 0.051546890 0.046366470 0.045971170 0.046720540 0.049243450 0.084453030 
21     0.053688100 0.056713440 0.055941770 0.009203550 0.016484090 0.030261780 0.013445590 0.019391950 0.012825850 0.010172640 0.000000000 0.031873410 0.031064740 0.032068270 0.028136910 0.027629660 0.022382830 0.026758070 0.027044250 0.013968830 0.013607150 0.037842660 0.038531330 0.042142480 0.045867780 0.043010090 0.038518320 0.040969450 0.052571810 0.042457860 0.040654870 0.029315420 0.035315420 0.042999150 0.028072410 0.028340890 0.032597600 0.035235710 0.027793200 0.023466540 0.031372130 0.032388390 0.026349140 0.039414740 0.028312910 0.019618730 0.024124440 0.020429760 0.022326800 0.035678060 0.056856980 
20     0.020561890 0.055012580 0.027165350 0.032011620 0.049622010 0.048943840 0.039060600 0.039645640 0.048422040 0.048632010 0.031873410 0.000000000 0.000337020 0.000801510 0.003063870 0.002935950 0.003306300 0.002786130 0.026127890 0.029181790 0.019033850 0.041449490 0.043908760 0.042687630 0.052265000 0.044264520 0.043727630 0.044054030 0.051566190 0.051808520 0.046577330 0.045344490 0.057048930 0.046927390 0.049805920 0.050074400 0.053450370 0.053888500 0.049526710 0.045200050 0.045959730 0.043583450 0.048082650 0.051315340 0.047533390 0.041352240 0.042371160 0.041975860 0.042725230 0.045248140 0.078590490 
14     0.022435510 0.055082730 0.029038970 0.033652970 0.049692160 0.049013990 0.040934220 0.041519260 0.048492190 0.048702160 0.031064740 0.000337020 0.000000000 0.002675130 0.000893330 0.001545850 0.009123410 0.008603240 0.028001510 0.028919580 0.020907470 0.041519640 0.043978910 0.042757780 0.052335150 0.044334670 0.043797780 0.044124180 0.051636340 0.051878670 0.048450950 0.045414640 0.056240260 0.046997540 0.048997250 0.049265730 0.053520520 0.053958650 0.048718040 0.044391380 0.046029880 0.043653600 0.047273980 0.051385490 0.047603540 0.040543570 0.042441310 0.041354600 0.042795380 0.045318290 0.077781820 
8     0.019782160 0.055201650 0.026385620 0.031231890 0.049811080 0.049132910 0.038280870 0.038865910 0.048611110 0.048821080 0.032068270 0.000801510 0.002675130 0.000000000 0.002368810 0.003544030 0.007945820 0.007780640 0.025348160 0.026994050 0.018254120 0.041638560 0.044097830 0.042876700 0.052454070 0.044453590 0.043916700 0.044243100 0.051755260 0.051997590 0.045797600 0.045533560 0.057243790 0.047116460 0.050000780 0.050269260 0.053639440 0.054077570 0.049721570 0.040648430 0.046148800 0.043772520 0.048277510 0.051504410 0.047722460 0.041547100 0.042560230 0.042164930 0.042914300 0.045437210 0.078785350 
16     0.021526790 0.054806050 0.028130250 0.030725140 0.049415480 0.048737310 0.039528180 0.040610540 0.047502540 0.048425480 0.028136910 0.003063870 0.000893330 0.002368810 0.000000000 0.000037370 0.007582640 0.011957880 0.027092790 0.027968500 0.019998750 0.041242960 0.043702230 0.042481100 0.052058470 0.044057990 0.043521100 0.043847500 0.051359660 0.051601990 0.047542230 0.045137960 0.053312430 0.046720860 0.046069420 0.046337900 0.050594610 0.053232720 0.045790210 0.041463550 0.045753200 0.043376920 0.044346150 0.051108810 0.046309920 0.037615740 0.042121450 0.038426770 0.040323810 0.045041610 0.074853990 
17     0.022702010 0.052951690 0.029305470 0.030217890 0.047561120 0.046882950 0.039020930 0.041785760 0.046361150 0.046571120 0.027629660 0.002935950 0.001545850 0.003544030 0.000037370 0.000000000 0.003806930 0.003286760 0.028268010 0.023854850 0.021173970 0.039388600 0.041847870 0.040626740 0.050204110 0.042203630 0.041666740 0.041993140 0.049505300 0.049747630 0.048717450 0.043283600 0.052805180 0.044866500 0.045562170 0.045830650 0.050087360 0.051827610 0.045282960 0.040956300 0.043898840 0.041522560 0.043838900 0.049254450 0.045472500 0.037108490 0.040310270 0.037919520 0.039816560 0.043187250 0.074346740 
15     0.032375140 0.059569020 0.038978600 0.024971060 0.054639060 0.053960890 0.033774100 0.039834460 0.041748460 0.053649060 0.022382830 0.003306300 0.009123410 0.007945820 0.007582640 0.003806930 0.000000000 0.000165180 0.035289840 0.013322980 0.020842710 0.046466540 0.048925810 0.047704680 0.054312360 0.049281570 0.048744680 0.049071080 0.056583240 0.054700790 0.052897800 0.041558350 0.047558350 0.051944440 0.040315340 0.040583820 0.044840530 0.047478640 0.040036130 0.026977360 0.043615060 0.044631320 0.038592070 0.051657670 0.040555840 0.031861660 0.036367370 0.032672690 0.034569730 0.047920990 0.069099910 
19     0.027916720 0.059283990 0.034520180 0.029346300 0.054899670 0.054221500 0.038149340 0.044209700 0.046123700 0.053909670 0.026758070 0.002786130 0.008603240 0.007780640 0.011957880 0.003286760 0.000165180 0.000000000 0.033482720 0.026589660 0.019969350 0.046727150 0.049186420 0.047965290 0.057542660 0.049542180 0.049005290 0.049331690 0.056843850 0.057086180 0.053932160 0.045933590 0.051933590 0.052205050 0.044690580 0.044959060 0.049215770 0.051853880 0.044411370 0.040084710 0.047990300 0.048861110 0.042967310 0.056032910 0.044931080 0.036236900 0.040742610 0.037047930 0.038944970 0.050525800 0.073475150 
12     0.013596240 0.050135950 0.020199700 0.025045970 0.044745380 0.044067210 0.032094950 0.032679990 0.043545410 0.043755380 0.027044250 0.026127890 0.028001510 0.025348160 0.027092790 0.028268010 0.035289840 0.033482720 0.000000000 0.011435550 0.005959630 0.036572860 0.039032130 0.037811000 0.047388370 0.039387890 0.038851000 0.039177400 0.046689560 0.046931890 0.039611680 0.040467860 0.052219770 0.042050760 0.044976760 0.045245240 0.048573740 0.049011870 0.044697550 0.040370890 0.041083100 0.038706820 0.043253490 0.046438710 0.042656760 0.036523080 0.037494530 0.037099230 0.037848600 0.040371510 0.073761330 
9     0.029432110 0.051331560 0.036035570 0.016557060 0.045402570 0.045262820 0.025360100 0.030987410 0.033334460 0.044950990 0.013968830 0.029181790 0.028919580 0.026994050 0.027968500 0.023854850 0.013322980 0.026589660 0.011435550 0.000000000 0.000564200 0.037768470 0.040227740 0.039006610 0.048583980 0.040583500 0.040046610 0.040373010 0.047885170 0.046286790 0.044483800 0.033144350 0.039144350 0.043246370 0.031901340 0.032169820 0.036426530 0.039064640 0.031622130 0.024673220 0.035201060 0.036217320 0.030178070 0.043243670 0.032141840 0.023447660 0.027953370 0.024258690 0.026155730 0.039506990 0.060685910 
2     0.006502200 0.051079990 0.013105660 0.016195380 0.041357030 0.045011250 0.024998420 0.025585950 0.032972780 0.044699420 0.013607150 0.019033850 0.020907470 0.018254120 0.019998750 0.021173970 0.020842710 0.019969350 0.005959630 0.000564200 0.000000000 0.037516900 0.039976170 0.038755040 0.048332410 0.040331930 0.039795040 0.040121440 0.047633600 0.045925110 0.032517640 0.032782670 0.038782670 0.042994800 0.031539660 0.031808140 0.036064850 0.038702960 0.031260450 0.026933790 0.034839380 0.035855640 0.029816390 0.042881990 0.031780160 0.023085980 0.027591690 0.023897010 0.025794050 0.039145310 0.060324230 
26     0.048065530 0.051090870 0.050319200 0.031937970 0.046434800 0.045756630 0.042322770 0.042352350 0.045234830 0.045444800 0.037842660 0.041449490 0.041519640 0.041638560 0.041242960 0.039388600 0.046466540 0.046727150 0.036572860 0.037768470 0.037516900 0.000000000 0.016008530 0.014787400 0.038944270 0.035498210 0.033870560 0.035287720 0.042799880 0.043042210 0.032524360 0.036003960 0.040019990 0.036444500 0.041020570 0.042837440 0.044504410 0.044768730 0.041451070 0.043376280 0.034557060 0.032180780 0.039355800 0.039912670 0.036130720 0.036148910 0.030968490 0.030573190 0.031322560 0.033845470 0.075179930 
36     0.050524800 0.053550140 0.052778470 0.034397240 0.048894070 0.048215900 0.044782040 0.044811620 0.047248150 0.040350130 0.038531330 0.043908760 0.043978910 0.044097830 0.043702230 0.041847870 0.048925810 0.049186420 0.039032130 0.040227740 0.039976170 0.016008530 0.000000000 0.000578780 0.045957960 0.037957480 0.037420590 0.037746990 0.045259150 0.045501480 0.043550640 0.039037450 0.058467930 0.040620350 0.045507080 0.046839650 0.047143330 0.047581460 0.045896670 0.045835550 0.037016330 0.034640050 0.041815070 0.042371940 0.038589990 0.038608180 0.033427760 0.033032460 0.033781830 0.036304740 0.077639200 
23     0.049303670 0.052329010 0.051557340 0.033176110 0.047672940 0.046994770 0.043560910 0.043590490 0.046472970 0.043961280 0.042142480 0.042687630 0.042757780 0.042876700 0.042481100 0.040626740 0.047704680 0.047965290 0.037811000 0.039006610 0.038755040 0.014787400 0.000578780 0.000000000 0.044736830 0.036736350 0.036199460 0.036525860 0.044038020 0.044280350 0.043320550 0.037816320 0.057246800 0.039399220 0.044285950 0.045618520 0.045922200 0.046360330 0.044675540 0.044614420 0.035795200 0.033418920 0.040593940 0.041150810 0.037368860 0.037387050 0.032206630 0.031811330 0.032560700 0.035083610 0.076418070 
31     0.055165230 0.061906380 0.061134710 0.042753480 0.057250310 0.056572140 0.053138280 0.053167860 0.056050340 0.030788580 0.045867780 0.052265000 0.052335150 0.052454070 0.052058470 0.050204110 0.054312360 0.057542660 0.047388370 0.048583980 0.048332410 0.038944270 0.045957960 0.044736830 0.000000000 0.018245430 0.025099250 0.025425650 0.032937810 0.033180140 0.034615830 0.011501890 0.013735180 0.013966620 0.010604850 0.008957390 0.034821990 0.023956680 0.013435540 0.056828150 0.048008930 0.045632650 0.051625180 0.053364540 0.049582590 0.037612650 0.036570270 0.038660820 0.025898390 0.031413690 0.085995440 
27     0.037194290 0.053905900 0.043797750 0.034753000 0.049249830 0.048571660 0.045137800 0.045167380 0.048049860 0.048259830 0.043010090 0.044264520 0.044334670 0.044453590 0.044057990 0.042203630 0.049281570 0.049542180 0.039387890 0.040583500 0.040331930 0.035498210 0.037957480 0.036736350 0.018245430 0.000000000 0.004908830 0.002865360 0.021360530 0.018241700 0.011874090 0.015911770 0.018935230 0.017494670 0.022381400 0.023713970 0.024017650 0.024455780 0.022770990 0.047306190 0.040008450 0.037632170 0.044807190 0.045364060 0.041582110 0.041600300 0.036419880 0.036024580 0.031484360 0.036999660 0.077994960 
43     0.050343670 0.053369010 0.052597340 0.034216110 0.048712940 0.048034770 0.044600910 0.044630490 0.047512970 0.047722940 0.038518320 0.043727630 0.043797780 0.043916700 0.043521100 0.041666740 0.048744680 0.049005290 0.038851000 0.040046610 0.039795040 0.033870560 0.037420590 0.036199460 0.025099250 0.004908830 0.000000000 0.003423770 0.007588410 0.004008860 0.019871930 0.003853290 0.028393740 0.010144080 0.021844510 0.017613710 0.023480760 0.023918890 0.022234100 0.042814420 0.039471560 0.037095280 0.044270300 0.044827170 0.041045220 0.038966610 0.035882990 0.035487690 0.036237060 0.038759970 0.077458070 
22     0.050670070 0.053695410 0.052923740 0.034542510 0.049039340 0.048361170 0.044927310 0.044956890 0.047839370 0.048049340 0.040969450 0.044054030 0.044124180 0.044243100 0.043847500 0.041993140 0.049071080 0.049331690 0.039177400 0.040373010 0.040121440 0.035287720 0.037746990 0.036525860 0.025425650 0.002865360 0.003423770 0.000000000 0.021150040 0.016319680 0.022323060 0.015701280 0.030649560 0.017284180 0.022170910 0.023503480 0.023807160 0.024245290 0.022560500 0.045265550 0.039797960 0.037421680 0.044596700 0.045153570 0.041371620 0.041389810 0.036209390 0.035814090 0.036563460 0.039086370 0.077784470 
28     0.058182230 0.061207570 0.060435900 0.042054670 0.056551500 0.055873330 0.052439470 0.052469050 0.055351530 0.055561500 0.052571810 0.051566190 0.051636340 0.051755260 0.051359660 0.049505300 0.056583240 0.056843850 0.046689560 0.047885170 0.047633600 0.042799880 0.045259150 0.044038020 0.032937810 0.021360530 0.007588410 0.021150040 0.000000000 0.001017150 0.019022050 0.011434680 0.042643920 0.017725470 0.029683070 0.031015640 0.031319320 0.031757450 0.030072660 0.056129340 0.047310120 0.044933840 0.052108860 0.052665730 0.048883780 0.048901970 0.043721550 0.043326250 0.044075620 0.046598530 0.085296630 
46     0.058424560 0.061449900 0.060678230 0.042297000 0.056793830 0.056115660 0.052681800 0.052711380 0.055593860 0.055803830 0.042457860 0.051808520 0.051878670 0.051997590 0.051601990 0.049747630 0.054700790 0.057086180 0.046931890 0.046286790 0.045925110 0.043042210 0.045501480 0.044280350 0.033180140 0.018241700 0.004008860 0.016319680 0.001017150 0.000000000 0.000196590 0.007855130 0.038119280 0.011308690 0.029655470 0.029923950 0.031561650 0.031999780 0.029376260 0.046753960 0.047552450 0.045176170 0.049636560 0.052908060 0.049126110 0.042906150 0.043963880 0.043568580 0.044317950 0.046840860 0.083628400 
29     0.028118700 0.063176790 0.034722160 0.039711850 0.058520720 0.057842550 0.046760830 0.047345870 0.057320750 0.057530720 0.040654870 0.046577330 0.048450950 0.045797600 0.047542230 0.048717450 0.052897800 0.053932160 0.039611680 0.044483800 0.032517640 0.032524360 0.043550640 0.043320550 0.034615830 0.011874090 0.019871930 0.022323060 0.019022050 0.000196590 0.000000000 0.021985490 0.036316290 0.011112260 0.025402510 0.020731510 0.020445050 0.023666230 0.027462780 0.044950970 0.049279340 0.046903060 0.047833570 0.054634950 0.049797340 0.041103160 0.045608870 0.041914190 0.043811230 0.048567750 0.081825410 
34     0.051736360 0.054985870 0.054214200 0.031903650 0.050329800 0.049651630 0.040706690 0.043392480 0.048681050 0.049339800 0.029315420 0.045344490 0.045414640 0.045533560 0.045137960 0.043283600 0.041558350 0.045933590 0.040467860 0.033144350 0.032782670 0.036003960 0.039037450 0.037816320 0.011501890 0.015911770 0.003853290 0.015701280 0.011434680 0.007855130 0.021985490 0.000000000 0.003549020 0.007794550 0.010069010 0.012008820 0.015241650 0.013751000 0.013133550 0.033611520 0.041088420 0.038712140 0.036494120 0.046444030 0.038457890 0.029763710 0.034269420 0.030574740 0.029413870 0.034929170 0.070485960 
37     0.063749980 0.066925260 0.069106910 0.037903650 0.069760280 0.069082110 0.046706690 0.052767050 0.054681050 0.065618920 0.035315420 0.057048930 0.056240260 0.057243790 0.053312430 0.052805180 0.047558350 0.051933590 0.052219770 0.039144350 0.038782670 0.040019990 0.058467930 0.057246800 0.013735180 0.018935230 0.028393740 0.030649560 0.042643920 0.038119280 0.036316290 0.003549020 0.000000000 0.000873530 0.023733830 0.024002310 0.028259020 0.030897130 0.023454620 0.039611520 0.047517110 0.048533370 0.042494120 0.055559720 0.044457890 0.035763710 0.037645990 0.036574740 0.026974110 0.032489410 0.076485960 
42     0.053543430 0.056568770 0.055797100 0.037415870 0.051912700 0.051234530 0.047800670 0.047830250 0.050712730 0.050922700 0.042999150 0.046927390 0.046997540 0.047116460 0.046720860 0.044866500 0.051944440 0.052205050 0.042050760 0.043246370 0.042994800 0.036444500 0.040620350 0.039399220 0.013966620 0.017494670 0.010144080 0.017284180 0.017725470 0.011308690 0.011112260 0.007794550 0.000873530 0.000000000 0.016075120 0.010637810 0.016543520 0.015816450 0.014480860 0.047295250 0.042671320 0.040295040 0.047470060 0.048026930 0.044244980 0.043447440 0.037877430 0.038687450 0.027205550 0.032720850 0.080657830 
49     0.053494620 0.061455500 0.060683830 0.030660640 0.056496530 0.056121260 0.039463680 0.042081370 0.047438040 0.055809430 0.028072410 0.049805920 0.048997250 0.050000780 0.046069420 0.045562170 0.040315340 0.044690580 0.044976760 0.031901340 0.031539660 0.041020570 0.045507080 0.044285950 0.010604850 0.022381400 0.021844510 0.022170910 0.029683070 0.029655470 0.025402510 0.010069010 0.023733830 0.016075120 0.000000000 0.000514840 0.004032890 0.000779300 0.000039940 0.032368510 0.040274100 0.041290360 0.035251110 0.048316710 0.037214880 0.028520700 0.033026410 0.029331730 0.031228770 0.044580030 0.069242950 
40     0.055434430 0.062788070 0.062016400 0.030929120 0.058132000 0.057453830 0.039732160 0.044021180 0.047706520 0.057142000 0.028340890 0.050074400 0.049265730 0.050269260 0.046337900 0.045830650 0.040583820 0.044959060 0.045245240 0.032169820 0.031808140 0.042837440 0.046839650 0.045618520 0.008957390 0.023713970 0.017613710 0.023503480 0.031015640 0.029923950 0.020731510 0.012008820 0.024002310 0.010637810 0.000514840 0.000000000 0.000235010 0.000379900 0.001780430 0.032636990 0.040542580 0.041558840 0.035519590 0.048585190 0.037483360 0.028789180 0.033294890 0.029600210 0.031497250 0.044848510 0.069511430 
44     0.058667260 0.063091750 0.062320080 0.035185830 0.058435680 0.057757510 0.043988870 0.047254010 0.051963230 0.057445680 0.032597600 0.053450370 0.053520520 0.053639440 0.050594610 0.050087360 0.044840530 0.049215770 0.048573740 0.036426530 0.036064850 0.044504410 0.047143330 0.045922200 0.034821990 0.024017650 0.023480760 0.023807160 0.031319320 0.031561650 0.020445050 0.015241650 0.028259020 0.016543520 0.004032890 0.000235010 0.000000000 0.000205090 0.001609960 0.036893700 0.044799290 0.045815550 0.039776300 0.052841900 0.041740070 0.033045890 0.037551600 0.033856920 0.035753960 0.048482710 0.073768140 
48     0.057176610 0.063529880 0.062758210 0.037823940 0.058873810 0.058195640 0.045945600 0.045763360 0.054601340 0.057883810 0.035235710 0.053888500 0.053958650 0.054077570 0.053232720 0.051827610 0.047478640 0.051853880 0.049011870 0.039064640 0.038702960 0.044768730 0.047581460 0.046360330 0.023956680 0.024455780 0.023918890 0.024245290 0.031757450 0.031999780 0.023666230 0.013751000 0.030897130 0.015816450 0.000779300 0.000379900 0.000205090 0.000000000 0.001656530 0.039531810 0.047437400 0.047256150 0.042414410 0.054988040 0.044378180 0.035684000 0.040189710 0.036495030 0.038392070 0.048920840 0.076406250 
30     0.056559160 0.061845090 0.061073420 0.030381430 0.057189020 0.056510850 0.039184470 0.045145910 0.047158830 0.056199020 0.027793200 0.049526710 0.048718040 0.049721570 0.045790210 0.045282960 0.040036130 0.044411370 0.044697550 0.031622130 0.031260450 0.041451070 0.045896670 0.044675540 0.013435540 0.022770990 0.022234100 0.022560500 0.030072660 0.029376260 0.027462780 0.013133550 0.023454620 0.014480860 0.000039940 0.001780430 0.001609960 0.001656530 0.000000000 0.032089300 0.039994890 0.041011150 0.034971900 0.048037500 0.036935670 0.028241490 0.032747200 0.029052520 0.030949560 0.044300820 0.068963740 
45     0.061394990 0.063995370 0.063648660 0.026054770 0.059764260 0.059086090 0.034857810 0.040918170 0.042832170 0.058774260 0.023466540 0.045200050 0.044391380 0.040648430 0.041463550 0.040956300 0.026977360 0.040084710 0.040370890 0.024673220 0.026933790 0.043376280 0.045835550 0.044614420 0.056828150 0.047306190 0.042814420 0.045265550 0.056129340 0.046753960 0.044950970 0.033611520 0.039611520 0.047295250 0.032368510 0.032636990 0.036893700 0.039531810 0.032089300 0.000000000 0.011359670 0.012375930 0.019346860 0.031841560 0.020418130 0.012204180 0.021628700 0.017934020 0.019831060 0.026339500 0.064637080 
39     0.052575770 0.055601110 0.054829440 0.033960360 0.050945040 0.050266870 0.042763400 0.046862590 0.049745070 0.049955040 0.031372130 0.045959730 0.046029880 0.046148800 0.045753200 0.043898840 0.043615060 0.047990300 0.041083100 0.035201060 0.034839380 0.034557060 0.037016330 0.035795200 0.048008930 0.040008450 0.039471560 0.039797960 0.047310120 0.047552450 0.049279340 0.041088420 0.047517110 0.042671320 0.040274100 0.040542580 0.044799290 0.047437400 0.039994890 0.011359670 0.000000000 0.001482810 0.022888660 0.023445530 0.019663580 0.017148220 0.021605310 0.021210010 0.021959380 0.024482290 0.072542670 
35     0.050199490 0.053224830 0.052453160 0.034071930 0.048568760 0.047890590 0.043779660 0.044486310 0.047368790 0.047578760 0.032388390 0.043583450 0.043653600 0.043772520 0.043376920 0.041522560 0.044631320 0.048861110 0.038706820 0.036217320 0.035855640 0.032180780 0.034640050 0.033418920 0.045632650 0.037632170 0.037095280 0.037421680 0.044933840 0.045176170 0.046903060 0.038712140 0.048533370 0.040295040 0.041290360 0.041558840 0.045815550 0.047256150 0.041011150 0.012375930 0.001482810 0.000000000 0.020512380 0.021069250 0.017287300 0.017305490 0.019229030 0.018833730 0.019583100 0.022106010 0.062148580 
24     0.045868670 0.060399850 0.052472130 0.028937370 0.055743780 0.055065610 0.037740410 0.043800770 0.045714770 0.037548280 0.026349140 0.048082650 0.047273980 0.048277510 0.044346150 0.043838900 0.038592070 0.042967310 0.043253490 0.030178070 0.029816390 0.039355800 0.041815070 0.040593940 0.051625180 0.044807190 0.044270300 0.044596700 0.052108860 0.049636560 0.047833570 0.036494120 0.042494120 0.047470060 0.035251110 0.035519590 0.039776300 0.042414410 0.034971900 0.019346860 0.022888660 0.020512380 0.000000000 0.002452740 0.000522940 0.005976810 0.024511300 0.020816620 0.022713660 0.029281030 0.067519680 
47     0.057931380 0.060956720 0.060185050 0.041803820 0.056300650 0.055622480 0.050806010 0.052218200 0.055100680 0.055310650 0.039414740 0.051315340 0.051385490 0.051504410 0.051108810 0.049254450 0.051657670 0.056032910 0.046438710 0.043243670 0.042881990 0.039912670 0.042371940 0.041150810 0.053364540 0.045364060 0.044827170 0.045153570 0.052665730 0.052908060 0.054634950 0.046444030 0.055559720 0.048026930 0.048316710 0.048585190 0.052841900 0.054988040 0.048037500 0.031841560 0.023445530 0.021069250 0.002452740 0.000000000 0.000437300 0.007069220 0.026960920 0.026565620 0.027314990 0.029837900 0.080585280 
38     0.054149430 0.057174770 0.056403100 0.030901140 0.052518700 0.051840530 0.039704180 0.045764540 0.047678540 0.043243300 0.028312910 0.047533390 0.047603540 0.047722460 0.046309920 0.045472500 0.040555840 0.044931080 0.042656760 0.032141840 0.031780160 0.036130720 0.038589990 0.037368860 0.049582590 0.041582110 0.041045220 0.041371620 0.048883780 0.049126110 0.049797340 0.038457890 0.044457890 0.044244980 0.037214880 0.037483360 0.041740070 0.044378180 0.036935670 0.020418130 0.019663580 0.017287300 0.000522940 0.000437300 0.000000000 0.014191210 0.023178970 0.022780390 0.023533040 0.026055950 0.069483450 
33     0.040313600 0.057192960 0.046917060 0.022206960 0.052536890 0.051858720 0.031010000 0.037070360 0.038984360 0.051546890 0.019618730 0.041352240 0.040543570 0.041547100 0.037615740 0.037108490 0.031861660 0.036236900 0.036523080 0.023447660 0.023085980 0.036148910 0.038608180 0.037387050 0.037612650 0.041600300 0.038966610 0.041389810 0.048901970 0.042906150 0.041103160 0.029763710 0.035763710 0.043447440 0.028520700 0.028789180 0.033045890 0.035684000 0.028241490 0.012204180 0.017148220 0.017305490 0.005976810 0.007069220 0.014191210 0.000000000 0.017780890 0.014086210 0.015983250 0.026074140 0.060789270 
41     0.048140360 0.052012540 0.051240870 0.026712670 0.047356470 0.046678300 0.035515710 0.041576070 0.043490070 0.046366470 0.024124440 0.042371160 0.042441310 0.042560230 0.042121450 0.040310270 0.036367370 0.040742610 0.037494530 0.027953370 0.027591690 0.030968490 0.033427760 0.032206630 0.036570270 0.036419880 0.035882990 0.036209390 0.043721550 0.043963880 0.045608870 0.034269420 0.037645990 0.037877430 0.033026410 0.033294890 0.037551600 0.040189710 0.032747200 0.021628700 0.021605310 0.019229030 0.024511300 0.026960920 0.023178970 0.017780890 0.000000000 0.001520630 0.002783450 0.000316580 0.065294980 
25     0.037148840 0.051617240 0.043752300 0.023017990 0.046961170 0.046283000 0.031821030 0.037881390 0.039795390 0.045971170 0.020429760 0.041975860 0.041354600 0.042164930 0.038426770 0.037919520 0.032672690 0.037047930 0.037099230 0.024258690 0.023897010 0.030573190 0.033032460 0.031811330 0.038660820 0.036024580 0.035487690 0.035814090 0.043326250 0.043568580 0.041914190 0.030574740 0.036574740 0.038687450 0.029331730 0.029600210 0.033856920 0.036495030 0.029052520 0.017934020 0.021210010 0.018833730 0.020816620 0.026565620 0.022780390 0.014086210 0.001520630 0.000000000 0.000912610 0.001309030 0.061600300 
50     0.047267710 0.052366610 0.051594940 0.024915030 0.047710540 0.047032370 0.033718070 0.039778430 0.041692430 0.046720540 0.022326800 0.042725230 0.042795380 0.042914300 0.040323810 0.039816560 0.034569730 0.038944970 0.037848600 0.026155730 0.025794050 0.031322560 0.033781830 0.032560700 0.025898390 0.031484360 0.036237060 0.036563460 0.044075620 0.044317950 0.043811230 0.029413870 0.026974110 0.027205550 0.031228770 0.031497250 0.035753960 0.038392070 0.030949560 0.019831060 0.021959380 0.019583100 0.022713660 0.027314990 0.023533040 0.015983250 0.002783450 0.000912610 0.000000000 0.003728490 0.063497340 
32     0.035341190 0.054889520 0.041944650 0.035736620 0.050233450 0.049555280 0.046121420 0.046151000 0.049033480 0.049243450 0.035678060 0.045248140 0.045318290 0.045437210 0.045041610 0.043187250 0.047920990 0.050525800 0.040371510 0.039506990 0.039145310 0.033845470 0.036304740 0.035083610 0.031413690 0.036999660 0.038759970 0.039086370 0.046598530 0.046840860 0.048567750 0.034929170 0.032489410 0.032720850 0.044580030 0.044848510 0.048482710 0.048920840 0.044300820 0.026339500 0.024482290 0.022106010 0.029281030 0.029837900 0.026055950 0.026074140 0.000316580 0.001309030 0.003728490 0.000000000 0.076848600 
0     0.087073760 0.090099100 0.089327430 0.059445210 0.085443030 0.084764860 0.068248250 0.074308610 0.076222610 0.084453030 0.056856980 0.078590490 0.077781820 0.078785350 0.074853990 0.074346740 0.069099910 0.073475150 0.073761330 0.060685910 0.060324230 0.075179930 0.077639200 0.076418070 0.085995440 0.077994960 0.077458070 0.077784470 0.085296630 0.083628400 0.081825410 0.070485960 0.076485960 0.080657830 0.069242950 0.069511430 0.073768140 0.076406250 0.068963740 0.064637080 0.072542670 0.062148580 0.067519680 0.080585280 0.069483450 0.060789270 0.065294980 0.061600300 0.063497340 0.076848600 0.000000000 
