51
1     0.000000000 0.576700816 0.605828847 1.135567004 1.225621490 1.216273497 1.226604492 1.222390824 1.261575284 1.262461339 1.263394358 1.024977646 1.027709789 1.036676594 1.026459569 1.025788160 1.123746411 1.118122710 1.041680189 1.004903226 1.001310767 1.078946409 1.207329439 1.197342946 1.106456382 1.086730715 1.050666697 1.030720217 1.317040730 1.243907432 1.162042693 0.972783702 1.130796426 0.998996970 1.033190449 1.048930927 1.065205352 1.079263604 1.036401886 1.259299141 1.089917444 1.090400263 1.188707674 1.184858175 1.134613836 1.089844925 1.020146794 1.009561401 1.019577906 1.062918716 2.812210716 
3     0.576700816 0.000000000 0.298363430 1.160002922 1.250057409 1.240709416 1.251040411 1.246826743 1.286011202 1.286897258 1.287830277 1.049407583 1.052139726 1.061106531 1.050889506 1.050218097 1.148176348 1.142552647 1.066110126 1.029333163 1.025740705 1.103370526 1.231753556 1.221767063 1.130880498 1.111154831 1.075090814 1.055144333 1.341464847 1.268331548 1.186466810 0.997207818 1.155220542 1.023421086 1.057614565 1.073355043 1.089629468 1.103687721 1.060826003 1.283723257 1.114341561 1.114824380 1.213131790 1.209282292 1.159037953 1.114269042 1.044570910 1.033985517 1.044002022 1.087342833 2.836580590 
18     0.605828847 0.298363430 0.000000000 1.186948916 1.277003402 1.267655409 1.277986404 1.273772736 1.312957196 1.313843251 1.314776270 1.076353576 1.079085720 1.088052524 1.077835499 1.077164090 1.175122342 1.169498640 1.093056120 1.056279157 1.052686698 1.130316519 1.258699549 1.248713056 1.157826492 1.138100825 1.102036807 1.082090327 1.368410840 1.295277542 1.213412803 1.024153811 1.182166536 1.050367080 1.084560558 1.100301037 1.116575462 1.130633714 1.087771996 1.310669251 1.141287554 1.141770373 1.240077783 1.236228285 1.185983946 1.141215035 1.071516903 1.060931511 1.070948016 1.114288826 2.863526584 
7     1.135567004 1.160002922 1.186948916 0.000000000 0.700736175 0.691285559 0.722384653 0.718207400 0.757272180 0.967074015 1.004177387 0.927112036 0.929844179 0.938810984 0.928593959 0.927924599 1.025882851 1.020259149 0.943562547 0.906627081 0.903034623 1.012070454 1.141089268 1.131102776 1.040586782 1.021338254 0.985274236 0.965327755 1.251324157 1.178190859 1.096326121 0.907133852 1.065463019 0.933663563 0.967535505 0.983275983 0.999550408 1.013608660 0.970746942 1.193558337 1.024176641 1.024659459 1.122792663 1.118943165 1.068698826 1.023441516 0.953117660 0.942532267 0.952548772 0.995889583 2.748011813 
11     1.225621490 1.250057409 1.277003402 0.700736175 0.000000000 0.139426682 0.804215064 0.800037811 0.849745282 1.055574709 1.094715560 1.017522430 1.020254573 1.029221378 1.019004353 1.018334993 1.116293245 1.110669543 1.033972942 0.997037475 0.993445017 1.101931175 1.230949990 1.220963497 1.130625449 1.111198975 1.075134957 1.055188477 1.341184879 1.268051580 1.186186842 0.996994574 1.155323740 1.023524284 1.057396226 1.073136704 1.089411129 1.103469382 1.060607664 1.283635847 1.114254150 1.114736969 1.212870173 1.209020675 1.158776335 1.113519026 1.043195170 1.032609777 1.042626282 1.085967093 2.837751220 
5     1.216273497 1.240709416 1.267655409 0.691285559 0.139426682 0.000000000 0.795145769 0.790968516 0.840345252 1.046226716 1.085367566 1.008174437 1.010906580 1.019873385 1.009656360 1.008987000 1.106945251 1.101321550 1.024624948 0.987689482 0.984097023 1.092583182 1.221601996 1.211615503 1.121277455 1.101850981 1.065786964 1.045840483 1.331836885 1.258703587 1.176838848 0.987646580 1.145975746 1.014176290 1.048048232 1.063788711 1.080063136 1.094121388 1.051259670 1.274287853 1.104906157 1.105388975 1.203522179 1.199672681 1.149428342 1.104171032 1.033847176 1.023261784 1.033278289 1.076619099 2.828403226 
4     1.226604492 1.251040411 1.277986404 0.722384653 0.804215064 0.795145769 0.000000000 0.119469719 0.843022164 1.061428695 1.098972616 1.017828703 1.020560847 1.029527652 1.019310626 1.018641267 1.116599518 1.110975817 1.034279215 0.997343749 0.993751290 1.102698496 1.231717311 1.221730818 1.131214824 1.111950842 1.075886824 1.055940344 1.341936746 1.268803448 1.186938709 0.997746441 1.156075607 1.024276151 1.058148093 1.073888571 1.090162996 1.104221249 1.061359531 1.284211230 1.114829534 1.115312352 1.213445556 1.209596058 1.159351718 1.114094409 1.043770553 1.033185160 1.043201665 1.086542476 2.838969454 
6     1.222390824 1.246826743 1.273772736 0.718207400 0.800037811 0.790968516 0.119469719 0.000000000 0.838796811 1.057215027 1.094758948 1.013615035 1.016347178 1.025313983 1.015096958 1.014427598 1.112385850 1.106762148 1.030065547 0.993130080 0.989537622 1.098484828 1.227503642 1.217517150 1.127001156 1.107737174 1.071673156 1.051726675 1.337723078 1.264589779 1.182725041 0.993532772 1.151861939 1.020062483 1.053934425 1.069674903 1.085949328 1.100007581 1.057145862 1.279997562 1.110615865 1.111098684 1.209231888 1.205382389 1.155138050 1.109880741 1.039556885 1.028971492 1.038987997 1.082328807 2.834755785 
10     1.261575284 1.286011202 1.312957196 0.757272180 0.849745282 0.840345252 0.843022164 0.838796811 0.000000000 1.096930766 1.134304112 1.053646249 1.056378393 1.065345197 1.055128172 1.054458812 1.152417064 1.146793363 1.070096761 1.033161295 1.029568836 1.138230137 1.267248952 1.257262459 1.166746466 1.147482483 1.111418465 1.091471985 1.377468387 1.304335089 1.222470350 1.033278082 1.191607248 1.059807792 1.093679734 1.109420212 1.125694638 1.139752890 1.096891172 1.319756863 1.150375167 1.150857986 1.248991190 1.245141691 1.194897352 1.149640043 1.079316187 1.068730794 1.078747299 1.122088109 2.874047571 
13     1.262461339 1.286897258 1.313843251 0.967074015 1.055574709 1.046226716 1.061428695 1.057215027 1.096930766 0.000000000 1.131421353 1.055181629 1.057913772 1.066880577 1.056663552 1.055994192 1.153952443 1.148328742 1.071591388 1.034655921 1.031063463 1.139480951 1.268499766 1.258513273 1.168315667 1.148843131 1.112779113 1.092832633 1.378809521 1.305676222 1.223811484 1.034638730 1.192967896 1.061168440 1.095040382 1.110780860 1.127055285 1.141113538 1.098251820 1.321447615 1.152065919 1.152548737 1.250616364 1.246766866 1.196522527 1.151265218 1.081006938 1.070421545 1.080438051 1.123778861 2.874673913 
21     1.263394358 1.287830277 1.314776270 1.004177387 1.094715560 1.085367566 1.098972616 1.094758948 1.134304112 1.131421353 0.000000000 1.057346645 1.060078788 1.069045593 1.058828568 1.058159208 1.156117459 1.150493758 1.074544311 1.037608845 1.034016386 1.141325454 1.270344268 1.260357775 1.169924983 1.150630499 1.114566481 1.094620001 1.380596889 1.307463590 1.225598852 1.036426098 1.194755264 1.062955808 1.096827750 1.112568228 1.128842653 1.142900906 1.100039188 1.322549014 1.153167317 1.153650136 1.251705309 1.247855810 1.197611471 1.152354162 1.082095882 1.071510490 1.081526995 1.124867805 2.877467842 
20     1.024977646 1.049407583 1.076353576 0.927112036 1.017522430 1.008174437 1.017828703 1.013615035 1.053646249 1.055181629 1.057346645 0.000000000 0.089464269 0.140325807 0.130000122 0.132539502 0.341351860 0.336958824 0.631592966 0.594835880 0.591247464 0.899634361 1.028536955 1.018550463 0.927226811 0.907885287 0.871821269 0.851874789 1.138146963 1.065013665 0.983148926 0.794026680 0.952050282 0.820250826 0.854415895 0.870156373 0.886430798 0.900489050 0.857627332 1.080289296 0.910862664 0.911345483 1.009534354 1.005684856 0.955440516 0.910626670 0.840020630 0.829435238 0.839451743 0.882792553 2.633074225 
14     1.027709789 1.052139726 1.079085720 0.929844179 1.020254573 1.010906580 1.020560847 1.016347178 1.056378393 1.057913772 1.060078788 0.089464269 0.000000000 0.141801301 0.128636241 0.131536970 0.342679304 0.337853694 0.634325109 0.597568023 0.593979608 0.902366504 1.031269098 1.021282606 0.929958954 0.910617430 0.874553412 0.854606932 1.140879106 1.067745808 0.985881070 0.796758824 0.954782425 0.822982969 0.857148038 0.872888516 0.889162941 0.903221194 0.860359476 1.083021439 0.913594807 0.914077626 1.012266497 1.008416999 0.958172659 0.913358813 0.842752774 0.832167381 0.842183886 0.885524696 2.635806368 
8     1.036676594 1.061106531 1.088052524 0.938810984 1.029221378 1.019873385 1.029527652 1.025313983 1.065345197 1.066880577 1.069045593 0.140325807 0.141801301 0.000000000 0.139709850 0.139811851 0.354547179 0.349224910 0.643009426 0.606252340 0.602663924 0.911333309 1.040235903 1.030249411 0.938925759 0.919584235 0.883520217 0.863573737 1.149845911 1.076712613 0.994847875 0.805725628 0.963749230 0.831949774 0.866114843 0.881855321 0.898129746 0.912187999 0.869326280 1.091988244 0.922561612 0.923044431 1.021233302 1.017383804 0.967139464 0.922325618 0.851719578 0.841134186 0.851150691 0.894491501 2.644773173 
16     1.026459569 1.050889506 1.077835499 0.928593959 1.019004353 1.009656360 1.019310626 1.015096958 1.055128172 1.056663552 1.058828568 0.130000122 0.128636241 0.139709850 0.000000000 0.087851972 0.343232293 0.338683580 0.632907219 0.596150133 0.592561718 0.901116284 1.030018878 1.020032386 0.928708734 0.909367210 0.873303192 0.853356712 1.139628886 1.066495588 0.984630849 0.795508603 0.953532205 0.821732749 0.855897818 0.871638296 0.887912721 0.901970973 0.859109255 1.081771219 0.912344587 0.912827406 1.011016277 1.007166779 0.956922439 0.912108593 0.841502553 0.830917161 0.840933666 0.884274476 2.634556148 
17     1.025788160 1.050218097 1.077164090 0.927924599 1.018334993 1.008987000 1.018641267 1.014427598 1.054458812 1.055994192 1.058159208 0.132539502 0.131536970 0.139811851 0.087851972 0.000000000 0.341215292 0.336180325 0.631477750 0.594720664 0.591132248 0.900352357 1.029254951 1.019268459 0.927944807 0.908603283 0.872539265 0.852592785 1.138864959 1.065731661 0.983866922 0.794744676 0.952768278 0.820968822 0.855133890 0.870874369 0.887148794 0.901207046 0.858345328 1.081007292 0.911580660 0.912063479 1.010252350 1.006402852 0.956158512 0.911344666 0.840738626 0.830153234 0.840169739 0.883510549 2.633773740 
15     1.123746411 1.148176348 1.175122342 1.025882851 1.116293245 1.106945251 1.116599518 1.112385850 1.152417064 1.153952443 1.156117459 0.341351860 0.342679304 0.354547179 0.343232293 0.341215292 0.000000000 0.174381681 0.729553610 0.692796524 0.689208108 0.998310608 1.127213203 1.117226710 1.025903058 1.006561534 0.970497517 0.950551036 1.236823211 1.163689912 1.081825174 0.892702928 1.050726529 0.918927074 0.953092142 0.968832620 0.985107045 0.999165298 0.956303580 1.178965543 1.009538912 1.010021730 1.108210601 1.104361103 1.054116764 1.009302918 0.938696878 0.928111485 0.938127990 0.981468800 2.731731992 
19     1.118122710 1.142552647 1.169498640 1.020259149 1.110669543 1.101321550 1.110975817 1.106762148 1.146793363 1.148328742 1.150493758 0.336958824 0.337853694 0.349224910 0.338683580 0.336180325 0.174381681 0.000000000 0.723927152 0.687170066 0.683581650 0.992686907 1.121589501 1.111603009 1.020279357 1.000937833 0.964873815 0.944927335 1.231199509 1.158066211 1.076201473 0.887079226 1.045102828 0.913303372 0.947468441 0.963208919 0.979483344 0.993541597 0.950679878 1.173341842 1.003915210 1.004398029 1.102586900 1.098737402 1.048493062 1.003679216 0.933073176 0.922487784 0.932504289 0.975845099 2.726108290 
12     1.041680189 1.066110126 1.093056120 0.943562547 1.033972942 1.024624948 1.034279215 1.030065547 1.070096761 1.071591388 1.074544311 0.631592966 0.634325109 0.643009426 0.632907219 0.631477750 0.729553610 0.723927152 0.000000000 0.296001535 0.292561579 0.915757557 1.044660151 1.034673659 0.943127452 0.923638456 0.887574439 0.867627958 1.153900133 1.080766834 0.998902096 0.809779850 0.967803452 0.836003996 0.870169064 0.885909542 0.902183967 0.916242220 0.873380502 1.096321350 0.926894719 0.927377537 1.025566408 1.021716910 0.971472571 0.926658725 0.856052685 0.845467292 0.855483797 0.898824607 2.649669645 
9     1.004903226 1.029333163 1.056279157 0.906627081 0.997037475 0.987689482 0.997343749 0.993130080 1.033161295 1.034655921 1.037608845 0.594835880 0.597568023 0.606252340 0.596150133 0.594720664 0.692796524 0.687170066 0.296001535 0.000000000 0.085360635 0.878983531 1.007886125 0.997899632 0.906353426 0.886864430 0.850800412 0.830853932 1.117126106 1.043992808 0.962128069 0.773005823 0.931029425 0.799229969 0.833395037 0.849135516 0.865409941 0.879468193 0.836606475 1.059618617 0.890191985 0.890674804 0.988863675 0.985014177 0.934769837 0.889955991 0.819349952 0.808764559 0.818781064 0.862121874 2.612907383 
2     1.001310767 1.025740705 1.052686698 0.903034623 0.993445017 0.984097023 0.993751290 0.989537622 1.029568836 1.031063463 1.034016386 0.591247464 0.593979608 0.602663924 0.592561718 0.591132248 0.689208108 0.683581650 0.292561579 0.085360635 0.000000000 0.875391072 1.004293666 0.994307174 0.902760967 0.883271971 0.847207954 0.827261473 1.113533648 1.040400349 0.958535611 0.769413365 0.927436967 0.795637511 0.829802579 0.845543057 0.861817482 0.875875735 0.833014017 1.056026158 0.886599527 0.887082346 0.985271216 0.981421718 0.931177379 0.886363533 0.815757493 0.805172100 0.815188605 0.858529416 2.609314924 
26     1.078946409 1.103370526 1.130316519 1.012070454 1.101931175 1.092583182 1.102698496 1.098484828 1.138230137 1.139480951 1.141325454 0.899634361 0.902366504 0.911333309 0.901116284 0.900352357 0.998310608 0.992686907 0.915757557 0.878983531 0.875391072 0.000000000 0.451640492 0.441396926 0.787570189 0.773351112 0.737207368 0.717121490 1.000662109 0.927529086 0.846154515 0.657654877 0.816388103 0.684354835 0.718673477 0.734368813 0.750643238 0.764731158 0.721837874 1.050800418 0.881561034 0.882043853 0.979656902 0.975807404 0.925563065 0.880477931 0.810316458 0.799785151 0.809801656 0.853142467 2.672516824 
36     1.207329439 1.231753556 1.258699549 1.141089268 1.230949990 1.221601996 1.231717311 1.227503642 1.267248952 1.268499766 1.270344268 1.028536955 1.031269098 1.040235903 1.030018878 1.029254951 1.127213203 1.121589501 1.044660151 1.007886125 1.004293666 0.451640492 0.000000000 0.143673110 0.916300181 0.902038052 0.865894308 0.845808430 1.129354586 1.056225666 0.974749340 0.786138898 0.944872124 0.812936507 0.847290690 0.863036686 0.879311111 0.893399030 0.850505747 1.180291136 1.011051752 1.011534571 1.109147620 1.105298122 1.055053782 1.009968648 0.939807176 0.929275869 0.939292374 0.982633184 2.801199859 
23     1.197342946 1.221767063 1.248713056 1.131102776 1.220963497 1.211615503 1.221730818 1.217517150 1.257262459 1.258513273 1.260357775 1.018550463 1.021282606 1.030249411 1.020032386 1.019268459 1.117226710 1.111603009 1.034673659 0.997899632 0.994307174 0.441396926 0.143673110 0.000000000 0.906313688 0.892051559 0.855907815 0.835821937 1.119368093 1.046239173 0.964762848 0.776152405 0.934885631 0.802950015 0.837304197 0.853050193 0.869324618 0.883412538 0.840519255 1.170304643 1.001065259 1.001548078 1.099161127 1.095311629 1.045067290 0.999982155 0.929820683 0.919289376 0.929305881 0.972646691 2.791213367 
31     1.106456382 1.130880498 1.157826492 1.040586782 1.130625449 1.121277455 1.131214824 1.127001156 1.166746466 1.168315667 1.169924983 0.927226811 0.929958954 0.938925759 0.928708734 0.927944807 1.025903058 1.020279357 0.943127452 0.906353426 0.902760967 0.787570189 0.916300181 0.906313688 0.000000000 0.749716050 0.713796438 0.693808510 0.978467042 0.905313111 0.823565931 0.636082386 0.792905890 0.661156678 0.694755721 0.710616238 0.726890664 0.740907586 0.698123050 1.078645069 0.908184801 0.908667620 1.007997373 1.004147875 0.953903535 0.907614662 0.836972832 0.826441525 0.836458030 0.879798840 2.701139592 
27     1.086730715 1.111154831 1.138100825 1.021338254 1.111198975 1.101850981 1.111950842 1.107737174 1.147482483 1.148843131 1.150630499 0.907885287 0.910617430 0.919584235 0.909367210 0.908603283 1.006561534 1.000937833 0.923638456 0.886864430 0.883271971 0.773351112 0.902038052 0.892051559 0.749716050 0.000000000 0.289179209 0.277240673 0.776530793 0.703856964 0.621355619 0.484957569 0.641147725 0.507887854 0.543408422 0.558864217 0.575407632 0.588965008 0.546214815 1.058938555 0.888478287 0.888961106 0.987773904 0.983924406 0.933680067 0.887391193 0.817160449 0.806629142 0.816645647 0.859986457 2.681234269 
43     1.050666697 1.075090814 1.102036807 0.985274236 1.075134957 1.065786964 1.075886824 1.071673156 1.111418465 1.112779113 1.114566481 0.871821269 0.874553412 0.883520217 0.873303192 0.872539265 0.970497517 0.964873815 0.887574439 0.850800412 0.847207954 0.737207368 0.865894308 0.855907815 0.713796438 0.289179209 0.000000000 0.228114536 0.740719896 0.668046067 0.586138066 0.449350964 0.605638965 0.472374533 0.507493966 0.522949760 0.539493175 0.553050551 0.510300359 1.022874537 0.852414270 0.852897088 0.951709886 0.947860388 0.897616049 0.851327176 0.781096431 0.770565124 0.780581629 0.823922439 2.645170251 
22     1.030720217 1.055144333 1.082090327 0.965327755 1.055188477 1.045840483 1.055940344 1.051726675 1.091471985 1.092832633 1.094620001 0.851874789 0.854606932 0.863573737 0.853356712 0.852592785 0.950551036 0.944927335 0.867627958 0.830853932 0.827261473 0.717121490 0.845808430 0.835821937 0.693808510 0.277240673 0.228114536 0.000000000 0.719710465 0.646828343 0.564951535 0.429466495 0.585374196 0.452489576 0.487380961 0.502836755 0.519380171 0.532937547 0.490187354 1.002935433 0.832475165 0.832957984 0.931770782 0.927921284 0.877676944 0.831388071 0.761157326 0.750626019 0.760642524 0.803983335 2.625223770 
28     1.317040730 1.341464847 1.368410840 1.251324157 1.341184879 1.331836885 1.341936746 1.337723078 1.377468387 1.378809521 1.380596889 1.138146963 1.140879106 1.149845911 1.139628886 1.138864959 1.236823211 1.231199509 1.153900133 1.117126106 1.113533648 1.000662109 1.129354586 1.119368093 0.978467042 0.776530793 0.740719896 0.719710465 0.000000000 0.450106855 0.704764010 0.714783777 0.871135658 0.738858241 0.774372743 0.789247086 0.805790501 0.819899855 0.777190257 1.289607346 1.119147078 1.119629897 1.218442695 1.214593197 1.164348857 1.118059984 1.047827716 1.037296409 1.047312914 1.090653724 2.911554083 
46     1.243907432 1.268331548 1.295277542 1.178190859 1.268051580 1.258703587 1.268803448 1.264589779 1.304335089 1.305676222 1.307463590 1.065013665 1.067745808 1.076712613 1.066495588 1.065731661 1.163689912 1.158066211 1.080766834 1.043992808 1.040400349 0.927529086 1.056225666 1.046239173 0.905313111 0.703856964 0.668046067 0.646828343 0.450106855 0.000000000 0.634127091 0.641502933 0.797980031 0.665685705 0.701103152 0.715977494 0.732520909 0.746630263 0.703920665 1.216474047 1.046013780 1.046496598 1.145309396 1.141459898 1.091215559 1.044926686 0.974694418 0.964163110 0.974179615 1.017520426 2.838420785 
29     1.162042693 1.186466810 1.213412803 1.096326121 1.186186842 1.176838848 1.186938709 1.182725041 1.222470350 1.223811484 1.225598852 0.983148926 0.985881070 0.994847875 0.984630849 0.983866922 1.081825174 1.076201473 0.998902096 0.962128069 0.958535611 0.846154515 0.974749340 0.964762848 0.823565931 0.621355619 0.586138066 0.564951535 0.704764010 0.634127091 0.000000000 0.558738559 0.714814407 0.582793363 0.618462724 0.633355637 0.649929186 0.664127946 0.621301675 1.134615001 0.964154734 0.964637552 1.063450350 1.059600852 1.009356513 0.963067639 0.892835371 0.882304064 0.892320569 0.935661380 2.756556046 
34     0.972783702 0.997207818 1.024153811 0.907133852 0.996994574 0.987646580 0.997746441 0.993532772 1.033278082 1.034638730 1.036426098 0.794026680 0.796758824 0.805725628 0.795508603 0.794744676 0.892702928 0.887079226 0.809779850 0.773005823 0.769413365 0.657654877 0.786138898 0.776152405 0.636082386 0.484957569 0.449350964 0.429466495 0.714783777 0.641502933 0.558738559 0.000000000 0.361490629 0.226833730 0.338119872 0.353798377 0.369680526 0.383427624 0.340239553 0.944872248 0.775611729 0.776094548 0.873707597 0.869858099 0.819613759 0.774524635 0.704292943 0.693761636 0.703778141 0.747118952 2.567333307 
37     1.130796426 1.155220542 1.182166536 1.065463019 1.155323740 1.145975746 1.156075607 1.151861939 1.191607248 1.192967896 1.194755264 0.952050282 0.954782425 0.963749230 0.953532205 0.952768278 1.050726529 1.045102828 0.967803452 0.931029425 0.927436967 0.816388103 0.944872124 0.934885631 0.792905890 0.641147725 0.605638965 0.585374196 0.871135658 0.797980031 0.714814407 0.361490629 0.000000000 0.345146239 0.495065479 0.510753011 0.527265858 0.540692967 0.497502601 1.103078803 0.933818284 0.934301103 1.031914152 1.028064654 0.977820315 0.932731190 0.862499499 0.851968191 0.861984696 0.905325507 2.725623250 
42     0.998996970 1.023421086 1.050367080 0.933663563 1.023524284 1.014176290 1.024276151 1.020062483 1.059807792 1.061168440 1.062955808 0.820250826 0.822982969 0.831949774 0.821732749 0.820968822 0.918927074 0.913303372 0.836003996 0.799229969 0.795637511 0.684354835 0.812936507 0.802950015 0.661156678 0.507887854 0.472374533 0.452489576 0.738858241 0.665685705 0.582793363 0.226833730 0.345146239 0.000000000 0.365297117 0.380828299 0.397445218 0.410805287 0.367316292 0.971260978 0.802000459 0.802483278 0.900096327 0.896246829 0.846002490 0.800913365 0.730681674 0.720150366 0.730166871 0.773507682 2.593823794 
49     1.033190449 1.057614565 1.084560558 0.967535505 1.057396226 1.048048232 1.058148093 1.053934425 1.093679734 1.095040382 1.096827750 0.854415895 0.857148038 0.866114843 0.855897818 0.855133890 0.953092142 0.947468441 0.870169064 0.833395037 0.829802579 0.718673477 0.847290690 0.837304197 0.694755721 0.543408422 0.507493966 0.487380961 0.774372743 0.701103152 0.618462724 0.338119872 0.495065479 0.365297117 0.000000000 0.135647973 0.149177429 0.168370962 0.124369368 1.005337355 0.834877087 0.835359906 0.934172704 0.930323205 0.880078866 0.833789993 0.763558301 0.753026994 0.763043499 0.806384310 2.627415073 
40     1.048930927 1.073355043 1.100301037 0.983275983 1.073136704 1.063788711 1.073888571 1.069674903 1.109420212 1.110780860 1.112568228 0.870156373 0.872888516 0.881855321 0.871638296 0.870874369 0.968832620 0.963208919 0.885909542 0.849135516 0.845543057 0.734368813 0.863036686 0.853050193 0.710616238 0.558864217 0.522949760 0.502836755 0.789247086 0.715977494 0.633355637 0.353798377 0.510753011 0.380828299 0.135647973 0.000000000 0.136601097 0.150650451 0.138063424 1.021077833 0.850617565 0.851100384 0.949913182 0.946063684 0.895819345 0.849530471 0.779298780 0.768767473 0.778783978 0.822124788 2.643155552 
44     1.065205352 1.089629468 1.116575462 0.999550408 1.089411129 1.080063136 1.090162996 1.085949328 1.125694638 1.127055285 1.128842653 0.886430798 0.889162941 0.898129746 0.887912721 0.887148794 0.985107045 0.979483344 0.902183967 0.865409941 0.861817482 0.750643238 0.879311111 0.869324618 0.726890664 0.575407632 0.539493175 0.519380171 0.805790501 0.732520909 0.649929186 0.369680526 0.527265858 0.397445218 0.149177429 0.136601097 0.000000000 0.168665894 0.153695907 1.037352258 0.866891990 0.867374809 0.966187607 0.962338109 0.912093770 0.865804896 0.795573205 0.785041898 0.795058403 0.838399213 2.659429977 
48     1.079263604 1.103687721 1.130633714 1.013608660 1.103469382 1.094121388 1.104221249 1.100007581 1.139752890 1.141113538 1.142900906 0.900489050 0.903221194 0.912187999 0.901970973 0.901207046 0.999165298 0.993541597 0.916242220 0.879468193 0.875875735 0.764731158 0.893399030 0.883412538 0.740907586 0.588965008 0.553050551 0.532937547 0.819899855 0.746630263 0.664127946 0.383427624 0.540692967 0.410805287 0.168370962 0.150650451 0.168665894 0.000000000 0.165160337 1.051410511 0.880950243 0.881433062 0.980245860 0.976396361 0.926152022 0.879863149 0.809631457 0.799100150 0.809116655 0.852457465 2.673488229 
30     1.036401886 1.060826003 1.087771996 0.970746942 1.060607664 1.051259670 1.061359531 1.057145862 1.096891172 1.098251820 1.100039188 0.857627332 0.860359476 0.869326280 0.859109255 0.858345328 0.956303580 0.950679878 0.873380502 0.836606475 0.833014017 0.721837874 0.850505747 0.840519255 0.698123050 0.546214815 0.510300359 0.490187354 0.777190257 0.703920665 0.621301675 0.340239553 0.497502601 0.367316292 0.124369368 0.138063424 0.153695907 0.165160337 0.000000000 1.008548793 0.838088525 0.838571343 0.937384142 0.933534643 0.883290304 0.837001431 0.766769739 0.756238432 0.766254937 0.809595747 2.630626511 
45     1.259299141 1.283723257 1.310669251 1.193558337 1.283635847 1.274287853 1.284211230 1.279997562 1.319756863 1.321447615 1.322549014 1.080289296 1.083021439 1.091988244 1.081771219 1.081007292 1.178965543 1.173341842 1.096321350 1.059618617 1.056026158 1.050800418 1.180291136 1.170304643 1.078645069 1.058938555 1.022874537 1.002935433 1.289607346 1.216474047 1.134615001 0.944872248 1.103078803 0.971260978 1.005337355 1.021077833 1.037352258 1.051410511 1.008548793 0.000000000 0.562261967 0.563183725 0.767786219 0.764148686 0.713425004 0.672954952 0.754427620 0.743575116 0.753701496 0.797167443 2.851289847 
39     1.089917444 1.114341561 1.141287554 1.024176641 1.114254150 1.104906157 1.114829534 1.110615865 1.150375167 1.152065919 1.153167317 0.910862664 0.913594807 0.922561612 0.912344587 0.911580660 1.009538912 1.003915210 0.926894719 0.890191985 0.886599527 0.881561034 1.011051752 1.001065259 0.908184801 0.888478287 0.852414270 0.832475165 1.119147078 1.046013780 0.964154734 0.775611729 0.933818284 0.802000459 0.834877087 0.850617565 0.866891990 0.880950243 0.838088525 0.562261967 0.000000000 0.120805792 0.598904982 0.595069809 0.544564531 0.504897815 0.584916930 0.574064425 0.584190805 0.627656752 2.681561875 
35     1.090400263 1.114824380 1.141770373 1.024659459 1.114736969 1.105388975 1.115312352 1.111098684 1.150857986 1.152548737 1.153650136 0.911345483 0.914077626 0.923044431 0.912827406 0.912063479 1.010021730 1.004398029 0.927377537 0.890674804 0.887082346 0.882043853 1.011534571 1.001548078 0.908667620 0.888961106 0.852897088 0.832957984 1.119629897 1.046496598 0.964637552 0.776094548 0.934301103 0.802483278 0.835359906 0.851100384 0.867374809 0.881433062 0.838571343 0.563183725 0.120805792 0.000000000 0.598596302 0.594761129 0.544255851 0.504735317 0.585185220 0.574332715 0.584459095 0.627925042 2.682044694 
24     1.188707674 1.213131790 1.240077783 1.122792663 1.212870173 1.203522179 1.213445556 1.209231888 1.248991190 1.250616364 1.251705309 1.009534354 1.012266497 1.021233302 1.011016277 1.010252350 1.108210601 1.102586900 1.025566408 0.988863675 0.985271216 0.979656902 1.109147620 1.099161127 1.007997373 0.987773904 0.951709886 0.931770782 1.218442695 1.145309396 1.063450350 0.873707597 1.031914152 0.900096327 0.934172704 0.949913182 0.966187607 0.980245860 0.937384142 0.767786219 0.598904982 0.598596302 0.000000000 0.235739617 0.230465071 0.473429052 0.687279368 0.676426863 0.686553243 0.730170426 2.780523685 
47     1.184858175 1.209282292 1.236228285 1.118943165 1.209020675 1.199672681 1.209596058 1.205382389 1.245141691 1.246766866 1.247855810 1.005684856 1.008416999 1.017383804 1.007166779 1.006402852 1.104361103 1.098737402 1.021716910 0.985014177 0.981421718 0.975807404 1.105298122 1.095311629 1.004147875 0.983924406 0.947860388 0.927921284 1.214593197 1.141459898 1.059600852 0.869858099 1.028064654 0.896246829 0.930323205 0.946063684 0.962338109 0.976396361 0.933534643 0.764148686 0.595069809 0.594761129 0.235739617 0.000000000 0.228472024 0.470408871 0.683429870 0.672577365 0.682703745 0.726320928 2.776674187 
38     1.134613836 1.159037953 1.185983946 1.068698826 1.158776335 1.149428342 1.159351718 1.155138050 1.194897352 1.196522527 1.197611471 0.955440516 0.958172659 0.967139464 0.956922439 0.956158512 1.054116764 1.048493062 0.971472571 0.934769837 0.931177379 0.925563065 1.055053782 1.045067290 0.953903535 0.933680067 0.897616049 0.877676944 1.164348857 1.091215559 1.009356513 0.819613759 0.977820315 0.846002490 0.880078866 0.895819345 0.912093770 0.926152022 0.883290304 0.713425004 0.544564531 0.544255851 0.230465071 0.228472024 0.000000000 0.419166926 0.633185530 0.622333026 0.632459406 0.676076589 2.726429848 
33     1.089844925 1.114269042 1.141215035 1.023441516 1.113519026 1.104171032 1.114094409 1.109880741 1.149640043 1.151265218 1.152354162 0.910626670 0.913358813 0.922325618 0.912108593 0.911344666 1.009302918 1.003679216 0.926658725 0.889955991 0.886363533 0.880477931 1.009968648 0.999982155 0.907614662 0.887391193 0.851327176 0.831388071 1.118059984 1.044926686 0.963067639 0.774524635 0.932731190 0.800913365 0.833789993 0.849530471 0.865804896 0.879863149 0.837001431 0.672954952 0.504897815 0.504735317 0.473429052 0.470408871 0.419166926 0.000000000 0.584450575 0.573598070 0.583724450 0.627341633 2.681064427 
41     1.020146794 1.044570910 1.071516903 0.953117660 1.043195170 1.033847176 1.043770553 1.039556885 1.079316187 1.081006938 1.082095882 0.840020630 0.842752774 0.851719578 0.841502553 0.840738626 0.938696878 0.933073176 0.856052685 0.819349952 0.815757493 0.810316458 0.939807176 0.929820683 0.836972832 0.817160449 0.781096431 0.761157326 1.047827716 0.974694418 0.892835371 0.704292943 0.862499499 0.730681674 0.763558301 0.779298780 0.795573205 0.809631457 0.766769739 0.754427620 0.584916930 0.585185220 0.687279368 0.683429870 0.633185530 0.584450575 0.000000000 0.129628245 0.135663287 0.230379677 2.611026000 
25     1.009561401 1.033985517 1.060931511 0.942532267 1.032609777 1.023261784 1.033185160 1.028971492 1.068730794 1.070421545 1.071510490 0.829435238 0.832167381 0.841134186 0.830917161 0.830153234 0.928111485 0.922487784 0.845467292 0.808764559 0.805172100 0.799785151 0.929275869 0.919289376 0.826441525 0.806629142 0.770565124 0.750626019 1.037296409 0.964163110 0.882304064 0.693761636 0.851968191 0.720150366 0.753026994 0.768767473 0.785041898 0.799100150 0.756238432 0.743575116 0.574064425 0.574332715 0.676426863 0.672577365 0.622333026 0.573598070 0.129628245 0.000000000 0.125335347 0.221359921 2.600447098 
50     1.019577906 1.044002022 1.070948016 0.952548772 1.042626282 1.033278289 1.043201665 1.038987997 1.078747299 1.080438051 1.081526995 0.839451743 0.842183886 0.851150691 0.840933666 0.840169739 0.938127990 0.932504289 0.855483797 0.818781064 0.815188605 0.809801656 0.939292374 0.929305881 0.836458030 0.816645647 0.780581629 0.760642524 1.047312914 0.974179615 0.892320569 0.703778141 0.861984696 0.730166871 0.763043499 0.778783978 0.795058403 0.809116655 0.766254937 0.753701496 0.584190805 0.584459095 0.686553243 0.682703745 0.632459406 0.583724450 0.135663287 0.125335347 0.000000000 0.229173206 2.610463603 
32     1.062918716 1.087342833 1.114288826 0.995889583 1.085967093 1.076619099 1.086542476 1.082328807 1.122088109 1.123778861 1.124867805 0.882792553 0.885524696 0.894491501 0.884274476 0.883510549 0.981468800 0.975845099 0.898824607 0.862121874 0.858529416 0.853142467 0.982633184 0.972646691 0.879798840 0.859986457 0.823922439 0.803983335 1.090653724 1.017520426 0.935661380 0.747118952 0.905325507 0.773507682 0.806384310 0.822124788 0.838399213 0.852457465 0.809595747 0.797167443 0.627656752 0.627925042 0.730170426 0.726320928 0.676076589 0.627341633 0.230379677 0.221359921 0.229173206 0.000000000 2.653804413 
0     2.812210716 2.836580590 2.863526584 2.748011813 2.837751220 2.828403226 2.838969454 2.834755785 2.874047571 2.874673913 2.877467842 2.633074225 2.635806368 2.644773173 2.634556148 2.633773740 2.731731992 2.726108290 2.649669645 2.612907383 2.609314924 2.672516824 2.801199859 2.791213367 2.701139592 2.681234269 2.645170251 2.625223770 2.911554083 2.838420785 2.756556046 2.567333307 2.725623250 2.593823794 2.627415073 2.643155552 2.659429977 2.673488229 2.630626511 2.851289847 2.681561875 2.682044694 2.780523685 2.776674187 2.726429848 2.681064427 2.611026000 2.600447098 2.610463603 2.653804413 0.000000000 
