51
6     0.000000000 0.001181290 0.001097420 0.002279670 0.002037750 0.002123780 0.003459490 0.003288470 0.003507550 0.002657640 0.003495350 0.003493850 0.003570320 0.003192880 0.003195940 0.003203860 0.003081650 0.002892490 0.002398160 0.002361580 0.002590810 0.002536940 0.002643510 0.002986920 0.002887580 0.002799920 0.004851970 0.003545510 0.002874240 0.003001940 0.002920630 0.002890100 0.002919930 0.002612580 0.002093340 0.003518540 0.003487590 0.003839630 0.003367520 0.002218340 0.002104570 0.002430250 0.002466130 0.003346490 0.003367780 0.003525020 0.002188550 0.002653840 0.002981920 0.002290090 0.003896980 
12     0.001181290 0.000000000 0.000402360 0.003098460 0.002856540 0.002942570 0.004278280 0.004107260 0.004326340 0.003476430 0.004314140 0.004312640 0.004389110 0.004011670 0.004014730 0.004022650 0.003900440 0.003711280 0.003216950 0.003180370 0.003409600 0.003355730 0.003462300 0.003805710 0.003706370 0.003618710 0.005670760 0.004364300 0.003693030 0.003820730 0.003739420 0.003708890 0.003738720 0.003348910 0.002912130 0.004337330 0.004306380 0.004658420 0.004186310 0.003037130 0.002923360 0.003249040 0.003284920 0.004165280 0.004186570 0.004343810 0.003007340 0.003472630 0.003800710 0.003108880 0.004715770 
4     0.001097420 0.000402360 0.000000000 0.003014590 0.002772670 0.002858700 0.004194410 0.004023390 0.004242470 0.003392560 0.004230270 0.004228770 0.004305240 0.003927800 0.003930860 0.003938780 0.003816570 0.003627410 0.003133080 0.003096500 0.003325730 0.003271860 0.003378430 0.003721840 0.003622500 0.003534840 0.005586890 0.004280430 0.003609160 0.003736860 0.003655550 0.003625020 0.003654850 0.003347500 0.002828260 0.004253460 0.004222510 0.004574550 0.004102440 0.002953260 0.002839490 0.003165170 0.003201050 0.004081410 0.004102700 0.004259940 0.002923470 0.003388760 0.003716840 0.003025010 0.004631900 
7     0.002279670 0.003098460 0.003014590 0.000000000 0.000922140 0.001591870 0.003956460 0.003785440 0.004004520 0.003154610 0.004233460 0.004231960 0.004308430 0.003930990 0.003692910 0.003700830 0.003578620 0.003389460 0.002895130 0.002858550 0.003087780 0.003033910 0.003140480 0.003483890 0.003384550 0.003296890 0.005348940 0.004042480 0.003371210 0.003498910 0.003417600 0.003387070 0.003416900 0.003109550 0.002590310 0.004015510 0.003984560 0.004336600 0.003864490 0.002715310 0.002601540 0.002927220 0.002963100 0.003843460 0.003864750 0.004021990 0.002685520 0.003150810 0.003478890 0.002787060 0.004393950 
9     0.002037750 0.002856540 0.002772670 0.000922140 0.000000000 0.000459100 0.003714540 0.003543520 0.003762600 0.002912690 0.003991540 0.003990040 0.004066510 0.003689070 0.003450990 0.003458910 0.003336700 0.003147540 0.002653210 0.002616630 0.002845860 0.002791990 0.002898560 0.003241970 0.003142630 0.003054970 0.005107020 0.003800560 0.003129290 0.003256990 0.003175680 0.003145150 0.003174980 0.002867630 0.002348390 0.003773590 0.003742640 0.004094680 0.003622570 0.002473390 0.002359620 0.002685300 0.002721180 0.003601540 0.003622830 0.003780070 0.002443600 0.002908890 0.003236970 0.002545140 0.004152030 
5     0.002123780 0.002942570 0.002858700 0.001591870 0.000459100 0.000000000 0.003800570 0.003629550 0.003848630 0.002998720 0.004077570 0.004076070 0.004152540 0.003775100 0.003537020 0.003544940 0.003422730 0.003233570 0.002739240 0.002702660 0.002931890 0.002878020 0.002984590 0.003328000 0.003228660 0.003141000 0.005193050 0.003886590 0.003215320 0.003343020 0.003261710 0.003231180 0.003261010 0.002953660 0.002118170 0.003859620 0.003828670 0.004180710 0.003708600 0.002559420 0.002445650 0.002771330 0.002807210 0.003687570 0.003708860 0.003866100 0.002529630 0.002994920 0.003323000 0.002631170 0.004238060 
10     0.003459490 0.004278280 0.004194410 0.003956460 0.003714540 0.003800570 0.000000000 0.000108870 0.002897080 0.001125010 0.005413280 0.005411780 0.005488250 0.005110810 0.004441810 0.004449730 0.004327520 0.004138360 0.003644030 0.003607450 0.003836680 0.003782810 0.003889380 0.004232790 0.004133450 0.004045790 0.006097840 0.004791380 0.004120110 0.004247810 0.004166500 0.004135970 0.004165800 0.003858450 0.003339210 0.004764410 0.004733460 0.005085500 0.004613390 0.003464210 0.003350440 0.003676120 0.003712000 0.004592360 0.004613650 0.004770890 0.003434420 0.003899710 0.004227790 0.003535960 0.005142850 
2     0.003288470 0.004107260 0.004023390 0.003785440 0.003543520 0.003629550 0.000108870 0.000000000 0.002726060 0.000953990 0.005242260 0.005240760 0.005317230 0.004939790 0.004270790 0.004278710 0.004156500 0.003967340 0.003473010 0.003436430 0.003665660 0.003611790 0.003718360 0.004061770 0.003962430 0.003874770 0.005926820 0.004620360 0.003949090 0.004076790 0.003995480 0.003964950 0.003994780 0.003687430 0.003168190 0.004593390 0.004562440 0.004914480 0.004442370 0.003293190 0.003179420 0.003505100 0.003540980 0.004421340 0.004442630 0.004599870 0.003263400 0.003728690 0.004056770 0.003364940 0.004971830 
3     0.003507550 0.004326340 0.004242470 0.004004520 0.003762600 0.003848630 0.002897080 0.002726060 0.000000000 0.000526290 0.005461340 0.005459840 0.005536310 0.005158870 0.004489870 0.004497790 0.004375580 0.004186420 0.003692090 0.003655510 0.003884740 0.003830870 0.003937440 0.004280850 0.004181510 0.004093850 0.006145900 0.004839440 0.004168170 0.004295870 0.004214560 0.004184030 0.004213860 0.003906510 0.003387270 0.004812470 0.004781520 0.005133560 0.004661450 0.003512270 0.003398500 0.003724180 0.003760060 0.004640420 0.004661710 0.004818950 0.003482480 0.003947770 0.004275850 0.003584020 0.005190910 
13     0.002657640 0.003476430 0.003392560 0.003154610 0.002912690 0.002998720 0.001125010 0.000953990 0.000526290 0.000000000 0.004611430 0.004609930 0.004686400 0.004308960 0.003639960 0.003647880 0.003525670 0.003336510 0.002842180 0.002805600 0.003034830 0.002980960 0.003087530 0.003430940 0.003331600 0.003243940 0.005295990 0.003989530 0.003318260 0.003445960 0.003364650 0.003334120 0.003363950 0.003056600 0.002537360 0.003962560 0.003931610 0.004283650 0.003811540 0.002662360 0.002548590 0.002874270 0.002910150 0.003790510 0.003811800 0.003969040 0.002632570 0.003097860 0.003425940 0.002734110 0.004341000 
8     0.003495350 0.004314140 0.004230270 0.004233460 0.003991540 0.004077570 0.005413280 0.005242260 0.005461340 0.004611430 0.000000000 0.000108520 0.001249590 0.003438610 0.005149730 0.005157650 0.005035440 0.004846280 0.004351950 0.004315370 0.004544600 0.004490730 0.004597300 0.004940710 0.004841370 0.004753710 0.006805760 0.005499300 0.004828030 0.004955730 0.004874420 0.004843890 0.004873720 0.004566370 0.004047130 0.005472330 0.005441380 0.005793420 0.005321310 0.004172130 0.004058360 0.004384040 0.004419920 0.005300280 0.005321570 0.005478810 0.004142340 0.004607630 0.004935710 0.004243880 0.005850770 
11     0.003493850 0.004312640 0.004228770 0.004231960 0.003990040 0.004076070 0.005411780 0.005240760 0.005459840 0.004609930 0.000108520 0.000000000 0.001248090 0.003437110 0.005148230 0.005156150 0.005033940 0.004844780 0.004350450 0.004313870 0.004543100 0.004489230 0.004595800 0.004939210 0.004839870 0.004752210 0.006804260 0.005497800 0.004826530 0.004954230 0.004872920 0.004842390 0.004872220 0.004564870 0.004045630 0.005470830 0.005439880 0.005791920 0.005319810 0.004170630 0.004056860 0.004382540 0.004418420 0.005298780 0.005320070 0.005477310 0.004140840 0.004606130 0.004934210 0.004242380 0.005849270 
14     0.003570320 0.004389110 0.004305240 0.004308430 0.004066510 0.004152540 0.005488250 0.005317230 0.005536310 0.004686400 0.001249590 0.001248090 0.000000000 0.003513580 0.005224700 0.005232620 0.005110410 0.004921250 0.004426920 0.004390340 0.004619570 0.004565700 0.004672270 0.005015680 0.004916340 0.004828680 0.006880730 0.005574270 0.004903000 0.005030700 0.004949390 0.004918860 0.004948690 0.004641340 0.004122100 0.005547300 0.005516350 0.005868390 0.005396280 0.004247100 0.004133330 0.004459010 0.004494890 0.005375250 0.005396540 0.005553780 0.004217310 0.004682600 0.005010680 0.004318850 0.005925740 
1     0.003192880 0.004011670 0.003927800 0.003930990 0.003689070 0.003775100 0.005110810 0.004939790 0.005158870 0.004308960 0.003438610 0.003437110 0.003513580 0.000000000 0.002193990 0.004855180 0.004732970 0.004543810 0.004049480 0.004012900 0.004242130 0.004188260 0.004294830 0.004638240 0.004538900 0.004451240 0.006503290 0.005196830 0.004525560 0.004653260 0.004571950 0.004541420 0.004571250 0.004263900 0.003744660 0.005169860 0.005138910 0.005490950 0.005018840 0.003869660 0.003755890 0.004081570 0.004117450 0.004997810 0.005019100 0.005176340 0.003839870 0.004305160 0.004633240 0.003941410 0.005548300 
43     0.003195940 0.004014730 0.003930860 0.003692910 0.003450990 0.003537020 0.004441810 0.004270790 0.004489870 0.003639960 0.005149730 0.005148230 0.005224700 0.002193990 0.000000000 0.000098540 0.004060250 0.003871090 0.003376760 0.003340180 0.003569410 0.003515540 0.003622110 0.003965520 0.003866180 0.003778520 0.005830570 0.004524110 0.003852840 0.003980540 0.003899230 0.003868700 0.003898530 0.003591180 0.003071940 0.004497140 0.004466190 0.004818230 0.004346120 0.003196940 0.003083170 0.003331110 0.003366990 0.004247350 0.004268640 0.004425880 0.003089410 0.003554700 0.003882780 0.003190950 0.004843380 
41     0.003203860 0.004022650 0.003938780 0.003700830 0.003458910 0.003544940 0.004449730 0.004278710 0.004497790 0.003647880 0.005157650 0.005156150 0.005232620 0.004855180 0.000098540 0.000000000 0.004068170 0.003879010 0.003384680 0.003348100 0.003577330 0.003523460 0.003630030 0.003973440 0.003874100 0.003786440 0.005838490 0.004532030 0.003860760 0.003988460 0.003907150 0.003876620 0.003906450 0.003599100 0.003079860 0.004505060 0.004474110 0.004826150 0.004354040 0.003204860 0.003091090 0.003339030 0.003374910 0.004255270 0.004276560 0.004433800 0.003097330 0.003562620 0.003890700 0.003198870 0.004851300 
30     0.003081650 0.003900440 0.003816570 0.003578620 0.003336700 0.003422730 0.004327520 0.004156500 0.004375580 0.003525670 0.005035440 0.005033940 0.005110410 0.004732970 0.004060250 0.004068170 0.000000000 0.003108680 0.002614350 0.002577770 0.002807000 0.002753130 0.002859700 0.003203110 0.003103770 0.003016110 0.005068160 0.003761700 0.003090430 0.003218130 0.003136820 0.003106290 0.003136120 0.002828770 0.002309530 0.003734730 0.003703780 0.004055820 0.003583710 0.002434530 0.002320760 0.003294560 0.003330440 0.004210800 0.004232090 0.004389330 0.003052860 0.003518150 0.003846230 0.003154400 0.004761290 
17     0.002892490 0.003711280 0.003627410 0.003389460 0.003147540 0.003233570 0.004138360 0.003967340 0.004186420 0.003336510 0.004846280 0.004844780 0.004921250 0.004543810 0.003871090 0.003879010 0.003108680 0.000000000 0.000063380 0.000983650 0.001212880 0.001159010 0.001265580 0.001618190 0.001518850 0.001869750 0.002045150 0.002615340 0.001944070 0.002071770 0.001990460 0.001959930 0.001989760 0.001682410 0.001163170 0.003363570 0.003332620 0.003684660 0.003212550 0.002151650 0.002037880 0.003105400 0.003141280 0.004021640 0.004042930 0.004200170 0.002863700 0.003328990 0.003657070 0.002965240 0.004572130 
40     0.002398160 0.003216950 0.003133080 0.002895130 0.002653210 0.002739240 0.003644030 0.003473010 0.003692090 0.002842180 0.004351950 0.004350450 0.004426920 0.004049480 0.003376760 0.003384680 0.002614350 0.000063380 0.000000000 0.000456220 0.000685450 0.000631580 0.000738150 0.001123860 0.001024520 0.001375420 0.002988910 0.002024040 0.001449740 0.001577440 0.001496130 0.001465600 0.001495430 0.001188080 0.000668840 0.002869240 0.002838290 0.003190330 0.002718220 0.001657320 0.001543550 0.002611070 0.002646950 0.003527310 0.003548600 0.003705840 0.002369370 0.002834660 0.003162740 0.002470910 0.004077800 
32     0.002361580 0.003180370 0.003096500 0.002858550 0.002616630 0.002702660 0.003607450 0.003436430 0.003655510 0.002805600 0.004315370 0.004313870 0.004390340 0.004012900 0.003340180 0.003348100 0.002577770 0.000983650 0.000456220 0.000000000 0.000330350 0.000332940 0.000439510 0.001087280 0.000987940 0.001338840 0.002952330 0.002084430 0.001413160 0.001540860 0.001459550 0.001429020 0.001458850 0.001151500 0.000632260 0.002832660 0.002801710 0.003153750 0.002681640 0.001620740 0.001506970 0.002574490 0.002610370 0.003490730 0.003512020 0.003669260 0.002332790 0.002798080 0.003126160 0.002434330 0.004041220 
48     0.002590810 0.003409600 0.003325730 0.003087780 0.002845860 0.002931890 0.003836680 0.003665660 0.003884740 0.003034830 0.004544600 0.004543100 0.004619570 0.004242130 0.003569410 0.003577330 0.002807000 0.001212880 0.000685450 0.000330350 0.000000000 0.000003170 0.000597840 0.001316510 0.001217170 0.001568070 0.003181560 0.002313660 0.001642390 0.001770090 0.001688780 0.001658250 0.001688080 0.001380730 0.000861490 0.003061890 0.003030940 0.003382980 0.002910870 0.001849970 0.001736200 0.002803720 0.002839600 0.003719960 0.003741250 0.003898490 0.002562020 0.003027310 0.003355390 0.002663560 0.004270450 
44     0.002536940 0.003355730 0.003271860 0.003033910 0.002791990 0.002878020 0.003782810 0.003611790 0.003830870 0.002980960 0.004490730 0.004489230 0.004565700 0.004188260 0.003515540 0.003523460 0.002753130 0.001159010 0.000631580 0.000332940 0.000003170 0.000000000 0.000401410 0.001262640 0.001163300 0.001514200 0.003127690 0.002259790 0.001588520 0.001716220 0.001634910 0.001604380 0.001634210 0.001326860 0.000807620 0.003008020 0.002977070 0.003329110 0.002857000 0.001796100 0.001682330 0.002749850 0.002785730 0.003666090 0.003687380 0.003844620 0.002508150 0.002973440 0.003301520 0.002609690 0.004216580 
37     0.002643510 0.003462300 0.003378430 0.003140480 0.002898560 0.002984590 0.003889380 0.003718360 0.003937440 0.003087530 0.004597300 0.004595800 0.004672270 0.004294830 0.003622110 0.003630030 0.002859700 0.001265580 0.000738150 0.000439510 0.000597840 0.000401410 0.000000000 0.001369210 0.001269870 0.001620770 0.003234260 0.002366360 0.001695090 0.001822790 0.001741480 0.001710950 0.001740780 0.001433430 0.000914190 0.003114590 0.003083640 0.003435680 0.002963570 0.001902670 0.001788900 0.002856420 0.002892300 0.003772660 0.003793950 0.003951190 0.002614720 0.003080010 0.003408090 0.002716260 0.004323150 
29     0.002986920 0.003805710 0.003721840 0.003483890 0.003241970 0.003328000 0.004232790 0.004061770 0.004280850 0.003430940 0.004940710 0.004939210 0.005015680 0.004638240 0.003965520 0.003973440 0.003203110 0.001618190 0.001123860 0.001087280 0.001316510 0.001262640 0.001369210 0.000000000 0.000009110 0.001964180 0.001665200 0.002709770 0.002038500 0.002166200 0.002084890 0.002054360 0.000294080 0.001776840 0.001257600 0.003458000 0.003427050 0.003779090 0.003306980 0.002246080 0.002132310 0.003199830 0.003235710 0.004116070 0.004137360 0.004294600 0.002958130 0.003423420 0.003751500 0.003059670 0.004666560 
46     0.002887580 0.003706370 0.003622500 0.003384550 0.003142630 0.003228660 0.004133450 0.003962430 0.004181510 0.003331600 0.004841370 0.004839870 0.004916340 0.004538900 0.003866180 0.003874100 0.003103770 0.001518850 0.001024520 0.000987940 0.001217170 0.001163300 0.001269870 0.000009110 0.000000000 0.001864840 0.000507830 0.002610430 0.001939160 0.002066860 0.001985550 0.001955020 0.000303170 0.001677500 0.001158260 0.003358660 0.003327710 0.003679750 0.003207640 0.002146740 0.002032970 0.003100490 0.003136370 0.004016730 0.004038020 0.004195260 0.002858790 0.003324080 0.003652160 0.002960330 0.004567220 
27     0.002799920 0.003618710 0.003534840 0.003296890 0.003054970 0.003141000 0.004045790 0.003874770 0.004093850 0.003243940 0.004753710 0.004752210 0.004828680 0.004451240 0.003778520 0.003786440 0.003016110 0.001869750 0.001375420 0.001338840 0.001568070 0.001514200 0.001620770 0.001964180 0.001864840 0.000000000 0.000892580 0.002368410 0.001697140 0.001824840 0.001743530 0.001713000 0.001742830 0.001435480 0.000916240 0.003271000 0.003240050 0.003592090 0.003119980 0.002059080 0.001945310 0.003012830 0.003048710 0.003929070 0.003950360 0.004107600 0.002771130 0.003236420 0.003564500 0.002872670 0.004479560 
23     0.004851970 0.005670760 0.005586890 0.005348940 0.005107020 0.005193050 0.006097840 0.005926820 0.006145900 0.005295990 0.006805760 0.006804260 0.006880730 0.006503290 0.005830570 0.005838490 0.005068160 0.002045150 0.002988910 0.002952330 0.003181560 0.003127690 0.003234260 0.001665200 0.000507830 0.000892580 0.000000000 0.004574820 0.003903550 0.004031250 0.003949940 0.003919410 0.003949240 0.003641890 0.003122650 0.005323050 0.005292100 0.005644140 0.005172030 0.004111130 0.003997360 0.005064880 0.005100760 0.005981120 0.006002410 0.006159650 0.004823180 0.005288470 0.005616550 0.004924720 0.006531610 
15     0.003545510 0.004364300 0.004280430 0.004042480 0.003800560 0.003886590 0.004791380 0.004620360 0.004839440 0.003989530 0.005499300 0.005497800 0.005574270 0.005196830 0.004524110 0.004532030 0.003761700 0.002615340 0.002024040 0.002084430 0.002313660 0.002259790 0.002366360 0.002709770 0.002610430 0.002368410 0.004574820 0.000000000 0.002241170 0.002368870 0.002295440 0.002264910 0.002294740 0.001979510 0.001555770 0.004016590 0.003985640 0.004337680 0.003865570 0.002804670 0.002690900 0.003758420 0.003794300 0.004674660 0.004695950 0.004853190 0.003516720 0.003982010 0.004310090 0.003618260 0.005225150 
38     0.002874240 0.003693030 0.003609160 0.003371210 0.003129290 0.003215320 0.004120110 0.003949090 0.004168170 0.003318260 0.004828030 0.004826530 0.004903000 0.004525560 0.003852840 0.003860760 0.003090430 0.001944070 0.001449740 0.001413160 0.001642390 0.001588520 0.001695090 0.002038500 0.001939160 0.001697140 0.003903550 0.002241170 0.000000000 0.001035060 0.001624170 0.001593640 0.001623470 0.001070040 0.000884500 0.003345320 0.003314370 0.003666410 0.003194300 0.002133400 0.002019630 0.003087150 0.003123030 0.004003390 0.004024680 0.004181920 0.002845450 0.003310740 0.003638820 0.002946990 0.004553880 
45     0.003001940 0.003820730 0.003736860 0.003498910 0.003256990 0.003343020 0.004247810 0.004076790 0.004295870 0.003445960 0.004955730 0.004954230 0.005030700 0.004653260 0.003980540 0.003988460 0.003218130 0.002071770 0.001577440 0.001540860 0.001770090 0.001716220 0.001822790 0.002166200 0.002066860 0.001824840 0.004031250 0.002368870 0.001035060 0.000000000 0.001751870 0.001721340 0.001751170 0.001197740 0.001012200 0.003473020 0.003442070 0.003794110 0.003322000 0.002261100 0.002147330 0.003214850 0.003250730 0.004131090 0.004152380 0.004309620 0.002973150 0.003438440 0.003766520 0.003074690 0.004681580 
25     0.002920630 0.003739420 0.003655550 0.003417600 0.003175680 0.003261710 0.004166500 0.003995480 0.004214560 0.003364650 0.004874420 0.004872920 0.004949390 0.004571950 0.003899230 0.003907150 0.003136820 0.001990460 0.001496130 0.001459550 0.001688780 0.001634910 0.001741480 0.002084890 0.001985550 0.001743530 0.003949940 0.002295440 0.001624170 0.001751870 0.000000000 0.000559570 0.000965170 0.000316640 0.000930890 0.003391710 0.003360760 0.003712800 0.003240690 0.002179790 0.002066020 0.003133540 0.003169420 0.004049780 0.004071070 0.004228310 0.002891840 0.003357130 0.003685210 0.002993380 0.004600270 
20     0.002890100 0.003708890 0.003625020 0.003387070 0.003145150 0.003231180 0.004135970 0.003964950 0.004184030 0.003334120 0.004843890 0.004842390 0.004918860 0.004541420 0.003868700 0.003876620 0.003106290 0.001959930 0.001465600 0.001429020 0.001658250 0.001604380 0.001710950 0.002054360 0.001955020 0.001713000 0.003919410 0.002264910 0.001593640 0.001721340 0.000559570 0.000000000 0.000943110 0.001331980 0.000900360 0.003361180 0.003330230 0.003682270 0.003210160 0.002149260 0.002035490 0.003103010 0.003138890 0.004019250 0.004040540 0.004197780 0.002861310 0.003326600 0.003654680 0.002962850 0.004569740 
42     0.002919930 0.003738720 0.003654850 0.003416900 0.003174980 0.003261010 0.004165800 0.003994780 0.004213860 0.003363950 0.004873720 0.004872220 0.004948690 0.004571250 0.003898530 0.003906450 0.003136120 0.001989760 0.001495430 0.001458850 0.001688080 0.001634210 0.001740780 0.000294080 0.000303170 0.001742830 0.003949240 0.002294740 0.001623470 0.001751170 0.000965170 0.000943110 0.000000000 0.000786150 0.000930190 0.003391010 0.003360060 0.003712100 0.003239990 0.002179090 0.002065320 0.003132840 0.003168720 0.004049080 0.004070370 0.004227610 0.002891140 0.003356430 0.003684510 0.002992680 0.004599570 
19     0.002612580 0.003348910 0.003347500 0.003109550 0.002867630 0.002953660 0.003858450 0.003687430 0.003906510 0.003056600 0.004566370 0.004564870 0.004641340 0.004263900 0.003591180 0.003599100 0.002828770 0.001682410 0.001188080 0.001151500 0.001380730 0.001326860 0.001433430 0.001776840 0.001677500 0.001435480 0.003641890 0.001979510 0.001070040 0.001197740 0.000316640 0.001331980 0.000786150 0.000000000 0.000622840 0.003083660 0.003052710 0.003404750 0.002932640 0.001871740 0.001757970 0.002825490 0.002426190 0.003741730 0.003763020 0.003920260 0.002583790 0.003049080 0.003377160 0.002685330 0.004292220 
49     0.002093340 0.002912130 0.002828260 0.002590310 0.002348390 0.002118170 0.003339210 0.003168190 0.003387270 0.002537360 0.004047130 0.004045630 0.004122100 0.003744660 0.003071940 0.003079860 0.002309530 0.001163170 0.000668840 0.000632260 0.000861490 0.000807620 0.000914190 0.001257600 0.001158260 0.000916240 0.003122650 0.001555770 0.000884500 0.001012200 0.000930890 0.000900360 0.000930190 0.000622840 0.000000000 0.002564420 0.002533470 0.002885510 0.002413400 0.001352500 0.001238730 0.002306250 0.002342130 0.001706810 0.003243780 0.003401020 0.002064550 0.002529840 0.002857920 0.002166090 0.003772980 
16     0.003518540 0.004337330 0.004253460 0.004015510 0.003773590 0.003859620 0.004764410 0.004593390 0.004812470 0.003962560 0.005472330 0.005470830 0.005547300 0.005169860 0.004497140 0.004505060 0.003734730 0.003363570 0.002869240 0.002832660 0.003061890 0.003008020 0.003114590 0.003458000 0.003358660 0.003271000 0.005323050 0.004016590 0.003345320 0.003473020 0.003391710 0.003361180 0.003391010 0.003083660 0.002564420 0.000000000 0.000655940 0.002018730 0.001090420 0.002777700 0.002663930 0.003731450 0.003767330 0.004647690 0.004668980 0.004826220 0.003489750 0.003955040 0.004283120 0.003591290 0.005198180 
50     0.003487590 0.004306380 0.004222510 0.003984560 0.003742640 0.003828670 0.004733460 0.004562440 0.004781520 0.003931610 0.005441380 0.005439880 0.005516350 0.005138910 0.004466190 0.004474110 0.003703780 0.003332620 0.002838290 0.002801710 0.003030940 0.002977070 0.003083640 0.003427050 0.003327710 0.003240050 0.005292100 0.003985640 0.003314370 0.003442070 0.003360760 0.003330230 0.003360060 0.003052710 0.002533470 0.000655940 0.000000000 0.000910380 0.001515670 0.002746750 0.002632980 0.003700500 0.003736380 0.004616740 0.004638030 0.004795270 0.003458800 0.003924090 0.004252170 0.003560340 0.005167230 
28     0.003839630 0.004658420 0.004574550 0.004336600 0.004094680 0.004180710 0.005085500 0.004914480 0.005133560 0.004283650 0.005793420 0.005791920 0.005868390 0.005490950 0.004818230 0.004826150 0.004055820 0.003684660 0.003190330 0.003153750 0.003382980 0.003329110 0.003435680 0.003779090 0.003679750 0.003592090 0.005644140 0.004337680 0.003666410 0.003794110 0.003712800 0.003682270 0.003712100 0.003404750 0.002885510 0.002018730 0.000910380 0.000000000 0.001867710 0.003098790 0.002985020 0.004052540 0.004088420 0.004968780 0.004990070 0.005147310 0.003810840 0.004276130 0.004604210 0.003912380 0.005519270 
34     0.003367520 0.004186310 0.004102440 0.003864490 0.003622570 0.003708600 0.004613390 0.004442370 0.004661450 0.003811540 0.005321310 0.005319810 0.005396280 0.005018840 0.004346120 0.004354040 0.003583710 0.003212550 0.002718220 0.002681640 0.002910870 0.002857000 0.002963570 0.003306980 0.003207640 0.003119980 0.005172030 0.003865570 0.003194300 0.003322000 0.003240690 0.003210160 0.003239990 0.002932640 0.002413400 0.001090420 0.001515670 0.001867710 0.000000000 0.002626680 0.002512910 0.003580430 0.003616310 0.004496670 0.004517960 0.004675200 0.003338730 0.002489780 0.004132100 0.003440270 0.005047160 
47     0.002218340 0.003037130 0.002953260 0.002715310 0.002473390 0.002559420 0.003464210 0.003293190 0.003512270 0.002662360 0.004172130 0.004170630 0.004247100 0.003869660 0.003196940 0.003204860 0.002434530 0.002151650 0.001657320 0.001620740 0.001849970 0.001796100 0.001902670 0.002246080 0.002146740 0.002059080 0.004111130 0.002804670 0.002133400 0.002261100 0.002179790 0.002149260 0.002179090 0.001871740 0.001352500 0.002777700 0.002746750 0.003098790 0.002626680 0.000000000 0.000461950 0.002431250 0.002467130 0.003347490 0.003368780 0.003526020 0.002189550 0.002654840 0.002982920 0.002291090 0.003897980 
39     0.002104570 0.002923360 0.002839490 0.002601540 0.002359620 0.002445650 0.003350440 0.003179420 0.003398500 0.002548590 0.004058360 0.004056860 0.004133330 0.003755890 0.003083170 0.003091090 0.002320760 0.002037880 0.001543550 0.001506970 0.001736200 0.001682330 0.001788900 0.002132310 0.002032970 0.001945310 0.003997360 0.002690900 0.002019630 0.002147330 0.002066020 0.002035490 0.002065320 0.001757970 0.001238730 0.002663930 0.002632980 0.002985020 0.002512910 0.000461950 0.000000000 0.002317480 0.002353360 0.003233720 0.003255010 0.003412250 0.002075780 0.002541070 0.002869150 0.002177320 0.003784210 
36     0.002430250 0.003249040 0.003165170 0.002927220 0.002685300 0.002771330 0.003676120 0.003505100 0.003724180 0.002874270 0.004384040 0.004382540 0.004459010 0.004081570 0.003331110 0.003339030 0.003294560 0.003105400 0.002611070 0.002574490 0.002803720 0.002749850 0.002856420 0.003199830 0.003100490 0.003012830 0.005064880 0.003758420 0.003087150 0.003214850 0.003133540 0.003103010 0.003132840 0.002825490 0.002306250 0.003731450 0.003700500 0.004052540 0.003580430 0.002431250 0.002317480 0.000000000 0.000252320 0.002733120 0.002754410 0.002911650 0.001575180 0.002040470 0.002368550 0.001676720 0.004077690 
35     0.002466130 0.003284920 0.003201050 0.002963100 0.002721180 0.002807210 0.003712000 0.003540980 0.003760060 0.002910150 0.004419920 0.004418420 0.004494890 0.004117450 0.003366990 0.003374910 0.003330440 0.003141280 0.002646950 0.002610370 0.002839600 0.002785730 0.002892300 0.003235710 0.003136370 0.003048710 0.005100760 0.003794300 0.003123030 0.003250730 0.003169420 0.003138890 0.003168720 0.002426190 0.002342130 0.003767330 0.003736380 0.004088420 0.003616310 0.002467130 0.002353360 0.000252320 0.000000000 0.002769000 0.002790290 0.002947530 0.001611060 0.002076350 0.002404430 0.001712600 0.004113570 
22     0.003346490 0.004165280 0.004081410 0.003843460 0.003601540 0.003687570 0.004592360 0.004421340 0.004640420 0.003790510 0.005300280 0.005298780 0.005375250 0.004997810 0.004247350 0.004255270 0.004210800 0.004021640 0.003527310 0.003490730 0.003719960 0.003666090 0.003772660 0.004116070 0.004016730 0.003929070 0.005981120 0.004674660 0.004003390 0.004131090 0.004049780 0.004019250 0.004049080 0.003741730 0.001706810 0.004647690 0.004616740 0.004968780 0.004496670 0.003347490 0.003233720 0.002733120 0.002769000 0.000000000 0.000057370 0.000078430 0.002278340 0.002743630 0.002703530 0.002011700 0.004993930 
21     0.003367780 0.004186570 0.004102700 0.003864750 0.003622830 0.003708860 0.004613650 0.004442630 0.004661710 0.003811800 0.005321570 0.005320070 0.005396540 0.005019100 0.004268640 0.004276560 0.004232090 0.004042930 0.003548600 0.003512020 0.003741250 0.003687380 0.003793950 0.004137360 0.004038020 0.003950360 0.006002410 0.004695950 0.004024680 0.004152380 0.004071070 0.004040540 0.004070370 0.003763020 0.003243780 0.004668980 0.004638030 0.004990070 0.004517960 0.003368780 0.003255010 0.002754410 0.002790290 0.000057370 0.000000000 0.000466580 0.002299630 0.002764920 0.002724820 0.002032990 0.005015220 
24     0.003525020 0.004343810 0.004259940 0.004021990 0.003780070 0.003866100 0.004770890 0.004599870 0.004818950 0.003969040 0.005478810 0.005477310 0.005553780 0.005176340 0.004425880 0.004433800 0.004389330 0.004200170 0.003705840 0.003669260 0.003898490 0.003844620 0.003951190 0.004294600 0.004195260 0.004107600 0.006159650 0.004853190 0.004181920 0.004309620 0.004228310 0.004197780 0.004227610 0.003920260 0.003401020 0.004826220 0.004795270 0.005147310 0.004675200 0.003526020 0.003412250 0.002911650 0.002947530 0.000078430 0.000466580 0.000000000 0.002456870 0.002922160 0.002882060 0.002190230 0.005172460 
26     0.002188550 0.003007340 0.002923470 0.002685520 0.002443600 0.002529630 0.003434420 0.003263400 0.003482480 0.002632570 0.004142340 0.004140840 0.004217310 0.003839870 0.003089410 0.003097330 0.003052860 0.002863700 0.002369370 0.002332790 0.002562020 0.002508150 0.002614720 0.002958130 0.002858790 0.002771130 0.004823180 0.003516720 0.002845450 0.002973150 0.002891840 0.002861310 0.002891140 0.002583790 0.002064550 0.003489750 0.003458800 0.003810840 0.003338730 0.002189550 0.002075780 0.001575180 0.001611060 0.002278340 0.002299630 0.002456870 0.000000000 0.001371450 0.001913770 0.001221940 0.003835990 
18     0.002653840 0.003472630 0.003388760 0.003150810 0.002908890 0.002994920 0.003899710 0.003728690 0.003947770 0.003097860 0.004607630 0.004606130 0.004682600 0.004305160 0.003554700 0.003562620 0.003518150 0.003328990 0.002834660 0.002798080 0.003027310 0.002973440 0.003080010 0.003423420 0.003324080 0.003236420 0.005288470 0.003982010 0.003310740 0.003438440 0.003357130 0.003326600 0.003356430 0.003049080 0.002529840 0.003955040 0.003924090 0.004276130 0.002489780 0.002654840 0.002541070 0.002040470 0.002076350 0.002743630 0.002764920 0.002922160 0.001371450 0.000000000 0.002379060 0.001687230 0.004301280 
31     0.002981920 0.003800710 0.003716840 0.003478890 0.003236970 0.003323000 0.004227790 0.004056770 0.004275850 0.003425940 0.004935710 0.004934210 0.005010680 0.004633240 0.003882780 0.003890700 0.003846230 0.003657070 0.003162740 0.003126160 0.003355390 0.003301520 0.003408090 0.003751500 0.003652160 0.003564500 0.005616550 0.004310090 0.003638820 0.003766520 0.003685210 0.003654680 0.003684510 0.003377160 0.002857920 0.004283120 0.004252170 0.004604210 0.004132100 0.002982920 0.002869150 0.002368550 0.002404430 0.002703530 0.002724820 0.002882060 0.001913770 0.002379060 0.000000000 0.001564930 0.004629360 
33     0.002290090 0.003108880 0.003025010 0.002787060 0.002545140 0.002631170 0.003535960 0.003364940 0.003584020 0.002734110 0.004243880 0.004242380 0.004318850 0.003941410 0.003190950 0.003198870 0.003154400 0.002965240 0.002470910 0.002434330 0.002663560 0.002609690 0.002716260 0.003059670 0.002960330 0.002872670 0.004924720 0.003618260 0.002946990 0.003074690 0.002993380 0.002962850 0.002992680 0.002685330 0.002166090 0.003591290 0.003560340 0.003912380 0.003440270 0.002291090 0.002177320 0.001676720 0.001712600 0.002011700 0.002032990 0.002190230 0.001221940 0.001687230 0.001564930 0.000000000 0.003937530 
0     0.003896980 0.004715770 0.004631900 0.004393950 0.004152030 0.004238060 0.005142850 0.004971830 0.005190910 0.004341000 0.005850770 0.005849270 0.005925740 0.005548300 0.004843380 0.004851300 0.004761290 0.004572130 0.004077800 0.004041220 0.004270450 0.004216580 0.004323150 0.004666560 0.004567220 0.004479560 0.006531610 0.005225150 0.004553880 0.004681580 0.004600270 0.004569740 0.004599570 0.004292220 0.003772980 0.005198180 0.005167230 0.005519270 0.005047160 0.003897980 0.003784210 0.004077690 0.004113570 0.004993930 0.005015220 0.005172460 0.003835990 0.004301280 0.004629360 0.003937530 0.000000000 
