51
3     0.000000000 0.105481037 0.206436349 0.199779313 0.286686102 0.294527738 0.257229593 0.461211439 0.459006022 0.379243174 0.599835060 0.603431996 0.430563783 0.416028890 0.502046914 0.427411799 0.446936981 0.458294745 0.481596799 0.490979873 0.448987851 0.444312354 0.568342292 0.507212640 0.503307069 0.588301725 0.439374925 0.453452447 0.442787326 0.460874212 0.507567010 0.468275151 0.444228609 0.453678719 0.458582147 0.466303374 0.471528935 0.429615261 0.415890894 0.449892564 0.400094438 0.381910762 0.383617419 0.501653572 0.454724683 0.509834039 0.444114297 0.465139866 0.423328859 0.397618426 0.636317244 
4     0.105481037 0.000000000 0.186993586 0.180271353 0.266800077 0.274462143 0.237141755 0.441131825 0.438899757 0.357152737 0.578308665 0.581905602 0.408962096 0.394429388 0.480442705 0.405672877 0.425330659 0.437003518 0.460539566 0.469618070 0.427626049 0.422950552 0.546980489 0.485850838 0.481945267 0.566939923 0.418265197 0.432342719 0.421677599 0.439764484 0.486457283 0.447049502 0.423183588 0.432556035 0.437459463 0.445187889 0.450465067 0.408221946 0.394497579 0.428666633 0.378801185 0.360613042 0.362280005 0.480405406 0.433476517 0.488585873 0.422878008 0.443891699 0.402080692 0.376370260 0.615230790 
6     0.206436349 0.186993586 0.000000000 0.049226302 0.231969068 0.239333958 0.201662814 0.405119538 0.401945405 0.323261651 0.543917041 0.547513977 0.374662227 0.360076863 0.446144932 0.371518727 0.391299885 0.402081222 0.426030447 0.435108951 0.393116930 0.388441433 0.512508083 0.451487493 0.447589934 0.532614460 0.383840540 0.397925469 0.387370931 0.405400599 0.452190763 0.412961366 0.388493304 0.397982240 0.402885668 0.410679093 0.415800812 0.374030505 0.360306139 0.394559983 0.344529571 0.326487260 0.327976702 0.446224798 0.399224980 0.454419316 0.388740573 0.409614588 0.367903475 0.342196905 0.581262097 
9     0.199779313 0.180271353 0.049226302 0.000000000 0.225010410 0.232019794 0.194348651 0.397918921 0.394744189 0.316609614 0.537223715 0.540820651 0.367971584 0.353386219 0.439408097 0.364954073 0.384704476 0.395413197 0.419095272 0.428173776 0.386181755 0.381506258 0.505536825 0.444552317 0.440654759 0.525679285 0.376504158 0.390549253 0.379996768 0.398149135 0.444984127 0.405850587 0.381454087 0.390816913 0.395720341 0.403626622 0.408635484 0.366800637 0.353051770 0.387281810 0.337132456 0.319124094 0.320869078 0.439116106 0.392116287 0.447294286 0.381594015 0.402468030 0.360761627 0.335055056 0.574275372 
5     0.286686102 0.266800077 0.231969068 0.225010410 0.000000000 0.285983798 0.248849602 0.452861057 0.449771809 0.370618910 0.590893266 0.594490202 0.421778466 0.407190893 0.493082058 0.418619094 0.438511309 0.449047040 0.473279821 0.482320758 0.440322390 0.435653240 0.559804276 0.498674557 0.494776998 0.580236539 0.430501050 0.444882133 0.434217012 0.452303898 0.499390030 0.460168074 0.436114224 0.445435054 0.450338481 0.458118524 0.463344086 0.421099308 0.407374941 0.441364143 0.391558327 0.373547277 0.374815902 0.492716375 0.445625330 0.500821221 0.435135278 0.455988333 0.414012435 0.388467236 0.628001799 
1     0.294527738 0.274462143 0.239333958 0.232019794 0.285983798 0.000000000 0.114187685 0.434026462 0.430964819 0.350372276 0.570348473 0.573945409 0.401386409 0.386792185 0.472812280 0.398210247 0.418176428 0.428782322 0.452240326 0.461281263 0.419016702 0.414613745 0.538574511 0.477411691 0.473385216 0.559140746 0.410287827 0.424356532 0.413691411 0.431778297 0.478439695 0.439379429 0.415219033 0.424535936 0.429439364 0.437263199 0.442534122 0.400254559 0.386530193 0.420682868 0.370984447 0.352715387 0.353708043 0.472463256 0.425151515 0.480569633 0.414805002 0.435492180 0.393980367 0.368165457 0.606664917 
7     0.257229593 0.237141755 0.201662814 0.194348651 0.248849602 0.114187685 0.000000000 0.396583439 0.393515128 0.313598542 0.533030662 0.536627598 0.364487707 0.349893483 0.435913578 0.361267601 0.381277725 0.391990407 0.415951289 0.424992226 0.382778191 0.378324708 0.502447854 0.441304700 0.437421052 0.522865668 0.373218157 0.387286861 0.376621740 0.394708626 0.441368550 0.402405014 0.378193249 0.387420606 0.392324033 0.400237415 0.405462976 0.363175503 0.349477083 0.383742984 0.333855196 0.315586136 0.316928645 0.435071053 0.387752118 0.443185798 0.377377975 0.398120721 0.357042029 0.331238379 0.569816567 
2     0.461211439 0.441131825 0.405119538 0.397918921 0.452861057 0.434026462 0.396583439 0.000000000 0.085631049 0.480940324 0.701433384 0.705030321 0.531820736 0.517203106 0.602811056 0.528969987 0.548884822 0.559499831 0.583531960 0.592549567 0.550585125 0.545882048 0.670064500 0.608854125 0.604956567 0.690403263 0.541997247 0.556024959 0.545359838 0.563446724 0.609819745 0.571366341 0.547064365 0.556444242 0.561347670 0.569068666 0.574294227 0.531606635 0.517882268 0.552079602 0.501922831 0.483454021 0.485241866 0.603871343 0.556670393 0.612127446 0.545726185 0.567007764 0.524816735 0.499437840 0.738224736 
8     0.459006022 0.438899757 0.401945405 0.394744189 0.449771809 0.430964819 0.393515128 0.085631049 0.000000000 0.477718487 0.698211547 0.701808483 0.528472974 0.513856168 0.599578078 0.525627368 0.545542204 0.556287459 0.580319588 0.589337195 0.547372753 0.542669676 0.666852129 0.605641754 0.601744195 0.687190891 0.538732977 0.552760689 0.542095568 0.560182454 0.606555476 0.568102071 0.543800095 0.553179973 0.558083400 0.565804396 0.571029957 0.528342365 0.514617999 0.548789716 0.498658561 0.480189752 0.481977596 0.599611082 0.552410132 0.607867185 0.541660148 0.562530811 0.521886741 0.496400522 0.735160299 
19     0.379243174 0.357152737 0.323261651 0.316609614 0.370618910 0.350372276 0.313598542 0.480940324 0.477718487 0.000000000 0.350923897 0.354373137 0.182177593 0.168412112 0.253338937 0.178865142 0.198766655 0.280731576 0.303665484 0.312090367 0.271068584 0.265861647 0.389371173 0.327847856 0.324272200 0.409138623 0.315680337 0.329417077 0.318637283 0.336575072 0.382707929 0.343928716 0.319914152 0.329334913 0.333826404 0.341562953 0.346863153 0.304009992 0.290052223 0.324894837 0.276270298 0.256735747 0.256890925 0.376375700 0.328750543 0.384679847 0.318508670 0.339158050 0.297747710 0.271957432 0.526863468 
46     0.599835060 0.578308665 0.543917041 0.537223715 0.590893266 0.570348473 0.533030662 0.701433384 0.698211547 0.350923897 0.000000000 0.100649500 0.312794586 0.299511316 0.400644108 0.327128335 0.346005464 0.499549411 0.521909987 0.530502638 0.489635213 0.484428276 0.607981612 0.546378749 0.542954955 0.627280663 0.535238948 0.548943590 0.538142101 0.556114086 0.602264440 0.563586538 0.538702207 0.548893311 0.553391188 0.561104538 0.566319634 0.523521198 0.509628531 0.544429849 0.495814703 0.476594743 0.476727226 0.595545874 0.547868742 0.603935499 0.537573703 0.558374906 0.516151820 0.489947396 0.745789099 
13     0.603431996 0.581905602 0.547513977 0.540820651 0.594490202 0.573945409 0.536627598 0.705030321 0.701808483 0.354373137 0.100649500 0.000000000 0.316442579 0.303159309 0.403926660 0.330470398 0.349347527 0.503073638 0.525434214 0.534043857 0.493159441 0.487952503 0.611505840 0.549902976 0.546479183 0.630804890 0.538836485 0.552541127 0.541739637 0.559711623 0.605861977 0.567184075 0.542299744 0.552490848 0.556988725 0.564702075 0.569917171 0.527118735 0.513226068 0.548027386 0.499412240 0.480192280 0.480324763 0.599143411 0.551466279 0.607533036 0.541171240 0.561972443 0.519749357 0.493544933 0.749377529 
34     0.430563783 0.408962096 0.374662227 0.367971584 0.421778466 0.401386409 0.364487707 0.531820736 0.528472974 0.182177593 0.312794586 0.316442579 0.000000000 0.048105649 0.230176009 0.156220182 0.175760365 0.330411285 0.353064171 0.361638314 0.320136454 0.314929517 0.438766025 0.377215021 0.373561312 0.458619152 0.365341051 0.379074949 0.368199684 0.386127230 0.432289263 0.393160235 0.369212311 0.379022040 0.383646281 0.391233267 0.396448363 0.353773583 0.339880915 0.374663780 0.325436706 0.306921231 0.307034385 0.426794255 0.378998253 0.435103774 0.368731874 0.389622993 0.347845662 0.321654328 0.576719925 
40     0.416028890 0.394429388 0.360076863 0.353386219 0.407190893 0.386792185 0.349893483 0.517203106 0.513856168 0.168412112 0.299511316 0.303159309 0.048105649 0.000000000 0.216356246 0.142466192 0.162006375 0.316380559 0.339033445 0.347557699 0.306106481 0.300899543 0.424735300 0.363184296 0.359584032 0.444588427 0.350915473 0.364620115 0.353819851 0.371672396 0.417834429 0.379397322 0.354710731 0.364520460 0.369144701 0.376731687 0.381946783 0.339246796 0.325354129 0.359959093 0.310957303 0.292441828 0.292445596 0.410944305 0.363153356 0.419134517 0.353347631 0.374282246 0.332320206 0.306067141 0.562078869 
15     0.502046914 0.480442705 0.446144932 0.439408097 0.493082058 0.472812280 0.435913578 0.602811056 0.599578078 0.253338937 0.400644108 0.403926660 0.230176009 0.216356246 0.000000000 0.184910143 0.204692784 0.401433654 0.424045737 0.432751903 0.391493667 0.386307054 0.509962415 0.448363163 0.444828593 0.529632627 0.437231911 0.451109681 0.440299491 0.457862343 0.503994625 0.464583833 0.440602728 0.450502055 0.454754818 0.462730096 0.467535890 0.425546136 0.411653469 0.446412493 0.397658619 0.378426592 0.378832976 0.498240501 0.450463727 0.506652358 0.440418403 0.461276207 0.419331244 0.393239990 0.649196469 
41     0.427411799 0.405672877 0.371518727 0.364954073 0.418619094 0.398210247 0.361267601 0.528969987 0.525627368 0.178865142 0.327128335 0.330470398 0.156220182 0.142466192 0.184910143 0.000000000 0.064509217 0.326646324 0.349215906 0.357924409 0.316716643 0.311509705 0.434748825 0.373099102 0.369652145 0.454227136 0.362801789 0.376489474 0.365679284 0.383302703 0.429517566 0.390573390 0.366649767 0.376435636 0.380872408 0.388515823 0.393851245 0.351131710 0.337239043 0.371912171 0.323270826 0.304132272 0.304138950 0.423343332 0.375573839 0.431676302 0.365442347 0.386389805 0.344461121 0.318090654 0.572965691 
43     0.446936981 0.425330659 0.391299885 0.384704476 0.438511309 0.418176428 0.381277725 0.548884822 0.545542204 0.198766655 0.346005464 0.349347527 0.175760365 0.162006375 0.204692784 0.064509217 0.000000000 0.347046200 0.369521040 0.378229543 0.337021777 0.331814840 0.455144522 0.393492503 0.390058442 0.475013004 0.382771668 0.396459353 0.385649162 0.403282229 0.449521142 0.410543269 0.386619645 0.396405515 0.400842287 0.408409591 0.413821124 0.371101588 0.357208921 0.391847879 0.343263144 0.324102150 0.324671672 0.443402225 0.395894100 0.451982035 0.385743477 0.406607877 0.364706332 0.338267168 0.593710329 
27     0.458294745 0.437003518 0.402081222 0.395413197 0.449047040 0.428782322 0.391990407 0.559499831 0.556287459 0.280731576 0.499549411 0.503073638 0.330411285 0.316380559 0.401433654 0.326646324 0.347046200 0.000000000 0.293378541 0.301978238 0.260335338 0.255023570 0.378971207 0.317917992 0.314579342 0.400630743 0.392344152 0.406329140 0.395572368 0.413184904 0.459320898 0.420645766 0.397047748 0.406461282 0.411072006 0.418823116 0.424058838 0.380326730 0.366487673 0.401833870 0.353379100 0.333951318 0.334548796 0.453488050 0.406098276 0.462005608 0.394393833 0.416022707 0.375048945 0.348863494 0.605508964 
21     0.481596799 0.460539566 0.426030447 0.419095272 0.473279821 0.452240326 0.415951289 0.583531960 0.580319588 0.303665484 0.521909987 0.525434214 0.353064171 0.339033445 0.424045737 0.349215906 0.369521040 0.293378541 0.000000000 0.108380662 0.093345306 0.088305377 0.299709516 0.238604878 0.235297632 0.321680438 0.417112195 0.430894718 0.420186926 0.438429029 0.483441163 0.445021475 0.420590430 0.430922510 0.435226107 0.443288630 0.448520066 0.405070653 0.391231602 0.426995052 0.378615079 0.359038456 0.359671867 0.478898106 0.431397683 0.487333885 0.420500784 0.442003398 0.399954902 0.373466422 0.626023886 
33     0.490979873 0.469618070 0.435108951 0.428173776 0.482320758 0.461281263 0.424992226 0.592549567 0.589337195 0.312090367 0.530502638 0.534043857 0.361638314 0.347557699 0.432751903 0.357924409 0.378229543 0.301978238 0.108380662 0.000000000 0.103033000 0.098267029 0.309452940 0.248157133 0.244767430 0.331078709 0.425831686 0.439614209 0.428906416 0.447148519 0.492187531 0.453740966 0.429309921 0.439642001 0.443945598 0.452008121 0.457239557 0.413790144 0.399951093 0.435714543 0.387185729 0.367757947 0.368115059 0.487617597 0.440117174 0.496053376 0.429220275 0.450722889 0.408674393 0.382185913 0.635052304 
38     0.448987851 0.427626049 0.393116930 0.386181755 0.440322390 0.419016702 0.382778191 0.550585125 0.547372753 0.271068584 0.489635213 0.493159441 0.320136454 0.306106481 0.391493667 0.316716643 0.337021777 0.260335338 0.093345306 0.103033000 0.000000000 0.034579541 0.268237320 0.207046382 0.203628811 0.290191797 0.384387690 0.398170213 0.387462421 0.405704524 0.450768491 0.412298508 0.387865925 0.398198005 0.402501602 0.410577638 0.415795561 0.372346148 0.358507097 0.394270547 0.345741733 0.326313951 0.326671063 0.446187114 0.398708663 0.454622893 0.387789792 0.409292406 0.367164678 0.340673711 0.593591215 
45     0.444312354 0.422950552 0.388441433 0.381506258 0.435653240 0.414613745 0.378324708 0.545882048 0.542669676 0.265861647 0.484428276 0.487952503 0.314929517 0.300899543 0.386307054 0.311509705 0.331814840 0.255023570 0.088305377 0.098267029 0.034579541 0.000000000 0.262737010 0.201541240 0.198132788 0.284763999 0.379164167 0.392946691 0.382238898 0.400481001 0.445544969 0.407083494 0.382642403 0.392974482 0.397278079 0.405354116 0.410572039 0.367112314 0.353273262 0.389047024 0.340518210 0.321090428 0.321447540 0.440963592 0.393485141 0.449399371 0.382566269 0.404068884 0.361941155 0.335450188 0.588384786 
42     0.568342292 0.546980489 0.512508083 0.505536825 0.559804276 0.538574511 0.502447854 0.670064500 0.666852129 0.389371173 0.607981612 0.611505840 0.438766025 0.424735300 0.509962415 0.434748825 0.455144522 0.378971207 0.299709516 0.309452940 0.268237320 0.262737010 0.000000000 0.215763600 0.213015994 0.361983284 0.503679243 0.517395317 0.506753973 0.524723311 0.570448642 0.531917648 0.507149172 0.517673817 0.521085824 0.530039937 0.535271373 0.491849507 0.478010450 0.513512569 0.465071641 0.445442657 0.445937924 0.565347259 0.517864132 0.573776140 0.506641399 0.528559897 0.486347721 0.460294470 0.713284660 
48     0.507212640 0.485850838 0.451487493 0.444552317 0.498674557 0.477411691 0.441304700 0.608854125 0.605641754 0.327847856 0.546378749 0.549902976 0.377215021 0.363184296 0.448363163 0.373099102 0.393492503 0.317917992 0.238604878 0.248157133 0.207046382 0.201541240 0.215763600 0.000000000 0.103760203 0.297272811 0.442191070 0.455907145 0.445265801 0.463151263 0.508728872 0.470271149 0.445577617 0.456128511 0.460003449 0.468422379 0.473653815 0.430257663 0.416418606 0.452028199 0.403585960 0.383953246 0.384502586 0.503619600 0.456124939 0.512036947 0.444973845 0.466693389 0.424749043 0.398413721 0.651969544 
14     0.503307069 0.481945267 0.447589934 0.440654759 0.494776998 0.473385216 0.437421052 0.604956567 0.601744195 0.324272200 0.542954955 0.546479183 0.373561312 0.359584032 0.444828593 0.369652145 0.390058442 0.314579342 0.235297632 0.244767430 0.203628811 0.198132788 0.213015994 0.103760203 0.000000000 0.295904027 0.438253716 0.451995201 0.441328447 0.459146693 0.504697974 0.466434988 0.441648809 0.452166418 0.455913109 0.464532539 0.469763975 0.426299672 0.412460615 0.448078221 0.399678542 0.379988765 0.380522249 0.498791268 0.451386159 0.507297462 0.439931317 0.461691490 0.420653621 0.394318299 0.648029341 
17     0.588301725 0.566939923 0.532614460 0.525679285 0.580236539 0.559140746 0.522865668 0.690403263 0.687190891 0.409138623 0.627280663 0.630804890 0.458619152 0.444588427 0.529632627 0.454227136 0.475013004 0.400630743 0.321680438 0.331078709 0.290191797 0.284763999 0.361983284 0.297272811 0.295904027 0.000000000 0.524145986 0.537463970 0.527220717 0.545181930 0.590547577 0.552296668 0.527622422 0.538046695 0.542129822 0.550412815 0.555644251 0.512105582 0.498266525 0.534003907 0.485454391 0.465937734 0.466188572 0.585856361 0.538377910 0.594285241 0.527063457 0.548961653 0.506911211 0.480540020 0.733683574 
26     0.439374925 0.418265197 0.383840540 0.376504158 0.430501050 0.410287827 0.373218157 0.541997247 0.538732977 0.315680337 0.535238948 0.538836485 0.365341051 0.350915473 0.437231911 0.362801789 0.382771668 0.392344152 0.417112195 0.425831686 0.384387690 0.379164167 0.503679243 0.442191070 0.438253716 0.524145986 0.000000000 0.082523837 0.073863979 0.112254648 0.197783575 0.171436299 0.146599352 0.156961059 0.162518793 0.167947585 0.172893006 0.168266295 0.155860563 0.288828980 0.241275123 0.221888905 0.220029991 0.400487739 0.355042952 0.409539548 0.343350090 0.363541630 0.323801486 0.297077532 0.591841036 
25     0.453452447 0.432342719 0.397925469 0.390549253 0.444882133 0.424356532 0.387286861 0.556024959 0.552760689 0.329417077 0.548943590 0.552541127 0.379074949 0.364620115 0.451109681 0.376489474 0.396459353 0.406329140 0.430894718 0.439614209 0.398170213 0.392946691 0.517395317 0.455907145 0.451995201 0.537463970 0.082523837 0.000000000 0.081487831 0.127389807 0.213020037 0.184996101 0.161074036 0.170484442 0.176586235 0.182186078 0.187049313 0.183231323 0.170667701 0.303126780 0.255716834 0.236285912 0.234246937 0.414519870 0.369178046 0.423656872 0.357460452 0.377686831 0.337597736 0.310842547 0.605774279 
23     0.442787326 0.421677599 0.387370931 0.379996768 0.434217012 0.413691411 0.376621740 0.545359838 0.542095568 0.318637283 0.538142101 0.541739637 0.368199684 0.353819851 0.440299491 0.365679284 0.385649162 0.395572368 0.420186926 0.428906416 0.387462421 0.382238898 0.506753973 0.445265801 0.441328447 0.527220717 0.073863979 0.081487831 0.000000000 0.116593645 0.203055571 0.175124064 0.149795285 0.160313774 0.166315283 0.171629006 0.177202018 0.170221764 0.157715030 0.292674786 0.245562866 0.226131944 0.224067948 0.403593337 0.358146733 0.412627376 0.346285973 0.366594701 0.326907437 0.300156111 0.595109158 
30     0.460874212 0.439764484 0.405400599 0.398149135 0.452303898 0.431778297 0.394708626 0.563446724 0.560182454 0.336575072 0.556114086 0.559711623 0.386127230 0.371672396 0.457862343 0.383302703 0.403282229 0.413184904 0.438429029 0.447148519 0.405704524 0.400481001 0.524723311 0.463151263 0.459146693 0.545181930 0.112254648 0.127389807 0.116593645 0.000000000 0.220212414 0.192349299 0.167943107 0.178721090 0.184068713 0.190208750 0.194726240 0.189592712 0.177262141 0.311360019 0.263783438 0.244414751 0.242047200 0.422026373 0.376377842 0.431011596 0.364658764 0.385019412 0.345404629 0.318693457 0.613104351 
31     0.507567010 0.486457283 0.452190763 0.444984127 0.499390030 0.478439695 0.441368550 0.609819745 0.606555476 0.382707929 0.602264440 0.605861977 0.432289263 0.417834429 0.503994625 0.429517566 0.449521142 0.459320898 0.483441163 0.492187531 0.450768491 0.445544969 0.570448642 0.508728872 0.504697974 0.590547577 0.197783575 0.213020037 0.203055571 0.220212414 0.000000000 0.239425788 0.216116968 0.224008770 0.229522238 0.236308319 0.242346299 0.238266501 0.225420287 0.356869414 0.309519631 0.289963085 0.287812319 0.468344598 0.422729541 0.477147140 0.411056750 0.431074232 0.391653786 0.364799241 0.659578423 
39     0.468275151 0.447049502 0.412961366 0.405850587 0.460168074 0.439379429 0.402405014 0.571366341 0.568102071 0.343928716 0.563586538 0.567184075 0.393160235 0.379397322 0.464583833 0.390573390 0.410543269 0.420645766 0.445021475 0.453740966 0.412298508 0.407083494 0.531917648 0.470271149 0.466434988 0.552296668 0.171436299 0.184996101 0.175124064 0.192349299 0.239425788 0.000000000 0.139457058 0.148268986 0.154489240 0.160535575 0.165006733 0.198082100 0.184151337 0.317836463 0.270429577 0.250819564 0.248995482 0.430206221 0.384630423 0.439057506 0.372910636 0.393478242 0.353316247 0.326586234 0.620951182 
37     0.444228609 0.423183588 0.388493304 0.381454087 0.436114224 0.415219033 0.378193249 0.547064365 0.543800095 0.319914152 0.538702207 0.542299744 0.369212311 0.354710731 0.440602728 0.366649767 0.386619645 0.397047748 0.420590430 0.429309921 0.387865925 0.382642403 0.507149172 0.445577617 0.441648809 0.527622422 0.146599352 0.161074036 0.149795285 0.167943107 0.216116968 0.139457058 0.000000000 0.086968872 0.090495591 0.099993930 0.107390212 0.175811721 0.162079129 0.294020318 0.246975193 0.227521792 0.225617972 0.405899008 0.360306985 0.414101550 0.347899390 0.368632946 0.328753101 0.302029421 0.596712160 
50     0.453678719 0.432556035 0.397982240 0.390816913 0.445435054 0.424535936 0.387420606 0.556444242 0.553179973 0.329334913 0.548893311 0.552490848 0.379022040 0.364520460 0.450502055 0.376435636 0.396405515 0.406461282 0.430922510 0.439642001 0.398198005 0.392974482 0.517673817 0.456128511 0.452166418 0.538046695 0.156961059 0.170484442 0.160313774 0.178721090 0.224008770 0.148268986 0.086968872 0.000000000 0.057324793 0.111567910 0.115990744 0.183589151 0.169676334 0.303455651 0.256314598 0.236933851 0.234841218 0.414734636 0.369099917 0.423314637 0.357697671 0.378371924 0.338266327 0.311619832 0.606017343 
20     0.458582147 0.437459463 0.402885668 0.395720341 0.450338481 0.429439364 0.392324033 0.561347670 0.558083400 0.333826404 0.553391188 0.556988725 0.383646281 0.369144701 0.454754818 0.380872408 0.400842287 0.411072006 0.435226107 0.443945598 0.402501602 0.397278079 0.521085824 0.460003449 0.455913109 0.542129822 0.162518793 0.176586235 0.166315283 0.184068713 0.229522238 0.154489240 0.090495591 0.057324793 0.000000000 0.113412354 0.119154958 0.188739872 0.174934532 0.308270827 0.261138118 0.241864151 0.240177234 0.420278468 0.374652303 0.429131129 0.362649505 0.383546409 0.343120568 0.316473916 0.610868376 
22     0.466303374 0.445187889 0.410679093 0.403626622 0.458118524 0.437263199 0.400237415 0.569068666 0.565804396 0.341562953 0.561104538 0.564702075 0.391233267 0.376731687 0.462730096 0.388515823 0.408409591 0.418823116 0.443288630 0.452008121 0.410577638 0.405354116 0.530039937 0.468422379 0.464532539 0.550412815 0.167947585 0.182186078 0.171629006 0.190208750 0.236308319 0.160535575 0.099993930 0.111567910 0.113412354 0.000000000 0.096590501 0.196075872 0.182417786 0.316087648 0.268618175 0.249099410 0.247713530 0.427251987 0.381617259 0.436079069 0.369910583 0.390602709 0.350631067 0.323978042 0.618506785 
35     0.471528935 0.450465067 0.415800812 0.408635484 0.463344086 0.442534122 0.405462976 0.574294227 0.571029957 0.346863153 0.566319634 0.569917171 0.396448363 0.381946783 0.467535890 0.393851245 0.413821124 0.424058838 0.448520066 0.457239557 0.415795561 0.410572039 0.535271373 0.473653815 0.469763975 0.555644251 0.172893006 0.187049313 0.177202018 0.194726240 0.242346299 0.165006733 0.107390212 0.115990744 0.119154958 0.096590501 0.000000000 0.202124774 0.188506586 0.321728977 0.273799817 0.254418582 0.252784224 0.432741722 0.387100829 0.441562638 0.375347768 0.396041868 0.355966538 0.329313451 0.623734796 
36     0.429615261 0.408221946 0.374030505 0.366800637 0.421099308 0.400254559 0.363175503 0.531606635 0.528342365 0.304009992 0.523521198 0.527118735 0.353773583 0.339246796 0.425546136 0.351131710 0.371101588 0.380326730 0.405070653 0.413790144 0.372346148 0.367112314 0.491849507 0.430257663 0.426299672 0.512105582 0.168266295 0.183231323 0.170221764 0.189592712 0.238266501 0.198082100 0.175811721 0.183589151 0.188739872 0.196075872 0.202124774 0.000000000 0.068832528 0.278890711 0.231139374 0.211477161 0.208550115 0.390848858 0.344781151 0.399303662 0.333145899 0.353685962 0.313057675 0.286958934 0.580960594 
11     0.415890894 0.394497579 0.360306139 0.353051770 0.407374941 0.386530193 0.349477083 0.517882268 0.514617999 0.290052223 0.509628531 0.513226068 0.339880915 0.325354129 0.411653469 0.337239043 0.357208921 0.366487673 0.391231602 0.399951093 0.358507097 0.353273262 0.478010450 0.416418606 0.412460615 0.498266525 0.155860563 0.170667701 0.157715030 0.177262141 0.225420287 0.184151337 0.162079129 0.169676334 0.174934532 0.182417786 0.188506586 0.068832528 0.000000000 0.265874540 0.217381512 0.197719299 0.194904926 0.376609558 0.330640249 0.385152301 0.319064110 0.339596438 0.299341408 0.273125283 0.566988463 
18     0.449892564 0.428666633 0.394559983 0.387281810 0.441364143 0.420682868 0.383742984 0.552079602 0.548789716 0.324894837 0.544429849 0.548027386 0.374663780 0.359959093 0.446412493 0.371912171 0.391847879 0.401833870 0.426995052 0.435714543 0.394270547 0.389047024 0.513512569 0.452028199 0.448078221 0.534003907 0.288828980 0.303126780 0.292674786 0.311360019 0.356869414 0.317836463 0.294020318 0.303455651 0.308270827 0.316087648 0.321728977 0.278890711 0.265874540 0.000000000 0.220097283 0.199859176 0.199247454 0.411229568 0.364916081 0.419452311 0.353497601 0.373996506 0.333030460 0.306422139 0.600971323 
32     0.400094438 0.378801185 0.344529571 0.337132456 0.391558327 0.370984447 0.333855196 0.501922831 0.498658561 0.276270298 0.495814703 0.499412240 0.325436706 0.310957303 0.397658619 0.323270826 0.343263144 0.353379100 0.378615079 0.387185729 0.345741733 0.340518210 0.465071641 0.403585960 0.399678542 0.485454391 0.241275123 0.255716834 0.245562866 0.263783438 0.309519631 0.270429577 0.246975193 0.256314598 0.261138118 0.268618175 0.273799817 0.231139374 0.217381512 0.220097283 0.000000000 0.057814776 0.151713302 0.362218530 0.316144931 0.370675092 0.304607922 0.325201605 0.284501494 0.257952975 0.552070448 
24     0.381910762 0.360613042 0.326487260 0.319124094 0.373547277 0.352715387 0.315586136 0.483454021 0.480189752 0.256735747 0.476594743 0.480192280 0.306921231 0.292441828 0.378426592 0.304132272 0.324102150 0.333951318 0.359038456 0.367757947 0.326313951 0.321090428 0.445442657 0.383953246 0.379988765 0.465937734 0.221888905 0.236285912 0.226131944 0.244414751 0.289963085 0.250819564 0.227521792 0.236933851 0.241864151 0.249099410 0.254418582 0.211477161 0.197719299 0.199859176 0.057814776 0.000000000 0.131818566 0.343021104 0.296921657 0.351451819 0.285042710 0.305658867 0.265249328 0.238932475 0.531877925 
44     0.383617419 0.362280005 0.327976702 0.320869078 0.374815902 0.353708043 0.316928645 0.485241866 0.481977596 0.256890925 0.476727226 0.480324763 0.307034385 0.292445596 0.378832976 0.304138950 0.324671672 0.334548796 0.359671867 0.368115059 0.326671063 0.321447540 0.445937924 0.384502586 0.380522249 0.466188572 0.220029991 0.234246937 0.224067948 0.242047200 0.287812319 0.248995482 0.225617972 0.234841218 0.240177234 0.247713530 0.252784224 0.208550115 0.194904926 0.199247454 0.151713302 0.131818566 0.000000000 0.344258998 0.298097165 0.352625862 0.286079635 0.306416705 0.265701304 0.239426377 0.534223298 
49     0.501653572 0.480405406 0.446224798 0.439116106 0.492716375 0.472463256 0.435071053 0.603871343 0.599611082 0.376375700 0.595545874 0.599143411 0.426794255 0.410944305 0.498240501 0.423343332 0.443402225 0.453488050 0.478898106 0.487617597 0.446187114 0.440963592 0.565347259 0.503619600 0.498791268 0.585856361 0.400487739 0.414519870 0.403593337 0.422026373 0.468344598 0.430206221 0.405899008 0.414734636 0.420278468 0.427251987 0.432741722 0.390848858 0.376609558 0.411229568 0.362218530 0.343021104 0.344258998 0.000000000 0.133985149 0.189533393 0.171550829 0.237007741 0.311882615 0.283276130 0.652282470 
16     0.454724683 0.433476517 0.399224980 0.392116287 0.445625330 0.425151515 0.387752118 0.556670393 0.552410132 0.328750543 0.547868742 0.551466279 0.378998253 0.363153356 0.450463727 0.375573839 0.395894100 0.406098276 0.431397683 0.440117174 0.398708663 0.393485141 0.517864132 0.456124939 0.451386159 0.538377910 0.355042952 0.369178046 0.358146733 0.376377842 0.422729541 0.384630423 0.360306985 0.369099917 0.374652303 0.381617259 0.387100829 0.344781151 0.330640249 0.364916081 0.316144931 0.296921657 0.298097165 0.133985149 0.000000000 0.125664941 0.118465132 0.186430512 0.265267655 0.236595960 0.606122326 
12     0.509834039 0.488585873 0.454419316 0.447294286 0.500821221 0.480569633 0.443185798 0.612127446 0.607867185 0.384679847 0.603935499 0.607533036 0.435103774 0.419134517 0.506652358 0.431676302 0.451982035 0.462005608 0.487333885 0.496053376 0.454622893 0.449399371 0.573776140 0.512036947 0.507297462 0.594285241 0.409539548 0.423656872 0.412627376 0.431011596 0.477147140 0.439057506 0.414101550 0.423314637 0.429131129 0.436079069 0.441562638 0.399303662 0.385152301 0.419452311 0.370675092 0.351451819 0.352625862 0.189533393 0.125664941 0.000000000 0.172412252 0.240538928 0.319603812 0.290421820 0.660613197 
47     0.444114297 0.422878008 0.388740573 0.381594015 0.435135278 0.414805002 0.377377975 0.545726185 0.541660148 0.318508670 0.537573703 0.541171240 0.368731874 0.353347631 0.440418403 0.365442347 0.385743477 0.394393833 0.420500784 0.429220275 0.387789792 0.382566269 0.506641399 0.444973845 0.439931317 0.527063457 0.343350090 0.357460452 0.346285973 0.364658764 0.411056750 0.372910636 0.347899390 0.357697671 0.362649505 0.369910583 0.375347768 0.333145899 0.319064110 0.353497601 0.304607922 0.285042710 0.286079635 0.171550829 0.118465132 0.172412252 0.000000000 0.170691571 0.254313608 0.225569286 0.594502595 
10     0.465139866 0.443891699 0.409614588 0.402468030 0.455988333 0.435492180 0.398120721 0.567007764 0.562530811 0.339158050 0.558374906 0.561972443 0.389622993 0.374282246 0.461276207 0.386389805 0.406607877 0.416022707 0.442003398 0.450722889 0.409292406 0.404068884 0.528559897 0.466693389 0.461691490 0.548961653 0.363541630 0.377686831 0.366594701 0.385019412 0.431074232 0.393478242 0.368632946 0.378371924 0.383546409 0.390602709 0.396041868 0.353685962 0.339596438 0.373996506 0.325201605 0.305658867 0.306416705 0.237007741 0.186430512 0.240538928 0.170691571 0.000000000 0.273612668 0.245167530 0.616096664 
29     0.423328859 0.402080692 0.367903475 0.360761627 0.414012435 0.393980367 0.357042029 0.524816735 0.521886741 0.297747710 0.516151820 0.519749357 0.347845662 0.332320206 0.419331244 0.344461121 0.364706332 0.375048945 0.399954902 0.408674393 0.367164678 0.361941155 0.486347721 0.424749043 0.420653621 0.506911211 0.323801486 0.337597736 0.326907437 0.345404629 0.391653786 0.353316247 0.328753101 0.338266327 0.343120568 0.350631067 0.355966538 0.313057675 0.299341408 0.333030460 0.284501494 0.265249328 0.265701304 0.311882615 0.265267655 0.319603812 0.254313608 0.273612668 0.000000000 0.091241769 0.574703177 
28     0.397618426 0.376370260 0.342196905 0.335055056 0.388467236 0.368165457 0.331238379 0.499437840 0.496400522 0.271957432 0.489947396 0.493544933 0.321654328 0.306067141 0.393239990 0.318090654 0.338267168 0.348863494 0.373466422 0.382185913 0.340673711 0.335450188 0.460294470 0.398413721 0.394318299 0.480540020 0.297077532 0.310842547 0.300156111 0.318693457 0.364799241 0.326586234 0.302029421 0.311619832 0.316473916 0.323978042 0.329313451 0.286958934 0.273125283 0.306422139 0.257952975 0.238932475 0.239426377 0.283276130 0.236595960 0.290421820 0.225569286 0.245167530 0.091241769 0.000000000 0.547799722 
0     0.636317244 0.615230790 0.581262097 0.574275372 0.628001799 0.606664917 0.569816567 0.738224736 0.735160299 0.526863468 0.745789099 0.749377529 0.576719925 0.562078869 0.649196469 0.572965691 0.593710329 0.605508964 0.626023886 0.635052304 0.593591215 0.588384786 0.713284660 0.651969544 0.648029341 0.733683574 0.591841036 0.605774279 0.595109158 0.613104351 0.659578423 0.620951182 0.596712160 0.606017343 0.610868376 0.618506785 0.623734796 0.580960594 0.566988463 0.600971323 0.552070448 0.531877925 0.534223298 0.652282470 0.606122326 0.660613197 0.594502595 0.616096664 0.574703177 0.547799722 0.000000000 
