51
3     0.000000000 0.005253570 0.007864780 0.005416310 0.003769540 0.003784020 0.003769670 0.031013270 0.031904570 0.050936570 0.081768850 0.084787690 0.062200770 0.075044790 0.056700490 0.078405640 0.058131690 0.044596260 0.053377010 0.062150640 0.056605290 0.048141090 0.052285690 0.063280040 0.057226890 0.052684370 0.073003240 0.064700800 0.054119260 0.059276770 0.086703480 0.046835530 0.022360600 0.076318690 0.077419980 0.060636600 0.066058310 0.058281800 0.035567310 0.071040900 0.052883920 0.050966290 0.064597700 0.088740030 0.077859370 0.071394000 0.059183610 0.072604210 0.048567850 0.051429340 0.066336170 
4     0.005253570 0.000000000 0.000050480 0.005156450 0.007973900 0.007988380 0.007974030 0.013340940 0.036108930 0.005139590 0.068165320 0.071184160 0.043687890 0.083337060 0.060904850 0.011488740 0.046112160 0.030992730 0.042225540 0.044979430 0.050906770 0.043491450 0.038682160 0.036319280 0.030266130 0.061038700 0.069709620 0.074819090 0.064237550 0.069395060 0.062421210 0.003406930 0.057588360 0.061227930 0.062329220 0.071261720 0.072855670 0.062486160 0.045685600 0.075245260 0.039280390 0.039770250 0.050868690 0.071568820 0.068016260 0.057920040 0.049215010 0.071135020 0.047267400 0.047037480 0.052732640 
6     0.007864780 0.000050480 0.000000000 0.000534350 0.005031070 0.005045550 0.005031200 0.032526250 0.027540870 0.011277030 0.087183630 0.079840670 0.076803020 0.059144200 0.026469330 0.018698290 0.049156880 0.015168370 0.026755860 0.029509750 0.035437090 0.028021770 0.055836610 0.049762910 0.050663350 0.053054940 0.072388880 0.075394860 0.076004520 0.083357120 0.038374210 0.054463390 0.047054860 0.055866610 0.068087250 0.069227380 0.070683980 0.059543330 0.056502470 0.072302430 0.051088080 0.043211340 0.056626720 0.041760090 0.052546580 0.072655530 0.059532250 0.070621110 0.031797720 0.031567800 0.063237920 
9     0.005416310 0.005156450 0.000534350 0.000000000 0.001691530 0.001706010 0.001691660 0.023306770 0.005496140 0.045811040 0.079561790 0.083949670 0.073824030 0.063253200 0.038313750 0.068540240 0.053265880 0.041083480 0.017536380 0.020290270 0.026217610 0.018802290 0.013083600 0.040543430 0.041443870 0.054300500 0.023440560 0.035418460 0.059272380 0.070248950 0.052338920 0.048325170 0.040015430 0.048827180 0.061460740 0.062187950 0.063644550 0.047795220 0.026898920 0.068962890 0.014014400 0.034203590 0.050000210 0.043271510 0.043327100 0.069315990 0.050312770 0.058576800 0.022578240 0.022348320 0.052337300 
5     0.003769540 0.007973900 0.005031070 0.001691530 0.000000000 0.000014620 0.000000270 0.023957760 0.017566720 0.035660950 0.077774750 0.087104290 0.081344260 0.071404040 0.052931090 0.074636240 0.054362290 0.064525630 0.056314820 0.059068710 0.061163440 0.052699240 0.087490420 0.079321870 0.080222310 0.057242520 0.075408120 0.069843010 0.070442630 0.074027100 0.081569500 0.057639940 0.067067440 0.072726330 0.076905260 0.085758550 0.076896180 0.054512400 0.057008650 0.067271500 0.014602710 0.064745320 0.057390230 0.085658100 0.082105540 0.067624600 0.039985730 0.046979060 0.038001820 0.045142000 0.082496170 
1     0.003784020 0.007988380 0.005045550 0.001706010 0.000014620 0.000000000 0.000014350 0.018945680 0.008094400 0.035511000 0.059471800 0.060098760 0.082871960 0.080687640 0.052945570 0.074650720 0.054376770 0.043245960 0.088637300 0.088055670 0.061683520 0.061636150 0.050935390 0.079430250 0.079526050 0.073291930 0.066895120 0.061330010 0.061929630 0.068670900 0.086574720 0.049708660 0.078570520 0.070917200 0.076919740 0.088928120 0.069538320 0.054526880 0.057023130 0.067285980 0.051533620 0.052023480 0.054747940 0.091179370 0.036938400 0.067639080 0.054334330 0.056469240 0.052577920 0.039663530 0.064985870 
7     0.003769670 0.007974030 0.005031200 0.001691660 0.000000270 0.000014350 0.000000000 0.018814380 0.009510400 0.046980480 0.015536390 0.016163350 0.073549220 0.060695600 0.052931220 0.003299240 0.050708280 0.041875490 0.070444070 0.073197960 0.079125300 0.071709980 0.049564920 0.090478160 0.094351560 0.071921460 0.076601320 0.077512010 0.076216040 0.070469850 0.088949380 0.038644990 0.077441520 0.072121090 0.076905390 0.087035220 0.076896310 0.019919930 0.038892940 0.061954100 0.050163150 0.050653010 0.047447790 0.081856630 0.007121310 0.067624730 0.047365610 0.062403420 0.052563570 0.030098960 0.063615400 
2     0.031013270 0.013340940 0.032526250 0.023306770 0.023957760 0.018945680 0.018814380 0.000000000 0.000699780 0.079700040 0.108780680 0.094155790 0.099429360 0.073459320 0.024531190 0.073751370 0.063472000 0.056088990 0.032541890 0.035295780 0.041223120 0.033807800 0.063717490 0.055548940 0.056449380 0.093302350 0.089955710 0.081493740 0.074718780 0.088676840 0.083753510 0.080765900 0.079987800 0.083627370 0.079997660 0.086270320 0.093418510 0.088229740 0.068911440 0.088894660 0.056874110 0.058230200 0.070891450 0.061885170 0.058332610 0.132309590 0.065318280 0.081183340 0.031338250 0.037353830 0.078860610 
8     0.031904570 0.036108930 0.027540870 0.005496140 0.017566720 0.008094400 0.009510400 0.000699780 0.000000000 0.028883530 0.098982680 0.106226160 0.001516590 0.003986670 0.023641840 0.043922710 0.046276860 0.065759220 0.042212120 0.044966010 0.050893350 0.043478030 0.054709810 0.065219170 0.066119610 0.098068870 0.068515760 0.061933290 0.055158330 0.070240760 0.064193060 0.061205450 0.076302890 0.068815550 0.060437210 0.066709870 0.068810750 0.046426970 0.048923220 0.059186070 0.064858470 0.062558960 0.069367070 0.071555400 0.068002840 0.059539170 0.056156140 0.025793260 0.044478010 0.046415420 0.080679680 
19     0.050936570 0.005139590 0.011277030 0.045811040 0.035660950 0.035511000 0.046980480 0.079700040 0.028883530 0.000000000 0.000986660 0.004005500 0.009245950 0.005387320 0.001175510 0.004597990 0.000528830 0.010517760 0.049847570 0.014404340 0.041510840 0.037098730 0.035381840 0.058824690 0.068575690 0.004896330 0.029498340 0.033582910 0.035199170 0.031223340 0.060753160 0.031717830 0.055342800 0.029798130 0.029802410 0.041810790 0.029793330 0.007409550 0.009905800 0.020168650 0.036293060 0.023541540 0.025456930 0.047993400 0.026743690 0.020521750 0.031093600 0.000263620 0.005460590 0.007398000 0.031619390 
46     0.081768850 0.068165320 0.087183630 0.079561790 0.077774750 0.059471800 0.015536390 0.108780680 0.098982680 0.000986660 0.000000000 0.000006610 0.008317070 0.008295310 0.001654430 0.006753450 0.001007750 0.027977110 0.065001110 0.072344920 0.061546480 0.050533480 0.050685000 0.076284040 0.078394280 0.022355680 0.035589950 0.038795810 0.008213170 0.037229910 0.067121060 0.074932630 0.047201360 0.035610040 0.035438350 0.036766290 0.083127830 0.040560100 0.047924230 0.038993320 0.051283570 0.051773430 0.055463890 0.056571710 0.044203040 0.043026130 0.035021760 0.034697210 0.042317800 0.004483580 0.044766440 
13     0.084787690 0.071184160 0.079840670 0.083949670 0.087104290 0.060098760 0.016163350 0.094155790 0.106226160 0.004005500 0.000006610 0.000000000 0.011335910 0.007538040 0.004673270 0.009772290 0.004026590 0.027983400 0.085567050 0.076762090 0.060789210 0.049776210 0.053703840 0.076290330 0.077637010 0.022361970 0.085235780 0.084249060 0.023476970 0.088309280 0.076518050 0.084262170 0.087921720 0.093836250 0.113842250 0.076904770 0.092457370 0.060748260 0.047930520 0.045020150 0.054302410 0.051301590 0.054706620 0.121144990 0.044209330 0.043032420 0.048559240 0.051263090 0.045554840 0.007720620 0.044009170 
34     0.062200770 0.043687890 0.076803020 0.073824030 0.081344260 0.082871960 0.073549220 0.099429360 0.001516590 0.009245950 0.008317070 0.011335910 0.000000000 0.000176790 0.009913720 0.008590360 0.009048700 0.020119280 0.043544110 0.046078060 0.065417690 0.059355390 0.058944290 0.068355150 0.028607530 0.038280110 0.014132950 0.017338810 0.023415440 0.015772910 0.045664060 0.096241580 0.025744360 0.014153040 0.013981350 0.015309290 0.093490820 0.019103100 0.063848660 0.017536320 0.043715410 0.039247580 0.044594640 0.035114710 0.060127470 0.058950560 0.013564760 0.013240210 0.064365270 0.054631340 0.063195160 
40     0.075044790 0.083337060 0.059144200 0.063253200 0.071404040 0.080687640 0.060695600 0.073459320 0.003986670 0.005387320 0.008295310 0.007538040 0.000176790 0.000000000 0.007235930 0.001905390 0.002363730 0.019950950 0.049309480 0.019442750 0.063929330 0.052916330 0.054330130 0.059417110 0.060963530 0.054058860 0.019898320 0.023104180 0.011550110 0.021538280 0.051429430 0.097681720 0.031509730 0.019918410 0.019746720 0.021074660 0.091561570 0.024868470 0.071668910 0.023301690 0.045074970 0.045012950 0.029111250 0.033571620 0.011837070 0.055108330 0.019330130 0.019005580 0.049055560 0.011479480 0.047149290 
15     0.056700490 0.060904850 0.026469330 0.038313750 0.052931090 0.052945570 0.052931220 0.024531190 0.023641840 0.001175510 0.001654430 0.004673270 0.009913720 0.007235930 0.000000000 0.002482660 0.000829640 0.043196120 0.092808130 0.057128230 0.048123460 0.069928960 0.050885550 0.085322520 0.086868940 0.052618900 0.035262260 0.039346830 0.008195090 0.036987260 0.018076640 0.037481750 0.037215620 0.035562050 0.023264470 0.047574710 0.020227640 0.013173470 0.015669720 0.025932570 0.051484120 0.029305460 0.036113570 0.055623910 0.049308010 0.026285670 0.079090630 0.030251500 0.011224510 0.013161920 0.064936370 
41     0.078405640 0.011488740 0.018698290 0.068540240 0.074636240 0.074650720 0.003299240 0.073751370 0.043922710 0.004597990 0.006753450 0.009772290 0.008590360 0.001905390 0.002482660 0.000000000 0.000077450 0.030935250 0.054830190 0.082442790 0.079277900 0.068638320 0.055984570 0.045753140 0.049520990 0.050585640 0.025419030 0.028624890 0.006161830 0.013667140 0.023627880 0.059186900 0.037030440 0.025439120 0.025267430 0.026595370 0.057262400 0.030389180 0.037374870 0.028822400 0.013037320 0.050533660 0.036853300 0.046400790 0.062631680 0.047990820 0.024850840 0.016393400 0.032929660 0.034867070 0.007926510 
43     0.058131690 0.046112160 0.049156880 0.053265880 0.054362290 0.054376770 0.050708280 0.063472000 0.046276860 0.000528830 0.001007750 0.004026590 0.009048700 0.002363730 0.000829640 0.000077450 0.000000000 0.030506090 0.054756380 0.082477460 0.079779260 0.080249140 0.050238870 0.043142500 0.058050440 0.064828860 0.025345220 0.028551080 0.031553550 0.021606860 0.051699690 0.038912950 0.036956630 0.025365310 0.025193620 0.025165680 0.036988450 0.014604670 0.017100920 0.027363770 0.040469540 0.030736660 0.037544770 0.046326980 0.050739210 0.027716870 0.024777030 0.024452480 0.012655710 0.014593120 0.064289690 
27     0.044596260 0.030992730 0.015168370 0.041083480 0.064525630 0.043245960 0.041875490 0.056088990 0.065759220 0.010517760 0.027977110 0.027983400 0.020119280 0.019950950 0.043196120 0.030935250 0.030506090 0.000000000 0.002302120 0.018449920 0.016790040 0.003113540 0.007481970 0.010714020 0.022010220 0.007471390 0.054874320 0.033148920 0.020403060 0.034151630 0.042428010 0.067923990 0.066485730 0.054894410 0.054722720 0.056050660 0.054670010 0.043714220 0.040788200 0.037877830 0.014110980 0.014600840 0.029595210 0.026553600 0.034973840 0.035890100 0.038691470 0.026355070 0.021215530 0.019998110 0.027563230 
21     0.053377010 0.042225540 0.026755860 0.017536380 0.056314820 0.088637300 0.070444070 0.032541890 0.042212120 0.049847570 0.065001110 0.085567050 0.043544110 0.049309480 0.092808130 0.054830190 0.054756380 0.002302120 0.000000000 0.000870570 0.000534310 0.000087030 0.010803190 0.011182330 0.011112210 0.010231450 0.057176440 0.060382300 0.066458930 0.058816400 0.035702350 0.071713580 0.068787850 0.057196530 0.057024840 0.058352780 0.085027040 0.058044490 0.062915810 0.060579810 0.045412480 0.046768570 0.053843020 0.050423540 0.046870980 0.084438430 0.053856650 0.056283700 0.026122120 0.025892200 0.088415050 
33     0.062150640 0.044979430 0.029509750 0.020290270 0.059068710 0.088055670 0.073197960 0.035295780 0.044966010 0.014404340 0.072344920 0.076762090 0.046078060 0.019442750 0.057128230 0.082442790 0.082477460 0.018449920 0.000870570 0.000000000 0.001383820 0.000936540 0.011737250 0.015811310 0.008312670 0.006995390 0.070613490 0.083004280 0.081941150 0.086537480 0.076546090 0.064475580 0.062521730 0.066161300 0.067262590 0.076195090 0.077789040 0.009550920 0.034872900 0.081672180 0.048166370 0.049522460 0.049266170 0.053177430 0.049624870 0.125154020 0.056610540 0.072475600 0.028876010 0.028646090 0.063245750 
38     0.056605290 0.050906770 0.035437090 0.026217610 0.061163440 0.061683520 0.079125300 0.041223120 0.050893350 0.041510840 0.061546480 0.060789210 0.065417690 0.063929330 0.048123460 0.079277900 0.079779260 0.016790040 0.000534310 0.001383820 0.000000000 0.000119550 0.002737910 0.006811970 0.003046930 0.012826900 0.071121980 0.067341290 0.067940910 0.074682180 0.062399740 0.052438280 0.037672370 0.056711450 0.063053360 0.058244290 0.074268030 0.041432900 0.041808590 0.084743300 0.032843150 0.033166220 0.034544730 0.059104770 0.046008440 0.065140140 0.062537880 0.078402940 0.034803350 0.034573430 0.077656040 
45     0.048141090 0.043491450 0.028021770 0.018802290 0.052699240 0.061636150 0.071709980 0.033807800 0.043478030 0.037098730 0.050533480 0.049776210 0.059355390 0.052916330 0.069928960 0.068638320 0.080249140 0.003113540 0.000087030 0.000936540 0.000119550 0.000000000 0.005656580 0.008311560 0.005965600 0.005983950 0.066155770 0.058561110 0.045815250 0.059563820 0.067840200 0.061258300 0.040016280 0.059055360 0.065397270 0.060588200 0.075502230 0.017555130 0.040545960 0.076551820 0.034122070 0.034445140 0.035823650 0.051689450 0.047287360 0.066419060 0.055122560 0.070987620 0.027388030 0.027158110 0.071249960 
42     0.052285690 0.038682160 0.055836610 0.013083600 0.087490420 0.050935390 0.049564920 0.063717490 0.054709810 0.035381840 0.050685000 0.053703840 0.058944290 0.054330130 0.050885550 0.055984570 0.050238870 0.007481970 0.010803190 0.011737250 0.002737910 0.005656580 0.000000000 0.004670420 0.000905380 0.000010580 0.057648060 0.066009350 0.064946220 0.075160510 0.059551160 0.047480650 0.045526800 0.049166370 0.050267660 0.059200160 0.060794110 0.020978710 0.038682880 0.074834930 0.021800410 0.022290270 0.017415390 0.039153440 0.023975400 0.041660030 0.043740980 0.070816570 0.047872560 0.040391570 0.035252660 
48     0.063280040 0.036319280 0.049762910 0.040543430 0.079321870 0.079430250 0.090478160 0.055548940 0.065219170 0.058824690 0.076284040 0.076290330 0.068355150 0.059417110 0.085322520 0.045753140 0.043142500 0.010714020 0.011182330 0.015811310 0.006811970 0.008311560 0.004670420 0.000000000 0.000900580 0.013366080 0.077921750 0.085088020 0.085219910 0.081028690 0.079824850 0.023960640 0.065800490 0.069440060 0.058765110 0.057322840 0.060481680 0.013418420 0.046606200 0.068815720 0.038744050 0.039067120 0.040445630 0.060034370 0.044856330 0.062540960 0.043758150 0.079288100 0.049129170 0.048899250 0.084455810 
14     0.057226890 0.030266130 0.050663350 0.041443870 0.080222310 0.079526050 0.094351560 0.056449380 0.066119610 0.068575690 0.078394280 0.077637010 0.028607530 0.060963530 0.086868940 0.049520990 0.058050440 0.022010220 0.011112210 0.008312670 0.003046930 0.005965600 0.000905380 0.000900580 0.000000000 0.001954200 0.088132610 0.092035820 0.095005760 0.038084290 0.063613840 0.078768010 0.076814160 0.080453730 0.010429680 0.090487520 0.092081470 0.026296950 0.040508790 0.063640240 0.062303000 0.024403860 0.064004580 0.043951750 0.028773710 0.046458340 0.048539290 0.074344700 0.050029610 0.049799690 0.095469480 
17     0.052684370 0.061038700 0.053054940 0.054300500 0.057242520 0.073291930 0.071921460 0.093302350 0.098068870 0.004896330 0.022355680 0.022361970 0.038280110 0.054058860 0.052618900 0.050585640 0.064828860 0.007471390 0.010231450 0.006995390 0.012826900 0.005983950 0.000010580 0.013366080 0.001954200 0.000000000 0.086923820 0.094986170 0.044559470 0.104436270 0.088826920 0.076756410 0.074802560 0.078442130 0.079543420 0.088475920 0.090069870 0.047984510 0.035166770 0.032256400 0.044156950 0.044646810 0.052998290 0.104277420 0.031445580 0.030268670 0.019179390 0.038499340 0.052049860 0.025949450 0.057609200 
26     0.073003240 0.069709620 0.072388880 0.023440560 0.075408120 0.066895120 0.076601320 0.089955710 0.068515760 0.029498340 0.035589950 0.085235780 0.014132950 0.019898320 0.035262260 0.025419030 0.025345220 0.054874320 0.057176440 0.070613490 0.071121980 0.066155770 0.057648060 0.077921750 0.088132610 0.086923820 0.000000000 0.001218120 0.000084960 0.000339400 0.000011680 0.002259470 0.000244550 0.000325770 0.000154080 0.001482020 0.000334970 0.007659590 0.008264880 0.006093690 0.020163720 0.019194000 0.013833540 0.023672080 0.051411380 0.049940590 0.002122130 0.001797580 0.034879430 0.025527850 0.061950410 
25     0.064700800 0.074819090 0.075394860 0.035418460 0.069843010 0.061330010 0.077512010 0.081493740 0.061933290 0.033582910 0.038795810 0.084249060 0.017338810 0.023104180 0.039346830 0.028624890 0.028551080 0.033148920 0.060382300 0.083004280 0.067341290 0.058561110 0.066009350 0.085088020 0.092035820 0.094986170 0.001218120 0.000000000 0.000601040 0.001540580 0.001206480 0.000017550 0.001439350 0.003531630 0.003359940 0.004687880 0.004419540 0.010865450 0.010993830 0.009299550 0.035478640 0.025408850 0.012109130 0.026877940 0.060504820 0.054025160 0.005327990 0.005003440 0.038964000 0.014486240 0.075307520 
23     0.054119260 0.064237550 0.076004520 0.059272380 0.070442630 0.061929630 0.076216040 0.074718780 0.055158330 0.035199170 0.008213170 0.023476970 0.023415440 0.011550110 0.008195090 0.006161830 0.031553550 0.020403060 0.066458930 0.081941150 0.067940910 0.045815250 0.064946220 0.085219910 0.095005760 0.044559470 0.000084960 0.000601040 0.000000000 0.003197790 0.002863690 0.000617170 0.003096560 0.006040600 0.006044880 0.005767080 0.006035800 0.016942080 0.007939920 0.009221080 0.040553480 0.025238920 0.012004120 0.032954570 0.066581450 0.055641420 0.011404620 0.011080070 0.040580260 0.008354780 0.063245050 
30     0.059276770 0.069395060 0.083357120 0.070248950 0.074027100 0.068670900 0.070469850 0.088676840 0.070240760 0.031223340 0.037229910 0.088309280 0.015772910 0.021538280 0.036987260 0.013667140 0.021606860 0.034151630 0.058816400 0.086537480 0.074682180 0.059563820 0.075160510 0.081028690 0.038084290 0.104436270 0.000339400 0.001540580 0.003197790 0.000000000 0.000334140 0.003984470 0.000567010 0.001965730 0.001794040 0.003121980 0.002059970 0.009299550 0.015668660 0.007733650 0.028247130 0.021667710 0.021361370 0.025312040 0.058938920 0.051665590 0.003762090 0.003437540 0.036604430 0.037585260 0.065023910 
31     0.086703480 0.062421210 0.038374210 0.052338920 0.081569500 0.086574720 0.088949380 0.083753510 0.064193060 0.060753160 0.067121060 0.076518050 0.045664060 0.051429430 0.018076640 0.023627880 0.051699690 0.042428010 0.035702350 0.076546090 0.062399740 0.067840200 0.059551160 0.079824850 0.063613840 0.088826920 0.000011680 0.001206480 0.002863690 0.000334140 0.000000000 0.016001280 0.000232870 0.007152290 0.012878320 0.012179300 0.004623960 0.009266730 0.018387020 0.031081800 0.033758070 0.014703380 0.014113140 0.055203190 0.074842860 0.072771770 0.033653240 0.029993990 0.043982450 0.038778930 0.053232680 
39     0.046835530 0.003406930 0.054463390 0.048325170 0.057639940 0.049708660 0.038644990 0.080765900 0.061205450 0.031717830 0.074932630 0.084262170 0.096241580 0.097681720 0.037481750 0.059186900 0.038912950 0.067923990 0.071713580 0.064475580 0.052438280 0.061258300 0.047480650 0.023960640 0.078768010 0.076756410 0.002259470 0.000017550 0.000617170 0.003984470 0.016001280 0.000000000 0.005226110 0.001132870 0.001571480 0.003732090 0.002056920 0.021310840 0.013987040 0.006467900 0.041134370 0.022085690 0.014819140 0.076228610 0.071386130 0.052160080 0.056395300 0.072148610 0.037098920 0.006235150 0.073645750 
37     0.022360600 0.057588360 0.047054860 0.040015430 0.067067440 0.078570520 0.077441520 0.079987800 0.076302890 0.055342800 0.047201360 0.087921720 0.025744360 0.031509730 0.037215620 0.037030440 0.036956630 0.066485730 0.068787850 0.062521730 0.037672370 0.040016280 0.045526800 0.065800490 0.076814160 0.074802560 0.000244550 0.001439350 0.003096560 0.000567010 0.000232870 0.005226110 0.000000000 0.002523530 0.000154670 0.001610250 0.002607650 0.011360730 0.011411790 0.013771120 0.033770880 0.020131840 0.006646290 0.034558580 0.007440960 0.047780320 0.013733540 0.013408990 0.052529720 0.036814530 0.064636350 
50     0.076318690 0.061227930 0.055866610 0.048827180 0.072726330 0.070917200 0.072121090 0.083627370 0.068815550 0.029798130 0.035610040 0.093836250 0.014153040 0.019918410 0.035562050 0.025439120 0.025365310 0.054894410 0.057196530 0.066161300 0.056711450 0.059055360 0.049166370 0.069440060 0.080453730 0.078442130 0.000325770 0.003531630 0.006040600 0.001965730 0.007152290 0.001132870 0.002523530 0.000000000 0.000013900 0.001499630 0.000004820 0.007679680 0.016380610 0.006113780 0.032292870 0.023771410 0.016504860 0.023692170 0.011420030 0.045087320 0.002142220 0.001817670 0.020706240 0.019396800 0.059447210 
20     0.077419980 0.062329220 0.068087250 0.061460740 0.076905260 0.076919740 0.076905390 0.079997660 0.060437210 0.029802410 0.035438350 0.113842250 0.013981350 0.019746720 0.023264470 0.025267430 0.025193620 0.054722720 0.057024840 0.067262590 0.063053360 0.065397270 0.050267660 0.058765110 0.010429680 0.079543420 0.000154080 0.003359940 0.006044880 0.001794040 0.012878320 0.001571480 0.000154670 0.000013900 0.000000000 0.001327940 0.000009100 0.007507990 0.013218800 0.005942090 0.032121180 0.024872700 0.017606150 0.023520480 0.057147360 0.050244660 0.001970530 0.001645980 0.028582580 0.014278370 0.076432760 
22     0.060636600 0.071261720 0.069227380 0.062187950 0.085758550 0.088928120 0.087035220 0.086270320 0.066709870 0.041810790 0.036766290 0.076904770 0.015309290 0.021074660 0.047574710 0.026595370 0.025165680 0.056050660 0.058352780 0.076195090 0.058244290 0.060588200 0.059200160 0.057322840 0.090487520 0.088475920 0.001482020 0.004687880 0.005767080 0.003121980 0.012179300 0.003732090 0.001610250 0.001499630 0.001327940 0.000000000 0.001572850 0.008835930 0.019491460 0.007270030 0.033449120 0.028981290 0.026538650 0.024848420 0.049669910 0.062253040 0.003298470 0.002973920 0.025787470 0.005446520 0.053619400 
35     0.066058310 0.072855670 0.070683980 0.063644550 0.076896180 0.069538320 0.076896310 0.093418510 0.068810750 0.029793330 0.083127830 0.092457370 0.093490820 0.091561570 0.020227640 0.057262400 0.036988450 0.054670010 0.085027040 0.077789040 0.074268030 0.075502230 0.060794110 0.060481680 0.092081470 0.090069870 0.000334970 0.004419540 0.006035800 0.002059970 0.004623960 0.002056920 0.002607650 0.000004820 0.000009100 0.001572850 0.000000000 0.027356630 0.026639650 0.031544650 0.045786620 0.017551420 0.028132600 0.088881220 0.045572950 0.044632720 0.055020470 0.081201570 0.025980070 0.032656440 0.061535800 
36     0.058281800 0.062486160 0.059543330 0.047795220 0.054512400 0.054526880 0.019919930 0.088229740 0.046426970 0.007409550 0.040560100 0.060748260 0.019103100 0.024868470 0.013173470 0.030389180 0.014604670 0.043714220 0.058044490 0.009550920 0.041432900 0.017555130 0.020978710 0.013418420 0.026296950 0.047984510 0.007659590 0.010865450 0.016942080 0.009299550 0.009266730 0.021310840 0.011360730 0.007679680 0.007507990 0.008835930 0.027356630 0.000000000 0.000056020 0.002415350 0.032612040 0.028373780 0.006623800 0.018994920 0.033989670 0.027851800 0.007092280 0.006767730 0.012790640 0.014728050 0.051558350 
11     0.035567310 0.045685600 0.056502470 0.026898920 0.057008650 0.057023130 0.038892940 0.068911440 0.048923220 0.009905800 0.047924230 0.047930520 0.063848660 0.071668910 0.015669720 0.037374870 0.017100920 0.040788200 0.062915810 0.034872900 0.041808590 0.040545960 0.038682880 0.046606200 0.040508790 0.035166770 0.008264880 0.010993830 0.007939920 0.015668660 0.018387020 0.013987040 0.011411790 0.016380610 0.013218800 0.019491460 0.026639650 0.000056020 0.000000000 0.002419590 0.022102710 0.013287920 0.005946730 0.027776480 0.034700030 0.030348050 0.038656980 0.033616090 0.015286890 0.010108090 0.019834770 
18     0.071040900 0.075245260 0.072302430 0.068962890 0.067271500 0.067285980 0.061954100 0.088894660 0.059186070 0.020168650 0.038993320 0.045020150 0.017536320 0.023301690 0.025932570 0.028822400 0.027363770 0.037877830 0.060579810 0.081672180 0.084743300 0.076551820 0.074834930 0.068815720 0.063640240 0.032256400 0.006093690 0.009299550 0.009221080 0.007733650 0.031081800 0.006467900 0.013771120 0.006113780 0.005942090 0.007270030 0.031544650 0.002415350 0.002419590 0.000000000 0.013005340 0.002829300 0.003877280 0.027042930 0.054103760 0.040610900 0.005492980 0.005168430 0.023072760 0.012701490 0.023736200 
32     0.052883920 0.039280390 0.051088080 0.014014400 0.014602710 0.051533620 0.050163150 0.056874110 0.064858470 0.036293060 0.051283570 0.054302410 0.043715410 0.045074970 0.051484120 0.013037320 0.040469540 0.014110980 0.045412480 0.048166370 0.032843150 0.034122070 0.021800410 0.038744050 0.062303000 0.044156950 0.020163720 0.035478640 0.040553480 0.028247130 0.033758070 0.041134370 0.033770880 0.032292870 0.032121180 0.033449120 0.045786620 0.032612040 0.022102710 0.013005340 0.000000000 0.000096920 0.009950910 0.017857610 0.038358090 0.069432330 0.005052400 0.031347520 0.020666960 0.020437040 0.031212210 
24     0.050966290 0.039770250 0.043211340 0.034203590 0.064745320 0.052023480 0.050653010 0.058230200 0.062558960 0.023541540 0.051773430 0.051301590 0.039247580 0.045012950 0.029305460 0.050533660 0.030736660 0.014600840 0.046768570 0.049522460 0.033166220 0.034445140 0.022290270 0.039067120 0.024403860 0.044646810 0.019194000 0.025408850 0.025238920 0.021667710 0.014703380 0.022085690 0.020131840 0.023771410 0.024872700 0.028981290 0.017551420 0.028373780 0.013287920 0.002829300 0.000096920 0.000000000 0.000547100 0.034136360 0.033269100 0.043983790 0.014723820 0.026879690 0.022023050 0.018854350 0.028016220 
44     0.064597700 0.050868690 0.056626720 0.050000210 0.057390230 0.054747940 0.047447790 0.070891450 0.069367070 0.025456930 0.055463890 0.054706620 0.044594640 0.029111250 0.036113570 0.036853300 0.037544770 0.029595210 0.053843020 0.049266170 0.034544730 0.035823650 0.017415390 0.040445630 0.064004580 0.052998290 0.013833540 0.012109130 0.012004120 0.021361370 0.014113140 0.014819140 0.006646290 0.016504860 0.017606150 0.026538650 0.028132600 0.006623800 0.005946730 0.003877280 0.009950910 0.000547100 0.000000000 0.042092270 0.052002210 0.050791900 0.031903050 0.022448600 0.028737890 0.011435450 0.029741520 
49     0.088740030 0.071568820 0.041760090 0.043271510 0.085658100 0.091179370 0.081856630 0.061885170 0.071555400 0.047993400 0.056571710 0.121144990 0.035114710 0.033571620 0.055623910 0.046400790 0.046326980 0.026553600 0.050423540 0.053177430 0.059104770 0.051689450 0.039153440 0.060034370 0.043951750 0.104277420 0.023672080 0.026877940 0.032954570 0.025312040 0.055203190 0.076228610 0.034558580 0.023692170 0.023520480 0.024848420 0.088881220 0.018994920 0.027776480 0.027042930 0.017857610 0.034136360 0.042092270 0.000000000 0.004788060 0.011396550 0.001020710 0.003254460 0.022856440 0.019977780 0.066984590 
16     0.077859370 0.068016260 0.052546580 0.043327100 0.082105540 0.036938400 0.007121310 0.058332610 0.068002840 0.026743690 0.044203040 0.044209330 0.060127470 0.011837070 0.049308010 0.062631680 0.050739210 0.034973840 0.046870980 0.049624870 0.046008440 0.047287360 0.023975400 0.044856330 0.028773710 0.031445580 0.051411380 0.060504820 0.066581450 0.058938920 0.074842860 0.071386130 0.007440960 0.011420030 0.057147360 0.049669910 0.045572950 0.033989670 0.034700030 0.054103760 0.038358090 0.033269100 0.052002210 0.004788060 0.000000000 0.000369420 0.001275110 0.010278220 0.014528730 0.016273510 0.060061020 
12     0.071394000 0.057920040 0.072655530 0.069315990 0.067624600 0.067639080 0.067624730 0.132309590 0.059539170 0.020521750 0.043026130 0.043032420 0.058950560 0.055108330 0.026285670 0.047990820 0.027716870 0.035890100 0.084438430 0.125154020 0.065140140 0.066419060 0.041660030 0.062540960 0.046458340 0.030268670 0.049940590 0.054025160 0.055641420 0.051665590 0.072771770 0.052160080 0.047780320 0.045087320 0.050244660 0.062253040 0.044632720 0.027851800 0.030348050 0.040610900 0.069432330 0.043983790 0.050791900 0.011396550 0.000369420 0.000000000 0.005868900 0.009101310 0.015061160 0.016998570 0.064648090 
47     0.059183610 0.049215010 0.059532250 0.050312770 0.039985730 0.054334330 0.047365610 0.065318280 0.056156140 0.031093600 0.035021760 0.048559240 0.013564760 0.019330130 0.079090630 0.024850840 0.024777030 0.038691470 0.053856650 0.056610540 0.062537880 0.055122560 0.043740980 0.043758150 0.048539290 0.019179390 0.002122130 0.005327990 0.011404620 0.003762090 0.033653240 0.056395300 0.013733540 0.002142220 0.001970530 0.003298470 0.055020470 0.007092280 0.038656980 0.005492980 0.005052400 0.014723820 0.031903050 0.001020710 0.001275110 0.005868900 0.000000000 0.000906910 0.022239760 0.028881210 0.048251460 
10     0.072604210 0.071135020 0.070621110 0.058576800 0.046979060 0.056469240 0.062403420 0.081183340 0.025793260 0.000263620 0.034697210 0.051263090 0.013240210 0.019005580 0.030251500 0.016393400 0.024452480 0.026355070 0.056283700 0.072475600 0.078402940 0.070987620 0.070816570 0.079288100 0.074344700 0.038499340 0.001797580 0.005003440 0.011080070 0.003437540 0.029993990 0.072148610 0.013408990 0.001817670 0.001645980 0.002973920 0.081201570 0.006767730 0.033616090 0.005168430 0.031347520 0.026879690 0.022448600 0.003254460 0.010278220 0.009101310 0.000906910 0.000000000 0.011435720 0.009675760 0.064754890 
29     0.048567850 0.047267400 0.031797720 0.022578240 0.038001820 0.052577920 0.052563570 0.031338250 0.044478010 0.005460590 0.042317800 0.045554840 0.064365270 0.049055560 0.011224510 0.032929660 0.012655710 0.021215530 0.026122120 0.028876010 0.034803350 0.027388030 0.047872560 0.049129170 0.050029610 0.052049860 0.034879430 0.038964000 0.040580260 0.036604430 0.043982450 0.037098920 0.052529720 0.020706240 0.028582580 0.025787470 0.025980070 0.012790640 0.015286890 0.023072760 0.020666960 0.022023050 0.028737890 0.022856440 0.014528730 0.015061160 0.022239760 0.011435720 0.000000000 0.000578570 0.041388580 
28     0.051429340 0.047037480 0.031567800 0.022348320 0.045142000 0.039663530 0.030098960 0.037353830 0.046415420 0.007398000 0.004483580 0.007720620 0.054631340 0.011479480 0.013161920 0.034867070 0.014593120 0.019998110 0.025892200 0.028646090 0.034573430 0.027158110 0.040391570 0.048899250 0.049799690 0.025949450 0.025527850 0.014486240 0.008354780 0.037585260 0.038778930 0.006235150 0.036814530 0.019396800 0.014278370 0.005446520 0.032656440 0.014728050 0.010108090 0.012701490 0.020437040 0.018854350 0.011435450 0.019977780 0.016273510 0.016998570 0.028881210 0.009675760 0.000578570 0.000000000 0.020714220 
0     0.066336170 0.052732640 0.063237920 0.052337300 0.082496170 0.064985870 0.063615400 0.078860610 0.080679680 0.031619390 0.044766440 0.044009170 0.063195160 0.047149290 0.064936370 0.007926510 0.064289690 0.027563230 0.088415050 0.063245750 0.077656040 0.071249960 0.035252660 0.084455810 0.095469480 0.057609200 0.061950410 0.075307520 0.063245050 0.065023910 0.053232680 0.073645750 0.064636350 0.059447210 0.076432760 0.053619400 0.061535800 0.051558350 0.019834770 0.023736200 0.031212210 0.028016220 0.029741520 0.066984590 0.060061020 0.064648090 0.048251460 0.064754890 0.041388580 0.020714220 0.000000000 
