51
3     0.000000000 0.957993643 0.644669349 0.674193428 0.585682283 0.570029481 0.401140928 0.408065564 1.052479992 0.808752104 0.748611862 1.114008848 0.940852878 1.001903128 0.495416781 0.628374169 0.591326619 0.592410225 0.759842614 0.714936373 0.764917824 0.800101596 0.829778256 0.763277663 0.857172310 0.707164347 0.612643672 0.583881708 0.592466759 0.633852150 0.557656228 0.558305709 0.600841576 0.605897288 0.666640404 0.642557873 0.542721788 0.539085087 0.596923212 0.574422923 0.644541251 0.692068768 0.592242552 0.615038346 0.609903230 0.607851085 0.584433146 0.589604796 0.733736786 0.739450602 4.258835911 
4     0.957993643 0.000000000 0.468194836 0.894518717 0.807578451 0.791581360 0.953426948 0.960346599 1.595973538 1.351978341 1.291838098 1.656280429 1.480063453 1.544107887 1.038841012 1.171793365 1.134745815 1.135829420 1.301294205 1.256468115 1.307611983 1.343035490 1.372712150 1.306303432 1.400844501 1.249544962 1.155024287 1.126254173 1.134839224 1.176224615 1.100013587 1.100688050 1.142425515 1.148522583 1.209262727 1.185180196 1.085347082 1.081710381 1.139548507 1.117048217 1.186635055 1.233271645 1.131213502 1.154009296 1.148874180 1.146822034 1.124199168 1.128898627 1.273502808 1.279216624 4.808436212 
1     0.644669349 0.468194836 0.000000000 0.581189074 0.494248807 0.478251716 0.639325141 0.646244792 1.282806466 1.038925298 0.978785055 1.343110709 1.166823653 1.230938166 0.725671292 0.858624075 0.821576525 0.822660130 0.988124914 0.943298825 0.994442692 1.029866199 1.059542859 0.993107118 1.087709074 0.936409534 0.841888860 0.813118745 0.821703796 0.863089188 0.786878159 0.787552622 0.829078877 0.835353770 0.896093914 0.872011383 0.772178269 0.768541568 0.826379693 0.803879404 0.873996852 0.920997461 0.817997033 0.840792827 0.835657710 0.833605565 0.811107648 0.815762621 0.960411288 0.966125104 4.499631212 
6     0.674193428 0.894518717 0.581189074 0.000000000 0.264659437 0.249895858 0.672095410 0.678870747 1.316395930 1.072514761 1.012374519 1.377480682 1.202541440 1.265796554 0.758582060 0.892163194 0.855115644 0.856199249 1.022385707 0.977638309 1.028364942 1.064213793 1.093890453 1.026024570 1.120319215 0.968862814 0.874342140 0.845572025 0.854157076 0.895542468 0.818430396 0.820005902 0.862142633 0.868882983 0.929623128 0.905540597 0.805707482 0.802070782 0.859908907 0.837408617 0.907526065 0.954332856 0.852618231 0.875414025 0.870278909 0.868226763 0.844767361 0.849934542 0.994071001 0.999784817 4.532430257 
2     0.585682283 0.807578451 0.494248807 0.264659437 0.000000000 0.046944086 0.583491426 0.590408792 1.227756298 0.983875129 0.923734887 1.289259958 1.113901808 1.177156922 0.669915370 0.803523562 0.766476012 0.767559617 0.933124040 0.888719094 0.939445726 0.975574161 1.005250821 0.937384937 1.031679583 0.880232661 0.785711987 0.756941872 0.765526923 0.806912314 0.729981997 0.731375749 0.773512480 0.780213503 0.840952368 0.816869837 0.717038002 0.713401301 0.771239426 0.748739137 0.818867301 0.865767981 0.763856233 0.786618105 0.781516911 0.779430843 0.755971441 0.761138622 0.905275081 0.910988896 4.443793166 
8     0.570029481 0.791581360 0.478251716 0.249895858 0.046944086 0.000000000 0.567820898 0.574738265 1.212085770 0.968204602 0.908064360 1.273589430 1.098231280 1.161486394 0.654244843 0.787853034 0.750805484 0.751889090 0.917458466 0.873048566 0.923775198 0.959903633 0.989580293 0.921714410 1.016009056 0.864562133 0.770041459 0.741271345 0.749856396 0.791241787 0.714311470 0.715705221 0.757841952 0.764542975 0.825281841 0.801199310 0.701367474 0.697730773 0.755568899 0.733068609 0.803196774 0.850097454 0.748185706 0.770947578 0.765846383 0.763760316 0.740300913 0.745468094 0.889604554 0.895318369 4.428122639 
7     0.401140928 0.953426948 0.639325141 0.672095410 0.583491426 0.567820898 0.000000000 0.155318500 1.020938392 0.777057224 0.716916981 1.081762671 0.906760210 0.969595349 0.463059317 0.595751553 0.558704003 0.559787608 0.727736492 0.682443421 0.732430394 0.769093087 0.798769747 0.732546588 0.826441235 0.675950885 0.581430211 0.552660097 0.561245148 0.602630539 0.526835676 0.527166658 0.569519478 0.575554798 0.636410613 0.612328082 0.512379297 0.508742596 0.566580721 0.544080432 0.614198760 0.661546553 0.561277143 0.584072937 0.578937820 0.576885675 0.553426272 0.558599228 0.702729913 0.708443728 4.217964345 
5     0.408065564 0.960346599 0.646244792 0.678870747 0.590408792 0.574738265 0.155318500 0.000000000 1.027818432 0.783937263 0.723797021 1.088642710 0.913640250 0.976475389 0.469939356 0.602600160 0.565552610 0.566636215 0.734616532 0.689323461 0.739310434 0.775973126 0.805649786 0.739426628 0.833321275 0.682830925 0.588310251 0.559540136 0.568125187 0.609510579 0.533715716 0.534046697 0.576414677 0.582434837 0.643290652 0.619208121 0.519259336 0.515622636 0.573460761 0.550960471 0.621078800 0.668426592 0.568157182 0.590952976 0.585817860 0.583765714 0.560306312 0.565479268 0.709609952 0.715323768 4.215940346 
29     1.052479992 1.595973538 1.282806466 1.316395930 1.227756298 1.212085770 1.020938392 1.027818432 0.000000000 0.749288294 0.688950528 1.300059061 1.126675551 1.187390440 0.682097916 0.812709016 0.775561347 0.776600270 0.945438459 0.900209645 0.949101671 0.986927753 1.016770267 0.948045471 1.041253419 0.890934275 0.796587921 0.767314906 0.775914995 0.817437522 0.742011735 0.742066981 0.784730792 0.833289146 0.892033725 0.868213485 0.765155475 0.761518774 0.819142094 0.797152451 0.867338006 0.914912374 0.815662119 0.836484201 0.831349085 0.829296940 0.809800504 0.815334369 0.959104135 0.964817855 4.696427156 
16     0.808752104 1.351978341 1.038925298 1.072514761 0.983875129 0.968204602 0.777057224 0.783937263 0.749288294 0.000000000 0.218525379 1.056328913 0.882945403 0.943669376 0.438501912 0.569313296 0.532165627 0.533204550 0.701993270 0.656764456 0.705656482 0.743102223 0.772944737 0.704188427 0.797396375 0.647055815 0.552709461 0.523046282 0.531646372 0.573555771 0.498123874 0.498179120 0.540842931 0.589408125 0.647796310 0.624332502 0.521370830 0.517734130 0.575357450 0.553367807 0.623456974 0.671031342 0.571781107 0.594412921 0.589277805 0.587225660 0.565919492 0.571453357 0.715223123 0.720936843 4.452545988 
44     0.748611862 1.291838098 0.978785055 1.012374519 0.923734887 0.908064360 0.716916981 0.723797021 0.688950528 0.218525379 0.000000000 0.996166305 0.822782795 0.883506768 0.378358252 0.509150688 0.472003019 0.473041942 0.641830662 0.596601848 0.645493874 0.682956511 0.712799025 0.644028506 0.737236454 0.586902004 0.492555650 0.462886361 0.471486451 0.513395850 0.437970063 0.438025309 0.480689119 0.529267882 0.587253485 0.564192260 0.461230588 0.457593887 0.515217208 0.493227565 0.563316731 0.610891099 0.511640865 0.534272679 0.529137563 0.527085417 0.505779250 0.511313115 0.655082880 0.660796600 4.392405746 
47     1.114008848 1.656280429 1.343110709 1.377480682 1.289259958 1.273589430 1.081762671 1.088642710 1.300059061 1.056328913 0.996166305 0.000000000 0.415934224 0.597811275 0.655500747 0.816040101 0.779006913 0.780125254 0.949553184 0.904324611 0.953139865 1.041007223 1.070794647 1.000180521 1.093423074 0.943767063 0.849574520 0.820290231 0.828876771 0.870219954 0.794631199 0.794885234 0.837452914 0.873445821 0.932010143 0.908004077 0.805322592 0.801685891 0.859331700 0.837339525 0.907215072 0.954658739 0.855009003 0.877804920 0.872669803 0.870617658 0.848802680 0.854330042 0.998081698 1.003795432 4.755185327 
41     0.940852878 1.480063453 1.166823653 1.202541440 1.113901808 1.098231280 0.906760210 0.913640250 1.126675551 0.882945403 0.822782795 0.415934224 0.000000000 0.426586649 0.482635493 0.642661215 0.605628227 0.606746568 0.776366307 0.731137735 0.779952989 0.867581820 0.896989316 0.826800240 0.920042794 0.770386782 0.676194239 0.646909951 0.655496490 0.696839673 0.621250919 0.621504953 0.664072634 0.703122025 0.761686346 0.737680280 0.635113448 0.631476747 0.689100060 0.667110417 0.736907438 0.784471322 0.684754334 0.707550251 0.702415134 0.700362989 0.678860104 0.684393983 0.828163739 0.833877473 4.583853130 
38     1.001903128 1.544107887 1.230938166 1.265796554 1.177156922 1.161486394 0.969595349 0.976475389 1.187390440 0.943669376 0.883506768 0.597811275 0.426586649 0.000000000 0.543442374 0.703529152 0.666496164 0.667614505 0.837033255 0.791804333 0.840619587 0.928584568 0.958727370 0.887869413 0.981034645 0.831520709 0.737328166 0.708121198 0.716707738 0.758050921 0.682462166 0.682716201 0.725283882 0.764024840 0.822589161 0.798583095 0.696054551 0.692417850 0.750041163 0.728051520 0.797849012 0.845412896 0.745597776 0.768393693 0.763258577 0.761206431 0.739681516 0.745215395 0.888985151 0.894698885 4.645712945 
39     0.495416781 1.038841012 0.725671292 0.758582060 0.669915370 0.654244843 0.463059317 0.469939356 0.682097916 0.438501912 0.378358252 0.655500747 0.482635493 0.543442374 0.000000000 0.197703429 0.160727773 0.161846113 0.331510316 0.286178520 0.335100587 0.423000008 0.452533538 0.383204467 0.476409393 0.325836977 0.231644434 0.202311399 0.210897938 0.252294445 0.176638479 0.176872069 0.219492961 0.259019812 0.317485893 0.293403226 0.190985378 0.187348677 0.244879669 0.222890026 0.292804672 0.340247546 0.240651750 0.263447666 0.258312550 0.256260405 0.234790121 0.240324000 0.384093756 0.389807490 4.139722258 
34     0.628374169 1.171793365 0.858624075 0.892163194 0.803523562 0.787853034 0.595751553 0.602600160 0.812709016 0.569313296 0.509150688 0.816040101 0.642661215 0.703529152 0.197703429 0.000000000 0.122837293 0.124047210 0.415255979 0.369768748 0.418489619 0.553963239 0.583649597 0.515141941 0.608307174 0.457828702 0.363508256 0.334056683 0.342641734 0.384394551 0.308784835 0.308908389 0.351577065 0.395252428 0.453877614 0.429810593 0.327243984 0.323607283 0.381138283 0.359148640 0.429066427 0.476601500 0.376756600 0.399552517 0.394417400 0.392365255 0.370862410 0.376396270 0.520166045 0.525879779 4.273848105 
40     0.591326619 1.134745815 0.821576525 0.855115644 0.766476012 0.750805484 0.558704003 0.565552610 0.775561347 0.532165627 0.472003019 0.779006913 0.605628227 0.666496164 0.160727773 0.122837293 0.000000000 0.065918195 0.378471079 0.332983848 0.381704719 0.516815570 0.546501927 0.478140995 0.571306227 0.420856296 0.326535850 0.297092555 0.305677606 0.347422146 0.271842759 0.271935983 0.314634315 0.358085172 0.416710358 0.392643337 0.290097893 0.286461192 0.343992192 0.322002549 0.391758978 0.439412213 0.339589344 0.362385261 0.357250144 0.355197999 0.333695154 0.339229014 0.482998789 0.488712523 4.236800555 
49     0.592410225 1.135829420 0.822660130 0.856199249 0.767559617 0.751889090 0.559787608 0.566636215 0.776600270 0.533204550 0.473041942 0.780125254 0.606746568 0.667614505 0.161846113 0.124047210 0.065918195 0.000000000 0.379326683 0.333839452 0.382560324 0.517899172 0.547585529 0.479224597 0.572389829 0.421939898 0.327619452 0.298170824 0.306755875 0.348505748 0.272926361 0.273019585 0.315717917 0.359168777 0.417793963 0.393726942 0.291181498 0.287544797 0.345075797 0.323086154 0.392842583 0.440495818 0.340672949 0.363468866 0.358333750 0.356281604 0.334778759 0.340312619 0.484082394 0.489796128 4.237884160 
14     0.759842614 1.301294205 0.988124914 1.022385707 0.933124040 0.917458466 0.727736492 0.734616532 0.945438459 0.701993270 0.641830662 0.949553184 0.776366307 0.837033255 0.331510316 0.415255979 0.378471079 0.379326683 0.000000000 0.104423080 0.239836821 0.686879349 0.716565706 0.647089041 0.740254273 0.589794747 0.495474301 0.466327307 0.474913847 0.516449848 0.440391518 0.440975263 0.483596366 0.527535584 0.586401802 0.562334781 0.459773793 0.456137092 0.513668092 0.491678449 0.561605699 0.608875057 0.509337650 0.532133567 0.526998451 0.524946305 0.503443460 0.508977320 0.652747095 0.658460829 4.404361902 
50     0.714936373 1.256468115 0.943298825 0.977638309 0.888719094 0.873048566 0.682443421 0.689323461 0.900209645 0.656764456 0.596601848 0.904324611 0.731137735 0.791804333 0.286178520 0.369768748 0.332983848 0.333839452 0.104423080 0.000000000 0.192433944 0.641582983 0.671269340 0.601792675 0.694957907 0.544498381 0.450177935 0.421030941 0.429617481 0.471153482 0.395483073 0.395678897 0.438300000 0.482627140 0.541493358 0.517426337 0.414865349 0.411228648 0.468759647 0.446770005 0.516697255 0.563966612 0.464429206 0.487225123 0.482090006 0.480037861 0.458535016 0.464068875 0.607838651 0.613552385 4.359093784 
10     0.764917824 1.307611983 0.994442692 1.028364942 0.939445726 0.923775198 0.732430394 0.739310434 0.949101671 0.705656482 0.645493874 0.953139865 0.779952989 0.840619587 0.335100587 0.418489619 0.381704719 0.382560324 0.239836821 0.192433944 0.000000000 0.690427036 0.720113394 0.650858645 0.744023878 0.593573946 0.499253500 0.470017256 0.478603795 0.520139796 0.444560409 0.444665211 0.487286315 0.531730913 0.590356168 0.566289147 0.463659649 0.460022949 0.517570114 0.495580471 0.565545343 0.612814700 0.513277294 0.536073211 0.530938094 0.528885949 0.507383104 0.512916963 0.656686739 0.662400473 4.408736039 
12     0.800101596 1.343035490 1.029866199 1.064213793 0.975574161 0.959903633 0.769093087 0.775973126 0.986927753 0.743102223 0.682956511 1.041007223 0.867581820 0.928584568 0.423000008 0.553963239 0.516815570 0.517899172 0.686879349 0.641582983 0.690427036 0.000000000 0.419201224 0.651326437 0.744404134 0.593634553 0.499250669 0.470516506 0.479427364 0.520828799 0.444380078 0.445443868 0.488185864 0.575909010 0.634302005 0.610225092 0.508624663 0.505027351 0.562247478 0.540223141 0.608850230 0.656367537 0.558561075 0.581356992 0.576221875 0.574169730 0.552734268 0.558268075 0.701894105 0.707607839 4.448955709 
48     0.829778256 1.372712150 1.059542859 1.093890453 1.005250821 0.989580293 0.798769747 0.805649786 1.016770267 0.772944737 0.712799025 1.070794647 0.896989316 0.958727370 0.452533538 0.583649597 0.546501927 0.547585529 0.716565706 0.671269340 0.720113394 0.419201224 0.000000000 0.679936693 0.772906694 0.622977117 0.528593233 0.499774956 0.508819038 0.550257839 0.474277725 0.474833969 0.517575966 0.605696613 0.664074214 0.639997301 0.538397773 0.534761072 0.591981212 0.569956875 0.638963852 0.686419837 0.588293866 0.611089783 0.605954666 0.603902521 0.582364897 0.587966094 0.731592043 0.737305858 4.478632369 
42     0.763277663 1.306303432 0.993107118 1.026024570 0.937384937 0.921714410 0.732546588 0.739426628 0.948045471 0.704188427 0.644028506 1.000180521 0.826800240 0.887869413 0.383204467 0.515141941 0.478140995 0.479224597 0.647089041 0.601792675 0.650858645 0.651326437 0.679936693 0.000000000 0.266406078 0.425999847 0.330573523 0.305815895 0.315045320 0.353912905 0.277239093 0.278089042 0.321059662 0.534794599 0.594603536 0.570643239 0.469054572 0.465417871 0.522077164 0.500343929 0.569575128 0.617252317 0.519107296 0.541903212 0.536768096 0.534715951 0.513171620 0.518779575 0.662196918 0.667910734 4.410739196 
9     0.857172310 1.400844501 1.087709074 1.120319215 1.031679583 1.016009056 0.826441235 0.833321275 1.041253419 0.797396375 0.737236454 1.093423074 0.920042794 0.981034645 0.476409393 0.608307174 0.571306227 0.572389829 0.740254273 0.694957907 0.744023878 0.744404134 0.772906694 0.266406078 0.000000000 0.519466571 0.423851919 0.399360592 0.408519469 0.446371950 0.370843605 0.371727489 0.414452621 0.628100296 0.687908669 0.663948372 0.562359705 0.558723004 0.615382297 0.593649062 0.662884147 0.710557450 0.612400315 0.635196232 0.630061116 0.628008970 0.606464640 0.612072595 0.755489938 0.761203753 4.504375090 
11     0.707164347 1.249544962 0.936409534 0.968862814 0.880232661 0.864562133 0.675950885 0.682830925 0.890934275 0.647055815 0.586902004 0.943767063 0.770386782 0.831520709 0.325836977 0.457828702 0.420856296 0.421939898 0.589794747 0.544498381 0.593573946 0.593634553 0.622977117 0.425999847 0.519466571 0.000000000 0.212297472 0.223471787 0.231891143 0.273764071 0.196281718 0.196945638 0.240169018 0.478915789 0.537548072 0.513530765 0.411942098 0.408305397 0.465256681 0.443468291 0.512453769 0.560139843 0.461982708 0.484778625 0.479643509 0.477591363 0.455921405 0.461654988 0.605057832 0.610771647 4.353921734 
26     0.612643672 1.155024287 0.841888860 0.874342140 0.785711987 0.770041459 0.581430211 0.588310251 0.796587921 0.552709461 0.492555650 0.849574520 0.676194239 0.737328166 0.231644434 0.363508256 0.326535850 0.327619452 0.495474301 0.450177935 0.499253500 0.499250669 0.528593233 0.330573523 0.423851919 0.212297472 0.000000000 0.129286963 0.138410407 0.179208397 0.102750723 0.103526655 0.146859735 0.384361667 0.442993951 0.418976643 0.317343521 0.313706821 0.370564336 0.348773007 0.417886899 0.465612469 0.367433022 0.390228939 0.385093822 0.383041677 0.361371719 0.367105301 0.510508224 0.516222040 4.259512017 
32     0.583881708 1.126254173 0.813118745 0.845572025 0.756941872 0.741271345 0.552660097 0.559540136 0.767314906 0.523046282 0.462886361 0.820290231 0.646909951 0.708121198 0.202311399 0.334056683 0.297092555 0.298170824 0.466327307 0.421030941 0.470017256 0.470516506 0.499774956 0.305815895 0.399360592 0.223471787 0.129286963 0.000000000 0.035243099 0.124958937 0.065399151 0.065249300 0.108229038 0.355671120 0.414196653 0.390257174 0.288374511 0.284737811 0.341421900 0.319803231 0.389189754 0.436867115 0.338481414 0.361277330 0.356142214 0.354090069 0.332431408 0.338153693 0.481556576 0.487270391 4.230589291 
13     0.592466759 1.134839224 0.821703796 0.854157076 0.765526923 0.749856396 0.561245148 0.568125187 0.775914995 0.531646372 0.471486451 0.828876771 0.655496490 0.716707738 0.210897938 0.342641734 0.305677606 0.306755875 0.474913847 0.429617481 0.478603795 0.479427364 0.508819038 0.315045320 0.408519469 0.231891143 0.138410407 0.035243099 0.000000000 0.133445477 0.075050035 0.074621425 0.117343258 0.364256182 0.422781682 0.398842204 0.296959541 0.293322840 0.350042218 0.328388260 0.397774817 0.445452177 0.347066476 0.369862393 0.364727276 0.362675131 0.341016470 0.346738756 0.490141638 0.495855453 4.239174342 
36     0.633852150 1.176224615 0.863089188 0.895542468 0.806912314 0.791241787 0.602630539 0.609510579 0.817437522 0.573555771 0.513395850 0.870219954 0.696839673 0.758050921 0.252294445 0.384394551 0.347422146 0.348505748 0.516449848 0.471153482 0.520139796 0.520828799 0.550257839 0.353912905 0.446371950 0.273764071 0.179208397 0.124958937 0.133445477 0.000000000 0.116109682 0.116848648 0.160103081 0.405625898 0.464243795 0.440288495 0.338418495 0.334781794 0.391568206 0.369914249 0.439220213 0.486897573 0.388491546 0.411287463 0.406152346 0.404100201 0.382441540 0.388163826 0.531566346 0.537280162 4.280559733 
20     0.557656228 1.100013587 0.786878159 0.818430396 0.729981997 0.714311470 0.526835676 0.533715716 0.742011735 0.498123874 0.437970063 0.794631199 0.621250919 0.682462166 0.176638479 0.308784835 0.271842759 0.272926361 0.440391518 0.395483073 0.444560409 0.444380078 0.474277725 0.277239093 0.370843605 0.196281718 0.102750723 0.065399151 0.075050035 0.116109682 0.000000000 0.040401869 0.083292458 0.329545071 0.388095964 0.364160047 0.262571380 0.258934679 0.315872354 0.294097572 0.363127476 0.410804955 0.312441506 0.335237422 0.330102306 0.328050161 0.306346232 0.312111221 0.455498572 0.461212388 4.204872478 
23     0.558305709 1.100688050 0.787552622 0.820005902 0.731375749 0.715705221 0.527166658 0.534046697 0.742066981 0.498179120 0.438025309 0.794885234 0.621504953 0.682716201 0.176872069 0.308908389 0.271935983 0.273019585 0.440975263 0.395678897 0.444665211 0.445443868 0.474833969 0.278089042 0.371727489 0.196945638 0.103526655 0.065249300 0.074621425 0.116848648 0.040401869 0.000000000 0.063262355 0.330231073 0.388826488 0.364846049 0.263008489 0.259371788 0.316216474 0.294428083 0.363777649 0.411455127 0.313049099 0.335845016 0.330709900 0.328657754 0.306982624 0.312721379 0.456104485 0.461818300 4.197581684 
19     0.600841576 1.142425515 0.829078877 0.862142633 0.773512480 0.757841952 0.569519478 0.576414677 0.784730792 0.540842931 0.480689119 0.837452914 0.664072634 0.725283882 0.219492961 0.351577065 0.314634315 0.315717917 0.483596366 0.438300000 0.487286315 0.488185864 0.517575966 0.321059662 0.414452621 0.240169018 0.146859735 0.108229038 0.117343258 0.160103081 0.083292458 0.063262355 0.000000000 0.372819207 0.431389482 0.407434183 0.305596528 0.301959827 0.358804513 0.337016122 0.406367517 0.454043166 0.355637138 0.378433055 0.373297939 0.371245793 0.349570663 0.355309418 0.498694714 0.504408529 4.247653379 
27     0.605897288 1.148522583 0.835353770 0.868882983 0.780213503 0.764542975 0.575554798 0.582434837 0.833289146 0.589408125 0.529267882 0.873445821 0.703122025 0.764024840 0.259019812 0.395252428 0.358085172 0.359168777 0.527535584 0.482627140 0.531730913 0.575909010 0.605696613 0.534794599 0.628100296 0.478915789 0.384361667 0.355671120 0.364256182 0.405625898 0.329545071 0.330231073 0.372819207 0.000000000 0.331696960 0.307793499 0.220609976 0.217089443 0.275153168 0.252559616 0.333540605 0.381241699 0.284738841 0.307607520 0.302447852 0.300395707 0.276801365 0.282515645 0.426050326 0.431860283 4.245126151 
25     0.666640404 1.209262727 0.896093914 0.929623128 0.840952368 0.825281841 0.636410613 0.643290652 0.892033725 0.647796310 0.587253485 0.932010143 0.761686346 0.822589161 0.317485893 0.453877614 0.416710358 0.417793963 0.586401802 0.541493358 0.590356168 0.634302005 0.664074214 0.594603536 0.687908669 0.537548072 0.442993951 0.414196653 0.422781682 0.464243795 0.388095964 0.388826488 0.431389482 0.331696960 0.000000000 0.240015645 0.280093456 0.276469958 0.334498795 0.311905411 0.393061046 0.440559018 0.344023357 0.366979968 0.361820301 0.359768155 0.336056843 0.341730613 0.485402687 0.491050194 4.305347468 
35     0.642557873 1.185180196 0.872011383 0.905540597 0.816869837 0.801199310 0.612328082 0.619208121 0.868213485 0.624332502 0.564192260 0.908004077 0.737680280 0.798583095 0.293403226 0.429810593 0.392643337 0.393726942 0.562334781 0.517426337 0.566289147 0.610225092 0.639997301 0.570643239 0.663948372 0.513530765 0.418976643 0.390257174 0.398842204 0.440288495 0.364160047 0.364846049 0.407434183 0.307793499 0.240015645 0.000000000 0.256170262 0.252546764 0.310575600 0.287982217 0.369304385 0.416740257 0.319688498 0.342645109 0.337485442 0.335433296 0.311716647 0.317390417 0.461062492 0.466709999 4.281256333 
15     0.542721788 1.085347082 0.772178269 0.805707482 0.717038002 0.701367474 0.512379297 0.519259336 0.765155475 0.521370830 0.461230588 0.805322592 0.635113448 0.696054551 0.190985378 0.327243984 0.290097893 0.291181498 0.459773793 0.414865349 0.463659649 0.508624663 0.538397773 0.469054572 0.562359705 0.411942098 0.317343521 0.288374511 0.296959541 0.338418495 0.262571380 0.263008489 0.305596528 0.220609976 0.280093456 0.256170262 0.000000000 0.033808596 0.157800891 0.134543206 0.267270392 0.314692601 0.217488033 0.240300690 0.235141022 0.233088877 0.211932067 0.217427286 0.361120208 0.366908582 4.165234939 
24     0.539085087 1.081710381 0.768541568 0.802070782 0.713401301 0.697730773 0.508742596 0.515622636 0.761518774 0.517734130 0.457593887 0.801685891 0.631476747 0.692417850 0.187348677 0.323607283 0.286461192 0.287544797 0.456137092 0.411228648 0.460022949 0.505027351 0.534761072 0.465417871 0.558723004 0.408305397 0.313706821 0.284737811 0.293322840 0.334781794 0.258934679 0.259371788 0.301959827 0.217089443 0.276469958 0.252546764 0.033808596 0.000000000 0.154367799 0.131177536 0.263705075 0.311127285 0.213841201 0.236653858 0.231494190 0.229442045 0.208285235 0.213780454 0.357473376 0.363261750 4.161598238 
43     0.596923212 1.139548507 0.826379693 0.859908907 0.771239426 0.755568899 0.566580721 0.573460761 0.819142094 0.575357450 0.515217208 0.859331700 0.689100060 0.750041163 0.244879669 0.381138283 0.343992192 0.345075797 0.513668092 0.468759647 0.517570114 0.562247478 0.591981212 0.522077164 0.615382297 0.465256681 0.370564336 0.341421900 0.350042218 0.391568206 0.315872354 0.316216474 0.358804513 0.275153168 0.334498795 0.310575600 0.157800891 0.154367799 0.000000000 0.126548819 0.321580356 0.369002565 0.271656199 0.294468855 0.289309188 0.287257042 0.266044919 0.271540138 0.415233060 0.421008747 4.228415228 
30     0.574422923 1.117048217 0.803879404 0.837408617 0.748739137 0.733068609 0.544080432 0.550960471 0.797152451 0.553367807 0.493227565 0.837339525 0.667110417 0.728051520 0.222890026 0.359148640 0.322002549 0.323086154 0.491678449 0.446770005 0.495580471 0.540223141 0.569956875 0.500343929 0.593649062 0.443468291 0.348773007 0.319803231 0.328388260 0.369914249 0.294097572 0.294428083 0.337016122 0.252559616 0.311905411 0.287982217 0.134543206 0.131177536 0.126548819 0.000000000 0.299021964 0.346444173 0.249042892 0.271855549 0.266695881 0.264643736 0.243469100 0.248964319 0.392657240 0.398432928 4.189822590 
46     0.644541251 1.186635055 0.873996852 0.907526065 0.818867301 0.803196774 0.614198760 0.621078800 0.867338006 0.623456974 0.563316731 0.907215072 0.736907438 0.797849012 0.292804672 0.429066427 0.391758978 0.392842583 0.561605699 0.516697255 0.565545343 0.608850230 0.638963852 0.569575128 0.662884147 0.512453769 0.417886899 0.389189754 0.397774817 0.439220213 0.363127476 0.363777649 0.406367517 0.333540605 0.393061046 0.369304385 0.267270392 0.263705075 0.321580356 0.299021964 0.000000000 0.246397132 0.309287925 0.332157693 0.327023488 0.324974620 0.303790911 0.309273214 0.453034950 0.458869397 4.282103598 
21     0.692068768 1.233271645 0.920997461 0.954332856 0.865767981 0.850097454 0.661546553 0.668426592 0.914912374 0.671031342 0.610891099 0.954658739 0.784471322 0.845412896 0.340247546 0.476601500 0.439412213 0.440495818 0.608875057 0.563966612 0.612814700 0.656367537 0.686419837 0.617252317 0.710557450 0.560139843 0.465612469 0.436867115 0.445452177 0.486897573 0.410804955 0.411455127 0.454043166 0.381241699 0.440559018 0.416740257 0.314692601 0.311127285 0.369002565 0.346444173 0.246397132 0.000000000 0.356657418 0.379527981 0.374393776 0.372344907 0.351198819 0.356733986 0.500446567 0.506281013 4.329566638 
28     0.592242552 1.131213502 0.817997033 0.852618231 0.763856233 0.748185706 0.561277143 0.568157182 0.815662119 0.571781107 0.511640865 0.855009003 0.684754334 0.745597776 0.240651750 0.376756600 0.339589344 0.340672949 0.509337650 0.464429206 0.513277294 0.558561075 0.588293866 0.519107296 0.612400315 0.461982708 0.367433022 0.338481414 0.347066476 0.388491546 0.312441506 0.313049099 0.355637138 0.284738841 0.344023357 0.319688498 0.217488033 0.213841201 0.271656199 0.249042892 0.309287925 0.356657418 0.000000000 0.046680828 0.043114814 0.040377484 0.125365583 0.132198985 0.276144204 0.281764525 4.230187870 
17     0.615038346 1.154009296 0.840792827 0.875414025 0.786618105 0.770947578 0.584072937 0.590952976 0.836484201 0.594412921 0.534272679 0.877804920 0.707550251 0.768393693 0.263447666 0.399552517 0.362385261 0.363468866 0.532133567 0.487225123 0.536073211 0.581356992 0.611089783 0.541903212 0.635196232 0.484778625 0.390228939 0.361277330 0.369862393 0.411287463 0.335237422 0.335845016 0.378433055 0.307607520 0.366979968 0.342645109 0.240300690 0.236653858 0.294468855 0.271855549 0.332157693 0.379527981 0.046680828 0.000000000 0.040111301 0.039310221 0.149236847 0.156085699 0.299898804 0.305528921 4.252983664 
45     0.609903230 1.148874180 0.835657710 0.870278909 0.781516911 0.765846383 0.578937820 0.585817860 0.831349085 0.589277805 0.529137563 0.872669803 0.702415134 0.763258577 0.258312550 0.394417400 0.357250144 0.358333750 0.526998451 0.482090006 0.530938094 0.576221875 0.605954666 0.536768096 0.630061116 0.479643509 0.385093822 0.356142214 0.364727276 0.406152346 0.330102306 0.330709900 0.373297939 0.302447852 0.361820301 0.337485442 0.235141022 0.231494190 0.289309188 0.266695881 0.327023488 0.374393776 0.043114814 0.040111301 0.000000000 0.030418680 0.143860522 0.150709374 0.294419523 0.300049639 4.247848548 
33     0.607851085 1.146822034 0.833605565 0.868226763 0.779430843 0.763760316 0.576885675 0.583765714 0.829296940 0.587225660 0.527085417 0.870617658 0.700362989 0.761206431 0.256260405 0.392365255 0.355197999 0.356281604 0.524946305 0.480037861 0.528885949 0.574169730 0.603902521 0.534715951 0.628008970 0.477591363 0.383041677 0.354090069 0.362675131 0.404100201 0.328050161 0.328657754 0.371245793 0.300395707 0.359768155 0.335433296 0.233088877 0.229442045 0.287257042 0.264643736 0.324974620 0.372344907 0.040377484 0.039310221 0.030418680 0.000000000 0.141223888 0.148072740 0.291782889 0.297413005 4.245796402 
18     0.584433146 1.124199168 0.811107648 0.844767361 0.755971441 0.740300913 0.553426272 0.560306312 0.809800504 0.565919492 0.505779250 0.848802680 0.678860104 0.739681516 0.234790121 0.370862410 0.333695154 0.334778759 0.503443460 0.458535016 0.507383104 0.552734268 0.582364897 0.513171620 0.606464640 0.455921405 0.361371719 0.332431408 0.341016470 0.382441540 0.306346232 0.306982624 0.349570663 0.276801365 0.336056843 0.311716647 0.211932067 0.208285235 0.266044919 0.243469100 0.303790911 0.351198819 0.125365583 0.149236847 0.143860522 0.141223888 0.000000000 0.023439595 0.173120238 0.177381581 4.223322481 
37     0.589604796 1.128898627 0.815762621 0.849934542 0.761138622 0.745468094 0.558599228 0.565479268 0.815334369 0.571453357 0.511313115 0.854330042 0.684393983 0.745215395 0.240324000 0.376396270 0.339229014 0.340312619 0.508977320 0.464068875 0.512916963 0.558268075 0.587966094 0.518779575 0.612072595 0.461654988 0.367105301 0.338153693 0.346738756 0.388163826 0.312111221 0.312721379 0.355309418 0.282515645 0.341730613 0.317390417 0.217427286 0.213780454 0.271540138 0.248964319 0.309273214 0.356733986 0.132198985 0.156085699 0.150709374 0.148072740 0.023439595 0.000000000 0.178035326 0.183573614 4.228700608 
31     0.733736786 1.273502808 0.960411288 0.994071001 0.905275081 0.889604554 0.702729913 0.709609952 0.959104135 0.715223123 0.655082880 0.998081698 0.828163739 0.888985151 0.384093756 0.520166045 0.482998789 0.484082394 0.652747095 0.607838651 0.656686739 0.701894105 0.731592043 0.662196918 0.755489938 0.605057832 0.510508224 0.481556576 0.490141638 0.531566346 0.455498572 0.456104485 0.498694714 0.426050326 0.485402687 0.461062492 0.361120208 0.357473376 0.415233060 0.392657240 0.453034950 0.500446567 0.276144204 0.299898804 0.294419523 0.291782889 0.173120238 0.178035326 0.000000000 0.191119232 4.372626122 
22     0.739450602 1.279216624 0.966125104 0.999784817 0.910988896 0.895318369 0.708443728 0.715323768 0.964817855 0.720936843 0.660796600 1.003795432 0.833877473 0.894698885 0.389807490 0.525879779 0.488712523 0.489796128 0.658460829 0.613552385 0.662400473 0.707607839 0.737305858 0.667910734 0.761203753 0.610771647 0.516222040 0.487270391 0.495855453 0.537280162 0.461212388 0.461818300 0.504408529 0.431860283 0.491050194 0.466709999 0.366908582 0.363261750 0.421008747 0.398432928 0.458869397 0.506281013 0.281764525 0.305528921 0.300049639 0.297413005 0.177381581 0.183573614 0.191119232 0.000000000 4.378339937 
0     4.258835911 4.808436212 4.499631212 4.532430257 4.443793166 4.428122639 4.217964345 4.215940346 4.696427156 4.452545988 4.392405746 4.755185327 4.583853130 4.645712945 4.139722258 4.273848105 4.236800555 4.237884160 4.404361902 4.359093784 4.408736039 4.448955709 4.478632369 4.410739196 4.504375090 4.353921734 4.259512017 4.230589291 4.239174342 4.280559733 4.204872478 4.197581684 4.247653379 4.245126151 4.305347468 4.281256333 4.165234939 4.161598238 4.228415228 4.189822590 4.282103598 4.329566638 4.230187870 4.252983664 4.247848548 4.245796402 4.223322481 4.228700608 4.372626122 4.378339937 0.000000000 
