51
23     0.000000000 0.000793780 0.001336580 0.001184500 0.001085060 0.000814180 0.001861090 0.001482150 0.001408020 0.001676330 0.002022480 0.001889570 0.001644000 0.001339920 0.000899260 0.001845970 0.000675480 0.002064320 0.001483070 0.001774110 0.002170480 0.002805890 0.002023550 0.001726070 0.002689250 0.002747730 0.002613160 0.002567680 0.002571870 0.002352120 0.002424080 0.002681540 0.001717440 0.001820040 0.004531740 0.002284470 0.002286050 0.002673280 0.002757610 0.003036030 0.002856870 0.002802510 0.003050390 0.002770210 0.003006390 0.002951320 0.003175790 0.003041860 0.003073980 0.003054120 0.001310840 
8     0.000793780 0.000000000 0.000268120 0.000410760 0.000311360 0.001465190 0.001285200 0.001245750 0.001359690 0.001407110 0.001479640 0.001336540 0.001459290 0.001797860 0.000201340 0.001486380 0.001556340 0.001217340 0.001808550 0.001700890 0.001434670 0.001156350 0.000896070 0.001981730 0.002434250 0.001994760 0.001986030 0.002020560 0.002030020 0.002227420 0.002008820 0.001801490 0.002341480 0.002365810 0.004464630 0.001967230 0.001783080 0.000921890 0.002947620 0.002658040 0.002808820 0.002093880 0.002176050 0.002702600 0.001921110 0.002052150 0.001901040 0.002179930 0.002172980 0.002736280 0.000537500 
21     0.001336580 0.000268120 0.000000000 0.000164040 0.000917730 0.001561510 0.001554470 0.001143530 0.001431290 0.001337710 0.001748910 0.001564550 0.001533260 0.001592240 0.000818460 0.001513100 0.001355130 0.002060490 0.001428730 0.001719770 0.000388770 0.002007730 0.000639770 0.001671730 0.002634910 0.002264030 0.002255300 0.002289830 0.002299290 0.002297780 0.002278090 0.002070760 0.001663100 0.001765700 0.004759240 0.002230130 0.002231710 0.002546360 0.002703270 0.002927310 0.002802530 0.002363150 0.002445320 0.002715870 0.002190380 0.002321420 0.002170310 0.002449200 0.002443350 0.002999780 0.001154620 
10     0.001184500 0.000410760 0.000164040 0.000000000 0.000702080 0.001547380 0.001495540 0.001129400 0.001417160 0.001323580 0.001689980 0.001546880 0.001519130 0.001578110 0.000592060 0.001688240 0.001341000 0.002046360 0.001414600 0.001705640 0.002102010 0.002182870 0.001322540 0.001657600 0.002620780 0.002205100 0.002196370 0.002230900 0.002240360 0.002283650 0.002219160 0.002011830 0.001648970 0.001751570 0.004680580 0.002216000 0.002217580 0.002487430 0.002689140 0.002868380 0.002788400 0.002304220 0.002386390 0.002701740 0.002131450 0.002262490 0.002111380 0.002390270 0.002384420 0.002946620 0.000928220 
2     0.001085060 0.000311360 0.000917730 0.000702080 0.000000000 0.001490540 0.001571660 0.001072560 0.001360320 0.001266740 0.001766100 0.001493580 0.001462290 0.001521270 0.000492620 0.001682420 0.001284160 0.001989520 0.000106120 0.000185280 0.002045170 0.002004910 0.001753400 0.001600760 0.002563940 0.002281220 0.002272490 0.002307020 0.002316480 0.002226810 0.002295280 0.002087950 0.001592130 0.001694730 0.004618690 0.002159160 0.002160740 0.002547970 0.002632300 0.002944500 0.002731560 0.002380340 0.002462510 0.002644900 0.002207570 0.002338610 0.002187500 0.002466390 0.002460540 0.002928810 0.000828780 
5     0.000814180 0.001465190 0.001561510 0.001547380 0.001490540 0.000000000 0.000214770 0.000010280 0.000341460 0.000714620 0.000832410 0.000706070 0.000437710 0.000286270 0.000804100 0.001912580 0.001918680 0.001110680 0.001992280 0.002121760 0.002679690 0.003498890 0.002532760 0.000118230 0.002855120 0.002415630 0.002406900 0.002441430 0.002450890 0.002648290 0.002429690 0.002222360 0.002226650 0.002329250 0.004706390 0.002735240 0.002702480 0.002697960 0.003266820 0.003078910 0.003229690 0.002514750 0.002596920 0.003123470 0.002341980 0.002473020 0.002321910 0.002600800 0.002594950 0.003157150 0.002562930 
6     0.001861090 0.001285200 0.001554470 0.001495540 0.001571660 0.000214770 0.000000000 0.000080270 0.000687300 0.000840450 0.000899040 0.000829970 0.000752120 0.000705300 0.001083630 0.001861090 0.002005420 0.002079440 0.002039510 0.001941770 0.002871130 0.003456560 0.002724200 0.002095990 0.002675130 0.002235640 0.002226910 0.002261440 0.002270900 0.002468300 0.002249700 0.002042370 0.002418090 0.002520690 0.004654900 0.002555250 0.002522490 0.002517970 0.003458260 0.002898920 0.003049700 0.002334760 0.002416930 0.002943480 0.002161990 0.002293030 0.002141920 0.002420810 0.002414960 0.002977160 0.002754370 
1     0.001482150 0.001245750 0.001143530 0.001129400 0.001072560 0.000010280 0.000080270 0.000000000 0.000499340 0.000459240 0.000853530 0.000686080 0.000654790 0.000713770 0.001070160 0.001815580 0.001500700 0.002033930 0.001574300 0.001865340 0.002261710 0.003080910 0.002114780 0.001817300 0.002635680 0.002196190 0.002187460 0.002221990 0.002231450 0.002428850 0.002210250 0.002002920 0.001808670 0.000246540 0.004609390 0.002375700 0.002377280 0.002478520 0.002848840 0.002859470 0.002948100 0.002295310 0.002377480 0.002861440 0.002122540 0.002253580 0.002102470 0.002381360 0.002375510 0.002937710 0.002144950 
11     0.001408020 0.001359690 0.001431290 0.001417160 0.001360320 0.000341460 0.000687300 0.000499340 0.000000000 0.000284090 0.000337130 0.000226210 0.000174710 0.000129930 0.001184100 0.001642520 0.001522520 0.001860870 0.001774730 0.001672400 0.002549470 0.003237990 0.002402540 0.001183180 0.002749620 0.002310130 0.002301400 0.002335930 0.002345390 0.002542790 0.002324190 0.002116860 0.002096430 0.002199030 0.004436330 0.002629740 0.002596980 0.002592460 0.003136600 0.002973410 0.003124190 0.002409250 0.002491420 0.003017970 0.002236480 0.002367520 0.002216410 0.002495300 0.002489450 0.003051650 0.002432710 
15     0.001676330 0.001407110 0.001337710 0.001323580 0.001266740 0.000714620 0.000840450 0.000459240 0.000284090 0.000000000 0.000031370 0.000019860 0.000129010 0.000221070 0.001174810 0.001777340 0.001694880 0.001995690 0.001768480 0.002059520 0.002455890 0.003275090 0.002308960 0.001327430 0.002797040 0.002357550 0.002348820 0.002383350 0.002392810 0.002590210 0.002371610 0.002164280 0.002002850 0.002105450 0.004571150 0.002569880 0.002571460 0.002639880 0.003043020 0.003020830 0.003142280 0.002456670 0.002538840 0.003055620 0.002283900 0.002414940 0.002263830 0.002542720 0.002536870 0.003099070 0.002339130 
19     0.002022480 0.001479640 0.001748910 0.001689980 0.001766100 0.000832410 0.000899040 0.000853530 0.000337130 0.000031370 0.000000000 0.000252360 0.000135850 0.000213350 0.001304050 0.001818310 0.001871500 0.002036660 0.001996730 0.002136210 0.003260780 0.003413780 0.003063800 0.000886770 0.002869570 0.002430080 0.002421350 0.002455880 0.002465340 0.002662740 0.002444140 0.002236810 0.002776800 0.002619450 0.004612120 0.002749690 0.002716930 0.002712410 0.003506760 0.003093360 0.003244140 0.002529200 0.002611370 0.003137920 0.002356430 0.002487470 0.002336360 0.002615250 0.002609400 0.003171600 0.003349390 
9     0.001889570 0.001336540 0.001564550 0.001546880 0.001493580 0.000706070 0.000829970 0.000686080 0.000226210 0.000019860 0.000252360 0.000000000 0.000124420 0.000498980 0.001160580 0.001755250 0.001739180 0.001973600 0.001933670 0.001993110 0.002682730 0.003350720 0.002535800 0.001397700 0.002726470 0.002286980 0.002278250 0.002312780 0.002322240 0.002519640 0.002301040 0.002093710 0.002229690 0.002332290 0.004549060 0.002606590 0.002573830 0.002569310 0.003269860 0.002950260 0.003101040 0.002386100 0.002468270 0.002994820 0.002213330 0.002344370 0.002193260 0.002472150 0.002466300 0.003028500 0.002565970 
14     0.001644000 0.001459290 0.001533260 0.001519130 0.001462290 0.000437710 0.000752120 0.000654790 0.000174710 0.000129010 0.000135850 0.000124420 0.000000000 0.000000160 0.001242100 0.001037240 0.001822570 0.001889740 0.001849810 0.002074090 0.002651440 0.003266860 0.002504510 0.000852040 0.002849220 0.002409730 0.002401000 0.002435530 0.002444990 0.002642390 0.002423790 0.002216460 0.002198400 0.002301000 0.004465200 0.002729340 0.002696580 0.002692060 0.003238570 0.003073010 0.003223790 0.002508850 0.002591020 0.003117570 0.002336080 0.002467120 0.002316010 0.002594900 0.002589050 0.003151250 0.002534680 
16     0.001339920 0.001797860 0.001592240 0.001578110 0.001521270 0.000286270 0.000705300 0.000713770 0.000129930 0.000221070 0.000213350 0.000498980 0.000000160 0.000000000 0.001304530 0.001787220 0.001899840 0.002005570 0.001965640 0.002049720 0.002710420 0.003382690 0.002563490 0.002266010 0.003229190 0.003163570 0.003153100 0.003107620 0.002884870 0.002892060 0.001118160 0.002952350 0.002257380 0.002359980 0.004581030 0.002824410 0.002825990 0.003213220 0.003297550 0.003186540 0.003354430 0.003262690 0.003305630 0.003310150 0.003089920 0.003220960 0.003069850 0.003348740 0.003342890 0.003594060 0.002593660 
12     0.000899260 0.000201340 0.000818460 0.000592060 0.000492620 0.000804100 0.001083630 0.001070160 0.001184100 0.001174810 0.001304050 0.001160580 0.001242100 0.001304530 0.000000000 0.000869690 0.001207270 0.001837800 0.001130930 0.001590780 0.002898180 0.001364320 0.002392120 0.001831620 0.002436360 0.001996870 0.001988140 0.002022670 0.002032130 0.002229530 0.002010930 0.001803600 0.002343590 0.002367920 0.004305220 0.002316480 0.002283720 0.002279200 0.003289430 0.002660150 0.002810930 0.002095990 0.002178160 0.002704710 0.001923220 0.002054260 0.001903150 0.002182040 0.002176190 0.002738390 0.000718400 
18     0.001845970 0.001486380 0.001513100 0.001688240 0.001682420 0.001912580 0.001861090 0.001815580 0.001642520 0.001777340 0.001818310 0.001755250 0.001037240 0.001787220 0.000869690 0.000000000 0.000346000 0.000355090 0.000989220 0.001429050 0.002668720 0.001695790 0.002521790 0.002224310 0.003187490 0.003080080 0.003071350 0.003065920 0.003070110 0.002850360 0.002922320 0.002886810 0.002215680 0.002318280 0.004435610 0.002782710 0.002784290 0.003171520 0.003255850 0.003592330 0.003355110 0.002447610 0.003261370 0.003268450 0.003006430 0.003137470 0.002986360 0.003265250 0.003259400 0.003552360 0.002551960 
4     0.000675480 0.001556340 0.001355130 0.001341000 0.001284160 0.001918680 0.002005420 0.001500700 0.001522520 0.001694880 0.001871500 0.001739180 0.001822570 0.001899840 0.001207270 0.000346000 0.000000000 0.000179980 0.000914850 0.000902640 0.002094630 0.002033370 0.001947700 0.001650220 0.002613400 0.002400120 0.002391390 0.002425920 0.002435380 0.002276270 0.002348230 0.002206850 0.001641590 0.001744190 0.000884770 0.002208620 0.002210200 0.002597430 0.002681760 0.002899680 0.002781020 0.002499240 0.002581410 0.002694360 0.002326470 0.002457510 0.002306400 0.002585290 0.002579440 0.002978270 0.001977870 
22     0.002064320 0.001217340 0.002060490 0.002046360 0.001989520 0.001110680 0.002079440 0.002033930 0.001860870 0.001995690 0.002036660 0.001973600 0.001889740 0.002005570 0.001837800 0.000355090 0.000179980 0.000000000 0.001452510 0.000442870 0.000485660 0.003455620 0.002653060 0.002355580 0.003258040 0.002818550 0.002809820 0.002844350 0.002853810 0.001732280 0.002832610 0.002625280 0.002346950 0.002449550 0.001137050 0.002913980 0.002915560 0.003100880 0.003387120 0.003481830 0.003486380 0.002917670 0.002999840 0.003399720 0.002744900 0.002875940 0.002724830 0.003003720 0.002997870 0.003560070 0.002683230 
3     0.001483070 0.001808550 0.001428730 0.001414600 0.000106120 0.001992280 0.002039510 0.001574300 0.001774730 0.001768480 0.001996730 0.001933670 0.001849810 0.001965640 0.001130930 0.000989220 0.000914850 0.001452510 0.000000000 0.000018180 0.002168230 0.002987430 0.002021300 0.001723820 0.002687000 0.002745480 0.002610910 0.002565430 0.002569620 0.002349870 0.002421830 0.002679290 0.001715190 0.001817790 0.004614030 0.002282220 0.002283800 0.002671030 0.002755360 0.003592790 0.002854620 0.002800260 0.003048140 0.002767960 0.002930170 0.002949070 0.002910100 0.003039610 0.003071730 0.003051870 0.002051470 
13     0.001774110 0.001700890 0.001719770 0.001705640 0.000185280 0.002121760 0.001941770 0.001865340 0.001672400 0.002059520 0.002136210 0.001993110 0.002074090 0.002049720 0.001590780 0.001429050 0.000902640 0.000442870 0.000018180 0.000000000 0.001339220 0.002198940 0.002029270 0.002014860 0.002705160 0.002265670 0.002256940 0.002291470 0.002300930 0.002498330 0.002279730 0.002072400 0.002006230 0.002108830 0.004841310 0.002573260 0.002552520 0.002548000 0.002280400 0.002928950 0.003079730 0.002364790 0.002446960 0.002973510 0.002192020 0.002323060 0.002171950 0.002450840 0.002444990 0.003007190 0.002342510 
20     0.002170480 0.001434670 0.000388770 0.002102010 0.002045170 0.002679690 0.002871130 0.002261710 0.002549470 0.002455890 0.003260780 0.002682730 0.002651440 0.002710420 0.002898180 0.002668720 0.002094630 0.000485660 0.002168230 0.001339220 0.000000000 0.000867100 0.000697430 0.002037870 0.003001050 0.003059530 0.002924960 0.002879480 0.002883670 0.002663920 0.002735880 0.002993340 0.002029240 0.001554540 0.004664280 0.001979570 0.001794040 0.001693010 0.000948680 0.003400920 0.003168670 0.003114310 0.003362190 0.003082010 0.003318190 0.003263120 0.003814480 0.003353660 0.003385780 0.003365920 0.002452220 
17     0.002805890 0.001156350 0.002007730 0.002182870 0.002004910 0.003498890 0.003456560 0.003080910 0.003237990 0.003275090 0.003413780 0.003350720 0.003266860 0.003382690 0.001364320 0.001695790 0.002033370 0.003455620 0.002987430 0.002198940 0.000867100 0.000000000 0.000283370 0.002857070 0.003467090 0.003630630 0.003374360 0.003515810 0.003702870 0.003331490 0.001813270 0.003397340 0.002848440 0.002414260 0.004397420 0.002839290 0.002653760 0.002552730 0.001808400 0.004128280 0.003932380 0.003933510 0.003763490 0.003788640 0.004107920 0.004071070 0.003884490 0.003928030 0.004011330 0.004125960 0.003271420 
7     0.002023550 0.000896070 0.000639770 0.001322540 0.001753400 0.002532760 0.002724200 0.002114780 0.002402540 0.002308960 0.003063800 0.002535800 0.002504510 0.002563490 0.002392120 0.002521790 0.001947700 0.002653060 0.002021300 0.002029270 0.000697430 0.000283370 0.000000000 0.001890940 0.002854120 0.002912600 0.002778030 0.002732550 0.002736740 0.002516990 0.002588950 0.002846410 0.001882310 0.001984910 0.004875440 0.002449340 0.002450920 0.002383060 0.001638730 0.003759910 0.003021740 0.002967380 0.003215260 0.002935080 0.003171260 0.003116190 0.003667550 0.003206730 0.003238850 0.003218990 0.002305290 
33     0.001726070 0.001981730 0.001671730 0.001657600 0.001600760 0.000118230 0.002095990 0.001817300 0.001183180 0.001327430 0.000886770 0.001397700 0.000852040 0.002266010 0.001831620 0.002224310 0.001650220 0.002355580 0.001723820 0.002014860 0.002037870 0.002857070 0.001890940 0.000000000 0.001304240 0.000927890 0.000691020 0.000586730 0.000513870 0.000675030 0.001039070 0.000553940 0.000359950 0.000462550 0.000175360 0.000711100 0.000471860 0.001196530 0.001490940 0.000316540 0.001590200 0.000270970 0.001571870 0.000195520 0.000926510 0.000768030 0.001357740 0.000594130 0.000724670 0.000374610 0.002007810 
45     0.002689250 0.002434250 0.002634910 0.002620780 0.002563940 0.002855120 0.002675130 0.002635680 0.002749620 0.002797040 0.002869570 0.002726470 0.002849220 0.003229190 0.002436360 0.003187490 0.002613400 0.003258040 0.002687000 0.002705160 0.003001050 0.003467090 0.002854120 0.001304240 0.000000000 0.000151240 0.000105850 0.000505080 0.000544570 0.000291580 0.000310300 0.000159140 0.001323130 0.001169510 0.001778540 0.001662700 0.001666810 0.001759600 0.000875480 0.001466640 0.002553380 0.001870690 0.002099440 0.001795240 0.001844500 0.001975540 0.001824430 0.002103320 0.002097470 0.001974330 0.002970990 
37     0.002747730 0.001994760 0.002264030 0.002205100 0.002281220 0.002415630 0.002235640 0.002196190 0.002310130 0.002357550 0.002430080 0.002286980 0.002409730 0.003163570 0.001996870 0.003080080 0.002400120 0.002818550 0.002745480 0.002265670 0.003059530 0.003630630 0.002912600 0.000927890 0.000151240 0.000000000 0.000040700 0.000421500 0.000430960 0.000237660 0.000409760 0.000105220 0.001381610 0.001115590 0.001724620 0.001636730 0.001603970 0.001599450 0.000821560 0.001862340 0.002292720 0.001577780 0.001659950 0.001741320 0.001405010 0.001536050 0.001384940 0.001663830 0.001657980 0.001913730 0.003029470 
27     0.002613160 0.001986030 0.002255300 0.002196370 0.002272490 0.002406900 0.002226910 0.002187460 0.002301400 0.002348820 0.002421350 0.002278250 0.002401000 0.003153100 0.001988140 0.003071350 0.002391390 0.002809820 0.002610910 0.002256940 0.002924960 0.003374360 0.002778030 0.000691020 0.000105850 0.000040700 0.000000000 0.000411850 0.000331290 0.000225840 0.000401030 0.000093400 0.001247040 0.001103770 0.001712800 0.001628000 0.001595240 0.001590720 0.000809740 0.001850520 0.002119090 0.001569050 0.001651220 0.001729500 0.001396280 0.001527320 0.001376210 0.001655100 0.001649250 0.001676860 0.002894900 
49     0.002567680 0.002020560 0.002289830 0.002230900 0.002307020 0.002441430 0.002261440 0.002221990 0.002335930 0.002383350 0.002455880 0.002312780 0.002435530 0.003107620 0.002022670 0.003065920 0.002425920 0.002844350 0.002565430 0.002291470 0.002879480 0.003515810 0.002732550 0.000586730 0.000505080 0.000421500 0.000411850 0.000000000 0.000007370 0.000222680 0.000287020 0.000274770 0.001201560 0.001304160 0.002365150 0.001662530 0.001629770 0.001625250 0.001667090 0.002006090 0.002014800 0.001603580 0.001685750 0.002004540 0.001430810 0.001561850 0.001410740 0.001689630 0.001683780 0.001572570 0.002849420 
31     0.002571870 0.002030020 0.002299290 0.002240360 0.002316480 0.002450890 0.002270900 0.002231450 0.002345390 0.002392810 0.002465340 0.002322240 0.002444990 0.002884870 0.002032130 0.003070110 0.002435380 0.002853810 0.002569620 0.002300930 0.002883670 0.003702870 0.002736740 0.000513870 0.000544570 0.000430960 0.000331290 0.000007370 0.000000000 0.000276270 0.000283600 0.000183070 0.001205750 0.001308350 0.002292290 0.001671990 0.001639230 0.001634710 0.002074070 0.001933230 0.001941940 0.001613040 0.001695210 0.001931680 0.001440270 0.001571310 0.001420200 0.001699090 0.001693240 0.001499710 0.002853610 
24     0.002352120 0.002227420 0.002297780 0.002283650 0.002226810 0.002648290 0.002468300 0.002428850 0.002542790 0.002590210 0.002662740 0.002519640 0.002642390 0.002892060 0.002229530 0.002850360 0.002276270 0.001732280 0.002349870 0.002498330 0.002663920 0.003331490 0.002516990 0.000675030 0.000291580 0.000237660 0.000225840 0.000222680 0.000276270 0.000000000 0.000028820 0.000135880 0.000986000 0.000919710 0.001755280 0.001533810 0.001535390 0.001789070 0.000852220 0.001893000 0.002103100 0.001810440 0.001892610 0.001771980 0.001637670 0.001768710 0.001617600 0.001896490 0.001890640 0.001660870 0.002633860 
47     0.002424080 0.002008820 0.002278090 0.002219160 0.002295280 0.002429690 0.002249700 0.002210250 0.002324190 0.002371610 0.002444140 0.002301040 0.002423790 0.001118160 0.002010930 0.002922320 0.002348230 0.002832610 0.002421830 0.002279730 0.002735880 0.001813270 0.002588950 0.001039070 0.000310300 0.000409760 0.000401030 0.000287020 0.000283600 0.000028820 0.000000000 0.000517700 0.001057960 0.001160560 0.002537930 0.001605770 0.001607350 0.001613510 0.001634870 0.002096150 0.002264040 0.001591840 0.001674010 0.002200560 0.001419070 0.001550110 0.001399000 0.001677890 0.001672040 0.002234240 0.002705820 
40     0.002681540 0.001801490 0.002070760 0.002011830 0.002087950 0.002222360 0.002042370 0.002002920 0.002116860 0.002164280 0.002236810 0.002093710 0.002216460 0.002952350 0.001803600 0.002886810 0.002206850 0.002625280 0.002679290 0.002072400 0.002993340 0.003397340 0.002846410 0.000553940 0.000159140 0.000105220 0.000093400 0.000274770 0.000183070 0.000135880 0.000517700 0.000000000 0.001315420 0.001010910 0.001619940 0.001042010 0.001075050 0.000565690 0.000716880 0.001757660 0.001982010 0.001384510 0.001466680 0.001636640 0.001211740 0.001342780 0.001191670 0.001470560 0.001464710 0.001539780 0.002963280 
36     0.001717440 0.002341480 0.001663100 0.001648970 0.001592130 0.002226650 0.002418090 0.001808670 0.002096430 0.002002850 0.002776800 0.002229690 0.002198400 0.002257380 0.002343590 0.002215680 0.001641590 0.002346950 0.001715190 0.002006230 0.002029240 0.002848440 0.001882310 0.000359950 0.001323130 0.001381610 0.001247040 0.001201560 0.001205750 0.000986000 0.001057960 0.001315420 0.000000000 0.000442460 0.000049820 0.000918350 0.000919930 0.001307160 0.001336160 0.001668060 0.001581570 0.001527210 0.001775090 0.001494910 0.001731090 0.001676020 0.001731660 0.001766560 0.001798680 0.001778820 0.001999180 
35     0.001820040 0.002365810 0.001765700 0.001751570 0.001694730 0.002329250 0.002520690 0.000246540 0.002199030 0.002105450 0.002619450 0.002332290 0.002301000 0.002359980 0.002367920 0.002318280 0.001744190 0.002449550 0.001817790 0.002108830 0.001554540 0.002414260 0.001984910 0.000462550 0.001169510 0.001115590 0.001103770 0.001304160 0.001308350 0.000919710 0.001160560 0.001010910 0.000442460 0.000000000 0.000825350 0.000463570 0.000278040 0.000177010 0.000991060 0.001277670 0.001445560 0.001629810 0.001396760 0.001597510 0.001776060 0.001778620 0.001078270 0.001869160 0.001901280 0.001881420 0.002101780 
46     0.004531740 0.004464630 0.004759240 0.004680580 0.004618690 0.004706390 0.004654900 0.004609390 0.004436330 0.004571150 0.004612120 0.004549060 0.004465200 0.004581030 0.004305220 0.004435610 0.000884770 0.001137050 0.004614030 0.004841310 0.004664280 0.004397420 0.004875440 0.000175360 0.001778540 0.001724620 0.001712800 0.002365150 0.002292290 0.001755280 0.002537930 0.001619940 0.000049820 0.000825350 0.000000000 0.000609980 0.000370740 0.001000960 0.001934560 0.000333000 0.002191590 0.000287430 0.001588330 0.000211980 0.000942970 0.000784490 0.001450140 0.000610590 0.000741130 0.000391070 0.005514450 
50     0.002284470 0.001967230 0.002230130 0.002216000 0.002159160 0.002735240 0.002555250 0.002375700 0.002629740 0.002569880 0.002749690 0.002606590 0.002729340 0.002824410 0.002316480 0.002782710 0.002208620 0.002913980 0.002282220 0.002573260 0.001979570 0.002839290 0.002449340 0.000711100 0.001662700 0.001636730 0.001628000 0.001662530 0.001671990 0.001533810 0.001605770 0.001042010 0.000918350 0.000463570 0.000609980 0.000000000 0.000026640 0.000231680 0.001416090 0.000868740 0.002148600 0.000823170 0.001975980 0.000747720 0.001478710 0.001320230 0.001704550 0.001146330 0.001276870 0.000926810 0.002566210 
25     0.002286050 0.001783080 0.002231710 0.002217580 0.002160740 0.002702480 0.002522490 0.002377280 0.002596980 0.002571460 0.002716930 0.002573830 0.002696580 0.002825990 0.002283720 0.002784290 0.002210200 0.002915560 0.002283800 0.002552520 0.001794040 0.002653760 0.002450920 0.000471860 0.001666810 0.001603970 0.001595240 0.001629770 0.001639230 0.001535390 0.001607350 0.001075050 0.000919930 0.000278040 0.000370740 0.000026640 0.000000000 0.000157640 0.001230560 0.000629500 0.002150180 0.000583930 0.001884830 0.000508480 0.001239470 0.001080990 0.001671790 0.000907090 0.001037630 0.000687570 0.002567790 
39     0.002673280 0.000921890 0.002546360 0.002487430 0.002547970 0.002697960 0.002517970 0.002478520 0.002592460 0.002639880 0.002712410 0.002569310 0.002692060 0.003213220 0.002279200 0.003171520 0.002597430 0.003100880 0.002671030 0.002548000 0.001693010 0.002552730 0.002383060 0.001196530 0.001759600 0.001599450 0.001590720 0.001625250 0.001634710 0.001789070 0.001613510 0.000565690 0.001307160 0.000177010 0.001000960 0.000231680 0.000157640 0.000000000 0.001129530 0.001354170 0.002330080 0.001308600 0.001942280 0.001233150 0.001687340 0.001805660 0.001667270 0.001631760 0.001762300 0.001412240 0.002955020 
32     0.002757610 0.002947620 0.002703270 0.002689140 0.002632300 0.003266820 0.003458260 0.002848840 0.003136600 0.003043020 0.003506760 0.003269860 0.003238570 0.003297550 0.003289430 0.003255850 0.002681760 0.003387120 0.002755360 0.002280400 0.000948680 0.001808400 0.001638730 0.001490940 0.000875480 0.000821560 0.000809740 0.001667090 0.002074070 0.000852220 0.001634870 0.000716880 0.001336160 0.000991060 0.001934560 0.001416090 0.001230560 0.001129530 0.000000000 0.000460360 0.001701000 0.001646640 0.001759820 0.001614340 0.001806570 0.001795450 0.001708920 0.001752460 0.001835760 0.001898250 0.002625120 
38     0.003036030 0.002658040 0.002927310 0.002868380 0.002944500 0.003078910 0.002898920 0.002859470 0.002973410 0.003020830 0.003093360 0.002950260 0.003073010 0.003186540 0.002660150 0.003592330 0.002899680 0.003481830 0.003592790 0.002928950 0.003400920 0.004128280 0.003759910 0.000316540 0.001466640 0.001862340 0.001850520 0.002006090 0.001933230 0.001893000 0.002096150 0.001757660 0.001668060 0.001277670 0.000333000 0.000868740 0.000629500 0.001354170 0.000460360 0.000000000 0.000026640 0.000109890 0.001065040 0.000160900 0.000891890 0.000733410 0.000947760 0.000559510 0.000690050 0.000339990 0.000242500 
29     0.002856870 0.002808820 0.002802530 0.002788400 0.002731560 0.003229690 0.003049700 0.002948100 0.003124190 0.003142280 0.003244140 0.003101040 0.003223790 0.003354430 0.002810930 0.003355110 0.002781020 0.003486380 0.002854620 0.003079730 0.003168670 0.003932380 0.003021740 0.001590200 0.002553380 0.002292720 0.002119090 0.002014800 0.001941940 0.002103100 0.002264040 0.001982010 0.001581570 0.001445560 0.002191590 0.002148600 0.002150180 0.002330080 0.001701000 0.000026640 0.000000000 0.000417560 0.000755010 0.000669400 0.001043340 0.001382710 0.000956470 0.001230180 0.001322970 0.000761690 0.000160490 
26     0.002802510 0.002093880 0.002363150 0.002304220 0.002380340 0.002514750 0.002334760 0.002295310 0.002409250 0.002456670 0.002529200 0.002386100 0.002508850 0.003262690 0.002095990 0.002447610 0.002499240 0.002917670 0.002800260 0.002364790 0.003114310 0.003933510 0.002967380 0.000270970 0.001870690 0.001577780 0.001569050 0.001603580 0.001613040 0.001810440 0.001591840 0.001384510 0.001527210 0.001629810 0.000287430 0.000823170 0.000583930 0.001308600 0.001646640 0.000109890 0.000417560 0.000000000 0.000657670 0.000115330 0.000844950 0.000687840 0.000758080 0.000513940 0.000644480 0.000294420 0.000874690 
43     0.003050390 0.002176050 0.002445320 0.002386390 0.002462510 0.002596920 0.002416930 0.002377480 0.002491420 0.002538840 0.002611370 0.002468270 0.002591020 0.003305630 0.002178160 0.003261370 0.002581410 0.002999840 0.003048140 0.002446960 0.003362190 0.003763490 0.003215260 0.001571870 0.002099440 0.001659950 0.001651220 0.001685750 0.001695210 0.001892610 0.001674010 0.001466680 0.001775090 0.001396760 0.001588330 0.001975980 0.001884830 0.001942280 0.001759820 0.001065040 0.000755010 0.000657670 0.000000000 0.000094280 0.001130230 0.001133270 0.001163430 0.001420280 0.001436470 0.001370120 0.002368550 
44     0.002770210 0.002702600 0.002715870 0.002701740 0.002644900 0.003123470 0.002943480 0.002861440 0.003017970 0.003055620 0.003137920 0.002994820 0.003117570 0.003310150 0.002704710 0.003268450 0.002694360 0.003399720 0.002767960 0.002973510 0.003082010 0.003788640 0.002935080 0.000195520 0.001795240 0.001741320 0.001729500 0.002004540 0.001931680 0.001771980 0.002200560 0.001636640 0.001494910 0.001597510 0.000211980 0.000747720 0.000508480 0.001233150 0.001614340 0.000160900 0.000669400 0.000115330 0.000094280 0.000000000 0.000770870 0.000612390 0.000946210 0.000438490 0.000569030 0.000218970 0.002982630 
42     0.003006390 0.001921110 0.002190380 0.002131450 0.002207570 0.002341980 0.002161990 0.002122540 0.002236480 0.002283900 0.002356430 0.002213330 0.002336080 0.003089920 0.001923220 0.003006430 0.002326470 0.002744900 0.002930170 0.002192020 0.003318190 0.004107920 0.003171260 0.000926510 0.001844500 0.001405010 0.001396280 0.001430810 0.001440270 0.001637670 0.001419070 0.001211740 0.001731090 0.001776060 0.000942970 0.001478710 0.001239470 0.001687340 0.001806570 0.000891890 0.001043340 0.000844950 0.001130230 0.000770870 0.000000000 0.000071380 0.000015990 0.000374820 0.000505360 0.000393930 0.003288130 
48     0.002951320 0.002052150 0.002321420 0.002262490 0.002338610 0.002473020 0.002293030 0.002253580 0.002367520 0.002414940 0.002487470 0.002344370 0.002467120 0.003220960 0.002054260 0.003137470 0.002457510 0.002875940 0.002949070 0.002323060 0.003263120 0.004071070 0.003116190 0.000768030 0.001975540 0.001536050 0.001527320 0.001561850 0.001571310 0.001768710 0.001550110 0.001342780 0.001676020 0.001778620 0.000784490 0.001320230 0.001080990 0.001805660 0.001795450 0.000733410 0.001382710 0.000687840 0.001133270 0.000612390 0.000071380 0.000000000 0.000475610 0.000216340 0.000346880 0.000393820 0.003233060 
34     0.003175790 0.001901040 0.002170310 0.002111380 0.002187500 0.002321910 0.002141920 0.002102470 0.002216410 0.002263830 0.002336360 0.002193260 0.002316010 0.003069850 0.001903150 0.002986360 0.002306400 0.002724830 0.002910100 0.002171950 0.003814480 0.003884490 0.003667550 0.001357740 0.001824430 0.001384940 0.001376210 0.001410740 0.001420200 0.001617600 0.001399000 0.001191670 0.001731660 0.001078270 0.001450140 0.001704550 0.001671790 0.001667270 0.001708920 0.000947760 0.000956470 0.000758080 0.001163430 0.000946210 0.000015990 0.000475610 0.000000000 0.000775550 0.000859400 0.000307060 0.003784420 
30     0.003041860 0.002179930 0.002449200 0.002390270 0.002466390 0.002600800 0.002420810 0.002381360 0.002495300 0.002542720 0.002615250 0.002472150 0.002594900 0.003348740 0.002182040 0.003265250 0.002585290 0.003003720 0.003039610 0.002450840 0.003353660 0.003928030 0.003206730 0.000594130 0.002103320 0.001663830 0.001655100 0.001689630 0.001699090 0.001896490 0.001677890 0.001470560 0.001766560 0.001869160 0.000610590 0.001146330 0.000907090 0.001631760 0.001752460 0.000559510 0.001230180 0.000513940 0.001420280 0.000438490 0.000374820 0.000216340 0.000775550 0.000000000 0.000012110 0.000216100 0.003224160 
41     0.003073980 0.002172980 0.002443350 0.002384420 0.002460540 0.002594950 0.002414960 0.002375510 0.002489450 0.002536870 0.002609400 0.002466300 0.002589050 0.003342890 0.002176190 0.003259400 0.002579440 0.002997870 0.003071730 0.002444990 0.003385780 0.004011330 0.003238850 0.000724670 0.002097470 0.001657980 0.001649250 0.001683780 0.001693240 0.001890640 0.001672040 0.001464710 0.001798680 0.001901280 0.000741130 0.001276870 0.001037630 0.001762300 0.001835760 0.000690050 0.001322970 0.000644480 0.001436470 0.000569030 0.000505360 0.000346880 0.000859400 0.000012110 0.000000000 0.000031910 0.003355720 
28     0.003054120 0.002736280 0.002999780 0.002946620 0.002928810 0.003157150 0.002977160 0.002937710 0.003051650 0.003099070 0.003171600 0.003028500 0.003151250 0.003594060 0.002738390 0.003552360 0.002978270 0.003560070 0.003051870 0.003007190 0.003365920 0.004125960 0.003218990 0.000374610 0.001974330 0.001913730 0.001676860 0.001572570 0.001499710 0.001660870 0.002234240 0.001539780 0.001778820 0.001881420 0.000391070 0.000926810 0.000687570 0.001412240 0.001898250 0.000339990 0.000761690 0.000294420 0.001370120 0.000218970 0.000393930 0.000393820 0.000307060 0.000216100 0.000031910 0.000000000 0.003335860 
0     0.001310840 0.000537500 0.001154620 0.000928220 0.000828780 0.002562930 0.002754370 0.002144950 0.002432710 0.002339130 0.003349390 0.002565970 0.002534680 0.002593660 0.000718400 0.002551960 0.001977870 0.002683230 0.002051470 0.002342510 0.002452220 0.003271420 0.002305290 0.002007810 0.002970990 0.003029470 0.002894900 0.002849420 0.002853610 0.002633860 0.002705820 0.002963280 0.001999180 0.002101780 0.005514450 0.002566210 0.002567790 0.002955020 0.002625120 0.000242500 0.000160490 0.000874690 0.002368550 0.002982630 0.003288130 0.003233060 0.003784420 0.003224160 0.003355720 0.003335860 0.000000000 
