51
23     0.000000000 0.059786046 0.060662477 0.060617828 0.069464056 0.063880352 0.063981648 0.064202072 0.060233749 0.062858840 0.062227959 0.061511107 0.061192651 0.063265546 0.054053844 0.082410775 0.073460123 0.081232045 0.073235159 0.074474492 0.098543134 0.095558223 0.093323115 0.084949752 0.103368856 0.107080750 0.106187723 0.105347163 0.105741285 0.103211741 0.103696043 0.101764989 0.109580402 0.094071617 0.116429803 0.094563396 0.094493866 0.096473071 0.109409444 0.108738989 0.103742267 0.106125528 0.096692078 0.100916161 0.102500827 0.102860832 0.103100392 0.107366313 0.106676987 0.107598478 0.150384090 
8     0.059786046 0.000000000 0.026868434 0.026890231 0.049997158 0.058343389 0.058545421 0.058799193 0.054588759 0.057163208 0.056502424 0.055882023 0.055506713 0.057632640 0.048656502 0.076772330 0.067810338 0.075534014 0.067599699 0.068829370 0.093220927 0.090249472 0.087948419 0.080464665 0.099071393 0.102788786 0.101894613 0.101076677 0.101453738 0.098725233 0.099224590 0.097437167 0.104970214 0.089366136 0.112016672 0.090035678 0.089964704 0.091932200 0.105032016 0.104141227 0.099214539 0.101558053 0.092107925 0.096332007 0.097875732 0.098235737 0.098475297 0.102761017 0.102053815 0.102989619 0.145560208 
21     0.060662477 0.026868434 0.000000000 0.014109460 0.050986719 0.059137689 0.059340422 0.059594549 0.055383785 0.057958233 0.057292325 0.056677048 0.056301739 0.058424891 0.049517985 0.077615702 0.068630260 0.076433474 0.068372343 0.069633620 0.094029367 0.091065086 0.088743722 0.081296447 0.099921322 0.103635841 0.102741668 0.101930030 0.102302343 0.099585255 0.100084612 0.098284222 0.105812813 0.090206912 0.112849798 0.090870628 0.090799654 0.092767149 0.105851041 0.105008055 0.100089612 0.102433126 0.092982998 0.097207081 0.098694756 0.099054761 0.099294321 0.103580041 0.102885815 0.103808643 0.146426085 
10     0.060617828 0.026890231 0.014109460 0.000000000 0.050984777 0.059060115 0.059262552 0.059516975 0.055305914 0.057880363 0.057209604 0.056599177 0.056223868 0.058347021 0.049439538 0.077507088 0.068518538 0.076330915 0.068263728 0.069502981 0.093739135 0.090766446 0.088448969 0.080905961 0.099379532 0.103094051 0.102199878 0.101417798 0.101760553 0.099034608 0.099533965 0.097771990 0.105422328 0.089816427 0.112459313 0.090489012 0.090418039 0.092385534 0.105466635 0.104605492 0.099687048 0.102030562 0.092580434 0.096798870 0.098308068 0.098668073 0.098907633 0.103193353 0.102499126 0.103421955 0.146143079 
2     0.069464056 0.049997158 0.050986719 0.050984777 0.000000000 0.068121007 0.068319466 0.068573592 0.064458168 0.067036880 0.066401725 0.065755694 0.065380385 0.067407326 0.058288748 0.086479069 0.077597263 0.085313278 0.077138781 0.078481712 0.102678379 0.099753376 0.097538354 0.089687234 0.108217828 0.111930429 0.111036256 0.110218310 0.110605240 0.107916076 0.108417959 0.106581066 0.114170845 0.098573392 0.121346748 0.099245872 0.099174899 0.101135717 0.114114838 0.113236176 0.108309488 0.110655060 0.101202874 0.105426956 0.106951934 0.107311939 0.107551499 0.111834597 0.111143288 0.112066761 0.155062068 
5     0.063880352 0.058343389 0.059137689 0.059060115 0.068121007 0.000000000 0.020967044 0.021127687 0.028056337 0.030208528 0.029633172 0.029013681 0.028528625 0.031544241 0.043301614 0.079128277 0.070058427 0.077935183 0.069758468 0.070909849 0.095331378 0.092381649 0.090170124 0.081944333 0.100567246 0.104229876 0.103335703 0.102578668 0.102974562 0.100377111 0.100837511 0.098936878 0.106521743 0.090901467 0.113413910 0.091516280 0.091445307 0.093412802 0.106594802 0.105532977 0.100644659 0.102990534 0.093548003 0.097772086 0.099346672 0.099706677 0.099946418 0.104261857 0.103598109 0.104494022 0.147372754 
6     0.063981648 0.058545421 0.059340422 0.059262552 0.068319466 0.020967044 0.000000000 0.016389965 0.028154691 0.030420820 0.029924811 0.029252067 0.028812721 0.031553399 0.043421184 0.079254334 0.070183543 0.078071409 0.069886823 0.071028995 0.095523177 0.092590899 0.090379374 0.082302009 0.100882132 0.104552676 0.103658503 0.102893517 0.103289411 0.100691961 0.101152265 0.099251728 0.106855798 0.091191372 0.113693187 0.091799730 0.091728757 0.093696252 0.106877984 0.105838306 0.100927841 0.103273716 0.093831185 0.098055268 0.099629854 0.099989859 0.100229600 0.104545039 0.103881291 0.104777204 0.147598958 
1     0.064202072 0.058799193 0.059594549 0.059516975 0.068573592 0.021127687 0.016389965 0.000000000 0.028761147 0.031041175 0.030540010 0.029803327 0.029414835 0.032331377 0.043653141 0.079421769 0.070274897 0.078186099 0.070021162 0.071174224 0.095626461 0.092676732 0.090465207 0.082228099 0.100832000 0.104502581 0.103608408 0.102843422 0.103239316 0.100641865 0.101101552 0.099201633 0.106807570 0.091161982 0.113624864 0.091671673 0.091600700 0.093586883 0.106536949 0.105555857 0.100607780 0.102966057 0.093567090 0.097768509 0.099347002 0.099707006 0.099934830 0.104274494 0.103610745 0.104506658 0.147668684 
11     0.060233749 0.054588759 0.055383785 0.055305914 0.064458168 0.028056337 0.028154691 0.028761147 0.000000000 0.019498028 0.018769793 0.018279569 0.017883027 0.024596560 0.039731089 0.075323054 0.066254826 0.074150392 0.065952603 0.067168231 0.091674905 0.088725176 0.086513651 0.078434204 0.097013694 0.100665258 0.099771085 0.099026088 0.099421982 0.096824475 0.097304536 0.095384298 0.102980046 0.087323942 0.109819376 0.087932300 0.087861327 0.089828822 0.103016238 0.101964372 0.097053907 0.099399782 0.089963449 0.094187532 0.095742872 0.096102877 0.096339378 0.100662726 0.099998977 0.100894891 0.143554835 
15     0.062858840 0.057163208 0.057958233 0.057880363 0.067036880 0.030208528 0.030420820 0.031041175 0.019498028 0.000000000 0.013001113 0.015189401 0.015077019 0.026449872 0.042169343 0.077873593 0.068817621 0.076695461 0.068503142 0.069677295 0.094282322 0.091332593 0.089121069 0.081046933 0.099626403 0.103291621 0.102397448 0.101638797 0.102034691 0.099434666 0.099914727 0.097997007 0.105601077 0.089936651 0.112429641 0.090545009 0.090474036 0.092441531 0.105628947 0.104559794 0.099678803 0.102024679 0.092588345 0.096812428 0.098380817 0.098740822 0.098980562 0.103296002 0.102632253 0.103528167 0.146165739 
19     0.062227959 0.056502424 0.057292325 0.057209604 0.066401725 0.029633172 0.029924811 0.030540010 0.018769793 0.013001113 0.000000000 0.014492107 0.014058926 0.025737436 0.041549838 0.077242645 0.068190946 0.076068785 0.067876467 0.069092095 0.093651441 0.090701712 0.088490187 0.080416032 0.098995521 0.102660740 0.101766567 0.101007915 0.101403809 0.098803785 0.099283846 0.097366126 0.104970196 0.089305770 0.111798760 0.089914128 0.089843155 0.091810650 0.104998065 0.103928912 0.099047922 0.101393798 0.091957464 0.096181547 0.097749936 0.098109940 0.098349681 0.102665120 0.102001372 0.102897285 0.145534857 
9     0.061511107 0.055882023 0.056677048 0.056599177 0.065755694 0.029013681 0.029252067 0.029803327 0.018279569 0.015189401 0.014492107 0.000000000 0.012837995 0.025359132 0.040910452 0.076594655 0.067538683 0.075416523 0.067224204 0.068439832 0.093003886 0.090054157 0.087842632 0.079768497 0.098347966 0.102013185 0.101119012 0.100360360 0.100756254 0.098156230 0.098636291 0.096718571 0.104322641 0.088658215 0.111151205 0.089266573 0.089195600 0.091163095 0.104350510 0.103281357 0.098400367 0.100746243 0.091309909 0.095533992 0.097102381 0.097462385 0.097702126 0.102017566 0.101353817 0.102249730 0.144887302 
14     0.061192651 0.055506713 0.056301739 0.056223868 0.065380385 0.028528625 0.028812721 0.029414835 0.017883027 0.015077019 0.014058926 0.012837995 0.000000000 0.024789794 0.040498453 0.076161179 0.067109596 0.074992905 0.066810120 0.068025748 0.092525383 0.089575655 0.087364130 0.079223417 0.097802906 0.101468125 0.100573952 0.099815300 0.100211194 0.097611169 0.098091230 0.096173510 0.103777580 0.088083527 0.110606144 0.088721512 0.088650539 0.090618034 0.103805450 0.102736297 0.097855306 0.100201182 0.090764848 0.094988931 0.096557320 0.096917325 0.097157065 0.101472505 0.100808756 0.101704670 0.144414705 
16     0.063265546 0.057632640 0.058424891 0.058347021 0.067407326 0.031544241 0.031553399 0.032331377 0.024596560 0.026449872 0.025737436 0.025359132 0.024789794 0.000000000 0.042496607 0.078304113 0.069242962 0.077118125 0.068933764 0.070149392 0.094640590 0.091690861 0.089479336 0.081429209 0.099901894 0.103565508 0.102671967 0.101905279 0.102301172 0.099710798 0.100184150 0.098267501 0.105966925 0.090302499 0.112780647 0.090910005 0.090839032 0.092806527 0.106005344 0.104965666 0.100055201 0.102401077 0.092964743 0.097188826 0.098757215 0.099117219 0.099356960 0.103672400 0.103008651 0.103904564 0.146553192 
12     0.054053844 0.048656502 0.049517985 0.049439538 0.058288748 0.043301614 0.043421184 0.043653141 0.039731089 0.042169343 0.041549838 0.040910452 0.040498453 0.042496607 0.000000000 0.068683159 0.059653809 0.067385779 0.059216624 0.060437344 0.085325846 0.082344623 0.080124337 0.072212642 0.090754733 0.094453098 0.093558925 0.092761975 0.093157869 0.090594373 0.091081222 0.089124306 0.096820835 0.080980259 0.103804667 0.081814645 0.081743672 0.083711167 0.096820870 0.095912597 0.090999733 0.093321756 0.083880453 0.088108577 0.089636120 0.089996125 0.090235685 0.094551305 0.093868040 0.094783470 0.137563246 
18     0.082410775 0.076772330 0.077615702 0.077507088 0.086479069 0.079128277 0.079254334 0.079421769 0.075323054 0.077873593 0.077242645 0.076594655 0.076161179 0.078304113 0.068683159 0.000000000 0.049000748 0.056421548 0.049629482 0.050773559 0.109232319 0.106191174 0.103931184 0.096170567 0.115021921 0.118740302 0.117846129 0.116616560 0.117019790 0.114388393 0.115012066 0.113383723 0.120724148 0.105256322 0.127726477 0.105946108 0.105875135 0.107842630 0.120747350 0.119825234 0.114946037 0.117271465 0.107860143 0.112080939 0.113530818 0.113890823 0.114103522 0.118420936 0.117737693 0.118653100 0.161435160 
4     0.073460123 0.067810338 0.068630260 0.068518538 0.077597263 0.070058427 0.070183543 0.070274897 0.066254826 0.068817621 0.068190946 0.067538683 0.067109596 0.069242962 0.059653809 0.049000748 0.000000000 0.031466644 0.040795165 0.042320860 0.100313433 0.097314119 0.094992907 0.087574756 0.106355930 0.110074310 0.109180137 0.108234384 0.108637615 0.105939885 0.106488467 0.104717732 0.112147550 0.096658438 0.119102762 0.097346248 0.097275275 0.099242770 0.112194816 0.111286596 0.106374807 0.108699709 0.099322042 0.103546125 0.105019380 0.105379385 0.105563578 0.109904664 0.109221422 0.110136829 0.152211193 
22     0.081232045 0.075534014 0.076433474 0.076330915 0.085313278 0.077935183 0.078071409 0.078186099 0.074150392 0.076695461 0.076068785 0.075416523 0.074992905 0.077118125 0.067385779 0.056421548 0.031466644 0.000000000 0.048633822 0.050093526 0.108099729 0.105100570 0.102769479 0.095234223 0.114004994 0.117723375 0.116829202 0.115883448 0.116286679 0.113584558 0.114137531 0.112366796 0.119801138 0.104307502 0.126869437 0.104963722 0.104892749 0.106857012 0.119840785 0.118930882 0.114019094 0.116343996 0.106968011 0.111192094 0.112641601 0.113001606 0.113185135 0.117518056 0.116837887 0.117753295 0.159905374 
3     0.073235159 0.067599699 0.068372343 0.068263728 0.077138781 0.069758468 0.069886823 0.070021162 0.065952603 0.068503142 0.067876467 0.067224204 0.066810120 0.068933764 0.059216624 0.049629482 0.040795165 0.048633822 0.000000000 0.022956166 0.099713085 0.096754576 0.094491494 0.086838763 0.105534721 0.109253102 0.108354537 0.107263913 0.107667144 0.105152667 0.105613926 0.103892132 0.111315621 0.095874595 0.118400139 0.096587999 0.096517026 0.098484521 0.111380853 0.110354871 0.105448542 0.107768584 0.098435628 0.102651224 0.104084355 0.104444360 0.104699098 0.108969639 0.108278330 0.109201804 0.152054497 
13     0.074474492 0.068829370 0.069633620 0.069502981 0.078481712 0.070909849 0.071028995 0.071174224 0.067168231 0.069677295 0.069092095 0.068439832 0.068025748 0.070149392 0.060437344 0.050773559 0.042320860 0.050093526 0.022956166 0.000000000 0.100931919 0.097969421 0.095711047 0.088066118 0.106774205 0.110492585 0.109594021 0.108503397 0.108906627 0.106392151 0.106808184 0.105131615 0.112549420 0.097105911 0.119623279 0.097787424 0.097716450 0.099683945 0.112711639 0.111673499 0.106767896 0.109088493 0.099712031 0.103939296 0.105385351 0.105745356 0.106000094 0.110270636 0.109579327 0.110502801 0.153294518 
20     0.098543134 0.093220927 0.094029367 0.093739135 0.102678379 0.095331378 0.095523177 0.095626461 0.091674905 0.094282322 0.093651441 0.093003886 0.092525383 0.094640590 0.085325846 0.109232319 0.100313433 0.108099729 0.099713085 0.100931919 0.000000000 0.047803171 0.045717686 0.091150012 0.110306794 0.114037217 0.113143044 0.112388726 0.112807651 0.110358438 0.110866460 0.108664668 0.116336264 0.100738272 0.123207154 0.101251665 0.101180691 0.103091705 0.115929609 0.115122595 0.110227110 0.112294131 0.103193518 0.107417601 0.109028480 0.109388484 0.109657301 0.113868110 0.113161694 0.114100274 0.157507703 
17     0.095558223 0.090249472 0.091065086 0.090766446 0.099753376 0.092381649 0.092590899 0.092676732 0.088725176 0.091332593 0.090701712 0.090054157 0.089575655 0.091690861 0.082344623 0.106191174 0.097314119 0.105100570 0.096754576 0.097969421 0.047803171 0.000000000 0.028949466 0.087646454 0.106795649 0.110527923 0.109633864 0.108901102 0.109320026 0.106870813 0.107362605 0.105164773 0.112927316 0.097225355 0.119867578 0.097893237 0.097822263 0.099733277 0.112483216 0.111543226 0.106629607 0.108743665 0.099586087 0.103800064 0.105585442 0.105972864 0.106241680 0.110455261 0.109746252 0.110687426 0.154201590 
7     0.093323115 0.087948419 0.088743722 0.088448969 0.097538354 0.090170124 0.090379374 0.090465207 0.086513651 0.089121069 0.088490187 0.087842632 0.087364130 0.089479336 0.080124337 0.103931184 0.094992907 0.102769479 0.094491494 0.095711047 0.045717686 0.028949466 0.000000000 0.085823366 0.105042355 0.108772778 0.107878605 0.107124287 0.107543212 0.105093999 0.105600106 0.103400229 0.111026572 0.095356570 0.117991656 0.096053206 0.095982232 0.097893246 0.110670930 0.109799062 0.104905522 0.107012847 0.097896709 0.102120792 0.103751947 0.104111952 0.104380768 0.108594349 0.107880355 0.108826513 0.152150636 
33     0.084949752 0.080464665 0.081296447 0.080905961 0.089687234 0.081944333 0.082302009 0.082228099 0.078434204 0.081046933 0.080416032 0.079768497 0.079223417 0.081429209 0.072212642 0.096170567 0.087574756 0.095234223 0.086838763 0.088066118 0.091150012 0.087646454 0.085823366 0.000000000 0.050670997 0.054413384 0.053528845 0.052810130 0.053264623 0.050941648 0.051506068 0.049013123 0.061223927 0.045060972 0.068860239 0.046466012 0.046382676 0.048373093 0.066939151 0.065770614 0.060872585 0.063292113 0.053918339 0.058203002 0.059706510 0.060067223 0.060383059 0.064633025 0.063989977 0.064869444 0.134905447 
45     0.103368856 0.099071393 0.099921322 0.099379532 0.108217828 0.100567246 0.100882132 0.100832000 0.097013694 0.099626403 0.098995521 0.098347966 0.097802906 0.099901894 0.090754733 0.115021921 0.106355930 0.114004994 0.105534721 0.106774205 0.110306794 0.106795649 0.105042355 0.050670997 0.000000000 0.022195902 0.021881350 0.031198623 0.031659826 0.029674418 0.030051738 0.027462149 0.080066736 0.064330529 0.087006198 0.065011995 0.064933334 0.066883494 0.086365829 0.085211174 0.080351454 0.082739882 0.073380296 0.077639172 0.079010715 0.079371428 0.079735771 0.083849248 0.083225999 0.084166929 0.154098224 
37     0.107080750 0.102788786 0.103635841 0.103094051 0.111930429 0.104229876 0.104552676 0.104502581 0.100665258 0.103291621 0.102660740 0.102013185 0.101468125 0.103565508 0.094453098 0.118740302 0.110074310 0.117723375 0.109253102 0.110492585 0.114037217 0.110527923 0.108772778 0.054413384 0.022195902 0.000000000 0.013835301 0.034454556 0.034842248 0.033525710 0.033748241 0.030500704 0.083902605 0.068130123 0.090787414 0.068790310 0.068711649 0.070661809 0.090157902 0.089020298 0.084145414 0.086533842 0.077174256 0.081433132 0.082855699 0.083216412 0.083582074 0.087731547 0.087093992 0.088050150 0.157851290 
27     0.106187723 0.101894613 0.102741668 0.102199878 0.111036256 0.103335703 0.103658503 0.103608408 0.099771085 0.102397448 0.101766567 0.101119012 0.100573952 0.102671967 0.093558925 0.117846129 0.109180137 0.116829202 0.108354537 0.109594021 0.113143044 0.109633864 0.107878605 0.053528845 0.021881350 0.013835301 0.000000000 0.033362829 0.033683096 0.032347247 0.032791667 0.029899705 0.083008094 0.067235612 0.089893908 0.067896803 0.067818143 0.069768303 0.089263729 0.088126125 0.083251241 0.085639669 0.076280083 0.080538959 0.081961526 0.082322239 0.082687901 0.086861406 0.086199819 0.087155977 0.156957117 
49     0.105347163 0.101076677 0.101930030 0.101417798 0.110218310 0.102578668 0.102893517 0.102843422 0.099026088 0.101638797 0.101007915 0.100360360 0.099815300 0.101905279 0.092761975 0.116616560 0.108234384 0.115883448 0.107263913 0.108503397 0.112388726 0.108901102 0.107124287 0.052810130 0.031198623 0.034454556 0.033362829 0.000000000 0.015482704 0.028903199 0.028823434 0.029277892 0.081805612 0.066416418 0.089077929 0.067018584 0.066945158 0.068895317 0.088464045 0.087053689 0.082124946 0.084563980 0.075527880 0.079786756 0.081159564 0.081520278 0.081885939 0.086105869 0.085419782 0.086363370 0.156189431 
31     0.105741285 0.101453738 0.102302343 0.101760553 0.110605240 0.102974562 0.103289411 0.103239316 0.099421982 0.102034691 0.101403809 0.100756254 0.100211194 0.102301172 0.093157869 0.117019790 0.108637615 0.116286679 0.107667144 0.108906627 0.112807651 0.109320026 0.107543212 0.053264623 0.031659826 0.034842248 0.033683096 0.015482704 0.000000000 0.029437144 0.029417575 0.029982642 0.082590617 0.066845850 0.089510363 0.067448855 0.067375428 0.069325588 0.088882061 0.087758823 0.082830080 0.085269113 0.075909118 0.080167993 0.081456936 0.081817649 0.082183311 0.086347150 0.085662402 0.086608863 0.156614223 
24     0.103211741 0.098725233 0.099585255 0.099034608 0.107916076 0.100377111 0.100691961 0.100641865 0.096824475 0.099434666 0.098803785 0.098156230 0.097611169 0.099710798 0.090594373 0.114388393 0.105939885 0.113584558 0.105152667 0.106392151 0.110358438 0.106870813 0.105093999 0.050941648 0.029674418 0.033525710 0.032347247 0.028903199 0.029437144 0.000000000 0.015301871 0.028012073 0.080408354 0.064654345 0.087195060 0.065201255 0.065122594 0.067072031 0.086542867 0.085434522 0.080556772 0.082945201 0.073585615 0.077844490 0.079191665 0.079552379 0.079917429 0.084138817 0.083452404 0.084408562 0.154171840 
47     0.103696043 0.099224590 0.100084612 0.099533965 0.108417959 0.100837511 0.101152265 0.101101552 0.097304536 0.099914727 0.099283846 0.098636291 0.098091230 0.100184150 0.091081222 0.115012066 0.106488467 0.114137531 0.105613926 0.106808184 0.110866460 0.107362605 0.105600106 0.051506068 0.030051738 0.033748241 0.032791667 0.028823434 0.029417575 0.015301871 0.000000000 0.028671258 0.081056159 0.065305717 0.087887429 0.065922639 0.065849212 0.067799372 0.087197675 0.086088973 0.081211223 0.083599651 0.074240065 0.078498941 0.079846116 0.080206829 0.080571880 0.084793268 0.084106855 0.085063013 0.154711053 
40     0.101764989 0.097437167 0.098284222 0.097771990 0.106581066 0.098936878 0.099251728 0.099201633 0.095384298 0.097997007 0.097366126 0.096718571 0.096173510 0.098267501 0.089124306 0.113383723 0.104717732 0.112366796 0.103892132 0.105131615 0.108664668 0.105164773 0.103400229 0.049013123 0.027462149 0.030500704 0.029899705 0.029277892 0.029982642 0.028012073 0.028671258 0.000000000 0.078290888 0.062559214 0.085154775 0.063194893 0.063121466 0.065070606 0.084587006 0.083596123 0.078715298 0.081102650 0.071739714 0.075998566 0.077389442 0.077750155 0.078131739 0.082304800 0.081648949 0.082620622 0.152457027 
36     0.109580402 0.104970214 0.105812813 0.105422328 0.114170845 0.106521743 0.106855798 0.106807570 0.102980046 0.105601077 0.104970196 0.104322641 0.103777580 0.105966925 0.096820835 0.120724148 0.112147550 0.119801138 0.111315621 0.112549420 0.116336264 0.112927316 0.111026572 0.061223927 0.080066736 0.083902605 0.083008094 0.081805612 0.082590617 0.080408354 0.081056159 0.078290888 0.000000000 0.063178022 0.091576130 0.068774246 0.068703273 0.070728759 0.092300259 0.091056896 0.085979173 0.088462755 0.079407007 0.083687715 0.085153581 0.085424036 0.085724163 0.090083585 0.089433314 0.090278293 0.160050869 
35     0.094071617 0.089366136 0.090206912 0.089816427 0.098573392 0.090901467 0.091191372 0.091161982 0.087323942 0.089936651 0.089305770 0.088658215 0.088083527 0.090302499 0.080980259 0.105256322 0.096658438 0.104307502 0.095874595 0.097105911 0.100738272 0.097225355 0.095356570 0.045060972 0.064330529 0.068130123 0.067235612 0.066416418 0.066845850 0.064654345 0.065305717 0.062559214 0.063178022 0.000000000 0.075217101 0.052668051 0.052597077 0.054640245 0.076282353 0.075096202 0.070027983 0.072511553 0.063104412 0.067385120 0.068914691 0.069275405 0.069532358 0.073786276 0.073144045 0.074017863 0.144560105 
46     0.116429803 0.112016672 0.112849798 0.112459313 0.121346748 0.113413910 0.113693187 0.113624864 0.109819376 0.112429641 0.111798760 0.111151205 0.110606144 0.112780647 0.103804667 0.127726477 0.119102762 0.126869437 0.118400139 0.119623279 0.123207154 0.119867578 0.117991656 0.068860239 0.087006198 0.090787414 0.089893908 0.089077929 0.089510363 0.087195060 0.087887429 0.085154775 0.091576130 0.075217101 0.000000000 0.066324519 0.066221659 0.068010132 0.099076202 0.098257146 0.093300233 0.095780698 0.086401808 0.090698278 0.092272559 0.092634656 0.092903391 0.097213139 0.096575291 0.097448918 0.167236416 
50     0.094563396 0.090035678 0.090870628 0.090489012 0.099245872 0.091516280 0.091799730 0.091671673 0.087932300 0.090545009 0.089914128 0.089266573 0.088721512 0.090910005 0.081814645 0.105946108 0.097346248 0.104963722 0.096587999 0.097787424 0.101251665 0.097893237 0.096053206 0.046466012 0.065011995 0.068790310 0.067896803 0.067018584 0.067448855 0.065201255 0.065922639 0.063194893 0.068774246 0.052668051 0.066324519 0.000000000 0.008359249 0.015858302 0.076863600 0.076017279 0.070965475 0.073456505 0.063963325 0.068328944 0.069837498 0.070198889 0.070472715 0.074776943 0.074135104 0.075043739 0.145172971 
25     0.094493866 0.089964704 0.090799654 0.090418039 0.099174899 0.091445307 0.091728757 0.091600700 0.087861327 0.090474036 0.089843155 0.089195600 0.088650539 0.090839032 0.081743672 0.105875135 0.097275275 0.104892749 0.096517026 0.097716450 0.101180691 0.097822263 0.095982232 0.046382676 0.064933334 0.068711649 0.067818143 0.066945158 0.067375428 0.065122594 0.065849212 0.063121466 0.068703273 0.052597077 0.066221659 0.008359249 0.000000000 0.015699864 0.076796929 0.075976531 0.070924727 0.073415756 0.063922577 0.068288196 0.069854881 0.070216979 0.070481898 0.074771203 0.074129364 0.075002991 0.145101997 
39     0.096473071 0.091932200 0.092767149 0.092385534 0.101135717 0.093412802 0.093696252 0.093586883 0.089828822 0.092441531 0.091810650 0.091163095 0.090618034 0.092806527 0.083711167 0.107842630 0.099242770 0.106857012 0.098484521 0.099683945 0.103091705 0.099733277 0.097893246 0.048373093 0.066883494 0.070661809 0.069768303 0.068895317 0.069325588 0.067072031 0.067799372 0.065070606 0.070728759 0.054640245 0.068010132 0.015858302 0.015699864 0.000000000 0.078734413 0.077902958 0.072850737 0.075341767 0.065843259 0.070213997 0.071787859 0.072149956 0.072414876 0.076700108 0.076058269 0.076931896 0.146642900 
32     0.109409444 0.105032016 0.105851041 0.105466635 0.114114838 0.106594802 0.106877984 0.106536949 0.103016238 0.105628947 0.104998065 0.104350510 0.103805450 0.106005344 0.096820870 0.120747350 0.112194816 0.119840785 0.111380853 0.112711639 0.115929609 0.112483216 0.110670930 0.066939151 0.086365829 0.090157902 0.089263729 0.088464045 0.088882061 0.086542867 0.087197675 0.084587006 0.092300259 0.076282353 0.099076202 0.076863600 0.076796929 0.078734413 0.000000000 0.079584175 0.074441802 0.077166592 0.067628620 0.071934092 0.073631222 0.073989275 0.074375340 0.078508961 0.077885833 0.078809432 0.159981441 
38     0.108738989 0.104141227 0.105008055 0.104605492 0.113236176 0.105532977 0.105838306 0.105555857 0.101964372 0.104559794 0.103928912 0.103281357 0.102736297 0.104965666 0.095912597 0.119825234 0.111286596 0.118930882 0.110354871 0.111673499 0.115122595 0.111543226 0.109799062 0.065770614 0.085211174 0.089020298 0.088126125 0.087053689 0.087758823 0.085434522 0.086088973 0.083596123 0.091056896 0.075096202 0.098257146 0.076017279 0.075976531 0.077902958 0.079584175 0.000000000 0.030645514 0.033468083 0.041303688 0.045341153 0.058722480 0.059024773 0.059266171 0.063567464 0.062901483 0.063767492 0.159146836 
29     0.103742267 0.099214539 0.100089612 0.099687048 0.108309488 0.100644659 0.100927841 0.100607780 0.097053907 0.099678803 0.099047922 0.098400367 0.097855306 0.100055201 0.090999733 0.114946037 0.106374807 0.114019094 0.105448542 0.106767896 0.110227110 0.106629607 0.104905522 0.060872585 0.080351454 0.084145414 0.083251241 0.082124946 0.082830080 0.080556772 0.081211223 0.078715298 0.085979173 0.070027983 0.093300233 0.070965475 0.070924727 0.072850737 0.074441802 0.030645514 0.000000000 0.026093603 0.035927735 0.040001505 0.053351907 0.053654201 0.053911341 0.058212385 0.057546404 0.058412413 0.154183608 
26     0.106125528 0.101558053 0.102433126 0.102030562 0.110655060 0.102990534 0.103273716 0.102966057 0.099399782 0.102024679 0.101393798 0.100746243 0.100201182 0.102401077 0.093321756 0.117271465 0.108699709 0.116343996 0.107768584 0.109088493 0.112294131 0.108743665 0.107012847 0.063292113 0.082739882 0.086533842 0.085639669 0.084563980 0.085269113 0.082945201 0.083599651 0.081102650 0.088462755 0.072511553 0.095780698 0.073456505 0.073415756 0.075341767 0.077166592 0.033468083 0.026093603 0.000000000 0.038665997 0.042656506 0.055989892 0.056292186 0.056550676 0.060843901 0.060177919 0.061043928 0.156568206 
43     0.096692078 0.092107925 0.092982998 0.092580434 0.101202874 0.093548003 0.093831185 0.093567090 0.089963449 0.092588345 0.091957464 0.091309909 0.090764848 0.092964743 0.083880453 0.107860143 0.099322042 0.106968011 0.098435628 0.099712031 0.103193518 0.099586087 0.097896709 0.053918339 0.073380296 0.077174256 0.076280083 0.075527880 0.075909118 0.073585615 0.074240065 0.071739714 0.079407007 0.063104412 0.086401808 0.063963325 0.063922577 0.065843259 0.067628620 0.041303688 0.035927735 0.038665997 0.000000000 0.018076484 0.046519538 0.046845468 0.047084157 0.051449926 0.050785354 0.051657401 0.147153102 
44     0.100916161 0.096332007 0.097207081 0.096798870 0.105426956 0.097772086 0.098055268 0.097768509 0.094187532 0.096812428 0.096181547 0.095533992 0.094988931 0.097188826 0.088108577 0.112080939 0.103546125 0.111192094 0.102651224 0.103939296 0.107417601 0.103800064 0.102120792 0.058203002 0.077639172 0.081433132 0.080538959 0.079786756 0.080167993 0.077844490 0.078498941 0.075998566 0.083687715 0.067385120 0.090698278 0.068328944 0.068288196 0.070213997 0.071934092 0.045341153 0.040001505 0.042656506 0.018076484 0.000000000 0.050802694 0.051128624 0.051331603 0.055700528 0.055035956 0.055908004 0.151379969 
42     0.102500827 0.097875732 0.098694756 0.098308068 0.106951934 0.099346672 0.099629854 0.099347002 0.095742872 0.098380817 0.097749936 0.097102381 0.096557320 0.098757215 0.089636120 0.113530818 0.105019380 0.112641601 0.104084355 0.105385351 0.109028480 0.105585442 0.103751947 0.059706510 0.079010715 0.082855699 0.081961526 0.081159564 0.081456936 0.079191665 0.079846116 0.077389442 0.085153581 0.068914691 0.092272559 0.069837498 0.069854881 0.071787859 0.073631222 0.058722480 0.053351907 0.055989892 0.046519538 0.050802694 0.000000000 0.011408069 0.020956442 0.038375188 0.037851356 0.038505420 0.151674682 
48     0.102860832 0.098235737 0.099054761 0.098668073 0.107311939 0.099706677 0.099989859 0.099707006 0.096102877 0.098740822 0.098109940 0.097462385 0.096917325 0.099117219 0.089996125 0.113890823 0.105379385 0.113001606 0.104444360 0.105745356 0.109388484 0.105972864 0.104111952 0.060067223 0.079371428 0.083216412 0.082322239 0.081520278 0.081817649 0.079552379 0.080206829 0.077750155 0.085424036 0.069275405 0.092634656 0.070198889 0.070216979 0.072149956 0.073989275 0.059024773 0.053654201 0.056292186 0.046845468 0.051128624 0.011408069 0.000000000 0.021333420 0.038788044 0.038288069 0.038981418 0.152034687 
34     0.103100392 0.098475297 0.099294321 0.098907633 0.107551499 0.099946418 0.100229600 0.099934830 0.096339378 0.098980562 0.098349681 0.097702126 0.097157065 0.099356960 0.090235685 0.114103522 0.105563578 0.113185135 0.104699098 0.106000094 0.109657301 0.106241680 0.104380768 0.060383059 0.079735771 0.083582074 0.082687901 0.081885939 0.082183311 0.079917429 0.080571880 0.078131739 0.085724163 0.069532358 0.092903391 0.070472715 0.070481898 0.072414876 0.074375340 0.059266171 0.053911341 0.056550676 0.047084157 0.051331603 0.020956442 0.021333420 0.000000000 0.038601413 0.038176614 0.038836868 0.152303504 
30     0.107366313 0.102761017 0.103580041 0.103193353 0.111834597 0.104261857 0.104545039 0.104274494 0.100662726 0.103296002 0.102665120 0.102017566 0.101472505 0.103672400 0.094551305 0.118420936 0.109904664 0.117518056 0.108969639 0.110270636 0.113868110 0.110455261 0.108594349 0.064633025 0.083849248 0.087731547 0.086861406 0.086105869 0.086347150 0.084138817 0.084793268 0.082304800 0.090083585 0.073786276 0.097213139 0.074776943 0.074771203 0.076700108 0.078508961 0.063567464 0.058212385 0.060843901 0.051449926 0.055700528 0.038375188 0.038788044 0.038601413 0.000000000 0.015020589 0.021808932 0.157064383 
41     0.106676987 0.102053815 0.102885815 0.102499126 0.111143288 0.103598109 0.103881291 0.103610745 0.099998977 0.102632253 0.102001372 0.101353817 0.100808756 0.103008651 0.093868040 0.117737693 0.109221422 0.116837887 0.108278330 0.109579327 0.113161694 0.109746252 0.107880355 0.063989977 0.083225999 0.087093992 0.086199819 0.085419782 0.085662402 0.083452404 0.084106855 0.081648949 0.089433314 0.073144045 0.096575291 0.074135104 0.074129364 0.076058269 0.077885833 0.062901483 0.057546404 0.060177919 0.050785354 0.055035956 0.037851356 0.038288069 0.038176614 0.015020589 0.000000000 0.021077889 0.156381979 
28     0.107598478 0.102989619 0.103808643 0.103421955 0.112066761 0.104494022 0.104777204 0.104506658 0.100894891 0.103528167 0.102897285 0.102249730 0.101704670 0.103904564 0.094783470 0.118653100 0.110136829 0.117753295 0.109201804 0.110502801 0.114100274 0.110687426 0.108826513 0.064869444 0.084166929 0.088050150 0.087155977 0.086363370 0.086608863 0.084408562 0.085063013 0.082620622 0.090278293 0.074017863 0.097448918 0.075043739 0.075002991 0.076931896 0.078809432 0.063767492 0.058412413 0.061043928 0.051657401 0.055908004 0.038505420 0.038981418 0.038836868 0.021808932 0.021077889 0.000000000 0.157296547 
0     0.150384090 0.145560208 0.146426085 0.146143079 0.155062068 0.147372754 0.147598958 0.147668684 0.143554835 0.146165739 0.145534857 0.144887302 0.144414705 0.146553192 0.137563246 0.161435160 0.152211193 0.159905374 0.152054497 0.153294518 0.157507703 0.154201590 0.152150636 0.134905447 0.154098224 0.157851290 0.156957117 0.156189431 0.156614223 0.154171840 0.154711053 0.152457027 0.160050869 0.144560105 0.167236416 0.145172971 0.145101997 0.146642900 0.159981441 0.159146836 0.154183608 0.156568206 0.147153102 0.151379969 0.151674682 0.152034687 0.152303504 0.157064383 0.156381979 0.157296547 0.000000000 
