51
1     0.000000000 0.000106600 0.000098890 0.000121800 0.000180880 0.000208930 0.000209010 0.000301440 0.000216050 0.000284050 0.000273010 0.000237120 0.000219320 0.000205710 0.000262320 0.000279190 0.000275120 0.000283580 0.000238220 0.000290270 0.000299880 0.000245770 0.000255920 0.000226420 0.000206010 0.000279610 0.000211910 0.000220280 0.000226740 0.000291070 0.000279770 0.000246830 0.000231670 0.000240310 0.000226260 0.000236790 0.000243480 0.000214400 0.000214540 0.000235990 0.000239820 0.000214640 0.000231100 0.000226390 0.000290940 0.000250170 0.000257720 0.000250350 0.000239800 0.000240050 0.000607240 
29     0.000106600 0.000000000 0.000013130 0.000152000 0.000211080 0.000239130 0.000239210 0.000331640 0.000246250 0.000314250 0.000303210 0.000267320 0.000249520 0.000235910 0.000292520 0.000309390 0.000305320 0.000313780 0.000268420 0.000320470 0.000330080 0.000275970 0.000286120 0.000256620 0.000236210 0.000309810 0.000242110 0.000250480 0.000256940 0.000321270 0.000309970 0.000277030 0.000261870 0.000270510 0.000256460 0.000266990 0.000273680 0.000244600 0.000244740 0.000266190 0.000270020 0.000244840 0.000261300 0.000256590 0.000321140 0.000280370 0.000287920 0.000280550 0.000270000 0.000270250 0.000637440 
7     0.000098890 0.000013130 0.000000000 0.000144290 0.000203370 0.000231420 0.000231500 0.000323930 0.000238540 0.000306540 0.000295500 0.000259610 0.000241810 0.000228200 0.000284810 0.000301680 0.000297610 0.000306070 0.000260710 0.000312760 0.000322370 0.000268260 0.000278410 0.000248910 0.000228500 0.000302100 0.000234400 0.000242770 0.000249230 0.000313560 0.000302260 0.000269320 0.000254160 0.000262800 0.000248750 0.000259280 0.000265970 0.000236890 0.000237030 0.000258480 0.000262310 0.000237130 0.000253590 0.000248880 0.000313430 0.000272660 0.000280210 0.000272840 0.000262290 0.000262540 0.000629730 
11     0.000121800 0.000152000 0.000144290 0.000000000 0.000068780 0.000117390 0.000117470 0.000209900 0.000124510 0.000192510 0.000181470 0.000145580 0.000127780 0.000114170 0.000170780 0.000187650 0.000183580 0.000192040 0.000146680 0.000198730 0.000208340 0.000154230 0.000164380 0.000134880 0.000114470 0.000188070 0.000120370 0.000128740 0.000135200 0.000199530 0.000188230 0.000155290 0.000140130 0.000148770 0.000134720 0.000145250 0.000151940 0.000122860 0.000123000 0.000144450 0.000148280 0.000123100 0.000139560 0.000134850 0.000199400 0.000158630 0.000166180 0.000158810 0.000148260 0.000148510 0.000515700 
31     0.000180880 0.000211080 0.000203370 0.000068780 0.000000000 0.000176470 0.000176550 0.000268980 0.000183590 0.000251590 0.000240550 0.000204660 0.000186860 0.000173250 0.000229860 0.000246730 0.000242660 0.000251120 0.000205760 0.000257810 0.000267420 0.000213310 0.000223460 0.000193960 0.000173550 0.000247150 0.000179450 0.000187820 0.000194280 0.000258610 0.000247310 0.000214370 0.000199210 0.000207850 0.000193800 0.000204330 0.000211020 0.000181940 0.000182080 0.000203530 0.000207360 0.000182180 0.000198640 0.000193930 0.000258480 0.000217710 0.000225260 0.000217890 0.000207340 0.000207590 0.000574780 
22     0.000208930 0.000239130 0.000231420 0.000117390 0.000176470 0.000000000 0.000013580 0.000152010 0.000066620 0.000130020 0.000118980 0.000083090 0.000077870 0.000064260 0.000120870 0.000163000 0.000155620 0.000167390 0.000122030 0.000174080 0.000183690 0.000129580 0.000139730 0.000103570 0.000083160 0.000156760 0.000089060 0.000097430 0.000103890 0.000168220 0.000156920 0.000123980 0.000108820 0.000141460 0.000127410 0.000137940 0.000144630 0.000115550 0.000110870 0.000132320 0.000136150 0.000110970 0.000127430 0.000122720 0.000187270 0.000146500 0.000154050 0.000146680 0.000136130 0.000136380 0.000536670 
15     0.000209010 0.000239210 0.000231500 0.000117470 0.000176550 0.000013580 0.000000000 0.000152090 0.000066700 0.000130100 0.000119060 0.000083170 0.000077950 0.000064340 0.000120950 0.000163080 0.000159010 0.000167470 0.000122110 0.000174160 0.000183770 0.000129660 0.000139810 0.000103650 0.000083240 0.000156840 0.000089140 0.000097510 0.000103970 0.000168300 0.000157000 0.000124060 0.000108900 0.000141540 0.000127490 0.000138020 0.000144710 0.000115630 0.000110950 0.000132400 0.000136230 0.000111050 0.000127510 0.000122800 0.000187350 0.000146580 0.000154130 0.000146760 0.000136210 0.000136460 0.000536750 
6     0.000301440 0.000331640 0.000323930 0.000209900 0.000268980 0.000152010 0.000152090 0.000000000 0.000102390 0.000181060 0.000216090 0.000167620 0.000170380 0.000156770 0.000213380 0.000255510 0.000251440 0.000259900 0.000214540 0.000266590 0.000276200 0.000222090 0.000232240 0.000196080 0.000175670 0.000249270 0.000181570 0.000189940 0.000196400 0.000260730 0.000249430 0.000216490 0.000201330 0.000233970 0.000219920 0.000230450 0.000237140 0.000208060 0.000203380 0.000224830 0.000228660 0.000203480 0.000219940 0.000215230 0.000279780 0.000239010 0.000246560 0.000239190 0.000228640 0.000228890 0.000629180 
33     0.000216050 0.000246250 0.000238540 0.000124510 0.000183590 0.000066620 0.000066700 0.000102390 0.000000000 0.000116230 0.000130700 0.000094810 0.000084990 0.000071380 0.000127990 0.000170120 0.000166050 0.000174510 0.000129150 0.000181200 0.000190810 0.000136700 0.000146850 0.000110690 0.000090280 0.000163880 0.000096180 0.000104550 0.000111010 0.000175340 0.000164040 0.000131100 0.000115940 0.000148580 0.000134530 0.000145060 0.000151750 0.000122670 0.000117990 0.000139440 0.000143270 0.000118090 0.000134550 0.000129840 0.000194390 0.000153620 0.000161170 0.000153800 0.000143250 0.000143500 0.000543790 
24     0.000284050 0.000314250 0.000306540 0.000192510 0.000251590 0.000130020 0.000130100 0.000181060 0.000116230 0.000000000 0.000158880 0.000122990 0.000152990 0.000139380 0.000195990 0.000238120 0.000234050 0.000242510 0.000197150 0.000249200 0.000258810 0.000204700 0.000214850 0.000178690 0.000158280 0.000231880 0.000164180 0.000172550 0.000179010 0.000243340 0.000232040 0.000199100 0.000183940 0.000216580 0.000202530 0.000213060 0.000219750 0.000190670 0.000185990 0.000207440 0.000211270 0.000186090 0.000202550 0.000197840 0.000262390 0.000221620 0.000229170 0.000221800 0.000211250 0.000211500 0.000611790 
2     0.000273010 0.000303210 0.000295500 0.000181470 0.000240550 0.000118980 0.000119060 0.000216090 0.000130700 0.000158880 0.000000000 0.000003760 0.000141950 0.000128340 0.000184950 0.000227080 0.000223010 0.000231470 0.000186110 0.000238160 0.000247770 0.000193660 0.000203810 0.000167650 0.000147240 0.000220840 0.000153140 0.000161510 0.000167970 0.000232300 0.000221000 0.000188060 0.000172900 0.000205540 0.000191490 0.000202020 0.000208710 0.000179630 0.000174950 0.000196400 0.000200230 0.000175050 0.000191510 0.000186800 0.000251350 0.000210580 0.000218130 0.000210760 0.000200210 0.000200460 0.000600750 
23     0.000237120 0.000267320 0.000259610 0.000145580 0.000204660 0.000083090 0.000083170 0.000167620 0.000094810 0.000122990 0.000003760 0.000000000 0.000106060 0.000092450 0.000149060 0.000191190 0.000187120 0.000195580 0.000150220 0.000202270 0.000211880 0.000157770 0.000167920 0.000131760 0.000111350 0.000184950 0.000117250 0.000125620 0.000132080 0.000196410 0.000185110 0.000152170 0.000137010 0.000169650 0.000155600 0.000166130 0.000172820 0.000143740 0.000139060 0.000160510 0.000164340 0.000139160 0.000155620 0.000150910 0.000215460 0.000174690 0.000182240 0.000174870 0.000164320 0.000164570 0.000564860 
26     0.000219320 0.000249520 0.000241810 0.000127780 0.000186860 0.000077870 0.000077950 0.000170380 0.000084990 0.000152990 0.000141950 0.000106060 0.000000000 0.000011630 0.000121640 0.000173390 0.000169320 0.000177780 0.000132420 0.000184470 0.000194080 0.000139970 0.000150120 0.000113960 0.000093550 0.000167150 0.000099450 0.000107820 0.000114280 0.000178610 0.000167310 0.000134370 0.000119210 0.000151850 0.000137800 0.000148330 0.000155020 0.000125940 0.000121260 0.000142710 0.000146540 0.000121360 0.000137820 0.000133110 0.000197660 0.000156890 0.000164440 0.000157070 0.000146520 0.000146770 0.000547060 
18     0.000205710 0.000235910 0.000228200 0.000114170 0.000173250 0.000064260 0.000064340 0.000156770 0.000071380 0.000139380 0.000128340 0.000092450 0.000011630 0.000000000 0.000006970 0.000159780 0.000155710 0.000164170 0.000118810 0.000170860 0.000180470 0.000126360 0.000136510 0.000100350 0.000079940 0.000153540 0.000085840 0.000094210 0.000100670 0.000165000 0.000153700 0.000120760 0.000105600 0.000138240 0.000124190 0.000134720 0.000141410 0.000112330 0.000107650 0.000129100 0.000132930 0.000107750 0.000124210 0.000119500 0.000184050 0.000143280 0.000150830 0.000143460 0.000132910 0.000133160 0.000533450 
30     0.000262320 0.000292520 0.000284810 0.000170780 0.000229860 0.000120870 0.000120950 0.000213380 0.000127990 0.000195990 0.000184950 0.000149060 0.000121640 0.000006970 0.000000000 0.000216390 0.000212320 0.000220780 0.000175420 0.000227470 0.000237080 0.000182970 0.000193120 0.000156960 0.000136550 0.000210150 0.000142450 0.000150820 0.000157280 0.000221610 0.000210310 0.000177370 0.000162210 0.000194850 0.000180800 0.000191330 0.000198020 0.000168940 0.000164260 0.000185710 0.000189540 0.000164360 0.000180820 0.000176110 0.000240660 0.000199890 0.000207440 0.000200070 0.000189520 0.000189770 0.000590060 
27     0.000279190 0.000309390 0.000301680 0.000187650 0.000246730 0.000163000 0.000163080 0.000255510 0.000170120 0.000238120 0.000227080 0.000191190 0.000173390 0.000159780 0.000216390 0.000000000 0.000011970 0.000039070 0.000117070 0.000077500 0.000087110 0.000124620 0.000134770 0.000180490 0.000160080 0.000233680 0.000165980 0.000174350 0.000180810 0.000245140 0.000233840 0.000200900 0.000185740 0.000211720 0.000197670 0.000208200 0.000214890 0.000185810 0.000181130 0.000202580 0.000206410 0.000181230 0.000197690 0.000192980 0.000257530 0.000216760 0.000224310 0.000216940 0.000206390 0.000206640 0.000606930 
20     0.000275120 0.000305320 0.000297610 0.000183580 0.000242660 0.000155620 0.000159010 0.000251440 0.000166050 0.000234050 0.000223010 0.000187120 0.000169320 0.000155710 0.000212320 0.000011970 0.000000000 0.000035000 0.000089350 0.000073430 0.000083040 0.000064850 0.000102210 0.000176420 0.000156010 0.000229610 0.000161910 0.000170280 0.000176740 0.000241070 0.000229770 0.000196830 0.000181670 0.000207650 0.000193600 0.000204130 0.000210820 0.000181740 0.000177060 0.000198510 0.000202340 0.000177160 0.000193620 0.000188910 0.000253460 0.000212690 0.000220240 0.000212870 0.000202320 0.000202570 0.000602860 
10     0.000283580 0.000313780 0.000306070 0.000192040 0.000251120 0.000167390 0.000167470 0.000259900 0.000174510 0.000242510 0.000231470 0.000195580 0.000177780 0.000164170 0.000220780 0.000039070 0.000035000 0.000000000 0.000121460 0.000081890 0.000091500 0.000119740 0.000139160 0.000184880 0.000164470 0.000238070 0.000170370 0.000178740 0.000185200 0.000249530 0.000238230 0.000205290 0.000190130 0.000216110 0.000202060 0.000212590 0.000219280 0.000190200 0.000185520 0.000206970 0.000210800 0.000185620 0.000202080 0.000197370 0.000261920 0.000221150 0.000228700 0.000221330 0.000210780 0.000211030 0.000611320 
19     0.000238220 0.000268420 0.000260710 0.000146680 0.000205760 0.000122030 0.000122110 0.000214540 0.000129150 0.000197150 0.000186110 0.000150220 0.000132420 0.000118810 0.000175420 0.000117070 0.000089350 0.000121460 0.000000000 0.000128150 0.000137760 0.000080850 0.000091000 0.000139520 0.000119110 0.000192710 0.000125010 0.000133380 0.000139840 0.000204170 0.000192870 0.000159930 0.000144770 0.000170750 0.000156700 0.000167230 0.000173920 0.000144840 0.000140160 0.000161610 0.000165440 0.000140260 0.000156720 0.000152010 0.000216560 0.000175790 0.000183340 0.000175970 0.000165420 0.000165670 0.000565960 
3     0.000290270 0.000320470 0.000312760 0.000198730 0.000257810 0.000174080 0.000174160 0.000266590 0.000181200 0.000249200 0.000238160 0.000202270 0.000184470 0.000170860 0.000227470 0.000077500 0.000073430 0.000081890 0.000128150 0.000000000 0.000019210 0.000135700 0.000145850 0.000191570 0.000171160 0.000244760 0.000115750 0.000185430 0.000191890 0.000256220 0.000244920 0.000211980 0.000196820 0.000222800 0.000208750 0.000219280 0.000225970 0.000196890 0.000192210 0.000213660 0.000217490 0.000192310 0.000208770 0.000204060 0.000268610 0.000227840 0.000235390 0.000228020 0.000217470 0.000217720 0.000618010 
12     0.000299880 0.000330080 0.000322370 0.000208340 0.000267420 0.000183690 0.000183770 0.000276200 0.000190810 0.000258810 0.000247770 0.000211880 0.000194080 0.000180470 0.000237080 0.000087110 0.000083040 0.000091500 0.000137760 0.000019210 0.000000000 0.000145310 0.000155460 0.000201180 0.000180770 0.000254370 0.000186670 0.000195040 0.000201500 0.000265830 0.000254530 0.000221590 0.000206430 0.000232410 0.000218360 0.000228890 0.000235580 0.000206500 0.000201820 0.000223270 0.000227100 0.000201920 0.000218380 0.000213670 0.000278220 0.000237450 0.000245000 0.000237630 0.000227080 0.000227330 0.000627620 
4     0.000245770 0.000275970 0.000268260 0.000154230 0.000213310 0.000129580 0.000129660 0.000222090 0.000136700 0.000204700 0.000193660 0.000157770 0.000139970 0.000126360 0.000182970 0.000124620 0.000064850 0.000119740 0.000080850 0.000135700 0.000145310 0.000000000 0.000021650 0.000147070 0.000126660 0.000200260 0.000132560 0.000140930 0.000147390 0.000211720 0.000200420 0.000167480 0.000152320 0.000178300 0.000164250 0.000174780 0.000181470 0.000152390 0.000147710 0.000169160 0.000172990 0.000147810 0.000164270 0.000159560 0.000224110 0.000183340 0.000190890 0.000183520 0.000172970 0.000173220 0.000573510 
16     0.000255920 0.000286120 0.000278410 0.000164380 0.000223460 0.000139730 0.000139810 0.000232240 0.000146850 0.000214850 0.000203810 0.000167920 0.000150120 0.000136510 0.000193120 0.000134770 0.000102210 0.000139160 0.000091000 0.000145850 0.000155460 0.000021650 0.000000000 0.000157220 0.000136810 0.000210410 0.000142710 0.000151080 0.000157540 0.000221870 0.000210570 0.000177630 0.000162470 0.000188450 0.000174400 0.000184930 0.000191620 0.000162540 0.000157860 0.000179310 0.000183140 0.000157960 0.000174420 0.000169710 0.000234260 0.000193490 0.000201040 0.000193670 0.000183120 0.000183370 0.000583660 
32     0.000226420 0.000256620 0.000248910 0.000134880 0.000193960 0.000103570 0.000103650 0.000196080 0.000110690 0.000178690 0.000167650 0.000131760 0.000113960 0.000100350 0.000156960 0.000180490 0.000176420 0.000184880 0.000139520 0.000191570 0.000201180 0.000147070 0.000157220 0.000000000 0.000035120 0.000073750 0.000052610 0.000093700 0.000100160 0.000164490 0.000153190 0.000120250 0.000105090 0.000158950 0.000144900 0.000155430 0.000162120 0.000133040 0.000128360 0.000149810 0.000153640 0.000128460 0.000144920 0.000140210 0.000204760 0.000163990 0.000171540 0.000164170 0.000153620 0.000153870 0.000554160 
14     0.000206010 0.000236210 0.000228500 0.000114470 0.000173550 0.000083160 0.000083240 0.000175670 0.000090280 0.000158280 0.000147240 0.000111350 0.000093550 0.000079940 0.000136550 0.000160080 0.000156010 0.000164470 0.000119110 0.000171160 0.000180770 0.000126660 0.000136810 0.000035120 0.000000000 0.000062430 0.000032200 0.000073290 0.000079750 0.000144080 0.000132780 0.000099840 0.000084680 0.000138540 0.000124490 0.000135020 0.000141710 0.000112630 0.000107950 0.000129400 0.000133230 0.000108050 0.000124510 0.000119800 0.000184350 0.000143580 0.000151130 0.000143760 0.000133210 0.000133460 0.000533750 
25     0.000279610 0.000309810 0.000302100 0.000188070 0.000247150 0.000156760 0.000156840 0.000249270 0.000163880 0.000231880 0.000220840 0.000184950 0.000167150 0.000153540 0.000210150 0.000233680 0.000229610 0.000238070 0.000192710 0.000244760 0.000254370 0.000200260 0.000210410 0.000073750 0.000062430 0.000000000 0.000024460 0.000146890 0.000153350 0.000217680 0.000206380 0.000173440 0.000158280 0.000212140 0.000198090 0.000208620 0.000215310 0.000186230 0.000181550 0.000203000 0.000206830 0.000181650 0.000198110 0.000193400 0.000257950 0.000217180 0.000224730 0.000217360 0.000206810 0.000207060 0.000607350 
13     0.000211910 0.000242110 0.000234400 0.000120370 0.000179450 0.000089060 0.000089140 0.000181570 0.000096180 0.000164180 0.000153140 0.000117250 0.000099450 0.000085840 0.000142450 0.000165980 0.000161910 0.000170370 0.000125010 0.000115750 0.000186670 0.000132560 0.000142710 0.000052610 0.000032200 0.000024460 0.000000000 0.000079190 0.000085650 0.000149980 0.000138680 0.000105740 0.000090580 0.000144440 0.000130390 0.000140920 0.000147610 0.000118530 0.000113850 0.000135300 0.000139130 0.000113950 0.000130410 0.000125700 0.000190250 0.000149480 0.000157030 0.000149660 0.000139110 0.000139360 0.000539650 
5     0.000220280 0.000250480 0.000242770 0.000128740 0.000187820 0.000097430 0.000097510 0.000189940 0.000104550 0.000172550 0.000161510 0.000125620 0.000107820 0.000094210 0.000150820 0.000174350 0.000170280 0.000178740 0.000133380 0.000185430 0.000195040 0.000140930 0.000151080 0.000093700 0.000073290 0.000146890 0.000079190 0.000000000 0.000090060 0.000154390 0.000143090 0.000110150 0.000094990 0.000152810 0.000138760 0.000149290 0.000155980 0.000126900 0.000122220 0.000143670 0.000147500 0.000122320 0.000138780 0.000134070 0.000198620 0.000157850 0.000165400 0.000158030 0.000147480 0.000147730 0.000548020 
9     0.000226740 0.000256940 0.000249230 0.000135200 0.000194280 0.000103890 0.000103970 0.000196400 0.000111010 0.000179010 0.000167970 0.000132080 0.000114280 0.000100670 0.000157280 0.000180810 0.000176740 0.000185200 0.000139840 0.000191890 0.000201500 0.000147390 0.000157540 0.000100160 0.000079750 0.000153350 0.000085650 0.000090060 0.000000000 0.000004620 0.000094810 0.000061870 0.000046710 0.000159270 0.000145220 0.000155750 0.000162440 0.000133360 0.000128680 0.000150130 0.000153960 0.000128780 0.000145240 0.000140530 0.000205080 0.000164310 0.000171860 0.000164490 0.000153940 0.000154190 0.000554480 
28     0.000291070 0.000321270 0.000313560 0.000199530 0.000258610 0.000168220 0.000168300 0.000260730 0.000175340 0.000243340 0.000232300 0.000196410 0.000178610 0.000165000 0.000221610 0.000245140 0.000241070 0.000249530 0.000204170 0.000256220 0.000265830 0.000211720 0.000221870 0.000164490 0.000144080 0.000217680 0.000149980 0.000154390 0.000004620 0.000000000 0.000158250 0.000157920 0.000142760 0.000223600 0.000209550 0.000220080 0.000226770 0.000197690 0.000193010 0.000214460 0.000218290 0.000193110 0.000209570 0.000204860 0.000269410 0.000228640 0.000236190 0.000228820 0.000218270 0.000218520 0.000618810 
17     0.000279770 0.000309970 0.000302260 0.000188230 0.000247310 0.000156920 0.000157000 0.000249430 0.000164040 0.000232040 0.000221000 0.000185110 0.000167310 0.000153700 0.000210310 0.000233840 0.000229770 0.000238230 0.000192870 0.000244920 0.000254530 0.000200420 0.000210570 0.000153190 0.000132780 0.000206380 0.000138680 0.000143090 0.000094810 0.000158250 0.000000000 0.000020440 0.000000160 0.000212300 0.000198250 0.000208780 0.000215470 0.000186390 0.000181710 0.000203160 0.000206990 0.000181810 0.000198270 0.000193560 0.000258110 0.000217340 0.000224890 0.000217520 0.000206970 0.000207220 0.000607510 
21     0.000246830 0.000277030 0.000269320 0.000155290 0.000214370 0.000123980 0.000124060 0.000216490 0.000131100 0.000199100 0.000188060 0.000152170 0.000134370 0.000120760 0.000177370 0.000200900 0.000196830 0.000205290 0.000159930 0.000211980 0.000221590 0.000167480 0.000177630 0.000120250 0.000099840 0.000173440 0.000105740 0.000110150 0.000061870 0.000157920 0.000020440 0.000000000 0.000020380 0.000179360 0.000165310 0.000175840 0.000182530 0.000153450 0.000148770 0.000170220 0.000174050 0.000148870 0.000165330 0.000160620 0.000225170 0.000184400 0.000191950 0.000184580 0.000174030 0.000174280 0.000574570 
8     0.000231670 0.000261870 0.000254160 0.000140130 0.000199210 0.000108820 0.000108900 0.000201330 0.000115940 0.000183940 0.000172900 0.000137010 0.000119210 0.000105600 0.000162210 0.000185740 0.000181670 0.000190130 0.000144770 0.000196820 0.000206430 0.000152320 0.000162470 0.000105090 0.000084680 0.000158280 0.000090580 0.000094990 0.000046710 0.000142760 0.000000160 0.000020380 0.000000000 0.000164200 0.000150150 0.000160680 0.000167370 0.000138290 0.000133610 0.000155060 0.000158890 0.000133710 0.000150170 0.000145460 0.000210010 0.000169240 0.000176790 0.000169420 0.000158870 0.000159120 0.000559410 
37     0.000240310 0.000270510 0.000262800 0.000148770 0.000207850 0.000141460 0.000141540 0.000233970 0.000148580 0.000216580 0.000205540 0.000169650 0.000151850 0.000138240 0.000194850 0.000211720 0.000207650 0.000216110 0.000170750 0.000222800 0.000232410 0.000178300 0.000188450 0.000158950 0.000138540 0.000212140 0.000144440 0.000152810 0.000159270 0.000223600 0.000212300 0.000179360 0.000164200 0.000000000 0.000029450 0.000103280 0.000109970 0.000080890 0.000147070 0.000168520 0.000172350 0.000147170 0.000163630 0.000158920 0.000223470 0.000182700 0.000190250 0.000182880 0.000172330 0.000172580 0.000568050 
48     0.000226260 0.000256460 0.000248750 0.000134720 0.000193800 0.000127410 0.000127490 0.000219920 0.000134530 0.000202530 0.000191490 0.000155600 0.000137800 0.000124190 0.000180800 0.000197670 0.000193600 0.000202060 0.000156700 0.000208750 0.000218360 0.000164250 0.000174400 0.000144900 0.000124490 0.000198090 0.000130390 0.000138760 0.000145220 0.000209550 0.000198250 0.000165310 0.000150150 0.000029450 0.000000000 0.000089230 0.000095920 0.000066840 0.000133020 0.000154470 0.000158300 0.000133120 0.000149580 0.000144870 0.000209420 0.000168650 0.000176200 0.000168830 0.000158280 0.000158530 0.000554000 
39     0.000236790 0.000266990 0.000259280 0.000145250 0.000204330 0.000137940 0.000138020 0.000230450 0.000145060 0.000213060 0.000202020 0.000166130 0.000148330 0.000134720 0.000191330 0.000208200 0.000204130 0.000212590 0.000167230 0.000219280 0.000228890 0.000174780 0.000184930 0.000155430 0.000135020 0.000208620 0.000140920 0.000149290 0.000155750 0.000220080 0.000208780 0.000175840 0.000160680 0.000103280 0.000089230 0.000000000 0.000090950 0.000049350 0.000143550 0.000165000 0.000168830 0.000143650 0.000160110 0.000155400 0.000219950 0.000179180 0.000186730 0.000179360 0.000168810 0.000169060 0.000564530 
36     0.000243480 0.000273680 0.000265970 0.000151940 0.000211020 0.000144630 0.000144710 0.000237140 0.000151750 0.000219750 0.000208710 0.000172820 0.000155020 0.000141410 0.000198020 0.000214890 0.000210820 0.000219280 0.000173920 0.000225970 0.000235580 0.000181470 0.000191620 0.000162120 0.000141710 0.000215310 0.000147610 0.000155980 0.000162440 0.000226770 0.000215470 0.000182530 0.000167370 0.000109970 0.000095920 0.000090950 0.000000000 0.000036710 0.000150240 0.000171690 0.000175520 0.000150340 0.000166800 0.000162090 0.000226640 0.000185870 0.000193420 0.000186050 0.000175500 0.000175750 0.000571220 
47     0.000214400 0.000244600 0.000236890 0.000122860 0.000181940 0.000115550 0.000115630 0.000208060 0.000122670 0.000190670 0.000179630 0.000143740 0.000125940 0.000112330 0.000168940 0.000185810 0.000181740 0.000190200 0.000144840 0.000196890 0.000206500 0.000152390 0.000162540 0.000133040 0.000112630 0.000186230 0.000118530 0.000126900 0.000133360 0.000197690 0.000186390 0.000153450 0.000138290 0.000080890 0.000066840 0.000049350 0.000036710 0.000000000 0.000121160 0.000142610 0.000146440 0.000121260 0.000137720 0.000133010 0.000197560 0.000156790 0.000164340 0.000156970 0.000146420 0.000146670 0.000542140 
38     0.000214540 0.000244740 0.000237030 0.000123000 0.000182080 0.000110870 0.000110950 0.000203380 0.000117990 0.000185990 0.000174950 0.000139060 0.000121260 0.000107650 0.000164260 0.000181130 0.000177060 0.000185520 0.000140160 0.000192210 0.000201820 0.000147710 0.000157860 0.000128360 0.000107950 0.000181550 0.000113850 0.000122220 0.000128680 0.000193010 0.000181710 0.000148770 0.000133610 0.000147070 0.000133020 0.000143550 0.000150240 0.000121160 0.000000000 0.000027010 0.000123260 0.000098080 0.000114540 0.000109830 0.000174380 0.000133610 0.000141160 0.000133790 0.000123240 0.000123490 0.000542280 
41     0.000235990 0.000266190 0.000258480 0.000144450 0.000203530 0.000132320 0.000132400 0.000224830 0.000139440 0.000207440 0.000196400 0.000160510 0.000142710 0.000129100 0.000185710 0.000202580 0.000198510 0.000206970 0.000161610 0.000213660 0.000223270 0.000169160 0.000179310 0.000149810 0.000129400 0.000203000 0.000135300 0.000143670 0.000150130 0.000214460 0.000203160 0.000170220 0.000155060 0.000168520 0.000154470 0.000165000 0.000171690 0.000142610 0.000027010 0.000000000 0.000144710 0.000119530 0.000135990 0.000131280 0.000195830 0.000155060 0.000162610 0.000155240 0.000144690 0.000144940 0.000563730 
43     0.000239820 0.000270020 0.000262310 0.000148280 0.000207360 0.000136150 0.000136230 0.000228660 0.000143270 0.000211270 0.000200230 0.000164340 0.000146540 0.000132930 0.000189540 0.000206410 0.000202340 0.000210800 0.000165440 0.000217490 0.000227100 0.000172990 0.000183140 0.000153640 0.000133230 0.000206830 0.000139130 0.000147500 0.000153960 0.000218290 0.000206990 0.000174050 0.000158890 0.000172350 0.000158300 0.000168830 0.000175520 0.000146440 0.000123260 0.000144710 0.000000000 0.000092400 0.000108860 0.000104150 0.000024100 0.000148110 0.000155660 0.000148290 0.000137740 0.000137990 0.000567560 
34     0.000214640 0.000244840 0.000237130 0.000123100 0.000182180 0.000110970 0.000111050 0.000203480 0.000118090 0.000186090 0.000175050 0.000139160 0.000121360 0.000107750 0.000164360 0.000181230 0.000177160 0.000185620 0.000140260 0.000192310 0.000201920 0.000147810 0.000157960 0.000128460 0.000108050 0.000181650 0.000113950 0.000122320 0.000128780 0.000193110 0.000181810 0.000148870 0.000133710 0.000147170 0.000133120 0.000143650 0.000150340 0.000121260 0.000098080 0.000119530 0.000092400 0.000000000 0.000060160 0.000055450 0.000160340 0.000122930 0.000130480 0.000123110 0.000112560 0.000112810 0.000542380 
50     0.000231100 0.000261300 0.000253590 0.000139560 0.000198640 0.000127430 0.000127510 0.000219940 0.000134550 0.000202550 0.000191510 0.000155620 0.000137820 0.000124210 0.000180820 0.000197690 0.000193620 0.000202080 0.000156720 0.000208770 0.000218380 0.000164270 0.000174420 0.000144920 0.000124510 0.000198110 0.000130410 0.000138780 0.000145240 0.000209570 0.000198270 0.000165330 0.000150170 0.000163630 0.000149580 0.000160110 0.000166800 0.000137720 0.000114540 0.000135990 0.000108860 0.000060160 0.000000000 0.000001390 0.000176800 0.000139390 0.000146940 0.000139570 0.000129020 0.000129270 0.000558840 
35     0.000226390 0.000256590 0.000248880 0.000134850 0.000193930 0.000122720 0.000122800 0.000215230 0.000129840 0.000197840 0.000186800 0.000150910 0.000133110 0.000119500 0.000176110 0.000192980 0.000188910 0.000197370 0.000152010 0.000204060 0.000213670 0.000159560 0.000169710 0.000140210 0.000119800 0.000193400 0.000125700 0.000134070 0.000140530 0.000204860 0.000193560 0.000160620 0.000145460 0.000158920 0.000144870 0.000155400 0.000162090 0.000133010 0.000109830 0.000131280 0.000104150 0.000055450 0.000001390 0.000000000 0.000172090 0.000134680 0.000142230 0.000134860 0.000124310 0.000124560 0.000554130 
40     0.000290940 0.000321140 0.000313430 0.000199400 0.000258480 0.000187270 0.000187350 0.000279780 0.000194390 0.000262390 0.000251350 0.000215460 0.000197660 0.000184050 0.000240660 0.000257530 0.000253460 0.000261920 0.000216560 0.000268610 0.000278220 0.000224110 0.000234260 0.000204760 0.000184350 0.000257950 0.000190250 0.000198620 0.000205080 0.000269410 0.000258110 0.000225170 0.000210010 0.000223470 0.000209420 0.000219950 0.000226640 0.000197560 0.000174380 0.000195830 0.000024100 0.000160340 0.000176800 0.000172090 0.000000000 0.000199230 0.000206780 0.000199410 0.000188860 0.000189110 0.000618680 
49     0.000250170 0.000280370 0.000272660 0.000158630 0.000217710 0.000146500 0.000146580 0.000239010 0.000153620 0.000221620 0.000210580 0.000174690 0.000156890 0.000143280 0.000199890 0.000216760 0.000212690 0.000221150 0.000175790 0.000227840 0.000237450 0.000183340 0.000193490 0.000163990 0.000143580 0.000217180 0.000149480 0.000157850 0.000164310 0.000228640 0.000217340 0.000184400 0.000169240 0.000182700 0.000168650 0.000179180 0.000185870 0.000156790 0.000133610 0.000155060 0.000148110 0.000122930 0.000139390 0.000134680 0.000199230 0.000000000 0.000055790 0.000002330 0.000034670 0.000033860 0.000577910 
45     0.000257720 0.000287920 0.000280210 0.000166180 0.000225260 0.000154050 0.000154130 0.000246560 0.000161170 0.000229170 0.000218130 0.000182240 0.000164440 0.000150830 0.000207440 0.000224310 0.000220240 0.000228700 0.000183340 0.000235390 0.000245000 0.000190890 0.000201040 0.000171540 0.000151130 0.000224730 0.000157030 0.000165400 0.000171860 0.000236190 0.000224890 0.000191950 0.000176790 0.000190250 0.000176200 0.000186730 0.000193420 0.000164340 0.000141160 0.000162610 0.000155660 0.000130480 0.000146940 0.000142230 0.000206780 0.000055790 0.000000000 0.000040010 0.000045420 0.000045670 0.000585460 
44     0.000250350 0.000280550 0.000272840 0.000158810 0.000217890 0.000146680 0.000146760 0.000239190 0.000153800 0.000221800 0.000210760 0.000174870 0.000157070 0.000143460 0.000200070 0.000216940 0.000212870 0.000221330 0.000175970 0.000228020 0.000237630 0.000183520 0.000193670 0.000164170 0.000143760 0.000217360 0.000149660 0.000158030 0.000164490 0.000228820 0.000217520 0.000184580 0.000169420 0.000182880 0.000168830 0.000179360 0.000186050 0.000156970 0.000133790 0.000155240 0.000148290 0.000123110 0.000139570 0.000134860 0.000199410 0.000002330 0.000040010 0.000000000 0.000038050 0.000038300 0.000578090 
46     0.000239800 0.000270000 0.000262290 0.000148260 0.000207340 0.000136130 0.000136210 0.000228640 0.000143250 0.000211250 0.000200210 0.000164320 0.000146520 0.000132910 0.000189520 0.000206390 0.000202320 0.000210780 0.000165420 0.000217470 0.000227080 0.000172970 0.000183120 0.000153620 0.000133210 0.000206810 0.000139110 0.000147480 0.000153940 0.000218270 0.000206970 0.000174030 0.000158870 0.000172330 0.000158280 0.000168810 0.000175500 0.000146420 0.000123240 0.000144690 0.000137740 0.000112560 0.000129020 0.000124310 0.000188860 0.000034670 0.000045420 0.000038050 0.000000000 0.000000070 0.000567540 
42     0.000240050 0.000270250 0.000262540 0.000148510 0.000207590 0.000136380 0.000136460 0.000228890 0.000143500 0.000211500 0.000200460 0.000164570 0.000146770 0.000133160 0.000189770 0.000206640 0.000202570 0.000211030 0.000165670 0.000217720 0.000227330 0.000173220 0.000183370 0.000153870 0.000133460 0.000207060 0.000139360 0.000147730 0.000154190 0.000218520 0.000207220 0.000174280 0.000159120 0.000172580 0.000158530 0.000169060 0.000175750 0.000146670 0.000123490 0.000144940 0.000137990 0.000112810 0.000129270 0.000124560 0.000189110 0.000033860 0.000045670 0.000038300 0.000000070 0.000000000 0.000567790 
0     0.000607240 0.000637440 0.000629730 0.000515700 0.000574780 0.000536670 0.000536750 0.000629180 0.000543790 0.000611790 0.000600750 0.000564860 0.000547060 0.000533450 0.000590060 0.000606930 0.000602860 0.000611320 0.000565960 0.000618010 0.000627620 0.000573510 0.000583660 0.000554160 0.000533750 0.000607350 0.000539650 0.000548020 0.000554480 0.000618810 0.000607510 0.000574570 0.000559410 0.000568050 0.000554000 0.000564530 0.000571220 0.000542140 0.000542280 0.000563730 0.000567560 0.000542380 0.000558840 0.000554130 0.000618680 0.000577910 0.000585460 0.000578090 0.000567540 0.000567790 0.000000000 
