51
1     0.000000000 0.041687727 0.043298032 0.043704741 0.043004622 0.044077324 0.043947616 0.045975341 0.047011425 0.045210506 0.037349888 0.037592931 0.039613846 0.039977395 0.040391533 0.040365055 0.037567933 0.039569295 0.040297198 0.040769645 0.040549126 0.040121362 0.039579899 0.038899841 0.041401372 0.037906888 0.038045526 0.038621736 0.036382508 0.043077040 0.043206942 0.043020910 0.043179309 0.041179856 0.045950278 0.038396920 0.037690218 0.037200353 0.039817273 0.054516108 0.044130722 0.045305030 0.045298621 0.046247932 0.046116659 0.033935172 0.040211482 0.037609162 0.037509934 0.038608367 0.047558952 
49     0.041687727 0.000000000 0.006797310 0.007096565 0.023600598 0.024634538 0.024568025 0.026595076 0.027504742 0.035359643 0.027471903 0.027701714 0.030154782 0.030539239 0.030767846 0.030747135 0.029088303 0.030884514 0.031575227 0.031786373 0.032271211 0.031957301 0.031103069 0.030353127 0.032959583 0.029424741 0.029544740 0.030032677 0.027692966 0.034536667 0.034705135 0.034767138 0.034715427 0.032794123 0.037398810 0.031317522 0.030581239 0.030173411 0.032558459 0.047589616 0.036643849 0.037878218 0.037772237 0.038701163 0.038661801 0.027085816 0.033066452 0.030478414 0.030226236 0.031484857 0.040590364 
3     0.043298032 0.006797310 0.000000000 0.006244642 0.025028307 0.026145904 0.026041735 0.028096900 0.029105556 0.037018336 0.029082991 0.029307992 0.031800199 0.032183997 0.032411775 0.032391064 0.030730350 0.032525255 0.033194501 0.033454391 0.033897071 0.033606402 0.032815850 0.032046908 0.034621686 0.031124809 0.031237924 0.031705829 0.029380255 0.036159755 0.036322550 0.036388475 0.036336328 0.034402519 0.038930421 0.032920936 0.032169875 0.031761761 0.034138207 0.049346638 0.038220656 0.039522486 0.039403218 0.040333238 0.040282553 0.028636399 0.034638504 0.032023539 0.031766691 0.033017842 0.042229514 
9     0.043704741 0.007096565 0.006244642 0.000000000 0.025636484 0.026671133 0.026596274 0.028619001 0.029613895 0.037312781 0.029424419 0.029649419 0.032138830 0.032522870 0.032750648 0.032729938 0.031142258 0.032944421 0.033613936 0.033900052 0.034293142 0.034006009 0.033161424 0.032410844 0.034960343 0.031478274 0.031594574 0.032063287 0.029730035 0.036499434 0.036698368 0.036759897 0.036711089 0.034751659 0.039372463 0.033317770 0.032556603 0.032148573 0.034548352 0.049708122 0.038562215 0.039823844 0.039737537 0.040684304 0.040636785 0.029008383 0.035012507 0.032404351 0.032146853 0.033394546 0.042656645 
25     0.043004622 0.023600598 0.025028307 0.025636484 0.000000000 0.005263944 0.005359049 0.022607887 0.023503711 0.037234525 0.029183449 0.029517136 0.031878803 0.032205796 0.032445292 0.032424551 0.030745832 0.032680934 0.033417479 0.033729938 0.033901569 0.033470058 0.032797913 0.031878246 0.034538627 0.031035252 0.031158390 0.031635236 0.029314941 0.036368166 0.036616460 0.036653180 0.036596262 0.034423821 0.039106977 0.033007053 0.032255165 0.031840544 0.034084763 0.049126521 0.038540881 0.039909775 0.039679080 0.040638486 0.040525187 0.028969428 0.034850901 0.032164572 0.032010405 0.033132557 0.042268842 
4     0.044077324 0.024634538 0.026145904 0.026671133 0.005263944 0.000000000 0.006017913 0.023475143 0.024318595 0.038187695 0.030174381 0.030507861 0.032848303 0.033174972 0.033409789 0.033389048 0.031777695 0.033749532 0.034487105 0.034710137 0.034883608 0.034438220 0.033781695 0.032915031 0.035572515 0.032066835 0.032190398 0.032612181 0.030261198 0.037403144 0.037672997 0.037658900 0.037607141 0.035466533 0.040159443 0.034132099 0.033350412 0.032958254 0.035137170 0.050214924 0.039546416 0.040926501 0.040683183 0.041715593 0.041583149 0.030005197 0.035882652 0.033187606 0.033055358 0.034220157 0.043280755 
8     0.043947616 0.024568025 0.026041735 0.026596274 0.005359049 0.006017913 0.000000000 0.023397070 0.024310897 0.038038358 0.029999089 0.030339308 0.032779259 0.033075479 0.033309551 0.033289405 0.031623765 0.033609923 0.034349644 0.034656342 0.034760291 0.034304673 0.033701206 0.032774725 0.035370346 0.031867985 0.032039970 0.032372210 0.030107097 0.037353418 0.037666599 0.037614617 0.037550338 0.035404207 0.040038297 0.034033475 0.033270424 0.032845301 0.035047776 0.050101273 0.039429586 0.040763921 0.040540757 0.041527146 0.041390928 0.029911172 0.035891572 0.033250944 0.033045597 0.034189956 0.043098283 
39     0.045975341 0.026595076 0.028096900 0.028619001 0.022607887 0.023475143 0.023397070 0.000000000 0.011338464 0.039741740 0.031783968 0.032019447 0.034422821 0.034730259 0.034964839 0.034942792 0.033413576 0.035268409 0.036076550 0.036350508 0.036546339 0.036148391 0.035716812 0.034550559 0.037341331 0.033871508 0.034005801 0.034399593 0.032101388 0.038888856 0.039027042 0.039202909 0.039154258 0.037023855 0.041506781 0.035642355 0.034962546 0.034505452 0.036818683 0.051888708 0.041027236 0.042231148 0.042124406 0.043171016 0.043045155 0.031586955 0.037542586 0.034778561 0.034633553 0.035748727 0.044712970 
14     0.047011425 0.027504742 0.029105556 0.029613895 0.023503711 0.024318595 0.024310897 0.011338464 0.000000000 0.040856655 0.032938083 0.033171188 0.035492262 0.035845369 0.036077959 0.036055912 0.034569037 0.036384488 0.037201643 0.037470783 0.037845217 0.037461067 0.036985808 0.035843728 0.038566767 0.035069970 0.035190520 0.035643418 0.033342005 0.040080666 0.040228112 0.040373700 0.040333649 0.038163060 0.042765349 0.036828501 0.036067421 0.035618276 0.037967949 0.052909166 0.042074436 0.043280936 0.043078068 0.044165633 0.043971600 0.032673607 0.038650820 0.035859507 0.035566134 0.036894509 0.045893196 
34     0.045210506 0.035359643 0.037018336 0.037312781 0.037234525 0.038187695 0.038038358 0.039741740 0.040856655 0.000000000 0.021555314 0.021708827 0.025811800 0.026139565 0.026332598 0.026294052 0.033030152 0.034847060 0.035691930 0.036146366 0.036251217 0.035981070 0.035100305 0.034081051 0.036507145 0.032982776 0.033168446 0.033955589 0.031653512 0.038076931 0.038391580 0.038367757 0.038358337 0.036334896 0.040888863 0.035111576 0.034221890 0.033822981 0.036261409 0.051491798 0.040219012 0.041711488 0.041502981 0.042669999 0.042588696 0.030835477 0.036671932 0.034090499 0.033905277 0.035059542 0.044245385 
2     0.037349888 0.027471903 0.029082991 0.029424419 0.029183449 0.030174381 0.029999089 0.031783968 0.032938083 0.021555314 0.000000000 0.002483804 0.017483943 0.017815595 0.018029307 0.018013533 0.025199049 0.026912956 0.027722357 0.028316187 0.028362483 0.028117201 0.027305660 0.026302677 0.028773598 0.025235575 0.025416704 0.026089536 0.023668407 0.030495003 0.030727201 0.030654802 0.030643782 0.028634498 0.033180954 0.027138523 0.026245573 0.025846664 0.028112600 0.043332061 0.032456798 0.033853258 0.033448016 0.034694602 0.034572048 0.022814910 0.028657863 0.026212935 0.025968619 0.027120991 0.036081078 
10     0.037592931 0.027701714 0.029307992 0.029649419 0.029517136 0.030507861 0.030339308 0.032019447 0.033171188 0.021708827 0.002483804 0.000000000 0.017669380 0.017997667 0.018214988 0.018205901 0.025405018 0.027119371 0.027928772 0.028523683 0.028571964 0.028326723 0.027504596 0.026536461 0.029006217 0.025469139 0.025650268 0.026307154 0.023886096 0.030703994 0.030935472 0.030863169 0.030852149 0.028842969 0.033393655 0.027351484 0.026458533 0.026059624 0.028326731 0.043552960 0.032713165 0.034094988 0.033694333 0.034938902 0.034817033 0.023031894 0.028897847 0.026464265 0.026209246 0.027362367 0.036293287 
21     0.039613846 0.030154782 0.031800199 0.032138830 0.031878803 0.032848303 0.032779259 0.034422821 0.035492262 0.025811800 0.017483943 0.017669380 0.000000000 0.008905112 0.008917210 0.009077779 0.027403686 0.029188213 0.030013129 0.030613103 0.030762982 0.030510834 0.029711344 0.028644412 0.031046540 0.027481945 0.027679931 0.028300581 0.025953970 0.032823122 0.033012786 0.032974048 0.032950835 0.031039032 0.035527306 0.029361070 0.028475483 0.028030305 0.030479584 0.045965399 0.034946388 0.036277643 0.035914823 0.037062216 0.036878649 0.025310960 0.031198963 0.028753175 0.028420238 0.029625711 0.038952048 
17     0.039977395 0.030539239 0.032183997 0.032522870 0.032205796 0.033174972 0.033075479 0.034730259 0.035845369 0.026139565 0.017815595 0.017997667 0.008905112 0.000000000 0.004634424 0.004720252 0.027893097 0.029727452 0.030540473 0.031101894 0.031072604 0.030812514 0.030020850 0.028833057 0.031262122 0.027715950 0.027929771 0.028609528 0.026269110 0.033065873 0.033239449 0.033208512 0.033191616 0.031239245 0.035739445 0.029824157 0.028926047 0.028522942 0.030934540 0.046252673 0.034989551 0.036423291 0.036061024 0.037196548 0.036953056 0.025504486 0.031351532 0.028933212 0.028594087 0.029790013 0.039281926 
18     0.040391533 0.030767846 0.032411775 0.032750648 0.032445292 0.033409789 0.033309551 0.034964839 0.036077959 0.026332598 0.018029307 0.018214988 0.008917210 0.004634424 0.000000000 0.003780782 0.028369125 0.030169989 0.030980143 0.031523874 0.031421593 0.031158659 0.030412592 0.029239333 0.031668592 0.028116683 0.028331045 0.029013122 0.026668196 0.033470850 0.033651846 0.033620909 0.033604013 0.031662587 0.036135914 0.030245667 0.029374985 0.028971881 0.031359798 0.046674695 0.035505659 0.036864671 0.036531248 0.037682949 0.037442309 0.025926321 0.031788345 0.029367220 0.029020678 0.030225222 0.039512837 
42     0.040365055 0.030747135 0.032391064 0.032729938 0.032424551 0.033389048 0.033289405 0.034942792 0.036055912 0.026294052 0.018013533 0.018205901 0.009077779 0.004720252 0.003780782 0.000000000 0.028342831 0.030142840 0.030952994 0.031497580 0.031395781 0.031132847 0.030383536 0.029213522 0.031638127 0.028091467 0.028305233 0.028987310 0.026642560 0.033444915 0.033626035 0.033595369 0.033578474 0.031634300 0.036108461 0.030215947 0.029345265 0.028942160 0.031331407 0.046651013 0.035462430 0.036830806 0.036492347 0.037644048 0.037403408 0.025881872 0.031758625 0.029337500 0.028998612 0.030198127 0.039486544 
33     0.037567933 0.029088303 0.030730350 0.031142258 0.030745832 0.031777695 0.031623765 0.033413576 0.034569037 0.033030152 0.025199049 0.025405018 0.027403686 0.027893097 0.028369125 0.028342831 0.000000000 0.012825059 0.013591561 0.020092548 0.028207673 0.027796844 0.027591152 0.026289647 0.028800874 0.025176429 0.025309770 0.025803104 0.023461128 0.030413397 0.030769048 0.030693966 0.030633605 0.028623941 0.033258597 0.027112646 0.026326741 0.025927431 0.028438199 0.043381619 0.032607946 0.033905195 0.033739318 0.034770783 0.034736809 0.022901612 0.029036782 0.026365641 0.026131240 0.027265374 0.036489760 
12     0.039569295 0.030884514 0.032525255 0.032944421 0.032680934 0.033749532 0.033609923 0.035268409 0.036384488 0.034847060 0.026912956 0.027119371 0.029188213 0.029727452 0.030169989 0.030142840 0.012825059 0.000000000 0.005525277 0.021771750 0.029984696 0.029556062 0.029302738 0.028079139 0.030648214 0.027055480 0.027180425 0.027726827 0.025386850 0.032299525 0.032695232 0.032624137 0.032516846 0.030550633 0.035100599 0.029029969 0.028215295 0.027812037 0.030407062 0.045211230 0.034506546 0.035786455 0.035598975 0.036586800 0.036547489 0.024742782 0.031012796 0.028230800 0.027975486 0.029141025 0.038295716 
27     0.040297198 0.031575227 0.033194501 0.033613936 0.033417479 0.034487105 0.034349644 0.036076550 0.037201643 0.035691930 0.027722357 0.027928772 0.030013129 0.030540473 0.030980143 0.030952994 0.013591561 0.005525277 0.000000000 0.022531802 0.030782740 0.030325543 0.030092424 0.028877888 0.031443135 0.027855965 0.027968381 0.028527674 0.026189554 0.033077219 0.033461667 0.033390573 0.033284793 0.031274700 0.035852451 0.029729252 0.028929793 0.028523927 0.031138630 0.045989820 0.035268687 0.036503416 0.036223050 0.037206039 0.037166728 0.025413435 0.031723408 0.028918741 0.028698907 0.029854834 0.038904686 
46     0.040769645 0.031786373 0.033454391 0.033900052 0.033729938 0.034710137 0.034656342 0.036350508 0.037470783 0.036146366 0.028316187 0.028523683 0.030613103 0.031101894 0.031523874 0.031497580 0.020092548 0.021771750 0.022531802 0.000000000 0.031318327 0.030928037 0.030659183 0.029498918 0.032121012 0.028668298 0.028787300 0.029185360 0.026921692 0.033853531 0.034157569 0.034051810 0.034012110 0.031860578 0.036615047 0.030460245 0.029670006 0.029271345 0.031747412 0.046708654 0.036103350 0.037214991 0.036998655 0.038053903 0.037999464 0.026258231 0.032375190 0.029689004 0.029405037 0.030551421 0.039486182 
11     0.040549126 0.032271211 0.033897071 0.034293142 0.033901569 0.034883608 0.034760291 0.036546339 0.037845217 0.036251217 0.028362483 0.028571964 0.030762982 0.031072604 0.031421593 0.031395781 0.028207673 0.029984696 0.030782740 0.031318327 0.000000000 0.007032551 0.019634301 0.025261332 0.027684332 0.024249773 0.024338588 0.025152317 0.022713426 0.029304718 0.029507503 0.029294992 0.029378093 0.027343912 0.032199869 0.030107414 0.029216541 0.028900733 0.031320315 0.046143294 0.035886227 0.036986924 0.036792193 0.037741017 0.037793668 0.025947645 0.032183617 0.029471238 0.029313720 0.030553088 0.039814549 
7     0.040121362 0.031957301 0.033606402 0.034006009 0.033470058 0.034438220 0.034304673 0.036148391 0.037461067 0.035981070 0.028117201 0.028326723 0.030510834 0.030812514 0.031158659 0.031132847 0.027796844 0.029556062 0.030325543 0.030928037 0.007032551 0.000000000 0.019517279 0.025039727 0.027476789 0.024045719 0.024134288 0.024926386 0.022510081 0.029184948 0.029469498 0.029272618 0.029348199 0.027298458 0.032152988 0.029904713 0.028996577 0.028674606 0.031085710 0.046057385 0.035417820 0.036572466 0.036348339 0.037315893 0.037364363 0.025647975 0.031883149 0.029153356 0.028989390 0.030216494 0.039460866 
15     0.039579899 0.031103069 0.032815850 0.033161424 0.032797913 0.033781695 0.033701206 0.035716812 0.036985808 0.035100305 0.027305660 0.027504596 0.029711344 0.030020850 0.030412592 0.030383536 0.027591152 0.029302738 0.030092424 0.030659183 0.019634301 0.019517279 0.000000000 0.024635275 0.027077666 0.023630662 0.023757009 0.024440189 0.022146354 0.028579994 0.028863634 0.028702411 0.028797492 0.026703979 0.031431420 0.029359692 0.028459233 0.028080223 0.030522659 0.045477934 0.035129812 0.036196000 0.035983169 0.037058426 0.037053684 0.024951414 0.031172470 0.028457859 0.028257309 0.029417233 0.038671264 
29     0.038899841 0.030353127 0.032046908 0.032410844 0.031878246 0.032915031 0.032774725 0.034550559 0.035843728 0.034081051 0.026302677 0.026536461 0.028644412 0.028833057 0.029239333 0.029213522 0.026289647 0.028079139 0.028877888 0.029498918 0.025261332 0.025039727 0.024635275 0.000000000 0.009468754 0.007499625 0.007621991 0.015323298 0.012980777 0.026182309 0.026408829 0.026195904 0.026213074 0.024105755 0.029022953 0.028379291 0.027608562 0.027220128 0.029707141 0.044905093 0.033994317 0.035096090 0.034841144 0.035949135 0.035897150 0.024096919 0.030215154 0.027710529 0.027591174 0.028762479 0.038001877 
50     0.041401372 0.032959583 0.034621686 0.034960343 0.034538627 0.035572515 0.035370346 0.037341331 0.038566767 0.036507145 0.028773598 0.029006217 0.031046540 0.031262122 0.031668592 0.031638127 0.028800874 0.030648214 0.031443135 0.032121012 0.027684332 0.027476789 0.027077666 0.009468754 0.000000000 0.009546126 0.009678286 0.017698380 0.015287955 0.028494712 0.028670533 0.028526310 0.028543123 0.026403490 0.031359624 0.030921804 0.030152002 0.029770239 0.032228375 0.047282251 0.036581216 0.037786941 0.037484220 0.038523822 0.038503397 0.026633325 0.032713823 0.030209836 0.030102448 0.031262439 0.040633611 
32     0.037906888 0.029424741 0.031124809 0.031478274 0.031035252 0.032066835 0.031867985 0.033871508 0.035069970 0.032982776 0.025235575 0.025469139 0.027481945 0.027715950 0.028116683 0.028091467 0.025176429 0.027055480 0.027855965 0.028668298 0.024249773 0.024045719 0.023630662 0.007499625 0.009546126 0.000000000 0.001997449 0.014091050 0.011818864 0.024914917 0.025119720 0.024958368 0.024968400 0.022822063 0.027724502 0.027424358 0.026712957 0.026317075 0.028725900 0.043893119 0.033017547 0.034283009 0.034021817 0.035092834 0.035051486 0.023114220 0.029254586 0.026725751 0.026633588 0.027749806 0.037149559 
31     0.038045526 0.029544740 0.031237924 0.031594574 0.031158390 0.032190398 0.032039970 0.034005801 0.035190520 0.033168446 0.025416704 0.025650268 0.027679931 0.027929771 0.028331045 0.028305233 0.025309770 0.027180425 0.027968381 0.028787300 0.024338588 0.024134288 0.023757009 0.007621991 0.009678286 0.001997449 0.000000000 0.014237034 0.011841539 0.025037024 0.025255091 0.025065325 0.025076195 0.022920528 0.027854425 0.027546263 0.026757652 0.026369218 0.028850314 0.044047023 0.033147060 0.034396228 0.034135036 0.035206052 0.035164704 0.023251565 0.029368160 0.026850287 0.026753763 0.027906308 0.037274597 
48     0.038621736 0.030032677 0.031705829 0.032063287 0.031635236 0.032612181 0.032372210 0.034399593 0.035643418 0.033955589 0.026089536 0.026307154 0.028300581 0.028609528 0.029013122 0.028987310 0.025803104 0.027726827 0.028527674 0.029185360 0.025152317 0.024926386 0.024440189 0.015323298 0.017698380 0.014091050 0.014237034 0.000000000 0.008206030 0.025792489 0.026108994 0.026088827 0.026111205 0.023954532 0.028830970 0.028088389 0.027375379 0.026957417 0.029239109 0.044549000 0.033841438 0.034910139 0.034844579 0.035844746 0.035849429 0.023770596 0.029942446 0.027337657 0.027287134 0.028374121 0.037685286 
43     0.036382508 0.027692966 0.029380255 0.029730035 0.029314941 0.030261198 0.030107097 0.032101388 0.033342005 0.031653512 0.023668407 0.023886096 0.025953970 0.026269110 0.026668196 0.026642560 0.023461128 0.025386850 0.026189554 0.026921692 0.022713426 0.022510081 0.022146354 0.012980777 0.015287955 0.011818864 0.011841539 0.008206030 0.000000000 0.023657598 0.023904028 0.023734651 0.023747869 0.021703325 0.026558037 0.025841308 0.024987259 0.024574350 0.026945499 0.042233756 0.031512900 0.032533809 0.032388913 0.033381209 0.033398995 0.021559626 0.027567084 0.024988447 0.024918823 0.026033446 0.035653175 
45     0.043077040 0.034536667 0.036159755 0.036499434 0.036368166 0.037403144 0.037353418 0.038888856 0.040080666 0.038076931 0.030495003 0.030703994 0.032823122 0.033065873 0.033470850 0.033444915 0.030413397 0.032299525 0.033077219 0.033853531 0.029304718 0.029184948 0.028579994 0.026182309 0.028494712 0.024914917 0.025037024 0.025792489 0.023657598 0.000000000 0.012779463 0.012732947 0.012696646 0.014923393 0.021051353 0.032424920 0.031746203 0.031330013 0.033792871 0.048969264 0.038076580 0.039233055 0.039027636 0.040038584 0.039988592 0.028161611 0.034260548 0.031424266 0.031434518 0.032505847 0.042370425 
47     0.043206942 0.034705135 0.036322550 0.036698368 0.036616460 0.037672997 0.037666599 0.039027042 0.040228112 0.038391580 0.030727201 0.030935472 0.033012786 0.033239449 0.033651846 0.033626035 0.030769048 0.032695232 0.033461667 0.034157569 0.029507503 0.029469498 0.028863634 0.026408829 0.028670533 0.025119720 0.025255091 0.026108994 0.023904028 0.012779463 0.000000000 0.012503346 0.012315913 0.015073697 0.021230162 0.032700437 0.031993500 0.031563507 0.033997075 0.049145457 0.038355059 0.039551994 0.039226294 0.040310772 0.040237192 0.028415731 0.034757064 0.031843802 0.031816870 0.032906448 0.042536796 
38     0.043020910 0.034767138 0.036388475 0.036759897 0.036653180 0.037658900 0.037614617 0.039202909 0.040373700 0.038367757 0.030654802 0.030863169 0.032974048 0.033208512 0.033620909 0.033595369 0.030693966 0.032624137 0.033390573 0.034051810 0.029294992 0.029272618 0.028702411 0.026195904 0.028526310 0.024958368 0.025065325 0.026088827 0.023734651 0.012732947 0.012503346 0.000000000 0.005979408 0.015065651 0.021239484 0.032661848 0.031945223 0.031516702 0.033987435 0.049171371 0.038162025 0.039336612 0.039014520 0.040027563 0.040011275 0.028398930 0.034709396 0.031805935 0.031759211 0.032879703 0.042171830 
40     0.043179309 0.034715427 0.036336328 0.036711089 0.036596262 0.037607141 0.037550338 0.039154258 0.040333649 0.038358337 0.030643782 0.030852149 0.032950835 0.033191616 0.033604013 0.033578474 0.030633605 0.032516846 0.033284793 0.034012110 0.029378093 0.029348199 0.028797492 0.026213074 0.028543123 0.024968400 0.025076195 0.026111205 0.023747869 0.012696646 0.012315913 0.005979408 0.000000000 0.015004586 0.021256994 0.032617151 0.031905891 0.031477370 0.033933825 0.049025112 0.038100721 0.039359008 0.039045087 0.040056774 0.040028756 0.028312000 0.034657006 0.031718466 0.031676084 0.032799793 0.042126981 
28     0.041179856 0.032794123 0.034402519 0.034751659 0.034423821 0.035466533 0.035404207 0.037023855 0.038163060 0.036334896 0.028634498 0.028842969 0.031039032 0.031239245 0.031662587 0.031634300 0.028623941 0.030550633 0.031274700 0.031860578 0.027343912 0.027298458 0.026703979 0.024105755 0.026403490 0.022822063 0.022920528 0.023954532 0.021703325 0.014923393 0.015073697 0.015065651 0.015004586 0.000000000 0.019448090 0.030639139 0.029897135 0.029496852 0.031947582 0.047063537 0.036166929 0.037422123 0.037154392 0.038213882 0.038144934 0.026297805 0.032667351 0.029773358 0.029739177 0.030895425 0.040459260 
35     0.045950278 0.037398810 0.038930421 0.039372463 0.039106977 0.040159443 0.040038297 0.041506781 0.042765349 0.040888863 0.033180954 0.033393655 0.035527306 0.035739445 0.036135914 0.036108461 0.033258597 0.035100599 0.035852451 0.036615047 0.032199869 0.032152988 0.031431420 0.029022953 0.031359624 0.027724502 0.027854425 0.028830970 0.026558037 0.021051353 0.021230162 0.021239484 0.021256994 0.019448090 0.000000000 0.035237430 0.034569678 0.034178451 0.036592534 0.051623191 0.040905503 0.042166706 0.041753579 0.042749447 0.042728199 0.030895691 0.037268322 0.034369960 0.034352066 0.035415192 0.045084280 
6     0.038396920 0.031317522 0.032920936 0.033317770 0.033007053 0.034132099 0.034033475 0.035642355 0.036828501 0.035111576 0.027138523 0.027351484 0.029361070 0.029824157 0.030245667 0.030215947 0.027112646 0.029029969 0.029729252 0.030460245 0.030107414 0.029904713 0.029359692 0.028379291 0.030921804 0.027424358 0.027546263 0.028088389 0.025841308 0.032424920 0.032700437 0.032661848 0.032617151 0.030639139 0.035237430 0.000000000 0.010138524 0.009773640 0.018650087 0.041758190 0.031997090 0.033217444 0.032978441 0.033984723 0.033964823 0.022216521 0.028319049 0.025574686 0.025316201 0.026560410 0.037060958 
30     0.037690218 0.030581239 0.032169875 0.032556603 0.032255165 0.033350412 0.033270424 0.034962546 0.036067421 0.034221890 0.026245573 0.026458533 0.028475483 0.028926047 0.029374985 0.029345265 0.026326741 0.028215295 0.028929793 0.029670006 0.029216541 0.028996577 0.028459233 0.027608562 0.030152002 0.026712957 0.026757652 0.027375379 0.024987259 0.031746203 0.031993500 0.031945223 0.031905891 0.029897135 0.034569678 0.010138524 0.000000000 0.002919845 0.017506512 0.040810636 0.031127104 0.032421824 0.032127136 0.033119529 0.033061394 0.021376937 0.027557625 0.024780478 0.024524047 0.025785760 0.036244399 
13     0.037200353 0.030173411 0.031761761 0.032148573 0.031840544 0.032958254 0.032845301 0.034505452 0.035618276 0.033822981 0.025846664 0.026059624 0.028030305 0.028522942 0.028971881 0.028942160 0.025927431 0.027812037 0.028523927 0.029271345 0.028900733 0.028674606 0.028080223 0.027220128 0.029770239 0.026317075 0.026369218 0.026957417 0.024574350 0.031330013 0.031563507 0.031516702 0.031477370 0.029496852 0.034178451 0.009773640 0.002919845 0.000000000 0.017224895 0.040402874 0.030745375 0.032086768 0.031804708 0.032797606 0.032739471 0.020982675 0.027128644 0.024367121 0.024112784 0.025364440 0.035806658 
41     0.039817273 0.032558459 0.034138207 0.034548352 0.034084763 0.035137170 0.035047776 0.036818683 0.037967949 0.036261409 0.028112600 0.028326731 0.030479584 0.030934540 0.031359798 0.031331407 0.028438199 0.030407062 0.031138630 0.031747412 0.031320315 0.031085710 0.030522659 0.029707141 0.032228375 0.028725900 0.028850314 0.029239109 0.026945499 0.033792871 0.033997075 0.033987435 0.033933825 0.031947582 0.036592534 0.018650087 0.017506512 0.017224895 0.000000000 0.042898934 0.033375131 0.034599249 0.034489757 0.035607470 0.035452474 0.023600702 0.029782674 0.027000231 0.026729896 0.028034776 0.038681622 
26     0.054516108 0.047589616 0.049346638 0.049708122 0.049126521 0.050214924 0.050101273 0.051888708 0.052909166 0.051491798 0.043332061 0.043552960 0.045965399 0.046252673 0.046674695 0.046651013 0.043381619 0.045211230 0.045989820 0.046708654 0.046143294 0.046057385 0.045477934 0.044905093 0.047282251 0.043893119 0.044047023 0.044549000 0.042233756 0.048969264 0.049145457 0.049171371 0.049025112 0.047063537 0.051623191 0.041758190 0.040810636 0.040402874 0.042898934 0.000000000 0.048051793 0.049212986 0.049097754 0.050074473 0.049939547 0.038292962 0.044358421 0.041554606 0.041173015 0.042769961 0.054037288 
24     0.044130722 0.036643849 0.038220656 0.038562215 0.038540881 0.039546416 0.039429586 0.041027236 0.042074436 0.040219012 0.032456798 0.032713165 0.034946388 0.034989551 0.035505659 0.035462430 0.032607946 0.034506546 0.035268687 0.036103350 0.035886227 0.035417820 0.035129812 0.033994317 0.036581216 0.033017547 0.033147060 0.033841438 0.031512900 0.038076580 0.038355059 0.038162025 0.038100721 0.036166929 0.040905503 0.031997090 0.031127104 0.030745375 0.033375131 0.048051793 0.000000000 0.029809366 0.029518777 0.030609139 0.030421994 0.025836907 0.033049696 0.030199591 0.029987058 0.031383280 0.043365214 
36     0.045305030 0.037878218 0.039522486 0.039823844 0.039909775 0.040926501 0.040763921 0.042231148 0.043280936 0.041711488 0.033853258 0.034094988 0.036277643 0.036423291 0.036864671 0.036830806 0.033905195 0.035786455 0.036503416 0.037214991 0.036986924 0.036572466 0.036196000 0.035096090 0.037786941 0.034283009 0.034396228 0.034910139 0.032533809 0.039233055 0.039551994 0.039336612 0.039359008 0.037422123 0.042166706 0.033217444 0.032421824 0.032086768 0.034599249 0.049212986 0.029809366 0.000000000 0.016527860 0.017845429 0.017771671 0.027018516 0.034369493 0.031552391 0.031280508 0.032576662 0.044237683 
23     0.045298621 0.037772237 0.039403218 0.039737537 0.039679080 0.040683183 0.040540757 0.042124406 0.043078068 0.041502981 0.033448016 0.033694333 0.035914823 0.036061024 0.036531248 0.036492347 0.033739318 0.035598975 0.036223050 0.036998655 0.036792193 0.036348339 0.035983169 0.034841144 0.037484220 0.034021817 0.034135036 0.034844579 0.032388913 0.039027636 0.039226294 0.039014520 0.039045087 0.037154392 0.041753579 0.032978441 0.032127136 0.031804708 0.034489757 0.049097754 0.029518777 0.016527860 0.000000000 0.010939383 0.010565489 0.026689251 0.034151422 0.031324521 0.031041308 0.032363855 0.043992949 
5     0.046247932 0.038701163 0.040333238 0.040684304 0.040638486 0.041715593 0.041527146 0.043171016 0.044165633 0.042669999 0.034694602 0.034938902 0.037062216 0.037196548 0.037682949 0.037644048 0.034770783 0.036586800 0.037206039 0.038053903 0.037741017 0.037315893 0.037058426 0.035949135 0.038523822 0.035092834 0.035206052 0.035844746 0.033381209 0.040038584 0.040310772 0.040027563 0.040056774 0.038213882 0.042749447 0.033984723 0.033119529 0.032797606 0.035607470 0.050074473 0.030609139 0.017845429 0.010939383 0.000000000 0.006783922 0.027880703 0.035196326 0.032435285 0.032149080 0.033577506 0.045034237 
22     0.046116659 0.038661801 0.040282553 0.040636785 0.040525187 0.041583149 0.041390928 0.043045155 0.043971600 0.042588696 0.034572048 0.034817033 0.036878649 0.036953056 0.037442309 0.037403408 0.034736809 0.036547489 0.037166728 0.037999464 0.037793668 0.037364363 0.037053684 0.035897150 0.038503397 0.035051486 0.035164704 0.035849429 0.033398995 0.039988592 0.040237192 0.040011275 0.040028756 0.038144934 0.042728199 0.033964823 0.033061394 0.032739471 0.035452474 0.049939547 0.030421994 0.017771671 0.010565489 0.006783922 0.000000000 0.027685087 0.035054970 0.032254892 0.031979353 0.033385715 0.045105962 
44     0.033935172 0.027085816 0.028636399 0.029008383 0.028969428 0.030005197 0.029911172 0.031586955 0.032673607 0.030835477 0.022814910 0.023031894 0.025310960 0.025504486 0.025926321 0.025881872 0.022901612 0.024742782 0.025413435 0.026258231 0.025947645 0.025647975 0.024951414 0.024096919 0.026633325 0.023114220 0.023251565 0.023770596 0.021559626 0.028161611 0.028415731 0.028398930 0.028312000 0.026297805 0.030895691 0.022216521 0.021376937 0.020982675 0.023600702 0.038292962 0.025836907 0.027018516 0.026689251 0.027880703 0.027685087 0.000000000 0.022849481 0.020121286 0.019856595 0.021182274 0.033313984 
37     0.040211482 0.033066452 0.034638504 0.035012507 0.034850901 0.035882652 0.035891572 0.037542586 0.038650820 0.036671932 0.028657863 0.028897847 0.031198963 0.031351532 0.031788345 0.031758625 0.029036782 0.031012796 0.031723408 0.032375190 0.032183617 0.031883149 0.031172470 0.030215154 0.032713823 0.029254586 0.029368160 0.029942446 0.027567084 0.034260548 0.034757064 0.034709396 0.034657006 0.032667351 0.037268322 0.028319049 0.027557625 0.027128644 0.029782674 0.044358421 0.033049696 0.034369493 0.034151422 0.035196326 0.035054970 0.022849481 0.000000000 0.017372152 0.017030467 0.018517954 0.039403787 
20     0.037609162 0.030478414 0.032023539 0.032404351 0.032164572 0.033187606 0.033250944 0.034778561 0.035859507 0.034090499 0.026212935 0.026464265 0.028753175 0.028933212 0.029367220 0.029337500 0.026365641 0.028230800 0.028918741 0.029689004 0.029471238 0.029153356 0.028457859 0.027710529 0.030209836 0.026725751 0.026850287 0.027337657 0.024988447 0.031424266 0.031843802 0.031805935 0.031718466 0.029773358 0.034369960 0.025574686 0.024780478 0.024367121 0.027000231 0.041554606 0.030199591 0.031552391 0.031324521 0.032435285 0.032254892 0.020121286 0.017372152 0.000000000 0.011577023 0.012977312 0.036747239 
16     0.037509934 0.030226236 0.031766691 0.032146853 0.032010405 0.033055358 0.033045597 0.034633553 0.035566134 0.033905277 0.025968619 0.026209246 0.028420238 0.028594087 0.029020678 0.028998612 0.026131240 0.027975486 0.028698907 0.029405037 0.029313720 0.028989390 0.028257309 0.027591174 0.030102448 0.026633588 0.026753763 0.027287134 0.024918823 0.031434518 0.031816870 0.031759211 0.031676084 0.029739177 0.034352066 0.025316201 0.024524047 0.024112784 0.026729896 0.041173015 0.029987058 0.031280508 0.031041308 0.032149080 0.031979353 0.019856595 0.017030467 0.011577023 0.000000000 0.012046707 0.036442606 
19     0.038608367 0.031484857 0.033017842 0.033394546 0.033132557 0.034220157 0.034189956 0.035748727 0.036894509 0.035059542 0.027120991 0.027362367 0.029625711 0.029790013 0.030225222 0.030198127 0.027265374 0.029141025 0.029854834 0.030551421 0.030553088 0.030216494 0.029417233 0.028762479 0.031262439 0.027749806 0.027906308 0.028374121 0.026033446 0.032505847 0.032906448 0.032879703 0.032799793 0.030895425 0.035415192 0.026560410 0.025785760 0.025364440 0.028034776 0.042769961 0.031383280 0.032576662 0.032363855 0.033577506 0.033385715 0.021182274 0.018517954 0.012977312 0.012046707 0.000000000 0.037626839 
0     0.047558952 0.040590364 0.042229514 0.042656645 0.042268842 0.043280755 0.043098283 0.044712970 0.045893196 0.044245385 0.036081078 0.036293287 0.038952048 0.039281926 0.039512837 0.039486544 0.036489760 0.038295716 0.038904686 0.039486182 0.039814549 0.039460866 0.038671264 0.038001877 0.040633611 0.037149559 0.037274597 0.037685286 0.035653175 0.042370425 0.042536796 0.042171830 0.042126981 0.040459260 0.045084280 0.037060958 0.036244399 0.035806658 0.038681622 0.054037288 0.043365214 0.044237683 0.043992949 0.045034237 0.045105962 0.033313984 0.039403787 0.036747239 0.036442606 0.037626839 0.000000000 
