51
1     0.000000000 0.000005370 0.000432120 0.000520800 0.002523800 0.002158930 0.002598760 0.000495550 0.001680180 0.002836360 0.002104740 0.002308940 0.001076260 0.002405190 0.002591180 0.002606860 0.001058850 0.000642490 0.000817550 0.001515200 0.000618600 0.001542940 0.001968810 0.001502180 0.002080640 0.000924650 0.000932720 0.001652220 0.001168060 0.001009040 0.001868840 0.001444200 0.000456040 0.001402750 0.001319320 0.001368830 0.001520070 0.001200510 0.000912250 0.001889860 0.000176000 0.001107990 0.000590510 0.000342010 0.000609530 0.000696540 0.002046930 0.000705360 0.001836750 0.001065040 0.000384340 
49     0.000005370 0.000000000 0.000023450 0.000008360 0.000929380 0.001123030 0.000764120 0.000614460 0.001327560 0.001729060 0.001118710 0.001477720 0.001074770 0.001008890 0.000990240 0.001027640 0.000370720 0.000904940 0.000639840 0.001055930 0.001870610 0.001450820 0.000542970 0.000515040 0.001356400 0.001172470 0.001706310 0.000589040 0.000564420 0.001813230 0.002016610 0.001956640 0.001987170 0.000884720 0.001365030 0.000685380 0.001414390 0.001309870 0.000752240 0.001103440 0.002430920 0.002272200 0.001333830 0.000288400 0.000558620 0.000970660 0.000287160 0.001650300 0.001020400 0.000423710 0.000671520 
3     0.000432120 0.000023450 0.000000000 0.000046810 0.000152430 0.001329100 0.000970190 0.000853670 0.001533630 0.001847280 0.000729660 0.000702730 0.001093890 0.000995800 0.000977150 0.001014550 0.000649290 0.001707720 0.001862210 0.001905660 0.002103400 0.001960650 0.001545510 0.001302170 0.001253510 0.001324730 0.001065000 0.001745550 0.001475520 0.002083220 0.002310790 0.001359380 0.001111730 0.001980830 0.001847820 0.000240580 0.001152030 0.000789750 0.000748960 0.001309510 0.001562010 0.002052980 0.002272760 0.001506680 0.001775230 0.001178140 0.000586680 0.001637210 0.001929820 0.001508100 0.000903560 
9     0.000520800 0.000008360 0.000046810 0.000000000 0.000349300 0.000771620 0.000744840 0.000861480 0.001178090 0.000988930 0.001299970 0.001550610 0.001116260 0.001018170 0.000999520 0.001036920 0.000739310 0.001510620 0.001665110 0.000130190 0.001571900 0.001853870 0.001533930 0.001892320 0.001329150 0.000206370 0.000328020 0.001719260 0.001725200 0.001886120 0.002113690 0.002029530 0.002060060 0.001779320 0.001793800 0.002114450 0.001430640 0.001068360 0.001924500 0.001084160 0.002517440 0.001000590 0.001014790 0.001607630 0.001105390 0.001217680 0.001486050 0.001851410 0.001704470 0.001794550 0.000878760 
25     0.002523800 0.000929380 0.000152430 0.000349300 0.000000000 0.000003820 0.000079340 0.000567450 0.000429660 0.001226360 0.000376160 0.000602420 0.001804840 0.000754160 0.000930030 0.001683020 0.000136220 0.000862270 0.000612960 0.000870240 0.000242100 0.000400870 0.000717000 0.001031870 0.001691850 0.000323530 0.000345830 0.001401190 0.001295590 0.001062170 0.001425000 0.001086200 0.001247130 0.000385050 0.001721250 0.001848850 0.001705300 0.000615540 0.001064490 0.001023340 0.000382760 0.000324300 0.001903650 0.001082640 0.001847250 0.000685030 0.000529680 0.000496990 0.001237700 0.001624040 0.000860140 
4     0.002158930 0.001123030 0.001329100 0.000771620 0.000003820 0.000000000 0.000008700 0.000933320 0.000493230 0.001562130 0.001418790 0.001421940 0.001212520 0.001472290 0.001648160 0.001828610 0.001214810 0.000922490 0.001581120 0.001084410 0.000265730 0.000429660 0.001548370 0.000942180 0.001930540 0.000463670 0.000455600 0.000686190 0.001641210 0.001144250 0.001448630 0.001109830 0.001270760 0.000408680 0.001828220 0.002172320 0.001151740 0.001849580 0.001982410 0.001216990 0.000282240 0.000342980 0.001084400 0.002023680 0.001935270 0.000463540 0.000772370 0.000102680 0.001480390 0.001866730 0.001247940 
8     0.002598760 0.000764120 0.000970190 0.000744840 0.000079340 0.000008700 0.000000000 0.000574410 0.000826790 0.001818970 0.001134850 0.001530200 0.001935750 0.001160410 0.001175040 0.001377110 0.000160510 0.001167140 0.001573310 0.001005920 0.001292400 0.000927740 0.000558310 0.001028530 0.001291220 0.000415170 0.000437470 0.000414570 0.000368670 0.001721840 0.002046190 0.001564730 0.000860710 0.001478320 0.000701320 0.001608450 0.001982110 0.001957840 0.001623500 0.000858080 0.001776030 0.002369360 0.002099930 0.002131940 0.000749430 0.001144220 0.002118710 0.001792530 0.001246420 0.001587080 0.001315850 
39     0.000495550 0.000614460 0.000853670 0.000861480 0.000567450 0.000933320 0.000574410 0.000000000 0.000107190 0.001972390 0.001009430 0.001114770 0.001405070 0.001584270 0.001609390 0.001576080 0.000748080 0.001498320 0.001652810 0.000721840 0.001568710 0.000190670 0.001013090 0.001255490 0.000709760 0.001771240 0.000959800 0.000703490 0.000287630 0.000858980 0.000745350 0.001202380 0.001534540 0.001133840 0.000973110 0.001631300 0.001945540 0.000456980 0.000914660 0.000192130 0.001352010 0.001765860 0.002063360 0.002095370 0.001189290 0.001007500 0.000069730 0.000984100 0.000868120 0.001021270 0.001115280 
14     0.001680180 0.001327560 0.001533630 0.001178090 0.000429660 0.000493230 0.000826790 0.000107190 0.000000000 0.001276220 0.000927770 0.001366220 0.001380140 0.001834880 0.002053010 0.002013650 0.001834580 0.001611670 0.001636400 0.001409530 0.002044550 0.001664880 0.001048600 0.000412250 0.002096520 0.001523760 0.001577810 0.001760880 0.000449230 0.000948200 0.001979800 0.001517120 0.001393520 0.001884780 0.002052830 0.002458850 0.002058890 0.002034620 0.000200890 0.001421520 0.001695930 0.002187360 0.001656470 0.000934450 0.001153740 0.000907210 0.002207250 0.000431480 0.000040870 0.001739780 0.001190570 
34     0.002836360 0.001729060 0.001847280 0.000988930 0.001226360 0.001562130 0.001818970 0.001972390 0.001276220 0.000000000 0.000091590 0.000091150 0.000817190 0.000432120 0.000319070 0.000253860 0.000953440 0.000771900 0.000925080 0.000818520 0.001221330 0.000992080 0.001328550 0.001869230 0.001022180 0.001821580 0.001878180 0.000295250 0.001675910 0.001161050 0.001474280 0.001363300 0.001395580 0.000917530 0.000995200 0.001260770 0.001476420 0.001670360 0.001062710 0.000546550 0.001239660 0.000219420 0.001682170 0.001140310 0.001996170 0.000513600 0.001611610 0.001442790 0.000842680 0.001026290 0.001745500 
2     0.002104740 0.001118710 0.000729660 0.001299970 0.000376160 0.001418790 0.001134850 0.001009430 0.000927770 0.000091590 0.000000000 0.000000460 0.000020750 0.000307430 0.000248340 0.000183130 0.000934520 0.000158450 0.000350970 0.000728080 0.000361590 0.000640860 0.000677810 0.000555860 0.001246000 0.001354600 0.001396270 0.000662280 0.000559030 0.001004750 0.000850480 0.001485040 0.001555060 0.000792400 0.001179550 0.001158750 0.001449540 0.001371560 0.000650070 0.000580610 0.000701560 0.001840090 0.001570660 0.001602670 0.001514260 0.000442870 0.001594310 0.001346410 0.001027030 0.001210640 0.000473690 
10     0.002308940 0.001477720 0.000702730 0.001550610 0.000602420 0.001421940 0.001530200 0.001114770 0.001366220 0.000091150 0.000000460 0.000000000 0.000764460 0.000694970 0.000247900 0.000182690 0.001038120 0.000262050 0.000454570 0.000829010 0.000462520 0.000628160 0.000541970 0.001350350 0.001512680 0.001357750 0.001399420 0.000526440 0.000438710 0.001187200 0.001269290 0.001389450 0.001421730 0.000638670 0.001021350 0.001262350 0.001455990 0.001431460 0.000709970 0.000580170 0.000565720 0.001843240 0.001573810 0.001605820 0.001517410 0.000442430 0.001104990 0.001349560 0.000868830 0.001052440 0.000717570 
21     0.001076260 0.001074770 0.001093890 0.001116260 0.001804840 0.001212520 0.001935750 0.001405070 0.001380140 0.000817190 0.000020750 0.000764460 0.000000000 0.000176900 0.000178760 0.000177770 0.001661440 0.001324940 0.001260760 0.000313680 0.000494870 0.000233450 0.000563170 0.001038140 0.001897550 0.001277740 0.000499480 0.001755630 0.001172770 0.000488020 0.000717510 0.000528960 0.001056420 0.000535080 0.001243980 0.001219100 0.001091380 0.001392680 0.000357130 0.000679180 0.002292570 0.001544740 0.002112030 0.001642200 0.002055630 0.000333140 0.002142570 0.001887780 0.000475120 0.001413680 0.001804960 
17     0.002405190 0.001008890 0.000995800 0.001018170 0.000754160 0.001472290 0.001160410 0.001584270 0.001834880 0.000432120 0.000307430 0.000694970 0.000176900 0.000000000 0.000006980 0.000007320 0.001587320 0.000778330 0.000575220 0.001252850 0.000781550 0.000941310 0.001408210 0.001185350 0.001495430 0.000225800 0.000356340 0.001573050 0.001578990 0.001595380 0.001728650 0.001527580 0.001542220 0.000422680 0.001429530 0.001644530 0.001811630 0.000285700 0.001148250 0.001202140 0.000927780 0.001926180 0.001784290 0.001961460 0.001873050 0.000666010 0.001959990 0.001705200 0.001277010 0.001460620 0.001622380 
18     0.002591180 0.000990240 0.000977150 0.000999520 0.000930030 0.001648160 0.001175040 0.001609390 0.002053010 0.000319070 0.000248340 0.000247900 0.000178760 0.000006980 0.000000000 0.000015410 0.001249780 0.001423940 0.000264010 0.001304910 0.001707720 0.001336350 0.001272560 0.000183210 0.001688890 0.000296630 0.000323610 0.001663440 0.001547100 0.001647440 0.001786250 0.001661800 0.001676440 0.001403920 0.001178950 0.001624040 0.001171720 0.000280160 0.001212570 0.000800870 0.001347050 0.000321260 0.002019840 0.001268210 0.001963440 0.000663130 0.002050380 0.001795590 0.001329070 0.001512680 0.001712770 
42     0.002606860 0.001027640 0.001014550 0.001036920 0.001683020 0.001828610 0.001377110 0.001576080 0.002013650 0.000253860 0.000183130 0.000182690 0.000177770 0.000007320 0.000015410 0.000000000 0.001332500 0.001372750 0.000346730 0.001154850 0.001539540 0.001363180 0.001180730 0.000104740 0.001610420 0.000218160 0.000245140 0.001624080 0.001468630 0.001596250 0.001920600 0.001594120 0.001608760 0.001165010 0.001394300 0.001655190 0.001167530 0.000893920 0.001320330 0.000735660 0.000984830 0.000298450 0.001980480 0.002012490 0.001924080 0.000523910 0.002011020 0.001756230 0.001277880 0.001461490 0.001673410 
33     0.001058850 0.000370720 0.000649290 0.000739310 0.000136220 0.001214810 0.000160510 0.000748080 0.001834580 0.000953440 0.000934520 0.001038120 0.001661440 0.001587320 0.001249780 0.001332500 0.000000000 0.000028200 0.000595880 0.000241870 0.000357180 0.000850130 0.001160170 0.000047640 0.000542240 0.000095580 0.000130090 0.001018730 0.000425590 0.001287540 0.001550220 0.000845460 0.000580200 0.001044020 0.001121690 0.000731460 0.000905170 0.000902150 0.000560900 0.000542470 0.000761540 0.001846820 0.001577390 0.001609400 0.001520990 0.000931290 0.001607930 0.000721560 0.000930310 0.000891620 0.001019420 
12     0.000642490 0.000904940 0.001707720 0.001510620 0.000862270 0.000922490 0.001167140 0.001498320 0.001611670 0.000771900 0.000158450 0.000262050 0.001324940 0.000778330 0.001423940 0.001372750 0.000028200 0.000000000 0.000048280 0.000346310 0.000834660 0.000605410 0.000937260 0.001197220 0.000974340 0.000562620 0.001201670 0.001024160 0.001030100 0.000600820 0.001098730 0.000976630 0.001008910 0.000530860 0.000608530 0.000347670 0.000770360 0.000767340 0.000281200 0.001183540 0.001418590 0.001489230 0.001354480 0.001386490 0.000885730 0.000146390 0.001385020 0.001059090 0.000417150 0.000600760 0.001047410 
27     0.000817550 0.000639840 0.001862210 0.001665110 0.000612960 0.001581120 0.001573310 0.001652810 0.001636400 0.000925080 0.000350970 0.000454570 0.001260760 0.000575220 0.000264010 0.000346730 0.000595880 0.000048280 0.000000000 0.000421280 0.000822330 0.000518440 0.001016850 0.001188190 0.001293030 0.000509890 0.000553740 0.001178650 0.001184590 0.000849350 0.001173700 0.001051600 0.001083880 0.000605830 0.000683500 0.000241420 0.000539050 0.000536030 0.000356170 0.001376060 0.001246770 0.001778400 0.001508970 0.001540980 0.001252680 0.000038510 0.001539510 0.001219220 0.000492120 0.000675730 0.001174340 
46     0.001515200 0.001055930 0.001905660 0.000130190 0.000870240 0.001084410 0.001005920 0.000721840 0.001409530 0.000818520 0.000728080 0.000829010 0.000313680 0.001252850 0.001304910 0.001154850 0.000241870 0.000346310 0.000421280 0.000000000 0.000715630 0.000486380 0.000745860 0.000849800 0.000722230 0.001045020 0.001105170 0.000922450 0.000676470 0.000499730 0.000979700 0.000857600 0.000889880 0.000411830 0.000489500 0.000939210 0.000359190 0.000254670 0.000471470 0.001793550 0.001210640 0.001835460 0.000619800 0.001693720 0.001231480 0.000299100 0.000971850 0.000166360 0.000298120 0.000481730 0.000791120 
11     0.000618600 0.001870610 0.002103400 0.001571900 0.000242100 0.000265730 0.001292400 0.001568710 0.002044550 0.001221330 0.000361590 0.000462520 0.000494870 0.000781550 0.001707720 0.001539540 0.000357180 0.000834660 0.000822330 0.000715630 0.000000000 0.000000860 0.000450450 0.000408960 0.000590840 0.001052080 0.001093750 0.000084640 0.000476680 0.000492860 0.001143550 0.001008860 0.001053730 0.000307710 0.000653350 0.001380880 0.001267990 0.001407950 0.000387250 0.000722270 0.000669210 0.001363450 0.000484200 0.001100280 0.000901670 0.000740770 0.000769540 0.001589190 0.000553720 0.000923400 0.001506370 
7     0.001542940 0.001450820 0.001960650 0.001853870 0.000400870 0.000429660 0.000927740 0.000190670 0.001664880 0.000992080 0.000640860 0.000628160 0.000233450 0.000941310 0.001336350 0.001363180 0.000850130 0.000605410 0.000518440 0.000486380 0.000000860 0.000000000 0.000140790 0.000790170 0.000488280 0.000238910 0.000279030 0.000278540 0.000223790 0.000589950 0.000914300 0.000792200 0.000824480 0.000346430 0.000424100 0.001151630 0.000884840 0.000266100 0.000546560 0.001640160 0.000232840 0.001426270 0.001206630 0.001163100 0.001007710 0.000177100 0.001814770 0.001559980 0.000510540 0.000694150 0.000028650 
15     0.001968810 0.000542970 0.001545510 0.001533930 0.000717000 0.001548370 0.000558310 0.001013090 0.001048600 0.001328550 0.000677810 0.000541970 0.000563170 0.001408210 0.001272560 0.001180730 0.001160170 0.000937260 0.001016850 0.000745860 0.000450450 0.000140790 0.000000000 0.001003790 0.001259930 0.000208660 0.001146670 0.000192350 0.000137600 0.000926420 0.001250770 0.001128670 0.001160950 0.000555140 0.000760570 0.001354350 0.001099540 0.000546450 0.000625760 0.000370350 0.000146650 0.000838020 0.000794590 0.000856810 0.001445900 0.000847990 0.001532840 0.001278050 0.000031260 0.000758040 0.000306530 
29     0.001502180 0.000515040 0.001302170 0.001892320 0.001031870 0.000942180 0.001028530 0.001255490 0.000412250 0.001869230 0.000555860 0.001350350 0.001038140 0.001185350 0.000183210 0.000104740 0.000047640 0.001197220 0.001188190 0.000849800 0.000408960 0.000790170 0.001003790 0.000000000 0.000192730 0.000024790 0.000008750 0.000184310 0.000135360 0.000954500 0.000601500 0.000157740 0.000286930 0.000774490 0.000322000 0.001213210 0.000832850 0.000745300 0.000763750 0.000959430 0.002198480 0.001753820 0.000403640 0.001612080 0.000522800 0.000303820 0.000384660 0.001007760 0.001228800 0.000510780 0.000821700 
50     0.002080640 0.001356400 0.001253510 0.001329150 0.001691850 0.001930540 0.001291220 0.000709760 0.002096520 0.001022180 0.001246000 0.001512680 0.001897550 0.001495430 0.001688890 0.001610420 0.000542240 0.000974340 0.001293030 0.000722230 0.000590840 0.000488280 0.001259930 0.000192730 0.000000000 0.000001160 0.000001260 0.000229770 0.000371260 0.001076710 0.001017230 0.001220120 0.001250650 0.000974320 0.001142370 0.001335290 0.001343220 0.001742380 0.000957490 0.001981160 0.002326250 0.001448410 0.001064080 0.001484510 0.001022270 0.000895370 0.000603380 0.001660220 0.000706280 0.000729500 0.000709670 
32     0.000924650 0.001172470 0.001324730 0.000206370 0.000323530 0.000463670 0.000415170 0.001771240 0.001523760 0.001821580 0.001354600 0.001357750 0.001277740 0.000225800 0.000296630 0.000218160 0.000095580 0.000562620 0.000509890 0.001045020 0.001052080 0.000238910 0.000208660 0.000024790 0.000001160 0.000000000 0.000000100 0.000142770 0.000082790 0.000325860 0.000494600 0.001065190 0.001095720 0.000455780 0.000987440 0.001628860 0.001407460 0.001040630 0.000434480 0.002303220 0.001627050 0.001949040 0.001123490 0.001761550 0.001345060 0.000379930 0.000150270 0.001505290 0.001305360 0.001147220 0.000290560 
31     0.000932720 0.001706310 0.001065000 0.000328020 0.000345830 0.000455600 0.000437470 0.000959800 0.001577810 0.001878180 0.001396270 0.001399420 0.000499480 0.000356340 0.000323610 0.000245140 0.000130090 0.001201670 0.000553740 0.001105170 0.001093750 0.000279030 0.001146670 0.000008750 0.000001260 0.000000100 0.000000000 0.000156420 0.000295260 0.000478890 0.000647630 0.001106860 0.001037170 0.000277100 0.000606260 0.001699300 0.001653390 0.001348080 0.000494980 0.002293440 0.001884290 0.002009190 0.001255110 0.001803220 0.001405210 0.000472740 0.000540280 0.001546960 0.001503280 0.001366630 0.000341550 
48     0.001652220 0.000589040 0.001745550 0.001719260 0.001401190 0.000686190 0.000414570 0.000703490 0.001760880 0.000295250 0.000662280 0.000526440 0.001755630 0.001573050 0.001663440 0.001624080 0.001018730 0.001024160 0.001178650 0.000922450 0.000084640 0.000278540 0.000192350 0.000184310 0.000229770 0.000142770 0.000156420 0.000000000 0.000000000 0.000781440 0.000626390 0.000815570 0.000955380 0.000679050 0.000404450 0.001077750 0.001471380 0.001447110 0.001124950 0.001780860 0.000216100 0.001562460 0.001133900 0.001554330 0.001092090 0.000600100 0.000522610 0.001364950 0.001321270 0.000648730 0.000853340 
43     0.001168060 0.000564420 0.001475520 0.001725200 0.001295590 0.001641210 0.000368670 0.000287630 0.000449230 0.001675910 0.000559030 0.000438710 0.001172770 0.001578990 0.001547100 0.001468630 0.000425590 0.001030100 0.001184590 0.000676470 0.000476680 0.000223790 0.000137600 0.000135360 0.000371260 0.000082790 0.000295260 0.000000000 0.000000000 0.000787380 0.000974990 0.000930790 0.000961320 0.000684990 0.000853040 0.001245490 0.001477320 0.000699980 0.000387420 0.001510830 0.000161350 0.001298320 0.000887920 0.001308350 0.000846110 0.000606040 0.000317740 0.001277970 0.001074320 0.001343300 0.000632930 
45     0.001009040 0.001813230 0.002083220 0.001886120 0.001062170 0.001144250 0.001721840 0.000858980 0.000948200 0.001161050 0.001004750 0.001187200 0.000488020 0.001595380 0.001647440 0.001596250 0.001287540 0.000600820 0.000849350 0.000499730 0.000492860 0.000589950 0.000926420 0.000954500 0.001076710 0.000325860 0.000478890 0.000781440 0.000787380 0.000000000 0.000280210 0.000088370 0.000114180 0.000098780 0.000463000 0.001211700 0.001313250 0.000528260 0.000899540 0.001050670 0.001880920 0.000278150 0.000995110 0.001788070 0.001699660 0.000389640 0.000906490 0.001317210 0.000679510 0.000863120 0.001448990 
47     0.001868840 0.002016610 0.002310790 0.002113690 0.001425000 0.001448630 0.002046190 0.000745350 0.001979800 0.001474280 0.000850480 0.001269290 0.000717510 0.001728650 0.001786250 0.001920600 0.001550220 0.001098730 0.001173700 0.000979700 0.001143550 0.000914300 0.001250770 0.000601500 0.001017230 0.000494600 0.000647630 0.000626390 0.000974990 0.000280210 0.000000000 0.000267680 0.000024870 0.000605580 0.000230600 0.001644950 0.001637600 0.001372420 0.001223890 0.002031010 0.002066310 0.002253060 0.000000020 0.002015640 0.000677720 0.000617210 0.001715590 0.001759380 0.001003860 0.001187470 0.001676560 
38     0.001444200 0.001956640 0.001359380 0.002029530 0.001086200 0.001109830 0.001564730 0.001202380 0.001517120 0.001363300 0.001485040 0.001389450 0.000528960 0.001527580 0.001661800 0.001594120 0.000845460 0.000976630 0.001051600 0.000857600 0.001008860 0.000792200 0.001128670 0.000157740 0.001220120 0.001065190 0.001106860 0.000815570 0.000930790 0.000088370 0.000267680 0.000000000 0.000038260 0.000612000 0.000419780 0.001294370 0.001466300 0.000610930 0.001101790 0.001311490 0.001598120 0.000642650 0.000069540 0.000621130 0.000568660 0.000533050 0.001930010 0.001675220 0.000881760 0.001065370 0.001592400 
40     0.000456040 0.001987170 0.001111730 0.002060060 0.001247130 0.001270760 0.000860710 0.001534540 0.001393520 0.001395580 0.001555060 0.001421730 0.001056420 0.001542220 0.001676440 0.001608760 0.000580200 0.001008910 0.001083880 0.000889880 0.001053730 0.000824480 0.001160950 0.000286930 0.001250650 0.001095720 0.001037170 0.000955380 0.000961320 0.000114180 0.000024870 0.000038260 0.000000000 0.000622820 0.000429230 0.001476920 0.000910020 0.000634260 0.001134070 0.001198860 0.001775630 0.002199430 0.000024870 0.000650670 0.000574840 0.000563580 0.001649310 0.001116410 0.000914040 0.001097650 0.001040490 
28     0.001402750 0.000884720 0.001980830 0.001779320 0.000385050 0.000408680 0.001478320 0.001133840 0.001884780 0.000917530 0.000792400 0.000638670 0.000535080 0.000422680 0.001403920 0.001165010 0.001044020 0.000530860 0.000605830 0.000411830 0.000307710 0.000346430 0.000555140 0.000774490 0.000974320 0.000455780 0.000277100 0.000679050 0.000684990 0.000098780 0.000605580 0.000612000 0.000622820 0.000000000 0.000016580 0.001014690 0.001069730 0.001328500 0.000656020 0.001526390 0.001637400 0.001923100 0.001653670 0.001203040 0.001455920 0.000108870 0.001382210 0.001429420 0.000435990 0.000619600 0.001265030 
35     0.001319320 0.001365030 0.001847820 0.001793800 0.001721250 0.001828220 0.000701320 0.000973110 0.002052830 0.000995200 0.001179550 0.001021350 0.001243980 0.001429530 0.001178950 0.001394300 0.001121690 0.000608530 0.000683500 0.000489500 0.000653350 0.000424100 0.000760570 0.000322000 0.001142370 0.000987440 0.000606260 0.000404450 0.000853040 0.000463000 0.000230600 0.000419780 0.000429230 0.000016580 0.000000000 0.001051110 0.001147400 0.001156100 0.000733690 0.001537930 0.001715070 0.001091000 0.000519560 0.001814910 0.000419110 0.000502680 0.001393750 0.001597470 0.000513660 0.000697270 0.001514650 
6     0.001368830 0.000685380 0.000240580 0.002114450 0.001848850 0.002172320 0.001608450 0.001631300 0.002458850 0.001260770 0.001158750 0.001262350 0.001219100 0.001644530 0.001624040 0.001655190 0.000731460 0.000347670 0.000241420 0.000939210 0.001380880 0.001151630 0.001354350 0.001213210 0.001335290 0.001628860 0.001699300 0.001077750 0.001245490 0.001211700 0.001644950 0.001294370 0.001476920 0.001014690 0.001051110 0.000000000 0.000111110 0.000069380 0.000313800 0.000958480 0.000611530 0.000901470 0.001202020 0.001706530 0.001618120 0.000947910 0.000306630 0.000850280 0.000946930 0.001130540 0.001611390 
30     0.001520070 0.001414390 0.001152030 0.001430640 0.001705300 0.001151740 0.001982110 0.001945540 0.002058890 0.001476420 0.001449540 0.001455990 0.001091380 0.001811630 0.001171720 0.001167530 0.000905170 0.000770360 0.000539050 0.000359190 0.001267990 0.000884840 0.001099540 0.000832850 0.001343220 0.001407460 0.001653390 0.001471380 0.001477320 0.001313250 0.001637600 0.001466300 0.000910020 0.001069730 0.001147400 0.000111110 0.000000000 0.000003420 0.000408670 0.001393400 0.001483280 0.001058880 0.001274560 0.001306570 0.001218160 0.000940560 0.001305100 0.000709960 0.000939580 0.001123190 0.001211430 
13     0.001200510 0.001309870 0.000789750 0.001068360 0.000615540 0.001849580 0.001957840 0.000456980 0.002034620 0.001670360 0.001371560 0.001431460 0.001392680 0.000285700 0.000280160 0.000893920 0.000902150 0.000767340 0.000536030 0.000254670 0.001407950 0.000266100 0.000546450 0.000745300 0.001742380 0.001040630 0.001348080 0.001447110 0.000699980 0.000528260 0.001372420 0.000610930 0.000634260 0.001328500 0.001156100 0.000069380 0.000003420 0.000000000 0.000089110 0.000541700 0.001377630 0.001368100 0.001250290 0.001282300 0.001193890 0.001143640 0.000840330 0.000703130 0.000982360 0.001192660 0.000186970 
41     0.000912250 0.000752240 0.000748960 0.001924500 0.001064490 0.001982410 0.001623500 0.000914660 0.000200890 0.001062710 0.000650070 0.000709970 0.000357130 0.001148250 0.001212570 0.001320330 0.000560900 0.000281200 0.000356170 0.000471470 0.000387250 0.000546560 0.000625760 0.000763750 0.000957490 0.000434480 0.000494980 0.001124950 0.000387420 0.000899540 0.001223890 0.001101790 0.001134070 0.000656020 0.000733690 0.000313800 0.000408670 0.000089110 0.000000000 0.001725630 0.001724780 0.001039320 0.000510640 0.000707300 0.000916330 0.000543290 0.000990020 0.001078020 0.000542310 0.000725920 0.000488340 
26     0.001889860 0.001103440 0.001309510 0.001084160 0.001023340 0.001216990 0.000858080 0.000192130 0.001421520 0.000546550 0.000580610 0.000580170 0.000679180 0.001202140 0.000800870 0.000735660 0.000542470 0.001183540 0.001376060 0.001793550 0.000722270 0.001640160 0.000370350 0.000959430 0.001981160 0.002303220 0.002293440 0.001780860 0.001510830 0.001050670 0.002031010 0.001311490 0.001198860 0.001526390 0.001537930 0.000958480 0.001393400 0.000541700 0.001725630 0.000000000 0.002360730 0.000771920 0.002011800 0.001454700 0.000537440 0.000145140 0.000261420 0.001082290 0.000283160 0.000676170 0.001948670 
24     0.000176000 0.002430920 0.001562010 0.002517440 0.000382760 0.000282240 0.001776030 0.001352010 0.001695930 0.001239660 0.000701560 0.000565720 0.002292570 0.000927780 0.001347050 0.000984830 0.000761540 0.001418590 0.001246770 0.001210640 0.000669210 0.000232840 0.000146650 0.002198480 0.002326250 0.001627050 0.001884290 0.000216100 0.000161350 0.001880920 0.002066310 0.001598120 0.001775630 0.001637400 0.001715070 0.000611530 0.001483280 0.001377630 0.001724780 0.002360730 0.000000000 0.001318370 0.001001780 0.001230330 0.000200360 0.000304870 0.001742780 0.000876750 0.001382130 0.001053060 0.001771030 
36     0.001107990 0.002272200 0.002052980 0.001000590 0.000324300 0.000342980 0.002369360 0.001765860 0.002187360 0.000219420 0.001840090 0.001843240 0.001544740 0.001926180 0.000321260 0.000298450 0.001846820 0.001489230 0.001778400 0.001835460 0.001363450 0.001426270 0.000838020 0.001753820 0.001448410 0.001949040 0.002009190 0.001562460 0.001298320 0.000278150 0.002253060 0.000642650 0.002199430 0.001923100 0.001091000 0.000901470 0.001058880 0.001368100 0.001039320 0.000771920 0.001318370 0.000000000 0.000130590 0.000030040 0.000000410 0.000277210 0.001570430 0.000869830 0.001188410 0.000873150 0.000215160 
23     0.000590510 0.001333830 0.002272760 0.001014790 0.001903650 0.001084400 0.002099930 0.002063360 0.001656470 0.001682170 0.001570660 0.001573810 0.002112030 0.001784290 0.002019840 0.001980480 0.001577390 0.001354480 0.001508970 0.000619800 0.000484200 0.001206630 0.000794590 0.000403640 0.001064080 0.001123490 0.001255110 0.001133900 0.000887920 0.000995110 0.000000020 0.000069540 0.000024870 0.001653670 0.000519560 0.001202020 0.001274560 0.001250290 0.000510640 0.002011800 0.001001780 0.000130590 0.000000000 0.000101560 0.000020340 0.000764360 0.000912010 0.000105900 0.001002530 0.001212830 0.000150850 
5     0.000342010 0.000288400 0.001506680 0.001607630 0.001082640 0.002023680 0.002131940 0.002095370 0.000934450 0.001140310 0.001602670 0.001605820 0.001642200 0.001961460 0.001268210 0.002012490 0.001609400 0.001386490 0.001540980 0.001693720 0.001100280 0.001163100 0.000856810 0.001612080 0.001484510 0.001761550 0.001803220 0.001554330 0.001308350 0.001788070 0.002015640 0.000621130 0.000650670 0.001203040 0.001814910 0.001706530 0.001306570 0.001282300 0.000707300 0.001454700 0.001230330 0.000030040 0.000101560 0.000000000 0.000065900 0.001266860 0.001333010 0.001078220 0.000862490 0.000927460 0.000165950 
22     0.000609530 0.000558620 0.001775230 0.001105390 0.001847250 0.001935270 0.000749430 0.001189290 0.001153740 0.001996170 0.001514260 0.001517410 0.002055630 0.001873050 0.001963440 0.001924080 0.001520990 0.000885730 0.001252680 0.001231480 0.000901670 0.001007710 0.001445900 0.000522800 0.001022270 0.001345060 0.001405210 0.001092090 0.000846110 0.001699660 0.000677720 0.000568660 0.000574840 0.001455920 0.000419110 0.001618120 0.001218160 0.001193890 0.000916330 0.000537440 0.000200360 0.000000410 0.000020340 0.000065900 0.000000000 0.000204140 0.001244600 0.000989810 0.000647010 0.001156430 0.001272850 
44     0.000696540 0.000970660 0.001178140 0.001217680 0.000685030 0.000463540 0.001144220 0.001007500 0.000907210 0.000513600 0.000442870 0.000442430 0.000333140 0.000666010 0.000663130 0.000523910 0.000931290 0.000146390 0.000038510 0.000299100 0.000740770 0.000177100 0.000847990 0.000303820 0.000895370 0.000379930 0.000472740 0.000600100 0.000606040 0.000389640 0.000617210 0.000533050 0.000563580 0.000108870 0.000502680 0.000947910 0.000940560 0.001143640 0.000543290 0.000145140 0.000304870 0.000277210 0.000764360 0.001266860 0.000204140 0.000000000 0.001378570 0.000008880 0.000293320 0.000476930 0.000238090 
37     0.002046930 0.000287160 0.000586680 0.001486050 0.000529680 0.000772370 0.002118710 0.000069730 0.002207250 0.001611610 0.001594310 0.001104990 0.002142570 0.001959990 0.002050380 0.002011020 0.001607930 0.001385020 0.001539510 0.000971850 0.000769540 0.001814770 0.001532840 0.000384660 0.000603380 0.000150270 0.000540280 0.000522610 0.000317740 0.000906490 0.001715590 0.001930010 0.001649310 0.001382210 0.001393750 0.000306630 0.001305100 0.000840330 0.000990020 0.000261420 0.001742780 0.001570430 0.000912010 0.001333010 0.001244600 0.001378570 0.000000000 0.000503310 0.000586600 0.000373880 0.000879210 
20     0.000705360 0.001650300 0.001637210 0.001851410 0.000496990 0.000102680 0.001792530 0.000984100 0.000431480 0.001442790 0.001346410 0.001349560 0.001887780 0.001705200 0.001795590 0.001756230 0.000721560 0.001059090 0.001219220 0.000166360 0.001589190 0.001559980 0.001278050 0.001007760 0.001660220 0.001505290 0.001546960 0.001364950 0.001277970 0.001317210 0.001759380 0.001675220 0.001116410 0.001429420 0.001597470 0.000850280 0.000709960 0.000703130 0.001078020 0.001082290 0.000876750 0.000869830 0.000105900 0.001078220 0.000989810 0.000008880 0.000503310 0.000000000 0.000013400 0.000178670 0.000777380 
16     0.001836750 0.001020400 0.001929820 0.001704470 0.001237700 0.001480390 0.001246420 0.000868120 0.000040870 0.000842680 0.001027030 0.000868830 0.000475120 0.001277010 0.001329070 0.001277880 0.000930310 0.000417150 0.000492120 0.000298120 0.000553720 0.000510540 0.000031260 0.001228800 0.000706280 0.001305360 0.001503280 0.001321270 0.001074320 0.000679510 0.001003860 0.000881760 0.000914040 0.000435990 0.000513660 0.000946930 0.000939580 0.000982360 0.000542310 0.000283160 0.001382130 0.001188410 0.001002530 0.000862490 0.000647010 0.000293320 0.000586600 0.000013400 0.000000000 0.000081180 0.000891000 
19     0.001065040 0.000423710 0.001508100 0.001794550 0.001624040 0.001866730 0.001587080 0.001021270 0.001739780 0.001026290 0.001210640 0.001052440 0.001413680 0.001460620 0.001512680 0.001461490 0.000891620 0.000600760 0.000675730 0.000481730 0.000923400 0.000694150 0.000758040 0.000510780 0.000729500 0.001147220 0.001366630 0.000648730 0.001343300 0.000863120 0.001187470 0.001065370 0.001097650 0.000619600 0.000697270 0.001130540 0.001123190 0.001192660 0.000725920 0.000676170 0.001053060 0.000873150 0.001212830 0.000927460 0.001156430 0.000476930 0.000373880 0.000178670 0.000081180 0.000000000 0.001271620 
0     0.000384340 0.000671520 0.000903560 0.000878760 0.000860140 0.001247940 0.001315850 0.001115280 0.001190570 0.001745500 0.000473690 0.000717570 0.001804960 0.001622380 0.001712770 0.001673410 0.001019420 0.001047410 0.001174340 0.000791120 0.001506370 0.000028650 0.000306530 0.000821700 0.000709670 0.000290560 0.000341550 0.000853340 0.000632930 0.001448990 0.001676560 0.001592400 0.001040490 0.001265030 0.001514650 0.001611390 0.001211430 0.000186970 0.000488340 0.001948670 0.001771030 0.000215160 0.000150850 0.000165950 0.001272850 0.000238090 0.000879210 0.000777380 0.000891000 0.001271620 0.000000000 
