51
12     0.000000000 0.000000010 0.001309150 0.000925310 0.001493280 0.001369300 0.001564060 0.002010790 0.001552710 0.001645380 0.001642980 0.001516810 0.001302230 0.001275550 0.001288670 0.001247050 0.000443420 0.000450420 0.000903270 0.000663200 0.000337590 0.001692670 0.001555800 0.001078530 0.001040950 0.001226680 0.001915930 0.002029880 0.002170060 0.001478520 0.002009420 0.001641320 0.000681600 0.001562850 0.001682630 0.001296910 0.001455800 0.001509250 0.000239830 0.000607950 0.001414670 0.000054130 0.001847930 0.000488540 0.001149160 0.000330970 0.001530980 0.001454540 0.001132400 0.000784860 0.001432710 
23     0.000000010 0.000000000 0.001629210 0.001629720 0.001008260 0.001369310 0.000517090 0.002162930 0.001704850 0.000564180 0.001795120 0.000995080 0.001302240 0.001954890 0.001960910 0.000221260 0.000467560 0.000307420 0.000042790 0.000815340 0.000337470 0.000568670 0.001707940 0.000581000 0.000258320 0.001174150 0.002068070 0.001652990 0.002322200 0.000190160 0.002161560 0.001793460 0.001644550 0.001714990 0.000370140 0.001952780 0.002077100 0.001661390 0.002022780 0.001569450 0.001566810 0.001727290 0.002000070 0.000488420 0.001802540 0.000330850 0.001584210 0.002223300 0.001561810 0.001288240 0.000885390 
21     0.001309150 0.001629210 0.000000000 0.000001530 0.000059030 0.000125210 0.000113430 0.000430540 0.000362080 0.000895160 0.000452350 0.000326180 0.000880100 0.000973810 0.000594480 0.000871620 0.001510270 0.001414450 0.001642190 0.001444910 0.000878270 0.001307970 0.001328290 0.000851020 0.000813440 0.000999170 0.001616240 0.000455950 0.001870370 0.001178830 0.001588200 0.001341630 0.001192720 0.001263160 0.001382940 0.000853010 0.001064550 0.001209560 0.001570950 0.001117620 0.001114980 0.001275460 0.001511970 0.001586150 0.000655320 0.001371170 0.001231290 0.001771470 0.001109980 0.001109370 0.000919130 
24     0.000925310 0.001629720 0.000001530 0.000000000 0.000065980 0.000075260 0.000063480 0.000831900 0.000333730 0.000963440 0.000452860 0.000326690 0.000560090 0.000923860 0.000975590 0.000821670 0.001314040 0.000690720 0.001571690 0.001445420 0.001233370 0.001465670 0.001328800 0.000851530 0.000813950 0.000999680 0.001616750 0.000571400 0.001870880 0.001112870 0.001710240 0.001342140 0.001193230 0.001263670 0.001226070 0.000859480 0.001071020 0.001210070 0.001571460 0.000658430 0.000730690 0.000653580 0.001462020 0.001586660 0.001076580 0.001371680 0.001231800 0.001317060 0.001110490 0.001109880 0.000869180 
15     0.001493280 0.001008260 0.000059030 0.000065980 0.000000000 0.000145970 0.000205580 0.000570760 0.000378290 0.000270450 0.000468560 0.000342390 0.000579070 0.001065960 0.001117690 0.000523510 0.001017380 0.001653270 0.000239900 0.000576180 0.000844470 0.001481370 0.001344500 0.000867230 0.000829650 0.001015380 0.001632450 0.001746400 0.001886580 0.001195040 0.001725940 0.001357840 0.001208930 0.001279370 0.001399150 0.001239910 0.001641480 0.001225770 0.001587160 0.001091480 0.001131190 0.000138940 0.000856470 0.001602360 0.001366920 0.001387380 0.001247500 0.001787680 0.000933560 0.001125580 0.001011280 
10     0.001369300 0.001369310 0.000125210 0.000075260 0.000145970 0.000000000 0.000001960 0.000380490 0.000239830 0.000579760 0.000444850 0.000318680 0.000177990 0.000872340 0.000924070 0.000122430 0.001558750 0.001629560 0.000553950 0.001437410 0.001284160 0.001457660 0.000449360 0.000843520 0.000805940 0.000991670 0.001608740 0.001722690 0.000048580 0.001171330 0.001702230 0.001334130 0.001185220 0.001255660 0.001375440 0.001626270 0.001617770 0.001202060 0.001563450 0.000994170 0.001107480 0.001267960 0.000395150 0.001578650 0.001343210 0.001363670 0.000847860 0.001763970 0.001102480 0.000733280 0.000817660 
6     0.001564060 0.000517090 0.000113430 0.000063480 0.000205580 0.000001960 0.000000000 0.000578090 0.000270590 0.001049920 0.000539340 0.000122510 0.000967090 0.000860560 0.000912290 0.000264610 0.001000890 0.001097390 0.001051580 0.001531900 0.001378650 0.001552150 0.001415280 0.000938010 0.000900430 0.001086160 0.001703230 0.001817180 0.001957360 0.001265820 0.000370270 0.000513700 0.001279710 0.001350150 0.001262260 0.001720760 0.001712260 0.001246850 0.001657940 0.001201640 0.001201970 0.000400400 0.000143970 0.001673140 0.001437700 0.001458160 0.001318280 0.001788020 0.001196970 0.001196360 0.000805880 
4     0.002010790 0.002162930 0.000430540 0.000831900 0.000570760 0.000380490 0.000578090 0.000000000 0.000763220 0.000776950 0.001033920 0.001614410 0.001092890 0.000646780 0.000974220 0.001427850 0.001379120 0.002127930 0.001182830 0.000381760 0.000962910 0.001768310 0.001248980 0.001384740 0.001347160 0.001532890 0.000345820 0.000366540 0.000245650 0.000581330 0.000047070 0.000689920 0.001304920 0.000844150 0.001495140 0.000388860 0.000202870 0.000506530 0.001683150 0.001229820 0.001227180 0.000318420 0.001617740 0.000789650 0.000224410 0.001020630 0.001300790 0.001840970 0.001179480 0.001178870 0.001245220 
20     0.001552710 0.001704850 0.000362080 0.000333730 0.000378290 0.000239830 0.000270590 0.000763220 0.000000000 0.000491550 0.000102920 0.000061380 0.000955740 0.001195940 0.000138340 0.000896550 0.001641890 0.001712700 0.001615130 0.001520550 0.001367300 0.001540800 0.001403930 0.000926660 0.000889080 0.000550960 0.001691880 0.001805830 0.001946010 0.001254470 0.001785370 0.001417270 0.001268360 0.001338800 0.001458580 0.001709410 0.001700910 0.000868960 0.001646590 0.000979650 0.001190620 0.001351100 0.001623880 0.001661790 0.001426350 0.001446810 0.001306930 0.001847110 0.000575420 0.000795240 0.001208660 
26     0.001645380 0.000564180 0.000895160 0.000963440 0.000270450 0.000579760 0.001049920 0.000776950 0.000491550 0.000000000 0.000202970 0.000537920 0.000158530 0.000242900 0.000224290 0.000357530 0.001450450 0.001315870 0.000106400 0.000218060 0.001459970 0.001244560 0.000077960 0.000753060 0.000417120 0.001167480 0.000945780 0.000371770 0.001062920 0.000770860 0.000633370 0.001446890 0.000473410 0.000461180 0.000066240 0.001802080 0.000446610 0.001377870 0.001739260 0.001285930 0.001283290 0.001443770 0.000579340 0.000723400 0.001519020 0.001148800 0.001399600 0.001939780 0.001278290 0.001277680 0.001301330 
9     0.001642980 0.001795120 0.000452350 0.000452860 0.000468560 0.000444850 0.000539340 0.001033920 0.000102920 0.000202970 0.000000000 0.000053090 0.000192950 0.001286210 0.001292230 0.001306870 0.001732160 0.000676180 0.001850890 0.000138410 0.001457570 0.000627020 0.000654610 0.001016930 0.000979350 0.001165080 0.001782150 0.001896100 0.002036280 0.001344740 0.001875640 0.001507540 0.001358630 0.000377340 0.000839930 0.001799680 0.001791180 0.000549640 0.001736860 0.001061750 0.001280890 0.001441370 0.001714150 0.001469330 0.001516620 0.001537080 0.001397200 0.001170740 0.001275890 0.001275280 0.001298930 
13     0.001516810 0.000995080 0.000326180 0.000326690 0.000342390 0.000318680 0.000122510 0.001614410 0.000061380 0.000537920 0.000053090 0.000000000 0.000344350 0.000855960 0.000264050 0.000380490 0.001605990 0.001569860 0.001724720 0.000525690 0.001331400 0.001504900 0.000981240 0.000890760 0.000853180 0.001038910 0.001655980 0.001769930 0.001910110 0.001218570 0.001749470 0.000751650 0.000752210 0.001302900 0.000664620 0.001673510 0.001665010 0.000666570 0.001110740 0.000214870 0.000168020 0.000641390 0.001587980 0.001625890 0.001390450 0.001410910 0.001271030 0.001811210 0.001149720 0.001149110 0.001172760 
3     0.001302230 0.001302240 0.000880100 0.000560090 0.000579070 0.000177990 0.000967090 0.001092890 0.000955740 0.000158530 0.000192950 0.000344350 0.000000000 0.000313420 0.000321920 0.000055740 0.001093150 0.001231280 0.001770460 0.000692700 0.001377140 0.000330120 0.001413770 0.000936500 0.000898920 0.001084650 0.001701720 0.001815670 0.001955850 0.000858350 0.001795210 0.000745360 0.000278540 0.000894580 0.000699790 0.001719250 0.001710750 0.000241580 0.001656430 0.001099200 0.001200460 0.001091030 0.001509190 0.001671630 0.001245230 0.001456650 0.001316770 0.001856950 0.001195460 0.001194850 0.001002250 
5     0.001275550 0.001954890 0.000973810 0.000923860 0.001065960 0.000872340 0.000860560 0.000646780 0.001195940 0.000242900 0.001286210 0.000855960 0.000313420 0.000000000 0.000000120 0.000094140 0.001380430 0.000169290 0.000712880 0.000396970 0.001617340 0.000977500 0.001653970 0.001176700 0.000615560 0.001324850 0.001125080 0.002055870 0.001885470 0.001504510 0.002035410 0.001017210 0.001272960 0.001588840 0.001612110 0.001959450 0.001950950 0.001535240 0.001896630 0.001443300 0.001440660 0.001601140 0.001445160 0.001911830 0.001676390 0.001048760 0.000859960 0.001899120 0.000445910 0.000581470 0.000227210 
2     0.001288670 0.001960910 0.000594480 0.000975590 0.001117690 0.000924070 0.000912290 0.000974220 0.000138340 0.000224290 0.001292230 0.000264050 0.000321920 0.000000120 0.000000000 0.000100160 0.001361820 0.001227240 0.000604850 0.000502320 0.000022730 0.000991400 0.001504120 0.001182720 0.000467450 0.001330870 0.001947940 0.002061890 0.001807700 0.001510530 0.002041430 0.001014910 0.000827860 0.001450940 0.001714640 0.001965470 0.001956970 0.001541260 0.001902650 0.001449320 0.001446680 0.001607160 0.001496890 0.001917850 0.000327590 0.001702870 0.000991980 0.001914650 0.001441680 0.000504110 0.000904050 
11     0.001247050 0.000221260 0.000871620 0.000821670 0.000523510 0.000122430 0.000264610 0.001427850 0.000896550 0.000357530 0.001306870 0.000380490 0.000055740 0.000094140 0.000100160 0.000000000 0.001866820 0.000607350 0.002031320 0.000755980 0.001638000 0.001067220 0.001117820 0.001197360 0.001159780 0.000254650 0.001962580 0.001903020 0.001025580 0.001525170 0.002056070 0.000297970 0.001539060 0.001609500 0.001729280 0.001851410 0.001971610 0.000384650 0.001917290 0.000384040 0.001461320 0.001519920 0.000646380 0.001932490 0.001355120 0.001376260 0.001577630 0.002117810 0.001456320 0.001455710 0.000750130 
22     0.000443420 0.000467560 0.001510270 0.001314040 0.001017380 0.001558750 0.001000890 0.001379120 0.001641890 0.001450450 0.001732160 0.001605990 0.001093150 0.001380430 0.001361820 0.001866820 0.000000000 0.000012480 0.000390420 0.000700990 0.001071690 0.000285490 0.001717160 0.001239890 0.001120380 0.001041850 0.001583590 0.001665670 0.001837720 0.001146180 0.001677080 0.000839000 0.000690090 0.000655690 0.000775470 0.001089670 0.001592620 0.000845310 0.001206700 0.000507520 0.000750730 0.000772830 0.000303410 0.001217320 0.001318060 0.001338520 0.001198640 0.001295010 0.000403750 0.001015410 0.000944710 
17     0.000450420 0.000307420 0.001414450 0.000690720 0.001653270 0.001629560 0.001097390 0.002127930 0.001712700 0.001315870 0.000676180 0.001569860 0.001231280 0.000169290 0.001227240 0.000607350 0.000012480 0.000000000 0.000243070 0.000373330 0.001555610 0.001852660 0.001715790 0.001238520 0.000916170 0.000648460 0.002075920 0.002189870 0.000159050 0.001638510 0.002169410 0.001801310 0.001652400 0.001663860 0.001803640 0.002093450 0.002084950 0.001669240 0.002030630 0.001520350 0.001574660 0.001735140 0.001948470 0.002045830 0.001810390 0.001830850 0.001690970 0.001365100 0.001569660 0.001569050 0.001592700 
25     0.000903270 0.000042790 0.001642190 0.001571690 0.000239900 0.000553950 0.001051580 0.001182830 0.001615130 0.000106400 0.001850890 0.001724720 0.001770460 0.000712880 0.000604850 0.002031320 0.000390420 0.000243070 0.000000000 0.000303650 0.001811820 0.001900580 0.000906550 0.001286440 0.000963820 0.001122870 0.002123840 0.002237790 0.002377970 0.001686430 0.001084260 0.001424360 0.001700320 0.000204710 0.000653450 0.000472430 0.001499670 0.001717160 0.001365980 0.000040370 0.001622580 0.001384180 0.000445700 0.001215660 0.001129470 0.001878770 0.000504230 0.002279070 0.001617580 0.000572000 0.001421030 
19     0.000663200 0.000815340 0.001444910 0.001445420 0.000576180 0.001437410 0.001531900 0.000381760 0.001520550 0.000218060 0.000138410 0.000525690 0.000692700 0.000396970 0.000502320 0.000755980 0.000700990 0.000373330 0.000303650 0.000000000 0.000344860 0.001660510 0.000230770 0.001046370 0.000883910 0.001194520 0.001883770 0.001768180 0.002137900 0.001338670 0.000256300 0.001609160 0.001460250 0.001530690 0.001650470 0.001865420 0.001892800 0.000145340 0.000742300 0.001385150 0.001382510 0.001542990 0.001438710 0.001853680 0.000883570 0.001246670 0.001367240 0.001419090 0.001216820 0.000641840 0.001247980 
18     0.000337590 0.000337470 0.000878270 0.001233370 0.000844470 0.001284160 0.001378650 0.000962910 0.001367300 0.001459970 0.001457570 0.001331400 0.001377140 0.001617340 0.000022730 0.001638000 0.001071690 0.001555610 0.001811820 0.000344860 0.000000000 0.000552890 0.000897370 0.000977860 0.000940280 0.000803940 0.001743080 0.001755950 0.000693530 0.001305670 0.001225780 0.000287720 0.001155840 0.000221410 0.001164640 0.000315000 0.001059610 0.001336400 0.001166130 0.001244460 0.001241820 0.000629560 0.000531890 0.000165910 0.001477550 0.000008340 0.001358130 0.000284940 0.001236820 0.001236210 0.001259860 
7     0.001692670 0.000568670 0.001307970 0.001465670 0.001481370 0.001457660 0.001552150 0.001768310 0.001540800 0.001244560 0.000627020 0.001504900 0.000330120 0.000977500 0.000991400 0.001067220 0.000285490 0.001852660 0.001900580 0.001660510 0.000552890 0.000000000 0.000008850 0.000984260 0.000560510 0.000066560 0.001904020 0.002017970 0.002158150 0.001466610 0.001061750 0.001629410 0.000901790 0.000581040 0.001271740 0.001051860 0.000827930 0.001497340 0.001858730 0.001405400 0.001402760 0.001563240 0.001836020 0.001873930 0.001638490 0.001658950 0.001326090 0.000890720 0.001025350 0.001397150 0.001010770 
8     0.001555800 0.001707940 0.001328290 0.001328800 0.001344500 0.000449360 0.001415280 0.001248980 0.001403930 0.000077960 0.000654610 0.000981240 0.001413770 0.001653970 0.001504120 0.001117820 0.001717160 0.001715790 0.000906550 0.000230770 0.000897370 0.000008850 0.000000000 0.000847390 0.000781730 0.000342830 0.001668060 0.001636640 0.002006950 0.001329740 0.000800280 0.001492540 0.000640320 0.000305200 0.001010270 0.001784680 0.000566460 0.000695770 0.001721860 0.001268530 0.001265890 0.001426370 0.000235960 0.000002600 0.001501620 0.001522080 0.001382200 0.001252340 0.000408870 0.001260280 0.001283930 
14     0.001078530 0.000581000 0.000851020 0.000851530 0.000867230 0.000843520 0.000938010 0.001384740 0.000926660 0.000753060 0.001016930 0.000890760 0.000936500 0.001176700 0.001182720 0.001197360 0.001239890 0.001238520 0.001286440 0.001046370 0.000977860 0.000984260 0.000847390 0.000000000 0.000033870 0.000130640 0.001289880 0.001403830 0.000918150 0.000852470 0.000149870 0.000441060 0.000145210 0.000329520 0.000780240 0.001307410 0.000383490 0.000883200 0.001208950 0.000512830 0.000602490 0.000949100 0.001221880 0.001139800 0.001024350 0.000141600 0.000904930 0.001445110 0.000783620 0.000783010 0.000806660 
1     0.001040950 0.000258320 0.000813440 0.000813950 0.000829650 0.000805940 0.000900430 0.001347160 0.000889080 0.000417120 0.000979350 0.000853180 0.000898920 0.000615560 0.000467450 0.001159780 0.001120380 0.000916170 0.000963820 0.000883910 0.000940280 0.000560510 0.000781730 0.000033870 0.000000000 0.000428800 0.001252300 0.001366250 0.001506430 0.000406050 0.000863490 0.000977690 0.000828780 0.000899220 0.001019000 0.000533600 0.001261330 0.000845620 0.001207010 0.000623810 0.000630540 0.000911520 0.001184300 0.001222210 0.000986770 0.001007230 0.000275160 0.000314060 0.000095510 0.000745430 0.000769080 
16     0.001226680 0.001174150 0.000999170 0.000999680 0.001015380 0.000991670 0.001086160 0.001532890 0.000550960 0.001167480 0.001165080 0.001038910 0.001084650 0.001324850 0.001330870 0.000254650 0.001041850 0.000648460 0.001122870 0.001194520 0.000803940 0.000066560 0.000342830 0.000130640 0.000428800 0.000000000 0.001438030 0.000947440 0.001692160 0.000160520 0.001521070 0.001163420 0.000888290 0.001084950 0.001204730 0.001455560 0.000510720 0.001031350 0.001392740 0.000893840 0.000894710 0.001097250 0.001370030 0.001086280 0.001172500 0.001192960 0.000327490 0.001312760 0.000613620 0.000931160 0.000942930 
37     0.001915930 0.002068070 0.001616240 0.001616750 0.001632450 0.001608740 0.001703230 0.000345820 0.001691880 0.000945780 0.001782150 0.001655980 0.001701720 0.001125080 0.001947940 0.001962580 0.001583590 0.002075920 0.002123840 0.001883770 0.001743080 0.001904020 0.001668060 0.001289880 0.001252300 0.001438030 0.000000000 0.000000150 0.000371760 0.000022520 0.000753390 0.001358970 0.001210060 0.001201120 0.000972380 0.000799110 0.000555200 0.001226900 0.001588290 0.001134960 0.000912870 0.000653190 0.000820930 0.000487080 0.001325350 0.000912480 0.001205930 0.001075570 0.001084620 0.001084010 0.000884300 
34     0.002029880 0.001652990 0.000455950 0.000571400 0.001746400 0.001722690 0.001817180 0.000366540 0.001805830 0.000371770 0.001896100 0.001769930 0.001815670 0.002055870 0.002061890 0.001903020 0.001665670 0.002189870 0.002237790 0.001768180 0.001755950 0.002017970 0.001636640 0.001403830 0.001366250 0.000947440 0.000000150 0.000000000 0.000522600 0.000022670 0.000867340 0.001472920 0.000254920 0.000822560 0.001022110 0.000913060 0.000449500 0.001340850 0.001702240 0.001248910 0.001246270 0.000614830 0.000989800 0.000536810 0.001439300 0.000962210 0.000398940 0.001124810 0.001198570 0.001197960 0.001264310 
46     0.002170060 0.002322200 0.001870370 0.001870880 0.001886580 0.000048580 0.001957360 0.000245650 0.001946010 0.001062920 0.002036280 0.001910110 0.001955850 0.001885470 0.001807700 0.001025580 0.001837720 0.000159050 0.002377970 0.002137900 0.000693530 0.002158150 0.002006950 0.000918150 0.001506430 0.001692160 0.000371760 0.000522600 0.000000000 0.000132860 0.000244280 0.000268770 0.000039770 0.000947680 0.000427900 0.001053240 0.001044740 0.001030740 0.001206110 0.001389090 0.001386450 0.000170020 0.001270620 0.000604220 0.000932160 0.001029620 0.001002730 0.002000240 0.001081560 0.001338140 0.001404490 
28     0.001478520 0.000190160 0.001178830 0.001112870 0.001195040 0.001171330 0.001265820 0.000581330 0.001254470 0.000770860 0.001344740 0.001218570 0.000858350 0.001504510 0.001510530 0.001525170 0.001146180 0.001638510 0.001686430 0.001338670 0.001305670 0.001466610 0.001329740 0.000852470 0.000406050 0.000160520 0.000022520 0.000022670 0.000132860 0.000000000 0.000579960 0.000608040 0.000772650 0.000791070 0.000797460 0.000504000 0.000257440 0.000017780 0.000134400 0.000558370 0.000565100 0.000855390 0.001085470 0.000478420 0.000887940 0.000903820 0.000768520 0.001214720 0.000459470 0.000646600 0.000712950 
43     0.002009420 0.002161560 0.001588200 0.001710240 0.001725940 0.001702230 0.000370270 0.000047070 0.001785370 0.000633370 0.001875640 0.001749470 0.001795210 0.002035410 0.002041430 0.002056070 0.001677080 0.002169410 0.001084260 0.000256300 0.001225780 0.001061750 0.000800280 0.000149870 0.000863490 0.001521070 0.000753390 0.000867340 0.000244280 0.000579960 0.000000000 0.000457660 0.000128870 0.000209830 0.000660550 0.000821640 0.000263800 0.001320390 0.000600490 0.001228450 0.001225810 0.001386290 0.000451980 0.001317710 0.001418840 0.001261630 0.001299420 0.000291990 0.001178110 0.001177500 0.000450890 
50     0.001641320 0.001793460 0.001341630 0.001342140 0.001357840 0.001334130 0.000513700 0.000689920 0.001417270 0.001446890 0.001507540 0.000751650 0.000745360 0.001017210 0.001014910 0.000297970 0.000839000 0.001801310 0.001424360 0.001609160 0.000287720 0.001629410 0.001492540 0.000441060 0.000977690 0.001163420 0.001358970 0.001472920 0.000268770 0.000608040 0.000457660 0.000000000 0.000129630 0.000535910 0.000655690 0.000710240 0.001077320 0.000620690 0.000696500 0.000528750 0.000526110 0.000391650 0.001290970 0.001328880 0.001093440 0.001113900 0.000791210 0.001514200 0.000852710 0.000852100 0.000720090 
40     0.000681600 0.001644550 0.001192720 0.001193230 0.001208930 0.001185220 0.001279710 0.001304920 0.001268360 0.000473410 0.001358630 0.000752210 0.000278540 0.001272960 0.000827860 0.001539060 0.000690090 0.001652400 0.001700320 0.001460250 0.001155840 0.000901790 0.000640320 0.000145210 0.000828780 0.000888290 0.001210060 0.000254920 0.000039770 0.000772650 0.000128870 0.000129630 0.000000000 0.000049870 0.000500590 0.001156760 0.000103840 0.000471780 0.000833170 0.000379840 0.000377200 0.000242740 0.001142060 0.001157750 0.000658540 0.000964990 0.000825110 0.001365290 0.000703800 0.000086950 0.000571180 
48     0.001562850 0.001714990 0.001263160 0.001263670 0.001279370 0.001255660 0.001350150 0.000844150 0.001338800 0.000461180 0.000377340 0.001302900 0.000894580 0.001588840 0.001450940 0.001609500 0.000655690 0.001663860 0.000204710 0.001530690 0.000221410 0.000581040 0.000305200 0.000329520 0.000899220 0.001084950 0.001201120 0.000822560 0.000947680 0.000791070 0.000209830 0.000535910 0.000049870 0.000000000 0.000119980 0.001283020 0.000091610 0.000542220 0.000903610 0.000450280 0.000447640 0.000230060 0.001212500 0.001018140 0.001014970 0.001035430 0.000895550 0.000418520 0.000341370 0.000773630 0.000641620 
29     0.001682630 0.000370140 0.001382940 0.001226070 0.001399150 0.001375440 0.001262260 0.001495140 0.001458580 0.000066240 0.000839930 0.000664620 0.000699790 0.001612110 0.001714640 0.001729280 0.000775470 0.001803640 0.000653450 0.001650470 0.001164640 0.001271740 0.001010270 0.000780240 0.001019000 0.001204730 0.000972380 0.001022110 0.000427900 0.000797460 0.000660550 0.000655690 0.000500590 0.000119980 0.000000000 0.000028980 0.000473790 0.000662000 0.000419270 0.000570060 0.000567420 0.000110780 0.001084810 0.000750000 0.000993910 0.001155210 0.001015330 0.001520840 0.000894020 0.000893410 0.000761400 
39     0.001296910 0.001952780 0.000853010 0.000859480 0.001239910 0.001626270 0.001720760 0.000388860 0.001709410 0.001802080 0.001799680 0.001673510 0.001719250 0.001959450 0.001965470 0.001851410 0.001089670 0.002093450 0.000472430 0.001865420 0.000315000 0.001051860 0.001784680 0.001307410 0.000533600 0.001455560 0.000799110 0.000913060 0.001053240 0.000504000 0.000821640 0.000710240 0.001156760 0.001283020 0.000028980 0.000000000 0.000287010 0.001244430 0.000005480 0.001152490 0.001149850 0.001310330 0.001540410 0.000495690 0.001342880 0.001363340 0.000760610 0.001040780 0.000338800 0.000883880 0.001167890 
47     0.001455800 0.002077100 0.001064550 0.001071020 0.001641480 0.001617770 0.001712260 0.000202870 0.001700910 0.000446610 0.001791180 0.001665010 0.001710750 0.001950950 0.001956970 0.001971610 0.001592620 0.002084950 0.001499670 0.001892800 0.001059610 0.000827930 0.000566460 0.000383490 0.001261330 0.000510720 0.000555200 0.000449500 0.001044740 0.000257440 0.000263800 0.001077320 0.000103840 0.000091610 0.000473790 0.000287010 0.000000000 0.001199240 0.001597320 0.001143990 0.001141350 0.001301830 0.001531910 0.001130950 0.001334380 0.001354840 0.000499570 0.001755140 0.001093650 0.001093040 0.001159390 
27     0.001509250 0.001661390 0.001209560 0.001210070 0.001225770 0.001202060 0.001246850 0.000506530 0.000868960 0.001377870 0.000549640 0.000666570 0.000241580 0.001535240 0.001541260 0.000384650 0.000845310 0.001669240 0.001717160 0.000145340 0.001336400 0.001497340 0.000695770 0.000883200 0.000845620 0.001031350 0.001226900 0.001340850 0.001030740 0.000017780 0.001320390 0.000620690 0.000471780 0.000542220 0.000662000 0.001244430 0.001199240 0.000000000 0.000149220 0.000121840 0.000376780 0.000554520 0.001158900 0.000832410 0.000961370 0.000981830 0.000233680 0.000020090 0.000474290 0.000720030 0.000588020 
49     0.000239830 0.002022780 0.001570950 0.001571460 0.001587160 0.001563450 0.001657940 0.001683150 0.001646590 0.001739260 0.001736860 0.001110740 0.001656430 0.001896630 0.001902650 0.001917290 0.001206700 0.002030630 0.001365980 0.000742300 0.001166130 0.001858730 0.001721860 0.001208950 0.001207010 0.001392740 0.001588290 0.001702240 0.001206110 0.000134400 0.000600490 0.000696500 0.000833170 0.000903610 0.000419270 0.000005480 0.001597320 0.000149220 0.000000000 0.000429680 0.000645280 0.000915910 0.001423270 0.001159220 0.000748960 0.001343220 0.000863350 0.001303500 0.000548250 0.001081420 0.000801900 
44     0.000607950 0.001569450 0.001117620 0.000658430 0.001091480 0.000994170 0.001201640 0.001229820 0.000979650 0.001285930 0.001061750 0.000214870 0.001099200 0.001443300 0.001449320 0.000384040 0.000507520 0.001520350 0.000040370 0.001385150 0.001244460 0.001405400 0.001268530 0.000512830 0.000623810 0.000893840 0.001134960 0.001248910 0.001389090 0.000558370 0.001228450 0.000528750 0.000379840 0.000450280 0.000570060 0.001152490 0.001143990 0.000121840 0.000429680 0.000000000 0.000020280 0.000462580 0.000125280 0.001104870 0.000869430 0.000889890 0.000750010 0.000102270 0.000628700 0.000254080 0.000496080 
38     0.001414670 0.001566810 0.001114980 0.000730690 0.001131190 0.001107480 0.001201970 0.001227180 0.001190620 0.001283290 0.001280890 0.000168020 0.001200460 0.001440660 0.001446680 0.001461320 0.000750730 0.001574660 0.001622580 0.001382510 0.001241820 0.001402760 0.001265890 0.000602490 0.000630540 0.000894710 0.000912870 0.001246270 0.001386450 0.000565100 0.001225810 0.000526110 0.000377200 0.000447640 0.000567420 0.001149850 0.001141350 0.000376780 0.000645280 0.000020280 0.000000000 0.000459940 0.000918510 0.001102230 0.000866790 0.000438220 0.000747370 0.000463780 0.000626060 0.000625450 0.000493440 
42     0.000054130 0.001727290 0.001275460 0.000653580 0.000138940 0.001267960 0.000400400 0.000318420 0.001351100 0.001443770 0.001441370 0.000641390 0.001091030 0.001601140 0.001607160 0.001519920 0.000772830 0.001735140 0.001384180 0.001542990 0.000629560 0.001563240 0.001426370 0.000949100 0.000911520 0.001097250 0.000653190 0.000614830 0.000170020 0.000855390 0.001386290 0.000391650 0.000242740 0.000230060 0.000110780 0.001310330 0.001301830 0.000554520 0.000915910 0.000462580 0.000459940 0.000000000 0.001224800 0.001262710 0.000511110 0.001011350 0.000907850 0.001448030 0.000786540 0.000785930 0.000653920 
31     0.001847930 0.002000070 0.001511970 0.001462020 0.000856470 0.000395150 0.000143970 0.001617740 0.001623880 0.000579340 0.001714150 0.001587980 0.001509190 0.001445160 0.001496890 0.000646380 0.000303410 0.001948470 0.000445700 0.001438710 0.000531890 0.001836020 0.000235960 0.001221880 0.001184300 0.001370030 0.000820930 0.000989800 0.001270620 0.001085470 0.000451980 0.001290970 0.001142060 0.001212500 0.001084810 0.001540410 0.001531910 0.001158900 0.001423270 0.000125280 0.000918510 0.001224800 0.000000000 0.000402940 0.000345010 0.000365470 0.000000050 0.001179120 0.000480060 0.000479450 0.001043050 
30     0.000488540 0.000488420 0.001586150 0.001586660 0.001602360 0.001578650 0.001673140 0.000789650 0.001661790 0.000723400 0.001469330 0.001625890 0.001671630 0.001911830 0.001917850 0.001932490 0.001217320 0.002045830 0.001215660 0.001853680 0.000165910 0.001873930 0.000002600 0.001139800 0.001222210 0.001086280 0.000487080 0.000536810 0.000604220 0.000478420 0.001317710 0.001328880 0.001157750 0.001018140 0.000750000 0.000495690 0.001130950 0.000832410 0.001159220 0.001104870 0.001102230 0.001262710 0.000402940 0.000000000 0.000262430 0.000159290 0.000046630 0.000925330 0.000517970 0.000517360 0.001120270 
41     0.001149160 0.001802540 0.000655320 0.001076580 0.001366920 0.001343210 0.001437700 0.000224410 0.001426350 0.001519020 0.001516620 0.001390450 0.001245230 0.001676390 0.000327590 0.001355120 0.001318060 0.001810390 0.001129470 0.000883570 0.001477550 0.001638490 0.001501620 0.001024350 0.000986770 0.001172500 0.001325350 0.001439300 0.000932160 0.000887940 0.001418840 0.001093440 0.000658540 0.001014970 0.000993910 0.001342880 0.001334380 0.000961370 0.000748960 0.000869430 0.000866790 0.000511110 0.000345010 0.000262430 0.000000000 0.000004990 0.000144860 0.001250420 0.000197800 0.000281920 0.000102590 
33     0.000330970 0.000330850 0.001371170 0.001371680 0.001387380 0.001363670 0.001458160 0.001020630 0.001446810 0.001148800 0.001537080 0.001410910 0.001456650 0.001048760 0.001702870 0.001376260 0.001338520 0.001830850 0.001878770 0.001246670 0.000008340 0.001658950 0.001522080 0.000141600 0.001007230 0.001192960 0.000912480 0.000962210 0.001029620 0.000903820 0.001261630 0.001113900 0.000964990 0.001035430 0.001155210 0.001363340 0.001354840 0.000981830 0.001343220 0.000889890 0.000438220 0.001011350 0.000365470 0.000159290 0.000004990 0.000000000 0.000165320 0.001270880 0.000302990 0.000302380 0.000905290 
45     0.001530980 0.001584210 0.001231290 0.001231800 0.001247500 0.000847860 0.001318280 0.001300790 0.001306930 0.001399600 0.001397200 0.001271030 0.001316770 0.000859960 0.000991980 0.001577630 0.001198640 0.001690970 0.000504230 0.001367240 0.001358130 0.001326090 0.001382200 0.000904930 0.000275160 0.000327490 0.001205930 0.000398940 0.001002730 0.000768520 0.001299420 0.000791210 0.000825110 0.000895550 0.001015330 0.000760610 0.000499570 0.000233680 0.000863350 0.000750010 0.000747370 0.000907850 0.000000050 0.000046630 0.000144860 0.000165320 0.000000000 0.001131000 0.000163110 0.000162500 0.000765410 
32     0.001454540 0.002223300 0.001771470 0.001317060 0.001787680 0.001763970 0.001788020 0.001840970 0.001847110 0.001939780 0.001170740 0.001811210 0.001856950 0.001899120 0.001914650 0.002117810 0.001295010 0.001365100 0.002279070 0.001419090 0.000284940 0.000890720 0.001252340 0.001445110 0.000314060 0.001312760 0.001075570 0.001124810 0.002000240 0.001214720 0.000291990 0.001514200 0.001365290 0.000418520 0.001520840 0.001040780 0.001755140 0.000020090 0.001303500 0.000102270 0.000463780 0.001448030 0.001179120 0.000925330 0.001250420 0.001270880 0.001131000 0.000000000 0.000403530 0.000057220 0.001305590 
35     0.001132400 0.001561810 0.001109980 0.001110490 0.000933560 0.001102480 0.001196970 0.001179480 0.000575420 0.001278290 0.001275890 0.001149720 0.001195460 0.000445910 0.001441680 0.001456320 0.000403750 0.001569660 0.001617580 0.001216820 0.001236820 0.001025350 0.000408870 0.000783620 0.000095510 0.000613620 0.001084620 0.001198570 0.001081560 0.000459470 0.001178110 0.000852710 0.000703800 0.000341370 0.000894020 0.000338800 0.001093650 0.000474290 0.000548250 0.000628700 0.000626060 0.000786540 0.000480060 0.000517970 0.000197800 0.000302990 0.000163110 0.000403530 0.000000000 0.000036990 0.000596200 
36     0.000784860 0.001288240 0.001109370 0.001109880 0.001125580 0.000733280 0.001196360 0.001178870 0.000795240 0.001277680 0.001275280 0.001149110 0.001194850 0.000581470 0.000504110 0.001455710 0.001015410 0.001569050 0.000572000 0.000641840 0.001236210 0.001397150 0.001260280 0.000783010 0.000745430 0.000931160 0.001084010 0.001197960 0.001338140 0.000646600 0.001177500 0.000852100 0.000086950 0.000773630 0.000893410 0.000883880 0.001093040 0.000720030 0.001081420 0.000254080 0.000625450 0.000785930 0.000479450 0.000517360 0.000281920 0.000302380 0.000162500 0.000057220 0.000036990 0.000000000 0.000295990 
0     0.001432710 0.000885390 0.000919130 0.000869180 0.001011280 0.000817660 0.000805880 0.001245220 0.001208660 0.001301330 0.001298930 0.001172760 0.001002250 0.000227210 0.000904050 0.000750130 0.000944710 0.001592700 0.001421030 0.001247980 0.001259860 0.001010770 0.001283930 0.000806660 0.000769080 0.000942930 0.000884300 0.001264310 0.001404490 0.000712950 0.000450890 0.000720090 0.000571180 0.000641620 0.000761400 0.001167890 0.001159390 0.000588020 0.000801900 0.000496080 0.000493440 0.000653920 0.001043050 0.001120270 0.000102590 0.000905290 0.000765410 0.001305590 0.000596200 0.000295990 0.000000000 
