51
12     0.000000000 0.023765700 0.049574391 0.049704157 0.048866210 0.048346616 0.048716513 0.047584454 0.047802504 0.047073588 0.048221958 0.047127162 0.048139811 0.048164868 0.048002250 0.049738584 0.049947762 0.049778375 0.050659756 0.047670099 0.045803681 0.065528380 0.064373290 0.063696496 0.062100272 0.059376550 0.062275001 0.062203673 0.063292247 0.058408451 0.059085730 0.061023171 0.059830225 0.059805838 0.061268377 0.061978309 0.062221281 0.067001487 0.068816022 0.059864330 0.060254798 0.059620821 0.060823649 0.064392042 0.063665521 0.065070143 0.062979368 0.068659330 0.060981979 0.062248974 0.078723443 
23     0.023765700 0.000000000 0.048739911 0.048904713 0.048493783 0.047515089 0.047864291 0.046583323 0.046935444 0.046099931 0.047170582 0.046051420 0.046870213 0.046802706 0.046608749 0.048769264 0.048772531 0.048599558 0.049442185 0.046382453 0.044797787 0.065258000 0.064106226 0.063427296 0.062050344 0.059063563 0.061949100 0.061802335 0.062540410 0.057934029 0.058540158 0.060224490 0.058997924 0.059368986 0.060494626 0.061548416 0.061557388 0.065819850 0.067332474 0.058438768 0.058788024 0.059050630 0.060316729 0.063855209 0.063097737 0.064672621 0.062687206 0.068056281 0.060564838 0.061244202 0.076896768 
21     0.049574391 0.048739911 0.000000000 0.007213028 0.012694662 0.017869959 0.018198661 0.019246031 0.029014727 0.028874042 0.030233119 0.028789378 0.035495690 0.035455911 0.035287498 0.037554886 0.045312347 0.045158167 0.045709186 0.042682113 0.044010938 0.062110553 0.061477433 0.060101408 0.058932168 0.056273973 0.058430036 0.058334801 0.058906566 0.054115523 0.055176156 0.056662445 0.055743721 0.055975505 0.057300177 0.057734372 0.058123920 0.063627461 0.065633630 0.056441462 0.056741553 0.056525818 0.057241663 0.060707888 0.059909144 0.061729940 0.059999282 0.066155753 0.058336097 0.058636355 0.075632266 
24     0.049704157 0.048904713 0.007213028 0.000000000 0.012855054 0.017869102 0.018187838 0.019336731 0.029034555 0.028978785 0.030359373 0.029019011 0.035650331 0.035609050 0.035442878 0.037697425 0.045559120 0.045280054 0.045868291 0.042833688 0.044094160 0.062245561 0.061599607 0.060318941 0.059141091 0.056433796 0.058520284 0.058423572 0.059035567 0.054158271 0.055264649 0.056736505 0.055767081 0.056149759 0.057338603 0.057774421 0.058274253 0.063649752 0.065785213 0.056485815 0.056784825 0.056664713 0.057386079 0.060865601 0.060064746 0.061877662 0.060136666 0.066259909 0.058410228 0.058716065 0.075793609 
15     0.048866210 0.048493783 0.012694662 0.012855054 0.000000000 0.018307205 0.018492306 0.019750135 0.029353627 0.029215989 0.030618144 0.029305553 0.036134847 0.035811390 0.035638879 0.037772234 0.045700204 0.045389332 0.046061257 0.042789789 0.044040214 0.062282045 0.061502799 0.060282019 0.059073701 0.056403860 0.058190101 0.058094683 0.058959704 0.054195885 0.055070647 0.056666045 0.055755776 0.055900482 0.057191125 0.057680358 0.058065578 0.063413754 0.065404989 0.055974114 0.056281796 0.056403502 0.056974179 0.060519883 0.059613076 0.061383274 0.059677418 0.065686534 0.058111011 0.058411293 0.075553907 
10     0.048346616 0.047515089 0.017869959 0.017869102 0.018307205 0.000000000 0.007938959 0.017515836 0.027557077 0.027354123 0.028869815 0.027488496 0.034749970 0.034492317 0.034345247 0.036500770 0.044558517 0.044250153 0.045213244 0.042086329 0.042851767 0.061583369 0.060822910 0.059387067 0.058191673 0.055587914 0.057385386 0.057329898 0.058264992 0.053320833 0.054319530 0.056061953 0.054568234 0.055117938 0.056551026 0.056792528 0.057309405 0.062660254 0.064552930 0.055214433 0.055514523 0.055465754 0.056032851 0.059647976 0.058680000 0.060527156 0.058812929 0.064787519 0.057353120 0.057506469 0.074827936 
6     0.048716513 0.047864291 0.018198661 0.018187838 0.018492306 0.007938959 0.000000000 0.017691390 0.028018888 0.027831483 0.029099040 0.028009448 0.035131777 0.034915235 0.034732681 0.036883641 0.044632383 0.044304217 0.045444799 0.042097628 0.043165178 0.061806662 0.061112301 0.059673549 0.058570965 0.055770750 0.057738932 0.057657973 0.058642540 0.053561428 0.054628623 0.056331006 0.054872925 0.055362791 0.056836136 0.057188682 0.057668437 0.062646407 0.064577542 0.055249043 0.055549133 0.055546096 0.056225918 0.059649838 0.059006718 0.060897876 0.059043846 0.064902979 0.057599422 0.057767865 0.075022982 
4     0.047584454 0.046583323 0.019246031 0.019336731 0.019750135 0.017515836 0.017691390 0.000000000 0.027118553 0.027032823 0.028451284 0.027197380 0.034054132 0.033646271 0.033434925 0.035942447 0.043623265 0.043399598 0.044248670 0.041103798 0.041918701 0.060077834 0.059360998 0.058268514 0.057087566 0.053978081 0.055944887 0.055900270 0.056580289 0.051727758 0.052367415 0.053971803 0.053005973 0.053167590 0.054808711 0.055009488 0.055514472 0.061192935 0.062786112 0.053518820 0.053815881 0.053675286 0.054153456 0.057858125 0.057311270 0.059000374 0.057295960 0.063763093 0.056359501 0.056437725 0.073533296 
20     0.047802504 0.046935444 0.029014727 0.029034555 0.029353627 0.027557077 0.028018888 0.027118553 0.000000000 0.022046949 0.023487689 0.022508295 0.034517393 0.035005751 0.034703271 0.036511468 0.044130219 0.043876905 0.044530842 0.041434384 0.042587080 0.062060280 0.061388254 0.060120077 0.058990363 0.055955052 0.058007882 0.057953867 0.059322978 0.054124890 0.055371914 0.057018413 0.055656062 0.055673864 0.057657853 0.057754294 0.058282950 0.063054376 0.065165583 0.055849179 0.056204132 0.056160840 0.056742070 0.060259140 0.059683246 0.061366346 0.059305272 0.065272881 0.057904700 0.058448746 0.074647898 
26     0.047073588 0.046099931 0.028874042 0.028978785 0.029215989 0.027354123 0.027831483 0.027032823 0.022046949 0.000000000 0.021741788 0.020703553 0.033405367 0.033706894 0.033524739 0.035415807 0.043333171 0.043084322 0.043870524 0.040924402 0.041417389 0.060899005 0.060172612 0.059148307 0.057743564 0.054960608 0.057048712 0.056987836 0.058133787 0.053186785 0.054297113 0.055751366 0.054547078 0.054492591 0.056595922 0.056793785 0.057213058 0.061754209 0.063961397 0.054428604 0.054754755 0.054750716 0.055513164 0.058997607 0.058275808 0.059989227 0.058152845 0.064291271 0.056912375 0.057268377 0.074007187 
9     0.048221958 0.047170582 0.030233119 0.030359373 0.030618144 0.028869815 0.029099040 0.028451284 0.023487689 0.021741788 0.000000000 0.014191739 0.034852205 0.035633511 0.035367859 0.037245361 0.043894053 0.043986872 0.044744611 0.041682130 0.042678778 0.062157550 0.061406363 0.060270468 0.059180129 0.056217700 0.058748316 0.058684635 0.059369046 0.054410112 0.055305009 0.056763777 0.055730613 0.055682255 0.057901005 0.058226008 0.058638495 0.062476442 0.064889863 0.055772472 0.056062022 0.055722880 0.056755988 0.059988188 0.059298938 0.061019242 0.059547916 0.065518472 0.058039406 0.058551639 0.074785236 
13     0.047127162 0.046051420 0.028789378 0.029019011 0.029305553 0.027488496 0.028009448 0.027197380 0.022508295 0.020703553 0.014191739 0.000000000 0.033826232 0.034468568 0.034256874 0.036128348 0.043161521 0.043060994 0.043888189 0.040797586 0.041533635 0.061609010 0.060890789 0.059475439 0.058320786 0.055450109 0.057787666 0.057730858 0.058305221 0.053480049 0.054439267 0.055854692 0.054704242 0.054638143 0.056709424 0.057170476 0.057627243 0.062090334 0.064376471 0.054805689 0.055099680 0.054657598 0.055946096 0.059175195 0.058416364 0.060122765 0.058710495 0.064662190 0.057066968 0.057457195 0.074002008 
3     0.048139811 0.046870213 0.035495690 0.035650331 0.036134847 0.034749970 0.035131777 0.034054132 0.034517393 0.033405367 0.034852205 0.033826232 0.000000000 0.025465242 0.025225055 0.027379355 0.044347064 0.043753743 0.044797297 0.041539659 0.042994749 0.061179931 0.060649514 0.059280157 0.058286195 0.055229437 0.058432464 0.058342506 0.059725385 0.054462159 0.055084240 0.056515607 0.055247053 0.056043695 0.057274436 0.057898314 0.058582706 0.062375460 0.064439789 0.056112771 0.056433944 0.055555951 0.057223400 0.060703893 0.059783611 0.061428187 0.059678326 0.065575225 0.058144164 0.059041540 0.075372520 
5     0.048164868 0.046802706 0.035455911 0.035609050 0.035811390 0.034492317 0.034915235 0.033646271 0.035005751 0.033706894 0.035633511 0.034468568 0.025465242 0.000000000 0.005631827 0.020162121 0.044440617 0.043991455 0.044845861 0.041801285 0.042804597 0.061270707 0.060753076 0.059261377 0.058398275 0.055288532 0.057644319 0.057666028 0.058613617 0.053830486 0.054719632 0.056203186 0.054929115 0.055144064 0.056343458 0.057107367 0.057692248 0.061832142 0.063846134 0.055485145 0.055774631 0.055490928 0.056636880 0.060210342 0.059268411 0.060888151 0.059371854 0.064850906 0.057505044 0.058190125 0.075445093 
2     0.048002250 0.046608749 0.035287498 0.035442878 0.035638879 0.034345247 0.034732681 0.033434925 0.034703271 0.033524739 0.035367859 0.034256874 0.025225055 0.005631827 0.000000000 0.020006003 0.044243060 0.043807390 0.044657594 0.041633069 0.042617058 0.061085837 0.060589932 0.059053955 0.058181871 0.055093312 0.057497681 0.057519603 0.058435281 0.053691400 0.054540146 0.056061740 0.054770841 0.054988735 0.056263978 0.056930081 0.057528709 0.061661684 0.063671339 0.055300098 0.055585310 0.055385326 0.056455896 0.059970229 0.059098440 0.060725872 0.059176276 0.064723833 0.057357674 0.058029884 0.075522038 
11     0.049738584 0.048769264 0.037554886 0.037697425 0.037772234 0.036500770 0.036883641 0.035942447 0.036511468 0.035415807 0.037245361 0.036128348 0.027379355 0.020162121 0.020006003 0.000000000 0.046239810 0.045566836 0.046220775 0.043675226 0.044174064 0.062017418 0.061086835 0.059907462 0.058957233 0.056229935 0.058245497 0.058283084 0.059429505 0.054077712 0.055599320 0.056995243 0.055676885 0.055756574 0.057233466 0.057994783 0.058455137 0.063174686 0.064821341 0.056250985 0.056531790 0.056072050 0.057536428 0.060786378 0.059843910 0.061479797 0.060038487 0.065458244 0.057857525 0.058865375 0.076555126 
22     0.049947762 0.048772531 0.045312347 0.045559120 0.045700204 0.044558517 0.044632383 0.043623265 0.044130219 0.043333171 0.043894053 0.043161521 0.044347064 0.044440617 0.044243060 0.046239810 0.000000000 0.018683421 0.023600974 0.022316483 0.044906443 0.064402952 0.063467513 0.062106606 0.061052083 0.058434340 0.060725534 0.060628314 0.061662496 0.056430293 0.056778311 0.058119281 0.057373951 0.057511649 0.059498291 0.059858518 0.060270019 0.065125645 0.066687744 0.058175172 0.058550009 0.057866707 0.059225934 0.062668682 0.062360071 0.063334686 0.062090591 0.067342358 0.059769693 0.060764425 0.077685909 
17     0.049778375 0.048599558 0.045158167 0.045280054 0.045389332 0.044250153 0.044304217 0.043399598 0.043876905 0.043084322 0.043986872 0.043060994 0.043753743 0.043991455 0.043807390 0.045566836 0.018683421 0.000000000 0.023566109 0.022404857 0.044585515 0.064123071 0.063361280 0.061820345 0.060601268 0.058027606 0.060513310 0.060440539 0.061486910 0.056186952 0.056622012 0.058032952 0.057185123 0.057483993 0.059385089 0.059599027 0.060198645 0.064822399 0.066523709 0.058103347 0.058465487 0.057513592 0.058762310 0.061950268 0.061568896 0.062546638 0.061436141 0.067315751 0.059463236 0.060606888 0.077550461 
25     0.050659756 0.049442185 0.045709186 0.045868291 0.046061257 0.045213244 0.045444799 0.044248670 0.044530842 0.043870524 0.044744611 0.043888189 0.044797297 0.044845861 0.044657594 0.046220775 0.023600974 0.023566109 0.000000000 0.023370928 0.044990121 0.064316561 0.063506279 0.062460576 0.061455605 0.058262289 0.060721036 0.060582851 0.061694040 0.056298543 0.056872305 0.058256181 0.057723618 0.057602453 0.059831053 0.059587565 0.060042125 0.065528992 0.067235317 0.058432206 0.058796135 0.057786915 0.059415902 0.062801676 0.062166982 0.063774120 0.062020235 0.067535216 0.059842304 0.060966862 0.078087600 
19     0.047670099 0.046382453 0.042682113 0.042833688 0.042789789 0.042086329 0.042097628 0.041103798 0.041434384 0.040924402 0.041682130 0.040797586 0.041539659 0.041801285 0.041633069 0.043675226 0.022316483 0.022404857 0.023370928 0.000000000 0.041967739 0.061387352 0.060620944 0.059310341 0.058066322 0.055082649 0.058150987 0.057883665 0.058948594 0.053707063 0.054099281 0.055884241 0.054577730 0.054890675 0.056986981 0.057334212 0.057483981 0.062489265 0.064325800 0.055726852 0.056060670 0.054924799 0.056758320 0.060174926 0.059884406 0.060758908 0.059346549 0.064317026 0.057026860 0.057888119 0.075118746 
18     0.045803681 0.044797787 0.044010938 0.044094160 0.044040214 0.042851767 0.043165178 0.041918701 0.042587080 0.041417389 0.042678778 0.041533635 0.042994749 0.042804597 0.042617058 0.044174064 0.044906443 0.044585515 0.044990121 0.041967739 0.000000000 0.057351615 0.056542927 0.055134524 0.054033698 0.052006589 0.053846163 0.053779100 0.055168172 0.049969413 0.050567826 0.052034816 0.051298077 0.051230762 0.052580876 0.053553392 0.053535077 0.058597151 0.060049356 0.051521996 0.051787800 0.050564877 0.052279196 0.055828870 0.055136946 0.056833388 0.054813227 0.060733463 0.053700921 0.054046728 0.070500454 
7     0.065528380 0.065258000 0.062110553 0.062245561 0.062282045 0.061583369 0.061806662 0.060077834 0.062060280 0.060899005 0.062157550 0.061609010 0.061179931 0.061270707 0.061085837 0.062017418 0.064402952 0.064123071 0.064316561 0.061387352 0.057351615 0.000000000 0.019483206 0.034214004 0.033510577 0.041076039 0.062218599 0.062142553 0.063521918 0.057657147 0.058009506 0.060153031 0.058340341 0.059297259 0.060376612 0.060800124 0.060937857 0.067272537 0.068478050 0.060372410 0.060357636 0.061364541 0.061516437 0.064795984 0.064761355 0.066289427 0.064264666 0.069517566 0.061598368 0.062435366 0.080390133 
8     0.064373290 0.064106226 0.061477433 0.061599607 0.061502799 0.060822910 0.061112301 0.059360998 0.061388254 0.060172612 0.061406363 0.060890789 0.060649514 0.060753076 0.060589932 0.061086835 0.063467513 0.063361280 0.063506279 0.060620944 0.056542927 0.019483206 0.000000000 0.032870201 0.031860765 0.039746688 0.061186288 0.061101469 0.062420005 0.056727227 0.057276036 0.059407266 0.057620672 0.058198490 0.059345878 0.059899115 0.059755577 0.066119270 0.067255859 0.059361532 0.059340502 0.060433880 0.060482980 0.063856185 0.063733105 0.065288556 0.063241299 0.068789420 0.061022086 0.061993946 0.079234569 
14     0.063696496 0.063427296 0.060101408 0.060318941 0.060282019 0.059387067 0.059673549 0.058268514 0.060120077 0.059148307 0.060270468 0.059475439 0.059280157 0.059261377 0.059053955 0.059907462 0.062106606 0.061820345 0.062460576 0.059310341 0.055134524 0.034214004 0.032870201 0.000000000 0.014225429 0.037851244 0.060716674 0.060631855 0.061987601 0.056373111 0.056968482 0.058730145 0.057122685 0.057777947 0.058851887 0.059385499 0.059018352 0.065341030 0.066503487 0.058593976 0.058565754 0.059198232 0.059765228 0.063217535 0.063018489 0.064638079 0.062455909 0.068142328 0.060205724 0.061239297 0.078121817 
1     0.062100272 0.062050344 0.058932168 0.059141091 0.059073701 0.058191673 0.058570965 0.057087566 0.058990363 0.057743564 0.059180129 0.058320786 0.058286195 0.058398275 0.058181871 0.058957233 0.061052083 0.060601268 0.061455605 0.058066322 0.054033698 0.033510577 0.031860765 0.014225429 0.000000000 0.036537259 0.059538228 0.059453409 0.060554528 0.055030505 0.055452584 0.057316680 0.055867995 0.056583743 0.057669771 0.058227439 0.058015653 0.064282479 0.065377766 0.057361479 0.057335441 0.058005841 0.058708271 0.062481377 0.061890497 0.063483455 0.061521226 0.067057804 0.059194232 0.059954598 0.077126516 
16     0.059376550 0.059063563 0.056273973 0.056433796 0.056403860 0.055587914 0.055770750 0.053978081 0.055955052 0.054960608 0.056217700 0.055450109 0.055229437 0.055288532 0.055093312 0.056229935 0.058434340 0.058027606 0.058262289 0.055082649 0.052006589 0.041076039 0.039746688 0.037851244 0.036537259 0.000000000 0.056114923 0.056028641 0.057266291 0.051746943 0.052275567 0.054104790 0.052908866 0.053408625 0.054347015 0.054687435 0.054934448 0.061321484 0.062315788 0.054184453 0.054201947 0.055224889 0.054984397 0.058614751 0.058241587 0.059841108 0.058113696 0.063895490 0.056061985 0.056309477 0.074976661 
37     0.062275001 0.061949100 0.058430036 0.058520284 0.058190101 0.057385386 0.057738932 0.055944887 0.058007882 0.057048712 0.058748316 0.057787666 0.058432464 0.057644319 0.057497681 0.058245497 0.060725534 0.060513310 0.060721036 0.058150987 0.053846163 0.062218599 0.061186288 0.060716674 0.059538228 0.056114923 0.000000000 0.006825349 0.033186276 0.028302045 0.035708211 0.037699640 0.036750812 0.034822794 0.037952531 0.037873150 0.038400314 0.056641653 0.057536620 0.050212534 0.050611365 0.050895619 0.050518032 0.053775465 0.053677269 0.055457735 0.053274028 0.060730250 0.053003552 0.053789970 0.076782298 
34     0.062203673 0.061802335 0.058334801 0.058423572 0.058094683 0.057329898 0.057657973 0.055900270 0.057953867 0.056987836 0.058684635 0.057730858 0.058342506 0.057666028 0.057519603 0.058283084 0.060628314 0.060440539 0.060582851 0.057883665 0.053779100 0.062142553 0.061101469 0.060631855 0.059453409 0.056028641 0.006825349 0.000000000 0.033355903 0.028283767 0.035559438 0.037517041 0.036612536 0.034681986 0.037859579 0.037858049 0.038350362 0.056580441 0.057552020 0.050266531 0.050665362 0.050905332 0.050503319 0.053732166 0.053655814 0.055436280 0.053300702 0.060710529 0.052968884 0.053685508 0.076650235 
46     0.063292247 0.062540410 0.058906566 0.059035567 0.058959704 0.058264992 0.058642540 0.056580289 0.059322978 0.058133787 0.059369046 0.058305221 0.059725385 0.058613617 0.058435281 0.059429505 0.061662496 0.061486910 0.061694040 0.058948594 0.055168172 0.063521918 0.062420005 0.061987601 0.060554528 0.057266291 0.033186276 0.033355903 0.000000000 0.030314865 0.037624080 0.038852512 0.038663656 0.037217536 0.039725352 0.039744961 0.040193660 0.059116598 0.060547040 0.052487911 0.052786969 0.052885500 0.052875808 0.055905831 0.055720830 0.057215768 0.055375433 0.062604451 0.054966031 0.055946339 0.078202502 
28     0.058408451 0.057934029 0.054115523 0.054158271 0.054195885 0.053320833 0.053561428 0.051727758 0.054124890 0.053186785 0.054410112 0.053480049 0.054462159 0.053830486 0.053691400 0.054077712 0.056430293 0.056186952 0.056298543 0.053707063 0.049969413 0.057657147 0.056727227 0.056373111 0.055030505 0.051746943 0.028302045 0.028283767 0.030314865 0.000000000 0.030796078 0.032428905 0.031992742 0.030003693 0.032569457 0.033368759 0.033671265 0.052715856 0.054441809 0.046361211 0.046755819 0.047095266 0.047232155 0.049945663 0.049923650 0.051630817 0.049445334 0.055957903 0.048794878 0.049294980 0.072757865 
43     0.059085730 0.058540158 0.055176156 0.055264649 0.055070647 0.054319530 0.054628623 0.052367415 0.055371914 0.054297113 0.055305009 0.054439267 0.055084240 0.054719632 0.054540146 0.055599320 0.056778311 0.056622012 0.056872305 0.054099281 0.050567826 0.058009506 0.057276036 0.056968482 0.055452584 0.052275567 0.035708211 0.035559438 0.037624080 0.030796078 0.000000000 0.017642563 0.018334976 0.031047862 0.032928210 0.033764839 0.034011112 0.053843455 0.055368635 0.046810316 0.047118672 0.047832192 0.047968656 0.050588653 0.050740473 0.052552757 0.050163895 0.057170930 0.049360222 0.050061336 0.072714089 
50     0.061023171 0.060224490 0.056662445 0.056736505 0.056666045 0.056061953 0.056331006 0.053971803 0.057018413 0.055751366 0.056763777 0.055854692 0.056515607 0.056203186 0.056061740 0.056995243 0.058119281 0.058032952 0.058256181 0.055884241 0.052034816 0.060153031 0.059407266 0.058730145 0.057316680 0.054104790 0.037699640 0.037517041 0.038852512 0.032428905 0.017642563 0.000000000 0.020482216 0.032881357 0.034608473 0.035608200 0.035763382 0.055601117 0.057103976 0.048323847 0.048708864 0.049606331 0.050093881 0.052683826 0.052841537 0.054589375 0.052017391 0.059119677 0.051113099 0.051910366 0.074716951 
40     0.059830225 0.058997924 0.055743721 0.055767081 0.055755776 0.054568234 0.054872925 0.053005973 0.055656062 0.054547078 0.055730613 0.054704242 0.055247053 0.054929115 0.054770841 0.055676885 0.057373951 0.057185123 0.057723618 0.054577730 0.051298077 0.058340341 0.057620672 0.057122685 0.055867995 0.052908866 0.036750812 0.036612536 0.038663656 0.031992742 0.018334976 0.020482216 0.000000000 0.032022345 0.033727567 0.034859412 0.035118016 0.054319210 0.056020136 0.047792688 0.048149047 0.048869277 0.049595891 0.052047908 0.052356227 0.054073592 0.051545009 0.057917954 0.050626227 0.051135868 0.073070973 
48     0.059805838 0.059368986 0.055975505 0.056149759 0.055900482 0.055117938 0.055362791 0.053167590 0.055673864 0.054492591 0.055682255 0.054638143 0.056043695 0.055144064 0.054988735 0.055756574 0.057511649 0.057483993 0.057602453 0.054890675 0.051230762 0.059297259 0.058198490 0.057777947 0.056583743 0.053408625 0.034822794 0.034681986 0.037217536 0.030003693 0.031047862 0.032881357 0.032022345 0.000000000 0.028099031 0.033888145 0.033999110 0.054431115 0.055167798 0.047231954 0.047628727 0.047612976 0.048247922 0.051174309 0.051289463 0.053062796 0.050449550 0.057447137 0.050261208 0.050935106 0.073542943 
29     0.061268377 0.060494626 0.057300177 0.057338603 0.057191125 0.056551026 0.056836136 0.054808711 0.057657853 0.056595922 0.057901005 0.056709424 0.057274436 0.056343458 0.056263978 0.057233466 0.059498291 0.059385089 0.059831053 0.056986981 0.052580876 0.060376612 0.059345878 0.058851887 0.057669771 0.054347015 0.037952531 0.037859579 0.039725352 0.032569457 0.032928210 0.034608473 0.033727567 0.028099031 0.000000000 0.035377854 0.036039301 0.055693264 0.057249991 0.048966661 0.049131773 0.050307749 0.049913984 0.052750826 0.052871393 0.054655390 0.052141117 0.059233834 0.051767729 0.052048503 0.075680237 
39     0.061978309 0.061548416 0.057734372 0.057774421 0.057680358 0.056792528 0.057188682 0.055009488 0.057754294 0.056793785 0.058226008 0.057170476 0.057898314 0.057107367 0.056930081 0.057994783 0.059858518 0.059599027 0.059587565 0.057334212 0.053553392 0.060800124 0.059899115 0.059385499 0.058227439 0.054687435 0.037873150 0.037858049 0.039744961 0.033368759 0.033764839 0.035608200 0.034859412 0.033888145 0.035377854 0.000000000 0.026165928 0.055844952 0.057302897 0.049318446 0.049677879 0.049639986 0.050080477 0.052758715 0.052918599 0.054669889 0.052632387 0.059701646 0.051800405 0.051361020 0.074731486 
47     0.062221281 0.061557388 0.058123920 0.058274253 0.058065578 0.057309405 0.057668437 0.055514472 0.058282950 0.057213058 0.058638495 0.057627243 0.058582706 0.057692248 0.057528709 0.058455137 0.060270019 0.060198645 0.060042125 0.057483981 0.053535077 0.060937857 0.059755577 0.059018352 0.058015653 0.054934448 0.038400314 0.038350362 0.040193660 0.033671265 0.034011112 0.035763382 0.035118016 0.033999110 0.036039301 0.026165928 0.000000000 0.056384974 0.057810429 0.049618176 0.049922578 0.050562983 0.050497839 0.053292283 0.053311541 0.055177801 0.052723373 0.059732312 0.052042684 0.052176371 0.075639355 
27     0.067001487 0.065819850 0.063627461 0.063649752 0.063413754 0.062660254 0.062646407 0.061192935 0.063054376 0.061754209 0.062476442 0.062090334 0.062375460 0.061832142 0.061661684 0.063174686 0.065125645 0.064822399 0.065528992 0.062489265 0.058597151 0.067272537 0.066119270 0.065341030 0.064282479 0.061321484 0.056641653 0.056580441 0.059116598 0.052715856 0.053843455 0.055601117 0.054319210 0.054431115 0.055693264 0.055844952 0.056384974 0.000000000 0.037477106 0.045147459 0.045116852 0.049565228 0.049308513 0.052612890 0.052297312 0.054015428 0.051822479 0.063962799 0.057301617 0.057365687 0.080049968 
49     0.068816022 0.067332474 0.065633630 0.065785213 0.065404989 0.064552930 0.064577542 0.062786112 0.065165583 0.063961397 0.064889863 0.064376471 0.064439789 0.063846134 0.063671339 0.064821341 0.066687744 0.066523709 0.067235317 0.064325800 0.060049356 0.068478050 0.067255859 0.066503487 0.065377766 0.062315788 0.057536620 0.057552020 0.060547040 0.054441809 0.055368635 0.057103976 0.056020136 0.055167798 0.057249991 0.057302897 0.057810429 0.037477106 0.000000000 0.046421741 0.046563052 0.050926498 0.050455874 0.053963464 0.053597236 0.055154433 0.053386091 0.066626951 0.058958434 0.059450664 0.081206994 
44     0.059864330 0.058438768 0.056441462 0.056485815 0.055974114 0.055214433 0.055249043 0.053518820 0.055849179 0.054428604 0.055772472 0.054805689 0.056112771 0.055485145 0.055300098 0.056250985 0.058175172 0.058103347 0.058432206 0.055726852 0.051521996 0.060372410 0.059361532 0.058593976 0.057361479 0.054184453 0.050212534 0.050266531 0.052487911 0.046361211 0.046810316 0.048323847 0.047792688 0.047231954 0.048966661 0.049318446 0.049618176 0.045147459 0.046421741 0.000000000 0.005546669 0.042091681 0.042101296 0.045505384 0.044975949 0.046531539 0.044469460 0.058278011 0.050419033 0.050724587 0.073163813 
38     0.060254798 0.058788024 0.056741553 0.056784825 0.056281796 0.055514523 0.055549133 0.053815881 0.056204132 0.054754755 0.056062022 0.055099680 0.056433944 0.055774631 0.055585310 0.056531790 0.058550009 0.058465487 0.058796135 0.056060670 0.051787800 0.060357636 0.059340502 0.058565754 0.057335441 0.054201947 0.050611365 0.050665362 0.052786969 0.046755819 0.047118672 0.048708864 0.048149047 0.047628727 0.049131773 0.049677879 0.049922578 0.045116852 0.046563052 0.005546669 0.000000000 0.042353139 0.042337361 0.045786612 0.045256195 0.046793233 0.044687752 0.058440704 0.050599105 0.050970680 0.073237108 
42     0.059620821 0.059050630 0.056525818 0.056664713 0.056403502 0.055465754 0.055546096 0.053675286 0.056160840 0.054750716 0.055722880 0.054657598 0.055555951 0.055490928 0.055385326 0.056072050 0.057866707 0.057513592 0.057786915 0.054924799 0.050564877 0.061364541 0.060433880 0.059198232 0.058005841 0.055224889 0.050895619 0.050905332 0.052885500 0.047095266 0.047832192 0.049606331 0.048869277 0.047612976 0.050307749 0.049639986 0.050562983 0.049565228 0.050926498 0.042091681 0.042353139 0.000000000 0.039456836 0.042400618 0.042198721 0.043807618 0.042248245 0.059093525 0.050863015 0.051248784 0.073207655 
31     0.060823649 0.060316729 0.057241663 0.057386079 0.056974179 0.056032851 0.056225918 0.054153456 0.056742070 0.055513164 0.056755988 0.055946096 0.057223400 0.056636880 0.056455896 0.057536428 0.059225934 0.058762310 0.059415902 0.056758320 0.052279196 0.061516437 0.060482980 0.059765228 0.058708271 0.054984397 0.050518032 0.050503319 0.052875808 0.047232155 0.047968656 0.050093881 0.049595891 0.048247922 0.049913984 0.050080477 0.050497839 0.049308513 0.050455874 0.042101296 0.042337361 0.039456836 0.000000000 0.026745425 0.025952419 0.027790483 0.026495631 0.059036505 0.051294798 0.051692208 0.073740872 
30     0.064392042 0.063855209 0.060707888 0.060865601 0.060519883 0.059647976 0.059649838 0.057858125 0.060259140 0.058997607 0.059988188 0.059175195 0.060703893 0.060210342 0.059970229 0.060786378 0.062668682 0.061950268 0.062801676 0.060174926 0.055828870 0.064795984 0.063856185 0.063217535 0.062481377 0.058614751 0.053775465 0.053732166 0.055905831 0.049945663 0.050588653 0.052683826 0.052047908 0.051174309 0.052750826 0.052758715 0.053292283 0.052612890 0.053963464 0.045505384 0.045786612 0.042400618 0.026745425 0.000000000 0.020762299 0.021909257 0.029961861 0.062491555 0.054603294 0.055033166 0.077656290 
41     0.063665521 0.063097737 0.059909144 0.060064746 0.059613076 0.058680000 0.059006718 0.057311270 0.059683246 0.058275808 0.059298938 0.058416364 0.059783611 0.059268411 0.059098440 0.059843910 0.062360071 0.061568896 0.062166982 0.059884406 0.055136946 0.064761355 0.063733105 0.063018489 0.061890497 0.058241587 0.053677269 0.053655814 0.055720830 0.049923650 0.050740473 0.052841537 0.052356227 0.051289463 0.052871393 0.052918599 0.053311541 0.052297312 0.053597236 0.044975949 0.045256195 0.042198721 0.025952419 0.020762299 0.000000000 0.012881380 0.029242293 0.062234578 0.054489495 0.054528253 0.076893203 
33     0.065070143 0.064672621 0.061729940 0.061877662 0.061383274 0.060527156 0.060897876 0.059000374 0.061366346 0.059989227 0.061019242 0.060122765 0.061428187 0.060888151 0.060725872 0.061479797 0.063334686 0.062546638 0.063774120 0.060758908 0.056833388 0.066289427 0.065288556 0.064638079 0.063483455 0.059841108 0.055457735 0.055436280 0.057215768 0.051630817 0.052552757 0.054589375 0.054073592 0.053062796 0.054655390 0.054669889 0.055177801 0.054015428 0.055154433 0.046531539 0.046793233 0.043807618 0.027790483 0.021909257 0.012881380 0.000000000 0.030873412 0.064031723 0.056139639 0.056184959 0.078538325 
45     0.062979368 0.062687206 0.059999282 0.060136666 0.059677418 0.058812929 0.059043846 0.057295960 0.059305272 0.058152845 0.059547916 0.058710495 0.059678326 0.059371854 0.059176276 0.060038487 0.062090591 0.061436141 0.062020235 0.059346549 0.054813227 0.064264666 0.063241299 0.062455909 0.061521226 0.058113696 0.053274028 0.053300702 0.055375433 0.049445334 0.050163895 0.052017391 0.051545009 0.050449550 0.052141117 0.052632387 0.052723373 0.051822479 0.053386091 0.044469460 0.044687752 0.042248245 0.026495631 0.029961861 0.029242293 0.030873412 0.000000000 0.061229973 0.053886405 0.054008460 0.076546174 
32     0.068659330 0.068056281 0.066155753 0.066259909 0.065686534 0.064787519 0.064902979 0.063763093 0.065272881 0.064291271 0.065518472 0.064662190 0.065575225 0.064850906 0.064723833 0.065458244 0.067342358 0.067315751 0.067535216 0.064317026 0.060733463 0.069517566 0.068789420 0.068142328 0.067057804 0.063895490 0.060730250 0.060710529 0.062604451 0.055957903 0.057170930 0.059119677 0.057917954 0.057447137 0.059233834 0.059701646 0.059732312 0.063962799 0.066626951 0.058278011 0.058440704 0.059093525 0.059036505 0.062491555 0.062234578 0.064031723 0.061229973 0.000000000 0.049413379 0.051536683 0.084055012 
35     0.060981979 0.060564838 0.058336097 0.058410228 0.058111011 0.057353120 0.057599422 0.056359501 0.057904700 0.056912375 0.058039406 0.057066968 0.058144164 0.057505044 0.057357674 0.057857525 0.059769693 0.059463236 0.059842304 0.057026860 0.053700921 0.061598368 0.061022086 0.060205724 0.059194232 0.056061985 0.053003552 0.052968884 0.054966031 0.048794878 0.049360222 0.051113099 0.050626227 0.050261208 0.051767729 0.051800405 0.052042684 0.057301617 0.058958434 0.050419033 0.050599105 0.050863015 0.051294798 0.054603294 0.054489495 0.056139639 0.053886405 0.049413379 0.000000000 0.040754777 0.075690606 
36     0.062248974 0.061244202 0.058636355 0.058716065 0.058411293 0.057506469 0.057767865 0.056437725 0.058448746 0.057268377 0.058551639 0.057457195 0.059041540 0.058190125 0.058029884 0.058865375 0.060764425 0.060606888 0.060966862 0.057888119 0.054046728 0.062435366 0.061993946 0.061239297 0.059954598 0.056309477 0.053789970 0.053685508 0.055946339 0.049294980 0.050061336 0.051910366 0.051135868 0.050935106 0.052048503 0.051361020 0.052176371 0.057365687 0.059450664 0.050724587 0.050970680 0.051248784 0.051692208 0.055033166 0.054528253 0.056184959 0.054008460 0.051536683 0.040754777 0.000000000 0.075974862 
0     0.078723443 0.076896768 0.075632266 0.075793609 0.075553907 0.074827936 0.075022982 0.073533296 0.074647898 0.074007187 0.074785236 0.074002008 0.075372520 0.075445093 0.075522038 0.076555126 0.077685909 0.077550461 0.078087600 0.075118746 0.070500454 0.080390133 0.079234569 0.078121817 0.077126516 0.074976661 0.076782298 0.076650235 0.078202502 0.072757865 0.072714089 0.074716951 0.073070973 0.073542943 0.075680237 0.074731486 0.075639355 0.080049968 0.081206994 0.073163813 0.073237108 0.073207655 0.073740872 0.077656290 0.076893203 0.078538325 0.076546174 0.084055012 0.075690606 0.075974862 0.000000000 
