51
35     0.000000000 0.330961876 0.850428141 1.162992991 1.154066186 1.123635392 1.117681113 1.123618684 1.086272303 1.286200558 1.297253696 1.053647023 1.012064304 0.995742946 1.057495210 1.042673949 1.012309708 1.077353034 1.014584947 1.075398376 1.083899192 1.069548413 1.068229087 1.103705651 1.066647405 1.029658857 1.123592925 1.118416755 1.096593362 1.253889668 1.268009439 1.190484596 1.213486038 1.096590103 1.132888243 1.150247633 1.170341092 1.145624217 1.092724930 1.118913379 1.168553283 1.324594516 1.311972107 1.216820667 1.173524800 1.213514679 1.215747269 1.223297567 1.241302618 1.172391354 1.672282731 
29     0.330961876 0.000000000 0.875978520 1.185143391 1.175860587 1.142918218 1.137013908 1.143378714 1.104106871 1.312501236 1.322268219 1.068668861 1.036545202 1.024662233 1.082456893 1.068877830 1.026090115 1.090006463 1.027843735 1.093446585 1.102435060 1.088604853 1.087285526 1.121968825 1.086256966 1.048783066 1.149146405 1.138601188 1.113360874 1.273154479 1.284296301 1.209442762 1.227919057 1.112653635 1.148139853 1.165393679 1.185978491 1.167629375 1.116533989 1.141061455 1.189435053 1.349140790 1.337291326 1.246326980 1.196033187 1.236430303 1.236741578 1.243899285 1.259350450 1.196623536 1.699613274 
12     0.850428141 0.875978520 0.000000000 1.032485314 1.023311623 0.982177575 0.976087512 0.985942368 0.948580657 1.151382112 1.156138579 0.928574747 0.881982460 0.875079026 0.939821556 0.919621528 0.896074414 0.968987628 0.899962897 0.955222004 0.969958438 0.951335247 0.948749725 0.986482613 0.958788735 0.923398266 1.008488606 1.016401497 0.999545675 1.151001392 1.168789941 1.080518442 1.106008508 0.993506848 1.025287589 1.047746566 1.063092218 1.044108953 0.986449253 1.008944458 1.060293283 1.239892456 1.230610181 1.133613852 1.060224710 1.114832579 1.114043947 1.119955819 1.138707897 1.063070469 1.581997627 
1     1.162992991 1.185143391 1.032485314 0.000000000 0.181818395 0.587025126 0.575744039 0.592384590 0.556593243 0.829706028 0.842916293 0.697289626 0.838157961 0.812559753 0.872532984 0.857769727 1.023688695 1.091105011 1.025292317 1.071078509 1.084025662 1.064372761 1.062737089 1.104427000 1.076254883 1.049013323 1.133967267 1.120331610 1.123743576 1.270239834 1.285407752 1.195622135 1.226627215 1.118415737 1.156081747 1.175296984 1.192102526 1.161634157 1.108897321 1.135081808 1.178354345 1.339504179 1.335445371 1.235859419 1.175570956 1.225806598 1.226739253 1.236250560 1.258696392 1.181600302 1.709744579 
31     1.154066186 1.175860587 1.023311623 0.181818395 0.000000000 0.578368217 0.568158905 0.584953703 0.548498402 0.823730740 0.835223452 0.686435069 0.826582135 0.800431858 0.863180761 0.846314475 1.014850441 1.082178028 1.015468476 1.061909271 1.075048810 1.055438527 1.053802855 1.094657421 1.067239206 1.041530428 1.124993466 1.113440227 1.114521067 1.261739898 1.276200042 1.188934150 1.215129643 1.109016827 1.146564616 1.165054242 1.182688318 1.152903280 1.100883420 1.126826464 1.168524929 1.329111832 1.326532983 1.226270615 1.167012064 1.215989058 1.217020936 1.226433020 1.247593058 1.171459013 1.698415204 
21     1.123635392 1.142918218 0.982177575 0.587025126 0.578368217 0.000000000 0.124607532 0.172196909 0.356557838 0.776205288 0.784494874 0.634350422 0.774361967 0.755748755 0.814610220 0.802343949 0.969056233 1.035885310 0.971095231 1.024468860 1.035733971 1.022309983 1.015822510 1.057749834 1.021591884 0.994731285 1.075067893 1.072556686 1.065697513 1.219806097 1.233825397 1.140825000 1.168537155 1.052503754 1.099021602 1.118768086 1.134938815 1.101313902 1.057480260 1.084000781 1.120653214 1.283337609 1.276751516 1.179656985 1.120687036 1.173284709 1.174332426 1.183853932 1.188069388 1.112949455 1.657342766 
25     1.117681113 1.137013908 0.976087512 0.575744039 0.568158905 0.124607532 0.000000000 0.152910115 0.349197506 0.767351674 0.775486468 0.624940063 0.767156655 0.749679484 0.809789334 0.796459497 0.963629248 1.030527109 0.965668771 1.020628775 1.032139538 1.017960519 1.011473045 1.053991625 1.017525935 0.989206200 1.070059839 1.067386486 1.060809724 1.215896668 1.229946173 1.136844415 1.164454537 1.047495748 1.094013596 1.113760080 1.130011635 1.097005500 1.053410494 1.077552578 1.115338436 1.278048108 1.271277853 1.172863133 1.113603231 1.165825022 1.166872739 1.176395260 1.181328112 1.106752637 1.651878536 
20     1.123618684 1.143378714 0.985942368 0.592384590 0.584953703 0.172196909 0.152910115 0.000000000 0.369328625 0.781102050 0.789316057 0.639846291 0.782495694 0.762044735 0.822229083 0.808463422 0.972931576 1.039428211 0.975650532 1.031188372 1.041700011 1.028904922 1.022432494 1.063751384 1.026884042 0.999869279 1.080066575 1.076053986 1.066896420 1.222071062 1.236523205 1.143950339 1.170698795 1.054529893 1.102109922 1.120792028 1.136150343 1.106230411 1.063041896 1.088161491 1.124788329 1.291022631 1.283282231 1.185641616 1.122188367 1.175451954 1.176499671 1.185600929 1.193939347 1.118716508 1.659288881 
24     1.086272303 1.104106871 0.948580657 0.556593243 0.548498402 0.356557838 0.349197506 0.369328625 0.000000000 0.745934841 0.753668862 0.611381183 0.751580479 0.725142059 0.787910897 0.776668323 0.936886285 1.005895843 0.941663712 0.989715006 1.001080917 0.982964611 0.976437469 1.020084228 0.985612217 0.963123177 1.045418846 1.034831288 1.028840995 1.183457580 1.196572182 1.107051148 1.131355944 1.011132590 1.060249938 1.080059459 1.097211799 1.071944760 1.015880019 1.041928637 1.088645228 1.248336963 1.241492261 1.145499901 1.086275481 1.139823749 1.140439433 1.150323596 1.163109777 1.081623465 1.616745785 
6     1.286200558 1.312501236 1.151382112 0.829706028 0.823730740 0.776205288 0.767351674 0.781102050 0.745934841 0.000000000 0.403552232 0.802488694 0.951353195 0.927052834 0.994012716 0.982156279 1.153190233 1.223592795 1.156823726 1.209731073 1.227182273 1.205954567 1.204714941 1.243756597 1.209281975 1.182638990 1.254461947 1.252016459 1.237400579 1.384240979 1.399100766 1.315986094 1.339059699 1.229214367 1.267225309 1.284134473 1.304020586 1.277836978 1.234037384 1.258221535 1.301150829 1.465082246 1.451103158 1.361644001 1.310285452 1.347244503 1.347995386 1.358973853 1.373824879 1.300204977 1.836909476 
30     1.297253696 1.322268219 1.156138579 0.842916293 0.835223452 0.784494874 0.775486468 0.789316057 0.753668862 0.403552232 0.000000000 0.815827302 0.962691940 0.942005287 1.006755405 0.994648786 1.157984523 1.231793983 1.163533918 1.216184827 1.234537707 1.216533427 1.215406874 1.254442338 1.217682128 1.194159670 1.263545607 1.256439408 1.247327903 1.393463699 1.408602663 1.327267643 1.349929862 1.237949580 1.272819081 1.290555990 1.310013653 1.289686839 1.244148771 1.270475449 1.313117548 1.476913750 1.467755459 1.374444732 1.318285911 1.361680590 1.362143238 1.373409940 1.387328870 1.313664000 1.844347279 
32     1.053647023 1.068668861 0.928574747 0.697289626 0.686435069 0.634350422 0.624940063 0.639846291 0.611381183 0.802488694 0.815827302 0.000000000 0.708820917 0.689905656 0.759808251 0.743361517 0.909298360 0.975412227 0.911170285 0.970462046 0.984419123 0.959304030 0.958293807 0.990905348 0.971488128 0.945073965 1.022734821 1.025225878 0.997061091 1.149841464 1.158797959 1.079947877 1.102289899 0.995343171 1.028754689 1.045521393 1.065029976 1.043589806 0.993238753 1.018710137 1.060433217 1.220494221 1.215123179 1.119935579 1.064099561 1.109703151 1.109457218 1.120743355 1.130451884 1.058169040 1.572735343 
15     1.012064304 1.036545202 0.881982460 0.838157961 0.826582135 0.774361967 0.767156655 0.782495694 0.751580479 0.951353195 0.962691940 0.708820917 0.000000000 0.616474909 0.678575016 0.667785806 0.874297047 0.948127546 0.875649053 0.919840584 0.930213914 0.919550211 0.919049006 0.953225098 0.926955114 0.903122480 0.970344243 0.972361001 0.958735877 1.119630984 1.132013578 1.046604696 1.072045419 0.952438143 0.987686667 1.008864338 1.027586720 1.016683779 0.953743314 0.976973440 1.024542535 1.191331049 1.190369574 1.087128798 1.031043046 1.086235049 1.084608808 1.095271519 1.109563159 1.035984932 1.551142311 
22     0.995742946 1.024662233 0.875079026 0.812559753 0.800431858 0.755748755 0.749679484 0.762044735 0.725142059 0.927052834 0.942005287 0.689905656 0.616474909 0.000000000 0.427085455 0.404306260 0.874581151 0.944785245 0.881419646 0.930715506 0.947272171 0.928622824 0.927953185 0.965411137 0.926758681 0.894593427 0.977422471 0.973053162 0.952896958 1.104469161 1.117509869 1.038721436 1.057360030 0.939921213 0.979527690 0.995952760 1.014655334 1.003962228 0.948203366 0.974980010 1.016666024 1.178904192 1.167410718 1.074557839 1.017610739 1.069808681 1.068415324 1.079527910 1.091902017 1.016502806 1.527592016 
9     1.057495210 1.082456893 0.939821556 0.872532984 0.863180761 0.814610220 0.809789334 0.822229083 0.787910897 0.994012716 1.006755405 0.759808251 0.678575016 0.427085455 0.000000000 0.465608075 0.933427861 1.005890649 0.943910482 0.996859264 1.007214018 0.989402186 0.988012416 1.026752449 0.982339851 0.955809022 1.032194836 1.035507376 1.009851673 1.165832766 1.179396818 1.103041042 1.127865595 0.997749031 1.032553854 1.052355710 1.070630972 1.059630775 1.007742899 1.033664673 1.082036228 1.239751398 1.230440818 1.136548817 1.081038290 1.126156133 1.123672986 1.136077398 1.152858881 1.074463130 1.605531026 
27     1.042673949 1.068877830 0.919621528 0.857769727 0.846314475 0.802343949 0.796459497 0.808463422 0.776668323 0.982156279 0.994648786 0.743361517 0.667785806 0.404306260 0.465608075 0.000000000 0.912592266 0.982343817 0.917298995 0.976833113 0.987693570 0.968247437 0.967171437 1.005573988 0.966450565 0.934929343 1.027000824 1.017313404 0.997795924 1.152936752 1.165000410 1.094540349 1.109628050 0.989956824 1.029790799 1.046529881 1.066483164 1.041696508 0.986772178 1.015656530 1.059820143 1.216147015 1.208178060 1.112494144 1.056983304 1.103967898 1.102418514 1.114018321 1.134227216 1.052974688 1.587037817 
13     1.012309708 1.026090115 0.896074414 1.023688695 1.014850441 0.969056233 0.963629248 0.972931576 0.936886285 1.153190233 1.157984523 0.909298360 0.874297047 0.874581151 0.933427861 0.912592266 0.000000000 0.330338678 0.265824101 0.627727356 0.636903746 0.626332069 0.624547694 0.662286955 0.617763250 0.664811030 0.760521867 0.750218203 0.907258799 1.056230921 1.076282291 0.982264269 1.011076500 0.902453852 0.933839161 0.955177064 0.975473350 0.970822331 0.889174042 0.912547660 0.967148883 1.161086654 1.151784467 1.054683830 0.996352772 1.030217171 1.030276705 1.038377938 1.060115931 0.989791637 1.477666289 
19     1.077353034 1.090006463 0.968987628 1.091105011 1.082178028 1.035885310 1.030527109 1.039428211 1.005895843 1.223592795 1.231793983 0.975412227 0.948127546 0.944785245 1.005890649 0.982343817 0.330338678 0.000000000 0.294031680 0.698879896 0.706237501 0.695045197 0.692853695 0.730014364 0.688384880 0.736660023 0.831383744 0.820202675 0.977103689 1.130247988 1.149219410 1.057416449 1.090002770 0.979506248 1.009628441 1.030813891 1.053001734 1.038390124 0.963365476 0.990540793 1.043729480 1.221477347 1.212952966 1.120782464 1.071527722 1.100371279 1.101609200 1.109232018 1.126880440 1.058675531 1.554667017 
36     1.014584947 1.027843735 0.899962897 1.025292317 1.015468476 0.971095231 0.965668771 0.975650532 0.941663712 1.156823726 1.163533918 0.911170285 0.875649053 0.881419646 0.943910482 0.917298995 0.265824101 0.294031680 0.000000000 0.627592367 0.635480938 0.622452264 0.620388325 0.657342396 0.622621306 0.671210361 0.762777424 0.748558055 0.913446977 1.063530234 1.082792414 0.993849065 1.024745442 0.914945649 0.946983387 0.968245019 0.987415231 0.974791948 0.902530342 0.927967864 0.974640190 1.170584724 1.160504485 1.060993545 1.009425968 1.042823764 1.044664201 1.052704316 1.067893344 1.002230893 1.481550916 
40     1.075398376 1.093446585 0.955222004 1.071078509 1.061909271 1.024468860 1.020628775 1.031188372 0.989715006 1.209731073 1.216184827 0.970462046 0.919840584 0.930715506 0.996859264 0.976833113 0.627727356 0.698879896 0.627592367 0.000000000 0.373262247 0.434318598 0.432139695 0.474992135 0.657246679 0.715622020 0.805095795 0.803826976 0.956887713 1.103523842 1.123832426 1.039668197 1.073042754 0.954052095 0.994085171 1.015686644 1.029350803 1.021000904 0.959637733 0.988118776 1.037810416 1.199376142 1.191264019 1.098635911 1.043974390 1.089413772 1.089811416 1.094826080 1.113571778 1.038888330 1.531576638 
3     1.083899192 1.102435060 0.969958438 1.084025662 1.075048810 1.035733971 1.032139538 1.041700011 1.001080917 1.227182273 1.234537707 0.984419123 0.930213914 0.947272171 1.007214018 0.987693570 0.636903746 0.706237501 0.635480938 0.373262247 0.000000000 0.440557885 0.440172226 0.481391230 0.671560955 0.724940989 0.823252980 0.813101355 0.971858944 1.129392923 1.149705955 1.060438398 1.093938039 0.970882882 1.011889951 1.035236892 1.048418631 1.037584516 0.976854553 1.003045328 1.055042394 1.216160833 1.210439267 1.116853133 1.055208762 1.100866503 1.101134539 1.107044001 1.121064882 1.048980260 1.541920582 
10     1.069548413 1.088604853 0.951335247 1.064372761 1.055438527 1.022309983 1.017960519 1.028904922 0.982964611 1.205954567 1.216533427 0.959304030 0.919550211 0.928622824 0.989402186 0.968247437 0.626332069 0.695045197 0.622452264 0.434318598 0.440557885 0.000000000 0.145509126 0.346689128 0.651414274 0.710847514 0.808590853 0.800852791 0.965029365 1.113005908 1.133034422 1.049765530 1.076575421 0.963085737 1.001302339 1.023982981 1.036826087 1.028700922 0.959165498 0.983656766 1.036036727 1.199652621 1.192383957 1.097545853 1.031099416 1.080604433 1.082376473 1.089336007 1.101645930 1.030665502 1.527636834 
14     1.068229087 1.087285526 0.948749725 1.062737089 1.053802855 1.015822510 1.011473045 1.022432494 0.976437469 1.204714941 1.215406874 0.958293807 0.919049006 0.927953185 0.988012416 0.967171437 0.624547694 0.692853695 0.620388325 0.432139695 0.440172226 0.145509126 0.000000000 0.346287726 0.645549057 0.711846552 0.806960853 0.799306075 0.963264165 1.111500280 1.131278378 1.046268394 1.074717824 0.956068538 0.999640189 1.021970010 1.035056201 1.028929228 0.958190151 0.982619852 1.036029004 1.201017495 1.192376333 1.098951557 1.026968580 1.081178940 1.082950980 1.090305875 1.102195522 1.030736484 1.521717122 
8     1.103705651 1.121968825 0.986482613 1.104427000 1.094657421 1.057749834 1.053991625 1.063751384 1.020084228 1.243756597 1.254442338 0.990905348 0.953225098 0.965411137 1.026752449 1.005573988 0.662286955 0.730014364 0.657342396 0.474992135 0.481391230 0.346689128 0.346287726 0.000000000 0.693936796 0.759681729 0.861400328 0.853823081 0.998760350 1.148040348 1.167671388 1.081801803 1.111308438 0.999059275 1.037498745 1.060386879 1.072939042 1.071245938 0.990770922 1.019001547 1.075680273 1.241585427 1.233638211 1.139612770 1.076907675 1.116224910 1.116028672 1.124245675 1.142427902 1.070320662 1.569926438 
7     1.066647405 1.086256966 0.958788735 1.076254883 1.067239206 1.021591884 1.017525935 1.026884042 0.985612217 1.209281975 1.217682128 0.971488128 0.926955114 0.926758681 0.982339851 0.966450565 0.617763250 0.688384880 0.622621306 0.657246679 0.671560955 0.651414274 0.645549057 0.693936796 0.000000000 0.718993378 0.812180614 0.805059624 0.963491992 1.108907004 1.134839490 1.044698636 1.079595636 0.957566649 1.001855835 1.020695157 1.041339364 1.032216018 0.957355166 0.983309491 1.035586810 1.203330968 1.196728105 1.103936332 1.038367617 1.081330790 1.081449252 1.089110761 1.108794257 1.044829215 1.530894409 
17     1.029658857 1.048783066 0.923398266 1.049013323 1.041530428 0.994731285 0.989206200 0.999869279 0.963123177 1.182638990 1.194159670 0.945073965 0.903122480 0.894593427 0.955809022 0.934929343 0.664811030 0.736660023 0.671210361 0.715622020 0.724940989 0.710847514 0.711846552 0.759681729 0.718993378 0.000000000 0.785527695 0.781607994 0.919206164 1.068628042 1.091255592 1.004489528 1.036185712 0.929094533 0.971449569 0.992604528 1.014713732 0.975995195 0.922292294 0.943633380 1.005567461 1.171105713 1.156843934 1.054250879 1.000051705 1.053514200 1.054894545 1.061975313 1.079567715 0.993945015 1.480853974 
26     1.123592925 1.149146405 1.008488606 1.133967267 1.124993466 1.075067893 1.070059839 1.080066575 1.045418846 1.254461947 1.263545607 1.022734821 0.970344243 0.977422471 1.032194836 1.027000824 0.760521867 0.831383744 0.762777424 0.805095795 0.823252980 0.808590853 0.806960853 0.861400328 0.812180614 0.785527695 0.000000000 0.701254843 1.023280837 1.166324014 1.189134395 1.103495398 1.122850900 1.015952211 1.053822881 1.074959901 1.088477871 1.068871493 1.008044729 1.028564991 1.083966935 1.252539928 1.249691059 1.154525729 1.088217713 1.131655563 1.133720278 1.141548900 1.160284102 1.092786251 1.595423779 
11     1.118416755 1.138601188 1.016401497 1.120331610 1.113440227 1.072556686 1.067386486 1.076053986 1.034831288 1.252016459 1.256439408 1.025225878 0.972361001 0.973053162 1.035507376 1.017313404 0.750218203 0.820202675 0.748558055 0.803826976 0.813101355 0.800852791 0.799306075 0.853823081 0.805059624 0.781607994 0.701254843 0.000000000 1.024781625 1.164209731 1.189789221 1.104097646 1.133856231 1.021659506 1.060265188 1.079447570 1.099028352 1.071402996 1.016702331 1.038784466 1.087319696 1.280524436 1.268693605 1.166603722 1.100186290 1.144635066 1.145886970 1.153391202 1.174857569 1.095473363 1.583775242 
34     1.096593362 1.113360874 0.999545675 1.123743576 1.114521067 1.065697513 1.060809724 1.066896420 1.028840995 1.237400579 1.247327903 0.997061091 0.958735877 0.952896958 1.009851673 0.997795924 0.907258799 0.977103689 0.913446977 0.956887713 0.971858944 0.965029365 0.963264165 0.998760350 0.963491992 0.919206164 1.023280837 1.024781625 0.000000000 0.624718181 0.644260322 0.583613068 0.624444510 0.481539251 0.528596038 0.547000282 0.568082397 0.814513680 0.798727785 0.828104577 0.868659327 1.209124675 1.204817630 1.098687193 1.049151508 1.103080677 1.102330362 1.107695409 1.117190320 1.048776326 1.563741349 
23     1.253889668 1.273154479 1.151001392 1.270239834 1.261739898 1.219806097 1.215896668 1.222071062 1.183457580 1.384240979 1.393463699 1.149841464 1.119630984 1.104469161 1.165832766 1.152936752 1.056230921 1.130247988 1.063530234 1.103523842 1.129392923 1.113005908 1.111500280 1.148040348 1.108907004 1.068628042 1.166324014 1.164209731 0.624718181 0.000000000 0.326177222 0.667785593 0.724602162 0.602265263 0.642805557 0.657277362 0.679596714 0.962020855 0.944276238 0.977973970 1.004206869 1.363598135 1.361364143 1.268665783 1.205104539 1.241201484 1.241146727 1.248209618 1.264376446 1.196445940 1.715350925 
5     1.268009439 1.284296301 1.168789941 1.285407752 1.276200042 1.233825397 1.229946173 1.236523205 1.196572182 1.399100766 1.408602663 1.158797959 1.132013578 1.117509869 1.179396818 1.165000410 1.076282291 1.149219410 1.082792414 1.123832426 1.149705955 1.133034422 1.131278378 1.167671388 1.134839490 1.091255592 1.189134395 1.189789221 0.644260322 0.326177222 0.000000000 0.685138190 0.741535887 0.616278175 0.656276330 0.671608648 0.694165648 0.982502393 0.961289309 0.993600182 1.024991573 1.378469172 1.367733745 1.281580293 1.229072639 1.258691306 1.258820275 1.265179025 1.280626901 1.210929539 1.727961148 
38     1.190484596 1.209442762 1.080518442 1.195622135 1.188934150 1.140825000 1.136844415 1.143950339 1.107051148 1.315986094 1.327267643 1.079947877 1.046604696 1.038721436 1.103041042 1.094540349 0.982264269 1.057416449 0.993849065 1.039668197 1.060438398 1.049765530 1.046268394 1.081801803 1.044698636 1.004489528 1.103495398 1.104097646 0.583613068 0.667785593 0.685138190 0.000000000 0.658842947 0.544344582 0.590493913 0.612956558 0.634444545 0.905032631 0.882550844 0.913797412 0.937805069 1.292122250 1.283772112 1.182783843 1.127478835 1.168027096 1.167619658 1.175062222 1.191307708 1.124935305 1.617572784 
37     1.213486038 1.227919057 1.106008508 1.226627215 1.215129643 1.168537155 1.164454537 1.170698795 1.131355944 1.339059699 1.349929862 1.102289899 1.072045419 1.057360030 1.127865595 1.109628050 1.011076500 1.090002770 1.024745442 1.073042754 1.093938039 1.076575421 1.074717824 1.111308438 1.079595636 1.036185712 1.122850900 1.133856231 0.624444510 0.724602162 0.741535887 0.658842947 0.000000000 0.585825597 0.637576417 0.653810335 0.675529061 0.945772962 0.907341665 0.939540711 0.962840023 1.332685735 1.323191754 1.228847420 1.168329520 1.204610462 1.202724612 1.211093636 1.227151242 1.159006846 1.672027485 
18     1.096590103 1.112653635 0.993506848 1.118415737 1.109016827 1.052503754 1.047495748 1.054529893 1.011132590 1.229214367 1.237949580 0.995343171 0.952438143 0.939921213 0.997749031 0.989956824 0.902453852 0.979506248 0.914945649 0.954052095 0.970882882 0.963085737 0.956068538 0.999059275 0.957566649 0.929094533 1.015952211 1.021659506 0.481539251 0.602265263 0.616278175 0.544344582 0.585825597 0.000000000 0.287036773 0.305692507 0.324516084 0.807853958 0.790434632 0.822110829 0.845578201 1.203916656 1.197494511 1.099464351 1.038295887 1.083891035 1.081564696 1.087128339 1.094729780 1.029821543 1.559219628 
16     1.132888243 1.148139853 1.025287589 1.156081747 1.146564616 1.099021602 1.094013596 1.102109922 1.060249938 1.267225309 1.272819081 1.028754689 0.987686667 0.979527690 1.032553854 1.029790799 0.933839161 1.009628441 0.946983387 0.994085171 1.011889951 1.001302339 0.999640189 1.037498745 1.001855835 0.971449569 1.053822881 1.060265188 0.528596038 0.642805557 0.656276330 0.590493913 0.637576417 0.287036773 0.000000000 0.220957457 0.283952684 0.851178434 0.822698427 0.850684628 0.883241007 1.244626173 1.240653952 1.142981007 1.086377902 1.129267109 1.128047194 1.133120763 1.133182992 1.070734238 1.601550434 
4     1.150247633 1.165393679 1.047746566 1.175296984 1.165054242 1.118768086 1.113760080 1.120792028 1.080059459 1.284134473 1.290555990 1.045521393 1.008864338 0.995952760 1.052355710 1.046529881 0.955177064 1.030813891 0.968245019 1.015686644 1.035236892 1.023982981 1.021970010 1.060386879 1.020695157 0.992604528 1.074959901 1.079447570 0.547000282 0.657277362 0.671608648 0.612956558 0.653810335 0.305692507 0.220957457 0.000000000 0.303748264 0.865371261 0.843672630 0.872548179 0.903168069 1.267144108 1.266305397 1.165169235 1.107148183 1.148834221 1.147593601 1.153268300 1.154445808 1.090775978 1.626699671 
39     1.170341092 1.185978491 1.063092218 1.192102526 1.182688318 1.134938815 1.130011635 1.136150343 1.097211799 1.304020586 1.310013653 1.065029976 1.027586720 1.014655334 1.070630972 1.066483164 0.975473350 1.053001734 0.987415231 1.029350803 1.048418631 1.036826087 1.035056201 1.072939042 1.041339364 1.014713732 1.088477871 1.099028352 0.568082397 0.679596714 0.694165648 0.634444545 0.675529061 0.324516084 0.283952684 0.303748264 0.000000000 0.887522980 0.862970196 0.892625688 0.917721118 1.288484688 1.284144704 1.183169406 1.118338435 1.164306217 1.163062838 1.168513202 1.171263442 1.108767229 1.645107984 
2     1.145624217 1.167629375 1.044108953 1.161634157 1.152903280 1.101313902 1.097005500 1.106230411 1.071944760 1.277836978 1.289686839 1.043589806 1.016683779 1.003962228 1.059630775 1.041696508 0.970822331 1.038390124 0.974791948 1.021000904 1.037584516 1.028700922 1.028929228 1.071245938 1.032216018 0.975995195 1.068871493 1.071402996 0.814513680 0.962020855 0.982502393 0.905032631 0.945772962 0.807853958 0.851178434 0.865371261 0.887522980 0.000000000 0.847840848 0.875360031 0.921451291 1.251233165 1.251159880 1.150014497 1.087150337 1.124337562 1.125439978 1.129459727 1.159701418 1.094597454 1.601308963 
41     1.092724930 1.116533989 0.986449253 1.108897321 1.100883420 1.057480260 1.053410494 1.063041896 1.015880019 1.234037384 1.244148771 0.993238753 0.953743314 0.948203366 1.007742899 0.986772178 0.889174042 0.963365476 0.902530342 0.959637733 0.976854553 0.959165498 0.958190151 0.990770922 0.957355166 0.922292294 1.008044729 1.016702331 0.798727785 0.944276238 0.961289309 0.882550844 0.907341665 0.790434632 0.822698427 0.843672630 0.862970196 0.847840848 0.000000000 0.257901745 0.668238244 1.203363938 1.196266115 1.098889555 1.035225640 1.078229754 1.078560529 1.082594114 1.089356760 1.021259115 1.549752789 
33     1.118913379 1.141061455 1.008944458 1.135081808 1.126826464 1.084000781 1.077552578 1.088161491 1.041928637 1.258221535 1.270475449 1.018710137 0.976973440 0.974980010 1.033664673 1.015656530 0.912547660 0.990540793 0.927967864 0.988118776 1.003045328 0.983656766 0.982619852 1.019001547 0.983309491 0.943633380 1.028564991 1.038784466 0.828104577 0.977973970 0.993600182 0.913797412 0.939540711 0.822110829 0.850684628 0.872548179 0.892625688 0.875360031 0.257901745 0.000000000 0.696994469 1.229611714 1.224602604 1.127021177 1.057987835 1.106956657 1.107831052 1.113876375 1.121350042 1.050342131 1.564743653 
28     1.168553283 1.189435053 1.060293283 1.178354345 1.168524929 1.120653214 1.115338436 1.124788329 1.088645228 1.301150829 1.313117548 1.060433217 1.024542535 1.016666024 1.082036228 1.059820143 0.967148883 1.043729480 0.974640190 1.037810416 1.055042394 1.036036727 1.036029004 1.075680273 1.035586810 1.005567461 1.083966935 1.087319696 0.868659327 1.004206869 1.024991573 0.937805069 0.962840023 0.845578201 0.883241007 0.903168069 0.917721118 0.921451291 0.668238244 0.696994469 0.000000000 1.284029838 1.274832922 1.187314865 1.117990488 1.156299402 1.156620800 1.164861715 1.172880349 1.109821662 1.613837604 
47     1.324594516 1.349140790 1.239892456 1.339504179 1.329111832 1.283337609 1.278048108 1.291022631 1.248336963 1.465082246 1.476913750 1.220494221 1.191331049 1.178904192 1.239751398 1.216147015 1.161086654 1.221477347 1.170584724 1.199376142 1.216160833 1.199652621 1.201017495 1.241585427 1.203330968 1.171105713 1.252539928 1.280524436 1.209124675 1.363598135 1.378469172 1.292122250 1.332685735 1.203916656 1.244626173 1.267144108 1.288484688 1.251233165 1.203363938 1.229611714 1.284029838 0.000000000 0.352485362 0.687662516 0.833663776 0.884615836 0.885675914 0.890585241 0.933848579 0.845428018 1.714272750 
50     1.311972107 1.337291326 1.230610181 1.335445371 1.326532983 1.276751516 1.271277853 1.283282231 1.241492261 1.451103158 1.467755459 1.215123179 1.190369574 1.167410718 1.230440818 1.208178060 1.151784467 1.212952966 1.160504485 1.191264019 1.210439267 1.192383957 1.192376333 1.233638211 1.196728105 1.156843934 1.249691059 1.268693605 1.204817630 1.361364143 1.367733745 1.283772112 1.323191754 1.197494511 1.240653952 1.266305397 1.284144704 1.251159880 1.196266115 1.224602604 1.274832922 0.352485362 0.000000000 0.659857488 0.823442741 0.867733835 0.868381199 0.874433066 0.915734259 0.829750515 1.713400546 
43     1.216820667 1.246326980 1.133613852 1.235859419 1.226270615 1.179656985 1.172863133 1.185641616 1.145499901 1.361644001 1.374444732 1.119935579 1.087128798 1.074557839 1.136548817 1.112494144 1.054683830 1.120782464 1.060993545 1.098635911 1.116853133 1.097545853 1.098951557 1.139612770 1.103936332 1.054250879 1.154525729 1.166603722 1.098687193 1.268665783 1.281580293 1.182783843 1.228847420 1.099464351 1.142981007 1.165169235 1.183169406 1.150014497 1.098889555 1.127021177 1.187314865 0.687662516 0.659857488 0.000000000 0.728750342 0.786906728 0.789022639 0.795646757 0.828574869 0.744171782 1.625693588 
46     1.173524800 1.196033187 1.060224710 1.175570956 1.167012064 1.120687036 1.113603231 1.122188367 1.086275481 1.310285452 1.318285911 1.064099561 1.031043046 1.017610739 1.081038290 1.056983304 0.996352772 1.071527722 1.009425968 1.043974390 1.055208762 1.031099416 1.026968580 1.076907675 1.038367617 1.000051705 1.088217713 1.100186290 1.049151508 1.205104539 1.229072639 1.127478835 1.168329520 1.038295887 1.086377902 1.107148183 1.118338435 1.087150337 1.035225640 1.057987835 1.117990488 0.833663776 0.823442741 0.728750342 0.000000000 0.639827723 0.640210970 0.653138962 0.730129647 0.640194063 1.534365289 
48     1.213514679 1.236430303 1.114832579 1.225806598 1.215989058 1.173284709 1.165825022 1.175451954 1.139823749 1.347244503 1.361680590 1.109703151 1.086235049 1.069808681 1.126156133 1.103967898 1.030217171 1.100371279 1.042823764 1.089413772 1.100866503 1.080604433 1.081178940 1.116224910 1.081330790 1.053514200 1.131655563 1.144635066 1.103080677 1.241201484 1.258691306 1.168027096 1.204610462 1.083891035 1.129267109 1.148834221 1.164306217 1.124337562 1.078229754 1.106956657 1.156299402 0.884615836 0.867733835 0.786906728 0.639827723 0.000000000 0.096068824 0.119825206 0.780483161 0.701746959 1.584937976 
45     1.215747269 1.236741578 1.114043947 1.226739253 1.217020936 1.174332426 1.166872739 1.176499671 1.140439433 1.347995386 1.362143238 1.109457218 1.084608808 1.068415324 1.123672986 1.102418514 1.030276705 1.101609200 1.044664201 1.089811416 1.101134539 1.082376473 1.082950980 1.116028672 1.081449252 1.054894545 1.133720278 1.145886970 1.102330362 1.241146727 1.258820275 1.167619658 1.202724612 1.081564696 1.128047194 1.147593601 1.163062838 1.125439978 1.078560529 1.107831052 1.156620800 0.885675914 0.868381199 0.789022639 0.640210970 0.096068824 0.000000000 0.120013545 0.783788054 0.705485849 1.589985648 
42     1.223297567 1.243899285 1.119955819 1.236250560 1.226433020 1.183853932 1.176395260 1.185600929 1.150323596 1.358973853 1.373409940 1.120743355 1.095271519 1.079527910 1.136077398 1.114018321 1.038377938 1.109232018 1.052704316 1.094826080 1.107044001 1.089336007 1.090305875 1.124245675 1.089110761 1.061975313 1.141548900 1.153391202 1.107695409 1.248209618 1.265179025 1.175062222 1.211093636 1.087128339 1.133120763 1.153268300 1.168513202 1.129459727 1.082594114 1.113876375 1.164861715 0.890585241 0.874433066 0.795646757 0.653138962 0.119825206 0.120013545 0.000000000 0.790617728 0.712257599 1.598708174 
49     1.241302618 1.259350450 1.138707897 1.258696392 1.247593058 1.188069388 1.181328112 1.193939347 1.163109777 1.373824879 1.387328870 1.130451884 1.109563159 1.091902017 1.152858881 1.134227216 1.060115931 1.126880440 1.067893344 1.113571778 1.121064882 1.101645930 1.102195522 1.142427902 1.108794257 1.079567715 1.160284102 1.174857569 1.117190320 1.264376446 1.280626901 1.191307708 1.227151242 1.094729780 1.133182992 1.154445808 1.171263442 1.159701418 1.089356760 1.121350042 1.172880349 0.933848579 0.915734259 0.828574869 0.730129647 0.780483161 0.783788054 0.790617728 0.000000000 0.397830779 1.623123402 
44     1.172391354 1.196623536 1.063070469 1.181600302 1.171459013 1.112949455 1.106752637 1.118716508 1.081623465 1.300204977 1.313664000 1.058169040 1.035984932 1.016502806 1.074463130 1.052974688 0.989791637 1.058675531 1.002230893 1.038888330 1.048980260 1.030665502 1.030736484 1.070320662 1.044829215 0.993945015 1.092786251 1.095473363 1.048776326 1.196445940 1.210929539 1.124935305 1.159006846 1.029821543 1.070734238 1.090775978 1.108767229 1.094597454 1.021259115 1.050342131 1.109821662 0.845428018 0.829750515 0.744171782 0.640194063 0.701746959 0.705485849 0.712257599 0.397830779 0.000000000 1.531335372 
0     1.672282731 1.699613274 1.581997627 1.709744579 1.698415204 1.657342766 1.651878536 1.659288881 1.616745785 1.836909476 1.844347279 1.572735343 1.551142311 1.527592016 1.605531026 1.587037817 1.477666289 1.554667017 1.481550916 1.531576638 1.541920582 1.527636834 1.521717122 1.569926438 1.530894409 1.480853974 1.595423779 1.583775242 1.563741349 1.715350925 1.727961148 1.617572784 1.672027485 1.559219628 1.601550434 1.626699671 1.645107984 1.601308963 1.549752789 1.564743653 1.613837604 1.714272750 1.713400546 1.625693588 1.534365289 1.584937976 1.589985648 1.598708174 1.623123402 1.531335372 0.000000000 
