51
35     0.000000000 0.000026140 0.026726000 0.011590000 0.105096110 0.008843520 0.018654880 0.000921910 0.000804030 0.036776780 0.000643560 0.045110190 0.037789030 0.004732500 0.021700750 0.107999610 0.037030100 0.042194810 0.013039770 0.031143540 0.031134160 0.051177350 0.055711120 0.042733450 0.014615950 0.059650970 0.010530990 0.048079070 0.022626700 0.013723290 0.044804580 0.016740110 0.017293860 0.024945620 0.017494530 0.019077400 0.037977520 0.096342570 0.011155790 0.032110760 0.000804030 0.007690710 0.037279920 0.007925940 0.059669220 0.128225840 0.128008140 0.109384590 0.012654730 0.042851400 0.012200730 
29     0.000026140 0.000000000 0.017369090 0.008460000 0.065129590 0.008818440 0.018629800 0.000896830 0.000778950 0.036751700 0.000618480 0.007562380 0.040244580 0.004725620 0.021675670 0.080797460 0.001512740 0.042169730 0.001753450 0.024886890 0.031109080 0.041623990 0.071344870 0.027732030 0.033144640 0.009096750 0.059604900 0.065695150 0.050903610 0.066265360 0.049638850 0.011419780 0.038886470 0.017513470 0.036470220 0.051027530 0.034012580 0.095475460 0.011989630 0.032085680 0.000778950 0.081776730 0.072954870 0.042581600 0.003712820 0.050998990 0.114966160 0.109359510 0.035254850 0.058718500 0.097333670 
12     0.026726000 0.017369090 0.000000000 0.048293820 0.033598930 0.039775450 0.036063600 0.031853840 0.031735960 0.009261870 0.017780480 0.023624830 0.047488050 0.032060300 0.052653480 0.033256430 0.013972140 0.011770020 0.003613940 0.000718750 0.000709370 0.020750540 0.023472690 0.012306640 0.002744930 0.024682850 0.021364300 0.035882320 0.006626120 0.039418110 0.012456610 0.029169870 0.104723820 0.033978980 0.013165480 0.029326170 0.032651360 0.030937110 0.000198470 0.001483950 0.031735960 0.025339980 0.087567040 0.012846180 0.000039080 0.031939900 0.023995080 0.043546450 0.019836920 0.005702360 0.023466300 
1     0.011590000 0.008460000 0.048293820 0.000000000 0.000265480 0.026291330 0.041982790 0.010224110 0.001113560 0.013289260 0.010066330 0.003237260 0.066564800 0.001999490 0.073820070 0.020332910 0.020921050 0.107731930 0.023219010 0.074289980 0.041108700 0.127098450 0.114044100 0.151997840 0.055398870 0.087791760 0.015892120 0.038532010 0.103450920 0.009145790 0.124987590 0.044765090 0.053552520 0.054409770 0.080290720 0.050035790 0.080521910 0.026685270 0.001631630 0.031053590 0.019688110 0.020792560 0.059193040 0.024174450 0.034972320 0.031690810 0.036513740 0.036514050 0.117741810 0.027455740 0.077843690 
31     0.105096110 0.065129590 0.033598930 0.000265480 0.000000000 0.026433210 0.036184680 0.010365990 0.004673510 0.012505240 0.015224480 0.008395410 0.041456900 0.037297650 0.059125180 0.031892820 0.015509750 0.108291180 0.016536530 0.091505790 0.068461780 0.133342220 0.122415500 0.127925310 0.041031270 0.077362750 0.059316800 0.044803780 0.012552990 0.012284820 0.087238040 0.012831760 0.043977100 0.056399440 0.058328030 0.034192630 0.087129490 0.023984750 0.004398110 0.013018240 0.021496680 0.100565910 0.046777070 0.015030120 0.033072880 0.036110140 0.041671890 0.040070770 0.102494330 0.027314820 0.068699360 
21     0.008843520 0.008818440 0.039775450 0.026291330 0.026433210 0.000000000 0.000048190 0.000116770 0.009403270 0.011862280 0.009394860 0.032714260 0.031053750 0.022765760 0.017408260 0.028123560 0.083411810 0.032806360 0.006989950 0.020315260 0.039885620 0.059928810 0.058283010 0.051484910 0.015434510 0.015237340 0.068381440 0.064293610 0.038241430 0.103694370 0.096187240 0.046764840 0.094301870 0.095515590 0.075515240 0.021045480 0.040972370 0.038124010 0.039576980 0.036577490 0.009403270 0.042357730 0.060201040 0.024055270 0.069425370 0.046561260 0.097321730 0.025652210 0.078320050 0.028669750 0.044284450 
25     0.018654880 0.018629800 0.036063600 0.041982790 0.036184680 0.000048190 0.000000000 0.000026830 0.010487180 0.038066120 0.019206220 0.005998190 0.044084210 0.024409350 0.040284370 0.023006050 0.042579470 0.060757630 0.035428990 0.021630970 0.049696980 0.059789430 0.053989470 0.061296270 0.028859890 0.082809200 0.051144520 0.039901410 0.068581720 0.041834440 0.101559050 0.043833730 0.093993940 0.093042650 0.061896220 0.012023380 0.054846610 0.087650440 0.049388340 0.035925860 0.019214630 0.060395620 0.076584640 0.015016290 0.075437250 0.037828930 0.095668150 0.007165930 0.076214870 0.012030700 0.004707530 
20     0.000921910 0.000896830 0.031853840 0.010224110 0.010365990 0.000116770 0.000026830 0.000000000 0.001481660 0.034803410 0.001473250 0.025689190 0.038924650 0.017001360 0.022551400 0.038898160 0.079922870 0.043024660 0.035025960 0.031973390 0.031964010 0.052007200 0.028370050 0.043563300 0.033999570 0.016530060 0.034267980 0.009825550 0.023324720 0.056101090 0.040988110 0.052432880 0.074446770 0.018969200 0.070763400 0.020724360 0.054515330 0.014410290 0.031130370 0.022393580 0.001481660 0.091555810 0.064811290 0.087015950 0.082697680 0.029940740 0.031578140 0.020446450 0.073535480 0.029797610 0.041288510 
24     0.000804030 0.000778950 0.031735960 0.001113560 0.004673510 0.009403270 0.010487180 0.001481660 0.000000000 0.002694970 0.001355370 0.023636660 0.047847990 0.012894210 0.022433520 0.054988810 0.075551430 0.009609430 0.050898080 0.031855510 0.031846130 0.051889320 0.078050700 0.030684030 0.017941530 0.050468720 0.029878370 0.041403990 0.049174420 0.009714570 0.022789480 0.019305410 0.042487640 0.008281730 0.011804250 0.031112000 0.044795130 0.112561200 0.016970590 0.032822730 0.000000000 0.019061870 0.004801790 0.017975460 0.016395490 0.076952620 0.073346780 0.044522520 0.000602280 0.021527060 0.011021880 
6     0.036776780 0.036751700 0.009261870 0.013289260 0.012505240 0.011862280 0.038066120 0.034803410 0.002694970 0.000000000 0.000186500 0.002779510 0.017161780 0.022741780 0.039306280 0.033452730 0.010576910 0.030699350 0.024627600 0.052749420 0.067818880 0.087862070 0.083760670 0.079418170 0.056562550 0.096347800 0.081287340 0.069075790 0.017682510 0.034480660 0.066516890 0.061642990 0.010950330 0.091793410 0.097393920 0.030850070 0.095741180 0.011047080 0.067510240 0.009591210 0.019773320 0.118666950 0.045367110 0.063126870 0.056283900 0.042622550 0.052322420 0.052322730 0.110470200 0.015100740 0.101402910 
30     0.000643560 0.000618480 0.017780480 0.010066330 0.015224480 0.009394860 0.019206220 0.001473250 0.001355370 0.000186500 0.000000000 0.010175710 0.070269060 0.016723010 0.022273050 0.051499400 0.038524980 0.020184090 0.066633250 0.014228430 0.031685660 0.051728850 0.075229870 0.043284950 0.032231300 0.102396550 0.060181480 0.018802030 0.038008170 0.079431870 0.004298260 0.078147500 0.017465900 0.007533870 0.063623840 0.047987930 0.101521640 0.044223520 0.031377020 0.032662260 0.001355370 0.028993680 0.073714500 0.053092400 0.065447860 0.047058030 0.043452190 0.043452500 0.089146110 0.084684680 0.080398990 
32     0.045110190 0.007562380 0.023624830 0.003237260 0.008395410 0.032714260 0.005998190 0.025689190 0.023636660 0.002779510 0.010175710 0.000000000 0.027901200 0.027255250 0.049911710 0.048607140 0.022140390 0.048389610 0.030376220 0.058030650 0.100595810 0.095975500 0.095647290 0.116143170 0.012165580 0.037861450 0.003580310 0.037708970 0.003352900 0.034124130 0.060033510 0.021568580 0.034522450 0.035481130 0.044696270 0.072801570 0.077875930 0.061758570 0.036044270 0.074004570 0.045558990 0.054225990 0.039726170 0.033557580 0.005949950 0.036886940 0.003244510 0.033281410 0.072526730 0.046064960 0.045628290 
15     0.037789030 0.040244580 0.047488050 0.066564800 0.041456900 0.031053750 0.044084210 0.038924650 0.047847990 0.017161780 0.070269060 0.027901200 0.000000000 0.021054050 0.017781450 0.052234940 0.014950690 0.108853600 0.031411000 0.009124350 0.033665570 0.103766730 0.105036680 0.013610350 0.087635260 0.070406840 0.022404320 0.029902160 0.021406950 0.039909160 0.037802530 0.014828210 0.049066350 0.048574250 0.084863470 0.052043760 0.048683120 0.030443120 0.039919010 0.054977270 0.016823350 0.040480040 0.086901630 0.019864760 0.017502110 0.055749760 0.060432330 0.066832530 0.051553790 0.030629410 0.067944010 
22     0.004732500 0.004725620 0.032060300 0.001999490 0.037297650 0.022765760 0.024409350 0.017001360 0.012894210 0.022741780 0.016723010 0.027255250 0.021054050 0.000000000 0.000002270 0.005044570 0.026518170 0.057406710 0.015008580 0.047223150 0.014290920 0.020037720 0.016542590 0.057095540 0.039820310 0.010570810 0.075709590 0.014525690 0.008620300 0.008797910 0.027601220 0.041757780 0.009619520 0.001489080 0.020606330 0.064728730 0.002812180 0.069235650 0.019697680 0.048190370 0.016883480 0.043349440 0.033799360 0.048422500 0.065286580 0.047332290 0.048479250 0.073468620 0.029475910 0.069751490 0.002548010 
9     0.021700750 0.021675670 0.052653480 0.073820070 0.059125180 0.017408260 0.040284370 0.022551400 0.022433520 0.039306280 0.022273050 0.049911710 0.017781450 0.000002270 0.000000000 0.013055200 0.052794290 0.033137850 0.075727990 0.052773030 0.052763650 0.072806840 0.098920540 0.047362300 0.044547050 0.037769100 0.078464340 0.014523840 0.014015220 0.033035050 0.073763590 0.025949830 0.061549580 0.015171140 0.058139650 0.064488150 0.038450010 0.000487870 0.052455010 0.053740250 0.013424080 0.056332180 0.058539510 0.026125130 0.065284730 0.028048810 0.015293360 0.083469020 0.026444790 0.018020000 0.073313920 
27     0.107999610 0.080797460 0.033256430 0.020332910 0.031892820 0.028123560 0.023006050 0.038898160 0.054988810 0.033452730 0.051499400 0.048607140 0.052234940 0.005044570 0.013055200 0.000000000 0.040130850 0.013984490 0.008843910 0.048098910 0.059465310 0.095127930 0.091029000 0.083026610 0.000309930 0.084502360 0.073192600 0.052603880 0.004290000 0.043712310 0.058127250 0.142029930 0.027630020 0.078784760 0.103041720 0.115899980 0.006956990 0.081277200 0.020877950 0.049053890 0.048034340 0.054473070 0.064583500 0.029732050 0.046924740 0.052990520 0.060032460 0.045146740 0.014103390 0.076819470 0.130220680 
13     0.037030100 0.001512740 0.013972140 0.020921050 0.015509750 0.083411810 0.042579470 0.079922870 0.075551430 0.010576910 0.038524980 0.022140390 0.014950690 0.026518170 0.052794290 0.040130850 0.000000000 0.003699960 0.004444540 0.009506870 0.026675260 0.030992840 0.024624520 0.037008190 0.013710710 0.045815130 0.017128950 0.023246420 0.009094160 0.029029580 0.028320630 0.010830750 0.018845830 0.019819320 0.040130330 0.032240390 0.027182840 0.012704150 0.011782800 0.027826940 0.047309120 0.059427870 0.007805360 0.015436710 0.039576100 0.021037040 0.026107670 0.021651490 0.013919760 0.018578060 0.026585040 
19     0.042194810 0.042169730 0.011770020 0.107731930 0.108291180 0.032806360 0.060757630 0.043024660 0.009609430 0.030699350 0.020184090 0.048389610 0.108853600 0.057406710 0.033137850 0.013984490 0.003699960 0.000000000 0.000399700 0.008174860 0.011060970 0.031923380 0.057747780 0.023479480 0.013456550 0.013190500 0.019426290 0.047055160 0.041802270 0.026580820 0.033630610 0.066011440 0.015968280 0.020925070 0.045115190 0.034159630 0.041221810 0.021424240 0.000048160 0.012856790 0.018773210 0.068247490 0.042022900 0.092896480 0.022246180 0.055556980 0.055929890 0.030987350 0.049262150 0.009927000 0.043534420 
36     0.013039770 0.001753450 0.003613940 0.023219010 0.016536530 0.006989950 0.035428990 0.035025960 0.050898080 0.024627600 0.066633250 0.030376220 0.031411000 0.015008580 0.075727990 0.008843910 0.004444540 0.000399700 0.000000000 0.029799120 0.034947910 0.004965060 0.005476530 0.047036320 0.024831590 0.015743100 0.041644040 0.034035310 0.046155580 0.034489070 0.003640430 0.012124640 0.017057900 0.010772650 0.042918000 0.030859080 0.041371320 0.011266690 0.035458490 0.036743730 0.008669870 0.069409530 0.065134850 0.020639320 0.063492110 0.047025600 0.047911690 0.013334700 0.009845760 0.022998510 0.011233210 
40     0.031143540 0.024886890 0.000718750 0.074289980 0.091505790 0.020315260 0.021630970 0.031973390 0.031855510 0.052749420 0.014228430 0.058030650 0.009124350 0.047223150 0.052773030 0.048098910 0.009506870 0.008174860 0.029799120 0.000000000 0.000009700 0.020872110 0.018720260 0.005739850 0.002405280 0.022470790 0.028505520 0.036003890 0.051166970 0.009940170 0.021934860 0.033558340 0.059249730 0.102075750 0.051099110 0.050609830 0.035656280 0.012867220 0.000520280 0.001805520 0.011603340 0.021251540 0.033374500 0.027633110 0.021605500 0.019258780 0.078716070 0.077616650 0.028830880 0.050339630 0.091918010 
3     0.031134160 0.031109080 0.000709370 0.041108700 0.068461780 0.039885620 0.049696980 0.031964010 0.031846130 0.067818880 0.031685660 0.100595810 0.033665570 0.014290920 0.052763650 0.059465310 0.026675260 0.011060970 0.034947910 0.000009700 0.000000000 0.020862730 0.018467760 0.011471260 0.002395900 0.030841050 0.028496140 0.035994510 0.006392490 0.072679420 0.023353740 0.066611870 0.030627690 0.018975000 0.031286570 0.076381050 0.076876200 0.025386690 0.000510900 0.001796140 0.011350840 0.032284420 0.033122000 0.004082410 0.083537250 0.062029660 0.030258490 0.079069970 0.028578380 0.056679050 0.009139270 
10     0.051177350 0.041623990 0.020750540 0.127098450 0.133342220 0.059928810 0.059789430 0.052007200 0.051889320 0.087862070 0.051728850 0.095975500 0.103766730 0.020037720 0.072806840 0.095127930 0.030992840 0.031923380 0.004965060 0.020872110 0.020862730 0.000000000 0.000999560 0.009996800 0.022898290 0.019570590 0.049358550 0.055981460 0.030890850 0.060717480 0.036944180 0.015114040 0.097938480 0.066329530 0.020567770 0.048282420 0.052766450 0.000463160 0.001564450 0.021837310 0.047525840 0.022465960 0.050001600 0.014592540 0.033851520 0.034913220 0.048819030 0.012137940 0.101501800 0.050070010 0.033275350 
14     0.055711120 0.071344870 0.023472690 0.114044100 0.122415500 0.058283010 0.053989470 0.028370050 0.078050700 0.083760670 0.075229870 0.095647290 0.105036680 0.016542590 0.098920540 0.091029000 0.024624520 0.057747780 0.005476530 0.018720260 0.018467760 0.000999560 0.000000000 0.005774030 0.050213700 0.020840540 0.027567040 0.069125570 0.030965320 0.054325860 0.035728050 0.013151750 0.020759590 0.091011840 0.060076860 0.059587580 0.086366910 0.055404240 0.013985730 0.044229040 0.007187740 0.047301130 0.034394650 0.007969900 0.050347590 0.064464640 0.026047320 0.029009590 0.045263420 0.049064500 0.031509310 
8     0.042733450 0.027732030 0.012306640 0.151997840 0.127925310 0.051484910 0.061296270 0.043563300 0.030684030 0.079418170 0.043284950 0.116143170 0.013610350 0.057095540 0.047362300 0.083026610 0.037008190 0.023479480 0.047036320 0.005739850 0.011471260 0.009996800 0.005774030 0.000000000 0.014454390 0.040044660 0.040914650 0.047537560 0.023442340 0.034044670 0.022392270 0.036977840 0.018514720 0.091387950 0.054518610 0.054029330 0.056155360 0.020285670 0.012108170 0.013393410 0.000191240 0.041972960 0.042605500 0.037069150 0.026931380 0.095020010 0.075422200 0.083860880 0.038266920 0.023105980 0.033133760 
7     0.014615950 0.033144640 0.002744930 0.055398870 0.041031270 0.015434510 0.028859890 0.033999570 0.017941530 0.056562550 0.032231300 0.012165580 0.087635260 0.039820310 0.044547050 0.000309930 0.013710710 0.013456550 0.024831590 0.002405280 0.002395900 0.022898290 0.050213700 0.014454390 0.000000000 0.000807710 0.030891720 0.011778980 0.034469620 0.009910470 0.040021200 0.062392850 0.030850810 0.008690060 0.040398110 0.007927440 0.011564150 0.079683280 0.002546460 0.003831700 0.033881690 0.011227740 0.034619760 0.035539090 0.015849960 0.018797220 0.022511050 0.030949730 0.019153730 0.052957200 0.052982660 
17     0.059650970 0.009096750 0.024682850 0.087791760 0.077362750 0.015237340 0.082809200 0.016530060 0.050468720 0.096347800 0.102396550 0.037861450 0.070406840 0.010570810 0.037769100 0.084502360 0.045815130 0.013190500 0.015743100 0.022470790 0.030841050 0.019570590 0.020840540 0.040044660 0.000807710 0.000000000 0.057632930 0.045765730 0.013921880 0.021555090 0.027579250 0.056017170 0.063619920 0.039662850 0.016423570 0.008768760 0.042879540 0.018370580 0.042057720 0.031149320 0.054192260 0.044945410 0.072616170 0.033155140 0.003935790 0.010179250 0.024706490 0.047103150 0.044146090 0.030011530 0.019785880 
26     0.010530990 0.059604900 0.021364300 0.015892120 0.059316800 0.068381440 0.051144520 0.034267980 0.029878370 0.081287340 0.060181480 0.003580310 0.022404320 0.075709590 0.078464340 0.073192600 0.017128950 0.019426290 0.041644040 0.028505520 0.028496140 0.049358550 0.027567040 0.040914650 0.030891720 0.057632930 0.000000000 0.015992690 0.029665330 0.030900040 0.043131270 0.039873870 0.040327970 0.006751130 0.019633220 0.017559670 0.049673670 0.030269950 0.029006720 0.030291960 0.011729260 0.101414810 0.121130670 0.012227650 0.048969290 0.092128680 0.117240250 0.096392680 0.053408940 0.046372820 0.075462470 
11     0.048079070 0.065695150 0.035882320 0.038532010 0.044803780 0.064293610 0.039901410 0.009825550 0.041403990 0.069075790 0.018802030 0.037708970 0.029902160 0.014525690 0.014523840 0.052603880 0.023246420 0.047055160 0.034035310 0.036003890 0.035994510 0.055981460 0.069125570 0.047537560 0.011778980 0.045765730 0.015992690 0.000000000 0.050931940 0.084460790 0.075186720 0.017887920 0.033010650 0.033738800 0.052082250 0.025287480 0.058256510 0.093280770 0.035683850 0.036969090 0.067021100 0.041983020 0.007119040 0.013679130 0.014225210 0.080461320 0.034195190 0.042633870 0.018344060 0.008004810 0.062104120 
34     0.022626700 0.050903610 0.006626120 0.103450920 0.012552990 0.038241430 0.068581720 0.023324720 0.049174420 0.017682510 0.038008170 0.003352900 0.021406950 0.008620300 0.014015220 0.004290000 0.009094160 0.041802270 0.046155580 0.051166970 0.006392490 0.030890850 0.030965320 0.023442340 0.034469620 0.013921880 0.029665330 0.050931940 0.000000000 0.000008070 0.000032630 0.019646510 0.002528600 0.004961750 0.007322660 0.005222960 0.004015450 0.000649630 0.008620240 0.034717410 0.020989330 0.008547120 0.005385550 0.015790590 0.013127330 0.023810690 0.029472310 0.024426840 0.041144760 0.006671480 0.084202960 
23     0.013723290 0.066265360 0.039418110 0.009145790 0.012284820 0.103694370 0.041834440 0.056101090 0.009714570 0.034480660 0.079431870 0.034124130 0.039909160 0.008797910 0.033035050 0.043712310 0.029029580 0.026580820 0.034489070 0.009940170 0.072679420 0.060717480 0.054325860 0.034044670 0.009910470 0.021555090 0.030900040 0.084460790 0.000008070 0.000000000 0.000040160 0.013250530 0.004496960 0.003467430 0.006092240 0.003012200 0.004968800 0.040440070 0.010314050 0.021430410 0.051660380 0.016460560 0.007591420 0.028282940 0.046486130 0.074549390 0.075813030 0.015824790 0.045433930 0.016978520 0.056063510 
5     0.044804580 0.049638850 0.012456610 0.124987590 0.087238040 0.096187240 0.101559050 0.040988110 0.022789480 0.066516890 0.004298260 0.060033510 0.037802530 0.027601220 0.073763590 0.058127250 0.028320630 0.033630610 0.003640430 0.021934860 0.023353740 0.036944180 0.035728050 0.022392270 0.040021200 0.027579250 0.043131270 0.075186720 0.000032630 0.000040160 0.000000000 0.016740510 0.004521520 0.004994380 0.006404600 0.004786010 0.005281160 0.019478730 0.012594010 0.045493060 0.049459230 0.005564740 0.018322000 0.045121100 0.005796730 0.024617580 0.029150890 0.083420760 0.099744860 0.095124130 0.043653940 
38     0.016740110 0.011419780 0.029169870 0.044765090 0.012831760 0.046764840 0.043833730 0.052432880 0.019305410 0.061642990 0.078147500 0.021568580 0.014828210 0.041757780 0.025949830 0.142029930 0.010830750 0.066011440 0.012124640 0.033558340 0.066611870 0.015114040 0.013151750 0.036977840 0.062392850 0.056017170 0.039873870 0.017887920 0.019646510 0.013250530 0.016740510 0.000000000 0.008053890 0.002533330 0.027562110 0.025286130 0.025365400 0.041779290 0.051350800 0.002468150 0.036596340 0.050663460 0.005645740 0.003281000 0.056291590 0.051334450 0.051163240 0.064260220 0.044181670 0.051250350 0.039130890 
37     0.017293860 0.038886470 0.104723820 0.053552520 0.043977100 0.094301870 0.093993940 0.074446770 0.042487640 0.010950330 0.017465900 0.034522450 0.049066350 0.009619520 0.061549580 0.027630020 0.018845830 0.015968280 0.017057900 0.059249730 0.030627690 0.097938480 0.020759590 0.018514720 0.030850810 0.063619920 0.040327970 0.033010650 0.002528600 0.004496960 0.004521520 0.008053890 0.000000000 0.000629300 0.027127380 0.000890510 0.003850430 0.023134920 0.043449450 0.016770450 0.003300680 0.034732320 0.045620410 0.029332840 0.078602280 0.027581180 0.018539330 0.045486490 0.063648700 0.054866730 0.016254590 
18     0.024945620 0.017513470 0.033978980 0.054409770 0.056399440 0.095515590 0.093042650 0.018969200 0.008281730 0.091793410 0.007533870 0.035481130 0.048574250 0.001489080 0.015171140 0.078784760 0.019819320 0.020925070 0.010772650 0.102075750 0.018975000 0.066329530 0.091011840 0.091387950 0.008690060 0.039662850 0.006751130 0.033738800 0.004961750 0.003467430 0.004994380 0.002533330 0.000629300 0.000000000 0.005999910 0.000462070 0.001398820 0.025545370 0.025595760 0.035942950 0.016073300 0.030046600 0.041066810 0.017077030 0.016172320 0.072542430 0.035295980 0.043734660 0.062635070 0.010732080 0.008017430 
16     0.017494530 0.036470220 0.013165480 0.080290720 0.058328030 0.075515240 0.061896220 0.070763400 0.011804250 0.097393920 0.063623840 0.044696270 0.084863470 0.020606330 0.058139650 0.103041720 0.040130330 0.045115190 0.042918000 0.051099110 0.031286570 0.020567770 0.060076860 0.054518610 0.040398110 0.016423570 0.019633220 0.052082250 0.007322660 0.006092240 0.006404600 0.027562110 0.027127380 0.005999910 0.000000000 0.000000830 0.000801370 0.033671440 0.023546740 0.028954160 0.032969210 0.051873190 0.061603100 0.014393770 0.049213110 0.030390080 0.018507490 0.017246580 0.035009400 0.035594250 0.037648110 
4     0.019077400 0.051027530 0.029326170 0.050035790 0.034192630 0.021045480 0.012023380 0.020724360 0.031112000 0.030850070 0.047987930 0.072801570 0.052043760 0.064728730 0.064488150 0.115899980 0.032240390 0.034159630 0.030859080 0.050609830 0.076381050 0.048282420 0.059587580 0.054029330 0.007927440 0.008768760 0.017559670 0.025287480 0.005222960 0.003012200 0.004786010 0.025286130 0.000890510 0.000462070 0.000000830 0.000000000 0.000499490 0.027744910 0.032431830 0.056317170 0.007357900 0.039744410 0.073466110 0.030516540 0.052615760 0.044356310 0.030941850 0.029680940 0.023768610 0.090795300 0.076508090 
39     0.037977520 0.034012580 0.032651360 0.080521910 0.087129490 0.040972370 0.054846610 0.054515330 0.044795130 0.095741180 0.101521640 0.077875930 0.048683120 0.002812180 0.038450010 0.006956990 0.027182840 0.041221810 0.041371320 0.035656280 0.076876200 0.052766450 0.086366910 0.056155360 0.011564150 0.042879540 0.049673670 0.058256510 0.004015450 0.004968800 0.005281160 0.025365400 0.003850430 0.001398820 0.000801370 0.000499490 0.000000000 0.030364230 0.037226360 0.035621280 0.019685290 0.035218560 0.041385370 0.035474860 0.035160540 0.074636710 0.026123300 0.034561980 0.069916420 0.033618410 0.042433950 
2     0.096342570 0.095475460 0.030937110 0.026685270 0.023984750 0.038124010 0.087650440 0.014410290 0.112561200 0.011047080 0.044223520 0.061758570 0.030443120 0.069235650 0.000487870 0.081277200 0.012704150 0.021424240 0.011266690 0.012867220 0.025386690 0.000463160 0.055404240 0.020285670 0.079683280 0.018370580 0.030269950 0.093280770 0.000649630 0.040440070 0.019478730 0.041779290 0.023134920 0.025545370 0.033671440 0.027744910 0.030364230 0.000000000 0.007238450 0.002931290 0.012358490 0.023678180 0.060051090 0.016610420 0.046203010 0.036558990 0.033994010 0.055274580 0.028460480 0.049057410 0.064268040 
41     0.011155790 0.011989630 0.000198470 0.001631630 0.004398110 0.039576980 0.049388340 0.031130370 0.016970590 0.067510240 0.031377020 0.036044270 0.039919010 0.019697680 0.052455010 0.020877950 0.011782800 0.000048160 0.035458490 0.000520280 0.000510900 0.001564450 0.013985730 0.012108170 0.002546460 0.042057720 0.029006720 0.035683850 0.008620240 0.010314050 0.012594010 0.051350800 0.043449450 0.025595760 0.023546740 0.032431830 0.037226360 0.007238450 0.000000000 0.001285480 0.004179400 0.070423290 0.026749520 0.013973190 0.036267070 0.045631870 0.043522240 0.044422630 0.036826220 0.004848640 0.034653080 
33     0.032110760 0.032085680 0.001483950 0.031053590 0.013018240 0.036577490 0.035925860 0.022393580 0.032822730 0.009591210 0.032662260 0.074004570 0.054977270 0.048190370 0.053740250 0.049053890 0.027826940 0.012856790 0.036743730 0.001805520 0.001796140 0.021837310 0.044229040 0.013393410 0.003831700 0.031149320 0.030291960 0.036969090 0.034717410 0.021430410 0.045493060 0.002468150 0.016770450 0.035942950 0.028954160 0.056317170 0.035621280 0.002931290 0.001285480 0.000000000 0.006050370 0.026395010 0.011425010 0.023817930 0.002554400 0.021457450 0.025371140 0.026586950 0.070401950 0.036430040 0.041842450 
28     0.000804030 0.000778950 0.031735960 0.019688110 0.021496680 0.009403270 0.019214630 0.001481660 0.000000000 0.019773320 0.001355370 0.045558990 0.016823350 0.016883480 0.013424080 0.048034340 0.047309120 0.018773210 0.008669870 0.011603340 0.011350840 0.047525840 0.007187740 0.000191240 0.033881690 0.054192260 0.011729260 0.067021100 0.020989330 0.051660380 0.049459230 0.036596340 0.003300680 0.016073300 0.032969210 0.007357900 0.019685290 0.012358490 0.004179400 0.006050370 0.000000000 0.026167220 0.042690120 0.036948730 0.054170620 0.043386740 0.037913950 0.039193780 0.038146500 0.013219170 0.036691890 
47     0.007690710 0.081776730 0.025339980 0.020792560 0.100565910 0.042357730 0.060395620 0.091555810 0.019061870 0.118666950 0.028993680 0.054225990 0.040480040 0.043349440 0.056332180 0.054473070 0.059427870 0.068247490 0.069409530 0.021251540 0.032284420 0.022465960 0.047301130 0.041972960 0.011227740 0.044945410 0.101414810 0.041983020 0.008547120 0.016460560 0.005564740 0.050663460 0.034732320 0.030046600 0.051873190 0.039744410 0.035218560 0.023678180 0.070423290 0.026395010 0.026167220 0.000000000 0.000487580 0.010741550 0.006834230 0.033343840 0.049890090 0.048185620 0.014190280 0.045347750 0.073395020 
50     0.037279920 0.072954870 0.087567040 0.059193040 0.046777070 0.060201040 0.076584640 0.064811290 0.004801790 0.045367110 0.073714500 0.039726170 0.086901630 0.033799360 0.058539510 0.064583500 0.007805360 0.042022900 0.065134850 0.033374500 0.033122000 0.050001600 0.034394650 0.042605500 0.034619760 0.072616170 0.121130670 0.007119040 0.005385550 0.007591420 0.018322000 0.005645740 0.045620410 0.041066810 0.061603100 0.073466110 0.041385370 0.060051090 0.026749520 0.011425010 0.042690120 0.000487580 0.000000000 0.013833370 0.017649990 0.016312960 0.016444960 0.020216560 0.015027860 0.022934850 0.011765810 
43     0.007925940 0.042581600 0.012846180 0.024174450 0.015030120 0.024055270 0.015016290 0.087015950 0.017975460 0.063126870 0.053092400 0.033557580 0.019864760 0.048422500 0.026125130 0.029732050 0.015436710 0.092896480 0.020639320 0.027633110 0.004082410 0.014592540 0.007969900 0.037069150 0.035539090 0.033155140 0.012227650 0.013679130 0.015790590 0.028282940 0.045121100 0.003281000 0.029332840 0.017077030 0.014393770 0.030516540 0.035474860 0.016610420 0.013973190 0.023817930 0.036948730 0.010741550 0.013833370 0.000000000 0.007131020 0.008064430 0.018371460 0.028880150 0.006811720 0.006298360 0.010190880 
46     0.059669220 0.003712820 0.000039080 0.034972320 0.033072880 0.069425370 0.075437250 0.082697680 0.016395490 0.056283900 0.065447860 0.005949950 0.017502110 0.065286580 0.065284730 0.046924740 0.039576100 0.022246180 0.063492110 0.021605500 0.083537250 0.033851520 0.050347590 0.026931380 0.015849960 0.003935790 0.048969290 0.014225210 0.013127330 0.046486130 0.005796730 0.056291590 0.078602280 0.016172320 0.049213110 0.052615760 0.035160540 0.046203010 0.036267070 0.002554400 0.054170620 0.006834230 0.017649990 0.007131020 0.000000000 0.005448610 0.014981910 0.004473740 0.009033780 0.018565330 0.029890460 
48     0.128225840 0.050998990 0.031939900 0.031690810 0.036110140 0.046561260 0.037828930 0.029940740 0.076952620 0.042622550 0.047058030 0.036886940 0.055749760 0.047332290 0.028048810 0.052990520 0.021037040 0.055556980 0.047025600 0.019258780 0.062029660 0.034913220 0.064464640 0.095020010 0.018797220 0.010179250 0.092128680 0.080461320 0.023810690 0.074549390 0.024617580 0.051334450 0.027581180 0.072542430 0.030390080 0.044356310 0.074636710 0.036558990 0.045631870 0.021457450 0.043386740 0.033343840 0.016312960 0.008064430 0.005448610 0.000000000 0.000042800 0.000327200 0.023147760 0.033238840 0.011544380 
45     0.128008140 0.114966160 0.023995080 0.036513740 0.041671890 0.097321730 0.095668150 0.031578140 0.073346780 0.052322420 0.043452190 0.003244510 0.060432330 0.048479250 0.015293360 0.060032460 0.026107670 0.055929890 0.047911690 0.078716070 0.030258490 0.048819030 0.026047320 0.075422200 0.022511050 0.024706490 0.117240250 0.034195190 0.029472310 0.075813030 0.029150890 0.051163240 0.018539330 0.035295980 0.018507490 0.030941850 0.026123300 0.033994010 0.043522240 0.025371140 0.037913950 0.049890090 0.016444960 0.018371460 0.014981910 0.000042800 0.000000000 0.000000310 0.024005210 0.039437560 0.033044970 
42     0.109384590 0.109359510 0.043546450 0.036514050 0.040070770 0.025652210 0.007165930 0.020446450 0.044522520 0.052322730 0.043452500 0.033281410 0.066832530 0.073468620 0.083469020 0.045146740 0.021651490 0.030987350 0.013334700 0.077616650 0.079069970 0.012137940 0.029009590 0.083860880 0.030949730 0.047103150 0.096392680 0.042633870 0.024426840 0.015824790 0.083420760 0.064260220 0.045486490 0.043734660 0.017246580 0.029680940 0.034561980 0.055274580 0.044422630 0.026586950 0.039193780 0.048185620 0.020216560 0.028880150 0.004473740 0.000327200 0.000000310 0.000000000 0.022871300 0.022735930 0.026785740 
49     0.012654730 0.035254850 0.019836920 0.117741810 0.102494330 0.078320050 0.076214870 0.073535480 0.000602280 0.110470200 0.089146110 0.072526730 0.051553790 0.029475910 0.026444790 0.014103390 0.013919760 0.049262150 0.009845760 0.028830880 0.028578380 0.101501800 0.045263420 0.038266920 0.019153730 0.044146090 0.053408940 0.018344060 0.041144760 0.045433930 0.099744860 0.044181670 0.063648700 0.062635070 0.035009400 0.023768610 0.069916420 0.028460480 0.036826220 0.070401950 0.038146500 0.014190280 0.015027860 0.006811720 0.009033780 0.023147760 0.024005210 0.022871300 0.000000000 0.000436860 0.014422810 
44     0.042851400 0.058718500 0.005702360 0.027455740 0.027314820 0.028669750 0.012030700 0.029797610 0.021527060 0.015100740 0.084684680 0.046064960 0.030629410 0.069751490 0.018020000 0.076819470 0.018578060 0.009927000 0.022998510 0.050339630 0.056679050 0.050070010 0.049064500 0.023105980 0.052957200 0.030011530 0.046372820 0.008004810 0.006671480 0.016978520 0.095124130 0.051250350 0.054866730 0.010732080 0.035594250 0.090795300 0.033618410 0.049057410 0.004848640 0.036430040 0.013219170 0.045347750 0.022934850 0.006298360 0.018565330 0.033238840 0.039437560 0.022735930 0.000436860 0.000000000 0.006886710 
0     0.012200730 0.097333670 0.023466300 0.077843690 0.068699360 0.044284450 0.004707530 0.041288510 0.011021880 0.101402910 0.080398990 0.045628290 0.067944010 0.002548010 0.073313920 0.130220680 0.026585040 0.043534420 0.011233210 0.091918010 0.009139270 0.033275350 0.031509310 0.033133760 0.052982660 0.019785880 0.075462470 0.062104120 0.084202960 0.056063510 0.043653940 0.039130890 0.016254590 0.008017430 0.037648110 0.076508090 0.042433950 0.064268040 0.034653080 0.041842450 0.036691890 0.073395020 0.011765810 0.010190880 0.029890460 0.011544380 0.033044970 0.026785740 0.014422810 0.006886710 0.000000000 
