51
28     0.000000000 0.000041510 0.013986770 0.016362910 0.012568480 0.015465810 0.021696840 0.038118530 0.029300860 0.040268600 0.020629320 0.013821990 0.027481820 0.020096200 0.045255300 0.018124940 0.021418830 0.038614010 0.027545220 0.000262320 0.026972940 0.028349700 0.006656370 0.008768430 0.011810540 0.017898050 0.001146580 0.000950280 0.000882160 0.014211460 0.008862260 0.009254330 0.021038870 0.028784540 0.021845570 0.037857110 0.030731740 0.021814180 0.016808950 0.006374050 0.008025940 0.023145230 0.010568980 0.012145470 0.013616090 0.023753560 0.005314830 0.004159450 0.026514100 0.025673190 0.039015120 
14     0.000041510 0.000000000 0.005557110 0.016750860 0.020759090 0.024072820 0.016055190 0.009468540 0.029660280 0.039967420 0.022105710 0.009755470 0.028788480 0.001676100 0.041373980 0.017528140 0.016858700 0.008093910 0.027904640 0.023958890 0.028122170 0.027752900 0.003092740 0.001258920 0.012299540 0.014718720 0.018640970 0.034881970 0.035236320 0.025216370 0.011403480 0.031905820 0.022082350 0.044279530 0.006182510 0.029826240 0.023836640 0.026983520 0.009299440 0.012526230 0.012087310 0.039090870 0.009972180 0.011548670 0.024145580 0.024795390 0.001751200 0.019579530 0.030952190 0.028489880 0.012980070 
23     0.013986770 0.005557110 0.000000000 0.030424980 0.021731180 0.007852160 0.041667420 0.027389150 0.026085190 0.002298740 0.014703130 0.000070860 0.014882530 0.000016620 0.012868480 0.004196630 0.027822500 0.014940380 0.010914210 0.015345540 0.005649780 0.012284210 0.037687510 0.028524770 0.015845580 0.020227390 0.017445390 0.037308110 0.037662460 0.017737040 0.017325510 0.040122290 0.014937180 0.008997630 0.007780320 0.015499910 0.015081880 0.031159570 0.000828830 0.010447220 0.003834680 0.043958240 0.004631570 0.015233760 0.008461360 0.031414020 0.027921260 0.005569100 0.034637280 0.033220820 0.031418080 
3     0.016362910 0.016750860 0.030424980 0.000000000 0.000196180 0.006767040 0.007987870 0.018970510 0.018520060 0.026640810 0.009628660 0.001836880 0.003674350 0.029331890 0.021908410 0.000073660 0.012874700 0.020622970 0.021361320 0.016158450 0.029124040 0.037161670 0.022879080 0.033987930 0.003091070 0.005311100 0.017338690 0.012407920 0.015572390 0.026153330 0.024386530 0.018474630 0.025340800 0.011549460 0.011373290 0.039123780 0.036593850 0.020347150 0.027003570 0.024054120 0.041927600 0.005906490 0.022929700 0.027380360 0.031983040 0.015875680 0.021245880 0.002283460 0.026657880 0.008396620 0.039699640 
25     0.012568480 0.020759090 0.021731180 0.000196180 0.000000000 0.000711300 0.016752940 0.015947740 0.015682810 0.023618040 0.018014040 0.011653000 0.004213420 0.010282610 0.018545250 0.001538960 0.022339630 0.017600200 0.030411780 0.012364020 0.029315320 0.003374710 0.011790080 0.030194890 0.016623390 0.013965350 0.013544260 0.013347960 0.013279840 0.021277010 0.015660910 0.009749010 0.022318030 0.002823840 0.002647670 0.009262520 0.012456310 0.017324380 0.023980800 0.029542810 0.027821460 0.011311790 0.008321110 0.011460650 0.018135690 0.003764250 0.008246440 0.009538530 0.024541180 0.006279920 0.010313170 
20     0.015465810 0.024072820 0.007852160 0.006767040 0.000711300 0.000000000 0.013532600 0.005419280 0.007672580 0.009496470 0.011949870 0.005712340 0.008267550 0.004951310 0.010676090 0.001013940 0.018821120 0.014379860 0.022836400 0.015261350 0.005189530 0.014457470 0.011265060 0.025310040 0.013403050 0.010745010 0.016441590 0.000406810 0.011368380 0.019910220 0.021044750 0.027005350 0.019097690 0.017950630 0.005571170 0.004036940 0.020219470 0.014104040 0.019869640 0.017436890 0.019533730 0.049443100 0.035193090 0.002171600 0.017106610 0.040234390 0.011873790 0.011847560 0.012821290 0.008269140 0.009788150 
34     0.021696840 0.016055190 0.041667420 0.007987870 0.016752940 0.013532600 0.000000000 0.001449070 0.001042500 0.002910020 0.010046660 0.017683330 0.017481900 0.027914270 0.019575840 0.003499470 0.019905320 0.015877430 0.013569220 0.012240910 0.030708820 0.030547340 0.021249810 0.029528020 0.013636480 0.015358850 0.007972320 0.015627870 0.015569670 0.024524060 0.025658590 0.011558850 0.023711530 0.001867050 0.024496850 0.026343100 0.024790290 0.018717880 0.025374300 0.004358790 0.010710190 0.047131320 0.057020790 0.023838650 0.026045000 0.048501750 0.022480450 0.040774660 0.045928510 0.045087600 0.038070370 
33     0.038118530 0.009468540 0.027389150 0.018970510 0.015947740 0.005419280 0.001449070 0.000000000 0.000000010 0.003851990 0.006478480 0.016164730 0.016315310 0.024214680 0.006582100 0.017040730 0.030622530 0.018188500 0.005173630 0.030017690 0.004822440 0.020706700 0.020444610 0.024145940 0.017211690 0.014553650 0.006737120 0.014822670 0.007281330 0.016504630 0.005778690 0.030648950 0.022906330 0.030300090 0.031324760 0.012556100 0.011811460 0.008721090 0.012953670 0.024624750 0.038765980 0.037242380 0.058198610 0.043496950 0.009607750 0.047696550 0.028235240 0.038383070 0.018081780 0.024347280 0.037265170 
9     0.029300860 0.029660280 0.026085190 0.018520060 0.015682810 0.007672580 0.001042500 0.000000010 0.000000000 0.008922220 0.011229910 0.008062390 0.016411770 0.015474170 0.005895310 0.011995560 0.019230860 0.017923570 0.004250360 0.029752760 0.008781690 0.018582680 0.020179680 0.029910610 0.016946760 0.014288720 0.024731240 0.014557740 0.006997420 0.023453930 0.024588460 0.032079690 0.022641400 0.030035160 0.031059830 0.010244910 0.009500270 0.017647750 0.003158370 0.013554500 0.036465590 0.028556400 0.059395310 0.042275590 0.023424930 0.047431620 0.042541280 0.036862160 0.034534930 0.018789170 0.037000240 
39     0.040268600 0.039967420 0.002298740 0.026640810 0.023618040 0.009496470 0.002910020 0.003851990 0.008922220 0.000000000 0.001180280 0.004497710 0.009048670 0.014583540 0.009579670 0.009865620 0.036714770 0.025858800 0.017791840 0.037687990 0.027304270 0.031531110 0.028114910 0.026296010 0.014851100 0.022223950 0.033192260 0.022492970 0.001924820 0.031389160 0.032523690 0.040014920 0.030576630 0.037970390 0.038995060 0.029738720 0.028537780 0.025582980 0.028187950 0.025965820 0.040107050 0.057235230 0.060348680 0.030005040 0.049901920 0.040085070 0.013849700 0.048526650 0.052793610 0.051952700 0.044935470 
8     0.020629320 0.022105710 0.014703130 0.009628660 0.018014040 0.011949870 0.010046660 0.006478480 0.011229910 0.001180280 0.000000000 0.006951110 0.001887240 0.005405980 0.015245760 0.012319020 0.028352670 0.020254800 0.030268070 0.032083990 0.029754540 0.016975810 0.022510910 0.024635600 0.019277990 0.016619950 0.026217430 0.016888970 0.017243320 0.025785160 0.026919690 0.034410920 0.024972630 0.032366390 0.019582280 0.027583050 0.026838410 0.005603860 0.026635400 0.008484530 0.036712050 0.055574820 0.053019390 0.048373420 0.024675190 0.016607780 0.037266270 0.006233420 0.016783510 0.019017830 0.039331470 
13     0.013821990 0.009755470 0.000070860 0.001836880 0.011653000 0.005712340 0.017683330 0.016164730 0.008062390 0.004497710 0.006951110 0.000000000 0.001849630 0.000054240 0.006962370 0.000075510 0.010306230 0.012739050 0.014036350 0.026108850 0.003448450 0.011486080 0.021490000 0.010795270 0.018257080 0.015599040 0.024160930 0.015868060 0.016222410 0.005568850 0.008493370 0.033390010 0.023951720 0.031345480 0.032370150 0.025954590 0.024753650 0.018958070 0.024403820 0.010364130 0.017334930 0.022107710 0.013307670 0.033054410 0.008363950 0.018509150 0.010101160 0.037245320 0.036495240 0.031810550 0.035817000 
10     0.027481820 0.028788480 0.014882530 0.003674350 0.004213420 0.008267550 0.017481900 0.016315310 0.016411770 0.009048670 0.001887240 0.001849630 0.000000000 0.004982250 0.000599410 0.001912980 0.026041390 0.019032460 0.027881310 0.030861650 0.030747580 0.020023980 0.021288570 0.026339010 0.018055650 0.015397610 0.030427350 0.015666630 0.016020980 0.011652210 0.005405090 0.033188580 0.023750290 0.009098490 0.032168720 0.030505550 0.029304610 0.011335500 0.019544720 0.033446910 0.023601350 0.048119890 0.034950760 0.029331460 0.017991010 0.009632210 0.040696720 0.030731990 0.045967270 0.045126360 0.038109130 
1     0.020096200 0.001676100 0.000016620 0.029331890 0.010282610 0.004951310 0.027914270 0.024214680 0.015474170 0.014583540 0.005405980 0.000054240 0.004982250 0.000000000 0.000017070 0.011067050 0.026971380 0.012050990 0.022679370 0.005755120 0.002760390 0.010798020 0.025593890 0.023623260 0.035739810 0.033081770 0.033846930 0.028057180 0.011088120 0.009446930 0.027811670 0.012925340 0.020293150 0.044919730 0.045944400 0.002855630 0.015709040 0.014038050 0.034489650 0.028279460 0.027020930 0.045958370 0.012619610 0.024170950 0.054497040 0.019805270 0.037980970 0.018021860 0.059029570 0.040768310 0.051884810 
2     0.045255300 0.041373980 0.012868480 0.021908410 0.018545250 0.010676090 0.019575840 0.006582100 0.005895310 0.009579670 0.015245760 0.006962370 0.000599410 0.000017070 0.000000000 0.010193980 0.026043280 0.020165680 0.036952080 0.032955590 0.010875080 0.013132390 0.009317980 0.008370760 0.020149590 0.009166410 0.032355990 0.017760570 0.018114920 0.018808810 0.027791290 0.035282520 0.025844230 0.033237990 0.034262660 0.034249240 0.028921870 0.020850580 0.027507000 0.037999680 0.025529990 0.028298340 0.020734300 0.017589650 0.011544370 0.031117070 0.043913380 0.030902270 0.048061210 0.025975210 0.040203070 
30     0.018124940 0.017528140 0.004196630 0.000073660 0.001538960 0.001013940 0.003499470 0.017040730 0.011995560 0.009865620 0.012319020 0.000075510 0.001912980 0.011067050 0.010193980 0.000000000 0.032677530 0.019396490 0.008370970 0.017400950 0.031111610 0.033189970 0.010285520 0.023029010 0.018419680 0.015761640 0.024620940 0.016030660 0.016385010 0.021875210 0.021463680 0.026600770 0.008088950 0.031508080 0.032532750 0.031322500 0.030121560 0.019120670 0.000657110 0.014097420 0.007972850 0.015893290 0.016993880 0.012843110 0.038046060 0.017438940 0.030535560 0.026001670 0.038775450 0.037358990 0.008515750 
37     0.021418830 0.016858700 0.027822500 0.012874700 0.022339630 0.018821120 0.019905320 0.030622530 0.019230860 0.036714770 0.028352670 0.010306230 0.026041390 0.026971380 0.026043280 0.032677530 0.000000000 0.000001820 0.000001820 0.008819390 0.014175860 0.016198940 0.012176940 0.012566870 0.019835720 0.009650130 0.028243390 0.027915430 0.028269780 0.010325180 0.011459710 0.018950940 0.009104550 0.002371010 0.000874060 0.041390750 0.040189810 0.023744620 0.029326870 0.014559210 0.048504570 0.025821600 0.018020530 0.046035600 0.027638280 0.025028130 0.010733480 0.009607300 0.022078900 0.018571000 0.031161130 
36     0.038614010 0.008093910 0.014940380 0.020622970 0.017600200 0.014379860 0.015877430 0.018188500 0.017923570 0.025858800 0.020254800 0.012739050 0.019032460 0.012050990 0.020165680 0.019396490 0.000001820 0.000000000 0.000000000 0.010758350 0.011468020 0.001278550 0.017364750 0.014089680 0.002293060 0.014365370 0.025476650 0.014634390 0.014988740 0.020639000 0.021773530 0.018181930 0.019826470 0.027220230 0.028244900 0.026326910 0.038205740 0.006467440 0.014894940 0.037556110 0.027287410 0.056681930 0.003100140 0.048193330 0.027121590 0.044616690 0.017703570 0.009248960 0.042043450 0.041202540 0.034185310 
15     0.027545220 0.027904640 0.010914210 0.021361320 0.030411780 0.022836400 0.013569220 0.005173630 0.004250360 0.017791840 0.030268070 0.014036350 0.027881310 0.022679370 0.036952080 0.008370970 0.000001820 0.000000000 0.000000000 0.016845150 0.012233410 0.017649590 0.008333910 0.041744120 0.029334400 0.030473330 0.033779620 0.026990880 0.033446090 0.013833210 0.005779890 0.027125700 0.012364780 0.023069180 0.033657260 0.035200470 0.028075100 0.026872490 0.023335290 0.041808380 0.029338690 0.016422460 0.016370400 0.028773300 0.043697310 0.064797250 0.005382220 0.020868890 0.062970200 0.061900710 0.035912880 
17     0.000262320 0.023958890 0.015345540 0.016158450 0.012364020 0.015261350 0.012240910 0.030017690 0.029752760 0.037687990 0.032083990 0.026108850 0.030861650 0.005755120 0.032955590 0.017400950 0.008819390 0.010758350 0.016845150 0.000000000 0.003654920 0.013957480 0.016534970 0.001322080 0.011902060 0.017989570 0.000044330 0.001041800 0.000973680 0.017045280 0.008953780 0.011801860 0.023017890 0.025447790 0.012783450 0.016285240 0.016083370 0.016082990 0.000555480 0.031561150 0.026690520 0.048751280 0.023897030 0.015866840 0.006171570 0.023404880 0.024537140 0.012321310 0.012396460 0.021649850 0.015058060 
26     0.026972940 0.028122170 0.005649780 0.029124040 0.029315320 0.005189530 0.030708820 0.004822440 0.008781690 0.027304270 0.029754540 0.003448450 0.030747580 0.002760390 0.010875080 0.031111610 0.014175860 0.011468020 0.012233410 0.003654920 0.000000000 0.010215050 0.021634110 0.026189590 0.014732430 0.018558990 0.013585270 0.009903580 0.009465520 0.034012190 0.026615630 0.038512480 0.005065800 0.014405560 0.022940590 0.035418000 0.028292630 0.028628790 0.019014770 0.054181740 0.049458600 0.052332820 0.012036640 0.033119800 0.015853240 0.011678730 0.053084870 0.011946080 0.049314730 0.042944480 0.045372320 
18     0.028349700 0.027752900 0.012284210 0.037161670 0.003374710 0.014457470 0.030547340 0.020706700 0.018582680 0.031531110 0.016975810 0.011486080 0.020023980 0.010798020 0.013132390 0.033189970 0.016198940 0.001278550 0.017649590 0.013957480 0.010215050 0.000000000 0.011847660 0.027478120 0.011152570 0.017460430 0.019042440 0.014188630 0.023242820 0.011260410 0.039781150 0.026206280 0.026430230 0.039697160 0.049105990 0.016576260 0.007824860 0.032291880 0.029906840 0.022624590 0.022265910 0.030883030 0.001822830 0.003937830 0.003854080 0.016422450 0.056745760 0.004173090 0.010156850 0.003786600 0.014447200 
21     0.006656370 0.003092740 0.037687510 0.022879080 0.011790080 0.011265060 0.021249810 0.020444610 0.020179680 0.028114910 0.022510910 0.021490000 0.021288570 0.025593890 0.009317980 0.010285520 0.012176940 0.017364750 0.008333910 0.016534970 0.021634110 0.011847660 0.000000000 0.006839930 0.016307450 0.016621480 0.018471110 0.016890500 0.017244850 0.010249230 0.014042130 0.021262710 0.019040000 0.027125380 0.028150050 0.010355160 0.027607870 0.017088930 0.002145350 0.041063590 0.037479640 0.023062830 0.027481090 0.017844530 0.009230940 0.027269530 0.004225340 0.009751530 0.036695320 0.019738780 0.007941770 
12     0.008768430 0.001258920 0.028524770 0.033987930 0.030194890 0.025310040 0.029528020 0.024145940 0.029910610 0.026296010 0.024635600 0.010795270 0.026339010 0.023623260 0.008370760 0.023029010 0.012566870 0.014089680 0.041744120 0.001322080 0.026189590 0.027478120 0.006839930 0.000000000 0.011082080 0.033997370 0.001320230 0.020584660 0.005042310 0.029137310 0.021045810 0.006501090 0.027327100 0.038617590 0.037439970 0.044731790 0.047876720 0.023994060 0.009019400 0.035348890 0.038412140 0.013325350 0.035640890 0.024230820 0.031486520 0.025626590 0.012391190 0.026849090 0.039306780 0.032936530 0.031225570 
19     0.011810540 0.012299540 0.015845580 0.003091070 0.016623390 0.013403050 0.013636480 0.017211690 0.016946760 0.014851100 0.019277990 0.018257080 0.018055650 0.035739810 0.020149590 0.018419680 0.019835720 0.002293060 0.029334400 0.011902060 0.014732430 0.011152570 0.016307450 0.011082080 0.000000000 0.000369720 0.003023730 0.006945570 0.006427020 0.022083970 0.020502000 0.000530040 0.010029650 0.015996230 0.010801000 0.035524220 0.040120510 0.009417890 0.020060020 0.028074020 0.030080260 0.032576540 0.058437460 0.020990690 0.027430670 0.036579120 0.023235830 0.023869530 0.005377220 0.043117310 0.019105420 
4     0.017898050 0.014718720 0.020227390 0.005311100 0.013965350 0.010745010 0.015358850 0.014553650 0.014288720 0.022223950 0.016619950 0.015599040 0.015397610 0.033081770 0.009166410 0.015761640 0.009650130 0.014365370 0.030473330 0.017989570 0.018558990 0.017460430 0.016621480 0.033997370 0.000369720 0.000000000 0.011038420 0.010834180 0.006796060 0.012360970 0.021030260 0.021563450 0.016149480 0.026476960 0.027056190 0.032866180 0.037462470 0.008253500 0.020745970 0.037263460 0.010383920 0.054085500 0.024319170 0.009571900 0.032602160 0.011812070 0.023178390 0.020781130 0.004911300 0.010108040 0.009450880 
11     0.001146580 0.018640970 0.017445390 0.017338690 0.013544260 0.016441590 0.007972320 0.006737120 0.024731240 0.033192260 0.026217430 0.024160930 0.030427350 0.033846930 0.032355990 0.024620940 0.028243390 0.025476650 0.033779620 0.000044330 0.013585270 0.019042440 0.018471110 0.001320230 0.003023730 0.011038420 0.000000000 0.000696740 0.000628620 0.017929540 0.009838040 0.002421970 0.015241290 0.028974980 0.024727760 0.044558730 0.043923730 0.032050300 0.037267310 0.028177250 0.020765740 0.029804490 0.018492920 0.016751100 0.016766710 0.025915160 0.007070980 0.006289220 0.005685520 0.007637470 0.030509050 
7     0.000950280 0.034881970 0.037308110 0.012407920 0.013347960 0.000406810 0.015627870 0.014822670 0.014557740 0.022492970 0.016888970 0.015868060 0.015666630 0.028057180 0.017760570 0.016030660 0.027915430 0.014634390 0.026990880 0.001041800 0.009903580 0.014188630 0.016890500 0.020584660 0.006945570 0.010834180 0.000696740 0.000000000 0.000334460 0.008877840 0.007410180 0.011260500 0.019352220 0.000987870 0.001155820 0.033135200 0.037731490 0.014358570 0.016969850 0.039522970 0.035939020 0.019715340 0.016673930 0.016554800 0.016570410 0.025718860 0.042925160 0.013009270 0.041569200 0.040728290 0.033711060 
16     0.000882160 0.035236320 0.037662460 0.015572390 0.013279840 0.011368380 0.015569670 0.007281330 0.006997420 0.001924820 0.017243320 0.016222410 0.016020980 0.011088120 0.018114920 0.016385010 0.028269780 0.014988740 0.033446090 0.000973680 0.009465520 0.023242820 0.017244850 0.005042310 0.006427020 0.006796060 0.000628620 0.000334460 0.000000000 0.017665120 0.009573620 0.011192380 0.019706570 0.009390340 0.008022910 0.011830120 0.038085840 0.014712920 0.021369340 0.039877320 0.031679140 0.043008260 0.056460480 0.016486680 0.016502290 0.025650740 0.034082850 0.012941150 0.041923550 0.041082640 0.034065410 
38     0.014211460 0.025216370 0.017737040 0.026153330 0.021277010 0.019910220 0.024524060 0.016504630 0.023453930 0.031389160 0.025785160 0.005568850 0.011652210 0.009446930 0.018808810 0.021875210 0.010325180 0.020639000 0.013833210 0.017045280 0.034012190 0.011260410 0.010249230 0.029137310 0.022083970 0.012360970 0.017929540 0.008877840 0.017665120 0.000000000 0.000151380 0.000228050 0.001761970 0.009155730 0.006103400 0.038122910 0.042719200 0.020363180 0.024527050 0.026004810 0.016434380 0.060122070 0.023921970 0.023925660 0.023941270 0.016124710 0.047740030 0.020380130 0.013734470 0.045047220 0.038525930 
6     0.008862260 0.011403480 0.017325510 0.024386530 0.015660910 0.021044750 0.025658590 0.005778690 0.024588460 0.032523690 0.026919690 0.008493370 0.005405090 0.027811670 0.027791290 0.021463680 0.011459710 0.021773530 0.005779890 0.008953780 0.026615630 0.039781150 0.014042130 0.021045810 0.020502000 0.021030260 0.009838040 0.007410180 0.009573620 0.000151380 0.000000000 0.000378850 0.002896500 0.008518910 0.006025700 0.039257440 0.043853730 0.021497710 0.028154130 0.014086640 0.016022850 0.022237480 0.024270580 0.015834160 0.015849770 0.024998220 0.048874560 0.012288630 0.046052150 0.044635690 0.011352570 
32     0.009254330 0.031905820 0.040122290 0.018474630 0.009749010 0.027005350 0.011558850 0.030648950 0.032079690 0.040014920 0.034410920 0.033390010 0.033188580 0.012925340 0.035282520 0.026600770 0.018950940 0.018181930 0.027125700 0.011801860 0.038512480 0.026206280 0.021262710 0.006501090 0.000530040 0.021563450 0.002421970 0.011260500 0.011192380 0.000228050 0.000378850 0.000000000 0.003298620 0.000785640 0.005165410 0.001999730 0.050199300 0.028988940 0.022456250 0.003045880 0.029453740 0.060919340 0.069546760 0.019098520 0.027330470 0.024052460 0.019347550 0.020631310 0.055009830 0.054168920 0.047151690 
24     0.021038870 0.022082350 0.014937180 0.025340800 0.022318030 0.019097690 0.023711530 0.022906330 0.022641400 0.030576630 0.024972630 0.023951720 0.023750290 0.020293150 0.025844230 0.008088950 0.009104550 0.019826470 0.012364780 0.023017890 0.005065800 0.026430230 0.019040000 0.027327100 0.010029650 0.016149480 0.015241290 0.019352220 0.019706570 0.001761970 0.002896500 0.003298620 0.000000000 0.004292770 0.001799560 0.006126210 0.028640680 0.008753570 0.005342410 0.043525310 0.034480250 0.060210020 0.005437640 0.018211890 0.018227500 0.027375950 0.046927500 0.010696660 0.012434500 0.013166940 0.022998950 
5     0.028784540 0.044279530 0.008997630 0.011549460 0.002823840 0.017950630 0.001867050 0.030300090 0.030035160 0.037970390 0.032366390 0.031345480 0.009098490 0.044919730 0.033237990 0.031508080 0.002371010 0.027220230 0.023069180 0.025447790 0.014405560 0.039697160 0.027125380 0.038617590 0.015996230 0.026476960 0.028974980 0.000987870 0.009390340 0.009155730 0.008518910 0.000785640 0.004292770 0.000000000 0.000074210 0.044704140 0.039475590 0.026944410 0.033600830 0.032226030 0.043429770 0.055282030 0.059522120 0.028603490 0.024319080 0.055538540 0.054321260 0.048698340 0.052965300 0.042184810 0.045107160 
29     0.021845570 0.006182510 0.007780320 0.011373290 0.002647670 0.005571170 0.024496850 0.031324760 0.031059830 0.038995060 0.019582280 0.032370150 0.032168720 0.045944400 0.034262660 0.032532750 0.000874060 0.028244900 0.033657260 0.012783450 0.022940590 0.049105990 0.028150050 0.037439970 0.010801000 0.027056190 0.024727760 0.001155820 0.008022910 0.006103400 0.006025700 0.005165410 0.001799560 0.000074210 0.000000000 0.045728810 0.016965890 0.027969080 0.034625500 0.027458710 0.031404730 0.057505410 0.061745500 0.030826870 0.026542460 0.048748510 0.020567700 0.001358810 0.053989970 0.039624170 0.046131830 
22     0.037857110 0.029826240 0.015499910 0.039123780 0.009262520 0.004036940 0.026343100 0.012556100 0.010244910 0.029738720 0.027583050 0.025954590 0.030505550 0.002855630 0.034249240 0.031322500 0.041390750 0.026326910 0.035200470 0.016285240 0.035418000 0.016576260 0.010355160 0.044731790 0.035524220 0.032866180 0.044558730 0.033135200 0.011830120 0.038122910 0.039257440 0.001999730 0.006126210 0.044704140 0.045728810 0.000000000 0.000248910 0.007703220 0.004081220 0.057042430 0.049041130 0.015702380 0.015182620 0.053937100 0.016530300 0.024879940 0.038368750 0.032810830 0.010901140 0.053633600 0.028517380 
31     0.030731740 0.023836640 0.015081880 0.036593850 0.012456310 0.020219470 0.024790290 0.011811460 0.009500270 0.028537780 0.026838410 0.024753650 0.029304610 0.015709040 0.028921870 0.030121560 0.040189810 0.038205740 0.028075100 0.016083370 0.028292630 0.007824860 0.027607870 0.047876720 0.040120510 0.037462470 0.043923730 0.037731490 0.038085840 0.042719200 0.043853730 0.050199300 0.028640680 0.039475590 0.016965890 0.000248910 0.000000000 0.003690900 0.011917330 0.062077420 0.058493470 0.023078340 0.018512000 0.054615950 0.055628660 0.019807000 0.013613590 0.028226440 0.009587480 0.031338790 0.028460550 
27     0.021814180 0.026983520 0.031159570 0.020347150 0.017324380 0.014104040 0.018717880 0.008721090 0.017647750 0.025582980 0.005603860 0.018958070 0.011335500 0.014038050 0.020850580 0.019120670 0.023744620 0.006467440 0.026872490 0.016082990 0.028628790 0.032291880 0.017088930 0.023994060 0.009417890 0.008253500 0.032050300 0.014358570 0.014712920 0.020363180 0.021497710 0.028988940 0.008753570 0.026944410 0.027969080 0.007703220 0.003690900 0.000000000 0.006832750 0.039721400 0.028655310 0.004324380 0.003174000 0.040481490 0.010903840 0.018778920 0.016875550 0.009084520 0.021993450 0.023154420 0.013711550 
35     0.016808950 0.009299440 0.000828830 0.027003570 0.023980800 0.019869640 0.025374300 0.012953670 0.003158370 0.028187950 0.026635400 0.024403820 0.019544720 0.034489650 0.027507000 0.000657110 0.029326870 0.014894940 0.023335290 0.000555480 0.019014770 0.029906840 0.002145350 0.009019400 0.020060020 0.020745970 0.037267310 0.016969850 0.021369340 0.024527050 0.028154130 0.022456250 0.005342410 0.033600830 0.034625500 0.004081220 0.011917330 0.006832750 0.000000000 0.006380150 0.016942710 0.010073690 0.024198670 0.012242360 0.023466360 0.031291350 0.029934810 0.007363900 0.012020460 0.013371890 0.010982830 
50     0.006374050 0.012526230 0.010447220 0.024054120 0.029542810 0.017436890 0.004358790 0.024624750 0.013554500 0.025965820 0.008484530 0.010364130 0.033446910 0.028279460 0.037999680 0.014097420 0.014559210 0.037556110 0.041808380 0.031561150 0.054181740 0.022624590 0.041063590 0.035348890 0.028074020 0.037263460 0.028177250 0.039522970 0.039877320 0.026004810 0.014086640 0.003045880 0.043525310 0.032226030 0.027458710 0.057042430 0.062077420 0.039721400 0.006380150 0.000000000 0.000745260 0.005238890 0.009769730 0.002188710 0.013153080 0.021237700 0.019881160 0.008092960 0.014686140 0.021551670 0.004719860 
42     0.008025940 0.012087310 0.003834680 0.041927600 0.027821460 0.019533730 0.010710190 0.038765980 0.036465590 0.040107050 0.036712050 0.017334930 0.023601350 0.027020930 0.025529990 0.007972850 0.048504570 0.027287410 0.029338690 0.026690520 0.049458600 0.022265910 0.037479640 0.038412140 0.030080260 0.010383920 0.020765740 0.035939020 0.031679140 0.016434380 0.016022850 0.029453740 0.034480250 0.043429770 0.031404730 0.049041130 0.058493470 0.028655310 0.016942710 0.000745260 0.000000000 0.008684930 0.011553050 0.005634750 0.013756150 0.019221080 0.023327200 0.012380880 0.020528520 0.021140710 0.008165900 
40     0.023145230 0.039090870 0.043958240 0.005906490 0.011311790 0.049443100 0.047131320 0.037242380 0.028556400 0.057235230 0.055574820 0.022107710 0.048119890 0.045958370 0.028298340 0.015893290 0.025821600 0.056681930 0.016422460 0.048751280 0.052332820 0.030883030 0.023062830 0.013325350 0.032576540 0.054085500 0.029804490 0.019715340 0.043008260 0.060122070 0.022237480 0.060919340 0.060210020 0.055282030 0.057505410 0.015702380 0.023078340 0.004324380 0.010073690 0.005238890 0.008684930 0.000000000 0.002351370 0.003673200 0.013381660 0.022729350 0.019013910 0.002411610 0.023220220 0.024790380 0.006515730 
47     0.010568980 0.009972180 0.004631570 0.022929700 0.008321110 0.035193090 0.057020790 0.058198610 0.059395310 0.060348680 0.053019390 0.013307670 0.034950760 0.012619610 0.020734300 0.016993880 0.018020530 0.003100140 0.016370400 0.023897030 0.012036640 0.001822830 0.027481090 0.035640890 0.058437460 0.024319170 0.018492920 0.016673930 0.056460480 0.023921970 0.024270580 0.069546760 0.005437640 0.059522120 0.061745500 0.015182620 0.018512000 0.003174000 0.024198670 0.009769730 0.011553050 0.002351370 0.000000000 0.002649120 0.024763120 0.022101910 0.019050820 0.013453020 0.002982230 0.017270810 0.042553000 
41     0.012145470 0.011548670 0.015233760 0.027380360 0.011460650 0.002171600 0.023838650 0.043496950 0.042275590 0.030005040 0.048373420 0.033054410 0.029331460 0.024170950 0.017589650 0.012843110 0.046035600 0.048193330 0.028773300 0.015866840 0.033119800 0.003937830 0.017844530 0.024230820 0.020990690 0.009571900 0.016751100 0.016554800 0.016486680 0.023925660 0.015834160 0.019098520 0.018211890 0.028603490 0.030826870 0.053937100 0.054615950 0.040481490 0.012242360 0.002188710 0.005634750 0.003673200 0.002649120 0.000000000 0.000022350 0.018117940 0.015573000 0.000538380 0.006522140 0.000151890 0.003465550 
45     0.013616090 0.024145580 0.008461360 0.031983040 0.018135690 0.017106610 0.026045000 0.009607750 0.023424930 0.049901920 0.024675190 0.008363950 0.017991010 0.054497040 0.011544370 0.038046060 0.027638280 0.027121590 0.043697310 0.006171570 0.015853240 0.003854080 0.009230940 0.031486520 0.027430670 0.032602160 0.016766710 0.016570410 0.016502290 0.023941270 0.015849770 0.027330470 0.018227500 0.024319080 0.026542460 0.016530300 0.055628660 0.010903840 0.023466360 0.013153080 0.013756150 0.013381660 0.024763120 0.000022350 0.000000000 0.008622170 0.017258230 0.000454630 0.001404760 0.000068140 0.044656280 
43     0.023753560 0.024795390 0.031414020 0.015875680 0.003764250 0.040234390 0.048501750 0.047696550 0.047431620 0.040085070 0.016607780 0.018509150 0.009632210 0.019805270 0.031117070 0.017438940 0.025028130 0.044616690 0.064797250 0.023404880 0.011678730 0.016422450 0.027269530 0.025626590 0.036579120 0.011812070 0.025915160 0.025718860 0.025650740 0.016124710 0.024998220 0.024052460 0.027375950 0.055538540 0.048748510 0.024879940 0.019807000 0.018778920 0.031291350 0.021237700 0.019221080 0.022729350 0.022101910 0.018117940 0.008622170 0.000000000 0.003421270 0.006918080 0.005783050 0.019124030 0.003672200 
48     0.005314830 0.001751200 0.027921260 0.021245880 0.008246440 0.011873790 0.022480450 0.028235240 0.042541280 0.013849700 0.037266270 0.010101160 0.040696720 0.037980970 0.043913380 0.030535560 0.010733480 0.017703570 0.005382220 0.024537140 0.053084870 0.056745760 0.004225340 0.012391190 0.023235830 0.023178390 0.007070980 0.042925160 0.034082850 0.047740030 0.048874560 0.019347550 0.046927500 0.054321260 0.020567700 0.038368750 0.013613590 0.016875550 0.029934810 0.019881160 0.023327200 0.019013910 0.019050820 0.015573000 0.017258230 0.003421270 0.000000000 0.002461780 0.001418970 0.006381750 0.021158000 
49     0.004159450 0.019579530 0.005569100 0.002283460 0.009538530 0.011847560 0.040774660 0.038383070 0.036862160 0.048526650 0.006233420 0.037245320 0.030731990 0.018021860 0.030902270 0.026001670 0.009607300 0.009248960 0.020868890 0.012321310 0.011946080 0.004173090 0.009751530 0.026849090 0.023869530 0.020781130 0.006289220 0.013009270 0.012941150 0.020380130 0.012288630 0.020631310 0.010696660 0.048698340 0.001358810 0.032810830 0.028226440 0.009084520 0.007363900 0.008092960 0.012380880 0.002411610 0.013453020 0.000538380 0.000454630 0.006918080 0.002461780 0.000000000 0.003165550 0.000387150 0.002056550 
44     0.026514100 0.030952190 0.034637280 0.026657880 0.024541180 0.012821290 0.045928510 0.018081780 0.034534930 0.052793610 0.016783510 0.036495240 0.045967270 0.059029570 0.048061210 0.038775450 0.022078900 0.042043450 0.062970200 0.012396460 0.049314730 0.010156850 0.036695320 0.039306780 0.005377220 0.004911300 0.005685520 0.041569200 0.041923550 0.013734470 0.046052150 0.055009830 0.012434500 0.052965300 0.053989970 0.010901140 0.009587480 0.021993450 0.012020460 0.014686140 0.020528520 0.023220220 0.002982230 0.006522140 0.001404760 0.005783050 0.001418970 0.003165550 0.000000000 0.000519310 0.038286440 
46     0.025673190 0.028489880 0.033220820 0.008396620 0.006279920 0.008269140 0.045087600 0.024347280 0.018789170 0.051952700 0.019017830 0.031810550 0.045126360 0.040768310 0.025975210 0.037358990 0.018571000 0.041202540 0.061900710 0.021649850 0.042944480 0.003786600 0.019738780 0.032936530 0.043117310 0.010108040 0.007637470 0.040728290 0.041082640 0.045047220 0.044635690 0.054168920 0.013166940 0.042184810 0.039624170 0.053633600 0.031338790 0.023154420 0.013371890 0.021551670 0.021140710 0.024790380 0.017270810 0.000151890 0.000068140 0.019124030 0.006381750 0.000387150 0.000519310 0.000000000 0.049642790 
0     0.039015120 0.012980070 0.031418080 0.039699640 0.010313170 0.009788150 0.038070370 0.037265170 0.037000240 0.044935470 0.039331470 0.035817000 0.038109130 0.051884810 0.040203070 0.008515750 0.031161130 0.034185310 0.035912880 0.015058060 0.045372320 0.014447200 0.007941770 0.031225570 0.019105420 0.009450880 0.030509050 0.033711060 0.034065410 0.038525930 0.011352570 0.047151690 0.022998950 0.045107160 0.046131830 0.028517380 0.028460550 0.013711550 0.010982830 0.004719860 0.008165900 0.006515730 0.042553000 0.003465550 0.044656280 0.003672200 0.021158000 0.002056550 0.038286440 0.049642790 0.000000000 
