51
3     0.000000000 0.079021822 0.207572473 0.216018821 0.209111935 0.412538695 0.428972828 0.449304121 0.449063876 0.459509260 0.454926458 0.432222254 0.459387761 0.435706518 0.492936316 0.491921448 0.431036461 0.408378787 0.408031578 0.464120318 0.455197681 0.453270444 0.459201083 0.480987446 0.419577350 0.473758159 0.446296807 0.441944897 0.418722189 0.415813448 0.416369977 0.433252283 0.433088567 0.437427056 0.448737650 0.430980594 0.441299781 0.447158994 0.428579882 0.415478074 0.416450328 0.438198846 0.412958168 0.437733739 0.458977680 0.457671566 0.467079614 0.460199307 0.432765549 0.435259986 0.842497350 
5     0.079021822 0.000000000 0.208582211 0.218194526 0.209696424 0.411964557 0.428404844 0.448766962 0.448526717 0.460232242 0.453603645 0.431232316 0.457448891 0.433731380 0.490177841 0.489013427 0.429380524 0.406664414 0.406317205 0.462014808 0.452972111 0.452145066 0.457921769 0.479602159 0.418431893 0.472507422 0.445032829 0.440778926 0.417498226 0.414527453 0.415142330 0.431721168 0.431733382 0.435553115 0.446831087 0.428662748 0.438658585 0.444600191 0.426434954 0.413179199 0.414107657 0.437664020 0.412393027 0.436433462 0.458296817 0.456905229 0.466502883 0.459436641 0.432541858 0.435005189 0.839952552 
4     0.207572473 0.208582211 0.000000000 0.119824254 0.114925071 0.424607564 0.441051594 0.462034985 0.461794740 0.472538316 0.466803273 0.442662961 0.473187863 0.447722020 0.505658228 0.504643360 0.444475787 0.421790514 0.421443306 0.477349119 0.468589757 0.467355401 0.473414514 0.495327497 0.432242055 0.487187098 0.462051738 0.457950264 0.435209861 0.432132553 0.432674705 0.448461171 0.449176520 0.447708862 0.459450151 0.442488895 0.453226483 0.458999035 0.441092566 0.426371455 0.427343589 0.447637989 0.421864761 0.446136985 0.468056910 0.466801791 0.474818716 0.469988474 0.443005144 0.445576576 0.857015484 
2     0.216018821 0.218194526 0.119824254 0.000000000 0.076752055 0.430364854 0.446900472 0.467880305 0.467714486 0.477468391 0.468646136 0.446049411 0.476035589 0.450131428 0.508445590 0.507430722 0.446677099 0.423474736 0.423127527 0.480151223 0.471326501 0.469478066 0.475946908 0.498074190 0.435542505 0.491227070 0.464460560 0.460141005 0.437299775 0.435721567 0.436190780 0.450679154 0.451250751 0.449642251 0.461277409 0.444094883 0.454456615 0.460277821 0.442921849 0.428309008 0.429297319 0.454929680 0.429681415 0.453766107 0.476088544 0.475032970 0.482736871 0.478188149 0.450384135 0.453203996 0.860037585 
1     0.209111935 0.209696424 0.114925071 0.076752055 0.000000000 0.425822909 0.442404066 0.462927779 0.462802872 0.472599410 0.464416447 0.441091268 0.469974648 0.445424794 0.502560296 0.501504866 0.441886619 0.419287005 0.418939797 0.475197543 0.466617023 0.464533572 0.470856395 0.493113615 0.430637722 0.485010929 0.460066021 0.455969265 0.432526781 0.431382821 0.431852034 0.446206590 0.446712015 0.445435821 0.457135396 0.440103954 0.450504639 0.456227720 0.438884832 0.424275152 0.425263462 0.449791940 0.424222435 0.448070737 0.470621475 0.469788777 0.477107712 0.472790779 0.444533117 0.447358047 0.854050464 
36     0.412538695 0.411964557 0.424607564 0.430364854 0.425822909 0.000000000 0.117746659 0.173289515 0.172834465 0.340733880 0.346252849 0.325751528 0.351978483 0.325435775 0.385196060 0.384287913 0.324599225 0.300694069 0.300313087 0.357809267 0.347942764 0.344947989 0.352880841 0.374739969 0.311932297 0.366477905 0.339877693 0.334983700 0.312891404 0.310175836 0.311747787 0.327222799 0.326643614 0.329250366 0.339481919 0.319596046 0.331105499 0.337211751 0.318566279 0.303755331 0.304755892 0.335753232 0.310329135 0.335600272 0.358450283 0.356722098 0.366459052 0.359929289 0.331394215 0.333649624 0.786550763 
15     0.428972828 0.428404844 0.441051594 0.446900472 0.442404066 0.117746659 0.000000000 0.192159497 0.192022636 0.360705872 0.364999411 0.344737462 0.370156693 0.343150228 0.404478115 0.403573656 0.343645358 0.319331104 0.318957342 0.375642870 0.365620784 0.362419396 0.370122799 0.392453355 0.331675870 0.385160951 0.356791135 0.352934604 0.331027375 0.330217927 0.331745718 0.345402237 0.345007597 0.347980751 0.358202793 0.338279088 0.349560161 0.355680195 0.336912387 0.322218512 0.323134874 0.355474587 0.329643238 0.354937300 0.377716559 0.376670519 0.385966408 0.379173860 0.350124844 0.352668999 0.807967902 
28     0.449304121 0.448766962 0.462034985 0.467880305 0.462927779 0.173289515 0.192159497 0.000000000 0.060568863 0.380962171 0.388288755 0.365524881 0.394584886 0.367402629 0.427399357 0.426494898 0.367960473 0.343662799 0.343314880 0.400403823 0.390281811 0.386338923 0.394358311 0.416357304 0.354981499 0.409656418 0.380696471 0.377281633 0.355547124 0.352980890 0.354266748 0.370121516 0.369836099 0.372557579 0.382798816 0.362158623 0.373716947 0.379830069 0.361549085 0.346256249 0.347235025 0.379197708 0.354055778 0.378761259 0.401396386 0.399861473 0.409545211 0.403085186 0.373833380 0.376449901 0.825480881 
19     0.449063876 0.448526717 0.461794740 0.467714486 0.462802872 0.172834465 0.192022636 0.060568863 0.000000000 0.380721926 0.387965043 0.364982040 0.394250714 0.367155698 0.427152425 0.426247967 0.367713542 0.343415867 0.343067949 0.400156892 0.390034880 0.386144347 0.394111380 0.416099133 0.354734568 0.409358731 0.380393455 0.377034702 0.355303488 0.352733250 0.354019108 0.369742864 0.369589168 0.372310648 0.382551885 0.361914303 0.373470015 0.379583137 0.361302153 0.345985427 0.346964203 0.378957463 0.353815533 0.378521014 0.401134609 0.399599695 0.409283433 0.402823409 0.373602547 0.376219068 0.825250341 
43     0.459509260 0.460232242 0.472538316 0.477468391 0.472599410 0.340733880 0.360705872 0.380962171 0.380721926 0.000000000 0.396550015 0.376022787 0.400690858 0.373847669 0.435147502 0.434222404 0.375093913 0.350245963 0.349898755 0.403757475 0.396509974 0.394831118 0.398064993 0.421487320 0.359268631 0.415167444 0.390098348 0.386032945 0.363180950 0.361864763 0.363467245 0.376698981 0.377596161 0.378109509 0.389804703 0.369514449 0.381508698 0.387492148 0.369913390 0.354345428 0.355345824 0.388037846 0.361156648 0.388204013 0.409363423 0.408049519 0.417065857 0.410603886 0.382660654 0.385187895 0.829503289 
18     0.454926458 0.453603645 0.466803273 0.468646136 0.464416447 0.346252849 0.364999411 0.388288755 0.387965043 0.396550015 0.000000000 0.244308138 0.296150434 0.268955986 0.325745445 0.324753021 0.266190017 0.245089413 0.244733825 0.300240579 0.290966103 0.290815606 0.296301361 0.316913703 0.253657089 0.308660041 0.284597176 0.280318016 0.258094026 0.255315453 0.257042872 0.272044833 0.272186809 0.276975147 0.286549984 0.263369257 0.273862882 0.280312773 0.264119859 0.247671188 0.248688371 0.377813673 0.351787507 0.375052675 0.399724038 0.398336801 0.408270820 0.401424452 0.365701339 0.368033965 0.824139223 
39     0.432222254 0.431232316 0.442662961 0.446049411 0.441091268 0.325751528 0.344737462 0.365524881 0.364982040 0.376022787 0.244308138 0.000000000 0.275674437 0.248706578 0.307403070 0.306468722 0.246399567 0.223524206 0.223164221 0.282206228 0.272994421 0.272719369 0.278408126 0.299892485 0.234962193 0.288072754 0.263806888 0.260023679 0.236532802 0.234114876 0.234932614 0.250428003 0.252197998 0.257951430 0.266849049 0.243106775 0.254921165 0.261182650 0.243768485 0.227666020 0.228649623 0.357122864 0.330638681 0.353169426 0.378052580 0.376583256 0.385165045 0.379595482 0.349315560 0.351901529 0.798088566 
10     0.459387761 0.457448891 0.473187863 0.476035589 0.469974648 0.351978483 0.370156693 0.394584886 0.394250714 0.400690858 0.296150434 0.275674437 0.000000000 0.144707776 0.317081087 0.316066729 0.252831509 0.245898759 0.245550253 0.297634363 0.287450586 0.289499938 0.295474703 0.316455586 0.257142401 0.309354007 0.285031926 0.281103516 0.257903805 0.257039573 0.257918423 0.273147283 0.272557550 0.277317902 0.285684289 0.262801095 0.274036350 0.279875520 0.264794311 0.247693362 0.248709585 0.382897898 0.358005762 0.380238317 0.405187282 0.403898926 0.412658814 0.405744396 0.375170837 0.377696151 0.821999587 
27     0.435706518 0.433731380 0.447722020 0.450131428 0.445424794 0.325435775 0.343150228 0.367402629 0.367155698 0.373847669 0.268955986 0.248706578 0.144707776 0.000000000 0.284843722 0.283853711 0.224622723 0.217783255 0.217445709 0.270369646 0.260002151 0.262045027 0.268230567 0.287946518 0.229749613 0.281864236 0.255915525 0.252030656 0.228955468 0.227925916 0.229070493 0.243801838 0.243693770 0.250722518 0.258738223 0.235222262 0.247020837 0.252844272 0.237141538 0.220258018 0.221298372 0.356818104 0.330921171 0.354948418 0.378638386 0.377355610 0.386328011 0.378989873 0.348395299 0.351383165 0.801332259 
26     0.492936316 0.490177841 0.505658228 0.508445590 0.502560296 0.385196060 0.404478115 0.427399357 0.427152425 0.435147502 0.325745445 0.307403070 0.317081087 0.284843722 0.000000000 0.051857111 0.228036123 0.272839466 0.272526427 0.329341499 0.318123269 0.318746843 0.324090737 0.342712209 0.286343258 0.335432079 0.313311105 0.309545741 0.286756263 0.284940673 0.286131449 0.301082886 0.302258560 0.308318782 0.317200167 0.293651880 0.304522391 0.310547204 0.295718892 0.275666554 0.276549065 0.411837145 0.385284929 0.409609182 0.428978506 0.428035483 0.435816260 0.429826153 0.405286400 0.408010371 0.844526686 
35     0.491921448 0.489013427 0.504643360 0.507430722 0.501504866 0.384287913 0.403573656 0.426494898 0.426247967 0.434222404 0.324753021 0.306468722 0.316066729 0.283853711 0.051857111 0.000000000 0.227443069 0.271943642 0.271630603 0.328519160 0.317313153 0.317903131 0.323247025 0.341800651 0.286011572 0.334680267 0.312274046 0.308508682 0.285620858 0.283903614 0.285094390 0.300081392 0.301157680 0.307268981 0.316085732 0.292622030 0.303490294 0.309515107 0.294720148 0.274610165 0.275511719 0.411090786 0.384599645 0.408943917 0.428249941 0.427306919 0.435087695 0.429097589 0.404409562 0.407133533 0.842819030 
16     0.431036461 0.429380524 0.444475787 0.446677099 0.441886619 0.324599225 0.343645358 0.367960473 0.367713542 0.375093913 0.266190017 0.246399567 0.252831509 0.224622723 0.228036123 0.227443069 0.000000000 0.212773213 0.212436823 0.268771432 0.259400279 0.260585258 0.264927355 0.285577026 0.227257612 0.274346053 0.253569028 0.248851164 0.227235241 0.224949887 0.226126896 0.240683952 0.242378423 0.247999722 0.257094445 0.233969433 0.243531768 0.249700550 0.235634827 0.218548637 0.219535674 0.352895295 0.327028028 0.351594567 0.371134452 0.369758725 0.378050184 0.372388557 0.345380091 0.348089429 0.785080015 
34     0.408378787 0.406664414 0.421790514 0.423474736 0.419287005 0.300694069 0.319331104 0.343662799 0.343415867 0.350245963 0.245089413 0.223524206 0.245898759 0.217783255 0.272839466 0.271943642 0.212773213 0.000000000 0.023473242 0.233512387 0.221183018 0.222928969 0.227652595 0.248467571 0.189654364 0.240734995 0.215501772 0.212350160 0.190350306 0.186981117 0.188065664 0.201821642 0.203837016 0.213243348 0.222684197 0.198732825 0.209797465 0.215705989 0.199155365 0.182935454 0.183942535 0.332630486 0.307549509 0.330076997 0.354813828 0.352938917 0.362263079 0.354136941 0.325656287 0.328259388 0.775957318 
23     0.408031578 0.406317205 0.421443306 0.423127527 0.418939797 0.300313087 0.318957342 0.343314880 0.343067949 0.349898755 0.244733825 0.223164221 0.245550253 0.217445709 0.272526427 0.271630603 0.212436823 0.023473242 0.000000000 0.233140165 0.220810796 0.222553415 0.227239707 0.248105882 0.189274572 0.240375511 0.215161014 0.212009402 0.189942091 0.186675186 0.187759734 0.201457840 0.203493504 0.213062762 0.222375895 0.198402958 0.209464860 0.215373384 0.198843202 0.182606824 0.183613904 0.332290276 0.307197903 0.329725390 0.354455798 0.352580887 0.361911472 0.353788438 0.325339659 0.327912179 0.775623689 
20     0.464120318 0.462014808 0.477349119 0.480151223 0.475197543 0.357809267 0.375642870 0.400403823 0.400156892 0.403757475 0.300240579 0.282206228 0.297634363 0.270369646 0.329341499 0.328519160 0.268771432 0.233512387 0.233140165 0.000000000 0.145498955 0.225840507 0.231633084 0.253197970 0.202528560 0.292257800 0.263241334 0.261179130 0.238272869 0.235512903 0.237508724 0.251609012 0.254062058 0.270362580 0.280348912 0.255184242 0.266958669 0.272788053 0.255803090 0.239575133 0.240573625 0.389033273 0.362234761 0.385130796 0.409681131 0.408413738 0.416971414 0.411301219 0.380651802 0.382959719 0.825170666 
44     0.455197681 0.452972111 0.468589757 0.471326501 0.466617023 0.347942764 0.365620784 0.390281811 0.390034880 0.396509974 0.290966103 0.272994421 0.287450586 0.260002151 0.318123269 0.317313153 0.259400279 0.221183018 0.220810796 0.145498955 0.000000000 0.218163189 0.224334170 0.245764326 0.194396294 0.278531756 0.252978642 0.249603991 0.228223940 0.223819969 0.225865298 0.240943426 0.242237513 0.259661781 0.268494367 0.243584574 0.255070735 0.261118562 0.244681918 0.227935701 0.228954598 0.378937816 0.352622188 0.375527998 0.400350860 0.398774698 0.407710005 0.402302330 0.372173373 0.374302688 0.818168233 
31     0.453270444 0.452145066 0.467355401 0.469478066 0.464533572 0.344947989 0.362419396 0.386338923 0.386144347 0.394831118 0.290815606 0.272719369 0.289499938 0.262045027 0.318746843 0.317903131 0.260585258 0.222928969 0.222553415 0.225840507 0.218163189 0.000000000 0.088823838 0.161381258 0.188580451 0.277917106 0.248981533 0.247110665 0.224559417 0.221508251 0.223919438 0.235732613 0.239216188 0.256553534 0.266696456 0.241065020 0.254201061 0.260411603 0.241893177 0.225334584 0.226262350 0.378712564 0.351759476 0.374530978 0.398866550 0.397646322 0.405417550 0.400668098 0.369989027 0.372734085 0.814677733 
17     0.459201083 0.457921769 0.473414514 0.475946908 0.470856395 0.352880841 0.370122799 0.394358311 0.394111380 0.398064993 0.296301361 0.278408126 0.295474703 0.268230567 0.324090737 0.323247025 0.264927355 0.227652595 0.227239707 0.231633084 0.224334170 0.088823838 0.000000000 0.163574559 0.194547280 0.284075991 0.254867713 0.252580942 0.229492305 0.227545522 0.229912899 0.241963800 0.245237553 0.262622942 0.272831667 0.247215366 0.259820113 0.265937179 0.247695980 0.231210066 0.232189367 0.384687684 0.358081377 0.380342969 0.406027022 0.404866280 0.412644008 0.407717910 0.376034286 0.378786598 0.817619231 
9     0.480987446 0.479602159 0.495327497 0.498074190 0.493113615 0.374739969 0.392453355 0.416357304 0.416099133 0.421487320 0.316913703 0.299892485 0.316455586 0.287946518 0.342712209 0.341800651 0.285577026 0.248467571 0.248105882 0.253197970 0.245764326 0.161381258 0.163574559 0.000000000 0.215506091 0.306343462 0.275662146 0.274170872 0.251772166 0.248777610 0.250121653 0.263589280 0.265689073 0.281904881 0.291924698 0.267704409 0.279584655 0.285726636 0.267772699 0.251340498 0.252152163 0.405312061 0.379900023 0.402307988 0.427012479 0.425983476 0.433941624 0.428583224 0.398333002 0.401191945 0.840434932 
46     0.419577350 0.418431893 0.432242055 0.435542505 0.430637722 0.311932297 0.331675870 0.354981499 0.354734568 0.359268631 0.253657089 0.234962193 0.257142401 0.229749613 0.286343258 0.286011572 0.227257612 0.189654364 0.189274572 0.202528560 0.194396294 0.188580451 0.194547280 0.215506091 0.000000000 0.246361176 0.217700056 0.215495991 0.193481700 0.188847949 0.190736966 0.204642367 0.206548893 0.223268693 0.232508677 0.207578213 0.219240982 0.225222560 0.208652969 0.192138577 0.193201838 0.344116061 0.317684638 0.341087173 0.364898355 0.363399868 0.371886595 0.366401082 0.336109446 0.338330945 0.781544184 
30     0.473758159 0.472507422 0.487187098 0.491227070 0.485010929 0.366477905 0.385160951 0.409656418 0.409358731 0.415167444 0.308660041 0.288072754 0.309354007 0.281864236 0.335432079 0.334680267 0.274346053 0.240734995 0.240375511 0.292257800 0.278531756 0.277917106 0.284075991 0.306343462 0.246361176 0.000000000 0.267742458 0.264465197 0.242935598 0.240088402 0.241701381 0.253804018 0.256995928 0.277631835 0.286810820 0.262522401 0.274012036 0.279868484 0.261863293 0.246305170 0.247653514 0.398801486 0.373028678 0.395982330 0.414641612 0.413547610 0.422303499 0.416587171 0.390825679 0.393267392 0.832421299 
41     0.446296807 0.445032829 0.462051738 0.464460560 0.460066021 0.339877693 0.356791135 0.380696471 0.380393455 0.390098348 0.284597176 0.263806888 0.285031926 0.255915525 0.313311105 0.312274046 0.253569028 0.215501772 0.215161014 0.263241334 0.252978642 0.248981533 0.254867713 0.275662146 0.217700056 0.267742458 0.000000000 0.063289215 0.132201213 0.132788322 0.133348142 0.146840213 0.156330284 0.249372795 0.257450061 0.234294176 0.245115084 0.250957549 0.235424295 0.218867420 0.220109996 0.372908077 0.347621428 0.369536730 0.394827397 0.393560792 0.402062148 0.396061257 0.364275185 0.366802771 0.807048819 
24     0.441944897 0.440778926 0.457950264 0.460141005 0.455969265 0.334983700 0.352934604 0.377281633 0.377034702 0.386032945 0.280318016 0.260023679 0.281103516 0.252030656 0.309545741 0.308508682 0.248851164 0.212350160 0.212009402 0.261179130 0.249603991 0.247110665 0.252580942 0.274170872 0.215495991 0.264465197 0.063289215 0.000000000 0.129891890 0.130803773 0.131300188 0.145960502 0.154795162 0.247339734 0.256197242 0.231826621 0.242793615 0.248806110 0.232942063 0.216530228 0.217629426 0.368510580 0.343125492 0.365230311 0.390302179 0.389035396 0.398145446 0.392303751 0.360392194 0.362918846 0.802497043 
8     0.418722189 0.417498226 0.435209861 0.437299775 0.432526781 0.312891404 0.331027375 0.355547124 0.355303488 0.363180950 0.258094026 0.236532802 0.257903805 0.228955468 0.286756263 0.285620858 0.227235241 0.190350306 0.189942091 0.238272869 0.228223940 0.224559417 0.229492305 0.251772166 0.193481700 0.242935598 0.132201213 0.129891890 0.000000000 0.107099934 0.107855000 0.123197876 0.131131452 0.225123690 0.233977858 0.209833625 0.221924238 0.227886111 0.211194908 0.195309077 0.195938959 0.343926139 0.318293216 0.341571216 0.366310108 0.365363848 0.373839992 0.367756032 0.334587708 0.337050764 0.781494183 
47     0.415813448 0.414527453 0.432132553 0.435721567 0.431382821 0.310175836 0.330217927 0.352980890 0.352733250 0.361864763 0.255315453 0.234114876 0.257039573 0.227925916 0.284940673 0.283903614 0.224949887 0.186981117 0.186675186 0.235512903 0.223819969 0.221508251 0.227545522 0.248777610 0.188847949 0.240088402 0.132788322 0.130803773 0.107099934 0.000000000 0.037510223 0.120894750 0.130448233 0.221004459 0.229607330 0.205949628 0.217543327 0.223467813 0.206906865 0.190268601 0.191534411 0.346005492 0.320436461 0.342741836 0.367367076 0.366139386 0.374781792 0.368771219 0.337958922 0.340328161 0.775755177 
7     0.416369977 0.415142330 0.432674705 0.436190780 0.431852034 0.311747787 0.331745718 0.354266748 0.354019108 0.363467245 0.257042872 0.234932614 0.257918423 0.229070493 0.286131449 0.285094390 0.226126896 0.188065664 0.187759734 0.237508724 0.225865298 0.223919438 0.229912899 0.250121653 0.190736966 0.241701381 0.133348142 0.131300188 0.107855000 0.037510223 0.000000000 0.122406611 0.132124898 0.223026281 0.231761257 0.207705024 0.219193914 0.225189750 0.208432803 0.192040097 0.193122290 0.347087423 0.321501646 0.343816348 0.368314358 0.367086668 0.375864644 0.369815420 0.339073190 0.341627198 0.778207092 
12     0.433252283 0.431721168 0.448461171 0.450679154 0.446206590 0.327222799 0.345402237 0.370121516 0.369742864 0.376698981 0.272044833 0.250428003 0.273147283 0.243801838 0.301082886 0.300081392 0.240683952 0.201821642 0.201457840 0.251609012 0.240943426 0.235732613 0.241963800 0.263589280 0.204642367 0.253804018 0.146840213 0.145960502 0.123197876 0.120894750 0.122406611 0.000000000 0.144079892 0.237006969 0.245620671 0.222919548 0.234337022 0.240306027 0.223809633 0.207864375 0.208926760 0.361839901 0.336456221 0.358674623 0.383834349 0.382479442 0.390932725 0.384735526 0.353143490 0.355566261 0.780175376 
50     0.433088567 0.431733382 0.449176520 0.451250751 0.446712015 0.326643614 0.345007597 0.369836099 0.369589168 0.377596161 0.272186809 0.252197998 0.272557550 0.243693770 0.302258560 0.301157680 0.242378423 0.203837016 0.203493504 0.254062058 0.242237513 0.239216188 0.245237553 0.265689073 0.206548893 0.256995928 0.156330284 0.154795162 0.131131452 0.130448233 0.132124898 0.144079892 0.000000000 0.236696463 0.245706663 0.221979318 0.233428871 0.239520475 0.223501849 0.207038506 0.208015722 0.360661203 0.334795450 0.357018633 0.382301452 0.381021264 0.389594020 0.383563817 0.351139759 0.353667775 0.796537983 
33     0.437427056 0.435553115 0.447708862 0.449642251 0.445435821 0.329250366 0.347980751 0.372557579 0.372310648 0.378109509 0.276975147 0.257951430 0.277317902 0.250722518 0.308318782 0.307268981 0.247999722 0.213243348 0.213062762 0.270362580 0.259661781 0.256553534 0.262622942 0.281904881 0.223268693 0.277631835 0.249372795 0.247339734 0.225123690 0.221004459 0.223026281 0.237006969 0.236696463 0.000000000 0.105333548 0.156921416 0.165868412 0.171587190 0.156483606 0.140935158 0.142024780 0.358387731 0.333160885 0.356444237 0.380427555 0.379336187 0.387087110 0.381518224 0.350750733 0.352573577 0.806379508 
29     0.448737650 0.446831087 0.459450151 0.461277409 0.457135396 0.339481919 0.358202793 0.382798816 0.382551885 0.389804703 0.286549984 0.266849049 0.285684289 0.258738223 0.317200167 0.316085732 0.257094445 0.222684197 0.222375895 0.280348912 0.268494367 0.266696456 0.272831667 0.291924698 0.232508677 0.286810820 0.257450061 0.256197242 0.233977858 0.229607330 0.231761257 0.245620671 0.245706663 0.105333548 0.000000000 0.165443319 0.175315170 0.181207159 0.164487838 0.150718888 0.151856566 0.370928544 0.345653769 0.368618876 0.393430493 0.392132604 0.399636399 0.394474209 0.363154941 0.365012633 0.816980680 
45     0.430980594 0.428662748 0.442488895 0.444094883 0.440103954 0.319596046 0.338279088 0.362158623 0.361914303 0.369514449 0.263369257 0.243106775 0.262801095 0.235222262 0.293651880 0.292622030 0.233969433 0.198732825 0.198402958 0.255184242 0.243584574 0.241065020 0.247215366 0.267704409 0.207578213 0.262522401 0.234294176 0.231826621 0.209833625 0.205949628 0.207705024 0.222919548 0.221979318 0.156921416 0.165443319 0.000000000 0.127160682 0.133081234 0.128799006 0.112323933 0.113154976 0.352911456 0.327323875 0.349944681 0.374028193 0.372752641 0.380611058 0.374984654 0.345255477 0.347413743 0.794458691 
14     0.441299781 0.438658585 0.453226483 0.454456615 0.450504639 0.331105499 0.349560161 0.373716947 0.373470015 0.381508698 0.273862882 0.254921165 0.274036350 0.247020837 0.304522391 0.303490294 0.243531768 0.209797465 0.209464860 0.266958669 0.255070735 0.254201061 0.259820113 0.279584655 0.219240982 0.274012036 0.245115084 0.242793615 0.221924238 0.217543327 0.219193914 0.234337022 0.233428871 0.165868412 0.175315170 0.127160682 0.000000000 0.064587594 0.139565554 0.122289681 0.123283286 0.362270176 0.336911417 0.359732127 0.383890172 0.382787989 0.391191225 0.384770642 0.354919442 0.357089912 0.804429462 
42     0.447158994 0.444600191 0.458999035 0.460277821 0.456227720 0.337211751 0.355680195 0.379830069 0.379583137 0.387492148 0.280312773 0.261182650 0.279875520 0.252844272 0.310547204 0.309515107 0.249700550 0.215705989 0.215373384 0.272788053 0.261118562 0.260411603 0.265937179 0.285726636 0.225222560 0.279868484 0.250957549 0.248806110 0.227886111 0.223467813 0.225189750 0.240306027 0.239520475 0.171587190 0.181207159 0.133081234 0.064587594 0.000000000 0.145797597 0.128442247 0.129657426 0.368412541 0.343040118 0.365962798 0.390098097 0.388995914 0.397406504 0.390978061 0.361053719 0.363224189 0.810465574 
32     0.428579882 0.426434954 0.441092566 0.442921849 0.438884832 0.318566279 0.336912387 0.361549085 0.361302153 0.369913390 0.264119859 0.243768485 0.264794311 0.237141538 0.295718892 0.294720148 0.235634827 0.199155365 0.198843202 0.255803090 0.244681918 0.241893177 0.247695980 0.267772699 0.208652969 0.261863293 0.235424295 0.232942063 0.211194908 0.206906865 0.208432803 0.223809633 0.223501849 0.156483606 0.164487838 0.128799006 0.139565554 0.145797597 0.000000000 0.097488097 0.099029168 0.351734297 0.326496587 0.349377945 0.373988382 0.372715963 0.380665520 0.374919586 0.344441949 0.346654562 0.794840608 
13     0.415478074 0.413179199 0.426371455 0.428309008 0.424275152 0.303755331 0.322218512 0.346256249 0.345985427 0.354345428 0.247671188 0.227666020 0.247693362 0.220258018 0.275666554 0.274610165 0.218548637 0.182935454 0.182606824 0.239575133 0.227935701 0.225334584 0.231210066 0.251340498 0.192138577 0.246305170 0.218867420 0.216530228 0.195309077 0.190268601 0.192040097 0.207864375 0.207038506 0.140935158 0.150718888 0.112323933 0.122289681 0.128442247 0.097488097 0.000000000 0.028251984 0.336691300 0.311047343 0.334089883 0.358731003 0.357398395 0.365038945 0.359644251 0.328781739 0.331102464 0.778226706 
48     0.416450328 0.414107657 0.427343589 0.429297319 0.425263462 0.304755892 0.323134874 0.347235025 0.346964203 0.355345824 0.248688371 0.228649623 0.248709585 0.221298372 0.276549065 0.275511719 0.219535674 0.183942535 0.183613904 0.240573625 0.228954598 0.226262350 0.232189367 0.252152163 0.193201838 0.247653514 0.220109996 0.217629426 0.195938959 0.191534411 0.193122290 0.208926760 0.208015722 0.142024780 0.151856566 0.113154976 0.123283286 0.129657426 0.099029168 0.028251984 0.000000000 0.337626660 0.311968799 0.335011339 0.359442933 0.358110325 0.365806178 0.360411484 0.329953680 0.332023920 0.779215016 
6     0.438198846 0.437664020 0.447637989 0.454929680 0.449791940 0.335753232 0.355474587 0.379197708 0.378957463 0.388037846 0.377813673 0.357122864 0.382897898 0.356818104 0.411837145 0.411090786 0.352895295 0.332630486 0.332290276 0.389033273 0.378937816 0.378712564 0.384687684 0.405312061 0.344116061 0.398801486 0.372908077 0.368510580 0.343926139 0.346005492 0.347087423 0.361839901 0.360661203 0.358387731 0.370928544 0.352911456 0.362270176 0.368412541 0.351734297 0.336691300 0.337626660 0.000000000 0.166749978 0.192333516 0.215783877 0.214887284 0.224764831 0.217138185 0.196825658 0.199808480 0.810075809 
49     0.412958168 0.412393027 0.421864761 0.429681415 0.424222435 0.310329135 0.329643238 0.354055778 0.353815533 0.361156648 0.351787507 0.330638681 0.358005762 0.330921171 0.385284929 0.384599645 0.327028028 0.307549509 0.307197903 0.362234761 0.352622188 0.351759476 0.358081377 0.379900023 0.317684638 0.373028678 0.347621428 0.343125492 0.318293216 0.320436461 0.321501646 0.336456221 0.334795450 0.333160885 0.345653769 0.327323875 0.336911417 0.343040118 0.326496587 0.311047343 0.311968799 0.166749978 0.000000000 0.156385549 0.178535264 0.177344117 0.189107643 0.180320946 0.175573438 0.178165242 0.785641339 
22     0.437733739 0.436433462 0.446136985 0.453766107 0.448070737 0.335600272 0.354937300 0.378761259 0.378521014 0.388204013 0.375052675 0.353169426 0.380238317 0.354948418 0.409609182 0.408943917 0.351594567 0.330076997 0.329725390 0.385130796 0.375527998 0.374530978 0.380342969 0.402307988 0.341087173 0.395982330 0.369536730 0.365230311 0.341571216 0.342741836 0.343816348 0.358674623 0.357018633 0.356444237 0.368618876 0.349944681 0.359732127 0.365962798 0.349377945 0.334089883 0.335011339 0.192333516 0.156385549 0.000000000 0.198775710 0.197788566 0.208095667 0.201690612 0.196635140 0.199140393 0.808086609 
37     0.458977680 0.458296817 0.468056910 0.476088544 0.470621475 0.358450283 0.377716559 0.401396386 0.401134609 0.409363423 0.399724038 0.378052580 0.405187282 0.378638386 0.428978506 0.428249941 0.371134452 0.354813828 0.354455798 0.409681131 0.400350860 0.398866550 0.406027022 0.427012479 0.364898355 0.414641612 0.394827397 0.390302179 0.366310108 0.367367076 0.368314358 0.383834349 0.382301452 0.380427555 0.393430493 0.374028193 0.383890172 0.390098097 0.373988382 0.358731003 0.359442933 0.215783877 0.178535264 0.198775710 0.000000000 0.062025351 0.098058599 0.092426182 0.224178554 0.226870462 0.829175848 
40     0.457671566 0.456905229 0.466801791 0.475032970 0.469788777 0.356722098 0.376670519 0.399861473 0.399599695 0.408049519 0.398336801 0.376583256 0.403898926 0.377355610 0.428035483 0.427306919 0.369758725 0.352938917 0.352580887 0.408413738 0.398774698 0.397646322 0.404866280 0.425983476 0.363399868 0.413547610 0.393560792 0.389035396 0.365363848 0.366139386 0.367086668 0.382479442 0.381021264 0.379336187 0.392132604 0.372752641 0.382787989 0.388995914 0.372715963 0.357398395 0.358110325 0.214887284 0.177344117 0.197788566 0.062025351 0.000000000 0.099988164 0.094721591 0.223119375 0.225659770 0.827816098 
38     0.467079614 0.466502883 0.474818716 0.482736871 0.477107712 0.366459052 0.385966408 0.409545211 0.409283433 0.417065857 0.408270820 0.385165045 0.412658814 0.386328011 0.435816260 0.435087695 0.378050184 0.362263079 0.361911472 0.416971414 0.407710005 0.405417550 0.412644008 0.433941624 0.371886595 0.422303499 0.402062148 0.398145446 0.373839992 0.374781792 0.375864644 0.390932725 0.389594020 0.387087110 0.399636399 0.380611058 0.391191225 0.397406504 0.380665520 0.365038945 0.365806178 0.224764831 0.189107643 0.208095667 0.098058599 0.099988164 0.000000000 0.088893681 0.233478221 0.236259038 0.836147857 
25     0.460199307 0.459436641 0.469988474 0.478188149 0.472790779 0.359929289 0.379173860 0.403085186 0.402823409 0.410603886 0.401424452 0.379595482 0.405744396 0.378989873 0.429826153 0.429097589 0.372388557 0.354136941 0.353788438 0.411301219 0.402302330 0.400668098 0.407717910 0.428583224 0.366401082 0.416587171 0.396061257 0.392303751 0.367756032 0.368771219 0.369815420 0.384735526 0.383563817 0.381518224 0.394474209 0.374984654 0.384770642 0.390978061 0.374919586 0.359644251 0.360411484 0.217138185 0.180320946 0.201690612 0.092426182 0.094721591 0.088893681 0.000000000 0.225591045 0.228104486 0.827993918 
21     0.432765549 0.432541858 0.443005144 0.450384135 0.444533117 0.331394215 0.350124844 0.373833380 0.373602547 0.382660654 0.365701339 0.349315560 0.375170837 0.348395299 0.405286400 0.404409562 0.345380091 0.325656287 0.325339659 0.380651802 0.372173373 0.369989027 0.376034286 0.398333002 0.336109446 0.390825679 0.364275185 0.360392194 0.334587708 0.337958922 0.339073190 0.353143490 0.351139759 0.350750733 0.363154941 0.345255477 0.354919442 0.361053719 0.344441949 0.328781739 0.329953680 0.196825658 0.175573438 0.196635140 0.224178554 0.223119375 0.233478221 0.225591045 0.000000000 0.061139456 0.786605186 
11     0.435259986 0.435005189 0.445576576 0.453203996 0.447358047 0.333649624 0.352668999 0.376449901 0.376219068 0.385187895 0.368033965 0.351901529 0.377696151 0.351383165 0.408010371 0.407133533 0.348089429 0.328259388 0.327912179 0.382959719 0.374302688 0.372734085 0.378786598 0.401191945 0.338330945 0.393267392 0.366802771 0.362918846 0.337050764 0.340328161 0.341627198 0.355566261 0.353667775 0.352573577 0.365012633 0.347413743 0.357089912 0.363224189 0.346654562 0.331102464 0.332023920 0.199808480 0.178165242 0.199140393 0.226870462 0.225659770 0.236259038 0.228104486 0.061139456 0.000000000 0.789586649 
0     0.842497350 0.839952552 0.857015484 0.860037585 0.854050464 0.786550763 0.807967902 0.825480881 0.825250341 0.829503289 0.824139223 0.798088566 0.821999587 0.801332259 0.844526686 0.842819030 0.785080015 0.775957318 0.775623689 0.825170666 0.818168233 0.814677733 0.817619231 0.840434932 0.781544184 0.832421299 0.807048819 0.802497043 0.781494183 0.775755177 0.778207092 0.780175376 0.796537983 0.806379508 0.816980680 0.794458691 0.804429462 0.810465574 0.794840608 0.778226706 0.779215016 0.810075809 0.785641339 0.808086609 0.829175848 0.827816098 0.836147857 0.827993918 0.786605186 0.789586649 0.000000000 
