51
4     0.000000000 0.005011300 0.000463120 0.001430900 0.002763700 0.010260540 0.002590980 0.008280960 0.003687840 0.000938120 0.001453990 0.000134350 0.009313090 0.008934290 0.001383220 0.001103040 0.000098010 0.009756990 0.002929670 0.002876200 0.001488320 0.002653180 0.000344680 0.003478960 0.012894870 0.012451790 0.003597960 0.008602120 0.006185670 0.006192090 0.004853870 0.005392350 0.002098500 0.013734100 0.013394430 0.004856680 0.004452100 0.004835870 0.013850510 0.011767150 0.003357740 0.009914120 0.012114950 0.006059310 0.010992450 0.009085940 0.009000830 0.006737890 0.006154520 0.011041070 0.000181250 
1     0.005011300 0.000000000 0.002060400 0.002122420 0.001083210 0.001813990 0.005239190 0.001831520 0.002792690 0.005165230 0.006994000 0.007066180 0.009506440 0.003076050 0.005054710 0.006197250 0.008063090 0.003169920 0.002147780 0.002773850 0.006168530 0.006496250 0.002642200 0.007464190 0.004661290 0.009522550 0.010377680 0.001860380 0.002824650 0.003056900 0.002943400 0.005494330 0.013102670 0.000080240 0.000132370 0.013013870 0.012127040 0.014079280 0.005657220 0.001717360 0.014688140 0.013671110 0.011744330 0.013255700 0.013298160 0.000218960 0.001761780 0.001746440 0.007570740 0.005684360 0.001102060 
6     0.000463120 0.002060400 0.000000000 0.000000830 0.004176920 0.002845180 0.003369270 0.010138430 0.001920210 0.004487370 0.006699990 0.004930870 0.005008220 0.002520270 0.002976110 0.007049940 0.006674440 0.000556560 0.005153800 0.005100330 0.000836330 0.007367290 0.007624080 0.006882770 0.005771060 0.009455380 0.014197570 0.001051950 0.002814020 0.005234010 0.006727030 0.012549880 0.008029850 0.013160580 0.005211290 0.009347430 0.011569030 0.010156300 0.003379440 0.006285810 0.008783680 0.000000590 0.012615370 0.012358990 0.011969570 0.012968890 0.006188330 0.006045880 0.011661530 0.010811560 0.008313840 
14     0.001430900 0.002122420 0.000000830 0.000000000 0.000699050 0.002907200 0.006172250 0.004748330 0.001766290 0.002019980 0.011105010 0.010933870 0.010027730 0.001882740 0.002186220 0.001679860 0.001440030 0.004479100 0.007736650 0.003594800 0.006573280 0.003892710 0.000841820 0.007488030 0.000414320 0.002506660 0.003093420 0.003206790 0.000559650 0.005142630 0.002935240 0.012611900 0.000169120 0.000221380 0.000287540 0.002030910 0.002030920 0.004002840 0.001337920 0.000663840 0.001350290 0.001242860 0.007704330 0.001848490 0.006036970 0.001007180 0.001007830 0.002927440 0.000945380 0.000945380 0.010069130 
8     0.002763700 0.001083210 0.004176920 0.000699050 0.000000000 0.004090660 0.004813620 0.004403830 0.005639980 0.006766510 0.011312600 0.012117330 0.012889220 0.004750840 0.006339560 0.003866740 0.002861710 0.001566030 0.008461950 0.002513880 0.006907150 0.000110620 0.000110680 0.009580710 0.013244900 0.008871080 0.005171420 0.003003200 0.003967470 0.004199720 0.004086220 0.012382080 0.007220470 0.010700360 0.001348210 0.000006470 0.000006510 0.000150620 0.004492800 0.006597400 0.000183840 0.001198270 0.011767740 0.010211730 0.012533320 0.002851370 0.002801620 0.000567290 0.006383140 0.006174840 0.002944950 
5     0.010260540 0.001813990 0.002845180 0.002907200 0.004090660 0.000000000 0.000679340 0.000335940 0.007734990 0.007005580 0.005202770 0.005106690 0.004709910 0.000518420 0.000368080 0.001810390 0.001659760 0.005513890 0.006601190 0.013079430 0.002893340 0.006707190 0.004916500 0.007675130 0.002490290 0.003050490 0.003905620 0.010354650 0.011874830 0.010440830 0.007243080 0.004654050 0.009619630 0.005794660 0.007189570 0.010907670 0.005383360 0.001644660 0.005684190 0.005467210 0.011363180 0.002328280 0.003442180 0.008948540 0.002058400 0.007437280 0.003488790 0.003501370 0.008584260 0.001575710 0.006576690 
21     0.002590980 0.005239190 0.003369270 0.006172250 0.004813620 0.000679340 0.000000000 0.000743420 0.001349180 0.001143870 0.002690040 0.006384580 0.010376800 0.007708480 0.012852420 0.004602370 0.006552660 0.002417400 0.004644210 0.008366130 0.007742810 0.003800210 0.003996070 0.006417640 0.004870660 0.001933550 0.001715070 0.005626230 0.005644430 0.010253990 0.009475270 0.002100590 0.002917890 0.006061700 0.006127860 0.002260570 0.007115700 0.000631960 0.004995520 0.006502680 0.005007890 0.005652420 0.009182720 0.016724090 0.013256290 0.005257380 0.001589950 0.001640550 0.005415260 0.005464720 0.007662850 
20     0.008280960 0.001831520 0.010138430 0.004748330 0.004403830 0.000335940 0.000743420 0.000000000 0.000950670 0.000005600 0.002256120 0.002817200 0.007913040 0.000184140 0.000032140 0.007030430 0.000070230 0.003056940 0.007055140 0.007581060 0.003163720 0.004441690 0.004257960 0.006404280 0.008768400 0.002152210 0.001295160 0.003948490 0.003574740 0.003585020 0.002376640 0.006066290 0.003737110 0.005218050 0.005104190 0.004880430 0.008908140 0.011994840 0.007575830 0.002631450 0.007601230 0.008198510 0.007914150 0.010244360 0.011249840 0.009343330 0.012053890 0.011587230 0.003880250 0.003894650 0.006908820 
15     0.003687840 0.002792690 0.001920210 0.001766290 0.005639980 0.007734990 0.001349180 0.000950670 0.000000000 0.000095130 0.000246940 0.000146810 0.000092330 0.004782780 0.003849160 0.004805990 0.004924960 0.001204870 0.003200150 0.001878740 0.001709380 0.002221780 0.000457940 0.005752970 0.007849120 0.006658770 0.007103940 0.008867080 0.006651220 0.004916580 0.010488970 0.006144410 0.003815230 0.008498660 0.008464570 0.008797900 0.007998220 0.009955670 0.003720840 0.003775250 0.003746240 0.004343520 0.005761250 0.004451060 0.002488510 0.006211720 0.009889510 0.009678560 0.004281440 0.004295840 0.012865070 
3     0.000938120 0.005165230 0.004487370 0.002019980 0.006766510 0.007005580 0.001143870 0.000005600 0.000095130 0.000000000 0.000212770 0.000051680 0.000002800 0.000639200 0.004166730 0.009049500 0.009084830 0.005737850 0.009636110 0.008728680 0.008001090 0.008657740 0.008984840 0.002972440 0.012750280 0.001707980 0.001489500 0.004722200 0.006286960 0.007699290 0.012595440 0.008939880 0.002865940 0.002777840 0.004854080 0.002300580 0.001483910 0.009624880 0.010156800 0.006720320 0.010182200 0.010779480 0.006857330 0.003100880 0.006481890 0.000149260 0.011980590 0.001307790 0.003904430 0.000268190 0.010166140 
17     0.001453990 0.006994000 0.006699990 0.011105010 0.011312600 0.005202770 0.002690040 0.002256120 0.000246940 0.000212770 0.000000000 0.000000540 0.000215570 0.005949500 0.008160010 0.000303270 0.002503350 0.002842680 0.003442910 0.004114520 0.002950830 0.002464540 0.005345180 0.005995730 0.010314450 0.001917850 0.001699370 0.010337270 0.005362510 0.006002380 0.006929330 0.004683030 0.004390550 0.001770410 0.001430740 0.009040660 0.001224130 0.012932890 0.003963600 0.004018010 0.003989000 0.004586280 0.006435610 0.006117080 0.006159540 0.006787710 0.000555200 0.011591590 0.008533230 0.009049220 0.001798520 
10     0.000134350 0.007066180 0.004930870 0.010933870 0.012117330 0.005106690 0.006384580 0.002817200 0.000146810 0.000051680 0.000000540 0.000000000 0.000054480 0.001133000 0.007998920 0.001266520 0.006752370 0.008798040 0.004497210 0.005699170 0.004798300 0.004049190 0.005590530 0.007580380 0.011411700 0.011465640 0.007947340 0.011922410 0.000821370 0.007587030 0.006683410 0.006268170 0.007332620 0.003355550 0.003015880 0.008567810 0.015683850 0.012231180 0.005548250 0.005602660 0.005573650 0.006170930 0.008020750 0.007702220 0.005266200 0.008372850 0.003677330 0.003464360 0.010117880 0.001317620 0.003377580 
16     0.009313090 0.009506440 0.005008220 0.010027730 0.012889220 0.004709910 0.010376800 0.007913040 0.000092330 0.000002800 0.000215570 0.000054480 0.000000000 0.006144280 0.000669070 0.009598140 0.009631760 0.002705530 0.005259480 0.008457930 0.004287590 0.011692020 0.011890650 0.013461420 0.011928050 0.002233750 0.002186520 0.005250900 0.001651200 0.001976900 0.006197450 0.005863280 0.013477950 0.011385860 0.018073870 0.008008340 0.016246880 0.003090380 0.009605280 0.015735260 0.005751500 0.014714500 0.016655700 0.008637560 0.017491700 0.016674030 0.016265300 0.016277880 0.012442580 0.002319950 0.013220460 
11     0.008934290 0.003076050 0.002520270 0.001882740 0.004750840 0.000518420 0.007708480 0.000184140 0.004782780 0.000639200 0.005949500 0.001133000 0.006144280 0.000000000 0.000216280 0.006234580 0.002226510 0.006036800 0.005991410 0.006663020 0.003346200 0.004918870 0.001758400 0.001040590 0.005769120 0.005487910 0.005533930 0.004173260 0.001938840 0.001047240 0.001012440 0.003749440 0.002348730 0.003676710 0.005572250 0.005235410 0.004244610 0.006286680 0.006364930 0.006566510 0.006295760 0.005320180 0.003951730 0.003851730 0.004857210 0.000886460 0.008595710 0.008697990 0.003578090 0.004094080 0.002073920 
12     0.001383220 0.005054710 0.002976110 0.002186220 0.006339560 0.000368080 0.012852420 0.000032140 0.003849160 0.004166730 0.008160010 0.007998920 0.000669070 0.000216280 0.000000000 0.002196550 0.002349600 0.002524040 0.003722230 0.003668760 0.002704360 0.008224030 0.008224090 0.005877520 0.008127040 0.012930000 0.013025870 0.001898770 0.009657200 0.010453680 0.006938460 0.008858010 0.005983120 0.013418990 0.013384900 0.001705020 0.005999430 0.001535990 0.003189210 0.005966930 0.007303450 0.006184000 0.008696650 0.003347390 0.003363730 0.006081620 0.010531000 0.010569140 0.015545390 0.014991820 0.004074570 
13     0.001103040 0.006197250 0.007049940 0.001679860 0.003866740 0.001810390 0.004602370 0.007030430 0.004805990 0.009049500 0.000303270 0.001266520 0.009598140 0.006234580 0.002196550 0.000000000 0.000894100 0.002469760 0.007781080 0.002665900 0.005226230 0.000964710 0.003756280 0.002293450 0.004933810 0.004303550 0.002716510 0.004908370 0.008052720 0.007865140 0.008642280 0.005378020 0.004151360 0.006518630 0.008074040 0.003120320 0.002886390 0.001757330 0.005267420 0.003318190 0.004205080 0.003656440 0.004166150 0.004168390 0.004207450 0.008950820 0.009015980 0.008774870 0.006304040 0.004417660 0.001284290 
7     0.000098010 0.008063090 0.006674440 0.001440030 0.002861710 0.001659760 0.006552660 0.000070230 0.004924960 0.009084830 0.002503350 0.006752370 0.009631760 0.002226510 0.002349600 0.000894100 0.000000000 0.003319720 0.002370350 0.003041960 0.006076190 0.002751190 0.002751250 0.000845200 0.004262500 0.003215700 0.003727930 0.006672250 0.008660700 0.007769100 0.003591890 0.002757160 0.000676310 0.004316170 0.006603340 0.005188790 0.005667110 0.003156930 0.001569290 0.002231910 0.002202900 0.002800180 0.003500000 0.002697690 0.002736750 0.007218040 0.006426580 0.006439160 0.008553430 0.007382030 0.000279260 
18     0.009756990 0.003169920 0.000556560 0.004479100 0.001566030 0.005513890 0.002417400 0.003056940 0.001204870 0.005737850 0.002842680 0.008798040 0.002705530 0.006036800 0.002524040 0.002469760 0.003319720 0.000000000 0.002757240 0.002870630 0.002806770 0.006705950 0.008392220 0.003852050 0.007391320 0.007951520 0.008806650 0.012784760 0.003729590 0.008423200 0.012632190 0.005843940 0.008466660 0.005326560 0.009009950 0.008036990 0.007327310 0.009018480 0.007502000 0.008183130 0.003956080 0.007018040 0.009176360 0.006991840 0.008522750 0.002169150 0.002780080 0.011886480 0.003914010 0.003341330 0.008770770 
9     0.002929670 0.002147780 0.005153800 0.007736650 0.008461950 0.006601190 0.004644210 0.007055140 0.003200150 0.009636110 0.003442910 0.004497210 0.005259480 0.005991410 0.003722230 0.007781080 0.002370350 0.002757240 0.000000000 0.000355940 0.002837870 0.001775410 0.007749810 0.006037640 0.004930440 0.002659080 0.007681620 0.007284910 0.006935890 0.006044290 0.012961000 0.012183240 0.007345780 0.007603950 0.007670110 0.007753520 0.008134090 0.002658540 0.001166230 0.001220640 0.001191630 0.001788910 0.000032620 0.006569500 0.012324610 0.008384030 0.008384680 0.010304290 0.006791470 0.006461870 0.014082090 
2     0.002876200 0.002773850 0.005100330 0.003594800 0.002513880 0.013079430 0.008366130 0.007581060 0.001878740 0.008728680 0.004114520 0.005699170 0.008457930 0.006663020 0.003668760 0.002665900 0.003041960 0.002870630 0.000355940 0.000000000 0.004118940 0.002447020 0.008421420 0.006709250 0.002774540 0.004234440 0.001721720 0.002252220 0.004201840 0.004239330 0.002064100 0.011100110 0.006942830 0.007985870 0.010727230 0.009415020 0.007930120 0.003311700 0.001837840 0.001892250 0.001863240 0.002460520 0.011100890 0.012230670 0.012889240 0.002572850 0.011204520 0.001524060 0.003257190 0.009762740 0.006408670 
19     0.001488320 0.006168530 0.000836330 0.006573280 0.006907150 0.002893340 0.007742810 0.003163720 0.001709380 0.008001090 0.002950830 0.004798300 0.004287590 0.003346200 0.002704360 0.005226230 0.006076190 0.002806770 0.002837870 0.004118940 0.000000000 0.006801510 0.001197240 0.006435340 0.010147790 0.000275060 0.002590440 0.003493210 0.004180520 0.004988580 0.003604350 0.005654870 0.002836370 0.010767480 0.011062830 0.004377180 0.007582740 0.001626800 0.014749390 0.011419150 0.010513480 0.006747570 0.012492000 0.011299100 0.017937260 0.011716850 0.012647390 0.012632050 0.001024650 0.006988410 0.009635840 
46     0.002653180 0.006496250 0.007367290 0.003892710 0.000110620 0.006707190 0.003800210 0.004441690 0.002221780 0.008657740 0.002464540 0.004049190 0.011692020 0.004918870 0.008224030 0.000964710 0.002751190 0.006705950 0.001775410 0.002447020 0.006801510 0.000000000 0.000000160 0.005059270 0.003701910 0.008262460 0.006141530 0.010916090 0.003319400 0.003303610 0.006104370 0.011889350 0.006367410 0.014198340 0.013712160 0.010956880 0.007382080 0.009721700 0.002296100 0.001733560 0.002321500 0.002918780 0.010147580 0.013672410 0.016114080 0.007000360 0.002396450 0.003029200 0.007596770 0.007074360 0.002834430 
50     0.000344680 0.002642200 0.007624080 0.000841820 0.000110680 0.004916500 0.003996070 0.004257960 0.000457940 0.008984840 0.005345180 0.005590530 0.011890650 0.001758400 0.008224090 0.003756280 0.002751250 0.008392220 0.007749810 0.008421420 0.001197240 0.000000160 0.000000000 0.002798990 0.014029020 0.013029110 0.005003050 0.013387570 0.003416260 0.002780110 0.002377940 0.009776550 0.001688730 0.007294080 0.007067310 0.002597170 0.012594340 0.004975160 0.005669280 0.008324910 0.005430220 0.008893180 0.007887300 0.006224890 0.010685670 0.004815270 0.009521420 0.009361600 0.005336490 0.005852480 0.002834490 
22     0.003478960 0.007464190 0.006882770 0.007488030 0.009580710 0.007675130 0.006417640 0.006404280 0.005752970 0.002972440 0.005995730 0.007580380 0.013461420 0.001040590 0.005877520 0.002293450 0.000845200 0.003852050 0.006037640 0.006709250 0.006435340 0.005059270 0.002798990 0.000000000 0.007228270 0.009136320 0.004276140 0.003014800 0.001039590 0.000147990 0.003249620 0.007914270 0.002386980 0.006116700 0.002605830 0.003256370 0.003022440 0.006181230 0.004664750 0.005345880 0.005683130 0.004180790 0.000695910 0.005646440 0.005685500 0.002973360 0.004749490 0.002047990 0.003616340 0.002668620 0.004216810 
28     0.012894870 0.004661290 0.005771060 0.000414320 0.013244900 0.002490290 0.004870660 0.008768400 0.007849120 0.012750280 0.010314450 0.011411700 0.011928050 0.005769120 0.008127040 0.004933810 0.004262500 0.007391320 0.004930440 0.002774540 0.010147790 0.003701910 0.014029020 0.007228270 0.000000000 0.000325630 0.000604630 0.002518020 0.000618410 0.006539990 0.005083420 0.004304400 0.000245240 0.000281620 0.000347780 0.002089670 0.002089680 0.002731050 0.001396680 0.000249520 0.001409050 0.001450000 0.004356730 0.007457510 0.007496570 0.001065940 0.001066590 0.002986200 0.001004140 0.001004140 0.006058040 
32     0.012451790 0.009522550 0.009455380 0.002506660 0.008871080 0.003050490 0.001933550 0.002152210 0.006658770 0.001707980 0.001917850 0.011465640 0.002233750 0.005487910 0.012930000 0.004303550 0.003215700 0.007951520 0.002659080 0.004234440 0.000275060 0.008262460 0.013029110 0.009136320 0.000325630 0.000000000 0.000116000 0.007150110 0.001560220 0.005484580 0.002966470 0.004023190 0.002337580 0.001957650 0.002440120 0.001398700 0.002404070 0.004356310 0.001847180 0.002288720 0.001354000 0.003542340 0.004075520 0.008049770 0.007111490 0.002423890 0.003158930 0.005078540 0.003096480 0.003096480 0.007767430 
30     0.003597960 0.010377680 0.014197570 0.003093420 0.005171420 0.003905620 0.001715070 0.001295160 0.007103940 0.001489500 0.001699370 0.007947340 0.002186520 0.005533930 0.013025870 0.002716510 0.003727930 0.008806650 0.007681620 0.001721720 0.002590440 0.006141530 0.005003050 0.004276140 0.000604630 0.000116000 0.000000000 0.001852310 0.005366350 0.006985520 0.001026970 0.004069210 0.004165040 0.001082160 0.005892020 0.003851700 0.002450090 0.004402330 0.007298670 0.003624790 0.000086290 0.006048320 0.004121540 0.002512100 0.004346830 0.001051700 0.006803470 0.006813640 0.008424700 0.006902090 0.004089100 
41     0.008602120 0.001860380 0.001051950 0.003206790 0.003003200 0.010354650 0.005626230 0.003948490 0.008867080 0.004722200 0.010337270 0.011922410 0.005250900 0.004173260 0.001898770 0.004908370 0.006672250 0.012784760 0.007284910 0.002252220 0.003493210 0.010916090 0.013387570 0.003014800 0.002518020 0.007150110 0.001852310 0.000000000 0.001666830 0.001323790 0.000048310 0.003378500 0.004828510 0.004864890 0.004931050 0.001639430 0.004705880 0.002300400 0.005981370 0.005307290 0.005993740 0.004715000 0.005839890 0.003270970 0.009862330 0.003204270 0.003154520 0.003139180 0.003770340 0.005308360 0.013010380 
33     0.006185670 0.002824650 0.002814020 0.000559650 0.003967470 0.011874830 0.005644430 0.003574740 0.006651220 0.006286960 0.005362510 0.000821370 0.001651200 0.001938840 0.009657200 0.008052720 0.008660700 0.003729590 0.006935890 0.004201840 0.004180520 0.003319400 0.003416260 0.001039590 0.000618410 0.001560220 0.005366350 0.001666830 0.000000000 0.000012760 0.002656070 0.000786030 0.000390570 0.000426950 0.000493110 0.001480940 0.001480950 0.006883090 0.000787950 0.000867930 0.000800320 0.000841270 0.004548140 0.005751170 0.008570580 0.000457210 0.000457860 0.002377470 0.001145230 0.001145230 0.008012840 
40     0.006192090 0.003056900 0.005234010 0.005142630 0.004199720 0.010440830 0.010253990 0.003585020 0.004916580 0.007699290 0.006002380 0.007587030 0.001976900 0.001047240 0.010453680 0.007865140 0.007769100 0.008423200 0.006044290 0.004239330 0.004988580 0.003303610 0.002780110 0.000147990 0.006539990 0.005484580 0.006985520 0.001323790 0.000012760 0.000000000 0.000159110 0.001114610 0.002393630 0.006348530 0.006414690 0.007187640 0.001481700 0.007542640 0.006564980 0.006619390 0.006590380 0.004323570 0.005403320 0.004973620 0.009425760 0.003910100 0.004351040 0.004335700 0.003622990 0.004138980 0.012619160 
45     0.004853870 0.002943400 0.006727030 0.002935240 0.004086220 0.007243080 0.009475270 0.002376640 0.010488970 0.012595440 0.006929330 0.006683410 0.006197450 0.001012440 0.006938460 0.008642280 0.003591890 0.012632190 0.012961000 0.002064100 0.003604350 0.006104370 0.002377940 0.003249620 0.005083420 0.002966470 0.001026970 0.000048310 0.002656070 0.000159110 0.000000000 0.000970820 0.002620210 0.006995910 0.004886550 0.005050350 0.003648740 0.000193900 0.002698530 0.008088100 0.007987990 0.002027730 0.003266030 0.003537650 0.004136110 0.000632360 0.004237540 0.004222200 0.003881480 0.006087070 0.012330850 
31     0.005392350 0.005494330 0.012549880 0.012611900 0.012382080 0.004654050 0.002100590 0.006066290 0.006144410 0.008939880 0.004683030 0.006268170 0.005863280 0.003749440 0.008858010 0.005378020 0.002757160 0.005843940 0.012183240 0.011100110 0.005654870 0.011889350 0.009776550 0.007914270 0.004304400 0.004023190 0.004069210 0.003378500 0.000786030 0.001114610 0.000970820 0.000000000 0.000475670 0.005233550 0.003124190 0.004271330 0.002869720 0.004821960 0.005664140 0.000821400 0.005812510 0.000808350 0.002487010 0.007196430 0.005526110 0.003402170 0.004717450 0.006240390 0.005401280 0.004028410 0.003868230 
23     0.002098500 0.013102670 0.008029850 0.000169120 0.007220470 0.009619630 0.002917890 0.003737110 0.003815230 0.002865940 0.004390550 0.007332620 0.013477950 0.002348730 0.005983120 0.004151360 0.000676310 0.008466660 0.007345780 0.006942830 0.002836370 0.006367410 0.001688730 0.002386980 0.000245240 0.002337580 0.004165040 0.004828510 0.000390570 0.002393630 0.002620210 0.000475670 0.000000000 0.000052300 0.000118460 0.001861830 0.001861840 0.006393440 0.001168840 0.000494760 0.001181210 0.001222160 0.003784650 0.000639170 0.001522430 0.000838100 0.000838750 0.002758360 0.000776300 0.000776300 0.007084070 
35     0.013734100 0.000080240 0.013160580 0.000221380 0.010700360 0.005794660 0.006061700 0.005218050 0.008498660 0.002777840 0.001770410 0.003355550 0.011385860 0.003676710 0.013418990 0.006518630 0.004316170 0.005326560 0.007603950 0.007985870 0.010767480 0.014198340 0.007294080 0.006116700 0.000281620 0.001957650 0.001082160 0.004864890 0.000426950 0.006348530 0.006995910 0.005233550 0.000052300 0.000000000 0.000101550 0.001898210 0.001898220 0.005618040 0.000131070 0.000531140 0.001217590 0.001258540 0.006093320 0.006375740 0.001410680 0.000874480 0.000875130 0.002109260 0.000812680 0.000812680 0.007571360 
38     0.013394430 0.000132370 0.005211290 0.000287540 0.001348210 0.007189570 0.006127860 0.005104190 0.008464570 0.004854080 0.001430740 0.003015880 0.018073870 0.005572250 0.013384900 0.008074040 0.006603340 0.009009950 0.007670110 0.010727230 0.011062830 0.013712160 0.007067310 0.002605830 0.000347780 0.002440120 0.005892020 0.004931050 0.000493110 0.006414690 0.004886550 0.003124190 0.000118460 0.000101550 0.000000000 0.001964370 0.001964380 0.006644770 0.001271380 0.000597300 0.001283750 0.001324700 0.004309820 0.006540240 0.002891700 0.000940640 0.000941290 0.002860900 0.000878840 0.000878840 0.008262210 
36     0.004856680 0.013013870 0.009347430 0.002030910 0.000006470 0.010907670 0.002260570 0.004880430 0.008797900 0.002300580 0.009040660 0.008567810 0.008008340 0.005235410 0.001705020 0.003120320 0.005188790 0.008036990 0.007753520 0.009415020 0.004377180 0.010956880 0.002597170 0.003256370 0.002089670 0.001398700 0.003851700 0.001639430 0.001480940 0.007187640 0.005050350 0.004271330 0.001861830 0.001898210 0.001964370 0.000000000 0.000000010 0.000144150 0.002259210 0.002339190 0.000177370 0.002312530 0.000811370 0.000822310 0.005691100 0.001928470 0.001929120 0.000560820 0.002616490 0.002616490 0.006877460 
39     0.004452100 0.012127040 0.011569030 0.002030920 0.000006510 0.005383360 0.007115700 0.008908140 0.007998220 0.001483910 0.001224130 0.015683850 0.016246880 0.004244610 0.005999430 0.002886390 0.005667110 0.007327310 0.008134090 0.007930120 0.007582740 0.007382080 0.012594340 0.003022440 0.002089680 0.002404070 0.002450090 0.004705880 0.001480950 0.001481700 0.003648740 0.002869720 0.001861840 0.001898220 0.001964380 0.000000010 0.000000000 0.000144170 0.000511950 0.002339200 0.000177390 0.002312540 0.002922050 0.005321040 0.006169420 0.001928480 0.001929130 0.000560840 0.002616500 0.002616500 0.007355780 
42     0.004835870 0.014079280 0.010156300 0.004002840 0.000150620 0.001644660 0.000631960 0.011994840 0.009955670 0.009624880 0.012932890 0.012231180 0.003090380 0.006286680 0.001535990 0.001757330 0.003156930 0.009018480 0.002658540 0.003311700 0.001626800 0.009721700 0.004975160 0.006181230 0.002731050 0.004356310 0.004402330 0.002300400 0.006883090 0.007542640 0.000193900 0.004821960 0.006393440 0.005618040 0.006644770 0.000144150 0.000144170 0.000000000 0.004458480 0.004091670 0.000149520 0.004487120 0.004874290 0.003867470 0.000868390 0.004610540 0.006143870 0.000532970 0.008807600 0.008343740 0.007635890 
24     0.013850510 0.005657220 0.003379440 0.001337920 0.004492800 0.005684190 0.004995520 0.007575830 0.003720840 0.010156800 0.003963600 0.005548250 0.009605280 0.006364930 0.003189210 0.005267420 0.001569290 0.007502000 0.001166230 0.001837840 0.014749390 0.002296100 0.005669280 0.004664750 0.001396680 0.001847180 0.007298670 0.005981370 0.000787950 0.006564980 0.002698530 0.005664140 0.001168840 0.000131070 0.001271380 0.002259210 0.000511950 0.004458480 0.000000000 0.000547150 0.000012370 0.000795940 0.003155520 0.002960400 0.003002860 0.000400900 0.000401550 0.002321160 0.001923500 0.000297690 0.006119410 
29     0.011767150 0.001717360 0.006285810 0.000663840 0.006597400 0.005467210 0.006502680 0.002631450 0.003775250 0.006720320 0.004018010 0.005602660 0.015735260 0.006566510 0.005966930 0.003318190 0.002231910 0.008183130 0.001220640 0.001892250 0.011419150 0.001733560 0.008324910 0.005345880 0.000249520 0.002288720 0.003624790 0.005307290 0.000867930 0.006619390 0.008088100 0.000821400 0.000494760 0.000531140 0.000597300 0.002339190 0.002339200 0.004091670 0.000547150 0.000000000 0.000001780 0.001170010 0.002611480 0.002204530 0.003447480 0.001315460 0.001089160 0.001099330 0.001253660 0.001253660 0.006800540 
25     0.003357740 0.014688140 0.008783680 0.001350290 0.000183840 0.011363180 0.005007890 0.007601230 0.003746240 0.010182200 0.003989000 0.005573650 0.005751500 0.006295760 0.007303450 0.004205080 0.002202900 0.003956080 0.001191630 0.001863240 0.010513480 0.002321500 0.005430220 0.005683130 0.001409050 0.001354000 0.000086290 0.005993740 0.000800320 0.006590380 0.007987990 0.005812510 0.001181210 0.001217590 0.001283750 0.000177370 0.000177390 0.000149520 0.000012370 0.000001780 0.000000000 0.000808310 0.002915100 0.001537090 0.001148550 0.000413270 0.000091170 0.000101340 0.001935870 0.001935870 0.007137790 
43     0.009914120 0.013671110 0.000000590 0.001242860 0.001198270 0.002328280 0.005652420 0.008198510 0.004343520 0.010779480 0.004586280 0.006170930 0.014714500 0.005320180 0.006184000 0.003656440 0.002800180 0.007018040 0.001788910 0.002460520 0.006747570 0.002918780 0.008893180 0.004180790 0.001450000 0.003542340 0.006048320 0.004715000 0.000841270 0.004323570 0.002027730 0.000808350 0.001222160 0.001258540 0.001324700 0.002312530 0.002312540 0.004487120 0.000795940 0.001170010 0.000808310 0.000000000 0.001758410 0.004410030 0.004449090 0.000465200 0.000444270 0.000456850 0.001976820 0.001976820 0.005635450 
37     0.012114950 0.011744330 0.012615370 0.007704330 0.011767740 0.003442180 0.009182720 0.007914150 0.005761250 0.006857330 0.006435610 0.008020750 0.016655700 0.003951730 0.008696650 0.004166150 0.003500000 0.009176360 0.000032620 0.011100890 0.012492000 0.010147580 0.007887300 0.000695910 0.004356730 0.004075520 0.004121540 0.005839890 0.004548140 0.005403320 0.003266030 0.002487010 0.003784650 0.006093320 0.004309820 0.000811370 0.002922050 0.004874290 0.003155520 0.002611480 0.002915100 0.001758410 0.000000000 0.003084070 0.003651420 0.001444920 0.003732180 0.002444580 0.005768590 0.006008790 0.007061470 
27     0.006059310 0.013255700 0.012358990 0.001848490 0.010211730 0.008948540 0.016724090 0.010244360 0.004451060 0.003100880 0.006117080 0.007702220 0.008637560 0.003851730 0.003347390 0.004168390 0.002697690 0.006991840 0.006569500 0.012230670 0.011299100 0.013672410 0.006224890 0.005646440 0.007457510 0.008049770 0.002512100 0.003270970 0.005751170 0.004973620 0.003537650 0.007196430 0.000639170 0.006375740 0.006540240 0.000822310 0.005321040 0.003867470 0.002960400 0.002204530 0.001537090 0.004410030 0.003084070 0.000000000 0.000390870 0.002328590 0.005406990 0.004844640 0.009016680 0.008444000 0.007101100 
47     0.010992450 0.013298160 0.011969570 0.006036970 0.012533320 0.002058400 0.013256290 0.011249840 0.002488510 0.006481890 0.006159540 0.005266200 0.017491700 0.004857210 0.003363730 0.004207450 0.002736750 0.008522750 0.012324610 0.012889240 0.017937260 0.016114080 0.010685670 0.005685500 0.007496570 0.007111490 0.004346830 0.009862330 0.008570580 0.009425760 0.004136110 0.005526110 0.001522430 0.001410680 0.002891700 0.005691100 0.006169420 0.000868390 0.003002860 0.003447480 0.001148550 0.004449090 0.003651420 0.000390870 0.000000000 0.002371050 0.003910890 0.003863310 0.005829280 0.006523340 0.007140160 
34     0.009085940 0.000218960 0.012968890 0.001007180 0.002851370 0.007437280 0.005257380 0.009343330 0.006211720 0.000149260 0.006787710 0.008372850 0.016674030 0.000886460 0.006081620 0.008950820 0.007218040 0.002169150 0.008384030 0.002572850 0.011716850 0.007000360 0.004815270 0.002973360 0.001065940 0.002423890 0.001051700 0.003204270 0.000457210 0.003910100 0.000632360 0.003402170 0.000838100 0.000874480 0.000940640 0.001928470 0.001928480 0.004610540 0.000400900 0.001315460 0.000413270 0.000465200 0.001444920 0.002328590 0.002371050 0.000000000 0.000000690 0.000826230 0.001592760 0.001592760 0.014140450 
44     0.009000830 0.001761780 0.006188330 0.001007830 0.002801620 0.003488790 0.001589950 0.012053890 0.009889510 0.011980590 0.000555200 0.003677330 0.016265300 0.008595710 0.010531000 0.009015980 0.006426580 0.002780080 0.008384680 0.011204520 0.012647390 0.002396450 0.009521420 0.004749490 0.001066590 0.003158930 0.006803470 0.003154520 0.000457860 0.004351040 0.004237540 0.004717450 0.000838750 0.000875130 0.000941290 0.001929120 0.001929130 0.006143870 0.000401550 0.001089160 0.000091170 0.000444270 0.003732180 0.005406990 0.003910890 0.000000690 0.000000000 0.000067360 0.001593410 0.001593410 0.004259830 
49     0.006737890 0.001746440 0.006045880 0.002927440 0.000567290 0.003501370 0.001640550 0.011587230 0.009678560 0.001307790 0.011591590 0.003464360 0.016277880 0.008697990 0.010569140 0.008774870 0.006439160 0.011886480 0.010304290 0.001524060 0.012632050 0.003029200 0.009361600 0.002047990 0.002986200 0.005078540 0.006813640 0.003139180 0.002377470 0.004335700 0.004222200 0.006240390 0.002758360 0.002109260 0.002860900 0.000560820 0.000560840 0.000532970 0.002321160 0.001099330 0.000101340 0.000456850 0.002444580 0.004844640 0.003863310 0.000826230 0.000067360 0.000000000 0.003513020 0.003513020 0.004883160 
26     0.006154520 0.007570740 0.011661530 0.000945380 0.006383140 0.008584260 0.005415260 0.003880250 0.004281440 0.003904430 0.008533230 0.010117880 0.012442580 0.003578090 0.015545390 0.006304040 0.008553430 0.003914010 0.006791470 0.003257190 0.001024650 0.007596770 0.005336490 0.003616340 0.001004140 0.003096480 0.008424700 0.003770340 0.001145230 0.003622990 0.003881480 0.005401280 0.000776300 0.000812680 0.000878840 0.002616490 0.002616500 0.008807600 0.001923500 0.001253660 0.001935870 0.001976820 0.005768590 0.009016680 0.005829280 0.001592760 0.001593410 0.003513020 0.000000000 0.000000000 0.008881530 
48     0.011041070 0.005684360 0.010811560 0.000945380 0.006174840 0.001575710 0.005464720 0.003894650 0.004295840 0.000268190 0.009049220 0.001317620 0.002319950 0.004094080 0.014991820 0.004417660 0.007382030 0.003341330 0.006461870 0.009762740 0.006988410 0.007074360 0.005852480 0.002668620 0.001004140 0.003096480 0.006902090 0.005308360 0.001145230 0.004138980 0.006087070 0.004028410 0.000776300 0.000812680 0.000878840 0.002616490 0.002616500 0.008343740 0.000297690 0.001253660 0.001935870 0.001976820 0.006008790 0.008444000 0.006523340 0.001592760 0.001593410 0.003513020 0.000000000 0.000000000 0.009657240 
0     0.000181250 0.001102060 0.008313840 0.010069130 0.002944950 0.006576690 0.007662850 0.006908820 0.012865070 0.010166140 0.001798520 0.003377580 0.013220460 0.002073920 0.004074570 0.001284290 0.000279260 0.008770770 0.014082090 0.006408670 0.009635840 0.002834430 0.002834490 0.004216810 0.006058040 0.007767430 0.004089100 0.013010380 0.008012840 0.012619160 0.012330850 0.003868230 0.007084070 0.007571360 0.008262210 0.006877460 0.007355780 0.007635890 0.006119410 0.006800540 0.007137790 0.005635450 0.007061470 0.007101100 0.007140160 0.014140450 0.004259830 0.004883160 0.008881530 0.009657240 0.000000000 
