51
35     0.000000000 0.002058120 0.008127130 0.028501850 0.014469970 0.015507500 0.044542400 0.043984210 0.043523760 0.024350650 0.055045380 0.029856890 0.041986110 0.041924220 0.039064150 0.049650310 0.038161870 0.050317660 0.037232690 0.033355390 0.037601170 0.036531510 0.034267400 0.046016240 0.015557610 0.017909320 0.017604950 0.021325680 0.026647610 0.023751670 0.022557940 0.057948160 0.035927670 0.036878660 0.038297190 0.043842340 0.045759420 0.041993720 0.047419070 0.054900670 0.051931150 0.052308940 0.036475360 0.029893370 0.036614380 0.067009770 0.065865850 0.064061970 0.041288050 0.047109930 0.093802280 
39     0.002058120 0.000000000 0.007065500 0.027125070 0.019302830 0.020755170 0.046495450 0.047841040 0.048912670 0.014684350 0.057879590 0.034652660 0.057312850 0.058723990 0.061460520 0.061199530 0.046179230 0.049358490 0.035004760 0.029032680 0.031650490 0.040400210 0.048374280 0.055584420 0.020353380 0.022705090 0.022400720 0.026121450 0.031443380 0.028547440 0.027353710 0.052119040 0.037755740 0.036422740 0.039696860 0.037060440 0.038977520 0.065689790 0.057848520 0.075166390 0.061634420 0.063405260 0.050958360 0.022437360 0.034427600 0.070626610 0.052856250 0.055956850 0.061819140 0.024824250 0.070565390 
28     0.008127130 0.007065500 0.000000000 0.003262030 0.021962690 0.011776350 0.047933870 0.050541830 0.051656720 0.017344210 0.061342550 0.049096800 0.024062330 0.028478770 0.040193510 0.050779670 0.030650830 0.035917090 0.045262290 0.041440030 0.041908020 0.048766360 0.035396760 0.052573860 0.036152570 0.038504280 0.038199910 0.041920640 0.047242570 0.044346630 0.028210260 0.062376570 0.033538600 0.046680270 0.049571770 0.036919120 0.041592840 0.054228570 0.046086830 0.052619580 0.047620760 0.064543790 0.037604720 0.025097220 0.037743740 0.066623740 0.054518550 0.060968720 0.034646180 0.027484110 0.033719880 
32     0.028501850 0.027125070 0.003262030 0.000000000 0.021516230 0.028918000 0.042536410 0.041978220 0.062569720 0.049600450 0.053119110 0.055403260 0.039278180 0.037370030 0.049549620 0.063481920 0.040517840 0.054652310 0.038486630 0.037083070 0.043752480 0.047872410 0.045135670 0.044010250 0.014678410 0.013162520 0.053060820 0.056981070 0.057282980 0.058013500 0.050570990 0.058204390 0.054319730 0.052986730 0.056260850 0.059279850 0.063953570 0.053334620 0.068994660 0.070387930 0.063016060 0.063649840 0.061290180 0.031891360 0.006184610 0.072016060 0.066225060 0.072520840 0.057006910 0.071924750 0.075893530 
27     0.014469970 0.019302830 0.021962690 0.021516230 0.000000000 0.001486780 0.034629580 0.038834730 0.034101300 0.012462180 0.036907980 0.030520250 0.047348250 0.038498760 0.040059040 0.040116350 0.035898120 0.050668240 0.033888550 0.026870890 0.033438140 0.011148630 0.048706980 0.049490320 0.053333760 0.046090360 0.045231010 0.053516750 0.042084310 0.052998560 0.054947380 0.048525700 0.033663920 0.034614910 0.036033440 0.035109960 0.029752320 0.024847070 0.061679400 0.071496010 0.042508690 0.053124150 0.028354460 0.020215190 0.041947550 0.063825500 0.060376200 0.051059910 0.051538030 0.020087520 0.077800360 
40     0.015507500 0.020755170 0.011776350 0.028918000 0.001486780 0.000000000 0.031936570 0.049359000 0.047107320 0.013914520 0.038854180 0.035144120 0.038809770 0.038747880 0.035887810 0.042984450 0.038768670 0.004065780 0.044890730 0.028637120 0.051081380 0.030950910 0.031091060 0.046226900 0.054444420 0.052954780 0.053407720 0.051471360 0.059889860 0.059686730 0.072752930 0.066331250 0.052549700 0.049716280 0.051278490 0.036876190 0.031518550 0.050529960 0.053083200 0.089553120 0.060314240 0.060845180 0.033299020 0.021667530 0.030477490 0.076184910 0.067878400 0.054767850 0.038111710 0.024054420 0.086125230 
16     0.044542400 0.046495450 0.047933870 0.042536410 0.034629580 0.031936570 0.000000000 0.004264950 0.006816980 0.006467430 0.004978930 0.015079600 0.033670480 0.021245720 0.049281790 0.026487740 0.031738240 0.030964590 0.012299520 0.023282180 0.038547390 0.034478040 0.033209710 0.040914280 0.054797570 0.046095560 0.045897990 0.053885100 0.052397040 0.054917530 0.052535420 0.044845890 0.038417950 0.052696400 0.053105780 0.043694530 0.038806350 0.017068610 0.029166190 0.066588650 0.052059740 0.052911140 0.038667190 0.027489830 0.032202670 0.055547830 0.057445070 0.070312700 0.064200570 0.051499840 0.080316580 
13     0.043984210 0.047841040 0.050541830 0.041978220 0.038834730 0.049359000 0.004264950 0.000000000 0.001391320 0.020175970 0.022367420 0.033960580 0.038377190 0.035172730 0.054070690 0.035820990 0.035491200 0.041616210 0.042708540 0.035647200 0.039892980 0.045766360 0.041481510 0.040356090 0.057364380 0.055458800 0.050812340 0.053326910 0.052999220 0.054359340 0.055559350 0.054550230 0.043116140 0.048222640 0.047376590 0.040186360 0.044111460 0.048595850 0.065002940 0.066733770 0.053094340 0.051564130 0.039269370 0.028237200 0.031644480 0.066199450 0.064096090 0.070685600 0.061995270 0.056198030 0.097387730 
7     0.043523760 0.048912670 0.051656720 0.062569720 0.034101300 0.047107320 0.006816980 0.001391320 0.000000000 0.018269290 0.029705230 0.038107520 0.034527310 0.036241620 0.054976170 0.027344570 0.033136600 0.031821420 0.036579870 0.036718830 0.039619620 0.046166950 0.047588870 0.061554330 0.061084210 0.046952390 0.047163670 0.059698230 0.048265790 0.059180040 0.061128860 0.054707180 0.042140800 0.052653960 0.054072490 0.036321450 0.030963810 0.058426810 0.074955880 0.083560020 0.048690170 0.066052550 0.034535940 0.036787520 0.044603400 0.056404660 0.058301900 0.075973050 0.067102790 0.055222690 0.073227000 
10     0.024350650 0.014684350 0.017344210 0.049600450 0.012462180 0.013914520 0.006467430 0.020175970 0.018269290 0.000000000 0.009852920 0.019379850 0.006826330 0.009490490 0.040424850 0.008489740 0.014281770 0.012966590 0.013317490 0.016019760 0.016487750 0.025237470 0.035628760 0.035444720 0.033249820 0.028097560 0.016001080 0.023653930 0.026053510 0.037234050 0.024496900 0.042462110 0.020045200 0.020996190 0.014895790 0.025696530 0.025798240 0.018875890 0.031350040 0.057450410 0.036445100 0.034745090 0.022290870 0.014424250 0.025748570 0.037549830 0.039447070 0.049513970 0.030932820 0.016811140 0.037656920 
25     0.055045380 0.057879590 0.061342550 0.053119110 0.036907980 0.038854180 0.004978930 0.022367420 0.029705230 0.009852920 0.000000000 0.000021980 0.028448450 0.024631210 0.017054980 0.017112290 0.024094480 0.028755140 0.015685010 0.026667670 0.042418760 0.037863530 0.036595200 0.043790690 0.052008210 0.043886110 0.025774990 0.033427840 0.035827420 0.047007960 0.042061820 0.056553560 0.032376980 0.032741920 0.024669700 0.028768360 0.041586790 0.028649800 0.041123950 0.053072960 0.051739270 0.045483780 0.033267100 0.032789800 0.017273660 0.053338380 0.055235620 0.080143480 0.055744060 0.064062820 0.022669620 
38     0.029856890 0.034652660 0.049096800 0.055403260 0.030520250 0.035144120 0.015079600 0.033960580 0.038107520 0.019379850 0.000021980 0.000000000 0.023816490 0.021794850 0.012423020 0.012480330 0.033887660 0.032572480 0.025785680 0.035369110 0.035837100 0.042378770 0.044086930 0.037708600 0.028527700 0.030879410 0.025796210 0.033449060 0.035848640 0.036721760 0.030948780 0.051921600 0.032398200 0.032763140 0.024690920 0.044319450 0.045404130 0.028671020 0.041145170 0.037716440 0.037814870 0.030127260 0.033288320 0.022718670 0.021413990 0.046947670 0.048099850 0.044324180 0.051112100 0.067880160 0.059020460 
1     0.041986110 0.057312850 0.024062330 0.039278180 0.047348250 0.038809770 0.033670480 0.038377190 0.034527310 0.006826330 0.028448450 0.023816490 0.000000000 0.000086690 0.009798450 0.016501460 0.006966250 0.005651070 0.026197050 0.024793490 0.031462900 0.034919240 0.041760450 0.041185410 0.049402930 0.039573580 0.039784860 0.046429870 0.053822700 0.051933700 0.060478290 0.064262250 0.036547380 0.049877660 0.051123560 0.037172550 0.037274260 0.040381450 0.033668440 0.036310760 0.045129250 0.047820360 0.043968410 0.017591640 0.019189300 0.014581140 0.036991030 0.033215360 0.048781100 0.049629270 0.083045740 
11     0.041924220 0.058723990 0.028478770 0.037370030 0.038498760 0.038747880 0.021245720 0.035172730 0.036241620 0.009490490 0.024631210 0.021794850 0.000086690 0.000000000 0.021323490 0.018845620 0.010548780 0.009233600 0.024288900 0.022885340 0.029554750 0.034903550 0.041698560 0.040197520 0.048415040 0.043156110 0.043367390 0.045441980 0.053807010 0.053657350 0.064060820 0.064567710 0.037958520 0.049861970 0.051107870 0.040755080 0.040856790 0.040365760 0.054263550 0.056905870 0.058041350 0.050680980 0.043906520 0.032991240 0.038568840 0.009259990 0.034284330 0.053810470 0.048719210 0.051040410 0.085709900 
14     0.039064150 0.061460520 0.040193510 0.049549620 0.040059040 0.035887810 0.049281790 0.054070690 0.054976170 0.040424850 0.017054980 0.012423020 0.009798450 0.021323490 0.000000000 0.004709950 0.009932500 0.010512100 0.048407980 0.046095050 0.054800580 0.057663330 0.038838490 0.070804250 0.029295780 0.023333670 0.032429080 0.074005870 0.077657290 0.076810220 0.076027070 0.059704620 0.054029980 0.057463710 0.059025920 0.041427930 0.040375740 0.039464620 0.060830630 0.072415490 0.068106080 0.054828480 0.041046450 0.034275400 0.029197010 0.072656660 0.071856710 0.066115640 0.045859140 0.051681020 0.037195980 
3     0.049650310 0.061199530 0.050779670 0.063481920 0.040116350 0.042984450 0.026487740 0.035820990 0.027344570 0.008489740 0.017112290 0.012480330 0.016501460 0.018845620 0.004709950 0.000000000 0.005026930 0.008363800 0.021923940 0.045236210 0.041781860 0.052530430 0.042583180 0.023423230 0.044950900 0.032390840 0.032602120 0.041977840 0.054249270 0.044750960 0.052979110 0.059761930 0.043170830 0.064268040 0.059204000 0.029989810 0.030091520 0.031652020 0.071416790 0.063500950 0.063599380 0.055911770 0.047134080 0.022225970 0.029254320 0.041843110 0.043740350 0.064794620 0.055593110 0.052567550 0.080240890 
22     0.038161870 0.046179230 0.030650830 0.040517840 0.035898120 0.038768670 0.031738240 0.035491200 0.033136600 0.014281770 0.024094480 0.033887660 0.006966250 0.010548780 0.009932500 0.005026930 0.000000000 0.000140950 0.027715970 0.047885030 0.048963650 0.050405560 0.031856930 0.052968160 0.052314690 0.038182870 0.038394150 0.052857840 0.056746440 0.050542990 0.059087580 0.075051230 0.026408860 0.030717830 0.032136360 0.035781840 0.035883550 0.058300820 0.070969180 0.064061010 0.052023370 0.053794210 0.040094170 0.026512360 0.029158360 0.047635140 0.047388810 0.072626650 0.052191480 0.039490750 0.034554320 
18     0.050317660 0.049358490 0.035917090 0.054652310 0.050668240 0.004065780 0.030964590 0.041616210 0.031821420 0.012966590 0.028755140 0.032572480 0.005651070 0.009233600 0.010512100 0.008363800 0.000140950 0.000000000 0.026400790 0.046385390 0.042931040 0.047794410 0.034041090 0.037882560 0.046100080 0.036867690 0.037078970 0.043127020 0.055398450 0.049227810 0.049088030 0.073736050 0.028593020 0.045487950 0.044626190 0.034466660 0.034568370 0.065923950 0.070892800 0.059423210 0.063039910 0.055352300 0.042278330 0.026702820 0.034518700 0.046319960 0.048217200 0.073125060 0.051702030 0.041674910 0.045211030 
8     0.037232690 0.035004760 0.045262290 0.038486630 0.033888550 0.044890730 0.012299520 0.042708540 0.036579870 0.013317490 0.015685010 0.025785680 0.026197050 0.024288900 0.048407980 0.021923940 0.027715970 0.026400790 0.000000000 0.001144670 0.001942260 0.001646900 0.027923010 0.037836070 0.046053590 0.041626140 0.041837420 0.040458720 0.035575560 0.046869180 0.050689500 0.048985860 0.024154050 0.030657700 0.026898730 0.039225110 0.039326820 0.022134310 0.040895430 0.063180230 0.039809900 0.032449530 0.017272420 0.020359160 0.027381380 0.051078410 0.048381670 0.051482270 0.059170900 0.061802850 0.055994720 
2     0.033355390 0.029032680 0.041440030 0.037083070 0.026870890 0.028637120 0.023282180 0.035647200 0.036718830 0.016019760 0.026667670 0.035369110 0.024793490 0.022885340 0.046095050 0.045236210 0.047885030 0.046385390 0.001144670 0.000000000 0.000061360 0.000701780 0.029217970 0.038363990 0.042645010 0.043578660 0.040154030 0.040242570 0.036870520 0.043046920 0.046867240 0.045163600 0.025449010 0.026835440 0.030109560 0.030947510 0.025589870 0.023429270 0.042190390 0.064475190 0.041104860 0.033744490 0.026427080 0.021250490 0.026772700 0.050061320 0.044559410 0.047660010 0.060129600 0.078304520 0.065453510 
6     0.037601170 0.031650490 0.041908020 0.043752480 0.033438140 0.051081380 0.038547390 0.039892980 0.039619620 0.016487750 0.042418760 0.035837100 0.031462900 0.029554750 0.054800580 0.041781860 0.048963650 0.042931040 0.001942260 0.000061360 0.000000000 0.002477890 0.033235460 0.034909640 0.043113000 0.041637520 0.040622020 0.040154100 0.040888010 0.043514910 0.047335230 0.045631590 0.028636430 0.027303430 0.030577550 0.047597270 0.048799680 0.027446760 0.046207880 0.066856380 0.045122350 0.037761980 0.017209080 0.021718480 0.027240690 0.031222920 0.045027400 0.048128000 0.060107020 0.076876010 0.050203500 
41     0.036531510 0.040400210 0.048766360 0.047872410 0.011148630 0.030950910 0.034478040 0.045766360 0.046166950 0.025237470 0.037863530 0.042378770 0.034919240 0.034903550 0.057663330 0.052530430 0.050405560 0.047794410 0.001646900 0.000701780 0.002477890 0.000000000 0.027221830 0.042518410 0.051862720 0.052796370 0.049371740 0.039757540 0.034874380 0.052264630 0.056084950 0.054381310 0.023452870 0.023045870 0.021002760 0.058942850 0.055938080 0.021433130 0.040194250 0.062479050 0.039108720 0.031748350 0.026147610 0.019657980 0.026680200 0.026173900 0.053777120 0.056877720 0.065430630 0.080771350 0.080144360 
26     0.034267400 0.048374280 0.035396760 0.045135670 0.048706980 0.031091060 0.033209710 0.041481510 0.047588870 0.035628760 0.036595200 0.044086930 0.041760450 0.041698560 0.038838490 0.042583180 0.031856930 0.034041090 0.027923010 0.029217970 0.033235460 0.027221830 0.000000000 0.003417130 0.012755370 0.014926970 0.005582830 0.014262990 0.018334390 0.019986410 0.028537530 0.013771030 0.019493640 0.026970110 0.027086990 0.021708520 0.024804870 0.017473900 0.036235020 0.058519820 0.035149490 0.027789120 0.019421590 0.028397410 0.033348540 0.061379050 0.049273860 0.066193190 0.040747230 0.041375800 0.038986080 
12     0.046016240 0.055584420 0.052573860 0.044010250 0.049490320 0.046226900 0.040914280 0.040356090 0.061554330 0.035444720 0.043790690 0.037708600 0.041185410 0.040197520 0.070804250 0.023423230 0.052968160 0.037882560 0.037836070 0.038363990 0.034909640 0.042518410 0.003417130 0.000000000 0.010857720 0.009368080 0.009821020 0.007884660 0.018878210 0.016100030 0.018565840 0.008637890 0.029609190 0.029974130 0.021901910 0.015330190 0.018426540 0.032770480 0.047743680 0.059767820 0.048214120 0.043085700 0.009310980 0.023163590 0.032990950 0.072624630 0.070385090 0.072032070 0.052723630 0.043234110 0.085250930 
20     0.015557610 0.020353380 0.036152570 0.014678410 0.053333760 0.054444420 0.054797570 0.057364380 0.061084210 0.033249820 0.052008210 0.028527700 0.049402930 0.048415040 0.029295780 0.044950900 0.052314690 0.046100080 0.046053590 0.042645010 0.043113000 0.051862720 0.012755370 0.010857720 0.000000000 0.000362470 0.002852100 0.013505850 0.018827780 0.015931840 0.005725950 0.010233790 0.049218250 0.045594330 0.047795430 0.020417310 0.017343310 0.052989260 0.015339780 0.035542940 0.040199860 0.032512250 0.021260780 0.031381110 0.043478740 0.072143710 0.064318760 0.067419360 0.056140070 0.046650550 0.106935810 
15     0.017909320 0.022705090 0.038504280 0.013162520 0.046090360 0.052954780 0.046095560 0.055458800 0.046952390 0.028097560 0.043886110 0.030879410 0.039573580 0.043156110 0.023333670 0.032390840 0.038182870 0.036867690 0.041626140 0.043578660 0.041637520 0.052796370 0.014926970 0.009368080 0.000362470 0.000000000 0.000929760 0.014398820 0.017224180 0.017954700 0.017089820 0.008548380 0.050151900 0.044104690 0.052093020 0.019089020 0.016015020 0.053080370 0.012899720 0.033102880 0.052551050 0.044863440 0.019771140 0.029891470 0.041989100 0.058011890 0.059909130 0.068353010 0.058231040 0.048741520 0.105143150 
31     0.017604950 0.022400720 0.038199910 0.053060820 0.045231010 0.053407720 0.045897990 0.050812340 0.047163670 0.016001080 0.025774990 0.025796210 0.039784860 0.043367390 0.032429080 0.032602120 0.038394150 0.037078970 0.041837420 0.040154030 0.040622020 0.049371740 0.005582830 0.009821020 0.002852100 0.000929760 0.000000000 0.009853370 0.012252950 0.016447810 0.007945340 0.016638700 0.009387850 0.009752790 0.001680570 0.022511010 0.025607360 0.016864330 0.026008910 0.033009850 0.033108280 0.025420670 0.020224080 0.026992940 0.042442040 0.058223170 0.060120410 0.060424660 0.059144400 0.067715990 0.104481460 
4     0.021325680 0.026121450 0.041920640 0.056981070 0.053516750 0.051471360 0.053885100 0.053326910 0.059698230 0.023653930 0.033427840 0.033449060 0.046429870 0.045441980 0.074005870 0.041977840 0.052857840 0.043127020 0.040458720 0.040242570 0.040154100 0.039757540 0.014262990 0.007884660 0.013505850 0.014398820 0.009853370 0.000000000 0.000742730 0.001371330 0.008644090 0.013326810 0.017040700 0.017405640 0.009333420 0.020574650 0.023671000 0.024517180 0.036991330 0.065728450 0.047685200 0.040324830 0.018287720 0.028408050 0.040505680 0.079686680 0.061916320 0.065016920 0.062865130 0.071436720 0.102259100 
37     0.026647610 0.031443380 0.047242570 0.057282980 0.042084310 0.059889860 0.052397040 0.052999220 0.048265790 0.026053510 0.035827420 0.035848640 0.053822700 0.053807010 0.077657290 0.054249270 0.056746440 0.055398450 0.035575560 0.036870520 0.040888010 0.034874380 0.018334390 0.018878210 0.018827780 0.017224180 0.012252950 0.000742730 0.000000000 0.000844140 0.009325690 0.013968750 0.019440280 0.019805220 0.011733000 0.032846080 0.035942430 0.025126450 0.039390910 0.066172370 0.042802040 0.035441670 0.030559150 0.036856040 0.043878260 0.082002730 0.065567740 0.068668340 0.068187060 0.076758650 0.089324100 
19     0.023751670 0.028547440 0.044346630 0.058013500 0.052998560 0.059686730 0.054917530 0.054359340 0.059180040 0.037234050 0.047007960 0.036721760 0.051933700 0.053657350 0.076810220 0.044750960 0.050542990 0.049227810 0.046869180 0.043046920 0.043514910 0.052264630 0.019986410 0.016100030 0.015931840 0.017954700 0.016447810 0.001371330 0.000844140 0.000000000 0.009232550 0.010690220 0.030620820 0.030985760 0.022913540 0.028790020 0.031886370 0.038097300 0.050571450 0.073943820 0.056928450 0.063363800 0.026503090 0.036623420 0.046292020 0.070372010 0.064720670 0.067821270 0.065291120 0.073862710 0.074275000 
29     0.022557940 0.027353710 0.028210260 0.050570990 0.054947380 0.072752930 0.052535420 0.055559350 0.061128860 0.024496900 0.042061820 0.030948780 0.060478290 0.064060820 0.076027070 0.052979110 0.059087580 0.049088030 0.050689500 0.046867240 0.047335230 0.056084950 0.028537530 0.018565840 0.005725950 0.017089820 0.007945340 0.008644090 0.009325690 0.009232550 0.000000000 0.000955000 0.025674680 0.026039620 0.017967400 0.025370040 0.030043760 0.033151160 0.045625310 0.048886360 0.048984790 0.041297180 0.037768460 0.042869450 0.050112340 0.063290960 0.056806260 0.049537240 0.023214700 0.053528110 0.076203680 
44     0.057948160 0.052119040 0.062376570 0.058204390 0.048525700 0.066331250 0.044845890 0.054550230 0.054707180 0.042462110 0.056553560 0.051921600 0.064262250 0.064567710 0.059704620 0.059761930 0.075051230 0.073736050 0.048985860 0.045163600 0.045631590 0.054381310 0.013771030 0.008637890 0.010233790 0.008548380 0.016638700 0.013326810 0.013968750 0.010690220 0.000955000 0.000000000 0.051736840 0.050403840 0.049821010 0.049789230 0.046715230 0.065004770 0.057181640 0.051166380 0.051264810 0.043577200 0.038301360 0.042886490 0.047185090 0.083508560 0.066837350 0.069937950 0.070210700 0.085993590 0.120129480 
43     0.035927670 0.037755740 0.033538600 0.054319730 0.033663920 0.052549700 0.038417950 0.043116140 0.042140800 0.020045200 0.032376980 0.032398200 0.036547380 0.037958520 0.054029980 0.043170830 0.026408860 0.028593020 0.024154050 0.025449010 0.028636430 0.023452870 0.019493640 0.029609190 0.049218250 0.050151900 0.009387850 0.017040700 0.019440280 0.030620820 0.025674680 0.051736840 0.000000000 0.000366860 0.005787640 0.035308450 0.037920330 0.012426280 0.031187400 0.053472200 0.030101870 0.022741500 0.028083620 0.022953560 0.032456750 0.055935200 0.043830010 0.054233250 0.048632680 0.035931950 0.051320630 
5     0.036878660 0.036422740 0.046680270 0.052986730 0.034614910 0.049716280 0.052696400 0.048222640 0.052653960 0.020996190 0.032741920 0.032763140 0.049877660 0.049861970 0.057463710 0.064268040 0.030717830 0.045487950 0.030657700 0.026835440 0.027303430 0.023045870 0.026970110 0.029974130 0.045594330 0.044104690 0.009752790 0.017405640 0.019805220 0.030985760 0.026039620 0.050403840 0.000366860 0.000000000 0.000599580 0.050064440 0.023548660 0.019902750 0.036305410 0.060948670 0.037578340 0.027011470 0.028448560 0.026490730 0.032012940 0.067570010 0.049799650 0.052900250 0.050924880 0.057029160 0.073577900 
34     0.038297190 0.039696860 0.049571770 0.056260850 0.036033440 0.051278490 0.053105780 0.047376590 0.054072490 0.014895790 0.024669700 0.024690920 0.051123560 0.051107870 0.059025920 0.059204000 0.032136360 0.044626190 0.026898730 0.030109560 0.030577550 0.021002760 0.027086990 0.021901910 0.047795430 0.052093020 0.001680570 0.009333420 0.011733000 0.022913540 0.017967400 0.049821010 0.005787640 0.000599580 0.000000000 0.051341620 0.021199040 0.015759040 0.028233190 0.062194570 0.038824240 0.026165420 0.020376340 0.029764850 0.035287060 0.070844130 0.053073770 0.056174370 0.052343410 0.051965120 0.057962660 
36     0.043842340 0.037060440 0.036919120 0.059279850 0.035109960 0.036876190 0.043694530 0.040186360 0.036321450 0.025696530 0.028768360 0.044319450 0.037172550 0.040755080 0.041427930 0.029989810 0.035781840 0.034466660 0.039225110 0.030947510 0.047597270 0.058942850 0.021708520 0.015330190 0.020417310 0.019089020 0.022511010 0.020574650 0.032846080 0.028790020 0.025370040 0.049789230 0.035308450 0.050064440 0.051341620 0.000000000 0.000734320 0.025284580 0.039223860 0.039986140 0.037235130 0.027978140 0.007017210 0.030403330 0.041022610 0.055610860 0.051279780 0.058246100 0.031923560 0.023686610 0.087171590 
21     0.045759420 0.038977520 0.041592840 0.063953570 0.029752320 0.031518550 0.038806350 0.044111460 0.030963810 0.025798240 0.041586790 0.045404130 0.037274260 0.040856790 0.040375740 0.030091520 0.035883550 0.034568370 0.039326820 0.025589870 0.048799680 0.055938080 0.024804870 0.018426540 0.017343310 0.016015020 0.025607360 0.023671000 0.035942430 0.031886370 0.030043760 0.046715230 0.037920330 0.023548660 0.021199040 0.000734320 0.000000000 0.021198190 0.036357700 0.040555260 0.039352630 0.027005060 0.009953610 0.033015210 0.044622730 0.055712570 0.053891660 0.062919820 0.036597280 0.024839010 0.091845310 
45     0.041993720 0.065689790 0.054228570 0.053334620 0.024847070 0.050529960 0.017068610 0.048595850 0.058426810 0.018875890 0.028649800 0.028671020 0.040381450 0.040365760 0.039464620 0.031652020 0.058300820 0.065923950 0.022134310 0.023429270 0.027446760 0.021433130 0.017473900 0.032770480 0.052989260 0.053080370 0.016864330 0.024517180 0.025126450 0.038097300 0.033151160 0.065004770 0.012426280 0.019902750 0.015759040 0.025284580 0.021198190 0.000000000 0.009553560 0.013385830 0.006124160 0.003300360 0.018190300 0.023414790 0.030437010 0.075919500 0.076787200 0.065458450 0.057087090 0.072699120 0.099778640 
9     0.047419070 0.057848520 0.046086830 0.068994660 0.061679400 0.053083200 0.029166190 0.065002940 0.074955880 0.031350040 0.041123950 0.041145170 0.033668440 0.054263550 0.060830630 0.071416790 0.070969180 0.070892800 0.040895430 0.042190390 0.046207880 0.040194250 0.036235020 0.047743680 0.015339780 0.012899720 0.026008910 0.036991330 0.039390910 0.050571450 0.045625310 0.057181640 0.031187400 0.036305410 0.028233190 0.039223860 0.036357700 0.009553560 0.000000000 0.001485790 0.014838700 0.011833240 0.025154220 0.021616600 0.023214260 0.039863810 0.041015990 0.037240320 0.062739370 0.061258040 0.140724710 
17     0.054900670 0.075166390 0.052619580 0.070387930 0.071496010 0.089553120 0.066588650 0.066733770 0.083560020 0.057450410 0.053072960 0.037716440 0.036310760 0.056905870 0.072415490 0.063500950 0.064061010 0.059423210 0.063180230 0.064475190 0.066856380 0.062479050 0.058519820 0.059767820 0.035542940 0.033102880 0.033009850 0.065728450 0.066172370 0.073943820 0.048886360 0.051166380 0.053472200 0.060948670 0.062194570 0.039986140 0.040555260 0.013385830 0.001485790 0.000000000 0.014536140 0.016665080 0.026547490 0.024258920 0.025856580 0.042506130 0.043658310 0.039882640 0.071862950 0.079576070 0.144365600 
24     0.051931150 0.061634420 0.047620760 0.063016060 0.042508690 0.060314240 0.052059740 0.053094340 0.048690170 0.036445100 0.051739270 0.037814870 0.045129250 0.058041350 0.068106080 0.063599380 0.052023370 0.063039910 0.039809900 0.041104860 0.045122350 0.039108720 0.035149490 0.048214120 0.040199860 0.052551050 0.033108280 0.047685200 0.042802040 0.056928450 0.048984790 0.051264810 0.030101870 0.037578340 0.038824240 0.037235130 0.039352630 0.006124160 0.014838700 0.014536140 0.000000000 0.001838830 0.016956610 0.027608280 0.034675070 0.051324620 0.052476800 0.048701130 0.047606600 0.050170960 0.093501190 
42     0.052308940 0.063405260 0.064543790 0.063649840 0.053124150 0.060845180 0.052911140 0.051564130 0.066052550 0.034745090 0.045483780 0.030127260 0.047820360 0.050680980 0.054828480 0.055911770 0.053794210 0.055352300 0.032449530 0.033744490 0.037761980 0.031748350 0.027789120 0.043085700 0.032512250 0.044863440 0.025420670 0.040324830 0.035441670 0.063363800 0.041297180 0.043577200 0.022741500 0.027011470 0.026165420 0.027978140 0.027005060 0.003300360 0.011833240 0.016665080 0.001838830 0.000000000 0.016377750 0.019920670 0.034998910 0.065397070 0.066549250 0.062773580 0.025381370 0.038798710 0.073475610 
33     0.036475360 0.050958360 0.037604720 0.061290180 0.028354460 0.033299020 0.038667190 0.039269370 0.034535940 0.022290870 0.033267100 0.033288320 0.043968410 0.043906520 0.041046450 0.047134080 0.040094170 0.042278330 0.017272420 0.026427080 0.017209080 0.026147610 0.019421590 0.009310980 0.021260780 0.019771140 0.020224080 0.018287720 0.030559150 0.026503090 0.037768460 0.038301360 0.028083620 0.028448560 0.020376340 0.007017210 0.009953610 0.018190300 0.025154220 0.026547490 0.016956610 0.016377750 0.000000000 0.031630250 0.038281520 0.060529670 0.052506700 0.057906180 0.042955190 0.044608640 0.067741880 
23     0.029893370 0.022437360 0.025097220 0.031891360 0.020215190 0.021667530 0.027489830 0.028237200 0.036787520 0.014424250 0.032789800 0.022718670 0.017591640 0.032991240 0.034275400 0.022225970 0.026512360 0.026702820 0.020359160 0.021250490 0.021718480 0.019657980 0.028397410 0.023163590 0.031381110 0.029891470 0.026992940 0.028408050 0.036856040 0.036623420 0.042869450 0.042886490 0.022953560 0.026490730 0.029764850 0.030403330 0.033015210 0.023414790 0.021616600 0.024258920 0.027608280 0.019920670 0.031630250 0.000000000 0.001423250 0.023641350 0.024793530 0.021017860 0.026243080 0.004155650 0.025563680 
30     0.036614380 0.034427600 0.037743740 0.006184610 0.041947550 0.030477490 0.032202670 0.031644480 0.044603400 0.025748570 0.017273660 0.021413990 0.019189300 0.038568840 0.029197010 0.029254320 0.029158360 0.034518700 0.027381380 0.026772700 0.027240690 0.026680200 0.033348540 0.032990950 0.043478740 0.041989100 0.042442040 0.040505680 0.043878260 0.046292020 0.050112340 0.047185090 0.032456750 0.032012940 0.035287060 0.041022610 0.044622730 0.030437010 0.023214260 0.025856580 0.034675070 0.034998910 0.038281520 0.001423250 0.000000000 0.025239010 0.026391190 0.022615520 0.027008350 0.026553250 0.010047540 
47     0.067009770 0.070626610 0.066623740 0.072016060 0.063825500 0.076184910 0.055547830 0.066199450 0.056404660 0.037549830 0.053338380 0.046947670 0.014581140 0.009259990 0.072656660 0.041843110 0.047635140 0.046319960 0.051078410 0.050061320 0.031222920 0.026173900 0.061379050 0.072624630 0.072143710 0.058011890 0.058223170 0.079686680 0.082002730 0.070372010 0.063290960 0.083508560 0.055935200 0.067570010 0.070844130 0.055610860 0.055712570 0.075919500 0.039863810 0.042506130 0.051324620 0.065397070 0.060529670 0.023641350 0.025239010 0.000000000 0.000507130 0.004378870 0.013714500 0.029545610 0.053256350 
46     0.065865850 0.052856250 0.054518550 0.066225060 0.060376200 0.067878400 0.057445070 0.064096090 0.058301900 0.039447070 0.055235620 0.048099850 0.036991030 0.034284330 0.071856710 0.043740350 0.047388810 0.048217200 0.048381670 0.044559410 0.045027400 0.053777120 0.049273860 0.070385090 0.064318760 0.059909130 0.060120410 0.061916320 0.065567740 0.064720670 0.056806260 0.066837350 0.043830010 0.049799650 0.053073770 0.051279780 0.053891660 0.076787200 0.041015990 0.043658310 0.052476800 0.066549250 0.052506700 0.024793530 0.026391190 0.000507130 0.000000000 0.001871750 0.025332970 0.017440420 0.066082940 
48     0.064061970 0.055956850 0.060968720 0.072520840 0.051059910 0.054767850 0.070312700 0.070685600 0.075973050 0.049513970 0.080143480 0.044324180 0.033215360 0.053810470 0.066115640 0.064794620 0.072626650 0.073125060 0.051482270 0.047660010 0.048128000 0.056877720 0.066193190 0.072032070 0.067419360 0.068353010 0.060424660 0.065016920 0.068668340 0.067821270 0.049537240 0.069937950 0.054233250 0.052900250 0.056174370 0.058246100 0.062919820 0.065458450 0.037240320 0.039882640 0.048701130 0.062773580 0.057906180 0.021017860 0.022615520 0.004378870 0.001871750 0.000000000 0.034858320 0.043650880 0.107006930 
50     0.041288050 0.061819140 0.034646180 0.057006910 0.051538030 0.038111710 0.064200570 0.061995270 0.067102790 0.030932820 0.055744060 0.051112100 0.048781100 0.048719210 0.045859140 0.055593110 0.052191480 0.051702030 0.059170900 0.060129600 0.060107020 0.065430630 0.040747230 0.052723630 0.056140070 0.058231040 0.059144400 0.062865130 0.068187060 0.065291120 0.023214700 0.070210700 0.048632680 0.050924880 0.052343410 0.031923560 0.036597280 0.057087090 0.062739370 0.071862950 0.047606600 0.025381370 0.042955190 0.026243080 0.027008350 0.013714500 0.025332970 0.034858320 0.000000000 0.002604520 0.069291680 
49     0.047109930 0.024824250 0.027484110 0.071924750 0.020087520 0.024054420 0.051499840 0.056198030 0.055222690 0.016811140 0.064062820 0.067880160 0.049629270 0.051040410 0.051681020 0.052567550 0.039490750 0.041674910 0.061802850 0.078304520 0.076876010 0.080771350 0.041375800 0.043234110 0.046650550 0.048741520 0.067715990 0.071436720 0.076758650 0.073862710 0.053528110 0.085993590 0.035931950 0.057029160 0.051965120 0.023686610 0.024839010 0.072699120 0.061258040 0.079576070 0.050170960 0.038798710 0.044608640 0.004155650 0.026553250 0.029545610 0.017440420 0.043650880 0.002604520 0.000000000 0.083130890 
0     0.093802280 0.070565390 0.033719880 0.075893530 0.077800360 0.086125230 0.080316580 0.097387730 0.073227000 0.037656920 0.022669620 0.059020460 0.083045740 0.085709900 0.037195980 0.080240890 0.034554320 0.045211030 0.055994720 0.065453510 0.050203500 0.080144360 0.038986080 0.085250930 0.106935810 0.105143150 0.104481460 0.102259100 0.089324100 0.074275000 0.076203680 0.120129480 0.051320630 0.073577900 0.057962660 0.087171590 0.091845310 0.099778640 0.140724710 0.144365600 0.093501190 0.073475610 0.067741880 0.025563680 0.010047540 0.053256350 0.066082940 0.107006930 0.069291680 0.083130890 0.000000000 
