51
35     0.000000000 0.103012918 0.183652947 0.244173795 0.214353905 0.270475301 0.268846035 0.272015581 0.273414933 0.261710119 0.372477774 0.358020738 0.288587646 0.291420033 0.319554707 0.287629037 0.287500428 0.287722422 0.263874184 0.269404784 0.269864439 0.278153634 0.283181412 0.292712709 0.305963735 0.305872428 0.315524611 0.338881134 0.343110208 0.342984939 0.332499561 0.311309599 0.382168348 0.378832519 0.375136172 0.296139726 0.294127763 0.332385833 0.325302220 0.364265264 0.309487252 0.326369133 0.375132625 0.247123806 0.257004623 0.439097654 0.436434514 0.454637535 0.409574805 0.407406313 1.226081735 
39     0.103012918 0.000000000 0.200138222 0.260770450 0.231181393 0.287310056 0.285702110 0.288871657 0.290271009 0.278566195 0.389333850 0.374876813 0.305443721 0.308276109 0.336410782 0.304485113 0.304356504 0.304578498 0.280730259 0.286260859 0.286720514 0.295009710 0.300037488 0.309568785 0.322819811 0.322728503 0.332380686 0.355737210 0.359966284 0.359841015 0.349355636 0.328165674 0.399024424 0.395688595 0.391992248 0.312995801 0.310983839 0.349241909 0.342158296 0.381121339 0.326343328 0.343225209 0.391988700 0.263979882 0.273860699 0.455953730 0.453290590 0.471493611 0.426430881 0.424262388 1.242937811 
28     0.183652947 0.200138222 0.000000000 0.188600454 0.216477453 0.272658169 0.271244444 0.274413991 0.275813343 0.264081146 0.374854830 0.360397794 0.290670601 0.293502988 0.321861501 0.289935832 0.289284737 0.289631855 0.266250330 0.271780930 0.272240585 0.280529781 0.285660624 0.295132774 0.308383800 0.308292493 0.317944676 0.341243874 0.345472948 0.345347679 0.334862300 0.313672338 0.384496386 0.381160557 0.377464210 0.298468079 0.296456116 0.334581434 0.327451109 0.366414152 0.311687640 0.328578789 0.377460978 0.249476456 0.259357273 0.441417787 0.438754647 0.456957668 0.411894938 0.409726445 1.228308227 
32     0.244173795 0.260770450 0.188600454 0.000000000 0.276714170 0.332890006 0.331786442 0.334955988 0.336355341 0.324623143 0.435396827 0.420939791 0.351438859 0.354271247 0.382430841 0.350505171 0.350373102 0.350595096 0.326815216 0.332345816 0.332805471 0.341094666 0.346181237 0.355653387 0.368785458 0.368687875 0.378413005 0.401745350 0.405974424 0.405835955 0.395350576 0.374160614 0.445025789 0.441689961 0.437993614 0.359004457 0.356992494 0.395250565 0.388166951 0.427129995 0.372285173 0.389233864 0.437997356 0.309853683 0.319527027 0.501772921 0.499109781 0.517312802 0.472343387 0.470174894 1.288742055 
27     0.214353905 0.231181393 0.216477453 0.276714170 0.000000000 0.142581246 0.250679059 0.253848606 0.255247958 0.243571706 0.354688224 0.340231188 0.270605964 0.273438351 0.301635169 0.269739495 0.269560964 0.269816326 0.245894179 0.251424779 0.251884434 0.260119147 0.264566127 0.274065508 0.287359581 0.287268273 0.296920456 0.320219511 0.324448585 0.324323316 0.313837937 0.292647975 0.363744238 0.360408409 0.356712062 0.278134700 0.276122737 0.314082020 0.307310457 0.346273500 0.291538230 0.308377370 0.357145682 0.229040250 0.238922999 0.420981739 0.418318599 0.436521620 0.390582880 0.388189759 1.207982371 
40     0.270475301 0.287310056 0.272658169 0.332890006 0.142581246 0.000000000 0.306779576 0.309949123 0.311348475 0.299615351 0.410693536 0.396236500 0.326552562 0.329384950 0.357653381 0.325764850 0.325579176 0.325658491 0.302013089 0.307543689 0.308003344 0.316238056 0.321171588 0.330642265 0.343894764 0.343803457 0.353455640 0.376754695 0.380983769 0.380858500 0.370373121 0.349183159 0.419848727 0.416512898 0.412816551 0.334159403 0.332147440 0.370067462 0.363358123 0.402321167 0.347407779 0.364280974 0.413172839 0.285163837 0.295046586 0.476998421 0.474335281 0.492464474 0.447285110 0.445116618 1.264085764 
16     0.268846035 0.285702110 0.271244444 0.331786442 0.250679059 0.306779576 0.000000000 0.087699516 0.089848541 0.205185290 0.344876000 0.330404999 0.274674485 0.277523661 0.305551148 0.273638020 0.273193892 0.273449254 0.251728084 0.257258684 0.257777940 0.266008609 0.275653355 0.285191209 0.298532353 0.298441046 0.308095086 0.331270319 0.335499393 0.335374124 0.324899228 0.303740391 0.374572169 0.371216342 0.367519995 0.289432220 0.287420257 0.325292467 0.317780333 0.356758817 0.302684785 0.319420518 0.368143984 0.240319069 0.250312310 0.432728836 0.430106214 0.448298293 0.403191772 0.400999402 1.219131089 
13     0.272015581 0.288871657 0.274413991 0.334955988 0.253848606 0.309949123 0.087699516 0.000000000 0.054119353 0.208134043 0.348019353 0.333548351 0.277815846 0.280665021 0.308677919 0.276821561 0.276328685 0.276584047 0.254886614 0.260417214 0.260936470 0.269167139 0.278666715 0.288174825 0.301588182 0.301496874 0.311162523 0.334412356 0.338641429 0.338516161 0.328071491 0.306890187 0.377532375 0.374176547 0.370480200 0.292543558 0.290531595 0.328411733 0.321271742 0.360234786 0.305796123 0.322531856 0.371255322 0.243391493 0.253384733 0.435874397 0.433251774 0.451443853 0.406337332 0.404144962 1.222250167 
7     0.273414933 0.290271009 0.275813343 0.336355341 0.255247958 0.311348475 0.089848541 0.054119353 0.000000000 0.209546397 0.349419972 0.334948970 0.279215199 0.282064374 0.310077271 0.278242058 0.277728038 0.277983399 0.256285966 0.261816566 0.262335822 0.270566492 0.280066067 0.289574178 0.302987534 0.302896227 0.312561875 0.335811708 0.340040782 0.339915513 0.329470844 0.308289539 0.378927891 0.375572063 0.371875716 0.293942910 0.291930947 0.329811086 0.322671095 0.361634138 0.307195476 0.323931209 0.372654675 0.244790846 0.254784086 0.437273749 0.434651126 0.452843206 0.407736685 0.405544315 1.223649519 
10     0.261710119 0.278566195 0.264081146 0.324623143 0.243571706 0.299615351 0.205185290 0.208134043 0.209546397 0.000000000 0.337389217 0.322918216 0.267101818 0.269954311 0.298518826 0.266423143 0.265939948 0.266195309 0.244407337 0.249937937 0.250457193 0.258687863 0.268026386 0.277546578 0.290894338 0.290850773 0.300504813 0.323576223 0.327805296 0.327680028 0.317341664 0.296160360 0.367110217 0.363754390 0.360058043 0.281624223 0.279612260 0.317945269 0.310721767 0.349684810 0.295211773 0.311947505 0.360600740 0.232581284 0.242574511 0.425181927 0.422559304 0.440751383 0.395629862 0.393385304 1.211586082 
25     0.372477774 0.389333850 0.374854830 0.435396827 0.354688224 0.410693536 0.344876000 0.348019353 0.349419972 0.337389217 0.000000000 0.087020245 0.379278237 0.382127413 0.410379817 0.378365441 0.378226298 0.378484542 0.354940602 0.360471202 0.360990458 0.369221127 0.379270612 0.389052122 0.402395346 0.402304038 0.411956221 0.435208766 0.439437840 0.439312571 0.428680078 0.407670787 0.478670867 0.475315039 0.471618692 0.393270912 0.391258949 0.429508884 0.422259228 0.461222271 0.406749234 0.423484966 0.472092189 0.343658305 0.353652174 0.536273099 0.533650477 0.551842556 0.506759651 0.504572257 1.319967763 
38     0.358020738 0.374876813 0.360397794 0.420939791 0.340231188 0.396236500 0.330404999 0.333548351 0.334948970 0.322918216 0.087020245 0.000000000 0.364808025 0.367657201 0.395910950 0.363896573 0.363757431 0.364015675 0.340524184 0.346054784 0.346574040 0.354804709 0.364837275 0.374618786 0.387962009 0.387870701 0.397522884 0.420775430 0.425004503 0.424879235 0.414250753 0.393237451 0.464215105 0.460859277 0.457162931 0.378837575 0.376825613 0.415075548 0.407825891 0.446788935 0.392315897 0.409051630 0.457658853 0.329207386 0.339201255 0.521825554 0.519202931 0.537395010 0.492312105 0.490124711 1.305520217 
1     0.288587646 0.305443721 0.290670601 0.351438859 0.270605964 0.326552562 0.274674485 0.277815846 0.279215199 0.267101818 0.379278237 0.364808025 0.000000000 0.037756227 0.247815991 0.215974194 0.215501477 0.215787693 0.265744585 0.271273868 0.271676911 0.280024902 0.295902513 0.305544531 0.318807432 0.318716125 0.328333776 0.351666987 0.355896061 0.355770792 0.345300655 0.324110208 0.394785467 0.391429639 0.387733293 0.309339080 0.307327117 0.345615735 0.338180710 0.377143754 0.322891314 0.339627047 0.388223022 0.260010939 0.270004179 0.452206346 0.449618596 0.468001477 0.422936922 0.420763900 1.239316863 
11     0.291420033 0.308276109 0.293502988 0.354271247 0.273438351 0.329384950 0.277523661 0.280665021 0.282064374 0.269954311 0.382127413 0.367657201 0.037756227 0.000000000 0.250860894 0.218798691 0.218337289 0.218623504 0.268593142 0.274122425 0.274525468 0.282873458 0.298746947 0.308388965 0.321651866 0.321560559 0.331178210 0.354511421 0.358740495 0.358615226 0.348145089 0.326954642 0.397629901 0.394274073 0.390577727 0.312183514 0.310171551 0.348460169 0.341025144 0.379988188 0.325735748 0.342471481 0.391067456 0.262855373 0.272848613 0.455050780 0.452463030 0.470845911 0.425781356 0.423608334 1.242161297 
14     0.319554707 0.336410782 0.321861501 0.382430841 0.301635169 0.357653381 0.305551148 0.308677919 0.310077271 0.298518826 0.410379817 0.395910950 0.247815991 0.250860894 0.000000000 0.196946415 0.215606899 0.215981294 0.296747229 0.302276511 0.302679555 0.311026437 0.326738676 0.336400358 0.349685674 0.349594367 0.359212018 0.382387433 0.386695803 0.386491238 0.376241051 0.355050604 0.425608159 0.422252331 0.418555984 0.339819335 0.337807372 0.376563848 0.369128719 0.408091763 0.353839324 0.370575056 0.418925645 0.290849685 0.300842925 0.483625137 0.481002515 0.499283822 0.454148051 0.451975029 1.270334818 
3     0.287629037 0.304485113 0.289935832 0.350505171 0.269739495 0.325764850 0.273638020 0.276821561 0.278242058 0.266423143 0.378365441 0.363896573 0.215974194 0.218798691 0.196946415 0.000000000 0.182892985 0.183143424 0.264616087 0.270145369 0.270548413 0.278895295 0.294515108 0.304007981 0.317519418 0.317428111 0.327045762 0.350423306 0.354652380 0.354527111 0.344056974 0.322866527 0.393756914 0.390401086 0.386704740 0.307934471 0.305922508 0.344219963 0.336712681 0.375675725 0.321584414 0.338320146 0.386921796 0.258672184 0.268665424 0.451254994 0.448632372 0.466962365 0.421610809 0.419437787 1.236726284 
22     0.287500428 0.304356504 0.289284737 0.350373102 0.269560964 0.325579176 0.273193892 0.276328685 0.277728038 0.265939948 0.378226298 0.363757431 0.215501477 0.218337289 0.215606899 0.182892985 0.000000000 0.034952667 0.264881271 0.270410554 0.270813597 0.279160479 0.294814676 0.304489164 0.317935848 0.317844541 0.327462192 0.350771877 0.355000951 0.354875682 0.344405545 0.323215098 0.393713891 0.390358063 0.386661716 0.308127465 0.306115503 0.344417229 0.336853451 0.375816495 0.321707152 0.338442884 0.387038524 0.258846506 0.268839747 0.451525679 0.448903056 0.467231557 0.422095786 0.419922764 1.238292908 
18     0.287722422 0.304578498 0.289631855 0.350595096 0.269816326 0.325658491 0.273449254 0.276584047 0.277983399 0.266195309 0.378484542 0.364015675 0.215787693 0.218623504 0.215981294 0.183143424 0.034952667 0.000000000 0.265136633 0.270665915 0.271068959 0.279415841 0.295070038 0.304744525 0.318191210 0.318099902 0.327717554 0.351027239 0.355256312 0.355131044 0.344660907 0.323470459 0.393969252 0.390613425 0.386917078 0.308382827 0.306370864 0.344672591 0.337108813 0.376071856 0.321962513 0.338698246 0.387293886 0.259101868 0.269095108 0.451781041 0.449158418 0.467486918 0.422351148 0.420178125 1.238548270 
8     0.263874184 0.280730259 0.266250330 0.326815216 0.245894179 0.302013089 0.251728084 0.254886614 0.256285966 0.244407337 0.354940602 0.340524184 0.265744585 0.268593142 0.296747229 0.264616087 0.264881271 0.265136633 0.000000000 0.052409805 0.052760758 0.059168795 0.272209520 0.281695941 0.295082479 0.294991171 0.304608822 0.327940530 0.332169604 0.332044335 0.321564306 0.300373858 0.370665902 0.367199924 0.363499566 0.285693031 0.283681068 0.321945092 0.314654536 0.353617579 0.299178150 0.315913883 0.364395425 0.235520586 0.245513814 0.428232028 0.425640565 0.443909397 0.398773345 0.396604852 1.214926427 
2     0.269404784 0.286260859 0.271780930 0.332345816 0.251424779 0.307543689 0.257258684 0.260417214 0.261816566 0.249937937 0.360471202 0.346054784 0.271273868 0.274122425 0.302276511 0.270145369 0.270410554 0.270665915 0.052409805 0.000000000 0.037065435 0.064962717 0.277757548 0.287243969 0.300630507 0.300539199 0.310156851 0.333488558 0.337717632 0.337592363 0.327112334 0.305921887 0.376628454 0.373244843 0.369548497 0.291281181 0.289269218 0.327533242 0.320242686 0.359205730 0.304766301 0.321502033 0.369983575 0.241081786 0.251075014 0.433789720 0.431201765 0.449470597 0.404334545 0.402166052 1.220487627 
6     0.269864439 0.286720514 0.272240585 0.332805471 0.251884434 0.308003344 0.257777940 0.260936470 0.262335822 0.250457193 0.360990458 0.346574040 0.271676911 0.274525468 0.302679555 0.270548413 0.270813597 0.271068959 0.052760758 0.037065435 0.000000000 0.064821704 0.278230835 0.287717256 0.301103794 0.301012486 0.310630137 0.333961845 0.338190919 0.338065650 0.327585620 0.306395173 0.377101741 0.373718130 0.370021783 0.291754468 0.289742505 0.328006529 0.320715973 0.359679016 0.305239587 0.321975320 0.370456862 0.241555073 0.251548301 0.434246197 0.431672439 0.449941270 0.404805218 0.402636726 1.220960914 
41     0.278153634 0.295009710 0.280529781 0.341094666 0.260119147 0.316238056 0.266008609 0.269167139 0.270566492 0.258687863 0.369221127 0.354804709 0.280024902 0.282873458 0.311026437 0.278895295 0.279160479 0.279415841 0.059168795 0.064962717 0.064821704 0.000000000 0.286506399 0.295992820 0.309379357 0.309288050 0.318905701 0.342237409 0.346466482 0.346341214 0.335861184 0.314670737 0.385311819 0.381898099 0.378201752 0.300030031 0.298018069 0.336282092 0.328991536 0.367954580 0.313515151 0.330250884 0.378732426 0.249830637 0.259823864 0.442524374 0.439950616 0.458219447 0.413083395 0.410914902 1.229236478 
26     0.283181412 0.300037488 0.285660624 0.346181237 0.264566127 0.321171588 0.275653355 0.278666715 0.280066067 0.268026386 0.379270612 0.364837275 0.295902513 0.298746947 0.326738676 0.294515108 0.294814676 0.295070038 0.272209520 0.277757548 0.278230835 0.286506399 0.000000000 0.115240961 0.165637163 0.165473649 0.175404356 0.199392683 0.203670719 0.203481259 0.192752294 0.171485134 0.337390836 0.333992666 0.330296320 0.262705047 0.260670542 0.299146524 0.292237646 0.331268790 0.276582396 0.292987316 0.342165668 0.235465763 0.245479988 0.427590197 0.424936576 0.442895256 0.398286310 0.396093652 1.214487843 
12     0.292712709 0.309568785 0.295132774 0.355653387 0.274065508 0.330642265 0.285191209 0.288174825 0.289574178 0.277546578 0.389052122 0.374618786 0.305544531 0.308388965 0.336400358 0.304007981 0.304489164 0.304744525 0.281695941 0.287243969 0.287717256 0.295992820 0.115240961 0.000000000 0.175539107 0.175375710 0.185299298 0.208759569 0.212986431 0.212794124 0.202453147 0.181201494 0.346820440 0.343317629 0.339621282 0.272000397 0.269965893 0.308450742 0.301517946 0.340549090 0.285862696 0.302349942 0.351346551 0.244841331 0.254855556 0.437349060 0.434695439 0.452654118 0.407976454 0.405783796 1.223853352 
20     0.305963735 0.322819811 0.308383800 0.368785458 0.287359581 0.343894764 0.298532353 0.301588182 0.302987534 0.290894338 0.402395346 0.387962009 0.318807432 0.321651866 0.349685674 0.317519418 0.317935848 0.318191210 0.295082479 0.300630507 0.301103794 0.309379357 0.165637163 0.175539107 0.000000000 0.024944541 0.084311549 0.169923966 0.174286671 0.173967177 0.162448700 0.141019730 0.360021967 0.356623797 0.352927450 0.284866689 0.282832184 0.321674328 0.314611525 0.353642669 0.299052386 0.315654158 0.364493013 0.257852656 0.267866880 0.450266538 0.447612916 0.465585523 0.420681341 0.418488683 1.234311425 
15     0.305872428 0.322728503 0.308292493 0.368687875 0.287268273 0.343803457 0.298441046 0.301496874 0.302896227 0.290850773 0.402304038 0.387870701 0.318716125 0.321560559 0.349594367 0.317428111 0.317844541 0.318099902 0.294991171 0.300539199 0.301012486 0.309288050 0.165473649 0.175375710 0.024944541 0.000000000 0.083876100 0.169870832 0.174233537 0.173914043 0.162527736 0.141098766 0.359986014 0.356587844 0.352891498 0.284823124 0.282788619 0.321630763 0.314567960 0.353599104 0.299008821 0.315610593 0.364449448 0.257761348 0.267775573 0.450175230 0.447521609 0.465494215 0.420590033 0.418397375 1.234220118 
31     0.315524611 0.332380686 0.317944676 0.378413005 0.296920456 0.353455640 0.308095086 0.311162523 0.312561875 0.300504813 0.411956221 0.397522884 0.328333776 0.331178210 0.359212018 0.327045762 0.327462192 0.327717554 0.304608822 0.310156851 0.310630137 0.318905701 0.175404356 0.185299298 0.084311549 0.083876100 0.000000000 0.179700089 0.184031065 0.183690230 0.171935303 0.151055944 0.369691026 0.366292856 0.362596509 0.294358247 0.292323743 0.330932969 0.323733973 0.362842681 0.308383971 0.324985743 0.373924135 0.267420095 0.277434320 0.459029765 0.456376143 0.474289463 0.429964836 0.427772178 1.246575682 
4     0.338881134 0.355737210 0.341243874 0.401745350 0.320219511 0.376754695 0.331270319 0.334412356 0.335811708 0.323576223 0.435208766 0.420775430 0.351666987 0.354511421 0.382387433 0.350423306 0.350771877 0.351027239 0.327940530 0.333488558 0.333961845 0.342237409 0.199392683 0.208759569 0.169923966 0.169870832 0.179700089 0.000000000 0.061411936 0.061925741 0.171153321 0.149964226 0.392830789 0.389432619 0.385736273 0.317806936 0.315772431 0.354643251 0.347622690 0.386653834 0.332021309 0.348623081 0.397368573 0.290656421 0.300670646 0.483145225 0.480491603 0.498450283 0.453546102 0.451353443 1.269900441 
37     0.343110208 0.359966284 0.345472948 0.405974424 0.324448585 0.380983769 0.335499393 0.338641429 0.340040782 0.327805296 0.439437840 0.425004503 0.355896061 0.358740495 0.386695803 0.354652380 0.355000951 0.355256312 0.332169604 0.337717632 0.338190919 0.346466482 0.203670719 0.212986431 0.174286671 0.174233537 0.184031065 0.061411936 0.000000000 0.054150792 0.175711208 0.154402637 0.397059863 0.393661693 0.389965346 0.322036009 0.320001505 0.358872325 0.351851764 0.390882908 0.336250382 0.352852154 0.401597646 0.294885495 0.304899719 0.487374298 0.484720677 0.502679357 0.457775175 0.455582517 1.274129515 
19     0.342984939 0.359841015 0.345347679 0.405835955 0.324323316 0.380858500 0.335374124 0.338516161 0.339915513 0.327680028 0.439312571 0.424879235 0.355770792 0.358615226 0.386491238 0.354527111 0.354875682 0.355131044 0.332044335 0.337592363 0.338065650 0.346341214 0.203481259 0.212794124 0.173967177 0.173914043 0.183690230 0.061925741 0.054150792 0.000000000 0.175382497 0.154006362 0.396934594 0.393536424 0.389840077 0.321910741 0.319876236 0.358747056 0.351726495 0.390757639 0.336125114 0.352726886 0.401472377 0.294760226 0.304774451 0.487249030 0.484595408 0.502554088 0.457649907 0.455457248 1.274004246 
29     0.332499561 0.349355636 0.334862300 0.395350576 0.313837937 0.370373121 0.324899228 0.328071491 0.329470844 0.317341664 0.428680078 0.414250753 0.345300655 0.348145089 0.376241051 0.344056974 0.344405545 0.344660907 0.321564306 0.327112334 0.327585620 0.335861184 0.192752294 0.202453147 0.162448700 0.162527736 0.171935303 0.171153321 0.175711208 0.175382497 0.000000000 0.094547656 0.386636621 0.383238451 0.379542104 0.311409146 0.309374642 0.348188475 0.341167915 0.380199059 0.325566533 0.342168305 0.391006858 0.284327814 0.294342039 0.476751543 0.474097921 0.492056601 0.447152420 0.444959762 1.263506759 
44     0.311309599 0.328165674 0.313672338 0.374160614 0.292647975 0.349183159 0.303740391 0.306890187 0.308289539 0.296160360 0.407670787 0.393237451 0.324110208 0.326954642 0.355050604 0.322866527 0.323215098 0.323470459 0.300373858 0.305921887 0.306395173 0.314670737 0.171485134 0.181201494 0.141019730 0.141098766 0.151055944 0.149964226 0.154402637 0.154006362 0.094547656 0.000000000 0.365190262 0.361792092 0.358095745 0.290211221 0.288176717 0.326959230 0.319938669 0.358969813 0.304337288 0.320939060 0.369777613 0.263114078 0.273128303 0.455542194 0.452888573 0.470847252 0.425943071 0.423750413 1.242006727 
43     0.382168348 0.399024424 0.384496386 0.445025789 0.363744238 0.419848727 0.374572169 0.377532375 0.378927891 0.367110217 0.478670867 0.464215105 0.394785467 0.397629901 0.425608159 0.393756914 0.393713891 0.393969252 0.370665902 0.376628454 0.377101741 0.385311819 0.337390836 0.346820440 0.360021967 0.359986014 0.369691026 0.392830789 0.397059863 0.396934594 0.386636621 0.365190262 0.000000000 0.125740671 0.122576025 0.362094142 0.360046248 0.398787066 0.391801286 0.430815640 0.376080996 0.392907858 0.441304448 0.334257183 0.344271408 0.526291766 0.523628626 0.541204361 0.496901009 0.494708223 1.313303008 
5     0.378832519 0.395688595 0.381160557 0.441689961 0.360408409 0.416512898 0.371216342 0.374176547 0.375572063 0.363754390 0.475315039 0.460859277 0.391429639 0.394274073 0.422252331 0.390401086 0.390358063 0.390613425 0.367199924 0.373244843 0.373718130 0.381898099 0.333992666 0.343317629 0.356623797 0.356587844 0.366292856 0.389432619 0.393661693 0.393536424 0.383238451 0.361792092 0.125740671 0.000000000 0.058723882 0.358605753 0.356512348 0.395423163 0.388437382 0.427451737 0.372717093 0.389543955 0.437940544 0.330888333 0.340902558 0.522922916 0.520259776 0.537835511 0.493532159 0.491339373 1.309934158 
34     0.375136172 0.391992248 0.377464210 0.437993614 0.356712062 0.412816551 0.367519995 0.370480200 0.371875716 0.360058043 0.471618692 0.457162931 0.387733293 0.390577727 0.418555984 0.386704740 0.386661716 0.386917078 0.363499566 0.369548497 0.370021783 0.378201752 0.330296320 0.339621282 0.352927450 0.352891498 0.362596509 0.385736273 0.389965346 0.389840077 0.379542104 0.358095745 0.122576025 0.058723882 0.000000000 0.354909407 0.352816001 0.391726816 0.384741036 0.423755390 0.369020746 0.385847608 0.434244198 0.327191986 0.337206211 0.519226570 0.516563429 0.534139165 0.489835812 0.487643026 1.306237811 
36     0.296139726 0.312995801 0.298468079 0.359004457 0.278134700 0.334159403 0.289432220 0.292543558 0.293942910 0.281624223 0.393270912 0.378837575 0.309339080 0.312183514 0.339819335 0.307934471 0.308127465 0.308382827 0.285693031 0.291281181 0.291754468 0.300030031 0.262705047 0.272000397 0.284866689 0.284823124 0.294358247 0.317806936 0.322036009 0.321910741 0.311409146 0.290211221 0.362094142 0.358605753 0.354909407 0.000000000 0.027952783 0.241919209 0.236133482 0.275017315 0.219239084 0.236329553 0.284749569 0.248405032 0.258419256 0.440786630 0.438133009 0.456004797 0.411027775 0.408817475 1.227279279 
21     0.294127763 0.310983839 0.296456116 0.356992494 0.276122737 0.332147440 0.287420257 0.290531595 0.291930947 0.279612260 0.391258949 0.376825613 0.307327117 0.310171551 0.337807372 0.305922508 0.306115503 0.306370864 0.283681068 0.289269218 0.289742505 0.298018069 0.260670542 0.269965893 0.282832184 0.282788619 0.292323743 0.315772431 0.320001505 0.319876236 0.309374642 0.288176717 0.360046248 0.356512348 0.352816001 0.027952783 0.000000000 0.240020018 0.234234290 0.273118123 0.217339892 0.234430362 0.282920323 0.246400627 0.256414851 0.438790345 0.436136724 0.454008511 0.409031490 0.406821190 1.225282994 
45     0.332385833 0.349241909 0.334581434 0.395250565 0.314082020 0.370067462 0.325292467 0.328411733 0.329811086 0.317945269 0.429508884 0.415075548 0.345615735 0.348460169 0.376563848 0.344219963 0.344417229 0.344672591 0.321945092 0.327533242 0.328006529 0.336282092 0.299146524 0.308450742 0.321674328 0.321630763 0.330932969 0.354643251 0.358872325 0.358747056 0.348188475 0.326959230 0.398787066 0.395423163 0.391726816 0.241919209 0.240020018 0.000000000 0.155651270 0.195595091 0.143191429 0.161327387 0.288113328 0.284535064 0.294549289 0.476973269 0.474319647 0.491823223 0.447618127 0.445423265 1.263654487 
9     0.325302220 0.342158296 0.327451109 0.388166951 0.307310457 0.363358123 0.317780333 0.321271742 0.322671095 0.310721767 0.422259228 0.407825891 0.338180710 0.341025144 0.369128719 0.336712681 0.336853451 0.337108813 0.314654536 0.320242686 0.320715973 0.328991536 0.292237646 0.301517946 0.314611525 0.314567960 0.323733973 0.347622690 0.351851764 0.351726495 0.341167915 0.319938669 0.391801286 0.388437382 0.384741036 0.236133482 0.234234290 0.155651270 0.000000000 0.098162239 0.136789326 0.154764986 0.280857589 0.277356404 0.287370629 0.469840691 0.467187069 0.484843195 0.440485549 0.438290687 1.256523441 
17     0.364265264 0.381121339 0.366414152 0.427129995 0.346273500 0.402321167 0.356758817 0.360234786 0.361634138 0.349684810 0.461222271 0.446788935 0.377143754 0.379988188 0.408091763 0.375675725 0.375816495 0.376071856 0.353617579 0.359205730 0.359679016 0.367954580 0.331268790 0.340549090 0.353642669 0.353599104 0.362842681 0.386653834 0.390882908 0.390757639 0.380199059 0.358969813 0.430815640 0.427451737 0.423755390 0.275017315 0.273118123 0.195595091 0.098162239 0.000000000 0.176734613 0.194796689 0.319861781 0.316332092 0.326346317 0.508816378 0.506162757 0.523818882 0.479461236 0.477266375 1.295499129 
24     0.309487252 0.326343328 0.311687640 0.372285173 0.291538230 0.347407779 0.302684785 0.305796123 0.307195476 0.295211773 0.406749234 0.392315897 0.322891314 0.325735748 0.353839324 0.321584414 0.321707152 0.321962513 0.299178150 0.304766301 0.305239587 0.313515151 0.276582396 0.285862696 0.299052386 0.299008821 0.308383971 0.332021309 0.336250382 0.336125114 0.325566533 0.304337288 0.376080996 0.372717093 0.369020746 0.219239084 0.217339892 0.143191429 0.136789326 0.176734613 0.000000000 0.100985431 0.264661272 0.261814162 0.271828387 0.454262052 0.451608431 0.469264556 0.424906910 0.422712049 1.240906982 
42     0.326369133 0.343225209 0.328578789 0.389233864 0.308377370 0.364280974 0.319420518 0.322531856 0.323931209 0.311947505 0.423484966 0.409051630 0.339627047 0.342471481 0.370575056 0.338320146 0.338442884 0.338698246 0.315913883 0.321502033 0.321975320 0.330250884 0.292987316 0.302349942 0.315654158 0.315610593 0.324985743 0.348623081 0.352852154 0.352726886 0.342168305 0.320939060 0.392907858 0.389543955 0.385847608 0.236329553 0.234430362 0.161327387 0.154764986 0.194796689 0.100985431 0.000000000 0.282092645 0.278558200 0.288572425 0.471018654 0.468365033 0.485864504 0.441663512 0.439468651 1.257663584 
33     0.375132625 0.391988700 0.377460978 0.437997356 0.357145682 0.413172839 0.368143984 0.371255322 0.372654675 0.360600740 0.472092189 0.457658853 0.388223022 0.391067456 0.418925645 0.386921796 0.387038524 0.387293886 0.364395425 0.369983575 0.370456862 0.378732426 0.342165668 0.351346551 0.364493013 0.364449448 0.373924135 0.397368573 0.401597646 0.401472377 0.391006858 0.369777613 0.441304448 0.437940544 0.434244198 0.284749569 0.282920323 0.288113328 0.280857589 0.319861781 0.264661272 0.282092645 0.000000000 0.327305871 0.337320096 0.519717028 0.517063407 0.534753567 0.490354681 0.488146574 1.306318065 
23     0.247123806 0.263979882 0.249476456 0.309853683 0.229040250 0.285163837 0.240319069 0.243391493 0.244790846 0.232581284 0.343658305 0.329207386 0.260010939 0.262855373 0.290849685 0.258672184 0.258846506 0.259101868 0.235520586 0.241081786 0.241555073 0.249830637 0.235465763 0.244841331 0.257852656 0.257761348 0.267420095 0.290656421 0.294885495 0.294760226 0.284327814 0.263114078 0.334257183 0.330888333 0.327191986 0.248405032 0.246400627 0.284535064 0.277356404 0.316332092 0.261814162 0.278558200 0.327305871 0.000000000 0.053142243 0.380355303 0.377695843 0.395926520 0.350787326 0.348770384 1.167570917 
30     0.257004623 0.273860699 0.259357273 0.319527027 0.238922999 0.295046586 0.250312310 0.253384733 0.254784086 0.242574511 0.353652174 0.339201255 0.270004179 0.272848613 0.300842925 0.268665424 0.268839747 0.269095108 0.245513814 0.251075014 0.251548301 0.259823864 0.245479988 0.254855556 0.267866880 0.267775573 0.277434320 0.300670646 0.304899719 0.304774451 0.294342039 0.273128303 0.344271408 0.340902558 0.337206211 0.258419256 0.256414851 0.294549289 0.287370629 0.326346317 0.271828387 0.288572425 0.337320096 0.053142243 0.000000000 0.390369457 0.387709997 0.405940674 0.360801481 0.358784538 1.177585071 
47     0.439097654 0.455953730 0.441417787 0.501772921 0.420981739 0.476998421 0.432728836 0.435874397 0.437273749 0.425181927 0.536273099 0.521825554 0.452206346 0.455050780 0.483625137 0.451254994 0.451525679 0.451781041 0.428232028 0.433789720 0.434246197 0.442524374 0.427590197 0.437349060 0.450266538 0.450175230 0.459029765 0.483145225 0.487374298 0.487249030 0.476751543 0.455542194 0.526291766 0.522922916 0.519226570 0.440786630 0.438790345 0.476973269 0.469840691 0.508816378 0.454262052 0.471018654 0.519717028 0.380355303 0.390369457 0.000000000 0.048459127 0.168047299 0.360534198 0.358821404 1.351977865 
46     0.436434514 0.453290590 0.438754647 0.499109781 0.418318599 0.474335281 0.430106214 0.433251774 0.434651126 0.422559304 0.533650477 0.519202931 0.449618596 0.452463030 0.481002515 0.448632372 0.448903056 0.449158418 0.425640565 0.431201765 0.431672439 0.439950616 0.424936576 0.434695439 0.447612916 0.447521609 0.456376143 0.480491603 0.484720677 0.484595408 0.474097921 0.452888573 0.523628626 0.520259776 0.516563429 0.438133009 0.436136724 0.474319647 0.467187069 0.506162757 0.451608431 0.468365033 0.517063407 0.377695843 0.387709997 0.048459127 0.000000000 0.163757425 0.358112028 0.356389178 1.349315114 
48     0.454637535 0.471493611 0.456957668 0.517312802 0.436521620 0.492464474 0.448298293 0.451443853 0.452843206 0.440751383 0.551842556 0.537395010 0.468001477 0.470845911 0.499283822 0.466962365 0.467231557 0.467486918 0.443909397 0.449470597 0.449941270 0.458219447 0.442895256 0.452654118 0.465585523 0.465494215 0.474289463 0.498450283 0.502679357 0.502554088 0.492056601 0.470847252 0.541204361 0.537835511 0.534139165 0.456004797 0.454008511 0.491823223 0.484843195 0.523818882 0.469264556 0.485864504 0.534753567 0.395926520 0.405940674 0.168047299 0.163757425 0.000000000 0.377484092 0.375518093 1.368191898 
50     0.409574805 0.426430881 0.411894938 0.472343387 0.390582880 0.447285110 0.403191772 0.406337332 0.407736685 0.395629862 0.506759651 0.492312105 0.422936922 0.425781356 0.454148051 0.421610809 0.422095786 0.422351148 0.398773345 0.404334545 0.404805218 0.413083395 0.398286310 0.407976454 0.420681341 0.420590033 0.429964836 0.453546102 0.457775175 0.457649907 0.447152420 0.425943071 0.496901009 0.493532159 0.489835812 0.411027775 0.409031490 0.447618127 0.440485549 0.479461236 0.424906910 0.441663512 0.490354681 0.350787326 0.360801481 0.360534198 0.358112028 0.377484092 0.000000000 0.081153844 1.323169462 
49     0.407406313 0.424262388 0.409726445 0.470174894 0.388189759 0.445116618 0.400999402 0.404144962 0.405544315 0.393385304 0.504572257 0.490124711 0.420763900 0.423608334 0.451975029 0.419437787 0.419922764 0.420178125 0.396604852 0.402166052 0.402636726 0.410914902 0.396093652 0.405783796 0.418488683 0.418397375 0.427772178 0.451353443 0.455582517 0.455457248 0.444959762 0.423750413 0.494708223 0.491339373 0.487643026 0.408817475 0.406821190 0.445423265 0.438290687 0.477266375 0.422712049 0.439468651 0.488146574 0.348770384 0.358784538 0.358821404 0.356389178 0.375518093 0.081153844 0.000000000 1.321138029 
0     1.226081735 1.242937811 1.228308227 1.288742055 1.207982371 1.264085764 1.219131089 1.222250167 1.223649519 1.211586082 1.319967763 1.305520217 1.239316863 1.242161297 1.270334818 1.236726284 1.238292908 1.238548270 1.214926427 1.220487627 1.220960914 1.229236478 1.214487843 1.223853352 1.234311425 1.234220118 1.246575682 1.269900441 1.274129515 1.274004246 1.263506759 1.242006727 1.313303008 1.309934158 1.306237811 1.227279279 1.225282994 1.263654487 1.256523441 1.295499129 1.240906982 1.257663584 1.306318065 1.167570917 1.177585071 1.351977865 1.349315114 1.368191898 1.323169462 1.321138029 0.000000000 
