51
36     0.000000000 0.112165710 0.081541410 0.072950500 0.042464770 0.074205090 0.106461160 0.093017740 0.080949120 0.150201680 0.133765830 0.182397840 0.023381400 0.127341720 0.029478800 0.004457320 0.018365130 0.022409740 0.002362570 0.049578380 0.089851750 0.095663920 0.089544370 0.042349900 0.040304170 0.071167200 0.074417450 0.047511590 0.096303930 0.078134070 0.036476350 0.012771360 0.112318290 0.065605830 0.003185770 0.003374070 0.005819670 0.003682780 0.078895230 0.138169440 0.094797970 0.116629800 0.225877470 0.188318160 0.289194550 0.202438540 0.049573560 0.050123100 0.076508730 0.081173500 0.068926230 
35     0.112165710 0.000000000 0.000378540 0.019282150 0.095477740 0.132623870 0.132744950 0.167454540 0.090270390 0.090127400 0.136737120 0.114959950 0.064971540 0.072062180 0.087173210 0.119701750 0.129889420 0.147215410 0.091473360 0.082313420 0.079613030 0.302082080 0.296400140 0.153874190 0.178078670 0.201035140 0.185941740 0.159035880 0.199073350 0.221821250 0.148000640 0.124295650 0.212491540 0.092526250 0.128308250 0.116412640 0.117343960 0.165582330 0.290216550 0.290220760 0.198089120 0.198460790 0.250916740 0.320905050 0.386092410 0.312209500 0.229425860 0.229975400 0.256361030 0.192449900 0.149398780 
15     0.081541410 0.000378540 0.000000000 0.000446180 0.006046390 0.043192520 0.043313600 0.051915170 0.020463680 0.047159060 0.074829200 0.057678620 0.003063620 0.016432030 0.020560240 0.085988010 0.117787030 0.103940430 0.059634870 0.050474930 0.047774540 0.270243590 0.290126300 0.039974110 0.031683530 0.152697890 0.258817100 0.187937960 0.165258350 0.181700140 0.208105950 0.109996360 0.193848980 0.091069120 0.084716460 0.084904760 0.119424800 0.085213470 0.286580330 0.293165790 0.118499520 0.136552870 0.256137100 0.154352390 0.391312770 0.093657710 0.130872290 0.131421830 0.157807460 0.136999100 0.060348930 
7     0.072950500 0.019282150 0.000446180 0.000000000 0.018976810 0.056122940 0.056244020 0.108846340 0.033394100 0.046677610 0.074347750 0.160354080 0.002582170 0.015950580 0.031128090 0.040781350 0.076490360 0.095349520 0.075302350 0.078952020 0.076251630 0.266901590 0.298592700 0.166783120 0.180340750 0.144106980 0.198391660 0.129145790 0.151396690 0.186430720 0.157710640 0.101405450 0.185258070 0.114568770 0.076125550 0.076313850 0.035647580 0.076622560 0.286098880 0.292684340 0.135699750 0.136071420 0.238985610 0.308973920 0.374161280 0.300278370 0.122281380 0.122830920 0.149216550 0.241137610 0.124447180 
6     0.042464770 0.095477740 0.006046390 0.018976810 0.000000000 0.031746200 0.048117690 0.032913900 0.006144520 0.025410740 0.037477250 0.041289490 0.049933840 0.054188440 0.000215400 0.070720820 0.070783580 0.205952570 0.040810100 0.185451680 0.200169340 0.177340620 0.155569030 0.184154720 0.163044500 0.141694590 0.273705740 0.271376480 0.293627380 0.314335870 0.076452390 0.094667520 0.093059920 0.089284680 0.135886550 0.177244750 0.131716040 0.151779900 0.333450550 0.334010690 0.183051420 0.183423090 0.171337230 0.168120390 0.161464540 0.197438360 0.280745540 0.251527110 0.244837900 0.229679230 0.102696180 
4     0.074205090 0.132623870 0.043192520 0.056122940 0.031746200 0.000000000 0.000407300 0.000276480 0.023039320 0.080089970 0.063654120 0.112354160 0.128171810 0.057230010 0.023135880 0.093712830 0.102523900 0.133344570 0.208878320 0.082000120 0.188652640 0.194464810 0.188345260 0.175956000 0.081313170 0.189358960 0.018162120 0.196717930 0.270899720 0.239388790 0.223325430 0.122899940 0.218382550 0.251159430 0.105425560 0.191737430 0.192668750 0.240907120 0.169549700 0.169553910 0.216100420 0.171339750 0.186239140 0.197097640 0.241945120 0.063715030 0.120296890 0.135209740 0.252218200 0.200762350 0.103067940 
17     0.106461160 0.132744950 0.043313600 0.056244020 0.048117690 0.000407300 0.000000000 0.013650880 0.023160400 0.070948840 0.054512990 0.105133840 0.133094200 0.048088880 0.023256960 0.120281610 0.122876410 0.124203440 0.181544870 0.179787960 0.179511510 0.185323680 0.179204130 0.166814870 0.141332390 0.180217830 0.179578230 0.185938530 0.256757900 0.207727960 0.248064930 0.140818440 0.191049100 0.269077930 0.096284430 0.215595550 0.223270840 0.347648500 0.160408570 0.160412780 0.206959290 0.162198620 0.177098010 0.196954580 0.241802060 0.166588880 0.135860080 0.150772930 0.254279700 0.191621220 0.135820620 
13     0.093017740 0.167454540 0.051915170 0.108846340 0.032913900 0.000276480 0.013650880 0.000000000 0.034992650 0.057505420 0.041069570 0.159342600 0.107251720 0.034645460 0.024960530 0.043746420 0.059088210 0.110760020 0.038636240 0.166344540 0.166068090 0.171880260 0.165760710 0.153371450 0.127888970 0.166774410 0.166134810 0.174133380 0.084433550 0.201539280 0.191069080 0.191692450 0.159099150 0.209748580 0.082841010 0.158633180 0.181813920 0.197953810 0.146965150 0.146969360 0.193515870 0.148755200 0.163654590 0.213006600 0.264099130 0.192862430 0.166957020 0.164906770 0.240836280 0.178177800 0.279627110 
23     0.080949120 0.090270390 0.020463680 0.033394100 0.006144520 0.023039320 0.023160400 0.034992650 0.000000000 0.057846050 0.053159130 0.035177690 0.061123970 0.001924840 0.000100540 0.005052460 0.020394250 0.150960180 0.104172860 0.222658190 0.234287440 0.171535810 0.191970210 0.217490660 0.235111870 0.221199410 0.084079960 0.015477630 0.066834660 0.070031190 0.090262540 0.119889140 0.065157870 0.155368530 0.116992700 0.247778840 0.270035830 0.238873780 0.324440200 0.309260960 0.226313830 0.311059950 0.300418320 0.414442430 0.363735400 0.357520650 0.438232100 0.376159080 0.373918990 0.320029400 0.066305770 
37     0.150201680 0.090127400 0.047159060 0.046677610 0.025410740 0.080089970 0.070948840 0.057505420 0.057846050 0.000000000 0.001050750 0.006293430 0.001045290 0.016441740 0.004446910 0.164022130 0.036667460 0.104652230 0.094864630 0.223528480 0.223252030 0.187601110 0.198354340 0.200368540 0.185072910 0.223958350 0.223318750 0.231317320 0.135881760 0.152323550 0.178729360 0.237924650 0.258820760 0.255045520 0.080481060 0.242065990 0.196869830 0.272907290 0.204149090 0.204153300 0.180097280 0.180468950 0.150476840 0.054382010 0.190188750 0.301229410 0.224140960 0.222090710 0.298020220 0.235361740 0.095431570 
26     0.133765830 0.136737120 0.074829200 0.074347750 0.037477250 0.063654120 0.054512990 0.041069570 0.053159130 0.001050750 0.000000000 0.005599940 0.000168580 0.005982170 0.102422300 0.145365480 0.048405550 0.151508110 0.198619370 0.207092630 0.206816180 0.142938460 0.153691690 0.194119540 0.168637060 0.207522500 0.206882900 0.214881470 0.177148460 0.281978100 0.275980400 0.181104460 0.306061590 0.345433100 0.123589100 0.236047120 0.259227860 0.238950570 0.187713240 0.187717450 0.119616500 0.189503290 0.173291470 0.168101530 0.262227880 0.013168490 0.207705110 0.205654860 0.281584370 0.218925890 0.117289200 
30     0.182397840 0.114959950 0.057678620 0.160354080 0.041289490 0.112354160 0.105133840 0.159342600 0.035177690 0.006293430 0.005599940 0.000000000 0.002858410 0.024733340 0.079640790 0.233388090 0.146188930 0.255160440 0.175781540 0.304876350 0.335140780 0.126631560 0.137384790 0.319126160 0.298015940 0.276666030 0.326226720 0.351839400 0.247247570 0.409124330 0.346079510 0.229638960 0.228031360 0.224256120 0.272056850 0.213553590 0.226139000 0.246202860 0.269491020 0.357614820 0.214787490 0.303215750 0.313818230 0.140504530 0.371422450 0.320769440 0.424559780 0.425109320 0.354050390 0.451343830 0.099307760 
5     0.023381400 0.064971540 0.003063620 0.002582170 0.049933840 0.128171810 0.133094200 0.107251720 0.061123970 0.001045290 0.000168580 0.002858410 0.000000000 0.014806630 0.008415640 0.030917440 0.041105110 0.058431100 0.087648690 0.076005250 0.302031150 0.183925040 0.194678270 0.065089880 0.089294360 0.112250830 0.097157430 0.070251570 0.149826500 0.161416190 0.059216330 0.035511340 0.227509090 0.223733850 0.039523940 0.027628330 0.028559650 0.076798020 0.286400970 0.292986430 0.136001840 0.136373510 0.230556140 0.150176260 0.270268050 0.381308710 0.380488910 0.409596840 0.338958830 0.407971330 0.140171990 
3     0.127341720 0.072062180 0.016432030 0.015950580 0.054188440 0.057230010 0.048088880 0.034645460 0.001924840 0.016441740 0.005982170 0.024733340 0.014806630 0.000000000 0.015247070 0.141162170 0.143756970 0.145084000 0.132084380 0.200668520 0.200392070 0.206204240 0.200084690 0.113176690 0.152705290 0.201098390 0.128092710 0.155554440 0.290522320 0.275553990 0.288870510 0.185941800 0.184334200 0.180558960 0.117164990 0.198605370 0.182441840 0.202505700 0.168851850 0.150985260 0.124504700 0.064865390 0.190812470 0.239773640 0.254129550 0.209407940 0.201281000 0.199230750 0.264313140 0.212501780 0.066054910 
19     0.029478800 0.087173210 0.020560240 0.031128090 0.000215400 0.023135880 0.023256960 0.024960530 0.000100540 0.004446910 0.102422300 0.079640790 0.008415640 0.015247070 0.000000000 0.037014840 0.047202510 0.064528500 0.091910440 0.082102650 0.172222040 0.220810180 0.188900640 0.071187280 0.095391760 0.104773480 0.081010390 0.012408060 0.063765090 0.076721710 0.065313730 0.041608740 0.262841930 0.191246240 0.045621340 0.033725730 0.034657050 0.082895420 0.209933830 0.174367750 0.158495020 0.164919430 0.339072340 0.285704710 0.362580590 0.422359490 0.099442510 0.135523700 0.142690250 0.353595550 0.068041070 
22     0.004457320 0.119701750 0.085988010 0.040781350 0.070720820 0.093712830 0.120281610 0.043746420 0.005052460 0.164022130 0.145365480 0.233388090 0.030917440 0.141162170 0.037014840 0.000000000 0.000074100 0.023685640 0.003638470 0.050854280 0.074640440 0.108869090 0.103594620 0.040690080 0.064894560 0.072443100 0.072757630 0.045851770 0.041067120 0.087575350 0.034816530 0.011111540 0.036050140 0.066881730 0.001651570 0.002451590 0.004227290 0.002760300 0.249602500 0.234423260 0.164147110 0.182335180 0.252805910 0.254557870 0.081883450 0.085497010 0.054020160 0.054569700 0.080955330 0.245191700 0.097182280 
29     0.018365130 0.129889420 0.117787030 0.076490360 0.070783580 0.102523900 0.122876410 0.059088210 0.020394250 0.036667460 0.048405550 0.146188930 0.041105110 0.143756970 0.047202510 0.000074100 0.000000000 0.009021730 0.013994250 0.061793120 0.055719660 0.112308970 0.106189420 0.050877750 0.068317680 0.092757540 0.082945300 0.043968240 0.081123590 0.098166960 0.045004200 0.021299210 0.054634040 0.098680750 0.025379250 0.013483640 0.014414960 0.034559320 0.239819250 0.204253170 0.188380440 0.200919080 0.072794840 0.264163540 0.102304550 0.105918110 0.085819180 0.086368720 0.112754350 0.276976390 0.097245040 
28     0.022409740 0.147215410 0.103940430 0.095349520 0.205952570 0.133344570 0.124203440 0.110760020 0.150960180 0.104652230 0.151508110 0.255160440 0.058431100 0.145084000 0.064528500 0.023685640 0.009021730 0.000000000 0.000910930 0.041634140 0.055591510 0.055499560 0.055284130 0.035754620 0.043910280 0.059016150 0.094797790 0.067891930 0.072840010 0.089281800 0.056856690 0.006035050 0.052504870 0.050941750 0.011874480 0.022602390 0.031740950 0.022911100 0.257353770 0.257357980 0.182099530 0.203976680 0.274043210 0.037846920 0.412162870 0.370764470 0.071972580 0.071588080 0.098907750 0.288566420 0.197087580 
32     0.002362570 0.091473360 0.059634870 0.075302350 0.040810100 0.208878320 0.181544870 0.038636240 0.104172860 0.094864630 0.198619370 0.175781540 0.087648690 0.132084380 0.091910440 0.003638470 0.013994250 0.000910930 0.000000000 0.029975180 0.027274790 0.078995590 0.114520170 0.037037550 0.044758950 0.070331110 0.101184240 0.097109520 0.054862510 0.079494200 0.084135060 0.006883720 0.042600300 0.064769740 0.002366920 0.002555220 0.037075260 0.002863930 0.284932890 0.261702270 0.162052360 0.176904740 0.347845160 0.390909990 0.410113980 0.187138460 0.051925410 0.052474950 0.078860580 0.228319320 0.202060100 
18     0.049578380 0.082313420 0.050474930 0.078952020 0.185451680 0.082000120 0.179787960 0.166344540 0.222658190 0.223528480 0.207092630 0.304876350 0.076005250 0.200668520 0.082102650 0.050854280 0.061793120 0.041634140 0.029975180 0.000000000 0.000424510 0.011119820 0.005000270 0.015739830 0.039944310 0.003367530 0.039486040 0.063423420 0.033440100 0.071082290 0.041409010 0.018539660 0.061720290 0.029050710 0.049582730 0.048383780 0.049315100 0.050079740 0.312938290 0.312942500 0.209268170 0.314728340 0.217417540 0.396440820 0.362407200 0.366020760 0.099141220 0.099690760 0.108427530 0.299629490 0.137203900 
8     0.089851750 0.079613030 0.047774540 0.076251630 0.200169340 0.188652640 0.179511510 0.166068090 0.234287440 0.223252030 0.206816180 0.335140780 0.302031150 0.200392070 0.172222040 0.074640440 0.055719660 0.055591510 0.027274790 0.000424510 0.000000000 0.010843370 0.004723820 0.058533920 0.058456210 0.068008460 0.017384330 0.057379310 0.011338390 0.048980580 0.024613470 0.047968660 0.064977630 0.096951100 0.083676320 0.115354660 0.114512750 0.157982150 0.312661840 0.312666050 0.352763860 0.314451890 0.099977410 0.409217380 0.342171530 0.345785090 0.332653710 0.289111110 0.088191860 0.304907850 0.103999870 
25     0.095663920 0.302082080 0.270243590 0.266901590 0.177340620 0.194464810 0.185323680 0.171880260 0.171535810 0.187601110 0.142938460 0.126631560 0.183925040 0.206204240 0.220810180 0.108869090 0.112308970 0.055499560 0.078995590 0.011119820 0.010843370 0.000000000 0.000072860 0.068511060 0.116087790 0.032945310 0.071859760 0.075022260 0.016250650 0.018434780 0.038356290 0.083612890 0.097580430 0.080268020 0.056349560 0.172330180 0.195510920 0.199278270 0.318474010 0.318478220 0.289560440 0.289932110 0.233949310 0.201921830 0.089474230 0.243492350 0.273783430 0.274332970 0.300718600 0.312918130 0.355180460 
24     0.089544370 0.296400140 0.290126300 0.298592700 0.155569030 0.188345260 0.179204130 0.165760710 0.191970210 0.198354340 0.153691690 0.137384790 0.194678270 0.200084690 0.188900640 0.103594620 0.106189420 0.055284130 0.114520170 0.005000270 0.004723820 0.000072860 0.000000000 0.075861770 0.116203570 0.035742480 0.036288150 0.038653590 0.001392470 0.019228170 0.001987620 0.085511780 0.142745230 0.083065190 0.083368940 0.188482420 0.204163620 0.202075440 0.312354460 0.312358670 0.302238060 0.314144510 0.188243650 0.156216170 0.067633750 0.197786690 0.266992450 0.269714070 0.302150930 0.267212470 0.362531170 
34     0.042349900 0.153874190 0.039974110 0.166783120 0.184154720 0.175956000 0.166814870 0.153371450 0.217490660 0.200368540 0.194119540 0.319126160 0.065089880 0.113176690 0.071187280 0.040690080 0.050877750 0.035754620 0.037037550 0.015739830 0.058533920 0.068511060 0.075861770 0.000000000 0.000496980 0.005242000 0.033529640 0.052508050 0.079347120 0.061007490 0.041472810 0.039809720 0.091571400 0.056556760 0.049364020 0.037468410 0.038399730 0.086638100 0.299965200 0.299969410 0.346515920 0.301755250 0.316654640 0.412220080 0.360334520 0.449625400 0.241464580 0.256454590 0.282840220 0.331177850 0.263819080 
10     0.040304170 0.178078670 0.031683530 0.180340750 0.163044500 0.081313170 0.141332390 0.127888970 0.235111870 0.185072910 0.168637060 0.298015940 0.089294360 0.152705290 0.095391760 0.064894560 0.068317680 0.043910280 0.044758950 0.039944310 0.058456210 0.116087790 0.116203570 0.000496980 0.000000000 0.002643260 0.033451930 0.061310730 0.099226630 0.094663440 0.065677290 0.040965310 0.093966710 0.098228900 0.045497200 0.004230450 0.062604210 0.110842580 0.274482720 0.274486930 0.321033440 0.276272770 0.291172160 0.430237410 0.378351850 0.465391300 0.204075880 0.256725250 0.283110880 0.305695370 0.264655670 
20     0.071167200 0.201035140 0.152697890 0.144106980 0.141694590 0.189358960 0.180217830 0.166774410 0.221199410 0.223958350 0.207522500 0.276666030 0.112250830 0.201098390 0.104773480 0.072443100 0.092757540 0.059016150 0.070331110 0.003367530 0.068008460 0.032945310 0.035742480 0.005242000 0.002643260 0.000000000 0.043307000 0.055858370 0.059018680 0.040679050 0.088633760 0.052706920 0.097351990 0.049362050 0.059866150 0.071359850 0.085560680 0.071668560 0.313368160 0.313372370 0.230856990 0.315158210 0.330057600 0.370235070 0.375116020 0.372813930 0.120730040 0.121279580 0.147665210 0.113123690 0.326627700 
27     0.074417450 0.185941740 0.258817100 0.198391660 0.273705740 0.018162120 0.179578230 0.166134810 0.084079960 0.223318750 0.206882900 0.326226720 0.097157430 0.128092710 0.081010390 0.072757630 0.082945300 0.094797790 0.101184240 0.039486040 0.017384330 0.071859760 0.036288150 0.033529640 0.033451930 0.043307000 0.000000000 0.007014660 0.010344840 0.013343300 0.003024180 0.043374320 0.061568670 0.070167020 0.081431570 0.069535960 0.070467280 0.118705650 0.312728560 0.312732770 0.257441540 0.257813210 0.329418000 0.429791220 0.512108190 0.471009600 0.332720430 0.330670180 0.406599690 0.338030330 0.312839860 
1     0.047511590 0.159035880 0.187937960 0.129145790 0.271376480 0.196717930 0.185938530 0.174133380 0.015477630 0.231317320 0.214881470 0.351839400 0.070251570 0.155554440 0.012408060 0.045851770 0.043968240 0.067891930 0.097109520 0.063423420 0.057379310 0.075022260 0.038653590 0.052508050 0.061310730 0.055858370 0.007014660 0.000000000 0.016457910 0.021976150 0.000620860 0.044971410 0.153918880 0.063746320 0.054525710 0.042630100 0.043561420 0.091799790 0.320727130 0.320731340 0.273156460 0.258252380 0.337416570 0.452389800 0.532570410 0.493608180 0.178075740 0.164804660 0.156389730 0.329631820 0.325391230 
9     0.096303930 0.199073350 0.165258350 0.151396690 0.293627380 0.270899720 0.256757900 0.084433550 0.066834660 0.135881760 0.177148460 0.247247570 0.149826500 0.290522320 0.063765090 0.041067120 0.081123590 0.072840010 0.054862510 0.033440100 0.011338390 0.016250650 0.001392470 0.079347120 0.099226630 0.059018680 0.010344840 0.016457910 0.000000000 0.000638940 0.003379790 0.018777080 0.149010340 0.079656240 0.031513420 0.096496580 0.131016620 0.096805290 0.263461980 0.248282740 0.204911270 0.345254880 0.419481530 0.452406540 0.532017100 0.493624920 0.145866770 0.146416310 0.172801940 0.259051180 0.248275480 
16     0.078134070 0.221821250 0.181700140 0.186430720 0.314335870 0.239388790 0.207727960 0.201539280 0.070031190 0.152323550 0.281978100 0.409124330 0.161416190 0.275553990 0.076721710 0.087575350 0.098166960 0.089281800 0.079494200 0.071082290 0.048980580 0.018434780 0.019228170 0.061007490 0.094663440 0.040679050 0.013343300 0.021976150 0.000638940 0.000000000 0.001125900 0.060284470 0.072393830 0.061316610 0.033824370 0.133794720 0.134726040 0.138752630 0.387823760 0.387827970 0.268266700 0.268638370 0.401251370 0.403003330 0.497530360 0.444221710 0.187814110 0.188363650 0.214749280 0.386916750 0.255704970 
31     0.036476350 0.148000640 0.208105950 0.157710640 0.076452390 0.223325430 0.248064930 0.191069080 0.090262540 0.178729360 0.275980400 0.346079510 0.059216330 0.288870510 0.065313730 0.034816530 0.045004200 0.056856690 0.084135060 0.041409010 0.024613470 0.038356290 0.001987620 0.041472810 0.065677290 0.088633760 0.003024180 0.000620860 0.003379790 0.001125900 0.000000000 0.033149850 0.062074710 0.112740330 0.043490470 0.031594860 0.032526180 0.080764550 0.362293920 0.347114680 0.257947580 0.258319250 0.247282480 0.055094110 0.240167040 0.099708840 0.188916770 0.189466310 0.215851940 0.357883120 0.365423130 
38     0.012771360 0.124295650 0.109996360 0.101405450 0.094667520 0.122899940 0.140818440 0.191692450 0.119889140 0.237924650 0.181104460 0.229638960 0.035511340 0.185941800 0.041608740 0.011111540 0.021299210 0.006035050 0.006883720 0.018539660 0.047968660 0.083612890 0.085511780 0.039809720 0.040965310 0.052706920 0.043374320 0.044971410 0.018777080 0.060284470 0.033149850 0.000000000 0.019422390 0.008913650 0.019785480 0.007889870 0.008821190 0.028967030 0.132523210 0.160768500 0.100305730 0.205757420 0.268434650 0.396931600 0.367689360 0.432119980 0.078028510 0.078578050 0.104963680 0.263007180 0.198314280 
33     0.112318290 0.212491540 0.193848980 0.185258070 0.093059920 0.218382550 0.191049100 0.159099150 0.065157870 0.258820760 0.306061590 0.228031360 0.227509090 0.184334200 0.262841930 0.036050140 0.054634040 0.052504870 0.042600300 0.061720290 0.064977630 0.097580430 0.142745230 0.091571400 0.093966710 0.097351990 0.061568670 0.153918880 0.149010340 0.072393830 0.062074710 0.019422390 0.000000000 0.003333640 0.107337950 0.112510940 0.110046440 0.109140070 0.207139390 0.210627850 0.216741490 0.217113160 0.186097050 0.256085360 0.263373860 0.247389810 0.161881130 0.162430670 0.187095220 0.457486040 0.260869360 
14     0.065605830 0.092526250 0.091069120 0.114568770 0.089284680 0.251159430 0.269077930 0.209748580 0.155368530 0.255045520 0.345433100 0.224256120 0.223733850 0.180558960 0.191246240 0.066881730 0.098680750 0.050941750 0.064769740 0.029050710 0.096951100 0.080268020 0.083065190 0.056556760 0.098228900 0.049362050 0.070167020 0.063746320 0.079656240 0.061316610 0.112740330 0.008913650 0.003333640 0.000000000 0.051791750 0.065798480 0.100318520 0.066107190 0.345792260 0.349280720 0.225295620 0.295272760 0.166856420 0.236844730 0.198051920 0.228149180 0.104658270 0.115718210 0.130237070 0.400627890 0.243057860 
21     0.003185770 0.128308250 0.084716460 0.076125550 0.135886550 0.105425560 0.096284430 0.082841010 0.116992700 0.080481060 0.123589100 0.272056850 0.039523940 0.117164990 0.045621340 0.001651570 0.025379250 0.011874480 0.002366920 0.049582730 0.083676320 0.056349560 0.083368940 0.049364020 0.045497200 0.059866150 0.081431570 0.054525710 0.031513420 0.033824370 0.043490470 0.019785480 0.107337950 0.051791750 0.000000000 0.001180040 0.012831230 0.001488750 0.229434760 0.229438970 0.162875560 0.231224810 0.186500390 0.123764680 0.098646130 0.028531820 0.052748610 0.053298150 0.079683780 0.135784610 0.185505480 
2     0.003374070 0.116412640 0.084904760 0.076313850 0.177244750 0.191737430 0.215595550 0.158633180 0.247778840 0.242065990 0.236047120 0.213553590 0.027628330 0.198605370 0.033725730 0.002451590 0.013483640 0.022602390 0.002555220 0.048383780 0.115354660 0.172330180 0.188482420 0.037468410 0.004230450 0.071359850 0.069535960 0.042630100 0.096496580 0.133794720 0.031594860 0.007889870 0.112510940 0.065798480 0.001180040 0.000000000 0.000846500 0.000327250 0.202473920 0.199971320 0.163063860 0.204263970 0.219163360 0.464167620 0.413460590 0.283575490 0.052936910 0.053486450 0.079872080 0.233686570 0.192769190 
12     0.005819670 0.117343960 0.119424800 0.035647580 0.131716040 0.192668750 0.223270840 0.181813920 0.270035830 0.196869830 0.259227860 0.226139000 0.028559650 0.182441840 0.034657050 0.004227290 0.014414960 0.031740950 0.037075260 0.049315100 0.114512750 0.195510920 0.204163620 0.038399730 0.062604210 0.085560680 0.070467280 0.043561420 0.131016620 0.134726040 0.032526180 0.008821190 0.110046440 0.100318520 0.012831230 0.000846500 0.000000000 0.000906490 0.475899060 0.230322490 0.197583900 0.303790680 0.384636670 0.447457570 0.447953750 0.102553620 0.087456950 0.088006490 0.114392120 0.436539210 0.221643770 
11     0.003682780 0.165582330 0.085213470 0.076622560 0.151779900 0.240907120 0.347648500 0.197953810 0.238873780 0.272907290 0.238950570 0.246202860 0.076798020 0.202505700 0.082895420 0.002760300 0.034559320 0.022911100 0.002863930 0.050079740 0.157982150 0.199278270 0.202075440 0.086638100 0.110842580 0.071668560 0.118705650 0.091799790 0.096805290 0.138752630 0.080764550 0.028967030 0.109140070 0.066107190 0.001488750 0.000327250 0.000906490 0.000000000 0.441687730 0.152622060 0.163372570 0.269579350 0.531378770 0.526915970 0.570789810 0.194868060 0.053245620 0.053795160 0.080180790 0.099344300 0.195136800 
50     0.078895230 0.290216550 0.286580330 0.286098880 0.333450550 0.169549700 0.160408570 0.146965150 0.324440200 0.204149090 0.187713240 0.269491020 0.286400970 0.168851850 0.209933830 0.249602500 0.239819250 0.257353770 0.284932890 0.312938290 0.312661840 0.318474010 0.312354460 0.299965200 0.274482720 0.313368160 0.312728560 0.320727130 0.263461980 0.387823760 0.362293920 0.132523210 0.207139390 0.345792260 0.229434760 0.202473920 0.475899060 0.441687730 0.000000000 0.000015900 0.000829700 0.002173450 0.044316040 0.128881640 0.121838090 0.045079350 0.059824070 0.057773820 0.015015690 0.058839250 0.351269380 
41     0.138169440 0.290220760 0.293165790 0.292684340 0.334010690 0.169553910 0.160412780 0.146969360 0.309260960 0.204153300 0.187717450 0.357614820 0.292986430 0.150985260 0.174367750 0.234423260 0.204253170 0.257357980 0.261702270 0.312942500 0.312666050 0.318478220 0.312358670 0.299969410 0.274486930 0.313372370 0.312732770 0.320731340 0.248282740 0.387827970 0.347114680 0.160768500 0.210627850 0.349280720 0.229438970 0.199971320 0.230322490 0.152622060 0.000015900 0.000000000 0.000845560 0.002189310 0.044320250 0.148444920 0.152023960 0.098779160 0.059828280 0.057778030 0.015031550 0.025608730 0.361583110 
44     0.094797970 0.198089120 0.118499520 0.135699750 0.183051420 0.216100420 0.206959290 0.193515870 0.226313830 0.180097280 0.119616500 0.214787490 0.136001840 0.124504700 0.158495020 0.164147110 0.188380440 0.182099530 0.162052360 0.209268170 0.352763860 0.289560440 0.302238060 0.346515920 0.321033440 0.230856990 0.257441540 0.273156460 0.204911270 0.268266700 0.257947580 0.100305730 0.216741490 0.225295620 0.162875560 0.163063860 0.197583900 0.163372570 0.000829700 0.000845560 0.000000000 0.000373170 0.027697940 0.127623120 0.119485210 0.043820830 0.061862380 0.097629640 0.014185990 0.059598410 0.217334600 
40     0.116629800 0.198460790 0.136552870 0.136071420 0.183423090 0.171339750 0.162198620 0.148755200 0.311059950 0.180468950 0.189503290 0.303215750 0.136373510 0.064865390 0.164919430 0.182335180 0.200919080 0.203976680 0.176904740 0.314728340 0.314451890 0.289932110 0.314144510 0.301755250 0.276272770 0.315158210 0.257813210 0.258252380 0.345254880 0.268638370 0.258319250 0.205757420 0.217113160 0.295272760 0.231224810 0.204263970 0.303790680 0.269579350 0.002173450 0.002189310 0.000373170 0.000000000 0.046106090 0.131940410 0.127686620 0.048138120 0.061614120 0.059563870 0.016927480 0.025109860 0.217706270 
48     0.225877470 0.250916740 0.256137100 0.238985610 0.171337230 0.186239140 0.177098010 0.163654590 0.300418320 0.150476840 0.173291470 0.313818230 0.230556140 0.190812470 0.339072340 0.252805910 0.072794840 0.274043210 0.347845160 0.217417540 0.099977410 0.233949310 0.188243650 0.316654640 0.291172160 0.330057600 0.329418000 0.337416570 0.419481530 0.401251370 0.247282480 0.268434650 0.186097050 0.166856420 0.186500390 0.219163360 0.384636670 0.531378770 0.044316040 0.044320250 0.027697940 0.046106090 0.000000000 0.007341050 0.004158100 0.001006590 0.066281450 0.064894400 0.058232680 0.019874480 0.369782590 
49     0.188318160 0.320905050 0.154352390 0.308973920 0.168120390 0.197097640 0.196954580 0.213006600 0.414442430 0.054382010 0.168101530 0.140504530 0.150176260 0.239773640 0.285704710 0.254557870 0.264163540 0.037846920 0.390909990 0.396440820 0.409217380 0.201921830 0.156216170 0.412220080 0.430237410 0.370235070 0.429791220 0.452389800 0.452406540 0.403003330 0.055094110 0.396931600 0.256085360 0.236844730 0.123764680 0.464167620 0.447457570 0.526915970 0.128881640 0.148444920 0.127623120 0.131940410 0.007341050 0.000000000 0.001463350 0.004063820 0.058597560 0.043375260 0.072547890 0.048845110 0.411685430 
45     0.289194550 0.386092410 0.391312770 0.374161280 0.161464540 0.241945120 0.241802060 0.264099130 0.363735400 0.190188750 0.262227880 0.371422450 0.270268050 0.254129550 0.362580590 0.081883450 0.102304550 0.412162870 0.410113980 0.362407200 0.342171530 0.089474230 0.067633750 0.360334520 0.378351850 0.375116020 0.512108190 0.532570410 0.532017100 0.497530360 0.240167040 0.367689360 0.263373860 0.198051920 0.098646130 0.413460590 0.447953750 0.570789810 0.121838090 0.152023960 0.119485210 0.127686620 0.004158100 0.001463350 0.000000000 0.002408770 0.062854930 0.047632630 0.090676670 0.024652600 0.427869100 
43     0.202438540 0.312209500 0.093657710 0.300278370 0.197438360 0.063715030 0.166588880 0.192862430 0.357520650 0.301229410 0.013168490 0.320769440 0.381308710 0.209407940 0.422359490 0.085497010 0.105918110 0.370764470 0.187138460 0.366020760 0.345785090 0.243492350 0.197786690 0.449625400 0.465391300 0.372813930 0.471009600 0.493608180 0.493624920 0.444221710 0.099708840 0.432119980 0.247389810 0.228149180 0.028531820 0.283575490 0.102553620 0.194868060 0.045079350 0.098779160 0.043820830 0.048138120 0.001006590 0.004063820 0.002408770 0.000000000 0.097718750 0.101491760 0.091524650 0.040709020 0.418348850 
47     0.049573560 0.229425860 0.130872290 0.122281380 0.280745540 0.120296890 0.135860080 0.166957020 0.438232100 0.224140960 0.207705110 0.424559780 0.380488910 0.201281000 0.099442510 0.054020160 0.085819180 0.071972580 0.051925410 0.099141220 0.332653710 0.273783430 0.266992450 0.241464580 0.204075880 0.120730040 0.332720430 0.178075740 0.145866770 0.187814110 0.188916770 0.078028510 0.161881130 0.104658270 0.052748610 0.052936910 0.087456950 0.053245620 0.059824070 0.059828280 0.061862380 0.061614120 0.066281450 0.058597560 0.062854930 0.097718750 0.000000000 0.000572400 0.008963890 0.041304720 0.278270630 
46     0.050123100 0.229975400 0.131421830 0.122830920 0.251527110 0.135209740 0.150772930 0.164906770 0.376159080 0.222090710 0.205654860 0.425109320 0.409596840 0.199230750 0.135523700 0.054569700 0.086368720 0.071588080 0.052474950 0.099690760 0.289111110 0.274332970 0.269714070 0.256454590 0.256725250 0.121279580 0.330670180 0.164804660 0.146416310 0.188363650 0.189466310 0.078578050 0.162430670 0.115718210 0.053298150 0.053486450 0.088006490 0.053795160 0.057773820 0.057778030 0.097629640 0.059563870 0.064894400 0.043375260 0.047632630 0.101491760 0.000572400 0.000000000 0.013272900 0.012086290 0.250423040 
42     0.076508730 0.256361030 0.157807460 0.149216550 0.244837900 0.252218200 0.254279700 0.240836280 0.373918990 0.298020220 0.281584370 0.354050390 0.338958830 0.264313140 0.142690250 0.080955330 0.112754350 0.098907750 0.078860580 0.108427530 0.088191860 0.300718600 0.302150930 0.282840220 0.283110880 0.147665210 0.406599690 0.156389730 0.172801940 0.214749280 0.215851940 0.104963680 0.187095220 0.130237070 0.079683780 0.079872080 0.114392120 0.080180790 0.015015690 0.015031550 0.014185990 0.016927480 0.058232680 0.072547890 0.090676670 0.091524650 0.008963890 0.013272900 0.000000000 0.006066240 0.086251210 
39     0.081173500 0.192449900 0.136999100 0.241137610 0.229679230 0.200762350 0.191621220 0.178177800 0.320029400 0.235361740 0.218925890 0.451343830 0.407971330 0.212501780 0.353595550 0.245191700 0.276976390 0.288566420 0.228319320 0.299629490 0.304907850 0.312918130 0.267212470 0.331177850 0.305695370 0.113123690 0.338030330 0.329631820 0.259051180 0.386916750 0.357883120 0.263007180 0.457486040 0.400627890 0.135784610 0.233686570 0.436539210 0.099344300 0.058839250 0.025608730 0.059598410 0.025109860 0.019874480 0.048845110 0.024652600 0.040709020 0.041304720 0.012086290 0.006066240 0.000000000 0.234214620 
0     0.068926230 0.149398780 0.060348930 0.124447180 0.102696180 0.103067940 0.135820620 0.279627110 0.066305770 0.095431570 0.117289200 0.099307760 0.140171990 0.066054910 0.068041070 0.097182280 0.097245040 0.197087580 0.202060100 0.137203900 0.103999870 0.355180460 0.362531170 0.263819080 0.264655670 0.326627700 0.312839860 0.325391230 0.248275480 0.255704970 0.365423130 0.198314280 0.260869360 0.243057860 0.185505480 0.192769190 0.221643770 0.195136800 0.351269380 0.361583110 0.217334600 0.217706270 0.369782590 0.411685430 0.427869100 0.418348850 0.278270630 0.250423040 0.086251210 0.234214620 0.000000000 
