51
36     0.000000000 1.080976868 1.070568924 1.060071527 1.100412832 1.127782220 1.141852254 1.280500825 1.255179280 1.089402467 1.110751825 1.154051688 1.092244312 1.163850915 1.179661105 0.947269686 0.941446006 1.102107618 1.091973425 1.041645283 1.046184514 1.072317263 1.077490185 1.027543090 1.023830218 1.052695248 1.092175812 1.127268349 1.070767452 1.070219605 1.075421588 0.964121424 1.086909127 1.080462334 1.150271813 1.155011989 1.037400162 1.096999401 1.428194642 1.428467613 1.399474331 1.424478437 1.393899113 1.394488710 1.412342288 1.401067673 1.405950419 1.407883051 1.393528004 1.534071392 2.902472226 
35     1.080976868 0.000000000 0.277216357 0.433503462 0.901765062 0.928762093 0.942245998 1.082454694 1.061912219 0.894481282 0.915909976 0.958719766 0.897388071 0.967931587 0.984926951 0.951430182 0.946749781 1.103320539 1.093145290 1.040177501 1.044716732 1.071057445 1.076248685 1.025282908 1.021357802 1.051766000 1.089307787 1.124446504 1.068559083 1.068011237 1.073595242 0.961937884 1.084895729 1.078586135 1.153085800 1.155233063 1.036949028 1.098103448 1.575705351 1.575691066 1.545269723 1.571864443 1.541231367 1.541208487 1.560020113 1.548542772 1.552726111 1.554688077 1.539216116 1.679365890 3.042691171 
15     1.070568924 0.277216357 0.000000000 0.425619220 0.891261946 0.918258976 0.931742881 1.071951577 1.051409103 0.883978165 0.905406860 0.948216649 0.886884955 0.957428471 0.974453777 0.940608566 0.935928165 1.092549229 1.082373979 1.029200738 1.033739969 1.060080683 1.065271922 1.013857671 1.009905528 1.040789238 1.078336570 1.113475287 1.057587866 1.057040020 1.062624025 0.950896212 1.073606368 1.067296774 1.142267144 1.144869859 1.026585823 1.087740244 1.565273043 1.565258758 1.534767550 1.561432134 1.529540607 1.529561388 1.548378067 1.536900726 1.541112186 1.543074152 1.527606539 1.667757262 3.032271520 
7     1.060071527 0.433503462 0.425619220 0.000000000 0.881274946 0.908494258 0.921978163 1.062491268 1.041176266 0.872926632 0.894617021 0.937426810 0.876047103 0.946721961 0.964563864 0.929534300 0.924927288 1.081905462 1.071679637 1.018953468 1.023492698 1.049833412 1.055024652 1.003557813 0.999732722 1.030278464 1.068334680 1.104240481 1.047551082 1.047003235 1.052587241 0.941254174 1.064377123 1.057975696 1.132145790 1.132628026 1.013403689 1.074455570 1.557255039 1.557240753 1.527098669 1.553414130 1.522293252 1.522270371 1.541081998 1.529604656 1.533966994 1.535928961 1.520461348 1.661259280 3.028200507 
6     1.100412832 0.901765062 0.891261946 0.881274946 0.000000000 0.755206669 0.768353180 0.908697484 0.947085843 0.782308292 0.802807666 0.845934843 0.784723511 0.854644842 0.864837825 0.964745941 0.960108784 1.118792651 1.108396468 1.058007518 1.062546749 1.085896877 1.091110169 1.043673242 1.039649813 1.069515446 1.106840441 1.143253961 1.085878898 1.085331051 1.090502879 0.978299897 1.101626644 1.095553178 1.165731266 1.171334945 1.053140291 1.114027351 1.594944108 1.594929823 1.564822329 1.591103199 1.560467656 1.560175724 1.579211982 1.567539385 1.572682013 1.574643980 1.559209389 1.699492767 3.061431052 
4     1.127782220 0.928762093 0.918258976 0.908494258 0.755206669 0.000000000 0.160922353 0.560443442 0.971012378 0.809974642 0.831188324 0.873324912 0.811370619 0.882098980 0.895802267 0.991092042 0.986425464 1.146227564 1.136492071 1.084702922 1.089617813 1.113641928 1.118855221 1.071471569 1.066961001 1.097669964 1.132320971 1.169665584 1.111262841 1.110714994 1.117331758 1.005120479 1.127991805 1.122368678 1.195592214 1.199912228 1.080987051 1.142041450 1.617989473 1.617975188 1.588083604 1.614148565 1.583064490 1.582987505 1.602023764 1.590131298 1.594009817 1.595971784 1.581275182 1.721411974 3.090397474 
17     1.141852254 0.942245998 0.931742881 0.921978163 0.768353180 0.160922353 0.000000000 0.572265689 0.983897034 0.822534177 0.843523434 0.885856802 0.823824274 0.894818671 0.908340789 1.005785972 1.001119394 1.161065750 1.151389884 1.100514308 1.105053539 1.128665655 1.133878948 1.086162060 1.081677145 1.112360455 1.147900875 1.184781087 1.126378344 1.125830497 1.132447261 1.020116812 1.143080317 1.137457189 1.211101587 1.214483939 1.095558762 1.156613161 1.633446779 1.633432493 1.603540909 1.629605870 1.598952233 1.598841895 1.617878154 1.606205557 1.610021471 1.611983437 1.597247421 1.737251629 3.116533735 
13     1.280500825 1.082454694 1.071951577 1.062491268 0.908697484 0.560443442 0.572265689 0.000000000 1.124446875 0.962926100 0.983861735 1.026479583 0.964550207 1.034342905 1.047146052 1.144482999 1.139816421 1.298715783 1.288391892 1.237451740 1.241990971 1.265375242 1.270555033 1.223215861 1.218806127 1.249207662 1.284560901 1.321261804 1.262047119 1.261602946 1.268092115 1.157409181 1.279526950 1.273903823 1.349339687 1.351501839 1.232949372 1.294003771 1.771791103 1.771776818 1.741885234 1.767950195 1.736946631 1.736836293 1.755872552 1.744199955 1.748869610 1.750831576 1.735709803 1.875732830 3.250320473 
23     1.255179280 1.061912219 1.051409103 1.041176266 0.947085843 0.971012378 0.983897034 1.124446875 0.000000000 0.844100338 0.865518604 0.907965678 0.847097466 0.913606649 0.934872744 1.121847773 1.118371219 1.276838446 1.266376011 1.214955059 1.219494289 1.244499282 1.249934516 1.200490571 1.196480023 1.227229859 1.263314435 1.300012917 1.242477533 1.241929686 1.248119127 1.135150971 1.256194306 1.251236430 1.326234800 1.328640432 1.210330582 1.271511116 1.752073305 1.752059020 1.721312834 1.748232397 1.718601934 1.718453899 1.737479319 1.725855258 1.730654723 1.732616690 1.717252543 1.856679598 3.233878263 
37     1.089402467 0.894481282 0.883978165 0.872926632 0.782308292 0.809974642 0.822534177 0.962926100 0.844100338 0.000000000 0.237293982 0.281025957 0.217223927 0.525689582 0.726923604 0.954926411 0.949730026 1.107690420 1.097123930 1.046860496 1.051399727 1.073964526 1.079177819 1.031948065 1.027937517 1.058378936 1.093822831 1.131298673 1.074054264 1.073506417 1.079249250 0.966239598 1.089372342 1.083693470 1.157922287 1.161233524 1.041939818 1.103660473 1.582365992 1.582351707 1.551542071 1.578525084 1.548255136 1.547774423 1.567169699 1.555545638 1.560643114 1.562605080 1.547241848 1.687232440 3.058747802 
26     1.110751825 0.915909976 0.905406860 0.894617021 0.802807666 0.831188324 0.843523434 0.983861735 0.865518604 0.237293982 0.000000000 0.309591012 0.244898436 0.549485305 0.748931583 0.975708083 0.970636929 1.128450670 1.117884180 1.067303633 1.071842863 1.094048336 1.099270566 1.052715341 1.048704794 1.079146213 1.114590107 1.152065949 1.094821540 1.094273694 1.100016527 0.987006875 1.110139619 1.104460747 1.178703959 1.182065430 1.062771725 1.124492379 1.603666448 1.603652163 1.572805340 1.599825540 1.553009538 1.552684982 1.571924101 1.560300040 1.581943570 1.583905536 1.568542304 1.692172945 3.086242590 
30     1.154051688 0.958719766 0.948216649 0.937426810 0.845934843 0.873324912 0.885856802 1.026479583 0.907965678 0.281025957 0.309591012 0.000000000 0.283854187 0.593091953 0.792128905 1.019603911 1.014532757 1.172394978 1.161828488 1.111565054 1.116104285 1.138611896 1.143825188 1.096652622 1.092642075 1.123083494 1.158527389 1.196003230 1.138758822 1.138210975 1.143953808 1.030944156 1.154076900 1.148398028 1.222626844 1.225938081 1.106644376 1.168365031 1.646403334 1.646389048 1.615578195 1.642562425 1.611635540 1.611177729 1.630550103 1.618926042 1.624680455 1.626642422 1.611279189 1.750650384 3.129525716 
5     1.092244312 0.897388071 0.886884955 0.876047103 0.784723511 0.811370619 0.823824274 0.964550207 0.847097466 0.217223927 0.244898436 0.283854187 0.000000000 0.530696991 0.730483278 0.958286754 0.953215600 1.111050764 1.100484273 1.050220839 1.054760070 1.077371774 1.082585067 1.035308408 1.031297861 1.061739280 1.097183174 1.134659016 1.077414607 1.076866760 1.082609594 0.969599941 1.092732686 1.087053813 1.161282630 1.164593867 1.045300161 1.107020816 1.585397108 1.585382823 1.554571970 1.581556200 1.551286253 1.550961696 1.570200815 1.558576755 1.563674230 1.565636196 1.550272964 1.690263556 3.067994554 
3     1.163850915 0.967931587 0.957428471 0.946721961 0.854644842 0.882098980 0.894818671 1.034342905 0.913606649 0.525689582 0.549485305 0.593091953 0.530696991 0.000000000 0.799793243 1.029046502 1.024039241 1.182483011 1.171888441 1.121060426 1.125599657 1.149110296 1.154323588 1.105810057 1.101799510 1.132582096 1.167231687 1.203553529 1.148654909 1.148107062 1.153445173 1.041050346 1.163659075 1.157980203 1.231905657 1.235548825 1.116673384 1.177907900 1.654671980 1.654642418 1.624696315 1.650711009 1.621806396 1.621650692 1.640683781 1.629059720 1.635886935 1.637848902 1.622485669 1.762476261 3.135331284 
19     1.179661105 0.984926951 0.974453777 0.964563864 0.864837825 0.895802267 0.908340789 1.047146052 0.934872744 0.726923604 0.748931583 0.792128905 0.730483278 0.799793243 0.000000000 1.043331342 1.038677861 1.195695657 1.185738713 1.135934450 1.140473680 1.164564038 1.169777331 1.121075337 1.117064789 1.147471726 1.183784789 1.221096740 1.164028278 1.163480432 1.169298350 1.055254110 1.177642400 1.171963528 1.244787633 1.250349169 1.130174815 1.190770826 1.674246776 1.674232491 1.644351022 1.670405867 1.640860380 1.640638761 1.659786301 1.648113704 1.648493379 1.650448614 1.639305934 1.779472793 3.151628824 
22     0.947269686 0.951430182 0.940608566 0.929534300 0.964745941 0.991092042 1.005785972 1.144482999 1.121847773 0.954926411 0.975708083 1.019603911 0.958286754 1.029046502 1.043331342 0.000000000 0.137254103 0.803676418 0.796433740 0.735204327 0.739743557 0.770913019 0.776215288 0.724983117 0.721413478 0.750294688 0.791282369 0.823889716 0.771997230 0.771574679 0.776582849 0.664384744 0.786792376 0.779838613 0.852543257 0.867008643 0.749552924 0.810972337 1.444582913 1.444538698 1.415182843 1.440559528 1.410302832 1.410133203 1.428422539 1.417097398 1.424654317 1.426616284 1.410616381 1.550456586 2.926704813 
29     0.941446006 0.946749781 0.935928165 0.924927288 0.960108784 0.986425464 1.001119394 1.139816421 1.118371219 0.949730026 0.970636929 1.014532757 0.953215600 1.024039241 1.038677861 0.137254103 0.000000000 0.798006850 0.790749010 0.729653148 0.734192379 0.765638145 0.770940414 0.719587652 0.716018012 0.745211059 0.785702374 0.818164797 0.766417619 0.765995069 0.771003238 0.658638291 0.781214619 0.774314171 0.846791699 0.860945667 0.743489947 0.804909361 1.437750791 1.437706575 1.408350720 1.433727405 1.402726976 1.402801744 1.421091080 1.409765939 1.417437373 1.419399339 1.403399436 1.543239641 2.920866189 
28     1.102107618 1.103320539 1.092549229 1.081905462 1.118792651 1.146227564 1.161065750 1.298715783 1.276838446 1.107690420 1.128450670 1.172394978 1.111050764 1.182483011 1.195695657 0.803676418 0.798006850 0.000000000 0.715048109 0.802049678 0.806563287 0.833484948 0.839088363 0.790852085 0.787118356 0.814628422 0.852265468 0.887620511 0.831216403 0.830649935 0.835767688 0.723141048 0.849472229 0.843283405 0.996440137 1.017607814 0.901126271 0.962375520 1.598794374 1.598750159 1.569394304 1.594527617 1.564546867 1.563166041 1.582138619 1.571448509 1.578525499 1.580473851 1.563738721 1.704796933 3.086979825 
32     1.091973425 1.093145290 1.082373979 1.071679637 1.108396468 1.136492071 1.151389884 1.288391892 1.266376011 1.097123930 1.117884180 1.161828488 1.100484273 1.171888441 1.185738713 0.796433740 0.790749010 0.715048109 0.000000000 0.794909605 0.799441343 0.825195989 0.829840523 0.781839748 0.778133834 0.804003348 0.843666886 0.880102254 0.823724535 0.823158067 0.828275819 0.714959509 0.841620801 0.834532703 0.990636866 1.010445086 0.893852920 0.954706434 1.591959690 1.591915475 1.562559620 1.587261361 1.557329509 1.556313775 1.575520031 1.563735906 1.571577561 1.573539527 1.557065079 1.697145839 3.073718529 
18     1.041645283 1.040177501 1.029200738 1.018953468 1.058007518 1.084702922 1.100514308 1.237451740 1.214955059 1.046860496 1.067303633 1.111565054 1.050220839 1.121060426 1.135934450 0.735204327 0.729653148 0.802049678 0.794909605 0.000000000 0.107087009 0.497050942 0.501272060 0.533018867 0.529595509 0.559534199 0.667557328 0.701950484 0.646224298 0.646050658 0.651612568 0.541831904 0.665457087 0.658629945 0.938795456 0.956381242 0.839657667 0.899905599 1.538210215 1.538166000 1.508810145 1.533695906 1.503481076 1.503679610 1.521899855 1.510863663 1.517946953 1.519908919 1.502909049 1.643613221 3.019902540 
8     1.046184514 1.044716732 1.033739969 1.023492698 1.062546749 1.089617813 1.105053539 1.241990971 1.219494289 1.051399727 1.071842863 1.116104285 1.054760070 1.125599657 1.140473680 0.739743557 0.734192379 0.806563287 0.799441343 0.107087009 0.000000000 0.501913655 0.505876023 0.537887229 0.534463871 0.563945218 0.672269041 0.706657373 0.650931187 0.650757547 0.656296399 0.546574707 0.670191492 0.663364350 0.943334686 0.960920472 0.844196897 0.904444830 1.542749446 1.542705230 1.513349375 1.538235136 1.507895624 1.508218841 1.526439086 1.515402893 1.522486183 1.524448149 1.507448280 1.648152451 3.024398198 
25     1.072317263 1.071057445 1.060080683 1.049833412 1.085896877 1.113641928 1.128665655 1.265375242 1.244499282 1.073964526 1.094048336 1.138611896 1.077371774 1.149110296 1.164564038 0.770913019 0.765638145 0.833484948 0.825195989 0.497050942 0.501913655 0.000000000 0.155134215 0.565033962 0.561249641 0.591400633 0.699322601 0.731897689 0.677759180 0.677595386 0.683841115 0.568603808 0.694225794 0.688272675 0.968383821 0.987584332 0.870132501 0.930779891 1.567758193 1.567713978 1.538358123 1.563107859 1.533494113 1.532783940 1.550118076 1.540390143 1.547427816 1.549389783 1.532780677 1.673651817 3.052328857 
24     1.077490185 1.076248685 1.065271922 1.055024652 1.091110169 1.118855221 1.133878948 1.270555033 1.249934516 1.079177819 1.099270566 1.143825188 1.082585067 1.154323588 1.169777331 0.776215288 0.770940414 0.839088363 0.829840523 0.501272060 0.505876023 0.155134215 0.000000000 0.571064772 0.567280452 0.597666088 0.704834817 0.737409905 0.683272737 0.683108943 0.689353331 0.574417769 0.700153194 0.694097770 0.973834700 0.992886601 0.875434770 0.936082160 1.572931115 1.572886900 1.543531045 1.568280781 1.538667034 1.537956861 1.555290997 1.545563064 1.552600738 1.554562704 1.537953598 1.678824738 3.057501779 
34     1.027543090 1.025282908 1.013857671 1.003557813 1.043673242 1.071471569 1.086162060 1.223215861 1.200490571 1.031948065 1.052715341 1.096652622 1.035308408 1.105810057 1.121075337 0.724983117 0.719587652 0.790852085 0.781839748 0.533018867 0.537887229 0.565033962 0.571064772 0.000000000 0.139999461 0.403015627 0.650877537 0.685222256 0.630203477 0.630042663 0.634574611 0.524495773 0.647425319 0.640678489 0.924636672 0.942805208 0.824357605 0.884577355 1.525732371 1.525688156 1.496332301 1.521038581 1.491976549 1.491040040 1.509844324 1.498770224 1.505563851 1.508270932 1.491438789 1.631892324 3.012349784 
10     1.023830218 1.021357802 1.009905528 0.999732722 1.039649813 1.066961001 1.081677145 1.218806127 1.196480023 1.027937517 1.048704794 1.092642075 1.031297861 1.101799510 1.117064789 0.721413478 0.716018012 0.787118356 0.778133834 0.529595509 0.534463871 0.561249641 0.567280452 0.139999461 0.000000000 0.398529556 0.647905888 0.682255550 0.627184054 0.627023240 0.631444125 0.521437276 0.644416831 0.637670002 0.921126533 0.939166458 0.821407841 0.881653314 1.522019499 1.521975284 1.492619429 1.517325709 1.488263677 1.487327168 1.506131452 1.495057352 1.501850979 1.504558060 1.487725917 1.628192041 3.008636912 
20     1.052695248 1.051766000 1.040789238 1.030278464 1.069515446 1.097669964 1.112360455 1.249207662 1.227229859 1.058378936 1.079146213 1.123083494 1.061739280 1.132582096 1.147471726 0.750294688 0.745211059 0.814628422 0.804003348 0.559534199 0.563945218 0.591400633 0.597666088 0.403015627 0.398529556 0.000000000 0.674744105 0.708730150 0.654874923 0.653974602 0.658668188 0.548853297 0.672627832 0.665393024 0.949277500 0.968765764 0.850979289 0.911513351 1.551173027 1.551128812 1.521866119 1.546572398 1.517248486 1.515663232 1.534787335 1.523677611 1.531268254 1.533230220 1.516438407 1.656724208 3.037424119 
27     1.092175812 1.089307787 1.078336570 1.068334680 1.106840441 1.132320971 1.147900875 1.284560901 1.263314435 1.093822831 1.114590107 1.158527389 1.097183174 1.167231687 1.183784789 0.791282369 0.785702374 0.852265468 0.843666886 0.667557328 0.672269041 0.699322601 0.704834817 0.650877537 0.647905888 0.674744105 0.000000000 0.411922110 0.412743059 0.412583422 0.416196189 0.561218892 0.689960437 0.682031738 0.986528852 1.005821148 0.887985907 0.948410742 1.590650967 1.590606751 1.561250896 1.586136658 1.556707130 1.556155568 1.574822146 1.563694583 1.570815366 1.572777332 1.555724001 1.697101735 3.069616231 
1     1.127268349 1.124446504 1.113475287 1.104240481 1.143253961 1.169665584 1.184781087 1.321261804 1.300012917 1.131298673 1.152065949 1.196003230 1.134659016 1.203553529 1.221096740 0.823889716 0.818164797 0.887620511 0.880102254 0.701950484 0.706657373 0.731897689 0.737409905 0.685222256 0.682255550 0.708730150 0.411922110 0.000000000 0.448924836 0.449618555 0.455390569 0.596253160 0.725228186 0.717669419 1.022478714 1.040580878 0.922745637 0.983170471 1.623820088 1.623775872 1.594420017 1.619380785 1.590596774 1.590045211 1.608711789 1.597584227 1.604342272 1.606304239 1.589224710 1.730808031 3.104519674 
9     1.070767452 1.068559083 1.057587866 1.047551082 1.085878898 1.111262841 1.126378344 1.262047119 1.242477533 1.074054264 1.094821540 1.138758822 1.077414607 1.148654909 1.164028278 0.771997230 0.766417619 0.831216403 0.823724535 0.646224298 0.650931187 0.677759180 0.683272737 0.630203477 0.627184054 0.654874923 0.412743059 0.448924836 0.000000000 0.104312466 0.156917148 0.540788860 0.670327308 0.662840474 0.965513769 0.985578727 0.867761583 0.927982996 1.570223645 1.570179430 1.540823575 1.565784342 1.536279809 1.536111451 1.554394825 1.543267262 1.550388044 1.552350011 1.535217389 1.676674414 3.049348034 
16     1.070219605 1.068011237 1.057040020 1.047003235 1.085331051 1.110714994 1.125830497 1.261602946 1.241929686 1.073506417 1.094273694 1.138210975 1.076866760 1.148107062 1.163480432 0.771574679 0.765995069 0.830649935 0.823158067 0.646050658 0.650757547 0.677595386 0.683108943 0.630042663 0.627023240 0.653974602 0.412583422 0.449618555 0.104312466 0.000000000 0.157319175 0.540131712 0.670223800 0.662728445 0.965091219 0.985145211 0.867329437 0.927527140 1.569675799 1.569631583 1.540275728 1.565236496 1.535731962 1.535563604 1.553846978 1.542719415 1.549840198 1.551802164 1.534761158 1.676126567 3.048800187 
31     1.075421588 1.073595242 1.062624025 1.052587241 1.090502879 1.117331758 1.132447261 1.268092115 1.248119127 1.079249250 1.100016527 1.143953808 1.082609594 1.153445173 1.169298350 0.776582849 0.771003238 0.835767688 0.828275819 0.651612568 0.656296399 0.683841115 0.689353331 0.634574611 0.631444125 0.658668188 0.416196189 0.455390569 0.156917148 0.157319175 0.000000000 0.544328975 0.675137530 0.667638796 0.971059422 0.989617088 0.872124914 0.932319586 1.573921951 1.573877736 1.544521881 1.569482648 1.539726132 1.539330516 1.557769599 1.546524738 1.554031957 1.555993924 1.538861302 1.680318327 3.053990266 
38     0.964121424 0.961937884 0.950896212 0.941254174 0.978299897 1.005120479 1.020116812 1.157409181 1.135150971 0.966239598 0.987006875 1.030944156 0.969599941 1.041050346 1.055254110 0.664384744 0.658638291 0.723141048 0.714959509 0.541831904 0.546574707 0.568603808 0.574417769 0.524495773 0.521437276 0.548853297 0.561218892 0.596253160 0.540788860 0.540131712 0.544328975 0.000000000 0.475966096 0.467699140 0.858468843 0.877943409 0.759252783 0.819574185 1.459468782 1.459424566 1.430100498 1.455390806 1.426545670 1.426051351 1.444523806 1.433590367 1.440653905 1.442615872 1.425228192 1.566806984 2.947735401 
33     1.086909127 1.084895729 1.073606368 1.064377123 1.101626644 1.127991805 1.143080317 1.279526950 1.256194306 1.089372342 1.110139619 1.154076900 1.092732686 1.163659075 1.177642400 0.786792376 0.781214619 0.849472229 0.841620801 0.665457087 0.670191492 0.694225794 0.700153194 0.647425319 0.644416831 0.672627832 0.689960437 0.725228186 0.670327308 0.670223800 0.675137530 0.475966096 0.000000000 0.278225680 0.983005547 1.002070431 0.883620957 0.944304460 1.584065785 1.584021569 1.554665714 1.579956022 1.549866245 1.549368480 1.567481095 1.556907495 1.563926847 1.565888814 1.548648382 1.690056249 3.065929892 
14     1.080462334 1.078586135 1.067296774 1.057975696 1.095553178 1.122368678 1.137457189 1.273903823 1.251236430 1.083693470 1.104460747 1.148398028 1.087053813 1.157980203 1.171963528 0.779838613 0.774314171 0.843283405 0.834532703 0.658629945 0.663364350 0.688272675 0.694097770 0.640678489 0.637670002 0.665393024 0.682031738 0.717669419 0.662840474 0.662728445 0.667638796 0.467699140 0.278225680 0.000000000 0.976740120 0.995073249 0.876709475 0.937392978 1.575863393 1.575819178 1.546463323 1.571753631 1.541645991 1.541148225 1.559260840 1.548687241 1.555099734 1.557411037 1.540434635 1.681842502 3.059304750 
21     1.150271813 1.153085800 1.142267144 1.132145790 1.165731266 1.195592214 1.211101587 1.349339687 1.326234800 1.157922287 1.178703959 1.222626844 1.161282630 1.231905657 1.244787633 0.852543257 0.846791699 0.996440137 0.990636866 0.938795456 0.943334686 0.968383821 0.973834700 0.924636672 0.921126533 0.949277500 0.986528852 1.022478714 0.965513769 0.965091219 0.971059422 0.858468843 0.983005547 0.976740120 0.000000000 1.063939811 0.949629013 1.010632263 1.644829845 1.644785630 1.614532476 1.640744541 1.608607899 1.608935832 1.627239987 1.615899315 1.624883637 1.626845603 1.611422355 1.750628087 3.124962506 
2     1.155011989 1.155233063 1.144869859 1.132628026 1.171334945 1.199912228 1.214483939 1.351501839 1.328640432 1.161233524 1.182065430 1.225938081 1.164593867 1.235548825 1.250349169 0.867008643 0.860945667 1.017607814 1.010445086 0.956381242 0.960920472 0.987584332 0.992886601 0.942805208 0.939166458 0.968765764 1.005821148 1.040580878 0.985578727 0.985145211 0.989617088 0.877943409 1.002070431 0.995073249 1.063939811 0.000000000 0.663334517 0.724367443 1.637462323 1.637086462 1.607835718 1.633252398 1.604204827 1.603914544 1.622194073 1.610652022 1.616498034 1.618460001 1.602594838 1.742906065 3.099913419 
12     1.037400162 1.036949028 1.026585823 1.013403689 1.053140291 1.080987051 1.095558762 1.232949372 1.210330582 1.041939818 1.062771725 1.106644376 1.045300161 1.116673384 1.130174815 0.749552924 0.743489947 0.901126271 0.893852920 0.839657667 0.844196897 0.870132501 0.875434770 0.824357605 0.821407841 0.850979289 0.887985907 0.922745637 0.867761583 0.867329437 0.872124914 0.759252783 0.883620957 0.876709475 0.949629013 0.663334517 0.000000000 0.299834982 1.537500321 1.536897810 1.507863979 1.533476936 1.503674515 1.503384232 1.521663760 1.509840703 1.516929571 1.518891537 1.502641934 1.643223877 3.003160867 
11     1.096999401 1.098103448 1.087740244 1.074455570 1.114027351 1.142041450 1.156613161 1.294003771 1.271511116 1.103660473 1.124492379 1.168365031 1.107020816 1.177907900 1.190770826 0.810972337 0.804909361 0.962375520 0.954706434 0.899905599 0.904444830 0.930779891 0.936082160 0.884577355 0.881653314 0.911513351 0.948410742 0.983170471 0.927982996 0.927527140 0.932319586 0.819574185 0.944304460 0.937392978 1.010632263 0.724367443 0.299834982 0.000000000 1.597513266 1.596762864 1.567876924 1.593489881 1.563239942 1.562949659 1.581229188 1.569464577 1.576522085 1.578484051 1.562234449 1.701503353 3.063841328 
50     1.428194642 1.575705351 1.565273043 1.557255039 1.594944108 1.617989473 1.633446779 1.771791103 1.752073305 1.582365992 1.603666448 1.646403334 1.585397108 1.654671980 1.674246776 1.444582913 1.437750791 1.598794374 1.591959690 1.538210215 1.542749446 1.567758193 1.572931115 1.525732371 1.522019499 1.551173027 1.590650967 1.623820088 1.570223645 1.569675799 1.573921951 1.459468782 1.584065785 1.575863393 1.644829845 1.637462323 1.537500321 1.597513266 0.000000000 0.178666428 0.281738713 0.309361174 0.746940288 0.751404183 0.767553700 0.753393554 0.759958872 0.762181703 0.750758081 0.899148078 3.337773277 
41     1.428467613 1.575691066 1.565258758 1.557240753 1.594929823 1.617975188 1.633432493 1.771776818 1.752059020 1.582351707 1.603652163 1.646389048 1.585382823 1.654642418 1.674232491 1.444538698 1.437706575 1.598750159 1.591915475 1.538166000 1.542705230 1.567713978 1.572886900 1.525688156 1.521975284 1.551128812 1.590606751 1.623775872 1.570179430 1.569631583 1.573877736 1.459424566 1.584021569 1.575819178 1.644785630 1.637086462 1.536897810 1.596762864 0.178666428 0.000000000 0.283416220 0.310889662 0.749231132 0.753705555 0.769855072 0.755684398 0.761552050 0.763588284 0.752457709 0.900162846 3.338029710 
44     1.399474331 1.545269723 1.534767550 1.527098669 1.564822329 1.588083604 1.603540909 1.741885234 1.721312834 1.551542071 1.572805340 1.615578195 1.554571970 1.624696315 1.644351022 1.415182843 1.408350720 1.569394304 1.562559620 1.508810145 1.513349375 1.538358123 1.543531045 1.496332301 1.492619429 1.521866119 1.561250896 1.594420017 1.540823575 1.540275728 1.544521881 1.430100498 1.554665714 1.546463323 1.614532476 1.607835718 1.507863979 1.567876924 0.281738713 0.283416220 0.000000000 0.243134185 0.726432652 0.730985865 0.747265581 0.732732138 0.738742509 0.740778743 0.729958602 0.877655193 3.309290272 
40     1.424478437 1.571864443 1.561432134 1.553414130 1.591103199 1.614148565 1.629605870 1.767950195 1.748232397 1.578525084 1.599825540 1.642562425 1.581556200 1.650711009 1.670405867 1.440559528 1.433727405 1.594527617 1.587261361 1.533695906 1.538235136 1.563107859 1.568280781 1.521038581 1.517325709 1.546572398 1.586136658 1.619380785 1.565784342 1.565236496 1.569482648 1.455390806 1.579956022 1.571753631 1.640744541 1.633252398 1.533476936 1.593489881 0.309361174 0.310889662 0.243134185 0.000000000 0.747824892 0.752584431 0.768990307 0.754601890 0.761361322 0.763397556 0.751742372 0.900735931 3.334358792 
48     1.393899113 1.541231367 1.529540607 1.522293252 1.560467656 1.583064490 1.598952233 1.736946631 1.718601934 1.548255136 1.553009538 1.611635540 1.551286253 1.621806396 1.640860380 1.410302832 1.402726976 1.564546867 1.557329509 1.503481076 1.507895624 1.533494113 1.538667034 1.491976549 1.488263677 1.517248486 1.556707130 1.590596774 1.536279809 1.535731962 1.539726132 1.426545670 1.549866245 1.541645991 1.608607899 1.604204827 1.503674515 1.563239942 0.746940288 0.749231132 0.726432652 0.747824892 0.000000000 0.324963614 0.342807933 0.330891536 0.670338850 0.670176975 0.653697527 0.768610488 3.302891860 
49     1.394488710 1.541208487 1.529561388 1.522270371 1.560175724 1.582987505 1.598841895 1.736836293 1.718453899 1.547774423 1.552684982 1.611177729 1.550961696 1.621650692 1.640638761 1.410133203 1.402801744 1.563166041 1.556313775 1.503679610 1.508218841 1.532783940 1.537956861 1.491040040 1.487327168 1.515663232 1.556155568 1.590045211 1.536111451 1.535563604 1.539330516 1.426051351 1.549368480 1.541148225 1.608935832 1.603914544 1.503384232 1.562949659 0.751404183 0.753705555 0.730985865 0.752584431 0.324963614 0.000000000 0.209482457 0.228086322 0.674266132 0.674294939 0.659683067 0.773678812 3.303612098 
45     1.412342288 1.560020113 1.548378067 1.541081998 1.579211982 1.602023764 1.617878154 1.755872552 1.737479319 1.567169699 1.571924101 1.630550103 1.570200815 1.640683781 1.659786301 1.428422539 1.421091080 1.582138619 1.575520031 1.521899855 1.526439086 1.550118076 1.555290997 1.509844324 1.506131452 1.534787335 1.574822146 1.608711789 1.554394825 1.553846978 1.557769599 1.444523806 1.567481095 1.559260840 1.627239987 1.622194073 1.521663760 1.581229188 0.767553700 0.769855072 0.747265581 0.768990307 0.342807933 0.209482457 0.000000000 0.242622457 0.690321548 0.690254191 0.675687182 0.792201590 3.321979197 
43     1.401067673 1.548542772 1.536900726 1.529604656 1.567539385 1.590131298 1.606205557 1.744199955 1.725855258 1.555545638 1.560300040 1.618926042 1.558576755 1.629059720 1.648113704 1.417097398 1.409765939 1.571448509 1.563735906 1.510863663 1.515402893 1.540390143 1.545563064 1.498770224 1.495057352 1.523677611 1.563694583 1.597584227 1.543267262 1.542719415 1.546524738 1.433590367 1.556907495 1.548687241 1.615899315 1.610652022 1.509840703 1.569464577 0.753393554 0.755684398 0.732732138 0.754601890 0.330891536 0.228086322 0.242622457 0.000000000 0.675149245 0.675081889 0.659749884 0.774996970 3.307968737 
47     1.405950419 1.552726111 1.541112186 1.533966994 1.572682013 1.594009817 1.610021471 1.748869610 1.730654723 1.560643114 1.581943570 1.624680455 1.563674230 1.635886935 1.648493379 1.424654317 1.417437373 1.578525499 1.571577561 1.517946953 1.522486183 1.547427816 1.552600738 1.505563851 1.501850979 1.531268254 1.570815366 1.604342272 1.550388044 1.549840198 1.554031957 1.440653905 1.563926847 1.555099734 1.624883637 1.616498034 1.516929571 1.576522085 0.759958872 0.761552050 0.738742509 0.761361322 0.670338850 0.674266132 0.690321548 0.675149245 0.000000000 0.142490254 0.404344567 0.704345038 3.322931825 
46     1.407883051 1.554688077 1.543074152 1.535928961 1.574643980 1.595971784 1.611983437 1.750831576 1.732616690 1.562605080 1.583905536 1.626642422 1.565636196 1.637848902 1.650448614 1.426616284 1.419399339 1.580473851 1.573539527 1.519908919 1.524448149 1.549389783 1.554562704 1.508270932 1.504558060 1.533230220 1.572777332 1.606304239 1.552350011 1.551802164 1.555993924 1.442615872 1.565888814 1.557411037 1.626845603 1.618460001 1.518891537 1.578484051 0.762181703 0.763588284 0.740778743 0.763397556 0.670176975 0.674294939 0.690254191 0.675081889 0.142490254 0.000000000 0.405647547 0.707454794 3.324893791 
42     1.393528004 1.539216116 1.527606539 1.520461348 1.559209389 1.581275182 1.597247421 1.735709803 1.717252543 1.547241848 1.568542304 1.611279189 1.550272964 1.622485669 1.639305934 1.410616381 1.403399436 1.563738721 1.557065079 1.502909049 1.507448280 1.532780677 1.537953598 1.491438789 1.487725917 1.516438407 1.555724001 1.589224710 1.535217389 1.534761158 1.538861302 1.425228192 1.548648382 1.540434635 1.611422355 1.602594838 1.502641934 1.562234449 0.750758081 0.752457709 0.729958602 0.751742372 0.653697527 0.659683067 0.675687182 0.659749884 0.404344567 0.405647547 0.000000000 0.694780042 3.304562677 
39     1.534071392 1.679365890 1.667757262 1.661259280 1.699492767 1.721411974 1.737251629 1.875732830 1.856679598 1.687232440 1.692172945 1.750650384 1.690263556 1.762476261 1.779472793 1.550456586 1.543239641 1.704796933 1.697145839 1.643613221 1.648152451 1.673651817 1.678824738 1.631892324 1.628192041 1.656724208 1.697101735 1.730808031 1.676674414 1.676126567 1.680318327 1.566806984 1.690056249 1.681842502 1.750628087 1.742906065 1.643223877 1.701503353 0.899148078 0.900162846 0.877655193 0.900735931 0.768610488 0.773678812 0.792201590 0.774996970 0.704345038 0.707454794 0.694780042 0.000000000 3.446374722 
0     2.902472226 3.042691171 3.032271520 3.028200507 3.061431052 3.090397474 3.116533735 3.250320473 3.233878263 3.058747802 3.086242590 3.129525716 3.067994554 3.135331284 3.151628824 2.926704813 2.920866189 3.086979825 3.073718529 3.019902540 3.024398198 3.052328857 3.057501779 3.012349784 3.008636912 3.037424119 3.069616231 3.104519674 3.049348034 3.048800187 3.053990266 2.947735401 3.065929892 3.059304750 3.124962506 3.099913419 3.003160867 3.063841328 3.337773277 3.338029710 3.309290272 3.334358792 3.302891860 3.303612098 3.321979197 3.307968737 3.322931825 3.324893791 3.304562677 3.446374722 0.000000000 
