51
43     0.000000000 0.002854890 0.003027130 0.001619950 0.008944990 0.007728440 0.007105290 0.004222710 0.007260670 0.001663630 0.006769290 0.006785260 0.007360490 0.006051880 0.005432730 0.010121460 0.006301310 0.004207090 0.009178010 0.008421050 0.006218010 0.007641620 0.004357090 0.005694550 0.002230090 0.009507600 0.006759610 0.006754130 0.006467330 0.002145390 0.001751720 0.003140940 0.006531250 0.006434290 0.007064570 0.008299120 0.006182630 0.006470150 0.003127000 0.003449370 0.003067280 0.008416130 0.001939940 0.005525400 0.004793810 0.003578200 0.003393420 0.010900450 0.003676370 0.000875870 0.015429470 
11     0.002854890 0.000000000 0.000073350 0.000180100 0.000367380 0.004340790 0.005274860 0.004368640 0.003466330 0.006682860 0.002585240 0.000275790 0.006128150 0.004785610 0.009556940 0.007894000 0.005118460 0.003440660 0.005708060 0.005544290 0.004869670 0.005126730 0.007244320 0.002394100 0.005334110 0.016705390 0.013544670 0.013202560 0.010872640 0.013061350 0.013049340 0.007512570 0.006508480 0.005537250 0.012568380 0.012670750 0.009483390 0.010614080 0.007498630 0.007821000 0.007438910 0.013504690 0.010050480 0.015067100 0.014081380 0.016135350 0.016321480 0.017685510 0.008331920 0.011311180 0.010037750 
21     0.003027130 0.000073350 0.000000000 0.000169570 0.000463230 0.004512850 0.003826140 0.006454590 0.002156220 0.006094430 0.002138960 0.006529600 0.005539720 0.004881460 0.007859290 0.008918760 0.005214310 0.004347760 0.005615990 0.004979840 0.003751640 0.004098000 0.007206070 0.002355850 0.009477720 0.016881280 0.012956240 0.012835520 0.012663960 0.012472920 0.012460910 0.007474320 0.012001960 0.007088090 0.012530130 0.012632500 0.007648170 0.007950420 0.003944740 0.005263380 0.007400660 0.013466440 0.008215260 0.014478670 0.015118020 0.015546920 0.015733050 0.016924360 0.009368560 0.011407030 0.010103130 
33     0.001619950 0.000180100 0.000169570 0.000000000 0.000968500 0.004438810 0.003501240 0.002620520 0.003181710 0.000061440 0.005348650 0.005782480 0.005758300 0.004449690 0.007548620 0.008519270 0.004782540 0.005706210 0.006280180 0.006116410 0.003426740 0.003773100 0.008011160 0.004092360 0.000610300 0.017185090 0.013260050 0.013254570 0.012967770 0.012776730 0.012764720 0.013411150 0.008854200 0.006782750 0.012846670 0.012928460 0.009841620 0.010712100 0.002915530 0.005866960 0.009034420 0.015542900 0.012460680 0.014782480 0.016951060 0.015850730 0.016036860 0.017400890 0.005291580 0.002491080 0.010175860 
42     0.008944990 0.000367380 0.000463230 0.000968500 0.000000000 0.003402880 0.005148270 0.003430730 0.002562760 0.005779290 0.004312720 0.006214460 0.005224580 0.004723650 0.008653370 0.008603620 0.005056500 0.004322250 0.005228680 0.005064910 0.007086020 0.005799430 0.007392210 0.004912210 0.001667510 0.003679820 0.012641100 0.011981340 0.011748920 0.012157780 0.012145770 0.012792200 0.007384760 0.006413530 0.015287140 0.015754790 0.012064120 0.009676170 0.011690250 0.007842650 0.007998490 0.009622980 0.013350540 0.014163530 0.016332110 0.015231780 0.015417910 0.016781940 0.010877790 0.011249220 0.010100740 
25     0.007728440 0.004340790 0.004512850 0.004438810 0.003402880 0.000000000 0.002183350 0.000048270 0.000427450 0.000188710 0.002922200 0.004129420 0.003775980 0.001088890 0.005843570 0.004819220 0.006252540 0.001139310 0.005631440 0.005487190 0.005817140 0.004530550 0.006123330 0.003643330 0.007168000 0.008848480 0.010925430 0.010054780 0.005473600 0.005301130 0.007563560 0.011495690 0.012558140 0.012461180 0.011861030 0.012328680 0.012209520 0.012497040 0.011481750 0.010717690 0.010873530 0.013430810 0.013467180 0.000808640 0.015590480 0.012812500 0.015563310 0.014079650 0.010915490 0.014954470 0.010565060 
38     0.007105290 0.005274860 0.003826140 0.003501240 0.005148270 0.002183350 0.000000000 0.000391720 0.000351040 0.002288060 0.004219970 0.003101430 0.002111550 0.002924240 0.004951120 0.005454130 0.002998330 0.002259450 0.003967010 0.003822760 0.003180720 0.002866120 0.004458900 0.001978900 0.007643550 0.015047110 0.004921060 0.004462130 0.004943090 0.010638750 0.010626740 0.011273170 0.009762720 0.010796750 0.014031020 0.014400830 0.003807950 0.003708550 0.004021420 0.004606880 0.003328170 0.009423760 0.009157120 0.012644500 0.014813080 0.013712750 0.013898880 0.015262910 0.009358760 0.013290040 0.011335470 
8     0.004222710 0.004368640 0.006454590 0.002620520 0.003430730 0.000048270 0.000391720 0.000000000 0.000455300 0.001153900 0.002950050 0.003193100 0.004930000 0.005708390 0.004201060 0.007232960 0.004029430 0.003307610 0.005225370 0.005061600 0.006959650 0.004719630 0.007654550 0.001856600 0.003230660 0.012522800 0.003285730 0.002826800 0.003307760 0.007696670 0.007618570 0.013643130 0.013329310 0.010965770 0.006506110 0.006973760 0.009906920 0.012579060 0.006628780 0.010745540 0.007696970 0.000831790 0.002534190 0.013978360 0.012401980 0.009624000 0.016492700 0.010891150 0.007726990 0.005093840 0.009545360 
37     0.007260670 0.003466330 0.002156220 0.003181710 0.002562760 0.000427450 0.000351040 0.000455300 0.000000000 0.000172190 0.002561790 0.003522790 0.003540260 0.003083600 0.003756110 0.004969990 0.002295470 0.000825710 0.001924770 0.002471340 0.005401700 0.004115110 0.005010540 0.003227890 0.003148660 0.012873260 0.010956780 0.010951300 0.010664500 0.009659300 0.009581200 0.004156870 0.010728420 0.010631460 0.004197310 0.004664960 0.003027140 0.010667320 0.002485810 0.006671570 0.000817190 0.006232800 0.004418570 0.008793170 0.010093180 0.007315200 0.013733590 0.008582350 0.005418190 0.012935590 0.009360750 
34     0.001663630 0.006682860 0.006094430 0.000061440 0.005779290 0.000188710 0.002288060 0.001153900 0.000172190 0.000000000 0.001905970 0.003732450 0.002742570 0.004483710 0.004544150 0.005610470 0.001945380 0.002000000 0.004598030 0.004453780 0.004783730 0.003497140 0.005089920 0.002609920 0.000671580 0.013529050 0.011753090 0.011747610 0.011460810 0.011269770 0.011257760 0.011904190 0.011524730 0.008111340 0.013524790 0.012394070 0.011176110 0.011463630 0.010802240 0.011543560 0.010372830 0.011733090 0.010541650 0.004661920 0.015444100 0.014343770 0.014529900 0.015893930 0.005335260 0.002534760 0.009001310 
31     0.006769290 0.002585240 0.002138960 0.005348650 0.004312720 0.002922200 0.004219970 0.002950050 0.002561790 0.001905970 0.000000000 0.001518680 0.000245610 0.002611250 0.003724530 0.003355430 0.005462530 0.002661670 0.006043180 0.005943180 0.002323400 0.002715260 0.003751250 0.004163630 0.003495890 0.010272540 0.011529010 0.011070080 0.011551040 0.008760230 0.008682130 0.009978590 0.002955290 0.012981480 0.013383390 0.013693000 0.008625770 0.010137010 0.009830030 0.010287020 0.009904930 0.013317930 0.009192860 0.011267610 0.016997810 0.014334860 0.016083610 0.015602010 0.011543490 0.012047290 0.011189480 
39     0.006785260 0.000275790 0.006529600 0.005782480 0.006214460 0.004129420 0.003101430 0.003193100 0.003522790 0.003732450 0.001518680 0.000000000 0.000034560 0.005322780 0.003669060 0.005109950 0.003264700 0.003362100 0.005033200 0.004888950 0.004077920 0.003739990 0.005505770 0.002094400 0.005250410 0.011961150 0.012188260 0.012182780 0.011895980 0.011704940 0.011692930 0.009768640 0.011959900 0.011862940 0.017284970 0.015467020 0.011611280 0.011898800 0.011237410 0.011978730 0.010808000 0.015304730 0.014163870 0.013710690 0.015879270 0.014778940 0.014965070 0.016329100 0.010424950 0.008255800 0.010706330 
1     0.007360490 0.006128150 0.005539720 0.005758300 0.005224580 0.003775980 0.002111550 0.004930000 0.003540260 0.002742570 0.000245610 0.000034560 0.000000000 0.005354460 0.004213640 0.005566900 0.003231910 0.000926810 0.004043320 0.003899070 0.004229020 0.002942430 0.004535210 0.002002230 0.006076920 0.005734170 0.011198380 0.011192900 0.010906100 0.010715060 0.010703050 0.010753820 0.010970020 0.010873060 0.014396310 0.014334300 0.010621400 0.010908920 0.010247530 0.010988850 0.009818120 0.013959230 0.014334900 0.012720810 0.014889390 0.013789060 0.013975190 0.015339220 0.009435070 0.008231620 0.010689740 
20     0.006051880 0.004785610 0.004881460 0.004449690 0.004723650 0.001088890 0.002924240 0.005708390 0.003083600 0.004483710 0.002611250 0.005322780 0.005354460 0.000000000 0.000433540 0.000242190 0.000172410 0.000486800 0.007209920 0.007065670 0.004732940 0.005124800 0.006160790 0.000674010 0.005059830 0.014493430 0.014364980 0.014359500 0.014072700 0.010869890 0.011506850 0.014516080 0.009502310 0.014039660 0.011304500 0.002802510 0.013788000 0.014075520 0.013414130 0.014155450 0.012984720 0.015369300 0.013953300 0.015017010 0.015033950 0.012255970 0.017141790 0.013523120 0.008170680 0.006448700 0.010262260 
35     0.005432730 0.009556940 0.007859290 0.007548620 0.008653370 0.005843570 0.004951120 0.004201060 0.003756110 0.004544150 0.003724530 0.003669060 0.004213640 0.000433540 0.000000000 0.001055490 0.000288060 0.002015970 0.006743080 0.007270940 0.006887960 0.006371220 0.006870630 0.005484000 0.005376510 0.014202420 0.014201370 0.012442650 0.012484510 0.009592530 0.009514430 0.003136820 0.014398810 0.014301850 0.017686800 0.010911560 0.009536780 0.014337710 0.013676320 0.013532110 0.013246910 0.016350070 0.014738480 0.016149600 0.018318180 0.017217850 0.017403980 0.018768010 0.012863860 0.016795140 0.010815960 
7     0.010121460 0.007894000 0.008918760 0.008519270 0.008603620 0.004819220 0.005454130 0.007232960 0.004969990 0.005610470 0.003355430 0.005109950 0.005566900 0.000242190 0.001055490 0.000000000 0.000976960 0.004240880 0.007422360 0.007278110 0.004520110 0.004911970 0.005947960 0.004743590 0.005703060 0.003785280 0.014577420 0.014571940 0.014285140 0.009893390 0.010530350 0.014728520 0.008312150 0.014252100 0.016652820 0.003357490 0.014000440 0.014287960 0.013626570 0.014367890 0.013197160 0.016396520 0.015255660 0.016099850 0.018268430 0.017168100 0.017354230 0.018718260 0.012814110 0.010992590 0.011614980 
19     0.006301310 0.005118460 0.005214310 0.004782540 0.005056500 0.006252540 0.002998330 0.004029430 0.002295470 0.001945380 0.005462530 0.003264700 0.003231910 0.000172410 0.000288060 0.000976960 0.000000000 0.002568100 0.006858000 0.007045430 0.007469540 0.006182950 0.007733270 0.001006860 0.005392680 0.011477200 0.014438900 0.014407410 0.014146620 0.008431420 0.008796920 0.014590000 0.014210540 0.014113580 0.017092340 0.007991560 0.010323230 0.014149440 0.012999390 0.013306600 0.013058640 0.015689220 0.015166470 0.015961330 0.018129910 0.017029580 0.017215710 0.018579740 0.010056360 0.007255860 0.010662980 
22     0.004207090 0.003440660 0.004347760 0.005706210 0.004322250 0.001139310 0.002259450 0.003307610 0.000825710 0.002000000 0.002661670 0.003362100 0.000926810 0.000486800 0.002015970 0.004240880 0.002568100 0.000000000 0.004227680 0.004083430 0.004413380 0.003126790 0.004719570 0.001475710 0.007771880 0.009382980 0.009125440 0.008853050 0.008184150 0.001087890 0.001945790 0.009220230 0.011154380 0.011057420 0.011354920 0.011822570 0.009830920 0.009399090 0.010431890 0.011173210 0.010002480 0.013595000 0.013143540 0.010767010 0.014899890 0.012306390 0.014159550 0.013573540 0.009619430 0.013550710 0.009607600 
26     0.009178010 0.005708060 0.005615990 0.006280180 0.005228680 0.005631440 0.003967010 0.005225370 0.001924770 0.004598030 0.006043180 0.005033200 0.004043320 0.007209920 0.006743080 0.007422360 0.006858000 0.004227680 0.000000000 0.000000790 0.001236390 0.000637160 0.001442190 0.002976510 0.008390810 0.004684330 0.012726340 0.012267410 0.010294090 0.010163410 0.010085310 0.013025220 0.012645760 0.012548800 0.014806570 0.014832560 0.011325160 0.012584660 0.011923270 0.011513100 0.011493860 0.009556220 0.008429010 0.009543620 0.016565130 0.015464800 0.015650930 0.017014960 0.011110810 0.006002030 0.010635260 
24     0.008421050 0.005544290 0.004979840 0.006116410 0.005064910 0.005487190 0.003822760 0.005061600 0.002471340 0.004453780 0.005943180 0.004888950 0.003899070 0.007065670 0.007270940 0.007278110 0.007045430 0.004083430 0.000000790 0.000000000 0.001382780 0.000000050 0.001731310 0.003346920 0.007782470 0.005243480 0.012729870 0.012724390 0.011898890 0.009928110 0.009850010 0.012880970 0.012501510 0.012404550 0.015274990 0.014668790 0.010689010 0.012200250 0.011779020 0.011700530 0.011349610 0.009285610 0.008158400 0.009524220 0.016420880 0.015320550 0.015506680 0.016870710 0.010966560 0.005730110 0.010353810 
36     0.006218010 0.004869670 0.003751640 0.003426740 0.007086020 0.005817140 0.003180720 0.006959650 0.005401700 0.004783730 0.002323400 0.004077920 0.004229020 0.004732940 0.006887960 0.004520110 0.007469540 0.004413380 0.001236390 0.001382780 0.000000000 0.000335040 0.002173840 0.003676870 0.004671030 0.005679550 0.013059820 0.013054340 0.012767540 0.008606290 0.008019210 0.013210920 0.012831460 0.012734500 0.018027040 0.016338580 0.012313060 0.012770360 0.012108970 0.012835630 0.011679560 0.016634560 0.012140160 0.012424460 0.006798790 0.005890810 0.010310510 0.013056670 0.011296510 0.015227790 0.010793700 
17     0.007641620 0.005126730 0.004098000 0.003773100 0.005799430 0.004530550 0.002866120 0.004719630 0.004115110 0.003497140 0.002715260 0.003739990 0.002942430 0.005124800 0.006371220 0.004911970 0.006182950 0.003126790 0.000637160 0.000000050 0.000335040 0.000000000 0.001764100 0.002390280 0.005062890 0.004837340 0.011773230 0.011767750 0.011480950 0.011289910 0.010703580 0.011924330 0.006281050 0.011447910 0.015845590 0.015051990 0.010688980 0.011483770 0.010822380 0.011563700 0.010392970 0.015408510 0.011256070 0.011582250 0.015067150 0.014158560 0.014550040 0.015914070 0.010009920 0.013941200 0.006296610 
4     0.004357090 0.007244320 0.007206070 0.008011160 0.007392210 0.006123330 0.004458900 0.007654550 0.005010540 0.005089920 0.003751250 0.005505770 0.004535210 0.006160790 0.006870630 0.005947960 0.007733270 0.004719570 0.001442190 0.001731310 0.002173840 0.001764100 0.000000000 0.002548790 0.006098880 0.012572340 0.011553600 0.011094670 0.011190040 0.011361900 0.010839520 0.013517110 0.013137650 0.013040690 0.013779600 0.013717590 0.012789030 0.013076550 0.012415160 0.013156480 0.011985750 0.012679040 0.013471030 0.014576510 0.017057020 0.015956690 0.016142820 0.017506850 0.011602700 0.015533980 0.011950040 
41     0.005694550 0.002394100 0.002355850 0.004092360 0.004912210 0.003643330 0.001978900 0.001856600 0.003227890 0.002609920 0.004163630 0.002094400 0.002002230 0.000674010 0.005484000 0.004743590 0.001006860 0.001475710 0.002976510 0.003346920 0.003676870 0.002390280 0.002548790 0.000000000 0.004702500 0.013097230 0.010267740 0.009032650 0.010593730 0.009869390 0.009335140 0.008358210 0.010657650 0.004568280 0.014843260 0.014164770 0.010309030 0.010596550 0.008255360 0.007842850 0.009505750 0.013485270 0.012293830 0.012408440 0.014577020 0.013476690 0.013662820 0.015026850 0.009122700 0.006565680 0.009267080 
12     0.002230090 0.005334110 0.009477720 0.000610300 0.001667510 0.007168000 0.007643550 0.003230660 0.003148660 0.000671580 0.003495890 0.005250410 0.006076920 0.005059830 0.005376510 0.005703060 0.005392680 0.007771880 0.008390810 0.007782470 0.004671030 0.005062890 0.006098880 0.004702500 0.000000000 0.010109950 0.011045470 0.010211880 0.010356800 0.011042800 0.011030790 0.009598060 0.011297760 0.010921780 0.002320630 0.002788280 0.005891950 0.007413470 0.005303220 0.006213440 0.005939030 0.006783660 0.004969430 0.005388750 0.006050080 0.003272100 0.010140800 0.004539250 0.000922040 0.003101220 0.018567910 
28     0.009507600 0.016705390 0.016881280 0.017185090 0.003679820 0.008848480 0.015047110 0.012522800 0.012873260 0.013529050 0.010272540 0.011961150 0.005734170 0.014493430 0.014202420 0.003785280 0.011477200 0.009382980 0.004684330 0.005243480 0.005679550 0.004837340 0.012572340 0.013097230 0.010109950 0.000000000 0.003386980 0.003731560 0.003860320 0.006413820 0.005098550 0.004814650 0.008386250 0.005393190 0.006589180 0.004409980 0.007243500 0.004188970 0.006514610 0.003078310 0.005103000 0.005438700 0.005174160 0.010607610 0.009996550 0.008839740 0.008999240 0.011433530 0.012452570 0.010196670 0.011526660 
5     0.006759610 0.013544670 0.012956240 0.013260050 0.012641100 0.010925430 0.004921060 0.003285730 0.010956780 0.011753090 0.011529010 0.012188260 0.011198380 0.014364980 0.014201370 0.014577420 0.014438900 0.009125440 0.012726340 0.012729870 0.013059820 0.011773230 0.011553600 0.010267740 0.011045470 0.003386980 0.000000000 0.000244760 0.000285260 0.000148630 0.002172890 0.000905630 0.002439860 0.000240300 0.009397670 0.008933120 0.008764060 0.009051580 0.008390190 0.006853540 0.006864320 0.012866690 0.011725830 0.007172310 0.013981850 0.012881520 0.013067650 0.014431680 0.008527530 0.012458810 0.018854620 
40     0.006754130 0.013202560 0.012835520 0.013254570 0.011981340 0.010054780 0.004462130 0.002826800 0.010951300 0.011747610 0.011070080 0.012182780 0.011192900 0.014359500 0.012442650 0.014571940 0.014407410 0.008853050 0.012267410 0.012724390 0.013054340 0.011767750 0.011094670 0.009032650 0.010211880 0.003731560 0.000244760 0.000000000 0.000532700 0.000813360 0.001297890 0.000454310 0.002340400 0.000538690 0.004967980 0.003422250 0.008758580 0.009046100 0.008384710 0.006019950 0.006030730 0.012881740 0.011857280 0.007166830 0.013976370 0.012876040 0.013062170 0.014426200 0.008522050 0.012453330 0.017218020 
10     0.006467330 0.010872640 0.012663960 0.012967770 0.011748920 0.005473600 0.004943090 0.003307760 0.010664500 0.011460810 0.011551040 0.011895980 0.010906100 0.014072700 0.012484510 0.014285140 0.014146620 0.008184150 0.010294090 0.011898890 0.012767540 0.011480950 0.011190040 0.010593730 0.010356800 0.003860320 0.000285260 0.000532700 0.000000000 0.000751930 0.000527560 0.000178620 0.002053600 0.000525560 0.009285870 0.008640840 0.008471780 0.008759300 0.008097910 0.006164870 0.006175650 0.008936690 0.003643780 0.006880030 0.011937650 0.004190640 0.004238640 0.006119780 0.008235250 0.012166530 0.015325390 
27     0.002145390 0.013061350 0.012472920 0.012776730 0.012157780 0.005301130 0.010638750 0.007696670 0.009659300 0.011269770 0.008760230 0.011704940 0.010715060 0.010869890 0.009592530 0.009893390 0.008431420 0.001087890 0.010163410 0.009928110 0.008606290 0.011289910 0.011361900 0.009869390 0.011042800 0.006413820 0.000148630 0.000813360 0.000751930 0.000000000 0.000114440 0.000877950 0.001956540 0.001859580 0.008196130 0.005878890 0.008280740 0.008568260 0.007906870 0.008380550 0.007477460 0.012067600 0.012605760 0.006688990 0.009346960 0.009286360 0.010515330 0.013948360 0.008044210 0.011975490 0.021447210 
23     0.001751720 0.013049340 0.012460910 0.012764720 0.012145770 0.007563560 0.010626740 0.007618570 0.009581200 0.011257760 0.008682130 0.011692930 0.010703050 0.011506850 0.009514430 0.010530350 0.008796920 0.001945790 0.010085310 0.009850010 0.008019210 0.010703580 0.010839520 0.009335140 0.011030790 0.005098550 0.002172890 0.001297890 0.000527560 0.000114440 0.000000000 0.000250300 0.000977310 0.001753590 0.006646310 0.004634080 0.008268730 0.008556250 0.007894860 0.008586380 0.007465450 0.013952070 0.012899240 0.006676980 0.013486520 0.012386190 0.012572320 0.013936350 0.008032200 0.011963480 0.016995870 
32     0.003140940 0.007512570 0.007474320 0.013411150 0.012792200 0.011495690 0.011273170 0.013643130 0.004156870 0.011904190 0.009978590 0.009768640 0.010753820 0.014516080 0.003136820 0.014728520 0.014590000 0.009220230 0.013025220 0.012880970 0.013210920 0.011924330 0.013517110 0.008358210 0.009598060 0.004814650 0.000905630 0.000454310 0.000178620 0.000877950 0.000250300 0.000000000 0.000273300 0.001607320 0.005319070 0.000951640 0.008915160 0.009202680 0.002289500 0.002611870 0.002229780 0.008295560 0.008021410 0.007323410 0.001544890 0.001484290 0.002713260 0.014582780 0.008678630 0.012609910 0.016015850 
6     0.006531250 0.006508480 0.012001960 0.008854200 0.007384760 0.012558140 0.009762720 0.013329310 0.010728420 0.011524730 0.002955290 0.011959900 0.010970020 0.009502310 0.014398810 0.008312150 0.014210540 0.011154380 0.012645760 0.012501510 0.012831460 0.006281050 0.013137650 0.010657650 0.011297760 0.008386250 0.002439860 0.002340400 0.002053600 0.001956540 0.000977310 0.000273300 0.000000000 0.000158280 0.010757840 0.008704760 0.008535700 0.008823220 0.008161830 0.008903150 0.007732420 0.012502840 0.011361980 0.006943950 0.013753490 0.012653160 0.012839290 0.014203320 0.008299170 0.012230450 0.020524740 
18     0.006434290 0.005537250 0.007088090 0.006782750 0.006413530 0.012461180 0.010796750 0.010965770 0.010631460 0.008111340 0.012981480 0.011862940 0.010873060 0.014039660 0.014301850 0.014252100 0.014113580 0.011057420 0.012548800 0.012404550 0.012734500 0.011447910 0.013040690 0.004568280 0.010921780 0.005393190 0.000240300 0.000538690 0.000525560 0.001859580 0.001753590 0.001607320 0.000158280 0.000000000 0.009779020 0.007430240 0.008438740 0.008726260 0.007672000 0.006729850 0.006740630 0.011551720 0.003406610 0.006846990 0.006764990 0.005856400 0.006299790 0.007724160 0.008202210 0.009086570 0.018609440 
13     0.007064570 0.012568380 0.012530130 0.012846670 0.015287140 0.011861030 0.014031020 0.006506110 0.004197310 0.013524790 0.013383390 0.017284970 0.014396310 0.011304500 0.017686800 0.016652820 0.017092340 0.011354920 0.014806570 0.015274990 0.018027040 0.015845590 0.013779600 0.014843260 0.002320630 0.006589180 0.009397670 0.004967980 0.009285870 0.008196130 0.006646310 0.005319070 0.010757840 0.009779020 0.000000000 0.000111440 0.007152750 0.008039500 0.006611420 0.006928840 0.004942800 0.005319000 0.003973200 0.012508630 0.007220270 0.004442290 0.011310990 0.005709440 0.002545280 0.013169910 0.019117100 
2     0.008299120 0.012670750 0.012632500 0.012928460 0.015754790 0.012328680 0.014400830 0.006973760 0.004664960 0.012394070 0.013693000 0.015467020 0.014334300 0.002802510 0.010911560 0.003357490 0.007991560 0.011822570 0.014832560 0.014668790 0.016338580 0.015051990 0.013717590 0.014164770 0.002788280 0.004409980 0.008933120 0.003422250 0.008640840 0.005878890 0.004634080 0.000951640 0.008704760 0.007430240 0.000111440 0.000000000 0.007620400 0.005145930 0.007079070 0.004035270 0.005410450 0.003627070 0.000815120 0.010455550 0.007687920 0.004909940 0.011778640 0.006177090 0.003012930 0.009883120 0.014983490 
15     0.006182630 0.009483390 0.007648170 0.009841620 0.012064120 0.012209520 0.003807950 0.009906920 0.003027140 0.011176110 0.008625770 0.011611280 0.010621400 0.013788000 0.009536780 0.014000440 0.010323230 0.009830920 0.011325160 0.010689010 0.012313060 0.010688980 0.012789030 0.010309030 0.005891950 0.007243500 0.008764060 0.008758580 0.008471780 0.008280740 0.008268730 0.008915160 0.008535700 0.008438740 0.007152750 0.007620400 0.000000000 0.000040950 0.000543690 0.001506210 0.001199630 0.004279780 0.001237070 0.010286490 0.013048620 0.010270640 0.012490670 0.011537790 0.007950550 0.011881830 0.005549650 
9     0.006470150 0.010614080 0.007950420 0.010712100 0.009676170 0.012497040 0.003708550 0.012579060 0.010667320 0.011463630 0.010137010 0.011898800 0.010908920 0.014075520 0.014337710 0.014287960 0.014149440 0.009399090 0.012584660 0.012200250 0.012770360 0.011483770 0.013076550 0.010596550 0.007413470 0.004188970 0.009051580 0.009046100 0.008759300 0.008568260 0.008556250 0.009202680 0.008823220 0.008726260 0.008039500 0.005145930 0.000040950 0.000000000 0.000871140 0.000747270 0.001095940 0.006695640 0.002748310 0.010574010 0.013692390 0.012592060 0.012778190 0.014142220 0.008238070 0.012169350 0.005475260 
29     0.003127000 0.007498630 0.003944740 0.002915530 0.011690250 0.011481750 0.004021420 0.006628780 0.002485810 0.010802240 0.009830030 0.011237410 0.010247530 0.013414130 0.013676320 0.013626570 0.012999390 0.010431890 0.011923270 0.011779020 0.012108970 0.010822380 0.012415160 0.008255360 0.005303220 0.006514610 0.008390190 0.008384710 0.008097910 0.007906870 0.007894860 0.002289500 0.008161830 0.007672000 0.006611420 0.007079070 0.000543690 0.000871140 0.000000000 0.000226270 0.000308080 0.005646690 0.002441330 0.009912620 0.012507290 0.009729310 0.012116800 0.010996460 0.007576680 0.011507960 0.016243850 
3     0.003449370 0.007821000 0.005263380 0.005866960 0.007842650 0.010717690 0.004606880 0.010745540 0.006671570 0.011543560 0.010287020 0.011978730 0.010988850 0.014155450 0.013532110 0.014367890 0.013306600 0.011173210 0.011513100 0.011700530 0.012835630 0.011563700 0.013156480 0.007842850 0.006213440 0.003078310 0.006853540 0.006019950 0.006164870 0.008380550 0.008586380 0.002611870 0.008903150 0.006729850 0.006928840 0.004035270 0.001506210 0.000747270 0.000226270 0.000000000 0.000630450 0.005874780 0.004656460 0.010653940 0.013772320 0.012671990 0.012858120 0.014222150 0.008318000 0.012249280 0.018458770 
16     0.003067280 0.007438910 0.007400660 0.009034420 0.007998490 0.010873530 0.003328170 0.007696970 0.000817190 0.010372830 0.009904930 0.010808000 0.009818120 0.012984720 0.013246910 0.013197160 0.013058640 0.010002480 0.011493860 0.011349610 0.011679560 0.010392970 0.011985750 0.009505750 0.005939030 0.005103000 0.006864320 0.006030730 0.006175650 0.007477460 0.007465450 0.002229780 0.007732420 0.006740630 0.004942800 0.005410450 0.001199630 0.001095940 0.000308080 0.000630450 0.000000000 0.003500860 0.002740030 0.009483210 0.010838670 0.008060690 0.011687390 0.009327840 0.006163680 0.011078550 0.016291290 
14     0.008416130 0.013504690 0.013466440 0.015542900 0.009622980 0.013430810 0.009423760 0.000831790 0.006232800 0.011733090 0.013317930 0.015304730 0.013959230 0.015369300 0.016350070 0.016396520 0.015689220 0.013595000 0.009556220 0.009285610 0.016634560 0.015408510 0.012679040 0.013485270 0.006783660 0.005438700 0.012866690 0.012881740 0.008936690 0.012067600 0.013952070 0.008295560 0.012502840 0.011551720 0.005319000 0.003627070 0.004279780 0.006695640 0.005646690 0.005874780 0.003500860 0.000000000 0.000595870 0.011140070 0.011683300 0.008905320 0.011437160 0.010172470 0.007008310 0.012634590 0.015338120 
30     0.001939940 0.010050480 0.008215260 0.012460680 0.013350540 0.013467180 0.009157120 0.002534190 0.004418570 0.010541650 0.009192860 0.014163870 0.014334900 0.013953300 0.014738480 0.015255660 0.015166470 0.013143540 0.008429010 0.008158400 0.012140160 0.011256070 0.013471030 0.012293830 0.004969430 0.005174160 0.011725830 0.011857280 0.003643780 0.012605760 0.012899240 0.008021410 0.011361980 0.003406610 0.003973200 0.000815120 0.001237070 0.002748310 0.002441330 0.004656460 0.002740030 0.000595870 0.000000000 0.006026570 0.009869070 0.007091090 0.012127590 0.008358240 0.005194080 0.013325020 0.016028550 
45     0.005525400 0.015067100 0.014478670 0.014782480 0.014163530 0.000808640 0.012644500 0.013978360 0.008793170 0.004661920 0.011267610 0.013710690 0.012720810 0.015017010 0.016149600 0.016099850 0.015961330 0.010767010 0.009543620 0.009524220 0.012424460 0.011582250 0.014576510 0.012408440 0.005388750 0.010607610 0.007172310 0.007166830 0.006880030 0.006688990 0.006676980 0.007323410 0.006943950 0.006846990 0.012508630 0.010455550 0.010286490 0.010574010 0.009912620 0.010653940 0.009483210 0.011140070 0.006026570 0.000000000 0.005005800 0.006143600 0.007956830 0.007128710 0.004602400 0.004278660 0.008356520 
48     0.004793810 0.014081380 0.015118020 0.016951060 0.016332110 0.015590480 0.014813080 0.012401980 0.010093180 0.015444100 0.016997810 0.015879270 0.014889390 0.015033950 0.018318180 0.018268430 0.018129910 0.014899890 0.016565130 0.016420880 0.006798790 0.015067150 0.017057020 0.014577020 0.006050080 0.009996550 0.013981850 0.013976370 0.011937650 0.009346960 0.013486520 0.001544890 0.013753490 0.006764990 0.007220270 0.007687920 0.013048620 0.013692390 0.012507290 0.013772320 0.010838670 0.011683300 0.009869070 0.005005800 0.000000000 0.000139660 0.000001250 0.000460860 0.001550000 0.004031390 0.006682630 
47     0.003578200 0.016135350 0.015546920 0.015850730 0.015231780 0.012812500 0.013712750 0.009624000 0.007315200 0.014343770 0.014334860 0.014778940 0.013789060 0.012255970 0.017217850 0.017168100 0.017029580 0.012306390 0.015464800 0.015320550 0.005890810 0.014158560 0.015956690 0.013476690 0.003272100 0.008839740 0.012881520 0.012876040 0.004190640 0.009286360 0.012386190 0.001484290 0.012653160 0.005856400 0.004442290 0.004909940 0.010270640 0.012592060 0.009729310 0.012671990 0.008060690 0.008905320 0.007091090 0.006143600 0.000139660 0.000000000 0.000105700 0.000300680 0.001655740 0.001964160 0.006788370 
44     0.003393420 0.016321480 0.015733050 0.016036860 0.015417910 0.015563310 0.013898880 0.016492700 0.013733590 0.014529900 0.016083610 0.014965070 0.013975190 0.017141790 0.017403980 0.017354230 0.017215710 0.014159550 0.015650930 0.015506680 0.010310510 0.014550040 0.016142820 0.013662820 0.010140800 0.008999240 0.013067650 0.013062170 0.004238640 0.010515330 0.012572320 0.002713260 0.012839290 0.006299790 0.011310990 0.011778640 0.012490670 0.012778190 0.012116800 0.012858120 0.011687390 0.011437160 0.012127590 0.007956830 0.000001250 0.000105700 0.000000000 0.000537310 0.002855560 0.003197520 0.013783260 
46     0.010900450 0.017685510 0.016924360 0.017400890 0.016781940 0.014079650 0.015262910 0.010891150 0.008582350 0.015893930 0.015602010 0.016329100 0.015339220 0.013523120 0.018768010 0.018718260 0.018579740 0.013573540 0.017014960 0.016870710 0.013056670 0.015914070 0.017506850 0.015026850 0.004539250 0.011433530 0.014431680 0.014426200 0.006119780 0.013948360 0.013936350 0.014582780 0.014203320 0.007724160 0.005709440 0.006177090 0.011537790 0.014142220 0.010996460 0.014222150 0.009327840 0.010172470 0.008358240 0.007128710 0.000460860 0.000300680 0.000537310 0.000000000 0.002458810 0.002800770 0.016217550 
50     0.003676370 0.008331920 0.009368560 0.005291580 0.010877790 0.010915490 0.009358760 0.007726990 0.005418190 0.005335260 0.011543490 0.010424950 0.009435070 0.008170680 0.012863860 0.012814110 0.010056360 0.009619430 0.011110810 0.010966560 0.011296510 0.010009920 0.011602700 0.009122700 0.000922040 0.012452570 0.008527530 0.008522050 0.008235250 0.008044210 0.008032200 0.008678630 0.008299170 0.008202210 0.002545280 0.003012930 0.007950550 0.008238070 0.007576680 0.008318000 0.006163680 0.007008310 0.005194080 0.004602400 0.001550000 0.001655740 0.002855560 0.002458810 0.000000000 0.000497750 0.007846730 
49     0.000875870 0.011311180 0.011407030 0.002491080 0.011249220 0.014954470 0.013290040 0.005093840 0.012935590 0.002534760 0.012047290 0.008255800 0.008231620 0.006448700 0.016795140 0.010992590 0.007255860 0.013550710 0.006002030 0.005730110 0.015227790 0.013941200 0.015533980 0.006565680 0.003101220 0.010196670 0.012458810 0.012453330 0.012166530 0.011975490 0.011963480 0.012609910 0.012230450 0.009086570 0.013169910 0.009883120 0.011881830 0.012169350 0.011507960 0.012249280 0.011078550 0.012634590 0.013325020 0.004278660 0.004031390 0.001964160 0.003197520 0.002800770 0.000497750 0.000000000 0.010328120 
0     0.015429470 0.010037750 0.010103130 0.010175860 0.010100740 0.010565060 0.011335470 0.009545360 0.009360750 0.009001310 0.011189480 0.010706330 0.010689740 0.010262260 0.010815960 0.011614980 0.010662980 0.009607600 0.010635260 0.010353810 0.010793700 0.006296610 0.011950040 0.009267080 0.018567910 0.011526660 0.018854620 0.017218020 0.015325390 0.021447210 0.016995870 0.016015850 0.020524740 0.018609440 0.019117100 0.014983490 0.005549650 0.005475260 0.016243850 0.018458770 0.016291290 0.015338120 0.016028550 0.008356520 0.006682630 0.006788370 0.013783260 0.016217550 0.007846730 0.010328120 0.000000000 
