51
43     0.000000000 0.080048730 0.079900917 0.080556060 0.078738132 0.082168147 0.087075952 0.074276553 0.071641297 0.073524294 0.081589066 0.080292801 0.079572709 0.084082812 0.084164733 0.086238935 0.081261863 0.075673856 0.078504587 0.077892811 0.081608814 0.083991999 0.085080494 0.072472637 0.085847926 0.087947958 0.105672941 0.104026637 0.104543666 0.103863425 0.103857405 0.106929329 0.110813507 0.104096723 0.101239539 0.095704528 0.087814956 0.087688117 0.089372266 0.088553740 0.081490180 0.092647490 0.090798895 0.104435794 0.108501599 0.108779794 0.109020782 0.109393196 0.097820902 0.093689109 0.179982266 
11     0.080048730 0.000000000 0.014740654 0.015642724 0.024756750 0.066007128 0.071283528 0.057986244 0.055108399 0.057028199 0.065132192 0.063919167 0.063266328 0.067819866 0.067854074 0.069749784 0.064833192 0.059346592 0.061498597 0.060804556 0.064381187 0.066767932 0.067742911 0.055557197 0.088980269 0.110522190 0.128306696 0.126660392 0.127170944 0.126478223 0.126468844 0.129490978 0.133491076 0.126653104 0.123669642 0.117997369 0.110197496 0.110090344 0.111807616 0.110989091 0.103933474 0.115096583 0.113234819 0.126314913 0.130857073 0.131143271 0.131384258 0.131666183 0.120113834 0.115885640 0.200957228 
21     0.079900917 0.014740654 0.000000000 0.015710846 0.024537422 0.065860206 0.071136607 0.057839323 0.055021891 0.056938230 0.064985845 0.063782938 0.063119980 0.067672944 0.067707153 0.069602862 0.064686271 0.059197812 0.061455119 0.060761078 0.064347173 0.066729285 0.067681313 0.055470625 0.088832455 0.110374377 0.128158883 0.126512579 0.127023131 0.126330410 0.126321031 0.129355340 0.133343263 0.126505291 0.123521829 0.117851027 0.110049683 0.109942531 0.111659803 0.110841278 0.103785661 0.114948769 0.113087006 0.126165446 0.130709260 0.130995458 0.131236445 0.131518370 0.119966021 0.115737827 0.200809415 
33     0.080556060 0.015642724 0.015710846 0.000000000 0.024939209 0.066504305 0.071690300 0.058389727 0.055673782 0.057577712 0.065622694 0.064419787 0.063756829 0.068236769 0.068270977 0.070169320 0.065252728 0.059752730 0.062110049 0.061416008 0.064998126 0.067380239 0.068332266 0.056140838 0.089481806 0.111020983 0.128805490 0.127159186 0.127669738 0.126977017 0.126967638 0.129989772 0.133989870 0.127151897 0.124168436 0.118497634 0.110688770 0.110581618 0.112296413 0.111480221 0.104426173 0.115590750 0.113728986 0.126821075 0.131364889 0.131651087 0.131892075 0.132173999 0.120621650 0.116393456 0.201465045 
42     0.078738132 0.024756750 0.024537422 0.024939209 0.000000000 0.064605850 0.069808635 0.056484371 0.053845776 0.055730001 0.063779742 0.062573528 0.061910571 0.066412087 0.066452283 0.068357506 0.063450295 0.057906838 0.060311957 0.059613298 0.063196120 0.065578233 0.066530747 0.054324228 0.087656108 0.109219696 0.127041653 0.125395349 0.125905901 0.125213180 0.125203801 0.128225935 0.132221946 0.125388060 0.122407471 0.116751919 0.108924048 0.108816896 0.110534168 0.109715643 0.102660025 0.113823134 0.111961371 0.125001724 0.129543884 0.129830082 0.130071069 0.130352994 0.118800645 0.114572451 0.199644039 
25     0.082168147 0.066007128 0.065860206 0.066504305 0.064605850 0.000000000 0.051621759 0.037862113 0.047876914 0.049785876 0.063360133 0.062220664 0.061585613 0.065731200 0.065762439 0.067774205 0.062704138 0.057036255 0.064500490 0.063789591 0.067243846 0.069544939 0.071023496 0.058347551 0.091562101 0.112643638 0.130469531 0.128823227 0.129333779 0.128574259 0.128632822 0.131720869 0.135660764 0.128841507 0.125451680 0.119819827 0.112341246 0.112234094 0.113876442 0.113057916 0.106032127 0.117163344 0.115288425 0.128110258 0.132874346 0.133160543 0.133401531 0.133683456 0.122037783 0.117900067 0.203060995 
38     0.087075952 0.071283528 0.071136607 0.071690300 0.069808635 0.051621759 0.000000000 0.041301729 0.052269851 0.054163975 0.068129135 0.067185157 0.066562199 0.070835927 0.070888038 0.072940746 0.067848363 0.062313927 0.069150018 0.068439118 0.071907298 0.074260564 0.075695458 0.062812799 0.096504313 0.117596775 0.135434623 0.133788319 0.134298870 0.133572844 0.133586769 0.136692211 0.140592777 0.133785831 0.130795688 0.125159278 0.117198237 0.117103243 0.118738951 0.117920426 0.110893800 0.121993457 0.120120159 0.133289522 0.137929536 0.138215734 0.138456721 0.138738646 0.127151357 0.122953320 0.208021333 
8     0.074276553 0.057986244 0.057839323 0.058389727 0.056484371 0.037862113 0.041301729 0.000000000 0.039289946 0.041362046 0.055128490 0.054160446 0.053496922 0.057814764 0.057805469 0.059864002 0.054786245 0.049255565 0.056092240 0.055383506 0.058800328 0.061152933 0.062626457 0.049733194 0.083279473 0.104741883 0.122565218 0.120918914 0.121429466 0.120703691 0.120760553 0.123814855 0.127788495 0.120969238 0.117899777 0.112263367 0.104355060 0.104247908 0.105867066 0.105063025 0.098045941 0.109016865 0.107167671 0.120344716 0.124991646 0.125277844 0.125518832 0.125800757 0.114202993 0.110006630 0.195106390 
37     0.071641297 0.055108399 0.055021891 0.055673782 0.053845776 0.047876914 0.052269851 0.039289946 0.000000000 0.032626539 0.052236088 0.051292133 0.050633251 0.055084759 0.055239285 0.057216292 0.052167948 0.046514326 0.053894004 0.053185270 0.056750618 0.059082273 0.060317346 0.047536640 0.080872411 0.102222002 0.119743076 0.118135664 0.118646216 0.117967014 0.118028720 0.121024804 0.125008952 0.118194614 0.115304992 0.109614771 0.101872591 0.101765439 0.103415972 0.102597446 0.095563472 0.106665049 0.104752633 0.117640415 0.122314599 0.122600797 0.122841785 0.123123709 0.111564786 0.107332895 0.192589580 
34     0.073524294 0.057028199 0.056938230 0.057577712 0.055730001 0.049785876 0.054163975 0.041362046 0.032626539 0.000000000 0.054038184 0.053105781 0.052404790 0.056858577 0.056954491 0.058779580 0.053686316 0.048351897 0.055682797 0.054908955 0.058332112 0.060665399 0.061967970 0.049236879 0.082692973 0.104084112 0.121845717 0.120199413 0.120705688 0.120019814 0.120023492 0.123085949 0.127032845 0.120213896 0.117250871 0.111613216 0.103873383 0.103768546 0.105419080 0.104600554 0.097566579 0.108650700 0.106758234 0.119483186 0.124156975 0.124443173 0.124684161 0.124966085 0.113407162 0.109174382 0.194449936 
31     0.081589066 0.065132192 0.064985845 0.065622694 0.063779742 0.063360133 0.068129135 0.055128490 0.052236088 0.054038184 0.000000000 0.033350159 0.032908993 0.059979756 0.060349642 0.062072639 0.057129233 0.051101492 0.063183866 0.062402278 0.066061353 0.068432919 0.069612883 0.057605146 0.091020261 0.111616558 0.129711396 0.128065092 0.128575644 0.127860946 0.127874871 0.130922323 0.134883824 0.128115019 0.125033635 0.119438776 0.111551048 0.111443896 0.113168264 0.112349739 0.105314892 0.116401135 0.114527837 0.127679578 0.132349190 0.132635387 0.132876375 0.133158300 0.121589363 0.117371392 0.202489218 
39     0.080292801 0.063919167 0.063782938 0.064419787 0.062573528 0.062220664 0.067185157 0.054160446 0.051292133 0.053105781 0.033350159 0.000000000 0.014038563 0.058604208 0.058995754 0.060711609 0.055695404 0.049842986 0.062039085 0.061258837 0.064929254 0.067300820 0.068477770 0.056464115 0.089759855 0.110235450 0.128433853 0.126787549 0.127298100 0.126586765 0.126600690 0.129639861 0.133644257 0.126849571 0.123776904 0.118169212 0.110260680 0.110153528 0.111909208 0.111090683 0.104055836 0.115141816 0.113268518 0.126336440 0.130993953 0.131280150 0.131521138 0.131803063 0.120210551 0.116008315 0.201189473 
1     0.079572709 0.063266328 0.063119980 0.063756829 0.061910571 0.061585613 0.066562199 0.053496922 0.050633251 0.052404790 0.032908993 0.014038563 0.000000000 0.058009981 0.058401528 0.060117383 0.055034056 0.049410909 0.061506964 0.060726716 0.064397133 0.066768699 0.067945649 0.055899707 0.089024193 0.109481565 0.127692238 0.126045934 0.126556485 0.125845150 0.125859075 0.128898246 0.132900363 0.126095861 0.122954563 0.117356176 0.109518873 0.109411721 0.111160846 0.110342320 0.103307473 0.114393453 0.112520155 0.125680369 0.130318194 0.130604392 0.130845380 0.131127304 0.119534792 0.115332556 0.200550175 
20     0.084082812 0.067819866 0.067672944 0.068236769 0.066412087 0.065731200 0.070835927 0.057814764 0.055084759 0.056858577 0.059979756 0.058604208 0.058009981 0.000000000 0.026135289 0.028765832 0.024710869 0.050223885 0.066016783 0.065241270 0.068917659 0.071269784 0.072658331 0.060454939 0.093653699 0.114661951 0.132479538 0.130833234 0.131343786 0.130595404 0.130596644 0.133747338 0.137659870 0.130903675 0.127992897 0.122293312 0.114323322 0.114232979 0.115899055 0.115080529 0.108065351 0.119194722 0.117304170 0.130287989 0.134925544 0.135211741 0.135452729 0.135734654 0.124178132 0.119940249 0.205151122 
35     0.084164733 0.067854074 0.067707153 0.068270977 0.066452283 0.065762439 0.070888038 0.057805469 0.055239285 0.056954491 0.060349642 0.058995754 0.058401528 0.026135289 0.000000000 0.022534200 0.025123483 0.050436198 0.065832844 0.065058365 0.069018628 0.071365588 0.072787766 0.060552862 0.093611495 0.114801937 0.132719176 0.131072872 0.131583424 0.130835042 0.130836283 0.133977132 0.137980907 0.131176405 0.128132204 0.122436922 0.114537579 0.114459513 0.116156262 0.115337736 0.108303147 0.119369669 0.117479117 0.130431260 0.135068815 0.135355013 0.135596001 0.135877926 0.124322730 0.120092244 0.205281819 
7     0.086238935 0.069749784 0.069602862 0.070169320 0.068357506 0.067774205 0.072940746 0.059864002 0.057216292 0.058779580 0.062072639 0.060711609 0.060117383 0.028765832 0.022534200 0.000000000 0.026601347 0.052443004 0.068103343 0.067327058 0.071012073 0.073364964 0.074749252 0.062553466 0.095740149 0.116831296 0.134785962 0.133139658 0.133650209 0.132900265 0.132905577 0.136053762 0.139968452 0.133182446 0.130165916 0.124462544 0.116604956 0.116524676 0.118221425 0.117402900 0.110368310 0.121457766 0.119567214 0.132477234 0.137114789 0.137400986 0.137641974 0.137923899 0.126368704 0.122138218 0.207336893 
19     0.081261863 0.064833192 0.064686271 0.065252728 0.063450295 0.062704138 0.067848363 0.054786245 0.052167948 0.053686316 0.057129233 0.055695404 0.055034056 0.024710869 0.025123483 0.026601347 0.000000000 0.047115784 0.063079787 0.062299946 0.066006821 0.068358518 0.069743818 0.057492496 0.090756472 0.111902502 0.129887407 0.128241103 0.128751654 0.127997512 0.128002823 0.131155207 0.135095102 0.128290599 0.125236694 0.119536801 0.111664426 0.111585905 0.113282654 0.112464128 0.105429538 0.116518995 0.114628442 0.127517861 0.132155416 0.132441614 0.132682602 0.132964527 0.121409331 0.117178845 0.202368300 
22     0.075673856 0.059346592 0.059197812 0.059752730 0.057906838 0.057036255 0.062313927 0.049255565 0.046514326 0.048351897 0.051101492 0.049842986 0.049410909 0.050223885 0.050436198 0.052443004 0.047115784 0.000000000 0.057386521 0.056674634 0.060312287 0.062607906 0.063923251 0.052056496 0.085271758 0.106034150 0.123929008 0.122294284 0.122793256 0.122084990 0.122091183 0.125208388 0.129141105 0.122336603 0.119368091 0.113724250 0.105806295 0.105702132 0.107409228 0.106587952 0.099548515 0.110622749 0.108732196 0.121768487 0.126285013 0.126590084 0.126831072 0.127114855 0.115467255 0.111368177 0.195965336 
26     0.078504587 0.061498597 0.061455119 0.062110049 0.060311957 0.064500490 0.069150018 0.056092240 0.053894004 0.055682797 0.063183866 0.062039085 0.061506964 0.066016783 0.065832844 0.068103343 0.063079787 0.057386521 0.000000000 0.010930281 0.031297871 0.033685077 0.035761422 0.038032929 0.087987725 0.109070994 0.127093039 0.125446735 0.125957287 0.125294526 0.125213353 0.128319157 0.132294138 0.125425260 0.122295551 0.116669523 0.108953168 0.108835646 0.110515694 0.109697168 0.102665656 0.113829054 0.111955756 0.124676676 0.129295348 0.129581546 0.129822534 0.130104459 0.118525178 0.114291511 0.199263947 
24     0.077892811 0.060804556 0.060761078 0.061416008 0.059613298 0.063789591 0.068439118 0.055383506 0.053185270 0.054908955 0.062402278 0.061258837 0.060726716 0.065241270 0.065058365 0.067327058 0.062299946 0.056674634 0.010930281 0.000000000 0.030613795 0.032899264 0.035033571 0.037306902 0.087384837 0.108439670 0.126461715 0.124815411 0.125325962 0.124663202 0.124582029 0.127687833 0.131662814 0.124793936 0.121664227 0.116038199 0.108321843 0.108204321 0.109884369 0.109065844 0.102034332 0.113197730 0.111324432 0.124040793 0.128659465 0.128945662 0.129186650 0.129468575 0.117889294 0.113655627 0.198619154 
36     0.081608814 0.064381187 0.064347173 0.064998126 0.063196120 0.067243846 0.071907298 0.058800328 0.056750618 0.058332112 0.066061353 0.064929254 0.064397133 0.068917659 0.069018628 0.071012073 0.066006821 0.060312287 0.031297871 0.030613795 0.000000000 0.019406115 0.038273033 0.040768185 0.090973788 0.112264379 0.130252737 0.128606433 0.129116985 0.128454225 0.128373053 0.131478855 0.135458386 0.128595894 0.125619493 0.119993465 0.112149772 0.112032250 0.113712298 0.112893772 0.105862260 0.117059482 0.115186184 0.127641222 0.132371864 0.132658062 0.132902782 0.133184707 0.121657081 0.117428586 0.202349316 
17     0.083991999 0.066767932 0.066729285 0.067380239 0.065578233 0.069544939 0.074260564 0.061152933 0.059082273 0.060665399 0.068432919 0.067300820 0.066768699 0.071269784 0.071365588 0.073364964 0.068358518 0.062607906 0.033685077 0.032899264 0.019406115 0.000000000 0.040784133 0.043187677 0.093384508 0.114644214 0.132584801 0.130938497 0.131449049 0.130786289 0.130705117 0.133821845 0.137770541 0.130921649 0.127999006 0.122372978 0.114529284 0.114411762 0.116092391 0.115273865 0.108241772 0.119438995 0.117565697 0.130066381 0.134776636 0.135062834 0.135303822 0.135585747 0.124102059 0.119873564 0.204752342 
4     0.085080494 0.067742911 0.067681313 0.068332266 0.066530747 0.071023496 0.075695458 0.062626457 0.060317346 0.061967970 0.069612883 0.068477770 0.067945649 0.072658331 0.072787766 0.074749252 0.069743818 0.063923251 0.035761422 0.035033571 0.038273033 0.040784133 0.000000000 0.044215816 0.094330336 0.115816085 0.133772708 0.132126404 0.132636956 0.131974361 0.131893187 0.134998826 0.138978357 0.132115865 0.129136596 0.123510567 0.115588178 0.115470656 0.117161379 0.116342853 0.109296598 0.120508433 0.118635135 0.131332019 0.135985097 0.136271295 0.136512283 0.136794208 0.125246437 0.121017942 0.205852210 
41     0.072472637 0.055557197 0.055470625 0.056140838 0.054324228 0.058347551 0.062812799 0.049733194 0.047536640 0.049236879 0.057605146 0.056464115 0.055899707 0.060454939 0.060552862 0.062553466 0.057492496 0.052056496 0.038032929 0.037306902 0.040768185 0.043187677 0.044215816 0.000000000 0.082021286 0.102951199 0.120837067 0.119190762 0.119701314 0.119037264 0.118980022 0.121572617 0.126029622 0.119184480 0.116223763 0.110597735 0.102741933 0.102624411 0.104300385 0.103481859 0.096454421 0.107568229 0.105694931 0.118542507 0.123224029 0.123510226 0.123751214 0.124033139 0.112485368 0.108256873 0.193528979 
12     0.085847926 0.088980269 0.088832455 0.089481806 0.087656108 0.091562101 0.096504313 0.083279473 0.080872411 0.082692973 0.091020261 0.089759855 0.089024193 0.093653699 0.093611495 0.095740149 0.090756472 0.085271758 0.087987725 0.087384837 0.090973788 0.093384508 0.094330336 0.082021286 0.000000000 0.117050262 0.134844488 0.133198184 0.133667555 0.133014255 0.133027268 0.136096238 0.140017654 0.133178295 0.130183244 0.124579688 0.116785373 0.116659901 0.118374244 0.117555718 0.110465594 0.121448497 0.119604477 0.132006770 0.136699005 0.136985203 0.137226191 0.137508116 0.125916815 0.121418947 0.206929714 
28     0.087947958 0.110522190 0.110374377 0.111020983 0.109219696 0.112643638 0.117596775 0.104741883 0.102222002 0.104084112 0.111616558 0.110235450 0.109481565 0.114661951 0.114801937 0.116831296 0.111902502 0.106034150 0.109070994 0.108439670 0.112264379 0.114644214 0.115816085 0.102951199 0.117050262 0.000000000 0.092849623 0.091232341 0.091674919 0.091063899 0.091135230 0.093951151 0.097879891 0.091338317 0.088071058 0.082602010 0.081181347 0.081030144 0.082609663 0.081793630 0.074716212 0.086408518 0.084548775 0.123439152 0.127511469 0.127841216 0.128082203 0.128410304 0.116820324 0.112684392 0.198837261 
5     0.105672941 0.128306696 0.128158883 0.128805490 0.127041653 0.130469531 0.135434623 0.122565218 0.119743076 0.121845717 0.129711396 0.128433853 0.127692238 0.132479538 0.132719176 0.134785962 0.129887407 0.123929008 0.127093039 0.126461715 0.130252737 0.132584801 0.133772708 0.120837067 0.134844488 0.092849623 0.000000000 0.011586321 0.018406724 0.030780849 0.030829465 0.033717431 0.045016685 0.039214211 0.096117527 0.090539500 0.098805965 0.098647232 0.100299687 0.099484768 0.092274443 0.103597715 0.101801526 0.141326364 0.145323216 0.145656928 0.145897916 0.146408989 0.134899961 0.130758112 0.215157873 
40     0.104026637 0.126660392 0.126512579 0.127159186 0.125395349 0.128823227 0.133788319 0.120918914 0.118135664 0.120199413 0.128065092 0.126787549 0.126045934 0.130833234 0.131072872 0.133139658 0.128241103 0.122294284 0.125446735 0.124815411 0.128606433 0.130938497 0.132126404 0.119190762 0.133198184 0.091232341 0.011586321 0.000000000 0.016639871 0.029371877 0.029322750 0.031916939 0.043256501 0.037497815 0.094444941 0.088866914 0.097165254 0.097006521 0.098658977 0.097844057 0.090633733 0.101957004 0.100160816 0.139680060 0.143676912 0.144010624 0.144251612 0.144762685 0.133253657 0.129111808 0.213511569 
10     0.104543666 0.127170944 0.127023131 0.127669738 0.125905901 0.129333779 0.134298870 0.121429466 0.118646216 0.120705688 0.128575644 0.127298100 0.126556485 0.131343786 0.131583424 0.133650209 0.128751654 0.122793256 0.125957287 0.125325962 0.129116985 0.131449049 0.132636956 0.119701314 0.133667555 0.091674919 0.018406724 0.016639871 0.000000000 0.029092617 0.029140967 0.032657466 0.044048383 0.037967705 0.094985554 0.089404281 0.097513060 0.097354327 0.099002011 0.098187092 0.090925802 0.102396060 0.100592059 0.140090578 0.144063770 0.144391378 0.144632366 0.145144121 0.133651913 0.129510063 0.214411197 
27     0.103863425 0.126478223 0.126330410 0.126977017 0.125213180 0.128574259 0.133572844 0.120703691 0.117967014 0.120019814 0.127860946 0.126586765 0.125845150 0.130595404 0.130835042 0.132900265 0.127997512 0.122084990 0.125294526 0.124663202 0.128454225 0.130786289 0.131974361 0.119037264 0.133014255 0.091063899 0.030780849 0.029371877 0.029092617 0.000000000 0.013527104 0.031677937 0.042958826 0.037202937 0.094104483 0.088518426 0.096876495 0.096717762 0.098370217 0.097555298 0.090292286 0.101837640 0.100043373 0.139450914 0.143354911 0.143688623 0.143921285 0.144461162 0.132971455 0.128829605 0.213983173 
23     0.103857405 0.126468844 0.126321031 0.126967638 0.125203801 0.128632822 0.133586769 0.120760553 0.118028720 0.120023492 0.127874871 0.126600690 0.125859075 0.130596644 0.130836283 0.132905577 0.128002823 0.122091183 0.125213353 0.124582029 0.128373053 0.130705117 0.131893187 0.118980022 0.133027268 0.091135230 0.030829465 0.029322750 0.029140967 0.013527104 0.000000000 0.031364184 0.043200864 0.037556420 0.094124401 0.088538344 0.096924396 0.096765663 0.098418118 0.097603199 0.090340187 0.101900717 0.100106450 0.139461559 0.143394361 0.143728074 0.143960735 0.144471808 0.132982100 0.128840251 0.213995691 
32     0.106929329 0.129490978 0.129355340 0.129989772 0.128225935 0.131720869 0.136692211 0.123814855 0.121024804 0.123085949 0.130922323 0.129639861 0.128898246 0.133747338 0.133977132 0.136053762 0.131155207 0.125208388 0.128319157 0.127687833 0.131478855 0.133821845 0.134998826 0.121572617 0.136096238 0.093951151 0.033717431 0.031916939 0.032657466 0.031677937 0.031364184 0.000000000 0.045737151 0.040019985 0.097169920 0.091570815 0.099879345 0.099720612 0.101373067 0.100558148 0.093143287 0.104892219 0.103097952 0.142531199 0.146494127 0.146827840 0.147068828 0.147624749 0.136104796 0.131962947 0.216661101 
6     0.110813507 0.133491076 0.133343263 0.133989870 0.132221946 0.135660764 0.140592777 0.127788495 0.125008952 0.127032845 0.134883824 0.133644257 0.132900363 0.137659870 0.137980907 0.139968452 0.135095102 0.129141105 0.132294138 0.131662814 0.135458386 0.137770541 0.138978357 0.126029622 0.140017654 0.097879891 0.045016685 0.043256501 0.044048383 0.042958826 0.043200864 0.045737151 0.000000000 0.032093979 0.101077502 0.095505700 0.103717357 0.103558625 0.105235595 0.104420676 0.097111194 0.108702464 0.106908197 0.146424251 0.150404905 0.150738618 0.150979606 0.151500567 0.139997849 0.135855999 0.220920541 
18     0.104096723 0.126653104 0.126505291 0.127151897 0.125388060 0.128841507 0.133785831 0.120969238 0.118194614 0.120213896 0.128115019 0.126849571 0.126095861 0.130903675 0.131176405 0.133182446 0.128290599 0.122336603 0.125425260 0.124793936 0.128595894 0.130921649 0.132115865 0.119184480 0.133178295 0.091338317 0.039214211 0.037497815 0.037967705 0.037202937 0.037556420 0.040019985 0.032093979 0.000000000 0.094696938 0.089125136 0.097089033 0.096930301 0.098583890 0.097768971 0.090507990 0.102138616 0.100300920 0.139765225 0.143729964 0.144063676 0.144304664 0.144825626 0.133316982 0.129168616 0.213737903 
13     0.101239539 0.123669642 0.123521829 0.124168436 0.122407471 0.125451680 0.130795688 0.117899777 0.115304992 0.117250871 0.125033635 0.123776904 0.122954563 0.127992897 0.128132204 0.130165916 0.125236694 0.119368091 0.122295551 0.121664227 0.125619493 0.127999006 0.129136596 0.116223763 0.130183244 0.088071058 0.096117527 0.094444941 0.094985554 0.094104483 0.094124401 0.097169920 0.101077502 0.094696938 0.000000000 0.022658936 0.094182093 0.094030890 0.095603970 0.094786558 0.087681266 0.098793911 0.096908363 0.136137774 0.140185607 0.140562668 0.140803656 0.141212976 0.129608172 0.125505481 0.211757567 
2     0.095704528 0.117997369 0.117851027 0.118497634 0.116751919 0.119819827 0.125159278 0.112263367 0.109614771 0.111613216 0.119438776 0.118169212 0.117356176 0.122293312 0.122436922 0.124462544 0.119536801 0.113724250 0.116669523 0.116038199 0.119993465 0.122372978 0.123510567 0.110597735 0.124579688 0.082602010 0.090539500 0.088866914 0.089404281 0.088518426 0.088538344 0.091570815 0.095505700 0.089125136 0.022658936 0.000000000 0.088821114 0.088669911 0.090209138 0.089391726 0.082318063 0.093504983 0.091604572 0.130645588 0.134760243 0.135137304 0.135378292 0.135787612 0.124229858 0.120088008 0.206263328 
15     0.087814956 0.110197496 0.110049683 0.110688770 0.108924048 0.112341246 0.117198237 0.104355060 0.101872591 0.103873383 0.111551048 0.110260680 0.109518873 0.114323322 0.114537579 0.116604956 0.111664426 0.105806295 0.108953168 0.108321843 0.112149772 0.114529284 0.115588178 0.102741933 0.116785373 0.081181347 0.098805965 0.097165254 0.097513060 0.096876495 0.096924396 0.099879345 0.103717357 0.097089033 0.094182093 0.088821114 0.000000000 0.015940116 0.033081415 0.032288405 0.024758622 0.062391449 0.060657593 0.123280951 0.127346619 0.127629363 0.127870351 0.128182827 0.116579605 0.112437755 0.197781500 
9     0.087688117 0.110090344 0.109942531 0.110581618 0.108816896 0.112234094 0.117103243 0.104247908 0.101765439 0.103768546 0.111443896 0.110153528 0.109411721 0.114232979 0.114459513 0.116524676 0.111585905 0.105702132 0.108835646 0.108204321 0.112032250 0.114411762 0.115470656 0.102624411 0.116659901 0.081030144 0.098647232 0.097006521 0.097354327 0.096717762 0.096765663 0.099720612 0.103558625 0.096930301 0.094030890 0.088669911 0.015940116 0.000000000 0.032845399 0.032062492 0.024754807 0.062249047 0.060515191 0.123147613 0.127213281 0.127496025 0.127737013 0.128049489 0.116446267 0.112304418 0.197648162 
29     0.089372266 0.111807616 0.111659803 0.112296413 0.110534168 0.113876442 0.118738951 0.105867066 0.103415972 0.105419080 0.113168264 0.111909208 0.111160846 0.115899055 0.116156262 0.118221425 0.113282654 0.107409228 0.110515694 0.109884369 0.113712298 0.116092391 0.117161379 0.104300385 0.118374244 0.082609663 0.100299687 0.098658977 0.099002011 0.098370217 0.098418118 0.101373067 0.105235595 0.098583890 0.095603970 0.090209138 0.033081415 0.032845399 0.000000000 0.019253302 0.026038514 0.063821903 0.062088047 0.124907881 0.128973549 0.129256293 0.129497281 0.129809757 0.118206535 0.114064686 0.200184299 
3     0.088553740 0.110989091 0.110841278 0.111480221 0.109715643 0.113057916 0.117920426 0.105063025 0.102597446 0.104600554 0.112349739 0.111090683 0.110342320 0.115080529 0.115337736 0.117402900 0.112464128 0.106587952 0.109697168 0.109065844 0.112893772 0.115273865 0.116342853 0.103481859 0.117555718 0.081793630 0.099484768 0.097844057 0.098187092 0.097555298 0.097603199 0.100558148 0.104420676 0.097768971 0.094786558 0.089391726 0.032288405 0.032062492 0.019253302 0.000000000 0.025025479 0.063050110 0.061316254 0.124089355 0.128155024 0.128437767 0.128678755 0.128991232 0.117388010 0.113246160 0.199365773 
16     0.081490180 0.103933474 0.103785661 0.104426173 0.102660025 0.106032127 0.110893800 0.098045941 0.095563472 0.097566579 0.105314892 0.104055836 0.103307473 0.108065351 0.108303147 0.110368310 0.105429538 0.099548515 0.102665656 0.102034332 0.105862260 0.108241772 0.109296598 0.096454421 0.110465594 0.074716212 0.092274443 0.090633733 0.090925802 0.090292286 0.090340187 0.093143287 0.097111194 0.090507990 0.087681266 0.082318063 0.024758622 0.024754807 0.026038514 0.025025479 0.000000000 0.055952023 0.054218167 0.116963768 0.121029436 0.121312180 0.121553168 0.121865644 0.110262422 0.106120572 0.192043070 
14     0.092647490 0.115096583 0.114948769 0.115590750 0.113823134 0.117163344 0.121993457 0.109016865 0.106665049 0.108650700 0.116401135 0.115141816 0.114393453 0.119194722 0.119369669 0.121457766 0.116518995 0.110622749 0.113829054 0.113197730 0.117059482 0.119438995 0.120508433 0.107568229 0.121448497 0.086408518 0.103597715 0.101957004 0.102396060 0.101837640 0.101900717 0.104892219 0.108702464 0.102138616 0.098793911 0.093504983 0.062391449 0.062249047 0.063821903 0.063050110 0.055952023 0.000000000 0.019454434 0.128138038 0.132186301 0.132469045 0.132710033 0.133022509 0.121445342 0.117315958 0.203158171 
30     0.090798895 0.113234819 0.113087006 0.113728986 0.111961371 0.115288425 0.120120159 0.107167671 0.104752633 0.106758234 0.114527837 0.113268518 0.112520155 0.117304170 0.117479117 0.119567214 0.114628442 0.108732196 0.111955756 0.111324432 0.115186184 0.117565697 0.118635135 0.105694931 0.119604477 0.084548775 0.101801526 0.100160816 0.100592059 0.100043373 0.100106450 0.103097952 0.106908197 0.100300920 0.096908363 0.091604572 0.060657593 0.060515191 0.062088047 0.061316254 0.054218167 0.019454434 0.000000000 0.126278225 0.130331177 0.130613920 0.130854908 0.131167385 0.119590217 0.115460833 0.201303046 
45     0.104435794 0.126314913 0.126165446 0.126821075 0.125001724 0.128110258 0.133289522 0.120344716 0.117640415 0.119483186 0.127679578 0.126336440 0.125680369 0.130287989 0.130431260 0.132477234 0.127517861 0.121768487 0.124676676 0.124040793 0.127641222 0.130066381 0.131332019 0.118542507 0.132006770 0.123439152 0.141326364 0.139680060 0.140090578 0.139450914 0.139461559 0.142531199 0.146424251 0.139765225 0.136137774 0.130645588 0.123280951 0.123147613 0.124907881 0.124089355 0.116963768 0.128138038 0.126278225 0.000000000 0.106892895 0.107075118 0.107316748 0.107904413 0.096625116 0.092509974 0.205731633 
48     0.108501599 0.130857073 0.130709260 0.131364889 0.129543884 0.132874346 0.137929536 0.124991646 0.122314599 0.124156975 0.132349190 0.130993953 0.130318194 0.134925544 0.135068815 0.137114789 0.132155416 0.126285013 0.129295348 0.128659465 0.132371864 0.134776636 0.135985097 0.123224029 0.136699005 0.127511469 0.145323216 0.143676912 0.144063770 0.143354911 0.143394361 0.146494127 0.150404905 0.143729964 0.140185607 0.134760243 0.127346619 0.127213281 0.128973549 0.128155024 0.121029436 0.132186301 0.130331177 0.106892895 0.000000000 0.019511640 0.019219640 0.025344514 0.062117547 0.058787453 0.210766622 
47     0.108779794 0.131143271 0.130995458 0.131651087 0.129830082 0.133160543 0.138215734 0.125277844 0.122600797 0.124443173 0.132635387 0.131280150 0.130604392 0.135211741 0.135355013 0.137400986 0.132441614 0.126590084 0.129581546 0.128945662 0.132658062 0.135062834 0.136271295 0.123510226 0.136985203 0.127841216 0.145656928 0.144010624 0.144391378 0.143688623 0.143728074 0.146827840 0.150738618 0.144063676 0.140562668 0.135137304 0.127629363 0.127496025 0.129256293 0.128437767 0.121312180 0.132469045 0.130613920 0.107075118 0.019511640 0.000000000 0.014919699 0.025686523 0.062270740 0.058987755 0.211029258 
44     0.109020782 0.131384258 0.131236445 0.131892075 0.130071069 0.133401531 0.138456721 0.125518832 0.122841785 0.124684161 0.132876375 0.131521138 0.130845380 0.135452729 0.135596001 0.137641974 0.132682602 0.126831072 0.129822534 0.129186650 0.132902782 0.135303822 0.136512283 0.123751214 0.137226191 0.128082203 0.145897916 0.144251612 0.144632366 0.143921285 0.143960735 0.147068828 0.150979606 0.144304664 0.140803656 0.135378292 0.127870351 0.127737013 0.129497281 0.128678755 0.121553168 0.132710033 0.130854908 0.107316748 0.019219640 0.014919699 0.000000000 0.026189524 0.062444293 0.059183373 0.211270246 
46     0.109393196 0.131666183 0.131518370 0.132173999 0.130352994 0.133683456 0.138738646 0.125800757 0.123123709 0.124966085 0.133158300 0.131803063 0.131127304 0.135734654 0.135877926 0.137923899 0.132964527 0.127114855 0.130104459 0.129468575 0.133184707 0.135585747 0.136794208 0.124033139 0.137508116 0.128410304 0.146408989 0.144762685 0.145144121 0.144461162 0.144471808 0.147624749 0.151500567 0.144825626 0.141212976 0.135787612 0.128182827 0.128049489 0.129809757 0.128991232 0.121865644 0.133022509 0.131167385 0.107904413 0.025344514 0.025686523 0.026189524 0.000000000 0.062520754 0.059206965 0.211552171 
50     0.097820902 0.120113834 0.119966021 0.120621650 0.118800645 0.122037783 0.127151357 0.114202993 0.111564786 0.113407162 0.121589363 0.120210551 0.119534792 0.124178132 0.124322730 0.126368704 0.121409331 0.115467255 0.118525178 0.117889294 0.121657081 0.124102059 0.125246437 0.112485368 0.125916815 0.116820324 0.134899961 0.133253657 0.133651913 0.132971455 0.132982100 0.136104796 0.139997849 0.133316982 0.129608172 0.124229858 0.116579605 0.116446267 0.118206535 0.117388010 0.110262422 0.121445342 0.119590217 0.096625116 0.062117547 0.062270740 0.062444293 0.062520754 0.000000000 0.034504092 0.200081601 
49     0.093689109 0.115885640 0.115737827 0.116393456 0.114572451 0.117900067 0.122953320 0.110006630 0.107332895 0.109174382 0.117371392 0.116008315 0.115332556 0.119940249 0.120092244 0.122138218 0.117178845 0.111368177 0.114291511 0.113655627 0.117428586 0.119873564 0.121017942 0.108256873 0.121418947 0.112684392 0.130758112 0.129111808 0.129510063 0.128829605 0.128840251 0.131962947 0.135855999 0.129168616 0.125505481 0.120088008 0.112437755 0.112304418 0.114064686 0.113246160 0.106120572 0.117315958 0.115460833 0.092509974 0.058787453 0.058987755 0.059183373 0.059206965 0.034504092 0.000000000 0.195921022 
0     0.179982266 0.200957228 0.200809415 0.201465045 0.199644039 0.203060995 0.208021333 0.195106390 0.192589580 0.194449936 0.202489218 0.201189473 0.200550175 0.205151122 0.205281819 0.207336893 0.202368300 0.195965336 0.199263947 0.198619154 0.202349316 0.204752342 0.205852210 0.193528979 0.206929714 0.198837261 0.215157873 0.213511569 0.214411197 0.213983173 0.213995691 0.216661101 0.220920541 0.213737903 0.211757567 0.206263328 0.197781500 0.197648162 0.200184299 0.199365773 0.192043070 0.203158171 0.201303046 0.205731633 0.210766622 0.211029258 0.211270246 0.211552171 0.200081601 0.195921022 0.000000000 
