51
14     0.000000000 0.129671271 0.497269847 0.496090183 0.509658608 0.512199762 0.519191298 0.507787941 0.515211463 0.509270228 0.520569989 0.543618441 0.520530362 0.530641552 0.529696331 0.504816473 0.499681479 0.506555119 0.495728617 0.505388321 0.509155557 0.468172023 0.468293318 0.482524129 0.518205042 0.521702947 0.521575632 0.512160118 0.518866008 0.534052343 0.533838830 0.522192930 0.522846707 0.509466890 0.518806911 0.505574616 0.511554218 0.498816282 0.513820061 0.489211769 0.490153679 0.479154068 0.498664654 0.511833570 0.506793710 0.512868934 0.513755866 0.511693068 0.511881934 0.510708115 0.911428931 
4     0.129671271 0.000000000 0.496778099 0.495497590 0.508868300 0.511506292 0.518322002 0.506546012 0.514108429 0.507613223 0.518384658 0.542703028 0.517992456 0.529933207 0.528648817 0.508629902 0.504105141 0.509565320 0.499113473 0.511312085 0.511331352 0.467656399 0.467798455 0.480125968 0.525770470 0.525683341 0.525564876 0.516197954 0.523249978 0.536508423 0.536559638 0.524667173 0.524881887 0.511252526 0.521119171 0.507577998 0.514577072 0.500879639 0.516641366 0.491671725 0.492521868 0.481448365 0.500487020 0.512006087 0.506808218 0.513755816 0.514642748 0.511526170 0.511709521 0.512551453 0.912945509 
10     0.497269847 0.496778099 0.000000000 0.056510967 0.158417111 0.201335328 0.293629360 0.348187445 0.357063180 0.429293650 0.443719840 0.465366572 0.441992765 0.454461677 0.455024246 0.495936127 0.492212409 0.497720696 0.486736896 0.498677568 0.499243151 0.465602277 0.465546586 0.471595085 0.521015869 0.522350964 0.520646736 0.518035421 0.523319111 0.536672664 0.534065980 0.513683451 0.515831032 0.515821919 0.515421365 0.503359948 0.509598405 0.499839729 0.513544303 0.490486857 0.489429252 0.470552728 0.496553616 0.515394452 0.510268006 0.510372505 0.511293414 0.517063241 0.517246591 0.515257172 0.904227187 
23     0.496090183 0.495497590 0.056510967 0.000000000 0.154525471 0.198415437 0.290894459 0.345649075 0.354050895 0.427940467 0.442637006 0.464331049 0.440728514 0.453256861 0.453725321 0.495887723 0.492340363 0.497927591 0.486668804 0.498665852 0.498823422 0.465133282 0.465078479 0.471034307 0.520320937 0.521310834 0.519606606 0.516865301 0.522918968 0.536024585 0.533401086 0.513663225 0.515782535 0.516108319 0.515968924 0.503871846 0.509166643 0.499434868 0.513178464 0.490097330 0.489128584 0.470127797 0.497175736 0.515139432 0.510023886 0.509986931 0.510907840 0.516861328 0.517044679 0.515047430 0.903680581 
3     0.509658608 0.508868300 0.158417111 0.154525471 0.000000000 0.203420748 0.298043341 0.352598861 0.363385879 0.438493531 0.449337224 0.470895571 0.447921468 0.460077484 0.459582748 0.505868412 0.501233939 0.509316905 0.497424649 0.510117957 0.511815770 0.472698323 0.472659424 0.477603273 0.529537147 0.531908534 0.530218805 0.527488484 0.533795236 0.547595493 0.545056619 0.524112278 0.526677383 0.527399969 0.526029624 0.514721864 0.521113469 0.511454047 0.524535873 0.501594827 0.500014592 0.482793457 0.508247353 0.525483473 0.520292057 0.519087773 0.519715733 0.523726772 0.523711234 0.523791127 0.913884571 
11     0.512199762 0.511506292 0.201335328 0.198415437 0.203420748 0.000000000 0.297653578 0.357023747 0.367877821 0.439704606 0.455874496 0.478072582 0.454730172 0.468203974 0.466565186 0.505185030 0.501153945 0.506468076 0.495709379 0.509894291 0.511082135 0.475343305 0.475209375 0.479539854 0.529385323 0.529612479 0.528013875 0.524424125 0.530720543 0.545767051 0.544760524 0.528425666 0.530255796 0.527922779 0.526024153 0.515588891 0.522142098 0.513037794 0.525660578 0.502939368 0.502120097 0.481183365 0.508560163 0.526135004 0.521668833 0.515641859 0.516583887 0.520349848 0.520533199 0.524996673 0.914146525 
5     0.519191298 0.518322002 0.293629360 0.290894459 0.298043341 0.297653578 0.000000000 0.369364809 0.375649542 0.443575133 0.457580057 0.478690473 0.456689008 0.470332049 0.469577896 0.511816228 0.507929275 0.512551757 0.506443996 0.517874291 0.516076390 0.483237542 0.483199901 0.487393916 0.540349844 0.539627756 0.537236535 0.535001695 0.541287623 0.552153077 0.550440030 0.535480225 0.535845539 0.536471672 0.532540876 0.523353325 0.528389213 0.519152160 0.531380212 0.509138425 0.508747411 0.488696520 0.511496544 0.532024548 0.529195928 0.526960181 0.527877283 0.532552034 0.532735385 0.532794846 0.913583424 
6     0.507787941 0.506546012 0.348187445 0.345649075 0.352598861 0.357023747 0.369364809 0.000000000 0.302633688 0.437266160 0.450754541 0.472173887 0.448650589 0.460641690 0.460318237 0.504583997 0.500505952 0.509515002 0.500999036 0.509585328 0.511200888 0.473271629 0.473236079 0.479097251 0.538297474 0.539466405 0.538179877 0.534989978 0.539716488 0.543463347 0.538975431 0.521989841 0.522985886 0.524252121 0.522372886 0.512571192 0.517938463 0.509687968 0.520761570 0.499411823 0.498610528 0.481132599 0.506555392 0.523065514 0.519260378 0.518082987 0.519145932 0.521065958 0.521249308 0.521221680 0.907068810 
1     0.515211463 0.514108429 0.357063180 0.354050895 0.363385879 0.367877821 0.375649542 0.302633688 0.000000000 0.448972305 0.462603822 0.483551747 0.460087544 0.471825496 0.470040459 0.510475848 0.507083326 0.514278632 0.505443693 0.514109632 0.515437373 0.475548173 0.475511451 0.478142596 0.546605592 0.548696319 0.547316724 0.544045277 0.549305135 0.548439461 0.550513249 0.537847563 0.535639052 0.534590704 0.534856916 0.524707751 0.529232386 0.518228686 0.527369044 0.509611177 0.507582352 0.490336686 0.514265777 0.527460502 0.523914448 0.524377690 0.525447093 0.528563066 0.528722943 0.526147181 0.913677157 
8     0.509270228 0.507613223 0.429293650 0.427940467 0.438493531 0.439704606 0.443575133 0.437266160 0.448972305 0.000000000 0.369965824 0.386451608 0.370604717 0.379156855 0.377733939 0.509942882 0.507105348 0.513143372 0.503579224 0.514992956 0.512413798 0.473972979 0.473908185 0.480796789 0.539279691 0.541834797 0.540803083 0.536573897 0.541905351 0.548767560 0.546671466 0.533141900 0.536027639 0.529994110 0.530408123 0.520004739 0.527137345 0.514141657 0.528775825 0.509399276 0.504935178 0.484692723 0.513502271 0.532749734 0.527486293 0.526981014 0.528056013 0.533705603 0.533614239 0.531522423 0.916114208 
13     0.520569989 0.518384658 0.443719840 0.442637006 0.449337224 0.455874496 0.457580057 0.450754541 0.462603822 0.369965824 0.000000000 0.145160561 0.161086766 0.166083321 0.165076576 0.516689572 0.514672604 0.522359496 0.511511019 0.515651409 0.524274456 0.486604364 0.486539642 0.492418247 0.548134950 0.550084849 0.550797950 0.545443691 0.550276663 0.557442634 0.557677307 0.543113116 0.547718612 0.541088791 0.541615564 0.532649254 0.535335743 0.520962994 0.535496455 0.517843739 0.511826304 0.494358998 0.523535639 0.543255726 0.537970707 0.534283224 0.535840051 0.542256688 0.542440625 0.541472165 0.921634974 
17     0.543618441 0.542703028 0.465366572 0.464331049 0.470895571 0.478072582 0.478690473 0.472173887 0.483551747 0.386451608 0.145160561 0.000000000 0.182218859 0.193319708 0.187245949 0.539770018 0.538162448 0.545784564 0.535146791 0.538392939 0.547518955 0.506006951 0.505888045 0.508207762 0.563135916 0.565349067 0.566140436 0.560815324 0.565498423 0.572146680 0.571688695 0.556320330 0.561273955 0.554235890 0.555785871 0.546827168 0.548426959 0.539077763 0.548187782 0.530452343 0.525306476 0.508289890 0.537907677 0.558157549 0.552630600 0.550452267 0.551869106 0.557701973 0.557883301 0.556607910 0.934969429 
19     0.520530362 0.517992456 0.441992765 0.440728514 0.447921468 0.454730172 0.456689008 0.448650589 0.460087544 0.370604717 0.161086766 0.182218859 0.000000000 0.135073787 0.130717741 0.517941509 0.515934684 0.522394502 0.511910769 0.516360461 0.524254506 0.484335128 0.484429574 0.489388671 0.545832498 0.547320165 0.548236309 0.542647016 0.547696106 0.553177687 0.552820522 0.538016137 0.542485630 0.532824931 0.534813820 0.525439236 0.529657952 0.517247430 0.530523221 0.511068162 0.507104143 0.489302679 0.517768768 0.539435826 0.533772526 0.532025019 0.533422858 0.539618636 0.539801987 0.536817984 0.914823674 
15     0.530641552 0.529933207 0.454461677 0.453256861 0.460077484 0.468203974 0.470332049 0.460641690 0.471825496 0.379156855 0.166083321 0.193319708 0.135073787 0.000000000 0.110766954 0.525983148 0.524830304 0.531251579 0.520702596 0.525020582 0.533418294 0.496305813 0.496251608 0.500073485 0.556623133 0.559130855 0.559841581 0.554358283 0.558653929 0.562994193 0.563082367 0.550445894 0.554624440 0.546109415 0.548357938 0.538951144 0.542656092 0.529967771 0.544494732 0.525279293 0.520090620 0.501267760 0.531189820 0.550428367 0.544543164 0.544466862 0.545868129 0.551355789 0.551539140 0.547851288 0.923389452 
16     0.529696331 0.528648817 0.455024246 0.453725321 0.459582748 0.466565186 0.469577896 0.460318237 0.470040459 0.377733939 0.165076576 0.187245949 0.130717741 0.110766954 0.000000000 0.528505862 0.526329867 0.533596319 0.522883394 0.528082384 0.535435593 0.496161828 0.496100835 0.499156607 0.557224245 0.559157987 0.559983161 0.553847663 0.559082601 0.565548408 0.565653346 0.550654178 0.554657757 0.545514164 0.547697503 0.539158141 0.542910477 0.529976937 0.544340820 0.525893950 0.520206451 0.501413809 0.531819419 0.552368988 0.546742450 0.543966102 0.545367369 0.550739016 0.550877891 0.548214214 0.923213781 
24     0.504816473 0.508629902 0.495936127 0.495887723 0.505868412 0.505185030 0.511816228 0.504583997 0.510475848 0.509942882 0.516689572 0.539770018 0.517941509 0.525983148 0.528505862 0.000000000 0.099746445 0.190798630 0.177184207 0.203186957 0.241866635 0.416353069 0.416301233 0.426665134 0.542878105 0.540893957 0.540773921 0.532966605 0.537058881 0.551432954 0.549379756 0.532553367 0.543123561 0.536857164 0.537242212 0.527710515 0.531749063 0.523133942 0.537904141 0.516002667 0.514420797 0.498425027 0.518663077 0.528176127 0.518230733 0.525546369 0.526791911 0.526137865 0.526491362 0.527166877 0.898213833 
7     0.499681479 0.504105141 0.492212409 0.492340363 0.501233939 0.501153945 0.507929275 0.500505952 0.507083326 0.507105348 0.514672604 0.538162448 0.515934684 0.524830304 0.526329867 0.099746445 0.000000000 0.189395656 0.176575435 0.199938828 0.237514822 0.413551219 0.413501245 0.424106402 0.541249991 0.539275740 0.539182528 0.531402307 0.534454879 0.547225733 0.545473342 0.528622401 0.537674913 0.532263964 0.533293266 0.523683644 0.528088430 0.517964213 0.532655525 0.511685714 0.509000846 0.494089279 0.515418761 0.522762820 0.512824842 0.522283762 0.523531793 0.521145668 0.521513571 0.522222994 0.894189692 
21     0.506555119 0.509565320 0.497720696 0.497927591 0.509316905 0.506468076 0.512551757 0.509515002 0.514278632 0.513143372 0.522359496 0.545784564 0.522394502 0.531251579 0.533596319 0.190798630 0.189395656 0.000000000 0.158569045 0.214724800 0.246934289 0.418943604 0.418886405 0.428855990 0.545278454 0.543986403 0.544147199 0.535670186 0.538409252 0.552695799 0.550602535 0.535337190 0.544160049 0.536461143 0.540689643 0.527684765 0.533319350 0.521025392 0.536699601 0.515474659 0.513306590 0.498244992 0.521894497 0.530789252 0.519854882 0.528743909 0.529974421 0.527631848 0.527789291 0.529559886 0.898910591 
12     0.495728617 0.499113473 0.486736896 0.486668804 0.497424649 0.495709379 0.506443996 0.500999036 0.505443693 0.503579224 0.511511019 0.535146791 0.511910769 0.520702596 0.522883394 0.177184207 0.176575435 0.158569045 0.000000000 0.198316237 0.232565406 0.409399028 0.409208337 0.419516027 0.536135168 0.533115314 0.532835854 0.524909508 0.527855334 0.543045244 0.542030397 0.523553270 0.533607270 0.526535150 0.527557107 0.516894086 0.521744277 0.511742617 0.526025933 0.502973485 0.502630226 0.487345216 0.508422688 0.520011479 0.509634786 0.517813074 0.518833341 0.517647817 0.517805261 0.518121348 0.889569208 
2     0.505388321 0.511312085 0.498677568 0.498665852 0.510117957 0.509894291 0.517874291 0.509585328 0.514109632 0.514992956 0.515651409 0.538392939 0.516360461 0.525020582 0.528082384 0.203186957 0.199938828 0.214724800 0.198316237 0.000000000 0.249863768 0.419720339 0.419670366 0.431284807 0.543067155 0.543632194 0.543586244 0.535408384 0.538476185 0.550162709 0.549375702 0.532824105 0.540942028 0.536125169 0.535155753 0.525491264 0.531905364 0.522133840 0.539009983 0.519304597 0.513603830 0.498675161 0.520273376 0.528589550 0.518394462 0.527247862 0.528289466 0.526275685 0.526604756 0.526976135 0.896172283 
22     0.509155557 0.511331352 0.499243151 0.498823422 0.511815770 0.511082135 0.516076390 0.511200888 0.515437373 0.512413798 0.524274456 0.547518955 0.524254506 0.533418294 0.535435593 0.241866635 0.237514822 0.246934289 0.232565406 0.249863768 0.000000000 0.421481723 0.421431749 0.431779680 0.544608531 0.546291622 0.546280347 0.535617910 0.538492419 0.551705257 0.548964239 0.533349974 0.541650172 0.535924514 0.535066648 0.524744079 0.529950494 0.524052687 0.538749374 0.513959523 0.511801408 0.496926454 0.517060508 0.528172483 0.519263686 0.527873365 0.528860551 0.530198810 0.530521368 0.528397633 0.886773798 
20     0.468172023 0.467656399 0.465602277 0.465133282 0.472698323 0.475343305 0.483237542 0.473271629 0.475548173 0.473972979 0.486604364 0.506006951 0.484335128 0.496305813 0.496161828 0.416353069 0.413551219 0.418943604 0.409399028 0.419720339 0.421481723 0.000000000 0.030842355 0.218817300 0.508130139 0.499900936 0.500466162 0.491979079 0.494854324 0.511775285 0.510646072 0.499010625 0.503591470 0.496553770 0.501475620 0.489151699 0.494292669 0.476133958 0.494389976 0.474529395 0.471623277 0.460665256 0.479897205 0.497428862 0.488544408 0.495832839 0.496360284 0.496543449 0.496726800 0.495378637 0.881791627 
9     0.468293318 0.467798455 0.465546586 0.465078479 0.472659424 0.475209375 0.483199901 0.473236079 0.475511451 0.473908185 0.486539642 0.505888045 0.484429574 0.496251608 0.496100835 0.416301233 0.413501245 0.418886405 0.409208337 0.419670366 0.421431749 0.030842355 0.000000000 0.219041424 0.508096491 0.499867287 0.500432514 0.491945431 0.494820676 0.511739635 0.510610422 0.498970882 0.503551728 0.496518486 0.501433234 0.489107445 0.494258626 0.476168785 0.494411008 0.474487710 0.471587735 0.460629714 0.479858708 0.497393956 0.488477408 0.495782660 0.496310105 0.496507511 0.496690862 0.495353548 0.881756721 
18     0.482524129 0.480125968 0.471595085 0.471034307 0.477603273 0.479539854 0.487393916 0.479097251 0.478142596 0.480796789 0.492418247 0.508207762 0.489388671 0.500073485 0.499156607 0.426665134 0.424106402 0.428855990 0.419516027 0.431284807 0.431779680 0.218817300 0.219041424 0.000000000 0.505370660 0.504097653 0.505065379 0.498336853 0.499790169 0.514951960 0.516405422 0.504312146 0.507632746 0.494560131 0.501622028 0.488736386 0.490304521 0.482755389 0.499347442 0.476895409 0.473556282 0.459335521 0.483195966 0.491473500 0.485964065 0.493945308 0.495022008 0.492979107 0.493162457 0.490983624 0.895578588 
30     0.518205042 0.525770470 0.521015869 0.520320937 0.529537147 0.529385323 0.540349844 0.538297474 0.546605592 0.539279691 0.548134950 0.563135916 0.545832498 0.556623133 0.557224245 0.542878105 0.541249991 0.545278454 0.536135168 0.543067155 0.544608531 0.508130139 0.508096491 0.505370660 0.000000000 0.223558668 0.223464804 0.208632945 0.222824099 0.541224261 0.539684429 0.517626981 0.522963674 0.510213436 0.519292067 0.506161535 0.514752490 0.508808649 0.527910789 0.505564850 0.499158057 0.477083632 0.496151481 0.510512520 0.509388372 0.506019097 0.506418350 0.508199590 0.508386542 0.513038952 0.896196315 
49     0.521702947 0.525683341 0.522350964 0.521310834 0.531908534 0.529612479 0.539627756 0.539466405 0.548696319 0.541834797 0.550084849 0.565349067 0.547320165 0.559130855 0.559157987 0.540893957 0.539275740 0.543986403 0.533115314 0.543632194 0.546291622 0.499900936 0.499867287 0.504097653 0.223558668 0.000000000 0.063714872 0.107285687 0.162438557 0.544269061 0.543238437 0.519459487 0.525831498 0.512978132 0.521945703 0.508323136 0.516498898 0.500888423 0.529800145 0.505441257 0.499917740 0.479881255 0.500613380 0.516566336 0.514437171 0.513581060 0.513977925 0.514731579 0.514914930 0.517769490 0.889026035 
46     0.521575632 0.525564876 0.520646736 0.519606606 0.530218805 0.528013875 0.537236535 0.538179877 0.547316724 0.540803083 0.550797950 0.566140436 0.548236309 0.559841581 0.559983161 0.540773921 0.539182528 0.544147199 0.532835854 0.543586244 0.546280347 0.500466162 0.500432514 0.505065379 0.223464804 0.063714872 0.000000000 0.109830581 0.162221125 0.543905696 0.542944327 0.520433308 0.526932088 0.513984265 0.522739241 0.509201017 0.517472012 0.501712412 0.529518160 0.505142932 0.498563950 0.480563679 0.501375062 0.516698935 0.514535364 0.513993107 0.514391547 0.515041999 0.515232140 0.518064077 0.891474167 
45     0.512160118 0.516197954 0.518035421 0.516865301 0.527488484 0.524424125 0.535001695 0.534989978 0.544045277 0.536573897 0.545443691 0.560815324 0.542647016 0.554358283 0.553847663 0.532966605 0.531402307 0.535670186 0.524909508 0.535408384 0.535617910 0.491979079 0.491945431 0.498336853 0.208632945 0.107285687 0.109830581 0.000000000 0.150048471 0.534431325 0.532857579 0.509267764 0.515709320 0.502634408 0.511326679 0.497893735 0.507256753 0.494426428 0.522241309 0.498118671 0.491560414 0.469752793 0.489556821 0.506877037 0.504769635 0.503302756 0.503683049 0.504978738 0.505162089 0.507102539 0.885655689 
26     0.518866008 0.523249978 0.523319111 0.522918968 0.533795236 0.530720543 0.541287623 0.539716488 0.549305135 0.541905351 0.550276663 0.565498423 0.547696106 0.558653929 0.559082601 0.537058881 0.534454879 0.538409252 0.527855334 0.538476185 0.538492419 0.494854324 0.494820676 0.499790169 0.222824099 0.162438557 0.162221125 0.150048471 0.000000000 0.541561900 0.539639881 0.514832967 0.520983390 0.508425422 0.516350486 0.503949636 0.512787386 0.500383553 0.526148446 0.503398686 0.496884858 0.475436551 0.495525305 0.512902811 0.510907311 0.508367586 0.508749787 0.510256609 0.510439960 0.513018635 0.890981069 
38     0.534052343 0.536508423 0.536672664 0.536024585 0.547595493 0.545767051 0.552153077 0.543463347 0.548439461 0.548767560 0.557442634 0.572146680 0.553177687 0.562994193 0.565548408 0.551432954 0.547225733 0.552695799 0.543045244 0.550162709 0.551705257 0.511775285 0.511739635 0.514951960 0.541224261 0.544269061 0.543905696 0.534431325 0.541561900 0.000000000 0.185720912 0.428594021 0.430710413 0.422762183 0.424014512 0.411800831 0.417484851 0.412982898 0.435854150 0.416141123 0.409060926 0.385676816 0.414268288 0.458241668 0.459673215 0.464473735 0.464372027 0.459852326 0.460103311 0.459985568 0.925838608 
29     0.533838830 0.536559638 0.534065980 0.533401086 0.545056619 0.544760524 0.550440030 0.538975431 0.550513249 0.546671466 0.557677307 0.571688695 0.552820522 0.563082367 0.565653346 0.549379756 0.545473342 0.550602535 0.542030397 0.549375702 0.548964239 0.510646072 0.510610422 0.516405422 0.539684429 0.543238437 0.542944327 0.532857579 0.539639881 0.185720912 0.000000000 0.425280524 0.428312577 0.420567073 0.419716774 0.407767241 0.420213949 0.415467207 0.435791965 0.417940911 0.411147652 0.386767497 0.415140332 0.458809199 0.459563582 0.463312505 0.463226457 0.459468338 0.459643551 0.459758845 0.925536813 
28     0.522192930 0.524667173 0.513683451 0.513663225 0.524112278 0.528425666 0.535480225 0.521989841 0.537847563 0.533141900 0.543113116 0.556320330 0.538016137 0.550445894 0.550654178 0.532553367 0.528622401 0.535337190 0.523553270 0.532824105 0.533349974 0.499010625 0.498970882 0.504312146 0.517626981 0.519459487 0.520433308 0.509267764 0.514832967 0.428594021 0.425280524 0.000000000 0.151441295 0.340736999 0.338286223 0.325695864 0.398539124 0.396017611 0.418047546 0.400498011 0.393457676 0.363963452 0.400398825 0.440396232 0.442950087 0.444594602 0.444757919 0.445407411 0.446108782 0.440895688 0.907852270 
39     0.522846707 0.524881887 0.515831032 0.515782535 0.526677383 0.530255796 0.535845539 0.522985886 0.535639052 0.536027639 0.547718612 0.561273955 0.542485630 0.554624440 0.554657757 0.543123561 0.537674913 0.544160049 0.533607270 0.540942028 0.541650172 0.503591470 0.503551728 0.507632746 0.522963674 0.525831498 0.526932088 0.515709320 0.520983390 0.430710413 0.428312577 0.151441295 0.000000000 0.341646535 0.338388403 0.325057558 0.400607232 0.398369386 0.421638188 0.404918684 0.397799222 0.367037754 0.401932398 0.439682146 0.445005952 0.447699329 0.448495096 0.447998016 0.448748510 0.438980490 0.903548298 
27     0.509466890 0.511252526 0.515821919 0.516108319 0.527399969 0.527922779 0.536471672 0.524252121 0.534590704 0.529994110 0.541088791 0.554235890 0.532824931 0.546109415 0.545514164 0.536857164 0.532263964 0.536461143 0.526535150 0.536125169 0.535924514 0.496553770 0.496518486 0.494560131 0.510213436 0.512978132 0.513984265 0.502634408 0.508425422 0.422762183 0.420567073 0.340736999 0.341646535 0.000000000 0.267035390 0.259707232 0.395539339 0.391085215 0.410082099 0.395279706 0.387410812 0.364877333 0.387936943 0.427495018 0.429726190 0.429485415 0.429647063 0.433529767 0.433904285 0.427054009 0.900549283 
37     0.518806911 0.521119171 0.515421365 0.515968924 0.526029624 0.526024153 0.532540876 0.522372886 0.534856916 0.530408123 0.541615564 0.555785871 0.534813820 0.548357938 0.547697503 0.537242212 0.533293266 0.540689643 0.527557107 0.535155753 0.535066648 0.501475620 0.501433234 0.501622028 0.519292067 0.521945703 0.522739241 0.511326679 0.516350486 0.424014512 0.419716774 0.338286223 0.338388403 0.267035390 0.000000000 0.166107609 0.394598546 0.391043660 0.414316869 0.397778888 0.390060358 0.367762849 0.391734486 0.432339678 0.435295602 0.433151415 0.434231747 0.436904977 0.437279495 0.431092764 0.897137630 
47     0.505574616 0.507577998 0.503359948 0.503871846 0.514721864 0.515588891 0.523353325 0.512571192 0.524707751 0.520004739 0.532649254 0.546827168 0.525439236 0.538951144 0.539158141 0.527710515 0.523683644 0.527684765 0.516894086 0.525491264 0.524744079 0.489151699 0.489107445 0.488736386 0.506161535 0.508323136 0.509201017 0.497893735 0.503949636 0.411800831 0.407767241 0.325695864 0.325057558 0.259707232 0.166107609 0.000000000 0.380218401 0.376820209 0.400826578 0.382843754 0.375163763 0.353346341 0.379436370 0.420735825 0.424322827 0.421421979 0.422500758 0.422597359 0.422691740 0.418081398 0.890715798 
42     0.511554218 0.514577072 0.509598405 0.509166643 0.521113469 0.522142098 0.528389213 0.517938463 0.529232386 0.527137345 0.535335743 0.548426959 0.529657952 0.542656092 0.542910477 0.531749063 0.528088430 0.533319350 0.521744277 0.531905364 0.529950494 0.494292669 0.494258626 0.490304521 0.514752490 0.516498898 0.517472012 0.507256753 0.512787386 0.417484851 0.420213949 0.398539124 0.400607232 0.395539339 0.394598546 0.380218401 0.000000000 0.281645143 0.307834371 0.292511923 0.280687172 0.265251443 0.314115274 0.431165217 0.434556905 0.432925899 0.432999484 0.431914024 0.432101586 0.423084074 0.908602649 
50     0.498816282 0.500879639 0.499839729 0.499434868 0.511454047 0.513037794 0.519152160 0.509687968 0.518228686 0.514141657 0.520962994 0.539077763 0.517247430 0.529967771 0.529976937 0.523133942 0.517964213 0.521025392 0.511742617 0.522133840 0.524052687 0.476133958 0.476168785 0.482755389 0.508808649 0.500888423 0.501712412 0.494426428 0.500383553 0.412982898 0.415467207 0.396017611 0.398369386 0.391085215 0.391043660 0.376820209 0.281645143 0.000000000 0.265602661 0.252934072 0.238503615 0.261056043 0.310611713 0.427315329 0.430526796 0.429246474 0.428974557 0.427686171 0.427994552 0.418544164 0.890421159 
36     0.513820061 0.516641366 0.513544303 0.513178464 0.524535873 0.525660578 0.531380212 0.520761570 0.527369044 0.528775825 0.535496455 0.548187782 0.530523221 0.544494732 0.544340820 0.537904141 0.532655525 0.536699601 0.526025933 0.539009983 0.538749374 0.494389976 0.494411008 0.499347442 0.527910789 0.529800145 0.529518160 0.522241309 0.526148446 0.435854150 0.435791965 0.418047546 0.421638188 0.410082099 0.414316869 0.400826578 0.307834371 0.265602661 0.000000000 0.229033586 0.222703349 0.286210673 0.325108259 0.449206679 0.452182094 0.450171503 0.449720881 0.451029421 0.451337968 0.440645338 0.911934311 
32     0.489211769 0.491671725 0.490486857 0.490097330 0.501594827 0.502939368 0.509138425 0.499411823 0.509611177 0.509399276 0.517843739 0.530452343 0.511068162 0.525279293 0.525893950 0.516002667 0.511685714 0.515474659 0.502973485 0.519304597 0.513959523 0.474529395 0.474487710 0.476895409 0.505564850 0.505441257 0.505142932 0.498118671 0.503398686 0.416141123 0.417940911 0.400498011 0.404918684 0.395279706 0.397778888 0.382843754 0.292511923 0.252934072 0.229033586 0.000000000 0.091289547 0.272081753 0.311628522 0.429149937 0.432197552 0.429952583 0.429509712 0.429513557 0.429821938 0.420463717 0.893425149 
40     0.490153679 0.492521868 0.489429252 0.489128584 0.500014592 0.502120097 0.508747411 0.498610528 0.507582352 0.504935178 0.511826304 0.525306476 0.507104143 0.520090620 0.520206451 0.514420797 0.509000846 0.513306590 0.502630226 0.513603830 0.511801408 0.471623277 0.471587735 0.473556282 0.499158057 0.499917740 0.498563950 0.491560414 0.496884858 0.409060926 0.411147652 0.393457676 0.397799222 0.387410812 0.390060358 0.375163763 0.280687172 0.238503615 0.222703349 0.091289547 0.000000000 0.261009654 0.301042135 0.421868315 0.422993551 0.423505775 0.423038811 0.422968607 0.423276988 0.414484933 0.888561442 
44     0.479154068 0.481448365 0.470552728 0.470127797 0.482793457 0.481183365 0.488696520 0.481132599 0.490336686 0.484692723 0.494358998 0.508289890 0.489302679 0.501267760 0.501413809 0.498425027 0.494089279 0.498244992 0.487345216 0.498675161 0.496926454 0.460665256 0.460629714 0.459335521 0.477083632 0.479881255 0.480563679 0.469752793 0.475436551 0.385676816 0.386767497 0.363963452 0.367037754 0.364877333 0.367762849 0.353346341 0.265251443 0.261056043 0.286210673 0.272081753 0.261009654 0.000000000 0.286820337 0.404435066 0.408915992 0.406381811 0.406184829 0.404715897 0.404783370 0.396693836 0.868049229 
31     0.498664654 0.500487020 0.496553616 0.497175736 0.508247353 0.508560163 0.511496544 0.506555392 0.514265777 0.513502271 0.523535639 0.537907677 0.517768768 0.531189820 0.531819419 0.518663077 0.515418761 0.521894497 0.508422688 0.520273376 0.517060508 0.479897205 0.479858708 0.483195966 0.496151481 0.500613380 0.501375062 0.489556821 0.495525305 0.414268288 0.415140332 0.400398825 0.401932398 0.387936943 0.391734486 0.379436370 0.314115274 0.310611713 0.325108259 0.311628522 0.301042135 0.286820337 0.000000000 0.429817174 0.430284916 0.430745981 0.430661703 0.428763165 0.429071534 0.420252454 0.894717648 
25     0.511833570 0.512006087 0.515394452 0.515139432 0.525483473 0.526135004 0.532024548 0.523065514 0.527460502 0.532749734 0.543255726 0.558157549 0.539435826 0.550428367 0.552368988 0.528176127 0.522762820 0.530789252 0.520011479 0.528589550 0.528172483 0.497428862 0.497393956 0.491473500 0.510512520 0.516566336 0.516698935 0.506877037 0.512902811 0.458241668 0.458809199 0.440396232 0.439682146 0.427495018 0.432339678 0.420735825 0.431165217 0.427315329 0.449206679 0.429149937 0.421868315 0.404435066 0.429817174 0.000000000 0.144645782 0.301287904 0.301143039 0.300064253 0.299297859 0.290535259 0.898013926 
41     0.506793710 0.506808218 0.510268006 0.510023886 0.520292057 0.521668833 0.529195928 0.519260378 0.523914448 0.527486293 0.537970707 0.552630600 0.533772526 0.544543164 0.546742450 0.518230733 0.512824842 0.519854882 0.509634786 0.518394462 0.519263686 0.488544408 0.488477408 0.485964065 0.509388372 0.514437171 0.514535364 0.504769635 0.510907311 0.459673215 0.459563582 0.442950087 0.445005952 0.429726190 0.435295602 0.424322827 0.434556905 0.430526796 0.452182094 0.432197552 0.422993551 0.408915992 0.430284916 0.144645782 0.000000000 0.310874927 0.310820576 0.309995359 0.309258665 0.302480277 0.896155220 
34     0.512868934 0.513755816 0.510372505 0.509986931 0.519087773 0.515641859 0.526960181 0.518082987 0.524377690 0.526981014 0.534283224 0.550452267 0.532025019 0.544466862 0.543966102 0.525546369 0.522283762 0.528743909 0.517813074 0.527247862 0.527873365 0.495832839 0.495782660 0.493945308 0.506019097 0.513581060 0.513993107 0.503302756 0.508367586 0.464473735 0.463312505 0.444594602 0.447699329 0.429485415 0.433151415 0.421421979 0.432925899 0.429246474 0.450171503 0.429952583 0.423505775 0.406381811 0.430745981 0.301287904 0.310874927 0.000000000 0.047433899 0.216288394 0.215403641 0.276845973 0.896742827 
43     0.513755866 0.514642748 0.511293414 0.510907840 0.519715733 0.516583887 0.527877283 0.519145932 0.525447093 0.528056013 0.535840051 0.551869106 0.533422858 0.545868129 0.545367369 0.526791911 0.523531793 0.529974421 0.518833341 0.528289466 0.528860551 0.496360284 0.496310105 0.495022008 0.506418350 0.513977925 0.514391547 0.503683049 0.508749787 0.464372027 0.463226457 0.444757919 0.448495096 0.429647063 0.434231747 0.422500758 0.432999484 0.428974557 0.449720881 0.429509712 0.423038811 0.406184829 0.430661703 0.301143039 0.310820576 0.047433899 0.000000000 0.215297979 0.214435645 0.276077775 0.897154539 
48     0.511693068 0.511526170 0.517063241 0.516861328 0.523726772 0.520349848 0.532552034 0.521065958 0.528563066 0.533705603 0.542256688 0.557701973 0.539618636 0.551355789 0.550739016 0.526137865 0.521145668 0.527631848 0.517647817 0.526275685 0.530198810 0.496543449 0.496507511 0.492979107 0.508199590 0.514731579 0.515041999 0.504978738 0.510256609 0.459852326 0.459468338 0.445407411 0.447998016 0.433529767 0.436904977 0.422597359 0.431914024 0.427686171 0.451029421 0.429513557 0.422968607 0.404715897 0.428763165 0.300064253 0.309995359 0.216288394 0.215297979 0.000000000 0.046716451 0.278617471 0.899139816 
33     0.511881934 0.511709521 0.517246591 0.517044679 0.523711234 0.520533199 0.532735385 0.521249308 0.528722943 0.533614239 0.542440625 0.557883301 0.539801987 0.551539140 0.550877891 0.526491362 0.521513571 0.527789291 0.517805261 0.526604756 0.530521368 0.496726800 0.496690862 0.493162457 0.508386542 0.514914930 0.515232140 0.505162089 0.510439960 0.460103311 0.459643551 0.446108782 0.448748510 0.433904285 0.437279495 0.422691740 0.432101586 0.427994552 0.451337968 0.429821938 0.423276988 0.404783370 0.429071534 0.299297859 0.309258665 0.215403641 0.214435645 0.046716451 0.000000000 0.277844457 0.899323167 
35     0.510708115 0.512551453 0.515257172 0.515047430 0.523791127 0.524996673 0.532794846 0.521221680 0.526147181 0.531522423 0.541472165 0.556607910 0.536817984 0.547851288 0.548214214 0.527166877 0.522222994 0.529559886 0.518121348 0.526976135 0.528397633 0.495378637 0.495353548 0.490983624 0.513038952 0.517769490 0.518064077 0.507102539 0.513018635 0.459985568 0.459758845 0.440895688 0.438980490 0.427054009 0.431092764 0.418081398 0.423084074 0.418544164 0.440645338 0.420463717 0.414484933 0.396693836 0.420252454 0.290535259 0.302480277 0.276845973 0.276077775 0.278617471 0.277844457 0.000000000 0.892831134 
0     0.911428931 0.912945509 0.904227187 0.903680581 0.913884571 0.914146525 0.913583424 0.907068810 0.913677157 0.916114208 0.921634974 0.934969429 0.914823674 0.923389452 0.923213781 0.898213833 0.894189692 0.898910591 0.889569208 0.896172283 0.886773798 0.881791627 0.881756721 0.895578588 0.896196315 0.889026035 0.891474167 0.885655689 0.890981069 0.925838608 0.925536813 0.907852270 0.903548298 0.900549283 0.897137630 0.890715798 0.908602649 0.890421159 0.911934311 0.893425149 0.888561442 0.868049229 0.894717648 0.898013926 0.896155220 0.896742827 0.897154539 0.899139816 0.899323167 0.892831134 0.000000000 
