51
12     0.000000000 0.000023480 0.002702310 0.000777680 0.001691230 0.002621400 0.008143230 0.003355850 0.006376480 0.006645750 0.003101950 0.003150050 0.006039470 0.005264830 0.004273520 0.013037130 0.006182570 0.005225770 0.004830340 0.005067130 0.001354640 0.009548980 0.010370520 0.011096400 0.007438850 0.016156220 0.007866770 0.006378890 0.010044750 0.007741360 0.006432340 0.007032200 0.013310070 0.012185770 0.017727500 0.018479120 0.014969400 0.001920230 0.012833620 0.013881050 0.016282270 0.016824140 0.015092630 0.015380250 0.016513540 0.011768300 0.017276350 0.016078070 0.016050220 0.020166030 0.010471240 
7     0.000023480 0.000000000 0.003158350 0.002476810 0.001723200 0.002942200 0.009076980 0.008560650 0.006408450 0.005400390 0.003422750 0.003470850 0.006360270 0.008048710 0.004460860 0.011522590 0.006503370 0.005248150 0.004852720 0.005089510 0.001377020 0.009869780 0.010691320 0.011417200 0.007015140 0.017200470 0.007889150 0.006401270 0.011318420 0.009817010 0.006477100 0.007076960 0.011860490 0.012316330 0.017519030 0.018594890 0.015099960 0.003488790 0.012964180 0.012257350 0.014658570 0.015311280 0.013740980 0.015628300 0.015161890 0.012101040 0.014480440 0.016484300 0.016456450 0.016323510 0.010449360 
11     0.002702310 0.003158350 0.000000000 0.000472580 0.000048540 0.005324150 0.005578910 0.004766120 0.005216150 0.003340040 0.004908560 0.004821630 0.005866780 0.005491460 0.004654000 0.005225850 0.008885320 0.009751490 0.009757990 0.008553740 0.011376950 0.012251730 0.006858220 0.007347300 0.012658240 0.010760230 0.014414560 0.014532680 0.013700370 0.003798970 0.010813080 0.010626980 0.010668740 0.010554280 0.012196910 0.012948530 0.010196920 0.000838960 0.009380020 0.011766060 0.011696220 0.000928340 0.002155340 0.011745640 0.012534910 0.003883750 0.011745760 0.010547480 0.005276660 0.004324670 0.002159790 
10     0.000777680 0.002476810 0.000472580 0.000000000 0.000130630 0.006819860 0.006780420 0.001698060 0.008149300 0.006011580 0.003022960 0.002936030 0.007289750 0.008773920 0.002768400 0.003631900 0.010381030 0.011247200 0.011253700 0.010805190 0.013190590 0.012826620 0.010995300 0.009919080 0.012378350 0.010480340 0.015837530 0.007975930 0.010236570 0.004032430 0.013496850 0.013310750 0.013352510 0.013238050 0.013988960 0.015064820 0.011619890 0.009791320 0.010912420 0.013189030 0.013119190 0.010847860 0.002161770 0.010151690 0.012084550 0.002289800 0.012816130 0.010692180 0.003682710 0.002730720 0.012297000 
13     0.001691230 0.001723200 0.000048540 0.000130630 0.000000000 0.005611360 0.005608470 0.004795680 0.006837560 0.004979490 0.003991090 0.003904160 0.005330190 0.005131210 0.003736530 0.005121080 0.009172530 0.002470430 0.010045200 0.008517870 0.011876760 0.012538940 0.007956850 0.007847110 0.015895990 0.014858110 0.013877970 0.001436670 0.011744400 0.009441010 0.011312890 0.011126790 0.011168550 0.011054090 0.012029400 0.013105260 0.009660330 0.000478710 0.010835940 0.011229470 0.011159630 0.009821650 0.003650950 0.011640870 0.014724660 0.003778980 0.012245570 0.011047290 0.005171890 0.004219900 0.002217750 
1     0.002621400 0.002942200 0.005324150 0.006819860 0.005611360 0.000000000 0.000480840 0.001141820 0.003214890 0.000502930 0.005588550 0.000398870 0.004333600 0.005817770 0.000525800 0.007517410 0.008313310 0.009179480 0.009185980 0.016882620 0.004616470 0.011679720 0.012501260 0.008189080 0.013942620 0.013861520 0.008054180 0.023863030 0.013128360 0.008250520 0.019348760 0.019162660 0.016417240 0.016155010 0.011032810 0.012108670 0.008663740 0.007790730 0.009839350 0.010232880 0.010163040 0.008825060 0.009302020 0.014900750 0.014865450 0.014362930 0.014382360 0.014187010 0.014993350 0.021348710 0.007930050 
9     0.008143230 0.009076980 0.005578910 0.006780420 0.005608470 0.000480840 0.000000000 0.000288680 0.002355140 0.000487270 0.007102610 0.007015680 0.007667620 0.008990380 0.006848050 0.011488580 0.019620710 0.018471870 0.018025230 0.010855190 0.011414270 0.013910180 0.012455490 0.010121850 0.019165480 0.014964010 0.016395130 0.020297070 0.014382970 0.016676430 0.020365240 0.015629050 0.014346370 0.014047820 0.015910580 0.016986440 0.013541510 0.007587780 0.014717120 0.015110650 0.015040810 0.013702830 0.014179790 0.019778520 0.018119650 0.010928000 0.009939700 0.016841500 0.016935340 0.008354850 0.013236550 
5     0.003355850 0.008560650 0.004766120 0.001698060 0.004795680 0.001141820 0.000288680 0.000000000 0.003287490 0.004218930 0.006666060 0.002362400 0.005086280 0.006570450 0.006379070 0.008270090 0.015548270 0.014346780 0.013900140 0.010042400 0.010601480 0.013097390 0.011642700 0.009309060 0.015826030 0.014614200 0.013634060 0.020525660 0.013113630 0.015000490 0.017642530 0.015255570 0.010540350 0.010241800 0.011785490 0.012861350 0.009416420 0.010319770 0.010592030 0.010985560 0.010915720 0.009577740 0.010054700 0.015653430 0.015618130 0.011167270 0.008455380 0.014939690 0.015746030 0.014876540 0.007248760 
15     0.006376480 0.006408450 0.005216150 0.008149300 0.006837560 0.003214890 0.002355140 0.003287490 0.000000000 0.000000050 0.006794260 0.008046450 0.004537530 0.003024900 0.005830320 0.007721340 0.014318680 0.013080620 0.013351390 0.010680670 0.008915130 0.009097030 0.015010640 0.004172340 0.015277280 0.009434700 0.013085310 0.011145930 0.003095700 0.009957870 0.013151490 0.011772470 0.007057250 0.006758700 0.011236740 0.012312600 0.008867670 0.009771020 0.010043280 0.010436810 0.010366970 0.009028990 0.009505950 0.002411290 0.015069380 0.014566860 0.013741000 0.013439370 0.013881590 0.015584070 0.007707240 
4     0.006645750 0.005400390 0.003340040 0.006011580 0.004979490 0.000502930 0.000487270 0.004218930 0.000000050 0.000000000 0.005266790 0.002892770 0.005556530 0.004366690 0.002905110 0.004370650 0.014182380 0.012944320 0.013613150 0.016053820 0.000825830 0.008960730 0.014887620 0.004036040 0.010151980 0.009298400 0.004263540 0.020499580 0.009831600 0.011005190 0.011830800 0.010878410 0.007258320 0.006959770 0.015901390 0.017689790 0.014400270 0.008145590 0.013700630 0.013580830 0.015899570 0.014561590 0.015038550 0.013811180 0.014005820 0.017800300 0.012420310 0.015168490 0.015080300 0.014263380 0.007570940 
8     0.003101950 0.003422750 0.004908560 0.003022960 0.003991090 0.005588550 0.007102610 0.006666060 0.006794260 0.005266790 0.000000000 0.000207340 0.003098530 0.001309940 0.000541870 0.008289440 0.003741250 0.010015890 0.007236820 0.014762230 0.005064260 0.011723420 0.012135880 0.008636870 0.011275150 0.009377140 0.008501970 0.019874060 0.012118910 0.011584190 0.014268110 0.012565420 0.012237670 0.013535310 0.011804840 0.012880700 0.009435770 0.005063000 0.007587170 0.011004910 0.010935070 0.009597090 0.009293070 0.013195260 0.014526280 0.003226790 0.011712930 0.009588980 0.009767820 0.011713720 0.012118970 
2     0.003150050 0.003470850 0.004821630 0.002936030 0.003904160 0.000398870 0.007015680 0.002362400 0.008046450 0.002892770 0.000207340 0.000000000 0.002592870 0.001356000 0.000540590 0.006235060 0.009197820 0.010063990 0.010070490 0.014838950 0.002690240 0.012564230 0.010707130 0.006262850 0.012016390 0.015885740 0.006127950 0.021199190 0.013570300 0.012683400 0.013509010 0.012556620 0.011478570 0.012776210 0.013057030 0.014132890 0.010687960 0.006092260 0.011863570 0.012257100 0.012187260 0.010849280 0.010527500 0.015489390 0.015684030 0.013676060 0.013429910 0.013727510 0.013699660 0.015941590 0.016758950 
14     0.006039470 0.006360270 0.005866780 0.007289750 0.005330190 0.004333600 0.007667620 0.005086280 0.004537530 0.005556530 0.003098530 0.002592870 0.000000000 0.000013740 0.000031510 0.006032710 0.012087240 0.012109400 0.011662760 0.016217970 0.013966190 0.013366050 0.013278940 0.009936540 0.013588650 0.006222110 0.011396680 0.020940980 0.012207130 0.011178100 0.012003710 0.011051320 0.009973270 0.011270910 0.009548110 0.006810060 0.006157890 0.008082390 0.008354650 0.008748180 0.008678340 0.007340360 0.007817320 0.013416050 0.013380750 0.012878230 0.012593220 0.012702310 0.013108870 0.014436290 0.009432750 
6     0.005264830 0.008048710 0.005491460 0.008773920 0.005131210 0.005817770 0.008990380 0.006570450 0.003024900 0.004366690 0.001309940 0.001356000 0.000013740 0.000000000 0.000654930 0.007516880 0.014102250 0.013593570 0.013146930 0.016297890 0.014046110 0.014850220 0.013807480 0.010016460 0.015072820 0.013860990 0.012880850 0.019809410 0.013946290 0.011519540 0.013482240 0.009569930 0.011733030 0.012011320 0.011032280 0.012108140 0.008663210 0.004709380 0.009838820 0.010232350 0.010162510 0.008824530 0.009301490 0.014900220 0.014864920 0.013316940 0.014381830 0.011683270 0.013188790 0.001381000 0.017510460 
3     0.004273520 0.004460860 0.004654000 0.002768400 0.003736530 0.000525800 0.006848050 0.006379070 0.005830320 0.002905110 0.000541870 0.000540590 0.000031510 0.000654930 0.000000000 0.007325500 0.012369210 0.011520500 0.012189330 0.014223200 0.009624700 0.007536910 0.007777180 0.007941770 0.014881440 0.007874580 0.011502750 0.011752280 0.007520570 0.007068260 0.011407550 0.011221450 0.006595700 0.006668850 0.010840900 0.011916760 0.001249120 0.002697800 0.009647440 0.010040970 0.009971130 0.008633150 0.009110110 0.009997840 0.011328860 0.011242250 0.012340230 0.011141950 0.011114100 0.013534080 0.005473460 
20     0.013037130 0.011522590 0.005225850 0.003631900 0.005121080 0.007517410 0.011488580 0.008270090 0.007721340 0.004370650 0.008289440 0.006235060 0.006032710 0.007516880 0.007325500 0.000000000 0.008391260 0.007153200 0.007822030 0.002792650 0.003351730 0.002726130 0.001668460 0.001479150 0.002192750 0.002305130 0.004171730 0.003238740 0.001952550 0.006818200 0.006949820 0.006324890 0.007486280 0.004855020 0.008856280 0.009932140 0.006487210 0.007390560 0.007662820 0.008056350 0.007986510 0.006648530 0.002509630 0.010499550 0.012688920 0.002637660 0.012205830 0.012010480 0.004030570 0.003078580 0.003407040 
31     0.006182570 0.006503370 0.008885320 0.010381030 0.009172530 0.008313310 0.019620710 0.015548270 0.014318680 0.014182380 0.003741250 0.009197820 0.012087240 0.014102250 0.012369210 0.008391260 0.000000000 0.000466480 0.000206710 0.003515820 0.003501300 0.003372480 0.007869160 0.002732860 0.010584300 0.007835500 0.012090860 0.012129450 0.011381590 0.005044780 0.015236150 0.015367210 0.009829640 0.016080430 0.017291940 0.016734490 0.014922870 0.015170630 0.014833030 0.012862110 0.015593070 0.015084190 0.008145300 0.020267060 0.020602310 0.015914400 0.012243070 0.010276130 0.010278760 0.001091620 0.007236300 
50     0.005225770 0.005248150 0.009751490 0.011247200 0.002470430 0.009179480 0.018471870 0.014346780 0.013080620 0.012944320 0.010015890 0.010063990 0.012109400 0.013593570 0.011520500 0.007153200 0.000466480 0.000000000 0.000105320 0.002081040 0.002066520 0.001610540 0.002283220 0.008147240 0.009347640 0.006890560 0.010715340 0.011035440 0.011619070 0.004334080 0.016962760 0.017093820 0.008394860 0.017960070 0.014932970 0.015496430 0.005305300 0.013467250 0.013739510 0.011624050 0.014063200 0.012725220 0.009019740 0.018800910 0.018765610 0.018263090 0.018282520 0.014776750 0.012941550 0.004906220 0.005998240 
33     0.004830340 0.004852720 0.009757990 0.011253700 0.010045200 0.009185980 0.018025230 0.013900140 0.013351390 0.013613150 0.007236820 0.010070490 0.011662760 0.013146930 0.012189330 0.007822030 0.000206710 0.000105320 0.000000000 0.002217220 0.002202700 0.004550100 0.005401560 0.008407580 0.009483820 0.007559390 0.010874030 0.010640010 0.012254260 0.004473410 0.015141030 0.015272090 0.008531040 0.016138340 0.014486330 0.015562190 0.005312790 0.013020610 0.013292870 0.012292880 0.013616560 0.012278580 0.009762430 0.015194490 0.015362080 0.013080930 0.001997300 0.003596090 0.004490900 0.008024560 0.006667070 
40     0.005067130 0.005089510 0.008553740 0.010805190 0.008517870 0.016882620 0.010855190 0.010042400 0.010680670 0.016053820 0.014762230 0.014838950 0.016217970 0.016297890 0.014223200 0.002792650 0.003515820 0.002081040 0.002217220 0.000000000 0.000027380 0.000311780 0.003759560 0.001425920 0.001719020 0.005515310 0.001510110 0.007499450 0.009760090 0.007456700 0.012539190 0.012817920 0.006904820 0.007699850 0.019329400 0.018767000 0.017137210 0.015140900 0.012702480 0.014894620 0.019919510 0.019885160 0.012684910 0.016622630 0.014807480 0.011848540 0.009984320 0.009489930 0.009336750 0.014593870 0.009268810 
43     0.001354640 0.001377020 0.011376950 0.013190590 0.011876760 0.004616470 0.011414270 0.010601480 0.008915130 0.000825830 0.005064260 0.002690240 0.013966190 0.014046110 0.009624700 0.003351730 0.003501300 0.002066520 0.002202700 0.000027380 0.000000000 0.002089430 0.004318640 0.001985000 0.006157880 0.003409080 0.003469290 0.007166750 0.009723270 0.007513600 0.010809730 0.005862780 0.006890300 0.008810850 0.015004870 0.013600630 0.011970840 0.012036770 0.011471720 0.009728250 0.011987160 0.012344530 0.010476820 0.015840640 0.015366560 0.003835610 0.004123570 0.010021350 0.009868170 0.015565330 0.004102440 
30     0.009548980 0.009869780 0.012251730 0.012826620 0.012538940 0.011679720 0.013910180 0.013097390 0.009097030 0.008960730 0.011723420 0.012564230 0.013366050 0.014850220 0.007536910 0.002726130 0.003372480 0.001610540 0.004550100 0.000311780 0.002089430 0.000000000 0.004230400 0.001491600 0.001033810 0.002906970 0.000824900 0.011654700 0.007635480 0.005425810 0.012227410 0.012391460 0.003325400 0.010921590 0.004948820 0.008079350 0.009883050 0.009948980 0.003890140 0.007640460 0.012665350 0.012631000 0.009668460 0.017568530 0.017862470 0.014903530 0.014861200 0.014003790 0.014395970 0.013570060 0.002014650 
46     0.010370520 0.010691320 0.006858220 0.010995300 0.007956850 0.012501260 0.012455490 0.011642700 0.015010640 0.014887620 0.012135880 0.010707130 0.013278940 0.013807480 0.007777180 0.001668460 0.007869160 0.002283220 0.005401560 0.003759560 0.004318640 0.004230400 0.000000000 0.000122880 0.000047780 0.001930640 0.001437990 0.010891680 0.007433940 0.006981630 0.009112290 0.008984990 0.007546580 0.010151340 0.013184940 0.014342300 0.013776510 0.005737710 0.014952120 0.015345650 0.015275810 0.013937830 0.014326510 0.018264230 0.016449080 0.010375330 0.016044000 0.016488460 0.016427830 0.006754100 0.010109670 
32     0.011096400 0.011417200 0.007347300 0.009919080 0.007847110 0.008189080 0.010121850 0.009309060 0.004172340 0.004036040 0.008636870 0.006262850 0.009936540 0.010016460 0.007941770 0.001479150 0.002732860 0.008147240 0.008407580 0.001425920 0.001985000 0.001491600 0.000122880 0.000000000 0.000170660 0.002053520 0.001560870 0.004820830 0.003838670 0.002905380 0.008366720 0.007741790 0.007669200 0.006271920 0.013047970 0.013799590 0.012692780 0.008859470 0.011599010 0.013281950 0.014042710 0.015425550 0.010997030 0.014908370 0.014115440 0.011156500 0.012596820 0.011398540 0.011370690 0.014429660 0.007035480 
34     0.007438850 0.007015140 0.012658240 0.012378350 0.015895990 0.013942620 0.019165480 0.015826030 0.015277280 0.010151980 0.011275150 0.012016390 0.013588650 0.015072820 0.014881440 0.002192750 0.010584300 0.009347640 0.009483820 0.001719020 0.006157880 0.001033810 0.000047780 0.000170660 0.000000000 0.000007840 0.000216190 0.002018900 0.007085960 0.008667220 0.011167850 0.011298910 0.007594360 0.012165160 0.016412220 0.017488080 0.012636220 0.014149130 0.015218760 0.015612290 0.015542450 0.014204470 0.013936570 0.016198760 0.016534010 0.003898130 0.014029870 0.014388800 0.014943030 0.015497140 0.007315440 
25     0.016156220 0.017200470 0.010760230 0.010480340 0.014858110 0.013861520 0.014964010 0.014614200 0.009434700 0.009298400 0.009377140 0.015885740 0.006222110 0.013860990 0.007874580 0.002305130 0.007835500 0.006890560 0.007559390 0.005515310 0.003409080 0.002906970 0.001930640 0.002053520 0.000007840 0.000000000 0.000951810 0.003173190 0.007078460 0.005763480 0.008419050 0.008550110 0.009477220 0.009416360 0.013254750 0.011850510 0.010220720 0.010286650 0.012769500 0.007978130 0.013003020 0.012968670 0.011538210 0.013449960 0.013785210 0.003478470 0.005898500 0.011907660 0.013045020 0.012174450 0.002352320 
48     0.007866770 0.007889150 0.014414560 0.015837530 0.013877970 0.008054180 0.016395130 0.013634060 0.013085310 0.004263540 0.008501970 0.006127950 0.011396680 0.012880850 0.011502750 0.004171730 0.012090860 0.010715340 0.010874030 0.001510110 0.003469290 0.000824900 0.001437990 0.001560870 0.000216190 0.000951810 0.000000000 0.001639360 0.006185240 0.007766500 0.017958390 0.018105760 0.008984570 0.015230030 0.014220250 0.015296110 0.011851180 0.012754530 0.013026790 0.013420320 0.013350480 0.012012500 0.010979300 0.014304010 0.009446860 0.001452270 0.007461170 0.007819030 0.007354390 0.005499950 0.003531240 
19     0.006378890 0.006401270 0.014532680 0.007975930 0.001436670 0.023863030 0.020297070 0.020525660 0.011145930 0.020499580 0.019874060 0.021199190 0.020940980 0.019809410 0.011752280 0.003238740 0.012129450 0.011035440 0.010640010 0.007499450 0.007166750 0.011654700 0.010891680 0.004820830 0.002018900 0.003173190 0.001639360 0.000000000 0.002400700 0.000097310 0.012523050 0.016363800 0.015177080 0.014839560 0.020015980 0.021801090 0.017878390 0.006830040 0.004170010 0.018690820 0.019138410 0.018512250 0.018352070 0.020239390 0.019772980 0.020961410 0.003833500 0.023183140 0.022718500 0.015841030 0.014839490 
23     0.010044750 0.011318420 0.013700370 0.010236570 0.011744400 0.013128360 0.014382970 0.013113630 0.003095700 0.009831600 0.012118910 0.013570300 0.012207130 0.013946290 0.007520570 0.001952550 0.011381590 0.011619070 0.012254260 0.009760090 0.009723270 0.007635480 0.007433940 0.003838670 0.007085960 0.007078460 0.006185240 0.002400700 0.000000000 0.000470550 0.007275480 0.006323090 0.005245040 0.006542680 0.017206960 0.015802720 0.014172930 0.014238860 0.007850730 0.011930340 0.016955230 0.016809700 0.013126320 0.016275100 0.016469740 0.015047310 0.014884230 0.017632410 0.017115140 0.016727300 0.006814790 
26     0.007741360 0.009817010 0.003798970 0.004032430 0.009441010 0.008250520 0.016676430 0.015000490 0.009957870 0.011005190 0.011584190 0.012683400 0.011178100 0.011519540 0.007068260 0.006818200 0.005044780 0.004334080 0.004473410 0.007456700 0.007513600 0.005425810 0.006981630 0.002905380 0.008667220 0.005763480 0.007766500 0.000097310 0.000470550 0.000000000 0.006246450 0.005294060 0.004216010 0.005513650 0.014997290 0.013593050 0.011963260 0.011522610 0.014066070 0.009720670 0.014745560 0.014711210 0.006964820 0.015246070 0.014111500 0.011152560 0.002255420 0.015063110 0.016515190 0.015698270 0.004656680 
39     0.006432340 0.006477100 0.010813080 0.013496850 0.011312890 0.019348760 0.020365240 0.017642530 0.013151490 0.011830800 0.014268110 0.013509010 0.012003710 0.013482240 0.011407550 0.006949820 0.015236150 0.016962760 0.015141030 0.012539190 0.010809730 0.012227410 0.009112290 0.008366720 0.011167850 0.008419050 0.017958390 0.012523050 0.007275480 0.006246450 0.000000000 0.000140910 0.000301120 0.000248830 0.016052810 0.016804430 0.015697620 0.011864310 0.007212120 0.015841330 0.015731850 0.014228470 0.014001870 0.015219630 0.015554880 0.014466820 0.014624980 0.014403380 0.014375530 0.014944320 0.013659380 
42     0.007032200 0.007076960 0.010626980 0.013310750 0.011126790 0.019162660 0.015629050 0.015255570 0.011772470 0.010878410 0.012565420 0.012556620 0.011051320 0.009569930 0.011221450 0.006324890 0.015367210 0.017093820 0.015272090 0.012817920 0.005862780 0.012391460 0.008984990 0.007741790 0.011298910 0.008550110 0.018105760 0.016363800 0.006323090 0.005294060 0.000140910 0.000000000 0.000488710 0.000438230 0.015866710 0.016618330 0.015511520 0.011678210 0.007145300 0.007051450 0.006997010 0.006812260 0.013815770 0.015119290 0.015313930 0.014317580 0.013728420 0.014217280 0.014189430 0.015075380 0.012559790 
27     0.013310070 0.011860490 0.010668740 0.013352510 0.011168550 0.016417240 0.014346370 0.010540350 0.007057250 0.007258320 0.012237670 0.011478570 0.009973270 0.011733030 0.006595700 0.007486280 0.009829640 0.008394860 0.008531040 0.006904820 0.006890300 0.003325400 0.007546580 0.007669200 0.007594360 0.009477220 0.008984570 0.015177080 0.005245040 0.004216010 0.000301120 0.000488710 0.000000000 0.000068190 0.015908470 0.016660090 0.015553280 0.011719970 0.007838990 0.007642910 0.007588470 0.007403720 0.013857530 0.014041240 0.014235880 0.014359340 0.006318010 0.014259040 0.014231190 0.014493440 0.013678420 
28     0.012185770 0.012316330 0.010554280 0.013238050 0.011054090 0.016155010 0.014047820 0.010241800 0.006758700 0.006959770 0.013535310 0.012776210 0.011270910 0.012011320 0.006668850 0.004855020 0.016080430 0.017960070 0.016138340 0.007699850 0.008810850 0.010921590 0.010151340 0.006271920 0.012165160 0.009416360 0.015230030 0.014839560 0.006542680 0.005513650 0.000248830 0.000438230 0.000068190 0.000000000 0.015794010 0.016545630 0.015438820 0.011605510 0.007116750 0.007946820 0.007892380 0.007707630 0.013743070 0.015338880 0.015533520 0.014244880 0.005915800 0.014144580 0.014116730 0.015791080 0.013273580 
45     0.017727500 0.017519030 0.012196910 0.013988960 0.012029400 0.011032810 0.015910580 0.011785490 0.011236740 0.015901390 0.011804840 0.013057030 0.009548110 0.011032280 0.010840900 0.008856280 0.017291940 0.014932970 0.014486330 0.019329400 0.015004870 0.004948820 0.013184940 0.013047970 0.016412220 0.013254750 0.014220250 0.020015980 0.017206960 0.014997290 0.016052810 0.015866710 0.015908470 0.015794010 0.000000000 0.000100630 0.000174830 0.001842090 0.003341130 0.002962740 0.003404410 0.004634070 0.006676650 0.008137010 0.008331650 0.005542370 0.004702680 0.005107230 0.004956570 0.008589210 0.012147950 
37     0.018479120 0.018594890 0.012948530 0.015064820 0.013105260 0.012108670 0.016986440 0.012861350 0.012312600 0.017689790 0.012880700 0.014132890 0.006810060 0.012108140 0.011916760 0.009932140 0.016734490 0.015496430 0.015562190 0.018767000 0.013600630 0.008079350 0.014342300 0.013799590 0.017488080 0.011850510 0.015296110 0.021801090 0.015802720 0.013593050 0.016804430 0.016618330 0.016660090 0.016545630 0.000100630 0.000000000 0.001183300 0.001635540 0.003020090 0.002641700 0.003083370 0.000846830 0.006355610 0.010092400 0.010287040 0.005221330 0.004381640 0.004786190 0.004635530 0.008842640 0.010743710 
35     0.014969400 0.015099960 0.010196920 0.011619890 0.009660330 0.008663740 0.013541510 0.009416420 0.008867670 0.014400270 0.009435770 0.010687960 0.006157890 0.008663210 0.001249120 0.006487210 0.014922870 0.005305300 0.005312790 0.017137210 0.011970840 0.009883050 0.013776510 0.012692780 0.012636220 0.010220720 0.011851180 0.017878390 0.014172930 0.011963260 0.015697620 0.015511520 0.015553280 0.015438820 0.000174830 0.001183300 0.000000000 0.000117620 0.003014170 0.002584890 0.003337860 0.001427400 0.005914140 0.003085160 0.009197930 0.007726400 0.008737380 0.009218990 0.009068330 0.010580450 0.009113920 
17     0.001920230 0.003488790 0.000838960 0.009791320 0.000478710 0.007790730 0.007587780 0.010319770 0.009771020 0.008145590 0.005063000 0.006092260 0.008082390 0.004709380 0.002697800 0.007390560 0.015170630 0.013467250 0.013020610 0.015140900 0.012036770 0.009948980 0.005737710 0.008859470 0.014149130 0.010286650 0.012754530 0.006830040 0.014238860 0.011522610 0.011864310 0.011678210 0.011719970 0.011605510 0.001842090 0.001635540 0.000117620 0.000000000 0.001392830 0.001537760 0.002682190 0.000946200 0.004206500 0.006775020 0.006969660 0.002803830 0.005230140 0.006878140 0.007135590 0.007178490 0.007998310 
36     0.012833620 0.012964180 0.009380020 0.010912420 0.010835940 0.009839350 0.014717120 0.010592030 0.010043280 0.013700630 0.007587170 0.011863570 0.008354650 0.009838820 0.009647440 0.007662820 0.014833030 0.013739510 0.013292870 0.012702480 0.011471720 0.003890140 0.014952120 0.011599010 0.015218760 0.012769500 0.013026790 0.004170010 0.007850730 0.014066070 0.007212120 0.007145300 0.007838990 0.007116750 0.003341130 0.003020090 0.003014170 0.001392830 0.000000000 0.001426200 0.001181980 0.000050390 0.005249430 0.005026580 0.005361830 0.004273770 0.003933330 0.004337880 0.004187220 0.004751270 0.011493590 
29     0.013881050 0.012257350 0.011766060 0.013189030 0.011229470 0.010232880 0.015110650 0.010985560 0.010436810 0.013580830 0.011004910 0.012257100 0.008748180 0.010232350 0.010040970 0.008056350 0.012862110 0.011624050 0.012292880 0.014894620 0.009728250 0.007640460 0.015345650 0.013281950 0.015612290 0.007978130 0.013420320 0.018690820 0.011930340 0.009720670 0.015841330 0.007051450 0.007642910 0.007946820 0.002962740 0.002641700 0.002584890 0.001537760 0.001426200 0.000000000 0.000113240 0.000276500 0.005528910 0.005816450 0.006011090 0.004394630 0.003554940 0.003959490 0.003808830 0.006268650 0.006871330 
24     0.016282270 0.014658570 0.011696220 0.013119190 0.011159630 0.010163040 0.015040810 0.010915720 0.010366970 0.015899570 0.010935070 0.012187260 0.008678340 0.010162510 0.009971130 0.007986510 0.015593070 0.014063200 0.013616560 0.019919510 0.011987160 0.012665350 0.015275810 0.014042710 0.015542450 0.013003020 0.013350480 0.019138410 0.016955230 0.014745560 0.015731850 0.006997010 0.007588470 0.007892380 0.003404410 0.003083370 0.003337860 0.002682190 0.001181980 0.000113240 0.000000000 0.000034790 0.003683590 0.006682970 0.007687640 0.002311170 0.003996610 0.004401160 0.004250500 0.009610230 0.011571630 
16     0.016824140 0.015311280 0.000928340 0.010847860 0.009821650 0.008825060 0.013702830 0.009577740 0.009028990 0.014561590 0.009597090 0.010849280 0.007340360 0.008824530 0.008633150 0.006648530 0.015084190 0.012725220 0.012278580 0.019885160 0.012344530 0.012631000 0.013937830 0.015425550 0.014204470 0.012968670 0.012012500 0.018512250 0.016809700 0.014711210 0.014228470 0.006812260 0.007403720 0.007707630 0.004634070 0.000846830 0.001427400 0.000946200 0.000050390 0.000276500 0.000034790 0.000000000 0.006075460 0.009829670 0.009363260 0.008277010 0.007437320 0.007841870 0.007691210 0.011216440 0.011861870 
44     0.015092630 0.013740980 0.002155340 0.002161770 0.003650950 0.009302020 0.014179790 0.010054700 0.009505950 0.015038550 0.009293070 0.010527500 0.007817320 0.009301490 0.009110110 0.002509630 0.008145300 0.009019740 0.009762430 0.012684910 0.010476820 0.009668460 0.014326510 0.010997030 0.013936570 0.011538210 0.010979300 0.018352070 0.013126320 0.006964820 0.014001870 0.013815770 0.013857530 0.013743070 0.006676650 0.006355610 0.005914140 0.004206500 0.005249430 0.005528910 0.003683590 0.006075460 0.000000000 0.000563110 0.000866910 0.000153350 0.001976140 0.003161830 0.002560440 0.000449420 0.005689370 
49     0.015380250 0.015628300 0.011745640 0.010151690 0.011640870 0.014900750 0.019778520 0.015653430 0.002411290 0.013811180 0.013195260 0.015489390 0.013416050 0.014900220 0.009997840 0.010499550 0.020267060 0.018800910 0.015194490 0.016622630 0.015840640 0.017568530 0.018264230 0.014908370 0.016198760 0.013449960 0.014304010 0.020239390 0.016275100 0.015246070 0.015219630 0.015119290 0.014041240 0.015338880 0.008137010 0.010092400 0.003085160 0.006775020 0.005026580 0.005816450 0.006682970 0.009829670 0.000563110 0.000000000 0.000080240 0.001595130 0.001753290 0.005457830 0.002547590 0.002072630 0.017606700 
18     0.016513540 0.015161890 0.012534910 0.012084550 0.014724660 0.014865450 0.018119650 0.015618130 0.015069380 0.014005820 0.014526280 0.015684030 0.013380750 0.014864920 0.011328860 0.012688920 0.020602310 0.018765610 0.015362080 0.014807480 0.015366560 0.017862470 0.016449080 0.014115440 0.016534010 0.013785210 0.009446860 0.019772980 0.016469740 0.014111500 0.015554880 0.015313930 0.014235880 0.015533520 0.008331650 0.010287040 0.009197930 0.006969660 0.005361830 0.006011090 0.007687640 0.009363260 0.000866910 0.000080240 0.000000000 0.001930380 0.002088540 0.005652470 0.002882840 0.002407880 0.008246820 
22     0.011768300 0.012101040 0.003883750 0.002289800 0.003778980 0.014362930 0.010928000 0.011167270 0.014566860 0.017800300 0.003226790 0.013676060 0.012878230 0.013316940 0.011242250 0.002637660 0.015914400 0.018263090 0.013080930 0.011848540 0.003835610 0.014903530 0.010375330 0.011156500 0.003898130 0.003478470 0.001452270 0.020961410 0.015047310 0.011152560 0.014466820 0.014317580 0.014359340 0.014244880 0.005542370 0.005221330 0.007726400 0.002803830 0.004273770 0.004394630 0.002311170 0.008277010 0.000153350 0.001595130 0.001930380 0.000000000 0.000642500 0.002413500 0.001436800 0.000444860 0.008441600 
47     0.017276350 0.014480440 0.011745760 0.012816130 0.012245570 0.014382360 0.009939700 0.008455380 0.013741000 0.012420310 0.011712930 0.013429910 0.012593220 0.014381830 0.012340230 0.012205830 0.012243070 0.018282520 0.001997300 0.009984320 0.004123570 0.014861200 0.016044000 0.012596820 0.014029870 0.005898500 0.007461170 0.003833500 0.014884230 0.002255420 0.014624980 0.013728420 0.006318010 0.005915800 0.004702680 0.004381640 0.008737380 0.005230140 0.003933330 0.003554940 0.003996610 0.007437320 0.001976140 0.001753290 0.002088540 0.000642500 0.000000000 0.001111540 0.000279150 0.000949220 0.006261130 
38     0.016078070 0.016484300 0.010547480 0.010692180 0.011047290 0.014187010 0.016841500 0.014939690 0.013439370 0.015168490 0.009588980 0.013727510 0.012702310 0.011683270 0.011141950 0.012010480 0.010276130 0.014776750 0.003596090 0.009489930 0.010021350 0.014003790 0.016488460 0.011398540 0.014388800 0.011907660 0.007819030 0.023183140 0.017632410 0.015063110 0.014403380 0.014217280 0.014259040 0.014144580 0.005107230 0.004786190 0.009218990 0.006878140 0.004337880 0.003959490 0.004401160 0.007841870 0.003161830 0.005457830 0.005652470 0.002413500 0.001111540 0.000000000 0.000002120 0.003484140 0.005450790 
41     0.016050220 0.016456450 0.005276660 0.003682710 0.005171890 0.014993350 0.016935340 0.015746030 0.013881590 0.015080300 0.009767820 0.013699660 0.013108870 0.013188790 0.011114100 0.004030570 0.010278760 0.012941550 0.004490900 0.009336750 0.009868170 0.014395970 0.016427830 0.011370690 0.014943030 0.013045020 0.007354390 0.022718500 0.017115140 0.016515190 0.014375530 0.014189430 0.014231190 0.014116730 0.004956570 0.004635530 0.009068330 0.007135590 0.004187220 0.003808830 0.004250500 0.007691210 0.002560440 0.002547590 0.002882840 0.001436800 0.000279150 0.000002120 0.000000000 0.000025260 0.005423320 
21     0.020166030 0.016323510 0.004324670 0.002730720 0.004219900 0.021348710 0.008354850 0.014876540 0.015584070 0.014263380 0.011713720 0.015941590 0.014436290 0.001381000 0.013534080 0.003078580 0.001091620 0.004906220 0.008024560 0.014593870 0.015565330 0.013570060 0.006754100 0.014429660 0.015497140 0.012174450 0.005499950 0.015841030 0.016727300 0.015698270 0.014944320 0.015075380 0.014493440 0.015791080 0.008589210 0.008842640 0.010580450 0.007178490 0.004751270 0.006268650 0.009610230 0.011216440 0.000449420 0.002072630 0.002407880 0.000444860 0.000949220 0.003484140 0.000025260 0.000000000 0.004299910 
0     0.010471240 0.010449360 0.002159790 0.012297000 0.002217750 0.007930050 0.013236550 0.007248760 0.007707240 0.007570940 0.012118970 0.016758950 0.009432750 0.017510460 0.005473460 0.003407040 0.007236300 0.005998240 0.006667070 0.009268810 0.004102440 0.002014650 0.010109670 0.007035480 0.007315440 0.002352320 0.003531240 0.014839490 0.006814790 0.004656680 0.013659380 0.012559790 0.013678420 0.013273580 0.012147950 0.010743710 0.009113920 0.007998310 0.011493590 0.006871330 0.011571630 0.011861870 0.005689370 0.017606700 0.008246820 0.008441600 0.006261130 0.005450790 0.005423320 0.004299910 0.000000000 
