51
12     0.000000000 0.013210567 0.058742732 0.062445884 0.058796617 0.096486499 0.100790405 0.089084793 0.092227400 0.094459546 0.081210521 0.076459466 0.080431102 0.090104080 0.074382711 0.110876081 0.125919082 0.125733444 0.125332980 0.113702109 0.111005769 0.105295324 0.123251374 0.112793193 0.120216301 0.121684173 0.123722363 0.147174589 0.121665261 0.120503907 0.131375521 0.131481631 0.129422324 0.129651310 0.123451354 0.123792101 0.123219853 0.118856143 0.125099344 0.124870897 0.124328410 0.124197497 0.112303624 0.135198236 0.137183541 0.118719532 0.115519096 0.116332059 0.116176649 0.128382519 0.196024315 
7     0.013210567 0.000000000 0.058885034 0.062592664 0.058943396 0.096631627 0.100935534 0.089229922 0.092372529 0.094604675 0.081355650 0.076604595 0.080568983 0.090241961 0.074527840 0.111021210 0.126064211 0.125878573 0.125478109 0.113847238 0.111150897 0.105440453 0.123396503 0.112938322 0.120361430 0.121829302 0.123867492 0.147319718 0.121810390 0.120649035 0.131520650 0.131626760 0.129567452 0.129796439 0.123596483 0.123937230 0.123364982 0.119001272 0.125244473 0.125016025 0.124473539 0.124342625 0.112448752 0.135343364 0.137328670 0.118864660 0.115664225 0.116477188 0.116321778 0.128527647 0.196169444 
11     0.058742732 0.058885034 0.000000000 0.023668230 0.021233428 0.085519383 0.089760928 0.078045395 0.081142842 0.083377410 0.070152566 0.065417105 0.069490371 0.079096669 0.063361496 0.099913749 0.115072852 0.114887213 0.114486749 0.102873780 0.100189356 0.094443742 0.112389769 0.101991871 0.109454472 0.110889285 0.112933864 0.136267771 0.110732158 0.109545891 0.120373494 0.120479605 0.118416425 0.118645411 0.112512296 0.112853043 0.112281864 0.107924549 0.114141035 0.113938680 0.113396194 0.113242982 0.101246690 0.124191663 0.126176968 0.107706541 0.104480397 0.105239260 0.105083850 0.117293028 0.185076855 
10     0.062445884 0.062592664 0.023668230 0.000000000 0.025057067 0.089200688 0.093459003 0.081734503 0.084820285 0.087054854 0.073837614 0.069102154 0.073174957 0.082781255 0.067046544 0.103576704 0.118735807 0.118550168 0.118149705 0.106536735 0.103852312 0.098106697 0.116052724 0.105654826 0.113117427 0.114552240 0.116596819 0.139814833 0.114240142 0.113047995 0.124025451 0.124131561 0.122068382 0.122297368 0.116197146 0.116537893 0.115966714 0.111609398 0.117827572 0.117623530 0.117081044 0.116945773 0.104931539 0.127876512 0.129861818 0.111391391 0.108165246 0.108924110 0.108768700 0.120977877 0.188916364 
13     0.058796617 0.058943396 0.021233428 0.025057067 0.000000000 0.085737449 0.090002670 0.078299096 0.081353774 0.083588342 0.070309013 0.065573553 0.069641663 0.079251347 0.063517944 0.099931439 0.115007325 0.114798749 0.114421223 0.102862250 0.100177668 0.094438234 0.112403547 0.102007624 0.109473421 0.110908235 0.112952813 0.136224582 0.110749051 0.109587567 0.120437829 0.120543939 0.118497494 0.118726480 0.112584672 0.112925419 0.112354240 0.107996924 0.114212122 0.114011056 0.113468570 0.113340687 0.101266890 0.124255452 0.126240758 0.107813723 0.104545709 0.105304572 0.105149162 0.117358340 0.185335057 
1     0.096486499 0.096631627 0.085519383 0.089200688 0.085737449 0.000000000 0.053954137 0.041890588 0.053036257 0.055568423 0.090419889 0.085565574 0.089237945 0.098895623 0.083163202 0.120088629 0.135152722 0.134963690 0.134563226 0.122922730 0.120218426 0.114538402 0.132686162 0.122393237 0.129531744 0.131030032 0.133100625 0.156411408 0.130747765 0.129554275 0.140864221 0.140970331 0.138911023 0.139140010 0.132780226 0.133120974 0.132550932 0.128206223 0.134417890 0.134177005 0.133619985 0.133545481 0.121710464 0.144340175 0.146641817 0.128190374 0.124955343 0.125792518 0.125637108 0.137842978 0.205442901 
9     0.100790405 0.100935534 0.089760928 0.093459003 0.090002670 0.053954137 0.000000000 0.037593288 0.058223206 0.060657043 0.094801114 0.089949104 0.093532058 0.103286620 0.087530606 0.124603372 0.139624266 0.139435234 0.139034770 0.127405973 0.124682143 0.119009946 0.137154195 0.126864069 0.133999778 0.135498066 0.137568659 0.160892393 0.135265861 0.134072240 0.145347355 0.145453465 0.143394158 0.143623144 0.136910286 0.137251034 0.136680992 0.132334046 0.138554839 0.138313674 0.137756654 0.137682150 0.125781814 0.148528636 0.150726899 0.132270245 0.129052840 0.129906213 0.129750803 0.141936170 0.209966276 
5     0.089084793 0.089229922 0.078045395 0.081734503 0.078299096 0.041890588 0.037593288 0.000000000 0.046241332 0.048709272 0.083067396 0.078216474 0.081838635 0.091474246 0.075792717 0.112755144 0.127826464 0.127637432 0.127236968 0.115588645 0.112884341 0.107212144 0.125356393 0.115066267 0.122201976 0.123700263 0.125770857 0.149122996 0.123496464 0.122302843 0.133560004 0.133666114 0.131606806 0.131835793 0.125177464 0.125518211 0.124948169 0.120603460 0.126815407 0.126574242 0.126017222 0.125942719 0.114067086 0.136688545 0.138961111 0.120496496 0.117307994 0.118150693 0.117995283 0.130201153 0.198246062 
15     0.092227400 0.092372529 0.081142842 0.084820285 0.081353774 0.053036257 0.058223206 0.046241332 0.000000000 0.025058076 0.086117895 0.081290211 0.084983293 0.094616612 0.078847771 0.115689211 0.130738149 0.130549117 0.130148654 0.118517129 0.115812826 0.110208742 0.128297898 0.117911790 0.125052830 0.126548154 0.128630271 0.151958823 0.126379877 0.125177474 0.136546669 0.136652779 0.134593472 0.134822458 0.128210689 0.128551437 0.127981394 0.123636685 0.129846082 0.129606416 0.129049396 0.128974893 0.116925294 0.139678766 0.141896079 0.123567369 0.120332299 0.121169163 0.121013752 0.133219543 0.201261760 
4     0.094459546 0.094604675 0.083377410 0.087054854 0.083588342 0.055568423 0.060657043 0.048709272 0.025058076 0.000000000 0.088327314 0.083499629 0.087192712 0.096820518 0.081057190 0.117997247 0.133039198 0.132850166 0.132449703 0.120818178 0.118113875 0.112458625 0.130598947 0.120298482 0.127353879 0.128849203 0.130914188 0.154301872 0.128695915 0.127497998 0.138826655 0.138932765 0.136873457 0.137102444 0.130407740 0.130748488 0.130178445 0.125836837 0.132033423 0.131800203 0.131243183 0.131168680 0.119139911 0.141912433 0.144110696 0.125781986 0.122546916 0.123383779 0.123228369 0.135434160 0.203518696 
8     0.081210521 0.081355650 0.070152566 0.073837614 0.070309013 0.090419889 0.094801114 0.083067396 0.086117895 0.088327314 0.000000000 0.029810270 0.051617638 0.061078233 0.045234370 0.105055386 0.120081212 0.119846258 0.119433845 0.107979729 0.105275872 0.099488351 0.117392648 0.107013498 0.114434460 0.115890513 0.118055981 0.141347483 0.114785915 0.113704010 0.125831011 0.125937121 0.123861327 0.124090314 0.117631917 0.117926994 0.117414293 0.113065563 0.119228489 0.119015888 0.118452186 0.118384027 0.106425808 0.129364294 0.131405961 0.112935162 0.109735951 0.110550745 0.110395335 0.122583050 0.190791668 
2     0.076459466 0.076604595 0.065417105 0.069102154 0.065573553 0.085565574 0.089949104 0.078216474 0.081290211 0.083499629 0.029810270 0.000000000 0.046967247 0.056451154 0.040597456 0.099942072 0.114999471 0.114752567 0.114352104 0.102878406 0.100174549 0.094388511 0.112235267 0.101809845 0.109187742 0.110592017 0.112790824 0.136598029 0.110883016 0.109819257 0.121014223 0.121120333 0.119044540 0.119273526 0.112577703 0.112872781 0.112360080 0.108000205 0.114211898 0.113987399 0.113423697 0.113355538 0.101468702 0.124389034 0.126430700 0.107971173 0.104753658 0.105568453 0.105413042 0.117618912 0.185612458 
14     0.080431102 0.080568983 0.069490371 0.073174957 0.069641663 0.089237945 0.093532058 0.081838635 0.084983293 0.087192712 0.051617638 0.046967247 0.000000000 0.044518232 0.040501055 0.103763802 0.118945714 0.118745820 0.118345356 0.106864686 0.104160828 0.098389456 0.116383889 0.105845537 0.113291485 0.114742385 0.116931215 0.140223290 0.114602851 0.113492698 0.124715298 0.124821408 0.122755344 0.122991087 0.116071397 0.116287503 0.115932755 0.111611852 0.117754131 0.117537798 0.116974097 0.116905938 0.105289138 0.128151831 0.130193497 0.111767111 0.108569983 0.109384777 0.109229367 0.121435237 0.189423046 
6     0.090104080 0.090241961 0.079096669 0.082781255 0.079251347 0.098895623 0.103286620 0.091474246 0.094616612 0.096820518 0.061078233 0.056451154 0.044518232 0.000000000 0.050097928 0.113490650 0.128528659 0.128328765 0.127928302 0.116422110 0.113718253 0.107887478 0.125978652 0.115472316 0.122770088 0.124276652 0.126450951 0.149515054 0.123780668 0.122637345 0.134184590 0.134284083 0.132209506 0.132460379 0.125688367 0.125938790 0.125510185 0.121178472 0.127349058 0.127109161 0.126545459 0.126477300 0.114883575 0.137664711 0.139706378 0.121283950 0.117986805 0.118797796 0.118659613 0.130865185 0.199293727 
3     0.074382711 0.074527840 0.063361496 0.067046544 0.063517944 0.083163202 0.087530606 0.075792717 0.078847771 0.081057190 0.045234370 0.040597456 0.040501055 0.050097928 0.000000000 0.098056662 0.113186376 0.112986482 0.112586018 0.100957967 0.098254110 0.092486879 0.110562762 0.100044959 0.107262534 0.108727126 0.110886778 0.134334961 0.108780906 0.107674090 0.118902476 0.119008586 0.116913743 0.117149355 0.110631844 0.110926922 0.110403945 0.106076700 0.112208877 0.112029463 0.111465762 0.111397603 0.099568293 0.122472968 0.124514635 0.106063056 0.102832361 0.103639628 0.103484218 0.115690088 0.183682611 
20     0.110876081 0.111021210 0.099913749 0.103576704 0.099931439 0.120088629 0.124603372 0.112755144 0.115689211 0.117997247 0.105055386 0.099942072 0.103763802 0.113490650 0.098056662 0.000000000 0.089283167 0.089144461 0.088747507 0.077100245 0.074458310 0.068797971 0.086149922 0.076550428 0.083876070 0.084671067 0.086898429 0.130911133 0.105384825 0.104140363 0.115898672 0.115994282 0.114031960 0.114181587 0.113700436 0.114065885 0.113443413 0.109063474 0.115339935 0.115088485 0.114582921 0.114488046 0.102349204 0.124870847 0.126837262 0.108640503 0.105303993 0.106206080 0.106050669 0.118232238 0.192453702 
31     0.125919082 0.126064211 0.115072852 0.118735807 0.115007325 0.135152722 0.139624266 0.127826464 0.130738149 0.133039198 0.120081212 0.114999471 0.118945714 0.128528659 0.113186376 0.089283167 0.000000000 0.021077992 0.020361668 0.062823852 0.060285177 0.068196508 0.095376339 0.088253591 0.095931307 0.096656074 0.098723942 0.145824522 0.120396267 0.119079638 0.130476187 0.130555901 0.128564427 0.128724705 0.128650638 0.129016087 0.128401291 0.123983153 0.130131649 0.129952568 0.129451209 0.129352129 0.117400286 0.139942485 0.141896746 0.123712983 0.120257240 0.121095902 0.120940492 0.133185835 0.208031568 
50     0.125733444 0.125878573 0.114887213 0.118550168 0.114798749 0.134963690 0.139435234 0.127637432 0.130549117 0.132850166 0.119846258 0.114752567 0.118745820 0.128328765 0.112986482 0.089144461 0.021077992 0.000000000 0.013752990 0.062790936 0.060253728 0.068154921 0.095311253 0.088117488 0.095789021 0.096513788 0.098581657 0.145685530 0.120257275 0.118939178 0.130341572 0.130421285 0.128429811 0.128590090 0.128194349 0.128559798 0.127903458 0.123557604 0.129765577 0.129547877 0.129042313 0.128947438 0.116835046 0.139380753 0.141335013 0.123147742 0.119696997 0.120535659 0.120380249 0.132636163 0.207888205 
33     0.125332980 0.125478109 0.114486749 0.118149705 0.114421223 0.134563226 0.139034770 0.127236968 0.130148654 0.132449703 0.119433845 0.114352104 0.118345356 0.127928302 0.112586018 0.088747507 0.020361668 0.013752990 0.000000000 0.062334964 0.059797756 0.067689729 0.094838384 0.087715636 0.095392642 0.096117409 0.098185278 0.145284133 0.119825948 0.118507851 0.129945293 0.130025007 0.128033532 0.128193811 0.128200636 0.128566085 0.127909744 0.123563891 0.129771864 0.129554164 0.129048600 0.128953725 0.116843032 0.139388739 0.141343000 0.123154669 0.119698317 0.120539352 0.120383942 0.132642469 0.207487925 
40     0.113702109 0.113847238 0.102873780 0.106536735 0.102862250 0.122922730 0.127405973 0.115588645 0.118517129 0.120818178 0.107979729 0.102878406 0.106864686 0.116422110 0.100957967 0.077100245 0.062823852 0.062790936 0.062334964 0.000000000 0.018055352 0.056719990 0.083705607 0.076152924 0.084114203 0.084841128 0.086945484 0.133833386 0.108405105 0.107105629 0.118547889 0.118618842 0.116622482 0.116782761 0.116568923 0.116934372 0.116319576 0.111982587 0.118109079 0.117960100 0.117454536 0.117359661 0.105263136 0.127728727 0.129682988 0.111558576 0.108016941 0.108904929 0.108749519 0.121010320 0.195415687 
43     0.111005769 0.111150897 0.100189356 0.103852312 0.100177668 0.120218426 0.124682143 0.112884341 0.115812826 0.118113875 0.105275872 0.100174549 0.104160828 0.113718253 0.098254110 0.074458310 0.060285177 0.060253728 0.059797756 0.018055352 0.000000000 0.054023578 0.081087361 0.073483370 0.081405080 0.082064200 0.084254034 0.131130360 0.105702078 0.104402602 0.115828771 0.115897762 0.113913924 0.114074202 0.113824912 0.114190361 0.113575565 0.109238576 0.115368184 0.115214793 0.114709229 0.114614354 0.102380653 0.124843779 0.126798040 0.108642036 0.105067912 0.105991454 0.105836044 0.118134532 0.192926794 
30     0.105295324 0.105440453 0.094443742 0.098106697 0.094438234 0.114538402 0.119009946 0.107212144 0.110208742 0.112458625 0.099488351 0.094388511 0.098389456 0.107887478 0.092486879 0.068797971 0.068196508 0.068154921 0.067689729 0.056719990 0.054023578 0.000000000 0.074647870 0.066927101 0.075246977 0.075966475 0.077988125 0.125123824 0.099665379 0.098387525 0.110146027 0.110239211 0.108257317 0.108417596 0.108101214 0.108466662 0.107856932 0.103486706 0.109733133 0.109498165 0.108992601 0.108897726 0.096865904 0.119271846 0.121226106 0.103187664 0.099504923 0.100401400 0.100245989 0.112542681 0.187371422 
46     0.123251374 0.123396503 0.112389769 0.116052724 0.112403547 0.132686162 0.137154195 0.125356393 0.128297898 0.130598947 0.117392648 0.112235267 0.116383889 0.125978652 0.110562762 0.086149922 0.095376339 0.095311253 0.094838384 0.083705607 0.081087361 0.074647870 0.000000000 0.085621283 0.092925460 0.093711745 0.095712101 0.143420638 0.117912014 0.116614556 0.128193838 0.128287022 0.126305128 0.126465406 0.126282415 0.126647864 0.126053299 0.121608973 0.127925300 0.127689325 0.127183760 0.127088886 0.115087194 0.137565051 0.139531370 0.121330768 0.117822946 0.118723198 0.118567788 0.130862363 0.204808255 
32     0.112793193 0.112938322 0.101991871 0.105654826 0.102007624 0.122393237 0.126864069 0.115066267 0.117911790 0.120298482 0.107013498 0.101809845 0.105845537 0.115472316 0.100044959 0.076550428 0.088253591 0.088117488 0.087715636 0.076152924 0.073483370 0.066927101 0.085621283 0.000000000 0.082355549 0.082934915 0.085157538 0.132783039 0.107396667 0.106174913 0.117779548 0.117876166 0.115901020 0.116061299 0.116018435 0.116404097 0.115759235 0.111383865 0.117653063 0.117396901 0.116891336 0.116796461 0.104703960 0.127251520 0.129209562 0.110984823 0.107457818 0.108366786 0.108211376 0.120507593 0.194707204 
34     0.120216301 0.120361430 0.109454472 0.113117427 0.109473421 0.129531744 0.133999778 0.122201976 0.125052830 0.127353879 0.114434460 0.109187742 0.113291485 0.122770088 0.107262534 0.083876070 0.095931307 0.095789021 0.095392642 0.084114203 0.081405080 0.075246977 0.092925460 0.082355549 0.000000000 0.050009394 0.052821236 0.140332319 0.114827357 0.113456759 0.125387013 0.125482622 0.123508574 0.123668852 0.123075078 0.123436096 0.122781524 0.118422252 0.124857197 0.124498602 0.123993037 0.123898162 0.111850976 0.134441854 0.136408270 0.118102278 0.114675475 0.115584442 0.115429032 0.127721070 0.202716241 
25     0.121684173 0.121829302 0.110889285 0.114552240 0.110908235 0.131030032 0.135498066 0.123700263 0.126548154 0.128849203 0.115890513 0.110592017 0.114742385 0.124276652 0.108727126 0.084671067 0.096656074 0.096513788 0.096117409 0.084841128 0.082064200 0.075966475 0.093711745 0.082934915 0.050009394 0.000000000 0.053151190 0.141461193 0.115945958 0.114592064 0.126294192 0.126389801 0.124408645 0.124580041 0.124519023 0.124880041 0.124250732 0.119841614 0.126029902 0.125859275 0.125353711 0.125258836 0.113043868 0.135676059 0.137642474 0.119341934 0.115839225 0.116749051 0.116597484 0.128818389 0.203777871 
48     0.123722363 0.123867492 0.112933864 0.116596819 0.112952813 0.133100625 0.137568659 0.125770857 0.128630271 0.130914188 0.118055981 0.112790824 0.116931215 0.126450951 0.110886778 0.086898429 0.098723942 0.098581657 0.098185278 0.086945484 0.084254034 0.077988125 0.095712101 0.085157538 0.052821236 0.053151190 0.000000000 0.143540803 0.118001867 0.116613921 0.128308532 0.128404142 0.126413118 0.126573397 0.126459379 0.126820397 0.126204352 0.121834797 0.128066281 0.127875849 0.127370284 0.127275409 0.114761593 0.137349962 0.139011775 0.120910707 0.117571139 0.118480106 0.118324696 0.130575025 0.205825825 
19     0.147174589 0.147319718 0.136267771 0.139814833 0.136224582 0.156411408 0.160892393 0.149122996 0.151958823 0.154301872 0.141347483 0.136598029 0.140223290 0.149515054 0.134334961 0.130911133 0.145824522 0.145685530 0.145284133 0.133833386 0.131130360 0.125123824 0.143420638 0.132783039 0.140332319 0.141461193 0.143540803 0.000000000 0.099862603 0.098888149 0.144232013 0.144334775 0.142418294 0.142567921 0.149574139 0.149868036 0.149269164 0.144378302 0.151288238 0.151009005 0.150475348 0.150392391 0.138326782 0.160934082 0.162919322 0.144595454 0.141383703 0.142313619 0.142158209 0.154054207 0.228413976 
23     0.121665261 0.121810390 0.110732158 0.114240142 0.110749051 0.130747765 0.135265861 0.123496464 0.126379877 0.128695915 0.114785915 0.110883016 0.114602851 0.123780668 0.108780906 0.105384825 0.120396267 0.120257275 0.119825948 0.108405105 0.105702078 0.099665379 0.117912014 0.107396667 0.114827357 0.115945958 0.118001867 0.099862603 0.000000000 0.038982079 0.118581622 0.118684384 0.116783925 0.116933552 0.124423186 0.124763239 0.124133738 0.119328231 0.126201828 0.125820213 0.125286556 0.125201898 0.113347482 0.135973272 0.137958512 0.119610435 0.116381626 0.117314189 0.117158779 0.129236092 0.203025286 
26     0.120503907 0.120649035 0.109545891 0.113047995 0.109587567 0.129554275 0.134072240 0.122302843 0.125177474 0.127497998 0.113704010 0.109819257 0.113492698 0.122637345 0.107674090 0.104140363 0.119079638 0.118939178 0.118507851 0.107105629 0.104402602 0.098387525 0.116614556 0.106174913 0.113456759 0.114592064 0.116613921 0.098888149 0.038982079 0.000000000 0.117491288 0.117594050 0.115693591 0.115843218 0.123167315 0.123507368 0.122896697 0.118059158 0.124929425 0.124613303 0.124079645 0.123996688 0.112047279 0.134594324 0.136579564 0.118205643 0.115138429 0.116071087 0.115915677 0.127992990 0.201923821 
39     0.131375521 0.131520650 0.120373494 0.124025451 0.120437829 0.140864221 0.145347355 0.133560004 0.136546669 0.138826655 0.125831011 0.121014223 0.124715298 0.134184590 0.118902476 0.115898672 0.130476187 0.130341572 0.129945293 0.118547889 0.115828771 0.110146027 0.128193838 0.117779548 0.125387013 0.126294192 0.128308532 0.144232013 0.118581622 0.117491288 0.000000000 0.016704954 0.020396796 0.020525412 0.133654583 0.134023837 0.133365587 0.129096315 0.135362107 0.135141044 0.134607698 0.134524384 0.122662529 0.145379929 0.147365169 0.128980657 0.125662621 0.126642007 0.126486597 0.138497176 0.212925983 
42     0.131481631 0.131626760 0.120479605 0.124131561 0.120543939 0.140970331 0.145453465 0.133666114 0.136652779 0.138932765 0.125937121 0.121120333 0.124821408 0.134284083 0.119008586 0.115994282 0.130555901 0.130421285 0.130025007 0.118618842 0.115897762 0.110239211 0.128287022 0.117876166 0.125482622 0.126389801 0.128404142 0.144334775 0.118684384 0.117594050 0.016704954 0.000000000 0.019539482 0.019328821 0.133760693 0.134129947 0.133471697 0.129202425 0.135468217 0.135222734 0.134689387 0.134606074 0.122768639 0.145486039 0.147471279 0.129086767 0.125768731 0.126748117 0.126592707 0.138603287 0.213032093 
27     0.129422324 0.129567452 0.118416425 0.122068382 0.118497494 0.138911023 0.143394158 0.131606806 0.134593472 0.136873457 0.123861327 0.119044540 0.122755344 0.132209506 0.116913743 0.114031960 0.128564427 0.128429811 0.128033532 0.116622482 0.113913924 0.108257317 0.126305128 0.115901020 0.123508574 0.124408645 0.126413118 0.142418294 0.116783925 0.115693591 0.020396796 0.019539482 0.000000000 0.012018136 0.131704711 0.132073965 0.131415715 0.127146442 0.133425825 0.133166751 0.132633405 0.132550091 0.120709116 0.143426515 0.145411755 0.127052745 0.123644547 0.124649019 0.124493609 0.136502878 0.211031113 
28     0.129651310 0.129796439 0.118645411 0.122297368 0.118726480 0.139140010 0.143623144 0.131835793 0.134822458 0.137102444 0.124090314 0.119273526 0.122991087 0.132460379 0.117149355 0.114181587 0.128724705 0.128590090 0.128193811 0.116782761 0.114074202 0.108417596 0.126465406 0.116061299 0.123668852 0.124580041 0.126573397 0.142567921 0.116933552 0.115843218 0.020525412 0.019328821 0.012018136 0.000000000 0.131876107 0.132245361 0.131587111 0.127317838 0.133597221 0.133338147 0.132804801 0.132721487 0.120880511 0.143597911 0.145583151 0.127224141 0.123815943 0.124820415 0.124665005 0.136674274 0.211207059 
45     0.123451354 0.123596483 0.112512296 0.116197146 0.112584672 0.132780226 0.136910286 0.125177464 0.128210689 0.130407740 0.117631917 0.112577703 0.116071397 0.125688367 0.110631844 0.113700436 0.128650638 0.128194349 0.128200636 0.116568923 0.113824912 0.108101214 0.126282415 0.116018435 0.123075078 0.124519023 0.126459379 0.149574139 0.124423186 0.123167315 0.133654583 0.133760693 0.131704711 0.131876107 0.000000000 0.013337662 0.022219726 0.034055621 0.048826178 0.048053725 0.047415776 0.047658028 0.075372769 0.098679612 0.100663715 0.081767712 0.079552218 0.080341225 0.080179782 0.091922429 0.205113993 
37     0.123792101 0.123937230 0.112853043 0.116537893 0.112925419 0.133120974 0.137251034 0.125518211 0.128551437 0.130748488 0.117926994 0.112872781 0.116287503 0.125938790 0.110926922 0.114065885 0.129016087 0.128559798 0.128566085 0.116934372 0.114190361 0.108466662 0.126647864 0.116404097 0.123436096 0.124880041 0.126820397 0.149868036 0.124763239 0.123507368 0.134023837 0.134129947 0.132073965 0.132245361 0.013337662 0.000000000 0.022743569 0.034898856 0.049573701 0.048799446 0.048160878 0.048407779 0.075948847 0.099255691 0.101239793 0.082343790 0.080128297 0.080917304 0.080755861 0.092488246 0.205482179 
35     0.123219853 0.123364982 0.112281864 0.115966714 0.112354240 0.132550932 0.136680992 0.124948169 0.127981394 0.130178445 0.117414293 0.112360080 0.115932755 0.125510185 0.110403945 0.113443413 0.128401291 0.127903458 0.127909744 0.116319576 0.113575565 0.107856932 0.126053299 0.115759235 0.122781524 0.124250732 0.126204352 0.149269164 0.124133738 0.122896697 0.133365587 0.133471697 0.131415715 0.131587111 0.022219726 0.022743569 0.000000000 0.033619408 0.048568615 0.047736897 0.047101188 0.047305708 0.074887269 0.098186798 0.100179306 0.081282211 0.079067809 0.079856816 0.079695373 0.091436337 0.204848264 
17     0.118856143 0.119001272 0.107924549 0.111609398 0.107996924 0.128206223 0.132334046 0.120603460 0.123636685 0.125836837 0.113065563 0.108000205 0.111611852 0.121178472 0.106076700 0.109063474 0.123983153 0.123557604 0.123563891 0.111982587 0.109238576 0.103486706 0.121608973 0.111383865 0.118422252 0.119841614 0.121834797 0.144378302 0.119328231 0.118059158 0.129096315 0.129202425 0.127146442 0.127317838 0.034055621 0.034898856 0.033619408 0.000000000 0.044213714 0.043419535 0.042872446 0.042971281 0.070403236 0.093665820 0.095636563 0.076866965 0.074557440 0.075427763 0.075266320 0.087022893 0.200549794 
36     0.125099344 0.125244473 0.114141035 0.117827572 0.114212122 0.134417890 0.138554839 0.126815407 0.129846082 0.132033423 0.119228489 0.114211898 0.117754131 0.127349058 0.112208877 0.115339935 0.130131649 0.129765577 0.129771864 0.118109079 0.115368184 0.109733133 0.127925300 0.117653063 0.124857197 0.126029902 0.128066281 0.151288238 0.126201828 0.124929425 0.135362107 0.135468217 0.133425825 0.133597221 0.048826178 0.049573701 0.048568615 0.044213714 0.000000000 0.040252816 0.039656476 0.039917008 0.076967704 0.100307340 0.102266071 0.083504837 0.081192093 0.082053539 0.081892096 0.093595382 0.206820632 
29     0.124870897 0.125016025 0.113938680 0.117623530 0.114011056 0.134177005 0.138313674 0.126574242 0.129606416 0.131800203 0.119015888 0.113987399 0.117537798 0.127109161 0.112029463 0.115088485 0.129952568 0.129547877 0.129554164 0.117960100 0.115214793 0.109498165 0.127689325 0.117396901 0.124498602 0.125859275 0.127875849 0.151009005 0.125820213 0.124613303 0.135141044 0.135222734 0.133166751 0.133338147 0.048053725 0.048799446 0.047736897 0.043419535 0.040252816 0.000000000 0.014100949 0.020586829 0.076590764 0.099687695 0.101646426 0.083083513 0.080736264 0.081606587 0.081442487 0.092933293 0.206559416 
24     0.124328410 0.124473539 0.113396194 0.117081044 0.113468570 0.133619985 0.137756654 0.126017222 0.129049396 0.131243183 0.118452186 0.113423697 0.116974097 0.126545459 0.111465762 0.114582921 0.129451209 0.129042313 0.129048600 0.117454536 0.114709229 0.108992601 0.127183760 0.116891336 0.123993037 0.125353711 0.127370284 0.150475348 0.125286556 0.124079645 0.134607698 0.134689387 0.132633405 0.132804801 0.047415776 0.048160878 0.047101188 0.042872446 0.039656476 0.014100949 0.000000000 0.020561743 0.075861326 0.099107259 0.101065990 0.082296957 0.079949708 0.080820031 0.080655931 0.092352857 0.206019962 
16     0.124197497 0.124342625 0.113242982 0.116945773 0.113340687 0.133545481 0.137682150 0.125942719 0.128974893 0.131168680 0.118384027 0.113355538 0.116905938 0.126477300 0.111397603 0.114488046 0.129352129 0.128947438 0.128953725 0.117359661 0.114614354 0.108897726 0.127088886 0.116796461 0.123898162 0.125258836 0.127275409 0.150392391 0.125201898 0.123996688 0.134524384 0.134606074 0.132550091 0.132721487 0.047658028 0.048407779 0.047305708 0.042971281 0.039917008 0.020586829 0.020561743 0.000000000 0.075958677 0.099042436 0.101001167 0.082438254 0.080091005 0.080961328 0.080797228 0.092324578 0.205959955 
44     0.112303624 0.112448752 0.101246690 0.104931539 0.101266890 0.121710464 0.125781814 0.114067086 0.116925294 0.119139911 0.106425808 0.101468702 0.105289138 0.114883575 0.099568293 0.102349204 0.117400286 0.116835046 0.116843032 0.105263136 0.102380653 0.096865904 0.115087194 0.104703960 0.111850976 0.113043868 0.114761593 0.138326782 0.113347482 0.112047279 0.122662529 0.122768639 0.120709116 0.120880511 0.075372769 0.075948847 0.074887269 0.070403236 0.076967704 0.076590764 0.075861326 0.075958677 0.000000000 0.059132422 0.060961849 0.041725756 0.044098039 0.044845124 0.044674599 0.057053370 0.194332632 
49     0.135198236 0.135343364 0.124191663 0.127876512 0.124255452 0.144340175 0.148528636 0.136688545 0.139678766 0.141912433 0.129364294 0.124389034 0.128151831 0.137664711 0.122472968 0.124870847 0.139942485 0.139380753 0.139388739 0.127728727 0.124843779 0.119271846 0.137565051 0.127251520 0.134441854 0.135676059 0.137349962 0.160934082 0.135973272 0.134594324 0.145379929 0.145486039 0.143426515 0.143597911 0.098679612 0.099255691 0.098186798 0.093665820 0.100307340 0.099687695 0.099107259 0.099042436 0.059132422 0.000000000 0.020940086 0.061536194 0.066110850 0.066918326 0.066739826 0.078860847 0.217083845 
18     0.137183541 0.137328670 0.126176968 0.129861818 0.126240758 0.146641817 0.150726899 0.138961111 0.141896079 0.144110696 0.131405961 0.126430700 0.130193497 0.139706378 0.124514635 0.126837262 0.141896746 0.141335013 0.141343000 0.129682988 0.126798040 0.121226106 0.139531370 0.129209562 0.136408270 0.137642474 0.139011775 0.162919322 0.137958512 0.136579564 0.147365169 0.147471279 0.145411755 0.145583151 0.100663715 0.101239793 0.100179306 0.095636563 0.102266071 0.101646426 0.101065990 0.101001167 0.060961849 0.020940086 0.000000000 0.063276447 0.067895795 0.068702633 0.068524132 0.080653767 0.219043829 
22     0.118719532 0.118864660 0.107706541 0.111391391 0.107813723 0.128190374 0.132270245 0.120496496 0.123567369 0.125781986 0.112935162 0.107971173 0.111767111 0.121283950 0.106063056 0.108640503 0.123712983 0.123147742 0.123154669 0.111558576 0.108642036 0.103187664 0.121330768 0.110984823 0.118102278 0.119341934 0.120910707 0.144595454 0.119610435 0.118205643 0.128980657 0.129086767 0.127052745 0.127224141 0.081767712 0.082343790 0.081282211 0.076866965 0.083504837 0.083083513 0.082296957 0.082438254 0.041725756 0.061536194 0.063276447 0.000000000 0.049495551 0.050363183 0.050192658 0.062353371 0.200733119 
47     0.115519096 0.115664225 0.104480397 0.108165246 0.104545709 0.124955343 0.129052840 0.117307994 0.120332299 0.122546916 0.109735951 0.104753658 0.108569983 0.117986805 0.102832361 0.105303993 0.120257240 0.119696997 0.119698317 0.108016941 0.105067912 0.099504923 0.117822946 0.107457818 0.114675475 0.115839225 0.117571139 0.141383703 0.116381626 0.115138429 0.125662621 0.125768731 0.123644547 0.123815943 0.079552218 0.080128297 0.079067809 0.074557440 0.081192093 0.080736264 0.079949708 0.080091005 0.044098039 0.066110850 0.067895795 0.049495551 0.000000000 0.019946466 0.019750024 0.046239304 0.197545434 
38     0.116332059 0.116477188 0.105239260 0.108924110 0.105304572 0.125792518 0.129906213 0.118150693 0.121169163 0.123383779 0.110550745 0.105568453 0.109384777 0.118797796 0.103639628 0.106206080 0.121095902 0.120535659 0.120539352 0.108904929 0.105991454 0.100401400 0.118723198 0.108366786 0.115584442 0.116749051 0.118480106 0.142313619 0.117314189 0.116071087 0.126642007 0.126748117 0.124649019 0.124820415 0.080341225 0.080917304 0.079856816 0.075427763 0.082053539 0.081606587 0.080820031 0.080961328 0.044845124 0.066918326 0.068702633 0.050363183 0.019946466 0.000000000 0.007454733 0.046733637 0.198165404 
41     0.116176649 0.116321778 0.105083850 0.108768700 0.105149162 0.125637108 0.129750803 0.117995283 0.121013752 0.123228369 0.110395335 0.105413042 0.109229367 0.118659613 0.103484218 0.106050669 0.120940492 0.120380249 0.120383942 0.108749519 0.105836044 0.100245989 0.118567788 0.108211376 0.115429032 0.116597484 0.118324696 0.142158209 0.117158779 0.115915677 0.126486597 0.126592707 0.124493609 0.124665005 0.080179782 0.080755861 0.079695373 0.075266320 0.081892096 0.081442487 0.080655931 0.080797228 0.044674599 0.066739826 0.068524132 0.050192658 0.019750024 0.007454733 0.000000000 0.046563919 0.198009994 
21     0.128382519 0.128527647 0.117293028 0.120977877 0.117358340 0.137842978 0.141936170 0.130201153 0.133219543 0.135434160 0.122583050 0.117618912 0.121435237 0.130865185 0.115690088 0.118232238 0.133185835 0.132636163 0.132642469 0.121010320 0.118134532 0.112542681 0.130862363 0.120507593 0.127721070 0.128818389 0.130575025 0.154054207 0.129236092 0.127992990 0.138497176 0.138603287 0.136502878 0.136674274 0.091922429 0.092488246 0.091436337 0.087022893 0.093595382 0.092933293 0.092352857 0.092324578 0.057053370 0.078860847 0.080653767 0.062353371 0.046239304 0.046733637 0.046563919 0.000000000 0.210389504 
0     0.196024315 0.196169444 0.185076855 0.188916364 0.185335057 0.205442901 0.209966276 0.198246062 0.201261760 0.203518696 0.190791668 0.185612458 0.189423046 0.199293727 0.183682611 0.192453702 0.208031568 0.207888205 0.207487925 0.195415687 0.192926794 0.187371422 0.204808255 0.194707204 0.202716241 0.203777871 0.205825825 0.228413976 0.203025286 0.201923821 0.212925983 0.213032093 0.211031113 0.211207059 0.205113993 0.205482179 0.204848264 0.200549794 0.206820632 0.206559416 0.206019962 0.205959955 0.194332632 0.217083845 0.219043829 0.200733119 0.197545434 0.198165404 0.198009994 0.210389504 0.000000000 
