51
2     0.000000000 0.102566773 0.102367585 0.100342220 0.100785090 0.106512824 0.107816559 0.104458162 0.112782689 0.150593653 0.151191876 0.158782379 0.144939773 0.156379548 0.132516164 0.143201028 0.132940608 0.144049213 0.143413241 0.153383305 0.150118065 0.152571272 0.150808628 0.161984071 0.144809429 0.148868768 0.143889613 0.150665642 0.154614358 0.153394967 0.143989269 0.137913930 0.135818408 0.137643982 0.138873604 0.163116021 0.146499619 0.144940376 0.147453303 0.149989457 0.149239330 0.151135505 0.151570703 0.152910375 0.153777259 0.155562416 0.150015425 0.155504751 0.155715258 0.154308117 0.216590382 
5     0.102566773 0.000000000 0.012852160 0.042509765 0.042900454 0.048896419 0.049968122 0.046660153 0.055138283 0.106530094 0.107128317 0.114722125 0.100879519 0.112319294 0.088435097 0.099119962 0.088867494 0.099975955 0.099339984 0.109310047 0.106044807 0.108498014 0.106735371 0.117910814 0.100736171 0.104795510 0.099816355 0.106592384 0.110541100 0.109321710 0.099916011 0.093798228 0.091702705 0.093527539 0.094757161 0.118999578 0.102358553 0.100799311 0.103312238 0.105848392 0.105098264 0.106994439 0.107429637 0.108769309 0.109636194 0.111421350 0.105874359 0.111363685 0.111574192 0.110167051 0.172475371 
6     0.102367585 0.012852160 0.000000000 0.042336388 0.042727076 0.048724072 0.049795775 0.046487805 0.054969810 0.106333146 0.106931368 0.114525176 0.100682570 0.112122345 0.088238149 0.098923014 0.088670546 0.099779007 0.099143035 0.109113099 0.105847859 0.108301066 0.106538422 0.117713865 0.100539222 0.104598562 0.099619407 0.106395436 0.110344152 0.109124761 0.099719063 0.093601280 0.091505757 0.093330591 0.094560212 0.118802630 0.102161604 0.100602362 0.103115289 0.105651443 0.104901315 0.106797491 0.107232689 0.108572360 0.109439245 0.111224401 0.105677411 0.111166737 0.111377244 0.109970103 0.172278422 
3     0.100342220 0.042509765 0.042336388 0.000000000 0.015561647 0.037305109 0.038293393 0.034986434 0.043204385 0.103962403 0.104560626 0.112151328 0.098308722 0.109748497 0.085862967 0.096547832 0.086291097 0.097403825 0.096767853 0.106737917 0.103472676 0.105925884 0.104163240 0.115338683 0.098164040 0.102223380 0.097244225 0.104020254 0.107968969 0.106749579 0.097343881 0.091216604 0.089121081 0.090985667 0.092215289 0.116457706 0.099695424 0.098136181 0.100649108 0.103185262 0.102435134 0.104331310 0.104766508 0.106106179 0.106973064 0.108758220 0.103211230 0.108700556 0.108911063 0.107503922 0.169703477 
7     0.100785090 0.042900454 0.042727076 0.015561647 0.000000000 0.037872276 0.038811638 0.035513932 0.043722684 0.104438396 0.105036618 0.112627321 0.098784715 0.110224490 0.086338960 0.097023824 0.086767090 0.097879818 0.097243846 0.107213909 0.103948669 0.106401877 0.104639233 0.115814676 0.098640033 0.102699372 0.097720217 0.104496247 0.108444962 0.107225572 0.097819874 0.091692597 0.089597074 0.091461660 0.092691281 0.116933699 0.100171416 0.098612174 0.101125101 0.103661255 0.102911127 0.104807303 0.105242501 0.106582172 0.107449057 0.109234213 0.103687223 0.109176549 0.109387055 0.107979915 0.170179470 
1     0.106512824 0.048896419 0.048724072 0.037305109 0.037872276 0.000000000 0.029703070 0.026305682 0.045426801 0.110298539 0.110896761 0.118487464 0.104644858 0.116084633 0.092198518 0.102883382 0.092626648 0.103739376 0.103103404 0.113073467 0.109808227 0.112261435 0.110498791 0.121674234 0.104499591 0.108558930 0.103579775 0.110358643 0.114307358 0.113087968 0.103682270 0.097549901 0.095454379 0.097318965 0.098548586 0.122791003 0.106031559 0.104472317 0.106985244 0.109521398 0.108771270 0.110667446 0.111102644 0.112442315 0.113309200 0.115094356 0.109547365 0.115036691 0.115247198 0.113840057 0.176084514 
9     0.107816559 0.049968122 0.049795775 0.038293393 0.038811638 0.029703070 0.000000000 0.015294214 0.046860082 0.111552562 0.112150785 0.119741487 0.105898881 0.117338656 0.093452541 0.104137406 0.093880671 0.104993399 0.104357427 0.114327491 0.111062251 0.113515458 0.111752814 0.122928257 0.105753615 0.109812954 0.104833799 0.111612666 0.115561382 0.114341992 0.104936293 0.098803925 0.096708402 0.098572988 0.099802609 0.124045027 0.107285583 0.105726340 0.108239267 0.110775421 0.110025293 0.111921469 0.112356667 0.113696338 0.114563223 0.116348379 0.110801389 0.116290715 0.116501222 0.115094081 0.177338537 
8     0.104458162 0.046660153 0.046487805 0.034986434 0.035513932 0.026305682 0.015294214 0.000000000 0.043543172 0.108188038 0.108786260 0.116376963 0.102534357 0.113974132 0.090088017 0.100772881 0.090516147 0.101628874 0.100992903 0.110962966 0.107697726 0.110150933 0.108388290 0.119563733 0.102389090 0.106448429 0.101469274 0.108248142 0.112196857 0.110977467 0.101571769 0.095439400 0.093343877 0.095208463 0.096438085 0.120680502 0.103921058 0.102361816 0.104874743 0.107410897 0.106660769 0.108556944 0.108992142 0.110331814 0.111198699 0.112983855 0.107436864 0.112926190 0.113136697 0.111729556 0.173974012 
4     0.112782689 0.055138283 0.054969810 0.043204385 0.043722684 0.045426801 0.046860082 0.043543172 0.000000000 0.116615407 0.117213629 0.124804332 0.110961726 0.122401501 0.098518224 0.109203089 0.098946354 0.110059082 0.109423110 0.119393174 0.116127934 0.118581141 0.116818497 0.127993940 0.110819298 0.114878637 0.109899482 0.116675511 0.120624227 0.119404836 0.109999138 0.103869608 0.101774085 0.103638671 0.104868292 0.129110710 0.112348427 0.110789185 0.113302112 0.115838266 0.115088138 0.116984314 0.117419512 0.118759183 0.119626068 0.121411224 0.115864234 0.121353560 0.121564066 0.120156926 0.182402442 
49     0.150593653 0.106530094 0.106333146 0.103962403 0.104438396 0.110298539 0.111552562 0.108188038 0.116615407 0.000000000 0.012892879 0.090904093 0.076859932 0.088164549 0.086337708 0.097005438 0.087128470 0.097957922 0.097307526 0.107276799 0.104012350 0.106472964 0.104699999 0.115875442 0.098693478 0.102751632 0.097747525 0.104561729 0.108510444 0.107291054 0.097987483 0.094547081 0.092451559 0.094069370 0.095326698 0.119553358 0.102914685 0.101355443 0.103890336 0.106430030 0.105679902 0.107576078 0.108011276 0.109350947 0.110217832 0.112041220 0.106494229 0.111983555 0.112194062 0.110786921 0.183564198 
22     0.151191876 0.107128317 0.106931368 0.104560626 0.105036618 0.110896761 0.112150785 0.108786260 0.117213629 0.012892879 0.000000000 0.091506305 0.077462144 0.088766762 0.086935930 0.097603661 0.087726692 0.098556145 0.097905749 0.107875021 0.104610572 0.107071186 0.105298221 0.116473664 0.099291700 0.103349854 0.098345747 0.105159951 0.109108666 0.107889276 0.098585705 0.095145304 0.093049781 0.094667592 0.095924920 0.120151580 0.103512908 0.101953665 0.104488558 0.107028252 0.106278125 0.108174300 0.108609498 0.109949169 0.110816054 0.112639442 0.107092451 0.112581778 0.112792284 0.111385143 0.184162420 
30     0.158782379 0.114722125 0.114525176 0.112151328 0.112627321 0.118487464 0.119741487 0.116376963 0.124804332 0.090904093 0.091506305 0.000000000 0.052033576 0.066398110 0.094512148 0.105193421 0.095243241 0.106007908 0.105364306 0.115333578 0.112069129 0.114529743 0.112758948 0.123934391 0.106752427 0.110810581 0.105708507 0.112578716 0.116527431 0.115308041 0.105925652 0.102966523 0.100871001 0.102566579 0.103824110 0.128050770 0.111179637 0.109620395 0.112210867 0.114750561 0.114000433 0.115896609 0.116331807 0.117671478 0.118538363 0.120309898 0.114762908 0.120252234 0.120462741 0.119055600 0.191898214 
42     0.144939773 0.100879519 0.100682570 0.098308722 0.098784715 0.104644858 0.105898881 0.102534357 0.110961726 0.076859932 0.077462144 0.052033576 0.000000000 0.052534704 0.080658496 0.091339770 0.081337439 0.092108309 0.091464706 0.101433979 0.098169529 0.100630143 0.098859348 0.110034791 0.092852827 0.096910981 0.091808908 0.098679121 0.102627836 0.101408446 0.092026057 0.089079357 0.086983834 0.088684703 0.089942234 0.114168894 0.097342507 0.095783264 0.098372610 0.100912305 0.100162177 0.102058353 0.102493551 0.103833222 0.104700107 0.106471642 0.100924651 0.106413977 0.106624484 0.105217343 0.178039621 
24     0.156379548 0.112319294 0.112122345 0.109748497 0.110224490 0.116084633 0.117338656 0.113974132 0.122401501 0.088164549 0.088766762 0.066398110 0.052534704 0.000000000 0.092126494 0.102807768 0.092812537 0.103577223 0.102933620 0.112902893 0.109638443 0.112099057 0.110328262 0.121503705 0.104321741 0.108379895 0.103277822 0.110148035 0.114096750 0.112877360 0.103494971 0.100478248 0.098382726 0.100083594 0.101341126 0.125567786 0.108725573 0.107166331 0.109755677 0.112295371 0.111545244 0.113441419 0.113876617 0.115216289 0.116083173 0.117854708 0.112307718 0.117797044 0.118007551 0.116600410 0.189469371 
25     0.132516164 0.088435097 0.088238149 0.085862967 0.086338960 0.092198518 0.093452541 0.090088017 0.098518224 0.086337708 0.086935930 0.094512148 0.080658496 0.092126494 0.000000000 0.046976162 0.058070332 0.073050416 0.072422244 0.082398160 0.079128020 0.081595273 0.079815680 0.090990436 0.073808194 0.077845086 0.072837938 0.079743944 0.083693245 0.082473855 0.073109024 0.076617807 0.074522284 0.076227502 0.077410658 0.101653869 0.084764117 0.083204874 0.085847060 0.088386754 0.087636627 0.089532802 0.089968000 0.091307671 0.092174556 0.093949732 0.088402742 0.093892068 0.094102575 0.092695434 0.165626086 
40     0.143201028 0.099119962 0.098923014 0.096547832 0.097023824 0.102883382 0.104137406 0.100772881 0.109203089 0.097005438 0.097603661 0.105193421 0.091339770 0.102807768 0.046976162 0.000000000 0.068739734 0.083753008 0.083124835 0.093100752 0.089830612 0.092297865 0.090518272 0.101693028 0.084510785 0.088547678 0.083540530 0.090446536 0.094395837 0.093176447 0.083811616 0.087313331 0.085217808 0.086924238 0.088102480 0.112350606 0.095460888 0.093901645 0.096543831 0.099083525 0.098333398 0.100229573 0.100664771 0.102004442 0.102871327 0.104646503 0.099099513 0.104588839 0.104799346 0.103392205 0.176311171 
50     0.132940608 0.088867494 0.088670546 0.086291097 0.086767090 0.092626648 0.093880671 0.090516147 0.098946354 0.087128470 0.087726692 0.095243241 0.081337439 0.092812537 0.058070332 0.068739734 0.000000000 0.073356477 0.072768374 0.082741042 0.079478560 0.081885589 0.080159979 0.091334735 0.074152493 0.078151482 0.073170506 0.079992673 0.083941468 0.082722112 0.073336920 0.077325239 0.075229716 0.076880814 0.078064248 0.102311970 0.085120272 0.083561029 0.086226243 0.088765937 0.088015809 0.089911985 0.090347183 0.091686854 0.092553739 0.094325959 0.088778969 0.094268295 0.094478802 0.093071661 0.166294437 
15     0.144049213 0.099975955 0.099779007 0.097403825 0.097879818 0.103739376 0.104993399 0.101628874 0.110059082 0.097957922 0.098556145 0.106007908 0.092108309 0.103577223 0.073050416 0.083753008 0.073356477 0.000000000 0.046705739 0.056603174 0.053366584 0.055899585 0.054144736 0.065314135 0.048242260 0.051865776 0.053643619 0.070958713 0.074870079 0.073673859 0.064369907 0.088366284 0.086270761 0.088100944 0.089275740 0.113525494 0.096400390 0.094841147 0.097492034 0.100031728 0.099281600 0.101177776 0.101612974 0.102952645 0.103819530 0.105601809 0.100054819 0.105544145 0.105754651 0.104347510 0.177330595 
20     0.143413241 0.099339984 0.099143035 0.096767853 0.097243846 0.103103404 0.104357427 0.100992903 0.109423110 0.097307526 0.097905749 0.105364306 0.091464706 0.102933620 0.072422244 0.083124835 0.072768374 0.046705739 0.000000000 0.037864357 0.034533284 0.037117626 0.036127502 0.047411143 0.030174846 0.040967665 0.053169231 0.070523275 0.074397699 0.073201479 0.063857926 0.087709054 0.085613531 0.087439624 0.088614419 0.112864174 0.095737710 0.094178468 0.096829355 0.099369049 0.098618921 0.100515097 0.100950295 0.102289966 0.103156851 0.104939130 0.099392140 0.104881466 0.105091972 0.103684831 0.176685974 
23     0.153383305 0.109310047 0.109113099 0.106737917 0.107213909 0.113073467 0.114327491 0.110962966 0.119393174 0.107276799 0.107875021 0.115333578 0.101433979 0.112902893 0.082398160 0.093100752 0.082741042 0.056603174 0.037864357 0.000000000 0.038631493 0.044858428 0.047041002 0.058333716 0.040534654 0.050329902 0.063020216 0.080474812 0.084349236 0.083153017 0.073811516 0.097679117 0.095583595 0.097409688 0.098584483 0.122834237 0.105707774 0.104148531 0.106799418 0.109339113 0.108588985 0.110485160 0.110920358 0.112260030 0.113126915 0.114909193 0.109362203 0.114851529 0.115062036 0.113654895 0.186656038 
33     0.150118065 0.106044807 0.105847859 0.103472676 0.103948669 0.109808227 0.111062251 0.107697726 0.116127934 0.104012350 0.104610572 0.112069129 0.098169529 0.109638443 0.079128020 0.089830612 0.079478560 0.053366584 0.034533284 0.038631493 0.000000000 0.041582081 0.043751650 0.055024425 0.037497104 0.047327051 0.059770581 0.077239841 0.081114266 0.079918046 0.070567231 0.094413877 0.092318355 0.094144447 0.095319243 0.119568997 0.102442534 0.100883291 0.103534178 0.106073873 0.105323745 0.107219920 0.107655118 0.108994790 0.109861674 0.111643953 0.106096963 0.111586289 0.111796796 0.110389655 0.183390797 
35     0.152571272 0.108498014 0.108301066 0.105925884 0.106401877 0.112261435 0.113515458 0.110150933 0.118581141 0.106472964 0.107071186 0.114529743 0.100630143 0.112099057 0.081595273 0.092297865 0.081885589 0.055899585 0.037117626 0.044858428 0.041582081 0.000000000 0.045859366 0.057117475 0.040048804 0.049955536 0.062266801 0.079695457 0.083569881 0.082373662 0.073026771 0.096863145 0.094767622 0.096593715 0.097768510 0.122018265 0.104894940 0.103335698 0.105986584 0.108526279 0.107776151 0.109672327 0.110107525 0.111447196 0.112314081 0.114096360 0.108549369 0.114038695 0.114249202 0.112842061 0.185844005 
17     0.150808628 0.106735371 0.106538422 0.104163240 0.104639233 0.110498791 0.111752814 0.108388290 0.116818497 0.104699999 0.105298221 0.112758948 0.098859348 0.110328262 0.079815680 0.090518272 0.080159979 0.054144736 0.036127502 0.047041002 0.043751650 0.045859366 0.000000000 0.035186327 0.027727059 0.048312391 0.060509446 0.077848910 0.081723334 0.080527114 0.071179835 0.095104000 0.093008477 0.094834570 0.096009365 0.120259119 0.103132656 0.101573414 0.104224300 0.106763995 0.106013867 0.107910043 0.108345241 0.109684912 0.110551797 0.112334076 0.106787085 0.112276411 0.112486918 0.111079777 0.184081361 
32     0.161984071 0.117910814 0.117713865 0.115338683 0.115814676 0.121674234 0.122928257 0.119563733 0.127993940 0.115875442 0.116473664 0.123934391 0.110034791 0.121503705 0.090990436 0.101693028 0.091334735 0.065314135 0.047411143 0.058333716 0.055024425 0.057117475 0.035186327 0.000000000 0.039192821 0.059463948 0.071770730 0.089055993 0.092930418 0.091734198 0.082386919 0.106279442 0.104183920 0.106010013 0.107184808 0.131434562 0.114308099 0.112748857 0.115399743 0.117939438 0.117189310 0.119085485 0.119520683 0.120860355 0.121727240 0.123509518 0.117962528 0.123451854 0.123662361 0.122255220 0.195256804 
12     0.144809429 0.100736171 0.100539222 0.098164040 0.098640033 0.104499591 0.105753615 0.102389090 0.110819298 0.098693478 0.099291700 0.106752427 0.092852827 0.104321741 0.073808194 0.084510785 0.074152493 0.048242260 0.030174846 0.040534654 0.037497104 0.040048804 0.027727059 0.039192821 0.000000000 0.041984178 0.054544983 0.071896665 0.075771089 0.074574870 0.065227590 0.089106478 0.087010955 0.088837048 0.090011843 0.114261597 0.097135134 0.095575892 0.098226778 0.100766473 0.100016345 0.101912521 0.102347719 0.103687390 0.104554275 0.106336554 0.100789563 0.106278889 0.106489396 0.105082255 0.178082161 
31     0.148868768 0.104795510 0.104598562 0.102223380 0.102699372 0.108558930 0.109812954 0.106448429 0.114878637 0.102751632 0.103349854 0.110810581 0.096910981 0.108379895 0.077845086 0.088547678 0.078151482 0.051865776 0.040967665 0.050329902 0.047327051 0.049955536 0.048312391 0.059463948 0.041984178 0.000000000 0.058555851 0.076024788 0.079901580 0.078705360 0.069467226 0.093159864 0.091064341 0.092890434 0.094065229 0.118314984 0.101191659 0.099632417 0.102283303 0.104822998 0.104072870 0.105969046 0.106404244 0.107743915 0.108610800 0.110393079 0.104846088 0.110335414 0.110545921 0.109138780 0.182141501 
21     0.143889613 0.099816355 0.099619407 0.097244225 0.097720217 0.103579775 0.104833799 0.101469274 0.109899482 0.097747525 0.098345747 0.105708507 0.091808908 0.103277822 0.072837938 0.083540530 0.073170506 0.053643619 0.053169231 0.063020216 0.059770581 0.062266801 0.060509446 0.071770730 0.054544983 0.058555851 0.000000000 0.070507323 0.074376915 0.073180695 0.063907470 0.088105787 0.086010264 0.087847539 0.089022334 0.113272088 0.096138731 0.094579488 0.097230375 0.099770069 0.099019941 0.100916117 0.101351315 0.102690986 0.103557871 0.105340150 0.099793160 0.105282486 0.105492992 0.104085852 0.177096881 
16     0.150665642 0.106592384 0.106395436 0.104020254 0.104496247 0.110358643 0.111612666 0.108248142 0.116675511 0.104561729 0.105159951 0.112578716 0.098679121 0.110148035 0.079743944 0.090446536 0.079992673 0.070958713 0.070523275 0.080474812 0.077239841 0.079695457 0.077848910 0.089055993 0.071896665 0.076024788 0.070507323 0.000000000 0.028509389 0.027156450 0.046195244 0.094926159 0.092830636 0.094633430 0.095808226 0.120057980 0.102803936 0.101244694 0.103896263 0.106435957 0.105685829 0.107582005 0.108017203 0.109356874 0.110223759 0.112005356 0.106458365 0.111947691 0.112158198 0.110751057 0.183871919 
29     0.154614358 0.110541100 0.110344152 0.107968969 0.108444962 0.114307358 0.115561382 0.112196857 0.120624227 0.108510444 0.109108666 0.116527431 0.102627836 0.114096750 0.083693245 0.094395837 0.083941468 0.074870079 0.074397699 0.084349236 0.081114266 0.083569881 0.081723334 0.092930418 0.075771089 0.079901580 0.074376915 0.028509389 0.000000000 0.018320940 0.050198400 0.098874874 0.096779351 0.098582146 0.099756941 0.124006695 0.106752651 0.105193409 0.107844978 0.110384673 0.109634545 0.111530721 0.111965919 0.113305590 0.114172475 0.115954071 0.110407081 0.115896407 0.116106913 0.114699772 0.187820634 
45     0.153394967 0.109321710 0.109124761 0.106749579 0.107225572 0.113087968 0.114341992 0.110977467 0.119404836 0.107291054 0.107889276 0.115308041 0.101408446 0.112877360 0.082473855 0.093176447 0.082722112 0.073673859 0.073201479 0.083153017 0.079918046 0.082373662 0.080527114 0.091734198 0.074574870 0.078705360 0.073180695 0.027156450 0.018320940 0.000000000 0.048900247 0.097655484 0.095559961 0.097362756 0.098537551 0.122787305 0.105533261 0.103974019 0.106625588 0.109165282 0.108415155 0.110311330 0.110746528 0.112086199 0.112953084 0.114734681 0.109187690 0.114677016 0.114887523 0.113480382 0.186601244 
36     0.143989269 0.099916011 0.099719063 0.097343881 0.097819874 0.103682270 0.104936293 0.101571769 0.109999138 0.097987483 0.098585705 0.105925652 0.092026057 0.103494971 0.073109024 0.083811616 0.073336920 0.064369907 0.063857926 0.073811516 0.070567231 0.073026771 0.071179835 0.082386919 0.065227590 0.069467226 0.063907470 0.046195244 0.050198400 0.048900247 0.000000000 0.088311048 0.086215525 0.088018320 0.089193115 0.113442869 0.096202237 0.094642995 0.097294564 0.099834258 0.099084130 0.100980306 0.101415504 0.102755175 0.103622060 0.105403657 0.099856666 0.105345992 0.105556499 0.104149358 0.177243347 
28     0.137913930 0.093798228 0.093601280 0.091216604 0.091692597 0.097549901 0.098803925 0.095439400 0.103869608 0.094547081 0.095145304 0.102966523 0.089079357 0.100478248 0.076617807 0.087313331 0.077325239 0.088366284 0.087709054 0.097679117 0.094413877 0.096863145 0.095104000 0.106279442 0.089106478 0.093159864 0.088105787 0.094926159 0.098874874 0.097655484 0.088311048 0.000000000 0.016380079 0.067140092 0.068305476 0.092632786 0.087115849 0.085556606 0.088064493 0.090601322 0.089851194 0.091747370 0.092182568 0.093522239 0.094389124 0.096233533 0.090686543 0.096175869 0.096386376 0.094979235 0.171288704 
27     0.135818408 0.091702705 0.091505757 0.089121081 0.089597074 0.095454379 0.096708402 0.093343877 0.101774085 0.092451559 0.093049781 0.100871001 0.086983834 0.098382726 0.074522284 0.085217808 0.075229716 0.086270761 0.085613531 0.095583595 0.092318355 0.094767622 0.093008477 0.104183920 0.087010955 0.091064341 0.086010264 0.092830636 0.096779351 0.095559961 0.086215525 0.016380079 0.000000000 0.065042545 0.066207930 0.090535240 0.085020326 0.083461084 0.085968970 0.088505799 0.087755671 0.089651847 0.090087045 0.091426716 0.092293601 0.094138010 0.088591020 0.094080346 0.094290853 0.092883712 0.169193182 
11     0.137643982 0.093527539 0.093330591 0.090985667 0.091461660 0.097318965 0.098572988 0.095208463 0.103638671 0.094069370 0.094667592 0.102566579 0.088684703 0.100083594 0.076227502 0.086924238 0.076880814 0.088100944 0.087439624 0.097409688 0.094144447 0.096593715 0.094834570 0.106010013 0.088837048 0.092890434 0.087847539 0.094633430 0.098582146 0.097362756 0.088018320 0.067140092 0.065042545 0.000000000 0.034488144 0.073618180 0.087153739 0.085594497 0.088020813 0.090558056 0.089807928 0.091704104 0.092139302 0.093478973 0.094345858 0.096175229 0.090628238 0.096117564 0.096328071 0.094920930 0.170824158 
26     0.138873604 0.094757161 0.094560212 0.092215289 0.092691281 0.098548586 0.099802609 0.096438085 0.104868292 0.095326698 0.095924920 0.103824110 0.089942234 0.101341126 0.077410658 0.088102480 0.078064248 0.089275740 0.088614419 0.098584483 0.095319243 0.097768510 0.096009365 0.107184808 0.090011843 0.094065229 0.089022334 0.095808226 0.099756941 0.098537551 0.089193115 0.068305476 0.066207930 0.034488144 0.000000000 0.074713465 0.088287590 0.086728348 0.089154664 0.091691907 0.090941779 0.092837955 0.093273153 0.094612824 0.095479709 0.097309080 0.091762089 0.097251415 0.097461922 0.096054781 0.172046812 
43     0.163116021 0.118999578 0.118802630 0.116457706 0.116933699 0.122791003 0.124045027 0.120680502 0.129110710 0.119553358 0.120151580 0.128050770 0.114168894 0.125567786 0.101653869 0.112350606 0.102311970 0.113525494 0.112864174 0.122834237 0.119568997 0.122018265 0.120259119 0.131434562 0.114261597 0.118314984 0.113272088 0.120057980 0.124006695 0.122787305 0.113442869 0.092632786 0.090535240 0.073618180 0.074713465 0.000000000 0.112600966 0.111041724 0.113468040 0.116005284 0.115255156 0.117151331 0.117586529 0.118926201 0.119793086 0.121622456 0.116075466 0.121564792 0.121775298 0.120368157 0.196283732 
14     0.146499619 0.102358553 0.102161604 0.099695424 0.100171416 0.106031559 0.107285583 0.103921058 0.112348427 0.102914685 0.103512908 0.111179637 0.097342507 0.108725573 0.084764117 0.095460888 0.085120272 0.096400390 0.095737710 0.105707774 0.102442534 0.104894940 0.103132656 0.114308099 0.097135134 0.101191659 0.096138731 0.102803936 0.106752651 0.105533261 0.096202237 0.087115849 0.085020326 0.087153739 0.088287590 0.112600966 0.000000000 0.025931367 0.062031280 0.064461180 0.063771011 0.065664333 0.066067256 0.067432728 0.068224501 0.070262027 0.064722007 0.070052017 0.070221159 0.068815752 0.179437543 
37     0.144940376 0.100799311 0.100602362 0.098136181 0.098612174 0.104472317 0.105726340 0.102361816 0.110789185 0.101355443 0.101953665 0.109620395 0.095783264 0.107166331 0.083204874 0.093901645 0.083561029 0.094841147 0.094178468 0.104148531 0.100883291 0.103335698 0.101573414 0.112748857 0.095575892 0.099632417 0.094579488 0.101244694 0.105193409 0.103974019 0.094642995 0.085556606 0.083461084 0.085594497 0.086728348 0.111041724 0.025931367 0.000000000 0.060483841 0.062903634 0.062213465 0.064106787 0.064509710 0.065875182 0.066666955 0.068704097 0.063164077 0.068516079 0.068685221 0.067279814 0.177878301 
46     0.147453303 0.103312238 0.103115289 0.100649108 0.101125101 0.106985244 0.108239267 0.104874743 0.113302112 0.103890336 0.104488558 0.112210867 0.098372610 0.109755677 0.085847060 0.096543831 0.086226243 0.097492034 0.096829355 0.106799418 0.103534178 0.105986584 0.104224300 0.115399743 0.098226778 0.102283303 0.097230375 0.103896263 0.107844978 0.106625588 0.097294564 0.088064493 0.085968970 0.088020813 0.089154664 0.113468040 0.062031280 0.060483841 0.000000000 0.051720299 0.050907015 0.052696529 0.053184005 0.054526938 0.055340052 0.060258965 0.055044236 0.060246307 0.060554117 0.059154841 0.180429329 
10     0.149989457 0.105848392 0.105651443 0.103185262 0.103661255 0.109521398 0.110775421 0.107410897 0.115838266 0.106430030 0.107028252 0.114750561 0.100912305 0.112295371 0.088386754 0.099083525 0.088765937 0.100031728 0.099369049 0.109339113 0.106073873 0.108526279 0.106763995 0.117939438 0.100766473 0.104822998 0.099770069 0.106435957 0.110384673 0.109165282 0.099834258 0.090601322 0.088505799 0.090558056 0.091691907 0.116005284 0.064461180 0.062903634 0.051720299 0.000000000 0.030430499 0.034221801 0.034831013 0.035810299 0.036678706 0.063124444 0.057747342 0.063143735 0.063385653 0.061975165 0.182965483 
39     0.149239330 0.105098264 0.104901315 0.102435134 0.102911127 0.108771270 0.110025293 0.106660769 0.115088138 0.105679902 0.106278125 0.114000433 0.100162177 0.111545244 0.087636627 0.098333398 0.088015809 0.099281600 0.098618921 0.108588985 0.105323745 0.107776151 0.106013867 0.117189310 0.100016345 0.104072870 0.099019941 0.105685829 0.109634545 0.108415155 0.099084130 0.089851194 0.087755671 0.089807928 0.090941779 0.115255156 0.063771011 0.062213465 0.050907015 0.030430499 0.000000000 0.032444898 0.033066080 0.034038238 0.035293652 0.062092788 0.056790879 0.062189398 0.062404201 0.060980347 0.182215355 
44     0.151135505 0.106994439 0.106797491 0.104331310 0.104807303 0.110667446 0.111921469 0.108556944 0.116984314 0.107576078 0.108174300 0.115896609 0.102058353 0.113441419 0.089532802 0.100229573 0.089911985 0.101177776 0.100515097 0.110485160 0.107219920 0.109672327 0.107910043 0.119085485 0.101912521 0.105969046 0.100916117 0.107582005 0.111530721 0.110311330 0.100980306 0.091747370 0.089651847 0.091704104 0.092837955 0.117151331 0.065664333 0.064106787 0.052696529 0.034221801 0.032444898 0.000000000 0.012407385 0.028265114 0.028549827 0.063995232 0.058594810 0.063959793 0.064218796 0.062824775 0.184111531 
18     0.151570703 0.107429637 0.107232689 0.104766508 0.105242501 0.111102644 0.112356667 0.108992142 0.117419512 0.108011276 0.108609498 0.116331807 0.102493551 0.113876617 0.089968000 0.100664771 0.090347183 0.101612974 0.100950295 0.110920358 0.107655118 0.110107525 0.108345241 0.119520683 0.102347719 0.106404244 0.101351315 0.108017203 0.111965919 0.110746528 0.101415504 0.092182568 0.090087045 0.092139302 0.093273153 0.117586529 0.066067256 0.064509710 0.053184005 0.034831013 0.033066080 0.012407385 0.000000000 0.029118593 0.029627612 0.064431761 0.059031339 0.064396323 0.064680672 0.063261305 0.184546729 
13     0.152910375 0.108769309 0.108572360 0.106106179 0.106582172 0.112442315 0.113696338 0.110331814 0.118759183 0.109350947 0.109949169 0.117671478 0.103833222 0.115216289 0.091307671 0.102004442 0.091686854 0.102952645 0.102289966 0.112260030 0.108994790 0.111447196 0.109684912 0.120860355 0.103687390 0.107743915 0.102690986 0.109356874 0.113305590 0.112086199 0.102755175 0.093522239 0.091426716 0.093478973 0.094612824 0.118926201 0.067432728 0.065875182 0.054526938 0.035810299 0.034038238 0.028265114 0.029118593 0.000000000 0.027544951 0.065827287 0.060483066 0.065859994 0.066119572 0.064722677 0.185886400 
48     0.153777259 0.109636194 0.109439245 0.106973064 0.107449057 0.113309200 0.114563223 0.111198699 0.119626068 0.110217832 0.110816054 0.118538363 0.104700107 0.116083173 0.092174556 0.102871327 0.092553739 0.103819530 0.103156851 0.113126915 0.109861674 0.112314081 0.110551797 0.121727240 0.104554275 0.108610800 0.103557871 0.110223759 0.114172475 0.112953084 0.103622060 0.094389124 0.092293601 0.094345858 0.095479709 0.119793086 0.068224501 0.066666955 0.055340052 0.036678706 0.035293652 0.028549827 0.029627612 0.027544951 0.000000000 0.066605259 0.061266005 0.066696210 0.066913529 0.065516461 0.186753285 
34     0.155562416 0.111421350 0.111224401 0.108758220 0.109234213 0.115094356 0.116348379 0.112983855 0.121411224 0.112041220 0.112639442 0.120309898 0.106471642 0.117854708 0.093949732 0.104646503 0.094325959 0.105601809 0.104939130 0.114909193 0.111643953 0.114096360 0.112334076 0.123509518 0.106336554 0.110393079 0.105340150 0.112005356 0.115954071 0.114734681 0.105403657 0.096233533 0.094138010 0.096175229 0.097309080 0.121622456 0.070262027 0.068704097 0.060258965 0.063124444 0.062092788 0.063995232 0.064431761 0.065827287 0.066605259 0.000000000 0.027127017 0.038271939 0.038933631 0.037588219 0.188552920 
41     0.150015425 0.105874359 0.105677411 0.103211230 0.103687223 0.109547365 0.110801389 0.107436864 0.115864234 0.106494229 0.107092451 0.114762908 0.100924651 0.112307718 0.088402742 0.099099513 0.088778969 0.100054819 0.099392140 0.109362203 0.106096963 0.108549369 0.106787085 0.117962528 0.100789563 0.104846088 0.099793160 0.106458365 0.110407081 0.109187690 0.099856666 0.090686543 0.088591020 0.090628238 0.091762089 0.116075466 0.064722007 0.063164077 0.055044236 0.057747342 0.056790879 0.058594810 0.059031339 0.060483066 0.061266005 0.027127017 0.000000000 0.032749488 0.033063876 0.031546088 0.183005930 
19     0.155504751 0.111363685 0.111166737 0.108700556 0.109176549 0.115036691 0.116290715 0.112926190 0.121353560 0.111983555 0.112581778 0.120252234 0.106413977 0.117797044 0.093892068 0.104588839 0.094268295 0.105544145 0.104881466 0.114851529 0.111586289 0.114038695 0.112276411 0.123451854 0.106278889 0.110335414 0.105282486 0.111947691 0.115896407 0.114677016 0.105345992 0.096175869 0.094080346 0.096117564 0.097251415 0.121564792 0.070052017 0.068516079 0.060246307 0.063143735 0.062189398 0.063959793 0.064396323 0.065859994 0.066696210 0.038271939 0.032749488 0.000000000 0.018510566 0.020711697 0.188495256 
38     0.155715258 0.111574192 0.111377244 0.108911063 0.109387055 0.115247198 0.116501222 0.113136697 0.121564066 0.112194062 0.112792284 0.120462741 0.106624484 0.118007551 0.094102575 0.104799346 0.094478802 0.105754651 0.105091972 0.115062036 0.111796796 0.114249202 0.112486918 0.123662361 0.106489396 0.110545921 0.105492992 0.112158198 0.116106913 0.114887523 0.105556499 0.096386376 0.094290853 0.096328071 0.097461922 0.121775298 0.070221159 0.068685221 0.060554117 0.063385653 0.062404201 0.064218796 0.064680672 0.066119572 0.066913529 0.038933631 0.033063876 0.018510566 0.000000000 0.021037736 0.188705763 
47     0.154308117 0.110167051 0.109970103 0.107503922 0.107979915 0.113840057 0.115094081 0.111729556 0.120156926 0.110786921 0.111385143 0.119055600 0.105217343 0.116600410 0.092695434 0.103392205 0.093071661 0.104347510 0.103684831 0.113654895 0.110389655 0.112842061 0.111079777 0.122255220 0.105082255 0.109138780 0.104085852 0.110751057 0.114699772 0.113480382 0.104149358 0.094979235 0.092883712 0.094920930 0.096054781 0.120368157 0.068815752 0.067279814 0.059154841 0.061975165 0.060980347 0.062824775 0.063261305 0.064722677 0.065516461 0.037588219 0.031546088 0.020711697 0.021037736 0.000000000 0.187298622 
0     0.216590382 0.172475371 0.172278422 0.169703477 0.170179470 0.176084514 0.177338537 0.173974012 0.182402442 0.183564198 0.184162420 0.191898214 0.178039621 0.189469371 0.165626086 0.176311171 0.166294437 0.177330595 0.176685974 0.186656038 0.183390797 0.185844005 0.184081361 0.195256804 0.178082161 0.182141501 0.177096881 0.183871919 0.187820634 0.186601244 0.177243347 0.171288704 0.169193182 0.170824158 0.172046812 0.196283732 0.179437543 0.177878301 0.180429329 0.182965483 0.182215355 0.184111531 0.184546729 0.185886400 0.186753285 0.188552920 0.183005930 0.188495256 0.188705763 0.187298622 0.000000000 
