51
2     0.000000000 0.006012380 0.004637490 0.010692430 0.007040200 0.004811000 0.008584550 0.006433660 0.007735800 0.017813620 0.014221200 0.008067990 0.009778960 0.006580160 0.017698280 0.006745080 0.002694180 0.010257740 0.013131940 0.026601430 0.012838570 0.017404790 0.024593320 0.018633540 0.016665640 0.024875470 0.011643640 0.011412540 0.016077410 0.014618480 0.006352220 0.008118450 0.008838570 0.017657260 0.017888120 0.023855150 0.007207410 0.016060600 0.021316670 0.015668020 0.023230390 0.026581320 0.026034790 0.016385140 0.016114850 0.027023780 0.028036490 0.027774850 0.025398810 0.027936810 0.008704660 
5     0.006012380 0.000000000 0.000200180 0.003042710 0.003922090 0.003879810 0.007775360 0.006036180 0.002510230 0.014574780 0.011205750 0.023777550 0.021254770 0.020339990 0.014304110 0.012738820 0.009939400 0.021733550 0.026004610 0.023661240 0.024510430 0.023398530 0.029603300 0.024627280 0.022659380 0.030856320 0.023119450 0.023807440 0.026793140 0.026127570 0.021796440 0.011765990 0.007111240 0.019216330 0.024687570 0.031107230 0.026429580 0.026208650 0.020370630 0.017401810 0.025124690 0.015507810 0.015201780 0.024850460 0.025151630 0.030093030 0.027474130 0.025945870 0.028876610 0.027689220 0.002384060 
6     0.004637490 0.000200180 0.000000000 0.006001030 0.002343250 0.003965910 0.006196520 0.004509700 0.006367100 0.014883720 0.011514690 0.024086490 0.021308980 0.025384340 0.014613050 0.012222620 0.010248340 0.024082710 0.025488410 0.025330370 0.023994230 0.022882330 0.026673360 0.024111080 0.022143180 0.026297250 0.022345360 0.023453820 0.026277550 0.025317630 0.024658140 0.010718390 0.010450390 0.018168730 0.024171370 0.030591640 0.023499640 0.023278710 0.023767420 0.020787150 0.023514340 0.018893150 0.018587120 0.023240110 0.032976070 0.027163090 0.024544190 0.025168860 0.032261950 0.025524740 0.018569700 
3     0.010692430 0.003042710 0.006001030 0.000000000 0.000021540 0.002755260 0.003812720 0.001773750 0.003301100 0.020915250 0.018922760 0.018488250 0.022031660 0.017000420 0.022021120 0.022443760 0.013114440 0.022689550 0.023552200 0.033559320 0.023258830 0.027916250 0.030035670 0.030800530 0.029900410 0.031720980 0.026139960 0.021134580 0.025975790 0.022781360 0.016772480 0.018947880 0.013997220 0.013357370 0.015170470 0.029561780 0.017627670 0.025853540 0.020678840 0.021831150 0.028104820 0.019937150 0.019631120 0.022173920 0.023939780 0.030957690 0.028019500 0.026254080 0.031259360 0.029225600 0.009270040 
7     0.007040200 0.003922090 0.002343250 0.000021540 0.000000000 0.002040720 0.003861390 0.001228990 0.003545880 0.016895210 0.020105820 0.013594290 0.015962120 0.012106460 0.016894430 0.013000360 0.008220480 0.016440900 0.018658240 0.027197730 0.018364870 0.023660070 0.030493150 0.024888820 0.022920920 0.030664480 0.017826800 0.016938840 0.021603710 0.020144780 0.011878520 0.014301610 0.015021730 0.013595760 0.015408860 0.018843280 0.012733710 0.020007770 0.022220290 0.021851180 0.026869480 0.017501960 0.020115770 0.016328150 0.018094010 0.031031360 0.028412460 0.025805340 0.025956630 0.025118780 0.014063600 
1     0.004811000 0.003879810 0.003965910 0.002755260 0.002040720 0.000000000 0.000004040 0.000277120 0.004263760 0.018916170 0.017145860 0.012296270 0.015839680 0.010808440 0.020244220 0.007752920 0.006922460 0.016497570 0.017360220 0.031375320 0.017066850 0.018412630 0.025601160 0.019641380 0.017673480 0.025713630 0.022198680 0.015640820 0.020305690 0.018846760 0.010580500 0.017459400 0.012508740 0.018665100 0.019701670 0.026331120 0.011435690 0.022595890 0.022324510 0.021338240 0.026691940 0.020090080 0.022703890 0.018916270 0.020343130 0.031252060 0.032986780 0.032003130 0.033401990 0.024072550 0.007781560 
9     0.008584550 0.007775360 0.006196520 0.003812720 0.003861390 0.000004040 0.000000000 0.000106570 0.004604340 0.017381660 0.014012630 0.021623950 0.025167360 0.020136120 0.016578900 0.011526470 0.012746280 0.025825250 0.024792260 0.033925990 0.023298080 0.022186180 0.029374710 0.023414930 0.021447030 0.027539330 0.022415880 0.024968500 0.026699900 0.027929960 0.019908180 0.019294740 0.014344080 0.018845550 0.021811020 0.023814220 0.020763370 0.025961030 0.026098060 0.030665920 0.030523550 0.025192730 0.027806540 0.024018920 0.025784780 0.032531580 0.029912680 0.030776280 0.030927570 0.030089720 0.009616900 
8     0.006433660 0.006036180 0.004509700 0.001773750 0.001228990 0.000277120 0.000106570 0.000000000 0.006204160 0.019395280 0.018985520 0.012516770 0.016060180 0.011028940 0.019678910 0.015239620 0.007142960 0.016718070 0.017580720 0.032924180 0.017287350 0.024583650 0.026165590 0.026930450 0.025160180 0.030639340 0.022419180 0.015861320 0.020526190 0.019067260 0.010801000 0.022778180 0.019133070 0.017884380 0.020849850 0.022853050 0.011656190 0.024999860 0.026892270 0.021558740 0.028653180 0.028381850 0.030995660 0.020833920 0.020563630 0.031472560 0.029424340 0.029815110 0.029966400 0.029128550 0.019257490 
4     0.007735800 0.002510230 0.006367100 0.003301100 0.003545880 0.004263760 0.004604340 0.006204160 0.000000000 0.017708190 0.024064650 0.013818910 0.017362320 0.012331080 0.017707410 0.015431950 0.008445100 0.017952410 0.018882860 0.028689680 0.018589490 0.029847550 0.032149680 0.031189800 0.028369540 0.029302220 0.019338310 0.017163460 0.021828330 0.020369400 0.012103140 0.012932390 0.007981730 0.022611040 0.021451790 0.031501490 0.012958330 0.021069120 0.028221890 0.019675290 0.021108480 0.018563310 0.020819790 0.017389500 0.019155360 0.032774700 0.030270090 0.033525770 0.034494620 0.031453630 0.003254550 
49     0.017813620 0.014574780 0.014883720 0.020915250 0.016895210 0.018916170 0.017381660 0.019395280 0.017708190 0.000000000 0.000242690 0.008882810 0.011148060 0.008726060 0.007923990 0.007441870 0.007655100 0.010641530 0.011736860 0.011318730 0.010193560 0.013068910 0.015453740 0.015117370 0.010883720 0.012007950 0.011255030 0.012127430 0.018044860 0.018272790 0.008734360 0.005085150 0.008160900 0.011562430 0.011023820 0.004700140 0.008736490 0.009693410 0.003910490 0.005675470 0.003154450 0.009561730 0.009166740 0.007488110 0.007364220 0.007593520 0.020150950 0.007469050 0.016465540 0.012528560 0.021129600 
22     0.014221200 0.011205750 0.011514690 0.018922760 0.020105820 0.017145860 0.014012630 0.018985520 0.024064650 0.000242690 0.000000000 0.010879970 0.008826420 0.011539020 0.008906840 0.007179500 0.004542130 0.010821050 0.013794860 0.009787180 0.008662010 0.011537360 0.013922190 0.015296890 0.009352170 0.020820790 0.011434550 0.010595880 0.016513310 0.017560430 0.008913880 0.005264670 0.008186100 0.007970010 0.007431400 0.006252970 0.011842610 0.016037370 0.010254450 0.012019430 0.009498410 0.015905690 0.015510700 0.010409280 0.013708180 0.013937480 0.019283390 0.013813010 0.014942090 0.018872520 0.017537180 
30     0.008067990 0.023777550 0.024086490 0.018488250 0.013594290 0.012296270 0.021623950 0.012516770 0.013818910 0.008882810 0.010879970 0.000000000 0.001031480 0.001765980 0.012210970 0.012384420 0.005009770 0.009629410 0.015976130 0.017636090 0.015682760 0.015402270 0.023682850 0.033509090 0.025995730 0.022131570 0.006080990 0.014256730 0.018921600 0.017462670 0.009196410 0.003573720 0.009193430 0.020832550 0.018526470 0.014032440 0.013237920 0.015197500 0.013619730 0.016410710 0.025951130 0.019370360 0.018333720 0.022415650 0.022145360 0.030166860 0.028710530 0.028936040 0.026678620 0.023496950 0.020839220 
42     0.009778960 0.021254770 0.021308980 0.022031660 0.015962120 0.015839680 0.025167360 0.016060180 0.017362320 0.011148060 0.008826420 0.001031480 0.000000000 0.001148750 0.014114460 0.013093760 0.009081780 0.015614220 0.008848030 0.017867450 0.008626220 0.019617630 0.015745290 0.012589760 0.014249840 0.009119120 0.004115000 0.017688110 0.021612810 0.021006080 0.012739820 0.011159670 0.014195050 0.022091600 0.016216100 0.018555550 0.016781330 0.025846280 0.015666480 0.019382280 0.021918010 0.016959020 0.016564840 0.017500180 0.016311840 0.029636010 0.021802340 0.021004120 0.023659610 0.017231700 0.024382630 
24     0.006580160 0.020339990 0.025384340 0.017000420 0.012106460 0.010808440 0.020136120 0.011028940 0.012331080 0.008726060 0.011539020 0.001765980 0.001148750 0.000000000 0.011245880 0.012178980 0.004050540 0.013625650 0.003253280 0.016972360 0.003031470 0.019460140 0.022935850 0.006995010 0.008655090 0.003524370 0.013530490 0.012768900 0.017433770 0.015974840 0.007708580 0.005564920 0.013280270 0.016023630 0.017058580 0.018930910 0.011750090 0.018245360 0.010071730 0.013787530 0.026291170 0.011364270 0.010970090 0.011905430 0.010717090 0.029579920 0.016207590 0.015409370 0.018064860 0.011636950 0.019351390 
25     0.017698280 0.014304110 0.014613050 0.022021120 0.016894430 0.020244220 0.016578900 0.019678910 0.017707410 0.007923990 0.008906840 0.012210970 0.014114460 0.011245880 0.000000000 0.000518160 0.000616820 0.007316110 0.010840690 0.015219770 0.013937150 0.017696180 0.016916030 0.017900690 0.013135890 0.014430050 0.010194040 0.011647260 0.016222880 0.013511070 0.010766510 0.012100510 0.011788630 0.014247090 0.015272560 0.008705120 0.015597600 0.012122290 0.008105420 0.009668250 0.010015560 0.016422840 0.016027850 0.014349220 0.013627250 0.014454630 0.022192990 0.014330160 0.018211120 0.018112690 0.022754970 
40     0.006745080 0.012738820 0.012222620 0.022443760 0.013000360 0.007752920 0.011526470 0.015239620 0.015431950 0.007441870 0.007179500 0.012384420 0.013093760 0.012178980 0.000518160 0.000000000 0.000966970 0.003208380 0.015646210 0.018753270 0.014472850 0.013360950 0.015221990 0.014589700 0.012621800 0.014882410 0.004594280 0.005282270 0.015721250 0.015099030 0.004477080 0.008865240 0.011382790 0.016187520 0.017051270 0.015288670 0.010420080 0.011524200 0.010289480 0.012054460 0.009533440 0.014824480 0.014518450 0.013867100 0.013743210 0.013972510 0.022997150 0.013848040 0.022844530 0.018907550 0.019811660 
50     0.002694180 0.009939400 0.010248340 0.013114440 0.008220480 0.006922460 0.012746280 0.007142960 0.008445100 0.007655100 0.004542130 0.005009770 0.009081780 0.004050540 0.000616820 0.000966970 0.000000000 0.004065950 0.010521040 0.013694850 0.010227670 0.012943140 0.019041360 0.017363830 0.014201730 0.012459540 0.005451850 0.006139840 0.013466510 0.008866710 0.003741320 0.011520240 0.009109190 0.011250960 0.011854380 0.015105210 0.007864110 0.008420310 0.010387520 0.013693000 0.013649810 0.009083070 0.011696880 0.007909260 0.009675120 0.021367810 0.019383010 0.013156600 0.016919010 0.011986620 0.015465410 
15     0.010257740 0.021733550 0.024082710 0.022689550 0.016440900 0.016497570 0.025825250 0.016718070 0.017952410 0.010641530 0.010821050 0.009629410 0.015614220 0.013625650 0.007316110 0.003208380 0.004065950 0.000000000 0.003786450 0.003946860 0.003493080 0.007719830 0.003538380 0.010165030 0.005177730 0.002399550 0.002547450 0.003064230 0.008854070 0.005404200 0.002259040 0.006110230 0.013903250 0.013710300 0.014735770 0.021771890 0.017439220 0.009683580 0.010274420 0.013579900 0.013536710 0.017292160 0.016986130 0.014300510 0.013090460 0.021254710 0.026246780 0.017717770 0.017674330 0.017575900 0.025040520 
20     0.013131940 0.026004610 0.025488410 0.023552200 0.018658240 0.017360220 0.024792260 0.017580720 0.018882860 0.011736860 0.013794860 0.015976130 0.008848030 0.003253280 0.010840690 0.015646210 0.010521040 0.003786450 0.000000000 0.002670810 0.000036940 0.001236120 0.002270700 0.003950090 0.001952200 0.000979630 0.007346750 0.010653560 0.013488770 0.011208580 0.012333110 0.008478000 0.017446560 0.013213080 0.014238550 0.023374250 0.018301870 0.025670770 0.009777200 0.013082680 0.013039490 0.014277350 0.013883170 0.013803290 0.012593240 0.020757490 0.019120670 0.017220550 0.017177110 0.014550030 0.025903170 
23     0.026601430 0.023661240 0.025330370 0.033559320 0.027197730 0.031375320 0.033925990 0.032924180 0.028689680 0.011318730 0.009787180 0.017636090 0.017867450 0.016972360 0.015219770 0.018753270 0.013694850 0.003946860 0.002670810 0.000000000 0.000463650 0.000579490 0.005717330 0.007134250 0.000507410 0.001678080 0.001774030 0.006484010 0.016115990 0.008347820 0.009461510 0.017647150 0.018499060 0.018182510 0.019207980 0.022677430 0.025016040 0.021912440 0.014746630 0.018052110 0.018008920 0.023844150 0.023824980 0.018772720 0.017562670 0.025726920 0.027156830 0.022189980 0.022146540 0.022048110 0.038012920 
33     0.012838570 0.024510430 0.023994230 0.023258830 0.018364870 0.017066850 0.023298080 0.017287350 0.018589490 0.010193560 0.008662010 0.015682760 0.008626220 0.003031470 0.013937150 0.014472850 0.010227670 0.003493080 0.000036940 0.000463650 0.000000000 0.002799120 0.003739180 0.004219720 0.002800760 0.000757820 0.003539870 0.009073390 0.013134030 0.015905890 0.008018580 0.008256190 0.015655150 0.020158490 0.025609120 0.026735680 0.018008500 0.025486660 0.012763000 0.016478800 0.024306140 0.014055540 0.013661360 0.014596700 0.013408360 0.027257930 0.018898860 0.018100640 0.020756130 0.014328220 0.025609800 
35     0.017404790 0.023398530 0.022882330 0.027916250 0.023660070 0.018412630 0.022186180 0.024583650 0.029847550 0.013068910 0.011537360 0.015402270 0.019617630 0.019460140 0.017696180 0.013360950 0.012943140 0.007719830 0.001236120 0.000579490 0.002799120 0.000000000 0.004678640 0.004040200 0.002933540 0.002394660 0.008541460 0.011948740 0.016716680 0.016754640 0.012359730 0.020886610 0.021952550 0.025284860 0.025350630 0.023400870 0.024939830 0.024718900 0.022153100 0.023009500 0.024442690 0.027793620 0.027247090 0.026179190 0.024538700 0.028603280 0.025984380 0.029596450 0.029553010 0.029454580 0.031611230 
17     0.024593320 0.029603300 0.026673360 0.030035670 0.030493150 0.025601160 0.029374710 0.026165590 0.032149680 0.015453740 0.013922190 0.023682850 0.015745290 0.022935850 0.016916030 0.015221990 0.019041360 0.003538380 0.002270700 0.005717330 0.003739180 0.004678640 0.000000000 0.000542970 0.000313700 0.005810560 0.004193220 0.014333570 0.018298620 0.019528680 0.012239600 0.026792820 0.023065720 0.023123440 0.024148910 0.026816770 0.027491540 0.027270610 0.019687560 0.022993040 0.022949850 0.024144320 0.023838290 0.023713650 0.022503600 0.030173810 0.028536090 0.027130910 0.027087470 0.026989040 0.037197240 
32     0.018633540 0.024627280 0.024111080 0.030800530 0.024888820 0.019641380 0.023414930 0.026930450 0.031189800 0.015117370 0.015296890 0.033509090 0.012589760 0.006995010 0.017900690 0.014589700 0.017363830 0.010165030 0.003950090 0.007134250 0.004219720 0.004040200 0.000542970 0.000000000 0.002087140 0.004721360 0.014832120 0.017506140 0.019063480 0.020293540 0.013460110 0.012219730 0.021685270 0.023700030 0.024725500 0.026211520 0.031013230 0.030288310 0.016726540 0.020442340 0.023526440 0.018019080 0.017624900 0.018560240 0.017371900 0.031244440 0.022862400 0.022064180 0.024719670 0.018291760 0.044882400 
12     0.016665640 0.022659380 0.022143180 0.029900410 0.022920920 0.017673480 0.021447030 0.025160180 0.028369540 0.010883720 0.009352170 0.025995730 0.014249840 0.008655090 0.013135890 0.012621800 0.014201730 0.005177730 0.001952200 0.000507410 0.002800760 0.002933540 0.000313700 0.002087140 0.000000000 0.005029940 0.002880200 0.009763550 0.013216880 0.014580280 0.008101430 0.013879810 0.020175230 0.018076190 0.019101660 0.026540560 0.027201310 0.021816990 0.014640310 0.017945790 0.017902600 0.019679160 0.019284980 0.018666400 0.017456350 0.025620600 0.022606560 0.020749440 0.022040220 0.019951840 0.033417100 
31     0.024875470 0.030856320 0.026297250 0.031720980 0.030664480 0.025713630 0.027539330 0.030639340 0.029302220 0.012007950 0.020820790 0.022131570 0.009119120 0.003524370 0.014430050 0.014882410 0.012459540 0.002399550 0.000979630 0.001678080 0.000757820 0.002394660 0.005810560 0.004721360 0.005029940 0.000000000 0.006904510 0.010038830 0.014216680 0.011902640 0.009977930 0.008749090 0.018350380 0.024034090 0.020535090 0.021019070 0.024918570 0.024506610 0.013255900 0.016971700 0.024792090 0.014548440 0.014154260 0.015089600 0.013901260 0.023470970 0.019391760 0.018593540 0.021249030 0.014821120 0.026326140 
21     0.011643640 0.023119450 0.022345360 0.026139960 0.017826800 0.022198680 0.022415880 0.022419180 0.019338310 0.011255030 0.011434550 0.006080990 0.004115000 0.013530490 0.010194040 0.004594280 0.005451850 0.002547450 0.007346750 0.001774030 0.003539870 0.008541460 0.004193220 0.014832120 0.002880200 0.006904510 0.000000000 0.009178270 0.012609490 0.002351020 0.005767180 0.007012510 0.006943960 0.014942680 0.015968150 0.023101170 0.023140330 0.022942610 0.011444080 0.014235060 0.014769090 0.020604320 0.020585150 0.015532890 0.014322840 0.022487090 0.018441790 0.016584670 0.018906710 0.016940550 0.026457820 
16     0.011412540 0.023807440 0.023453820 0.021134580 0.016938840 0.015640820 0.024968500 0.015861320 0.017163460 0.012127430 0.010595880 0.014256730 0.017688110 0.012768900 0.011647260 0.005282270 0.006139840 0.003064230 0.010653560 0.006484010 0.009073390 0.011948740 0.014333570 0.017506140 0.009763550 0.010038830 0.009178270 0.000000000 0.001537640 0.001139180 0.003708200 0.014074640 0.015977140 0.015760060 0.016785530 0.026185630 0.016582470 0.025120690 0.012324180 0.015629660 0.015586470 0.021421700 0.021402530 0.016350270 0.015140220 0.023304470 0.028296540 0.019767530 0.019724090 0.019598240 0.024183770 
29     0.016077410 0.026793140 0.026277550 0.025975790 0.021603710 0.020305690 0.026699900 0.020526190 0.021828330 0.018044860 0.016513310 0.018921600 0.021612810 0.017433770 0.016222880 0.015721250 0.013466510 0.008854070 0.013488770 0.016115990 0.013134030 0.016716680 0.018298620 0.019063480 0.013216880 0.014216680 0.012609490 0.001537640 0.000000000 0.000228560 0.001264550 0.021868020 0.021556140 0.018595270 0.019620740 0.029020840 0.021247340 0.020956010 0.015159390 0.018464870 0.018421680 0.024256910 0.024237740 0.019185480 0.017975430 0.026139680 0.027966610 0.022602740 0.022559300 0.022460870 0.028848640 
45     0.014618480 0.026127570 0.025317630 0.022781360 0.020144780 0.018846760 0.027929960 0.019067260 0.020369400 0.018272790 0.017560430 0.017462670 0.021006080 0.015974840 0.013511070 0.015099030 0.008866710 0.005404200 0.011208580 0.008347820 0.015905890 0.016754640 0.019528680 0.020293540 0.014580280 0.011902640 0.002351020 0.001139180 0.000228560 0.000000000 0.001398520 0.015938450 0.020591620 0.016315080 0.017340550 0.026740650 0.019788410 0.021198920 0.012879200 0.016184680 0.016141490 0.021976720 0.021957550 0.016905290 0.015695240 0.023859490 0.028209520 0.020322550 0.020279110 0.020180680 0.027389710 
36     0.006352220 0.021796440 0.024658140 0.016772480 0.011878520 0.010580500 0.019908180 0.010801000 0.012103140 0.008734360 0.008913880 0.009196410 0.012739820 0.007708580 0.010766510 0.004477080 0.003741320 0.002259040 0.012333110 0.009461510 0.008018580 0.012359730 0.012239600 0.013460110 0.008101430 0.009977930 0.005767180 0.003708200 0.001264550 0.001398520 0.000000000 0.012226510 0.013775900 0.020986580 0.019245980 0.021307220 0.011522150 0.022307960 0.017550700 0.017053260 0.014505490 0.025592350 0.025197360 0.018968840 0.018703940 0.023624140 0.024036320 0.023499670 0.024950610 0.019572640 0.019123450 
28     0.008118450 0.011765990 0.010718390 0.018947880 0.014301610 0.017459400 0.019294740 0.022778180 0.012932390 0.005085150 0.005264670 0.003573720 0.011159670 0.005564920 0.012100510 0.008865240 0.011520240 0.006110230 0.008478000 0.017647150 0.008256190 0.020886610 0.026792820 0.012219730 0.013879810 0.008749090 0.007012510 0.014074640 0.021868020 0.015938450 0.012226510 0.000000000 0.000027570 0.010252720 0.007477010 0.007084260 0.012421400 0.011678320 0.014625070 0.015955050 0.020501140 0.015851180 0.014814540 0.014804210 0.015898790 0.018126390 0.019621700 0.017764580 0.019337020 0.016818650 0.011605680 
27     0.008838570 0.007111240 0.010450390 0.013997220 0.015021730 0.012508740 0.014344080 0.019133070 0.007981730 0.008160900 0.008186100 0.009193430 0.014195050 0.013280270 0.011788630 0.011382790 0.009109190 0.013903250 0.017446560 0.018499060 0.015655150 0.021952550 0.023065720 0.021685270 0.020175230 0.018350380 0.006943960 0.015977140 0.021556140 0.020591620 0.013775900 0.000027570 0.000000000 0.007673650 0.010552760 0.005669150 0.015293580 0.016109750 0.013763270 0.017347500 0.020189260 0.017952620 0.018186070 0.014825900 0.018544670 0.020166100 0.019161770 0.017304650 0.019358710 0.017660530 0.006655020 
11     0.017657260 0.019216330 0.018168730 0.013357370 0.013595760 0.018665100 0.018845550 0.017884380 0.022611040 0.011562430 0.007970010 0.020832550 0.022091600 0.016023630 0.014247090 0.016187520 0.011250960 0.013710300 0.013213080 0.018182510 0.020158490 0.025284860 0.023123440 0.023700030 0.018076190 0.024034090 0.014942680 0.015760060 0.018595270 0.016315080 0.020986580 0.010252720 0.007673650 0.000000000 0.001541830 0.003225470 0.016043140 0.015499680 0.011159360 0.014464840 0.014421650 0.020256880 0.020237710 0.014609810 0.013975400 0.019514870 0.020419470 0.018602710 0.018559270 0.018460840 0.021742710 
26     0.017888120 0.024687570 0.024171370 0.015170470 0.015408860 0.019701670 0.021811020 0.020849850 0.021451790 0.011023820 0.007431400 0.018526470 0.016216100 0.017058580 0.015272560 0.017051270 0.011854380 0.014735770 0.014238550 0.019207980 0.025609120 0.025350630 0.024148910 0.024725500 0.019101660 0.020535090 0.015968150 0.016785530 0.019620740 0.017340550 0.019245980 0.007477010 0.010552760 0.001541830 0.000000000 0.007200860 0.015504530 0.019186020 0.012184830 0.015490310 0.015447120 0.021117980 0.021263180 0.014071200 0.015000870 0.021976220 0.027082130 0.019628180 0.018604010 0.019486310 0.018686590 
43     0.023855150 0.031107230 0.030591640 0.029561780 0.018843280 0.026331120 0.023814220 0.022853050 0.031501490 0.004700140 0.006252970 0.014032440 0.018555550 0.018930910 0.008705120 0.015288670 0.015105210 0.021771890 0.023374250 0.022677430 0.026735680 0.023400870 0.026816770 0.026211520 0.026540560 0.021019070 0.023101170 0.026185630 0.029020840 0.026740650 0.021307220 0.007084260 0.005669150 0.003225470 0.007200860 0.000000000 0.021471560 0.022631860 0.017037810 0.012370960 0.016281770 0.022689050 0.018191720 0.018381030 0.020491540 0.018294870 0.018101050 0.019301130 0.023491210 0.016760160 0.027171130 
14     0.007207410 0.026429580 0.023499640 0.017627670 0.012733710 0.011435690 0.020763370 0.011656190 0.012958330 0.008736490 0.011842610 0.013237920 0.016781330 0.011750090 0.015597600 0.010420080 0.007864110 0.017439220 0.018301870 0.025016040 0.018008500 0.024939830 0.027491540 0.031013230 0.027201310 0.024918570 0.023140330 0.016582470 0.021247340 0.019788410 0.011522150 0.012421400 0.015293580 0.016043140 0.015504530 0.021471560 0.000000000 0.000142990 0.003697590 0.009087780 0.008136350 0.011775250 0.010954650 0.004805330 0.007579320 0.014883010 0.008518160 0.013430460 0.009338140 0.011708740 0.019860080 
37     0.016060600 0.026208650 0.023278710 0.025853540 0.020007770 0.022595890 0.025961030 0.024999860 0.021069120 0.009693410 0.016037370 0.015197500 0.025846280 0.018245360 0.012122290 0.011524200 0.008420310 0.009683580 0.025670770 0.021912440 0.025486660 0.024718900 0.027270610 0.030288310 0.021816990 0.024506610 0.022942610 0.025120690 0.020956010 0.021198920 0.022307960 0.011678320 0.016109750 0.015499680 0.019186020 0.022631860 0.000142990 0.000000000 0.003827090 0.003298110 0.006425870 0.006829560 0.007071230 0.006718700 0.007447790 0.011199230 0.008386630 0.012705500 0.010529150 0.009908910 0.033198340 
46     0.021316670 0.020370630 0.023767420 0.020678840 0.022220290 0.022324510 0.026098060 0.026892270 0.028221890 0.003910490 0.010254450 0.013619730 0.015666480 0.010071730 0.008105420 0.010289480 0.010387520 0.010274420 0.009777200 0.014746630 0.012763000 0.022153100 0.019687560 0.016726540 0.014640310 0.013255900 0.011444080 0.012324180 0.015159390 0.012879200 0.017550700 0.014625070 0.013763270 0.011159360 0.012184830 0.017037810 0.003697590 0.003827090 0.000000000 0.002041520 0.002694660 0.002219780 0.001825600 0.002760940 0.001572600 0.002959380 0.001749930 0.006264880 0.007126670 0.002492460 0.034173920 
10     0.015668020 0.017401810 0.020787150 0.021831150 0.021851180 0.021338240 0.030665920 0.021558740 0.019675290 0.005675470 0.012019430 0.016410710 0.019382280 0.013787530 0.009668250 0.012054460 0.013693000 0.013579900 0.013082680 0.018052110 0.016478800 0.023009500 0.022993040 0.020442340 0.017945790 0.016971700 0.014235060 0.015629660 0.018464870 0.016184680 0.017053260 0.015955050 0.017347500 0.014464840 0.015490310 0.012370960 0.009087780 0.003298110 0.002041520 0.000000000 0.000546950 0.000930770 0.001923030 0.002444480 0.001519930 0.011200250 0.004271070 0.002031250 0.003550000 0.004273360 0.029762630 
39     0.023230390 0.025124690 0.023514340 0.028104820 0.026869480 0.026691940 0.030523550 0.028653180 0.021108480 0.003154450 0.009498410 0.025951130 0.021918010 0.026291170 0.010015560 0.009533440 0.013649810 0.013536710 0.013039490 0.018008920 0.024306140 0.024442690 0.022949850 0.023526440 0.017902600 0.024792090 0.014769090 0.015586470 0.018421680 0.016141490 0.014505490 0.020501140 0.020189260 0.014421650 0.015447120 0.016281770 0.008136350 0.006425870 0.002694660 0.000546950 0.000000000 0.000497630 0.001762200 0.002461500 0.000557630 0.008910010 0.007711560 0.002462480 0.006117950 0.009046330 0.031576700 
44     0.026581320 0.015507810 0.018893150 0.019937150 0.017501960 0.020090080 0.025192730 0.028381850 0.018563310 0.009561730 0.015905690 0.019370360 0.016959020 0.011364270 0.016422840 0.014824480 0.009083070 0.017292160 0.014277350 0.023844150 0.014055540 0.027793620 0.024144320 0.018019080 0.019679160 0.014548440 0.020604320 0.021421700 0.024256910 0.021976720 0.025592350 0.015851180 0.017952620 0.020256880 0.021117980 0.022689050 0.011775250 0.006829560 0.002219780 0.000930770 0.000497630 0.000000000 0.000133440 0.000783320 0.001481980 0.015085510 0.008005300 0.007207080 0.009862570 0.003434660 0.033084980 
18     0.026034790 0.015201780 0.018587120 0.019631120 0.020115770 0.022703890 0.027806540 0.030995660 0.020819790 0.009166740 0.015510700 0.018333720 0.016564840 0.010970090 0.016027850 0.014518450 0.011696880 0.016986130 0.013883170 0.023824980 0.013661360 0.027247090 0.023838290 0.017624900 0.019284980 0.014154260 0.020585150 0.021402530 0.024237740 0.021957550 0.025197360 0.014814540 0.018186070 0.020237710 0.021263180 0.018191720 0.010954650 0.007071230 0.001825600 0.001923030 0.001762200 0.000133440 0.000000000 0.001519390 0.001087800 0.014691520 0.007611120 0.006812900 0.009468390 0.003040480 0.037079230 
13     0.016385140 0.024850460 0.023240110 0.022173920 0.016328150 0.018916270 0.024018920 0.020833920 0.017389500 0.007488110 0.010409280 0.022415650 0.017500180 0.011905430 0.014349220 0.013867100 0.007909260 0.014300510 0.013803290 0.018772720 0.014596700 0.026179190 0.023713650 0.018560240 0.018666400 0.015089600 0.015532890 0.016350270 0.019185480 0.016905290 0.018968840 0.014804210 0.014825900 0.014609810 0.014071200 0.018381030 0.004805330 0.006718700 0.002760940 0.002444480 0.002461500 0.000783320 0.001519390 0.000000000 0.000264900 0.009233420 0.008546460 0.007748240 0.005572070 0.003975820 0.024181980 
48     0.016114850 0.025151630 0.032976070 0.023939780 0.018094010 0.020343130 0.025784780 0.020563630 0.019155360 0.007364220 0.013708180 0.022145360 0.016311840 0.010717090 0.013627250 0.013743210 0.009675120 0.013090460 0.012593240 0.017562670 0.013408360 0.024538700 0.022503600 0.017371900 0.017456350 0.013901260 0.014322840 0.015140220 0.017975430 0.015695240 0.018703940 0.015898790 0.018544670 0.013975400 0.015000870 0.020491540 0.007579320 0.007447790 0.001572600 0.001519930 0.000557630 0.001481980 0.001087800 0.000264900 0.000000000 0.010599820 0.007358120 0.006559900 0.009215390 0.002787480 0.028767520 
34     0.027023780 0.030093030 0.027163090 0.030957690 0.031031360 0.031252060 0.032531580 0.031472560 0.032774700 0.007593520 0.013937480 0.030166860 0.029636010 0.029579920 0.014454630 0.013972510 0.021367810 0.021254710 0.020757490 0.025726920 0.027257930 0.028603280 0.030173810 0.031244440 0.025620600 0.023470970 0.022487090 0.023304470 0.026139680 0.023859490 0.023624140 0.018126390 0.020166100 0.019514870 0.021976220 0.018294870 0.014883010 0.011199230 0.002959380 0.011200250 0.008910010 0.015085510 0.014691520 0.009233420 0.010599820 0.000000000 0.000339350 0.000206870 0.001026540 0.003127050 0.025773290 
41     0.028036490 0.027474130 0.024544190 0.028019500 0.028412460 0.032986780 0.029912680 0.029424340 0.030270090 0.020150950 0.019283390 0.028710530 0.021802340 0.016207590 0.022192990 0.022997150 0.019383010 0.026246780 0.019120670 0.027156830 0.018898860 0.025984380 0.028536090 0.022862400 0.022606560 0.019391760 0.018441790 0.028296540 0.027966610 0.028209520 0.024036320 0.019621700 0.019161770 0.020419470 0.027082130 0.018101050 0.008518160 0.008386630 0.001749930 0.004271070 0.007711560 0.008005300 0.007611120 0.008546460 0.007358120 0.000339350 0.000000000 0.002418970 0.002487560 0.003080260 0.037434780 
19     0.027774850 0.025945870 0.025168860 0.026254080 0.025805340 0.032003130 0.030776280 0.029815110 0.033525770 0.007469050 0.013813010 0.028936040 0.021004120 0.015409370 0.014330160 0.013848040 0.013156600 0.017717770 0.017220550 0.022189980 0.018100640 0.029596450 0.027130910 0.022064180 0.020749440 0.018593540 0.016584670 0.019767530 0.022602740 0.020322550 0.023499670 0.017764580 0.017304650 0.018602710 0.019628180 0.019301130 0.013430460 0.012705500 0.006264880 0.002031250 0.002462480 0.007207080 0.006812900 0.007748240 0.006559900 0.000206870 0.002418970 0.000000000 0.000292630 0.000509100 0.040427520 
38     0.025398810 0.028876610 0.032261950 0.031259360 0.025956630 0.033401990 0.030927570 0.029966400 0.034494620 0.016465540 0.014942090 0.026678620 0.023659610 0.018064860 0.018211120 0.022844530 0.016919010 0.017674330 0.017177110 0.022146540 0.020756130 0.029553010 0.027087470 0.024719670 0.022040220 0.021249030 0.018906710 0.019724090 0.022559300 0.020279110 0.024950610 0.019337020 0.019358710 0.018559270 0.018604010 0.023491210 0.009338140 0.010529150 0.007126670 0.003550000 0.006117950 0.009862570 0.009468390 0.005572070 0.009215390 0.001026540 0.002487560 0.000292630 0.000000000 0.000128250 0.028714790 
47     0.027936810 0.027689220 0.025524740 0.029225600 0.025118780 0.024072550 0.030089720 0.029128550 0.031453630 0.012528560 0.018872520 0.023496950 0.017231700 0.011636950 0.018112690 0.018907550 0.011986620 0.017575900 0.014550030 0.022048110 0.014328220 0.029454580 0.026989040 0.018291760 0.019951840 0.014821120 0.016940550 0.019598240 0.022460870 0.020180680 0.019572640 0.016818650 0.017660530 0.018460840 0.019486310 0.016760160 0.011708740 0.009908910 0.002492460 0.004273360 0.009046330 0.003434660 0.003040480 0.003975820 0.002787480 0.003127050 0.003080260 0.000509100 0.000128250 0.000000000 0.040589480 
0     0.008704660 0.002384060 0.018569700 0.009270040 0.014063600 0.007781560 0.009616900 0.019257490 0.003254550 0.021129600 0.017537180 0.020839220 0.024382630 0.019351390 0.022754970 0.019811660 0.015465410 0.025040520 0.025903170 0.038012920 0.025609800 0.031611230 0.037197240 0.044882400 0.033417100 0.026326140 0.026457820 0.024183770 0.028848640 0.027389710 0.019123450 0.011605680 0.006655020 0.021742710 0.018686590 0.027171130 0.019860080 0.033198340 0.034173920 0.029762630 0.031576700 0.033084980 0.037079230 0.024181980 0.028767520 0.025773290 0.037434780 0.040427520 0.028714790 0.040589480 0.000000000 
