51
11     0.000000000 0.019439650 0.013576830 0.021181400 0.005680030 0.001662740 0.011235300 0.017007140 0.008990920 0.000065690 0.016060470 0.004087880 0.002690280 0.013315520 0.001001560 0.010572390 0.003933680 0.005950490 0.007325520 0.002051830 0.004093430 0.009737830 0.002047080 0.002339390 0.024197770 0.012085670 0.008912050 0.005672360 0.012140940 0.001213300 0.003219480 0.010209250 0.006346170 0.001569080 0.006582020 0.002666150 0.012393680 0.015455080 0.013698090 0.000478630 0.005921850 0.013510180 0.000355110 0.009083470 0.007664260 0.011595730 0.001889590 0.005325380 0.021703790 0.013368090 0.014179100 
6     0.019439650 0.000000000 0.000414020 0.087359030 0.060845560 0.007812900 0.040594260 0.031133140 0.005316590 0.014997900 0.014293550 0.017638780 0.008726460 0.047940780 0.043040640 0.014579820 0.007209880 0.017434820 0.048285490 0.043718480 0.016436800 0.065665370 0.029383070 0.013514390 0.042607100 0.008952100 0.029318210 0.016620160 0.016108950 0.033742400 0.031935900 0.021951690 0.042142350 0.019751990 0.012524440 0.011933660 0.004848740 0.017240420 0.062493860 0.013018020 0.024041080 0.028127550 0.007603430 0.007959230 0.028941570 0.036016320 0.045180860 0.021216230 0.014763320 0.021548160 0.082126340 
1     0.013576830 0.000414020 0.000000000 0.076243450 0.037907840 0.029902880 0.040961900 0.029156620 0.000915120 0.004892700 0.026151400 0.008464630 0.041618870 0.037685710 0.039273500 0.005643420 0.023187580 0.034481010 0.029372830 0.055319160 0.013509590 0.014278330 0.000862930 0.029946430 0.030691540 0.019106240 0.033463690 0.026141550 0.025659230 0.031477460 0.025024320 0.032567260 0.047291610 0.028119690 0.007948610 0.009408690 0.004456300 0.028226520 0.040349040 0.003175910 0.082030980 0.062260970 0.034223250 0.035878210 0.031678390 0.011965410 0.016630600 0.027788960 0.029835120 0.034103850 0.015955420 
3     0.021181400 0.087359030 0.076243450 0.000000000 0.003174140 0.003388890 0.006520780 0.021588270 0.004424640 0.020915900 0.033639330 0.028143550 0.031748320 0.024179250 0.024369550 0.007815350 0.066081270 0.025499920 0.022254460 0.012539110 0.004642620 0.023483850 0.022207400 0.021664080 0.012632950 0.043749450 0.035433000 0.023742650 0.025932890 0.020830890 0.018203550 0.032861890 0.030134060 0.010674780 0.005695800 0.027322760 0.011777670 0.027682670 0.019339490 0.013873800 0.019162460 0.023480050 0.021151430 0.007795090 0.043325650 0.049742140 0.003881750 0.014164670 0.057923990 0.014985170 0.029236910 
10     0.005680030 0.060845560 0.037907840 0.003174140 0.000000000 0.000408710 0.014125450 0.006139900 0.009025810 0.000752100 0.033955990 0.034896480 0.016467310 0.003801740 0.014159310 0.001882880 0.019650760 0.018313740 0.014474230 0.004206420 0.049487740 0.027150590 0.003630120 0.008137130 0.015767460 0.014744900 0.015318580 0.016302700 0.015784350 0.002733110 0.017635050 0.011912590 0.010050710 0.049585430 0.015946580 0.018990450 0.046717650 0.028510620 0.008256220 0.001244800 0.004145550 0.011741520 0.002917810 0.014222610 0.000841610 0.003443500 0.019720420 0.004360260 0.041499490 0.024121420 0.043172370 
5     0.001662740 0.007812900 0.029902880 0.003388890 0.000408710 0.000000000 0.008693730 0.003456490 0.009844590 0.000960930 0.060419340 0.013923000 0.019160190 0.006706460 0.034218430 0.010821810 0.035156500 0.007507980 0.052410370 0.023832890 0.022791670 0.033880550 0.015897200 0.014321090 0.041052390 0.007403900 0.015296820 0.019069000 0.006434470 0.039392720 0.025071500 0.005732160 0.021707360 0.035284520 0.005025190 0.025781000 0.008213980 0.032754670 0.006065780 0.013421680 0.046779420 0.041884590 0.013566590 0.036691730 0.015603030 0.035646340 0.018077520 0.023147430 0.015745550 0.036676110 0.060738890 
8     0.011235300 0.040594260 0.040961900 0.006520780 0.014125450 0.008693730 0.000000000 0.053639740 0.025390660 0.019728510 0.017699570 0.035755150 0.032014600 0.037788010 0.020421690 0.019227090 0.043445200 0.022146430 0.051858010 0.032539580 0.031756770 0.014275360 0.028246340 0.013832040 0.011039320 0.010532740 0.025220830 0.006021820 0.012266180 0.011521750 0.006182390 0.014175630 0.031785620 0.017154720 0.003712700 0.044259570 0.009794570 0.022580260 0.013293480 0.027109490 0.054506870 0.066690190 0.013087270 0.020046960 0.017140050 0.075889450 0.068898490 0.033130900 0.092529320 0.055442430 0.039666160 
2     0.017007140 0.031133140 0.029156620 0.021588270 0.006139900 0.003456490 0.053639740 0.000000000 0.003460450 0.002901800 0.024166380 0.044367630 0.064013360 0.023223880 0.002572410 0.003453260 0.056738390 0.005651270 0.027232190 0.070858900 0.071376220 0.054126320 0.000863950 0.000476770 0.002297490 0.006298740 0.015584350 0.003894000 0.006084240 0.006569660 0.032919310 0.000374470 0.018465760 0.006135400 0.004515570 0.010809150 0.018805460 0.005448550 0.006579260 0.009433090 0.011475680 0.010570830 0.008324760 0.010675410 0.000323180 0.031338590 0.036617850 0.008547260 0.058726950 0.000879130 0.025913070 
9     0.008990920 0.005316590 0.000915120 0.004424640 0.009025810 0.009844590 0.025390660 0.003460450 0.000000000 0.000710570 0.042100100 0.017028430 0.011630940 0.005263730 0.025372160 0.009198810 0.013700890 0.008014010 0.012940700 0.019181440 0.016433430 0.021314580 0.006532660 0.004820280 0.006657000 0.007056780 0.028454090 0.010171370 0.006318460 0.003691310 0.036699750 0.015219910 0.018039070 0.004500870 0.003528710 0.012723950 0.010901660 0.007171660 0.011740480 0.012948090 0.011489400 0.009703920 0.025066270 0.027416920 0.023085610 0.030910920 0.002308100 0.009348400 0.007626360 0.006455040 0.004252250 
13     0.000065690 0.014997900 0.004892700 0.020915900 0.000752100 0.000960930 0.019728510 0.002901800 0.000710570 0.000000000 0.015491890 0.000531700 0.032579350 0.000780590 0.002266090 0.001462520 0.009942630 0.005015720 0.002795590 0.006942130 0.004068010 0.000801550 0.001121960 0.000212240 0.000904460 0.003430650 0.009312620 0.002301780 0.004647790 0.001624810 0.005538530 0.004941280 0.003076880 0.003138570 0.003297030 0.002265750 0.017159530 0.001279060 0.013963310 0.000350390 0.001778860 0.004317440 0.000874170 0.000510220 0.016599870 0.000884060 0.004164190 0.001297360 0.017648880 0.000377820 0.002002550 
7     0.016060470 0.014293550 0.026151400 0.033639330 0.033955990 0.060419340 0.017699570 0.024166380 0.042100100 0.015491890 0.000000000 0.005557880 0.012969190 0.002818710 0.030898230 0.002946230 0.025582570 0.022718070 0.023559840 0.033405190 0.008290690 0.007366920 0.013610490 0.006203740 0.021449000 0.010323310 0.020712070 0.013845150 0.013631950 0.002604390 0.037598040 0.004893740 0.023022510 0.039895330 0.014572220 0.007621650 0.045240070 0.018495440 0.016555650 0.004781940 0.015578440 0.021110500 0.024518660 0.030608670 0.022061600 0.010016280 0.017035030 0.043321560 0.047546780 0.009175250 0.052637570 
4     0.004087880 0.017638780 0.008464630 0.028143550 0.034896480 0.013923000 0.035755150 0.044367630 0.017028430 0.000531700 0.005557880 0.000000000 0.003139750 0.029414900 0.025200820 0.011738060 0.010544810 0.025806510 0.004139510 0.013815100 0.010636110 0.008837450 0.002497020 0.004711230 0.026553640 0.012724580 0.004650650 0.016906000 0.020147240 0.002496190 0.014650270 0.031545690 0.019280010 0.005635610 0.018741140 0.017338130 0.005479090 0.011016600 0.025273710 0.003315860 0.036099930 0.046256120 0.007537000 0.003205490 0.025847560 0.025801090 0.010608630 0.000897300 0.029360140 0.015501910 0.022434340 
12     0.002690280 0.008726460 0.041618870 0.031748320 0.016467310 0.019160190 0.032014600 0.064013360 0.011630940 0.032579350 0.012969190 0.003139750 0.000000000 0.011694650 0.011884950 0.002465460 0.011391160 0.007412290 0.017339210 0.015298490 0.018372230 0.008807750 0.016405540 0.023504840 0.056625970 0.015872000 0.040118170 0.017141580 0.017887070 0.004904290 0.043124910 0.013890640 0.013259380 0.012688400 0.003769490 0.065609350 0.035268030 0.025987730 0.061239210 0.016020760 0.021427990 0.022136810 0.014640080 0.014920620 0.040528760 0.051484460 0.014845330 0.047709390 0.029918680 0.016060450 0.029275550 
46     0.013315520 0.047940780 0.037685710 0.024179250 0.003801740 0.006706460 0.037788010 0.023223880 0.005263730 0.000780590 0.002818710 0.029414900 0.011694650 0.000000000 0.000483380 0.005888470 0.000449180 0.003304210 0.001156170 0.015198230 0.029085780 0.017380890 0.000905350 0.005103770 0.006785670 0.008791320 0.011391320 0.012342840 0.005713970 0.007938340 0.010840460 0.002668730 0.006708670 0.000112920 0.004821300 0.002324970 0.009298730 0.010736760 0.008082960 0.000708090 0.009031280 0.012427470 0.005060710 0.004851310 0.013862440 0.024670080 0.007767120 0.006770200 0.017578420 0.014676060 0.031355590 
26     0.001001560 0.043040640 0.039273500 0.024369550 0.014159310 0.034218430 0.020421690 0.002572410 0.025372160 0.002266090 0.030898230 0.025200820 0.011884950 0.000483380 0.000000000 0.000673260 0.026081720 0.008356570 0.007444210 0.030969130 0.028203220 0.009370140 0.008862940 0.007395870 0.030742560 0.008883170 0.018674850 0.009936390 0.013343630 0.003396580 0.026201680 0.002160940 0.013473450 0.036311940 0.000212260 0.005126220 0.026600370 0.021785770 0.022083070 0.000253960 0.009711630 0.014862160 0.003795970 0.010880860 0.002868930 0.002617730 0.009214110 0.013282390 0.024909670 0.022226700 0.042727620 
14     0.010572390 0.014579820 0.005643420 0.007815350 0.001882880 0.010821810 0.019227090 0.003453260 0.009198810 0.001462520 0.002946230 0.011738060 0.002465460 0.005888470 0.000673260 0.000000000 0.004992400 0.012980890 0.006418800 0.004166550 0.022288010 0.013331050 0.005419660 0.004570390 0.024263640 0.001101840 0.002118230 0.005844930 0.007042550 0.003172450 0.009285310 0.001568350 0.013828380 0.012825500 0.002739010 0.001267950 0.011857530 0.009384130 0.011737150 0.001237570 0.003809460 0.013928840 0.000941800 0.001984700 0.003749780 0.001497480 0.004159370 0.001540920 0.005840760 0.001816630 0.031420950 
41     0.003933680 0.007209880 0.023187580 0.066081270 0.019650760 0.035156500 0.043445200 0.056738390 0.013700890 0.009942630 0.025582570 0.010544810 0.011391160 0.000449180 0.026081720 0.004992400 0.000000000 0.004702920 0.000594500 0.020135060 0.004456080 0.016279930 0.008353040 0.005727710 0.013773780 0.002333400 0.009582470 0.003870460 0.011318130 0.003108810 0.029242030 0.004850200 0.012503390 0.011780270 0.004887020 0.001303100 0.005673560 0.015282780 0.009739850 0.004116040 0.011960820 0.012808670 0.015353830 0.003145170 0.007646600 0.017232140 0.002606900 0.000149470 0.027371390 0.015660510 0.016599590 
21     0.005950490 0.017434820 0.034481010 0.025499920 0.018313740 0.007507980 0.022146430 0.005651270 0.008014010 0.005015720 0.022718070 0.025806510 0.007412290 0.003304210 0.008356570 0.012980890 0.004702920 0.000000000 0.013615380 0.002187410 0.023276370 0.005736420 0.005162920 0.005727080 0.007547800 0.004892650 0.006971630 0.007029590 0.002658940 0.006414090 0.014042930 0.013588360 0.029281480 0.009059210 0.008427220 0.008314720 0.022717110 0.003037020 0.007725610 0.002181220 0.002298010 0.002514650 0.006783150 0.014587060 0.016174280 0.006259050 0.010130980 0.003444870 0.001043380 0.001244620 0.030366820 
20     0.007325520 0.048285490 0.029372830 0.022254460 0.014474230 0.052410370 0.051858010 0.027232190 0.012940700 0.002795590 0.023559840 0.004139510 0.017339210 0.001156170 0.007444210 0.006418800 0.000594500 0.013615380 0.000000000 0.010379660 0.001179640 0.007330160 0.004375340 0.006946550 0.037379250 0.004818030 0.012573660 0.009047940 0.001216510 0.007979740 0.026429550 0.005851740 0.021073670 0.018563580 0.001667900 0.000533720 0.016340380 0.009832980 0.009497490 0.003519920 0.013964450 0.015948380 0.005623500 0.010429860 0.008555940 0.015141090 0.006641510 0.014985020 0.029015420 0.010431030 0.020945390 
42     0.002051830 0.043718480 0.055319160 0.012539110 0.004206420 0.023832890 0.032539580 0.070858900 0.019181440 0.006942130 0.033405190 0.013815100 0.015298490 0.015198230 0.030969130 0.004166550 0.020135060 0.002187410 0.010379660 0.000000000 0.000116530 0.000688330 0.014350470 0.011511290 0.028085000 0.017390040 0.018906120 0.009538050 0.006723790 0.033685260 0.014139090 0.056401070 0.041727780 0.006274180 0.010969630 0.003363800 0.022449200 0.019638050 0.002071760 0.004212330 0.008217250 0.013468140 0.005525470 0.008721900 0.015656220 0.042136420 0.005406830 0.004120090 0.046422190 0.043362100 0.037430760 
49     0.004093430 0.016436800 0.013509590 0.004642620 0.049487740 0.022791670 0.031756770 0.071376220 0.016433430 0.004068010 0.008290690 0.010636110 0.018372230 0.029085780 0.028203220 0.022288010 0.004456080 0.023276370 0.001179640 0.000116530 0.000000000 0.003059890 0.009490450 0.005449870 0.012414950 0.006446890 0.015525290 0.007983950 0.005419590 0.028728340 0.014068910 0.039692000 0.055971400 0.007176840 0.016917520 0.005395270 0.020878530 0.016970890 0.011836210 0.003489890 0.014895860 0.004806140 0.001034250 0.004889030 0.010741730 0.017229620 0.004984210 0.017960070 0.044651040 0.040983810 0.036625910 
17     0.009737830 0.065665370 0.014278330 0.023483850 0.027150590 0.033880550 0.014275360 0.054126320 0.021314580 0.000801550 0.007366920 0.008837450 0.008807750 0.017380890 0.009370140 0.013331050 0.016279930 0.005736420 0.007330160 0.000688330 0.003059890 0.000000000 0.004163340 0.001033810 0.001729330 0.008058320 0.010477500 0.011250890 0.009998120 0.005704090 0.011900290 0.027545060 0.015253410 0.015342670 0.006701660 0.013225400 0.004996380 0.012394380 0.015568160 0.002220180 0.009314970 0.013470770 0.016472220 0.019392600 0.034505850 0.029705260 0.008382790 0.016695000 0.032308200 0.027905070 0.011735850 
43     0.002047080 0.029383070 0.000862930 0.022207400 0.003630120 0.015897200 0.028246340 0.000863950 0.006532660 0.001121960 0.013610490 0.002497020 0.016405540 0.000905350 0.008862940 0.005419660 0.008353040 0.005162920 0.004375340 0.014350470 0.009490450 0.004163340 0.000000000 0.000707000 0.000954490 0.001085060 0.009032600 0.004513130 0.003196450 0.003696910 0.006382180 0.000931160 0.011546530 0.005519410 0.001929050 0.008230400 0.019424590 0.003687970 0.002047460 0.001641990 0.004866250 0.011173660 0.004327150 0.001831290 0.015587540 0.008113370 0.007585170 0.001111600 0.010891950 0.006878300 0.008155900 
48     0.002339390 0.013514390 0.029946430 0.021664080 0.008137130 0.014321090 0.013832040 0.000476770 0.004820280 0.000212240 0.006203740 0.004711230 0.023504840 0.005103770 0.007395870 0.004570390 0.005727710 0.005727080 0.006946550 0.011511290 0.005449870 0.001033810 0.000707000 0.000000000 0.000249470 0.004543300 0.004166000 0.003969810 0.006129530 0.003732340 0.005456000 0.001356130 0.009591210 0.006211210 0.002899350 0.005490700 0.017008170 0.003390110 0.006655070 0.000257340 0.004016330 0.009843300 0.008400570 0.010751220 0.028079580 0.012186630 0.004166860 0.003372160 0.006512750 0.009602680 0.022333050 
47     0.024197770 0.042607100 0.030691540 0.012632950 0.015767460 0.041052390 0.011039320 0.002297490 0.006657000 0.000904460 0.021449000 0.026553640 0.056625970 0.006785670 0.030742560 0.024263640 0.013773780 0.007547800 0.037379250 0.028085000 0.012414950 0.001729330 0.000954490 0.000249470 0.000000000 0.006648900 0.013080030 0.003816140 0.003816180 0.008466190 0.029518270 0.010087080 0.034138030 0.008031930 0.006412100 0.009039790 0.020701990 0.011310450 0.002280240 0.003771110 0.002426850 0.012467360 0.010221290 0.012571940 0.028146160 0.015392350 0.028231860 0.010443790 0.035109910 0.006301250 0.044172640 
19     0.012085670 0.008952100 0.019106240 0.043749450 0.014744900 0.007403900 0.010532740 0.006298740 0.007056780 0.003430650 0.010323310 0.012724580 0.015872000 0.008791320 0.008883170 0.001101840 0.002333400 0.004892650 0.004818030 0.017390040 0.006446890 0.008058320 0.001085060 0.004543300 0.006648900 0.000000000 0.000166550 0.001576580 0.002678770 0.003639420 0.002118960 0.002006520 0.011980410 0.003053110 0.000290310 0.003924720 0.021690700 0.006978820 0.007414780 0.001826290 0.007867020 0.019582920 0.007051540 0.003220000 0.004144880 0.014419380 0.008294930 0.017019970 0.003542480 0.003606370 0.026335980 
45     0.008912050 0.029318210 0.033463690 0.035433000 0.015318580 0.015296820 0.025220830 0.015584350 0.028454090 0.009312620 0.020712070 0.004650650 0.040118170 0.011391320 0.018674850 0.002118230 0.009582470 0.006971630 0.012573660 0.018906120 0.015525290 0.010477500 0.009032600 0.004166000 0.013080030 0.000166550 0.000000000 0.000905150 0.000001710 0.017383310 0.024415940 0.016243070 0.017270890 0.019140260 0.007562970 0.006015560 0.011037020 0.023258650 0.010460010 0.000741740 0.004735200 0.021720970 0.003673180 0.009945320 0.021050630 0.010624550 0.012080710 0.016070920 0.019632270 0.007321670 0.035889090 
30     0.005672360 0.016620160 0.026141550 0.023742650 0.016302700 0.019069000 0.006021820 0.003894000 0.010171370 0.002301780 0.013845150 0.016906000 0.017141580 0.012342840 0.009936390 0.005844930 0.003870460 0.007029590 0.009047940 0.009538050 0.007983950 0.011250890 0.004513130 0.003969810 0.003816140 0.001576580 0.000905150 0.000000000 0.000000440 0.005051170 0.016738290 0.011143870 0.019674530 0.008289780 0.006669950 0.006166970 0.015883000 0.011568300 0.008733640 0.000719810 0.009866550 0.011320030 0.003611900 0.008369020 0.013086080 0.010102580 0.011258640 0.004881880 0.022435050 0.013673150 0.024108140 
36     0.012140940 0.016108950 0.025659230 0.025932890 0.015784350 0.006434470 0.012266180 0.006084240 0.006318460 0.004647790 0.013631950 0.020147240 0.017887070 0.005713970 0.013343630 0.007042550 0.011318130 0.002658940 0.001216510 0.006723790 0.005419590 0.009998120 0.003196450 0.006129530 0.003816180 0.002678770 0.000001710 0.000000440 0.000000000 0.007836710 0.015001480 0.005571160 0.008048640 0.009168020 0.007469970 0.001542010 0.012842560 0.012332140 0.005240110 0.000033110 0.015820300 0.014915450 0.002621090 0.002025190 0.011333680 0.006017050 0.010421620 0.010092090 0.016504280 0.011691750 0.027091590 
35     0.001213300 0.033742400 0.031477460 0.020830890 0.002733110 0.039392720 0.011521750 0.006569660 0.003691310 0.001624810 0.002604390 0.002496190 0.004904290 0.007938340 0.003396580 0.003172450 0.003108810 0.006414090 0.007979740 0.033685260 0.028728340 0.005704090 0.003696910 0.003732340 0.008466190 0.003639420 0.017383310 0.005051170 0.007836710 0.000000000 0.003099620 0.003738780 0.004423420 0.000488980 0.003121860 0.001480870 0.022190400 0.010774000 0.008544390 0.001854140 0.008900090 0.007103960 0.000275130 0.004997790 0.001564030 0.010151950 0.001091930 0.001296270 0.016352030 0.004825010 0.024140430 
39     0.003219480 0.031935900 0.025024320 0.018203550 0.017635050 0.025071500 0.006182390 0.032919310 0.036699750 0.005538530 0.037598040 0.014650270 0.043124910 0.010840460 0.026201680 0.009285310 0.029242030 0.014042930 0.026429550 0.014139090 0.014068910 0.011900290 0.006382180 0.005456000 0.029518270 0.002118960 0.024415940 0.016738290 0.015001480 0.003099620 0.000000000 0.001020460 0.005187230 0.013200210 0.010441800 0.007722870 0.017525760 0.013955060 0.020543050 0.001855760 0.007371150 0.013270370 0.003322240 0.025082930 0.054235740 0.006894230 0.032720000 0.014970690 0.018148340 0.007812430 0.030342070 
33     0.010209250 0.021951690 0.032567260 0.032861890 0.011912590 0.005732160 0.014175630 0.000374470 0.015219910 0.004941280 0.004893740 0.031545690 0.013890640 0.002668730 0.002160940 0.001568350 0.004850200 0.013588360 0.005851740 0.056401070 0.039692000 0.027545060 0.000931160 0.001356130 0.010087080 0.002006520 0.016243070 0.011143870 0.005571160 0.003738780 0.001020460 0.000000000 0.001115100 0.000760390 0.008492070 0.018296260 0.009776360 0.005269050 0.006694940 0.000373420 0.010619040 0.023454510 0.001812470 0.009723830 0.005934530 0.004046080 0.003145230 0.005514130 0.010487420 0.010682470 0.030948800 
31     0.006346170 0.042142350 0.047291610 0.030134060 0.010050710 0.021707360 0.031785620 0.018465760 0.018039070 0.003076880 0.023022510 0.019280010 0.013259380 0.006708670 0.013473450 0.013828380 0.012503390 0.029281480 0.021073670 0.041727780 0.055971400 0.015253410 0.011546530 0.009591210 0.034138030 0.011980410 0.017270890 0.019674530 0.008048640 0.004423420 0.005187230 0.001115100 0.000000000 0.005269650 0.012335560 0.011521110 0.022741510 0.018234200 0.004659800 0.009003470 0.014147980 0.016627910 0.002578570 0.005361800 0.055361760 0.049825990 0.033450580 0.009019240 0.023084120 0.007378140 0.035682230 
34     0.001569080 0.019751990 0.028119690 0.010674780 0.049585430 0.035284520 0.017154720 0.006135400 0.004500870 0.003138570 0.039895330 0.005635610 0.012688400 0.000112920 0.036311940 0.012825500 0.011780270 0.009059210 0.018563580 0.006274180 0.007176840 0.015342670 0.005519410 0.006211210 0.008031930 0.003053110 0.019140260 0.008289780 0.009168020 0.000488980 0.013200210 0.000760390 0.005269650 0.000000000 0.007466250 0.007544710 0.021756140 0.010805550 0.009529940 0.010298130 0.014426360 0.013521510 0.011275440 0.013626090 0.007647690 0.016126070 0.012046490 0.011497940 0.001342190 0.020970040 0.050887430 
44     0.006582020 0.012524440 0.007948610 0.005695800 0.015946580 0.005025190 0.003712700 0.004515570 0.003528710 0.003297030 0.014572220 0.018741140 0.003769490 0.004821300 0.000212260 0.002739010 0.004887020 0.008427220 0.001667900 0.010969630 0.016917520 0.006701660 0.001929050 0.002899350 0.006412100 0.000290310 0.007562970 0.006669950 0.007469970 0.003121860 0.010441800 0.008492070 0.012335560 0.007466250 0.000000000 0.000637110 0.005544660 0.003571440 0.002307970 0.000532670 0.007279420 0.004700150 0.003645830 0.001589900 0.020176650 0.006071460 0.007959770 0.004301230 0.016223980 0.000289490 0.028486740 
40     0.002666150 0.011933660 0.009408690 0.027322760 0.018990450 0.025781000 0.044259570 0.010809150 0.012723950 0.002265750 0.007621650 0.017338130 0.065609350 0.002324970 0.005126220 0.001267950 0.001303100 0.008314720 0.000533720 0.003363800 0.005395270 0.013225400 0.008230400 0.005490700 0.009039790 0.003924720 0.006015560 0.006166970 0.001542010 0.001480870 0.007722870 0.018296260 0.011521110 0.007544710 0.000637110 0.000000000 0.012894530 0.006798320 0.012143660 0.000840940 0.005985400 0.012376810 0.002655860 0.009619910 0.005743750 0.007931780 0.001438060 0.007836670 0.006489900 0.000962720 0.017439570 
32     0.012393680 0.004848740 0.004456300 0.011777670 0.046717650 0.008213980 0.009794570 0.018805460 0.010901660 0.017159530 0.045240070 0.005479090 0.035268030 0.009298730 0.026600370 0.011857530 0.005673560 0.022717110 0.016340380 0.022449200 0.020878530 0.004996380 0.019424590 0.017008170 0.020701990 0.021690700 0.011037020 0.015883000 0.012842560 0.022190400 0.017525760 0.009776360 0.022741510 0.021756140 0.005544660 0.012894530 0.000000000 0.001285570 0.014606800 0.009825490 0.002822990 0.012645880 0.003153740 0.013350910 0.006336620 0.016895340 0.016920620 0.004669230 0.019110910 0.002410920 0.062574260 
18     0.015455080 0.017240420 0.028226520 0.027682670 0.028510620 0.032754670 0.022580260 0.005448550 0.007171660 0.001279060 0.018495440 0.011016600 0.025987730 0.010736760 0.021785770 0.009384130 0.015282780 0.003037020 0.009832980 0.019638050 0.016970890 0.012394380 0.003687970 0.003390110 0.011310450 0.006978820 0.023258650 0.011568300 0.012332140 0.010774000 0.013955060 0.005269050 0.018234200 0.010805550 0.003571440 0.006798320 0.001285570 0.000000000 0.003865500 0.008060430 0.009207280 0.012041310 0.007899390 0.008433380 0.037608660 0.022135070 0.001731660 0.014069420 0.036409370 0.046186690 0.061429230 
37     0.013698090 0.062493860 0.040349040 0.019339490 0.008256220 0.006065780 0.013293480 0.006579260 0.011740480 0.013963310 0.016555650 0.025273710 0.061239210 0.008082960 0.022083070 0.011737150 0.009739850 0.007725610 0.009497490 0.002071760 0.011836210 0.015568160 0.002047460 0.006655070 0.002280240 0.007414780 0.010460010 0.008733640 0.005240110 0.008544390 0.020543050 0.006694940 0.004659800 0.009529940 0.002307970 0.012143660 0.014606800 0.003865500 0.000000000 0.000873560 0.014870220 0.013965370 0.002832900 0.002045240 0.005724040 0.005981010 0.009217140 0.006364920 0.008394300 0.000626580 0.022654610 
28     0.000478630 0.013018020 0.003175910 0.013873800 0.001244800 0.013421680 0.027109490 0.009433090 0.012948090 0.000350390 0.004781940 0.003315860 0.016020760 0.000708090 0.000253960 0.001237570 0.004116040 0.002181220 0.003519920 0.004212330 0.003489890 0.002220180 0.001641990 0.000257340 0.003771110 0.001826290 0.000741740 0.000719810 0.000033110 0.001854140 0.001855760 0.000373420 0.009003470 0.010298130 0.000532670 0.000840940 0.009825490 0.008060430 0.000873560 0.000000000 0.000278590 0.000396430 0.000494700 0.003739330 0.000466420 0.000723390 0.001224800 0.002825470 0.008016060 0.005096530 0.014190450 
22     0.005921850 0.024041080 0.082030980 0.019162460 0.004145550 0.046779420 0.054506870 0.011475680 0.011489400 0.001778860 0.015578440 0.036099930 0.021427990 0.009031280 0.009711630 0.003809460 0.011960820 0.002298010 0.013964450 0.008217250 0.014895860 0.009314970 0.004866250 0.004016330 0.002426850 0.007867020 0.004735200 0.009866550 0.015820300 0.008900090 0.007371150 0.010619040 0.014147980 0.014426360 0.007279420 0.005985400 0.002822990 0.009207280 0.014870220 0.000278590 0.000000000 0.000484490 0.004856870 0.000191960 0.020441930 0.006531170 0.011532580 0.016625730 0.027642780 0.024723250 0.043436040 
16     0.013510180 0.028127550 0.062260970 0.023480050 0.011741520 0.041884590 0.066690190 0.010570830 0.009703920 0.004317440 0.021110500 0.046256120 0.022136810 0.012427470 0.014862160 0.013928840 0.012808670 0.002514650 0.015948380 0.013468140 0.004806140 0.013470770 0.011173660 0.009843300 0.012467360 0.019582920 0.021720970 0.011320030 0.014915450 0.007103960 0.013270370 0.023454510 0.016627910 0.013521510 0.004700150 0.012376810 0.012645880 0.012041310 0.013965370 0.000396430 0.000484490 0.000000000 0.008081050 0.001146280 0.044629340 0.016098840 0.008040910 0.015933370 0.027885720 0.024966190 0.031939340 
27     0.000355110 0.007603430 0.034223250 0.021151430 0.002917810 0.013566590 0.013087270 0.008324760 0.025066270 0.000874170 0.024518660 0.007537000 0.014640080 0.005060710 0.003795970 0.000941800 0.015353830 0.006783150 0.005623500 0.005525470 0.001034250 0.016472220 0.004327150 0.008400570 0.010221290 0.007051540 0.003673180 0.003611900 0.002621090 0.000275130 0.003322240 0.001812470 0.002578570 0.011275440 0.003645830 0.002655860 0.003153740 0.007899390 0.002832900 0.000494700 0.004856870 0.008081050 0.000000000 0.000367060 0.006823720 0.017863870 0.003271530 0.001238010 0.003975720 0.006419730 0.029123830 
24     0.009083470 0.007959230 0.035878210 0.007795090 0.014222610 0.036691730 0.020046960 0.010675410 0.027416920 0.000510220 0.030608670 0.003205490 0.014920620 0.004851310 0.010880860 0.001984700 0.003145170 0.014587060 0.010429860 0.008721900 0.004889030 0.019392600 0.001831290 0.010751220 0.012571940 0.003220000 0.009945320 0.008369020 0.002025190 0.004997790 0.025082930 0.009723830 0.005361800 0.013626090 0.001589900 0.009619910 0.013350910 0.008433380 0.002045240 0.003739330 0.000191960 0.001146280 0.000367060 0.000000000 0.022077580 0.012573990 0.011065040 0.005864490 0.004231520 0.001482880 0.050423070 
29     0.007664260 0.028941570 0.031678390 0.043325650 0.000841610 0.015603030 0.017140050 0.000323180 0.023085610 0.016599870 0.022061600 0.025847560 0.040528760 0.013862440 0.002868930 0.003749780 0.007646600 0.016174280 0.008555940 0.015656220 0.010741730 0.034505850 0.015587540 0.028079580 0.028146160 0.004144880 0.021050630 0.013086080 0.011333680 0.001564030 0.054235740 0.005934530 0.055361760 0.007647690 0.020176650 0.005743750 0.006336620 0.037608660 0.005724040 0.000466420 0.020441930 0.044629340 0.006823720 0.022077580 0.000000000 0.000828070 0.003336600 0.013278310 0.027560170 0.010616200 0.055042790 
25     0.011595730 0.036016320 0.011965410 0.049742140 0.003443500 0.035646340 0.075889450 0.031338590 0.030910920 0.000884060 0.010016280 0.025801090 0.051484460 0.024670080 0.002617730 0.001497480 0.017232140 0.006259050 0.015141090 0.042136420 0.017229620 0.029705260 0.008113370 0.012186630 0.015392350 0.014419380 0.010624550 0.010102580 0.006017050 0.010151950 0.006894230 0.004046080 0.049825990 0.016126070 0.006071460 0.007931780 0.016895340 0.022135070 0.005981010 0.000723390 0.006531170 0.016098840 0.017863870 0.012573990 0.000828070 0.000000000 0.000499910 0.005197770 0.014700380 0.003979280 0.005508880 
38     0.001889590 0.045180860 0.016630600 0.003881750 0.019720420 0.018077520 0.068898490 0.036617850 0.002308100 0.004164190 0.017035030 0.010608630 0.014845330 0.007767120 0.009214110 0.004159370 0.002606900 0.010130980 0.006641510 0.005406830 0.004984210 0.008382790 0.007585170 0.004166860 0.028231860 0.008294930 0.012080710 0.011258640 0.010421620 0.001091930 0.032720000 0.003145230 0.033450580 0.012046490 0.007959770 0.001438060 0.016920620 0.001731660 0.009217140 0.001224800 0.011532580 0.008040910 0.003271530 0.011065040 0.003336600 0.000499910 0.000000000 0.002469410 0.004756680 0.001321900 0.000738960 
23     0.005325380 0.021216230 0.027788960 0.014164670 0.004360260 0.023147430 0.033130900 0.008547260 0.009348400 0.001297360 0.043321560 0.000897300 0.047709390 0.006770200 0.013282390 0.001540920 0.000149470 0.003444870 0.014985020 0.004120090 0.017960070 0.016695000 0.001111600 0.003372160 0.010443790 0.017019970 0.016070920 0.004881880 0.010092090 0.001296270 0.014970690 0.005514130 0.009019240 0.011497940 0.004301230 0.007836670 0.004669230 0.014069420 0.006364920 0.002825470 0.016625730 0.015933370 0.001238010 0.005864490 0.013278310 0.005197770 0.002469410 0.000000000 0.021545080 0.015721290 0.013532910 
15     0.021703790 0.014763320 0.029835120 0.057923990 0.041499490 0.015745550 0.092529320 0.058726950 0.007626360 0.017648880 0.047546780 0.029360140 0.029918680 0.017578420 0.024909670 0.005840760 0.027371390 0.001043380 0.029015420 0.046422190 0.044651040 0.032308200 0.010891950 0.006512750 0.035109910 0.003542480 0.019632270 0.022435050 0.016504280 0.016352030 0.018148340 0.010487420 0.023084120 0.001342190 0.016223980 0.006489900 0.019110910 0.036409370 0.008394300 0.008016060 0.027642780 0.027885720 0.003975720 0.004231520 0.027560170 0.014700380 0.004756680 0.021545080 0.000000000 0.000099040 0.080180430 
50     0.013368090 0.021548160 0.034103850 0.014985170 0.024121420 0.036676110 0.055442430 0.000879130 0.006455040 0.000377820 0.009175250 0.015501910 0.016060450 0.014676060 0.022226700 0.001816630 0.015660510 0.001244620 0.010431030 0.043362100 0.040983810 0.027905070 0.006878300 0.009602680 0.006301250 0.003606370 0.007321670 0.013673150 0.011691750 0.004825010 0.007812430 0.010682470 0.007378140 0.020970040 0.000289490 0.000962720 0.002410920 0.046186690 0.000626580 0.005096530 0.024723250 0.024966190 0.006419730 0.001482880 0.010616200 0.003979280 0.001321900 0.015721290 0.000099040 0.000000000 0.006832290 
0     0.014179100 0.082126340 0.015955420 0.029236910 0.043172370 0.060738890 0.039666160 0.025913070 0.004252250 0.002002550 0.052637570 0.022434340 0.029275550 0.031355590 0.042727620 0.031420950 0.016599590 0.030366820 0.020945390 0.037430760 0.036625910 0.011735850 0.008155900 0.022333050 0.044172640 0.026335980 0.035889090 0.024108140 0.027091590 0.024140430 0.030342070 0.030948800 0.035682230 0.050887430 0.028486740 0.017439570 0.062574260 0.061429230 0.022654610 0.014190450 0.043436040 0.031939340 0.029123830 0.050423070 0.055042790 0.005508880 0.000738960 0.013532910 0.080180430 0.006832290 0.000000000 
