51
11     0.000000000 0.418561873 0.441471607 0.539450712 0.426419020 0.447222093 0.635917440 0.467043922 0.375257293 0.338849909 0.382143992 0.429065955 0.472491253 0.337291649 0.361786453 0.346277524 0.335643565 0.320764424 0.370980221 0.405615630 0.405072438 0.411791936 0.296880805 0.298022375 0.420041398 0.309593100 0.334750935 0.327382763 0.326411614 0.304431778 0.380495484 0.336423052 0.359916344 0.378959202 0.353080379 0.360752204 0.406995692 0.402199583 0.363160864 0.322644931 0.469935681 0.473375110 0.460012011 0.461074164 0.447899338 0.407982134 0.331285837 0.391490845 0.379646598 0.365068333 1.200924610 
6     0.418561873 0.000000000 0.126727363 0.639110811 0.523576268 0.542437246 0.741176427 0.569478433 0.472138876 0.440145789 0.551247739 0.591314322 0.633266762 0.507085270 0.538246987 0.520807077 0.501187906 0.494229658 0.545352424 0.579777358 0.580221710 0.585230663 0.458589734 0.466624705 0.582706091 0.482661807 0.502208030 0.493225604 0.491964628 0.475506366 0.542431544 0.507137065 0.528658149 0.542872524 0.534467457 0.543912112 0.583838394 0.577233553 0.548450472 0.502413728 0.657989054 0.661587987 0.646484416 0.646701886 0.626539969 0.588192907 0.513780064 0.573495625 0.549056427 0.532425890 1.367763933 
1     0.441471607 0.126727363 0.000000000 0.660852234 0.544395922 0.563731662 0.758123663 0.590933227 0.494250694 0.457430739 0.571103334 0.611310473 0.653740798 0.525376211 0.557284483 0.539634658 0.520267541 0.512411757 0.563010502 0.600999000 0.601641584 0.603040910 0.477371512 0.487918722 0.601038892 0.497555283 0.517133200 0.508360048 0.507084084 0.492064320 0.559833424 0.524081726 0.545785165 0.561539024 0.552303052 0.562085806 0.601504577 0.595009359 0.565664392 0.519992597 0.678588084 0.682126875 0.666684155 0.666738473 0.645733630 0.607290306 0.532873162 0.592216510 0.567634059 0.551209472 1.371703877 
3     0.539450712 0.639110811 0.660852234 0.000000000 0.551569858 0.571091503 0.814507588 0.659141547 0.560915216 0.534776821 0.668614882 0.710478366 0.753056398 0.613739900 0.646974065 0.627940945 0.618579341 0.607860728 0.658923590 0.687063665 0.686858006 0.692501817 0.573765123 0.581401822 0.699857800 0.591869583 0.612568926 0.607669933 0.606717683 0.589289206 0.658533168 0.622121702 0.647137814 0.656141824 0.641449192 0.654321497 0.701147376 0.693621664 0.658066968 0.617411581 0.761517403 0.765275414 0.750926437 0.751394865 0.734148027 0.698771817 0.624421193 0.681766466 0.653060393 0.636394116 1.478845067 
10     0.426419020 0.523576268 0.544395922 0.551569858 0.000000000 0.170769613 0.712999743 0.541075498 0.453786066 0.415882468 0.551727876 0.593157832 0.630789572 0.504889525 0.536174608 0.518201187 0.509460141 0.490792187 0.546764420 0.575902968 0.575873215 0.581465838 0.463138390 0.469959946 0.591242745 0.477889545 0.499001177 0.490510134 0.489670640 0.475662208 0.543527764 0.503645762 0.532414927 0.545796781 0.523419599 0.538864067 0.583891151 0.576889935 0.536501618 0.503027692 0.648874801 0.652642193 0.634093312 0.637738440 0.617276046 0.579723687 0.508305621 0.567394720 0.540047411 0.525633124 1.358540593 
5     0.447222093 0.542437246 0.563731662 0.571091503 0.170769613 0.000000000 0.733373072 0.563218005 0.474959521 0.438178855 0.572489282 0.615149794 0.655597221 0.524194721 0.556057036 0.536505163 0.528283312 0.510689694 0.567004320 0.597880678 0.595125620 0.601863031 0.483401132 0.485658529 0.608803085 0.495083950 0.517612898 0.507353215 0.506344308 0.497362114 0.560092641 0.524719253 0.549557056 0.563910541 0.542631657 0.556307127 0.597577895 0.590573672 0.555584709 0.519134139 0.667851614 0.671586102 0.654294543 0.657233501 0.633878091 0.597097912 0.526324620 0.583327524 0.560141893 0.545438103 1.371645177 
8     0.635917440 0.741176427 0.758123663 0.814507588 0.712999743 0.733373072 0.000000000 0.741920661 0.643189969 0.610353593 0.763762803 0.809799778 0.851363946 0.716456610 0.736755794 0.724410813 0.707208019 0.697384373 0.753709899 0.786543075 0.785437945 0.784998826 0.662214613 0.675497460 0.787584826 0.682600272 0.711083164 0.693751484 0.693084494 0.676946577 0.754030791 0.711253402 0.734832066 0.743162460 0.742144269 0.750678666 0.790717142 0.783099978 0.746781769 0.709224371 0.856750528 0.860273119 0.841961583 0.846440966 0.823299967 0.791894637 0.719325335 0.784519368 0.751733136 0.732117008 1.559670884 
2     0.467043922 0.569478433 0.590933227 0.659141547 0.541075498 0.563218005 0.741920661 0.000000000 0.334867712 0.306581994 0.601703698 0.638124391 0.681901400 0.560167563 0.589265340 0.568648053 0.558675177 0.541175559 0.600497428 0.633054372 0.632471057 0.630102555 0.519684593 0.524271345 0.638757581 0.538414396 0.559457556 0.549825090 0.549118176 0.530715349 0.603275660 0.565152077 0.587823143 0.603277739 0.591529796 0.591746903 0.639666160 0.632452141 0.600167631 0.557185811 0.707444608 0.711371944 0.696684087 0.698266951 0.673203171 0.638732851 0.571943726 0.628653403 0.601720192 0.585459998 1.407958740 
9     0.375257293 0.472138876 0.494250694 0.560915216 0.453786066 0.474959521 0.643189969 0.334867712 0.000000000 0.171456922 0.502356588 0.547011522 0.587817699 0.458309027 0.486186484 0.472714986 0.455123116 0.439623436 0.495050655 0.527411808 0.526897595 0.527126737 0.410590115 0.419219000 0.533171807 0.435471490 0.458078670 0.448367430 0.446813281 0.427111469 0.496145117 0.460815861 0.484716208 0.499934028 0.481083743 0.486600139 0.529485156 0.522075522 0.499276164 0.451529628 0.603183051 0.607035417 0.591812260 0.592557136 0.570464442 0.535205768 0.462751536 0.521921703 0.495739565 0.477751562 1.308306537 
13     0.338849909 0.440145789 0.457430739 0.534776821 0.415882468 0.438178855 0.610353593 0.306581994 0.171456922 0.000000000 0.468085711 0.512427371 0.553807902 0.421617653 0.450053894 0.429625483 0.416637220 0.400176828 0.458095382 0.489111910 0.489180827 0.488186458 0.373884517 0.380416903 0.495152351 0.395361645 0.414957073 0.405086299 0.403904154 0.390657518 0.462875862 0.423595270 0.447624025 0.462918090 0.445298305 0.452332146 0.497708540 0.490350062 0.461795233 0.415719082 0.564267151 0.568153252 0.553552221 0.554162932 0.534519142 0.498189143 0.426232686 0.487074493 0.459069200 0.441739456 1.272748754 
7     0.382143992 0.551247739 0.571103334 0.668614882 0.551727876 0.572489282 0.763762803 0.601703698 0.502356588 0.468085711 0.000000000 0.424346474 0.469870487 0.450814621 0.480012601 0.460823336 0.444196491 0.426665575 0.479298296 0.520580042 0.517734681 0.521890325 0.408681689 0.412392463 0.533355866 0.424014243 0.452124529 0.442978739 0.441909153 0.414740360 0.488206246 0.445382653 0.469179046 0.484023312 0.466135903 0.489707036 0.529887053 0.523545598 0.477236142 0.442946814 0.587544740 0.591065037 0.571909090 0.576013167 0.553792787 0.524848031 0.441899159 0.504818651 0.491446292 0.476738571 1.304652556 
4     0.429065955 0.591314322 0.611310473 0.710478366 0.593157832 0.615149794 0.809799778 0.638124391 0.547011522 0.512427371 0.424346474 0.000000000 0.232699334 0.504532829 0.532761619 0.508412296 0.502691313 0.493800547 0.541820064 0.576196156 0.574336169 0.580468027 0.458420034 0.467063232 0.589306444 0.479361599 0.509029848 0.498908444 0.497587816 0.473196629 0.539846101 0.499106286 0.527274313 0.535509160 0.521565314 0.537533026 0.583706431 0.576345425 0.533117146 0.493979539 0.640723558 0.644371265 0.626749744 0.632002513 0.610863796 0.575022757 0.495488122 0.561267268 0.545345989 0.530234843 1.357101594 
12     0.472491253 0.633266762 0.653740798 0.753056398 0.630789572 0.655597221 0.851363946 0.681901400 0.587817699 0.553807902 0.469870487 0.232699334 0.000000000 0.545571667 0.572470078 0.548568765 0.541569525 0.533270549 0.582975268 0.615970014 0.614044965 0.620589937 0.500530951 0.507238964 0.628024957 0.520279465 0.549094762 0.539494632 0.538092290 0.513788212 0.582679599 0.545612069 0.571057367 0.580473695 0.562306253 0.577705150 0.624099506 0.617008451 0.575179182 0.533969945 0.683795097 0.687548892 0.665486612 0.670985835 0.654252545 0.621948199 0.536925662 0.601549781 0.584842576 0.569814355 1.414712804 
46     0.337291649 0.507085270 0.525376211 0.613739900 0.504889525 0.524194721 0.716456610 0.560167563 0.458309027 0.421617653 0.450814621 0.504532829 0.545571667 0.000000000 0.302947057 0.288915648 0.317076510 0.309004260 0.357163967 0.391849819 0.389194764 0.393103847 0.279088547 0.277699190 0.396289369 0.284386845 0.311788401 0.300894233 0.299700633 0.290317921 0.360840596 0.323105570 0.349564420 0.361323337 0.337728225 0.362332908 0.400287882 0.395068189 0.356462226 0.308463603 0.459562904 0.463249916 0.445690194 0.449394330 0.429819084 0.393509867 0.321986034 0.377436261 0.362253116 0.347421990 1.238855189 
26     0.361786453 0.538246987 0.557284483 0.646974065 0.536174608 0.556057036 0.736755794 0.589265340 0.486186484 0.450053894 0.480012601 0.532761619 0.572470078 0.302947057 0.000000000 0.131485726 0.346013586 0.336381228 0.390118971 0.420720624 0.418464125 0.421275822 0.306218413 0.311786877 0.431776551 0.319888496 0.346204489 0.335018671 0.334600647 0.316258363 0.391789616 0.346446311 0.376101850 0.387603582 0.362451687 0.380968005 0.421712596 0.416489977 0.380049597 0.337657002 0.480578550 0.484331211 0.469929988 0.473307096 0.451629910 0.417648036 0.344058275 0.401558787 0.390308312 0.375496887 1.270468065 
14     0.346277524 0.520807077 0.539634658 0.627940945 0.518201187 0.536505163 0.724410813 0.568648053 0.472714986 0.429625483 0.460823336 0.508412296 0.548568765 0.288915648 0.131485726 0.000000000 0.332672268 0.323058020 0.377785577 0.408603086 0.406938054 0.409984932 0.291464658 0.296939889 0.418934157 0.307180980 0.332123808 0.321106929 0.320560189 0.305664544 0.380083416 0.334460263 0.363590888 0.375044182 0.355990735 0.373922345 0.414659798 0.409188284 0.373639844 0.330540061 0.473644427 0.477599580 0.464884576 0.465950364 0.440954301 0.404637968 0.335169749 0.393797058 0.377595860 0.362400566 1.253155601 
41     0.335643565 0.501187906 0.520267541 0.618579341 0.509460141 0.528283312 0.707208019 0.558675177 0.455123116 0.416637220 0.444196491 0.502691313 0.541569525 0.317076510 0.346013586 0.332672268 0.000000000 0.192327993 0.299487975 0.334620809 0.332399784 0.334621208 0.225470177 0.221357501 0.340643952 0.243535418 0.267099509 0.257112422 0.256378066 0.271339341 0.347168160 0.302007673 0.328210410 0.338816533 0.332665845 0.355530262 0.395395063 0.389581244 0.345325013 0.314278385 0.454269548 0.457554538 0.440821446 0.444999568 0.421390484 0.391607323 0.316387042 0.362316617 0.357154858 0.339085590 1.234569430 
21     0.320764424 0.494229658 0.512411757 0.607860728 0.490792187 0.510689694 0.697384373 0.541175559 0.439623436 0.400176828 0.426665575 0.493800547 0.533270549 0.309004260 0.336381228 0.323058020 0.192327993 0.000000000 0.283750027 0.318986510 0.316337018 0.320350481 0.214099684 0.210351709 0.327668603 0.233388022 0.254780776 0.245094560 0.244293928 0.262772493 0.333684530 0.292800939 0.320652332 0.331499140 0.319284933 0.340097131 0.380721296 0.374538705 0.331604260 0.297420289 0.437246570 0.440810925 0.425461669 0.427355648 0.406758882 0.375089587 0.304114149 0.346293500 0.347110116 0.332146241 1.219076514 
20     0.370980221 0.545352424 0.563010502 0.658923590 0.546764420 0.567004320 0.753709899 0.600497428 0.495050655 0.458095382 0.479298296 0.541820064 0.582975268 0.357163967 0.390118971 0.377785577 0.299487975 0.283750027 0.000000000 0.206028670 0.203651301 0.214878834 0.264982486 0.272477563 0.391136601 0.287580003 0.312277640 0.300910165 0.299881592 0.313193126 0.382571646 0.342199778 0.371851886 0.383517541 0.371015713 0.398481915 0.432757520 0.427242482 0.388646199 0.343570039 0.491180662 0.494677725 0.476443138 0.480589728 0.460589120 0.426707406 0.353245468 0.403943273 0.408903226 0.394225890 1.290843459 
42     0.405615630 0.579777358 0.600999000 0.687063665 0.575902968 0.597880678 0.786543075 0.633054372 0.527411808 0.489111910 0.520580042 0.576196156 0.615970014 0.391849819 0.420720624 0.408603086 0.334620809 0.318986510 0.206028670 0.000000000 0.066883237 0.156666377 0.303703525 0.308811364 0.424965714 0.319693638 0.342147323 0.332476831 0.331146167 0.352851834 0.423392835 0.380461034 0.409896949 0.421914165 0.401109544 0.429397403 0.468570585 0.459398742 0.424677571 0.387222382 0.530057371 0.533629406 0.513578499 0.518808442 0.497658955 0.464210911 0.394428274 0.444406590 0.445001232 0.430978601 1.322064768 
49     0.405072438 0.580221710 0.601641584 0.686858006 0.575873215 0.595125620 0.785437945 0.632471057 0.526897595 0.489180827 0.517734681 0.574336169 0.614044965 0.389194764 0.418464125 0.406938054 0.332399784 0.316337018 0.203651301 0.066883237 0.000000000 0.152303831 0.300603804 0.305835939 0.422717088 0.316488458 0.339195011 0.329531376 0.328209257 0.349611370 0.419990499 0.377492730 0.407054908 0.418600267 0.398448094 0.426547944 0.465749847 0.456541986 0.421997796 0.384779019 0.527913415 0.531366056 0.510329603 0.516224135 0.495172832 0.461342120 0.390958070 0.440946966 0.441217287 0.427194656 1.321734099 
17     0.411791936 0.585230663 0.603040910 0.692501817 0.581465838 0.601863031 0.784998826 0.630102555 0.527126737 0.488186458 0.521890325 0.580468027 0.620589937 0.393103847 0.421275822 0.409984932 0.334621208 0.320350481 0.214878834 0.156666377 0.152303831 0.000000000 0.306263236 0.308793845 0.425049953 0.325052258 0.348918259 0.337844203 0.336781334 0.354865309 0.426177198 0.383533347 0.412706316 0.425141089 0.401848962 0.429087294 0.471822555 0.462926210 0.426118900 0.388828710 0.530275620 0.533822572 0.513343338 0.518345150 0.497227504 0.464719359 0.396047782 0.444215302 0.442441517 0.428450931 1.318008550 
43     0.296880805 0.458589734 0.477371512 0.573765123 0.463138390 0.483401132 0.662214613 0.519684593 0.410590115 0.373884517 0.408681689 0.458420034 0.500530951 0.279088547 0.306218413 0.291464658 0.225470177 0.214099684 0.264982486 0.303703525 0.300603804 0.306263236 0.000000000 0.150457390 0.260947122 0.197465955 0.222248871 0.212205568 0.211291946 0.230528733 0.302931854 0.257337144 0.285213416 0.294890031 0.289049179 0.315073479 0.351510873 0.346115300 0.309282799 0.273334970 0.415270531 0.418958882 0.399437286 0.401403128 0.379343830 0.345274600 0.276396112 0.321664057 0.315242915 0.297327814 1.218766009 
48     0.298022375 0.466624705 0.487918722 0.581401822 0.469959946 0.485658529 0.675497460 0.524271345 0.419219000 0.380416903 0.412392463 0.467063232 0.507238964 0.277699190 0.311786877 0.296939889 0.221357501 0.210351709 0.272477563 0.308811364 0.305835939 0.308793845 0.150457390 0.000000000 0.258822663 0.207612274 0.231667213 0.221569935 0.220145717 0.241612122 0.312189674 0.270521114 0.299540967 0.309722420 0.290872524 0.316885660 0.351669753 0.347048144 0.311632483 0.276097498 0.411934841 0.415051207 0.399222209 0.402443086 0.382784013 0.348987306 0.271738469 0.327234022 0.324785548 0.307114278 1.211633740 
47     0.420041398 0.582706091 0.601038892 0.699857800 0.591242745 0.608803085 0.787584826 0.638757581 0.533171807 0.495152351 0.533355866 0.589306444 0.628024957 0.396289369 0.431776551 0.418934157 0.340643952 0.327668603 0.391136601 0.424965714 0.422717088 0.425049953 0.260947122 0.258822663 0.000000000 0.320734703 0.344979179 0.334909648 0.333896138 0.356883641 0.429237176 0.384063296 0.415012220 0.422375301 0.406471155 0.431796945 0.469231237 0.464846385 0.430406009 0.395430989 0.538030119 0.541667475 0.518514172 0.524192180 0.502545810 0.466311461 0.394836615 0.443972608 0.438829720 0.421619578 1.311675249 
19     0.309593100 0.482661807 0.497555283 0.591869583 0.477889545 0.495083950 0.682600272 0.538414396 0.435471490 0.395361645 0.424014243 0.479361599 0.520279465 0.284386845 0.319888496 0.307180980 0.243535418 0.233388022 0.287580003 0.319693638 0.316488458 0.325052258 0.197465955 0.207612274 0.320734703 0.000000000 0.115790219 0.105948099 0.105500321 0.250085979 0.319698000 0.277965391 0.305617614 0.316343891 0.300043931 0.330617988 0.367824808 0.362358265 0.325078719 0.290829532 0.433675985 0.436925545 0.419621190 0.419423776 0.401188940 0.360624198 0.294794419 0.342943722 0.332244176 0.316962797 1.211210633 
45     0.334750935 0.502208030 0.517133200 0.612568926 0.499001177 0.517612898 0.711083164 0.559457556 0.458078670 0.414957073 0.452124529 0.509029848 0.549094762 0.311788401 0.346204489 0.332123808 0.267099509 0.254780776 0.312277640 0.342147323 0.339195011 0.348918259 0.222248871 0.231667213 0.344979179 0.115790219 0.000000000 0.065172890 0.065018708 0.274033257 0.343020391 0.300907606 0.328561540 0.340797299 0.324284354 0.353578917 0.390544493 0.385577353 0.351204205 0.315233446 0.456253256 0.460103755 0.442160865 0.443873855 0.426085312 0.387593951 0.320871670 0.366135121 0.352348235 0.337658205 1.218669912 
30     0.327382763 0.493225604 0.508360048 0.607669933 0.490510134 0.507353215 0.693751484 0.549825090 0.448367430 0.405086299 0.442978739 0.498908444 0.539494632 0.300894233 0.335018671 0.321106929 0.257112422 0.245094560 0.300910165 0.332476831 0.329531376 0.337844203 0.212205568 0.221569935 0.334909648 0.105948099 0.065172890 0.000000000 0.021302861 0.263489519 0.333607959 0.290486531 0.318294308 0.330915696 0.314284585 0.343733737 0.381696122 0.376215062 0.341131315 0.303960492 0.447682071 0.451524226 0.432635080 0.434737850 0.415460151 0.376485915 0.305354486 0.355976226 0.341670952 0.327127343 1.209068146 
36     0.326411614 0.491964628 0.507084084 0.606717683 0.489670640 0.506344308 0.693084494 0.549118176 0.446813281 0.403904154 0.441909153 0.497587816 0.538092290 0.299700633 0.334600647 0.320560189 0.256378066 0.244293928 0.299881592 0.331146167 0.328209257 0.336781334 0.211291946 0.220145717 0.333896138 0.105500321 0.065018708 0.021302861 0.000000000 0.263042828 0.332899370 0.289543695 0.317293229 0.330390090 0.313540148 0.343039757 0.380530193 0.375045070 0.340358663 0.302916722 0.447060429 0.450901636 0.431898614 0.433995527 0.414854178 0.375963519 0.304788572 0.355361952 0.340803675 0.326260066 1.208259050 
35     0.304431778 0.475506366 0.492064320 0.589289206 0.475662208 0.497362114 0.676946577 0.530715349 0.427111469 0.390657518 0.414740360 0.473196629 0.513788212 0.290317921 0.316258363 0.305664544 0.271339341 0.262772493 0.313193126 0.352851834 0.349611370 0.354865309 0.230528733 0.241612122 0.356883641 0.250085979 0.274033257 0.263489519 0.263042828 0.000000000 0.248059931 0.201717646 0.231901002 0.232690689 0.307112079 0.333895886 0.367570410 0.363284675 0.323847936 0.282167808 0.433381761 0.436764732 0.418462312 0.422230260 0.401397204 0.364956915 0.291319900 0.344947053 0.324164209 0.308860409 1.206946645 
39     0.380495484 0.542431544 0.559833424 0.658533168 0.543527764 0.560092641 0.754030791 0.603275660 0.496145117 0.462875862 0.488206246 0.539846101 0.582679599 0.360840596 0.391789616 0.380083416 0.347168160 0.333684530 0.382571646 0.423392835 0.419990499 0.426177198 0.302931854 0.312189674 0.429237176 0.319698000 0.343020391 0.333607959 0.332899370 0.248059931 0.000000000 0.232292224 0.262655003 0.274607524 0.383768150 0.408418772 0.441686109 0.436590208 0.393605096 0.358841589 0.500868464 0.504626604 0.485499036 0.490983976 0.470960912 0.436780849 0.366679985 0.413228706 0.409258582 0.395253958 1.280623268 
33     0.336423052 0.507137065 0.524081726 0.622121702 0.503645762 0.524719253 0.711253402 0.565152077 0.460815861 0.423595270 0.445382653 0.499106286 0.545612069 0.323105570 0.346446311 0.334460263 0.302007673 0.292800939 0.342199778 0.380461034 0.377492730 0.383533347 0.257337144 0.270521114 0.384063296 0.277965391 0.300907606 0.290486531 0.289543695 0.201717646 0.232292224 0.000000000 0.111684772 0.202541401 0.337436462 0.360707991 0.398318356 0.393342165 0.350231652 0.316246239 0.461846505 0.465433748 0.446098560 0.452387949 0.418972888 0.385973119 0.316415362 0.373128062 0.368110120 0.352716463 1.243071234 
31     0.359916344 0.528658149 0.545785165 0.647137814 0.532414927 0.549557056 0.734832066 0.587823143 0.484716208 0.447624025 0.469179046 0.527274313 0.571057367 0.349564420 0.376101850 0.363590888 0.328210410 0.320652332 0.371851886 0.409896949 0.407054908 0.412706316 0.285213416 0.299540967 0.415012220 0.305617614 0.328561540 0.318294308 0.317293229 0.231901002 0.262655003 0.111684772 0.000000000 0.236515689 0.366701027 0.386569197 0.427487649 0.422218128 0.376355682 0.339109101 0.488263443 0.491607101 0.472149978 0.477131713 0.451088112 0.418238218 0.347129137 0.403668707 0.394920757 0.379201683 1.278652209 
34     0.378959202 0.542872524 0.561539024 0.656141824 0.545796781 0.563910541 0.743162460 0.603277739 0.499934028 0.462918090 0.484023312 0.535509160 0.580473695 0.361323337 0.387603582 0.375044182 0.338816533 0.331499140 0.383517541 0.421914165 0.418600267 0.425141089 0.294890031 0.309722420 0.422375301 0.316343891 0.340797299 0.330915696 0.330390090 0.232690689 0.274607524 0.202541401 0.236515689 0.000000000 0.379994913 0.404478277 0.440455652 0.434787464 0.390403546 0.350924437 0.499676599 0.503248857 0.487223376 0.492742980 0.464437327 0.431748324 0.359965017 0.413244654 0.399090643 0.384622150 1.271153437 
44     0.353080379 0.534467457 0.552303052 0.641449192 0.523419599 0.542631657 0.742144269 0.591529796 0.481083743 0.445298305 0.466135903 0.521565314 0.562306253 0.337728225 0.362451687 0.355990735 0.332665845 0.319284933 0.371015713 0.401109544 0.398448094 0.401848962 0.289049179 0.290872524 0.406471155 0.300043931 0.324284354 0.314284585 0.313540148 0.307112079 0.383768150 0.337436462 0.366701027 0.379994913 0.000000000 0.173415315 0.255569137 0.242615330 0.317790416 0.274587920 0.421675304 0.425423378 0.409122280 0.411959748 0.386971168 0.342209491 0.279033257 0.332171365 0.382565532 0.367474989 1.272198329 
40     0.360752204 0.543912112 0.562085806 0.654321497 0.538864067 0.556307127 0.750678666 0.591746903 0.486600139 0.452332146 0.489707036 0.537533026 0.577705150 0.362332908 0.380968005 0.373922345 0.355530262 0.340097131 0.398481915 0.429397403 0.426547944 0.429087294 0.315073479 0.316885660 0.431796945 0.330617988 0.353578917 0.343733737 0.343039757 0.333895886 0.408418772 0.360707991 0.386569197 0.404478277 0.173415315 0.000000000 0.270335506 0.257203932 0.330491471 0.283104863 0.434238855 0.437954000 0.419778396 0.416147593 0.398159491 0.353018436 0.300564436 0.345744031 0.405550623 0.390719597 1.278260365 
32     0.406995692 0.583838394 0.601504577 0.701147376 0.583891151 0.597577895 0.790717142 0.639666160 0.529485156 0.497708540 0.529887053 0.583706431 0.624099506 0.400287882 0.421712596 0.414659798 0.395395063 0.380721296 0.432757520 0.468570585 0.465749847 0.471822555 0.351510873 0.351669753 0.469231237 0.367824808 0.390544493 0.381696122 0.380530193 0.367570410 0.441686109 0.398318356 0.427487649 0.440455652 0.255569137 0.270335506 0.000000000 0.082738611 0.371417551 0.327499463 0.472666096 0.475954165 0.460694084 0.465977642 0.444171743 0.405619640 0.339477802 0.392598901 0.445279034 0.430528769 1.329492523 
18     0.402199583 0.577233553 0.595009359 0.693621664 0.576889935 0.590573672 0.783099978 0.632452141 0.522075522 0.490350062 0.523545598 0.576345425 0.617008451 0.395068189 0.416489977 0.409188284 0.389581244 0.374538705 0.427242482 0.459398742 0.456541986 0.462926210 0.346115300 0.347048144 0.464846385 0.362358265 0.385577353 0.376215062 0.375045070 0.363284675 0.436590208 0.393342165 0.422218128 0.434787464 0.242615330 0.257203932 0.082738611 0.000000000 0.365454465 0.321987424 0.470063770 0.472894954 0.457001455 0.462582600 0.439379996 0.400487610 0.333450264 0.387498932 0.441143649 0.426399914 1.316594504 
37     0.363160864 0.548450472 0.565664392 0.658066968 0.536501618 0.555584709 0.746781769 0.600167631 0.499276164 0.461795233 0.477236142 0.533117146 0.575179182 0.356462226 0.380049597 0.373639844 0.345325013 0.331604260 0.388646199 0.424677571 0.421997796 0.426118900 0.309282799 0.311632483 0.430406009 0.325078719 0.351204205 0.341131315 0.340358663 0.323847936 0.393605096 0.350231652 0.376355682 0.390403546 0.317790416 0.330491471 0.371417551 0.365454465 0.000000000 0.229585461 0.389456394 0.392844424 0.374265765 0.381517532 0.382770066 0.342757181 0.272592144 0.322095811 0.400051673 0.386309886 1.300173985 
28     0.322644931 0.502413728 0.519992597 0.617411581 0.503027692 0.519134139 0.709224371 0.557185811 0.451529628 0.415719082 0.442946814 0.493979539 0.533969945 0.308463603 0.337657002 0.330540061 0.314278385 0.297420289 0.343570039 0.387222382 0.384779019 0.388828710 0.273334970 0.276097498 0.395430989 0.290829532 0.315233446 0.303960492 0.302916722 0.282167808 0.358841589 0.316246239 0.339109101 0.350924437 0.274587920 0.283104863 0.327499463 0.321987424 0.229585461 0.000000000 0.352878545 0.355777201 0.333551265 0.338547870 0.339973889 0.298536923 0.230220767 0.280279679 0.364734833 0.350083114 1.240588966 
22     0.469935681 0.657989054 0.678588084 0.761517403 0.648874801 0.667851614 0.856750528 0.707444608 0.603183051 0.564267151 0.587544740 0.640723558 0.683795097 0.459562904 0.480578550 0.473644427 0.454269548 0.437246570 0.491180662 0.530057371 0.527913415 0.530275620 0.415270531 0.411934841 0.538030119 0.433675985 0.456253256 0.447682071 0.447060429 0.433381761 0.500868464 0.461846505 0.488263443 0.499676599 0.421675304 0.434238855 0.472666096 0.470063770 0.389456394 0.352878545 0.000000000 0.048864745 0.247664462 0.252068197 0.482592071 0.446256047 0.377941461 0.428880811 0.507159764 0.492413291 1.399492028 
16     0.473375110 0.661587987 0.682126875 0.765275414 0.652642193 0.671586102 0.860273119 0.711371944 0.607035417 0.568153252 0.591065037 0.644371265 0.687548892 0.463249916 0.484331211 0.477599580 0.457554538 0.440810925 0.494677725 0.533629406 0.531366056 0.533822572 0.418958882 0.415051207 0.541667475 0.436925545 0.460103755 0.451524226 0.450901636 0.436764732 0.504626604 0.465433748 0.491607101 0.503248857 0.425423378 0.437954000 0.475954165 0.472894954 0.392844424 0.355777201 0.048864745 0.000000000 0.251879664 0.256757737 0.486368421 0.449495242 0.381537078 0.432112467 0.510368185 0.495621713 1.403475843 
27     0.460012011 0.646484416 0.666684155 0.750926437 0.634093312 0.654294543 0.841961583 0.696684087 0.591812260 0.553552221 0.571909090 0.626749744 0.665486612 0.445690194 0.469929988 0.464884576 0.440821446 0.425461669 0.476443138 0.513578499 0.510329603 0.513343338 0.399437286 0.399222209 0.518514172 0.419621190 0.442160865 0.432635080 0.431898614 0.418462312 0.485499036 0.446098560 0.472149978 0.487223376 0.409122280 0.419778396 0.460694084 0.457001455 0.374265765 0.333551265 0.247664462 0.251879664 0.000000000 0.145299001 0.469256614 0.430401887 0.363546101 0.421352281 0.492447646 0.477184596 1.368385781 
24     0.461074164 0.646701886 0.666738473 0.751394865 0.637738440 0.657233501 0.846440966 0.698266951 0.592557136 0.554162932 0.576013167 0.632002513 0.670985835 0.449394330 0.473307096 0.465950364 0.444999568 0.427355648 0.480589728 0.518808442 0.516224135 0.518345150 0.401403128 0.402443086 0.524192180 0.419423776 0.443873855 0.434737850 0.433995527 0.422230260 0.490983976 0.452387949 0.477131713 0.492742980 0.411959748 0.416147593 0.465977642 0.462582600 0.381517532 0.338547870 0.252068197 0.256757737 0.145299001 0.000000000 0.474992212 0.430170325 0.371702096 0.423117116 0.490924511 0.476588208 1.377551617 
29     0.447899338 0.626539969 0.645733630 0.734148027 0.617276046 0.633878091 0.823299967 0.673203171 0.570464442 0.534519142 0.553792787 0.610863796 0.654252545 0.429819084 0.451629910 0.440954301 0.421390484 0.406758882 0.460589120 0.497658955 0.495172832 0.497227504 0.379343830 0.382784013 0.502545810 0.401188940 0.426085312 0.415460151 0.414854178 0.401397204 0.470960912 0.418972888 0.451088112 0.464437327 0.386971168 0.398159491 0.444171743 0.439379996 0.382770066 0.339973889 0.482592071 0.486368421 0.469256614 0.474992212 0.000000000 0.317963313 0.295416797 0.394231748 0.470512103 0.457261602 1.366319655 
25     0.407982134 0.588192907 0.607290306 0.698771817 0.579723687 0.597097912 0.791894637 0.638732851 0.535205768 0.498189143 0.524848031 0.575022757 0.621948199 0.393509867 0.417648036 0.404637968 0.391607323 0.375089587 0.426707406 0.464210911 0.461342120 0.464719359 0.345274600 0.348987306 0.466311461 0.360624198 0.387593951 0.376485915 0.375963519 0.364956915 0.436780849 0.385973119 0.418238218 0.431748324 0.342209491 0.353018436 0.405619640 0.400487610 0.342757181 0.298536923 0.446256047 0.449495242 0.430401887 0.430170325 0.317963313 0.000000000 0.253585668 0.362660170 0.439071100 0.425196778 1.328828606 
38     0.331285837 0.513780064 0.532873162 0.624421193 0.508305621 0.526324620 0.719325335 0.571943726 0.462751536 0.426232686 0.441899159 0.495488122 0.536925662 0.321986034 0.344058275 0.335169749 0.316387042 0.304114149 0.353245468 0.394428274 0.390958070 0.396047782 0.276396112 0.271738469 0.394836615 0.294794419 0.320871670 0.305354486 0.304788572 0.291319900 0.366679985 0.316415362 0.347129137 0.359965017 0.279033257 0.300564436 0.339477802 0.333450264 0.272592144 0.230220767 0.377941461 0.381537078 0.363546101 0.371702096 0.295416797 0.253585668 0.000000000 0.296573400 0.369714500 0.353124672 1.258363247 
23     0.391490845 0.573495625 0.592216510 0.681766466 0.567394720 0.583327524 0.784519368 0.628653403 0.521921703 0.487074493 0.504818651 0.561267268 0.601549781 0.377436261 0.401558787 0.393797058 0.362316617 0.346293500 0.403943273 0.444406590 0.440946966 0.444215302 0.321664057 0.327234022 0.443972608 0.342943722 0.366135121 0.355976226 0.355361952 0.344947053 0.413228706 0.373128062 0.403668707 0.413244654 0.332171365 0.345744031 0.392598901 0.387498932 0.322095811 0.280279679 0.428880811 0.432112467 0.421352281 0.423117116 0.394231748 0.362660170 0.296573400 0.000000000 0.417917954 0.404790050 1.286583380 
15     0.379646598 0.549056427 0.567634059 0.653060393 0.540047411 0.560141893 0.751733136 0.601720192 0.495739565 0.459069200 0.491446292 0.545345989 0.584842576 0.362253116 0.390308312 0.377595860 0.357154858 0.347110116 0.408903226 0.445001232 0.441217287 0.442441517 0.315242915 0.324785548 0.438829720 0.332244176 0.352348235 0.341670952 0.340803675 0.324164209 0.409258582 0.368110120 0.394920757 0.399090643 0.382565532 0.405550623 0.445279034 0.441143649 0.400051673 0.364734833 0.507159764 0.510368185 0.492447646 0.490924511 0.470512103 0.439071100 0.369714500 0.417917954 0.000000000 0.068824887 1.291746427 
50     0.365068333 0.532425890 0.551209472 0.636394116 0.525633124 0.545438103 0.732117008 0.585459998 0.477751562 0.441739456 0.476738571 0.530234843 0.569814355 0.347421990 0.375496887 0.362400566 0.339085590 0.332146241 0.394225890 0.430978601 0.427194656 0.428450931 0.297327814 0.307114278 0.421619578 0.316962797 0.337658205 0.327127343 0.326260066 0.308860409 0.395253958 0.352716463 0.379201683 0.384622150 0.367474989 0.390719597 0.430528769 0.426399914 0.386309886 0.350083114 0.492413291 0.495621713 0.477184596 0.476588208 0.457261602 0.425196778 0.353124672 0.404790050 0.068824887 0.000000000 1.270646162 
0     1.200924610 1.367763933 1.371703877 1.478845067 1.358540593 1.371645177 1.559670884 1.407958740 1.308306537 1.272748754 1.304652556 1.357101594 1.414712804 1.238855189 1.270468065 1.253155601 1.234569430 1.219076514 1.290843459 1.322064768 1.321734099 1.318008550 1.218766009 1.211633740 1.311675249 1.211210633 1.218669912 1.209068146 1.208259050 1.206946645 1.280623268 1.243071234 1.278652209 1.271153437 1.272198329 1.278260365 1.329492523 1.316594504 1.300173985 1.240588966 1.399492028 1.403475843 1.368385781 1.377551617 1.366319655 1.328828606 1.258363247 1.286583380 1.291746427 1.270646162 0.000000000 
