51
15     0.000000000 0.008064501 0.013999876 0.031753825 0.028690111 0.030711150 0.045697105 0.044033330 0.045689337 0.045744031 0.045795685 0.047098454 0.044896277 0.044847986 0.050108223 0.049432875 0.048657691 0.048803910 0.046687166 0.043617280 0.043222988 0.042754456 0.045136523 0.042572130 0.055475701 0.060633220 0.060922013 0.058324649 0.054360323 0.057712789 0.055715100 0.060613642 0.056382481 0.058709546 0.058532348 0.061058325 0.062854495 0.060194781 0.060143079 0.057844016 0.063563491 0.057455489 0.058250037 0.060920877 0.054339805 0.055391997 0.056096200 0.058276828 0.055902588 0.068636805 0.118911464 
12     0.008064501 0.000000000 0.014469455 0.032183657 0.029217642 0.031158473 0.046086333 0.044442410 0.046074887 0.045856966 0.045914276 0.047228625 0.045053401 0.044724723 0.050214931 0.049536938 0.048748823 0.048902999 0.046805379 0.043715051 0.043320759 0.042913482 0.045252134 0.042629557 0.055688253 0.060612111 0.060774080 0.058250579 0.054289050 0.057602147 0.055569875 0.060489903 0.056343285 0.058945191 0.058785967 0.061276129 0.063077103 0.060358903 0.060307201 0.058078777 0.063522579 0.057258885 0.058055376 0.060859521 0.054283061 0.055260945 0.055977542 0.058010935 0.056234456 0.068719998 0.119360579 
11     0.013999876 0.014469455 0.000000000 0.033439262 0.030549727 0.032525184 0.047497808 0.045682106 0.047316112 0.047367997 0.047430211 0.048706545 0.046563804 0.046539886 0.051648771 0.050978872 0.050144096 0.050314230 0.048114594 0.045096954 0.044710172 0.044351305 0.046620788 0.044177258 0.056968531 0.062338331 0.062482187 0.059925948 0.055933532 0.059222423 0.057287716 0.062164050 0.057977036 0.060468732 0.060244676 0.062719931 0.064600375 0.061831100 0.061779398 0.059584103 0.064750589 0.058580772 0.059371855 0.062109404 0.055483928 0.056546392 0.057703871 0.059772543 0.057621641 0.070316073 0.120002680 
5     0.031753825 0.032183657 0.033439262 0.000000000 0.027632604 0.029645665 0.044978275 0.043619854 0.044933345 0.044909791 0.044721712 0.046068596 0.043477053 0.043589411 0.048965456 0.048181222 0.047411069 0.047585871 0.045541742 0.042584056 0.042075413 0.041995453 0.044238399 0.041722617 0.054425639 0.059167985 0.059438606 0.056860322 0.052859151 0.056824209 0.054570426 0.059561241 0.055203155 0.057557317 0.057298276 0.059747114 0.061487565 0.058660799 0.058588258 0.056349927 0.062325800 0.056435308 0.057242505 0.059778537 0.052912109 0.053969743 0.054901391 0.056882693 0.054939367 0.067158871 0.118243465 
10     0.028690111 0.029217642 0.030549727 0.027632604 0.000000000 0.015334999 0.041598138 0.040650906 0.041804726 0.041986816 0.041795092 0.043360499 0.040919456 0.040749929 0.046044019 0.045483467 0.044671901 0.044863903 0.042786677 0.039585410 0.038996378 0.038438998 0.040611525 0.038685135 0.051342629 0.055424109 0.056092496 0.053511975 0.049484202 0.053916860 0.051262440 0.056212727 0.051894404 0.054117271 0.053955694 0.056518054 0.058248831 0.055549764 0.055474171 0.053238923 0.059080021 0.053287798 0.054132510 0.056889548 0.050046394 0.050948201 0.051619868 0.053724555 0.051910343 0.064624294 0.115155870 
21     0.030711150 0.031158473 0.032525184 0.029645665 0.015334999 0.000000000 0.043844891 0.042657942 0.043872433 0.044170857 0.043946330 0.045394711 0.042971445 0.042987667 0.048719771 0.048054205 0.047201553 0.047438566 0.045214980 0.042184860 0.041641373 0.041167322 0.043283876 0.041299084 0.054065045 0.058325257 0.058508314 0.055865952 0.051843065 0.056129890 0.053453407 0.058521054 0.054199745 0.056496030 0.056193559 0.058561304 0.060272070 0.057553640 0.057467040 0.055296230 0.061427937 0.055432086 0.056269398 0.059151265 0.052274327 0.053344397 0.054002352 0.056029105 0.054131640 0.066483849 0.118246461 
25     0.045697105 0.046086333 0.047497808 0.044978275 0.041598138 0.043844891 0.000000000 0.026778348 0.028011687 0.048088693 0.047854893 0.049292721 0.047099091 0.047665587 0.053216433 0.052666645 0.052048790 0.052130513 0.050049650 0.047265513 0.046802479 0.046342908 0.048621408 0.045955241 0.058631240 0.063530177 0.063966023 0.061517201 0.057432660 0.061089978 0.058675026 0.063609391 0.059404254 0.061675797 0.061519010 0.064109529 0.065793853 0.062974383 0.062923239 0.061112648 0.066797693 0.061206348 0.062061852 0.063823914 0.057418727 0.058210523 0.058628969 0.060438003 0.058738348 0.071557940 0.122669362 
4     0.044033330 0.044442410 0.045682106 0.043619854 0.040650906 0.042657942 0.026778348 0.000000000 0.012946539 0.047723025 0.047488288 0.049058389 0.046439861 0.047204011 0.052920508 0.052228299 0.051632244 0.051690661 0.049584217 0.046537391 0.046067571 0.046015168 0.048340683 0.045795046 0.057902850 0.062676794 0.063334984 0.060635983 0.056628507 0.060191471 0.058184725 0.062921871 0.058722789 0.060973470 0.060652443 0.063477993 0.065206349 0.062375068 0.062312294 0.060264471 0.065912243 0.060244186 0.061092901 0.063045399 0.056756108 0.057442996 0.058519659 0.060416106 0.057776627 0.070470346 0.122057023 
8     0.045689337 0.046074887 0.047316112 0.044933345 0.041804726 0.043872433 0.028011687 0.012946539 0.000000000 0.048859183 0.048532872 0.050042240 0.047488263 0.048141856 0.053559872 0.052951097 0.052339494 0.052423479 0.050258806 0.047157321 0.046694643 0.046712660 0.049045770 0.046533855 0.058826005 0.063495362 0.064034348 0.061404553 0.057385342 0.060990228 0.058905656 0.063685553 0.059509551 0.061845960 0.061520134 0.064303929 0.065890458 0.063130130 0.063107540 0.061017281 0.066697999 0.061023682 0.061878727 0.063882254 0.057432154 0.058134358 0.059204367 0.061211977 0.058326473 0.071169286 0.123020303 
23     0.045744031 0.045856966 0.047367997 0.044909791 0.041986816 0.044170857 0.048088693 0.047723025 0.048859183 0.000000000 0.018689908 0.024812765 0.023314006 0.024669526 0.051812886 0.051222905 0.050628675 0.050755564 0.048548037 0.045695660 0.045334236 0.044943083 0.047289396 0.044875539 0.057537303 0.062211813 0.062509710 0.060214791 0.056058372 0.059327607 0.057597221 0.062770597 0.058561701 0.060994282 0.060902055 0.063325169 0.064962580 0.062263640 0.062209602 0.060059221 0.065894048 0.060096433 0.060827017 0.063349132 0.056227227 0.057368424 0.058340933 0.060092313 0.058294448 0.070380481 0.121766970 
1     0.045795685 0.045914276 0.047430211 0.044721712 0.041795092 0.043946330 0.047854893 0.047488288 0.048532872 0.018689908 0.000000000 0.024792539 0.023232568 0.024834672 0.052422775 0.051854749 0.051245489 0.051364984 0.049021802 0.046101622 0.045676888 0.045356230 0.047631639 0.045253778 0.057994018 0.061729783 0.062165841 0.060212051 0.056028839 0.059821041 0.057150290 0.062173571 0.058146795 0.060759099 0.060508279 0.063081462 0.064729657 0.061848823 0.061789485 0.059656366 0.065373194 0.059452170 0.060173551 0.062813960 0.055831753 0.056997938 0.057963389 0.059979754 0.057971442 0.070341134 0.121173061 
19     0.047098454 0.047228625 0.048706545 0.046068596 0.043360499 0.045394711 0.049292721 0.049058389 0.050042240 0.024812765 0.024792539 0.000000000 0.019279828 0.025755149 0.053914582 0.053293221 0.052680673 0.052807562 0.050458329 0.047600263 0.047218546 0.046745271 0.049159181 0.046751821 0.059202223 0.063623273 0.063832667 0.061554887 0.057371053 0.061373993 0.058757926 0.063941946 0.059851291 0.062361556 0.062107067 0.064717720 0.066361156 0.063521801 0.063470657 0.061388010 0.066782055 0.061065781 0.061794970 0.064244917 0.057329852 0.058396479 0.059308128 0.061118038 0.059488861 0.071885221 0.124277414 
16     0.044896277 0.045053401 0.046563804 0.043477053 0.040919456 0.042971445 0.047099091 0.046439861 0.047488263 0.023314006 0.023232568 0.019279828 0.000000000 0.024019893 0.051206057 0.050751536 0.050049160 0.050161738 0.047938916 0.044862822 0.044471982 0.044425295 0.046855765 0.044365614 0.056548274 0.061192753 0.061530844 0.059253184 0.055178560 0.058882477 0.056356613 0.061510480 0.057589378 0.060087034 0.059844577 0.062314596 0.063973967 0.061010037 0.060961548 0.059110299 0.064448461 0.058780379 0.059567337 0.062068778 0.055236675 0.056106265 0.056945315 0.058781174 0.057090463 0.069419313 0.122166823 
22     0.044847986 0.044724723 0.046539886 0.043589411 0.040749929 0.042987667 0.047665587 0.047204011 0.048141856 0.024669526 0.024834672 0.025755149 0.024019893 0.000000000 0.051507692 0.050968199 0.050323056 0.050492850 0.048068135 0.045132752 0.044776535 0.044262369 0.046608785 0.044301260 0.057094330 0.061364244 0.061509226 0.059136352 0.054984737 0.058834052 0.056270258 0.061309887 0.057583987 0.059872874 0.059578399 0.062163611 0.063851618 0.060912518 0.060873048 0.058768696 0.064487070 0.058692131 0.059372463 0.061965765 0.055082923 0.055872775 0.056990349 0.058873887 0.057180438 0.069561797 0.121422532 
20     0.050108223 0.050214931 0.051648771 0.048965456 0.046044019 0.048719771 0.053216433 0.052920508 0.053559872 0.051812886 0.052422775 0.053914582 0.051206057 0.051507692 0.000000000 0.027767608 0.027118177 0.027256100 0.034623566 0.035694788 0.035093261 0.035118063 0.037474807 0.034758146 0.049055944 0.059395899 0.060329246 0.057598772 0.053650519 0.057260786 0.055297365 0.060323720 0.056813778 0.058709301 0.058498643 0.060810429 0.062207851 0.059481722 0.059425065 0.057472026 0.063928201 0.057504809 0.058355153 0.061030947 0.054452919 0.055008353 0.055470033 0.058058016 0.055950321 0.068469077 0.119675499 
14     0.049432875 0.049536938 0.050978872 0.048181222 0.045483467 0.048054205 0.052666645 0.052228299 0.052951097 0.051222905 0.051854749 0.053293221 0.050751536 0.050968199 0.027767608 0.000000000 0.010597952 0.010772756 0.034181034 0.035421282 0.034870866 0.035031028 0.037116005 0.034224455 0.048744425 0.058885752 0.059861393 0.057303383 0.053299091 0.056547725 0.054634848 0.059759530 0.055967860 0.058463653 0.058210228 0.060411544 0.061746996 0.059100140 0.059031455 0.057156897 0.063424757 0.057183954 0.058029591 0.060576822 0.054076154 0.054799970 0.054980790 0.057479956 0.055177118 0.067926858 0.119490111 
24     0.048657691 0.048748823 0.050144096 0.047411069 0.044671901 0.047201553 0.052048790 0.051632244 0.052339494 0.050628675 0.051245489 0.052680673 0.050049160 0.050323056 0.027118177 0.010597952 0.000000000 0.007268643 0.033689168 0.034861241 0.034307080 0.034372879 0.036491688 0.033653824 0.048074200 0.057927703 0.058943882 0.056308280 0.052324559 0.055631511 0.053606834 0.058833327 0.054967958 0.057483504 0.057200685 0.059439302 0.060807598 0.058333830 0.058267211 0.056192302 0.062430783 0.056217665 0.057060771 0.059673779 0.053175124 0.053892843 0.054041125 0.056443156 0.054513056 0.066916722 0.118673241 
7     0.048803910 0.048902999 0.050314230 0.047585871 0.044863903 0.047438566 0.052130513 0.051690661 0.052423479 0.050755564 0.051364984 0.052807562 0.050161738 0.050492850 0.027256100 0.010772756 0.007268643 0.000000000 0.033835192 0.034920803 0.034371361 0.034446901 0.036542923 0.033739026 0.048128686 0.058052865 0.059116342 0.056420658 0.052451224 0.055698375 0.053805253 0.058972997 0.055036241 0.057581180 0.057276923 0.059560370 0.060897462 0.058408740 0.058342465 0.056325822 0.062508268 0.056291710 0.057135897 0.059774310 0.053271194 0.054003939 0.054173035 0.056629229 0.054630326 0.066882937 0.118759404 
3     0.046687166 0.046805379 0.048114594 0.045541742 0.042786677 0.045214980 0.050049650 0.049584217 0.050258806 0.048548037 0.049021802 0.050458329 0.047938916 0.048068135 0.034623566 0.034181034 0.033689168 0.033835192 0.000000000 0.032078380 0.031420314 0.031390052 0.033983800 0.030728954 0.045605413 0.056250693 0.056933885 0.054460861 0.050398970 0.054095672 0.052201663 0.056773918 0.052987503 0.055378384 0.055240358 0.057486693 0.058868421 0.056144053 0.056097632 0.054161949 0.060186372 0.054129333 0.054966306 0.057572559 0.051016363 0.051513594 0.052204127 0.054713783 0.052072133 0.064961225 0.115996872 
9     0.043617280 0.043715051 0.045096954 0.042584056 0.039585410 0.042184860 0.047265513 0.046537391 0.047157321 0.045695660 0.046101622 0.047600263 0.044862822 0.045132752 0.035694788 0.035421282 0.034861241 0.034920803 0.032078380 0.000000000 0.008384323 0.020176057 0.022858109 0.029022741 0.043293107 0.053322145 0.054088774 0.051360723 0.047286193 0.050857493 0.049248218 0.054085820 0.050057379 0.052487191 0.052254841 0.054508293 0.055974099 0.053345784 0.053285531 0.051332209 0.057444003 0.051299698 0.052114409 0.054400521 0.047844801 0.048479980 0.049432642 0.051650498 0.049317268 0.062054712 0.113140596 
13     0.043222988 0.043320759 0.044710172 0.042075413 0.038996378 0.041641373 0.046802479 0.046067571 0.046694643 0.045334236 0.045676888 0.047218546 0.044471982 0.044776535 0.035093261 0.034870866 0.034307080 0.034371361 0.031420314 0.008384323 0.000000000 0.019453375 0.022223213 0.028407878 0.042596951 0.052712555 0.053576610 0.050732578 0.046722888 0.050447187 0.048699083 0.053470282 0.049572545 0.051901420 0.051689414 0.053807815 0.055324556 0.052668217 0.052607964 0.050707602 0.056841809 0.050783297 0.051595298 0.053765146 0.047104616 0.047832450 0.048862547 0.051139750 0.048864305 0.061438066 0.112619960 
6     0.042754456 0.042913482 0.044351305 0.041995453 0.038438998 0.041167322 0.046342908 0.046015168 0.046712660 0.044943083 0.045356230 0.046745271 0.044425295 0.044262369 0.035118063 0.035031028 0.034372879 0.034446901 0.031390052 0.020176057 0.019453375 0.000000000 0.018834174 0.028092621 0.042731869 0.052637058 0.053260045 0.050886251 0.046791441 0.050138328 0.048380434 0.053388835 0.049228951 0.051749521 0.051626258 0.053582660 0.054988022 0.052295097 0.052271952 0.050372359 0.056789737 0.050634263 0.051372482 0.053635306 0.047157555 0.047830008 0.048628754 0.051084427 0.048078299 0.061108427 0.111483650 
2     0.045136523 0.045252134 0.046620788 0.044238399 0.040611525 0.043283876 0.048621408 0.048340683 0.049045770 0.047289396 0.047631639 0.049159181 0.046855765 0.046608785 0.037474807 0.037116005 0.036491688 0.036542923 0.033983800 0.022858109 0.022223213 0.018834174 0.000000000 0.030390645 0.045186040 0.054684673 0.055537701 0.052842309 0.048779230 0.052257062 0.050506111 0.055536544 0.051003995 0.053515624 0.053379252 0.055741940 0.057173579 0.054512434 0.054491044 0.052225862 0.058807370 0.052404498 0.053203623 0.055759774 0.049235127 0.049835786 0.050594791 0.052964586 0.050383490 0.063250723 0.113786048 
17     0.042572130 0.042629557 0.044177258 0.041722617 0.038685135 0.041299084 0.045955241 0.045795046 0.046533855 0.044875539 0.045253778 0.046751821 0.044365614 0.044301260 0.034758146 0.034224455 0.033653824 0.033739026 0.030728954 0.029022741 0.028407878 0.028092621 0.030390645 0.000000000 0.042264894 0.051224728 0.051924676 0.049013836 0.045101626 0.048323048 0.046710747 0.051662224 0.047718832 0.050640562 0.050188706 0.052496411 0.054016911 0.051346610 0.051303144 0.049165092 0.054564258 0.048723636 0.049464703 0.052115038 0.045469186 0.046198400 0.047207281 0.049563689 0.046837094 0.059480075 0.109858561 
18     0.055475701 0.055688253 0.056968531 0.054425639 0.051342629 0.054065045 0.058631240 0.057902850 0.058826005 0.057537303 0.057994018 0.059202223 0.056548274 0.057094330 0.049055944 0.048744425 0.048074200 0.048128686 0.045605413 0.043293107 0.042596951 0.042731869 0.045186040 0.042264894 0.000000000 0.064947401 0.065884703 0.063558697 0.059510774 0.062726761 0.060895839 0.065928063 0.062079331 0.064421455 0.064014485 0.066450909 0.067979953 0.065253025 0.065200669 0.063131186 0.069123231 0.063149613 0.063973606 0.066251077 0.059817187 0.060512677 0.060986449 0.063350716 0.061226286 0.074145494 0.126083503 
46     0.060633220 0.060612111 0.062338331 0.059167985 0.055424109 0.058325257 0.063530177 0.062676794 0.063495362 0.062211813 0.061729783 0.063623273 0.061192753 0.061364244 0.059395899 0.058885752 0.057927703 0.058052865 0.056250693 0.053322145 0.052712555 0.052637058 0.054684673 0.051224728 0.064947401 0.000000000 0.033604936 0.033337846 0.029509101 0.041938594 0.042220009 0.047918669 0.048406341 0.051295622 0.050801947 0.053257515 0.054939827 0.052280727 0.052215123 0.050088244 0.055421138 0.049245720 0.050049919 0.052869818 0.046560895 0.047361586 0.048571182 0.050895248 0.053629044 0.066288232 0.121606798 
43     0.060922013 0.060774080 0.062482187 0.059438606 0.056092496 0.058508314 0.063966023 0.063334984 0.064034348 0.062509710 0.062165841 0.063832667 0.061530844 0.061509226 0.060329246 0.059861393 0.058943882 0.059116342 0.056933885 0.054088774 0.053576610 0.053260045 0.055537701 0.051924676 0.065884703 0.033604936 0.000000000 0.033358666 0.029541920 0.041893248 0.042522581 0.047931281 0.048328341 0.050808389 0.050431804 0.052715960 0.054518774 0.051694306 0.051663173 0.049513616 0.055272211 0.049049461 0.049776058 0.052831118 0.046128943 0.047027619 0.048473357 0.050414238 0.053000548 0.066487765 0.121119014 
36     0.058324649 0.058250579 0.059925948 0.056860322 0.053511975 0.055865952 0.061517201 0.060635983 0.061404553 0.060214791 0.060212051 0.061554887 0.059253184 0.059136352 0.057598772 0.057303383 0.056308280 0.056420658 0.054460861 0.051360723 0.050732578 0.050886251 0.052842309 0.049013836 0.063558697 0.033337846 0.033358666 0.000000000 0.015765861 0.039333034 0.039765435 0.045232236 0.045892121 0.048508806 0.048162529 0.050555592 0.052249925 0.049609885 0.049578753 0.047049380 0.052908998 0.046780429 0.047537574 0.050233062 0.043750686 0.044585225 0.046481692 0.048435672 0.051034744 0.064090938 0.120369972 
38     0.054360323 0.054289050 0.055933532 0.052859151 0.049484202 0.051843065 0.057432660 0.056628507 0.057385342 0.056058372 0.056028839 0.057371053 0.055178560 0.054984737 0.053650519 0.053299091 0.052324559 0.052451224 0.050398970 0.047286193 0.046722888 0.046791441 0.048779230 0.045101626 0.059510774 0.029509101 0.029541920 0.015765861 0.000000000 0.035603889 0.035879199 0.041369628 0.041741159 0.044291332 0.043967914 0.046445486 0.048171087 0.045495631 0.045464499 0.043035455 0.048519041 0.042732739 0.043477026 0.045799282 0.039533261 0.040143267 0.042472103 0.044515560 0.046989351 0.060002360 0.115906868 
40     0.057712789 0.057602147 0.059222423 0.056824209 0.053916860 0.056129890 0.061089978 0.060191471 0.060990228 0.059327607 0.059821041 0.061373993 0.058882477 0.058834052 0.057260786 0.056547725 0.055631511 0.055698375 0.054095672 0.050857493 0.050447187 0.050138328 0.052257062 0.048323048 0.062726761 0.041938594 0.041893248 0.039333034 0.035603889 0.000000000 0.038115260 0.043448183 0.045084209 0.047272255 0.046990592 0.049638751 0.051148725 0.048527901 0.048492669 0.046136807 0.051717707 0.045506179 0.046258091 0.049133710 0.042585000 0.043128943 0.044501242 0.046783474 0.050105962 0.063169469 0.119057742 
45     0.055715100 0.055569875 0.057287716 0.054570426 0.051262440 0.053453407 0.058675026 0.058184725 0.058905656 0.057597221 0.057150290 0.058757926 0.056356613 0.056270258 0.055297365 0.054634848 0.053606834 0.053805253 0.052201663 0.049248218 0.048699083 0.048380434 0.050506111 0.046710747 0.060895839 0.042220009 0.042522581 0.039765435 0.035879199 0.038115260 0.000000000 0.022776518 0.043143345 0.045518989 0.045391076 0.048075423 0.049605359 0.046986224 0.046947531 0.044781154 0.050124593 0.044206509 0.044996479 0.047654321 0.041330447 0.041853821 0.043339393 0.045466791 0.048540055 0.061719565 0.118641928 
26     0.060613642 0.060489903 0.062164050 0.059561241 0.056212727 0.058521054 0.063609391 0.062921871 0.063685553 0.062770597 0.062173571 0.063941946 0.061510480 0.061309887 0.060323720 0.059759530 0.058833327 0.058972997 0.056773918 0.054085820 0.053470282 0.053388835 0.055536544 0.051662224 0.065928063 0.047918669 0.047931281 0.045232236 0.041369628 0.043448183 0.022776518 0.000000000 0.048673416 0.050737163 0.050712575 0.053388291 0.054919872 0.052248971 0.052213658 0.049892846 0.055344749 0.049352399 0.050068717 0.052416308 0.046096624 0.046668503 0.048694518 0.050775140 0.053878847 0.066921740 0.122985564 
27     0.056382481 0.056343285 0.057977036 0.055203155 0.051894404 0.054199745 0.059404254 0.058722789 0.059509551 0.058561701 0.058146795 0.059851291 0.057589378 0.057583987 0.056813778 0.055967860 0.054967958 0.055036241 0.052987503 0.050057379 0.049572545 0.049228951 0.051003995 0.047718832 0.062079331 0.048406341 0.048328341 0.045892121 0.041741159 0.045084209 0.043143345 0.048673416 0.000000000 0.042186058 0.041620474 0.044389639 0.045613785 0.043095151 0.043087169 0.041177145 0.051502265 0.045522880 0.046269225 0.048661616 0.042741149 0.043052092 0.044635281 0.047199821 0.049008285 0.062226481 0.117875128 
28     0.058709546 0.058945191 0.060468732 0.057557317 0.054117271 0.056496030 0.061675797 0.060973470 0.061845960 0.060994282 0.060759099 0.062361556 0.060087034 0.059872874 0.058709301 0.058463653 0.057483504 0.057581180 0.055378384 0.052487191 0.051901420 0.051749521 0.053515624 0.050640562 0.064421455 0.051295622 0.050808389 0.048508806 0.044291332 0.047272255 0.045518989 0.050737163 0.042186058 0.000000000 0.021151704 0.028738804 0.029565288 0.027017073 0.027089263 0.025510123 0.054055579 0.047725596 0.048444605 0.051408667 0.044867979 0.045591309 0.046692915 0.049199626 0.051952206 0.065395054 0.121569695 
30     0.058532348 0.058785967 0.060244676 0.057298276 0.053955694 0.056193559 0.061519010 0.060652443 0.061520134 0.060902055 0.060508279 0.062107067 0.059844577 0.059578399 0.058498643 0.058210228 0.057200685 0.057276923 0.055240358 0.052254841 0.051689414 0.051626258 0.053379252 0.050188706 0.064014485 0.050801947 0.050431804 0.048162529 0.043967914 0.046990592 0.045391076 0.050712575 0.041620474 0.021151704 0.000000000 0.027623839 0.028763551 0.026157298 0.026226195 0.024733967 0.053367119 0.047424747 0.048148056 0.050793017 0.044387815 0.044857606 0.046254377 0.048747770 0.051351931 0.064891032 0.121788621 
39     0.061058325 0.061276129 0.062719931 0.059747114 0.056518054 0.058561304 0.064109529 0.063477993 0.064303929 0.063325169 0.063081462 0.064717720 0.062314596 0.062163611 0.060810429 0.060411544 0.059439302 0.059560370 0.057486693 0.054508293 0.053807815 0.053582660 0.055741940 0.052496411 0.066450909 0.053257515 0.052715960 0.050555592 0.046445486 0.049638751 0.048075423 0.053388291 0.044389639 0.028738804 0.027623839 0.000000000 0.018945335 0.018715875 0.018827689 0.024800327 0.056064655 0.049894379 0.050618735 0.052975910 0.046420628 0.047344641 0.048693173 0.051088109 0.053851677 0.067604932 0.124114053 
31     0.062854495 0.063077103 0.064600375 0.061487565 0.058248831 0.060272070 0.065793853 0.065206349 0.065890458 0.064962580 0.064729657 0.066361156 0.063973967 0.063851618 0.062207851 0.061746996 0.060807598 0.060897462 0.058868421 0.055974099 0.055324556 0.054988022 0.057173579 0.054016911 0.067979953 0.054939827 0.054518774 0.052249925 0.048171087 0.051148725 0.049605359 0.054919872 0.045613785 0.029565288 0.028763551 0.018945335 0.000000000 0.018728617 0.018781114 0.025974767 0.057487653 0.051358786 0.052073315 0.054586405 0.047953105 0.048827253 0.050116909 0.052527364 0.055325729 0.068743168 0.125842102 
37     0.060194781 0.060358903 0.061831100 0.058660799 0.055549764 0.057553640 0.062974383 0.062375068 0.063130130 0.062263640 0.061848823 0.063521801 0.061010037 0.060912518 0.059481722 0.059100140 0.058333830 0.058408740 0.056144053 0.053345784 0.052668217 0.052295097 0.054512434 0.051346610 0.065253025 0.052280727 0.051694306 0.049609885 0.045495631 0.048527901 0.046986224 0.052248971 0.043095151 0.027017073 0.026157298 0.018715875 0.018728617 0.000000000 0.004919066 0.023133623 0.054964114 0.048646363 0.049366738 0.051945300 0.045245323 0.046082879 0.047609035 0.049945645 0.052669277 0.066422922 0.122981034 
29     0.060143079 0.060307201 0.061779398 0.058588258 0.055474171 0.057467040 0.062923239 0.062312294 0.063107540 0.062209602 0.061789485 0.063470657 0.060961548 0.060873048 0.059425065 0.059031455 0.058267211 0.058342465 0.056097632 0.053285531 0.052607964 0.052271952 0.054491044 0.051303144 0.065200669 0.052215123 0.051663173 0.049578753 0.045464499 0.048492669 0.046947531 0.052213658 0.043087169 0.027089263 0.026226195 0.018827689 0.018781114 0.004919066 0.000000000 0.023134680 0.054895432 0.048618702 0.049339077 0.051915331 0.045200985 0.046039099 0.047542190 0.049905599 0.052639834 0.066374789 0.122941152 
49     0.057844016 0.058078777 0.059584103 0.056349927 0.053238923 0.055296230 0.061112648 0.060264471 0.061017281 0.060059221 0.059656366 0.061388010 0.059110299 0.058768696 0.057472026 0.057156897 0.056192302 0.056325822 0.054161949 0.051332209 0.050707602 0.050372359 0.052225862 0.049165092 0.063131186 0.050088244 0.049513616 0.047049380 0.043035455 0.046136807 0.044781154 0.049892846 0.041177145 0.025510123 0.024733967 0.024800327 0.025974767 0.023133623 0.023134680 0.000000000 0.052238420 0.046442896 0.047160651 0.049661522 0.043055241 0.043757337 0.045717787 0.047771716 0.050601230 0.064066754 0.120591911 
42     0.063563491 0.063522579 0.064750589 0.062325800 0.059080021 0.061427937 0.066797693 0.065912243 0.066697999 0.065894048 0.065373194 0.066782055 0.064448461 0.064487070 0.063928201 0.063424757 0.062430783 0.062508268 0.060186372 0.057444003 0.056841809 0.056789737 0.058807370 0.054564258 0.069123231 0.055421138 0.055272211 0.052908998 0.048519041 0.051717707 0.050124593 0.055344749 0.051502265 0.054055579 0.053367119 0.056064655 0.057487653 0.054964114 0.054895432 0.052238420 0.000000000 0.029096375 0.029845626 0.050403755 0.044094448 0.044279772 0.051344808 0.053093461 0.056471530 0.069570619 0.124575409 
50     0.057455489 0.057258885 0.058580772 0.056435308 0.053287798 0.055432086 0.061206348 0.060244186 0.061023682 0.060096433 0.059452170 0.061065781 0.058780379 0.058692131 0.057504809 0.057183954 0.056217665 0.056291710 0.054129333 0.051299698 0.050783297 0.050634263 0.052404498 0.048723636 0.063149613 0.049245720 0.049049461 0.046780429 0.042732739 0.045506179 0.044206509 0.049352399 0.045522880 0.047725596 0.047424747 0.049894379 0.051358786 0.048646363 0.048618702 0.046442896 0.029096375 0.000000000 0.005193241 0.044529641 0.038171438 0.038450642 0.045157204 0.046854682 0.050381453 0.063612633 0.118931984 
34     0.058250037 0.058055376 0.059371855 0.057242505 0.054132510 0.056269398 0.062061852 0.061092901 0.061878727 0.060827017 0.060173551 0.061794970 0.059567337 0.059372463 0.058355153 0.058029591 0.057060771 0.057135897 0.054966306 0.052114409 0.051595298 0.051372482 0.053203623 0.049464703 0.063973606 0.050049919 0.049776058 0.047537574 0.043477026 0.046258091 0.044996479 0.050068717 0.046269225 0.048444605 0.048148056 0.050618735 0.052073315 0.049366738 0.049339077 0.047160651 0.029845626 0.005193241 0.000000000 0.045183246 0.038828890 0.039171966 0.045887643 0.047588856 0.051082942 0.064290372 0.119714814 
33     0.060920877 0.060859521 0.062109404 0.059778537 0.056889548 0.059151265 0.063823914 0.063045399 0.063882254 0.063349132 0.062813960 0.064244917 0.062068778 0.061965765 0.061030947 0.060576822 0.059673779 0.059774310 0.057572559 0.054400521 0.053765146 0.053635306 0.055759774 0.052115038 0.066251077 0.052869818 0.052831118 0.050233062 0.045799282 0.049133710 0.047654321 0.052416308 0.048661616 0.051408667 0.050793017 0.052975910 0.054586405 0.051945300 0.051915331 0.049661522 0.050403755 0.044529641 0.045183246 0.000000000 0.027946123 0.033722516 0.048713253 0.050745861 0.053280369 0.066686525 0.121406798 
44     0.054339805 0.054283061 0.055483928 0.052912109 0.050046394 0.052274327 0.057418727 0.056756108 0.057432154 0.056227227 0.055831753 0.057329852 0.055236675 0.055082923 0.054452919 0.054076154 0.053175124 0.053271194 0.051016363 0.047844801 0.047104616 0.047157555 0.049235127 0.045469186 0.059817187 0.046560895 0.046128943 0.043750686 0.039533261 0.042585000 0.041330447 0.046096624 0.042741149 0.044867979 0.044387815 0.046420628 0.047953105 0.045245323 0.045200985 0.043055241 0.044094448 0.038171438 0.038828890 0.027946123 0.000000000 0.027729401 0.042028275 0.044169929 0.047509213 0.059681234 0.115175567 
48     0.055391997 0.055260945 0.056546392 0.053969743 0.050948201 0.053344397 0.058210523 0.057442996 0.058134358 0.057368424 0.056997938 0.058396479 0.056106265 0.055872775 0.055008353 0.054799970 0.053892843 0.054003939 0.051513594 0.048479980 0.047832450 0.047830008 0.049835786 0.046198400 0.060512677 0.047361586 0.047027619 0.044585225 0.040143267 0.043128943 0.041853821 0.046668503 0.043052092 0.045591309 0.044857606 0.047344641 0.048827253 0.046082879 0.046039099 0.043757337 0.044279772 0.038450642 0.039171966 0.033722516 0.027729401 0.000000000 0.042406623 0.044307995 0.047786969 0.060597889 0.115133368 
41     0.056096200 0.055977542 0.057703871 0.054901391 0.051619868 0.054002352 0.058628969 0.058519659 0.059204367 0.058340933 0.057963389 0.059308128 0.056945315 0.056990349 0.055470033 0.054980790 0.054041125 0.054173035 0.052204127 0.049432642 0.048862547 0.048628754 0.050594791 0.047207281 0.060986449 0.048571182 0.048473357 0.046481692 0.042472103 0.044501242 0.043339393 0.048694518 0.044635281 0.046692915 0.046254377 0.048693173 0.050116909 0.047609035 0.047542190 0.045717787 0.051344808 0.045157204 0.045887643 0.048713253 0.042028275 0.042406623 0.000000000 0.033726863 0.048752490 0.061664600 0.117464562 
35     0.058276828 0.058010935 0.059772543 0.056882693 0.053724555 0.056029105 0.060438003 0.060416106 0.061211977 0.060092313 0.059979754 0.061118038 0.058781174 0.058873887 0.058058016 0.057479956 0.056443156 0.056629229 0.054713783 0.051650498 0.051139750 0.051084427 0.052964586 0.049563689 0.063350716 0.050895248 0.050414238 0.048435672 0.044515560 0.046783474 0.045466791 0.050775140 0.047199821 0.049199626 0.048747770 0.051088109 0.052527364 0.049945645 0.049905599 0.047771716 0.053093461 0.046854682 0.047588856 0.050745861 0.044169929 0.044307995 0.033726863 0.000000000 0.050937101 0.063960949 0.119978902 
32     0.055902588 0.056234456 0.057621641 0.054939367 0.051910343 0.054131640 0.058738348 0.057776627 0.058326473 0.058294448 0.057971442 0.059488861 0.057090463 0.057180438 0.055950321 0.055177118 0.054513056 0.054630326 0.052072133 0.049317268 0.048864305 0.048078299 0.050383490 0.046837094 0.061226286 0.053629044 0.053000548 0.051034744 0.046989351 0.050105962 0.048540055 0.053878847 0.049008285 0.051952206 0.051351931 0.053851677 0.055325729 0.052669277 0.052639834 0.050601230 0.056471530 0.050381453 0.051082942 0.053280369 0.047509213 0.047786969 0.048752490 0.050937101 0.000000000 0.055378157 0.116312775 
47     0.068636805 0.068719998 0.070316073 0.067158871 0.064624294 0.066483849 0.071557940 0.070470346 0.071169286 0.070380481 0.070341134 0.071885221 0.069419313 0.069561797 0.068469077 0.067926858 0.066916722 0.066882937 0.064961225 0.062054712 0.061438066 0.061108427 0.063250723 0.059480075 0.074145494 0.066288232 0.066487765 0.064090938 0.060002360 0.063169469 0.061719565 0.066921740 0.062226481 0.065395054 0.064891032 0.067604932 0.068743168 0.066422922 0.066374789 0.064066754 0.069570619 0.063612633 0.064290372 0.066686525 0.059681234 0.060597889 0.061664600 0.063960949 0.055378157 0.000000000 0.128663386 
0     0.118911464 0.119360579 0.120002680 0.118243465 0.115155870 0.118246461 0.122669362 0.122057023 0.123020303 0.121766970 0.121173061 0.124277414 0.122166823 0.121422532 0.119675499 0.119490111 0.118673241 0.118759404 0.115996872 0.113140596 0.112619960 0.111483650 0.113786048 0.109858561 0.126083503 0.121606798 0.121119014 0.120369972 0.115906868 0.119057742 0.118641928 0.122985564 0.117875128 0.121569695 0.121788621 0.124114053 0.125842102 0.122981034 0.122941152 0.120591911 0.124575409 0.118931984 0.119714814 0.121406798 0.115175567 0.115133368 0.117464562 0.119978902 0.116312775 0.128663386 0.000000000 
