51
15     0.000000000 0.000031060 0.000016420 0.000221550 0.000702250 0.000507520 0.000823770 0.000409850 0.000580170 0.000856660 0.001026180 0.000821800 0.000857460 0.001509670 0.000628950 0.000650600 0.001970850 0.003594770 0.002453830 0.002228050 0.002516690 0.000788820 0.002382130 0.000835980 0.002658850 0.002012770 0.003563410 0.003657490 0.001705920 0.000773770 0.001619570 0.002281250 0.000555450 0.000819860 0.001543420 0.000420810 0.001191980 0.000839270 0.001128500 0.000900290 0.000889040 0.000941150 0.000938310 0.000949200 0.002546090 0.000925380 0.002050330 0.001624590 0.000562940 0.000907570 0.000872380 
12     0.000031060 0.000000000 0.000133180 0.001016790 0.000183870 0.001016130 0.000849650 0.000435730 0.003125820 0.001339170 0.001527460 0.000847680 0.001339970 0.001871620 0.003232740 0.000269030 0.001969520 0.000989810 0.001231980 0.002032030 0.002320670 0.001439890 0.002186110 0.000281360 0.001844370 0.001733000 0.003192780 0.003526440 0.002793100 0.001256280 0.002102080 0.003686260 0.001641430 0.000952600 0.001215370 0.000842400 0.000963970 0.000865150 0.001154380 0.000926170 0.001146900 0.001423660 0.001420820 0.002367160 0.001824070 0.000256190 0.002333140 0.001907400 0.001045450 0.000963710 0.000898260 
11     0.000016420 0.000133180 0.000000000 0.001010110 0.000093480 0.001009450 0.000842970 0.000429050 0.003363620 0.000801810 0.000990100 0.000801190 0.000802610 0.001454820 0.003226060 0.002221950 0.001801680 0.002268130 0.002958570 0.001603320 0.002234710 0.002139400 0.002100150 0.000781130 0.003464240 0.001944930 0.003315600 0.003572800 0.002255740 0.000718920 0.001564720 0.002071460 0.002835230 0.000945920 0.001562620 0.001180980 0.001394740 0.000858470 0.001147700 0.000919490 0.000834190 0.000886300 0.000883460 0.002627600 0.003040300 0.000678060 0.001606140 0.002118800 0.000508090 0.002818810 0.000891580 
5     0.000221550 0.001016790 0.001010110 0.000000000 0.000470430 0.000000980 0.000038690 0.000035810 0.000680060 0.003066240 0.002408870 0.001724610 0.002049000 0.000705770 0.003229710 0.000148860 0.000528660 0.000195040 0.001725680 0.002124890 0.002413530 0.002379800 0.002278970 0.002278170 0.003806590 0.001680710 0.001583340 0.003164680 0.001744820 0.003107810 0.000134290 0.002073700 0.003353190 0.001829530 0.000251170 0.002064590 0.002511940 0.001742080 0.002031310 0.001803100 0.002087420 0.000891730 0.000691900 0.000385030 0.000088250 0.000908020 0.001626150 0.000767100 0.000134380 0.002347640 0.001775190 
10     0.000702250 0.000183870 0.000093480 0.000470430 0.000000000 0.000064920 0.000197580 0.000491910 0.001044600 0.002508410 0.003081720 0.001585620 0.002120040 0.001781680 0.003037890 0.003462440 0.003672700 0.003434900 0.002035860 0.001942090 0.002135380 0.002197000 0.002096170 0.000379510 0.001550260 0.003072300 0.001990500 0.000682400 0.000607150 0.003211800 0.001488350 0.004157850 0.002792080 0.000645990 0.000956960 0.001082140 0.000935130 0.002210870 0.002500100 0.001022520 0.001651490 0.002347290 0.002693290 0.004566840 0.001522010 0.002387520 0.001019320 0.001299690 0.000001470 0.001010250 0.000211810 
21     0.000507520 0.001016130 0.001009450 0.000000980 0.000064920 0.000000000 0.001725920 0.001292330 0.002733370 0.002821040 0.002480380 0.000101500 0.001749320 0.001676770 0.001344540 0.004305970 0.003983740 0.003321400 0.003067070 0.001829150 0.002398610 0.002364880 0.002264050 0.002263250 0.003857390 0.002113730 0.002175140 0.001798760 0.001656670 0.003973060 0.002204360 0.004576030 0.001183480 0.001112260 0.000342420 0.001907640 0.001414550 0.001741420 0.002030650 0.001271330 0.003886750 0.002515110 0.002588810 0.004508570 0.001362780 0.001789920 0.000463460 0.002215490 0.000063450 0.001467650 0.000562150 
25     0.000823770 0.000849650 0.000842970 0.000038690 0.000197580 0.001725920 0.000000000 0.000005720 0.000501090 0.002998260 0.001698900 0.000647310 0.000521020 0.000451810 0.001001590 0.000118770 0.000498570 0.000164950 0.001954020 0.002433450 0.002286410 0.002572060 0.003128400 0.001969220 0.002104740 0.001650620 0.001834130 0.004184580 0.000263030 0.000338540 0.000104200 0.002060020 0.000600840 0.000102950 0.000742950 0.000361310 0.002865170 0.000038800 0.000328030 0.000099820 0.003364990 0.003674900 0.003608400 0.002514190 0.002849980 0.002836090 0.001934300 0.001472250 0.000104290 0.003269060 0.000878850 
4     0.000409850 0.000435730 0.000429050 0.000035810 0.000491910 0.001292330 0.000005720 0.000000000 0.000078630 0.005043370 0.002903580 0.000414870 0.000207320 0.003557240 0.002158830 0.000115890 0.000495690 0.000162070 0.003213010 0.001860990 0.002187040 0.001344150 0.001493320 0.001043820 0.001766300 0.001647740 0.001831250 0.004010840 0.001711850 0.001528590 0.000101320 0.000480430 0.002743950 0.000519790 0.000938040 0.000589560 0.003258710 0.000432340 0.000721570 0.000493360 0.002320630 0.003109360 0.000834250 0.000933140 0.002847100 0.002833210 0.001858700 0.001945280 0.000101410 0.002207180 0.000465450 
8     0.000580170 0.003125820 0.003363620 0.000680060 0.001044600 0.002733370 0.000501090 0.000078630 0.000000000 0.003713410 0.000791230 0.002524610 0.003774090 0.001102820 0.000431240 0.002985550 0.002912280 0.002269330 0.002741650 0.001788340 0.001034510 0.001360100 0.000015180 0.002040280 0.000932430 0.001303560 0.001487070 0.004067750 0.001367670 0.001419510 0.002177900 0.001563340 0.000747500 0.001099330 0.002034760 0.001984570 0.004423480 0.001482050 0.001477950 0.001672790 0.000695390 0.001028930 0.001032440 0.001768930 0.000055740 0.000041470 0.004022060 0.001671260 0.001212110 0.004059810 0.002138050 
23     0.000856660 0.001339170 0.000801810 0.003066240 0.002508410 0.002821040 0.002998260 0.005043370 0.003713410 0.000000000 0.000018760 0.000000640 0.000002060 0.000655550 0.002939910 0.002485290 0.002792830 0.002919260 0.003419090 0.001706150 0.002400200 0.001199750 0.001174490 0.000824300 0.001311930 0.004881230 0.001799040 0.003177000 0.002298910 0.000762090 0.001607890 0.001303450 0.004756960 0.000350640 0.004821860 0.001543230 0.002241920 0.002665180 0.002690760 0.002563990 0.000877360 0.000929470 0.000926630 0.002670770 0.000249590 0.002580220 0.000751280 0.002852480 0.000551260 0.000412940 0.000071230 
1     0.001026180 0.001527460 0.000990100 0.002408870 0.003081720 0.002480380 0.001698900 0.002903580 0.000791230 0.000018760 0.000000000 0.000026890 0.000190350 0.000802830 0.002870620 0.000472020 0.000779560 0.000905990 0.003306690 0.003097270 0.003245900 0.002460620 0.002537170 0.000288690 0.001147200 0.000904120 0.001907320 0.002571820 0.002487200 0.000950380 0.001796180 0.004082210 0.002302330 0.003524780 0.002978490 0.002163140 0.002554850 0.002147870 0.002073640 0.001748820 0.001065650 0.001117760 0.001114920 0.002859060 0.001333260 0.002768510 0.002334070 0.002737620 0.000739550 0.001703180 0.000892710 
19     0.000821800 0.000847680 0.000801190 0.001724610 0.001585620 0.000101500 0.000647310 0.000414870 0.002524610 0.000000640 0.000026890 0.000000000 0.000001440 0.000654930 0.002642970 0.000704740 0.003162620 0.003322510 0.000540170 0.002048990 0.002301990 0.002076970 0.002797440 0.000823680 0.000297270 0.001947920 0.002071850 0.004010810 0.002292220 0.000757460 0.001607270 0.003820270 0.003169440 0.000931220 0.001547920 0.001166280 0.002825160 0.000843770 0.001133000 0.000904790 0.000876740 0.000928850 0.000926010 0.002194870 0.000574810 0.002520600 0.005328360 0.000406330 0.000550640 0.001266670 0.000702220 
16     0.000857460 0.001339970 0.000802610 0.002049000 0.002120040 0.001749320 0.000521020 0.000207320 0.003774090 0.000002060 0.000190350 0.000001440 0.000000000 0.000023370 0.000845420 0.002669790 0.000844870 0.002905210 0.002524280 0.003207230 0.003067060 0.002029360 0.002536380 0.000824220 0.002477420 0.002639400 0.002685180 0.004659870 0.001324880 0.000762890 0.001608690 0.003059320 0.000875590 0.002260820 0.001383730 0.002237520 0.000286800 0.002091090 0.001032910 0.000315600 0.000878160 0.000930270 0.000927430 0.002671570 0.000255020 0.001448010 0.004847100 0.000394940 0.000552060 0.003790680 0.000829610 
22     0.001509670 0.001871620 0.001454820 0.000705770 0.001781680 0.001676770 0.000451810 0.003557240 0.001102820 0.000655550 0.000802830 0.000654930 0.000023370 0.000000000 0.001169530 0.002837210 0.001273580 0.001303320 0.003656450 0.002221930 0.002510570 0.000846020 0.001353040 0.000901050 0.002408210 0.004117250 0.000698440 0.001279080 0.002951920 0.001415100 0.002260900 0.001948460 0.000680820 0.003221260 0.001276510 0.001986020 0.003022590 0.001931000 0.001856770 0.002291950 0.001530370 0.001582480 0.001579640 0.003323780 0.000842940 0.002926450 0.001490630 0.002969210 0.001204270 0.003548800 0.003176270 
20     0.000628950 0.003232740 0.003226060 0.003229710 0.003037890 0.001344540 0.001001590 0.002158830 0.000431240 0.002939910 0.002870620 0.002642970 0.000845420 0.001169530 0.000000000 0.000006590 0.000404050 0.000413870 0.000783250 0.000211710 0.001299350 0.000132840 0.001361250 0.000121880 0.000031180 0.003111580 0.003400040 0.003482340 0.002824350 0.002301770 0.002071660 0.001640330 0.000278910 0.001657790 0.002206690 0.002797750 0.001172360 0.001678550 0.002524510 0.002662080 0.001528470 0.001753020 0.002453830 0.001503170 0.002761980 0.000378960 0.002448230 0.002735100 0.001769080 0.001213150 0.003255920 
14     0.000650600 0.000269030 0.002221950 0.000148860 0.003462440 0.004305970 0.000118770 0.000115890 0.002985550 0.002485290 0.000472020 0.000704740 0.002669790 0.002837210 0.000006590 0.000000000 0.000162330 0.000046180 0.000715730 0.001304220 0.002136110 0.001807880 0.002007520 0.000147420 0.000025050 0.001758610 0.001942120 0.002449740 0.001822720 0.003962050 0.000016730 0.001972550 0.003091030 0.002577940 0.003155930 0.002856830 0.002562340 0.003120850 0.001794640 0.002721160 0.001499860 0.002546830 0.001880260 0.002426720 0.002821060 0.002944080 0.002916240 0.002794180 0.000212120 0.003417820 0.002871800 
24     0.001970850 0.001969520 0.001801680 0.000528660 0.003672700 0.003983740 0.000498570 0.000495690 0.002912280 0.002792830 0.000779560 0.003162620 0.000844870 0.001273580 0.000404050 0.000162330 0.000000000 0.000074540 0.000258160 0.001687000 0.001926980 0.000423650 0.001640220 0.001597170 0.001160080 0.000688720 0.002321920 0.002027470 0.002202520 0.000987030 0.000396530 0.000074970 0.003520260 0.002382840 0.003137000 0.002979340 0.003723170 0.003332210 0.003102830 0.002899940 0.001514710 0.004162690 0.000749190 0.002806520 0.003337770 0.003323880 0.002881590 0.003449560 0.000591920 0.002463180 0.004138690 
7     0.003594770 0.000989810 0.002268130 0.000195040 0.003434900 0.003321400 0.000164950 0.000162070 0.002269330 0.002919260 0.000905990 0.003322510 0.002905210 0.001303320 0.000413870 0.000046180 0.000074540 0.000000000 0.000049890 0.001247650 0.001916860 0.000428510 0.001443710 0.001634040 0.000895080 0.001804790 0.001297440 0.002299650 0.001868900 0.001107990 0.000062910 0.000005090 0.003450380 0.001144440 0.003651900 0.001772220 0.003250820 0.002684960 0.003088230 0.001902860 0.003683870 0.003735720 0.001472500 0.001976810 0.003004150 0.002990260 0.003332420 0.003833330 0.000258300 0.001047790 0.004323210 
3     0.002453830 0.001231980 0.002958570 0.001725680 0.002035860 0.003067070 0.001954020 0.003213010 0.002741650 0.003419090 0.003306690 0.000540170 0.002524280 0.003656450 0.000783250 0.000715730 0.000258160 0.000049890 0.000000000 0.001025980 0.000897770 0.001471570 0.001325500 0.000368930 0.000959520 0.002309110 0.001969460 0.000529940 0.000471150 0.000448130 0.002030440 0.001240780 0.002226260 0.002210650 0.003812410 0.002143570 0.003674980 0.002089480 0.002068970 0.000702600 0.003361480 0.002042790 0.001990310 0.002160580 0.003297300 0.002796820 0.002046160 0.002711030 0.001368920 0.002919260 0.002396310 
9     0.002228050 0.002032030 0.001603320 0.002124890 0.001942090 0.001829150 0.002433450 0.001860990 0.001788340 0.001706150 0.003097270 0.002048990 0.003207230 0.002221930 0.000211710 0.001304220 0.001687000 0.001247650 0.001025980 0.000000000 0.000012660 0.000360270 0.001151310 0.000324610 0.001210110 0.000942240 0.003838970 0.003468440 0.001099310 0.000446530 0.001587020 0.001005290 0.001610630 0.002064670 0.003753390 0.003457470 0.003373420 0.002866770 0.003077590 0.003321800 0.004109800 0.002066890 0.003014800 0.000625830 0.001496620 0.000807050 0.002598590 0.002560960 0.001616450 0.000876460 0.002007970 
13     0.002516690 0.002320670 0.002234710 0.002413530 0.002135380 0.002398610 0.002286410 0.002187040 0.001034510 0.002400200 0.003245900 0.002301990 0.003067060 0.002510570 0.001299350 0.002136110 0.001926980 0.001916860 0.000897770 0.000012660 0.000000000 0.000049500 0.000794600 0.001414790 0.002265450 0.003606230 0.004092310 0.003298110 0.003053190 0.001193770 0.000025620 0.000795870 0.000066650 0.001448750 0.003553200 0.003254100 0.004294830 0.002922860 0.003133680 0.003118430 0.004038900 0.002062300 0.002503570 0.000530710 0.002981170 0.002540950 0.001072360 0.003172560 0.001988450 0.000459000 0.003072260 
6     0.000788820 0.001439890 0.002139400 0.002379800 0.002197000 0.002364880 0.002572060 0.001344150 0.001360100 0.001199750 0.002460620 0.002076970 0.002029360 0.000846020 0.000132840 0.001807880 0.000423650 0.000428510 0.001471570 0.000360270 0.000049500 0.000000000 0.000475920 0.000169720 0.002039650 0.003150500 0.002875940 0.001750910 0.001776560 0.003049300 0.003790470 0.000671170 0.001171890 0.002597860 0.003175850 0.002876750 0.002025890 0.000616100 0.000784180 0.002346040 0.003462860 0.004501220 0.004035420 0.002698090 0.001590100 0.002438490 0.002225500 0.002814100 0.001848080 0.001576070 0.002922450 
2     0.002382130 0.002186110 0.002100150 0.002278970 0.002096170 0.002264050 0.003128400 0.001493320 0.000015180 0.001174490 0.002537170 0.002797440 0.002536380 0.001353040 0.001361250 0.002007520 0.001640220 0.001443710 0.001325500 0.001151310 0.000794600 0.000475920 0.000000000 0.001494690 0.001709360 0.003249680 0.000680350 0.002639530 0.001990320 0.004005600 0.002626560 0.003373510 0.000787100 0.001197600 0.003178130 0.003095650 0.004037870 0.002411280 0.002736160 0.003391110 0.002629480 0.004033450 0.001653290 0.001918980 0.000348750 0.002752340 0.003571320 0.003464130 0.002498110 0.002780320 0.002986640 
17     0.000835980 0.000281360 0.000781130 0.002278170 0.000379510 0.002263250 0.001969220 0.001043820 0.002040280 0.000824300 0.000288690 0.000823680 0.000824220 0.000901050 0.000121880 0.000147420 0.001597170 0.001634040 0.000368930 0.000324610 0.001414790 0.000169720 0.001494690 0.000000000 0.001017530 0.000575850 0.001856090 0.001361920 0.000565610 0.000074690 0.000449030 0.002140320 0.001360300 0.002634870 0.001845350 0.002913760 0.002662920 0.001886150 0.002063560 0.000768640 0.000194640 0.000246750 0.000243910 0.001988050 0.001960410 0.001897500 0.003379540 0.002063210 0.000517020 0.002394930 0.003375360 
18     0.002658850 0.001844370 0.003464240 0.003806590 0.001550260 0.003857390 0.002104740 0.001766300 0.000932430 0.001311930 0.001147200 0.000297270 0.002477420 0.002408210 0.000031180 0.000025050 0.001160080 0.000895080 0.000959520 0.001210110 0.002265450 0.002039650 0.001709360 0.001017530 0.000000000 0.001768340 0.001299030 0.000923210 0.000646500 0.002216780 0.003376410 0.004481880 0.002443200 0.002171870 0.002590570 0.002626140 0.003220980 0.003103360 0.003017260 0.003110180 0.002052030 0.002760730 0.001090260 0.002487590 0.002731940 0.003348680 0.004872990 0.004140690 0.001815280 0.006353530 0.005224630 
46     0.002012770 0.001733000 0.001944930 0.001680710 0.003072300 0.002113730 0.001650620 0.001647740 0.001303560 0.004881230 0.000904120 0.001947920 0.002639400 0.004117250 0.003111580 0.001758610 0.000688720 0.001804790 0.002309110 0.000942240 0.003606230 0.003150500 0.003249680 0.000575850 0.001768340 0.000000000 0.000000100 0.000791180 0.000108450 0.000665320 0.000697300 0.002346590 0.001749100 0.000446800 0.000547660 0.003571830 0.004867230 0.002483650 0.001516960 0.002005480 0.003108780 0.002100900 0.002034400 0.000251670 0.000588500 0.001119480 0.001514320 0.003124490 0.001744130 0.001549280 0.008539460 
43     0.003563410 0.003192780 0.003315600 0.001583340 0.001990500 0.002175140 0.001834130 0.001831250 0.001487070 0.001799040 0.001907320 0.002071850 0.002685180 0.000698440 0.003400040 0.001942120 0.002321920 0.001297440 0.001969460 0.003838970 0.004092310 0.002875940 0.000680350 0.001856090 0.001299030 0.000000100 0.000000000 0.000129890 0.000121620 0.003263200 0.001927550 0.001376880 0.001932610 0.000812620 0.002637920 0.004345580 0.000764780 0.000016780 0.000044270 0.000777690 0.001764430 0.002284410 0.002217910 0.003964950 0.001459490 0.000734780 0.000756050 0.002760240 0.001253110 0.000469580 0.006858410 
36     0.003657490 0.003526440 0.003572800 0.003164680 0.000682400 0.001798760 0.004184580 0.004010840 0.004067750 0.003177000 0.002571820 0.004010810 0.004659870 0.001279080 0.003482340 0.002449740 0.002027470 0.002299650 0.000529940 0.003468440 0.003298110 0.001750910 0.002639530 0.001361920 0.000923210 0.000791180 0.000129890 0.000000000 0.000008270 0.001180470 0.003153050 0.003429320 0.003802680 0.004901340 0.004120390 0.001515420 0.002195120 0.004418980 0.004434840 0.000374460 0.004558560 0.001299820 0.002756390 0.003831000 0.002281900 0.003291540 0.002775770 0.000843880 0.000115310 0.004390080 0.005718700 
38     0.001705920 0.002793100 0.002255740 0.001744820 0.000607150 0.001656670 0.000263030 0.001711850 0.001367670 0.002298910 0.002487200 0.002292220 0.001324880 0.002951920 0.002824350 0.001822720 0.002202520 0.001868900 0.000471150 0.001099310 0.003053190 0.001776560 0.001990320 0.000565610 0.000646500 0.000108450 0.000121620 0.000008270 0.000000000 0.001553980 0.000764760 0.002207840 0.001813210 0.001919890 0.001711030 0.003107890 0.003963190 0.002547760 0.002543660 0.000860710 0.001422150 0.001290410 0.001353120 0.003215560 0.001340090 0.000410010 0.000826180 0.003210530 0.001808240 0.001859910 0.002934420 
40     0.000773770 0.001256280 0.000718920 0.003107810 0.003211800 0.003973060 0.000338540 0.001528590 0.001419510 0.000762090 0.000950380 0.000757460 0.000762890 0.001415100 0.002301770 0.003962050 0.000987030 0.001107990 0.000448130 0.000446530 0.001193770 0.003049300 0.004005600 0.000074690 0.002216780 0.000665320 0.003263200 0.001180470 0.001553980 0.000000000 0.000862960 0.001458010 0.001468080 0.001933140 0.001943000 0.003913840 0.003744570 0.004482560 0.004313460 0.001068850 0.000132430 0.000184540 0.000181700 0.001925840 0.001170730 0.000490520 0.001321670 0.003287100 0.000454810 0.003434390 0.005344050 
45     0.001619570 0.002102080 0.001564720 0.000134290 0.001488350 0.002204360 0.000104200 0.000101320 0.002177900 0.001607890 0.001796180 0.001607270 0.001608690 0.002260900 0.002071660 0.000016730 0.000396530 0.000062910 0.002030440 0.001587020 0.000025620 0.003790470 0.002626560 0.000449030 0.003376410 0.000697300 0.001927550 0.003153050 0.000764760 0.000862960 0.000000000 0.000071970 0.001547300 0.000687080 0.002075010 0.001190240 0.003519670 0.002651090 0.002568230 0.003698540 0.000731130 0.000783240 0.000416550 0.000298600 0.001254260 0.001247530 0.002090830 0.001332520 0.000197550 0.000835610 0.008433010 
26     0.002281250 0.003686260 0.002071460 0.002073700 0.004157850 0.004576030 0.002060020 0.000480430 0.001563340 0.001303450 0.004082210 0.003820270 0.003059320 0.001948460 0.001640330 0.001972550 0.000074970 0.000005090 0.001240780 0.001005290 0.000795870 0.000671170 0.003373510 0.002140320 0.004481880 0.002346590 0.001376880 0.003429320 0.002207840 0.001458010 0.000071970 0.000000000 0.000281110 0.002298650 0.003555470 0.002687520 0.003821180 0.002182970 0.002327390 0.003604320 0.002707700 0.001375980 0.002162940 0.000454210 0.002150050 0.001961670 0.000238900 0.003219110 0.002153370 0.001046180 0.003767890 
27     0.000555450 0.001641430 0.002835230 0.003353190 0.002792080 0.001183480 0.000600840 0.002743950 0.000747500 0.004756960 0.002302330 0.003169440 0.000875590 0.000680820 0.000278910 0.003091030 0.003520260 0.003450380 0.002226260 0.001610630 0.000066650 0.001171890 0.000787100 0.001360300 0.002443200 0.001749100 0.001932610 0.003802680 0.001813210 0.001468080 0.001547300 0.000281110 0.000000000 0.000760950 0.000828760 0.002936730 0.000577150 0.000588710 0.000732610 0.001356550 0.001429140 0.001544840 0.001478340 0.002343100 0.000719920 0.000706030 0.002613010 0.002245490 0.002157480 0.002852800 0.002389010 
28     0.000819860 0.000952600 0.000945920 0.001829530 0.000645990 0.001112260 0.000102950 0.000519790 0.001099330 0.000350640 0.003524780 0.000931220 0.002260820 0.003221260 0.001657790 0.002577940 0.002382840 0.001144440 0.002210650 0.002064670 0.001448750 0.002597860 0.001197600 0.002634870 0.002171870 0.000446800 0.000812620 0.004901340 0.001919890 0.001933140 0.000687080 0.002298650 0.000760950 0.000000000 0.000250150 0.000464260 0.000722840 0.000141750 0.000430980 0.000202770 0.002358260 0.001266330 0.002895030 0.001763560 0.002037090 0.004312810 0.004375760 0.003121440 0.000297860 0.002859320 0.000981800 
30     0.001543420 0.001215370 0.001562620 0.000251170 0.000956960 0.000342420 0.000742950 0.000938040 0.002034760 0.004821860 0.002978490 0.001547920 0.001383730 0.001276510 0.002206690 0.003155930 0.003137000 0.003651900 0.003812410 0.003753390 0.003553200 0.003175850 0.003178130 0.001845350 0.002590570 0.000547660 0.002637920 0.004120390 0.001711030 0.001943000 0.002075010 0.003555470 0.000828760 0.000250150 0.000000000 0.000050190 0.000790650 0.000758450 0.001047680 0.000458530 0.002811980 0.002927680 0.002861180 0.000692390 0.001855210 0.000621100 0.002363120 0.000760170 0.000849400 0.001112930 0.001598500 
39     0.000420810 0.000842400 0.001180980 0.002064590 0.001082140 0.001907640 0.000361310 0.000589560 0.001984570 0.001543230 0.002163140 0.001166280 0.002237520 0.001986020 0.002797750 0.002856830 0.002979340 0.001772220 0.002143570 0.003457470 0.003254100 0.002876750 0.003095650 0.002913760 0.002626140 0.003571830 0.004345580 0.001515420 0.003107890 0.003913840 0.001190240 0.002687520 0.002936730 0.000464260 0.000050190 0.000000000 0.000212560 0.000186150 0.000033460 0.000267420 0.003655510 0.003909200 0.003950240 0.003401360 0.003054940 0.000105960 0.001639070 0.002361800 0.001542350 0.002304170 0.001216860 
31     0.001191980 0.000963970 0.001394740 0.002511940 0.000935130 0.001414550 0.002865170 0.003258710 0.004423480 0.002241920 0.002554850 0.002825160 0.000286800 0.003022590 0.001172360 0.002562340 0.003723170 0.003250820 0.003674980 0.003373420 0.004294830 0.002025890 0.004037870 0.002662920 0.003220980 0.004867230 0.000764780 0.002195120 0.003963190 0.003744570 0.003519670 0.003821180 0.000577150 0.000722840 0.000790650 0.000212560 0.000000000 0.000025700 0.000525300 0.000287770 0.001468750 0.003353110 0.003074440 0.002703930 0.003977840 0.001160290 0.003261200 0.002683640 0.002310330 0.003228820 0.003057200 
37     0.000839270 0.000865150 0.000858470 0.001742080 0.002210870 0.001741420 0.000038800 0.000432340 0.001482050 0.002665180 0.002147870 0.000843770 0.002091090 0.001931000 0.001678550 0.003120850 0.003332210 0.002684960 0.002089480 0.002866770 0.002922860 0.000616100 0.002411280 0.001886150 0.003103360 0.002483650 0.000016780 0.004418980 0.002547760 0.004482560 0.002651090 0.002182970 0.000588710 0.000141750 0.000758450 0.000186150 0.000025700 0.000000000 0.000004920 0.000061700 0.002163690 0.002087250 0.002156310 0.003891290 0.001454470 0.001440580 0.003457810 0.002502260 0.002814030 0.001956980 0.000894350 
29     0.001128500 0.001154380 0.001147700 0.002031310 0.002500100 0.002030650 0.000328030 0.000721570 0.001477950 0.002690760 0.002073640 0.001133000 0.001032910 0.001856770 0.002524510 0.001794640 0.003102830 0.003088230 0.002068970 0.003077590 0.003133680 0.000784180 0.002736160 0.002063560 0.003017260 0.001516960 0.000044270 0.004434840 0.002543660 0.004313460 0.002568230 0.002327390 0.000732610 0.000430980 0.001047680 0.000033460 0.000525300 0.000004920 0.000000000 0.000350930 0.001870480 0.002275290 0.002208790 0.003854390 0.001450370 0.001436480 0.003288710 0.001856240 0.002863870 0.001974210 0.001183580 
49     0.000900290 0.000926170 0.000919490 0.001803100 0.001022520 0.001271330 0.000099820 0.000493360 0.001672790 0.002563990 0.001748820 0.000904790 0.000315600 0.002291950 0.002662080 0.002721160 0.002899940 0.001902860 0.000702600 0.003321800 0.003118430 0.002346040 0.003391110 0.000768640 0.003110180 0.002005480 0.000777690 0.000374460 0.000860710 0.001068850 0.003698540 0.003604320 0.001356550 0.000202770 0.000458530 0.000267420 0.000287770 0.000061700 0.000350930 0.000000000 0.000901690 0.002860400 0.002251990 0.003710630 0.001297730 0.000498440 0.003285360 0.002186270 0.001936440 0.001776320 0.000955370 
42     0.000889040 0.001146900 0.000834190 0.002087420 0.001651490 0.003886750 0.003364990 0.002320630 0.000695390 0.000877360 0.001065650 0.000876740 0.000878160 0.001530370 0.001528470 0.001499860 0.001514710 0.003683870 0.003361480 0.004109800 0.004038900 0.003462860 0.002629480 0.000194640 0.002052030 0.003108780 0.001764430 0.004558560 0.001422150 0.000132430 0.000731130 0.002707700 0.001429140 0.002358260 0.002811980 0.003655510 0.001468750 0.002163690 0.001870480 0.000901690 0.000000000 0.000052650 0.000049810 0.000123480 0.000095050 0.000081770 0.002306860 0.002122240 0.000570080 0.003989120 0.003775870 
50     0.000941150 0.001423660 0.000886300 0.000891730 0.002347290 0.002515110 0.003674900 0.003109360 0.001028930 0.000929470 0.001117760 0.000928850 0.000930270 0.001582480 0.001753020 0.002546830 0.004162690 0.003735720 0.002042790 0.002066890 0.002062300 0.004501220 0.004033450 0.000246750 0.002760730 0.002100900 0.002284410 0.001299820 0.001290410 0.000184540 0.000783240 0.001375980 0.001544840 0.001266330 0.002927680 0.003909200 0.003353110 0.002087250 0.002275290 0.002860400 0.000052650 0.000000000 0.000007030 0.000058680 0.000030250 0.000016970 0.003255490 0.003726190 0.000622190 0.004170170 0.002995460 
34     0.000938310 0.001420820 0.000883460 0.000691900 0.002693290 0.002588810 0.003608400 0.000834250 0.001032440 0.000926630 0.001114920 0.000926010 0.000927430 0.001579640 0.002453830 0.001880260 0.000749190 0.001472500 0.001990310 0.003014800 0.002503570 0.004035420 0.001653290 0.000243910 0.001090260 0.002034400 0.002217910 0.002756390 0.001353120 0.000181700 0.000416550 0.002162940 0.001478340 0.002895030 0.002861180 0.003950240 0.003074440 0.002156310 0.002208790 0.002251990 0.000049810 0.000007030 0.000000000 0.000051890 0.000023460 0.000010180 0.003522300 0.003307070 0.000619350 0.003469160 0.002662320 
33     0.000949200 0.002367160 0.002627600 0.000385030 0.004566840 0.004508570 0.002514190 0.000933140 0.001768930 0.002670770 0.002859060 0.002194870 0.002671570 0.003323780 0.001503170 0.002426720 0.002806520 0.001976810 0.002160580 0.000625830 0.000530710 0.002698090 0.001918980 0.001988050 0.002487590 0.000251670 0.003964950 0.003831000 0.003215560 0.001925840 0.000298600 0.000454210 0.002343100 0.001763560 0.000692390 0.003401360 0.002703930 0.003891290 0.003854390 0.003710630 0.000123480 0.000058680 0.000051890 0.000000000 0.000059070 0.000041710 0.002306480 0.003298340 0.001530220 0.002349370 0.007343890 
44     0.002546090 0.001824070 0.003040300 0.000088250 0.001522010 0.001362780 0.002849980 0.002847100 0.000055740 0.000249590 0.001333260 0.000574810 0.000255020 0.000842940 0.002761980 0.002821060 0.003337770 0.003004150 0.003297300 0.001496620 0.002981170 0.001590100 0.000348750 0.001960410 0.002731940 0.000588500 0.001459490 0.002281900 0.001340090 0.001170730 0.001254260 0.002150050 0.000719920 0.002037090 0.001855210 0.003054940 0.003977840 0.001454470 0.001450370 0.001297730 0.000095050 0.000030250 0.000023460 0.000059070 0.000000000 0.000014270 0.002520690 0.003131620 0.001391420 0.002687710 0.003666460 
48     0.000925380 0.000256190 0.000678060 0.000908020 0.002387520 0.001789920 0.002836090 0.002833210 0.000041470 0.002580220 0.002768510 0.002520600 0.001448010 0.002926450 0.000378960 0.002944080 0.003323880 0.002990260 0.002796820 0.000807050 0.002540950 0.002438490 0.002752340 0.001897500 0.003348680 0.001119480 0.000734780 0.003291540 0.000410010 0.000490520 0.001247530 0.001961670 0.000706030 0.004312810 0.000621100 0.000105960 0.001160290 0.001440580 0.001436480 0.000498440 0.000081770 0.000016970 0.000010180 0.000041710 0.000014270 0.000000000 0.001451100 0.001029200 0.002272940 0.002242650 0.008012100 
41     0.002050330 0.002333140 0.001606140 0.001626150 0.001019320 0.000463460 0.001934300 0.001858700 0.004022060 0.000751280 0.002334070 0.005328360 0.004847100 0.001490630 0.002448230 0.002916240 0.002881590 0.003332420 0.002046160 0.002598590 0.001072360 0.002225500 0.003571320 0.003379540 0.004872990 0.001514320 0.000756050 0.002775770 0.000826180 0.001321670 0.002090830 0.000238900 0.002613010 0.004375760 0.002363120 0.001639070 0.003261200 0.003457810 0.003288710 0.003285360 0.002306860 0.003255490 0.003522300 0.002306480 0.002520690 0.001451100 0.000000000 0.000177740 0.002293480 0.001079260 0.005301080 
35     0.001624590 0.001907400 0.002118800 0.000767100 0.001299690 0.002215490 0.001472250 0.001945280 0.001671260 0.002852480 0.002737620 0.000406330 0.000394940 0.002969210 0.002735100 0.002794180 0.003449560 0.003833330 0.002711030 0.002560960 0.003172560 0.002814100 0.003464130 0.002063210 0.004140690 0.003124490 0.002760240 0.000843880 0.003210530 0.003287100 0.001332520 0.003219110 0.002245490 0.003121440 0.000760170 0.002361800 0.002683640 0.002502260 0.001856240 0.002186270 0.002122240 0.003726190 0.003307070 0.003298340 0.003131620 0.001029200 0.000177740 0.000000000 0.000751980 0.003601210 0.004422170 
32     0.000562940 0.001045450 0.000508090 0.000134380 0.000001470 0.000063450 0.000104290 0.000101410 0.001212110 0.000551260 0.000739550 0.000550640 0.000552060 0.001204270 0.001769080 0.000212120 0.000591920 0.000258300 0.001368920 0.001616450 0.001988450 0.001848080 0.002498110 0.000517020 0.001815280 0.001744130 0.001253110 0.000115310 0.001808240 0.000454810 0.000197550 0.002153370 0.002157480 0.000297860 0.000849400 0.001542350 0.002310330 0.002814030 0.002863870 0.001936440 0.000570080 0.000622190 0.000619350 0.001530220 0.001391420 0.002272940 0.002293480 0.000751980 0.000000000 0.001396370 0.003579720 
47     0.000907570 0.000963710 0.002818810 0.002347640 0.001010250 0.001467650 0.003269060 0.002207180 0.004059810 0.000412940 0.001703180 0.001266670 0.003790680 0.003548800 0.001213150 0.003417820 0.002463180 0.001047790 0.002919260 0.000876460 0.000459000 0.001576070 0.002780320 0.002394930 0.006353530 0.001549280 0.000469580 0.004390080 0.001859910 0.003434390 0.000835610 0.001046180 0.002852800 0.002859320 0.001112930 0.002304170 0.003228820 0.001956980 0.001974210 0.001776320 0.003989120 0.004170170 0.003469160 0.002349370 0.002687710 0.002242650 0.001079260 0.003601210 0.001396370 0.000000000 0.010025080 
0     0.000872380 0.000898260 0.000891580 0.001775190 0.000211810 0.000562150 0.000878850 0.000465450 0.002138050 0.000071230 0.000892710 0.000702220 0.000829610 0.003176270 0.003255920 0.002871800 0.004138690 0.004323210 0.002396310 0.002007970 0.003072260 0.002922450 0.002986640 0.003375360 0.005224630 0.008539460 0.006858410 0.005718700 0.002934420 0.005344050 0.008433010 0.003767890 0.002389010 0.000981800 0.001598500 0.001216860 0.003057200 0.000894350 0.001183580 0.000955370 0.003775870 0.002995460 0.002662320 0.007343890 0.003666460 0.008012100 0.005301080 0.004422170 0.003579720 0.010025080 0.000000000 
