51
2     0.000000000 0.617578732 0.649268161 0.677137972 0.743932726 0.669636800 0.629177223 0.598623653 0.612086051 0.628425996 0.606831143 0.640573914 0.683808787 0.741968565 0.747185999 0.602710644 0.637845412 0.580255605 0.672186109 0.631404442 0.704950969 0.731099364 0.719270601 0.725889383 0.737208362 0.709945220 0.730531427 0.702204925 0.700781804 0.736692655 0.743778273 0.689109032 0.715340716 0.708871235 0.707903406 0.708703663 0.715467376 0.691094785 0.711938814 0.777188415 0.693776515 0.693199193 0.730330196 0.623146461 0.619623557 0.617734251 0.602822237 0.730171616 0.732677230 0.731519110 1.040779383 
9     0.617578732 0.000000000 0.305701271 0.327207113 0.588942479 0.516816861 0.475972690 0.551868056 0.593582971 0.610222201 0.589434514 0.620011245 0.660361613 0.714960009 0.720143734 0.589216826 0.619413182 0.566381888 0.658420676 0.619631371 0.689590675 0.717352148 0.701096420 0.709911669 0.721031130 0.693413224 0.713068121 0.684127722 0.676988079 0.714589202 0.721431961 0.675758611 0.701247116 0.695219251 0.694394207 0.694874632 0.702319753 0.673539863 0.692293492 0.760634168 0.682993589 0.681705353 0.719956160 0.607480531 0.603727092 0.601793687 0.587268613 0.717908379 0.719642203 0.717485473 1.028744265 
13     0.649268161 0.305701271 0.000000000 0.213964236 0.620404558 0.549619923 0.507481741 0.581557341 0.630263685 0.647204492 0.626593755 0.655688958 0.692292890 0.746915768 0.752557733 0.615816043 0.649383637 0.594338252 0.690528640 0.651997819 0.721910601 0.749925543 0.733747218 0.743000815 0.751077560 0.722534317 0.746046652 0.714565772 0.708776287 0.746243462 0.753055629 0.706288320 0.733920473 0.727643916 0.727041426 0.727421237 0.734664622 0.702448851 0.719436580 0.790004219 0.712839655 0.709540630 0.750645764 0.639667998 0.635310925 0.633377519 0.618487057 0.747474099 0.750526093 0.748062079 1.057045735 
4     0.677137972 0.327207113 0.213964236 0.000000000 0.648939828 0.576032813 0.535330097 0.607717896 0.656536417 0.673649102 0.653038366 0.682069607 0.719982370 0.773552354 0.778615703 0.644305685 0.678273194 0.623594523 0.717832744 0.681036470 0.750574475 0.778240230 0.761019738 0.771319077 0.779428841 0.751382368 0.773983312 0.744123688 0.737300901 0.774596757 0.781421824 0.734952921 0.761169388 0.755086773 0.754797249 0.755345020 0.762275411 0.733710747 0.750896086 0.819283238 0.744013394 0.741081154 0.781811867 0.668134687 0.663764265 0.661851181 0.647116210 0.775753457 0.778767681 0.778582180 1.087045025 
1     0.743932726 0.588942479 0.620404558 0.648939828 0.000000000 0.546515080 0.504119161 0.668216630 0.722225982 0.738597059 0.717996092 0.749008448 0.790370056 0.841425109 0.846732341 0.712507626 0.741828208 0.686915659 0.782687249 0.741041340 0.814197340 0.840977537 0.829076264 0.835420959 0.844309150 0.816718304 0.839041226 0.809982545 0.802601910 0.836777707 0.843411467 0.800551863 0.824776852 0.818452204 0.817286421 0.817945028 0.824278183 0.794695396 0.812983539 0.882320781 0.801270013 0.800295616 0.839164271 0.728232456 0.725711784 0.723707815 0.707928074 0.836031044 0.841789861 0.840585175 1.144380259 
3     0.669636800 0.516816861 0.549619923 0.576032813 0.546515080 0.000000000 0.287129477 0.605787597 0.649136163 0.666293855 0.646183361 0.677337428 0.714077475 0.768246518 0.772663677 0.640608897 0.670756589 0.617713294 0.710887638 0.666622392 0.738514185 0.766784084 0.752902348 0.759708615 0.769436436 0.738654462 0.763148330 0.736754303 0.728696228 0.767479697 0.774069414 0.725633812 0.750282401 0.743871783 0.742008671 0.742614907 0.748380870 0.724575622 0.745526604 0.812275616 0.732280643 0.731888739 0.770146692 0.658988228 0.655879621 0.653923062 0.638472133 0.770587494 0.771364691 0.769838967 1.073776683 
14     0.629177223 0.475972690 0.507481741 0.535330097 0.504119161 0.287129477 0.000000000 0.564861540 0.605871058 0.623580993 0.603665122 0.634682001 0.672211347 0.728255843 0.733202593 0.600749845 0.631390932 0.576930867 0.669597063 0.627765326 0.702585419 0.730736962 0.716225214 0.722890971 0.731506071 0.702219400 0.725711722 0.699330610 0.692996934 0.728219325 0.734873628 0.688062696 0.712760201 0.706230101 0.704922048 0.705128233 0.711975907 0.681477042 0.700096613 0.769618940 0.691299626 0.690550351 0.728438290 0.618383235 0.614633943 0.612700537 0.597573017 0.726874327 0.728467492 0.728111260 1.030374220 
6     0.598623653 0.551868056 0.581557341 0.607717896 0.668216630 0.605787597 0.564861540 0.000000000 0.579432732 0.595514550 0.574961286 0.605226363 0.639579296 0.698476043 0.703386224 0.565871743 0.595280098 0.543838098 0.639298846 0.597944899 0.670909107 0.698824558 0.684428867 0.690965296 0.700118073 0.670688831 0.693909181 0.668119869 0.662039568 0.697880129 0.705130638 0.652302281 0.680710743 0.673426449 0.672409571 0.673248541 0.679568417 0.649042882 0.668908791 0.739956386 0.652979411 0.653903407 0.692242568 0.587435936 0.583682286 0.581745920 0.568197281 0.689241615 0.692522282 0.693412681 0.991838358 
12     0.612086051 0.593582971 0.630263685 0.656536417 0.722225982 0.649136163 0.605871058 0.579432732 0.000000000 0.129675993 0.114586367 0.249828961 0.576858023 0.642643311 0.648037278 0.537466758 0.572623934 0.515740210 0.611929141 0.569237017 0.637697427 0.667381700 0.654490359 0.661052434 0.671396078 0.643500653 0.666319981 0.637448078 0.630500184 0.670698149 0.677502662 0.625837241 0.652887990 0.644104974 0.643516119 0.644325643 0.650913043 0.622243463 0.641563981 0.711174242 0.626988368 0.626049688 0.664730475 0.559164019 0.555233125 0.553298068 0.537683076 0.666161842 0.669043262 0.669879269 0.961426501 
7     0.628425996 0.610222201 0.647204492 0.673649102 0.738597059 0.666293855 0.623580993 0.595514550 0.129675993 0.000000000 0.107306600 0.259177145 0.591671535 0.657349714 0.662666257 0.550888656 0.586577741 0.530141051 0.627186572 0.586140081 0.656494624 0.683883497 0.670315447 0.677354502 0.686553003 0.658919732 0.682849950 0.651573877 0.645914909 0.683358124 0.691655942 0.640935619 0.667642057 0.658919652 0.658330798 0.659126583 0.665617729 0.637159611 0.656436097 0.726526604 0.641307137 0.640363686 0.678138935 0.574100476 0.569295272 0.567361866 0.552359624 0.677858492 0.682384260 0.683504994 0.974933201 
5     0.606831143 0.589434514 0.626593755 0.653038366 0.717996092 0.646183361 0.603665122 0.574961286 0.114586367 0.107306600 0.000000000 0.240435763 0.571940242 0.638378162 0.643783991 0.531363541 0.566399159 0.510868609 0.608142539 0.566654642 0.634844244 0.664381601 0.650831933 0.657870988 0.667466523 0.639913122 0.663753204 0.633079400 0.627548132 0.664689731 0.672794856 0.622071568 0.648778006 0.640012677 0.639466746 0.640262531 0.646753097 0.619120763 0.638284508 0.707440605 0.622989962 0.622155164 0.659852648 0.555900974 0.551199194 0.549265788 0.534404463 0.658812150 0.663424455 0.662929098 0.955516382 
8     0.640573914 0.620011245 0.655688958 0.682069607 0.749008448 0.677337428 0.634682001 0.605226363 0.249828961 0.259177145 0.240435763 0.000000000 0.598961007 0.668256881 0.673752056 0.566002364 0.597779919 0.545790580 0.638527030 0.596725149 0.665109647 0.694773072 0.680040641 0.687371269 0.696878929 0.669454918 0.693455938 0.666982813 0.660364089 0.696747653 0.704820627 0.653054615 0.680874056 0.671134601 0.670856628 0.671839847 0.679664450 0.649509493 0.669083244 0.738089884 0.654215614 0.653071832 0.691423656 0.586895480 0.582644282 0.580710877 0.566260852 0.691279706 0.694904266 0.696026357 0.990684846 
11     0.683808787 0.660361613 0.692292890 0.719982370 0.790370056 0.714077475 0.672211347 0.639579296 0.576858023 0.591671535 0.571940242 0.598961007 0.000000000 0.323427733 0.328420222 0.600885606 0.635591961 0.582453873 0.674113458 0.632163798 0.705288223 0.734269449 0.718377160 0.725827303 0.733484983 0.707533189 0.731450107 0.700334975 0.695969979 0.729090625 0.737686563 0.689275964 0.718518673 0.711315193 0.709650657 0.709875680 0.719553084 0.686319214 0.708419986 0.779827325 0.693187129 0.692283277 0.731732036 0.617927582 0.615238059 0.613305825 0.599049546 0.728656094 0.731879220 0.734137632 1.022251446 
10     0.741968565 0.714960009 0.746915768 0.773552354 0.841425109 0.768246518 0.728255843 0.698476043 0.642643311 0.657349714 0.638378162 0.668256881 0.323427733 0.000000000 0.137401358 0.664897329 0.704214475 0.648648417 0.737093710 0.694113150 0.766555016 0.794695611 0.779839929 0.787612896 0.794484954 0.769820656 0.793896162 0.764252441 0.760176189 0.792559941 0.801389954 0.753221430 0.781963309 0.775059566 0.774102002 0.774627213 0.783859351 0.750438207 0.772189986 0.842057001 0.759332063 0.758737136 0.797815941 0.683469048 0.680674380 0.678740974 0.664137811 0.790550659 0.793235297 0.797908474 1.079408359 
15     0.747185999 0.720143734 0.752557733 0.778615703 0.846732341 0.772663677 0.733202593 0.703386224 0.648037278 0.662666257 0.643783991 0.673752056 0.328420222 0.137401358 0.000000000 0.668942300 0.707645313 0.652704973 0.740900574 0.697763906 0.770800786 0.798836082 0.784163836 0.791936803 0.798835235 0.773846678 0.797926763 0.768577929 0.764166744 0.796532221 0.805563690 0.757452180 0.785709546 0.778827178 0.777869614 0.778394825 0.787554937 0.755286567 0.776435467 0.846688854 0.764133138 0.763538211 0.802617016 0.688121528 0.685326861 0.683393455 0.668816864 0.795491559 0.798466549 0.802927266 1.084537656 
48     0.602710644 0.589216826 0.615816043 0.644305685 0.712507626 0.640608897 0.600749845 0.565871743 0.537466758 0.550888656 0.531363541 0.566002364 0.600885606 0.664897329 0.668942300 0.000000000 0.386577467 0.327472437 0.442246510 0.403026834 0.473476671 0.497822697 0.486843878 0.490178301 0.503987597 0.475856270 0.496338069 0.466475767 0.462488382 0.499146654 0.506445049 0.448854918 0.473072681 0.464292813 0.463190908 0.464496203 0.472380897 0.476900933 0.493658842 0.560883002 0.481361763 0.481932987 0.521752751 0.415925668 0.411119914 0.409207905 0.395750097 0.525889099 0.528490153 0.523085903 0.929774386 
37     0.637845412 0.619413182 0.649383637 0.678273194 0.741828208 0.670756589 0.631390932 0.595280098 0.572623934 0.586577741 0.566399159 0.597779919 0.635591961 0.704214475 0.707645313 0.386577467 0.000000000 0.322235522 0.476905147 0.436205781 0.503023531 0.529111150 0.516549817 0.520238748 0.531039741 0.505563712 0.524294121 0.496960679 0.490525240 0.527415512 0.534596955 0.480356287 0.502621300 0.494872463 0.492998757 0.494424601 0.504410896 0.504433259 0.520412861 0.592876058 0.513705483 0.514359963 0.552421646 0.445464563 0.440888863 0.438935902 0.425985493 0.553226088 0.555922628 0.554177356 0.965540742 
41     0.580255605 0.566381888 0.594338252 0.623594523 0.686915659 0.617713294 0.576930867 0.543838098 0.515740210 0.530141051 0.510868609 0.545790580 0.582453873 0.648648417 0.652704973 0.327472437 0.322235522 0.000000000 0.419095732 0.375690734 0.449725878 0.473881086 0.463845881 0.467332537 0.480480193 0.455340643 0.473475926 0.442415566 0.435724805 0.472771451 0.479772883 0.423440678 0.449008172 0.440470310 0.439557804 0.440707487 0.449272537 0.448576771 0.467551398 0.538719809 0.457866354 0.458913095 0.497425019 0.389803314 0.385037204 0.383111543 0.371225442 0.503755105 0.504072537 0.500650082 0.905652226 
22     0.672186109 0.658420676 0.690528640 0.717832744 0.782687249 0.710887638 0.669597063 0.639298846 0.611929141 0.627186572 0.608142539 0.638527030 0.674113458 0.737093710 0.740900574 0.442246510 0.476905147 0.419095732 0.000000000 0.400848032 0.468624337 0.498439397 0.479877608 0.484345874 0.499477182 0.474212983 0.493412924 0.509930858 0.501419556 0.538171657 0.545205950 0.488100130 0.511150856 0.501032604 0.500882343 0.502093355 0.509793483 0.548766211 0.570964524 0.638329922 0.558756010 0.559600917 0.597632614 0.492500701 0.486772129 0.484838723 0.472653691 0.596284384 0.596564036 0.596167540 0.997476697 
28     0.631404442 0.619631371 0.651997819 0.681036470 0.741041340 0.666622392 0.627765326 0.597944899 0.569237017 0.586140081 0.566654642 0.596725149 0.632163798 0.694113150 0.697763906 0.403026834 0.436205781 0.375690734 0.400848032 0.000000000 0.375618904 0.401634616 0.386720776 0.390663213 0.406546309 0.380540078 0.399042602 0.472974967 0.467599895 0.500690510 0.507549862 0.451994945 0.475002152 0.465865047 0.464958996 0.466605331 0.474626277 0.513347348 0.534897427 0.604516147 0.521856743 0.524512971 0.561317156 0.453855266 0.447971253 0.446224053 0.433886711 0.556932119 0.558135901 0.557661870 0.956635239 
43     0.704950969 0.689590675 0.721910601 0.750574475 0.814197340 0.738514185 0.702585419 0.670909107 0.637697427 0.656494624 0.634844244 0.665109647 0.705288223 0.766555016 0.770800786 0.473476671 0.503023531 0.449725878 0.468624337 0.375618904 0.000000000 0.209192570 0.201514634 0.204746816 0.278911758 0.250791895 0.263746589 0.539700497 0.533970414 0.569907527 0.576626490 0.516956597 0.542069115 0.533410290 0.532544704 0.533901997 0.540781723 0.576475377 0.598477506 0.668305721 0.590060905 0.591179238 0.629481412 0.522137505 0.516503924 0.515040750 0.502953486 0.625474798 0.624656340 0.626621815 1.033073235 
49     0.731099364 0.717352148 0.749925543 0.778240230 0.840977537 0.766784084 0.730736962 0.698824558 0.667381700 0.683883497 0.664381601 0.694773072 0.734269449 0.794695611 0.798836082 0.497822697 0.529111150 0.473881086 0.498439397 0.401634616 0.209192570 0.000000000 0.228678984 0.233252270 0.304158137 0.278581436 0.290141734 0.566156035 0.560540367 0.595187068 0.601892161 0.540974843 0.567905558 0.559824461 0.558738452 0.560309259 0.566996465 0.602519366 0.625809118 0.695152935 0.617606885 0.618521967 0.657867734 0.548740249 0.543013508 0.541550334 0.529476512 0.654705515 0.654619207 0.656645889 1.060513537 
18     0.719270601 0.701096420 0.733747218 0.761019738 0.829076264 0.752902348 0.716225214 0.684428867 0.654490359 0.670315447 0.650831933 0.680040641 0.718377160 0.779839929 0.784163836 0.486843878 0.516549817 0.463845881 0.479877608 0.386720776 0.201514634 0.228678984 0.000000000 0.119507725 0.283565945 0.256346692 0.269399766 0.555294662 0.549560926 0.584423201 0.591338408 0.532094864 0.555164818 0.546591542 0.545441366 0.547231172 0.554007647 0.593258538 0.615188655 0.683656878 0.604458994 0.605425723 0.645507491 0.536493853 0.531525166 0.529879952 0.516487464 0.640698877 0.641602005 0.642165271 1.046634179 
24     0.725889383 0.709911669 0.743000815 0.771319077 0.835420959 0.759708615 0.722890971 0.690965296 0.661052434 0.677354502 0.657870988 0.687371269 0.725827303 0.787612896 0.791936803 0.490178301 0.520238748 0.467332537 0.484345874 0.390663213 0.204746816 0.233252270 0.119507725 0.000000000 0.287206941 0.261794754 0.272359256 0.558998724 0.553234398 0.588246120 0.595192339 0.534380588 0.557873506 0.549455109 0.548127706 0.550136189 0.557034545 0.598824466 0.620648250 0.688924510 0.610431534 0.611452658 0.650432528 0.539887196 0.534699785 0.533054570 0.519744311 0.644830674 0.645357911 0.647970197 1.052432220 
32     0.737208362 0.721031130 0.751077560 0.779428841 0.844309150 0.769436436 0.731506071 0.700118073 0.671396078 0.686553003 0.667466523 0.696878929 0.733484983 0.794484954 0.798835235 0.503987597 0.531039741 0.480480193 0.499477182 0.406546309 0.278911758 0.304158137 0.283565945 0.287206941 0.000000000 0.200168156 0.264949452 0.573080893 0.567886569 0.604258519 0.610025769 0.549878144 0.573680109 0.564284158 0.562779977 0.565407605 0.571459991 0.606905495 0.628879447 0.697401790 0.615629890 0.616503241 0.655660745 0.550697323 0.544871169 0.543634134 0.531385468 0.657854530 0.656714483 0.660617808 1.065776336 
27     0.709945220 0.693413224 0.722534317 0.751382368 0.816718304 0.738654462 0.702219400 0.670688831 0.643500653 0.658919732 0.639913122 0.669454918 0.707533189 0.769820656 0.773846678 0.475856270 0.505563712 0.455340643 0.474212983 0.380540078 0.250791895 0.278581436 0.256346692 0.261794754 0.200168156 0.000000000 0.238033166 0.548482860 0.542918086 0.578410511 0.585142139 0.525662376 0.548444238 0.538965154 0.537593521 0.539885343 0.547061256 0.583718154 0.603816267 0.673134740 0.591183228 0.592057081 0.629978883 0.525705149 0.520506107 0.519083367 0.506919943 0.628703470 0.628136748 0.630118790 1.040051251 
34     0.730531427 0.713068121 0.746046652 0.773983312 0.839041226 0.763148330 0.725711722 0.693909181 0.666319981 0.682849950 0.663753204 0.693455938 0.731450107 0.793896162 0.797926763 0.496338069 0.524294121 0.473475926 0.493412924 0.399042602 0.263746589 0.290141734 0.269399766 0.272359256 0.264949452 0.238033166 0.000000000 0.563503741 0.559394833 0.594448840 0.601051531 0.544191839 0.562969358 0.554846791 0.552525051 0.554971324 0.562953438 0.599923484 0.622663688 0.690532127 0.613856369 0.614648386 0.652856909 0.545207033 0.540239449 0.538279232 0.525916432 0.647988426 0.648349773 0.648827337 1.059872810 
47     0.702204925 0.684127722 0.714565772 0.744123688 0.809982545 0.736754303 0.699330610 0.668119869 0.637448078 0.651573877 0.633079400 0.666982813 0.700334975 0.764252441 0.768577929 0.466475767 0.496960679 0.442415566 0.509930858 0.472974967 0.539700497 0.566156035 0.555294662 0.558998724 0.573080893 0.548482860 0.563503741 0.000000000 0.233498229 0.306811920 0.314935489 0.443547164 0.471470323 0.462614322 0.461185896 0.461319353 0.470169316 0.575308923 0.596971608 0.663261744 0.589320419 0.589949156 0.627064923 0.517697418 0.511973851 0.510108320 0.497183435 0.622273375 0.625170687 0.624699576 1.028652355 
39     0.700781804 0.676988079 0.708776287 0.737300901 0.802601910 0.728696228 0.692996934 0.662039568 0.630500184 0.645914909 0.627548132 0.660364089 0.695969979 0.760176189 0.764166744 0.462488382 0.490525240 0.435724805 0.501419556 0.467599895 0.533970414 0.560540367 0.549560926 0.553234398 0.567886569 0.542918086 0.559394833 0.233498229 0.000000000 0.304638701 0.311374438 0.437683962 0.465233112 0.455394714 0.454676532 0.454872062 0.463838916 0.568878732 0.592417812 0.658323376 0.582138689 0.583087085 0.619256982 0.509183780 0.503630265 0.501764735 0.489393046 0.616339493 0.620461797 0.618943267 1.024514264 
25     0.736692655 0.714589202 0.746243462 0.774596757 0.836777707 0.767479697 0.728219325 0.697880129 0.670698149 0.683358124 0.664689731 0.696747653 0.729090625 0.792559941 0.796532221 0.499146654 0.527415512 0.472771451 0.538171657 0.500690510 0.569907527 0.595187068 0.584423201 0.588246120 0.604258519 0.578410511 0.594448840 0.306811920 0.304638701 0.000000000 0.124065712 0.472742316 0.501276911 0.491642742 0.490572806 0.490954002 0.500154027 0.607805015 0.627449124 0.696714856 0.620365040 0.621057547 0.659377178 0.547167625 0.540366669 0.538501139 0.527648976 0.650395644 0.655766067 0.655758300 1.064864485 
46     0.743778273 0.721431961 0.753055629 0.781421824 0.843411467 0.774069414 0.734873628 0.705130638 0.677502662 0.691655942 0.672794856 0.704820627 0.737686563 0.801389954 0.805563690 0.506445049 0.534596955 0.479772883 0.545205950 0.507549862 0.576626490 0.601892161 0.591338408 0.595192339 0.610025769 0.585142139 0.601051531 0.314935489 0.311374438 0.124065712 0.000000000 0.480056947 0.507827460 0.498216268 0.497323715 0.497672225 0.506960212 0.615252365 0.634920895 0.704216132 0.627484147 0.628165574 0.666561241 0.554312808 0.547511852 0.545646321 0.534794159 0.658519543 0.662653403 0.662626172 1.072435954 
23     0.689109032 0.675758611 0.706288320 0.734952921 0.800551863 0.725633812 0.688062696 0.652302281 0.625837241 0.640935619 0.622071568 0.653054615 0.689275964 0.753221430 0.757452180 0.448854918 0.480356287 0.423440678 0.488100130 0.451994945 0.516956597 0.540974843 0.532094864 0.534380588 0.549878144 0.525662376 0.544191839 0.443547164 0.437683962 0.472742316 0.480056947 0.000000000 0.437484503 0.429877391 0.428994749 0.429730326 0.436589442 0.558240697 0.578058711 0.649225697 0.569609141 0.570748612 0.608268324 0.499412047 0.494378354 0.492512823 0.480244221 0.606335241 0.610187478 0.607159676 1.023841229 
45     0.715340716 0.701247116 0.733920473 0.761169388 0.824776852 0.750282401 0.712760201 0.680710743 0.652887990 0.667642057 0.648778006 0.680874056 0.718518673 0.781963309 0.785709546 0.473072681 0.502621300 0.449008172 0.511150856 0.475002152 0.542069115 0.567905558 0.555164818 0.557873506 0.573680109 0.548444238 0.562969358 0.471470323 0.465233112 0.501276911 0.507827460 0.437484503 0.000000000 0.173842438 0.171457533 0.166493500 0.208027735 0.585808576 0.605501076 0.675903483 0.595681174 0.596198199 0.633641623 0.526344682 0.520521027 0.518655497 0.505724080 0.631942853 0.635223540 0.635633863 1.042481057 
30     0.708871235 0.695219251 0.727643916 0.755086773 0.818452204 0.743871783 0.706230101 0.673426449 0.644104974 0.658919652 0.640012677 0.671134601 0.711315193 0.775059566 0.778827178 0.464292813 0.494872463 0.440470310 0.501032604 0.465865047 0.533410290 0.559824461 0.546591542 0.549455109 0.564284158 0.538965154 0.554846791 0.462614322 0.455394714 0.491642742 0.498216268 0.429877391 0.173842438 0.000000000 0.116908571 0.117884312 0.200609430 0.578628505 0.599394460 0.669134565 0.587599979 0.588048584 0.625734612 0.519454146 0.513496006 0.511487585 0.498559568 0.623723308 0.627085312 0.627854735 1.034757126 
35     0.707903406 0.694394207 0.727041426 0.754797249 0.817286421 0.742008671 0.704922048 0.672409571 0.643516119 0.658330798 0.639466746 0.670856628 0.709650657 0.774102002 0.777869614 0.463190908 0.492998757 0.439557804 0.500882343 0.464958996 0.532544704 0.558738452 0.545441366 0.548127706 0.562779977 0.537593521 0.552525051 0.461185896 0.454676532 0.490572806 0.497323715 0.428994749 0.171457533 0.116908571 0.000000000 0.092637060 0.197509830 0.577883687 0.598084349 0.668076934 0.586568659 0.587228216 0.624444015 0.517534067 0.511959624 0.510094094 0.496739654 0.622685094 0.626063958 0.626978595 1.033526340 
19     0.708703663 0.694874632 0.727421237 0.755345020 0.817945028 0.742614907 0.705128233 0.673248541 0.644325643 0.659126583 0.640262531 0.671839847 0.709875680 0.774627213 0.778394825 0.464496203 0.494424601 0.440707487 0.502093355 0.466605331 0.533901997 0.560309259 0.547231172 0.550136189 0.565407605 0.539885343 0.554971324 0.461319353 0.454872062 0.490954002 0.497672225 0.429730326 0.166493500 0.117884312 0.092637060 0.000000000 0.198237590 0.578344422 0.598701078 0.669104875 0.588259118 0.588920924 0.626692740 0.518557972 0.512954169 0.511088638 0.497896935 0.623681902 0.626925925 0.627926251 1.034881332 
16     0.715467376 0.702319753 0.734664622 0.762275411 0.824278183 0.748380870 0.711975907 0.679568417 0.650913043 0.665617729 0.646753097 0.679664450 0.719553084 0.783859351 0.787554937 0.472380897 0.504410896 0.449272537 0.509793483 0.474626277 0.540781723 0.566996465 0.554007647 0.557034545 0.571459991 0.547061256 0.562953438 0.470169316 0.463838916 0.500154027 0.506960212 0.436589442 0.208027735 0.200609430 0.197509830 0.198237590 0.000000000 0.586991424 0.606161204 0.675906038 0.595871174 0.596535848 0.634170184 0.526285791 0.520756219 0.518845817 0.505540242 0.632857862 0.634348490 0.635379691 1.039656221 
31     0.691094785 0.673539863 0.702448851 0.733710747 0.794695396 0.724575622 0.681477042 0.649042882 0.622243463 0.637159611 0.619120763 0.649509493 0.686319214 0.750438207 0.755286567 0.476900933 0.504433259 0.448576771 0.548766211 0.513347348 0.576475377 0.602519366 0.593258538 0.598824466 0.606905495 0.583718154 0.599923484 0.575308923 0.568878732 0.607805015 0.615252365 0.558240697 0.585808576 0.578628505 0.577883687 0.578344422 0.586991424 0.000000000 0.232169552 0.418164563 0.457408550 0.458378743 0.495810832 0.446651414 0.441396658 0.439327316 0.426465198 0.602455282 0.602996997 0.600883412 1.012343752 
17     0.711938814 0.692293492 0.719436580 0.750896086 0.812983539 0.745526604 0.700096613 0.668908791 0.641563981 0.656436097 0.638284508 0.669083244 0.708419986 0.772189986 0.776435467 0.493658842 0.520412861 0.467551398 0.570964524 0.534897427 0.598477506 0.625809118 0.615188655 0.620648250 0.628879447 0.603816267 0.622663688 0.596971608 0.592417812 0.627449124 0.634920895 0.578058711 0.605501076 0.599394460 0.598084349 0.598701078 0.606161204 0.232169552 0.000000000 0.441209192 0.475001387 0.476103982 0.513324464 0.466346937 0.460466473 0.458459493 0.446088652 0.620540403 0.622619385 0.619454593 1.036642810 
26     0.777188415 0.760634168 0.790004219 0.819283238 0.882320781 0.812275616 0.769618940 0.739956386 0.711174242 0.726526604 0.707440605 0.738089884 0.779827325 0.842057001 0.846688854 0.560883002 0.592876058 0.538719809 0.638329922 0.604516147 0.668305721 0.695152935 0.683656878 0.688924510 0.697401790 0.673134740 0.690532127 0.663261744 0.658323376 0.696714856 0.704216132 0.649225697 0.675903483 0.669134565 0.668076934 0.669104875 0.675906038 0.418164563 0.441209192 0.000000000 0.541588417 0.542796192 0.579529353 0.533314134 0.528395130 0.526356622 0.512828921 0.691807818 0.695029434 0.688531443 1.104835053 
29     0.693776515 0.682993589 0.712839655 0.744013394 0.801270013 0.732280643 0.691299626 0.652979411 0.626988368 0.641307137 0.622989962 0.654215614 0.693187129 0.759332063 0.764133138 0.481361763 0.513705483 0.457866354 0.558756010 0.521856743 0.590060905 0.617606885 0.604458994 0.610431534 0.615629890 0.591183228 0.613856369 0.589320419 0.582138689 0.620365040 0.627484147 0.569609141 0.595681174 0.587599979 0.586568659 0.588259118 0.595871174 0.457408550 0.475001387 0.541588417 0.000000000 0.071429190 0.209536278 0.450839724 0.445389406 0.442917176 0.431667291 0.606838525 0.609334888 0.607950851 1.017585671 
36     0.693199193 0.681705353 0.709540630 0.741081154 0.800295616 0.731888739 0.690550351 0.653903407 0.626049688 0.640363686 0.622155164 0.653071832 0.692283277 0.758737136 0.763538211 0.481932987 0.514359963 0.458913095 0.559600917 0.524512971 0.591179238 0.618521967 0.605425723 0.611452658 0.616503241 0.592057081 0.614648386 0.589949156 0.583087085 0.621057547 0.628165574 0.570748612 0.596198199 0.588048584 0.587228216 0.588920924 0.596535848 0.458378743 0.476103982 0.542796192 0.071429190 0.000000000 0.209882462 0.450973183 0.445529252 0.442949952 0.431826647 0.609970127 0.612215077 0.610585477 1.017657448 
33     0.730330196 0.719956160 0.750645764 0.781811867 0.839164271 0.770146692 0.728438290 0.692242568 0.664730475 0.678138935 0.659852648 0.691423656 0.731732036 0.797815941 0.802617016 0.521752751 0.552421646 0.497425019 0.597632614 0.561317156 0.629481412 0.657867734 0.645507491 0.650432528 0.655660745 0.629978883 0.652856909 0.627064923 0.619256982 0.659377178 0.666561241 0.608268324 0.633641623 0.625734612 0.624444015 0.626692740 0.634170184 0.495810832 0.513324464 0.579529353 0.209536278 0.209882462 0.000000000 0.490917775 0.485347335 0.482981978 0.471749351 0.647363479 0.648515201 0.646311003 1.057444599 
40     0.623146461 0.607480531 0.639667998 0.668134687 0.728232456 0.658988228 0.618383235 0.587435936 0.559164019 0.574100476 0.555900974 0.586895480 0.617927582 0.683469048 0.688121528 0.415925668 0.445464563 0.389803314 0.492500701 0.453855266 0.522137505 0.548740249 0.536493853 0.539887196 0.550697323 0.525705149 0.545207033 0.517697418 0.509183780 0.547167625 0.554312808 0.499412047 0.526344682 0.519454146 0.517534067 0.518557972 0.526285791 0.446651414 0.466346937 0.533314134 0.450839724 0.450973183 0.490917775 0.000000000 0.096614811 0.096266034 0.105144999 0.537989768 0.540486086 0.536874517 0.949109298 
38     0.619623557 0.603727092 0.635310925 0.663764265 0.725711784 0.655879621 0.614633943 0.583682286 0.555233125 0.569295272 0.551199194 0.582644282 0.615238059 0.680674380 0.685326861 0.411119914 0.440888863 0.385037204 0.486772129 0.447971253 0.516503924 0.543013508 0.531525166 0.534699785 0.544871169 0.520506107 0.540239449 0.511973851 0.503630265 0.540366669 0.547511852 0.494378354 0.520521027 0.513496006 0.511959624 0.512954169 0.520756219 0.441396658 0.460466473 0.528395130 0.445389406 0.445529252 0.485347335 0.096614811 0.000000000 0.045727604 0.102367790 0.530955796 0.534536687 0.530685262 0.946066027 
42     0.617734251 0.601793687 0.633377519 0.661851181 0.723707815 0.653923062 0.612700537 0.581745920 0.553298068 0.567361866 0.549265788 0.580710877 0.613305825 0.678740974 0.683393455 0.409207905 0.438935902 0.383111543 0.484838723 0.446224053 0.515040750 0.541550334 0.529879952 0.533054570 0.543634134 0.519083367 0.538279232 0.510108320 0.501764735 0.538501139 0.545646321 0.492512823 0.518655497 0.511487585 0.510094094 0.511088638 0.518845817 0.439327316 0.458459493 0.526356622 0.442917176 0.442949952 0.482981978 0.096266034 0.045727604 0.000000000 0.099491769 0.530069345 0.532573323 0.528721898 0.944123331 
50     0.602822237 0.587268613 0.618487057 0.647116210 0.707928074 0.638472133 0.597573017 0.568197281 0.537683076 0.552359624 0.534404463 0.566260852 0.599049546 0.664137811 0.668816864 0.395750097 0.425985493 0.371225442 0.472653691 0.433886711 0.502953486 0.529476512 0.516487464 0.519744311 0.531385468 0.506919943 0.525916432 0.497183435 0.489393046 0.527648976 0.534794159 0.480244221 0.505724080 0.498559568 0.496739654 0.497896935 0.505540242 0.426465198 0.446088652 0.512828921 0.431667291 0.431826647 0.471749351 0.105144999 0.102367790 0.099491769 0.000000000 0.517514823 0.519950596 0.515688977 0.933628640 
20     0.730171616 0.717908379 0.747474099 0.775753457 0.836031044 0.770587494 0.726874327 0.689241615 0.666161842 0.677858492 0.658812150 0.691279706 0.728656094 0.790550659 0.795491559 0.525889099 0.553226088 0.503755105 0.596284384 0.556932119 0.625474798 0.654705515 0.640698877 0.644830674 0.657854530 0.628703470 0.647988426 0.622273375 0.616339493 0.650395644 0.658519543 0.606335241 0.631942853 0.623723308 0.622685094 0.623681902 0.632857862 0.602455282 0.620540403 0.691807818 0.606838525 0.609970127 0.647363479 0.537989768 0.530955796 0.530069345 0.517514823 0.000000000 0.255519009 0.425608638 1.065892056 
21     0.732677230 0.719642203 0.750526093 0.778767681 0.841789861 0.771364691 0.728467492 0.692522282 0.669043262 0.682384260 0.663424455 0.694904266 0.731879220 0.793235297 0.798466549 0.528490153 0.555922628 0.504072537 0.596564036 0.558135901 0.624656340 0.654619207 0.641602005 0.645357911 0.656714483 0.628136748 0.648349773 0.625170687 0.620461797 0.655766067 0.662653403 0.610187478 0.635223540 0.627085312 0.626063958 0.626925925 0.634348490 0.602996997 0.622619385 0.695029434 0.609334888 0.612215077 0.648515201 0.540486086 0.534536687 0.532573323 0.519950596 0.255519009 0.000000000 0.426216057 1.066700064 
44     0.731519110 0.717485473 0.748062079 0.778582180 0.840585175 0.769838967 0.728111260 0.693412681 0.669879269 0.683504994 0.662929098 0.696026357 0.734137632 0.797908474 0.802927266 0.523085903 0.554177356 0.500650082 0.596167540 0.557661870 0.626621815 0.656645889 0.642165271 0.647970197 0.660617808 0.630118790 0.648827337 0.624699576 0.618943267 0.655758300 0.662626172 0.607159676 0.635633863 0.627854735 0.626978595 0.627926251 0.635379691 0.600883412 0.619454593 0.688531443 0.607950851 0.610585477 0.646311003 0.536874517 0.530685262 0.528721898 0.515688977 0.425608638 0.426216057 0.000000000 1.059178330 
0     1.040779383 1.028744265 1.057045735 1.087045025 1.144380259 1.073776683 1.030374220 0.991838358 0.961426501 0.974933201 0.955516382 0.990684846 1.022251446 1.079408359 1.084537656 0.929774386 0.965540742 0.905652226 0.997476697 0.956635239 1.033073235 1.060513537 1.046634179 1.052432220 1.065776336 1.040051251 1.059872810 1.028652355 1.024514264 1.064864485 1.072435954 1.023841229 1.042481057 1.034757126 1.033526340 1.034881332 1.039656221 1.012343752 1.036642810 1.104835053 1.017585671 1.017657448 1.057444599 0.949109298 0.946066027 0.944123331 0.933628640 1.065892056 1.066700064 1.059178330 0.000000000 
