51
2     0.000000000 0.014348620 0.009319990 0.041928060 0.035813000 0.015577060 0.045241360 0.012748000 0.031204360 0.030953770 0.005553070 0.036261580 0.011545840 0.028304100 0.023201280 0.012736000 0.006671530 0.018397700 0.061702650 0.011503900 0.070111520 0.022514330 0.040439000 0.054717740 0.051741050 0.016650990 0.020989030 0.061686040 0.050170750 0.072624550 0.049507350 0.031022770 0.052719720 0.044037210 0.043199360 0.041613620 0.061660860 0.055547060 0.023386350 0.019619350 0.018903430 0.010487290 0.034885920 0.031319240 0.014091850 0.024754160 0.010879070 0.016857950 0.032701390 0.021521180 0.003191020 
9     0.014348620 0.000000000 0.004153910 0.002846520 0.034552280 0.015516670 0.048741550 0.034783490 0.004276720 0.029280030 0.024215740 0.026977060 0.017008730 0.041365160 0.047243320 0.003179920 0.017613710 0.014163850 0.044117030 0.032019870 0.034924400 0.024177880 0.001661320 0.040224130 0.024466420 0.009350970 0.033415620 0.053800880 0.062635180 0.085227420 0.090769960 0.041224340 0.023319240 0.019374720 0.042586950 0.041234420 0.070483940 0.045436480 0.027858700 0.001887930 0.021893930 0.020065140 0.054649000 0.018482770 0.042962380 0.042213980 0.029283990 0.050432390 0.024110950 0.007416840 0.025088030 
13     0.009319990 0.004153910 0.000000000 0.006582050 0.030895490 0.040092220 0.002152710 0.026460220 0.016578720 0.019760190 0.034159110 0.047540400 0.020995540 0.044656690 0.051230130 0.012742110 0.021600520 0.012529790 0.077717530 0.010630530 0.020943070 0.028164690 0.045318460 0.053350120 0.067773540 0.022301350 0.040430680 0.079830790 0.066621990 0.087570670 0.078706710 0.035186930 0.050851960 0.015850760 0.045952120 0.042551180 0.048818260 0.068573150 0.013273890 0.028078510 0.033675860 0.040736830 0.066240390 0.046199440 0.046949190 0.046200790 0.017084210 0.080042000 0.041564480 0.029980340 0.029074840 
4     0.041928060 0.002846520 0.006582050 0.000000000 0.034287970 0.046572640 0.042430820 0.071675090 0.011581720 0.071948270 0.073919100 0.026825850 0.031390650 0.076975260 0.038341310 0.049298030 0.038648950 0.082682340 0.078290290 0.029680660 0.002925940 0.045883270 0.003086780 0.011318300 0.031449890 0.051424760 0.048146370 0.070468370 0.094370690 0.085812270 0.096557800 0.044227390 0.089927150 0.002777720 0.053285430 0.029016670 0.090476730 0.064578600 0.017138790 0.057842100 0.107819600 0.039751860 0.044408440 0.075963030 0.048560290 0.073650350 0.050735850 0.109805590 0.071328070 0.059743930 0.058480620 
1     0.035813000 0.034552280 0.030895490 0.034287970 0.000000000 0.009951550 0.024110270 0.015396900 0.055097890 0.025626150 0.030340290 0.030912690 0.043416280 0.065128600 0.067110870 0.044606440 0.020788120 0.065691320 0.018196640 0.003971860 0.059473970 0.027364450 0.076114440 0.083514980 0.071289160 0.048521430 0.072247130 0.019480890 0.050609120 0.039669510 0.041604720 0.058027620 0.062829580 0.055249680 0.061986040 0.070875810 0.053042750 0.074074100 0.047601990 0.051489790 0.032748770 0.026921490 0.039866330 0.000025730 0.066618800 0.054362080 0.014801430 0.059661080 0.064975760 0.053391620 0.018189320 
3     0.015577060 0.015516670 0.040092220 0.046572640 0.009951550 0.000000000 0.009487780 0.034114170 0.050072180 0.021629660 0.048350970 0.017246890 0.013183100 0.051163630 0.004288500 0.024370500 0.012041030 0.002880160 0.060906620 0.020087540 0.065745320 0.034148830 0.060307940 0.065740540 0.058794120 0.011999620 0.054820140 0.044559140 0.044247800 0.051825270 0.052558830 0.021721530 0.048664750 0.058118200 0.029751780 0.032146120 0.015632250 0.008647020 0.035020850 0.031253850 0.029116350 0.020460150 0.085730870 0.027645420 0.026019290 0.028169270 0.011773190 0.031571350 0.030296750 0.033155680 0.014825520 
14     0.045241360 0.048741550 0.002152710 0.042430820 0.024110270 0.009487780 0.000000000 0.027398940 0.038538140 0.075016240 0.074081020 0.012970890 0.012032260 0.060013890 0.076168440 0.009067710 0.013871610 0.024133010 0.016568620 0.010916910 0.064075170 0.004097170 0.065701170 0.055570500 0.047413380 0.016619490 0.001431730 0.012811430 0.007729800 0.038640700 0.037667690 0.034642550 0.039680500 0.039252350 0.052721410 0.049430690 0.028954760 0.009919980 0.009562740 0.033790350 0.027861780 0.017294280 0.044923500 0.039781520 0.043070340 0.043659420 0.038422070 0.020185310 0.055636030 0.061388630 0.032865800 
6     0.012748000 0.034783490 0.026460220 0.071675090 0.015396900 0.034114170 0.027398940 0.000000000 0.041165120 0.018507770 0.023221910 0.023794310 0.010122730 0.054582790 0.001831160 0.021500580 0.014599130 0.030595840 0.034470490 0.020609850 0.056681490 0.053174150 0.018628460 0.060065010 0.041253750 0.005698130 0.063039690 0.042249970 0.067459780 0.060080440 0.019240440 0.021666250 0.048967000 0.068260750 0.058029980 0.048223010 0.034867930 0.033235260 0.019995900 0.069927460 0.004908520 0.028567050 0.032747950 0.019849160 0.025217730 0.025232540 0.005885730 0.045995060 0.029885080 0.026730630 0.005857830 
12     0.031204360 0.004276720 0.016578720 0.011581720 0.055097890 0.050072180 0.038538140 0.041165120 0.000000000 0.004065540 0.001946670 0.006748070 0.010485870 0.030530940 0.025428120 0.029618380 0.032022800 0.053144540 0.018725960 0.030015430 0.081141390 0.039396710 0.072906370 0.047821120 0.041822040 0.033533370 0.050460290 0.056752850 0.043139650 0.064018980 0.064752540 0.050549370 0.055833190 0.034279660 0.036941660 0.030845060 0.017040930 0.019362200 0.041288850 0.037283900 0.043434280 0.024592320 0.073321570 0.003646530 0.010452930 0.007375700 0.016139160 0.017630470 0.010422380 0.035592730 0.027461200 
7     0.030953770 0.029280030 0.019760190 0.071948270 0.025626150 0.021629660 0.075016240 0.018507770 0.004065540 0.000000000 0.003358820 0.006568790 0.024844920 0.030280350 0.025177530 0.024024420 0.026428840 0.048363270 0.034265850 0.052979200 0.063299720 0.033802750 0.067312410 0.066006160 0.038984390 0.006551610 0.031962580 0.050018740 0.070471370 0.038785560 0.084535080 0.054616010 0.064012940 0.064159880 0.064665350 0.065064940 0.034774670 0.051343380 0.035694890 0.018960240 0.022052840 0.024989500 0.029170400 0.050048820 0.029641050 0.030477920 0.025062470 0.043384220 0.014432900 0.033829720 0.021094710 
5     0.005553070 0.024215740 0.034159110 0.073919100 0.030340290 0.048350970 0.074081020 0.023221910 0.001946670 0.003358820 0.000000000 0.004079810 0.026815750 0.025772900 0.007458030 0.023732380 0.021230800 0.052818350 0.024044840 0.025906440 0.068013860 0.035773580 0.069283240 0.067976990 0.030341230 0.029910240 0.013737610 0.055842010 0.065975120 0.070622700 0.071356260 0.065935120 0.065983770 0.050065230 0.054043460 0.059500680 0.023987880 0.052847910 0.025333230 0.008720750 0.022792220 0.029703640 0.033884540 0.047450010 0.005063890 0.005900760 0.022620600 0.044888750 0.019220630 0.032808390 0.034895050 
8     0.036261580 0.026977060 0.047540400 0.026825850 0.030912690 0.017246890 0.012970890 0.023794310 0.006748070 0.006568790 0.004079810 0.000000000 0.037061320 0.030646690 0.017474700 0.044365700 0.043848410 0.051099770 0.040391590 0.026275220 0.052323730 0.030599470 0.015615990 0.022268590 0.013684020 0.015956250 0.020690740 0.057153160 0.032976290 0.064419290 0.065152850 0.060299300 0.057020940 0.020151390 0.013437800 0.038291470 0.067166360 0.009481710 0.018607690 0.020117680 0.019939860 0.030276040 0.034456940 0.044346490 0.035434760 0.036271630 0.040054330 0.012931760 0.017115430 0.023289180 0.031858830 
11     0.011545840 0.017008730 0.020995540 0.031390650 0.043416280 0.013183100 0.012032260 0.010122730 0.010485870 0.024844920 0.026815750 0.037061320 0.000000000 0.011397730 0.001366780 0.002835280 0.004983950 0.029178990 0.061202840 0.012675540 0.039941090 0.012613610 0.046123270 0.044817020 0.050428980 0.006750270 0.033284920 0.045262600 0.023774840 0.049265470 0.047022850 0.045658720 0.041547430 0.041552710 0.031330960 0.022939550 0.033676170 0.043032820 0.013485630 0.009718630 0.039934990 0.039688420 0.046624510 0.023608190 0.028589310 0.027840910 0.005213620 0.054001880 0.023204600 0.011620460 0.003763680 
10     0.028304100 0.041365160 0.044656690 0.076975260 0.065128600 0.051163630 0.060013890 0.054582790 0.030530940 0.030280350 0.025772900 0.030646690 0.011397730 0.000000000 0.000501140 0.017358250 0.029424790 0.008398570 0.038743700 0.018899440 0.054350080 0.042455560 0.018872900 0.072887400 0.068885470 0.036592220 0.063126870 0.003758320 0.060543350 0.052467050 0.057326290 0.028205350 0.064960300 0.047353590 0.054743830 0.046873790 0.057089040 0.056630150 0.045326640 0.041559640 0.008085880 0.001227460 0.017806740 0.047021060 0.005104190 0.012842080 0.004236940 0.005352520 0.055045610 0.012538110 0.042555970 
15     0.023201280 0.047243320 0.051230130 0.038341310 0.067110870 0.004288500 0.076168440 0.001831160 0.025428120 0.025177530 0.007458030 0.017474700 0.001366780 0.000501140 0.000000000 0.024484970 0.029817430 0.012192050 0.049684750 0.030311330 0.050555450 0.021881200 0.020167540 0.075051610 0.081647310 0.036984860 0.063519510 0.079056590 0.080495760 0.060546900 0.072840280 0.067485030 0.072612090 0.067370140 0.056405350 0.051602880 0.084946930 0.060423630 0.045719280 0.041952280 0.011879360 0.005020940 0.021600220 0.045664140 0.008897670 0.016635560 0.008030420 0.005487850 0.009511480 0.016331590 0.042948610 
48     0.012736000 0.003179920 0.012742110 0.049298030 0.044606440 0.024370500 0.009067710 0.021500580 0.029618380 0.024024420 0.023732380 0.044365700 0.002835280 0.017358250 0.024484970 0.000000000 0.003113150 0.004120660 0.007125110 0.021328930 0.051223770 0.011152510 0.028084620 0.025515070 0.037178070 0.005289170 0.011853320 0.028324550 0.025170330 0.016446110 0.014721880 0.017198250 0.035484630 0.039701020 0.008189160 0.010459940 0.027613370 0.016883080 0.013685250 0.009918250 0.014913640 0.021416310 0.034504630 0.014752630 0.006638250 0.009348160 0.016794250 0.025541390 0.010788970 0.011820080 0.010914580 
37     0.006671530 0.017613710 0.021600520 0.038648950 0.020788120 0.012041030 0.013871610 0.014599130 0.032022800 0.026428840 0.021230800 0.043848410 0.004983950 0.029424790 0.029817430 0.003113150 0.000000000 0.009514140 0.028676770 0.007591120 0.033569120 0.013218590 0.035293500 0.037867320 0.041858760 0.006325940 0.025836050 0.034598190 0.037961590 0.015881950 0.025978410 0.027154180 0.026924310 0.020508270 0.019670420 0.018084680 0.049954630 0.053537600 0.009429060 0.012322670 0.020760900 0.030212150 0.025194760 0.030443600 0.018437370 0.015650250 0.002696370 0.006181790 0.025808640 0.014224500 0.013319000 
41     0.018397700 0.014163850 0.012529790 0.082682340 0.065691320 0.002880160 0.024133010 0.030595840 0.053144540 0.048363270 0.052818350 0.051099770 0.029178990 0.008398570 0.012192050 0.004120660 0.009514140 0.000000000 0.005372330 0.004172350 0.057402460 0.006395830 0.051965080 0.054682110 0.029044220 0.012576610 0.046048550 0.036216280 0.036167570 0.021363110 0.015091640 0.029020160 0.016072930 0.064002080 0.049906850 0.058737170 0.029730810 0.020031280 0.008392980 0.052360940 0.015981810 0.009123390 0.025702670 0.006818410 0.013000120 0.013636720 0.012132870 0.013248470 0.014829570 0.009766540 0.000772230 
22     0.061702650 0.044117030 0.077717530 0.078290290 0.018196640 0.060906620 0.016568620 0.034470490 0.018725960 0.034265850 0.024044840 0.040391590 0.061202840 0.038743700 0.049684750 0.007125110 0.028676770 0.005372330 0.000000000 0.002362820 0.011277220 0.028571650 0.032267000 0.051209020 0.032397760 0.064302130 0.069145350 0.003369770 0.023040890 0.028221110 0.034188010 0.017741750 0.025440820 0.025587760 0.026093230 0.026492820 0.007122870 0.013985710 0.041576250 0.055510430 0.027412360 0.031390630 0.058306140 0.029759510 0.033785360 0.027329810 0.038834290 0.050741170 0.063625690 0.027649710 0.035318040 
28     0.011503900 0.032019870 0.010630530 0.029680660 0.003971860 0.020087540 0.010916910 0.020609850 0.030015430 0.052979200 0.025906440 0.026275220 0.012675540 0.018899440 0.030311330 0.021328930 0.007591120 0.004172350 0.002362820 0.000000000 0.017477710 0.003128190 0.009672370 0.013147870 0.015911440 0.016393210 0.006562990 0.040829040 0.008099450 0.006526300 0.004563250 0.021611400 0.036752360 0.039698260 0.018963520 0.040589630 0.026207930 0.038254790 0.048502120 0.014952050 0.027218310 0.024490330 0.037208840 0.039356400 0.026546620 0.014931740 0.026296280 0.060767750 0.049892890 0.046117870 0.001316600 
43     0.070111520 0.034924400 0.020943070 0.002925940 0.059473970 0.065745320 0.064075170 0.056681490 0.081141390 0.063299720 0.068013860 0.052323730 0.039941090 0.054350080 0.050555450 0.051223770 0.033569120 0.057402460 0.011277220 0.017477710 0.000000000 0.002488050 0.007532030 0.009223420 0.000596300 0.004705530 0.002658230 0.063616460 0.029082080 0.018993680 0.021094680 0.010522330 0.063598840 0.039937970 0.052389030 0.003173080 0.040354450 0.036165240 0.042595710 0.024909360 0.050857410 0.053957640 0.058392020 0.049480580 0.033664710 0.033345420 0.040982360 0.029743340 0.016653210 0.017381810 0.019810570 
49     0.022514330 0.024177880 0.028164690 0.045883270 0.027364450 0.034148830 0.004097170 0.053174150 0.039396710 0.033802750 0.035773580 0.030599470 0.012613610 0.042455560 0.021881200 0.011152510 0.013218590 0.006395830 0.028571650 0.003128190 0.002488050 0.000000000 0.008726340 0.005481740 0.001985540 0.007163440 0.012602310 0.056523330 0.048855440 0.063789460 0.064076980 0.023607180 0.041666550 0.048828730 0.031899390 0.032297920 0.064757800 0.020482760 0.016163720 0.019696580 0.032555920 0.032139350 0.056498300 0.036064830 0.038567260 0.037818860 0.008287330 0.071660070 0.026483570 0.021598410 0.011409220 
18     0.040439000 0.001661320 0.045318460 0.003086780 0.076114440 0.060307940 0.065701170 0.018628460 0.072906370 0.067312410 0.069283240 0.015615990 0.046123270 0.018872900 0.020167540 0.028084620 0.035293500 0.051965080 0.032267000 0.009672370 0.007532030 0.008726340 0.000000000 0.001319810 0.010930070 0.001499680 0.008727550 0.039313260 0.019011360 0.041232850 0.053852650 0.026475300 0.021912340 0.050847410 0.030021120 0.025327180 0.060460930 0.036564960 0.043283480 0.040235090 0.012464160 0.010656780 0.020046500 0.047678620 0.038050910 0.037731620 0.041656820 0.024956720 0.039732440 0.003713110 0.046729830 
24     0.054717740 0.040224130 0.053350120 0.011318300 0.083514980 0.065740540 0.055570500 0.060065010 0.047821120 0.066006160 0.067976990 0.022268590 0.044817020 0.072887400 0.075051610 0.025515070 0.037867320 0.054682110 0.051209020 0.013147870 0.009223420 0.005481740 0.001319810 0.000000000 0.003958300 0.009467240 0.019687950 0.063103190 0.042112080 0.017793090 0.050948700 0.026447540 0.052364380 0.055205380 0.040767850 0.054972770 0.052255990 0.034471290 0.041189810 0.049811190 0.014674890 0.056985150 0.014296710 0.037387950 0.032004010 0.026429100 0.002938380 0.040160960 0.057121170 0.053801820 0.052896320 
32     0.051741050 0.024466420 0.067773540 0.031449890 0.071289160 0.058794120 0.047413380 0.041253750 0.041822040 0.038984390 0.030341230 0.013684020 0.050428980 0.068885470 0.081647310 0.037178070 0.041858760 0.029044220 0.032397760 0.015911440 0.000596300 0.001985540 0.010930070 0.003958300 0.000000000 0.009601230 0.007337430 0.017583950 0.004149630 0.079087580 0.055672330 0.011283900 0.008444180 0.008591120 0.009096590 0.009496180 0.022751370 0.058857020 0.001346800 0.018284450 0.034195620 0.034939580 0.065231490 0.027397230 0.024142020 0.034155270 0.015858630 0.062269490 0.057883590 0.059413780 0.058508280 
27     0.016650990 0.009350970 0.022301350 0.051424760 0.048521430 0.011999620 0.016619490 0.005698130 0.033533370 0.006551610 0.029910240 0.015956250 0.006750270 0.036592220 0.036984860 0.005289170 0.006325940 0.012576610 0.064302130 0.016393210 0.004705530 0.007163440 0.001499680 0.009467240 0.009601230 0.000000000 0.006480970 0.038458690 0.011741610 0.044515170 0.029639860 0.031500950 0.039304690 0.024169720 0.023331870 0.005098250 0.039196300 0.050909200 0.012433890 0.013833240 0.014505160 0.014088590 0.058313820 0.020387090 0.031665980 0.031346690 0.024026990 0.065796730 0.027319210 0.015735070 0.008972070 
34     0.020989030 0.033415620 0.040430680 0.048146370 0.072247130 0.054820140 0.001431730 0.063039690 0.050460290 0.031962580 0.013737610 0.020690740 0.033284920 0.063126870 0.063519510 0.011853320 0.025836050 0.046048550 0.069145350 0.006562990 0.002658230 0.012602310 0.008727550 0.019687950 0.007337430 0.006480970 0.000000000 0.021743870 0.026087850 0.074144620 0.031988890 0.038516760 0.042040830 0.020739740 0.026136670 0.023028360 0.070937930 0.030624650 0.020197690 0.040367890 0.036151340 0.035734770 0.094791500 0.058488820 0.043165120 0.040373810 0.046257460 0.092331380 0.053853860 0.034380510 0.041364220 
47     0.061686040 0.053800880 0.079830790 0.070468370 0.019480890 0.044559140 0.012811430 0.042249970 0.056752850 0.050018740 0.055842010 0.057153160 0.045262600 0.003758320 0.079056590 0.028324550 0.034598190 0.036216280 0.003369770 0.040829040 0.063616460 0.056523330 0.039313260 0.063103190 0.017583950 0.038458690 0.021743870 0.000000000 0.005607690 0.004593420 0.017738290 0.023341150 0.020501430 0.020648370 0.021153840 0.020397720 0.021701280 0.023230100 0.059421020 0.012140560 0.057967010 0.061945280 0.039357750 0.029057070 0.032345890 0.032934970 0.027697620 0.044120000 0.072134900 0.042559900 0.042376780 
39     0.050170750 0.062635180 0.066621990 0.094370690 0.050609120 0.044247800 0.007729800 0.067459780 0.043139650 0.070471370 0.065975120 0.032976290 0.023774840 0.060543350 0.080495760 0.025170330 0.037961590 0.036167570 0.023040890 0.008099450 0.029082080 0.048855440 0.019011360 0.042112080 0.004149630 0.011741610 0.026087850 0.005607690 0.000000000 0.001463170 0.008698450 0.010132350 0.007292630 0.007439570 0.007945040 0.008344630 0.015822650 0.017351050 0.060127400 0.036397660 0.071930740 0.057397250 0.032312830 0.029964510 0.044663610 0.044664250 0.014713720 0.089791450 0.069846370 0.058262230 0.038714660 
25     0.072624550 0.085227420 0.087570670 0.085812270 0.039669510 0.051825270 0.038640700 0.060080440 0.064018980 0.038785560 0.070622700 0.064419290 0.049265470 0.052467050 0.060546900 0.016446110 0.015881950 0.021363110 0.028221110 0.006526300 0.018993680 0.063789460 0.041232850 0.017793090 0.079087580 0.044515170 0.074144620 0.004593420 0.001463170 0.000000000 0.000060320 0.034507710 0.035828900 0.024853960 0.014733300 0.019476680 0.027957640 0.012930920 0.028333740 0.052886750 0.036115590 0.034972050 0.031638580 0.036323200 0.039612020 0.040201100 0.034963750 0.045695250 0.079255950 0.035512290 0.050111900 
46     0.049507350 0.090769960 0.078706710 0.096557800 0.041604720 0.052558830 0.037667690 0.019240440 0.064752540 0.084535080 0.071356260 0.065152850 0.047022850 0.057326290 0.072840280 0.014721880 0.025978410 0.015091640 0.034188010 0.004563250 0.021094680 0.064076980 0.053852650 0.050948700 0.055672330 0.029639860 0.031988890 0.017738290 0.008698450 0.000060320 0.000000000 0.030236390 0.017431120 0.017713000 0.016875150 0.015289410 0.052059360 0.014060030 0.027893840 0.054015860 0.030500040 0.018553360 0.035137740 0.037056760 0.040345580 0.040934660 0.035697310 0.039660610 0.080134590 0.036641400 0.041264020 
23     0.031022770 0.041224340 0.035186930 0.044227390 0.058027620 0.021721530 0.034642550 0.021666250 0.050549370 0.054616010 0.065935120 0.060299300 0.045658720 0.028205350 0.067485030 0.017198250 0.027154180 0.029020160 0.017741750 0.021611400 0.010522330 0.023607180 0.026475300 0.026447540 0.011283900 0.031500950 0.038516760 0.023341150 0.010132350 0.034507710 0.030236390 0.000000000 0.003623300 0.003770240 0.004275710 0.004675300 0.017930490 0.047999080 0.056508690 0.052741690 0.049135300 0.046679770 0.004970550 0.032203210 0.022407820 0.020113530 0.030843760 0.039449000 0.061387100 0.031612070 0.053738020 
45     0.052719720 0.023319240 0.050851960 0.089927150 0.062829580 0.048664750 0.039680500 0.048967000 0.055833190 0.064012940 0.065983770 0.057020940 0.041547430 0.064960300 0.072612090 0.035484630 0.026924310 0.016072930 0.025440820 0.036752360 0.063598840 0.041666550 0.021912340 0.052364380 0.008444180 0.039304690 0.042040830 0.020501430 0.007292630 0.035828900 0.017431120 0.003623300 0.000000000 0.000146940 0.000652410 0.001052000 0.004329890 0.038180120 0.002301360 0.049901970 0.066359460 0.070337730 0.078417280 0.034381460 0.049080560 0.049081200 0.036004100 0.016188470 0.050074150 0.051803800 0.043131610 
30     0.044037210 0.019374720 0.015850760 0.002777720 0.055249680 0.058118200 0.039252350 0.068260750 0.034279660 0.064159880 0.050065230 0.020151390 0.041552710 0.047353590 0.067370140 0.039701020 0.020508270 0.064002080 0.025587760 0.039698260 0.039937970 0.048828730 0.050847410 0.055205380 0.008591120 0.024169720 0.020739740 0.020648370 0.007439570 0.024853960 0.017713000 0.003770240 0.000146940 0.000000000 0.000697610 0.000502210 0.007535810 0.012681220 0.015682990 0.050048910 0.065931310 0.051098570 0.018941390 0.001694520 0.024393850 0.020715530 0.016391480 0.051878150 0.051153250 0.051950740 0.008965320 
35     0.043199360 0.042586950 0.045952120 0.053285430 0.061986040 0.029751780 0.052721410 0.058029980 0.036941660 0.064665350 0.054043460 0.013437800 0.031330960 0.054743830 0.056405350 0.008189160 0.019670420 0.049906850 0.026093230 0.018963520 0.052389030 0.031899390 0.030021120 0.040767850 0.009096590 0.023331870 0.026136670 0.021153840 0.007945040 0.014733300 0.016875150 0.004275710 0.000652410 0.000697610 0.000000000 0.001216240 0.010022490 0.006916880 0.008485050 0.050554380 0.018807090 0.014102400 0.037998280 0.024164990 0.038864090 0.038864730 0.025787630 0.052878760 0.052153860 0.052456210 0.016636120 
19     0.041613620 0.041234420 0.042551180 0.029016670 0.070875810 0.032146120 0.049430690 0.048223010 0.030845060 0.065064940 0.059500680 0.038291470 0.022939550 0.046873790 0.051602880 0.010459940 0.018084680 0.058737170 0.026492820 0.040589630 0.003173080 0.032297920 0.025327180 0.054972770 0.009496180 0.005098250 0.023028360 0.020397720 0.008344630 0.019476680 0.015289410 0.004675300 0.001052000 0.000502210 0.001216240 0.000000000 0.008810650 0.008441210 0.000740560 0.050953970 0.048132070 0.054258940 0.075846680 0.022953150 0.019549250 0.013425530 0.011995330 0.048324550 0.050294930 0.052855800 0.010566230 
16     0.061660860 0.070483940 0.048818260 0.090476730 0.053042750 0.015632250 0.028954760 0.034867930 0.017040930 0.034774670 0.023987880 0.067166360 0.033676170 0.057089040 0.084946930 0.027613370 0.049954630 0.029730810 0.007122870 0.026207930 0.040354450 0.064757800 0.060460930 0.052255990 0.022751370 0.039196300 0.070937930 0.021701280 0.015822650 0.027957640 0.052059360 0.017930490 0.004329890 0.007535810 0.010022490 0.008810650 0.000000000 0.035453300 0.026599120 0.045796950 0.056688070 0.061364670 0.001845710 0.026510200 0.041209300 0.041209940 0.018936120 0.031144430 0.059980270 0.066110990 0.023088550 
31     0.055547060 0.045436480 0.068573150 0.064578600 0.074074100 0.008647020 0.009919980 0.033235260 0.019362200 0.051343380 0.052847910 0.009481710 0.043032820 0.056630150 0.060423630 0.016883080 0.053537600 0.020031280 0.013985710 0.038254790 0.036165240 0.020482760 0.036564960 0.034471290 0.058857020 0.050909200 0.030624650 0.023230100 0.017351050 0.012930920 0.014060030 0.047999080 0.038180120 0.012681220 0.006916880 0.008441210 0.035453300 0.000000000 0.003280800 0.006266000 0.023245700 0.010527370 0.006972880 0.040651070 0.006102960 0.004265590 0.018746880 0.013461380 0.020866040 0.019353680 0.036286090 
17     0.023386350 0.027858700 0.013273890 0.017138790 0.047601990 0.035020850 0.009562740 0.019995900 0.041288850 0.035694890 0.025333230 0.018607690 0.013485630 0.045326640 0.045719280 0.013685250 0.009429060 0.008392980 0.041576250 0.048502120 0.042595710 0.016163720 0.043283480 0.041189810 0.001346800 0.012433890 0.020197690 0.059421020 0.060127400 0.028333740 0.027893840 0.056508690 0.002301360 0.015682990 0.008485050 0.000740560 0.026599120 0.003280800 0.000000000 0.003767000 0.016310740 0.027526800 0.025330310 0.015264380 0.015198710 0.013095690 0.013971890 0.055741630 0.017264110 0.005679970 0.012704850 
26     0.019619350 0.001887930 0.028078510 0.057842100 0.051489790 0.031253850 0.033790350 0.069927460 0.037283900 0.018960240 0.008720750 0.020117680 0.009718630 0.041559640 0.041952280 0.009918250 0.012322670 0.052360940 0.055510430 0.014952050 0.024909360 0.019696580 0.040235090 0.049811190 0.018284450 0.013833240 0.040367890 0.012140560 0.036397660 0.052886750 0.054015860 0.052741690 0.049901970 0.050048910 0.050554380 0.050953970 0.045796950 0.006266000 0.003767000 0.000000000 0.000978540 0.027244790 0.026276480 0.018132070 0.018881820 0.018133420 0.010204890 0.051974630 0.013497110 0.001912970 0.017797930 
29     0.018903430 0.021893930 0.033675860 0.107819600 0.032748770 0.029116350 0.027861780 0.004908520 0.043434280 0.022052840 0.022792220 0.019939860 0.039934990 0.008085880 0.011879360 0.014913640 0.020760900 0.015981810 0.027412360 0.027218310 0.050857410 0.032555920 0.012464160 0.014674890 0.034195620 0.014505160 0.036151340 0.057967010 0.071930740 0.036115590 0.030500040 0.049135300 0.066359460 0.065931310 0.018807090 0.048132070 0.056688070 0.023245700 0.016310740 0.000978540 0.000000000 0.000767200 0.001945400 0.046908160 0.003292680 0.004758490 0.011820160 0.011762890 0.053053880 0.020121370 0.037666830 
36     0.010487290 0.020065140 0.040736830 0.039751860 0.026921490 0.020460150 0.017294280 0.028567050 0.024592320 0.024989500 0.029703640 0.030276040 0.039688420 0.001227460 0.005020940 0.021416310 0.030212150 0.009123390 0.031390630 0.024490330 0.053957640 0.032139350 0.010656780 0.056985150 0.034939580 0.014088590 0.035734770 0.061945280 0.057397250 0.034972050 0.018553360 0.046679770 0.070337730 0.051098570 0.014102400 0.054258940 0.061364670 0.010527370 0.027526800 0.027244790 0.000767200 0.000000000 0.000179650 0.041731600 0.005828990 0.003399960 0.004961740 0.006077360 0.043691500 0.013262950 0.049062200 
33     0.034885920 0.054649000 0.066240390 0.044408440 0.039866330 0.085730870 0.044923500 0.032747950 0.073321570 0.029170400 0.033884540 0.034456940 0.046624510 0.017806740 0.021600220 0.034504630 0.025194760 0.025702670 0.058306140 0.037208840 0.058392020 0.056498300 0.020046500 0.014296710 0.065231490 0.058313820 0.094791500 0.039357750 0.032312830 0.031638580 0.035137740 0.004970550 0.078417280 0.018941390 0.037998280 0.075846680 0.001845710 0.006972880 0.025330310 0.026276480 0.001945400 0.000179650 0.000000000 0.055531470 0.022408270 0.030146160 0.021541020 0.022656640 0.039501260 0.029842230 0.029334320 
40     0.031319240 0.018482770 0.046199440 0.075963030 0.000025730 0.027645420 0.039781520 0.019849160 0.003646530 0.050048820 0.047450010 0.044346490 0.023608190 0.047021060 0.045664140 0.014752630 0.030443600 0.006818410 0.029759510 0.039356400 0.049480580 0.036064830 0.047678620 0.037387950 0.027397230 0.020387090 0.058488820 0.029057070 0.029964510 0.036323200 0.037056760 0.032203210 0.034381460 0.001694520 0.024164990 0.022953150 0.026510200 0.040651070 0.015264380 0.018132070 0.046908160 0.041731600 0.055531470 0.000000000 0.000760910 0.000012510 0.002733150 0.049697040 0.011219520 0.017797360 0.012422590 
38     0.014091850 0.042962380 0.046949190 0.048560290 0.066618800 0.026019290 0.043070340 0.025217730 0.010452930 0.029641050 0.005063890 0.035434760 0.028589310 0.005104190 0.008897670 0.006638250 0.018437370 0.013000120 0.033785360 0.026546620 0.033664710 0.038567260 0.038050910 0.032004010 0.024142020 0.031665980 0.043165120 0.032345890 0.044663610 0.039612020 0.040345580 0.022407820 0.049080560 0.024393850 0.038864090 0.019549250 0.041209300 0.006102960 0.015198710 0.018881820 0.003292680 0.005828990 0.022408270 0.000760910 0.000000000 0.000007760 0.000516130 0.009954090 0.011969270 0.017139680 0.013893480 
42     0.024754160 0.042213980 0.046200790 0.073650350 0.054362080 0.028169270 0.043659420 0.025232540 0.007375700 0.030477920 0.005900760 0.036271630 0.027840910 0.012842080 0.016635560 0.009348160 0.015650250 0.013636720 0.027329810 0.014931740 0.033345420 0.037818860 0.037731620 0.026429100 0.034155270 0.031346690 0.040373810 0.032934970 0.044664250 0.040201100 0.040934660 0.020113530 0.049081200 0.020715530 0.038864730 0.013425530 0.041209940 0.004265590 0.013095690 0.018133420 0.004758490 0.003399960 0.030146160 0.000012510 0.000007760 0.000000000 0.000151470 0.017691980 0.011220870 0.017798710 0.012813880 
50     0.010879070 0.029283990 0.017084210 0.050735850 0.014801430 0.011773190 0.038422070 0.005885730 0.016139160 0.025062470 0.022620600 0.040054330 0.005213620 0.004236940 0.008030420 0.016794250 0.002696370 0.012132870 0.038834290 0.026296280 0.040982360 0.008287330 0.041656820 0.002938380 0.015858630 0.024026990 0.046257460 0.027697620 0.014713720 0.034963750 0.035697310 0.030843760 0.036004100 0.016391480 0.025787630 0.011995330 0.018936120 0.018746880 0.013971890 0.010204890 0.011820160 0.004961740 0.021541020 0.002733150 0.000516130 0.000151470 0.000000000 0.009086840 0.003292340 0.009870180 0.023970300 
20     0.016857950 0.050432390 0.080042000 0.109805590 0.059661080 0.031571350 0.020185310 0.045995060 0.017630470 0.043384220 0.044888750 0.012931760 0.054001880 0.005352520 0.005487850 0.025541390 0.006181790 0.013248470 0.050741170 0.060767750 0.029743340 0.071660070 0.024956720 0.040160960 0.062269490 0.065796730 0.092331380 0.044120000 0.089791450 0.045695250 0.039660610 0.039449000 0.016188470 0.051878150 0.052878760 0.048324550 0.031144430 0.013461380 0.055741630 0.051974630 0.011762890 0.006077360 0.022656640 0.049697040 0.009954090 0.017691980 0.009086840 0.000000000 0.001566630 0.017357950 0.069761420 
21     0.032701390 0.024110950 0.041564480 0.071328070 0.064975760 0.030296750 0.055636030 0.029885080 0.010422380 0.014432900 0.019220630 0.017115430 0.023204600 0.055045610 0.009511480 0.010788970 0.025808640 0.014829570 0.063625690 0.049892890 0.016653210 0.026483570 0.039732440 0.057121170 0.057883590 0.027319210 0.053853860 0.072134900 0.069846370 0.079255950 0.080134590 0.061387100 0.050074150 0.051153250 0.052153860 0.050294930 0.059980270 0.020866040 0.017264110 0.013497110 0.053053880 0.043691500 0.039501260 0.011219520 0.011969270 0.011220870 0.003292340 0.001566630 0.000000000 0.012619530 0.031283900 
44     0.021521180 0.007416840 0.029980340 0.059743930 0.053391620 0.033155680 0.061388630 0.026730630 0.035592730 0.033829720 0.032808390 0.023289180 0.011620460 0.012538110 0.016331590 0.011820080 0.014224500 0.009766540 0.027649710 0.046117870 0.017381810 0.021598410 0.003713110 0.053801820 0.059413780 0.015735070 0.034380510 0.042559900 0.058262230 0.035512290 0.036641400 0.031612070 0.051803800 0.051950740 0.052456210 0.052855800 0.066110990 0.019353680 0.005679970 0.001912970 0.020121370 0.013262950 0.029842230 0.017797360 0.017139680 0.017798710 0.009870180 0.017357950 0.012619530 0.000000000 0.006942890 
0     0.003191020 0.025088030 0.029074840 0.058480620 0.018189320 0.014825520 0.032865800 0.005857830 0.027461200 0.021094710 0.034895050 0.031858830 0.003763680 0.042555970 0.042948610 0.010914580 0.013319000 0.000772230 0.035318040 0.001316600 0.019810570 0.011409220 0.046729830 0.052896320 0.058508280 0.008972070 0.041364220 0.042376780 0.038714660 0.050111900 0.041264020 0.053738020 0.043131610 0.008965320 0.016636120 0.010566230 0.023088550 0.036286090 0.012704850 0.017797930 0.037666830 0.049062200 0.029334320 0.012422590 0.013893480 0.012813880 0.023970300 0.069761420 0.031283900 0.006942890 0.000000000 
