51
14     0.000000000 0.047275915 0.049182826 0.047844414 0.045809534 0.045158656 0.045141833 0.049274932 0.049112771 0.058598474 0.050310211 0.048518991 0.039798252 0.048953411 0.049251430 0.055999048 0.049706150 0.052659986 0.052066348 0.050197586 0.053198429 0.052911301 0.052578982 0.053180071 0.054319427 0.054902898 0.047712827 0.048892404 0.047949685 0.051360856 0.052015086 0.051660938 0.069034362 0.068953542 0.070432499 0.070360903 0.061996948 0.063169838 0.064181279 0.064150766 0.063631207 0.063950974 0.055625991 0.056806916 0.056989763 0.058087541 0.059830241 0.060033319 0.061037266 0.060447190 0.125623100 
28     0.047275915 0.000000000 0.034457040 0.033123497 0.037729793 0.036787846 0.036772867 0.042029865 0.041867703 0.051202630 0.042764725 0.040999382 0.043530535 0.052445295 0.052740735 0.059450375 0.053249526 0.056036448 0.055481606 0.053671242 0.056685226 0.056369419 0.056036497 0.056665527 0.057867017 0.058563713 0.051172712 0.052367268 0.051424119 0.055061021 0.055842867 0.055536061 0.072855723 0.072727727 0.074355794 0.074321367 0.066036265 0.067125046 0.068149105 0.068118591 0.067583197 0.067976649 0.059254462 0.060409811 0.060592658 0.061845168 0.063494857 0.063663582 0.064767839 0.064089041 0.129617094 
15     0.049182826 0.034457040 0.000000000 0.016946095 0.039426449 0.038518061 0.038509036 0.043657175 0.043494980 0.052886854 0.043963195 0.042079363 0.045330410 0.054362722 0.054658162 0.061427567 0.055197971 0.057992788 0.057437946 0.055613915 0.058627241 0.058321124 0.057943659 0.058583852 0.059806806 0.060426727 0.053137551 0.054326104 0.053384331 0.056633589 0.057349580 0.057004260 0.074650980 0.074537115 0.076081598 0.076075624 0.067834711 0.068964682 0.069988741 0.069958227 0.069422833 0.069803187 0.060945182 0.062078473 0.062261319 0.063519764 0.065224284 0.065300923 0.066406128 0.065710674 0.131495653 
5     0.047844414 0.033123497 0.016946095 0.000000000 0.038080042 0.037186311 0.037177287 0.042475770 0.042313609 0.051610460 0.042691805 0.040885339 0.044019813 0.053043380 0.053338821 0.060106780 0.053866140 0.056668088 0.056113245 0.054289214 0.057302540 0.056996423 0.056631065 0.057271257 0.058486642 0.059114882 0.051818282 0.052992678 0.052063377 0.055326810 0.056015238 0.055689443 0.073338246 0.073224380 0.074786975 0.074762890 0.066516144 0.067646115 0.068670174 0.068639660 0.068104266 0.068484620 0.059634281 0.060767571 0.060950418 0.062208863 0.063913382 0.063990022 0.065095226 0.064392910 0.130093543 
9     0.045809534 0.037729793 0.039426449 0.038080042 0.000000000 0.027683490 0.027677221 0.040528783 0.040366622 0.049503528 0.041068604 0.039261257 0.041725595 0.050748053 0.051043493 0.057742526 0.051606017 0.054297214 0.053748505 0.051767158 0.054862934 0.054611125 0.054341779 0.054965461 0.056202140 0.056840630 0.049580459 0.050696924 0.049765930 0.053524096 0.054154609 0.053778474 0.071485171 0.071350555 0.072975472 0.072936847 0.064386768 0.065530923 0.066554982 0.066524468 0.065989496 0.066355395 0.057847722 0.058986906 0.059169753 0.060448801 0.062076161 0.062220005 0.063325210 0.062652180 0.128095182 
22     0.045158656 0.036787846 0.038518061 0.037186311 0.027683490 0.000000000 0.006465724 0.039987710 0.039825548 0.048765044 0.040366292 0.038591630 0.041255217 0.050298232 0.050593673 0.057334275 0.051172335 0.053968746 0.053413904 0.051554481 0.054557127 0.054239905 0.053947562 0.054572169 0.055745676 0.056385385 0.049043925 0.050218253 0.049283422 0.052961898 0.053635031 0.053219010 0.071029229 0.070914534 0.072478323 0.072439698 0.063944476 0.065089215 0.066113274 0.066082761 0.065547366 0.065913265 0.057343158 0.058482342 0.058665189 0.059924181 0.061573722 0.061706097 0.062809554 0.062149146 0.127599768 
12     0.045141833 0.036772867 0.038509036 0.037177287 0.027677221 0.006465724 0.000000000 0.039976475 0.039814313 0.048787076 0.040356101 0.038581438 0.041238395 0.050281409 0.050576850 0.057317595 0.051155513 0.053951923 0.053397081 0.051537658 0.054540304 0.054223082 0.053930740 0.054555346 0.055728853 0.056368562 0.049027103 0.050201430 0.049266599 0.052945075 0.053618208 0.053202188 0.071012406 0.070897711 0.072461501 0.072422875 0.063927654 0.065072393 0.066096452 0.066065938 0.065530544 0.065896442 0.057326336 0.058465520 0.058648366 0.059907358 0.061556899 0.061689275 0.062792731 0.062132323 0.127582945 
27     0.049274932 0.042029865 0.043657175 0.042475770 0.040528783 0.039987710 0.039976475 0.000000000 0.006371137 0.051139450 0.044497986 0.042756734 0.045443774 0.054318252 0.054597486 0.061381271 0.055157909 0.057954979 0.057400137 0.055552691 0.058583736 0.058259892 0.057950003 0.058592334 0.059795177 0.060434886 0.053141407 0.054316242 0.053371003 0.056900275 0.057606834 0.057290702 0.074997917 0.074879730 0.076452179 0.076415591 0.067899845 0.068956059 0.069980118 0.069949604 0.069414210 0.069841576 0.061290897 0.062439667 0.062622514 0.063840395 0.065543519 0.065688457 0.066774102 0.066117858 0.131516459 
41     0.049112771 0.041867703 0.043494980 0.042313609 0.040366622 0.039825548 0.039814313 0.006371137 0.000000000 0.050977289 0.044335824 0.042594573 0.045281613 0.054156091 0.054435574 0.061219109 0.054995747 0.057792817 0.057237975 0.055390530 0.058421574 0.058099615 0.057787841 0.058430172 0.059633016 0.060272725 0.052979246 0.054154080 0.053208841 0.056738113 0.057444673 0.057128541 0.074835756 0.074717569 0.076290018 0.076253429 0.067737684 0.068793897 0.069817956 0.069787442 0.069252048 0.069679414 0.061128735 0.062277506 0.062460352 0.063678234 0.065381357 0.065526295 0.066611940 0.065955696 0.131354297 
1     0.058598474 0.051202630 0.052886854 0.051610460 0.049503528 0.048765044 0.048787076 0.051139450 0.050977289 0.000000000 0.053699251 0.051908968 0.054760656 0.063695098 0.063984995 0.070647878 0.064532113 0.067313633 0.066763178 0.064887714 0.067893411 0.067629085 0.067355603 0.067932866 0.069129006 0.069768715 0.062523120 0.063729845 0.062757702 0.066278696 0.066988514 0.066678778 0.084240999 0.084060228 0.085647045 0.085595782 0.077308274 0.078424713 0.079448972 0.079418459 0.078882864 0.079248763 0.070749063 0.071882330 0.072065177 0.073270126 0.074994617 0.074955711 0.076155673 0.075484047 0.140997115 
7     0.050310211 0.042764725 0.043963195 0.042691805 0.041068604 0.040366292 0.040356101 0.044497986 0.044335824 0.053699251 0.000000000 0.026252125 0.046302360 0.055331712 0.055628257 0.062450760 0.056225873 0.058989022 0.058440482 0.056571918 0.059618560 0.059275786 0.058990105 0.059612453 0.060809337 0.061449045 0.054159104 0.055348538 0.054332721 0.057679628 0.058308009 0.058035055 0.075698087 0.075574227 0.077104390 0.077065765 0.068837089 0.070014015 0.071038074 0.071007560 0.070472166 0.070838065 0.061993402 0.063154446 0.063337292 0.064588830 0.066234558 0.066336414 0.067435197 0.066764843 0.132246455 
10     0.048518991 0.040999382 0.042079363 0.040885339 0.039261257 0.038591630 0.038581438 0.042756734 0.042594573 0.051908968 0.026252125 0.000000000 0.044557792 0.053615910 0.053911350 0.060679492 0.054446190 0.057227990 0.056684152 0.054839966 0.057886607 0.057551521 0.057244056 0.057856456 0.059038382 0.059678091 0.052406500 0.053597583 0.052549959 0.055866056 0.056519322 0.056074916 0.073848616 0.073729409 0.075369905 0.075290111 0.066964645 0.068160794 0.069179357 0.069148843 0.068613449 0.068972848 0.060203095 0.061361632 0.061544479 0.062805029 0.064438681 0.064592905 0.065671941 0.065021104 0.130451740 
35     0.039798252 0.043530535 0.045330410 0.044019813 0.041725595 0.041255217 0.041238395 0.045443774 0.045281613 0.054760656 0.046302360 0.044557792 0.000000000 0.044781792 0.045079971 0.051917643 0.045612205 0.048560943 0.048004028 0.046117893 0.049165902 0.048785536 0.048493751 0.049053471 0.050194462 0.050837618 0.043474210 0.044703135 0.043739253 0.047664977 0.048297800 0.047947587 0.065337245 0.065251468 0.066837043 0.066784695 0.058306984 0.059458692 0.060487628 0.060457115 0.059923304 0.060261010 0.051820960 0.052994239 0.053177086 0.054401816 0.056097946 0.056247616 0.057215677 0.056695645 0.121897089 
37     0.048953411 0.052445295 0.054362722 0.053043380 0.050748053 0.050298232 0.050281409 0.054318252 0.054156091 0.063695098 0.055331712 0.053615910 0.044781792 0.000000000 0.007849214 0.048637828 0.042321247 0.045329144 0.044756783 0.042838272 0.045847563 0.045622740 0.045306038 0.045787697 0.047151357 0.047734122 0.042998120 0.044051808 0.043278999 0.053252204 0.053986856 0.053570222 0.071142225 0.071074631 0.072318506 0.072266284 0.064857705 0.066011924 0.067040659 0.067010145 0.066461187 0.066780557 0.057956470 0.059088763 0.059271610 0.060337971 0.062133546 0.062103182 0.063157151 0.062570610 0.127879046 
17     0.049251430 0.052740735 0.054658162 0.053338821 0.051043493 0.050593673 0.050576850 0.054597486 0.054435574 0.063984995 0.055628257 0.053911350 0.045079971 0.007849214 0.000000000 0.048944211 0.042627630 0.045635527 0.045063166 0.043144655 0.046162244 0.045929123 0.045614247 0.046094080 0.047457391 0.048040157 0.043301599 0.044355286 0.043582478 0.053551351 0.054286087 0.053869453 0.071527137 0.071448523 0.072650097 0.072597875 0.065164029 0.066318248 0.067346982 0.067316469 0.066767511 0.067086881 0.058254192 0.059386485 0.059569332 0.060635693 0.062431268 0.062371390 0.063414819 0.062837362 0.128182645 
42     0.055999048 0.059450375 0.061427567 0.060106780 0.057742526 0.057334275 0.057317595 0.061381271 0.061219109 0.070647878 0.062450760 0.060679492 0.051917643 0.048637828 0.048944211 0.000000000 0.039524066 0.042749095 0.042200817 0.040230723 0.043371647 0.043142448 0.042978294 0.043415606 0.050031509 0.050823085 0.049788904 0.051050641 0.050106021 0.060026921 0.060743180 0.060384922 0.078267741 0.078189128 0.079568646 0.079516424 0.071729714 0.072874866 0.073903601 0.073873087 0.073317456 0.073652723 0.064855132 0.065943360 0.066126207 0.067213067 0.068973641 0.068949201 0.070009447 0.069418883 0.134853067 
21     0.049706150 0.053249526 0.055197971 0.053866140 0.051606017 0.051172335 0.051155513 0.055157909 0.054995747 0.064532113 0.056225873 0.054446190 0.045612205 0.042321247 0.042627630 0.039524066 0.000000000 0.035543758 0.034982963 0.032995891 0.036198549 0.035894461 0.035748468 0.036296252 0.043809663 0.044534207 0.043437407 0.044735382 0.043791389 0.053772326 0.054473451 0.054092228 0.071863555 0.071784942 0.073179188 0.073126966 0.065519969 0.066665391 0.067694125 0.067663611 0.067107981 0.067442692 0.058539471 0.059669801 0.059852648 0.060942816 0.062724238 0.062622977 0.063763612 0.063146985 0.128766304 
29     0.052659986 0.056036448 0.057992788 0.056668088 0.054297214 0.053968746 0.053951923 0.057954979 0.057792817 0.067313633 0.058989022 0.057227990 0.048560943 0.045329144 0.045635527 0.042749095 0.035543758 0.000000000 0.011716402 0.020074350 0.023573153 0.023160657 0.036989121 0.037484669 0.046825512 0.047561386 0.046481708 0.047764039 0.046819905 0.056748440 0.057466598 0.057118035 0.074834823 0.074764970 0.076102804 0.076050582 0.068494658 0.069640079 0.070668814 0.070638300 0.070082669 0.070417380 0.061429526 0.062591199 0.062774046 0.063805999 0.065599871 0.065567159 0.066548362 0.066014716 0.131417272 
31     0.052066348 0.055481606 0.057437946 0.056113245 0.053748505 0.053413904 0.053397081 0.057400137 0.057237975 0.066763178 0.058440482 0.056684152 0.048004028 0.044756783 0.045063166 0.042200817 0.034982963 0.011716402 0.000000000 0.019263088 0.023078640 0.022620403 0.036357201 0.036846415 0.046260035 0.046996097 0.045911713 0.047194044 0.046249909 0.056184407 0.056902564 0.056554002 0.074333032 0.074254419 0.075605192 0.075552970 0.067931272 0.069076693 0.070105428 0.070074914 0.069519283 0.069853995 0.060865731 0.062030183 0.062213030 0.063244983 0.065038856 0.065006143 0.065987347 0.065453701 0.130853222 
25     0.050197586 0.053671242 0.055613915 0.054289214 0.051767158 0.051554481 0.051537658 0.055552691 0.055390530 0.064887714 0.056571918 0.054839966 0.046117893 0.042838272 0.043144655 0.040230723 0.032995891 0.020074350 0.019263088 0.000000000 0.012427755 0.017179899 0.034387152 0.034795525 0.044361960 0.045047412 0.043998563 0.045285951 0.044341817 0.054315155 0.055031919 0.054677198 0.072475309 0.072396696 0.073753195 0.073700973 0.065946184 0.067099072 0.068120337 0.068097293 0.067534192 0.067876374 0.059070360 0.060222928 0.060405774 0.061488781 0.063270204 0.063238158 0.064241506 0.063699178 0.129273127 
30     0.053198429 0.056685226 0.058627241 0.057302540 0.054862934 0.054557127 0.054540304 0.058583736 0.058421574 0.067893411 0.059618560 0.057886607 0.049165902 0.045847563 0.046162244 0.043371647 0.036198549 0.023573153 0.023078640 0.012427755 0.000000000 0.020418027 0.037627580 0.038031795 0.047357612 0.048050651 0.047036718 0.048327324 0.047381765 0.057361483 0.058077635 0.057722789 0.075485330 0.075405909 0.076733084 0.076680862 0.068917349 0.070063786 0.071125417 0.071091399 0.070535769 0.070873864 0.062080433 0.063233001 0.063415847 0.064498854 0.066280276 0.066241122 0.067249051 0.066709251 0.132327978 
39     0.052911301 0.056369419 0.058321124 0.056996423 0.054611125 0.054239905 0.054223082 0.058259892 0.058099615 0.067629085 0.059275786 0.057551521 0.048785536 0.045622740 0.045929123 0.043142448 0.035894461 0.023160657 0.022620403 0.017179899 0.020418027 0.000000000 0.037321442 0.037731597 0.047152176 0.047871175 0.046788643 0.048056245 0.047130318 0.057060866 0.057750632 0.057430461 0.075196775 0.075106309 0.076479499 0.076427277 0.068764253 0.069909675 0.070938409 0.070907895 0.070352265 0.070686976 0.061667020 0.062819225 0.063002071 0.064054358 0.065814962 0.065824281 0.066828742 0.066294516 0.131674462 
8     0.052578982 0.056036497 0.057943659 0.056631065 0.054341779 0.053947562 0.053930740 0.057950003 0.057787841 0.067355603 0.058990105 0.057244056 0.048493751 0.045306038 0.045614247 0.042978294 0.035748468 0.036989121 0.036357201 0.034387152 0.037627580 0.037321442 0.000000000 0.024173966 0.046816329 0.047452453 0.046391290 0.047628355 0.046716676 0.056535998 0.057262517 0.056930868 0.074668599 0.074589985 0.075901510 0.075848142 0.068344134 0.069489345 0.070518080 0.070487566 0.069950714 0.070266857 0.061178993 0.062316884 0.062499730 0.063548476 0.065312417 0.065364498 0.066400823 0.065826104 0.131447115 
4     0.053180071 0.056665527 0.058583852 0.057271257 0.054965461 0.054572169 0.054555346 0.058592334 0.058430172 0.067932866 0.059612453 0.057856456 0.049053471 0.045787697 0.046094080 0.043415606 0.036296252 0.037484669 0.036846415 0.034795525 0.038031795 0.037731597 0.024173966 0.000000000 0.047311906 0.047937296 0.047002025 0.048245832 0.047323051 0.057078824 0.057875279 0.057516272 0.075308367 0.075239410 0.076581196 0.076528974 0.068903683 0.070048895 0.071077629 0.071047115 0.070491485 0.070826406 0.061977601 0.063106059 0.063288905 0.064358339 0.066139761 0.066049468 0.067137803 0.066563084 0.132036066 
40     0.054319427 0.057867017 0.059806806 0.058486642 0.056202140 0.055745676 0.055728853 0.059795177 0.059633016 0.069129006 0.060809337 0.059038382 0.050194462 0.047151357 0.047457391 0.050031509 0.043809663 0.046825512 0.046260035 0.044361960 0.047357612 0.047152176 0.046816329 0.047311906 0.000000000 0.018424358 0.048139228 0.049439987 0.048491643 0.058623794 0.059357488 0.058997416 0.076613181 0.076534567 0.077975711 0.077923489 0.070194553 0.071348772 0.072371988 0.072341475 0.071771171 0.072093181 0.063332307 0.064424058 0.064606905 0.065719483 0.067479436 0.067370700 0.068426880 0.067840620 0.133386237 
32     0.054902898 0.058563713 0.060426727 0.059114882 0.056840630 0.056385385 0.056368562 0.060434886 0.060272725 0.069768715 0.061449045 0.059678091 0.050837618 0.047734122 0.048040157 0.050823085 0.044534207 0.047561386 0.046996097 0.045047412 0.048050651 0.047871175 0.047452453 0.047937296 0.018424358 0.000000000 0.048880949 0.050179787 0.049243912 0.059312393 0.059992648 0.059632575 0.077302224 0.077223610 0.078664754 0.078612532 0.070829662 0.071983881 0.073007097 0.072976583 0.072394686 0.072728290 0.064032825 0.065123482 0.065306328 0.066319262 0.068125561 0.067979164 0.069080823 0.068454729 0.134035047 
36     0.047712827 0.051172712 0.053137551 0.051818282 0.049580459 0.049043925 0.049027103 0.053141407 0.052979246 0.062523120 0.054159104 0.052406500 0.043474210 0.042998120 0.043301599 0.049788904 0.043437407 0.046481708 0.045911713 0.043998563 0.047036718 0.046788643 0.046391290 0.047002025 0.048139228 0.048880949 0.000000000 0.020506627 0.019899801 0.051878674 0.052575219 0.052184111 0.069945691 0.069893178 0.071364906 0.071312633 0.063452875 0.064607836 0.065636571 0.065606057 0.065063102 0.065376123 0.056457067 0.057531058 0.057713904 0.058839960 0.060587266 0.060657364 0.061712605 0.061129263 0.126756384 
11     0.048892404 0.052367268 0.054326104 0.052992678 0.050696924 0.050218253 0.050201430 0.054316242 0.054154080 0.063729845 0.055348538 0.053597583 0.044703135 0.044051808 0.044355286 0.051050641 0.044735382 0.047764039 0.047194044 0.045285951 0.048327324 0.048056245 0.047628355 0.048245832 0.049439987 0.050179787 0.020506627 0.000000000 0.021261985 0.053079278 0.053739609 0.053419745 0.071244677 0.071166064 0.072643016 0.072590743 0.064662348 0.065817310 0.066846045 0.066815531 0.066272576 0.066585596 0.057685524 0.058756468 0.058939315 0.060078952 0.061832049 0.061880602 0.062935843 0.062352501 0.127949805 
16     0.047949685 0.051424119 0.053384331 0.052063377 0.049765930 0.049283422 0.049266599 0.053371003 0.053208841 0.062757702 0.054332721 0.052549959 0.043739253 0.043278999 0.043582478 0.050106021 0.043791389 0.046819905 0.046249909 0.044341817 0.047381765 0.047130318 0.046716676 0.047323051 0.048491643 0.049243912 0.019899801 0.021261985 0.000000000 0.052079944 0.052844480 0.052513135 0.070388869 0.070310255 0.071709441 0.071657168 0.063754872 0.064909833 0.065938568 0.065908054 0.065365099 0.065678120 0.056756036 0.057857838 0.058040685 0.059083974 0.060838334 0.060947805 0.062022809 0.061439468 0.126902024 
26     0.051360856 0.055061021 0.056633589 0.055326810 0.053524096 0.052961898 0.052945075 0.056900275 0.056738113 0.066278696 0.057679628 0.055866056 0.047664977 0.053252204 0.053551351 0.060026921 0.053772326 0.056748440 0.056184407 0.054315155 0.057361483 0.057060866 0.056535998 0.057078824 0.058623794 0.059312393 0.051878674 0.053079278 0.052079944 0.000000000 0.041113175 0.040989826 0.072206714 0.072131897 0.073733487 0.073649854 0.065819172 0.066964756 0.067970372 0.067939858 0.067426124 0.067747305 0.058934256 0.060106002 0.060288848 0.061372817 0.063161865 0.062956613 0.064018318 0.063412256 0.128670260 
24     0.052015086 0.055842867 0.057349580 0.056015238 0.054154609 0.053635031 0.053618208 0.057606834 0.057444673 0.066988514 0.058308009 0.056519322 0.048297800 0.053986856 0.054286087 0.060743180 0.054473451 0.057466598 0.056902564 0.055031919 0.058077635 0.057750632 0.057262517 0.057875279 0.059357488 0.059992648 0.052575219 0.053739609 0.052844480 0.041113175 0.000000000 0.037330175 0.072834012 0.072759195 0.074275070 0.074236343 0.066249539 0.067395123 0.068407799 0.068377285 0.067856492 0.068173549 0.059388801 0.060558811 0.060741657 0.061814838 0.063516586 0.063449416 0.064507064 0.063910517 0.129506081 
3     0.051660938 0.055536061 0.057004260 0.055689443 0.053778474 0.053219010 0.053202188 0.057290702 0.057128541 0.066678778 0.058035055 0.056074916 0.047947587 0.053570222 0.053869453 0.060384922 0.054092228 0.057118035 0.056554002 0.054677198 0.057722789 0.057430461 0.056930868 0.057516272 0.058997416 0.059632575 0.052184111 0.053419745 0.052513135 0.040989826 0.037330175 0.000000000 0.072605238 0.072515034 0.074106478 0.074037405 0.066121188 0.067266772 0.068278040 0.068247526 0.067728141 0.068049321 0.059248860 0.060420606 0.060603452 0.061723419 0.063407617 0.063265522 0.064283156 0.063726202 0.129423283 
20     0.069034362 0.072855723 0.074650980 0.073338246 0.071485171 0.071029229 0.071012406 0.074997917 0.074835756 0.084240999 0.075698087 0.073848616 0.065337245 0.071142225 0.071527137 0.078267741 0.071863555 0.074834823 0.074333032 0.072475309 0.075485330 0.075196775 0.074668599 0.075308367 0.076613181 0.077302224 0.069945691 0.071244677 0.070388869 0.072206714 0.072834012 0.072605238 0.000000000 0.018763469 0.057675159 0.057497559 0.082230436 0.083378121 0.084406656 0.084376142 0.083846183 0.084152772 0.075692822 0.076874685 0.077057532 0.077923059 0.079699610 0.079557635 0.080504582 0.079988175 0.145529811 
18     0.068953542 0.072727727 0.074537115 0.073224380 0.071350555 0.070914534 0.070897711 0.074879730 0.074717569 0.084060228 0.075574227 0.073729409 0.065251468 0.071074631 0.071448523 0.078189128 0.071784942 0.074764970 0.074254419 0.072396696 0.075405909 0.075106309 0.074589985 0.075239410 0.076534567 0.077223610 0.069893178 0.071166064 0.070310255 0.072131897 0.072759195 0.072515034 0.018763469 0.000000000 0.057781171 0.057607904 0.082218681 0.083373060 0.084401594 0.084371081 0.083834429 0.084146815 0.075712764 0.076894628 0.077077475 0.077931836 0.079675750 0.079559079 0.080525599 0.079989619 0.145485508 
13     0.070432499 0.074355794 0.076081598 0.074786975 0.072975472 0.072478323 0.072461501 0.076452179 0.076290018 0.085647045 0.077104390 0.075369905 0.066837043 0.072318506 0.072650097 0.079568646 0.073179188 0.076102804 0.075605192 0.073753195 0.076733084 0.076479499 0.075901510 0.076581196 0.077975711 0.078664754 0.071364906 0.072643016 0.071709441 0.073733487 0.074275070 0.074106478 0.057675159 0.057781171 0.000000000 0.010014150 0.083871795 0.085026173 0.086054708 0.086024194 0.085487542 0.085799928 0.077312935 0.078535423 0.078718270 0.079626883 0.081373449 0.081182286 0.082287577 0.081443147 0.146506995 
33     0.070360903 0.074321367 0.076075624 0.074762890 0.072936847 0.072439698 0.072422875 0.076415591 0.076253429 0.085595782 0.077065765 0.075290111 0.066784695 0.072266284 0.072597875 0.079516424 0.073126966 0.076050582 0.075552970 0.073700973 0.076680862 0.076427277 0.075848142 0.076528974 0.077923489 0.078612532 0.071312633 0.072590743 0.071657168 0.073649854 0.074236343 0.074037405 0.057497559 0.057607904 0.010014150 0.000000000 0.083774239 0.084928618 0.085957152 0.085926638 0.085389986 0.085702373 0.077216761 0.078439249 0.078622095 0.079530709 0.081277274 0.081086112 0.082191402 0.081363949 0.146435309 
6     0.061996948 0.066036265 0.067834711 0.066516144 0.064386768 0.063944476 0.063927654 0.067899845 0.067737684 0.077308274 0.068837089 0.066964645 0.058306984 0.064857705 0.065164029 0.071729714 0.065519969 0.068494658 0.067931272 0.065946184 0.068917349 0.068764253 0.068344134 0.068903683 0.070194553 0.070829662 0.063452875 0.064662348 0.063754872 0.065819172 0.066249539 0.066121188 0.082230436 0.082218681 0.083871795 0.083774239 0.000000000 0.014810641 0.016374136 0.016346114 0.016044796 0.015242973 0.067094147 0.068155199 0.068338046 0.069316606 0.071074355 0.070994377 0.072117682 0.071498943 0.136603213 
38     0.063169838 0.067125046 0.068964682 0.067646115 0.065530923 0.065089215 0.065072393 0.068956059 0.068793897 0.078424713 0.070014015 0.068160794 0.059458692 0.066011924 0.066318248 0.072874866 0.066665391 0.069640079 0.069076693 0.067099072 0.070063786 0.069909675 0.069489345 0.070048895 0.071348772 0.071983881 0.064607836 0.065817310 0.064909833 0.066964756 0.067395123 0.067266772 0.083378121 0.083373060 0.085026173 0.084928618 0.014810641 0.000000000 0.012996856 0.013138492 0.012719786 0.015928027 0.068131176 0.069192229 0.069375075 0.070290212 0.072052624 0.072078036 0.073200544 0.072596426 0.137754319 
2     0.064181279 0.068149105 0.069988741 0.068670174 0.066554982 0.066113274 0.066096452 0.069980118 0.069817956 0.079448972 0.071038074 0.069179357 0.060487628 0.067040659 0.067346982 0.073903601 0.067694125 0.070668814 0.070105428 0.068120337 0.071125417 0.070938409 0.070518080 0.071077629 0.072371988 0.073007097 0.065636571 0.066846045 0.065938568 0.067970372 0.068407799 0.068278040 0.084406656 0.084401594 0.086054708 0.085957152 0.016374136 0.012996856 0.000000000 0.007919014 0.012000563 0.017309831 0.069092043 0.070153095 0.070335942 0.071231373 0.073007706 0.073050694 0.074172977 0.073568859 0.138764238 
19     0.064150766 0.068118591 0.069958227 0.068639660 0.066524468 0.066082761 0.066065938 0.069949604 0.069787442 0.079418459 0.071007560 0.069148843 0.060457115 0.067010145 0.067316469 0.073873087 0.067663611 0.070638300 0.070074914 0.068097293 0.071091399 0.070907895 0.070487566 0.071047115 0.072341475 0.072976583 0.065606057 0.066815531 0.065908054 0.067939858 0.068377285 0.068247526 0.084376142 0.084371081 0.086024194 0.085926638 0.016346114 0.013138492 0.007919014 0.000000000 0.012353377 0.017704240 0.069033932 0.070094984 0.070277831 0.071173262 0.072949595 0.072947450 0.074088485 0.073484367 0.138722475 
34     0.063631207 0.067583197 0.069422833 0.068104266 0.065989496 0.065547366 0.065530544 0.069414210 0.069252048 0.078882864 0.070472166 0.068613449 0.059923304 0.066461187 0.066767511 0.073317456 0.067107981 0.070082669 0.069519283 0.067534192 0.070535769 0.070352265 0.069950714 0.070491485 0.071771171 0.072394686 0.065063102 0.066272576 0.065365099 0.067426124 0.067856492 0.067728141 0.083846183 0.083834429 0.085487542 0.085389986 0.016044796 0.012719786 0.012000563 0.012353377 0.000000000 0.016860943 0.068490620 0.069562794 0.069745641 0.070661774 0.072438107 0.072487177 0.073609460 0.073005341 0.138197342 
23     0.063950974 0.067976649 0.069803187 0.068484620 0.066355395 0.065913265 0.065896442 0.069841576 0.069679414 0.079248763 0.070838065 0.068972848 0.060261010 0.066780557 0.067086881 0.073652723 0.067442692 0.070417380 0.069853995 0.067876374 0.070873864 0.070686976 0.070266857 0.070826406 0.072093181 0.072728290 0.065376123 0.066585596 0.065678120 0.067747305 0.068173549 0.068049321 0.084152772 0.084146815 0.085799928 0.085702373 0.015242973 0.015928027 0.017309831 0.017704240 0.016860943 0.000000000 0.068993963 0.070055015 0.070237862 0.071216422 0.072974171 0.072906064 0.074045720 0.073426980 0.138519684 
45     0.055625991 0.059254462 0.060945182 0.059634281 0.057847722 0.057343158 0.057326336 0.061290897 0.061128735 0.070749063 0.061993402 0.060203095 0.051820960 0.057956470 0.058254192 0.064855132 0.058539471 0.061429526 0.060865731 0.059070360 0.062080433 0.061667020 0.061178993 0.061977601 0.063332307 0.064032825 0.056457067 0.057685524 0.056756036 0.058934256 0.059388801 0.059248860 0.075692822 0.075712764 0.077312935 0.077216761 0.067094147 0.068131176 0.069092043 0.069033932 0.068490620 0.068993963 0.000000000 0.017064002 0.017217295 0.037735801 0.039302814 0.049701017 0.050823333 0.050116492 0.129423913 
49     0.056806916 0.060409811 0.062078473 0.060767571 0.058986906 0.058482342 0.058465520 0.062439667 0.062277506 0.071882330 0.063154446 0.061361632 0.052994239 0.059088763 0.059386485 0.065943360 0.059669801 0.062591199 0.062030183 0.060222928 0.063233001 0.062819225 0.062316884 0.063106059 0.064424058 0.065123482 0.057531058 0.058756468 0.057857838 0.060106002 0.060558811 0.060420606 0.076874685 0.076894628 0.078535423 0.078439249 0.068155199 0.069192229 0.070153095 0.070094984 0.069562794 0.070055015 0.017064002 0.000000000 0.006187576 0.038627825 0.040224702 0.050815952 0.051939567 0.051231151 0.130535419 
47     0.056989763 0.060592658 0.062261319 0.060950418 0.059169753 0.058665189 0.058648366 0.062622514 0.062460352 0.072065177 0.063337292 0.061544479 0.053177086 0.059271610 0.059569332 0.066126207 0.059852648 0.062774046 0.062213030 0.060405774 0.063415847 0.063002071 0.062499730 0.063288905 0.064606905 0.065306328 0.057713904 0.058939315 0.058040685 0.060288848 0.060741657 0.060603452 0.077057532 0.077077475 0.078718270 0.078622095 0.068338046 0.069375075 0.070335942 0.070277831 0.069745641 0.070237862 0.017217295 0.006187576 0.000000000 0.038823052 0.040423452 0.050998799 0.052122414 0.051413998 0.130718266 
43     0.058087541 0.061845168 0.063519764 0.062208863 0.060448801 0.059924181 0.059907358 0.063840395 0.063678234 0.073270126 0.064588830 0.062805029 0.054401816 0.060337971 0.060635693 0.067213067 0.060942816 0.063805999 0.063244983 0.061488781 0.064498854 0.064054358 0.063548476 0.064358339 0.065719483 0.066319262 0.058839960 0.060078952 0.059083974 0.061372817 0.061814838 0.061723419 0.077923059 0.077931836 0.079626883 0.079530709 0.069316606 0.070290212 0.071231373 0.071173262 0.070661774 0.071216422 0.037735801 0.038627825 0.038823052 0.000000000 0.022856217 0.051636448 0.052769093 0.051972242 0.131535413 
46     0.059830241 0.063494857 0.065224284 0.063913382 0.062076161 0.061573722 0.061556899 0.065543519 0.065381357 0.074994617 0.066234558 0.064438681 0.056097946 0.062133546 0.062431268 0.068973641 0.062724238 0.065599871 0.065038856 0.063270204 0.066280276 0.065814962 0.065312417 0.066139761 0.067479436 0.068125561 0.060587266 0.061832049 0.060838334 0.063161865 0.063516586 0.063407617 0.079699610 0.079675750 0.081373449 0.081277274 0.071074355 0.072052624 0.073007706 0.072949595 0.072438107 0.072974171 0.039302814 0.040224702 0.040423452 0.022856217 0.000000000 0.053406060 0.054538623 0.053749835 0.133424346 
44     0.060033319 0.063663582 0.065300923 0.063990022 0.062220005 0.061706097 0.061689275 0.065688457 0.065526295 0.074955711 0.066336414 0.064592905 0.056247616 0.062103182 0.062371390 0.068949201 0.062622977 0.065567159 0.065006143 0.063238158 0.066241122 0.065824281 0.065364498 0.066049468 0.067370700 0.067979164 0.060657364 0.061880602 0.060947805 0.062956613 0.063449416 0.063265522 0.079557635 0.079559079 0.081182286 0.081086112 0.070994377 0.072078036 0.073050694 0.072947450 0.072487177 0.072906064 0.049701017 0.050815952 0.050998799 0.051636448 0.053406060 0.000000000 0.023683541 0.023463836 0.133203791 
50     0.061037266 0.064767839 0.066406128 0.065095226 0.063325210 0.062809554 0.062792731 0.066774102 0.066611940 0.076155673 0.067435197 0.065671941 0.057215677 0.063157151 0.063414819 0.070009447 0.063763612 0.066548362 0.065987347 0.064241506 0.067249051 0.066828742 0.066400823 0.067137803 0.068426880 0.069080823 0.061712605 0.062935843 0.062022809 0.064018318 0.064507064 0.064283156 0.080504582 0.080525599 0.082287577 0.082191402 0.072117682 0.073200544 0.074172977 0.074088485 0.073609460 0.074045720 0.050823333 0.051939567 0.052122414 0.052769093 0.054538623 0.023683541 0.000000000 0.022149012 0.134289135 
48     0.060447190 0.064089041 0.065710674 0.064392910 0.062652180 0.062149146 0.062132323 0.066117858 0.065955696 0.075484047 0.066764843 0.065021104 0.056695645 0.062570610 0.062837362 0.069418883 0.063146985 0.066014716 0.065453701 0.063699178 0.066709251 0.066294516 0.065826104 0.066563084 0.067840620 0.068454729 0.061129263 0.062352501 0.061439468 0.063412256 0.063910517 0.063726202 0.079988175 0.079989619 0.081443147 0.081363949 0.071498943 0.072596426 0.073568859 0.073484367 0.073005341 0.073426980 0.050116492 0.051231151 0.051413998 0.051972242 0.053749835 0.023463836 0.022149012 0.000000000 0.133671757 
0     0.125623100 0.129617094 0.131495653 0.130093543 0.128095182 0.127599768 0.127582945 0.131516459 0.131354297 0.140997115 0.132246455 0.130451740 0.121897089 0.127879046 0.128182645 0.134853067 0.128766304 0.131417272 0.130853222 0.129273127 0.132327978 0.131674462 0.131447115 0.132036066 0.133386237 0.134035047 0.126756384 0.127949805 0.126902024 0.128670260 0.129506081 0.129423283 0.145529811 0.145485508 0.146506995 0.146435309 0.136603213 0.137754319 0.138764238 0.138722475 0.138197342 0.138519684 0.129423913 0.130535419 0.130718266 0.131535413 0.133424346 0.133203791 0.134289135 0.133671757 0.000000000 
