51
18     0.000000000 0.640788753 0.822291100 0.964168739 0.884274145 0.896102206 0.898468882 0.865431499 0.933889059 0.941561519 0.984204214 0.958799454 0.808820809 1.242842942 1.276570160 1.228996559 1.247549925 1.154986555 1.013415540 1.105500263 1.100292978 1.703896856 1.690512938 1.133483909 1.069602342 1.063088604 1.031570698 1.253892638 1.275688681 0.743252258 0.974856710 0.925168521 0.864548194 0.852103926 0.921022300 1.043791802 1.060092131 1.063171363 1.059434888 1.061045301 1.051974236 1.064403539 1.062358295 1.062662940 0.981194011 1.125648578 0.941039578 0.894588893 0.932996398 0.822132224 1.735163374 
14     0.640788753 0.000000000 0.770190322 0.912067961 0.832072266 0.843900326 0.846267003 0.813229620 0.881687180 0.889359640 0.932002335 0.906597575 0.756618930 1.190641063 1.224368281 1.176794680 1.195348046 1.102784676 0.961213661 1.053298384 1.048091099 1.651694977 1.638311058 1.081282114 1.017400547 1.010886810 0.979368904 1.201690843 1.223486887 0.691050378 0.922655642 0.872967454 0.812347126 0.799902858 0.868821232 0.991590734 1.007891064 1.010970295 1.007233820 1.008844233 0.999773168 1.012202471 1.010157227 1.010461872 0.928992943 1.073447510 0.888838510 0.842387825 0.880795330 0.769931156 1.683038490 
29     0.822291100 0.770190322 0.000000000 0.394906942 0.510888376 0.522578156 0.524944832 0.494173306 0.562657999 0.570353787 0.612996482 0.587331651 0.437545167 0.863942915 0.897670134 0.850035723 0.868589090 0.776624136 0.633626908 0.725713690 0.720506405 1.327615473 1.316402833 0.755239571 0.692193304 0.685962730 0.654160093 0.876738811 0.898532844 0.451734455 0.723629547 0.673941358 0.611438172 0.598993905 0.667711542 0.790481044 0.806781374 0.809860605 0.806124130 0.807734544 0.798663478 0.811092782 0.809047538 0.809352182 0.727883253 0.872337821 0.687728820 0.643761328 0.682168833 0.571065733 1.497315168 
30     0.964168739 0.912067961 0.394906942 0.000000000 0.652728518 0.664418298 0.666784974 0.635911215 0.704395908 0.712091695 0.754734391 0.729069559 0.579283076 1.005790237 1.039517456 0.991883045 1.010436411 0.918471458 0.775474230 0.867561012 0.862353727 1.469462794 1.458142034 0.897162116 0.834115849 0.827885275 0.796082638 1.018661356 1.040455389 0.593671689 0.865507218 0.815819030 0.753292392 0.740848125 0.809565762 0.932335264 0.948635594 0.951714825 0.947978350 0.949588764 0.940517698 0.952947002 0.950901757 0.951206402 0.869737473 1.014192041 0.829583040 0.785615548 0.824023053 0.712919953 1.639221069 
28     0.884274145 0.832072266 0.510888376 0.652728518 0.000000000 0.131795318 0.133112764 0.466041706 0.534359307 0.542132908 0.584775603 0.559947762 0.411424886 0.856299663 0.890026881 0.842386670 0.860940037 0.765381208 0.622651329 0.714783043 0.709575758 1.311639618 1.297142566 0.803646160 0.740616507 0.734386432 0.702583795 0.923532746 0.945324161 0.506540683 0.787813148 0.738124959 0.675828544 0.663384277 0.731939460 0.854708962 0.871009291 0.874088523 0.870352048 0.871962461 0.862891396 0.875320699 0.873275455 0.873580100 0.792111171 0.936565738 0.751956738 0.705131680 0.743539185 0.632436085 1.555194614 
2     0.896102206 0.843900326 0.522578156 0.664418298 0.131795318 0.000000000 0.034032842 0.477692817 0.545955086 0.553728686 0.596371382 0.571543540 0.423276511 0.867808928 0.901536146 0.853895935 0.872449301 0.776890473 0.634160594 0.726292308 0.721085023 1.323666888 1.309021191 0.815304329 0.752274677 0.746044602 0.714241965 0.935190916 0.956982331 0.518222136 0.799641208 0.749953020 0.687656604 0.675212337 0.743767520 0.866537022 0.882837352 0.885916583 0.882180108 0.883790522 0.874719456 0.887148760 0.885103515 0.885408160 0.803939231 0.948393799 0.763784798 0.716959740 0.755367245 0.644264146 1.567022674 
25     0.898468882 0.846267003 0.524944832 0.666784974 0.133112764 0.034032842 0.000000000 0.480059493 0.548321762 0.556095363 0.598738058 0.573910216 0.425643187 0.870175604 0.903902822 0.856262611 0.874815978 0.779257149 0.636527270 0.728658984 0.723451699 1.326033564 1.311387867 0.817671006 0.754641353 0.748411278 0.716608641 0.937557592 0.959349007 0.520588812 0.802007884 0.752319696 0.690023281 0.677579013 0.746134196 0.868903698 0.885204028 0.888283260 0.884546784 0.886157198 0.877086132 0.889515436 0.887470192 0.887774836 0.806305908 0.950760475 0.766151474 0.719326416 0.757733922 0.646630822 1.569389350 
1     0.865431499 0.813229620 0.494173306 0.635911215 0.466041706 0.477692817 0.480059493 0.000000000 0.210011586 0.218035636 0.262028769 0.238181768 0.281261489 0.829361216 0.863088435 0.815465102 0.834018250 0.739552701 0.597728522 0.689957821 0.684750536 1.295683821 1.280563602 0.785133268 0.722104737 0.715984177 0.684073093 0.904932190 0.926723605 0.486641286 0.768174808 0.718486619 0.656367629 0.643923362 0.712389376 0.835158879 0.851459208 0.854538440 0.850801964 0.852412378 0.843341312 0.855770616 0.853725372 0.854030016 0.772561088 0.917015655 0.732406654 0.685109198 0.723516703 0.612413604 1.535880034 
17     0.933889059 0.881687180 0.562657999 0.704395908 0.534359307 0.545955086 0.548321762 0.210011586 0.000000000 0.066798181 0.176234554 0.155682847 0.349945888 0.897589301 0.931316520 0.883693187 0.902246335 0.807780785 0.665956606 0.758185906 0.752978621 1.363957555 1.348837336 0.853614539 0.790586008 0.784465448 0.752554364 0.973413461 0.995204876 0.555102263 0.836632368 0.786944179 0.724825190 0.712380922 0.780846937 0.903616439 0.919916768 0.922996000 0.919259525 0.920869938 0.911798873 0.924228176 0.922182932 0.922487577 0.841018648 0.985473215 0.800864215 0.753566758 0.791974264 0.680871164 1.604337594 
22     0.941561519 0.889359640 0.570353787 0.712091695 0.542132908 0.553728686 0.556095363 0.218035636 0.066798181 0.000000000 0.186554224 0.167606559 0.357885495 0.905185206 0.938912425 0.891289092 0.909842240 0.815376691 0.673552512 0.765781811 0.760574526 1.371630015 1.356509796 0.861324784 0.798296253 0.792175693 0.760264610 0.981123706 1.002915121 0.562774722 0.844304827 0.794616639 0.732497649 0.720053382 0.788519396 0.911288898 0.927589228 0.930668460 0.926931984 0.928542398 0.919471332 0.931900636 0.929855392 0.930160036 0.848691108 0.993145675 0.808536674 0.761239218 0.799646723 0.688543623 1.612010053 
16     0.984204214 0.932002335 0.612996482 0.754734391 0.584775603 0.596371382 0.598738058 0.262028769 0.176234554 0.186554224 0.000000000 0.177219268 0.400652656 0.947827902 0.981555120 0.933931788 0.952484936 0.858019386 0.716195207 0.808424506 0.803217222 1.414276409 1.399156190 0.903967480 0.840938948 0.834818389 0.802907305 1.023766402 1.045557817 0.605417417 0.886947523 0.837259334 0.775140345 0.762696077 0.831162091 0.953931594 0.970231923 0.973311155 0.969574679 0.971185093 0.962114028 0.974543331 0.972498087 0.972802731 0.891333803 1.035788370 0.851179369 0.803881913 0.842289418 0.731186319 1.654652749 
21     0.958799454 0.906597575 0.587331651 0.729069559 0.559947762 0.571543540 0.573910216 0.238181768 0.155682847 0.167606559 0.177219268 0.000000000 0.374635304 0.922164547 0.955891766 0.908268433 0.926821581 0.832356032 0.690531853 0.782761152 0.777553867 1.388563706 1.374319945 0.879104591 0.816076059 0.809955499 0.778044416 0.998903513 1.020694928 0.580509102 0.861542763 0.811854574 0.749735584 0.737291317 0.805757331 0.928526834 0.944827163 0.947906395 0.944169919 0.945780333 0.936709267 0.949138571 0.947093327 0.947397971 0.865929043 1.010383610 0.825774609 0.778477153 0.816884658 0.705781558 1.629247989 
10     0.808820809 0.756618930 0.437545167 0.579283076 0.411424886 0.423276511 0.425643187 0.281261489 0.349945888 0.357885495 0.400652656 0.374635304 0.000000000 0.771686699 0.805413918 0.757785060 0.776338208 0.682813385 0.540998133 0.633158335 0.627951050 1.238268315 1.223522957 0.728666169 0.665637638 0.659517078 0.627605995 0.848562170 0.870353585 0.431100532 0.710290311 0.660602123 0.598483133 0.586038865 0.654504880 0.777274382 0.793574711 0.796653943 0.792917468 0.794527881 0.785456816 0.797886119 0.795840875 0.796145520 0.714676591 0.859131158 0.674522158 0.627224701 0.665632207 0.554529107 1.479011912 
8     1.242842942 1.190641063 0.863942915 1.005790237 0.856299663 0.867808928 0.870175604 0.829361216 0.897589301 0.905185206 0.947827902 0.922164547 0.771686699 0.000000000 0.257261805 0.420251868 0.437361585 0.903559303 0.765918281 0.858136376 0.852929091 1.649655203 1.636145385 1.159764226 1.096735694 1.090615135 1.058704051 1.279460040 1.301282651 0.866931831 1.140507151 1.090818963 1.030606599 1.018162332 1.085412315 1.208181817 1.224482147 1.227561378 1.223824903 1.225435316 1.216364251 1.228793554 1.226748310 1.227052955 1.145584026 1.290038593 1.105429593 1.057489405 1.095896910 0.984793811 1.914179482 
26     1.276570160 1.224368281 0.897670134 1.039517456 0.890026881 0.901536146 0.903902822 0.863088435 0.931316520 0.938912425 0.981555120 0.955891766 0.805413918 0.257261805 0.000000000 0.469317325 0.475650781 0.937040036 0.799150897 0.891560929 0.886353644 1.683382422 1.669872604 1.193491445 1.130462913 1.124342353 1.092431270 1.313187259 1.335009870 0.900659050 1.174234370 1.124546181 1.064333818 1.051889550 1.119139533 1.241909036 1.258209365 1.261288597 1.257552122 1.259162535 1.250091470 1.262520773 1.260475529 1.260780173 1.179311245 1.323765812 1.139156812 1.091216624 1.129624129 1.018521029 1.947906700 
24     1.228996559 1.176794680 0.850035723 0.991883045 0.842386670 0.853895935 0.856262611 0.815465102 0.883693187 0.891289092 0.933931788 0.908268433 0.757785060 0.420251868 0.469317325 0.000000000 0.315408254 0.888314307 0.750318130 0.842470522 0.837263237 1.635526023 1.622016204 1.145857034 1.082828503 1.076707943 1.044796859 1.265552849 1.287375459 0.853085448 1.126660768 1.076972580 1.016760216 1.004315949 1.071565932 1.194335434 1.210635764 1.213714995 1.209978520 1.211588934 1.202517868 1.214947172 1.212901927 1.213206572 1.131737643 1.276192211 1.091583210 1.043643022 1.082050527 0.970947428 1.900333099 
12     1.247549925 1.195348046 0.868589090 1.010436411 0.860940037 0.872449301 0.874815978 0.834018250 0.902246335 0.909842240 0.952484936 0.926821581 0.776338208 0.437361585 0.475650781 0.315408254 0.000000000 0.906706687 0.768506488 0.860420701 0.855213416 1.654077558 1.640567740 1.164410400 1.101381869 1.095261309 1.063350226 1.284106215 1.305928825 0.871638815 1.145214134 1.095525946 1.035313582 1.022869315 1.090119298 1.212888801 1.229189130 1.232268362 1.228531886 1.230142300 1.221071234 1.233500538 1.231455294 1.231759938 1.150291010 1.294745577 1.110136576 1.062196388 1.100603894 0.989500794 1.918886465 
15     1.154986555 1.102784676 0.776624136 0.918471458 0.765381208 0.776890473 0.779257149 0.739552701 0.807780785 0.815376691 0.858019386 0.832356032 0.682813385 0.903559303 0.937040036 0.888314307 0.906706687 0.000000000 0.593431938 0.684362871 0.679113903 1.562837126 1.548089238 1.071228289 1.008199757 1.002078129 0.970167045 1.190923035 1.212745645 0.777866888 1.053309194 1.003621006 0.943408642 0.930964375 0.998214358 1.120983860 1.137284190 1.140363421 1.136626946 1.138237360 1.129166294 1.141595598 1.139550353 1.139854998 1.058386069 1.202840637 1.018231636 0.970832064 1.009239569 0.898136469 1.826302112 
20     1.013415540 0.961213661 0.633626908 0.775474230 0.622651329 0.634160594 0.636527270 0.597728522 0.665956606 0.673552512 0.716195207 0.690531853 0.540998133 0.765918281 0.799150897 0.750318130 0.768506488 0.593431938 0.000000000 0.379503584 0.374321014 1.419361372 1.405727210 0.927783174 0.864754642 0.858633014 0.826721930 1.047477919 1.069300530 0.636404524 0.910291620 0.860603432 0.800391069 0.787946801 0.855196784 0.977966287 0.994266616 0.997345848 0.993609372 0.995219786 0.986148720 0.998578024 0.996532780 0.996837424 0.915368496 1.059823063 0.875214062 0.827771464 0.866178970 0.755075870 1.683780208 
3     1.105500263 1.053298384 0.725713690 0.867561012 0.714783043 0.726292308 0.728658984 0.689957821 0.758185906 0.765781811 0.808424506 0.782761152 0.633158335 0.858136376 0.891560929 0.842470522 0.860420701 0.684362871 0.379503584 0.000000000 0.112026619 1.511345659 1.497711498 1.019858018 0.956829487 0.950707858 0.918796775 1.139552764 1.161375375 0.728489247 1.002376343 0.952688155 0.892475792 0.880031524 0.947281507 1.070051010 1.086351339 1.089430571 1.085694095 1.087304509 1.078233443 1.090662747 1.088617503 1.088922147 1.007453219 1.151907786 0.967298785 0.919856187 0.958263693 0.847160593 1.775864931 
4     1.100292978 1.048091099 0.720506405 0.862353727 0.709575758 0.721085023 0.723451699 0.684750536 0.752978621 0.760574526 0.803217222 0.777553867 0.627951050 0.852929091 0.886353644 0.837263237 0.855213416 0.679113903 0.374321014 0.112026619 0.000000000 1.506138374 1.492504213 1.014650733 0.951622202 0.945500573 0.913589490 1.134345479 1.156168090 0.723281962 0.997169058 0.947480870 0.887268507 0.874824239 0.942074222 1.064843725 1.081144054 1.084223286 1.080486810 1.082097224 1.073026158 1.085455462 1.083410218 1.083714862 1.002245934 1.146700501 0.962091500 0.914648902 0.953056408 0.841953308 1.770657646 
13     1.703896856 1.651694977 1.327615473 1.469462794 1.311639618 1.323666888 1.326033564 1.295683821 1.363957555 1.371630015 1.414276409 1.388563706 1.238268315 1.649655203 1.683382422 1.635526023 1.654077558 1.562837126 1.419361372 1.511345659 1.506138374 0.000000000 1.951780630 1.618048942 1.555019289 1.548789214 1.516986577 1.737672684 1.759486230 1.327795727 1.603851967 1.554163778 1.493516575 1.481072307 1.548155704 1.670925206 1.687225536 1.690304768 1.686568292 1.688178706 1.679107640 1.691536944 1.689491700 1.689796344 1.608327416 1.752781983 1.568172982 1.520378425 1.558785930 1.447682831 2.374173360 
5     1.690512938 1.638311058 1.316402833 1.458142034 1.297142566 1.309021191 1.311387867 1.280563602 1.348837336 1.356509796 1.399156190 1.374319945 1.223522957 1.636145385 1.669872604 1.622016204 1.640567740 1.548089238 1.405727210 1.497711498 1.492504213 1.951780630 0.000000000 1.604114946 1.541086414 1.534856339 1.503053702 1.723659563 1.745473109 1.312649072 1.590924782 1.541236593 1.480589390 1.468145122 1.535228519 1.657998021 1.674298351 1.677377582 1.673641107 1.675251521 1.666180455 1.678609759 1.676564514 1.676869159 1.595400230 1.739854798 1.555245797 1.507473424 1.545880930 1.434777830 2.360971347 
19     1.133483909 1.081282114 0.755239571 0.897162116 0.803646160 0.815304329 0.817671006 0.785133268 0.853614539 0.861324784 0.903967480 0.879104591 0.728666169 1.159764226 1.193491445 1.145857034 1.164410400 1.071228289 0.927783174 1.019858018 1.014650733 1.618048942 1.604114946 0.000000000 0.204092824 0.232381214 0.199976586 0.671434082 0.692844467 0.754052788 1.028416576 0.978728387 0.916010205 0.903565937 0.972281048 1.095050550 1.111350880 1.114430111 1.110693636 1.112304049 1.103232984 1.115662287 1.113617043 1.113921688 1.032452759 1.176907326 0.992298326 0.947643031 0.986050537 0.874947437 1.804444633 
23     1.069602342 1.017400547 0.692193304 0.834115849 0.740616507 0.752274677 0.754641353 0.722104737 0.790586008 0.798296253 0.840938948 0.816076059 0.665637638 1.096735694 1.130462913 1.082828503 1.101381869 1.008199757 0.864754642 0.956829487 0.951622202 1.555019289 1.541086414 0.204092824 0.000000000 0.166829879 0.135728784 0.608612685 0.630023071 0.690909182 0.964357739 0.914669550 0.851951368 0.839507100 0.908222211 1.030991713 1.047292043 1.050371274 1.046634799 1.048245213 1.039174147 1.051603451 1.049558206 1.049862851 0.968393922 1.112848490 0.928239489 0.883584195 0.921991700 0.810888600 1.740604784 
11     1.063088604 1.010886810 0.685962730 0.827885275 0.734386432 0.746044602 0.748411278 0.715984177 0.784465448 0.792175693 0.834818389 0.809955499 0.659517078 1.090615135 1.124342353 1.076707943 1.095261309 1.002078129 0.858633014 0.950707858 0.945500573 1.548789214 1.534856339 0.232381214 0.166829879 0.000000000 0.083485132 0.603214962 0.624686786 0.684788198 0.958128732 0.908440544 0.845722361 0.833278094 0.901993205 1.024762707 1.041063036 1.044142268 1.040405793 1.042016206 1.032945141 1.045374444 1.043329200 1.043633845 0.962164916 1.106619483 0.922010483 0.877355188 0.915762694 0.804659594 1.734208158 
7     1.031570698 0.979368904 0.654160093 0.796082638 0.702583795 0.714241965 0.716608641 0.684073093 0.752554364 0.760264610 0.802907305 0.778044416 0.627605995 1.058704051 1.092431270 1.044796859 1.063350226 0.970167045 0.826721930 0.918796775 0.913589490 1.516986577 1.503053702 0.199976586 0.135728784 0.083485132 0.000000000 0.570198910 0.591609296 0.652877539 0.926326095 0.876637907 0.813919724 0.801475457 0.870190568 0.992960070 1.009260399 1.012339631 1.008603156 1.010213569 1.001142504 1.013571807 1.011526563 1.011831208 0.930362279 1.074816846 0.890207846 0.845552551 0.883960057 0.772856957 1.702573141 
9     1.253892638 1.201690843 0.876738811 1.018661356 0.923532746 0.935190916 0.937557592 0.904932190 0.973413461 0.981123706 1.023766402 0.998903513 0.848562170 1.279460040 1.313187259 1.265552849 1.284106215 1.190923035 1.047477919 1.139552764 1.134345479 1.737672684 1.723659563 0.671434082 0.608612685 0.603214962 0.570198910 0.000000000 0.314394254 0.874998473 1.147351754 1.097663565 1.034945383 1.022501116 1.091216226 1.213985729 1.230286058 1.233365290 1.229628814 1.231239228 1.222168162 1.234597466 1.232552222 1.232856866 1.151387938 1.295842505 1.111233504 1.066840652 1.105248157 0.994145057 1.923954439 
6     1.275688681 1.223486887 0.898532844 1.040455389 0.945324161 0.956982331 0.959349007 0.926723605 0.995204876 1.002915121 1.045557817 1.020694928 0.870353585 1.301282651 1.335009870 1.287375459 1.305928825 1.212745645 1.069300530 1.161375375 1.156168090 1.759486230 1.745473109 0.692844467 0.630023071 0.624686786 0.591609296 0.314394254 0.000000000 0.896783758 1.169137039 1.119448850 1.056730668 1.044286401 1.113001511 1.235771014 1.252071343 1.255150575 1.251414099 1.253024513 1.243953447 1.256382751 1.254337507 1.254642151 1.173173223 1.317627790 1.133018789 1.088625937 1.127033442 1.015930342 1.945739724 
27     0.743252258 0.691050378 0.451734455 0.593671689 0.506540683 0.518222136 0.520588812 0.486641286 0.555102263 0.562774722 0.605417417 0.580509102 0.431100532 0.866931831 0.900659050 0.853085448 0.871638815 0.777866888 0.636404524 0.728489247 0.723281962 1.327795727 1.312649072 0.754052788 0.690909182 0.684788198 0.652877539 0.874998473 0.896783758 0.000000000 0.653592632 0.603904444 0.543418366 0.530974099 0.599689208 0.722458711 0.738759040 0.741838272 0.738101796 0.739712210 0.730641145 0.743070448 0.741025204 0.741329848 0.659860920 0.804315487 0.619811045 0.574118062 0.612525567 0.501422468 1.420714643 
43     0.974856710 0.922655642 0.723629547 0.865507218 0.787813148 0.799641208 0.802007884 0.768174808 0.836632368 0.844304827 0.886947523 0.861542763 0.710290311 1.140507151 1.174234370 1.126660768 1.145214134 1.053309194 0.910291620 1.002376343 0.997169058 1.603851967 1.590924782 1.028416576 0.964357739 0.958128732 0.926326095 1.147351754 1.169137039 0.653592632 0.000000000 0.127201171 0.485696468 0.473251762 0.540877998 0.662736469 0.679704559 0.683010102 0.679366596 0.680544598 0.671108900 0.684504834 0.682641224 0.682892459 0.600541741 0.745104771 0.560129684 0.638354004 0.676760680 0.565420917 1.622425055 
48     0.925168521 0.872967454 0.673941358 0.815819030 0.738124959 0.749953020 0.752319696 0.718486619 0.786944179 0.794616639 0.837259334 0.811854574 0.660602123 1.090818963 1.124546181 1.076972580 1.095525946 1.003621006 0.860603432 0.952688155 0.947480870 1.554163778 1.541236593 0.978728387 0.914669550 0.908440544 0.876637907 1.097663565 1.119448850 0.603904444 0.127201171 0.000000000 0.435912136 0.423467430 0.490762330 0.612719592 0.629562183 0.632993226 0.629349719 0.630527721 0.621092023 0.634487958 0.632624347 0.632875582 0.550524865 0.695087894 0.509960922 0.588663179 0.627069855 0.515730092 1.572736867 
45     0.864548194 0.812347126 0.611438172 0.753292392 0.675828544 0.687656604 0.690023281 0.656367629 0.724825190 0.732497649 0.775140345 0.749735584 0.598483133 1.030606599 1.064333818 1.016760216 1.035313582 0.943408642 0.800391069 0.892475792 0.887268507 1.493516575 1.480589390 0.916010205 0.851951368 0.845722361 0.813919724 1.034945383 1.056730668 0.543418366 0.485696468 0.435912136 0.000000000 0.059403781 0.381068651 0.502857246 0.520308073 0.522714998 0.518837541 0.520506519 0.511102036 0.523341673 0.521441215 0.521663127 0.441432693 0.585836407 0.399486491 0.526676406 0.565084950 0.453743318 1.511939949 
35     0.852103926 0.799902858 0.598993905 0.740848125 0.663384277 0.675212337 0.677579013 0.643923362 0.712380922 0.720053382 0.762696077 0.737291317 0.586038865 1.018162332 1.051889550 1.004315949 1.022869315 0.930964375 0.787946801 0.880031524 0.874824239 1.481072307 1.468145122 0.903565937 0.839507100 0.833278094 0.801475457 1.022501116 1.044286401 0.530974099 0.473251762 0.423467430 0.059403781 0.000000000 0.368927122 0.490715717 0.508166544 0.510573468 0.506696012 0.508364990 0.498960507 0.511200144 0.509299686 0.509521597 0.429291164 0.573694878 0.387344961 0.514232138 0.552640682 0.441299051 1.499495682 
34     0.921022300 0.868821232 0.667711542 0.809565762 0.731939460 0.743767520 0.746134196 0.712389376 0.780846937 0.788519396 0.831162091 0.805757331 0.654504880 1.085412315 1.119139533 1.071565932 1.090119298 0.998214358 0.855196784 0.947281507 0.942074222 1.548155704 1.535228519 0.972281048 0.908222211 0.901993205 0.870190568 1.091216226 1.113001511 0.599689208 0.540877998 0.490762330 0.381068651 0.368927122 0.000000000 0.203767913 0.217867077 0.225102610 0.222923948 0.221942683 0.325709004 0.338591832 0.337014763 0.337924704 0.251770059 0.396669283 0.225493784 0.581474715 0.619881391 0.508541627 1.567749020 
41     1.043791802 0.991590734 0.790481044 0.932335264 0.854708962 0.866537022 0.868903698 0.835158879 0.903616439 0.911288898 0.953931594 0.928526834 0.777274382 1.208181817 1.241909036 1.194335434 1.212888801 1.120983860 0.977966287 1.070051010 1.064843725 1.670925206 1.657998021 1.095050550 1.030991713 1.024762707 0.992960070 1.213985729 1.235771014 0.722458711 0.662736469 0.612719592 0.502857246 0.490715717 0.203767913 0.000000000 0.182455941 0.185926195 0.183710826 0.181698914 0.454245914 0.468484936 0.466995517 0.467539049 0.384836467 0.528176060 0.351572947 0.704325239 0.742731915 0.631392151 1.690518522 
39     1.060092131 1.007891064 0.806781374 0.948635594 0.871009291 0.882837352 0.885204028 0.851459208 0.919916768 0.927589228 0.970231923 0.944827163 0.793574711 1.224482147 1.258209365 1.210635764 1.229189130 1.137284190 0.994266616 1.086351339 1.081144054 1.687225536 1.674298351 1.111350880 1.047292043 1.041063036 1.009260399 1.230286058 1.252071343 0.738759040 0.679704559 0.629562183 0.520308073 0.508166544 0.217867077 0.182455941 0.000000000 0.181305464 0.188282674 0.188173327 0.465712173 0.479739224 0.478257049 0.479184171 0.397990798 0.542319844 0.363124902 0.720620162 0.759026838 0.647687074 1.706818852 
33     1.063171363 1.010970295 0.809860605 0.951714825 0.874088523 0.885916583 0.888283260 0.854538440 0.922996000 0.930668460 0.973311155 0.947906395 0.796653943 1.227561378 1.261288597 1.213714995 1.232268362 1.140363421 0.997345848 1.089430571 1.084223286 1.690304768 1.677377582 1.114430111 1.050371274 1.044142268 1.012339631 1.233365290 1.255150575 0.741838272 0.683010102 0.632993226 0.522714998 0.510573468 0.225102610 0.185926195 0.181305464 0.000000000 0.111282340 0.133618933 0.475279712 0.489825858 0.488336439 0.488879971 0.405206067 0.549080592 0.367705846 0.723699899 0.762106575 0.650766811 1.709898083 
37     1.059434888 1.007233820 0.806124130 0.947978350 0.870352048 0.882180108 0.884546784 0.850801964 0.919259525 0.926931984 0.969574679 0.944169919 0.792917468 1.223824903 1.257552122 1.209978520 1.228531886 1.136626946 0.993609372 1.085694095 1.080486810 1.686568292 1.673641107 1.110693636 1.046634799 1.040405793 1.008603156 1.229628814 1.251414099 0.738101796 0.679366596 0.629349719 0.518837541 0.506696012 0.222923948 0.183710826 0.188282674 0.111282340 0.000000000 0.129377110 0.472365688 0.486929147 0.485439728 0.485983261 0.401637912 0.545431078 0.364536867 0.719963423 0.758370099 0.647030336 1.706161608 
31     1.061045301 1.008844233 0.807734544 0.949588764 0.871962461 0.883790522 0.886157198 0.852412378 0.920869938 0.928542398 0.971185093 0.945780333 0.794527881 1.225435316 1.259162535 1.211588934 1.230142300 1.138237360 0.995219786 1.087304509 1.082097224 1.688178706 1.675251521 1.112304049 1.048245213 1.042016206 1.010213569 1.231239228 1.253024513 0.739712210 0.680544598 0.630527721 0.520506519 0.508364990 0.221942683 0.181698914 0.188173327 0.133618933 0.129377110 0.000000000 0.472301783 0.487356055 0.485829179 0.486372711 0.401635998 0.545781842 0.365728999 0.721578738 0.759985414 0.648645651 1.707772022 
50     1.051974236 0.999773168 0.798663478 0.940517698 0.862891396 0.874719456 0.877086132 0.843341312 0.911798873 0.919471332 0.962114028 0.936709267 0.785456816 1.216364251 1.250091470 1.202517868 1.221071234 1.129166294 0.986148720 1.078233443 1.073026158 1.679107640 1.666180455 1.103232984 1.039174147 1.032945141 1.001142504 1.222168162 1.243953447 0.730641145 0.671108900 0.621092023 0.511102036 0.498960507 0.325709004 0.454245914 0.465712173 0.475279712 0.472365688 0.472301783 0.000000000 0.276096580 0.276870253 0.277263724 0.209128867 0.359024467 0.363907777 0.712582674 0.750991218 0.639649587 1.698700956 
49     1.064403539 1.012202471 0.811092782 0.952947002 0.875320699 0.887148760 0.889515436 0.855770616 0.924228176 0.931900636 0.974543331 0.949138571 0.797886119 1.228793554 1.262520773 1.214947172 1.233500538 1.141595598 0.998578024 1.090662747 1.085455462 1.691536944 1.678609759 1.115662287 1.051603451 1.045374444 1.013571807 1.234597466 1.256382751 0.743070448 0.684504834 0.634487958 0.523341673 0.511200144 0.338591832 0.468484936 0.479739224 0.489825858 0.486929147 0.487356055 0.276096580 0.000000000 0.073128988 0.069416520 0.223773564 0.367088298 0.380470395 0.724928686 0.763337230 0.651995599 1.711130260 
47     1.062358295 1.010157227 0.809047538 0.950901757 0.873275455 0.885103515 0.887470192 0.853725372 0.922182932 0.929855392 0.972498087 0.947093327 0.795840875 1.226748310 1.260475529 1.212901927 1.231455294 1.139550353 0.996532780 1.088617503 1.083410218 1.689491700 1.676564514 1.113617043 1.049558206 1.043329200 1.011526563 1.232552222 1.254337507 0.741025204 0.682641224 0.632624347 0.521441215 0.509299686 0.337014763 0.466995517 0.478257049 0.488336439 0.485439728 0.485829179 0.276870253 0.073128988 0.000000000 0.061736011 0.222215530 0.369237050 0.379593726 0.722885788 0.761294332 0.649952701 1.709085015 
40     1.062662940 1.010461872 0.809352182 0.951206402 0.873580100 0.885408160 0.887774836 0.854030016 0.922487577 0.930160036 0.972802731 0.947397971 0.796145520 1.227052955 1.260780173 1.213206572 1.231759938 1.139854998 0.996837424 1.088922147 1.083714862 1.689796344 1.676869159 1.113921688 1.049862851 1.043633845 1.011831208 1.232856866 1.254642151 0.741329848 0.682892459 0.632875582 0.521663127 0.509521597 0.337924704 0.467539049 0.479184171 0.488879971 0.485983261 0.486372711 0.277263724 0.069416520 0.061736011 0.000000000 0.223949266 0.369603329 0.380567971 0.723190432 0.761598976 0.650257345 1.709389660 
42     0.981194011 0.928992943 0.727883253 0.869737473 0.792111171 0.803939231 0.806305908 0.772561088 0.841018648 0.848691108 0.891333803 0.865929043 0.714676591 1.145584026 1.179311245 1.131737643 1.150291010 1.058386069 0.915368496 1.007453219 1.002245934 1.608327416 1.595400230 1.032452759 0.968393922 0.962164916 0.930362279 1.151387938 1.173173223 0.659860920 0.600541741 0.550524865 0.441432693 0.429291164 0.251770059 0.384836467 0.397990798 0.405206067 0.401637912 0.401635998 0.209128867 0.223773564 0.222215530 0.223949266 0.000000000 0.247190024 0.295347752 0.641714868 0.680121544 0.568781781 1.627920731 
32     1.125648578 1.073447510 0.872337821 1.014192041 0.936565738 0.948393799 0.950760475 0.917015655 0.985473215 0.993145675 1.035788370 1.010383610 0.859131158 1.290038593 1.323765812 1.276192211 1.294745577 1.202840637 1.059823063 1.151907786 1.146700501 1.752781983 1.739854798 1.176907326 1.112848490 1.106619483 1.074816846 1.295842505 1.317627790 0.804315487 0.745104771 0.695087894 0.585836407 0.573694878 0.396669283 0.528176060 0.542319844 0.549080592 0.545431078 0.545781842 0.359024467 0.367088298 0.369237050 0.369603329 0.247190024 0.000000000 0.443466549 0.786170689 0.824577365 0.713237602 1.772375299 
38     0.941039578 0.888838510 0.687728820 0.829583040 0.751956738 0.763784798 0.766151474 0.732406654 0.800864215 0.808536674 0.851179369 0.825774609 0.674522158 1.105429593 1.139156812 1.091583210 1.110136576 1.018231636 0.875214062 0.967298785 0.962091500 1.568172982 1.555245797 0.992298326 0.928239489 0.922010483 0.890207846 1.111233504 1.133018789 0.619811045 0.560129684 0.509960922 0.399486491 0.387344961 0.225493784 0.351572947 0.363124902 0.367705846 0.364536867 0.365728999 0.363907777 0.380470395 0.379593726 0.380567971 0.295347752 0.443466549 0.000000000 0.601554555 0.639963099 0.528621468 1.588122058 
44     0.894588893 0.842387825 0.643761328 0.785615548 0.705131680 0.716959740 0.719326416 0.685109198 0.753566758 0.761239218 0.803881913 0.778477153 0.627224701 1.057489405 1.091216624 1.043643022 1.062196388 0.970832064 0.827771464 0.919856187 0.914648902 1.520378425 1.507473424 0.947643031 0.883584195 0.877355188 0.845552551 1.066840652 1.088625937 0.574118062 0.638354004 0.588663179 0.526676406 0.514232138 0.581474715 0.704325239 0.720620162 0.723699899 0.719963423 0.721578738 0.712582674 0.724928686 0.722885788 0.723190432 0.641714868 0.786170689 0.601554555 0.000000000 0.195015677 0.256667733 1.540627705 
36     0.932996398 0.880795330 0.682168833 0.824023053 0.743539185 0.755367245 0.757733922 0.723516703 0.791974264 0.799646723 0.842289418 0.816884658 0.665632207 1.095896910 1.129624129 1.082050527 1.100603894 1.009239569 0.866178970 0.958263693 0.953056408 1.558785930 1.545880930 0.986050537 0.921991700 0.915762694 0.883960057 1.105248157 1.127033442 0.612525567 0.676760680 0.627069855 0.565084950 0.552640682 0.619881391 0.742731915 0.759026838 0.762106575 0.758370099 0.759985414 0.750991218 0.763337230 0.761294332 0.761598976 0.680121544 0.824577365 0.639963099 0.195015677 0.000000000 0.295021973 1.579035211 
46     0.822132224 0.769931156 0.571065733 0.712919953 0.632436085 0.644264146 0.646630822 0.612413604 0.680871164 0.688543623 0.731186319 0.705781558 0.554529107 0.984793811 1.018521029 0.970947428 0.989500794 0.898136469 0.755075870 0.847160593 0.841953308 1.447682831 1.434777830 0.874947437 0.810888600 0.804659594 0.772856957 0.994145057 1.015930342 0.501422468 0.565420917 0.515730092 0.453743318 0.441299051 0.508541627 0.631392151 0.647687074 0.650766811 0.647030336 0.648645651 0.639649587 0.651995599 0.649952701 0.650257345 0.568781781 0.713237602 0.528621468 0.256667733 0.295021973 0.000000000 1.468827378 
0     1.735163374 1.683038490 1.497315168 1.639221069 1.555194614 1.567022674 1.569389350 1.535880034 1.604337594 1.612010053 1.654652749 1.629247989 1.479011912 1.914179482 1.947906700 1.900333099 1.918886465 1.826302112 1.683780208 1.775864931 1.770657646 2.374173360 2.360971347 1.804444633 1.740604784 1.734208158 1.702573141 1.923954439 1.945739724 1.420714643 1.622425055 1.572736867 1.511939949 1.499495682 1.567749020 1.690518522 1.706818852 1.709898083 1.706161608 1.707772022 1.698700956 1.711130260 1.709085015 1.709389660 1.627920731 1.772375299 1.588122058 1.540627705 1.579035211 1.468827378 0.000000000 
