51
22     0.000000000 0.029688887 0.075250051 0.059015113 0.057872080 0.081242879 0.194771813 0.206000649 0.207114538 0.202871235 0.202775334 0.204926405 0.203703842 0.204133742 0.215151806 0.220262501 0.222185334 0.206495572 0.221623984 0.221783881 0.235674829 0.241612590 0.244562964 0.235260408 0.225659397 0.222767621 0.209587704 0.246816597 0.232409235 0.242173929 0.228104855 0.254237824 0.255580332 0.224003310 0.254976871 0.245861496 0.262750334 0.261358522 0.253790097 0.255197511 0.254834197 0.265149327 0.257219386 0.278222863 0.277238280 0.247231685 0.284363108 0.269210843 0.266513125 0.273781899 0.387233208 
8     0.029688887 0.000000000 0.070471968 0.054124627 0.053057220 0.075625118 0.189827256 0.201056091 0.202169981 0.197926678 0.197830777 0.199981848 0.198759284 0.199189185 0.210207248 0.215317944 0.217240777 0.201551014 0.216679427 0.216839323 0.230730272 0.236668032 0.239618407 0.230315851 0.220714840 0.217823064 0.204643147 0.241892223 0.227484861 0.237249554 0.223236693 0.249313450 0.250655958 0.219078936 0.250052497 0.240937122 0.257969318 0.256577506 0.249051667 0.250459081 0.250105375 0.260420506 0.252555966 0.273502144 0.272528595 0.242351181 0.279482603 0.264330338 0.261632621 0.268901395 0.382308834 
26     0.075250051 0.070471968 0.000000000 0.059366811 0.059501705 0.093828792 0.207578985 0.218735172 0.219948563 0.215705260 0.215609359 0.217695947 0.216553146 0.216983046 0.228001110 0.233111806 0.235034638 0.219344876 0.234458009 0.234617906 0.248630323 0.254568083 0.257518458 0.248215902 0.238524959 0.235633182 0.222453265 0.259931222 0.245523859 0.255288553 0.241235536 0.267352448 0.268694956 0.237117934 0.268091496 0.258976121 0.276099033 0.274707221 0.267183449 0.268629019 0.268237157 0.278552287 0.270687748 0.291633926 0.290660377 0.260519190 0.297666169 0.282538468 0.279837598 0.287121454 0.400311164 
1     0.059015113 0.054124627 0.059366811 0.000000000 0.018473954 0.077192479 0.191397519 0.202553706 0.203765114 0.199521811 0.199425910 0.201512310 0.200369697 0.200799597 0.211817661 0.216928357 0.218851189 0.203161427 0.218274560 0.218434456 0.232448857 0.238386618 0.241336992 0.232034436 0.222343493 0.219451717 0.206271800 0.243696840 0.229289478 0.239054171 0.225001155 0.251100216 0.252379415 0.220864874 0.251845402 0.242730027 0.259893104 0.258501291 0.250977520 0.252423090 0.252031228 0.262346358 0.254481819 0.275427997 0.274454448 0.244313261 0.281460240 0.266332539 0.263631669 0.270915525 0.384108129 
3     0.057872080 0.053057220 0.059501705 0.018473954 0.000000000 0.078043353 0.191363787 0.202519974 0.203731382 0.199488079 0.199392178 0.201478577 0.200335965 0.200765865 0.211783929 0.216894624 0.218817457 0.203127695 0.218240828 0.218400724 0.232415125 0.238352885 0.241303260 0.232000704 0.222309761 0.219417984 0.206238067 0.243663107 0.229255745 0.239020439 0.224967422 0.251066484 0.252345683 0.220831141 0.251811670 0.242696295 0.259859371 0.258467559 0.250943787 0.252389357 0.251997495 0.262312626 0.254448086 0.275394264 0.274420715 0.244279529 0.281426507 0.266298807 0.263597936 0.270881793 0.384074397 
27     0.081242879 0.075625118 0.093828792 0.077192479 0.078043353 0.000000000 0.212481034 0.223709869 0.224828253 0.220584950 0.220489049 0.222640120 0.221417556 0.221847456 0.232865520 0.237976216 0.239899048 0.224209286 0.239337699 0.239497595 0.253467936 0.259405697 0.262356071 0.253053515 0.243452504 0.240560728 0.227380811 0.264724023 0.250316661 0.260081354 0.246028338 0.272145249 0.273487757 0.241835175 0.272884297 0.263768922 0.280891834 0.279500022 0.271976250 0.273372131 0.273029958 0.283345089 0.275480549 0.296426727 0.295453178 0.265311992 0.302458970 0.287331270 0.284636044 0.291919901 0.405103965 
13     0.194771813 0.189827256 0.207578985 0.191397519 0.191363787 0.212481034 0.000000000 0.081734520 0.110389437 0.105889888 0.105753141 0.108033088 0.106663409 0.107094709 0.118099438 0.123180520 0.125149472 0.109398738 0.124498490 0.124702537 0.169141147 0.175121618 0.178013811 0.168714736 0.159262430 0.156263159 0.143147735 0.194100887 0.179643371 0.189458219 0.175616701 0.201523819 0.202919781 0.171593134 0.202245899 0.193082636 0.209576939 0.208124725 0.200649749 0.202359778 0.201612210 0.211927341 0.204154048 0.224912932 0.223939383 0.193985491 0.231132469 0.216004769 0.213459776 0.220741058 0.334687942 
16     0.206000649 0.201056091 0.218735172 0.202553706 0.202519974 0.223709869 0.081734520 0.000000000 0.121848574 0.117376227 0.117298992 0.119588338 0.118218660 0.118649959 0.129572853 0.134630258 0.136599210 0.121001456 0.135941840 0.136155286 0.180465982 0.186446453 0.189264262 0.179965187 0.170470782 0.167469168 0.154356087 0.205465104 0.191007588 0.200822436 0.186980918 0.212888036 0.214283998 0.182957351 0.213610116 0.204446853 0.220935013 0.219482799 0.212007823 0.213712032 0.212964464 0.223279595 0.215512122 0.236324163 0.235350614 0.205343565 0.242490543 0.227362843 0.224817850 0.232099131 0.346039610 
2     0.207114538 0.202169981 0.219948563 0.203765114 0.203731382 0.224828253 0.110389437 0.121848574 0.000000000 0.053087008 0.053174538 0.056635993 0.055405416 0.056268976 0.068612106 0.073757391 0.075417019 0.060233572 0.089375496 0.089323493 0.181438362 0.187329504 0.190204965 0.180905890 0.171222915 0.168217955 0.155039004 0.205959606 0.191502090 0.201316937 0.187475420 0.213291586 0.214756026 0.183409823 0.214076282 0.204957217 0.221450516 0.219944069 0.212365398 0.214033660 0.213232653 0.223595245 0.215833315 0.236703486 0.235729938 0.205742840 0.242914355 0.227786655 0.225241662 0.232522944 0.347028251 
5     0.202871235 0.197926678 0.215705260 0.199521811 0.199488079 0.220584950 0.105889888 0.117376227 0.053087008 0.000000000 0.019065130 0.038865237 0.037987400 0.038257305 0.063522430 0.069277296 0.071191805 0.054812201 0.084766294 0.084926625 0.177130794 0.183021936 0.185901605 0.176602531 0.166919603 0.163856324 0.150754252 0.201688481 0.187230965 0.197045813 0.183204296 0.209041877 0.210507375 0.179180729 0.209789295 0.200670230 0.217021676 0.215544461 0.208040910 0.209755017 0.209034483 0.219349614 0.211545209 0.232415381 0.231441832 0.201380650 0.238520362 0.223355935 0.220825347 0.228101145 0.342709073 
12     0.202775334 0.197830777 0.215609359 0.199425910 0.199392178 0.220489049 0.105753141 0.117298992 0.053174538 0.019065130 0.000000000 0.038123539 0.037212809 0.037666952 0.062726907 0.068681858 0.070661478 0.054648715 0.084647283 0.084854647 0.177061015 0.182952157 0.185805704 0.176506630 0.166823702 0.163747484 0.150658351 0.201592580 0.187135064 0.196949912 0.183108395 0.208945976 0.210411474 0.179084828 0.209693394 0.200574329 0.216925775 0.215448560 0.207945009 0.209659116 0.208938582 0.219253713 0.211449308 0.232319480 0.231345931 0.201284749 0.238424461 0.223260034 0.220729446 0.228005244 0.342613172 
10     0.204926405 0.199981848 0.217695947 0.201512310 0.201478577 0.222640120 0.108033088 0.119588338 0.056635993 0.038865237 0.038123539 0.000000000 0.033583483 0.032214983 0.065407576 0.071190872 0.073261979 0.057201882 0.087606615 0.087693728 0.179315965 0.185207106 0.188070423 0.178771348 0.169088420 0.166083460 0.152923069 0.203997076 0.189539560 0.199354408 0.185512890 0.211351530 0.212815970 0.181489323 0.212097890 0.202978825 0.219468084 0.217995339 0.210482708 0.212196815 0.211476281 0.221791412 0.213987007 0.234857179 0.233883630 0.203826458 0.240976919 0.225849219 0.223304226 0.230585507 0.344995901 
20     0.203703842 0.198759284 0.216553146 0.200369697 0.200335965 0.221417556 0.106663409 0.118218660 0.055405416 0.037987400 0.037212809 0.033583483 0.000000000 0.023680138 0.063855002 0.069743149 0.071528605 0.055761693 0.086250083 0.086262347 0.177989523 0.183880664 0.186734212 0.177435137 0.167752209 0.164747250 0.151586859 0.202662351 0.188204835 0.198019683 0.184178165 0.210015746 0.211481245 0.180154599 0.210763165 0.201644100 0.218133359 0.216660614 0.209147984 0.210862090 0.210141556 0.220456687 0.212652283 0.233522454 0.232548906 0.202491734 0.239642194 0.224514494 0.221969501 0.229250782 0.343661176 
19     0.204133742 0.199189185 0.216983046 0.200799597 0.200765865 0.221847456 0.107094709 0.118649959 0.056268976 0.038257305 0.037666952 0.032214983 0.023680138 0.000000000 0.064488127 0.070272457 0.072277592 0.056342317 0.086768577 0.086710850 0.178419115 0.184310256 0.187173573 0.177874498 0.168191570 0.165124421 0.152026219 0.203091943 0.188634427 0.198449275 0.184607758 0.210445339 0.211910838 0.180584191 0.211192757 0.202073692 0.218562951 0.217090206 0.209577576 0.211291682 0.210571149 0.220886279 0.213081875 0.233952046 0.232978498 0.202921326 0.240071786 0.224944086 0.222399093 0.229680375 0.344090769 
15     0.215151806 0.210207248 0.228001110 0.211817661 0.211783929 0.232865520 0.118099438 0.129572853 0.068612106 0.063522430 0.062726907 0.065407576 0.063855002 0.064488127 0.000000000 0.071917844 0.072894260 0.057778293 0.097796018 0.097951189 0.189461200 0.195352341 0.198188088 0.188889013 0.179123892 0.176129945 0.162950994 0.214164802 0.199707285 0.209522133 0.195680616 0.221520355 0.222983696 0.191657049 0.222265615 0.213146551 0.229707575 0.228201129 0.220688695 0.222375196 0.221682268 0.231997398 0.224192994 0.245063166 0.244089617 0.214024436 0.251171415 0.236043714 0.233498722 0.240780003 0.355143515 
17     0.220262501 0.215317944 0.233111806 0.216928357 0.216894624 0.237976216 0.123180520 0.134630258 0.073757391 0.069277296 0.068681858 0.071190872 0.069743149 0.070272457 0.071917844 0.000000000 0.038115805 0.058100585 0.102595101 0.102952859 0.194562741 0.200453882 0.203185171 0.193865920 0.184317297 0.181312337 0.168133386 0.219275497 0.204817981 0.214632829 0.200791312 0.226631050 0.228094392 0.196767745 0.227376311 0.218257246 0.234818271 0.233298079 0.225799391 0.227497773 0.226792963 0.237108094 0.229303690 0.250173861 0.249200313 0.219135132 0.256282111 0.241154410 0.238609418 0.245890699 0.360254211 
14     0.222185334 0.217240777 0.235034638 0.218851189 0.218817457 0.239899048 0.125149472 0.136599210 0.075417019 0.071191805 0.070661478 0.073261979 0.071528605 0.072277592 0.072894260 0.038115805 0.000000000 0.059889502 0.104765301 0.105082730 0.196485573 0.202376715 0.205108003 0.195788753 0.186240129 0.183235169 0.170056218 0.221198330 0.206740814 0.216555661 0.202714144 0.228553883 0.230017224 0.198690577 0.229299144 0.220180079 0.236741104 0.235234657 0.227722223 0.229463363 0.228715796 0.239030927 0.231226522 0.252096694 0.251123145 0.221057965 0.258204943 0.243077243 0.240532250 0.247813531 0.362177043 
21     0.206495572 0.201551014 0.219344876 0.203161427 0.203127695 0.224209286 0.109398738 0.121001456 0.060233572 0.054812201 0.054648715 0.057201882 0.055761693 0.056342317 0.057778293 0.058100585 0.059889502 0.000000000 0.089123536 0.089273254 0.180800965 0.186692107 0.189545654 0.180246580 0.170555521 0.167550561 0.154371610 0.205508568 0.191051051 0.200865899 0.187024382 0.212864121 0.214327462 0.183000815 0.213609381 0.204490317 0.221051341 0.219544895 0.212032461 0.213737250 0.213026034 0.223341164 0.215536760 0.236406932 0.235433383 0.205368202 0.242515181 0.227387480 0.224842488 0.232123769 0.346487281 
11     0.221623984 0.216679427 0.234458009 0.218274560 0.218240828 0.239337699 0.124498490 0.135941840 0.089375496 0.084766294 0.084647283 0.087606615 0.086250083 0.086768577 0.097796018 0.102595101 0.104765301 0.089123536 0.000000000 0.038055636 0.195811450 0.201748348 0.204611972 0.195312897 0.185806065 0.182801105 0.169640715 0.220606001 0.206148484 0.215963332 0.202121815 0.227992517 0.229424895 0.198098248 0.228615072 0.219587750 0.236057084 0.234546929 0.227129894 0.228855554 0.228107987 0.238423118 0.230634193 0.251504365 0.250530816 0.220465635 0.257612614 0.242484913 0.239939921 0.247221202 0.361549874 
24     0.221783881 0.216839323 0.234617906 0.218434456 0.218400724 0.239497595 0.124702537 0.136155286 0.089323493 0.084926625 0.084854647 0.087693728 0.086262347 0.086710850 0.097951189 0.102952859 0.105082730 0.089273254 0.038055636 0.000000000 0.195966281 0.201903179 0.204777499 0.195478425 0.185960896 0.182955936 0.169795545 0.220693369 0.206235853 0.216050701 0.202209183 0.228079885 0.229512263 0.198185616 0.228769903 0.219675118 0.236030585 0.234520431 0.227128841 0.228766798 0.228043211 0.238358342 0.230586880 0.251457052 0.250483503 0.220464583 0.257611561 0.242483861 0.239938868 0.247220149 0.361670235 
4     0.235674829 0.230730272 0.248630323 0.232448857 0.232415125 0.253467936 0.169141147 0.180465982 0.181438362 0.177130794 0.177061015 0.179315965 0.177989523 0.178419115 0.189461200 0.194562741 0.196485573 0.180800965 0.195811450 0.195966281 0.000000000 0.087637668 0.206131597 0.196797833 0.188259267 0.185436615 0.172193771 0.234288649 0.219828638 0.229645981 0.215718492 0.241548775 0.243107544 0.211780897 0.242309905 0.233094899 0.249782372 0.248353405 0.240857226 0.242626590 0.241859740 0.252174871 0.244361525 0.265323278 0.264349729 0.234234473 0.271367332 0.256239631 0.253694639 0.260975920 0.375072872 
18     0.241612590 0.236668032 0.254568083 0.238386618 0.238352885 0.259405697 0.175121618 0.186446453 0.187329504 0.183021936 0.182952157 0.185207106 0.183880664 0.184310256 0.195352341 0.200453882 0.202376715 0.186692107 0.201748348 0.201903179 0.087637668 0.000000000 0.212083837 0.202750072 0.194298965 0.191385269 0.178200953 0.240050553 0.225590542 0.235407884 0.221500584 0.247301756 0.248751043 0.217521805 0.248082185 0.238930348 0.255623774 0.254194807 0.246698628 0.248467992 0.247701142 0.258016273 0.250202927 0.271164680 0.270191132 0.240075875 0.277208734 0.262081033 0.259536041 0.266817322 0.381009385 
7     0.244562964 0.239618407 0.257518458 0.241336992 0.241303260 0.262356071 0.178013811 0.189264262 0.190204965 0.185901605 0.185805704 0.188070423 0.186734212 0.187173573 0.198188088 0.203185171 0.205108003 0.189545654 0.204611972 0.204777499 0.206131597 0.212083837 0.000000000 0.056790101 0.195742015 0.192998777 0.179667418 0.242790616 0.228284770 0.238147948 0.224274494 0.250227054 0.251580223 0.220282864 0.250940419 0.241782097 0.258226909 0.256523075 0.249301763 0.250989125 0.250220685 0.260535815 0.252806062 0.273767815 0.272794266 0.242679010 0.279811868 0.264684168 0.262139175 0.269420457 0.383191848 
25     0.235260408 0.230315851 0.248215902 0.232034436 0.232000704 0.253053515 0.168714736 0.179965187 0.180905890 0.176602531 0.176506630 0.178771348 0.177435137 0.177874498 0.188889013 0.193865920 0.195788753 0.180246580 0.195312897 0.195478425 0.196797833 0.202750072 0.056790101 0.000000000 0.186369758 0.183626519 0.170295160 0.233135455 0.218629609 0.228492786 0.214645901 0.240456157 0.241896849 0.210599489 0.241311826 0.232153504 0.248650445 0.246935372 0.239725299 0.241417052 0.240648611 0.250963742 0.243229598 0.264191351 0.263217802 0.233102546 0.270235405 0.255107704 0.252562712 0.259843993 0.373685451 
23     0.225659397 0.220714840 0.238524959 0.222343493 0.222309761 0.243452504 0.159262430 0.170470782 0.171222915 0.166919603 0.166823702 0.169088420 0.167752209 0.168191570 0.179123892 0.184317297 0.186240129 0.170555521 0.185806065 0.185960896 0.188259267 0.194298965 0.195742015 0.186369758 0.000000000 0.073751687 0.060785866 0.224054458 0.209594447 0.219411789 0.205528691 0.231462115 0.232873352 0.201546705 0.232206388 0.223045939 0.239476625 0.238078600 0.230420433 0.232230250 0.231463400 0.241763127 0.233948406 0.254907776 0.253934227 0.223857150 0.260990009 0.245862309 0.243317316 0.250598598 0.365072813 
6     0.222767621 0.217823064 0.235633182 0.219451717 0.219417984 0.240560728 0.156263159 0.167469168 0.168217955 0.163856324 0.163747484 0.166083460 0.164747250 0.165124421 0.176129945 0.181312337 0.183235169 0.167550561 0.182801105 0.182955936 0.185436615 0.191385269 0.192998777 0.183626519 0.073751687 0.000000000 0.051904112 0.221326755 0.206866744 0.216684086 0.202800988 0.228734413 0.230145649 0.198819002 0.229478685 0.220318236 0.236734795 0.235333901 0.227705531 0.229478155 0.228711305 0.239026436 0.231211715 0.252173468 0.251199919 0.221095206 0.258228065 0.243100364 0.240555372 0.247836653 0.362282767 
9     0.209587704 0.204643147 0.222453265 0.206271800 0.206238067 0.227380811 0.143147735 0.154356087 0.155039004 0.150754252 0.150658351 0.152923069 0.151586859 0.152026219 0.162950994 0.168133386 0.170056218 0.154371610 0.169640715 0.169795545 0.172193771 0.178200953 0.179667418 0.170295160 0.060785866 0.051904112 0.000000000 0.208142675 0.193682664 0.203500007 0.189616908 0.215550333 0.216961569 0.185634922 0.216294606 0.207134156 0.223680547 0.222282522 0.214663711 0.216434449 0.215667600 0.225982731 0.218168010 0.239129763 0.238156214 0.208040957 0.245173816 0.230046116 0.227501123 0.234782404 0.349079589 
35     0.246816597 0.241892223 0.259931222 0.243696840 0.243663107 0.264724023 0.194100887 0.205465104 0.205959606 0.201688481 0.201592580 0.203997076 0.202662351 0.203091943 0.214164802 0.219275497 0.221198330 0.205508568 0.220606001 0.220693369 0.234288649 0.240050553 0.242790616 0.233135455 0.224054458 0.221326755 0.208142675 0.000000000 0.064228635 0.097577002 0.086207387 0.133943493 0.135032799 0.103836786 0.136919232 0.127496421 0.208830532 0.207239490 0.199750460 0.201667609 0.200878877 0.211194008 0.203277729 0.224249736 0.223276187 0.192824242 0.229970007 0.214644360 0.212429744 0.219560535 0.344569355 
31     0.232409235 0.227484861 0.245523859 0.229289478 0.229255745 0.250316661 0.179643371 0.191007588 0.191502090 0.187230965 0.187135064 0.189539560 0.188204835 0.188634427 0.199707285 0.204817981 0.206740814 0.191051051 0.206148484 0.206235853 0.219828638 0.225590542 0.228284770 0.218629609 0.209594447 0.206866744 0.193682664 0.064228635 0.000000000 0.082746600 0.072143650 0.119631667 0.120671514 0.089387947 0.122517449 0.113117801 0.194422667 0.192831624 0.185342595 0.187259744 0.186471011 0.196786142 0.188869864 0.209841871 0.208868322 0.178416377 0.215562142 0.200268103 0.198021878 0.205160742 0.330161490 
49     0.242173929 0.237249554 0.255288553 0.239054171 0.239020439 0.260081354 0.189458219 0.200822436 0.201316937 0.197045813 0.196949912 0.199354408 0.198019683 0.198449275 0.209522133 0.214632829 0.216555661 0.200865899 0.215963332 0.216050701 0.229645981 0.235407884 0.238147948 0.228492786 0.219411789 0.216684086 0.203500007 0.097577002 0.082746600 0.000000000 0.082743493 0.129265538 0.130340815 0.099007614 0.132179660 0.122822971 0.204128570 0.202537527 0.195048498 0.196965647 0.196176915 0.206492045 0.198575767 0.219547774 0.218574225 0.188122280 0.225199536 0.209905852 0.207641409 0.214782688 0.339929663 
41     0.228104855 0.223236693 0.241235536 0.225001155 0.224967422 0.246028338 0.175616701 0.186980918 0.187475420 0.183204296 0.183108395 0.185512890 0.184178165 0.184607758 0.195680616 0.200791312 0.202714144 0.187024382 0.202121815 0.202209183 0.215718492 0.221500584 0.224274494 0.214645901 0.205528691 0.202800988 0.189616908 0.086207387 0.072143650 0.082743493 0.000000000 0.115717637 0.116689356 0.085458647 0.118441191 0.109084471 0.190154142 0.188557439 0.181089302 0.182978550 0.182155904 0.192504948 0.184590973 0.205563715 0.204590166 0.174152005 0.211438643 0.196162823 0.193898380 0.201055693 0.326118437 
28     0.254237824 0.249313450 0.267352448 0.251100216 0.251066484 0.272145249 0.201523819 0.212888036 0.213291586 0.209041877 0.208945976 0.211351530 0.210015746 0.210445339 0.221520355 0.226631050 0.228553883 0.212864121 0.227992517 0.228079885 0.241548775 0.247301756 0.250227054 0.240456157 0.231462115 0.228734413 0.215550333 0.133943493 0.119631667 0.129265538 0.115717637 0.000000000 0.125116170 0.093940855 0.143620181 0.134531659 0.215925905 0.214334863 0.206845834 0.208736295 0.207972646 0.218287777 0.210371498 0.231345109 0.230371561 0.199917141 0.237080476 0.221577089 0.219522076 0.226728837 0.351811803 
40     0.255580332 0.250655958 0.268694956 0.252379415 0.252345683 0.273487757 0.202919781 0.214283998 0.214756026 0.210507375 0.210411474 0.212815970 0.211481245 0.211910838 0.222983696 0.228094392 0.230017224 0.214327462 0.229424895 0.229512263 0.243107544 0.248751043 0.251580223 0.241896849 0.232873352 0.230145649 0.216961569 0.135032799 0.120671514 0.130340815 0.116689356 0.125116170 0.000000000 0.089031269 0.144885488 0.135701072 0.217505349 0.215914307 0.208425277 0.210337247 0.209552090 0.219867220 0.211950942 0.232924553 0.231951004 0.201496838 0.238536386 0.223320591 0.221083697 0.228290458 0.353220444 
34     0.224003310 0.219078936 0.237117934 0.220864874 0.220831141 0.241835175 0.171593134 0.182957351 0.183409823 0.179180729 0.179084828 0.181489323 0.180154599 0.180584191 0.191657049 0.196767745 0.198690577 0.183000815 0.198098248 0.198185616 0.211780897 0.217521805 0.220282864 0.210599489 0.201546705 0.198819002 0.185634922 0.103836786 0.089387947 0.099007614 0.085458647 0.093940855 0.089031269 0.000000000 0.113289086 0.104098952 0.186214002 0.184622959 0.177133930 0.179046425 0.178260742 0.188575873 0.180659595 0.201633206 0.200659657 0.170205490 0.207368572 0.192038636 0.189776476 0.196945262 0.321924394 
46     0.254976871 0.250052497 0.268091496 0.251845402 0.251811670 0.272884297 0.202245899 0.213610116 0.214076282 0.209789295 0.209693394 0.212097890 0.210763165 0.211192757 0.222265615 0.227376311 0.229299144 0.213609381 0.228615072 0.228769903 0.242309905 0.248082185 0.250940419 0.241311826 0.232206388 0.229478685 0.216294606 0.136919232 0.122517449 0.132179660 0.118441191 0.143620181 0.144885488 0.113289086 0.000000000 0.102532597 0.216696596 0.215072755 0.207602611 0.209522090 0.208725740 0.219040871 0.211124593 0.232098204 0.231124655 0.200713994 0.237866585 0.222585147 0.220307495 0.227514257 0.352700147 
48     0.245861496 0.240937122 0.258976121 0.242730027 0.242696295 0.263768922 0.193082636 0.204446853 0.204957217 0.200670230 0.200574329 0.202978825 0.201644100 0.202073692 0.213146551 0.218257246 0.220180079 0.204490317 0.219587750 0.219675118 0.233094899 0.238930348 0.241782097 0.232153504 0.223045939 0.220318236 0.207134156 0.127496421 0.113117801 0.122822971 0.109084471 0.134531659 0.135701072 0.104098952 0.102532597 0.000000000 0.207483034 0.205864291 0.198402962 0.200326124 0.199529775 0.209844905 0.201928627 0.222902238 0.221928689 0.191474269 0.228637604 0.213356166 0.211078515 0.218285276 0.342538643 
30     0.262750334 0.257969318 0.276099033 0.259893104 0.259859371 0.280891834 0.209576939 0.220935013 0.221450516 0.217021676 0.216925775 0.219468084 0.218133359 0.218562951 0.229707575 0.234818271 0.236741104 0.221051341 0.236057084 0.236030585 0.249782372 0.255623774 0.258226909 0.248650445 0.239476625 0.236734795 0.223680547 0.208830532 0.194422667 0.204128570 0.190154142 0.215925905 0.217505349 0.186214002 0.216696596 0.207483034 0.000000000 0.077569645 0.119929303 0.123221550 0.121864554 0.132227621 0.124033307 0.144379768 0.143461154 0.119704924 0.155952606 0.141658028 0.138789000 0.146113377 0.359266741 
36     0.261358522 0.256577506 0.274707221 0.258501291 0.258467559 0.279500022 0.208124725 0.219482799 0.219944069 0.215544461 0.215448560 0.217995339 0.216660614 0.217090206 0.228201129 0.233298079 0.235234657 0.219544895 0.234546929 0.234520431 0.248353405 0.254194807 0.256523075 0.246935372 0.238078600 0.235333901 0.222282522 0.207239490 0.192831624 0.202537527 0.188557439 0.214334863 0.215914307 0.184622959 0.215072755 0.205864291 0.077569645 0.000000000 0.119144167 0.122504586 0.121122018 0.131461762 0.123316367 0.143748913 0.142771955 0.118935743 0.155208859 0.140912838 0.138043810 0.145365570 0.357978450 
39     0.253790097 0.249051667 0.267183449 0.250977520 0.250943787 0.271976250 0.200649749 0.212007823 0.212365398 0.208040910 0.207945009 0.210482708 0.209147984 0.209577576 0.220688695 0.225799391 0.227722223 0.212032461 0.227129894 0.227128841 0.240857226 0.246698628 0.249301763 0.239725299 0.230420433 0.227705531 0.214663711 0.199750460 0.185342595 0.195048498 0.181089302 0.206845834 0.208425277 0.177133930 0.207602611 0.198402962 0.119929303 0.119144167 0.000000000 0.091960428 0.090451473 0.100839821 0.091686877 0.112872662 0.111877828 0.110315230 0.147098963 0.132606631 0.129886016 0.137174035 0.350384434 
38     0.255197511 0.250459081 0.268629019 0.252423090 0.252389357 0.273372131 0.202359778 0.213712032 0.214033660 0.209755017 0.209659116 0.212196815 0.210862090 0.211291682 0.222375196 0.227497773 0.229463363 0.213737250 0.228855554 0.228766798 0.242626590 0.248467992 0.250989125 0.241417052 0.232230250 0.229478155 0.216434449 0.201667609 0.187259744 0.196965647 0.182978550 0.208736295 0.210337247 0.179046425 0.209522090 0.200326124 0.123221550 0.122504586 0.091960428 0.000000000 0.065370531 0.075674503 0.086541876 0.108821988 0.107799505 0.112252757 0.149468223 0.134564795 0.131815869 0.139098617 0.352018981 
45     0.254834197 0.250105375 0.268237157 0.252031228 0.251997495 0.273029958 0.201612210 0.212964464 0.213232653 0.209034483 0.208938582 0.211476281 0.210141556 0.210571149 0.221682268 0.226792963 0.228715796 0.213026034 0.228107987 0.228043211 0.241859740 0.247701142 0.250220685 0.240648611 0.231463400 0.228711305 0.215667600 0.200878877 0.186471011 0.196176915 0.182155904 0.207972646 0.209552090 0.178260742 0.208725740 0.199529775 0.121864554 0.121122018 0.090451473 0.065370531 0.000000000 0.053809849 0.084831248 0.106566734 0.105562303 0.111072916 0.148069592 0.133337207 0.130588282 0.137871030 0.351466728 
33     0.265149327 0.260420506 0.278552287 0.262346358 0.262312626 0.283345089 0.211927341 0.223279595 0.223595245 0.219349614 0.219253713 0.221791412 0.220456687 0.220886279 0.231997398 0.237108094 0.239030927 0.223341164 0.238423118 0.238358342 0.252174871 0.258016273 0.260535815 0.250963742 0.241763127 0.239026436 0.225982731 0.211194008 0.196786142 0.206492045 0.192504948 0.218287777 0.219867220 0.188575873 0.219040871 0.209844905 0.132227621 0.131461762 0.100839821 0.075674503 0.053809849 0.000000000 0.094920012 0.116776683 0.115737168 0.121400465 0.158361755 0.143629495 0.140880570 0.148163318 0.361781859 
29     0.257219386 0.252555966 0.270687748 0.254481819 0.254448086 0.275480549 0.204154048 0.215512122 0.215833315 0.211545209 0.211449308 0.213987007 0.212652283 0.213081875 0.224192994 0.229303690 0.231226522 0.215536760 0.230634193 0.230586880 0.244361525 0.250202927 0.252806062 0.243229598 0.233948406 0.231211715 0.218168010 0.203277729 0.188869864 0.198575767 0.184590973 0.210371498 0.211950942 0.180659595 0.211124593 0.201928627 0.124033307 0.123316367 0.091686877 0.086541876 0.084831248 0.094920012 0.000000000 0.098163544 0.097284618 0.113256115 0.150327541 0.135365054 0.132616129 0.139892704 0.353913453 
43     0.278222863 0.273502144 0.291633926 0.275427997 0.275394264 0.296426727 0.224912932 0.236324163 0.236703486 0.232415381 0.232319480 0.234857179 0.233522454 0.233952046 0.245063166 0.250173861 0.252096694 0.236406932 0.251504365 0.251457052 0.265323278 0.271164680 0.273767815 0.264191351 0.254907776 0.252173468 0.239129763 0.224249736 0.209841871 0.219547774 0.205563715 0.231345109 0.232924553 0.201633206 0.232098204 0.222902238 0.144379768 0.143748913 0.112872662 0.108821988 0.106566734 0.116776683 0.098163544 0.000000000 0.038305891 0.134181321 0.171401112 0.156636107 0.153887182 0.161163758 0.374863624 
32     0.277238280 0.272528595 0.290660377 0.274454448 0.274420715 0.295453178 0.223939383 0.235350614 0.235729938 0.231441832 0.231345931 0.233883630 0.232548906 0.232978498 0.244089617 0.249200313 0.251123145 0.235433383 0.250530816 0.250483503 0.264349729 0.270191132 0.272794266 0.263217802 0.253934227 0.251199919 0.238156214 0.223276187 0.208868322 0.218574225 0.204590166 0.230371561 0.231951004 0.200659657 0.231124655 0.221928689 0.143461154 0.142771955 0.111877828 0.107799505 0.105562303 0.115737168 0.097284618 0.038305891 0.000000000 0.133242790 0.170439086 0.155667943 0.152919017 0.160195593 0.373890075 
47     0.247231685 0.242351181 0.260519190 0.244313261 0.244279529 0.265311992 0.193985491 0.205343565 0.205742840 0.201380650 0.201284749 0.203826458 0.202491734 0.202921326 0.214024436 0.219135132 0.221057965 0.205368202 0.220465635 0.220464583 0.234234473 0.240075875 0.242679010 0.233102546 0.223857150 0.221095206 0.208040957 0.192824242 0.178416377 0.188122280 0.174152005 0.199917141 0.201496838 0.170205490 0.200713994 0.191474269 0.119704924 0.118935743 0.110315230 0.112252757 0.111072916 0.121400465 0.113256115 0.134181321 0.133242790 0.000000000 0.139104745 0.124677160 0.122021756 0.129468065 0.343511620 
37     0.284363108 0.279482603 0.297666169 0.281460240 0.281426507 0.302458970 0.231132469 0.242490543 0.242914355 0.238520362 0.238424461 0.240976919 0.239642194 0.240071786 0.251171415 0.256282111 0.258204943 0.242515181 0.257612614 0.257611561 0.271367332 0.277208734 0.279811868 0.270235405 0.260990009 0.258228065 0.245173816 0.229970007 0.215562142 0.225199536 0.211438643 0.237080476 0.238536386 0.207368572 0.237866585 0.228637604 0.155952606 0.155208859 0.147098963 0.149468223 0.148069592 0.158361755 0.150327541 0.171401112 0.170439086 0.139104745 0.000000000 0.114367295 0.111253092 0.118564277 0.380278656 
50     0.269210843 0.264330338 0.282538468 0.266332539 0.266298807 0.287331270 0.216004769 0.227362843 0.227786655 0.223355935 0.223260034 0.225849219 0.224514494 0.224944086 0.236043714 0.241154410 0.243077243 0.227387480 0.242484913 0.242483861 0.256239631 0.262081033 0.264684168 0.255107704 0.245862309 0.243100364 0.230046116 0.214644360 0.200268103 0.209905852 0.196162823 0.221577089 0.223320591 0.192038636 0.222585147 0.213356166 0.141658028 0.140912838 0.132606631 0.134564795 0.133337207 0.143629495 0.135365054 0.156636107 0.155667943 0.124677160 0.114367295 0.000000000 0.052199632 0.060294179 0.365591760 
44     0.266513125 0.261632621 0.279837598 0.263631669 0.263597936 0.284636044 0.213459776 0.224817850 0.225241662 0.220825347 0.220729446 0.223304226 0.221969501 0.222399093 0.233498722 0.238609418 0.240532250 0.224842488 0.239939921 0.239938868 0.253694639 0.259536041 0.262139175 0.252562712 0.243317316 0.240555372 0.227501123 0.212429744 0.198021878 0.207641409 0.193898380 0.219522076 0.221083697 0.189776476 0.220307495 0.211078515 0.138789000 0.138043810 0.129886016 0.131815869 0.130588282 0.140880570 0.132616129 0.153887182 0.152919017 0.122021756 0.111253092 0.052199632 0.000000000 0.046539901 0.363064478 
42     0.273781899 0.268901395 0.287121454 0.270915525 0.270881793 0.291919901 0.220741058 0.232099131 0.232522944 0.228101145 0.228005244 0.230585507 0.229250782 0.229680375 0.240780003 0.245890699 0.247813531 0.232123769 0.247221202 0.247220149 0.260975920 0.266817322 0.269420457 0.259843993 0.250598598 0.247836653 0.234782404 0.219560535 0.205160742 0.214782688 0.201055693 0.226728837 0.228290458 0.196945262 0.227514257 0.218285276 0.146113377 0.145365570 0.137174035 0.139098617 0.137871030 0.148163318 0.139892704 0.161163758 0.160195593 0.129468065 0.118564277 0.060294179 0.046539901 0.000000000 0.370349130 
0     0.387233208 0.382308834 0.400311164 0.384108129 0.384074397 0.405103965 0.334687942 0.346039610 0.347028251 0.342709073 0.342613172 0.344995901 0.343661176 0.344090769 0.355143515 0.360254211 0.362177043 0.346487281 0.361549874 0.361670235 0.375072872 0.381009385 0.383191848 0.373685451 0.365072813 0.362282767 0.349079589 0.344569355 0.330161490 0.339929663 0.326118437 0.351811803 0.353220444 0.321924394 0.352700147 0.342538643 0.359266741 0.357978450 0.350384434 0.352018981 0.351466728 0.361781859 0.353913453 0.374863624 0.373890075 0.343511620 0.380278656 0.365591760 0.363064478 0.370349130 0.000000000 
