51
22     0.000000000 0.000247300 0.002443330 0.001873120 0.001604990 0.000756870 0.027423890 0.008779980 0.020299760 0.019116600 0.017458090 0.021924570 0.031362450 0.018186660 0.023158680 0.022592920 0.020196710 0.027066020 0.033197330 0.019196520 0.014704310 0.015443450 0.023083450 0.016230980 0.023641720 0.025639380 0.031686710 0.041604750 0.034021560 0.029192770 0.026399690 0.027403760 0.019761400 0.024805300 0.025293630 0.031630410 0.029620120 0.033839080 0.041385730 0.048283010 0.041852830 0.033789560 0.037746710 0.046243760 0.039771420 0.019002110 0.034445150 0.028194420 0.022710670 0.025192490 0.040903520 
8     0.000247300 0.000000000 0.004324670 0.002155680 0.001540920 0.001693990 0.027332630 0.013304280 0.018717470 0.023640900 0.024385640 0.027256160 0.034306800 0.022710960 0.030153850 0.029769270 0.024721010 0.033173820 0.039131980 0.024519010 0.014613050 0.015352190 0.029558310 0.017982230 0.023550460 0.030163680 0.031595450 0.038481750 0.042874400 0.040681090 0.036118510 0.045544920 0.037427590 0.036954300 0.046976700 0.044562770 0.034275850 0.034178070 0.041294470 0.045553060 0.042789950 0.033698300 0.048151680 0.047180880 0.044427150 0.016568130 0.034353890 0.025874240 0.013575570 0.016057390 0.029271390 
26     0.002443330 0.004324670 0.000000000 0.001655970 0.000018240 0.001566330 0.014910800 0.014181350 0.032823690 0.024517970 0.025262710 0.025386940 0.032647880 0.023588030 0.042151420 0.032064040 0.025598080 0.015503650 0.033612950 0.025396080 0.022423060 0.003767390 0.005049210 0.005178470 0.025142190 0.031040750 0.018647180 0.037376750 0.037380100 0.035162060 0.036995580 0.044815880 0.038758010 0.037468300 0.050913940 0.039529680 0.026711920 0.032500840 0.047895800 0.055235030 0.037270920 0.039353990 0.043735870 0.041661850 0.036863220 0.044452190 0.036565100 0.039478640 0.039517010 0.038912580 0.049577700 
1     0.001873120 0.002155680 0.001655970 0.000000000 0.000317230 0.002345470 0.016632310 0.017054780 0.027706680 0.034017260 0.034762000 0.023969300 0.034369390 0.033087320 0.028809970 0.037778880 0.035097370 0.017225160 0.039327790 0.034895370 0.011901840 0.005488900 0.006770720 0.006899980 0.027456290 0.035359610 0.033111120 0.043091590 0.043094940 0.040876900 0.040220370 0.045525130 0.026441040 0.033487010 0.043415000 0.041605060 0.030347470 0.033097660 0.045200300 0.053476620 0.042985760 0.037604130 0.047371420 0.047376690 0.040498770 0.037018650 0.038259720 0.045193480 0.023813400 0.026295220 0.029401860 
3     0.001604990 0.001540920 0.000018240 0.000317230 0.000000000 0.001254050 0.014895720 0.023257930 0.025520800 0.033594550 0.030520300 0.024425910 0.032632800 0.032664610 0.036220890 0.035655130 0.034126530 0.015488570 0.037330720 0.032258730 0.017185860 0.003752310 0.005034130 0.005163390 0.026123270 0.034026590 0.034168260 0.019844150 0.023436950 0.025305910 0.026927340 0.040465970 0.007428810 0.007384010 0.011749920 0.026772550 0.040782820 0.031940130 0.043867280 0.034318070 0.040988690 0.036271110 0.038100530 0.032617320 0.031004430 0.033511720 0.036926700 0.043196410 0.026834260 0.029316080 0.027616390 
27     0.000756870 0.001693990 0.001566330 0.002345470 0.001254050 0.000000000 0.026788960 0.016072660 0.020396880 0.023499340 0.017555210 0.022021690 0.032388330 0.025479340 0.023255800 0.022690040 0.021161440 0.027163140 0.033294450 0.019293640 0.017725990 0.018465130 0.023180570 0.023523660 0.026663400 0.032932060 0.026155150 0.035121270 0.033033280 0.029289890 0.026496810 0.027500880 0.019858520 0.017852670 0.025390750 0.024072960 0.050827540 0.032965130 0.044407410 0.047223510 0.041097520 0.036811240 0.045652890 0.045488450 0.045302570 0.036886120 0.037466830 0.043305240 0.033153730 0.035635550 0.037135630 
13     0.027423890 0.027332630 0.014910800 0.016632310 0.014895720 0.026788960 0.000000000 0.001556400 0.009413580 0.019072280 0.012552710 0.017014930 0.015780670 0.011571250 0.015398730 0.008653930 0.011686800 0.016123710 0.010202840 0.008297860 0.003631300 0.003631760 0.012561490 0.011679790 0.009240190 0.010084830 0.007387340 0.013966800 0.013970150 0.011752110 0.022942550 0.021405930 0.021138370 0.014058350 0.035820470 0.020966190 0.030154760 0.014423930 0.036937160 0.035256140 0.013860970 0.015944040 0.020677520 0.005140280 0.004933620 0.030388830 0.013155150 0.016068690 0.016107060 0.015502630 0.020245990 
16     0.008779980 0.013304280 0.014181350 0.017054780 0.023257930 0.016072660 0.001556400 0.000000000 0.001924970 0.008654640 0.005684610 0.008194910 0.008998490 0.003900740 0.004202770 0.009878390 0.009616250 0.013851500 0.009701430 0.009522320 0.004855760 0.004856220 0.013785950 0.010204150 0.009427330 0.011204630 0.007574480 0.015191260 0.015194610 0.012976570 0.024167010 0.022630390 0.022362830 0.015282810 0.037360880 0.026742350 0.031379220 0.015648390 0.040742430 0.043287580 0.015085430 0.017168500 0.021901980 0.019476360 0.019290480 0.031613290 0.014379610 0.017293150 0.017331520 0.016727090 0.020433130 
2     0.020299760 0.018717470 0.032823690 0.027706680 0.025520800 0.020396880 0.009413580 0.001924970 0.000000000 0.005259970 0.000095260 0.006058920 0.007097900 0.000703770 0.004555810 0.000866250 0.007426610 0.003591410 0.001230140 0.001579400 0.010107840 0.010108300 0.019038030 0.018262360 0.024745100 0.016561370 0.016893120 0.020443340 0.020446690 0.018228650 0.027583150 0.027882470 0.020944860 0.020534890 0.026477090 0.032263510 0.036631300 0.020900470 0.041865940 0.038994340 0.020337510 0.022420580 0.027154060 0.024728440 0.024542560 0.036865370 0.019631690 0.022545230 0.022583600 0.021979170 0.035750900 
5     0.019116600 0.023640900 0.024517970 0.034017260 0.033594550 0.023499340 0.019072280 0.008654640 0.005259970 0.000000000 0.000015130 0.003205470 0.000525830 0.001794670 0.006976760 0.008080300 0.005663430 0.008275190 0.003729770 0.006152770 0.024685950 0.024686410 0.027369370 0.022959700 0.034505670 0.014974640 0.031471230 0.035021450 0.035024800 0.032806760 0.030685610 0.023611460 0.024047320 0.029091220 0.029579550 0.033949590 0.029811840 0.035478580 0.041925190 0.035111900 0.034915620 0.036998690 0.041732170 0.039306550 0.039069210 0.037952410 0.034209800 0.021095330 0.024187220 0.017171150 0.050929390 
12     0.017458090 0.024385640 0.025262710 0.034762000 0.030520300 0.017555210 0.012552710 0.005684610 0.000095260 0.000015130 0.000000000 0.001300750 0.000569980 0.001613580 0.006308770 0.000838390 0.004687490 0.007997390 0.001159260 0.004213270 0.024522990 0.023952940 0.021425240 0.019651020 0.024674220 0.006468970 0.022821370 0.028654110 0.028347450 0.027534560 0.024741480 0.023595240 0.018103190 0.023147090 0.023635420 0.028937420 0.028017350 0.035315620 0.040130700 0.034726090 0.034752660 0.036835730 0.041569210 0.039143590 0.037274720 0.037674610 0.034046840 0.017447350 0.020539240 0.013523170 0.035680020 
10     0.021924570 0.027256160 0.025386940 0.023969300 0.024425910 0.022021690 0.017014930 0.008194910 0.006058920 0.003205470 0.001300750 0.000000000 0.000422660 0.000948270 0.008630960 0.001128580 0.005810180 0.002661090 0.001201920 0.002272670 0.030209390 0.030209850 0.025891720 0.026574960 0.033028020 0.030225220 0.033298570 0.039589140 0.036690830 0.032001040 0.029207960 0.022660550 0.022569670 0.027613570 0.028101900 0.028465510 0.034972730 0.041002020 0.043118760 0.027483600 0.040439060 0.042522130 0.046984410 0.044829990 0.044230100 0.038745390 0.039733240 0.042646780 0.042685150 0.042080720 0.054544650 
20     0.031362450 0.034306800 0.032647880 0.034369390 0.032632800 0.032388330 0.015780670 0.008998490 0.007097900 0.000525830 0.000569980 0.000422660 0.000000000 0.000161360 0.009649490 0.005101340 0.006457740 0.008233630 0.003924180 0.009270600 0.020866260 0.020866720 0.029796450 0.022878980 0.034538800 0.027319790 0.027651540 0.031201760 0.031205110 0.028987070 0.035332390 0.028923550 0.032936310 0.031293310 0.038468540 0.032165380 0.031985430 0.031658890 0.042722340 0.029590410 0.031095930 0.033179000 0.037912480 0.035486860 0.035300980 0.038348970 0.030390110 0.033303650 0.033342020 0.032737590 0.060955690 
19     0.018186660 0.022710960 0.023588030 0.033087320 0.032664610 0.025479340 0.011571250 0.003900740 0.000703770 0.001794670 0.001613580 0.000948270 0.000161360 0.000000000 0.007159410 0.000696020 0.005726850 0.002270030 0.002649960 0.005222830 0.027672370 0.024361440 0.034503510 0.018669560 0.037393290 0.009975420 0.026682160 0.027672650 0.027365990 0.030295590 0.034265700 0.029007590 0.031875100 0.033767150 0.032247880 0.027955960 0.031654510 0.038465000 0.042202730 0.042304490 0.037902040 0.039985110 0.044718590 0.042292970 0.040911880 0.037829360 0.037196220 0.040109760 0.040148130 0.039543700 0.049999450 
15     0.023158680 0.030153850 0.042151420 0.028809970 0.036220890 0.023255800 0.015398730 0.004202770 0.004555810 0.006976760 0.006308770 0.008630960 0.009649490 0.007159410 0.000000000 0.004629170 0.002813100 0.001118840 0.009074880 0.009151200 0.014218410 0.025698530 0.027125830 0.025891120 0.029834520 0.012030620 0.026245880 0.034546180 0.034587550 0.033235150 0.030442070 0.031446140 0.023803780 0.028847680 0.029336010 0.035177520 0.042898200 0.045028780 0.042052160 0.005639520 0.040224530 0.048261300 0.045917810 0.058671220 0.059181670 0.037678790 0.039976490 0.047199050 0.042091710 0.044922130 0.061608430 
17     0.022592920 0.029769270 0.032064040 0.037778880 0.035655130 0.022690040 0.008653930 0.009878390 0.000866250 0.008080300 0.000838390 0.001128580 0.005101340 0.000696020 0.004629170 0.000000000 0.000197760 0.001167590 0.001973270 0.000819750 0.009348190 0.009348650 0.018278380 0.007538970 0.025488230 0.015801720 0.016133470 0.019683690 0.019687040 0.017469000 0.028659440 0.027122820 0.023238020 0.019775240 0.028770250 0.027782920 0.035871650 0.020140820 0.042730470 0.045275620 0.019577860 0.021660930 0.026394410 0.023968790 0.023782910 0.036105720 0.018872040 0.021785580 0.021823950 0.021219520 0.036494030 
14     0.020196710 0.024721010 0.025598080 0.035097370 0.034126530 0.021161440 0.011686800 0.009616250 0.007426610 0.005663430 0.004687490 0.005810180 0.006457740 0.005726850 0.002813100 0.000197760 0.000000000 0.003428110 0.008461040 0.006556060 0.015084500 0.015084960 0.024014690 0.006202710 0.032167770 0.021538030 0.021869780 0.025420000 0.025423350 0.023205310 0.028347710 0.029351780 0.021709420 0.025511550 0.027241650 0.028071510 0.041607960 0.025877130 0.046453370 0.048998520 0.025314170 0.027397240 0.032130720 0.029705100 0.029519220 0.041842030 0.024608350 0.027521890 0.027560260 0.026955830 0.052009500 
21     0.027066020 0.033173820 0.015503650 0.017225160 0.015488570 0.027163140 0.016123710 0.013851500 0.003591410 0.008275190 0.007997390 0.002661090 0.008233630 0.002270030 0.001118840 0.001167590 0.003428110 0.000000000 0.011332190 0.009765790 0.040624680 0.015109380 0.016916540 0.017045800 0.028444180 0.026300720 0.030733770 0.032225110 0.031918450 0.029836520 0.032872320 0.027923660 0.027711120 0.032755020 0.028755940 0.032508420 0.041108310 0.042311520 0.040262270 0.042807420 0.038434640 0.046471410 0.044127920 0.056881330 0.042905350 0.034622870 0.041524460 0.042990270 0.040301820 0.043132240 0.068294630 
11     0.033197330 0.039131980 0.033612950 0.039327790 0.037330720 0.033294450 0.010202840 0.009701430 0.001230140 0.003729770 0.001159260 0.001201920 0.003924180 0.002649960 0.009074880 0.001973270 0.008461040 0.011332190 0.000000000 0.000050320 0.010897100 0.010897560 0.019827290 0.014474700 0.024385760 0.017350630 0.017682380 0.021232600 0.021235950 0.019017910 0.030208350 0.028671730 0.028404170 0.021324150 0.033278890 0.029074420 0.037420560 0.021689730 0.049369940 0.041679510 0.021126770 0.023209840 0.027943320 0.025517700 0.025331820 0.037654630 0.020420950 0.023334490 0.023372860 0.022768430 0.035391560 
24     0.019196520 0.024519010 0.025396080 0.034895370 0.032258730 0.019293640 0.008297860 0.009522320 0.001579400 0.006152770 0.004213270 0.002272670 0.009270600 0.005222830 0.009151200 0.000819750 0.006556060 0.009765790 0.000050320 0.000000000 0.008992120 0.008992580 0.017922310 0.017146640 0.029790940 0.015445650 0.015777400 0.019327620 0.019330970 0.017112930 0.026479910 0.026766750 0.019841620 0.019419170 0.025373850 0.030365650 0.035515580 0.019784750 0.041616480 0.027390420 0.019221790 0.021304860 0.026038340 0.023612720 0.023426840 0.035749650 0.018515970 0.021429510 0.021467880 0.020863450 0.051807500 
4     0.014704310 0.014613050 0.022423060 0.011901840 0.017185860 0.017725990 0.003631300 0.004855760 0.010107840 0.024685950 0.024522990 0.030209390 0.020866260 0.027672370 0.014218410 0.009348190 0.015084500 0.040624680 0.010897100 0.008992120 0.000000000 0.000000480 0.008987850 0.004837790 0.000242520 0.006733870 0.000211910 0.010699480 0.010702830 0.008484790 0.019675230 0.015746570 0.017871050 0.010791030 0.040554560 0.001951460 0.026887440 0.011156610 0.026301490 0.039756650 0.010593650 0.012676720 0.017410200 0.014984580 0.014798700 0.027121510 0.009887830 0.012801370 0.012839740 0.012235310 0.048201190 
18     0.015443450 0.015352190 0.003767390 0.005488900 0.003752310 0.018465130 0.003631760 0.004856220 0.010108300 0.024686410 0.023952940 0.030209850 0.020866720 0.024361440 0.025698530 0.009348650 0.015084960 0.015109380 0.010897560 0.008992580 0.000000480 0.000000000 0.005180280 0.004714130 0.003528840 0.006734330 0.003498230 0.010699940 0.010703290 0.008485250 0.019675690 0.018139070 0.017757550 0.010791490 0.036292840 0.019418040 0.026887900 0.011157070 0.044233640 0.039757110 0.010594110 0.012677180 0.017410660 0.014985040 0.014799160 0.027121970 0.009888290 0.012801830 0.012840200 0.012235770 0.026913500 
7     0.023083450 0.029558310 0.005049210 0.006770720 0.005034130 0.023180570 0.012561490 0.013785950 0.019038030 0.027369370 0.021425240 0.025891720 0.029796450 0.034503510 0.027125830 0.018278380 0.024014690 0.016916540 0.019827290 0.017922310 0.008987850 0.005180280 0.000000000 0.000130780 0.005293680 0.015237710 0.004605860 0.019629670 0.019633020 0.017414980 0.028386460 0.027068800 0.021748170 0.019721220 0.027280400 0.029842660 0.035817630 0.020086800 0.052158600 0.011339320 0.015695960 0.019219590 0.026340390 0.023914770 0.023728890 0.036051700 0.018818020 0.021731560 0.021769930 0.021165500 0.038840820 
25     0.016230980 0.017982230 0.005178470 0.006899980 0.005163390 0.023523660 0.011679790 0.010204150 0.018262360 0.022959700 0.019651020 0.026574960 0.022878980 0.018669560 0.025891120 0.007538970 0.006202710 0.017045800 0.014474700 0.017146640 0.004837790 0.004714130 0.000130780 0.000000000 0.006423620 0.013909820 0.005735800 0.018854000 0.018857350 0.016639310 0.026963460 0.026293130 0.023073430 0.018945550 0.028605660 0.020653720 0.035041960 0.019311130 0.049381490 0.023402840 0.018748170 0.020831240 0.025564720 0.023139100 0.022953220 0.034417060 0.018042350 0.020955890 0.020994260 0.020389830 0.048043770 
23     0.023641720 0.023550460 0.025142190 0.027456290 0.026123270 0.026663400 0.009240190 0.009427330 0.024745100 0.034505670 0.024674220 0.033028020 0.034538800 0.037393290 0.029834520 0.025488230 0.032167770 0.028444180 0.024385760 0.029790940 0.000242520 0.003528840 0.005293680 0.006423620 0.000000000 0.005060240 0.000030830 0.046538770 0.026243370 0.037725560 0.035522760 0.036526830 0.028884470 0.031476040 0.034416700 0.040753480 0.048403280 0.049002730 0.040900760 0.052613540 0.048240760 0.044835740 0.053934040 0.057763480 0.057577600 0.016871570 0.045491330 0.052525680 0.050107940 0.052938360 0.027634780 
6     0.025639380 0.030163680 0.031040750 0.035359610 0.034026590 0.032932060 0.010084830 0.011204630 0.016561370 0.014974640 0.006468970 0.030225220 0.027319790 0.009975420 0.012030620 0.015801720 0.021538030 0.026300720 0.017350630 0.015445650 0.006733870 0.006734330 0.015237710 0.013909820 0.005060240 0.000000000 0.000553980 0.017153010 0.017156360 0.014938320 0.026128760 0.024592140 0.024324580 0.017244560 0.044479460 0.028973180 0.033340970 0.017610140 0.042319090 0.045916300 0.017047180 0.019130250 0.023863730 0.021438110 0.021252230 0.028471550 0.016341360 0.019254900 0.019293270 0.018688840 0.057452170 
9     0.031686710 0.031595450 0.018647180 0.033111120 0.034168260 0.026155150 0.007387340 0.007574480 0.016893120 0.031471230 0.022821370 0.033298570 0.027651540 0.026682160 0.026245880 0.016133470 0.021869780 0.030733770 0.017682380 0.015777400 0.000211910 0.003498230 0.004605860 0.005735800 0.000030830 0.000553980 0.000000000 0.017484760 0.017488110 0.015270070 0.026460510 0.024923890 0.024656330 0.017576310 0.037185950 0.028666320 0.033672720 0.017941890 0.044518500 0.046541930 0.017378930 0.019462000 0.024195480 0.021769860 0.021583980 0.033906790 0.016673110 0.019586650 0.019625020 0.019020590 0.025781930 
35     0.041604750 0.038481750 0.037376750 0.043091590 0.019844150 0.035121270 0.013966800 0.015191260 0.020443340 0.035021450 0.028654110 0.039589140 0.031201760 0.027672650 0.034546180 0.019683690 0.025420000 0.032225110 0.021232600 0.019327620 0.010699480 0.010699940 0.019629670 0.018854000 0.046538770 0.017153010 0.017484760 0.000000000 0.000322790 0.002224930 0.001284390 0.007132540 0.012793730 0.008396130 0.016318340 0.007543490 0.029568350 0.018470390 0.016526410 0.029998240 0.017907430 0.009342650 0.010904800 0.022298360 0.013158140 0.034435290 0.017201610 0.020115150 0.020153520 0.019549090 0.026771930 
31     0.034021560 0.042874400 0.037380100 0.043094940 0.023436950 0.033033280 0.013970150 0.015194610 0.020446690 0.035024800 0.028347450 0.036690830 0.031205110 0.027365990 0.034587550 0.019687040 0.025423350 0.031918450 0.021235950 0.019330970 0.010702830 0.010703290 0.019633020 0.018857350 0.026243370 0.017156360 0.017488110 0.000322790 0.000000000 0.000126290 0.000560170 0.011154080 0.015479500 0.008399480 0.014124690 0.007236830 0.027256610 0.018473740 0.028604770 0.027686500 0.017910780 0.019993850 0.024727330 0.022301710 0.022115830 0.031935780 0.017204960 0.020118500 0.020156870 0.019552440 0.029020230 
49     0.029192770 0.040681090 0.035162060 0.040876900 0.025305910 0.029289890 0.011752110 0.012976570 0.018228650 0.032806760 0.027534560 0.032001040 0.028987070 0.030295590 0.033235150 0.017469000 0.023205310 0.029836520 0.019017910 0.017112930 0.008484790 0.008485250 0.017414980 0.016639310 0.037725560 0.014938320 0.015270070 0.002224930 0.000126290 0.000000000 0.000008820 0.011278410 0.004047970 0.006181440 0.003548760 0.001951950 0.025498560 0.016255700 0.027595370 0.025928450 0.015692740 0.017775810 0.022509290 0.020083670 0.019897790 0.032220600 0.014986920 0.017900460 0.017938830 0.017334400 0.037156040 
41     0.026399690 0.036118510 0.036995580 0.040220370 0.026927340 0.026496810 0.022942550 0.024167010 0.027583150 0.030685610 0.024741480 0.029207960 0.035332390 0.034265700 0.030442070 0.028659440 0.028347710 0.032872320 0.030208350 0.026479910 0.019675230 0.019675690 0.028386460 0.026963460 0.035522760 0.026128760 0.026460510 0.001284390 0.000560170 0.000008820 0.000000000 0.011712270 0.004054730 0.007237070 0.008820470 0.006603540 0.027203110 0.027446140 0.024678490 0.027633000 0.003433510 0.017494730 0.019056880 0.031274110 0.021310220 0.030973760 0.026177360 0.029090900 0.029129270 0.028524840 0.018262010 
28     0.027403760 0.045544920 0.044815880 0.045525130 0.040465970 0.027500880 0.021405930 0.022630390 0.027882470 0.023611460 0.023595240 0.022660550 0.028923550 0.029007590 0.031446140 0.027122820 0.029351780 0.027923660 0.028671730 0.026766750 0.015746570 0.018139070 0.027068800 0.026293130 0.036526830 0.024592140 0.024923890 0.007132540 0.011154080 0.011278410 0.011712270 0.000000000 0.000289720 0.001243190 0.010438200 0.015128070 0.031512340 0.025909520 0.013381790 0.034398470 0.024273900 0.006198030 0.007760180 0.029737490 0.010013520 0.027019900 0.024640740 0.027554280 0.027592650 0.026988220 0.039812840 
40     0.019761400 0.037427590 0.038758010 0.026441040 0.007428810 0.019858520 0.021138370 0.022362830 0.020944860 0.024047320 0.018103190 0.022569670 0.032936310 0.031875100 0.023803780 0.023238020 0.021709420 0.027711120 0.028404170 0.019841620 0.017871050 0.017757550 0.021748170 0.023073430 0.028884470 0.024324580 0.024656330 0.012793730 0.015479500 0.004047970 0.004054730 0.000289720 0.000000000 0.000286780 0.007576290 0.012368500 0.036919710 0.025641960 0.019042980 0.032296720 0.025079000 0.011859220 0.013421370 0.029469930 0.015674710 0.031490370 0.024373180 0.027286720 0.027325090 0.026720660 0.038993100 
34     0.024805300 0.036954300 0.037468300 0.033487010 0.007384010 0.017852670 0.014058350 0.015282810 0.020534890 0.029091220 0.023147090 0.027613570 0.031293310 0.033767150 0.028847680 0.019775240 0.025511550 0.032755020 0.021324150 0.019419170 0.010791030 0.010791490 0.019721220 0.018945550 0.031476040 0.017244560 0.017576310 0.008396130 0.008399480 0.006181440 0.007237070 0.001243190 0.000286780 0.000000000 0.006083290 0.007792480 0.034292770 0.018561940 0.010386330 0.026463590 0.017998980 0.020082050 0.024815530 0.022389910 0.022204030 0.031445570 0.017293160 0.020206700 0.020245070 0.019640640 0.031570590 
46     0.025293630 0.046976700 0.050913940 0.043415000 0.011749920 0.025390750 0.035820470 0.037360880 0.026477090 0.029579550 0.023635420 0.028101900 0.038468540 0.032247880 0.029336010 0.028770250 0.027241650 0.028755940 0.033278890 0.025373850 0.040554560 0.036292840 0.027280400 0.028605660 0.034416700 0.044479460 0.037185950 0.016318340 0.014124690 0.003548760 0.008820470 0.010438200 0.007576290 0.006083290 0.000000000 0.004884070 0.041257490 0.020696880 0.029439590 0.036424510 0.038583820 0.022255830 0.023817980 0.034917080 0.026071320 0.035772740 0.036897980 0.035256680 0.027408740 0.042982230 0.061162500 
48     0.031630410 0.044562770 0.039529680 0.041605060 0.026772550 0.024072960 0.020966190 0.026742350 0.032263510 0.033949590 0.028937420 0.028465510 0.032165380 0.027955960 0.035177520 0.027782920 0.028071510 0.032508420 0.029074420 0.030365650 0.001951460 0.019418040 0.029842660 0.020653720 0.040753480 0.028973180 0.028666320 0.007543490 0.007236830 0.001951950 0.006603540 0.015128070 0.012368500 0.007792480 0.004884070 0.000000000 0.039166880 0.030290560 0.029430820 0.029341370 0.029727600 0.031810670 0.030569270 0.034118530 0.033932650 0.032651820 0.023118250 0.031935320 0.026298950 0.031369260 0.012119240 
30     0.029620120 0.034275850 0.026711920 0.030347470 0.040782820 0.050827540 0.030154760 0.031379220 0.036631300 0.029811840 0.028017350 0.034972730 0.031985430 0.031654510 0.042898200 0.035871650 0.041607960 0.041108310 0.037420560 0.035515580 0.026887440 0.026887900 0.035817630 0.035041960 0.048403280 0.033340970 0.033672720 0.029568350 0.027256610 0.025498560 0.027203110 0.031512340 0.036919710 0.034292770 0.041257490 0.039166880 0.000000000 0.001293560 0.007523920 0.004542340 0.015502590 0.011002520 0.019993770 0.021153570 0.022591720 0.008713290 0.014396710 0.009073080 0.011966250 0.017041240 0.069738950 
36     0.033839080 0.034178070 0.032500840 0.033097660 0.031940130 0.032965130 0.014423930 0.015648390 0.020900470 0.035478580 0.035315620 0.041002020 0.031658890 0.038465000 0.045028780 0.020140820 0.025877130 0.042311520 0.021689730 0.019784750 0.011156610 0.011157070 0.020086800 0.019311130 0.049002730 0.017610140 0.017941890 0.018470390 0.018473740 0.016255700 0.027446140 0.025909520 0.025641960 0.018561940 0.020696880 0.030290560 0.001293560 0.000000000 0.003222870 0.016020410 0.005235840 0.007318910 0.012052390 0.009626770 0.009440890 0.011337800 0.003638310 0.008249280 0.008287650 0.007683220 0.070338400 
39     0.041385730 0.041294470 0.047895800 0.045200300 0.043867280 0.044407410 0.036937160 0.040742430 0.041865940 0.041925190 0.040130700 0.043118760 0.042722340 0.042202730 0.042052160 0.042730470 0.046453370 0.040262270 0.049369940 0.041616480 0.026301490 0.044233640 0.052158600 0.049381490 0.040900760 0.042319090 0.044518500 0.016526410 0.028604770 0.027595370 0.024678490 0.013381790 0.019042980 0.010386330 0.029439590 0.029430820 0.007523920 0.003222870 0.000000000 0.001388750 0.004337980 0.008747660 0.005507690 0.004142300 0.003103560 0.002850680 0.007770060 0.016308420 0.019052260 0.018788450 0.068512900 
38     0.048283010 0.045553060 0.055235030 0.053476620 0.034318070 0.047223510 0.035256140 0.043287580 0.038994340 0.035111900 0.034726090 0.027483600 0.029590410 0.042304490 0.005639520 0.045275620 0.048998520 0.042807420 0.041679510 0.027390420 0.039756650 0.039757110 0.011339320 0.023402840 0.052613540 0.045916300 0.046541930 0.029998240 0.027686500 0.025928450 0.027633000 0.034398470 0.032296720 0.026463590 0.036424510 0.029341370 0.004542340 0.016020410 0.001388750 0.000000000 0.000911150 0.006041030 0.000943290 0.004303920 0.008537980 0.001903690 0.024400730 0.015729640 0.029597240 0.013027400 0.019542360 
45     0.041852830 0.042789950 0.037270920 0.042985760 0.040988690 0.041097520 0.013860970 0.015085430 0.020337510 0.034915620 0.034752660 0.040439060 0.031095930 0.037902040 0.040224530 0.019577860 0.025314170 0.038434640 0.021126770 0.019221790 0.010593650 0.010594110 0.015695960 0.018748170 0.048240760 0.017047180 0.017378930 0.017907430 0.017910780 0.015692740 0.003433510 0.024273900 0.025079000 0.017998980 0.038583820 0.029727600 0.015502590 0.005235840 0.004337980 0.000911150 0.000000000 0.002642910 0.004310220 0.005458170 0.005272290 0.013337830 0.004772780 0.007686320 0.007724690 0.007120260 0.071554190 
33     0.033789560 0.033698300 0.039353990 0.037604130 0.036271110 0.036811240 0.015944040 0.017168500 0.022420580 0.036998690 0.036835730 0.042522130 0.033179000 0.039985110 0.048261300 0.021660930 0.027397240 0.046471410 0.023209840 0.021304860 0.012676720 0.012677180 0.019219590 0.020831240 0.044835740 0.019130250 0.019462000 0.009342650 0.019993850 0.017775810 0.017494730 0.006198030 0.011859220 0.020082050 0.022255830 0.031810670 0.011002520 0.007318910 0.008747660 0.006041030 0.002642910 0.000000000 0.002911930 0.007191110 0.005379390 0.009107360 0.006855850 0.009769390 0.009807760 0.007076280 0.064471800 
29     0.037746710 0.048151680 0.043735870 0.047371420 0.038100530 0.045652890 0.020677520 0.021901980 0.027154060 0.041732170 0.041569210 0.046984410 0.037912480 0.044718590 0.045917810 0.026394410 0.032130720 0.044127920 0.027943320 0.026038340 0.017410200 0.017410660 0.026340390 0.025564720 0.053934040 0.023863730 0.024195480 0.010904800 0.024727330 0.022509290 0.019056880 0.007760180 0.013421370 0.024815530 0.023817980 0.030569270 0.019993770 0.012052390 0.005507690 0.000943290 0.004310220 0.002911930 0.000000000 0.003773090 0.001320720 0.001939300 0.011589330 0.014502870 0.014541240 0.013936810 0.066033950 
43     0.046243760 0.047180880 0.041661850 0.047376690 0.032617320 0.045488450 0.005140280 0.019476360 0.024728440 0.039306550 0.039143590 0.044829990 0.035486860 0.042292970 0.058671220 0.023968790 0.029705100 0.056881330 0.025517700 0.023612720 0.014984580 0.014985040 0.023914770 0.023139100 0.057763480 0.021438110 0.021769860 0.022298360 0.022301710 0.020083670 0.031274110 0.029737490 0.029469930 0.022389910 0.034917080 0.034118530 0.021153570 0.009626770 0.004142300 0.004303920 0.005458170 0.007191110 0.003773090 0.000000000 0.000194060 0.026397390 0.009163710 0.012077250 0.012115620 0.011511190 0.077459110 
32     0.039771420 0.044427150 0.036863220 0.040498770 0.031004430 0.045302570 0.004933620 0.019290480 0.024542560 0.039069210 0.037274720 0.044230100 0.035300980 0.040911880 0.059181670 0.023782910 0.029519220 0.042905350 0.025331820 0.023426840 0.014798700 0.014799160 0.023728890 0.022953220 0.057577600 0.021252230 0.021583980 0.013158140 0.022115830 0.019897790 0.021310220 0.010013520 0.015674710 0.022204030 0.026071320 0.033932650 0.022591720 0.009440890 0.003103560 0.008537980 0.005272290 0.005379390 0.001320720 0.000194060 0.000000000 0.013638040 0.008977830 0.011891370 0.011929740 0.011325310 0.068287290 
47     0.019002110 0.016568130 0.044452190 0.037018650 0.033511720 0.036886120 0.030388830 0.031613290 0.036865370 0.037952410 0.037674610 0.038745390 0.038348970 0.037829360 0.037678790 0.036105720 0.041842030 0.034622870 0.037654630 0.035749650 0.027121510 0.027121970 0.036051700 0.034417060 0.016871570 0.028471550 0.033906790 0.034435290 0.031935780 0.032220600 0.030973760 0.027019900 0.031490370 0.031445570 0.035772740 0.032651820 0.008713290 0.011337800 0.002850680 0.001903690 0.013337830 0.009107360 0.001939300 0.026397390 0.013638040 0.000000000 0.003043540 0.003488450 0.003463110 0.014904970 0.061509270 
37     0.034445150 0.034353890 0.036565100 0.038259720 0.036926700 0.037466830 0.013155150 0.014379610 0.019631690 0.034209800 0.034046840 0.039733240 0.030390110 0.037196220 0.039976490 0.018872040 0.024608350 0.041524460 0.020420950 0.018515970 0.009887830 0.009888290 0.018818020 0.018042350 0.045491330 0.016341360 0.016673110 0.017201610 0.017204960 0.014986920 0.026177360 0.024640740 0.024373180 0.017293160 0.036897980 0.023118250 0.014396710 0.003638310 0.007770060 0.024400730 0.004772780 0.006855850 0.011589330 0.009163710 0.008977830 0.003043540 0.000000000 0.000445310 0.000419970 0.006401860 0.007221920 
50     0.028194420 0.025874240 0.039478640 0.045193480 0.043196410 0.043305240 0.016068690 0.017293150 0.022545230 0.021095330 0.017447350 0.042646780 0.033303650 0.040109760 0.047199050 0.021785580 0.027521890 0.042990270 0.023334490 0.021429510 0.012801370 0.012801830 0.021731560 0.020955890 0.052525680 0.019254900 0.019586650 0.020115150 0.020118500 0.017900460 0.029090900 0.027554280 0.027286720 0.020206700 0.035256680 0.031935320 0.009073080 0.008249280 0.016308420 0.015729640 0.007686320 0.009769390 0.014502870 0.012077250 0.011891370 0.003488450 0.000445310 0.000000000 0.000036860 0.000210470 0.073163630 
44     0.022710670 0.013575570 0.039517010 0.023813400 0.026834260 0.033153730 0.016107060 0.017331520 0.022583600 0.024187220 0.020539240 0.042685150 0.033342020 0.040148130 0.042091710 0.021823950 0.027560260 0.040301820 0.023372860 0.021467880 0.012839740 0.012840200 0.021769930 0.020994260 0.050107940 0.019293270 0.019625020 0.020153520 0.020156870 0.017938830 0.029129270 0.027592650 0.027325090 0.020245070 0.027408740 0.026298950 0.011966250 0.008287650 0.019052260 0.029597240 0.007724690 0.009807760 0.014541240 0.012115620 0.011929740 0.003463110 0.000419970 0.000036860 0.000000000 0.000349240 0.071973400 
42     0.025192490 0.016057390 0.038912580 0.026295220 0.029316080 0.035635550 0.015502630 0.016727090 0.021979170 0.017171150 0.013523170 0.042080720 0.032737590 0.039543700 0.044922130 0.021219520 0.026955830 0.043132240 0.022768430 0.020863450 0.012235310 0.012235770 0.021165500 0.020389830 0.052938360 0.018688840 0.019020590 0.019549090 0.019552440 0.017334400 0.028524840 0.026988220 0.026720660 0.019640640 0.042982230 0.031369260 0.017041240 0.007683220 0.018788450 0.013027400 0.007120260 0.007076280 0.013936810 0.011511190 0.011325310 0.014904970 0.006401860 0.000210470 0.000349240 0.000000000 0.075954850 
0     0.040903520 0.029271390 0.049577700 0.029401860 0.027616390 0.037135630 0.020245990 0.020433130 0.035750900 0.050929390 0.035680020 0.054544650 0.060955690 0.049999450 0.061608430 0.036494030 0.052009500 0.068294630 0.035391560 0.051807500 0.048201190 0.026913500 0.038840820 0.048043770 0.027634780 0.057452170 0.025781930 0.026771930 0.029020230 0.037156040 0.018262010 0.039812840 0.038993100 0.031570590 0.061162500 0.012119240 0.069738950 0.070338400 0.068512900 0.019542360 0.071554190 0.064471800 0.066033950 0.077459110 0.068287290 0.061509270 0.007221920 0.073163630 0.071973400 0.075954850 0.000000000 
