51
27     0.000000000 0.734692886 0.796745872 0.696370255 0.960597780 0.954381347 0.905345419 1.814448223 1.851113923 1.854599802 1.798109740 1.472756303 1.453663323 1.430007632 1.442450602 1.513888616 1.546846183 1.487113052 1.470941206 1.703955706 1.542996450 1.537553416 1.539430035 1.533539408 1.503566233 1.481226959 1.476052250 1.605637558 1.562904085 1.545684313 1.755303203 1.722745945 1.526755139 1.505134083 1.539574968 1.671450227 1.667150647 1.612620838 1.624878919 1.713270633 1.616957431 1.615720683 1.616684129 1.470644064 1.559762695 1.546200947 1.503108551 1.535301980 1.491321103 1.445779301 3.331123035 
3     0.734692886 0.000000000 0.285659142 0.359731966 0.735883987 0.729369581 0.680707469 1.587657784 1.624669285 1.628155164 1.571665102 1.246028604 1.226935624 1.203279934 1.215722904 1.287160918 1.320118484 1.260385354 1.244213508 1.477228008 1.317097504 1.311654471 1.313531090 1.307640463 1.277667287 1.255412186 1.250322525 1.380002648 1.337269174 1.320049403 1.529608221 1.497050963 1.301060157 1.279439101 1.313879986 1.445703138 1.441403559 1.387187568 1.399445649 1.487505566 1.391192363 1.389955615 1.390919062 1.244838507 1.333957138 1.320395390 1.277302994 1.309496423 1.265572386 1.219967736 3.105130248 
28     0.796745872 0.285659142 0.000000000 0.424085203 0.796915443 0.790401036 0.741843423 1.650111757 1.686777458 1.690263337 1.633773275 1.307795170 1.288702190 1.265046499 1.277489469 1.348927483 1.381885050 1.322151919 1.305980073 1.538994573 1.376412897 1.371127643 1.373004262 1.367196381 1.337223206 1.314766276 1.309676615 1.439603460 1.396869986 1.379650215 1.588953149 1.556395891 1.360660969 1.339039913 1.373480798 1.506189040 1.501889460 1.447762314 1.460020394 1.548080312 1.451767109 1.450530361 1.451493808 1.305413253 1.394531884 1.380970136 1.337251664 1.370071169 1.326147132 1.280542482 3.165878519 
13     0.696370255 0.359731966 0.424085203 0.000000000 0.696668841 0.690193635 0.640895185 1.552294681 1.588960382 1.592446261 1.535956199 1.210045778 1.190952797 1.167297107 1.179740077 1.251178091 1.284135658 1.224402527 1.208230681 1.441245181 1.277643761 1.272200727 1.274077347 1.267981612 1.237770243 1.215622820 1.209489351 1.339686094 1.296952620 1.280637059 1.490255949 1.457698691 1.261707885 1.240086828 1.274527714 1.409037913 1.404738333 1.350506580 1.362764661 1.450824578 1.354511376 1.353274628 1.354238074 1.208157519 1.297276151 1.283714403 1.240343270 1.272815436 1.228891398 1.183286749 3.067892924 
25     0.960597780 0.735883987 0.796915443 0.696668841 0.000000000 0.324909943 0.282091314 1.525435802 1.562101503 1.565587382 1.509097320 1.182773676 1.163680696 1.140025005 1.152467975 1.223905989 1.256863556 1.197130425 1.180958579 1.413973079 1.249693360 1.244250327 1.246126946 1.239845563 1.209894499 1.192445850 1.187142752 1.315598275 1.272864801 1.256363902 1.465982792 1.433391371 1.237436398 1.215817288 1.250160331 1.380912301 1.376612721 1.323163541 1.335421621 1.422519547 1.326206344 1.324894223 1.325377180 1.179862711 1.268997308 1.255475457 1.212521027 1.244553773 1.200555715 1.155036631 3.039340751 
23     0.954381347 0.729369581 0.790401036 0.690193635 0.324909943 0.000000000 0.280967725 1.520410357 1.557076057 1.560561936 1.504071874 1.177748230 1.158655250 1.134999559 1.147442529 1.218880543 1.251838110 1.192104979 1.175933133 1.408947633 1.244667914 1.239224881 1.241101500 1.234820117 1.204869054 1.187416327 1.182113229 1.310568752 1.267835278 1.251334379 1.460953269 1.428361849 1.232406875 1.210787765 1.245130809 1.376005630 1.371706050 1.318595796 1.330853877 1.417951803 1.321638600 1.320406691 1.320658544 1.175330071 1.264448703 1.250886955 1.207932524 1.239987988 1.196007110 1.150465309 3.034077580 
10     0.905345419 0.680707469 0.741843423 0.640895185 0.282091314 0.280967725 0.000000000 1.470735017 1.507400717 1.510886596 1.454396534 1.128072890 1.108979910 1.085324219 1.097767189 1.169205203 1.202162770 1.142429639 1.126257793 1.359272293 1.193177973 1.188044750 1.189921369 1.183931770 1.153980707 1.137638611 1.132335514 1.260791036 1.218057563 1.201556664 1.411175554 1.378584133 1.182629160 1.161010050 1.195253199 1.326318965 1.322019385 1.268777226 1.280992857 1.368108280 1.271820971 1.270586700 1.270926318 1.125553228 1.214662662 1.201100914 1.158146484 1.190201947 1.146221070 1.100678009 2.984598020 
21     1.814448223 1.587657784 1.650111757 1.552294681 1.525435802 1.520410357 1.470735017 0.000000000 0.406204889 0.397999959 0.456092664 1.075163937 1.056076080 1.032420389 1.046842031 1.118737728 1.151722595 1.091970273 1.075818222 1.307350405 1.399148320 1.392938543 1.395581906 1.390004864 1.360031689 1.338805793 1.334393307 1.461033160 1.418299686 1.395021363 1.608474373 1.575973073 1.381728112 1.339483599 1.389167648 1.534581400 1.530281820 1.478499476 1.490757557 1.577640552 1.481322226 1.480114623 1.481525045 1.330351689 1.424697158 1.411100715 1.368391009 1.400207977 1.356234420 1.310710013 3.183883055 
33     1.851113923 1.624669285 1.686777458 1.588960382 1.562101503 1.557076057 1.507400717 0.406204889 0.000000000 0.261297162 0.492873112 1.112164804 1.093076947 1.069421256 1.083837608 1.155733305 1.188718173 1.129020064 1.112813800 1.344345983 1.435814020 1.429587079 1.432247606 1.426670564 1.396697389 1.375471494 1.371132572 1.497698860 1.454965386 1.431687064 1.645213638 1.612712338 1.418382459 1.376149299 1.425833349 1.571247100 1.566947521 1.514789971 1.527048052 1.613931046 1.517612721 1.516405118 1.517815539 1.366514809 1.460974310 1.447377867 1.404668161 1.436485129 1.392422618 1.346987165 3.220548756 
35     1.854599802 1.628155164 1.690263337 1.592446261 1.565587382 1.560561936 1.510886596 0.397999959 0.261297162 0.000000000 0.491604061 1.115218609 1.096130752 1.072475062 1.086538777 1.158722557 1.191707425 1.131738048 1.115333327 1.347321670 1.439299899 1.433072959 1.435733485 1.430156444 1.400183268 1.378957373 1.374544887 1.501184739 1.458451266 1.435172943 1.648625952 1.616124653 1.421868338 1.379635178 1.429319228 1.574732980 1.570433400 1.518651056 1.530909137 1.617792131 1.521473806 1.520266203 1.521676624 1.370375894 1.464848738 1.451252294 1.408542588 1.440359556 1.396385999 1.350861593 3.224034635 
30     1.798109740 1.571665102 1.633773275 1.535956199 1.509097320 1.504071874 1.454396534 0.456092664 0.492873112 0.491604061 0.000000000 1.060699401 1.041611544 1.017955854 1.032366869 1.104262566 1.137247433 1.077575405 1.061348021 1.292824147 1.379738763 1.373645877 1.376172349 1.370595308 1.340622132 1.321761507 1.317349021 1.443879702 1.401146228 1.376252131 1.591473597 1.558972297 1.364148542 1.321397313 1.371487776 1.518187530 1.513887950 1.462140341 1.474398422 1.561281416 1.464963091 1.463755488 1.465165909 1.313745585 1.408303288 1.394706844 1.351997138 1.383814106 1.339840549 1.294126811 3.166370716 
1     1.472756303 1.246028604 1.307795170 1.210045778 1.182773676 1.177748230 1.128072890 1.075163937 1.112164804 1.115218609 1.060699401 0.000000000 0.194269542 0.182874023 0.355671795 0.427857393 0.460732380 0.403698534 0.385439100 0.624979044 1.055672158 1.050166565 1.052105744 1.046956555 1.016983380 1.002894092 0.998391246 1.124688631 1.081955157 1.062275846 1.273047767 1.240766579 1.045790807 1.008587778 1.059052377 1.188198127 1.183898547 1.129249443 1.140069175 1.228752561 1.132415780 1.130864590 1.132221732 0.985282579 1.075241629 1.061645186 1.018935480 1.050752448 1.006540083 0.961022368 2.840549577 
29     1.453663323 1.226935624 1.288702190 1.190952797 1.163680696 1.158655250 1.108979910 1.056076080 1.093076947 1.096130752 1.041611544 0.194269542 0.000000000 0.160335619 0.336204933 0.409134943 0.441979252 0.383861824 0.366280567 0.606252689 1.036666276 1.031160683 1.033099862 1.027950673 0.997977497 0.983889734 0.979386889 1.105693881 1.062960407 1.043281096 1.254966522 1.222465663 1.026721405 0.989623027 1.039982975 1.169128725 1.164829145 1.110180041 1.120999773 1.209301037 1.113346378 1.111795188 1.113152330 0.966213177 1.056172227 1.042575784 0.999866078 1.031683046 0.987470681 0.941952966 2.821480175 
24     1.430007632 1.203279934 1.265046499 1.167297107 1.140025005 1.134999559 1.085324219 1.032420389 1.069421256 1.072475062 1.017955854 0.182874023 0.160335619 0.000000000 0.312954781 0.385980358 0.419153819 0.360807593 0.343158698 0.582953669 1.013010585 1.007504993 1.009444171 1.004294982 0.974321807 0.960234044 0.955731198 1.082038190 1.039304716 1.019625406 1.231310832 1.198809972 1.003065714 0.965862686 1.016327285 1.145473034 1.141173455 1.086524350 1.097344082 1.185647104 1.089690688 1.088139497 1.089496639 0.942557486 1.032516537 1.018920093 0.976210387 1.008027355 0.963814990 0.918297276 2.797824484 
32     1.442450602 1.215722904 1.277489469 1.179740077 1.152467975 1.147442529 1.097767189 1.046842031 1.083837608 1.086538777 1.032366869 0.355671795 0.336204933 0.312954781 0.000000000 0.264073004 0.295525644 0.261724187 0.249127387 0.592519602 1.025450769 1.019945176 1.021884355 1.016744786 0.986771611 0.972862011 0.968347192 1.094666158 1.051932684 1.032253373 1.243938799 1.211437939 1.015693682 0.978595304 1.028955252 1.157932708 1.153633128 1.100423793 1.112681873 1.199337945 1.103246542 1.102038940 1.103396082 0.956352149 1.046072391 1.032475948 0.989766242 1.021583210 0.977609653 0.932091938 2.810338308 
9     1.513888616 1.287160918 1.348927483 1.251178091 1.223905989 1.218880543 1.169205203 1.118737728 1.155733305 1.158722557 1.104262566 0.427857393 0.409134943 0.385980358 0.264073004 0.000000000 0.242864226 0.344345708 0.323807536 0.665400824 1.096537798 1.091032206 1.092971384 1.087831816 1.057858640 1.044091117 1.039525099 1.165895264 1.123161790 1.103482479 1.315167905 1.282667045 1.086922788 1.049824410 1.100184358 1.229161814 1.224862234 1.171652899 1.183910980 1.270567051 1.174475649 1.173268046 1.174625188 1.027581255 1.117301498 1.103705054 1.060995348 1.092812316 1.048838759 1.003321045 2.881567414 
19     1.546846183 1.320118484 1.381885050 1.284135658 1.256863556 1.251838110 1.202162770 1.151722595 1.188718173 1.191707425 1.137247433 0.460732380 0.441979252 0.419153819 0.295525644 0.242864226 0.000000000 0.373773716 0.353058571 0.698604463 1.129492562 1.123986969 1.125926148 1.120786579 1.090813404 1.077050592 1.072491413 1.198854738 1.156121264 1.136441954 1.348127380 1.315626520 1.119882262 1.082783885 1.133143833 1.262110317 1.257810737 1.204601401 1.216859482 1.303515553 1.207424151 1.206216548 1.207573690 1.060529757 1.150250000 1.136653556 1.093943851 1.125760818 1.081787261 1.036269547 2.914469446 
11     1.487113052 1.260385354 1.322151919 1.224402527 1.197130425 1.192104979 1.142429639 1.091970273 1.129020064 1.131738048 1.077575405 0.403698534 0.383861824 0.360807593 0.261724187 0.344345708 0.373773716 0.000000000 0.192212480 0.638607450 1.070175164 1.064669571 1.066608750 1.061469181 1.031496006 1.017586406 1.013054790 1.139390553 1.096657079 1.076977768 1.288663194 1.256162334 1.060418077 1.023319699 1.073679647 1.202507817 1.198208237 1.143208670 1.155466751 1.241878208 1.145357807 1.144767831 1.146124973 0.999720008 1.089411132 1.076000454 1.033104983 1.064921951 1.020948394 0.975430679 2.855000758 
4     1.470941206 1.244213508 1.305980073 1.208230681 1.180958579 1.175933133 1.126257793 1.075818222 1.112813800 1.115333327 1.061348021 0.385439100 0.366280567 0.343158698 0.249127387 0.323807536 0.353058571 0.192212480 0.000000000 0.622714945 1.053575924 1.048070331 1.050009510 1.044881602 1.014908427 1.001145615 0.996613999 1.122949761 1.080216288 1.060536977 1.272222403 1.239721543 1.043977285 1.006878908 1.057238856 1.185995225 1.181695645 1.128696424 1.140954505 1.227610576 1.131519174 1.130311571 1.131668713 0.984624780 1.074345023 1.060748579 1.018038874 1.049855842 1.005882284 0.960364570 2.838564470 
6     1.703955706 1.477228008 1.538994573 1.441245181 1.413973079 1.408947633 1.359272293 1.307350405 1.344345983 1.347321670 1.292824147 0.624979044 0.606252689 0.582953669 0.592519602 0.665400824 0.698604463 0.638607450 0.622714945 0.000000000 1.286944195 1.281438602 1.283377781 1.278240253 1.248267078 1.234333697 1.229839186 1.356137844 1.313404370 1.293725059 1.505410485 1.472909625 1.277165368 1.238747079 1.290426938 1.419412172 1.415112592 1.361903257 1.374161338 1.460817409 1.364726006 1.363518404 1.364875546 1.217831613 1.307551855 1.293955412 1.251245706 1.283062674 1.239089117 1.193571403 3.071771302 
2     1.542996450 1.317097504 1.376412897 1.277643761 1.249693360 1.244667914 1.193177973 1.399148320 1.435814020 1.439299899 1.379738763 1.055672158 1.036666276 1.013010585 1.025450769 1.096537798 1.129492562 1.070175164 1.053575924 1.286944195 0.000000000 0.391945993 0.395291545 0.528836545 0.501726540 1.027443401 1.024696144 1.151071029 1.108337555 1.092615063 1.303818001 1.271271584 1.072367914 1.044100741 1.080158376 1.253362124 1.249062544 1.202262412 1.214520492 1.301107550 1.204835070 1.203732832 1.205168781 1.058408476 1.147565078 1.134061751 1.091354997 1.123167625 1.078932023 1.033703722 2.905166764 
26     1.537553416 1.311654471 1.371127643 1.272200727 1.244250327 1.239224881 1.188044750 1.392938543 1.429587079 1.433072959 1.373645877 1.050166565 1.031160683 1.007504993 1.019945176 1.091032206 1.123986969 1.064669571 1.048070331 1.281438602 0.391945993 0.000000000 0.126443152 0.524090563 0.497280926 1.021999739 1.019252482 1.145627367 1.102893893 1.087171401 1.298374339 1.265827922 1.066924252 1.038657079 1.074714714 1.247949236 1.243649656 1.197166273 1.209424354 1.296038416 1.199870042 1.198636693 1.200072642 1.053522793 1.142608454 1.129103739 1.086398374 1.118211002 1.073975400 1.028729355 2.899787626 
31     1.539430035 1.313531090 1.373004262 1.274077347 1.246126946 1.241101500 1.189921369 1.395581906 1.432247606 1.435733485 1.376172349 1.052105744 1.033099862 1.009444171 1.021884355 1.092971384 1.125926148 1.066608750 1.050009510 1.283377781 0.395291545 0.126443152 0.000000000 0.525654416 0.498828165 1.023859176 1.021111918 1.147486803 1.104753330 1.089030837 1.300233775 1.267687358 1.068783688 1.040516515 1.076574150 1.249825855 1.245526276 1.199042892 1.211300973 1.297915035 1.201746661 1.200513312 1.201949261 1.055399412 1.144485074 1.130980359 1.088274993 1.120087621 1.075852019 1.030605974 2.901664245 
8     1.533539408 1.307640463 1.367196381 1.267981612 1.239845563 1.234820117 1.183931770 1.390004864 1.426670564 1.430156444 1.370595308 1.046956555 1.027950673 1.004294982 1.016744786 1.087831816 1.120786579 1.061469181 1.044881602 1.278240253 0.528836545 0.524090563 0.525654416 0.000000000 0.325229698 1.017172741 1.015493765 1.141976535 1.099243061 1.083678908 1.294724295 1.262177878 1.063345273 1.034950480 1.071008115 1.243590556 1.239290976 1.193338172 1.205596252 1.292267635 1.196041941 1.194808592 1.196244541 1.049694692 1.138644285 1.125275638 1.082570272 1.114382900 1.070147299 1.024901254 2.896467325 
14     1.503566233 1.277667287 1.337223206 1.237770243 1.209894499 1.204869054 1.153980707 1.360031689 1.396697389 1.400183268 1.340622132 1.016983380 0.997977497 0.974321807 0.986771611 1.057858640 1.090813404 1.031496006 1.014908427 1.248267078 0.501726540 0.497280926 0.498828165 0.325229698 0.000000000 0.987140487 0.985522685 1.112005455 1.069271981 1.053706606 1.264753215 1.232206798 1.033374193 1.004979401 1.041037035 1.213577022 1.209277442 1.163304551 1.175562632 1.262234014 1.166008320 1.164774971 1.166210920 1.019661071 1.108614391 1.095240939 1.052535574 1.084348202 1.040093243 0.994867633 2.866475297 
5     1.481226959 1.255412186 1.314766276 1.215622820 1.192445850 1.187416327 1.137638611 1.338805793 1.375471494 1.378957373 1.321761507 1.002894092 0.983889734 0.960234044 0.972862011 1.044091117 1.077050592 1.017586406 1.001145615 1.234333697 1.027443401 1.021999739 1.023859176 1.017172741 0.987140487 0.000000000 0.436823081 0.861863312 0.819086563 0.802175808 1.009613113 0.977492455 0.780806500 0.761160085 0.795370965 1.191862796 1.187563217 1.138280053 1.150538134 1.236877756 1.140610397 1.139708774 1.141133143 0.994603118 1.083808674 1.069823824 1.027031007 1.058876059 1.014118508 0.969807590 2.856936100 
15     1.476052250 1.250322525 1.309676615 1.209489351 1.187142752 1.182113229 1.132335514 1.334393307 1.371132572 1.374544887 1.317349021 0.998391246 0.979386889 0.955731198 0.968347192 1.039525099 1.072491413 1.013054790 0.996613999 1.229839186 1.024696144 1.019252482 1.021111918 1.015493765 0.985522685 0.436823081 0.000000000 0.857680577 0.814903828 0.797671515 1.005649847 0.973582011 0.777015739 0.757366712 0.791577591 1.187580915 1.183281335 1.134388116 1.146646196 1.232985819 1.136718459 1.135825313 1.137241206 0.990711180 1.079916736 1.065931887 1.023151586 1.054996639 1.010289792 0.965915652 2.852632913 
12     1.605637558 1.380002648 1.439603460 1.339686094 1.315598275 1.310568752 1.260791036 1.461033160 1.497698860 1.501184739 1.443879702 1.124688631 1.105693881 1.082038190 1.094666158 1.165895264 1.198854738 1.139390553 1.122949761 1.356137844 1.151071029 1.145627367 1.147486803 1.141976535 1.112005455 0.861863312 0.857680577 0.000000000 0.226258433 0.628234499 1.109326437 1.077161409 0.901312715 0.882744026 0.916738562 1.316032963 1.311733383 1.262283610 1.274541690 1.361289434 1.265022074 1.263744651 1.265136700 1.118514945 1.207774806 1.194198078 1.151437588 1.183282640 1.138759785 1.093735226 2.980197204 
7     1.562904085 1.337269174 1.396869986 1.296952620 1.272864801 1.267835278 1.218057563 1.418299686 1.454965386 1.458451266 1.401146228 1.081955157 1.062960407 1.039304716 1.051932684 1.123161790 1.156121264 1.096657079 1.080216288 1.313404370 1.108337555 1.102893893 1.104753330 1.099243061 1.069271981 0.819086563 0.814903828 0.226258433 0.000000000 0.585527369 1.066824382 1.034659354 0.858274398 0.839705709 0.873700245 1.273299489 1.268999909 1.219550136 1.231808216 1.318555960 1.222288601 1.221011177 1.222403226 1.075781472 1.165041332 1.151464604 1.108704114 1.140549166 1.096026311 1.051001752 2.937463730 
16     1.545684313 1.320049403 1.379650215 1.280637059 1.256363902 1.251334379 1.201556664 1.395021363 1.431687064 1.435172943 1.376252131 1.062275846 1.043281096 1.019625406 1.032253373 1.103482479 1.136441954 1.076977768 1.060536977 1.293725059 1.092615063 1.087171401 1.089030837 1.083678908 1.053706606 0.802175808 0.797671515 0.628234499 0.585527369 0.000000000 1.049163653 1.016379407 0.839302161 0.821688670 0.855689105 1.255356473 1.251056893 1.202423265 1.214681345 1.301429089 1.205161729 1.203884306 1.205276355 1.058630827 1.147951885 1.134375157 1.091614667 1.123459719 1.078974233 1.033930896 2.920369950 
22     1.755303203 1.529608221 1.588953149 1.490255949 1.465982792 1.460953269 1.411175554 1.608474373 1.645213638 1.648625952 1.591473597 1.273047767 1.254966522 1.231310832 1.243938799 1.315167905 1.348127380 1.288663194 1.272222403 1.505410485 1.303818001 1.298374339 1.300233775 1.294724295 1.264753215 1.009613113 1.005649847 1.109326437 1.066824382 1.049163653 0.000000000 0.635035602 1.043743903 1.025108811 1.059168540 1.462362937 1.458063357 1.412267720 1.424525801 1.511273544 1.415006185 1.413717145 1.415120810 1.268587366 1.357796340 1.344219612 1.301457561 1.333302614 1.288737774 1.243802396 3.129726434 
34     1.722745945 1.497050963 1.556395891 1.457698691 1.433391371 1.428361849 1.378584133 1.575973073 1.612712338 1.616124653 1.558972297 1.240766579 1.222465663 1.198809972 1.211437939 1.282667045 1.315626520 1.256162334 1.239721543 1.472909625 1.271271584 1.265827922 1.267687358 1.262177878 1.232206798 0.977492455 0.973582011 1.077161409 1.034659354 1.016379407 0.635035602 0.000000000 1.011521646 0.992888631 1.026948361 1.433013365 1.428713785 1.379798040 1.392056121 1.478803865 1.382536505 1.381247466 1.382651130 1.236111858 1.325326661 1.311749932 1.268987882 1.300832934 1.256277224 1.211319337 3.097313601 
18     1.526755139 1.301060157 1.360660969 1.261707885 1.237436398 1.232406875 1.182629160 1.381728112 1.418382459 1.421868338 1.364148542 1.045790807 1.026721405 1.003065714 1.015693682 1.086922788 1.119882262 1.060418077 1.043977285 1.277165368 1.072367914 1.066924252 1.068783688 1.063345273 1.033374193 0.780806500 0.777015739 0.901312715 0.858274398 0.839302161 1.043743903 1.011521646 0.000000000 0.603287175 0.638854196 1.235320551 1.231020971 1.182608005 1.194866086 1.281446804 1.184839159 1.184094919 1.185486968 1.039085058 1.128177837 1.114192987 1.071436605 1.103277318 1.058797186 1.014282300 2.901003527 
20     1.505134083 1.279439101 1.339039913 1.240086828 1.215817288 1.210787765 1.161010050 1.339483599 1.376149299 1.379635178 1.321397313 1.008587778 0.989623027 0.965862686 0.978595304 1.049824410 1.082783885 1.023319699 1.006878908 1.238747079 1.044100741 1.038657079 1.040516515 1.034950480 1.004979401 0.761160085 0.757366712 0.882744026 0.839705709 0.821688670 1.025108811 0.992888631 0.603287175 0.000000000 0.283532340 1.214199318 1.209899738 1.161245245 1.173503326 1.260195718 1.163575589 1.162706286 1.164098336 1.017526840 1.106841065 1.092781061 1.050023350 1.081864063 1.037385260 0.992851461 2.863160478 
17     1.539574968 1.313879986 1.373480798 1.274527714 1.250160331 1.245130809 1.195253199 1.389167648 1.425833349 1.429319228 1.371487776 1.059052377 1.039982975 1.016327285 1.028955252 1.100184358 1.133143833 1.073679647 1.057238856 1.290426938 1.080158376 1.074714714 1.076574150 1.071008115 1.041037035 0.795370965 0.791577591 0.916738562 0.873700245 0.855689105 1.059168540 1.026948361 0.638854196 0.283532340 0.000000000 1.249141653 1.244842073 1.196187581 1.208445662 1.295138054 1.198517925 1.197648622 1.199040671 1.052469175 1.141783401 1.127723396 1.084965685 1.116806398 1.072327595 1.027793797 2.911627392 
42     1.671450227 1.445703138 1.506189040 1.409037913 1.380912301 1.376005630 1.326318965 1.534581400 1.571247100 1.574732980 1.518187530 1.188198127 1.169128725 1.145473034 1.157932708 1.229161814 1.262110317 1.202507817 1.185995225 1.419412172 1.253362124 1.247949236 1.249825855 1.243590556 1.213577022 1.191862796 1.187580915 1.316032963 1.273299489 1.255356473 1.462362937 1.433013365 1.235320551 1.214199318 1.249141653 0.000000000 0.121549090 1.191207964 1.203466044 1.290119322 1.193356144 1.192711176 1.194148591 1.048175293 1.136835074 1.122640557 1.080055153 1.111815547 1.067430268 1.022782407 2.995504063 
49     1.667150647 1.441403559 1.501889460 1.404738333 1.376612721 1.371706050 1.322019385 1.530281820 1.566947521 1.570433400 1.513887950 1.183898547 1.164829145 1.141173455 1.153633128 1.224862234 1.257810737 1.198208237 1.181695645 1.415112592 1.249062544 1.243649656 1.245526276 1.239290976 1.209277442 1.187563217 1.183281335 1.311733383 1.268999909 1.251056893 1.458063357 1.428713785 1.231020971 1.209899738 1.244842073 0.121549090 0.000000000 1.186908384 1.199166464 1.285819742 1.189056564 1.188411596 1.189849011 1.043875713 1.132535494 1.118340977 1.075755573 1.107515967 1.063130688 1.018482827 2.991204483 
38     1.612620838 1.387187568 1.447762314 1.350506580 1.323163541 1.318595796 1.268777226 1.478499476 1.514789971 1.518651056 1.462140341 1.129249443 1.110180041 1.086524350 1.100423793 1.171652899 1.204601401 1.143208670 1.128696424 1.361903257 1.202262412 1.197166273 1.199042892 1.193338172 1.163304551 1.138280053 1.134388116 1.262283610 1.219550136 1.202423265 1.412267720 1.379798040 1.182608005 1.161245245 1.196187581 1.191207964 1.186908384 0.000000000 0.202264223 0.439475960 0.335049057 0.363698801 0.366533434 0.456872198 0.540918949 0.530246820 0.484874000 0.517613097 0.474085737 0.429525551 2.935944785 
45     1.624878919 1.399445649 1.460020394 1.362764661 1.335421621 1.330853877 1.280992857 1.490757557 1.527048052 1.530909137 1.474398422 1.140069175 1.120999773 1.097344082 1.112681873 1.183910980 1.216859482 1.155466751 1.140954505 1.374161338 1.214520492 1.209424354 1.211300973 1.205596252 1.175562632 1.150538134 1.146646196 1.274541690 1.231808216 1.214681345 1.424525801 1.392056121 1.194866086 1.173503326 1.208445662 1.203466044 1.199166464 0.202264223 0.000000000 0.449520174 0.343971862 0.373885084 0.378670314 0.468669127 0.554033476 0.543369032 0.498179008 0.530779050 0.486112679 0.441858497 2.948202866 
50     1.713270633 1.487505566 1.548080312 1.450824578 1.422519547 1.417951803 1.368108280 1.577640552 1.613931046 1.617792131 1.561281416 1.228752561 1.209301037 1.185647104 1.199337945 1.270567051 1.303515553 1.241878208 1.227610576 1.460817409 1.301107550 1.296038416 1.297915035 1.292267635 1.262234014 1.236877756 1.232985819 1.361289434 1.318555960 1.301429089 1.511273544 1.478803865 1.281446804 1.260195718 1.295138054 1.290119322 1.285819742 0.439475960 0.449520174 0.000000000 0.329935695 0.462393745 0.474667449 0.556121651 0.641410981 0.628109265 0.583507910 0.615845903 0.572360546 0.529019735 3.035255532 
37     1.616957431 1.391192363 1.451767109 1.354511376 1.326206344 1.321638600 1.271820971 1.481322226 1.517612721 1.521473806 1.464963091 1.132415780 1.113346378 1.089690688 1.103246542 1.174475649 1.207424151 1.145357807 1.131519174 1.364726006 1.204835070 1.199870042 1.201746661 1.196041941 1.166008320 1.140610397 1.136718459 1.265022074 1.222288601 1.205161729 1.415006185 1.382536505 1.184839159 1.163575589 1.198517925 1.193356144 1.189056564 0.335049057 0.343971862 0.329935695 0.000000000 0.365375805 0.376824741 0.459615646 0.543669025 0.530318224 0.485703885 0.518099105 0.475319314 0.431579775 2.938681628 
39     1.615720683 1.389955615 1.450530361 1.353274628 1.324894223 1.320406691 1.270586700 1.480114623 1.516405118 1.520266203 1.463755488 1.130864590 1.111795188 1.088139497 1.102038940 1.173268046 1.206216548 1.144767831 1.130311571 1.363518404 1.203732832 1.198636693 1.200513312 1.194808592 1.164774971 1.139708774 1.135825313 1.263744651 1.221011177 1.203884306 1.413717145 1.381247466 1.184094919 1.162706286 1.197648622 1.192711176 1.188411596 0.363698801 0.373885084 0.462393745 0.365375805 0.000000000 0.255893153 0.460151914 0.544798876 0.533534648 0.489232711 0.520436556 0.476622867 0.430402832 2.937456108 
43     1.616684129 1.390919062 1.451493808 1.354238074 1.325377180 1.320658544 1.270926318 1.481525045 1.517815539 1.521676624 1.465165909 1.132221732 1.113152330 1.089496639 1.103396082 1.174625188 1.207573690 1.146124973 1.131668713 1.364875546 1.205168781 1.200072642 1.201949261 1.196244541 1.166210920 1.141133143 1.137241206 1.265136700 1.222403226 1.205276355 1.415120810 1.382651130 1.185486968 1.164098336 1.199040671 1.194148591 1.189849011 0.366533434 0.378670314 0.474667449 0.376824741 0.255893153 0.000000000 0.462425530 0.545456392 0.534320902 0.489719520 0.521409451 0.478044596 0.432507676 2.938884060 
47     1.470644064 1.244838507 1.305413253 1.208157519 1.179862711 1.175330071 1.125553228 1.330351689 1.366514809 1.370375894 1.313745585 0.985282579 0.966213177 0.942557486 0.956352149 1.027581255 1.060529757 0.999720008 0.984624780 1.217831613 1.058408476 1.053522793 1.055399412 1.049694692 1.019661071 0.994603118 0.990711180 1.118514945 1.075781472 1.058630827 1.268587366 1.236111858 1.039085058 1.017526840 1.052469175 1.048175293 1.043875713 0.456872198 0.468669127 0.556121651 0.459615646 0.460151914 0.462425530 0.000000000 0.372063505 0.358519842 0.315033889 0.348700364 0.303778576 0.259120592 2.792466828 
36     1.559762695 1.333957138 1.394531884 1.297276151 1.268997308 1.264448703 1.214662662 1.424697158 1.460974310 1.464848738 1.408303288 1.075241629 1.056172227 1.032516537 1.046072391 1.117301498 1.150250000 1.089411132 1.074345023 1.307551855 1.147565078 1.142608454 1.144485074 1.138644285 1.108614391 1.083808674 1.079916736 1.207774806 1.165041332 1.147951885 1.357796340 1.325326661 1.128177837 1.106841065 1.141783401 1.136835074 1.132535494 0.540918949 0.554033476 0.641410981 0.543669025 0.544798876 0.545456392 0.372063505 0.000000000 0.304010651 0.257307506 0.286987236 0.305300670 0.330158842 2.881598915 
46     1.546200947 1.320395390 1.380970136 1.283714403 1.255475457 1.250886955 1.201100914 1.411100715 1.447377867 1.451252294 1.394706844 1.061645186 1.042575784 1.018920093 1.032475948 1.103705054 1.136653556 1.076000454 1.060748579 1.293955412 1.134061751 1.129103739 1.130980359 1.125275638 1.095240939 1.069823824 1.065931887 1.194198078 1.151464604 1.134375157 1.344219612 1.311749932 1.114192987 1.092781061 1.127723396 1.122640557 1.118340977 0.530246820 0.543369032 0.628109265 0.530318224 0.533534648 0.534320902 0.358519842 0.304010651 0.000000000 0.231958223 0.254519067 0.293688896 0.317331130 2.867987492 
40     1.503108551 1.277302994 1.337251664 1.240343270 1.212521027 1.207932524 1.158146484 1.368391009 1.404668161 1.408542588 1.351997138 1.018935480 0.999866078 0.976210387 0.989766242 1.060995348 1.093943851 1.033104983 1.018038874 1.251245706 1.091354997 1.086398374 1.088274993 1.082570272 1.052535574 1.027031007 1.023151586 1.151437588 1.108704114 1.091614667 1.301457561 1.268987882 1.071436605 1.050023350 1.084965685 1.080055153 1.075755573 0.484874000 0.498179008 0.583507910 0.485703885 0.489232711 0.489719520 0.315033889 0.257307506 0.231958223 0.000000000 0.171924607 0.244088679 0.277202843 2.825303757 
41     1.535301980 1.309496423 1.370071169 1.272815436 1.244553773 1.239987988 1.190201947 1.400207977 1.436485129 1.440359556 1.383814106 1.050752448 1.031683046 1.008027355 1.021583210 1.092812316 1.125760818 1.064921951 1.049855842 1.283062674 1.123167625 1.118211002 1.120087621 1.114382900 1.084348202 1.058876059 1.054996639 1.183282640 1.140549166 1.123459719 1.333302614 1.300832934 1.103277318 1.081864063 1.116806398 1.111815547 1.107515967 0.517613097 0.530779050 0.615845903 0.518099105 0.520436556 0.521409451 0.348700364 0.286987236 0.254519067 0.171924607 0.000000000 0.277686803 0.309329029 2.857116385 
48     1.491321103 1.265572386 1.326147132 1.228891398 1.200555715 1.196007110 1.146221070 1.356234420 1.392422618 1.396385999 1.339840549 1.006540083 0.987470681 0.963814990 0.977609653 1.048838759 1.081787261 1.020948394 1.005882284 1.239089117 1.078932023 1.073975400 1.075852019 1.070147299 1.040093243 1.014118508 1.010289792 1.138759785 1.096026311 1.078974233 1.288737774 1.256277224 1.058797186 1.037385260 1.072327595 1.067430268 1.063130688 0.474085737 0.486112679 0.572360546 0.475319314 0.476622867 0.478044596 0.303778576 0.305300670 0.293688896 0.244088679 0.277686803 0.000000000 0.264046291 2.813123053 
44     1.445779301 1.219967736 1.280542482 1.183286749 1.155036631 1.150465309 1.100678009 1.310710013 1.346987165 1.350861593 1.294126811 0.961022368 0.941952966 0.918297276 0.932091938 1.003321045 1.036269547 0.975430679 0.960364570 1.193571403 1.033703722 1.028729355 1.030605974 1.024901254 0.994867633 0.969807590 0.965915652 1.093735226 1.051001752 1.033930896 1.243802396 1.211319337 1.014282300 0.992851461 1.027793797 1.022782407 1.018482827 0.429525551 0.441858497 0.529019735 0.431579775 0.430402832 0.432507676 0.259120592 0.330158842 0.317331130 0.277202843 0.309329029 0.264046291 0.000000000 2.767615520 
0     3.331123035 3.105130248 3.165878519 3.067892924 3.039340751 3.034077580 2.984598020 3.183883055 3.220548756 3.224034635 3.166370716 2.840549577 2.821480175 2.797824484 2.810338308 2.881567414 2.914469446 2.855000758 2.838564470 3.071771302 2.905166764 2.899787626 2.901664245 2.896467325 2.866475297 2.856936100 2.852632913 2.980197204 2.937463730 2.920369950 3.129726434 3.097313601 2.901003527 2.863160478 2.911627392 2.995504063 2.991204483 2.935944785 2.948202866 3.035255532 2.938681628 2.937456108 2.938884060 2.792466828 2.881598915 2.867987492 2.825303757 2.857116385 2.813123053 2.767615520 0.000000000 
