51
27     0.000000000 0.000567580 0.000572660 0.000561340 0.000283060 0.000361560 0.000244990 0.000896450 0.000953100 0.000967240 0.000891490 0.000570370 0.000564030 0.000558360 0.000583850 0.000583970 0.000587950 0.000635860 0.000610770 0.000594340 0.000535100 0.000559140 0.000559840 0.000535900 0.000626760 0.000552370 0.000511980 0.000654310 0.000655180 0.000618970 0.000536050 0.000524400 0.000546880 0.000502620 0.000506990 0.000674220 0.000689970 0.000486140 0.000494910 0.000588560 0.000557180 0.000510650 0.000568750 0.000536640 0.000658360 0.000562410 0.000584330 0.000593060 0.000572260 0.000517760 0.001595560 
3     0.000567580 0.000000000 0.000097820 0.000100400 0.000556940 0.000635440 0.000518870 0.001130190 0.001186840 0.001200980 0.001125230 0.000804110 0.000797770 0.000792100 0.000817590 0.000817710 0.000821690 0.000869600 0.000844510 0.000828080 0.000768840 0.000792880 0.000793580 0.000769640 0.000860500 0.000786110 0.000745720 0.000888050 0.000888920 0.000852710 0.000769790 0.000758140 0.000780620 0.000736360 0.000740730 0.000907960 0.000923710 0.000719880 0.000728650 0.000822300 0.000790920 0.000744390 0.000802490 0.000770380 0.000892100 0.000796150 0.000818070 0.000826800 0.000806000 0.000751500 0.001829300 
28     0.000572660 0.000097820 0.000000000 0.000140440 0.000562020 0.000640520 0.000523950 0.001135270 0.001191920 0.001206060 0.001130310 0.000809190 0.000802850 0.000797180 0.000822670 0.000822790 0.000826770 0.000874680 0.000849590 0.000833160 0.000773920 0.000797960 0.000798660 0.000774720 0.000865580 0.000791190 0.000750800 0.000893130 0.000894000 0.000857790 0.000774870 0.000763220 0.000785700 0.000741440 0.000745810 0.000913040 0.000928790 0.000724960 0.000733730 0.000827380 0.000796000 0.000749470 0.000807570 0.000775460 0.000897180 0.000801230 0.000823150 0.000831880 0.000811080 0.000756580 0.001834380 
13     0.000561340 0.000100400 0.000140440 0.000000000 0.000550700 0.000629200 0.000512630 0.001123950 0.001180600 0.001194740 0.001118990 0.000797870 0.000791530 0.000785860 0.000811350 0.000811470 0.000815450 0.000863360 0.000838270 0.000821840 0.000762600 0.000786640 0.000787340 0.000763400 0.000854260 0.000779870 0.000739480 0.000881810 0.000882680 0.000846470 0.000763550 0.000751900 0.000774380 0.000730120 0.000734490 0.000901720 0.000917470 0.000713640 0.000722410 0.000816060 0.000784680 0.000738150 0.000796250 0.000764140 0.000885860 0.000789910 0.000811830 0.000820560 0.000799760 0.000745260 0.001823060 
25     0.000283060 0.000556940 0.000562020 0.000550700 0.000000000 0.000007840 0.000124590 0.000885810 0.000942460 0.000956600 0.000685810 0.000559730 0.000553390 0.000547720 0.000573210 0.000573330 0.000577310 0.000625220 0.000600130 0.000583700 0.000524460 0.000548500 0.000549200 0.000525260 0.000616120 0.000541730 0.000501340 0.000643670 0.000644540 0.000608330 0.000525410 0.000513760 0.000536240 0.000491980 0.000496350 0.000663580 0.000679330 0.000475500 0.000484270 0.000577920 0.000546540 0.000500010 0.000558110 0.000526000 0.000647720 0.000551770 0.000573690 0.000582420 0.000561620 0.000507120 0.001388220 
23     0.000361560 0.000635440 0.000640520 0.000629200 0.000007840 0.000000000 0.000120100 0.000964310 0.001020960 0.001035100 0.000677970 0.000638230 0.000631890 0.000626220 0.000651710 0.000651830 0.000655810 0.000703720 0.000678630 0.000662200 0.000602960 0.000627000 0.000627700 0.000603760 0.000694620 0.000620230 0.000579840 0.000722170 0.000723040 0.000686830 0.000603910 0.000592260 0.000614740 0.000570480 0.000574850 0.000742080 0.000757830 0.000554000 0.000562770 0.000656420 0.000625040 0.000578510 0.000636610 0.000604500 0.000726220 0.000630270 0.000652190 0.000660920 0.000640120 0.000585620 0.001380380 
10     0.000244990 0.000518870 0.000523950 0.000512630 0.000124590 0.000120100 0.000000000 0.000847740 0.000904390 0.000918530 0.000795910 0.000521660 0.000515320 0.000509650 0.000535140 0.000535260 0.000539240 0.000587150 0.000562060 0.000545630 0.000486390 0.000510430 0.000511130 0.000487190 0.000578050 0.000503660 0.000463270 0.000605600 0.000606470 0.000570260 0.000487340 0.000475690 0.000498170 0.000453910 0.000458280 0.000625510 0.000641260 0.000437430 0.000446200 0.000539850 0.000508470 0.000461940 0.000520040 0.000487930 0.000609650 0.000513700 0.000535620 0.000544350 0.000523550 0.000469050 0.001498320 
21     0.000896450 0.001130190 0.001135270 0.001123950 0.000885810 0.000964310 0.000847740 0.000000000 0.000097110 0.000106350 0.000061960 0.000639400 0.000633060 0.000627390 0.000652880 0.000653000 0.000656980 0.000704890 0.000679800 0.000663370 0.000725310 0.000602690 0.000592310 0.000726110 0.000816970 0.000741640 0.000701250 0.000843580 0.000844450 0.000808240 0.000725320 0.000713670 0.000736150 0.000691890 0.000696260 0.000596650 0.000534630 0.000676350 0.000685120 0.000778770 0.000747390 0.000700860 0.000758960 0.000726850 0.000814310 0.000752620 0.000774540 0.000783270 0.000719840 0.000658960 0.001785770 
33     0.000953100 0.001186840 0.001191920 0.001180600 0.000942460 0.001020960 0.000904390 0.000097110 0.000000000 0.000167900 0.000118610 0.000696050 0.000689710 0.000684040 0.000709530 0.000709650 0.000713630 0.000761540 0.000736450 0.000720020 0.000781960 0.000761340 0.000750960 0.000782760 0.000873620 0.000798290 0.000757900 0.000900230 0.000901100 0.000864890 0.000781970 0.000770320 0.000792800 0.000748540 0.000752910 0.000755300 0.000693280 0.000733000 0.000741770 0.000835420 0.000804040 0.000757510 0.000815610 0.000783500 0.000905220 0.000809270 0.000831190 0.000839920 0.000819120 0.000764620 0.001842420 
35     0.000967240 0.001200980 0.001206060 0.001194740 0.000956600 0.001035100 0.000918530 0.000106350 0.000167900 0.000000000 0.000132750 0.000710190 0.000703850 0.000698180 0.000723670 0.000723790 0.000727770 0.000775680 0.000750590 0.000734160 0.000796100 0.000820140 0.000820840 0.000796900 0.000887760 0.000812430 0.000772040 0.000914370 0.000915240 0.000879030 0.000796110 0.000784460 0.000806940 0.000762680 0.000767050 0.000842740 0.000780720 0.000747140 0.000755910 0.000849560 0.000818180 0.000771650 0.000829750 0.000797640 0.000919360 0.000823410 0.000845330 0.000854060 0.000833260 0.000778760 0.001856560 
30     0.000891490 0.001125230 0.001130310 0.001118990 0.000685810 0.000677970 0.000795910 0.000061960 0.000118610 0.000132750 0.000000000 0.000634440 0.000628100 0.000622430 0.000546200 0.000648040 0.000652020 0.000682060 0.000599820 0.000554550 0.000720350 0.000554540 0.000544160 0.000721150 0.000812010 0.000374490 0.000370560 0.000838620 0.000716210 0.000658300 0.000720360 0.000708710 0.000731190 0.000686930 0.000691300 0.000548500 0.000486480 0.000671390 0.000680160 0.000646780 0.000742430 0.000695900 0.000754000 0.000721890 0.000766160 0.000722920 0.000769580 0.000778310 0.000671690 0.000610810 0.001071970 
1     0.000570370 0.000804110 0.000809190 0.000797870 0.000559730 0.000638230 0.000521660 0.000639400 0.000696050 0.000710190 0.000634440 0.000000000 0.000036220 0.000065530 0.000091020 0.000091140 0.000095120 0.000143030 0.000117940 0.000094910 0.000399230 0.000423270 0.000423970 0.000400030 0.000490890 0.000415560 0.000375170 0.000517500 0.000518370 0.000482160 0.000399240 0.000387590 0.000410070 0.000365810 0.000370180 0.000534510 0.000472490 0.000350270 0.000359040 0.000452690 0.000421310 0.000374780 0.000432880 0.000400770 0.000522490 0.000426540 0.000448460 0.000457190 0.000436390 0.000381890 0.001459690 
29     0.000564030 0.000797770 0.000802850 0.000791530 0.000553390 0.000631890 0.000515320 0.000633060 0.000689710 0.000703850 0.000628100 0.000036220 0.000000000 0.000059190 0.000084680 0.000084800 0.000088780 0.000136690 0.000111600 0.000088570 0.000392890 0.000416930 0.000417630 0.000393690 0.000484550 0.000409220 0.000368830 0.000511160 0.000512030 0.000475820 0.000392900 0.000381250 0.000403730 0.000359470 0.000363840 0.000532010 0.000547760 0.000343930 0.000352700 0.000446350 0.000414970 0.000368440 0.000426540 0.000394430 0.000516150 0.000420200 0.000442120 0.000450850 0.000430050 0.000375550 0.001453350 
24     0.000558360 0.000792100 0.000797180 0.000785860 0.000547720 0.000626220 0.000509650 0.000627390 0.000684040 0.000698180 0.000622430 0.000065530 0.000059190 0.000000000 0.000066630 0.000066630 0.000070610 0.000118520 0.000093550 0.000089500 0.000387220 0.000411260 0.000411960 0.000388020 0.000478880 0.000403550 0.000363160 0.000505490 0.000506360 0.000470150 0.000387230 0.000375580 0.000398060 0.000353800 0.000358170 0.000449120 0.000387100 0.000338260 0.000347030 0.000440680 0.000409300 0.000362770 0.000420870 0.000388760 0.000510480 0.000414530 0.000436450 0.000445180 0.000424380 0.000369880 0.001447680 
32     0.000583850 0.000817590 0.000822670 0.000811350 0.000573210 0.000651710 0.000535140 0.000652880 0.000709530 0.000723670 0.000546200 0.000091020 0.000084680 0.000066630 0.000000000 0.000092240 0.000096220 0.000144130 0.000053760 0.000114990 0.000412710 0.000436750 0.000437450 0.000413510 0.000504370 0.000429040 0.000388650 0.000530980 0.000531850 0.000495640 0.000412720 0.000401070 0.000423550 0.000379290 0.000383660 0.000483410 0.000421390 0.000363750 0.000372520 0.000466170 0.000434790 0.000388260 0.000446360 0.000414250 0.000535970 0.000440020 0.000461940 0.000470670 0.000449870 0.000395370 0.001473170 
9     0.000583970 0.000817710 0.000822790 0.000811470 0.000573330 0.000651830 0.000535260 0.000653000 0.000709650 0.000723790 0.000648040 0.000091140 0.000084800 0.000066630 0.000092240 0.000000000 0.000018380 0.000116490 0.000119160 0.000115110 0.000412830 0.000436870 0.000437570 0.000413630 0.000504490 0.000429160 0.000388770 0.000531100 0.000531970 0.000495760 0.000412840 0.000401190 0.000423670 0.000379410 0.000383780 0.000551950 0.000567700 0.000363870 0.000372640 0.000466290 0.000434910 0.000388380 0.000446480 0.000414370 0.000536090 0.000440140 0.000462060 0.000470790 0.000449990 0.000395490 0.001473290 
19     0.000587950 0.000821690 0.000826770 0.000815450 0.000577310 0.000655810 0.000539240 0.000656980 0.000713630 0.000727770 0.000652020 0.000095120 0.000088780 0.000070610 0.000096220 0.000018380 0.000000000 0.000120470 0.000123140 0.000119090 0.000416810 0.000440850 0.000441550 0.000417610 0.000508470 0.000433140 0.000392750 0.000535080 0.000535950 0.000499740 0.000416820 0.000405170 0.000427650 0.000383390 0.000387760 0.000492640 0.000430620 0.000367850 0.000376620 0.000470270 0.000438890 0.000392360 0.000450460 0.000418350 0.000540070 0.000444120 0.000466040 0.000474770 0.000453970 0.000399470 0.001477270 
11     0.000635860 0.000869600 0.000874680 0.000863360 0.000625220 0.000703720 0.000587150 0.000704890 0.000761540 0.000775680 0.000682060 0.000143030 0.000136690 0.000118520 0.000144130 0.000116490 0.000120470 0.000000000 0.000171050 0.000167000 0.000464720 0.000447020 0.000436640 0.000465520 0.000556380 0.000481050 0.000440660 0.000582990 0.000583860 0.000547650 0.000464730 0.000453080 0.000475560 0.000431300 0.000435670 0.000440980 0.000378960 0.000415760 0.000424530 0.000518180 0.000486800 0.000440270 0.000498370 0.000466260 0.000587980 0.000492030 0.000513950 0.000522680 0.000501880 0.000447380 0.001525180 
4     0.000610770 0.000844510 0.000849590 0.000838270 0.000600130 0.000678630 0.000562060 0.000679800 0.000736450 0.000750590 0.000599820 0.000117940 0.000111600 0.000093550 0.000053760 0.000119160 0.000123140 0.000171050 0.000000000 0.000141910 0.000439630 0.000463670 0.000464370 0.000440430 0.000531290 0.000455960 0.000415570 0.000557900 0.000558770 0.000522560 0.000439640 0.000427990 0.000450470 0.000406210 0.000410580 0.000476230 0.000414210 0.000390670 0.000399440 0.000493090 0.000461710 0.000415180 0.000473280 0.000441170 0.000562890 0.000466940 0.000488860 0.000497590 0.000476790 0.000422290 0.001500090 
6     0.000594340 0.000828080 0.000833160 0.000821840 0.000583700 0.000662200 0.000545630 0.000663370 0.000720020 0.000734160 0.000554550 0.000094910 0.000088570 0.000089500 0.000114990 0.000115110 0.000119090 0.000167000 0.000141910 0.000000000 0.000423200 0.000447240 0.000447940 0.000424000 0.000514860 0.000439530 0.000399140 0.000541470 0.000542340 0.000506130 0.000423210 0.000411560 0.000434040 0.000389780 0.000394150 0.000562320 0.000578070 0.000374240 0.000383010 0.000476660 0.000445280 0.000398750 0.000456850 0.000424740 0.000546460 0.000450510 0.000472430 0.000481160 0.000460360 0.000405860 0.001483660 
2     0.000535100 0.000768840 0.000773920 0.000762600 0.000524460 0.000602960 0.000486390 0.000725310 0.000781960 0.000796100 0.000720350 0.000399230 0.000392890 0.000387220 0.000412710 0.000412830 0.000416810 0.000464720 0.000439630 0.000423200 0.000000000 0.000145900 0.000146600 0.000123360 0.000214220 0.000381230 0.000340840 0.000483170 0.000484040 0.000447830 0.000364910 0.000353260 0.000375740 0.000331480 0.000335850 0.000480700 0.000496450 0.000292620 0.000301390 0.000395040 0.000363660 0.000317130 0.000375230 0.000343120 0.000464840 0.000368890 0.000390810 0.000399540 0.000378740 0.000324240 0.001251960 
26     0.000559140 0.000792880 0.000797960 0.000786640 0.000548500 0.000627000 0.000510430 0.000602690 0.000761340 0.000820140 0.000554540 0.000423270 0.000416930 0.000411260 0.000436750 0.000436870 0.000440850 0.000447020 0.000463670 0.000447240 0.000145900 0.000000000 0.000042720 0.000147400 0.000238260 0.000405270 0.000364880 0.000507210 0.000508080 0.000471870 0.000388950 0.000377300 0.000399780 0.000355520 0.000359890 0.000303860 0.000241840 0.000316660 0.000325430 0.000419080 0.000387700 0.000341170 0.000399270 0.000367160 0.000488880 0.000392930 0.000414850 0.000423580 0.000402780 0.000348280 0.001276000 
31     0.000559840 0.000793580 0.000798660 0.000787340 0.000549200 0.000627700 0.000511130 0.000592310 0.000750960 0.000820840 0.000544160 0.000423970 0.000417630 0.000411960 0.000437450 0.000437570 0.000441550 0.000436640 0.000464370 0.000447940 0.000146600 0.000042720 0.000000000 0.000148100 0.000238960 0.000405970 0.000365580 0.000507910 0.000508780 0.000472570 0.000389650 0.000378000 0.000400480 0.000356220 0.000360590 0.000293480 0.000231460 0.000317360 0.000326130 0.000419780 0.000388400 0.000341870 0.000399970 0.000367860 0.000489580 0.000393630 0.000415550 0.000424280 0.000403480 0.000348980 0.001276700 
8     0.000535900 0.000769640 0.000774720 0.000763400 0.000525260 0.000603760 0.000487190 0.000726110 0.000782760 0.000796900 0.000721150 0.000400030 0.000393690 0.000388020 0.000413510 0.000413630 0.000417610 0.000465520 0.000440430 0.000424000 0.000123360 0.000147400 0.000148100 0.000000000 0.000174540 0.000382030 0.000341640 0.000483970 0.000484840 0.000448630 0.000365710 0.000354060 0.000376540 0.000332280 0.000336650 0.000481500 0.000497250 0.000293420 0.000302190 0.000395840 0.000364460 0.000317930 0.000376030 0.000343920 0.000465640 0.000369690 0.000391610 0.000400340 0.000379540 0.000325040 0.001252760 
14     0.000626760 0.000860500 0.000865580 0.000854260 0.000616120 0.000694620 0.000578050 0.000816970 0.000873620 0.000887760 0.000812010 0.000490890 0.000484550 0.000478880 0.000504370 0.000504490 0.000508470 0.000556380 0.000531290 0.000514860 0.000214220 0.000238260 0.000238960 0.000174540 0.000000000 0.000472890 0.000432500 0.000574830 0.000575700 0.000539490 0.000456570 0.000444920 0.000467400 0.000423140 0.000427510 0.000572360 0.000524920 0.000384280 0.000393050 0.000486700 0.000455320 0.000408790 0.000466890 0.000434780 0.000556500 0.000460550 0.000482470 0.000491200 0.000470400 0.000415900 0.001343620 
5     0.000552370 0.000786110 0.000791190 0.000779870 0.000541730 0.000620230 0.000503660 0.000741640 0.000798290 0.000812430 0.000374490 0.000415560 0.000409220 0.000403550 0.000429040 0.000429160 0.000433140 0.000481050 0.000455960 0.000439530 0.000381230 0.000405270 0.000405970 0.000382030 0.000472890 0.000000000 0.000106190 0.000394900 0.000395770 0.000359560 0.000276640 0.000264990 0.000287470 0.000243210 0.000247580 0.000520350 0.000536100 0.000332270 0.000341040 0.000434690 0.000403310 0.000356780 0.000414880 0.000382770 0.000504490 0.000408540 0.000430460 0.000439190 0.000418390 0.000363890 0.001076900 
15     0.000511980 0.000745720 0.000750800 0.000739480 0.000501340 0.000579840 0.000463270 0.000701250 0.000757900 0.000772040 0.000370560 0.000375170 0.000368830 0.000363160 0.000388650 0.000388770 0.000392750 0.000440660 0.000415570 0.000399140 0.000340840 0.000364880 0.000365580 0.000341640 0.000432500 0.000106190 0.000000000 0.000354510 0.000355380 0.000319170 0.000236250 0.000224600 0.000247080 0.000202820 0.000207190 0.000479960 0.000495710 0.000291880 0.000300650 0.000394300 0.000362920 0.000316390 0.000374490 0.000342380 0.000464100 0.000368150 0.000390070 0.000398800 0.000378000 0.000323500 0.001072970 
12     0.000654310 0.000888050 0.000893130 0.000881810 0.000643670 0.000722170 0.000605600 0.000843580 0.000900230 0.000914370 0.000838620 0.000517500 0.000511160 0.000505490 0.000530980 0.000531100 0.000535080 0.000582990 0.000557900 0.000541470 0.000483170 0.000507210 0.000507910 0.000483970 0.000574830 0.000394900 0.000354510 0.000000000 0.000134730 0.000321060 0.000361400 0.000349750 0.000379930 0.000335670 0.000340040 0.000622290 0.000638040 0.000434210 0.000442980 0.000536630 0.000505250 0.000458720 0.000516820 0.000484710 0.000606430 0.000510480 0.000532400 0.000541130 0.000520330 0.000465830 0.001543630 
7     0.000655180 0.000888920 0.000894000 0.000882680 0.000644540 0.000723040 0.000606470 0.000844450 0.000901100 0.000915240 0.000716210 0.000518370 0.000512030 0.000506360 0.000531850 0.000531970 0.000535950 0.000583860 0.000558770 0.000542340 0.000484040 0.000508080 0.000508780 0.000484840 0.000575700 0.000395770 0.000355380 0.000134730 0.000000000 0.000321930 0.000362270 0.000350620 0.000380800 0.000336540 0.000340910 0.000623160 0.000638910 0.000435080 0.000443850 0.000537500 0.000506120 0.000459590 0.000517690 0.000485580 0.000607300 0.000511350 0.000533270 0.000542000 0.000521200 0.000466700 0.001418620 
16     0.000618970 0.000852710 0.000857790 0.000846470 0.000608330 0.000686830 0.000570260 0.000808240 0.000864890 0.000879030 0.000658300 0.000482160 0.000475820 0.000470150 0.000495640 0.000495760 0.000499740 0.000547650 0.000522560 0.000506130 0.000447830 0.000471870 0.000472570 0.000448630 0.000539490 0.000359560 0.000319170 0.000321060 0.000321930 0.000000000 0.000326060 0.000314410 0.000344590 0.000300330 0.000304700 0.000586950 0.000602700 0.000398870 0.000407640 0.000501290 0.000469910 0.000423380 0.000481480 0.000449370 0.000571090 0.000475140 0.000497060 0.000505790 0.000484990 0.000430490 0.001360710 
22     0.000536050 0.000769790 0.000774870 0.000763550 0.000525410 0.000603910 0.000487340 0.000725320 0.000781970 0.000796110 0.000720360 0.000399240 0.000392900 0.000387230 0.000412720 0.000412840 0.000416820 0.000464730 0.000439640 0.000423210 0.000364910 0.000388950 0.000389650 0.000365710 0.000456570 0.000276640 0.000236250 0.000361400 0.000362270 0.000326060 0.000000000 0.000049880 0.000261670 0.000217410 0.000221780 0.000504030 0.000519780 0.000315950 0.000324720 0.000418370 0.000386990 0.000340460 0.000398560 0.000366450 0.000488170 0.000392220 0.000414140 0.000422870 0.000402070 0.000347570 0.001425370 
34     0.000524400 0.000758140 0.000763220 0.000751900 0.000513760 0.000592260 0.000475690 0.000713670 0.000770320 0.000784460 0.000708710 0.000387590 0.000381250 0.000375580 0.000401070 0.000401190 0.000405170 0.000453080 0.000427990 0.000411560 0.000353260 0.000377300 0.000378000 0.000354060 0.000444920 0.000264990 0.000224600 0.000349750 0.000350620 0.000314410 0.000049880 0.000000000 0.000250020 0.000205760 0.000210130 0.000492380 0.000508130 0.000304300 0.000313070 0.000406720 0.000375340 0.000328810 0.000386910 0.000354800 0.000476520 0.000380570 0.000402490 0.000411220 0.000390420 0.000335920 0.001413720 
18     0.000546880 0.000780620 0.000785700 0.000774380 0.000536240 0.000614740 0.000498170 0.000736150 0.000792800 0.000806940 0.000731190 0.000410070 0.000403730 0.000398060 0.000423550 0.000423670 0.000427650 0.000475560 0.000450470 0.000434040 0.000375740 0.000399780 0.000400480 0.000376540 0.000467400 0.000287470 0.000247080 0.000379930 0.000380800 0.000344590 0.000261670 0.000250020 0.000000000 0.000116150 0.000182250 0.000514860 0.000530610 0.000326780 0.000335550 0.000429200 0.000397820 0.000351290 0.000409390 0.000377280 0.000499000 0.000403050 0.000424970 0.000433700 0.000412900 0.000358400 0.001436200 
20     0.000502620 0.000736360 0.000741440 0.000730120 0.000491980 0.000570480 0.000453910 0.000691890 0.000748540 0.000762680 0.000686930 0.000365810 0.000359470 0.000353800 0.000379290 0.000379410 0.000383390 0.000431300 0.000406210 0.000389780 0.000331480 0.000355520 0.000356220 0.000332280 0.000423140 0.000243210 0.000202820 0.000335670 0.000336540 0.000300330 0.000217410 0.000205760 0.000116150 0.000000000 0.000077310 0.000470600 0.000486350 0.000282520 0.000291290 0.000384940 0.000353560 0.000307030 0.000365130 0.000333020 0.000454740 0.000358790 0.000380710 0.000389440 0.000368640 0.000314140 0.001391940 
17     0.000506990 0.000740730 0.000745810 0.000734490 0.000496350 0.000574850 0.000458280 0.000696260 0.000752910 0.000767050 0.000691300 0.000370180 0.000363840 0.000358170 0.000383660 0.000383780 0.000387760 0.000435670 0.000410580 0.000394150 0.000335850 0.000359890 0.000360590 0.000336650 0.000427510 0.000247580 0.000207190 0.000340040 0.000340910 0.000304700 0.000221780 0.000210130 0.000182250 0.000077310 0.000000000 0.000474970 0.000490720 0.000286890 0.000295660 0.000389310 0.000357930 0.000311400 0.000369500 0.000337390 0.000459110 0.000363160 0.000385080 0.000393810 0.000373010 0.000318510 0.001396310 
42     0.000674220 0.000907960 0.000913040 0.000901720 0.000663580 0.000742080 0.000625510 0.000596650 0.000755300 0.000842740 0.000548500 0.000534510 0.000532010 0.000449120 0.000483410 0.000551950 0.000492640 0.000440980 0.000476230 0.000562320 0.000480700 0.000303860 0.000293480 0.000481500 0.000572360 0.000520350 0.000479960 0.000622290 0.000623160 0.000586950 0.000504030 0.000492380 0.000514860 0.000470600 0.000474970 0.000000000 0.000014280 0.000384040 0.000392810 0.000486460 0.000455080 0.000408550 0.000466650 0.000434540 0.000466080 0.000422840 0.000472730 0.000479450 0.000371610 0.000310730 0.001001470 
49     0.000689970 0.000923710 0.000928790 0.000917470 0.000679330 0.000757830 0.000641260 0.000534630 0.000693280 0.000780720 0.000486480 0.000472490 0.000547760 0.000387100 0.000421390 0.000567700 0.000430620 0.000378960 0.000414210 0.000578070 0.000496450 0.000241840 0.000231460 0.000497250 0.000524920 0.000536100 0.000495710 0.000638040 0.000638910 0.000602700 0.000519780 0.000508130 0.000530610 0.000486350 0.000490720 0.000014280 0.000000000 0.000399790 0.000408560 0.000502210 0.000470830 0.000424300 0.000482400 0.000450290 0.000404060 0.000360820 0.000410710 0.000417430 0.000309590 0.000248710 0.001024350 
38     0.000486140 0.000719880 0.000724960 0.000713640 0.000475500 0.000554000 0.000437430 0.000676350 0.000733000 0.000747140 0.000671390 0.000350270 0.000343930 0.000338260 0.000363750 0.000363870 0.000367850 0.000415760 0.000390670 0.000374240 0.000292620 0.000316660 0.000317360 0.000293420 0.000384280 0.000332270 0.000291880 0.000434210 0.000435080 0.000398870 0.000315950 0.000304300 0.000326780 0.000282520 0.000286890 0.000384040 0.000399790 0.000000000 0.000036750 0.000072750 0.000121640 0.000082370 0.000133210 0.000169000 0.000290720 0.000194770 0.000216690 0.000225420 0.000204620 0.000150120 0.001157400 
45     0.000494910 0.000728650 0.000733730 0.000722410 0.000484270 0.000562770 0.000446200 0.000685120 0.000741770 0.000755910 0.000680160 0.000359040 0.000352700 0.000347030 0.000372520 0.000372640 0.000376620 0.000424530 0.000399440 0.000383010 0.000301390 0.000325430 0.000326130 0.000302190 0.000393050 0.000341040 0.000300650 0.000442980 0.000443850 0.000407640 0.000324720 0.000313070 0.000335550 0.000291290 0.000295660 0.000392810 0.000408560 0.000036750 0.000000000 0.000081050 0.000130410 0.000091140 0.000141980 0.000177770 0.000299490 0.000203540 0.000225460 0.000234190 0.000213390 0.000158890 0.001165700 
50     0.000588560 0.000822300 0.000827380 0.000816060 0.000577920 0.000656420 0.000539850 0.000778770 0.000835420 0.000849560 0.000646780 0.000452690 0.000446350 0.000440680 0.000466170 0.000466290 0.000470270 0.000518180 0.000493090 0.000476660 0.000395040 0.000419080 0.000419780 0.000395840 0.000486700 0.000434690 0.000394300 0.000536630 0.000537500 0.000501290 0.000418370 0.000406720 0.000429200 0.000384940 0.000389310 0.000486460 0.000502210 0.000072750 0.000081050 0.000000000 0.000074110 0.000087020 0.000169440 0.000271420 0.000393140 0.000297190 0.000319110 0.000327840 0.000307040 0.000252540 0.001121970 
37     0.000557180 0.000790920 0.000796000 0.000784680 0.000546540 0.000625040 0.000508470 0.000747390 0.000804040 0.000818180 0.000742430 0.000421310 0.000414970 0.000409300 0.000434790 0.000434910 0.000438890 0.000486800 0.000461710 0.000445280 0.000363660 0.000387700 0.000388400 0.000364460 0.000455320 0.000403310 0.000362920 0.000505250 0.000506120 0.000469910 0.000386990 0.000375340 0.000397820 0.000353560 0.000357930 0.000455080 0.000470830 0.000121640 0.000130410 0.000074110 0.000000000 0.000153410 0.000184650 0.000240040 0.000361760 0.000265810 0.000287730 0.000296460 0.000275660 0.000221160 0.001370750 
39     0.000510650 0.000744390 0.000749470 0.000738150 0.000500010 0.000578510 0.000461940 0.000700860 0.000757510 0.000771650 0.000695900 0.000374780 0.000368440 0.000362770 0.000388260 0.000388380 0.000392360 0.000440270 0.000415180 0.000398750 0.000317130 0.000341170 0.000341870 0.000317930 0.000408790 0.000356780 0.000316390 0.000458720 0.000459590 0.000423380 0.000340460 0.000328810 0.000351290 0.000307030 0.000311400 0.000408550 0.000424300 0.000082370 0.000091140 0.000087020 0.000153410 0.000000000 0.000164980 0.000193510 0.000315230 0.000219280 0.000241200 0.000249930 0.000229130 0.000174630 0.001171290 
43     0.000568750 0.000802490 0.000807570 0.000796250 0.000558110 0.000636610 0.000520040 0.000758960 0.000815610 0.000829750 0.000754000 0.000432880 0.000426540 0.000420870 0.000446360 0.000446480 0.000450460 0.000498370 0.000473280 0.000456850 0.000375230 0.000399270 0.000399970 0.000376030 0.000466890 0.000414880 0.000374490 0.000516820 0.000517690 0.000481480 0.000398560 0.000386910 0.000409390 0.000365130 0.000369500 0.000466650 0.000482400 0.000133210 0.000141980 0.000169440 0.000184650 0.000164980 0.000000000 0.000251610 0.000373330 0.000277380 0.000299300 0.000308030 0.000287230 0.000232730 0.001251930 
47     0.000536640 0.000770380 0.000775460 0.000764140 0.000526000 0.000604500 0.000487930 0.000726850 0.000783500 0.000797640 0.000721890 0.000400770 0.000394430 0.000388760 0.000414250 0.000414370 0.000418350 0.000466260 0.000441170 0.000424740 0.000343120 0.000367160 0.000367860 0.000343920 0.000434780 0.000382770 0.000342380 0.000484710 0.000485580 0.000449370 0.000366450 0.000354800 0.000377280 0.000333020 0.000337390 0.000434540 0.000450290 0.000169000 0.000177770 0.000271420 0.000240040 0.000193510 0.000251610 0.000000000 0.000190480 0.000094530 0.000116450 0.000125180 0.000104380 0.000054020 0.001403580 
36     0.000658360 0.000892100 0.000897180 0.000885860 0.000647720 0.000726220 0.000609650 0.000814310 0.000905220 0.000919360 0.000766160 0.000522490 0.000516150 0.000510480 0.000535970 0.000536090 0.000540070 0.000587980 0.000562890 0.000546460 0.000464840 0.000488880 0.000489580 0.000465640 0.000556500 0.000504490 0.000464100 0.000606430 0.000607300 0.000571090 0.000488170 0.000476520 0.000499000 0.000454740 0.000459110 0.000466080 0.000404060 0.000290720 0.000299490 0.000393140 0.000361760 0.000315230 0.000373330 0.000190480 0.000000000 0.000102500 0.000086950 0.000001630 0.000132450 0.000157710 0.001525300 
46     0.000562410 0.000796150 0.000801230 0.000789910 0.000551770 0.000630270 0.000513700 0.000752620 0.000809270 0.000823410 0.000722920 0.000426540 0.000420200 0.000414530 0.000440020 0.000440140 0.000444120 0.000492030 0.000466940 0.000450510 0.000368890 0.000392930 0.000393630 0.000369690 0.000460550 0.000408540 0.000368150 0.000510480 0.000511350 0.000475140 0.000392220 0.000380570 0.000403050 0.000358790 0.000363160 0.000422840 0.000360820 0.000194770 0.000203540 0.000297190 0.000265810 0.000219280 0.000277380 0.000094530 0.000102500 0.000000000 0.000076500 0.000107690 0.000065090 0.000079790 0.001429350 
40     0.000584330 0.000818070 0.000823150 0.000811830 0.000573690 0.000652190 0.000535620 0.000774540 0.000831190 0.000845330 0.000769580 0.000448460 0.000442120 0.000436450 0.000461940 0.000462060 0.000466040 0.000513950 0.000488860 0.000472430 0.000390810 0.000414850 0.000415550 0.000391610 0.000482470 0.000430460 0.000390070 0.000532400 0.000533270 0.000497060 0.000414140 0.000402490 0.000424970 0.000380710 0.000385080 0.000472730 0.000410710 0.000216690 0.000225460 0.000319110 0.000287730 0.000241200 0.000299300 0.000116450 0.000086950 0.000076500 0.000000000 0.000027480 0.000087010 0.000101710 0.001451270 
41     0.000593060 0.000826800 0.000831880 0.000820560 0.000582420 0.000660920 0.000544350 0.000783270 0.000839920 0.000854060 0.000778310 0.000457190 0.000450850 0.000445180 0.000470670 0.000470790 0.000474770 0.000522680 0.000497590 0.000481160 0.000399540 0.000423580 0.000424280 0.000400340 0.000491200 0.000439190 0.000398800 0.000541130 0.000542000 0.000505790 0.000422870 0.000411220 0.000433700 0.000389440 0.000393810 0.000479450 0.000417430 0.000225420 0.000234190 0.000327840 0.000296460 0.000249930 0.000308030 0.000125180 0.000001630 0.000107690 0.000027480 0.000000000 0.000117540 0.000110440 0.001460000 
48     0.000572260 0.000806000 0.000811080 0.000799760 0.000561620 0.000640120 0.000523550 0.000719840 0.000819120 0.000833260 0.000671690 0.000436390 0.000430050 0.000424380 0.000449870 0.000449990 0.000453970 0.000501880 0.000476790 0.000460360 0.000378740 0.000402780 0.000403480 0.000379540 0.000470400 0.000418390 0.000378000 0.000520330 0.000521200 0.000484990 0.000402070 0.000390420 0.000412900 0.000368640 0.000373010 0.000371610 0.000309590 0.000204620 0.000213390 0.000307040 0.000275660 0.000229130 0.000287230 0.000104380 0.000132450 0.000065090 0.000087010 0.000117540 0.000000000 0.000063240 0.001439200 
44     0.000517760 0.000751500 0.000756580 0.000745260 0.000507120 0.000585620 0.000469050 0.000658960 0.000764620 0.000778760 0.000610810 0.000381890 0.000375550 0.000369880 0.000395370 0.000395490 0.000399470 0.000447380 0.000422290 0.000405860 0.000324240 0.000348280 0.000348980 0.000325040 0.000415900 0.000363890 0.000323500 0.000465830 0.000466700 0.000430490 0.000347570 0.000335920 0.000358400 0.000314140 0.000318510 0.000310730 0.000248710 0.000150120 0.000158890 0.000252540 0.000221160 0.000174630 0.000232730 0.000054020 0.000157710 0.000079790 0.000101710 0.000110440 0.000063240 0.000000000 0.001359860 
0     0.001595560 0.001829300 0.001834380 0.001823060 0.001388220 0.001380380 0.001498320 0.001785770 0.001842420 0.001856560 0.001071970 0.001459690 0.001453350 0.001447680 0.001473170 0.001473290 0.001477270 0.001525180 0.001500090 0.001483660 0.001251960 0.001276000 0.001276700 0.001252760 0.001343620 0.001076900 0.001072970 0.001543630 0.001418620 0.001360710 0.001425370 0.001413720 0.001436200 0.001391940 0.001396310 0.001001470 0.001024350 0.001157400 0.001165700 0.001121970 0.001370750 0.001171290 0.001251930 0.001403580 0.001525300 0.001429350 0.001451270 0.001460000 0.001439200 0.001359860 0.000000000 
