51
2     0.000000000 0.002785750 0.004256690 0.009241650 0.009686090 0.005354190 0.011094510 0.010908300 0.010998930 0.028541120 0.030787050 0.013512210 0.016328790 0.016964110 0.017740910 0.019615160 0.018355720 0.000776950 0.011078970 0.013604490 0.024399170 0.024064950 0.016914160 0.016065040 0.010510320 0.001196860 0.020578040 0.018946250 0.019304480 0.013014430 0.020210610 0.014968430 0.021050940 0.027262500 0.019530300 0.018512440 0.018022490 0.023109460 0.020963500 0.021199660 0.006439310 0.025190670 0.019247580 0.018067370 0.016098200 0.021780100 0.022094410 0.015465450 0.011755590 0.014583680 0.018955110 
8     0.002785750 0.000000000 0.000079000 0.001377610 0.001084630 0.002953960 0.014337830 0.007147320 0.006855640 0.024398480 0.026644410 0.016755530 0.019572110 0.020207430 0.020984230 0.022858480 0.020854100 0.019767460 0.014322290 0.016847810 0.021455590 0.022668930 0.017422250 0.018079620 0.017016760 0.017762050 0.020928300 0.018679480 0.020167820 0.018707450 0.019210550 0.016737370 0.024294260 0.021913320 0.022773620 0.021755760 0.021265810 0.026352780 0.024206820 0.024442980 0.027750590 0.028433990 0.019845200 0.019977550 0.019341520 0.024061000 0.024387760 0.018708770 0.014998910 0.017827000 0.022198430 
9     0.004256690 0.000079000 0.000000000 0.001160860 0.000867880 0.008649520 0.014393000 0.007314720 0.007023040 0.018396110 0.027015290 0.016810700 0.019627280 0.020262600 0.021039400 0.022913650 0.021654210 0.019822630 0.014377460 0.016902980 0.023403370 0.024616710 0.019370030 0.020027400 0.017567120 0.019709830 0.022876080 0.020627260 0.022115600 0.020655230 0.021158330 0.018685150 0.024349430 0.021701310 0.022828790 0.021810930 0.021320980 0.026407950 0.024261990 0.024498150 0.027805760 0.028489160 0.021792980 0.021365860 0.019396690 0.025078590 0.025392900 0.018763940 0.015054080 0.017882170 0.022253600 
11     0.009241650 0.001377610 0.001160860 0.000000000 0.001182780 0.001173780 0.014362630 0.015954710 0.016045340 0.022118000 0.023710440 0.018558620 0.021375200 0.022010520 0.005272000 0.024661570 0.014395710 0.018680180 0.007721800 0.010769860 0.020099750 0.021313090 0.016066410 0.016723780 0.007237940 0.016406210 0.019572460 0.017323640 0.018811980 0.017351610 0.017854710 0.015381530 0.026097350 0.010788760 0.024576710 0.023558850 0.023068900 0.028155870 0.026009910 0.026246070 0.029553680 0.030237080 0.018489360 0.018621710 0.019161670 0.022705160 0.023031920 0.019041530 0.016802000 0.018450980 0.019061650 
1     0.009686090 0.001084630 0.000867880 0.001182780 0.000000000 0.011098560 0.015214540 0.015821090 0.015911720 0.023894550 0.026140480 0.018425000 0.021241580 0.021876900 0.015622870 0.024527950 0.015501460 0.019532090 0.015991760 0.018517280 0.020951660 0.022165000 0.016918320 0.017575690 0.013942750 0.017258120 0.020424370 0.018175550 0.019663890 0.018203520 0.018706620 0.016233440 0.025963730 0.015224980 0.024443090 0.014741430 0.022935280 0.028022250 0.025876290 0.026112450 0.029420060 0.030103460 0.019341270 0.019473620 0.020013580 0.023557070 0.023883830 0.019893440 0.016668380 0.019302890 0.018997450 
12     0.005354190 0.002953960 0.008649520 0.001173780 0.011098560 0.000000000 0.013398680 0.021518220 0.021608850 0.002549320 0.013263870 0.023690550 0.026938710 0.026917890 0.023873060 0.030225080 0.023008470 0.022190390 0.021688890 0.024214410 0.023609960 0.024823300 0.019576620 0.019712180 0.019171130 0.006160580 0.023082670 0.010169110 0.011400540 0.020861820 0.021364920 0.018891740 0.031660860 0.037872420 0.030140220 0.029122360 0.028632410 0.033719380 0.031573420 0.031809580 0.035117190 0.034988460 0.021999570 0.022131920 0.022671880 0.026215370 0.026542130 0.022551740 0.022365510 0.021961190 0.027315380 
10     0.011094510 0.014337830 0.014393000 0.014362630 0.015214540 0.013398680 0.000000000 0.000185620 0.000185750 0.003369370 0.000208100 0.008539160 0.019138520 0.019773840 0.019434740 0.022424890 0.018570150 0.017752070 0.013888700 0.007246390 0.019171640 0.020384980 0.015138300 0.003113570 0.014732810 0.015478100 0.018644350 0.016395530 0.017883870 0.016423500 0.016926600 0.014453420 0.019463150 0.030072230 0.017531260 0.021322170 0.004329720 0.019171310 0.019583060 0.002403430 0.021681340 0.017030380 0.004274810 0.004298250 0.009885450 0.021777050 0.022103810 0.018113420 0.014565320 0.017393410 0.019342380 
4     0.010908300 0.007147320 0.007314720 0.015954710 0.015821090 0.021518220 0.000185620 0.000000000 0.000000190 0.003080890 0.000360580 0.008724780 0.018952310 0.019587630 0.020364430 0.022238680 0.020979240 0.019147660 0.013702490 0.016228010 0.024023480 0.025236820 0.019603430 0.020647510 0.016892150 0.020151120 0.023201560 0.021247370 0.022560050 0.021275340 0.021778440 0.019305260 0.023674460 0.029886020 0.022153820 0.021135960 0.020646010 0.025732980 0.023587020 0.023823180 0.027130790 0.027814190 0.004460430 0.004483870 0.010071070 0.024403620 0.024717930 0.018088970 0.014379110 0.017207200 0.021578630 
7     0.010998930 0.006855640 0.007023040 0.016045340 0.015911720 0.021608850 0.000185750 0.000000190 0.000000000 0.012722930 0.000360710 0.008724910 0.019042940 0.019678260 0.020455060 0.022329310 0.021069870 0.019238290 0.013793120 0.016318640 0.025253550 0.026466890 0.019694060 0.020859170 0.016982780 0.020241750 0.023292190 0.021660400 0.022650680 0.022181280 0.022924760 0.019865500 0.023765090 0.029976650 0.022244450 0.021226590 0.020736640 0.025823610 0.023677650 0.023913810 0.027221420 0.027904820 0.004460560 0.004484000 0.010071200 0.024494250 0.024808560 0.018179600 0.014469740 0.017297830 0.021669260 
5     0.028541120 0.024398480 0.018396110 0.022118000 0.023894550 0.002549320 0.003369370 0.003080890 0.012722930 0.000000000 0.000391480 0.027932240 0.032453370 0.031159580 0.028114750 0.034692490 0.020048340 0.026432080 0.028711170 0.034151580 0.027851650 0.029064990 0.023818310 0.024475680 0.023412820 0.024158110 0.027324360 0.025075540 0.026563880 0.025103510 0.025606610 0.023133430 0.039706100 0.046744530 0.045427300 0.033700780 0.034216670 0.038539270 0.037489430 0.037087330 0.040205570 0.039230150 0.026241260 0.026373610 0.026913570 0.030457060 0.030783820 0.026793430 0.026969070 0.026202880 0.009972790 
3     0.030787050 0.026644410 0.027015290 0.023710440 0.026140480 0.013263870 0.000208100 0.000360580 0.000360710 0.000391480 0.000000000 0.008747260 0.033633940 0.033405510 0.030360680 0.036938420 0.019851460 0.028678010 0.030957100 0.036397510 0.030097580 0.031310920 0.026064240 0.026721610 0.025658750 0.026404040 0.029570290 0.027321470 0.028809810 0.027349440 0.027852540 0.025379360 0.041952030 0.048990460 0.045525520 0.035946710 0.036462600 0.040785200 0.039735360 0.039333260 0.042451500 0.041476080 0.004482910 0.004506350 0.010093550 0.032702990 0.033029750 0.029039360 0.029215000 0.028448810 0.009004960 
6     0.013512210 0.016755530 0.016810700 0.018558620 0.018425000 0.023690550 0.008539160 0.008724780 0.008724910 0.027932240 0.008747260 0.000000000 0.016033740 0.016669060 0.017445860 0.019320110 0.013585190 0.016229090 0.010783920 0.013309440 0.024104120 0.015243970 0.014395170 0.015496910 0.013973580 0.016238630 0.020282990 0.018651200 0.019641480 0.016941600 0.016849610 0.015574230 0.020755890 0.026967450 0.019235250 0.018217390 0.017727440 0.022814410 0.020668450 0.020904610 0.024212220 0.024895620 0.012801570 0.012825010 0.015803150 0.021485050 0.021799360 0.015170400 0.011460540 0.014288630 0.017455560 
13     0.016328790 0.019572110 0.019627280 0.021375200 0.021241580 0.026938710 0.019138520 0.018952310 0.019042940 0.032453370 0.033633940 0.016033740 0.000000000 0.000005830 0.004581180 0.006455430 0.005412850 0.003998210 0.009161890 0.015055340 0.015815340 0.013409940 0.008599240 0.010397340 0.003991830 0.013158790 0.018376990 0.014915190 0.015037000 0.014697650 0.014722880 0.012331120 0.022699790 0.028911350 0.021179150 0.020161290 0.019671340 0.024758310 0.022612350 0.022848510 0.014379230 0.014802350 0.009648840 0.009456030 0.017747050 0.023428950 0.023345450 0.017114300 0.013404440 0.016232530 0.021476640 
26     0.016964110 0.020207430 0.020262600 0.022010520 0.021876900 0.026917890 0.019773840 0.019587630 0.019678260 0.031159580 0.033405510 0.016669060 0.000005830 0.000000000 0.005216500 0.007090750 0.005773570 0.004027370 0.009159720 0.015690660 0.015105160 0.012699760 0.008597070 0.010395170 0.003989660 0.011652430 0.016870630 0.013408830 0.013530640 0.013191290 0.013691570 0.003022110 0.023335110 0.029546670 0.021814470 0.020796610 0.020306660 0.025393630 0.023247670 0.023483830 0.011847110 0.012270230 0.008195560 0.008002750 0.018382370 0.024064270 0.021839090 0.017749620 0.014039760 0.016867850 0.022111960 
43     0.017740910 0.020984230 0.021039400 0.005272000 0.015622870 0.023873060 0.019434740 0.020364430 0.020455060 0.028114750 0.030360680 0.017445860 0.004581180 0.005216500 0.000000000 0.000039510 0.005994770 0.005176690 0.013941940 0.016467460 0.015215180 0.016428520 0.011181840 0.011839210 0.010776350 0.011521640 0.014687890 0.012439070 0.013927410 0.012467040 0.012970140 0.010496960 0.024111910 0.030323470 0.022591270 0.021573410 0.021083460 0.026170430 0.024024470 0.024260630 0.027568240 0.028251640 0.013814170 0.014689870 0.019159170 0.024841070 0.022502180 0.018526420 0.014816560 0.017644650 0.022888760 
17     0.019615160 0.022858480 0.022913650 0.024661570 0.024527950 0.030225080 0.022424890 0.022238680 0.022329310 0.034692490 0.036938420 0.019320110 0.006455430 0.007090750 0.000039510 0.000000000 0.009037240 0.007284580 0.015816190 0.018341710 0.021792920 0.021837640 0.016900720 0.014823220 0.014455440 0.014170160 0.019388360 0.015926560 0.016048370 0.015709020 0.016209300 0.013342490 0.025986160 0.032197720 0.024465520 0.017904160 0.022957710 0.028044680 0.025898720 0.026134880 0.029442490 0.030125890 0.020417150 0.020224340 0.021033420 0.026715320 0.024356820 0.020400670 0.016690810 0.019518900 0.024763010 
16     0.018355720 0.020854100 0.021654210 0.014395710 0.015501460 0.023008470 0.018570150 0.020979240 0.021069870 0.020048340 0.019851460 0.013585190 0.005412850 0.005773570 0.005994770 0.009037240 0.000000000 0.001255300 0.014556750 0.012772910 0.014350590 0.015563930 0.010317250 0.010974620 0.009911760 0.010548640 0.013823300 0.011574480 0.012426850 0.011602450 0.012105550 0.009632370 0.024726720 0.030938280 0.023206080 0.000307870 0.021698270 0.026785240 0.024639280 0.024875440 0.018894610 0.019317730 0.012688900 0.012496090 0.019773980 0.025082980 0.020735300 0.019141230 0.015431370 0.018259460 0.013643390 
27     0.000776950 0.019767460 0.019822630 0.018680180 0.019532090 0.022190390 0.017752070 0.019147660 0.019238290 0.026432080 0.028678010 0.016229090 0.003998210 0.004027370 0.005176690 0.007284580 0.001255300 0.000000000 0.012725170 0.015250690 0.013532510 0.012133330 0.009499170 0.010156540 0.009093680 0.009838970 0.013005220 0.010756400 0.012244740 0.010784370 0.011287470 0.008814290 0.022895140 0.029106700 0.021374500 0.008567690 0.019866690 0.024953660 0.022807700 0.023043860 0.020617370 0.021040490 0.015099360 0.014906550 0.017942400 0.023624300 0.021283630 0.017309650 0.013599790 0.016427880 0.015881390 
37     0.011078970 0.014322290 0.014377460 0.007721800 0.015991760 0.021688890 0.013888700 0.013702490 0.013793120 0.028711170 0.030957100 0.010783920 0.009161890 0.009159720 0.013941940 0.015816190 0.014556750 0.012725170 0.000000000 0.001847160 0.014944860 0.009725230 0.008921700 0.010086810 0.006210420 0.009469390 0.012519830 0.010888040 0.011878320 0.010618840 0.010550500 0.009093140 0.017449970 0.023661530 0.015929330 0.014911470 0.014421520 0.019508490 0.017362530 0.017598690 0.020906300 0.021589700 0.015646610 0.014466400 0.012497230 0.018179130 0.018493440 0.011864480 0.008154620 0.010982710 0.016226820 
41     0.013604490 0.016847810 0.016902980 0.010769860 0.018517280 0.024214410 0.007246390 0.016228010 0.016318640 0.034151580 0.036397510 0.013309440 0.015055340 0.015690660 0.016467460 0.018341710 0.012772910 0.015250690 0.001847160 0.000000000 0.018866480 0.018532260 0.011447220 0.012612330 0.008735940 0.011994910 0.015045350 0.013413560 0.014403840 0.013934440 0.009035330 0.011618660 0.019975490 0.026187050 0.018454850 0.017436990 0.016947040 0.022034010 0.019888050 0.020124210 0.023431820 0.024115220 0.018172130 0.016991920 0.015022750 0.020704650 0.021018960 0.014390000 0.010680140 0.013508230 0.018752340 
36     0.024399170 0.021455590 0.023403370 0.020099750 0.020951660 0.023609960 0.019171640 0.024023480 0.025253550 0.027851650 0.030097580 0.024104120 0.015815340 0.015105160 0.015215180 0.021792920 0.014350590 0.013532510 0.014944860 0.018866480 0.000000000 0.000473470 0.009702200 0.010359570 0.009296710 0.010042000 0.013208250 0.010959430 0.012447770 0.010987400 0.011490500 0.004559660 0.030770170 0.036981730 0.029249530 0.028231670 0.027741720 0.032828690 0.030682730 0.030918890 0.034226500 0.034457560 0.021468670 0.021601020 0.022140980 0.025684470 0.026011230 0.022020840 0.021474820 0.021430290 0.029547020 
31     0.024064950 0.022668930 0.024616710 0.021313090 0.022165000 0.024823300 0.020384980 0.025236820 0.026466890 0.029064990 0.031310920 0.015243970 0.013409940 0.012699760 0.016428520 0.021837640 0.015563930 0.012133330 0.009725230 0.018532260 0.000473470 0.000000000 0.006962230 0.006460940 0.010510050 0.008682660 0.013279320 0.012172770 0.013479610 0.012200740 0.012703840 0.010230660 0.030435950 0.036647510 0.028915310 0.027897450 0.027407500 0.032494470 0.030348510 0.030584670 0.033892280 0.034575680 0.022682010 0.022814360 0.023354320 0.026897810 0.027224570 0.023234180 0.021140600 0.022643630 0.029212800 
24     0.016914160 0.017422250 0.019370030 0.016066410 0.016918320 0.019576620 0.015138300 0.019603430 0.019694060 0.023818310 0.026064240 0.014395170 0.008599240 0.008597070 0.011181840 0.016900720 0.010317250 0.009499170 0.008921700 0.011447220 0.009702200 0.006962230 0.000000000 0.000000000 0.000606220 0.003621720 0.006787970 0.005921990 0.006961360 0.004567120 0.005070220 0.000699100 0.023350910 0.029562470 0.021830270 0.020812410 0.020322460 0.025409430 0.023263470 0.023499630 0.026807240 0.027490640 0.008994030 0.008582100 0.018107640 0.021651130 0.021977890 0.017765420 0.014055560 0.016883650 0.022127760 
44     0.016065040 0.018079620 0.020027400 0.016723780 0.017575690 0.019712180 0.003113570 0.020647510 0.020859170 0.024475680 0.026721610 0.015496910 0.010397340 0.010395170 0.011839210 0.014823220 0.010974620 0.010156540 0.010086810 0.012612330 0.010359570 0.006460940 0.000000000 0.000000000 0.000395540 0.004279090 0.007445340 0.006579360 0.006112240 0.005224490 0.005727590 0.003254410 0.024516020 0.030727580 0.022995380 0.021977520 0.021487570 0.026574540 0.024428580 0.024664740 0.027972350 0.028655750 0.009101330 0.008689400 0.018765010 0.022308500 0.021310340 0.018644870 0.015220670 0.018048760 0.023292870 
14     0.010510320 0.017016760 0.017567120 0.007237940 0.013942750 0.019171130 0.014732810 0.016892150 0.016982780 0.023412820 0.025658750 0.013973580 0.003991830 0.003989660 0.010776350 0.014455440 0.009911760 0.009093680 0.006210420 0.008735940 0.009296710 0.010510050 0.000606220 0.000395540 0.000000000 0.005232470 0.008398720 0.003292550 0.004130740 0.005012470 0.006680970 0.000909720 0.020639630 0.026851190 0.019118990 0.018101130 0.017611180 0.022698150 0.020552190 0.020788350 0.024095960 0.024779360 0.017029840 0.017162190 0.015686890 0.021245640 0.020942560 0.015054140 0.011344280 0.014172370 0.019416480 
49     0.001196860 0.017762050 0.019709830 0.016406210 0.017258120 0.006160580 0.015478100 0.020151120 0.020241750 0.024158110 0.026404040 0.016238630 0.013158790 0.011652430 0.011521640 0.014170160 0.010548640 0.009838970 0.009469390 0.011994910 0.010042000 0.008682660 0.003621720 0.004279090 0.005232470 0.000000000 0.000042230 0.000262680 0.000251800 0.003368730 0.002495150 0.001147430 0.023898600 0.030110160 0.022377960 0.021360100 0.020870150 0.025957120 0.023811160 0.024047320 0.027354930 0.028038330 0.017775130 0.017907480 0.018447440 0.021990930 0.020657280 0.018313110 0.014603250 0.017431340 0.022675450 
19     0.020578040 0.020928300 0.022876080 0.019572460 0.020424370 0.023082670 0.018644350 0.023201560 0.023292190 0.027324360 0.029570290 0.020282990 0.018376990 0.016870630 0.014687890 0.019388360 0.013823300 0.013005220 0.012519830 0.015045350 0.013208250 0.013279320 0.006787970 0.007445340 0.008398720 0.000042230 0.000000000 0.000304430 0.000293550 0.006660750 0.005927400 0.002196760 0.026949040 0.033160600 0.025428400 0.024410540 0.023920590 0.029007560 0.026861600 0.027097760 0.030405370 0.031088770 0.020941380 0.021073730 0.021613690 0.025157180 0.025483940 0.021363550 0.017653690 0.020481780 0.025725890 
50     0.018946250 0.018679480 0.020627260 0.017323640 0.018175550 0.010169110 0.016395530 0.021247370 0.021660400 0.025075540 0.027321470 0.018651200 0.014915190 0.013408830 0.012439070 0.015926560 0.011574480 0.010756400 0.010888040 0.013413560 0.010959430 0.012172770 0.005921990 0.006579360 0.003292550 0.000262680 0.000304430 0.000000000 0.000004840 0.005028960 0.004508740 0.002713180 0.025317250 0.031528810 0.023796610 0.022778750 0.022288800 0.027375770 0.025229810 0.025465970 0.028773580 0.029456980 0.018692560 0.018824910 0.019364870 0.022908360 0.022413680 0.019244730 0.016021900 0.018654180 0.024094100 
32     0.019304480 0.020167820 0.022115600 0.018811980 0.019663890 0.011400540 0.017883870 0.022560050 0.022650680 0.026563880 0.028809810 0.019641480 0.015037000 0.013530640 0.013927410 0.016048370 0.012426850 0.012244740 0.011878320 0.014403840 0.012447770 0.013479610 0.006961360 0.006112240 0.004130740 0.000251800 0.000293550 0.000004840 0.000000000 0.006019240 0.004508560 0.001496390 0.026307530 0.032519090 0.024786890 0.023769030 0.023279080 0.028366050 0.026220090 0.026456250 0.029763860 0.030447260 0.020180900 0.020313250 0.020853210 0.024396700 0.022535490 0.020722040 0.017012180 0.019840270 0.025084380 
29     0.013014430 0.018707450 0.020655230 0.017351610 0.018203520 0.020861820 0.016423500 0.021275340 0.022181280 0.025103510 0.027349440 0.016941600 0.014697650 0.013191290 0.012467040 0.015709020 0.011602450 0.010784370 0.010618840 0.013934440 0.010987400 0.012200740 0.004567120 0.005224490 0.005012470 0.003368730 0.006660750 0.005028960 0.006019240 0.000000000 0.000018870 0.003086960 0.025838130 0.032049690 0.024317490 0.023299630 0.022809680 0.027896650 0.025750690 0.025986850 0.029252200 0.029675320 0.018720530 0.018852880 0.019392840 0.016563290 0.022196140 0.019272700 0.016542780 0.018682150 0.024614980 
34     0.020210610 0.019210550 0.021158330 0.017854710 0.018706620 0.021364920 0.016926600 0.021778440 0.022924760 0.025606610 0.027852540 0.016849610 0.014722880 0.013691570 0.012970140 0.016209300 0.012105550 0.011287470 0.010550500 0.009035330 0.011490500 0.012703840 0.005070220 0.005727590 0.006680970 0.002495150 0.005927400 0.004508740 0.004508560 0.000018870 0.000000000 0.003830440 0.026581610 0.032793170 0.025060970 0.024043110 0.023553160 0.028640130 0.026494170 0.026730330 0.030037940 0.030721340 0.019223630 0.019355980 0.019895940 0.013150460 0.022696420 0.019775800 0.017286260 0.019185250 0.025358460 
39     0.014968430 0.016737370 0.018685150 0.015381530 0.016233440 0.018891740 0.014453420 0.019305260 0.019865500 0.023133430 0.025379360 0.015574230 0.012331120 0.003022110 0.010496960 0.013342490 0.009632370 0.008814290 0.009093140 0.011618660 0.004559660 0.010230660 0.000699100 0.003254410 0.000909720 0.001147430 0.002196760 0.002713180 0.001496390 0.003086960 0.003830440 0.000000000 0.023522350 0.029733910 0.022001710 0.020983850 0.020493900 0.025580870 0.023434910 0.023671070 0.022417570 0.022840690 0.016750450 0.016882800 0.017422760 0.020966250 0.019829610 0.017302620 0.014227000 0.016712070 0.022299200 
30     0.021050940 0.024294260 0.024349430 0.026097350 0.025963730 0.031660860 0.019463150 0.023674460 0.023765090 0.039706100 0.041952030 0.020755890 0.022699790 0.023335110 0.024111910 0.025986160 0.024726720 0.022895140 0.017449970 0.019975490 0.030770170 0.030435950 0.023350910 0.024516020 0.020639630 0.023898600 0.026949040 0.025317250 0.026307530 0.025838130 0.026581610 0.023522350 0.000000000 0.002759300 0.001652980 0.004315530 0.010401050 0.005265520 0.014593810 0.013514220 0.017204130 0.016730490 0.024531440 0.023351230 0.021382060 0.027063960 0.023711460 0.020749310 0.017039450 0.019867540 0.026198790 
15     0.027262500 0.021913320 0.021701310 0.010788760 0.015224980 0.037872420 0.030072230 0.029886020 0.029976650 0.046744530 0.048990460 0.026967450 0.028911350 0.029546670 0.030323470 0.032197720 0.030938280 0.029106700 0.023661530 0.026187050 0.036981730 0.036647510 0.029562470 0.030727580 0.026851190 0.030110160 0.033160600 0.031528810 0.032519090 0.032049690 0.032793170 0.029733910 0.002759300 0.000000000 0.014925510 0.000000720 0.003316410 0.016370150 0.019690480 0.019791140 0.022873160 0.008304710 0.030743000 0.029562790 0.027593620 0.033275520 0.029307150 0.026960870 0.023251010 0.026079100 0.032410350 
35     0.019530300 0.022773620 0.022828790 0.024576710 0.024443090 0.030140220 0.017531260 0.022153820 0.022244450 0.045427300 0.045525520 0.019235250 0.021179150 0.021814470 0.022591270 0.024465520 0.023206080 0.021374500 0.015929330 0.018454850 0.029249530 0.028915310 0.021830270 0.022995380 0.019118990 0.022377960 0.025428400 0.023796610 0.024786890 0.024317490 0.025060970 0.022001710 0.001652980 0.014925510 0.000000000 0.010436120 0.004069240 0.015390160 0.013244200 0.013480360 0.016787970 0.017471370 0.023010800 0.021830590 0.019861420 0.025543320 0.025857630 0.019228670 0.015518810 0.018346900 0.024678150 
38     0.018512440 0.021755760 0.021810930 0.023558850 0.014741430 0.029122360 0.021322170 0.021135960 0.021226590 0.033700780 0.035946710 0.018217390 0.020161290 0.020796610 0.021573410 0.017904160 0.000307870 0.008567690 0.014911470 0.017436990 0.028231670 0.027897450 0.020812410 0.021977520 0.018101130 0.021360100 0.024410540 0.022778750 0.023769030 0.023299630 0.024043110 0.020983850 0.004315530 0.000000720 0.010436120 0.000000000 0.000410730 0.003936450 0.007927530 0.007525430 0.010643670 0.008305410 0.019765540 0.019897890 0.018843560 0.014117200 0.024308100 0.018210810 0.014500950 0.017329040 0.023660290 
25     0.018022490 0.021265810 0.021320980 0.023068900 0.022935280 0.028632410 0.004329720 0.020646010 0.020736640 0.034216670 0.036462600 0.017727440 0.019671340 0.020306660 0.021083460 0.022957710 0.021698270 0.019866690 0.014421520 0.016947040 0.027741720 0.027407500 0.020322460 0.021487570 0.017611180 0.020870150 0.023920590 0.022288800 0.023279080 0.022809680 0.023553160 0.020493900 0.010401050 0.003316410 0.004069240 0.000410730 0.000000000 0.006372310 0.006739620 0.006337520 0.009455760 0.009189240 0.020281430 0.020322780 0.018353610 0.024035510 0.006509780 0.012146720 0.012566950 0.010616290 0.023170340 
22     0.023109460 0.026352780 0.026407950 0.028155870 0.028022250 0.033719380 0.019171310 0.025732980 0.025823610 0.038539270 0.040785200 0.022814410 0.024758310 0.025393630 0.026170430 0.028044680 0.026785240 0.024953660 0.019508490 0.022034010 0.032828690 0.032494470 0.025409430 0.026574540 0.022698150 0.025957120 0.029007560 0.027375770 0.028366050 0.027896650 0.028640130 0.025580870 0.005265520 0.016370150 0.015390160 0.003936450 0.006372310 0.000000000 0.008987950 0.007282630 0.012318720 0.005132640 0.024604030 0.024736380 0.023440580 0.028819830 0.010545760 0.016182700 0.016602930 0.014652270 0.028257310 
33     0.020963500 0.024206820 0.024261990 0.026009910 0.025876290 0.031573420 0.019583060 0.023587020 0.023677650 0.037489430 0.039735360 0.020668450 0.022612350 0.023247670 0.024024470 0.025898720 0.024639280 0.022807700 0.017362530 0.019888050 0.030682730 0.030348510 0.023263470 0.024428580 0.020552190 0.023811160 0.026861600 0.025229810 0.026220090 0.025750690 0.026494170 0.023434910 0.014593810 0.019690480 0.013244200 0.007927530 0.006739620 0.008987950 0.000000000 0.001701020 0.002907270 0.002526640 0.023554190 0.023263790 0.021294620 0.026976520 0.016917080 0.020661870 0.016952010 0.019780100 0.026111350 
46     0.021199660 0.024442980 0.024498150 0.026246070 0.026112450 0.031809580 0.002403430 0.023823180 0.023913810 0.037087330 0.039333260 0.020904610 0.022848510 0.023483830 0.024260630 0.026134880 0.024875440 0.023043860 0.017598690 0.020124210 0.030918890 0.030584670 0.023499630 0.024664740 0.020788350 0.024047320 0.027097760 0.025465970 0.026456250 0.025986850 0.026730330 0.023671070 0.013514220 0.019791140 0.013480360 0.007525430 0.006337520 0.007282630 0.001701020 0.000000000 0.002561100 0.006167320 0.023152090 0.023284440 0.021530780 0.027212680 0.014557150 0.020194090 0.017188170 0.018663660 0.026347510 
23     0.006439310 0.027750590 0.027805760 0.029553680 0.029420060 0.035117190 0.021681340 0.027130790 0.027221420 0.040205570 0.042451500 0.024212220 0.014379230 0.011847110 0.027568240 0.029442490 0.018894610 0.020617370 0.020906300 0.023431820 0.034226500 0.033892280 0.026807240 0.027972350 0.024095960 0.027354930 0.030405370 0.028773580 0.029763860 0.029252200 0.030037940 0.022417570 0.017204130 0.022873160 0.016787970 0.010643670 0.009455760 0.012318720 0.002907270 0.002561100 0.000000000 0.000183590 0.026270330 0.026402680 0.024838390 0.030486130 0.030812890 0.024205640 0.020495780 0.023323870 0.029655120 
40     0.025190670 0.028433990 0.028489160 0.030237080 0.030103460 0.034988460 0.017030380 0.027814190 0.027904820 0.039230150 0.041476080 0.024895620 0.014802350 0.012270230 0.028251640 0.030125890 0.019317730 0.021040490 0.021589700 0.024115220 0.034457560 0.034575680 0.027490640 0.028655750 0.024779360 0.028038330 0.031088770 0.029456980 0.030447260 0.029675320 0.030721340 0.022840690 0.016730490 0.008304710 0.017471370 0.008305410 0.009189240 0.005132640 0.002526640 0.006167320 0.000183590 0.000000000 0.025294910 0.025427260 0.025521790 0.029510710 0.029837470 0.024889040 0.021179180 0.024007270 0.030338520 
21     0.019247580 0.019845200 0.021792980 0.018489360 0.019341270 0.021999570 0.004274810 0.004460430 0.004460560 0.026241260 0.004482910 0.012801570 0.009648840 0.008195560 0.013814170 0.020417150 0.012688900 0.015099360 0.015646610 0.018172130 0.021468670 0.022682010 0.008994030 0.009101330 0.017029840 0.017775130 0.020941380 0.018692560 0.020180900 0.018720530 0.019223630 0.016750450 0.024531440 0.030743000 0.023010800 0.019765540 0.020281430 0.024604030 0.023554190 0.023152090 0.026270330 0.025294910 0.000000000 0.000023520 0.002059880 0.001526880 0.012704660 0.008714270 0.008889910 0.006318990 0.024395430 
45     0.018067370 0.019977550 0.021365860 0.018621710 0.019473620 0.022131920 0.004298250 0.004483870 0.004484000 0.026373610 0.004506350 0.012825010 0.009456030 0.008002750 0.014689870 0.020224340 0.012496090 0.014906550 0.014466400 0.016991920 0.021601020 0.022814360 0.008582100 0.008689400 0.017162190 0.017907480 0.021073730 0.018824910 0.020313250 0.018852880 0.019355980 0.016882800 0.023351230 0.029562790 0.021830590 0.019897890 0.020322780 0.024736380 0.023263790 0.023284440 0.026402680 0.025427260 0.000023520 0.000000000 0.004698340 0.002617950 0.012837010 0.008846620 0.009022260 0.008256070 0.023215220 
28     0.016098200 0.019341520 0.019396690 0.019161670 0.020013580 0.022671880 0.009885450 0.010071070 0.010071200 0.026913570 0.010093550 0.015803150 0.017747050 0.018382370 0.019159170 0.021033420 0.019773980 0.017942400 0.012497230 0.015022750 0.022140980 0.023354320 0.018107640 0.018765010 0.015686890 0.018447440 0.021613690 0.019364870 0.020853210 0.019392840 0.019895940 0.017422760 0.021382060 0.027593620 0.019861420 0.018843560 0.018353610 0.023440580 0.021294620 0.021530780 0.024838390 0.025521790 0.002059880 0.004698340 0.000000000 0.003539040 0.013376970 0.009386580 0.007923670 0.006162370 0.021246050 
47     0.021780100 0.024061000 0.025078590 0.022705160 0.023557070 0.026215370 0.021777050 0.024403620 0.024494250 0.030457060 0.032702990 0.021485050 0.023428950 0.024064270 0.024841070 0.026715320 0.025082980 0.023624300 0.018179130 0.020704650 0.025684470 0.026897810 0.021651130 0.022308500 0.021245640 0.021990930 0.025157180 0.022908360 0.024396700 0.016563290 0.013150460 0.020966250 0.027063960 0.033275520 0.025543320 0.014117200 0.024035510 0.028819830 0.026976520 0.027212680 0.030486130 0.029510710 0.001526880 0.002617950 0.003539040 0.000000000 0.007316220 0.012930070 0.013105710 0.008016310 0.026927950 
48     0.022094410 0.024387760 0.025392900 0.023031920 0.023883830 0.026542130 0.022103810 0.024717930 0.024808560 0.030783820 0.033029750 0.021799360 0.023345450 0.021839090 0.022502180 0.024356820 0.020735300 0.021283630 0.018493440 0.021018960 0.026011230 0.027224570 0.021977890 0.021310340 0.020942560 0.020657280 0.025483940 0.022413680 0.022535490 0.022196140 0.022696420 0.019829610 0.023711460 0.029307150 0.025857630 0.024308100 0.006509780 0.010545760 0.016917080 0.014557150 0.030812890 0.029837470 0.012704660 0.012837010 0.013376970 0.007316220 0.000000000 0.004401950 0.000000020 0.000264520 0.027242260 
42     0.015465450 0.018708770 0.018763940 0.019041530 0.019893440 0.022551740 0.018113420 0.018088970 0.018179600 0.026793430 0.029039360 0.015170400 0.017114300 0.017749620 0.018526420 0.020400670 0.019141230 0.017309650 0.011864480 0.014390000 0.022020840 0.023234180 0.017765420 0.018644870 0.015054140 0.018313110 0.021363550 0.019244730 0.020722040 0.019272700 0.019775800 0.017302620 0.020749310 0.026960870 0.019228670 0.018210810 0.012146720 0.016182700 0.020661870 0.020194090 0.024205640 0.024889040 0.008714270 0.008846620 0.009386580 0.012930070 0.004401950 0.000000000 0.000022350 0.001776510 0.020613300 
20     0.011755590 0.014998910 0.015054080 0.016802000 0.016668380 0.022365510 0.014565320 0.014379110 0.014469740 0.026969070 0.029215000 0.011460540 0.013404440 0.014039760 0.014816560 0.016690810 0.015431370 0.013599790 0.008154620 0.010680140 0.021474820 0.021140600 0.014055560 0.015220670 0.011344280 0.014603250 0.017653690 0.016021900 0.017012180 0.016542780 0.017286260 0.014227000 0.017039450 0.023251010 0.015518810 0.014500950 0.012566950 0.016602930 0.016952010 0.017188170 0.020495780 0.021179180 0.008889910 0.009022260 0.007923670 0.013105710 0.000000020 0.000022350 0.000000000 0.001345880 0.016903440 
18     0.014583680 0.017827000 0.017882170 0.018450980 0.019302890 0.021961190 0.017393410 0.017207200 0.017297830 0.026202880 0.028448810 0.014288630 0.016232530 0.016867850 0.017644650 0.019518900 0.018259460 0.016427880 0.010982710 0.013508230 0.021430290 0.022643630 0.016883650 0.018048760 0.014172370 0.017431340 0.020481780 0.018654180 0.019840270 0.018682150 0.019185250 0.016712070 0.019867540 0.026079100 0.018346900 0.017329040 0.010616290 0.014652270 0.019780100 0.018663660 0.023323870 0.024007270 0.006318990 0.008256070 0.006162370 0.008016310 0.000264520 0.001776510 0.001345880 0.000000000 0.019731530 
0     0.018955110 0.022198430 0.022253600 0.019061650 0.018997450 0.027315380 0.019342380 0.021578630 0.021669260 0.009972790 0.009004960 0.017455560 0.021476640 0.022111960 0.022888760 0.024763010 0.013643390 0.015881390 0.016226820 0.018752340 0.029547020 0.029212800 0.022127760 0.023292870 0.019416480 0.022675450 0.025725890 0.024094100 0.025084380 0.024614980 0.025358460 0.022299200 0.026198790 0.032410350 0.024678150 0.023660290 0.023170340 0.028257310 0.026111350 0.026347510 0.029655120 0.030338520 0.024395430 0.023215220 0.021246050 0.026927950 0.027242260 0.020613300 0.016903440 0.019731530 0.000000000 
