51
2     0.000000000 0.353835681 0.358561990 0.367873845 0.386424536 0.781376139 0.687031504 0.800540622 0.814003222 0.991020570 0.988897411 0.804236991 0.857109099 0.842821667 0.847120549 0.919038240 0.766011309 0.807272406 0.846278900 0.878902460 1.075476167 1.077705807 0.808135376 0.824133412 0.769586415 0.782838540 0.923356500 0.837647491 0.832258338 0.826947832 0.844305156 0.763128219 1.155616169 1.281103896 1.419940555 1.047733849 1.159369672 1.106132931 1.159827653 1.176869834 1.233534265 1.227173158 0.937330267 0.934702633 0.978595506 1.172922916 1.026534365 0.974785678 0.956286885 0.961927724 1.480418837 
8     0.353835681 0.000000000 0.053135754 0.279248364 0.297571631 0.688493150 0.594329221 0.707799155 0.721434281 0.897141650 0.895018490 0.714609265 0.767204992 0.752917560 0.757250855 0.828658425 0.675840289 0.717097860 0.755428614 0.787789489 0.982449176 0.984678817 0.716901692 0.732899728 0.678672285 0.691623416 0.831949211 0.746179889 0.740790737 0.735621702 0.753168079 0.672033964 1.067395305 1.192824215 1.331948405 0.959608339 1.071417330 1.017948044 1.072697486 1.088908994 1.146087036 1.139712002 0.849572353 0.846961429 0.890598764 1.085077473 0.936772321 0.885417325 0.866833709 0.872565446 1.394974300 
9     0.358561990 0.053135754 0.000000000 0.284160239 0.302287756 0.693155895 0.598740724 0.712210658 0.725845784 0.901553152 0.899429993 0.719020768 0.771616494 0.757329062 0.761662358 0.833069927 0.680251792 0.721509363 0.759840117 0.792200992 0.986860679 0.989090320 0.721375150 0.737373186 0.683083787 0.696034918 0.836360714 0.750607131 0.745217979 0.740047680 0.757579582 0.676445467 1.071806807 1.197235718 1.336359907 0.964019841 1.075828832 1.022359547 1.077108989 1.093320496 1.150498538 1.144123505 0.853983855 0.851372932 0.895010267 1.089488976 0.941183824 0.889828828 0.871245212 0.876976949 1.399385803 
11     0.367873845 0.279248364 0.284160239 0.000000000 0.089822251 0.689376243 0.594388902 0.707466212 0.721561855 0.898846835 0.896723675 0.712912453 0.763796897 0.749593053 0.753645288 0.825251561 0.672837165 0.714440358 0.753774771 0.786188137 0.982906983 0.985136623 0.715675538 0.731673574 0.677381422 0.690328354 0.830554679 0.745159698 0.739770546 0.734541337 0.751898661 0.670716602 1.065030445 1.190727399 1.329732894 0.957171487 1.067838940 1.014410814 1.069160256 1.085371763 1.142546151 1.136171117 0.847833469 0.845222546 0.888871199 1.083230314 0.935114030 0.884005573 0.865439680 0.871153694 1.391648264 
1     0.386424536 0.297571631 0.302287756 0.089822251 0.000000000 0.704667309 0.612208215 0.724465916 0.738561559 0.915846539 0.913723380 0.730848075 0.781082134 0.766878291 0.770683403 0.842288380 0.689966974 0.731570167 0.770906447 0.803405850 1.000093968 1.002323609 0.732862523 0.748860559 0.694967373 0.707515340 0.847703177 0.762346683 0.756957531 0.751728322 0.769085646 0.687903587 1.082760545 1.208457499 1.347462993 0.974504807 1.086402744 1.032787068 1.087542824 1.103754331 1.160928719 1.154547371 0.865812382 0.863201458 0.906850112 1.101209226 0.953137675 0.901984485 0.883418592 0.889132606 1.409022298 
12     0.781376139 0.688493150 0.693155895 0.689376243 0.704667309 0.000000000 0.875327965 0.987286692 1.002581958 1.178881122 1.176757963 0.999093536 1.053138866 1.038851433 1.043333569 1.114742411 0.961672915 1.003256256 1.039861670 1.071756101 1.268983755 1.271222427 1.002325831 1.018323867 0.961445415 0.974799941 1.116660110 1.031249010 1.025855321 1.020150074 1.037507398 0.955725961 1.353842909 1.480847477 1.619261550 1.246103729 1.358177570 1.304524207 1.359273649 1.375485156 1.432663198 1.426288165 1.133463750 1.130852826 1.174322177 1.367573579 1.220737006 1.169820849 1.151254956 1.156968970 1.679547938 
10     0.687031504 0.594329221 0.598740724 0.594388902 0.612208215 0.875327965 0.000000000 0.442514216 0.456791957 0.639116549 0.636993390 0.698407309 0.759965003 0.745227139 0.748897148 0.820809452 0.668250337 0.711590529 0.742791257 0.774898824 0.970602769 0.973295082 0.706087027 0.721549502 0.668067602 0.680390714 0.820661887 0.734826652 0.729437500 0.723180409 0.740537734 0.657171489 1.054813763 1.181795746 1.320491681 0.947831834 1.059794007 1.006192673 1.059743855 1.075369619 1.133333224 1.126948333 0.841536987 0.838926064 0.880372566 1.074015472 0.930414187 0.878225987 0.859660095 0.865374108 1.377843875 
4     0.800540622 0.707799155 0.712210658 0.707466212 0.724465916 0.987286692 0.442514216 0.000000000 0.142808853 0.664856938 0.662675488 0.817421325 0.873302352 0.858585837 0.863156329 0.935066023 0.783200307 0.826185538 0.858393512 0.890631047 1.085901873 1.089187860 0.821710582 0.837611953 0.783520795 0.795271752 0.935786299 0.850216712 0.844827560 0.838839178 0.856196502 0.773830702 1.175319038 1.302078731 1.441865882 1.068523228 1.180115966 1.126102781 1.180877394 1.196950760 1.254381875 1.248006842 0.957177697 0.954566774 0.995239514 1.189917575 1.046627101 0.994435556 0.975869663 0.981583677 1.491462164 
7     0.814003222 0.721434281 0.725845784 0.721561855 0.738561559 1.002581958 0.456791957 0.142808853 0.000000000 0.678091825 0.675910376 0.830280844 0.886765889 0.872049374 0.876619866 0.948529560 0.796663844 0.839649075 0.871713848 0.903951383 1.099171221 1.102508196 0.835030918 0.850932289 0.796841130 0.808592088 0.949106635 0.863537048 0.858147895 0.852159514 0.869516838 0.787151038 1.188939909 1.315699602 1.455486752 1.082144098 1.193746539 1.139723652 1.194657204 1.210730570 1.268046753 1.261671720 0.970560049 0.967949125 1.008917185 1.203299927 1.060009452 1.007817907 0.989252015 0.994966028 1.492763365 
5     0.991020570 0.897141650 0.901553152 0.898846835 0.915846539 1.178881122 0.639116549 0.664856938 0.678091825 0.000000000 0.145844724 1.007101795 1.060942622 1.046226107 1.050941537 1.123282451 0.971320517 1.014427897 1.045250402 1.077467226 1.271210342 1.274123429 1.008459324 1.024360695 0.970249624 0.981411790 1.121899816 1.036533673 1.031144521 1.024976515 1.042333839 0.960614554 1.364231797 1.491288239 1.631653034 1.257203541 1.369965795 1.315788214 1.370721766 1.386934281 1.444250464 1.437736282 1.147752860 1.145135369 1.186217070 1.380240017 1.236896826 1.184689393 1.166123501 1.171837514 1.680277538 
3     0.988897411 0.895018490 0.899429993 0.896723675 0.913723380 1.176757963 0.636993390 0.662675488 0.675910376 0.145844724 0.000000000 1.004978636 1.058819463 1.044102948 1.048818378 1.121159291 0.969197358 1.012304738 1.043127243 1.075344067 1.269087182 1.272000270 1.006336165 1.022237535 0.968126465 0.979288631 1.119776657 1.034354879 1.028965727 1.022853355 1.040210680 0.958491394 1.362108637 1.489165080 1.629529875 1.255080382 1.367842635 1.313665054 1.368598607 1.384811122 1.442127305 1.435613123 1.145630153 1.143012663 1.183973456 1.378116858 1.234773666 1.182566234 1.164000341 1.169714355 1.678154379 
6     0.804236991 0.714609265 0.719020768 0.712912453 0.730848075 0.999093536 0.698407309 0.817421325 0.830280844 1.007101795 1.004978636 0.000000000 0.735495613 0.721070979 0.724177257 0.796861385 0.643217821 0.686471678 0.719522081 0.751960093 0.948018299 0.949184683 0.681425193 0.697557413 0.646696868 0.655626665 0.796596307 0.711518322 0.706129170 0.699068880 0.716808284 0.637134946 1.043507008 1.169658822 1.307717528 0.935368855 1.046412915 0.990364913 1.046299586 1.062624733 1.119767962 1.113392929 0.825090146 0.822482828 0.865161215 1.060693064 0.915571425 0.862692478 0.844126585 0.849840599 1.351266799 
13     0.857109099 0.767204992 0.771616494 0.763796897 0.781082134 1.053138866 0.759965003 0.873302352 0.886765889 1.060942622 1.058819463 0.735495613 0.000000000 0.121993526 0.328096755 0.398330161 0.257161878 0.300239014 0.572130787 0.605068290 0.800387094 0.801699947 0.535679017 0.551830638 0.499796683 0.509982066 0.651226465 0.564577554 0.559188402 0.552648338 0.569753676 0.492219011 0.992406604 1.118823948 1.257769084 0.885479257 0.997165567 0.942518376 0.995244228 1.012215591 1.069830229 1.063455195 0.778973536 0.776463620 0.818128089 1.014371409 0.869951276 0.817115807 0.798549915 0.804082195 1.358974380 
26     0.842821667 0.752917560 0.757329062 0.749593053 0.766878291 1.038851433 0.745227139 0.858585837 0.872049374 1.046226107 1.044102948 0.721070979 0.121993526 0.000000000 0.312762567 0.383454181 0.242541329 0.286142568 0.557155829 0.590093332 0.785313168 0.786626021 0.520704058 0.536855680 0.484821725 0.495007108 0.636251507 0.549602596 0.544213444 0.537673380 0.554778718 0.477192752 0.979550093 1.105967437 1.244913222 0.872563075 0.984390505 0.929940362 0.983324090 1.000350945 1.057876919 1.051501886 0.764852792 0.762342876 0.803744432 1.000249561 0.855829428 0.802993960 0.784428067 0.789960347 1.344368562 
43     0.847120549 0.757250855 0.761662358 0.753645288 0.770683403 1.043333569 0.748897148 0.863156329 0.876619866 1.050941537 1.048818378 0.724177257 0.328096755 0.312762567 0.000000000 0.226368121 0.244706829 0.288269702 0.563098518 0.595707016 0.790444543 0.791757396 0.525928229 0.542079851 0.489951563 0.500035559 0.641208048 0.554789448 0.549400296 0.542845759 0.560050644 0.482310149 0.984815400 1.111855309 1.250827666 0.878204121 0.988749188 0.934530731 0.988595048 1.005429696 1.062512105 1.056137072 0.768381494 0.765929919 0.807222523 1.003776332 0.859408715 0.806573247 0.788007354 0.793539634 1.348521307 
17     0.919038240 0.828658425 0.833069927 0.825251561 0.842288380 1.114742411 0.820809452 0.935066023 0.948529560 1.123282451 1.121159291 0.796861385 0.398330161 0.383454181 0.226368121 0.000000000 0.315406732 0.358356782 0.634620839 0.667119187 0.861949604 0.863262457 0.597423706 0.613575328 0.561447041 0.571531037 0.712703525 0.626284926 0.620895774 0.614341236 0.631544628 0.553841235 1.056129791 1.183169701 1.322142057 0.949607250 1.059824214 1.005593780 1.059671198 1.076505846 1.133588255 1.127213222 0.840170366 0.837660450 0.879317451 1.075582062 0.931078240 0.878242771 0.859676879 0.865209159 1.420109469 
16     0.766011309 0.675840289 0.680251792 0.672837165 0.689966974 0.961672915 0.668250337 0.783200307 0.796663844 0.971320517 0.969197358 0.643217821 0.257161878 0.242541329 0.244706829 0.315406732 0.000000000 0.142988420 0.482003734 0.514720328 0.709883028 0.711195881 0.445680742 0.461832364 0.409704077 0.419910704 0.560960561 0.474552082 0.469162930 0.462619855 0.479824835 0.402223770 0.905103956 1.031516506 1.170454318 0.797832730 0.908221567 0.853344760 0.907621647 0.924442001 0.981384795 0.975009762 0.688765357 0.686255441 0.727910405 0.924206637 0.779761664 0.726926196 0.708360303 0.713892583 1.267169046 
27     0.807272406 0.717097860 0.721509363 0.714440358 0.731570167 1.003256256 0.711590529 0.826185538 0.839649075 1.014427897 1.012304738 0.686471678 0.300239014 0.286142568 0.288269702 0.358356782 0.142988420 0.000000000 0.525566378 0.558297920 0.753293911 0.754606764 0.488952970 0.505104592 0.452976305 0.463077056 0.604168932 0.517760452 0.512371300 0.505892083 0.523097063 0.445515174 0.948710375 1.075099678 1.214044144 0.841486246 0.951840216 0.897120940 0.951450949 0.968145351 1.025114613 1.018739580 0.732180825 0.729670909 0.771325872 0.967622104 0.823177132 0.770341663 0.751775771 0.757308051 1.310741185 
37     0.846278900 0.755428614 0.759840117 0.753774771 0.770906447 1.039861670 0.742791257 0.858393512 0.871713848 1.045250402 1.043127243 0.719522081 0.572130787 0.557155829 0.563098518 0.634620839 0.482003734 0.525566378 0.000000000 0.142926039 0.683502758 0.684725562 0.419443771 0.435609312 0.383484910 0.395031140 0.535425483 0.449539935 0.444118002 0.435308168 0.453428745 0.376138886 0.984997786 1.111517192 1.251474127 0.877554871 0.989638564 0.935550546 0.989509634 1.005261564 1.063130502 1.056755469 0.762999055 0.761571446 0.803856511 0.999756156 0.855554650 0.802717555 0.784151662 0.789652425 1.336667138 
41     0.878902460 0.787789489 0.792200992 0.786188137 0.803405850 1.071756101 0.774898824 0.890631047 0.903951383 1.077467226 1.075344067 0.751960093 0.605068290 0.590093332 0.595707016 0.667119187 0.514720328 0.558297920 0.142926039 0.000000000 0.716309470 0.717558635 0.451853866 0.468019406 0.415889091 0.427268176 0.567413706 0.481815316 0.476393384 0.467780312 0.485785407 0.408543259 1.014746315 1.141265721 1.281222656 0.907031527 1.018848567 0.963730937 1.018003358 1.033711294 1.091607270 1.085232237 0.796318521 0.794405906 0.836837780 1.032738876 0.888256125 0.835419030 0.816853138 0.822353901 1.369418953 
36     1.075476167 0.982449176 0.986860679 0.982906983 1.000093968 1.268983755 0.970602769 1.085901873 1.099171221 1.271210342 1.269087182 0.948018299 0.800387094 0.785313168 0.790444543 0.861949604 0.709883028 0.753293911 0.683502758 0.716309470 0.000000000 0.203534915 0.584798476 0.600964909 0.547757389 0.558308001 0.698936315 0.613040856 0.607740856 0.598663881 0.615781338 0.538861012 1.214200774 1.340553330 1.480224605 1.107453917 1.217973637 1.164362247 1.218580393 1.234926535 1.291665409 1.285452170 0.993388881 0.990935721 1.033609396 1.229786923 1.084704422 1.031873760 1.013307867 1.018767739 1.566950292 
31     1.077705807 0.984678817 0.989090320 0.985136623 1.002323609 1.271222427 0.973295082 1.089187860 1.102508196 1.274123429 1.272000270 0.949184683 0.801699947 0.786626021 0.791757396 0.863262457 0.711195881 0.754606764 0.684725562 0.717558635 0.203534915 0.000000000 0.585619227 0.601771845 0.548760759 0.559361345 0.699966243 0.614070784 0.608770784 0.599696130 0.616813588 0.539897661 1.216395937 1.342748492 1.482557336 1.109649080 1.220369567 1.166758177 1.220629534 1.236975676 1.294279474 1.287904441 0.995361588 0.992908428 1.035582103 1.231759631 1.086677130 1.033846468 1.015280575 1.020740446 1.568446620 
24     0.808135376 0.716901692 0.721375150 0.715675538 0.732862523 1.002325831 0.706087027 0.821710582 0.835030918 1.008459324 1.006336165 0.681425193 0.535679017 0.520704058 0.525928229 0.597423706 0.445680742 0.488952970 0.419443771 0.451853866 0.584798476 0.585619227 0.000000000 0.077938535 0.213695200 0.249374559 0.387880621 0.301736871 0.296412805 0.292879793 0.310066641 0.232985880 0.944927302 1.069996586 1.212170709 0.838768306 0.948523703 0.896206044 0.949806461 0.966392123 1.023689741 1.017410557 0.723469063 0.721015903 0.765718091 0.959558911 0.814852236 0.762021574 0.743455681 0.748722318 1.301087942 
44     0.824133412 0.732899728 0.737373186 0.731673574 0.748860559 1.018323867 0.721549502 0.837611953 0.850932289 1.024360695 1.022237535 0.697557413 0.551830638 0.536855680 0.542079851 0.613575328 0.461832364 0.505104592 0.435609312 0.468019406 0.600964909 0.601771845 0.077938535 0.000000000 0.229128488 0.265645485 0.404181591 0.317986764 0.312660934 0.309265231 0.326480358 0.249405642 0.961020447 1.086089731 1.228263854 0.854861451 0.964616848 0.912299189 0.965936709 0.982485267 1.039782886 1.033503702 0.739580448 0.737127289 0.781829476 0.975670296 0.830963622 0.778132960 0.759567067 0.764833703 1.317181088 
14     0.769586415 0.678672285 0.683083787 0.677381422 0.694967373 0.961445415 0.668067602 0.783520795 0.796841130 0.970249624 0.968126465 0.646696868 0.499796683 0.484821725 0.489951563 0.561447041 0.409704077 0.452976305 0.383484910 0.415889091 0.547757389 0.548760759 0.213695200 0.229128488 0.000000000 0.214558299 0.354987488 0.269257880 0.264178224 0.256035631 0.273005281 0.196497329 0.905765636 1.030434720 1.175914616 0.802656575 0.912402739 0.859996521 0.913357347 0.929761846 0.987154761 0.980779728 0.686799521 0.684346361 0.726717412 0.921775925 0.777814856 0.724958555 0.706395554 0.711852534 1.262970836 
49     0.782838540 0.691623416 0.696034918 0.690328354 0.707515340 0.974799941 0.680390714 0.795271752 0.808592088 0.981411790 0.979288631 0.655626665 0.509982066 0.495007108 0.500035559 0.571531037 0.419910704 0.463077056 0.395031140 0.427268176 0.558308001 0.559361345 0.249374559 0.265645485 0.214558299 0.000000000 0.281070208 0.198392496 0.192113844 0.236148224 0.253164538 0.182356776 0.922075978 1.047853999 1.188169838 0.814243512 0.925715833 0.872181939 0.926347875 0.942750725 1.000144192 0.993769159 0.700128211 0.697675051 0.739697167 0.936662994 0.791563554 0.738735314 0.720152208 0.725533470 1.276057254 
19     0.923356500 0.831949211 0.836360714 0.830554679 0.847703177 1.116660110 0.820661887 0.935786299 0.949106635 1.121899816 1.119776657 0.796596307 0.651226465 0.636251507 0.641208048 0.712703525 0.560960561 0.604168932 0.535425483 0.567413706 0.698936315 0.699966243 0.387880621 0.404181591 0.354987488 0.281070208 0.000000000 0.339161964 0.333827656 0.376572751 0.393737496 0.323352317 1.065005959 1.190449484 1.330770829 0.957543981 1.067618376 1.015455405 1.069142785 1.085545634 1.142939101 1.136564068 0.843345658 0.840892498 0.882933389 1.079522067 0.934478786 0.881648123 0.863082231 0.868463493 1.416909278 
50     0.837647491 0.746179889 0.750607131 0.745159698 0.762346683 1.031249010 0.734826652 0.850216712 0.863537048 1.036533673 1.034354879 0.711518322 0.564577554 0.549602596 0.554789448 0.626284926 0.474552082 0.517760452 0.449539935 0.481815316 0.613040856 0.614070784 0.301736871 0.317986764 0.269257880 0.198392496 0.339161964 0.000000000 0.081852764 0.288323884 0.305486542 0.235970611 0.977723078 1.103679708 1.243816939 0.870617572 0.981293111 0.928205376 0.981960335 0.998363184 1.055791293 1.049416260 0.756182831 0.753729671 0.795847423 0.992359240 0.847193273 0.794310825 0.775744932 0.781126195 1.330880417 
32     0.832258338 0.740790737 0.745217979 0.739770546 0.756957531 1.025855321 0.729437500 0.844827560 0.858147895 1.031144521 1.028965727 0.706129170 0.559188402 0.544213444 0.549400296 0.620895774 0.469162930 0.512371300 0.444118002 0.476393384 0.607740856 0.608770784 0.296412805 0.312660934 0.264178224 0.192113844 0.333827656 0.081852764 0.000000000 0.283302382 0.300474898 0.230895262 0.972333926 1.098290556 1.238427787 0.865228420 0.975903959 0.922816252 0.976571183 0.992974032 1.050402141 1.044027108 0.750793679 0.748340519 0.790458271 0.986970088 0.841804121 0.788921672 0.770355780 0.775737042 1.325491264 
29     0.826947832 0.735621702 0.740047680 0.734541337 0.751728322 1.020150074 0.723180409 0.838839178 0.852159514 1.024976515 1.022853355 0.699068880 0.552648338 0.537673380 0.542845759 0.614341236 0.462619855 0.505892083 0.435308168 0.467780312 0.598663881 0.599696130 0.292879793 0.309265231 0.256035631 0.236148224 0.376572751 0.288323884 0.283302382 0.000000000 0.181736619 0.222813459 0.963885652 1.090208366 1.230311391 0.857290612 0.967794966 0.914743626 0.968580572 0.984876359 1.042272715 1.035897682 0.743790061 0.741336901 0.783764889 0.980129294 0.835184357 0.782355321 0.763789428 0.769001919 1.317207716 
34     0.844305156 0.753168079 0.757579582 0.751898661 0.769085646 1.037507398 0.740537734 0.856196502 0.869516838 1.042333839 1.040210680 0.716808284 0.569753676 0.554778718 0.560050644 0.631544628 0.479824835 0.523097063 0.453428745 0.485785407 0.615781338 0.616813588 0.310066641 0.326480358 0.273005281 0.253164538 0.393737496 0.305486542 0.300474898 0.181736619 0.000000000 0.239756470 0.981625056 1.107979906 1.248050796 0.875030017 0.985534370 0.932483030 0.986279720 1.002575507 1.060012120 1.053637086 0.762330147 0.759876988 0.802271540 0.998352799 0.853564136 0.800735100 0.782169207 0.787381698 1.334823090 
39     0.763128219 0.672033964 0.676445467 0.670716602 0.687903587 0.955725961 0.657171489 0.773830702 0.787151038 0.960614554 0.958491394 0.637134946 0.492219011 0.477192752 0.482310149 0.553841235 0.402223770 0.445515174 0.376138886 0.408543259 0.538861012 0.539897661 0.232985880 0.249405642 0.196497329 0.182356776 0.323352317 0.235970611 0.230895262 0.222813459 0.239756470 0.000000000 0.907770578 1.033785234 1.173896548 0.800975886 0.911215068 0.858265649 0.912166256 0.928422728 0.985811325 0.979436292 0.685511785 0.683058625 0.725689400 0.921688195 0.776724684 0.723737752 0.705171859 0.710553122 1.257072770 
30     1.155616169 1.067395305 1.071806807 1.065030445 1.082760545 1.353842909 1.054813763 1.175319038 1.188939909 1.364231797 1.362108637 1.043507008 0.992406604 0.979550093 0.984815400 1.056129791 0.905103956 0.948710375 0.984997786 1.014746315 1.214200774 1.216395937 0.944927302 0.961020447 0.905765636 0.922075978 1.065005959 0.977723078 0.972333926 0.963885652 0.981625056 0.907770578 0.000000000 0.467284387 0.719238979 0.449018705 0.580641428 0.541426793 0.586091335 0.604040198 0.660615382 0.655198829 0.961336832 0.959603872 1.005899956 1.194059440 1.052881468 1.001542058 0.982976165 0.988827972 1.655425831 
15     1.281103896 1.192824215 1.197235718 1.190727399 1.208457499 1.480847477 1.181795746 1.302078731 1.315699602 1.491288239 1.489165080 1.169658822 1.118823948 1.105967437 1.111855309 1.183169701 1.031516506 1.075099678 1.111517192 1.141265721 1.340553330 1.342748492 1.069996586 1.086089731 1.030434720 1.047853999 1.190449484 1.103679708 1.098290556 1.090208366 1.107979906 1.033785234 0.467284387 0.000000000 0.848252795 0.577719953 0.707336587 0.663672440 0.711350341 0.728798448 0.784866876 0.778558642 1.089819510 1.088086550 1.134455522 1.322385151 1.181656109 1.130174848 1.111608955 1.117460762 1.782711815 
35     1.419940555 1.331948405 1.336359907 1.329732894 1.347462993 1.619261550 1.320491681 1.441865882 1.455486752 1.631653034 1.629529875 1.307717528 1.257769084 1.244913222 1.250827666 1.322142057 1.170454318 1.214044144 1.251474127 1.281222656 1.480224605 1.482557336 1.212170709 1.228263854 1.175914616 1.188169838 1.330770829 1.243816939 1.238427787 1.230311391 1.248050796 1.173896548 0.719238979 0.848252795 0.000000000 0.711290450 0.832908842 0.783340846 0.831553726 0.849008384 0.902917423 0.896620116 1.228581892 1.226912644 1.273294747 1.462141684 1.320782459 1.268650487 1.250084594 1.255936401 1.920913701 
38     1.047733849 0.959608339 0.964019841 0.957171487 0.974504807 1.246103729 0.947831834 1.068523228 1.082144098 1.257203541 1.255080382 0.935368855 0.885479257 0.872563075 0.878204121 0.949607250 0.797832730 0.841486246 0.877554871 0.907031527 1.107453917 1.109649080 0.838768306 0.854861451 0.802656575 0.814243512 0.957543981 0.870617572 0.865228420 0.857290612 0.875030017 0.800975886 0.449018705 0.577719953 0.711290450 0.000000000 0.465097064 0.418517122 0.459958431 0.476631834 0.531528671 0.524694967 0.855773404 0.854040445 0.900387506 1.089693845 0.948237391 0.896411421 0.877845528 0.883697335 1.544072140 
25     1.159369672 1.071417330 1.075828832 1.067838940 1.086402744 1.358177570 1.059794007 1.180115966 1.193746539 1.369965795 1.367842635 1.046412915 0.997165567 0.984390505 0.988749188 1.059824214 0.908221567 0.951840216 0.989638564 1.018848567 1.217973637 1.220369567 0.948523703 0.964616848 0.912402739 0.925715833 1.067618376 0.981293111 0.975903959 0.967794966 0.985534370 0.911215068 0.580641428 0.707336587 0.832908842 0.465097064 0.000000000 0.432777367 0.490186226 0.506292194 0.562420968 0.554632878 0.967470984 0.965672801 1.011980474 1.201288479 1.059556512 1.008444898 0.989879006 0.995730812 1.659367717 
22     1.106132931 1.017948044 1.022359547 1.014410814 1.032787068 1.304524207 1.006192673 1.126102781 1.139723652 1.315788214 1.313665054 0.990364913 0.942518376 0.929940362 0.934530731 1.005593780 0.853344760 0.897120940 0.935550546 0.963730937 1.164362247 1.166758177 0.896206044 0.912299189 0.859996521 0.872181939 1.015455405 0.928205376 0.922816252 0.914743626 0.932483030 0.858265649 0.541426793 0.663672440 0.783340846 0.418517122 0.432777367 0.000000000 0.389529646 0.401759380 0.459156802 0.447359357 0.915011864 0.913492263 0.959799936 1.148018155 1.006094029 0.955529836 0.936963944 0.942815751 1.606143111 
33     1.159827653 1.072697486 1.077108989 1.069160256 1.087542824 1.359273649 1.059743855 1.180877394 1.194657204 1.370721766 1.368598607 1.046299586 0.995244228 0.983324090 0.988595048 1.059671198 0.907621647 0.951450949 0.989509634 1.018003358 1.218580393 1.220629534 0.949806461 0.965936709 0.913357347 0.926347875 1.069142785 0.981960335 0.976571183 0.968580572 0.986279720 0.912166256 0.586091335 0.711350341 0.831553726 0.459958431 0.490186226 0.389529646 0.000000000 0.157261931 0.323548338 0.321790396 0.967460705 0.965875294 1.012182968 1.201362793 1.058923844 1.008571020 0.990005128 0.995856934 1.660859511 
46     1.176869834 1.088908994 1.093320496 1.085371763 1.103754331 1.375485156 1.075369619 1.196950760 1.210730570 1.386934281 1.384811122 1.062624733 1.012215591 1.000350945 1.005429696 1.076505846 0.924442001 0.968145351 1.005261564 1.033711294 1.234926535 1.236975676 0.966392123 0.982485267 0.929761846 0.942750725 1.085545634 0.998363184 0.992974032 0.984876359 1.002575507 0.928422728 0.604040198 0.728798448 0.849008384 0.476631834 0.506292194 0.401759380 0.157261931 0.000000000 0.339591057 0.334563473 0.983651040 0.982065629 1.028391833 1.217676314 1.075266130 1.024884541 1.006318648 1.012170455 1.675365058 
23     1.233534265 1.146087036 1.150498538 1.142546151 1.160928719 1.432663198 1.133333224 1.254381875 1.268046753 1.444250464 1.442127305 1.119767962 1.069830229 1.057876919 1.062512105 1.133588255 0.981384795 1.025114613 1.063130502 1.091607270 1.291665409 1.294279474 1.023689741 1.039782886 0.987154761 1.000144192 1.142939101 1.055791293 1.050402141 1.042272715 1.060012120 0.985811325 0.660615382 0.784866876 0.902917423 0.531528671 0.562420968 0.459156802 0.323548338 0.339591057 0.000000000 0.197496727 1.041243847 1.039650119 1.085957793 1.275137618 1.132772741 1.082373506 1.063807613 1.069659420 1.733818744 
40     1.227173158 1.139712002 1.144123505 1.136171117 1.154547371 1.426288165 1.126948333 1.248006842 1.261671720 1.437736282 1.435613123 1.113392929 1.063455195 1.051501886 1.056137072 1.127213222 0.975009762 1.018739580 1.056755469 1.085232237 1.285452170 1.287904441 1.017410557 1.033503702 0.980779728 0.993769159 1.136564068 1.049416260 1.044027108 1.035897682 1.053637086 0.979436292 0.655198829 0.778558642 0.896620116 0.524694967 0.554632878 0.447359357 0.321790396 0.334563473 0.197496727 0.000000000 1.034860497 1.033275086 1.079582759 1.268762585 1.126397708 1.075998473 1.057432580 1.063284387 1.727443710 
21     0.937330267 0.849572353 0.853983855 0.847833469 0.865812382 1.133463750 0.841536987 0.957177697 0.970560049 1.147752860 1.145630153 0.825090146 0.778973536 0.764852792 0.768381494 0.840170366 0.688765357 0.732180825 0.762999055 0.796318521 0.993388881 0.995361588 0.723469063 0.739580448 0.686799521 0.700128211 0.843345658 0.756182831 0.750793679 0.743790061 0.762330147 0.685511785 0.961336832 1.089819510 1.228581892 0.855773404 0.967470984 0.915011864 0.967460705 0.983651040 1.041243847 1.034860497 0.000000000 0.062515322 0.213146990 0.496906482 0.451865377 0.397598085 0.380079489 0.385729429 1.441445791 
45     0.934702633 0.846961429 0.851372932 0.845222546 0.863201458 1.130852826 0.838926064 0.954566774 0.967949125 1.145135369 1.143012663 0.822482828 0.776463620 0.762342876 0.765929919 0.837660450 0.686255441 0.729670909 0.761571446 0.794405906 0.990935721 0.992908428 0.721015903 0.737127289 0.684346361 0.697675051 0.840892498 0.753729671 0.748340519 0.741336901 0.759876988 0.683058625 0.959603872 1.088086550 1.226912644 0.854040445 0.965672801 0.913492263 0.965875294 0.982065629 1.039650119 1.033275086 0.062515322 0.000000000 0.209248281 0.493323473 0.448489662 0.394231583 0.376712987 0.382528097 1.438838473 
28     0.978595506 0.890598764 0.895010267 0.888871199 0.906850112 1.174322177 0.880372566 0.995239514 1.008917185 1.186217070 1.183973456 0.865161215 0.818128089 0.803744432 0.807222523 0.879317451 0.727910405 0.771325872 0.803856511 0.836837780 1.033609396 1.035582103 0.765718091 0.781829476 0.726717412 0.739697167 0.882933389 0.795847423 0.790458271 0.783764889 0.802271540 0.725689400 1.005899956 1.134455522 1.273294747 0.900387506 1.011980474 0.959799936 1.012182968 1.028391833 1.085957793 1.079582759 0.213146990 0.209248281 0.000000000 0.540811084 0.497365173 0.443871099 0.426355785 0.432170895 1.483006059 
47     1.172922916 1.085077473 1.089488976 1.083230314 1.101209226 1.367573579 1.074015472 1.189917575 1.203299927 1.380240017 1.378116858 1.060693064 1.014371409 1.000249561 1.003776332 1.075582062 0.924206637 0.967622104 0.999756156 1.032738876 1.229786923 1.231759631 0.959558911 0.975670296 0.921775925 0.936662994 1.079522067 0.992359240 0.986970088 0.980129294 0.998352799 0.921688195 1.194059440 1.322385151 1.462141684 1.089693845 1.201288479 1.148018155 1.201362793 1.217676314 1.275137618 1.268762585 0.496906482 0.493323473 0.540811084 0.000000000 0.686140617 0.631906784 0.614764036 0.620625088 1.676812694 
48     1.026534365 0.936772321 0.941183824 0.935114030 0.953137675 1.220737006 0.930414187 1.046627101 1.060009452 1.236896826 1.234773666 0.915571425 0.869951276 0.855829428 0.859408715 0.931078240 0.779761664 0.823177132 0.855554650 0.888256125 1.084704422 1.086677130 0.814852236 0.830963622 0.777814856 0.791563554 0.934478786 0.847193273 0.841804121 0.835184357 0.853564136 0.776724684 1.052881468 1.181656109 1.320782459 0.948237391 1.059556512 1.006094029 1.058923844 1.075266130 1.132772741 1.126397708 0.451865377 0.448489662 0.497365173 0.686140617 0.000000000 0.339871898 0.320265394 0.328382139 1.531683886 
42     0.974785678 0.885417325 0.889828828 0.884005573 0.901984485 1.169820849 0.878225987 0.994435556 1.007817907 1.184689393 1.182566234 0.862692478 0.817115807 0.802993960 0.806573247 0.878242771 0.726926196 0.770341663 0.802717555 0.835419030 1.031873760 1.033846468 0.762021574 0.778132960 0.724958555 0.738735314 0.881648123 0.794310825 0.788921672 0.782355321 0.800735100 0.723737752 1.001542058 1.130174848 1.268650487 0.896411421 1.008444898 0.955529836 1.008571020 1.024884541 1.082373506 1.075998473 0.397598085 0.394231583 0.443871099 0.631906784 0.339871898 0.000000000 0.121806777 0.160642370 1.478888108 
20     0.956286885 0.866833709 0.871245212 0.865439680 0.883418592 1.151254956 0.859660095 0.975869663 0.989252015 1.166123501 1.164000341 0.844126585 0.798549915 0.784428067 0.788007354 0.859676879 0.708360303 0.751775771 0.784151662 0.816853138 1.013307867 1.015280575 0.743455681 0.759567067 0.706395554 0.720152208 0.863082231 0.775744932 0.770355780 0.763789428 0.782169207 0.705171859 0.982976165 1.111608955 1.250084594 0.877845528 0.989879006 0.936963944 0.990005128 1.006318648 1.063807613 1.057432580 0.380079489 0.376712987 0.426355785 0.614764036 0.320265394 0.121806777 0.000000000 0.143154891 1.460322215 
18     0.961927724 0.872565446 0.876976949 0.871153694 0.889132606 1.156968970 0.865374108 0.981583677 0.994966028 1.171837514 1.169714355 0.849840599 0.804082195 0.789960347 0.793539634 0.865209159 0.713892583 0.757308051 0.789652425 0.822353901 1.018767739 1.020740446 0.748722318 0.764833703 0.711852534 0.725533470 0.868463493 0.781126195 0.775737042 0.769001919 0.787381698 0.710553122 0.988827972 1.117460762 1.255936401 0.883697335 0.995730812 0.942815751 0.995856934 1.012170455 1.069659420 1.063284387 0.385729429 0.382528097 0.432170895 0.620625088 0.328382139 0.160642370 0.143154891 0.000000000 1.466036229 
0     1.480418837 1.394974300 1.399385803 1.391648264 1.409022298 1.679547938 1.377843875 1.491462164 1.492763365 1.680277538 1.678154379 1.351266799 1.358974380 1.344368562 1.348521307 1.420109469 1.267169046 1.310741185 1.336667138 1.369418953 1.566950292 1.568446620 1.301087942 1.317181088 1.262970836 1.276057254 1.416909278 1.330880417 1.325491264 1.317207716 1.334823090 1.257072770 1.655425831 1.782711815 1.920913701 1.544072140 1.659367717 1.606143111 1.660859511 1.675365058 1.733818744 1.727443710 1.441445791 1.438838473 1.483006059 1.676812694 1.531683886 1.478888108 1.460322215 1.466036229 0.000000000 
