51
34     0.000000000 0.000008070 0.000092190 0.000085720 0.000076160 0.000069170 0.000020040 0.000027410 0.000068200 0.000054250 0.000044340 0.000049200 0.000056750 0.000030840 0.000087610 0.000040120 0.000032870 0.000016640 0.000022860 0.000029440 0.000041650 0.000079260 0.000072830 0.000042210 0.000040830 0.000038410 0.000041150 0.000068870 0.000067400 0.000068970 0.000073190 0.000058810 0.000059410 0.000004100 0.000013210 0.000068410 0.000039780 0.000021390 0.000018560 0.000047750 0.000044830 0.000053500 0.000044750 0.000044660 0.000044130 0.000087190 0.000052610 0.000068160 0.000050510 0.000020920 0.000006330 
1     0.000008070 0.000000000 0.000093140 0.000086670 0.000089330 0.000082340 0.000027830 0.000028360 0.000069150 0.000060550 0.000045290 0.000050150 0.000057700 0.000039150 0.000088560 0.000041180 0.000033820 0.000022940 0.000031170 0.000035740 0.000049960 0.000080210 0.000081140 0.000043160 0.000041780 0.000039360 0.000042100 0.000069820 0.000068350 0.000069920 0.000074140 0.000059760 0.000060360 0.000012410 0.000019510 0.000069360 0.000040730 0.000029700 0.000026870 0.000048700 0.000045780 0.000054450 0.000045700 0.000045610 0.000045080 0.000088140 0.000053560 0.000074460 0.000056810 0.000027220 0.000019500 
14     0.000092190 0.000093140 0.000000000 0.000015250 0.000042180 0.000036680 0.000086390 0.000086920 0.000136810 0.000144090 0.000117570 0.000122430 0.000129980 0.000140910 0.000160840 0.000113460 0.000106100 0.000101890 0.000145750 0.000145030 0.000127910 0.000152490 0.000154610 0.000115440 0.000114060 0.000111640 0.000114380 0.000142120 0.000140650 0.000142220 0.000146440 0.000132060 0.000132660 0.000117820 0.000125640 0.000141660 0.000113030 0.000112220 0.000111830 0.000121000 0.000118080 0.000126750 0.000118000 0.000117910 0.000117380 0.000160440 0.000125860 0.000169070 0.000172540 0.000161620 0.000104810 
12     0.000085720 0.000086670 0.000015250 0.000000000 0.000017770 0.000017350 0.000079920 0.000080450 0.000130340 0.000137620 0.000111100 0.000115960 0.000123510 0.000130820 0.000154370 0.000106990 0.000099630 0.000095420 0.000122840 0.000138560 0.000121440 0.000146020 0.000148140 0.000108970 0.000107590 0.000105170 0.000107910 0.000135650 0.000134180 0.000135750 0.000139970 0.000125590 0.000126190 0.000104080 0.000119170 0.000135190 0.000106560 0.000105750 0.000105360 0.000114530 0.000111610 0.000120280 0.000111530 0.000111440 0.000110910 0.000153970 0.000119390 0.000162600 0.000166070 0.000155150 0.000098340 
23     0.000076160 0.000089330 0.000042180 0.000017770 0.000000000 0.000000440 0.000085420 0.000097440 0.000147330 0.000154610 0.000128090 0.000132950 0.000140500 0.000144270 0.000171360 0.000123980 0.000116620 0.000112410 0.000134720 0.000155550 0.000135750 0.000163010 0.000165130 0.000125960 0.000124580 0.000122160 0.000124900 0.000152640 0.000151170 0.000152740 0.000156960 0.000142580 0.000143180 0.000117530 0.000136160 0.000152180 0.000123550 0.000122740 0.000122350 0.000131520 0.000128600 0.000137270 0.000128520 0.000128430 0.000127900 0.000170960 0.000136380 0.000179590 0.000183060 0.000172140 0.000080070 
32     0.000069170 0.000082340 0.000036680 0.000017350 0.000000440 0.000000000 0.000078430 0.000091940 0.000141830 0.000149110 0.000122590 0.000127450 0.000135000 0.000143850 0.000165860 0.000118480 0.000111120 0.000106910 0.000127730 0.000150050 0.000128760 0.000157510 0.000159630 0.000120460 0.000119080 0.000116660 0.000119400 0.000147140 0.000145670 0.000147240 0.000151460 0.000137080 0.000137680 0.000117110 0.000130660 0.000146680 0.000118050 0.000117240 0.000116850 0.000126020 0.000123100 0.000131770 0.000123020 0.000122930 0.000122400 0.000165460 0.000130880 0.000174090 0.000177560 0.000166640 0.000073080 
36     0.000020040 0.000027830 0.000086390 0.000079920 0.000085420 0.000078430 0.000000000 0.000015850 0.000071500 0.000078780 0.000052260 0.000057120 0.000064670 0.000050850 0.000095530 0.000048150 0.000040790 0.000036580 0.000042870 0.000079720 0.000061660 0.000087180 0.000089300 0.000050130 0.000048750 0.000046330 0.000049070 0.000076810 0.000075340 0.000076910 0.000081130 0.000066750 0.000067350 0.000024110 0.000060330 0.000076350 0.000047720 0.000041400 0.000038570 0.000055690 0.000052770 0.000061440 0.000052690 0.000052600 0.000052070 0.000095130 0.000060550 0.000103760 0.000107230 0.000096310 0.000023950 
15     0.000027410 0.000028360 0.000086920 0.000080450 0.000097440 0.000091940 0.000015850 0.000000000 0.000072030 0.000046180 0.000052790 0.000057650 0.000065200 0.000063390 0.000096060 0.000048680 0.000041320 0.000037110 0.000055410 0.000064790 0.000063130 0.000087710 0.000089830 0.000050660 0.000049280 0.000046860 0.000049600 0.000077340 0.000075870 0.000077440 0.000081660 0.000067280 0.000067880 0.000036650 0.000045660 0.000076880 0.000048250 0.000047440 0.000047050 0.000056220 0.000053300 0.000061970 0.000053220 0.000053130 0.000052600 0.000095660 0.000061080 0.000096510 0.000078860 0.000049270 0.000040030 
19     0.000068200 0.000069150 0.000136810 0.000130340 0.000147330 0.000141830 0.000071500 0.000072030 0.000000000 0.000026740 0.000093580 0.000098440 0.000105990 0.000115960 0.000136850 0.000089470 0.000082110 0.000077900 0.000107980 0.000121040 0.000103920 0.000128500 0.000130620 0.000091450 0.000090070 0.000087650 0.000090390 0.000118130 0.000116660 0.000118230 0.000122450 0.000108070 0.000108670 0.000089220 0.000101650 0.000117670 0.000089040 0.000088230 0.000087840 0.000097010 0.000094090 0.000102760 0.000094010 0.000093920 0.000093390 0.000136450 0.000101870 0.000145080 0.000148550 0.000137630 0.000080820 
17     0.000054250 0.000060550 0.000144090 0.000137620 0.000154610 0.000149110 0.000078780 0.000046180 0.000026740 0.000000000 0.000100860 0.000105720 0.000113270 0.000124200 0.000144130 0.000086690 0.000084010 0.000063210 0.000129040 0.000076010 0.000111200 0.000135780 0.000137900 0.000098730 0.000097350 0.000094930 0.000097670 0.000125410 0.000123940 0.000125510 0.000129730 0.000115350 0.000115950 0.000093710 0.000056880 0.000119680 0.000096320 0.000088990 0.000089520 0.000104290 0.000101370 0.000110040 0.000101290 0.000101200 0.000100670 0.000143730 0.000109150 0.000107730 0.000090080 0.000060490 0.000054020 
28     0.000044340 0.000045290 0.000117570 0.000111100 0.000128090 0.000122590 0.000052260 0.000052790 0.000093580 0.000100860 0.000000000 0.000011480 0.000017910 0.000040770 0.000090330 0.000042950 0.000035590 0.000031380 0.000075440 0.000074720 0.000057600 0.000101980 0.000104100 0.000064930 0.000063550 0.000061130 0.000063870 0.000094270 0.000092800 0.000094370 0.000098590 0.000084210 0.000084810 0.000069970 0.000077790 0.000093810 0.000065180 0.000064370 0.000063980 0.000073150 0.000070230 0.000078900 0.000070150 0.000070060 0.000069530 0.000112590 0.000078010 0.000121220 0.000124690 0.000113770 0.000056960 
3     0.000049200 0.000050150 0.000122430 0.000115960 0.000132950 0.000127450 0.000057120 0.000057650 0.000098440 0.000105720 0.000011480 0.000000000 0.000008360 0.000039220 0.000095190 0.000047810 0.000040450 0.000036240 0.000080300 0.000079580 0.000062460 0.000106840 0.000108960 0.000069790 0.000068410 0.000065990 0.000068730 0.000099130 0.000097660 0.000099230 0.000103450 0.000089070 0.000089670 0.000074830 0.000082650 0.000098670 0.000070040 0.000069230 0.000068840 0.000078010 0.000075090 0.000083760 0.000075010 0.000074920 0.000074390 0.000117450 0.000082870 0.000126080 0.000129550 0.000118630 0.000061820 
21     0.000056750 0.000057700 0.000129980 0.000123510 0.000140500 0.000135000 0.000064670 0.000065200 0.000105990 0.000113270 0.000017910 0.000008360 0.000000000 0.000036330 0.000102740 0.000055360 0.000048000 0.000043790 0.000087850 0.000087130 0.000070010 0.000114390 0.000116510 0.000077340 0.000075960 0.000073540 0.000076280 0.000106680 0.000105210 0.000106780 0.000111000 0.000096620 0.000097220 0.000082380 0.000090200 0.000106220 0.000077590 0.000076780 0.000076390 0.000085560 0.000082640 0.000091310 0.000082560 0.000082470 0.000081940 0.000125000 0.000090420 0.000133630 0.000137100 0.000126180 0.000069370 
20     0.000030840 0.000039150 0.000140910 0.000130820 0.000144270 0.000143850 0.000050850 0.000063390 0.000115960 0.000124200 0.000040770 0.000039220 0.000036330 0.000000000 0.000113670 0.000066290 0.000058930 0.000054720 0.000047920 0.000094050 0.000066710 0.000125320 0.000097930 0.000088270 0.000086890 0.000084470 0.000085080 0.000117610 0.000116140 0.000117710 0.000121930 0.000107550 0.000108150 0.000029660 0.000101130 0.000112410 0.000068250 0.000046970 0.000044140 0.000096490 0.000093570 0.000102240 0.000093490 0.000093400 0.000092870 0.000135930 0.000101350 0.000144560 0.000148030 0.000137110 0.000080300 
33     0.000087610 0.000088560 0.000160840 0.000154370 0.000171360 0.000165860 0.000095530 0.000096060 0.000136850 0.000144130 0.000090330 0.000095190 0.000102740 0.000113670 0.000000000 0.000080240 0.000072880 0.000068670 0.000118710 0.000117990 0.000100870 0.000145250 0.000147370 0.000108200 0.000106820 0.000104400 0.000107140 0.000137540 0.000136070 0.000137640 0.000141860 0.000127480 0.000128080 0.000113240 0.000121060 0.000137080 0.000108450 0.000107640 0.000107250 0.000116420 0.000113500 0.000122170 0.000113420 0.000113330 0.000112800 0.000155860 0.000121280 0.000164490 0.000164310 0.000134720 0.000100230 
4     0.000040120 0.000041180 0.000113460 0.000106990 0.000123980 0.000118480 0.000048150 0.000048680 0.000089470 0.000086690 0.000042950 0.000047810 0.000055360 0.000066290 0.000080240 0.000000000 0.000004700 0.000012910 0.000067370 0.000047420 0.000053490 0.000097870 0.000099990 0.000060820 0.000059440 0.000057020 0.000059760 0.000090160 0.000088690 0.000090260 0.000094480 0.000080100 0.000080700 0.000061870 0.000045650 0.000089700 0.000061070 0.000060260 0.000059870 0.000069040 0.000066120 0.000074790 0.000066040 0.000065950 0.000065420 0.000108480 0.000073900 0.000100600 0.000082950 0.000053360 0.000046530 
38     0.000032870 0.000033820 0.000106100 0.000099630 0.000116620 0.000111120 0.000040790 0.000041320 0.000082110 0.000084010 0.000035590 0.000040450 0.000048000 0.000058930 0.000072880 0.000004700 0.000000000 0.000012210 0.000063970 0.000044740 0.000046130 0.000090510 0.000092630 0.000053460 0.000052080 0.000049660 0.000052400 0.000082800 0.000081330 0.000082900 0.000087120 0.000072740 0.000073340 0.000058500 0.000042970 0.000082340 0.000053710 0.000052900 0.000052510 0.000061680 0.000058760 0.000067430 0.000058680 0.000058590 0.000058060 0.000101120 0.000066540 0.000097920 0.000080270 0.000050680 0.000043850 
10     0.000016640 0.000022940 0.000101890 0.000095420 0.000112410 0.000106910 0.000036580 0.000037110 0.000077900 0.000063210 0.000031380 0.000036240 0.000043790 0.000054720 0.000068670 0.000012910 0.000012210 0.000000000 0.000055320 0.000023940 0.000041920 0.000086300 0.000088420 0.000049250 0.000047870 0.000045450 0.000048190 0.000078590 0.000077120 0.000078690 0.000082910 0.000068530 0.000069130 0.000049820 0.000022170 0.000078130 0.000049500 0.000048690 0.000048300 0.000057470 0.000054550 0.000063220 0.000054470 0.000054380 0.000053850 0.000096910 0.000062330 0.000077120 0.000059470 0.000029880 0.000023050 
13     0.000022860 0.000031170 0.000145750 0.000122840 0.000134720 0.000127730 0.000042870 0.000055410 0.000107980 0.000129040 0.000075440 0.000080300 0.000087850 0.000047920 0.000118710 0.000067370 0.000063970 0.000055320 0.000000000 0.000069290 0.000002310 0.000130160 0.000089950 0.000093110 0.000083580 0.000077390 0.000077100 0.000122450 0.000120980 0.000122550 0.000126770 0.000112390 0.000112990 0.000021680 0.000105970 0.000104430 0.000060270 0.000038990 0.000036160 0.000101330 0.000098410 0.000107080 0.000098330 0.000098240 0.000097710 0.000140770 0.000106190 0.000149400 0.000152870 0.000141950 0.000069510 
27     0.000029440 0.000035740 0.000145030 0.000138560 0.000155550 0.000150050 0.000079720 0.000064790 0.000121040 0.000076010 0.000074720 0.000079580 0.000087130 0.000094050 0.000117990 0.000047420 0.000044740 0.000023940 0.000069290 0.000000000 0.000028820 0.000129440 0.000131560 0.000092390 0.000091010 0.000088590 0.000091330 0.000121730 0.000120260 0.000121830 0.000126050 0.000111670 0.000112270 0.000067810 0.000034970 0.000103170 0.000092640 0.000072480 0.000073010 0.000100610 0.000097690 0.000106360 0.000097610 0.000097520 0.000096990 0.000140050 0.000105470 0.000089920 0.000072270 0.000042680 0.000035850 
25     0.000041650 0.000049960 0.000127910 0.000121440 0.000135750 0.000128760 0.000061660 0.000063130 0.000103920 0.000111200 0.000057600 0.000062460 0.000070010 0.000066710 0.000100870 0.000053490 0.000046130 0.000041920 0.000002310 0.000028820 0.000000000 0.000112320 0.000108740 0.000075270 0.000073890 0.000071470 0.000074210 0.000104610 0.000103140 0.000104710 0.000108930 0.000094550 0.000095150 0.000040470 0.000088130 0.000104150 0.000075520 0.000057780 0.000054950 0.000083490 0.000080570 0.000089240 0.000080490 0.000080400 0.000079870 0.000122930 0.000088350 0.000131560 0.000125550 0.000095960 0.000067300 
30     0.000079260 0.000080210 0.000152490 0.000146020 0.000163010 0.000157510 0.000087180 0.000087710 0.000128500 0.000135780 0.000101980 0.000106840 0.000114390 0.000125320 0.000145250 0.000097870 0.000090510 0.000086300 0.000130160 0.000129440 0.000112320 0.000000000 0.000027260 0.000072970 0.000071590 0.000069170 0.000071910 0.000129190 0.000127720 0.000129290 0.000133510 0.000119130 0.000119730 0.000104890 0.000112710 0.000128730 0.000100100 0.000099290 0.000098900 0.000108070 0.000105150 0.000113820 0.000105070 0.000104980 0.000104450 0.000147510 0.000112930 0.000156140 0.000159610 0.000148690 0.000091880 
37     0.000072830 0.000081140 0.000154610 0.000148140 0.000165130 0.000159630 0.000089300 0.000089830 0.000130620 0.000137900 0.000104100 0.000108960 0.000116510 0.000097930 0.000147370 0.000099990 0.000092630 0.000088420 0.000089950 0.000131560 0.000108740 0.000027260 0.000000000 0.000047090 0.000042030 0.000035840 0.000035550 0.000131310 0.000129840 0.000131410 0.000135630 0.000085900 0.000090190 0.000071650 0.000114830 0.000130850 0.000102220 0.000088960 0.000086130 0.000110190 0.000107270 0.000115940 0.000107190 0.000107100 0.000106570 0.000149630 0.000115050 0.000158260 0.000161730 0.000143550 0.000094000 
7     0.000042210 0.000043160 0.000115440 0.000108970 0.000125960 0.000120460 0.000050130 0.000050660 0.000091450 0.000098730 0.000064930 0.000069790 0.000077340 0.000088270 0.000108200 0.000060820 0.000053460 0.000049250 0.000093110 0.000092390 0.000075270 0.000072970 0.000047090 0.000000000 0.000009380 0.000018900 0.000021640 0.000092140 0.000090670 0.000092240 0.000096460 0.000082080 0.000082680 0.000067840 0.000075660 0.000091680 0.000063050 0.000062240 0.000061850 0.000071020 0.000068100 0.000076770 0.000068020 0.000067930 0.000067400 0.000110460 0.000075880 0.000119090 0.000122560 0.000105080 0.000054830 
11     0.000040830 0.000041780 0.000114060 0.000107590 0.000124580 0.000119080 0.000048750 0.000049280 0.000090070 0.000097350 0.000063550 0.000068410 0.000075960 0.000086890 0.000106820 0.000059440 0.000052080 0.000047870 0.000083580 0.000091010 0.000073890 0.000071590 0.000042030 0.000009380 0.000000000 0.000017520 0.000018020 0.000090760 0.000089290 0.000090860 0.000095080 0.000079530 0.000081300 0.000065280 0.000074280 0.000090300 0.000061670 0.000060860 0.000060470 0.000069640 0.000066720 0.000075390 0.000066640 0.000066550 0.000066020 0.000109080 0.000074500 0.000117710 0.000121180 0.000110260 0.000053450 
5     0.000038410 0.000039360 0.000111640 0.000105170 0.000122160 0.000116660 0.000046330 0.000046860 0.000087650 0.000094930 0.000061130 0.000065990 0.000073540 0.000084470 0.000104400 0.000057020 0.000049660 0.000045450 0.000077390 0.000088590 0.000071470 0.000069170 0.000035840 0.000018900 0.000017520 0.000000000 0.000000330 0.000088340 0.000086870 0.000088440 0.000092660 0.000073340 0.000077630 0.000059090 0.000071860 0.000087880 0.000059250 0.000058440 0.000058050 0.000067220 0.000064300 0.000072970 0.000064220 0.000064130 0.000063600 0.000106660 0.000072080 0.000115290 0.000118760 0.000107840 0.000051030 
6     0.000041150 0.000042100 0.000114380 0.000107910 0.000124900 0.000119400 0.000049070 0.000049600 0.000090390 0.000097670 0.000063870 0.000068730 0.000076280 0.000085080 0.000107140 0.000059760 0.000052400 0.000048190 0.000077100 0.000091330 0.000074210 0.000071910 0.000035550 0.000021640 0.000018020 0.000000330 0.000000000 0.000091080 0.000089610 0.000091180 0.000095400 0.000073050 0.000077340 0.000058800 0.000074600 0.000090620 0.000061990 0.000061180 0.000060790 0.000069960 0.000067040 0.000075710 0.000066960 0.000066870 0.000066340 0.000109400 0.000074820 0.000118030 0.000121500 0.000110580 0.000053770 
18     0.000068870 0.000069820 0.000142120 0.000135650 0.000152640 0.000147140 0.000076810 0.000077340 0.000118130 0.000125410 0.000094270 0.000099130 0.000106680 0.000117610 0.000137540 0.000090160 0.000082800 0.000078590 0.000122450 0.000121730 0.000104610 0.000129190 0.000131310 0.000092140 0.000090760 0.000088340 0.000091080 0.000000000 0.000001150 0.000005980 0.000027580 0.000028100 0.000028700 0.000094500 0.000102320 0.000118340 0.000089710 0.000088900 0.000088510 0.000097600 0.000094680 0.000103350 0.000094600 0.000094510 0.000093980 0.000137040 0.000102460 0.000145670 0.000149140 0.000138220 0.000081330 
29     0.000067400 0.000068350 0.000140650 0.000134180 0.000151170 0.000145670 0.000075340 0.000075870 0.000116660 0.000123940 0.000092800 0.000097660 0.000105210 0.000116140 0.000136070 0.000088690 0.000081330 0.000077120 0.000120980 0.000120260 0.000103140 0.000127720 0.000129840 0.000090670 0.000089290 0.000086870 0.000089610 0.000001150 0.000000000 0.000004510 0.000006670 0.000026630 0.000027230 0.000093030 0.000100850 0.000116870 0.000088240 0.000087430 0.000087040 0.000096130 0.000093210 0.000101880 0.000093130 0.000093040 0.000092510 0.000135570 0.000100990 0.000144200 0.000147670 0.000136750 0.000079860 
26     0.000068970 0.000069920 0.000142220 0.000135750 0.000152740 0.000147240 0.000076910 0.000077440 0.000118230 0.000125510 0.000094370 0.000099230 0.000106780 0.000117710 0.000137640 0.000090260 0.000082900 0.000078690 0.000122550 0.000121830 0.000104710 0.000129290 0.000131410 0.000092240 0.000090860 0.000088440 0.000091180 0.000005980 0.000004510 0.000000000 0.000026250 0.000028200 0.000028800 0.000094600 0.000102420 0.000118440 0.000089810 0.000089000 0.000088610 0.000097700 0.000094780 0.000103450 0.000094700 0.000094610 0.000094080 0.000137140 0.000102560 0.000145770 0.000149240 0.000138320 0.000081430 
39     0.000073190 0.000074140 0.000146440 0.000139970 0.000156960 0.000151460 0.000081130 0.000081660 0.000122450 0.000129730 0.000098590 0.000103450 0.000111000 0.000121930 0.000141860 0.000094480 0.000087120 0.000082910 0.000126770 0.000126050 0.000108930 0.000133510 0.000135630 0.000096460 0.000095080 0.000092660 0.000095400 0.000027580 0.000006670 0.000026250 0.000000000 0.000032420 0.000033020 0.000098820 0.000106640 0.000122660 0.000094030 0.000093220 0.000092830 0.000101920 0.000099000 0.000107670 0.000098920 0.000098830 0.000098300 0.000141360 0.000106780 0.000149990 0.000153460 0.000142540 0.000085650 
16     0.000058810 0.000059760 0.000132060 0.000125590 0.000142580 0.000137080 0.000066750 0.000067280 0.000108070 0.000115350 0.000084210 0.000089070 0.000096620 0.000107550 0.000127480 0.000080100 0.000072740 0.000068530 0.000112390 0.000111670 0.000094550 0.000119130 0.000085900 0.000082080 0.000079530 0.000073340 0.000073050 0.000028100 0.000026630 0.000028200 0.000032420 0.000000000 0.000004730 0.000084440 0.000092260 0.000108280 0.000079650 0.000078840 0.000078450 0.000087540 0.000084620 0.000093290 0.000084540 0.000084450 0.000083920 0.000126980 0.000092400 0.000135610 0.000139080 0.000128160 0.000071270 
22     0.000059410 0.000060360 0.000132660 0.000126190 0.000143180 0.000137680 0.000067350 0.000067880 0.000108670 0.000115950 0.000084810 0.000089670 0.000097220 0.000108150 0.000128080 0.000080700 0.000073340 0.000069130 0.000112990 0.000112270 0.000095150 0.000119730 0.000090190 0.000082680 0.000081300 0.000077630 0.000077340 0.000028700 0.000027230 0.000028800 0.000033020 0.000004730 0.000000000 0.000085040 0.000092860 0.000108880 0.000080250 0.000079440 0.000079050 0.000088140 0.000085220 0.000093890 0.000085140 0.000085050 0.000084520 0.000127580 0.000093000 0.000136210 0.000139680 0.000128760 0.000071870 
24     0.000004100 0.000012410 0.000117820 0.000104080 0.000117530 0.000117110 0.000024110 0.000036650 0.000089220 0.000093710 0.000069970 0.000074830 0.000082380 0.000029660 0.000113240 0.000061870 0.000058500 0.000049820 0.000021680 0.000067810 0.000040470 0.000104890 0.000071650 0.000067840 0.000065280 0.000059090 0.000058800 0.000094500 0.000093030 0.000094600 0.000098820 0.000084440 0.000085040 0.000000000 0.000030700 0.000085670 0.000041510 0.000020230 0.000017400 0.000073380 0.000070460 0.000079130 0.000070380 0.000070290 0.000069760 0.000112820 0.000078240 0.000107620 0.000089970 0.000060380 0.000053550 
31     0.000013210 0.000019510 0.000125640 0.000119170 0.000136160 0.000130660 0.000060330 0.000045660 0.000101650 0.000056880 0.000077790 0.000082650 0.000090200 0.000101130 0.000121060 0.000045650 0.000042970 0.000022170 0.000105970 0.000034970 0.000088130 0.000112710 0.000114830 0.000075660 0.000074280 0.000071860 0.000074600 0.000102320 0.000100850 0.000102420 0.000106640 0.000092260 0.000092860 0.000030700 0.000000000 0.000084040 0.000073230 0.000053350 0.000053880 0.000081200 0.000078280 0.000086950 0.000078200 0.000078110 0.000077580 0.000120640 0.000086060 0.000070790 0.000053140 0.000023550 0.000016720 
2     0.000068410 0.000069360 0.000141660 0.000135190 0.000152180 0.000146680 0.000076350 0.000076880 0.000117670 0.000119680 0.000093810 0.000098670 0.000106220 0.000112410 0.000137080 0.000089700 0.000082340 0.000078130 0.000104430 0.000103170 0.000104150 0.000128730 0.000130850 0.000091680 0.000090300 0.000087880 0.000090620 0.000118340 0.000116870 0.000118440 0.000122660 0.000108280 0.000108880 0.000085670 0.000084040 0.000000000 0.000035360 0.000036770 0.000037300 0.000097220 0.000094300 0.000102970 0.000094220 0.000094130 0.000093600 0.000136660 0.000102080 0.000134890 0.000117240 0.000087650 0.000081030 
9     0.000039780 0.000040730 0.000113030 0.000106560 0.000123550 0.000118050 0.000047720 0.000048250 0.000089040 0.000096320 0.000065180 0.000070040 0.000077590 0.000068250 0.000108450 0.000061070 0.000053710 0.000049500 0.000060270 0.000092640 0.000075520 0.000100100 0.000102220 0.000063050 0.000061670 0.000059250 0.000061990 0.000089710 0.000088240 0.000089810 0.000094030 0.000079650 0.000080250 0.000041510 0.000073230 0.000035360 0.000000000 0.000018750 0.000018360 0.000068590 0.000065670 0.000074340 0.000065590 0.000065500 0.000064970 0.000108030 0.000073450 0.000116660 0.000120130 0.000093930 0.000052400 
8     0.000021390 0.000029700 0.000112220 0.000105750 0.000122740 0.000117240 0.000041400 0.000047440 0.000088230 0.000088990 0.000064370 0.000069230 0.000076780 0.000046970 0.000107640 0.000060260 0.000052900 0.000048690 0.000038990 0.000072480 0.000057780 0.000099290 0.000088960 0.000062240 0.000060860 0.000058440 0.000061180 0.000088900 0.000087430 0.000089000 0.000093220 0.000078840 0.000079440 0.000020230 0.000053350 0.000036770 0.000018750 0.000000000 0.000003000 0.000067780 0.000064860 0.000073530 0.000064780 0.000064690 0.000064160 0.000107220 0.000072640 0.000104200 0.000086550 0.000056960 0.000050490 
35     0.000018560 0.000026870 0.000111830 0.000105360 0.000122350 0.000116850 0.000038570 0.000047050 0.000087840 0.000089520 0.000063980 0.000068840 0.000076390 0.000044140 0.000107250 0.000059870 0.000052510 0.000048300 0.000036160 0.000073010 0.000054950 0.000098900 0.000086130 0.000061850 0.000060470 0.000058050 0.000060790 0.000088510 0.000087040 0.000088610 0.000092830 0.000078450 0.000079050 0.000017400 0.000053880 0.000037300 0.000018360 0.000003000 0.000000000 0.000067390 0.000064470 0.000073140 0.000064390 0.000064300 0.000063770 0.000106830 0.000072250 0.000104730 0.000087080 0.000057490 0.000051020 
49     0.000047750 0.000048700 0.000121000 0.000114530 0.000131520 0.000126020 0.000055690 0.000056220 0.000097010 0.000104290 0.000073150 0.000078010 0.000085560 0.000096490 0.000116420 0.000069040 0.000061680 0.000057470 0.000101330 0.000100610 0.000083490 0.000108070 0.000110190 0.000071020 0.000069640 0.000067220 0.000069960 0.000097600 0.000096130 0.000097700 0.000101920 0.000087540 0.000088140 0.000073380 0.000081200 0.000097220 0.000068590 0.000067780 0.000067390 0.000000000 0.000003420 0.000019120 0.000011040 0.000015590 0.000010420 0.000058120 0.000027320 0.000068190 0.000038430 0.000070960 0.000060290 
41     0.000044830 0.000045780 0.000118080 0.000111610 0.000128600 0.000123100 0.000052770 0.000053300 0.000094090 0.000101370 0.000070230 0.000075090 0.000082640 0.000093570 0.000113500 0.000066120 0.000058760 0.000054550 0.000098410 0.000097690 0.000080570 0.000105150 0.000107270 0.000068100 0.000066720 0.000064300 0.000067040 0.000094680 0.000093210 0.000094780 0.000099000 0.000084620 0.000085220 0.000070460 0.000078280 0.000094300 0.000065670 0.000064860 0.000064470 0.000003420 0.000000000 0.000002160 0.000008120 0.000012670 0.000007500 0.000055200 0.000030150 0.000071020 0.000041260 0.000068040 0.000057370 
46     0.000053500 0.000054450 0.000126750 0.000120280 0.000137270 0.000131770 0.000061440 0.000061970 0.000102760 0.000110040 0.000078900 0.000083760 0.000091310 0.000102240 0.000122170 0.000074790 0.000067430 0.000063220 0.000107080 0.000106360 0.000089240 0.000113820 0.000115940 0.000076770 0.000075390 0.000072970 0.000075710 0.000103350 0.000101880 0.000103450 0.000107670 0.000093290 0.000093890 0.000079130 0.000086950 0.000102970 0.000074340 0.000073530 0.000073140 0.000019120 0.000002160 0.000000000 0.000021430 0.000014000 0.000020810 0.000060030 0.000040950 0.000084160 0.000087630 0.000076710 0.000066040 
48     0.000044750 0.000045700 0.000118000 0.000111530 0.000128520 0.000123020 0.000052690 0.000053220 0.000094010 0.000101290 0.000070150 0.000075010 0.000082560 0.000093490 0.000113420 0.000066040 0.000058680 0.000054470 0.000098330 0.000097610 0.000080490 0.000105070 0.000107190 0.000068020 0.000066640 0.000064220 0.000066960 0.000094600 0.000093130 0.000094700 0.000098920 0.000084540 0.000085140 0.000070380 0.000078200 0.000094220 0.000065590 0.000064780 0.000064390 0.000011040 0.000008120 0.000021430 0.000000000 0.000012590 0.000006940 0.000055120 0.000032170 0.000047540 0.000017780 0.000058220 0.000057290 
45     0.000044660 0.000045610 0.000117910 0.000111440 0.000128430 0.000122930 0.000052600 0.000053130 0.000093920 0.000101200 0.000070060 0.000074920 0.000082470 0.000093400 0.000113330 0.000065950 0.000058590 0.000054380 0.000098240 0.000097520 0.000080400 0.000104980 0.000107100 0.000067930 0.000066550 0.000064130 0.000066870 0.000094510 0.000093040 0.000094610 0.000098830 0.000084450 0.000085050 0.000070290 0.000078110 0.000094130 0.000065500 0.000064690 0.000064300 0.000015590 0.000012670 0.000014000 0.000012590 0.000000000 0.000011970 0.000051190 0.000032110 0.000075320 0.000078790 0.000067870 0.000057200 
44     0.000044130 0.000045080 0.000117380 0.000110910 0.000127900 0.000122400 0.000052070 0.000052600 0.000093390 0.000100670 0.000069530 0.000074390 0.000081940 0.000092870 0.000112800 0.000065420 0.000058060 0.000053850 0.000097710 0.000096990 0.000079870 0.000104450 0.000106570 0.000067400 0.000066020 0.000063600 0.000066340 0.000093980 0.000092510 0.000094080 0.000098300 0.000083920 0.000084520 0.000069760 0.000077580 0.000093600 0.000064970 0.000064160 0.000063770 0.000010420 0.000007500 0.000020810 0.000006940 0.000011970 0.000000000 0.000054500 0.000031580 0.000074790 0.000057260 0.000067340 0.000056670 
43     0.000087190 0.000088140 0.000160440 0.000153970 0.000170960 0.000165460 0.000095130 0.000095660 0.000136450 0.000143730 0.000112590 0.000117450 0.000125000 0.000135930 0.000155860 0.000108480 0.000101120 0.000096910 0.000140770 0.000140050 0.000122930 0.000147510 0.000149630 0.000110460 0.000109080 0.000106660 0.000109400 0.000137040 0.000135570 0.000137140 0.000141360 0.000126980 0.000127580 0.000112820 0.000120640 0.000136660 0.000108030 0.000107220 0.000106830 0.000058120 0.000055200 0.000060030 0.000055120 0.000051190 0.000054500 0.000000000 0.000074640 0.000115880 0.000086120 0.000110400 0.000099730 
50     0.000052610 0.000053560 0.000125860 0.000119390 0.000136380 0.000130880 0.000060550 0.000061080 0.000101870 0.000109150 0.000078010 0.000082870 0.000090420 0.000101350 0.000121280 0.000073900 0.000066540 0.000062330 0.000106190 0.000105470 0.000088350 0.000112930 0.000115050 0.000075880 0.000074500 0.000072080 0.000074820 0.000102460 0.000100990 0.000102560 0.000106780 0.000092400 0.000093000 0.000078240 0.000086060 0.000102080 0.000073450 0.000072640 0.000072250 0.000027320 0.000030150 0.000040950 0.000032170 0.000032110 0.000031580 0.000074640 0.000000000 0.000059490 0.000029730 0.000066060 0.000065150 
40     0.000068160 0.000074460 0.000169070 0.000162600 0.000179590 0.000174090 0.000103760 0.000096510 0.000145080 0.000107730 0.000121220 0.000126080 0.000133630 0.000144560 0.000164490 0.000100600 0.000097920 0.000077120 0.000149400 0.000089920 0.000131560 0.000156140 0.000158260 0.000119090 0.000117710 0.000115290 0.000118030 0.000145670 0.000144200 0.000145770 0.000149990 0.000135610 0.000136210 0.000107620 0.000070790 0.000134890 0.000116660 0.000104200 0.000104730 0.000068190 0.000071020 0.000084160 0.000047540 0.000075320 0.000074790 0.000115880 0.000059490 0.000000000 0.000008710 0.000033500 0.000067930 
47     0.000050510 0.000056810 0.000172540 0.000166070 0.000183060 0.000177560 0.000107230 0.000078860 0.000148550 0.000090080 0.000124690 0.000129550 0.000137100 0.000148030 0.000164310 0.000082950 0.000080270 0.000059470 0.000152870 0.000072270 0.000125550 0.000159610 0.000161730 0.000122560 0.000121180 0.000118760 0.000121500 0.000149140 0.000147670 0.000149240 0.000153460 0.000139080 0.000139680 0.000089970 0.000053140 0.000117240 0.000120130 0.000086550 0.000087080 0.000038430 0.000041260 0.000087630 0.000017780 0.000078790 0.000057260 0.000086120 0.000029730 0.000008710 0.000000000 0.000030090 0.000050280 
42     0.000020920 0.000027220 0.000161620 0.000155150 0.000172140 0.000166640 0.000096310 0.000049270 0.000137630 0.000060490 0.000113770 0.000118630 0.000126180 0.000137110 0.000134720 0.000053360 0.000050680 0.000029880 0.000141950 0.000042680 0.000095960 0.000148690 0.000143550 0.000105080 0.000110260 0.000107840 0.000110580 0.000138220 0.000136750 0.000138320 0.000142540 0.000128160 0.000128760 0.000060380 0.000023550 0.000087650 0.000093930 0.000056960 0.000057490 0.000070960 0.000068040 0.000076710 0.000058220 0.000067870 0.000067340 0.000110400 0.000066060 0.000033500 0.000030090 0.000000000 0.000020690 
0     0.000006330 0.000019500 0.000104810 0.000098340 0.000080070 0.000073080 0.000023950 0.000040030 0.000080820 0.000054020 0.000056960 0.000061820 0.000069370 0.000080300 0.000100230 0.000046530 0.000043850 0.000023050 0.000069510 0.000035850 0.000067300 0.000091880 0.000094000 0.000054830 0.000053450 0.000051030 0.000053770 0.000081330 0.000079860 0.000081430 0.000085650 0.000071270 0.000071870 0.000053550 0.000016720 0.000081030 0.000052400 0.000050490 0.000051020 0.000060290 0.000057370 0.000066040 0.000057290 0.000057200 0.000056670 0.000099730 0.000065150 0.000067930 0.000050280 0.000020690 0.000000000 
