51
34     0.000000000 0.006488974 0.068924220 0.064169079 0.074526468 0.075995789 0.031479187 0.026989427 0.055243578 0.069590090 0.037076529 0.036689104 0.038280693 0.038187911 0.060217772 0.029328219 0.029185531 0.024753603 0.049614780 0.070522267 0.042904694 0.061030361 0.061150519 0.041144319 0.040386081 0.042720478 0.042532259 0.055729542 0.055304706 0.056738661 0.064638018 0.050087540 0.050849627 0.031089048 0.046648128 0.050688467 0.038785233 0.033867287 0.033277738 0.068403568 0.066529180 0.075098511 0.065523960 0.065232131 0.067818380 0.081983320 0.075523671 0.079638709 0.079008826 0.083768176 0.043144142 
1     0.006488974 0.000000000 0.070776295 0.066021154 0.076378544 0.077847864 0.033331262 0.028841502 0.057095653 0.071442165 0.038928604 0.038541179 0.040132768 0.040039986 0.062069847 0.031180294 0.031037606 0.026605678 0.051466855 0.072374342 0.044756770 0.062882436 0.063002594 0.042998994 0.042238156 0.044572553 0.044384334 0.057581617 0.057156781 0.058590737 0.066490093 0.051939616 0.052701703 0.032941123 0.048500203 0.052540418 0.040637185 0.035719239 0.035129690 0.070146472 0.068272085 0.076841416 0.067266865 0.066975035 0.069561284 0.083726224 0.077277776 0.081319120 0.080673186 0.085465158 0.044996094 
14     0.068924220 0.070776295 0.000000000 0.028941228 0.058132104 0.059516374 0.075537758 0.071317857 0.106127837 0.120517185 0.089132028 0.088744428 0.090336017 0.090243762 0.112300362 0.081369779 0.081227091 0.076777846 0.101679461 0.122526392 0.094969652 0.114216653 0.114337848 0.094404538 0.093631985 0.095932386 0.095743111 0.108950071 0.108525236 0.109959191 0.117845031 0.103314703 0.104076790 0.084110629 0.099701636 0.103972300 0.092064873 0.087136778 0.086547228 0.121652821 0.119778434 0.128347765 0.118773214 0.118481384 0.121067633 0.135232574 0.128767392 0.132849567 0.132263828 0.137026993 0.096260481 
12     0.064169079 0.066021154 0.028941228 0.000000000 0.053667272 0.054952471 0.070805068 0.066564166 0.101372835 0.115762183 0.084376997 0.083989397 0.085580986 0.085488731 0.107545331 0.076614748 0.076472060 0.072022815 0.096924430 0.117771361 0.090215298 0.109460876 0.109582072 0.089648815 0.088876262 0.091176663 0.090987388 0.104194735 0.103769900 0.105203855 0.113089255 0.098558927 0.099321014 0.079359336 0.094944292 0.099216523 0.087309096 0.082381001 0.081791452 0.116885910 0.115009374 0.123577216 0.114006207 0.113714378 0.116300627 0.130465831 0.124001916 0.128086276 0.127500536 0.132263701 0.091504648 
23     0.074526468 0.076378544 0.058132104 0.053667272 0.000000000 0.018418166 0.081164523 0.076962461 0.111662162 0.126068313 0.094741876 0.094354276 0.095945865 0.095853610 0.117910210 0.086979627 0.086836939 0.082387694 0.107289309 0.128082311 0.100580177 0.119816750 0.119927730 0.099981621 0.099209068 0.101433170 0.101243894 0.114532584 0.114107749 0.115541704 0.123427544 0.108897216 0.109659303 0.089741258 0.105328331 0.109598115 0.097690688 0.092772741 0.092183192 0.127260279 0.125385892 0.133955223 0.124380672 0.124088843 0.126675092 0.140840032 0.134374851 0.138455439 0.137871286 0.142634451 0.101868027 
32     0.075995789 0.077847864 0.059516374 0.054952471 0.018418166 0.000000000 0.082639753 0.078431782 0.113131482 0.127537633 0.096211196 0.095823597 0.097415186 0.097322930 0.119379531 0.088448948 0.088306260 0.083857014 0.108758629 0.129551632 0.102049497 0.121286071 0.121397051 0.101450942 0.100678388 0.102902490 0.102713215 0.116001905 0.115577069 0.117011024 0.124896865 0.110366537 0.111128624 0.091210579 0.106797652 0.111067435 0.099160008 0.094242062 0.093652512 0.128729600 0.126855213 0.135424544 0.125849993 0.125558163 0.128144412 0.142309352 0.135844171 0.139924759 0.139340607 0.144103772 0.103337347 
36     0.031479187 0.033331262 0.075537758 0.070805068 0.081164523 0.082639753 0.000000000 0.030649473 0.068556973 0.082944870 0.051663260 0.051275660 0.052867249 0.052774994 0.074790057 0.043898685 0.043755998 0.039293191 0.064236660 0.085103633 0.057469519 0.076775253 0.076896448 0.056894745 0.056122192 0.058474574 0.058285299 0.071439470 0.071014635 0.072448590 0.080334430 0.065804103 0.066566189 0.046758776 0.062223829 0.066482987 0.054575560 0.049657613 0.049068064 0.084157109 0.082282722 0.090852053 0.081277502 0.080985672 0.083571921 0.097736862 0.091271680 0.095393063 0.094768116 0.099531281 0.058769151 
15     0.026989427 0.028841502 0.071317857 0.066564166 0.076962461 0.078431782 0.030649473 0.000000000 0.064167038 0.078554935 0.047193874 0.046806275 0.048397864 0.048305608 0.070354434 0.039421090 0.039278402 0.034821221 0.059674765 0.080621636 0.052887284 0.072268530 0.072389726 0.052419962 0.051647409 0.053963497 0.053774222 0.066970305 0.066545470 0.067979425 0.075865265 0.061334907 0.062096994 0.042285977 0.057836031 0.062038673 0.050131246 0.045213300 0.044623750 0.079711564 0.077837177 0.086406508 0.076831957 0.076540127 0.079126376 0.093291316 0.086826135 0.090947518 0.090322570 0.095085735 0.054326312 
19     0.055243578 0.057095653 0.106127837 0.101372835 0.111662162 0.113131482 0.068556973 0.064167038 0.000000000 0.046660951 0.075423498 0.075035899 0.076627488 0.076535232 0.098601604 0.067693636 0.067550948 0.063115128 0.088028951 0.108899505 0.081279564 0.100700219 0.100820377 0.080841990 0.080060755 0.082263828 0.082074553 0.095292856 0.094873485 0.096301976 0.104235844 0.089703060 0.090465672 0.070628996 0.086204244 0.090360790 0.078453523 0.073535577 0.072946027 0.107794575 0.105920188 0.114489519 0.104914968 0.104623139 0.107209388 0.121374328 0.114908683 0.119067852 0.118437969 0.123201134 0.082638158 
17     0.069590090 0.071442165 0.120517185 0.115762183 0.126068313 0.127537633 0.082944870 0.078554935 0.046660951 0.000000000 0.089844424 0.089456824 0.091048413 0.090956158 0.112980236 0.082072268 0.081929581 0.077493760 0.102413091 0.123284398 0.095663703 0.115067936 0.115188094 0.095209707 0.094428473 0.096631545 0.096442270 0.109667234 0.109247863 0.110676354 0.118603561 0.104070777 0.104833389 0.084916334 0.100476435 0.104721366 0.092814099 0.087896153 0.087306604 0.122154160 0.120279773 0.128849104 0.119274553 0.118982724 0.121568973 0.135733913 0.129268268 0.133427438 0.132797555 0.137560720 0.096997505 
28     0.037076529 0.038928604 0.089132028 0.084376997 0.094741876 0.096211196 0.051663260 0.047193874 0.075423498 0.089844424 0.000000000 0.011714206 0.013428474 0.019032651 0.068700815 0.037476393 0.037342983 0.032934031 0.057906368 0.078391978 0.050885034 0.082241082 0.082361241 0.062374602 0.061594150 0.063938483 0.063749208 0.077030118 0.076610746 0.078039237 0.085880987 0.071421591 0.072167514 0.052461397 0.068029698 0.072154883 0.060253358 0.055323585 0.054734261 0.089831421 0.087957034 0.096526365 0.086951814 0.086659985 0.089246234 0.103411174 0.096939970 0.101074972 0.100445089 0.105207943 0.064580305 
3     0.036689104 0.038541179 0.088744428 0.083989397 0.094354276 0.095823597 0.051275660 0.046806275 0.075035899 0.089456824 0.011714206 0.000000000 0.007956703 0.018519167 0.068316504 0.037092081 0.036958672 0.032549720 0.057520394 0.078002580 0.050495636 0.081853323 0.081973481 0.061986843 0.061206391 0.063550724 0.063361449 0.076642359 0.076222987 0.077651478 0.085493228 0.071033832 0.071779755 0.052073797 0.067642099 0.071768531 0.059867005 0.054938473 0.054348923 0.089443822 0.087569435 0.096138766 0.086564215 0.086272385 0.088858634 0.103023575 0.096552371 0.100687372 0.100057489 0.104820344 0.064189254 
21     0.038280693 0.040132768 0.090336017 0.085580986 0.095945865 0.097415186 0.052867249 0.048397864 0.076627488 0.091048413 0.013428474 0.007956703 0.000000000 0.020076130 0.069907239 0.038682817 0.038549407 0.034140455 0.059111971 0.079594157 0.052087213 0.083444912 0.083565070 0.063578431 0.062797980 0.065142313 0.064953038 0.078233947 0.077814576 0.079243067 0.087084817 0.072625420 0.073371344 0.053665386 0.069233688 0.073360120 0.061458594 0.056530062 0.055940512 0.091035411 0.089161024 0.097730355 0.088155803 0.087863974 0.090450223 0.104615163 0.098143960 0.102278961 0.101649078 0.106411932 0.065780843 
20     0.038187911 0.040039986 0.090243762 0.085488731 0.095853610 0.097322930 0.052774994 0.048305608 0.076535232 0.090956158 0.019032651 0.018519167 0.020076130 0.000000000 0.069790830 0.038561629 0.038428219 0.034011317 0.059013263 0.079494027 0.051985032 0.083352383 0.083472541 0.063485902 0.062705450 0.065049784 0.064860509 0.078141337 0.077721966 0.079150457 0.086992207 0.072532810 0.073278733 0.053572856 0.069141158 0.073267590 0.061366065 0.056437532 0.055847983 0.090942881 0.089068494 0.097637825 0.088063274 0.087771445 0.090357694 0.104522634 0.098051430 0.102186431 0.101556548 0.106319403 0.065691765 
33     0.060217772 0.062069847 0.112300362 0.107545331 0.117910210 0.119379531 0.074790057 0.070354434 0.098601604 0.112980236 0.068700815 0.068316504 0.069907239 0.069790830 0.000000000 0.056494823 0.056367418 0.051937131 0.081011563 0.101631980 0.074488956 0.105471393 0.105591551 0.085598590 0.084818138 0.087164983 0.086975708 0.100202727 0.099783356 0.101211847 0.109029735 0.094573706 0.095335793 0.075580364 0.091185517 0.095293945 0.083392419 0.078463887 0.077874337 0.112907456 0.111033069 0.119602400 0.110027849 0.109736019 0.112322268 0.126487208 0.119983302 0.124099844 0.123469961 0.128232815 0.087738028 
4     0.029328219 0.031180294 0.081369779 0.076614748 0.086979627 0.088448948 0.043898685 0.039421090 0.067693636 0.082072268 0.037476393 0.037092081 0.038682817 0.038561629 0.056494823 0.000000000 0.008437871 0.015102656 0.049937085 0.070760712 0.043414652 0.074586738 0.074706896 0.054713935 0.053933484 0.056280328 0.056091053 0.069313729 0.068894357 0.070322848 0.078140736 0.063689052 0.064451139 0.044665720 0.060271736 0.064378306 0.052457267 0.047549177 0.046959628 0.081922119 0.080047732 0.088617063 0.079042466 0.078754318 0.081340567 0.095496372 0.089047499 0.093236791 0.092606908 0.097369762 0.056846327 
38     0.029185531 0.031037606 0.081227091 0.076472060 0.086836939 0.088306260 0.043755998 0.039278402 0.067550948 0.081929581 0.037342983 0.036958672 0.038549407 0.038428219 0.056367418 0.008437871 0.000000000 0.014928038 0.049787798 0.070611425 0.043265365 0.074444050 0.074564208 0.054571247 0.053790796 0.056137641 0.055948365 0.069171041 0.068751670 0.070180161 0.077998048 0.063546364 0.064308451 0.044523032 0.060129048 0.064235618 0.052314579 0.047406490 0.046816940 0.081779431 0.079905044 0.088474375 0.078899778 0.078611630 0.081197879 0.095353684 0.088904812 0.093094103 0.092464220 0.097227075 0.056703639 
10     0.024753603 0.026605678 0.076777846 0.072022815 0.082387694 0.083857014 0.039293191 0.034821221 0.063115128 0.077493760 0.032934031 0.032549720 0.034140455 0.034011317 0.051937131 0.015102656 0.014928038 0.000000000 0.045323511 0.066164807 0.038818626 0.070012158 0.070132316 0.050139355 0.049358904 0.051705748 0.051516473 0.064739149 0.064319777 0.065748268 0.073566156 0.059114471 0.059876558 0.040090972 0.055696988 0.059827658 0.047922265 0.042997600 0.042408050 0.077346881 0.075472494 0.084041825 0.074467228 0.074179079 0.076765328 0.090921134 0.084472261 0.088661553 0.088031670 0.092794524 0.052271115 
13     0.049614780 0.051466855 0.101679461 0.096924430 0.107289309 0.108758629 0.064236660 0.059674765 0.088028951 0.102413091 0.057906368 0.057520394 0.059111971 0.059013263 0.081011563 0.049937085 0.049787798 0.045323511 0.000000000 0.088095450 0.060726682 0.094870337 0.095002975 0.075017190 0.074236739 0.076591778 0.076402503 0.089625473 0.089206102 0.090634593 0.098476343 0.083998790 0.084760877 0.064921792 0.080610656 0.084736631 0.072835105 0.067906573 0.067317023 0.102411811 0.100537424 0.109106755 0.099532204 0.099240374 0.101826623 0.115991564 0.109520360 0.113655391 0.113025508 0.117788362 0.077178766 
27     0.070522267 0.072374342 0.122526392 0.117771361 0.128082311 0.129551632 0.085103633 0.080621636 0.108899505 0.123284398 0.078391978 0.078002580 0.079594157 0.079494027 0.101631980 0.070760712 0.070611425 0.066164807 0.088095450 0.000000000 0.069831340 0.115788159 0.115908317 0.095915728 0.095135277 0.097480925 0.097291650 0.110520765 0.110101394 0.111529885 0.118754971 0.104897061 0.105659148 0.085874768 0.101480598 0.105605456 0.093705357 0.088780255 0.088190706 0.123287548 0.121413161 0.129982492 0.120407941 0.120116112 0.122702361 0.136867301 0.130396097 0.134531099 0.133901216 0.138664070 0.098053729 
25     0.042904694 0.044756770 0.094969652 0.090215298 0.100580177 0.102049497 0.057469519 0.052887284 0.081279564 0.095663703 0.050885034 0.050495636 0.052087213 0.051985032 0.074488956 0.043414652 0.043265365 0.038818626 0.060726682 0.069831340 0.000000000 0.088217900 0.088338058 0.068346293 0.067565842 0.069911490 0.069722215 0.082938437 0.082519066 0.083947557 0.091789307 0.077319595 0.078081682 0.058291229 0.073884428 0.078003105 0.066101580 0.061173047 0.060583498 0.095685403 0.093811016 0.102380347 0.092805796 0.092513966 0.095100215 0.109265155 0.102793952 0.106928953 0.106299070 0.111061925 0.070450873 
30     0.061030361 0.062882436 0.114216653 0.109460876 0.119816750 0.121286071 0.076775253 0.072268530 0.100700219 0.115067936 0.082241082 0.081853323 0.083444912 0.083352383 0.105471393 0.074586738 0.074444050 0.070012158 0.094870337 0.115788159 0.088217900 0.000000000 0.017095267 0.051620016 0.050879946 0.052572442 0.052363831 0.084034810 0.083618062 0.085048314 0.092990384 0.078555891 0.079305401 0.076075891 0.091631597 0.095719399 0.083797200 0.078907735 0.078318185 0.113395575 0.111521188 0.120090519 0.110515968 0.110224139 0.112810388 0.126975328 0.120509884 0.124637400 0.124007517 0.128715686 0.088184558 
37     0.061150519 0.063002594 0.114337848 0.109582072 0.119927730 0.121397051 0.076896448 0.072389726 0.100820377 0.115188094 0.082361241 0.081973481 0.083565070 0.083472541 0.105591551 0.074706896 0.074564208 0.070132316 0.095002975 0.115908317 0.088338058 0.017095267 0.000000000 0.051685245 0.050945174 0.052645390 0.052436779 0.084163687 0.083746940 0.085177192 0.093119261 0.078684768 0.079434279 0.076195109 0.091750815 0.095823262 0.083903170 0.079014214 0.078424664 0.113515437 0.111641050 0.120210381 0.110635830 0.110344001 0.112930249 0.127095190 0.120629746 0.124757262 0.124127379 0.128835548 0.088304670 
7     0.041144319 0.042998994 0.094404538 0.089648815 0.099981621 0.101450942 0.056894745 0.052419962 0.080841990 0.095209707 0.062374602 0.061986843 0.063578431 0.063485902 0.085598590 0.054713935 0.054571247 0.050139355 0.075017190 0.095915728 0.068346293 0.051620016 0.051685245 0.000000000 0.011397487 0.021442563 0.021214460 0.064070013 0.063630378 0.065060630 0.072961963 0.058539559 0.059289069 0.056180461 0.071740096 0.075856194 0.063915047 0.059031269 0.058441720 0.093545801 0.091671413 0.100240744 0.090666193 0.090374364 0.092960613 0.107125553 0.100665893 0.104780420 0.104150537 0.108847842 0.068312050 
11     0.040386081 0.042238156 0.093631985 0.088876262 0.099209068 0.100678388 0.056122192 0.051647409 0.080060755 0.094428473 0.061594150 0.061206391 0.062797980 0.062705450 0.084818138 0.053933484 0.053790796 0.049358904 0.074236739 0.095135277 0.067565842 0.050879946 0.050945174 0.011397487 0.000000000 0.020858213 0.020629932 0.063234495 0.062794861 0.064225113 0.072124984 0.057688003 0.058435881 0.055404716 0.070964351 0.075078059 0.063136007 0.058253134 0.057663585 0.092695348 0.090820961 0.099390292 0.089815740 0.089523911 0.092110160 0.106275100 0.099815440 0.103893420 0.103264908 0.107975475 0.067533183 
5     0.042720478 0.044572553 0.095932386 0.091176663 0.101433170 0.102902490 0.058474574 0.053963497 0.082263828 0.096631545 0.063938483 0.063550724 0.065142313 0.065049784 0.087164983 0.056280328 0.056137641 0.051705748 0.076591778 0.097480925 0.069911490 0.052572442 0.052645390 0.021442563 0.020858213 0.000000000 0.004936857 0.065690629 0.065250995 0.066681247 0.074605625 0.060181330 0.060930841 0.057742099 0.073302475 0.077398810 0.065494066 0.060594623 0.060005073 0.094976596 0.093102209 0.101671540 0.092096988 0.091805159 0.094391408 0.108556348 0.102096688 0.106170564 0.105534474 0.110206888 0.069872100 
6     0.042532259 0.044384334 0.095743111 0.090987388 0.101243894 0.102713215 0.058285299 0.053774222 0.082074553 0.096442270 0.063749208 0.063361449 0.064953038 0.064860509 0.086975708 0.056091053 0.055948365 0.051516473 0.076402503 0.097291650 0.069722215 0.052363831 0.052436779 0.021214460 0.020629932 0.004936857 0.000000000 0.065485382 0.065045748 0.066476000 0.074400378 0.059976083 0.060725594 0.057552046 0.073113200 0.077209535 0.065304791 0.060405348 0.059815798 0.094787321 0.092912933 0.101482264 0.091907713 0.091615884 0.094202133 0.108367073 0.101907413 0.105981289 0.105345199 0.110017613 0.069682825 
18     0.055729542 0.057581617 0.108950071 0.104194735 0.114532584 0.116001905 0.071439470 0.066970305 0.095292856 0.109667234 0.077030118 0.076642359 0.078233947 0.078141337 0.100202727 0.069313729 0.069171041 0.064739149 0.089625473 0.110520765 0.082938437 0.084034810 0.084163687 0.064070013 0.063234495 0.065690629 0.065485382 0.000000000 0.007376161 0.011754772 0.033293244 0.038280945 0.038991828 0.070700873 0.086282990 0.090411108 0.078498134 0.073589264 0.072999714 0.108056627 0.106182240 0.114751571 0.105177020 0.104885190 0.107471439 0.121636380 0.115176719 0.119291246 0.118661363 0.123397134 0.082851641 
29     0.055304706 0.057156781 0.108525236 0.103769900 0.114107749 0.115577069 0.071014635 0.066545470 0.094873485 0.109247863 0.076610746 0.076222987 0.077814576 0.077721966 0.099783356 0.068894357 0.068751670 0.064319777 0.089206102 0.110101394 0.082519066 0.083618062 0.083746940 0.063630378 0.062794861 0.065250995 0.065045748 0.007376161 0.000000000 0.011660832 0.032963816 0.037842296 0.038566831 0.070274747 0.085860179 0.089987965 0.078074990 0.073166120 0.072576571 0.107633400 0.105759013 0.114328344 0.104753793 0.104461963 0.107048212 0.121213153 0.114753492 0.118868019 0.118238136 0.122973907 0.082426852 
26     0.056738661 0.058590737 0.109959191 0.105203855 0.115541704 0.117011024 0.072448590 0.067979425 0.096301976 0.110676354 0.078039237 0.077651478 0.079243067 0.079150457 0.101211847 0.070322848 0.070180161 0.065748268 0.090634593 0.111529885 0.083947557 0.085048314 0.085177192 0.065060630 0.064225113 0.066681247 0.066476000 0.011754772 0.011660832 0.000000000 0.034696553 0.039268657 0.039979539 0.071709993 0.087292030 0.091420228 0.079507254 0.074598384 0.074008834 0.109065747 0.107191360 0.115760691 0.106186140 0.105894310 0.108480559 0.122645499 0.116185839 0.120300366 0.119670483 0.124406253 0.083860760 
39     0.064638018 0.066490093 0.117845031 0.113089255 0.123427544 0.124896865 0.080334430 0.075865265 0.104235844 0.118603561 0.085880987 0.085493228 0.087084817 0.086992207 0.109029735 0.078140736 0.077998048 0.073566156 0.098476343 0.118754971 0.091789307 0.092990384 0.093119261 0.072961963 0.072124984 0.074605625 0.074400378 0.033293244 0.032963816 0.034696553 0.000000000 0.047861345 0.048575196 0.079601597 0.095190560 0.099314695 0.087401721 0.082492851 0.081903301 0.116960250 0.115085863 0.123655194 0.114080642 0.113788813 0.116375062 0.130540002 0.124080342 0.128194869 0.127564986 0.132300756 0.091753702 
16     0.050087540 0.051939616 0.103314703 0.098558927 0.108897216 0.110366537 0.065804103 0.061334907 0.089703060 0.104070777 0.071421591 0.071033832 0.072625420 0.072532810 0.094573706 0.063689052 0.063546364 0.059114471 0.083998790 0.104897061 0.077319595 0.078555891 0.078684768 0.058539559 0.057688003 0.060181330 0.059976083 0.038280945 0.037842296 0.039268657 0.047861345 0.000000000 0.012231122 0.065057272 0.080644014 0.084686340 0.072773366 0.067897605 0.067308055 0.102249974 0.100375586 0.108944917 0.099370366 0.099078537 0.101664786 0.115829726 0.109370066 0.113321924 0.112697317 0.117433796 0.077209281 
22     0.050849627 0.052701703 0.104076790 0.099321014 0.109659303 0.111128624 0.066566189 0.062096994 0.090465672 0.104833389 0.072167514 0.071779755 0.073371344 0.073278733 0.095335793 0.064451139 0.064308451 0.059876558 0.084760877 0.105659148 0.078081682 0.079305401 0.079434279 0.059289069 0.058435881 0.060930841 0.060725594 0.038991828 0.038566831 0.039979539 0.048575196 0.012231122 0.000000000 0.065819359 0.081406102 0.085448427 0.073535453 0.068659692 0.068070142 0.103007223 0.101132836 0.109702167 0.100127616 0.099835786 0.102422035 0.116586976 0.110127316 0.114072484 0.113447877 0.118183401 0.077971369 
24     0.031089048 0.032941123 0.084110629 0.079359336 0.089741258 0.091210579 0.046758776 0.042285977 0.070628996 0.084916334 0.052461397 0.052073797 0.053665386 0.053572856 0.075580364 0.044665720 0.044523032 0.040090972 0.064921792 0.085874768 0.058291229 0.076075891 0.076195109 0.056180461 0.055404716 0.057742099 0.057552046 0.070700873 0.070274747 0.071709993 0.079601597 0.065057272 0.065819359 0.000000000 0.030851540 0.065086115 0.053233854 0.048318488 0.047728939 0.082827617 0.080953230 0.089522561 0.079948010 0.079656180 0.082242429 0.096407369 0.089854144 0.094010790 0.093380907 0.098141928 0.057558253 
31     0.046648128 0.048500203 0.099701636 0.094944292 0.105328331 0.106797652 0.062223829 0.057836031 0.086204244 0.100476435 0.068029698 0.067642099 0.069233688 0.069141158 0.091185517 0.060271736 0.060129048 0.055696988 0.080610656 0.101480598 0.073884428 0.091631597 0.091750815 0.071740096 0.070964351 0.073302475 0.073113200 0.086282990 0.085860179 0.087292030 0.095190560 0.080644014 0.081406102 0.030851540 0.000000000 0.080633600 0.068816483 0.063901117 0.063311568 0.098411778 0.096537391 0.105106722 0.095532171 0.095240341 0.097826590 0.111991530 0.105355168 0.109587543 0.108957660 0.113718681 0.073085588 
2     0.050688467 0.052540418 0.103972300 0.099216523 0.109598115 0.111067435 0.066482987 0.062038673 0.090360790 0.104721366 0.072154883 0.071768531 0.073360120 0.073267590 0.095293945 0.064378306 0.064235618 0.059827658 0.084736631 0.105605456 0.078003105 0.095719399 0.095823262 0.075856194 0.075078059 0.077398810 0.077209535 0.090411108 0.089987965 0.091420228 0.099314695 0.084686340 0.085448427 0.065086115 0.080633600 0.000000000 0.035728683 0.036425297 0.035840140 0.101574980 0.099700593 0.108269924 0.098695373 0.098403543 0.100989792 0.115142030 0.108700523 0.112853900 0.112226248 0.116983917 0.076475861 
9     0.038785233 0.040637185 0.092064873 0.087309096 0.097690688 0.099160008 0.054575560 0.050131246 0.078453523 0.092814099 0.060253358 0.059867005 0.061458594 0.061366065 0.083392419 0.052457267 0.052314579 0.047922265 0.072835105 0.093705357 0.066101580 0.083797200 0.083903170 0.063915047 0.063136007 0.065494066 0.065304791 0.078498134 0.078074990 0.079507254 0.087401721 0.072773366 0.073535453 0.053233854 0.068816483 0.035728683 0.000000000 0.024743893 0.024103583 0.089446909 0.087572522 0.096141853 0.086534148 0.086245093 0.088832759 0.103005804 0.096604193 0.100827319 0.100197675 0.104957336 0.064571049 
8     0.033867287 0.035719239 0.087136778 0.082381001 0.092772741 0.094242062 0.049657613 0.045213300 0.073535577 0.087896153 0.055323585 0.054938473 0.056530062 0.056437532 0.078463887 0.047549177 0.047406490 0.042997600 0.067906573 0.088780255 0.061173047 0.078907735 0.079014214 0.059031269 0.058253134 0.060594623 0.060405348 0.073589264 0.073166120 0.074598384 0.082492851 0.067897605 0.068659692 0.048318488 0.063901117 0.036425297 0.024743893 0.000000000 0.004909658 0.084770243 0.082895856 0.091465187 0.081890636 0.081598807 0.084185056 0.098343860 0.091894715 0.096059448 0.095429805 0.100189465 0.059649622 
35     0.033277738 0.035129690 0.086547228 0.081791452 0.092183192 0.093652512 0.049068064 0.044623750 0.072946027 0.087306604 0.054734261 0.054348923 0.055940512 0.055847983 0.077874337 0.046959628 0.046816940 0.042408050 0.067317023 0.088190706 0.060583498 0.078318185 0.078424664 0.058441720 0.057663585 0.060005073 0.059815798 0.072999714 0.072576571 0.074008834 0.081903301 0.067308055 0.068070142 0.047728939 0.063311568 0.035840140 0.024103583 0.004909658 0.000000000 0.084180694 0.082306307 0.090875638 0.081301086 0.081009257 0.083595506 0.097754310 0.091305165 0.095469898 0.094840255 0.099599916 0.059060072 
49     0.068403568 0.070146472 0.121652821 0.116885910 0.127260279 0.128729600 0.084157109 0.079711564 0.107794575 0.122154160 0.089831421 0.089443822 0.091035411 0.090942881 0.112907456 0.081922119 0.081779431 0.077346881 0.102411811 0.123287548 0.095685403 0.113395575 0.113515437 0.093545801 0.092695348 0.094976596 0.094787321 0.108056627 0.107633400 0.109065747 0.116960250 0.102249974 0.103007223 0.082827617 0.098411778 0.101574980 0.089446909 0.084770243 0.084180694 0.000000000 0.007470921 0.018578133 0.016031108 0.015853612 0.018615825 0.036594142 0.046605364 0.065170561 0.064617513 0.069326722 0.093688458 
41     0.066529180 0.068272085 0.119778434 0.115009374 0.125385892 0.126855213 0.082282722 0.077837177 0.105920188 0.120279773 0.087957034 0.087569435 0.089161024 0.089068494 0.111033069 0.080047732 0.079905044 0.075472494 0.100537424 0.121413161 0.093811016 0.111521188 0.111641050 0.091671413 0.090820961 0.093102209 0.092912933 0.106182240 0.105759013 0.107191360 0.115085863 0.100375586 0.101132836 0.080953230 0.096537391 0.099700593 0.087572522 0.082895856 0.082306307 0.007470921 0.000000000 0.016557126 0.014023965 0.013736373 0.016773156 0.034829824 0.044842196 0.063409810 0.062808453 0.067518224 0.091814071 
46     0.075098511 0.076841416 0.128347765 0.123577216 0.133955223 0.135424544 0.090852053 0.086406508 0.114489519 0.128849104 0.096526365 0.096138766 0.097730355 0.097637825 0.119602400 0.088617063 0.088474375 0.084041825 0.109106755 0.129982492 0.102380347 0.120090519 0.120210381 0.100240744 0.099390292 0.101671540 0.101482264 0.114751571 0.114328344 0.115760691 0.123655194 0.108944917 0.109702167 0.089522561 0.105106722 0.108269924 0.096141853 0.091465187 0.090875638 0.018578133 0.016557126 0.000000000 0.022993775 0.022721658 0.025832662 0.043149104 0.053443264 0.071967762 0.071366769 0.076076540 0.100383402 
48     0.065523960 0.067266865 0.118773214 0.114006207 0.124380672 0.125849993 0.081277502 0.076831957 0.104914968 0.119274553 0.086951814 0.086564215 0.088155803 0.088063274 0.110027849 0.079042466 0.078899778 0.074467228 0.099532204 0.120407941 0.092805796 0.110515968 0.110635830 0.090666193 0.089815740 0.092096988 0.091907713 0.105177020 0.104753793 0.106186140 0.114080642 0.099370366 0.100127616 0.079948010 0.095532171 0.098695373 0.086534148 0.081890636 0.081301086 0.016031108 0.014023965 0.022993775 0.000000000 0.006151807 0.013248943 0.033632226 0.043532640 0.062342454 0.061753763 0.066490034 0.090808851 
45     0.065232131 0.066975035 0.118481384 0.113714378 0.124088843 0.125558163 0.080985672 0.076540127 0.104623139 0.118982724 0.086659985 0.086272385 0.087863974 0.087771445 0.109736019 0.078754318 0.078611630 0.074179079 0.099240374 0.120116112 0.092513966 0.110224139 0.110344001 0.090374364 0.089523911 0.091805159 0.091615884 0.104885190 0.104461963 0.105894310 0.113788813 0.099078537 0.099835786 0.079656180 0.095240341 0.098403543 0.086245093 0.081598807 0.081009257 0.015853612 0.013736373 0.022721658 0.006151807 0.000000000 0.012637431 0.033224329 0.043238095 0.062130367 0.061529009 0.066237865 0.090517022 
44     0.067818380 0.069561284 0.121067633 0.116300627 0.126675092 0.128144412 0.083571921 0.079126376 0.107209388 0.121568973 0.089246234 0.088858634 0.090450223 0.090357694 0.112322268 0.081340567 0.081197879 0.076765328 0.101826623 0.122702361 0.095100215 0.112810388 0.112930249 0.092960613 0.092110160 0.094391408 0.094202133 0.107471439 0.107048212 0.108480559 0.116375062 0.101664786 0.102422035 0.082242429 0.097826590 0.100989792 0.088832759 0.084185056 0.083595506 0.018615825 0.016773156 0.025832662 0.013248943 0.012637431 0.000000000 0.035765390 0.045790465 0.064604839 0.064003482 0.068712338 0.093103271 
43     0.081983320 0.083726224 0.135232574 0.130465831 0.140840032 0.142309352 0.097736862 0.093291316 0.121374328 0.135733913 0.103411174 0.103023575 0.104615163 0.104522634 0.126487208 0.095496372 0.095353684 0.090921134 0.115991564 0.136867301 0.109265155 0.126975328 0.127095190 0.107125553 0.106275100 0.108556348 0.108367073 0.121636380 0.121213153 0.122645499 0.130540002 0.115829726 0.116586976 0.096407369 0.111991530 0.115142030 0.103005804 0.098343860 0.097754310 0.036594142 0.034829824 0.043149104 0.033632226 0.033224329 0.035765390 0.000000000 0.060032963 0.078860717 0.078259724 0.082968579 0.107269150 
50     0.075523671 0.077277776 0.128767392 0.124001916 0.134374851 0.135844171 0.091271680 0.086826135 0.114908683 0.129268268 0.096939970 0.096552371 0.098143960 0.098051430 0.119983302 0.089047499 0.088904812 0.084472261 0.109520360 0.130396097 0.102793952 0.120509884 0.120629746 0.100665893 0.099815440 0.102096688 0.101907413 0.115176719 0.114753492 0.116185839 0.124080342 0.109370066 0.110127316 0.089854144 0.105355168 0.108700523 0.096604193 0.091894715 0.091305165 0.046605364 0.044842196 0.053443264 0.043532640 0.043238095 0.045790465 0.060032963 0.000000000 0.071660214 0.071046074 0.075771243 0.100816850 
40     0.079638709 0.081319120 0.132849567 0.128086276 0.138455439 0.139924759 0.095393063 0.090947518 0.119067852 0.133427438 0.101074972 0.100687372 0.102278961 0.102186431 0.124099844 0.093236791 0.093094103 0.088661553 0.113655391 0.134531099 0.106928953 0.124637400 0.124757262 0.104780420 0.103893420 0.106170564 0.105981289 0.119291246 0.118868019 0.120300366 0.128194869 0.113321924 0.114072484 0.094010790 0.109587543 0.112853900 0.100827319 0.096059448 0.095469898 0.065170561 0.063409810 0.071967762 0.062342454 0.062130367 0.064604839 0.078860717 0.071660214 0.000000000 0.016185252 0.025853805 0.104930368 
47     0.079008826 0.080673186 0.132263828 0.127500536 0.137871286 0.139340607 0.094768116 0.090322570 0.118437969 0.132797555 0.100445089 0.100057489 0.101649078 0.101556548 0.123469961 0.092606908 0.092464220 0.088031670 0.113025508 0.133901216 0.106299070 0.124007517 0.124127379 0.104150537 0.103264908 0.105534474 0.105345199 0.118661363 0.118238136 0.119670483 0.127564986 0.112697317 0.113447877 0.093380907 0.108957660 0.112226248 0.100197675 0.095429805 0.094840255 0.064617513 0.062808453 0.071366769 0.061753763 0.061529009 0.064003482 0.078259724 0.071046074 0.016185252 0.000000000 0.025336731 0.104300459 
42     0.083768176 0.085465158 0.137026993 0.132263701 0.142634451 0.144103772 0.099531281 0.095085735 0.123201134 0.137560720 0.105207943 0.104820344 0.106411932 0.106319403 0.128232815 0.097369762 0.097227075 0.092794524 0.117788362 0.138664070 0.111061925 0.128715686 0.128835548 0.108847842 0.107975475 0.110206888 0.110017613 0.123397134 0.122973907 0.124406253 0.132300756 0.117433796 0.118183401 0.098141928 0.113718681 0.116983917 0.104957336 0.100189465 0.099599916 0.069326722 0.067518224 0.076076540 0.066490034 0.066237865 0.068712338 0.082968579 0.075771243 0.025853805 0.025336731 0.000000000 0.109063498 
0     0.043144142 0.044996094 0.096260481 0.091504648 0.101868027 0.103337347 0.058769151 0.054326312 0.082638158 0.096997505 0.064580305 0.064189254 0.065780843 0.065691765 0.087738028 0.056846327 0.056703639 0.052271115 0.077178766 0.098053729 0.070450873 0.088184558 0.088304670 0.068312050 0.067533183 0.069872100 0.069682825 0.082851641 0.082426852 0.083860760 0.091753702 0.077209281 0.077971369 0.057558253 0.073085588 0.076475861 0.064571049 0.059649622 0.059060072 0.093688458 0.091814071 0.100383402 0.090808851 0.090517022 0.093103271 0.107269150 0.100816850 0.104930368 0.104300459 0.109063498 0.000000000 
