51
16     0.000000000 0.000521300 0.005308030 0.001303190 0.001180180 0.007140920 0.001815910 0.006793520 0.006364000 0.005957720 0.003119310 0.011251520 0.011134840 0.012551220 0.010434630 0.004433800 0.003662330 0.010255160 0.000603230 0.017439940 0.018465430 0.014526800 0.014962710 0.017899190 0.013319860 0.002595770 0.012146510 0.014055000 0.010986190 0.005738640 0.009092830 0.005922470 0.009416860 0.009525300 0.007360140 0.008261530 0.006927840 0.007916490 0.006231200 0.005061700 0.008882480 0.010169550 0.008152570 0.011593690 0.013472660 0.012681220 0.012923230 0.012990590 0.010920470 0.009369940 0.015178870 
2     0.000521300 0.000000000 0.003481970 0.001238370 0.001115360 0.004810690 0.001751090 0.003983890 0.003600430 0.003041400 0.003151830 0.010796040 0.011023010 0.010510390 0.010082330 0.005722080 0.003694850 0.006469920 0.003273920 0.014852710 0.014059120 0.013817500 0.013174150 0.014726280 0.016879390 0.010575910 0.010568950 0.009687650 0.010615360 0.005771160 0.010371380 0.005954990 0.011509160 0.012518610 0.010919670 0.010983880 0.006960360 0.008008710 0.006263720 0.005094220 0.012442010 0.013729080 0.011712100 0.013223920 0.017032190 0.013345380 0.012516570 0.014202450 0.013787640 0.012822670 0.006351060 
11     0.005308030 0.003481970 0.000000000 0.000970480 0.000742780 0.001989980 0.002320550 0.003224590 0.001877120 0.003842630 0.009075060 0.010871050 0.010921340 0.010585400 0.010157340 0.005797090 0.009801990 0.006544930 0.008074860 0.014927720 0.014134130 0.013892510 0.013249160 0.014801290 0.013106360 0.013110200 0.015137710 0.013841500 0.014170050 0.008702660 0.008879330 0.007671070 0.009203360 0.009311800 0.007146640 0.008048030 0.007144860 0.007702990 0.008242430 0.011464900 0.008668980 0.009956050 0.007939070 0.011380190 0.013259160 0.012467720 0.012591580 0.012777090 0.010706970 0.009156440 0.015610290 
17     0.001303190 0.001238370 0.000970480 0.000000000 0.000011220 0.003005240 0.000776020 0.002831820 0.003578820 0.004555900 0.003933720 0.011707780 0.011591100 0.013007480 0.010890890 0.008884250 0.004476740 0.009632090 0.005871230 0.017896200 0.017221290 0.016979670 0.016336320 0.017888450 0.013776120 0.013779960 0.015807470 0.014511260 0.014839810 0.006553050 0.009549090 0.006736880 0.009873120 0.009981560 0.007816400 0.008717790 0.007742250 0.008372750 0.007045610 0.005876110 0.009338740 0.010625810 0.008608830 0.012049950 0.013928920 0.013137480 0.013379490 0.013446850 0.011376730 0.009826200 0.013333820 
3     0.001180180 0.001115360 0.000742780 0.000011220 0.000000000 0.000528380 0.000653170 0.004748380 0.002415080 0.004380590 0.003810710 0.011409010 0.011626560 0.011123360 0.010695300 0.006335050 0.004353730 0.007082890 0.005748220 0.015465680 0.014672090 0.014430470 0.013787120 0.015339250 0.013811580 0.013815420 0.015842930 0.014546720 0.014875270 0.006430040 0.009584550 0.006613870 0.009908580 0.010017020 0.007851860 0.008753250 0.005127590 0.008408210 0.006922600 0.005753100 0.009374200 0.010661270 0.008644290 0.012085410 0.013964380 0.013172940 0.013129540 0.013482310 0.011412190 0.009861660 0.027227990 
5     0.007140920 0.004810690 0.001989980 0.003005240 0.000528380 0.000000000 0.000001670 0.001940790 0.001548360 0.001553100 0.010035650 0.013514550 0.013397870 0.013916000 0.012697660 0.009127690 0.010578670 0.009875530 0.010172540 0.018258320 0.017464730 0.017223110 0.016579760 0.018131890 0.015582890 0.010691310 0.017614240 0.016318030 0.016646580 0.011179190 0.011355860 0.010147600 0.011679890 0.011788330 0.009623170 0.010524560 0.009621390 0.010179520 0.010718960 0.011978040 0.011145510 0.012432580 0.010415600 0.013856720 0.015735690 0.014944250 0.015186260 0.015253620 0.013183500 0.011632970 0.015450540 
8     0.001815910 0.001751090 0.002320550 0.000776020 0.000653170 0.000001670 0.000000000 0.001861100 0.001468670 0.001473410 0.004446440 0.012360420 0.012545340 0.012074770 0.011646710 0.007286460 0.004989460 0.008034300 0.006383950 0.016417090 0.015623500 0.015381880 0.014738530 0.016290660 0.014730360 0.010611620 0.016761710 0.015465500 0.015794050 0.007065770 0.010503330 0.007249600 0.010827360 0.010935800 0.008770640 0.009672030 0.008254970 0.009303320 0.007558330 0.006388830 0.010292980 0.011580050 0.009563070 0.013004190 0.014883160 0.014091720 0.014080950 0.014401090 0.012330970 0.010780440 0.011315560 
19     0.006793520 0.003983890 0.003224590 0.002831820 0.004748380 0.001940790 0.001861100 0.000000000 0.000004900 0.000004980 0.011184660 0.012553330 0.012436650 0.013853030 0.011736440 0.009712350 0.013198750 0.010460190 0.009214310 0.018741750 0.018049390 0.017807770 0.017164420 0.018716550 0.014621670 0.009839260 0.014538100 0.013656800 0.014584510 0.010217970 0.010394640 0.009186380 0.010718670 0.010827110 0.008661950 0.009563340 0.008660170 0.009218300 0.009757740 0.015621750 0.010184290 0.011471360 0.009454380 0.012895500 0.014774470 0.013983030 0.014225040 0.014292400 0.012222280 0.010671750 0.010448370 
9     0.006364000 0.003600430 0.001877120 0.003578820 0.002415080 0.001548360 0.001468670 0.000004900 0.000000000 0.000000220 0.008590080 0.010386070 0.010613040 0.010100420 0.009672360 0.005312110 0.009317010 0.006059950 0.004983410 0.014442740 0.013649150 0.013407530 0.012764180 0.014316310 0.013829140 0.009446830 0.014380300 0.013499000 0.014426710 0.009425440 0.009602110 0.008393850 0.009926140 0.010034580 0.007869420 0.008770810 0.007867640 0.008425770 0.008965210 0.011447600 0.009391760 0.010678830 0.008661850 0.012102970 0.013981940 0.012935410 0.012106600 0.013499870 0.007696290 0.009879220 0.010204360 
10     0.005957720 0.003041400 0.003842630 0.004555900 0.004380590 0.001553100 0.001473410 0.000004980 0.000000220 0.000000000 0.008588250 0.012351580 0.012578550 0.012065930 0.011637870 0.007277620 0.009131270 0.008025460 0.008932800 0.016408250 0.015614660 0.015373040 0.014729690 0.016281820 0.015149460 0.009451570 0.017180810 0.015884600 0.016213150 0.010745760 0.010922430 0.009714170 0.011246460 0.011354900 0.009189740 0.010091130 0.009187960 0.009746090 0.010285530 0.010530640 0.010712080 0.011999150 0.009982170 0.013423290 0.015302260 0.014510820 0.014072110 0.014820190 0.012750070 0.011199540 0.027142270 
14     0.003119310 0.003151830 0.009075060 0.003933720 0.003810710 0.010035650 0.004446440 0.011184660 0.008590080 0.008588250 0.000000000 0.007496250 0.002434380 0.006947470 0.001972070 0.001606720 0.000636540 0.002924800 0.001668130 0.016188990 0.016236810 0.008810610 0.011611150 0.016903970 0.016219850 0.016064970 0.018251200 0.016954990 0.017283540 0.006229550 0.011878460 0.006413380 0.010158960 0.011329890 0.010260130 0.009198540 0.007418750 0.008467100 0.006722110 0.005552610 0.011782470 0.013069540 0.011052560 0.014493680 0.016372650 0.015523070 0.014694260 0.015890580 0.001496590 0.012269930 0.018155540 
13     0.011251520 0.010796040 0.010871050 0.011707780 0.011409010 0.013514550 0.012360420 0.012553330 0.010386070 0.012351580 0.007496250 0.000000000 0.000109520 0.000354090 0.000770220 0.002976780 0.004284780 0.004529860 0.013969860 0.018826390 0.018032800 0.017791180 0.017147830 0.018699960 0.017588520 0.014488630 0.019619870 0.018323660 0.018652210 0.013184820 0.013361490 0.012153230 0.013685520 0.013793960 0.011628800 0.012530190 0.011627020 0.012185150 0.012724590 0.016018900 0.013151140 0.014438210 0.012421230 0.015862350 0.017741320 0.016949880 0.016490250 0.017259250 0.012597550 0.013638600 0.021389980 
1     0.011134840 0.011023010 0.010921340 0.011591100 0.011626560 0.013397870 0.012545340 0.012436650 0.010613040 0.012578550 0.002434380 0.000109520 0.000000000 0.001062050 0.000662000 0.002860100 0.004168100 0.004413180 0.003027070 0.019053360 0.018259770 0.018018150 0.017374800 0.018926930 0.017471840 0.014380410 0.019503190 0.018206980 0.018535530 0.013068140 0.013244810 0.012036550 0.013568840 0.013677280 0.011512120 0.012413510 0.011510340 0.012068470 0.012607910 0.015898330 0.013034460 0.014321530 0.012304550 0.015745670 0.017624640 0.016833200 0.002972520 0.008062090 0.012426300 0.013521920 0.022891950 
18     0.012551220 0.010510390 0.010585400 0.013007480 0.011123360 0.013916000 0.012074770 0.013853030 0.010100420 0.012065930 0.006947470 0.000354090 0.001062050 0.000000000 0.001524200 0.003389720 0.006358240 0.007090930 0.013603100 0.018540740 0.017747150 0.017505530 0.016862180 0.018414310 0.017339530 0.017575310 0.019499930 0.018149260 0.018505680 0.014484520 0.014661190 0.013452930 0.014985220 0.015093660 0.012928500 0.013829890 0.012926720 0.013484850 0.014024290 0.014514520 0.014450840 0.015737910 0.013720930 0.016911950 0.019041020 0.017033410 0.016204600 0.017890480 0.013264730 0.014663430 0.021208590 
6     0.010434630 0.010082330 0.010157340 0.010890890 0.010695300 0.012697660 0.011646710 0.011736440 0.009672360 0.011637870 0.001972070 0.000770220 0.000662000 0.001524200 0.000000000 0.002075920 0.003467890 0.002701260 0.002564760 0.018112680 0.017319090 0.017077470 0.016434120 0.017986250 0.016771630 0.013780810 0.018802980 0.017506770 0.017835320 0.012367930 0.012544600 0.011336340 0.011823880 0.012977070 0.010811910 0.011713300 0.010810130 0.011368260 0.010345330 0.014645080 0.012334250 0.013621320 0.011604340 0.015045460 0.016924430 0.016132990 0.015776540 0.016442360 0.011658440 0.012821710 0.019002290 
7     0.004433800 0.005722080 0.005797090 0.008884250 0.006335050 0.009127690 0.007286460 0.009712350 0.005312110 0.007277620 0.001606720 0.002976780 0.002860100 0.003389720 0.002075920 0.000000000 0.001653640 0.000702740 0.006507100 0.013752430 0.012958840 0.012717220 0.012073870 0.013626000 0.014230910 0.007025870 0.015683590 0.014429990 0.014802220 0.012518930 0.010059730 0.011490650 0.010408880 0.011418330 0.009842100 0.009883600 0.010964440 0.010382350 0.010646590 0.011405900 0.011858540 0.013775630 0.011293040 0.012123640 0.016392240 0.012245100 0.011416290 0.013102170 0.012687360 0.011554810 0.019986320 
12     0.003662330 0.003694850 0.009801990 0.004476740 0.004353730 0.010578670 0.004989460 0.013198750 0.009317010 0.009131270 0.000636540 0.004284780 0.004168100 0.006358240 0.003467890 0.001653640 0.000000000 0.000543810 0.003200010 0.017757330 0.016963740 0.016722120 0.016078770 0.017630900 0.018233940 0.012048100 0.019688490 0.018434890 0.018807120 0.006772570 0.013700240 0.006956400 0.014330940 0.014439380 0.012274220 0.013175610 0.007961770 0.009010120 0.007265130 0.006095630 0.013796560 0.015083630 0.013066650 0.016128540 0.018386740 0.016250000 0.015421190 0.017107070 0.015834550 0.014284020 0.025968000 
15     0.010255160 0.006469920 0.006544930 0.009632090 0.007082890 0.009875530 0.008034300 0.010460190 0.006059950 0.008025460 0.002924800 0.004529860 0.004413180 0.007090930 0.002701260 0.000702740 0.000543810 0.000000000 0.007067320 0.014500270 0.013706680 0.013465060 0.012821710 0.014373840 0.007025580 0.012847230 0.016431430 0.015177830 0.015550060 0.013266770 0.010807570 0.002443470 0.011156720 0.012166170 0.010589940 0.010631440 0.012517520 0.011130190 0.012730840 0.012546880 0.012606380 0.015328710 0.012040880 0.012871480 0.017140080 0.012992940 0.012164130 0.013850010 0.004214470 0.012695790 0.029647580 
4     0.000603230 0.003273920 0.008074860 0.005871230 0.005748220 0.010172540 0.006383950 0.009214310 0.004983410 0.008932800 0.001668130 0.013969860 0.003027070 0.013603100 0.002564760 0.006507100 0.003200010 0.007067320 0.000000000 0.014598950 0.015624440 0.014351460 0.013546160 0.014596090 0.007280550 0.004669070 0.015636320 0.014755020 0.013059490 0.008167060 0.011578540 0.008350890 0.010383690 0.012120430 0.009955270 0.010856660 0.009356260 0.010404610 0.008659620 0.007490120 0.006608950 0.012655260 0.010397640 0.014079400 0.012983300 0.015166930 0.012841030 0.014597210 0.013406180 0.006859890 0.001420060 
49     0.017439940 0.014852710 0.014927720 0.017896200 0.015465680 0.018258320 0.016417090 0.018741750 0.014442740 0.016408250 0.016188990 0.018826390 0.019053360 0.018540740 0.018112680 0.013752430 0.017757330 0.014500270 0.014598950 0.000000000 0.000988580 0.000633120 0.001060410 0.001150290 0.014648450 0.015539980 0.016840530 0.016677340 0.014780780 0.018899300 0.016727160 0.015636950 0.017139410 0.013206380 0.011122290 0.013048040 0.010983420 0.013862090 0.010272600 0.003224730 0.016004550 0.014619220 0.012992980 0.014200980 0.009727140 0.018851800 0.018049220 0.019735100 0.019107500 0.003234350 0.006315310 
27     0.018465430 0.014059120 0.014134130 0.017221290 0.014672090 0.017464730 0.015623500 0.018049390 0.013649150 0.015614660 0.016236810 0.018032800 0.018259770 0.017747150 0.017319090 0.012958840 0.016963740 0.013706680 0.015624440 0.000988580 0.000000000 0.000030700 0.000419350 0.002286150 0.014624930 0.014906940 0.017582510 0.017419320 0.015522760 0.018697960 0.017469140 0.016378930 0.017881390 0.012391130 0.010164390 0.012157750 0.010025520 0.014604070 0.009314700 0.004360590 0.017359560 0.013661320 0.012035080 0.013243080 0.008769240 0.017893900 0.017255630 0.018941510 0.011961930 0.004370210 0.007451170 
41     0.014526800 0.013817500 0.013892510 0.016979670 0.014430470 0.017223110 0.015381880 0.017807770 0.013407530 0.015373040 0.008810610 0.017791180 0.018018150 0.017505530 0.017077470 0.012717220 0.016722120 0.013465060 0.014351460 0.000633120 0.000030700 0.000000000 0.001251760 0.003250010 0.015155570 0.015786560 0.017087110 0.016923920 0.015027360 0.017395370 0.016973740 0.015883530 0.017385990 0.012391150 0.010164410 0.012157770 0.010025540 0.014108670 0.009314720 0.005504220 0.016364150 0.013661340 0.012035100 0.013243100 0.008769260 0.017842820 0.017014010 0.018699890 0.018149620 0.005513840 0.008594800 
43     0.014962710 0.013174150 0.013249160 0.016336320 0.013787120 0.016579760 0.014738530 0.017164420 0.012764180 0.014729690 0.011611150 0.017147830 0.017374800 0.016862180 0.016434120 0.012073870 0.016078770 0.012821710 0.013546160 0.001060410 0.000419350 0.001251760 0.000000000 0.002112720 0.013430320 0.013712330 0.017647700 0.017484510 0.015587950 0.016974760 0.016828120 0.016444120 0.015672050 0.014013550 0.011790810 0.013855210 0.012098020 0.014669260 0.015972120 0.014238840 0.015949760 0.018814120 0.016247410 0.017078010 0.017199580 0.017199470 0.016370660 0.018056540 0.010767320 0.008874040 0.017281530 
39     0.017899190 0.014726280 0.014801290 0.017888450 0.015339250 0.018131890 0.016290660 0.018716550 0.014316310 0.016281820 0.016903970 0.018699960 0.018926930 0.018414310 0.017986250 0.013626000 0.017630900 0.014373840 0.014596090 0.001150290 0.002286150 0.003250010 0.002112720 0.000000000 0.014158080 0.016010470 0.017311020 0.017147830 0.015251270 0.019495410 0.017197650 0.016107440 0.017609900 0.013676870 0.012428800 0.013518530 0.012289930 0.014332580 0.011579110 0.002136260 0.016593420 0.015925730 0.014299490 0.015507490 0.011033650 0.018751600 0.017922790 0.019608670 0.017984990 0.002145880 0.005226840 
20     0.013319860 0.016879390 0.013106360 0.013776120 0.013811580 0.015582890 0.014730360 0.014621670 0.013829140 0.015149460 0.016219850 0.017588520 0.017471840 0.017339530 0.016771630 0.014230910 0.018233940 0.007025580 0.007280550 0.014648450 0.014624930 0.015155570 0.013430320 0.014158080 0.000000000 0.001801360 0.002618290 0.000178140 0.003736380 0.010420580 0.012153550 0.008876900 0.013676150 0.010776650 0.011383160 0.010618310 0.010997870 0.011432360 0.014290530 0.007983280 0.011194360 0.015389610 0.013372630 0.016813750 0.017267540 0.017332350 0.017059060 0.018210650 0.015576110 0.003512650 0.021819900 
25     0.002595770 0.010575910 0.013110200 0.013779960 0.013815420 0.010691310 0.010611620 0.009839260 0.009446830 0.009451570 0.016064970 0.014488630 0.014380410 0.017575310 0.013780810 0.007025870 0.012048100 0.012847230 0.004669070 0.015539980 0.014906940 0.015786560 0.013712330 0.016010470 0.001801360 0.000000000 0.003530870 0.001463720 0.002085130 0.011980720 0.012157390 0.009915930 0.013849810 0.009916780 0.012053230 0.009758440 0.010138000 0.010572490 0.012928230 0.012888830 0.014106380 0.015393450 0.013376470 0.016817590 0.017250550 0.017905120 0.018147130 0.018214490 0.016144370 0.014593840 0.022303220 
37     0.012146510 0.010568950 0.015137710 0.015807470 0.015842930 0.017614240 0.016761710 0.014538100 0.014380300 0.017180810 0.018251200 0.019619870 0.019503190 0.019499930 0.018802980 0.015683590 0.019688490 0.016431430 0.015636320 0.016840530 0.017582510 0.017087110 0.017647700 0.017311020 0.002618290 0.003530870 0.000000000 0.000911060 0.001276940 0.009521350 0.009463530 0.007545670 0.012368380 0.011217330 0.011615640 0.011058990 0.011438550 0.011873040 0.015473320 0.012087110 0.012377150 0.017420960 0.015403980 0.018845100 0.018450330 0.018515140 0.018241850 0.020242000 0.016758900 0.016621350 0.019932960 
44     0.014055000 0.009687650 0.013841500 0.014511260 0.014546720 0.016318030 0.015465500 0.013656800 0.013499000 0.015884600 0.016954990 0.018323660 0.018206980 0.018149260 0.017506770 0.014429990 0.018434890 0.015177830 0.014755020 0.016677340 0.017419320 0.016923920 0.017484510 0.017147830 0.000178140 0.001463720 0.000911060 0.000000000 0.000016660 0.008640050 0.008582230 0.007311060 0.010533800 0.009975440 0.009781060 0.010126990 0.011275360 0.011709850 0.015300410 0.010252530 0.014679540 0.016124750 0.014107770 0.017548890 0.019427860 0.018636420 0.018878430 0.018945790 0.016875670 0.015325140 0.019326290 
23     0.010986190 0.010615360 0.014170050 0.014839810 0.014875270 0.016646580 0.015794050 0.014584510 0.014426710 0.016213150 0.017283540 0.018652210 0.018535530 0.018505680 0.017835320 0.014802220 0.018807120 0.015550060 0.013059490 0.014780780 0.015522760 0.015027360 0.015587950 0.015251270 0.003736380 0.002085130 0.001276940 0.000016660 0.000000000 0.009567760 0.009509940 0.007413610 0.010498080 0.009157580 0.009745340 0.008999240 0.009378800 0.009813290 0.014326770 0.010216810 0.013417310 0.016453300 0.014436320 0.017877440 0.019756410 0.018964970 0.019206980 0.019274340 0.017204220 0.015653690 0.019800900 
35     0.005738640 0.005771160 0.008702660 0.006553050 0.006430040 0.011179190 0.007065770 0.010217970 0.009425440 0.010745760 0.006229550 0.013184820 0.013068140 0.014484520 0.012367930 0.012518930 0.006772570 0.013266770 0.008167060 0.018899300 0.018697960 0.017395370 0.016974760 0.019495410 0.010420580 0.011980720 0.009521350 0.008640050 0.009567760 0.000000000 0.000073170 0.000270530 0.007518430 0.007941770 0.007604300 0.006558010 0.003114420 0.004162770 0.002417780 0.001248280 0.006501050 0.010985910 0.008968930 0.012410050 0.012574230 0.012639040 0.012365750 0.013806950 0.010882800 0.010186300 0.020067840 
33     0.009092830 0.010371380 0.008879330 0.009549090 0.009584550 0.011355860 0.010503330 0.010394640 0.009602110 0.010922430 0.011878460 0.013361490 0.013244810 0.014661190 0.012544600 0.010059730 0.013700240 0.010807570 0.011578540 0.016727160 0.017469140 0.016973740 0.016828120 0.017197650 0.012153550 0.012157390 0.009463530 0.008582230 0.009509940 0.000073170 0.000000000 0.001326040 0.006845180 0.008016110 0.007139370 0.005884760 0.009240670 0.006102600 0.006201030 0.009208900 0.009294610 0.011162580 0.009145600 0.012586720 0.014465690 0.013674250 0.013916260 0.013983620 0.011913500 0.010362970 0.020010020 
21     0.005922470 0.005954990 0.007671070 0.006736880 0.006613870 0.010147600 0.007249600 0.009186380 0.008393850 0.009714170 0.006413380 0.012153230 0.012036550 0.013452930 0.011336340 0.011490650 0.006956400 0.002443470 0.008350890 0.015636950 0.016378930 0.015883530 0.016444120 0.016107440 0.008876900 0.009915930 0.007545670 0.007311060 0.007413610 0.000270530 0.001326040 0.000000000 0.008946520 0.008388160 0.008034190 0.008539710 0.003298250 0.004346600 0.002601610 0.001432110 0.008667250 0.009954320 0.007937340 0.011378460 0.013257430 0.012465990 0.012708000 0.012775360 0.010705240 0.007830010 0.015910450 
28     0.009416860 0.011509160 0.009203360 0.009873120 0.009908580 0.011679890 0.010827360 0.010718670 0.009926140 0.011246460 0.010158960 0.013685520 0.013568840 0.014985220 0.011823880 0.010408880 0.014330940 0.011156720 0.010383690 0.017139410 0.017881390 0.017385990 0.015672050 0.017609900 0.013676150 0.013849810 0.012368380 0.010533800 0.010498080 0.007518430 0.006845180 0.008946520 0.000000000 0.000828770 0.002326920 0.002025180 0.002967690 0.000318020 0.001021230 0.002172500 0.006502130 0.011660460 0.010358910 0.013800030 0.012575310 0.012640120 0.012366830 0.015196930 0.010883880 0.011221370 0.016733900 
32     0.009525300 0.012518610 0.009311800 0.009981560 0.010017020 0.011788330 0.010935800 0.010827110 0.010034580 0.011354900 0.011329890 0.013793960 0.013677280 0.015093660 0.012977070 0.011418330 0.014439380 0.012166170 0.012120430 0.013206380 0.012391130 0.012391150 0.014013550 0.013676870 0.010776650 0.009916780 0.011217330 0.009975440 0.009157580 0.007941770 0.008016110 0.008388160 0.000828770 0.000000000 0.003336370 0.002213050 0.003619090 0.003013430 0.003111860 0.005866890 0.005461060 0.010619390 0.009471660 0.013577990 0.011534240 0.011599050 0.011325760 0.014607620 0.009842810 0.010180300 0.013875880 
34     0.007360140 0.010919670 0.007146640 0.007816400 0.007851860 0.009623170 0.008770640 0.008661950 0.007869420 0.009189740 0.010260130 0.011628800 0.011512120 0.012928500 0.010811910 0.009842100 0.012274220 0.010589940 0.009955270 0.011122290 0.010164390 0.010164410 0.011790810 0.012428800 0.011383160 0.012053230 0.011615640 0.009781060 0.009745340 0.007604300 0.007139370 0.008034190 0.002326920 0.003336370 0.000000000 0.001258970 0.000465970 0.000094740 0.000932850 0.006067020 0.005123590 0.010281920 0.008302190 0.011743310 0.009975390 0.011261580 0.010988290 0.013140210 0.009505340 0.008630890 0.018637860 
22     0.008261530 0.010983880 0.008048030 0.008717790 0.008753250 0.010524560 0.009672030 0.009563340 0.008770810 0.010091130 0.009198540 0.012530190 0.012413510 0.013829890 0.011713300 0.009883600 0.013175610 0.010631440 0.010856660 0.013048040 0.012157750 0.012157770 0.013855210 0.013518530 0.010618310 0.009758440 0.011058990 0.010126990 0.008999240 0.006558010 0.005884760 0.008539710 0.002025180 0.002213050 0.001258970 0.000000000 0.001484850 0.000975780 0.000500040 0.003386870 0.005122900 0.010281230 0.009133500 0.012644700 0.011196080 0.011260890 0.010987600 0.014041600 0.009504650 0.009842140 0.013034350 
24     0.006927840 0.006960360 0.007144860 0.007742250 0.005127590 0.009621390 0.008254970 0.008660170 0.007867640 0.009187960 0.007418750 0.011627020 0.011510340 0.012926720 0.010810130 0.010964440 0.007961770 0.012517520 0.009356260 0.010983420 0.010025520 0.010025540 0.012098020 0.012289930 0.010997870 0.010138000 0.011438550 0.011275360 0.009378800 0.003114420 0.009240670 0.003298250 0.002967690 0.003619090 0.000465970 0.001484850 0.000000000 0.001938890 0.001784480 0.002282560 0.007306530 0.010317390 0.008300410 0.011741530 0.009836520 0.012829060 0.013071070 0.013138430 0.010900940 0.009517780 0.017213660 
30     0.007916490 0.008008710 0.007702990 0.008372750 0.008408210 0.010179520 0.009303320 0.009218300 0.008425770 0.009746090 0.008467100 0.012185150 0.012068470 0.013484850 0.011368260 0.010382350 0.009010120 0.011130190 0.010404610 0.013862090 0.014604070 0.014108670 0.014669260 0.014332580 0.011432360 0.010572490 0.011873040 0.011709850 0.009813290 0.004162770 0.006102600 0.004346600 0.000318020 0.003013430 0.000094740 0.000975780 0.001938890 0.000000000 0.000361630 0.003330910 0.009588450 0.010875520 0.008858540 0.012299660 0.012797870 0.013387190 0.013629200 0.013696560 0.011626440 0.010075910 0.024394270 
50     0.006231200 0.006263720 0.008242430 0.007045610 0.006922600 0.010718960 0.007558330 0.009757740 0.008965210 0.010285530 0.006722110 0.012724590 0.012607910 0.014024290 0.010345330 0.010646590 0.007265130 0.012730840 0.008659620 0.010272600 0.009314700 0.009314720 0.015972120 0.011579110 0.014290530 0.012928230 0.015473320 0.015300410 0.014326770 0.002417780 0.006201030 0.002601610 0.001021230 0.003111860 0.000932850 0.000500040 0.001784480 0.000361630 0.000000000 0.001585920 0.007116510 0.011414960 0.009397980 0.010767840 0.009125700 0.013254500 0.012981210 0.014236000 0.011498260 0.010615350 0.019203750 
40     0.005061700 0.005094220 0.011464900 0.005876110 0.005753100 0.011978040 0.006388830 0.015621750 0.011447600 0.010530640 0.005552610 0.016018900 0.015898330 0.014514520 0.014645080 0.011405900 0.006095630 0.012546880 0.007490120 0.003224730 0.004360590 0.005504220 0.014238840 0.002136260 0.007983280 0.012888830 0.012087110 0.010252530 0.010216810 0.001248280 0.009208900 0.001432110 0.002172500 0.005866890 0.006067020 0.003386870 0.002282560 0.003330910 0.001585920 0.000000000 0.010305350 0.013441770 0.013643050 0.014851050 0.010377210 0.016443340 0.016170050 0.019314150 0.014332460 0.000010920 0.003091880 
45     0.008882480 0.012442010 0.008668980 0.009338740 0.009374200 0.011145510 0.010292980 0.010184290 0.009391760 0.010712080 0.011782470 0.013151140 0.013034460 0.014450840 0.012334250 0.011858540 0.013796560 0.012606380 0.006608950 0.016004550 0.017359560 0.016364150 0.015949760 0.016593420 0.011194360 0.014106380 0.012377150 0.014679540 0.013417310 0.006501050 0.009294610 0.008667250 0.006502130 0.005461060 0.005123590 0.005122900 0.007306530 0.009588450 0.007116510 0.010305350 0.000000000 0.007321390 0.003295110 0.007503710 0.003560780 0.008591240 0.003418510 0.005174690 0.006423450 0.006589000 0.018184460 
26     0.010169550 0.013729080 0.009956050 0.010625810 0.010661270 0.012432580 0.011580050 0.011471360 0.010678830 0.011999150 0.013069540 0.014438210 0.014321530 0.015737910 0.013621320 0.013775630 0.015083630 0.015328710 0.012655260 0.014619220 0.013661320 0.013661340 0.018814120 0.015925730 0.015389610 0.015393450 0.017420960 0.016124750 0.016453300 0.010985910 0.011162580 0.009954320 0.011660460 0.010619390 0.010281920 0.010281230 0.010317390 0.010875520 0.011414960 0.013441770 0.007321390 0.000000000 0.000273910 0.010032600 0.007537520 0.006920120 0.008550980 0.006921560 0.006679250 0.008229560 0.014257590 
42     0.008152570 0.011712100 0.007939070 0.008608830 0.008644290 0.010415600 0.009563070 0.009454380 0.008661850 0.009982170 0.011052560 0.012421230 0.012304550 0.013720930 0.011604340 0.011293040 0.013066650 0.012040880 0.010397640 0.012992980 0.012035080 0.012035100 0.016247410 0.014299490 0.013372630 0.013376470 0.015403980 0.014107770 0.014436320 0.008968930 0.009145600 0.007937340 0.010358910 0.009471660 0.008302190 0.009133500 0.008300410 0.008858540 0.009397980 0.013643050 0.003295110 0.000273910 0.000000000 0.008015620 0.004306000 0.007193730 0.005920780 0.007195170 0.006780480 0.007480570 0.025714150 
46     0.011593690 0.013223920 0.011380190 0.012049950 0.012085410 0.013856720 0.013004190 0.012895500 0.012102970 0.013423290 0.014493680 0.015862350 0.015745670 0.016911950 0.015045460 0.012123640 0.016128540 0.012871480 0.014079400 0.014200980 0.013243080 0.013243100 0.017078010 0.015507490 0.016813750 0.016817590 0.018845100 0.017548890 0.017877440 0.012410050 0.012586720 0.011378460 0.013800030 0.013577990 0.011743310 0.012644700 0.011741530 0.012299660 0.010767840 0.014851050 0.007503710 0.010032600 0.008015620 0.000000000 0.001163800 0.003388580 0.004263300 0.003965000 0.010783520 0.007856400 0.017026290 
31     0.013472660 0.017032190 0.013259160 0.013928920 0.013964380 0.015735690 0.014883160 0.014774470 0.013981940 0.015302260 0.016372650 0.017741320 0.017624640 0.019041020 0.016924430 0.016392240 0.018386740 0.017140080 0.012983300 0.009727140 0.008769240 0.008769260 0.017199580 0.011033650 0.017267540 0.017250550 0.018450330 0.019427860 0.019756410 0.012574230 0.014465690 0.013257430 0.012575310 0.011534240 0.009975390 0.011196080 0.009836520 0.012797870 0.009125700 0.010377210 0.003560780 0.007537520 0.004306000 0.001163800 0.000000000 0.000141500 0.000347610 0.002103790 0.003955970 0.012800660 0.032888990 
48     0.012681220 0.013345380 0.012467720 0.013137480 0.013172940 0.014944250 0.014091720 0.013983030 0.012935410 0.014510820 0.015523070 0.016949880 0.016833200 0.017033410 0.016132990 0.012245100 0.016250000 0.012992940 0.015166930 0.018851800 0.017893900 0.017842820 0.017199470 0.018751600 0.017332350 0.017905120 0.018515140 0.018636420 0.018964970 0.012639040 0.013674250 0.012465990 0.012640120 0.011599050 0.011261580 0.011260890 0.012829060 0.013387190 0.013254500 0.016443340 0.008591240 0.006920120 0.007193730 0.003388580 0.000141500 0.000000000 0.001634440 0.000005020 0.003752720 0.010680090 0.023951630 
47     0.012923230 0.012516570 0.012591580 0.013379490 0.013129540 0.015186260 0.014080950 0.014225040 0.012106600 0.014072110 0.014694260 0.016490250 0.002972520 0.016204600 0.015776540 0.011416290 0.015421190 0.012164130 0.012841030 0.018049220 0.017255630 0.017014010 0.016370660 0.017922790 0.017059060 0.018147130 0.018241850 0.018878430 0.019206980 0.012365750 0.013916260 0.012708000 0.012366830 0.011325760 0.010988290 0.010987600 0.013071070 0.013629200 0.012981210 0.016170050 0.003418510 0.008550980 0.005920780 0.004263300 0.000347610 0.001634440 0.000000000 0.000002250 0.004429630 0.011736600 0.025710630 
38     0.012990590 0.014202450 0.012777090 0.013446850 0.013482310 0.015253620 0.014401090 0.014292400 0.013499870 0.014820190 0.015890580 0.017259250 0.008062090 0.017890480 0.016442360 0.013102170 0.017107070 0.013850010 0.014597210 0.019735100 0.018941510 0.018699890 0.018056540 0.019608670 0.018210650 0.018214490 0.020242000 0.018945790 0.019274340 0.013806950 0.013983620 0.012775360 0.015196930 0.014607620 0.013140210 0.014041600 0.013138430 0.013696560 0.014236000 0.019314150 0.005174690 0.006921560 0.007195170 0.003965000 0.002103790 0.000005020 0.000002250 0.000000000 0.007492500 0.011979730 0.024457650 
29     0.010920470 0.013787640 0.010706970 0.011376730 0.011412190 0.013183500 0.012330970 0.012222280 0.007696290 0.012750070 0.001496590 0.012597550 0.012426300 0.013264730 0.011658440 0.012687360 0.015834550 0.004214470 0.013406180 0.019107500 0.011961930 0.018149620 0.010767320 0.017984990 0.015576110 0.016144370 0.016758900 0.016875670 0.017204220 0.010882800 0.011913500 0.010705240 0.010883880 0.009842810 0.009505340 0.009504650 0.010900940 0.011626440 0.011498260 0.014332460 0.006423450 0.006679250 0.006780480 0.010783520 0.003955970 0.003752720 0.004429630 0.007492500 0.000000000 0.010248470 0.022679180 
36     0.009369940 0.012822670 0.009156440 0.009826200 0.009861660 0.011632970 0.010780440 0.010671750 0.009879220 0.011199540 0.012269930 0.013638600 0.013521920 0.014663430 0.012821710 0.011554810 0.014284020 0.012695790 0.006859890 0.003234350 0.004370210 0.005513840 0.008874040 0.002145880 0.003512650 0.014593840 0.016621350 0.015325140 0.015653690 0.010186300 0.010362970 0.007830010 0.011221370 0.010180300 0.008630890 0.009842140 0.009517780 0.010075910 0.010615350 0.000010920 0.006589000 0.008229560 0.007480570 0.007856400 0.012800660 0.010680090 0.011736600 0.011979730 0.010248470 0.000000000 0.003101500 
0     0.015178870 0.006351060 0.015610290 0.013333820 0.027227990 0.015450540 0.011315560 0.010448370 0.010204360 0.027142270 0.018155540 0.021389980 0.022891950 0.021208590 0.019002290 0.019986320 0.025968000 0.029647580 0.001420060 0.006315310 0.007451170 0.008594800 0.017281530 0.005226840 0.021819900 0.022303220 0.019932960 0.019326290 0.019800900 0.020067840 0.020010020 0.015910450 0.016733900 0.013875880 0.018637860 0.013034350 0.017213660 0.024394270 0.019203750 0.003091880 0.018184460 0.014257590 0.025714150 0.017026290 0.032888990 0.023951630 0.025710630 0.024457650 0.022679180 0.003101500 0.000000000 
