51
14     0.000000000 0.163841906 0.167012172 0.236823692 0.302627649 0.329871464 0.333836980 0.317604409 0.323152708 0.310934189 0.308070292 0.302501922 0.352226962 0.367485467 0.391519424 0.466418414 0.459523971 0.454151411 0.443601919 0.441292950 0.447307800 0.440631045 0.511207185 0.516192431 0.514052819 0.612317463 0.566483856 0.563691640 0.560820582 0.556980261 0.561910213 0.555213229 0.562470717 0.553597286 0.566665812 0.563066653 0.548130836 0.575149809 0.532311114 0.524295591 0.514515793 0.599153605 0.569285624 0.576854513 0.592223381 0.474372712 0.516601477 0.522006438 0.504333087 0.499954771 1.082685738 
7     0.163841906 0.000000000 0.157521488 0.215807476 0.283726500 0.310963372 0.314903545 0.298586544 0.304149793 0.291943480 0.289061820 0.283582146 0.332556055 0.344962912 0.368998999 0.445643490 0.438649433 0.433291726 0.422949854 0.420505972 0.426520822 0.419844067 0.490523486 0.495554078 0.493414225 0.591757238 0.545725162 0.542954419 0.540083361 0.536243041 0.541224921 0.534476008 0.541733496 0.532860065 0.545928591 0.542329433 0.527393616 0.554327026 0.511573893 0.503558370 0.493778572 0.578410767 0.548548403 0.556117293 0.571486160 0.453613125 0.495840868 0.501245829 0.483627535 0.479329061 1.060900649 
22     0.167012172 0.157521488 0.000000000 0.224585121 0.284574654 0.311818582 0.318315736 0.302005655 0.307553955 0.295329157 0.292471538 0.286949532 0.334787843 0.349991114 0.374036316 0.448784285 0.442030611 0.436690037 0.426140545 0.423831576 0.429846426 0.423169671 0.494307632 0.499334561 0.497194948 0.595365617 0.549261848 0.546562798 0.543691740 0.539851420 0.544833300 0.538079196 0.545336920 0.536461480 0.549528395 0.545929237 0.530997923 0.558019734 0.515179713 0.507164190 0.497384392 0.582016923 0.552154559 0.559723448 0.575092316 0.457223078 0.499452429 0.504857390 0.487218324 0.482805723 1.065460223 
15     0.236823692 0.215807476 0.224585121 0.000000000 0.255073876 0.282292712 0.287652425 0.272059592 0.277586206 0.265195034 0.262502095 0.256494001 0.308679907 0.322855208 0.346814963 0.420708075 0.413792009 0.408396850 0.397727194 0.395570816 0.401586967 0.394908912 0.468527114 0.473560040 0.471420427 0.571435440 0.524567152 0.521198132 0.518327074 0.514486772 0.519468653 0.513548557 0.520804820 0.511925562 0.524994088 0.521394929 0.506459112 0.533155023 0.490434836 0.482471665 0.472614744 0.556910638 0.527034012 0.534602902 0.549971769 0.431276304 0.473376033 0.478942267 0.461459744 0.456857225 1.039154641 
8     0.302627649 0.283726500 0.284574654 0.255073876 0.000000000 0.115269233 0.256839331 0.241556412 0.246660660 0.234818438 0.231699979 0.226989744 0.284905510 0.298258285 0.322288152 0.395537286 0.388345520 0.382941579 0.372276036 0.370060368 0.376076518 0.369398463 0.444455427 0.449483265 0.447343653 0.547258941 0.500565350 0.496943504 0.494072446 0.490224749 0.495213359 0.488811793 0.496069241 0.487336590 0.500509372 0.496910214 0.481660397 0.508879239 0.466156665 0.458193494 0.448351844 0.532654122 0.502791757 0.510360647 0.525729514 0.406458736 0.448470402 0.454131582 0.436510535 0.431908015 1.014641993 
10     0.329871464 0.310963372 0.311818582 0.282292712 0.115269233 0.000000000 0.283919959 0.268670137 0.273774810 0.261920483 0.258813841 0.254235162 0.311837248 0.325036626 0.349073382 0.422297038 0.415105271 0.409631644 0.398966100 0.396754350 0.402770501 0.396092446 0.470987075 0.476014913 0.473875301 0.573636470 0.527058207 0.523321033 0.520449975 0.516602278 0.521590888 0.515175299 0.522432746 0.513717107 0.526872878 0.523273719 0.508023902 0.535242744 0.492418363 0.484429108 0.474663595 0.559017627 0.529155263 0.536724152 0.552093020 0.432955929 0.474676525 0.480626063 0.463005016 0.458402497 1.041134350 
9     0.333836980 0.314903545 0.318315736 0.287652425 0.256839331 0.283919959 0.000000000 0.165202098 0.168889839 0.153601708 0.154363181 0.201346367 0.318151316 0.330609688 0.354886628 0.428575874 0.422025704 0.416556257 0.405000787 0.403697796 0.409713947 0.403035891 0.473532306 0.478472807 0.476333195 0.576413894 0.529182942 0.525882488 0.523011431 0.519165076 0.524189979 0.517719252 0.525040956 0.516095727 0.529065571 0.525466413 0.510796470 0.536260310 0.494462525 0.485659195 0.476487750 0.561732977 0.531874861 0.539439503 0.554808370 0.436181547 0.478604450 0.484415606 0.466734539 0.462132020 1.044146222 
11     0.317604409 0.298586544 0.302005655 0.272059592 0.241556412 0.268670137 0.165202098 0.000000000 0.099303536 0.124265296 0.118723907 0.189521511 0.303351972 0.316491220 0.341079011 0.415176149 0.408464457 0.402995010 0.391566703 0.390136549 0.396152700 0.389474645 0.462726387 0.467666888 0.465527276 0.566124340 0.519093431 0.515792984 0.512921926 0.509028644 0.514053547 0.507573639 0.514823876 0.505883782 0.518693221 0.515094063 0.500584525 0.527672322 0.485750524 0.476957716 0.467058768 0.551515764 0.521657648 0.529222290 0.544591157 0.425565580 0.467641675 0.473382222 0.455701155 0.451098636 1.032751029 
21     0.323152708 0.304149793 0.307553955 0.277586206 0.246660660 0.273774810 0.168889839 0.099303536 0.000000000 0.124310387 0.118965431 0.193776780 0.308674892 0.321721261 0.346309052 0.420413660 0.413711078 0.408241631 0.396813323 0.395383170 0.401399321 0.394721265 0.468042032 0.472982533 0.470842921 0.571439984 0.524409076 0.521108629 0.518237571 0.514344289 0.519369191 0.512889284 0.520139521 0.511199427 0.523869233 0.520270074 0.505900169 0.532987967 0.491139218 0.482335895 0.472415990 0.556831409 0.526973293 0.534537934 0.549906802 0.430881224 0.472957320 0.478697866 0.461016800 0.456414280 1.038066674 
17     0.310934189 0.291943480 0.295329157 0.265195034 0.234818438 0.261920483 0.153601708 0.124265296 0.124310387 0.000000000 0.072339838 0.182391630 0.295232087 0.307496781 0.332028249 0.406621747 0.399910055 0.394440608 0.383158853 0.381582147 0.387598298 0.380920242 0.452827993 0.457768494 0.455628882 0.556609308 0.509641411 0.506466904 0.503595846 0.499702564 0.504727467 0.497977823 0.505228060 0.496287494 0.509097373 0.505498215 0.490988677 0.517563167 0.476177249 0.467371165 0.457533462 0.541722226 0.512011856 0.519368236 0.534737103 0.416309183 0.458385279 0.464125825 0.446444759 0.441842239 1.024089874 
20     0.308070292 0.289061820 0.292471538 0.262502095 0.231699979 0.258813841 0.154363181 0.118723907 0.118965431 0.072339838 0.000000000 0.178472529 0.293869302 0.306105792 0.330655071 0.405145732 0.398434040 0.392964593 0.381599198 0.380106132 0.386122283 0.379444227 0.451942593 0.456883094 0.454743482 0.556136770 0.509105861 0.505805414 0.502934357 0.499041074 0.504065977 0.497586069 0.504836306 0.495896212 0.508705651 0.505106493 0.490596955 0.517684753 0.475821335 0.467018012 0.457121311 0.541528195 0.511670078 0.519234720 0.534603587 0.415483159 0.457559254 0.463299801 0.445618734 0.441016215 1.023150827 
5     0.302501922 0.283582146 0.286949532 0.256494001 0.226989744 0.254235162 0.201346367 0.189521511 0.193776780 0.182391630 0.178472529 0.000000000 0.288241730 0.301067256 0.325339168 0.399387240 0.392650746 0.387250559 0.376140177 0.374394080 0.380408931 0.373732176 0.448127337 0.453073484 0.450933872 0.550583649 0.503937887 0.500466840 0.497595782 0.493742555 0.498723188 0.491849520 0.499095354 0.490004733 0.502891182 0.499292024 0.484816712 0.512040428 0.470229166 0.461425847 0.451436379 0.535779125 0.505921009 0.513485650 0.528854518 0.410233001 0.452294677 0.458033254 0.440277302 0.435674782 1.017917100 
3     0.352226962 0.332556055 0.334787843 0.308679907 0.284905510 0.311837248 0.318151316 0.303351972 0.308674892 0.295232087 0.293869302 0.288241730 0.000000000 0.283389865 0.307428488 0.377253017 0.369902028 0.364487994 0.354094414 0.351625720 0.357638805 0.350961137 0.433192536 0.438051439 0.435911827 0.533535087 0.488137345 0.483990701 0.481119643 0.477312432 0.482307518 0.476043625 0.483281446 0.474748275 0.487918977 0.484319818 0.468951352 0.495815408 0.452286411 0.444512431 0.435276713 0.519468525 0.489676142 0.497052821 0.512361287 0.396379748 0.438274209 0.444169606 0.426742404 0.422115095 0.999587097 
4     0.367485467 0.344962912 0.349991114 0.322855208 0.298258285 0.325036626 0.330609688 0.316491220 0.321721261 0.307496781 0.306105792 0.301067256 0.283389865 0.000000000 0.135944909 0.365749029 0.358166691 0.352752657 0.342779040 0.338938102 0.344984277 0.338437326 0.422827863 0.427721696 0.425582084 0.525609645 0.479774809 0.475929974 0.473058917 0.469266052 0.474290955 0.468500065 0.475732366 0.466746788 0.480014170 0.476415012 0.460633538 0.487967445 0.446513168 0.437705862 0.427554218 0.511683222 0.482143753 0.488435217 0.503754209 0.387461268 0.429558242 0.435330080 0.417869245 0.413246943 0.993324832 
16     0.391519424 0.368998999 0.374036316 0.346814963 0.322288152 0.349073382 0.354886628 0.341079011 0.346309052 0.332028249 0.330655071 0.325339168 0.307428488 0.135944909 0.000000000 0.389964551 0.382374272 0.376960239 0.366994562 0.363320604 0.369336418 0.362789467 0.443874517 0.448752764 0.446613151 0.546499924 0.500659284 0.496830616 0.493959558 0.490166694 0.495191596 0.489402864 0.496635260 0.487650553 0.500916969 0.497317811 0.481537869 0.508863584 0.467416166 0.458612850 0.448457574 0.532585156 0.503045686 0.509312527 0.524631519 0.408465848 0.450445575 0.455582523 0.438360305 0.433738003 1.014886234 
12     0.466418414 0.445643490 0.448784285 0.420708075 0.395537286 0.422297038 0.428575874 0.415176149 0.420413660 0.406621747 0.405145732 0.399387240 0.377253017 0.365749029 0.389964551 0.000000000 0.178105699 0.171247779 0.158054166 0.155951361 0.162582733 0.154422866 0.508373452 0.513432840 0.511293228 0.610398912 0.564945458 0.560818787 0.557947729 0.554154865 0.559157295 0.552817255 0.560038912 0.550753625 0.564095549 0.560496391 0.543316524 0.572903398 0.530985716 0.522229299 0.512322542 0.596524366 0.566990684 0.574194136 0.588236640 0.471839369 0.514067536 0.519592120 0.502111074 0.497437502 1.076031378 
13     0.459523971 0.438649433 0.442030611 0.413792009 0.388345520 0.415105271 0.422025704 0.408464457 0.413711078 0.399910055 0.398434040 0.392650746 0.369902028 0.358166691 0.382374272 0.178105699 0.000000000 0.076844644 0.156356689 0.148223054 0.146621165 0.145680957 0.498216609 0.503595819 0.501456207 0.601076518 0.555608845 0.551499228 0.548628170 0.544835305 0.549837736 0.543497696 0.550719352 0.541434066 0.554775990 0.551176832 0.533484303 0.563583839 0.521666157 0.512909739 0.503002983 0.587204807 0.557671125 0.564874577 0.578917081 0.463883240 0.506122009 0.511662522 0.494495939 0.489822367 1.067393332 
2     0.454151411 0.433291726 0.436690037 0.408396850 0.382941579 0.409631644 0.416556257 0.402995010 0.408241631 0.394440608 0.392964593 0.387250559 0.364487994 0.352752657 0.376960239 0.171247779 0.076844644 0.000000000 0.149250061 0.145716623 0.151793575 0.142184621 0.492766486 0.498145696 0.496006084 0.595626395 0.550159321 0.546049105 0.543178047 0.539385183 0.544387613 0.538047573 0.545269229 0.535983943 0.549325867 0.545726709 0.528546842 0.558133716 0.516216034 0.507459616 0.497552860 0.581754684 0.552221002 0.559424454 0.573466958 0.458483178 0.500671886 0.506212399 0.489045816 0.484372244 1.061943209 
1     0.443601919 0.422949854 0.426140545 0.397727194 0.372276036 0.398966100 0.405000787 0.391566703 0.396813323 0.383158853 0.381599198 0.376140177 0.354094414 0.342779040 0.366994562 0.158054166 0.156356689 0.149250061 0.000000000 0.114474931 0.123163469 0.111705567 0.485288469 0.490347857 0.488208244 0.586048891 0.540533229 0.536423630 0.533552572 0.529759708 0.534762138 0.528301281 0.535522937 0.526237651 0.539579575 0.535980417 0.518839869 0.548387424 0.506204429 0.497708081 0.487793716 0.571205838 0.542136443 0.549339894 0.563254241 0.448930248 0.491167449 0.496807752 0.479541378 0.474867806 1.052348004 
19     0.441292950 0.420505972 0.423831576 0.395570816 0.370060368 0.396754350 0.403697796 0.390136549 0.395383170 0.381582147 0.380106132 0.374394080 0.351625720 0.338938102 0.363320604 0.155951361 0.148223054 0.145716623 0.114474931 0.000000000 0.062544888 0.068213610 0.482247886 0.487741104 0.485601492 0.583524844 0.538054935 0.533929244 0.531058187 0.527265322 0.532267752 0.525925945 0.533147602 0.523862316 0.537204240 0.533605081 0.516425214 0.546008252 0.503353878 0.495339756 0.485432999 0.569634042 0.540100361 0.547303812 0.561346317 0.446309392 0.488545480 0.494090740 0.476764931 0.472091359 1.049722047 
6     0.447307800 0.426520822 0.429846426 0.401586967 0.376076518 0.402770501 0.409713947 0.396152700 0.401399321 0.387598298 0.386122283 0.380408931 0.357638805 0.344984277 0.369336418 0.162582733 0.146621165 0.151793575 0.123163469 0.062544888 0.000000000 0.076227665 0.488389551 0.493878124 0.491738512 0.589706911 0.544237001 0.540126785 0.537255728 0.533462863 0.538465293 0.532125253 0.539346909 0.530061623 0.543403547 0.539804389 0.522520455 0.552211396 0.509551419 0.501537297 0.491630540 0.575832362 0.546295203 0.553498655 0.567437453 0.452482073 0.494711699 0.500272807 0.482946998 0.478273426 1.055903774 
18     0.440631045 0.419844067 0.423169671 0.394908912 0.369398463 0.396092446 0.403035891 0.389474645 0.394721265 0.380920242 0.379444227 0.373732176 0.350961137 0.338437326 0.362789467 0.154422866 0.145680957 0.142184621 0.111705567 0.068213610 0.076227665 0.000000000 0.481766900 0.487260118 0.485120506 0.583037054 0.537566547 0.533456929 0.530585871 0.526793007 0.531795437 0.525455397 0.532677054 0.523391767 0.536733691 0.533134533 0.515954666 0.545541541 0.502881563 0.494867441 0.484960684 0.569162508 0.539625348 0.546828800 0.560767599 0.445806021 0.488041842 0.493602950 0.476276985 0.471603412 1.049233916 
46     0.511207185 0.490523486 0.494307632 0.468527114 0.444455427 0.470987075 0.473532306 0.462726387 0.468042032 0.452827993 0.451942593 0.448127337 0.433192536 0.422827863 0.443874517 0.508373452 0.498216609 0.492766486 0.485288469 0.482247886 0.488389551 0.481766900 0.000000000 0.075899396 0.073562105 0.438188716 0.391410807 0.385933006 0.383036199 0.379388138 0.383661051 0.378587730 0.385837547 0.377829319 0.391904428 0.388344855 0.372172398 0.396342870 0.355970839 0.346392739 0.335317835 0.420281852 0.391202363 0.398826410 0.414645634 0.300788403 0.342700829 0.347572043 0.331152029 0.326134429 0.945773322 
37     0.516192431 0.495554078 0.499334561 0.473560040 0.449483265 0.476014913 0.478472807 0.467666888 0.472982533 0.457768494 0.456883094 0.453073484 0.438051439 0.427721696 0.448752764 0.513432840 0.503595819 0.498145696 0.490347857 0.487741104 0.493878124 0.487260118 0.075899396 0.000000000 0.043201877 0.441721940 0.394985958 0.389501264 0.386604457 0.382958208 0.387234894 0.382069358 0.389386900 0.381404477 0.395477098 0.391877940 0.375703310 0.399894894 0.359469532 0.349891432 0.338817913 0.423792027 0.394659713 0.402336585 0.418155809 0.304163811 0.346076237 0.350948810 0.334728209 0.329710609 0.949232698 
36     0.514052819 0.493414225 0.497194948 0.471420427 0.447343653 0.473875301 0.476333195 0.465527276 0.470842921 0.455628882 0.454743482 0.450933872 0.435911827 0.425582084 0.446613151 0.511293228 0.501456207 0.496006084 0.488208244 0.485601492 0.491738512 0.485120506 0.073562105 0.043201877 0.000000000 0.439582436 0.392846454 0.387361760 0.384464952 0.380822360 0.385095389 0.379929853 0.387247396 0.379264973 0.393337594 0.389738435 0.373563806 0.397755390 0.357330028 0.347751927 0.336759936 0.421652523 0.392520209 0.400197081 0.416016305 0.302024300 0.343936726 0.348809300 0.332588698 0.327571098 0.947093086 
33     0.612317463 0.591757238 0.595365617 0.571435440 0.547258941 0.573636470 0.576413894 0.566124340 0.571439984 0.556609308 0.556136770 0.550583649 0.533535087 0.525609645 0.546499924 0.610398912 0.601076518 0.595626395 0.586048891 0.583524844 0.589706911 0.583037054 0.438188716 0.441721940 0.439582436 0.000000000 0.392594252 0.386526135 0.383555401 0.380441166 0.386817487 0.373883445 0.380975372 0.373793922 0.388028907 0.384432110 0.369270114 0.391311632 0.353092114 0.342890972 0.332204684 0.413965923 0.385599679 0.392852316 0.409042072 0.398847808 0.440508083 0.445891376 0.430030829 0.425071057 1.051307822 
49     0.566483856 0.545725162 0.549261848 0.524567152 0.500565350 0.527058207 0.529182942 0.519093431 0.524409076 0.509641411 0.509105861 0.503937887 0.488137345 0.479774809 0.500659284 0.564945458 0.555608845 0.550159321 0.540533229 0.538054935 0.544237001 0.537566547 0.391410807 0.394985958 0.392846454 0.392594252 0.000000000 0.305817437 0.303210618 0.297379750 0.305800099 0.331920068 0.339816588 0.332291990 0.346553644 0.342956526 0.327841887 0.349372592 0.310577850 0.300437738 0.288075086 0.372884336 0.343843853 0.350477910 0.366450311 0.352010352 0.393233061 0.399536072 0.383023530 0.378051387 0.997736919 
26     0.563691640 0.542954419 0.546562798 0.521198132 0.496943504 0.523321033 0.525882488 0.515792984 0.521108629 0.506466904 0.505805414 0.500466840 0.483990701 0.475929974 0.496830616 0.560818787 0.551499228 0.546049105 0.536423630 0.533929244 0.540126785 0.533456929 0.385933006 0.389501264 0.387361760 0.386526135 0.305817437 0.000000000 0.043500446 0.174764547 0.183559294 0.323325448 0.330662352 0.323104731 0.337348481 0.333749685 0.318569981 0.340197691 0.302472671 0.292221091 0.280102550 0.364098613 0.335056170 0.341060622 0.357199990 0.346489749 0.387856734 0.393763914 0.377226369 0.372265603 0.996438142 
25     0.560820582 0.540083361 0.543691740 0.518327074 0.494072446 0.520449975 0.523011431 0.512921926 0.518237571 0.503595846 0.502934357 0.497595782 0.481119643 0.473058917 0.493959558 0.557947729 0.548628170 0.543178047 0.533552572 0.531058187 0.537255728 0.530585871 0.383036199 0.386604457 0.384464952 0.383555401 0.303210618 0.043500446 0.000000000 0.172440806 0.180916210 0.320356168 0.327693072 0.320135451 0.334379202 0.330780405 0.315621842 0.337228412 0.299502260 0.289250680 0.277133270 0.361128202 0.332085759 0.338090211 0.354229580 0.343666706 0.384996449 0.390903629 0.374366084 0.369405318 0.993566974 
23     0.556980261 0.536243041 0.539851420 0.514486772 0.490224749 0.516602278 0.519165076 0.509028644 0.514344289 0.499702564 0.499041074 0.493742555 0.477312432 0.469266052 0.490166694 0.554154865 0.544835305 0.539385183 0.529759708 0.527265322 0.533462863 0.526793007 0.379388138 0.382958208 0.380822360 0.380441166 0.297379750 0.174764547 0.172440806 0.000000000 0.097466011 0.317184658 0.324328477 0.316985507 0.331218880 0.327630461 0.312465130 0.334663756 0.296371944 0.286127239 0.274065356 0.357792709 0.328778223 0.334832188 0.350971557 0.340045926 0.381356716 0.387267815 0.370730593 0.365769827 0.992490600 
43     0.561910213 0.541224921 0.544833300 0.519468653 0.495213359 0.521590888 0.524189979 0.514053547 0.519369191 0.504727467 0.504065977 0.498723188 0.482307518 0.474290955 0.495191596 0.559157295 0.549837736 0.544387613 0.534762138 0.532267752 0.538465293 0.531795437 0.383661051 0.387234894 0.385095389 0.386817487 0.305800099 0.183559294 0.180916210 0.097466011 0.000000000 0.323378186 0.330592677 0.323167767 0.337401140 0.333812721 0.318658658 0.340757075 0.302776957 0.292532251 0.280551473 0.364363925 0.335369631 0.341423596 0.357562965 0.344985651 0.386189390 0.392832231 0.376295009 0.371334243 0.994725027 
47     0.555213229 0.534476008 0.538079196 0.513548557 0.488811793 0.515175299 0.517719252 0.507573639 0.512889284 0.497977823 0.497586069 0.491849520 0.476043625 0.468500065 0.489402864 0.552817255 0.543497696 0.538047573 0.528301281 0.525925945 0.532125253 0.525455397 0.378587730 0.382069358 0.379929853 0.373883445 0.331920068 0.323325448 0.320356168 0.317184658 0.323378186 0.000000000 0.137833500 0.153675728 0.168819720 0.165220145 0.150647346 0.250610262 0.234799168 0.224077569 0.213141228 0.299094953 0.270584608 0.279298921 0.295770458 0.341790278 0.383101974 0.388612201 0.372447541 0.367461415 0.990323936 
42     0.562470717 0.541733496 0.545336920 0.520804820 0.496069241 0.522432746 0.525040956 0.514823876 0.520139521 0.505228060 0.504836306 0.499095354 0.483281446 0.475732366 0.496635260 0.560038912 0.550719352 0.545269229 0.535522937 0.533147602 0.539346909 0.532677054 0.385837547 0.389386900 0.387247396 0.380975372 0.339816588 0.330662352 0.327693072 0.324328477 0.330592677 0.137833500 0.000000000 0.160551761 0.173443218 0.171011782 0.157047456 0.258532136 0.241996797 0.231289557 0.220137349 0.306115227 0.277601668 0.286291797 0.302695667 0.348989942 0.390284268 0.395724552 0.379422953 0.374436827 0.997552338 
28     0.553597286 0.532860065 0.536461480 0.511925562 0.487336590 0.513717107 0.516095727 0.505883782 0.511199427 0.496287494 0.495896212 0.490004733 0.474748275 0.466746788 0.487650553 0.550753625 0.541434066 0.535983943 0.526237651 0.523862316 0.530061623 0.523391767 0.377829319 0.381404477 0.379264973 0.373793922 0.332291990 0.323104731 0.320135451 0.316985507 0.323167767 0.153675728 0.160551761 0.000000000 0.084197043 0.081930684 0.114144418 0.251684134 0.235789620 0.225080988 0.213067307 0.299470440 0.270909552 0.279679697 0.296176529 0.341103312 0.382322636 0.387930490 0.371760576 0.366774449 0.989385036 
29     0.566665812 0.545928591 0.549528395 0.524994088 0.500509372 0.526872878 0.529065571 0.518693221 0.523869233 0.509097373 0.508705651 0.502891182 0.487918977 0.480014170 0.500916969 0.564095549 0.554775990 0.549325867 0.539579575 0.537204240 0.543403547 0.536733691 0.391904428 0.395477098 0.393337594 0.388028907 0.346553644 0.337348481 0.334379202 0.331218880 0.337401140 0.168819720 0.173443218 0.084197043 0.000000000 0.057537076 0.129396457 0.266137822 0.250068690 0.239360058 0.227203960 0.313690916 0.285088351 0.293840638 0.310338264 0.355253125 0.396536910 0.402045614 0.385911473 0.380925306 1.003178464 
48     0.563066653 0.542329433 0.545929237 0.521394929 0.496910214 0.523273719 0.525466413 0.515094063 0.520270074 0.505498215 0.505106493 0.499292024 0.484319818 0.476415012 0.497317811 0.560496391 0.551176832 0.545726709 0.535980417 0.533605081 0.539804389 0.533134533 0.388344855 0.391877940 0.389738435 0.384432110 0.342956526 0.333749685 0.330780405 0.327630461 0.333812721 0.165220145 0.171011782 0.081930684 0.057537076 0.000000000 0.126799122 0.262296380 0.246565657 0.235857025 0.223818675 0.310034526 0.281435146 0.290187696 0.306691391 0.351653966 0.392937752 0.398446456 0.382312315 0.377326147 0.999579306 
40     0.548130836 0.527393616 0.530997923 0.506459112 0.481660397 0.508023902 0.510796470 0.500584525 0.505900169 0.490988677 0.490596955 0.484816712 0.468951352 0.460633538 0.481537869 0.543316524 0.533484303 0.528546842 0.518839869 0.516425214 0.522520455 0.515954666 0.372172398 0.375703310 0.373563806 0.369270114 0.327841887 0.318569981 0.315621842 0.312465130 0.318658658 0.150647346 0.157047456 0.114144418 0.129396457 0.126799122 0.000000000 0.247028014 0.231472008 0.220763376 0.208676824 0.293685947 0.266211411 0.274444080 0.290793475 0.335391852 0.376681484 0.382219030 0.366049115 0.361063049 0.981355994 
50     0.575149809 0.554327026 0.558019734 0.533155023 0.508879239 0.535242744 0.536260310 0.527672322 0.532987967 0.517563167 0.517684753 0.512040428 0.495815408 0.487967445 0.508863584 0.572903398 0.563583839 0.558133716 0.548387424 0.546008252 0.552211396 0.545541541 0.396342870 0.399894894 0.397755390 0.391311632 0.349372592 0.340197691 0.337228412 0.334663756 0.340757075 0.250610262 0.258532136 0.251684134 0.266137822 0.262296380 0.247028014 0.000000000 0.250610191 0.239696452 0.230425595 0.317567697 0.289488016 0.298313616 0.314731350 0.359651750 0.401062924 0.406524688 0.390308930 0.385296078 1.008816350 
35     0.532311114 0.511573893 0.515179713 0.490434836 0.466156665 0.492418363 0.494462525 0.485750524 0.491139218 0.476177249 0.475821335 0.470229166 0.452286411 0.446513168 0.467416166 0.530985716 0.521666157 0.516216034 0.506204429 0.503353878 0.509551419 0.502881563 0.355970839 0.359469532 0.357330028 0.353092114 0.310577850 0.302472671 0.299502260 0.296371944 0.302776957 0.234799168 0.241996797 0.235789620 0.250068690 0.246565657 0.231472008 0.250610191 0.000000000 0.090414351 0.141959646 0.281446513 0.252133493 0.261200772 0.277133104 0.318973514 0.360418821 0.364751692 0.348977570 0.343993904 0.970578972 
44     0.524295591 0.503558370 0.507164190 0.482471665 0.458193494 0.484429108 0.485659195 0.476957716 0.482335895 0.467371165 0.467018012 0.461425847 0.444512431 0.437705862 0.458612850 0.522229299 0.512909739 0.507459616 0.497708081 0.495339756 0.501537297 0.494867441 0.346392739 0.349891432 0.347751927 0.342890972 0.300437738 0.292221091 0.289250680 0.286127239 0.292532251 0.224077569 0.231289557 0.225080988 0.239360058 0.235857025 0.220763376 0.239696452 0.090414351 0.000000000 0.131293366 0.270875914 0.241577809 0.250645088 0.266577421 0.309413923 0.350860320 0.355223397 0.339460739 0.334477073 0.961174403 
34     0.514515793 0.493778572 0.497384392 0.472614744 0.448351844 0.474663595 0.476487750 0.467058768 0.472415990 0.457533462 0.457121311 0.451436379 0.435276713 0.427554218 0.448457574 0.512322542 0.503002983 0.497552860 0.487793716 0.485432999 0.491630540 0.484960684 0.335317835 0.338817913 0.336759936 0.332204684 0.288075086 0.280102550 0.277133270 0.274065356 0.280551473 0.213141228 0.220137349 0.213067307 0.227203960 0.223818675 0.208676824 0.230425595 0.141959646 0.131293366 0.000000000 0.258076288 0.229259057 0.238684652 0.254614215 0.298709916 0.340160220 0.345388921 0.329219822 0.324236305 0.950581686 
31     0.599153605 0.578410767 0.582016923 0.556910638 0.532654122 0.559017627 0.561732977 0.551515764 0.556831409 0.541722226 0.541528195 0.535779125 0.519468525 0.511683222 0.532585156 0.596524366 0.587204807 0.581754684 0.571205838 0.569634042 0.575832362 0.569162508 0.420281852 0.423792027 0.421652523 0.413965923 0.372884336 0.364098613 0.361128202 0.357792709 0.364363925 0.299094953 0.306115227 0.299470440 0.313690916 0.310034526 0.293685947 0.317567697 0.281446513 0.270875914 0.258076288 0.000000000 0.201646194 0.212862996 0.229099297 0.383622276 0.424975435 0.430477348 0.413917576 0.408998644 1.034580932 
38     0.569285624 0.548548403 0.552154559 0.527034012 0.502791757 0.529155263 0.531874861 0.521657648 0.526973293 0.512011856 0.511670078 0.505921009 0.489676142 0.482143753 0.503045686 0.566990684 0.557671125 0.552221002 0.542136443 0.540100361 0.546295203 0.539625348 0.391202363 0.394659713 0.392520209 0.385599679 0.343843853 0.335056170 0.332085759 0.328778223 0.335369631 0.270584608 0.277601668 0.270909552 0.285088351 0.281435146 0.266211411 0.289488016 0.252133493 0.241577809 0.229259057 0.201646194 0.000000000 0.144852089 0.159037307 0.354130485 0.395483644 0.400636269 0.383980438 0.379215622 1.005546130 
24     0.576854513 0.556117293 0.559723448 0.534602902 0.510360647 0.536724152 0.539439503 0.529222290 0.534537934 0.519368236 0.519234720 0.513485650 0.497052821 0.488435217 0.509312527 0.574194136 0.564874577 0.559424454 0.549339894 0.547303812 0.553498655 0.546828800 0.398826410 0.402336585 0.400197081 0.392852316 0.350477910 0.341060622 0.338090211 0.334832188 0.341423596 0.279298921 0.286291797 0.279679697 0.293840638 0.290187696 0.274444080 0.298313616 0.261200772 0.250645088 0.238684652 0.212862996 0.144852089 0.000000000 0.106271486 0.362112258 0.403464888 0.408908946 0.392409492 0.387490469 1.013096287 
39     0.592223381 0.571486160 0.575092316 0.549971769 0.525729514 0.552093020 0.554808370 0.544591157 0.549906802 0.534737103 0.534603587 0.528854518 0.512361287 0.503754209 0.524631519 0.588236640 0.578917081 0.573466958 0.563254241 0.561346317 0.567437453 0.560767599 0.414645634 0.418155809 0.416016305 0.409042072 0.366450311 0.357199990 0.354229580 0.350971557 0.357562965 0.295770458 0.302695667 0.296176529 0.310338264 0.306691391 0.290793475 0.314731350 0.277133104 0.266577421 0.254614215 0.229099297 0.159037307 0.106271486 0.000000000 0.377934963 0.419288121 0.424729484 0.408230089 0.403311066 1.028915511 
41     0.474372712 0.453613125 0.457223078 0.431276304 0.406458736 0.432955929 0.436181547 0.425565580 0.430881224 0.416309183 0.415483159 0.410233001 0.396379748 0.387461268 0.408465848 0.471839369 0.463883240 0.458483178 0.448930248 0.446309392 0.452482073 0.445806021 0.300788403 0.304163811 0.302024300 0.398847808 0.352010352 0.346489749 0.343666706 0.340045926 0.344985651 0.341790278 0.348989942 0.341103312 0.355253125 0.351653966 0.335391852 0.359651750 0.318973514 0.309413923 0.298709916 0.383622276 0.354130485 0.362112258 0.377934963 0.000000000 0.187428594 0.230069833 0.211182371 0.206047811 0.911441833 
32     0.516601477 0.495840868 0.499452429 0.473376033 0.448470402 0.474676525 0.478604450 0.467641675 0.472957320 0.458385279 0.457559254 0.452294677 0.438274209 0.429558242 0.450445575 0.514067536 0.506122009 0.500671886 0.491167449 0.488545480 0.494711699 0.488041842 0.342700829 0.346076237 0.343936726 0.440508083 0.393233061 0.387856734 0.384996449 0.381356716 0.386189390 0.383101974 0.390284268 0.382322636 0.396536910 0.392937752 0.376681484 0.401062924 0.360418821 0.350860320 0.340160220 0.424975435 0.395483644 0.403464888 0.419288121 0.187428594 0.000000000 0.273282893 0.254251053 0.249104995 0.952994653 
30     0.522006438 0.501245829 0.504857390 0.478942267 0.454131582 0.480626063 0.484415606 0.473382222 0.478697866 0.464125825 0.463299801 0.458033254 0.444169606 0.435330080 0.455582523 0.519592120 0.511662522 0.506212399 0.496807752 0.494090740 0.500272807 0.493602950 0.347572043 0.350948810 0.348809300 0.445891376 0.399536072 0.393763914 0.390903629 0.387267815 0.392832231 0.388612201 0.395724552 0.387930490 0.402045614 0.398446456 0.382219030 0.406524688 0.364751692 0.355223397 0.345388921 0.430477348 0.400636269 0.408908946 0.424729484 0.230069833 0.273282893 0.000000000 0.191961511 0.185867026 0.955846180 
27     0.504333087 0.483627535 0.487218324 0.461459744 0.436510535 0.463005016 0.466734539 0.455701155 0.461016800 0.446444759 0.445618734 0.440277302 0.426742404 0.417869245 0.438360305 0.502111074 0.494495939 0.489045816 0.479541378 0.476764931 0.482946998 0.476276985 0.331152029 0.334728209 0.332588698 0.430030829 0.383023530 0.377226369 0.374366084 0.370730593 0.376295009 0.372447541 0.379422953 0.371760576 0.385911473 0.382312315 0.366049115 0.390308930 0.348977570 0.339460739 0.329219822 0.413917576 0.383980438 0.392409492 0.408230089 0.211182371 0.254251053 0.191961511 0.000000000 0.066298775 0.940809100 
45     0.499954771 0.479329061 0.482805723 0.456857225 0.431908015 0.458402497 0.462132020 0.451098636 0.456414280 0.441842239 0.441016215 0.435674782 0.422115095 0.413246943 0.433738003 0.497437502 0.489822367 0.484372244 0.474867806 0.472091359 0.478273426 0.471603412 0.326134429 0.329710609 0.327571098 0.425071057 0.378051387 0.372265603 0.369405318 0.365769827 0.371334243 0.367461415 0.374436827 0.366774449 0.380925306 0.377326147 0.361063049 0.385296078 0.343993904 0.334477073 0.324236305 0.408998644 0.379215622 0.387490469 0.403311066 0.206047811 0.249104995 0.185867026 0.066298775 0.000000000 0.935865120 
0     1.082685738 1.060900649 1.065460223 1.039154641 1.014641993 1.041134350 1.044146222 1.032751029 1.038066674 1.024089874 1.023150827 1.017917100 0.999587097 0.993324832 1.014886234 1.076031378 1.067393332 1.061943209 1.052348004 1.049722047 1.055903774 1.049233916 0.945773322 0.949232698 0.947093086 1.051307822 0.997736919 0.996438142 0.993566974 0.992490600 0.994725027 0.990323936 0.997552338 0.989385036 1.003178464 0.999579306 0.981355994 1.008816350 0.970578972 0.961174403 0.950581686 1.034580932 1.005546130 1.013096287 1.028915511 0.911441833 0.952994653 0.955846180 0.940809100 0.935865120 0.000000000 
