51
20     0.000000000 0.312858552 0.309031700 0.310652653 0.306660523 0.357437363 0.228778259 0.596347790 0.901631503 0.786000520 0.773445314 0.770819172 1.035248009 1.071296095 1.552665196 1.033904733 0.827722803 0.936500874 0.852511219 0.855723542 0.978798491 0.950083104 0.878969173 1.262495131 0.763783749 0.988222309 0.928392760 1.074012189 1.076118553 1.043273491 1.032324082 1.034260516 1.165352378 1.216433756 1.310686378 1.136729538 1.029861997 1.088256893 1.088809145 1.167218747 1.061502839 1.066029986 1.105751611 1.501056329 1.307008379 1.335595592 1.313541811 1.279445399 1.003827927 1.038504234 2.059985727 
15     0.312858552 0.000000000 0.063780597 0.105148542 0.094256287 0.262962775 0.253542224 0.694116012 1.001440336 0.885809353 0.873254147 0.870628004 1.135056842 1.171250757 1.652474028 1.133771027 0.927253386 1.035228936 0.951975560 0.955254125 1.078329075 1.049613687 0.978499757 1.362025715 0.863314333 1.088056976 1.028227427 1.174524053 1.176630416 1.143925465 1.132976056 1.134492522 1.265584384 1.316558894 1.410293272 1.236072262 1.129785712 1.188016178 1.188568431 1.265035950 1.160253564 1.164456001 1.204457934 1.601045617 1.406997667 1.435584880 1.413531100 1.379434687 1.103931845 1.138493522 2.160259943 
35     0.309031700 0.063780597 0.000000000 0.097316926 0.089573592 0.258001464 0.249294853 0.690362552 0.998181174 0.882550191 0.869994985 0.867368843 1.131797680 1.167991595 1.649214866 1.130511865 0.923994224 1.031969774 0.948669116 0.951994963 1.075069913 1.046354525 0.975240595 1.358766553 0.860055171 1.084797814 1.024968265 1.171264891 1.173371254 1.140666303 1.129716894 1.131233360 1.262325222 1.313299732 1.407034110 1.232813100 1.126526550 1.184757016 1.185309269 1.261776788 1.156994402 1.161196839 1.201198772 1.597786456 1.403738505 1.432325718 1.410271938 1.376175525 1.100672683 1.135234361 2.157000781 
18     0.310652653 0.105148542 0.097316926 0.000000000 0.067528577 0.259246769 0.249888204 0.691656298 0.999541503 0.883910520 0.871355314 0.868729171 1.133158009 1.169351924 1.650575195 1.131896469 0.926154435 1.034129985 0.950876608 0.954155174 1.077230123 1.048514735 0.977400805 1.360926763 0.862215381 1.086815398 1.026985849 1.173282475 1.175388839 1.142683888 1.131734478 1.133250945 1.264342807 1.315317317 1.409051694 1.235177737 1.128644230 1.186463430 1.187015682 1.264615764 1.159709376 1.163828507 1.203958148 1.598745103 1.404697153 1.433284366 1.411230585 1.377134173 1.100392072 1.135135059 2.158296828 
3     0.306660523 0.094256287 0.089573592 0.067528577 0.000000000 0.254253334 0.245169934 0.687312842 0.996218392 0.880587409 0.868032203 0.865406061 1.129834898 1.166028813 1.647252084 1.128573358 0.922791399 1.030766949 0.947513572 0.950792138 1.073867087 1.045151700 0.974037769 1.357563727 0.858852345 1.083452363 1.023622813 1.169919439 1.172025803 1.139320852 1.128371443 1.129887909 1.260979771 1.311954281 1.405688658 1.231814701 1.125281194 1.183100394 1.183652646 1.261252728 1.156346340 1.160465472 1.200595112 1.595732704 1.401684753 1.430271966 1.408218186 1.374121773 1.098618931 1.133180609 2.154951756 
11     0.357437363 0.262962775 0.258001464 0.259246769 0.254253334 0.000000000 0.294319347 0.736607901 1.040017848 0.925053238 0.913100903 0.910474761 1.174640904 1.210834819 1.692058090 1.173834601 0.967866386 1.075841937 0.992502338 0.995867126 1.118942075 1.090226687 1.019112757 1.402638715 0.903927333 1.128323253 1.068493703 1.214652382 1.216758745 1.184158841 1.173209432 1.174725898 1.305521766 1.356651350 1.450651235 1.276839595 1.170306089 1.228125288 1.228677541 1.306056515 1.201371234 1.204877553 1.245620006 1.641154912 1.447106962 1.475694175 1.453640394 1.419543982 1.144041140 1.178602817 2.200146286 
36     0.228778259 0.253542224 0.249294853 0.249888204 0.245169934 0.294319347 0.000000000 0.611964924 0.917783508 0.802152525 0.789577685 0.786951542 1.051380380 1.087574295 1.568797566 1.049715015 0.843445669 0.951492202 0.868196960 0.871459975 0.994534924 0.965819537 0.894705606 1.278231564 0.779520182 1.004094847 0.944265298 1.090511732 1.092596836 1.059913145 1.048963736 1.050480202 1.181550804 1.232512027 1.326464289 1.152665875 1.046132368 1.103878087 1.104430339 1.182025905 1.077124033 1.081651180 1.121372805 1.515504889 1.321456939 1.350044152 1.327990371 1.293893959 1.016219292 1.050902303 2.070786024 
17     0.596347790 0.694116012 0.690362552 0.691656298 0.687312842 0.736607901 0.611964924 0.000000000 1.031526472 0.915881408 0.903454327 0.900828184 1.165287617 1.201736603 1.682704803 1.164449227 0.958330522 1.067314288 0.983371506 0.986331261 1.109406211 1.080690823 1.009576893 1.393102851 0.894391469 1.118991486 1.059161937 1.205339726 1.207446090 1.174741139 1.163791729 1.165308196 1.296400058 1.347115380 1.441227782 1.267776725 1.161243218 1.219137460 1.219689713 1.297690132 1.192383406 1.196925937 1.236632178 1.631222614 1.437174664 1.465761877 1.443708096 1.409611684 1.134539359 1.168670519 2.190623758 
2     0.901631503 1.001440336 0.998181174 0.999541503 0.996218392 1.040017848 0.917783508 1.031526472 0.000000000 0.419875742 0.528801634 0.526341459 0.842559962 0.879465153 1.359045595 1.070664924 0.866652140 0.976054654 0.891958880 0.894618783 1.017693733 0.988978345 0.917864415 1.301424468 0.803415044 1.026802663 0.967824286 1.114876457 1.116568712 1.084137433 1.073340260 1.074430818 1.205527562 1.257778267 1.350144334 1.176145211 1.068444753 1.128073683 1.128625935 1.205625499 1.100969059 1.105296366 1.145000551 1.591068324 1.397021242 1.425608455 1.403554675 1.369458262 1.095042175 1.128617727 2.141737782 
10     0.786000520 0.885809353 0.882550191 0.883910520 0.880587409 0.925053238 0.802152525 0.915881408 0.419875742 0.000000000 0.414402317 0.412411858 0.727118895 0.764024086 1.243287173 0.955091170 0.751938103 0.861287494 0.777244844 0.779904747 0.902979696 0.874264308 0.803150378 1.186710432 0.688763607 0.912518882 0.853605431 1.000225019 1.002266819 0.969485996 0.958688823 0.960128925 1.091225669 1.143126830 1.235725020 1.061059023 0.953316881 1.012473255 1.013025508 1.090665558 0.985693406 0.990020713 1.029684823 1.473792175 1.279847361 1.308434574 1.286380793 1.252284381 0.977860732 1.011437991 2.025983403 
19     0.773445314 0.873254147 0.869994985 0.871355314 0.868032203 0.913100903 0.789577685 0.903454327 0.528801634 0.414402317 0.000000000 0.089398664 0.714896485 0.752039581 1.231817963 0.943694008 0.738767215 0.848169729 0.764073956 0.766744830 0.889819780 0.861104392 0.789990462 1.173539544 0.675541091 0.898976257 0.840150747 0.986685006 0.988726806 0.956006316 0.945209143 0.946649245 1.077745989 1.129712380 1.222385939 1.048199357 0.940289379 1.000495606 1.001047858 1.078225148 0.973148108 0.977475414 1.017139524 1.461382365 1.267335283 1.295922496 1.273868715 1.239772303 0.964795529 0.998332455 2.015405583 
27     0.770819172 0.870628004 0.867368843 0.868729171 0.865406061 0.910474761 0.786951542 0.900828184 0.526341459 0.412411858 0.089398664 0.000000000 0.712927785 0.750070881 1.229849263 0.941018454 0.735833995 0.845236509 0.761140735 0.763811610 0.886886559 0.858171172 0.787057242 1.170606323 0.672607871 0.895986514 0.837119889 0.983130858 0.985254090 0.952777999 0.941980826 0.943314957 1.074517672 1.126445714 1.219396196 1.045293901 0.937308612 0.997593638 0.998145891 1.075323181 0.970246140 0.974573447 1.014237557 1.458960437 1.264913355 1.293500569 1.271446788 1.237350375 0.962373602 0.995910528 2.012976632 
23     1.035248009 1.135056842 1.131797680 1.133158009 1.129834898 1.174640904 1.051380380 1.165287617 0.842559962 0.727118895 0.714896485 0.712927785 0.000000000 0.189083092 0.988003506 1.203744794 0.999512209 1.108914724 1.024714151 1.027596809 1.150671758 1.121956371 1.050842440 1.434402494 0.936291540 1.158567656 1.101017549 1.247637137 1.249678937 1.216784842 1.206100940 1.207541042 1.338637786 1.390538947 1.483137138 1.308091121 1.199521684 1.259911903 1.260464155 1.338385134 1.232774603 1.237101909 1.276881267 1.724490825 1.530443743 1.559030956 1.536977175 1.502880763 1.228464675 1.262040227 2.276777689 
24     1.071296095 1.171250757 1.167991595 1.169351924 1.166028813 1.210834819 1.087574295 1.201736603 0.879465153 0.764024086 0.752039581 0.750070881 0.189083092 0.000000000 1.025903818 1.240543666 1.036322550 1.145725064 1.061524492 1.064407149 1.187482098 1.158766711 1.087652781 1.471212834 0.973101880 1.195350589 1.137827889 1.284447477 1.286489277 1.253600484 1.242911280 1.244351383 1.375448126 1.427349287 1.519947478 1.344901461 1.236332024 1.296722243 1.297274496 1.375195474 1.269584943 1.273912250 1.313691608 1.761148889 1.567101807 1.595689020 1.573635240 1.539538827 1.265122740 1.298698292 2.313438484 
26     1.552665196 1.652474028 1.649214866 1.650575195 1.647252084 1.692058090 1.568797566 1.682704803 1.359045595 1.243287173 1.231817963 1.229849263 0.988003506 1.025903818 0.000000000 1.721257091 1.517379582 1.626782097 1.542287051 1.545464182 1.668539131 1.639823744 1.568709813 1.952269867 1.454158913 1.676668861 1.618884922 1.765504510 1.767546310 1.734711415 1.723968313 1.725408416 1.856505159 1.908406320 2.001004511 1.826086673 1.718350273 1.777775623 1.778327876 1.856248854 1.750638323 1.754965630 1.794744988 2.241911356 2.047864274 2.076451488 2.054397707 2.020301294 1.745885207 1.779460759 2.794201500 
14     1.033904733 1.133771027 1.130511865 1.131896469 1.128573358 1.173834601 1.049715015 1.164449227 1.070664924 0.955091170 0.943694008 0.941018454 1.203744794 1.240543666 1.721257091 0.000000000 0.975055716 1.084027918 1.000762214 1.003102704 1.126177653 1.097462265 1.026348335 1.409825844 0.910852860 1.135324128 1.073901513 1.221638631 1.223753908 1.191122589 1.180147698 1.181616013 1.312707876 1.364474109 1.457127052 1.283251270 1.176728901 1.235544266 1.236096519 1.314930421 1.209085244 1.213918774 1.253317747 1.720660616 1.527132138 1.555719351 1.533568623 1.499569158 1.225222146 1.258691868 2.273751671 
39     0.827722803 0.927253386 0.923994224 0.926154435 0.922791399 0.967866386 0.843445669 0.958330522 0.866652140 0.751938103 0.738767215 0.735833995 0.999512209 1.036322550 1.517379582 0.975055716 0.000000000 0.266112889 0.209186647 0.229031014 0.353350188 0.323343762 0.251881527 0.635997999 0.159203597 0.541762484 0.481804677 0.632121026 0.634568088 0.603636177 0.591846864 0.592000531 0.723018624 0.775322105 0.862276379 0.853073117 0.749160660 0.809627388 0.810179640 0.888602693 0.783339868 0.787417992 0.827565711 1.513847223 1.320966931 1.349554144 1.327339700 1.293403951 1.017726692 1.052755649 2.067170402 
40     0.936500874 1.035228936 1.031969774 1.034129985 1.030766949 1.075841937 0.951492202 1.067314288 0.976054654 0.861287494 0.848169729 0.845236509 1.108914724 1.145725064 1.626782097 1.084027918 0.266112889 0.000000000 0.314545779 0.340994949 0.465069239 0.435114062 0.363916772 0.748678779 0.269480632 0.651222790 0.591577257 0.741851728 0.744298791 0.713366879 0.701577566 0.701731233 0.832749326 0.885159213 0.973299195 0.963145978 0.858631014 0.918177394 0.918729647 0.997788508 0.891945090 0.896603808 0.936751526 1.623108407 1.430228115 1.458815328 1.436600884 1.402665135 1.127232041 1.162016834 2.176391483 
25     0.852511219 0.951975560 0.948669116 0.950876608 0.947513572 0.992502338 0.868196960 0.983371506 0.891958880 0.777244844 0.764073956 0.761140735 1.024714151 1.061524492 1.542287051 1.000762214 0.209186647 0.314545779 0.000000000 0.257824957 0.383046624 0.353377821 0.282242787 0.667526513 0.186669860 0.566052425 0.506441017 0.657445231 0.659454266 0.628522355 0.617171068 0.616991116 0.748342829 0.800822039 0.887684425 0.879936597 0.775421633 0.834623616 0.835175868 0.913948811 0.808685986 0.812764110 0.852911829 1.538041911 1.345161619 1.373748832 1.351534388 1.317598639 1.041910354 1.076827040 2.092465577 
37     0.855723542 0.955254125 0.951994963 0.954155174 0.950792138 0.995867126 0.871459975 0.986331261 0.894618783 0.779904747 0.766744830 0.763811610 1.027596809 1.064407149 1.545464182 1.003102704 0.229031014 0.340994949 0.257824957 0.000000000 0.304169098 0.277419226 0.203920720 0.592794109 0.180789207 0.570885301 0.510420395 0.662036518 0.664499804 0.633557351 0.621754762 0.621973027 0.752937063 0.805369869 0.892393154 0.880416045 0.775901081 0.837715473 0.838267725 0.916913953 0.811651128 0.815729253 0.855876971 1.541864852 1.348984559 1.377571772 1.355357328 1.321421579 1.045988485 1.080773278 2.095171541 
30     0.978798491 1.078329075 1.075069913 1.077230123 1.073867087 1.118942075 0.994534924 1.109406211 1.017693733 0.902979696 0.889819780 0.886886559 1.150671758 1.187482098 1.668539131 1.126177653 0.353350188 0.465069239 0.383046624 0.304169098 0.000000000 0.222157241 0.276419604 0.713073111 0.306903397 0.692671038 0.632292247 0.783819799 0.786283085 0.755340632 0.743538043 0.743756308 0.874720344 0.927101831 1.014176084 1.003768720 0.899253755 0.961626144 0.962178397 1.040778738 0.935515913 0.939594038 0.979741756 1.664939801 1.472059509 1.500646722 1.478432278 1.444496529 1.169063434 1.203848227 2.218246491 
5     0.950083104 1.049613687 1.046354525 1.048514735 1.045151700 1.090226687 0.965819537 1.080690823 0.988978345 0.874264308 0.861104392 0.858171172 1.121956371 1.158766711 1.639823744 1.097462265 0.323343762 0.435114062 0.353377821 0.277419226 0.222157241 0.000000000 0.244779941 0.687015522 0.276754367 0.663520568 0.603141434 0.755360700 0.757823985 0.726881533 0.715078944 0.715297209 0.846261245 0.898519997 0.985208369 0.974545294 0.870030329 0.932805451 0.933357704 1.011958045 0.906695220 0.910773345 0.950921063 1.636224413 1.443344121 1.471931334 1.449716890 1.415781141 1.140348046 1.175132840 2.189531103 
1     0.878969173 0.978499757 0.975240595 0.977400805 0.974037769 1.019112757 0.894705606 1.009576893 0.917864415 0.803150378 0.789990462 0.787057242 1.050842440 1.087652781 1.568709813 1.026348335 0.251881527 0.363916772 0.282242787 0.203920720 0.276419604 0.244779941 0.000000000 0.613828351 0.207020984 0.592549096 0.532167894 0.684360129 0.686807191 0.655864738 0.644062150 0.644280415 0.775244450 0.827625938 0.914249608 0.903784319 0.799269355 0.861496003 0.862048255 0.940593381 0.835330556 0.839408680 0.879556399 1.565110483 1.372230191 1.400817404 1.378602960 1.344667211 1.069234116 1.104018909 2.118417173 
7     1.262495131 1.362025715 1.358766553 1.360926763 1.357563727 1.402638715 1.278231564 1.393102851 1.301424468 1.186710432 1.173539544 1.170606323 1.434402494 1.471212834 1.952269867 1.409825844 0.635997999 0.748678779 0.667526513 0.592794109 0.713073111 0.687015522 0.613828351 0.000000000 0.590215331 0.974839324 0.914463146 1.066505630 1.068968915 1.038037003 1.026234415 1.026401358 1.157406175 1.209798165 1.296498581 1.287678067 1.183163102 1.244832658 1.245384911 1.323985252 1.218722427 1.222800551 1.262948270 1.948636441 1.755756149 1.784343362 1.762128918 1.728193169 1.452760074 1.487544867 2.501943131 
34     0.763783749 0.863314333 0.860055171 0.862215381 0.858852345 0.903927333 0.779520182 0.894391469 0.803415044 0.688763607 0.675541091 0.672607871 0.936291540 0.973101880 1.454158913 0.910852860 0.159203597 0.269480632 0.186669860 0.180789207 0.306903397 0.276754367 0.207020984 0.590215331 0.000000000 0.477874084 0.418080990 0.568176072 0.570218881 0.539003754 0.527641174 0.527556315 0.659017550 0.711577371 0.798923639 0.789310395 0.684795431 0.745923471 0.746475723 0.824972691 0.719741524 0.723819648 0.763963359 1.449937350 1.257057057 1.285644270 1.263429826 1.229494077 0.954198499 0.988845776 2.003235447 
16     0.988222309 1.088056976 1.084797814 1.086815398 1.083452363 1.128323253 1.004094847 1.118991486 1.026802663 0.912518882 0.898976257 0.895986514 1.158567656 1.195350589 1.676668861 1.135324128 0.541762484 0.651222790 0.566052425 0.570885301 0.692671038 0.663520568 0.592549096 0.974839324 0.477874084 0.000000000 0.289351859 0.625276886 0.627443661 0.596527947 0.584489939 0.586358403 0.715152473 0.770635649 0.898637089 1.016706279 0.911692973 0.970042983 0.970269102 1.048868548 0.943014952 0.947357713 0.986899673 1.675267535 1.482386115 1.510973329 1.488758885 1.454823136 1.179399178 1.214142030 2.229912228 
13     0.928392760 1.028227427 1.024968265 1.026985849 1.023622813 1.068493703 0.944265298 1.059161937 0.967824286 0.853605431 0.840150747 0.837119889 1.101017549 1.137827889 1.618884922 1.073901513 0.481804677 0.591577257 0.506441017 0.510420395 0.632292247 0.603141434 0.532167894 0.914463146 0.418080990 0.289351859 0.000000000 0.562884690 0.564503785 0.531687944 0.519685777 0.521892231 0.651499993 0.705989818 0.837967008 0.954360376 0.849347071 0.908071242 0.908297360 0.986829395 0.880956915 0.885292593 0.924848893 1.615211401 1.422329981 1.450917194 1.428702750 1.394767001 1.119366137 1.154108988 2.169838404 
38     1.074012189 1.174524053 1.171264891 1.173282475 1.169919439 1.214652382 1.090511732 1.205339726 1.114876457 1.000225019 0.986685006 0.983130858 1.247637137 1.284447477 1.765504510 1.221638631 0.632121026 0.741851728 0.657445231 0.662036518 0.783819799 0.755360700 0.684360129 1.066505630 0.568176072 0.625276886 0.562884690 0.000000000 0.194423060 0.331624413 0.322907543 0.321942053 0.448807949 0.561291061 0.984741089 1.102711474 0.998566190 1.058849795 1.059402048 1.137494131 1.031966669 1.036309430 1.075851389 1.760980794 1.568111609 1.596698822 1.574484378 1.541082024 1.262269399 1.300020694 2.316375881 
31     1.076118553 1.176630416 1.173371254 1.175388839 1.172025803 1.216758745 1.092596836 1.207446090 1.116568712 1.002266819 0.988726806 0.985254090 1.249678937 1.286489277 1.767546310 1.223753908 0.634568088 0.744298791 0.659454266 0.664499804 0.786283085 0.757823985 0.686807191 1.068968915 0.570218881 0.627443661 0.564503785 0.194423060 0.000000000 0.328530536 0.321472893 0.315347107 0.450086571 0.567016938 0.986848231 1.104681022 1.000535737 1.060504106 1.061056359 1.139148442 1.033620980 1.037963741 1.077505701 1.763087157 1.570217973 1.598805186 1.576590742 1.543188388 1.264459476 1.302127058 2.318482245 
9     1.043273491 1.143925465 1.140666303 1.142683888 1.139320852 1.184158841 1.059913145 1.174741139 1.084137433 0.969485996 0.956006316 0.952777999 1.216784842 1.253600484 1.734711415 1.191122589 0.603636177 0.713366879 0.628522355 0.633557351 0.755340632 0.726881533 0.655864738 1.038037003 0.539003754 0.596527947 0.531687944 0.331624413 0.328530536 0.000000000 0.077232472 0.176166756 0.326478881 0.520901191 0.954260812 1.073730160 0.968825987 1.028657387 1.029209639 1.107301722 1.001774261 1.006117022 1.045658981 1.730355398 1.537486213 1.566073427 1.543858982 1.510456628 1.232112260 1.269395299 2.279645359 
32     1.032324082 1.132976056 1.129716894 1.131734478 1.128371443 1.173209432 1.048963736 1.163791729 1.073340260 0.958688823 0.945209143 0.941980826 1.206100940 1.242911280 1.723968313 1.180147698 0.591846864 0.701577566 0.617171068 0.621754762 0.743538043 0.715078944 0.644062150 1.026234415 0.527641174 0.584489939 0.519685777 0.322907543 0.321472893 0.077232472 0.000000000 0.172106216 0.314898272 0.510689100 0.942507030 1.062267174 0.957363001 1.017496844 1.018049097 1.096141180 0.990613718 0.994956479 1.034498438 1.719405989 1.526536804 1.555124017 1.532909573 1.499507219 1.221162850 1.258445889 2.268695949 
28     1.034260516 1.134492522 1.131233360 1.133250945 1.129887909 1.174725898 1.050480202 1.165308196 1.074430818 0.960128925 0.946649245 0.943314957 1.207541042 1.244351383 1.725408416 1.181616013 0.592000531 0.701731233 0.616991116 0.621973027 0.743756308 0.715297209 0.644280415 1.026401358 0.527556315 0.586358403 0.521892231 0.321942053 0.315347107 0.176166756 0.172106216 0.000000000 0.322052356 0.512274266 0.943664821 1.061229758 0.957750777 1.018301521 1.018853774 1.096945857 0.991418395 0.995761156 1.035303116 1.720949263 1.528080079 1.556667292 1.534452848 1.501050493 1.222706125 1.259989164 2.276344351 
22     1.165352378 1.265584384 1.262325222 1.264342807 1.260979771 1.305521766 1.181550804 1.296400058 1.205527562 1.091225669 1.077745989 1.074517672 1.338637786 1.375448126 1.856505159 1.312707876 0.723018624 0.832749326 0.748342829 0.752937063 0.874720344 0.846261245 0.775244450 1.157406175 0.659017550 0.715152473 0.651499993 0.448807949 0.450086571 0.326478881 0.314898272 0.322052356 0.000000000 0.643568689 1.073806718 1.194279356 1.089375183 1.149505413 1.150057665 1.228149748 1.122622287 1.126965048 1.166507007 1.852041125 1.659171941 1.687759154 1.665544710 1.632142355 1.353797987 1.391081026 2.407436213 
33     1.216433756 1.316558894 1.313299732 1.315317317 1.311954281 1.356651350 1.232512027 1.347115380 1.257778267 1.143126830 1.129712380 1.126445714 1.390538947 1.427349287 1.908406320 1.364474109 0.775322105 0.885159213 0.800822039 0.805369869 0.927101831 0.898519997 0.827625938 1.209798165 0.711577371 0.770635649 0.705989818 0.561291061 0.567016938 0.520901191 0.510689100 0.512274266 0.643568689 0.000000000 1.133550946 1.245389313 1.141561714 1.202814983 1.203367236 1.281459319 1.175931857 1.180274618 1.219816578 1.905126197 1.712245904 1.740833118 1.718618674 1.684682925 1.406919426 1.443807234 2.459397153 
6     1.310686378 1.410293272 1.407034110 1.409051694 1.405688658 1.450651235 1.326464289 1.441227782 1.350144334 1.235725020 1.222385939 1.219396196 1.483137138 1.519947478 2.001004511 1.457127052 0.862276379 0.973299195 0.887684425 0.892393154 1.014176084 0.985208369 0.914249608 1.296498581 0.798923639 0.898637089 0.837967008 0.984741089 0.986848231 0.954260812 0.942507030 0.943664821 1.073806718 1.133550946 0.000000000 1.336591157 1.232055625 1.293346173 1.293572292 1.372171738 1.266923901 1.270660903 1.310808622 1.997617286 1.804736993 1.833324206 1.811109762 1.777174013 1.501126553 1.536298323 2.551873870 
12     1.136729538 1.236072262 1.232813100 1.235177737 1.231814701 1.276839595 1.152665875 1.267776725 1.176145211 1.061059023 1.048199357 1.045293901 1.308091121 1.344901461 1.826086673 1.283251270 0.853073117 0.963145978 0.879936597 0.880416045 1.003768720 0.974545294 0.903784319 1.287678067 0.789310395 1.016706279 0.954360376 1.102711474 1.104681022 1.073730160 1.062267174 1.061229758 1.194279356 1.245389313 1.336591157 0.000000000 0.756916817 1.096684340 1.097236593 1.176923252 1.071244559 1.075728905 1.114868082 1.826080190 1.632033298 1.660620511 1.637602674 1.604470318 1.329924966 1.363594627 2.378980407 
42     1.029861997 1.129785712 1.126526550 1.128644230 1.125281194 1.170306089 1.046132368 1.161243218 1.068444753 0.953316881 0.940289379 0.937308612 1.199521684 1.236332024 1.718350273 1.176728901 0.749160660 0.858631014 0.775421633 0.775901081 0.899253755 0.870030329 0.799269355 1.183163102 0.684795431 0.911692973 0.849347071 0.998566190 1.000535737 0.968825987 0.957363001 0.957750777 1.089375183 1.141561714 1.232055625 0.756916817 0.000000000 0.990694465 0.991246718 1.070765377 0.965295862 0.969920943 1.008919385 1.719425102 1.525378210 1.553965424 1.531477526 1.497815231 1.223269878 1.256939540 2.272356532 
4     1.088256893 1.188016178 1.184757016 1.186463430 1.183100394 1.228125288 1.103878087 1.219137460 1.128073683 1.012473255 1.000495606 0.997593638 1.259911903 1.296722243 1.777775623 1.235544266 0.809627388 0.918177394 0.834623616 0.837715473 0.961626144 0.932805451 0.861496003 1.244832658 0.745923471 0.970042983 0.908071242 1.058849795 1.060504106 1.028657387 1.017496844 1.018301521 1.149505413 1.202814983 1.293346173 1.096684340 0.990694465 0.000000000 0.091410860 0.459760472 0.353029396 0.362162391 0.401255127 1.775608182 1.583259788 1.611847002 1.589632558 1.555696809 1.280704029 1.314821118 2.329955836 
21     1.088809145 1.188568431 1.185309269 1.187015682 1.183652646 1.228677541 1.104430339 1.219689713 1.128625935 1.013025508 1.001047858 0.998145891 1.260464155 1.297274496 1.778327876 1.236096519 0.810179640 0.918729647 0.835175868 0.838267725 0.962178397 0.933357704 0.862048255 1.245384911 0.746475723 0.970269102 0.908297360 1.059402048 1.061056359 1.029209639 1.018049097 1.018853774 1.150057665 1.203367236 1.293572292 1.097236593 0.991246718 0.091410860 0.000000000 0.463807217 0.354330460 0.362683491 0.400659862 1.776160435 1.583812041 1.612399254 1.590184810 1.556249061 1.281256282 1.315373371 2.330508088 
41     1.167218747 1.265035950 1.261776788 1.264615764 1.261252728 1.306056515 1.182025905 1.297690132 1.205625499 1.090665558 1.078225148 1.075323181 1.338385134 1.375195474 1.856248854 1.314930421 0.888602693 0.997788508 0.913948811 0.916913953 1.040778738 1.011958045 0.940593381 1.323985252 0.824972691 1.048868548 0.986829395 1.137494131 1.139148442 1.107301722 1.096141180 1.096945857 1.228149748 1.281459319 1.372171738 1.176923252 1.070765377 0.459760472 0.463807217 0.000000000 0.293203874 0.294895185 0.340005244 1.854450157 1.662142635 1.690729848 1.668515404 1.634579655 1.359586875 1.393703964 2.408799538 
29     1.061502839 1.160253564 1.156994402 1.159709376 1.156346340 1.201371234 1.077124033 1.192383406 1.100969059 0.985693406 0.973148108 0.970246140 1.232774603 1.269584943 1.750638323 1.209085244 0.783339868 0.891945090 0.808685986 0.811651128 0.935515913 0.906695220 0.835330556 1.218722427 0.719741524 0.943014952 0.880956915 1.031966669 1.033620980 1.001774261 0.990613718 0.991418395 1.122622287 1.175931857 1.266923901 1.071244559 0.965295862 0.353029396 0.354330460 0.293203874 0.000000000 0.097247258 0.224674773 1.748870278 1.556562565 1.585149778 1.562935334 1.528999585 1.254006805 1.288123894 2.303197978 
8     1.066029986 1.164456001 1.161196839 1.163828507 1.160465472 1.204877553 1.081651180 1.196925937 1.105296366 0.990020713 0.977475414 0.974573447 1.237101909 1.273912250 1.754965630 1.213918774 0.787417992 0.896603808 0.812764110 0.815729253 0.939594038 0.910773345 0.839408680 1.222800551 0.723819648 0.947357713 0.885292593 1.036309430 1.037963741 1.006117022 0.994956479 0.995761156 1.126965048 1.180274618 1.270660903 1.075728905 0.969920943 0.362162391 0.362683491 0.294895185 0.097247258 0.000000000 0.229534314 1.753358541 1.561050827 1.589638041 1.567423596 1.533487847 1.258495068 1.292612157 2.307686240 
43     1.105751611 1.204457934 1.201198772 1.203958148 1.200595112 1.245620006 1.121372805 1.236632178 1.145000551 1.029684823 1.017139524 1.014237557 1.276881267 1.313691608 1.794744988 1.253317747 0.827565711 0.936751526 0.852911829 0.855876971 0.979741756 0.950921063 0.879556399 1.262948270 0.763963359 0.986899673 0.924848893 1.075851389 1.077505701 1.045658981 1.034498438 1.035303116 1.166507007 1.219816578 1.310808622 1.114868082 1.008919385 0.401255127 0.400659862 0.340005244 0.224674773 0.229534314 0.000000000 1.793008103 1.600700580 1.629287793 1.607073349 1.573137600 1.298144821 1.332261910 2.347335803 
49     1.501056329 1.601045617 1.597786456 1.598745103 1.595732704 1.641154912 1.515504889 1.631222614 1.591068324 1.473792175 1.461382365 1.458960437 1.724490825 1.761148889 2.241911356 1.720660616 1.513847223 1.623108407 1.538041911 1.541864852 1.664939801 1.636224413 1.565110483 1.948636441 1.449937350 1.675267535 1.615211401 1.760980794 1.763087157 1.730355398 1.719405989 1.720949263 1.852041125 1.905126197 1.997617286 1.826080190 1.719425102 1.775608182 1.776160435 1.854450157 1.748870278 1.753358541 1.793008103 0.000000000 0.888837184 0.915901346 0.893159798 0.864459856 0.962332866 0.989023623 2.720563621 
45     1.307008379 1.406997667 1.403738505 1.404697153 1.401684753 1.447106962 1.321456939 1.437174664 1.397021242 1.279847361 1.267335283 1.264913355 1.530443743 1.567101807 2.047864274 1.527132138 1.320966931 1.430228115 1.345161619 1.348984559 1.472059509 1.443344121 1.372230191 1.755756149 1.257057057 1.482386115 1.422329981 1.568111609 1.570217973 1.537486213 1.526536804 1.528080079 1.659171941 1.712245904 1.804736993 1.632033298 1.525378210 1.583259788 1.583812041 1.662142635 1.556562565 1.561050827 1.600700580 0.888837184 0.000000000 0.134747998 0.112516445 0.214716694 0.773360682 0.798195677 2.521279427 
50     1.335595592 1.435584880 1.432325718 1.433284366 1.430271966 1.475694175 1.350044152 1.465761877 1.425608455 1.308434574 1.295922496 1.293500569 1.559030956 1.595689020 2.076451488 1.555719351 1.349554144 1.458815328 1.373748832 1.377571772 1.500646722 1.471931334 1.400817404 1.784343362 1.285644270 1.510973329 1.450917194 1.596698822 1.598805186 1.566073427 1.555124017 1.556667292 1.687759154 1.740833118 1.833324206 1.660620511 1.553965424 1.611847002 1.612399254 1.690729848 1.585149778 1.589638041 1.629287793 0.915901346 0.134747998 0.000000000 0.134840523 0.244794724 0.801096562 0.825931556 2.552498754 
44     1.313541811 1.413531100 1.410271938 1.411230585 1.408218186 1.453640394 1.327990371 1.443708096 1.403554675 1.286380793 1.273868715 1.271446788 1.536977175 1.573635240 2.054397707 1.533568623 1.327339700 1.436600884 1.351534388 1.355357328 1.478432278 1.449716890 1.378602960 1.762128918 1.263429826 1.488758885 1.428702750 1.574484378 1.576590742 1.543858982 1.532909573 1.534452848 1.665544710 1.718618674 1.811109762 1.637602674 1.531477526 1.589632558 1.590184810 1.668515404 1.562935334 1.567423596 1.607073349 0.893159798 0.112516445 0.134840523 0.000000000 0.226779317 0.779776258 0.804611253 2.530444969 
48     1.279445399 1.379434687 1.376175525 1.377134173 1.374121773 1.419543982 1.293893959 1.409611684 1.369458262 1.252284381 1.239772303 1.237350375 1.502880763 1.539538827 2.020301294 1.499569158 1.293403951 1.402665135 1.317598639 1.321421579 1.444496529 1.415781141 1.344667211 1.728193169 1.229494077 1.454823136 1.394767001 1.541082024 1.543188388 1.510456628 1.499507219 1.501050493 1.632142355 1.684682925 1.777174013 1.604470318 1.497815231 1.555696809 1.556249061 1.634579655 1.528999585 1.533487847 1.573137600 0.864459856 0.214716694 0.244794724 0.226779317 0.000000000 0.745371792 0.770494126 2.496348561 
46     1.003827927 1.103931845 1.100672683 1.100392072 1.098618931 1.144041140 1.016219292 1.134539359 1.095042175 0.977860732 0.964795529 0.962373602 1.228464675 1.265122740 1.745885207 1.225222146 1.017726692 1.127232041 1.041910354 1.045988485 1.169063434 1.140348046 1.069234116 1.452760074 0.954198499 1.179399178 1.119366137 1.262269399 1.264459476 1.232112260 1.221162850 1.222706125 1.353797987 1.406919426 1.501126553 1.329924966 1.223269878 1.280704029 1.281256282 1.359586875 1.254006805 1.258495068 1.298144821 0.962332866 0.773360682 0.801096562 0.779776258 0.745371792 0.000000000 0.248831139 2.227324808 
47     1.038504234 1.138493522 1.135234361 1.135135059 1.133180609 1.178602817 1.050902303 1.168670519 1.128617727 1.011437991 0.998332455 0.995910528 1.262040227 1.298698292 1.779460759 1.258691868 1.052755649 1.162016834 1.076827040 1.080773278 1.203848227 1.175132840 1.104018909 1.487544867 0.988845776 1.214142030 1.154108988 1.300020694 1.302127058 1.269395299 1.258445889 1.259989164 1.391081026 1.443807234 1.536298323 1.363594627 1.256939540 1.314821118 1.315373371 1.393703964 1.288123894 1.292612157 1.332261910 0.989023623 0.798195677 0.825931556 0.804611253 0.770494126 0.248831139 0.000000000 2.260590454 
0     2.059985727 2.160259943 2.157000781 2.158296828 2.154951756 2.200146286 2.070786024 2.190623758 2.141737782 2.025983403 2.015405583 2.012976632 2.276777689 2.313438484 2.794201500 2.273751671 2.067170402 2.176391483 2.092465577 2.095171541 2.218246491 2.189531103 2.118417173 2.501943131 2.003235447 2.229912228 2.169838404 2.316375881 2.318482245 2.279645359 2.268695949 2.276344351 2.407436213 2.459397153 2.551873870 2.378980407 2.272356532 2.329955836 2.330508088 2.408799538 2.303197978 2.307686240 2.347335803 2.720563621 2.521279427 2.552498754 2.530444969 2.496348561 2.227324808 2.260590454 0.000000000 
