51
20     0.000000000 0.010721620 0.003728840 0.006124410 0.006748230 0.000353610 0.004227990 0.011407810 0.023968960 0.024826170 0.026094260 0.027426470 0.036262720 0.040713160 0.039367480 0.024538740 0.026944010 0.026678200 0.025327980 0.025009080 0.037528930 0.036534590 0.025481290 0.031711440 0.023916920 0.037787160 0.029658300 0.043201900 0.036021050 0.027942920 0.017100120 0.033422710 0.049306730 0.054638630 0.042560880 0.053491330 0.034353220 0.040679940 0.041689900 0.038564660 0.038347610 0.039146690 0.048742430 0.041286520 0.054827240 0.054454760 0.056400230 0.053350180 0.046384360 0.047074190 0.065517040 
15     0.010721620 0.000000000 0.000064420 0.000121780 0.000124720 0.003982870 0.005999240 0.030434040 0.035966700 0.036823910 0.036403950 0.023273710 0.048260460 0.052710900 0.051365220 0.016563550 0.038941750 0.038675940 0.041642510 0.042545900 0.049526670 0.048532330 0.044507520 0.043709180 0.037056100 0.049784900 0.041656040 0.055199640 0.051674690 0.049152350 0.048223720 0.048146030 0.061304470 0.066636370 0.054558620 0.078418750 0.046350960 0.053767800 0.053687640 0.057590890 0.050345350 0.051631680 0.067768660 0.078690990 0.066824980 0.066452500 0.068397970 0.065347920 0.037832400 0.038539730 0.015908520 
35     0.003728840 0.000064420 0.000000000 0.000185680 0.000188620 0.008276080 0.001172020 0.034509810 0.037122120 0.037979330 0.036467850 0.023337610 0.049415880 0.053866320 0.052520640 0.016627450 0.040097170 0.039831360 0.042797930 0.043701320 0.050682090 0.049687750 0.046960370 0.044864600 0.038211520 0.050940320 0.042811460 0.056355060 0.052830110 0.050307770 0.049379140 0.049301450 0.062459890 0.067791790 0.055714040 0.079574170 0.047506380 0.054923220 0.054843060 0.062997580 0.051500770 0.052787100 0.071322160 0.079846410 0.067980400 0.067607920 0.069553390 0.066503340 0.037896300 0.038603630 0.015972420 
18     0.006124410 0.000121780 0.000185680 0.000000000 0.000002940 0.002053200 0.000238870 0.028504370 0.037745250 0.038602460 0.036476750 0.023346510 0.050039010 0.054489450 0.053143770 0.016636350 0.040720300 0.040454490 0.042424540 0.042105640 0.051305220 0.050310880 0.042577850 0.045487730 0.038834650 0.051563450 0.043434590 0.056978190 0.053117610 0.048755780 0.050002270 0.049924580 0.063083020 0.068414920 0.056337170 0.080197300 0.048129510 0.055546350 0.055466190 0.055661220 0.052123900 0.053410230 0.065838990 0.080469540 0.068603530 0.068231050 0.070176520 0.067126470 0.037905200 0.038612530 0.015981320 
3     0.006748230 0.000124720 0.000188620 0.000002940 0.000000000 0.004928810 0.000862690 0.032493460 0.038534510 0.039391720 0.036479690 0.023349450 0.050828270 0.055278710 0.053933030 0.016639290 0.041509560 0.041243750 0.044210320 0.045113710 0.052094480 0.051100140 0.046566940 0.046276990 0.039623910 0.052352710 0.044223850 0.057767450 0.054242500 0.051720160 0.050791530 0.050713840 0.063872280 0.069204180 0.057126430 0.080986560 0.048918770 0.056335610 0.056255450 0.059650310 0.052913160 0.054199490 0.069828080 0.081258800 0.069392790 0.069020310 0.070965780 0.067915730 0.037908140 0.038615470 0.015984260 
11     0.000353610 0.003982870 0.008276080 0.002053200 0.004928810 0.000000000 0.007400140 0.028266990 0.037548250 0.038405460 0.039673550 0.041005760 0.049842010 0.054292450 0.052946770 0.038118030 0.040523300 0.040257490 0.042187160 0.041868260 0.051108220 0.050113880 0.042340470 0.045290730 0.038637650 0.051366450 0.043237590 0.056781190 0.052880230 0.048518400 0.049805270 0.049727580 0.062886020 0.068217920 0.056140170 0.080000300 0.047932510 0.055349350 0.055269190 0.047355590 0.051926900 0.053213230 0.065601610 0.080272540 0.068406530 0.068034050 0.069979520 0.066929470 0.060178210 0.060653480 0.082376220 
36     0.004227990 0.005999240 0.001172020 0.000238870 0.000862690 0.007400140 0.000000000 0.012229660 0.031978920 0.032836130 0.028181340 0.035436430 0.044272680 0.048723120 0.047377440 0.032548700 0.034953970 0.034688160 0.026149830 0.025830930 0.045538890 0.044544550 0.026303140 0.039721400 0.024738770 0.038692480 0.030748980 0.044494670 0.036842900 0.032481070 0.035610590 0.034244560 0.037296310 0.062648590 0.050570840 0.074430970 0.039174490 0.041501790 0.042722900 0.039386510 0.046357570 0.039968540 0.049564280 0.074703210 0.062837200 0.062464720 0.064410190 0.061360140 0.054608880 0.055084150 0.066338890 
17     0.011407810 0.030434040 0.034509810 0.028504370 0.032493460 0.028266990 0.012229660 0.000000000 0.038752190 0.027600720 0.016733760 0.025459220 0.043683380 0.045469790 0.045729590 0.023983530 0.029490040 0.032031430 0.014702250 0.014383350 0.037097660 0.041503050 0.014855560 0.046494670 0.013291190 0.027244900 0.019301400 0.033047090 0.025395320 0.021033490 0.024512550 0.022796980 0.064089960 0.069421860 0.057344110 0.081204240 0.027726910 0.030054210 0.031275320 0.027938930 0.036411390 0.028520960 0.038116700 0.081476480 0.069610470 0.069237990 0.071183460 0.068133410 0.061382150 0.059874690 0.054891310 
2     0.023968960 0.035966700 0.037122120 0.037745250 0.038534510 0.037548250 0.031978920 0.038752190 0.000000000 0.003217870 0.014117460 0.015449670 0.043531480 0.047981920 0.002159470 0.035391240 0.037796510 0.037530700 0.040497270 0.041400660 0.048381430 0.047387090 0.044150290 0.042563940 0.035910860 0.048639660 0.040510800 0.054054400 0.050529450 0.048007110 0.047078480 0.047000790 0.060159230 0.065491130 0.053413380 0.035404480 0.045205720 0.052622560 0.052542400 0.057233660 0.049200110 0.050486440 0.067411430 0.023985450 0.065679740 0.065307260 0.067252730 0.064202680 0.029083290 0.047268830 0.079716370 
10     0.024826170 0.036823910 0.037979330 0.038602460 0.039391720 0.038405460 0.032836130 0.027600720 0.003217870 0.000000000 0.000533890 0.016023620 0.044388690 0.044727530 0.029490880 0.035471970 0.038653720 0.038387910 0.028455350 0.028136450 0.049238640 0.048244300 0.028608660 0.043421150 0.027044290 0.040998000 0.033054500 0.046800190 0.039148420 0.034786590 0.038265650 0.036550080 0.061016440 0.066348340 0.054270590 0.051911550 0.039215350 0.043807310 0.045028420 0.041692030 0.050057320 0.042274060 0.051869800 0.040492520 0.066536950 0.066164470 0.068109940 0.065059890 0.045590360 0.058783900 0.068644410 
19     0.026094260 0.036403950 0.036467850 0.036476750 0.036479690 0.039673550 0.028181340 0.016733760 0.014117460 0.000533890 0.000000000 0.000005600 0.023509270 0.036916510 0.029356310 0.021291100 0.032376180 0.034917570 0.017588390 0.017269490 0.039983800 0.044389190 0.017741700 0.044689240 0.016177330 0.030131040 0.022187540 0.035933230 0.028281460 0.023919630 0.027398690 0.025683120 0.062284530 0.067616430 0.055538680 0.079398810 0.028348390 0.032940350 0.034161460 0.030825070 0.039297530 0.031407100 0.041002840 0.076059540 0.067805040 0.067432560 0.069378030 0.066327980 0.027897990 0.028605320 0.020635490 
27     0.027426470 0.023273710 0.023337610 0.023346510 0.023349450 0.041005760 0.035436430 0.025459220 0.015449670 0.016023620 0.000005600 0.000000000 0.026353870 0.039761110 0.044846040 0.008160860 0.041101640 0.040988210 0.026313850 0.025994950 0.048709260 0.050844600 0.026467160 0.046021450 0.024902790 0.038856500 0.030913000 0.044658690 0.037006920 0.032645090 0.036124150 0.034408580 0.063616740 0.068948640 0.056870890 0.080731020 0.037073850 0.041665810 0.042886920 0.039550530 0.048022990 0.040132560 0.049728300 0.076224220 0.069137250 0.068764770 0.070710240 0.067660190 0.014767750 0.015475080 0.007505250 
23     0.036262720 0.048260460 0.049415880 0.050039010 0.050828270 0.049842010 0.044272680 0.043683380 0.043531480 0.044388690 0.023509270 0.026353870 0.000000000 0.000003970 0.027185910 0.047685000 0.050090270 0.049824460 0.044538010 0.044219110 0.060675190 0.059680850 0.044691320 0.054857700 0.043126950 0.057080660 0.049137160 0.062882850 0.055231080 0.050869250 0.054348310 0.052632740 0.072452990 0.077784890 0.053102260 0.085414410 0.055298010 0.046613230 0.049597970 0.057774690 0.061493870 0.058356720 0.067619570 0.089839510 0.077973500 0.077601020 0.079546490 0.076496440 0.069745180 0.070220450 0.084727070 
24     0.040713160 0.052710900 0.053866320 0.054489450 0.055278710 0.054292450 0.048723120 0.045469790 0.047981920 0.044727530 0.036916510 0.039761110 0.000003970 0.000000000 0.025478470 0.052135440 0.054540710 0.054274900 0.046324420 0.046005520 0.065125630 0.064131290 0.046477730 0.059308140 0.044913360 0.058867070 0.050923570 0.064669260 0.057017490 0.052655660 0.056134720 0.054419150 0.076903430 0.082235330 0.053098290 0.090816770 0.057084420 0.046609260 0.049594000 0.059561100 0.065944310 0.060143130 0.067615600 0.094289950 0.082423940 0.082051460 0.083996930 0.080946880 0.074195620 0.074670890 0.086513480 
26     0.039367480 0.051365220 0.052520640 0.053143770 0.053933030 0.052946770 0.047377440 0.045729590 0.002159470 0.029490880 0.029356310 0.044846040 0.027185910 0.025478470 0.000000000 0.050789760 0.053195030 0.052929220 0.046584220 0.046265320 0.063779950 0.062785610 0.046737530 0.057962460 0.045173160 0.059126870 0.051183370 0.064929060 0.057277290 0.052915460 0.056394520 0.054678950 0.075557750 0.080889650 0.068811900 0.092672030 0.057344220 0.061936180 0.063157290 0.059820900 0.064598630 0.060402930 0.069998670 0.092944270 0.081078260 0.080705780 0.082651250 0.079601200 0.072849940 0.073325210 0.086773280 
14     0.024538740 0.016563550 0.016627450 0.016636350 0.016639290 0.038118030 0.032548700 0.023983530 0.035391240 0.035471970 0.021291100 0.008160860 0.047685000 0.052135440 0.050789760 0.000000000 0.033395410 0.033129600 0.018122170 0.019178690 0.026851430 0.019393080 0.020055310 0.020313220 0.023427100 0.037380810 0.029437310 0.043183000 0.035531230 0.031169400 0.034648460 0.032932890 0.055758130 0.061090030 0.027210550 0.068220400 0.009714140 0.040190120 0.041411230 0.038074840 0.044799010 0.038656870 0.048252610 0.074668590 0.024690660 0.031748830 0.029004700 0.022972410 0.022719550 0.023426880 0.000795670 
39     0.026944010 0.038941750 0.040097170 0.040720300 0.041509560 0.040523300 0.034953970 0.029490040 0.037796510 0.038653720 0.032376180 0.041101640 0.050090270 0.054540710 0.053195030 0.033395410 0.000000000 0.000433630 0.001048930 0.006888080 0.019758580 0.017042850 0.005833670 0.013941090 0.007288010 0.038777340 0.030431290 0.037586810 0.038386360 0.034024530 0.037503590 0.035788020 0.057966400 0.061040510 0.036061960 0.040742040 0.034754300 0.043604910 0.044826020 0.041489630 0.047007280 0.042071660 0.051667400 0.077073860 0.065207850 0.064835370 0.066780840 0.063730790 0.056979530 0.057454800 0.069843190 
40     0.026678200 0.038675940 0.039831360 0.040454490 0.041243750 0.040257490 0.034688160 0.032031430 0.037530700 0.038387910 0.034917570 0.040988210 0.049824460 0.054274900 0.052929220 0.033129600 0.000433630 0.000000000 0.003623820 0.004934320 0.015124650 0.015586070 0.004687370 0.010762920 0.000547490 0.005723110 0.034833830 0.046131410 0.040927750 0.036565920 0.040044980 0.002499240 0.023637560 0.002399760 0.002167630 0.055410250 0.036367440 0.046146300 0.047367410 0.044031020 0.046741470 0.044613050 0.054208790 0.076808050 0.064942040 0.064569560 0.066515030 0.063464980 0.056713720 0.057188990 0.072384580 
25     0.025327980 0.041642510 0.042797930 0.042424540 0.044210320 0.042187160 0.026149830 0.014702250 0.040497270 0.028455350 0.017588390 0.026313850 0.044538010 0.046324420 0.046584220 0.018122170 0.001048930 0.003623820 0.000000000 0.001005480 0.009023120 0.001564770 0.001937080 0.002194990 0.003893250 0.025448150 0.017504650 0.031250340 0.023598570 0.019236740 0.022715800 0.021000230 0.060667160 0.051265720 0.009592020 0.048630370 0.024979510 0.028817120 0.030038230 0.026701840 0.035174300 0.027283870 0.036879610 0.079774620 0.026887430 0.033945600 0.031201470 0.025169180 0.037725270 0.060155560 0.055055400 
37     0.025009080 0.042545900 0.043701320 0.042105640 0.045113710 0.041868260 0.025830930 0.014383350 0.041400660 0.028136450 0.017269490 0.025994950 0.044219110 0.046005520 0.046265320 0.019178690 0.006888080 0.004934320 0.001005480 0.000000000 0.008872520 0.001414170 0.000148670 0.002740270 0.003328240 0.025129250 0.017185750 0.030931440 0.023279670 0.018917840 0.022396900 0.020681330 0.045349930 0.024112130 0.010648540 0.046307840 0.028262640 0.028498220 0.029719330 0.026382940 0.034855400 0.026964970 0.036560710 0.043580370 0.027943950 0.035002120 0.032257990 0.026225700 0.048678210 0.061058950 0.054736500 
30     0.037528930 0.049526670 0.050682090 0.051305220 0.052094480 0.051108220 0.045538890 0.037097660 0.048381430 0.049238640 0.039983800 0.048709260 0.060675190 0.065125630 0.063779950 0.026851430 0.019758580 0.015124650 0.009023120 0.008872520 0.000000000 0.000573890 0.000284940 0.006126450 0.009177430 0.019198560 0.039900060 0.053645750 0.045993980 0.041632150 0.045111210 0.015974690 0.037113010 0.015875210 0.015643080 0.068885700 0.047070990 0.051212530 0.052433640 0.049097250 0.057569710 0.049679280 0.059275020 0.083628330 0.035616690 0.042674860 0.039930730 0.033898440 0.067564450 0.068039720 0.077450810 
5     0.036534590 0.048532330 0.049687750 0.050310880 0.051100140 0.050113880 0.044544550 0.041503050 0.047387090 0.048244300 0.044389190 0.050844600 0.059680850 0.064131290 0.062785610 0.019393080 0.017042850 0.015586070 0.001564770 0.001414170 0.000573890 0.000000000 0.003497910 0.003755820 0.013966230 0.044241200 0.028217770 0.043120450 0.048772280 0.046037540 0.049516600 0.047801030 0.067556980 0.058826990 0.010862930 0.056130120 0.032540780 0.055617920 0.056839030 0.053502640 0.056597860 0.054084670 0.063680410 0.053402650 0.028158340 0.035216510 0.032472380 0.026440090 0.058500490 0.067045380 0.081856200 
1     0.025481290 0.044507520 0.046960370 0.042577850 0.046566940 0.042340470 0.026303140 0.014855560 0.044150290 0.028608660 0.017741700 0.026467160 0.044691320 0.046477730 0.046737530 0.020055310 0.005833670 0.004687370 0.001937080 0.000148670 0.000284940 0.003497910 0.000000000 0.000319990 0.003800450 0.025601460 0.017657960 0.031403650 0.023751880 0.019390050 0.022869110 0.021153540 0.064829600 0.054971240 0.011525160 0.052335890 0.028685030 0.028970430 0.030191540 0.026855150 0.035327610 0.027437180 0.037032920 0.056933880 0.028820570 0.035878740 0.033134610 0.027102320 0.062031720 0.064318000 0.055208710 
7     0.031711440 0.043709180 0.044864600 0.045487730 0.046276990 0.045290730 0.039721400 0.046494670 0.042563940 0.043421150 0.044689240 0.046021450 0.054857700 0.059308140 0.057962460 0.020313220 0.013941090 0.010762920 0.002194990 0.002740270 0.006126450 0.003755820 0.000319990 0.000000000 0.007125930 0.023528130 0.034630300 0.056629000 0.053104050 0.050581710 0.049653080 0.020304260 0.041442580 0.020204780 0.011783070 0.048961830 0.047780320 0.055197160 0.055117000 0.067269690 0.051774710 0.053061040 0.071596100 0.046234360 0.029078480 0.036136650 0.033392520 0.027360230 0.051332200 0.062222230 0.084011910 
34     0.023916920 0.037056100 0.038211520 0.038834650 0.039623910 0.038637650 0.024738770 0.013291190 0.035910860 0.027044290 0.016177330 0.024902790 0.043126950 0.044913360 0.045173160 0.023427100 0.007288010 0.000547490 0.003893250 0.003328240 0.009177430 0.013966230 0.003800450 0.007125930 0.000000000 0.020337220 0.012827980 0.027730660 0.022187510 0.017825680 0.021304740 0.003394820 0.045362630 0.024124830 0.021566360 0.040801850 0.017150990 0.027406060 0.028627170 0.025290780 0.033763240 0.025872810 0.035468550 0.039803710 0.062305270 0.062949720 0.064895190 0.060587020 0.044901550 0.055569150 0.053644340 
16     0.037787160 0.049784900 0.050940320 0.051563450 0.052352710 0.051366450 0.038692480 0.027244900 0.048639660 0.040998000 0.030131040 0.038856500 0.057080660 0.058867070 0.059126870 0.037380810 0.038777340 0.005723110 0.025448150 0.025129250 0.019198560 0.044241200 0.025601460 0.023528130 0.020337220 0.000000000 0.004758840 0.026606610 0.012061420 0.028164510 0.027235880 0.003887090 0.025025410 0.003787610 0.003555480 0.056801060 0.036656480 0.041359770 0.038026380 0.039244490 0.044195110 0.039826520 0.049422260 0.087917010 0.076051000 0.075678520 0.077623990 0.074573940 0.067822680 0.068297950 0.067598050 
13     0.029658300 0.041656040 0.042811460 0.043434590 0.044223850 0.043237590 0.030748980 0.019301400 0.040510800 0.033054500 0.022187540 0.030913000 0.049137160 0.050923570 0.051183370 0.029437310 0.030431290 0.034833830 0.017504650 0.017185750 0.039900060 0.028217770 0.017657960 0.034630300 0.012827980 0.004758840 0.000000000 0.024410780 0.019596200 0.007942960 0.011660730 0.012950020 0.016456130 0.037519670 0.012088970 0.044283910 0.020633050 0.033416270 0.034637380 0.031300990 0.010950090 0.006716200 0.027056720 0.046518870 0.067922140 0.067549660 0.069495130 0.066445080 0.051616710 0.060169090 0.059654550 
38     0.043201900 0.055199640 0.056355060 0.056978190 0.057767450 0.056781190 0.044494670 0.033047090 0.054054400 0.046800190 0.035933230 0.044658690 0.062882850 0.064669260 0.064929060 0.043183000 0.037586810 0.046131410 0.031250340 0.030931440 0.053645750 0.043120450 0.031403650 0.056629000 0.027730660 0.026606610 0.024410780 0.000000000 0.000907730 0.013263300 0.008910300 0.015466610 0.024471020 0.021776300 0.044250700 0.059186590 0.035535730 0.047161960 0.048383070 0.045046680 0.049609850 0.045628710 0.055224450 0.093331750 0.081465740 0.081093260 0.083038730 0.079988680 0.073237420 0.073712690 0.073400240 
31     0.036021050 0.051674690 0.052830110 0.053117610 0.054242500 0.052880230 0.036842900 0.025395320 0.050529450 0.039148420 0.028281460 0.037006920 0.055231080 0.057017490 0.057277290 0.035531230 0.038386360 0.040927750 0.023598570 0.023279670 0.045993980 0.048772280 0.023751880 0.053104050 0.022187510 0.012061420 0.019596200 0.000907730 0.000000000 0.008129490 0.015155270 0.007651900 0.023339370 0.003170500 0.040725750 0.064838420 0.039274610 0.039510190 0.040731300 0.037394910 0.045867370 0.037976940 0.047572680 0.089806800 0.077940790 0.077568310 0.079513780 0.076463730 0.069712470 0.070187740 0.065748470 
9     0.027942920 0.049152350 0.050307770 0.048755780 0.051720160 0.048518400 0.032481070 0.021033490 0.048007110 0.034786590 0.023919630 0.032645090 0.050869250 0.052655660 0.052915460 0.031169400 0.034024530 0.036565920 0.019236740 0.018917840 0.041632150 0.046037540 0.019390050 0.050581710 0.017825680 0.028164510 0.007942960 0.013263300 0.008129490 0.000000000 0.000091870 0.002720720 0.001143320 0.016960320 0.038203410 0.070631300 0.034912780 0.035148360 0.036369470 0.033033080 0.041505540 0.033615110 0.043210850 0.087284460 0.075418450 0.075045970 0.076991440 0.073941390 0.067190130 0.067665400 0.061386640 
32     0.017100120 0.048223720 0.049379140 0.050002270 0.050791530 0.049805270 0.035610590 0.024512550 0.047078480 0.038265650 0.027398690 0.036124150 0.054348310 0.056134720 0.056394520 0.034648460 0.037503590 0.040044980 0.022715800 0.022396900 0.045111210 0.049516600 0.022869110 0.049653080 0.021304740 0.027235880 0.011660730 0.008910300 0.015155270 0.000091870 0.000000000 0.003791520 0.000907080 0.015547800 0.037274780 0.069702670 0.037634880 0.038627420 0.039848530 0.036512140 0.042633930 0.037094170 0.046689910 0.086355830 0.074489820 0.074117340 0.076062810 0.073012760 0.066261500 0.066736770 0.064865700 
28     0.033422710 0.048146030 0.049301450 0.049924580 0.050713840 0.049727580 0.034244560 0.022796980 0.047000790 0.036550080 0.025683120 0.034408580 0.052632740 0.054419150 0.054678950 0.032932890 0.035788020 0.002499240 0.021000230 0.020681330 0.015974690 0.047801030 0.021153540 0.020304260 0.003394820 0.003887090 0.012950020 0.015466610 0.007651900 0.002720720 0.003791520 0.000000000 0.004211160 0.000099480 0.000331610 0.053577190 0.034534380 0.036911850 0.038132960 0.034796570 0.042556240 0.035378600 0.044974340 0.086278140 0.074412130 0.074039650 0.075985120 0.072935070 0.066183810 0.066659080 0.063150130 
22     0.049306730 0.061304470 0.062459890 0.063083020 0.063872280 0.062886020 0.037296310 0.064089960 0.060159230 0.061016440 0.062284530 0.063616740 0.072452990 0.076903430 0.075557750 0.055758130 0.057966400 0.023637560 0.060667160 0.045349930 0.037113010 0.067556980 0.064829600 0.041442580 0.045362630 0.025025410 0.016456130 0.024471020 0.023339370 0.001143320 0.000907080 0.004211160 0.000000000 0.021241220 0.021469930 0.074715510 0.050715630 0.059137130 0.059056970 0.071209660 0.055714680 0.057001010 0.075536070 0.099436580 0.087570570 0.087198090 0.089143560 0.086093510 0.079342250 0.079817520 0.101607200 
33     0.054638630 0.066636370 0.067791790 0.068414920 0.069204180 0.068217920 0.062648590 0.069421860 0.065491130 0.066348340 0.067616430 0.068948640 0.077784890 0.082235330 0.080889650 0.061090030 0.061040510 0.002399760 0.051265720 0.024112130 0.015875210 0.058826990 0.054971240 0.020204780 0.024124830 0.003787610 0.037519670 0.021776300 0.003170500 0.016960320 0.015547800 0.000099480 0.021241220 0.000000000 0.000232130 0.053477710 0.034434900 0.064469030 0.064388870 0.076541560 0.061046580 0.062332910 0.080867970 0.104768480 0.092902470 0.092529990 0.094475460 0.091425410 0.084674150 0.085149420 0.106939100 
6     0.042560880 0.054558620 0.055714040 0.056337170 0.057126430 0.056140170 0.050570840 0.057344110 0.053413380 0.054270590 0.055538680 0.056870890 0.053102260 0.053098290 0.068811900 0.027210550 0.036061960 0.002167630 0.009592020 0.010648540 0.015643080 0.010862930 0.011525160 0.011783070 0.021566360 0.003555480 0.012088970 0.044250700 0.040725750 0.038203410 0.037274780 0.000331610 0.021469930 0.000232130 0.000000000 0.047740810 0.034202770 0.013417810 0.016402550 0.064463810 0.048968830 0.050255160 0.034424150 0.045013340 0.035975810 0.043033980 0.040289850 0.034257560 0.050111180 0.068296720 0.094861350 
12     0.053491330 0.078418750 0.079574170 0.080197300 0.080986560 0.080000300 0.074430970 0.081204240 0.035404480 0.051911550 0.079398810 0.080731020 0.085414410 0.090816770 0.092672030 0.068220400 0.040742040 0.055410250 0.048630370 0.046307840 0.068885700 0.056130120 0.052335890 0.048961830 0.040801850 0.056801060 0.044283910 0.059186590 0.064838420 0.070631300 0.069702670 0.053577190 0.074715510 0.053477710 0.047740810 0.000000000 0.009060430 0.075223290 0.016452310 0.088323940 0.051663360 0.074115290 0.052036940 0.022962230 0.104684850 0.104312370 0.106257840 0.097150410 0.028060070 0.046245610 0.113329370 
42     0.034353220 0.046350960 0.047506380 0.048129510 0.048918770 0.047932510 0.039174490 0.027726910 0.045205720 0.039215350 0.028348390 0.037073850 0.055298010 0.057084420 0.057344220 0.009714140 0.034754300 0.036367440 0.024979510 0.028262640 0.047070990 0.032540780 0.028685030 0.047780320 0.017150990 0.036656480 0.020633050 0.035535730 0.039274610 0.034912780 0.037634880 0.034534380 0.050715630 0.034434900 0.034202770 0.009060430 0.000000000 0.043933500 0.044103460 0.041818220 0.040761170 0.042047500 0.051995990 0.084483070 0.072617060 0.072244580 0.074190050 0.071140000 0.064388740 0.064864010 0.068770600 
4     0.040679940 0.053767800 0.054923220 0.055546350 0.056335610 0.055349350 0.041501790 0.030054210 0.052622560 0.043807310 0.032940350 0.041665810 0.046613230 0.046609260 0.061936180 0.040190120 0.043604910 0.046146300 0.028817120 0.028498220 0.051212530 0.055617920 0.028970430 0.055197160 0.027406060 0.041359770 0.033416270 0.047161960 0.039510190 0.035148360 0.038627420 0.036911850 0.059137130 0.064469030 0.013417810 0.075223290 0.043933500 0.000000000 0.000405570 0.013926260 0.004865080 0.008439450 0.024453660 0.091899910 0.080033900 0.079661420 0.081606890 0.078556840 0.071805580 0.072280850 0.070407360 
21     0.041689900 0.053687640 0.054843060 0.055466190 0.056255450 0.055269190 0.042722900 0.031275320 0.052542400 0.045028420 0.034161460 0.042886920 0.049597970 0.049594000 0.063157290 0.041411230 0.044826020 0.047367410 0.030038230 0.029719330 0.052433640 0.056839030 0.030191540 0.055117000 0.028627170 0.038026380 0.034637380 0.048383070 0.040731300 0.036369470 0.039848530 0.038132960 0.059056970 0.064388870 0.016402550 0.016452310 0.044103460 0.000405570 0.000000000 0.015147370 0.001101270 0.008629680 0.006181870 0.091819750 0.079953740 0.079581260 0.081526730 0.078476680 0.071725420 0.072200690 0.071628470 
41     0.038564660 0.057590890 0.062997580 0.055661220 0.059650310 0.047355590 0.039386510 0.027938930 0.057233660 0.041692030 0.030825070 0.039550530 0.057774690 0.059561100 0.059820900 0.038074840 0.041489630 0.044031020 0.026701840 0.026382940 0.049097250 0.053502640 0.026855150 0.067269690 0.025290780 0.039244490 0.031300990 0.045046680 0.037394910 0.033033080 0.036512140 0.034796570 0.071209660 0.076541560 0.064463810 0.088323940 0.041818220 0.013926260 0.015147370 0.000000000 0.005500330 0.003840400 0.004114990 0.103972440 0.088819530 0.091733950 0.093133570 0.087101280 0.083878110 0.084353380 0.068292080 
29     0.038347610 0.050345350 0.051500770 0.052123900 0.052913160 0.051926900 0.046357570 0.036411390 0.049200110 0.050057320 0.039297530 0.048022990 0.061493870 0.065944310 0.064598630 0.044799010 0.047007280 0.046741470 0.035174300 0.034855400 0.057569710 0.056597860 0.035327610 0.051774710 0.033763240 0.044195110 0.010950090 0.049609850 0.045867370 0.041505540 0.042633930 0.042556240 0.055714680 0.061046580 0.048968830 0.051663360 0.040761170 0.004865080 0.001101270 0.005500330 0.000000000 0.001191910 0.001044040 0.088477460 0.076611450 0.076238970 0.078184440 0.075134390 0.068383130 0.068858400 0.076764540 
8     0.039146690 0.051631680 0.052787100 0.053410230 0.054199490 0.053213230 0.039968540 0.028520960 0.050486440 0.042274060 0.031407100 0.040132560 0.058356720 0.060143130 0.060402930 0.038656870 0.042071660 0.044613050 0.027283870 0.026964970 0.049679280 0.054084670 0.027437180 0.053061040 0.025872810 0.039826520 0.006716200 0.045628710 0.037976940 0.033615110 0.037094170 0.035378600 0.057001010 0.062332910 0.050255160 0.074115290 0.042047500 0.008439450 0.008629680 0.003840400 0.001191910 0.000000000 0.001398200 0.089763790 0.077897780 0.077525300 0.079470770 0.076420720 0.069669460 0.070144730 0.068874110 
43     0.048742430 0.067768660 0.071322160 0.065838990 0.069828080 0.065601610 0.049564280 0.038116700 0.067411430 0.051869800 0.041002840 0.049728300 0.067619570 0.067615600 0.069998670 0.048252610 0.051667400 0.054208790 0.036879610 0.036560710 0.059275020 0.063680410 0.037032920 0.071596100 0.035468550 0.049422260 0.027056720 0.055224450 0.047572680 0.043210850 0.046689910 0.044974340 0.075536070 0.080867970 0.034424150 0.052036940 0.051995990 0.024453660 0.006181870 0.004114990 0.001044040 0.001398200 0.000000000 0.108298850 0.084274120 0.091332290 0.088588160 0.082555870 0.088204520 0.088679790 0.078469850 
49     0.041286520 0.078690990 0.079846410 0.080469540 0.081258800 0.080272540 0.074703210 0.081476480 0.023985450 0.040492520 0.076059540 0.076224220 0.089839510 0.094289950 0.092944270 0.074668590 0.077073860 0.076808050 0.079774620 0.043580370 0.083628330 0.053402650 0.056933880 0.046234360 0.039803710 0.087917010 0.046518870 0.093331750 0.089806800 0.087284460 0.086355830 0.086278140 0.099436580 0.104768480 0.045013340 0.022962230 0.084483070 0.091899910 0.091819750 0.103972440 0.088477460 0.089763790 0.108298850 0.000000000 0.006274330 0.006274020 0.006001510 0.013732780 0.012609920 0.016202960 0.112271520 
45     0.054827240 0.066824980 0.067980400 0.068603530 0.069392790 0.068406530 0.062837200 0.069610470 0.065679740 0.066536950 0.067805040 0.069137250 0.077973500 0.082423940 0.081078260 0.024690660 0.065207850 0.064942040 0.026887430 0.027943950 0.035616690 0.028158340 0.028820570 0.029078480 0.062305270 0.076051000 0.067922140 0.081465740 0.077940790 0.075418450 0.074489820 0.074412130 0.087570570 0.092902470 0.035975810 0.104684850 0.072617060 0.080033900 0.079953740 0.088819530 0.076611450 0.077897780 0.084274120 0.006274330 0.000000000 0.000000590 0.000398560 0.001721750 0.045506760 0.045982030 0.080775720 
50     0.054454760 0.066452500 0.067607920 0.068231050 0.069020310 0.068034050 0.062464720 0.069237990 0.065307260 0.066164470 0.067432560 0.068764770 0.077601020 0.082051460 0.080705780 0.031748830 0.064835370 0.064569560 0.033945600 0.035002120 0.042674860 0.035216510 0.035878740 0.036136650 0.062949720 0.075678520 0.067549660 0.081093260 0.077568310 0.075045970 0.074117340 0.074039650 0.087198090 0.092529990 0.043033980 0.104312370 0.072244580 0.079661420 0.079581260 0.091733950 0.076238970 0.077525300 0.091332290 0.006274020 0.000000590 0.000000000 0.000281240 0.001993960 0.045134280 0.032374820 0.100033030 
44     0.056400230 0.068397970 0.069553390 0.070176520 0.070965780 0.069979520 0.064410190 0.071183460 0.067252730 0.068109940 0.069378030 0.070710240 0.079546490 0.083996930 0.082651250 0.029004700 0.066780840 0.066515030 0.031201470 0.032257990 0.039930730 0.032472380 0.033134610 0.033392520 0.064895190 0.077623990 0.069495130 0.083038730 0.079513780 0.076991440 0.076062810 0.075985120 0.089143560 0.094475460 0.040289850 0.106257840 0.074190050 0.081606890 0.081526730 0.093133570 0.078184440 0.079470770 0.088588160 0.006001510 0.000398560 0.000281240 0.000000000 0.002275180 0.047079750 0.044542440 0.101978500 
48     0.053350180 0.065347920 0.066503340 0.067126470 0.067915730 0.066929470 0.061360140 0.068133410 0.064202680 0.065059890 0.066327980 0.067660190 0.076496440 0.080946880 0.079601200 0.022972410 0.063730790 0.063464980 0.025169180 0.026225700 0.033898440 0.026440090 0.027102320 0.027360230 0.060587020 0.074573940 0.066445080 0.079988680 0.076463730 0.073941390 0.073012760 0.072935070 0.086093510 0.091425410 0.034257560 0.097150410 0.071140000 0.078556840 0.078476680 0.087101280 0.075134390 0.076420720 0.082555870 0.013732780 0.001721750 0.001993960 0.002275180 0.000000000 0.044029700 0.044012350 0.098928450 
46     0.046384360 0.037832400 0.037896300 0.037905200 0.037908140 0.060178210 0.054608880 0.061382150 0.029083290 0.045590360 0.027897990 0.014767750 0.069745180 0.074195620 0.072849940 0.022719550 0.056979530 0.056713720 0.037725270 0.048678210 0.067564450 0.058500490 0.062031720 0.051332200 0.044901550 0.067822680 0.051616710 0.073237420 0.069712470 0.067190130 0.066261500 0.066183810 0.079342250 0.084674150 0.050111180 0.028060070 0.064388740 0.071805580 0.071725420 0.083878110 0.068383130 0.069669460 0.088204520 0.012609920 0.045506760 0.045134280 0.047079750 0.044029700 0.000000000 0.000000510 0.022063940 
47     0.047074190 0.038539730 0.038603630 0.038612530 0.038615470 0.060653480 0.055084150 0.059874690 0.047268830 0.058783900 0.028605320 0.015475080 0.070220450 0.074670890 0.073325210 0.023426880 0.057454800 0.057188990 0.060155560 0.061058950 0.068039720 0.067045380 0.064318000 0.062222230 0.055569150 0.068297950 0.060169090 0.073712690 0.070187740 0.067665400 0.066736770 0.066659080 0.079817520 0.085149420 0.068296720 0.046245610 0.064864010 0.072280850 0.072200690 0.084353380 0.068858400 0.070144730 0.088679790 0.016202960 0.045982030 0.032374820 0.044542440 0.044012350 0.000000510 0.000000000 0.022771270 
0     0.065517040 0.015908520 0.015972420 0.015981320 0.015984260 0.082376220 0.066338890 0.054891310 0.079716370 0.068644410 0.020635490 0.007505250 0.084727070 0.086513480 0.086773280 0.000795670 0.069843190 0.072384580 0.055055400 0.054736500 0.077450810 0.081856200 0.055208710 0.084011910 0.053644340 0.067598050 0.059654550 0.073400240 0.065748470 0.061386640 0.064865700 0.063150130 0.101607200 0.106939100 0.094861350 0.113329370 0.068770600 0.070407360 0.071628470 0.068292080 0.076764540 0.068874110 0.078469850 0.112271520 0.080775720 0.100033030 0.101978500 0.098928450 0.022063940 0.022771270 0.000000000 
