51
2     0.000000000 0.001274230 0.010408370 0.010551700 0.009335930 0.002267220 0.008897130 0.001954370 0.002915440 0.012205740 0.011691580 0.013086460 0.006338290 0.001955150 0.012534640 0.012591140 0.012336020 0.006321810 0.001471010 0.003352750 0.002551190 0.004157500 0.013360400 0.010008650 0.000205930 0.008877410 0.000932270 0.000388670 0.005043710 0.004647890 0.007704200 0.009903820 0.008186180 0.008057890 0.001562190 0.005964330 0.004614730 0.006528060 0.011065690 0.011829190 0.015113890 0.010941870 0.009686540 0.009671240 0.004937870 0.012617120 0.008529800 0.007659990 0.004887720 0.006371600 0.010497090 
1     0.001274230 0.000000000 0.001151780 0.000754700 0.000851040 0.006080380 0.007839780 0.007597390 0.000561050 0.007838300 0.003875780 0.012162870 0.011807180 0.000520980 0.001931180 0.010902840 0.002662340 0.000846410 0.001247510 0.005686350 0.000435070 0.002768310 0.011004250 0.007652500 0.001936380 0.001111280 0.001137190 0.003835310 0.003355410 0.002473570 0.006595290 0.007826520 0.007006610 0.005701740 0.006009190 0.003047840 0.001232990 0.002034000 0.007046760 0.009478680 0.004758580 0.002591110 0.008173910 0.007200010 0.005170780 0.005467970 0.006026230 0.005156420 0.003199990 0.004876570 0.008808790 
9     0.010408370 0.001151780 0.000000000 0.000218340 0.000173940 0.000420670 0.010203950 0.004752810 0.002527800 0.008631480 0.002956590 0.008862360 0.008585330 0.007405430 0.007624490 0.006980640 0.007425870 0.010441840 0.008987720 0.010681500 0.010917600 0.004685830 0.015457450 0.012267140 0.007641790 0.009601540 0.012467830 0.006924530 0.009163740 0.008767920 0.011209930 0.000911120 0.007441700 0.005967690 0.002602460 0.012760770 0.007932400 0.003468740 0.005148570 0.011353340 0.003513390 0.012837030 0.014224360 0.015886780 0.015773430 0.013701530 0.014390640 0.013023460 0.006541340 0.001334470 0.009489180 
3     0.010551700 0.000754700 0.000218340 0.000000000 0.000141020 0.002000040 0.001288020 0.001734280 0.006949720 0.011341160 0.010827000 0.009084350 0.008728660 0.006847740 0.000118160 0.007493640 0.007569200 0.010585170 0.010192090 0.015792180 0.001981070 0.001158930 0.015600780 0.012754040 0.012531130 0.011622800 0.012954730 0.007964280 0.009307070 0.008911250 0.011696830 0.012538220 0.012108150 0.005155640 0.011110730 0.014156710 0.010177570 0.002833780 0.002268990 0.008973210 0.003326240 0.012980360 0.017660420 0.016373680 0.012434260 0.013844860 0.007100100 0.006261430 0.005423270 0.000995840 0.009632510 
17     0.009335930 0.000851040 0.000173940 0.000141020 0.000000000 0.000859640 0.007918500 0.004490530 0.004201830 0.009703090 0.007860470 0.009346330 0.001013380 0.000550770 0.002716410 0.002385430 0.000900430 0.005175160 0.000738210 0.000713740 0.002692390 0.004238780 0.016163300 0.014949100 0.012762440 0.003985810 0.004028560 0.004815710 0.007241960 0.005630220 0.012731720 0.013184280 0.012929850 0.004763600 0.004483200 0.011185460 0.012425490 0.003514850 0.009383760 0.005764060 0.012987120 0.012262410 0.014411740 0.005404880 0.013846650 0.001593710 0.003947780 0.002504530 0.001062400 0.002076540 0.003973680 
36     0.002267220 0.006080380 0.000420670 0.002000040 0.000859640 0.000000000 0.006480410 0.004620340 0.002974240 0.004014750 0.006355630 0.006932870 0.000644980 0.002023720 0.005616340 0.002703330 0.005417720 0.005200670 0.000902950 0.013428620 0.008875870 0.000256060 0.006181790 0.002830040 0.002607130 0.001671040 0.003030730 0.002634440 0.006105480 0.002498760 0.002744900 0.004743360 0.003226880 0.002618580 0.002926030 0.006541030 0.005053850 0.002821220 0.000929980 0.004954220 0.009228050 0.005892970 0.010044740 0.008758000 0.008644650 0.008274990 0.001863610 0.007757560 0.009982780 0.006911850 0.007534470 
15     0.008897130 0.007839780 0.010203950 0.001288020 0.007918500 0.006480410 0.000000000 0.007029070 0.007140650 0.009412620 0.013938870 0.022736220 0.017941450 0.006069380 0.017472460 0.020310120 0.019031330 0.008528620 0.014579820 0.015159550 0.012527460 0.012868870 0.017955420 0.014603670 0.011436730 0.007717950 0.014804360 0.000735120 0.001640170 0.016931320 0.013546460 0.012375050 0.013957780 0.010698320 0.011634360 0.011493860 0.012733890 0.006008360 0.012096980 0.012377560 0.011744710 0.005377030 0.014720140 0.014797700 0.014155050 0.018486490 0.002120270 0.022479380 0.021623820 0.020863260 0.001689520 
40     0.001954370 0.007597390 0.004752810 0.001734280 0.004490530 0.004620340 0.007029070 0.000000000 0.005363030 0.006003490 0.005489330 0.011720580 0.011364890 0.003263880 0.003421830 0.003506470 0.007687140 0.009319160 0.010051640 0.003303870 0.009927430 0.004162320 0.007912620 0.004156440 0.003369350 0.008069520 0.010065970 0.004784850 0.006603140 0.003631710 0.007694090 0.008388620 0.008401630 0.006853860 0.006701570 0.008908700 0.010118980 0.000909490 0.006929370 0.007706610 0.008788560 0.007519610 0.012412410 0.011125670 0.011012320 0.008384110 0.012311150 0.002675290 0.002390360 0.011699800 0.003602890 
48     0.002915440 0.000561050 0.002527800 0.006949720 0.004201830 0.002974240 0.007140650 0.005363030 0.000000000 0.005471120 0.002632620 0.005581140 0.001529730 0.001321100 0.006571760 0.001417060 0.003268570 0.003334090 0.001975260 0.006741110 0.000444660 0.000295750 0.008877370 0.009702010 0.001968700 0.000633330 0.004356090 0.001476170 0.000873580 0.001543670 0.005152500 0.005841140 0.004097510 0.000862400 0.003232630 0.007539220 0.009368420 0.001779190 0.001712740 0.003701070 0.004690230 0.000266850 0.001522000 0.001788560 0.000227990 0.010123620 0.005338730 0.005285780 0.003753340 0.001289140 0.005846010 
5     0.012205740 0.007838300 0.008631480 0.011341160 0.009703090 0.004014750 0.009412620 0.006003490 0.005471120 0.000000000 0.000626060 0.014640630 0.003283160 0.009591760 0.009585380 0.013380600 0.010075300 0.012239210 0.011000550 0.009754730 0.005725200 0.010792740 0.013183160 0.004505630 0.013507840 0.009891860 0.013109100 0.009162280 0.010961110 0.010565290 0.010737220 0.011109810 0.011444760 0.009896990 0.009744700 0.007113820 0.008360720 0.009553400 0.006571660 0.010676270 0.011831690 0.003363740 0.013018850 0.009525490 0.004663570 0.009261150 0.003409690 0.005695890 0.005208540 0.010935570 0.004970080 
25     0.011691580 0.003875780 0.002956590 0.010827000 0.007860470 0.006355630 0.013938870 0.005489330 0.002632620 0.000626060 0.000000000 0.013006520 0.001083590 0.006242080 0.007641530 0.002969070 0.004466930 0.008193220 0.009157930 0.007912110 0.000463200 0.001167260 0.008420860 0.008100370 0.004359690 0.005781140 0.010051450 0.011692530 0.000734040 0.005737770 0.010223060 0.011297580 0.010930600 0.002297940 0.004990290 0.008828460 0.011554540 0.009437950 0.006284970 0.004562990 0.002977800 0.002706800 0.008908130 0.008985690 0.008343040 0.010913080 0.003815170 0.004746310 0.008692270 0.005334470 0.002010700 
27     0.013086460 0.012162870 0.008862360 0.009084350 0.009346330 0.006932870 0.022736220 0.011720580 0.005581140 0.014640630 0.013006520 0.000000000 0.002445270 0.002100950 0.001525730 0.003394770 0.002363050 0.013884640 0.017364950 0.009397970 0.002177180 0.007792440 0.009792250 0.019782560 0.013248890 0.010071130 0.012446560 0.016062410 0.008145430 0.003209400 0.003819650 0.004134760 0.004409580 0.010403220 0.009445000 0.001018220 0.006911150 0.010875220 0.015345830 0.016466830 0.017548780 0.016279830 0.025001530 0.017972130 0.023601440 0.017144330 0.021071370 0.017762610 0.016360470 0.017980200 0.010322110 
16     0.006338290 0.011807180 0.008585330 0.008728660 0.001013380 0.000644980 0.017941450 0.011364890 0.001529730 0.003283160 0.001083590 0.002445270 0.000000000 0.000798970 0.001311320 0.002958400 0.002149310 0.013528950 0.007908050 0.000961940 0.003200650 0.002740910 0.018544560 0.014755890 0.004727610 0.000851870 0.005030090 0.000521800 0.004880700 0.001298840 0.014243170 0.015474400 0.014654490 0.004168510 0.005275510 0.016703050 0.014966790 0.006016650 0.001798600 0.006208590 0.007404380 0.010144060 0.007557210 0.012365960 0.011057570 0.002833920 0.005172870 0.003012620 0.004607990 0.013403740 0.012576290 
45     0.001955150 0.000520980 0.007405430 0.006847740 0.000550770 0.002023720 0.006069380 0.003263880 0.001321100 0.009591760 0.006242080 0.002100950 0.000798970 0.000000000 0.000607360 0.000619660 0.002286640 0.012349050 0.011968640 0.000311330 0.002573130 0.003354730 0.010303200 0.014837770 0.002525750 0.001601990 0.007278140 0.008117110 0.011070950 0.003568070 0.012300610 0.002297210 0.012019830 0.005925200 0.000748420 0.007511680 0.007243090 0.000827060 0.009485800 0.009766380 0.012219610 0.009959630 0.008634640 0.012186520 0.011543870 0.015404670 0.000353930 0.006111740 0.005367880 0.002385690 0.005118630 
42     0.012534640 0.001931180 0.007624490 0.000118160 0.002716410 0.005616340 0.017472460 0.003421830 0.006571760 0.009585380 0.007641530 0.001525730 0.001311320 0.000607360 0.000000000 0.001945580 0.001690460 0.006920220 0.008572310 0.002768050 0.003441280 0.002201390 0.016278680 0.014831390 0.012898090 0.013700150 0.014202830 0.014635790 0.003220830 0.004740270 0.011417690 0.004000370 0.007679920 0.009461200 0.010568200 0.004864880 0.014497800 0.004133090 0.001244020 0.015150300 0.008752950 0.013108380 0.019737770 0.004972340 0.014288080 0.012049760 0.005209550 0.004510530 0.011806420 0.013357200 0.011615450 
49     0.012591140 0.010902840 0.006980640 0.007493640 0.002385430 0.002703330 0.020310120 0.003506470 0.001417060 0.013380600 0.002969070 0.003394770 0.002958400 0.000619660 0.001945580 0.000000000 0.000243810 0.000363680 0.017551830 0.005053130 0.000424460 0.002435810 0.010876680 0.018361120 0.013955040 0.002646080 0.009527840 0.004336530 0.011346510 0.009270750 0.000500320 0.000815430 0.001090250 0.001161990 0.013051450 0.016566760 0.008930570 0.005043670 0.008892500 0.014487090 0.016288750 0.000386960 0.019736220 0.010046300 0.000388810 0.005885820 0.000729100 0.001756930 0.002251180 0.000716750 0.000174500 
28     0.012336020 0.002662340 0.007425870 0.007569200 0.000900430 0.005417720 0.019031330 0.007687140 0.003268570 0.010075300 0.004466930 0.002363050 0.002149310 0.002286640 0.001690460 0.000243810 0.000000000 0.012369490 0.002204020 0.007774660 0.001715280 0.004559400 0.017385100 0.016390260 0.001793300 0.000663230 0.001252570 0.001727620 0.011091390 0.010695570 0.002774380 0.003089490 0.003364310 0.001015020 0.013106090 0.016311640 0.016056670 0.014154050 0.007101120 0.008844760 0.016033630 0.014764680 0.021296640 0.002413000 0.003940140 0.010402350 0.014378070 0.013907710 0.013420360 0.007096010 0.011416830 
11     0.006321810 0.000846410 0.010441840 0.010585170 0.005175160 0.005200670 0.008528620 0.009319160 0.003334090 0.012239210 0.008193220 0.013884640 0.013528950 0.012349050 0.006920220 0.000363680 0.012369490 0.000000000 0.004808710 0.017426320 0.000813900 0.004217300 0.016498830 0.005463330 0.001114570 0.000119090 0.006494430 0.015637110 0.003010180 0.003469960 0.011986130 0.011886330 0.010005110 0.006351200 0.009474100 0.015425370 0.004621800 0.004082010 0.008547110 0.009208010 0.010657260 0.012709070 0.014815450 0.014341170 0.012850060 0.014742910 0.009463230 0.009505180 0.009102160 0.009435360 0.008861610 
37     0.001471010 0.001247510 0.008987720 0.010192090 0.000738210 0.000902950 0.014579820 0.010051640 0.001975260 0.011000550 0.009157930 0.017364950 0.007908050 0.011968640 0.008572310 0.017551830 0.002204020 0.004808710 0.000000000 0.001198290 0.000205670 0.000877360 0.005882040 0.012674500 0.003471550 0.000423030 0.000913620 0.001483060 0.004086260 0.003831860 0.004050730 0.007620710 0.006148330 0.002118740 0.004394590 0.003427490 0.000241920 0.000680510 0.002207570 0.004934700 0.007235420 0.000799040 0.003046680 0.016116780 0.002912630 0.000481640 0.006595180 0.006837450 0.004971440 0.006273030 0.003063860 
29     0.003352750 0.005686350 0.010681500 0.015792180 0.000713740 0.013428620 0.015159550 0.003303870 0.006741110 0.009754730 0.007912110 0.009397970 0.000961940 0.000311330 0.002768050 0.005053130 0.007774660 0.017426320 0.001198290 0.000000000 0.004214800 0.005428650 0.005156250 0.015000740 0.003007290 0.010156730 0.002795360 0.003364800 0.007501670 0.009486050 0.009168980 0.010243500 0.009876520 0.008048140 0.008176460 0.007439680 0.011299230 0.008383870 0.008404260 0.009181500 0.010263450 0.003100680 0.015480180 0.008249960 0.009350280 0.009859000 0.004375170 0.006569250 0.004609430 0.009618110 0.011290260 
19     0.002551190 0.000435070 0.010917600 0.001981070 0.002692390 0.008875870 0.012527460 0.009927430 0.000444660 0.005725200 0.000463200 0.002177180 0.003200650 0.002573130 0.003441280 0.000424460 0.001715280 0.000813900 0.000205670 0.004214800 0.000000000 0.000572810 0.005492260 0.012829020 0.001874210 0.000055190 0.001993800 0.002563240 0.015008130 0.006653040 0.006421980 0.006391540 0.004756560 0.002408810 0.000383890 0.003051520 0.001698800 0.002071070 0.001962440 0.003882750 0.007516450 0.006247500 0.013986860 0.014064420 0.011060260 0.007112000 0.003925990 0.001372080 0.001604200 0.004016210 0.001246760 
20     0.004157500 0.002768310 0.004685830 0.001158930 0.004238780 0.000256060 0.012868870 0.004162320 0.000295750 0.010792740 0.001167260 0.007792440 0.002740910 0.003354730 0.002201390 0.002435810 0.004559400 0.004217300 0.000877360 0.005428650 0.000572810 0.000000000 0.002828910 0.002667360 0.000230160 0.000293890 0.002868050 0.002471760 0.003651050 0.000935830 0.003349450 0.001769440 0.001806240 0.002103640 0.002575470 0.003702130 0.004891170 0.000706520 0.001868010 0.003975070 0.002874810 0.000203230 0.004317460 0.008595320 0.001227940 0.004749210 0.000226410 0.005327860 0.004188390 0.003554920 0.008250810 
41     0.013360400 0.011004250 0.015457450 0.015600780 0.016163300 0.006181790 0.017955420 0.007912620 0.008877370 0.013183160 0.008420860 0.009792250 0.018544560 0.010303200 0.016278680 0.010876680 0.017385100 0.016498830 0.005882040 0.005156250 0.005492260 0.002828910 0.000000000 0.007018950 0.004948070 0.005077490 0.006137120 0.000949380 0.010271730 0.009788690 0.005760160 0.005242060 0.006336540 0.004919930 0.004767640 0.002706220 0.007067770 0.003742410 0.002404150 0.006013820 0.007095770 0.005826820 0.011606790 0.013681870 0.013568520 0.006787960 0.011129030 0.010577990 0.009620250 0.010557370 0.008313420 
33     0.010008650 0.007652500 0.012267140 0.012754040 0.014949100 0.002830040 0.014603670 0.004156440 0.009702010 0.004505630 0.008100370 0.019782560 0.014755890 0.014837770 0.014831390 0.018361120 0.016390260 0.005463330 0.012674500 0.015000740 0.012829020 0.002667360 0.007018950 0.000000000 0.000762560 0.000114230 0.000485910 0.000988040 0.002447430 0.001616540 0.005084250 0.006315480 0.002691840 0.004190700 0.004498150 0.008113150 0.006625970 0.010556100 0.001657750 0.002443250 0.006706710 0.009128250 0.011616860 0.010330120 0.010216770 0.007767950 0.012072030 0.004342010 0.008567190 0.003493060 0.008610880 
50     0.000205930 0.001936380 0.007641790 0.012531130 0.012762440 0.002607130 0.011436730 0.003369350 0.001968700 0.013507840 0.004359690 0.013248890 0.004727610 0.002525750 0.012898090 0.013955040 0.001793300 0.001114570 0.003471550 0.003007290 0.001874210 0.000230160 0.004948070 0.000762560 0.000000000 0.000445660 0.001138140 0.001486830 0.004583150 0.001555870 0.004839020 0.005339270 0.005272660 0.003102480 0.002494600 0.007493380 0.004878020 0.002400680 0.001152830 0.006374560 0.007456510 0.004312120 0.006411340 0.003509870 0.002841550 0.007148700 0.000494370 0.008033050 0.008546930 0.008483130 0.005883200 
31     0.008877410 0.001111280 0.009601540 0.011622800 0.003985810 0.001671040 0.007717950 0.008069520 0.000633330 0.009891860 0.005781140 0.010071130 0.000851870 0.001601990 0.013700150 0.002646080 0.000663230 0.000119090 0.000423030 0.010156730 0.000055190 0.000293890 0.005077490 0.000114230 0.000445660 0.000000000 0.000856950 0.001000750 0.000907870 0.001368640 0.001048400 0.005184240 0.002409430 0.001335150 0.001662220 0.001603780 0.004066470 0.000372510 0.000822520 0.000980850 0.004143120 0.000292260 0.002847580 0.003341770 0.002699120 0.002600330 0.004547150 0.004865230 0.003221630 0.001892640 0.003719900 
46     0.000932270 0.001137190 0.012467830 0.012954730 0.004028560 0.003030730 0.014804360 0.010065970 0.004356090 0.013109100 0.010051450 0.012446560 0.005030090 0.007278140 0.014202830 0.009527840 0.001252570 0.006494430 0.000913620 0.002795360 0.001993800 0.002868050 0.006137120 0.000485910 0.001138140 0.000856950 0.000000000 0.000944320 0.006516160 0.006484960 0.005284940 0.005782920 0.005696260 0.002765310 0.004540160 0.005406940 0.006826660 0.003434280 0.000504980 0.005939760 0.007021710 0.000510920 0.003757070 0.010530810 0.010417460 0.006713900 0.011094660 0.010503930 0.010547960 0.010483310 0.004661710 
12     0.000388670 0.003835310 0.006924530 0.007964280 0.004815710 0.002634440 0.000735120 0.004784850 0.001476170 0.009162280 0.011692530 0.016062410 0.000521800 0.008117110 0.014635790 0.004336530 0.001727620 0.015637110 0.001483060 0.003364800 0.002563240 0.002471760 0.000949380 0.000988040 0.001486830 0.001000750 0.000944320 0.000000000 0.006080440 0.003119330 0.003637030 0.002383050 0.004195920 0.003017780 0.003567960 0.001655210 0.006430370 0.004113330 0.003512680 0.005152100 0.006234050 0.004965100 0.002908650 0.010134520 0.010021170 0.005926240 0.006072540 0.005446570 0.004117130 0.005711410 0.009348260 
32     0.005043710 0.003355410 0.009163740 0.009307070 0.007241960 0.006105480 0.001640170 0.006603140 0.000873580 0.010961110 0.000734040 0.008145430 0.004880700 0.011070950 0.003220830 0.011346510 0.011091390 0.003010180 0.004086260 0.007501670 0.015008130 0.003651050 0.010271730 0.002447430 0.004583150 0.000907870 0.006516160 0.006080440 0.000000000 0.000192470 0.007712390 0.008943620 0.008123710 0.006818840 0.005941460 0.007141530 0.006552320 0.004264550 0.000221450 0.001022850 0.012496080 0.000388010 0.010765120 0.012958260 0.012844910 0.006815240 0.013318930 0.012739120 0.011866060 0.014931040 0.009252460 
35     0.004647890 0.002473570 0.008767920 0.008911250 0.005630220 0.002498760 0.016931320 0.003631710 0.001543670 0.010565290 0.005737770 0.003209400 0.001298840 0.003568070 0.004740270 0.009270750 0.010695570 0.003469960 0.003831860 0.009486050 0.006653040 0.000935830 0.009788690 0.001616540 0.001555870 0.001368640 0.006484960 0.003119330 0.000192470 0.000000000 0.007411900 0.008643130 0.007823220 0.006497230 0.005458420 0.006526350 0.002150610 0.003155750 0.000681440 0.001482840 0.012464880 0.000848000 0.007603460 0.012657770 0.012544420 0.003408990 0.006486640 0.007539440 0.007420220 0.003650620 0.008856640 
6     0.007704200 0.006595290 0.011209930 0.011696830 0.012731720 0.002744900 0.013546460 0.007694090 0.005152500 0.010737220 0.010223060 0.003819650 0.014243170 0.012300610 0.011417690 0.000500320 0.002774380 0.011986130 0.004050730 0.009168980 0.006421980 0.003349450 0.005760160 0.005084250 0.004839020 0.001048400 0.005284940 0.003637030 0.007712390 0.007411900 0.000000000 0.000315490 0.000038150 0.001554670 0.001402380 0.004686700 0.005568760 0.002529110 0.002790640 0.003567880 0.004649830 0.003380880 0.010559650 0.009272910 0.009159560 0.004342020 0.008722780 0.005919400 0.007966240 0.002705880 0.005356300 
43     0.009903820 0.007826520 0.000911120 0.012538220 0.013184280 0.004743360 0.012375050 0.008388620 0.005841140 0.011109810 0.011297580 0.004134760 0.015474400 0.002297210 0.004000370 0.000815430 0.003089490 0.011886330 0.007620710 0.010243500 0.006391540 0.001769440 0.005242060 0.006315480 0.005339270 0.005184240 0.005782920 0.002383050 0.008943620 0.008643130 0.000315490 0.000000000 0.000540470 0.002623250 0.001528820 0.005761220 0.006799990 0.000604710 0.003865160 0.004642400 0.005724350 0.000655230 0.011790880 0.010504140 0.001780670 0.005416540 0.009797300 0.004605590 0.000146910 0.002621870 0.005937240 
14     0.008186180 0.007006610 0.007441700 0.012108150 0.012929850 0.003226880 0.013957780 0.008401630 0.004097510 0.011444760 0.010930600 0.004409580 0.014654490 0.012019830 0.007679920 0.001090250 0.003364310 0.010005110 0.006148330 0.009876520 0.004756560 0.001806240 0.006336540 0.002691840 0.005272660 0.002409430 0.005696260 0.004195920 0.008123710 0.007823220 0.000038150 0.000540470 0.000000000 0.002256270 0.002103980 0.005394240 0.005980080 0.002449570 0.003498180 0.004275420 0.005357370 0.004088420 0.010970970 0.009684230 0.009570880 0.005049560 0.009430320 0.008561360 0.002629040 0.005347840 0.007827870 
39     0.008057890 0.005701740 0.005967690 0.005155640 0.004763600 0.002618580 0.010698320 0.006853860 0.000862400 0.009896990 0.002297940 0.010403220 0.004168510 0.005925200 0.009461200 0.001161990 0.001015020 0.006351200 0.002118740 0.008048140 0.002408810 0.002103640 0.004919930 0.004190700 0.003102480 0.001335150 0.002765310 0.003017780 0.006818840 0.006497230 0.001554670 0.002623250 0.002256270 0.000000000 0.000499050 0.003846470 0.004675210 0.001688880 0.001950410 0.002727650 0.003809600 0.002540650 0.008608340 0.008379360 0.008043250 0.003501790 0.007882550 0.007291820 0.007335850 0.007271200 0.001571910 
44     0.001562190 0.006009190 0.002602460 0.011110730 0.004483200 0.002926030 0.011634360 0.006701570 0.003232630 0.009744700 0.004990290 0.009445000 0.005275510 0.000748420 0.010568200 0.013051450 0.013106090 0.009474100 0.004394590 0.008176460 0.000383890 0.002575470 0.004767640 0.004498150 0.002494600 0.001662220 0.004540160 0.003567960 0.005941460 0.005458420 0.001402380 0.001528820 0.002103980 0.000499050 0.000000000 0.003694180 0.004746590 0.001536590 0.001798120 0.002575360 0.002143780 0.002388360 0.000670950 0.008068770 0.003086230 0.003349500 0.007730260 0.007139530 0.007183560 0.007118910 0.002083360 
24     0.005964330 0.003047840 0.012760770 0.014156710 0.011185460 0.006541030 0.011493860 0.008908700 0.007539220 0.007113820 0.008828460 0.001018220 0.016703050 0.007511680 0.004864880 0.016566760 0.016311640 0.015425370 0.003427490 0.007439680 0.003051520 0.003702130 0.002706220 0.008113150 0.007493380 0.001603780 0.005406940 0.001655210 0.007141530 0.006526350 0.004686700 0.005761220 0.005394240 0.003846470 0.003694180 0.000000000 0.001020010 0.002784310 0.000755790 0.002483810 0.006022310 0.003086020 0.001450710 0.002047370 0.003743490 0.005714500 0.010095260 0.009504530 0.009548560 0.009483910 0.006838540 
23     0.004614730 0.001232990 0.007932400 0.010177570 0.012425490 0.005053850 0.012733890 0.010118980 0.009368420 0.008360720 0.011554540 0.006911150 0.014966790 0.007243090 0.014497800 0.008930570 0.016056670 0.004621800 0.000241920 0.011299230 0.001698800 0.004891170 0.007067770 0.006625970 0.004878020 0.004066470 0.006826660 0.006430370 0.006552320 0.002150610 0.005568760 0.006799990 0.005980080 0.004675210 0.004746590 0.001020010 0.000000000 0.003578900 0.005215530 0.002685540 0.007074720 0.002572430 0.005347560 0.010245610 0.010132260 0.006126420 0.011147670 0.010556940 0.010600970 0.003453490 0.003951800 
4     0.006528060 0.002034000 0.003468740 0.002833780 0.003514850 0.002821220 0.006008360 0.000909490 0.001779190 0.009553400 0.009437950 0.010875220 0.006016650 0.000827060 0.004133090 0.005043670 0.014154050 0.004082010 0.000680510 0.008383870 0.002071070 0.000706520 0.003742410 0.010556100 0.002400680 0.000372510 0.003434280 0.004113330 0.004264550 0.003155750 0.002529110 0.000604710 0.002449570 0.001688880 0.001536590 0.002784310 0.003578900 0.000000000 0.001901720 0.002350110 0.003864720 0.000518200 0.000903860 0.003109930 0.011482850 0.000834720 0.005782940 0.005582750 0.005260450 0.005277690 0.004161070 
38     0.011065690 0.007046760 0.005148570 0.002268990 0.009383760 0.000929980 0.012096980 0.006929370 0.001712740 0.006571660 0.006284970 0.015345830 0.001798600 0.009485800 0.001244020 0.008892500 0.007101120 0.008547110 0.002207570 0.008404260 0.001962440 0.001868010 0.002404150 0.001657750 0.001152830 0.000822520 0.000504980 0.003512680 0.000221450 0.000681440 0.002790640 0.003865160 0.003498180 0.001950410 0.001798120 0.000755790 0.005215530 0.001901720 0.000000000 0.000214800 0.001871830 0.000390700 0.004937520 0.003942260 0.003828910 0.003577300 0.001917270 0.003480790 0.007411360 0.003094420 0.006522390 
47     0.011829190 0.009478680 0.011353340 0.008973210 0.005764060 0.004954220 0.012377560 0.007706610 0.003701070 0.010676270 0.004562990 0.016466830 0.006208590 0.009766380 0.015150300 0.014487090 0.008844760 0.009208010 0.004934700 0.009181500 0.003882750 0.003975070 0.006013820 0.002443250 0.006374560 0.000980850 0.005939760 0.005152100 0.001022850 0.001482840 0.003567880 0.004642400 0.004275420 0.002727650 0.002575360 0.002483810 0.002685540 0.002350110 0.000214800 0.000000000 0.003388670 0.000933640 0.004107840 0.004185400 0.003542750 0.004354540 0.004994450 0.004998190 0.008188600 0.004611820 0.008482400 
21     0.015113890 0.004758580 0.003513390 0.003326240 0.012987120 0.009228050 0.011744710 0.008788560 0.004690230 0.011831690 0.002977800 0.017548780 0.007404380 0.012219610 0.008752950 0.016288750 0.016033630 0.010657260 0.007235420 0.010263450 0.007516450 0.002874810 0.007095770 0.006706710 0.007456510 0.004143120 0.007021710 0.006234050 0.012496080 0.012464880 0.004649830 0.005724350 0.005357370 0.003809600 0.002143780 0.006022310 0.007074720 0.003864720 0.001871830 0.003388670 0.000000000 0.000804530 0.007369800 0.006083060 0.002338450 0.005436490 0.003038860 0.003042600 0.009270550 0.002656230 0.007938890 
13     0.010941870 0.002591110 0.012837030 0.012980360 0.012262410 0.005892970 0.005377030 0.007519610 0.000266850 0.003363740 0.002706800 0.016279830 0.010144060 0.009959630 0.013108380 0.000386960 0.014764680 0.012709070 0.000799040 0.003100680 0.006247500 0.000203230 0.005826820 0.009128250 0.004312120 0.000292260 0.000510920 0.004965100 0.000388010 0.000848000 0.003380880 0.000655230 0.004088420 0.002540650 0.002388360 0.003086020 0.002572430 0.000518200 0.000390700 0.000933640 0.000804530 0.000000000 0.004061890 0.001070130 0.002661800 0.004167540 0.003119990 0.003123730 0.004574890 0.002737360 0.002267430 
26     0.009686540 0.008173910 0.014224360 0.017660420 0.014411740 0.010044740 0.014720140 0.012412410 0.001522000 0.013018850 0.008908130 0.025001530 0.007557210 0.008634640 0.019737770 0.019736220 0.021296640 0.014815450 0.003046680 0.015480180 0.013986860 0.004317460 0.011606790 0.011616860 0.006411340 0.002847580 0.003757070 0.002908650 0.010765120 0.007603460 0.010559650 0.011790880 0.010970970 0.008608340 0.000670950 0.001450710 0.005347560 0.000903860 0.004937520 0.004107840 0.007369800 0.004061890 0.000000000 0.000329180 0.000378500 0.009229250 0.010571640 0.010575380 0.009941400 0.007867510 0.003212000 
10     0.009671240 0.007200010 0.015886780 0.016373680 0.005404880 0.008758000 0.014797700 0.011125670 0.001788560 0.009525490 0.008985690 0.017972130 0.012365960 0.012186520 0.004972340 0.010046300 0.002413000 0.014341170 0.016116780 0.008249960 0.014064420 0.008595320 0.013681870 0.010330120 0.003509870 0.003341770 0.010530810 0.010134520 0.012958260 0.012657770 0.009272910 0.010504140 0.009684230 0.008379360 0.008068770 0.002047370 0.010245610 0.003109930 0.003942260 0.004185400 0.006083060 0.001070130 0.000329180 0.000000000 0.000049460 0.008603990 0.016453920 0.019102670 0.017902280 0.018085580 0.011215840 
22     0.004937870 0.005170780 0.015773430 0.012434260 0.013846650 0.008644650 0.014155050 0.011012320 0.000227990 0.004663570 0.008343040 0.023601440 0.011057570 0.011543870 0.014288080 0.000388810 0.003940140 0.012850060 0.002912630 0.009350280 0.011060260 0.001227940 0.013568520 0.010216770 0.002841550 0.002699120 0.010417460 0.010021170 0.012844910 0.012544420 0.009159560 0.001780670 0.009570880 0.008043250 0.003086230 0.003743490 0.010132260 0.011482850 0.003828910 0.003542750 0.002338450 0.002661800 0.000378500 0.000049460 0.000000000 0.009036420 0.016984910 0.011765110 0.008724450 0.009659520 0.007946030 
18     0.012617120 0.005467970 0.013701530 0.013844860 0.001593710 0.008274990 0.018486490 0.008384110 0.010123620 0.009261150 0.010913080 0.017144330 0.002833920 0.015404670 0.012049760 0.005885820 0.010402350 0.014742910 0.000481640 0.009859000 0.007112000 0.004749210 0.006787960 0.007767950 0.007148700 0.002600330 0.006713900 0.005926240 0.006815240 0.003408990 0.004342020 0.005416540 0.005049560 0.003501790 0.003349500 0.005714500 0.006126420 0.000834720 0.003577300 0.004354540 0.005436490 0.004167540 0.009229250 0.008603990 0.009036420 0.000000000 0.006297680 0.006097490 0.005947010 0.005792430 0.009595510 
34     0.008529800 0.006026230 0.014390640 0.007100100 0.003947780 0.001863610 0.002120270 0.012311150 0.005338730 0.003409690 0.003815170 0.021071370 0.005172870 0.000353930 0.005209550 0.000729100 0.014378070 0.009463230 0.006595180 0.004375170 0.003925990 0.000226410 0.011129030 0.012072030 0.000494370 0.004547150 0.011094660 0.006072540 0.013318930 0.006486640 0.008722780 0.009797300 0.009430320 0.007882550 0.007730260 0.010095260 0.011147670 0.005782940 0.001917270 0.004994450 0.003038860 0.003119990 0.010571640 0.016453920 0.016984910 0.006297680 0.000000000 0.000840080 0.000563790 0.000453710 0.005378000 
7     0.007659990 0.005156420 0.013023460 0.006261430 0.002504530 0.007757560 0.022479380 0.002675290 0.005285780 0.005695890 0.004746310 0.017762610 0.003012620 0.006111740 0.004510530 0.001756930 0.013907710 0.009505180 0.006837450 0.006569250 0.001372080 0.005327860 0.010577990 0.004342010 0.008033050 0.004865230 0.010503930 0.005446570 0.012739120 0.007539440 0.005919400 0.004605590 0.008561360 0.007291820 0.007139530 0.009504530 0.010556940 0.005582750 0.003480790 0.004998190 0.003042600 0.003123730 0.010575380 0.019102670 0.011765110 0.006097490 0.000840080 0.000000000 0.000138410 0.000406250 0.007167370 
8     0.004887720 0.003199990 0.006541340 0.005423270 0.001062400 0.009982780 0.021623820 0.002390360 0.003753340 0.005208540 0.008692270 0.016360470 0.004607990 0.005367880 0.011806420 0.002251180 0.013420360 0.009102160 0.004971440 0.004609430 0.001604200 0.004188390 0.009620250 0.008567190 0.008546930 0.003221630 0.010547960 0.004117130 0.011866060 0.007420220 0.007966240 0.000146910 0.002629040 0.007335850 0.007183560 0.009548560 0.010600970 0.005260450 0.007411360 0.008188600 0.009270550 0.004574890 0.009941400 0.017902280 0.008724450 0.005947010 0.000563790 0.000138410 0.000000000 0.000315170 0.006764350 
30     0.006371600 0.004876570 0.001334470 0.000995840 0.002076540 0.006911850 0.020863260 0.011699800 0.001289140 0.010935570 0.005334470 0.017980200 0.013403740 0.002385690 0.013357200 0.000716750 0.007096010 0.009435360 0.006273030 0.009618110 0.004016210 0.003554920 0.010557370 0.003493060 0.008483130 0.001892640 0.010483310 0.005711410 0.014931040 0.003650620 0.002705880 0.002621870 0.005347840 0.007271200 0.007118910 0.009483910 0.003453490 0.005277690 0.003094420 0.004611820 0.002656230 0.002737360 0.007867510 0.018085580 0.009659520 0.005792430 0.000453710 0.000406250 0.000315170 0.000000000 0.007097550 
0     0.010497090 0.008808790 0.009489180 0.009632510 0.003973680 0.007534470 0.001689520 0.003602890 0.005846010 0.004970080 0.002010700 0.010322110 0.012576290 0.005118630 0.011615450 0.000174500 0.011416830 0.008861610 0.003063860 0.011290260 0.001246760 0.008250810 0.008313420 0.008610880 0.005883200 0.003719900 0.004661710 0.009348260 0.009252460 0.008856640 0.005356300 0.005937240 0.007827870 0.001571910 0.002083360 0.006838540 0.003951800 0.004161070 0.006522390 0.008482400 0.007938890 0.002267430 0.003212000 0.011215840 0.007946030 0.009595510 0.005378000 0.007167370 0.006764350 0.007097550 0.000000000 
