51
2     0.000000000 0.150375043 0.609099186 0.618628234 0.597078977 0.495419289 0.839125330 0.594669030 0.500106635 0.649136095 0.597413626 0.766509538 0.683639254 0.694186581 0.697106801 0.674100592 0.686389981 0.734137730 0.591580679 0.686321731 0.568929119 0.469779499 0.715623335 0.673292408 0.541853820 0.491172920 0.553954529 0.541720580 0.551122709 0.548767628 0.521298953 0.525601865 0.522931458 0.458713636 0.466450141 0.545102669 0.551590646 0.465196787 0.480287984 0.500192447 0.592008235 0.527805913 0.732417207 0.736802311 0.726662325 0.702890117 0.611280620 0.597797746 0.593568252 0.595004467 0.777733832 
1     0.150375043 0.000000000 0.575016718 0.585198409 0.562121191 0.463458267 0.800693094 0.560410924 0.462951446 0.613333563 0.562559028 0.727776097 0.644895444 0.655070652 0.656467796 0.635513593 0.647597451 0.696135488 0.556610624 0.648664449 0.533669181 0.432870347 0.678991942 0.636310138 0.505520094 0.455380998 0.517418910 0.505901525 0.515843494 0.513155644 0.482896828 0.490914132 0.486644699 0.423728509 0.431597546 0.513222827 0.520830530 0.431242211 0.448331138 0.468076945 0.561003495 0.494305708 0.699120842 0.704585675 0.695578065 0.665139756 0.575714362 0.564109909 0.560008019 0.561117944 0.739919219 
9     0.609099186 0.575016718 0.000000000 0.114936280 0.258158314 0.287285779 0.745417605 0.506022939 0.415235698 0.566578625 0.514903613 0.676139886 0.598312408 0.604179357 0.608901974 0.590318405 0.606169998 0.645154824 0.627261865 0.713912222 0.596771259 0.480887007 0.731389180 0.686480072 0.560047661 0.509324245 0.565771823 0.558415915 0.566693660 0.561740288 0.518848995 0.528884210 0.524536770 0.464378918 0.469292869 0.563041734 0.569687645 0.485862031 0.495296037 0.512241259 0.604923033 0.537645100 0.766233951 0.768649161 0.759382980 0.724849982 0.626548735 0.620275690 0.616964511 0.615543649 0.776815416 
3     0.618628234 0.585198409 0.114936280 0.000000000 0.256262145 0.297407815 0.753143848 0.512414843 0.423054973 0.575768029 0.525244207 0.687069411 0.609442008 0.616022606 0.618890556 0.600063221 0.616341106 0.653006791 0.636425664 0.724171032 0.605708791 0.490810259 0.740720750 0.695586767 0.571177404 0.520258741 0.575378897 0.567880103 0.575577043 0.570371989 0.525999328 0.536912297 0.532568307 0.473297888 0.478049437 0.571156510 0.578600520 0.494703270 0.502655271 0.520995738 0.612631684 0.545709632 0.772498791 0.775107833 0.765836852 0.731991984 0.637655821 0.631073509 0.627258507 0.625717414 0.784522741 
17     0.597078977 0.562121191 0.258158314 0.256262145 0.000000000 0.273061874 0.728886454 0.491138141 0.397348876 0.552584548 0.499051631 0.663036073 0.586308426 0.591758474 0.592810885 0.575945474 0.591587232 0.631107743 0.616354397 0.703730844 0.582909491 0.473039132 0.723613445 0.675952780 0.549827649 0.498953443 0.557474691 0.548826768 0.554417435 0.549297669 0.504044651 0.516613450 0.511024326 0.452922200 0.456235837 0.554161721 0.560732718 0.472252353 0.481938015 0.499972624 0.591291802 0.524902843 0.759846098 0.761894742 0.752518911 0.714158333 0.614391665 0.606614698 0.602917966 0.601562743 0.757122153 
36     0.495419289 0.463458267 0.287285779 0.297407815 0.273061874 0.000000000 0.637852800 0.404555586 0.304248054 0.459190100 0.406732674 0.568818995 0.491663164 0.497023036 0.502955234 0.478273982 0.494138090 0.541619920 0.505088387 0.588922910 0.472087418 0.365457309 0.618111634 0.567046260 0.443271615 0.398573380 0.453721669 0.447258565 0.448759352 0.444292751 0.407134040 0.415546317 0.410802723 0.349677366 0.356608134 0.451224009 0.455754174 0.372070200 0.375202086 0.392789688 0.487560448 0.420574522 0.646548387 0.649186999 0.641233032 0.603015197 0.511142246 0.503730048 0.500085011 0.497939824 0.668943049 
15     0.839125330 0.800693094 0.745417605 0.753143848 0.728886454 0.637852800 0.000000000 0.692827543 0.631155881 0.785633058 0.733283419 0.883572575 0.808643849 0.811342546 0.821392243 0.792907806 0.813078684 0.856526291 0.857438329 0.941273714 0.825137546 0.710963196 0.968001122 0.918622134 0.792653451 0.750539823 0.804180583 0.795511973 0.802052102 0.797630487 0.752411478 0.761645896 0.757307518 0.701155710 0.707375681 0.798270807 0.805675364 0.707229997 0.727297429 0.743599071 0.833459647 0.768118651 0.991301673 0.996724692 0.988279996 0.955212600 0.856050270 0.844825129 0.841327079 0.839124442 1.005294781 
40     0.594669030 0.560410924 0.506022939 0.512414843 0.491138141 0.404555586 0.692827543 0.000000000 0.395634746 0.551014493 0.500088486 0.657745045 0.581142428 0.583415662 0.594476266 0.572487328 0.587439955 0.632549247 0.615144337 0.694567958 0.582865468 0.478160423 0.727379478 0.676181446 0.548806050 0.500802308 0.561971475 0.544757227 0.558287021 0.553951049 0.512448494 0.518680653 0.516921369 0.459752426 0.465530422 0.556771581 0.562045586 0.473718680 0.484743450 0.502510029 0.596239554 0.529458130 0.752736108 0.755618349 0.746975469 0.715751388 0.617695675 0.608332808 0.605203379 0.602395064 0.754483968 
48     0.500106635 0.462951446 0.415235698 0.423054973 0.397348876 0.304248054 0.631155881 0.395634746 0.000000000 0.397103063 0.360320594 0.512258552 0.436350777 0.438754475 0.448144533 0.424524048 0.441392649 0.513501134 0.511466110 0.596709407 0.484553774 0.369341571 0.621562728 0.578553907 0.448800230 0.402253941 0.455912404 0.449406640 0.453516531 0.449666887 0.402238469 0.412152410 0.409062486 0.351246578 0.357170998 0.454769521 0.461702568 0.367507093 0.382489853 0.397559959 0.487680885 0.422828520 0.645629163 0.646267128 0.638407817 0.605387506 0.509942999 0.499174682 0.495808301 0.494486647 0.647788047 
5     0.649136095 0.613333563 0.566578625 0.575768029 0.552584548 0.459190100 0.785633058 0.551014493 0.397103063 0.000000000 0.213923719 0.613272178 0.534425075 0.540134171 0.551477539 0.527176052 0.542386922 0.677624778 0.659732320 0.744425533 0.640055367 0.525571045 0.777523942 0.729587661 0.602108348 0.557996403 0.614999595 0.607359643 0.610681827 0.607751105 0.552152612 0.563960067 0.560897051 0.503419491 0.507703272 0.596819544 0.605739591 0.515984044 0.531466438 0.548741056 0.637101944 0.571479684 0.801463790 0.801050271 0.794648372 0.755470794 0.670115600 0.660349781 0.657436919 0.654721459 0.798519567 
25     0.597413626 0.562559028 0.514903613 0.525244207 0.499051631 0.406732674 0.733283419 0.500088486 0.360320594 0.213923719 0.000000000 0.573687521 0.496109653 0.501102004 0.508911645 0.482191283 0.498241506 0.628283362 0.612673744 0.696891336 0.588516750 0.477713149 0.729547668 0.675358939 0.545952032 0.510351256 0.566102195 0.557049105 0.561489730 0.557432140 0.510102912 0.520595667 0.517738225 0.459463430 0.464190044 0.552580298 0.561523401 0.471677634 0.484772820 0.501446466 0.592849538 0.527845392 0.755020138 0.756664488 0.750133846 0.712154039 0.621587414 0.613827347 0.611712613 0.609167276 0.753549211 
27     0.766509538 0.727776097 0.676139886 0.687069411 0.663036073 0.568818995 0.883572575 0.657745045 0.512258552 0.613272178 0.573687521 0.000000000 0.258695707 0.259078531 0.275617720 0.358536329 0.384804879 0.776579341 0.777464561 0.866509785 0.746377104 0.633247645 0.888805507 0.842394869 0.710230481 0.664439468 0.724660896 0.716333285 0.718980241 0.714093900 0.667672059 0.682008980 0.675273829 0.622586667 0.627877137 0.715653720 0.718848184 0.633487708 0.638754794 0.655957754 0.746432765 0.680650300 0.915835848 0.917768173 0.909747299 0.870734158 0.779402061 0.769865971 0.767745208 0.763672837 0.912015594 
16     0.683639254 0.644895444 0.598312408 0.609442008 0.586308426 0.491663164 0.808643849 0.581142428 0.436350777 0.534425075 0.496109653 0.258695707 0.000000000 0.167578725 0.217477249 0.287252458 0.308847050 0.699790347 0.692969498 0.783733000 0.667500999 0.546292445 0.804160434 0.759303346 0.624702215 0.578548251 0.640119531 0.633930332 0.637330415 0.632075524 0.583215599 0.597798011 0.591083673 0.536588741 0.542453858 0.632009252 0.634227212 0.548658210 0.555319711 0.572321907 0.662049303 0.595937620 0.831850792 0.834384188 0.826791239 0.787923434 0.696826641 0.687002729 0.686066462 0.681157128 0.834141775 
45     0.694186581 0.655070652 0.604179357 0.616022606 0.591758474 0.497023036 0.811342546 0.583415662 0.438754475 0.540134171 0.501102004 0.259078531 0.167578725 0.000000000 0.220406702 0.293014390 0.311316965 0.706112366 0.702825860 0.793205784 0.677523573 0.559409063 0.811553757 0.771461875 0.638123707 0.592114858 0.652238881 0.645354144 0.646716872 0.641410786 0.597533516 0.611716391 0.604862164 0.549881994 0.555152278 0.642386381 0.645981751 0.560296671 0.565505298 0.580521494 0.671110778 0.604892319 0.846340835 0.848368178 0.840607001 0.800540659 0.706796046 0.696523706 0.694379347 0.691249268 0.841587375 
42     0.697106801 0.656467796 0.608901974 0.618890556 0.592810885 0.502955234 0.821392243 0.594476266 0.448144533 0.551477539 0.508911645 0.275617720 0.217477249 0.220406702 0.000000000 0.307657663 0.328324707 0.714037868 0.715828781 0.803555388 0.685996271 0.567397104 0.821682467 0.776675391 0.642437415 0.598095272 0.659007500 0.651255747 0.654537519 0.649733569 0.601031556 0.615261891 0.608474893 0.555436316 0.560801626 0.651335743 0.655279460 0.567229673 0.578933082 0.595738277 0.685026840 0.619962265 0.850696063 0.852849267 0.844982398 0.803923752 0.714237416 0.704377991 0.702372602 0.699736865 0.849601321 
49     0.674100592 0.635513593 0.590318405 0.600063221 0.575945474 0.478273982 0.792907806 0.572487328 0.424524048 0.527176052 0.482191283 0.358536329 0.287252458 0.293014390 0.307657663 0.000000000 0.181483715 0.683382036 0.681077440 0.772710980 0.655055597 0.544560236 0.799699518 0.751699979 0.623817921 0.577775654 0.635801031 0.626540293 0.630307964 0.625904558 0.580687627 0.592530918 0.586778672 0.532275752 0.537432718 0.627730438 0.631560805 0.542291569 0.548097847 0.564275183 0.652858637 0.588541560 0.822292624 0.822991576 0.815401872 0.777650945 0.689345362 0.679183370 0.677626394 0.673716200 0.828501182 
28     0.686389981 0.647597451 0.606169998 0.616341106 0.591587232 0.494138090 0.813078684 0.587439955 0.441392649 0.542386922 0.498241506 0.384804879 0.308847050 0.311316965 0.328324707 0.181483715 0.000000000 0.701216660 0.694016575 0.783906484 0.666288448 0.558631116 0.816571311 0.769243803 0.639476589 0.594489384 0.651367864 0.642024691 0.644993213 0.639263122 0.594594636 0.606449029 0.600531291 0.546363928 0.551590283 0.643312148 0.647771153 0.556869232 0.560739091 0.576823655 0.668651200 0.602863745 0.837799090 0.839538970 0.832123205 0.792720087 0.703830880 0.692689330 0.692392504 0.686880026 0.843635444 
11     0.734137730 0.696135488 0.645154824 0.653006791 0.631107743 0.541619920 0.856526291 0.632549247 0.513501134 0.677624778 0.628283362 0.776579341 0.699790347 0.706112366 0.714037868 0.683382036 0.701216660 0.000000000 0.744755393 0.834316808 0.720515239 0.609005114 0.863023237 0.807920363 0.684301075 0.637571312 0.696480147 0.688367476 0.693247911 0.689780379 0.645090019 0.654659488 0.649822214 0.591581794 0.597255548 0.687192112 0.696646430 0.601413262 0.616746353 0.635817219 0.724154914 0.656406441 0.886748068 0.889533268 0.881677472 0.843381328 0.751867802 0.741560475 0.738409405 0.735927474 0.877598400 
37     0.591580679 0.556610624 0.627261865 0.636425664 0.616354397 0.505088387 0.857438329 0.615144337 0.511466110 0.659732320 0.612673744 0.777464561 0.692969498 0.702825860 0.715828781 0.681077440 0.694016575 0.744755393 0.000000000 0.242513951 0.291445921 0.431589183 0.672643188 0.636423439 0.513284605 0.464901346 0.519519281 0.509339081 0.520432679 0.516662700 0.489222306 0.501263343 0.489833121 0.430088341 0.440548968 0.510565964 0.515110050 0.421385400 0.442386975 0.457151539 0.553816835 0.476176576 0.708905095 0.714418259 0.704256137 0.672767524 0.581708667 0.572498399 0.568473505 0.567059821 0.770873942 
29     0.686321731 0.648664449 0.713912222 0.724171032 0.703730844 0.588922910 0.941273714 0.694567958 0.596709407 0.744425533 0.696891336 0.866509785 0.783733000 0.793205784 0.803555388 0.772710980 0.783906484 0.834316808 0.242513951 0.000000000 0.378350772 0.518152987 0.761669545 0.726814712 0.600430810 0.555910579 0.606969234 0.597673707 0.603107175 0.599731090 0.579990737 0.592232179 0.580810187 0.518215407 0.529564524 0.597840134 0.604886804 0.509330896 0.521608874 0.540359681 0.635794782 0.560487122 0.785914164 0.784945020 0.774975366 0.747516500 0.665591470 0.657579085 0.653746558 0.652499654 0.846119442 
19     0.568929119 0.533669181 0.596771259 0.605708791 0.582909491 0.472087418 0.825137546 0.582865468 0.484553774 0.640055367 0.588516750 0.746377104 0.667500999 0.677523573 0.685996271 0.655055597 0.666288448 0.720515239 0.291445921 0.378350772 0.000000000 0.402733508 0.645494678 0.605016980 0.482092685 0.438226644 0.487493178 0.478061838 0.488452585 0.485002614 0.461733129 0.472607810 0.462517012 0.399186585 0.409727747 0.475926067 0.484409657 0.395686220 0.411605495 0.425374950 0.525949526 0.449942699 0.681590864 0.684271664 0.674972820 0.640365550 0.546922185 0.537589439 0.533182441 0.532564700 0.740214075 
20     0.469779499 0.432870347 0.480887007 0.490810259 0.473039132 0.365457309 0.710963196 0.478160423 0.369341571 0.525571045 0.477713149 0.633247645 0.546292445 0.559409063 0.567397104 0.544560236 0.558631116 0.609005114 0.431589183 0.518152987 0.402733508 0.000000000 0.451212086 0.412120638 0.289544662 0.239056367 0.293888146 0.283894984 0.292496015 0.291251086 0.297057463 0.305953003 0.295732718 0.233748270 0.243239726 0.347709937 0.355943691 0.272359321 0.291633769 0.311085049 0.406459406 0.335522098 0.557119305 0.562555732 0.552980546 0.521586277 0.442500533 0.432440290 0.429912987 0.427963401 0.644695728 
41     0.715623335 0.678991942 0.731389180 0.740720750 0.723613445 0.618111634 0.968001122 0.727379478 0.621562728 0.777523942 0.729547668 0.888805507 0.804160434 0.811553757 0.821682467 0.799699518 0.816571311 0.863023237 0.672643188 0.761669545 0.645494678 0.451212086 0.000000000 0.589744240 0.468006238 0.413223415 0.475862523 0.465453098 0.499910992 0.500953916 0.540702527 0.548695357 0.537756080 0.475681742 0.485516442 0.595586289 0.604332147 0.515849896 0.535209232 0.554011481 0.649353052 0.576678003 0.802194348 0.808144268 0.796712232 0.765316172 0.684912014 0.677556128 0.674795070 0.672785880 0.897678697 
33     0.673292408 0.636310138 0.686480072 0.695586767 0.675952780 0.567046260 0.918622134 0.676181446 0.578553907 0.729587661 0.675358939 0.842394869 0.759303346 0.771461875 0.776675391 0.751699979 0.769243803 0.807920363 0.636423439 0.726814712 0.605016980 0.412120638 0.589744240 0.000000000 0.330424223 0.366053355 0.419619484 0.412001262 0.462308124 0.460047453 0.498200237 0.506512125 0.495082046 0.436041825 0.445929871 0.553566458 0.561500739 0.476364034 0.491804940 0.512793517 0.602870331 0.534501248 0.754138288 0.761751155 0.751929469 0.720209421 0.651164187 0.642812452 0.638734317 0.637484084 0.847740084 
50     0.541853820 0.505520094 0.560047661 0.571177404 0.549827649 0.443271615 0.792653451 0.548806050 0.448800230 0.602108348 0.545952032 0.710230481 0.624702215 0.638123707 0.642437415 0.623817921 0.639476589 0.684301075 0.513284605 0.600430810 0.482092685 0.289544662 0.468006238 0.330424223 0.000000000 0.238482556 0.300571926 0.292809923 0.341159642 0.337710645 0.372080555 0.381195372 0.369903247 0.314030689 0.320757397 0.433812202 0.442192312 0.352655678 0.373626159 0.393670381 0.486315769 0.416918078 0.628954050 0.635819823 0.625860925 0.601044304 0.526674037 0.518612082 0.515069010 0.513061318 0.724938152 
31     0.491172920 0.455380998 0.509324245 0.520258741 0.498953443 0.398573380 0.750539823 0.500802308 0.402253941 0.557996403 0.510351256 0.664439468 0.578548251 0.592114858 0.598095272 0.577775654 0.594489384 0.637571312 0.464901346 0.555910579 0.438226644 0.239056367 0.413223415 0.366053355 0.238482556 0.000000000 0.233282121 0.219494271 0.274992403 0.272781570 0.323599307 0.331531448 0.320631286 0.255794814 0.265899137 0.382739006 0.391000743 0.300647672 0.313936788 0.335122252 0.433260426 0.361234795 0.577722241 0.581106694 0.571615813 0.547388520 0.473339902 0.466285181 0.462648396 0.460393476 0.672980432 
46     0.553954529 0.517418910 0.565771823 0.575378897 0.557474691 0.453721669 0.804180583 0.561971475 0.455912404 0.614999595 0.566102195 0.724660896 0.640119531 0.652238881 0.659007500 0.635801031 0.651367864 0.696480147 0.519519281 0.606969234 0.487493178 0.293888146 0.475862523 0.419619484 0.300571926 0.233282121 0.000000000 0.156692320 0.341082740 0.340078175 0.381175523 0.389827446 0.376992721 0.321143985 0.327339938 0.440170653 0.448341099 0.358786089 0.378510319 0.395362234 0.490987527 0.421439382 0.641678142 0.647448468 0.638195267 0.604061227 0.525363315 0.515916842 0.514418274 0.511226673 0.735482945 
12     0.541720580 0.505901525 0.558415915 0.567880103 0.548826768 0.447258565 0.795511973 0.544757227 0.449406640 0.607359643 0.557049105 0.716333285 0.633930332 0.645354144 0.651255747 0.626540293 0.642024691 0.688367476 0.509339081 0.597673707 0.478061838 0.283894984 0.465453098 0.412001262 0.292809923 0.219494271 0.156692320 0.000000000 0.328996704 0.328208072 0.370935636 0.379093440 0.367100654 0.308655947 0.314677550 0.426358054 0.434766736 0.348677385 0.368212000 0.386488457 0.481648838 0.411793437 0.627065143 0.627608395 0.619013247 0.590965207 0.515443176 0.506027928 0.503987610 0.501579347 0.722506699 
32     0.551122709 0.515843494 0.566693660 0.575577043 0.554417435 0.448759352 0.802052102 0.558287021 0.453516531 0.610681827 0.561489730 0.718980241 0.637330415 0.646716872 0.654537519 0.630307964 0.644993213 0.693247911 0.520432679 0.603107175 0.488452585 0.292496015 0.499910992 0.462308124 0.341159642 0.274992403 0.341082740 0.328996704 0.000000000 0.074718285 0.375930256 0.385640003 0.375226581 0.312591344 0.322385497 0.437080520 0.444665591 0.355826600 0.366317433 0.387343193 0.483845889 0.413320509 0.631280338 0.637162219 0.627366751 0.598760102 0.521182603 0.508151031 0.506476618 0.506949168 0.721752960 
35     0.548767628 0.513155644 0.561740288 0.570371989 0.549297669 0.444292751 0.797630487 0.553951049 0.449666887 0.607751105 0.557432140 0.714093900 0.632075524 0.641410786 0.649733569 0.625904558 0.639263122 0.689780379 0.516662700 0.599731090 0.485002614 0.291251086 0.500953916 0.460047453 0.337710645 0.272781570 0.340078175 0.328208072 0.074718285 0.000000000 0.374434888 0.383575437 0.373055253 0.310472657 0.320281854 0.434275060 0.441634998 0.354561416 0.363126808 0.383774468 0.480578076 0.410013074 0.628201943 0.634024156 0.624228688 0.593954735 0.516024618 0.505106508 0.502548529 0.503006119 0.718332383 
6     0.521298953 0.482896828 0.518848995 0.525999328 0.504044651 0.407134040 0.752411478 0.512448494 0.402238469 0.552152612 0.510102912 0.667672059 0.583215599 0.597533516 0.601031556 0.580687627 0.594594636 0.645090019 0.489222306 0.579990737 0.461733129 0.297057463 0.540702527 0.498200237 0.372080555 0.323599307 0.381175523 0.370935636 0.375930256 0.374434888 0.000000000 0.103033451 0.093721844 0.181120409 0.186172698 0.406505554 0.412380795 0.321840362 0.344533810 0.362523065 0.455300930 0.386778124 0.607202109 0.614066685 0.603747920 0.563704285 0.494336298 0.484962481 0.480214934 0.479623358 0.684061564 
43     0.525601865 0.490914132 0.528884210 0.536912297 0.516613450 0.415546317 0.761645896 0.518680653 0.412152410 0.563960067 0.520595667 0.682008980 0.597798011 0.611716391 0.615261891 0.592530918 0.606449029 0.654659488 0.501263343 0.592232179 0.472607810 0.305953003 0.548695357 0.506512125 0.381195372 0.331531448 0.389827446 0.379093440 0.385640003 0.383575437 0.103033451 0.000000000 0.095812761 0.189537551 0.192098551 0.418678041 0.424351775 0.334130870 0.354394394 0.372208425 0.465291808 0.395007213 0.611110903 0.618377261 0.607560719 0.567504922 0.503749367 0.494921453 0.491186962 0.488379692 0.693981776 
14     0.522931458 0.486644699 0.524536770 0.532568307 0.511024326 0.410802723 0.757307518 0.516921369 0.409062486 0.560897051 0.517738225 0.675273829 0.591083673 0.604862164 0.608474893 0.586778672 0.600531291 0.649822214 0.489833121 0.580810187 0.462517012 0.295732718 0.537756080 0.495082046 0.369903247 0.320631286 0.376992721 0.367100654 0.375226581 0.373055253 0.093721844 0.095812761 0.000000000 0.181924577 0.186900929 0.407968997 0.413795051 0.322509914 0.346933125 0.364743725 0.456395859 0.385044047 0.605980837 0.612816834 0.602490388 0.562238989 0.493779625 0.484658077 0.480893157 0.478202093 0.689338179 
39     0.458713636 0.423728509 0.464378918 0.473297888 0.452922200 0.349677366 0.701155710 0.459752426 0.351246578 0.503419491 0.459463430 0.622586667 0.536588741 0.549881994 0.555436316 0.532275752 0.546363928 0.591581794 0.430088341 0.518215407 0.399186585 0.233748270 0.475681742 0.436041825 0.314030689 0.255794814 0.321143985 0.308655947 0.312591344 0.310472657 0.181120409 0.189537551 0.181924577 0.000000000 0.057454316 0.345981298 0.350957962 0.262189042 0.281127444 0.300568441 0.400941879 0.328022364 0.544943243 0.550758052 0.540508601 0.506008577 0.436183437 0.426073329 0.422660376 0.420118815 0.624776891 
44     0.466450141 0.431597546 0.469292869 0.478049437 0.456235837 0.356608134 0.707375681 0.465530422 0.357170998 0.507703272 0.464190044 0.627877137 0.542453858 0.555152278 0.560801626 0.537432718 0.551590283 0.597255548 0.440548968 0.529564524 0.409727747 0.243239726 0.485516442 0.445929871 0.320757397 0.265899137 0.327339938 0.314677550 0.322385497 0.320281854 0.186172698 0.192098551 0.186900929 0.057454316 0.000000000 0.355825302 0.360941652 0.271838895 0.293661740 0.311741160 0.406384959 0.334823301 0.550654818 0.557143486 0.546463051 0.513943758 0.443874601 0.433822149 0.430215640 0.427932047 0.636612779 
24     0.545102669 0.513222827 0.563041734 0.571156510 0.554161721 0.451224009 0.798270807 0.556771581 0.454769521 0.596819544 0.552580298 0.715653720 0.632009252 0.642386381 0.651335743 0.627730438 0.643312148 0.687192112 0.510565964 0.597840134 0.475926067 0.347709937 0.595586289 0.553566458 0.433812202 0.382739006 0.440170653 0.426358054 0.437080520 0.434275060 0.406505554 0.418678041 0.407968997 0.345981298 0.355825302 0.000000000 0.112969132 0.306819022 0.374478806 0.390902083 0.487459328 0.416727005 0.632766913 0.637375558 0.628543591 0.597725844 0.521567401 0.513099979 0.511085566 0.507927310 0.713759717 
23     0.551590646 0.520830530 0.569687645 0.578600520 0.560732718 0.455754174 0.805675364 0.562045586 0.461702568 0.605739591 0.561523401 0.718848184 0.634227212 0.645981751 0.655279460 0.631560805 0.647771153 0.696646430 0.515110050 0.604886804 0.484409657 0.355943691 0.604332147 0.561500739 0.442192312 0.391000743 0.448341099 0.434766736 0.444665591 0.441634998 0.412380795 0.424351775 0.413795051 0.350957962 0.360941652 0.112969132 0.000000000 0.312323070 0.381443513 0.397462939 0.493904437 0.423477674 0.642585583 0.647233727 0.638947716 0.605527064 0.522618363 0.515855755 0.511981377 0.508822133 0.722107327 
4     0.465196787 0.431242211 0.485862031 0.494703270 0.472252353 0.372070200 0.707229997 0.473718680 0.367507093 0.515984044 0.471677634 0.633487708 0.548658210 0.560296671 0.567229673 0.542291569 0.556869232 0.601413262 0.421385400 0.509330896 0.395686220 0.272359321 0.515849896 0.476364034 0.352655678 0.300647672 0.358786089 0.348677385 0.355826600 0.354561416 0.321840362 0.334130870 0.322509914 0.262189042 0.271838895 0.306819022 0.312323070 0.000000000 0.289680294 0.309170559 0.406612821 0.333043106 0.541993763 0.548790994 0.540002665 0.509255365 0.436588271 0.427630052 0.425023322 0.423724754 0.629109516 
38     0.480287984 0.448331138 0.495296037 0.502655271 0.481938015 0.375202086 0.727297429 0.484743450 0.382489853 0.531466438 0.484772820 0.638754794 0.555319711 0.565505298 0.578933082 0.548097847 0.560739091 0.616746353 0.442386975 0.521608874 0.411605495 0.291633769 0.535209232 0.491804940 0.373626159 0.313936788 0.378510319 0.368212000 0.366317433 0.363126808 0.344533810 0.354394394 0.346933125 0.281127444 0.293661740 0.374478806 0.381443513 0.289680294 0.000000000 0.105978599 0.283918814 0.222270479 0.532117859 0.533330746 0.525682891 0.492559946 0.456574946 0.446118080 0.442149753 0.441516237 0.645306544 
47     0.500192447 0.468076945 0.512241259 0.520995738 0.499972624 0.392789688 0.743599071 0.502510029 0.397559959 0.548741056 0.501446466 0.655957754 0.572321907 0.580521494 0.595738277 0.564275183 0.576823655 0.635817219 0.457151539 0.540359681 0.425374950 0.311085049 0.554011481 0.512793517 0.393670381 0.335122252 0.395362234 0.386488457 0.387343193 0.383774468 0.362523065 0.372208425 0.364743725 0.300568441 0.311741160 0.390902083 0.397462939 0.309170559 0.105978599 0.000000000 0.303401420 0.238724087 0.553585788 0.555416663 0.547778065 0.511696645 0.473643292 0.463099671 0.459561693 0.458585655 0.665511726 
21     0.592008235 0.561003495 0.604923033 0.612631684 0.591291802 0.487560448 0.833459647 0.596239554 0.487680885 0.637101944 0.592849538 0.746432765 0.662049303 0.671110778 0.685026840 0.652858637 0.668651200 0.724154914 0.553816835 0.635794782 0.525949526 0.406459406 0.649353052 0.602870331 0.486315769 0.433260426 0.490987527 0.481648838 0.483845889 0.480578076 0.455300930 0.465291808 0.456395859 0.400941879 0.406384959 0.487459328 0.493904437 0.406612821 0.283918814 0.303401420 0.000000000 0.212372814 0.655066076 0.656390881 0.648962280 0.613968303 0.562190216 0.550873894 0.547900768 0.548325067 0.757207425 
13     0.527805913 0.494305708 0.537645100 0.545709632 0.524902843 0.420574522 0.768118651 0.529458130 0.422828520 0.571479684 0.527845392 0.680650300 0.595937620 0.604892319 0.619962265 0.588541560 0.602863745 0.656406441 0.476176576 0.560487122 0.449942699 0.335522098 0.576678003 0.534501248 0.416918078 0.361234795 0.421439382 0.411793437 0.413320509 0.410013074 0.386778124 0.395007213 0.385044047 0.328022364 0.334823301 0.416727005 0.423477674 0.333043106 0.222270479 0.238724087 0.212372814 0.000000000 0.584071714 0.585767408 0.577288145 0.545217069 0.499169449 0.488438364 0.485458831 0.485114270 0.696189077 
26     0.732417207 0.699120842 0.766233951 0.772498791 0.759846098 0.646548387 0.991301673 0.752736108 0.645629163 0.801463790 0.755020138 0.915835848 0.831850792 0.846340835 0.850696063 0.822292624 0.837799090 0.886748068 0.708905095 0.785914164 0.681590864 0.557119305 0.802194348 0.754138288 0.628954050 0.577722241 0.641678142 0.627065143 0.631280338 0.628201943 0.607202109 0.611110903 0.605980837 0.544943243 0.550654818 0.632766913 0.642585583 0.541993763 0.532117859 0.553585788 0.655066076 0.584071714 0.000000000 0.219071804 0.207558462 0.497370543 0.711467972 0.698864690 0.695313702 0.695981741 0.908873472 
10     0.736802311 0.704585675 0.768649161 0.775107833 0.761894742 0.649186999 0.996724692 0.755618349 0.646267128 0.801050271 0.756664488 0.917768173 0.834384188 0.848368178 0.852849267 0.822991576 0.839538970 0.889533268 0.714418259 0.784945020 0.684271664 0.562555732 0.808144268 0.761751155 0.635819823 0.581106694 0.647448468 0.627608395 0.637162219 0.634024156 0.614066685 0.618377261 0.612816834 0.550758052 0.557143486 0.637375558 0.647233727 0.548790994 0.533330746 0.555416663 0.656390881 0.585767408 0.219071804 0.000000000 0.109215190 0.501658452 0.713557063 0.702383133 0.699904735 0.699767436 0.910334300 
22     0.726662325 0.695578065 0.759382980 0.765836852 0.752518911 0.641233032 0.988279996 0.746975469 0.638407817 0.794648372 0.750133846 0.909747299 0.826791239 0.840607001 0.844982398 0.815401872 0.832123205 0.881677472 0.704256137 0.774975366 0.674972820 0.552980546 0.796712232 0.751929469 0.625860925 0.571615813 0.638195267 0.619013247 0.627366751 0.624228688 0.603747920 0.607560719 0.602490388 0.540508601 0.546463051 0.628543591 0.638947716 0.540002665 0.525682891 0.547778065 0.648962280 0.577288145 0.207558462 0.109215190 0.000000000 0.494352122 0.704476531 0.693272534 0.690773364 0.690769602 0.903414397 
18     0.702890117 0.665139756 0.724849982 0.731991984 0.714158333 0.603015197 0.955212600 0.715751388 0.605387506 0.755470794 0.712154039 0.870734158 0.787923434 0.800540659 0.803923752 0.777650945 0.792720087 0.843381328 0.672767524 0.747516500 0.640365550 0.521586277 0.765316172 0.720209421 0.601044304 0.547388520 0.604061227 0.590965207 0.598760102 0.593954735 0.563704285 0.567504922 0.562238989 0.506008577 0.513943758 0.597725844 0.605527064 0.509255365 0.492559946 0.511696645 0.613968303 0.545217069 0.497370543 0.501658452 0.494352122 0.000000000 0.674507615 0.663909268 0.660670726 0.660371849 0.880816295 
34     0.611280620 0.575714362 0.626548735 0.637655821 0.614391665 0.511142246 0.856050270 0.617695675 0.509942999 0.670115600 0.621587414 0.779402061 0.696826641 0.706796046 0.714237416 0.689345362 0.703830880 0.751867802 0.581708667 0.665591470 0.546922185 0.442500533 0.684912014 0.651164187 0.526674037 0.473339902 0.525363315 0.515443176 0.521182603 0.516024618 0.494336298 0.503749367 0.493779625 0.436183437 0.443874601 0.521567401 0.522618363 0.436588271 0.456574946 0.473643292 0.562190216 0.499169449 0.711467972 0.713557063 0.704476531 0.674507615 0.000000000 0.131162424 0.133678408 0.129191079 0.766904457 
7     0.597797746 0.564109909 0.620275690 0.631073509 0.606614698 0.503730048 0.844825129 0.608332808 0.499174682 0.660349781 0.613827347 0.769865971 0.687002729 0.696523706 0.704377991 0.679183370 0.692689330 0.741560475 0.572498399 0.657579085 0.537589439 0.432440290 0.677556128 0.642812452 0.518612082 0.466285181 0.515916842 0.506027928 0.508151031 0.505106508 0.484962481 0.494921453 0.484658077 0.426073329 0.433822149 0.513099979 0.515855755 0.427630052 0.446118080 0.463099671 0.550873894 0.488438364 0.698864690 0.702383133 0.693272534 0.663909268 0.131162424 0.000000000 0.064012973 0.081831945 0.755912124 
8     0.593568252 0.560008019 0.616964511 0.627258507 0.602917966 0.500085011 0.841327079 0.605203379 0.495808301 0.657436919 0.611712613 0.767745208 0.686066462 0.694379347 0.702372602 0.677626394 0.692392504 0.738409405 0.568473505 0.653746558 0.533182441 0.429912987 0.674795070 0.638734317 0.515069010 0.462648396 0.514418274 0.503987610 0.506476618 0.502548529 0.480214934 0.491186962 0.480893157 0.422660376 0.430215640 0.511085566 0.511981377 0.425023322 0.442149753 0.459561693 0.547900768 0.485458831 0.695313702 0.699904735 0.690773364 0.660670726 0.133678408 0.064012973 0.000000000 0.081617447 0.749418378 
30     0.595004467 0.561117944 0.615543649 0.625717414 0.601562743 0.497939824 0.839124442 0.602395064 0.494486647 0.654721459 0.609167276 0.763672837 0.681157128 0.691249268 0.699736865 0.673716200 0.686880026 0.735927474 0.567059821 0.652499654 0.532564700 0.427963401 0.672785880 0.637484084 0.513061318 0.460393476 0.511226673 0.501579347 0.506949168 0.503006119 0.479623358 0.488379692 0.478202093 0.420118815 0.427932047 0.507927310 0.508822133 0.423724754 0.441516237 0.458585655 0.548325067 0.485114270 0.695981741 0.699767436 0.690769602 0.660371849 0.129191079 0.081831945 0.081617447 0.000000000 0.753835216 
0     0.777733832 0.739919219 0.776815416 0.784522741 0.757122153 0.668943049 1.005294781 0.754483968 0.647788047 0.798519567 0.753549211 0.912015594 0.834141775 0.841587375 0.849601321 0.828501182 0.843635444 0.877598400 0.770873942 0.846119442 0.740214075 0.644695728 0.897678697 0.847740084 0.724938152 0.672980432 0.735482945 0.722506699 0.721752960 0.718332383 0.684061564 0.693981776 0.689338179 0.624776891 0.636612779 0.713759717 0.722107327 0.629109516 0.645306544 0.665511726 0.757207425 0.696189077 0.908873472 0.910334300 0.903414397 0.880816295 0.766904457 0.755912124 0.749418378 0.753835216 0.000000000 
