51
13     0.000000000 0.059994700 0.059896110 0.034791470 0.038394890 0.039675790 0.036960350 0.046492300 0.082181060 0.033036850 0.069169810 0.047587810 0.008019360 0.135273500 0.152137190 0.178607090 0.141342230 0.073592550 0.116043360 0.173731550 0.109728370 0.104984600 0.104776230 0.172449770 0.105328740 0.118693840 0.258225250 0.120627140 0.119355350 0.203442400 0.239351650 0.172292580 0.152240100 0.076999100 0.054771250 0.216755980 0.167668510 0.196288510 0.161216920 0.215173310 0.199027820 0.154929680 0.021824880 0.178818490 0.169209420 0.243344190 0.159004650 0.025835780 0.130160210 0.046727390 0.074424610 
12     0.059994700 0.000000000 0.004377790 0.007897000 0.012088410 0.001601220 0.002284150 0.063353800 0.088014240 0.151133260 0.147659850 0.137450170 0.143389300 0.156772660 0.254521310 0.274304280 0.258619730 0.175976670 0.200017320 0.181290560 0.281214660 0.276470890 0.276262520 0.303359870 0.220716300 0.221077960 0.294169770 0.193663500 0.261730400 0.271787180 0.274504620 0.290080960 0.216561180 0.213066100 0.204034450 0.238255140 0.214592580 0.262470800 0.236313450 0.236672470 0.220526980 0.176428840 0.193311170 0.200317650 0.190708580 0.264843350 0.247619100 0.197322070 0.232323210 0.180842430 0.176808730 
11     0.059896110 0.004377790 0.000000000 0.001383890 0.014091490 0.001580890 0.000794080 0.089057350 0.048070270 0.090499310 0.125240390 0.116000150 0.102841350 0.182449110 0.300680300 0.273907720 0.179949980 0.173968140 0.154651110 0.182339310 0.255112960 0.149583550 0.149657920 0.211057520 0.221765050 0.267236950 0.346154480 0.245648210 0.264739940 0.323771890 0.326489330 0.296635530 0.209472520 0.204996950 0.164090480 0.272518750 0.206276260 0.234896260 0.199824670 0.276636350 0.262832450 0.228413550 0.167209470 0.252302360 0.242693290 0.261138850 0.197612400 0.171220370 0.168767960 0.140898460 0.222967720 
6     0.034791470 0.007897000 0.001383890 0.000000000 0.015475340 0.004921670 0.003555630 0.115487050 0.083254880 0.131252310 0.116169480 0.072562400 0.032993950 0.089545070 0.267204020 0.311548980 0.181333830 0.109072660 0.156034960 0.111322630 0.113827600 0.109083830 0.108875460 0.075103080 0.109427970 0.251635730 0.212265750 0.195762220 0.123454580 0.273699140 0.254082870 0.292179680 0.156339330 0.081098330 0.058870480 0.220117300 0.146597720 0.135852980 0.187345260 0.216405360 0.118515970 0.178527560 0.025924110 0.192703580 0.187053650 0.266942070 0.198996250 0.029935010 0.170151810 0.050826620 0.207366500 
4     0.038394890 0.012088410 0.014091490 0.015475340 0.000000000 0.000355510 0.002771540 0.047972730 0.053368310 0.149853190 0.116098300 0.072491220 0.032922770 0.162296010 0.270628650 0.263249710 0.188129890 0.184407810 0.162831020 0.167021640 0.113756420 0.109012650 0.108804280 0.219237430 0.109356790 0.320235760 0.299693120 0.199186850 0.123383400 0.277310530 0.280027970 0.295604310 0.156268150 0.081027150 0.058799300 0.235807560 0.214456170 0.243076170 0.203035520 0.242195820 0.226050330 0.181952190 0.025852930 0.192632400 0.196231930 0.270366700 0.205792310 0.029863830 0.176947870 0.050755440 0.323772850 
10     0.039675790 0.001601220 0.001580890 0.004921670 0.000355510 0.000000000 0.000800470 0.080990150 0.047592400 0.130398650 0.117379200 0.073772120 0.034203670 0.180312450 0.288645090 0.268614600 0.231923490 0.164690570 0.209098570 0.190371810 0.115037320 0.110293550 0.110085180 0.238167590 0.110637690 0.335472200 0.317709560 0.217203290 0.124664300 0.295326970 0.298044410 0.313620750 0.157549050 0.082308050 0.060080200 0.216819670 0.238132370 0.261251580 0.184047630 0.255583890 0.240173550 0.199968630 0.027133830 0.193913300 0.214248370 0.240617580 0.271158890 0.031144730 0.205626970 0.052036340 0.219873730 
8     0.036960350 0.002284150 0.000794080 0.003555630 0.002771540 0.000800470 0.000000000 0.046028420 0.056219160 0.096046310 0.109948580 0.071056680 0.031488230 0.092978740 0.220277480 0.246747380 0.185880890 0.066881830 0.160582020 0.114756300 0.112321880 0.107578110 0.107369740 0.078536750 0.107922250 0.186834130 0.215699420 0.168505830 0.121948860 0.246629510 0.249346950 0.264923290 0.154833610 0.079592610 0.057364760 0.213097470 0.150031390 0.139286650 0.194189140 0.211514800 0.121949640 0.151271170 0.024418390 0.175159980 0.165550910 0.238742930 0.203543310 0.028429290 0.174698870 0.049320900 0.142564900 
1     0.046492300 0.063353800 0.089057350 0.115487050 0.047972730 0.080990150 0.046028420 0.000000000 0.007494160 0.024586700 0.071504020 0.010953350 0.002280260 0.199929920 0.268890400 0.279875780 0.067433850 0.189558380 0.187384680 0.252811260 0.265150200 0.195159910 0.192819470 0.031057330 0.186943480 0.215931860 0.179465050 0.236820760 0.163303520 0.306743600 0.306630650 0.171137600 0.112412280 0.109542190 0.111233190 0.178630960 0.246970770 0.241850400 0.180529900 0.279829730 0.263684240 0.192198080 0.182668720 0.243474910 0.233865840 0.308000610 0.290776360 0.186679620 0.327715780 0.129136090 0.119145550 
2     0.082181060 0.088014240 0.048070270 0.083254880 0.053368310 0.047592400 0.056219160 0.007494160 0.000000000 0.051586700 0.081887340 0.023834390 0.008105520 0.186806680 0.201579640 0.228049540 0.194341130 0.025193010 0.169042260 0.229019660 0.235780700 0.157408740 0.155068300 0.225448670 0.270930010 0.168136290 0.273047690 0.170069590 0.262744800 0.252884850 0.280854930 0.305602190 0.226665970 0.245573390 0.176487510 0.306162940 0.220667410 0.249287410 0.124745480 0.304580270 0.288434780 0.244336640 0.283163460 0.231681180 0.258616380 0.241688110 0.212003550 0.218537710 0.183159110 0.153295490 0.123867060 
5     0.033036850 0.151133260 0.090499310 0.131252310 0.149853190 0.130398650 0.096046310 0.024586700 0.051586700 0.000000000 0.003367770 0.000805740 0.018860960 0.301900760 0.287334250 0.287698100 0.300690850 0.145651150 0.177678980 0.176936830 0.262453560 0.257709790 0.257501420 0.153884180 0.233794140 0.217278170 0.118537140 0.309472150 0.140183560 0.132755550 0.186881940 0.204399910 0.022503310 0.170764940 0.113371090 0.340509260 0.269604200 0.271836740 0.232986680 0.243362470 0.288673250 0.240529100 0.174550070 0.137708190 0.242146450 0.360680920 0.340069140 0.178560970 0.325690310 0.074244730 0.383542200 
9     0.069169810 0.147659850 0.125240390 0.116169480 0.116098300 0.117379200 0.109948580 0.071504020 0.081887340 0.003367770 0.000000000 0.003192970 0.012717370 0.315803030 0.290533810 0.199378690 0.278480670 0.189368290 0.058867490 0.025889070 0.187431780 0.182688010 0.182479640 0.192674150 0.183032150 0.251889650 0.225654440 0.288416900 0.197058760 0.213723610 0.299922700 0.207095390 0.189943890 0.154702510 0.132474660 0.338366700 0.306842010 0.340658110 0.283426620 0.331927730 0.339113190 0.336545260 0.099528290 0.250748950 0.288292830 0.377780880 0.355289680 0.103539190 0.356904550 0.124430800 0.397444470 
3     0.047587810 0.137450170 0.116000150 0.072562400 0.072491220 0.073772120 0.071056680 0.010953350 0.023834390 0.000805740 0.003192970 0.000000000 0.011977070 0.237056820 0.308514920 0.174735250 0.253837230 0.220830160 0.166863860 0.166121710 0.143824700 0.139080930 0.138872560 0.167767440 0.139425070 0.215354660 0.116613630 0.275604930 0.138260050 0.130832040 0.243789120 0.194283420 0.177131920 0.111095430 0.088867580 0.327855390 0.301025760 0.336176200 0.280650370 0.316482520 0.332975360 0.288877220 0.055921210 0.222700680 0.290444720 0.344595840 0.313782860 0.059932110 0.321203650 0.080823720 0.381999260 
7     0.008019360 0.143389300 0.102841350 0.032993950 0.032922770 0.034203670 0.031488230 0.002280260 0.008105520 0.018860960 0.012717370 0.011977070 0.000000000 0.114370770 0.129143730 0.155613630 0.248393780 0.050599090 0.106899900 0.214511640 0.104256250 0.099512480 0.099304110 0.249618410 0.099856620 0.095700380 0.286964960 0.097633680 0.113883230 0.180448940 0.216358190 0.239863910 0.146767980 0.071526980 0.049299130 0.238238450 0.201215250 0.238388560 0.224771300 0.319665550 0.157784270 0.268023040 0.016352760 0.183132230 0.304624220 0.295232270 0.159845230 0.020363660 0.260241660 0.041255270 0.051431150 
27     0.135273500 0.156772660 0.182449110 0.089545070 0.162296010 0.180312450 0.092978740 0.199929920 0.186806680 0.301900760 0.315803030 0.237056820 0.114370770 0.000000000 0.010045650 0.015082190 0.000169660 0.021490350 0.055505440 0.026874900 0.056117100 0.065976150 0.057015270 0.055662870 0.203655020 0.163465150 0.151139240 0.116166980 0.184233880 0.194290660 0.197008100 0.212584440 0.098043100 0.147972770 0.123839160 0.156897160 0.070861150 0.099481150 0.002171170 0.155314490 0.098610300 0.095070860 0.133897680 0.087494180 0.109350600 0.134132000 0.057347830 0.095177890 0.033352850 0.040768120 0.016293800 
19     0.152137190 0.254521310 0.300680300 0.267204020 0.270628650 0.288645090 0.220277480 0.268890400 0.201579640 0.287334250 0.290533810 0.308514920 0.129143730 0.010045650 0.000000000 0.000371110 0.014079830 0.078325290 0.123608910 0.035609810 0.191080680 0.193745140 0.191829840 0.135105100 0.167494170 0.178238110 0.325005890 0.180171410 0.292566520 0.262986670 0.298895920 0.320917080 0.220598350 0.169681060 0.164001360 0.229555760 0.230911560 0.166226370 0.152094890 0.248952120 0.247501640 0.203403500 0.242230320 0.219026750 0.217683240 0.238180570 0.268124700 0.264373990 0.262048960 0.246424850 0.025028710 
36     0.178607090 0.274304280 0.273907720 0.311548980 0.263249710 0.268614600 0.246747380 0.279875780 0.228049540 0.287698100 0.199378690 0.174735250 0.155613630 0.015082190 0.000371110 0.000000000 0.017400760 0.074364790 0.122186860 0.040335450 0.155283320 0.165142370 0.156181490 0.250546900 0.167858020 0.204708010 0.280672150 0.206641310 0.245310910 0.289456570 0.322986520 0.373144350 0.220962200 0.238681840 0.164365210 0.226964410 0.293794510 0.121944370 0.050865210 0.273531610 0.248190630 0.255630770 0.294457590 0.279289510 0.269910510 0.236758520 0.279409650 0.267808590 0.277152180 0.208692320 0.030065250 
20     0.141342230 0.258619730 0.179949980 0.181333830 0.188129890 0.231923490 0.185880890 0.067433850 0.194341130 0.300690850 0.278480670 0.253837230 0.248393780 0.000169660 0.014079830 0.017400760 0.000000000 0.018991220 0.067344230 0.019807440 0.079940530 0.089799580 0.080838700 0.073143280 0.127298030 0.140274810 0.127695700 0.235696340 0.269305060 0.243049240 0.292171980 0.342399120 0.172377130 0.171796200 0.114694350 0.186116170 0.068362020 0.096982020 0.002056310 0.178070310 0.187516770 0.157789920 0.211896780 0.066494470 0.217567450 0.155247820 0.059698160 0.092678760 0.030853720 0.038268990 0.009226340 
35     0.073592550 0.175976670 0.173968140 0.109072660 0.184407810 0.164690570 0.066881830 0.189558380 0.025193010 0.145651150 0.189368290 0.220830160 0.050599090 0.021490350 0.078325290 0.074364790 0.018991220 0.000000000 0.063622150 0.090314520 0.036512380 0.138043140 0.061606830 0.047821570 0.174768300 0.099693470 0.079662010 0.055129770 0.106572440 0.094849880 0.080819330 0.105566590 0.105554070 0.042859370 0.111728160 0.182394090 0.064639940 0.093259940 0.042601390 0.129525050 0.183794690 0.154067840 0.049323720 0.136521370 0.095995190 0.221010610 0.055976080 0.072161400 0.027131640 0.034546910 0.059810220 
26     0.116043360 0.200017320 0.154651110 0.156034960 0.162831020 0.209098570 0.160582020 0.187384680 0.169042260 0.177678980 0.058867490 0.166863860 0.106899900 0.055505440 0.123608910 0.122186860 0.067344230 0.063622150 0.000000000 0.007622180 0.156174360 0.145146240 0.173940660 0.075975560 0.153235310 0.144519700 0.216179480 0.036799510 0.091891360 0.097025020 0.322177110 0.099725440 0.061755040 0.057754670 0.131301000 0.211424660 0.093670510 0.122290510 0.087218920 0.253510990 0.212825260 0.183098410 0.100337200 0.124117910 0.112334870 0.218073800 0.085006650 0.117987250 0.056162210 0.052971320 0.129870870 
17     0.173731550 0.181290560 0.182339310 0.111322630 0.167021640 0.190371810 0.114756300 0.252811260 0.229019660 0.176936830 0.025889070 0.166121710 0.214511640 0.026874900 0.035609810 0.040335450 0.019807440 0.090314520 0.007622180 0.000000000 0.216229720 0.234598660 0.256377130 0.075233410 0.194866920 0.179125330 0.166546220 0.039129550 0.137167840 0.096282870 0.191957130 0.145001920 0.076509090 0.103031150 0.117653720 0.189783640 0.148469610 0.137724870 0.192627360 0.218277250 0.120387860 0.193926300 0.169951330 0.115107080 0.103324040 0.264748090 0.150685560 0.254670990 0.242830780 0.036559980 0.014949880 
45     0.109728370 0.281214660 0.255112960 0.113827600 0.113756420 0.115037320 0.112321880 0.265150200 0.235780700 0.262453560 0.187431780 0.143824700 0.104256250 0.056117100 0.191080680 0.155283320 0.079940530 0.036512380 0.156174360 0.216229720 0.000000000 0.004626480 0.003447730 0.106289100 0.115036450 0.144963230 0.206581240 0.162021670 0.079198020 0.173578800 0.246896350 0.162877800 0.095420770 0.052045840 0.066078250 0.329314630 0.251504810 0.240760070 0.264148870 0.260875260 0.201090940 0.228171510 0.094974510 0.107377010 0.256791960 0.148812990 0.151030940 0.098985410 0.202662210 0.119877020 0.342179840 
37     0.104984600 0.276470890 0.149583550 0.109083830 0.109012650 0.110293550 0.107578110 0.195159910 0.157408740 0.257709790 0.182688010 0.139080930 0.099512480 0.065976150 0.193745140 0.165142370 0.089799580 0.138043140 0.145146240 0.234598660 0.004626480 0.000000000 0.000326670 0.034263430 0.066702720 0.061042760 0.112000710 0.038659580 0.050321020 0.050216710 0.165649040 0.039515710 0.121768190 0.078393260 0.073524650 0.317134670 0.283323890 0.272579150 0.262767790 0.259494180 0.199709860 0.230575570 0.090230740 0.105995930 0.255410880 0.147431910 0.149649860 0.094241640 0.201281130 0.115133250 0.358362570 
33     0.104776230 0.276262520 0.149657920 0.108875460 0.108804280 0.110085180 0.107369740 0.192819470 0.155068300 0.257501420 0.182479640 0.138872560 0.099304110 0.057015270 0.191829840 0.156181490 0.080838700 0.061606830 0.173940660 0.256377130 0.003447730 0.000326670 0.000000000 0.115611260 0.097058410 0.119909030 0.109808630 0.163086980 0.074245880 0.178226230 0.163456960 0.142818200 0.132305100 0.088930170 0.073316280 0.183762170 0.285299950 0.280907480 0.150990130 0.270197420 0.210413100 0.219132050 0.090022370 0.116699170 0.266114120 0.158135150 0.160353100 0.094033270 0.211984370 0.114924880 0.364171550 
46     0.172449770 0.303359870 0.211057520 0.075103080 0.219237430 0.238167590 0.078536750 0.031057330 0.225448670 0.153884180 0.192674150 0.167767440 0.249618410 0.055662870 0.135105100 0.250546900 0.073143280 0.047821570 0.075975560 0.075233410 0.106289100 0.034263430 0.115611260 0.000000000 0.038289150 0.032629190 0.066201420 0.010246010 0.021907450 0.021803140 0.067358740 0.011102140 0.077905210 0.080463570 0.080454140 0.171099770 0.099274640 0.101970780 0.092823050 0.182523160 0.084633770 0.188702540 0.052367810 0.117740350 0.084653530 0.089912270 0.090610780 0.123591380 0.061766340 0.021334960 0.174265990 
23     0.105328740 0.220716300 0.221765050 0.109427970 0.109356790 0.110637690 0.107922250 0.186943480 0.270930010 0.233794140 0.183032150 0.139425070 0.099856620 0.203655020 0.167494170 0.167858020 0.127298030 0.174768300 0.153235310 0.194866920 0.115036450 0.066702720 0.097058410 0.038289150 0.000000000 0.036126030 0.050980670 0.032410060 0.044071500 0.043967190 0.121611180 0.033266190 0.132578880 0.123046020 0.075981890 0.323548520 0.308792330 0.249452610 0.203698140 0.229758930 0.221819950 0.252685660 0.090574880 0.128106020 0.277520970 0.169542000 0.171759950 0.094585780 0.214423890 0.115477390 0.180967110 
18     0.118693840 0.221077960 0.267236950 0.251635730 0.320235760 0.335472200 0.186834130 0.215931860 0.168136290 0.217278170 0.251889650 0.215354660 0.095700380 0.163465150 0.178238110 0.204708010 0.140274810 0.099693470 0.144519700 0.179125330 0.144963230 0.061042760 0.119909030 0.032629190 0.036126030 0.000000000 0.014614180 0.015599890 0.019685830 0.014483780 0.021470050 0.011229810 0.090971020 0.086970650 0.172243900 0.164519280 0.123199890 0.041451760 0.133458730 0.120934020 0.204678430 0.256872070 0.254068550 0.231994940 0.133492820 0.289831710 0.289454860 0.294100080 0.309776060 0.157851900 0.104911510 
34     0.258225250 0.294169770 0.346154480 0.212265750 0.299693120 0.317709560 0.215699420 0.179465050 0.273047690 0.118537140 0.225654440 0.116613630 0.286964960 0.151139240 0.325005890 0.280672150 0.127695700 0.079662010 0.216179480 0.166546220 0.206581240 0.112000710 0.109808630 0.066201420 0.050980670 0.014614180 0.000000000 0.000047980 0.006669850 0.000321360 0.003127110 0.069664160 0.217239580 0.144509850 0.078737990 0.298155730 0.249878190 0.239133450 0.259641740 0.296573060 0.221796440 0.236329430 0.242735420 0.229681650 0.250609170 0.184539080 0.162817690 0.167462910 0.293276870 0.163837700 0.162934230 
29     0.120627140 0.193663500 0.245648210 0.195762220 0.199186850 0.217203290 0.168505830 0.236820760 0.170069590 0.309472150 0.288416900 0.275604930 0.097633680 0.116166980 0.180171410 0.206641310 0.235696340 0.055129770 0.036799510 0.039129550 0.162021670 0.038659580 0.163086980 0.010246010 0.032410060 0.015599890 0.000047980 0.000000000 0.012912980 0.000369340 0.003175090 0.002107670 0.127498270 0.123497900 0.132840350 0.197649460 0.173986900 0.261191360 0.195707770 0.196066790 0.179921300 0.135823160 0.174649980 0.159711970 0.150102900 0.224237670 0.207013420 0.278066050 0.283216980 0.160845210 0.106844810 
30     0.119355350 0.261730400 0.264739940 0.123454580 0.123383400 0.124664300 0.121948860 0.163303520 0.262744800 0.140183560 0.197058760 0.138260050 0.113883230 0.184233880 0.292566520 0.245310910 0.269305060 0.106572440 0.091891360 0.137167840 0.079198020 0.050321020 0.074245880 0.021907450 0.044071500 0.019685830 0.006669850 0.012912980 0.000000000 0.002042530 0.009165330 0.013478750 0.038342680 0.034342310 0.087895400 0.183594770 0.242053800 0.212150220 0.166395750 0.192456540 0.227411600 0.203890060 0.104601490 0.227778870 0.218169800 0.291909260 0.275080320 0.108612390 0.302243790 0.129504000 0.114523080 
43     0.203442400 0.271787180 0.323771890 0.273699140 0.277310530 0.295326970 0.246629510 0.306743600 0.252884850 0.132755550 0.213723610 0.130832040 0.180448940 0.194290660 0.262986670 0.289456570 0.243049240 0.094849880 0.097025020 0.096282870 0.173578800 0.050216710 0.178226230 0.021803140 0.043967190 0.014483780 0.000321360 0.000369340 0.002042530 0.000000000 0.002805750 0.006634580 0.127048960 0.172329360 0.168193590 0.237105520 0.252110580 0.300566840 0.273831450 0.274190470 0.220152260 0.213946840 0.252773660 0.237835650 0.228226580 0.277110740 0.285137100 0.241673900 0.302852940 0.181406060 0.138855150 
49     0.239351650 0.274504620 0.326489330 0.254082870 0.280027970 0.298044410 0.249346950 0.306630650 0.280854930 0.186881940 0.299922700 0.243789120 0.216358190 0.197008100 0.298895920 0.322986520 0.292171980 0.080819330 0.322177110 0.191957130 0.246896350 0.165649040 0.163456960 0.067358740 0.121611180 0.021470050 0.003127110 0.003175090 0.009165330 0.002805750 0.000000000 0.003237780 0.169191980 0.168429350 0.152599560 0.278490580 0.254828020 0.280950570 0.276548890 0.276907910 0.260762420 0.216664280 0.255491100 0.230838970 0.230944020 0.244701660 0.287854540 0.282974510 0.259440620 0.167375510 0.225569320 
15     0.172292580 0.290080960 0.296635530 0.292179680 0.295604310 0.313620750 0.264923290 0.171137600 0.305602190 0.204399910 0.207095390 0.194283420 0.239863910 0.212584440 0.320917080 0.373144350 0.342399120 0.105566590 0.099725440 0.145001920 0.162877800 0.039515710 0.142818200 0.011102140 0.033266190 0.011229810 0.069664160 0.002107670 0.013478750 0.006634580 0.003237780 0.000000000 0.046176760 0.042176390 0.237554320 0.262291040 0.270404360 0.348248030 0.292125230 0.292484250 0.243508950 0.232240620 0.260284660 0.255586230 0.216743200 0.238725700 0.303430880 0.300197180 0.253464660 0.192122770 0.217921290 
14     0.152240100 0.216561180 0.209472520 0.156339330 0.156268150 0.157549050 0.154833610 0.112412280 0.226665970 0.022503310 0.189943890 0.177131920 0.146767980 0.098043100 0.220598350 0.220962200 0.172377130 0.105554070 0.061755040 0.076509090 0.095420770 0.121768190 0.132305100 0.077905210 0.132578880 0.090971020 0.217239580 0.127498270 0.038342680 0.127048960 0.169191980 0.046176760 0.000000000 0.004007830 0.017226470 0.170486340 0.178300050 0.224068250 0.172385280 0.223248560 0.162548280 0.142827020 0.137486240 0.204342690 0.203782120 0.154505610 0.224887410 0.141497140 0.218178130 0.146119970 0.111776950 
48     0.076999100 0.213066100 0.204996950 0.081098330 0.081027150 0.082308050 0.079592610 0.109542190 0.245573390 0.170764940 0.154702510 0.111095430 0.071526980 0.147972770 0.169681060 0.238681840 0.171796200 0.042859370 0.057754670 0.103031150 0.052045840 0.078393260 0.088930170 0.080463570 0.123046020 0.086970650 0.144509850 0.123497900 0.034342310 0.172329360 0.168429350 0.042176390 0.004007830 0.000000000 0.014356380 0.167616250 0.201582770 0.212295410 0.169515190 0.160553860 0.201538180 0.181183370 0.062245240 0.177633410 0.186974940 0.105954630 0.069609740 0.066256140 0.131077140 0.087147750 0.094252110 
40     0.054771250 0.204034450 0.164090480 0.058870480 0.058799300 0.060080200 0.057364760 0.111233190 0.176487510 0.113371090 0.132474660 0.088867580 0.049299130 0.123839160 0.164001360 0.164365210 0.114694350 0.111728160 0.131301000 0.117653720 0.066078250 0.073524650 0.073316280 0.080454140 0.075981890 0.172243900 0.078737990 0.132840350 0.087895400 0.168193590 0.152599560 0.237554320 0.017226470 0.014356380 0.000000000 0.169307250 0.180891810 0.170147070 0.171206190 0.250699450 0.152810060 0.182874370 0.040017390 0.172565660 0.206688480 0.223476530 0.210146490 0.044028290 0.253901840 0.064919900 0.108551010 
50     0.216755980 0.238255140 0.272518750 0.220117300 0.235807560 0.216819670 0.213097470 0.178630960 0.306162940 0.340509260 0.338366700 0.327855390 0.238238450 0.156897160 0.229555760 0.226964410 0.186116170 0.182394090 0.211424660 0.189783640 0.329314630 0.317134670 0.183762170 0.171099770 0.323548520 0.164519280 0.298155730 0.197649460 0.183594770 0.237105520 0.278490580 0.262291040 0.170486340 0.167616250 0.169307250 0.000000000 0.044833210 0.017340970 0.024060990 0.020915520 0.032851430 0.009601400 0.117535300 0.131562880 0.146190320 0.133161780 0.193076810 0.196240480 0.164232370 0.096434110 0.336885720 
32     0.167668510 0.214592580 0.206276260 0.146597720 0.214456170 0.238132370 0.150031390 0.246970770 0.220667410 0.269604200 0.306842010 0.301025760 0.201215250 0.070861150 0.230911560 0.293794510 0.068362020 0.064639940 0.093670510 0.148469610 0.251504810 0.283323890 0.285299950 0.099274640 0.308792330 0.123199890 0.249878190 0.173986900 0.242053800 0.252110580 0.254828020 0.270404360 0.178300050 0.201582770 0.180891810 0.044833210 0.000000000 0.002326820 0.006451750 0.014794180 0.061466880 0.043202860 0.100123620 0.114151200 0.122527760 0.162703240 0.075322660 0.108303260 0.046478220 0.058598250 0.239599900 
47     0.196288510 0.262470800 0.234896260 0.135852980 0.243076170 0.261251580 0.139286650 0.241850400 0.249287410 0.271836740 0.340658110 0.336176200 0.238388560 0.099481150 0.166226370 0.121944370 0.096982020 0.093259940 0.122290510 0.137724870 0.240760070 0.272579150 0.280907480 0.101970780 0.249452610 0.041451760 0.239133450 0.261191360 0.212150220 0.300566840 0.280950570 0.348248030 0.224068250 0.212295410 0.170147070 0.017340970 0.002326820 0.000000000 0.016601310 0.030819000 0.049775340 0.026525310 0.128628700 0.159183410 0.147602910 0.111196810 0.103942660 0.136923260 0.075098220 0.076549350 0.234479530 
39     0.161216920 0.236313450 0.199824670 0.187345260 0.203035520 0.184047630 0.194189140 0.180529900 0.124745480 0.232986680 0.283426620 0.280650370 0.224771300 0.002171170 0.152094890 0.050865210 0.002056310 0.042601390 0.087218920 0.192627360 0.264148870 0.262767790 0.150990130 0.092823050 0.203698140 0.133458730 0.259641740 0.195707770 0.166395750 0.273831450 0.276548890 0.292125230 0.172385280 0.169515190 0.171206190 0.024060990 0.006451750 0.016601310 0.000000000 0.003146190 0.096083130 0.046748480 0.131545360 0.133919790 0.116431750 0.085705080 0.068871070 0.101851670 0.040026630 0.052146660 0.322994710 
22     0.215173310 0.236672470 0.276636350 0.216405360 0.242195820 0.255583890 0.211514800 0.279829730 0.304580270 0.243362470 0.331927730 0.316482520 0.319665550 0.155314490 0.248952120 0.273531610 0.178070310 0.129525050 0.253510990 0.218277250 0.260875260 0.259494180 0.270197420 0.182523160 0.229758930 0.120934020 0.296573060 0.196066790 0.192456540 0.274190470 0.276907910 0.292484250 0.223248560 0.160553860 0.250699450 0.020915520 0.014794180 0.030819000 0.003146190 0.000000000 0.060035270 0.003424530 0.146560950 0.077093110 0.084517000 0.051181020 0.071791520 0.139182370 0.164354220 0.033904570 0.285043230 
42     0.199027820 0.220526980 0.262832450 0.118515970 0.226050330 0.240173550 0.121949640 0.263684240 0.288434780 0.288673250 0.339113190 0.332975360 0.157784270 0.098610300 0.247501640 0.248190630 0.187516770 0.183794690 0.212825260 0.120387860 0.201090940 0.199709860 0.210413100 0.084633770 0.221819950 0.204678430 0.221796440 0.179921300 0.227411600 0.220152260 0.260762420 0.243508950 0.162548280 0.201538180 0.152810060 0.032851430 0.061466880 0.049775340 0.096083130 0.060035270 0.000000000 0.015844710 0.084371850 0.098399430 0.128462160 0.119014400 0.177056440 0.207015750 0.170337730 0.101737950 0.295260130 
41     0.154929680 0.176428840 0.228413550 0.178527560 0.181952190 0.199968630 0.151271170 0.192198080 0.244336640 0.240529100 0.336545260 0.288877220 0.268023040 0.095070860 0.203403500 0.255630770 0.157789920 0.154067840 0.183098410 0.193926300 0.228171510 0.230575570 0.219132050 0.188702540 0.252685660 0.256872070 0.236329430 0.135823160 0.203890060 0.213946840 0.216664280 0.232240620 0.142827020 0.181183370 0.182874370 0.009601400 0.043202860 0.026525310 0.046748480 0.003424530 0.015844710 0.000000000 0.064650590 0.068331200 0.068970980 0.035635000 0.072857900 0.110927140 0.114193970 0.018358550 0.269497210 
44     0.021824880 0.193311170 0.167209470 0.025924110 0.025852930 0.027133830 0.024418390 0.182668720 0.283163460 0.174550070 0.099528290 0.055921210 0.016352760 0.133897680 0.242230320 0.294457590 0.211896780 0.049323720 0.100337200 0.169951330 0.094974510 0.090230740 0.090022370 0.052367810 0.090574880 0.254068550 0.242735420 0.174649980 0.104601490 0.252773660 0.255491100 0.260284660 0.137486240 0.062245240 0.040017390 0.117535300 0.100123620 0.128628700 0.131545360 0.146560950 0.084371850 0.064650590 0.000000000 0.023619780 0.014722820 0.061280480 0.077352760 0.010522160 0.123608490 0.031973530 0.301701430 
24     0.178818490 0.200317650 0.252302360 0.192703580 0.192632400 0.193913300 0.175159980 0.243474910 0.231681180 0.137708190 0.250748950 0.222700680 0.183132230 0.087494180 0.219026750 0.279289510 0.066494470 0.136521370 0.124117910 0.115107080 0.107377010 0.105995930 0.116699170 0.117740350 0.128106020 0.231994940 0.229681650 0.159711970 0.227778870 0.237835650 0.230838970 0.255586230 0.204342690 0.177633410 0.172565660 0.131562880 0.114151200 0.159183410 0.133919790 0.077093110 0.098399430 0.068331200 0.023619780 0.000000000 0.003569880 0.050358960 0.052576910 0.091107710 0.104208180 0.050635490 0.301774150 
31     0.169209420 0.190708580 0.242693290 0.187053650 0.196231930 0.214248370 0.165550910 0.233865840 0.258616380 0.242146450 0.288292830 0.290444720 0.304624220 0.109350600 0.217683240 0.269910510 0.217567450 0.095995190 0.112334870 0.103324040 0.256791960 0.255410880 0.266114120 0.084653530 0.277520970 0.133492820 0.250609170 0.150102900 0.218169800 0.228226580 0.230944020 0.216743200 0.203782120 0.186974940 0.206688480 0.146190320 0.122527760 0.147602910 0.116431750 0.084517000 0.128462160 0.068970980 0.014722820 0.003569880 0.000000000 0.063148600 0.155554280 0.151149950 0.112236900 0.051275270 0.231032050 
16     0.243344190 0.264843350 0.261138850 0.266942070 0.270366700 0.240617580 0.238742930 0.308000610 0.241688110 0.360680920 0.377780880 0.344595840 0.295232270 0.134132000 0.238180570 0.236758520 0.155247820 0.221010610 0.218073800 0.264748090 0.148812990 0.147431910 0.158135150 0.089912270 0.169542000 0.289831710 0.184539080 0.224237670 0.291909260 0.277110740 0.244701660 0.238725700 0.154505610 0.105954630 0.223476530 0.133161780 0.162703240 0.111196810 0.085705080 0.051181020 0.119014400 0.035635000 0.061280480 0.050358960 0.063148600 0.000000000 0.001379350 0.011494110 0.008868220 0.017939290 0.269077950 
21     0.159004650 0.247619100 0.197612400 0.198996250 0.205792310 0.271158890 0.203543310 0.290776360 0.212003550 0.340069140 0.355289680 0.313782860 0.159845230 0.057347830 0.268124700 0.279409650 0.059698160 0.055976080 0.085006650 0.150685560 0.151030940 0.149649860 0.160353100 0.090610780 0.171759950 0.289454860 0.162817690 0.207013420 0.275080320 0.285137100 0.287854540 0.303430880 0.224887410 0.069609740 0.210146490 0.193076810 0.075322660 0.103942660 0.068871070 0.071791520 0.177056440 0.072857900 0.077352760 0.052576910 0.155554280 0.001379350 0.000000000 0.006741160 0.005029800 0.049934390 0.311052110 
28     0.025835780 0.197322070 0.171220370 0.029935010 0.029863830 0.031144730 0.028429290 0.186679620 0.218537710 0.178560970 0.103539190 0.059932110 0.020363660 0.095177890 0.264373990 0.267808590 0.092678760 0.072161400 0.117987250 0.254670990 0.098985410 0.094241640 0.094033270 0.123591380 0.094585780 0.294100080 0.167462910 0.278066050 0.108612390 0.241673900 0.282974510 0.300197180 0.141497140 0.066256140 0.044028290 0.196240480 0.108303260 0.136923260 0.101851670 0.139182370 0.207015750 0.110927140 0.010522160 0.091107710 0.151149950 0.011494110 0.006741160 0.000000000 0.004334950 0.035984430 0.357079300 
25     0.130160210 0.232323210 0.168767960 0.170151810 0.176947870 0.205626970 0.174698870 0.327715780 0.183159110 0.325690310 0.356904550 0.321203650 0.260241660 0.033352850 0.262048960 0.277152180 0.030853720 0.027131640 0.056162210 0.242830780 0.202662210 0.201281130 0.211984370 0.061766340 0.214423890 0.309776060 0.293276870 0.283216980 0.302243790 0.302852940 0.259440620 0.253464660 0.218178130 0.131077140 0.253901840 0.164232370 0.046478220 0.075098220 0.040026630 0.164354220 0.170337730 0.114193970 0.123608490 0.104208180 0.112236900 0.008868220 0.005029800 0.004334950 0.000000000 0.021089950 0.369782610 
38     0.046727390 0.180842430 0.140898460 0.050826620 0.050755440 0.052036340 0.049320900 0.129136090 0.153295490 0.074244730 0.124430800 0.080823720 0.041255270 0.040768120 0.246424850 0.208692320 0.038268990 0.034546910 0.052971320 0.036559980 0.119877020 0.115133250 0.114924880 0.021334960 0.115477390 0.157851900 0.163837700 0.160845210 0.129504000 0.181406060 0.167375510 0.192122770 0.146119970 0.087147750 0.064919900 0.096434110 0.058598250 0.076549350 0.052146660 0.033904570 0.101737950 0.018358550 0.031973530 0.050635490 0.051275270 0.017939290 0.049934390 0.035984430 0.021089950 0.000000000 0.121765220 
0     0.074424610 0.176808730 0.222967720 0.207366500 0.323772850 0.219873730 0.142564900 0.119145550 0.123867060 0.383542200 0.397444470 0.381999260 0.051431150 0.016293800 0.025028710 0.030065250 0.009226340 0.059810220 0.129870870 0.014949880 0.342179840 0.358362570 0.364171550 0.174265990 0.180967110 0.104911510 0.162934230 0.106844810 0.114523080 0.138855150 0.225569320 0.217921290 0.111776950 0.094252110 0.108551010 0.336885720 0.239599900 0.234479530 0.322994710 0.285043230 0.295260130 0.269497210 0.301701430 0.301774150 0.231032050 0.269077950 0.311052110 0.357079300 0.369782610 0.121765220 0.000000000 
