51
13     0.000000000 0.491221310 0.477555207 0.497245524 0.479414908 0.470769092 0.477196255 0.707629961 0.681871635 0.620059598 0.630933604 0.636422782 0.671537463 1.046690233 1.099596518 1.117687492 1.045474399 1.039626337 1.213632641 1.144936720 1.287632612 1.290370542 1.291017083 1.241737478 1.314016801 1.146553967 1.219384267 1.158646731 1.152617468 1.171470318 1.218939510 1.210628821 1.099363571 1.057309382 1.138826941 1.118718941 1.101496922 1.067078747 1.064107661 1.117754193 1.144253288 1.121443599 1.148935273 1.130309260 1.148930740 1.160536114 1.161143319 1.168649819 1.188546515 1.114917012 2.302358826 
12     0.491221310 0.000000000 0.222430323 0.262632823 0.278125337 0.269864583 0.271197284 0.699060138 0.672138789 0.612665403 0.623664984 0.629265417 0.662499372 1.036697210 1.089603495 1.107694469 1.035481376 1.029633314 1.203654795 1.135027755 1.277567906 1.280305835 1.280952377 1.231672772 1.303952095 1.136489261 1.209319561 1.148582025 1.142552762 1.161405612 1.208874804 1.200564114 1.089298865 1.047244676 1.128710399 1.108521013 1.091298995 1.056880819 1.053909733 1.107556265 1.134055361 1.111245671 1.138737346 1.120111333 1.138732813 1.150338187 1.150945391 1.158451891 1.178348587 1.104719085 2.292168903 
11     0.477555207 0.222430323 0.000000000 0.249195544 0.262386764 0.257806341 0.256572954 0.685431307 0.658472443 0.599322304 0.610228380 0.615922318 0.648968326 1.022865598 1.075771883 1.093862857 1.021649764 1.015801702 1.189823183 1.121202653 1.262611718 1.265349648 1.265996189 1.217685148 1.289935514 1.122472680 1.195302980 1.134565444 1.128536181 1.147389031 1.194858223 1.186547533 1.075311241 1.033257052 1.114722776 1.094689029 1.077467011 1.043048836 1.040077749 1.093724281 1.120223377 1.097413687 1.124905362 1.106279349 1.124900829 1.136506203 1.137113407 1.144619907 1.164516604 1.090887101 2.278435342 
6     0.497245524 0.262632823 0.249195544 0.000000000 0.283242965 0.275675674 0.277643775 0.706609213 0.679650349 0.620228913 0.631134989 0.636828927 0.669797723 1.041958883 1.094865168 1.112956142 1.040743049 1.034894987 1.208916468 1.140295938 1.282733250 1.285471180 1.286117721 1.236838116 1.309213768 1.141750934 1.214581234 1.153843698 1.147814435 1.166667285 1.214136477 1.205825788 1.094560538 1.052506349 1.133972072 1.113322056 1.095837520 1.061419345 1.058519378 1.112207861 1.138870946 1.116061257 1.143782269 1.125156256 1.143777736 1.155383110 1.155990314 1.163496814 1.183393510 1.109860441 2.297430577 
4     0.479414908 0.278125337 0.262386764 0.283242965 0.000000000 0.150932567 0.233588866 0.688578769 0.660345501 0.602495562 0.613401638 0.619095576 0.651851542 1.024614480 1.077520765 1.095611739 1.023398646 1.017550584 1.191572065 1.122951535 1.265485176 1.268223106 1.268869647 1.219590042 1.291869365 1.124406531 1.197236831 1.136499295 1.130470032 1.149322882 1.196792074 1.188481385 1.077216135 1.035161946 1.116472353 1.096438283 1.079216265 1.044798090 1.041827003 1.095473536 1.121972631 1.099162942 1.126654616 1.108028603 1.126650083 1.138255457 1.138862661 1.146369161 1.166265858 1.092636355 2.280086174 
10     0.470769092 0.269864583 0.257806341 0.275675674 0.150932567 0.000000000 0.224656309 0.679829435 0.651623608 0.593746228 0.604652305 0.610346242 0.643102209 1.015431806 1.068338090 1.086429064 1.014215972 1.008367910 1.182389391 1.113768861 1.256302502 1.259040431 1.259686973 1.210407367 1.282686691 1.115223856 1.188054157 1.127316620 1.121287358 1.140140208 1.187609400 1.179298710 1.068033460 1.025979271 1.107314600 1.087255609 1.070033590 1.035615415 1.032644329 1.086290861 1.112789956 1.089980267 1.117471941 1.098845929 1.117467409 1.129072782 1.129679987 1.137186487 1.157083183 1.083453680 2.270903499 
8     0.477196255 0.271197284 0.256572954 0.277643775 0.233588866 0.224656309 0.000000000 0.683268858 0.656337433 0.596933395 0.607839471 0.613533409 0.646428106 1.019192260 1.072098544 1.090189518 1.017976426 1.011753754 1.186245416 1.117624886 1.260261494 1.262999424 1.263645965 1.214366360 1.286645683 1.119182849 1.192013149 1.131275613 1.125246350 1.144099200 1.191568392 1.183257703 1.071992453 1.029938264 1.111248671 1.091125806 1.073903788 1.039485612 1.036514526 1.090161058 1.116660154 1.093850464 1.121342139 1.102716126 1.121337606 1.132942980 1.133550184 1.141056684 1.160953380 1.087323878 2.274887508 
1     0.707629961 0.699060138 0.685431307 0.706609213 0.688578769 0.679829435 0.683268858 0.000000000 0.486165637 0.531049360 0.541194935 0.546473072 0.580139324 1.128514886 1.181149440 1.199240414 1.126889257 1.121421466 1.295748570 1.227407299 1.368972946 1.371710876 1.372357417 1.321745809 1.395071623 1.227960301 1.300790601 1.240053065 1.234011058 1.252863908 1.300333100 1.292022410 1.181000548 1.138946360 1.220768962 1.199870849 1.182684218 1.148266043 1.145183771 1.198941489 1.225440584 1.202630895 1.230225568 1.211599555 1.230221035 1.241723410 1.242230457 1.249837115 1.269733811 1.196408423 2.382767108 
2     0.681871635 0.672138789 0.658472443 0.679650349 0.660345501 0.651623608 0.656337433 0.486165637 0.000000000 0.502179919 0.512664563 0.517020749 0.554069053 1.101622403 1.154462313 1.172553287 1.100346849 1.094648877 1.268959337 1.201195433 1.342482595 1.345220525 1.345867066 1.296850190 1.368458647 1.201382054 1.274212354 1.213474818 1.207433346 1.226286196 1.273755388 1.265444699 1.154476283 1.112422094 1.194244696 1.173100827 1.155914196 1.121496021 1.118214220 1.172171467 1.198670562 1.175860873 1.203455546 1.184829533 1.203451013 1.214953388 1.215460435 1.223067093 1.242963789 1.169638401 2.355964156 
5     0.620059598 0.612665403 0.599322304 0.620228913 0.602495562 0.593746228 0.596933395 0.531049360 0.502179919 0.000000000 0.150147539 0.156373196 0.440527834 1.037283226 1.090171632 1.108262606 1.036049514 1.030013140 1.203698315 1.135286500 1.277610074 1.280348004 1.280994545 1.231903121 1.303020062 1.136379505 1.209152140 1.148495033 1.142430231 1.161283081 1.208732468 1.200421779 1.088878073 1.047028027 1.129071429 1.108417270 1.091230639 1.056812464 1.053799474 1.106514162 1.133989238 1.111179549 1.138938800 1.120312787 1.138934267 1.150436642 1.150943688 1.158550346 1.178447042 1.104734129 2.291533481 
9     0.630933604 0.623664984 0.610228380 0.631134989 0.613401638 0.604652305 0.607839471 0.541194935 0.512664563 0.150147539 0.000000000 0.163747385 0.450062289 1.047834351 1.100722757 1.118813731 1.046600639 1.040562767 1.213633553 1.145172940 1.288277229 1.291015159 1.291661700 1.242616773 1.313687217 1.147046661 1.219819296 1.159162188 1.153097387 1.171950236 1.219399624 1.211088934 1.100425316 1.058371127 1.140193730 1.119054705 1.101868074 1.067449899 1.064436909 1.117151597 1.144626673 1.121816984 1.149576235 1.130950222 1.149571702 1.161074077 1.161581123 1.169187781 1.189084478 1.115371564 2.302306196 
3     0.636422782 0.629265417 0.615922318 0.636828927 0.619095576 0.610346242 0.613533409 0.546473072 0.517020749 0.156373196 0.163747385 0.000000000 0.455643581 1.054048298 1.106936705 1.125027679 1.052814586 1.046778212 1.220463388 1.152051573 1.294360407 1.297098336 1.297744878 1.248699951 1.319770394 1.153129838 1.225902473 1.165245365 1.159180564 1.178033414 1.225482801 1.217172111 1.106448479 1.064394290 1.146216892 1.125137882 1.107951251 1.073533076 1.070520086 1.123234775 1.150709850 1.127900161 1.155659412 1.137033399 1.155654879 1.167157254 1.167664301 1.175270959 1.195167655 1.121454741 2.308254093 
7     0.671537463 0.662499372 0.648968326 0.669797723 0.651851542 0.643102209 0.646428106 0.580139324 0.554069053 0.440527834 0.450062289 0.455643581 0.000000000 1.089013217 1.141901624 1.159992598 1.087779505 1.081871875 1.256084383 1.187657897 1.329468680 1.332206610 1.332853151 1.283733444 1.355523463 1.188418166 1.261248467 1.200510930 1.193934535 1.212787384 1.260256577 1.251945887 1.141462368 1.099408179 1.181230781 1.158451394 1.141327996 1.106909821 1.103896831 1.157692805 1.184005977 1.161196288 1.189913951 1.171287938 1.189909418 1.201411793 1.201793235 1.209525498 1.229422194 1.155519025 2.342933446 
27     1.046690233 1.036697210 1.022865598 1.041958883 1.024614480 1.015431806 1.019192260 1.128514886 1.101622403 1.037283226 1.047834351 1.054048298 1.089013217 0.000000000 0.362938846 0.380748837 0.314704264 0.657956789 0.933560569 0.865636507 1.113764488 1.116445916 1.117092457 1.070994741 1.143703904 0.974067875 1.046854259 0.985667171 0.980583872 0.999436721 1.047034308 1.038723618 0.924576666 0.882394483 0.964959525 0.945804811 0.928562233 0.893591385 0.890539779 0.944898862 0.971276394 0.948508575 0.974274478 0.955285928 0.973907408 0.985117442 0.986486877 0.993246086 1.013142782 0.941622089 2.176943090 
19     1.099596518 1.089603495 1.075771883 1.094865168 1.077520765 1.068338090 1.072098544 1.181149440 1.154462313 1.090171632 1.100722757 1.106936705 1.141901624 0.362938846 0.000000000 0.191328182 0.345321666 0.710468970 0.986542609 0.918424657 1.166592701 1.169274130 1.169920671 1.123884909 1.196540555 1.026904526 1.099690910 1.038503822 1.033420523 1.052273373 1.099870959 1.091560269 0.977832488 0.935650305 1.018062430 0.999057499 0.981814922 0.946735970 0.943792464 0.998151550 1.024529082 1.001761264 1.027567810 1.008585486 1.027206966 1.039389153 1.040758588 1.047502858 1.067399554 0.994804320 2.229839478 
36     1.117687492 1.107694469 1.093862857 1.112956142 1.095611739 1.086429064 1.090189518 1.199240414 1.172553287 1.108262606 1.118813731 1.125027679 1.159992598 0.380748837 0.191328182 0.000000000 0.363041282 0.728800961 1.002959296 0.934730917 1.184305141 1.186986569 1.187633111 1.141597349 1.214252995 1.044616966 1.117403350 1.056216262 1.051132963 1.069985812 1.117583399 1.109272709 0.995544928 0.953362744 1.035774870 1.016769939 0.999527362 0.964448410 0.961504904 1.015863990 1.042241522 1.019473703 1.045606395 1.026624071 1.045245551 1.057427738 1.058797173 1.065541442 1.085438139 1.012842905 2.247812928 
20     1.045474399 1.035481376 1.021649764 1.040743049 1.023398646 1.014215972 1.017976426 1.126889257 1.100346849 1.036049514 1.046600639 1.052814586 1.087779505 0.314704264 0.345321666 0.363041282 0.000000000 0.656626952 0.931835819 0.863844096 1.112716357 1.115397785 1.116044326 1.069982899 1.142478347 0.972842318 1.045628702 0.984441614 0.979358315 0.998211165 1.045808751 1.037498061 0.923781361 0.881599178 0.964011303 0.944110216 0.926903556 0.891851758 0.888881102 0.942714249 0.969992444 0.947224625 0.972207015 0.953184749 0.971806229 0.984578171 0.985947606 0.992691875 1.012588571 0.940668087 2.175717360 
35     1.039626337 1.029633314 1.015801702 1.034894987 1.017550584 1.008367910 1.011753754 1.121421466 1.094648877 1.030013140 1.040562767 1.046778212 1.081871875 0.657956789 0.710468970 0.728800961 0.656626952 0.000000000 0.932317096 0.864854120 1.106646354 1.109327782 1.109974323 1.065054387 1.137614043 0.967793153 1.040632657 0.978752724 0.974362270 0.993215120 1.040812706 1.032502016 0.919112820 0.877036677 0.959467917 0.939694496 0.922136051 0.887523087 0.884593061 0.938802473 0.965134524 0.942366706 0.968498195 0.949666594 0.968288074 0.980324061 0.981693496 0.988437766 1.008334462 0.935751437 2.164930867 
26     1.213632641 1.203654795 1.189823183 1.208916468 1.191572065 1.182389391 1.186245416 1.295748570 1.268959337 1.203698315 1.213633553 1.220463388 1.256084383 0.933560569 0.986542609 1.002959296 0.931835819 0.932317096 0.000000000 0.423779540 1.277555537 1.280236965 1.280883506 1.237301853 1.307341348 1.136828930 1.209359165 1.146749646 1.143493092 1.162345942 1.209848482 1.201537793 1.090079302 1.047526362 1.129752204 1.111551376 1.094390745 1.059777780 1.057495215 1.110645427 1.137026274 1.114364577 1.139286830 1.120707195 1.139221878 1.152924902 1.154205899 1.161038607 1.180935303 1.107192003 2.339218835 
17     1.144936720 1.135027755 1.121202653 1.140295938 1.122951535 1.113768861 1.117624886 1.227407299 1.201195433 1.135286500 1.145172940 1.152051573 1.187657897 0.865636507 0.918424657 0.934730917 0.863844096 0.864854120 0.423779540 0.000000000 1.211043259 1.213724687 1.214371229 1.170254270 1.240532340 1.070082441 1.142921945 1.080244587 1.076746604 1.095599453 1.143101994 1.134791304 1.023458895 0.980689307 1.062940354 1.044685489 1.027524858 0.992911893 0.990629328 1.043779540 1.070121548 1.047459851 1.073864672 1.055045222 1.073698793 1.086642584 1.087923581 1.094756289 1.114652985 1.040394958 2.272032023 
45     1.287632612 1.277567906 1.262611718 1.282733250 1.265485176 1.256302502 1.260261494 1.368972946 1.342482595 1.277610074 1.288277229 1.294360407 1.329468680 1.113764488 1.166592701 1.184305141 1.112716357 1.106646354 1.277555537 1.211043259 0.000000000 0.181653263 0.181556190 1.200396785 1.277300196 1.107517851 1.180295240 1.119673432 1.114733021 1.133585871 1.181290316 1.172979626 1.078600176 1.036670828 1.119445825 1.183856662 1.167036095 1.132469799 1.129993602 1.183297083 1.209586639 1.187033979 1.214532025 1.195805773 1.214427253 1.225763463 1.227110115 1.233877167 1.253849714 1.179145805 2.420325142 
37     1.290370542 1.280305835 1.265349648 1.285471180 1.268223106 1.259040431 1.262999424 1.371710876 1.345220525 1.280348004 1.291015159 1.297098336 1.332206610 1.116445916 1.169274130 1.186986569 1.115397785 1.109327782 1.280236965 1.213724687 0.181653263 0.000000000 0.136106241 1.203040218 1.279943629 1.110142109 1.182919498 1.122297690 1.117357279 1.136210129 1.183914574 1.175603884 1.081224434 1.039295086 1.122070082 1.187149392 1.170037858 1.135471562 1.132995365 1.186298846 1.212556776 1.190004116 1.217644612 1.198918360 1.217539840 1.229137874 1.230507309 1.237251578 1.257186539 1.182059204 2.423097459 
33     1.291017083 1.280952377 1.265996189 1.286117721 1.268869647 1.259686973 1.263645965 1.372357417 1.345867066 1.280994545 1.291661700 1.297744878 1.332853151 1.117092457 1.169920671 1.187633111 1.116044326 1.109974323 1.280883506 1.214371229 0.181556190 0.136106241 0.000000000 1.203686759 1.280590171 1.110788650 1.183566039 1.122944231 1.118003820 1.136856670 1.184561115 1.176250425 1.081870975 1.039941627 1.122716624 1.187795934 1.170684400 1.136118103 1.133641906 1.186945387 1.213203317 1.190650657 1.218291153 1.199564901 1.218186381 1.229784415 1.231153850 1.237898120 1.257833081 1.182705746 2.423744000 
46     1.241737478 1.231672772 1.217685148 1.236838116 1.219590042 1.210407367 1.214366360 1.321745809 1.296850190 1.231903121 1.242616773 1.248699951 1.283733444 1.070994741 1.123884909 1.141597349 1.069982899 1.065054387 1.237301853 1.170254270 1.200396785 1.203040218 1.203686759 0.000000000 1.236275799 1.068806438 1.141552962 1.081385419 1.075005060 1.093857910 1.141545731 1.133235041 1.032980381 0.991030480 1.073276057 1.141379670 1.123855943 1.089289646 1.086813449 1.140116930 1.166551106 1.143906226 1.170366939 1.151640687 1.170262166 1.181990722 1.183360157 1.190104427 1.210265708 1.136520355 2.375235186 
23     1.314016801 1.303952095 1.289935514 1.309213768 1.291869365 1.282686691 1.286645683 1.395071623 1.368458647 1.303020062 1.313687217 1.319770394 1.355523463 1.143703904 1.196540555 1.214252995 1.142478347 1.137614043 1.307341348 1.240532340 1.277300196 1.279943629 1.280590171 1.236275799 0.000000000 0.978200168 1.050972473 0.990980738 0.985195928 1.004048778 1.051772358 1.043461668 1.107917777 1.065588401 1.148030335 1.211730978 1.193587390 1.159189929 1.157625072 1.210759718 1.237121150 1.214602900 1.242103807 1.223377555 1.241999035 1.253102818 1.254472252 1.261216522 1.281272516 1.206729817 2.448400681 
18     1.146553967 1.136489261 1.122472680 1.141750934 1.124406531 1.115223856 1.119182849 1.227960301 1.201382054 1.136379505 1.147046661 1.153129838 1.188418166 0.974067875 1.026904526 1.044616966 0.972842318 0.967793153 1.136828930 1.070082441 1.107517851 1.110142109 1.110788650 1.068806438 0.978200168 0.000000000 0.369997441 0.344514554 0.345230077 0.357356705 0.407313203 0.400027127 0.940910512 0.898581135 0.980548113 1.040718271 1.023392163 0.988935649 0.986544204 1.039686960 1.067026237 1.044877377 1.071702366 1.053043496 1.071664975 1.083000370 1.084369805 1.091114074 1.111610079 1.036828099 2.277448323 
34     1.219384267 1.209319561 1.195302980 1.214581234 1.197236831 1.188054157 1.192013149 1.300790601 1.274212354 1.209152140 1.219819296 1.225902473 1.261248467 1.046854259 1.099690910 1.117403350 1.045628702 1.040632657 1.209359165 1.142921945 1.180295240 1.182919498 1.183566039 1.141552962 1.050972473 0.369997441 0.000000000 0.421017497 0.420789408 0.433364294 0.483132874 0.476427209 1.013708425 0.971379049 1.053346026 1.113839630 1.096597334 1.062199873 1.059733723 1.112868369 1.140071262 1.117922401 1.145199968 1.126473716 1.145095195 1.155789982 1.157159417 1.163903687 1.184605353 1.109720686 2.350278623 
29     1.158646731 1.148582025 1.134565444 1.153843698 1.136499295 1.127316620 1.131275613 1.240053065 1.213474818 1.148495033 1.159162188 1.165245365 1.200510930 0.985667171 1.038503822 1.056216262 0.984441614 0.978752724 1.146749646 1.080244587 1.119673432 1.122297690 1.122944231 1.081385419 0.990980738 0.344514554 0.421017497 0.000000000 0.344610219 0.365419690 0.408492073 0.399258173 0.953513001 0.911183624 0.993150602 1.053429241 1.036186946 1.001789485 0.999323335 1.052457980 1.079719960 1.057512013 1.084381347 1.065655095 1.084276575 1.095177023 1.096546458 1.103290728 1.123786733 1.048773673 2.289634791 
30     1.152617468 1.142552762 1.128536181 1.147814435 1.130470032 1.121287358 1.125246350 1.234011058 1.207433346 1.142430231 1.153097387 1.159180564 1.193934535 0.980583872 1.033420523 1.051132963 0.979358315 0.974362270 1.143493092 1.076746604 1.114733021 1.117357279 1.118003820 1.075005060 0.985195928 0.345230077 0.420789408 0.344610219 0.000000000 0.256745696 0.338252683 0.329114117 0.947994430 0.905665054 0.987632031 1.047547790 1.030305494 0.995908033 0.993441883 1.046576529 1.073783888 1.051630561 1.078908128 1.060181876 1.078803356 1.089499985 1.090869419 1.097613689 1.118076406 1.043343678 2.284119149 
43     1.171470318 1.161405612 1.147389031 1.166667285 1.149322882 1.140140208 1.144099200 1.252863908 1.226286196 1.161283081 1.171950236 1.178033414 1.212787384 0.999436721 1.052273373 1.069985812 0.998211165 0.993215120 1.162345942 1.095599453 1.133585871 1.136210129 1.136856670 1.093857910 1.004048778 0.357356705 0.433364294 0.365419690 0.256745696 0.000000000 0.358285956 0.346219132 0.966847280 0.924517903 1.006484881 1.066400639 1.049158344 1.014760883 1.012294733 1.065429378 1.092636738 1.070483411 1.097760977 1.079034725 1.097656205 1.108352834 1.109722269 1.116466539 1.136929256 1.062196528 2.302971999 
49     1.218939510 1.208874804 1.194858223 1.214136477 1.196792074 1.187609400 1.191568392 1.300333100 1.273755388 1.208732468 1.219399624 1.225482801 1.260256577 1.047034308 1.099870959 1.117583399 1.045808751 1.040812706 1.209848482 1.143101994 1.181290316 1.183914574 1.184561115 1.141545731 1.051772358 0.407313203 0.483132874 0.408492073 0.338252683 0.358285956 0.000000000 0.196568502 1.014080725 0.971751348 1.053718325 1.113982268 1.096739972 1.062342512 1.059876362 1.113011007 1.140218367 1.118065039 1.145295820 1.126569569 1.145191048 1.155340925 1.156723078 1.163467347 1.183917346 1.109863325 2.346709430 
15     1.210628821 1.200564114 1.186547533 1.205825788 1.188481385 1.179298710 1.183257703 1.292022410 1.265444699 1.200421779 1.211088934 1.217172111 1.251945887 1.038723618 1.091560269 1.109272709 1.037498061 1.032502016 1.201537793 1.134791304 1.172979626 1.175603884 1.176250425 1.133235041 1.043461668 0.400027127 0.476427209 0.399258173 0.329114117 0.346219132 0.196568502 0.000000000 1.005770035 0.963440658 1.045407635 1.105671579 1.088429283 1.054031822 1.051565673 1.104700318 1.131907677 1.109754350 1.136985131 1.118258879 1.136880359 1.147030235 1.148412388 1.155156658 1.175606656 1.101552636 2.338398740 
14     1.099363571 1.089298865 1.075311241 1.094560538 1.077216135 1.068033460 1.071992453 1.181000548 1.154476283 1.088878073 1.100425316 1.106448479 1.141462368 0.924576666 0.977832488 0.995544928 0.923781361 0.919112820 1.090079302 1.023458895 1.078600176 1.081224434 1.081870975 1.032980381 1.107917777 0.940910512 1.013708425 0.953513001 0.947994430 0.966847280 1.014080725 1.005770035 0.000000000 0.260230853 0.600363211 0.988890137 0.971604969 0.937038672 0.934199620 0.987865957 1.015688092 0.992920273 1.020342296 1.001616044 1.020237523 1.032970381 1.034339816 1.041084085 1.061033742 0.987096082 2.218039272 
48     1.057309382 1.047244676 1.033257052 1.052506349 1.035161946 1.025979271 1.029938264 1.138946360 1.112422094 1.047028027 1.058371127 1.064394290 1.099408179 0.882394483 0.935650305 0.953362744 0.881599178 0.877036677 1.047526362 0.980689307 1.036670828 1.039295086 1.039941627 0.991030480 1.065588401 0.898581135 0.971379049 0.911183624 0.905665054 0.924517903 0.971751348 0.963440658 0.260230853 0.000000000 0.558260654 0.946810699 0.929525531 0.894959235 0.892517084 0.945786519 0.973608654 0.950840835 0.978030079 0.959303827 0.977925307 0.990098449 0.991463274 0.998232427 1.018182084 0.944622181 2.190301522 
40     1.138826941 1.128710399 1.114722776 1.133972072 1.116472353 1.107314600 1.111248671 1.220768962 1.194244696 1.129071429 1.140193730 1.146216892 1.181230781 0.964959525 1.018062430 1.035774870 0.964011303 0.959467917 1.129752204 1.062940354 1.119445825 1.122070082 1.122716624 1.073276057 1.148030335 0.980548113 1.053346026 0.993150602 0.987632031 1.006484881 1.053718325 1.045407635 0.600363211 0.558260654 0.000000000 1.030467562 1.013182394 0.978616098 0.975901725 1.029443382 1.056933174 1.034165356 1.061235998 1.042509746 1.061131226 1.073072807 1.074442242 1.081186511 1.101165397 1.028019510 2.272360260 
50     1.118718941 1.108521013 1.094689029 1.113322056 1.096438283 1.087255609 1.091125806 1.199870849 1.173100827 1.108417270 1.119054705 1.125137882 1.158451394 0.945804811 0.999057499 1.016769939 0.944110216 0.939694496 1.111551376 1.044685489 1.183856662 1.187149392 1.187795934 1.141379670 1.211730978 1.040718271 1.113839630 1.053429241 1.047547790 1.066400639 1.113982268 1.105671579 0.988890137 0.946810699 1.030467562 0.000000000 0.500275300 0.465923097 0.459680423 0.513885432 0.611159846 0.588058750 0.882174950 0.863321323 0.881942803 0.893543476 0.894872478 0.901657181 0.921472057 0.878003931 2.248130735 
32     1.101496922 1.091298995 1.077467011 1.095837520 1.079216265 1.070033590 1.073903788 1.182684218 1.155914196 1.091230639 1.101868074 1.107951251 1.141327996 0.928562233 0.981814922 0.999527362 0.926903556 0.922136051 1.094390745 1.027524858 1.167036095 1.170037858 1.170684400 1.123855943 1.193587390 1.023392163 1.096597334 1.036186946 1.030305494 1.049158344 1.096739972 1.088429283 0.971604969 0.929525531 1.013182394 0.500275300 0.000000000 0.268343285 0.381421025 0.445396532 0.596771894 0.573800262 0.863812474 0.844958847 0.863580327 0.876042113 0.877371115 0.884155818 0.903970693 0.861322919 2.230909140 
47     1.067078747 1.056880819 1.043048836 1.061419345 1.044798090 1.035615415 1.039485612 1.148266043 1.121496021 1.056812464 1.067449899 1.073533076 1.106909821 0.893591385 0.946735970 0.964448410 0.891851758 0.887523087 1.059777780 0.992911893 1.132469799 1.135471562 1.136118103 1.089289646 1.159189929 0.988935649 1.062199873 1.001789485 0.995908033 1.014760883 1.062342512 1.054031822 0.937038672 0.894959235 0.978616098 0.465923097 0.268343285 0.000000000 0.348990177 0.411839358 0.562764544 0.539938552 0.828775549 0.809921922 0.828543402 0.841005188 0.842334190 0.849118893 0.868933769 0.827105324 2.196467923 
39     1.064107661 1.053909733 1.040077749 1.058519378 1.041827003 1.032644329 1.036514526 1.145183771 1.118214220 1.053799474 1.064436909 1.070520086 1.103896831 0.890539779 0.943792464 0.961504904 0.888881102 0.884593061 1.057495215 0.990629328 1.129993602 1.132995365 1.133641906 1.086813449 1.157625072 0.986544204 1.059733723 0.999323335 0.993441883 1.012294733 1.059876362 1.051565673 0.934199620 0.892517084 0.975901725 0.459680423 0.381421025 0.348990177 0.000000000 0.407668972 0.561470019 0.538473228 0.826594251 0.807756039 0.826377518 0.839058253 0.840387255 0.847171958 0.866986833 0.825139693 2.193949463 
22     1.117754193 1.107556265 1.093724281 1.112207861 1.095473536 1.086290861 1.090161058 1.198941489 1.172171467 1.106514162 1.117151597 1.123234775 1.157692805 0.944898862 0.998151550 1.015863990 0.942714249 0.938802473 1.110645427 1.043779540 1.183297083 1.186298846 1.186945387 1.140116930 1.210759718 1.039686960 1.112868369 1.052457980 1.046576529 1.065429378 1.113011007 1.104700318 0.987865957 0.945786519 1.029443382 0.513885432 0.445396532 0.411839358 0.407668972 0.000000000 0.608024924 0.584614832 0.879831328 0.860977701 0.879599181 0.892246353 0.893575354 0.900360057 0.920174933 0.877427309 2.247168231 
42     1.144253288 1.134055361 1.120223377 1.138870946 1.121972631 1.112789956 1.116660154 1.225440584 1.198670562 1.133989238 1.144626673 1.150709850 1.184005977 0.971276394 1.024529082 1.042241522 0.969992444 0.965134524 1.137026274 1.070121548 1.209586639 1.212556776 1.213203317 1.166551106 1.237121150 1.067026237 1.140071262 1.079719960 1.073783888 1.092636738 1.140218367 1.131907677 1.015688092 0.973608654 1.056933174 0.611159846 0.596771894 0.562764544 0.561470019 0.608024924 0.000000000 0.285758744 0.906444332 0.887590705 0.906212185 0.919445428 0.920545928 0.927559133 0.947374009 0.904656098 2.273932747 
41     1.121443599 1.111245671 1.097413687 1.116061257 1.099162942 1.089980267 1.093850464 1.202630895 1.175860873 1.111179549 1.121816984 1.127900161 1.161196288 0.948508575 1.001761264 1.019473703 0.947224625 0.942366706 1.114364577 1.047459851 1.187033979 1.190004116 1.190650657 1.143906226 1.214602900 1.044877377 1.117922401 1.057512013 1.051630561 1.070483411 1.118065039 1.109754350 0.992920273 0.950840835 1.034165356 0.588058750 0.573800262 0.539938552 0.538473228 0.584614832 0.285758744 0.000000000 0.883463258 0.864609631 0.883231111 0.896464354 0.897349790 0.904578059 0.924392934 0.881668619 2.251167652 
44     1.148935273 1.138737346 1.124905362 1.143782269 1.126654616 1.117471941 1.121342139 1.230225568 1.203455546 1.138938800 1.149576235 1.155659412 1.189913951 0.974274478 1.027567810 1.045606395 0.972207015 0.968498195 1.139286830 1.073864672 1.214532025 1.217644612 1.218291153 1.170366939 1.242103807 1.071702366 1.145199968 1.084381347 1.078908128 1.097760977 1.145295820 1.136985131 1.020342296 0.978030079 1.061235998 0.882174950 0.863812474 0.828775549 0.826594251 0.879831328 0.906444332 0.883463258 0.000000000 0.385620046 0.403469547 0.792150324 0.793685043 0.800264029 0.820137523 0.906984874 2.278008303 
24     1.130309260 1.120111333 1.106279349 1.125156256 1.108028603 1.098845929 1.102716126 1.211599555 1.184829533 1.120312787 1.130950222 1.137033399 1.171287938 0.955285928 1.008585486 1.026624071 0.953184749 0.949666594 1.120707195 1.055045222 1.195805773 1.198918360 1.199564901 1.151640687 1.223377555 1.053043496 1.126473716 1.065655095 1.060181876 1.079034725 1.126569569 1.118258879 1.001616044 0.959303827 1.042509746 0.863321323 0.844958847 0.809921922 0.807756039 0.860977701 0.887590705 0.864609631 0.385620046 0.000000000 0.245339606 0.773603836 0.775138555 0.781717541 0.801674819 0.888238875 2.259391646 
31     1.148930740 1.138732813 1.124900829 1.143777736 1.126650083 1.117467409 1.121337606 1.230221035 1.203451013 1.138934267 1.149571702 1.155654879 1.189909418 0.973907408 1.027206966 1.045245551 0.971806229 0.968288074 1.139221878 1.073698793 1.214427253 1.217539840 1.218186381 1.170262166 1.241999035 1.071664975 1.145095195 1.084276575 1.078803356 1.097656205 1.145191048 1.136880359 1.020237523 0.977925307 1.061131226 0.881942803 0.863580327 0.828543402 0.826377518 0.879599181 0.906212185 0.883231111 0.403469547 0.245339606 0.000000000 0.792420689 0.793955408 0.800534394 0.820491672 0.906860355 2.278013126 
16     1.160536114 1.150338187 1.136506203 1.155383110 1.138255457 1.129072782 1.132942980 1.241723410 1.214953388 1.150436642 1.161074077 1.167157254 1.201411793 0.985117442 1.039389153 1.057427738 0.984578171 0.980324061 1.152924902 1.086642584 1.225763463 1.229137874 1.229784415 1.181990722 1.253102818 1.083000370 1.155789982 1.095177023 1.089499985 1.108352834 1.155340925 1.147030235 1.032970381 0.990098449 1.073072807 0.893543476 0.876042113 0.841005188 0.839058253 0.892246353 0.919445428 0.896464354 0.792150324 0.773603836 0.792420689 0.000000000 0.248196336 0.261644006 0.323561732 0.919969240 2.285838579 
21     1.161143319 1.150945391 1.137113407 1.155990314 1.138862661 1.129679987 1.133550184 1.242230457 1.215460435 1.150943688 1.161581123 1.167664301 1.201793235 0.986486877 1.040758588 1.058797173 0.985947606 0.981693496 1.154205899 1.087923581 1.227110115 1.230507309 1.231153850 1.183360157 1.254472252 1.084369805 1.157159417 1.096546458 1.090869419 1.109722269 1.156723078 1.148412388 1.034339816 0.991463274 1.074442242 0.894872478 0.877371115 0.842334190 0.840387255 0.893575354 0.920545928 0.897349790 0.793685043 0.775138555 0.793955408 0.248196336 0.000000000 0.243642739 0.320588169 0.921396039 2.286774805 
28     1.168649819 1.158451891 1.144619907 1.163496814 1.146369161 1.137186487 1.141056684 1.249837115 1.223067093 1.158550346 1.169187781 1.175270959 1.209525498 0.993246086 1.047502858 1.065541442 0.992691875 0.988437766 1.161038607 1.094756289 1.233877167 1.237251578 1.237898120 1.190104427 1.261216522 1.091114074 1.163903687 1.103290728 1.097613689 1.116466539 1.163467347 1.155156658 1.041084085 0.998232427 1.081186511 0.901657181 0.884155818 0.849118893 0.847171958 0.900360057 0.927559133 0.904578059 0.800264029 0.781717541 0.800534394 0.261644006 0.243642739 0.000000000 0.335047007 0.928082944 2.293952284 
25     1.188546515 1.178348587 1.164516604 1.183393510 1.166265858 1.157083183 1.160953380 1.269733811 1.242963789 1.178447042 1.189084478 1.195167655 1.229422194 1.013142782 1.067399554 1.085438139 1.012588571 1.008334462 1.180935303 1.114652985 1.253849714 1.257186539 1.257833081 1.210265708 1.281272516 1.111610079 1.184605353 1.123786733 1.118076406 1.136929256 1.183917346 1.175606656 1.061033742 1.018182084 1.101165397 0.921472057 0.903970693 0.868933769 0.866986833 0.920174933 0.947374009 0.924392934 0.820137523 0.801674819 0.820491672 0.323561732 0.320588169 0.335047007 0.000000000 0.947692242 2.313759090 
38     1.114917012 1.104719085 1.090887101 1.109860441 1.092636355 1.083453680 1.087323878 1.196408423 1.169638401 1.104734129 1.115371564 1.121454741 1.155519025 0.941622089 0.994804320 1.012842905 0.940668087 0.935751437 1.107192003 1.040394958 1.179145805 1.182059204 1.182705746 1.136520355 1.206729817 1.036828099 1.109720686 1.048773673 1.043343678 1.062196528 1.109863325 1.101552636 0.987096082 0.944622181 1.028019510 0.878003931 0.861322919 0.827105324 0.825139693 0.877427309 0.904656098 0.881668619 0.906984874 0.888238875 0.906860355 0.919969240 0.921396039 0.928082944 0.947692242 0.000000000 2.245935193 
0     2.302358826 2.292168903 2.278435342 2.297430577 2.280086174 2.270903499 2.274887508 2.382767108 2.355964156 2.291533481 2.302306196 2.308254093 2.342933446 2.176943090 2.229839478 2.247812928 2.175717360 2.164930867 2.339218835 2.272032023 2.420325142 2.423097459 2.423744000 2.375235186 2.448400681 2.277448323 2.350278623 2.289634791 2.284119149 2.302971999 2.346709430 2.338398740 2.218039272 2.190301522 2.272360260 2.248130735 2.230909140 2.196467923 2.193949463 2.247168231 2.273932747 2.251167652 2.278008303 2.259391646 2.278013126 2.285838579 2.286774805 2.293952284 2.313759090 2.245935193 0.000000000 
