51
3     0.000000000 0.238020952 0.324860230 0.676268686 0.700637508 0.540408504 0.600813269 0.619014242 0.590138649 0.649070394 0.717375372 0.667893312 0.695326390 0.784775367 0.773035991 0.780646100 0.758907443 0.715240482 0.597744421 0.608613597 0.642174531 0.607902911 0.613396652 0.672352619 0.646498511 0.648510733 0.645581518 0.688176700 0.681727801 0.589724083 0.589838587 0.599289352 0.730283481 0.709064583 0.798494243 0.702502304 0.706443334 0.704083554 0.617107922 0.629428666 0.632944837 0.650931431 0.620818832 0.621477973 0.708955302 0.561512225 0.598459166 0.570738450 0.664291930 0.672825908 1.423001067 
1     0.238020952 0.000000000 0.189677865 0.589350795 0.613719616 0.453490613 0.513886398 0.532087371 0.503211778 0.562143523 0.630448501 0.580966441 0.608399518 0.697764327 0.686024951 0.693635060 0.671967943 0.628300981 0.510804920 0.521674097 0.555235030 0.520963410 0.526457152 0.585413119 0.559559011 0.561571233 0.558642018 0.601237199 0.594579305 0.502784200 0.502898704 0.512349470 0.643343599 0.622124701 0.711554361 0.615562421 0.619503451 0.617143672 0.530168039 0.542349344 0.545780772 0.563822350 0.533878950 0.534538090 0.622015419 0.474572342 0.511519283 0.483798567 0.577352048 0.586326710 1.336075286 
2     0.324860230 0.189677865 0.000000000 0.672963849 0.697332671 0.537103668 0.597341930 0.615542903 0.586667310 0.645203482 0.713554367 0.664072307 0.691363997 0.781161027 0.769421652 0.777031760 0.755316249 0.711649287 0.594153226 0.605022402 0.638583336 0.604311716 0.609805458 0.668761425 0.642907316 0.644919539 0.641990323 0.684585505 0.678091188 0.586419246 0.586533750 0.595984516 0.726978645 0.705759747 0.795189406 0.699197467 0.703138497 0.700778717 0.613803085 0.626123829 0.629640000 0.647626594 0.617513995 0.618173136 0.705650465 0.558207388 0.595154329 0.567433613 0.660987094 0.669961756 1.419805132 
32     0.676268686 0.589350795 0.672963849 0.000000000 0.159477891 0.261437882 0.536139037 0.554340010 0.525554932 0.583761210 0.652343990 0.602861930 0.630295007 0.720539100 0.708814705 0.716424814 0.694173123 0.650481534 0.532980278 0.543849455 0.577410388 0.543037218 0.548530959 0.607448731 0.581655948 0.583668170 0.580738955 0.623334137 0.617277200 0.524946981 0.525061485 0.534672798 0.665623032 0.644623250 0.734953035 0.637747468 0.641666381 0.639306601 0.552721901 0.565021518 0.569265838 0.587352497 0.556420328 0.557057648 0.644555941 0.497747679 0.534696080 0.506657337 0.600657836 0.610559013 1.403279549 
30     0.700637508 0.613719616 0.697332671 0.159477891 0.000000000 0.285991294 0.560507859 0.578708832 0.549923754 0.608091088 0.676712812 0.627230752 0.654663829 0.744907922 0.733183527 0.740793635 0.718541945 0.674850356 0.557349100 0.568218276 0.601779210 0.567406040 0.572899781 0.631817553 0.606024770 0.608036992 0.605107777 0.647702959 0.641646022 0.549315803 0.549430307 0.559041620 0.689991854 0.668992072 0.759321857 0.662116289 0.666035202 0.663675423 0.577090722 0.589390340 0.593634659 0.611721319 0.580789150 0.581426470 0.668924763 0.522116501 0.559064902 0.531026159 0.625026658 0.634927834 1.427648371 
21     0.540408504 0.453490613 0.537103668 0.261437882 0.285991294 0.000000000 0.400219633 0.418490305 0.389748133 0.447260840 0.515707166 0.466225105 0.493658183 0.585042286 0.573317891 0.580927999 0.558648061 0.514956472 0.397422296 0.408291473 0.441852407 0.407512155 0.413005897 0.471890750 0.446097966 0.448110189 0.445180973 0.487776155 0.481719218 0.389518460 0.389632964 0.399170545 0.530120780 0.509120997 0.599631347 0.502369088 0.506576699 0.504216919 0.417345616 0.429550511 0.433794831 0.451892674 0.420735193 0.421372512 0.508870806 0.362287856 0.399236257 0.371337067 0.465198013 0.475099190 1.267289600 
4     0.600813269 0.513886398 0.597341930 0.536139037 0.560507859 0.400219633 0.000000000 0.118044466 0.133099221 0.314203407 0.381838632 0.332503414 0.359851478 0.471933179 0.459972259 0.467582959 0.445190381 0.400457562 0.284430672 0.295388756 0.328988966 0.294020155 0.299453859 0.358527645 0.332468160 0.334481452 0.331547689 0.374764728 0.368728797 0.368911812 0.369026317 0.380173730 0.511943032 0.490502281 0.580044945 0.482655752 0.486866725 0.484506945 0.398752672 0.408227081 0.411863623 0.429862152 0.399783482 0.400279521 0.488037595 0.341267401 0.378227436 0.350481807 0.443292888 0.453940801 1.325845635 
6     0.619014242 0.532087371 0.615542903 0.554340010 0.578708832 0.418490305 0.118044466 0.000000000 0.151913660 0.332525216 0.400160442 0.350825224 0.378173288 0.489912089 0.477951169 0.485561869 0.463288643 0.418555824 0.302531672 0.313489756 0.347089965 0.312121155 0.317554859 0.376628645 0.350569160 0.352582451 0.349648688 0.392865727 0.386829797 0.387388298 0.387502802 0.398650216 0.530419517 0.508978767 0.598521430 0.501132238 0.505343210 0.502983431 0.417229158 0.426468541 0.430105082 0.448103612 0.418024941 0.418520980 0.506279055 0.359508860 0.396468895 0.368723267 0.461534348 0.472182260 1.344046608 
19     0.590138649 0.503211778 0.586667310 0.525554932 0.549923754 0.389748133 0.133099221 0.151913660 0.000000000 0.303486900 0.371136201 0.321786908 0.349134971 0.460302852 0.448341933 0.455952633 0.434949829 0.390179434 0.273232558 0.284172603 0.317772812 0.283728086 0.289161790 0.347260919 0.321163151 0.323176443 0.320242680 0.363459719 0.357556000 0.357823115 0.357937620 0.369085033 0.500788512 0.479347761 0.568956248 0.471567055 0.475778028 0.473418248 0.387663975 0.397349452 0.400911898 0.418910428 0.388692350 0.389188390 0.476946464 0.330176269 0.367136305 0.339390676 0.432312755 0.442960667 1.315103867 
25     0.649070394 0.562143523 0.645203482 0.583761210 0.608091088 0.447260840 0.314203407 0.332525216 0.303486900 0.000000000 0.174246505 0.127509372 0.153420786 0.524027319 0.512061440 0.519665112 0.497671605 0.453939588 0.337056378 0.347955245 0.381559045 0.347264684 0.352757037 0.410027393 0.383969828 0.385965289 0.383055565 0.426239685 0.420287264 0.417132385 0.417246889 0.428973165 0.559817792 0.539018489 0.628243274 0.530813242 0.535022715 0.532662935 0.447120541 0.456804725 0.460369062 0.478365702 0.448084817 0.448580857 0.536332116 0.389692951 0.426652987 0.398898653 0.491453775 0.502101687 1.374275158 
15     0.717375372 0.630448501 0.713554367 0.652343990 0.676712812 0.515707166 0.381838632 0.400160442 0.371136201 0.174246505 0.000000000 0.121684935 0.146834996 0.592281185 0.580315305 0.587918977 0.565647424 0.521915407 0.405216842 0.416115710 0.449719510 0.415101373 0.420554813 0.477921070 0.451863505 0.453858966 0.450949242 0.494133362 0.488180941 0.485305371 0.485419875 0.497146151 0.627858180 0.607226085 0.696286610 0.598856577 0.603066051 0.600706271 0.515163877 0.525093294 0.528657631 0.546654270 0.516373386 0.516869425 0.604620685 0.457981520 0.494941555 0.467187222 0.559742344 0.570390256 1.442580136 
41     0.667893312 0.580966441 0.664072307 0.602861930 0.627230752 0.466225105 0.332503414 0.350825224 0.321786908 0.127509372 0.121684935 0.000000000 0.097580315 0.542726803 0.530760923 0.538364595 0.516289820 0.472557804 0.355859239 0.366758106 0.400361906 0.365552016 0.371005455 0.428563466 0.402505901 0.404501362 0.401591638 0.444775758 0.438823337 0.435823311 0.435937815 0.447664091 0.578451425 0.557744024 0.646804550 0.549374517 0.553583991 0.551224211 0.465681816 0.475611234 0.479175571 0.497172210 0.466891326 0.467387365 0.555138625 0.408499460 0.445459495 0.417705162 0.510260284 0.520908196 1.393098076 
7     0.695326390 0.608399518 0.691363997 0.630295007 0.654663829 0.493658183 0.359851478 0.378173288 0.349134971 0.153420786 0.146834996 0.097580315 0.000000000 0.570254026 0.558288147 0.565891819 0.543639365 0.499907348 0.383208783 0.394107651 0.427711451 0.393093314 0.398546753 0.455913011 0.429855446 0.431850907 0.428941183 0.472125303 0.466172882 0.463256388 0.463370892 0.475097168 0.605884502 0.585177102 0.674237628 0.576807595 0.581017068 0.578657289 0.493114894 0.503044311 0.506608648 0.524605288 0.494324403 0.494820443 0.582571702 0.435932537 0.472892573 0.445138239 0.537693361 0.548341273 1.420531154 
40     0.784775367 0.697764327 0.781161027 0.720539100 0.744907922 0.585042286 0.471933179 0.489912089 0.460302852 0.524027319 0.592281185 0.542726803 0.570254026 0.000000000 0.170460139 0.185110094 0.603651484 0.559520983 0.439598134 0.450454803 0.483906578 0.451681251 0.457146714 0.516126727 0.490392654 0.492410883 0.489510469 0.532202193 0.526250257 0.553543161 0.553657665 0.564849077 0.696233873 0.674600517 0.765050292 0.667826982 0.672037883 0.669678103 0.583202723 0.592074180 0.595542531 0.613541061 0.582383651 0.582879690 0.670688663 0.523695868 0.560772386 0.533140608 0.626225847 0.636873759 1.509996722 
43     0.773035991 0.686024951 0.769421652 0.708814705 0.733183527 0.573317891 0.459972259 0.477951169 0.448341933 0.512061440 0.580315305 0.530760923 0.558288147 0.170460139 0.000000000 0.102445865 0.592080501 0.547950000 0.428064814 0.438921483 0.472373257 0.440113309 0.445578773 0.504596078 0.478862004 0.480880233 0.477979819 0.520671543 0.514719607 0.541560211 0.541674715 0.552922709 0.684307506 0.662674149 0.753218434 0.655995124 0.660206024 0.657846245 0.571370865 0.580433877 0.583902228 0.601900758 0.570588886 0.571084925 0.658893899 0.511901103 0.548977621 0.521345843 0.614585543 0.625233455 1.498257347 
27     0.780646100 0.693635060 0.777031760 0.716424814 0.740793635 0.580927999 0.467582959 0.485561869 0.455952633 0.519665112 0.587918977 0.538364595 0.565891819 0.185110094 0.102445865 0.000000000 0.599715479 0.555584978 0.435669757 0.446526426 0.479978200 0.447752945 0.453218408 0.512196363 0.486462289 0.488480518 0.485580104 0.528271828 0.522319893 0.549170319 0.549284823 0.560532818 0.691917614 0.670284258 0.760828542 0.663605232 0.667816133 0.665456353 0.578980974 0.588043985 0.591512336 0.609510866 0.578198994 0.578695033 0.666504007 0.519511211 0.556587730 0.528955951 0.622195651 0.632843564 1.505867455 
9     0.758907443 0.671967943 0.755316249 0.694173123 0.718541945 0.558648061 0.445190381 0.463288643 0.434949829 0.497671605 0.565647424 0.516289820 0.543639365 0.603651484 0.592080501 0.599715479 0.000000000 0.374119620 0.380207228 0.390450775 0.423872785 0.387962930 0.393373685 0.452775734 0.426919589 0.428994464 0.426061619 0.468254775 0.463181315 0.527454219 0.527568723 0.539218619 0.670776686 0.649234838 0.738979656 0.641639732 0.646030176 0.643670396 0.557693541 0.566912023 0.570555301 0.588553831 0.557919136 0.558415175 0.646107666 0.499236987 0.536197023 0.508681727 0.601478646 0.612126559 1.483804532 
34     0.715240482 0.628300981 0.711649287 0.650481534 0.674850356 0.514956472 0.400457562 0.418555824 0.390179434 0.453939588 0.521915407 0.472557804 0.499907348 0.559520983 0.547950000 0.555584978 0.374119620 0.000000000 0.336201122 0.346403263 0.379956299 0.343808979 0.349186074 0.409253539 0.383365196 0.385462206 0.382529361 0.424702459 0.419571264 0.483657097 0.483771601 0.495479727 0.627037794 0.605495946 0.695552076 0.598220611 0.602433010 0.600073230 0.513960299 0.523290542 0.526933820 0.544932350 0.514294543 0.514790582 0.602483073 0.455612394 0.492572430 0.465057134 0.557854054 0.568501966 1.440145302 
12     0.597744421 0.510804920 0.594153226 0.532980278 0.557349100 0.397422296 0.284430672 0.302531672 0.273232558 0.337056378 0.405216842 0.355859239 0.383208783 0.439598134 0.428064814 0.435669757 0.380207228 0.336201122 0.000000000 0.137815319 0.173009267 0.193441655 0.198669333 0.268285836 0.242407869 0.244329780 0.241455431 0.284209130 0.277925517 0.366484732 0.366599237 0.377892840 0.509214460 0.487845206 0.577777492 0.480601645 0.484814044 0.482454264 0.395996456 0.405816948 0.409296995 0.427295525 0.396571896 0.397067935 0.484753611 0.337889747 0.374849782 0.347327672 0.440363483 0.451011396 1.322606830 
24     0.608613597 0.521674097 0.605022402 0.543849455 0.568218276 0.408291473 0.295388756 0.313489756 0.284172603 0.347955245 0.416115710 0.366758106 0.394107651 0.450454803 0.438921483 0.446526426 0.390450775 0.346403263 0.137815319 0.000000000 0.142133881 0.203045756 0.208410848 0.278142142 0.252354425 0.254186877 0.251312528 0.294089613 0.287986684 0.377392354 0.377506858 0.388800461 0.520122081 0.498752827 0.588685113 0.491509266 0.495721665 0.493361885 0.406904077 0.416724569 0.420204616 0.438203146 0.407479517 0.407975556 0.495661232 0.348797368 0.385757403 0.358235293 0.451271104 0.461919017 1.333476007 
35     0.642174531 0.555235030 0.638583336 0.577410388 0.601779210 0.441852407 0.328988966 0.347089965 0.317772812 0.381559045 0.449719510 0.400361906 0.427711451 0.483906578 0.472373257 0.479978200 0.423872785 0.379956299 0.173009267 0.142133881 0.000000000 0.236808475 0.242186115 0.311741412 0.285952977 0.287785429 0.284911080 0.327772126 0.321586044 0.410953288 0.411067792 0.422361395 0.553683015 0.532313761 0.622246047 0.525070200 0.529282599 0.526922819 0.440465011 0.450285503 0.453765550 0.471764080 0.441040451 0.441536490 0.529222166 0.382358302 0.419318337 0.391796227 0.484832038 0.495479951 1.367036941 
18     0.607902911 0.520963410 0.604311716 0.543037218 0.567406040 0.407512155 0.294020155 0.312121155 0.283728086 0.347264684 0.415101373 0.365552016 0.393093314 0.451681251 0.440113309 0.447752945 0.387962930 0.343808979 0.193441655 0.203045756 0.236808475 0.000000000 0.077191006 0.277704077 0.252233498 0.254171055 0.251229733 0.292567449 0.287464477 0.376708075 0.376822579 0.387932285 0.519415983 0.497871315 0.587991568 0.490768258 0.494980657 0.492620877 0.406188578 0.415780716 0.419423994 0.437422524 0.406790133 0.407260663 0.494946339 0.348107984 0.385068020 0.357545909 0.450539078 0.461186990 1.332824736 
14     0.613396652 0.526457152 0.609805458 0.548530959 0.572899781 0.413005897 0.299453859 0.317554859 0.289161790 0.352757037 0.420554813 0.371005455 0.398546753 0.457146714 0.445578773 0.453218408 0.393373685 0.349186074 0.198669333 0.208410848 0.242186115 0.077191006 0.000000000 0.283271557 0.257498917 0.259436475 0.256495152 0.297876641 0.292992004 0.382201817 0.382316321 0.393426027 0.524909725 0.503365057 0.593485309 0.496262000 0.500474399 0.498114619 0.411682320 0.421274458 0.424917736 0.442916266 0.412283875 0.412754405 0.500440081 0.353601726 0.390561761 0.363039651 0.456032819 0.466680731 1.338318478 
50     0.672352619 0.585413119 0.668761425 0.607448731 0.631817553 0.471890750 0.358527645 0.376628645 0.347260919 0.410027393 0.477921070 0.428563466 0.455913011 0.516126727 0.504596078 0.512196363 0.452775734 0.409253539 0.268285836 0.278142142 0.311741412 0.277704077 0.283271557 0.000000000 0.149254174 0.153111420 0.149999321 0.224004135 0.213965753 0.440667184 0.440781689 0.452256644 0.583578264 0.562213629 0.651667742 0.554772078 0.558984477 0.556624698 0.470373643 0.479872629 0.483351465 0.501289919 0.470697564 0.471172244 0.558815622 0.412130588 0.449090623 0.421575328 0.514515734 0.525163647 1.397238792 
39     0.646498511 0.559559011 0.642907316 0.581655948 0.606024770 0.446097966 0.332468160 0.350569160 0.321163151 0.383969828 0.451863505 0.402505901 0.429855446 0.490392654 0.478862004 0.486462289 0.426919589 0.383365196 0.242407869 0.252354425 0.285952977 0.252233498 0.257498917 0.149254174 0.000000000 0.070104241 0.066659210 0.192386287 0.186907230 0.414844678 0.414959182 0.426434138 0.557755757 0.536391123 0.625845235 0.528949572 0.533161971 0.530802191 0.444551136 0.454175591 0.457655638 0.475654168 0.444989007 0.445463687 0.533107065 0.386333441 0.423293476 0.395778181 0.488807178 0.499455090 1.371380540 
16     0.648510733 0.561571233 0.644919539 0.583668170 0.608036992 0.448110189 0.334481452 0.352582451 0.323176443 0.385965289 0.453858966 0.404501362 0.431850907 0.492410883 0.480880233 0.488480518 0.428994464 0.385462206 0.244329780 0.254186877 0.287785429 0.254171055 0.259436475 0.153111420 0.070104241 0.000000000 0.066998146 0.194996557 0.188847548 0.416856900 0.416971404 0.428446360 0.559767980 0.538403345 0.627857457 0.530961794 0.535174193 0.532814413 0.446563359 0.456187813 0.459667861 0.477666391 0.447001229 0.447475910 0.535119288 0.388345664 0.425305699 0.397790404 0.490819400 0.501467312 1.373392762 
11     0.645581518 0.558642018 0.641990323 0.580738955 0.605107777 0.445180973 0.331547689 0.349648688 0.320242680 0.383055565 0.450949242 0.401591638 0.428941183 0.489510469 0.477979819 0.485580104 0.426061619 0.382529361 0.241455431 0.251312528 0.284911080 0.251229733 0.256495152 0.149999321 0.066659210 0.066998146 0.000000000 0.191484598 0.187358865 0.413927685 0.414042189 0.425517145 0.556838764 0.535474130 0.624928242 0.528032579 0.532244978 0.529885198 0.443634144 0.453258598 0.456738646 0.474737175 0.444072014 0.444546694 0.532190072 0.385416448 0.422376484 0.394861188 0.487890185 0.498538097 1.370463547 
42     0.688176700 0.601237199 0.684585505 0.623334137 0.647702959 0.487776155 0.374764728 0.392865727 0.363459719 0.426239685 0.494133362 0.444775758 0.472125303 0.532202193 0.520671543 0.528271828 0.468254775 0.424702459 0.284209130 0.294089613 0.327772126 0.292567449 0.297876641 0.224004135 0.192386287 0.194996557 0.191484598 0.000000000 0.231207593 0.456434640 0.456549144 0.468042631 0.599364250 0.577999616 0.667499481 0.570573761 0.574786160 0.572426380 0.486175325 0.495765554 0.499245601 0.517244131 0.486578969 0.487053650 0.574697028 0.427923404 0.464883439 0.437368144 0.530397140 0.541045053 1.413058728 
23     0.681727801 0.594579305 0.678091188 0.617277200 0.641646022 0.481719218 0.368728797 0.386829797 0.357556000 0.420287264 0.488180941 0.438823337 0.466172882 0.526250257 0.514719607 0.522319893 0.463181315 0.419571264 0.277925517 0.287986684 0.321586044 0.287464477 0.292992004 0.213965753 0.186907230 0.188847548 0.187358865 0.231207593 0.000000000 0.450617547 0.450732052 0.462207007 0.593528627 0.572163992 0.661651182 0.564738137 0.568950536 0.566590756 0.480339702 0.489831557 0.493412406 0.511410936 0.480508369 0.480968928 0.568837520 0.422063896 0.459023931 0.431508636 0.524432267 0.535080180 1.406944183 
31     0.589724083 0.502784200 0.586419246 0.524946981 0.549315803 0.389518460 0.368911812 0.387388298 0.357823115 0.417132385 0.485305371 0.435823311 0.463256388 0.553543161 0.541560211 0.549170319 0.527454219 0.483657097 0.366484732 0.377392354 0.410953288 0.376708075 0.382201817 0.440667184 0.414844678 0.416856900 0.413927685 0.456434640 0.450617547 0.000000000 0.032955173 0.287581842 0.417268148 0.395831137 0.487328601 0.389819046 0.393995769 0.391635989 0.303410847 0.364239057 0.367686514 0.385765898 0.355482835 0.356242886 0.444210526 0.296207675 0.333342464 0.305634133 0.400245424 0.410934954 1.313783912 
48     0.589838587 0.502898704 0.586533750 0.525061485 0.549430307 0.389632964 0.369026317 0.387502802 0.357937620 0.417246889 0.485419875 0.435937815 0.463370892 0.553657665 0.541674715 0.549284823 0.527568723 0.483771601 0.366599237 0.377506858 0.411067792 0.376822579 0.382316321 0.440781689 0.414959182 0.416971404 0.414042189 0.456549144 0.450732052 0.032955173 0.000000000 0.287696346 0.417382652 0.395945641 0.487443105 0.389933550 0.394110273 0.391750494 0.303525351 0.364353561 0.367801018 0.385880402 0.355597339 0.356357390 0.444325030 0.296322180 0.333456968 0.305748637 0.400359928 0.411049458 1.313898417 
37     0.599289352 0.512349470 0.595984516 0.534672798 0.559041620 0.399170545 0.380173730 0.398650216 0.369085033 0.428973165 0.497146151 0.447664091 0.475097168 0.564849077 0.552922709 0.560532818 0.539218619 0.495479727 0.377892840 0.388800461 0.422361395 0.387932285 0.393426027 0.452256644 0.426434138 0.428446360 0.425517145 0.468042631 0.462207007 0.287581842 0.287696346 0.000000000 0.308597159 0.286562407 0.478687704 0.381616472 0.383829703 0.381530050 0.296564103 0.371885219 0.376442650 0.394213393 0.362496138 0.362912933 0.450960890 0.302772506 0.339786644 0.312422064 0.406340826 0.417030356 1.323479536 
33     0.730283481 0.643343599 0.726978645 0.665623032 0.689991854 0.530120780 0.511943032 0.530419517 0.500788512 0.559817792 0.627858180 0.578451425 0.605884502 0.696233873 0.684307506 0.691917614 0.670776686 0.627037794 0.509214460 0.520122081 0.553683015 0.519415983 0.524909725 0.583578264 0.557755757 0.559767980 0.556838764 0.599364250 0.593528627 0.417268148 0.417382652 0.308597159 0.000000000 0.356753421 0.608527405 0.511678114 0.513678862 0.511370113 0.426986543 0.502697462 0.507067096 0.524837840 0.493147444 0.493564240 0.581612197 0.433449102 0.470463240 0.443128374 0.537112501 0.547802032 1.453161848 
5     0.709064583 0.622124701 0.705759747 0.644623250 0.668992072 0.509120997 0.490502281 0.508978767 0.479347761 0.539018489 0.607226085 0.557744024 0.585177102 0.674600517 0.662674149 0.670284258 0.649234838 0.605495946 0.487845206 0.498752827 0.532313761 0.497871315 0.503365057 0.562213629 0.536391123 0.538403345 0.535474130 0.577999616 0.572163992 0.395831137 0.395945641 0.286562407 0.356753421 0.000000000 0.587860390 0.491033658 0.493196548 0.490887799 0.405887187 0.480965990 0.485615736 0.503386498 0.471647800 0.472064595 0.560112552 0.411926229 0.448940367 0.421605501 0.515519367 0.526208898 1.432106848 
45     0.798494243 0.711554361 0.795189406 0.734953035 0.759321857 0.599631347 0.580044945 0.598521430 0.568956248 0.628243274 0.696286610 0.646804550 0.674237628 0.765050292 0.753218434 0.760828542 0.738979656 0.695552076 0.577777492 0.588685113 0.622246047 0.587991568 0.593485309 0.651667742 0.625845235 0.627857457 0.624928242 0.667499481 0.661651182 0.487328601 0.487443105 0.478687704 0.608527405 0.587860390 0.000000000 0.250319853 0.302389575 0.299252988 0.419225210 0.571063087 0.574690594 0.592461356 0.562144285 0.562904336 0.650351370 0.502630119 0.539588262 0.511835980 0.605477469 0.616133034 1.522565156 
10     0.702502304 0.615562421 0.699197467 0.637747468 0.662116289 0.502369088 0.482655752 0.501132238 0.471567055 0.530813242 0.598856577 0.549374517 0.576807595 0.667826982 0.655995124 0.663605232 0.641639732 0.598220611 0.480601645 0.491509266 0.525070200 0.490768258 0.496262000 0.554772078 0.528949572 0.530961794 0.528032579 0.570573761 0.564738137 0.389819046 0.389933550 0.381616472 0.511678114 0.491033658 0.250319853 0.000000000 0.200523579 0.197424358 0.320715241 0.475348446 0.479181273 0.496952035 0.466250539 0.467010589 0.554457624 0.406745964 0.443704107 0.415951825 0.509946079 0.520601644 1.426578423 
29     0.706443334 0.619503451 0.703138497 0.641666381 0.666035202 0.506576699 0.486866725 0.505343210 0.475778028 0.535022715 0.603066051 0.553583991 0.581017068 0.672037883 0.660206024 0.667816133 0.646030176 0.602433010 0.484814044 0.495721665 0.529282599 0.494980657 0.500474399 0.558984477 0.533161971 0.535174193 0.532244978 0.574786160 0.568950536 0.393995769 0.394110273 0.383829703 0.513678862 0.493196548 0.302389575 0.200523579 0.000000000 0.037519927 0.323832038 0.479167550 0.482872947 0.500643709 0.470015683 0.470775734 0.558222768 0.410534629 0.447459659 0.419707378 0.513232261 0.523887826 1.430512202 
44     0.704083554 0.617143672 0.700778717 0.639306601 0.663675423 0.504216919 0.484506945 0.502983431 0.473418248 0.532662935 0.600706271 0.551224211 0.578657289 0.669678103 0.657846245 0.665456353 0.643670396 0.600073230 0.482454264 0.493361885 0.526922819 0.492620877 0.498114619 0.556624698 0.530802191 0.532814413 0.529885198 0.572426380 0.566590756 0.391635989 0.391750494 0.381530050 0.511370113 0.490887799 0.299252988 0.197424358 0.037519927 0.000000000 0.321482129 0.476807770 0.480513167 0.498283929 0.467655903 0.468415954 0.555862988 0.408174849 0.445099880 0.417347598 0.510872481 0.521528046 1.428152422 
28     0.617107922 0.530168039 0.613803085 0.552721901 0.577090722 0.417345616 0.398752672 0.417229158 0.387663975 0.447120541 0.515163877 0.465681816 0.493114894 0.583202723 0.571370865 0.578980974 0.557693541 0.513960299 0.395996456 0.406904077 0.440465011 0.406188578 0.411682320 0.470373643 0.444551136 0.446563359 0.443634144 0.486175325 0.480339702 0.303410847 0.303525351 0.296564103 0.426986543 0.405887187 0.419225210 0.320715241 0.323832038 0.321482129 0.000000000 0.390866102 0.394254400 0.412063780 0.381198637 0.382073420 0.469498079 0.321539398 0.358497541 0.330745254 0.424934466 0.435590031 1.341387584 
17     0.629428666 0.542349344 0.626123829 0.565021518 0.589390340 0.429550511 0.408227081 0.426468541 0.397349452 0.456804725 0.525093294 0.475611234 0.503044311 0.592074180 0.580433877 0.588043985 0.566912023 0.523290542 0.405816948 0.416724569 0.450285503 0.415780716 0.421274458 0.479872629 0.454175591 0.456187813 0.453258598 0.495765554 0.489831557 0.364239057 0.364353561 0.371885219 0.502697462 0.480965990 0.571063087 0.475348446 0.479167550 0.476807770 0.390866102 0.000000000 0.264424058 0.281031358 0.299903093 0.300169556 0.387548802 0.241166348 0.277761459 0.251928913 0.345270189 0.354029657 1.353480670 
46     0.632944837 0.545780772 0.629640000 0.569265838 0.593634659 0.433794831 0.411863623 0.430105082 0.400911898 0.460369062 0.528657631 0.479175571 0.506608648 0.595542531 0.583902228 0.591512336 0.570555301 0.526933820 0.409296995 0.420204616 0.453765550 0.419423994 0.424917736 0.483351465 0.457655638 0.459667861 0.456738646 0.499245601 0.493412406 0.367686514 0.367801018 0.376442650 0.507067096 0.485615736 0.574690594 0.479181273 0.482872947 0.480513167 0.394254400 0.264424058 0.000000000 0.224629750 0.303667337 0.303954465 0.391673997 0.243603498 0.280198609 0.253971542 0.347699809 0.356487341 1.357001403 
49     0.650931431 0.563822350 0.647626594 0.587352497 0.611721319 0.451892674 0.429862152 0.448103612 0.418910428 0.478365702 0.546654270 0.497172210 0.524605288 0.613541061 0.601900758 0.609510866 0.588553831 0.544932350 0.427295525 0.438203146 0.471764080 0.437422524 0.442916266 0.501289919 0.475654168 0.477666391 0.474737175 0.517244131 0.511410936 0.385765898 0.385880402 0.394213393 0.524837840 0.503386498 0.592461356 0.496952035 0.500643709 0.498283929 0.412063780 0.281031358 0.224629750 0.000000000 0.321825601 0.322128316 0.409505934 0.261785121 0.298380233 0.271458666 0.364970638 0.373758379 1.375011301 
38     0.620818832 0.533878950 0.617513995 0.556420328 0.580789150 0.420735193 0.399783482 0.418024941 0.388692350 0.448084817 0.516373386 0.466891326 0.494324403 0.582383651 0.570588886 0.578198994 0.557919136 0.514294543 0.396571896 0.407479517 0.441040451 0.406790133 0.412283875 0.470697564 0.444989007 0.447001229 0.444072014 0.486578969 0.480508369 0.355482835 0.355597339 0.362496138 0.493147444 0.471647800 0.562144285 0.466250539 0.470015683 0.467655903 0.381198637 0.299903093 0.303667337 0.321825601 0.000000000 0.113554137 0.302161737 0.172676124 0.209773054 0.180298902 0.301765235 0.310808372 1.344534718 
36     0.621477973 0.534538090 0.618173136 0.557057648 0.581426470 0.421372512 0.400279521 0.418520980 0.389188390 0.448580857 0.516869425 0.467387365 0.494820443 0.582879690 0.571084925 0.578695033 0.558415175 0.514790582 0.397067935 0.407975556 0.441536490 0.407260663 0.412754405 0.471172244 0.445463687 0.447475910 0.444546694 0.487053650 0.480968928 0.356242886 0.356357390 0.362912933 0.493564240 0.472064595 0.562904336 0.467010589 0.470775734 0.468415954 0.382073420 0.300169556 0.303954465 0.322128316 0.113554137 0.000000000 0.303417943 0.173178242 0.210279985 0.181467482 0.301912197 0.311121149 1.345172038 
20     0.708955302 0.622015419 0.705650465 0.644555941 0.668924763 0.508870806 0.488037595 0.506279055 0.476946464 0.536332116 0.604620685 0.555138625 0.582571702 0.670688663 0.658893899 0.666504007 0.646107666 0.602483073 0.484753611 0.495661232 0.529222166 0.494946339 0.500440081 0.558815622 0.533107065 0.535119288 0.532190072 0.574697028 0.568837520 0.444210526 0.444325030 0.450960890 0.581612197 0.560112552 0.650351370 0.554457624 0.558222768 0.555862988 0.469498079 0.387548802 0.391673997 0.409505934 0.302161737 0.303417943 0.000000000 0.260261547 0.297426598 0.270934790 0.386189549 0.395303480 1.432671188 
22     0.561512225 0.474572342 0.558207388 0.497747679 0.522116501 0.362287856 0.341267401 0.359508860 0.330176269 0.389692951 0.457981520 0.408499460 0.435932537 0.523695868 0.511901103 0.519511211 0.499236987 0.455612394 0.337889747 0.348797368 0.382358302 0.348107984 0.353601726 0.412130588 0.386333441 0.388345664 0.385416448 0.427923404 0.422063896 0.296207675 0.296322180 0.302772506 0.433449102 0.411926229 0.502630119 0.406745964 0.410534629 0.408174849 0.321539398 0.241166348 0.243603498 0.261785121 0.172676124 0.173178242 0.260261547 0.000000000 0.073051749 0.110567229 0.240345974 0.250139669 1.285277771 
8     0.598459166 0.511519283 0.595154329 0.534696080 0.559064902 0.399236257 0.378227436 0.396468895 0.367136305 0.426652987 0.494941555 0.445459495 0.472892573 0.560772386 0.548977621 0.556587730 0.536197023 0.492572430 0.374849782 0.385757403 0.419318337 0.385068020 0.390561761 0.449090623 0.423293476 0.425305699 0.422376484 0.464883439 0.459023931 0.333342464 0.333456968 0.339786644 0.470463240 0.448940367 0.539588262 0.443704107 0.447459659 0.445099880 0.358497541 0.277761459 0.280198609 0.298380233 0.209773054 0.210279985 0.297426598 0.073051749 0.000000000 0.147523466 0.277994414 0.287769733 1.322224712 
13     0.570738450 0.483798567 0.567433613 0.506657337 0.531026159 0.371337067 0.350481807 0.368723267 0.339390676 0.398898653 0.467187222 0.417705162 0.445138239 0.533140608 0.521345843 0.528955951 0.508681727 0.465057134 0.347327672 0.358235293 0.391796227 0.357545909 0.363039651 0.421575328 0.395778181 0.397790404 0.394861188 0.437368144 0.431508636 0.305634133 0.305748637 0.312422064 0.443128374 0.421605501 0.511835980 0.415951825 0.419707378 0.417347598 0.330745254 0.251928913 0.253971542 0.271458666 0.180298902 0.181467482 0.270934790 0.110567229 0.147523466 0.000000000 0.248926298 0.258457280 1.294541795 
47     0.664291930 0.577352048 0.660987094 0.600657836 0.625026658 0.465198013 0.443292888 0.461534348 0.432312755 0.491453775 0.559742344 0.510260284 0.537693361 0.626225847 0.614585543 0.622195651 0.601478646 0.557854054 0.440363483 0.451271104 0.484832038 0.450539078 0.456032819 0.514515734 0.488807178 0.490819400 0.487890185 0.530397140 0.524432267 0.400245424 0.400359928 0.406340826 0.537112501 0.515519367 0.605477469 0.509946079 0.513232261 0.510872481 0.424934466 0.345270189 0.347699809 0.364970638 0.301765235 0.301912197 0.386189549 0.240345974 0.277994414 0.248926298 0.000000000 0.108554234 1.387832465 
26     0.672825908 0.586326710 0.669961756 0.610559013 0.634927834 0.475099190 0.453940801 0.472182260 0.442960667 0.502101687 0.570390256 0.520908196 0.548341273 0.636873759 0.625233455 0.632843564 0.612126559 0.568501966 0.451011396 0.461919017 0.495479951 0.461186990 0.466680731 0.525163647 0.499455090 0.501467312 0.498538097 0.541045053 0.535080180 0.410934954 0.411049458 0.417030356 0.547802032 0.526208898 0.616133034 0.520601644 0.523887826 0.521528046 0.435590031 0.354029657 0.356487341 0.373758379 0.310808372 0.311121149 0.395303480 0.250139669 0.287769733 0.258457280 0.108554234 0.000000000 1.397918896 
0     1.423001067 1.336075286 1.419805132 1.403279549 1.427648371 1.267289600 1.325845635 1.344046608 1.315103867 1.374275158 1.442580136 1.393098076 1.420531154 1.509996722 1.498257347 1.505867455 1.483804532 1.440145302 1.322606830 1.333476007 1.367036941 1.332824736 1.338318478 1.397238792 1.371380540 1.373392762 1.370463547 1.413058728 1.406944183 1.313783912 1.313898417 1.323479536 1.453161848 1.432106848 1.522565156 1.426578423 1.430512202 1.428152422 1.341387584 1.353480670 1.357001403 1.375011301 1.344534718 1.345172038 1.432671188 1.285277771 1.322224712 1.294541795 1.387832465 1.397918896 0.000000000 
