51
4     0.000000000 0.366892589 0.316147605 0.344341590 0.334896526 0.377751814 0.441465638 0.346196315 0.379901708 0.367479990 0.440181929 0.477489581 0.486195725 0.437250332 0.311399726 0.545550554 0.525467071 0.354370469 0.352033869 0.351867677 0.402163813 0.400057318 0.398809577 0.354355026 0.351560207 0.396087220 0.383776719 0.326074891 0.292096038 0.615729961 0.386210733 0.387116266 0.383513765 0.386305533 0.463383534 0.783720669 0.719055273 0.317220598 0.305572150 0.335996636 0.352027866 0.331186882 0.334133183 0.325410201 0.326593749 0.337232611 0.447248231 0.495490477 0.792324372 0.716132385 0.843242129 
2     0.366892589 0.000000000 0.194264672 0.330558115 0.321860952 0.364912194 0.426586215 0.354549225 0.388005512 0.376333591 0.451217739 0.486718464 0.495933264 0.444606956 0.323503934 0.554108518 0.534445939 0.363828212 0.363024819 0.362315699 0.411036163 0.408130336 0.406854485 0.362757716 0.364572647 0.409128326 0.393281622 0.335521466 0.300992165 0.624359303 0.394979681 0.397640751 0.392864868 0.396309827 0.473689828 0.796621270 0.732333083 0.327283764 0.315286183 0.346295894 0.363001994 0.341890947 0.344994443 0.335954537 0.339058503 0.347938940 0.458175588 0.505569565 0.804224726 0.728655737 0.866597347 
5     0.316147605 0.194264672 0.000000000 0.280214214 0.272142907 0.313872212 0.378101797 0.305952149 0.338486192 0.327434054 0.400411683 0.437132289 0.446186440 0.398094802 0.275032101 0.506319799 0.485130703 0.315968305 0.316677012 0.315193145 0.357723948 0.356024296 0.354748445 0.308960113 0.311389900 0.356818678 0.341510196 0.283648524 0.249639747 0.575269762 0.346915600 0.347049301 0.344043113 0.347051539 0.425570057 0.742670671 0.679146139 0.279477678 0.266705204 0.297440486 0.312862761 0.291803329 0.294718255 0.288056187 0.290021217 0.300329371 0.407107194 0.454110350 0.749331659 0.676690911 0.810722017 
3     0.344341590 0.330558115 0.280214214 0.000000000 0.086614185 0.160101310 0.319365583 0.331352344 0.362423246 0.350717196 0.429562363 0.466419774 0.474363587 0.424042268 0.299052605 0.532687301 0.512352516 0.341092324 0.340550111 0.337877392 0.384043700 0.381962370 0.380669104 0.336807467 0.338778860 0.385691678 0.368321863 0.311680200 0.278162099 0.602096244 0.375057544 0.374879969 0.370853798 0.370568110 0.450133772 0.772622641 0.707359206 0.303955622 0.292061768 0.323893199 0.340865065 0.320283867 0.323099004 0.313111143 0.314932677 0.325142805 0.433988113 0.481420387 0.782911226 0.702916397 0.843217213 
6     0.334896526 0.321860952 0.272142907 0.086614185 0.000000000 0.148025408 0.308822711 0.322975337 0.350711999 0.339289670 0.420383006 0.457814220 0.465856301 0.415487467 0.291157807 0.524168118 0.504012772 0.331729449 0.331768124 0.327637856 0.375415729 0.373363606 0.372036855 0.327839381 0.328911609 0.375156924 0.360530769 0.303263874 0.270007822 0.594628664 0.367048280 0.367022995 0.362635563 0.361729904 0.441863902 0.762740395 0.697952024 0.294394110 0.282433192 0.315565061 0.332130260 0.311389566 0.314377281 0.304518246 0.306537328 0.316205366 0.425691508 0.473289634 0.773872896 0.693464964 0.833324458 
7     0.377751814 0.364912194 0.313872212 0.160101310 0.148025408 0.000000000 0.356072657 0.364060629 0.394965004 0.383939999 0.462753819 0.498897776 0.507209224 0.456666977 0.333107269 0.566368488 0.545426266 0.374877904 0.374310191 0.370125234 0.419253269 0.417389144 0.416095878 0.371816664 0.372598129 0.419012815 0.403073056 0.346843547 0.313038819 0.638036114 0.409781327 0.410277911 0.406137956 0.406933069 0.485755788 0.808152935 0.742856784 0.337584535 0.326602940 0.357927246 0.374370672 0.353504233 0.356688581 0.347939071 0.348901382 0.359124977 0.468919614 0.517040423 0.817030235 0.736596133 0.877725516 
1     0.441465638 0.426586215 0.378101797 0.319365583 0.308822711 0.356072657 0.000000000 0.423909597 0.457724548 0.445410452 0.522144744 0.559030765 0.567749310 0.517045550 0.393673999 0.625118854 0.605981815 0.433257757 0.435646412 0.433589664 0.476649055 0.474558894 0.473522405 0.429995566 0.432339825 0.478933544 0.464374148 0.406460235 0.373497123 0.695194845 0.466813518 0.468993877 0.464660898 0.463387195 0.542884023 0.866377773 0.801788561 0.391811298 0.379988913 0.416201831 0.433445686 0.412468367 0.415102089 0.406505585 0.409541427 0.418807778 0.524246561 0.570604567 0.871773155 0.791676291 0.928832924 
17     0.346196315 0.354549225 0.305952149 0.331352344 0.322975337 0.364060629 0.423909597 0.000000000 0.170599003 0.159970960 0.350189846 0.386020914 0.397525167 0.347570330 0.226620526 0.459525408 0.437921810 0.266037698 0.267692945 0.267516708 0.322081766 0.319753219 0.318539587 0.273278898 0.267579918 0.313892149 0.302101295 0.241073271 0.209616483 0.527337079 0.297829003 0.299407989 0.296324635 0.300452014 0.372418451 0.695986803 0.630418067 0.229526693 0.216228036 0.248868687 0.265130839 0.244473171 0.247064892 0.242335502 0.242643067 0.254009836 0.379201577 0.426296428 0.720194430 0.649624153 0.794551984 
44     0.379901708 0.388005512 0.338486192 0.362423246 0.350711999 0.394965004 0.457724548 0.170599003 0.000000000 0.064219463 0.387672668 0.422499591 0.433624312 0.379975695 0.258413878 0.490799565 0.469184045 0.299211015 0.299399468 0.298965040 0.355380514 0.352845587 0.351619900 0.305168512 0.300186054 0.347105607 0.334399324 0.275091459 0.241806504 0.559044568 0.330598560 0.333408976 0.329495772 0.331655004 0.407220065 0.732634872 0.666103689 0.261100983 0.248994111 0.282355512 0.296957536 0.276645961 0.279124057 0.273076377 0.274774161 0.285427885 0.411732066 0.459531960 0.754101166 0.679769541 0.822920197 
21     0.367479990 0.376333591 0.327434054 0.350717196 0.339289670 0.383939999 0.445410452 0.159970960 0.064219463 0.000000000 0.376201764 0.410988384 0.422094754 0.368487746 0.246654548 0.478978650 0.457347744 0.287353440 0.287274668 0.287945001 0.342932641 0.340426740 0.339201053 0.292553815 0.288053632 0.335128739 0.323259023 0.263309727 0.230021609 0.549199657 0.319185172 0.322892407 0.319235627 0.320921547 0.396340540 0.721416864 0.654760496 0.249582964 0.237803543 0.270593955 0.285200715 0.264874209 0.267384725 0.261290914 0.262990591 0.273683662 0.400175246 0.448007965 0.743116378 0.666272942 0.811994509 
28     0.440181929 0.451217739 0.400411683 0.429562363 0.420383006 0.462753819 0.522144744 0.350189846 0.387672668 0.376201764 0.000000000 0.245937730 0.258070562 0.263169179 0.288440703 0.520695969 0.500471260 0.325842658 0.329012768 0.330442971 0.408746615 0.405660406 0.404953895 0.361499885 0.355831623 0.403669819 0.388045583 0.330085433 0.294143302 0.619423875 0.388869912 0.393900552 0.389537484 0.390909492 0.464803193 0.787540556 0.721640207 0.321181864 0.308477482 0.342501265 0.357553022 0.336991657 0.339911660 0.332824901 0.334300932 0.346438941 0.473525381 0.520937705 0.815784406 0.743509946 0.894668001 
30     0.477489581 0.486718464 0.437132289 0.466419774 0.457814220 0.498897776 0.559030765 0.386020914 0.422499591 0.410988384 0.245937730 0.000000000 0.101171987 0.303447324 0.320588862 0.553701506 0.531777354 0.356885393 0.360138974 0.361287124 0.444895827 0.441427868 0.440714899 0.397375344 0.391702281 0.440243246 0.423935984 0.365907350 0.329303050 0.651597096 0.421511205 0.423887880 0.420385976 0.422098896 0.496378707 0.822921392 0.756038461 0.353743905 0.340497895 0.375662988 0.393242422 0.373016524 0.375697155 0.369117825 0.368849478 0.380526223 0.511522966 0.559829838 0.847333201 0.781636198 0.932306424 
36     0.486195725 0.495933264 0.446186440 0.474363587 0.465856301 0.507209224 0.567749310 0.397525167 0.433624312 0.422094754 0.258070562 0.101171987 0.000000000 0.314928048 0.331037793 0.564343478 0.542938685 0.367670206 0.371687352 0.373001990 0.453925528 0.450489700 0.449723478 0.406372074 0.400808880 0.449360793 0.433516158 0.375821380 0.339389787 0.663103654 0.432809663 0.435978262 0.431886795 0.434215424 0.508173526 0.833395558 0.767012093 0.364795637 0.351501571 0.386558835 0.403905410 0.383573572 0.386375017 0.379630025 0.379684829 0.391131156 0.522391820 0.570663518 0.857348527 0.792945341 0.940663427 
22     0.437250332 0.444606956 0.398094802 0.424042268 0.415487467 0.456666977 0.517045550 0.347570330 0.379975695 0.368487746 0.263169179 0.303447324 0.314928048 0.000000000 0.278643082 0.513326460 0.494194816 0.318431121 0.321395920 0.323067130 0.404993144 0.401867829 0.401312644 0.356613026 0.352250290 0.399984459 0.382347724 0.322317965 0.289620352 0.613857629 0.383266009 0.386687706 0.383249828 0.382561851 0.458396984 0.783469098 0.718015697 0.314121320 0.302402199 0.335096026 0.352261642 0.331985078 0.334508638 0.326145270 0.326044187 0.337339326 0.469094915 0.517259747 0.807132418 0.739722154 0.889885264 
25     0.311399726 0.323503934 0.275032101 0.299052605 0.291157807 0.333107269 0.393673999 0.226620526 0.258413878 0.246654548 0.288440703 0.320588862 0.331037793 0.278643082 0.000000000 0.329714278 0.309380824 0.135415700 0.139790168 0.139035866 0.281138678 0.279234391 0.278046152 0.233228373 0.229192092 0.276247169 0.262520763 0.204436679 0.169235850 0.490587842 0.261415694 0.264280339 0.259964343 0.262587620 0.335247038 0.661059459 0.595251321 0.191617075 0.180987703 0.216025355 0.232747756 0.212078237 0.215023294 0.201678962 0.204800137 0.216074746 0.343941740 0.390740614 0.686434337 0.612149112 0.772743996 
18     0.545550554 0.554108518 0.506319799 0.532687301 0.524168118 0.566368488 0.625118854 0.459525408 0.490799565 0.478978650 0.520695969 0.553701506 0.564343478 0.513326460 0.329714278 0.000000000 0.200440606 0.322480717 0.333507045 0.331470823 0.517054277 0.514129347 0.513512187 0.467610416 0.463884347 0.511755305 0.495763670 0.438391050 0.402563370 0.724339837 0.492687870 0.494212504 0.489635855 0.495287837 0.567089374 0.893353145 0.827432439 0.422630326 0.413240843 0.448801347 0.463937910 0.443078616 0.446447279 0.435709939 0.439150952 0.448335348 0.582960426 0.629337734 0.921140792 0.842025084 1.008882168 
49     0.525467071 0.534445939 0.485130703 0.512352516 0.504012772 0.545426266 0.605981815 0.437921810 0.469184045 0.457347744 0.500471260 0.531777354 0.542938685 0.494194816 0.309380824 0.200440606 0.000000000 0.302018502 0.312187877 0.309728761 0.497868647 0.494943717 0.494321279 0.448254670 0.444317993 0.492868588 0.475769172 0.418661311 0.382947870 0.704552264 0.472186632 0.474023904 0.470178619 0.475832988 0.547878897 0.873155605 0.806478736 0.402214702 0.392738580 0.428047914 0.443625941 0.422564191 0.425802514 0.415848852 0.419355573 0.428647127 0.563243411 0.609597455 0.901698413 0.820974313 0.988983314 
39     0.354370469 0.363828212 0.315968305 0.341092324 0.331729449 0.374877904 0.433257757 0.266037698 0.299211015 0.287353440 0.325842658 0.356885393 0.367670206 0.318431121 0.135415700 0.322480717 0.302018502 0.000000000 0.136190507 0.135322947 0.323551366 0.321611310 0.320421376 0.275436658 0.269459944 0.318927097 0.303106762 0.244453109 0.209720275 0.530940228 0.300938734 0.302072707 0.297560860 0.303847721 0.374767436 0.700926403 0.634042939 0.232211398 0.221329054 0.254778413 0.271525264 0.250798782 0.253882775 0.242498170 0.245401695 0.255896716 0.388715913 0.436516005 0.727969271 0.649941516 0.816025486 
13     0.352033869 0.363024819 0.316677012 0.340550111 0.331768124 0.374310191 0.435646412 0.267692945 0.299399468 0.287274668 0.329012768 0.360138974 0.371687352 0.321395920 0.139790168 0.333507045 0.312187877 0.136190507 0.000000000 0.086543856 0.323787589 0.321849592 0.320643446 0.275378723 0.271141586 0.319324676 0.303546933 0.246081131 0.209286687 0.530870557 0.300115831 0.302813862 0.297900606 0.302733562 0.375006431 0.700227079 0.633881492 0.231886178 0.221547954 0.255829762 0.272533108 0.251766122 0.254651345 0.242841342 0.245008342 0.254951809 0.391182323 0.438507645 0.729275556 0.650057243 0.814009544 
34     0.351867677 0.362315699 0.315193145 0.337877392 0.327637856 0.370125234 0.433589664 0.267516708 0.298965040 0.287945001 0.330442971 0.361287124 0.373001990 0.323067130 0.139035866 0.331470823 0.309728761 0.135322947 0.086543856 0.000000000 0.324140375 0.322184470 0.320996232 0.275717596 0.270913339 0.319417979 0.303239154 0.245777830 0.209146240 0.530336557 0.300717445 0.303463884 0.298547488 0.302792754 0.374917747 0.700651547 0.634070853 0.231380797 0.220955038 0.255743783 0.272121054 0.251414467 0.254217156 0.242449849 0.244906522 0.254719439 0.390305389 0.437713299 0.727455225 0.651256699 0.814780338 
9     0.402163813 0.411036163 0.357723948 0.384043700 0.375415729 0.419253269 0.476649055 0.322081766 0.355380514 0.342932641 0.408746615 0.444895827 0.453925528 0.404993144 0.281138678 0.517054277 0.497868647 0.323551366 0.323787589 0.324140375 0.000000000 0.060204427 0.057429169 0.107845223 0.218935983 0.263591080 0.314264368 0.254496531 0.238245034 0.577981942 0.348985342 0.353052517 0.349301485 0.351883687 0.429041284 0.754901851 0.687541170 0.286019841 0.274085365 0.305054125 0.322535185 0.301019672 0.304112556 0.293622255 0.295771199 0.305849322 0.441996922 0.487611297 0.782873909 0.710208080 0.866976431 
20     0.400057318 0.408130336 0.356024296 0.381962370 0.373363606 0.417389144 0.474558894 0.319753219 0.352845587 0.340426740 0.405660406 0.441427868 0.450489700 0.401867829 0.279234391 0.514129347 0.494943717 0.321611310 0.321849592 0.322184470 0.060204427 0.000000000 0.031578438 0.107692796 0.218670632 0.263259711 0.312914090 0.253309415 0.236883712 0.576208634 0.347533785 0.350604991 0.346852626 0.348531212 0.425481423 0.752645559 0.685300295 0.283748612 0.271732616 0.303544321 0.320802109 0.299371506 0.302468879 0.290955243 0.292867871 0.303023571 0.439875150 0.485844970 0.781920480 0.707821696 0.864970830 
33     0.398809577 0.406854485 0.354748445 0.380669104 0.372036855 0.416095878 0.473522405 0.318539587 0.351619900 0.339201053 0.404953895 0.440714899 0.449723478 0.401312644 0.278046152 0.513512187 0.494321279 0.320421376 0.320643446 0.320996232 0.057429169 0.031578438 0.000000000 0.105916671 0.217182156 0.261805462 0.311709921 0.252121458 0.235449346 0.574989203 0.346278806 0.349350011 0.345597647 0.347242868 0.424226444 0.751381105 0.684030256 0.282482513 0.270511476 0.302283221 0.319536051 0.298110542 0.301202821 0.289714871 0.291627498 0.301783198 0.438727084 0.484725907 0.780611144 0.706555468 0.863720272 
38     0.354355026 0.362757716 0.308960113 0.336807467 0.327839381 0.371816664 0.429995566 0.273278898 0.305168512 0.292553815 0.361499885 0.397375344 0.406372074 0.356613026 0.233228373 0.467610416 0.448254670 0.275436658 0.275378723 0.275717596 0.107845223 0.107692796 0.105916671 0.000000000 0.170134683 0.215946123 0.266306940 0.206764255 0.189370063 0.534637299 0.304199591 0.309117188 0.305099128 0.302934582 0.379513031 0.705128218 0.638221689 0.237410853 0.225682050 0.258586055 0.275104150 0.253727368 0.256848011 0.245388960 0.247091949 0.257062707 0.392876845 0.437309716 0.734673258 0.661342056 0.818656339 
32     0.351560207 0.364572647 0.311389900 0.338778860 0.328911609 0.372598129 0.432339825 0.267579918 0.300186054 0.288053632 0.355831623 0.391702281 0.400808880 0.352250290 0.229192092 0.463884347 0.444317993 0.269459944 0.271141586 0.270913339 0.218935983 0.218670632 0.217182156 0.170134683 0.000000000 0.080023112 0.260129323 0.202029186 0.187952414 0.531542419 0.300829403 0.305665186 0.301830699 0.302819190 0.376709142 0.701232849 0.634718905 0.231144043 0.219220767 0.251018464 0.267983518 0.246750956 0.249747901 0.241672445 0.244419594 0.253300154 0.386350642 0.431313904 0.728625013 0.655854399 0.813231518 
10     0.396087220 0.409128326 0.356818678 0.385691678 0.375156924 0.419012815 0.478933544 0.313892149 0.347105607 0.335128739 0.403669819 0.440243246 0.449360793 0.399984459 0.276247169 0.511755305 0.492868588 0.318927097 0.319324676 0.319417979 0.263591080 0.263259711 0.261805462 0.215946123 0.080023112 0.000000000 0.307823380 0.248795897 0.234438437 0.577766826 0.346703683 0.351823388 0.347245917 0.348567007 0.422536478 0.745275988 0.679167714 0.277623448 0.265538208 0.298368096 0.315157667 0.293872590 0.296867811 0.287146987 0.289926124 0.298818845 0.433183539 0.479293966 0.776922578 0.701803500 0.859496983 
29     0.383776719 0.393281622 0.341510196 0.368321863 0.360530769 0.403073056 0.464374148 0.302101295 0.334399324 0.323259023 0.388045583 0.423935984 0.433516158 0.382347724 0.262520763 0.495763670 0.475769172 0.303106762 0.303546933 0.303239154 0.314264368 0.312914090 0.311709921 0.266306940 0.260129323 0.307823380 0.000000000 0.150515585 0.222022633 0.563545493 0.332990328 0.336967813 0.333533684 0.336498082 0.410618628 0.734166389 0.668053355 0.266305299 0.254963115 0.285489361 0.302035781 0.280980979 0.284029695 0.276234967 0.277979940 0.287834424 0.419627491 0.464969931 0.756246253 0.690781092 0.842671060 
27     0.326074891 0.335521466 0.283648524 0.311680200 0.303263874 0.346843547 0.406460235 0.241073271 0.275091459 0.263309727 0.330085433 0.365907350 0.375821380 0.322317965 0.204436679 0.438391050 0.418661311 0.244453109 0.246081131 0.245777830 0.254496531 0.253309415 0.252121458 0.206764255 0.202029186 0.248795897 0.150515585 0.000000000 0.162106384 0.503793091 0.274649976 0.277679923 0.273903212 0.277338804 0.349414795 0.672688236 0.607760620 0.207325477 0.195580111 0.226213468 0.242873387 0.221798893 0.224537586 0.217955235 0.218391735 0.228406801 0.363632328 0.409901470 0.701650643 0.633353972 0.786583099 
14     0.292096038 0.300992165 0.249639747 0.278162099 0.270007822 0.313038819 0.373497123 0.209616483 0.241806504 0.230021609 0.294143302 0.329303050 0.339389787 0.289620352 0.169235850 0.402563370 0.382947870 0.209720275 0.209286687 0.209146240 0.238245034 0.236883712 0.235449346 0.189370063 0.187952414 0.234438437 0.222022633 0.162106384 0.000000000 0.471192628 0.242840806 0.245540991 0.241996334 0.241189781 0.318659108 0.641685361 0.575782803 0.172873904 0.160504158 0.191381131 0.208548509 0.187715978 0.190168249 0.183875559 0.184998001 0.194933428 0.329768987 0.375731969 0.673027541 0.599865562 0.752294279 
42     0.615729961 0.624359303 0.575269762 0.602096244 0.594628664 0.638036114 0.695194845 0.527337079 0.559044568 0.549199657 0.619423875 0.651597096 0.663103654 0.613857629 0.490587842 0.724339837 0.704552264 0.530940228 0.530870557 0.530336557 0.577981942 0.576208634 0.574989203 0.534637299 0.531542419 0.577766826 0.563545493 0.503793091 0.471192628 0.000000000 0.367984151 0.369051165 0.363328182 0.392599978 0.471659695 0.814386197 0.751855133 0.451256837 0.439851902 0.472385920 0.488977565 0.467246849 0.469005155 0.473294005 0.473003599 0.483036117 0.647051111 0.697965400 0.989082059 0.917557643 1.070878683 
37     0.386210733 0.394979681 0.346915600 0.375057544 0.367048280 0.409781327 0.466813518 0.297829003 0.330598560 0.319185172 0.388869912 0.421511205 0.432809663 0.383266009 0.261415694 0.492687870 0.472186632 0.300938734 0.300115831 0.300717445 0.348985342 0.347533785 0.346278806 0.304199591 0.300829403 0.346703683 0.332990328 0.274649976 0.242840806 0.367984151 0.000000000 0.096364311 0.093406321 0.168910838 0.245005922 0.586259601 0.521863525 0.220237955 0.209185246 0.241966455 0.258564642 0.237164185 0.238614991 0.244440896 0.243604863 0.254328033 0.419881088 0.469816905 0.756256436 0.691737072 0.845425729 
31     0.387116266 0.397640751 0.347049301 0.374879969 0.367022995 0.410277911 0.468993877 0.299407989 0.333408976 0.322892407 0.393900552 0.423887880 0.435978262 0.386687706 0.264280339 0.494212504 0.474023904 0.302072707 0.302813862 0.303463884 0.353052517 0.350604991 0.349350011 0.309117188 0.305665186 0.351823388 0.336967813 0.277679923 0.245540991 0.369051165 0.096364311 0.000000000 0.073517477 0.170127956 0.245901687 0.594961155 0.530652709 0.221681390 0.210042970 0.244656365 0.261175985 0.239967407 0.242249295 0.245826423 0.244595228 0.255836985 0.422451276 0.472240737 0.762406726 0.693244330 0.848258840 
47     0.383513765 0.392864868 0.344043113 0.370853798 0.362635563 0.406137956 0.464660898 0.296324635 0.329495772 0.319235627 0.389537484 0.420385976 0.431886795 0.383249828 0.259964343 0.489635855 0.470178619 0.297560860 0.297900606 0.298547488 0.349301485 0.346852626 0.345597647 0.305099128 0.301830699 0.347245917 0.333533684 0.273903212 0.241996334 0.363328182 0.093406321 0.073517477 0.000000000 0.166540343 0.241836514 0.588979381 0.523270983 0.216711629 0.205596119 0.239612959 0.256204212 0.234794078 0.236882687 0.241372754 0.240581229 0.251540091 0.417106316 0.467681605 0.756588351 0.691365176 0.842884643 
15     0.386305533 0.396309827 0.347051539 0.370568110 0.361729904 0.406933069 0.463387195 0.300452014 0.331655004 0.320921547 0.390909492 0.422098896 0.434215424 0.382561851 0.262587620 0.495287837 0.475832988 0.303847721 0.302733562 0.302792754 0.351883687 0.348531212 0.347242868 0.302934582 0.302819190 0.348567007 0.336498082 0.277338804 0.241189781 0.392599978 0.168910838 0.170127956 0.166540343 0.000000000 0.212796317 0.593660719 0.528800356 0.222709146 0.210953414 0.246680452 0.264101925 0.242357903 0.243972971 0.246452316 0.245936297 0.255911053 0.418729412 0.469918304 0.758615421 0.694175390 0.840932475 
40     0.463383534 0.473689828 0.425570057 0.450133772 0.441863902 0.485755788 0.542884023 0.372418451 0.407220065 0.396340540 0.464803193 0.496378707 0.508173526 0.458396984 0.335247038 0.567089374 0.547878897 0.374767436 0.375006431 0.374917747 0.429041284 0.425481423 0.424226444 0.379513031 0.376709142 0.422536478 0.410618628 0.349414795 0.318659108 0.471659695 0.245005922 0.245901687 0.241836514 0.212796317 0.000000000 0.662806021 0.597636449 0.298417468 0.286537854 0.318162924 0.335505630 0.314714953 0.315708433 0.323274443 0.321866612 0.332688521 0.495531090 0.545206300 0.834531731 0.769386227 0.926145445 
16     0.783720669 0.796621270 0.742670671 0.772622641 0.762740395 0.808152935 0.866377773 0.695986803 0.732634872 0.721416864 0.787540556 0.822921392 0.833395558 0.783469098 0.661059459 0.893353145 0.873155605 0.700926403 0.700227079 0.700651547 0.754901851 0.752645559 0.751381105 0.705128218 0.701232849 0.745275988 0.734166389 0.672688236 0.641685361 0.814386197 0.586259601 0.594961155 0.588979381 0.593660719 0.662806021 0.000000000 0.326175512 0.622690972 0.610821866 0.640346741 0.655916528 0.633523056 0.635175952 0.643951986 0.641138522 0.650871308 0.816000313 0.863000443 1.152753280 1.089560294 1.249256125 
35     0.719055273 0.732333083 0.679146139 0.707359206 0.697952024 0.742856784 0.801788561 0.630418067 0.666103689 0.654760496 0.721640207 0.756038461 0.767012093 0.718015697 0.595251321 0.827432439 0.806478736 0.634042939 0.633881492 0.634070853 0.687541170 0.685300295 0.684030256 0.638221689 0.634718905 0.679167714 0.668053355 0.607760620 0.575782803 0.751855133 0.521863525 0.530652709 0.523270983 0.528800356 0.597636449 0.326175512 0.000000000 0.558062034 0.546246661 0.575631953 0.591259041 0.568721661 0.570462641 0.577851528 0.576603433 0.585073232 0.750088241 0.797388530 1.088651381 1.026298736 1.186466549 
26     0.317220598 0.327283764 0.279477678 0.303955622 0.294394110 0.337584535 0.391811298 0.229526693 0.261100983 0.249582964 0.321181864 0.353743905 0.364795637 0.314121320 0.191617075 0.422630326 0.402214702 0.232211398 0.231886178 0.231380797 0.286019841 0.283748612 0.282482513 0.237410853 0.231144043 0.277623448 0.266305299 0.207325477 0.172873904 0.451256837 0.220237955 0.221681390 0.216711629 0.222709146 0.298417468 0.622690972 0.558062034 0.000000000 0.030750259 0.163276995 0.178039013 0.156775551 0.158882828 0.170743632 0.169900052 0.181111294 0.347133141 0.395177421 0.689380561 0.620286187 0.767530767 
8     0.305572150 0.315286183 0.266705204 0.292061768 0.282433192 0.326602940 0.379988913 0.216228036 0.248994111 0.237803543 0.308477482 0.340497895 0.351501571 0.302402199 0.180987703 0.413240843 0.392738580 0.221329054 0.221547954 0.220955038 0.274085365 0.271732616 0.270511476 0.225682050 0.219220767 0.265538208 0.254963115 0.195580111 0.160504158 0.439851902 0.209185246 0.210042970 0.205596119 0.210953414 0.286537854 0.610821866 0.546246661 0.030750259 0.000000000 0.151185809 0.165748763 0.144608918 0.146599632 0.159196076 0.158399120 0.169194234 0.334177234 0.381973155 0.677026562 0.607343424 0.755510731 
11     0.335996636 0.346295894 0.297440486 0.323893199 0.315565061 0.357927246 0.416201831 0.248868687 0.282355512 0.270593955 0.342501265 0.375662988 0.386558835 0.335096026 0.216025355 0.448801347 0.428047914 0.254778413 0.255829762 0.255743783 0.305054125 0.303544321 0.302283221 0.258586055 0.251018464 0.298368096 0.285489361 0.226213468 0.191381131 0.472385920 0.241966455 0.244656365 0.239612959 0.246680452 0.318162924 0.640346741 0.575631953 0.163276995 0.151185809 0.000000000 0.096080111 0.074814926 0.076164613 0.192086016 0.192233189 0.203112335 0.370906501 0.419827511 0.712086049 0.644017535 0.796727181 
23     0.352027866 0.363001994 0.312862761 0.340865065 0.332130260 0.374370672 0.433445686 0.265130839 0.296957536 0.285200715 0.357553022 0.393242422 0.403905410 0.352261642 0.232747756 0.463937910 0.443625941 0.271525264 0.272533108 0.272121054 0.322535185 0.320802109 0.319536051 0.275104150 0.267983518 0.315157667 0.302035781 0.242873387 0.208548509 0.488977565 0.258564642 0.261175985 0.256204212 0.264101925 0.335505630 0.655916528 0.591259041 0.178039013 0.165748763 0.096080111 0.000000000 0.049922360 0.052683930 0.207896759 0.208867469 0.219778205 0.385993581 0.434893066 0.721218094 0.661355846 0.814366097 
46     0.331186882 0.341890947 0.291803329 0.320283867 0.311389566 0.353504233 0.412468367 0.244473171 0.276645961 0.264874209 0.336991657 0.373016524 0.383573572 0.331985078 0.212078237 0.443078616 0.422564191 0.250798782 0.251766122 0.251414467 0.301019672 0.299371506 0.298110542 0.253727368 0.246750956 0.293872590 0.280980979 0.221798893 0.187715978 0.467246849 0.237164185 0.239967407 0.234794078 0.242357903 0.314714953 0.633523056 0.568721661 0.156775551 0.144608918 0.074814926 0.049922360 0.000000000 0.030380996 0.187034671 0.187370379 0.198304985 0.365055944 0.413840524 0.706873820 0.640259186 0.793240144 
50     0.334133183 0.344994443 0.294718255 0.323099004 0.314377281 0.356688581 0.415102089 0.247064892 0.279124057 0.267384725 0.339911660 0.375697155 0.386375017 0.334508638 0.215023294 0.446447279 0.425802514 0.253882775 0.254651345 0.254217156 0.304112556 0.302468879 0.301202821 0.256848011 0.249747901 0.296867811 0.284029695 0.224537586 0.190168249 0.469005155 0.238614991 0.242249295 0.236882687 0.243972971 0.315708433 0.635175952 0.570462641 0.158882828 0.146599632 0.076164613 0.052683930 0.030380996 0.000000000 0.189849652 0.190175991 0.201046745 0.368930760 0.417874079 0.709466734 0.643321560 0.796198831 
45     0.325410201 0.335954537 0.288056187 0.313111143 0.304518246 0.347939071 0.406505585 0.242335502 0.273076377 0.261290914 0.332824901 0.369117825 0.379630025 0.326145270 0.201678962 0.435709939 0.415848852 0.242498170 0.242841342 0.242449849 0.293622255 0.290955243 0.289714871 0.245388960 0.241672445 0.287146987 0.276234967 0.217955235 0.183875559 0.473294005 0.244440896 0.245826423 0.241372754 0.246452316 0.323274443 0.643951986 0.577851528 0.170743632 0.159196076 0.192086016 0.207896759 0.187034671 0.189849652 0.000000000 0.065515149 0.074297614 0.358279715 0.405854068 0.701772989 0.631697512 0.780350176 
19     0.326593749 0.339058503 0.290021217 0.314932677 0.306537328 0.348901382 0.409541427 0.242643067 0.274774161 0.262990591 0.334300932 0.368849478 0.379684829 0.326044187 0.204800137 0.439150952 0.419355573 0.245401695 0.245008342 0.244906522 0.295771199 0.292867871 0.291627498 0.247091949 0.244419594 0.289926124 0.277979940 0.218391735 0.184998001 0.473003599 0.243604863 0.244595228 0.240581229 0.245936297 0.321866612 0.641138522 0.576603433 0.169900052 0.158399120 0.192233189 0.208867469 0.187370379 0.190175991 0.065515149 0.000000000 0.051145859 0.363500177 0.412188186 0.703129688 0.635837844 0.787643251 
41     0.337232611 0.347938940 0.300329371 0.325142805 0.316205366 0.359124977 0.418807778 0.254009836 0.285427885 0.273683662 0.346438941 0.380526223 0.391131156 0.337339326 0.216074746 0.448335348 0.428647127 0.255896716 0.254951809 0.254719439 0.305849322 0.303023571 0.301783198 0.257062707 0.253300154 0.298818845 0.287834424 0.228406801 0.194933428 0.483036117 0.254328033 0.255836985 0.251540091 0.255911053 0.332688521 0.650871308 0.585073232 0.181111294 0.169194234 0.203112335 0.219778205 0.198304985 0.201046745 0.074297614 0.051145859 0.000000000 0.374572656 0.423496482 0.714458033 0.645774016 0.800550123 
48     0.447248231 0.458175588 0.407107194 0.433988113 0.425691508 0.468919614 0.524246561 0.379201577 0.411732066 0.400175246 0.473525381 0.511522966 0.522391820 0.469094915 0.343941740 0.582960426 0.563243411 0.388715913 0.391182323 0.390305389 0.441996922 0.439875150 0.438727084 0.392876845 0.386350642 0.433183539 0.419627491 0.363632328 0.329768987 0.647051111 0.419881088 0.422451276 0.417106316 0.418729412 0.495531090 0.816000313 0.750088241 0.347133141 0.334177234 0.370906501 0.385993581 0.365055944 0.368930760 0.358279715 0.363500177 0.374572656 0.000000000 0.201559867 0.763059664 0.747186089 0.899079154 
43     0.495490477 0.505569565 0.454110350 0.481420387 0.473289634 0.517040423 0.570604567 0.426296428 0.459531960 0.448007965 0.520937705 0.559829838 0.570663518 0.517259747 0.390740614 0.629337734 0.609597455 0.436516005 0.438507645 0.437713299 0.487611297 0.485844970 0.484725907 0.437309716 0.431313904 0.479293966 0.464969931 0.409901470 0.375731969 0.697965400 0.469816905 0.472240737 0.467681605 0.469918304 0.545206300 0.863000443 0.797388530 0.395177421 0.381973155 0.419827511 0.434893066 0.413840524 0.417874079 0.405854068 0.412188186 0.423496482 0.201559867 0.000000000 0.804611050 0.793902192 0.945210321 
24     0.792324372 0.804224726 0.749331659 0.782911226 0.773872896 0.817030235 0.871773155 0.720194430 0.754101166 0.743116378 0.815784406 0.847333201 0.857348527 0.807132418 0.686434337 0.921140792 0.901698413 0.727969271 0.729275556 0.727455225 0.782873909 0.781920480 0.780611144 0.734673258 0.728625013 0.776922578 0.756246253 0.701650643 0.673027541 0.989082059 0.756256436 0.762406726 0.756588351 0.758615421 0.834531731 1.152753280 1.088651381 0.689380561 0.677026562 0.712086049 0.721218094 0.706873820 0.709466734 0.701772989 0.703129688 0.714458033 0.763059664 0.804611050 0.000000000 1.090891881 1.242307389 
12     0.716132385 0.728655737 0.676690911 0.702916397 0.693464964 0.736596133 0.791676291 0.649624153 0.679769541 0.666272942 0.743509946 0.781636198 0.792945341 0.739722154 0.612149112 0.842025084 0.820974313 0.649941516 0.650057243 0.651256699 0.710208080 0.707821696 0.706555468 0.661342056 0.655854399 0.701803500 0.690781092 0.633353972 0.599865562 0.917557643 0.691737072 0.693244330 0.691365176 0.694175390 0.769386227 1.089560294 1.026298736 0.620286187 0.607343424 0.644017535 0.661355846 0.640259186 0.643321560 0.631697512 0.635837844 0.645774016 0.747186089 0.793902192 1.090891881 0.000000000 1.177380935 
0     0.843242129 0.866597347 0.810722017 0.843217213 0.833324458 0.877725516 0.928832924 0.794551984 0.822920197 0.811994509 0.894668001 0.932306424 0.940663427 0.889885264 0.772743996 1.008882168 0.988983314 0.816025486 0.814009544 0.814780338 0.866976431 0.864970830 0.863720272 0.818656339 0.813231518 0.859496983 0.842671060 0.786583099 0.752294279 1.070878683 0.845425729 0.848258840 0.842884643 0.840932475 0.926145445 1.249256125 1.186466549 0.767530767 0.755510731 0.796727181 0.814366097 0.793240144 0.796198831 0.780350176 0.787643251 0.800550123 0.899079154 0.945210321 1.242307389 1.177380935 0.000000000 
