51
4     0.000000000 0.000528760 0.000553960 0.004918960 0.000431970 0.004480100 0.000039420 0.002175970 0.002265350 0.004615110 0.006502500 0.005407690 0.005565060 0.005860960 0.003761390 0.003246350 0.002570710 0.004893200 0.004705930 0.004519030 0.005066060 0.004955160 0.004949330 0.001164120 0.003400630 0.003084930 0.005589510 0.001115300 0.003872340 0.004143700 0.004607290 0.004208640 0.003187810 0.005252730 0.006450660 0.007692920 0.004679930 0.002358260 0.002548530 0.002934960 0.003019070 0.002660350 0.002930700 0.002291700 0.002348640 0.004709020 0.000613780 0.006375180 0.003584950 0.002124990 0.000142310 
2     0.000528760 0.000000000 0.000391040 0.003988620 0.000907490 0.004814790 0.000514940 0.002703750 0.002793130 0.004354930 0.005887640 0.005244770 0.005402140 0.005246100 0.002877600 0.003774130 0.006200000 0.004296720 0.002869150 0.004336550 0.004451200 0.004814370 0.004799400 0.004185880 0.003928410 0.005319640 0.004974650 0.004201900 0.003290940 0.008753750 0.004789350 0.004915340 0.004857950 0.004756650 0.006022810 0.001104840 0.007080060 0.002886040 0.003076310 0.001169700 0.004092310 0.003764330 0.003885150 0.000315700 0.002876420 0.002857040 0.005445110 0.005760320 0.006084720 0.002652770 0.000670090 
5     0.000553960 0.000391040 0.000000000 0.002474720 0.000932690 0.003870280 0.000540140 0.002728950 0.000943760 0.000653230 0.004943130 0.005215570 0.005372940 0.004301590 0.001570720 0.003799330 0.004217800 0.003352210 0.003146560 0.003392040 0.003506690 0.003776600 0.003772360 0.002959070 0.003245670 0.003650300 0.004030140 0.003245370 0.002346430 0.000095910 0.003844840 0.003970830 0.003913440 0.002350720 0.005078300 0.001013240 0.007105260 0.002818800 0.002373510 0.003076960 0.003147800 0.002854580 0.002940640 0.002844680 0.002901620 0.003453160 0.004500600 0.004815810 0.005140210 0.000596470 0.000695290 
3     0.004918960 0.003988620 0.002474720 0.000000000 0.000153920 0.000223590 0.001101270 0.001129200 0.004819930 0.004606570 0.000560280 0.007049260 0.007547900 0.004482480 0.003717860 0.002579350 0.005150410 0.004496140 0.003509870 0.004219070 0.001841650 0.005144930 0.005129960 0.004516440 0.003734850 0.005007640 0.005305210 0.003930630 0.001565660 0.008868830 0.005074710 0.002595880 0.005188510 0.005087210 0.006353370 0.009897000 0.010260490 0.004093870 0.003648580 0.004352030 0.004422870 0.004129650 0.004215710 0.002605510 0.001899450 0.001961960 0.005775670 0.006090880 0.006415280 0.010075610 0.008131510 
6     0.000431970 0.000907490 0.000932690 0.000153920 0.000000000 0.000248930 0.000414310 0.000612160 0.002696340 0.004003700 0.002184530 0.005786420 0.005943790 0.005283030 0.002398530 0.003677340 0.004863230 0.003836530 0.004128000 0.003931890 0.004488130 0.004851300 0.004836330 0.003863230 0.003003030 0.004022330 0.003177730 0.003198810 0.000833840 0.008328710 0.004826280 0.004952270 0.004894880 0.004793580 0.006059740 0.002014290 0.004105380 0.002789250 0.002979520 0.002946320 0.004129240 0.003836020 0.003922080 0.000436090 0.002042350 0.000089180 0.005482040 0.004785820 0.006121650 0.002555980 0.000573300 
7     0.004480100 0.004814790 0.003870280 0.000223590 0.000248930 0.000000000 0.001310600 0.002874610 0.005709080 0.004680660 0.002727550 0.007875430 0.008374070 0.006402830 0.004997290 0.006982280 0.006632260 0.002573500 0.004998330 0.005246770 0.005607930 0.005971100 0.005956130 0.002578160 0.001518920 0.006064760 0.006131380 0.003429050 0.000709370 0.009186010 0.005946080 0.006072070 0.006014680 0.004193440 0.001315790 0.006583180 0.006006800 0.004920040 0.004474750 0.005178200 0.005249040 0.004955820 0.005041880 0.005610430 0.005782710 0.005913230 0.006601840 0.003641180 0.007241450 0.009166680 0.008957680 
1     0.000039420 0.000514940 0.000540140 0.001101270 0.000414310 0.001310600 0.000000000 0.002214410 0.002303790 0.004601170 0.001845560 0.003845320 0.005551240 0.007014790 0.001728200 0.003284790 0.007672870 0.006065410 0.004204250 0.006105240 0.006219890 0.006583060 0.006568090 0.001918100 0.002035010 0.001548360 0.006703610 0.001754430 0.004795470 0.010226620 0.006558040 0.006684030 0.006626640 0.005691960 0.007791500 0.007731360 0.006590720 0.002396700 0.002586970 0.005790160 0.003757920 0.003934640 0.005265470 0.001560480 0.001497070 0.005568520 0.007213800 0.006051790 0.006649710 0.002163430 0.000180750 
17     0.002175970 0.002703750 0.002728950 0.001129200 0.000612160 0.002874610 0.002214410 0.000000000 0.000191920 0.000726190 0.005569970 0.001252530 0.006899670 0.003702450 0.001559440 0.001394320 0.004220360 0.000860840 0.002407010 0.002173390 0.003191690 0.002935330 0.003293250 0.001490530 0.001510640 0.003652860 0.004656980 0.003247930 0.002952090 0.006696810 0.000291590 0.003716430 0.003089940 0.001689080 0.004763520 0.005840890 0.004700250 0.000506230 0.000658540 0.001248770 0.001867450 0.002044170 0.003286870 0.000439670 0.000496610 0.003455720 0.001683890 0.005300950 0.005767050 0.000271000 0.001047280 
44     0.002265350 0.002793130 0.000943760 0.004819930 0.002696340 0.005709080 0.002303790 0.000191920 0.000000000 0.000396930 0.006322570 0.007153630 0.007652270 0.005681030 0.002649090 0.001483700 0.004284060 0.002432360 0.003676260 0.003472890 0.004412770 0.002159360 0.002300200 0.003025330 0.001600020 0.003716560 0.005059230 0.002666880 0.002687720 0.006760510 0.004422830 0.004261150 0.003832830 0.002394190 0.005261060 0.005399220 0.004789630 0.000595610 0.000747920 0.003167540 0.001761650 0.002133550 0.003323610 0.000529050 0.000585990 0.003519420 0.005665400 0.004416140 0.003389270 0.000360380 0.002405780 
21     0.004615110 0.004354930 0.000653230 0.004606570 0.004003700 0.004680660 0.004601170 0.000726190 0.000396930 0.000000000 0.006125150 0.004859730 0.007454850 0.005483610 0.002469000 0.004453990 0.004103970 0.002058850 0.003478840 0.003292800 0.003385270 0.003662770 0.003658530 0.002344670 0.003131840 0.003536470 0.004685610 0.003131540 0.002782540 0.006580420 0.003629240 0.004231760 0.003803440 0.003883040 0.005080970 0.002120220 0.007779810 0.003019230 0.002306490 0.002987450 0.001712300 0.002757710 0.003079850 0.000663300 0.002776860 0.000897550 0.004862050 0.003612790 0.006322230 0.006896270 0.007718160 
28     0.006502500 0.005887640 0.004943130 0.000560280 0.002184530 0.002727550 0.001845560 0.005569970 0.006322570 0.006125150 0.000000000 0.001331810 0.000490550 0.000051330 0.002629620 0.008552460 0.003414510 0.003208360 0.003334340 0.002854050 0.001110480 0.000904500 0.000794910 0.005956100 0.001737240 0.002933590 0.005449630 0.005954960 0.003856770 0.001791400 0.002633540 0.002681770 0.003034570 0.002598910 0.006497790 0.010057950 0.005505790 0.004238290 0.003793000 0.004496450 0.004567290 0.002355120 0.002334310 0.002772690 0.005252350 0.005231480 0.007215330 0.007530540 0.000538720 0.005072840 0.002461350 
30     0.005407690 0.005244770 0.005215570 0.007049260 0.005786420 0.007875430 0.003845320 0.001252530 0.007153630 0.004859730 0.001331810 0.000000000 0.000079150 0.003063950 0.002346130 0.008653060 0.007852750 0.003867070 0.003993050 0.002299410 0.007052480 0.007415650 0.006896250 0.001532390 0.006953650 0.000595210 0.002291400 0.003672280 0.004015460 0.008858210 0.006095390 0.003659370 0.006163990 0.004061480 0.007328850 0.010889010 0.007226990 0.004574820 0.001737210 0.005327510 0.005398350 0.005105130 0.005191190 0.005511790 0.006083410 0.006062540 0.008046390 0.008361600 0.002743060 0.005231530 0.005549020 
36     0.005565060 0.005402140 0.005372940 0.007547900 0.005943790 0.008374070 0.005551240 0.006899670 0.007652270 0.007454850 0.000490550 0.000079150 0.000000000 0.003022890 0.003070150 0.008810430 0.007634570 0.003648890 0.003774870 0.003294580 0.007551120 0.007914290 0.007899320 0.002619350 0.006735470 0.007596400 0.000375200 0.004369180 0.003772430 0.010658960 0.006594030 0.006720020 0.006662630 0.006561330 0.007827490 0.011387650 0.007306360 0.005567990 0.005122700 0.005826150 0.005896990 0.005603770 0.005689830 0.006380590 0.006062650 0.006037380 0.008545030 0.008860240 0.003241700 0.004419680 0.005706390 
22     0.005860960 0.005246100 0.004301590 0.004482480 0.005283030 0.006402830 0.007014790 0.003702450 0.005681030 0.005483610 0.000051330 0.003063950 0.003022890 0.000000000 0.001416320 0.007339160 0.005980740 0.000452740 0.002019510 0.001494550 0.005579880 0.005943050 0.005928080 0.005314560 0.003488340 0.005942570 0.004727190 0.005463220 0.001259760 0.008780840 0.001281510 0.003748660 0.001754460 0.001822670 0.005856250 0.008352880 0.012926200 0.003596750 0.003151460 0.003854910 0.003925750 0.003632530 0.003718590 0.004511400 0.001429190 0.004589940 0.002276090 0.006889000 0.003898340 0.000464550 0.006285170 
25     0.003761390 0.002877600 0.001570720 0.003717860 0.002398530 0.004997290 0.001728200 0.001559440 0.002649090 0.002469000 0.002629620 0.002346130 0.003070150 0.001416320 0.000000000 0.001179590 0.003095360 0.000270350 0.000129200 0.000000380 0.003284060 0.002714150 0.002709910 0.000979960 0.000223150 0.002553570 0.000401980 0.001659000 0.002959940 0.005804000 0.003466320 0.001517630 0.003514390 0.001236290 0.004083300 0.009206490 0.008161300 0.001149010 0.000808720 0.002121050 0.002497880 0.002325450 0.002304080 0.002318910 0.000592230 0.000237790 0.004317920 0.005976920 0.007732180 0.000651390 0.002837460 
18     0.003246350 0.003774130 0.003799330 0.002579350 0.003677340 0.006982280 0.003284790 0.001394320 0.001483700 0.004453990 0.008552460 0.008653060 0.008810430 0.007339160 0.001179590 0.000000000 0.000743220 0.003319460 0.003178310 0.003049490 0.005351270 0.004781360 0.004777120 0.003963830 0.002618980 0.004655060 0.002442050 0.002034370 0.004120260 0.000767090 0.005451310 0.005780940 0.005499380 0.004813070 0.006113190 0.006852470 0.005711830 0.001515350 0.001697080 0.003176100 0.002879030 0.003055750 0.003359130 0.000994670 0.001505730 0.002659130 0.007007570 0.009123830 0.010001860 0.001343340 0.003386780 
49     0.002570710 0.006200000 0.004217800 0.005150410 0.004863230 0.006632260 0.007672870 0.004220360 0.004284060 0.004103970 0.003414510 0.007852750 0.007634570 0.005980740 0.003095360 0.000743220 0.000000000 0.004369380 0.003893330 0.004060040 0.005001250 0.004431340 0.004427100 0.002607100 0.000545780 0.001568340 0.002162870 0.001684350 0.004392490 0.007438970 0.005101290 0.005430920 0.005149360 0.004741590 0.005939520 0.010841460 0.009796270 0.001496520 0.001347060 0.002786070 0.003202910 0.003030480 0.003009110 0.000199350 0.004035670 0.004197880 0.006657550 0.007469890 0.009108550 0.006269860 0.010824780 
39     0.004893200 0.004296720 0.003352210 0.004496140 0.003836530 0.002573500 0.006065410 0.000860840 0.002432360 0.002058850 0.003208360 0.003867070 0.003648890 0.000452740 0.000270350 0.003319460 0.004369380 0.000000000 0.000151300 0.000270710 0.003307180 0.001332710 0.001971110 0.001298910 0.001628230 0.001460840 0.004537210 0.001883350 0.002062220 0.006935810 0.004030240 0.002964190 0.004384460 0.002176350 0.005436360 0.008794600 0.008388110 0.001623120 0.001048860 0.003094120 0.003629690 0.003457260 0.003435890 0.000611570 0.000578950 0.000508120 0.001251440 0.005797920 0.006264020 0.006630500 0.007566270 
13     0.004705930 0.002869150 0.003146560 0.003509870 0.004128000 0.004998330 0.004204250 0.002407010 0.003676260 0.003478840 0.003334340 0.003993050 0.003774870 0.002019510 0.000129200 0.003178310 0.003893330 0.000151300 0.000000000 0.000128820 0.004403670 0.004426720 0.004422480 0.003609190 0.003826490 0.004266140 0.004423560 0.003782270 0.003243410 0.007516570 0.004763000 0.004888990 0.004831600 0.004730300 0.005996460 0.009244750 0.009873870 0.003736960 0.003291670 0.003833620 0.004065960 0.003772740 0.003858800 0.001074660 0.001265600 0.000366970 0.002133040 0.005592270 0.006058370 0.003689150 0.003207660 
34     0.004519030 0.004336550 0.003392040 0.004219070 0.003931890 0.005246770 0.006105240 0.002173390 0.003472890 0.003292800 0.002854050 0.002299410 0.003294580 0.001494550 0.000000380 0.003049490 0.004060040 0.000270710 0.000128820 0.000000000 0.004107860 0.003537950 0.003533710 0.002720420 0.001714210 0.003377370 0.004182900 0.003088940 0.003461150 0.005196550 0.004290120 0.004619750 0.004338190 0.003930420 0.005128350 0.001964740 0.008985100 0.002976630 0.001121470 0.002944850 0.003321680 0.003149250 0.003127880 0.003142710 0.001136780 0.000238150 0.001608080 0.005837750 0.002088700 0.007595050 0.007211960 
9     0.005066060 0.004451200 0.003506690 0.001841650 0.004488130 0.005607930 0.006219890 0.003191690 0.004412770 0.003385270 0.001110480 0.007052480 0.007551120 0.005579880 0.003284060 0.005351270 0.005001250 0.003307180 0.004403670 0.004107860 0.000000000 0.000211940 0.000026660 0.000574900 0.001563350 0.002794340 0.005308430 0.004028820 0.001751400 0.007567680 0.005123130 0.005249120 0.003334820 0.003265890 0.006068230 0.009916750 0.001802740 0.002427030 0.002253650 0.003884730 0.004261560 0.004089130 0.004067760 0.004082590 0.004164380 0.003349150 0.005757710 0.006072920 0.006418500 0.009696140 0.008134730 
20     0.004955160 0.004814370 0.003776600 0.005144930 0.004851300 0.005971100 0.006583060 0.002935330 0.002159360 0.003662770 0.000904500 0.007415650 0.007914290 0.005943050 0.002714150 0.004781360 0.004431340 0.001332710 0.004426720 0.003537950 0.000211940 0.000000000 0.000002510 0.000000000 0.001599550 0.000856730 0.004128270 0.000444550 0.002114570 0.006997770 0.004660090 0.004989720 0.000685210 0.003009530 0.005498320 0.010279920 0.004460580 0.000816360 0.000528460 0.003314820 0.003691650 0.003519220 0.003497850 0.000404140 0.003594470 0.003756680 0.006120880 0.006436090 0.006781670 0.006026390 0.003883300 
33     0.004949330 0.004799400 0.003772360 0.005129960 0.004836330 0.005956130 0.006568090 0.003293250 0.002300200 0.003658530 0.000794910 0.006896250 0.007899320 0.005928080 0.002709910 0.004777120 0.004427100 0.001971110 0.004422480 0.003533710 0.000026660 0.000002510 0.000000000 0.000888570 0.001899920 0.003142540 0.004813890 0.003454670 0.002099600 0.006993530 0.004655850 0.004985480 0.000638350 0.001268640 0.005494080 0.010264950 0.007014810 0.000807780 0.000634610 0.003310580 0.003687410 0.003514980 0.003493610 0.000216140 0.003590230 0.003752440 0.005528970 0.006421120 0.004948500 0.008360070 0.003678440 
38     0.001164120 0.004185880 0.002959070 0.004516440 0.003863230 0.002578160 0.001918100 0.001490530 0.003025330 0.002344670 0.005956100 0.001532390 0.002619350 0.005314560 0.000979960 0.003963830 0.002607100 0.001298910 0.003609190 0.002720420 0.000574900 0.000000000 0.000888570 0.000000000 0.001761840 0.000800250 0.003116230 0.000879610 0.001486080 0.006180240 0.003517760 0.003772580 0.002750590 0.001564730 0.004680790 0.009459020 0.007554260 0.000801500 0.000628330 0.000649840 0.002874120 0.002701690 0.002680320 0.001638840 0.001702090 0.002939150 0.005398820 0.005807600 0.000864980 0.003889130 0.005934530 
32     0.003400630 0.003928410 0.003245670 0.003734850 0.003003030 0.001518920 0.002035010 0.001510640 0.001600020 0.003131840 0.001737240 0.006953650 0.006735470 0.003488340 0.000223150 0.002618980 0.000545780 0.001628230 0.003826490 0.001714210 0.001563350 0.001599550 0.001899920 0.001761840 0.000000000 0.000587650 0.001522480 0.000225960 0.001772820 0.006466840 0.004129160 0.004458790 0.004177230 0.003546390 0.002128900 0.002828110 0.005924910 0.000718120 0.000799680 0.001734360 0.000448100 0.001270800 0.001557630 0.000303730 0.001721270 0.003225750 0.005685420 0.004818460 0.003917380 0.001495660 0.003541060 
10     0.003084930 0.005319640 0.003650300 0.005007640 0.004022330 0.006064760 0.001548360 0.003652860 0.003716560 0.003536470 0.002933590 0.000595210 0.007596400 0.005942570 0.002553570 0.004655060 0.001568340 0.001460840 0.004266140 0.003377370 0.002794340 0.000856730 0.003142540 0.000800250 0.000587650 0.000000000 0.003669180 0.003061660 0.002619840 0.006871470 0.004533790 0.004863420 0.004581860 0.004174090 0.005372020 0.010273960 0.007669850 0.003220300 0.003054520 0.003188520 0.003565350 0.003392920 0.003371550 0.003386380 0.003468170 0.003630380 0.006090050 0.006941360 0.004390960 0.005621120 0.007696480 
29     0.005589510 0.004974650 0.004030140 0.005305210 0.003177730 0.006131380 0.006703610 0.004656980 0.005059230 0.004685610 0.005449630 0.002291400 0.000375200 0.004727190 0.000401980 0.002442050 0.002162870 0.004537210 0.004423560 0.004182900 0.005308430 0.004128270 0.004813890 0.003116230 0.001522480 0.003669180 0.000000000 0.000005730 0.003045420 0.008043720 0.004332260 0.004458250 0.004400860 0.002195660 0.005565720 0.007328510 0.005943140 0.002347210 0.002181430 0.003564380 0.003635220 0.003342000 0.003428060 0.000954560 0.004320280 0.004299410 0.006302340 0.006617550 0.005646710 0.004548080 0.008212940 
27     0.001115300 0.004201900 0.003245370 0.003930630 0.003198810 0.003429050 0.001754430 0.003247930 0.002666880 0.003131540 0.005954960 0.003672280 0.004369180 0.005463220 0.001659000 0.002034370 0.001684350 0.001883350 0.003782270 0.003088940 0.004028820 0.000444550 0.003454670 0.000879610 0.000225960 0.003061660 0.000005730 0.000000000 0.001096450 0.006466540 0.001066770 0.002604630 0.004176930 0.002098070 0.004967090 0.007334140 0.008823840 0.000599610 0.000433830 0.001853650 0.002230480 0.002058050 0.002036680 0.000446390 0.002668780 0.003225450 0.005673470 0.005988680 0.006313080 0.002634910 0.008029310 
14     0.003872340 0.003290940 0.002346430 0.001565660 0.000833840 0.000709370 0.004795470 0.002952090 0.002687720 0.002782540 0.003856770 0.004015460 0.003772430 0.001259760 0.002959940 0.004120260 0.004392490 0.002062220 0.003243410 0.003461150 0.001751400 0.002114570 0.002099600 0.001486080 0.001772820 0.002619840 0.003045420 0.001096450 0.000000000 0.005248100 0.003395540 0.003963240 0.003618270 0.003897510 0.004892340 0.005683500 0.001120290 0.002936830 0.001153510 0.002609330 0.001584100 0.001146420 0.001338330 0.001431100 0.001769550 0.000585230 0.004597450 0.004912660 0.005258240 0.002705270 0.005042340 
42     0.004143700 0.008753750 0.000095910 0.008868830 0.008328710 0.009186010 0.010226620 0.006696810 0.006760510 0.006580420 0.001791400 0.008858210 0.010658960 0.008780840 0.005804000 0.000767090 0.007438970 0.006935810 0.007516570 0.005196550 0.007567680 0.006997770 0.006993530 0.006180240 0.006466840 0.006871470 0.008043720 0.006466540 0.005248100 0.000000000 0.000053100 0.000059410 0.000280430 0.002567340 0.004939290 0.010481510 0.008365380 0.006354230 0.006188450 0.006322450 0.006699280 0.006526850 0.006505480 0.004970230 0.005052020 0.005214230 0.001065610 0.010349060 0.010596090 0.019945630 0.013303700 
37     0.004607290 0.004789350 0.003844840 0.005074710 0.004826280 0.005946080 0.006558040 0.000291590 0.004422830 0.003629240 0.002633540 0.006095390 0.006594030 0.001281510 0.003466320 0.005451310 0.005101290 0.004030240 0.004763000 0.004290120 0.005123130 0.004660090 0.004655850 0.003517760 0.004129160 0.004533790 0.004332260 0.001066770 0.003395540 0.000053100 0.000000000 0.000016980 0.000080380 0.000724490 0.001751870 0.001651240 0.001055880 0.001833880 0.000653330 0.001503530 0.001875780 0.001174560 0.001414820 0.001122270 0.002714340 0.002876550 0.006117040 0.006432250 0.005461410 0.003333470 0.004946920 
31     0.004208640 0.004915340 0.003970830 0.002595880 0.004952270 0.006072070 0.006684030 0.003716430 0.004261150 0.004231760 0.002681770 0.003659370 0.006720020 0.003748660 0.001517630 0.005780940 0.005430920 0.002964190 0.004888990 0.004619750 0.005249120 0.004989720 0.004985480 0.003772580 0.004458790 0.004863420 0.004458250 0.002604630 0.003963240 0.000059410 0.000016980 0.000000000 0.000000100 0.001311110 0.000987300 0.001656720 0.001845670 0.002215590 0.001770300 0.002090150 0.002462400 0.001761180 0.002001440 0.002229340 0.000965590 0.003206180 0.006243030 0.006558240 0.005587400 0.005771030 0.002913440 
47     0.003187810 0.004857950 0.003913440 0.005188510 0.004894880 0.006014680 0.006626640 0.003089940 0.003832830 0.003803440 0.003034570 0.006163990 0.006662630 0.001754460 0.003514390 0.005499380 0.005149360 0.004384460 0.004831600 0.004338190 0.003334820 0.000685210 0.000638350 0.002750590 0.004177230 0.004581860 0.004400860 0.004176930 0.003618270 0.000280430 0.000080380 0.000000100 0.000000000 0.000952460 0.002359650 0.001570880 0.000789620 0.002061850 0.001712910 0.001731500 0.002103750 0.001402530 0.001642790 0.001443730 0.001741920 0.002924620 0.002884200 0.006500850 0.005530010 0.005685190 0.004432590 
15     0.005252730 0.004756650 0.002350720 0.005087210 0.004793580 0.004193440 0.005691960 0.001689080 0.002394190 0.003883040 0.002598910 0.004061480 0.006561330 0.001822670 0.001236290 0.004813070 0.004741590 0.002176350 0.004730300 0.003930420 0.003265890 0.003009530 0.001268640 0.001564730 0.003546390 0.004174090 0.002195660 0.002098070 0.003897510 0.002567340 0.000724490 0.001311110 0.000952460 0.000000000 0.000007230 0.001364740 0.000913600 0.001782170 0.001611610 0.001451820 0.001824070 0.001122850 0.001363110 0.002272850 0.000929430 0.002516850 0.003082050 0.006399550 0.005428710 0.003750510 0.005793950 
40     0.006450660 0.006022810 0.005078300 0.006353370 0.006059740 0.001315790 0.007791500 0.004763520 0.005261060 0.005080970 0.006497790 0.007328850 0.007827490 0.005856250 0.004083300 0.006113190 0.005939520 0.005436360 0.005996460 0.005128350 0.006068230 0.005498320 0.005494080 0.004680790 0.002128900 0.005372020 0.005565720 0.004967090 0.004892340 0.004939290 0.001751870 0.000987300 0.002359650 0.000007230 0.000000000 0.007649080 0.007936870 0.003050900 0.002626000 0.002859010 0.003231260 0.002530040 0.002770300 0.003470780 0.003552570 0.003714780 0.007350500 0.007665710 0.006694870 0.006054590 0.007860960 
16     0.007692920 0.001104840 0.001013240 0.009897000 0.002014290 0.006583180 0.007731360 0.005840890 0.005399220 0.002120220 0.010057950 0.010889010 0.011387650 0.008352880 0.009206490 0.006852470 0.010841460 0.008794600 0.009244750 0.001964740 0.009916750 0.010279920 0.010264950 0.009459020 0.002828110 0.010273960 0.007328510 0.007334140 0.005683500 0.010481510 0.001651240 0.001656720 0.001570880 0.001364740 0.007649080 0.000000000 0.000783580 0.005964380 0.006213450 0.000797340 0.001515800 0.001991680 0.002188100 0.004200490 0.005954760 0.008575590 0.009501330 0.002443190 0.010255030 0.005789910 0.007833350 
35     0.004679930 0.007080060 0.007105260 0.010260490 0.004105380 0.006006800 0.006590720 0.004700250 0.004789630 0.007779810 0.005505790 0.007226990 0.007306360 0.012926200 0.008161300 0.005711830 0.009796270 0.008388110 0.009873870 0.008985100 0.001802740 0.004460580 0.007014810 0.007554260 0.005924910 0.007669850 0.005943140 0.008823840 0.001120290 0.008365380 0.001055880 0.001845670 0.000789620 0.000913600 0.007936870 0.000783580 0.000000000 0.004823740 0.005072810 0.008679750 0.004559160 0.004735880 0.006066710 0.004757180 0.000295450 0.003861780 0.005540580 0.013346770 0.013764820 0.004649270 0.006692710 
26     0.002358260 0.002886040 0.002818800 0.004093870 0.002789250 0.004920040 0.002396700 0.000506230 0.000595610 0.003019230 0.004238290 0.004574820 0.005567990 0.003596750 0.001149010 0.001515350 0.001496520 0.001623120 0.003736960 0.002976630 0.002427030 0.000816360 0.000807780 0.000801500 0.000718120 0.003220300 0.002347210 0.000599610 0.002936830 0.006354230 0.001833880 0.002215590 0.002061850 0.001782170 0.003050900 0.005964380 0.004823740 0.000000000 0.000208160 0.001741340 0.001812440 0.001436220 0.001605280 0.000560700 0.000027660 0.001701160 0.005091000 0.004654440 0.004435370 0.000455250 0.002498690 
8     0.002548530 0.003076310 0.002373510 0.003648580 0.002979520 0.004474750 0.002586970 0.000658540 0.000747920 0.002306490 0.003793000 0.001737210 0.005122700 0.003151460 0.000808720 0.001697080 0.001347060 0.001048860 0.003291670 0.001121470 0.002253650 0.000528460 0.000634610 0.000628330 0.000799680 0.003054520 0.002181430 0.000433830 0.001153510 0.006188450 0.000653330 0.001770300 0.001712910 0.001611610 0.002626000 0.006213450 0.005072810 0.000208160 0.000000000 0.001296310 0.001367150 0.001073930 0.001159990 0.000362930 0.000628560 0.000421140 0.004645710 0.004791420 0.000042810 0.000643560 0.002688960 
11     0.002934960 0.001169700 0.003076960 0.004352030 0.002946320 0.005178200 0.005790160 0.001248770 0.003167540 0.002987450 0.004496450 0.005327510 0.005826150 0.003854910 0.002121050 0.003176100 0.002786070 0.003094120 0.003833620 0.002944850 0.003884730 0.003314820 0.003310580 0.000649840 0.001734360 0.003188520 0.003564380 0.001853650 0.002609330 0.006322450 0.001503530 0.002090150 0.001731500 0.001451820 0.002859010 0.000797340 0.008679750 0.001741340 0.001296310 0.000000000 0.000567330 0.000460290 0.000596670 0.001899320 0.002767720 0.002886700 0.003258560 0.005664370 0.004693530 0.005155240 0.007401140 
23     0.003019070 0.004092310 0.003147800 0.004422870 0.004129240 0.005249040 0.003757920 0.001867450 0.001761650 0.001712300 0.004567290 0.005398350 0.005896990 0.003925750 0.002497880 0.002879030 0.003202910 0.003629690 0.004065960 0.003321680 0.004261560 0.003691650 0.003687410 0.002874120 0.000448100 0.003565350 0.003635220 0.002230480 0.001584100 0.006699280 0.001875780 0.002462400 0.002103750 0.001824070 0.003231260 0.001515800 0.004559160 0.001812440 0.001367150 0.000567330 0.000000000 0.000040130 0.000037420 0.001924380 0.001981320 0.002573340 0.002764330 0.003377180 0.004764370 0.001816470 0.003859910 
46     0.002660350 0.003764330 0.002854580 0.004129650 0.003836020 0.004955820 0.003934640 0.002044170 0.002133550 0.002757710 0.002355120 0.005105130 0.005603770 0.003632530 0.002325450 0.003055750 0.003030480 0.003457260 0.003772740 0.003149250 0.004089130 0.003519220 0.003514980 0.002701690 0.001270800 0.003392920 0.003342000 0.002058050 0.001146420 0.006526850 0.001174560 0.001761180 0.001402530 0.001122850 0.002530040 0.001991680 0.004735880 0.001436220 0.001073930 0.000460290 0.000040130 0.000000000 0.000037110 0.002101100 0.002004750 0.001797330 0.002983950 0.004578240 0.004471150 0.001993190 0.004036630 
50     0.002930700 0.003885150 0.002940640 0.004215710 0.003922080 0.005041880 0.005265470 0.003286870 0.003323610 0.003079850 0.002334310 0.005191190 0.005689830 0.003718590 0.002304080 0.003359130 0.003009110 0.003435890 0.003858800 0.003127880 0.004067760 0.003497850 0.003493610 0.002680320 0.001557630 0.003371550 0.003428060 0.002036680 0.001338330 0.006505480 0.001414820 0.002001440 0.001642790 0.001363110 0.002770300 0.002188100 0.006066710 0.001605280 0.001159990 0.000596670 0.000037420 0.000037110 0.000000000 0.002172150 0.002036360 0.001828940 0.003254300 0.003959480 0.004557210 0.003324020 0.005367460 
45     0.002291700 0.000315700 0.002844680 0.002605510 0.000436090 0.005610430 0.001560480 0.000439670 0.000529050 0.000663300 0.002772690 0.005511790 0.006380590 0.004511400 0.002318910 0.000994670 0.000199350 0.000611570 0.001074660 0.003142710 0.004082590 0.000404140 0.000216140 0.001638840 0.000303730 0.003386380 0.000954560 0.000446390 0.001431100 0.004970230 0.001122270 0.002229340 0.001443730 0.002272850 0.003470780 0.004200490 0.004757180 0.000560700 0.000362930 0.001899320 0.001924380 0.002101100 0.002172150 0.000000000 0.000141250 0.000301860 0.005035920 0.000961060 0.004468450 0.000388690 0.001133580 
19     0.002348640 0.002876420 0.002901620 0.001899450 0.002042350 0.005782710 0.001497070 0.000496610 0.000585990 0.002776860 0.005252350 0.006083410 0.006062650 0.001429190 0.000592230 0.001505730 0.004035670 0.000578950 0.001265600 0.001136780 0.004164380 0.003594470 0.003590230 0.001702090 0.001721270 0.003468170 0.004320280 0.002668780 0.001769550 0.005052020 0.002714340 0.000965590 0.001741920 0.000929430 0.003552570 0.005954760 0.000295450 0.000027660 0.000628560 0.002767720 0.001981320 0.002004750 0.002036360 0.000141250 0.000000000 0.000009180 0.005808000 0.000744250 0.005449430 0.000445630 0.000396340 
41     0.004709020 0.002857040 0.003453160 0.001961960 0.000089180 0.005913230 0.005568520 0.003455720 0.003519420 0.000897550 0.005231480 0.006062540 0.006037380 0.004589940 0.000237790 0.002659130 0.004197880 0.000508120 0.000366970 0.000238150 0.003349150 0.003756680 0.003752440 0.002939150 0.003225750 0.003630380 0.004299410 0.003225450 0.000585230 0.005214230 0.002876550 0.003206180 0.002924620 0.002516850 0.003714780 0.008575590 0.003861780 0.001701160 0.000421140 0.002886700 0.002573340 0.001797330 0.001828940 0.000301860 0.000009180 0.000000000 0.003729090 0.000948820 0.005428560 0.003556000 0.001168290 
48     0.000613780 0.005445110 0.004500600 0.005775670 0.005482040 0.006601840 0.007213800 0.001683890 0.005665400 0.004862050 0.007215330 0.008046390 0.008545030 0.002276090 0.004317920 0.007007570 0.006657550 0.001251440 0.002133040 0.001608080 0.005757710 0.006120880 0.005528970 0.005398820 0.005685420 0.006090050 0.006302340 0.005673470 0.004597450 0.001065610 0.006117040 0.006243030 0.002884200 0.003082050 0.007350500 0.009501330 0.005540580 0.005091000 0.004645710 0.003258560 0.002764330 0.002983950 0.003254300 0.005035920 0.005808000 0.003729090 0.000000000 0.001531620 0.000429770 0.009714450 0.009128640 
43     0.006375180 0.005760320 0.004815810 0.006090880 0.004785820 0.003641180 0.006051790 0.005300950 0.004416140 0.003612790 0.007530540 0.008361600 0.008860240 0.006889000 0.005976920 0.009123830 0.007469890 0.005797920 0.005592270 0.005837750 0.006072920 0.006436090 0.006421120 0.005807600 0.004818460 0.006941360 0.006617550 0.005988680 0.004912660 0.010349060 0.006432250 0.006558240 0.006500850 0.006399550 0.007665710 0.002443190 0.013346770 0.004654440 0.004791420 0.005664370 0.003377180 0.004578240 0.003959480 0.000961060 0.000744250 0.000948820 0.001531620 0.000000000 0.007727620 0.008996430 0.009443850 
24     0.003584950 0.006084720 0.005140210 0.006415280 0.006121650 0.007241450 0.006649710 0.005767050 0.003389270 0.006322230 0.000538720 0.002743060 0.003241700 0.003898340 0.007732180 0.010001860 0.009108550 0.006264020 0.006058370 0.002088700 0.006418500 0.006781670 0.004948500 0.000864980 0.003917380 0.004390960 0.005646710 0.006313080 0.005258240 0.010596090 0.005461410 0.005587400 0.005530010 0.005428710 0.006694870 0.010255030 0.013764820 0.004435370 0.000042810 0.004693530 0.004764370 0.004471150 0.004557210 0.004468450 0.005449430 0.005428560 0.000429770 0.007727620 0.000000000 0.007123850 0.009464390 
12     0.002124990 0.002652770 0.000596470 0.010075610 0.002555980 0.009166680 0.002163430 0.000271000 0.000360380 0.006896270 0.005072840 0.005231530 0.004419680 0.000464550 0.000651390 0.001343340 0.006269860 0.006630500 0.003689150 0.007595050 0.009696140 0.006026390 0.008360070 0.003889130 0.001495660 0.005621120 0.004548080 0.002634910 0.002705270 0.019945630 0.003333470 0.005771030 0.005685190 0.003750510 0.006054590 0.005789910 0.004649270 0.000455250 0.000643560 0.005155240 0.001816470 0.001993190 0.003324020 0.000388690 0.000445630 0.003556000 0.009714450 0.008996430 0.007123850 0.000000000 0.000643550 
0     0.000142310 0.000670090 0.000695290 0.008131510 0.000573300 0.008957680 0.000180750 0.001047280 0.002405780 0.007718160 0.002461350 0.005549020 0.005706390 0.006285170 0.002837460 0.003386780 0.010824780 0.007566270 0.003207660 0.007211960 0.008134730 0.003883300 0.003678440 0.005934530 0.003541060 0.007696480 0.008212940 0.008029310 0.005042340 0.013303700 0.004946920 0.002913440 0.004432590 0.005793950 0.007860960 0.007833350 0.006692710 0.002498690 0.002688960 0.007401140 0.003859910 0.004036630 0.005367460 0.001133580 0.000396340 0.001168290 0.009128640 0.009443850 0.009464390 0.000643550 0.000000000 
