51
2     0.000000000 0.000081070 0.000374740 0.000288140 0.005272110 0.005100150 0.002962580 0.005494620 0.007198290 0.008148210 0.007072060 0.013819820 0.007207810 0.005758310 0.002007740 0.001415450 0.005673260 0.004918820 0.009821760 0.008765040 0.002408510 0.007740820 0.006673620 0.003822810 0.002464170 0.003338030 0.002470210 0.002447400 0.002465660 0.003947600 0.003828540 0.011655900 0.011384970 0.011137550 0.013098280 0.008687190 0.001964810 0.001981350 0.001945180 0.002199090 0.004261270 0.002743170 0.002493150 0.001989790 0.002713900 0.005419420 0.002973230 0.002080790 0.002049670 0.005422870 0.011945250 
6     0.000081070 0.000000000 0.000724230 0.001043590 0.003413940 0.005524070 0.004174570 0.005039700 0.002536370 0.003789210 0.004460140 0.011527350 0.007003070 0.005553570 0.003466320 0.002850540 0.004716580 0.004714080 0.011256850 0.007999070 0.002203770 0.009175910 0.006686040 0.003618070 0.002259430 0.003133290 0.002265470 0.002242660 0.002260920 0.003742860 0.003623800 0.013090990 0.011180230 0.011193140 0.013767270 0.010122280 0.001760070 0.001776610 0.001740440 0.001994350 0.005696360 0.004178260 0.002288410 0.001785050 0.004148990 0.002807500 0.002768490 0.001876050 0.001844930 0.006857960 0.013362560 
7     0.000374740 0.000724230 0.000000000 0.000069750 0.005607990 0.005310860 0.002940900 0.005076890 0.003577550 0.004830390 0.005922840 0.012990050 0.006790080 0.005340580 0.002130940 0.001393770 0.005811260 0.004501090 0.009800080 0.008157620 0.001990780 0.007719140 0.006473050 0.003405080 0.002046440 0.002920300 0.002052480 0.002029670 0.002047930 0.003529870 0.003410810 0.011634220 0.010967240 0.010980150 0.013076600 0.008665510 0.001547080 0.001563620 0.001527450 0.001781360 0.004239590 0.002721490 0.002075420 0.001572060 0.002692220 0.004270200 0.002555500 0.001663060 0.001631940 0.005401190 0.011923570 
11     0.000288140 0.001043590 0.000069750 0.000000000 0.005755050 0.004397020 0.002854300 0.005396250 0.006113090 0.007361410 0.005986860 0.013054070 0.007109440 0.005659940 0.002044340 0.001307170 0.005682600 0.004820450 0.009713480 0.007990800 0.002310140 0.007632540 0.006565340 0.003724440 0.002365800 0.003239660 0.002371840 0.002349030 0.002367290 0.003849230 0.003730170 0.011547620 0.011286600 0.011029270 0.012990000 0.008578910 0.001866440 0.001882980 0.001846810 0.002100720 0.004152990 0.002634890 0.002394780 0.001891420 0.002605620 0.004334220 0.002874860 0.001982420 0.001951300 0.005314590 0.011836970 
14     0.005272110 0.003413940 0.005607990 0.005755050 0.000000000 0.000077250 0.001845300 0.009155200 0.012043970 0.010494070 0.010200470 0.014901770 0.010996080 0.010336330 0.006938450 0.006789630 0.007036810 0.010679610 0.011494550 0.013029310 0.011589880 0.013115000 0.012047800 0.012573070 0.011491990 0.011425270 0.011379640 0.010463660 0.011367180 0.014157840 0.010990860 0.017030080 0.017053220 0.016511730 0.018472460 0.012708850 0.011221670 0.012679800 0.012728110 0.004378200 0.004357760 0.005695630 0.006473140 0.009398700 0.008088080 0.008914160 0.006010920 0.008437530 0.009546700 0.006840570 0.015105320 
3     0.005100150 0.005524070 0.005310860 0.004397020 0.000077250 0.000000000 0.002043090 0.007634410 0.013257110 0.012770770 0.012288200 0.015239190 0.007922430 0.010112020 0.006932200 0.006195030 0.007650940 0.009468960 0.011282390 0.009799170 0.010995280 0.012520400 0.011453200 0.011978470 0.010897390 0.010830670 0.010785040 0.009869060 0.010772580 0.011626570 0.010396260 0.016435480 0.016458620 0.015917130 0.017877860 0.010424450 0.010627070 0.012085200 0.012133510 0.004575990 0.004555550 0.006419370 0.003399490 0.008804100 0.007493480 0.007608290 0.006208710 0.007842930 0.008952100 0.005589460 0.016724830 
13     0.002962580 0.004174570 0.002940900 0.002854300 0.001845300 0.002043090 0.000000000 0.002432240 0.003167460 0.004415780 0.003041230 0.010108440 0.003826990 0.004752980 0.003897360 0.000733700 0.004120630 0.005374430 0.008316460 0.007611130 0.008077580 0.009699040 0.007769640 0.007979260 0.008076030 0.008009310 0.007963680 0.007047700 0.007951220 0.009276880 0.007574900 0.009463890 0.009966910 0.010760940 0.011931140 0.008592030 0.007388790 0.007650420 0.007364440 0.003116770 0.003418180 0.004701390 0.006060880 0.005982740 0.004672120 0.001559390 0.005071340 0.004396410 0.006130740 0.001223370 0.005570450 
12     0.005494620 0.005039700 0.005076890 0.005396250 0.009155200 0.007634410 0.002432240 0.000000000 0.002396270 0.003258610 0.001415800 0.004595590 0.000431960 0.001363750 0.003771270 0.005128120 0.004985760 0.007336560 0.015843500 0.012464490 0.004826250 0.014115250 0.009308520 0.006240550 0.004881910 0.005755770 0.004887950 0.004865140 0.004883400 0.006365340 0.006246280 0.018551130 0.013802710 0.013815620 0.016389750 0.014708920 0.004382550 0.004399090 0.004362920 0.004616830 0.009747390 0.009656790 0.004910890 0.004407530 0.014305280 0.002424520 0.005484890 0.004592450 0.001535950 0.008817090 0.017105390 
16     0.007198290 0.002536370 0.003577550 0.006113090 0.012043970 0.013257110 0.003167460 0.002396270 0.000000000 0.000157370 0.000091630 0.000526910 0.002672110 0.002417780 0.005562520 0.004299500 0.004532430 0.009127810 0.011407500 0.011338260 0.006617500 0.009383220 0.011099770 0.008031800 0.006673160 0.007547020 0.006679200 0.006656390 0.006674650 0.008156590 0.008037530 0.014544310 0.014038820 0.013017040 0.017699540 0.009558770 0.006173800 0.006190340 0.006154170 0.006408080 0.008862690 0.007973290 0.006702140 0.006198780 0.009539570 0.001971190 0.007276140 0.006383700 0.006352580 0.008363760 0.012030380 
4     0.008148210 0.003789210 0.004830390 0.007361410 0.010494070 0.012770770 0.004415780 0.003258610 0.000157370 0.000000000 0.000010450 0.001402840 0.003308480 0.001691720 0.006371320 0.007251660 0.005780750 0.009990150 0.012143620 0.013060230 0.007479840 0.009689220 0.011962110 0.008894140 0.007535500 0.008409360 0.007541540 0.007518730 0.007536990 0.009018930 0.008899870 0.015280430 0.014774940 0.013753160 0.018435660 0.009864770 0.007036140 0.007052680 0.007016510 0.007270420 0.010686880 0.008279290 0.007564480 0.007061120 0.010275690 0.003219510 0.008138480 0.007246040 0.007214920 0.009486000 0.012336380 
8     0.007072060 0.004460140 0.005922840 0.005986860 0.010200470 0.012288200 0.003041230 0.001415800 0.000091630 0.000010450 0.000000000 0.000388250 0.000648660 0.001491340 0.005597300 0.005529620 0.004406200 0.009162590 0.011465250 0.012834880 0.006652280 0.012324720 0.011134550 0.008066580 0.006707940 0.007581800 0.006713980 0.006691170 0.006709430 0.008191370 0.008072310 0.014602060 0.014096570 0.013074790 0.017757290 0.012500270 0.006208580 0.006225120 0.006188950 0.006442860 0.009554680 0.010914790 0.006736920 0.006233560 0.009597320 0.001844960 0.007310920 0.006418480 0.006387360 0.008237530 0.014425470 
10     0.013819820 0.011527350 0.012990050 0.013054070 0.014901770 0.015239190 0.010108440 0.004595590 0.000526910 0.001402840 0.000388250 0.000000000 0.001544850 0.001545320 0.008483800 0.007027040 0.009371260 0.016378090 0.017323190 0.014229980 0.017835920 0.017075320 0.016187540 0.016397160 0.016659200 0.016499240 0.016786100 0.016077220 0.016517680 0.017694780 0.018449880 0.018977410 0.018397980 0.018970480 0.022206900 0.013909520 0.016434290 0.015208930 0.017306240 0.014334720 0.013319280 0.014347830 0.015784360 0.016080490 0.015547100 0.008912170 0.016777480 0.015896550 0.016701290 0.010571070 0.016305990 
9     0.007207810 0.007003070 0.006790080 0.007109440 0.010996080 0.007922430 0.003826990 0.000431960 0.002672110 0.003308480 0.000648660 0.001544850 0.000000000 0.000000470 0.005484460 0.004950290 0.004805180 0.009049750 0.011610480 0.012626860 0.006539440 0.011789680 0.011021710 0.007953740 0.006595100 0.007468960 0.006601140 0.006578330 0.006596590 0.008078530 0.007959470 0.014747290 0.014241800 0.013220020 0.017902520 0.011965230 0.006095740 0.006112280 0.006076110 0.006330020 0.009346660 0.010379750 0.006624080 0.006120720 0.009742550 0.012424920 0.007198080 0.006305640 0.006274520 0.010657570 0.012629040 
5     0.005758310 0.005553570 0.005340580 0.005659940 0.010336330 0.010112020 0.004752980 0.001363750 0.002417780 0.001691720 0.001491340 0.001545320 0.000000470 0.000000000 0.004034960 0.004571650 0.005146100 0.007600250 0.013210280 0.012874490 0.005089940 0.012632360 0.009572210 0.006504240 0.005145600 0.006019460 0.005151640 0.005128830 0.005147090 0.006629030 0.006509970 0.016347090 0.014066400 0.014079310 0.016653440 0.012554030 0.004646240 0.004662780 0.004626610 0.004880520 0.010011080 0.009920480 0.005174580 0.004671220 0.011342350 0.011017090 0.005748580 0.004856140 0.004825020 0.007762760 0.014950500 
15     0.002007740 0.003466320 0.002130940 0.002044340 0.006938450 0.006932200 0.003897360 0.003771270 0.005562520 0.006371320 0.005597300 0.008483800 0.005484460 0.004034960 0.000000000 0.000599530 0.005289440 0.007464760 0.009278190 0.005779780 0.007373200 0.008625120 0.007831120 0.008356390 0.007275310 0.007208590 0.007162960 0.006246980 0.007150500 0.008915290 0.006774180 0.010361480 0.007441720 0.008427950 0.008014140 0.005459320 0.006932500 0.006758730 0.006912870 0.003696190 0.005418770 0.003900670 0.006839970 0.005182020 0.003871400 0.005604090 0.005536530 0.004220850 0.005330020 0.005052670 0.007855790 
1     0.001415450 0.002850540 0.001393770 0.001307170 0.006789630 0.006195030 0.000733700 0.005128120 0.004299500 0.007251660 0.005529620 0.007027040 0.004950290 0.004571650 0.000599530 0.000000000 0.005331120 0.009312560 0.008368560 0.006491560 0.006636030 0.008161150 0.007093950 0.007619220 0.006538140 0.006471420 0.006425790 0.005509810 0.006413330 0.010692600 0.006037010 0.011505370 0.010999880 0.009978100 0.011834540 0.006171100 0.006267820 0.007470510 0.007774260 0.002959020 0.004681600 0.003163500 0.006102800 0.004444850 0.003134230 0.006757920 0.004799360 0.003483680 0.004592850 0.004205940 0.008567570 
26     0.005673260 0.004716580 0.005811260 0.005682600 0.007036810 0.007650940 0.004120630 0.004985760 0.004532430 0.005780750 0.004406200 0.009371260 0.004805180 0.005146100 0.005289440 0.005331120 0.000000000 0.003661750 0.003399880 0.004901960 0.008255520 0.007841760 0.006719470 0.006583220 0.007192380 0.006400310 0.007011010 0.006550430 0.006506210 0.006729360 0.007754060 0.010662350 0.010082920 0.010655420 0.012681440 0.005527240 0.005772270 0.007777620 0.007204220 0.003812970 0.003785310 0.004676860 0.003943310 0.003829460 0.004810010 0.000016590 0.000024750 0.003140450 0.000153870 0.002085580 0.007379110 
40     0.004918820 0.004714080 0.004501090 0.004820450 0.010679610 0.009468960 0.005374430 0.007336560 0.009127810 0.009990150 0.009162590 0.016378090 0.009049750 0.007600250 0.007464760 0.009312560 0.003661750 0.000000000 0.001589840 0.001355210 0.004108990 0.005708360 0.003059820 0.003276640 0.001594890 0.001567660 0.000365240 0.003853520 0.001452470 0.005503270 0.001104070 0.004436270 0.003544390 0.003032170 0.003641790 0.002729710 0.002518290 0.001314700 0.001634080 0.003791760 0.005429630 0.001071280 0.002137390 0.003713430 0.005811260 0.004068790 0.004200660 0.004016650 0.003985530 0.003748200 0.009769660 
37     0.009821760 0.011256850 0.009800080 0.009713480 0.011494550 0.011282390 0.008316460 0.015843500 0.011407500 0.012143620 0.011465250 0.017323190 0.011610480 0.013210280 0.009278190 0.008368560 0.003399880 0.001589840 0.000000000 0.000614930 0.005139200 0.003979440 0.002121190 0.003466900 0.004668240 0.003769970 0.003894690 0.004069950 0.003389890 0.003949980 0.005474800 0.010286990 0.007072540 0.007704590 0.005760070 0.003220970 0.002850710 0.002100570 0.002098910 0.001975260 0.002112000 0.004247000 0.008047860 0.006104220 0.006473490 0.005882220 0.004369630 0.003003590 0.006776910 0.006276440 0.002555880 
18     0.008765040 0.007999070 0.008157620 0.007990800 0.013029310 0.009799170 0.007611130 0.012464490 0.011338260 0.013060230 0.012834880 0.014229980 0.012626860 0.012874490 0.005779780 0.006491560 0.004901960 0.001355210 0.000614930 0.000000000 0.003466820 0.004150700 0.005307120 0.003333930 0.003337810 0.003415670 0.003398770 0.003004070 0.003581430 0.004198750 0.004717130 0.005191670 0.005815540 0.005222090 0.006835530 0.002627680 0.001331800 0.001880850 0.001307450 0.000078530 0.000215270 0.005504110 0.007287850 0.007007580 0.006141470 0.004399000 0.004530870 0.004931690 0.007030840 0.006114080 0.000659390 
20     0.002408510 0.002203770 0.001990780 0.002310140 0.011589880 0.010995280 0.008077580 0.004826250 0.006617500 0.007479840 0.006652280 0.017835920 0.006539440 0.005089940 0.007373200 0.006636030 0.008255520 0.004108990 0.005139200 0.003466820 0.000000000 0.000654140 0.000520520 0.001414320 0.000055680 0.000929540 0.000061720 0.000038910 0.000057170 0.001539110 0.001420050 0.004278200 0.004205500 0.005756230 0.008392170 0.001668430 0.000812560 0.000829100 0.000792930 0.001412420 0.005750030 0.003326060 0.001706480 0.001203120 0.005695960 0.003956410 0.002398780 0.001506340 0.001475220 0.008739110 0.006194150 
49     0.007740820 0.009175910 0.007719140 0.007632540 0.013115000 0.012520400 0.009699040 0.014115250 0.009383220 0.009689220 0.012324720 0.017075320 0.011789680 0.012632360 0.008625120 0.008161150 0.007841760 0.005708360 0.003979440 0.004150700 0.000654140 0.000000000 0.000628050 0.001706630 0.001371810 0.001725230 0.001720040 0.002021250 0.001211800 0.001106030 0.002905130 0.003584490 0.003511790 0.005702020 0.004517690 0.001859760 0.002902770 0.002498330 0.004267780 0.005465810 0.006470980 0.002632350 0.008579480 0.006584910 0.006301430 0.003262700 0.008811510 0.003156340 0.005835100 0.010264230 0.009502050 
36     0.006673620 0.006686040 0.006473050 0.006565340 0.012047800 0.011453200 0.007769640 0.009308520 0.011099770 0.011962110 0.011134550 0.016187540 0.011021710 0.009572210 0.007831120 0.007093950 0.006719470 0.003059820 0.002121190 0.005307120 0.000520520 0.000628050 0.000000000 0.001240470 0.002170100 0.001543540 0.001247890 0.001737130 0.001163460 0.001723550 0.002522200 0.002805110 0.002544780 0.004681420 0.002010630 0.001374530 0.002725290 0.002674670 0.002527790 0.005894690 0.006280360 0.004095760 0.006188750 0.005685390 0.006153880 0.004726110 0.006881050 0.004619750 0.005957490 0.009197030 0.007117570 
28     0.003822810 0.003618070 0.003405080 0.003724440 0.012573070 0.011978470 0.007979260 0.006240550 0.008031800 0.008894140 0.008066580 0.016397160 0.007953740 0.006504240 0.008356390 0.007619220 0.006583220 0.003276640 0.003466900 0.003333930 0.001414320 0.001706630 0.001240470 0.000000000 0.000004380 0.000018310 0.000055220 0.000336820 0.000587720 0.001090620 0.001846920 0.003333710 0.002944830 0.002293960 0.005680800 0.003003050 0.002226860 0.002243400 0.002203480 0.002826720 0.005087410 0.002617120 0.003120780 0.002617420 0.006286200 0.003247470 0.003813080 0.002920640 0.002889520 0.009374030 0.008243510 
21     0.002464170 0.002259430 0.002046440 0.002365800 0.011491990 0.010897390 0.008076030 0.004881910 0.006673160 0.007535500 0.006707940 0.016659200 0.006595100 0.005145600 0.007275310 0.006538140 0.007192380 0.001594890 0.004668240 0.003337810 0.000055680 0.001371810 0.002170100 0.000004380 0.000000000 0.000013450 0.000011740 0.000018410 0.000008250 0.000755800 0.001417350 0.003234440 0.002212500 0.001561630 0.005703210 0.002123910 0.000868220 0.000708900 0.000848590 0.001468080 0.005658220 0.002282300 0.001762140 0.001258780 0.005598070 0.002912650 0.002454440 0.001562000 0.001530880 0.008404500 0.009950650 
24     0.003338030 0.003133290 0.002920300 0.003239660 0.011425270 0.010830670 0.008009310 0.005755770 0.007547020 0.008409360 0.007581800 0.016499240 0.007468960 0.006019460 0.007208590 0.006471420 0.006400310 0.001567660 0.003769970 0.003415670 0.000929540 0.001725230 0.001543540 0.000018310 0.000013450 0.000000000 0.000155930 0.000351320 0.000136670 0.001186650 0.002291210 0.003665290 0.002901610 0.002389390 0.006174830 0.002086930 0.001742080 0.000671920 0.000991300 0.002341940 0.004806400 0.002713150 0.002636000 0.002132640 0.005531350 0.003343500 0.003328300 0.002435860 0.002404740 0.007612430 0.008546580 
30     0.002470210 0.002265470 0.002052480 0.002371840 0.011379640 0.010785040 0.007963680 0.004887950 0.006679200 0.007541540 0.006713980 0.016786100 0.006601140 0.005151640 0.007162960 0.006425790 0.007011010 0.000365240 0.003894690 0.003398770 0.000061720 0.001720040 0.001247890 0.000055220 0.000011740 0.000155930 0.000000000 0.000024450 0.000014290 0.001427950 0.001045170 0.002854220 0.001927000 0.001276130 0.005201310 0.002982670 0.000874260 0.000890800 0.000854630 0.001474120 0.005951960 0.003797770 0.001768180 0.001264820 0.005485720 0.004428120 0.002460480 0.001568040 0.001536920 0.008528870 0.008671300 
45     0.002447400 0.002242660 0.002029670 0.002349030 0.010463660 0.009869060 0.007047700 0.004865140 0.006656390 0.007518730 0.006691170 0.016077220 0.006578330 0.005128830 0.006246980 0.005509810 0.006550430 0.003853520 0.004069950 0.003004070 0.000038910 0.002021250 0.001737130 0.000336820 0.000018410 0.000351320 0.000024450 0.000000000 0.000019900 0.001000790 0.001332810 0.002947600 0.001237340 0.000586470 0.004728050 0.003567840 0.000851450 0.000867990 0.000831820 0.001451310 0.005696590 0.003926590 0.001745370 0.001242010 0.004569740 0.004556940 0.002437670 0.001545230 0.001514110 0.007612890 0.008890550 
42     0.002465660 0.002260920 0.002047930 0.002367290 0.011367180 0.010772580 0.007951220 0.004883400 0.006674650 0.007536990 0.006709430 0.016517680 0.006596590 0.005147090 0.007150500 0.006413330 0.006506210 0.001452470 0.003389890 0.003581430 0.000057170 0.001211800 0.001163460 0.000587720 0.000008250 0.000136670 0.000014290 0.000019900 0.000000000 0.000595790 0.001418840 0.003074430 0.002786420 0.002274200 0.008015500 0.001971740 0.000869710 0.000556730 0.000850080 0.001469570 0.006067100 0.002122290 0.001763630 0.001260270 0.005473260 0.002752640 0.002455930 0.001563490 0.001532370 0.008516410 0.008166500 
50     0.003947600 0.003742860 0.003529870 0.003849230 0.014157840 0.011626570 0.009276880 0.006365340 0.008156590 0.009018930 0.008191370 0.017694780 0.008078530 0.006629030 0.008915290 0.010692600 0.006729360 0.005503270 0.003949980 0.004198750 0.001539110 0.001106030 0.001723550 0.001090620 0.000755800 0.001186650 0.001427950 0.001000790 0.000595790 0.000000000 0.000132180 0.002968660 0.002895960 0.005086190 0.009819840 0.002744750 0.002351650 0.002368190 0.002332020 0.002951510 0.006627190 0.002016520 0.003245570 0.002742210 0.005685600 0.002646870 0.003937870 0.002540510 0.003014310 0.007941480 0.008726590 
48     0.003828540 0.003623800 0.003410810 0.003730170 0.010990860 0.010396260 0.007574900 0.006246280 0.008037530 0.008899870 0.008072310 0.018449880 0.007959470 0.006509970 0.006774180 0.006037010 0.007754060 0.001104070 0.005474800 0.004717130 0.001420050 0.002905130 0.002522200 0.001846920 0.001417350 0.002291210 0.001045170 0.001332810 0.001418840 0.000132180 0.000000000 0.004361140 0.004416590 0.006404130 0.006984890 0.001473930 0.002232590 0.002170990 0.002212960 0.002832450 0.006644310 0.003515190 0.003126510 0.002623150 0.005096940 0.009054810 0.003818810 0.002926370 0.002895250 0.008140090 0.012870440 
43     0.011655900 0.013090990 0.011634220 0.011547620 0.017030080 0.016435480 0.009463890 0.018551130 0.014544310 0.015280430 0.014602060 0.018977410 0.014747290 0.016347090 0.010361480 0.011505370 0.010662350 0.004436270 0.010286990 0.005191670 0.004278200 0.003584490 0.002805110 0.003333710 0.003234440 0.003665290 0.002854220 0.002947600 0.003074430 0.002968660 0.004361140 0.000000000 0.000185460 0.000345950 0.000860400 0.002227480 0.003198140 0.003606910 0.003415070 0.009495400 0.011729980 0.004486160 0.010433290 0.008438720 0.008155240 0.005116510 0.013135470 0.005010150 0.007688910 0.009244690 0.018391350 
34     0.011384970 0.011180230 0.010967240 0.011286600 0.017053220 0.016458620 0.009966910 0.013802710 0.014038820 0.014774940 0.014096570 0.018397980 0.014241800 0.014066400 0.007441720 0.010999880 0.010082920 0.003544390 0.007072540 0.005815540 0.004205500 0.003511790 0.002544780 0.002944830 0.002212500 0.002901610 0.001927000 0.001237340 0.002786420 0.002895960 0.004416590 0.000185460 0.000000000 0.000035820 0.000599830 0.001967150 0.002618710 0.002625410 0.002944790 0.009352550 0.009651150 0.004413460 0.010360590 0.008366020 0.008082540 0.005043810 0.011375240 0.004937450 0.007616210 0.009747710 0.016312520 
46     0.011137550 0.011193140 0.010980150 0.011029270 0.016511730 0.015917130 0.010760940 0.013815620 0.013017040 0.013753160 0.013074790 0.018970480 0.013220020 0.014079310 0.008427950 0.009978100 0.010655420 0.003032170 0.007704590 0.005222090 0.005756230 0.005702020 0.004681420 0.002293960 0.001561630 0.002389390 0.001276130 0.000586470 0.002274200 0.005086190 0.006404130 0.000345950 0.000035820 0.000000000 0.000567010 0.003551400 0.003191210 0.002113190 0.002432570 0.009425890 0.009724490 0.006603690 0.010695850 0.010134320 0.010122550 0.007234040 0.011388150 0.007127680 0.009806440 0.009736950 0.016385860 
27     0.013098280 0.013767270 0.013076600 0.012990000 0.018472460 0.017877860 0.011931140 0.016389750 0.017699540 0.018435660 0.017757290 0.022206900 0.017902520 0.016653440 0.008014140 0.011834540 0.012681440 0.003641790 0.005760070 0.006835530 0.008392170 0.004517690 0.002010630 0.005680800 0.005703210 0.006174830 0.005201310 0.004728050 0.008015500 0.009819840 0.006984890 0.000860400 0.000599830 0.000567010 0.000000000 0.001433000 0.005696180 0.004946040 0.004944380 0.009130600 0.011738510 0.012759450 0.013269980 0.012766620 0.012578540 0.014561880 0.013959310 0.013069840 0.013038720 0.009087040 0.018733810 
38     0.008687190 0.010122280 0.008665510 0.008578910 0.012708850 0.010424450 0.008592030 0.014708920 0.009558770 0.009864770 0.012500270 0.013909520 0.011965230 0.012554030 0.005459320 0.006171100 0.005527240 0.002729710 0.003220970 0.002627680 0.001668430 0.001859760 0.001374530 0.003003050 0.002123910 0.002086930 0.002982670 0.003567840 0.001971740 0.002744750 0.001473930 0.002227480 0.001967150 0.003551400 0.001433000 0.000000000 0.000210060 0.001833930 0.001910730 0.005153560 0.006454120 0.005896980 0.006777210 0.007632860 0.006766750 0.005024280 0.005156150 0.005556970 0.007676790 0.006739360 0.008553520 
33     0.001964810 0.001760070 0.001547080 0.001866440 0.011221670 0.010627070 0.007388790 0.004382550 0.006173800 0.007036140 0.006208580 0.016434290 0.006095740 0.004646240 0.006932500 0.006267820 0.005772270 0.002518290 0.002850710 0.001331800 0.000812560 0.002902770 0.002725290 0.002226860 0.000868220 0.001742080 0.000874260 0.000851450 0.000869710 0.002351650 0.002232590 0.003198140 0.002618710 0.003191210 0.005696180 0.000210060 0.000000000 0.000082650 0.000047650 0.000968720 0.004507620 0.005508660 0.001262780 0.000759420 0.005327750 0.008276460 0.001955080 0.001062640 0.001031520 0.008370900 0.009164740 
44     0.001981350 0.001776610 0.001563620 0.001882980 0.012679800 0.012085200 0.007650420 0.004399090 0.006190340 0.007052680 0.006225120 0.015208930 0.006112280 0.004662780 0.006758730 0.007470510 0.007777620 0.001314700 0.002100570 0.001880850 0.000829100 0.002498330 0.002674670 0.002243400 0.000708900 0.000671920 0.000890800 0.000867990 0.000556730 0.002368190 0.002170990 0.003606910 0.002625410 0.002113190 0.004946040 0.001833930 0.000082650 0.000000000 0.000006460 0.000985260 0.005056670 0.006025220 0.001279320 0.000775960 0.006785880 0.008501750 0.001971620 0.001079180 0.001048060 0.009788410 0.011163520 
39     0.001945180 0.001740440 0.001527450 0.001846810 0.012728110 0.012133510 0.007364440 0.004362920 0.006154170 0.007016510 0.006188950 0.017306240 0.006076110 0.004626610 0.006912870 0.007774260 0.007204220 0.001634080 0.002098910 0.001307450 0.000792930 0.004267780 0.002527790 0.002203480 0.000848590 0.000991300 0.000854630 0.000831820 0.000850080 0.002332020 0.002212960 0.003415070 0.002944790 0.002432570 0.004944380 0.001910730 0.000047650 0.000006460 0.000000000 0.000949090 0.004483270 0.005989050 0.001243150 0.000739790 0.006834190 0.008020500 0.001935450 0.001043010 0.001011890 0.007626240 0.009508160 
17     0.002199090 0.001994350 0.001781360 0.002100720 0.004378200 0.004575990 0.003116770 0.004616830 0.006408080 0.007270420 0.006442860 0.014334720 0.006330020 0.004880520 0.003696190 0.002959020 0.003812970 0.003791760 0.001975260 0.000078530 0.001412420 0.005465810 0.005894690 0.002826720 0.001468080 0.002341940 0.001474120 0.001451310 0.001469570 0.002951510 0.002832450 0.009495400 0.009352550 0.009425890 0.009130600 0.005153560 0.000968720 0.000985260 0.000949090 0.000000000 0.000031490 0.002199860 0.000934280 0.000293020 0.001561770 0.004765950 0.002189360 0.001296920 0.001265800 0.001930280 0.000725020 
32     0.004261270 0.005696360 0.004239590 0.004152990 0.004357760 0.004555550 0.003418180 0.009747390 0.008862690 0.010686880 0.009554680 0.013319280 0.009346660 0.010011080 0.005418770 0.004681600 0.003785310 0.005429630 0.002112000 0.000215270 0.005750030 0.006470980 0.006280360 0.005087410 0.005658220 0.004806400 0.005951960 0.005696590 0.006067100 0.006627190 0.006644310 0.011729980 0.009651150 0.009724490 0.011738510 0.006454120 0.004507620 0.005056670 0.004483270 0.000031490 0.000000000 0.003635100 0.003572600 0.004594970 0.003284350 0.004491650 0.004623520 0.004425160 0.003788180 0.004504120 0.000861760 
25     0.002743170 0.004178260 0.002721490 0.002634890 0.005695630 0.006419370 0.004701390 0.009656790 0.007973290 0.008279290 0.010914790 0.014347830 0.010379750 0.009920480 0.003900670 0.003163500 0.004676860 0.001071280 0.004247000 0.005504110 0.003326060 0.002632350 0.004095760 0.002617120 0.002282300 0.002713150 0.003797770 0.003926590 0.002122290 0.002016520 0.003515190 0.004486160 0.004413460 0.006603690 0.012759450 0.005896980 0.005508660 0.006025220 0.005989050 0.002199860 0.003635100 0.000000000 0.000297720 0.001418360 0.002375070 0.003757750 0.004222740 0.002907060 0.004016230 0.002264930 0.009561130 
19     0.002493150 0.002288410 0.002075420 0.002394780 0.006473140 0.003399490 0.006060880 0.004910890 0.006702140 0.007564480 0.006736920 0.015784360 0.006624080 0.005174580 0.006839970 0.006102800 0.003943310 0.002137390 0.008047860 0.007287850 0.001706480 0.008579480 0.006188750 0.003120780 0.001762140 0.002636000 0.001768180 0.001745370 0.001763630 0.003245570 0.003126510 0.010433290 0.010360590 0.010695850 0.013269980 0.006777210 0.001262780 0.001279320 0.001243150 0.000934280 0.003572600 0.000297720 0.000000000 0.000724980 0.005173870 0.004575330 0.002483420 0.001590980 0.001559860 0.002443870 0.012783660 
23     0.001989790 0.001785050 0.001572060 0.001891420 0.009398700 0.008804100 0.005982740 0.004407530 0.006198780 0.007061120 0.006233560 0.016080490 0.006120720 0.004671220 0.005182020 0.004444850 0.003829460 0.003713430 0.006104220 0.007007580 0.001203120 0.006584910 0.005685390 0.002617420 0.001258780 0.002132640 0.001264820 0.001242010 0.001260270 0.002742210 0.002623150 0.008438720 0.008366020 0.010134320 0.012766620 0.007632860 0.000759420 0.000775960 0.000739790 0.000293020 0.004594970 0.001418360 0.000724980 0.000000000 0.000205140 0.003842730 0.001980060 0.001087620 0.001056500 0.002546490 0.010880710 
41     0.002713900 0.004148990 0.002692220 0.002605620 0.008088080 0.007493480 0.004672120 0.014305280 0.009539570 0.010275690 0.009597320 0.015547100 0.009742550 0.011342350 0.003871400 0.003134230 0.004810010 0.005811260 0.006473490 0.006141470 0.005695960 0.006301430 0.006153880 0.006286200 0.005598070 0.005531350 0.005485720 0.004569740 0.005473260 0.005685600 0.005096940 0.008155240 0.008082540 0.010122550 0.012578540 0.006766750 0.005327750 0.006785880 0.006834190 0.001561770 0.003284350 0.002375070 0.005173870 0.000205140 0.000000000 0.004307050 0.004193470 0.002877790 0.003986960 0.005237310 0.011249980 
47     0.005419420 0.002807500 0.004270200 0.004334220 0.008914160 0.007608290 0.001559390 0.002424520 0.001971190 0.003219510 0.001844960 0.008912170 0.012424920 0.011017090 0.005604090 0.006757920 0.000016590 0.004068790 0.005882220 0.004399000 0.003956410 0.003262700 0.004726110 0.003247470 0.002912650 0.003343500 0.004428120 0.004556940 0.002752640 0.002646870 0.009054810 0.005116510 0.005043810 0.007234040 0.014561880 0.005024280 0.008276460 0.008501750 0.008020500 0.004765950 0.004491650 0.003757750 0.004575330 0.003842730 0.004307050 0.000000000 0.000009740 0.000621080 0.000138860 0.002075290 0.010941130 
29     0.002973230 0.002768490 0.002555500 0.002874860 0.006010920 0.006208710 0.005071340 0.005484890 0.007276140 0.008138480 0.007310920 0.016777480 0.007198080 0.005748580 0.005536530 0.004799360 0.000024750 0.004200660 0.004369630 0.004530870 0.002398780 0.008811510 0.006881050 0.003813080 0.002454440 0.003328300 0.002460480 0.002437670 0.002455930 0.003937870 0.003818810 0.013135470 0.011375240 0.011388150 0.013959310 0.005156150 0.001955080 0.001971620 0.001935450 0.002189360 0.004623520 0.004222740 0.002483420 0.001980060 0.004193470 0.000009740 0.000000000 0.000271520 0.000145260 0.002083450 0.008348860 
35     0.002080790 0.001876050 0.001663060 0.001982420 0.008437530 0.007842930 0.004396410 0.004592450 0.006383700 0.007246040 0.006418480 0.015896550 0.006305640 0.004856140 0.004220850 0.003483680 0.003140450 0.004016650 0.003003590 0.004931690 0.001506340 0.003156340 0.004619750 0.002920640 0.001562000 0.002435860 0.001568040 0.001545230 0.001563490 0.002540510 0.002926370 0.005010150 0.004937450 0.007127680 0.013069840 0.005556970 0.001062640 0.001079180 0.001043010 0.001296920 0.004425160 0.002907060 0.001590980 0.001087620 0.002877790 0.000621080 0.000271520 0.000000000 0.000031580 0.003186890 0.006982820 
22     0.002049670 0.001844930 0.001631940 0.001951300 0.009546700 0.008952100 0.006130740 0.001535950 0.006352580 0.007214920 0.006387360 0.016701290 0.006274520 0.004825020 0.005330020 0.004592850 0.000153870 0.003985530 0.006776910 0.007030840 0.001475220 0.005835100 0.005957490 0.002889520 0.001530880 0.002404740 0.001536920 0.001514110 0.001532370 0.003014310 0.002895250 0.007688910 0.007616210 0.009806440 0.013038720 0.007676790 0.001031520 0.001048060 0.001011890 0.001265800 0.003788180 0.004016230 0.001559860 0.001056500 0.003986960 0.000138860 0.000145260 0.000031580 0.000000000 0.002212570 0.010018600 
31     0.005422870 0.006857960 0.005401190 0.005314590 0.006840570 0.005589460 0.001223370 0.008817090 0.008363760 0.009486000 0.008237530 0.010571070 0.010657570 0.007762760 0.005052670 0.004205940 0.002085580 0.003748200 0.006276440 0.006114080 0.008739110 0.010264230 0.009197030 0.009374030 0.008404500 0.007612430 0.008528870 0.007612890 0.008516410 0.007941480 0.008140090 0.009244690 0.009747710 0.009736950 0.009087040 0.006739360 0.008370900 0.009788410 0.007626240 0.001930280 0.004504120 0.002264930 0.002443870 0.002546490 0.005237310 0.002075290 0.002083450 0.003186890 0.002212570 0.000000000 0.004998430 
0     0.011945250 0.013362560 0.011923570 0.011836970 0.015105320 0.016724830 0.005570450 0.017105390 0.012030380 0.012336380 0.014425470 0.016305990 0.012629040 0.014950500 0.007855790 0.008567570 0.007379110 0.009769660 0.002555880 0.000659390 0.006194150 0.009502050 0.007117570 0.008243510 0.009950650 0.008546580 0.008671300 0.008890550 0.008166500 0.008726590 0.012870440 0.018391350 0.016312520 0.016385860 0.018733810 0.008553520 0.009164740 0.011163520 0.009508160 0.000725020 0.000861760 0.009561130 0.012783660 0.010880710 0.011249980 0.010941130 0.008348860 0.006982820 0.010018600 0.004998430 0.000000000 
