51
2     0.000000000 0.009075982 0.018757373 0.017828801 0.051776588 0.055815524 0.051649810 0.102327694 0.072566052 0.074561231 0.071309352 0.084600158 0.079564361 0.078620825 0.051366220 0.050779535 0.122017860 0.068824125 0.086833611 0.068060619 0.071143108 0.074490122 0.064590925 0.065046304 0.065790199 0.065124166 0.065526769 0.064685462 0.065211677 0.072968036 0.073017429 0.100522552 0.097707265 0.098507758 0.101382615 0.078306805 0.069355498 0.068797569 0.069026204 0.056085648 0.058524717 0.063343656 0.072399342 0.088503334 0.088940162 0.075912924 0.076428979 0.073259106 0.074136441 0.094709355 0.139288182 
6     0.009075982 0.000000000 0.018587583 0.017646019 0.051808974 0.055847909 0.051704325 0.102382209 0.072612415 0.074607593 0.071363868 0.084654674 0.079618877 0.078675341 0.051420736 0.050834051 0.122072376 0.068878641 0.086888127 0.068115135 0.071197624 0.074544637 0.064645441 0.065100820 0.065844715 0.065178682 0.065581285 0.064739978 0.065266193 0.073022552 0.073071945 0.100577067 0.097761780 0.098562274 0.101437131 0.078361321 0.069410014 0.068852084 0.069080720 0.056140164 0.058579232 0.063398171 0.072453858 0.088557850 0.088994677 0.075967440 0.076483495 0.073313621 0.074190957 0.094763870 0.139342698 
7     0.018757373 0.018587583 0.000000000 0.008526064 0.056127719 0.060156084 0.055957565 0.106635449 0.076866930 0.078862109 0.075617107 0.088907913 0.083872116 0.082928580 0.055673975 0.055087290 0.126303090 0.073130788 0.091140858 0.072367866 0.075450355 0.078797368 0.068898172 0.069353551 0.070097446 0.069431413 0.069834016 0.068992709 0.069518924 0.077275283 0.077324676 0.104829798 0.102014511 0.102815005 0.105689862 0.082649982 0.073698675 0.073140745 0.073369381 0.060392895 0.062831963 0.067650902 0.076706589 0.092810581 0.093247408 0.080220171 0.080736226 0.077566352 0.078443688 0.099016601 0.143595429 
11     0.017828801 0.017646019 0.008526064 0.000000000 0.055205838 0.059234203 0.055035684 0.105713568 0.075962190 0.077957369 0.074695226 0.087986032 0.082950235 0.082006699 0.054752094 0.054165409 0.125381209 0.072208907 0.090218977 0.071445985 0.074528474 0.077875487 0.067976291 0.068431670 0.069175565 0.068509532 0.068912135 0.068070828 0.068597043 0.076353402 0.076402795 0.103907917 0.101092630 0.101893124 0.104767981 0.081728101 0.072776794 0.072218864 0.072447500 0.059471014 0.061910082 0.066729021 0.075784708 0.091888700 0.092325527 0.079298290 0.079814345 0.076644471 0.077521807 0.098094720 0.142673548 
14     0.051776588 0.051808974 0.056127719 0.055205838 0.000000000 0.019244784 0.055761729 0.106460900 0.076724615 0.078719794 0.075442558 0.088733364 0.083697567 0.082754031 0.055499576 0.054912891 0.126164764 0.072943181 0.090952666 0.072179675 0.075262163 0.078609177 0.068709981 0.069165360 0.069909255 0.069243222 0.069645824 0.068804518 0.069330733 0.077087091 0.077136485 0.104641607 0.101826320 0.102626814 0.105501671 0.082425861 0.073474554 0.072916624 0.073145260 0.060212725 0.062651794 0.067482988 0.076539177 0.092642666 0.093079494 0.080175474 0.080692392 0.077521656 0.078398991 0.098932891 0.143460584 
3     0.055815524 0.055847909 0.060156084 0.059234203 0.019244784 0.000000000 0.059828346 0.110517194 0.080780910 0.082776089 0.079498853 0.092789659 0.087753861 0.086810326 0.059556233 0.058969547 0.130210679 0.076986982 0.094996467 0.076223476 0.079305964 0.082652978 0.072753781 0.073209161 0.073953056 0.073287023 0.073689625 0.072848319 0.073374534 0.081130892 0.081180286 0.108685408 0.105870121 0.106670615 0.109545472 0.086469662 0.077518355 0.076960425 0.077189061 0.064256526 0.066695595 0.071526789 0.080582978 0.096686467 0.097123295 0.084205819 0.084710384 0.081552000 0.082429335 0.102978806 0.147508281 
13     0.051649810 0.051704325 0.055957565 0.055035684 0.055761729 0.059828346 0.000000000 0.090254585 0.060517133 0.062512311 0.059231831 0.072524031 0.067495017 0.066548612 0.039153828 0.038578310 0.114028785 0.060936650 0.078906100 0.060133109 0.063238386 0.066585400 0.056684000 0.057139689 0.057883584 0.057217551 0.057620154 0.056778847 0.057305062 0.065061421 0.065110814 0.092613843 0.089801542 0.090599049 0.093473906 0.070442745 0.061491438 0.060933508 0.061162143 0.047927676 0.050366745 0.055362774 0.064393343 0.080542648 0.080979475 0.067875385 0.068404873 0.065221567 0.066098902 0.086633493 0.130918372 
12     0.102327694 0.102382209 0.106635449 0.105713568 0.106460900 0.110517194 0.090254585 0.000000000 0.056187373 0.057989290 0.054952917 0.067753901 0.066681537 0.065966370 0.085805141 0.085188977 0.164121815 0.110951515 0.128936978 0.110163986 0.113262984 0.116609997 0.106710801 0.107166180 0.107910075 0.107244042 0.107646645 0.106805338 0.107331553 0.115087912 0.115137305 0.142637228 0.139824928 0.140622434 0.143497292 0.120467742 0.111516435 0.110958506 0.111187141 0.097907050 0.100346118 0.105331523 0.114393442 0.130451549 0.130888376 0.117849864 0.118377615 0.115213372 0.116052429 0.136736416 0.181160260 
16     0.072566052 0.072612415 0.076866930 0.075962190 0.076724615 0.080780910 0.060517133 0.056187373 0.000000000 0.010478608 0.013312611 0.030945990 0.037601443 0.036655603 0.056064912 0.055448749 0.134411405 0.081241274 0.099226567 0.080453575 0.083552573 0.086899587 0.077000390 0.077455769 0.078199664 0.077533631 0.077936234 0.077094927 0.077621142 0.085377501 0.085426894 0.112926817 0.110114517 0.110912024 0.113786881 0.090757332 0.081806025 0.081248095 0.081476730 0.068196639 0.070635708 0.075621112 0.084683031 0.100741138 0.101177966 0.088225545 0.088755033 0.085571726 0.086449061 0.107017881 0.151462125 
4     0.074561231 0.074607593 0.078862109 0.077957369 0.078719794 0.082776089 0.062512311 0.057989290 0.010478608 0.000000000 0.015350996 0.032905169 0.039334398 0.038341354 0.058060091 0.057443928 0.136406583 0.083236453 0.101221746 0.082448754 0.085547752 0.088894765 0.078995569 0.079450948 0.080194843 0.079528810 0.079931413 0.079090106 0.079616321 0.087372680 0.087422073 0.114921996 0.112109696 0.112907202 0.115782060 0.092752510 0.083801203 0.083243274 0.083471909 0.070191818 0.072630886 0.077616291 0.086678210 0.102736317 0.103173144 0.090220724 0.090750211 0.087566905 0.088444240 0.109013060 0.153457304 
8     0.071309352 0.071363868 0.075617107 0.074695226 0.075442558 0.079498853 0.059231831 0.054952917 0.013312611 0.015350996 0.000000000 0.029998602 0.035791990 0.034691910 0.054780835 0.054164672 0.133127037 0.079956906 0.097942199 0.079169208 0.082268205 0.085615219 0.075716022 0.076171402 0.076915296 0.076249263 0.076651866 0.075810559 0.076336774 0.084093133 0.084142526 0.111642449 0.108830149 0.109627656 0.112502513 0.089472964 0.080521657 0.079963727 0.080192362 0.066912271 0.069351340 0.074336744 0.083398663 0.099456770 0.099893598 0.086940310 0.087469798 0.084286492 0.085163827 0.105733513 0.150173868 
10     0.084600158 0.084654674 0.088907913 0.087986032 0.088733364 0.092789659 0.072524031 0.067753901 0.030945990 0.032905169 0.029998602 0.000000000 0.049172969 0.048059587 0.068052780 0.067437461 0.146417843 0.093247712 0.111233005 0.092460014 0.095559011 0.098906025 0.089006828 0.089462208 0.090206102 0.089540069 0.089942672 0.089101365 0.089627580 0.097383939 0.097433332 0.124933255 0.122120955 0.122918462 0.125793319 0.102763770 0.093812463 0.093254533 0.093483169 0.080203077 0.082642146 0.087627550 0.096689469 0.112747577 0.113184404 0.100231116 0.100760604 0.097577298 0.098454633 0.119024319 0.163464674 
9     0.079564361 0.079618877 0.083872116 0.082950235 0.083697567 0.087753861 0.067495017 0.066681537 0.037601443 0.039334398 0.035791990 0.049172969 0.000000000 0.015443056 0.063023576 0.062408256 0.140977292 0.087790335 0.105781230 0.087008238 0.090107236 0.093441328 0.083555053 0.083996770 0.084740664 0.084074631 0.084477234 0.083635927 0.084162142 0.091912510 0.091961903 0.119481480 0.116669180 0.117466687 0.120341544 0.097311995 0.088360688 0.087802758 0.088031393 0.074761535 0.077200604 0.082186218 0.091248137 0.107306244 0.107743072 0.094790256 0.095319744 0.092136437 0.093013772 0.113583459 0.158124257 
5     0.078620825 0.078675341 0.082928580 0.082006699 0.082754031 0.086810326 0.066548612 0.065966370 0.036655603 0.038341354 0.034691910 0.048059587 0.015443056 0.000000000 0.062079708 0.061464389 0.140430604 0.087248533 0.105245766 0.086472775 0.089571772 0.092918786 0.083019589 0.083474969 0.084218863 0.083552830 0.083955433 0.083114127 0.083640342 0.091396700 0.091446093 0.118946016 0.116133716 0.116931223 0.119806080 0.096776531 0.087825224 0.087267294 0.087495930 0.074215838 0.076654907 0.081640521 0.090702440 0.106760548 0.107197375 0.094243877 0.094773365 0.091590059 0.092467394 0.113037080 0.157477361 
15     0.051366220 0.051420736 0.055673975 0.054752094 0.055499576 0.059556233 0.039153828 0.085805141 0.056064912 0.058060091 0.054780835 0.068052780 0.063023576 0.062079708 0.000000000 0.021785369 0.113215844 0.059988924 0.077958374 0.059185383 0.062270339 0.065617353 0.055718156 0.056173535 0.056917430 0.056251397 0.056654000 0.055812693 0.056338908 0.064095267 0.064144660 0.091635063 0.088822762 0.089620269 0.092495126 0.069475098 0.060523791 0.059965861 0.060194496 0.046879084 0.049318153 0.054363073 0.063424992 0.079490992 0.079927819 0.066996216 0.067525704 0.064342398 0.065219733 0.085738263 0.130091905 
1     0.050779535 0.050834051 0.055087290 0.054165409 0.054912891 0.058969547 0.038578310 0.085188977 0.055448749 0.057443928 0.054164672 0.067437461 0.062408256 0.061464389 0.021785369 0.000000000 0.112633043 0.059406122 0.077375573 0.058602581 0.061687538 0.065034551 0.055135355 0.055590734 0.056334629 0.055668596 0.056071199 0.055229892 0.055756107 0.063512466 0.063561859 0.091059198 0.088246898 0.089044405 0.091919262 0.068892296 0.059940989 0.059383060 0.059611695 0.046296283 0.048735352 0.053780272 0.062842190 0.078908190 0.079345018 0.066410837 0.066940324 0.063757018 0.064634353 0.085152582 0.129509103 
26     0.122017860 0.122072376 0.126303090 0.125381209 0.126164764 0.130210679 0.114028785 0.164121815 0.134411405 0.136406583 0.133127037 0.146417843 0.140977292 0.140430604 0.113215844 0.112633043 0.000000000 0.115876031 0.133877107 0.115099848 0.118208972 0.121555985 0.111656789 0.112112831 0.112856726 0.112190693 0.112593296 0.111751989 0.112278204 0.120034563 0.120083956 0.147631249 0.144816544 0.145618300 0.148491313 0.125459036 0.116512000 0.115951608 0.116180243 0.102964938 0.105404007 0.110349586 0.119415605 0.135468026 0.135903454 0.123912674 0.124439132 0.121253592 0.122130548 0.143377751 0.193222242 
40     0.068824125 0.068878641 0.073130788 0.072208907 0.072943181 0.076986982 0.060936650 0.110951515 0.081241274 0.083236453 0.079956906 0.093247712 0.087790335 0.087248533 0.059988924 0.059406122 0.115876031 0.000000000 0.059541055 0.040746701 0.043577543 0.046893068 0.036994854 0.037522457 0.038270057 0.037609882 0.038015350 0.037164723 0.037693992 0.045465456 0.045512965 0.073061848 0.070224085 0.071057920 0.073901492 0.050938153 0.041937126 0.041338693 0.041579588 0.044008170 0.046447239 0.051655540 0.060716519 0.076706024 0.077146670 0.070556531 0.071057134 0.067882776 0.068758968 0.089371566 0.139442455 
37     0.086833611 0.086888127 0.091140858 0.090218977 0.090952666 0.094996467 0.078906100 0.128936978 0.099226567 0.101221746 0.097942199 0.111233005 0.105781230 0.105245766 0.077958374 0.077375573 0.133877107 0.059541055 0.000000000 0.048305245 0.058680642 0.062082043 0.052174853 0.052830566 0.053580037 0.052894322 0.053301758 0.052463066 0.052976821 0.060771605 0.060815892 0.088160689 0.085440686 0.086178632 0.089055164 0.065998833 0.057173972 0.056659100 0.056918177 0.061704370 0.064143439 0.069294919 0.078359586 0.094276200 0.094716847 0.088444644 0.088945247 0.085770890 0.086647081 0.107166298 0.157333687 
18     0.068060619 0.068115135 0.072367866 0.071445985 0.072179675 0.076223476 0.060133109 0.110163986 0.080453575 0.082448754 0.079169208 0.092460014 0.087008238 0.086472775 0.059185383 0.058602581 0.115099848 0.040746701 0.048305245 0.000000000 0.039731353 0.043076995 0.033182453 0.033861064 0.034608818 0.033949921 0.034355839 0.033493576 0.034008433 0.041797742 0.041842030 0.069228118 0.066537685 0.067267646 0.070121255 0.047052401 0.038282838 0.037530706 0.037790182 0.043050648 0.045489717 0.050682605 0.059734964 0.075695561 0.076136207 0.069728881 0.070229484 0.067055127 0.067931318 0.088390814 0.138556193 
20     0.071143108 0.071197624 0.075450355 0.074528474 0.075262163 0.079305964 0.063238386 0.113262984 0.083552573 0.085547752 0.082268205 0.095559011 0.090107236 0.089571772 0.062270339 0.061687538 0.118208972 0.043577543 0.058680642 0.039731353 0.000000000 0.026837058 0.017074502 0.024201727 0.024954745 0.024257381 0.024709081 0.023828085 0.024442169 0.032194906 0.032207016 0.063530525 0.060694228 0.061509381 0.064338492 0.041277558 0.032604387 0.031852086 0.032093913 0.046195524 0.048634593 0.053831239 0.062853521 0.078858238 0.079298885 0.072791891 0.073292494 0.070118136 0.070994327 0.091699138 0.141746223 
49     0.074490122 0.074544637 0.078797368 0.077875487 0.078609177 0.082652978 0.066585400 0.116609997 0.086899587 0.088894765 0.085615219 0.098906025 0.093441328 0.092918786 0.065617353 0.065034551 0.121555985 0.046893068 0.062082043 0.043076995 0.026837058 0.000000000 0.019171292 0.027439481 0.028192832 0.027484477 0.027848576 0.027101317 0.027674298 0.035377017 0.035477472 0.066970234 0.064133452 0.064947020 0.067811755 0.044739866 0.035979224 0.035212331 0.035449580 0.049540989 0.051980058 0.057175358 0.066197640 0.082203703 0.082644350 0.076138905 0.076639507 0.073465150 0.074341341 0.095046151 0.145093237 
36     0.064590925 0.064645441 0.068898172 0.067976291 0.068709981 0.072753781 0.056684000 0.106710801 0.077000390 0.078995569 0.075716022 0.089006828 0.083555053 0.083019589 0.055718156 0.055135355 0.111656789 0.036994854 0.052174853 0.033182453 0.017074502 0.019171292 0.000000000 0.017622996 0.018376347 0.017666983 0.018026891 0.017274318 0.017843072 0.025547951 0.025641846 0.056955338 0.054120975 0.054932124 0.057805051 0.034797384 0.025912912 0.025251708 0.025490706 0.039639889 0.042078958 0.047275604 0.056297885 0.072302603 0.072743250 0.066239708 0.066740311 0.063565953 0.064442144 0.085146955 0.135194040 
28     0.065046304 0.065100820 0.069353551 0.068431670 0.069165360 0.073209161 0.057139689 0.107166180 0.077455769 0.079450948 0.076171402 0.089462208 0.083996770 0.083474969 0.056173535 0.055590734 0.112112831 0.037522457 0.052830566 0.033861064 0.024201727 0.027439481 0.017622996 0.000000000 0.005722335 0.005651379 0.007706668 0.007840558 0.010595706 0.020694102 0.020801291 0.057692394 0.054808449 0.055666995 0.058468383 0.035632381 0.026672111 0.026212604 0.026375493 0.040091060 0.042530128 0.047746281 0.056803808 0.072774626 0.073215273 0.066697823 0.067198425 0.064024068 0.064900259 0.085605103 0.135650109 
21     0.065790199 0.065844715 0.070097446 0.069175565 0.069909255 0.073953056 0.057883584 0.107910075 0.078199664 0.080194843 0.076915296 0.090206102 0.084740664 0.084218863 0.056917430 0.056334629 0.112856726 0.038270057 0.053580037 0.034608818 0.024954745 0.028192832 0.018376347 0.005722335 0.000000000 0.006049546 0.008327287 0.008294665 0.011257537 0.021426966 0.021508378 0.058437752 0.055553807 0.056412353 0.059211664 0.036368552 0.027409881 0.026950374 0.027113264 0.040823649 0.043262718 0.048462273 0.057513983 0.073507379 0.073948026 0.067441717 0.067942320 0.064767963 0.065644154 0.086348997 0.136394004 
24     0.065124166 0.065178682 0.069431413 0.068509532 0.069243222 0.073287023 0.057217551 0.107244042 0.077533631 0.079528810 0.076249263 0.089540069 0.084074631 0.083552830 0.056251397 0.055668596 0.112190693 0.037609882 0.052894322 0.033949921 0.024257381 0.027484477 0.017666983 0.005651379 0.006049546 0.000000000 0.007705364 0.007773230 0.010669974 0.020754322 0.020908706 0.057761485 0.054877113 0.055736086 0.058507926 0.035762132 0.026796089 0.026336582 0.026499472 0.040168921 0.042607990 0.047824142 0.056881670 0.072852487 0.073293134 0.066775684 0.067276287 0.064101930 0.064978121 0.085682964 0.135727971 
30     0.065526769 0.065581285 0.069834016 0.068912135 0.069645824 0.073689625 0.057620154 0.107646645 0.077936234 0.079931413 0.076651866 0.089942672 0.084477234 0.083955433 0.056654000 0.056071199 0.112593296 0.038015350 0.053301758 0.034355839 0.024709081 0.027848576 0.018026891 0.007706668 0.008327287 0.007705364 0.000000000 0.008206533 0.011046082 0.021084127 0.021211585 0.058213051 0.055328679 0.056187652 0.058961568 0.036193602 0.027149095 0.026689588 0.026852478 0.040571524 0.043010593 0.048226745 0.057284272 0.073255090 0.073695737 0.067178287 0.067678890 0.064504532 0.065380724 0.086085567 0.136130573 
45     0.064685462 0.064739978 0.068992709 0.068070828 0.068804518 0.072848319 0.056778847 0.106805338 0.077094927 0.079090106 0.075810559 0.089101365 0.083635927 0.083114127 0.055812693 0.055229892 0.111751989 0.037164723 0.052463066 0.033493576 0.023828085 0.027101317 0.017274318 0.007840558 0.008294665 0.007773230 0.008206533 0.000000000 0.010213372 0.020376966 0.020459727 0.057354092 0.054475749 0.055334295 0.058133606 0.035275880 0.026323412 0.025857506 0.026020395 0.039730218 0.042169286 0.047385439 0.056442966 0.072413784 0.072854430 0.066336981 0.066837583 0.063663226 0.064539417 0.085244260 0.135289267 
42     0.065211677 0.065266193 0.069518924 0.068597043 0.069330733 0.073374534 0.057305062 0.107331553 0.077621142 0.079616321 0.076336774 0.089627580 0.084162142 0.083640342 0.056338908 0.055756107 0.112278204 0.037693992 0.052976821 0.034008433 0.024442169 0.027674298 0.017843072 0.010595706 0.011257537 0.010669974 0.011046082 0.010213372 0.000000000 0.020832792 0.020843093 0.057874090 0.054995747 0.055854293 0.058655680 0.035814085 0.026820949 0.026345260 0.026518015 0.040256432 0.042695501 0.047911654 0.056969181 0.072939999 0.073380645 0.066863195 0.067363798 0.064189441 0.065065632 0.085770475 0.135815482 
50     0.072968036 0.073022552 0.077275283 0.076353402 0.077087091 0.081130892 0.065061421 0.115087912 0.085377501 0.087372680 0.084093133 0.097383939 0.091912510 0.091396700 0.064095267 0.063512466 0.120034563 0.045465456 0.060771605 0.041797742 0.032194906 0.035377017 0.025547951 0.020694102 0.021426966 0.020754322 0.021084127 0.020376966 0.020832792 0.000000000 0.013983196 0.065576162 0.062692218 0.063550886 0.066322786 0.043516961 0.034501924 0.034044062 0.034206865 0.048012770 0.050451839 0.055667991 0.064725518 0.080696336 0.081136983 0.074619554 0.075120157 0.071945799 0.072821991 0.093526834 0.143571840 
48     0.073017429 0.073071945 0.077324676 0.076402795 0.077136485 0.081180286 0.065110814 0.115137305 0.085426894 0.087422073 0.084142526 0.097433332 0.091961903 0.091446093 0.064144660 0.063561859 0.120083956 0.045512965 0.060815892 0.041842030 0.032207016 0.035477472 0.025641846 0.020801291 0.021508378 0.020908706 0.021211585 0.020459727 0.020843093 0.013983196 0.000000000 0.065625082 0.062741137 0.063599806 0.066400780 0.043547554 0.034495314 0.034043310 0.034206113 0.048062163 0.050501232 0.055717385 0.064774912 0.080745730 0.081186376 0.074668947 0.075169550 0.071995193 0.072871384 0.093576227 0.143621234 
43     0.100522552 0.100577067 0.104829798 0.103907917 0.104641607 0.108685408 0.092613843 0.142637228 0.112926817 0.114921996 0.111642449 0.124933255 0.119481480 0.118946016 0.091635063 0.091059198 0.147631249 0.073061848 0.088160689 0.069228118 0.063530525 0.066970234 0.056955338 0.057692394 0.058437752 0.057761485 0.058213051 0.057354092 0.057874090 0.065576162 0.065625082 0.000000000 0.013586177 0.013595829 0.037271247 0.069645910 0.060286747 0.059691884 0.059925287 0.075564524 0.078003592 0.083207281 0.092264808 0.108239003 0.108679650 0.102221644 0.102722247 0.099547890 0.100424081 0.121124986 0.171130783 
34     0.097707265 0.097761780 0.102014511 0.101092630 0.101826320 0.105870121 0.089801542 0.139824928 0.110114517 0.112109696 0.108830149 0.122120955 0.116669180 0.116133716 0.088822762 0.088246898 0.144816544 0.070224085 0.085440686 0.066537685 0.060694228 0.064133452 0.054120975 0.054808449 0.055553807 0.054877113 0.055328679 0.054475749 0.054995747 0.062692218 0.062741137 0.013586177 0.000000000 0.009586888 0.034027074 0.066792969 0.057367612 0.056857211 0.057090614 0.072792816 0.075231885 0.080436523 0.089494050 0.105467296 0.105907943 0.099407147 0.099907750 0.096733393 0.097609584 0.118310488 0.168331007 
46     0.098507758 0.098562274 0.102815005 0.101893124 0.102626814 0.106670615 0.090599049 0.140622434 0.110912024 0.112907202 0.109627656 0.122918462 0.117466687 0.116931223 0.089620269 0.089044405 0.145618300 0.071057920 0.086178632 0.067267646 0.061509381 0.064947020 0.054932124 0.055666995 0.056412353 0.055736086 0.056187652 0.055334295 0.055854293 0.063550886 0.063599806 0.013595829 0.009586888 0.000000000 0.034800382 0.067618502 0.058238220 0.057686230 0.057919633 0.073526727 0.075965795 0.081169484 0.090227011 0.106201206 0.106641853 0.100208696 0.100709298 0.097534941 0.098411132 0.119112037 0.169111085 
27     0.101382615 0.101437131 0.105689862 0.104767981 0.105501671 0.109545472 0.093473906 0.143497292 0.113786881 0.115782060 0.112502513 0.125793319 0.120341544 0.119806080 0.092495126 0.091919262 0.148491313 0.073901492 0.089055164 0.070121255 0.064338492 0.067811755 0.057805051 0.058468383 0.059211664 0.058507926 0.058961568 0.058133606 0.058655680 0.066322786 0.066400780 0.037271247 0.034027074 0.034800382 0.000000000 0.070571835 0.061287815 0.060779844 0.061013247 0.076423915 0.078862984 0.084066481 0.093124008 0.109098203 0.109538850 0.103081708 0.103582311 0.100407953 0.101284145 0.121985049 0.171990847 
38     0.078306805 0.078361321 0.082649982 0.081728101 0.082425861 0.086469662 0.070442745 0.120467742 0.090757332 0.092752510 0.089472964 0.102763770 0.097311995 0.096776531 0.069475098 0.068892296 0.125459036 0.050938153 0.065998833 0.047052401 0.041277558 0.044739866 0.034797384 0.035632381 0.036368552 0.035762132 0.036193602 0.035275880 0.035814085 0.043516961 0.043547554 0.069645910 0.066792969 0.067618502 0.070571835 0.000000000 0.035921000 0.035327213 0.035643303 0.053443717 0.055882785 0.061088969 0.070146496 0.086049774 0.086490420 0.080028799 0.080529402 0.077355044 0.078231236 0.098926985 0.148975818 
33     0.069355498 0.069410014 0.073698675 0.072776794 0.073474554 0.077518355 0.061491438 0.111516435 0.081806025 0.083801203 0.080521657 0.093812463 0.088360688 0.087825224 0.060523791 0.059940989 0.116512000 0.041937126 0.057173972 0.038282838 0.032604387 0.035979224 0.025912912 0.026672111 0.027409881 0.026796089 0.027149095 0.026323412 0.026820949 0.034501924 0.034495314 0.060286747 0.057367612 0.058238220 0.061287815 0.035921000 0.000000000 0.017063043 0.017211696 0.044479446 0.046918515 0.052134202 0.061191729 0.077166341 0.077606988 0.071079511 0.071580113 0.068405756 0.069281947 0.089975678 0.140024512 
44     0.068797569 0.068852084 0.073140745 0.072218864 0.072916624 0.076960425 0.060933508 0.110958506 0.081248095 0.083243274 0.079963727 0.093254533 0.087802758 0.087267294 0.059965861 0.059383060 0.115951608 0.041338693 0.056659100 0.037530706 0.031852086 0.035212331 0.025251708 0.026212604 0.026950374 0.026336582 0.026689588 0.025857506 0.026345260 0.034044062 0.034043310 0.059691884 0.056857211 0.057686230 0.060779844 0.035327213 0.017063043 0.000000000 0.003110327 0.043934879 0.046373948 0.051584046 0.060641573 0.076616185 0.077056832 0.070519455 0.071020058 0.067845700 0.068721892 0.089418414 0.139466582 
39     0.069026204 0.069080720 0.073369381 0.072447500 0.073145260 0.077189061 0.061162143 0.111187141 0.081476730 0.083471909 0.080192362 0.093483169 0.088031393 0.087495930 0.060194496 0.059611695 0.116180243 0.041579588 0.056918177 0.037790182 0.032093913 0.035449580 0.025490706 0.026375493 0.027113264 0.026499472 0.026852478 0.026020395 0.026518015 0.034206865 0.034206113 0.059925287 0.057090614 0.057919633 0.061013247 0.035643303 0.017211696 0.003110327 0.000000000 0.044163514 0.046602583 0.051812682 0.060870209 0.076844820 0.077285467 0.070748091 0.071248693 0.068074336 0.068950527 0.089647050 0.139695217 
17     0.056085648 0.056140164 0.060392895 0.059471014 0.060212725 0.064256526 0.047927676 0.097907050 0.068196639 0.070191818 0.066912271 0.080203077 0.074761535 0.074215838 0.046879084 0.046296283 0.102964938 0.044008170 0.061704370 0.043050648 0.046195524 0.049540989 0.039639889 0.040091060 0.040823649 0.040168921 0.040571524 0.039730218 0.040256432 0.048012770 0.048062163 0.075564524 0.072792816 0.073526727 0.076423915 0.053443717 0.044479446 0.043934879 0.044163514 0.000000000 0.006033632 0.032534366 0.041634866 0.057553185 0.057987051 0.056841532 0.057350869 0.054173964 0.055040487 0.076510116 0.126560618 
32     0.058524717 0.058579232 0.062831963 0.061910082 0.062651794 0.066695595 0.050366745 0.100346118 0.070635708 0.072630886 0.069351340 0.082642146 0.077200604 0.076654907 0.049318153 0.048735352 0.105404007 0.046447239 0.064143439 0.045489717 0.048634593 0.051980058 0.042078958 0.042530128 0.043262718 0.042607990 0.043010593 0.042169286 0.042695501 0.050451839 0.050501232 0.078003592 0.075231885 0.075965795 0.078862984 0.055882785 0.046918515 0.046373948 0.046602583 0.006033632 0.000000000 0.034972911 0.044073411 0.059992253 0.060426119 0.059280600 0.059789937 0.056613033 0.057479555 0.078949184 0.128999686 
25     0.063343656 0.063398171 0.067650902 0.066729021 0.067482988 0.071526789 0.055362774 0.105331523 0.075621112 0.077616291 0.074336744 0.087627550 0.082186218 0.081640521 0.054363073 0.053780272 0.110349586 0.051655540 0.069294919 0.050682605 0.053831239 0.057175358 0.047275604 0.047746281 0.048462273 0.047824142 0.048226745 0.047385439 0.047911654 0.055667991 0.055717385 0.083207281 0.080436523 0.081169484 0.084066481 0.061088969 0.052134202 0.051584046 0.051812682 0.032534366 0.034972911 0.000000000 0.030773665 0.060460968 0.060915682 0.064417792 0.064919522 0.061745164 0.062620229 0.084346846 0.134184730 
19     0.072399342 0.072453858 0.076706589 0.075784708 0.076539177 0.080582978 0.064393343 0.114393442 0.084683031 0.086678210 0.083398663 0.096689469 0.091248137 0.090702440 0.063424992 0.062842190 0.119415605 0.060716519 0.078359586 0.059734964 0.062853521 0.066197640 0.056297885 0.056803808 0.057513983 0.056881670 0.057284272 0.056442966 0.056969181 0.064725518 0.064774912 0.092264808 0.089494050 0.090227011 0.093124008 0.070146496 0.061191729 0.060641573 0.060870209 0.041634866 0.044073411 0.030773665 0.000000000 0.069538813 0.069993526 0.073476163 0.073977893 0.070803535 0.071678600 0.093406839 0.143246648 
23     0.088503334 0.088557850 0.092810581 0.091888700 0.092642666 0.096686467 0.080542648 0.130451549 0.100741138 0.102736317 0.099456770 0.112747577 0.107306244 0.106760548 0.079490992 0.078908190 0.135468026 0.076706024 0.094276200 0.075695561 0.078858238 0.082203703 0.072302603 0.072774626 0.073507379 0.072852487 0.073255090 0.072413784 0.072939999 0.080696336 0.080745730 0.108239003 0.105467296 0.106201206 0.109098203 0.086049774 0.077166341 0.076616185 0.076844820 0.057553185 0.059992253 0.060460968 0.069538813 0.000000000 0.015626245 0.089529094 0.090030823 0.086856466 0.087731530 0.109406733 0.159283561 
41     0.088940162 0.088994677 0.093247408 0.092325527 0.093079494 0.097123295 0.080979475 0.130888376 0.101177966 0.103173144 0.099893598 0.113184404 0.107743072 0.107197375 0.079927819 0.079345018 0.135903454 0.077146670 0.094716847 0.076136207 0.079298885 0.082644350 0.072743250 0.073215273 0.073948026 0.073293134 0.073695737 0.072854430 0.073380645 0.081136983 0.081186376 0.108679650 0.105907943 0.106641853 0.109538850 0.086490420 0.077606988 0.077056832 0.077285467 0.057987051 0.060426119 0.060915682 0.069993526 0.015626245 0.000000000 0.089968619 0.090470348 0.087295991 0.088171055 0.109843864 0.159720389 
47     0.075912924 0.075967440 0.080220171 0.079298290 0.080175474 0.084205819 0.067875385 0.117849864 0.088225545 0.090220724 0.086940310 0.100231116 0.094790256 0.094243877 0.066996216 0.066410837 0.123912674 0.070556531 0.088444644 0.069728881 0.072791891 0.076138905 0.066239708 0.066697823 0.067441717 0.066775684 0.067178287 0.066336981 0.066863195 0.074619554 0.074668947 0.102221644 0.099407147 0.100208696 0.103081708 0.080028799 0.071079511 0.070519455 0.070748091 0.056841532 0.059280600 0.064417792 0.073476163 0.089529094 0.089968619 0.000000000 0.023919958 0.021090944 0.021440730 0.096762606 0.146711076 
29     0.076428979 0.076483495 0.080736226 0.079814345 0.080692392 0.084710384 0.068404873 0.118377615 0.088755033 0.090750211 0.087469798 0.100760604 0.095319744 0.094773365 0.067525704 0.066940324 0.124439132 0.071057134 0.088945247 0.070229484 0.073292494 0.076639507 0.066740311 0.067198425 0.067942320 0.067276287 0.067678890 0.066837583 0.067363798 0.075120157 0.075169550 0.102722247 0.099907750 0.100709298 0.103582311 0.080529402 0.071580113 0.071020058 0.071248693 0.057350869 0.059789937 0.064919522 0.073977893 0.090030823 0.090470348 0.023919958 0.000000000 0.017784131 0.018524144 0.097282663 0.146877014 
35     0.073259106 0.073313621 0.077566352 0.076644471 0.077521656 0.081552000 0.065221567 0.115213372 0.085571726 0.087566905 0.084286492 0.097577298 0.092136437 0.091590059 0.064342398 0.063757018 0.121253592 0.067882776 0.085770890 0.067055127 0.070118136 0.073465150 0.063565953 0.064024068 0.064767963 0.064101930 0.064504532 0.063663226 0.064189441 0.071945799 0.071995193 0.099547890 0.096733393 0.097534941 0.100407953 0.077355044 0.068405756 0.067845700 0.068074336 0.054173964 0.056613033 0.061745164 0.070803535 0.086856466 0.087295991 0.021090944 0.017784131 0.000000000 0.008722637 0.094108252 0.144046310 
22     0.074136441 0.074190957 0.078443688 0.077521807 0.078398991 0.082429335 0.066098902 0.116052429 0.086449061 0.088444240 0.085163827 0.098454633 0.093013772 0.092467394 0.065219733 0.064634353 0.122130548 0.068758968 0.086647081 0.067931318 0.070994327 0.074341341 0.064442144 0.064900259 0.065644154 0.064978121 0.065380724 0.064539417 0.065065632 0.072821991 0.072871384 0.100424081 0.097609584 0.098411132 0.101284145 0.078231236 0.069281947 0.068721892 0.068950527 0.055040487 0.057479555 0.062620229 0.071678600 0.087731530 0.088171055 0.021440730 0.018524144 0.008722637 0.000000000 0.094986211 0.144923646 
31     0.094709355 0.094763870 0.099016601 0.098094720 0.098932891 0.102978806 0.086633493 0.136736416 0.107017881 0.109013060 0.105733513 0.119024319 0.113583459 0.113037080 0.085738263 0.085152582 0.143377751 0.089371566 0.107166298 0.088390814 0.091699138 0.095046151 0.085146955 0.085605103 0.086348997 0.085682964 0.086085567 0.085244260 0.085770475 0.093526834 0.093576227 0.121124986 0.118310488 0.119112037 0.121985049 0.098926985 0.089975678 0.089418414 0.089647050 0.076510116 0.078949184 0.084346846 0.093406839 0.109406733 0.109843864 0.096762606 0.097282663 0.094108252 0.094986211 0.000000000 0.164715867 
0     0.139288182 0.139342698 0.143595429 0.142673548 0.143460584 0.147508281 0.130918372 0.181160260 0.151462125 0.153457304 0.150173868 0.163464674 0.158124257 0.157477361 0.130091905 0.129509103 0.193222242 0.139442455 0.157333687 0.138556193 0.141746223 0.145093237 0.135194040 0.135650109 0.136394004 0.135727971 0.136130573 0.135289267 0.135815482 0.143571840 0.143621234 0.171130783 0.168331007 0.169111085 0.171990847 0.148975818 0.140024512 0.139466582 0.139695217 0.126560618 0.128999686 0.134184730 0.143246648 0.159283561 0.159720389 0.146711076 0.146877014 0.144046310 0.144923646 0.164715867 0.000000000 
