51
1     0.000000000 0.000002140 0.000238990 0.000472630 0.002686780 0.002649340 0.003183810 0.000854650 0.000559450 0.002279540 0.002204560 0.002734350 0.003083460 0.003123480 0.000970880 0.003078060 0.002621410 0.003584790 0.002656210 0.003157030 0.000241830 0.003065240 0.002598610 0.001709740 0.003894860 0.000931530 0.001758180 0.002802100 0.000787810 0.001934690 0.000125360 0.003504450 0.001709540 0.001055450 0.004070150 0.003087240 0.003076420 0.002135170 0.001953130 0.001663590 0.001700450 0.002749310 0.003247380 0.002541980 0.001727790 0.002296660 0.001320180 0.003560680 0.004588010 0.001483970 0.000654920 
2     0.000002140 0.000000000 0.000247240 0.000480880 0.001706780 0.001459950 0.003587650 0.001495360 0.001723680 0.002765100 0.004153600 0.003148860 0.001505940 0.001656190 0.000839120 0.002861840 0.002405190 0.003878900 0.002931450 0.003406400 0.000795350 0.002642630 0.002355130 0.003030630 0.001120180 0.000306290 0.002643470 0.000605240 0.004250630 0.002669790 0.003098780 0.001055670 0.001199130 0.000655600 0.003980980 0.003564460 0.003798040 0.001263540 0.003089320 0.001853390 0.000525260 0.002326700 0.004001190 0.003026220 0.004726400 0.001874050 0.004512600 0.001617810 0.004674220 0.003546740 0.001732890 
9     0.000238990 0.000247240 0.000000000 0.000016030 0.000574020 0.000536580 0.000197700 0.000536920 0.000583300 0.000166780 0.000091800 0.000765530 0.000769490 0.000769470 0.001985480 0.001518890 0.001733300 0.001472030 0.001906680 0.001185860 0.000829040 0.002607840 0.002247850 0.003723440 0.002321400 0.002695780 0.000959980 0.003457540 0.002220530 0.004828750 0.002814860 0.004248040 0.003136400 0.002150950 0.002219670 0.001079400 0.002219680 0.000044240 0.001766490 0.000049360 0.001400570 0.001314730 0.001134620 0.002723620 0.004628780 0.002518800 0.003288680 0.000669790 0.004372720 0.004191490 0.001083710 
8     0.000472630 0.000480880 0.000016030 0.000000000 0.000576230 0.000538790 0.000181670 0.000539130 0.000585510 0.000168990 0.000094010 0.000749500 0.000753460 0.000753440 0.002291950 0.001521100 0.001735510 0.001474240 0.001516080 0.002016900 0.001085200 0.002235910 0.002124630 0.002423420 0.002305370 0.002679750 0.003429090 0.001611360 0.000545940 0.001411500 0.003125380 0.004383730 0.003799920 0.002801730 0.000536360 0.002495920 0.001036580 0.000046450 0.001041420 0.002462020 0.001383870 0.001316940 0.001136830 0.000806020 0.003508270 0.002414440 0.003224890 0.001660470 0.004809760 0.003414260 0.001067680 
6     0.002686780 0.001706780 0.000574020 0.000576230 0.000000000 0.000033280 0.000344740 0.000037800 0.000064340 0.000527040 0.000493760 0.001407700 0.000466420 0.000616670 0.001025020 0.001900190 0.002041050 0.002012090 0.003167120 0.002800150 0.002030760 0.001016710 0.002965610 0.002800580 0.002470200 0.000698660 0.004123590 0.002374020 0.002636010 0.001114730 0.001227170 0.000685590 0.001080160 0.001615060 0.002635150 0.000209640 0.001281170 0.000584300 0.001485350 0.000816900 0.001816050 0.001730210 0.001097930 0.003139100 0.003946230 0.002231740 0.003320300 0.002073740 0.004211680 0.004086040 0.005083940 
3     0.002649340 0.001459950 0.000536580 0.000538790 0.000033280 0.000000000 0.000021840 0.000000360 0.000046740 0.000531300 0.000456320 0.001573440 0.000219590 0.000369840 0.000645680 0.001896930 0.002111340 0.001974650 0.002125030 0.001666520 0.001993320 0.001677290 0.000141430 0.000746290 0.000455400 0.000661930 0.003788990 0.000880910 0.002598570 0.003907850 0.000717600 0.000452380 0.004578600 0.001368230 0.002597710 0.000128500 0.002141600 0.000546860 0.002614930 0.003699630 0.001778610 0.001692770 0.001512660 0.003101660 0.004152130 0.003907240 0.004275050 0.001797110 0.004417580 0.002188850 0.002393950 
13     0.003183810 0.003587650 0.000197700 0.000181670 0.000344740 0.000021840 0.000000000 0.000465990 0.000504220 0.000930490 0.000774530 0.000281950 0.000424050 0.000365050 0.001442020 0.001324510 0.001465370 0.002635430 0.002591440 0.002565070 0.002059770 0.000264570 0.002389930 0.002289750 0.002486360 0.002391410 0.003547910 0.002344670 0.002319640 0.003517570 0.001302110 0.001036890 0.004400750 0.002324200 0.003258490 0.000905800 0.003258500 0.001207640 0.001351520 0.003159320 0.002439390 0.002353550 0.002173440 0.002016790 0.002844680 0.000770660 0.001812710 0.001535430 0.001557470 0.003546340 0.001249350 
4     0.000854650 0.001495360 0.000536920 0.000539130 0.000037800 0.000000360 0.000465990 0.000000000 0.000000130 0.000531640 0.000189560 0.000747720 0.000255000 0.000275710 0.000813600 0.001302600 0.001443460 0.001597170 0.002125800 0.000537060 0.001366040 0.000534700 0.002368020 0.002267840 0.002798610 0.001363360 0.003526000 0.001314020 0.002598910 0.004487130 0.003501550 0.001771890 0.004494990 0.001403640 0.002598050 0.001572550 0.002598060 0.000547200 0.002654460 0.003137410 0.001778950 0.000671220 0.001513000 0.003102000 0.003348640 0.002179100 0.003696630 0.001676740 0.003307190 0.001903270 0.001758150 
14     0.000559450 0.001723680 0.000583300 0.000585510 0.000064340 0.000046740 0.000504220 0.000000130 0.000000000 0.000578020 0.000503040 0.001439420 0.000483320 0.000633570 0.001041920 0.001943650 0.002158060 0.001569240 0.001687410 0.000240670 0.002040040 0.000764570 0.000605990 0.000307480 0.002995290 0.001335430 0.003622150 0.003050320 0.002645290 0.001838240 0.003477630 0.001926560 0.003356750 0.001631960 0.002644430 0.002022550 0.002644440 0.000593580 0.002080610 0.003864970 0.001825330 0.001616450 0.001559380 0.001756510 0.003149080 0.002532560 0.003546750 0.000640670 0.002723920 0.002638890 0.001758280 
7     0.002279540 0.002765100 0.000166780 0.000168990 0.000527040 0.000531300 0.000930490 0.000531640 0.000578020 0.000000000 0.000075120 0.000000000 0.000003960 0.000003940 0.001758920 0.001527130 0.001236360 0.001604850 0.001789880 0.002089530 0.001623520 0.001406370 0.002384250 0.002472320 0.002627930 0.002483580 0.001755390 0.003030080 0.002228770 0.002537640 0.000740670 0.001272720 0.000901150 0.002972720 0.002132490 0.002501950 0.002227920 0.000177060 0.001869780 0.002878290 0.001408810 0.001322970 0.001142860 0.002183410 0.003317300 0.001722740 0.003704830 0.001666500 0.004197450 0.000618750 0.001817180 
12     0.002204560 0.004153600 0.000091800 0.000094010 0.000493760 0.000456320 0.000774530 0.000189560 0.000503040 0.000075120 0.000000000 0.000018300 0.001524400 0.000871680 0.002142590 0.001452150 0.001666560 0.001529870 0.003402530 0.002317930 0.001548540 0.001703010 0.003079840 0.002979660 0.002039700 0.003111580 0.004237820 0.002064800 0.002153790 0.002585750 0.001816560 0.001693300 0.004362870 0.002386100 0.002152930 0.002426970 0.002152940 0.000102080 0.002721040 0.001756870 0.001333830 0.001247990 0.001067880 0.002656880 0.003936500 0.003552070 0.003326840 0.001591520 0.000895380 0.003010000 0.000758580 
5     0.002734350 0.003148860 0.000765530 0.000749500 0.001407700 0.001573440 0.000281950 0.000747720 0.001439420 0.000000000 0.000018300 0.000000000 0.000003960 0.000003940 0.001295430 0.001305610 0.001939080 0.003250320 0.001732500 0.002529000 0.003084870 0.001967800 0.002232680 0.002132500 0.001306910 0.002264420 0.003390660 0.002187420 0.001421930 0.004442670 0.002273320 0.003612140 0.005593610 0.002627090 0.001785400 0.003254720 0.001945070 0.001427450 0.000952650 0.002878110 0.003020360 0.002932670 0.002791040 0.003216140 0.003089340 0.002844450 0.003547870 0.002327460 0.001831500 0.001096350 0.000741340 
10     0.003083460 0.001505940 0.000769490 0.000753460 0.000466420 0.000219590 0.000424050 0.000255000 0.000483320 0.000003960 0.001524400 0.000003960 0.000000000 0.000000020 0.000824180 0.001441400 0.000575490 0.002681220 0.002461350 0.002035020 0.001147630 0.002024400 0.002627220 0.002527040 0.003014590 0.002658960 0.003168170 0.002581960 0.001372760 0.003121480 0.005436570 0.003885500 0.004624590 0.000756540 0.005385250 0.003341300 0.003586180 0.003139680 0.002789700 0.001766390 0.002424680 0.002881750 0.001905750 0.003610680 0.003483880 0.003238990 0.003522020 0.002722000 0.003749330 0.003659670 0.000766000 
11     0.003123480 0.001656190 0.000769470 0.000753440 0.000616670 0.000369840 0.000365050 0.000275710 0.000633570 0.000003940 0.000871680 0.000003940 0.000000020 0.000000000 0.000974430 0.002430700 0.002571560 0.002400610 0.002501370 0.002438510 0.002010800 0.002005780 0.002865160 0.002764980 0.002999910 0.002896900 0.003967550 0.002665020 0.003632020 0.003452780 0.004227860 0.003789040 0.001588870 0.000653800 0.003292980 0.003244840 0.002115640 0.003169340 0.003027640 0.001449110 0.000937910 0.001997440 0.003423520 0.003848620 0.003721820 0.003476930 0.002945880 0.000867410 0.000964680 0.003554130 0.000113280 
48     0.000970880 0.000839120 0.001985480 0.002291950 0.001025020 0.000645680 0.001442020 0.000813600 0.001041920 0.001758920 0.002142590 0.001295430 0.000824180 0.000974430 0.000000000 0.001341150 0.000703940 0.001538430 0.001177300 0.002071930 0.002497410 0.001510730 0.001786270 0.001686090 0.000655990 0.001746260 0.001835110 0.001741010 0.001147790 0.002312610 0.001938530 0.003864690 0.004122380 0.001938880 0.002833140 0.004585000 0.002369900 0.002422690 0.002072710 0.002153560 0.002697910 0.001445670 0.002468590 0.002893690 0.002766890 0.002522000 0.003225420 0.000258630 0.003032340 0.001229990 0.004111100 
22     0.003078060 0.002861840 0.001518890 0.001521100 0.001900190 0.001896930 0.001324510 0.001302600 0.001943650 0.001527130 0.001452150 0.001305610 0.001441400 0.002430700 0.001341150 0.000000000 0.000062580 0.002247750 0.002124040 0.002446620 0.002256450 0.001393220 0.000935230 0.000935410 0.001027830 0.000236260 0.002445830 0.002243800 0.002004000 0.002896100 0.001394650 0.003164240 0.002414450 0.002429010 0.002003140 0.000379500 0.002003150 0.001529170 0.000184190 0.002596490 0.001184040 0.001098200 0.000918090 0.002507090 0.003269680 0.003024790 0.000911640 0.001441730 0.000181890 0.002239770 0.000413520 
35     0.002621410 0.002405190 0.001733300 0.001735510 0.002041050 0.002111340 0.001465370 0.001443460 0.002158060 0.001236360 0.001666560 0.001939080 0.000575490 0.002571560 0.000703940 0.000062580 0.000000000 0.002786740 0.001855670 0.002605060 0.002469030 0.001534080 0.001153890 0.001154070 0.001246490 0.000266050 0.001978240 0.002384660 0.002078850 0.002644600 0.001448680 0.002863070 0.001343740 0.002962360 0.000896090 0.001454150 0.000359670 0.001743580 0.002225170 0.001700390 0.001398450 0.001312610 0.000578410 0.002721500 0.003410540 0.003165650 0.002847510 0.001656140 0.002574860 0.001074390 0.000145150 
45     0.003584790 0.003878900 0.001472030 0.001474240 0.002012090 0.001974650 0.002635430 0.001597170 0.001569240 0.001604850 0.001529870 0.003250320 0.002681220 0.002400610 0.001538430 0.002247750 0.002786740 0.000000000 0.000200090 0.000005890 0.000158240 0.000090310 0.000864840 0.001716400 0.000962990 0.000178250 0.002157960 0.002345020 0.001702340 0.002362300 0.001505270 0.001613610 0.001788260 0.001794780 0.000580890 0.000537660 0.001246240 0.001074200 0.001093290 0.000927590 0.002332840 0.000187420 0.002572690 0.001276570 0.001413920 0.003512240 0.004841880 0.000300750 0.003346220 0.002638170 0.002198570 
17     0.002656210 0.002931450 0.001906680 0.001516080 0.003167120 0.002125030 0.002591440 0.002125800 0.001687410 0.001789880 0.003402530 0.001732500 0.002461350 0.002501370 0.001177300 0.002124040 0.001855670 0.000200090 0.000000000 0.000075930 0.000481430 0.000413500 0.001188030 0.000800860 0.000246400 0.000501440 0.000772030 0.002538980 0.000222320 0.004992590 0.003362220 0.003515940 0.001856990 0.002958270 0.000070080 0.003062000 0.001656320 0.001397390 0.001416480 0.003815600 0.003957850 0.000510610 0.002232750 0.002839100 0.001776030 0.003278360 0.000406190 0.000312990 0.004292280 0.001552910 0.001887540 
25     0.003157030 0.003406400 0.001185860 0.002016900 0.002800150 0.001666520 0.002565070 0.000537060 0.000240670 0.002089530 0.002317930 0.002529000 0.002035020 0.002438510 0.002071930 0.002446620 0.002605060 0.000005890 0.000075930 0.000000000 0.000340330 0.000464600 0.001579040 0.000075160 0.001377850 0.002106350 0.003006650 0.002385550 0.003218180 0.003531030 0.003018190 0.001095770 0.001529320 0.003589320 0.000499830 0.002106060 0.002486240 0.002270290 0.003306280 0.001077860 0.002702800 0.001475380 0.003360750 0.002321860 0.003012970 0.001668890 0.004104880 0.001238550 0.003774950 0.000158040 0.001982270 
42     0.000241830 0.000795350 0.000829040 0.001085200 0.002030760 0.001993320 0.002059770 0.001366040 0.002040040 0.001623520 0.001548540 0.003084870 0.001147630 0.002010800 0.002497410 0.002256450 0.002469030 0.000158240 0.000481430 0.000340330 0.000000000 0.000070090 0.001023080 0.003599490 0.001121230 0.000021550 0.002316200 0.003171100 0.002029390 0.000771470 0.000981510 0.001619010 0.005164380 0.000840480 0.000575700 0.003950450 0.001583820 0.001232440 0.001251530 0.002690810 0.002810370 0.000167200 0.002011530 0.002191990 0.002335140 0.003075260 0.001969000 0.003115000 0.004310100 0.000099560 0.002337210 
15     0.003065240 0.002642630 0.002607840 0.002235910 0.001016710 0.001677290 0.000264570 0.000534700 0.000764570 0.001406370 0.001703010 0.001967800 0.002024400 0.002005780 0.001510730 0.001393220 0.001534080 0.000090310 0.000413500 0.000464600 0.000070090 0.000000000 0.000762480 0.000740400 0.001053300 0.000090100 0.002248270 0.001158010 0.000936990 0.000944010 0.003856070 0.005644920 0.005819570 0.003416280 0.000936060 0.003789640 0.000921950 0.001164510 0.001183600 0.003228030 0.003370280 0.000098830 0.003140960 0.003566060 0.000932510 0.003194370 0.003897790 0.002328600 0.003704710 0.003584300 0.002444560 
30     0.002598610 0.002355130 0.002247850 0.002124630 0.002965610 0.000141430 0.002389930 0.002368020 0.000605990 0.002384250 0.003079840 0.002232680 0.002627220 0.002865160 0.001786270 0.000935230 0.001153890 0.000864840 0.001188030 0.001579040 0.001023080 0.000762480 0.000000000 0.000000140 0.000112700 0.000914320 0.001888280 0.001664660 0.002559970 0.004228210 0.001919550 0.002497100 0.003931320 0.002507240 0.004043860 0.001911860 0.001425020 0.000279900 0.000823610 0.003475480 0.001291530 0.001052260 0.003405840 0.003830940 0.003070200 0.003459250 0.002499000 0.002942260 0.003600850 0.002211160 0.003299500 
36     0.001709740 0.003030630 0.003723440 0.002423420 0.002800580 0.000746290 0.002289750 0.002267840 0.000307480 0.002472320 0.002979660 0.002132500 0.002527040 0.002764980 0.001686090 0.000935410 0.001154070 0.001716400 0.000800860 0.000075160 0.003599490 0.000740400 0.000000140 0.000000000 0.000112880 0.001047850 0.001628660 0.001564480 0.002402970 0.004211070 0.001650740 0.002228290 0.003914180 0.003704180 0.002048780 0.002283380 0.001206360 0.000413430 0.002909780 0.003390760 0.002582280 0.003073910 0.003305660 0.003161480 0.003540380 0.003359070 0.000634650 0.002842080 0.003583710 0.002714250 0.005167210 
32     0.003894860 0.001120180 0.002321400 0.002305370 0.002470200 0.000455400 0.002486360 0.002798610 0.002995290 0.002627930 0.002039700 0.001306910 0.003014590 0.002999910 0.000655990 0.001027830 0.001246490 0.000962990 0.000246400 0.001377850 0.001121230 0.001053300 0.000112700 0.000112880 0.000000000 0.000940940 0.000811210 0.001235000 0.001024300 0.002512460 0.002374080 0.002463410 0.002215570 0.002266830 0.001957650 0.003593390 0.000929010 0.000878070 0.000897160 0.001626100 0.001973130 0.001150410 0.000712250 0.001284000 0.002350780 0.000041570 0.001933370 0.003311470 0.001885100 0.002621160 0.001292440 
31     0.000931530 0.000306290 0.002695780 0.002679750 0.000698660 0.000661930 0.002391410 0.001363360 0.001335430 0.002483580 0.003111580 0.002264420 0.002658960 0.002896900 0.001746260 0.000236260 0.000266050 0.000178250 0.000501440 0.002106350 0.000021550 0.000090100 0.000914320 0.001047850 0.000940940 0.000000000 0.001362150 0.000701750 0.000860380 0.001155120 0.001103740 0.001415360 0.002252740 0.001370060 0.000970390 0.000611690 0.000838250 0.000667250 0.000755030 0.002296860 0.003666900 0.000187210 0.002565990 0.001510430 0.002105350 0.001943070 0.000454260 0.000830690 0.004001330 0.002811030 0.003747430 
50     0.001758180 0.002643470 0.000959980 0.003429090 0.004123590 0.003788990 0.003547910 0.003526000 0.003622150 0.001755390 0.004237820 0.003390660 0.003168170 0.003967550 0.001835110 0.002445830 0.001978240 0.002157960 0.000772030 0.003006650 0.002316200 0.002248270 0.001888280 0.001628660 0.000811210 0.001362150 0.000000000 0.000169940 0.003989310 0.002343250 0.001358180 0.002053670 0.003653520 0.003704780 0.003116790 0.004735320 0.002366960 0.001151640 0.000041820 0.003317990 0.003267900 0.002345380 0.004502300 0.000413400 0.002357620 0.000514150 0.001607480 0.000056810 0.000151450 0.000042060 0.002065810 
19     0.002802100 0.000605240 0.003457540 0.001611360 0.002374020 0.000880910 0.002344670 0.001314020 0.003050320 0.003030080 0.002064800 0.002187420 0.002581960 0.002665020 0.001741010 0.002243800 0.002384660 0.002345020 0.002538980 0.002385550 0.003171100 0.001158010 0.001664660 0.001564480 0.001235000 0.000701750 0.000169940 0.000000000 0.003289560 0.001279750 0.002685170 0.001213680 0.000982280 0.001929310 0.003542470 0.001034860 0.001506140 0.000414520 0.000502300 0.002866100 0.003589900 0.002973670 0.003360580 0.001323510 0.000287640 0.001424260 0.004117410 0.000966920 0.001061560 0.000952170 0.001395710 
39     0.000787810 0.004250630 0.002220530 0.000545940 0.002636010 0.002598570 0.002319640 0.002598910 0.002645290 0.002228770 0.002153790 0.001421930 0.001372760 0.003632020 0.001147790 0.002004000 0.002078850 0.001702340 0.000222320 0.003218180 0.002029390 0.000936990 0.002559970 0.002402970 0.001024300 0.000860380 0.003989310 0.003289560 0.000000000 0.000486120 0.000907140 0.000588680 0.000284950 0.000748450 0.000002040 0.000002900 0.000002050 0.002230810 0.002490750 0.003587400 0.001880920 0.001795080 0.001614970 0.001473900 0.002694420 0.002699610 0.000991460 0.002138610 0.004881500 0.001279040 0.001293860 
49     0.001934690 0.002669790 0.004828750 0.001411500 0.001114730 0.003907850 0.003517570 0.004487130 0.001838240 0.002537640 0.002585750 0.004442670 0.003121480 0.003452780 0.002312610 0.002896100 0.002644600 0.002362300 0.004992590 0.003531030 0.000771470 0.000944010 0.004228210 0.004211070 0.002512460 0.001155120 0.002343250 0.001279750 0.000486120 0.000000000 0.000656710 0.000083430 0.000215290 0.000236790 0.001327870 0.001481140 0.000338120 0.005336310 0.005201550 0.004407940 0.003651190 0.002098760 0.004288290 0.000004340 0.004378740 0.000129430 0.003497000 0.004768360 0.002703840 0.003439900 0.001695460 
44     0.000125360 0.003098780 0.002814860 0.003125380 0.001227170 0.000717600 0.001302110 0.003501550 0.003477630 0.000740670 0.001816560 0.002273320 0.005436570 0.004227860 0.001938530 0.001394650 0.001448680 0.001505270 0.003362220 0.003018190 0.000981510 0.003856070 0.001919550 0.001650740 0.002374080 0.001103740 0.001358180 0.002685170 0.000907140 0.000656710 0.000000000 0.000010880 0.000436770 0.000105640 0.000654770 0.000629460 0.000826090 0.002048500 0.002100940 0.000892470 0.002783560 0.002697720 0.001663260 0.003444640 0.004202120 0.000482290 0.005444320 0.003041250 0.002137590 0.002259390 0.003596510 
40     0.003504450 0.001055670 0.004248040 0.004383730 0.000685590 0.000452380 0.001036890 0.001771890 0.001926560 0.001272720 0.001693300 0.003612140 0.003885500 0.003789040 0.003864690 0.003164240 0.002863070 0.001613610 0.003515940 0.001095770 0.001619010 0.005644920 0.002497100 0.002228290 0.002463410 0.001415360 0.002053670 0.001213680 0.000588680 0.000083430 0.000010880 0.000000000 0.000526100 0.000116520 0.000727280 0.001366390 0.001284330 0.002884400 0.002936840 0.001031210 0.003801900 0.003896990 0.000762840 0.003781730 0.004644750 0.002531110 0.005373030 0.003429480 0.002105450 0.003390850 0.003875120 
27     0.001709540 0.001199130 0.003136400 0.003799920 0.001080160 0.004578600 0.004400750 0.004494990 0.003356750 0.000901150 0.004362870 0.005593610 0.004624590 0.001588870 0.004122380 0.002414450 0.001343740 0.001788260 0.001856990 0.001529320 0.005164380 0.005819570 0.003931320 0.003914180 0.002215570 0.002252740 0.003653520 0.000982280 0.000284950 0.000215290 0.000436770 0.000526100 0.000000000 0.000022600 0.000437700 0.000287850 0.000287860 0.000429740 0.002852820 0.003959200 0.000943790 0.003644970 0.003991400 0.000490850 0.001780110 0.002457560 0.004644480 0.004664760 0.000531750 0.002482870 0.005097740 
28     0.001055450 0.000655600 0.002150950 0.002801730 0.001615060 0.001368230 0.002324200 0.001403640 0.001631960 0.002972720 0.002386100 0.002627090 0.000756540 0.000653800 0.001938880 0.002429010 0.002962360 0.001794780 0.002958270 0.003589320 0.000840480 0.003416280 0.002507240 0.003704180 0.002266830 0.001370060 0.003704780 0.001929310 0.000748450 0.000236790 0.000105640 0.000116520 0.000022600 0.000000000 0.000281730 0.000470770 0.000354760 0.002974760 0.004771700 0.004868940 0.001979520 0.002539030 0.002358920 0.002635660 0.004017600 0.002637570 0.001466540 0.002882560 0.002458210 0.000836380 0.004688910 
16     0.004070150 0.003980980 0.002219670 0.000536360 0.002635150 0.002597710 0.003258490 0.002598050 0.002644430 0.002132490 0.002152930 0.001785400 0.005385250 0.003292980 0.002833140 0.002003140 0.000896090 0.000580890 0.000070080 0.000499830 0.000575700 0.000936060 0.004043860 0.002048780 0.001957650 0.000970390 0.003116790 0.003542470 0.000002040 0.001327870 0.000654770 0.000727280 0.000437700 0.000281730 0.000000000 0.000149890 0.000000010 0.002229950 0.001979870 0.006355890 0.001880060 0.001794220 0.001614110 0.001498320 0.002717480 0.001244360 0.005355550 0.002137750 0.002584060 0.000819690 0.000979780 
33     0.003087240 0.003564460 0.001079400 0.002495920 0.000209640 0.000128500 0.000905800 0.001572550 0.002022550 0.002501950 0.002426970 0.003254720 0.003341300 0.003244840 0.004585000 0.000379500 0.001454150 0.000537660 0.003062000 0.002106060 0.003950450 0.003789640 0.001911860 0.002283380 0.003593390 0.000611690 0.004735320 0.001034860 0.000002900 0.001481140 0.000629460 0.001366390 0.000287850 0.000470770 0.000149890 0.000000000 0.000000050 0.002296450 0.001423670 0.000259480 0.002154100 0.002068260 0.001888150 0.001476800 0.003283510 0.001188070 0.003615900 0.002411790 0.003787780 0.001108970 0.005476360 
41     0.003076420 0.003798040 0.002219680 0.001036580 0.001281170 0.002141600 0.003258500 0.002598060 0.002644440 0.002227920 0.002152940 0.001945070 0.003586180 0.002115640 0.002369900 0.002003150 0.000359670 0.001246240 0.001656320 0.002486240 0.001583820 0.000921950 0.001425020 0.001206360 0.000929010 0.000838250 0.002366960 0.001506140 0.000002050 0.000338120 0.000826090 0.001284330 0.000287860 0.000354760 0.000000010 0.000000050 0.000000000 0.002229960 0.002894870 0.001406660 0.001880070 0.001343590 0.001614120 0.001476810 0.002369660 0.002268230 0.003820380 0.002137760 0.000509920 0.000116450 0.003906670 
37     0.002135170 0.001263540 0.000044240 0.000046450 0.000584300 0.000546860 0.001207640 0.000547200 0.000593580 0.000177060 0.000102080 0.001427450 0.003139680 0.003169340 0.002422690 0.001529170 0.001743580 0.001074200 0.001397390 0.002270290 0.001232440 0.001164510 0.000279900 0.000413430 0.000878070 0.000667250 0.001151640 0.000414520 0.002230810 0.005336310 0.002048500 0.002884400 0.000429740 0.002974760 0.002229950 0.002296450 0.002229960 0.000000000 0.000020950 0.002809790 0.001410850 0.001261620 0.001144900 0.002733900 0.002976590 0.002776130 0.003479550 0.001668540 0.003286470 0.003196810 0.003279510 
26     0.001953130 0.003089320 0.001766490 0.001041420 0.001485350 0.002614930 0.001351520 0.002654460 0.002080610 0.001869780 0.002721040 0.000952650 0.002789700 0.003027640 0.002072710 0.000184190 0.002225170 0.001093290 0.001416480 0.003306280 0.001251530 0.001183600 0.000823610 0.002909780 0.000897160 0.000755030 0.000041820 0.000502300 0.002490750 0.005201550 0.002100940 0.002936840 0.002852820 0.004771700 0.001979870 0.001423670 0.002894870 0.000020950 0.000000000 0.002459810 0.002602060 0.001280710 0.002372740 0.000869020 0.002671040 0.001890570 0.003129570 0.001429850 0.001524490 0.001415100 0.003111750 
47     0.001663590 0.001853390 0.000049360 0.002462020 0.000816900 0.003699630 0.003159320 0.003137410 0.003864970 0.002878290 0.001756870 0.002878110 0.001766390 0.001449110 0.002153560 0.002596490 0.001700390 0.000927590 0.003815600 0.001077860 0.002690810 0.003228030 0.003475480 0.003390760 0.001626100 0.002296860 0.003317990 0.002866100 0.003587400 0.004407940 0.000892470 0.001031210 0.003959200 0.004868940 0.006355890 0.000259480 0.001406660 0.002809790 0.002459810 0.000000000 0.000001230 0.000010340 0.000260110 0.001658410 0.001653140 0.000506240 0.001572430 0.001500450 0.000481490 0.001634840 0.004182990 
29     0.001700450 0.000525260 0.001400570 0.001383870 0.001816050 0.001778610 0.002439390 0.001778950 0.001825330 0.001408810 0.001333830 0.003020360 0.002424680 0.000937910 0.002697910 0.001184040 0.001398450 0.002332840 0.003957850 0.002702800 0.002810370 0.003370280 0.001291530 0.002582280 0.001973130 0.003666900 0.003267900 0.003589900 0.001880920 0.003651190 0.002783560 0.003801900 0.000943790 0.001979520 0.001880060 0.002154100 0.001880070 0.001410850 0.002602060 0.000001230 0.000000000 0.000006870 0.000572590 0.000156480 0.001040330 0.000090320 0.001507350 0.001178470 0.000545290 0.002461870 0.006149170 
43     0.002749310 0.002326700 0.001314730 0.001316940 0.001730210 0.001692770 0.002353550 0.000671220 0.001616450 0.001322970 0.001247990 0.002932670 0.002881750 0.001997440 0.001445670 0.001098200 0.001312610 0.000187420 0.000510610 0.001475380 0.000167200 0.000098830 0.001052260 0.003073910 0.001150410 0.000187210 0.002345380 0.002973670 0.001795080 0.002098760 0.002697720 0.003896990 0.003644970 0.002539030 0.001794220 0.002068260 0.001343590 0.001261620 0.001280710 0.000010340 0.000006870 0.000000000 0.000535070 0.000163150 0.000983430 0.000096990 0.001693510 0.000591160 0.000798820 0.001155660 0.000165650 
34     0.003247380 0.004001190 0.001134620 0.001136830 0.001097930 0.001512660 0.002173440 0.001513000 0.001559380 0.001142860 0.001067880 0.002791040 0.001905750 0.003423520 0.002468590 0.000918090 0.000578410 0.002572690 0.002232750 0.003360750 0.002011530 0.003140960 0.003405840 0.003305660 0.000712250 0.002565990 0.004502300 0.003360580 0.001614970 0.004288290 0.001663260 0.000762840 0.003991400 0.002358920 0.001614110 0.001888150 0.001614120 0.001144900 0.002372740 0.000260110 0.000572590 0.000535070 0.000000000 0.001781660 0.001654860 0.000747760 0.000617740 0.001035820 0.002440710 0.002351050 0.004268610 
18     0.002541980 0.003026220 0.002723620 0.000806020 0.003139100 0.003101660 0.002016790 0.003102000 0.001756510 0.002183410 0.002656880 0.003216140 0.003610680 0.003848620 0.002893690 0.002507090 0.002721500 0.001276570 0.002839100 0.002321860 0.002191990 0.003566060 0.003830940 0.003161480 0.001284000 0.001510430 0.000413400 0.001323510 0.001473900 0.000004340 0.003444640 0.003781730 0.000490850 0.002635660 0.001498320 0.001476800 0.001476810 0.002733900 0.000869020 0.001658410 0.000156480 0.000163150 0.001781660 0.000000000 0.000248120 0.000068940 0.000587380 0.000420070 0.000514710 0.000405320 0.000494780 
23     0.001727790 0.004726400 0.004628780 0.003508270 0.003946230 0.004152130 0.002844680 0.003348640 0.003149080 0.003317300 0.003936500 0.003089340 0.003483880 0.003721820 0.002766890 0.003269680 0.003410540 0.001413920 0.001776030 0.003012970 0.002335140 0.000932510 0.003070200 0.003540380 0.002350780 0.002105350 0.002357620 0.000287640 0.002694420 0.004378740 0.004202120 0.004644750 0.001780110 0.004017600 0.002717480 0.003283510 0.002369660 0.002976590 0.002671040 0.001653140 0.001040330 0.000983430 0.001654860 0.000248120 0.000000000 0.000215030 0.001182300 0.001284150 0.002291110 0.001205510 0.003788510 
38     0.002296660 0.001874050 0.002518800 0.002414440 0.002231740 0.003907240 0.000770660 0.002179100 0.002532560 0.001722740 0.003552070 0.002844450 0.003238990 0.003476930 0.002522000 0.003024790 0.003165650 0.003512240 0.003278360 0.001668890 0.003075260 0.003194370 0.003459250 0.003359070 0.000041570 0.001943070 0.000514150 0.001424260 0.002699610 0.000129430 0.000482290 0.002531110 0.002457560 0.002637570 0.001244360 0.001188070 0.002268230 0.002776130 0.001890570 0.000506240 0.000090320 0.000096990 0.000747760 0.000068940 0.000215030 0.000000000 0.000738810 0.000520820 0.000615460 0.000506070 0.001612330 
20     0.001320180 0.004512600 0.003288680 0.003224890 0.003320300 0.004275050 0.001812710 0.003696630 0.003546750 0.003704830 0.003326840 0.003547870 0.003522020 0.002945880 0.003225420 0.000911640 0.002847510 0.004841880 0.000406190 0.004104880 0.001969000 0.003897790 0.002499000 0.000634650 0.001933370 0.000454260 0.001607480 0.004117410 0.000991460 0.003497000 0.005444320 0.005373030 0.004644480 0.001466540 0.005355550 0.003615900 0.003820380 0.003479550 0.003129570 0.001572430 0.001507350 0.001693510 0.000617740 0.000587380 0.001182300 0.000738810 0.000000000 0.000025510 0.001032470 0.002485240 0.007411070 
21     0.003560680 0.001617810 0.000669790 0.001660470 0.002073740 0.001797110 0.001535430 0.001676740 0.000640670 0.001666500 0.001591520 0.002327460 0.002722000 0.000867410 0.000258630 0.001441730 0.001656140 0.000300750 0.000312990 0.001238550 0.003115000 0.002328600 0.002942260 0.002842080 0.003311470 0.000830690 0.000056810 0.000966920 0.002138610 0.004768360 0.003041250 0.003429480 0.004664760 0.002882560 0.002137750 0.002411790 0.002137760 0.001668540 0.001429850 0.001500450 0.001178470 0.000591160 0.001035820 0.000420070 0.001284150 0.000520820 0.000025510 0.000000000 0.000143560 0.000034170 0.001402570 
46     0.004588010 0.004674220 0.004372720 0.004809760 0.004211680 0.004417580 0.001557470 0.003307190 0.002723920 0.004197450 0.000895380 0.001831500 0.003749330 0.000964680 0.003032340 0.000181890 0.002574860 0.003346220 0.004292280 0.003774950 0.004310100 0.003704710 0.003600850 0.003583710 0.001885100 0.004001330 0.000151450 0.001061560 0.004881500 0.002703840 0.002137590 0.002105450 0.000531750 0.002458210 0.002584060 0.003787780 0.000509920 0.003286470 0.001524490 0.000481490 0.000545290 0.000798820 0.002440710 0.000514710 0.002291110 0.000615460 0.001032470 0.000143560 0.000000000 0.000062040 0.001059350 
24     0.001483970 0.003546740 0.004191490 0.003414260 0.004086040 0.002188850 0.003546340 0.001903270 0.002638890 0.000618750 0.003010000 0.001096350 0.003659670 0.003554130 0.001229990 0.002239770 0.001074390 0.002638170 0.001552910 0.000158040 0.000099560 0.003584300 0.002211160 0.002714250 0.002621160 0.002811030 0.000042060 0.000952170 0.001279040 0.003439900 0.002259390 0.003390850 0.002482870 0.000836380 0.000819690 0.001108970 0.000116450 0.003196810 0.001415100 0.001634840 0.002461870 0.001155660 0.002351050 0.000405320 0.001205510 0.000506070 0.002485240 0.000034170 0.000062040 0.000000000 0.001554130 
0     0.000654920 0.001732890 0.001083710 0.001067680 0.005083940 0.002393950 0.001249350 0.001758150 0.001758280 0.001817180 0.000758580 0.000741340 0.000766000 0.000113280 0.004111100 0.000413520 0.000145150 0.002198570 0.001887540 0.001982270 0.002337210 0.002444560 0.003299500 0.005167210 0.001292440 0.003747430 0.002065810 0.001395710 0.001293860 0.001695460 0.003596510 0.003875120 0.005097740 0.004688910 0.000979780 0.005476360 0.003906670 0.003279510 0.003111750 0.004182990 0.006149170 0.000165650 0.004268610 0.000494780 0.003788510 0.001612330 0.007411070 0.001402570 0.001059350 0.001554130 0.000000000 
