51
1     0.000000000 0.009223132 0.018409952 0.023967070 0.049447356 0.049919574 0.049581026 0.049392470 0.049280721 0.048336870 0.049624536 0.047435880 0.046322925 0.046302897 0.054924211 0.045227851 0.045780023 0.052514126 0.052472092 0.051128531 0.052176456 0.052054655 0.050510142 0.050578918 0.050906154 0.051021263 0.051962019 0.050626786 0.052533371 0.054434284 0.051654443 0.051869191 0.052975359 0.051825513 0.050493004 0.052439554 0.049595322 0.046959768 0.046432198 0.049486461 0.048650190 0.049019435 0.047379802 0.047022183 0.048187897 0.048044109 0.051922907 0.049781920 0.049954537 0.048148081 0.078143508 
2     0.009223132 0.000000000 0.019142414 0.024838983 0.049961764 0.050467171 0.050094777 0.049987136 0.049871464 0.048882225 0.050170393 0.047996050 0.046798702 0.046775769 0.055404743 0.045741779 0.046293951 0.053067810 0.053060690 0.051649991 0.052650379 0.052506516 0.050948166 0.051022932 0.051355187 0.051515230 0.052455661 0.051158662 0.053047206 0.054914219 0.051982527 0.052206352 0.053351709 0.052250958 0.051039638 0.053120174 0.050126020 0.047580034 0.047020395 0.049991567 0.049136734 0.049515499 0.048002718 0.047602992 0.048770609 0.048593289 0.052532236 0.050235133 0.050556951 0.048726225 0.078640527 
9     0.018409952 0.019142414 0.000000000 0.025422690 0.051023504 0.051499330 0.051154056 0.050907117 0.050769127 0.049973003 0.051271205 0.049070560 0.047982112 0.047985025 0.056210328 0.046701189 0.047226839 0.053975607 0.053924222 0.052495360 0.053540521 0.053514149 0.052182369 0.052250860 0.052405363 0.052608231 0.053782968 0.052303136 0.054352189 0.056028841 0.053261383 0.053473514 0.054554282 0.053325502 0.052212402 0.054484230 0.051465939 0.048377430 0.047881794 0.050792653 0.049895380 0.050288458 0.048806149 0.048417514 0.049554360 0.049414958 0.053298155 0.051248001 0.051502427 0.049818104 0.079593408 
8     0.023967070 0.024838983 0.025422690 0.000000000 0.050267193 0.050675986 0.050329141 0.050233732 0.050147507 0.049338000 0.050520496 0.048281113 0.047212863 0.047205591 0.055578333 0.045716547 0.046297210 0.053257338 0.053257089 0.051848938 0.053034679 0.052706719 0.051760033 0.051829094 0.052086355 0.052030747 0.053123600 0.051706534 0.053526843 0.055213215 0.052493223 0.052773440 0.053710452 0.052599845 0.051494053 0.053631374 0.050418189 0.047829460 0.047311964 0.050493114 0.049728496 0.049987244 0.048444250 0.047907937 0.049058682 0.048938456 0.052628255 0.050522467 0.050827781 0.049162884 0.079004163 
6     0.049447356 0.049961764 0.051023504 0.050267193 0.000000000 0.018061799 0.017435220 0.021325513 0.020910870 0.031064809 0.032315385 0.030171978 0.028070479 0.028189993 0.055105469 0.045815179 0.046499566 0.053437742 0.053530471 0.052248017 0.053210021 0.052975471 0.051822464 0.051893286 0.051963719 0.052002742 0.053038546 0.051780930 0.053619912 0.054787867 0.051907897 0.052248269 0.053197504 0.052423669 0.051370771 0.053752390 0.050271483 0.047698622 0.047142048 0.050411014 0.049235493 0.049811809 0.048438729 0.047691590 0.048733977 0.048534698 0.052262433 0.050538781 0.050779506 0.048749394 0.080054592 
3     0.049919574 0.050467171 0.051499330 0.050675986 0.018061799 0.000000000 0.014376072 0.022114723 0.021703321 0.031992170 0.033036502 0.030920289 0.029076368 0.029253247 0.055547100 0.046433017 0.047130942 0.053377967 0.053486678 0.052229778 0.053452623 0.053302996 0.052322120 0.052393581 0.052368294 0.052594958 0.053502123 0.052105419 0.054220951 0.055347556 0.052468015 0.052770001 0.053550625 0.052974597 0.051822807 0.054111797 0.050783166 0.048341199 0.047834854 0.051228496 0.049982964 0.050614804 0.049154616 0.048283622 0.049278459 0.049122944 0.052859070 0.051259091 0.051437951 0.049423725 0.080177929 
13     0.049581026 0.050094777 0.051154056 0.050329141 0.017435220 0.014376072 0.000000000 0.021609450 0.021307850 0.031489305 0.032737671 0.030532962 0.028607478 0.028727699 0.055339128 0.046195641 0.046843542 0.053579969 0.053713553 0.052418117 0.053317258 0.053099229 0.052250156 0.052320979 0.052307815 0.052396905 0.053496481 0.052278091 0.054258303 0.055475914 0.052577403 0.052878400 0.053599156 0.053017007 0.051911329 0.054235167 0.050872838 0.048049125 0.047500467 0.050857870 0.049587967 0.050245365 0.048908357 0.048083747 0.049067024 0.048938269 0.052609173 0.051012856 0.051118814 0.049111594 0.080175771 
4     0.049392470 0.049987136 0.050907117 0.050233732 0.021325513 0.022114723 0.021609450 0.000000000 0.008084842 0.031199644 0.032478514 0.030379917 0.028315659 0.028538449 0.055327011 0.046175209 0.046895589 0.053577210 0.053671861 0.052228306 0.053083727 0.053133039 0.052084106 0.052152945 0.052136019 0.052268334 0.053250059 0.052086205 0.053894440 0.055295196 0.052472880 0.052806107 0.053637887 0.053118152 0.051777171 0.054237027 0.050823800 0.048103666 0.047569323 0.051021103 0.049781662 0.050386145 0.048890841 0.048204920 0.049154496 0.049070314 0.052965961 0.051177624 0.051187714 0.049151086 0.080363555 
14     0.049280721 0.049871464 0.050769127 0.050147507 0.020910870 0.021703321 0.021307850 0.008084842 0.000000000 0.031001870 0.032236363 0.030008169 0.027929729 0.028152485 0.055096257 0.046067126 0.046790896 0.053451879 0.053582292 0.052142071 0.052951904 0.052974097 0.051825810 0.051894000 0.051974235 0.052142262 0.053140484 0.051900302 0.053777574 0.055177556 0.052354992 0.052700503 0.053514565 0.052976253 0.051665273 0.054141061 0.050704364 0.047863348 0.047331851 0.050694286 0.049497074 0.050087640 0.048592663 0.047859439 0.048853437 0.048702463 0.052635985 0.050941554 0.050979781 0.048973661 0.080050501 
7     0.048336870 0.048882225 0.049973003 0.049338000 0.031064809 0.031992170 0.031489305 0.031199644 0.031001870 0.000000000 0.027576014 0.025425403 0.023212060 0.023433024 0.054324346 0.044980312 0.045672737 0.052074156 0.052213246 0.050792748 0.051691312 0.051631385 0.050727647 0.050801720 0.050716327 0.051057543 0.051943618 0.050845102 0.052549497 0.054050630 0.051156603 0.051402821 0.052157095 0.051404457 0.050511848 0.052910781 0.049540468 0.046905802 0.046344313 0.049733330 0.048633560 0.049159622 0.047695008 0.046994004 0.048049078 0.047924384 0.051562632 0.049680478 0.049942436 0.047982583 0.079244416 
12     0.049624536 0.050170393 0.051271205 0.050520496 0.032315385 0.033036502 0.032737671 0.032478514 0.032236363 0.027576014 0.000000000 0.016923649 0.022572189 0.022799755 0.055602703 0.046495122 0.047109356 0.053614531 0.053662794 0.052273238 0.053084545 0.053154721 0.052363463 0.052443247 0.052431336 0.052525802 0.053394015 0.052214351 0.053783278 0.055428154 0.052530715 0.052765756 0.053581679 0.052755947 0.051740565 0.054086610 0.050745960 0.048301000 0.047670180 0.051045231 0.049785554 0.050474461 0.048915274 0.048386837 0.049366548 0.049214712 0.052830993 0.050808632 0.051114455 0.049222797 0.080305837 
5     0.047435880 0.047996050 0.049070560 0.048281113 0.030171978 0.030920289 0.030532962 0.030379917 0.030008169 0.025425403 0.016923649 0.000000000 0.020440070 0.020631041 0.053137052 0.044099939 0.044723379 0.051221138 0.051203007 0.049912622 0.050770400 0.050691145 0.049912599 0.049992475 0.050002421 0.050113712 0.051005893 0.049857160 0.051136538 0.052695514 0.049821745 0.050161498 0.050769180 0.049914803 0.049207773 0.051613892 0.048181630 0.046031667 0.045494097 0.048680892 0.047500052 0.048131543 0.046621431 0.046021389 0.046981965 0.046847514 0.050494048 0.048462851 0.048950404 0.046956688 0.077976902 
10     0.046322925 0.046798702 0.047982112 0.047212863 0.028070479 0.029076368 0.028607478 0.028315659 0.027929729 0.023212060 0.022572189 0.020440070 0.000000000 0.006627825 0.051985285 0.042613733 0.043313144 0.049752991 0.049812960 0.048462351 0.049532973 0.049392361 0.048522462 0.048607346 0.048612907 0.048711364 0.049745470 0.048649048 0.050211766 0.051796871 0.048868086 0.049116270 0.050073068 0.049123722 0.048342566 0.050599467 0.047160419 0.044660830 0.044083397 0.047136587 0.046077697 0.046620296 0.045238132 0.044627571 0.045593677 0.045442380 0.049088227 0.047458143 0.047775875 0.045828518 0.076395233 
11     0.046302897 0.046775769 0.047985025 0.047205591 0.028189993 0.029253247 0.028727699 0.028538449 0.028152485 0.023433024 0.022799755 0.020631041 0.006627825 0.000000000 0.052009302 0.042714936 0.043415977 0.049756997 0.049815930 0.048465556 0.049511181 0.049336139 0.048534660 0.048621141 0.048634006 0.048763182 0.049720579 0.048656024 0.050146101 0.051548876 0.048669671 0.048905643 0.049884674 0.048933420 0.048188947 0.050468294 0.046998166 0.044621318 0.044043885 0.047153448 0.046070312 0.046614533 0.045239447 0.044630817 0.045608933 0.045454014 0.049062770 0.047359207 0.047666878 0.045708500 0.076327915 
48     0.054924211 0.055404743 0.056210328 0.055578333 0.055105469 0.055547100 0.055339128 0.055327011 0.055096257 0.054324346 0.055602703 0.053137052 0.051985285 0.052009302 0.000000000 0.044096596 0.044639412 0.052188732 0.052066265 0.050425813 0.051980977 0.051389303 0.050155341 0.050169449 0.050138117 0.050073294 0.051484986 0.050311554 0.052106728 0.053498204 0.050745142 0.051068870 0.052458968 0.051595102 0.049766522 0.052342272 0.048949430 0.049450804 0.049011267 0.052205172 0.051374475 0.051552975 0.050279877 0.049804064 0.050665609 0.050716601 0.054432731 0.052110794 0.052748160 0.050598683 0.084965035 
22     0.045227851 0.045741779 0.046701189 0.045716547 0.045815179 0.046433017 0.046195641 0.046175209 0.046067126 0.044980312 0.046495122 0.044099939 0.042613733 0.042714936 0.044096596 0.000000000 0.007899764 0.039361576 0.039604985 0.037796618 0.039315829 0.038875837 0.040111336 0.040178316 0.040301909 0.040513126 0.041852659 0.040495074 0.042074135 0.043251977 0.040315616 0.040558298 0.042046422 0.041285332 0.039622359 0.042120991 0.038482800 0.039750452 0.039210149 0.042639683 0.041618206 0.041928098 0.040412515 0.040025894 0.041016830 0.041070013 0.044688883 0.042558402 0.042888086 0.040935994 0.074507817 
35     0.045780023 0.046293951 0.047226839 0.046297210 0.046499566 0.047130942 0.046843542 0.046895589 0.046790896 0.045672737 0.047109356 0.044723379 0.043313144 0.043415977 0.044639412 0.007899764 0.000000000 0.039884715 0.040113156 0.038372269 0.039967239 0.039462894 0.040621681 0.040690733 0.040784273 0.041123440 0.042360266 0.040983239 0.042664654 0.043859638 0.040901717 0.041176593 0.042640452 0.041903613 0.040199005 0.042703455 0.039021229 0.040385313 0.039859309 0.043117703 0.042137847 0.042414863 0.040905637 0.040571557 0.041447981 0.041502055 0.045183094 0.043040071 0.043408841 0.041474181 0.075129666 
45     0.052514126 0.053067810 0.053975607 0.053257338 0.053437742 0.053377967 0.053579969 0.053577210 0.053451879 0.052074156 0.053614531 0.051221138 0.049752991 0.049756997 0.052188732 0.039361576 0.039884715 0.000000000 0.017440966 0.015153045 0.029048295 0.028442862 0.047801314 0.047853062 0.047949015 0.048127082 0.049403488 0.047966765 0.049282330 0.050820707 0.048049975 0.047935866 0.049741441 0.048833069 0.047191491 0.049554029 0.045886012 0.048031065 0.047592223 0.050557005 0.049590238 0.049984006 0.048302431 0.047702562 0.048737332 0.048864715 0.052339776 0.050155244 0.050425128 0.048825682 0.082514526 
17     0.052472092 0.053060690 0.053924222 0.053257089 0.053530471 0.053486678 0.053713553 0.053671861 0.053582292 0.052213246 0.053662794 0.051203007 0.049812960 0.049815930 0.052066265 0.039604985 0.040113156 0.017440966 0.000000000 0.011974239 0.029379322 0.028876327 0.047661760 0.047745305 0.047848344 0.048051859 0.049455087 0.048127561 0.049128181 0.050749561 0.047936417 0.047967716 0.049554726 0.048545028 0.047080086 0.049455382 0.045821934 0.048039996 0.047597448 0.050281848 0.049130262 0.049656084 0.047985868 0.047441870 0.048504193 0.048606596 0.052054386 0.050087549 0.050275729 0.048558764 0.082572060 
25     0.051128531 0.051649991 0.052495360 0.051848938 0.052248017 0.052229778 0.052418117 0.052228306 0.052142071 0.050792748 0.052273238 0.049912622 0.048462351 0.048465556 0.050425813 0.037796618 0.038372269 0.015153045 0.011974239 0.000000000 0.027062213 0.026515543 0.046067149 0.046141418 0.046236662 0.046278927 0.047791244 0.046470304 0.047505017 0.049141198 0.046326388 0.046175712 0.047952038 0.046944798 0.045580440 0.047911119 0.044334336 0.046573797 0.046139589 0.048876079 0.047780228 0.048342617 0.046677842 0.046155214 0.047192898 0.047339077 0.050754675 0.048758814 0.048831860 0.047274116 0.080995786 
42     0.052176456 0.052650379 0.053540521 0.053034679 0.053210021 0.053452623 0.053317258 0.053083727 0.052951904 0.051691312 0.053084545 0.050770400 0.049532973 0.049511181 0.051980977 0.039315829 0.039967239 0.029048295 0.029379322 0.027062213 0.000000000 0.024772680 0.047510747 0.047598926 0.047709593 0.047767795 0.049213281 0.047754881 0.049354330 0.050595150 0.047890333 0.048009220 0.049718982 0.048650986 0.047269851 0.049514836 0.045804487 0.047583493 0.047174280 0.050229741 0.048906375 0.049451898 0.047948287 0.047404630 0.048337290 0.048469760 0.051619226 0.049891445 0.050070386 0.048444855 0.082137449 
15     0.052054655 0.052506516 0.053514149 0.052706719 0.052975471 0.053302996 0.053099229 0.053133039 0.052974097 0.051631385 0.053154721 0.050691145 0.049392361 0.049336139 0.051389303 0.038875837 0.039462894 0.028442862 0.028876327 0.026515543 0.024772680 0.000000000 0.046916406 0.047005129 0.047164395 0.047393240 0.048550844 0.047083455 0.048466912 0.050156976 0.047467616 0.047521647 0.049177986 0.048036338 0.046513803 0.048930252 0.045386920 0.047427166 0.046968047 0.050102531 0.048882341 0.049433016 0.047765971 0.047219045 0.048294305 0.048298498 0.051736489 0.049556538 0.049869111 0.048287269 0.082297107 
30     0.050510142 0.050948166 0.052182369 0.051760033 0.051822464 0.052322120 0.052250156 0.052084106 0.051825810 0.050727647 0.052363463 0.049912599 0.048522462 0.048534660 0.050155341 0.040111336 0.040621681 0.047801314 0.047661760 0.046067149 0.047510747 0.046916406 0.000000000 0.004742058 0.012860345 0.026678673 0.029615068 0.028950631 0.045957651 0.047587840 0.044023133 0.044486312 0.046041305 0.045080404 0.043307171 0.045721007 0.042532004 0.045985716 0.045451804 0.048952341 0.048142011 0.048324429 0.046934783 0.046247034 0.047183199 0.047226603 0.051036261 0.048507716 0.048985887 0.047194465 0.079819899 
36     0.050578918 0.051022932 0.052250860 0.051829094 0.051893286 0.052393581 0.052320979 0.052152945 0.051894000 0.050801720 0.052443247 0.049992475 0.048607346 0.048621141 0.050169449 0.040178316 0.040690733 0.047853062 0.047745305 0.046141418 0.047598926 0.047005129 0.004742058 0.000000000 0.013038457 0.026647985 0.029642898 0.028931191 0.046033978 0.047666139 0.044101069 0.044564249 0.046125926 0.045165295 0.043396660 0.045797335 0.042633644 0.046109282 0.045575370 0.049048074 0.048246072 0.048425489 0.047020312 0.046327083 0.047271735 0.047315848 0.051110445 0.048550644 0.049015422 0.047296929 0.079805207 
32     0.050906154 0.051355187 0.052405363 0.052086355 0.051963719 0.052368294 0.052307815 0.052136019 0.051974235 0.050716327 0.052431336 0.050002421 0.048612907 0.048634006 0.050138117 0.040301909 0.040784273 0.047949015 0.047848344 0.046236662 0.047709593 0.047164395 0.012860345 0.013038457 0.000000000 0.026596179 0.029541211 0.028639588 0.045780009 0.047684261 0.043987749 0.044421677 0.046149708 0.045166238 0.043159791 0.045584391 0.042387917 0.046030830 0.045493278 0.048937272 0.048181238 0.048358756 0.046991014 0.046099531 0.047157418 0.047200970 0.051050693 0.048426739 0.048995535 0.047293963 0.079835854 
31     0.051021263 0.051515230 0.052608231 0.052030747 0.052002742 0.052594958 0.052396905 0.052268334 0.052142262 0.051057543 0.052525802 0.050113712 0.048711364 0.048763182 0.050073294 0.040513126 0.041123440 0.048127082 0.048051859 0.046278927 0.047767795 0.047393240 0.026678673 0.026647985 0.026596179 0.000000000 0.030111683 0.029278861 0.046293398 0.047997218 0.044462816 0.044855803 0.046624439 0.045600409 0.043880120 0.046200772 0.042888826 0.046287261 0.045700045 0.049035193 0.048124416 0.048374079 0.046931247 0.046377653 0.047440420 0.047429350 0.051186879 0.048762621 0.049179332 0.047484351 0.080058168 
50     0.051962019 0.052455661 0.053782968 0.053123600 0.053038546 0.053502123 0.053496481 0.053250059 0.053140484 0.051943618 0.053394015 0.051005893 0.049745470 0.049720579 0.051484986 0.041852659 0.042360266 0.049403488 0.049455087 0.047791244 0.049213281 0.048550844 0.029615068 0.029642898 0.029541211 0.030111683 0.000000000 0.025690918 0.047639299 0.049312469 0.045789041 0.046185323 0.047649577 0.046779305 0.045102807 0.047569037 0.044375371 0.047568175 0.047009758 0.049778779 0.049115743 0.049289400 0.047989714 0.047243478 0.048503529 0.048651146 0.051996450 0.049445969 0.050113467 0.048515055 0.081503491 
19     0.050626786 0.051158662 0.052303136 0.051706534 0.051780930 0.052105419 0.052278091 0.052086205 0.051900302 0.050845102 0.052214351 0.049857160 0.048649048 0.048656024 0.050311554 0.040495074 0.040983239 0.047966765 0.048127561 0.046470304 0.047754881 0.047083455 0.028950631 0.028931191 0.028639588 0.029278861 0.025690918 0.000000000 0.046152248 0.047886423 0.044188942 0.044603011 0.046009602 0.045382841 0.043584715 0.045957862 0.042764050 0.046235130 0.045698520 0.048830882 0.048072194 0.048332895 0.046977850 0.046315295 0.047371077 0.047460079 0.051246800 0.048563783 0.048991995 0.047420869 0.080817642 
39     0.052533371 0.053047206 0.054352189 0.053526843 0.053619912 0.054220951 0.054258303 0.053894440 0.053777574 0.052549497 0.053783278 0.051136538 0.050211766 0.050146101 0.052106728 0.042074135 0.042664654 0.049282330 0.049128181 0.047505017 0.049354330 0.048466912 0.045957651 0.046033978 0.045780009 0.046293398 0.047639299 0.046152248 0.000000000 0.032224504 0.029024018 0.029228812 0.030978671 0.030482057 0.027816868 0.030016447 0.026532335 0.047870935 0.047319109 0.050961151 0.049951464 0.050329165 0.048702031 0.047688093 0.048564147 0.048569291 0.052585070 0.050257213 0.050789908 0.048956221 0.082057088 
49     0.054434284 0.054914219 0.056028841 0.055213215 0.054787867 0.055347556 0.055475914 0.055295196 0.055177556 0.054050630 0.055428154 0.052695514 0.051796871 0.051548876 0.053498204 0.043251977 0.043859638 0.050820707 0.050749561 0.049141198 0.050595150 0.050156976 0.047587840 0.047666139 0.047684261 0.047997218 0.049312469 0.047886423 0.032224504 0.000000000 0.021694851 0.021694046 0.023500072 0.023227905 0.029584776 0.031487209 0.028152654 0.049554050 0.049031668 0.052056287 0.051089266 0.051471770 0.049619740 0.049000685 0.050017962 0.050035087 0.053789959 0.051610936 0.052256109 0.050383014 0.083929864 
44     0.051654443 0.051982527 0.053261383 0.052493223 0.051907897 0.052468015 0.052577403 0.052472880 0.052354992 0.051156603 0.052530715 0.049821745 0.048868086 0.048669671 0.050745142 0.040315616 0.040901717 0.048049975 0.047936417 0.046326388 0.047890333 0.047467616 0.044023133 0.044101069 0.043987749 0.044462816 0.045789041 0.044188942 0.029024018 0.021694851 0.000000000 0.008372177 0.020119721 0.019667889 0.026098180 0.028020383 0.025049907 0.046418005 0.045916370 0.049412862 0.048394806 0.048815350 0.046815586 0.046244940 0.047306871 0.047377959 0.051016637 0.048833097 0.049477511 0.047538863 0.081121882 
40     0.051869191 0.052206352 0.053473514 0.052773440 0.052248269 0.052770001 0.052878400 0.052806107 0.052700503 0.051402821 0.052765756 0.050161498 0.049116270 0.048905643 0.051068870 0.040558298 0.041176593 0.047935866 0.047967716 0.046175712 0.048009220 0.047521647 0.044486312 0.044564249 0.044421677 0.044855803 0.046185323 0.044603011 0.029228812 0.021694046 0.008372177 0.000000000 0.020235626 0.019837891 0.026437072 0.028173156 0.025152382 0.046890934 0.046403217 0.049704843 0.048750062 0.049104068 0.047123063 0.046649580 0.047666973 0.047698201 0.051361929 0.049180610 0.049871603 0.047957907 0.081709128 
27     0.052975359 0.053351709 0.054554282 0.053710452 0.053197504 0.053550625 0.053599156 0.053637887 0.053514565 0.052157095 0.053581679 0.050769180 0.050073068 0.049884674 0.052458968 0.042046422 0.042640452 0.049741441 0.049554726 0.047952038 0.049718982 0.049177986 0.046041305 0.046125926 0.046149708 0.046624439 0.047649577 0.046009602 0.030978671 0.023500072 0.020119721 0.020235626 0.000000000 0.013586173 0.027696978 0.029660433 0.026679464 0.048147716 0.047615716 0.050596987 0.049637574 0.050023098 0.048253739 0.047629061 0.048611823 0.048657318 0.052327225 0.050412436 0.050871886 0.048969590 0.082050481 
28     0.051825513 0.052250958 0.053325502 0.052599845 0.052423669 0.052974597 0.053017007 0.053118152 0.052976253 0.051404457 0.052755947 0.049914803 0.049123722 0.048933420 0.051595102 0.041285332 0.041903613 0.048833069 0.048545028 0.046944798 0.048650986 0.048036338 0.045080404 0.045165295 0.045166238 0.045600409 0.046779305 0.045382841 0.030482057 0.023227905 0.019667889 0.019837891 0.013586173 0.000000000 0.027184227 0.029091871 0.026242692 0.047398907 0.046860358 0.049749845 0.048643673 0.049128592 0.047287528 0.046630549 0.047638289 0.047682735 0.051451156 0.049409070 0.049907583 0.048021518 0.081489331 
16     0.050493004 0.051039638 0.052212402 0.051494053 0.051370771 0.051822807 0.051911329 0.051777171 0.051665273 0.050511848 0.051740565 0.049207773 0.048342566 0.048188947 0.049766522 0.039622359 0.040199005 0.047191491 0.047080086 0.045580440 0.047269851 0.046513803 0.043307171 0.043396660 0.043159791 0.043880120 0.045102807 0.043584715 0.027816868 0.029584776 0.026098180 0.026437072 0.027696978 0.027184227 0.000000000 0.018258344 0.019933443 0.045494811 0.044971808 0.048386796 0.047336376 0.047634990 0.045824484 0.045118699 0.046148920 0.046161344 0.050030004 0.047721458 0.048385351 0.046393702 0.080739391 
33     0.052439554 0.053120174 0.054484230 0.053631374 0.053752390 0.054111797 0.054235167 0.054237027 0.054141061 0.052910781 0.054086610 0.051613892 0.050599467 0.050468294 0.052342272 0.042120991 0.042703455 0.049554029 0.049455382 0.047911119 0.049514836 0.048930252 0.045721007 0.045797335 0.045584391 0.046200772 0.047569037 0.045957862 0.030016447 0.031487209 0.028020383 0.028173156 0.029660433 0.029091871 0.018258344 0.000000000 0.021993618 0.048438648 0.047915646 0.051145898 0.050161857 0.050470512 0.048714008 0.047945988 0.048921602 0.048918188 0.052621921 0.050595428 0.051094967 0.049150563 0.082668526 
41     0.049595322 0.050126020 0.051465939 0.050418189 0.050271483 0.050783166 0.050872838 0.050823800 0.050704364 0.049540468 0.050745960 0.048181630 0.047160419 0.046998166 0.048949430 0.038482800 0.039021229 0.045886012 0.045821934 0.044334336 0.045804487 0.045386920 0.042532004 0.042633644 0.042387917 0.042888826 0.044375371 0.042764050 0.026532335 0.028152654 0.025049907 0.025152382 0.026679464 0.026242692 0.019933443 0.021993618 0.000000000 0.044932110 0.044408212 0.047725654 0.046827799 0.047187155 0.045425611 0.044578396 0.045642334 0.045669654 0.049417090 0.047162370 0.047936349 0.046002243 0.079500387 
37     0.046959768 0.047580034 0.048377430 0.047829460 0.047698622 0.048341199 0.048049125 0.048103666 0.047863348 0.046905802 0.048301000 0.046031667 0.044660830 0.044621318 0.049450804 0.039750452 0.040385313 0.048031065 0.048039996 0.046573797 0.047583493 0.047427166 0.045985716 0.046109282 0.046030830 0.046287261 0.047568175 0.046235130 0.047870935 0.049554050 0.046418005 0.046890934 0.048147716 0.047398907 0.045494811 0.048438648 0.044932110 0.000000000 0.006430559 0.041558607 0.040573553 0.040895515 0.039348062 0.038647842 0.039749826 0.039816995 0.043287808 0.041375368 0.041484680 0.039463997 0.076607849 
26     0.046432198 0.047020395 0.047881794 0.047311964 0.047142048 0.047834854 0.047500467 0.047569323 0.047331851 0.046344313 0.047670180 0.045494097 0.044083397 0.044043885 0.049011267 0.039210149 0.039859309 0.047592223 0.047597448 0.046139589 0.047174280 0.046968047 0.045451804 0.045575370 0.045493278 0.045700045 0.047009758 0.045698520 0.047319109 0.049031668 0.045916370 0.046403217 0.047615716 0.046860358 0.044971808 0.047915646 0.044408212 0.006430559 0.000000000 0.041006145 0.040041010 0.040352169 0.038684277 0.037959601 0.039059446 0.039126615 0.042635372 0.040772889 0.040867853 0.038848855 0.076080073 
47     0.049486461 0.049991567 0.050792653 0.050493114 0.050411014 0.051228496 0.050857870 0.051021103 0.050694286 0.049733330 0.051045231 0.048680892 0.047136587 0.047153448 0.052205172 0.042639683 0.043117703 0.050557005 0.050281848 0.048876079 0.050229741 0.050102531 0.048952341 0.049048074 0.048937272 0.049035193 0.049778779 0.048830882 0.050961151 0.052056287 0.049412862 0.049704843 0.050596987 0.049749845 0.048386796 0.051145898 0.047725654 0.041558607 0.041006145 0.000000000 0.013095947 0.013072565 0.020123960 0.024487731 0.025811039 0.025856504 0.031656125 0.035631584 0.035846175 0.033731901 0.080435359 
29     0.048650190 0.049136734 0.049895380 0.049728496 0.049235493 0.049982964 0.049587967 0.049781662 0.049497074 0.048633560 0.049785554 0.047500052 0.046077697 0.046070312 0.051374475 0.041618206 0.042137847 0.049590238 0.049130262 0.047780228 0.048906375 0.048882341 0.048142011 0.048246072 0.048181238 0.048124416 0.049115743 0.048072194 0.049951464 0.051089266 0.048394806 0.048750062 0.049637574 0.048643673 0.047336376 0.050161857 0.046827799 0.040573553 0.040041010 0.013095947 0.000000000 0.009830258 0.019401519 0.023515868 0.024661449 0.024756465 0.030806794 0.034643913 0.034798669 0.032696972 0.079563336 
43     0.049019435 0.049515499 0.050288458 0.049987244 0.049811809 0.050614804 0.050245365 0.050386145 0.050087640 0.049159622 0.050474461 0.048131543 0.046620296 0.046614533 0.051552975 0.041928098 0.042414863 0.049984006 0.049656084 0.048342617 0.049451898 0.049433016 0.048324429 0.048425489 0.048358756 0.048374079 0.049289400 0.048332895 0.050329165 0.051471770 0.048815350 0.049104068 0.050023098 0.049128592 0.047634990 0.050470512 0.047187155 0.040895515 0.040352169 0.013072565 0.009830258 0.000000000 0.019283609 0.023800945 0.024942632 0.025053575 0.030872798 0.035015735 0.035235576 0.033120514 0.080033455 
34     0.047379802 0.048002718 0.048806149 0.048444250 0.048438729 0.049154616 0.048908357 0.048890841 0.048592663 0.047695008 0.048915274 0.046621431 0.045238132 0.045239447 0.050279877 0.040412515 0.040905637 0.048302431 0.047985868 0.046677842 0.047948287 0.047765971 0.046934783 0.047020312 0.046991014 0.046931247 0.047989714 0.046977850 0.048702031 0.049619740 0.046815586 0.047123063 0.048253739 0.047287528 0.045824484 0.048714008 0.045425611 0.039348062 0.038684277 0.020123960 0.019401519 0.019283609 0.000000000 0.021969389 0.023105134 0.023370016 0.029123609 0.033556454 0.033355610 0.031713746 0.078541393 
18     0.047022183 0.047602992 0.048417514 0.047907937 0.047691590 0.048283622 0.048083747 0.048204920 0.047859439 0.046994004 0.048386837 0.046021389 0.044627571 0.044630817 0.049804064 0.040025894 0.040571557 0.047702562 0.047441870 0.046155214 0.047404630 0.047219045 0.046247034 0.046327083 0.046099531 0.046377653 0.047243478 0.046315295 0.047688093 0.049000685 0.046244940 0.046649580 0.047629061 0.046630549 0.045118699 0.047945988 0.044578396 0.038647842 0.037959601 0.024487731 0.023515868 0.023800945 0.021969389 0.000000000 0.012565458 0.012510304 0.029018990 0.032870316 0.033362787 0.031269328 0.078030999 
23     0.048187897 0.048770609 0.049554360 0.049058682 0.048733977 0.049278459 0.049067024 0.049154496 0.048853437 0.048049078 0.049366548 0.046981965 0.045593677 0.045608933 0.050665609 0.041016830 0.041447981 0.048737332 0.048504193 0.047192898 0.048337290 0.048294305 0.047183199 0.047271735 0.047157418 0.047440420 0.048503529 0.047371077 0.048564147 0.050017962 0.047306871 0.047666973 0.048611823 0.047638289 0.046148920 0.048921602 0.045642334 0.039749826 0.039059446 0.025811039 0.024661449 0.024942632 0.023105134 0.012565458 0.000000000 0.010005555 0.030046918 0.033940967 0.034353809 0.032283087 0.079480201 
38     0.048044109 0.048593289 0.049414958 0.048938456 0.048534698 0.049122944 0.048938269 0.049070314 0.048702463 0.047924384 0.049214712 0.046847514 0.045442380 0.045454014 0.050716601 0.041070013 0.041502055 0.048864715 0.048606596 0.047339077 0.048469760 0.048298498 0.047226603 0.047315848 0.047200970 0.047429350 0.048651146 0.047460079 0.048569291 0.050035087 0.047377959 0.047698201 0.048657318 0.047682735 0.046161344 0.048918188 0.045669654 0.039816995 0.039126615 0.025856504 0.024756465 0.025053575 0.023370016 0.012510304 0.010005555 0.000000000 0.030304632 0.034026067 0.034490712 0.032440490 0.079344348 
20     0.051922907 0.052532236 0.053298155 0.052628255 0.052262433 0.052859070 0.052609173 0.052965961 0.052635985 0.051562632 0.052830993 0.050494048 0.049088227 0.049062770 0.054432731 0.044688883 0.045183094 0.052339776 0.052054386 0.050754675 0.051619226 0.051736489 0.051036261 0.051110445 0.051050693 0.051186879 0.051996450 0.051246800 0.052585070 0.053789959 0.051016637 0.051361929 0.052327225 0.051451156 0.050030004 0.052621921 0.049417090 0.043287808 0.042635372 0.031656125 0.030806794 0.030872798 0.029123609 0.029018990 0.030046918 0.030304632 0.000000000 0.038053128 0.038215137 0.036329249 0.082771717 
21     0.049781920 0.050235133 0.051248001 0.050522467 0.050538781 0.051259091 0.051012856 0.051177624 0.050941554 0.049680478 0.050808632 0.048462851 0.047458143 0.047359207 0.052110794 0.042558402 0.043040071 0.050155244 0.050087549 0.048758814 0.049891445 0.049556538 0.048507716 0.048550644 0.048426739 0.048762621 0.049445969 0.048563783 0.050257213 0.051610936 0.048833097 0.049180610 0.050412436 0.049409070 0.047721458 0.050595428 0.047162370 0.041375368 0.040772889 0.035631584 0.034643913 0.035015735 0.033556454 0.032870316 0.033940967 0.034026067 0.038053128 0.000000000 0.032697280 0.030970869 0.080704849 
46     0.049954537 0.050556951 0.051502427 0.050827781 0.050779506 0.051437951 0.051118814 0.051187714 0.050979781 0.049942436 0.051114455 0.048950404 0.047775875 0.047666878 0.052748160 0.042888086 0.043408841 0.050425128 0.050275729 0.048831860 0.050070386 0.049869111 0.048985887 0.049015422 0.048995535 0.049179332 0.050113467 0.048991995 0.050789908 0.052256109 0.049477511 0.049871603 0.050871886 0.049907583 0.048385351 0.051094967 0.047936349 0.041484680 0.040867853 0.035846175 0.034798669 0.035235576 0.033355610 0.033362787 0.034353809 0.034490712 0.038215137 0.032697280 0.000000000 0.015585164 0.079964760 
24     0.048148081 0.048726225 0.049818104 0.049162884 0.048749394 0.049423725 0.049111594 0.049151086 0.048973661 0.047982583 0.049222797 0.046956688 0.045828518 0.045708500 0.050598683 0.040935994 0.041474181 0.048825682 0.048558764 0.047274116 0.048444855 0.048287269 0.047194465 0.047296929 0.047293963 0.047484351 0.048515055 0.047420869 0.048956221 0.050383014 0.047538863 0.047957907 0.048969590 0.048021518 0.046393702 0.049150563 0.046002243 0.039463997 0.038848855 0.033731901 0.032696972 0.033120514 0.031713746 0.031269328 0.032283087 0.032440490 0.036329249 0.030970869 0.015585164 0.000000000 0.078396353 
0     0.078143508 0.078640527 0.079593408 0.079004163 0.080054592 0.080177929 0.080175771 0.080363555 0.080050501 0.079244416 0.080305837 0.077976902 0.076395233 0.076327915 0.084965035 0.074507817 0.075129666 0.082514526 0.082572060 0.080995786 0.082137449 0.082297107 0.079819899 0.079805207 0.079835854 0.080058168 0.081503491 0.080817642 0.082057088 0.083929864 0.081121882 0.081709128 0.082050481 0.081489331 0.080739391 0.082668526 0.079500387 0.076607849 0.076080073 0.080435359 0.079563336 0.080033455 0.078541393 0.078030999 0.079480201 0.079344348 0.082771717 0.080704849 0.079964760 0.078396353 0.000000000 
