51
7     0.000000000 0.000056880 0.004681700 0.000057410 0.002974150 0.000367890 0.000340740 0.001040270 0.002102600 0.001476620 0.001292540 0.000994700 0.000141320 0.001544730 0.002252510 0.001681070 0.001334920 0.001165140 0.007614560 0.002389870 0.004784790 0.002533720 0.004050650 0.004881580 0.004541590 0.003919480 0.003370370 0.005504470 0.002603100 0.002907190 0.004312570 0.005629850 0.005070300 0.004067210 0.004239190 0.002615880 0.007083930 0.006087500 0.002672720 0.007600420 0.003977690 0.003571640 0.005135410 0.005352100 0.005387790 0.006678740 0.005637670 0.007236690 0.003780670 0.003946310 0.005671500 
14     0.000056880 0.000000000 0.000015150 0.000000530 0.000014830 0.000315290 0.000604290 0.001354930 0.002942510 0.004320650 0.005104980 0.002916050 0.003433100 0.006070730 0.006071370 0.003299400 0.003164460 0.003451520 0.009549530 0.009415520 0.002865930 0.002866200 0.000973710 0.006065920 0.003630150 0.008723390 0.003149920 0.003187350 0.009745420 0.003202090 0.002538220 0.002552910 0.004811760 0.008968970 0.002680690 0.001168140 0.009088930 0.009175050 0.008393760 0.008102330 0.002232630 0.002648250 0.002812070 0.006068920 0.006104610 0.010868280 0.002560730 0.006903280 0.009360450 0.001466210 0.006185980 
11     0.004681700 0.000015150 0.000000000 0.000232520 0.000000440 0.001292270 0.001688320 0.002995270 0.004951510 0.003703120 0.003835630 0.002607870 0.004937840 0.006263040 0.007305480 0.004872680 0.004141440 0.004428500 0.009314790 0.009535090 0.003842910 0.003843180 0.001950690 0.007768100 0.004607130 0.010085490 0.004126900 0.004164330 0.008476070 0.004179070 0.003515200 0.003529890 0.005788740 0.010884200 0.003657670 0.002145120 0.010614110 0.010573760 0.010546860 0.009515830 0.003461910 0.003625230 0.003789050 0.006055570 0.006091260 0.010854930 0.003537710 0.007880260 0.011115790 0.002443190 0.006609050 
1     0.000057410 0.000000530 0.000232520 0.000000000 0.000154130 0.001050860 0.001588710 0.001355460 0.003400340 0.003330940 0.003463450 0.002235690 0.004832340 0.005470830 0.005471470 0.003755880 0.004035940 0.004323000 0.008942610 0.009162910 0.003737410 0.003737680 0.001845190 0.007395920 0.004501630 0.009713310 0.004021400 0.004058830 0.008103890 0.004073570 0.003409700 0.003424390 0.005683240 0.011097600 0.003552170 0.002039620 0.008955290 0.008914940 0.009544550 0.009410330 0.003356410 0.003519730 0.003683550 0.006525710 0.006561400 0.011325070 0.003432210 0.007774760 0.009998990 0.002337690 0.007079190 
2     0.002974150 0.000014830 0.000000440 0.000154130 0.000000000 0.000040550 0.000711750 0.003612280 0.002345690 0.004361630 0.005543000 0.001670320 0.002299630 0.005011490 0.005012130 0.005418740 0.002889720 0.003176780 0.009412190 0.009365020 0.002591190 0.002591460 0.000698970 0.008937180 0.003355410 0.010461800 0.002875180 0.002912610 0.011512750 0.002927350 0.002263480 0.002278170 0.004537020 0.010877020 0.002405950 0.000893400 0.005099140 0.005133890 0.011156840 0.008264110 0.002210190 0.002373510 0.002537330 0.006055250 0.006090940 0.010018780 0.002285990 0.006628540 0.011661850 0.001191470 0.006608730 
6     0.000367890 0.000315290 0.001292270 0.001050860 0.000040550 0.000000000 0.000004450 0.001081250 0.002213730 0.001949210 0.002600520 0.002763740 0.000640780 0.001603650 0.003712210 0.002586530 0.001393840 0.001224060 0.006919300 0.002448790 0.002599240 0.002599510 0.000707020 0.006870870 0.003363460 0.004811950 0.002883230 0.002920660 0.004853330 0.002935400 0.002271530 0.002286220 0.004545070 0.005113430 0.002414000 0.000901450 0.009735710 0.009242260 0.007943160 0.007688760 0.002218240 0.002381560 0.002545380 0.002365440 0.002401130 0.006644810 0.002294040 0.006636590 0.004826890 0.001199520 0.002918920 
4     0.000340740 0.000604290 0.001688320 0.001588710 0.000711750 0.000004450 0.000000000 0.000789160 0.002217120 0.001952600 0.002603910 0.003518090 0.000522310 0.001607040 0.004699710 0.002360460 0.001397230 0.001227450 0.006850670 0.002452180 0.003270440 0.003270710 0.001378220 0.006668210 0.004034660 0.003585630 0.003554430 0.003591860 0.004826180 0.003606600 0.002485990 0.002957420 0.005009220 0.006313880 0.002805040 0.001572650 0.007511070 0.007761800 0.007874530 0.005723690 0.002834920 0.003052760 0.003216580 0.002296810 0.002332500 0.006617660 0.002965240 0.007071150 0.006506820 0.001870720 0.002850290 
22     0.001040270 0.001354930 0.002995270 0.001355460 0.003612280 0.001081250 0.000789160 0.000000000 0.000123920 0.001345170 0.000883390 0.000001110 0.002302200 0.002112430 0.002048740 0.003652720 0.006148720 0.005978940 0.007890500 0.005205510 0.005761870 0.005553110 0.003691350 0.005178730 0.002688800 0.004139400 0.003802450 0.006446590 0.003301880 0.006287260 0.005797460 0.005812150 0.007034190 0.003449960 0.003501850 0.004427380 0.008613950 0.008120500 0.008998260 0.008455650 0.002585950 0.003955110 0.003209470 0.008495150 0.009211470 0.009732600 0.005819970 0.007286440 0.003163420 0.002903030 0.005054250 
3     0.002102600 0.002942510 0.004951510 0.003400340 0.002345690 0.002213730 0.002217120 0.000123920 0.000000000 0.000065410 0.000193300 0.000056730 0.004129600 0.002426600 0.001879560 0.003587650 0.002737350 0.002567570 0.008209150 0.003792300 0.004916110 0.007009680 0.004300110 0.005048410 0.005587470 0.005966800 0.006817790 0.009348690 0.007741780 0.006938960 0.007313500 0.006696610 0.008050680 0.005277360 0.005298760 0.007700480 0.008761570 0.008268120 0.009184280 0.008659990 0.005187840 0.005782510 0.005002230 0.005865410 0.005901100 0.010055190 0.007989110 0.006817010 0.004990820 0.005156460 0.006032870 
10     0.001476620 0.004320650 0.003703120 0.003330940 0.004361630 0.001949210 0.001952600 0.001345170 0.000065410 0.000000000 0.000043250 0.000008700 0.003910460 0.002194960 0.002314390 0.004265630 0.002472830 0.002303050 0.008341270 0.003527780 0.005922700 0.007319560 0.004152060 0.004816770 0.005355830 0.007141540 0.007527750 0.009111380 0.007633550 0.006707320 0.007016370 0.007636000 0.007753550 0.005445070 0.005001630 0.006343160 0.008464440 0.007970990 0.008556600 0.008362860 0.006362580 0.006957250 0.004770590 0.005817360 0.005853050 0.009823550 0.010294130 0.006585370 0.006165560 0.003610880 0.006370840 
16     0.001292540 0.005104980 0.003835630 0.003463450 0.005543000 0.002600520 0.002603910 0.000883390 0.000193300 0.000043250 0.000000000 0.000136590 0.003963170 0.002247670 0.002367100 0.004638860 0.003124140 0.002954360 0.008736870 0.004179090 0.006574010 0.007372270 0.004204770 0.004869480 0.005408540 0.006015480 0.007580460 0.009253850 0.008483980 0.006760030 0.007158840 0.007778470 0.007896020 0.005326040 0.005144100 0.006159080 0.008606910 0.008113460 0.007986360 0.008505330 0.005236520 0.005831190 0.004823300 0.005945250 0.005980940 0.009876260 0.009214010 0.006638080 0.005039500 0.003743390 0.006498730 
15     0.000994700 0.002916050 0.002607870 0.002235690 0.001670320 0.002763740 0.003518090 0.000001110 0.000056730 0.000008700 0.000136590 0.000000000 0.002970110 0.002553460 0.002071990 0.003780080 0.004038320 0.003868540 0.001520470 0.004616250 0.006099730 0.006221020 0.004359260 0.005688120 0.003537330 0.004807310 0.004650980 0.006723980 0.004150410 0.006738720 0.006074850 0.006089540 0.006987910 0.004117870 0.004235990 0.004704770 0.007698800 0.007205350 0.007845070 0.007597220 0.004028350 0.004623020 0.004058000 0.005808700 0.005844390 0.009731750 0.006097360 0.008134970 0.003831330 0.002515630 0.005722160 
17     0.000141320 0.003433100 0.004937840 0.004832340 0.002299630 0.000640780 0.000522310 0.002302200 0.004129600 0.003910460 0.003963170 0.002970110 0.000000000 0.000776730 0.000713040 0.001193400 0.005270520 0.002039100 0.007682780 0.006019960 0.004839800 0.001462400 0.001990030 0.002872590 0.001601130 0.003968450 0.004325710 0.004862000 0.004053430 0.004175230 0.003670100 0.005212090 0.004427830 0.005273900 0.001865110 0.002594070 0.006106460 0.005882720 0.004123050 0.007041710 0.003515970 0.003811320 0.004892190 0.005120400 0.005401020 0.006036270 0.005223110 0.006165370 0.004987360 0.003041980 0.001126770 
12     0.001544730 0.006070730 0.006263040 0.005470830 0.005011490 0.001603650 0.001607040 0.002112430 0.002426600 0.002194960 0.002247670 0.002553460 0.000776730 0.000000000 0.000001080 0.000445950 0.002030370 0.001860590 0.005458310 0.003085320 0.002476760 0.002689350 0.003472540 0.004156630 0.003667630 0.003059180 0.007966050 0.007773400 0.006292430 0.005404290 0.005593890 0.006001870 0.004389780 0.004107090 0.002846830 0.004001450 0.005975230 0.005995370 0.003101000 0.004176600 0.004461100 0.004471540 0.001064110 0.006682740 0.005286350 0.005105230 0.007610980 0.007042550 0.004797590 0.004963230 0.003919670 
5     0.002252510 0.006071370 0.007305480 0.005471470 0.005012130 0.003712210 0.004699710 0.002048740 0.001879560 0.002314390 0.002367100 0.002071990 0.000713040 0.000001080 0.000000000 0.000501590 0.005980860 0.007070710 0.005555280 0.003923220 0.002242120 0.002747800 0.003554880 0.004253600 0.003764600 0.002824540 0.005414040 0.007734870 0.006057790 0.005169650 0.005639860 0.006259490 0.004472120 0.004068560 0.002929170 0.003766810 0.005740590 0.005760730 0.003183340 0.004258940 0.004558070 0.004568510 0.001146450 0.006741190 0.005368690 0.005187570 0.007669430 0.007161980 0.004733900 0.004899540 0.004629120 
18     0.001681070 0.003299400 0.004872680 0.003755880 0.005418740 0.002586530 0.002360460 0.003652720 0.003587650 0.004265630 0.004638860 0.003780080 0.001193400 0.000445950 0.000501590 0.000000000 0.006195360 0.005120410 0.005925530 0.005925940 0.005726930 0.005909390 0.001264340 0.002870670 0.003314360 0.003553280 0.004756420 0.005311800 0.003989150 0.004293240 0.005148900 0.004277790 0.003944790 0.006312130 0.002401840 0.004001930 0.005964520 0.007337060 0.002656010 0.003731610 0.003545390 0.004533120 0.000619120 0.001371670 0.001407360 0.004660240 0.008329070 0.007920150 0.006055630 0.006497020 0.001925150 
20     0.001334920 0.003164460 0.004141440 0.004035940 0.002889720 0.001393840 0.001397230 0.006148720 0.002737350 0.002472830 0.003124140 0.004038320 0.005270520 0.002030370 0.005980860 0.006195360 0.000000000 0.000026260 0.000274310 0.000274720 0.000298910 0.000298400 0.001966760 0.002385410 0.000955630 0.000311520 0.002824430 0.005051010 0.005444980 0.005065750 0.000327800 0.000328900 0.000378900 0.003359590 0.001078220 0.003031800 0.003420270 0.003474670 0.001344850 0.001090450 0.001878550 0.001880750 0.000399380 0.001090700 0.006009960 0.010773630 0.004426710 0.008769260 0.009387630 0.003332190 0.006527750 
9     0.001165140 0.003451520 0.004428500 0.004323000 0.003176780 0.001224060 0.001227450 0.005978940 0.002567570 0.002303050 0.002954360 0.003868540 0.002039100 0.001860590 0.007070710 0.005120410 0.000026260 0.000000000 0.000024800 0.000025210 0.000585970 0.000010580 0.001673530 0.002092180 0.002114170 0.000018290 0.002531200 0.005338070 0.005151750 0.005087530 0.000034570 0.000035670 0.000085670 0.003066360 0.000784990 0.003318860 0.003127040 0.003181440 0.001051620 0.000797220 0.001585320 0.001587520 0.000106150 0.001385820 0.005716730 0.010480400 0.004713770 0.009056320 0.006737250 0.003619250 0.002794930 
21     0.007614560 0.009549530 0.009314790 0.008942610 0.009412190 0.006919300 0.006850670 0.007890500 0.008209150 0.008341270 0.008736870 0.001520470 0.007682780 0.005458310 0.005555280 0.005925530 0.000274310 0.000024800 0.000000000 0.000000410 0.005427440 0.000033980 0.001696930 0.002115580 0.002137570 0.000041690 0.002554600 0.006189170 0.005175150 0.005110930 0.000057970 0.000059070 0.000109070 0.003089760 0.000808390 0.008933480 0.003150440 0.003204840 0.001075020 0.000820620 0.001608720 0.001610920 0.000129550 0.005704440 0.005740130 0.010503800 0.010949180 0.011748230 0.007016120 0.007181760 0.006257920 
8     0.002389870 0.009415520 0.009535090 0.009162910 0.009365020 0.002448790 0.002452180 0.005205510 0.003792300 0.003527780 0.004179090 0.004616250 0.006019960 0.003085320 0.003923220 0.005925940 0.000274720 0.000025210 0.000000410 0.000000000 0.005690000 0.000034390 0.001697340 0.002115990 0.002137980 0.000042100 0.002555010 0.006189580 0.005175560 0.005111340 0.000058380 0.000059480 0.000109480 0.003090170 0.000808800 0.006190390 0.003150850 0.003205250 0.001075430 0.000821030 0.001609130 0.001611330 0.000129960 0.001892130 0.005740540 0.010504210 0.010902010 0.011677580 0.007402240 0.008196890 0.004507020 
13     0.004784790 0.002865930 0.003842910 0.003737410 0.002591190 0.002599240 0.003270440 0.005761870 0.004916110 0.005922700 0.006574010 0.006099730 0.004839800 0.002476760 0.002242120 0.005726930 0.000298910 0.000585970 0.005427440 0.005690000 0.000000000 0.000000650 0.001639880 0.007228770 0.002273020 0.003143000 0.004715050 0.004752480 0.005091950 0.004767220 0.004103350 0.004118040 0.006376890 0.004405560 0.004245820 0.002733270 0.006059050 0.006079190 0.008181960 0.007825310 0.004050060 0.004213380 0.003550170 0.008785530 0.008427130 0.009922600 0.004128180 0.008470730 0.005747610 0.003033660 0.005223130 
19     0.002533720 0.002866200 0.003843180 0.003737680 0.002591460 0.002599510 0.003270710 0.005553110 0.007009680 0.007319560 0.007372270 0.006221020 0.001462400 0.002689350 0.002747800 0.005909390 0.000298400 0.000010580 0.000033980 0.000034390 0.000000650 0.000000000 0.001680790 0.002099440 0.002121430 0.000025550 0.002538460 0.004752750 0.005159010 0.004767490 0.000041830 0.000042930 0.000092930 0.003073620 0.000792250 0.002733540 0.003134300 0.003188700 0.001058880 0.000804480 0.001592580 0.001594780 0.000113410 0.004627470 0.001465410 0.002021200 0.004128450 0.005352910 0.004678730 0.003033930 0.005027750 
26     0.004050650 0.000973710 0.001950690 0.001845190 0.000698970 0.000707020 0.001378220 0.003691350 0.004300110 0.004152060 0.004204770 0.004359260 0.001990030 0.003472540 0.003554880 0.001264340 0.001966760 0.001673530 0.001696930 0.001697340 0.001639880 0.001680790 0.000000000 0.000111230 0.000178870 0.001687300 0.002226730 0.001820300 0.002988780 0.002278900 0.001615030 0.001629720 0.001754680 0.000152070 0.000806900 0.000244890 0.003895080 0.004204360 0.002720630 0.002466230 0.000847180 0.000850250 0.000153870 0.006210290 0.004468180 0.006713790 0.002235960 0.006266300 0.002816970 0.001141440 0.002934360 
33     0.004881580 0.006065920 0.007768100 0.007395920 0.008937180 0.006870870 0.006668210 0.005178730 0.005048410 0.004816770 0.004869480 0.005688120 0.002872590 0.004156630 0.004253600 0.002870670 0.002385410 0.002092180 0.002115580 0.002115990 0.007228770 0.002099440 0.000111230 0.000000000 0.000001980 0.002105950 0.004277110 0.001976740 0.003481450 0.001083030 0.002043420 0.001364500 0.001564500 0.002471450 0.001689460 0.002418420 0.002464190 0.002773470 0.003139280 0.002403710 0.000977650 0.000991630 0.000531970 0.006473530 0.006787560 0.008101910 0.007401770 0.007198970 0.004857330 0.005732130 0.002812760 
38     0.004541590 0.003630150 0.004607130 0.004501630 0.003355410 0.003363460 0.004034660 0.002688800 0.005587470 0.005355830 0.005408540 0.003537330 0.001601130 0.003667630 0.003764600 0.003314360 0.000955630 0.002114170 0.002137570 0.002137980 0.002273020 0.002121430 0.000178870 0.000001980 0.000000000 0.001965900 0.001530230 0.002005770 0.001029660 0.001112060 0.002072450 0.001393530 0.001593530 0.002240280 0.000418000 0.001146960 0.002493220 0.002802500 0.003161270 0.002432740 0.001006680 0.001020660 0.000561000 0.006447860 0.006556390 0.007000600 0.004892400 0.007173300 0.004880910 0.003797880 0.002545460 
46     0.003919480 0.008723390 0.010085490 0.009713310 0.010461800 0.004811950 0.003585630 0.004139400 0.005966800 0.007141540 0.006015480 0.004807310 0.003968450 0.003059180 0.002824540 0.003553280 0.000311520 0.000018290 0.000041690 0.000042100 0.003143000 0.000025550 0.001687300 0.002105950 0.001965900 0.000000000 0.000114590 0.000259620 0.000112020 0.000414700 0.000037320 0.000038420 0.000088420 0.001625000 0.000787740 0.002849400 0.003129790 0.003184190 0.001054370 0.000799970 0.001588070 0.001590270 0.000108900 0.005694970 0.005730660 0.007047400 0.001826010 0.002698830 0.003265020 0.003430660 0.005155850 
32     0.003370370 0.003149920 0.004126900 0.004021400 0.002875180 0.002883230 0.003554430 0.003802450 0.006817790 0.007527750 0.007580460 0.004650980 0.004325710 0.007966050 0.005414040 0.004756420 0.002824430 0.002531200 0.002554600 0.002555010 0.004715050 0.002538460 0.002226730 0.004277110 0.001530230 0.000114590 0.000000000 0.000037770 0.000468260 0.000052510 0.000934060 0.001012180 0.001954940 0.004249450 0.003179980 0.001597790 0.005561480 0.005479470 0.002065430 0.003231660 0.002076310 0.001907600 0.002540590 0.006253830 0.006153990 0.007169700 0.004412170 0.008754720 0.006012920 0.003317650 0.005938100 
43     0.005504470 0.003187350 0.004164330 0.004058830 0.002912610 0.002920660 0.003591860 0.006446590 0.009348690 0.009111380 0.009253850 0.006723980 0.004862000 0.007773400 0.007734870 0.005311800 0.005051010 0.005338070 0.006189170 0.006189580 0.004752480 0.004752750 0.001820300 0.001976740 0.002005770 0.000259620 0.000037770 0.000000000 0.000011800 0.000002000 0.001733500 0.001396860 0.001596860 0.001675810 0.001523550 0.000924460 0.003389590 0.002892270 0.002507460 0.002418380 0.001903050 0.001917030 0.000776020 0.006790120 0.005265520 0.007705990 0.004449600 0.008792150 0.007595150 0.003355080 0.001398050 
27     0.002603100 0.009745420 0.008476070 0.008103890 0.011512750 0.004853330 0.004826180 0.003301880 0.007741780 0.007633550 0.008483980 0.004150410 0.004053430 0.006292430 0.006057790 0.003989150 0.005444980 0.005151750 0.005175150 0.005175560 0.005091950 0.005159010 0.002988780 0.003481450 0.001029660 0.000112020 0.000468260 0.000011800 0.000000000 0.000009800 0.001116290 0.001687640 0.001484110 0.003061380 0.002679410 0.000830520 0.005370620 0.005679900 0.001298160 0.005310140 0.003000300 0.001786280 0.002387030 0.006172910 0.001099740 0.007088780 0.007456290 0.008274500 0.005801480 0.004898230 0.002293870 
47     0.002907190 0.003202090 0.004179070 0.004073570 0.002927350 0.002935400 0.003606600 0.006287260 0.006938960 0.006707320 0.006760030 0.006738720 0.004175230 0.005404290 0.005169650 0.004293240 0.005065750 0.005087530 0.005110930 0.005111340 0.004767220 0.004767490 0.002278900 0.001083030 0.001112060 0.000414700 0.000052510 0.000002000 0.000009800 0.000000000 0.001046730 0.000503150 0.000703150 0.002564970 0.001810400 0.001134610 0.002495880 0.002805160 0.001602250 0.002435400 0.001009340 0.001023320 0.000563660 0.006103350 0.001262240 0.007019220 0.004464340 0.008806890 0.006149800 0.003369820 0.001739760 
37     0.004312570 0.002538220 0.003515200 0.003409700 0.002263480 0.002271530 0.002485990 0.005797460 0.007313500 0.007016370 0.007158840 0.006074850 0.003670100 0.005593890 0.005639860 0.005148900 0.000327800 0.000034570 0.000057970 0.000058380 0.004103350 0.000041830 0.001615030 0.002043420 0.002072450 0.000037320 0.000934060 0.001733500 0.001116290 0.001046730 0.000000000 0.000001160 0.000052280 0.001166120 0.000804020 0.001809460 0.003146070 0.003200470 0.001070650 0.000816250 0.001604350 0.001606550 0.000125180 0.005598220 0.005746940 0.006514090 0.003800470 0.006155590 0.006403250 0.002705950 0.003470400 
48     0.005629850 0.002552910 0.003529890 0.003424390 0.002278170 0.002286220 0.002957420 0.005812150 0.006696610 0.007636000 0.007778470 0.006089540 0.005212090 0.006001870 0.006259490 0.004277790 0.000328900 0.000035670 0.000059070 0.000059480 0.004118040 0.000042930 0.001629720 0.001364500 0.001393530 0.000038420 0.001012180 0.001396860 0.001687640 0.000503150 0.000001160 0.000000000 0.000010860 0.003086490 0.000805120 0.001824150 0.002777350 0.003086630 0.001071750 0.000817350 0.001290810 0.001304790 0.000126280 0.005712350 0.005748040 0.010511710 0.003815160 0.008049030 0.008555170 0.002720640 0.004370250 
25     0.005070300 0.004811760 0.005788740 0.005683240 0.004537020 0.004545070 0.005009220 0.007034190 0.008050680 0.007753550 0.007896020 0.006987910 0.004427830 0.004389780 0.004472120 0.003944790 0.000378900 0.000085670 0.000109070 0.000109480 0.006376890 0.000092930 0.001754680 0.001564500 0.001593530 0.000088420 0.001954940 0.001596860 0.001484110 0.000703150 0.000052280 0.000010860 0.000000000 0.003136490 0.000855120 0.003822860 0.002977350 0.003251570 0.001121750 0.000867350 0.001490810 0.001504790 0.000176280 0.005762350 0.005798040 0.007271820 0.004722260 0.005923370 0.007160980 0.004979490 0.003425660 
31     0.004067210 0.008968970 0.010884200 0.011097600 0.010877020 0.005113430 0.006313880 0.003449960 0.005277360 0.005445070 0.005326040 0.004117870 0.005273900 0.004107090 0.004068560 0.006312130 0.003359590 0.003066360 0.003089760 0.003090170 0.004405560 0.003073620 0.000152070 0.002471450 0.002240280 0.001625000 0.004249450 0.001675810 0.003061380 0.002564970 0.001166120 0.003086490 0.003136490 0.000000000 0.002047020 0.003564300 0.005356130 0.004975580 0.003449880 0.003848040 0.000701270 0.000704340 0.000007960 0.008743040 0.004323690 0.008697780 0.006860230 0.009697960 0.002575580 0.002741220 0.004466410 
35     0.004239190 0.002680690 0.003657670 0.003552170 0.002405950 0.002414000 0.002805040 0.003501850 0.005298760 0.005001630 0.005144100 0.004235990 0.001865110 0.002846830 0.002929170 0.002401840 0.001078220 0.000784990 0.000808390 0.000808800 0.004245820 0.000792250 0.000806900 0.001689460 0.000418000 0.000787740 0.003179980 0.001523550 0.002679410 0.001810400 0.000804020 0.000805120 0.000855120 0.002047020 0.000000000 0.000298690 0.000941430 0.000681150 0.000267130 0.000012730 0.000195920 0.000359240 0.000702100 0.006461670 0.006269200 0.006088080 0.003942940 0.008285490 0.006926090 0.002848420 0.002809440 
36     0.002615880 0.001168140 0.002145120 0.002039620 0.000893400 0.000901450 0.001572650 0.004427380 0.007700480 0.006343160 0.006159080 0.004704770 0.002594070 0.004001450 0.003766810 0.004001930 0.003031800 0.003318860 0.008933480 0.006190390 0.002733270 0.002733540 0.000244890 0.002418420 0.001146960 0.002849400 0.001597790 0.000924460 0.000830520 0.001134610 0.001809460 0.001824150 0.003822860 0.003564300 0.000298690 0.000000000 0.001137100 0.000354580 0.000496890 0.000073370 0.001461680 0.001010380 0.000149020 0.009712080 0.009027470 0.011102080 0.002430390 0.006772940 0.008055680 0.001335870 0.003538400 
29     0.007083930 0.009088930 0.010614110 0.008955290 0.005099140 0.009735710 0.007511070 0.008613950 0.008761570 0.008464440 0.008606910 0.007698800 0.006106460 0.005975230 0.005740590 0.005964520 0.003420270 0.003127040 0.003150440 0.003150850 0.006059050 0.003134300 0.003895080 0.002464190 0.002493220 0.003129790 0.005561480 0.003389590 0.005370620 0.002495880 0.003146070 0.002777350 0.002977350 0.005356130 0.000941430 0.001137100 0.000000000 0.000015620 0.000058660 0.000119940 0.002362180 0.002376160 0.001932500 0.008803720 0.008839410 0.010289970 0.011350600 0.012216640 0.008858180 0.007954930 0.009357200 
28     0.006087500 0.009175050 0.010573760 0.008914940 0.005133890 0.009242260 0.007761800 0.008120500 0.008268120 0.007970990 0.008113460 0.007205350 0.005882720 0.005995370 0.005760730 0.007337060 0.003474670 0.003181440 0.003204840 0.003205250 0.006079190 0.003188700 0.004204360 0.002773470 0.002802500 0.003184190 0.005479470 0.002892270 0.005679900 0.002805160 0.003200470 0.003086630 0.003251570 0.004975580 0.000681150 0.000354580 0.000015620 0.000000000 0.000162100 0.000052890 0.002671460 0.002685440 0.001278160 0.008858120 0.008893810 0.011113040 0.011067720 0.012223880 0.010137680 0.009379790 0.009411600 
49     0.002672720 0.008393760 0.010546860 0.009544550 0.011156840 0.007943160 0.007874530 0.008998260 0.009184280 0.008556600 0.007986360 0.007845070 0.004123050 0.003101000 0.003183340 0.002656010 0.001344850 0.001051620 0.001075020 0.001075430 0.008181960 0.001058880 0.002720630 0.003139280 0.003161270 0.001054370 0.002065430 0.002507460 0.001298160 0.001602250 0.001070650 0.001071750 0.001121750 0.003449880 0.000267130 0.000496890 0.000058660 0.000162100 0.000000000 0.000258200 0.002447900 0.000996690 0.000325390 0.006728300 0.006523370 0.006342250 0.010011080 0.011214110 0.009234100 0.009325900 0.006903780 
30     0.007600420 0.008102330 0.009515830 0.009410330 0.008264110 0.007688760 0.005723690 0.008455650 0.008659990 0.008362860 0.008505330 0.007597220 0.007041710 0.004176600 0.004258940 0.003731610 0.001090450 0.000797220 0.000820620 0.000821030 0.007825310 0.000804480 0.002466230 0.002403710 0.002432740 0.000799970 0.003231660 0.002418380 0.005310140 0.002435400 0.000816250 0.000817350 0.000867350 0.003848040 0.000012730 0.000073370 0.000119940 0.000052890 0.000258200 0.000000000 0.002193500 0.002195700 0.000575970 0.006473900 0.006509590 0.007417850 0.009801100 0.012289710 0.009759780 0.008706580 0.007027380 
39     0.003977690 0.002232630 0.003461910 0.003356410 0.002210190 0.002218240 0.002834920 0.002585950 0.005187840 0.006362580 0.005236520 0.004028350 0.003515970 0.004461100 0.004558070 0.003545390 0.001878550 0.001585320 0.001608720 0.001609130 0.004050060 0.001592580 0.000847180 0.000977650 0.001006680 0.001588070 0.002076310 0.001903050 0.003000300 0.001009340 0.001604350 0.001290810 0.001490810 0.000701270 0.000195920 0.001461680 0.002362180 0.002671460 0.002447900 0.002193500 0.000000000 0.000002200 0.000445960 0.007262000 0.005018800 0.008511700 0.003747180 0.008089730 0.002486060 0.002651700 0.004376890 
24     0.003571640 0.002648250 0.003625230 0.003519730 0.002373510 0.002381560 0.003052760 0.003955110 0.005782510 0.006957250 0.005831190 0.004623020 0.003811320 0.004471540 0.004568510 0.004533120 0.001880750 0.001587520 0.001610920 0.001611330 0.004213380 0.001594780 0.000850250 0.000991630 0.001020660 0.001590270 0.001907600 0.001917030 0.001786280 0.001023320 0.001606550 0.001304790 0.001504790 0.000704340 0.000359240 0.001010380 0.002376160 0.002685440 0.000996690 0.002195700 0.000002200 0.000000000 0.000459940 0.007264200 0.005021870 0.008219360 0.003910500 0.008140700 0.003080730 0.002815980 0.003032430 
40     0.005135410 0.002812070 0.003789050 0.003683550 0.002537330 0.002545380 0.003216580 0.003209470 0.005002230 0.004770590 0.004823300 0.004058000 0.004892190 0.001064110 0.001146450 0.000619120 0.000399380 0.000106150 0.000129550 0.000129960 0.003550170 0.000113410 0.000153870 0.000531970 0.000561000 0.000108900 0.002540590 0.000776020 0.002387030 0.000563660 0.000125180 0.000126280 0.000176280 0.000007960 0.000702100 0.000149020 0.001932500 0.001278160 0.000325390 0.000575970 0.000445960 0.000459940 0.000000000 0.005782830 0.004325490 0.004305360 0.004074320 0.008182090 0.006110880 0.002979800 0.004866890 
44     0.005352100 0.006068920 0.006055570 0.006525710 0.006055250 0.002365440 0.002296810 0.008495150 0.005865410 0.005817360 0.005945250 0.005808700 0.005120400 0.006682740 0.006741190 0.001371670 0.001090700 0.001385820 0.005704440 0.001892130 0.008785530 0.004627470 0.006210290 0.006473530 0.006447860 0.005694970 0.006253830 0.006790120 0.006172910 0.006103350 0.005598220 0.005712350 0.005762350 0.008743040 0.006461670 0.009712080 0.008803720 0.008858120 0.006728300 0.006473900 0.007262000 0.007264200 0.005782830 0.000000000 0.000035950 0.000616240 0.000666210 0.000597660 0.001064770 0.001039950 0.001704060 
23     0.005387790 0.006104610 0.006091260 0.006561400 0.006090940 0.002401130 0.002332500 0.009211470 0.005901100 0.005853050 0.005980940 0.005844390 0.005401020 0.005286350 0.005368690 0.001407360 0.006009960 0.005716730 0.005740130 0.005740540 0.008427130 0.001465410 0.004468180 0.006787560 0.006556390 0.005730660 0.006153990 0.005265520 0.001099740 0.001262240 0.005746940 0.005748040 0.005798040 0.004323690 0.006269200 0.009027470 0.008839410 0.008893810 0.006523370 0.006509590 0.005018800 0.005021870 0.004325490 0.000035950 0.000000000 0.000103370 0.000685370 0.000995820 0.002253410 0.002228590 0.001739750 
42     0.006678740 0.010868280 0.010854930 0.011325070 0.010018780 0.006644810 0.006617660 0.009732600 0.010055190 0.009823550 0.009876260 0.009731750 0.006036270 0.005105230 0.005187570 0.004660240 0.010773630 0.010480400 0.010503800 0.010504210 0.009922600 0.002021200 0.006713790 0.008101910 0.007000600 0.007047400 0.007169700 0.007705990 0.007088780 0.007019220 0.006514090 0.010511710 0.007271820 0.008697780 0.006088080 0.011102080 0.010289970 0.011113040 0.006342250 0.007417850 0.008511700 0.008219360 0.004305360 0.000616240 0.000103370 0.000000000 0.000626320 0.000557770 0.001980640 0.001955820 0.006503420 
41     0.005637670 0.002560730 0.003537710 0.003432210 0.002285990 0.002294040 0.002965240 0.005819970 0.007989110 0.010294130 0.009214010 0.006097360 0.005223110 0.007610980 0.007669430 0.008329070 0.004426710 0.004713770 0.010949180 0.010902010 0.004128180 0.004128450 0.002235960 0.007401770 0.004892400 0.001826010 0.004412170 0.004449600 0.007456290 0.004464340 0.003800470 0.003815160 0.004722260 0.006860230 0.003942940 0.002430390 0.011350600 0.011067720 0.010011080 0.009801100 0.003747180 0.003910500 0.004074320 0.000666210 0.000685370 0.000626320 0.000000000 0.000093290 0.000810660 0.001936600 0.007034260 
50     0.007236690 0.006903280 0.007880260 0.007774760 0.006628540 0.006636590 0.007071150 0.007286440 0.006817010 0.006585370 0.006638080 0.008134970 0.006165370 0.007042550 0.007161980 0.007920150 0.008769260 0.009056320 0.011748230 0.011677580 0.008470730 0.005352910 0.006266300 0.007198970 0.007173300 0.002698830 0.008754720 0.008792150 0.008274500 0.008806890 0.006155590 0.008049030 0.005923370 0.009697960 0.008285490 0.006772940 0.012216640 0.012223880 0.011214110 0.012289710 0.008089730 0.008140700 0.008182090 0.000597660 0.000995820 0.000557770 0.000093290 0.000000000 0.000111010 0.002663920 0.011186400 
45     0.003780670 0.009360450 0.011115790 0.009998990 0.011661850 0.004826890 0.006506820 0.003163420 0.004990820 0.006165560 0.005039500 0.003831330 0.004987360 0.004797590 0.004733900 0.006055630 0.009387630 0.006737250 0.007016120 0.007402240 0.005747610 0.004678730 0.002816970 0.004857330 0.004880910 0.003265020 0.006012920 0.007595150 0.005801480 0.006149800 0.006403250 0.008555170 0.007160980 0.002575580 0.006926090 0.008055680 0.008858180 0.010137680 0.009234100 0.009759780 0.002486060 0.003080730 0.006110880 0.001064770 0.002253410 0.001980640 0.000810660 0.000111010 0.000000000 0.000093080 0.004179870 
34     0.003946310 0.001466210 0.002443190 0.002337690 0.001191470 0.001199520 0.001870720 0.002903030 0.005156460 0.003610880 0.003743390 0.002515630 0.003041980 0.004963230 0.004899540 0.006497020 0.003332190 0.003619250 0.007181760 0.008196890 0.003033660 0.003033930 0.001141440 0.005732130 0.003797880 0.003430660 0.003317650 0.003355080 0.004898230 0.003369820 0.002705950 0.002720640 0.004979490 0.002741220 0.002848420 0.001335870 0.007954930 0.009379790 0.009325900 0.008706580 0.002651700 0.002815980 0.002979800 0.001039950 0.002228590 0.001955820 0.001936600 0.002663920 0.000093080 0.000000000 0.003744470 
0     0.005671500 0.006185980 0.006609050 0.007079190 0.006608730 0.002918920 0.002850290 0.005054250 0.006032870 0.006370840 0.006498730 0.005722160 0.001126770 0.003919670 0.004629120 0.001925150 0.006527750 0.002794930 0.006257920 0.004507020 0.005223130 0.005027750 0.002934360 0.002812760 0.002545460 0.005155850 0.005938100 0.001398050 0.002293870 0.001739760 0.003470400 0.004370250 0.003425660 0.004466410 0.002809440 0.003538400 0.009357200 0.009411600 0.006903780 0.007027380 0.004376890 0.003032430 0.004866890 0.001704060 0.001739750 0.006503420 0.007034260 0.011186400 0.004179870 0.003744470 0.000000000 
