51
1     0.000000000 0.001044615 0.010866694 0.011447055 0.011594415 0.010247420 0.010722072 0.009792567 0.009711799 0.012285768 0.013550745 0.011463397 0.009216400 0.009217600 0.008910183 0.012000379 0.010816071 0.011334776 0.009840139 0.011262080 0.010502957 0.011079631 0.010819219 0.012226723 0.014942378 0.010302157 0.009687845 0.010241438 0.010100486 0.009868018 0.010129186 0.009976686 0.009944110 0.010630923 0.010394918 0.010125709 0.010424810 0.010338572 0.011604709 0.011440197 0.010953045 0.010220442 0.011259547 0.009822474 0.008681005 0.008393940 0.015803564 0.011365171 0.011041871 0.009749375 0.012356869 
6     0.001044615 0.000000000 0.010902819 0.011481559 0.011628056 0.010258030 0.010718029 0.009819840 0.009723075 0.012245239 0.013571257 0.011495795 0.009244740 0.009247715 0.008933933 0.011992071 0.010796452 0.011324304 0.009842077 0.011264615 0.010501667 0.011062564 0.010811886 0.012237015 0.014961373 0.010319345 0.009710131 0.010247467 0.010094782 0.009882864 0.010137873 0.009994561 0.009961985 0.010624679 0.010389490 0.010119576 0.010446020 0.010352892 0.011602161 0.011439362 0.010958246 0.010210142 0.011257961 0.009833340 0.008697906 0.008401006 0.015806857 0.011363687 0.011036643 0.009738012 0.012378958 
11     0.010866694 0.010902819 0.000000000 0.005352781 0.005418148 0.008312477 0.008667103 0.007680362 0.007608150 0.010791808 0.015230390 0.013069405 0.010904243 0.010931542 0.010623947 0.013725756 0.012457753 0.012984500 0.011447916 0.012744841 0.012190561 0.012805754 0.012544283 0.013911390 0.016557786 0.012136111 0.011532075 0.011875129 0.011717312 0.011510793 0.011649950 0.011577224 0.011547862 0.012378057 0.012183961 0.011753261 0.012187681 0.012166205 0.013354609 0.013180434 0.012636001 0.011939596 0.013015059 0.011558895 0.010278133 0.009908241 0.017387565 0.012911005 0.012478526 0.011324915 0.013894960 
15     0.011447055 0.011481559 0.005352781 0.000000000 0.004609789 0.008732909 0.009084813 0.008180670 0.008035609 0.011116733 0.015859572 0.013711931 0.011525032 0.011549561 0.011246678 0.014290986 0.013048525 0.013575265 0.012079660 0.013352137 0.012830372 0.013448917 0.013185083 0.014496693 0.017108546 0.012645860 0.012055267 0.012469574 0.012328737 0.012151404 0.012194166 0.012148856 0.012119515 0.012929783 0.012732761 0.012360296 0.012795394 0.012737559 0.013969350 0.013708588 0.013203097 0.012550826 0.013600904 0.012131167 0.010831782 0.010505272 0.017940839 0.013475092 0.013119365 0.011943536 0.014391000 
16     0.011594415 0.011628056 0.005418148 0.004609789 0.000000000 0.008849571 0.009199251 0.008262712 0.008149701 0.011344192 0.016001180 0.013840747 0.011618180 0.011652090 0.011358929 0.014395189 0.013179317 0.013721226 0.012205867 0.013545667 0.012918078 0.013500540 0.013235851 0.014596241 0.017220342 0.012742985 0.012172637 0.012575400 0.012418119 0.012217709 0.012359988 0.012223464 0.012192329 0.013059261 0.012855301 0.012492578 0.012885747 0.012872047 0.014047247 0.013906742 0.013376525 0.012686280 0.013748990 0.012237754 0.010944096 0.010655899 0.018091360 0.013652639 0.013256805 0.012084922 0.014600422 
18     0.010247420 0.010258030 0.008312477 0.008732909 0.008849571 0.000000000 0.005607031 0.004963476 0.004924571 0.010087835 0.014504351 0.012430938 0.010266410 0.010287869 0.009954383 0.012925242 0.011637882 0.012183312 0.010846751 0.012260024 0.011273047 0.011924641 0.011686406 0.012967556 0.015638386 0.011224706 0.010692497 0.011038261 0.010899787 0.010675540 0.010950957 0.010975496 0.010933302 0.011554919 0.011343222 0.010921363 0.011338100 0.011296702 0.012500978 0.012255849 0.011827249 0.011107186 0.012221354 0.010753687 0.009493972 0.009204515 0.016599409 0.012082458 0.011680041 0.010555326 0.013056187 
20     0.010722072 0.010718029 0.008667103 0.009084813 0.009199251 0.005607031 0.000000000 0.005334076 0.005324299 0.010494514 0.015198000 0.013163261 0.010954996 0.010963434 0.010624967 0.013481158 0.012290959 0.012794055 0.011378326 0.012798553 0.012104447 0.012656980 0.012401033 0.013700192 0.016401925 0.011979914 0.011369793 0.011724066 0.011605817 0.011444040 0.011623954 0.011534644 0.011494858 0.012228365 0.011999306 0.011618386 0.012012497 0.011935058 0.013173838 0.012908400 0.012454295 0.011793000 0.012859606 0.011442396 0.010088853 0.009829794 0.017349832 0.012902509 0.012545649 0.011405115 0.013734433 
14     0.009792567 0.009819840 0.007680362 0.008180670 0.008262712 0.004963476 0.005334076 0.000000000 0.001626071 0.009552052 0.014119891 0.012108821 0.009844306 0.009894757 0.009562685 0.012575117 0.011294143 0.011818923 0.010364352 0.011834166 0.010956099 0.011525538 0.011276999 0.012559132 0.015254166 0.010757213 0.010191276 0.010622259 0.010487379 0.010280613 0.010547506 0.010469230 0.010424587 0.011187756 0.010952729 0.010523359 0.010970767 0.010855707 0.012135255 0.011808965 0.011370840 0.010693922 0.011722964 0.010361760 0.009035081 0.008873353 0.016321556 0.011809223 0.011463319 0.010303128 0.012703761 
2     0.009711799 0.009723075 0.007608150 0.008035609 0.008149701 0.004924571 0.005324299 0.001626071 0.000000000 0.009544407 0.014036297 0.011981280 0.009793475 0.009822190 0.009491345 0.012492641 0.011227614 0.011765398 0.010256608 0.011725669 0.010965938 0.011505729 0.011253768 0.012536973 0.015192898 0.010739762 0.010169393 0.010577170 0.010442290 0.010221781 0.010481994 0.010403507 0.010358228 0.011111970 0.010883788 0.010448140 0.010927815 0.010826706 0.012046901 0.011749755 0.011316556 0.010623854 0.011671483 0.010295777 0.008985578 0.008819832 0.016312545 0.011756600 0.011341446 0.010229516 0.012637133 
8     0.012285768 0.012245239 0.010791808 0.011116733 0.011344192 0.010087835 0.010494514 0.009552052 0.009544407 0.000000000 0.016754430 0.014667402 0.012415019 0.012415699 0.012139415 0.015168300 0.013891118 0.014367544 0.012965561 0.014393733 0.013738410 0.014302090 0.014055775 0.015405656 0.018076051 0.013582179 0.012935091 0.013437610 0.013280029 0.013056435 0.013230745 0.013138807 0.013100204 0.013787607 0.013567389 0.013142107 0.013664512 0.013682886 0.014884215 0.014590917 0.014213879 0.013545754 0.014598336 0.013154427 0.011816165 0.011609920 0.018973838 0.014579511 0.014136932 0.012867485 0.015241210 
12     0.013550745 0.013571257 0.015230390 0.015859572 0.016001180 0.014504351 0.015198000 0.014119891 0.014036297 0.016754430 0.000000000 0.009871364 0.010075601 0.010108240 0.009767517 0.013710698 0.012431536 0.012879330 0.012161320 0.013480425 0.013521269 0.014054186 0.013793071 0.015120759 0.017800267 0.013464200 0.012777677 0.013232315 0.013131974 0.012849392 0.013073351 0.013015612 0.012984184 0.013773843 0.013545537 0.013210040 0.013379210 0.013303457 0.014629700 0.014345592 0.013882472 0.013178727 0.014325044 0.012906381 0.011711835 0.011213460 0.018716764 0.014326589 0.013881191 0.012815565 0.015117453 
4     0.011463397 0.011495795 0.013069405 0.013711931 0.013840747 0.012430938 0.013163261 0.012108821 0.011981280 0.014667402 0.009871364 0.000000000 0.007968102 0.008023515 0.007619807 0.011466314 0.010172484 0.010633675 0.009960800 0.011272099 0.011422287 0.011991957 0.011763152 0.013080081 0.015698739 0.011396064 0.010690616 0.011194004 0.011080827 0.010734022 0.011079460 0.010931449 0.010909584 0.011643765 0.011375997 0.011107065 0.011213623 0.011235769 0.012485930 0.012262603 0.011761726 0.011212262 0.012207706 0.010698006 0.009567903 0.009182088 0.016593196 0.012107786 0.011773393 0.010722084 0.012926086 
5     0.009216400 0.009244740 0.010904243 0.011525032 0.011618180 0.010266410 0.010954996 0.009844306 0.009793475 0.012415019 0.010075601 0.007968102 0.000000000 0.001368080 0.001579023 0.009133922 0.007898923 0.008334509 0.007646614 0.008992782 0.009082379 0.009559232 0.009290360 0.010675916 0.013406923 0.008769600 0.008193465 0.008736499 0.008603313 0.008225645 0.008719573 0.008571928 0.008536185 0.009286673 0.009076140 0.008729368 0.008948831 0.008925950 0.010183163 0.009923054 0.009507568 0.008868712 0.009924454 0.008338073 0.007206932 0.006792945 0.014232564 0.009841558 0.009507354 0.008402545 0.010664177 
10     0.009217600 0.009247715 0.010931542 0.011549561 0.011652090 0.010287869 0.010963434 0.009894757 0.009822190 0.012415699 0.010108240 0.008023515 0.001368080 0.000000000 0.001625205 0.009180732 0.007945130 0.008377803 0.007704548 0.009051594 0.009102674 0.009552549 0.009285716 0.010696384 0.013430965 0.008808588 0.008202978 0.008738107 0.008605034 0.008225709 0.008719013 0.008566456 0.008531189 0.009284025 0.009066333 0.008722990 0.008945373 0.008947264 0.010178656 0.009943473 0.009536145 0.008892647 0.009935402 0.008364691 0.007223168 0.006816523 0.014230867 0.009840503 0.009517606 0.008391706 0.010702197 
7     0.008910183 0.008933933 0.010623947 0.011246678 0.011358929 0.009954383 0.010624967 0.009562685 0.009491345 0.012139415 0.009767517 0.007619807 0.001579023 0.001625205 0.000000000 0.008793188 0.007572911 0.007970041 0.007400878 0.008777386 0.008789400 0.009257769 0.008984931 0.010405321 0.013128952 0.008522922 0.007916327 0.008439081 0.008308945 0.007927065 0.008446398 0.008320350 0.008284681 0.008998731 0.008782714 0.008446550 0.008668078 0.008652613 0.009902881 0.009626078 0.009198342 0.008592685 0.009644752 0.008034654 0.006917877 0.006497579 0.013966696 0.009576039 0.009246883 0.008105673 0.010317499 
17     0.012000379 0.011992071 0.013725756 0.014290986 0.014395189 0.012925242 0.013481158 0.012575117 0.012492641 0.015168300 0.013710698 0.011466314 0.009133922 0.009180732 0.008793188 0.000000000 0.006364687 0.006908123 0.010483703 0.011805881 0.011945173 0.012451715 0.012217267 0.013620414 0.016212653 0.011637093 0.010956921 0.011510292 0.011342063 0.010929184 0.011471930 0.011413798 0.011377938 0.012121437 0.011879208 0.011512396 0.011893371 0.011749890 0.012919072 0.012802098 0.012391469 0.011728512 0.012800516 0.011031446 0.009997036 0.009734649 0.017098032 0.012650967 0.012298885 0.011162067 0.013417593 
3     0.010816071 0.010796452 0.012457753 0.013048525 0.013179317 0.011637882 0.012290959 0.011294143 0.011227614 0.013891118 0.012431536 0.010172484 0.007898923 0.007945130 0.007572911 0.006364687 0.000000000 0.004303403 0.009357869 0.010583254 0.010725304 0.011245198 0.010982412 0.012343180 0.015034130 0.010545318 0.009888718 0.010343440 0.010188966 0.009843958 0.010360659 0.010261746 0.010224947 0.010932743 0.010665867 0.010319277 0.010608454 0.010587039 0.011767859 0.011600641 0.011182004 0.010631615 0.011666521 0.009955988 0.008788561 0.008571965 0.015936449 0.011386721 0.011061731 0.009879517 0.012199590 
13     0.011334776 0.011324304 0.012984500 0.013575265 0.013721226 0.012183312 0.012794055 0.011818923 0.011765398 0.014367544 0.012879330 0.010633675 0.008334509 0.008377803 0.007970041 0.006908123 0.004303403 0.000000000 0.009715241 0.010981685 0.011211614 0.011717618 0.011477905 0.012807314 0.015505608 0.010936795 0.010254993 0.010789112 0.010628315 0.010256747 0.010732909 0.010632358 0.010595381 0.011445204 0.011161669 0.010779120 0.011027545 0.011012687 0.012232838 0.012015392 0.011651820 0.011053556 0.012089793 0.010432402 0.009276173 0.008968704 0.016273900 0.011742404 0.011437232 0.010291502 0.012665031 
19     0.009840139 0.009842077 0.011447916 0.012079660 0.012205867 0.010846751 0.011378326 0.010364352 0.010256608 0.012965561 0.012161320 0.009960800 0.007646614 0.007704548 0.007400878 0.010483703 0.009357869 0.009715241 0.000000000 0.007058216 0.009678817 0.010166561 0.009935079 0.011361635 0.014055157 0.009581362 0.008829623 0.009325430 0.009218278 0.008870426 0.009200444 0.009038581 0.009018750 0.009930376 0.009662853 0.009381576 0.009643584 0.009567845 0.010841912 0.010571780 0.010194169 0.009591830 0.010614603 0.008845883 0.007744687 0.007564653 0.015015392 0.010576713 0.010143137 0.009018847 0.011356378 
9     0.011262080 0.011264615 0.012744841 0.013352137 0.013545667 0.012260024 0.012798553 0.011834166 0.011725669 0.014393733 0.013480425 0.011272099 0.008992782 0.009051594 0.008777386 0.011805881 0.010583254 0.010981685 0.007058216 0.000000000 0.011131477 0.011691724 0.011435501 0.012670141 0.015429188 0.010882234 0.010174082 0.010724706 0.010605990 0.010220933 0.010487220 0.010509482 0.010487175 0.011221526 0.010978245 0.010611841 0.011029223 0.010900972 0.012164292 0.011943168 0.011555292 0.010884495 0.011918127 0.010272265 0.009099923 0.008912567 0.016320602 0.011834240 0.011477307 0.010350017 0.012621008 
23     0.010502957 0.010501667 0.012190561 0.012830372 0.012918078 0.011273047 0.012104447 0.010956099 0.010965938 0.013738410 0.013521269 0.011422287 0.009082379 0.009102674 0.008789400 0.011945173 0.010725304 0.011211614 0.009678817 0.011131477 0.000000000 0.004762693 0.004557552 0.007913508 0.010688023 0.007151638 0.006511303 0.006700964 0.006589433 0.006338876 0.008126958 0.008011250 0.007971573 0.008874099 0.008611044 0.008315429 0.008498408 0.008503123 0.009779679 0.009600673 0.009095100 0.008292596 0.009396526 0.007840870 0.006732701 0.007074448 0.014629940 0.010140085 0.009897982 0.008560955 0.012141967 
24     0.011079631 0.011062564 0.012805754 0.013448917 0.013500540 0.011924641 0.012656980 0.011525538 0.011505729 0.014302090 0.014054186 0.011991957 0.009559232 0.009552549 0.009257769 0.012451715 0.011245198 0.011717618 0.010166561 0.011691724 0.004762693 0.000000000 0.001757441 0.008482027 0.011190002 0.007548431 0.006915086 0.007240979 0.007138143 0.006848411 0.008598957 0.008492116 0.008455690 0.009367231 0.009093509 0.008778142 0.009024204 0.009005563 0.010235414 0.010018812 0.009507935 0.008870145 0.009873389 0.008407812 0.007260663 0.007623265 0.015108661 0.010573482 0.010395167 0.009056200 0.012619497 
25     0.010819219 0.010811886 0.012544283 0.013185083 0.013235851 0.011686406 0.012401033 0.011276999 0.011253768 0.014055775 0.013793071 0.011763152 0.009290360 0.009285716 0.008984931 0.012217267 0.010982412 0.011477905 0.009935079 0.011435501 0.004557552 0.001757441 0.000000000 0.008301100 0.011005008 0.007343962 0.006705094 0.007040358 0.006938005 0.006642760 0.008367837 0.008270337 0.008231654 0.009145791 0.008875322 0.008551575 0.008824990 0.008779028 0.010007467 0.009786809 0.009285494 0.008646502 0.009677329 0.008164292 0.006999648 0.007403478 0.014864158 0.010341480 0.010193350 0.008810919 0.012401137 
41     0.012226723 0.012237015 0.013911390 0.014496693 0.014596241 0.012967556 0.013700192 0.012559132 0.012536973 0.015405656 0.015120759 0.013080081 0.010675916 0.010696384 0.010405321 0.013620414 0.012343180 0.012807314 0.011361635 0.012670141 0.007913508 0.008482027 0.008301100 0.000000000 0.010265393 0.008697976 0.008092383 0.008417594 0.008348452 0.008003190 0.009774502 0.009638154 0.009601161 0.010497032 0.010192661 0.009797681 0.010158855 0.010157201 0.011501451 0.011256968 0.010768232 0.009964901 0.011029294 0.009644163 0.008516807 0.008730460 0.016249276 0.011562547 0.011548402 0.010125437 0.013623145 
40     0.014942378 0.014961373 0.016557786 0.017108546 0.017220342 0.015638386 0.016401925 0.015254166 0.015192898 0.018076051 0.017800267 0.015698739 0.013406923 0.013430965 0.013128952 0.016212653 0.015034130 0.015505608 0.014055157 0.015429188 0.010688023 0.011190002 0.011005008 0.010265393 0.000000000 0.011461965 0.010813174 0.011156860 0.011050156 0.010846159 0.012485334 0.012373458 0.012322295 0.013216955 0.012961735 0.012567755 0.012872848 0.012758505 0.014001580 0.013881672 0.013400578 0.012576018 0.013670833 0.012264443 0.011158251 0.011539239 0.018929870 0.014343174 0.014118007 0.012780582 0.016339378 
48     0.010302157 0.010319345 0.012136111 0.012645860 0.012742985 0.011224706 0.011979914 0.010757213 0.010739762 0.013582179 0.013464200 0.011396064 0.008769600 0.008808588 0.008522922 0.011637093 0.010545318 0.010936795 0.009581362 0.010882234 0.007151638 0.007548431 0.007343962 0.008697976 0.011461965 0.000000000 0.003166664 0.006708255 0.006604408 0.006283658 0.007994644 0.007990408 0.007979889 0.008628108 0.008370815 0.008106392 0.008397692 0.008497194 0.009766005 0.009410486 0.008924831 0.008316251 0.009370823 0.007811030 0.006719583 0.007015785 0.014399345 0.009982565 0.009621501 0.008317464 0.011824838 
34     0.009687845 0.009710131 0.011532075 0.012055267 0.012172637 0.010692497 0.011369793 0.010191276 0.010169393 0.012935091 0.012777677 0.010690616 0.008193465 0.008202978 0.007916327 0.010956921 0.009888718 0.010254993 0.008829623 0.010174082 0.006511303 0.006915086 0.006705094 0.008092383 0.010813174 0.003166664 0.000000000 0.006122400 0.006011872 0.005720089 0.007280655 0.007359941 0.007324793 0.008047830 0.007759569 0.007448688 0.007795439 0.007877350 0.009116997 0.008783595 0.008315155 0.007708985 0.008802400 0.007104102 0.006035022 0.006346722 0.013784765 0.009385235 0.009140027 0.007832925 0.011168142 
46     0.010241438 0.010247467 0.011875129 0.012469574 0.012575400 0.011038261 0.011724066 0.010622259 0.010577170 0.013437610 0.013232315 0.011194004 0.008736499 0.008738107 0.008439081 0.011510292 0.010343440 0.010789112 0.009325430 0.010724706 0.006700964 0.007240979 0.007040358 0.008417594 0.011156860 0.006708255 0.006122400 0.000000000 0.001324269 0.004370405 0.007768850 0.007682504 0.007636010 0.008348339 0.008052888 0.007751495 0.008117655 0.008093272 0.009299041 0.009117868 0.008623201 0.007937814 0.009026091 0.007490578 0.006269758 0.006644119 0.014104150 0.009590179 0.009328489 0.008041484 0.011728229 
44     0.010100486 0.010094782 0.011717312 0.012328737 0.012418119 0.010899787 0.011605817 0.010487379 0.010442290 0.013280029 0.013131974 0.011080827 0.008603313 0.008605034 0.008308945 0.011342063 0.010188966 0.010628315 0.009218278 0.010605990 0.006589433 0.007138143 0.006938005 0.008348452 0.011050156 0.006604408 0.006011872 0.001324269 0.000000000 0.004270778 0.007673053 0.007574280 0.007526422 0.008197731 0.007901819 0.007591274 0.007970202 0.007961756 0.009176192 0.008978378 0.008491372 0.007811023 0.008892541 0.007364575 0.006146153 0.006517111 0.013952974 0.009457691 0.009172589 0.007919407 0.011661074 
37     0.009868018 0.009882864 0.011510793 0.012151404 0.012217709 0.010675540 0.011444040 0.010280613 0.010221781 0.013056435 0.012849392 0.010734022 0.008225645 0.008225709 0.007927065 0.010929184 0.009843958 0.010256747 0.008870426 0.010220933 0.006338876 0.006848411 0.006642760 0.008003190 0.010846159 0.006283658 0.005720089 0.004370405 0.004270778 0.000000000 0.007291862 0.007203034 0.007164789 0.007950695 0.007647676 0.007357979 0.007665500 0.007691118 0.008924790 0.008632004 0.008179106 0.007474433 0.008570988 0.006959173 0.005763690 0.006298874 0.013613724 0.009135806 0.008987398 0.007698977 0.011162032 
26     0.010129186 0.010137873 0.011649950 0.012194166 0.012359988 0.010950957 0.011623954 0.010547506 0.010481994 0.013230745 0.013073351 0.011079460 0.008719573 0.008719013 0.008446398 0.011471930 0.010360659 0.010732909 0.009200444 0.010487220 0.008126958 0.008598957 0.008367837 0.009774502 0.012485334 0.007994644 0.007280655 0.007768850 0.007673053 0.007291862 0.000000000 0.004909589 0.004873012 0.008336854 0.008073387 0.007731514 0.008029699 0.008149592 0.009290183 0.009116315 0.008565604 0.007818768 0.008988236 0.007498623 0.006361509 0.006699736 0.014008940 0.009556075 0.009339437 0.008106902 0.011531190 
33     0.009976686 0.009994561 0.011577224 0.012148856 0.012223464 0.010975496 0.011534644 0.010469230 0.010403507 0.013138807 0.013015612 0.010931449 0.008571928 0.008566456 0.008320350 0.011413798 0.010261746 0.010632358 0.009038581 0.010509482 0.008011250 0.008492116 0.008270337 0.009638154 0.012373458 0.007990408 0.007359941 0.007682504 0.007574280 0.007203034 0.004909589 0.000000000 0.000914848 0.008398741 0.008126926 0.007729791 0.008040530 0.008084204 0.009188429 0.009055714 0.008510252 0.007836558 0.008951914 0.007444213 0.006279509 0.006586315 0.013962044 0.009471779 0.009247386 0.007988830 0.011366219 
36     0.009944110 0.009961985 0.011547862 0.012119515 0.012192329 0.010933302 0.011494858 0.010424587 0.010358228 0.013100204 0.012984184 0.010909584 0.008536185 0.008531189 0.008284681 0.011377938 0.010224947 0.010595381 0.009018750 0.010487175 0.007971573 0.008455690 0.008231654 0.009601161 0.012322295 0.007979889 0.007324793 0.007636010 0.007526422 0.007164789 0.004873012 0.000914848 0.000000000 0.008365185 0.008093378 0.007695954 0.008000727 0.008043423 0.009150963 0.009016869 0.008475179 0.007782109 0.008898004 0.007400774 0.006236554 0.006546657 0.013924404 0.009432404 0.009211068 0.007957442 0.011352412 
38     0.010630923 0.010624679 0.012378057 0.012929783 0.013059261 0.011554919 0.012228365 0.011187756 0.011111970 0.013787607 0.013773843 0.011643765 0.009286673 0.009284025 0.008998731 0.012121437 0.010932743 0.011445204 0.009930376 0.011221526 0.008874099 0.009367231 0.009145791 0.010497032 0.013216955 0.008628108 0.008047830 0.008348339 0.008197731 0.007950695 0.008336854 0.008398741 0.008365185 0.000000000 0.001845471 0.005476215 0.008540373 0.008852812 0.010074166 0.009840049 0.009321186 0.008593601 0.009631490 0.008166914 0.006979793 0.007289701 0.014635978 0.010253627 0.009970166 0.008722227 0.012076097 
49     0.010394918 0.010389490 0.012183961 0.012732761 0.012855301 0.011343222 0.011999306 0.010952729 0.010883788 0.013567389 0.013545537 0.011375997 0.009076140 0.009066333 0.008782714 0.011879208 0.010665867 0.011161669 0.009662853 0.010978245 0.008611044 0.009093509 0.008875322 0.010192661 0.012961735 0.008370815 0.007759569 0.008052888 0.007901819 0.007647676 0.008073387 0.008126926 0.008093378 0.001845471 0.000000000 0.005203947 0.008282296 0.008542835 0.009795616 0.009549951 0.008997591 0.008293156 0.009328117 0.007923411 0.006766048 0.007020834 0.014406946 0.009967708 0.009749554 0.008440738 0.011927955 
35     0.010125709 0.010119576 0.011753261 0.012360296 0.012492578 0.010921363 0.011618386 0.010523359 0.010448140 0.013142107 0.013210040 0.011107065 0.008729368 0.008722990 0.008446550 0.011512396 0.010319277 0.010779120 0.009381576 0.010611841 0.008315429 0.008778142 0.008551575 0.009797681 0.012567755 0.008106392 0.007448688 0.007751495 0.007591274 0.007357979 0.007731514 0.007729791 0.007695954 0.005476215 0.005203947 0.000000000 0.007860966 0.008189365 0.009501351 0.009250465 0.008787546 0.008013913 0.009081682 0.007660571 0.006494150 0.006687154 0.014138291 0.009691044 0.009441566 0.008140731 0.011555139 
22     0.010424810 0.010446020 0.012187681 0.012795394 0.012885747 0.011338100 0.012012497 0.010970767 0.010927815 0.013664512 0.013379210 0.011213623 0.008948831 0.008945373 0.008668078 0.011893371 0.010608454 0.011027545 0.009643584 0.011029223 0.008498408 0.009024204 0.008824990 0.010158855 0.012872848 0.008397692 0.007795439 0.008117655 0.007970202 0.007665500 0.008029699 0.008040530 0.008000727 0.008540373 0.008282296 0.007860966 0.000000000 0.008296958 0.009575928 0.009305617 0.008857451 0.008115991 0.009231583 0.007859030 0.006708025 0.006919811 0.014333134 0.009976968 0.009577359 0.008316870 0.011973312 
42     0.010338572 0.010352892 0.012166205 0.012737559 0.012872047 0.011296702 0.011935058 0.010855707 0.010826706 0.013682886 0.013303457 0.011235769 0.008925950 0.008947264 0.008652613 0.011749890 0.010587039 0.011012687 0.009567845 0.010900972 0.008503123 0.009005563 0.008779028 0.010157201 0.012758505 0.008497194 0.007877350 0.008093272 0.007961756 0.007691118 0.008149592 0.008084204 0.008043423 0.008852812 0.008542835 0.008189365 0.008296958 0.000000000 0.005403458 0.006551897 0.005976222 0.006846921 0.008028052 0.007848694 0.006691343 0.006976865 0.014277120 0.009833081 0.009617129 0.008377139 0.011890697 
32     0.011604709 0.011602161 0.013354609 0.013969350 0.014047247 0.012500978 0.013173838 0.012135255 0.012046901 0.014884215 0.014629700 0.012485930 0.010183163 0.010178656 0.009902881 0.012919072 0.011767859 0.012232838 0.010841912 0.012164292 0.009779679 0.010235414 0.010007467 0.011501451 0.014001580 0.009766005 0.009116997 0.009299041 0.009176192 0.008924790 0.009290183 0.009188429 0.009150963 0.010074166 0.009795616 0.009501351 0.009575928 0.005403458 0.000000000 0.007738636 0.007224640 0.008091371 0.009268798 0.009150997 0.007944757 0.008296443 0.015588736 0.011173447 0.010805758 0.009640073 0.013208349 
50     0.011440197 0.011439362 0.013180434 0.013708588 0.013906742 0.012255849 0.012908400 0.011808965 0.011749755 0.014590917 0.014345592 0.012262603 0.009923054 0.009943473 0.009626078 0.012802098 0.011600641 0.012015392 0.010571780 0.011943168 0.009600673 0.010018812 0.009786809 0.011256968 0.013881672 0.009410486 0.008783595 0.009117868 0.008978378 0.008632004 0.009116315 0.009055714 0.009016869 0.009840049 0.009549951 0.009250465 0.009305617 0.006551897 0.007738636 0.000000000 0.003502697 0.007845279 0.009025177 0.008873655 0.007677561 0.008026082 0.015341015 0.010979712 0.010648532 0.009364019 0.012928389 
30     0.010953045 0.010958246 0.012636001 0.013203097 0.013376525 0.011827249 0.012454295 0.011370840 0.011316556 0.014213879 0.013882472 0.011761726 0.009507568 0.009536145 0.009198342 0.012391469 0.011182004 0.011651820 0.010194169 0.011555292 0.009095100 0.009507935 0.009285494 0.010768232 0.013400578 0.008924831 0.008315155 0.008623201 0.008491372 0.008179106 0.008565604 0.008510252 0.008475179 0.009321186 0.008997591 0.008787546 0.008857451 0.005976222 0.007224640 0.003502697 0.000000000 0.007257537 0.008412885 0.008362431 0.007196593 0.007539573 0.014857010 0.010419677 0.010203973 0.008831730 0.012480421 
31     0.010220442 0.010210142 0.011939596 0.012550826 0.012686280 0.011107186 0.011793000 0.010693922 0.010623854 0.013545754 0.013178727 0.011212262 0.008868712 0.008892647 0.008592685 0.011728512 0.010631615 0.011053556 0.009591830 0.010884495 0.008292596 0.008870145 0.008646502 0.009964901 0.012576018 0.008316251 0.007708985 0.007937814 0.007811023 0.007474433 0.007818768 0.007836558 0.007782109 0.008593601 0.008293156 0.008013913 0.008115991 0.006846921 0.008091371 0.007845279 0.007257537 0.000000000 0.004048019 0.007502893 0.006366027 0.006783337 0.014241530 0.009746424 0.009485832 0.008256941 0.011734313 
27     0.011259547 0.011257961 0.013015059 0.013600904 0.013748990 0.012221354 0.012859606 0.011722964 0.011671483 0.014598336 0.014325044 0.012207706 0.009924454 0.009935402 0.009644752 0.012800516 0.011666521 0.012089793 0.010614603 0.011918127 0.009396526 0.009873389 0.009677329 0.011029294 0.013670833 0.009370823 0.008802400 0.009026091 0.008892541 0.008570988 0.008988236 0.008951914 0.008898004 0.009631490 0.009328117 0.009081682 0.009231583 0.008028052 0.009268798 0.009025177 0.008412885 0.004048019 0.000000000 0.008649776 0.007452455 0.007808612 0.015292302 0.010779766 0.010480788 0.009223468 0.012877145 
39     0.009822474 0.009833340 0.011558895 0.012131167 0.012237754 0.010753687 0.011442396 0.010361760 0.010295777 0.013154427 0.012906381 0.010698006 0.008338073 0.008364691 0.008034654 0.011031446 0.009955988 0.010432402 0.008845883 0.010272265 0.007840870 0.008407812 0.008164292 0.009644163 0.012264443 0.007811030 0.007104102 0.007490578 0.007364575 0.006959173 0.007498623 0.007444213 0.007400774 0.008166914 0.007923411 0.007660571 0.007859030 0.007848694 0.009150997 0.008873655 0.008362431 0.007502893 0.008649776 0.000000000 0.003231949 0.006342775 0.013698505 0.009333719 0.009055914 0.007798088 0.011283798 
28     0.008681005 0.008697906 0.010278133 0.010831782 0.010944096 0.009493972 0.010088853 0.009035081 0.008985578 0.011816165 0.011711835 0.009567903 0.007206932 0.007223168 0.006917877 0.009997036 0.008788561 0.009276173 0.007744687 0.009099923 0.006732701 0.007260663 0.006999648 0.008516807 0.011158251 0.006719583 0.006035022 0.006269758 0.006146153 0.005763690 0.006361509 0.006279509 0.006236554 0.006979793 0.006766048 0.006494150 0.006708025 0.006691343 0.007944757 0.007677561 0.007196593 0.006366027 0.007452455 0.003231949 0.000000000 0.005153698 0.012576925 0.008084537 0.007831968 0.006637233 0.010123239 
43     0.008393940 0.008401006 0.009908241 0.010505272 0.010655899 0.009204515 0.009829794 0.008873353 0.008819832 0.011609920 0.011213460 0.009182088 0.006792945 0.006816523 0.006497579 0.009734649 0.008571965 0.008968704 0.007564653 0.008912567 0.007074448 0.007623265 0.007403478 0.008730460 0.011539239 0.007015785 0.006346722 0.006644119 0.006517111 0.006298874 0.006699736 0.006586315 0.006546657 0.007289701 0.007020834 0.006687154 0.006919811 0.006976865 0.008296443 0.008026082 0.007539573 0.006783337 0.007808612 0.006342775 0.005153698 0.000000000 0.011682677 0.007265563 0.007193839 0.005979953 0.009960321 
45     0.015803564 0.015806857 0.017387565 0.017940839 0.018091360 0.016599409 0.017349832 0.016321556 0.016312545 0.018973838 0.018716764 0.016593196 0.014232564 0.014230867 0.013966696 0.017098032 0.015936449 0.016273900 0.015015392 0.016320602 0.014629940 0.015108661 0.014864158 0.016249276 0.018929870 0.014399345 0.013784765 0.014104150 0.013952974 0.013613724 0.014008940 0.013962044 0.013924404 0.014635978 0.014406946 0.014138291 0.014333134 0.014277120 0.015588736 0.015341015 0.014857010 0.014241530 0.015292302 0.013698505 0.012576925 0.011682677 0.000000000 0.013117398 0.014341260 0.013230303 0.017242275 
47     0.011365171 0.011363687 0.012911005 0.013475092 0.013652639 0.012082458 0.012902509 0.011809223 0.011756600 0.014579511 0.014326589 0.012107786 0.009841558 0.009840503 0.009576039 0.012650967 0.011386721 0.011742404 0.010576713 0.011834240 0.010140085 0.010573482 0.010341480 0.011562547 0.014343174 0.009982565 0.009385235 0.009590179 0.009457691 0.009135806 0.009556075 0.009471779 0.009432404 0.010253627 0.009967708 0.009691044 0.009976968 0.009833081 0.011173447 0.010979712 0.010419677 0.009746424 0.010779766 0.009333719 0.008084537 0.007265563 0.013117398 0.000000000 0.009985671 0.008705610 0.012721227 
21     0.011041871 0.011036643 0.012478526 0.013119365 0.013256805 0.011680041 0.012545649 0.011463319 0.011341446 0.014136932 0.013881191 0.011773393 0.009507354 0.009517606 0.009246883 0.012298885 0.011061731 0.011437232 0.010143137 0.011477307 0.009897982 0.010395167 0.010193350 0.011548402 0.014118007 0.009621501 0.009140027 0.009328489 0.009172589 0.008987398 0.009339437 0.009247386 0.009211068 0.009970166 0.009749554 0.009441566 0.009577359 0.009617129 0.010805758 0.010648532 0.010203973 0.009485832 0.010480788 0.009055914 0.007831968 0.007193839 0.014341260 0.009985671 0.000000000 0.007793481 0.012376766 
29     0.009749375 0.009738012 0.011324915 0.011943536 0.012084922 0.010555326 0.011405115 0.010303128 0.010229516 0.012867485 0.012815565 0.010722084 0.008402545 0.008391706 0.008105673 0.011162067 0.009879517 0.010291502 0.009018847 0.010350017 0.008560955 0.009056200 0.008810919 0.010125437 0.012780582 0.008317464 0.007832925 0.008041484 0.007919407 0.007698977 0.008106902 0.007988830 0.007957442 0.008722227 0.008440738 0.008140731 0.008316870 0.008377139 0.009640073 0.009364019 0.008831730 0.008256941 0.009223468 0.007798088 0.006637233 0.005979953 0.013230303 0.008705610 0.007793481 0.000000000 0.011334800 
0     0.012356869 0.012378958 0.013894960 0.014391000 0.014600422 0.013056187 0.013734433 0.012703761 0.012637133 0.015241210 0.015117453 0.012926086 0.010664177 0.010702197 0.010317499 0.013417593 0.012199590 0.012665031 0.011356378 0.012621008 0.012141967 0.012619497 0.012401137 0.013623145 0.016339378 0.011824838 0.011168142 0.011728229 0.011661074 0.011162032 0.011531190 0.011366219 0.011352412 0.012076097 0.011927955 0.011555139 0.011973312 0.011890697 0.013208349 0.012928389 0.012480421 0.011734313 0.012877145 0.011283798 0.010123239 0.009960321 0.017242275 0.012721227 0.012376766 0.011334800 0.000000000 
