51
1     0.000000000 0.000001910 0.000073760 0.001118180 0.000288310 0.000394780 0.000949570 0.000328860 0.000209500 0.000892400 0.000228150 0.000442200 0.000562800 0.000359640 0.000186210 0.000955750 0.000670160 0.000299900 0.000011170 0.000683000 0.000076820 0.000386560 0.000356020 0.000071700 0.000079530 0.000084980 0.000298460 0.000692070 0.000194440 0.000346530 0.000169030 0.000148810 0.000203670 0.000870010 0.000993770 0.000162670 0.000160510 0.000040550 0.000299560 0.000168670 0.000357310 0.000145020 0.000418390 0.000508420 0.000137340 0.000095530 0.000971280 0.000613250 0.000160630 0.000465400 0.000173660 
6     0.000001910 0.000000000 0.000272130 0.001178720 0.000283780 0.000417880 0.000332050 0.000734040 0.000456490 0.000133700 0.000225960 0.000363790 0.000677260 0.000341620 0.000149150 0.000652910 0.000362750 0.000272460 0.000261440 0.000700170 0.000350780 0.000821340 0.000401360 0.001130300 0.000261220 0.000334200 0.000419460 0.000688640 0.000396970 0.000396910 0.000360430 0.000925160 0.000360910 0.000754450 0.001012950 0.000538600 0.000477020 0.000034980 0.000436370 0.000744380 0.000328730 0.000037790 0.000608750 0.000217590 0.000109600 0.000399630 0.001191890 0.000570250 0.000595410 0.000464030 0.000222770 
11     0.000073760 0.000272130 0.000000000 0.000201680 0.000009390 0.000089280 0.000430200 0.000230840 0.000118340 0.000197580 0.001577780 0.000593690 0.000699860 0.000814720 0.000452240 0.000125520 0.000828180 0.000298740 0.000705470 0.000509630 0.000330420 0.000779370 0.000688510 0.001679520 0.001584110 0.000744950 0.001001410 0.000928200 0.000870840 0.000459430 0.001124750 0.000557670 0.000519440 0.000388460 0.000187560 0.000052140 0.000139920 0.000245840 0.000886350 0.000763650 0.000072500 0.000117060 0.000681100 0.000613910 0.000043250 0.000416960 0.001327910 0.000386940 0.000592350 0.000298080 0.001446980 
15     0.001118180 0.001178720 0.000201680 0.000000000 0.000001590 0.000029670 0.000326030 0.000252960 0.000396260 0.000327680 0.000379860 0.000802660 0.000644470 0.000631590 0.000682100 0.000591210 0.001299710 0.000542570 0.000805940 0.000658580 0.000679750 0.000410840 0.000532210 0.001582970 0.000375920 0.001301920 0.001301080 0.001535200 0.001784460 0.001180240 0.000182050 0.000108410 0.000154640 0.000282040 0.000268790 0.000274220 0.000253610 0.000175940 0.000790450 0.000900620 0.000892490 0.000033280 0.000297380 0.001788550 0.000660740 0.000022770 0.001802930 0.000136070 0.001124540 0.000735830 0.000417010 
16     0.000288310 0.000283780 0.000009390 0.000001590 0.000000000 0.000463230 0.000324460 0.000545430 0.000655420 0.000529030 0.000584860 0.000230750 0.000856040 0.000446330 0.000046180 0.001734700 0.000659160 0.000405820 0.000803900 0.000305080 0.000312990 0.000409270 0.000316210 0.001925970 0.001297810 0.000980860 0.000990950 0.001214650 0.001089860 0.000426780 0.000110890 0.000129610 0.000313380 0.000351620 0.000677410 0.000090900 0.000062540 0.000200390 0.000463410 0.001305900 0.000883010 0.000642290 0.001821410 0.000443710 0.000139110 0.000432970 0.000866530 0.000602330 0.001062550 0.001240990 0.000415440 
18     0.000394780 0.000417880 0.000089280 0.000029670 0.000463230 0.000000000 0.000072330 0.000073520 0.000132710 0.000446890 0.000602480 0.000102310 0.001131090 0.001192150 0.000464780 0.000630670 0.000517760 0.001472900 0.000114890 0.001028740 0.000204600 0.000318090 0.000018800 0.000131100 0.000090010 0.001311900 0.000633340 0.000700230 0.000550890 0.000140690 0.000039620 0.000647890 0.000729040 0.000698350 0.000220330 0.000137250 0.000440450 0.000452520 0.000773600 0.000047430 0.000215490 0.000607670 0.000594610 0.001011170 0.000127500 0.000078790 0.001144200 0.000563410 0.000117380 0.000208020 0.000446780 
20     0.000949570 0.000332050 0.000430200 0.000326030 0.000324460 0.000072330 0.000000000 0.000178180 0.000186570 0.000707230 0.000853460 0.000083940 0.000259780 0.000039340 0.000019600 0.000082580 0.000306210 0.001949320 0.000014880 0.001314930 0.002151960 0.000315030 0.000578320 0.000544580 0.000788510 0.000620260 0.000573740 0.000150510 0.000223240 0.001097740 0.000359570 0.000207530 0.000152350 0.001650500 0.001108860 0.000347230 0.000612840 0.000506040 0.000466620 0.000293110 0.000679530 0.000418000 0.000138010 0.000272830 0.000297670 0.000134860 0.002044030 0.000865240 0.000860900 0.000026060 0.000321200 
14     0.000328860 0.000734040 0.000230840 0.000252960 0.000545430 0.000073520 0.000178180 0.000000000 0.000000750 0.000715900 0.000475340 0.000151960 0.000552070 0.000527320 0.000544700 0.000485020 0.000513590 0.001021060 0.000406450 0.001305730 0.000288810 0.000177040 0.000201690 0.000110650 0.000221980 0.000308450 0.000076510 0.000490930 0.000320730 0.000249490 0.000660120 0.001477570 0.001311140 0.001271330 0.000106200 0.000497470 0.000025150 0.000140280 0.000345360 0.000880100 0.000428660 0.000271960 0.000122560 0.000284340 0.000018050 0.000200780 0.001113840 0.001072460 0.000079660 0.000019930 0.000447550 
2     0.000209500 0.000456490 0.000118340 0.000396260 0.000655420 0.000132710 0.000186570 0.000000750 0.000000000 0.000654620 0.000301710 0.000066680 0.001001670 0.000654630 0.000475410 0.000033360 0.000739210 0.001299780 0.000044290 0.000819820 0.000175210 0.000233470 0.000073160 0.000239030 0.000768330 0.000439280 0.000293370 0.000877530 0.000871580 0.000374840 0.000256180 0.000515580 0.000066660 0.000623080 0.000012710 0.000209810 0.000084000 0.000393720 0.000598000 0.000901050 0.000093970 0.000218940 0.000231080 0.000248550 0.000497840 0.000056240 0.000966170 0.001028100 0.000515920 0.000472800 0.000638810 
8     0.000892400 0.000133700 0.000197580 0.000327680 0.000529030 0.000446890 0.000707230 0.000715900 0.000654620 0.000000000 0.000509880 0.000769340 0.000794690 0.000770910 0.000443350 0.000140450 0.001084690 0.000582840 0.000365030 0.001168790 0.000230840 0.001159000 0.001203820 0.001185010 0.000670550 0.000766610 0.000793220 0.000364940 0.000349260 0.000551240 0.000736960 0.000839460 0.000858370 0.000346090 0.000736640 0.000021280 0.000392820 0.000444140 0.001398550 0.001067780 0.000597340 0.000065000 0.000645560 0.001093630 0.000570250 0.000734370 0.000483190 0.000022320 0.001045980 0.000225760 0.001052670 
12     0.000228150 0.000225960 0.001577780 0.000379860 0.000584860 0.000602480 0.000853460 0.000475340 0.000301710 0.000509880 0.000000000 0.000044800 0.000451060 0.000492160 0.000790300 0.000843470 0.000534370 0.000939890 0.000229950 0.000568620 0.000948300 0.000730460 0.000496560 0.000141110 0.000792990 0.001005880 0.000136550 0.000685220 0.000278400 0.000771150 0.000220030 0.000762060 0.000197810 0.000658100 0.000866130 0.000577210 0.000372040 0.000458020 0.001600590 0.000604480 0.000899460 0.000152320 0.000592820 0.001014250 0.000314450 0.000053940 0.000747660 0.000058930 0.000531680 0.000512860 0.000662680 
4     0.000442200 0.000363790 0.000593690 0.000802660 0.000230750 0.000102310 0.000083940 0.000151960 0.000066680 0.000769340 0.000044800 0.000000000 0.000343720 0.000318970 0.000415320 0.000002000 0.000451100 0.000313730 0.000407960 0.000324480 0.000306760 0.001067830 0.000490280 0.000606880 0.000418010 0.000630900 0.000291340 0.000363650 0.000699110 0.000857330 0.000213240 0.000553240 0.000243410 0.000225430 0.000239970 0.000460770 0.000088370 0.000136980 0.000264940 0.001601320 0.001430700 0.000384750 0.000788410 0.000356770 0.000048670 0.000180350 0.001422550 0.000133890 0.000136620 0.000507490 0.000547330 
5     0.000562800 0.000677260 0.000699860 0.000644470 0.000856040 0.001131090 0.000259780 0.000552070 0.001001670 0.000794690 0.000451060 0.000343720 0.000000000 0.000011210 0.000045140 0.000342360 0.000243010 0.000379480 0.000467950 0.000275150 0.000571200 0.000523810 0.000429650 0.000332850 0.000838780 0.000501420 0.000241290 0.000686270 0.000951540 0.000083440 0.000374410 0.000683340 0.000577780 0.000184690 0.000301420 0.000280710 0.000723700 0.000571880 0.000693940 0.000115300 0.000491020 0.000068840 0.000301460 0.000393490 0.000318050 0.000055650 0.000405630 0.000579620 0.000363520 0.000548240 0.000181140 
10     0.000359640 0.000341620 0.000814720 0.000631590 0.000446330 0.001192150 0.000039340 0.000527320 0.000654630 0.000770910 0.000492160 0.000318970 0.000011210 0.000000000 0.000025420 0.000317610 0.000284110 0.000254270 0.000377890 0.000425080 0.000780870 0.000561730 0.000414930 0.001583070 0.000950130 0.000562440 0.000379980 0.000478680 0.001002280 0.000011380 0.000330830 0.000698980 0.000340300 0.000570940 0.000687670 0.000359980 0.000710800 0.000584130 0.000172910 0.000265900 0.000702560 0.000232660 0.000342560 0.000368740 0.000393580 0.000385320 0.000234840 0.001051700 0.000437320 0.000532890 0.000676360 
7     0.000186210 0.000149150 0.000452240 0.000682100 0.000046180 0.000464780 0.000019600 0.000544700 0.000475410 0.000443350 0.000790300 0.000415320 0.000045140 0.000025420 0.000000000 0.000168130 0.000281990 0.000300090 0.000818560 0.000745900 0.000451870 0.000098740 0.000326810 0.001020690 0.000796210 0.000493210 0.000321240 0.000583590 0.000394200 0.000060080 0.000377240 0.000761980 0.000403300 0.000367760 0.000302560 0.000109700 0.000221660 0.000346070 0.000525480 0.000777170 0.000618170 0.000156380 0.000715850 0.000125620 0.000335120 0.000032660 0.000629970 0.000697640 0.000128240 0.000606240 0.000264390 
17     0.000955750 0.000652910 0.000125520 0.000591210 0.001734700 0.000630670 0.000082580 0.000485020 0.000033360 0.000140450 0.000843470 0.000002000 0.000342360 0.000317610 0.000168130 0.000000000 0.000060710 0.000079810 0.000656010 0.001092110 0.000528990 0.000318750 0.000524490 0.000402690 0.001043940 0.000613470 0.000271920 0.000873260 0.000863920 0.000495280 0.000925980 0.000232760 0.000312170 0.000294140 0.000143120 0.000041340 0.001076290 0.001092560 0.000229440 0.001671310 0.000717030 0.000136020 0.001248260 0.000355410 0.000311890 0.000221160 0.000433420 0.001270090 0.000291470 0.000519560 0.000501460 
3     0.000670160 0.000362750 0.000828180 0.001299710 0.000659160 0.000517760 0.000306210 0.000513590 0.000739210 0.001084690 0.000534370 0.000451100 0.000243010 0.000284110 0.000281990 0.000060710 0.000000000 0.000075650 0.000647950 0.000123920 0.000429570 0.000214510 0.000502340 0.000439800 0.001570870 0.001097840 0.000232240 0.000100690 0.000443610 0.000719360 0.000441050 0.000497610 0.000818040 0.000364910 0.000379450 0.000337150 0.000284390 0.000306650 0.000660720 0.000274390 0.001122420 0.000055050 0.000383890 0.000054990 0.000213110 0.000094050 0.000414120 0.000225910 0.000405330 0.000171760 0.000434860 
13     0.000299900 0.000272460 0.000298740 0.000542570 0.000405820 0.001472900 0.001949320 0.001021060 0.001299780 0.000582840 0.000939890 0.000313730 0.000379480 0.000254270 0.000300090 0.000079810 0.000075650 0.000000000 0.000141090 0.000162310 0.000569800 0.000892480 0.000927270 0.000326900 0.001719830 0.000548480 0.000815940 0.000644240 0.000129420 0.000486710 0.000477530 0.000236320 0.000206710 0.000116780 0.000131320 0.000265020 0.000304130 0.000753630 0.000643050 0.001239540 0.000217840 0.000650070 0.000835870 0.000299310 0.000227920 0.000137300 0.000684500 0.000880350 0.000385460 0.000868010 0.000487980 
19     0.000011170 0.000261440 0.000705470 0.000805940 0.000803900 0.000114890 0.000014880 0.000406450 0.000044290 0.000365030 0.000229950 0.000407960 0.000467950 0.000377890 0.000818560 0.000656010 0.000647950 0.000141090 0.000000000 0.000130680 0.000078910 0.000733210 0.000196640 0.000073790 0.001193090 0.000087070 0.000300550 0.000113240 0.000236670 0.000377740 0.000224600 0.000150900 0.000205760 0.000995330 0.000873850 0.000226200 0.000698520 0.000233650 0.000646210 0.000170760 0.000860240 0.000441660 0.000439680 0.000679100 0.000072650 0.000653690 0.001638990 0.001210960 0.000201060 0.000394400 0.000363150 
9     0.000683000 0.000700170 0.000509630 0.000658580 0.000305080 0.001028740 0.001314930 0.001305730 0.000819820 0.001168790 0.000568620 0.000324480 0.000275150 0.000425080 0.000745900 0.001092110 0.000123920 0.000162310 0.000130680 0.000000000 0.000815400 0.000811190 0.000646900 0.000122690 0.000658810 0.000391610 0.000428970 0.000631430 0.000633570 0.000571550 0.000220780 0.000203730 0.000194800 0.000649960 0.000469930 0.000503630 0.000780730 0.000786020 0.000724190 0.000907250 0.001196900 0.000617520 0.000619500 0.000280180 0.000356140 0.000039690 0.000790350 0.001672370 0.000176260 0.000489290 0.000549150 
23     0.000076820 0.000350780 0.000330420 0.000679750 0.000312990 0.000204600 0.002151960 0.000288810 0.000175210 0.000230840 0.000948300 0.000306760 0.000571200 0.000780870 0.000451870 0.000528990 0.000429570 0.000569800 0.000078910 0.000815400 0.000000000 0.000021890 0.000050310 0.000020180 0.000152540 0.000034720 0.000248200 0.000375590 0.000236080 0.000061800 0.000257550 0.000183850 0.000238710 0.000342480 0.000230960 0.000268370 0.000177600 0.000179710 0.000135340 0.000203710 0.000121360 0.000074430 0.000262370 0.000383770 0.000274160 0.000182400 0.000813690 0.000684840 0.000354020 0.000369280 0.000185600 
24     0.000386560 0.000821340 0.000779370 0.000410840 0.000409270 0.000318090 0.000315030 0.000177040 0.000233470 0.001159000 0.000730460 0.001067830 0.000523810 0.000561730 0.000098740 0.000318750 0.000214510 0.000892480 0.000733210 0.000811190 0.000021890 0.000000000 0.000001980 0.000009360 0.000171410 0.000047910 0.000046140 0.000299640 0.000304620 0.000740400 0.000069220 0.000216580 0.000193920 0.000422010 0.000735440 0.000109930 0.000285040 0.000160540 0.000385820 0.000794300 0.000230800 0.000168780 0.000184540 0.000202370 0.000546830 0.000119710 0.001590280 0.000793110 0.000250890 0.000436540 0.000089300 
25     0.000356020 0.000401360 0.000688510 0.000532210 0.000316210 0.000018800 0.000578320 0.000201690 0.000073160 0.001203820 0.000496560 0.000490280 0.000429650 0.000414930 0.000326810 0.000524490 0.000502340 0.000927270 0.000196640 0.000646900 0.000050310 0.000001980 0.000000000 0.000123040 0.000283850 0.000037410 0.000035640 0.000387310 0.000151060 0.000182860 0.000057610 0.000206080 0.000183420 0.000341760 0.000655190 0.000111770 0.000148670 0.000402140 0.000375320 0.000032850 0.000150620 0.000040900 0.000415330 0.000646020 0.000329190 0.000499180 0.001397500 0.000844180 0.000240390 0.000259720 0.000078800 
41     0.000071700 0.001130300 0.001679520 0.001582970 0.001925970 0.000131100 0.000544580 0.000110650 0.000239030 0.001185010 0.000141110 0.000606880 0.000332850 0.001583070 0.001020690 0.000402690 0.000439800 0.000326900 0.000073790 0.000122690 0.000020180 0.000009360 0.000123040 0.000000000 0.000034200 0.000029600 0.000058630 0.000263220 0.000231260 0.000299580 0.000252430 0.000178730 0.000233590 0.000212260 0.000070820 0.000198700 0.000318410 0.000222550 0.000400260 0.000198590 0.000298000 0.000545870 0.000361970 0.000106820 0.000143290 0.000027210 0.000077550 0.000299460 0.000172120 0.000201680 0.000355680 
40     0.000079530 0.000261220 0.001584110 0.000375920 0.001297810 0.000090010 0.000788510 0.000221980 0.000768330 0.000670550 0.000792990 0.000418010 0.000838780 0.000950130 0.000796210 0.001043940 0.001570870 0.001719830 0.001193090 0.000658810 0.000152540 0.000171410 0.000283850 0.000034200 0.000000000 0.000447200 0.000414950 0.000612850 0.000367530 0.000550120 0.000733770 0.001291250 0.000894240 0.001410230 0.000616030 0.000677520 0.001175660 0.000148960 0.000705940 0.000473850 0.000520580 0.000507400 0.000189060 0.000184910 0.000103820 0.000347980 0.001117090 0.000986860 0.000183110 0.000128120 0.000531920 
48     0.000084980 0.000334200 0.000744950 0.001301920 0.000980860 0.001311900 0.000620260 0.000308450 0.000439280 0.000766610 0.001005880 0.000630900 0.000501420 0.000562440 0.000493210 0.000613470 0.001097840 0.000548480 0.000087070 0.000391610 0.000034720 0.000047910 0.000037410 0.000029600 0.000447200 0.000000000 0.000001990 0.000353660 0.000569070 0.000337770 0.000025070 0.000172430 0.000149770 0.000423670 0.000586830 0.000263690 0.000458090 0.000043310 0.000341670 0.000211870 0.000304240 0.000189600 0.000381680 0.000146100 0.000286670 0.000023110 0.000886190 0.000704880 0.000206740 0.000435510 0.000045150 
34     0.000298460 0.000419460 0.001001410 0.001301080 0.000990950 0.000633340 0.000573740 0.000076510 0.000293370 0.000793220 0.000136550 0.000291340 0.000241290 0.000379980 0.000321240 0.000271920 0.000232240 0.000815940 0.000300550 0.000428970 0.000248200 0.000046140 0.000035640 0.000058630 0.000414950 0.000001990 0.000000000 0.000351890 0.000111930 0.000246760 0.000023300 0.000155660 0.000139690 0.000804290 0.000610450 0.000034630 0.000165860 0.000042920 0.000339900 0.000300690 0.000154100 0.000164980 0.000379910 0.000264700 0.000142700 0.000076220 0.000594490 0.000312320 0.000088510 0.000116820 0.000043380 
46     0.000692070 0.000688640 0.000928200 0.001535200 0.001214650 0.000700230 0.000150510 0.000490930 0.000877530 0.000364940 0.000685220 0.000363650 0.000686270 0.000478680 0.000583590 0.000873260 0.000100690 0.000644240 0.000113240 0.000631430 0.000375590 0.000299640 0.000387310 0.000263220 0.000612850 0.000353660 0.000351890 0.000000000 0.000000000 0.000038660 0.000374730 0.000167660 0.000135700 0.000061270 0.000060820 0.000203130 0.000647870 0.000111620 0.000691330 0.000349800 0.000302770 0.000263990 0.000731340 0.000766510 0.000294350 0.000344950 0.000979060 0.000703230 0.000260710 0.000171250 0.000394810 
44     0.000194440 0.000396970 0.000870840 0.001784460 0.001089860 0.000550890 0.000223240 0.000320730 0.000871580 0.000349260 0.000278400 0.000699110 0.000951540 0.001002280 0.000394200 0.000863920 0.000443610 0.000129420 0.000236670 0.000633570 0.000236080 0.000304620 0.000151060 0.000231260 0.000367530 0.000569070 0.000111930 0.000000000 0.000000000 0.000020340 0.000648190 0.000245050 0.000213090 0.000577840 0.000135390 0.000122220 0.000534000 0.000237010 0.000759760 0.000920900 0.000216750 0.000019240 0.000491500 0.000556260 0.000167110 0.000040810 0.001641740 0.000299970 0.000719870 0.000120390 0.000070260 
37     0.000346530 0.000396910 0.000459430 0.001180240 0.000426780 0.000140690 0.001097740 0.000249490 0.000374840 0.000551240 0.000771150 0.000857330 0.000083440 0.000011380 0.000060080 0.000495280 0.000719360 0.000486710 0.000377740 0.000571550 0.000061800 0.000740400 0.000182860 0.000299580 0.000550120 0.000337770 0.000246760 0.000038660 0.000020340 0.000000000 0.000200260 0.000111310 0.000098410 0.000977810 0.000293380 0.000152100 0.000661610 0.000173160 0.000470980 0.000502540 0.000217770 0.000383270 0.000328030 0.000076830 0.000115630 0.000058060 0.000038950 0.000965770 0.000281860 0.000109040 0.000076460 
26     0.000169030 0.000360430 0.001124750 0.000182050 0.000110890 0.000039620 0.000359570 0.000660120 0.000256180 0.000736960 0.000220030 0.000213240 0.000374410 0.000330830 0.000377240 0.000925980 0.000441050 0.000477530 0.000224600 0.000220780 0.000257550 0.000069220 0.000057610 0.000252430 0.000733770 0.000025070 0.000023300 0.000374730 0.000648190 0.000200260 0.000000000 0.000020160 0.000024860 0.000410640 0.000246090 0.000116780 0.000508570 0.000257100 0.000361940 0.000342900 0.000263490 0.000410190 0.000002180 0.000208320 0.000101100 0.000314370 0.000674320 0.000488730 0.000119650 0.001029350 0.000021640 
33     0.000148810 0.000925160 0.000557670 0.000108410 0.000129610 0.000647890 0.000207530 0.001477570 0.000515580 0.000839460 0.000762060 0.000553240 0.000683340 0.000698980 0.000761980 0.000232760 0.000497610 0.000236320 0.000150900 0.000203730 0.000183850 0.000216580 0.000206080 0.000178730 0.001291250 0.000172430 0.000155660 0.000167660 0.000245050 0.000111310 0.000020160 0.000000000 0.000000070 0.000539860 0.000378810 0.000450900 0.000615630 0.000173220 0.000094600 0.000269200 0.000155370 0.000557550 0.000062890 0.000862320 0.000076060 0.000343110 0.000024010 0.000699980 0.000333420 0.000163770 0.000012980 
36     0.000203670 0.000360910 0.000519440 0.000154640 0.000313380 0.000729040 0.000152350 0.001311140 0.000066660 0.000858370 0.000197810 0.000243410 0.000577780 0.000340300 0.000403300 0.000312170 0.000818040 0.000206710 0.000205760 0.000194800 0.000238710 0.000193920 0.000183420 0.000233590 0.000894240 0.000149770 0.000139690 0.000135700 0.000213090 0.000098410 0.000024860 0.000000070 0.000000000 0.000480920 0.000309470 0.000313600 0.000623940 0.000142150 0.000337520 0.000301460 0.000116490 0.000210740 0.000076090 0.000458560 0.000177780 0.000633490 0.000397120 0.000725110 0.000320360 0.000149100 0.000115360 
38     0.000870010 0.000754450 0.000388460 0.000282040 0.000351620 0.000698350 0.001650500 0.001271330 0.000623080 0.000346090 0.000658100 0.000225430 0.000184690 0.000570940 0.000367760 0.000294140 0.000364910 0.000116780 0.000995330 0.000649960 0.000342480 0.000422010 0.000341760 0.000212260 0.001410230 0.000423670 0.000804290 0.000061270 0.000577840 0.000977810 0.000410640 0.000539860 0.000480920 0.000000000 0.000014540 0.000005670 0.000105070 0.000556140 0.000696170 0.000450110 0.000574360 0.000241470 0.000417950 0.000405870 0.000271050 0.000212490 0.000706610 0.000924630 0.000357920 0.000383230 0.000456620 
49     0.000993770 0.001012950 0.000187560 0.000268790 0.000677410 0.000220330 0.001108860 0.000106200 0.000012710 0.000736640 0.000866130 0.000239970 0.000301420 0.000687670 0.000302560 0.000143120 0.000379450 0.000131320 0.000873850 0.000469930 0.000230960 0.000735440 0.000655190 0.000070820 0.000616030 0.000586830 0.000610450 0.000060820 0.000135390 0.000293380 0.000246090 0.000378810 0.000309470 0.000014540 0.000000000 0.000043800 0.000130370 0.000164160 0.000551460 0.001026740 0.000618380 0.000107790 0.000523870 0.000392370 0.000087860 0.000151980 0.000190100 0.000403590 0.000558900 0.000176420 0.000397040 
35     0.000162670 0.000538600 0.000052140 0.000274220 0.000090900 0.000137250 0.000347230 0.000497470 0.000209810 0.000021280 0.000577210 0.000460770 0.000280710 0.000359980 0.000109700 0.000041340 0.000337150 0.000265020 0.000226200 0.000503630 0.000268370 0.000109930 0.000111770 0.000198700 0.000677520 0.000263690 0.000034630 0.000203130 0.000122220 0.000152100 0.000116780 0.000450900 0.000313600 0.000005670 0.000043800 0.000000000 0.000229310 0.000055140 0.000581780 0.000448930 0.000163580 0.000117850 0.000523080 0.000480490 0.000214640 0.000077510 0.000214550 0.000564820 0.000079080 0.000250450 0.000301930 
22     0.000160510 0.000477020 0.000139920 0.000253610 0.000062540 0.000440450 0.000612840 0.000025150 0.000084000 0.000392820 0.000372040 0.000088370 0.000723700 0.000710800 0.000221660 0.001076290 0.000284390 0.000304130 0.000698520 0.000780730 0.000177600 0.000285040 0.000148670 0.000318410 0.001175660 0.000458090 0.000165860 0.000647870 0.000534000 0.000661610 0.000508570 0.000615630 0.000623940 0.000105070 0.000130370 0.000229310 0.000000000 0.000482430 0.000524270 0.000488760 0.000223410 0.000159870 0.000107400 0.000021620 0.000246680 0.000057480 0.000328940 0.000385260 0.000255100 0.000391390 0.000201310 
42     0.000040550 0.000034980 0.000245840 0.000175940 0.000200390 0.000452520 0.000506040 0.000140280 0.000393720 0.000444140 0.000458020 0.000136980 0.000571880 0.000584130 0.000346070 0.001092560 0.000306650 0.000753630 0.000233650 0.000786020 0.000179710 0.000160540 0.000402140 0.000222550 0.000148960 0.000043310 0.000042920 0.000111620 0.000237010 0.000173160 0.000257100 0.000173220 0.000142150 0.000556140 0.000164160 0.000055140 0.000482430 0.000000000 0.000038440 0.000044720 0.000098370 0.000049600 0.000044380 0.000210300 0.000317270 0.000020310 0.000305370 0.000156360 0.000443390 0.000168290 0.000088300 
32     0.000299560 0.000436370 0.000886350 0.000790450 0.000463410 0.000773600 0.000466620 0.000345360 0.000598000 0.001398550 0.001600590 0.000264940 0.000693940 0.000172910 0.000525480 0.000229440 0.000660720 0.000643050 0.000646210 0.000724190 0.000135340 0.000385820 0.000375320 0.000400260 0.000705940 0.000341670 0.000339900 0.000691330 0.000759760 0.000470980 0.000361940 0.000094600 0.000337520 0.000696170 0.000551460 0.000581780 0.000524270 0.000038440 0.000000000 0.000009080 0.000062730 0.000116120 0.000417650 0.000318260 0.000568040 0.000326090 0.000532130 0.000467600 0.000163560 0.000622430 0.000376170 
50     0.000168670 0.000744380 0.000763650 0.000900620 0.001305900 0.000047430 0.000293110 0.000880100 0.000901050 0.001067780 0.000604480 0.001601320 0.000115300 0.000265900 0.000777170 0.001671310 0.000274390 0.001239540 0.000170760 0.000907250 0.000203710 0.000794300 0.000032850 0.000198590 0.000473850 0.000211870 0.000300690 0.000349800 0.000920900 0.000502540 0.000342900 0.000269200 0.000301460 0.000450110 0.001026740 0.000448930 0.000488760 0.000044720 0.000009080 0.000000000 0.000053650 0.000107040 0.000842820 0.001177360 0.000493620 0.000596740 0.000148760 0.000063650 0.000337330 0.000488550 0.000037250 
30     0.000357310 0.000328730 0.000072500 0.000892490 0.000883010 0.000215490 0.000679530 0.000428660 0.000093970 0.000597340 0.000899460 0.001430700 0.000491020 0.000702560 0.000618170 0.000717030 0.001122420 0.000217840 0.000860240 0.001196900 0.000121360 0.000230800 0.000150620 0.000298000 0.000520580 0.000304240 0.000154100 0.000302770 0.000216750 0.000217770 0.000263490 0.000155370 0.000116490 0.000574360 0.000618380 0.000163580 0.000223410 0.000098370 0.000062730 0.000053650 0.000000000 0.000084890 0.000316710 0.000808020 0.000158970 0.000088870 0.000576500 0.000151380 0.000341800 0.000384820 0.000388670 
31     0.000145020 0.000037790 0.000117060 0.000033280 0.000642290 0.000607670 0.000418000 0.000271960 0.000218940 0.000065000 0.000152320 0.000384750 0.000068840 0.000232660 0.000156380 0.000136020 0.000055050 0.000650070 0.000441660 0.000617520 0.000074430 0.000168780 0.000040900 0.000545870 0.000507400 0.000189600 0.000164980 0.000263990 0.000019240 0.000383270 0.000410190 0.000557550 0.000210740 0.000241470 0.000107790 0.000117850 0.000159870 0.000049600 0.000116120 0.000107040 0.000084890 0.000000000 0.000008630 0.000426010 0.000102710 0.000068460 0.000670680 0.000255740 0.000128630 0.000279340 0.000076350 
27     0.000418390 0.000608750 0.000681100 0.000297380 0.001821410 0.000594610 0.000138010 0.000122560 0.000231080 0.000645560 0.000592820 0.000788410 0.000301460 0.000342560 0.000715850 0.001248260 0.000383890 0.000835870 0.000439680 0.000619500 0.000262370 0.000184540 0.000415330 0.000361970 0.000189060 0.000381680 0.000379910 0.000731340 0.000491500 0.000328030 0.000002180 0.000062890 0.000076090 0.000417950 0.000523870 0.000523080 0.000107400 0.000044380 0.000417650 0.000842820 0.000316710 0.000008630 0.000000000 0.000810790 0.000138710 0.000265480 0.000914520 0.000595670 0.000282720 0.000380200 0.000422030 
39     0.000508420 0.000217590 0.000613910 0.001788550 0.000443710 0.001011170 0.000272830 0.000284340 0.000248550 0.001093630 0.001014250 0.000356770 0.000393490 0.000368740 0.000125620 0.000355410 0.000054990 0.000299310 0.000679100 0.000280180 0.000383770 0.000202370 0.000646020 0.000106820 0.000184910 0.000146100 0.000264700 0.000766510 0.000556260 0.000076830 0.000208320 0.000862320 0.000458560 0.000405870 0.000392370 0.000480490 0.000021620 0.000210300 0.000318260 0.001177360 0.000808020 0.000426010 0.000810790 0.000000000 0.000012310 0.000250630 0.000331080 0.001006620 0.000405740 0.000035250 0.000024510 
28     0.000137340 0.000109600 0.000043250 0.000660740 0.000139110 0.000127500 0.000297670 0.000018050 0.000497840 0.000570250 0.000314450 0.000048670 0.000318050 0.000393580 0.000335120 0.000311890 0.000213110 0.000227920 0.000072650 0.000356140 0.000274160 0.000546830 0.000329190 0.000143290 0.000103820 0.000286670 0.000142700 0.000294350 0.000167110 0.000115630 0.000101100 0.000076060 0.000177780 0.000271050 0.000087860 0.000214640 0.000246680 0.000317270 0.000568040 0.000493620 0.000158970 0.000102710 0.000138710 0.000012310 0.000000000 0.000086390 0.000671570 0.000147530 0.000105280 0.000022960 0.000313390 
43     0.000095530 0.000399630 0.000416960 0.000022770 0.000432970 0.000078790 0.000134860 0.000200780 0.000056240 0.000734370 0.000053940 0.000180350 0.000055650 0.000385320 0.000032660 0.000221160 0.000094050 0.000137300 0.000653690 0.000039690 0.000182400 0.000119710 0.000499180 0.000027210 0.000347980 0.000023110 0.000076220 0.000344950 0.000040810 0.000058060 0.000314370 0.000343110 0.000633490 0.000212490 0.000151980 0.000077510 0.000057480 0.000020310 0.000326090 0.000596740 0.000088870 0.000068460 0.000265480 0.000250630 0.000086390 0.000000000 0.000411160 0.000142610 0.000119290 0.000046800 0.000150900 
45     0.000971280 0.001191890 0.001327910 0.001802930 0.000866530 0.001144200 0.002044030 0.001113840 0.000966170 0.000483190 0.000747660 0.001422550 0.000405630 0.000234840 0.000629970 0.000433420 0.000414120 0.000684500 0.001638990 0.000790350 0.000813690 0.001590280 0.001397500 0.000077550 0.001117090 0.000886190 0.000594490 0.000979060 0.001641740 0.000038950 0.000674320 0.000024010 0.000397120 0.000706610 0.000190100 0.000214550 0.000328940 0.000305370 0.000532130 0.000148760 0.000576500 0.000670680 0.000914520 0.000331080 0.000671570 0.000411160 0.000000000 0.000124450 0.000021440 0.000901120 0.000074110 
47     0.000613250 0.000570250 0.000386940 0.000136070 0.000602330 0.000563410 0.000865240 0.001072460 0.001028100 0.000022320 0.000058930 0.000133890 0.000579620 0.001051700 0.000697640 0.001270090 0.000225910 0.000880350 0.001210960 0.001672370 0.000684840 0.000793110 0.000844180 0.000299460 0.000986860 0.000704880 0.000312320 0.000703230 0.000299970 0.000965770 0.000488730 0.000699980 0.000725110 0.000924630 0.000403590 0.000564820 0.000385260 0.000156360 0.000467600 0.000063650 0.000151380 0.000255740 0.000595670 0.001006620 0.000147530 0.000142610 0.000124450 0.000000000 0.000313020 0.000431260 0.000591640 
21     0.000160630 0.000595410 0.000592350 0.001124540 0.001062550 0.000117380 0.000860900 0.000079660 0.000515920 0.001045980 0.000531680 0.000136620 0.000363520 0.000437320 0.000128240 0.000291470 0.000405330 0.000385460 0.000201060 0.000176260 0.000354020 0.000250890 0.000240390 0.000172120 0.000183110 0.000206740 0.000088510 0.000260710 0.000719870 0.000281860 0.000119650 0.000333420 0.000320360 0.000357920 0.000558900 0.000079080 0.000255100 0.000443390 0.000163560 0.000337330 0.000341800 0.000128630 0.000282720 0.000405740 0.000105280 0.000119290 0.000021440 0.000313020 0.000000000 0.000093070 0.000247090 
29     0.000465400 0.000464030 0.000298080 0.000735830 0.001240990 0.000208020 0.000026060 0.000019930 0.000472800 0.000225760 0.000512860 0.000507490 0.000548240 0.000532890 0.000606240 0.000519560 0.000171760 0.000868010 0.000394400 0.000489290 0.000369280 0.000436540 0.000259720 0.000201680 0.000128120 0.000435510 0.000116820 0.000171250 0.000120390 0.000109040 0.001029350 0.000163770 0.000149100 0.000383230 0.000176420 0.000250450 0.000391390 0.000168290 0.000622430 0.000488550 0.000384820 0.000279340 0.000380200 0.000035250 0.000022960 0.000046800 0.000901120 0.000431260 0.000093070 0.000000000 0.000367940 
0     0.000173660 0.000222770 0.001446980 0.000417010 0.000415440 0.000446780 0.000321200 0.000447550 0.000638810 0.001052670 0.000662680 0.000547330 0.000181140 0.000676360 0.000264390 0.000501460 0.000434860 0.000487980 0.000363150 0.000549150 0.000185600 0.000089300 0.000078800 0.000355680 0.000531920 0.000045150 0.000043380 0.000394810 0.000070260 0.000076460 0.000021640 0.000012980 0.000115360 0.000456620 0.000397040 0.000301930 0.000201310 0.000088300 0.000376170 0.000037250 0.000388670 0.000076350 0.000422030 0.000024510 0.000313390 0.000150900 0.000074110 0.000591640 0.000247090 0.000367940 0.000000000 
