51
7     0.000000000 0.004186195 0.003569385 0.006465344 0.006687383 0.015267293 0.015607188 0.015992976 0.016403943 0.012274616 0.012444966 0.011442843 0.012844446 0.013734670 0.014841113 0.014807597 0.015078397 0.014219358 0.016912170 0.014715304 0.014749007 0.014447508 0.015862949 0.014400698 0.013172614 0.013172277 0.019361718 0.014985831 0.015136018 0.020444115 0.017942516 0.017010792 0.018693903 0.019222697 0.017369803 0.017421670 0.017228852 0.013136007 0.012861284 0.012877936 0.012561886 0.015808163 0.013058428 0.015595141 0.014508303 0.015038295 0.015384772 0.015295322 0.019930154 0.016370465 0.043375178 
6     0.004186195 0.000000000 0.002378784 0.006449746 0.006671785 0.015256463 0.015598108 0.015985181 0.016396148 0.012265536 0.012435886 0.011432988 0.012835366 0.013725589 0.014831835 0.014798320 0.015069120 0.014210080 0.016902893 0.014706027 0.014739730 0.014438231 0.015853672 0.014391421 0.013163337 0.013163000 0.019352441 0.014976554 0.015126741 0.020434837 0.017931568 0.017001515 0.018684626 0.019213420 0.017360526 0.017412111 0.017219575 0.013126730 0.012852007 0.012868659 0.012552609 0.015798886 0.013049151 0.015583756 0.014499025 0.015029018 0.015375495 0.015286045 0.019920876 0.016361188 0.043365900 
14     0.003569385 0.002378784 0.000000000 0.005791829 0.006013868 0.014602388 0.014943332 0.015330406 0.015741373 0.011610761 0.011781110 0.010778896 0.012180591 0.013070814 0.014177060 0.014143545 0.014414344 0.013555305 0.016248118 0.014051252 0.014084955 0.013783456 0.015198897 0.013736646 0.012508562 0.012508225 0.018697666 0.014321779 0.014471966 0.019780062 0.017276535 0.016346739 0.018029850 0.018558644 0.016705751 0.016757543 0.016564800 0.012471955 0.012197232 0.012213883 0.011897834 0.015144110 0.012394376 0.014927995 0.013844250 0.014374243 0.014720720 0.014631270 0.019266101 0.015706413 0.042711125 
5     0.006465344 0.006449746 0.005791829 0.000000000 0.002493234 0.014756210 0.015094590 0.015483677 0.015894644 0.011744899 0.011915249 0.010933550 0.012348265 0.013233538 0.014462490 0.014428975 0.014699774 0.013840735 0.016533547 0.014337514 0.014371217 0.014069718 0.015485159 0.014022908 0.012794824 0.012794487 0.018987112 0.014611225 0.014761411 0.020065124 0.017575824 0.016642485 0.018325498 0.018856095 0.017003016 0.017055523 0.016862066 0.012776987 0.012498998 0.012518916 0.012202866 0.015449372 0.012704994 0.015243598 0.014152584 0.014682577 0.015029054 0.014939604 0.019574435 0.016014747 0.042933512 
12     0.006687383 0.006671785 0.006013868 0.002493234 0.000000000 0.014973751 0.015312132 0.015701218 0.016112185 0.011962428 0.012132778 0.011151092 0.012566923 0.013451087 0.014680159 0.014646643 0.014917443 0.014058403 0.016751216 0.014555183 0.014588886 0.014287387 0.015702828 0.014240577 0.013012493 0.013012156 0.019204780 0.014828894 0.014979080 0.020282793 0.017793492 0.016860154 0.018543167 0.019072996 0.017219977 0.017272483 0.017079026 0.012988042 0.012711142 0.012729869 0.012413820 0.015665023 0.012917874 0.015456983 0.014365969 0.014895962 0.015242439 0.015152989 0.019788787 0.016229099 0.043151180 
4     0.015267293 0.015256463 0.014602388 0.014756210 0.014973751 0.000000000 0.006736514 0.007334706 0.007645840 0.013040380 0.013277653 0.012194127 0.015167412 0.016107940 0.019288474 0.019254958 0.019525758 0.018666719 0.021366802 0.019183348 0.019245408 0.018943909 0.020359349 0.018897099 0.017666595 0.017668678 0.023851418 0.019465993 0.019616180 0.024930013 0.022451859 0.021515903 0.023194748 0.023740735 0.021888123 0.021941043 0.021746800 0.017662046 0.017337063 0.017403975 0.017087925 0.020355727 0.017533164 0.020084023 0.018984533 0.019534329 0.019862685 0.019773236 0.024392908 0.020851159 0.047778055 
10     0.015607188 0.015598108 0.014943332 0.015094590 0.015312132 0.006736514 0.000000000 0.006191534 0.006393049 0.013363801 0.013601074 0.012495686 0.015486980 0.016437719 0.019619466 0.019585951 0.019856750 0.018997711 0.021697794 0.019519443 0.019576393 0.019274894 0.020690335 0.019228084 0.017997581 0.017999664 0.024182407 0.019796983 0.019947170 0.025261003 0.022782857 0.021846901 0.023525746 0.024071741 0.022219130 0.022272050 0.022077806 0.017994818 0.017669836 0.017736747 0.017420697 0.020688500 0.017866142 0.020417769 0.019318154 0.019868074 0.020196431 0.020106981 0.024734047 0.021184912 0.048109315 
9     0.015992976 0.015985181 0.015330406 0.015483677 0.015701218 0.007334706 0.006191534 0.000000000 0.001952643 0.013771782 0.014009055 0.012903360 0.015915789 0.016851053 0.020013439 0.019979924 0.020250723 0.019391684 0.022091767 0.019913416 0.019970366 0.019668867 0.021084308 0.019622057 0.018391554 0.018393637 0.024576380 0.020190956 0.020341143 0.025654976 0.023176830 0.022240874 0.023919719 0.024468860 0.022616249 0.022669169 0.022474926 0.018391938 0.018066955 0.018133866 0.017817817 0.021085619 0.018263261 0.020814888 0.019715417 0.020265194 0.020593550 0.020504100 0.025131166 0.021582032 0.048509865 
3     0.016403943 0.016396148 0.015741373 0.015894644 0.016112185 0.007645840 0.006393049 0.001952643 0.000000000 0.014182749 0.014420022 0.013309848 0.016326755 0.017262020 0.020424406 0.020390891 0.020661690 0.019802651 0.022502734 0.020324383 0.020381333 0.020079834 0.021495274 0.020033024 0.018802521 0.018804604 0.024987347 0.020601923 0.020752109 0.026065943 0.023587796 0.022651841 0.024330685 0.024879827 0.023027216 0.023080136 0.022885892 0.018802904 0.018477922 0.018544833 0.018228783 0.021496586 0.018674228 0.021225855 0.020125844 0.020676160 0.021004517 0.020915067 0.025542133 0.021992998 0.048920832 
13     0.012274616 0.012265536 0.011610761 0.011744899 0.011962428 0.013040380 0.013363801 0.013771782 0.014182749 0.000000000 0.002508484 0.008549090 0.012114495 0.013012961 0.016361073 0.016327558 0.016598357 0.015739318 0.018439401 0.016281985 0.016316282 0.016014783 0.017430224 0.015967973 0.014737418 0.014739552 0.020921854 0.016536428 0.016686614 0.022000471 0.019533657 0.018582556 0.020276389 0.020788315 0.018935705 0.018988625 0.018794382 0.014694192 0.014369210 0.014436121 0.014120071 0.017439096 0.014618508 0.017168613 0.016070248 0.016618918 0.016947275 0.016857825 0.021480126 0.017936314 0.044780256 
2     0.012444966 0.012435886 0.011781110 0.011915249 0.012132778 0.013277653 0.013601074 0.014009055 0.014420022 0.002508484 0.000000000 0.008792617 0.012310831 0.013209297 0.016353238 0.016330397 0.016601197 0.015762783 0.018468339 0.016333140 0.016367436 0.016065937 0.017481378 0.016019127 0.014788572 0.014790706 0.020973008 0.016587582 0.016737769 0.022051625 0.019598362 0.018643518 0.020341095 0.020864171 0.019011561 0.019064481 0.018870238 0.014770048 0.014445065 0.014511977 0.014195927 0.017514952 0.014691732 0.017241836 0.016143472 0.016692141 0.017020498 0.016931048 0.021553349 0.018009538 0.044900886 
1     0.011442843 0.011432988 0.010778896 0.010933550 0.011151092 0.012194127 0.012495686 0.012903360 0.013309848 0.008549090 0.008792617 0.000000000 0.011486234 0.012384213 0.015558542 0.015525027 0.015795826 0.014936787 0.017636870 0.015474892 0.015509189 0.015207690 0.016623131 0.015160880 0.013929623 0.013932459 0.020115178 0.015729752 0.015879938 0.021193795 0.018732517 0.017794832 0.019472867 0.019995364 0.018142753 0.018195673 0.018001987 0.013881754 0.013550703 0.013623683 0.013307634 0.016628251 0.013820017 0.016374997 0.015275536 0.015824149 0.016152505 0.016063055 0.020692343 0.017136471 0.044076194 
8     0.012844446 0.012835366 0.012180591 0.012348265 0.012566923 0.015167412 0.015486980 0.015915789 0.016326755 0.012114495 0.012310831 0.011486234 0.000000000 0.004728971 0.016692578 0.016659063 0.016929862 0.016070823 0.018760187 0.016496183 0.016529886 0.016228387 0.017643828 0.016181577 0.014951159 0.014953156 0.021179777 0.016780731 0.016930918 0.022246117 0.019721000 0.018784168 0.020459136 0.021053380 0.019200786 0.019254882 0.019059463 0.015015255 0.014684127 0.014757184 0.014441134 0.017745650 0.014951121 0.017500749 0.016402814 0.016917283 0.017280577 0.017191127 0.021820796 0.018264924 0.045096625 
11     0.013734670 0.013725589 0.013070814 0.013233538 0.013451087 0.016107940 0.016437719 0.016851053 0.017262020 0.013012961 0.013209297 0.012384213 0.004728971 0.000000000 0.017589972 0.017556457 0.017827257 0.016968217 0.019657726 0.017393579 0.017427282 0.017125783 0.018541224 0.017078973 0.015848555 0.015850552 0.022077173 0.017678127 0.017828314 0.023143513 0.020618388 0.019681556 0.021356524 0.021950807 0.020098207 0.020152313 0.019956884 0.015912644 0.015581516 0.015654573 0.015338523 0.018642922 0.015848510 0.018398138 0.017300203 0.017806702 0.018177966 0.018088516 0.022718185 0.019162313 0.045993897 
23     0.014841113 0.014831835 0.014177060 0.014462490 0.014680159 0.019288474 0.019619466 0.020013439 0.020424406 0.016361073 0.016353238 0.015558542 0.016692578 0.017589972 0.000000000 0.001578019 0.003496142 0.003639460 0.007167141 0.011499899 0.011509913 0.011210004 0.012632502 0.011168156 0.009934591 0.009933818 0.016111639 0.011709571 0.011860225 0.017194439 0.017311999 0.016379374 0.018101198 0.018702307 0.016851040 0.016906274 0.016685808 0.014234094 0.013902853 0.013976023 0.013659973 0.016837387 0.014200007 0.016756732 0.015661497 0.016195109 0.016538718 0.016449286 0.021115212 0.017548799 0.045991706 
42     0.014807597 0.014798320 0.014143545 0.014428975 0.014646643 0.019254958 0.019585951 0.019979924 0.020390891 0.016327558 0.016330397 0.015525027 0.016659063 0.017556457 0.001578019 0.000000000 0.003357097 0.003585574 0.007132453 0.011466384 0.011476398 0.011176489 0.012598987 0.011134641 0.009901076 0.009900303 0.016078124 0.011676055 0.011826710 0.017160924 0.017278484 0.016345859 0.018067683 0.018668792 0.016817524 0.016872759 0.016652292 0.014200579 0.013869338 0.013942508 0.013626458 0.016803871 0.014166492 0.016723217 0.015627982 0.016161594 0.016505203 0.016415771 0.021081696 0.017515283 0.045958191 
50     0.015078397 0.015069120 0.014414344 0.014699774 0.014917443 0.019525758 0.019856750 0.020250723 0.020661690 0.016598357 0.016601197 0.015795826 0.016929862 0.017827257 0.003496142 0.003357097 0.000000000 0.003848767 0.007380577 0.011737183 0.011747197 0.011447288 0.012869787 0.011405440 0.010171875 0.010171102 0.016348923 0.011946855 0.012097509 0.017431723 0.017549283 0.016616658 0.018338482 0.018939591 0.017088324 0.017143558 0.016922556 0.014471378 0.014140137 0.014213307 0.013897257 0.017074671 0.014437291 0.016994016 0.015898781 0.016432393 0.016776002 0.016686570 0.021352496 0.017786083 0.046228990 
40     0.014219358 0.014210080 0.013555305 0.013840735 0.014058403 0.018666719 0.018997711 0.019391684 0.019802651 0.015739318 0.015762783 0.014936787 0.016070823 0.016968217 0.003639460 0.003585574 0.003848767 0.000000000 0.006497363 0.010877607 0.010887621 0.010587712 0.012010210 0.010545864 0.009312299 0.009311526 0.015490390 0.011088814 0.011239353 0.016572147 0.016649127 0.015716502 0.017456702 0.018070249 0.016218981 0.016274215 0.016054882 0.013609438 0.013278197 0.013351367 0.013035318 0.016205709 0.013581744 0.016137383 0.015042148 0.015575760 0.015919369 0.015829937 0.020495863 0.016929450 0.045369396 
46     0.016912170 0.016902893 0.016248118 0.016533547 0.016751216 0.021366802 0.021697794 0.022091767 0.022502734 0.018439401 0.018468339 0.017636870 0.018760187 0.019657726 0.007167141 0.007132453 0.007380577 0.006497363 0.000000000 0.013577758 0.013587772 0.013287863 0.014710362 0.013246015 0.012012450 0.012011677 0.018165216 0.013761443 0.013911982 0.019272353 0.019377846 0.018445221 0.020117513 0.020719730 0.018868463 0.018923697 0.018704483 0.016318228 0.015986987 0.016060157 0.015744108 0.018921521 0.016284080 0.018840867 0.017745631 0.018279243 0.018622853 0.018533421 0.023199346 0.019632933 0.048063296 
36     0.014715304 0.014706027 0.014051252 0.014337514 0.014555183 0.019183348 0.019519443 0.019913416 0.020324383 0.016281985 0.016333140 0.015474892 0.016496183 0.017393579 0.011499899 0.011466384 0.011737183 0.010877607 0.013577758 0.000000000 0.002665800 0.002687339 0.006614794 0.005118177 0.004354369 0.004377025 0.012623645 0.008252200 0.008401996 0.013569584 0.017155890 0.016223140 0.017919783 0.018590737 0.016738762 0.016793704 0.016568213 0.014168615 0.013837374 0.013910544 0.013594494 0.016767001 0.014082115 0.016613922 0.015520968 0.016054411 0.016398015 0.016308589 0.020979110 0.017411232 0.045848960 
31     0.014749007 0.014739730 0.014084955 0.014371217 0.014588886 0.019245408 0.019576393 0.019970366 0.020381333 0.016316282 0.016367436 0.015509189 0.016529886 0.017427282 0.011509913 0.011476398 0.011747197 0.010887621 0.013587772 0.002665800 0.000000000 0.002736959 0.006562124 0.005137823 0.004329623 0.004359864 0.012656644 0.008285200 0.008434996 0.013703486 0.017174074 0.016241324 0.017937108 0.018609402 0.016757427 0.016812370 0.016586879 0.014189376 0.013858134 0.013931304 0.013615255 0.016787761 0.014102930 0.016634736 0.015541782 0.016075226 0.016418829 0.016329403 0.020999870 0.017431992 0.045870014 
21     0.014447508 0.014438231 0.013783456 0.014069718 0.014287387 0.018943909 0.019274894 0.019668867 0.020079834 0.016014783 0.016065937 0.015207690 0.016228387 0.017125783 0.011210004 0.011176489 0.011447288 0.010587712 0.013287863 0.002687339 0.002736959 0.000000000 0.006304495 0.004806382 0.004033414 0.004074445 0.012339453 0.007968009 0.008117805 0.013386317 0.016873265 0.015940515 0.017634131 0.018308594 0.016456619 0.016511561 0.016286070 0.013887760 0.013556519 0.013629689 0.013313639 0.016486146 0.013801260 0.016333067 0.015240113 0.015773557 0.016117160 0.016027734 0.020698255 0.017130377 0.045568451 
24     0.015862949 0.015853672 0.015198897 0.015485159 0.015702828 0.020359349 0.020690335 0.021084308 0.021495274 0.017430224 0.017481378 0.016623131 0.017643828 0.018541224 0.012632502 0.012598987 0.012869787 0.012010210 0.014710362 0.006614794 0.006562124 0.006304495 0.000000000 0.004339213 0.005426358 0.005446345 0.013795178 0.009427254 0.009577141 0.014863546 0.018291435 0.017358685 0.019055654 0.019715698 0.017863722 0.017914399 0.017693174 0.015303448 0.014972207 0.015045377 0.014729327 0.017901834 0.015217003 0.017748809 0.016655855 0.017189299 0.017532902 0.017443476 0.022113943 0.018546872 0.046983956 
44     0.014400698 0.014391421 0.013736646 0.014022908 0.014240577 0.018897099 0.019228084 0.019622057 0.020033024 0.015967973 0.016019127 0.015160880 0.016181577 0.017078973 0.011168156 0.011134641 0.011405440 0.010545864 0.013246015 0.005118177 0.005137823 0.004806382 0.004339213 0.000000000 0.003973894 0.003993883 0.012310718 0.007943407 0.008093203 0.013380809 0.016827865 0.015895115 0.017593782 0.018263373 0.016411398 0.016466341 0.016240850 0.013841197 0.013509956 0.013583126 0.013267077 0.016439583 0.013754752 0.016286558 0.015193604 0.015727048 0.016070651 0.015981225 0.020651692 0.017084621 0.045521705 
16     0.013172614 0.013163337 0.012508562 0.012794824 0.013012493 0.017666595 0.017997581 0.018391554 0.018802521 0.014737418 0.014788572 0.013929623 0.014951159 0.015848555 0.009934591 0.009901076 0.010171875 0.009312299 0.012012450 0.004354369 0.004329623 0.004033414 0.005426358 0.003973894 0.000000000 0.001629046 0.011141830 0.006772062 0.006921858 0.012176139 0.015599333 0.014666583 0.016365334 0.017035070 0.015183095 0.015238038 0.015008737 0.012613441 0.012282200 0.012355370 0.012039320 0.015211832 0.012526794 0.015058629 0.013965676 0.014499119 0.014842723 0.014753297 0.019423818 0.015855108 0.044293526 
25     0.013172277 0.013163000 0.012508225 0.012794487 0.013012156 0.017668678 0.017999664 0.018393637 0.018804604 0.014739552 0.014790706 0.013932459 0.014953156 0.015850552 0.009933818 0.009900303 0.010171102 0.009311526 0.012011677 0.004377025 0.004359864 0.004074445 0.005446345 0.003993883 0.001629046 0.000000000 0.011144282 0.006774524 0.006924320 0.012179539 0.015598034 0.014665284 0.016363952 0.017033721 0.015181746 0.015236688 0.015000524 0.012612457 0.012281216 0.012354386 0.012038336 0.015210843 0.012526029 0.015057836 0.013964882 0.014498326 0.014841929 0.014752503 0.019423024 0.015854890 0.044293220 
27     0.019361718 0.019352441 0.018697666 0.018987112 0.019204780 0.023851418 0.024182407 0.024576380 0.024987347 0.020921854 0.020973008 0.020115178 0.021179777 0.022077173 0.016111639 0.016078124 0.016348923 0.015490390 0.018165216 0.012623645 0.012656644 0.012339453 0.013795178 0.012310718 0.011141830 0.011144282 0.000000000 0.010606907 0.010745627 0.018088286 0.021853649 0.020920899 0.022619026 0.023254426 0.021402451 0.021457932 0.021234769 0.018802723 0.018471482 0.018544652 0.018228602 0.021400735 0.018725212 0.021259450 0.020166718 0.020700162 0.021043754 0.020954339 0.025624088 0.022059955 0.050109750 
28     0.014985831 0.014976554 0.014321779 0.014611225 0.014828894 0.019465993 0.019796983 0.020190956 0.020601923 0.016536428 0.016587582 0.015729752 0.016780731 0.017678127 0.011709571 0.011676055 0.011946855 0.011088814 0.013761443 0.008252200 0.008285200 0.007968009 0.009427254 0.007943407 0.006772062 0.006774524 0.010606907 0.000000000 0.003048154 0.013637027 0.017440778 0.016508027 0.018204055 0.018842084 0.016990109 0.017045590 0.016822428 0.014399914 0.014068672 0.014141842 0.013825793 0.016955442 0.014317216 0.016855620 0.015762888 0.016296332 0.016639922 0.016550509 0.021222348 0.017658216 0.046125782 
18     0.015136018 0.015126741 0.014471966 0.014761411 0.014979080 0.019616180 0.019947170 0.020341143 0.020752109 0.016686614 0.016737769 0.015879938 0.016930918 0.017828314 0.011860225 0.011826710 0.012097509 0.011239353 0.013911982 0.008401996 0.008434996 0.008117805 0.009577141 0.008093203 0.006921858 0.006924320 0.010745627 0.003048154 0.000000000 0.013786625 0.017590964 0.016658214 0.018354241 0.018992271 0.017140296 0.017195777 0.016972615 0.014550100 0.014218859 0.014292029 0.013975979 0.017105629 0.014467403 0.017005806 0.015913075 0.016446519 0.016790102 0.016700696 0.021372535 0.017808402 0.046275969 
34     0.020444115 0.020434837 0.019780062 0.020065124 0.020282793 0.024930013 0.025261003 0.025654976 0.026065943 0.022000471 0.022051625 0.021193795 0.022246117 0.023143513 0.017194439 0.017160924 0.017431723 0.016572147 0.019272353 0.013569584 0.013703486 0.013386317 0.014863546 0.013380809 0.012176139 0.012179539 0.018088286 0.013637027 0.013786625 0.000000000 0.022865570 0.021935221 0.023652672 0.024324723 0.022472748 0.022527691 0.022306550 0.019869342 0.019538101 0.019611271 0.019295221 0.022458112 0.019758238 0.022284581 0.021200048 0.021733492 0.022077097 0.021987669 0.026666079 0.023101947 0.051576605 
41     0.017942516 0.017931568 0.017276535 0.017575824 0.017793492 0.022451859 0.022782857 0.023176830 0.023587796 0.019533657 0.019598362 0.018732517 0.019721000 0.020618388 0.017311999 0.017278484 0.017549283 0.016649127 0.019377846 0.017155890 0.017174074 0.016873265 0.018291435 0.016827865 0.015599333 0.015598034 0.021853649 0.017440778 0.017590964 0.022865570 0.000000000 0.004416153 0.014966773 0.021123805 0.019273082 0.019328396 0.019141912 0.017404042 0.017080835 0.017145970 0.016829921 0.020059691 0.017346432 0.019899784 0.018804488 0.019336803 0.019680424 0.019590980 0.024220335 0.020665421 0.049157165 
33     0.017010792 0.017001515 0.016346739 0.016642485 0.016860154 0.021515903 0.021846901 0.022240874 0.022651841 0.018582556 0.018643518 0.017794832 0.018784168 0.019681556 0.016379374 0.016345859 0.016616658 0.015716502 0.018445221 0.016223140 0.016241324 0.015940515 0.017358685 0.015895115 0.014666583 0.014665284 0.020920899 0.016508027 0.016658214 0.021935221 0.004416153 0.000000000 0.014036756 0.020197041 0.018346319 0.018401633 0.018215149 0.016471680 0.016148473 0.016213608 0.015897559 0.019127329 0.016414070 0.018967422 0.017872126 0.018404441 0.018748062 0.018658618 0.023287973 0.019733059 0.048225322 
35     0.018693903 0.018684626 0.018029850 0.018325498 0.018543167 0.023194748 0.023525746 0.023919719 0.024330685 0.020276389 0.020341095 0.019472867 0.020459136 0.021356524 0.018101198 0.018067683 0.018338482 0.017456702 0.020117513 0.017919783 0.017937108 0.017634131 0.019055654 0.017593782 0.016365334 0.016363952 0.022619026 0.018204055 0.018354241 0.023652672 0.014966773 0.014036756 0.000000000 0.021882069 0.020031298 0.020086611 0.019900128 0.018139163 0.017815957 0.017881092 0.017565042 0.020794572 0.018073040 0.020625550 0.019530254 0.020062569 0.020406190 0.020316747 0.024948660 0.021394287 0.049892927 
37     0.019222697 0.019213420 0.018558644 0.018856095 0.019072996 0.023740735 0.024071741 0.024468860 0.024879827 0.020788315 0.020864171 0.019995364 0.021053380 0.021950807 0.018702307 0.018668792 0.018939591 0.018070249 0.020719730 0.018590737 0.018609402 0.018308594 0.019715698 0.018263373 0.017035070 0.017033721 0.023254426 0.018842084 0.018992271 0.024324723 0.021123805 0.020197041 0.021882069 0.000000000 0.006788500 0.006886247 0.006749999 0.018672968 0.018349761 0.018414897 0.018098847 0.021352986 0.018745992 0.021276844 0.020181324 0.020712191 0.021055813 0.020966369 0.025636555 0.022069809 0.050465361 
32     0.017369803 0.017360526 0.016705751 0.017003016 0.017219977 0.021888123 0.022219130 0.022616249 0.023027216 0.018935705 0.019011561 0.018142753 0.019200786 0.020098207 0.016851040 0.016817524 0.017088324 0.016218981 0.018868463 0.016738762 0.016757427 0.016456619 0.017863722 0.016411398 0.015183095 0.015181746 0.021402451 0.016990109 0.017140296 0.022472748 0.019273082 0.018346319 0.020031298 0.006788500 0.000000000 0.002593970 0.002467938 0.016824555 0.016501348 0.016566483 0.016250434 0.019504712 0.016897422 0.019428349 0.018332829 0.018864634 0.019208255 0.019118811 0.023787578 0.020221922 0.048613449 
49     0.017421670 0.017412111 0.016757543 0.017055523 0.017272483 0.021941043 0.022272050 0.022669169 0.023080136 0.018988625 0.019064481 0.018195673 0.019254882 0.020152313 0.016906274 0.016872759 0.017143558 0.016274215 0.018923697 0.016793704 0.016812370 0.016511561 0.017914399 0.016466341 0.015238038 0.015236688 0.021457932 0.017045590 0.017195777 0.022527691 0.019328396 0.018401633 0.020086611 0.006886247 0.002593970 0.000000000 0.002475425 0.016878573 0.016555367 0.016620502 0.016304452 0.019557857 0.016951283 0.019482123 0.018386603 0.018918407 0.019262028 0.019172584 0.023838328 0.020272078 0.048667012 
29     0.017228852 0.017219575 0.016564800 0.016862066 0.017079026 0.021746800 0.022077806 0.022474926 0.022885892 0.018794382 0.018870238 0.018001987 0.019059463 0.019956884 0.016685808 0.016652292 0.016922556 0.016054882 0.018704483 0.016568213 0.016586879 0.016286070 0.017693174 0.016240850 0.015008737 0.015000524 0.021234769 0.016822428 0.016972615 0.022306550 0.019141912 0.018215149 0.019900128 0.006749999 0.002467938 0.002475425 0.000000000 0.016682126 0.016358920 0.016424055 0.016108005 0.019361534 0.016755151 0.019288264 0.018192744 0.018724053 0.019067674 0.018978230 0.023647976 0.020082512 0.048472134 
38     0.013136007 0.013126730 0.012471955 0.012776987 0.012988042 0.017662046 0.017994818 0.018391938 0.018802904 0.014694192 0.014770048 0.013881754 0.015015255 0.015912644 0.014234094 0.014200579 0.014471378 0.013609438 0.016318228 0.014168615 0.014189376 0.013887760 0.015303448 0.013841197 0.012613441 0.012612457 0.018802723 0.014399914 0.014550100 0.019869342 0.017404042 0.016471680 0.018139163 0.018672968 0.016824555 0.016878573 0.016682126 0.000000000 0.003013054 0.002946066 0.002639205 0.010762267 0.011067488 0.013542064 0.012445168 0.012995249 0.013323611 0.013234191 0.017933784 0.014390174 0.044305978 
48     0.012861284 0.012852007 0.012197232 0.012498998 0.012711142 0.017337063 0.017669836 0.018066955 0.018477922 0.014369210 0.014445065 0.013550703 0.014684127 0.015581516 0.013902853 0.013869338 0.014140137 0.013278197 0.015986987 0.013837374 0.013858134 0.013556519 0.014972207 0.013509956 0.012282200 0.012281216 0.018471482 0.014068672 0.014218859 0.019538101 0.017080835 0.016148473 0.017815957 0.018349761 0.016501348 0.016555367 0.016358920 0.003013054 0.000000000 0.002588227 0.002290485 0.010512237 0.010809730 0.013283484 0.012187410 0.012737491 0.013065853 0.012976433 0.017675203 0.014123560 0.043646578 
43     0.012877936 0.012868659 0.012213883 0.012518916 0.012729869 0.017403975 0.017736747 0.018133866 0.018544833 0.014436121 0.014511977 0.013623683 0.014757184 0.015654573 0.013976023 0.013942508 0.014213307 0.013351367 0.016060157 0.013910544 0.013931304 0.013629689 0.015045377 0.013583126 0.012355370 0.012354386 0.018544652 0.014141842 0.014292029 0.019611271 0.017145970 0.016213608 0.017881092 0.018414897 0.016566483 0.016620502 0.016424055 0.002946066 0.002588227 0.000000000 0.001735005 0.010495539 0.010809416 0.013283993 0.012187097 0.012737178 0.013065539 0.012976120 0.017675719 0.014132103 0.044047906 
39     0.012561886 0.012552609 0.011897834 0.012202866 0.012413820 0.017087925 0.017420697 0.017817817 0.018228783 0.014120071 0.014195927 0.013307634 0.014441134 0.015338523 0.013659973 0.013626458 0.013897257 0.013035318 0.015744108 0.013594494 0.013615255 0.013313639 0.014729327 0.013267077 0.012039320 0.012038336 0.018228602 0.013825793 0.013975979 0.019295221 0.016829921 0.015897559 0.017565042 0.018098847 0.016250434 0.016304452 0.016108005 0.002639205 0.002290485 0.001735005 0.000000000 0.010176844 0.010493367 0.012967943 0.011871047 0.012421128 0.012749490 0.012660070 0.017359670 0.013816054 0.043731857 
15     0.015808163 0.015798886 0.015144110 0.015449372 0.015665023 0.020355727 0.020688500 0.021085619 0.021496586 0.017439096 0.017514952 0.016628251 0.017745650 0.018642922 0.016837387 0.016803871 0.017074671 0.016205709 0.018921521 0.016767001 0.016787761 0.016486146 0.017901834 0.016439583 0.015211832 0.015210843 0.021400735 0.016955442 0.017105629 0.022458112 0.020059691 0.019127329 0.020794572 0.021352986 0.019504712 0.019557857 0.019361534 0.010762267 0.010512237 0.010495539 0.010176844 0.000000000 0.013788143 0.016259706 0.015159525 0.015709607 0.016037968 0.015948549 0.020652907 0.017112672 0.046963446 
17     0.013058428 0.013049151 0.012394376 0.012704994 0.012917874 0.017533164 0.017866142 0.018263261 0.018674228 0.014618508 0.014691732 0.013820017 0.014951121 0.015848510 0.014200007 0.014166492 0.014437291 0.013581744 0.016284080 0.014082115 0.014102930 0.013801260 0.015217003 0.013754752 0.012526794 0.012526029 0.018725212 0.014317216 0.014467403 0.019758238 0.017346432 0.016414070 0.018073040 0.018745992 0.016897422 0.016951283 0.016755151 0.011067488 0.010809730 0.010809416 0.010493367 0.013788143 0.000000000 0.008017575 0.006932010 0.007461647 0.007786569 0.007700243 0.012636088 0.009068342 0.044137397 
19     0.015595141 0.015583756 0.014927995 0.015243598 0.015456983 0.020084023 0.020417769 0.020814888 0.021225855 0.017168613 0.017241836 0.016374997 0.017500749 0.018398138 0.016756732 0.016723217 0.016994016 0.016137383 0.018840867 0.016613922 0.016634736 0.016333067 0.017748809 0.016286558 0.015058629 0.015057836 0.021259450 0.016855620 0.017005806 0.022284581 0.019899784 0.018967422 0.020625550 0.021276844 0.019428349 0.019482123 0.019288264 0.013542064 0.013283484 0.013283993 0.012967943 0.016259706 0.008017575 0.000000000 0.003459754 0.004311789 0.004611085 0.004590112 0.015271832 0.011765807 0.046738160 
45     0.014508303 0.014499025 0.013844250 0.014152584 0.014365969 0.018984533 0.019318154 0.019715417 0.020125844 0.016070248 0.016143472 0.015275536 0.016402814 0.017300203 0.015661497 0.015627982 0.015898781 0.015042148 0.017745631 0.015520968 0.015541782 0.015240113 0.016655855 0.015193604 0.013965676 0.013964882 0.020166718 0.015762888 0.015913075 0.021200048 0.018804488 0.017872126 0.019530254 0.020181324 0.018332829 0.018386603 0.018192744 0.012445168 0.012187410 0.012187097 0.011871047 0.015159525 0.006932010 0.003459754 0.000000000 0.003197335 0.003541272 0.003475362 0.014179013 0.010666773 0.045640393 
30     0.015038295 0.015029018 0.014374243 0.014682577 0.014895962 0.019534329 0.019868074 0.020265194 0.020676160 0.016618918 0.016692141 0.015824149 0.016917283 0.017806702 0.016195109 0.016161594 0.016432393 0.015575760 0.018279243 0.016054411 0.016075226 0.015773557 0.017189299 0.015727048 0.014499119 0.014498326 0.020700162 0.016296332 0.016446519 0.021733492 0.019336803 0.018404441 0.020062569 0.020712191 0.018864634 0.018918407 0.018724053 0.012995249 0.012737491 0.012737178 0.012421128 0.015709607 0.007461647 0.004311789 0.003197335 0.000000000 0.002469382 0.002549332 0.014702440 0.011190590 0.046179118 
22     0.015384772 0.015375495 0.014720720 0.015029054 0.015242439 0.019862685 0.020196431 0.020593550 0.021004517 0.016947275 0.017020498 0.016152505 0.017280577 0.018177966 0.016538718 0.016505203 0.016776002 0.015919369 0.018622853 0.016398015 0.016418829 0.016117160 0.017532902 0.016070651 0.014842723 0.014841929 0.021043754 0.016639922 0.016790102 0.022077097 0.019680424 0.018748062 0.020406190 0.021055813 0.019208255 0.019262028 0.019067674 0.013323611 0.013065853 0.013065539 0.012749490 0.016037968 0.007786569 0.004611085 0.003541272 0.002469382 0.000000000 0.002865782 0.015027137 0.011515273 0.046516823 
26     0.015295322 0.015286045 0.014631270 0.014939604 0.015152989 0.019773236 0.020106981 0.020504100 0.020915067 0.016857825 0.016931048 0.016063055 0.017191127 0.018088516 0.016449286 0.016415771 0.016686570 0.015829937 0.018533421 0.016308589 0.016329403 0.016027734 0.017443476 0.015981225 0.014753297 0.014752503 0.020954339 0.016550509 0.016700696 0.021987669 0.019590980 0.018658618 0.020316747 0.020966369 0.019118811 0.019172584 0.018978230 0.013234191 0.012976433 0.012976120 0.012660070 0.015948549 0.007700243 0.004590112 0.003475362 0.002549332 0.002865782 0.000000000 0.014941333 0.011429483 0.046427373 
20     0.019930154 0.019920876 0.019266101 0.019574435 0.019788787 0.024392908 0.024734047 0.025131166 0.025542133 0.021480126 0.021553349 0.020692343 0.021820796 0.022718185 0.021115212 0.021081696 0.021352496 0.020495863 0.023199346 0.020979110 0.020999870 0.020698255 0.022113943 0.020651692 0.019423818 0.019423024 0.025624088 0.021222348 0.021372535 0.026666079 0.024220335 0.023287973 0.024948660 0.025636555 0.023787578 0.023838328 0.023647976 0.017933784 0.017675203 0.017675719 0.017359670 0.020652907 0.012636088 0.015271832 0.014179013 0.014702440 0.015027137 0.014941333 0.000000000 0.012427247 0.051070735 
47     0.016370465 0.016361188 0.015706413 0.016014747 0.016229099 0.020851159 0.021184912 0.021582032 0.021992998 0.017936314 0.018009538 0.017136471 0.018264924 0.019162313 0.017548799 0.017515283 0.017786083 0.016929450 0.019632933 0.017411232 0.017431992 0.017130377 0.018546872 0.017084621 0.015855108 0.015854890 0.022059955 0.017658216 0.017808402 0.023101947 0.020665421 0.019733059 0.021394287 0.022069809 0.020221922 0.020272078 0.020082512 0.014390174 0.014123560 0.014132103 0.013816054 0.017112672 0.009068342 0.011765807 0.010666773 0.011190590 0.011515273 0.011429483 0.012427247 0.000000000 0.047499928 
0     0.043375178 0.043365900 0.042711125 0.042933512 0.043151180 0.047778055 0.048109315 0.048509865 0.048920832 0.044780256 0.044900886 0.044076194 0.045096625 0.045993897 0.045991706 0.045958191 0.046228990 0.045369396 0.048063296 0.045848960 0.045870014 0.045568451 0.046983956 0.045521705 0.044293526 0.044293220 0.050109750 0.046125782 0.046275969 0.051576605 0.049157165 0.048225322 0.049892927 0.050465361 0.048613449 0.048667012 0.048472134 0.044305978 0.043646578 0.044047906 0.043731857 0.046963446 0.044137397 0.046738160 0.045640393 0.046179118 0.046516823 0.046427373 0.051070735 0.047499928 0.000000000 
