51
2     0.000000000 0.000319930 0.000055310 0.002041630 0.005645930 0.018496690 0.003155910 0.010037990 0.015648040 0.014810740 0.015131030 0.016949440 0.003869580 0.018606280 0.017766820 0.020861890 0.002522530 0.012930200 0.006807380 0.013470050 0.021252070 0.016196460 0.007897140 0.004136890 0.003520040 0.005008190 0.016204590 0.007678890 0.007463220 0.011063830 0.015118950 0.002617030 0.014386510 0.011753890 0.016974310 0.008465790 0.005805170 0.012280950 0.011863610 0.012980010 0.022474090 0.022204190 0.019711890 0.018310900 0.020269400 0.017002110 0.017166040 0.016502730 0.016582010 0.009915990 0.005103830 
8     0.000319930 0.000000000 0.000001870 0.000810170 0.001382550 0.010893640 0.008320410 0.004704790 0.012405870 0.013383490 0.008146950 0.008978310 0.002638120 0.006195070 0.010077430 0.007414100 0.002344650 0.008410340 0.004798000 0.005004070 0.010001940 0.005860860 0.001944030 0.001780730 0.004661140 0.005263760 0.017696460 0.005022910 0.015932630 0.014532850 0.013691700 0.010019270 0.008706050 0.013497680 0.019131140 0.005753870 0.003347650 0.010017280 0.004351940 0.004765570 0.013586910 0.012895340 0.007933590 0.012630440 0.013260340 0.007650520 0.015738790 0.015075480 0.007942870 0.014529300 0.000210010 
9     0.000055310 0.000001870 0.000000000 0.001839650 0.001394440 0.005279050 0.004768510 0.007393970 0.002615950 0.013803190 0.014123480 0.009399340 0.012402140 0.002650630 0.013854440 0.007505080 0.008309550 0.008075430 0.004485820 0.004860580 0.015750450 0.006984790 0.002449000 0.002285700 0.012817480 0.006228630 0.018116160 0.006490840 0.013611510 0.014851870 0.014111400 0.003616880 0.008371140 0.013162770 0.019143030 0.006167110 0.000813970 0.011730570 0.006765940 0.004777460 0.014091880 0.012907230 0.008024570 0.012295530 0.017643570 0.008565940 0.016158490 0.015495180 0.010059790 0.014949000 0.000168820 
11     0.002041630 0.000810170 0.001839650 0.000000000 0.000043290 0.004156780 0.006134460 0.007855520 0.009086720 0.012009370 0.012329660 0.014001490 0.001829350 0.000944260 0.004420560 0.001713620 0.004648870 0.006738470 0.010653880 0.007955460 0.016840890 0.011497710 0.003697570 0.006422410 0.004373890 0.007429550 0.004529820 0.014310290 0.014211770 0.007713840 0.005552420 0.004625420 0.004850590 0.011825810 0.010948570 0.006139820 0.011889710 0.008692420 0.009562010 0.004605130 0.016730100 0.010158060 0.002290050 0.002008730 0.004654170 0.014405760 0.009581350 0.013112120 0.003620250 0.008571820 0.013190340 
1     0.005645930 0.001382550 0.001394440 0.000043290 0.000000000 0.005273630 0.000404250 0.014417430 0.014001730 0.013164430 0.007757930 0.004947800 0.001401960 0.001454350 0.004691430 0.013436320 0.002161980 0.004703010 0.005244180 0.003789170 0.019605760 0.011169240 0.005416490 0.007577470 0.003787520 0.003155400 0.008023740 0.002014760 0.008155940 0.014313790 0.008544780 0.010216230 0.004998720 0.009790350 0.009982250 0.006654170 0.012210170 0.011229770 0.007672560 0.004276660 0.016287320 0.000817290 0.007826870 0.007545550 0.018602680 0.015560820 0.008549970 0.014856420 0.013546070 0.008343400 0.006489720 
12     0.018496690 0.010893640 0.005279050 0.004156780 0.005273630 0.000000000 0.014061530 0.023536290 0.024222320 0.024844860 0.025165150 0.007173570 0.022011720 0.009346750 0.012437550 0.016261730 0.023368710 0.007014870 0.003731040 0.019688350 0.020756530 0.024570980 0.010958360 0.012727560 0.010575500 0.005140350 0.007668880 0.005622510 0.005574400 0.003414150 0.005648650 0.012831660 0.010017850 0.020789850 0.022429240 0.012755200 0.005672030 0.008559130 0.017415380 0.018531780 0.007156790 0.020183260 0.011802530 0.010819650 0.019288310 0.023952070 0.015726250 0.020684320 0.017460350 0.021771740 0.012548210 
10     0.003155910 0.008320410 0.004768510 0.006134460 0.000404250 0.014061530 0.000000000 0.011879080 0.010478980 0.011554860 0.012212820 0.002462780 0.001039010 0.001091400 0.008210000 0.012192590 0.005812150 0.009782380 0.008852090 0.001350570 0.021476740 0.016421130 0.007909500 0.004814080 0.000555930 0.009695970 0.017349030 0.004509350 0.004813110 0.016184770 0.004529340 0.004796060 0.010976470 0.004623480 0.006436930 0.009091040 0.010901260 0.008342780 0.000781530 0.000920080 0.005171790 0.003255030 0.017113920 0.010876080 0.005452610 0.002000920 0.003825750 0.007291650 0.006274030 0.007798800 0.002269560 
4     0.010037990 0.004704790 0.007393970 0.007855520 0.014417430 0.023536290 0.011879080 0.000000000 0.000844530 0.009977280 0.010297570 0.005565380 0.011972900 0.007751010 0.011399670 0.017228450 0.001621030 0.007226460 0.005275180 0.007095350 0.016864990 0.011809380 0.007477330 0.008389250 0.011987580 0.020912250 0.007900390 0.019239460 0.021036020 0.011573020 0.010731870 0.011681090 0.016575110 0.018674560 0.018501700 0.005082980 0.007683860 0.012103380 0.018413160 0.018050910 0.010394510 0.011473550 0.007769210 0.007655390 0.015882320 0.012820050 0.003458420 0.012115650 0.012194930 0.010630500 0.008248340 
7     0.015648040 0.012405870 0.002615950 0.009086720 0.014001730 0.024222320 0.010478980 0.000844530 0.000000000 0.000281910 0.002958000 0.007488640 0.013009170 0.006332980 0.015803590 0.016812750 0.001205330 0.008127420 0.000887770 0.008167300 0.012636670 0.011393680 0.006059300 0.006971220 0.005873080 0.014671290 0.006482360 0.012879270 0.005641360 0.011157320 0.009328690 0.011265390 0.020328040 0.018258860 0.018086000 0.004594590 0.006265830 0.010183840 0.017997460 0.017635210 0.012429480 0.012159580 0.008094520 0.007980700 0.015466620 0.012404350 0.006080650 0.011699950 0.010977230 0.000596300 0.007663210 
5     0.014810740 0.013383490 0.013803190 0.012009370 0.013164430 0.024844860 0.011554860 0.009977280 0.000281910 0.000000000 0.000006940 0.008331940 0.012171870 0.007628050 0.014966290 0.014534810 0.006573380 0.007290120 0.010710090 0.011119290 0.015611990 0.010556380 0.015415640 0.001093820 0.009946800 0.007612470 0.013483630 0.013241610 0.009446710 0.010320020 0.009478870 0.010428090 0.000848460 0.017421560 0.017248700 0.011720010 0.017959440 0.009163740 0.006417570 0.016797910 0.009569460 0.009861360 0.014071810 0.005553640 0.014629320 0.011567050 0.011525960 0.010862650 0.010941930 0.010316470 0.013898510 
3     0.015131030 0.008146950 0.014123480 0.012329660 0.007757930 0.025165150 0.012212820 0.010297570 0.002958000 0.000006940 0.000000000 0.007440560 0.002967780 0.010622280 0.008551960 0.004712620 0.004926600 0.005982370 0.011030380 0.006978640 0.015932280 0.010876670 0.015735930 0.017896910 0.009987150 0.002837130 0.013803920 0.013899570 0.014203330 0.010640310 0.009799160 0.006011760 0.003980670 0.017741850 0.017568990 0.016441930 0.018279730 0.015162380 0.012416210 0.017118200 0.015568100 0.015860000 0.011454670 0.014684560 0.014949610 0.011887340 0.005612070 0.011182940 0.011262220 0.010636760 0.006275130 
6     0.016949440 0.008978310 0.009399340 0.014001490 0.004947800 0.007173570 0.002462780 0.005565380 0.007488640 0.008331940 0.007440560 0.000000000 0.003561770 0.005028930 0.003096570 0.016454550 0.003814750 0.004524820 0.005416970 0.005787740 0.005319650 0.005384120 0.014909490 0.017422380 0.003822300 0.016923840 0.004873530 0.002526400 0.002427330 0.003672300 0.002831150 0.005090770 0.013563940 0.006670280 0.011312460 0.004646400 0.011202350 0.015668050 0.014372200 0.017277010 0.011184560 0.006726970 0.003992320 0.003878500 0.008929420 0.002956950 0.009650940 0.006408730 0.006520350 0.008441450 0.000299250 
13     0.003869580 0.002638120 0.012402140 0.001829350 0.001401960 0.022011720 0.001039010 0.011972900 0.013009170 0.012171870 0.002967780 0.003561770 0.000000000 0.000353070 0.001098510 0.007436280 0.005847270 0.001819290 0.001710260 0.006688680 0.009340390 0.006246630 0.006494930 0.007731740 0.006303970 0.006428830 0.005290060 0.017255590 0.017430740 0.004534810 0.003693660 0.002076350 0.000000600 0.011485350 0.013048000 0.015109130 0.016946930 0.007479840 0.018501770 0.004318140 0.018844470 0.011230850 0.012064730 0.011762200 0.012290710 0.001326520 0.010513450 0.009850140 0.009929420 0.009303960 0.008832370 
26     0.018606280 0.006195070 0.002650630 0.000944260 0.001454350 0.009346750 0.001091400 0.007751010 0.006332980 0.007628050 0.010622280 0.005028930 0.000353070 0.000000000 0.000177480 0.005653780 0.007307660 0.008815950 0.003036160 0.009221140 0.007624930 0.008059790 0.000729960 0.001673400 0.002451800 0.006401610 0.000530660 0.011826200 0.011778090 0.007551450 0.004395510 0.002049130 0.001323350 0.002486010 0.000924790 0.001393420 0.010325650 0.005764380 0.015900310 0.015538060 0.017440970 0.003263160 0.006370150 0.011079110 0.008412590 0.012622770 0.014219110 0.010251630 0.009234010 0.010758780 0.004126690 
43     0.017766820 0.010077430 0.013854440 0.004420560 0.004691430 0.012437550 0.008210000 0.011399670 0.015803590 0.014966290 0.008551960 0.003096570 0.001098510 0.000177480 0.000000000 0.001370710 0.005221950 0.002550660 0.002463700 0.007754160 0.009700460 0.009865350 0.007338400 0.008590170 0.010647450 0.008091630 0.010768810 0.008919700 0.009094850 0.008485720 0.009450600 0.002890510 0.001457290 0.019543960 0.013922060 0.014259520 0.015911940 0.019148830 0.016480190 0.016117940 0.017449760 0.003842560 0.012025720 0.010723840 0.013265230 0.002203670 0.013052230 0.007072860 0.004697110 0.010203160 0.017832840 
17     0.020861890 0.007414100 0.007505080 0.001713620 0.013436320 0.016261730 0.012192590 0.017228450 0.016812750 0.014534810 0.004712620 0.016454550 0.007436280 0.005653780 0.001370710 0.000000000 0.000283660 0.001989780 0.007213950 0.001124920 0.010176190 0.010341080 0.007033890 0.009065900 0.013335630 0.008567360 0.016009850 0.009395430 0.009570580 0.008961450 0.009926330 0.008561250 0.024635930 0.022566750 0.022129270 0.014735250 0.016387670 0.019624560 0.017489350 0.017127100 0.017925490 0.009527660 0.008941550 0.016502490 0.013740960 0.008886730 0.016671150 0.016007840 0.016087120 0.015461660 0.017103560 
16     0.002522530 0.002344650 0.008309550 0.004648870 0.002161980 0.023368710 0.005812150 0.001621030 0.001205330 0.006573380 0.004926600 0.003814750 0.005847270 0.007307660 0.005221950 0.000283660 0.000000000 0.000067620 0.001228640 0.002894260 0.005519980 0.001310780 0.007033980 0.003296560 0.007079420 0.006613690 0.002690000 0.005176970 0.013837290 0.001657630 0.000082380 0.000138960 0.018618560 0.018136510 0.004157710 0.015328090 0.009814030 0.018258020 0.017875110 0.017512860 0.003743010 0.000441410 0.005535890 0.007608950 0.012555730 0.004090990 0.010732070 0.011357690 0.011656880 0.006592190 0.004373220 
27     0.012930200 0.008410340 0.008075430 0.006738470 0.004703010 0.007014870 0.009782380 0.007226460 0.008127420 0.007290120 0.005982370 0.004524820 0.001819290 0.008815950 0.002550660 0.001989780 0.000067620 0.000000000 0.001874450 0.000160580 0.008827450 0.003771840 0.013535100 0.000880320 0.003950040 0.007886960 0.004943810 0.014264530 0.014439680 0.003535480 0.000017760 0.000314700 0.006615810 0.011217060 0.011354440 0.010227380 0.012065180 0.009702380 0.006943140 0.004469910 0.013962720 0.010159970 0.008177550 0.008470010 0.001169540 0.004782510 0.005631700 0.004968390 0.005047670 0.004422210 0.008004250 
37     0.006807380 0.004798000 0.004485820 0.010653880 0.005244180 0.003731040 0.008852090 0.005275180 0.000887770 0.010710090 0.011030380 0.005416970 0.001710260 0.003036160 0.002463700 0.007213950 0.001228640 0.001874450 0.000000000 0.001333420 0.009840460 0.002619510 0.003448360 0.003386870 0.003643540 0.013852430 0.007591240 0.009915320 0.001114340 0.004427630 0.003586480 0.004229150 0.006550480 0.005552460 0.001483700 0.003185480 0.005547000 0.010784350 0.015741780 0.014442410 0.003633940 0.015283250 0.004838530 0.004556300 0.001274400 0.005674660 0.009051670 0.008388360 0.003875980 0.007842180 0.007465890 
41     0.013470050 0.005004070 0.004860580 0.007955460 0.003789170 0.019688350 0.001350570 0.007095350 0.008167300 0.011119290 0.006978640 0.005787740 0.006688680 0.009221140 0.007754160 0.001124920 0.002894260 0.000160580 0.001333420 0.000000000 0.008486660 0.005194050 0.003211430 0.003827910 0.001476190 0.008021570 0.008000440 0.008849640 0.007325500 0.002707070 0.003995680 0.000257390 0.007830790 0.013097520 0.015183610 0.001138430 0.005017770 0.000572940 0.004565910 0.001209540 0.007707830 0.003841080 0.008109710 0.009509400 0.003487190 0.006083860 0.009460870 0.006744210 0.008876840 0.008251380 0.007666530 
36     0.021252070 0.010001940 0.015750450 0.016840890 0.019605760 0.020756530 0.021476740 0.016864990 0.012636670 0.015611990 0.015932280 0.005319650 0.009340390 0.007624930 0.009700460 0.010176190 0.005519980 0.008827450 0.009840460 0.008486660 0.000000000 0.000544730 0.008884610 0.009380170 0.009864950 0.012977720 0.007507670 0.013951620 0.014126770 0.003231480 0.008609240 0.009558460 0.021918350 0.019849170 0.019676310 0.018549250 0.007653750 0.003020410 0.021941890 0.021579640 0.022284590 0.022603910 0.016499420 0.012371720 0.017056930 0.010697420 0.013953570 0.013290260 0.001323500 0.012744080 0.016326120 
31     0.016196460 0.005860860 0.006984790 0.011497710 0.011169240 0.024570980 0.016421130 0.011809380 0.011393680 0.010556380 0.010876670 0.005384120 0.006246630 0.008059790 0.009865350 0.010341080 0.001310780 0.003771840 0.002619510 0.005194050 0.000544730 0.000000000 0.008412090 0.009880400 0.004809340 0.002027450 0.007143770 0.014116510 0.014291660 0.004394780 0.003553630 0.004085670 0.016862740 0.014793560 0.014620700 0.013493640 0.010772440 0.001074730 0.010944790 0.013637500 0.017228980 0.013993170 0.011443810 0.011736270 0.012001320 0.005641810 0.008897960 0.008234650 0.008313930 0.007688470 0.011270510 
24     0.007897140 0.001944030 0.002449000 0.003697570 0.005416490 0.010958360 0.007909500 0.007477330 0.006059300 0.015415640 0.015735930 0.014909490 0.006494930 0.000729960 0.007338400 0.007033890 0.007033980 0.013535100 0.003448360 0.003211430 0.008884610 0.008412090 0.000000000 0.000099160 0.005860450 0.003352140 0.000879340 0.005929700 0.005578870 0.002894680 0.003673580 0.003375930 0.006155940 0.002554060 0.009945630 0.004066560 0.009367260 0.010627230 0.012279300 0.005047680 0.009698490 0.010446090 0.014406940 0.014280160 0.008856690 0.001841110 0.010657010 0.010695730 0.009678110 0.002747190 0.013463190 
44     0.004136890 0.001780730 0.002285700 0.006422410 0.007577470 0.012727560 0.004814080 0.008389250 0.006971220 0.001093820 0.017896910 0.017422380 0.007731740 0.001673400 0.008590170 0.009065900 0.003296560 0.000880320 0.003386870 0.003827910 0.009380170 0.009880400 0.000099160 0.000000000 0.005439360 0.003511060 0.001822780 0.006435550 0.006610700 0.003430290 0.000578160 0.005601370 0.009765200 0.006020910 0.006850210 0.004593240 0.010963890 0.009150080 0.012116000 0.013011280 0.013764720 0.013190260 0.014565860 0.011184740 0.005761270 0.002000030 0.013835340 0.007600310 0.006582690 0.003437440 0.015518800 
14     0.003520040 0.004661140 0.012817480 0.004373890 0.003787520 0.010575500 0.000555930 0.011987580 0.005873080 0.009946800 0.009987150 0.003822300 0.006303970 0.002451800 0.010647450 0.013335630 0.007079420 0.003950040 0.003643540 0.001476190 0.009864950 0.004809340 0.005860450 0.005439360 0.000000000 0.003803830 0.002680420 0.006052460 0.004439920 0.004209060 0.003610970 0.004560190 0.003565540 0.001971920 0.013710890 0.013122810 0.002057720 0.006711430 0.002152680 0.004575400 0.001514890 0.001694440 0.004888520 0.004132450 0.012179520 0.005699150 0.007806200 0.008412850 0.008492130 0.007866670 0.002548120 
49     0.005008190 0.005263760 0.006228630 0.007429550 0.003155400 0.005140350 0.009695970 0.020912250 0.014671290 0.007612470 0.002837130 0.016923840 0.006428830 0.006401610 0.008091630 0.008567360 0.006613690 0.007886960 0.013852430 0.008021570 0.012977720 0.002027450 0.003352140 0.003511060 0.003803830 0.000000000 0.000876700 0.001281280 0.001233170 0.003406610 0.004246610 0.000483200 0.020780650 0.010902800 0.011732100 0.010556160 0.004100360 0.005791300 0.012742110 0.012765660 0.013917750 0.001818760 0.003908600 0.008527040 0.006104450 0.002396720 0.018765610 0.012482200 0.011464580 0.012989350 0.008978780 
19     0.016204590 0.017696460 0.018116160 0.004529820 0.008023740 0.007668880 0.017349030 0.007900390 0.006482360 0.013483630 0.013803920 0.004873530 0.005290060 0.000530660 0.010768810 0.016009850 0.002690000 0.004943810 0.007591240 0.008000440 0.007507670 0.007143770 0.000879340 0.001822780 0.002680420 0.000876700 0.000000000 0.008079120 0.005175350 0.005846570 0.004544890 0.001371610 0.019789990 0.017720810 0.012729900 0.016420890 0.010475030 0.005118860 0.017384740 0.014094460 0.020156230 0.002251540 0.014371060 0.014663520 0.002962680 0.004685240 0.011825210 0.011161900 0.011241180 0.010615720 0.014197760 
50     0.007678890 0.005022910 0.006490840 0.014310290 0.002014760 0.005622510 0.004509350 0.019239460 0.012879270 0.013241610 0.013899570 0.002526400 0.017255590 0.011826200 0.008919700 0.009395430 0.005176970 0.014264530 0.009915320 0.008849640 0.013951620 0.014116510 0.005929700 0.006435550 0.006052460 0.001281280 0.008079120 0.000000000 0.000106390 0.003751150 0.005734030 0.004542840 0.013464400 0.006570740 0.003391200 0.013352120 0.010449930 0.015922210 0.008493140 0.013818010 0.016542360 0.006711340 0.014723170 0.006958670 0.007064430 0.003780740 0.020655850 0.014372440 0.013354820 0.014879590 0.006038640 
32     0.007463220 0.015932630 0.013611510 0.014211770 0.008155940 0.005574400 0.004813110 0.021036020 0.005641360 0.009446710 0.014203330 0.002427330 0.017430740 0.011778090 0.009094850 0.009570580 0.013837290 0.014439680 0.001114340 0.007325500 0.014126770 0.014291660 0.005578870 0.006610700 0.004439920 0.001233170 0.005175350 0.000106390 0.000000000 0.005136570 0.000443940 0.004096710 0.007895230 0.012195580 0.003840400 0.013527270 0.014191530 0.015324750 0.006574560 0.000142710 0.016717510 0.005344590 0.014303320 0.007987550 0.007172290 0.003165540 0.020058390 0.013774980 0.012757360 0.014282130 0.003553740 
29     0.011063830 0.014532850 0.014851870 0.007713840 0.014313790 0.003414150 0.016184770 0.011573020 0.011157320 0.010320020 0.010640310 0.003672300 0.004534810 0.007551450 0.008485720 0.008961450 0.001657630 0.003535480 0.004427630 0.002707070 0.003231480 0.004394780 0.002894680 0.003430290 0.004209060 0.003406610 0.005846570 0.003751150 0.005136570 0.000000000 0.001064930 0.003588240 0.016626380 0.009515570 0.014384340 0.007550760 0.014570560 0.009026290 0.015325930 0.010118510 0.016108380 0.003485300 0.011207450 0.011499910 0.009734570 0.003369980 0.008661600 0.007998290 0.003371420 0.007452110 0.010423660 
34     0.015118950 0.013691700 0.014111400 0.005552420 0.008544780 0.005648650 0.004529340 0.010731870 0.009328690 0.009478870 0.009799160 0.002831150 0.003693660 0.004395510 0.009450600 0.009926330 0.000082380 0.000017760 0.003586480 0.003995680 0.008609240 0.003553630 0.003673580 0.000578160 0.003610970 0.004246610 0.004544890 0.005734030 0.000443940 0.001064930 0.000000000 0.003126200 0.011914450 0.005020790 0.006565470 0.011401570 0.008015100 0.008865340 0.011977900 0.014015490 0.014504910 0.004610780 0.010366300 0.010658760 0.005476530 0.003088840 0.007820450 0.007157140 0.006297950 0.006610960 0.010193000 
39     0.002617030 0.010019270 0.003616880 0.004625420 0.010216230 0.012831660 0.004796060 0.011681090 0.011265390 0.010428090 0.006011760 0.005090770 0.002076350 0.002049130 0.002890510 0.008561250 0.000138960 0.000314700 0.004229150 0.000257390 0.009558460 0.004085670 0.003375930 0.005601370 0.004560190 0.000483200 0.001371610 0.004542840 0.004096710 0.003588240 0.003126200 0.000000000 0.003099170 0.008889070 0.012968690 0.004819010 0.006172970 0.010999170 0.002291540 0.003942170 0.015563210 0.013801510 0.011315520 0.011607980 0.009234780 0.005348460 0.008769670 0.008106360 0.008185640 0.007367980 0.004367960 
30     0.014386510 0.008706050 0.008371140 0.004850590 0.004998720 0.010017850 0.010976470 0.016575110 0.020328040 0.000848460 0.003980670 0.013563940 0.000000600 0.001323350 0.001457290 0.024635930 0.018618560 0.006615810 0.006550480 0.007830790 0.021918350 0.016862740 0.006155940 0.009765200 0.003565540 0.020780650 0.019789990 0.013464400 0.007895230 0.016626380 0.011914450 0.003099170 0.000000000 0.001652220 0.005142030 0.005832480 0.002500360 0.005821710 0.008641650 0.007874940 0.008077220 0.008524040 0.018226950 0.010835910 0.020627740 0.017873410 0.014486160 0.013149960 0.005236650 0.014234660 0.016145590 
15     0.011753890 0.013497680 0.013162770 0.011825810 0.009790350 0.020789850 0.004623480 0.018674560 0.018258860 0.017421560 0.017741850 0.006670280 0.011485350 0.002486010 0.019543960 0.022566750 0.018136510 0.011217060 0.005552460 0.013097520 0.019849170 0.014793560 0.002554060 0.006020910 0.001971920 0.010902800 0.017720810 0.006570740 0.012195580 0.009515570 0.005020790 0.008889070 0.001652220 0.000000000 0.002040000 0.002642140 0.004567230 0.005184730 0.012601940 0.013047200 0.007498640 0.007887060 0.018239710 0.003754940 0.004508240 0.013805820 0.012630690 0.006347280 0.005329660 0.006854430 0.002314180 
35     0.016974310 0.019131140 0.019143030 0.010948570 0.009982250 0.022429240 0.006436930 0.018501700 0.018086000 0.017248700 0.017568990 0.011312460 0.013048000 0.000924790 0.013922060 0.022129270 0.004157710 0.011354440 0.001483700 0.015183610 0.019676310 0.014620700 0.009945630 0.006850210 0.013710890 0.011732100 0.012729900 0.003391200 0.003840400 0.014384340 0.006565470 0.012968690 0.005142030 0.002040000 0.000000000 0.002469280 0.005428240 0.005011870 0.015582440 0.016027700 0.007325780 0.007714200 0.018066850 0.007145080 0.007488740 0.015631370 0.010516090 0.009327780 0.008310160 0.009834930 0.007490390 
38     0.008465790 0.005753870 0.006167110 0.006139820 0.006654170 0.012755200 0.009091040 0.005082980 0.004594590 0.011720010 0.016441930 0.004646400 0.015109130 0.001393420 0.014259520 0.014735250 0.015328090 0.010227380 0.003185480 0.001138430 0.018549250 0.013493640 0.004066560 0.004593240 0.013122810 0.010556160 0.016420890 0.013352120 0.013527270 0.007550760 0.011401570 0.004819010 0.005832480 0.002642140 0.002469280 0.000000000 0.000215170 0.002587530 0.006925160 0.010435080 0.004411710 0.004703610 0.005851430 0.003282770 0.003313870 0.012843420 0.014393940 0.002930080 0.002966120 0.006479560 0.002829690 
25     0.005805170 0.003347650 0.000813970 0.011889710 0.012210170 0.005672030 0.010901260 0.007683860 0.006265830 0.017959440 0.018279730 0.011202350 0.016946930 0.010325650 0.015911940 0.016387670 0.009814030 0.012065180 0.005547000 0.005017770 0.007653750 0.010772440 0.009367260 0.010963890 0.002057720 0.004100360 0.010475030 0.010449930 0.014191530 0.014570560 0.008015100 0.006172970 0.002500360 0.004567230 0.005428240 0.000215170 0.000000000 0.004290410 0.008559750 0.014171240 0.006604320 0.006992740 0.007503850 0.007727820 0.004966290 0.014495840 0.013385330 0.003656410 0.010545880 0.012328050 0.013330910 
22     0.012280950 0.010017280 0.011730570 0.008692420 0.011229770 0.008559130 0.008342780 0.012103380 0.010183840 0.009163740 0.015162380 0.015668050 0.007479840 0.005764380 0.019148830 0.019624560 0.018258020 0.009702380 0.010784350 0.000572940 0.003020410 0.001074730 0.010627230 0.009150080 0.006711430 0.005791300 0.005118860 0.015922210 0.015324750 0.009026290 0.008865340 0.010999170 0.005821710 0.005184730 0.005011870 0.002587530 0.004290410 0.000000000 0.002906660 0.006039530 0.001855440 0.002147340 0.011990960 0.010653620 0.005230150 0.015925740 0.008054320 0.004748650 0.003731030 0.005255800 0.002405220 
33     0.011863610 0.004351940 0.006765940 0.009562010 0.007672560 0.017415380 0.000781530 0.018413160 0.017997460 0.006417570 0.012416210 0.014372200 0.018501770 0.015900310 0.016480190 0.017489350 0.017875110 0.006943140 0.015741780 0.004565910 0.021941890 0.010944790 0.012279300 0.012116000 0.002152680 0.012742110 0.017384740 0.008493140 0.006574560 0.015325930 0.011977900 0.002291540 0.008641650 0.012601940 0.015582440 0.006925160 0.008559750 0.002906660 0.000000000 0.000679950 0.001345380 0.002178440 0.016651030 0.005806890 0.009935040 0.017896950 0.000032530 0.009453540 0.008435920 0.009960690 0.015593100 
46     0.012980010 0.004765570 0.004777460 0.004605130 0.004276660 0.018531780 0.000920080 0.018050910 0.017635210 0.016797910 0.017118200 0.017277010 0.004318140 0.015538060 0.016117940 0.017127100 0.017512860 0.004469910 0.014442410 0.001209540 0.021579640 0.013637500 0.005047680 0.013011280 0.004575400 0.012765660 0.014094460 0.013818010 0.000142710 0.010118510 0.014015490 0.003942170 0.007874940 0.013047200 0.016027700 0.010435080 0.014171240 0.006039530 0.000679950 0.000000000 0.000596580 0.001429640 0.016715050 0.004408630 0.010380300 0.004508770 0.000884710 0.003509310 0.008881180 0.002633100 0.018679150 
23     0.022474090 0.013586910 0.014091880 0.016730100 0.016287320 0.007156790 0.005171790 0.010394510 0.012429480 0.009569460 0.015568100 0.011184560 0.018844470 0.017440970 0.017449760 0.017925490 0.003743010 0.013962720 0.003633940 0.007707830 0.022284590 0.017228980 0.009698490 0.013764720 0.001514890 0.013917750 0.020156230 0.016542360 0.016717510 0.016108380 0.014504910 0.015563210 0.008077220 0.007498640 0.007325780 0.004411710 0.006604320 0.001855440 0.001345380 0.000596580 0.000000000 0.000008690 0.009041670 0.009265640 0.006504110 0.016033660 0.001374130 0.010388220 0.009370600 0.008019440 0.005101050 
40     0.022204190 0.012895340 0.012907230 0.010158060 0.000817290 0.020183260 0.003255030 0.011473550 0.012159580 0.009861360 0.015860000 0.006726970 0.011230850 0.003263160 0.003842560 0.009527660 0.000441410 0.010159970 0.015283250 0.003841080 0.022603910 0.013993170 0.010446090 0.013190260 0.001694440 0.001818760 0.002251540 0.006711340 0.005344590 0.003485300 0.004610780 0.013801510 0.008524040 0.007887060 0.007714200 0.004703610 0.006992740 0.002147340 0.002178440 0.001429640 0.000008690 0.000000000 0.016678090 0.016902060 0.011702780 0.018628070 0.002207190 0.011221280 0.010203660 0.011728430 0.004026850 
21     0.019711890 0.007933590 0.008024570 0.002290050 0.007826870 0.011802530 0.017113920 0.007769210 0.008094520 0.014071810 0.011454670 0.003992320 0.012064730 0.006370150 0.012025720 0.008941550 0.005535890 0.008177550 0.004838530 0.008109710 0.016499420 0.011443810 0.014406940 0.014565860 0.004888520 0.003908600 0.014371060 0.014723170 0.014303320 0.011207450 0.010366300 0.011315520 0.018226950 0.018239710 0.018066850 0.005851430 0.007503850 0.011990960 0.016651030 0.016715050 0.009041670 0.016678090 0.000000000 0.000169580 0.002730790 0.002847580 0.009801150 0.006178220 0.005003110 0.005632040 0.001999980 
45     0.018310900 0.012630440 0.012295530 0.002008730 0.007545550 0.010819650 0.010876080 0.007655390 0.007980700 0.005553640 0.014684560 0.003878500 0.011762200 0.011079110 0.010723840 0.016502490 0.007608950 0.008470010 0.004556300 0.009509400 0.012371720 0.011736270 0.014280160 0.011184740 0.004132450 0.008527040 0.014663520 0.006958670 0.007987550 0.011499910 0.010658760 0.011607980 0.010835910 0.003754940 0.007145080 0.003282770 0.007727820 0.010653620 0.005806890 0.004408630 0.009265640 0.016902060 0.000169580 0.000000000 0.003023250 0.010238910 0.009159910 0.006470680 0.004111930 0.005924500 0.002292440 
28     0.020269400 0.013260340 0.017643570 0.004654170 0.018602680 0.019288310 0.005452610 0.015882320 0.015466620 0.014629320 0.014949610 0.008929420 0.012290710 0.008412590 0.013265230 0.013740960 0.012555730 0.001169540 0.001274400 0.003487190 0.017056930 0.012001320 0.008856690 0.005761270 0.012179520 0.006104450 0.002962680 0.007064430 0.007172290 0.009734570 0.005476530 0.009234780 0.020627740 0.004508240 0.007488740 0.003313870 0.004966290 0.005230150 0.009935040 0.010380300 0.006504110 0.011702780 0.002730790 0.003023250 0.000000000 0.007284710 0.001286940 0.003680380 0.002662760 0.004187530 0.000849890 
47     0.017002110 0.007650520 0.008565940 0.014405760 0.015560820 0.023952070 0.002000920 0.012820050 0.012404350 0.011567050 0.011887340 0.002956950 0.001326520 0.012622770 0.002203670 0.008886730 0.004090990 0.004782510 0.005674660 0.006083860 0.010697420 0.005641810 0.001841110 0.002000030 0.005699150 0.002396720 0.004685240 0.003780740 0.003165540 0.003369980 0.003088840 0.005348460 0.017873410 0.013805820 0.015631370 0.012843420 0.014495840 0.015925740 0.017896950 0.004508770 0.016033660 0.018628070 0.002847580 0.010238910 0.007284710 0.000000000 0.009908630 0.006180300 0.004930180 0.008699140 0.005292820 
48     0.017166040 0.015738790 0.016158490 0.009581350 0.008549970 0.015726250 0.003825750 0.003458420 0.006080650 0.011525960 0.005612070 0.009650940 0.010513450 0.014219110 0.013052230 0.016671150 0.010732070 0.005631700 0.009051670 0.009460870 0.013953570 0.008897960 0.010657010 0.013835340 0.007806200 0.018765610 0.011825210 0.020655850 0.020058390 0.008661600 0.007820450 0.008769670 0.014486160 0.012630690 0.010516090 0.014393940 0.013385330 0.008054320 0.000032530 0.000884710 0.001374130 0.002207190 0.009801150 0.009159910 0.001286940 0.009908630 0.000000000 0.006591990 0.002781840 0.006045810 0.009627850 
42     0.016502730 0.015075480 0.015495180 0.013112120 0.014856420 0.020684320 0.007291650 0.012115650 0.011699950 0.010862650 0.011182940 0.006408730 0.009850140 0.010251630 0.007072860 0.016007840 0.011357690 0.004968390 0.008388360 0.006744210 0.013290260 0.008234650 0.010695730 0.007600310 0.008412850 0.012482200 0.011161900 0.014372440 0.013774980 0.007998290 0.007157140 0.008106360 0.013149960 0.006347280 0.009327780 0.002930080 0.003656410 0.004748650 0.009453540 0.003509310 0.010388220 0.011221280 0.006178220 0.006470680 0.003680380 0.006180300 0.006591990 0.000000000 0.000070530 0.001224520 0.006004920 
20     0.016582010 0.007942870 0.010059790 0.003620250 0.013546070 0.017460350 0.006274030 0.012194930 0.010977230 0.010941930 0.011262220 0.006520350 0.009929420 0.009234010 0.004697110 0.016087120 0.011656880 0.005047670 0.003875980 0.008876840 0.001323500 0.008313930 0.009678110 0.006582690 0.008492130 0.011464580 0.011241180 0.013354820 0.012757360 0.003371420 0.006297950 0.008185640 0.005236650 0.005329660 0.008310160 0.002966120 0.010545880 0.003731030 0.008435920 0.008881180 0.009370600 0.010203660 0.005003110 0.004111930 0.002662760 0.004930180 0.002781840 0.000070530 0.000000000 0.001303800 0.002808070 
18     0.009915990 0.014529300 0.014949000 0.008571820 0.008343400 0.021771740 0.007798800 0.010630500 0.000596300 0.010316470 0.010636760 0.008441450 0.009303960 0.010758780 0.010203160 0.015461660 0.006592190 0.004422210 0.007842180 0.008251380 0.012744080 0.007688470 0.002747190 0.003437440 0.007866670 0.012989350 0.010615720 0.014879590 0.014282130 0.007452110 0.006610960 0.007367980 0.014234660 0.006854430 0.009834930 0.006479560 0.012328050 0.005255800 0.009960690 0.002633100 0.008019440 0.011728430 0.005632040 0.005924500 0.004187530 0.008699140 0.006045810 0.001224520 0.001303800 0.000000000 0.005458740 
0     0.005103830 0.000210010 0.000168820 0.013190340 0.006489720 0.012548210 0.002269560 0.008248340 0.007663210 0.013898510 0.006275130 0.000299250 0.008832370 0.004126690 0.017832840 0.017103560 0.004373220 0.008004250 0.007465890 0.007666530 0.016326120 0.011270510 0.013463190 0.015518800 0.002548120 0.008978780 0.014197760 0.006038640 0.003553740 0.010423660 0.010193000 0.004367960 0.016145590 0.002314180 0.007490390 0.002829690 0.013330910 0.002405220 0.015593100 0.018679150 0.005101050 0.004026850 0.001999980 0.002292440 0.000849890 0.005292820 0.009627850 0.006004920 0.002808070 0.005458740 0.000000000 
