51
2     0.000000000 0.540574018 0.542752769 0.529816437 0.534617477 0.894556326 0.760985941 0.830727874 0.838951342 0.993172004 0.989432795 0.831231321 0.844950205 0.834785938 0.849772255 0.910853302 0.768932573 0.811360777 0.810524279 0.860571129 1.017831378 1.021552153 0.800584967 0.813251991 0.774453653 0.779009567 0.914775062 0.828129061 0.821699885 0.820949813 0.838139941 0.769783636 1.019128866 1.134546630 1.241213717 0.948351878 1.014625807 0.994042299 1.024069559 1.039186353 1.081847922 1.071367224 0.873949088 0.867208375 0.919190175 1.071073769 0.966702393 0.922295258 0.905872265 0.914818660 0.958138673 
8     0.540574018 0.000000000 0.053482790 0.455268508 0.458584475 0.835548708 0.683120812 0.765871660 0.770032565 0.939763978 0.939365185 0.740967363 0.772653874 0.759466140 0.785714682 0.844571656 0.692408080 0.737844582 0.744669190 0.792674200 0.940440893 0.944724302 0.735071545 0.744368559 0.697621164 0.709904844 0.831184830 0.757680033 0.753370837 0.750899227 0.774458292 0.699075182 0.963296880 1.060326453 1.163410161 0.886902537 0.963568099 0.930895963 0.962102649 0.982417528 1.019015443 1.009545237 0.810124052 0.801946877 0.854882775 0.986625480 0.899934727 0.853079760 0.835007171 0.846215576 0.868974786 
9     0.542752769 0.053482790 0.000000000 0.458336102 0.461515491 0.835668388 0.684284859 0.766016845 0.771105402 0.939590080 0.939258756 0.741818575 0.773411164 0.760452408 0.786482359 0.845357428 0.693334738 0.738376284 0.744850829 0.792130025 0.939955259 0.944116014 0.734397058 0.743694073 0.697558070 0.709318996 0.830677926 0.757119743 0.752810547 0.750371079 0.773929352 0.698478916 0.965724117 1.062984669 1.166107140 0.888179619 0.964801877 0.933391159 0.963351712 0.983034744 1.019783747 1.010263827 0.810252593 0.802075418 0.855107766 0.987262726 0.901355007 0.854593634 0.836521045 0.847510200 0.870542580 
11     0.529816437 0.455268508 0.458336102 0.000000000 0.179926268 0.796704375 0.666411955 0.741275380 0.744759026 0.909709728 0.906636245 0.737837008 0.760805907 0.748363231 0.768177183 0.826807793 0.686864054 0.731278079 0.728022079 0.775578780 0.931002446 0.935345849 0.717992994 0.728122300 0.683984019 0.698664719 0.826261798 0.737330680 0.733091376 0.746564320 0.762225652 0.689494546 0.933711199 1.043604971 1.152075424 0.874254851 0.943198825 0.918988167 0.949809785 0.960820634 1.004956981 0.994749204 0.789415873 0.780631327 0.827755969 0.981204498 0.885205274 0.841355551 0.823651364 0.836694055 0.875531360 
1     0.534617477 0.458584475 0.461515491 0.179926268 0.000000000 0.809902274 0.674597830 0.748962611 0.754272400 0.919010624 0.916638913 0.748467113 0.779949933 0.764276215 0.782769822 0.843723407 0.698250429 0.742769993 0.736385178 0.789203997 0.945637954 0.949691155 0.731563236 0.742358862 0.694553818 0.713667511 0.840659451 0.752143029 0.747972589 0.757134984 0.772679627 0.696202200 0.956100801 1.061875525 1.166181145 0.883092274 0.953154238 0.929372848 0.960779486 0.971515810 1.019939322 1.006931877 0.804953098 0.796289631 0.845578374 0.995970129 0.905948600 0.852084286 0.834369077 0.846416266 0.893517350 
12     0.894556326 0.835548708 0.835668388 0.796704375 0.809902274 0.000000000 0.921073130 0.992722846 0.989822112 1.165766115 1.166233133 0.984014547 0.998212155 0.990562125 1.004102584 1.064465755 0.924422075 0.966258050 0.973802003 1.025631991 1.178357073 1.181901587 0.962074894 0.970214286 0.923256484 0.939671192 1.067114477 0.980345420 0.976080235 0.988605911 1.001251989 0.931356468 1.184665157 1.290302589 1.394823116 1.103548559 1.167257947 1.159759352 1.180735622 1.187604030 1.238580265 1.229342284 1.026205267 1.019711513 1.063244287 1.211579267 1.116730114 1.073148038 1.053705166 1.069026386 1.121299531 
10     0.760985941 0.683120812 0.684284859 0.666411955 0.674597830 0.921073130 0.000000000 0.615375470 0.623341558 0.794901668 0.794584401 0.736806354 0.761897992 0.748227841 0.765165093 0.826037874 0.682640147 0.719160183 0.733839134 0.779015029 0.932929625 0.936661759 0.724446723 0.730628486 0.696876938 0.704420669 0.833416971 0.745602504 0.739812552 0.749634938 0.766011566 0.692827118 0.944679337 1.062292870 1.160017296 0.881386191 0.956475009 0.931957325 0.961929278 0.977106771 1.027398142 1.019212340 0.802148031 0.788082480 0.842311408 0.993138729 0.899372252 0.843258935 0.826662655 0.841740395 0.862440044 
4     0.830727874 0.765871660 0.766016845 0.741275380 0.748962611 0.992722846 0.615375470 0.000000000 0.180633536 0.805397679 0.804973674 0.816432351 0.837301406 0.820658186 0.835417636 0.895491990 0.761841954 0.800433993 0.815273801 0.855067747 1.014377873 1.018025489 0.799202270 0.812256742 0.767568545 0.778649844 0.911157755 0.823300697 0.817808344 0.824427545 0.840978614 0.768161171 1.004487009 1.120827150 1.215554950 0.943491608 1.014856244 0.991778459 1.016693898 1.035688720 1.084796572 1.080666258 0.869339385 0.859755812 0.903317100 1.049572424 0.968064401 0.925409546 0.905011793 0.917836782 0.956693689 
7     0.838951342 0.770032565 0.771105402 0.744759026 0.754272400 0.989822112 0.623341558 0.180633536 0.000000000 0.816474240 0.816124987 0.823613201 0.843004614 0.830323889 0.840916311 0.901771811 0.766530898 0.803766137 0.818256857 0.861589913 1.011978199 1.015446492 0.798990249 0.812273746 0.768090382 0.776424584 0.909329354 0.823714958 0.818236709 0.827340222 0.841093672 0.767310969 1.019181678 1.136622218 1.232405453 0.955127647 1.026793378 1.004445072 1.025339592 1.044040922 1.095002179 1.090349225 0.881821961 0.871536608 0.911530733 1.059620790 0.975914295 0.934427851 0.913142038 0.926232892 0.967390222 
5     0.993172004 0.939763978 0.939590080 0.909709728 0.919010624 1.165766115 0.794901668 0.805397679 0.816474240 0.000000000 0.140884989 0.982904492 1.030973724 1.021817623 1.018505755 1.090138177 0.946591889 0.991493609 0.974844540 1.028151582 1.188435483 1.195475695 0.960008482 0.977829330 0.933425661 0.941394107 1.072994369 0.985672543 0.979585011 0.980828093 0.992002245 0.933713936 1.189238735 1.295571274 1.392790965 1.106089412 1.180973414 1.161892016 1.185119783 1.202180988 1.254965755 1.249324714 1.047624880 1.037113504 1.085060256 1.229894067 1.136074176 1.082605718 1.060987896 1.076377382 1.135456292 
3     0.989432795 0.939365185 0.939258756 0.906636245 0.916638913 1.166233133 0.794584401 0.804973674 0.816124987 0.140884989 0.000000000 0.982900482 1.029459631 1.020316172 1.014554476 1.086368622 0.944521053 0.990553335 0.974361607 1.026674113 1.186167173 1.193200297 0.958062208 0.975953469 0.930914695 0.939522042 1.070847717 0.983956757 0.977912996 0.979102989 0.990051282 0.931672602 1.184648655 1.292251149 1.392596532 1.104738887 1.177414410 1.158639886 1.182071335 1.199066771 1.251643187 1.245990923 1.046782040 1.036338359 1.084149133 1.228015483 1.134665302 1.081352660 1.059607341 1.074991914 1.135063868 
6     0.831231321 0.740967363 0.741818575 0.737837008 0.748467113 0.984014547 0.736806354 0.816432351 0.823613201 0.982904492 0.982900482 0.000000000 0.785587151 0.770738697 0.786592265 0.855394063 0.712793299 0.749603149 0.756597497 0.811027024 0.948554901 0.952055762 0.743320508 0.753847488 0.712256285 0.720955738 0.850753513 0.776275185 0.770773835 0.771503536 0.782638137 0.713336161 0.960331488 1.069309672 1.180859582 0.870156464 0.966554588 0.936431150 0.966761612 0.982561304 1.020446866 1.015951940 0.814952215 0.806446541 0.850065686 1.002556343 0.911978337 0.857641075 0.834727179 0.846301121 0.863955901 
13     0.844950205 0.772653874 0.773411164 0.760805907 0.779949933 0.998212155 0.761897992 0.837301406 0.843004614 1.030973724 1.029459631 0.785587151 0.000000000 0.174721121 0.453938902 0.527040022 0.388110971 0.454187628 0.701624792 0.742109475 0.873938519 0.877207372 0.668447759 0.673755777 0.639179260 0.644957059 0.769074209 0.695717826 0.690337348 0.696627920 0.722369010 0.634340314 0.915433327 1.023068135 1.133962435 0.840756952 0.921955083 0.890554594 0.920049178 0.937632205 0.978425650 0.975307335 0.783050011 0.777935291 0.825272919 0.986627091 0.875157247 0.830589414 0.810007027 0.821008781 0.875218291 
26     0.834785938 0.759466140 0.760452408 0.748363231 0.764276215 0.990562125 0.748227841 0.820658186 0.830323889 1.021817623 1.020316172 0.770738697 0.174721121 0.000000000 0.443959044 0.517898105 0.380548136 0.446893358 0.693058575 0.732968033 0.860999574 0.865052380 0.659740905 0.664637791 0.632767812 0.630425217 0.757835212 0.683001995 0.677271891 0.680233896 0.700949539 0.626706170 0.897658414 1.004158192 1.114108651 0.831233140 0.906173498 0.879757080 0.907184271 0.923744730 0.969758724 0.967428341 0.763744217 0.759222260 0.806085972 0.966944400 0.853333888 0.814365008 0.791152873 0.802056967 0.863075744 
43     0.849772255 0.785714682 0.786482359 0.768177183 0.782769822 1.004102584 0.765165093 0.835417636 0.840916311 1.018505755 1.014554476 0.786592265 0.453938902 0.443959044 0.000000000 0.301876513 0.404525273 0.465867359 0.693955258 0.736187942 0.873669155 0.880006024 0.670283786 0.675587178 0.632464847 0.643777014 0.774620109 0.700507412 0.695113901 0.693622377 0.715270747 0.637349786 0.914488916 1.020515550 1.133637301 0.845694322 0.916294576 0.885151352 0.917213294 0.934426451 0.977113176 0.973403040 0.783272019 0.779004656 0.821132181 0.980111678 0.865677284 0.822177459 0.798950581 0.812982072 0.859656919 
17     0.910853302 0.844571656 0.845357428 0.826807793 0.843723407 1.064465755 0.826037874 0.895491990 0.901771811 1.090138177 1.086368622 0.855394063 0.527040022 0.517898105 0.301876513 0.000000000 0.474576694 0.532091324 0.765727197 0.808987389 0.936196488 0.944147714 0.740928998 0.745886035 0.708686650 0.712676895 0.837819904 0.761629038 0.756188950 0.766952162 0.785490363 0.704880029 0.986131933 1.101838506 1.211122919 0.915520683 0.991751107 0.964235374 0.990278214 1.005669124 1.047378768 1.047089704 0.852309245 0.848344905 0.894197554 1.054704112 0.944925472 0.901248678 0.878634388 0.893274042 0.934559758 
16     0.768932573 0.692408080 0.693334738 0.686864054 0.698250429 0.924422075 0.682640147 0.761841954 0.766530898 0.946591889 0.944521053 0.712793299 0.388110971 0.380548136 0.404525273 0.474576694 0.000000000 0.287674128 0.618518048 0.659624099 0.808466369 0.810579119 0.600808262 0.607030139 0.566499061 0.573207294 0.693653895 0.619955064 0.614566149 0.627465012 0.649835955 0.563055538 0.849745766 0.966995593 1.075194181 0.774277429 0.860741535 0.830001968 0.859327560 0.876549395 0.915755827 0.911141557 0.724325968 0.719775588 0.766292071 0.915738310 0.812661340 0.764801059 0.743965288 0.757955563 0.796887709 
27     0.811360777 0.737844582 0.738376284 0.731278079 0.742769993 0.966258050 0.719160183 0.800433993 0.803766137 0.991493609 0.990553335 0.749603149 0.454187628 0.446893358 0.465867359 0.532091324 0.287674128 0.000000000 0.661197252 0.704567886 0.856640772 0.860017992 0.640104076 0.646038073 0.615572948 0.614424048 0.739683310 0.661753830 0.656430506 0.662977858 0.682634251 0.607882340 0.885402442 1.000142333 1.100042026 0.811725586 0.893968488 0.861207117 0.893581319 0.907945535 0.940696221 0.937140881 0.757240949 0.748483646 0.789418013 0.952074698 0.835210004 0.790603313 0.768651111 0.782446587 0.833313600 
37     0.810524279 0.744669190 0.744850829 0.728022079 0.736385178 0.973802003 0.733839134 0.815273801 0.818256857 0.974844540 0.974361607 0.756597497 0.701624792 0.693058575 0.693955258 0.765727197 0.618518048 0.661197252 0.000000000 0.270761823 0.785977183 0.788606294 0.591127998 0.599794392 0.557401985 0.561018964 0.684076144 0.607070639 0.601086934 0.601107189 0.630970840 0.551291731 0.910376630 1.021508221 1.117379199 0.823415563 0.895214042 0.877084272 0.912403795 0.925175841 0.971207066 0.964151848 0.762706768 0.754135726 0.797198554 0.963100291 0.852388607 0.815573842 0.793470071 0.808031755 0.863033996 
41     0.860571129 0.792674200 0.792130025 0.775578780 0.789203997 1.025631991 0.779015029 0.855067747 0.861589913 1.028151582 1.026674113 0.811027024 0.742109475 0.732968033 0.736187942 0.808987389 0.659624099 0.704567886 0.270761823 0.000000000 0.829341267 0.830187110 0.624739425 0.633117031 0.597681481 0.598651543 0.728703284 0.644703198 0.639361587 0.640839994 0.669831339 0.590911408 0.944368345 1.057657233 1.151101169 0.862603318 0.938876367 0.914830394 0.953314716 0.965714880 1.009449565 1.005176206 0.802683233 0.794571941 0.838544778 0.999108344 0.892649883 0.857881405 0.837969280 0.847079478 0.898824313 
36     1.017831378 0.940440893 0.939955259 0.931002446 0.945637954 1.178357073 0.932929625 1.014377873 1.011978199 1.188435483 1.186167173 0.948554901 0.873938519 0.860999574 0.873669155 0.936196488 0.808466369 0.856640772 0.785977183 0.829341267 0.000000000 0.214925957 0.685282499 0.690864147 0.662144553 0.652337737 0.787188818 0.703263315 0.698212293 0.708072598 0.732748828 0.647138519 1.096127806 1.209315869 1.301592312 1.007562926 1.089282923 1.066417166 1.087474891 1.110090122 1.147271845 1.149824952 0.960120253 0.954676969 0.991768019 1.152754081 1.046934107 1.003656225 0.983473674 0.992028145 1.044585456 
31     1.021552153 0.944724302 0.944116014 0.935345849 0.949691155 1.181901587 0.936661759 1.018025489 1.015446492 1.195475695 1.193200297 0.952055762 0.877207372 0.865052380 0.880006024 0.944147714 0.810579119 0.860017992 0.788606294 0.830187110 0.214925957 0.000000000 0.686775751 0.692274769 0.666633860 0.654599157 0.788999156 0.704635375 0.699630379 0.709933880 0.735097011 0.650462300 1.098695789 1.210565180 1.302067011 1.009099591 1.089608514 1.067767128 1.092322795 1.114495858 1.150371500 1.152507585 0.960173006 0.954620006 0.994520508 1.155633491 1.049906312 1.009112533 0.988985411 0.997311497 1.048029939 
24     0.800584967 0.735071545 0.734397058 0.717992994 0.731563236 0.962074894 0.724446723 0.799202270 0.798990249 0.960008482 0.958062208 0.743320508 0.668447759 0.659740905 0.670283786 0.740928998 0.600808262 0.640104076 0.591127998 0.624739425 0.685282499 0.686775751 0.000000000 0.096398595 0.373087390 0.408078381 0.545282054 0.462872952 0.457478205 0.464665763 0.489419595 0.402071329 0.892619579 1.002031026 1.105995821 0.802211274 0.878949531 0.860352164 0.877288212 0.893491386 0.935826707 0.933017778 0.755796968 0.749409712 0.785683444 0.952011694 0.840861703 0.790245441 0.771381090 0.782280380 0.852993228 
44     0.813251991 0.744368559 0.743694073 0.728122300 0.742358862 0.970214286 0.730628486 0.812256742 0.812273746 0.977829330 0.975953469 0.753847488 0.673755777 0.664637791 0.675587178 0.745886035 0.607030139 0.646038073 0.599794392 0.633117031 0.690864147 0.692274769 0.096398595 0.000000000 0.375613329 0.412648680 0.549039352 0.468206517 0.462810496 0.476701914 0.501413662 0.408458803 0.899484884 1.009207460 1.113656670 0.811681924 0.887978590 0.865996390 0.885901867 0.902104335 0.941797278 0.939319971 0.760319398 0.753999911 0.791067285 0.961308589 0.846927206 0.796659996 0.777814624 0.788977996 0.859060046 
14     0.774453653 0.697621164 0.697558070 0.683984019 0.694553818 0.923256484 0.696876938 0.767568545 0.768090382 0.933425661 0.930914695 0.712256285 0.639179260 0.632767812 0.632464847 0.708686650 0.566499061 0.615572948 0.557401985 0.597681481 0.662144553 0.666633860 0.373087390 0.375613329 0.000000000 0.380303434 0.516689181 0.438678982 0.434061124 0.441088208 0.461973958 0.376871664 0.844613462 0.964223276 1.065568438 0.773744453 0.838210734 0.816570658 0.841483917 0.864632471 0.899139513 0.895662656 0.714812201 0.709364694 0.744389808 0.917532319 0.804599203 0.751133830 0.733675781 0.745578768 0.813768261 
49     0.779009567 0.709904844 0.709318996 0.698664719 0.713667511 0.939671192 0.704420669 0.778649844 0.776424584 0.941394107 0.939522042 0.720955738 0.644957059 0.630425217 0.643777014 0.712676895 0.573207294 0.614424048 0.561018964 0.598651543 0.652337737 0.654599157 0.408078381 0.412648680 0.380303434 0.000000000 0.395992222 0.318496964 0.314799007 0.395556165 0.420483556 0.326694507 0.854709171 0.972855718 1.065931918 0.765550993 0.836739858 0.822454029 0.853548577 0.873766479 0.904481783 0.906446557 0.715380255 0.713226120 0.750464608 0.914209394 0.804315291 0.763725509 0.744436499 0.754458976 0.808009327 
19     0.914775062 0.831184830 0.830677926 0.826261798 0.840659451 1.067114477 0.833416971 0.911157755 0.909329354 1.072994369 1.070847717 0.850753513 0.769074209 0.757835212 0.774620109 0.837819904 0.693653895 0.739683310 0.684076144 0.728703284 0.787188818 0.788999156 0.545282054 0.549039352 0.516689181 0.395992222 0.000000000 0.451476375 0.446676269 0.535679188 0.558079752 0.460056800 0.983955040 1.101775533 1.199084945 0.894491873 0.970446172 0.949474581 0.975568433 0.996921262 1.037815245 1.039478861 0.838223256 0.837215475 0.871794471 1.040620306 0.923979088 0.887249804 0.868109042 0.877581851 0.946250161 
50     0.828129061 0.757680033 0.757119743 0.737330680 0.752143029 0.980345420 0.745602504 0.823300697 0.823714958 0.985672543 0.983956757 0.776275185 0.695717826 0.683001995 0.700507412 0.761629038 0.619955064 0.661753830 0.607070639 0.644703198 0.703263315 0.704635375 0.462872952 0.468206517 0.438678982 0.318496964 0.451476375 0.000000000 0.070501104 0.453852468 0.472562465 0.389058441 0.913318986 1.031681894 1.122157232 0.829320682 0.903068042 0.888252503 0.911082642 0.937006006 0.969532491 0.971434502 0.775323651 0.771592721 0.807769470 0.979191939 0.864996185 0.820873243 0.801941324 0.810537934 0.869861932 
32     0.821699885 0.753370837 0.752810547 0.733091376 0.747972589 0.976080235 0.739812552 0.817808344 0.818236709 0.979585011 0.977912996 0.770773835 0.690337348 0.677271891 0.695113901 0.756188950 0.614566149 0.656430506 0.601086934 0.639361587 0.698212293 0.699630379 0.457478205 0.462810496 0.434061124 0.314799007 0.446676269 0.070501104 0.000000000 0.448476978 0.467667692 0.384244160 0.908393257 1.026691954 1.117422557 0.823568908 0.898239130 0.883264709 0.906098735 0.932080051 0.964560847 0.966462859 0.770247912 0.766461904 0.802490715 0.973936510 0.859995089 0.815687775 0.796809700 0.805406310 0.864697600 
29     0.820949813 0.750899227 0.750371079 0.746564320 0.757134984 0.988605911 0.749634938 0.824427545 0.827340222 0.980828093 0.979102989 0.771503536 0.696627920 0.680233896 0.693622377 0.766952162 0.627465012 0.662977858 0.601107189 0.640839994 0.708072598 0.709933880 0.464665763 0.476701914 0.441088208 0.395556165 0.535679188 0.453852468 0.448476978 0.000000000 0.263678392 0.407212289 0.905661562 1.025142876 1.120850348 0.823321180 0.896979370 0.869358184 0.908452386 0.928540107 0.957557432 0.962530456 0.774304315 0.769865888 0.794538219 0.961762786 0.857860263 0.815449675 0.795150012 0.802091971 0.853440402 
34     0.838139941 0.774458292 0.773929352 0.762225652 0.772679627 1.001251989 0.766011566 0.840978614 0.841093672 0.992002245 0.990051282 0.782638137 0.722369010 0.700949539 0.715270747 0.785490363 0.649835955 0.682634251 0.630970840 0.669831339 0.732748828 0.735097011 0.489419595 0.501413662 0.461973958 0.420483556 0.558079752 0.472562465 0.467667692 0.263678392 0.000000000 0.428263586 0.923317491 1.042000400 1.144301507 0.840520743 0.913395497 0.880936799 0.917757966 0.937862598 0.973755532 0.979817568 0.796172689 0.794297337 0.820419209 0.989315569 0.870555208 0.831336453 0.810429366 0.819272966 0.878222582 
39     0.769783636 0.699075182 0.698478916 0.689494546 0.696202200 0.931356468 0.692827118 0.768161171 0.767310969 0.933713936 0.931672602 0.713336161 0.634340314 0.626706170 0.637349786 0.704880029 0.563055538 0.607882340 0.551291731 0.590911408 0.647138519 0.650462300 0.402071329 0.408458803 0.376871664 0.326694507 0.460056800 0.389058441 0.384244160 0.407212289 0.428263586 0.000000000 0.836519095 0.955666337 1.054591738 0.758419007 0.843625308 0.812695704 0.844722813 0.864358331 0.903459878 0.901943180 0.719862459 0.714042686 0.750184430 0.919464707 0.795398246 0.753306301 0.734407428 0.743526044 0.790856988 
30     1.019128866 0.963296880 0.965724117 0.933711199 0.956100801 1.184665157 0.944679337 1.004487009 1.019181678 1.189238735 1.184648655 0.960331488 0.915433327 0.897658414 0.914488916 0.986131933 0.849745766 0.885402442 0.910376630 0.944368345 1.096127806 1.098695789 0.892619579 0.899484884 0.844613462 0.854709171 0.983955040 0.913318986 0.908393257 0.905661562 0.923317491 0.836519095 0.000000000 0.583831238 0.807604310 0.606891982 0.685183748 0.648895175 0.693423546 0.710052404 0.751350977 0.744949499 0.899374717 0.897445768 0.939051304 1.117761228 0.997981826 0.957196164 0.937834209 0.942812942 1.043625794 
15     1.134546630 1.060326453 1.062984669 1.043604971 1.061875525 1.290302589 1.062292870 1.120827150 1.136622218 1.295571274 1.292251149 1.069309672 1.023068135 1.004158192 1.020515550 1.101838506 0.966995593 1.000142333 1.021508221 1.057657233 1.209315869 1.210565180 1.002031026 1.009207460 0.964223276 0.972855718 1.101775533 1.031681894 1.026691954 1.025142876 1.042000400 0.955666337 0.583831238 0.000000000 0.929201926 0.712535638 0.801905956 0.786538602 0.825297955 0.840109259 0.874591260 0.875320984 1.003287594 0.996613697 1.044436731 1.222412474 1.101049211 1.065118662 1.043174393 1.046907908 1.160117518 
35     1.241213717 1.163410161 1.166107140 1.152075424 1.166181145 1.394823116 1.160017296 1.215554950 1.232405453 1.392790965 1.392596532 1.180859582 1.133962435 1.114108651 1.133637301 1.211122919 1.075194181 1.100042026 1.117379199 1.151101169 1.301592312 1.302067011 1.105995821 1.113656670 1.065568438 1.065931918 1.199084945 1.122157232 1.117422557 1.120850348 1.144301507 1.054591738 0.807604310 0.929201926 0.000000000 0.820736960 0.905814553 0.877620985 0.928783965 0.935793579 0.980777550 0.974975001 1.122273612 1.115782290 1.153737939 1.317434130 1.209739779 1.162304638 1.142009821 1.143857924 1.248320977 
38     0.948351878 0.886902537 0.888179619 0.874254851 0.883092274 1.103548559 0.881386191 0.943491608 0.955127647 1.106089412 1.104738887 0.870156464 0.840756952 0.831233140 0.845694322 0.915520683 0.774277429 0.811725586 0.823415563 0.862603318 1.007562926 1.009099591 0.802211274 0.811681924 0.773744453 0.765550993 0.894491873 0.829320682 0.823568908 0.823321180 0.840520743 0.758419007 0.606891982 0.712535638 0.820736960 0.000000000 0.611271995 0.583233002 0.619132572 0.629231103 0.676107126 0.668670170 0.825168912 0.819282192 0.852809534 1.031111570 0.914257025 0.862474123 0.843506534 0.848778282 0.974612719 
25     1.014625807 0.963568099 0.964801877 0.943198825 0.953154238 1.167257947 0.956475009 1.014856244 1.026793378 1.180973414 1.177414410 0.966554588 0.921955083 0.906173498 0.916294576 0.991751107 0.860741535 0.893968488 0.895214042 0.938876367 1.089282923 1.089608514 0.878949531 0.887978590 0.838210734 0.836739858 0.970446172 0.903068042 0.898239130 0.896979370 0.913395497 0.843625308 0.685183748 0.801905956 0.905814553 0.611271995 0.000000000 0.593853103 0.625912890 0.647333192 0.684870079 0.683415018 0.908070891 0.906750445 0.942684144 1.105487229 0.998111939 0.947289226 0.925313445 0.933820102 1.042288951 
22     0.994042299 0.930895963 0.933391159 0.918988167 0.929372848 1.159759352 0.931957325 0.991778459 1.004445072 1.161892016 1.158639886 0.936431150 0.890554594 0.879757080 0.885151352 0.964235374 0.830001968 0.861207117 0.877084272 0.914830394 1.066417166 1.067767128 0.860352164 0.865996390 0.816570658 0.822454029 0.949474581 0.888252503 0.883264709 0.869358184 0.880936799 0.812695704 0.648895175 0.786538602 0.877620985 0.583233002 0.593853103 0.000000000 0.524688231 0.541052563 0.593921866 0.589853245 0.882269957 0.880983803 0.918665065 1.090292489 0.962756716 0.913479152 0.895345564 0.899324534 1.029930179 
33     1.024069559 0.962102649 0.963351712 0.949809785 0.960779486 1.180735622 0.961929278 1.016693898 1.025339592 1.185119783 1.182071335 0.966761612 0.920049178 0.907184271 0.917213294 0.990278214 0.859327560 0.893581319 0.912403795 0.953314716 1.087474891 1.092322795 0.877288212 0.885901867 0.841483917 0.853548577 0.975568433 0.911082642 0.906098735 0.908452386 0.917757966 0.844722813 0.693423546 0.825297955 0.928783965 0.619132572 0.625912890 0.524688231 0.000000000 0.213326207 0.439036243 0.426286639 0.909754659 0.908221843 0.943290339 1.121346845 0.995325095 0.943598761 0.926054696 0.933515040 1.061775720 
46     1.039186353 0.982417528 0.983034744 0.960820634 0.971515810 1.187604030 0.977106771 1.035688720 1.044040922 1.202180988 1.199066771 0.982561304 0.937632205 0.923744730 0.934426451 1.005669124 0.876549395 0.907945535 0.925175841 0.965714880 1.110090122 1.114495858 0.893491386 0.902104335 0.864632471 0.873766479 0.996921262 0.937006006 0.932080051 0.928540107 0.937862598 0.864358331 0.710052404 0.840109259 0.935793579 0.629231103 0.647333192 0.541052563 0.213326207 0.000000000 0.460909732 0.451790520 0.925537090 0.922699276 0.962135007 1.138847959 1.015682577 0.968067510 0.950572365 0.955715278 1.075151992 
23     1.081847922 1.019015443 1.019783747 1.004956981 1.019939322 1.238580265 1.027398142 1.084796572 1.095002179 1.254965755 1.251643187 1.020446866 0.978425650 0.969758724 0.977113176 1.047378768 0.915755827 0.940696221 0.971207066 1.009449565 1.147271845 1.150371500 0.935826707 0.941797278 0.899139513 0.904481783 1.037815245 0.969532491 0.964560847 0.957557432 0.973755532 0.903459878 0.751350977 0.874591260 0.980777550 0.676107126 0.684870079 0.593921866 0.439036243 0.460909732 0.000000000 0.219347205 0.968114117 0.966025704 1.006075526 1.169679345 1.050979317 1.005146932 0.987026867 0.992857022 1.108513396 
40     1.071367224 1.009545237 1.010263827 0.994749204 1.006931877 1.229342284 1.019212340 1.080666258 1.090349225 1.249324714 1.245990923 1.015951940 0.975307335 0.967428341 0.973403040 1.047089704 0.911141557 0.937140881 0.964151848 1.005176206 1.149824952 1.152507585 0.933017778 0.939319971 0.895662656 0.906446557 1.039478861 0.971434502 0.966462859 0.962530456 0.979817568 0.901943180 0.744949499 0.875320984 0.974975001 0.668670170 0.683415018 0.589853245 0.426286639 0.451790520 0.219347205 0.000000000 0.966821314 0.963427401 0.998360794 1.161157621 1.046264059 1.001401316 0.983185702 0.993330899 1.110395672 
21     0.873949088 0.810124052 0.810252593 0.789415873 0.804953098 1.026205267 0.802148031 0.869339385 0.881821961 1.047624880 1.046782040 0.814952215 0.783050011 0.763744217 0.783272019 0.852309245 0.724325968 0.757240949 0.762706768 0.802683233 0.960120253 0.960173006 0.755796968 0.760319398 0.714812201 0.715380255 0.838223256 0.775323651 0.770247912 0.774304315 0.796172689 0.719862459 0.899374717 1.003287594 1.122273612 0.825168912 0.908070891 0.882269957 0.909754659 0.925537090 0.968114117 0.966821314 0.000000000 0.083473525 0.350282346 0.658660308 0.645589342 0.598894408 0.577078019 0.589715889 0.914452183 
45     0.867208375 0.801946877 0.802075418 0.780631327 0.796289631 1.019711513 0.788082480 0.859755812 0.871536608 1.037113504 1.036338359 0.806446541 0.777935291 0.759222260 0.779004656 0.848344905 0.719775588 0.748483646 0.754135726 0.794571941 0.954676969 0.954620006 0.749409712 0.753999911 0.709364694 0.713226120 0.837215475 0.771592721 0.766461904 0.769865888 0.794297337 0.714042686 0.897445768 0.996613697 1.115782290 0.819282192 0.906750445 0.880983803 0.908221843 0.922699276 0.966025704 0.963427401 0.083473525 0.000000000 0.343314815 0.648947228 0.636953531 0.593534550 0.571662528 0.584120839 0.905681226 
28     0.919190175 0.854882775 0.855107766 0.827755969 0.845578374 1.063244287 0.842311408 0.903317100 0.911530733 1.085060256 1.084149133 0.850065686 0.825272919 0.806085972 0.821132181 0.894197554 0.766292071 0.789418013 0.797198554 0.838544778 0.991768019 0.994520508 0.785683444 0.791067285 0.744389808 0.750464608 0.871794471 0.807769470 0.802490715 0.794538219 0.820419209 0.750184430 0.939051304 1.044436731 1.153737939 0.852809534 0.942684144 0.918665065 0.943290339 0.962135007 1.006075526 0.998360794 0.350282346 0.343314815 0.000000000 0.687101921 0.679079409 0.628875446 0.607675182 0.615726327 0.945387534 
47     1.071073769 0.986625480 0.987262726 0.981204498 0.995970129 1.211579267 0.993138729 1.049572424 1.059620790 1.229894067 1.228015483 1.002556343 0.986627091 0.966944400 0.980111678 1.054704112 0.915738310 0.952074698 0.963100291 0.999108344 1.152754081 1.155633491 0.952011694 0.961308589 0.917532319 0.914209394 1.040620306 0.979191939 0.973936510 0.961762786 0.989315569 0.919464707 1.117761228 1.222412474 1.317434130 1.031111570 1.105487229 1.090292489 1.121346845 1.138847959 1.169679345 1.161157621 0.658660308 0.648947228 0.687101921 0.000000000 0.841081188 0.784814544 0.763502058 0.780916229 1.106307730 
48     0.966702393 0.899934727 0.901355007 0.885205274 0.905948600 1.116730114 0.899372252 0.968064401 0.975914295 1.136074176 1.134665302 0.911978337 0.875157247 0.853333888 0.865677284 0.944925472 0.812661340 0.835210004 0.852388607 0.892649883 1.046934107 1.049906312 0.840861703 0.846927206 0.804599203 0.804315291 0.923979088 0.864996185 0.859995089 0.857860263 0.870555208 0.795398246 0.997981826 1.101049211 1.209739779 0.914257025 0.998111939 0.962756716 0.995325095 1.015682577 1.050979317 1.046264059 0.645589342 0.636953531 0.679079409 0.841081188 0.000000000 0.500680044 0.485881175 0.494792667 0.995961915 
42     0.922295258 0.853079760 0.854593634 0.841355551 0.852084286 1.073148038 0.843258935 0.925409546 0.934427851 1.082605718 1.081352660 0.857641075 0.830589414 0.814365008 0.822177459 0.901248678 0.764801059 0.790603313 0.815573842 0.857881405 1.003656225 1.009112533 0.790245441 0.796659996 0.751133830 0.763725509 0.887249804 0.820873243 0.815687775 0.815449675 0.831336453 0.753306301 0.957196164 1.065118662 1.162304638 0.862474123 0.947289226 0.913479152 0.943598761 0.968067510 1.005146932 1.001401316 0.598894408 0.593534550 0.628875446 0.784814544 0.500680044 0.000000000 0.137562335 0.200887164 0.945407465 
20     0.905872265 0.835007171 0.836521045 0.823651364 0.834369077 1.053705166 0.826662655 0.905011793 0.913142038 1.060987896 1.059607341 0.834727179 0.810007027 0.791152873 0.798950581 0.878634388 0.743965288 0.768651111 0.793470071 0.837969280 0.983473674 0.988985411 0.771381090 0.777814624 0.733675781 0.744436499 0.868109042 0.801941324 0.796809700 0.795150012 0.810429366 0.734407428 0.937834209 1.043174393 1.142009821 0.843506534 0.925313445 0.895345564 0.926054696 0.950572365 0.987026867 0.983185702 0.577078019 0.571662528 0.607675182 0.763502058 0.485881175 0.137562335 0.000000000 0.181364894 0.921091962 
18     0.914818660 0.846215576 0.847510200 0.836694055 0.846416266 1.069026386 0.841740395 0.917836782 0.926232892 1.076377382 1.074991914 0.846301121 0.821008781 0.802056967 0.812982072 0.893274042 0.757955563 0.782446587 0.808031755 0.847079478 0.992028145 0.997311497 0.782280380 0.788977996 0.745578768 0.754458976 0.877581851 0.810537934 0.805406310 0.802091971 0.819272966 0.743526044 0.942812942 1.046907908 1.143857924 0.848778282 0.933820102 0.899324534 0.933515040 0.955715278 0.992857022 0.993330899 0.589715889 0.584120839 0.615726327 0.780916229 0.494792667 0.200887164 0.181364894 0.000000000 0.935202526 
0     0.958138673 0.868974786 0.870542580 0.875531360 0.893517350 1.121299531 0.862440044 0.956693689 0.967390222 1.135456292 1.135063868 0.863955901 0.875218291 0.863075744 0.859656919 0.934559758 0.796887709 0.833313600 0.863033996 0.898824313 1.044585456 1.048029939 0.852993228 0.859060046 0.813768261 0.808009327 0.946250161 0.869861932 0.864697600 0.853440402 0.878222582 0.790856988 1.043625794 1.160117518 1.248320977 0.974612719 1.042288951 1.029930179 1.061775720 1.075151992 1.108513396 1.110395672 0.914452183 0.905681226 0.945387534 1.106307730 0.995961915 0.945407465 0.921091962 0.935202526 0.000000000 
