51
21     0.000000000 0.077955940 0.110698541 0.141857569 0.128330883 0.128522875 0.125265574 0.149142433 0.132773203 0.128186069 0.135166702 0.135224362 0.114679088 0.145212782 0.145158028 0.114382450 0.170199005 0.172405132 0.130369091 0.125745089 0.146448634 0.146582261 0.153324310 0.144349382 0.135330251 0.122194385 0.144174567 0.106950027 0.188928241 0.175322264 0.201714637 0.189485475 0.189562316 0.190653927 0.186413308 0.149274984 0.160501404 0.148102029 0.190753123 0.133026674 0.126202355 0.114086789 0.122219095 0.148205833 0.150787206 0.143444283 0.142590927 0.146903224 0.141745726 0.138754040 0.119359395 
33     0.077955940 0.000000000 0.111831757 0.142733922 0.128369741 0.128759982 0.125670548 0.150152772 0.134080162 0.129679769 0.136487408 0.136368903 0.115627973 0.146591775 0.146105361 0.115486033 0.170563674 0.173829264 0.131628824 0.127765681 0.148255510 0.148517880 0.154674181 0.144776485 0.135816623 0.123203892 0.144950680 0.107443405 0.187687278 0.175277316 0.199323825 0.187301678 0.188110831 0.189321312 0.184697415 0.151239681 0.161840320 0.149829267 0.191615740 0.134382507 0.126949461 0.115738384 0.123389060 0.150579998 0.152657591 0.146081333 0.145302139 0.149525100 0.144279504 0.140460897 0.119458701 
4     0.110698541 0.111831757 0.000000000 0.130637788 0.117308587 0.117000237 0.116112228 0.141014303 0.123902556 0.117059693 0.124585934 0.124634437 0.103771645 0.135140047 0.135509014 0.104264024 0.159819933 0.162240873 0.119490248 0.115863350 0.137645590 0.137870782 0.143019870 0.134134420 0.125945750 0.112625597 0.133902225 0.095857681 0.177501076 0.163448698 0.189274481 0.177455213 0.177551728 0.178739651 0.174561576 0.141568460 0.151571589 0.140154146 0.180919659 0.122488137 0.115159223 0.102957296 0.110540574 0.137735775 0.139853545 0.133080821 0.132310752 0.137392273 0.132866374 0.129560076 0.110196667 
11     0.141857569 0.142733922 0.130637788 0.000000000 0.110161579 0.106529689 0.112913167 0.141450834 0.120400235 0.137708361 0.145501992 0.145321912 0.123175392 0.155176060 0.156738231 0.124268602 0.183829408 0.183071552 0.142225967 0.138976030 0.158221233 0.158777035 0.165240273 0.155543016 0.148691274 0.133656857 0.155530261 0.118882746 0.198730857 0.184287595 0.211614183 0.198344439 0.199351828 0.200198386 0.194899707 0.168632667 0.177129376 0.167098968 0.207076533 0.149908693 0.142656322 0.130031889 0.138934951 0.161969481 0.167024464 0.158838148 0.158370741 0.162392720 0.159495669 0.155036546 0.134868245 
23     0.128330883 0.128369741 0.117308587 0.110161579 0.000000000 0.058075396 0.098221656 0.128106863 0.107758070 0.124441893 0.132286022 0.132076659 0.108929627 0.140990142 0.142167960 0.110446189 0.169630071 0.168763634 0.128774961 0.124608916 0.145411362 0.145664124 0.150444912 0.141191036 0.134597406 0.120246972 0.141921995 0.104255647 0.184834149 0.171958927 0.197565691 0.185184015 0.185347980 0.186154762 0.181975530 0.154022761 0.163123467 0.152407965 0.193356686 0.136771261 0.129334702 0.116683924 0.124409329 0.149243787 0.153640697 0.144104596 0.143274806 0.148829833 0.144349831 0.140442169 0.122177231 
10     0.128522875 0.128759982 0.117000237 0.106529689 0.058075396 0.000000000 0.099475650 0.128128740 0.106993774 0.124037844 0.131963324 0.131751919 0.108279936 0.140562559 0.141647886 0.108962543 0.169482964 0.168760191 0.128464646 0.124640423 0.144983672 0.145508152 0.150933376 0.141802297 0.135120688 0.121423181 0.142549726 0.104111816 0.185163595 0.172117652 0.198186643 0.185632384 0.186404784 0.187383221 0.183251279 0.154126125 0.163865770 0.152660733 0.192763352 0.136715378 0.129156283 0.116328121 0.124298315 0.149283556 0.153302200 0.145315227 0.144494724 0.150209715 0.145800339 0.142376219 0.121722615 
26     0.125265574 0.125670548 0.116112228 0.112913167 0.098221656 0.099475650 0.000000000 0.090359304 0.074397461 0.121484344 0.128533979 0.128413810 0.107212042 0.137733264 0.139161114 0.107586814 0.165025827 0.164613521 0.124678254 0.121749490 0.141266768 0.141474513 0.148003839 0.138329869 0.129434360 0.116097652 0.137022347 0.101009558 0.180058683 0.165773993 0.192238133 0.181354484 0.181929723 0.182729082 0.178132029 0.151436231 0.160123798 0.150101050 0.191010839 0.132798750 0.124927151 0.113580072 0.121927094 0.147717245 0.151246423 0.142714288 0.142641694 0.146251970 0.141892915 0.137184472 0.119334846 
22     0.149142433 0.150152772 0.141014303 0.141450834 0.128106863 0.128128740 0.090359304 0.000000000 0.103256833 0.145829259 0.152873001 0.152794851 0.133885425 0.164204748 0.164739867 0.133556594 0.191520635 0.191886305 0.150347193 0.145810648 0.165312350 0.165779138 0.173854753 0.164489099 0.156287921 0.143001466 0.163590683 0.126778697 0.207299781 0.191060563 0.218802735 0.207942913 0.208289543 0.209311533 0.202917941 0.176059053 0.186230164 0.176172778 0.213839056 0.158097161 0.150386979 0.140774980 0.148292367 0.172805653 0.177887370 0.168771784 0.168376772 0.172169169 0.168148449 0.164271518 0.145504070 
9     0.132773203 0.134080162 0.123902556 0.120400235 0.107758070 0.106993774 0.074397461 0.103256833 0.000000000 0.129300472 0.136334637 0.136212527 0.116149866 0.146180342 0.146526417 0.114188433 0.174798027 0.174876815 0.132795733 0.130516247 0.150220807 0.150560003 0.157055884 0.147865000 0.140578826 0.126520163 0.147874573 0.110614794 0.189281291 0.176488615 0.200348106 0.190080724 0.190594882 0.191555692 0.186778861 0.159395308 0.168940673 0.158952167 0.198949220 0.141966889 0.134182445 0.123072412 0.130494449 0.154022281 0.158684252 0.150698784 0.150254759 0.154339289 0.149774786 0.146052332 0.127310330 
19     0.128186069 0.129679769 0.117059693 0.137708361 0.124441893 0.124037844 0.121484344 0.145829259 0.129300472 0.000000000 0.060836948 0.060848151 0.108478394 0.138433289 0.137844903 0.106693085 0.168840479 0.169837639 0.127898662 0.123873613 0.145034614 0.145215436 0.151963864 0.141553054 0.134422199 0.121384313 0.141576055 0.103450204 0.184830500 0.172119000 0.198407386 0.186164777 0.186764037 0.187858460 0.183371726 0.154158498 0.164243444 0.151909677 0.192932403 0.135443546 0.128304518 0.115167071 0.123617804 0.148567151 0.152124649 0.146230076 0.145537472 0.149138808 0.144301915 0.140852179 0.121315250 
17     0.135166702 0.136487408 0.124585934 0.145501992 0.132286022 0.131963324 0.128533979 0.152873001 0.136334637 0.060836948 0.000000000 0.018379854 0.115196252 0.145078197 0.144836329 0.114107517 0.175492012 0.177503634 0.135431239 0.132017755 0.152420008 0.152403434 0.158284214 0.148090263 0.141257929 0.128058571 0.148331837 0.110668328 0.193277895 0.180304986 0.206087725 0.193515983 0.194247551 0.195313814 0.190052973 0.160401191 0.169948091 0.158707953 0.199019521 0.142992106 0.135813403 0.123145820 0.131247910 0.156259645 0.159274591 0.154258013 0.153423439 0.156660527 0.151371097 0.148049157 0.129038328 
15     0.135224362 0.136368903 0.124634437 0.145321912 0.132076659 0.131751919 0.128413810 0.152794851 0.136212527 0.060848151 0.018379854 0.000000000 0.115077379 0.145070638 0.144824285 0.113857230 0.175078954 0.177162235 0.135119338 0.131818558 0.151947709 0.151922858 0.157962127 0.147766805 0.141009804 0.127546456 0.148131750 0.110526933 0.192691316 0.179932651 0.205653515 0.193028397 0.193801771 0.194843352 0.189773205 0.160771692 0.170217354 0.159263606 0.198791253 0.143207040 0.136015331 0.123421212 0.131598487 0.156401364 0.159503678 0.154632647 0.153796912 0.157045178 0.151540051 0.148068803 0.129030154 
12     0.114679088 0.115627973 0.103771645 0.123175392 0.108929627 0.108279936 0.107212042 0.133885425 0.116149866 0.108478394 0.115196252 0.115077379 0.000000000 0.102810867 0.102420338 0.076083233 0.157074563 0.158873451 0.116802181 0.113173184 0.133604078 0.133832521 0.139302542 0.130152804 0.122034558 0.108631832 0.129320431 0.091935905 0.173513006 0.161125447 0.185941639 0.174659063 0.174992506 0.175933847 0.170081231 0.139587443 0.149532664 0.137461339 0.178666878 0.123392661 0.115890404 0.102969305 0.110720181 0.136852176 0.140571560 0.133514965 0.132870754 0.136638576 0.131878815 0.128845578 0.109635598 
5     0.145212782 0.146591775 0.135140047 0.155176060 0.140990142 0.140562559 0.137733264 0.164204748 0.146180342 0.138433289 0.145078197 0.145070638 0.102810867 0.000000000 0.078270070 0.106102279 0.188269094 0.188936336 0.148127558 0.143883091 0.163869715 0.164177436 0.168569042 0.159241572 0.153119154 0.138300398 0.160095439 0.122252534 0.203438846 0.191240741 0.215521535 0.205182372 0.205950572 0.206981771 0.201800571 0.171705639 0.182365410 0.170036802 0.210516378 0.155234362 0.147369739 0.133724843 0.141831274 0.168915772 0.172555530 0.165071662 0.164391392 0.168160891 0.162337676 0.160829505 0.140624425 
14     0.145158028 0.146105361 0.135509014 0.156738231 0.142167960 0.141647886 0.139161114 0.164739867 0.146526417 0.137844903 0.144836329 0.144824285 0.102420338 0.078270070 0.000000000 0.107404790 0.187858590 0.189156380 0.146963135 0.142769450 0.163358456 0.163823268 0.169209174 0.159859263 0.153504410 0.138365339 0.160230785 0.121833966 0.204708664 0.190837632 0.216112969 0.204326366 0.204991204 0.205983401 0.200433434 0.171557046 0.181688584 0.170011695 0.208959932 0.154881932 0.147251809 0.134753089 0.142380462 0.167179333 0.171880628 0.164757955 0.163924914 0.168726329 0.161505890 0.160434899 0.141113302 
3     0.114382450 0.115486033 0.104264024 0.124268602 0.110446189 0.108962543 0.107586814 0.133556594 0.114188433 0.106693085 0.114107517 0.113857230 0.076083233 0.106102279 0.107404790 0.000000000 0.155277997 0.157832643 0.116219185 0.111785938 0.132928207 0.133203899 0.139306823 0.129156691 0.122415225 0.108467644 0.129220426 0.091801673 0.172216943 0.160369010 0.184879542 0.174172788 0.174441368 0.175530353 0.170981521 0.140798153 0.150694957 0.137685695 0.178525153 0.124783980 0.117075726 0.103227614 0.110490617 0.137090768 0.140791204 0.133413623 0.132764153 0.136878340 0.131563136 0.127914925 0.110359676 
6     0.170199005 0.170563674 0.159819933 0.183829408 0.169630071 0.169482964 0.165025827 0.191520635 0.174798027 0.168840479 0.175492012 0.175078954 0.157074563 0.188269094 0.187858590 0.155277997 0.000000000 0.170095403 0.128304595 0.125253267 0.144928351 0.144935904 0.151308247 0.141172490 0.141480461 0.127482088 0.163739956 0.126628568 0.219442418 0.206750461 0.230984528 0.219533532 0.219421259 0.220448533 0.215862580 0.195904823 0.206564493 0.194151822 0.234502215 0.177256659 0.168783626 0.158510933 0.165464591 0.192623147 0.194774250 0.188748792 0.188144975 0.193155824 0.187173830 0.183091776 0.165109120 
16     0.172405132 0.173829264 0.162240873 0.183071552 0.168763634 0.168760191 0.164613521 0.191886305 0.174876815 0.169837639 0.177503634 0.177162235 0.158873451 0.188936336 0.189156380 0.157832643 0.170095403 0.000000000 0.118535230 0.116360287 0.136758061 0.137299904 0.142201400 0.132837062 0.142353628 0.127276811 0.165269723 0.127085352 0.221063554 0.209696890 0.233706867 0.221302362 0.221845660 0.222572240 0.217897382 0.198281993 0.208102982 0.196779293 0.234068869 0.179874062 0.171586817 0.160696721 0.167799251 0.194557915 0.196020782 0.191244683 0.190697807 0.194378609 0.188360824 0.184966274 0.166960545 
27     0.130369091 0.131628824 0.119490248 0.142225967 0.128774961 0.128464646 0.124678254 0.150347193 0.132795733 0.127898662 0.135431239 0.135119338 0.116802181 0.148127558 0.146963135 0.116219185 0.128304595 0.118535230 0.000000000 0.048065703 0.095621932 0.095802720 0.101860396 0.092261427 0.100983575 0.087647164 0.123576310 0.086211128 0.178758249 0.166907282 0.191149622 0.177972123 0.178355559 0.179313211 0.174764253 0.155235388 0.164937950 0.153534022 0.192418144 0.136867973 0.128758962 0.118141052 0.125796246 0.151940915 0.154044871 0.148436532 0.147737366 0.151009383 0.145262133 0.142704036 0.125740410 
28     0.125745089 0.127765681 0.115863350 0.138976030 0.124608916 0.124640423 0.121749490 0.145810648 0.130516247 0.123873613 0.132017755 0.131818558 0.113173184 0.143883091 0.142769450 0.111785938 0.125253267 0.116360287 0.048065703 0.000000000 0.091375143 0.091500784 0.098798963 0.088202294 0.098814495 0.084965529 0.121110183 0.083897386 0.174110228 0.161305161 0.187680173 0.173529340 0.174024687 0.174887513 0.169227475 0.149807937 0.160138839 0.149055395 0.187037524 0.131930713 0.124106441 0.113567618 0.120955132 0.147063673 0.149499081 0.143190293 0.142445967 0.146503091 0.140993557 0.137774347 0.122549661 
7     0.146448634 0.148255510 0.137645590 0.158221233 0.145411362 0.144983672 0.141266768 0.165312350 0.150220807 0.145034614 0.152420008 0.151947709 0.133604078 0.163869715 0.163358456 0.132928207 0.144928351 0.136758061 0.095621932 0.091375143 0.000000000 0.021696334 0.097967145 0.087226738 0.115041652 0.101217978 0.139834483 0.102860843 0.195416251 0.183168513 0.208848259 0.195573797 0.196257787 0.197327792 0.191526780 0.172913112 0.183406514 0.172028705 0.208294760 0.154633846 0.146840007 0.135934994 0.143452380 0.169516159 0.172701060 0.166295229 0.166013072 0.170065968 0.164013989 0.161466467 0.143549300 
18     0.146582261 0.148517880 0.137870782 0.158777035 0.145664124 0.145508152 0.141474513 0.165779138 0.150560003 0.145215436 0.152403434 0.151922858 0.133832521 0.164177436 0.163823268 0.133203899 0.144935904 0.137299904 0.095802720 0.091500784 0.021696334 0.000000000 0.098031599 0.087312470 0.115379598 0.101615944 0.140177563 0.103450554 0.195171676 0.183220612 0.209101574 0.195493448 0.196241919 0.197311924 0.191519373 0.173317253 0.183808731 0.172437499 0.208453857 0.154688108 0.146889041 0.136087370 0.143771612 0.169613736 0.172589494 0.166226966 0.165931560 0.170222434 0.164235560 0.161726267 0.143807170 
35     0.153324310 0.154674181 0.143019870 0.165240273 0.150444912 0.150933376 0.148003839 0.173854753 0.157055884 0.151963864 0.158284214 0.157962127 0.139302542 0.168569042 0.169209174 0.139306823 0.151308247 0.142201400 0.101860396 0.098798963 0.097967145 0.098031599 0.000000000 0.046952874 0.122333289 0.108314332 0.145736832 0.108709508 0.202410539 0.189991374 0.215690881 0.203106241 0.203292069 0.204419879 0.199586839 0.177418654 0.187637421 0.175978476 0.215516872 0.161219127 0.153185685 0.140897751 0.148330180 0.175028505 0.177247274 0.171261030 0.170481938 0.174402481 0.169415833 0.166488519 0.147775683 
20     0.144349382 0.144776485 0.134134420 0.155543016 0.141191036 0.141802297 0.138329869 0.164489099 0.147865000 0.141553054 0.148090263 0.147766805 0.130152804 0.159241572 0.159859263 0.129156691 0.141172490 0.132837062 0.092261427 0.088202294 0.087226738 0.087312470 0.046952874 0.000000000 0.112576565 0.098956465 0.135718222 0.099564063 0.191336750 0.179256896 0.204286695 0.192347799 0.192589982 0.193647237 0.188648793 0.168208463 0.178666638 0.166930146 0.206426022 0.151797896 0.143745882 0.131765242 0.139218727 0.164939340 0.167661455 0.161645053 0.160980783 0.164749495 0.159646953 0.157120347 0.138966583 
34     0.135330251 0.135816623 0.125945750 0.148691274 0.134597406 0.135120688 0.129434360 0.156287921 0.140578826 0.134422199 0.141257929 0.141009804 0.122034558 0.153119154 0.153504410 0.122415225 0.141480461 0.142353628 0.100983575 0.098814495 0.115041652 0.115379598 0.122333289 0.112576565 0.000000000 0.062220241 0.129100967 0.093198947 0.185681957 0.173113353 0.197445502 0.187149732 0.188021456 0.189032040 0.183709458 0.162076072 0.172229695 0.160055915 0.199162012 0.145114659 0.137491896 0.125028234 0.132509493 0.159467662 0.161884262 0.155310908 0.154772017 0.159085464 0.153331385 0.149652220 0.131564869 
13     0.122194385 0.123203892 0.112625597 0.133656857 0.120246972 0.121423181 0.116097652 0.143001466 0.126520163 0.121384313 0.128058571 0.127546456 0.108631832 0.138300398 0.138365339 0.108467644 0.127482088 0.127276811 0.087647164 0.084965529 0.101217978 0.101615944 0.108314332 0.098956465 0.062220241 0.000000000 0.115635194 0.079852135 0.172084146 0.159575361 0.184282878 0.172652823 0.173147145 0.174059830 0.169825283 0.147204850 0.157949188 0.144631891 0.183011197 0.129250461 0.121460684 0.110176933 0.117885139 0.145169561 0.147978116 0.142113669 0.141522629 0.145332036 0.138975411 0.135672800 0.117100130 
25     0.144174567 0.144950680 0.133902225 0.155530261 0.141921995 0.142549726 0.137022347 0.163590683 0.147874573 0.141576055 0.148331837 0.148131750 0.129320431 0.160095439 0.160230785 0.129220426 0.163739956 0.165269723 0.123576310 0.121110183 0.139834483 0.140177563 0.145736832 0.135718222 0.129100967 0.115635194 0.000000000 0.089842995 0.194077932 0.180512497 0.207364141 0.193203663 0.193019603 0.193965144 0.190293511 0.169282157 0.179193696 0.167715123 0.207520662 0.151033273 0.143434877 0.131916039 0.139342053 0.165866237 0.169021269 0.161185719 0.160707209 0.164709226 0.160111762 0.156692365 0.137553441 
30     0.106950027 0.107443405 0.095857681 0.118882746 0.104255647 0.104111816 0.101009558 0.126778697 0.110614794 0.103450204 0.110668328 0.110526933 0.091935905 0.122252534 0.121833966 0.091801673 0.126628568 0.127085352 0.086211128 0.083897386 0.102860843 0.103450554 0.108709508 0.099564063 0.093198947 0.079852135 0.089842995 0.000000000 0.156777923 0.143734210 0.170505524 0.156926743 0.157335799 0.158278789 0.153557588 0.131127895 0.141908820 0.130726471 0.169108411 0.113405353 0.105726822 0.094109095 0.102240990 0.128243060 0.131298399 0.123684384 0.123100467 0.126981877 0.121852803 0.119009107 0.100847335 
8     0.188928241 0.187687278 0.177501076 0.198730857 0.184834149 0.185163595 0.180058683 0.207299781 0.189281291 0.184830500 0.193277895 0.192691316 0.173513006 0.203438846 0.204708664 0.172216943 0.219442418 0.221063554 0.178758249 0.174110228 0.195416251 0.195171676 0.202410539 0.191336750 0.185681957 0.172084146 0.194077932 0.156777923 0.000000000 0.119274331 0.175314441 0.178167858 0.179062392 0.179802626 0.173659547 0.213032518 0.223892028 0.210513849 0.248960940 0.195234026 0.187607040 0.177136138 0.183595063 0.210384649 0.214028890 0.205764658 0.205223848 0.208335482 0.203851581 0.200848546 0.183900460 
2     0.175322264 0.175277316 0.163448698 0.184287595 0.171958927 0.172117652 0.165773993 0.191060563 0.176488615 0.172119000 0.180304986 0.179932651 0.161125447 0.191240741 0.190837632 0.160369010 0.206750461 0.209696890 0.166907282 0.161305161 0.183168513 0.183220612 0.189991374 0.179256896 0.173113353 0.159575361 0.180512497 0.143734210 0.119274331 0.000000000 0.160661441 0.164253036 0.164520340 0.165526336 0.160274092 0.199921720 0.209801040 0.199334437 0.238388628 0.181754226 0.173542532 0.164249280 0.171197061 0.197528173 0.200310832 0.194027406 0.193375737 0.196977952 0.191400577 0.187224703 0.172161604 
24     0.201714637 0.199323825 0.189274481 0.211614183 0.197565691 0.198186643 0.192238133 0.218802735 0.200348106 0.198407386 0.206087725 0.205653515 0.185941639 0.215521535 0.216112969 0.184879542 0.230984528 0.233706867 0.191149622 0.187680173 0.208848259 0.209101574 0.215690881 0.204286695 0.197445502 0.184282878 0.207364141 0.170505524 0.175314441 0.160661441 0.000000000 0.191863988 0.192435342 0.193344913 0.189223402 0.226307503 0.236835712 0.223178271 0.263463492 0.206934449 0.198340671 0.188682063 0.195892260 0.223312654 0.224832686 0.219154360 0.218797067 0.222049146 0.216206139 0.212330026 0.195493857 
1     0.189485475 0.187301678 0.177455213 0.198344439 0.185184015 0.185632384 0.181354484 0.207942913 0.190080724 0.186164777 0.193515983 0.193028397 0.174659063 0.205182372 0.204326366 0.174172788 0.219533532 0.221302362 0.177972123 0.173529340 0.195573797 0.195493448 0.203106241 0.192347799 0.187149732 0.172652823 0.193203663 0.156926743 0.178167858 0.164253036 0.191863988 0.000000000 0.034440456 0.033692976 0.084477410 0.215151556 0.224602241 0.213540072 0.251872120 0.194981657 0.187078885 0.178688063 0.186472060 0.211065281 0.214897942 0.207618629 0.207243010 0.211119666 0.205247803 0.202841737 0.185567443 
29     0.189562316 0.188110831 0.177551728 0.199351828 0.185347980 0.186404784 0.181929723 0.208289543 0.190594882 0.186764037 0.194247551 0.193801771 0.174992506 0.205950572 0.204991204 0.174441368 0.219421259 0.221845660 0.178355559 0.174024687 0.196257787 0.196241919 0.203292069 0.192589982 0.188021456 0.173147145 0.193019603 0.157335799 0.179062392 0.164520340 0.192435342 0.034440456 0.000000000 0.025446467 0.085957078 0.215291059 0.224824063 0.213585715 0.252013779 0.195145878 0.187383160 0.178639534 0.186583234 0.211332995 0.215031297 0.208318534 0.207863792 0.211576627 0.205483337 0.203110507 0.186106255 
31     0.190653927 0.189321312 0.178739651 0.200198386 0.186154762 0.187383221 0.182729082 0.209311533 0.191555692 0.187858460 0.195313814 0.194843352 0.175933847 0.206981771 0.205983401 0.175530353 0.220448533 0.222572240 0.179313211 0.174887513 0.197327792 0.197311924 0.204419879 0.193647237 0.189032040 0.174059830 0.193965144 0.158278789 0.179802626 0.165526336 0.193344913 0.033692976 0.025446467 0.000000000 0.085914430 0.216206574 0.225726427 0.214498239 0.253130364 0.196154662 0.188405156 0.179748568 0.187631750 0.212306583 0.216034015 0.209281665 0.208906046 0.212523598 0.206486046 0.203984094 0.187141870 
32     0.186413308 0.184697415 0.174561576 0.194899707 0.181975530 0.183251279 0.178132029 0.202917941 0.186778861 0.183371726 0.190052973 0.189773205 0.170081231 0.201800571 0.200433434 0.170981521 0.215862580 0.217897382 0.174764253 0.169227475 0.191526780 0.191519373 0.199586839 0.188648793 0.183709458 0.169825283 0.190293511 0.153557588 0.173659547 0.160274092 0.189223402 0.084477410 0.085957078 0.085914430 0.000000000 0.210358084 0.219855774 0.209885976 0.246402071 0.191201585 0.183549780 0.173891727 0.182360171 0.206572727 0.209813741 0.203502232 0.203021513 0.207606638 0.200044769 0.198247912 0.182186409 
36     0.149274984 0.151239681 0.141568460 0.168632667 0.154022761 0.154126125 0.151436231 0.176059053 0.159395308 0.154158498 0.160401191 0.160771692 0.139587443 0.171705639 0.171557046 0.140798153 0.195904823 0.198281993 0.155235388 0.149807937 0.172913112 0.173317253 0.177418654 0.168208463 0.162076072 0.147204850 0.169282157 0.131127895 0.213032518 0.199921720 0.226307503 0.215151556 0.215291059 0.216206574 0.210358084 0.000000000 0.078568065 0.098872190 0.175768636 0.139497413 0.133033437 0.117342309 0.125979364 0.151839352 0.156088689 0.149686387 0.148772727 0.152464574 0.147712231 0.142409551 0.142944140 
46     0.160501404 0.161840320 0.151571589 0.177129376 0.163123467 0.163865770 0.160123798 0.186230164 0.168940673 0.164243444 0.169948091 0.170217354 0.149532664 0.182365410 0.181688584 0.150694957 0.206564493 0.208102982 0.164937950 0.160138839 0.183406514 0.183808731 0.187637421 0.178666638 0.172229695 0.157949188 0.179193696 0.141908820 0.223892028 0.209801040 0.236835712 0.224602241 0.224824063 0.225726427 0.219855774 0.078568065 0.000000000 0.108722073 0.185527837 0.149108540 0.142648789 0.127524344 0.136223059 0.161330814 0.165280379 0.158366576 0.157405236 0.161653652 0.157733458 0.152192677 0.152901486 
37     0.148102029 0.149829267 0.140154146 0.167098968 0.152407965 0.152660733 0.150101050 0.176172778 0.158952167 0.151909677 0.158707953 0.159263606 0.137461339 0.170036802 0.170011695 0.137685695 0.194151822 0.196779293 0.153534022 0.149055395 0.172028705 0.172437499 0.175978476 0.166930146 0.160055915 0.144631891 0.167715123 0.130726471 0.210513849 0.199334437 0.223178271 0.213540072 0.213585715 0.214498239 0.209885976 0.098872190 0.108722073 0.000000000 0.175420947 0.139355010 0.132772764 0.117968673 0.125958219 0.152319129 0.156041224 0.149583085 0.148624403 0.152420907 0.145735162 0.141798226 0.141215026 
41     0.190753123 0.191615740 0.180919659 0.207076533 0.193356686 0.192763352 0.191010839 0.213839056 0.198949220 0.192932403 0.199019521 0.198791253 0.178666878 0.210516378 0.208959932 0.178525153 0.234502215 0.234068869 0.192418144 0.187037524 0.208294760 0.208453857 0.215516872 0.206426022 0.199162012 0.183011197 0.207520662 0.169108411 0.248960940 0.238388628 0.263463492 0.251872120 0.252013779 0.253130364 0.246402071 0.175768636 0.185527837 0.175420947 0.000000000 0.179750131 0.172681645 0.158606484 0.166392519 0.193474849 0.196734673 0.190911876 0.190081431 0.192975956 0.188464296 0.183109389 0.183243738 
47     0.133026674 0.134382507 0.122488137 0.149908693 0.136771261 0.136715378 0.132798750 0.158097161 0.141966889 0.135443546 0.142992106 0.143207040 0.123392661 0.155234362 0.154881932 0.124783980 0.177256659 0.179874062 0.136867973 0.131930713 0.154633846 0.154688108 0.161219127 0.151797896 0.145114659 0.129250461 0.151033273 0.113405353 0.195234026 0.181754226 0.206934449 0.194981657 0.195145878 0.196154662 0.191201585 0.139497413 0.149108540 0.139355010 0.179750131 0.000000000 0.024424342 0.095236773 0.103744771 0.129970783 0.131859677 0.125138734 0.124285072 0.126933411 0.124203138 0.119624750 0.125302056 
49     0.126202355 0.126949461 0.115159223 0.142656322 0.129334702 0.129156283 0.124927151 0.150386979 0.134182445 0.128304518 0.135813403 0.136015331 0.115890404 0.147369739 0.147251809 0.117075726 0.168783626 0.171586817 0.128758962 0.124106441 0.146840007 0.146889041 0.153185685 0.143745882 0.137491896 0.121460684 0.143434877 0.105726822 0.187607040 0.173542532 0.198340671 0.187078885 0.187383160 0.188405156 0.183549780 0.133033437 0.142648789 0.132772764 0.172681645 0.024424342 0.000000000 0.088185293 0.096657008 0.123008081 0.124608310 0.117762753 0.117003693 0.119123721 0.117034226 0.112266788 0.118008954 
39     0.114086789 0.115738384 0.102957296 0.130031889 0.116683924 0.116328121 0.113580072 0.140774980 0.123072412 0.115167071 0.123145820 0.123421212 0.102969305 0.133724843 0.134753089 0.103227614 0.158510933 0.160696721 0.118141052 0.113567618 0.135934994 0.136087370 0.140897751 0.131765242 0.125028234 0.110176933 0.131916039 0.094109095 0.177136138 0.164249280 0.188682063 0.178688063 0.178639534 0.179748568 0.173891727 0.117342309 0.127524344 0.117968673 0.158606484 0.095236773 0.088185293 0.000000000 0.051912671 0.103546900 0.105075597 0.097528083 0.096876806 0.101994686 0.097054401 0.092038341 0.104363788 
40     0.122219095 0.123389060 0.110540574 0.138934951 0.124409329 0.124298315 0.121927094 0.148292367 0.130494449 0.123617804 0.131247910 0.131598487 0.110720181 0.141831274 0.142380462 0.110490617 0.165464591 0.167799251 0.125796246 0.120955132 0.143452380 0.143771612 0.148330180 0.139218727 0.132509493 0.117885139 0.139342053 0.102240990 0.183595063 0.171197061 0.195892260 0.186472060 0.186583234 0.187631750 0.182360171 0.125979364 0.136223059 0.125958219 0.166392519 0.103744771 0.096657008 0.051912671 0.000000000 0.110997400 0.113458029 0.105876739 0.104971666 0.109606274 0.105017917 0.099397852 0.112118004 
50     0.148205833 0.150579998 0.137735775 0.161969481 0.149243787 0.149283556 0.147717245 0.172805653 0.154022281 0.148567151 0.156259645 0.156401364 0.136852176 0.168915772 0.167179333 0.137090768 0.192623147 0.194557915 0.151940915 0.147063673 0.169516159 0.169613736 0.175028505 0.164939340 0.159467662 0.145169561 0.165866237 0.128243060 0.210384649 0.197528173 0.223312654 0.211065281 0.211332995 0.212306583 0.206572727 0.151839352 0.161330814 0.152319129 0.193474849 0.129970783 0.123008081 0.103546900 0.110997400 0.000000000 0.093240967 0.100709676 0.099957265 0.105593791 0.105062047 0.101042708 0.139837553 
48     0.150787206 0.152657591 0.139853545 0.167024464 0.153640697 0.153302200 0.151246423 0.177887370 0.158684252 0.152124649 0.159274591 0.159503678 0.140571560 0.172555530 0.171880628 0.140791204 0.194774250 0.196020782 0.154044871 0.149499081 0.172701060 0.172589494 0.177247274 0.167661455 0.161884262 0.147978116 0.169021269 0.131298399 0.214028890 0.200310832 0.224832686 0.214897942 0.215031297 0.216034015 0.209813741 0.156088689 0.165280379 0.156041224 0.196734673 0.131859677 0.124608310 0.105075597 0.113458029 0.093240967 0.000000000 0.105228174 0.104623724 0.108838604 0.108225822 0.103924517 0.143405378 
43     0.143444283 0.146081333 0.133080821 0.158838148 0.144104596 0.145315227 0.142714288 0.168771784 0.150698784 0.146230076 0.154258013 0.154632647 0.133514965 0.165071662 0.164757955 0.133413623 0.188748792 0.191244683 0.148436532 0.143190293 0.166295229 0.166226966 0.171261030 0.161645053 0.155310908 0.142113669 0.161185719 0.123684384 0.205764658 0.194027406 0.219154360 0.207618629 0.208318534 0.209281665 0.203502232 0.149686387 0.158366576 0.149583085 0.190911876 0.125138734 0.117762753 0.097528083 0.105876739 0.100709676 0.105228174 0.000000000 0.011948172 0.057268244 0.101038789 0.094791153 0.136640750 
42     0.142590927 0.145302139 0.132310752 0.158370741 0.143274806 0.144494724 0.142641694 0.168376772 0.150254759 0.145537472 0.153423439 0.153796912 0.132870754 0.164391392 0.163924914 0.132764153 0.188144975 0.190697807 0.147737366 0.142445967 0.166013072 0.165931560 0.170481938 0.160980783 0.154772017 0.141522629 0.160707209 0.123100467 0.205223848 0.193375737 0.218797067 0.207243010 0.207863792 0.208906046 0.203021513 0.148772727 0.157405236 0.148624403 0.190081431 0.124285072 0.117003693 0.096876806 0.104971666 0.099957265 0.104623724 0.011948172 0.000000000 0.056429355 0.100322270 0.094170469 0.135905388 
45     0.146903224 0.149525100 0.137392273 0.162392720 0.148829833 0.150209715 0.146251970 0.172169169 0.154339289 0.149138808 0.156660527 0.157045178 0.136638576 0.168160891 0.168726329 0.136878340 0.193155824 0.194378609 0.151009383 0.146503091 0.170065968 0.170222434 0.174402481 0.164749495 0.159085464 0.145332036 0.164709226 0.126981877 0.208335482 0.196977952 0.222049146 0.211119666 0.211576627 0.212523598 0.207606638 0.152464574 0.161653652 0.152420907 0.192975956 0.126933411 0.119123721 0.101994686 0.109606274 0.105593791 0.108838604 0.057268244 0.056429355 0.000000000 0.104749007 0.099320833 0.139682157 
44     0.141745726 0.144279504 0.132866374 0.159495669 0.144349831 0.145800339 0.141892915 0.168148449 0.149774786 0.144301915 0.151371097 0.151540051 0.131878815 0.162337676 0.161505890 0.131563136 0.187173830 0.188360824 0.145262133 0.140993557 0.164013989 0.164235560 0.169415833 0.159646953 0.153331385 0.138975411 0.160111762 0.121852803 0.203851581 0.191400577 0.216206139 0.205247803 0.205483337 0.206486046 0.200044769 0.147712231 0.157733458 0.145735162 0.188464296 0.124203138 0.117034226 0.097054401 0.105017917 0.105062047 0.108225822 0.101038789 0.100322270 0.104749007 0.000000000 0.059271010 0.134955752 
38     0.138754040 0.140460897 0.129560076 0.155036546 0.140442169 0.142376219 0.137184472 0.164271518 0.146052332 0.140852179 0.148049157 0.148068803 0.128845578 0.160829505 0.160434899 0.127914925 0.183091776 0.184966274 0.142704036 0.137774347 0.161466467 0.161726267 0.166488519 0.157120347 0.149652220 0.135672800 0.156692365 0.119009107 0.200848546 0.187224703 0.212330026 0.202841737 0.203110507 0.203984094 0.198247912 0.142409551 0.152192677 0.141798226 0.183109389 0.119624750 0.112266788 0.092038341 0.099397852 0.101042708 0.103924517 0.094791153 0.094170469 0.099320833 0.059271010 0.000000000 0.131760880 
0     0.119359395 0.119458701 0.110196667 0.134868245 0.122177231 0.121722615 0.119334846 0.145504070 0.127310330 0.121315250 0.129038328 0.129030154 0.109635598 0.140624425 0.141113302 0.110359676 0.165109120 0.166960545 0.125740410 0.122549661 0.143549300 0.143807170 0.147775683 0.138966583 0.131564869 0.117100130 0.137553441 0.100847335 0.183900460 0.172161604 0.195493857 0.185567443 0.186106255 0.187141870 0.182186409 0.142944140 0.152901486 0.141215026 0.183243738 0.125302056 0.118008954 0.104363788 0.112118004 0.139837553 0.143405378 0.136640750 0.135905388 0.139682157 0.134955752 0.131760880 0.000000000 
