51
21     0.000000000 0.000839370 0.000789540 0.002012680 0.003904850 0.004762980 0.003491020 0.004067610 0.002614100 0.002344990 0.001405440 0.002969030 0.001588660 0.002917770 0.000712050 0.000239790 0.000868200 0.004836520 0.002448580 0.002261570 0.002499740 0.002292160 0.001751260 0.001794890 0.001347100 0.001346600 0.000725280 0.001551500 0.001332910 0.001331360 0.001593030 0.001426390 0.000782220 0.001348690 0.001347100 0.000301490 0.008219080 0.001937470 0.000436080 0.003780150 0.002586270 0.003901130 0.002910970 0.002984920 0.003913080 0.004257670 0.004053810 0.001520120 0.000789540 0.001503740 0.004533430 
33     0.000839370 0.000000000 0.000346390 0.002023070 0.000715220 0.001575120 0.000916650 0.003812650 0.003872330 0.001017430 0.001488710 0.001641470 0.005415220 0.000840440 0.000000000 0.000541370 0.007067910 0.003222360 0.002503290 0.000932630 0.004596320 0.004614570 0.000465630 0.000467330 0.000019540 0.000019040 0.001112540 0.001574660 0.000005350 0.000003800 0.000964440 0.000098830 0.000095690 0.000021130 0.000019540 0.003511030 0.006017700 0.001904610 0.002768900 0.004309030 0.003955450 0.001742490 0.001330190 0.002774150 0.003318480 0.001973500 0.001260480 0.003245630 0.001791820 0.000912430 0.003205870 
4     0.000789540 0.000346390 0.000000000 0.001993510 0.001848400 0.002543020 0.004327840 0.005926050 0.005430080 0.001111080 0.000187610 0.002717930 0.004336260 0.006900240 0.008847880 0.001677940 0.002172160 0.005622360 0.002590860 0.000593840 0.002377040 0.004825860 0.002101830 0.002580730 0.002132940 0.002132440 0.002728980 0.001034760 0.002118750 0.002117200 0.002669340 0.002212230 0.002209090 0.002134530 0.002132940 0.000720560 0.001202040 0.005622260 0.001346470 0.001361140 0.003408610 0.000863240 0.001583210 0.002364100 0.003489900 0.001470230 0.001366850 0.001862420 0.000000000 0.002979170 0.003553640 
11     0.002012680 0.002023070 0.001993510 0.000000000 0.001063770 0.000311370 0.004906040 0.006201220 0.000243510 0.003592220 0.003004300 0.004785210 0.006327130 0.002985960 0.004518140 0.001209060 0.003805270 0.002689840 0.002883300 0.003289220 0.002116960 0.001909380 0.007785610 0.004426150 0.002680720 0.002479590 0.007192520 0.001996510 0.012266900 0.005336810 0.001055940 0.002084160 0.003285370 0.003055860 0.006850690 0.000711830 0.002944090 0.003699430 0.000566240 0.001565650 0.001598890 0.002262780 0.006022310 0.001950930 0.004798440 0.009503820 0.008923140 0.003550910 0.005387750 0.000690380 0.003346560 
23     0.003904850 0.000715220 0.001848400 0.001063770 0.000000000 0.000000000 0.001321100 0.000636340 0.002881960 0.001902380 0.000841490 0.006044690 0.000353900 0.002033270 0.006075300 0.005631460 0.006282060 0.003608120 0.000787930 0.001021660 0.005242700 0.002107620 0.002814380 0.000962310 0.002228370 0.003249520 0.004190100 0.000201520 0.004708950 0.000918530 0.001857040 0.000070900 0.000537310 0.000266630 0.002621120 0.000989790 0.003863520 0.003262110 0.008144780 0.000508840 0.000616310 0.003083840 0.003862480 0.003214070 0.001023460 0.001797220 0.000422370 0.005127420 0.003575320 0.001036790 0.000940190 
10     0.004762980 0.001575120 0.002543020 0.000311370 0.000000000 0.000000000 0.000737460 0.005594220 0.000107040 0.001711510 0.007771680 0.000619760 0.000353900 0.000588490 0.008183650 0.002865860 0.002839460 0.005750860 0.001007560 0.001350540 0.002579690 0.003815150 0.002625350 0.001231900 0.000912780 0.002727270 0.004123380 0.001025700 0.000371440 0.002798540 0.003188280 0.001843530 0.002483440 0.002440930 0.002692600 0.001608600 0.003979200 0.002437050 0.008590270 0.006709650 0.005379450 0.000827320 0.003223820 0.000627400 0.000477950 0.002161690 0.001735350 0.003478990 0.006131500 0.007275960 0.001769160 
26     0.003491020 0.000916650 0.004327840 0.004906040 0.001321100 0.000737460 0.000000000 0.001231820 0.001064680 0.000521640 0.002370790 0.003608970 0.002559520 0.001712610 0.007428120 0.002279270 0.001724850 0.000946790 0.000540240 0.001504310 0.000976880 0.001745250 0.003046080 0.003047780 0.002599990 0.000437840 0.006775600 0.001430280 0.002047720 0.002578570 0.001673640 0.000918680 0.002676140 0.002083840 0.002286250 0.000948860 0.003448920 0.000946690 0.000206730 0.000029710 0.000974320 0.000011400 0.003781010 0.000069330 0.001368240 0.000795820 0.001510690 0.001227220 0.004695570 0.000014020 0.000643700 
22     0.004067610 0.003812650 0.005926050 0.006201220 0.000636340 0.005594220 0.001231820 0.000000000 0.002130950 0.004606740 0.005293940 0.001987770 0.002112910 0.002758860 0.006565230 0.004067210 0.000574540 0.002177270 0.001570120 0.002731480 0.002414690 0.004142420 0.004276560 0.002325250 0.002040520 0.002024830 0.011032610 0.001414770 0.001339510 0.003809050 0.007723750 0.003245100 0.003906620 0.003832060 0.003830470 0.001692630 0.002814370 0.002177170 0.001437210 0.003420960 0.002070380 0.001241880 0.005011490 0.001442460 0.002598720 0.002026300 0.001630040 0.002457700 0.005926050 0.001244500 0.001874180 
9     0.002614100 0.003872330 0.005430080 0.000243510 0.002881960 0.000107040 0.001064680 0.002130950 0.000000000 0.004265700 0.003852050 0.000564490 0.003232000 0.006217330 0.005075040 0.001181570 0.009765630 0.004653610 0.003711060 0.001002830 0.001930920 0.003658650 0.004444300 0.005477390 0.003302460 0.005759310 0.007139180 0.000202350 0.005350310 0.007062590 0.002896910 0.000888470 0.003548770 0.003212370 0.002896540 0.002937490 0.003057050 0.001937200 0.005818410 0.004112540 0.004343280 0.003494970 0.005505360 0.002559130 0.002650150 0.007070750 0.005635730 0.006600280 0.001258870 0.004480440 0.001844350 
19     0.002344990 0.001017430 0.001111080 0.003592220 0.001902380 0.001711510 0.000521640 0.004606740 0.004265700 0.000000000 0.000668980 0.000583190 0.000356760 0.008690190 0.005968040 0.000100470 0.007128580 0.003790510 0.001372910 0.001603170 0.001579810 0.002570700 0.001481340 0.001483040 0.001035250 0.000316930 0.004216590 0.002141380 0.001015380 0.001013830 0.004330750 0.001114540 0.001111400 0.001036840 0.001035250 0.000410660 0.004037600 0.004518870 0.003778910 0.003853110 0.006203620 0.003583580 0.001250910 0.003784160 0.004940420 0.003499980 0.003103550 0.004799400 0.001910930 0.003586200 0.002366470 
17     0.001405440 0.001488710 0.000187610 0.003004300 0.000841490 0.007771680 0.002370790 0.005293940 0.003852050 0.000668980 0.000000000 0.000133200 0.002058320 0.008185100 0.001583630 0.000571750 0.007599860 0.004990250 0.002143160 0.002421000 0.008712400 0.007306990 0.001952620 0.001954320 0.001399560 0.001506030 0.005809970 0.003900590 0.001486660 0.001485110 0.006372290 0.001585820 0.001582680 0.001508120 0.001506530 0.001117880 0.001649160 0.001177820 0.000780720 0.000360700 0.003672480 0.000000220 0.006366660 0.004255440 0.005411700 0.001665300 0.002539960 0.004711820 0.003602110 0.000783990 0.002971790 
15     0.002969030 0.001641470 0.002717930 0.004785210 0.006044690 0.000619760 0.003608970 0.001987770 0.000564490 0.000583190 0.000133200 0.000000000 0.001846350 0.007966880 0.001304020 0.000319730 0.007752620 0.005143010 0.007912240 0.002573760 0.009792290 0.010023520 0.002105380 0.002107080 0.001447830 0.000128980 0.007030250 0.002993330 0.001639420 0.001637870 0.001474550 0.001738580 0.001278310 0.001660880 0.001659290 0.001008880 0.001655810 0.005142910 0.001091450 0.003171900 0.004538140 0.000171790 0.006335090 0.004408200 0.005564460 0.004992040 0.006612230 0.005423440 0.003754870 0.002110430 0.002014230 
12     0.001588660 0.005415220 0.004336260 0.006327130 0.000353900 0.000353900 0.002559520 0.002112910 0.003232000 0.000356760 0.002058320 0.001846350 0.000000000 0.003050500 0.002857680 0.002660150 0.004269070 0.004573290 0.006779560 0.002733980 0.000155640 0.000256610 0.004324470 0.004562590 0.000142290 0.001714820 0.001241130 0.000586600 0.004854940 0.001154820 0.003119880 0.002521940 0.002382470 0.000904890 0.002161410 0.001170990 0.000921180 0.001591010 0.002460440 0.007355940 0.000944790 0.001096820 0.000361680 0.001043590 0.003259340 0.003669700 0.003195460 0.000049550 0.005702910 0.001689110 0.001624040 
5     0.002917770 0.000840440 0.006900240 0.002985960 0.002033270 0.000588490 0.001712610 0.002758860 0.006217330 0.008690190 0.008185100 0.007966880 0.003050500 0.000000000 0.000331510 0.004244470 0.007272660 0.005790930 0.002265260 0.001006240 0.007164890 0.001213650 0.003493440 0.001679180 0.001556880 0.000000740 0.005557270 0.005962580 0.003062080 0.002317990 0.013883210 0.001032040 0.001494260 0.005551490 0.004988610 0.001459140 0.002245340 0.009287050 0.009992120 0.005219350 0.005727760 0.003269420 0.001444650 0.004752000 0.008700230 0.008907110 0.010038430 0.007574720 0.004504200 0.005397160 0.002293030 
14     0.000712050 0.000000000 0.008847880 0.004518140 0.006075300 0.008183650 0.007428120 0.006565230 0.005075040 0.005968040 0.001583630 0.001304020 0.002857680 0.000331510 0.000000000 0.001266070 0.001086630 0.004357320 0.003750960 0.004554610 0.005344870 0.002780450 0.006991530 0.007594680 0.005535480 0.005733760 0.008633380 0.001770190 0.004664380 0.001146870 0.001621900 0.007925320 0.000935480 0.001092000 0.006599700 0.005159030 0.008972150 0.009733520 0.002075180 0.009019990 0.003353390 0.003019520 0.008556780 0.004235800 0.003401440 0.006148470 0.000809410 0.006302100 0.004347450 0.001258330 0.001522790 
3     0.000239790 0.000541370 0.001677940 0.001209060 0.005631460 0.002865860 0.002279270 0.004067210 0.001181570 0.000100470 0.000571750 0.000319730 0.002660150 0.004244470 0.001266070 0.000000000 0.002404100 0.004421440 0.002415710 0.001852190 0.008446110 0.008442800 0.001383810 0.001385510 0.000063920 0.000937220 0.000848530 0.001307680 0.000917850 0.000916300 0.002208600 0.001017010 0.001013870 0.000939310 0.000937720 0.000483040 0.000949550 0.000853460 0.003681380 0.002821630 0.002072350 0.002508550 0.004755410 0.002827120 0.003435980 0.000509720 0.005890660 0.004661930 0.000896040 0.000498900 0.000633490 
6     0.000868200 0.007067910 0.002172160 0.003805270 0.006282060 0.002839460 0.001724850 0.000574540 0.009765630 0.007128580 0.007599860 0.007752620 0.004269070 0.007272660 0.001086630 0.002404100 0.000000000 0.004735830 0.002019370 0.003141190 0.006210740 0.004402860 0.006088460 0.001209330 0.004943160 0.001830890 0.007155580 0.001109770 0.007945960 0.003114780 0.008560590 0.008045120 0.008041980 0.007967420 0.007965830 0.001291350 0.002413090 0.007083820 0.010709490 0.008572640 0.001101750 0.004843160 0.002582970 0.003580960 0.008282130 0.003857560 0.010582240 0.007137120 0.007699110 0.000604360 0.006206620 
16     0.004836520 0.003222360 0.005622360 0.002689840 0.003608120 0.005750860 0.000946790 0.002177270 0.004653610 0.003790510 0.004990250 0.005143010 0.004573290 0.005790930 0.004357320 0.004421440 0.004735830 0.000000000 0.001216900 0.001840850 0.003647890 0.004306510 0.003972870 0.003974570 0.003526780 0.001720590 0.005550090 0.005074240 0.003506910 0.003505360 0.000763710 0.003606070 0.003602930 0.003528370 0.003526780 0.000002470 0.006338330 0.000000300 0.000740060 0.009625810 0.005575590 0.000936670 0.004706280 0.000745310 0.002293510 0.001460680 0.001333740 0.002152490 0.001286220 0.000939290 0.001177030 
27     0.002448580 0.002503290 0.002590860 0.002883300 0.000787930 0.001007560 0.000540240 0.001570120 0.003711060 0.001372910 0.002143160 0.007912240 0.006779560 0.002265260 0.003750960 0.002415710 0.002019370 0.001216900 0.000000000 0.000043470 0.004100490 0.004118740 0.001730870 0.002137040 0.000855990 0.002150010 0.001108740 0.000153230 0.004253660 0.002947040 0.004268010 0.003820650 0.003847420 0.003751120 0.005537290 0.004301770 0.002977800 0.005188910 0.006454250 0.008505990 0.003547360 0.007173530 0.000596550 0.006160130 0.002540140 0.004559210 0.001028840 0.001025560 0.004590460 0.004270450 0.002441710 
28     0.002261570 0.000932630 0.000593840 0.003289220 0.001021660 0.001350540 0.001504310 0.002731480 0.001002830 0.001603170 0.002421000 0.002573760 0.002733980 0.001006240 0.004554610 0.001852190 0.003141190 0.001840850 0.000043470 0.000000000 0.003806100 0.003802790 0.001397920 0.000358800 0.000951830 0.000951330 0.003086780 0.000629490 0.000937640 0.000936090 0.002676760 0.001031120 0.001027980 0.000953420 0.000951830 0.004067710 0.001044720 0.001178760 0.001815170 0.000997720 0.000170690 0.001729510 0.005004850 0.003654040 0.002580690 0.000495400 0.002326620 0.002821690 0.001638730 0.002729290 0.004138160 
7     0.002499740 0.004596320 0.002377040 0.002116960 0.005242700 0.002579690 0.000976880 0.002414690 0.001930920 0.001579810 0.008712400 0.009792290 0.000155640 0.007164890 0.005344870 0.008446110 0.006210740 0.003647890 0.004100490 0.003806100 0.000000000 0.000050140 0.003304960 0.001089660 0.001188140 0.001326890 0.002422980 0.002171360 0.008086850 0.003936490 0.008107290 0.004128690 0.004161780 0.005543220 0.005501840 0.002334910 0.007647590 0.000484580 0.005630290 0.003008220 0.007056290 0.001786830 0.006395510 0.010275370 0.003322940 0.005227380 0.005492150 0.008323750 0.010770830 0.007794780 0.007748380 
18     0.002292160 0.004614570 0.004825860 0.001909380 0.002107620 0.003815150 0.001745250 0.004142420 0.003658650 0.002570700 0.007306990 0.010023520 0.000256610 0.001213650 0.002780450 0.008442800 0.004402860 0.004306510 0.004118740 0.003802790 0.000050140 0.000000000 0.002008950 0.000577500 0.001235440 0.001183940 0.002893570 0.000573030 0.000667890 0.005982510 0.008410760 0.002619790 0.004363540 0.005744980 0.005703600 0.002117540 0.009944150 0.001135980 0.006509180 0.008159080 0.006927990 0.003314340 0.002629160 0.010272060 0.002510740 0.003746410 0.004011180 0.000766280 0.010767520 0.007575120 0.000582790 
35     0.001751260 0.000465630 0.002101830 0.007785610 0.002814380 0.002625350 0.003046080 0.004276560 0.004444300 0.001481340 0.001952620 0.002105380 0.004324470 0.003493440 0.006991530 0.001383810 0.006088460 0.003972870 0.001730870 0.001397920 0.003304960 0.002008950 0.000000000 0.000003360 0.000447090 0.000446590 0.007356680 0.002877510 0.000469260 0.000467710 0.008896940 0.000526380 0.000523240 0.000448680 0.000447090 0.003889160 0.011334310 0.003972770 0.003232810 0.010433060 0.007242170 0.001223950 0.005077810 0.002543840 0.004394320 0.002932750 0.005442090 0.000984060 0.002579030 0.003040100 0.003507800 
20     0.001794890 0.000467330 0.002580730 0.004426150 0.000962310 0.001231900 0.003047780 0.002325250 0.005477390 0.001483040 0.001954320 0.002107080 0.004562590 0.001679180 0.007594680 0.001385510 0.001209330 0.003974570 0.002137040 0.000358800 0.001089660 0.000577500 0.000003360 0.000000000 0.000448790 0.000448290 0.007138940 0.001191730 0.000470960 0.000469410 0.001741900 0.000528080 0.000524940 0.000450380 0.000448790 0.003976640 0.003119640 0.002435010 0.003234510 0.009921930 0.004358430 0.002413110 0.002420110 0.001294360 0.001763860 0.003823600 0.003038530 0.001862620 0.002580730 0.003041800 0.002611780 
34     0.001347100 0.000019540 0.002132940 0.002680720 0.002228370 0.000912780 0.002599990 0.002040520 0.003302460 0.001035250 0.001399560 0.001447830 0.000142290 0.001556880 0.005535480 0.000063920 0.004943160 0.003526780 0.000855990 0.000951830 0.001188140 0.001235440 0.000447090 0.000448790 0.000000000 0.000000500 0.004325010 0.002431420 0.000023170 0.000021620 0.002322420 0.000080290 0.000077150 0.000002590 0.000000000 0.000702190 0.007187790 0.002446070 0.002786720 0.007803910 0.004002650 0.002591390 0.003485390 0.002791970 0.003948230 0.003375810 0.004598610 0.003807210 0.002132940 0.002594010 0.003223690 
13     0.001346600 0.000019040 0.002132440 0.002479590 0.003249520 0.002727270 0.000437840 0.002024830 0.005759310 0.000316930 0.001506030 0.000128980 0.001714820 0.000000740 0.005733760 0.000937220 0.001830890 0.001720590 0.002150010 0.000951330 0.001326890 0.001183940 0.000446590 0.000448290 0.000000500 0.000000000 0.002158220 0.001601830 0.000022670 0.000021120 0.003477010 0.000079790 0.000076650 0.000002090 0.000000500 0.003528350 0.009684420 0.001367910 0.002786220 0.004789720 0.001921210 0.000127470 0.000120660 0.002547100 0.002950940 0.003309690 0.002633400 0.003806710 0.002132440 0.000738360 0.001112710 
25     0.000725280 0.001112540 0.002728980 0.007192520 0.004190100 0.004123380 0.006775600 0.011032610 0.007139180 0.004216590 0.005809970 0.007030250 0.001241130 0.005557270 0.008633380 0.000848530 0.007155580 0.005550090 0.001108740 0.003086780 0.002422980 0.002893570 0.007356680 0.007138940 0.004325010 0.002158220 0.000000000 0.000271020 0.008650800 0.003504840 0.010058890 0.003454340 0.002378780 0.002906980 0.001393760 0.005772370 0.005506430 0.004775520 0.011331510 0.006083900 0.006531410 0.002166850 0.004887470 0.002893430 0.005206780 0.001164340 0.001082280 0.000338710 0.006519790 0.001579660 0.004171700 
30     0.001551500 0.001574660 0.001034760 0.001996510 0.000201520 0.001025700 0.001430280 0.001414770 0.000202350 0.002141380 0.003900590 0.002993330 0.000586600 0.005962580 0.001770190 0.001307680 0.001109770 0.005074240 0.000153230 0.000629490 0.002171360 0.000573030 0.002877510 0.001191730 0.002431420 0.001601830 0.000271020 0.000000000 0.002417230 0.001807830 0.004298380 0.002510710 0.002507570 0.002433010 0.002055680 0.002299340 0.000949350 0.000458060 0.005180780 0.006034510 0.000455880 0.001009300 0.000803720 0.001183580 0.002730760 0.005769870 0.002412170 0.002087000 0.001580140 0.002495890 0.000997140 
8     0.001332910 0.000005350 0.002118750 0.012266900 0.004708950 0.000371440 0.002047720 0.001339510 0.005350310 0.001015380 0.001486660 0.001639420 0.004854940 0.003062080 0.004664380 0.000917850 0.007945960 0.003506910 0.004253660 0.000937640 0.008086850 0.000667890 0.000469260 0.000470960 0.000023170 0.000022670 0.008650800 0.002417230 0.000000000 0.000001590 0.005132050 0.000102460 0.000099320 0.000024760 0.000023170 0.003508980 0.008780410 0.003506810 0.002766850 0.003376810 0.001393030 0.001082240 0.004194410 0.000315680 0.002184470 0.003355940 0.004976130 0.003787340 0.002118750 0.002574140 0.001714490 
2     0.001331360 0.000003800 0.002117200 0.005336810 0.000918530 0.002798540 0.002578570 0.003809050 0.007062590 0.001013830 0.001485110 0.001637870 0.001154820 0.002317990 0.001146870 0.000916300 0.003114780 0.003505360 0.002947040 0.000936090 0.003936490 0.005982510 0.000467710 0.000469410 0.000021620 0.000021120 0.003504840 0.001807830 0.000001590 0.000000000 0.002693830 0.000100910 0.000097770 0.000023210 0.000021620 0.003507430 0.002205350 0.003505260 0.002765300 0.004812490 0.002546060 0.002569970 0.006339580 0.002770550 0.001061910 0.003354390 0.004974580 0.002237660 0.002117200 0.002572590 0.002145360 
24     0.001593030 0.000964440 0.002669340 0.001055940 0.001857040 0.003188280 0.001673640 0.007723750 0.002896910 0.004330750 0.006372290 0.001474550 0.003119880 0.013883210 0.001621900 0.002208600 0.008560590 0.000763710 0.004268010 0.002676760 0.008107290 0.008410760 0.008896940 0.001741900 0.002322420 0.003477010 0.010058890 0.004298380 0.005132050 0.002693830 0.000000000 0.001904850 0.002197480 0.001926800 0.003750260 0.008844380 0.009821820 0.003577600 0.007973330 0.007931600 0.005037940 0.004688610 0.008055870 0.008572530 0.002910290 0.006253180 0.004847930 0.006644850 0.007912180 0.005477900 0.008872190 
1     0.001426390 0.000098830 0.002212230 0.002084160 0.000070900 0.001843530 0.000918680 0.003245100 0.000888470 0.001114540 0.001585820 0.001738580 0.002521940 0.001032040 0.007925320 0.001017010 0.008045120 0.003606070 0.003820650 0.001031120 0.004128690 0.002619790 0.000526380 0.000528080 0.000080290 0.000079790 0.003454340 0.002510710 0.000102460 0.000100910 0.001904850 0.000000000 0.000003140 0.000033550 0.000080290 0.002441140 0.010283680 0.003605970 0.002866010 0.004659790 0.002495430 0.002670680 0.006440290 0.002871260 0.003578410 0.003455100 0.001965600 0.002437120 0.002212230 0.002673300 0.003130760 
29     0.000782220 0.000095690 0.002209090 0.003285370 0.000537310 0.002483440 0.002676140 0.003906620 0.003548770 0.001111400 0.001582680 0.001278310 0.002382470 0.001494260 0.000935480 0.001013870 0.008041980 0.003602930 0.003847420 0.001027980 0.004161780 0.004363540 0.000523240 0.000524940 0.000077150 0.000076650 0.002378780 0.002507570 0.000099320 0.000097770 0.002197480 0.000003140 0.000000000 0.000078740 0.000077150 0.001770820 0.010299350 0.002704340 0.002307630 0.001525840 0.002377190 0.002667540 0.004775520 0.002868120 0.004024380 0.003451960 0.002138170 0.002609690 0.002209090 0.001355830 0.002356860 
31     0.001348690 0.000021130 0.002134530 0.003055860 0.000266630 0.002440930 0.002083840 0.003832060 0.003212370 0.001036840 0.001508120 0.001660880 0.000904890 0.005551490 0.001092000 0.000939310 0.007967420 0.003528370 0.003751120 0.000953420 0.005543220 0.005744980 0.000448680 0.000450380 0.000002590 0.000002090 0.002906980 0.002433010 0.000024760 0.000023210 0.001926800 0.000033550 0.000078740 0.000000000 0.000002590 0.002294030 0.009242300 0.000848640 0.002788310 0.004788910 0.002624550 0.002592980 0.006362590 0.002793560 0.003942600 0.003377400 0.002851280 0.003322800 0.002134530 0.001685150 0.002904660 
32     0.001347100 0.000019540 0.002132940 0.006850690 0.002621120 0.002692600 0.002286250 0.003830470 0.002896540 0.001035250 0.001506530 0.001659290 0.002161410 0.004988610 0.006599700 0.000937720 0.007965830 0.003526780 0.005537290 0.000951830 0.005501840 0.005703600 0.000447090 0.000448790 0.000000000 0.000000500 0.001393760 0.002055680 0.000023170 0.000021620 0.003750260 0.000080290 0.000077150 0.000002590 0.000000000 0.003528850 0.009968900 0.003526680 0.001305310 0.003076710 0.000410780 0.002591390 0.002952560 0.002791970 0.002742140 0.001644290 0.000335800 0.003807210 0.002132940 0.002594010 0.003223690 
36     0.000301490 0.003511030 0.000720560 0.000711830 0.000989790 0.001608600 0.000948860 0.001692630 0.002937490 0.000410660 0.001117880 0.001008880 0.001170990 0.001459140 0.005159030 0.000483040 0.001291350 0.000002470 0.004301770 0.004067710 0.002334910 0.002117540 0.003889160 0.003976640 0.000702190 0.003528350 0.005772370 0.002299340 0.003508980 0.003507430 0.008844380 0.002441140 0.001770820 0.002294030 0.003528850 0.000000000 0.000811100 0.000002370 0.000742130 0.007549730 0.002264090 0.000938740 0.003048650 0.000747380 0.002295580 0.001723160 0.001293140 0.002154560 0.002670310 0.000219660 0.000518230 
46     0.008219080 0.006017700 0.001202040 0.002944090 0.003863520 0.003979200 0.003448920 0.002814370 0.003057050 0.004037600 0.001649160 0.001655810 0.000921180 0.002245340 0.008972150 0.000949550 0.002413090 0.006338330 0.002977800 0.001044720 0.007647590 0.009944150 0.011334310 0.003119640 0.007187790 0.009684420 0.005506430 0.000949350 0.008780410 0.002205350 0.009821820 0.010283680 0.010299350 0.009242300 0.009968900 0.000811100 0.000000000 0.000579170 0.003468790 0.002253740 0.003517530 0.005464040 0.004008710 0.004730650 0.003510090 0.002820880 0.003388430 0.007118850 0.002630530 0.002167310 0.005405270 
37     0.001937470 0.001904610 0.005622260 0.003699430 0.003262110 0.002437050 0.000946690 0.002177170 0.001937200 0.004518870 0.001177820 0.005142910 0.001591010 0.009287050 0.009733520 0.000853460 0.007083820 0.000000300 0.005188910 0.001178760 0.000484580 0.001135980 0.003972770 0.002435010 0.002446070 0.001367910 0.004775520 0.000458060 0.003506810 0.003505260 0.003577600 0.003605970 0.002704340 0.000848640 0.003526680 0.000002370 0.000579170 0.000000000 0.000739960 0.002524120 0.002362160 0.000936570 0.004036560 0.000745210 0.002156770 0.001720990 0.002114760 0.001315170 0.003234890 0.000939190 0.001176930 
41     0.000436080 0.002768900 0.001346470 0.000566240 0.008144780 0.008590270 0.000206730 0.001437210 0.005818410 0.003778910 0.000780720 0.001091450 0.002460440 0.009992120 0.002075180 0.003681380 0.010709490 0.000740060 0.006454250 0.001815170 0.005630290 0.006509180 0.003232810 0.003234510 0.002786720 0.002786220 0.011331510 0.005180780 0.002766850 0.002765300 0.007973330 0.002866010 0.002307630 0.002788310 0.001305310 0.000742130 0.003468790 0.000739960 0.000000000 0.006909990 0.004112950 0.000196610 0.003966220 0.000005250 0.001553450 0.000981030 0.002601220 0.001412430 0.000982680 0.000199230 0.000436970 
47     0.003780150 0.004309030 0.001361140 0.001565650 0.000508840 0.006709650 0.000029710 0.003420960 0.004112540 0.003853110 0.000360700 0.003171900 0.007355940 0.005219350 0.009019990 0.002821630 0.008572640 0.009625810 0.008505990 0.000997720 0.003008220 0.008159080 0.010433060 0.009921930 0.007803910 0.004789720 0.006083900 0.006034510 0.003376810 0.004812490 0.007931600 0.004659790 0.001525840 0.004788910 0.003076710 0.007549730 0.002253740 0.002524120 0.006909990 0.000000000 0.000070770 0.003011060 0.003209630 0.000542620 0.003361590 0.000614570 0.000508430 0.001169290 0.001694180 0.004139680 0.002395490 
49     0.002586270 0.003955450 0.003408610 0.001598890 0.000616310 0.005379450 0.000974320 0.002070380 0.004343280 0.006203620 0.003672480 0.004538140 0.000944790 0.005727760 0.003353390 0.002072350 0.001101750 0.005575590 0.003547360 0.000170690 0.007056290 0.006927990 0.007242170 0.004358430 0.004002650 0.001921210 0.006531410 0.000455880 0.001393030 0.002546060 0.005037940 0.002495430 0.002377190 0.002624550 0.000410780 0.002264090 0.003517530 0.002362160 0.004112950 0.000070770 0.000000000 0.001188010 0.001529190 0.002476340 0.003487170 0.000268490 0.000162350 0.000823210 0.001057180 0.002301570 0.001419140 
39     0.003901130 0.001742490 0.000863240 0.002262780 0.003083840 0.000827320 0.000011400 0.001241880 0.003494970 0.003583580 0.000000220 0.000171790 0.001096820 0.003269420 0.003019520 0.002508550 0.004843160 0.000936670 0.007173530 0.001729510 0.001786830 0.003314340 0.001223950 0.002413110 0.002591390 0.000127470 0.002166850 0.001009300 0.001082240 0.002569970 0.004688610 0.002670680 0.002667540 0.002592980 0.002591390 0.000938740 0.005464040 0.000936570 0.000196610 0.003011060 0.001188010 0.000000000 0.000216170 0.000142870 0.001358120 0.000785700 0.002405890 0.001217100 0.001967710 0.000003900 0.000633580 
40     0.002910970 0.001330190 0.001583210 0.006022310 0.003862480 0.003223820 0.003781010 0.005011490 0.005505360 0.001250910 0.006366660 0.006335090 0.000361680 0.001444650 0.008556780 0.004755410 0.002582970 0.004706280 0.000596550 0.005004850 0.006395510 0.002629160 0.005077810 0.002420110 0.003485390 0.000120660 0.004887470 0.000803720 0.004194410 0.006339580 0.008055870 0.006440290 0.004775520 0.006362590 0.002952560 0.003048650 0.004008710 0.004036560 0.003966220 0.003209630 0.001529190 0.000216170 0.000000000 0.002429580 0.003143880 0.000316120 0.003000980 0.002279770 0.001393470 0.001257210 0.003982330 
50     0.002984920 0.002774150 0.002364100 0.001950930 0.003214070 0.000627400 0.000069330 0.001442460 0.002559130 0.003784160 0.004255440 0.004408200 0.001043590 0.004752000 0.004235800 0.002827120 0.003580960 0.000745310 0.006160130 0.003654040 0.010275370 0.010272060 0.002543840 0.001294360 0.002791970 0.002547100 0.002893430 0.001183580 0.000315680 0.002770550 0.008572530 0.002871260 0.002868120 0.002793560 0.002791970 0.000747380 0.004730650 0.000745210 0.000005250 0.000542620 0.002476340 0.000142870 0.002429580 0.000000000 0.001558700 0.000986280 0.001372580 0.001417680 0.000060100 0.000204480 0.000431720 
48     0.003913080 0.003318480 0.003489900 0.004798440 0.001023460 0.000477950 0.001368240 0.002598720 0.002650150 0.004940420 0.005411700 0.005564460 0.003259340 0.008700230 0.003401440 0.003435980 0.008282130 0.002293510 0.002540140 0.002580690 0.003322940 0.002510740 0.004394320 0.001763860 0.003948230 0.002950940 0.005206780 0.002730760 0.002184470 0.001061910 0.002910290 0.003578410 0.004024380 0.003942600 0.002742140 0.002295580 0.003510090 0.002156770 0.001553450 0.003361590 0.003487170 0.001358120 0.003143880 0.001558700 0.000000000 0.001871820 0.000501880 0.000144280 0.004083240 0.001360740 0.001990420 
43     0.004257670 0.001973500 0.001470230 0.009503820 0.001797220 0.002161690 0.000795820 0.002026300 0.007070750 0.003499980 0.001665300 0.004992040 0.003669700 0.008907110 0.006148470 0.000509720 0.003857560 0.001460680 0.004559210 0.000495400 0.005227380 0.003746410 0.002932750 0.003823600 0.003375810 0.003309690 0.001164340 0.005769870 0.003355940 0.003354390 0.006253180 0.003455100 0.003451960 0.003377400 0.001644290 0.001723160 0.002820880 0.001720990 0.000981030 0.000614570 0.000268490 0.000785700 0.000316120 0.000986280 0.001871820 0.000000000 0.000111000 0.000438260 0.001284730 0.000785040 0.001418000 
42     0.004053810 0.001260480 0.001366850 0.008923140 0.000422370 0.001735350 0.001510690 0.001630040 0.005635730 0.003103550 0.002539960 0.006612230 0.003195460 0.010038430 0.000809410 0.005890660 0.010582240 0.001333740 0.001028840 0.002326620 0.005492150 0.004011180 0.005442090 0.003038530 0.004598610 0.002633400 0.001082280 0.002412170 0.004976130 0.004974580 0.004847930 0.001965600 0.002138170 0.002851280 0.000335800 0.001293140 0.003388430 0.002114760 0.002601220 0.000508430 0.000162350 0.002405890 0.003000980 0.001372580 0.000501880 0.000111000 0.000000000 0.000350930 0.002133960 0.002405230 0.001577200 
45     0.001520120 0.003245630 0.001862420 0.003550910 0.005127420 0.003478990 0.001227220 0.002457700 0.006600280 0.004799400 0.004711820 0.005423440 0.000049550 0.007574720 0.006302100 0.004661930 0.007137120 0.002152490 0.001025560 0.002821690 0.008323750 0.000766280 0.000984060 0.001862620 0.003807210 0.003806710 0.000338710 0.002087000 0.003787340 0.002237660 0.006644850 0.002437120 0.002609690 0.003322800 0.003807210 0.002154560 0.007118850 0.001315170 0.001412430 0.001169290 0.000823210 0.001217100 0.002279770 0.001417680 0.000144280 0.000438260 0.000350930 0.000000000 0.000022740 0.000411110 0.001849400 
44     0.000789540 0.001791820 0.000000000 0.005387750 0.003575320 0.006131500 0.004695570 0.005926050 0.001258870 0.001910930 0.003602110 0.003754870 0.005702910 0.004504200 0.004347450 0.000896040 0.007699110 0.001286220 0.004590460 0.001638730 0.010770830 0.010767520 0.002579030 0.002580730 0.002132940 0.002132440 0.006519790 0.001580140 0.002118750 0.002117200 0.007912180 0.002212230 0.002209090 0.002134530 0.002132940 0.002670310 0.002630530 0.003234890 0.000982680 0.001694180 0.001057180 0.001967710 0.001393470 0.000060100 0.004083240 0.001284730 0.002133960 0.000022740 0.000000000 0.000247210 0.004206220 
38     0.001503740 0.000912430 0.002979170 0.000690380 0.001036790 0.007275960 0.000014020 0.001244500 0.004480440 0.003586200 0.000783990 0.002110430 0.001689110 0.005397160 0.001258330 0.000498900 0.000604360 0.000939290 0.004270450 0.002729290 0.007794780 0.007575120 0.003040100 0.003041800 0.002594010 0.000738360 0.001579660 0.002495890 0.002574140 0.002572590 0.005477900 0.002673300 0.001355830 0.001685150 0.002594010 0.000219660 0.002167310 0.000939190 0.000199230 0.004139680 0.002301570 0.000003900 0.001257210 0.000204480 0.001360740 0.000785040 0.002405230 0.000411110 0.000247210 0.000000000 0.000636200 
0     0.004533430 0.003205870 0.003553640 0.003346560 0.000940190 0.001769160 0.000643700 0.001874180 0.001844350 0.002366470 0.002971790 0.002014230 0.001624040 0.002293030 0.001522790 0.000633490 0.006206620 0.001177030 0.002441710 0.004138160 0.007748380 0.000582790 0.003507800 0.002611780 0.003223690 0.001112710 0.004171700 0.000997140 0.001714490 0.002145360 0.008872190 0.003130760 0.002356860 0.002904660 0.003223690 0.000518230 0.005405270 0.001176930 0.000436970 0.002395490 0.001419140 0.000633580 0.003982330 0.000431720 0.001990420 0.001418000 0.001577200 0.001849400 0.004206220 0.000636200 0.000000000 
