51
12     0.000000000 0.226802866 0.219005176 0.222631180 0.213517979 0.335262681 0.322779021 0.315844840 0.276498158 0.335992135 0.317456322 0.391244073 0.395171154 0.398312117 0.399451927 0.407046297 0.312639602 0.306224797 0.408523365 0.531134760 0.525157910 0.517971872 0.595161084 0.573572690 0.570549762 0.459573023 0.475480533 0.474295061 0.550735093 0.570874959 0.518864532 0.557742447 0.556435631 0.511492592 0.512399221 0.514042637 0.591377244 0.524549021 0.556856066 0.617347675 0.618384810 0.468248084 0.582966092 0.607922386 0.510800587 0.503598259 0.605082805 0.541997754 0.535397707 0.521487581 0.692430339 
5     0.226802866 0.000000000 0.047432835 0.082275490 0.122359381 0.252023241 0.239773138 0.232288574 0.193727909 0.252469643 0.233933830 0.307348625 0.311275706 0.314416669 0.315556479 0.323150850 0.229117163 0.222702359 0.324547280 0.447306466 0.441159947 0.433973909 0.511043641 0.489455246 0.486432319 0.375788602 0.391696112 0.390510640 0.467086175 0.487226041 0.435215614 0.474093528 0.472786712 0.427877070 0.428783698 0.430427115 0.507812360 0.440846947 0.473166560 0.533658168 0.534695303 0.384558577 0.499474430 0.524235586 0.427113787 0.419911459 0.521396005 0.458310954 0.451710907 0.437800781 0.608719441 
6     0.219005176 0.047432835 0.000000000 0.076921453 0.114924009 0.243890145 0.231640042 0.224155478 0.185584591 0.244445932 0.225910119 0.299324914 0.303251996 0.306392958 0.307532768 0.315127139 0.221093453 0.214678648 0.316508708 0.439271489 0.432962063 0.425776025 0.502845757 0.481257362 0.478234435 0.367599731 0.383507241 0.382321768 0.458865195 0.479005061 0.426994634 0.465785971 0.464479155 0.419352354 0.420271995 0.421878879 0.499591381 0.432577563 0.464955462 0.525447071 0.526484205 0.376347480 0.491263333 0.516024488 0.418902689 0.411700361 0.513184907 0.450099856 0.443499809 0.429589683 0.600521557 
15     0.222631180 0.082275490 0.076921453 0.000000000 0.119254599 0.249129188 0.236800797 0.229316233 0.190368217 0.248984439 0.230448627 0.303881901 0.307808982 0.310949945 0.312089755 0.319684125 0.225484353 0.219069548 0.321244934 0.444039317 0.437655264 0.430469226 0.507538959 0.485950564 0.482927636 0.372283919 0.388191430 0.387005957 0.463581492 0.483721358 0.431710931 0.470588846 0.469282030 0.424372387 0.425279016 0.426922432 0.504307678 0.437342264 0.469661877 0.530153486 0.531190621 0.381053895 0.495969748 0.520730904 0.423609104 0.416406776 0.517891322 0.454806271 0.448206224 0.434296098 0.605214758 
16     0.213517979 0.122359381 0.114924009 0.119254599 0.000000000 0.237860698 0.225613739 0.218129175 0.178633428 0.237273495 0.218737682 0.292036970 0.295964051 0.299105014 0.300244824 0.307837604 0.213617724 0.207202921 0.309850222 0.431759721 0.425629620 0.418443582 0.495513315 0.473924920 0.470901993 0.360258276 0.376165786 0.374980313 0.451487075 0.471626941 0.419616514 0.458494428 0.457187613 0.412277970 0.413184598 0.414828015 0.492213261 0.425247847 0.457539443 0.518031052 0.519068187 0.368931461 0.483847314 0.508636487 0.411416385 0.404214057 0.505558484 0.442374843 0.435908372 0.421998246 0.593189114 
4     0.335262681 0.252023241 0.243890145 0.249129188 0.237860698 0.000000000 0.178109990 0.171667263 0.202440477 0.269037945 0.250506714 0.323199637 0.327138476 0.330279439 0.331287218 0.339000271 0.245627821 0.239166267 0.341350996 0.464171520 0.457911763 0.450725725 0.527914937 0.506326542 0.503303615 0.392605232 0.408408345 0.407327270 0.483491393 0.503631259 0.451692336 0.490577505 0.489270689 0.444353792 0.445260420 0.446903837 0.524289082 0.457299791 0.489650536 0.550142145 0.551179280 0.401042554 0.515969116 0.540657264 0.443535464 0.436333136 0.537466387 0.474687657 0.468095848 0.454185722 0.625264883 
9     0.322779021 0.239773138 0.231640042 0.236800797 0.225613739 0.178109990 0.000000000 0.061730480 0.189298819 0.256127155 0.237575583 0.310342472 0.314281311 0.317422274 0.318374370 0.326143106 0.232825785 0.226408798 0.329067921 0.450963739 0.444982180 0.437796142 0.514985355 0.493396960 0.490374032 0.379666212 0.395465691 0.394387539 0.470333158 0.490473023 0.438708257 0.477586171 0.476279356 0.431369713 0.432276341 0.433919758 0.511305004 0.444317059 0.476626652 0.537118261 0.538155395 0.387989639 0.502981474 0.527727303 0.430605503 0.423403175 0.524467887 0.461772693 0.455172646 0.441262520 0.612337381 
20     0.315844840 0.232288574 0.224155478 0.229316233 0.218129175 0.171667263 0.061730480 0.000000000 0.181969109 0.248875934 0.230324362 0.302796893 0.306735732 0.309876695 0.310809803 0.318597527 0.225585059 0.219168072 0.321522343 0.443496947 0.437628145 0.430442107 0.507631319 0.486042924 0.483019997 0.372312177 0.388025501 0.387033503 0.462969695 0.483109561 0.431354222 0.470232136 0.468925320 0.424015678 0.424922306 0.426565723 0.503950968 0.436963024 0.469272616 0.529764225 0.530801360 0.380635604 0.495627439 0.520373268 0.423251468 0.416049140 0.517113852 0.454418658 0.447818611 0.433908485 0.604983346 
22     0.276498158 0.193727909 0.185584591 0.190368217 0.178633428 0.202440477 0.189298819 0.181969109 0.000000000 0.208173095 0.189968844 0.263367472 0.267306311 0.270697296 0.271751922 0.279418128 0.184770125 0.178502740 0.282114516 0.405791777 0.398968073 0.391782034 0.468971247 0.447382852 0.444359924 0.333614641 0.349543503 0.348336678 0.424591028 0.444730893 0.392720467 0.431598381 0.430291565 0.385381923 0.386288551 0.387931968 0.465317213 0.398357153 0.430671412 0.491163021 0.492200156 0.342063430 0.457013431 0.481258515 0.384527293 0.377324966 0.478593586 0.415620707 0.409020660 0.395110534 0.566333581 
21     0.335992135 0.252469643 0.244445932 0.248984439 0.237273495 0.269037945 0.256127155 0.248875934 0.208173095 0.000000000 0.074613595 0.224022867 0.227837813 0.231228398 0.232683150 0.240288498 0.160526431 0.153978415 0.267260784 0.421824763 0.415411854 0.408225816 0.485028684 0.463440289 0.460417362 0.349990608 0.365940372 0.364712646 0.440704803 0.460844669 0.408863997 0.447741912 0.446435096 0.401569361 0.402417629 0.404119406 0.481150544 0.414751384 0.446978179 0.507469788 0.508506923 0.358370197 0.473320613 0.497979045 0.400857246 0.393654918 0.495108560 0.432023509 0.425423462 0.411499445 0.582374533 
14     0.317456322 0.233933830 0.225910119 0.230448627 0.218737682 0.250506714 0.237575583 0.230324362 0.189968844 0.074613595 0.000000000 0.206201870 0.210016816 0.213407401 0.214867664 0.222467501 0.142266965 0.135823369 0.249023469 0.403479373 0.397215984 0.390029946 0.466832814 0.445244419 0.442221492 0.331794738 0.347744502 0.346516776 0.422508933 0.442648799 0.390668127 0.429546042 0.428239226 0.383373491 0.384221759 0.385923536 0.462954674 0.396555514 0.428782310 0.489273918 0.490311053 0.340174327 0.455124743 0.479783175 0.382661376 0.375459048 0.476912690 0.413827639 0.407227592 0.393303575 0.564178663 
18     0.391244073 0.307348625 0.299324914 0.303881901 0.292036970 0.323199637 0.310342472 0.302796893 0.263367472 0.224022867 0.206201870 0.000000000 0.053447966 0.083445252 0.081751657 0.113065330 0.214774153 0.208233566 0.322445944 0.477361038 0.471227741 0.464041703 0.540844571 0.519256176 0.516233249 0.405895154 0.421844918 0.420617191 0.496263731 0.516403597 0.464422925 0.503300840 0.501994024 0.457128289 0.457712377 0.459678334 0.536709472 0.470191170 0.502546099 0.563037708 0.564074843 0.413938117 0.528888533 0.553531299 0.456409499 0.449207172 0.550606680 0.487494538 0.480926936 0.467002920 0.638099778 
11     0.395171154 0.311275706 0.303251996 0.307808982 0.295964051 0.327138476 0.314281311 0.306735732 0.267306311 0.227837813 0.210016816 0.053447966 0.000000000 0.086460105 0.085650811 0.117674705 0.218794135 0.212253548 0.326472325 0.481288773 0.475159031 0.467972993 0.544775861 0.523187466 0.520164539 0.409826444 0.425776208 0.424548482 0.500195021 0.520334887 0.468354215 0.507232130 0.505925314 0.461059579 0.461643667 0.463609624 0.540640762 0.474122461 0.506477390 0.566968998 0.568006133 0.417869407 0.532819823 0.557462589 0.460340790 0.453138462 0.554543325 0.491425828 0.484858226 0.470934210 0.642031068 
10     0.398312117 0.314416669 0.306392958 0.310949945 0.299105014 0.330279439 0.317422274 0.309876695 0.270697296 0.231228398 0.213407401 0.083445252 0.086460105 0.000000000 0.077087471 0.124991946 0.221763447 0.215222860 0.329767869 0.484589376 0.478413310 0.471227272 0.548030140 0.526441745 0.523418818 0.413080722 0.429030486 0.427802760 0.503449300 0.523589166 0.471608494 0.510486409 0.509179593 0.464313858 0.464897946 0.466863903 0.543895041 0.477376739 0.509731668 0.570223277 0.571260412 0.421123686 0.536074102 0.560716868 0.463595068 0.456392740 0.557797604 0.494680107 0.488112505 0.474188489 0.645285347 
19     0.399451927 0.315556479 0.307532768 0.312089755 0.300244824 0.331287218 0.318374370 0.310809803 0.271751922 0.232683150 0.214867664 0.081751657 0.085650811 0.077087471 0.000000000 0.123343528 0.223070047 0.216529460 0.331128881 0.485830181 0.479647995 0.472461957 0.549264825 0.527676430 0.524653503 0.414315408 0.430265172 0.429037445 0.504683985 0.524823851 0.472843179 0.511721094 0.510414278 0.465548543 0.466164228 0.468098588 0.545129726 0.478611424 0.510966353 0.571457962 0.572495097 0.422358371 0.537308787 0.561951553 0.464829753 0.457627426 0.559032289 0.495914792 0.489347190 0.475423174 0.646520032 
8     0.407046297 0.323150850 0.315127139 0.319684125 0.307837604 0.339000271 0.326143106 0.318597527 0.279418128 0.240288498 0.222467501 0.113065330 0.117674705 0.124991946 0.123343528 0.000000000 0.230191320 0.223652011 0.338548494 0.493388097 0.487202356 0.480016318 0.556819186 0.535230791 0.532207863 0.421869768 0.437819532 0.436591806 0.512238346 0.532378212 0.480397540 0.519275454 0.517968638 0.473102903 0.473877906 0.475652948 0.552684086 0.486165785 0.518520714 0.579012323 0.580049457 0.429912732 0.544863147 0.569505913 0.472384114 0.465181786 0.566581294 0.503469152 0.496901551 0.482977534 0.654074392 
2     0.312639602 0.229117163 0.221093453 0.225484353 0.213617724 0.245627821 0.232825785 0.225585059 0.184770125 0.160526431 0.142266965 0.214774153 0.218794135 0.221763447 0.223070047 0.230191320 0.000000000 0.053137743 0.243821341 0.400997774 0.393477394 0.386291356 0.463094224 0.441505829 0.438482901 0.328076644 0.344026408 0.342798682 0.418461622 0.438585842 0.386585653 0.425571838 0.424265022 0.379608670 0.380464503 0.382158715 0.459189853 0.392524883 0.424866680 0.485358289 0.486395424 0.336160900 0.451289177 0.475977017 0.378855218 0.371652890 0.473101178 0.410021481 0.403421434 0.389497417 0.560714914 
23     0.306224797 0.222702359 0.214678648 0.219069548 0.207202921 0.239166267 0.226408798 0.219168072 0.178502740 0.153978415 0.135823369 0.208233566 0.212253548 0.215222860 0.216529460 0.223652011 0.053137743 0.000000000 0.237286885 0.394828671 0.387730361 0.380544323 0.457347191 0.435758796 0.432735869 0.322109482 0.337983017 0.336831520 0.413034573 0.433174439 0.381206758 0.420084673 0.418777857 0.373912122 0.374767954 0.376462167 0.453493305 0.386849372 0.419320940 0.479812549 0.480849684 0.330712958 0.445663374 0.470321806 0.373200006 0.365997679 0.467445966 0.404366270 0.397766222 0.383842206 0.554717390 
7     0.408523365 0.324547280 0.316508708 0.321244934 0.309850222 0.341350996 0.329067921 0.321522343 0.282114516 0.267260784 0.249023469 0.322445944 0.326472325 0.329767869 0.331128881 0.338548494 0.243821341 0.237286885 0.000000000 0.496769407 0.489637603 0.482451565 0.559640777 0.538052382 0.535029455 0.424071885 0.440021649 0.438793923 0.515427259 0.535567125 0.483599444 0.522477359 0.521170543 0.476260900 0.477127539 0.478810945 0.555253045 0.489230864 0.521549975 0.582041584 0.583078719 0.432941993 0.547897054 0.572619417 0.475497617 0.468295289 0.569774481 0.506694784 0.500094737 0.486154303 0.656417890 
24     0.531134760 0.447306466 0.439271489 0.444039317 0.431759721 0.464171520 0.450963739 0.443496947 0.405791777 0.421824763 0.403479373 0.477361038 0.481288773 0.484589376 0.485830181 0.493388097 0.400997774 0.394828671 0.496769407 0.000000000 0.580828505 0.573642467 0.650918931 0.629330536 0.626307609 0.515457689 0.531476919 0.530179727 0.606313296 0.626453162 0.574384959 0.613262873 0.611956057 0.567046415 0.568075242 0.569596460 0.646981705 0.580014316 0.612106041 0.672597650 0.673634784 0.523724697 0.638731690 0.663318949 0.566197149 0.558994821 0.660316570 0.597231519 0.590631471 0.576737397 0.747786645 
25     0.525157910 0.441159947 0.432962063 0.437655264 0.425629620 0.457911763 0.444982180 0.437628145 0.398968073 0.415411854 0.397215984 0.471227741 0.475159031 0.478413310 0.479647995 0.487202356 0.393477394 0.387730361 0.489637603 0.580828505 0.000000000 0.060028438 0.388791491 0.367220401 0.364186559 0.375688371 0.392075556 0.390618049 0.463312324 0.483452190 0.431185869 0.470255948 0.468818676 0.423814914 0.424843742 0.426364959 0.504067755 0.437782334 0.470019012 0.530511169 0.531548304 0.381285831 0.495669692 0.519596751 0.422479199 0.415276165 0.516545355 0.453450283 0.447021313 0.433172257 0.606502712 
17     0.517971872 0.433973909 0.425776025 0.430469226 0.418443582 0.450725725 0.437796142 0.430442107 0.391782034 0.408225816 0.390029946 0.464041703 0.467972993 0.471227272 0.472461957 0.480016318 0.386291356 0.380544323 0.482451565 0.573642467 0.060028438 0.000000000 0.381644179 0.360073090 0.357039247 0.368502333 0.384889518 0.383432011 0.456126286 0.476266152 0.423999831 0.463069910 0.461632638 0.416628876 0.417657704 0.419178921 0.496881717 0.430596296 0.462832974 0.523325131 0.524362266 0.374099793 0.488483654 0.512410713 0.415293161 0.408090127 0.509359317 0.446264245 0.439835275 0.425986219 0.599316674 
13     0.595161084 0.511043641 0.502845757 0.507538959 0.495513315 0.527914937 0.514985355 0.507631319 0.468971247 0.485028684 0.466832814 0.540844571 0.544775861 0.548030140 0.549264825 0.556819186 0.463094224 0.457347191 0.559640777 0.650918931 0.388791491 0.381644179 0.000000000 0.115997857 0.115666026 0.445463410 0.461645568 0.460188061 0.532973582 0.553113447 0.500847126 0.539828612 0.538391340 0.493476171 0.494504999 0.496026216 0.573640911 0.507398551 0.539638607 0.600130764 0.601167898 0.450905425 0.565289287 0.589284071 0.492001439 0.484798405 0.585925097 0.522830025 0.516338658 0.502458902 0.675680967 
1     0.573572690 0.489455246 0.481257362 0.485950564 0.473924920 0.506326542 0.493396960 0.486042924 0.447382852 0.463440289 0.445244419 0.519256176 0.523187466 0.526441745 0.527676430 0.535230791 0.441505829 0.435758796 0.538052382 0.629330536 0.367220401 0.360073090 0.115997857 0.000000000 0.082196614 0.423875015 0.440057173 0.438599666 0.511385187 0.531525053 0.479258731 0.518240217 0.516802945 0.471887776 0.472916604 0.474437821 0.552052516 0.485810156 0.518050212 0.578542369 0.579579503 0.429317030 0.543700892 0.567695676 0.470413044 0.463210010 0.564336702 0.501241630 0.494750263 0.480870507 0.654092572 
3     0.570549762 0.486432319 0.478234435 0.482927636 0.470901993 0.503303615 0.490374032 0.483019997 0.444359924 0.460417362 0.442221492 0.516233249 0.520164539 0.523418818 0.524653503 0.532207863 0.438482901 0.432735869 0.535029455 0.626307609 0.364186559 0.357039247 0.115666026 0.082196614 0.000000000 0.420852087 0.437034245 0.435576739 0.508362259 0.528502125 0.476235804 0.515217289 0.513780018 0.468864849 0.469893677 0.471414894 0.549029589 0.482787228 0.515027284 0.575519441 0.576556576 0.426294103 0.540677964 0.564672749 0.467390117 0.460187083 0.561313775 0.498218703 0.491727335 0.477847580 0.651069644 
47     0.459573023 0.375788602 0.367599731 0.372283919 0.360258276 0.392605232 0.379666212 0.372312177 0.333614641 0.349990608 0.331794738 0.405895154 0.409826444 0.413080722 0.414315408 0.421869768 0.328076644 0.322109482 0.424071885 0.515457689 0.375688371 0.368502333 0.445463410 0.423875015 0.420852087 0.000000000 0.117177837 0.116769156 0.387562194 0.407702060 0.355556848 0.394335459 0.393039788 0.347947970 0.348689295 0.350204067 0.428035951 0.362046585 0.394551489 0.455045285 0.456082419 0.305799507 0.420386021 0.445616825 0.348079748 0.340883470 0.443248420 0.380138574 0.373857572 0.359840435 0.540035721 
35     0.475480533 0.391696112 0.383507241 0.388191430 0.376165786 0.408408345 0.395465691 0.388025501 0.349543503 0.365940372 0.347744502 0.421844918 0.425776208 0.429030486 0.430265172 0.437819532 0.344026408 0.337983017 0.440021649 0.531476919 0.392075556 0.384889518 0.461645568 0.440057173 0.437034245 0.117177837 0.000000000 0.130541539 0.403691573 0.423831439 0.371686226 0.410491809 0.409196139 0.364077348 0.364765391 0.366280163 0.444165330 0.378863487 0.410668643 0.471162439 0.472199574 0.321916661 0.436529548 0.461779463 0.364199687 0.357003408 0.459311364 0.396201518 0.389897660 0.375898144 0.556145656 
48     0.474295061 0.390510640 0.382321768 0.387005957 0.374980313 0.407327270 0.394387539 0.387033503 0.348336678 0.364712646 0.346516776 0.420617191 0.424548482 0.427802760 0.429037445 0.436591806 0.342798682 0.336831520 0.438793923 0.530179727 0.390618049 0.383432011 0.460188061 0.438599666 0.435576739 0.116769156 0.130541539 0.000000000 0.402505522 0.422645388 0.370500175 0.409278786 0.407983115 0.362891297 0.363624618 0.365139390 0.442979279 0.377650463 0.409481993 0.469975789 0.471012923 0.320730011 0.435316524 0.460566308 0.362986532 0.355790253 0.458098282 0.394961746 0.388744834 0.374727696 0.554832857 
46     0.550735093 0.467086175 0.458865195 0.463581492 0.451487075 0.483491393 0.470333158 0.462969695 0.424591028 0.440704803 0.422508933 0.496263731 0.500195021 0.503449300 0.504683985 0.512238346 0.418461622 0.413034573 0.515427259 0.606313296 0.463312324 0.456126286 0.532973582 0.511385187 0.508362259 0.387562194 0.403691573 0.402505522 0.000000000 0.110436937 0.110817724 0.218254292 0.217151793 0.272860829 0.274174418 0.275336138 0.354431544 0.362134238 0.415316506 0.475567090 0.476618831 0.326533894 0.439896777 0.467580048 0.370387241 0.363122859 0.463613128 0.400158741 0.393984279 0.379994872 0.629384674 
33     0.570874959 0.487226041 0.479005061 0.483721358 0.471626941 0.503631259 0.490473023 0.483109561 0.444730893 0.460844669 0.442648799 0.516403597 0.520334887 0.523589166 0.524823851 0.532378212 0.438585842 0.433174439 0.535567125 0.626453162 0.483452190 0.476266152 0.553113447 0.531525053 0.528502125 0.407702060 0.423831439 0.422645388 0.110436937 0.000000000 0.131141538 0.238496815 0.237394316 0.292990783 0.294304372 0.295466092 0.374491555 0.382274104 0.435456372 0.495706956 0.496758697 0.346673760 0.460035965 0.487719914 0.390527107 0.383262725 0.483752994 0.420298607 0.414124145 0.400134737 0.649524540 
41     0.518864532 0.435215614 0.426994634 0.431710931 0.419616514 0.451692336 0.438708257 0.431354222 0.392720467 0.408863997 0.390668127 0.464422925 0.468354215 0.471608494 0.472843179 0.480397540 0.386585653 0.381206758 0.483599444 0.574384959 0.431185869 0.423999831 0.500847126 0.479258731 0.476235804 0.355556848 0.371686226 0.370500175 0.110817724 0.131141538 0.000000000 0.184311584 0.182773366 0.240265498 0.241561217 0.242722937 0.321207716 0.330028421 0.383099830 0.443350413 0.444402154 0.294317217 0.407710817 0.435351419 0.338195427 0.330931046 0.431355012 0.367900625 0.361638779 0.347634369 0.597356937 
44     0.557742447 0.474093528 0.465785971 0.470588846 0.458494428 0.490577505 0.477586171 0.470232136 0.431598381 0.447741912 0.429546042 0.503300840 0.507232130 0.510486409 0.511721094 0.519275454 0.425571838 0.420084673 0.522477359 0.613262873 0.470255948 0.463069910 0.539828612 0.518240217 0.515217289 0.394335459 0.410491809 0.409278786 0.218254292 0.238496815 0.184311584 0.000000000 0.053132501 0.278852243 0.280224403 0.281381257 0.359265454 0.369430995 0.422491095 0.482741679 0.483793420 0.333733041 0.447162000 0.474423532 0.377500561 0.370236180 0.470738784 0.407308271 0.401267317 0.387277910 0.636462439 
40     0.556435631 0.472786712 0.464479155 0.469282030 0.457187613 0.489270689 0.476279356 0.468925320 0.430291565 0.446435096 0.428239226 0.501994024 0.505925314 0.509179593 0.510414278 0.517968638 0.424265022 0.418777857 0.521170543 0.611956057 0.468818676 0.461632638 0.538391340 0.516802945 0.513780018 0.393039788 0.409196139 0.407983115 0.217151793 0.237394316 0.182773366 0.053132501 0.000000000 0.277240800 0.278612960 0.279769814 0.357670074 0.367885861 0.420956618 0.481207202 0.482258943 0.332198564 0.445633057 0.472902653 0.375979682 0.368715301 0.469217905 0.405787392 0.399746438 0.385757031 0.635123885 
26     0.511492592 0.427877070 0.419352354 0.424372387 0.412277970 0.444353792 0.431369713 0.424015678 0.385381923 0.401569361 0.383373491 0.457128289 0.461059579 0.464313858 0.465548543 0.473102903 0.379608670 0.373912122 0.476260900 0.567046415 0.423814914 0.416628876 0.493476171 0.471887776 0.468864849 0.347947970 0.364077348 0.362891297 0.272860829 0.292990783 0.240265498 0.278852243 0.277240800 0.000000000 0.049918601 0.052614457 0.266364985 0.322587437 0.375400739 0.435681824 0.436733565 0.286895089 0.400779735 0.428327455 0.331317461 0.324053079 0.424514037 0.361092235 0.354863144 0.340873736 0.589703736 
27     0.512399221 0.428783698 0.420271995 0.425279016 0.413184598 0.445260420 0.432276341 0.424922306 0.386288551 0.402417629 0.384221759 0.457712377 0.461643667 0.464897946 0.466164228 0.473877906 0.380464503 0.374767954 0.477127539 0.568075242 0.424843742 0.417657704 0.494504999 0.472916604 0.469893677 0.348689295 0.364765391 0.363624618 0.274174418 0.294304372 0.241561217 0.280224403 0.278612960 0.049918601 0.000000000 0.029264235 0.268147977 0.323829693 0.376543251 0.436824336 0.437876077 0.288037601 0.402063302 0.429461427 0.332455455 0.325191074 0.425566703 0.362241369 0.356012449 0.342023041 0.590732564 
42     0.514042637 0.430427115 0.421878879 0.426922432 0.414828015 0.446903837 0.433919758 0.426565723 0.387931968 0.404119406 0.385923536 0.459678334 0.463609624 0.466863903 0.468098588 0.475652948 0.382158715 0.376462167 0.478810945 0.569596460 0.426364959 0.419178921 0.496026216 0.474437821 0.471414894 0.350204067 0.366280163 0.365139390 0.275336138 0.295466092 0.242722937 0.281381257 0.279769814 0.052614457 0.029264235 0.000000000 0.269383684 0.325273446 0.377954413 0.438235499 0.439287240 0.289448764 0.403474465 0.430877582 0.333866513 0.326602132 0.427047904 0.363722570 0.357493650 0.343504243 0.592253781 
32     0.591377244 0.507812360 0.499591381 0.504307678 0.492213261 0.524289082 0.511305004 0.503950968 0.465317213 0.481150544 0.462954674 0.536709472 0.540640762 0.543895041 0.545129726 0.552684086 0.459189853 0.453493305 0.555253045 0.646981705 0.504067755 0.496881717 0.573640911 0.552052516 0.549029589 0.428035951 0.444165330 0.442979279 0.354431544 0.374491555 0.321207716 0.359265454 0.357670074 0.266364985 0.268147977 0.269383684 0.000000000 0.403902530 0.456053034 0.516144860 0.517196601 0.367555344 0.480681816 0.508194195 0.411178035 0.403913654 0.504746844 0.441364848 0.435075569 0.421086162 0.669945855 
28     0.524549021 0.440846947 0.432577563 0.437342264 0.425247847 0.457299791 0.444317059 0.436963024 0.398357153 0.414751384 0.396555514 0.470191170 0.474122461 0.477376739 0.478611424 0.486165785 0.392524883 0.386849372 0.489230864 0.580014316 0.437782334 0.430596296 0.507398551 0.485810156 0.482787228 0.362046585 0.378863487 0.377650463 0.362134238 0.382274104 0.330028421 0.369430995 0.367885861 0.322587437 0.323829693 0.325273446 0.403902530 0.000000000 0.388332137 0.448452314 0.449504055 0.299266666 0.414590628 0.441588290 0.345970322 0.338707651 0.438651363 0.375358389 0.368920913 0.354920724 0.603920113 
38     0.556856066 0.473166560 0.464955462 0.469661877 0.457539443 0.489650536 0.476626652 0.469272616 0.430671412 0.446978179 0.428782310 0.502546099 0.506477390 0.509731668 0.510966353 0.518520714 0.424866680 0.419320940 0.521549975 0.612106041 0.470019012 0.462832974 0.539638607 0.518050212 0.515027284 0.394551489 0.410668643 0.409481993 0.415316506 0.435456372 0.383099830 0.422491095 0.420956618 0.375400739 0.376543251 0.377954413 0.456053034 0.388332137 0.000000000 0.169004946 0.168574627 0.212924481 0.408570076 0.471019317 0.373943075 0.366777476 0.467511735 0.404219888 0.397893873 0.383899934 0.635791866 
45     0.617347675 0.533658168 0.525447071 0.530153486 0.518031052 0.550142145 0.537118261 0.529764225 0.491163021 0.507469788 0.489273918 0.563037708 0.566968998 0.570223277 0.571457962 0.579012323 0.485358289 0.479812549 0.582041584 0.672597650 0.530511169 0.523325131 0.600130764 0.578542369 0.575519441 0.455045285 0.471162439 0.469975789 0.475567090 0.495706956 0.443350413 0.482741679 0.481207202 0.435681824 0.436824336 0.438235499 0.516144860 0.448452314 0.169004946 0.000000000 0.098565882 0.273114360 0.469023060 0.531473370 0.434379920 0.427214321 0.527979658 0.464687811 0.458361796 0.444367857 0.696269016 
34     0.618384810 0.534695303 0.526484205 0.531190621 0.519068187 0.551179280 0.538155395 0.530801360 0.492200156 0.508506923 0.490311053 0.564074843 0.568006133 0.571260412 0.572495097 0.580049457 0.486395424 0.480849684 0.583078719 0.673634784 0.531548304 0.524362266 0.601167898 0.579579503 0.576556576 0.456082419 0.472199574 0.471012923 0.476618831 0.496758697 0.444402154 0.483793420 0.482258943 0.436733565 0.437876077 0.439287240 0.517196601 0.449504055 0.168574627 0.098565882 0.000000000 0.274001114 0.470047738 0.532527026 0.435433246 0.428267648 0.529033314 0.465741467 0.459415452 0.445421513 0.697306151 
39     0.468248084 0.384558577 0.376347480 0.381053895 0.368931461 0.401042554 0.387989639 0.380635604 0.342063430 0.358370197 0.340174327 0.413938117 0.417869407 0.421123686 0.422358371 0.429912732 0.336160900 0.330712958 0.432941993 0.523724697 0.381285831 0.374099793 0.450905425 0.429317030 0.426294103 0.305799507 0.321916661 0.320730011 0.326533894 0.346673760 0.294317217 0.333733041 0.332198564 0.286895089 0.288037601 0.289448764 0.367555344 0.299266666 0.212924481 0.273114360 0.274001114 0.000000000 0.321258775 0.382325107 0.285340106 0.278174508 0.379023545 0.315731698 0.309577275 0.295583336 0.547069670 
37     0.582966092 0.499474430 0.491263333 0.495969748 0.483847314 0.515969116 0.502981474 0.495627439 0.457013431 0.473320613 0.455124743 0.528888533 0.532819823 0.536074102 0.537308787 0.544863147 0.451289177 0.445663374 0.547897054 0.638731690 0.495669692 0.488483654 0.565289287 0.543700892 0.540677964 0.420386021 0.436529548 0.435316524 0.439896777 0.460035965 0.407710817 0.447162000 0.445633057 0.400779735 0.402063302 0.403474465 0.480681816 0.414590628 0.408570076 0.469023060 0.470047738 0.321258775 0.000000000 0.497049287 0.400580496 0.393414897 0.494485761 0.431390828 0.424753151 0.410732702 0.661448921 
29     0.607922386 0.524235586 0.516024488 0.520730904 0.508636487 0.540657264 0.527727303 0.520373268 0.481258515 0.497979045 0.479783175 0.553531299 0.557462589 0.560716868 0.561951553 0.569505913 0.475977017 0.470321806 0.572619417 0.663318949 0.519596751 0.512410713 0.589284071 0.567695676 0.564672749 0.445616825 0.461779463 0.460566308 0.467580048 0.487719914 0.435351419 0.474423532 0.472902653 0.428327455 0.429461427 0.430877582 0.508194195 0.441588290 0.471019317 0.531473370 0.532527026 0.382325107 0.497049287 0.000000000 0.327736242 0.320924095 0.461217307 0.398130368 0.391944585 0.378335161 0.685647422 
31     0.510800587 0.427113787 0.418902689 0.423609104 0.411416385 0.443535464 0.430605503 0.423251468 0.384527293 0.400857246 0.382661376 0.456409499 0.460340790 0.463595068 0.464829753 0.472384114 0.378855218 0.373200006 0.475497617 0.566197149 0.422479199 0.415293161 0.492001439 0.470413044 0.467390117 0.348079748 0.364199687 0.362986532 0.370387241 0.390527107 0.338195427 0.377500561 0.375979682 0.331317461 0.332455455 0.333866513 0.411178035 0.345970322 0.373943075 0.434379920 0.435433246 0.285340106 0.400580496 0.327736242 0.000000000 0.070047694 0.364768787 0.301406389 0.294448177 0.280447486 0.588516208 
43     0.503598259 0.419911459 0.411700361 0.416406776 0.404214057 0.436333136 0.423403175 0.416049140 0.377324966 0.393654918 0.375459048 0.449207172 0.453138462 0.456392740 0.457627426 0.465181786 0.371652890 0.365997679 0.468295289 0.558994821 0.415276165 0.408090127 0.484798405 0.463210010 0.460187083 0.340883470 0.357003408 0.355790253 0.363122859 0.383262725 0.330931046 0.370236180 0.368715301 0.324053079 0.325191074 0.326602132 0.403913654 0.338707651 0.366777476 0.427214321 0.428267648 0.278174508 0.393414897 0.320924095 0.070047694 0.000000000 0.357939701 0.294349297 0.287417807 0.273417116 0.581313174 
30     0.605082805 0.521396005 0.513184907 0.517891322 0.505558484 0.537466387 0.524467887 0.517113852 0.478593586 0.495108560 0.476912690 0.550606680 0.554543325 0.557797604 0.559032289 0.566581294 0.473101178 0.467445966 0.569774481 0.660316570 0.516545355 0.509359317 0.585925097 0.564336702 0.561313775 0.443248420 0.459311364 0.458098282 0.463613128 0.483752994 0.431355012 0.470738784 0.469217905 0.424514037 0.425566703 0.427047904 0.504746844 0.438651363 0.467511735 0.527979658 0.529033314 0.379023545 0.494485761 0.461217307 0.364768787 0.357939701 0.000000000 0.233284285 0.283095917 0.269592641 0.683765197 
50     0.541997754 0.458310954 0.450099856 0.454806271 0.442374843 0.474687657 0.461772693 0.454418658 0.415620707 0.432023509 0.413827639 0.487494538 0.491425828 0.494680107 0.495914792 0.503469152 0.410021481 0.404366270 0.506694784 0.597231519 0.453450283 0.446264245 0.522830025 0.501241630 0.498218703 0.380138574 0.396201518 0.394961746 0.400158741 0.420298607 0.367900625 0.407308271 0.405787392 0.361092235 0.362241369 0.363722570 0.441364848 0.375358389 0.404219888 0.464687811 0.465741467 0.315731698 0.431390828 0.398130368 0.301406389 0.294349297 0.233284285 0.000000000 0.219194198 0.205648536 0.620670806 
49     0.535397707 0.451710907 0.443499809 0.448206224 0.435908372 0.468095848 0.455172646 0.447818611 0.409020660 0.425423462 0.407227592 0.480926936 0.484858226 0.488112505 0.489347190 0.496901551 0.403421434 0.397766222 0.500094737 0.590631471 0.447021313 0.439835275 0.516338658 0.494750263 0.491727335 0.373857572 0.389897660 0.388744834 0.393984279 0.414124145 0.361638779 0.401267317 0.399746438 0.354863144 0.356012449 0.357493650 0.435075569 0.368920913 0.397893873 0.458361796 0.459415452 0.309577275 0.424753151 0.391944585 0.294448177 0.287417807 0.283095917 0.219194198 0.000000000 0.110905561 0.614160120 
36     0.521487581 0.437800781 0.429589683 0.434296098 0.421998246 0.454185722 0.441262520 0.433908485 0.395110534 0.411499445 0.393303575 0.467002920 0.470934210 0.474188489 0.475423174 0.482977534 0.389497417 0.383842206 0.486154303 0.576737397 0.433172257 0.425986219 0.502458902 0.480870507 0.477847580 0.359840435 0.375898144 0.374727696 0.379994872 0.400134737 0.347634369 0.387277910 0.385757031 0.340873736 0.342023041 0.343504243 0.421086162 0.354920724 0.383899934 0.444367857 0.445421513 0.295583336 0.410732702 0.378335161 0.280447486 0.273417116 0.269592641 0.205648536 0.110905561 0.000000000 0.600293184 
0     0.692430339 0.608719441 0.600521557 0.605214758 0.593189114 0.625264883 0.612337381 0.604983346 0.566333581 0.582374533 0.564178663 0.638099778 0.642031068 0.645285347 0.646520032 0.654074392 0.560714914 0.554717390 0.656417890 0.747786645 0.606502712 0.599316674 0.675680967 0.654092572 0.651069644 0.540035721 0.556145656 0.554832857 0.629384674 0.649524540 0.597356937 0.636462439 0.635123885 0.589703736 0.590732564 0.592253781 0.669945855 0.603920113 0.635791866 0.696269016 0.697306151 0.547069670 0.661448921 0.685647422 0.588516208 0.581313174 0.683765197 0.620670806 0.614160120 0.600293184 0.000000000 
