51
12     0.000000000 0.011164350 0.009454920 0.009210710 0.000816400 0.005042990 0.021192710 0.015871260 0.004786760 0.010116960 0.014640080 0.016971730 0.015951330 0.016666120 0.017412630 0.015946800 0.009166050 0.005518430 0.005980960 0.013954650 0.039084000 0.042308070 0.041263200 0.038565020 0.037894810 0.013871910 0.013998050 0.013347880 0.035704040 0.043034810 0.034973440 0.039971700 0.044450680 0.034363680 0.042104640 0.030511600 0.037953010 0.026733930 0.033305300 0.044826040 0.033827200 0.020742250 0.032844930 0.034966570 0.042925420 0.035332490 0.034377330 0.036557930 0.031507650 0.034559170 0.020157010 
5     0.011164350 0.000000000 0.000003680 0.002357070 0.008443270 0.006069890 0.015228630 0.008512280 0.004248090 0.008188030 0.007281100 0.009612750 0.008592350 0.009307140 0.010053650 0.008587820 0.009402720 0.009290660 0.009033180 0.008469440 0.031725020 0.034773100 0.033904220 0.031206040 0.030535830 0.012985880 0.013029480 0.012851450 0.028345060 0.035675830 0.027614460 0.035710720 0.037267560 0.027837510 0.034745660 0.027988230 0.038908850 0.023803180 0.025946320 0.037467060 0.026468220 0.015257040 0.025485950 0.042569060 0.044013820 0.029847280 0.028949270 0.029198950 0.032423330 0.028881850 0.032679880 
6     0.009454920 0.000003680 0.000000000 0.001470620 0.006192510 0.004859320 0.014018060 0.007301710 0.007599520 0.006977460 0.006070530 0.008402180 0.007381780 0.008096570 0.008843080 0.007377250 0.008192150 0.008080090 0.016538560 0.015974820 0.030514450 0.033738520 0.032693650 0.029995470 0.029325260 0.020491260 0.020534860 0.020356830 0.027134490 0.034465260 0.026403890 0.034500150 0.036056990 0.026626940 0.033535090 0.011429770 0.037698280 0.022592610 0.024735750 0.036256490 0.025257650 0.022762420 0.024275380 0.041358490 0.042803250 0.037352660 0.027738700 0.027988380 0.031212760 0.027671280 0.031469310 
15     0.009210710 0.002357070 0.001470620 0.000000000 0.007267540 0.003908460 0.013067200 0.006350850 0.002294450 0.006026600 0.005119670 0.007451320 0.006430920 0.007145710 0.007892220 0.006426390 0.007241290 0.007129230 0.007079540 0.006515800 0.029563590 0.032787660 0.031742790 0.029044610 0.028374400 0.011032240 0.011075840 0.010897810 0.026183630 0.033514400 0.025453030 0.033549290 0.035106130 0.025676080 0.032584230 0.025826800 0.036747420 0.021641750 0.023784890 0.035305630 0.024306790 0.013303400 0.023324520 0.040407630 0.041852390 0.027893640 0.026787840 0.027037520 0.030261900 0.026720420 0.030518450 
16     0.000816400 0.008443270 0.006192510 0.007267540 0.000000000 0.003508780 0.012667520 0.005951170 0.009055380 0.003684010 0.002492620 0.006408940 0.005388540 0.006103330 0.006849840 0.005384010 0.000434090 0.000324350 0.013840470 0.006220630 0.030203990 0.033428060 0.004450050 0.004208780 0.004199780 0.017793170 0.006193110 0.017658740 0.026824030 0.034154800 0.026093430 0.034189690 0.035746530 0.026316480 0.033224630 0.026467200 0.037387820 0.022282150 0.024425290 0.035946030 0.024947190 0.020064330 0.023964920 0.041048030 0.042492790 0.034654570 0.027428240 0.027677920 0.030902300 0.027360820 0.031158850 
4     0.005042990 0.006069890 0.004859320 0.003908460 0.003508780 0.000000000 0.000269760 0.002445750 0.001027490 0.002267840 0.001360910 0.003692560 0.002672160 0.003386950 0.004133460 0.002667630 0.001653760 0.000125300 0.001835030 0.015046710 0.026844910 0.030068980 0.029024110 0.026325930 0.025655720 0.009725980 0.009852120 0.006801660 0.023464950 0.030795720 0.022734350 0.030830610 0.032387450 0.022957400 0.029865550 0.023108120 0.033807080 0.018923070 0.021066210 0.032586950 0.021588110 0.020686590 0.020605840 0.037688950 0.039133710 0.038672390 0.024069160 0.024318840 0.027543220 0.024001740 0.016011080 
9     0.021192710 0.015228630 0.014018060 0.013067200 0.012667520 0.000269760 0.000000000 0.001462850 0.002639530 0.011426580 0.010519650 0.012851300 0.011830900 0.012545690 0.013292200 0.011826370 0.012641270 0.012529210 0.017984750 0.028390950 0.031336020 0.031668930 0.038182850 0.035484670 0.034814460 0.018433300 0.026001840 0.025351670 0.032623690 0.039954460 0.031893090 0.039989350 0.041546190 0.032116140 0.038744250 0.032266860 0.043187480 0.028081810 0.030224950 0.041745690 0.030746850 0.025571780 0.029764580 0.046847690 0.048292450 0.038761130 0.033227900 0.033477580 0.036701960 0.033160480 0.032160800 
20     0.015871260 0.008512280 0.007301710 0.006350850 0.005951170 0.002445750 0.001462850 0.000000000 0.012884470 0.004710230 0.003803300 0.006134950 0.005114550 0.005829340 0.006575850 0.005110020 0.005924920 0.005812860 0.022970540 0.026103990 0.029287300 0.032511370 0.031466500 0.028768320 0.028098110 0.020790890 0.021981920 0.021014090 0.025907340 0.033238110 0.025176740 0.033273000 0.034829840 0.025399790 0.032307940 0.025550510 0.036471130 0.018759960 0.023508600 0.035029340 0.024030500 0.023128980 0.023048230 0.040131340 0.041576100 0.039616730 0.026511550 0.026761230 0.029985610 0.026444130 0.030242160 
22     0.004786760 0.004248090 0.007599520 0.002294450 0.009055380 0.001027490 0.002639530 0.012884470 0.000000000 0.006101460 0.004155690 0.018571640 0.008222420 0.019154340 0.009226640 0.008033390 0.002817990 0.001289530 0.001965460 0.005050090 0.029098720 0.029431630 0.018322490 0.018081220 0.018072220 0.009566530 0.009610130 0.009332380 0.037705230 0.040660290 0.035972790 0.035956200 0.040435180 0.032446720 0.024787050 0.025276210 0.033937510 0.022718430 0.025747470 0.037676880 0.037677460 0.011837690 0.036491720 0.040354630 0.039216780 0.026427930 0.036045580 0.040817750 0.028759110 0.030543670 0.016141510 
21     0.010116960 0.008188030 0.006977460 0.006026600 0.003684010 0.002267840 0.011426580 0.004710230 0.006101460 0.000000000 0.000412810 0.005168000 0.004147600 0.004862390 0.005608900 0.004143070 0.004908770 0.004796710 0.006218100 0.005388360 0.028963050 0.032187120 0.003617780 0.003376510 0.003367510 0.010170800 0.005360840 0.010036370 0.025583090 0.032913860 0.024852490 0.032948750 0.034505590 0.025075540 0.031983690 0.025226260 0.036146880 0.021041210 0.023184350 0.034705090 0.023706250 0.012441960 0.022723980 0.039807090 0.041251850 0.027032200 0.026187300 0.026436980 0.029661360 0.026119880 0.020880610 
14     0.014640080 0.007281100 0.006070530 0.005119670 0.002492620 0.001360910 0.010519650 0.003803300 0.004155690 0.000412810 0.000000000 0.004261070 0.003240670 0.003955460 0.004701970 0.003236140 0.004001840 0.002877660 0.005986430 0.004196970 0.028056120 0.031280190 0.002426390 0.002185120 0.002176120 0.009939130 0.004169450 0.009804700 0.024676160 0.032006930 0.023945560 0.032041820 0.033598660 0.024168610 0.031076760 0.024319330 0.035239950 0.020134280 0.022277420 0.033798160 0.022799320 0.012210290 0.021817050 0.038900160 0.040344920 0.026800530 0.025280370 0.025530050 0.028754430 0.025212950 0.029010980 
18     0.016971730 0.009612750 0.008402180 0.007451320 0.006408940 0.003692560 0.012851300 0.006134950 0.018571640 0.005168000 0.004261070 0.000000000 0.000392590 0.001483370 0.000320410 0.000878630 0.006382690 0.006270630 0.013004040 0.024951300 0.030387770 0.033611840 0.032566970 0.029868790 0.029198580 0.021891360 0.023082390 0.017198470 0.027007810 0.034338580 0.026277210 0.034373470 0.035930310 0.026500260 0.033408410 0.026650980 0.037571600 0.022465930 0.024609070 0.036129810 0.025130970 0.024229450 0.024148700 0.041231810 0.042676570 0.042215250 0.027612020 0.027861700 0.031086080 0.027544600 0.031342630 
11     0.015951330 0.008592350 0.007381780 0.006430920 0.005388540 0.002672160 0.011830900 0.005114550 0.008222420 0.004147600 0.003240670 0.000392590 0.000000000 0.000745610 0.000323290 0.000219530 0.005362290 0.005250230 0.018583480 0.017314280 0.029367370 0.032591440 0.015543700 0.015302430 0.015293430 0.020870960 0.017286760 0.021094160 0.025987410 0.033318180 0.025256810 0.033353070 0.034909910 0.025479860 0.032388010 0.025630580 0.036551200 0.021445530 0.023588670 0.035109410 0.024110570 0.023209050 0.023128300 0.040211410 0.041656170 0.041194850 0.026591620 0.026841300 0.030065680 0.026524200 0.030322230 
10     0.016666120 0.009307140 0.008096570 0.007145710 0.006103330 0.003386950 0.012545690 0.005829340 0.019154340 0.004862390 0.003955460 0.001483370 0.000745610 0.000000000 0.000808970 0.001461330 0.003122410 0.004849150 0.017079960 0.012460810 0.030082160 0.033306230 0.010690230 0.010448960 0.010439960 0.021585750 0.012433290 0.021808950 0.026702200 0.034032970 0.025971600 0.034067860 0.035624700 0.026194650 0.033102800 0.026345370 0.037265990 0.022160320 0.024303460 0.035824200 0.024825360 0.023923840 0.023843090 0.040926200 0.042370960 0.039049860 0.027306410 0.027556090 0.030780470 0.027238990 0.031037020 
19     0.017412630 0.010053650 0.008843080 0.007892220 0.006849840 0.004133460 0.013292200 0.006575850 0.009226640 0.005608900 0.004701970 0.000320410 0.000323290 0.000808970 0.000000000 0.001223750 0.006823590 0.006711530 0.017372180 0.017707690 0.030828670 0.034052740 0.015937110 0.015695840 0.015686840 0.022332260 0.017680170 0.022346250 0.027448710 0.034779480 0.026718110 0.034814370 0.036371210 0.026941160 0.033849310 0.027091880 0.038012500 0.022906830 0.025049970 0.036570710 0.025571870 0.024670350 0.024589600 0.041672710 0.043117470 0.039342080 0.028052920 0.028302600 0.031526980 0.027985500 0.031783530 
8     0.015946800 0.008587820 0.007377250 0.006426390 0.005384010 0.002667630 0.011826370 0.005110020 0.008033390 0.004143070 0.003236140 0.000878630 0.000219530 0.001461330 0.001223750 0.000000000 0.005357760 0.005245700 0.018296170 0.026138370 0.029362840 0.032586910 0.024367790 0.024126520 0.024117520 0.020866430 0.022057460 0.021089630 0.025982880 0.033313650 0.025252280 0.033348540 0.034905380 0.025475330 0.032383480 0.025626050 0.036546670 0.021441000 0.023584140 0.035104880 0.024106040 0.023204520 0.023123770 0.040206880 0.041651640 0.041190320 0.026587090 0.026836770 0.030061150 0.026519670 0.030317700 
2     0.009166050 0.009402720 0.008192150 0.007241290 0.000434090 0.001653760 0.012641270 0.005924920 0.002817990 0.004908770 0.004001840 0.006382690 0.005362290 0.003122410 0.006823590 0.005357760 0.000000000 0.000298100 0.005753650 0.018965330 0.028089000 0.028421910 0.030977120 0.029658760 0.028988550 0.013644600 0.013770740 0.013120570 0.026797780 0.034128550 0.026067180 0.034163440 0.035720280 0.026290230 0.033198380 0.026440950 0.037361570 0.022255900 0.024399040 0.035919780 0.024920940 0.019677480 0.023938670 0.039509950 0.042466540 0.035514110 0.027401990 0.027651670 0.030876050 0.027334570 0.019929700 
23     0.005518430 0.009290660 0.008080090 0.007129230 0.000324350 0.000125300 0.012529210 0.005812860 0.001289530 0.004796710 0.002877660 0.006270630 0.005250230 0.004849150 0.006711530 0.005245700 0.000298100 0.000000000 0.002106030 0.015317710 0.028159900 0.028492810 0.019991090 0.019749820 0.019740820 0.009996980 0.010123120 0.009472950 0.026685720 0.034016490 0.025955120 0.034051380 0.035608220 0.026178170 0.032344830 0.026328890 0.034078080 0.022143840 0.024286980 0.035807720 0.024808880 0.023907360 0.023826610 0.040909720 0.041610050 0.035585010 0.027289930 0.027539610 0.028899680 0.027222510 0.016282080 
7     0.005980960 0.009033180 0.016538560 0.007079540 0.013840470 0.001835030 0.017984750 0.022970540 0.001965460 0.006218100 0.005986430 0.013004040 0.018583480 0.017079960 0.017372180 0.018296170 0.005753650 0.002106030 0.000000000 0.000894280 0.044918780 0.045251690 0.022183850 0.021942580 0.021933580 0.005362620 0.005406220 0.004194430 0.038109590 0.041064650 0.036377150 0.036360560 0.040839540 0.043933020 0.043399940 0.043889100 0.034341870 0.023122790 0.021543560 0.033472970 0.033473550 0.007633780 0.032287810 0.036150720 0.041873840 0.022224020 0.042344270 0.037495540 0.029163470 0.013685320 0.016545870 
24     0.013954650 0.008469440 0.015974820 0.006515800 0.006220630 0.015046710 0.028390950 0.026103990 0.005050090 0.005388360 0.004196970 0.024951300 0.017314280 0.012460810 0.017707690 0.026138370 0.018965330 0.015317710 0.000894280 0.000000000 0.036155960 0.036488870 0.005972360 0.005731090 0.005722090 0.004846980 0.004890580 0.004712550 0.041636300 0.051199040 0.039267290 0.045901810 0.047776510 0.043360720 0.044069290 0.043511440 0.047553550 0.036334470 0.021027920 0.032957330 0.032957910 0.007118140 0.031772170 0.035635080 0.045970690 0.021708380 0.044472480 0.044722160 0.033821440 0.034273140 0.029757550 
25     0.039084000 0.031725020 0.030514450 0.029563590 0.030203990 0.026844910 0.031336020 0.029287300 0.029098720 0.028963050 0.028056120 0.030387770 0.029367370 0.030082160 0.030828670 0.029362840 0.028089000 0.028159900 0.044918780 0.036155960 0.000000000 0.000049250 0.005594200 0.001282850 0.002225810 0.010332150 0.011523180 0.010555350 0.014100860 0.021431630 0.013370260 0.021466520 0.023023360 0.013593310 0.020501460 0.012089350 0.020109310 0.009558980 0.011702120 0.023222860 0.012224020 0.011322500 0.011241750 0.016544320 0.024503170 0.022371950 0.014705070 0.014954750 0.013085400 0.014637650 0.018435680 
17     0.042308070 0.034773100 0.033738520 0.032787660 0.033428060 0.030068980 0.031668930 0.032511370 0.029431630 0.032187120 0.031280190 0.033611840 0.032591440 0.033306230 0.034052740 0.032586910 0.028421910 0.028492810 0.045251690 0.036488870 0.000049250 0.000000000 0.008818270 0.006120090 0.004405640 0.013556220 0.014747250 0.013779420 0.017324930 0.024655700 0.016594330 0.024690590 0.026247430 0.016817380 0.023725530 0.016968100 0.027888720 0.012783050 0.014926190 0.026446930 0.015448090 0.014546570 0.014465820 0.028502230 0.030405890 0.025378810 0.017929140 0.018178820 0.021403200 0.017861720 0.021659750 
13     0.041263200 0.033904220 0.032693650 0.031742790 0.004450050 0.029024110 0.038182850 0.031466500 0.018322490 0.003617780 0.002426390 0.032566970 0.015543700 0.010690230 0.015937110 0.024367790 0.030977120 0.019991090 0.022183850 0.005972360 0.005594200 0.008818270 0.000000000 0.000811030 0.000802030 0.012511350 0.005885900 0.012734550 0.016280060 0.023610830 0.015549460 0.023645720 0.025202560 0.015772510 0.022680660 0.015923230 0.026843850 0.011738180 0.013881320 0.025402060 0.014403220 0.013501700 0.013420950 0.030504060 0.031948820 0.031487500 0.016884270 0.017133950 0.020358330 0.016816850 0.020614880 
1     0.038565020 0.031206040 0.029995470 0.029044610 0.004208780 0.026325930 0.035484670 0.028768320 0.018081220 0.003376510 0.002185120 0.029868790 0.015302430 0.010448960 0.015695840 0.024126520 0.029658760 0.019749820 0.021942580 0.005731090 0.001282850 0.006120090 0.000811030 0.000000000 0.000109840 0.009813170 0.005644630 0.010036370 0.013581880 0.020912650 0.012851280 0.020947540 0.022504380 0.013074330 0.019982480 0.011696680 0.019716640 0.009040000 0.011183140 0.022703880 0.011705040 0.010803520 0.010722770 0.016151650 0.024110500 0.028789320 0.014186090 0.014435770 0.012692730 0.014118670 0.017916700 
3     0.037894810 0.030535830 0.029325260 0.028374400 0.004199780 0.025655720 0.034814460 0.028098110 0.018072220 0.003367510 0.002176120 0.029198580 0.015293430 0.010439960 0.015686840 0.024117520 0.028988550 0.019740820 0.021933580 0.005722090 0.002225810 0.004405640 0.000802030 0.000109840 0.000000000 0.009142960 0.005635630 0.009366160 0.012911670 0.020242440 0.012181070 0.020277330 0.021834170 0.012404120 0.019312270 0.012554840 0.023475460 0.008369790 0.010512930 0.022033670 0.011034830 0.010133310 0.010052560 0.027135670 0.028580430 0.028119110 0.013515880 0.013765560 0.016989940 0.013448460 0.017246490 
47     0.013871910 0.012985880 0.020491260 0.011032240 0.017793170 0.009725980 0.018433300 0.020790890 0.009566530 0.010170800 0.009939130 0.021891360 0.020870960 0.021585750 0.022332260 0.020866430 0.013644600 0.009996980 0.005362620 0.004846980 0.010332150 0.013556220 0.012511350 0.009813170 0.009142960 0.000000000 0.000360220 0.000182190 0.006952190 0.014282960 0.006221590 0.014317850 0.015874690 0.005599840 0.013352790 0.001747760 0.009767720 0.000408740 0.004553450 0.016074190 0.005075350 0.003483920 0.004093080 0.006202730 0.014161580 0.022152920 0.005613490 0.007806080 0.002743810 0.007488980 0.011287010 
35     0.013998050 0.013029480 0.020534860 0.011075840 0.006193110 0.009852120 0.026001840 0.021981920 0.009610130 0.005360840 0.004169450 0.023082390 0.017286760 0.012433290 0.017680170 0.022057460 0.013770740 0.010123120 0.005406220 0.004890580 0.011523180 0.014747250 0.005885900 0.005644630 0.005635630 0.000360220 0.000000000 0.000225790 0.008143220 0.015473990 0.007412620 0.015508880 0.017065720 0.007635670 0.014543820 0.007786390 0.018707010 0.003601340 0.005744480 0.017265220 0.006266380 0.003527520 0.005284110 0.022367220 0.023811980 0.023350660 0.008747430 0.008997110 0.012221490 0.008680010 0.012478040 
48     0.013347880 0.012851450 0.020356830 0.010897810 0.017658740 0.006801660 0.025351670 0.021014090 0.009332380 0.010036370 0.009804700 0.017198470 0.021094160 0.021808950 0.022346250 0.021089630 0.013120570 0.009472950 0.004194430 0.004712550 0.010555350 0.013779420 0.012734550 0.010036370 0.009366160 0.000182190 0.000225790 0.000000000 0.007175390 0.014506160 0.006444790 0.014541050 0.016097890 0.006667840 0.013575990 0.006818560 0.017739180 0.002633510 0.004776650 0.016297390 0.005298550 0.003349490 0.004316280 0.021399390 0.022844150 0.022382830 0.007779600 0.008029280 0.011253660 0.007712180 0.011510210 
46     0.035704040 0.028345060 0.027134490 0.026183630 0.026824030 0.023464950 0.032623690 0.025907340 0.037705230 0.025583090 0.024676160 0.027007810 0.025987410 0.026702200 0.027448710 0.025982880 0.026797780 0.026685720 0.038109590 0.041636300 0.014100860 0.017324930 0.016280060 0.013581880 0.012911670 0.006952190 0.008143220 0.007175390 0.000000000 0.002939630 0.001567540 0.005117350 0.009863750 0.008488490 0.015190510 0.008438770 0.000404290 0.004878480 0.006868580 0.018389320 0.007390480 0.006488960 0.006408210 0.015847180 0.011711830 0.008756270 0.009871530 0.010121210 0.008727340 0.009804110 0.014683880 
33     0.043034810 0.035675830 0.034465260 0.033514400 0.034154800 0.030795720 0.039954460 0.033238110 0.040660290 0.032913860 0.032006930 0.034338580 0.033318180 0.034032970 0.034779480 0.033313650 0.034128550 0.034016490 0.041064650 0.051199040 0.021431630 0.024655700 0.023610830 0.020912650 0.020242440 0.014282960 0.015473990 0.014506160 0.002939630 0.000000000 0.005278890 0.008417290 0.012896270 0.015819260 0.018145570 0.015969980 0.007129620 0.012209250 0.014199350 0.025720090 0.014721250 0.013819730 0.013738980 0.030822090 0.032266850 0.029863950 0.017202300 0.017451980 0.020676360 0.017134880 0.022014650 
41     0.034973440 0.027614460 0.026403890 0.025453030 0.026093430 0.022734350 0.031893090 0.025176740 0.035972790 0.024852490 0.023945560 0.026277210 0.025256810 0.025971600 0.026718110 0.025252280 0.026067180 0.025955120 0.036377150 0.039267290 0.013370260 0.016594330 0.015549460 0.012851280 0.012181070 0.006221590 0.007412620 0.006444790 0.001567540 0.005278890 0.000000000 0.003729790 0.008208770 0.007757890 0.005287610 0.005640280 0.000188670 0.004147880 0.006137980 0.017658720 0.006659880 0.005758360 0.005677610 0.016608360 0.018832410 0.023744160 0.009140930 0.009390610 0.012614990 0.009073510 0.013953280 
44     0.039971700 0.035710720 0.034500150 0.033549290 0.034189690 0.030830610 0.039989350 0.033273000 0.035956200 0.032948750 0.032041820 0.034373470 0.033353070 0.034067860 0.034814370 0.033348540 0.034163440 0.034051380 0.036360560 0.045901810 0.021466520 0.024690590 0.023645720 0.020947540 0.020277330 0.014317850 0.015508880 0.014541050 0.005117350 0.008417290 0.003729790 0.000000000 0.000487610 0.006802620 0.013441480 0.016004870 0.002425530 0.012244140 0.014234240 0.025754980 0.014756140 0.013854620 0.013773870 0.030856980 0.008801380 0.005845820 0.017237190 0.017486870 0.005816890 0.017169770 0.022049540 
40     0.044450680 0.037267560 0.036056990 0.035106130 0.035746530 0.032387450 0.041546190 0.034829840 0.040435180 0.034505590 0.033598660 0.035930310 0.034909910 0.035624700 0.036371210 0.034905380 0.035720280 0.035608220 0.040839540 0.047776510 0.023023360 0.026247430 0.025202560 0.022504380 0.021834170 0.015874690 0.017065720 0.016097890 0.009863750 0.012896270 0.008208770 0.000487610 0.000000000 0.010083030 0.017920460 0.017561710 0.006904510 0.013800980 0.015791080 0.027311820 0.016312980 0.015411460 0.015330710 0.032413820 0.013547780 0.010592220 0.018794030 0.019043710 0.010563290 0.018726610 0.023606380 
26     0.034363680 0.027837510 0.026626940 0.025676080 0.026316480 0.022957400 0.032116140 0.025399790 0.032446720 0.025075540 0.024168610 0.026500260 0.025479860 0.026194650 0.026941160 0.025475330 0.026290230 0.026178170 0.043933020 0.043360720 0.013593310 0.016817380 0.015772510 0.013074330 0.012404120 0.005599840 0.007635670 0.006667840 0.008488490 0.015819260 0.007757890 0.006802620 0.010083030 0.000000000 0.000038850 0.000423880 0.004943330 0.004370930 0.006361030 0.017881770 0.006882930 0.005981410 0.005900660 0.011277110 0.019235960 0.022520650 0.009363980 0.009613660 0.007818190 0.009296560 0.014176330 
27     0.042104640 0.034745660 0.033535090 0.032584230 0.033224630 0.029865550 0.038744250 0.032307940 0.024787050 0.031983690 0.031076760 0.033408410 0.032388010 0.033102800 0.033849310 0.032383480 0.033198380 0.032344830 0.043399940 0.044069290 0.020501460 0.023725530 0.022680660 0.019982480 0.019312270 0.013352790 0.014543820 0.013575990 0.015190510 0.018145570 0.005287610 0.013441480 0.017920460 0.000038850 0.000000000 0.000343530 0.008863740 0.011279080 0.013269180 0.024789920 0.013791080 0.012889560 0.012808810 0.021515980 0.025249350 0.022293790 0.016272130 0.016521810 0.018057060 0.016204710 0.021084480 
42     0.030511600 0.027988230 0.011429770 0.025826800 0.026467200 0.023108120 0.032266860 0.025550510 0.025276210 0.025226260 0.024319330 0.026650980 0.025630580 0.026345370 0.027091880 0.025626050 0.026440950 0.026328890 0.043889100 0.043511440 0.012089350 0.016968100 0.015923230 0.011696680 0.012554840 0.001747760 0.007786390 0.006818560 0.008438770 0.015969980 0.005640280 0.016004870 0.017561710 0.000423880 0.000343530 0.000000000 0.008036580 0.001669800 0.006511750 0.018032490 0.007033650 0.006132130 0.006051380 0.007425030 0.015383880 0.021981700 0.006835790 0.009764380 0.003966110 0.009447280 0.014327050 
32     0.037953010 0.038908850 0.037698280 0.036747420 0.037387820 0.033807080 0.043187480 0.036471130 0.033937510 0.036146880 0.035239950 0.037571600 0.036551200 0.037265990 0.038012500 0.036546670 0.037361570 0.034078080 0.034341870 0.047553550 0.020109310 0.027888720 0.026843850 0.019716640 0.023475460 0.009767720 0.018707010 0.017739180 0.000404290 0.007129620 0.000188670 0.002425530 0.006904510 0.004943330 0.008863740 0.008036580 0.000000000 0.009689760 0.017432370 0.028953110 0.017954270 0.014765650 0.016972000 0.015444990 0.023403840 0.030870500 0.014855750 0.013614580 0.011986070 0.020367900 0.025247670 
28     0.026733930 0.023803180 0.022592610 0.021641750 0.022282150 0.018923070 0.028081810 0.018759960 0.022718430 0.021041210 0.020134280 0.022465930 0.021445530 0.022160320 0.022906830 0.021441000 0.022255900 0.022143840 0.023122790 0.036334470 0.009558980 0.012783050 0.011738180 0.009040000 0.008369790 0.000408740 0.003601340 0.002633510 0.004878480 0.012209250 0.004147880 0.012244140 0.013800980 0.004370930 0.011279080 0.001669800 0.009689760 0.000000000 0.002479740 0.014000480 0.003001640 0.002100120 0.002019370 0.006124770 0.014083620 0.020085920 0.005482690 0.005732370 0.002665850 0.005415270 0.010142000 
38     0.033305300 0.025946320 0.024735750 0.023784890 0.024425290 0.021066210 0.030224950 0.023508600 0.025747470 0.023184350 0.022277420 0.024609070 0.023588670 0.024303460 0.025049970 0.023584140 0.024399040 0.024286980 0.021543560 0.021027920 0.011702120 0.014926190 0.013881320 0.011183140 0.010512930 0.004553450 0.005744480 0.004776650 0.006868580 0.014199350 0.006137980 0.014234240 0.015791080 0.006361030 0.013269180 0.006511750 0.017432370 0.002479740 0.000000000 0.005506230 0.001246700 0.001761810 0.003566110 0.021043520 0.022488280 0.022026960 0.007423730 0.007673410 0.010897790 0.007356310 0.012285140 
45     0.044826040 0.037467060 0.036256490 0.035305630 0.035946030 0.032586950 0.041745690 0.035029340 0.037676880 0.034705090 0.033798160 0.036129810 0.035109410 0.035824200 0.036570710 0.035104880 0.035919780 0.035807720 0.033472970 0.032957330 0.023222860 0.026446930 0.025402060 0.022703880 0.022033670 0.016074190 0.017265220 0.016297390 0.018389320 0.025720090 0.017658720 0.025754980 0.027311820 0.017881770 0.024789920 0.018032490 0.028953110 0.014000480 0.005506230 0.000000000 0.000046890 0.002686480 0.015086850 0.032564260 0.031495240 0.031795990 0.018944470 0.019194150 0.022418530 0.018877050 0.023805880 
34     0.033827200 0.026468220 0.025257650 0.024306790 0.024947190 0.021588110 0.030746850 0.024030500 0.037677460 0.023706250 0.022799320 0.025130970 0.024110570 0.024825360 0.025571870 0.024106040 0.024920940 0.024808880 0.033473550 0.032957910 0.012224020 0.015448090 0.014403220 0.011705040 0.011034830 0.005075350 0.006266380 0.005298550 0.007390480 0.014721250 0.006659880 0.014756140 0.016312980 0.006882930 0.013791080 0.007033650 0.017954270 0.003001640 0.001246700 0.000046890 0.000000000 0.003989080 0.004088010 0.021565420 0.023010180 0.022548860 0.007945630 0.008195310 0.011419690 0.007878210 0.012807040 
39     0.020742250 0.015257040 0.022762420 0.013303400 0.020064330 0.020686590 0.025571780 0.023128980 0.011837690 0.012441960 0.012210290 0.024229450 0.023209050 0.023923840 0.024670350 0.023204520 0.019677480 0.023907360 0.007633780 0.007118140 0.011322500 0.014546570 0.013501700 0.010803520 0.010133310 0.003483920 0.003527520 0.003349490 0.006488960 0.013819730 0.005758360 0.013854620 0.015411460 0.005981410 0.012889560 0.006132130 0.014765650 0.002100120 0.001761810 0.002686480 0.003989080 0.000000000 0.003186490 0.011200660 0.019159510 0.016271550 0.007044110 0.007293790 0.007741740 0.006976690 0.011905520 
37     0.032844930 0.025485950 0.024275380 0.023324520 0.023964920 0.020605840 0.029764580 0.023048230 0.036491720 0.022723980 0.021817050 0.024148700 0.023128300 0.023843090 0.024589600 0.023123770 0.023938670 0.023826610 0.032287810 0.031772170 0.011241750 0.014465820 0.013420950 0.010722770 0.010052560 0.004093080 0.005284110 0.004316280 0.006408210 0.013738980 0.005677610 0.013773870 0.015330710 0.005900660 0.012808810 0.006051380 0.016972000 0.002019370 0.003566110 0.015086850 0.004088010 0.003186490 0.000000000 0.008263590 0.017687230 0.021566590 0.006963360 0.007213040 0.010437420 0.006895940 0.011824770 
29     0.034966570 0.042569060 0.041358490 0.040407630 0.041048030 0.037688950 0.046847690 0.040131340 0.040354630 0.039807090 0.038900160 0.041231810 0.040211410 0.040926200 0.041672710 0.040206880 0.039509950 0.040909720 0.036150720 0.035635080 0.016544320 0.028502230 0.030504060 0.016151650 0.027135670 0.006202730 0.022367220 0.021399390 0.015847180 0.030822090 0.016608360 0.030856980 0.032413820 0.011277110 0.021515980 0.007425030 0.015444990 0.006124770 0.021043520 0.032564260 0.021565420 0.011200660 0.008263590 0.000000000 0.009551050 0.010682760 0.007020180 0.012456920 0.004150500 0.017439040 0.028907880 
31     0.042925420 0.044013820 0.042803250 0.041852390 0.042492790 0.039133710 0.048292450 0.041576100 0.039216780 0.041251850 0.040344920 0.042676570 0.041656170 0.042370960 0.043117470 0.041651640 0.042466540 0.041610050 0.041873840 0.045970690 0.024503170 0.030405890 0.031948820 0.024110500 0.028580430 0.014161580 0.023811980 0.022844150 0.011711830 0.032266850 0.018832410 0.008801380 0.013547780 0.019235960 0.025249350 0.015383880 0.023403840 0.014083620 0.022488280 0.031495240 0.023010180 0.019159510 0.017687230 0.009551050 0.000000000 0.000023680 0.014979030 0.014584700 0.002989510 0.017500570 0.030352640 
43     0.035332490 0.029847280 0.037352660 0.027893640 0.034654570 0.038672390 0.038761130 0.039616730 0.026427930 0.027032200 0.026800530 0.042215250 0.041194850 0.039049860 0.039342080 0.041190320 0.035514110 0.035585010 0.022224020 0.021708380 0.022371950 0.025378810 0.031487500 0.028789320 0.028119110 0.022152920 0.023350660 0.022382830 0.008756270 0.029863950 0.023744160 0.005845820 0.010592220 0.022520650 0.022293790 0.021981700 0.030870500 0.020085920 0.022026960 0.031795990 0.022548860 0.016271550 0.021566590 0.010682760 0.000023680 0.000000000 0.019681450 0.014885450 0.000033950 0.016646710 0.029891320 
30     0.034377330 0.028949270 0.027738700 0.026787840 0.027428240 0.024069160 0.033227900 0.026511550 0.036045580 0.026187300 0.025280370 0.027612020 0.026591620 0.027306410 0.028052920 0.026587090 0.027401990 0.027289930 0.042344270 0.044472480 0.014705070 0.017929140 0.016884270 0.014186090 0.013515880 0.005613490 0.008747430 0.007779600 0.009871530 0.017202300 0.009140930 0.017237190 0.018794030 0.009363980 0.016272130 0.006835790 0.014855750 0.005482690 0.007423730 0.018944470 0.007945630 0.007044110 0.006963360 0.007020180 0.014979030 0.019681450 0.000000000 0.003736510 0.003561260 0.004449100 0.015288090 
50     0.036557930 0.029198950 0.027988380 0.027037520 0.027677920 0.024318840 0.033477580 0.026761230 0.040817750 0.026436980 0.025530050 0.027861700 0.026841300 0.027556090 0.028302600 0.026836770 0.027651670 0.027539610 0.037495540 0.044722160 0.014954750 0.018178820 0.017133950 0.014435770 0.013765560 0.007806080 0.008997110 0.008029280 0.010121210 0.017451980 0.009390610 0.017486870 0.019043710 0.009613660 0.016521810 0.009764380 0.013614580 0.005732370 0.007673410 0.019194150 0.008195310 0.007293790 0.007213040 0.012456920 0.014584700 0.014885450 0.003736510 0.000000000 0.007590320 0.004048840 0.015537770 
49     0.031507650 0.032423330 0.031212760 0.030261900 0.030902300 0.027543220 0.036701960 0.029985610 0.028759110 0.029661360 0.028754430 0.031086080 0.030065680 0.030780470 0.031526980 0.030061150 0.030876050 0.028899680 0.029163470 0.033821440 0.013085400 0.021403200 0.020358330 0.012692730 0.016989940 0.002743810 0.012221490 0.011253660 0.008727340 0.020676360 0.012614990 0.005816890 0.010563290 0.007818190 0.018057060 0.003966110 0.011986070 0.002665850 0.010897790 0.022418530 0.011419690 0.007741740 0.010437420 0.004150500 0.002989510 0.000033950 0.003561260 0.007590320 0.000000000 0.001819680 0.018762150 
36     0.034559170 0.028881850 0.027671280 0.026720420 0.027360820 0.024001740 0.033160480 0.026444130 0.030543670 0.026119880 0.025212950 0.027544600 0.026524200 0.027238990 0.027985500 0.026519670 0.027334570 0.027222510 0.013685320 0.034273140 0.014637650 0.017861720 0.016816850 0.014118670 0.013448460 0.007488980 0.008680010 0.007712180 0.009804110 0.017134880 0.009073510 0.017169770 0.018726610 0.009296560 0.016204710 0.009447280 0.020367900 0.005415270 0.007356310 0.018877050 0.007878210 0.006976690 0.006895940 0.017439040 0.017500570 0.016646710 0.004449100 0.004048840 0.001819680 0.000000000 0.015220670 
0     0.020157010 0.032679880 0.031469310 0.030518450 0.031158850 0.016011080 0.032160800 0.030242160 0.016141510 0.020880610 0.029010980 0.031342630 0.030322230 0.031037020 0.031783530 0.030317700 0.019929700 0.016282080 0.016545870 0.029757550 0.018435680 0.021659750 0.020614880 0.017916700 0.017246490 0.011287010 0.012478040 0.011510210 0.014683880 0.022014650 0.013953280 0.022049540 0.023606380 0.014176330 0.021084480 0.014327050 0.025247670 0.010142000 0.012285140 0.023805880 0.012807040 0.011905520 0.011824770 0.028907880 0.030352640 0.029891320 0.015288090 0.015537770 0.018762150 0.015220670 0.000000000 
