51
8     0.000000000 0.072019239 0.244129130 0.250647857 0.236093366 0.225946043 0.219515870 0.211995502 0.205576924 0.203476768 0.201339550 0.194975799 0.182163657 0.182139118 0.181851192 0.191368825 0.171829612 0.223135751 0.202618304 0.211032875 0.222015373 0.222597585 0.240292276 0.250094036 0.212344668 0.210105903 0.227320896 0.207725064 0.167574144 0.195380667 0.169595475 0.198436215 0.196641847 0.218249683 0.217382947 0.219205230 0.191208454 0.165369616 0.164427505 0.198707807 0.197953618 0.220370314 0.197624258 0.219655906 0.217310797 0.222077111 0.232791464 0.223908736 0.226997207 0.219841082 0.442212077 
37     0.072019239 0.000000000 0.236840541 0.243359269 0.228804778 0.218657455 0.212227282 0.204706914 0.198288336 0.196188179 0.194050962 0.187687211 0.174875068 0.174850529 0.174562604 0.184080236 0.164541023 0.215847162 0.195329716 0.203744286 0.214726785 0.215308996 0.233003687 0.242805448 0.205056079 0.202817315 0.220032308 0.200436476 0.160285556 0.188092079 0.162306886 0.191147627 0.189353258 0.210961095 0.210094359 0.211916641 0.183919866 0.158081028 0.157138917 0.191419218 0.190665029 0.213081725 0.190335670 0.212367317 0.210022209 0.214788523 0.225502875 0.216620148 0.219708619 0.212552494 0.434923488 
14     0.244129130 0.236840541 0.000000000 0.056541340 0.206565741 0.196422880 0.190084764 0.182602370 0.176372936 0.174290554 0.172156616 0.165850956 0.161538337 0.161451160 0.161165823 0.170697536 0.151068925 0.202458898 0.182864555 0.191337748 0.202094599 0.202712230 0.221680449 0.231863636 0.215748548 0.213302493 0.230517486 0.210951602 0.171189195 0.199008844 0.173210455 0.239221722 0.237427353 0.258984510 0.258117774 0.259940057 0.231828702 0.206076241 0.205180503 0.239182661 0.238430377 0.263249169 0.240578808 0.262538805 0.260193696 0.264958627 0.275674642 0.266791914 0.269880385 0.262724260 0.484985264 
6     0.250647857 0.243359269 0.056541340 0.000000000 0.213275419 0.203132557 0.196794441 0.189312047 0.182973516 0.180891134 0.178757196 0.172451536 0.168015093 0.167927916 0.167642579 0.177174292 0.157536018 0.208924724 0.189306965 0.197780158 0.208539792 0.209154640 0.228114189 0.238297375 0.222304947 0.219858891 0.237073884 0.217508000 0.177702749 0.205522397 0.179724008 0.245745597 0.243951228 0.265508386 0.264641650 0.266463932 0.238352577 0.212600116 0.211704378 0.245706536 0.244954252 0.269764298 0.247093937 0.269057614 0.266712506 0.271477437 0.282193451 0.273310724 0.276399195 0.269243070 0.491502664 
17     0.236093366 0.228804778 0.206565741 0.213275419 0.000000000 0.055055193 0.080455998 0.072350343 0.162423396 0.160323958 0.158199653 0.152034431 0.154423176 0.154363852 0.154081809 0.163513294 0.143863462 0.194544601 0.175782831 0.184247817 0.194981823 0.195610133 0.213122585 0.222999542 0.207802604 0.205351579 0.222566572 0.203000688 0.163314896 0.191134544 0.165336155 0.231135850 0.229341481 0.250898638 0.250031902 0.251854185 0.223742830 0.197990369 0.197094631 0.231096789 0.230344505 0.255165577 0.232495246 0.254447812 0.252102703 0.256867634 0.267583648 0.258700921 0.261789392 0.254633267 0.476935897 
40     0.225946043 0.218657455 0.196422880 0.203132557 0.055055193 0.000000000 0.069081384 0.061871131 0.152305764 0.150206326 0.148082021 0.141916799 0.144170430 0.144111106 0.143829063 0.153260548 0.133646677 0.184342919 0.165537744 0.174002730 0.184736735 0.185365046 0.202922521 0.212799478 0.197689351 0.195238326 0.212453319 0.192887435 0.153204543 0.181024191 0.155225802 0.220988527 0.219194158 0.240751315 0.239884579 0.241706862 0.213595507 0.187843046 0.186947308 0.220949466 0.220197182 0.245018254 0.222347924 0.244300489 0.241955380 0.246720311 0.257436325 0.248553598 0.251642069 0.244485944 0.466788574 
26     0.219515870 0.212227282 0.190084764 0.196794441 0.080455998 0.069081384 0.000000000 0.052356806 0.145928585 0.143829147 0.141704842 0.135539620 0.137885054 0.137825729 0.137543686 0.146975172 0.127325339 0.178021581 0.159282827 0.167747813 0.178486016 0.179114326 0.196477319 0.206354276 0.191434622 0.188983597 0.206198590 0.186632706 0.146934176 0.174753825 0.148955436 0.214652390 0.212858021 0.234415178 0.233548442 0.235370725 0.207259369 0.181506909 0.180611171 0.214613329 0.213861045 0.238649973 0.215979643 0.237938706 0.235593598 0.240358529 0.251074543 0.242191816 0.245280287 0.238124162 0.460385692 
29     0.211995502 0.204706914 0.182602370 0.189312047 0.072350343 0.061871131 0.052356806 0.000000000 0.138419017 0.136319578 0.134195273 0.128030051 0.130239721 0.130180397 0.129898354 0.139329839 0.119675154 0.170356293 0.151617614 0.160082600 0.170820803 0.171449114 0.189062236 0.198939193 0.183715155 0.181264129 0.198479122 0.178913239 0.139229100 0.167048748 0.141250359 0.207037985 0.205243617 0.226800774 0.225934038 0.227756321 0.199644965 0.173892505 0.172996767 0.206998925 0.206246641 0.231067713 0.208397382 0.230349947 0.228004839 0.232769770 0.243485784 0.234603056 0.237691528 0.230535403 0.452838033 
41     0.205576924 0.198288336 0.176372936 0.182973516 0.162423396 0.152305764 0.145928585 0.138419017 0.000000000 0.044479699 0.043148500 0.062622033 0.124053312 0.123964065 0.123712976 0.133113626 0.113783637 0.164378893 0.145002118 0.153475294 0.164196635 0.164818120 0.182443207 0.192592182 0.176772242 0.174328091 0.191543084 0.171977201 0.132471327 0.160290975 0.134492586 0.200530610 0.198736242 0.220293399 0.219426663 0.221248945 0.193124644 0.167375414 0.166479676 0.200481834 0.199729550 0.224607873 0.201937542 0.223676556 0.221331447 0.226096378 0.236812393 0.227929665 0.231018136 0.223862011 0.446235405 
22     0.203476768 0.196188179 0.174290554 0.180891134 0.160323958 0.150206326 0.143829147 0.136319578 0.044479699 0.000000000 0.035823932 0.060427118 0.121953156 0.121863909 0.121612819 0.131042326 0.111712337 0.162307593 0.142930818 0.151403994 0.162125335 0.162746820 0.180370257 0.190519233 0.174672085 0.172227935 0.189442928 0.169877044 0.130371171 0.158190819 0.132392430 0.198430454 0.196636085 0.218193242 0.217326506 0.219148789 0.191024487 0.165275258 0.164379520 0.198381678 0.197629393 0.222507716 0.199837386 0.221576399 0.219231291 0.223996221 0.234712236 0.225829508 0.228917979 0.221761855 0.444135248 
35     0.201339550 0.194050962 0.172156616 0.178757196 0.158199653 0.148082021 0.141704842 0.134195273 0.043148500 0.035823932 0.000000000 0.058242666 0.119814642 0.119725395 0.119474305 0.128903812 0.109573823 0.160169079 0.140792304 0.149265480 0.159986821 0.160608306 0.178236386 0.188385361 0.172534868 0.170090718 0.187305711 0.167739827 0.128233953 0.156053602 0.130255213 0.196293236 0.194498868 0.216056025 0.215189289 0.217011572 0.188887270 0.163138040 0.162242302 0.196244460 0.195492176 0.220370499 0.197700168 0.219439182 0.217094073 0.221859004 0.232575019 0.223692291 0.226780762 0.219624637 0.441998031 
38     0.194975799 0.187687211 0.165850956 0.172451536 0.152034431 0.141916799 0.135539620 0.128030051 0.062622033 0.060427118 0.058242666 0.000000000 0.113563423 0.113474176 0.113223086 0.122623736 0.103291772 0.153916968 0.134450616 0.142923792 0.153645133 0.154266618 0.171734275 0.181883250 0.166181105 0.163736955 0.180951948 0.161386064 0.121880191 0.149699839 0.123901450 0.189929485 0.188135117 0.209692274 0.208825538 0.210647820 0.182523519 0.156774289 0.155878551 0.189880709 0.189128425 0.214006748 0.191336417 0.213075431 0.210730322 0.215495253 0.226211268 0.217328540 0.220417011 0.213260886 0.435634280 
2     0.182163657 0.174875068 0.161538337 0.168015093 0.154423176 0.144170430 0.137885054 0.130239721 0.124053312 0.121953156 0.119814642 0.113563423 0.000000000 0.018029602 0.017950597 0.038677951 0.044686679 0.100295317 0.099161991 0.107421245 0.118323275 0.118834815 0.158372642 0.167998512 0.153033797 0.150608658 0.167823652 0.148204310 0.108409262 0.136228910 0.110430521 0.177291233 0.175496864 0.197054021 0.196187286 0.198009568 0.169914776 0.144162315 0.143253463 0.177268735 0.176516451 0.201158190 0.178473420 0.200489852 0.198144743 0.202909674 0.213625689 0.204742961 0.207831432 0.200675307 0.422954108 
32     0.182139118 0.174850529 0.161451160 0.167927916 0.154363852 0.144111106 0.137825729 0.130180397 0.123964065 0.121863909 0.119725395 0.113474176 0.018029602 0.000000000 0.017762623 0.038454715 0.044999172 0.100543456 0.099035845 0.107295099 0.118197129 0.118654760 0.158530238 0.168156108 0.152999808 0.150584119 0.167799113 0.148179771 0.108384723 0.136204371 0.110405982 0.177266694 0.175472325 0.197029482 0.196162747 0.197985029 0.169890237 0.144137776 0.143228924 0.177244196 0.176491912 0.201133651 0.178448881 0.200465313 0.198120204 0.202885135 0.213601150 0.204718422 0.207806893 0.200650768 0.422929569 
43     0.181851192 0.174562604 0.161165823 0.167642579 0.154081809 0.143829063 0.137543686 0.129898354 0.123712976 0.121612819 0.119474305 0.113223086 0.017950597 0.017762623 0.000000000 0.038677736 0.044341823 0.100427954 0.098738570 0.106997824 0.117899855 0.118411395 0.158275509 0.167901379 0.152721333 0.150296194 0.167511187 0.147891846 0.108096797 0.135916445 0.110118056 0.176978768 0.175184400 0.196741557 0.195874821 0.197697104 0.169602311 0.143849851 0.142940999 0.176956271 0.176203986 0.200845726 0.178160956 0.200177387 0.197832279 0.202597209 0.213313224 0.204430496 0.207518967 0.200362843 0.422641644 
5     0.191368825 0.184080236 0.170697536 0.177174292 0.163513294 0.153260548 0.146975172 0.139329839 0.133113626 0.131042326 0.128903812 0.122623736 0.038677951 0.038454715 0.038677736 0.000000000 0.053823440 0.109611218 0.108064758 0.116324011 0.127226042 0.127683673 0.167760562 0.177386432 0.162253265 0.159841298 0.177056291 0.157436950 0.117628729 0.145448377 0.119649988 0.186496401 0.184702032 0.206259189 0.205392453 0.207214736 0.179119944 0.153367483 0.152458631 0.186473903 0.185721619 0.210363358 0.187678588 0.209695020 0.207349911 0.212114842 0.222830857 0.213948129 0.217036600 0.209880475 0.432159276 
23     0.171829612 0.164541023 0.151068925 0.157536018 0.143863462 0.133646677 0.127325339 0.119675154 0.113783637 0.111712337 0.109573823 0.103291772 0.044686679 0.044999172 0.044341823 0.053823440 0.000000000 0.089735357 0.088881955 0.097070869 0.107984201 0.108436990 0.148295559 0.157921429 0.142733519 0.140321592 0.157536585 0.137917243 0.098109344 0.125928992 0.100130603 0.166957188 0.165162819 0.186719976 0.185853240 0.187675523 0.159580731 0.133828270 0.132919418 0.166934690 0.166182406 0.190823876 0.168139106 0.190155807 0.187810698 0.192575629 0.203291644 0.194408916 0.197497387 0.190341262 0.412620063 
25     0.223135751 0.215847162 0.202458898 0.208924724 0.194544601 0.184342919 0.178021581 0.170356293 0.164378893 0.162307593 0.160169079 0.153916968 0.100295317 0.100543456 0.100427954 0.109611218 0.089735357 0.000000000 0.139801978 0.148045560 0.158948631 0.159412444 0.198914654 0.208543942 0.194099309 0.191655217 0.208870210 0.189250868 0.149477675 0.177297323 0.151498934 0.218126824 0.216332455 0.237889612 0.237022877 0.238845159 0.210750367 0.184997906 0.184089054 0.218104326 0.217352042 0.242112585 0.219427815 0.241445558 0.239100450 0.243865381 0.254581395 0.245698668 0.248787139 0.241631014 0.463926202 
20     0.202618304 0.195329716 0.182864555 0.189306965 0.175782831 0.165537744 0.159282827 0.151617614 0.145002118 0.142930818 0.140792304 0.134450616 0.099161991 0.099035845 0.098738570 0.108064758 0.088881955 0.139801978 0.000000000 0.033740169 0.076394052 0.076510953 0.179345500 0.189500018 0.173644813 0.171300647 0.188515640 0.168887886 0.129247862 0.157067510 0.131269121 0.197639637 0.195845269 0.217402426 0.216535690 0.218357973 0.190299036 0.164546575 0.163637724 0.197652995 0.196900711 0.221643716 0.198958946 0.220997849 0.218652740 0.223417671 0.234133686 0.225250958 0.228339429 0.221183304 0.443471735 
10     0.211032875 0.203744286 0.191337748 0.197780158 0.184247817 0.174002730 0.167747813 0.160082600 0.153475294 0.151403994 0.149265480 0.142923792 0.107421245 0.107295099 0.106997824 0.116324011 0.097070869 0.148045560 0.033740169 0.000000000 0.085408604 0.085766965 0.187712399 0.197866917 0.182051482 0.179707316 0.196922309 0.177294555 0.137644902 0.165464550 0.139666161 0.206054208 0.204259839 0.225816996 0.224950260 0.226772543 0.198713606 0.172961146 0.172052294 0.206067566 0.205315281 0.230058287 0.207373517 0.229412419 0.227067311 0.231832241 0.242548256 0.233665528 0.236753999 0.229597875 0.451886305 
36     0.222015373 0.214726785 0.202094599 0.208539792 0.194981823 0.184736735 0.178486016 0.170820803 0.164196635 0.162125335 0.159986821 0.153645133 0.118323275 0.118197129 0.117899855 0.127226042 0.107984201 0.158948631 0.076394052 0.085408604 0.000000000 0.030730544 0.198645977 0.208800496 0.193011713 0.190667547 0.207882540 0.188254786 0.148612435 0.176432083 0.150633694 0.217036706 0.215242338 0.236799495 0.235932759 0.237755041 0.209696105 0.183943644 0.183034792 0.217050064 0.216297780 0.241040785 0.218356015 0.240394918 0.238049809 0.242814740 0.253530754 0.244648027 0.247736498 0.240580373 0.462868804 
21     0.222597585 0.215308996 0.202712230 0.209154640 0.195610133 0.185365046 0.179114326 0.171449114 0.164818120 0.162746820 0.160608306 0.154266618 0.118834815 0.118654760 0.118411395 0.127683673 0.108436990 0.159412444 0.076510953 0.085766965 0.030730544 0.000000000 0.199261823 0.209416342 0.193578020 0.191233853 0.208448846 0.188821092 0.149178741 0.176998389 0.151200000 0.217618918 0.215824549 0.237381706 0.236514970 0.238337253 0.210278316 0.184525856 0.183617004 0.217632276 0.216879991 0.241622996 0.218938226 0.240977129 0.238632020 0.243396951 0.254112966 0.245230238 0.248318709 0.241162584 0.463451015 
16     0.240292276 0.233003687 0.221680449 0.228114189 0.213122585 0.202922521 0.196477319 0.189062236 0.182443207 0.180370257 0.178236386 0.171734275 0.158372642 0.158530238 0.158275509 0.167760562 0.148295559 0.198914654 0.179345500 0.187712399 0.198645977 0.199261823 0.000000000 0.049772382 0.211950383 0.209576370 0.226791363 0.207172052 0.167071251 0.194888242 0.169089852 0.235590060 0.233795692 0.255352849 0.254486113 0.256308396 0.228196908 0.202444448 0.201535596 0.235550868 0.234798583 0.259433608 0.236763277 0.258580245 0.256235137 0.261000068 0.271716082 0.262833354 0.265921826 0.258765701 0.481103324 
39     0.250094036 0.242805448 0.231863636 0.238297375 0.222999542 0.212799478 0.206354276 0.198939193 0.192592182 0.190519233 0.188385361 0.181883250 0.167998512 0.168156108 0.167901379 0.177386432 0.157921429 0.208543942 0.189500018 0.197866917 0.208800496 0.209416342 0.049772382 0.000000000 0.221637524 0.219263511 0.236478504 0.216859193 0.176755127 0.204572118 0.178773728 0.245421652 0.243627283 0.265184440 0.264317705 0.266139987 0.238028500 0.212276039 0.211367187 0.245382459 0.244630175 0.269225722 0.246555391 0.268372359 0.266027251 0.270792182 0.281508196 0.272625468 0.275713940 0.268557815 0.490887344 
18     0.212344668 0.205056079 0.215748548 0.222304947 0.207802604 0.197689351 0.191434622 0.183715155 0.176772242 0.174672085 0.172534868 0.166181105 0.153033797 0.152999808 0.152721333 0.162253265 0.142733519 0.194099309 0.173644813 0.182051482 0.193011713 0.193578020 0.211950383 0.221637524 0.000000000 0.149752640 0.166965507 0.147965373 0.116492995 0.144286402 0.118516475 0.207471611 0.205677242 0.227234399 0.226367663 0.228189946 0.200122778 0.174358574 0.173464696 0.207460512 0.206708228 0.231303796 0.208615245 0.230355518 0.228010410 0.232775340 0.243482865 0.234600137 0.237688608 0.230532484 0.453037325 
1     0.210105903 0.202817315 0.213302493 0.219858891 0.205351579 0.195238326 0.188983597 0.181264129 0.174328091 0.172227935 0.170090718 0.163736955 0.150608658 0.150584119 0.150296194 0.159841298 0.140321592 0.191655217 0.171300647 0.179707316 0.190667547 0.191233853 0.209576370 0.219263511 0.149752640 0.000000000 0.067138919 0.098808235 0.114209195 0.142008377 0.116249743 0.205224914 0.203430546 0.224987703 0.224120967 0.225943249 0.197876381 0.172112177 0.171218300 0.205214116 0.204461831 0.229136654 0.206448103 0.228248911 0.225903803 0.230668733 0.241376258 0.232493530 0.235582001 0.228425877 0.450866445 
19     0.227320896 0.220032308 0.230517486 0.237073884 0.222566572 0.212453319 0.206198590 0.198479122 0.191543084 0.189442928 0.187305711 0.180951948 0.167823652 0.167799113 0.167511187 0.177056291 0.157536585 0.208870210 0.188515640 0.196922309 0.207882540 0.208448846 0.226791363 0.236478504 0.166965507 0.067138919 0.000000000 0.116471844 0.131378471 0.159177652 0.133419018 0.222439907 0.220645539 0.242202696 0.241335960 0.243158242 0.215091374 0.189327170 0.188433293 0.222429109 0.221676825 0.246351647 0.223663096 0.245463904 0.243118796 0.247883727 0.258591251 0.249708524 0.252796995 0.245640870 0.468081438 
33     0.207725064 0.200436476 0.210951602 0.217508000 0.203000688 0.192887435 0.186632706 0.178913239 0.171977201 0.169877044 0.167739827 0.161386064 0.148204310 0.148179771 0.147891846 0.157436950 0.137917243 0.189250868 0.168887886 0.177294555 0.188254786 0.188821092 0.207172052 0.216859193 0.147965373 0.098808235 0.116471844 0.000000000 0.111894753 0.139693935 0.113930120 0.202844075 0.201049707 0.222606864 0.221740128 0.223562410 0.195495542 0.169731338 0.168837461 0.202833277 0.202080993 0.226755815 0.204067264 0.225868072 0.223522964 0.228287895 0.238995419 0.230112692 0.233201163 0.226045038 0.448485606 
27     0.167574144 0.160285556 0.171189195 0.177702749 0.163314896 0.153204543 0.146934176 0.139229100 0.132471327 0.130371171 0.128233953 0.121880191 0.108409262 0.108384723 0.108096797 0.117628729 0.098109344 0.149477675 0.129247862 0.137644902 0.148612435 0.149178741 0.167071251 0.176755127 0.116492995 0.114209195 0.131378471 0.111894753 0.000000000 0.055177083 0.029641948 0.162804212 0.161009844 0.182567001 0.181700265 0.183522547 0.155472770 0.129708566 0.128814689 0.162810505 0.162058221 0.186516628 0.163828077 0.185612068 0.183266959 0.188031890 0.198739415 0.189856687 0.192945158 0.185789033 0.408212071 
12     0.195380667 0.188092079 0.199008844 0.205522397 0.191134544 0.181024191 0.174753825 0.167048748 0.160290975 0.158190819 0.156053602 0.149699839 0.136228910 0.136204371 0.135916445 0.145448377 0.125928992 0.177297323 0.157067510 0.165464550 0.176432083 0.176998389 0.194888242 0.204572118 0.144286402 0.142008377 0.159177652 0.139693935 0.055177083 0.000000000 0.055176647 0.190610736 0.188816367 0.210373524 0.209506788 0.211329071 0.183279294 0.157515089 0.156621212 0.190617028 0.189864744 0.214323152 0.191634600 0.213418591 0.211073483 0.215838413 0.226545938 0.217663210 0.220751681 0.213595557 0.436018594 
3     0.169595475 0.162306886 0.173210455 0.179724008 0.165336155 0.155225802 0.148955436 0.141250359 0.134492586 0.132392430 0.130255213 0.123901450 0.110430521 0.110405982 0.110118056 0.119649988 0.100130603 0.151498934 0.131269121 0.139666161 0.150633694 0.151200000 0.169089852 0.178773728 0.118516475 0.116249743 0.133419018 0.113930120 0.029641948 0.055176647 0.000000000 0.164825543 0.163031174 0.184588331 0.183721596 0.185543878 0.157494101 0.131729897 0.130836019 0.164831836 0.164079552 0.188537959 0.165849408 0.187633398 0.185288290 0.190053221 0.200760745 0.191878018 0.194966489 0.187810364 0.410233402 
28     0.198436215 0.191147627 0.239221722 0.245745597 0.231135850 0.220988527 0.214652390 0.207037985 0.200530610 0.198430454 0.196293236 0.189929485 0.177291233 0.177266694 0.176978768 0.186496401 0.166957188 0.218126824 0.197639637 0.206054208 0.217036706 0.217618918 0.235590060 0.245421652 0.207471611 0.205224914 0.222439907 0.202844075 0.162804212 0.190610736 0.164825543 0.000000000 0.038834752 0.121564535 0.120732675 0.122218267 0.144170007 0.118515538 0.117417999 0.151644218 0.150803736 0.217043029 0.194322339 0.216223442 0.213878333 0.218644648 0.229348904 0.220466177 0.223554648 0.216398523 0.438913696 
11     0.196641847 0.189353258 0.237427353 0.243951228 0.229341481 0.219194158 0.212858021 0.205243617 0.198736242 0.196636085 0.194498868 0.188135117 0.175496864 0.175472325 0.175184400 0.184702032 0.165162819 0.216332455 0.195845269 0.204259839 0.215242338 0.215824549 0.233795692 0.243627283 0.205677242 0.203430546 0.220645539 0.201049707 0.161009844 0.188816367 0.163031174 0.038834752 0.000000000 0.119715490 0.118877084 0.120424036 0.142376572 0.116722103 0.115624563 0.149851269 0.149010787 0.215248661 0.192527970 0.214429073 0.212083965 0.216850279 0.227554536 0.218671808 0.221760279 0.214604154 0.437119328 
30     0.218249683 0.210961095 0.258984510 0.265508386 0.250898638 0.240751315 0.234415178 0.226800774 0.220293399 0.218193242 0.216056025 0.209692274 0.197054021 0.197029482 0.196741557 0.206259189 0.186719976 0.237889612 0.217402426 0.225816996 0.236799495 0.237381706 0.255352849 0.265184440 0.227234399 0.224987703 0.242202696 0.222606864 0.182567001 0.210373524 0.184588331 0.121564535 0.119715490 0.000000000 0.061133778 0.062112699 0.163846680 0.138144071 0.137023174 0.171304916 0.170464434 0.236823951 0.214103260 0.236013971 0.233668862 0.238435176 0.249139433 0.240256705 0.243345176 0.236189052 0.458701840 
34     0.217382947 0.210094359 0.258117774 0.264641650 0.250031902 0.239884579 0.233548442 0.225934038 0.219426663 0.217326506 0.215189289 0.208825538 0.196187286 0.196162747 0.195874821 0.205392453 0.185853240 0.237022877 0.216535690 0.224950260 0.235932759 0.236514970 0.254486113 0.264317705 0.226367663 0.224120967 0.241335960 0.221740128 0.181700265 0.209506788 0.183721596 0.120732675 0.118877084 0.061133778 0.000000000 0.057477872 0.162979744 0.137277335 0.136156238 0.170437980 0.169597498 0.235957215 0.213236524 0.235147235 0.232802126 0.237568440 0.248272697 0.239389969 0.242478441 0.235322316 0.457835104 
7     0.219205230 0.211916641 0.259940057 0.266463932 0.251854185 0.241706862 0.235370725 0.227756321 0.221248945 0.219148789 0.217011572 0.210647820 0.198009568 0.197985029 0.197697104 0.207214736 0.187675523 0.238845159 0.218357973 0.226772543 0.237755041 0.238337253 0.256308396 0.266139987 0.228189946 0.225943249 0.243158242 0.223562410 0.183522547 0.211329071 0.185543878 0.122218267 0.120424036 0.062112699 0.057477872 0.000000000 0.164791873 0.139089464 0.137968367 0.172256574 0.171416092 0.237779498 0.215058807 0.236969517 0.234624409 0.239390723 0.250094980 0.241212252 0.244300723 0.237144598 0.459657387 
15     0.191208454 0.183919866 0.231828702 0.238352577 0.223742830 0.213595507 0.207259369 0.199644965 0.193124644 0.191024487 0.188887270 0.182523519 0.169914776 0.169890237 0.169602311 0.179119944 0.159580731 0.210750367 0.190299036 0.198713606 0.209696105 0.210278316 0.228196908 0.238028500 0.200122778 0.197876381 0.215091374 0.195495542 0.155472770 0.183279294 0.157494101 0.144170007 0.142376572 0.163846680 0.162979744 0.164791873 0.000000000 0.086648975 0.091082378 0.132972089 0.132316672 0.209770031 0.187049340 0.208980391 0.206635282 0.211401596 0.222097606 0.213214878 0.216303349 0.209147224 0.431628177 
31     0.165369616 0.158081028 0.206076241 0.212600116 0.197990369 0.187843046 0.181506909 0.173892505 0.167375414 0.165275258 0.163138040 0.156774289 0.144162315 0.144137776 0.143849851 0.153367483 0.133828270 0.184997906 0.164546575 0.172961146 0.183943644 0.184525856 0.202444448 0.212276039 0.174358574 0.172112177 0.189327170 0.169731338 0.129708566 0.157515089 0.131729897 0.118515538 0.116722103 0.138144071 0.137277335 0.139089464 0.086648975 0.000000000 0.065121190 0.107540866 0.106835286 0.184020315 0.161299624 0.183228422 0.180883313 0.185649627 0.196345637 0.187462909 0.190551380 0.183395255 0.405806820 
4     0.164427505 0.157138917 0.205180503 0.211704378 0.197094631 0.186947308 0.180611171 0.172996767 0.166479676 0.164379520 0.162242302 0.155878551 0.143253463 0.143228924 0.142940999 0.152458631 0.132919418 0.184089054 0.163637724 0.172052294 0.183034792 0.183617004 0.201535596 0.211367187 0.173464696 0.171218300 0.188433293 0.168837461 0.128814689 0.156621212 0.130836019 0.117417999 0.115624563 0.137023174 0.136156238 0.137968367 0.091082378 0.065121190 0.000000000 0.106820054 0.106251860 0.183064274 0.160343583 0.182277116 0.179932007 0.184698322 0.195394331 0.186511603 0.189600074 0.182443950 0.404864019 
24     0.198707807 0.191419218 0.239182661 0.245706536 0.231096789 0.220949466 0.214613329 0.206998925 0.200481834 0.198381678 0.196244460 0.189880709 0.177268735 0.177244196 0.176956271 0.186473903 0.166934690 0.218104326 0.197652995 0.206067566 0.217050064 0.217632276 0.235550868 0.245382459 0.207460512 0.205214116 0.222429109 0.202833277 0.162810505 0.190617028 0.164831836 0.151644218 0.149851269 0.171304916 0.170437980 0.172256574 0.132972089 0.107540866 0.106820054 0.000000000 0.091383687 0.217139344 0.194418654 0.216357821 0.214012712 0.218779027 0.229475036 0.220592308 0.223680779 0.216524655 0.439080272 
13     0.197953618 0.190665029 0.238430377 0.244954252 0.230344505 0.220197182 0.213861045 0.206246641 0.199729550 0.197629393 0.195492176 0.189128425 0.176516451 0.176491912 0.176203986 0.185721619 0.166182406 0.217352042 0.196900711 0.205315281 0.216297780 0.216879991 0.234798583 0.244630175 0.206708228 0.204461831 0.221676825 0.202080993 0.162058221 0.189864744 0.164079552 0.150803736 0.149010787 0.170464434 0.169597498 0.171416092 0.132316672 0.106835286 0.106251860 0.091383687 0.000000000 0.216365453 0.193644762 0.215582019 0.213236910 0.218003224 0.228707481 0.219824753 0.222913224 0.215757100 0.438308772 
42     0.220370314 0.213081725 0.263249169 0.269764298 0.255165577 0.245018254 0.238649973 0.231067713 0.224607873 0.222507716 0.220370499 0.214006748 0.201158190 0.201133651 0.200845726 0.210363358 0.190823876 0.242112585 0.221643716 0.230058287 0.241040785 0.241622996 0.259433608 0.269225722 0.231303796 0.229136654 0.246351647 0.226755815 0.186516628 0.214323152 0.188537959 0.217043029 0.215248661 0.236823951 0.235957215 0.237779498 0.209770031 0.184020315 0.183064274 0.217139344 0.216365453 0.000000000 0.192825435 0.232115042 0.229769933 0.234560296 0.245316612 0.236433884 0.239522355 0.232366231 0.455000747 
9     0.197624258 0.190335670 0.240578808 0.247093937 0.232495246 0.222347924 0.215979643 0.208397382 0.201937542 0.199837386 0.197700168 0.191336417 0.178473420 0.178448881 0.178160956 0.187678588 0.168139106 0.219427815 0.198958946 0.207373517 0.218356015 0.218938226 0.236763277 0.246555391 0.208615245 0.206448103 0.223663096 0.204067264 0.163828077 0.191634600 0.165849408 0.194322339 0.192527970 0.214103260 0.213236524 0.215058807 0.187049340 0.161299624 0.160343583 0.194418654 0.193644762 0.192825435 0.000000000 0.209352601 0.207007492 0.211797855 0.222554076 0.213671348 0.216759819 0.209603694 0.432293290 
46     0.219655906 0.212367317 0.262538805 0.269057614 0.254447812 0.244300489 0.237938706 0.230349947 0.223676556 0.221576399 0.219439182 0.213075431 0.200489852 0.200465313 0.200177387 0.209695020 0.190155807 0.241445558 0.220997849 0.229412419 0.240394918 0.240977129 0.258580245 0.268372359 0.230355518 0.228248911 0.245463904 0.225868072 0.185612068 0.213418591 0.187633398 0.216223442 0.214429073 0.236013971 0.235147235 0.236969517 0.208980391 0.183228422 0.182277116 0.216357821 0.215582019 0.232115042 0.209352601 0.000000000 0.073943106 0.101141060 0.161412570 0.152584055 0.155640989 0.148510057 0.453787390 
44     0.217310797 0.210022209 0.260193696 0.266712506 0.252102703 0.241955380 0.235593598 0.228004839 0.221331447 0.219231291 0.217094073 0.210730322 0.198144743 0.198120204 0.197832279 0.207349911 0.187810698 0.239100450 0.218652740 0.227067311 0.238049809 0.238632020 0.256235137 0.266027251 0.228010410 0.225903803 0.243118796 0.223522964 0.183266959 0.211073483 0.185288290 0.213878333 0.212083965 0.233668862 0.232802126 0.234624409 0.206635282 0.180883313 0.179932007 0.214012712 0.213236910 0.229769933 0.207007492 0.073943106 0.000000000 0.098893004 0.159152675 0.150324160 0.153381094 0.146250162 0.451442282 
50     0.222077111 0.214788523 0.264958627 0.271477437 0.256867634 0.246720311 0.240358529 0.232769770 0.226096378 0.223996221 0.221859004 0.215495253 0.202909674 0.202885135 0.202597209 0.212114842 0.192575629 0.243865381 0.223417671 0.231832241 0.242814740 0.243396951 0.261000068 0.270792182 0.232775340 0.230668733 0.247883727 0.228287895 0.188031890 0.215838413 0.190053221 0.218644648 0.216850279 0.238435176 0.237568440 0.239390723 0.211401596 0.185649627 0.184698322 0.218779027 0.218003224 0.234560296 0.211797855 0.101141060 0.098893004 0.000000000 0.163737149 0.154908634 0.157965568 0.150820843 0.456214158 
47     0.232791464 0.225502875 0.275674642 0.282193451 0.267583648 0.257436325 0.251074543 0.243485784 0.236812393 0.234712236 0.232575019 0.226211268 0.213625689 0.213601150 0.213313224 0.222830857 0.203291644 0.254581395 0.234133686 0.242548256 0.253530754 0.254112966 0.271716082 0.281508196 0.243482865 0.241376258 0.258591251 0.238995419 0.198739415 0.226545938 0.200760745 0.229348904 0.227554536 0.249139433 0.248272697 0.250094980 0.222097606 0.196345637 0.195394331 0.229475036 0.228707481 0.245316612 0.222554076 0.161412570 0.159152675 0.163737149 0.000000000 0.066596656 0.069048382 0.077432069 0.466895938 
45     0.223908736 0.216620148 0.266791914 0.273310724 0.258700921 0.248553598 0.242191816 0.234603056 0.227929665 0.225829508 0.223692291 0.217328540 0.204742961 0.204718422 0.204430496 0.213948129 0.194408916 0.245698668 0.225250958 0.233665528 0.244648027 0.245230238 0.262833354 0.272625468 0.234600137 0.232493530 0.249708524 0.230112692 0.189856687 0.217663210 0.191878018 0.220466177 0.218671808 0.240256705 0.239389969 0.241212252 0.213214878 0.187462909 0.186511603 0.220592308 0.219824753 0.236433884 0.213671348 0.152584055 0.150324160 0.154908634 0.066596656 0.000000000 0.038845491 0.068626928 0.458013210 
49     0.226997207 0.219708619 0.269880385 0.276399195 0.261789392 0.251642069 0.245280287 0.237691528 0.231018136 0.228917979 0.226780762 0.220417011 0.207831432 0.207806893 0.207518967 0.217036600 0.197497387 0.248787139 0.228339429 0.236753999 0.247736498 0.248318709 0.265921826 0.275713940 0.237688608 0.235582001 0.252796995 0.233201163 0.192945158 0.220751681 0.194966489 0.223554648 0.221760279 0.243345176 0.242478441 0.244300723 0.216303349 0.190551380 0.189600074 0.223680779 0.222913224 0.239522355 0.216759819 0.155640989 0.153381094 0.157965568 0.069048382 0.038845491 0.000000000 0.071729239 0.461101681 
48     0.219841082 0.212552494 0.262724260 0.269243070 0.254633267 0.244485944 0.238124162 0.230535403 0.223862011 0.221761855 0.219624637 0.213260886 0.200675307 0.200650768 0.200362843 0.209880475 0.190341262 0.241631014 0.221183304 0.229597875 0.240580373 0.241162584 0.258765701 0.268557815 0.230532484 0.228425877 0.245640870 0.226045038 0.185789033 0.213595557 0.187810364 0.216398523 0.214604154 0.236189052 0.235322316 0.237144598 0.209147224 0.183395255 0.182443950 0.216524655 0.215757100 0.232366231 0.209603694 0.148510057 0.146250162 0.150820843 0.077432069 0.068626928 0.071729239 0.000000000 0.453945556 
0     0.442212077 0.434923488 0.484985264 0.491502664 0.476935897 0.466788574 0.460385692 0.452838033 0.446235405 0.444135248 0.441998031 0.435634280 0.422954108 0.422929569 0.422641644 0.432159276 0.412620063 0.463926202 0.443471735 0.451886305 0.462868804 0.463451015 0.481103324 0.490887344 0.453037325 0.450866445 0.468081438 0.448485606 0.408212071 0.436018594 0.410233402 0.438913696 0.437119328 0.458701840 0.457835104 0.459657387 0.431628177 0.405806820 0.404864019 0.439080272 0.438308772 0.455000747 0.432293290 0.453787390 0.451442282 0.456214158 0.466895938 0.458013210 0.461101681 0.453945556 0.000000000 
