51
8     0.000000000 0.000000010 0.015061820 0.018388200 0.017766240 0.018157410 0.016204950 0.016620960 0.015340230 0.009308720 0.016369720 0.008168470 0.007844790 0.012565040 0.007703820 0.006785710 0.007233540 0.004660030 0.001537250 0.002352850 0.013226720 0.001550810 0.008076320 0.007992040 0.000551830 0.007410270 0.014400700 0.009675550 0.007121070 0.007387670 0.011762980 0.009371950 0.014940580 0.015780040 0.018024100 0.007914010 0.007553070 0.000928670 0.006875370 0.001316120 0.006483290 0.003228350 0.000437450 0.014697600 0.014605520 0.014286410 0.003400720 0.002165720 0.002541860 0.004401130 0.000626430 
37     0.000000010 0.000000000 0.009019100 0.010957210 0.016762400 0.012058500 0.011578270 0.018289430 0.017155010 0.009308730 0.012718570 0.008168480 0.007844800 0.011062610 0.007703830 0.008514300 0.006774870 0.004201360 0.001078580 0.001894180 0.012222880 0.001092140 0.008076330 0.007992050 0.000551840 0.005857880 0.012531080 0.009216880 0.006662400 0.006929000 0.011762990 0.011211900 0.010841330 0.014776200 0.017020260 0.011348770 0.008012740 0.000928680 0.009409600 0.001316130 0.002822930 0.003483400 0.000146400 0.011994190 0.012976230 0.011593740 0.003400730 0.002165730 0.002541870 0.014137780 0.000167760 
14     0.015061820 0.009019100 0.000000000 0.000039360 0.012974100 0.008577810 0.010220630 0.008881740 0.005836390 0.008830030 0.007337180 0.003549020 0.003334640 0.004131310 0.003174460 0.002938250 0.003286970 0.009598920 0.005935190 0.007500610 0.010586870 0.010416140 0.004568770 0.006751830 0.006239830 0.007008220 0.010062700 0.010293260 0.006008820 0.006008180 0.004972210 0.012286770 0.016018440 0.022041360 0.023019130 0.022052140 0.014788940 0.013813640 0.009469450 0.009458660 0.009599130 0.008726720 0.014650350 0.017781220 0.018219550 0.013951060 0.015955660 0.016093240 0.017492760 0.015745810 0.026119350 
6     0.018388200 0.010957210 0.000039360 0.000000000 0.013096760 0.008700470 0.000306060 0.005257730 0.004926330 0.008952690 0.007384640 0.002638960 0.002981650 0.003778320 0.002821470 0.002585260 0.002933980 0.009245930 0.005582200 0.007147620 0.010634330 0.010697730 0.004506100 0.006398840 0.005886840 0.006655230 0.009709710 0.009940270 0.005655830 0.005655190 0.004979820 0.016339380 0.019555640 0.017169420 0.025017200 0.025280310 0.016727050 0.015751750 0.013522060 0.011396770 0.011537240 0.010664830 0.016959770 0.021144470 0.020157660 0.014073720 0.017893770 0.018915310 0.020474480 0.019798420 0.018053450 
17     0.017766240 0.016762400 0.012974100 0.013096760 0.000000000 0.000015520 0.002067860 0.001644080 0.010144980 0.010927620 0.011893470 0.009483780 0.012719920 0.013251100 0.012733860 0.012311400 0.008916750 0.014971440 0.011957170 0.014986140 0.014062210 0.014281630 0.009508820 0.008691270 0.017827030 0.012997860 0.017851870 0.014487180 0.015374950 0.015687030 0.015467880 0.019956320 0.019845140 0.020161140 0.020201850 0.020464960 0.015790620 0.016817210 0.012675720 0.015571090 0.017670290 0.013324670 0.014089370 0.016318920 0.016237040 0.017586090 0.023358050 0.023044030 0.023538610 0.022262170 0.022198900 
40     0.018157410 0.012058500 0.008577810 0.008700470 0.000015520 0.000000000 0.000341990 0.000894880 0.006234070 0.004643640 0.007871840 0.003199800 0.009276840 0.004951400 0.004950990 0.011358860 0.004340520 0.004951000 0.010533420 0.009954380 0.012469810 0.008800480 0.014082680 0.008148530 0.016604570 0.014208490 0.010832280 0.014048110 0.006815380 0.015958690 0.006941160 0.019229730 0.020047200 0.020363200 0.020403910 0.020667020 0.015992680 0.016853040 0.013652410 0.012498060 0.012638530 0.011766120 0.014291430 0.016531180 0.016439100 0.016261790 0.018995060 0.020016600 0.021575770 0.019219080 0.022400960 
26     0.016204950 0.011578270 0.010220630 0.000306060 0.002067860 0.000341990 0.000000000 0.000037790 0.003418980 0.005160480 0.008147000 0.008030230 0.008769310 0.005693930 0.005693520 0.008360790 0.005083050 0.005693530 0.008006560 0.005055130 0.010111600 0.000809670 0.009871130 0.000157720 0.015953420 0.006217680 0.002841470 0.006057300 0.007557910 0.012918090 0.004009270 0.016190910 0.015894530 0.016210530 0.016251240 0.016514350 0.011840010 0.012866600 0.009499740 0.008429170 0.012158300 0.009374060 0.010138760 0.012378510 0.012186160 0.011394980 0.018514830 0.012619600 0.019588000 0.011228270 0.018215610 
29     0.016620960 0.018289430 0.008881740 0.005257730 0.001644080 0.000894880 0.000037790 0.000000000 0.008580920 0.009810030 0.010873830 0.000358090 0.009185320 0.006809680 0.006809270 0.008776800 0.006198800 0.006809280 0.008422570 0.011733360 0.010527610 0.010747030 0.015056250 0.016273060 0.013058590 0.013707430 0.014317270 0.015716650 0.008673660 0.013415190 0.008799440 0.015187880 0.016310540 0.016626540 0.016667250 0.016930360 0.012256020 0.013282610 0.009915750 0.012036490 0.015143560 0.009790070 0.010554770 0.012794520 0.012702440 0.014051490 0.020632230 0.018994350 0.020004010 0.018646920 0.018664300 
41     0.015340230 0.017155010 0.005836390 0.004926330 0.010144980 0.006234070 0.003418980 0.008580920 0.000000000 0.000560250 0.000000100 0.000240590 0.006759200 0.006146060 0.006457040 0.008150970 0.004992100 0.005420910 0.006316090 0.006894450 0.009709750 0.002648990 0.009816850 0.003526700 0.004641380 0.007801640 0.004425430 0.007641260 0.004667510 0.005457250 0.005593230 0.008068050 0.011799720 0.016000710 0.016041420 0.016304530 0.011630190 0.009947910 0.005250730 0.006851310 0.008023730 0.009164240 0.009928940 0.010827140 0.010608300 0.009817120 0.019497200 0.011041740 0.013361280 0.009650410 0.018038470 
22     0.009308720 0.009308730 0.008830030 0.008952690 0.010927620 0.004643640 0.005160480 0.009810030 0.000560250 0.000000000 0.000095920 0.000800840 0.002076090 0.007613090 0.001935120 0.008091710 0.002192740 0.004084600 0.006572220 0.007194940 0.009842520 0.004390490 0.002319140 0.002234860 0.006194890 0.009543140 0.006166930 0.009382760 0.007199340 0.010337810 0.007334730 0.008324180 0.012055850 0.015941450 0.015982160 0.016245270 0.011570930 0.010150710 0.005506860 0.008592810 0.008279860 0.009104980 0.008897250 0.012109430 0.012017350 0.011558620 0.012598520 0.011363520 0.011739660 0.011391910 0.017979210 
35     0.016369720 0.012718570 0.007337180 0.007384640 0.011893470 0.007871840 0.008147000 0.010873830 0.000000100 0.000095920 0.000000000 0.000560620 0.008136190 0.008386450 0.008066620 0.008659080 0.006021590 0.008909470 0.007345580 0.007968300 0.010739240 0.008539710 0.010846340 0.009417420 0.006968250 0.012729050 0.010316150 0.013531980 0.007972700 0.010837550 0.007590770 0.009097540 0.012829210 0.018714010 0.018754720 0.018862910 0.014075170 0.010977400 0.006280220 0.012742030 0.009053220 0.011877540 0.012642240 0.014591990 0.014789910 0.013781210 0.019655130 0.012904010 0.014390770 0.012556580 0.020751770 
38     0.008168470 0.008168480 0.003549020 0.002638960 0.009483780 0.003199800 0.008030230 0.000358090 0.000240590 0.000800840 0.000560620 0.000000000 0.000935840 0.006653710 0.000794870 0.009861670 0.001052490 0.002944350 0.009507440 0.010497680 0.011612480 0.011386170 0.001178890 0.001094610 0.007844340 0.013228400 0.013885230 0.016406160 0.008319670 0.011329370 0.011070690 0.011939000 0.015670670 0.012599110 0.017752120 0.018015230 0.013340890 0.009010460 0.009121680 0.009397910 0.011894680 0.010874940 0.007757000 0.013879390 0.013787310 0.015136360 0.011458270 0.010223270 0.010599410 0.015398040 0.013483140 
2     0.007844790 0.007844800 0.003334640 0.002981650 0.012719920 0.009276840 0.008769310 0.009185320 0.006759200 0.002076090 0.008136190 0.000935840 0.000000000 0.000045960 0.000081520 0.000084950 0.000590720 0.001428630 0.003764010 0.005329430 0.005051670 0.007388380 0.000855210 0.000770930 0.004069130 0.004837520 0.007408610 0.008122560 0.003838120 0.003837480 0.003162110 0.010709990 0.014441660 0.011448700 0.014824410 0.015087520 0.010413180 0.006040760 0.007892670 0.009074230 0.010665670 0.007947230 0.007433320 0.010951680 0.010859600 0.007747080 0.011134590 0.009899590 0.010275730 0.014169030 0.008455520 
32     0.012565040 0.011062610 0.004131310 0.003778320 0.013251100 0.004951400 0.005693930 0.006809680 0.006146060 0.007613090 0.008386450 0.006653710 0.000045960 0.000000000 0.000000410 0.001223820 0.000665330 0.000000420 0.004496250 0.005125130 0.007001610 0.007047130 0.009540700 0.008671580 0.004638780 0.005634190 0.006795470 0.008534290 0.004634790 0.004634150 0.003958780 0.010960250 0.014691920 0.012200740 0.015355590 0.013372650 0.010944360 0.004991960 0.008142930 0.010724830 0.010915930 0.008478410 0.009243110 0.011482860 0.011390780 0.006698280 0.019320570 0.012347050 0.009861030 0.014419290 0.016349390 
43     0.007703820 0.007703830 0.003174460 0.002821470 0.012733860 0.004950990 0.005693520 0.006809270 0.006457040 0.001935120 0.008066620 0.000794870 0.000081520 0.000000410 0.000000000 0.000260920 0.000587840 0.000000010 0.003603830 0.005169250 0.007312590 0.002044390 0.000714240 0.000629960 0.003908950 0.004677340 0.007106450 0.007962380 0.003677940 0.003677300 0.003001930 0.010640420 0.014372090 0.013004960 0.014838350 0.014956880 0.010427120 0.005796180 0.007823100 0.008933260 0.010596100 0.007961170 0.007292350 0.010965620 0.010873540 0.007502500 0.010993620 0.009758620 0.010134760 0.014099460 0.016835400 
5     0.006785710 0.008514300 0.002938250 0.002585260 0.012311400 0.011358860 0.008360790 0.008776800 0.008150970 0.008091710 0.008659080 0.009861670 0.000084950 0.001223820 0.000260920 0.000000000 0.000591740 0.000789220 0.002797380 0.002227580 0.006255960 0.007211330 0.011720890 0.007478520 0.003672740 0.004441130 0.007495610 0.007726170 0.003441730 0.003441090 0.002765720 0.012408880 0.014059180 0.010501870 0.014415890 0.014679000 0.010004660 0.003293090 0.001646360 0.009785130 0.012364560 0.007538710 0.008303410 0.010543160 0.010451080 0.004999410 0.018380870 0.010648180 0.008162160 0.015235620 0.008376660 
23     0.007233540 0.006774870 0.003286970 0.002933980 0.008916750 0.004340520 0.005083050 0.006198800 0.004992100 0.002192740 0.006021590 0.001052490 0.000590720 0.000665330 0.000587840 0.000591740 0.000000000 0.000144170 0.000607210 0.003635360 0.004460950 0.005273780 0.000960340 0.000876060 0.004021460 0.004789850 0.006258140 0.007996960 0.003790450 0.003789810 0.003114440 0.008595390 0.012327060 0.008311900 0.014359230 0.014622340 0.009948000 0.001103120 0.005147040 0.009140960 0.008551070 0.005558340 0.006629450 0.009421630 0.010394420 0.002809440 0.011201320 0.008458210 0.005972190 0.012054430 0.006637230 
25     0.004660030 0.004201360 0.009598920 0.009245930 0.014971440 0.004951000 0.005693530 0.006809280 0.005420910 0.004084600 0.008909470 0.002944350 0.001428630 0.000000420 0.000000010 0.000789220 0.000144170 0.000000000 0.003126440 0.002148660 0.006177040 0.001195370 0.002863720 0.002779440 0.003913630 0.011101800 0.006070320 0.007809140 0.003939760 0.004729500 0.005224280 0.010701870 0.015214940 0.007395240 0.017075930 0.015582330 0.012664700 0.010695290 0.008665950 0.008169820 0.007311870 0.009170690 0.004055940 0.013203200 0.013111120 0.014460170 0.013143100 0.011908100 0.012284240 0.014942310 0.004063720 
20     0.001537250 0.001078580 0.005935190 0.005582200 0.011957170 0.010533420 0.008006560 0.008422570 0.006316090 0.006572220 0.007345580 0.009507440 0.003764010 0.004496250 0.003603830 0.002797380 0.000607210 0.003126440 0.000000000 0.000031190 0.002070360 0.000013560 0.010396690 0.010312410 0.006669680 0.007438070 0.009516230 0.009008520 0.006438670 0.006438030 0.005762660 0.009919380 0.013651050 0.008806630 0.014061660 0.013108030 0.009650430 0.001597850 0.007102060 0.009430900 0.009875060 0.007184480 0.000933160 0.009916360 0.010096850 0.003304170 0.018026640 0.008952940 0.006466920 0.013378420 0.000940940 
10     0.002352850 0.001894180 0.007500610 0.007147620 0.014986140 0.009954380 0.005055130 0.011733360 0.006894450 0.007194940 0.007968300 0.010497680 0.005329430 0.005125130 0.005169250 0.002227580 0.003635360 0.002148660 0.000031190 0.000000000 0.002176790 0.000525720 0.010717110 0.005162850 0.008235100 0.009003490 0.006316940 0.009532770 0.007269640 0.007536240 0.007328080 0.010542100 0.014273770 0.017820630 0.017861340 0.018124450 0.013450110 0.012421960 0.007724780 0.011904640 0.010497780 0.010984160 0.001748760 0.013988610 0.013896530 0.014870450 0.019900610 0.014348570 0.015835330 0.014001140 0.001756540 
36     0.013226720 0.012222880 0.010586870 0.010634330 0.014062210 0.012469810 0.010111600 0.010527610 0.009709750 0.009842520 0.010739240 0.011612480 0.005051670 0.007001610 0.007312590 0.006255960 0.004460950 0.006177040 0.002070360 0.002176790 0.000000000 0.000009530 0.012466810 0.012382530 0.009218090 0.012897730 0.011374780 0.013113600 0.009085120 0.010033960 0.007420040 0.013313040 0.015809990 0.015317450 0.016166700 0.016429810 0.011755470 0.012782060 0.009415200 0.011535940 0.013268720 0.009289520 0.010054220 0.012293970 0.012201890 0.013550940 0.020131680 0.017119510 0.018606270 0.016772080 0.016201480 
21     0.001550810 0.001092140 0.010416140 0.010697730 0.014281630 0.008800480 0.000809670 0.010747030 0.002648990 0.004390490 0.008539710 0.011386170 0.007388380 0.007047130 0.002044390 0.007211330 0.005273780 0.001195370 0.000013560 0.000525720 0.000009530 0.000000000 0.012383340 0.000917390 0.009263610 0.005447690 0.002071480 0.005287310 0.006467600 0.006734200 0.003239280 0.012125990 0.015857660 0.016345410 0.016386120 0.016649230 0.011974890 0.013001480 0.009308670 0.007659180 0.012081670 0.009508940 0.000946720 0.011635010 0.011416170 0.010624990 0.020305070 0.011849610 0.017419220 0.010458280 0.000954500 
16     0.008076320 0.008076330 0.004568770 0.004506100 0.009508820 0.014082680 0.009871130 0.015056250 0.009816850 0.002319140 0.010846340 0.001178890 0.000855210 0.009540700 0.000714240 0.011720890 0.000960340 0.002863720 0.010396690 0.010717110 0.012466810 0.012383340 0.000000000 0.000089140 0.007752190 0.010143910 0.014265820 0.012459160 0.008808610 0.009239350 0.008928200 0.014145310 0.012862160 0.015107060 0.014772850 0.019041090 0.014102400 0.008918310 0.011348540 0.009305760 0.014121540 0.011051970 0.007664850 0.015042120 0.017440010 0.009293290 0.011366120 0.010131120 0.010507260 0.017624900 0.015125600 
39     0.007992040 0.007992050 0.006751830 0.006398840 0.008691270 0.008148530 0.000157720 0.016273060 0.003526700 0.002234860 0.009417420 0.001094610 0.000770930 0.008671580 0.000629960 0.007478520 0.000876060 0.002779440 0.010312410 0.005162850 0.012382530 0.000917390 0.000089140 0.000000000 0.007667910 0.006325400 0.002949190 0.006165020 0.008849540 0.010077490 0.004116990 0.014186240 0.012903090 0.015147990 0.014813780 0.019082020 0.014143330 0.008834030 0.010792020 0.008536890 0.012384310 0.011092900 0.007580570 0.012512720 0.012293880 0.007338980 0.011281840 0.010046840 0.010422980 0.011335990 0.013171290 
18     0.000551830 0.000551840 0.006239830 0.005886840 0.017827030 0.016604570 0.015953420 0.013058590 0.004641380 0.006194890 0.006968250 0.007844340 0.004069130 0.004638780 0.003908950 0.003672740 0.004021460 0.003913630 0.006669680 0.008235100 0.009218090 0.009263610 0.007752190 0.007667910 0.000000000 0.000889830 0.004563710 0.000073800 0.001154010 0.001943750 0.000766160 0.007880490 0.011612160 0.013253010 0.018612850 0.017645860 0.012858120 0.001393820 0.005063170 0.001781270 0.007836170 0.007478640 0.000140360 0.013374940 0.016778720 0.009046050 0.003841630 0.002606630 0.002982770 0.010234750 0.014137040 
1     0.007410270 0.005857880 0.007008220 0.006655230 0.012997860 0.014208490 0.006217680 0.013707430 0.007801640 0.009543140 0.012729050 0.013228400 0.004837520 0.005634190 0.004677340 0.004441130 0.004789850 0.011101800 0.007438070 0.009003490 0.012897730 0.005447690 0.010143910 0.006325400 0.000889830 0.000000000 0.000003920 0.000417790 0.004310580 0.004309940 0.003634570 0.016125160 0.015460130 0.015438260 0.018058920 0.018767470 0.014093130 0.008229480 0.010857870 0.012811830 0.017311200 0.011627180 0.012391880 0.014631630 0.014539550 0.009935800 0.016155250 0.012247440 0.013098550 0.011143560 0.020501410 
19     0.014400700 0.012531080 0.010062700 0.009709710 0.017851870 0.010832280 0.002841470 0.014317270 0.004425430 0.006166930 0.010316150 0.013885230 0.007408610 0.006795470 0.007106450 0.007495610 0.006258140 0.006070320 0.009516230 0.006316940 0.011374780 0.002071480 0.014265820 0.002949190 0.004563710 0.000003920 0.000000000 0.003004500 0.004589840 0.005379580 0.002498840 0.017860870 0.017195840 0.019073490 0.019114200 0.019377310 0.014702970 0.013616860 0.012362700 0.009435620 0.013111110 0.012050410 0.013001720 0.013411450 0.013192610 0.012401430 0.019409140 0.013626050 0.021989850 0.012234720 0.021111250 
33     0.009675550 0.009216880 0.010293260 0.009940270 0.014487180 0.014048110 0.006057300 0.015716650 0.007641260 0.009382760 0.013531980 0.016406160 0.008122560 0.008534290 0.007962380 0.007726170 0.007996960 0.007809140 0.009008520 0.009532770 0.013113600 0.005287310 0.012459160 0.006165020 0.000073800 0.000417790 0.003004500 0.000000000 0.002600060 0.002866660 0.005714970 0.014476940 0.018208610 0.013451330 0.020513580 0.020776690 0.016102350 0.016356800 0.011659620 0.012651450 0.013367960 0.013636400 0.009071460 0.016627280 0.016408440 0.015617260 0.024478560 0.016841880 0.019770170 0.015450550 0.009079240 
27     0.007121070 0.006662400 0.006008820 0.005655830 0.015374950 0.006815380 0.007557910 0.008673660 0.004667510 0.007199340 0.007972700 0.008319670 0.003838120 0.004634790 0.003677940 0.003441730 0.003790450 0.003939760 0.006438670 0.007269640 0.009085120 0.006467600 0.008808610 0.008849540 0.001154010 0.004310580 0.004589840 0.002600060 0.000000000 0.000312100 0.000126300 0.008884940 0.012616610 0.016596570 0.016637280 0.016900390 0.012226050 0.010764800 0.006067620 0.012006520 0.008840620 0.009760100 0.006516980 0.012764550 0.012672470 0.013351510 0.016773630 0.012691410 0.014178170 0.012343980 0.006524760 
12     0.007387670 0.006929000 0.006008180 0.005655190 0.015687030 0.015958690 0.012918090 0.013415190 0.005457250 0.010337810 0.010837550 0.011329370 0.003837480 0.004634150 0.003677300 0.003441090 0.003789810 0.004729500 0.006438030 0.007536240 0.010033960 0.006734200 0.009239350 0.010077490 0.001943750 0.004309940 0.005379580 0.002866660 0.000312100 0.000000000 0.000044370 0.006009670 0.015755080 0.002703040 0.018212120 0.010890130 0.013800890 0.008517170 0.009206090 0.003477620 0.002619670 0.005853710 0.005441020 0.014339390 0.014247310 0.010223490 0.013776140 0.012541140 0.012917280 0.015482450 0.003587070 
3     0.011762980 0.011762990 0.004972210 0.004979820 0.015467880 0.006941160 0.004009270 0.008799440 0.005593230 0.007334730 0.007590770 0.011070690 0.003162110 0.003958780 0.003001930 0.002765720 0.003114440 0.005224280 0.005762660 0.007328080 0.007420040 0.003239280 0.008928200 0.004116990 0.000766160 0.003634570 0.002498840 0.005714970 0.000126300 0.000044370 0.000000000 0.015281260 0.014932520 0.016689500 0.016730210 0.016993320 0.012318980 0.011752270 0.009978710 0.010603420 0.013405100 0.008367660 0.010617730 0.012857480 0.012765400 0.013569230 0.015052780 0.013817780 0.014193920 0.013402520 0.018727260 
28     0.009371950 0.011211900 0.012286770 0.016339380 0.019956320 0.019229730 0.016190910 0.015187880 0.008068050 0.008324180 0.009097540 0.011939000 0.010709990 0.010960250 0.010640420 0.012408880 0.008595390 0.010701870 0.009919380 0.010542100 0.013313040 0.012125990 0.014145310 0.014186240 0.007880490 0.016125160 0.017860870 0.014476940 0.008884940 0.006009670 0.015281260 0.000000000 0.000018840 0.000541350 0.006865910 0.000759630 0.006955430 0.007517480 0.004928790 0.004311150 0.003453200 0.009950340 0.009537650 0.013770370 0.015078900 0.012959590 0.019681340 0.012082390 0.013569150 0.011734960 0.007683700 
11     0.014940580 0.010841330 0.016018440 0.019555640 0.019845140 0.020047200 0.015894530 0.016310540 0.011799720 0.012055850 0.012829210 0.015670670 0.014441660 0.014691920 0.014372090 0.014059180 0.012327060 0.015214940 0.013651050 0.014273770 0.015809990 0.015857660 0.012862160 0.012903090 0.011612160 0.015460130 0.017195840 0.018208610 0.012616610 0.015755080 0.014932520 0.000018840 0.000000000 0.000250580 0.004301680 0.000468860 0.005139930 0.005343130 0.005517210 0.007337180 0.006519180 0.012027850 0.011485800 0.014874600 0.014782520 0.013724850 0.019310770 0.015814060 0.017300820 0.015466630 0.020260850 
30     0.015780040 0.014776200 0.022041360 0.017169420 0.020161140 0.020363200 0.016210530 0.016626540 0.016000710 0.015941450 0.018714010 0.012599110 0.011448700 0.012200740 0.013004960 0.010501870 0.008311900 0.007395240 0.008806630 0.017820630 0.015317450 0.016345410 0.015107060 0.015147990 0.013253010 0.015438260 0.019073490 0.013451330 0.016596570 0.002703040 0.016689500 0.000541350 0.000250580 0.000000000 0.000030610 0.000019300 0.006194450 0.008347980 0.008622290 0.001004520 0.000146570 0.006643710 0.006231020 0.015190600 0.015098520 0.010870640 0.023028310 0.016519410 0.014033390 0.021123650 0.004377070 
34     0.018024100 0.017020260 0.023019130 0.025017200 0.020201850 0.020403910 0.016251240 0.016667250 0.016041420 0.015982160 0.018754720 0.017752120 0.014824410 0.015355590 0.014838350 0.014415890 0.014359230 0.017075930 0.014061660 0.017861340 0.016166700 0.016386120 0.014772850 0.014813780 0.018612850 0.018058920 0.019114200 0.020513580 0.016637280 0.018212120 0.016730210 0.006865910 0.004301680 0.000030610 0.000000000 0.000011670 0.007582970 0.008145020 0.008663000 0.010025400 0.009116670 0.012384560 0.013149260 0.015231310 0.015139230 0.016488280 0.023069020 0.021946220 0.022440800 0.021164360 0.016242120 
7     0.007914010 0.011348770 0.022052140 0.025280310 0.020464960 0.020667020 0.016514350 0.016930360 0.016304530 0.016245270 0.018862910 0.018015230 0.015087520 0.013372650 0.014956880 0.014679000 0.014622340 0.015582330 0.013108030 0.018124450 0.016429810 0.016649230 0.019041090 0.019082020 0.017645860 0.018767470 0.019377310 0.020776690 0.016900390 0.010890130 0.016993320 0.000759630 0.000468860 0.000019300 0.000011670 0.000000000 0.006796630 0.010745780 0.008926110 0.009191610 0.005883400 0.012647670 0.013412370 0.015494420 0.015402340 0.016751390 0.023332130 0.021847760 0.022703910 0.021427470 0.011464600 
15     0.007553070 0.008012740 0.014788940 0.016727050 0.015790620 0.015992680 0.011840010 0.012256020 0.011630190 0.011570930 0.014075170 0.013340890 0.010413180 0.010944360 0.010427120 0.010004660 0.009948000 0.012664700 0.009650430 0.013450110 0.011755470 0.011974890 0.014102400 0.014143330 0.012858120 0.014093130 0.014702970 0.016102350 0.012226050 0.013800890 0.012318980 0.006955430 0.005139930 0.006194450 0.007582970 0.006796630 0.000000000 0.000007380 0.002749410 0.005981470 0.002173420 0.007973330 0.005662850 0.010820080 0.010728000 0.012077050 0.016482180 0.017060020 0.017166950 0.016712590 0.011103660 
31     0.000928670 0.000928680 0.013813640 0.015751750 0.016817210 0.016853040 0.012866600 0.013282610 0.009947910 0.010150710 0.010977400 0.009010460 0.006040760 0.004991960 0.005796180 0.003293090 0.001103120 0.010695290 0.001597850 0.012421960 0.012782060 0.013001480 0.008918310 0.008834030 0.001393820 0.008229480 0.013616860 0.016356800 0.010764800 0.008517170 0.011752270 0.007517480 0.005343130 0.008347980 0.008145020 0.010745780 0.000007380 0.000000000 0.000243260 0.000550910 0.005385990 0.008277940 0.001279440 0.010274050 0.011754590 0.003661860 0.004242710 0.003007710 0.003383850 0.013614820 0.017716450 
4     0.006875370 0.009409600 0.009469450 0.013522060 0.012675720 0.013652410 0.009499740 0.009915750 0.005250730 0.005506860 0.006280220 0.009121680 0.007892670 0.008142930 0.007823100 0.001646360 0.005147040 0.008665950 0.007102060 0.007724780 0.009415200 0.009308670 0.011348540 0.010792020 0.005063170 0.010857870 0.012362700 0.011659620 0.006067620 0.009206090 0.009978710 0.004928790 0.005517210 0.008622290 0.008663000 0.008926110 0.002749410 0.000243260 0.000000000 0.002570610 0.004969460 0.005633060 0.006397760 0.008479810 0.008387730 0.009736780 0.016317520 0.009265070 0.010751830 0.008917640 0.014349590 
24     0.001316120 0.001316130 0.009458660 0.011396770 0.015571090 0.012498060 0.008429170 0.012036490 0.006851310 0.008592810 0.012742030 0.009397910 0.009074230 0.010724830 0.008933260 0.009785130 0.009140960 0.008169820 0.009430900 0.011904640 0.011535940 0.007659180 0.009305760 0.008536890 0.001781270 0.012811830 0.009435620 0.012651450 0.012006520 0.003477620 0.010603420 0.004311150 0.007337180 0.001004520 0.010025400 0.009191610 0.005981470 0.000550910 0.002570610 0.000000000 0.000334570 0.003922960 0.001666890 0.005076130 0.004857290 0.004066110 0.004630160 0.003395160 0.003771300 0.003899400 0.005151650 
13     0.006483290 0.002822930 0.009599130 0.011537240 0.017670290 0.012638530 0.012158300 0.015143560 0.008023730 0.008279860 0.009053220 0.011894680 0.010665670 0.010915930 0.010596100 0.012364560 0.008551070 0.007311870 0.009875060 0.010497780 0.013268720 0.012081670 0.014121540 0.012384310 0.007836170 0.017311200 0.013111110 0.013367960 0.008840620 0.002619670 0.013405100 0.003453200 0.006519180 0.000146570 0.009116670 0.005883400 0.002173420 0.005385990 0.004969460 0.000334570 0.000000000 0.004063430 0.006147650 0.013662050 0.013443210 0.011962790 0.011292370 0.012038070 0.013524830 0.011690640 0.004293700 
42     0.003228350 0.003483400 0.008726720 0.010664830 0.013324670 0.011766120 0.009374060 0.009790070 0.009164240 0.009104980 0.011877540 0.010874940 0.007947230 0.008478410 0.007961170 0.007538710 0.005558340 0.009170690 0.007184480 0.010984160 0.009289520 0.009508940 0.011051970 0.011092900 0.007478640 0.011627180 0.012050410 0.013636400 0.009760100 0.005853710 0.008367660 0.009950340 0.012027850 0.006643710 0.012384560 0.012647670 0.007973330 0.008277940 0.005633060 0.003922960 0.004063430 0.000000000 0.000000060 0.008511830 0.008419750 0.009768800 0.010046920 0.011068460 0.012627630 0.002096620 0.007270380 
9     0.000437450 0.000146400 0.014650350 0.016959770 0.014089370 0.014291430 0.010138760 0.010554770 0.009928940 0.008897250 0.012642240 0.007757000 0.007433320 0.009243110 0.007292350 0.008303410 0.006629450 0.004055940 0.000933160 0.001748760 0.010054220 0.000946720 0.007664850 0.007580570 0.000140360 0.012391880 0.013001720 0.009071460 0.006516980 0.005441020 0.010617730 0.009537650 0.011485800 0.006231020 0.013149260 0.013412370 0.005662850 0.001279440 0.006397760 0.001666890 0.006147650 0.000000060 0.000000000 0.009276530 0.009184450 0.010533500 0.003727250 0.002492250 0.002868390 0.011351740 0.000022340 
46     0.014697600 0.011994190 0.017781220 0.021144470 0.016318920 0.016531180 0.012378510 0.012794520 0.010827140 0.012109430 0.014591990 0.013879390 0.010951680 0.011482860 0.010965620 0.010543160 0.009421630 0.013203200 0.009916360 0.013988610 0.012293970 0.011635010 0.015042120 0.012512720 0.013374940 0.014631630 0.013411450 0.016627280 0.012764550 0.014339390 0.012857480 0.013770370 0.014874600 0.015190600 0.015231310 0.015494420 0.010820080 0.010274050 0.008479810 0.005076130 0.013662050 0.008511830 0.009276530 0.000000000 0.000149320 0.000070920 0.011904430 0.005399400 0.005204670 0.004008070 0.017195840 
44     0.014605520 0.012976230 0.018219550 0.020157660 0.016237040 0.016439100 0.012186160 0.012702440 0.010608300 0.012017350 0.014789910 0.013787310 0.010859600 0.011390780 0.010873540 0.010451080 0.010394420 0.013111120 0.010096850 0.013896530 0.012201890 0.011416170 0.017440010 0.012293880 0.016778720 0.014539550 0.013192610 0.016408440 0.012672470 0.014247310 0.012765400 0.015078900 0.014782520 0.015098520 0.015139230 0.015402340 0.010728000 0.011754590 0.008387730 0.004857290 0.013443210 0.008419750 0.009184450 0.000149320 0.000000000 0.000152920 0.001831430 0.005180560 0.004953890 0.003789230 0.005500320 
50     0.014286410 0.011593740 0.013951060 0.014073720 0.017586090 0.016261790 0.011394980 0.014051490 0.009817120 0.011558620 0.013781210 0.015136360 0.007747080 0.006698280 0.007502500 0.004999410 0.002809440 0.014460170 0.003304170 0.014870450 0.013550940 0.010624990 0.009293290 0.007338980 0.009046050 0.009935800 0.012401430 0.015617260 0.013351510 0.010223490 0.013569230 0.012959590 0.013724850 0.010870640 0.016488280 0.016751390 0.012077050 0.003661860 0.009736780 0.004066110 0.011962790 0.009768800 0.010533500 0.000070920 0.000152920 0.000000000 0.001524750 0.004389380 0.004647210 0.002998050 0.005193640 
47     0.003400720 0.003400730 0.015955660 0.017893770 0.023358050 0.018995060 0.018514830 0.020632230 0.019497200 0.012598520 0.019655130 0.011458270 0.011134590 0.019320570 0.010993620 0.018380870 0.011201320 0.013143100 0.018026640 0.019900610 0.020131680 0.020305070 0.011366120 0.011281840 0.003841630 0.016155250 0.019409140 0.024478560 0.016773630 0.013776140 0.015052780 0.019681340 0.019310770 0.023028310 0.023069020 0.023332130 0.016482180 0.004242710 0.016317520 0.004630160 0.011292370 0.010046920 0.003727250 0.011904430 0.001831430 0.001524750 0.000000000 0.000093370 0.000093370 0.002608060 0.006251030 
45     0.002165720 0.002165730 0.016093240 0.018915310 0.023044030 0.020016600 0.012619600 0.018994350 0.011041740 0.011363520 0.012904010 0.010223270 0.009899590 0.012347050 0.009758620 0.010648180 0.008458210 0.011908100 0.008952940 0.014348570 0.017119510 0.011849610 0.010131120 0.010046840 0.002606630 0.012247440 0.013626050 0.016841880 0.012691410 0.012541140 0.013817780 0.012082390 0.015814060 0.016519410 0.021946220 0.021847760 0.017060020 0.003007710 0.009265070 0.003395160 0.012038070 0.011068460 0.002492250 0.005399400 0.005180560 0.004389380 0.000093370 0.000000000 0.000000000 0.002780700 0.010148410 
49     0.002541860 0.002541870 0.017492760 0.020474480 0.023538610 0.021575770 0.019588000 0.020004010 0.013361280 0.011739660 0.014390770 0.010599410 0.010275730 0.009861030 0.010134760 0.008162160 0.005972190 0.012284240 0.006466920 0.015835330 0.018606270 0.017419220 0.010507260 0.010422980 0.002982770 0.013098550 0.021989850 0.019770170 0.014178170 0.012917280 0.014193920 0.013569150 0.017300820 0.014033390 0.022440800 0.022703910 0.017166950 0.003383850 0.010751830 0.003771300 0.013524830 0.012627630 0.002868390 0.005204670 0.004953890 0.004647210 0.000093370 0.000000000 0.000000000 0.000605080 0.009373490 
48     0.004401130 0.014137780 0.015745810 0.019798420 0.022262170 0.019219080 0.011228270 0.018646920 0.009650410 0.011391910 0.012556580 0.015398040 0.014169030 0.014419290 0.014099460 0.015235620 0.012054430 0.014942310 0.013378420 0.014001140 0.016772080 0.010458280 0.017624900 0.011335990 0.010234750 0.011143560 0.012234720 0.015450550 0.012343980 0.015482450 0.013402520 0.011734960 0.015466630 0.021123650 0.021164360 0.021427470 0.016712590 0.013614820 0.008917640 0.003899400 0.011690640 0.002096620 0.011351740 0.004008070 0.003789230 0.002998050 0.002608060 0.002780700 0.000605080 0.000000000 0.015983590 
0     0.000626430 0.000167760 0.026119350 0.018053450 0.022198900 0.022400960 0.018215610 0.018664300 0.018038470 0.017979210 0.020751770 0.013483140 0.008455520 0.016349390 0.016835400 0.008376660 0.006637230 0.004063720 0.000940940 0.001756540 0.016201480 0.000954500 0.015125600 0.013171290 0.014137040 0.020501410 0.021111250 0.009079240 0.006524760 0.003587070 0.018727260 0.007683700 0.020260850 0.004377070 0.016242120 0.011464600 0.011103660 0.017716450 0.014349590 0.005151650 0.004293700 0.007270380 0.000022340 0.017195840 0.005500320 0.005193640 0.006251030 0.010148410 0.009373490 0.015983590 0.000000000 
