51
32     0.000000000 0.000005480 0.000003600 0.000020190 0.000020580 0.000018110 0.000019720 0.000019170 0.000017490 0.000019910 0.000019910 0.000021510 0.000020450 0.000019200 0.000019110 0.000024840 0.000020320 0.000021330 0.000020560 0.000024910 0.000015770 0.000015280 0.000018220 0.000015800 0.000018520 0.000019530 0.000022400 0.000022960 0.000022040 0.000021970 0.000022960 0.000017370 0.000003550 0.000022440 0.000026610 0.000023050 0.000022950 0.000022930 0.000024490 0.000024570 0.000026560 0.000020700 0.000009060 0.000009030 0.000025240 0.000025350 0.000026090 0.000023930 0.000027290 0.000013090 0.000013890 
10     0.000005480 0.000000000 0.000007550 0.000022030 0.000022960 0.000015500 0.000017110 0.000023120 0.000014880 0.000017300 0.000023860 0.000018900 0.000017840 0.000016590 0.000023060 0.000028790 0.000017710 0.000018720 0.000017950 0.000026330 0.000013160 0.000012670 0.000015610 0.000013190 0.000015910 0.000016920 0.000026350 0.000026200 0.000025990 0.000025920 0.000025930 0.000014760 0.000007500 0.000019830 0.000030560 0.000027000 0.000026900 0.000026880 0.000021880 0.000021960 0.000026800 0.000018090 0.000013380 0.000013350 0.000029190 0.000029300 0.000030040 0.000027880 0.000031240 0.000017410 0.000011280 
38     0.000003600 0.000007550 0.000000000 0.000020750 0.000021140 0.000019920 0.000021440 0.000019730 0.000022290 0.000028460 0.000020470 0.000023620 0.000021770 0.000020630 0.000019670 0.000025400 0.000024870 0.000022530 0.000022180 0.000025470 0.000024320 0.000023830 0.000024380 0.000024350 0.000023740 0.000021380 0.000022960 0.000023520 0.000022600 0.000022530 0.000023520 0.000024210 0.000003890 0.000024470 0.000027170 0.000023610 0.000023510 0.000023490 0.000027010 0.000027030 0.000027120 0.000028980 0.000010480 0.000010450 0.000025800 0.000025910 0.000026650 0.000024490 0.000027850 0.000020470 0.000022440 
34     0.000020190 0.000022030 0.000020750 0.000000000 0.000000790 0.000004670 0.000006190 0.000007400 0.000010390 0.000021350 0.000010660 0.000013810 0.000011960 0.000010820 0.000009860 0.000016570 0.000016040 0.000013700 0.000013350 0.000016640 0.000019530 0.000017450 0.000015550 0.000016830 0.000014910 0.000006380 0.000014130 0.000014690 0.000013770 0.000013700 0.000014690 0.000015380 0.000020700 0.000015640 0.000018340 0.000014780 0.000014680 0.000014660 0.000018180 0.000018200 0.000018290 0.000020150 0.000016630 0.000016010 0.000016970 0.000017080 0.000017820 0.000015660 0.000019020 0.000023140 0.000015170 
31     0.000020580 0.000022960 0.000021140 0.000000790 0.000000000 0.000005060 0.000001500 0.000007790 0.000011320 0.000021740 0.000011050 0.000014200 0.000012350 0.000011210 0.000010250 0.000016960 0.000016430 0.000014090 0.000013740 0.000017030 0.000019920 0.000017840 0.000015940 0.000017220 0.000015300 0.000012940 0.000014520 0.000015080 0.000014160 0.000014090 0.000015080 0.000015770 0.000021090 0.000016030 0.000018730 0.000015170 0.000015070 0.000015050 0.000018570 0.000018590 0.000018680 0.000020540 0.000017020 0.000016400 0.000017360 0.000017470 0.000018210 0.000016050 0.000019410 0.000023530 0.000015560 
41     0.000018110 0.000015500 0.000019920 0.000004670 0.000005060 0.000000000 0.000002390 0.000006570 0.000003950 0.000020520 0.000009830 0.000012980 0.000011130 0.000009990 0.000009030 0.000015740 0.000015210 0.000012870 0.000012520 0.000015810 0.000016860 0.000012950 0.000014720 0.000013470 0.000014080 0.000011720 0.000013300 0.000013860 0.000012940 0.000012870 0.000013860 0.000013540 0.000005580 0.000014810 0.000017510 0.000013950 0.000013850 0.000013830 0.000017350 0.000017370 0.000017460 0.000016770 0.000005400 0.000004790 0.000016140 0.000016250 0.000016990 0.000014830 0.000018190 0.000022310 0.000011560 
36     0.000019720 0.000017110 0.000021440 0.000006190 0.000001500 0.000002390 0.000000000 0.000008090 0.000013170 0.000022040 0.000011350 0.000014500 0.000012650 0.000011510 0.000010550 0.000017260 0.000016730 0.000014390 0.000014040 0.000017330 0.000018470 0.000014560 0.000016240 0.000015080 0.000015600 0.000013240 0.000014820 0.000015380 0.000014460 0.000014390 0.000015380 0.000015150 0.000007190 0.000016330 0.000019030 0.000015470 0.000015370 0.000015350 0.000018870 0.000018890 0.000018980 0.000018380 0.000007010 0.000006400 0.000017660 0.000017770 0.000018510 0.000016350 0.000019710 0.000023830 0.000013170 
18     0.000019170 0.000023120 0.000019730 0.000007400 0.000007790 0.000006570 0.000008090 0.000000000 0.000011460 0.000020330 0.000009640 0.000012790 0.000010940 0.000009800 0.000008840 0.000015550 0.000015020 0.000012680 0.000012330 0.000001460 0.000018510 0.000016430 0.000014530 0.000015810 0.000013890 0.000011530 0.000013110 0.000013670 0.000012750 0.000012680 0.000013670 0.000014360 0.000019680 0.000014620 0.000017320 0.000013760 0.000013660 0.000013640 0.000017160 0.000017180 0.000017270 0.000019130 0.000015610 0.000014990 0.000015950 0.000016060 0.000012270 0.000012230 0.000004800 0.000022120 0.000014150 
12     0.000017490 0.000014880 0.000022290 0.000010390 0.000011320 0.000003950 0.000013170 0.000011460 0.000000000 0.000013930 0.000008200 0.000005690 0.000001920 0.000008360 0.000009740 0.000018110 0.000017370 0.000015240 0.000014890 0.000018180 0.000016240 0.000012330 0.000015270 0.000012850 0.000015570 0.000014090 0.000015670 0.000016230 0.000015310 0.000015240 0.000016230 0.000014220 0.000017740 0.000017180 0.000019880 0.000016320 0.000016220 0.000016200 0.000019720 0.000019740 0.000019830 0.000017550 0.000016500 0.000015890 0.000018510 0.000018620 0.000019360 0.000017200 0.000020560 0.000024680 0.000010940 
11     0.000019910 0.000017300 0.000028460 0.000021350 0.000021740 0.000020520 0.000022040 0.000020330 0.000013930 0.000000000 0.000021070 0.000024220 0.000022370 0.000021230 0.000020270 0.000015480 0.000021650 0.000022330 0.000021980 0.000013570 0.000009480 0.000018170 0.000021110 0.000018690 0.000021410 0.000021180 0.000019740 0.000020300 0.000019380 0.000019310 0.000020300 0.000020260 0.000023780 0.000024490 0.000015270 0.000020390 0.000020290 0.000020270 0.000015110 0.000015130 0.000003220 0.000017080 0.000015540 0.000014920 0.000015880 0.000015990 0.000016730 0.000014570 0.000017930 0.000022050 0.000016780 
19     0.000019910 0.000023860 0.000020470 0.000010660 0.000011050 0.000009830 0.000011350 0.000009640 0.000008200 0.000021070 0.000000000 0.000009530 0.000007680 0.000006320 0.000007920 0.000013840 0.000015760 0.000013420 0.000013070 0.000016360 0.000019250 0.000017170 0.000015270 0.000016550 0.000014630 0.000012270 0.000013850 0.000014410 0.000013490 0.000013420 0.000014410 0.000015100 0.000020420 0.000015360 0.000012480 0.000005250 0.000005310 0.000005190 0.000017900 0.000017920 0.000006520 0.000015090 0.000016350 0.000015730 0.000016690 0.000016800 0.000017540 0.000015380 0.000018740 0.000013410 0.000014890 
39     0.000021510 0.000018900 0.000023620 0.000013810 0.000014200 0.000012980 0.000014500 0.000012790 0.000005690 0.000024220 0.000009530 0.000000000 0.000002670 0.000006290 0.000011070 0.000019440 0.000005230 0.000016570 0.000016220 0.000019510 0.000020260 0.000016170 0.000018420 0.000016690 0.000017780 0.000015420 0.000017000 0.000017560 0.000016640 0.000016570 0.000017560 0.000018250 0.000021960 0.000018510 0.000021210 0.000017650 0.000017550 0.000017530 0.000009400 0.000009480 0.000021160 0.000021770 0.000019500 0.000018880 0.000019840 0.000019950 0.000020690 0.000018530 0.000021890 0.000026010 0.000014780 
9     0.000020450 0.000017840 0.000021770 0.000011960 0.000012350 0.000011130 0.000012650 0.000010940 0.000001920 0.000022370 0.000007680 0.000002670 0.000000000 0.000005230 0.000009220 0.000017590 0.000001110 0.000014720 0.000014370 0.000017010 0.000019200 0.000015110 0.000016570 0.000015630 0.000015930 0.000013570 0.000015150 0.000015710 0.000014790 0.000014720 0.000015710 0.000016400 0.000020900 0.000016660 0.000019360 0.000015800 0.000015700 0.000015680 0.000007260 0.000007340 0.000019310 0.000020710 0.000017650 0.000017030 0.000017990 0.000018100 0.000018840 0.000016680 0.000020040 0.000024160 0.000013720 
42     0.000019200 0.000016590 0.000020630 0.000010820 0.000011210 0.000009990 0.000011510 0.000009800 0.000008360 0.000021230 0.000006320 0.000006290 0.000005230 0.000000000 0.000008080 0.000016450 0.000005100 0.000013580 0.000013230 0.000016520 0.000017950 0.000013860 0.000015430 0.000014380 0.000014790 0.000012430 0.000014010 0.000014570 0.000013650 0.000013580 0.000014570 0.000015260 0.000019650 0.000015520 0.000018220 0.000014660 0.000014560 0.000014540 0.000009270 0.000009350 0.000018170 0.000019460 0.000016510 0.000015890 0.000016850 0.000016960 0.000017700 0.000015540 0.000018900 0.000023020 0.000012470 
7     0.000019110 0.000023060 0.000019670 0.000009860 0.000010250 0.000009030 0.000010550 0.000008840 0.000009740 0.000020270 0.000007920 0.000011070 0.000009220 0.000008080 0.000000000 0.000015490 0.000014960 0.000012620 0.000012270 0.000015560 0.000018450 0.000016370 0.000014470 0.000015750 0.000013830 0.000011470 0.000013050 0.000013610 0.000012690 0.000012620 0.000013610 0.000014300 0.000019620 0.000014560 0.000017260 0.000013700 0.000013600 0.000013580 0.000017100 0.000017120 0.000017210 0.000019070 0.000015550 0.000014930 0.000015890 0.000016000 0.000016740 0.000014580 0.000017940 0.000022060 0.000014090 
4     0.000024840 0.000028790 0.000025400 0.000016570 0.000016960 0.000015740 0.000017260 0.000015550 0.000018110 0.000015480 0.000013840 0.000019440 0.000017590 0.000016450 0.000015490 0.000000000 0.000002650 0.000017550 0.000017200 0.000010770 0.000023380 0.000021300 0.000019400 0.000020680 0.000018760 0.000016400 0.000014960 0.000015520 0.000014600 0.000014530 0.000015520 0.000019450 0.000025350 0.000019710 0.000012470 0.000015610 0.000015510 0.000015490 0.000012310 0.000012330 0.000007460 0.000014280 0.000004300 0.000003500 0.000004640 0.000004750 0.000010470 0.000008310 0.000011670 0.000013010 0.000016000 
37     0.000020320 0.000017710 0.000024870 0.000016040 0.000016430 0.000015210 0.000016730 0.000015020 0.000017370 0.000021650 0.000015760 0.000005230 0.000001110 0.000005100 0.000014960 0.000002650 0.000000000 0.000017020 0.000016670 0.000016940 0.000019070 0.000014980 0.000017920 0.000015500 0.000018220 0.000015870 0.000010690 0.000011250 0.000010330 0.000010260 0.000011250 0.000017250 0.000020770 0.000019180 0.000018640 0.000011340 0.000011240 0.000011220 0.000007130 0.000007210 0.000018590 0.000020450 0.000016930 0.000016310 0.000017270 0.000017380 0.000018120 0.000015960 0.000019320 0.000023440 0.000006590 
26     0.000021330 0.000018720 0.000022530 0.000013700 0.000014090 0.000012870 0.000014390 0.000012680 0.000015240 0.000022330 0.000013420 0.000016570 0.000014720 0.000013580 0.000012620 0.000017550 0.000017020 0.000000000 0.000003130 0.000017620 0.000016550 0.000007790 0.000005890 0.000007170 0.000006570 0.000004210 0.000015110 0.000015670 0.000014750 0.000014680 0.000014490 0.000016580 0.000021780 0.000016840 0.000019320 0.000015760 0.000015660 0.000015640 0.000019160 0.000019180 0.000019270 0.000021130 0.000017610 0.000016990 0.000017950 0.000018060 0.000018800 0.000016640 0.000020000 0.000024120 0.000013820 
1     0.000020560 0.000017950 0.000022180 0.000013350 0.000013740 0.000012520 0.000014040 0.000012330 0.000014890 0.000021980 0.000013070 0.000016220 0.000014370 0.000013230 0.000012270 0.000017200 0.000016670 0.000003130 0.000000000 0.000017270 0.000016200 0.000007440 0.000005540 0.000006820 0.000006220 0.000003860 0.000014760 0.000015320 0.000014400 0.000014330 0.000013300 0.000016230 0.000021010 0.000016490 0.000018970 0.000015410 0.000015310 0.000015290 0.000018810 0.000018830 0.000018920 0.000020780 0.000017260 0.000016640 0.000017600 0.000017710 0.000018450 0.000016290 0.000019650 0.000023770 0.000013050 
5     0.000024910 0.000026330 0.000025470 0.000016640 0.000017030 0.000015810 0.000017330 0.000001460 0.000018180 0.000013570 0.000016360 0.000019510 0.000017010 0.000016520 0.000015560 0.000010770 0.000016940 0.000017620 0.000017270 0.000000000 0.000023450 0.000021370 0.000019470 0.000020750 0.000018830 0.000016470 0.000015030 0.000001890 0.000002170 0.000002010 0.000015590 0.000019520 0.000025420 0.000019780 0.000008240 0.000015680 0.000015580 0.000015560 0.000005100 0.000005120 0.000005210 0.000008350 0.000010830 0.000010210 0.000011170 0.000011280 0.000012020 0.000009860 0.000013220 0.000017340 0.000016070 
33     0.000015770 0.000013160 0.000024320 0.000019530 0.000019920 0.000016860 0.000018470 0.000018510 0.000016240 0.000009480 0.000019250 0.000020260 0.000019200 0.000017950 0.000018450 0.000023380 0.000019070 0.000016550 0.000016200 0.000023450 0.000000000 0.000014030 0.000016970 0.000014550 0.000017270 0.000015400 0.000020940 0.000012210 0.000012750 0.000012760 0.000021500 0.000016120 0.000019640 0.000021190 0.000025150 0.000021590 0.000021490 0.000021470 0.000023240 0.000023320 0.000025100 0.000019450 0.000018400 0.000017790 0.000023780 0.000023890 0.000024630 0.000022470 0.000025830 0.000029950 0.000012640 
6     0.000015280 0.000012670 0.000023830 0.000017450 0.000017840 0.000012950 0.000014560 0.000016430 0.000012330 0.000018170 0.000017170 0.000016170 0.000015110 0.000013860 0.000016370 0.000021300 0.000014980 0.000007790 0.000007440 0.000021370 0.000014030 0.000000000 0.000002470 0.000001400 0.000009140 0.000007960 0.000018860 0.000019420 0.000018500 0.000018430 0.000019420 0.000012210 0.000015730 0.000017280 0.000023070 0.000019510 0.000019410 0.000019390 0.000019150 0.000019230 0.000023020 0.000015540 0.000014490 0.000013880 0.000021700 0.000021810 0.000022550 0.000020390 0.000023750 0.000027870 0.000008450 
16     0.000018220 0.000015610 0.000024380 0.000015550 0.000015940 0.000014720 0.000016240 0.000014530 0.000015270 0.000021110 0.000015270 0.000018420 0.000016570 0.000015430 0.000014470 0.000019400 0.000017920 0.000005890 0.000005540 0.000019470 0.000016970 0.000002470 0.000000000 0.000003280 0.000008420 0.000006060 0.000016960 0.000017520 0.000016600 0.000016530 0.000017520 0.000015150 0.000018670 0.000018690 0.000021170 0.000017610 0.000017510 0.000017490 0.000019950 0.000020260 0.000021120 0.000018480 0.000017430 0.000016820 0.000019800 0.000019910 0.000020650 0.000017520 0.000021850 0.000025970 0.000011390 
2     0.000015800 0.000013190 0.000024350 0.000016830 0.000017220 0.000013470 0.000015080 0.000015810 0.000012850 0.000018690 0.000016550 0.000016690 0.000015630 0.000014380 0.000015750 0.000020680 0.000015500 0.000007170 0.000006820 0.000020750 0.000014550 0.000001400 0.000003280 0.000000000 0.000009660 0.000007340 0.000018240 0.000018800 0.000017880 0.000017810 0.000018800 0.000012730 0.000016250 0.000017800 0.000022450 0.000018890 0.000018790 0.000018770 0.000019670 0.000019750 0.000022400 0.000016060 0.000015010 0.000014400 0.000021080 0.000021190 0.000021930 0.000019770 0.000023130 0.000027250 0.000008970 
35     0.000018520 0.000015910 0.000023740 0.000014910 0.000015300 0.000014080 0.000015600 0.000013890 0.000015570 0.000021410 0.000014630 0.000017780 0.000015930 0.000014790 0.000013830 0.000018760 0.000018220 0.000006570 0.000006220 0.000018830 0.000017270 0.000009140 0.000008420 0.000009660 0.000000000 0.000005180 0.000016320 0.000016880 0.000015960 0.000015890 0.000016880 0.000015450 0.000018970 0.000018050 0.000020530 0.000016970 0.000016870 0.000016850 0.000007910 0.000008220 0.000020480 0.000018780 0.000017730 0.000017120 0.000019160 0.000019270 0.000020010 0.000017850 0.000021210 0.000025330 0.000011690 
24     0.000019530 0.000016920 0.000021380 0.000006380 0.000012940 0.000011720 0.000013240 0.000011530 0.000014090 0.000021180 0.000012270 0.000015420 0.000013570 0.000012430 0.000011470 0.000016400 0.000015870 0.000004210 0.000003860 0.000016470 0.000015400 0.000007960 0.000006060 0.000007340 0.000005180 0.000000000 0.000013960 0.000014520 0.000013600 0.000013530 0.000014520 0.000015430 0.000019980 0.000015690 0.000018170 0.000014610 0.000014510 0.000014490 0.000000510 0.000000820 0.000018120 0.000019790 0.000016460 0.000015840 0.000016800 0.000016910 0.000017650 0.000015490 0.000018850 0.000022970 0.000012700 
23     0.000022400 0.000026350 0.000022960 0.000014130 0.000014520 0.000013300 0.000014820 0.000013110 0.000015670 0.000019740 0.000013850 0.000017000 0.000015150 0.000014010 0.000013050 0.000014960 0.000010690 0.000015110 0.000014760 0.000015030 0.000020940 0.000018860 0.000016960 0.000018240 0.000016320 0.000013960 0.000000000 0.000002660 0.000005020 0.000004950 0.000003340 0.000017010 0.000003360 0.000017270 0.000016730 0.000002750 0.000002650 0.000002630 0.000004020 0.000004380 0.000016680 0.000018540 0.000015020 0.000014400 0.000015360 0.000015470 0.000016210 0.000014050 0.000017410 0.000021530 0.000009820 
28     0.000022960 0.000026200 0.000023520 0.000014690 0.000015080 0.000013860 0.000015380 0.000013670 0.000016230 0.000020300 0.000014410 0.000017560 0.000015710 0.000014570 0.000013610 0.000015520 0.000011250 0.000015670 0.000015320 0.000001890 0.000012210 0.000019420 0.000017520 0.000018800 0.000016880 0.000014520 0.000002660 0.000000000 0.000000840 0.000000620 0.000003900 0.000017570 0.000023470 0.000017830 0.000017290 0.000002930 0.000002830 0.000002810 0.000017130 0.000017150 0.000017240 0.000019100 0.000015580 0.000014960 0.000015920 0.000016030 0.000016770 0.000014610 0.000017970 0.000022090 0.000010380 
13     0.000022040 0.000025990 0.000022600 0.000013770 0.000014160 0.000012940 0.000014460 0.000012750 0.000015310 0.000019380 0.000013490 0.000016640 0.000014790 0.000013650 0.000012690 0.000014600 0.000010330 0.000014750 0.000014400 0.000002170 0.000012750 0.000018500 0.000016600 0.000017880 0.000015960 0.000013600 0.000005020 0.000000840 0.000000000 0.000000960 0.000005580 0.000016650 0.000022550 0.000016910 0.000016370 0.000005670 0.000005570 0.000005550 0.000016210 0.000016230 0.000016320 0.000018180 0.000014660 0.000014040 0.000015000 0.000015110 0.000015850 0.000013690 0.000017050 0.000021170 0.000009460 
40     0.000021970 0.000025920 0.000022530 0.000013700 0.000014090 0.000012870 0.000014390 0.000012680 0.000015240 0.000019310 0.000013420 0.000016570 0.000014720 0.000013580 0.000012620 0.000014530 0.000010260 0.000014680 0.000014330 0.000002010 0.000012760 0.000018430 0.000016530 0.000017810 0.000015890 0.000013530 0.000004950 0.000000620 0.000000960 0.000000000 0.000005510 0.000016580 0.000022480 0.000016840 0.000016300 0.000005600 0.000005500 0.000005480 0.000016140 0.000016160 0.000016250 0.000018110 0.000014590 0.000013970 0.000014930 0.000015040 0.000015780 0.000013620 0.000016980 0.000021100 0.000009390 
14     0.000022960 0.000025930 0.000023520 0.000014690 0.000015080 0.000013860 0.000015380 0.000013670 0.000016230 0.000020300 0.000014410 0.000017560 0.000015710 0.000014570 0.000013610 0.000015520 0.000011250 0.000014490 0.000013300 0.000015590 0.000021500 0.000019420 0.000017520 0.000018800 0.000016880 0.000014520 0.000003340 0.000003900 0.000005580 0.000005510 0.000000000 0.000017570 0.000023470 0.000017830 0.000017290 0.000003990 0.000003890 0.000003870 0.000017130 0.000017150 0.000017240 0.000019100 0.000015580 0.000014960 0.000015920 0.000016030 0.000016770 0.000014610 0.000017970 0.000022090 0.000010380 
17     0.000017370 0.000014760 0.000024210 0.000015380 0.000015770 0.000013540 0.000015150 0.000014360 0.000014220 0.000020260 0.000015100 0.000018250 0.000016400 0.000015260 0.000014300 0.000019450 0.000017250 0.000016580 0.000016230 0.000019520 0.000016120 0.000012210 0.000015150 0.000012730 0.000015450 0.000015430 0.000017010 0.000017570 0.000016650 0.000016580 0.000017570 0.000000000 0.000016320 0.000017120 0.000021220 0.000017660 0.000017560 0.000017540 0.000021060 0.000021080 0.000021170 0.000016130 0.000015080 0.000014470 0.000019850 0.000019960 0.000020700 0.000018540 0.000021900 0.000026020 0.000010820 
22     0.000003550 0.000007500 0.000003890 0.000020700 0.000021090 0.000005580 0.000007190 0.000019680 0.000017740 0.000023780 0.000020420 0.000021960 0.000020900 0.000019650 0.000019620 0.000025350 0.000020770 0.000021780 0.000021010 0.000025420 0.000019640 0.000015730 0.000018670 0.000016250 0.000018970 0.000019980 0.000003360 0.000023470 0.000022550 0.000022480 0.000023470 0.000016320 0.000000000 0.000019790 0.000027120 0.000023560 0.000023460 0.000023440 0.000024940 0.000025020 0.000027070 0.000019550 0.000008180 0.000007570 0.000025750 0.000025860 0.000026600 0.000024440 0.000027800 0.000031920 0.000014340 
27     0.000022440 0.000019830 0.000024470 0.000015640 0.000016030 0.000014810 0.000016330 0.000014620 0.000017180 0.000024490 0.000015360 0.000018510 0.000016660 0.000015520 0.000014560 0.000019710 0.000019180 0.000016840 0.000016490 0.000019780 0.000021190 0.000017280 0.000018690 0.000017800 0.000018050 0.000015690 0.000017270 0.000017830 0.000016910 0.000016840 0.000017830 0.000017120 0.000019790 0.000000000 0.000021480 0.000017920 0.000017820 0.000017800 0.000021320 0.000021340 0.000021430 0.000021100 0.000018550 0.000017940 0.000020110 0.000020220 0.000020960 0.000018800 0.000022160 0.000026280 0.000015890 
3     0.000026610 0.000030560 0.000027170 0.000018340 0.000018730 0.000017510 0.000019030 0.000017320 0.000019880 0.000015270 0.000012480 0.000021210 0.000019360 0.000018220 0.000017260 0.000012470 0.000018640 0.000019320 0.000018970 0.000008240 0.000025150 0.000023070 0.000021170 0.000022450 0.000020530 0.000018170 0.000016730 0.000017290 0.000016370 0.000016300 0.000017290 0.000021220 0.000027120 0.000021480 0.000000000 0.000013970 0.000014030 0.000013910 0.000009780 0.000009800 0.000009890 0.000011750 0.000012530 0.000011910 0.000012870 0.000012980 0.000013720 0.000011560 0.000014920 0.000019040 0.000017770 
25     0.000023050 0.000027000 0.000023610 0.000014780 0.000015170 0.000013950 0.000015470 0.000013760 0.000016320 0.000020390 0.000005250 0.000017650 0.000015800 0.000014660 0.000013700 0.000015610 0.000011340 0.000015760 0.000015410 0.000015680 0.000021590 0.000019510 0.000017610 0.000018890 0.000016970 0.000014610 0.000002750 0.000002930 0.000005670 0.000005600 0.000003990 0.000017660 0.000023560 0.000017920 0.000013970 0.000000000 0.000000800 0.000000760 0.000017220 0.000017240 0.000009110 0.000017680 0.000015670 0.000015050 0.000012450 0.000016120 0.000016860 0.000014700 0.000018060 0.000016000 0.000010470 
29     0.000022950 0.000026900 0.000023510 0.000014680 0.000015070 0.000013850 0.000015370 0.000013660 0.000016220 0.000020290 0.000005310 0.000017550 0.000015700 0.000014560 0.000013600 0.000015510 0.000011240 0.000015660 0.000015310 0.000015580 0.000021490 0.000019410 0.000017510 0.000018790 0.000016870 0.000014510 0.000002650 0.000002830 0.000005570 0.000005500 0.000003890 0.000017560 0.000023460 0.000017820 0.000014030 0.000000800 0.000000000 0.000000600 0.000017120 0.000017140 0.000009170 0.000017740 0.000015570 0.000014950 0.000015910 0.000016020 0.000016760 0.000014600 0.000017960 0.000016060 0.000010370 
8     0.000022930 0.000026880 0.000023490 0.000014660 0.000015050 0.000013830 0.000015350 0.000013640 0.000016200 0.000020270 0.000005190 0.000017530 0.000015680 0.000014540 0.000013580 0.000015490 0.000011220 0.000015640 0.000015290 0.000015560 0.000021470 0.000019390 0.000017490 0.000018770 0.000016850 0.000014490 0.000002630 0.000002810 0.000005550 0.000005480 0.000003870 0.000017540 0.000023440 0.000017800 0.000013910 0.000000760 0.000000600 0.000000000 0.000017100 0.000017120 0.000009050 0.000017620 0.000015550 0.000014930 0.000015890 0.000016000 0.000016740 0.000014580 0.000017940 0.000015940 0.000010350 
20     0.000024490 0.000021880 0.000027010 0.000018180 0.000018570 0.000017350 0.000018870 0.000017160 0.000019720 0.000015110 0.000017900 0.000009400 0.000007260 0.000009270 0.000017100 0.000012310 0.000007130 0.000019160 0.000018810 0.000005100 0.000023240 0.000019150 0.000019950 0.000019670 0.000007910 0.000000510 0.000004020 0.000017130 0.000016210 0.000016140 0.000017130 0.000021060 0.000024940 0.000021320 0.000009780 0.000017220 0.000017120 0.000017100 0.000000000 0.000000120 0.000000610 0.000009890 0.000012370 0.000011750 0.000012710 0.000012820 0.000013560 0.000011400 0.000014760 0.000018880 0.000017610 
21     0.000024570 0.000021960 0.000027030 0.000018200 0.000018590 0.000017370 0.000018890 0.000017180 0.000019740 0.000015130 0.000017920 0.000009480 0.000007340 0.000009350 0.000017120 0.000012330 0.000007210 0.000019180 0.000018830 0.000005120 0.000023320 0.000019230 0.000020260 0.000019750 0.000008220 0.000000820 0.000004380 0.000017150 0.000016230 0.000016160 0.000017150 0.000021080 0.000025020 0.000021340 0.000009800 0.000017240 0.000017140 0.000017120 0.000000120 0.000000000 0.000000630 0.000009910 0.000012390 0.000011770 0.000012730 0.000012840 0.000013580 0.000011420 0.000014780 0.000018900 0.000017630 
15     0.000026560 0.000026800 0.000027120 0.000018290 0.000018680 0.000017460 0.000018980 0.000017270 0.000019830 0.000003220 0.000006520 0.000021160 0.000019310 0.000018170 0.000017210 0.000007460 0.000018590 0.000019270 0.000018920 0.000005210 0.000025100 0.000023020 0.000021120 0.000022400 0.000020480 0.000018120 0.000016680 0.000017240 0.000016320 0.000016250 0.000017240 0.000021170 0.000027070 0.000021430 0.000009890 0.000009110 0.000009170 0.000009050 0.000000610 0.000000630 0.000000000 0.000010000 0.000012480 0.000011860 0.000012820 0.000012930 0.000013670 0.000011510 0.000014870 0.000007030 0.000017720 
30     0.000020700 0.000018090 0.000028980 0.000020150 0.000020540 0.000016770 0.000018380 0.000019130 0.000017550 0.000017080 0.000015090 0.000021770 0.000020710 0.000019460 0.000019070 0.000014280 0.000020450 0.000021130 0.000020780 0.000008350 0.000019450 0.000015540 0.000018480 0.000016060 0.000018780 0.000019790 0.000018540 0.000019100 0.000018180 0.000018110 0.000019100 0.000016130 0.000019550 0.000021100 0.000011750 0.000017680 0.000017740 0.000017620 0.000009890 0.000009910 0.000010000 0.000000000 0.000014340 0.000013720 0.000014680 0.000014790 0.000015530 0.000013370 0.000016730 0.000020850 0.000014150 
43     0.000009060 0.000013380 0.000010480 0.000016630 0.000017020 0.000005400 0.000007010 0.000015610 0.000016500 0.000015540 0.000016350 0.000019500 0.000017650 0.000016510 0.000015550 0.000004300 0.000016930 0.000017610 0.000017260 0.000010830 0.000018400 0.000014490 0.000017430 0.000015010 0.000017730 0.000016460 0.000015020 0.000015580 0.000014660 0.000014590 0.000015580 0.000015080 0.000008180 0.000018550 0.000012530 0.000015670 0.000015570 0.000015550 0.000012370 0.000012390 0.000012480 0.000014340 0.000000000 0.000002270 0.000003000 0.000003110 0.000010530 0.000008370 0.000011730 0.000013070 0.000013100 
48     0.000009030 0.000013350 0.000010450 0.000016010 0.000016400 0.000004790 0.000006400 0.000014990 0.000015890 0.000014920 0.000015730 0.000018880 0.000017030 0.000015890 0.000014930 0.000003500 0.000016310 0.000016990 0.000016640 0.000010210 0.000017790 0.000013880 0.000016820 0.000014400 0.000017120 0.000015840 0.000014400 0.000014960 0.000014040 0.000013970 0.000014960 0.000014470 0.000007570 0.000017940 0.000011910 0.000015050 0.000014950 0.000014930 0.000011750 0.000011770 0.000011860 0.000013720 0.000002270 0.000000000 0.000004080 0.000004190 0.000009910 0.000007750 0.000011110 0.000012450 0.000012490 
50     0.000025240 0.000029190 0.000025800 0.000016970 0.000017360 0.000016140 0.000017660 0.000015950 0.000018510 0.000015880 0.000016690 0.000019840 0.000017990 0.000016850 0.000015890 0.000004640 0.000017270 0.000017950 0.000017600 0.000011170 0.000023780 0.000021700 0.000019800 0.000021080 0.000019160 0.000016800 0.000015360 0.000015920 0.000015000 0.000014930 0.000015920 0.000019850 0.000025750 0.000020110 0.000012870 0.000012450 0.000015910 0.000015890 0.000012710 0.000012730 0.000012820 0.000014680 0.000003000 0.000004080 0.000000000 0.000000390 0.000010870 0.000008710 0.000012070 0.000013410 0.000016400 
49     0.000025350 0.000029300 0.000025910 0.000017080 0.000017470 0.000016250 0.000017770 0.000016060 0.000018620 0.000015990 0.000016800 0.000019950 0.000018100 0.000016960 0.000016000 0.000004750 0.000017380 0.000018060 0.000017710 0.000011280 0.000023890 0.000021810 0.000019910 0.000021190 0.000019270 0.000016910 0.000015470 0.000016030 0.000015110 0.000015040 0.000016030 0.000019960 0.000025860 0.000020220 0.000012980 0.000016120 0.000016020 0.000016000 0.000012820 0.000012840 0.000012930 0.000014790 0.000003110 0.000004190 0.000000390 0.000000000 0.000010980 0.000008820 0.000012180 0.000013520 0.000016510 
46     0.000026090 0.000030040 0.000026650 0.000017820 0.000018210 0.000016990 0.000018510 0.000012270 0.000019360 0.000016730 0.000017540 0.000020690 0.000018840 0.000017700 0.000016740 0.000010470 0.000018120 0.000018800 0.000018450 0.000012020 0.000024630 0.000022550 0.000020650 0.000021930 0.000020010 0.000017650 0.000016210 0.000016770 0.000015850 0.000015780 0.000016770 0.000020700 0.000026600 0.000020960 0.000013720 0.000016860 0.000016760 0.000016740 0.000013560 0.000013580 0.000013670 0.000015530 0.000010530 0.000009910 0.000010870 0.000010980 0.000000000 0.000008220 0.000006980 0.000017040 0.000017250 
45     0.000023930 0.000027880 0.000024490 0.000015660 0.000016050 0.000014830 0.000016350 0.000012230 0.000017200 0.000014570 0.000015380 0.000018530 0.000016680 0.000015540 0.000014580 0.000008310 0.000015960 0.000016640 0.000016290 0.000009860 0.000022470 0.000020390 0.000017520 0.000019770 0.000017850 0.000015490 0.000014050 0.000014610 0.000013690 0.000013620 0.000014610 0.000018540 0.000024440 0.000018800 0.000011560 0.000014700 0.000014600 0.000014580 0.000011400 0.000011420 0.000011510 0.000013370 0.000008370 0.000007750 0.000008710 0.000008820 0.000008220 0.000000000 0.000008220 0.000014880 0.000015090 
47     0.000027290 0.000031240 0.000027850 0.000019020 0.000019410 0.000018190 0.000019710 0.000004800 0.000020560 0.000017930 0.000018740 0.000021890 0.000020040 0.000018900 0.000017940 0.000011670 0.000019320 0.000020000 0.000019650 0.000013220 0.000025830 0.000023750 0.000021850 0.000023130 0.000021210 0.000018850 0.000017410 0.000017970 0.000017050 0.000016980 0.000017970 0.000021900 0.000027800 0.000022160 0.000014920 0.000018060 0.000017960 0.000017940 0.000014760 0.000014780 0.000014870 0.000016730 0.000011730 0.000011110 0.000012070 0.000012180 0.000006980 0.000008220 0.000000000 0.000018240 0.000018450 
44     0.000013090 0.000017410 0.000020470 0.000023140 0.000023530 0.000022310 0.000023830 0.000022120 0.000024680 0.000022050 0.000013410 0.000026010 0.000024160 0.000023020 0.000022060 0.000013010 0.000023440 0.000024120 0.000023770 0.000017340 0.000029950 0.000027870 0.000025970 0.000027250 0.000025330 0.000022970 0.000021530 0.000022090 0.000021170 0.000021100 0.000022090 0.000026020 0.000031920 0.000026280 0.000019040 0.000016000 0.000016060 0.000015940 0.000018880 0.000018900 0.000007030 0.000020850 0.000013070 0.000012450 0.000013410 0.000013520 0.000017040 0.000014880 0.000018240 0.000000000 0.000022570 
0     0.000013890 0.000011280 0.000022440 0.000015170 0.000015560 0.000011560 0.000013170 0.000014150 0.000010940 0.000016780 0.000014890 0.000014780 0.000013720 0.000012470 0.000014090 0.000016000 0.000006590 0.000013820 0.000013050 0.000016070 0.000012640 0.000008450 0.000011390 0.000008970 0.000011690 0.000012700 0.000009820 0.000010380 0.000009460 0.000009390 0.000010380 0.000010820 0.000014340 0.000015890 0.000017770 0.000010470 0.000010370 0.000010350 0.000017610 0.000017630 0.000017720 0.000014150 0.000013100 0.000012490 0.000016400 0.000016510 0.000017250 0.000015090 0.000018450 0.000022570 0.000000000 
