51
32     0.000000000 0.427707800 0.476785626 0.788672306 0.796057496 0.743977092 0.786991822 0.798550928 0.754521664 0.809205611 0.780593449 0.827714153 0.795366840 0.783513589 0.772246366 0.804508937 0.745572241 0.744522732 0.762092138 0.767993892 1.147998599 0.856782229 0.845572775 0.841111732 0.783735606 0.747745384 0.774605591 0.802123379 0.804337477 0.813039114 0.885954516 0.801537234 0.784398482 0.836964901 0.973644739 0.974746112 0.970838732 0.968945166 0.940441083 0.940600764 0.935209307 0.957470889 0.919132256 0.931078012 0.982070194 0.977156372 0.971429810 0.997686211 0.987371210 1.047188193 1.552168636 
10     0.427707800 0.000000000 0.523744894 0.838771204 0.844873224 0.791726051 0.834496543 0.847061559 0.805808433 0.846720284 0.810246938 0.871250318 0.846134468 0.819675693 0.798160363 0.839651560 0.784727731 0.784770148 0.803704754 0.801035787 1.178953837 0.898030377 0.887342853 0.896987803 0.819665798 0.780482318 0.817377492 0.858538067 0.849537494 0.861810081 0.920042461 0.848110459 0.828532994 0.885250190 1.031797107 1.028225948 1.024661205 1.022573607 0.997398403 0.996632677 0.990907537 1.005938204 0.969168540 0.980926660 1.029465481 1.024543496 1.025507546 1.059088417 1.046770447 1.094282929 1.599708769 
38     0.476785626 0.523744894 0.000000000 0.795330627 0.805285059 0.746268634 0.790592478 0.800500713 0.755706762 0.820796046 0.776001521 0.841119004 0.815135297 0.784033884 0.768120728 0.810173162 0.752972907 0.740549506 0.764745731 0.773055118 1.138369994 0.864527825 0.852997405 0.851261204 0.783409024 0.741173625 0.780312030 0.819032064 0.811683340 0.822557145 0.892321546 0.800443722 0.781329211 0.834768274 0.968817991 0.968894946 0.968189480 0.966578884 0.936006409 0.936650804 0.928862123 0.951007345 0.917916161 0.930131596 0.979021908 0.973789386 0.969438230 1.000651284 0.990090183 1.036727826 1.574740664 
34     0.788672306 0.838771204 0.795330627 0.000000000 0.196187791 0.462375301 0.507083719 0.564971183 0.521831283 0.821534771 0.776109436 0.840017007 0.810432150 0.792843552 0.779559356 0.820521396 0.763878748 0.744513023 0.762870794 0.764407433 1.155492710 0.861094232 0.851875423 0.854843317 0.784454578 0.765940514 0.789103367 0.816033037 0.804511574 0.817886706 0.897201706 0.816558268 0.805787937 0.851604168 0.964686327 0.961357022 0.962546787 0.959136907 0.929767186 0.930416238 0.926779969 0.959191245 0.922697147 0.934665543 0.973089231 0.968539206 0.984850944 1.000974755 1.005435941 1.040497006 1.523803093 
31     0.796057496 0.844873224 0.805285059 0.196187791 0.000000000 0.474320578 0.511611601 0.576148622 0.529729193 0.831491975 0.793548313 0.846202394 0.818834016 0.801552695 0.788620589 0.829730410 0.766700554 0.753446001 0.770000880 0.771511091 1.161363904 0.874232213 0.865852586 0.867925804 0.789097440 0.771132674 0.800047130 0.826101478 0.815040747 0.825989311 0.907961793 0.821831879 0.812723337 0.856890239 0.969942337 0.969667252 0.970866034 0.966989250 0.936366131 0.937003824 0.933355831 0.965312470 0.928777524 0.941294022 0.983037278 0.978578991 0.994729792 1.015097274 1.017320616 1.048999247 1.516187193 
41     0.743977092 0.791726051 0.746268634 0.462375301 0.474320578 0.000000000 0.368677040 0.523094664 0.479415250 0.780393243 0.727494466 0.784961429 0.756575969 0.740949026 0.726806977 0.775687040 0.709404011 0.705384450 0.723586328 0.719395566 1.092677478 0.815049126 0.806407004 0.805456247 0.731663581 0.718398014 0.733741780 0.759090684 0.750201957 0.765479601 0.843830241 0.764938400 0.752178090 0.788535124 0.909737515 0.907075466 0.906642206 0.903841040 0.872277512 0.873084431 0.868252393 0.905776727 0.873946719 0.886428258 0.923584637 0.919029096 0.928333951 0.955416171 0.961690242 0.998116851 1.483593243 
36     0.786991822 0.834496543 0.790592478 0.507083719 0.511611601 0.368677040 0.000000000 0.560003059 0.517923601 0.829484212 0.784445377 0.837541083 0.812749771 0.791963660 0.772418198 0.819757384 0.753073574 0.745227163 0.765343627 0.765107594 1.155774270 0.868071283 0.860933108 0.860711871 0.784894202 0.765273249 0.783423507 0.809373179 0.799164109 0.810740063 0.887303376 0.818817070 0.805598703 0.847005554 0.964556769 0.966599983 0.966465751 0.963258079 0.929812564 0.930594947 0.926016294 0.962232178 0.928873236 0.941669780 0.982697098 0.978161953 0.997892654 1.018808907 1.023983642 1.057578752 1.535116713 
18     0.798550928 0.847061559 0.800500713 0.564971183 0.576148622 0.523094664 0.560003059 0.000000000 0.418949602 0.837795507 0.789596123 0.842470746 0.817382877 0.786441362 0.781126071 0.827850075 0.768729189 0.759601317 0.778880364 0.773086054 1.157940009 0.873602718 0.867268229 0.865825453 0.793991869 0.770311343 0.796405370 0.822316121 0.814199229 0.824925791 0.899969936 0.822739987 0.809652534 0.854544096 0.958467336 0.953301317 0.952747514 0.949986962 0.923339748 0.923499751 0.919354405 0.956365655 0.912698384 0.923362364 0.958811366 0.953839911 0.988876352 1.003413248 1.004105519 1.041289832 1.507201554 
12     0.754521664 0.805808433 0.755706762 0.521831283 0.529729193 0.479415250 0.517923601 0.418949602 0.000000000 0.796651741 0.743506805 0.808289276 0.782037847 0.750124176 0.740278422 0.781201489 0.724198741 0.714287080 0.733248260 0.737233472 1.104374820 0.833722610 0.821595905 0.822295816 0.750349119 0.720914547 0.753664662 0.778125750 0.769985616 0.779352689 0.863297477 0.779731641 0.760055670 0.814142136 0.909939571 0.906532817 0.904313741 0.901211748 0.872346283 0.872596235 0.869576920 0.904707611 0.869827347 0.881541264 0.919691394 0.914806825 0.936743418 0.953348508 0.958837503 0.986513125 1.466582503 
11     0.809205611 0.846720284 0.820796046 0.821534771 0.831491975 0.780393243 0.829484212 0.837795507 0.796651741 0.000000000 0.774631703 0.825010534 0.803132561 0.775867288 0.764333086 0.800049864 0.747773724 0.734718764 0.764528388 0.756120447 1.147183243 0.855092896 0.847661964 0.849996216 0.776502808 0.756081881 0.774248104 0.808912381 0.799170742 0.810260018 0.869569387 0.813839820 0.805356296 0.852025945 0.972895036 0.973291286 0.973473878 0.972153905 0.934806017 0.935727844 0.929619771 0.965014835 0.930824046 0.945324800 0.988070397 0.983331827 0.990122498 1.003418013 1.005103003 1.052485763 1.518581224 
19     0.780593449 0.810246938 0.776001521 0.776109436 0.793548313 0.727494466 0.784445377 0.789596123 0.743506805 0.774631703 0.000000000 0.566421584 0.539299109 0.504883361 0.634976179 0.769006238 0.716450726 0.707455238 0.731116132 0.728444493 1.107652834 0.806542942 0.796441415 0.807229771 0.740112351 0.716306112 0.734332832 0.769858977 0.750547885 0.762260009 0.834812437 0.778540200 0.772703270 0.815715909 0.939816997 0.927408094 0.927581595 0.926125315 0.896130620 0.898225578 0.892188640 0.921568248 0.894019652 0.910663192 0.950300386 0.945641319 0.941605074 0.959563678 0.962685200 1.004743362 1.507849394 
39     0.827714153 0.871250318 0.841119004 0.840017007 0.846202394 0.784961429 0.837541083 0.842470746 0.808289276 0.825010534 0.566421584 0.000000000 0.197873900 0.532235351 0.692446762 0.828348301 0.770618152 0.754308589 0.784894359 0.781001854 1.154904247 0.874168314 0.864201638 0.878561593 0.802800567 0.775182492 0.789241528 0.832695795 0.808418257 0.824718420 0.887384719 0.834399237 0.824688827 0.864643256 1.009264508 1.004299423 1.005442383 1.004920046 0.973897919 0.975885397 0.969676988 0.990239673 0.953193345 0.964063617 1.003940306 0.999065820 0.997686043 1.005563562 1.006733038 1.069883795 1.537859149 
9     0.795366840 0.846134468 0.815135297 0.810432150 0.818834016 0.756575969 0.812749771 0.817382877 0.782037847 0.803132561 0.539299109 0.197873900 0.000000000 0.504103016 0.670461278 0.805954235 0.746413103 0.732437172 0.762925777 0.755533726 1.135908677 0.849095590 0.838570641 0.853254724 0.776670462 0.750662940 0.759281972 0.808071584 0.784303715 0.798844021 0.864582397 0.808980773 0.803723092 0.842318433 0.989610223 0.985985211 0.987118137 0.986274896 0.953580775 0.955433734 0.949306162 0.963778409 0.935343900 0.946229651 0.987834004 0.983105391 0.984485213 0.989733240 0.993795756 1.060215125 1.513262787 
42     0.783513589 0.819675693 0.784033884 0.792843552 0.801552695 0.740949026 0.791963660 0.786441362 0.750124176 0.775867288 0.504883361 0.532235351 0.504103016 0.000000000 0.625824098 0.769982679 0.711233306 0.698444571 0.724516398 0.727277190 1.111560030 0.821637218 0.816048264 0.829219556 0.755148989 0.725130844 0.737438378 0.778624006 0.763619662 0.776244421 0.843065886 0.784749622 0.780086264 0.824790026 0.960912797 0.957822839 0.957854433 0.957095595 0.923257387 0.925519735 0.919665136 0.941993111 0.908799570 0.926255555 0.965008980 0.960228723 0.958118812 0.977412080 0.979587033 1.026055853 1.508821476 
7     0.772246366 0.798160363 0.768120728 0.779559356 0.788620589 0.726806977 0.772418198 0.781126071 0.740278422 0.764333086 0.634976179 0.692446762 0.670461278 0.625824098 0.000000000 0.745681836 0.695641124 0.677756108 0.703534097 0.706340084 1.090697937 0.814390506 0.803175469 0.816176237 0.734555587 0.704276039 0.721750544 0.765202090 0.755353194 0.764133544 0.824304749 0.769330060 0.760797423 0.803629054 0.941714546 0.935805978 0.934884887 0.933704997 0.906837740 0.909012433 0.902422291 0.913024323 0.897055438 0.912676526 0.952590142 0.947870007 0.945067392 0.969780921 0.972012063 1.014180696 1.525558723 
4     0.804508937 0.839651560 0.810173162 0.820521396 0.829730410 0.775687040 0.819757384 0.827850075 0.781201489 0.800049864 0.769006238 0.828348301 0.805954235 0.769982679 0.745681836 0.000000000 0.526813827 0.669077886 0.688923302 0.699305397 1.146245595 0.863212284 0.852880550 0.863738761 0.783406849 0.753319861 0.770843760 0.808300339 0.793544105 0.805005118 0.864193772 0.811529398 0.808979348 0.846718729 0.988477335 0.979528283 0.979360922 0.976916100 0.951036814 0.951223187 0.945603292 0.969859246 0.928913933 0.943862361 0.992142580 0.987326483 0.990116203 1.013151178 1.012215413 1.052987784 1.542372585 
37     0.745572241 0.784727731 0.752972907 0.763878748 0.766700554 0.709404011 0.753073574 0.768729189 0.724198741 0.747773724 0.716450726 0.770618152 0.746413103 0.711233306 0.695641124 0.526813827 0.000000000 0.621464066 0.637654068 0.643749181 1.076530642 0.803478716 0.793393217 0.803514535 0.726728009 0.702695916 0.718363606 0.750789282 0.745368584 0.756968637 0.823264996 0.768037983 0.759711096 0.788260147 0.935795391 0.926068808 0.926169669 0.923755018 0.898370504 0.898539786 0.892059168 0.904013388 0.875237785 0.890055650 0.938705764 0.933723966 0.932226276 0.949983935 0.952574588 1.001335897 1.519722424 
26     0.744522732 0.784770148 0.740549506 0.744513023 0.753446001 0.705384450 0.745227163 0.759601317 0.714287080 0.734718764 0.707455238 0.754308589 0.732437172 0.698444571 0.677756108 0.669077886 0.621464066 0.000000000 0.313371657 0.574310078 1.067705910 0.782011117 0.774030987 0.785053140 0.698152141 0.679376440 0.694367361 0.731912291 0.717124157 0.728920256 0.789819845 0.740799775 0.751316142 0.784867806 0.915130562 0.910988061 0.911517199 0.910220590 0.879375860 0.880724186 0.874252807 0.891558296 0.870208209 0.884163253 0.934743886 0.929958590 0.921486481 0.954590812 0.959530488 0.989149699 1.493071077 
1     0.762092138 0.803704754 0.764745731 0.762870794 0.770000880 0.723586328 0.765343627 0.778880364 0.733248260 0.764528388 0.731116132 0.784894359 0.762925777 0.724516398 0.703534097 0.688923302 0.637654068 0.313371657 0.000000000 0.605033208 1.099269385 0.812011368 0.806438066 0.812689433 0.726366435 0.701852733 0.721514696 0.755529486 0.742491232 0.759435689 0.820704408 0.770950541 0.771494704 0.809460965 0.947727045 0.944485351 0.945736828 0.944116033 0.913196007 0.914108464 0.905556465 0.923453730 0.895982757 0.910875078 0.959425720 0.954507372 0.958511588 0.982973974 0.986209700 1.019810287 1.532437224 
5     0.767993892 0.801035787 0.773055118 0.764407433 0.771511091 0.719395566 0.765107594 0.773086054 0.737233472 0.756120447 0.728444493 0.781001854 0.755533726 0.727277190 0.706340084 0.699305397 0.643749181 0.574310078 0.605033208 0.000000000 1.087822398 0.804951849 0.791984362 0.802628832 0.713272038 0.693671437 0.719027930 0.749868767 0.734797344 0.745528107 0.820066945 0.771753314 0.770402702 0.806293547 0.937530044 0.932472017 0.932232721 0.929721385 0.898818359 0.900903940 0.892327175 0.905801750 0.887242643 0.902224198 0.944629461 0.939715761 0.931137449 0.961761356 0.964948098 0.995784789 1.499227154 
33     1.147998599 1.178953837 1.138369994 1.155492710 1.161363904 1.092677478 1.155774270 1.157940009 1.104374820 1.147183243 1.107652834 1.154904247 1.135908677 1.111560030 1.090697937 1.146245595 1.076530642 1.067705910 1.099269385 1.087822398 0.000000000 1.048179473 1.042804335 1.049491235 0.971971381 0.944084667 1.099271933 1.127741986 1.123251831 1.135532622 1.208269785 1.142908544 1.149773772 1.192351297 1.310523197 1.304027815 1.304714486 1.302234084 1.269208136 1.269364940 1.263637902 1.274909558 1.283132326 1.294841724 1.324465262 1.319982112 1.325041292 1.336203320 1.358242709 1.392518392 1.839447310 
6     0.856782229 0.898030377 0.864527825 0.861094232 0.874232213 0.815049126 0.868071283 0.873602718 0.833722610 0.855092896 0.806542942 0.874168314 0.849095590 0.821637218 0.814390506 0.863212284 0.803478716 0.782011117 0.812011368 0.804951849 1.048179473 0.000000000 0.165656549 0.243710845 0.594456566 0.569029937 0.812635177 0.846978934 0.843731103 0.847132235 0.905890602 0.857930841 0.870020055 0.913351895 1.018141561 1.011420210 1.012650505 1.010164416 0.977395541 0.977543632 0.973321937 0.998472069 0.986371363 0.999209680 1.031368020 1.026819852 1.043320090 1.059858850 1.060231450 1.104658323 1.561584984 
16     0.845572775 0.887342853 0.852997405 0.851875423 0.865852586 0.806407004 0.860933108 0.867268229 0.821595905 0.847661964 0.796441415 0.864201638 0.838570641 0.816048264 0.803175469 0.852880550 0.793393217 0.774030987 0.806438066 0.791984362 1.042804335 0.165656549 0.000000000 0.220998035 0.585439785 0.559105955 0.804266101 0.836769681 0.833743389 0.837617597 0.896950090 0.847489363 0.861131671 0.900268858 1.009570690 1.002932688 1.003160841 1.001400772 0.967982276 0.968152816 0.963589202 0.989466307 0.979011180 0.991689635 1.023909796 1.019361628 1.034018040 1.049334124 1.049264712 1.095040855 1.556361340 
2     0.841111732 0.896987803 0.851261204 0.854843317 0.867925804 0.805456247 0.860711871 0.865825453 0.822295816 0.849996216 0.807229771 0.878561593 0.853254724 0.829219556 0.816176237 0.863738761 0.803514535 0.785053140 0.812689433 0.802628832 1.049491235 0.243710845 0.220998035 0.000000000 0.591576067 0.567716559 0.815008645 0.849040749 0.845569803 0.853166623 0.908717225 0.845084133 0.856004881 0.898703691 1.004009754 0.997656965 0.997045599 0.995177446 0.965472024 0.965325541 0.959706083 0.980870386 0.970043792 0.981925385 1.014325180 1.009696908 1.027952692 1.041519822 1.041362259 1.086991506 1.555260056 
35     0.783735606 0.819665798 0.783409024 0.784454578 0.789097440 0.731663581 0.784894202 0.793991869 0.750349119 0.776502808 0.740112351 0.802800567 0.776670462 0.755148989 0.734555587 0.783406849 0.726728009 0.698152141 0.726366435 0.713272038 0.971971381 0.594456566 0.585439785 0.591576067 0.000000000 0.405041343 0.730884443 0.774531631 0.764463422 0.769523199 0.833512241 0.786252793 0.787413298 0.826109300 0.939154435 0.936254912 0.936468625 0.934948683 0.898952809 0.899427607 0.894915392 0.915432703 0.913177308 0.925454236 0.958267281 0.953739995 0.978008537 1.001832836 0.998590709 1.039946102 1.502020253 
24     0.747745384 0.780482318 0.741173625 0.765940514 0.771132674 0.718398014 0.765273249 0.770311343 0.720914547 0.756081881 0.716306112 0.775182492 0.750662940 0.725130844 0.704276039 0.753319861 0.702695916 0.679376440 0.701852733 0.693671437 0.944084667 0.569029937 0.559105955 0.567716559 0.405041343 0.000000000 0.716898745 0.753296256 0.740259060 0.752806529 0.815144413 0.756869145 0.757110114 0.798605442 0.918029494 0.911538337 0.911863188 0.910190898 0.876440658 0.876608569 0.871647428 0.889149962 0.855328683 0.866326141 0.913082787 0.908314353 0.921709249 0.952967022 0.935909941 0.974180524 1.445016590 
23     0.774605591 0.817377492 0.780312030 0.789103367 0.800047130 0.733741780 0.783423507 0.796405370 0.753664662 0.774248104 0.734332832 0.789241528 0.759281972 0.737438378 0.721750544 0.770843760 0.718363606 0.694367361 0.721514696 0.719027930 1.099271933 0.812635177 0.804266101 0.815008645 0.730884443 0.716898745 0.000000000 0.375102704 0.364190113 0.371613592 0.437709668 0.774303974 0.779590358 0.803343066 0.955044744 0.947996938 0.948331579 0.946667647 0.915124366 0.915291284 0.908671886 0.929156757 0.895524359 0.908845943 0.952324318 0.949317772 0.960632728 0.976947332 0.976534852 1.033754680 1.506693877 
28     0.802123379 0.858538067 0.819032064 0.816033037 0.826101478 0.759090684 0.809373179 0.822316121 0.778125750 0.808912381 0.769858977 0.832695795 0.808071584 0.778624006 0.765202090 0.808300339 0.750789282 0.731912291 0.755529486 0.749868767 1.127741986 0.846978934 0.836769681 0.849040749 0.774531631 0.753296256 0.375102704 0.000000000 0.213287205 0.228991676 0.503949468 0.814300848 0.815895360 0.851908303 0.977697895 0.966549273 0.969522448 0.968166127 0.936422764 0.936583341 0.928866999 0.953577469 0.935000128 0.948571958 0.996654058 0.992254038 0.990597880 0.999131118 0.999068933 1.072181481 1.537215965 
13     0.804337477 0.849537494 0.811683340 0.804511574 0.815040747 0.750201957 0.799164109 0.814199229 0.769985616 0.799170742 0.750547885 0.808418257 0.784303715 0.763619662 0.755353194 0.793544105 0.745368584 0.717124157 0.742491232 0.734797344 1.123251831 0.843731103 0.833743389 0.845569803 0.764463422 0.740259060 0.364190113 0.213287205 0.000000000 0.200799000 0.487317312 0.807324274 0.805845160 0.834435892 0.966573717 0.951223679 0.954708546 0.953117226 0.918526207 0.918703914 0.911583604 0.934942522 0.929116946 0.942576624 0.985048230 0.980628900 0.983154121 0.992004379 0.992202538 1.059253315 1.524196200 
40     0.813039114 0.861810081 0.822557145 0.817886706 0.825989311 0.765479601 0.810740063 0.824925791 0.779352689 0.810260018 0.762260009 0.824718420 0.798844021 0.776244421 0.764133544 0.805005118 0.756968637 0.728920256 0.759435689 0.745528107 1.135532622 0.847132235 0.837617597 0.853166623 0.769523199 0.752806529 0.371613592 0.228991676 0.200799000 0.000000000 0.493260252 0.814023598 0.814422201 0.848208493 0.974952584 0.960558275 0.962782590 0.961469218 0.927691191 0.928002659 0.920020182 0.948778400 0.933371209 0.948182227 0.993052357 0.988676732 0.991882249 1.004562540 1.005564541 1.069463277 1.532745138 
14     0.885954516 0.920042461 0.892321546 0.897201706 0.907961793 0.843830241 0.887303376 0.899969936 0.863297477 0.869569387 0.834812437 0.887384719 0.864582397 0.843065886 0.824304749 0.864193772 0.823264996 0.789819845 0.820704408 0.820066945 1.208269785 0.905890602 0.896950090 0.908717225 0.833512241 0.815144413 0.437709668 0.503949468 0.487317312 0.493260252 0.000000000 0.884416628 0.883785258 0.916249338 1.058001930 1.044800220 1.047265065 1.046184705 1.013206230 1.013364874 1.007314199 1.034040589 1.018425535 1.031335760 1.071569437 1.067892905 1.069844152 1.090303872 1.089482001 1.141517553 1.609047558 
17     0.801537234 0.848110459 0.800443722 0.816558268 0.821831879 0.764938400 0.818817070 0.822739987 0.779731641 0.813839820 0.778540200 0.834399237 0.808980773 0.784749622 0.769330060 0.811529398 0.768037983 0.740799775 0.770950541 0.771753314 1.142908544 0.857930841 0.847489363 0.845084133 0.786252793 0.756869145 0.774303974 0.814300848 0.807324274 0.814023598 0.884416628 0.000000000 0.717785004 0.752991724 0.932746202 0.918380609 0.918843112 0.917528397 0.886632430 0.885576343 0.880896918 0.917229100 0.873563412 0.882824025 0.925342101 0.920359307 0.907002838 0.948237106 0.954059496 0.980981055 1.506239385 
22     0.784398482 0.828532994 0.781329211 0.805787937 0.812723337 0.752178090 0.805598703 0.809652534 0.760055670 0.805356296 0.772703270 0.824688827 0.803723092 0.780086264 0.760797423 0.808979348 0.759711096 0.751316142 0.771494704 0.770402702 1.149773772 0.870020055 0.861131671 0.856004881 0.787413298 0.757110114 0.779590358 0.815895360 0.805845160 0.814422201 0.883785258 0.717785004 0.000000000 0.715208659 0.933289156 0.918921026 0.919091992 0.919132531 0.882427887 0.882846365 0.881063607 0.916385188 0.877190740 0.887991825 0.930449678 0.925689108 0.932575931 0.954507048 0.947585074 0.976649900 1.531692593 
27     0.836964901 0.885250190 0.834768274 0.851604168 0.856890239 0.788535124 0.847005554 0.854544096 0.814142136 0.852025945 0.815715909 0.864643256 0.842318433 0.824790026 0.803629054 0.846718729 0.788260147 0.784867806 0.809460965 0.806293547 1.192351297 0.913351895 0.900268858 0.898703691 0.826109300 0.798605442 0.803343066 0.851908303 0.834435892 0.848208493 0.916249338 0.752991724 0.715208659 0.000000000 0.988009271 0.977602381 0.979375705 0.978307510 0.944769542 0.945112721 0.939827786 0.969519356 0.916040142 0.927097167 0.968387894 0.962668312 0.969620913 0.992977652 1.001400079 1.028960610 1.562306643 
3     0.973644739 1.031797107 0.968817991 0.964686327 0.969942337 0.909737515 0.964556769 0.958467336 0.909939571 0.972895036 0.939816997 1.009264508 0.989610223 0.960912797 0.941714546 0.988477335 0.935795391 0.915130562 0.947727045 0.937530044 1.310523197 1.018141561 1.009570690 1.004009754 0.939154435 0.918029494 0.955044744 0.977697895 0.966573717 0.974952584 1.058001930 0.932746202 0.933289156 0.988009271 0.000000000 0.396836718 0.397177610 0.396315507 0.349530228 0.354123718 0.343440983 0.745239300 0.983368035 0.993400036 1.036068503 1.032063827 1.030383408 1.063780569 1.051195170 1.105757305 1.608178765 
25     0.974746112 1.028225948 0.968894946 0.961357022 0.969667252 0.907075466 0.966599983 0.953301317 0.906532817 0.973291286 0.927408094 1.004299423 0.985985211 0.957822839 0.935805978 0.979528283 0.926068808 0.910988061 0.944485351 0.932472017 1.304027815 1.011420210 1.002932688 0.997656965 0.936254912 0.911538337 0.947996938 0.966549273 0.951223679 0.960558275 1.044800220 0.918380609 0.918921026 0.977602381 0.396836718 0.000000000 0.136952861 0.141740818 0.345325833 0.344197532 0.343448607 0.737061076 0.971646801 0.981351598 1.021288307 1.017443218 1.022078783 1.049712253 1.039155822 1.097853524 1.603598948 
29     0.970838732 1.024661205 0.968189480 0.962546787 0.970866034 0.906642206 0.966465751 0.952747514 0.904313741 0.973473878 0.927581595 1.005442383 0.987118137 0.957854433 0.934884887 0.979360922 0.926169669 0.911517199 0.945736828 0.932232721 1.304714486 1.012650505 1.003160841 0.997045599 0.936468625 0.911863188 0.948331579 0.969522448 0.954708546 0.962782590 1.047265065 0.918843112 0.919091992 0.979375705 0.397177610 0.136952861 0.000000000 0.095698077 0.351005898 0.347159779 0.345692166 0.742956907 0.973868258 0.983718240 1.023426155 1.019581066 1.022168203 1.050275033 1.039069378 1.098328140 1.602947937 
8     0.968945166 1.022573607 0.966578884 0.959136907 0.966989250 0.903841040 0.963258079 0.949986962 0.901211748 0.972153905 0.926125315 1.004920046 0.986274896 0.957095595 0.933704997 0.976916100 0.923755018 0.910220590 0.944116033 0.929721385 1.302234084 1.010164416 1.001400772 0.995177446 0.934948683 0.910190898 0.946667647 0.968166127 0.953117226 0.961469218 1.046184705 0.917528397 0.919132531 0.978307510 0.396315507 0.141740818 0.095698077 0.000000000 0.354329814 0.352809960 0.350615134 0.742188103 0.972861271 0.982751299 1.022560293 1.018715204 1.022304212 1.051231893 1.041305000 1.097197439 1.602983679 
20     0.940441083 0.997398403 0.936006409 0.929767186 0.936366131 0.872277512 0.929812564 0.923339748 0.872346283 0.934806017 0.896130620 0.973897919 0.953580775 0.923257387 0.906837740 0.951036814 0.898370504 0.879375860 0.913196007 0.898818359 1.269208136 0.977395541 0.967982276 0.965472024 0.898952809 0.876440658 0.915124366 0.936422764 0.918526207 0.927691191 1.013206230 0.886632430 0.882427887 0.944769542 0.349530228 0.345325833 0.351005898 0.354329814 0.000000000 0.074266367 0.119618998 0.691938920 0.938007591 0.947659178 0.986579570 0.982316253 0.989072094 1.018048365 1.007771750 1.059789942 1.563111101 
21     0.940600764 0.996632677 0.936650804 0.930416238 0.937003824 0.873084431 0.930594947 0.923499751 0.872596235 0.935727844 0.898225578 0.975885397 0.955433734 0.925519735 0.909012433 0.951223187 0.898539786 0.880724186 0.914108464 0.900903940 1.269364940 0.977543632 0.968152816 0.965325541 0.899427607 0.876608569 0.915291284 0.936583341 0.918703914 0.928002659 1.013364874 0.885576343 0.882846365 0.945112721 0.354123718 0.344197532 0.347159779 0.352809960 0.074266367 0.000000000 0.123395995 0.694592239 0.937885541 0.947537128 0.987319116 0.983069146 0.989787106 1.018738058 1.008461393 1.060509459 1.565020784 
15     0.935209307 0.990907537 0.928862123 0.926779969 0.933355831 0.868252393 0.926016294 0.919354405 0.869576920 0.929619771 0.892188640 0.969676988 0.949306162 0.919665136 0.902422291 0.945603292 0.892059168 0.874252807 0.905556465 0.892327175 1.263637902 0.973321937 0.963589202 0.959706083 0.894915392 0.871647428 0.908671886 0.928866999 0.911583604 0.920020182 1.007314199 0.880896918 0.881063607 0.939827786 0.343440983 0.343448607 0.345692166 0.350615134 0.119618998 0.123395995 0.000000000 0.683607250 0.931870066 0.941228581 0.980712281 0.976792413 0.983423387 1.011845060 1.001262254 1.053730556 1.559951332 
30     0.957470889 1.005938204 0.951007345 0.959191245 0.965312470 0.905776727 0.962232178 0.956365655 0.904707611 0.965014835 0.921568248 0.990239673 0.963778409 0.941993111 0.913024323 0.969859246 0.904013388 0.891558296 0.923453730 0.905801750 1.274909558 0.998472069 0.989466307 0.980870386 0.915432703 0.889149962 0.929156757 0.953577469 0.934942522 0.948778400 1.034040589 0.917229100 0.916385188 0.969519356 0.745239300 0.737061076 0.742956907 0.742188103 0.691938920 0.694592239 0.683607250 0.000000000 0.969688412 0.978077306 1.012920704 1.008816306 1.024414932 1.046406404 1.039900960 1.080299347 1.585092980 
43     0.919132256 0.969168540 0.917916161 0.922697147 0.928777524 0.873946719 0.928873236 0.912698384 0.869827347 0.930824046 0.894019652 0.953193345 0.935343900 0.908799570 0.897055438 0.928913933 0.875237785 0.870208209 0.895982757 0.887242643 1.283132326 0.986371363 0.979011180 0.970043792 0.913177308 0.855328683 0.895524359 0.935000128 0.929116946 0.933371209 1.018425535 0.873563412 0.877190740 0.916040142 0.983368035 0.971646801 0.973868258 0.972861271 0.938007591 0.937885541 0.931870066 0.969688412 0.000000000 0.133310417 0.382999759 0.377795062 0.700820539 0.743670473 0.723127786 0.769031616 1.496243786 
48     0.931078012 0.980926660 0.930131596 0.934665543 0.941294022 0.886428258 0.941669780 0.923362364 0.881541264 0.945324800 0.910663192 0.964063617 0.946229651 0.926255555 0.912676526 0.943862361 0.890055650 0.884163253 0.910875078 0.902224198 1.294841724 0.999209680 0.991689635 0.981925385 0.925454236 0.866326141 0.908845943 0.948571958 0.942576624 0.948182227 1.031335760 0.882824025 0.887991825 0.927097167 0.993400036 0.981351598 0.983718240 0.982751299 0.947659178 0.947537128 0.941228581 0.978077306 0.133310417 0.000000000 0.391635057 0.386451393 0.707933085 0.752257475 0.733813247 0.774707486 1.503051561 
50     0.982070194 1.029465481 0.979021908 0.973089231 0.983037278 0.923584637 0.982697098 0.958811366 0.919691394 0.988070397 0.950300386 1.003940306 0.987834004 0.965008980 0.952590142 0.992142580 0.938705764 0.934743886 0.959425720 0.944629461 1.324465262 1.031368020 1.023909796 1.014325180 0.958267281 0.913082787 0.952324318 0.996654058 0.985048230 0.993052357 1.071569437 0.925342101 0.930449678 0.968387894 1.036068503 1.021288307 1.023426155 1.022560293 0.986579570 0.987319116 0.980712281 1.012920704 0.382999759 0.391635057 0.000000000 0.120580332 0.717255361 0.762648435 0.749033694 0.800593534 1.543551008 
49     0.977156372 1.024543496 0.973789386 0.968539206 0.978578991 0.919029096 0.978161953 0.953839911 0.914806825 0.983331827 0.945641319 0.999065820 0.983105391 0.960228723 0.947870007 0.987326483 0.933723966 0.929958590 0.954507372 0.939715761 1.319982112 1.026819852 1.019361628 1.009696908 0.953739995 0.908314353 0.949317772 0.992254038 0.980628900 0.988676732 1.067892905 0.920359307 0.925689108 0.962668312 1.032063827 1.017443218 1.019581066 1.018715204 0.982316253 0.983069146 0.976792413 1.008816306 0.377795062 0.386451393 0.120580332 0.000000000 0.712196503 0.757502796 0.743886182 0.795693855 1.540882978 
46     0.971429810 1.025507546 0.969438230 0.984850944 0.994729792 0.928333951 0.997892654 0.988876352 0.936743418 0.990122498 0.941605074 0.997686043 0.984485213 0.958118812 0.945067392 0.990116203 0.932226276 0.921486481 0.958511588 0.931137449 1.325041292 1.043320090 1.034018040 1.027952692 0.978008537 0.921709249 0.960632728 0.990597880 0.983154121 0.991882249 1.069844152 0.907002838 0.932575931 0.969620913 1.030383408 1.022078783 1.022168203 1.022304212 0.989072094 0.989787106 0.983423387 1.024414932 0.700820539 0.707933085 0.717255361 0.712196503 0.000000000 0.556806234 0.556088527 0.777363808 1.523402861 
45     0.997686211 1.059088417 1.000651284 1.000974755 1.015097274 0.955416171 1.018808907 1.003413248 0.953348508 1.003418013 0.959563678 1.005563562 0.989733240 0.977412080 0.969780921 1.013151178 0.949983935 0.954590812 0.982973974 0.961761356 1.336203320 1.059858850 1.049334124 1.041519822 1.001832836 0.952967022 0.976947332 0.999131118 0.992004379 1.004562540 1.090303872 0.948237106 0.954507048 0.992977652 1.063780569 1.049712253 1.050275033 1.051231893 1.018048365 1.018738058 1.011845060 1.046406404 0.743670473 0.752257475 0.762648435 0.757502796 0.556806234 0.000000000 0.291733581 0.818483623 1.557645032 
47     0.987371210 1.046770447 0.990090183 1.005435941 1.017320616 0.961690242 1.023983642 1.004105519 0.958837503 1.005103003 0.962685200 1.006733038 0.993795756 0.979587033 0.972012063 1.012215413 0.952574588 0.959530488 0.986209700 0.964948098 1.358242709 1.060231450 1.049264712 1.041362259 0.998590709 0.935909941 0.976534852 0.999068933 0.992202538 1.005564541 1.089482001 0.954059496 0.947585074 1.001400079 1.051195170 1.039155822 1.039069378 1.041305000 1.007771750 1.008461393 1.001262254 1.039900960 0.723127786 0.733813247 0.749033694 0.743886182 0.556088527 0.291733581 0.000000000 0.815101802 1.554089432 
44     1.047188193 1.094282929 1.036727826 1.040497006 1.048999247 0.998116851 1.057578752 1.041289832 0.986513125 1.052485763 1.004743362 1.069883795 1.060215125 1.026055853 1.014180696 1.052987784 1.001335897 0.989149699 1.019810287 0.995784789 1.392518392 1.104658323 1.095040855 1.086991506 1.039946102 0.974180524 1.033754680 1.072181481 1.059253315 1.069463277 1.141517553 0.980981055 0.976649900 1.028960610 1.105757305 1.097853524 1.098328140 1.097197439 1.059789942 1.060509459 1.053730556 1.080299347 0.769031616 0.774707486 0.800593534 0.795693855 0.777363808 0.818483623 0.815101802 0.000000000 1.587873654 
0     1.552168636 1.599708769 1.574740664 1.523803093 1.516187193 1.483593243 1.535116713 1.507201554 1.466582503 1.518581224 1.507849394 1.537859149 1.513262787 1.508821476 1.525558723 1.542372585 1.519722424 1.493071077 1.532437224 1.499227154 1.839447310 1.561584984 1.556361340 1.555260056 1.502020253 1.445016590 1.506693877 1.537215965 1.524196200 1.532745138 1.609047558 1.506239385 1.531692593 1.562306643 1.608178765 1.603598948 1.602947937 1.602983679 1.563111101 1.565020784 1.559951332 1.585092980 1.496243786 1.503051561 1.543551008 1.540882978 1.523402861 1.557645032 1.554089432 1.587873654 0.000000000 
