51
17     0.000000000 0.000000580 0.000123190 0.000220310 0.000414960 0.000780490 0.000923920 0.000182730 0.000499590 0.000756660 0.000194790 0.000433140 0.000358420 0.000910940 0.000424410 0.000501640 0.000552250 0.000872930 0.000885880 0.000225020 0.000539690 0.000490030 0.000309720 0.000217870 0.000205500 0.000247890 0.001189940 0.000253760 0.000570640 0.000738450 0.000893850 0.000796110 0.000397440 0.001050900 0.000450350 0.000873660 0.000871430 0.000812770 0.000099570 0.000374870 0.000432670 0.000529140 0.001051370 0.000575930 0.000643290 0.000219390 0.000192220 0.001272860 0.000755600 0.000700990 0.000104290 
10     0.000000580 0.000000000 0.000117450 0.000214570 0.000406150 0.000723380 0.000811550 0.000176990 0.000323990 0.000692590 0.000294590 0.000726330 0.000347190 0.000772910 0.000425440 0.000432530 0.000483140 0.000841140 0.000816770 0.000475170 0.000467670 0.000465910 0.000549970 0.000202070 0.000130280 0.000232090 0.000921090 0.000259240 0.000710440 0.000553770 0.000928370 0.000811620 0.000494850 0.000219200 0.000228380 0.000718010 0.000893810 0.000606540 0.000085480 0.000472280 0.000477050 0.000626240 0.000404080 0.000585000 0.000945060 0.000226330 0.000197700 0.001014860 0.000188970 0.000445670 0.000119800 
13     0.000123190 0.000117450 0.000000000 0.000002010 0.000704760 0.000696730 0.000672730 0.000149340 0.000487560 0.000522050 0.000355680 0.000678190 0.000606810 0.000678260 0.000313370 0.000507540 0.000693020 0.000746490 0.000732640 0.000401390 0.000720310 0.000606390 0.000336860 0.000558300 0.000525490 0.000751590 0.000523190 0.000591680 0.000107270 0.000068870 0.000237700 0.000337060 0.000757600 0.000750970 0.000877630 0.000773280 0.000251620 0.000805030 0.001042110 0.000524420 0.000725280 0.000517310 0.000631640 0.000371310 0.000435250 0.000551780 0.000448040 0.000207590 0.000007520 0.000268040 0.000232650 
18     0.000220310 0.000214570 0.000002010 0.000000000 0.000759960 0.000824840 0.000853290 0.000246460 0.000251290 0.000531450 0.000340250 0.000587760 0.000664950 0.000172840 0.000423810 0.000466670 0.000602590 0.000656060 0.000642210 0.000507570 0.000629880 0.000572750 0.000432510 0.000492980 0.000486870 0.000368560 0.000736010 0.000584810 0.000140400 0.000263610 0.000110970 0.000370190 0.000745300 0.000660540 0.000908020 0.000803670 0.000191530 0.000835420 0.000951680 0.000634110 0.000652150 0.000506500 0.000571100 0.000503800 0.000439900 0.000708380 0.000665450 0.000505620 0.000037910 0.000491260 0.000435090 
5     0.000414960 0.000406150 0.000704760 0.000759960 0.000000000 0.000061510 0.000061690 0.000080110 0.000001680 0.000641150 0.000125740 0.001003070 0.000143260 0.001055270 0.001029090 0.000986800 0.000824930 0.000620200 0.000499120 0.000545940 0.000224920 0.000338490 0.000926710 0.000398870 0.000293060 0.000507040 0.000954030 0.000653040 0.000468350 0.000982550 0.000559750 0.000760170 0.000255700 0.000785770 0.001117110 0.001125580 0.001158810 0.000637790 0.000182170 0.000175670 0.000084890 0.000560850 0.000539340 0.000553550 0.000673880 0.000472840 0.000183780 0.000093500 0.000541880 0.000090270 0.000917640 
1     0.000780490 0.000723380 0.000696730 0.000824840 0.000061510 0.000000000 0.000001950 0.000018600 0.000063190 0.000931950 0.000296530 0.000308740 0.000213220 0.000752790 0.001298160 0.001247710 0.000878850 0.000850070 0.000808170 0.000523900 0.000230880 0.000409120 0.001444030 0.001441650 0.001406460 0.001296220 0.000850930 0.000871780 0.001140520 0.000986630 0.000814730 0.000396050 0.000375950 0.001047050 0.000600160 0.001213520 0.001255490 0.001413900 0.000972890 0.001157680 0.000023400 0.000688180 0.001327090 0.000284350 0.001127110 0.000997350 0.000997620 0.001457940 0.000413470 0.001130510 0.001107130 
22     0.000923920 0.000811550 0.000672730 0.000853290 0.000061690 0.000001950 0.000000000 0.000022840 0.000061980 0.000945620 0.000830550 0.000318560 0.000218360 0.001207330 0.001295560 0.000159020 0.001234230 0.000859580 0.000817680 0.000557070 0.000456270 0.000634510 0.001419060 0.001402480 0.001381490 0.001309890 0.001121650 0.000797160 0.001171380 0.001033980 0.000714840 0.000406830 0.000226590 0.001256390 0.000323480 0.001227190 0.001269160 0.001374730 0.000427890 0.000681400 0.000498360 0.000678990 0.000187920 0.000378620 0.001140780 0.001183680 0.001164550 0.001471610 0.000467860 0.001144180 0.000896080 
12     0.000182730 0.000176990 0.000149340 0.000246460 0.000080110 0.000018600 0.000022840 0.000000000 0.000033680 0.000864620 0.000369770 0.000271960 0.000533480 0.001012380 0.001039540 0.001253210 0.000639060 0.000671600 0.000078630 0.000938900 0.000939740 0.000957650 0.001411220 0.000823440 0.000814750 0.000900270 0.000645330 0.000569210 0.000738240 0.001033950 0.000667030 0.000789610 0.000308700 0.001055480 0.001241650 0.001255040 0.000936970 0.000046470 0.000159390 0.000678460 0.000042000 0.001307770 0.000184980 0.000487010 0.001168630 0.000858560 0.000950730 0.001499460 0.000579100 0.000706140 0.000116070 
8     0.000499590 0.000323990 0.000487560 0.000251290 0.000001680 0.000063190 0.000061980 0.000033680 0.000000000 0.000821130 0.000124760 0.000471310 0.000339750 0.000313510 0.000143760 0.000865290 0.000989220 0.000585740 0.000566140 0.000523800 0.000257550 0.000275460 0.000261040 0.000151880 0.000080600 0.000384400 0.000684680 0.000098540 0.000626510 0.000702010 0.000487340 0.000055740 0.000056230 0.000247380 0.000243080 0.000140540 0.000072660 0.001213070 0.000310510 0.000280590 0.000086570 0.000236660 0.000195260 0.000314770 0.001016290 0.000503540 0.000030530 0.000874600 0.000263630 0.000589170 0.000531970 
7     0.000756660 0.000692590 0.000522050 0.000531450 0.000641150 0.000931950 0.000945620 0.000864620 0.000821130 0.000000000 0.000002000 0.000279370 0.000002000 0.001303110 0.001146190 0.000546390 0.000442560 0.000854230 0.000863410 0.000039290 0.000375160 0.000327690 0.000725910 0.000174860 0.000179530 0.000856220 0.000679100 0.000584510 0.000169710 0.000443360 0.000730660 0.000088810 0.000600280 0.000905650 0.000272250 0.000455870 0.000771400 0.000463980 0.001092410 0.001226980 0.000454590 0.000726120 0.001160680 0.000213170 0.000524330 0.000229750 0.000228570 0.000302550 0.000762670 0.000249890 0.000353800 
6     0.000194790 0.000294590 0.000355680 0.000340250 0.000125740 0.000296530 0.000830550 0.000369770 0.000124760 0.000002000 0.000000000 0.000777560 0.000312630 0.000825800 0.000986870 0.001140140 0.001077650 0.000632940 0.000577330 0.000285160 0.000774860 0.000756650 0.000274890 0.000164620 0.000188720 0.000693880 0.000306310 0.000617470 0.000879600 0.000891910 0.000551300 0.000265600 0.000807460 0.000558530 0.000637830 0.000028810 0.000980690 0.001104390 0.000678600 0.000502640 0.000258820 0.000404890 0.001139230 0.000263530 0.000570320 0.000442310 0.000226890 0.000417790 0.000737400 0.000112540 0.000036870 
20     0.000433140 0.000726330 0.000678190 0.000587760 0.001003070 0.000308740 0.000318560 0.000271960 0.000471310 0.000279370 0.000777560 0.000000000 0.000036140 0.000000090 0.000406550 0.000345950 0.000014850 0.000068320 0.000054470 0.000321420 0.000042140 0.000007150 0.000714040 0.000636040 0.000635620 0.000432860 0.000158230 0.000646880 0.000341520 0.000411460 0.000349710 0.000050480 0.000581490 0.000082760 0.000234580 0.000691780 0.000733750 0.000873540 0.000373900 0.000406070 0.000531800 0.000457670 0.000211610 0.000083800 0.000450670 0.000263060 0.000263330 0.000402010 0.000423530 0.000608770 0.000222640 
15     0.000358420 0.000347190 0.000606810 0.000664950 0.000143260 0.000213220 0.000218360 0.000533480 0.000339750 0.000002000 0.000312630 0.000036140 0.000000000 0.000173750 0.000226850 0.000329790 0.000143680 0.000363570 0.000278940 0.000328720 0.000284970 0.000100730 0.000915970 0.000920610 0.000922020 0.000514280 0.000501010 0.000479500 0.000000450 0.000608420 0.000000850 0.000171220 0.000599360 0.000641570 0.000497450 0.000773200 0.000557830 0.000452530 0.000095290 0.000258150 0.000388480 0.000658160 0.000012070 0.000073390 0.000446420 0.000059660 0.000607980 0.000318490 0.000459860 0.000346340 0.000181560 
21     0.000910940 0.000772910 0.000678260 0.000172840 0.001055270 0.000752790 0.001207330 0.001012380 0.000313510 0.001303110 0.000825800 0.000000090 0.000173750 0.000000000 0.000025670 0.000502710 0.000014920 0.000068390 0.000054540 0.000587930 0.000042210 0.000007220 0.001218410 0.001043460 0.001035900 0.000976680 0.000158300 0.000560900 0.000409870 0.000411530 0.000648870 0.000050550 0.000766620 0.000082830 0.001045670 0.001246630 0.001279860 0.000442150 0.000373970 0.000326760 0.000282160 0.000546090 0.000358980 0.000174810 0.000724000 0.000263130 0.000263400 0.000476530 0.000234610 0.000642230 0.001030620 
16     0.000424410 0.000425440 0.000313370 0.000423810 0.001029090 0.001298160 0.001295560 0.001039540 0.000143760 0.001146190 0.000986870 0.000406550 0.000226850 0.000025670 0.000000000 0.000239850 0.000026410 0.000273630 0.000189000 0.000743270 0.000070010 0.000381300 0.001290210 0.001115260 0.001107700 0.000854710 0.001257600 0.000531630 0.001089530 0.000921230 0.001045590 0.000681750 0.000821250 0.000636280 0.000421400 0.000552720 0.000577840 0.000610550 0.000729940 0.000293900 0.000711220 0.000284810 0.001326580 0.000316360 0.000789650 0.000799500 0.000107700 0.000821910 0.000050190 0.000488040 0.001022730 
11     0.000501640 0.000432530 0.000507540 0.000466670 0.000986800 0.001247710 0.000159020 0.001253210 0.000865290 0.000546390 0.001140140 0.000345950 0.000329790 0.000502710 0.000239850 0.000000000 0.000018750 0.000167750 0.000069400 0.000505490 0.000333240 0.000493640 0.000176870 0.000741840 0.000721260 0.000616930 0.000508710 0.000456060 0.000443020 0.000302110 0.000807810 0.000553100 0.000778960 0.000369220 0.000702860 0.000825560 0.000858790 0.000885590 0.000138730 0.000908690 0.000668930 0.000616110 0.000743540 0.000394840 0.000399010 0.000242750 0.000356060 0.000910110 0.000515610 0.000339110 0.000223320 
19     0.000552250 0.000483140 0.000693020 0.000602590 0.000824930 0.000878850 0.001234230 0.000639060 0.000989220 0.000442560 0.001077650 0.000014850 0.000143680 0.000014920 0.000026410 0.000018750 0.000000000 0.000083070 0.000069220 0.000470390 0.000056890 0.000021900 0.000155070 0.000889620 0.000824650 0.000581830 0.000173060 0.000506670 0.000424630 0.000037900 0.000663630 0.000065310 0.000774350 0.000097590 0.000812480 0.000820950 0.000854180 0.000880980 0.000388730 0.000420900 0.000309760 0.000296100 0.000096790 0.000189570 0.000620850 0.000234450 0.000278160 0.001022090 0.000482060 0.000693100 0.000206700 
4     0.000872930 0.000841140 0.000746490 0.000656060 0.000620200 0.000850070 0.000859580 0.000671600 0.000585740 0.000854230 0.000632940 0.000068320 0.000363570 0.000068390 0.000273630 0.000167750 0.000083070 0.000000000 0.000001980 0.000168330 0.000110360 0.000075370 0.000797680 0.000765010 0.000788120 0.000496010 0.000226530 0.000758110 0.000478100 0.000479760 0.000686890 0.000118780 0.000812740 0.000151060 0.000840920 0.000854310 0.000892570 0.000919370 0.000079670 0.000474370 0.000543390 0.000557190 0.000910990 0.000243040 0.000187930 0.000331360 0.000331630 0.001018920 0.000396240 0.000690070 0.000774440 
2     0.000885880 0.000816770 0.000732640 0.000642210 0.000499120 0.000808170 0.000817680 0.000078630 0.000566140 0.000863410 0.000577330 0.000054470 0.000278940 0.000054540 0.000189000 0.000069400 0.000069220 0.000001980 0.000000000 0.000363460 0.000096510 0.000061520 0.000806860 0.000774190 0.000797300 0.000482760 0.000212680 0.000400200 0.000464250 0.000465910 0.000673640 0.000104930 0.000728110 0.000137210 0.000766240 0.000498400 0.000499900 0.000834740 0.000074300 0.000460520 0.000618080 0.000486620 0.000840420 0.000229190 0.000403900 0.000317510 0.000317780 0.000975260 0.000382990 0.000646410 0.000777650 
9     0.000225020 0.000475170 0.000401390 0.000507570 0.000545940 0.000523900 0.000557070 0.000938900 0.000523800 0.000039290 0.000285160 0.000321420 0.000328720 0.000587930 0.000743270 0.000505490 0.000470390 0.000168330 0.000363460 0.000000000 0.000048380 0.000001180 0.000773380 0.000494160 0.000481790 0.000231280 0.000742280 0.000736980 0.000649920 0.000215440 0.000639880 0.000352290 0.000127660 0.000831870 0.000100760 0.000297960 0.000293310 0.000204320 0.000709250 0.000356630 0.000674600 0.000860030 0.000315930 0.000282300 0.000364730 0.000247000 0.000266530 0.000748340 0.000439670 0.000454540 0.000775120 
3     0.000539690 0.000467670 0.000720310 0.000629880 0.000224920 0.000230880 0.000456270 0.000939740 0.000257550 0.000375160 0.000774860 0.000042140 0.000284970 0.000042210 0.000070010 0.000333240 0.000056890 0.000110360 0.000096510 0.000048380 0.000000000 0.000005760 0.000175940 0.000328000 0.000299550 0.000019490 0.000200350 0.000169200 0.000374600 0.000453580 0.000690920 0.000092600 0.000659530 0.000118090 0.000148610 0.000341850 0.000389650 0.000525770 0.000157760 0.000448190 0.000445420 0.000310220 0.000166620 0.000061760 0.000522020 0.000305180 0.000305450 0.000633230 0.000107410 0.000235450 0.000749670 
14     0.000490030 0.000465910 0.000606390 0.000572750 0.000338490 0.000409120 0.000634510 0.000957650 0.000275460 0.000327690 0.000756650 0.000007150 0.000100730 0.000007220 0.000381300 0.000493640 0.000021900 0.000075370 0.000061520 0.000001180 0.000005760 0.000000000 0.000128180 0.000304810 0.000276360 0.000078700 0.000165360 0.000376360 0.000268350 0.000418590 0.000276540 0.000057610 0.000773680 0.000089890 0.000791640 0.000513460 0.000561260 0.000466690 0.000180210 0.000194450 0.000607510 0.000038690 0.000308630 0.000091800 0.000523450 0.000270190 0.000270460 0.000622420 0.000454090 0.000077600 0.000674970 
40     0.000309720 0.000549970 0.000336860 0.000432510 0.000926710 0.001444030 0.001419060 0.001411220 0.000261040 0.000725910 0.000274890 0.000714040 0.000915970 0.001218410 0.001290210 0.000176870 0.000155070 0.000797680 0.000806860 0.000773380 0.000175940 0.000128180 0.000000000 0.000003010 0.000017460 0.000018520 0.000061460 0.000482220 0.000193650 0.000506940 0.000179470 0.000407330 0.000873150 0.001100960 0.000376140 0.000854350 0.000829700 0.000271440 0.000230380 0.000583120 0.000590780 0.000892510 0.000868440 0.000437150 0.000678920 0.000491400 0.000716130 0.000299780 0.000454190 0.000391360 0.000347360 
36     0.000217870 0.000202070 0.000558300 0.000492980 0.000398870 0.001441650 0.001402480 0.000823440 0.000151880 0.000174860 0.000164620 0.000636040 0.000920610 0.001043460 0.001115260 0.000741840 0.000889620 0.000765010 0.000774190 0.000494160 0.000328000 0.000304810 0.000003010 0.000000000 0.000000620 0.000019680 0.000064470 0.000055660 0.000125440 0.000377150 0.000595830 0.000795370 0.000338010 0.000628790 0.000381040 0.000530150 0.000549020 0.000409770 0.000884000 0.001098180 0.000192320 0.000423190 0.000032310 0.000278040 0.000353940 0.000485070 0.000834780 0.000229920 0.000575610 0.000259000 0.000280760 
33     0.000205500 0.000130280 0.000525490 0.000486870 0.000293060 0.001406460 0.001381490 0.000814750 0.000080600 0.000179530 0.000188720 0.000635620 0.000922020 0.001035900 0.001107700 0.000721260 0.000824650 0.000788120 0.000797300 0.000481790 0.000299550 0.000276360 0.000017460 0.000000620 0.000000000 0.000000250 0.000015180 0.000055240 0.000058280 0.000376730 0.000349390 0.000757380 0.000337590 0.000584090 0.000171900 0.000321010 0.000339880 0.000345200 0.000796960 0.000588680 0.000028680 0.000817900 0.000106880 0.000282300 0.000346530 0.000468690 0.000831950 0.000519140 0.000601550 0.000301140 0.000339590 
37     0.000247890 0.000232090 0.000751590 0.000368560 0.000507040 0.001296220 0.001309890 0.000900270 0.000384400 0.000856220 0.000693880 0.000432860 0.000514280 0.000976680 0.000854710 0.000616930 0.000581830 0.000496010 0.000482760 0.000231280 0.000019490 0.000078700 0.000018520 0.000019680 0.000000250 0.000000000 0.000079980 0.000150080 0.000453110 0.000704820 0.000751320 0.000817250 0.000756070 0.000198250 0.000865860 0.000918740 0.000960710 0.000422240 0.000895810 0.000509480 0.000461870 0.000918530 0.000942330 0.000580970 0.000718710 0.000571990 0.000148080 0.000435870 0.000551110 0.000419370 0.000435460 
39     0.001189940 0.000921090 0.000523190 0.000736010 0.000954030 0.000850930 0.001121650 0.000645330 0.000684680 0.000679100 0.000306310 0.000158230 0.000501010 0.000158300 0.001257600 0.000508710 0.000173060 0.000226530 0.000212680 0.000742280 0.000200350 0.000165360 0.000061460 0.000064470 0.000015180 0.000079980 0.000000000 0.000100120 0.000538610 0.000540270 0.000608980 0.000179290 0.000144220 0.000211570 0.000438190 0.000739520 0.000742530 0.000065240 0.000502710 0.000534880 0.000177450 0.000674830 0.000572830 0.000016510 0.000262960 0.000161890 0.000162160 0.000991350 0.000773520 0.000485520 0.000200980 
47     0.000253760 0.000259240 0.000591680 0.000584810 0.000653040 0.000871780 0.000797160 0.000569210 0.000098540 0.000584510 0.000617470 0.000646880 0.000479500 0.000560900 0.000531630 0.000456060 0.000506670 0.000758110 0.000400200 0.000736980 0.000169200 0.000376360 0.000482220 0.000055660 0.000055240 0.000150080 0.000100120 0.000000000 0.000847890 0.000413050 0.000484600 0.000511760 0.000373910 0.000681220 0.000175780 0.000539620 0.000693990 0.000368070 0.000534520 0.000324670 0.000643440 0.000237990 0.000765590 0.000212770 0.000258340 0.000249680 0.000115680 0.000520840 0.000350690 0.000131830 0.000591460 
29     0.000570640 0.000710440 0.000107270 0.000140400 0.000468350 0.001140520 0.001171380 0.000738240 0.000626510 0.000169710 0.000879600 0.000341520 0.000000450 0.000409870 0.001089530 0.000443020 0.000424630 0.000478100 0.000464250 0.000649920 0.000374600 0.000268350 0.000193650 0.000125440 0.000058280 0.000453110 0.000538610 0.000847890 0.000000000 0.000011240 0.000000420 0.000139780 0.000265450 0.000418880 0.000687000 0.000756960 0.000557960 0.000111280 0.000710020 0.000258280 0.000504220 0.000726540 0.000012200 0.000073720 0.000118060 0.000229040 0.000191570 0.000766910 0.000176220 0.000701080 0.000311330 
42     0.000738450 0.000553770 0.000068870 0.000263610 0.000982550 0.000986630 0.001033980 0.001033950 0.000702010 0.000443360 0.000891910 0.000411460 0.000608420 0.000411530 0.000921230 0.000302110 0.000037900 0.000479760 0.000465910 0.000215440 0.000453580 0.000418590 0.000506940 0.000377150 0.000376730 0.000704820 0.000540270 0.000413050 0.000011240 0.000000000 0.000080080 0.000208420 0.000120620 0.000157680 0.000347540 0.000426440 0.000468410 0.000686590 0.000471740 0.000606310 0.000533650 0.000448450 0.000540010 0.000384960 0.000404550 0.000501720 0.000492200 0.000776560 0.000426190 0.000222490 0.000663310 
32     0.000893850 0.000928370 0.000237700 0.000110970 0.000559750 0.000814730 0.000714840 0.000667030 0.000487340 0.000730660 0.000551300 0.000349710 0.000000850 0.000648870 0.001045590 0.000807810 0.000663630 0.000686890 0.000673640 0.000639880 0.000690920 0.000276540 0.000179470 0.000595830 0.000349390 0.000751320 0.000608980 0.000484600 0.000000420 0.000080080 0.000000000 0.000004670 0.000190840 0.000383690 0.000410410 0.000423800 0.000465770 0.000432530 0.000000240 0.000258680 0.000286170 0.000135120 0.000012600 0.000074120 0.000353260 0.000102180 0.000199760 0.000739130 0.000277370 0.000060140 0.000976510 
50     0.000796110 0.000811620 0.000337060 0.000370190 0.000760170 0.000396050 0.000406830 0.000789610 0.000055740 0.000088810 0.000265600 0.000050480 0.000171220 0.000050550 0.000681750 0.000553100 0.000065310 0.000118780 0.000104930 0.000352290 0.000092600 0.000057610 0.000407330 0.000795370 0.000757380 0.000817250 0.000179290 0.000511760 0.000139780 0.000208420 0.000004670 0.000000000 0.000615780 0.000059560 0.000647010 0.000303820 0.000607530 0.000714250 0.000004450 0.000382870 0.000666110 0.000369520 0.000320030 0.000028800 0.000470250 0.000284120 0.000284390 0.000797160 0.000045610 0.000021410 0.000667970 
24     0.000397440 0.000494850 0.000757600 0.000745300 0.000255700 0.000375950 0.000226590 0.000308700 0.000056230 0.000600280 0.000807460 0.000581490 0.000599360 0.000766620 0.000821250 0.000778960 0.000774350 0.000812740 0.000728110 0.000127660 0.000659530 0.000773680 0.000873150 0.000338010 0.000337590 0.000756070 0.000144220 0.000373910 0.000265450 0.000120620 0.000190840 0.000615780 0.000000000 0.000071550 0.000450760 0.000468240 0.000368820 0.000497370 0.000130220 0.000123290 0.000436780 0.000456220 0.000425970 0.000222630 0.000459800 0.000362330 0.000625230 0.000486350 0.000199540 0.000075140 0.000113320 
23     0.001050900 0.000219200 0.000750970 0.000660540 0.000785770 0.001047050 0.001256390 0.001055480 0.000247380 0.000905650 0.000558530 0.000082760 0.000641570 0.000082830 0.000636280 0.000369220 0.000097590 0.000151060 0.000137210 0.000831870 0.000118090 0.000089890 0.001100960 0.000628790 0.000584090 0.000198250 0.000211570 0.000681220 0.000418880 0.000157680 0.000383690 0.000059560 0.000071550 0.000000000 0.000393210 0.000481520 0.000268170 0.000420540 0.000063210 0.000288800 0.000199150 0.000154130 0.000293840 0.000027250 0.000583940 0.000316400 0.000316670 0.000620070 0.000495430 0.000333730 0.000904210 
38     0.000450350 0.000228380 0.000877630 0.000908020 0.001117110 0.000600160 0.000323480 0.001241650 0.000243080 0.000272250 0.000637830 0.000234580 0.000497450 0.001045670 0.000421400 0.000702860 0.000812480 0.000840920 0.000766240 0.000100760 0.000148610 0.000791640 0.000376140 0.000381040 0.000171900 0.000865860 0.000438190 0.000175780 0.000687000 0.000347540 0.000410410 0.000647010 0.000450760 0.000393210 0.000000000 0.000071670 0.000002420 0.000003890 0.000411910 0.000045100 0.000331100 0.000344890 0.000074540 0.000475700 0.000597120 0.000346000 0.000365530 0.000451870 0.000645920 0.000531940 0.000483700 
34     0.000873660 0.000718010 0.000773280 0.000803670 0.001125580 0.001213520 0.001227190 0.001255040 0.000140540 0.000455870 0.000028810 0.000691780 0.000773200 0.001246630 0.000552720 0.000825560 0.000820950 0.000854310 0.000498400 0.000297960 0.000341850 0.000513460 0.000854350 0.000530150 0.000321010 0.000918740 0.000739520 0.000539620 0.000756960 0.000426440 0.000423800 0.000303820 0.000468240 0.000481520 0.000071670 0.000000000 0.000012470 0.000012040 0.000490280 0.000432590 0.000529970 0.000344450 0.000028990 0.000547170 0.000610510 0.000543200 0.000562730 0.000941340 0.000605990 0.000534630 0.000763980 
45     0.000871430 0.000893810 0.000251620 0.000191530 0.001158810 0.001255490 0.001269160 0.000936970 0.000072660 0.000771400 0.000980690 0.000733750 0.000557830 0.001279860 0.000577840 0.000858790 0.000854180 0.000892570 0.000499900 0.000293310 0.000389650 0.000561260 0.000829700 0.000549020 0.000339880 0.000960710 0.000742530 0.000693990 0.000557960 0.000468410 0.000465770 0.000607530 0.000368820 0.000268170 0.000002420 0.000012470 0.000000000 0.000023890 0.000413540 0.000355850 0.000347580 0.000267710 0.000050680 0.000568860 0.000652480 0.000538550 0.000558080 0.000496360 0.000614380 0.000556320 0.000720520 
28     0.000812770 0.000606540 0.000805030 0.000835420 0.000637790 0.001413900 0.001374730 0.000046470 0.001213070 0.000463980 0.001104390 0.000873540 0.000452530 0.000442150 0.000610550 0.000885590 0.000880980 0.000919370 0.000834740 0.000204320 0.000525770 0.000466690 0.000271440 0.000409770 0.000345200 0.000422240 0.000065240 0.000368070 0.000111280 0.000686590 0.000432530 0.000714250 0.000497370 0.000420540 0.000003890 0.000012040 0.000023890 0.000000000 0.000439240 0.000343460 0.000358430 0.000332960 0.000020680 0.000241790 0.000441350 0.000449560 0.000469090 0.000265560 0.000411770 0.000203760 0.000450720 
46     0.000099570 0.000085480 0.001042110 0.000951680 0.000182170 0.000972890 0.000427890 0.000159390 0.000310510 0.001092410 0.000678600 0.000373900 0.000095290 0.000373970 0.000729940 0.000138730 0.000388730 0.000079670 0.000074300 0.000709250 0.000157760 0.000180210 0.000230380 0.000884000 0.000796960 0.000895810 0.000502710 0.000534520 0.000710020 0.000471740 0.000000240 0.000004450 0.000130220 0.000063210 0.000411910 0.000490280 0.000413540 0.000439240 0.000000000 0.000032170 0.000047910 0.000138790 0.000199630 0.000460820 0.000655230 0.000568520 0.000360720 0.000840160 0.000828240 0.000574120 0.000265180 
26     0.000374870 0.000472280 0.000524420 0.000634110 0.000175670 0.001157680 0.000681400 0.000678460 0.000280590 0.001226980 0.000502640 0.000406070 0.000258150 0.000326760 0.000293900 0.000908690 0.000420900 0.000474370 0.000460520 0.000356630 0.000448190 0.000194450 0.000583120 0.001098180 0.000588680 0.000509480 0.000534880 0.000324670 0.000258280 0.000606310 0.000258680 0.000382870 0.000123290 0.000288800 0.000045100 0.000432590 0.000355850 0.000343460 0.000032170 0.000000000 0.000072260 0.000117960 0.000120940 0.000331420 0.000790380 0.000639710 0.000639980 0.000542000 0.000747150 0.000793780 0.000550560 
30     0.000432670 0.000477050 0.000725280 0.000652150 0.000084890 0.000023400 0.000498360 0.000042000 0.000086570 0.000454590 0.000258820 0.000531800 0.000388480 0.000282160 0.000711220 0.000668930 0.000309760 0.000543390 0.000618080 0.000674600 0.000445420 0.000607510 0.000590780 0.000192320 0.000028680 0.000461870 0.000177450 0.000643440 0.000504220 0.000533650 0.000286170 0.000666110 0.000436780 0.000199150 0.000331100 0.000529970 0.000347580 0.000358430 0.000047910 0.000072260 0.000000000 0.000062480 0.000028540 0.000073040 0.000587210 0.000773710 0.000764190 0.000535890 0.000427540 0.000721120 0.000169010 
25     0.000529140 0.000626240 0.000517310 0.000506500 0.000560850 0.000688180 0.000678990 0.001307770 0.000236660 0.000726120 0.000404890 0.000457670 0.000658160 0.000546090 0.000284810 0.000616110 0.000296100 0.000557190 0.000486620 0.000860030 0.000310220 0.000038690 0.000892510 0.000423190 0.000817900 0.000918530 0.000674830 0.000237990 0.000726540 0.000448450 0.000135120 0.000369520 0.000456220 0.000154130 0.000344890 0.000344450 0.000267710 0.000332960 0.000138790 0.000117960 0.000062480 0.000000000 0.000000080 0.000424580 0.000029030 0.000715890 0.000427220 0.000212100 0.000518890 0.000666640 0.000118820 
35     0.001051370 0.000404080 0.000631640 0.000571100 0.000539340 0.001327090 0.000187920 0.000184980 0.000195260 0.001160680 0.001139230 0.000211610 0.000012070 0.000358980 0.001326580 0.000743540 0.000096790 0.000910990 0.000840420 0.000315930 0.000166620 0.000308630 0.000868440 0.000032310 0.000106880 0.000942330 0.000572830 0.000765590 0.000012200 0.000540010 0.000012600 0.000320030 0.000425970 0.000293840 0.000074540 0.000028990 0.000050680 0.000020680 0.000199630 0.000120940 0.000028540 0.000000080 0.000000000 0.000085340 0.000429720 0.000741130 0.000329240 0.000426230 0.000392100 0.000451560 0.000063910 
27     0.000575930 0.000585000 0.000371310 0.000503800 0.000553550 0.000284350 0.000378620 0.000487010 0.000314770 0.000213170 0.000263530 0.000083800 0.000073390 0.000174810 0.000316360 0.000394840 0.000189570 0.000243040 0.000229190 0.000282300 0.000061760 0.000091800 0.000437150 0.000278040 0.000282300 0.000580970 0.000016510 0.000212770 0.000073720 0.000384960 0.000074120 0.000028800 0.000222630 0.000027250 0.000475700 0.000547170 0.000568860 0.000241790 0.000460820 0.000331420 0.000073040 0.000424580 0.000085340 0.000000000 0.000069860 0.000178400 0.000089730 0.000398040 0.000162210 0.000070040 0.000177850 
41     0.000643290 0.000945060 0.000435250 0.000439900 0.000673880 0.001127110 0.001140780 0.001168630 0.001016290 0.000524330 0.000570320 0.000450670 0.000446420 0.000724000 0.000789650 0.000399010 0.000620850 0.000187930 0.000403900 0.000364730 0.000522020 0.000523450 0.000678920 0.000353940 0.000346530 0.000718710 0.000262960 0.000258340 0.000118060 0.000404550 0.000353260 0.000470250 0.000459800 0.000583940 0.000597120 0.000610510 0.000652480 0.000441350 0.000655230 0.000790380 0.000587210 0.000029030 0.000429720 0.000069860 0.000000000 0.000081830 0.000282770 0.000336410 0.000066180 0.000000180 0.000521170 
43     0.000219390 0.000226330 0.000551780 0.000708380 0.000472840 0.000997350 0.001183680 0.000858560 0.000503540 0.000229750 0.000442310 0.000263060 0.000059660 0.000263130 0.000799500 0.000242750 0.000234450 0.000331360 0.000317510 0.000247000 0.000305180 0.000270190 0.000491400 0.000485070 0.000468690 0.000571990 0.000161890 0.000249680 0.000229040 0.000501720 0.000102180 0.000284120 0.000362330 0.000316400 0.000346000 0.000543200 0.000538550 0.000449560 0.000568520 0.000639710 0.000773710 0.000715890 0.000741130 0.000178400 0.000081830 0.000000000 0.000000270 0.000218910 0.000223840 0.000220840 0.000471470 
31     0.000192220 0.000197700 0.000448040 0.000665450 0.000183780 0.000997620 0.001164550 0.000950730 0.000030530 0.000228570 0.000226890 0.000263330 0.000607980 0.000263400 0.000107700 0.000356060 0.000278160 0.000331630 0.000317780 0.000266530 0.000305450 0.000270460 0.000716130 0.000834780 0.000831950 0.000148080 0.000162160 0.000115680 0.000191570 0.000492200 0.000199760 0.000284390 0.000625230 0.000316670 0.000365530 0.000562730 0.000558080 0.000469090 0.000360720 0.000639980 0.000764190 0.000427220 0.000329240 0.000089730 0.000282770 0.000000270 0.000000000 0.000019230 0.000424080 0.000098830 0.000889740 
49     0.001272860 0.001014860 0.000207590 0.000505620 0.000093500 0.001457940 0.001471610 0.001499460 0.000874600 0.000302550 0.000417790 0.000402010 0.000318490 0.000476530 0.000821910 0.000910110 0.001022090 0.001018920 0.000975260 0.000748340 0.000633230 0.000622420 0.000299780 0.000229920 0.000519140 0.000435870 0.000991350 0.000520840 0.000766910 0.000776560 0.000739130 0.000797160 0.000486350 0.000620070 0.000451870 0.000941340 0.000496360 0.000265560 0.000840160 0.000542000 0.000535890 0.000212100 0.000426230 0.000398040 0.000336410 0.000218910 0.000019230 0.000000000 0.000060100 0.000008550 0.001643450 
44     0.000755600 0.000188970 0.000007520 0.000037910 0.000541880 0.000413470 0.000467860 0.000579100 0.000263630 0.000762670 0.000737400 0.000423530 0.000459860 0.000234610 0.000050190 0.000515610 0.000482060 0.000396240 0.000382990 0.000439670 0.000107410 0.000454090 0.000454190 0.000575610 0.000601550 0.000551110 0.000773520 0.000350690 0.000176220 0.000426190 0.000277370 0.000045610 0.000199540 0.000495430 0.000645920 0.000605990 0.000614380 0.000411770 0.000828240 0.000747150 0.000427540 0.000518890 0.000392100 0.000162210 0.000066180 0.000223840 0.000424080 0.000060100 0.000000000 0.000074570 0.000619540 
48     0.000700990 0.000445670 0.000268040 0.000491260 0.000090270 0.001130510 0.001144180 0.000706140 0.000589170 0.000249890 0.000112540 0.000608770 0.000346340 0.000642230 0.000488040 0.000339110 0.000693100 0.000690070 0.000646410 0.000454540 0.000235450 0.000077600 0.000391360 0.000259000 0.000301140 0.000419370 0.000485520 0.000131830 0.000701080 0.000222490 0.000060140 0.000021410 0.000075140 0.000333730 0.000531940 0.000534630 0.000556320 0.000203760 0.000574120 0.000793780 0.000721120 0.000666640 0.000451560 0.000070040 0.000000180 0.000220840 0.000098830 0.000008550 0.000074570 0.000000000 0.000512610 
0     0.000104290 0.000119800 0.000232650 0.000435090 0.000917640 0.001107130 0.000896080 0.000116070 0.000531970 0.000353800 0.000036870 0.000222640 0.000181560 0.001030620 0.001022730 0.000223320 0.000206700 0.000774440 0.000777650 0.000775120 0.000749670 0.000674970 0.000347360 0.000280760 0.000339590 0.000435460 0.000200980 0.000591460 0.000311330 0.000663310 0.000976510 0.000667970 0.000113320 0.000904210 0.000483700 0.000763980 0.000720520 0.000450720 0.000265180 0.000550560 0.000169010 0.000118820 0.000063910 0.000177850 0.000521170 0.000471470 0.000889740 0.001643450 0.000619540 0.000512610 0.000000000 
