51
38     0.000000000 0.000007410 0.000029800 0.000027210 0.000023320 0.000038820 0.000037890 0.000044820 0.000040410 0.000021350 0.000039780 0.000044390 0.000024510 0.000035840 0.000035690 0.000061370 0.000021720 0.000023840 0.000018830 0.000034860 0.000028160 0.000026010 0.000021440 0.000016160 0.000055660 0.000055870 0.000074140 0.000078660 0.000091010 0.000082920 0.000050660 0.000133890 0.000048670 0.000085510 0.000090000 0.000068280 0.000068230 0.000109820 0.000118370 0.000117060 0.000059220 0.000064480 0.000033300 0.000026500 0.000040360 0.000032810 0.000018980 0.000026350 0.000021280 0.000023780 0.000035150 
17     0.000007410 0.000000000 0.000025530 0.000022940 0.000019050 0.000034550 0.000033620 0.000040550 0.000036140 0.000017080 0.000035510 0.000040120 0.000020240 0.000031570 0.000031420 0.000057100 0.000017450 0.000019570 0.000014560 0.000030590 0.000023890 0.000021740 0.000017170 0.000011890 0.000051390 0.000051600 0.000069870 0.000074390 0.000086740 0.000078650 0.000046390 0.000129620 0.000044400 0.000081240 0.000085730 0.000064010 0.000063960 0.000105550 0.000114100 0.000112790 0.000054950 0.000060210 0.000029030 0.000022230 0.000036090 0.000028540 0.000014710 0.000022080 0.000017010 0.000019510 0.000030880 
26     0.000029800 0.000025530 0.000000000 0.000005370 0.000014740 0.000030240 0.000053230 0.000060160 0.000055750 0.000036690 0.000055120 0.000059730 0.000039850 0.000051180 0.000051030 0.000076710 0.000037060 0.000039180 0.000034170 0.000050200 0.000043500 0.000041350 0.000036780 0.000031500 0.000071000 0.000071210 0.000089480 0.000094000 0.000106350 0.000098260 0.000066000 0.000149230 0.000064010 0.000100850 0.000105340 0.000083620 0.000083570 0.000125160 0.000133710 0.000132400 0.000074560 0.000079820 0.000048640 0.000041840 0.000055700 0.000048150 0.000034320 0.000041690 0.000036620 0.000039120 0.000050490 
49     0.000027210 0.000022940 0.000005370 0.000000000 0.000012150 0.000027650 0.000050640 0.000057570 0.000053160 0.000034100 0.000052530 0.000057140 0.000037260 0.000048590 0.000048440 0.000074120 0.000034470 0.000036590 0.000031580 0.000047610 0.000040910 0.000038760 0.000034190 0.000028910 0.000068410 0.000068620 0.000086890 0.000091410 0.000103760 0.000095670 0.000063410 0.000146640 0.000061420 0.000098260 0.000102750 0.000081030 0.000080980 0.000122570 0.000131120 0.000129810 0.000071970 0.000077230 0.000046050 0.000039250 0.000053110 0.000045560 0.000031730 0.000039100 0.000034030 0.000036530 0.000047900 
4     0.000023320 0.000019050 0.000014740 0.000012150 0.000000000 0.000023080 0.000046750 0.000053680 0.000049270 0.000030210 0.000048640 0.000053250 0.000033370 0.000044700 0.000044550 0.000070230 0.000030580 0.000032700 0.000027690 0.000043720 0.000037020 0.000034870 0.000030300 0.000025020 0.000064520 0.000064730 0.000083000 0.000087520 0.000099870 0.000091780 0.000059520 0.000142750 0.000057530 0.000094370 0.000098860 0.000077140 0.000077090 0.000118680 0.000127230 0.000125920 0.000068080 0.000073340 0.000042160 0.000035360 0.000049220 0.000041670 0.000027840 0.000035210 0.000030140 0.000032640 0.000044010 
32     0.000038820 0.000034550 0.000030240 0.000027650 0.000023080 0.000000000 0.000062250 0.000069180 0.000064770 0.000045710 0.000064140 0.000068750 0.000048870 0.000060200 0.000060050 0.000085730 0.000046080 0.000048200 0.000043190 0.000059220 0.000052520 0.000050370 0.000045800 0.000040520 0.000080020 0.000080230 0.000098500 0.000103020 0.000115370 0.000107280 0.000075020 0.000158250 0.000073030 0.000109870 0.000114360 0.000092640 0.000092590 0.000134180 0.000142730 0.000141420 0.000083580 0.000088840 0.000057660 0.000050860 0.000064720 0.000057170 0.000043340 0.000050710 0.000045640 0.000048140 0.000059510 
3     0.000037890 0.000033620 0.000053230 0.000050640 0.000046750 0.000062250 0.000000000 0.000018950 0.000023120 0.000035760 0.000054190 0.000058800 0.000046900 0.000058230 0.000058080 0.000033700 0.000044110 0.000046230 0.000041220 0.000057250 0.000050550 0.000048400 0.000043830 0.000038550 0.000078050 0.000078260 0.000096530 0.000101050 0.000113400 0.000105310 0.000073050 0.000156280 0.000071060 0.000107900 0.000112390 0.000090670 0.000090620 0.000132210 0.000140760 0.000139450 0.000081610 0.000086870 0.000055690 0.000048890 0.000062750 0.000055200 0.000041370 0.000048740 0.000043670 0.000046170 0.000057540 
14     0.000044820 0.000040550 0.000060160 0.000057570 0.000053680 0.000069180 0.000018950 0.000000000 0.000021990 0.000042690 0.000061120 0.000065730 0.000053830 0.000065160 0.000065010 0.000051010 0.000051040 0.000053160 0.000048150 0.000064180 0.000057480 0.000055330 0.000050760 0.000045480 0.000084980 0.000085190 0.000103460 0.000107980 0.000120330 0.000112240 0.000079980 0.000163210 0.000077990 0.000114830 0.000119320 0.000097600 0.000097550 0.000139140 0.000147690 0.000146380 0.000088540 0.000093800 0.000062620 0.000055820 0.000069680 0.000062130 0.000048300 0.000055670 0.000050600 0.000053100 0.000064470 
12     0.000040410 0.000036140 0.000055750 0.000053160 0.000049270 0.000064770 0.000023120 0.000021990 0.000000000 0.000038280 0.000056710 0.000061320 0.000049420 0.000060750 0.000060600 0.000046600 0.000046630 0.000048750 0.000043740 0.000059770 0.000053070 0.000050920 0.000046350 0.000041070 0.000080570 0.000080780 0.000099050 0.000103570 0.000115920 0.000107830 0.000075570 0.000158800 0.000073580 0.000110420 0.000114910 0.000093190 0.000093140 0.000134730 0.000143280 0.000141970 0.000084130 0.000089390 0.000058210 0.000051410 0.000065270 0.000057720 0.000043890 0.000051260 0.000046190 0.000048690 0.000060060 
37     0.000021350 0.000017080 0.000036690 0.000034100 0.000030210 0.000045710 0.000035760 0.000042690 0.000038280 0.000000000 0.000037330 0.000041940 0.000030360 0.000041690 0.000041540 0.000059240 0.000027570 0.000029690 0.000024680 0.000040710 0.000034010 0.000031860 0.000027290 0.000022010 0.000061510 0.000061720 0.000079990 0.000084510 0.000096860 0.000088770 0.000056510 0.000139740 0.000054520 0.000091360 0.000095850 0.000074130 0.000074080 0.000115670 0.000124220 0.000122910 0.000065070 0.000070330 0.000039150 0.000032350 0.000046210 0.000038660 0.000024830 0.000032200 0.000027130 0.000029630 0.000041000 
5     0.000039780 0.000035510 0.000055120 0.000052530 0.000048640 0.000064140 0.000054190 0.000061120 0.000056710 0.000037330 0.000000000 0.000006030 0.000048790 0.000060120 0.000059970 0.000077670 0.000046000 0.000048120 0.000043110 0.000059140 0.000052440 0.000050290 0.000045720 0.000040440 0.000079940 0.000080150 0.000098420 0.000102940 0.000115290 0.000107200 0.000074940 0.000158170 0.000072950 0.000109790 0.000114280 0.000092560 0.000092510 0.000134100 0.000142650 0.000141340 0.000083500 0.000088760 0.000057580 0.000050780 0.000064640 0.000057090 0.000043260 0.000050630 0.000045560 0.000048060 0.000059430 
45     0.000044390 0.000040120 0.000059730 0.000057140 0.000053250 0.000068750 0.000058800 0.000065730 0.000061320 0.000041940 0.000006030 0.000000000 0.000053400 0.000064730 0.000064580 0.000082280 0.000050610 0.000052730 0.000047720 0.000063750 0.000057050 0.000054900 0.000050330 0.000045050 0.000084550 0.000084760 0.000103030 0.000107550 0.000119900 0.000111810 0.000079550 0.000162780 0.000077560 0.000114400 0.000118890 0.000097170 0.000097120 0.000138710 0.000147260 0.000145950 0.000088110 0.000093370 0.000062190 0.000055390 0.000069250 0.000061700 0.000047870 0.000055240 0.000050170 0.000052670 0.000064040 
47     0.000024510 0.000020240 0.000039850 0.000037260 0.000033370 0.000048870 0.000046900 0.000053830 0.000049420 0.000030360 0.000048790 0.000053400 0.000000000 0.000011410 0.000011260 0.000070380 0.000029650 0.000031770 0.000026760 0.000042790 0.000036090 0.000033940 0.000029370 0.000024090 0.000063590 0.000063800 0.000082070 0.000086590 0.000098940 0.000090850 0.000058590 0.000141820 0.000056600 0.000093440 0.000097930 0.000076210 0.000076160 0.000117750 0.000126300 0.000124990 0.000067150 0.000072410 0.000041230 0.000034430 0.000048290 0.000040740 0.000026910 0.000034280 0.000029210 0.000031710 0.000043080 
42     0.000035840 0.000031570 0.000051180 0.000048590 0.000044700 0.000060200 0.000058230 0.000065160 0.000060750 0.000041690 0.000060120 0.000064730 0.000011410 0.000000000 0.000001030 0.000081710 0.000040980 0.000043100 0.000038090 0.000054120 0.000047420 0.000045270 0.000040700 0.000035420 0.000074920 0.000075130 0.000093400 0.000097920 0.000110270 0.000102180 0.000069920 0.000153150 0.000067930 0.000104770 0.000109260 0.000087540 0.000087490 0.000129080 0.000137630 0.000136320 0.000078480 0.000083740 0.000052560 0.000045760 0.000059620 0.000052070 0.000038240 0.000045610 0.000040540 0.000043040 0.000054410 
19     0.000035690 0.000031420 0.000051030 0.000048440 0.000044550 0.000060050 0.000058080 0.000065010 0.000060600 0.000041540 0.000059970 0.000064580 0.000011260 0.000001030 0.000000000 0.000081560 0.000040830 0.000042950 0.000037940 0.000053970 0.000047270 0.000045120 0.000040550 0.000035270 0.000074770 0.000074980 0.000093250 0.000097770 0.000110120 0.000102030 0.000069770 0.000153000 0.000067780 0.000104620 0.000109110 0.000087390 0.000087340 0.000128930 0.000137480 0.000136170 0.000078330 0.000083590 0.000052410 0.000045610 0.000059470 0.000051920 0.000038090 0.000045460 0.000040390 0.000042890 0.000054260 
34     0.000061370 0.000057100 0.000076710 0.000074120 0.000070230 0.000085730 0.000033700 0.000051010 0.000046600 0.000059240 0.000077670 0.000082280 0.000070380 0.000081710 0.000081560 0.000000000 0.000067590 0.000069710 0.000064700 0.000080730 0.000074030 0.000071880 0.000067310 0.000062030 0.000101530 0.000101740 0.000120010 0.000124530 0.000136880 0.000128790 0.000096530 0.000179760 0.000094540 0.000131380 0.000135870 0.000114150 0.000114100 0.000155690 0.000164240 0.000162930 0.000105090 0.000110350 0.000079170 0.000072370 0.000086230 0.000078680 0.000064850 0.000072220 0.000067150 0.000069650 0.000081020 
44     0.000021720 0.000017450 0.000037060 0.000034470 0.000030580 0.000046080 0.000044110 0.000051040 0.000046630 0.000027570 0.000046000 0.000050610 0.000029650 0.000040980 0.000040830 0.000067590 0.000000000 0.000000880 0.000008510 0.000024540 0.000018560 0.000016410 0.000011840 0.000006560 0.000060800 0.000061010 0.000079280 0.000083800 0.000096150 0.000088060 0.000055800 0.000139030 0.000053810 0.000090650 0.000095140 0.000073420 0.000073370 0.000110580 0.000119130 0.000117820 0.000059980 0.000065240 0.000030520 0.000023720 0.000045500 0.000037950 0.000024120 0.000031490 0.000026420 0.000028920 0.000040290 
7     0.000023840 0.000019570 0.000039180 0.000036590 0.000032700 0.000048200 0.000046230 0.000053160 0.000048750 0.000029690 0.000048120 0.000052730 0.000031770 0.000043100 0.000042950 0.000069710 0.000000880 0.000000000 0.000004530 0.000026660 0.000020680 0.000018530 0.000013960 0.000008680 0.000062920 0.000063130 0.000081400 0.000085920 0.000098270 0.000090180 0.000057920 0.000141150 0.000055930 0.000092770 0.000097260 0.000075540 0.000075490 0.000112700 0.000121250 0.000119940 0.000062100 0.000067360 0.000032640 0.000025840 0.000047620 0.000040070 0.000026240 0.000033610 0.000028540 0.000031040 0.000042410 
24     0.000018830 0.000014560 0.000034170 0.000031580 0.000027690 0.000043190 0.000041220 0.000048150 0.000043740 0.000024680 0.000043110 0.000047720 0.000026760 0.000038090 0.000037940 0.000064700 0.000008510 0.000004530 0.000000000 0.000021650 0.000015670 0.000013520 0.000008950 0.000003670 0.000057910 0.000058120 0.000076390 0.000080910 0.000093260 0.000085170 0.000052910 0.000136140 0.000050920 0.000087760 0.000092250 0.000070530 0.000070480 0.000107690 0.000116240 0.000114930 0.000057090 0.000062350 0.000027630 0.000020830 0.000042610 0.000035060 0.000021230 0.000028600 0.000023530 0.000026030 0.000037400 
28     0.000034860 0.000030590 0.000050200 0.000047610 0.000043720 0.000059220 0.000057250 0.000064180 0.000059770 0.000040710 0.000059140 0.000063750 0.000042790 0.000054120 0.000053970 0.000080730 0.000024540 0.000026660 0.000021650 0.000000000 0.000031700 0.000029550 0.000024980 0.000019700 0.000073940 0.000074150 0.000092420 0.000096940 0.000109290 0.000101200 0.000068940 0.000152170 0.000066950 0.000103790 0.000108280 0.000086560 0.000086510 0.000123720 0.000132270 0.000130960 0.000073120 0.000078380 0.000043660 0.000036860 0.000058640 0.000051090 0.000037260 0.000044630 0.000039560 0.000042060 0.000053430 
35     0.000028160 0.000023890 0.000043500 0.000040910 0.000037020 0.000052520 0.000050550 0.000057480 0.000053070 0.000034010 0.000052440 0.000057050 0.000036090 0.000047420 0.000047270 0.000074030 0.000018560 0.000020680 0.000015670 0.000031700 0.000000000 0.000022530 0.000017960 0.000012860 0.000067240 0.000067450 0.000085720 0.000090240 0.000102590 0.000094500 0.000062240 0.000145470 0.000060250 0.000097090 0.000101580 0.000079860 0.000079810 0.000117020 0.000125570 0.000124260 0.000066420 0.000071680 0.000036960 0.000030160 0.000051940 0.000044390 0.000030560 0.000037930 0.000032860 0.000035360 0.000046730 
20     0.000026010 0.000021740 0.000041350 0.000038760 0.000034870 0.000050370 0.000048400 0.000055330 0.000050920 0.000031860 0.000050290 0.000054900 0.000033940 0.000045270 0.000045120 0.000071880 0.000016410 0.000018530 0.000013520 0.000029550 0.000022530 0.000000000 0.000007770 0.000010710 0.000065090 0.000065300 0.000083570 0.000088090 0.000100440 0.000092350 0.000060090 0.000143320 0.000058100 0.000094940 0.000099430 0.000077710 0.000077660 0.000114870 0.000123420 0.000122110 0.000064270 0.000069530 0.000034810 0.000028010 0.000049790 0.000042240 0.000028410 0.000035780 0.000030710 0.000033210 0.000044580 
15     0.000021440 0.000017170 0.000036780 0.000034190 0.000030300 0.000045800 0.000043830 0.000050760 0.000046350 0.000027290 0.000045720 0.000050330 0.000029370 0.000040700 0.000040550 0.000067310 0.000011840 0.000013960 0.000008950 0.000024980 0.000017960 0.000007770 0.000000000 0.000006140 0.000060520 0.000060730 0.000079000 0.000083520 0.000095870 0.000087780 0.000055520 0.000138750 0.000053530 0.000090370 0.000094860 0.000073140 0.000073090 0.000110300 0.000118850 0.000117540 0.000059700 0.000064960 0.000030240 0.000023440 0.000045220 0.000037670 0.000023840 0.000031210 0.000026140 0.000028640 0.000040010 
21     0.000016160 0.000011890 0.000031500 0.000028910 0.000025020 0.000040520 0.000038550 0.000045480 0.000041070 0.000022010 0.000040440 0.000045050 0.000024090 0.000035420 0.000035270 0.000062030 0.000006560 0.000008680 0.000003670 0.000019700 0.000012860 0.000010710 0.000006140 0.000000000 0.000055240 0.000055450 0.000073720 0.000078240 0.000090590 0.000082500 0.000050240 0.000133470 0.000048250 0.000085090 0.000089580 0.000067860 0.000067810 0.000105020 0.000113570 0.000112260 0.000054420 0.000059680 0.000024960 0.000018160 0.000039940 0.000032390 0.000018560 0.000025930 0.000020860 0.000023360 0.000034730 
46     0.000055660 0.000051390 0.000071000 0.000068410 0.000064520 0.000080020 0.000078050 0.000084980 0.000080570 0.000061510 0.000079940 0.000084550 0.000063590 0.000074920 0.000074770 0.000101530 0.000060800 0.000062920 0.000057910 0.000073940 0.000067240 0.000065090 0.000060520 0.000055240 0.000000000 0.000007770 0.000039140 0.000043660 0.000056010 0.000047920 0.000009340 0.000092570 0.000007350 0.000050510 0.000055000 0.000033280 0.000033230 0.000148900 0.000157450 0.000156140 0.000098300 0.000103560 0.000072380 0.000065580 0.000068880 0.000061330 0.000047500 0.000054870 0.000049800 0.000060320 0.000067570 
33     0.000055870 0.000051600 0.000071210 0.000068620 0.000064730 0.000080230 0.000078260 0.000085190 0.000080780 0.000061720 0.000080150 0.000084760 0.000063800 0.000075130 0.000074980 0.000101740 0.000061010 0.000063130 0.000058120 0.000074150 0.000067450 0.000065300 0.000060730 0.000055450 0.000007770 0.000000000 0.000039350 0.000043870 0.000056220 0.000048130 0.000009550 0.000092780 0.000007560 0.000050720 0.000055210 0.000033490 0.000033440 0.000149110 0.000157660 0.000156350 0.000098510 0.000103770 0.000072590 0.000065790 0.000069090 0.000061540 0.000047710 0.000055080 0.000050010 0.000060530 0.000067780 
11     0.000074140 0.000069870 0.000089480 0.000086890 0.000083000 0.000098500 0.000096530 0.000103460 0.000099050 0.000079990 0.000098420 0.000103030 0.000082070 0.000093400 0.000093250 0.000120010 0.000079280 0.000081400 0.000076390 0.000092420 0.000085720 0.000083570 0.000079000 0.000073720 0.000039140 0.000039350 0.000000000 0.000014660 0.000027010 0.000019060 0.000034140 0.000117370 0.000032150 0.000021650 0.000026140 0.000051520 0.000051470 0.000167380 0.000175930 0.000174620 0.000116780 0.000122040 0.000090860 0.000084060 0.000087360 0.000079810 0.000065980 0.000073350 0.000068280 0.000078800 0.000086050 
18     0.000078660 0.000074390 0.000094000 0.000091410 0.000087520 0.000103020 0.000101050 0.000107980 0.000103570 0.000084510 0.000102940 0.000107550 0.000086590 0.000097920 0.000097770 0.000124530 0.000083800 0.000085920 0.000080910 0.000096940 0.000090240 0.000088090 0.000083520 0.000078240 0.000043660 0.000043870 0.000014660 0.000000000 0.000012590 0.000023580 0.000038660 0.000121890 0.000036670 0.000026170 0.000030660 0.000056040 0.000055990 0.000171900 0.000180450 0.000179140 0.000121300 0.000126560 0.000095380 0.000088580 0.000091880 0.000084330 0.000070500 0.000077870 0.000072800 0.000083320 0.000090570 
6     0.000091010 0.000086740 0.000106350 0.000103760 0.000099870 0.000115370 0.000113400 0.000120330 0.000115920 0.000096860 0.000115290 0.000119900 0.000098940 0.000110270 0.000110120 0.000136880 0.000096150 0.000098270 0.000093260 0.000109290 0.000102590 0.000100440 0.000095870 0.000090590 0.000056010 0.000056220 0.000027010 0.000012590 0.000000000 0.000035930 0.000051010 0.000134240 0.000049020 0.000038520 0.000043010 0.000068390 0.000068340 0.000184250 0.000192800 0.000191490 0.000133650 0.000138910 0.000107730 0.000100930 0.000104230 0.000096680 0.000082850 0.000090220 0.000085150 0.000095670 0.000102920 
43     0.000082920 0.000078650 0.000098260 0.000095670 0.000091780 0.000107280 0.000105310 0.000112240 0.000107830 0.000088770 0.000107200 0.000111810 0.000090850 0.000102180 0.000102030 0.000128790 0.000088060 0.000090180 0.000085170 0.000101200 0.000094500 0.000092350 0.000087780 0.000082500 0.000047920 0.000048130 0.000019060 0.000023580 0.000035930 0.000000000 0.000042920 0.000126150 0.000040930 0.000028010 0.000032500 0.000060300 0.000060250 0.000176160 0.000184710 0.000183400 0.000125560 0.000130820 0.000099640 0.000092840 0.000096140 0.000088590 0.000074760 0.000082130 0.000077060 0.000087580 0.000094830 
8     0.000050660 0.000046390 0.000066000 0.000063410 0.000059520 0.000075020 0.000073050 0.000079980 0.000075570 0.000056510 0.000074940 0.000079550 0.000058590 0.000069920 0.000069770 0.000096530 0.000055800 0.000057920 0.000052910 0.000068940 0.000062240 0.000060090 0.000055520 0.000050240 0.000009340 0.000009550 0.000034140 0.000038660 0.000051010 0.000042920 0.000000000 0.000087470 0.000002330 0.000045510 0.000050000 0.000028280 0.000028230 0.000143900 0.000152450 0.000151140 0.000093300 0.000098560 0.000067380 0.000060580 0.000063880 0.000056330 0.000042500 0.000049870 0.000044800 0.000055320 0.000062570 
22     0.000133890 0.000129620 0.000149230 0.000146640 0.000142750 0.000158250 0.000156280 0.000163210 0.000158800 0.000139740 0.000158170 0.000162780 0.000141820 0.000153150 0.000153000 0.000179760 0.000139030 0.000141150 0.000136140 0.000152170 0.000145470 0.000143320 0.000138750 0.000133470 0.000092570 0.000092780 0.000117370 0.000121890 0.000134240 0.000126150 0.000087470 0.000000000 0.000085560 0.000128740 0.000133230 0.000111510 0.000111460 0.000227130 0.000235680 0.000234370 0.000176530 0.000181790 0.000150610 0.000143810 0.000147110 0.000139560 0.000125730 0.000133100 0.000128030 0.000138550 0.000145800 
30     0.000048670 0.000044400 0.000064010 0.000061420 0.000057530 0.000073030 0.000071060 0.000077990 0.000073580 0.000054520 0.000072950 0.000077560 0.000056600 0.000067930 0.000067780 0.000094540 0.000053810 0.000055930 0.000050920 0.000066950 0.000060250 0.000058100 0.000053530 0.000048250 0.000007350 0.000007560 0.000032150 0.000036670 0.000049020 0.000040930 0.000002330 0.000085560 0.000000000 0.000043520 0.000048010 0.000026290 0.000026240 0.000141910 0.000150460 0.000149150 0.000091310 0.000096570 0.000065390 0.000058590 0.000061890 0.000054340 0.000040510 0.000047880 0.000042810 0.000053330 0.000060580 
29     0.000085510 0.000081240 0.000100850 0.000098260 0.000094370 0.000109870 0.000107900 0.000114830 0.000110420 0.000091360 0.000109790 0.000114400 0.000093440 0.000104770 0.000104620 0.000131380 0.000090650 0.000092770 0.000087760 0.000103790 0.000097090 0.000094940 0.000090370 0.000085090 0.000050510 0.000050720 0.000021650 0.000026170 0.000038520 0.000028010 0.000045510 0.000128740 0.000043520 0.000000000 0.000029850 0.000062890 0.000062840 0.000178750 0.000187300 0.000185990 0.000128150 0.000133410 0.000102230 0.000095430 0.000098730 0.000091180 0.000077350 0.000084720 0.000079650 0.000090170 0.000097420 
31     0.000090000 0.000085730 0.000105340 0.000102750 0.000098860 0.000114360 0.000112390 0.000119320 0.000114910 0.000095850 0.000114280 0.000118890 0.000097930 0.000109260 0.000109110 0.000135870 0.000095140 0.000097260 0.000092250 0.000108280 0.000101580 0.000099430 0.000094860 0.000089580 0.000055000 0.000055210 0.000026140 0.000030660 0.000043010 0.000032500 0.000050000 0.000133230 0.000048010 0.000029850 0.000000000 0.000067380 0.000067330 0.000183240 0.000191790 0.000190480 0.000132640 0.000137900 0.000106720 0.000099920 0.000103220 0.000095670 0.000081840 0.000089210 0.000084140 0.000094660 0.000101910 
39     0.000068280 0.000064010 0.000083620 0.000081030 0.000077140 0.000092640 0.000090670 0.000097600 0.000093190 0.000074130 0.000092560 0.000097170 0.000076210 0.000087540 0.000087390 0.000114150 0.000073420 0.000075540 0.000070530 0.000086560 0.000079860 0.000077710 0.000073140 0.000067860 0.000033280 0.000033490 0.000051520 0.000056040 0.000068390 0.000060300 0.000028280 0.000111510 0.000026290 0.000062890 0.000067380 0.000000000 0.000030650 0.000161520 0.000170070 0.000168760 0.000110920 0.000116180 0.000085000 0.000078200 0.000081500 0.000073950 0.000060120 0.000067490 0.000062420 0.000072940 0.000080190 
48     0.000068230 0.000063960 0.000083570 0.000080980 0.000077090 0.000092590 0.000090620 0.000097550 0.000093140 0.000074080 0.000092510 0.000097120 0.000076160 0.000087490 0.000087340 0.000114100 0.000073370 0.000075490 0.000070480 0.000086510 0.000079810 0.000077660 0.000073090 0.000067810 0.000033230 0.000033440 0.000051470 0.000055990 0.000068340 0.000060250 0.000028230 0.000111460 0.000026240 0.000062840 0.000067330 0.000030650 0.000000000 0.000161470 0.000170020 0.000168710 0.000110870 0.000116130 0.000084950 0.000078150 0.000081450 0.000073900 0.000060070 0.000067440 0.000062370 0.000072890 0.000080140 
40     0.000109820 0.000105550 0.000125160 0.000122570 0.000118680 0.000134180 0.000132210 0.000139140 0.000134730 0.000115670 0.000134100 0.000138710 0.000117750 0.000129080 0.000128930 0.000155690 0.000110580 0.000112700 0.000107690 0.000123720 0.000117020 0.000114870 0.000110300 0.000105020 0.000148900 0.000149110 0.000167380 0.000171900 0.000184250 0.000176160 0.000143900 0.000227130 0.000141910 0.000178750 0.000183240 0.000161520 0.000161470 0.000000000 0.000023030 0.000021720 0.000143540 0.000148800 0.000122160 0.000115360 0.000133600 0.000126050 0.000112220 0.000119590 0.000114520 0.000117020 0.000128390 
23     0.000118370 0.000114100 0.000133710 0.000131120 0.000127230 0.000142730 0.000140760 0.000147690 0.000143280 0.000124220 0.000142650 0.000147260 0.000126300 0.000137630 0.000137480 0.000164240 0.000119130 0.000121250 0.000116240 0.000132270 0.000125570 0.000123420 0.000118850 0.000113570 0.000157450 0.000157660 0.000175930 0.000180450 0.000192800 0.000184710 0.000152450 0.000235680 0.000150460 0.000187300 0.000191790 0.000170070 0.000170020 0.000023030 0.000000000 0.000001770 0.000152090 0.000157350 0.000130710 0.000123910 0.000142150 0.000134600 0.000120770 0.000128140 0.000123070 0.000125570 0.000136940 
36     0.000117060 0.000112790 0.000132400 0.000129810 0.000125920 0.000141420 0.000139450 0.000146380 0.000141970 0.000122910 0.000141340 0.000145950 0.000124990 0.000136320 0.000136170 0.000162930 0.000117820 0.000119940 0.000114930 0.000130960 0.000124260 0.000122110 0.000117540 0.000112260 0.000156140 0.000156350 0.000174620 0.000179140 0.000191490 0.000183400 0.000151140 0.000234370 0.000149150 0.000185990 0.000190480 0.000168760 0.000168710 0.000021720 0.000001770 0.000000000 0.000150780 0.000156040 0.000129400 0.000122600 0.000140840 0.000133290 0.000119460 0.000126830 0.000121760 0.000124260 0.000135630 
27     0.000059220 0.000054950 0.000074560 0.000071970 0.000068080 0.000083580 0.000081610 0.000088540 0.000084130 0.000065070 0.000083500 0.000088110 0.000067150 0.000078480 0.000078330 0.000105090 0.000059980 0.000062100 0.000057090 0.000073120 0.000066420 0.000064270 0.000059700 0.000054420 0.000098300 0.000098510 0.000116780 0.000121300 0.000133650 0.000125560 0.000093300 0.000176530 0.000091310 0.000128150 0.000132640 0.000110920 0.000110870 0.000143540 0.000152090 0.000150780 0.000000000 0.000011240 0.000071560 0.000064760 0.000083000 0.000075450 0.000061620 0.000068990 0.000063920 0.000066420 0.000077790 
13     0.000064480 0.000060210 0.000079820 0.000077230 0.000073340 0.000088840 0.000086870 0.000093800 0.000089390 0.000070330 0.000088760 0.000093370 0.000072410 0.000083740 0.000083590 0.000110350 0.000065240 0.000067360 0.000062350 0.000078380 0.000071680 0.000069530 0.000064960 0.000059680 0.000103560 0.000103770 0.000122040 0.000126560 0.000138910 0.000130820 0.000098560 0.000181790 0.000096570 0.000133410 0.000137900 0.000116180 0.000116130 0.000148800 0.000157350 0.000156040 0.000011240 0.000000000 0.000076820 0.000070020 0.000088260 0.000080710 0.000066880 0.000074250 0.000069180 0.000071680 0.000083050 
1     0.000033300 0.000029030 0.000048640 0.000046050 0.000042160 0.000057660 0.000055690 0.000062620 0.000058210 0.000039150 0.000057580 0.000062190 0.000041230 0.000052560 0.000052410 0.000079170 0.000030520 0.000032640 0.000027630 0.000043660 0.000036960 0.000034810 0.000030240 0.000024960 0.000072380 0.000072590 0.000090860 0.000095380 0.000107730 0.000099640 0.000067380 0.000150610 0.000065390 0.000102230 0.000106720 0.000085000 0.000084950 0.000122160 0.000130710 0.000129400 0.000071560 0.000076820 0.000000000 0.000016400 0.000057080 0.000049530 0.000035700 0.000043070 0.000038000 0.000040500 0.000051870 
25     0.000026500 0.000022230 0.000041840 0.000039250 0.000035360 0.000050860 0.000048890 0.000055820 0.000051410 0.000032350 0.000050780 0.000055390 0.000034430 0.000045760 0.000045610 0.000072370 0.000023720 0.000025840 0.000020830 0.000036860 0.000030160 0.000028010 0.000023440 0.000018160 0.000065580 0.000065790 0.000084060 0.000088580 0.000100930 0.000092840 0.000060580 0.000143810 0.000058590 0.000095430 0.000099920 0.000078200 0.000078150 0.000115360 0.000123910 0.000122600 0.000064760 0.000070020 0.000016400 0.000000000 0.000050280 0.000042730 0.000028900 0.000036270 0.000031200 0.000033700 0.000045070 
10     0.000040360 0.000036090 0.000055700 0.000053110 0.000049220 0.000064720 0.000062750 0.000069680 0.000065270 0.000046210 0.000064640 0.000069250 0.000048290 0.000059620 0.000059470 0.000086230 0.000045500 0.000047620 0.000042610 0.000058640 0.000051940 0.000049790 0.000045220 0.000039940 0.000068880 0.000069090 0.000087360 0.000091880 0.000104230 0.000096140 0.000063880 0.000147110 0.000061890 0.000098730 0.000103220 0.000081500 0.000081450 0.000133600 0.000142150 0.000140840 0.000083000 0.000088260 0.000057080 0.000050280 0.000000000 0.000011730 0.000028840 0.000036210 0.000031140 0.000045020 0.000052270 
16     0.000032810 0.000028540 0.000048150 0.000045560 0.000041670 0.000057170 0.000055200 0.000062130 0.000057720 0.000038660 0.000057090 0.000061700 0.000040740 0.000052070 0.000051920 0.000078680 0.000037950 0.000040070 0.000035060 0.000051090 0.000044390 0.000042240 0.000037670 0.000032390 0.000061330 0.000061540 0.000079810 0.000084330 0.000096680 0.000088590 0.000056330 0.000139560 0.000054340 0.000091180 0.000095670 0.000073950 0.000073900 0.000126050 0.000134600 0.000133290 0.000075450 0.000080710 0.000049530 0.000042730 0.000011730 0.000000000 0.000021290 0.000028660 0.000023590 0.000037470 0.000044720 
41     0.000018980 0.000014710 0.000034320 0.000031730 0.000027840 0.000043340 0.000041370 0.000048300 0.000043890 0.000024830 0.000043260 0.000047870 0.000026910 0.000038240 0.000038090 0.000064850 0.000024120 0.000026240 0.000021230 0.000037260 0.000030560 0.000028410 0.000023840 0.000018560 0.000047500 0.000047710 0.000065980 0.000070500 0.000082850 0.000074760 0.000042500 0.000125730 0.000040510 0.000077350 0.000081840 0.000060120 0.000060070 0.000112220 0.000120770 0.000119460 0.000061620 0.000066880 0.000035700 0.000028900 0.000028840 0.000021290 0.000000000 0.000009850 0.000004300 0.000023640 0.000030890 
9     0.000026350 0.000022080 0.000041690 0.000039100 0.000035210 0.000050710 0.000048740 0.000055670 0.000051260 0.000032200 0.000050630 0.000055240 0.000034280 0.000045610 0.000045460 0.000072220 0.000031490 0.000033610 0.000028600 0.000044630 0.000037930 0.000035780 0.000031210 0.000025930 0.000054870 0.000055080 0.000073350 0.000077870 0.000090220 0.000082130 0.000049870 0.000133100 0.000047880 0.000084720 0.000089210 0.000067490 0.000067440 0.000119590 0.000128140 0.000126830 0.000068990 0.000074250 0.000043070 0.000036270 0.000036210 0.000028660 0.000009850 0.000000000 0.000012150 0.000031010 0.000038260 
2     0.000021280 0.000017010 0.000036620 0.000034030 0.000030140 0.000045640 0.000043670 0.000050600 0.000046190 0.000027130 0.000045560 0.000050170 0.000029210 0.000040540 0.000040390 0.000067150 0.000026420 0.000028540 0.000023530 0.000039560 0.000032860 0.000030710 0.000026140 0.000020860 0.000049800 0.000050010 0.000068280 0.000072800 0.000085150 0.000077060 0.000044800 0.000128030 0.000042810 0.000079650 0.000084140 0.000062420 0.000062370 0.000114520 0.000123070 0.000121760 0.000063920 0.000069180 0.000038000 0.000031200 0.000031140 0.000023590 0.000004300 0.000012150 0.000000000 0.000025940 0.000033190 
50     0.000023780 0.000019510 0.000039120 0.000036530 0.000032640 0.000048140 0.000046170 0.000053100 0.000048690 0.000029630 0.000048060 0.000052670 0.000031710 0.000043040 0.000042890 0.000069650 0.000028920 0.000031040 0.000026030 0.000042060 0.000035360 0.000033210 0.000028640 0.000023360 0.000060320 0.000060530 0.000078800 0.000083320 0.000095670 0.000087580 0.000055320 0.000138550 0.000053330 0.000090170 0.000094660 0.000072940 0.000072890 0.000117020 0.000125570 0.000124260 0.000066420 0.000071680 0.000040500 0.000033700 0.000045020 0.000037470 0.000023640 0.000031010 0.000025940 0.000000000 0.000039810 
0     0.000035150 0.000030880 0.000050490 0.000047900 0.000044010 0.000059510 0.000057540 0.000064470 0.000060060 0.000041000 0.000059430 0.000064040 0.000043080 0.000054410 0.000054260 0.000081020 0.000040290 0.000042410 0.000037400 0.000053430 0.000046730 0.000044580 0.000040010 0.000034730 0.000067570 0.000067780 0.000086050 0.000090570 0.000102920 0.000094830 0.000062570 0.000145800 0.000060580 0.000097420 0.000101910 0.000080190 0.000080140 0.000128390 0.000136940 0.000135630 0.000077790 0.000083050 0.000051870 0.000045070 0.000052270 0.000044720 0.000030890 0.000038260 0.000033190 0.000039810 0.000000000 
