51
38     0.000000000 0.143828764 0.204384434 0.220138539 0.247233970 0.253493555 0.228034302 0.261235116 0.271612726 0.235405611 0.349096112 0.341717630 0.292735806 0.285864360 0.281399870 0.276694757 0.273055818 0.288826351 0.289157983 0.320888123 0.309001973 0.309936159 0.309245579 0.301701357 0.263173186 0.261770865 0.299765921 0.298220208 0.304809931 0.305962151 0.297424175 0.299010215 0.308413178 0.309587569 0.309287709 0.310839748 0.301837414 0.380723037 0.380998081 0.389488983 0.352416252 0.350730748 0.232911507 0.239259842 0.256616603 0.286562778 0.275114465 0.299110628 0.271704041 0.285317490 0.489937215 
17     0.143828764 0.000000000 0.175758060 0.191448736 0.218615842 0.224958866 0.199370000 0.232690318 0.243067928 0.206644555 0.320272139 0.312893657 0.264221480 0.257456687 0.252885641 0.247782468 0.243777558 0.259611638 0.259943271 0.291788356 0.279726742 0.280820710 0.280130130 0.272635025 0.234775155 0.233372835 0.271781455 0.269877008 0.276466731 0.278075072 0.269544209 0.270903409 0.280214267 0.281388658 0.281123625 0.282345393 0.273426361 0.352350524 0.353035923 0.361680178 0.324757616 0.323102732 0.203819199 0.210803078 0.227464987 0.257362145 0.245837868 0.269813190 0.242215207 0.256630179 0.460831848 
26     0.204384434 0.175758060 0.000000000 0.053310929 0.125641551 0.132449045 0.165569238 0.198514149 0.208826731 0.172807928 0.286003257 0.278673410 0.230274661 0.223504745 0.218882588 0.214368633 0.210431041 0.226215355 0.226546987 0.258827893 0.246834524 0.248057826 0.247367246 0.239460171 0.201496201 0.200093881 0.238811364 0.236739461 0.243318222 0.245018664 0.236526861 0.237726867 0.247154376 0.248292664 0.247700190 0.249053962 0.240132403 0.319611988 0.319881125 0.328955230 0.291571207 0.289862344 0.170146029 0.177212433 0.194248117 0.224124330 0.212870435 0.236979798 0.209566421 0.223437201 0.428939553 
49     0.220138539 0.191448736 0.053310929 0.000000000 0.141877091 0.148648271 0.181327162 0.214262512 0.224575094 0.188992167 0.301872816 0.294542970 0.245312908 0.238542992 0.233920835 0.229340896 0.226156962 0.241941276 0.242272908 0.274591502 0.262555561 0.263778863 0.263088283 0.255171737 0.217471804 0.216069484 0.254768164 0.252696881 0.259273170 0.261173516 0.252681713 0.253881719 0.263386534 0.264556796 0.263853476 0.264927720 0.256006162 0.335372146 0.336140557 0.344722567 0.307771575 0.306062712 0.186041073 0.193107477 0.210123706 0.239999918 0.228746023 0.252855386 0.225442009 0.239095962 0.444638110 
4     0.247233970 0.218615842 0.125641551 0.141877091 0.000000000 0.104190349 0.209073889 0.242047061 0.252359643 0.216311942 0.329907191 0.322519261 0.273528868 0.266758952 0.262045699 0.257687153 0.254394310 0.270220136 0.270551768 0.301887773 0.290305107 0.291376038 0.290685458 0.282838640 0.245084772 0.243682452 0.282515597 0.280469633 0.287049129 0.288932823 0.280441019 0.281650748 0.291092413 0.292262675 0.291614138 0.292626945 0.283705386 0.363328891 0.364085255 0.372670638 0.335716752 0.334007889 0.214019463 0.221085867 0.237932714 0.267550634 0.256378855 0.280488218 0.253074841 0.266691037 0.472242653 
32     0.253493555 0.224958866 0.132449045 0.148648271 0.104190349 0.000000000 0.215339444 0.248220566 0.258539758 0.222731954 0.336254354 0.328866423 0.279920402 0.273131938 0.268380124 0.264081039 0.261014052 0.276839877 0.277171509 0.308751466 0.296961144 0.298019097 0.297328517 0.289529563 0.251478609 0.250076289 0.288900881 0.286875304 0.293454800 0.295338493 0.286846690 0.287465910 0.297480446 0.298650707 0.297858882 0.299032615 0.290111056 0.369421111 0.370177113 0.378750935 0.341711894 0.340003031 0.220345565 0.227411969 0.244220494 0.273973365 0.262616418 0.286725781 0.259314689 0.272832866 0.478616137 
3     0.228034302 0.199370000 0.165569238 0.181327162 0.209073889 0.215339444 0.000000000 0.134237193 0.144455340 0.186404555 0.301603353 0.294199044 0.247420142 0.240685726 0.236097952 0.231499875 0.228024215 0.243613932 0.243933342 0.275857120 0.264041524 0.265193965 0.264504222 0.256853029 0.218067798 0.216665477 0.255371047 0.253649988 0.260237250 0.261521602 0.253060974 0.254844371 0.263976099 0.265150490 0.264879442 0.265903528 0.256980603 0.336757677 0.337420033 0.346001824 0.309187230 0.307485909 0.187250345 0.194359621 0.211622067 0.241223445 0.229879080 0.254311098 0.226867756 0.239851031 0.445833873 
14     0.261235116 0.232690318 0.198514149 0.214262512 0.242047061 0.248220566 0.134237193 0.000000000 0.051549307 0.220009969 0.334485750 0.327068394 0.280402269 0.273667854 0.269080079 0.264228953 0.260776254 0.276000225 0.276331857 0.308556914 0.296781296 0.297862122 0.297172379 0.289507191 0.251197233 0.249794913 0.288312455 0.286812866 0.293400128 0.294705923 0.286254405 0.287975899 0.297155104 0.298329494 0.297966258 0.298834889 0.290026661 0.368306663 0.368619290 0.377159701 0.341004801 0.339308064 0.219798213 0.226907489 0.243913989 0.273601480 0.261880601 0.286428630 0.259031701 0.272875223 0.477966534 
12     0.271612726 0.243067928 0.208826731 0.224575094 0.252359643 0.258539758 0.144455340 0.051549307 0.000000000 0.230483672 0.344773365 0.337326082 0.290811677 0.284077262 0.279489487 0.274726530 0.270683194 0.285941003 0.286272636 0.318602187 0.306825184 0.307907395 0.307217652 0.299551079 0.261538702 0.260136382 0.298653924 0.297154335 0.303741597 0.305047392 0.296500955 0.298317368 0.307509499 0.308683889 0.308307727 0.309130234 0.300322006 0.379336107 0.380158238 0.388733829 0.351883405 0.350186668 0.230199519 0.237308795 0.254406237 0.284102204 0.272699130 0.297179006 0.269756999 0.283246793 0.487550869 
37     0.235405611 0.206644555 0.172807928 0.188992167 0.216311942 0.222731954 0.186404555 0.220009969 0.230483672 0.000000000 0.307039638 0.299660167 0.254713033 0.247989396 0.243390800 0.239029038 0.234012207 0.249863576 0.250195208 0.281977736 0.270095873 0.271156866 0.270467123 0.262759178 0.224414316 0.223011996 0.261653599 0.259343785 0.265933126 0.267997389 0.259506511 0.260946977 0.270639616 0.271809878 0.271165108 0.272335131 0.263423140 0.342732806 0.343540335 0.352222202 0.315029600 0.313324550 0.193219526 0.200321312 0.216839860 0.246476979 0.235327822 0.259457538 0.232109152 0.246327336 0.451785784 
5     0.349096112 0.320272139 0.286003257 0.301872816 0.329907191 0.336254354 0.301603353 0.334485750 0.344773365 0.307039638 0.000000000 0.067658804 0.367359461 0.359897194 0.354301347 0.351859934 0.347667093 0.363321629 0.363619326 0.395311868 0.383695587 0.384490832 0.383836623 0.374583651 0.338488951 0.337086631 0.376544348 0.374407473 0.381050146 0.382256486 0.373743339 0.375200211 0.384272566 0.385442828 0.385220762 0.386419145 0.377494231 0.456569664 0.457488294 0.466023935 0.428758246 0.427050292 0.307004275 0.314115135 0.331558420 0.361085382 0.350054178 0.374238074 0.346828292 0.360422235 0.564116724 
45     0.341717630 0.312893657 0.278673410 0.294542970 0.322519261 0.328866423 0.294199044 0.327068394 0.337326082 0.299660167 0.067658804 0.000000000 0.359970265 0.352507998 0.346856020 0.344470737 0.340171748 0.355826283 0.356123980 0.387816523 0.376200241 0.376993895 0.376341263 0.367245205 0.330937494 0.329535174 0.368992884 0.366865967 0.373508641 0.374631238 0.366081439 0.367540490 0.376654410 0.377824672 0.377601269 0.379028558 0.370103644 0.449087753 0.450006383 0.458542024 0.421277066 0.419569112 0.299522364 0.306633224 0.324073960 0.353600923 0.342569719 0.366753615 0.339343832 0.353032275 0.556724938 
47     0.292735806 0.264221480 0.230274661 0.245312908 0.273528868 0.279920402 0.247420142 0.280402269 0.290811677 0.254713033 0.367359461 0.359970265 0.000000000 0.086030627 0.080389469 0.237483654 0.277971879 0.293724554 0.294056187 0.325529580 0.313896179 0.314856733 0.314156407 0.306703838 0.268135259 0.266732939 0.305657195 0.303510437 0.310098854 0.311587622 0.303164309 0.304467582 0.313798376 0.315028341 0.314683612 0.315792146 0.307014008 0.386717430 0.387511021 0.396064941 0.359173871 0.357438460 0.237195911 0.244315189 0.260818540 0.290901254 0.279445876 0.303174374 0.275981912 0.290564404 0.495343185 
42     0.285864360 0.257456687 0.223504745 0.238542992 0.266758952 0.273131938 0.240685726 0.273667854 0.284077262 0.247989396 0.359897194 0.352507998 0.086030627 0.000000000 0.048729162 0.230832243 0.270906007 0.286440603 0.286766779 0.318659209 0.307032068 0.308073046 0.307316596 0.299778483 0.261589979 0.260187658 0.299102858 0.296924109 0.303512526 0.305031865 0.296608551 0.297911824 0.307223471 0.308467589 0.308127854 0.309204784 0.300426646 0.380080153 0.380873744 0.389427664 0.352536594 0.350801183 0.230558634 0.237663111 0.254225885 0.284308598 0.272755439 0.296679709 0.269458718 0.283873352 0.488645285 
19     0.281399870 0.252885641 0.218882588 0.233920835 0.262045699 0.268380124 0.236097952 0.269080079 0.279489487 0.243390800 0.354301347 0.346856020 0.080389469 0.048729162 0.000000000 0.226196463 0.266291183 0.281825779 0.282151956 0.314044385 0.302417244 0.303458222 0.302701772 0.295163659 0.256934509 0.255532189 0.294447389 0.292268640 0.298857056 0.300376395 0.291953082 0.293256355 0.302596899 0.303806395 0.303472384 0.304549315 0.295771176 0.375468223 0.376261814 0.384815734 0.347924664 0.346189252 0.225946704 0.233051180 0.249613955 0.279696668 0.268143509 0.291933694 0.264846788 0.279222965 0.484010689 
34     0.276694757 0.247782468 0.214368633 0.229340896 0.257687153 0.264081039 0.231499875 0.264228953 0.274726530 0.239029038 0.351859934 0.344470737 0.237483654 0.230832243 0.226196463 0.000000000 0.262370231 0.278039955 0.278371587 0.310235843 0.298419465 0.299427472 0.298618737 0.291087867 0.252225520 0.250823200 0.289912282 0.287842015 0.294422165 0.295794472 0.287381857 0.288700836 0.297885324 0.299110163 0.298784243 0.299700914 0.290880117 0.371280335 0.371991300 0.380475502 0.343583694 0.341848282 0.221615030 0.228729962 0.245443284 0.275530448 0.263784715 0.287886539 0.260656292 0.274518578 0.479351954 
44     0.273055818 0.243777558 0.210431041 0.226156962 0.254394310 0.261014052 0.228024215 0.260776254 0.270683194 0.234012207 0.347667093 0.340171748 0.277971879 0.270906007 0.266291183 0.262370231 0.000000000 0.064930630 0.065751858 0.153650449 0.144053957 0.144904782 0.144245559 0.137738938 0.206459453 0.205080586 0.245577305 0.242335249 0.248975315 0.249514938 0.240589564 0.242996951 0.252323325 0.253615235 0.252946544 0.255825413 0.246041567 0.343569659 0.344464680 0.352994652 0.315889199 0.314399329 0.194059340 0.201221233 0.216634571 0.247551598 0.236097325 0.260254323 0.232915785 0.250890559 0.456129125 
7     0.288826351 0.259611638 0.226215355 0.241941276 0.270220136 0.276839877 0.243613932 0.276000225 0.285941003 0.249863576 0.363321629 0.355826283 0.293724554 0.286440603 0.281825779 0.278039955 0.064930630 0.000000000 0.023962944 0.169811746 0.159528021 0.160527509 0.159894800 0.153283778 0.222409211 0.221030343 0.261616649 0.258384538 0.265024604 0.265414724 0.256746353 0.258877578 0.268223935 0.269515844 0.268826246 0.271796155 0.262028668 0.359223767 0.360234605 0.368765828 0.331572664 0.330136288 0.209983134 0.217145027 0.232621730 0.263439477 0.252001719 0.276093289 0.248755475 0.266901841 0.472514641 
24     0.289157983 0.259943271 0.226546987 0.242272908 0.270551768 0.277171509 0.243933342 0.276331857 0.286272636 0.250195208 0.363619326 0.356123980 0.294056187 0.286766779 0.282151956 0.278371587 0.065751858 0.023962944 0.000000000 0.170085412 0.159615317 0.160646215 0.160013506 0.153399396 0.222867307 0.221488439 0.262118146 0.258738581 0.265378647 0.265768767 0.257100395 0.259231621 0.268577977 0.269869887 0.269180289 0.272143383 0.262375897 0.359555399 0.360566237 0.369097461 0.331904296 0.330467920 0.210314766 0.217476659 0.232953362 0.263771109 0.252333351 0.276424921 0.249087107 0.267233473 0.472846273 
28     0.320888123 0.291788356 0.258827893 0.274591502 0.301887773 0.308751466 0.275857120 0.308556914 0.318602187 0.281977736 0.395311868 0.387816523 0.325529580 0.318659209 0.314044385 0.310235843 0.153650449 0.169811746 0.170085412 0.000000000 0.193840189 0.195551879 0.194848492 0.186625657 0.254314467 0.252935600 0.293590482 0.290134628 0.296774694 0.297561207 0.288791791 0.290702737 0.300193724 0.301486152 0.300955204 0.303671621 0.293965915 0.391942253 0.392536820 0.401067710 0.363854439 0.362418063 0.241917966 0.249079859 0.264683851 0.295450265 0.284270566 0.308353777 0.281039758 0.298767316 0.504459141 
35     0.309001973 0.279726742 0.246834524 0.262555561 0.290305107 0.296961144 0.264041524 0.296781296 0.306825184 0.270095873 0.383695587 0.376200241 0.313896179 0.307032068 0.302417244 0.298419465 0.144053957 0.159528021 0.159615317 0.193840189 0.000000000 0.154148343 0.153555944 0.154753987 0.242933185 0.241553618 0.281834844 0.278778568 0.285476078 0.285983310 0.277369885 0.279466358 0.288705617 0.290000195 0.289435257 0.292177888 0.282337538 0.379645471 0.380198737 0.388729628 0.351530083 0.350040214 0.229979529 0.237141422 0.252775110 0.283618326 0.272408561 0.296552409 0.269096780 0.287110807 0.491363082 
20     0.309936159 0.280820710 0.248057826 0.263778863 0.291376038 0.298019097 0.265193965 0.297862122 0.307907395 0.271156866 0.384490832 0.376993895 0.314856733 0.308073046 0.303458222 0.299427472 0.144904782 0.160527509 0.160646215 0.195551879 0.154148343 0.000000000 0.069744378 0.155836711 0.243895125 0.242516257 0.282861332 0.279490123 0.286187634 0.286503694 0.277878130 0.279921626 0.289208436 0.290371260 0.289884719 0.292915352 0.282996639 0.381034953 0.381545130 0.390001161 0.352578588 0.351433933 0.231204506 0.238366399 0.253389071 0.284609792 0.273404054 0.297417344 0.270172177 0.288234819 0.493491834 
15     0.309245579 0.280130130 0.247367246 0.263088283 0.290685458 0.297328517 0.264504222 0.297172379 0.307217652 0.270467123 0.383836623 0.376341263 0.314156407 0.307316596 0.302701772 0.298618737 0.144245559 0.159894800 0.160013506 0.194848492 0.153555944 0.069744378 0.000000000 0.154669902 0.243252573 0.241873705 0.282314987 0.278886805 0.285641288 0.286195234 0.277713223 0.279613167 0.289120225 0.290384311 0.289549466 0.292425546 0.282506833 0.379645841 0.380417079 0.388873111 0.351242119 0.350033686 0.230442303 0.237604196 0.252690856 0.283893168 0.272711564 0.296791888 0.269479687 0.287566153 0.492890607 
21     0.301701357 0.272635025 0.239460171 0.255171737 0.282838640 0.289529563 0.256853029 0.289507191 0.299551079 0.262759178 0.374583651 0.367245205 0.306703838 0.299778483 0.295163659 0.291087867 0.137738938 0.153283778 0.153399396 0.186625657 0.154753987 0.155836711 0.154669902 0.000000000 0.235283759 0.233904891 0.274070657 0.270668758 0.277360661 0.277745880 0.269230038 0.271428307 0.280829427 0.282221352 0.281414776 0.284397311 0.274638951 0.372711712 0.373216357 0.381709375 0.344535486 0.343045616 0.222691661 0.229853554 0.245196029 0.276148687 0.264846662 0.288970976 0.261635439 0.279812773 0.485286989 
46     0.263173186 0.234775155 0.201496201 0.217471804 0.245084772 0.251478609 0.218067798 0.251197233 0.261538702 0.224414316 0.338488951 0.330937494 0.268135259 0.261589979 0.256934509 0.252225520 0.206459453 0.222409211 0.222867307 0.254314467 0.242933185 0.243895125 0.243252573 0.235283759 0.000000000 0.019644866 0.165622167 0.162752847 0.169399484 0.168688051 0.160406235 0.162740343 0.170673353 0.171846824 0.171211475 0.207587017 0.198672378 0.332703046 0.333771793 0.342225075 0.305509090 0.303882509 0.183251825 0.190439789 0.207170677 0.237171429 0.225953603 0.249985851 0.222475876 0.241106649 0.448226772 
33     0.261770865 0.233372835 0.200093881 0.216069484 0.243682452 0.250076289 0.216665477 0.249794913 0.260136382 0.223011996 0.337086631 0.329535174 0.266732939 0.260187658 0.255532189 0.250823200 0.205080586 0.221030343 0.221488439 0.252935600 0.241553618 0.242516257 0.241873705 0.233904891 0.019644866 0.000000000 0.164396983 0.161570003 0.168216639 0.167549454 0.159006208 0.161616824 0.169549834 0.170753881 0.170072877 0.206381723 0.197467084 0.331319946 0.332388694 0.340841976 0.304125991 0.302499410 0.181868726 0.189054021 0.205786764 0.235787516 0.224569690 0.248601938 0.221091962 0.239649153 0.445971733 
11     0.299765921 0.271781455 0.238811364 0.254768164 0.282515597 0.288900881 0.255371047 0.288312455 0.298653924 0.261653599 0.376544348 0.368992884 0.305657195 0.299102858 0.294447389 0.289912282 0.245577305 0.261616649 0.262118146 0.293590482 0.281834844 0.282861332 0.282314987 0.274070657 0.165622167 0.164396983 0.000000000 0.164499632 0.171248452 0.191232071 0.182597146 0.185395336 0.192398196 0.194428343 0.192809862 0.248387293 0.238649873 0.370247120 0.371265697 0.379710590 0.343012873 0.341386293 0.220928284 0.228154111 0.243843362 0.273693651 0.262641278 0.286630751 0.258359898 0.278913940 0.484069950 
18     0.298220208 0.269877008 0.236739461 0.252696881 0.280469633 0.286875304 0.253649988 0.286812866 0.297154335 0.259343785 0.374407473 0.366865967 0.303510437 0.296924109 0.292268640 0.287842015 0.242335249 0.258384538 0.258738581 0.290134628 0.278778568 0.279490123 0.278886805 0.270668758 0.162752847 0.161570003 0.164499632 0.000000000 0.049381006 0.189212272 0.180539092 0.182936466 0.189658947 0.191672293 0.190961579 0.244601654 0.235021085 0.368616315 0.369606942 0.378122639 0.341309137 0.339682556 0.219399047 0.226624874 0.242969606 0.272976508 0.261660545 0.285658996 0.257914451 0.276554591 0.482218046 
6     0.304809931 0.276466731 0.243318222 0.259273170 0.287049129 0.293454800 0.260237250 0.293400128 0.303741597 0.265933126 0.381050146 0.373508641 0.310098854 0.303512526 0.298857056 0.294422165 0.248975315 0.265024604 0.265378647 0.296774694 0.285476078 0.286187634 0.285641288 0.277360661 0.169399484 0.168216639 0.171248452 0.049381006 0.000000000 0.195792619 0.187158778 0.189616160 0.196325103 0.198338449 0.197601608 0.251073874 0.241607173 0.375077338 0.376067966 0.384583663 0.347770160 0.346143580 0.225566391 0.232859210 0.249430630 0.279437532 0.268121569 0.292120020 0.264375475 0.283121181 0.488775068 
43     0.305962151 0.278075072 0.245018664 0.261173516 0.288932823 0.295338493 0.261521602 0.294705923 0.305047392 0.267997389 0.382256486 0.374631238 0.311587622 0.305031865 0.300376395 0.295794472 0.249514938 0.265414724 0.265768767 0.297561207 0.285983310 0.286503694 0.286195234 0.277745880 0.168688051 0.167549454 0.191232071 0.189212272 0.195792619 0.000000000 0.077836426 0.093433175 0.127305934 0.129595212 0.129654227 0.252014962 0.243335731 0.376959994 0.377946644 0.386278257 0.349812330 0.348185749 0.227732785 0.234811802 0.251311028 0.280497851 0.270192043 0.294176142 0.266311097 0.285077223 0.492126548 
8     0.297424175 0.269544209 0.236526861 0.252681713 0.280441019 0.286846690 0.253060974 0.286254405 0.296500955 0.259506511 0.373743339 0.366081439 0.303164309 0.296608551 0.291953082 0.287381857 0.240589564 0.256746353 0.257100395 0.288791791 0.277369885 0.277878130 0.277713223 0.269230038 0.160406235 0.159006208 0.182597146 0.180539092 0.187158778 0.077836426 0.000000000 0.086956743 0.118749296 0.121087218 0.120958613 0.243764892 0.235085461 0.368414826 0.369414791 0.377747115 0.341267162 0.339640582 0.219097492 0.226176510 0.242807323 0.272147948 0.261526149 0.285511928 0.257717241 0.276586689 0.483621541 
22     0.299010215 0.270903409 0.237726867 0.253881719 0.281650748 0.287465910 0.254844371 0.287975899 0.298317368 0.260946977 0.375200211 0.367540490 0.304467582 0.297911824 0.293256355 0.288700836 0.242996951 0.258877578 0.259231621 0.290702737 0.279466358 0.279921626 0.279613167 0.271428307 0.162740343 0.161616824 0.185395336 0.182936466 0.189616160 0.093433175 0.086956743 0.000000000 0.120588018 0.123064802 0.124215771 0.245296485 0.236533766 0.369721783 0.370728076 0.379120427 0.342479779 0.340853198 0.220773849 0.227852867 0.244313267 0.273901541 0.263175535 0.287159635 0.259372956 0.278086187 0.485215364 
30     0.308413178 0.280214267 0.247154376 0.263386534 0.291092413 0.297480446 0.263976099 0.297155104 0.307509499 0.270639616 0.384272566 0.376654410 0.313798376 0.307223471 0.302596899 0.297885324 0.252323325 0.268223935 0.268577977 0.300193724 0.288705617 0.289208436 0.289120225 0.280829427 0.170673353 0.169549834 0.192398196 0.189658947 0.196325103 0.127305934 0.118749296 0.120588018 0.000000000 0.073377737 0.130817148 0.254212878 0.244913227 0.379110414 0.380122768 0.388495864 0.351961416 0.350334836 0.229900001 0.237122804 0.253456149 0.282947112 0.272253611 0.296277116 0.268465764 0.287328446 0.494241789 
29     0.309587569 0.281388658 0.248292664 0.264556796 0.292262675 0.298650707 0.265150490 0.298329494 0.308683889 0.271809878 0.385442828 0.377824672 0.315028341 0.308467589 0.303806395 0.299110163 0.253615235 0.269515844 0.269869887 0.301486152 0.290000195 0.290371260 0.290384311 0.282221352 0.171846824 0.170753881 0.194428343 0.191672293 0.198338449 0.129595212 0.121087218 0.123064802 0.073377737 0.000000000 0.133435751 0.255824036 0.246597980 0.380470629 0.381479685 0.389856079 0.353321631 0.351695051 0.231260216 0.238483020 0.254816364 0.284307327 0.273613827 0.297637331 0.269825979 0.287650638 0.495578442 
31     0.309287709 0.281123625 0.247700190 0.263853476 0.291614138 0.297858882 0.264879442 0.297966258 0.308307727 0.271165108 0.385220762 0.377601269 0.314683612 0.308127854 0.303472384 0.298784243 0.252946544 0.268826246 0.269180289 0.300955204 0.289435257 0.289884719 0.289549466 0.281414776 0.171211475 0.170072877 0.192809862 0.190961579 0.197601608 0.129654227 0.120958613 0.124215771 0.130817148 0.133435751 0.000000000 0.255341814 0.246109216 0.379611204 0.380674727 0.389044379 0.352502245 0.350875664 0.230466607 0.237689411 0.254002868 0.283547897 0.272817470 0.296834673 0.269005948 0.287972760 0.494988074 
39     0.310839748 0.282345393 0.249053962 0.264927720 0.292626945 0.299032615 0.265903528 0.298834889 0.309130234 0.272335131 0.386419145 0.379028558 0.315792146 0.309204784 0.304549315 0.299700914 0.255825413 0.271796155 0.272143383 0.303671621 0.292177888 0.292915352 0.292425546 0.284397311 0.207587017 0.206381723 0.248387293 0.244601654 0.251073874 0.252014962 0.243764892 0.245296485 0.254212878 0.255824036 0.255341814 0.000000000 0.095757732 0.380255620 0.381449768 0.390051952 0.353237680 0.351612392 0.232202958 0.239502862 0.255472651 0.285705431 0.274331575 0.298293851 0.271018006 0.289337257 0.495109034 
48     0.301837414 0.273426361 0.240132403 0.256006162 0.283705386 0.290111056 0.256980603 0.290026661 0.300322006 0.263423140 0.377494231 0.370103644 0.307014008 0.300426646 0.295771176 0.290880117 0.246041567 0.262028668 0.262375897 0.293965915 0.282337538 0.282996639 0.282506833 0.274638951 0.198672378 0.197467084 0.238649873 0.235021085 0.241607173 0.243335731 0.235085461 0.236533766 0.244913227 0.246597980 0.246109216 0.095757732 0.000000000 0.371207756 0.372189016 0.380720184 0.344182993 0.342557705 0.223031258 0.230331161 0.246379995 0.276597882 0.265150105 0.288978246 0.261642034 0.280466999 0.486074594 
40     0.380723037 0.352350524 0.319611988 0.335372146 0.363328891 0.369421111 0.336757677 0.368306663 0.379336107 0.342732806 0.456569664 0.449087753 0.386717430 0.380080153 0.375468223 0.371280335 0.343569659 0.359223767 0.359555399 0.391942253 0.379645471 0.381034953 0.379645841 0.372711712 0.332703046 0.331319946 0.370247120 0.368616315 0.375077338 0.376959994 0.368414826 0.369721783 0.379110414 0.380470629 0.379611204 0.380255620 0.371207756 0.000000000 0.178322997 0.188039067 0.150849445 0.148420783 0.258107917 0.265565579 0.291826764 0.322330533 0.310621178 0.334562226 0.307093991 0.360599664 0.567378050 
23     0.380998081 0.353035923 0.319881125 0.336140557 0.364085255 0.370177113 0.337420033 0.368619290 0.380158238 0.343540335 0.457488294 0.450006383 0.387511021 0.380873744 0.376261814 0.371991300 0.344464680 0.360234605 0.360566237 0.392536820 0.380198737 0.381545130 0.380417079 0.373216357 0.333771793 0.332388694 0.371265697 0.369606942 0.376067966 0.377946644 0.369414791 0.370728076 0.380122768 0.381479685 0.380674727 0.381449768 0.372189016 0.178322997 0.000000000 0.090318343 0.127915886 0.124524283 0.258258134 0.265715796 0.292266016 0.322903020 0.311039343 0.335027364 0.307514160 0.360961613 0.567950592 
36     0.389488983 0.361680178 0.328955230 0.344722567 0.372670638 0.378750935 0.346001824 0.377159701 0.388733829 0.352222202 0.466023935 0.458542024 0.396064941 0.389427664 0.384815734 0.380475502 0.352994652 0.368765828 0.369097461 0.401067710 0.388729628 0.390001161 0.388873111 0.381709375 0.342225075 0.340841976 0.379710590 0.378122639 0.384583663 0.386278257 0.377747115 0.379120427 0.388495864 0.389856079 0.389044379 0.390051952 0.380720184 0.188039067 0.090318343 0.000000000 0.137977045 0.134283660 0.267345886 0.274803548 0.301026145 0.331663149 0.319823940 0.343802282 0.316306768 0.369599196 0.575586841 
27     0.352416252 0.324757616 0.291571207 0.307771575 0.335716752 0.341711894 0.309187230 0.341004801 0.351883405 0.315029600 0.428758246 0.421277066 0.359173871 0.352536594 0.347924664 0.343583694 0.315889199 0.331572664 0.331904296 0.363854439 0.351530083 0.352578588 0.351242119 0.344535486 0.305509090 0.304125991 0.343012873 0.341309137 0.347770160 0.349812330 0.341267162 0.342479779 0.351961416 0.353321631 0.352502245 0.353237680 0.344182993 0.150849445 0.127915886 0.137977045 0.000000000 0.016334109 0.230290097 0.237747760 0.263856420 0.293862365 0.282441973 0.306315076 0.278849025 0.333012066 0.539697475 
13     0.350730748 0.323102732 0.289862344 0.306062712 0.334007889 0.340003031 0.307485909 0.339308064 0.350186668 0.313324550 0.427050292 0.419569112 0.357438460 0.350801183 0.346189252 0.341848282 0.314399329 0.330136288 0.330467920 0.362418063 0.350040214 0.351433933 0.350033686 0.343045616 0.303882509 0.302499410 0.341386293 0.339682556 0.346143580 0.348185749 0.339640582 0.340853198 0.350334836 0.351695051 0.350875664 0.351612392 0.342557705 0.148420783 0.124524283 0.134283660 0.016334109 0.000000000 0.228444722 0.235902384 0.262120106 0.292126051 0.280858991 0.304687715 0.277281299 0.331276655 0.537985688 
1     0.232911507 0.203819199 0.170146029 0.186041073 0.214019463 0.220345565 0.187250345 0.219798213 0.230199519 0.193219526 0.307004275 0.299522364 0.237195911 0.230558634 0.225946704 0.221615030 0.194059340 0.209983134 0.210314766 0.241917966 0.229979529 0.231204506 0.230442303 0.222691661 0.183251825 0.181868726 0.220928284 0.219399047 0.225566391 0.227732785 0.219097492 0.220773849 0.229900001 0.231260216 0.230466607 0.232202958 0.223031258 0.258107917 0.258258134 0.267345886 0.230290097 0.228444722 0.000000000 0.029085489 0.141594022 0.172352662 0.160187735 0.184183639 0.157054326 0.211104877 0.417685458 
25     0.239259842 0.210803078 0.177212433 0.193107477 0.221085867 0.227411969 0.194359621 0.226907489 0.237308795 0.200321312 0.314115135 0.306633224 0.244315189 0.237663111 0.233051180 0.228729962 0.201221233 0.217145027 0.217476659 0.249079859 0.237141422 0.238366399 0.237604196 0.229853554 0.190439789 0.189054021 0.228154111 0.226624874 0.232859210 0.234811802 0.226176510 0.227852867 0.237122804 0.238483020 0.237689411 0.239502862 0.230331161 0.265565579 0.265715796 0.274803548 0.237747760 0.235902384 0.029085489 0.000000000 0.149030939 0.179789579 0.167624653 0.191620556 0.164491243 0.218317070 0.424944195 
10     0.256616603 0.227464987 0.194248117 0.210123706 0.237932714 0.244220494 0.211622067 0.243913989 0.254406237 0.216839860 0.331558420 0.324073960 0.260818540 0.254225885 0.249613955 0.245443284 0.216634571 0.232621730 0.232953362 0.264683851 0.252775110 0.253389071 0.252690856 0.245196029 0.207170677 0.205786764 0.243843362 0.242969606 0.249430630 0.251311028 0.242807323 0.244313267 0.253456149 0.254816364 0.254002868 0.255472651 0.246379995 0.291826764 0.292266016 0.301026145 0.263856420 0.262120106 0.141594022 0.149030939 0.000000000 0.120443006 0.131314901 0.155581191 0.128337908 0.234286969 0.441878336 
16     0.286562778 0.257362145 0.224124330 0.239999918 0.267550634 0.273973365 0.241223445 0.273601480 0.284102204 0.246476979 0.361085382 0.353600923 0.290901254 0.284308598 0.279696668 0.275530448 0.247551598 0.263439477 0.263771109 0.295450265 0.283618326 0.284609792 0.283893168 0.276148687 0.237171429 0.235787516 0.273693651 0.272976508 0.279437532 0.280497851 0.272147948 0.273901541 0.282947112 0.284307327 0.283547897 0.285705431 0.276597882 0.322330533 0.322903020 0.331663149 0.293862365 0.292126051 0.172352662 0.179789579 0.120443006 0.000000000 0.163807706 0.187281953 0.160247409 0.264905051 0.470380089 
41     0.275114465 0.245837868 0.212870435 0.228746023 0.256378855 0.262616418 0.229879080 0.261880601 0.272699130 0.235327822 0.350054178 0.342569719 0.279445876 0.272755439 0.268143509 0.263784715 0.236097325 0.252001719 0.252333351 0.284270566 0.272408561 0.273404054 0.272711564 0.264846662 0.225953603 0.224569690 0.262641278 0.261660545 0.268121569 0.270192043 0.261526149 0.263175535 0.272253611 0.273613827 0.272817470 0.274331575 0.265150105 0.310621178 0.311039343 0.319823940 0.282441973 0.280858991 0.160187735 0.167624653 0.131314901 0.163807706 0.000000000 0.106471284 0.084449870 0.252940968 0.458794663 
9     0.299110628 0.269813190 0.236979798 0.252855386 0.280488218 0.286725781 0.254311098 0.286428630 0.297179006 0.259457538 0.374238074 0.366753615 0.303174374 0.296679709 0.291933694 0.287886539 0.260254323 0.276093289 0.276424921 0.308353777 0.296552409 0.297417344 0.296791888 0.288970976 0.249985851 0.248601938 0.286630751 0.285658996 0.292120020 0.294176142 0.285511928 0.287159635 0.296277116 0.297637331 0.296834673 0.298293851 0.288978246 0.334562226 0.335027364 0.343802282 0.306315076 0.304687715 0.184183639 0.191620556 0.155581191 0.187281953 0.106471284 0.000000000 0.110282950 0.277723097 0.482963745 
2     0.271704041 0.242215207 0.209566421 0.225442009 0.253074841 0.259314689 0.226867756 0.259031701 0.269756999 0.232109152 0.346828292 0.339343832 0.275981912 0.269458718 0.264846788 0.260656292 0.232915785 0.248755475 0.249087107 0.281039758 0.269096780 0.270172177 0.269479687 0.261635439 0.222475876 0.221091962 0.258359898 0.257914451 0.264375475 0.266311097 0.257717241 0.259372956 0.268465764 0.269825979 0.269005948 0.271018006 0.261642034 0.307093991 0.307514160 0.316306768 0.278849025 0.277281299 0.157054326 0.164491243 0.128337908 0.160247409 0.084449870 0.110282950 0.000000000 0.250237577 0.455022571 
50     0.285317490 0.256630179 0.223437201 0.239095962 0.266691037 0.272832866 0.239851031 0.272875223 0.283246793 0.246327336 0.360422235 0.353032275 0.290564404 0.283873352 0.279222965 0.274518578 0.250890559 0.266901841 0.267233473 0.298767316 0.287110807 0.288234819 0.287566153 0.279812773 0.241106649 0.239649153 0.278913940 0.276554591 0.283121181 0.285077223 0.276586689 0.278086187 0.287328446 0.287650638 0.287972760 0.289337257 0.280466999 0.360599664 0.360961613 0.369599196 0.333012066 0.331276655 0.211104877 0.218317070 0.234286969 0.264905051 0.252940968 0.277723097 0.250237577 0.000000000 0.464303182 
0     0.489937215 0.460831848 0.428939553 0.444638110 0.472242653 0.478616137 0.445833873 0.477966534 0.487550869 0.451785784 0.564116724 0.556724938 0.495343185 0.488645285 0.484010689 0.479351954 0.456129125 0.472514641 0.472846273 0.504459141 0.491363082 0.493491834 0.492890607 0.485286989 0.448226772 0.445971733 0.484069950 0.482218046 0.488775068 0.492126548 0.483621541 0.485215364 0.494241789 0.495578442 0.494988074 0.495109034 0.486074594 0.567378050 0.567950592 0.575586841 0.539697475 0.537985688 0.417685458 0.424944195 0.441878336 0.470380089 0.458794663 0.482963745 0.455022571 0.464303182 0.000000000 
