51
3     0.000000000 0.168812725 0.160576930 0.160955549 0.160786620 0.167626249 0.163369506 0.151942832 0.155190207 0.155541832 0.170866262 0.174752371 0.173400209 0.173979746 0.174989593 0.170815381 0.176123284 0.169827455 0.175356169 0.171156677 0.163994685 0.170239511 0.172088310 0.172553557 0.176524364 0.177597275 0.177424747 0.179054935 0.178017326 0.176511498 0.173686051 0.178282332 0.169517721 0.187811672 0.189874930 0.185397505 0.192753234 0.188498376 0.191276115 0.186721910 0.174954672 0.184871241 0.191940621 0.196063921 0.195565494 0.186098347 0.186310652 0.180666496 0.185599621 0.183508365 0.246553457 
33     0.168812725 0.000000000 0.192514229 0.192837719 0.192373207 0.199087234 0.195878446 0.183149677 0.187016190 0.189480626 0.200621639 0.206537773 0.204707005 0.205568038 0.206446064 0.202102373 0.207435263 0.201601326 0.208492594 0.203161214 0.196770945 0.203433984 0.203296997 0.205089926 0.209144453 0.210496896 0.210396468 0.210539411 0.210064488 0.209254302 0.205474228 0.211033378 0.201736758 0.222567533 0.225754229 0.220141996 0.229488738 0.225126865 0.228860657 0.222604929 0.211051546 0.220719753 0.228167523 0.226777743 0.228013825 0.220369152 0.221052886 0.217643231 0.219838784 0.220066057 0.280116876 
30     0.160576930 0.192514229 0.000000000 0.019024340 0.018289348 0.085557541 0.110347895 0.153900674 0.157187063 0.168390213 0.181582872 0.189357000 0.188168643 0.188158613 0.188311126 0.184910729 0.189825767 0.182440858 0.189161424 0.183065655 0.178077051 0.183421768 0.185189524 0.185875328 0.189938609 0.191537770 0.191248502 0.191778860 0.190717791 0.191065718 0.186432968 0.191341402 0.182308462 0.203066323 0.205635501 0.200021657 0.208214819 0.203574571 0.205023067 0.205202851 0.192464039 0.201302302 0.210556325 0.210102413 0.211422477 0.201174633 0.204626571 0.196987352 0.201850315 0.199913410 0.264202524 
24     0.160955549 0.192837719 0.019024340 0.000000000 0.018350132 0.085422149 0.111266267 0.154538575 0.157806133 0.169066331 0.181963749 0.189263442 0.188399288 0.187999319 0.188119611 0.184950744 0.189823089 0.182768422 0.189606737 0.183502623 0.178469002 0.183404739 0.185324550 0.186113326 0.190259842 0.191859003 0.191564489 0.192084970 0.190973093 0.191169320 0.186549257 0.191573208 0.182647532 0.203513811 0.205801353 0.200460243 0.208668444 0.204546412 0.205618994 0.205568576 0.192721097 0.201099316 0.210469209 0.210181216 0.211577070 0.201259573 0.205062111 0.197495981 0.202352735 0.200411357 0.264747344 
27     0.160786620 0.192373207 0.018289348 0.018350132 0.000000000 0.084548587 0.110544347 0.153779746 0.157314907 0.168487151 0.181663836 0.189520922 0.188329025 0.188318995 0.188475048 0.185041337 0.189962502 0.182435499 0.189306259 0.183123701 0.178218716 0.183415964 0.185167771 0.186007490 0.190170927 0.191770089 0.191475574 0.191996056 0.190945853 0.191019683 0.186543485 0.191501673 0.182270861 0.203459218 0.205789675 0.200218838 0.208503758 0.203904038 0.205264561 0.205189509 0.192597240 0.201513274 0.210641932 0.210130901 0.211526754 0.201209258 0.204897013 0.197372279 0.202178809 0.200332348 0.264300679 
5     0.167626249 0.199087234 0.085557541 0.085422149 0.084548587 0.000000000 0.117770267 0.160878037 0.163833869 0.175450912 0.188073462 0.194859088 0.193899495 0.193291569 0.193352262 0.190783623 0.195054654 0.187742258 0.193285645 0.187788920 0.183118839 0.188692739 0.189161264 0.191767978 0.194288324 0.196308987 0.195517641 0.195820916 0.194811807 0.196742051 0.191601647 0.196495879 0.188357059 0.209099550 0.211171857 0.206630086 0.213908715 0.209815195 0.211383435 0.210378092 0.196080048 0.207464261 0.215846322 0.214259827 0.215249663 0.205761482 0.208949090 0.201416111 0.207652840 0.205146431 0.269645740 
12     0.163369506 0.195878446 0.110347895 0.111266267 0.110544347 0.117770267 0.000000000 0.160395127 0.163373950 0.172545566 0.187056614 0.193347058 0.190412111 0.191123052 0.191075684 0.189047521 0.194188389 0.186406362 0.190147267 0.186114374 0.181134640 0.187228290 0.188945222 0.190068547 0.195236602 0.196961056 0.196843524 0.197423071 0.197030300 0.197851909 0.192382901 0.196929412 0.189315131 0.204097403 0.206815924 0.199799625 0.208595085 0.204199995 0.208306595 0.206985022 0.194541221 0.202995406 0.212219169 0.210885088 0.211967477 0.202356926 0.205131390 0.199634964 0.203058680 0.202042310 0.267006563 
17     0.151942832 0.183149677 0.153900674 0.154538575 0.153779746 0.160878037 0.160395127 0.000000000 0.118312190 0.163466402 0.177870673 0.183428389 0.182981521 0.183189364 0.184392550 0.178403278 0.184162206 0.178075649 0.183545792 0.177276763 0.171028451 0.177154649 0.179924405 0.179683428 0.183829841 0.185157303 0.184599005 0.185664639 0.184910900 0.184735846 0.180497637 0.186192483 0.176270107 0.196367369 0.198659671 0.193288717 0.200228791 0.195177449 0.196348369 0.196463313 0.185418257 0.195583240 0.203300866 0.203679584 0.204454139 0.194355778 0.194710750 0.189129384 0.193834933 0.192041772 0.256754504 
28     0.155190207 0.187016190 0.157187063 0.157806133 0.157314907 0.163833869 0.163373950 0.118312190 0.000000000 0.167019056 0.182798772 0.186004039 0.187852675 0.188026479 0.189075046 0.183335148 0.188086184 0.182431658 0.188668593 0.182194972 0.176757125 0.184478875 0.184129515 0.183913069 0.189774425 0.191135173 0.190472554 0.190855780 0.189638916 0.190725382 0.186109395 0.190267924 0.181428924 0.202563933 0.204997636 0.199708856 0.206778736 0.202053172 0.203272667 0.201643863 0.191017496 0.199791458 0.207617719 0.206228000 0.206822627 0.198548963 0.200251774 0.194675544 0.198768348 0.197705764 0.262220819 
8     0.155541832 0.189480626 0.168390213 0.169066331 0.168487151 0.175450912 0.172545566 0.163466402 0.167019056 0.000000000 0.180055146 0.187614588 0.186773462 0.187239917 0.188393143 0.182974235 0.188408995 0.179384354 0.187211293 0.182571306 0.176005128 0.184102454 0.185228153 0.184847269 0.186979274 0.188663628 0.188300972 0.187666459 0.188166395 0.189567050 0.184545661 0.190064666 0.179496660 0.199724188 0.205842344 0.196093935 0.204145930 0.200423728 0.201826143 0.202449980 0.191481510 0.199754843 0.208032543 0.209290503 0.210547598 0.200692542 0.200386708 0.194929050 0.199099776 0.198605386 0.259373844 
6     0.170866262 0.200621639 0.181582872 0.181963749 0.181663836 0.188073462 0.187056614 0.177870673 0.182798772 0.180055146 0.000000000 0.086622097 0.085216656 0.085884097 0.086216548 0.080897784 0.086410470 0.127096555 0.132331309 0.128212748 0.130087895 0.138528794 0.137965366 0.151084973 0.152582008 0.153628004 0.153563247 0.155439539 0.154462989 0.153823373 0.150395943 0.154743209 0.147609863 0.193039092 0.194958992 0.190774394 0.195762798 0.190935961 0.196384322 0.191961900 0.183921674 0.192303302 0.199963300 0.199138855 0.200414647 0.190811087 0.189293660 0.183653471 0.188920221 0.189073217 0.255506918 
1     0.174752371 0.206537773 0.189357000 0.189263442 0.189520922 0.194859088 0.193347058 0.183428389 0.186004039 0.187614588 0.086622097 0.000000000 0.045763635 0.046635449 0.046030333 0.075593597 0.082152376 0.131750394 0.136149541 0.132864962 0.134359967 0.142008893 0.141846582 0.156314107 0.156984173 0.157780620 0.157960555 0.159367887 0.158480831 0.158624743 0.155900267 0.159884367 0.151136179 0.197119488 0.198926719 0.195767281 0.202405133 0.197992355 0.201190111 0.195567080 0.184824610 0.194280734 0.202796220 0.201971520 0.203201665 0.192210713 0.192385585 0.186593600 0.191464320 0.191116958 0.260711942 
31     0.173400209 0.204707005 0.188168643 0.188399288 0.188329025 0.193899495 0.190412111 0.182981521 0.187852675 0.186773462 0.085216656 0.045763635 0.000000000 0.024294148 0.027230671 0.073836269 0.080195809 0.131832636 0.136184108 0.132910889 0.135066727 0.141983669 0.141604769 0.156485697 0.157094213 0.158002175 0.157521249 0.157983959 0.157054713 0.157782280 0.154615712 0.159150140 0.151711490 0.194603573 0.197085232 0.193789057 0.200348725 0.195823568 0.199252023 0.197354212 0.187002394 0.194437312 0.201846946 0.202932423 0.204213653 0.193116443 0.193410869 0.187432296 0.192902526 0.192095102 0.256381952 
16     0.173979746 0.205568038 0.188158613 0.187999319 0.188318995 0.193291569 0.191123052 0.183189364 0.188026479 0.187239917 0.085884097 0.046635449 0.024294148 0.000000000 0.029712290 0.074637236 0.081055915 0.132478896 0.136714957 0.133417931 0.135042871 0.142139852 0.141756382 0.155717921 0.156328950 0.157783064 0.157852583 0.158540443 0.157585021 0.157318021 0.154205615 0.158746199 0.151334235 0.195395069 0.197530146 0.194136945 0.200708348 0.195898301 0.199814751 0.196387122 0.186630793 0.194377107 0.202384264 0.202018107 0.203101981 0.191940089 0.192188623 0.186583539 0.191705367 0.191719090 0.257140531 
7     0.174989593 0.206446064 0.188311126 0.188119611 0.188475048 0.193352262 0.191075684 0.184392550 0.189075046 0.188393143 0.086216548 0.046030333 0.027230671 0.029712290 0.000000000 0.074758712 0.081306756 0.132778356 0.136843930 0.133225290 0.136401415 0.143110301 0.141539572 0.156679046 0.158102863 0.158969643 0.158755624 0.159733244 0.158807792 0.159140241 0.156206613 0.160850536 0.152381072 0.194836737 0.197151157 0.193633769 0.200146379 0.195906754 0.199004841 0.197626236 0.185624136 0.194530694 0.202095119 0.201911900 0.203190442 0.191808315 0.192500533 0.186723006 0.191549837 0.191153806 0.258515658 
18     0.170815381 0.202102373 0.184910729 0.184950744 0.185041337 0.190783623 0.189047521 0.178403278 0.183335148 0.182974235 0.080897784 0.075593597 0.073836269 0.074637236 0.074758712 0.000000000 0.043623860 0.127611234 0.131385225 0.128496226 0.130146258 0.137414399 0.137719658 0.151621712 0.153680728 0.154210716 0.154927036 0.155950907 0.154969223 0.154966200 0.151544838 0.156233599 0.147059583 0.193990856 0.196821339 0.192839469 0.198746241 0.194474947 0.199454809 0.194779441 0.185039497 0.193605185 0.201538928 0.200239803 0.201511121 0.191153375 0.192500210 0.185127349 0.190134413 0.190798530 0.256960652 
15     0.176123284 0.207435263 0.189825767 0.189823089 0.189962502 0.195054654 0.194188389 0.184162206 0.188086184 0.188408995 0.086410470 0.082152376 0.080195809 0.081055915 0.081306756 0.043623860 0.000000000 0.133416836 0.137518819 0.134491192 0.136477980 0.143590924 0.143698181 0.156971616 0.158036974 0.158759377 0.159350678 0.160189990 0.159063578 0.159432421 0.156577189 0.160968121 0.152864231 0.196257859 0.199158715 0.195496740 0.200924229 0.196760440 0.201538697 0.199213866 0.187020994 0.196121394 0.206367956 0.203377031 0.204606948 0.194218364 0.197294884 0.190139499 0.195036158 0.195394762 0.261939404 
4     0.169827455 0.201601326 0.182440858 0.182768422 0.182435499 0.187742258 0.186406362 0.178075649 0.182431658 0.179384354 0.127096555 0.131750394 0.131832636 0.132478896 0.132778356 0.127611234 0.133416836 0.000000000 0.070320172 0.067496671 0.127357035 0.135474609 0.137267982 0.150077550 0.150351580 0.151456306 0.152037668 0.152450509 0.152114326 0.152732480 0.148628058 0.153044732 0.144390258 0.192050234 0.193419403 0.188200563 0.194217560 0.190640530 0.194322076 0.190698226 0.181226365 0.190433662 0.198293545 0.199342773 0.200387827 0.190028912 0.189020013 0.182634276 0.187132276 0.186898755 0.255835519 
14     0.175356169 0.208492594 0.189161424 0.189606737 0.189306259 0.193285645 0.190147267 0.183545792 0.188668593 0.187211293 0.132331309 0.136149541 0.136184108 0.136714957 0.136843930 0.131385225 0.137518819 0.070320172 0.000000000 0.065820663 0.133863196 0.139540185 0.141783333 0.155875568 0.157272687 0.157933399 0.158895137 0.159345947 0.158503005 0.158793496 0.155249917 0.159719030 0.151056068 0.196174225 0.198623806 0.192657441 0.199204595 0.195155400 0.200156476 0.197149688 0.187975498 0.198970687 0.206182128 0.204342684 0.205886525 0.195146073 0.196227660 0.189299557 0.193389708 0.194191034 0.261345815 
9     0.171156677 0.203161214 0.183065655 0.183502623 0.183123701 0.187788920 0.186114374 0.177276763 0.182194972 0.182571306 0.128212748 0.132864962 0.132910889 0.133417931 0.133225290 0.128496226 0.134491192 0.067496671 0.065820663 0.000000000 0.128534901 0.135278850 0.136975310 0.149898285 0.152276348 0.152867293 0.153520456 0.153340981 0.153131162 0.153938724 0.150305556 0.154561172 0.145369502 0.190326715 0.192287712 0.187583419 0.193296052 0.189487377 0.193778055 0.190829874 0.181650806 0.190176831 0.197654570 0.197056485 0.197631182 0.188245153 0.187531289 0.182900107 0.186995110 0.186047528 0.255443323 
25     0.163994685 0.196770945 0.178077051 0.178469002 0.178218716 0.183118839 0.181134640 0.171028451 0.176757125 0.176005128 0.130087895 0.134359967 0.135066727 0.135042871 0.136401415 0.130146258 0.136477980 0.127357035 0.133863196 0.128534901 0.000000000 0.111573749 0.112699862 0.146449661 0.148105718 0.149164101 0.149168655 0.152095243 0.151137688 0.149999724 0.147079826 0.151030907 0.142995260 0.185518788 0.186722173 0.181985692 0.189017696 0.185503551 0.188985869 0.187519671 0.175719499 0.185121972 0.191070397 0.191285508 0.191962373 0.182448365 0.182490206 0.176046448 0.181378732 0.181011415 0.250041073 
10     0.170239511 0.203433984 0.183421768 0.183404739 0.183415964 0.188692739 0.187228290 0.177154649 0.184478875 0.184102454 0.138528794 0.142008893 0.141983669 0.142139852 0.143110301 0.137414399 0.143590924 0.135474609 0.139540185 0.135278850 0.111573749 0.000000000 0.072324582 0.151864844 0.153082374 0.153111101 0.154268627 0.154511825 0.153374053 0.153724039 0.152149428 0.155572945 0.147827871 0.192437650 0.195175829 0.191225133 0.197316077 0.192160627 0.195885435 0.191537246 0.182120194 0.192793775 0.198864516 0.197810981 0.198713687 0.189598429 0.189545038 0.181197552 0.185994668 0.185421314 0.260001024 
29     0.172088310 0.203296997 0.185189524 0.185324550 0.185167771 0.189161264 0.188945222 0.179924405 0.184129515 0.185228153 0.137965366 0.141846582 0.141604769 0.141756382 0.141539572 0.137719658 0.143698181 0.137267982 0.141783333 0.136975310 0.112699862 0.072324582 0.000000000 0.152470942 0.153051556 0.153739175 0.154157329 0.153740530 0.153005411 0.154986118 0.152477511 0.156057869 0.149605616 0.193512273 0.196795199 0.190247104 0.197254398 0.193380019 0.196771772 0.192800032 0.181472129 0.193977915 0.198809469 0.197742139 0.199199301 0.189439804 0.189226781 0.182631411 0.187057268 0.186307285 0.261274152 
32     0.172553557 0.205089926 0.185875328 0.186113326 0.186007490 0.191767978 0.190068547 0.179683428 0.183913069 0.184847269 0.151084973 0.156314107 0.156485697 0.155717921 0.156679046 0.151621712 0.156971616 0.150077550 0.155875568 0.149898285 0.146449661 0.151864844 0.152470942 0.000000000 0.142859517 0.144379459 0.144073820 0.144834367 0.144457549 0.143588325 0.139864208 0.144509488 0.148398839 0.189937946 0.194449774 0.188933211 0.195320004 0.190618639 0.196085055 0.193936086 0.181903430 0.193731129 0.201570942 0.200358728 0.201589499 0.191246179 0.191679318 0.184457428 0.188796113 0.188382711 0.259260236 
13     0.176524364 0.209144453 0.189938609 0.190259842 0.190170927 0.194288324 0.195236602 0.183829841 0.189774425 0.186979274 0.152582008 0.156984173 0.157094213 0.156328950 0.158102863 0.153680728 0.158036974 0.150351580 0.157272687 0.152276348 0.148105718 0.153082374 0.153051556 0.142859517 0.000000000 0.025618308 0.042153213 0.058876266 0.058185041 0.086405516 0.081883898 0.085475292 0.150804102 0.197889189 0.201219939 0.196265044 0.201403903 0.198861415 0.201774378 0.199514211 0.186751329 0.199401058 0.206355853 0.206919034 0.207149136 0.197796280 0.196277204 0.187322597 0.194170407 0.193857297 0.260106440 
23     0.177597275 0.210496896 0.191537770 0.191859003 0.191770089 0.196308987 0.196961056 0.185157303 0.191135173 0.188663628 0.153628004 0.157780620 0.158002175 0.157783064 0.158969643 0.154210716 0.158759377 0.151456306 0.157933399 0.152867293 0.149164101 0.153111101 0.153739175 0.144379459 0.025618308 0.000000000 0.044146295 0.061678692 0.061047177 0.088486427 0.084334560 0.087819488 0.151664856 0.198490666 0.201915290 0.196830645 0.202352414 0.200436980 0.202370192 0.200487251 0.188574448 0.199846432 0.206442144 0.207277904 0.207539291 0.198053837 0.196631137 0.188401862 0.195099302 0.194400020 0.260628302 
22     0.177424747 0.210396468 0.191248502 0.191564489 0.191475574 0.195517641 0.196843524 0.184599005 0.190472554 0.188300972 0.153563247 0.157960555 0.157521249 0.157852583 0.158755624 0.154927036 0.159350678 0.152037668 0.158895137 0.153520456 0.149168655 0.154268627 0.154157329 0.144073820 0.042153213 0.044146295 0.000000000 0.060094512 0.059097134 0.088498743 0.084117846 0.087549416 0.152112544 0.197306330 0.200463683 0.196390354 0.201046427 0.198489226 0.201670006 0.198696148 0.185764961 0.198983461 0.205326523 0.205609247 0.205810295 0.197107737 0.195405152 0.187817034 0.195476532 0.193545786 0.261153010 
20     0.179054935 0.210539411 0.191778860 0.192084970 0.191996056 0.195820916 0.197423071 0.185664639 0.190855780 0.187666459 0.155439539 0.159367887 0.157983959 0.158540443 0.159733244 0.155950907 0.160189990 0.152450509 0.159345947 0.153340981 0.152095243 0.154511825 0.153740530 0.144834367 0.058876266 0.061678692 0.060094512 0.000000000 0.029625255 0.089410498 0.085930422 0.088790195 0.152525301 0.198719332 0.202397439 0.198543648 0.202579308 0.199245903 0.202529193 0.200010026 0.187982309 0.200906388 0.207511156 0.207829241 0.207982918 0.198271278 0.197113551 0.188667877 0.196350057 0.194484018 0.260774969 
21     0.178017326 0.210064488 0.190717791 0.190973093 0.190945853 0.194811807 0.197030300 0.184910900 0.189638916 0.188166395 0.154462989 0.158480831 0.157054713 0.157585021 0.158807792 0.154969223 0.159063578 0.152114326 0.158503005 0.153131162 0.151137688 0.153374053 0.153005411 0.144457549 0.058185041 0.061047177 0.059097134 0.029625255 0.000000000 0.087764592 0.084834536 0.088438170 0.151973459 0.197370029 0.200962722 0.197469645 0.201000373 0.197894303 0.201285305 0.199338846 0.186322002 0.199898752 0.206362511 0.206297961 0.206419052 0.197011924 0.195966998 0.187232149 0.195575562 0.193396312 0.259954173 
19     0.176511498 0.209254302 0.191065718 0.191169320 0.191019683 0.196742051 0.197851909 0.184735846 0.190725382 0.189567050 0.153823373 0.158624743 0.157782280 0.157318021 0.159140241 0.154966200 0.159432421 0.152732480 0.158793496 0.153938724 0.149999724 0.153724039 0.154986118 0.143588325 0.086405516 0.088486427 0.088498743 0.089410498 0.087764592 0.000000000 0.068902985 0.072136346 0.151276497 0.198909455 0.203882104 0.198067948 0.203154903 0.198185140 0.203133249 0.198896105 0.188858603 0.200700413 0.207958857 0.207646393 0.207626378 0.198666831 0.196398219 0.187821052 0.194601380 0.195613133 0.260702656 
11     0.173686051 0.205474228 0.186432968 0.186549257 0.186543485 0.191601647 0.192382901 0.180497637 0.186109395 0.184545661 0.150395943 0.155900267 0.154615712 0.154205615 0.156206613 0.151544838 0.156577189 0.148628058 0.155249917 0.150305556 0.147079826 0.152149428 0.152477511 0.139864208 0.081883898 0.084334560 0.084117846 0.085930422 0.084834536 0.068902985 0.000000000 0.038089321 0.146588167 0.193572924 0.196894893 0.192987437 0.198965948 0.194190426 0.198953385 0.196180586 0.184783117 0.196222317 0.203059539 0.203485881 0.204087777 0.194359574 0.193666709 0.184634354 0.192781635 0.190778174 0.257507788 
2     0.178282332 0.211033378 0.191341402 0.191573208 0.191501673 0.196495879 0.196929412 0.186192483 0.190267924 0.190064666 0.154743209 0.159884367 0.159150140 0.158746199 0.160850536 0.156233599 0.160968121 0.153044732 0.159719030 0.154561172 0.151030907 0.155572945 0.156057869 0.144509488 0.085475292 0.087819488 0.087549416 0.088790195 0.088438170 0.072136346 0.038089321 0.000000000 0.151480459 0.198034926 0.202664920 0.198338508 0.203224807 0.199246872 0.203666374 0.199903748 0.188765920 0.201435273 0.208741876 0.207727345 0.208291085 0.198643520 0.197500083 0.189514007 0.196791171 0.195452325 0.262127122 
26     0.169517721 0.201736758 0.182308462 0.182647532 0.182270861 0.188357059 0.189315131 0.176270107 0.181428924 0.179496660 0.147609863 0.151136179 0.151711490 0.151334235 0.152381072 0.147059583 0.152864231 0.144390258 0.151056068 0.145369502 0.142995260 0.147827871 0.149605616 0.148398839 0.150804102 0.151664856 0.152112544 0.152525301 0.151973459 0.151276497 0.146588167 0.151480459 0.000000000 0.191141006 0.194521090 0.189313356 0.194920921 0.191020078 0.192706835 0.189661206 0.180176051 0.189298928 0.195515536 0.197313283 0.198500866 0.189304800 0.188823851 0.182150964 0.187229158 0.186058419 0.256822207 
44     0.187811672 0.222567533 0.203066323 0.203513811 0.203459218 0.209099550 0.204097403 0.196367369 0.202563933 0.199724188 0.193039092 0.197119488 0.194603573 0.195395069 0.194836737 0.193990856 0.196257859 0.192050234 0.196174225 0.190326715 0.185518788 0.192437650 0.193512273 0.189937946 0.197889189 0.198490666 0.197306330 0.198719332 0.197370029 0.198909455 0.193572924 0.198034926 0.191141006 0.000000000 0.103041094 0.128496389 0.136101979 0.131809650 0.134793830 0.155933576 0.142641151 0.152091322 0.162006029 0.159960040 0.159974766 0.153204208 0.156560981 0.148336901 0.154936906 0.151904703 0.252849819 
45     0.189874930 0.225754229 0.205635501 0.205801353 0.205789675 0.211171857 0.206815924 0.198659671 0.204997636 0.205842344 0.194958992 0.198926719 0.197085232 0.197530146 0.197151157 0.196821339 0.199158715 0.193419403 0.198623806 0.192287712 0.186722173 0.195175829 0.196795199 0.194449774 0.201219939 0.201915290 0.200463683 0.202397439 0.200962722 0.203882104 0.196894893 0.202664920 0.194521090 0.103041094 0.000000000 0.132221534 0.139111747 0.133366334 0.136483444 0.160475170 0.146213213 0.155809441 0.164575077 0.164230313 0.163831031 0.157045886 0.158817588 0.149150770 0.156410898 0.153364726 0.257695939 
46     0.185397505 0.220141996 0.200021657 0.200460243 0.200218838 0.206630086 0.199799625 0.193288717 0.199708856 0.196093935 0.190774394 0.195767281 0.193789057 0.194136945 0.193633769 0.192839469 0.195496740 0.188200563 0.192657441 0.187583419 0.181985692 0.191225133 0.190247104 0.188933211 0.196265044 0.196830645 0.196390354 0.198543648 0.197469645 0.198067948 0.192987437 0.198338508 0.189313356 0.128496389 0.132221534 0.000000000 0.123775319 0.118631564 0.120908841 0.157818521 0.144310493 0.155173422 0.163130204 0.163446244 0.163142207 0.154850360 0.157020601 0.148207601 0.154269245 0.151560860 0.253692338 
48     0.192753234 0.229488738 0.208214819 0.208668444 0.208503758 0.213908715 0.208595085 0.200228791 0.206778736 0.204145930 0.195762798 0.202405133 0.200348725 0.200708348 0.200146379 0.198746241 0.200924229 0.194217560 0.199204595 0.193296052 0.189017696 0.197316077 0.197254398 0.195320004 0.201403903 0.202352414 0.201046427 0.202579308 0.201000373 0.203154903 0.198965948 0.203224807 0.194920921 0.136101979 0.139111747 0.123775319 0.000000000 0.062574590 0.087740098 0.163169593 0.149241001 0.161301374 0.171395187 0.170391034 0.169224220 0.161616616 0.161396617 0.155286845 0.160397052 0.158971246 0.257137856 
36     0.188498376 0.225126865 0.203574571 0.204546412 0.203904038 0.209815195 0.204199995 0.195177449 0.202053172 0.200423728 0.190935961 0.197992355 0.195823568 0.195898301 0.195906754 0.194474947 0.196760440 0.190640530 0.195155400 0.189487377 0.185503551 0.192160627 0.193380019 0.190618639 0.198861415 0.200436980 0.198489226 0.199245903 0.197894303 0.198185140 0.194190426 0.199246872 0.191020078 0.131809650 0.133366334 0.118631564 0.062574590 0.000000000 0.080900305 0.159418009 0.145432313 0.156847520 0.166538249 0.166843328 0.165808737 0.158851319 0.158037174 0.149933042 0.155712521 0.154320247 0.251858050 
50     0.191276115 0.228860657 0.205023067 0.205618994 0.205264561 0.211383435 0.208306595 0.196348369 0.203272667 0.201826143 0.196384322 0.201190111 0.199252023 0.199814751 0.199004841 0.199454809 0.201538697 0.194322076 0.200156476 0.193778055 0.188985869 0.195885435 0.196771772 0.196085055 0.201774378 0.202370192 0.201670006 0.202529193 0.201285305 0.203133249 0.198953385 0.203666374 0.192706835 0.134793830 0.136483444 0.120908841 0.087740098 0.080900305 0.000000000 0.160629975 0.148625514 0.160196027 0.168117963 0.169355952 0.168107515 0.161226729 0.161493083 0.153269526 0.159097072 0.157197341 0.256650715 
49     0.186721910 0.222604929 0.205202851 0.205568576 0.205189509 0.210378092 0.206985022 0.196463313 0.201643863 0.202449980 0.191961900 0.195567080 0.197354212 0.196387122 0.197626236 0.194779441 0.199213866 0.190698226 0.197149688 0.190829874 0.187519671 0.191537246 0.192800032 0.193936086 0.199514211 0.200487251 0.198696148 0.200010026 0.199338846 0.198896105 0.196180586 0.199903748 0.189661206 0.155933576 0.160475170 0.157818521 0.163169593 0.159418009 0.160629975 0.000000000 0.130718122 0.143332391 0.150787255 0.152146023 0.152004077 0.143249684 0.152390758 0.144319262 0.149352347 0.148619108 0.256120852 
40     0.174954672 0.211051546 0.192464039 0.192721097 0.192597240 0.196080048 0.194541221 0.185418257 0.191017496 0.191481510 0.183921674 0.184824610 0.187002394 0.186630793 0.185624136 0.185039497 0.187020994 0.181226365 0.187975498 0.181650806 0.175719499 0.182120194 0.181472129 0.181903430 0.186751329 0.188574448 0.185764961 0.187982309 0.186322002 0.188858603 0.184783117 0.188765920 0.180176051 0.142641151 0.146213213 0.144310493 0.149241001 0.145432313 0.148625514 0.130718122 0.000000000 0.128795614 0.138248483 0.138855823 0.138202241 0.130840395 0.140909874 0.132810930 0.138496633 0.134096309 0.244759920 
35     0.184871241 0.220719753 0.201302302 0.201099316 0.201513274 0.207464261 0.202995406 0.195583240 0.199791458 0.199754843 0.192303302 0.194280734 0.194437312 0.194377107 0.194530694 0.193605185 0.196121394 0.190433662 0.198970687 0.190176831 0.185121972 0.192793775 0.193977915 0.193731129 0.199401058 0.199846432 0.198983461 0.200906388 0.199898752 0.200700413 0.196222317 0.201435273 0.189298928 0.152091322 0.155809441 0.155173422 0.161301374 0.156847520 0.160196027 0.143332391 0.128795614 0.000000000 0.083617172 0.120873303 0.120001134 0.112010768 0.150609646 0.142158163 0.149936440 0.145931423 0.253017358 
37     0.191940621 0.228167523 0.210556325 0.210469209 0.210641932 0.215846322 0.212219169 0.203300866 0.207617719 0.208032543 0.199963300 0.202796220 0.201846946 0.202384264 0.202095119 0.201538928 0.206367956 0.198293545 0.206182128 0.197654570 0.191070397 0.198864516 0.198809469 0.201570942 0.206355853 0.206442144 0.205326523 0.207511156 0.206362511 0.207958857 0.203059539 0.208741876 0.195515536 0.162006029 0.164575077 0.163130204 0.171395187 0.166538249 0.168117963 0.150787255 0.138248483 0.083617172 0.000000000 0.129089675 0.128563634 0.120549767 0.157202631 0.148694213 0.156141269 0.153199800 0.261278116 
39     0.196063921 0.226777743 0.210102413 0.210181216 0.210130901 0.214259827 0.210885088 0.203679584 0.206228000 0.209290503 0.199138855 0.201971520 0.202932423 0.202018107 0.201911900 0.200239803 0.203377031 0.199342773 0.204342684 0.197056485 0.191285508 0.197810981 0.197742139 0.200358728 0.206919034 0.207277904 0.205609247 0.207829241 0.206297961 0.207646393 0.203485881 0.207727345 0.197313283 0.159960040 0.164230313 0.163446244 0.170391034 0.166843328 0.169355952 0.152146023 0.138855823 0.120873303 0.129089675 0.000000000 0.035613308 0.084544025 0.159819644 0.149093036 0.157731920 0.153642478 0.265603090 
47     0.195565494 0.228013825 0.211422477 0.211577070 0.211526754 0.215249663 0.211967477 0.204454139 0.206822627 0.210547598 0.200414647 0.203201665 0.204213653 0.203101981 0.203190442 0.201511121 0.204606948 0.200387827 0.205886525 0.197631182 0.191962373 0.198713687 0.199199301 0.201589499 0.207149136 0.207539291 0.205810295 0.207982918 0.206419052 0.207626378 0.204087777 0.208291085 0.198500866 0.159974766 0.163831031 0.163142207 0.169224220 0.165808737 0.168107515 0.152004077 0.138202241 0.120001134 0.128563634 0.035613308 0.000000000 0.083522352 0.159655733 0.148860163 0.157463052 0.153289536 0.264675942 
38     0.186098347 0.220369152 0.201174633 0.201259573 0.201209258 0.205761482 0.202356926 0.194355778 0.198548963 0.200692542 0.190811087 0.192210713 0.193116443 0.191940089 0.191808315 0.191153375 0.194218364 0.190028912 0.195146073 0.188245153 0.182448365 0.189598429 0.189439804 0.191246179 0.197796280 0.198053837 0.197107737 0.198271278 0.197011924 0.198666831 0.194359574 0.198643520 0.189304800 0.153204208 0.157045886 0.154850360 0.161616616 0.158851319 0.161226729 0.143249684 0.130840395 0.112010768 0.120549767 0.084544025 0.083522352 0.000000000 0.149916011 0.139606474 0.147946697 0.143815602 0.256040496 
43     0.186310652 0.221052886 0.204626571 0.205062111 0.204897013 0.208949090 0.205131390 0.194710750 0.200251774 0.200386708 0.189293660 0.192385585 0.193410869 0.192188623 0.192500533 0.192500210 0.197294884 0.189020013 0.196227660 0.187531289 0.182490206 0.189545038 0.189226781 0.191679318 0.196277204 0.196631137 0.195405152 0.197113551 0.195966998 0.196398219 0.193666709 0.197500083 0.188823851 0.156560981 0.158817588 0.157020601 0.161396617 0.158037174 0.161493083 0.152390758 0.140909874 0.150609646 0.157202631 0.159819644 0.159655733 0.149916011 0.000000000 0.091999661 0.096707525 0.092788977 0.253857312 
34     0.180666496 0.217643231 0.196987352 0.197495981 0.197372279 0.201416111 0.199634964 0.189129384 0.194675544 0.194929050 0.183653471 0.186593600 0.187432296 0.186583539 0.186723006 0.185127349 0.190139499 0.182634276 0.189299557 0.182900107 0.176046448 0.181197552 0.182631411 0.184457428 0.187322597 0.188401862 0.187817034 0.188667877 0.187232149 0.187821052 0.184634354 0.189514007 0.182150964 0.148336901 0.149150770 0.148207601 0.155286845 0.149933042 0.153269526 0.144319262 0.132810930 0.142158163 0.148694213 0.149093036 0.148860163 0.139606474 0.091999661 0.000000000 0.063293735 0.077338758 0.249602625 
42     0.185599621 0.219838784 0.201850315 0.202352735 0.202178809 0.207652840 0.203058680 0.193834933 0.198768348 0.199099776 0.188920221 0.191464320 0.192902526 0.191705367 0.191549837 0.190134413 0.195036158 0.187132276 0.193389708 0.186995110 0.181378732 0.185994668 0.187057268 0.188796113 0.194170407 0.195099302 0.195476532 0.196350057 0.195575562 0.194601380 0.192781635 0.196791171 0.187229158 0.154936906 0.156410898 0.154269245 0.160397052 0.155712521 0.159097072 0.149352347 0.138496633 0.149936440 0.156141269 0.157731920 0.157463052 0.147946697 0.096707525 0.063293735 0.000000000 0.083242705 0.254402000 
41     0.183508365 0.220066057 0.199913410 0.200411357 0.200332348 0.205146431 0.202042310 0.192041772 0.197705764 0.198605386 0.189073217 0.191116958 0.192095102 0.191719090 0.191153806 0.190798530 0.195394762 0.186898755 0.194191034 0.186047528 0.181011415 0.185421314 0.186307285 0.188382711 0.193857297 0.194400020 0.193545786 0.194484018 0.193396312 0.195613133 0.190778174 0.195452325 0.186058419 0.151904703 0.153364726 0.151560860 0.158971246 0.154320247 0.157197341 0.148619108 0.134096309 0.145931423 0.153199800 0.153642478 0.153289536 0.143815602 0.092788977 0.077338758 0.083242705 0.000000000 0.254509785 
0     0.246553457 0.280116876 0.264202524 0.264747344 0.264300679 0.269645740 0.267006563 0.256754504 0.262220819 0.259373844 0.255506918 0.260711942 0.256381952 0.257140531 0.258515658 0.256960652 0.261939404 0.255835519 0.261345815 0.255443323 0.250041073 0.260001024 0.261274152 0.259260236 0.260106440 0.260628302 0.261153010 0.260774969 0.259954173 0.260702656 0.257507788 0.262127122 0.256822207 0.252849819 0.257695939 0.253692338 0.257137856 0.251858050 0.256650715 0.256120852 0.244759920 0.253017358 0.261278116 0.265603090 0.264675942 0.256040496 0.253857312 0.249602625 0.254402000 0.254509785 0.000000000 
