51
3     0.000000000 0.000565050 0.008347150 0.006756930 0.004058740 0.004015390 0.007339970 0.008622080 0.001817090 0.004736560 0.004901060 0.005071540 0.000386300 0.004600060 0.000281770 0.005067170 0.004699800 0.002511490 0.004597940 0.005815370 0.002814270 0.005797800 0.005554350 0.003593030 0.001265190 0.002929910 0.003453650 0.004504730 0.004855040 0.002526820 0.004691310 0.004638970 0.003181840 0.000865870 0.006891680 0.001849810 0.013243630 0.003431430 0.010389660 0.003790640 0.000829940 0.004332530 0.000304860 0.002432110 0.003304500 0.009582780 0.007133790 0.007097950 0.005710350 0.002377520 0.004329990 
33     0.000565050 0.000000000 0.002394420 0.003842380 0.003527290 0.006941170 0.010915360 0.002868200 0.004400130 0.006505170 0.008041060 0.013630040 0.005866970 0.006491770 0.004278930 0.011365100 0.012654270 0.008796410 0.002481910 0.006062750 0.008746980 0.009999330 0.002159470 0.004075520 0.009224700 0.009708260 0.009425580 0.001585090 0.001027770 0.001933080 0.002374640 0.000658850 0.005265350 0.003553630 0.005492300 0.001057840 0.003596010 0.005704180 0.003471390 0.000851540 0.007252220 0.008044370 0.000859770 0.003905700 0.003159800 0.002370810 0.007383460 0.008377440 0.007811180 0.003076330 0.004440870 
30     0.008347150 0.002394420 0.000000000 0.000118720 0.000179710 0.001632250 0.002208570 0.006351090 0.002335740 0.006628410 0.001358950 0.005153200 0.004403930 0.003080070 0.009650860 0.010106440 0.009739070 0.006803350 0.003576200 0.005607000 0.002155320 0.008374550 0.008796010 0.006308130 0.008062040 0.007507300 0.008262920 0.008974500 0.007210590 0.003971920 0.007622580 0.008050180 0.007848620 0.000268120 0.006379920 0.001713420 0.012273580 0.003392080 0.011992520 0.005411250 0.007532760 0.003578380 0.014267480 0.003388490 0.004402340 0.008300290 0.005761510 0.002331900 0.002065590 0.002909700 0.006609120 
24     0.006756930 0.003842380 0.000118720 0.000000000 0.000165220 0.000000030 0.000268910 0.006262980 0.002425300 0.007469540 0.001040900 0.005207380 0.004458110 0.003134250 0.005690890 0.010018330 0.009650960 0.006715240 0.006996540 0.007866400 0.003530300 0.003039630 0.010505510 0.005514200 0.008339450 0.007004810 0.008051300 0.008739100 0.008038650 0.003469430 0.000818050 0.010481070 0.007889360 0.007178960 0.005322770 0.000036830 0.013357860 0.002602400 0.011503640 0.005217920 0.006906970 0.003990580 0.008228860 0.008825580 0.004524590 0.007278940 0.005881640 0.002678880 0.001929580 0.003122740 0.006521010 
27     0.004058740 0.003527290 0.000179710 0.000165220 0.000000000 0.001176970 0.002215380 0.005840620 0.002395600 0.009093320 0.000913380 0.006883510 0.006134240 0.004810380 0.009140390 0.009595970 0.009228600 0.006292880 0.006574180 0.007444040 0.003803370 0.009331020 0.010083150 0.006145780 0.007858690 0.008545910 0.006606900 0.009924470 0.009579750 0.001208020 0.010111050 0.010058710 0.008000400 0.007268450 0.006097550 0.001021830 0.012970210 0.012843500 0.012141010 0.005286390 0.007512270 0.003747370 0.008275600 0.008818110 0.004462440 0.007325680 0.005852600 0.002271080 0.001115300 0.001280500 0.006098650 
5     0.004015390 0.006941170 0.001632250 0.000000030 0.001176970 0.000000000 0.000268880 0.006515950 0.007907880 0.008633730 0.008256410 0.005720090 0.003052420 0.001311110 0.005092460 0.005974020 0.006771640 0.006968210 0.007249510 0.008119370 0.002535720 0.005086630 0.010758480 0.010926860 0.003424440 0.007451070 0.007168390 0.007879970 0.007702220 0.008164810 0.004192830 0.006955650 0.009508210 0.006965970 0.000658650 0.009181410 0.001949550 0.000405450 0.002309210 0.004629420 0.000878870 0.008613820 0.002592440 0.003106170 0.009671900 0.009398950 0.010349430 0.001440500 0.001521330 0.004473990 0.006257840 
12     0.007339970 0.010915360 0.002208570 0.000268910 0.002215380 0.000268880 0.000000000 0.007846570 0.003971430 0.005809600 0.005043950 0.003848560 0.002465080 0.004370610 0.002340960 0.009045490 0.009484350 0.008298830 0.003567150 0.009449990 0.006583320 0.001491830 0.011392600 0.012133120 0.004037050 0.003465500 0.012336500 0.002997450 0.006804100 0.005628610 0.007984770 0.008577160 0.001547850 0.011814620 0.010848240 0.003187570 0.000709060 0.002498470 0.003543490 0.010425310 0.007472450 0.002544160 0.006699810 0.009079270 0.013019380 0.002893620 0.006409320 0.001048860 0.003427570 0.003172100 0.008104600 
17     0.008622080 0.002868200 0.006351090 0.006262980 0.005840620 0.006515950 0.007846570 0.000000000 0.000373320 0.000596620 0.006078650 0.005033860 0.006019730 0.003732470 0.004683090 0.001377720 0.003946550 0.005827200 0.006108500 0.004850150 0.009976880 0.000647740 0.005713510 0.005779850 0.003208520 0.002230130 0.006524690 0.005419800 0.009809100 0.005533470 0.007967400 0.009593030 0.002589020 0.010725470 0.005986890 0.000869530 0.001410620 0.003161950 0.003578070 0.001946840 0.005369170 0.005457020 0.000299340 0.006208070 0.005850310 0.000964080 0.004786770 0.003584720 0.001039820 0.004014390 0.003576550 
28     0.001817090 0.004400130 0.002335740 0.002425300 0.002395600 0.007907880 0.003971430 0.000373320 0.000000000 0.008097950 0.001091100 0.001581250 0.009507970 0.004144170 0.009432460 0.006900390 0.003505510 0.000669540 0.007936800 0.006261780 0.000152980 0.006092020 0.001730110 0.011614150 0.002385660 0.005292660 0.004627680 0.001113510 0.001546100 0.010187900 0.004794190 0.000303590 0.002964140 0.001645890 0.009323290 0.006320000 0.003415860 0.003775240 0.001501930 0.009518240 0.007358020 0.003867070 0.002611880 0.009691670 0.014077830 0.002265310 0.002044460 0.009137830 0.012973560 0.001409900 0.004757990 
8     0.004736560 0.006505170 0.006628410 0.007469540 0.009093320 0.008633730 0.005809600 0.000596620 0.008097950 0.000000000 0.003398560 0.004130910 0.003416200 0.000044750 0.000897130 0.005644770 0.006777180 0.007930200 0.006148850 0.006880280 0.005396150 0.004594290 0.008690120 0.001079010 0.002232050 0.003863790 0.006661200 0.010464750 0.006917110 0.009790820 0.002427830 0.006487710 0.000591490 0.006035840 0.002923310 0.002632470 0.010922830 0.012594480 0.001030050 0.003599180 0.007241940 0.003736000 0.009092850 0.001738340 0.003158130 0.001337280 0.001054090 0.008521480 0.004678670 0.003300590 0.007815800 
6     0.004901060 0.008041060 0.001358950 0.001040900 0.000913380 0.008256410 0.005043950 0.006078650 0.001091100 0.003398560 0.000000000 0.000088050 0.002283220 0.002240530 0.002053630 0.001636250 0.001459140 0.002397550 0.002069310 0.000443310 0.003192080 0.003830100 0.004759230 0.002547700 0.005529020 0.005515780 0.005297050 0.005457310 0.005807620 0.001702210 0.002207950 0.005030630 0.001961160 0.001073500 0.002971190 0.003937020 0.002042040 0.005039580 0.001750360 0.010492000 0.006437720 0.007974360 0.006886500 0.005474260 0.005909200 0.000576190 0.006473980 0.000242770 0.000927930 0.002086010 0.004273070 
1     0.005071540 0.013630040 0.005153200 0.005207380 0.006883510 0.005720090 0.003848560 0.005033860 0.001581250 0.004130910 0.000088050 0.000000000 0.000510150 0.000974210 0.000239000 0.001400610 0.001356520 0.001468890 0.008580440 0.007270910 0.005387650 0.005173160 0.002544840 0.001089980 0.005428590 0.005686260 0.004881570 0.004457080 0.001088170 0.006837150 0.005814370 0.005762030 0.000975720 0.004151230 0.001586560 0.011504980 0.004825140 0.003509610 0.009948980 0.003174660 0.000332420 0.002117020 0.008431080 0.007583140 0.001608010 0.004566770 0.008750790 0.001462300 0.002520590 0.001941160 0.008104910 
31     0.000386300 0.005866970 0.004403930 0.004458110 0.006134240 0.003052420 0.002465080 0.006019730 0.009507970 0.003416200 0.002283220 0.000510150 0.000000000 0.000215820 0.000113830 0.002386090 0.002081960 0.005786900 0.004513610 0.004261550 0.003511030 0.000939070 0.004484310 0.005300210 0.005254100 0.005240860 0.005588470 0.005182390 0.005532700 0.006391750 0.005176890 0.005316630 0.000845220 0.003800930 0.010248870 0.007120680 0.009726020 0.004546230 0.001070590 0.002165270 0.004248270 0.008227840 0.008216040 0.005193390 0.003730220 0.008588980 0.007883440 0.006074900 0.005871190 0.006262390 0.007659510 
16     0.004600060 0.006491770 0.003080070 0.003134250 0.004810380 0.001311110 0.004370610 0.003732470 0.004144170 0.000044750 0.002240530 0.000974210 0.000215820 0.000000000 0.000015590 0.002423250 0.002055880 0.007607850 0.008108960 0.004596960 0.003933610 0.000984080 0.004458230 0.005483370 0.005228020 0.002689920 0.005562390 0.005156310 0.005506620 0.003505760 0.005342890 0.002353970 0.000819140 0.004734740 0.010929400 0.006540440 0.007781880 0.006513620 0.005502430 0.002416030 0.005122060 0.008194870 0.006137400 0.000913700 0.003658350 0.002059630 0.006918570 0.005897190 0.000863870 0.006785000 0.005836700 
7     0.000281770 0.004278930 0.009650860 0.005690890 0.009140390 0.005092460 0.002340960 0.004683090 0.009432460 0.000897130 0.002053630 0.000239000 0.000113830 0.000015590 0.000000000 0.002434780 0.000612600 0.007406530 0.006175690 0.003448600 0.002898610 0.000976490 0.004469760 0.005494900 0.005239550 0.005226310 0.005573920 0.005167840 0.004910600 0.006377200 0.005354420 0.005302080 0.000830670 0.000640160 0.001311470 0.002939690 0.007755260 0.005409190 0.004464960 0.002046460 0.003799090 0.006108510 0.009513600 0.004537210 0.011706090 0.005633270 0.006236800 0.003133030 0.009607080 0.005768180 0.007644960 
18     0.005067170 0.011365100 0.010106440 0.010018330 0.009595970 0.005974020 0.009045490 0.001377720 0.006900390 0.005644770 0.001636250 0.001400610 0.002386090 0.002423250 0.002434780 0.000000000 0.000141420 0.004056920 0.002022060 0.007196400 0.005383280 0.002757260 0.004925340 0.002761730 0.005005710 0.002049540 0.003417870 0.005623420 0.001569720 0.005593300 0.005810000 0.005757660 0.002127270 0.001939730 0.002874750 0.005911630 0.006284770 0.002807780 0.013292160 0.005490590 0.003821700 0.004477020 0.006680630 0.004088540 0.001558970 0.003308250 0.001075450 0.001137110 0.001380870 0.005560660 0.006974930 
15     0.004699800 0.012654270 0.009739070 0.009650960 0.009228600 0.006771640 0.009484350 0.003946550 0.003505510 0.006777180 0.001459140 0.001356520 0.002081960 0.002055880 0.000612600 0.000141420 0.000000000 0.000219980 0.008208700 0.001868290 0.000409120 0.001649260 0.004557970 0.005583110 0.003330510 0.004415350 0.005662130 0.005256050 0.001587070 0.004459590 0.005442630 0.005390290 0.001759900 0.010843530 0.012087250 0.008423500 0.008726930 0.004964920 0.005949050 0.002919010 0.002678160 0.003595050 0.005610050 0.005241310 0.006126280 0.003455370 0.010743450 0.002539550 0.008076520 0.004334670 0.000610440 
4     0.002511490 0.008796410 0.006803350 0.006715240 0.006292880 0.006968210 0.008298830 0.005827200 0.000669540 0.007930200 0.002397550 0.001468890 0.005786900 0.007607850 0.007406530 0.004056920 0.000219980 0.000000000 0.000575240 0.000690590 0.000228260 0.002743070 0.003369760 0.006213250 0.006809420 0.002129700 0.005883560 0.006210760 0.007499860 0.004374820 0.003624330 0.004092360 0.002101080 0.011267470 0.005035120 0.008277940 0.002499110 0.008054990 0.006593970 0.007651210 0.003120350 0.002638110 0.006129710 0.003649560 0.009555340 0.008482360 0.004361480 0.008768380 0.000929720 0.001626550 0.002741710 
14     0.004597940 0.002481910 0.003576200 0.006996540 0.006574180 0.007249510 0.003567150 0.006108500 0.007936800 0.006148850 0.002069310 0.008580440 0.004513610 0.008108960 0.006175690 0.002022060 0.008208700 0.000575240 0.000000000 0.000407950 0.008387830 0.000850590 0.004318490 0.003473810 0.004752880 0.005779260 0.005297470 0.008094510 0.007702670 0.003190080 0.004014420 0.004237030 0.000691320 0.003454580 0.010933550 0.003692280 0.003632570 0.005666780 0.008498760 0.010571270 0.011091140 0.010849950 0.002958620 0.008443290 0.009231940 0.007288000 0.002286330 0.000746940 0.005843500 0.009271590 0.003023010 
9     0.005815370 0.006062750 0.005607000 0.007866400 0.007444040 0.008119370 0.009449990 0.004850150 0.006261780 0.006880280 0.000443310 0.007270910 0.004261550 0.004596960 0.003448600 0.007196400 0.001868290 0.000690590 0.000407950 0.000000000 0.002932600 0.006287950 0.009598470 0.003726190 0.000711380 0.006226470 0.008352830 0.006786210 0.008983910 0.000667300 0.005810790 0.006631060 0.002774180 0.003098740 0.009614470 0.003690580 0.000839860 0.002794500 0.011740480 0.001495550 0.010552420 0.008874810 0.004622290 0.010075100 0.009863650 0.004472040 0.002860060 0.007103490 0.003399760 0.003121710 0.003892870 
25     0.002814270 0.008746980 0.002155320 0.003530300 0.003803370 0.002535720 0.006583320 0.009976880 0.000152980 0.005396150 0.003192080 0.005387650 0.003511030 0.003933610 0.002898610 0.005383280 0.000409120 0.000228260 0.008387830 0.002932600 0.000000000 0.002428480 0.003446500 0.006895600 0.006640250 0.006627010 0.006974620 0.006568540 0.006918850 0.006211510 0.001198450 0.003157410 0.002423040 0.005501780 0.006824600 0.008295280 0.010902250 0.000723030 0.003261080 0.006533680 0.004201540 0.004787620 0.003249860 0.005469070 0.012736010 0.007699560 0.003732050 0.005264680 0.010013430 0.001992130 0.002282870 
10     0.005797800 0.009999330 0.008374550 0.003039630 0.009331020 0.005086630 0.001491830 0.000647740 0.006092020 0.004594290 0.003830100 0.005173160 0.000939070 0.000984080 0.000976490 0.002757260 0.001649260 0.002743070 0.000850590 0.006287950 0.002428480 0.000000000 0.000125700 0.003643740 0.004709430 0.002125900 0.006760130 0.000764770 0.000727660 0.003403180 0.001174140 0.001626950 0.000018620 0.007779920 0.007904710 0.001240000 0.002624860 0.001183480 0.003596900 0.002194430 0.009698520 0.001823090 0.001114040 0.002913290 0.010033780 0.003152710 0.009120010 0.010695200 0.005974360 0.006429590 0.008831170 
29     0.005554350 0.002159470 0.008796010 0.010505510 0.010083150 0.010758480 0.011392600 0.005713510 0.001730110 0.008690120 0.004759230 0.002544840 0.004484310 0.004458230 0.004469760 0.004925340 0.004557970 0.003369760 0.004318490 0.009598470 0.003446500 0.000125700 0.000000000 0.000795690 0.004416420 0.001184010 0.004549620 0.005617490 0.005443240 0.007319960 0.006297180 0.004385610 0.004162250 0.000612750 0.010427560 0.005020650 0.000364340 0.008543420 0.009171380 0.009902630 0.009087740 0.008960190 0.004507720 0.007731590 0.004918260 0.004943650 0.002141160 0.000988830 0.001392730 0.010314250 0.005459030 
32     0.003593030 0.004075520 0.006308130 0.005514200 0.006145780 0.010926860 0.012133120 0.005779850 0.011614150 0.001079010 0.002547700 0.001089980 0.005300210 0.005483370 0.005494900 0.002761730 0.005583110 0.006213250 0.003473810 0.003726190 0.006895600 0.003643740 0.000795690 0.000000000 0.003519650 0.005446510 0.005794120 0.005388040 0.005738350 0.004908170 0.000446130 0.005522280 0.005187390 0.001741390 0.004243180 0.008068820 0.004659270 0.006833310 0.003343750 0.012747900 0.012343620 0.008355570 0.006010440 0.000947520 0.009141030 0.011914610 0.003037600 0.006096960 0.005448020 0.001229540 0.008751320 
13     0.001265190 0.009224700 0.008062040 0.008339450 0.007858690 0.003424440 0.004037050 0.003208520 0.002385660 0.002232050 0.005529020 0.005428590 0.005254100 0.005228020 0.005239550 0.005005710 0.003330510 0.006809420 0.004752880 0.000711380 0.006640250 0.004709430 0.004416420 0.003519650 0.000000000 0.000127960 0.000861900 0.000768240 0.000890240 0.001987220 0.000709190 0.002801190 0.004660680 0.001927090 0.005791200 0.002988720 0.005445140 0.001080040 0.006157390 0.012492550 0.002369260 0.012771230 0.010512360 0.011515630 0.009514940 0.003025630 0.001631140 0.002613500 0.001939480 0.004564370 0.006966780 
23     0.002929910 0.009708260 0.007507300 0.007004810 0.008545910 0.007451070 0.003465500 0.002230130 0.005292660 0.003863790 0.005515780 0.005686260 0.005240860 0.002689920 0.005226310 0.002049540 0.004415350 0.002129700 0.005779260 0.006226470 0.006627010 0.002125900 0.001184010 0.005446510 0.000127960 0.000000000 0.000563340 0.000733090 0.000877000 0.001580540 0.001104060 0.002787950 0.001548120 0.002241750 0.002314800 0.005262580 0.007515860 0.003319040 0.010103480 0.009960820 0.007208910 0.012757990 0.005663320 0.002766130 0.013603350 0.002390460 0.005647040 0.013091060 0.009679860 0.006392800 0.007439100 
22     0.003453650 0.009425580 0.008262920 0.008051300 0.006606900 0.007168390 0.012336500 0.006524690 0.004627680 0.006661200 0.005297050 0.004881570 0.005588470 0.005562390 0.005573920 0.003417870 0.005662130 0.005883560 0.005297470 0.008352830 0.006974620 0.006760130 0.004549620 0.005794120 0.000861900 0.000563340 0.000000000 0.001162830 0.001259940 0.002485480 0.000695350 0.001053130 0.002955990 0.010796250 0.001887810 0.009279510 0.004459000 0.003857770 0.004127140 0.012826920 0.002955200 0.006521930 0.007615400 0.014024050 0.011941280 0.006030060 0.000848810 0.013438670 0.011700370 0.003511850 0.002791470 
20     0.004504730 0.001585090 0.008974500 0.008739100 0.009924470 0.007879970 0.002997450 0.005419800 0.001113510 0.010464750 0.005457310 0.004457080 0.005182390 0.005156310 0.005167840 0.005623420 0.005256050 0.006210760 0.008094510 0.006786210 0.006568540 0.000764770 0.005617490 0.005388040 0.000768240 0.000733090 0.001162830 0.000000000 0.000112820 0.003863380 0.000937770 0.001390580 0.001191640 0.012157850 0.003780420 0.000711140 0.003889970 0.005547840 0.003703260 0.003762270 0.007408750 0.002360040 0.011293060 0.008196090 0.007901560 0.004378190 0.002805960 0.001244640 0.003204110 0.010082910 0.006323250 
21     0.004855040 0.001027770 0.007210590 0.008038650 0.009579750 0.007702220 0.006804100 0.009809100 0.001546100 0.006917110 0.005807620 0.001088170 0.005532700 0.005506620 0.004910600 0.001569720 0.001587070 0.007499860 0.007702670 0.008983910 0.006918850 0.000727660 0.005443240 0.005738350 0.000890240 0.000877000 0.001259940 0.000112820 0.000000000 0.002376190 0.000900660 0.001353470 0.005198440 0.009990130 0.004476380 0.004699400 0.002400130 0.001863860 0.008194370 0.006362630 0.010741690 0.005336020 0.000771740 0.008817290 0.008522760 0.002112420 0.010105730 0.002609320 0.002426360 0.007545660 0.006678910 
19     0.002526820 0.001933080 0.003971920 0.003469430 0.001208020 0.008164810 0.005628610 0.005533470 0.010187900 0.009790820 0.001702210 0.006837150 0.006391750 0.003505760 0.006377200 0.005593300 0.004459590 0.004374820 0.003190080 0.000667300 0.006211510 0.003403180 0.007319960 0.004908170 0.001987220 0.001580540 0.002485480 0.003863380 0.002376190 0.000000000 0.001820110 0.001480300 0.006069690 0.006046070 0.008552980 0.006486980 0.007397600 0.005238070 0.012720290 0.013630200 0.003313920 0.002058200 0.008841110 0.007156770 0.007365220 0.008961670 0.004150690 0.002603810 0.008213000 0.001340200 0.002929200 
11     0.004691310 0.002374640 0.007622580 0.000818050 0.010111050 0.004192830 0.007984770 0.007967400 0.004794190 0.002427830 0.002207950 0.005814370 0.005176890 0.005342890 0.005354420 0.005810000 0.005442630 0.003624330 0.004014420 0.005810790 0.001198450 0.001174140 0.006297180 0.000446130 0.000709190 0.001104060 0.000695350 0.000937770 0.000900660 0.001820110 0.000000000 0.000055960 0.004341050 0.005219930 0.005137680 0.006670770 0.001886380 0.003361660 0.004650810 0.005421440 0.004932120 0.002942580 0.001343470 0.003921520 0.002515810 0.001083810 0.005666760 0.006562780 0.004198160 0.003900840 0.007603430 
2     0.004638970 0.000658850 0.008050180 0.010481070 0.010058710 0.006955650 0.008577160 0.009593030 0.000303590 0.006487710 0.005030630 0.005762030 0.005316630 0.002353970 0.005302080 0.005757660 0.005390290 0.004092360 0.004237030 0.006631060 0.003157410 0.001626950 0.004385610 0.005522280 0.002801190 0.002787950 0.001053130 0.001390580 0.001353470 0.001480300 0.000055960 0.000000000 0.004994570 0.005238310 0.001572670 0.002578940 0.010252430 0.002963830 0.006704870 0.009518750 0.008039540 0.011807310 0.014090680 0.009395470 0.005903350 0.004471120 0.001672790 0.013166830 0.004895040 0.004894030 0.008153130 
26     0.003181840 0.005265350 0.007848620 0.007889360 0.008000400 0.009508210 0.001547850 0.002589020 0.002964140 0.000591490 0.001961160 0.000975720 0.000845220 0.000819140 0.000830670 0.002127270 0.001759900 0.002101080 0.000691320 0.002774180 0.002423040 0.000018620 0.004162250 0.005187390 0.004660680 0.001548120 0.002955990 0.001191640 0.005198440 0.006069690 0.004341050 0.004994570 0.000000000 0.004268460 0.011691530 0.001084040 0.007106070 0.003119800 0.001336890 0.011329250 0.004241260 0.004582050 0.008706200 0.009464870 0.002661600 0.002573730 0.006511610 0.002275720 0.003417640 0.009547670 0.007337450 
44     0.000865870 0.003553630 0.000268120 0.007178960 0.007268450 0.006965970 0.011814620 0.010725470 0.001645890 0.006035840 0.001073500 0.004151230 0.003800930 0.004734740 0.000640160 0.001939730 0.010843530 0.011267470 0.003454580 0.003098740 0.005501780 0.007779920 0.000612750 0.001741390 0.001927090 0.002241750 0.010796250 0.012157850 0.009990130 0.006046070 0.005219930 0.005238310 0.004268460 0.000000000 0.000358400 0.002678400 0.005860040 0.002407070 0.002969220 0.001317680 0.002725180 0.001401120 0.001982690 0.011430220 0.001392130 0.007138780 0.001867800 0.003223840 0.002913260 0.005103060 0.006177020 
45     0.006891680 0.005492300 0.006379920 0.005322770 0.006097550 0.000658650 0.010848240 0.005986890 0.009323290 0.002923310 0.002971190 0.001586560 0.010248870 0.010929400 0.001311470 0.002874750 0.012087250 0.005035120 0.010933550 0.009614470 0.006824600 0.007904710 0.010427560 0.004243180 0.005791200 0.002314800 0.001887810 0.003780420 0.004476380 0.008552980 0.005137680 0.001572670 0.011691530 0.000358400 0.000000000 0.002941200 0.003950270 0.000105550 0.000984900 0.001719180 0.004720510 0.001477040 0.001904250 0.008128380 0.002052140 0.001719590 0.000548880 0.007206390 0.002842290 0.005021860 0.007913650 
46     0.001849810 0.001057840 0.001713420 0.000036830 0.001021830 0.009181410 0.003187570 0.000869530 0.006320000 0.002632470 0.003937020 0.011504980 0.007120680 0.006540440 0.002939690 0.005911630 0.008423500 0.008277940 0.003692280 0.003690580 0.008295280 0.001240000 0.005020650 0.008068820 0.002988720 0.005262580 0.009279510 0.000711140 0.004699400 0.006486980 0.006670770 0.002578940 0.001084040 0.002678400 0.002941200 0.000000000 0.002852850 0.002404740 0.001908750 0.006189970 0.006709840 0.002905740 0.009312410 0.002816940 0.008347350 0.004884070 0.006819120 0.005754020 0.007169560 0.003746980 0.006671370 
48     0.013243630 0.003596010 0.012273580 0.013357860 0.012970210 0.001949550 0.000709060 0.001410620 0.003415860 0.010922830 0.002042040 0.004825140 0.009726020 0.007781880 0.007755260 0.006284770 0.008726930 0.002499110 0.003632570 0.000839860 0.010902250 0.002624860 0.000364340 0.004659270 0.005445140 0.007515860 0.004459000 0.003889970 0.002400130 0.007397600 0.001886380 0.010252430 0.007106070 0.005860040 0.003950270 0.002852850 0.000000000 0.000786450 0.001087580 0.002094150 0.005725620 0.006972800 0.003828090 0.009145140 0.007671490 0.004902380 0.007191680 0.000876950 0.001280850 0.002060910 0.004024840 
36     0.003431430 0.005704180 0.003392080 0.002602400 0.012843500 0.000405450 0.002498470 0.003161950 0.003775240 0.012594480 0.005039580 0.003509610 0.004546230 0.006513620 0.005409190 0.002807780 0.004964920 0.008054990 0.005666780 0.002794500 0.000723030 0.001183480 0.008543420 0.006833310 0.001080040 0.003319040 0.003857770 0.005547840 0.001863860 0.005238070 0.003361660 0.002963830 0.003119800 0.002407070 0.000105550 0.002404740 0.000786450 0.000000000 0.000200030 0.001951050 0.005940860 0.001190730 0.005747670 0.001871540 0.007319000 0.001901380 0.004847280 0.008096440 0.007530180 0.003754410 0.010151150 
50     0.010389660 0.003471390 0.011992520 0.011503640 0.012141010 0.002309210 0.003543490 0.003578070 0.001501930 0.001030050 0.001750360 0.009948980 0.001070590 0.005502430 0.004464960 0.013292160 0.005949050 0.006593970 0.008498760 0.011740480 0.003261080 0.003596900 0.009171380 0.003343750 0.006157390 0.010103480 0.004127140 0.003703260 0.008194370 0.012720290 0.004650810 0.006704870 0.001336890 0.002969220 0.000984900 0.001908750 0.001087580 0.000200030 0.000000000 0.006398840 0.006918710 0.006292850 0.008473900 0.008176030 0.002819250 0.002967360 0.007049950 0.006602640 0.004222570 0.006504680 0.004081330 
49     0.003790640 0.000851540 0.005411250 0.005217920 0.005286390 0.004629420 0.010425310 0.001946840 0.009518240 0.003599180 0.010492000 0.003174660 0.002165270 0.002416030 0.002046460 0.005490590 0.002919010 0.007651210 0.010571270 0.001495550 0.006533680 0.002194430 0.009902630 0.012747900 0.012492550 0.009960820 0.012826920 0.003762270 0.006362630 0.013630200 0.005421440 0.009518750 0.011329250 0.001317680 0.001719180 0.006189970 0.002094150 0.001951050 0.006398840 0.000000000 0.001189480 0.001541900 0.001162190 0.005209460 0.002030570 0.002687620 0.005850130 0.006314540 0.003645680 0.004367220 0.005098970 
40     0.000829940 0.007252220 0.007532760 0.006906970 0.007512270 0.000878870 0.007472450 0.005369170 0.007358020 0.007241940 0.006437720 0.000332420 0.004248270 0.005122060 0.003799090 0.003821700 0.002678160 0.003120350 0.011091140 0.010552420 0.004201540 0.009698520 0.009087740 0.012343620 0.002369260 0.007208910 0.002955200 0.007408750 0.010741690 0.003313920 0.004932120 0.008039540 0.004241260 0.002725180 0.004720510 0.006709840 0.005725620 0.005940860 0.006918710 0.001189480 0.000000000 0.000330730 0.002099160 0.005663460 0.001454290 0.002039890 0.003861010 0.003165960 0.006316530 0.005587600 0.006442490 
35     0.004332530 0.008044370 0.003578380 0.003990580 0.003747370 0.008613820 0.002544160 0.005457020 0.003867070 0.003736000 0.007974360 0.002117020 0.008227840 0.008194870 0.006108510 0.004477020 0.003595050 0.002638110 0.010849950 0.008874810 0.004787620 0.001823090 0.008960190 0.008355570 0.012771230 0.012757990 0.006521930 0.002360040 0.005336020 0.002058200 0.002942580 0.011807310 0.004582050 0.001401120 0.001477040 0.002905740 0.006972800 0.001190730 0.006292850 0.001541900 0.000330730 0.000000000 0.000460050 0.003845070 0.002790420 0.002153770 0.005381170 0.004301220 0.005396680 0.003427790 0.001671220 
37     0.000304860 0.000859770 0.014267480 0.008228860 0.008275600 0.002592440 0.006699810 0.000299340 0.002611880 0.009092850 0.006886500 0.008431080 0.008216040 0.006137400 0.009513600 0.006680630 0.005610050 0.006129710 0.002958620 0.004622290 0.003249860 0.001114040 0.004507720 0.006010440 0.010512360 0.005663320 0.007615400 0.011293060 0.000771740 0.008841110 0.001343470 0.014090680 0.008706200 0.001982690 0.001904250 0.009312410 0.003828090 0.005747670 0.008473900 0.001162190 0.002099160 0.000460050 0.000000000 0.003362890 0.005324160 0.004088450 0.002529840 0.003557750 0.004424220 0.003086770 0.007508830 
39     0.002432110 0.003905700 0.003388490 0.008825580 0.008818110 0.003106170 0.009079270 0.006208070 0.009691670 0.001738340 0.005474260 0.007583140 0.005193390 0.000913700 0.004537210 0.004088540 0.005241310 0.003649560 0.008443290 0.010075100 0.005469070 0.002913290 0.007731590 0.000947520 0.011515630 0.002766130 0.014024050 0.008196090 0.008817290 0.007156770 0.003921520 0.009395470 0.009464870 0.011430220 0.008128380 0.002816940 0.009145140 0.001871540 0.008176030 0.005209460 0.005663460 0.003845070 0.003362890 0.000000000 0.000566980 0.003213140 0.004623540 0.000821490 0.006605700 0.006720580 0.011629480 
47     0.003304500 0.003159800 0.004402340 0.004524590 0.004462440 0.009671900 0.013019380 0.005850310 0.014077830 0.003158130 0.005909200 0.001608010 0.003730220 0.003658350 0.011706090 0.001558970 0.006126280 0.009555340 0.009231940 0.009863650 0.012736010 0.010033780 0.004918260 0.009141030 0.009514940 0.013603350 0.011941280 0.007901560 0.008522760 0.007365220 0.002515810 0.005903350 0.002661600 0.001392130 0.002052140 0.008347350 0.007671490 0.007319000 0.002819250 0.002030570 0.001454290 0.002790420 0.005324160 0.000566980 0.000000000 0.000027070 0.006226530 0.003506680 0.000408260 0.004153420 0.006646810 
38     0.009582780 0.002370810 0.008300290 0.007278940 0.007325680 0.009398950 0.002893620 0.000964080 0.002265310 0.001337280 0.000576190 0.004566770 0.008588980 0.002059630 0.005633270 0.003308250 0.003455370 0.008482360 0.007288000 0.004472040 0.007699560 0.003152710 0.004943650 0.011914610 0.003025630 0.002390460 0.006030060 0.004378190 0.002112420 0.008961670 0.001083810 0.004471120 0.002573730 0.007138780 0.001719590 0.004884070 0.004902380 0.001901380 0.002967360 0.002687620 0.002039890 0.002153770 0.004088450 0.003213140 0.000027070 0.000000000 0.003044750 0.003765410 0.003016560 0.003680930 0.001444770 
43     0.007133790 0.007383460 0.005761510 0.005881640 0.005852600 0.010349430 0.006409320 0.004786770 0.002044460 0.001054090 0.006473980 0.008750790 0.007883440 0.006918570 0.006236800 0.001075450 0.010743450 0.004361480 0.002286330 0.002860060 0.003732050 0.009120010 0.002141160 0.003037600 0.001631140 0.005647040 0.000848810 0.002805960 0.010105730 0.004150690 0.005666760 0.001672790 0.006511610 0.001867800 0.000548880 0.006819120 0.007191680 0.004847280 0.007049950 0.005850130 0.003861010 0.005381170 0.002529840 0.004623540 0.006226530 0.003044750 0.000000000 0.000569350 0.003047350 0.002687550 0.009713510 
34     0.007097950 0.008377440 0.002331900 0.002678880 0.002271080 0.001440500 0.001048860 0.003584720 0.009137830 0.008521480 0.000242770 0.001462300 0.006074900 0.005897190 0.003133030 0.001137110 0.002539550 0.008768380 0.000746940 0.007103490 0.005264680 0.010695200 0.000988830 0.006096960 0.002613500 0.013091060 0.013438670 0.001244640 0.002609320 0.002603810 0.006562780 0.013166830 0.002275720 0.003223840 0.007206390 0.005754020 0.000876950 0.008096440 0.006602640 0.006314540 0.003165960 0.004301220 0.003557750 0.000821490 0.003506680 0.003765410 0.000569350 0.000000000 0.001024840 0.000376510 0.006455190 
42     0.005710350 0.007811180 0.002065590 0.001929580 0.001115300 0.001521330 0.003427570 0.001039820 0.012973560 0.004678670 0.000927930 0.002520590 0.005871190 0.000863870 0.009607080 0.001380870 0.008076520 0.000929720 0.005843500 0.003399760 0.010013430 0.005974360 0.001392730 0.005448020 0.001939480 0.009679860 0.011700370 0.003204110 0.002426360 0.008213000 0.004198160 0.004895040 0.003417640 0.002913260 0.002842290 0.007169560 0.001280850 0.007530180 0.004222570 0.003645680 0.006316530 0.005396680 0.004424220 0.006605700 0.000408260 0.003016560 0.003047350 0.001024840 0.000000000 0.001552220 0.006043450 
41     0.002377520 0.003076330 0.002909700 0.003122740 0.001280500 0.004473990 0.003172100 0.004014390 0.001409900 0.003300590 0.002086010 0.001941160 0.006262390 0.006785000 0.005768180 0.005560660 0.004334670 0.001626550 0.009271590 0.003121710 0.001992130 0.006429590 0.010314250 0.001229540 0.004564370 0.006392800 0.003511850 0.010082910 0.007545660 0.001340200 0.003900840 0.004894030 0.009547670 0.005103060 0.005021860 0.003746980 0.002060910 0.003754410 0.006504680 0.004367220 0.005587600 0.003427790 0.003086770 0.006720580 0.004153420 0.003680930 0.002687550 0.000376510 0.001552220 0.000000000 0.001565290 
0     0.004329990 0.004440870 0.006609120 0.006521010 0.006098650 0.006257840 0.008104600 0.003576550 0.004757990 0.007815800 0.004273070 0.008104910 0.007659510 0.005836700 0.007644960 0.006974930 0.000610440 0.002741710 0.003023010 0.003892870 0.002282870 0.008831170 0.005459030 0.008751320 0.006966780 0.007439100 0.002791470 0.006323250 0.006678910 0.002929200 0.007603430 0.008153130 0.007337450 0.006177020 0.007913650 0.006671370 0.004024840 0.010151150 0.004081330 0.005098970 0.006442490 0.001671220 0.007508830 0.011629480 0.006646810 0.001444770 0.009713510 0.006455190 0.006043450 0.001565290 0.000000000 
