51
9     0.000000000 0.080292927 0.114246626 0.124578209 0.195774256 0.196218568 0.199231037 0.201409982 0.198740348 0.204992609 0.184017486 0.184300020 0.234187220 0.296812920 0.301439438 0.315752566 0.293424281 0.297149949 0.299855318 0.289275248 0.292968806 0.291816186 0.294704946 0.295798729 0.304398853 0.291057910 0.293725195 0.294739220 0.319471928 0.320216843 0.290678690 0.309467777 0.308859859 0.316361983 0.317977727 0.307359164 0.302456623 0.299440206 0.299839545 0.312448484 0.289494953 0.303222833 0.296864485 0.292111847 0.293088763 0.293676599 0.278555644 0.317615522 0.341086985 0.328371043 0.529311600 
6     0.080292927 0.000000000 0.117442985 0.127455246 0.198523801 0.198968113 0.201894231 0.204251100 0.201581466 0.207890594 0.186992233 0.187274767 0.236586390 0.301205854 0.305844523 0.319948718 0.297691095 0.301592443 0.304016091 0.293436021 0.297129578 0.295976959 0.298945963 0.300031553 0.308631676 0.295194716 0.297862001 0.299031966 0.323798877 0.324543792 0.294973532 0.313781905 0.313173987 0.320676111 0.322463470 0.311553533 0.306614677 0.303598260 0.304049986 0.316640993 0.293836270 0.307651511 0.301211238 0.296354198 0.297331114 0.297918950 0.282766377 0.321757238 0.345025000 0.332268817 0.533660639 
28     0.114246626 0.117442985 0.000000000 0.111823232 0.192718169 0.193171240 0.195248368 0.198263288 0.195593654 0.201869734 0.181444502 0.181727035 0.231012492 0.295918568 0.300540891 0.314542951 0.292362275 0.296175618 0.298676447 0.288034945 0.291765299 0.290826139 0.293586636 0.294666277 0.303264804 0.289765019 0.292432304 0.293636586 0.317980022 0.318724937 0.289198061 0.307795625 0.307164205 0.314707847 0.316495206 0.305908906 0.300932943 0.297916525 0.298368252 0.310953519 0.287475387 0.301289852 0.294891513 0.290138523 0.291115440 0.291734373 0.276638393 0.315777413 0.340010908 0.327314301 0.527801715 
5     0.124578209 0.127455246 0.111823232 0.000000000 0.203815701 0.204255451 0.206753108 0.209656222 0.206986588 0.213262669 0.192549605 0.192832138 0.242414078 0.307424847 0.312104823 0.326093244 0.303913759 0.307540755 0.309829516 0.299232751 0.302926308 0.301979208 0.304802832 0.305882474 0.314481001 0.300883782 0.303549048 0.304661743 0.329840383 0.330585299 0.300971425 0.319823412 0.319215494 0.326717618 0.328504977 0.317587219 0.312566739 0.309550321 0.310002048 0.322571665 0.299424347 0.313239588 0.306799315 0.301901217 0.302878134 0.303497067 0.288368962 0.327501504 0.351828512 0.339145598 0.539366459 
24     0.195774256 0.198523801 0.192718169 0.203815701 0.000000000 0.036430780 0.195074890 0.197038385 0.194429260 0.200570927 0.179845360 0.180109296 0.245413615 0.309891044 0.314514449 0.328448525 0.306304243 0.310078193 0.312584450 0.302106207 0.305870195 0.304710148 0.307265548 0.308335453 0.316866024 0.303862694 0.306529979 0.307658768 0.332110629 0.332855545 0.303549265 0.321926748 0.321263761 0.329090136 0.330877495 0.319374066 0.314158221 0.311141804 0.311593530 0.324455926 0.301518536 0.315256366 0.308758854 0.303925155 0.304902072 0.305489908 0.290414659 0.329321788 0.353855608 0.341035461 0.541223385 
35     0.196218568 0.198968113 0.193171240 0.204255451 0.036430780 0.000000000 0.195570620 0.197534116 0.194924991 0.201066658 0.180350127 0.180614063 0.245866686 0.310344115 0.314967520 0.328901596 0.306757314 0.310531264 0.313037521 0.302559278 0.306323266 0.305163219 0.307652864 0.308722769 0.317319095 0.304315765 0.306983050 0.308111840 0.332563701 0.333308616 0.304002336 0.322379819 0.321716832 0.329543207 0.331330566 0.319827137 0.314611292 0.311594875 0.312046602 0.324908997 0.301971607 0.315709437 0.309211925 0.304378226 0.305355143 0.305942979 0.290867730 0.329774859 0.354308679 0.341488532 0.541676456 
14     0.199231037 0.201894231 0.195248368 0.206753108 0.195074890 0.195570620 0.000000000 0.111747777 0.108896606 0.114408485 0.163050996 0.163570220 0.247974071 0.312725681 0.317562648 0.331514101 0.309221496 0.313562929 0.315781774 0.305253274 0.309073447 0.307963214 0.310609893 0.311644101 0.320018319 0.306955218 0.309622503 0.310763207 0.334842846 0.335587761 0.306200497 0.324898725 0.324223383 0.331805187 0.333592547 0.323282228 0.318210777 0.315123911 0.315575638 0.328293711 0.304967623 0.318555634 0.312165303 0.307420051 0.308396967 0.308984803 0.293720595 0.333126367 0.357456184 0.344145901 0.545058886 
30     0.201409982 0.204251100 0.198263288 0.209656222 0.197038385 0.197534116 0.111747777 0.000000000 0.040897759 0.057631599 0.165356379 0.165875603 0.250783018 0.314906360 0.319764949 0.333687125 0.311385062 0.315838592 0.317871354 0.307189313 0.311105519 0.310052794 0.312736119 0.313770327 0.322134839 0.309251688 0.311918973 0.313059677 0.337207843 0.337952758 0.308556625 0.327263722 0.326588379 0.334170184 0.335957543 0.325850238 0.320778788 0.317691922 0.318143648 0.330861721 0.307641398 0.321291011 0.314823884 0.310127375 0.311104292 0.311692127 0.296427920 0.335708350 0.359709335 0.346354095 0.547546822 
23     0.198740348 0.201581466 0.195593654 0.206986588 0.194429260 0.194924991 0.108896606 0.040897759 0.000000000 0.055086201 0.162456038 0.162975262 0.248068141 0.312556501 0.317359167 0.331387238 0.309099182 0.313472384 0.315470445 0.304836322 0.308704610 0.307651885 0.310335211 0.311369419 0.319743637 0.306799018 0.309466303 0.310607006 0.334678324 0.335423239 0.306027106 0.324734203 0.324058861 0.331640665 0.333428025 0.323188786 0.318117336 0.315030470 0.315482196 0.328200269 0.304986913 0.318636526 0.312169400 0.307472891 0.308449807 0.309037643 0.293773435 0.333053865 0.356166440 0.343055172 0.544912478 
17     0.204992609 0.207890594 0.201869734 0.213262669 0.200570927 0.201066658 0.114408485 0.057631599 0.055086201 0.000000000 0.168743740 0.169262964 0.254327299 0.318936307 0.323738973 0.337767044 0.315478988 0.319852190 0.321850251 0.311148336 0.315084416 0.314031691 0.316715017 0.317749225 0.326124631 0.313178824 0.315846109 0.316986812 0.341059318 0.341804233 0.312408100 0.331115197 0.330439855 0.338021659 0.339809019 0.329596145 0.324511446 0.321424580 0.321876307 0.334616840 0.311415223 0.325064836 0.318597709 0.313901200 0.314878117 0.315465952 0.300201745 0.339482175 0.363410669 0.350076998 0.551312051 
32     0.184017486 0.186992233 0.181444502 0.192549605 0.179845360 0.180350127 0.163050996 0.165356379 0.162456038 0.168743740 0.000000000 0.031565479 0.234128744 0.298843537 0.303488051 0.317537641 0.295054967 0.299124669 0.301552430 0.291038700 0.294809210 0.293695163 0.296414514 0.297485823 0.306137378 0.292775874 0.295443159 0.296588081 0.321148003 0.321892918 0.292684157 0.311099768 0.310406388 0.318188125 0.319975484 0.309040197 0.303793336 0.300706470 0.301158197 0.314059008 0.290653816 0.304386983 0.298002567 0.293254226 0.294231142 0.294797667 0.279615458 0.319106678 0.343390380 0.330430918 0.530765582 
13     0.184300020 0.187274767 0.181727035 0.192832138 0.180109296 0.180614063 0.163570220 0.165875603 0.162975262 0.169262964 0.031565479 0.000000000 0.234416297 0.299164633 0.303809146 0.317858736 0.295376063 0.299445765 0.301873526 0.291359796 0.295130306 0.294016259 0.296735610 0.297806919 0.306458474 0.293096969 0.295764254 0.296909176 0.321526458 0.322271373 0.293062612 0.311478224 0.310774200 0.318566581 0.320353940 0.309420922 0.304174061 0.301087195 0.301538922 0.314439733 0.291177664 0.304911875 0.298526415 0.293829811 0.294806728 0.295394563 0.280191043 0.319566067 0.343630339 0.330587321 0.531132186 
19     0.234187220 0.236586390 0.231012492 0.242414078 0.245413615 0.245866686 0.247974071 0.250783018 0.248068141 0.254327299 0.234128744 0.234416297 0.000000000 0.330393037 0.335118963 0.348569051 0.327025422 0.330474239 0.333183025 0.322666964 0.326372208 0.325364465 0.328060407 0.329093401 0.337479320 0.324444062 0.327111347 0.328280398 0.351791690 0.352536605 0.324398202 0.342902034 0.342294117 0.349687392 0.351474751 0.340896540 0.335603394 0.332819562 0.333271289 0.345759404 0.322959969 0.336695188 0.330235764 0.325495009 0.326471926 0.327059761 0.311987892 0.351072016 0.374893704 0.362285538 0.560246792 
31     0.296812920 0.301205854 0.295918568 0.307424847 0.309891044 0.310344115 0.312725681 0.314906360 0.312556501 0.318936307 0.298843537 0.299164633 0.330393037 0.000000000 0.133220365 0.145573347 0.122633853 0.174858529 0.221270430 0.211466871 0.214844387 0.213456645 0.216971398 0.218075797 0.226972972 0.213123459 0.215874852 0.217801536 0.271668286 0.272525257 0.243914241 0.261855826 0.261026983 0.269119870 0.270907230 0.305554134 0.300292596 0.297126410 0.297578137 0.310960000 0.286885746 0.301379599 0.295039913 0.290481915 0.291458832 0.292046667 0.277198664 0.315674814 0.339361808 0.326853844 0.527407635 
22     0.301439438 0.305844523 0.300540891 0.312104823 0.314514449 0.314967520 0.317562648 0.319764949 0.317359167 0.323738973 0.303488051 0.303809146 0.335118963 0.133220365 0.000000000 0.148919883 0.127424198 0.178218813 0.223969534 0.214295649 0.217574849 0.216396859 0.219727201 0.220831600 0.229687718 0.216392057 0.219289869 0.221303053 0.275693500 0.276461336 0.247884272 0.266006571 0.265161743 0.273033383 0.274820743 0.308585204 0.303330869 0.300164683 0.300616409 0.314005410 0.291018313 0.305508802 0.299195958 0.294555664 0.295532581 0.296120416 0.281492711 0.319200644 0.343224194 0.330251691 0.529693906 
26     0.315752566 0.319948718 0.314542951 0.326093244 0.328448525 0.328901596 0.331514101 0.333687125 0.331387238 0.337767044 0.317537641 0.317858736 0.348569051 0.145573347 0.148919883 0.000000000 0.108731523 0.194173368 0.239584727 0.229820887 0.233158684 0.231953148 0.235358677 0.236463075 0.245454936 0.231923847 0.234715429 0.236482661 0.289301455 0.290107306 0.261567803 0.279607112 0.278596952 0.286870526 0.288615059 0.323966387 0.318712495 0.315546309 0.315998036 0.329289877 0.305499913 0.319987968 0.313632858 0.309054305 0.310031297 0.310619057 0.296097492 0.334031106 0.357584616 0.344998115 0.545736458 
18     0.293424281 0.297691095 0.292362275 0.303913759 0.306304243 0.306757314 0.309221496 0.311385062 0.309099182 0.315478988 0.295054967 0.295376063 0.327025422 0.122633853 0.127424198 0.108731523 0.000000000 0.172238609 0.217691758 0.208202224 0.211540021 0.210360702 0.213781280 0.214885679 0.223620582 0.209970229 0.212891637 0.214321629 0.268405538 0.269211389 0.240515835 0.258167570 0.257209153 0.265683156 0.267470515 0.302161268 0.296907377 0.293741191 0.294192917 0.307481358 0.283701908 0.298081665 0.291784235 0.287263043 0.288239960 0.288827795 0.274268816 0.312056485 0.336384338 0.323467897 0.523671393 
4     0.297149949 0.301592443 0.296175618 0.307540755 0.310078193 0.310531264 0.313562929 0.315838592 0.313472384 0.319852190 0.299124669 0.299445765 0.330474239 0.174858529 0.178218813 0.194173368 0.172238609 0.000000000 0.220350396 0.210666208 0.213991343 0.213083345 0.216078235 0.217176449 0.225891925 0.212082499 0.214852086 0.216806951 0.270838381 0.271593458 0.242852549 0.261160794 0.260384280 0.267997332 0.269784691 0.304794757 0.299761482 0.296595296 0.297047023 0.310075292 0.286739000 0.301100011 0.294862094 0.289449626 0.290426543 0.291014378 0.277156124 0.314426420 0.339445318 0.327148547 0.524874495 
34     0.299855318 0.304016091 0.298676447 0.309829516 0.312584450 0.313037521 0.315781774 0.317871354 0.315470445 0.321850251 0.301552430 0.301873526 0.333183025 0.221270430 0.223969534 0.239584727 0.217691758 0.220350396 0.000000000 0.062651787 0.064940302 0.072742478 0.154411282 0.155610926 0.165679678 0.187915886 0.190712175 0.193322205 0.271796832 0.272526107 0.243403959 0.262415745 0.261691459 0.268962635 0.270758384 0.307598350 0.302812330 0.299646144 0.300097871 0.313120065 0.289238126 0.303331607 0.297291962 0.292654451 0.293631368 0.294219203 0.279509128 0.317512976 0.341802723 0.329329494 0.530754517 
21     0.289275248 0.293436021 0.288034945 0.299232751 0.302106207 0.302559278 0.305253274 0.307189313 0.304836322 0.311148336 0.291038700 0.291359796 0.322666964 0.211466871 0.214295649 0.229820887 0.208202224 0.210666208 0.062651787 0.000000000 0.042147263 0.064233052 0.145031714 0.146229006 0.156469157 0.178229614 0.181042869 0.183481067 0.262184831 0.262914107 0.233779718 0.252836489 0.252171164 0.259427493 0.261214852 0.297277622 0.292487072 0.289320886 0.289772612 0.302806730 0.278994827 0.292861116 0.286800183 0.282230083 0.283207000 0.283794835 0.269084760 0.307272582 0.331579650 0.319076429 0.520582465 
8     0.292968806 0.297129578 0.291765299 0.302926308 0.305870195 0.306323266 0.309073447 0.311105519 0.308704610 0.315084416 0.294809210 0.295130306 0.326372208 0.214844387 0.217574849 0.233158684 0.211540021 0.213991343 0.064940302 0.042147263 0.000000000 0.066925241 0.148242457 0.149442101 0.159657990 0.181382025 0.184195280 0.186641187 0.265514587 0.266243862 0.237108142 0.256166244 0.255500920 0.262757248 0.264544608 0.300898527 0.296107976 0.292941790 0.293393517 0.306427635 0.282522396 0.296608006 0.290547073 0.285945223 0.286922139 0.287509975 0.272799899 0.310864296 0.335140205 0.322657695 0.524170246 
7     0.291816186 0.295976959 0.290826139 0.301979208 0.304710148 0.305163219 0.307963214 0.310052794 0.307651885 0.314031691 0.293695163 0.294016259 0.325364465 0.213456645 0.216396859 0.231953148 0.210360702 0.213083345 0.072742478 0.064233052 0.066925241 0.000000000 0.147229634 0.148426926 0.158699640 0.180435662 0.183270431 0.185904072 0.264751109 0.265480385 0.236281885 0.255323732 0.254658407 0.261914736 0.263702095 0.299799106 0.295013086 0.291846900 0.292298626 0.305320820 0.281332302 0.295425783 0.289386138 0.284670600 0.285646472 0.286244140 0.271580277 0.309713731 0.333779041 0.321195898 0.522975751 
2     0.294704946 0.298945963 0.293586636 0.304802832 0.307265548 0.307652864 0.310609893 0.312736119 0.310335211 0.316715017 0.296414514 0.296735610 0.328060407 0.216971398 0.219727201 0.235358677 0.213781280 0.216078235 0.154411282 0.145031714 0.148242457 0.147229634 0.000000000 0.050079549 0.146503150 0.184267754 0.187080494 0.189378707 0.267907230 0.268636506 0.239506876 0.258514292 0.257848968 0.265105296 0.266892656 0.302348212 0.297597209 0.294431023 0.294882750 0.307944255 0.283686019 0.297881343 0.291858634 0.287107600 0.288084517 0.288679397 0.273832741 0.312141907 0.337080440 0.323974609 0.524123076 
11     0.295798729 0.300031553 0.294666277 0.305882474 0.308335453 0.308722769 0.311644101 0.313770327 0.311369419 0.317749225 0.297485823 0.297806919 0.329093401 0.218075797 0.220831600 0.236463075 0.214885679 0.217176449 0.155610926 0.146229006 0.149442101 0.148426926 0.050079549 0.000000000 0.147790931 0.185442572 0.188255312 0.190568923 0.268961261 0.269690537 0.240560907 0.259568323 0.258902998 0.266159327 0.267946687 0.303384521 0.298634754 0.295468568 0.295920294 0.308980394 0.284567620 0.298718597 0.292730813 0.288033987 0.289010903 0.289605783 0.274759127 0.313131252 0.338114536 0.325016478 0.525157284 
15     0.304398853 0.308631676 0.303264804 0.314481001 0.316866024 0.317319095 0.320018319 0.322134839 0.319743637 0.326124631 0.306137378 0.306458474 0.337479320 0.226972972 0.229687718 0.245454936 0.223620582 0.225891925 0.165679678 0.156469157 0.159657990 0.158699640 0.146503150 0.147790931 0.000000000 0.193770593 0.196543463 0.198582179 0.276246115 0.276994882 0.248092710 0.266962578 0.266297253 0.273609965 0.275397324 0.311766405 0.306990048 0.303823862 0.304275589 0.317211273 0.293701425 0.307966182 0.302054919 0.297421336 0.298398253 0.298986088 0.284262720 0.321971800 0.346180236 0.333646749 0.534374526 
27     0.291057910 0.295194716 0.289765019 0.300883782 0.303862694 0.304315765 0.306955218 0.309251688 0.306799018 0.313178824 0.292775874 0.293096969 0.324444062 0.213123459 0.216392057 0.231923847 0.209970229 0.212082499 0.187915886 0.178229614 0.181382025 0.180435662 0.184267754 0.185442572 0.193770593 0.000000000 0.063398463 0.153781343 0.263608958 0.264338234 0.234911822 0.254199279 0.253520205 0.260723012 0.262488825 0.299150051 0.294104595 0.290938409 0.291390136 0.304537821 0.280345128 0.294431981 0.288334564 0.283803171 0.284780088 0.285367923 0.270738513 0.308579000 0.333232450 0.320806533 0.521474180 
29     0.293725195 0.297862001 0.292432304 0.303549048 0.306529979 0.306983050 0.309622503 0.311918973 0.309466303 0.315846109 0.295443159 0.295764254 0.327111347 0.215874852 0.219289869 0.234715429 0.212891637 0.214852086 0.190712175 0.181042869 0.184195280 0.183270431 0.187080494 0.188255312 0.196543463 0.063398463 0.000000000 0.156581654 0.266152672 0.266881947 0.237443879 0.256702828 0.256023754 0.263273421 0.264997407 0.301591487 0.296546031 0.293379845 0.293831572 0.306979257 0.282786565 0.296873418 0.290776001 0.286047203 0.287024120 0.287611956 0.272458616 0.310937849 0.335866960 0.323401750 0.524078311 
16     0.294739220 0.299031966 0.293636586 0.304661743 0.307658768 0.308111840 0.310763207 0.313059677 0.310607006 0.316986812 0.296588081 0.296909176 0.328280398 0.217801536 0.221303053 0.236482661 0.214321629 0.216806951 0.193322205 0.183481067 0.186641187 0.185904072 0.189378707 0.190568923 0.198582179 0.153781343 0.156581654 0.000000000 0.267566708 0.268295983 0.238900623 0.258024760 0.257387126 0.264681235 0.266468594 0.303420539 0.298528788 0.295362602 0.295814329 0.308486114 0.284906269 0.299195819 0.292870269 0.288249447 0.289226364 0.289814199 0.275120629 0.313209676 0.336821057 0.324403602 0.525112660 
20     0.319471928 0.323798877 0.317980022 0.329840383 0.332110629 0.332563701 0.334842846 0.337207843 0.334678324 0.341059318 0.321148003 0.321526458 0.351791690 0.271668286 0.275693500 0.289301455 0.268405538 0.270838381 0.271796832 0.262184831 0.265514587 0.264751109 0.267907230 0.268961261 0.276246115 0.263608958 0.266152672 0.267566708 0.000000000 0.042797305 0.131135205 0.150915735 0.150924924 0.156199431 0.158105596 0.327240815 0.322316139 0.319151704 0.319603431 0.332537672 0.309961637 0.324056582 0.317884863 0.312859084 0.313836001 0.314423836 0.300028009 0.337836190 0.361592651 0.349404170 0.549347321 
33     0.320216843 0.324543792 0.318724937 0.330585299 0.332855545 0.333308616 0.335587761 0.337952758 0.335423239 0.341804233 0.321892918 0.322271373 0.352536605 0.272525257 0.276461336 0.290107306 0.269211389 0.271593458 0.272526107 0.262914107 0.266243862 0.265480385 0.268636506 0.269690537 0.276994882 0.264338234 0.266881947 0.268295983 0.042797305 0.000000000 0.131723763 0.151459002 0.151463996 0.156647709 0.158553873 0.327985730 0.323061055 0.319896619 0.320348346 0.333282587 0.310706552 0.324801497 0.318629778 0.313604000 0.314580916 0.315168752 0.300772924 0.338581106 0.362337566 0.350149085 0.550092237 
25     0.290678690 0.294973532 0.289198061 0.300971425 0.303549265 0.304002336 0.306200497 0.308556625 0.306027106 0.312408100 0.292684157 0.293062612 0.324398202 0.243914241 0.247884272 0.261567803 0.240515835 0.242852549 0.243403959 0.233779718 0.237108142 0.236281885 0.239506876 0.240560907 0.248092710 0.234911822 0.237443879 0.238900623 0.131135205 0.131723763 0.000000000 0.113705351 0.113769470 0.119566473 0.121580630 0.298311227 0.293392065 0.290227630 0.290679357 0.303586601 0.280908512 0.295179889 0.288927107 0.284090429 0.285067345 0.285655181 0.271103163 0.308991937 0.332804332 0.320673283 0.520878085 
3     0.309467777 0.313781905 0.307795625 0.319823412 0.321926748 0.322379819 0.324898725 0.327263722 0.324734203 0.331115197 0.311099768 0.311478224 0.342902034 0.261855826 0.266006571 0.279607112 0.258167570 0.261160794 0.262415745 0.252836489 0.256166244 0.255323732 0.258514292 0.259568323 0.266962578 0.254199279 0.256702828 0.258024760 0.150915735 0.151459002 0.113705351 0.000000000 0.053384169 0.099501885 0.101498299 0.317001689 0.312075652 0.308911217 0.309362944 0.322277961 0.299508759 0.313664870 0.307385343 0.302627768 0.303604685 0.304192520 0.289717209 0.327515174 0.351063906 0.338512899 0.539283030 
12     0.308859859 0.313173987 0.307164205 0.319215494 0.321263761 0.321716832 0.324223383 0.326588379 0.324058861 0.330439855 0.310406388 0.310774200 0.342294117 0.261026983 0.265161743 0.278596952 0.257209153 0.260384280 0.261691459 0.252171164 0.255500920 0.254658407 0.257848968 0.258902998 0.266297253 0.253520205 0.256023754 0.257387126 0.150924924 0.151463996 0.113769470 0.053384169 0.000000000 0.099082309 0.101140334 0.316402354 0.311476318 0.308311883 0.308763609 0.321678626 0.298909425 0.313065535 0.306786009 0.302028434 0.303005350 0.303593186 0.289117875 0.326963706 0.350726352 0.338487337 0.538703117 
1     0.316361983 0.320676111 0.314707847 0.326717618 0.329090136 0.329543207 0.331805187 0.334170184 0.331640665 0.338021659 0.318188125 0.318566581 0.349687392 0.269119870 0.273033383 0.286870526 0.265683156 0.267997332 0.268962635 0.259427493 0.262757248 0.261914736 0.265105296 0.266159327 0.273609965 0.260723012 0.263273421 0.264681235 0.156199431 0.156647709 0.119566473 0.099501885 0.099082309 0.000000000 0.051337536 0.322966798 0.318105435 0.314941000 0.315392726 0.328291096 0.306173506 0.320197922 0.314050090 0.309110163 0.310087079 0.310674915 0.296188598 0.334077985 0.357966504 0.345727490 0.545939077 
10     0.317977727 0.322463470 0.316495206 0.328504977 0.330877495 0.331330566 0.333592547 0.335957543 0.333428025 0.339809019 0.319975484 0.320353940 0.351474751 0.270907230 0.274820743 0.288615059 0.267470515 0.269784691 0.270758384 0.261214852 0.264544608 0.263702095 0.266892656 0.267946687 0.275397324 0.262488825 0.264997407 0.266468594 0.158105596 0.158553873 0.121580630 0.101498299 0.101140334 0.051337536 0.000000000 0.324754157 0.319892794 0.316728359 0.317180086 0.330082243 0.307960865 0.321985281 0.315837449 0.310897522 0.311874439 0.312462274 0.297975958 0.335865345 0.359753864 0.347514849 0.547726437 
39     0.307359164 0.311553533 0.305908906 0.317587219 0.319374066 0.319827137 0.323282228 0.325850238 0.323188786 0.329596145 0.309040197 0.309420922 0.340896540 0.305554134 0.308585204 0.323966387 0.302161268 0.304794757 0.307598350 0.297277622 0.300898527 0.299799106 0.302348212 0.303384521 0.311766405 0.299150051 0.301591487 0.303420539 0.327240815 0.327985730 0.298311227 0.317001689 0.316402354 0.322966798 0.324754157 0.000000000 0.119282015 0.116400831 0.116393604 0.147614862 0.266577794 0.280713429 0.274209310 0.269865331 0.270842248 0.271430083 0.256688517 0.294662092 0.333512120 0.321662832 0.531292972 
45     0.302456623 0.306614677 0.300932943 0.312566739 0.314158221 0.314611292 0.318210777 0.320778788 0.318117336 0.324511446 0.303793336 0.304174061 0.335603394 0.300292596 0.303330869 0.318712495 0.296907377 0.299761482 0.302812330 0.292487072 0.296107976 0.295013086 0.297597209 0.298634754 0.306990048 0.294104595 0.296546031 0.298528788 0.322316139 0.323061055 0.293392065 0.312075652 0.311476318 0.318105435 0.319892794 0.119282015 0.000000000 0.040379754 0.040750610 0.144875914 0.262276255 0.275968315 0.269464196 0.265214428 0.266191345 0.266779181 0.251988457 0.290159953 0.328747540 0.316690871 0.526025389 
37     0.299440206 0.303598260 0.297916525 0.309550321 0.311141804 0.311594875 0.315123911 0.317691922 0.315030470 0.321424580 0.300706470 0.301087195 0.332819562 0.297126410 0.300164683 0.315546309 0.293741191 0.296595296 0.299646144 0.289320886 0.292941790 0.291846900 0.294431023 0.295468568 0.303823862 0.290938409 0.293379845 0.295362602 0.319151704 0.319896619 0.290227630 0.308911217 0.308311883 0.314941000 0.316728359 0.116400831 0.040379754 0.000000000 0.031300668 0.141679779 0.259022711 0.272714771 0.266210652 0.261960885 0.262937801 0.263525637 0.248734914 0.286753063 0.325539771 0.313483102 0.522859203 
42     0.299839545 0.304049986 0.298368252 0.310002048 0.311593530 0.312046602 0.315575638 0.318143648 0.315482196 0.321876307 0.301158197 0.301538922 0.333271289 0.297578137 0.300616409 0.315998036 0.294192917 0.297047023 0.300097871 0.289772612 0.293393517 0.292298626 0.294882750 0.295920294 0.304275589 0.291390136 0.293831572 0.295814329 0.319603431 0.320348346 0.290679357 0.309362944 0.308763609 0.315392726 0.317180086 0.116393604 0.040750610 0.031300668 0.000000000 0.141923125 0.259523960 0.273216021 0.266711901 0.262462134 0.263439050 0.264026886 0.249236163 0.287407659 0.326008474 0.313951805 0.523310930 
49     0.312448484 0.316640993 0.310953519 0.322571665 0.324455926 0.324908997 0.328293711 0.330861721 0.328200269 0.334616840 0.314059008 0.314439733 0.345759404 0.310960000 0.314005410 0.329289877 0.307481358 0.310075292 0.313120065 0.302806730 0.306427635 0.305320820 0.307944255 0.308980394 0.317211273 0.304537821 0.306979257 0.308486114 0.332537672 0.333282587 0.303586601 0.322277961 0.321678626 0.328291096 0.330082243 0.147614862 0.144875914 0.141679779 0.141923125 0.000000000 0.272123800 0.285526446 0.279022327 0.275100592 0.276077509 0.276665344 0.261841021 0.299984524 0.339456988 0.326730557 0.536685491 
47     0.289494953 0.293836270 0.287475387 0.299424347 0.301518536 0.301971607 0.304967623 0.307641398 0.304986913 0.311415223 0.290653816 0.291177664 0.322959969 0.286885746 0.291018313 0.305499913 0.283701908 0.286739000 0.289238126 0.278994827 0.282522396 0.281332302 0.283686019 0.284567620 0.293701425 0.280345128 0.282786565 0.284906269 0.309961637 0.310706552 0.280908512 0.299508759 0.298909425 0.306173506 0.307960865 0.266577794 0.262276255 0.259022711 0.259523960 0.272123800 0.000000000 0.107857989 0.099812646 0.146961765 0.148010490 0.148494488 0.133736635 0.234509550 0.316431587 0.304332667 0.510497532 
48     0.303222833 0.307651511 0.301289852 0.313239588 0.315256366 0.315709437 0.318555634 0.321291011 0.318636526 0.325064836 0.304386983 0.304911875 0.336695188 0.301379599 0.305508802 0.319987968 0.298081665 0.301100011 0.303331607 0.292861116 0.296608006 0.295425783 0.297881343 0.298718597 0.307966182 0.294431981 0.296873418 0.299195819 0.324056582 0.324801497 0.295179889 0.313664870 0.313065535 0.320197922 0.321985281 0.280713429 0.275968315 0.272714771 0.273216021 0.285526446 0.107857989 0.000000000 0.074013528 0.160253525 0.161282874 0.161764082 0.146805569 0.247810794 0.330333190 0.318205449 0.523943617 
46     0.296864485 0.301211238 0.294891513 0.306799315 0.308758854 0.309211925 0.312165303 0.314823884 0.312169400 0.318597709 0.298002567 0.298526415 0.330235764 0.295039913 0.299195958 0.313632858 0.291784235 0.294862094 0.297291962 0.286800183 0.290547073 0.289386138 0.291858634 0.292730813 0.302054919 0.288334564 0.290776001 0.292870269 0.317884863 0.318629778 0.288927107 0.307385343 0.306786009 0.314050090 0.315837449 0.274209310 0.269464196 0.266210652 0.266711901 0.279022327 0.099812646 0.074013528 0.000000000 0.153847602 0.154876588 0.155360471 0.140635026 0.241480348 0.323838380 0.311710639 0.518293827 
41     0.292111847 0.296354198 0.290138523 0.301901217 0.303925155 0.304378226 0.307420051 0.310127375 0.307472891 0.313901200 0.293254226 0.293829811 0.325495009 0.290481915 0.294555664 0.309054305 0.287263043 0.289449626 0.292654451 0.282230083 0.285945223 0.284670600 0.287107600 0.288033987 0.297421336 0.283803171 0.286047203 0.288249447 0.312859084 0.313604000 0.284090429 0.302627768 0.302028434 0.309110163 0.310897522 0.269865331 0.265214428 0.261960885 0.262462134 0.275100592 0.146961765 0.160253525 0.153847602 0.000000000 0.032888439 0.034888462 0.070659537 0.236392557 0.319171921 0.306869059 0.513225778 
50     0.293088763 0.297331114 0.291115440 0.302878134 0.304902072 0.305355143 0.308396967 0.311104292 0.308449807 0.314878117 0.294231142 0.294806728 0.326471926 0.291458832 0.295532581 0.310031297 0.288239960 0.290426543 0.293631368 0.283207000 0.286922139 0.285646472 0.288084517 0.289010903 0.298398253 0.284780088 0.287024120 0.289226364 0.313836001 0.314580916 0.285067345 0.303604685 0.303005350 0.310087079 0.311874439 0.270842248 0.266191345 0.262937801 0.263439050 0.276077509 0.148010490 0.161282874 0.154876588 0.032888439 0.000000000 0.032983803 0.071801526 0.237369473 0.320148838 0.307845975 0.514202694 
38     0.293676599 0.297918950 0.291734373 0.303497067 0.305489908 0.305942979 0.308984803 0.311692127 0.309037643 0.315465952 0.294797667 0.295394563 0.327059761 0.292046667 0.296120416 0.310619057 0.288827795 0.291014378 0.294219203 0.283794835 0.287509975 0.286244140 0.288679397 0.289605783 0.298986088 0.285367923 0.287611956 0.289814199 0.314423836 0.315168752 0.285655181 0.304192520 0.303593186 0.310674915 0.312462274 0.271430083 0.266779181 0.263525637 0.264026886 0.276665344 0.148494488 0.161764082 0.155360471 0.034888462 0.032983803 0.000000000 0.072963288 0.237957309 0.320736673 0.308433811 0.514790530 
44     0.278555644 0.282766377 0.276638393 0.288368962 0.290414659 0.290867730 0.293720595 0.296427920 0.293773435 0.300201745 0.279615458 0.280191043 0.311987892 0.277198664 0.281492711 0.296097492 0.274268816 0.277156124 0.279509128 0.269084760 0.272799899 0.271580277 0.273832741 0.274759127 0.284262720 0.270738513 0.272458616 0.275120629 0.300028009 0.300772924 0.271103163 0.289717209 0.289117875 0.296188598 0.297975958 0.256688517 0.251988457 0.248734914 0.249236163 0.261841021 0.133736635 0.146805569 0.140635026 0.070659537 0.071801526 0.072963288 0.000000000 0.223146947 0.306159695 0.293856833 0.500619503 
36     0.317615522 0.321757238 0.315777413 0.327501504 0.329321788 0.329774859 0.333126367 0.335708350 0.333053865 0.339482175 0.319106678 0.319566067 0.351072016 0.315674814 0.319200644 0.334031106 0.312056485 0.314426420 0.317512976 0.307272582 0.310864296 0.309713731 0.312141907 0.313131252 0.321971800 0.308579000 0.310937849 0.313209676 0.337836190 0.338581106 0.308991937 0.327515174 0.326963706 0.334077985 0.335865345 0.294662092 0.290159953 0.286753063 0.287407659 0.299984524 0.234509550 0.247810794 0.241480348 0.236392557 0.237369473 0.237957309 0.223146947 0.000000000 0.343977712 0.331807000 0.537858719 
40     0.341086985 0.345025000 0.340010908 0.351828512 0.353855608 0.354308679 0.357456184 0.359709335 0.356166440 0.363410669 0.343390380 0.343630339 0.374893704 0.339361808 0.343224194 0.357584616 0.336384338 0.339445318 0.341802723 0.331579650 0.335140205 0.333779041 0.337080440 0.338114536 0.346180236 0.333232450 0.335866960 0.336821057 0.361592651 0.362337566 0.332804332 0.351063906 0.350726352 0.357966504 0.359753864 0.333512120 0.328747540 0.325539771 0.326008474 0.339456988 0.316431587 0.330333190 0.323838380 0.319171921 0.320148838 0.320736673 0.306159695 0.343977712 0.000000000 0.128554708 0.564294467 
43     0.328371043 0.332268817 0.327314301 0.339145598 0.341035461 0.341488532 0.344145901 0.346354095 0.343055172 0.350076998 0.330430918 0.330587321 0.362285538 0.326853844 0.330251691 0.344998115 0.323467897 0.327148547 0.329329494 0.319076429 0.322657695 0.321195898 0.323974609 0.325016478 0.333646749 0.320806533 0.323401750 0.324403602 0.349404170 0.350149085 0.320673283 0.338512899 0.338487337 0.345727490 0.347514849 0.321662832 0.316690871 0.313483102 0.313951805 0.326730557 0.304332667 0.318205449 0.311710639 0.306869059 0.307845975 0.308433811 0.293856833 0.331807000 0.128554708 0.000000000 0.551971346 
0     0.529311600 0.533660639 0.527801715 0.539366459 0.541223385 0.541676456 0.545058886 0.547546822 0.544912478 0.551312051 0.530765582 0.531132186 0.560246792 0.527407635 0.529693906 0.545736458 0.523671393 0.524874495 0.530754517 0.520582465 0.524170246 0.522975751 0.524123076 0.525157284 0.534374526 0.521474180 0.524078311 0.525112660 0.549347321 0.550092237 0.520878085 0.539283030 0.538703117 0.545939077 0.547726437 0.531292972 0.526025389 0.522859203 0.523310930 0.536685491 0.510497532 0.523943617 0.518293827 0.513225778 0.514202694 0.514790530 0.500619503 0.537858719 0.564294467 0.551971346 0.000000000 
