51
9     0.000000000 0.001724610 0.000704760 0.003534330 0.004861710 0.007096900 0.006474050 0.008086230 0.008443030 0.008283020 0.015121660 0.014674490 0.009942480 0.021365230 0.020260390 0.019147700 0.015837660 0.021614630 0.020504030 0.019030770 0.018864220 0.020479420 0.011062310 0.017875180 0.019906930 0.018871260 0.019762690 0.019557430 0.016532610 0.020859980 0.021180340 0.024553620 0.022836050 0.022757520 0.022659590 0.009491820 0.013066260 0.008234070 0.006733500 0.017351590 0.021256740 0.019782380 0.022701790 0.020040770 0.019865850 0.019626410 0.008677330 0.018778400 0.011944410 0.012998180 0.013017020 
6     0.001724610 0.000000000 0.002674460 0.003416260 0.005206000 0.006303690 0.006818340 0.008430520 0.010792820 0.010632810 0.013303210 0.012926950 0.007814870 0.023431830 0.022326990 0.021214300 0.010715320 0.023681230 0.022570630 0.021097370 0.020930820 0.022546020 0.020988930 0.019941780 0.021973530 0.020937860 0.021829290 0.021624030 0.025266630 0.025904480 0.021198030 0.025110760 0.022853740 0.024579460 0.025009380 0.011841610 0.015416050 0.010583860 0.009083290 0.018119010 0.021495400 0.021848980 0.023495900 0.020058460 0.019883540 0.020087510 0.011027120 0.021128190 0.014294200 0.015347970 0.029187560 
28     0.000704760 0.002674460 0.000000000 0.003161100 0.010113970 0.008851870 0.009766680 0.015925550 0.016247100 0.016855890 0.013680920 0.013007580 0.004336870 0.016501440 0.015396600 0.014283910 0.015921270 0.016750840 0.015640240 0.014166980 0.014000430 0.015615630 0.014058540 0.013011390 0.015043140 0.014007470 0.014898900 0.014693640 0.021499440 0.024282450 0.017271790 0.019689830 0.018891600 0.018517350 0.018603940 0.017801840 0.017688770 0.018762420 0.018822370 0.018897040 0.015617850 0.014918590 0.017838000 0.018511080 0.015549620 0.015670760 0.014797340 0.023371360 0.002223050 0.019774670 0.025155800 
5     0.003534330 0.003416260 0.003161100 0.000000000 0.009170310 0.007908210 0.006556620 0.015284110 0.015605660 0.016497760 0.013953200 0.013279860 0.004144250 0.016773720 0.015668880 0.014556190 0.016193550 0.017023120 0.015912520 0.014439260 0.014272710 0.015887910 0.014330820 0.013283670 0.015315420 0.014279750 0.015171180 0.014965920 0.021771720 0.024554730 0.017544070 0.019962110 0.019163880 0.018789630 0.018876220 0.018373870 0.018260800 0.019334450 0.019394400 0.019469070 0.016665230 0.015190870 0.018110280 0.018783360 0.015821900 0.015943040 0.015069620 0.022993540 0.016346900 0.019663860 0.025428080 
24     0.004861710 0.005206000 0.010113970 0.009170310 0.000000000 0.000194960 0.003693020 0.005305200 0.012266220 0.012035420 0.008860450 0.008187110 0.010037320 0.014108970 0.013004130 0.011891440 0.013528800 0.014358370 0.013247770 0.011774510 0.011607960 0.013223160 0.011666070 0.010618920 0.012650670 0.011615000 0.012506430 0.012301170 0.019106970 0.021889980 0.014879320 0.017297360 0.016499130 0.016124880 0.016211470 0.019448230 0.019335160 0.020111040 0.020051580 0.018317420 0.014000480 0.012526120 0.015445530 0.016118610 0.013157150 0.013278290 0.012404870 0.023875610 0.017217520 0.020481550 0.022763330 
35     0.007096900 0.006303690 0.008851870 0.007908210 0.000194960 0.000000000 0.011715760 0.012468930 0.013128300 0.012897500 0.009722530 0.009049190 0.010899400 0.014971050 0.013866210 0.012753520 0.014390880 0.015220450 0.014109850 0.012636590 0.012470040 0.014085240 0.012528150 0.011481000 0.013512750 0.012477080 0.013368510 0.013163250 0.019969050 0.022752060 0.015741400 0.018159440 0.017361210 0.016986960 0.017073550 0.020780320 0.022291490 0.020973120 0.020913660 0.019179500 0.014862560 0.013388200 0.016307610 0.016980690 0.014019230 0.014140370 0.013266950 0.024737690 0.017734320 0.020998350 0.023625410 
14     0.006474050 0.006818340 0.009766680 0.006556620 0.003693020 0.011715760 0.000000000 0.004633820 0.000929430 0.004832890 0.007239470 0.007083480 0.015220450 0.019292100 0.018187260 0.017074570 0.007139960 0.019541500 0.018430900 0.016957640 0.016791090 0.018406290 0.016849200 0.015802050 0.017833800 0.016798130 0.017689560 0.017484300 0.024290100 0.027073110 0.020062450 0.022480490 0.021682260 0.021308010 0.021394600 0.017493620 0.018507620 0.016235870 0.014735300 0.019715890 0.019183610 0.017709250 0.020628660 0.021301740 0.018340280 0.018461420 0.016679130 0.026780200 0.019946210 0.020999980 0.024637520 
30     0.008086230 0.008430520 0.015925550 0.015284110 0.005305200 0.012468930 0.004633820 0.000000000 0.000188680 0.000301880 0.012468150 0.013495770 0.012027100 0.020857750 0.019752910 0.018640220 0.020277580 0.021107150 0.019996550 0.007341030 0.018356740 0.019971940 0.018414850 0.017367700 0.019399450 0.018363780 0.019255210 0.019049950 0.025855750 0.028638760 0.021628100 0.024046140 0.023247910 0.022873660 0.022960250 0.014261930 0.017836370 0.013004180 0.011503610 0.022121700 0.020749260 0.019274900 0.022194310 0.022867390 0.019905930 0.020027070 0.013447440 0.023548510 0.016714520 0.017768290 0.029512110 
23     0.008443030 0.010792820 0.016247100 0.015605660 0.012266220 0.013128300 0.000929430 0.000188680 0.000000000 0.000651300 0.010140040 0.010729770 0.016234820 0.020306470 0.019201630 0.018088940 0.019726300 0.020555870 0.019445270 0.007246910 0.017805460 0.019420660 0.017863570 0.016816420 0.018848170 0.017812500 0.018703930 0.018498670 0.025304470 0.028087480 0.021076820 0.023494860 0.022696630 0.022322380 0.022408970 0.011495930 0.015070370 0.010238180 0.008737610 0.019355700 0.020197980 0.018723620 0.021643030 0.022316110 0.019354650 0.019475790 0.010681440 0.020782510 0.013948520 0.015002290 0.028960830 
17     0.008283020 0.010632810 0.016855890 0.016497760 0.012035420 0.012897500 0.004832890 0.000301880 0.000651300 0.000000000 0.006868890 0.010569760 0.012221250 0.020075670 0.018970830 0.017858140 0.019495500 0.020325070 0.019214470 0.004423420 0.017574660 0.019189860 0.017632770 0.016585620 0.018617370 0.017581700 0.018473130 0.018267870 0.025073670 0.027856680 0.020846020 0.023264060 0.022465830 0.022091580 0.022178170 0.011335920 0.014910360 0.010078170 0.008577600 0.019195690 0.019967180 0.018492820 0.021412230 0.022085310 0.019123850 0.019244990 0.010521430 0.020622500 0.013788510 0.014842280 0.028730030 
32     0.015121660 0.013303210 0.013680920 0.013953200 0.008860450 0.009722530 0.007239470 0.012468150 0.010140040 0.006868890 0.000000000 0.000126730 0.012829050 0.016900700 0.015795860 0.014683170 0.016320530 0.017150100 0.015562280 0.014566240 0.014399690 0.014109110 0.014457800 0.013410650 0.015442400 0.014406730 0.015298160 0.015092900 0.021898700 0.018532010 0.017671050 0.020089090 0.019290860 0.018916610 0.019003200 0.017906160 0.017793090 0.018866740 0.018395580 0.019001360 0.016792210 0.015317850 0.018237260 0.018910340 0.015948880 0.016070020 0.015196600 0.026667340 0.023606490 0.024660260 0.025555060 
13     0.014674490 0.012926950 0.013007580 0.013279860 0.008187110 0.009049190 0.007083480 0.013495770 0.010729770 0.010569760 0.000126730 0.000000000 0.012155710 0.016227360 0.015122520 0.014009830 0.015647190 0.016476760 0.015366160 0.013892900 0.013726350 0.015341550 0.013784460 0.012737310 0.014769060 0.013733390 0.014624820 0.014419560 0.021225360 0.019345760 0.016997710 0.019415750 0.017268890 0.018243270 0.018329860 0.017458990 0.017345920 0.018259630 0.016759060 0.018554190 0.016118870 0.014644510 0.017563920 0.018237000 0.015275540 0.015396680 0.014523260 0.025994000 0.021969970 0.023023740 0.024881720 
19     0.009942480 0.007814870 0.004336870 0.004144250 0.010037320 0.010899400 0.015220450 0.012027100 0.016234820 0.012221250 0.012829050 0.012155710 0.000000000 0.000564850 0.014544730 0.013432040 0.015069400 0.015898970 0.014788370 0.013315110 0.013148560 0.014763760 0.013206670 0.012033960 0.014191270 0.013155600 0.014047030 0.013841770 0.014889750 0.015010410 0.016419920 0.017041350 0.016609150 0.017665480 0.017752070 0.019192940 0.019079870 0.020153520 0.019925740 0.019858020 0.015541080 0.014066720 0.016986130 0.017659210 0.014697750 0.014818890 0.013945470 0.025416210 0.023573640 0.021836080 0.024303930 
31     0.021365230 0.023431830 0.016501440 0.016773720 0.014108970 0.014971050 0.019292100 0.020857750 0.020306470 0.020075670 0.016900700 0.016227360 0.000564850 0.000000000 0.000004840 0.005475110 0.000601070 0.000009540 0.014085460 0.008503770 0.012445650 0.012196180 0.012503760 0.011456610 0.013488360 0.012452690 0.001498320 0.007456760 0.014850160 0.005582220 0.010434360 0.017001760 0.016569560 0.019026110 0.016143120 0.022819470 0.018280050 0.021526700 0.017340230 0.021218650 0.013869350 0.012394990 0.015314400 0.015987480 0.013026020 0.013147160 0.012273740 0.019448640 0.018052940 0.021316970 0.025664560 
22     0.020260390 0.022326990 0.015396600 0.015668880 0.013004130 0.013866210 0.018187260 0.019752910 0.019201630 0.018970830 0.015795860 0.015122520 0.014544730 0.000004840 0.000000000 0.000741680 0.000736870 0.004212660 0.012980620 0.011507360 0.011340810 0.012956010 0.011398920 0.010351770 0.012383520 0.006101680 0.006116650 0.012034020 0.013072960 0.014917320 0.016675710 0.016948260 0.016516060 0.017921270 0.017854170 0.021714630 0.021252950 0.018375160 0.019579260 0.020113810 0.012764510 0.011290150 0.014209560 0.012926500 0.011921180 0.011642690 0.010307730 0.019361600 0.025301460 0.013351950 0.024559720 
26     0.019147700 0.021214300 0.014283910 0.014556190 0.011891440 0.012753520 0.017074570 0.018640220 0.018088940 0.017858140 0.014683170 0.014009830 0.013432040 0.005475110 0.000741680 0.000000000 0.001892230 0.008120060 0.011867930 0.010394670 0.010228120 0.011843320 0.010286230 0.009239080 0.011270830 0.010235160 0.011126590 0.009313100 0.019790670 0.022164160 0.015563020 0.017981060 0.013695340 0.013776660 0.011197730 0.020601940 0.022113110 0.020794740 0.020735280 0.019001120 0.011651820 0.010177460 0.013096870 0.013769950 0.010808490 0.010929630 0.010056210 0.024559310 0.020558370 0.025606340 0.023447030 
18     0.015837660 0.010715320 0.015921270 0.016193550 0.013528800 0.014390880 0.007139960 0.020277580 0.019726300 0.019495500 0.016320530 0.015647190 0.015069400 0.000601070 0.000736870 0.001892230 0.000000000 0.008568160 0.013505290 0.012032030 0.011865480 0.013480680 0.011923590 0.010876440 0.012908190 0.011872520 0.008699630 0.012558690 0.016567330 0.016687990 0.014923530 0.018718930 0.018286730 0.018445940 0.018532530 0.020771860 0.020658790 0.021732440 0.021792390 0.020638480 0.013289180 0.011814820 0.014734230 0.015407310 0.012445850 0.012566990 0.011693570 0.026196670 0.023558210 0.026822240 0.025084390 
4     0.021614630 0.023681230 0.016750840 0.017023120 0.014358370 0.015220450 0.019541500 0.021107150 0.020555870 0.020325070 0.017150100 0.016476760 0.015898970 0.000009540 0.004212660 0.008120060 0.008568160 0.000000000 0.014334860 0.012373040 0.012695050 0.014310250 0.012753160 0.008205500 0.013737760 0.012702090 0.013593520 0.013388260 0.022257600 0.020048850 0.018029950 0.020447990 0.019649760 0.019275510 0.014360080 0.023068870 0.024580040 0.023261670 0.023202210 0.017600420 0.014613610 0.013139250 0.016058660 0.016731740 0.013770280 0.013891420 0.013018000 0.010910480 0.016269900 0.019533930 0.013779860 
34     0.020504030 0.022570630 0.015640240 0.015912520 0.013247770 0.014109850 0.018430900 0.019996550 0.019445270 0.019214470 0.015562280 0.015366160 0.014788370 0.014085460 0.012980620 0.011867930 0.013505290 0.014334860 0.000000000 0.002677210 0.000776360 0.000711970 0.008471220 0.007424070 0.006819860 0.010746390 0.011637820 0.011432560 0.021147000 0.023930010 0.016919350 0.019337390 0.018539160 0.018164910 0.018251500 0.021958270 0.023469440 0.022151070 0.022091610 0.020357450 0.013976970 0.012502610 0.015422020 0.016095100 0.013133640 0.013254780 0.012381360 0.025915640 0.025545100 0.026962670 0.024803360 
21     0.019030770 0.021097370 0.014166980 0.014439260 0.011774510 0.012636590 0.016957640 0.007341030 0.007246910 0.004423420 0.014566240 0.013892900 0.013315110 0.008503770 0.011507360 0.010394670 0.012032030 0.012373040 0.002677210 0.000000000 0.000038510 0.001684320 0.006997960 0.005950810 0.002639620 0.009273130 0.010164560 0.009959300 0.019673740 0.022456750 0.015446090 0.017864130 0.017065900 0.016691650 0.016778240 0.020485010 0.021996180 0.020677810 0.020618350 0.018884190 0.007884970 0.011029350 0.013948760 0.014621840 0.011660380 0.011781520 0.010908100 0.024442380 0.016799430 0.016155900 0.023330100 
8     0.018864220 0.020930820 0.014000430 0.014272710 0.011607960 0.012470040 0.016791090 0.018356740 0.017805460 0.017574660 0.014399690 0.013726350 0.013148560 0.012445650 0.011340810 0.010228120 0.011865480 0.012695050 0.000776360 0.000038510 0.000000000 0.000501350 0.005587630 0.005784260 0.008016440 0.009106580 0.009998010 0.009792750 0.019507190 0.022290200 0.007409060 0.017697580 0.016899350 0.016525100 0.016611690 0.020318460 0.021829630 0.020511260 0.020451800 0.018717640 0.012337160 0.010862800 0.013782210 0.014455290 0.011493830 0.011614970 0.010741550 0.024275830 0.023905290 0.025322860 0.023163550 
7     0.020479420 0.022546020 0.015615630 0.015887910 0.013223160 0.014085240 0.018406290 0.019971940 0.019420660 0.019189860 0.014109110 0.015341550 0.014763760 0.012196180 0.012956010 0.011843320 0.013480680 0.014310250 0.000711970 0.001684320 0.000501350 0.000000000 0.001495980 0.007399460 0.008550380 0.010721780 0.011613210 0.011407950 0.021122390 0.023905400 0.008850810 0.019312780 0.018514550 0.018140300 0.018226890 0.021933660 0.023444830 0.022126460 0.022067000 0.020332840 0.013952360 0.012478000 0.015397410 0.016070490 0.013109030 0.013230170 0.012356750 0.025891030 0.025520490 0.013273010 0.024227810 
2     0.011062310 0.020988930 0.014058540 0.014330820 0.011666070 0.012528150 0.016849200 0.018414850 0.017863570 0.017632770 0.014457800 0.013784460 0.013206670 0.012503760 0.011398920 0.010286230 0.011923590 0.012753160 0.008471220 0.006997960 0.005587630 0.001495980 0.000000000 0.001083090 0.008159740 0.009164690 0.010056120 0.008915480 0.019565300 0.022348310 0.015337650 0.017755690 0.016957460 0.016583210 0.016669800 0.013028650 0.016358960 0.019605610 0.015419140 0.018775750 0.012395270 0.010920910 0.013840320 0.014513400 0.011551940 0.011673080 0.010799660 0.015691550 0.023963400 0.025380970 0.023221660 
11     0.017875180 0.019941780 0.013011390 0.013283670 0.010618920 0.011481000 0.015802050 0.017367700 0.016816420 0.016585620 0.013410650 0.012737310 0.012033960 0.011456610 0.010351770 0.009239080 0.010876440 0.008205500 0.007424070 0.005950810 0.005784260 0.007399460 0.001083090 0.000000000 0.003471730 0.008117540 0.009008970 0.008510610 0.018518150 0.021301160 0.014290500 0.016708540 0.015910310 0.015536060 0.015622650 0.002089020 0.009808860 0.013055510 0.008869040 0.017385470 0.011348120 0.009873760 0.012793170 0.013466250 0.010504790 0.010625930 0.009752510 0.010885180 0.022916250 0.024333820 0.022174510 
15     0.019906930 0.021973530 0.015043140 0.015315420 0.012650670 0.013512750 0.017833800 0.019399450 0.018848170 0.018617370 0.015442400 0.014769060 0.014191270 0.013488360 0.012383520 0.011270830 0.012908190 0.013737760 0.006819860 0.002639620 0.008016440 0.008550380 0.008159740 0.003471730 0.000000000 0.009149240 0.011040720 0.007285630 0.020549900 0.023332910 0.008231930 0.007950640 0.007952030 0.017567810 0.017654400 0.021361170 0.020880010 0.018706090 0.018809820 0.018628140 0.013379870 0.011905510 0.014824920 0.015498000 0.012536540 0.012657680 0.011784260 0.025318540 0.017406130 0.011386170 0.024206260 
27     0.018871260 0.020937860 0.014007470 0.014279750 0.011615000 0.012477080 0.016798130 0.018363780 0.017812500 0.017581700 0.014406730 0.013733390 0.013155600 0.012452690 0.006101680 0.010235160 0.011872520 0.012702090 0.010746390 0.009273130 0.009106580 0.010721780 0.009164690 0.008117540 0.009149240 0.000000000 0.000014970 0.008570030 0.018653240 0.022297240 0.015286580 0.017704620 0.016906390 0.012327400 0.009993060 0.020325500 0.021778730 0.020518300 0.020458840 0.018724680 0.012344200 0.010869840 0.013789250 0.014462330 0.011500870 0.011622010 0.010748590 0.024282870 0.023912330 0.025329900 0.023170590 
29     0.019762690 0.021829290 0.014898900 0.015171180 0.012506430 0.013368510 0.017689560 0.019255210 0.018703930 0.018473130 0.015298160 0.014624820 0.014047030 0.001498320 0.006116650 0.011126590 0.008699630 0.013593520 0.011637820 0.010164560 0.009998010 0.011613210 0.010056120 0.009008970 0.011040720 0.000014970 0.000000000 0.008954760 0.018668210 0.023188670 0.016178010 0.018596050 0.017797820 0.017423570 0.017510160 0.021216930 0.022728100 0.021409730 0.021350270 0.019616110 0.013235630 0.011761270 0.014680680 0.015353760 0.012392300 0.012513440 0.011640020 0.025174300 0.024803760 0.026221330 0.024062020 
16     0.019557430 0.021624030 0.014693640 0.014965920 0.012301170 0.013163250 0.017484300 0.019049950 0.018498670 0.018267870 0.015092900 0.014419560 0.013841770 0.007456760 0.012034020 0.009313100 0.012558690 0.013388260 0.011432560 0.009959300 0.009792750 0.011407950 0.008915480 0.008510610 0.007285630 0.008570030 0.008954760 0.000000000 0.020200400 0.020500160 0.015972750 0.018390790 0.017592560 0.017218310 0.017304900 0.004447560 0.022334730 0.019749930 0.020569930 0.019410850 0.013030370 0.011556010 0.011924440 0.015148500 0.012187040 0.012308180 0.011434760 0.024969040 0.022723850 0.026016070 0.023856760 
20     0.016532610 0.025266630 0.021499440 0.021771720 0.019106970 0.019969050 0.024290100 0.025855750 0.025304470 0.025073670 0.021898700 0.021225360 0.014889750 0.014850160 0.013072960 0.019790670 0.016567330 0.022257600 0.021147000 0.019673740 0.019507190 0.021122390 0.019565300 0.018518150 0.020549900 0.018653240 0.018668210 0.020200400 0.000000000 0.000207030 0.002967200 0.006731320 0.007506220 0.006284970 0.006607780 0.022229400 0.022021130 0.022464220 0.021695170 0.020869560 0.021899710 0.020425350 0.023344760 0.018454760 0.021056380 0.017170950 0.015835990 0.031106480 0.029318950 0.027048220 0.029765160 
33     0.020859980 0.025904480 0.024282450 0.024554730 0.021889980 0.022752060 0.027073110 0.028638760 0.028087480 0.027856680 0.018532010 0.019345760 0.015010410 0.005582220 0.014917320 0.022164160 0.016687990 0.020048850 0.023930010 0.022456750 0.022290200 0.023905400 0.022348310 0.021301160 0.023332910 0.022297240 0.023188670 0.020500160 0.000207030 0.000000000 0.002870650 0.008059080 0.007626880 0.009366520 0.008885780 0.022350060 0.022141790 0.022584880 0.021815830 0.020990220 0.024682720 0.023208360 0.026127770 0.023892990 0.023839390 0.023960530 0.020454230 0.033889490 0.026516300 0.027168880 0.032548170 
25     0.021180340 0.021198030 0.017271790 0.017544070 0.014879320 0.015741400 0.020062450 0.021628100 0.021076820 0.020846020 0.017671050 0.016997710 0.016419920 0.010434360 0.016675710 0.015563020 0.014923530 0.018029950 0.016919350 0.015446090 0.007409060 0.008850810 0.015337650 0.014290500 0.008231930 0.015286580 0.016178010 0.015972750 0.002967200 0.002870650 0.000000000 0.001057390 0.001058780 0.005126400 0.005212990 0.018505200 0.018392130 0.019465780 0.019525730 0.018696080 0.017672060 0.016197700 0.019117110 0.019790190 0.016828730 0.016949870 0.016076450 0.019282350 0.021194800 0.024458830 0.025537510 
3     0.024553620 0.025110760 0.019689830 0.019962110 0.017297360 0.018159440 0.022480490 0.024046140 0.023494860 0.023264060 0.020089090 0.019415750 0.017041350 0.017001760 0.016948260 0.017981060 0.018718930 0.020447990 0.019337390 0.017864130 0.017697580 0.019312780 0.017755690 0.016708540 0.007950640 0.017704620 0.018596050 0.018390790 0.006731320 0.008059080 0.001057390 0.000000000 0.000001430 0.005575340 0.005661930 0.022417930 0.022304860 0.023378510 0.023438460 0.023021160 0.020090100 0.018615740 0.021535150 0.022208230 0.019246770 0.019367910 0.014891220 0.028381470 0.028926330 0.029199820 0.027955550 
12     0.022836050 0.022853740 0.018891600 0.019163880 0.016499130 0.017361210 0.021682260 0.023247910 0.022696630 0.022465830 0.019290860 0.017268890 0.016609150 0.016569560 0.016516060 0.013695340 0.018286730 0.019649760 0.018539160 0.017065900 0.016899350 0.018514550 0.016957460 0.015910310 0.007952030 0.016906390 0.017797820 0.017592560 0.007506220 0.007626880 0.001058780 0.000001430 0.000000000 0.004777110 0.004863700 0.020160910 0.020047840 0.021121490 0.021181440 0.021256110 0.019291870 0.017817510 0.020736920 0.021410000 0.018448540 0.018569680 0.016086150 0.028498640 0.028128100 0.028767620 0.027157320 
1     0.022757520 0.024579460 0.018517350 0.018789630 0.016124880 0.016986960 0.021308010 0.022873660 0.022322380 0.022091580 0.018916610 0.018243270 0.017665480 0.019026110 0.017921270 0.013776660 0.018445940 0.019275510 0.018164910 0.016691650 0.016525100 0.018140300 0.016583210 0.015536060 0.017567810 0.012327400 0.017423570 0.017218310 0.006284970 0.009366520 0.005126400 0.005575340 0.004777110 0.000000000 0.000079950 0.011817460 0.021773560 0.022847210 0.022636260 0.021784320 0.018917620 0.017443260 0.020362670 0.021035750 0.018074290 0.018195430 0.017322010 0.017105200 0.021997610 0.025261640 0.026783070 
10     0.022659590 0.025009380 0.018603940 0.018876220 0.016211470 0.017073550 0.021394600 0.022960250 0.022408970 0.022178170 0.019003200 0.018329860 0.017752070 0.016143120 0.017854170 0.011197730 0.018532530 0.014360080 0.018251500 0.016778240 0.016611690 0.018226890 0.016669800 0.015622650 0.017654400 0.009993060 0.017510160 0.017304900 0.006607780 0.008885780 0.005212990 0.005661930 0.004863700 0.000079950 0.000000000 0.020817160 0.023482680 0.024038900 0.022538330 0.022652790 0.019004210 0.017529850 0.020449260 0.021122340 0.018160880 0.018282020 0.011964810 0.028210980 0.012921360 0.016185390 0.026869660 
39     0.009491820 0.011841610 0.017801840 0.018373870 0.019448230 0.020780320 0.017493620 0.014261930 0.011495930 0.011335920 0.017906160 0.017458990 0.019192940 0.022819470 0.021714630 0.020601940 0.020771860 0.023068870 0.021958270 0.020485010 0.020318460 0.021933660 0.013028650 0.002089020 0.021361170 0.020325500 0.021216930 0.004447560 0.022229400 0.022350060 0.018505200 0.022417930 0.020160910 0.011817460 0.020817160 0.000000000 0.001421170 0.001897980 0.004656540 0.005831330 0.016391610 0.018875120 0.018392110 0.004069080 0.008237890 0.005738060 0.010956210 0.010499480 0.009871260 0.015285900 0.024128720 
45     0.013066260 0.015416050 0.017688770 0.018260800 0.019335160 0.022291490 0.018507620 0.017836370 0.015070370 0.014910360 0.017793090 0.017345920 0.019079870 0.018280050 0.021252950 0.022113110 0.020658790 0.024580040 0.023469440 0.021996180 0.021829630 0.023444830 0.016358960 0.009808860 0.020880010 0.021778730 0.022728100 0.022334730 0.022021130 0.022141790 0.018392130 0.022304860 0.020047840 0.021773560 0.023482680 0.001421170 0.000000000 0.001226980 0.000776370 0.006237770 0.016278540 0.018762050 0.018279040 0.014841600 0.014666680 0.014870650 0.012845040 0.010631430 0.017806570 0.018860340 0.015958750 
37     0.008234070 0.010583860 0.018762420 0.019334450 0.020111040 0.020973120 0.016235870 0.013004180 0.010238180 0.010078170 0.018866740 0.018259630 0.020153520 0.021526700 0.018375160 0.020794740 0.021732440 0.023261670 0.022151070 0.020677810 0.020511260 0.022126460 0.019605610 0.013055510 0.018706090 0.020518300 0.021409730 0.019749930 0.022464220 0.022584880 0.019465780 0.023378510 0.021121490 0.022847210 0.024038900 0.001897980 0.001226980 0.000000000 0.000010120 0.005233570 0.017352190 0.019835700 0.018621530 0.015915250 0.015740330 0.014522750 0.009698460 0.009396530 0.012974380 0.014028150 0.024872180 
42     0.006733500 0.009083290 0.018822370 0.019394400 0.020051580 0.020913660 0.014735300 0.011503610 0.008737610 0.008577600 0.018395580 0.016759060 0.019925740 0.017340230 0.019579260 0.020735280 0.021792390 0.023202210 0.022091610 0.020618350 0.020451800 0.022067000 0.015419140 0.008869040 0.018809820 0.020458840 0.021350270 0.020569930 0.021695170 0.021815830 0.019525730 0.023438460 0.021181440 0.022636260 0.022538330 0.004656540 0.000776370 0.000010120 0.000000000 0.006483430 0.017412140 0.019800660 0.018725260 0.015975200 0.015800280 0.016004250 0.008197890 0.018298960 0.011473810 0.012527580 0.021305350 
49     0.017351590 0.018119010 0.018897040 0.019469070 0.018317420 0.019179500 0.019715890 0.022121700 0.019355700 0.019195690 0.019001360 0.018554190 0.019858020 0.021218650 0.020113810 0.019001120 0.020638480 0.017600420 0.020357450 0.018884190 0.018717640 0.020332840 0.018775750 0.017385470 0.018628140 0.018724680 0.019616110 0.019410850 0.020869560 0.020990220 0.018696080 0.023021160 0.021256110 0.021784320 0.022652790 0.005831330 0.006237770 0.005233570 0.006483430 0.000000000 0.017486810 0.018975050 0.018543580 0.016049870 0.015874950 0.016078920 0.014053310 0.014335060 0.021915090 0.020177530 0.020597420 
47     0.021256740 0.021495400 0.015617850 0.016665230 0.014000480 0.014862560 0.019183610 0.020749260 0.020197980 0.019967180 0.016792210 0.016118870 0.015541080 0.013869350 0.012764510 0.011651820 0.013289180 0.014613610 0.013976970 0.007884970 0.012337160 0.013952360 0.012395270 0.011348120 0.013379870 0.012344200 0.013235630 0.013030370 0.021899710 0.024682720 0.017672060 0.020090100 0.019291870 0.018917620 0.019004210 0.016391610 0.016278540 0.017352190 0.017412140 0.017486810 0.000000000 0.004123940 0.000435620 0.005894040 0.006975580 0.008103810 0.007230390 0.019736840 0.026297810 0.026699250 0.022358540 
48     0.019782380 0.021848980 0.014918590 0.015190870 0.012526120 0.013388200 0.017709250 0.019274900 0.018723620 0.018492820 0.015317850 0.014644510 0.014066720 0.012394990 0.011290150 0.010177460 0.011814820 0.013139250 0.012502610 0.011029350 0.010862800 0.012478000 0.010920910 0.009873760 0.011905510 0.010869840 0.011761270 0.011556010 0.020425350 0.023208360 0.016197700 0.018615740 0.017817510 0.017443260 0.017529850 0.018875120 0.018762050 0.019835700 0.019800660 0.018975050 0.004123940 0.000000000 0.000651840 0.006788250 0.006508310 0.006629450 0.005756030 0.022570580 0.024253240 0.022515680 0.015649620 
46     0.022701790 0.023495900 0.017838000 0.018110280 0.015445530 0.016307610 0.020628660 0.022194310 0.021643030 0.021412230 0.018237260 0.017563920 0.016986130 0.015314400 0.014209560 0.013096870 0.014734230 0.016058660 0.015422020 0.013948760 0.013782210 0.015397410 0.013840320 0.012793170 0.014824920 0.013789250 0.014680680 0.011924440 0.023344760 0.026127770 0.019117110 0.021535150 0.020736920 0.020362670 0.020449260 0.018392110 0.018279040 0.018621530 0.018725260 0.018543580 0.000435620 0.000651840 0.000000000 0.003080340 0.003533840 0.006827710 0.007991300 0.016563610 0.023182320 0.021444760 0.019017740 
41     0.020040770 0.020058460 0.018511080 0.018783360 0.016118610 0.016980690 0.021301740 0.022867390 0.022316110 0.022085310 0.018910340 0.018237000 0.017659210 0.015987480 0.012926500 0.013769950 0.015407310 0.016731740 0.016095100 0.014621840 0.014455290 0.016070490 0.014513400 0.013466250 0.015498000 0.014462330 0.015353760 0.015148500 0.018454760 0.023892990 0.019790190 0.022208230 0.021410000 0.021035750 0.021122340 0.004069080 0.014841600 0.015915250 0.015975200 0.016049870 0.005894040 0.006788250 0.003080340 0.000000000 0.000306830 0.000031440 0.002761330 0.013637360 0.025456920 0.026510690 0.024673960 
50     0.019865850 0.019883540 0.015549620 0.015821900 0.013157150 0.014019230 0.018340280 0.019905930 0.019354650 0.019123850 0.015948880 0.015275540 0.014697750 0.013026020 0.011921180 0.010808490 0.012445850 0.013770280 0.013133640 0.011660380 0.011493830 0.013109030 0.011551940 0.010504790 0.012536540 0.011500870 0.012392300 0.012187040 0.021056380 0.023839390 0.016828730 0.019246770 0.018448540 0.018074290 0.018160880 0.008237890 0.014666680 0.015740330 0.015800280 0.015874950 0.006975580 0.006508310 0.003533840 0.000306830 0.000000000 0.001194190 0.003106500 0.025777330 0.025211830 0.026265600 0.017030160 
38     0.019626410 0.020087510 0.015670760 0.015943040 0.013278290 0.014140370 0.018461420 0.020027070 0.019475790 0.019244990 0.016070020 0.015396680 0.014818890 0.013147160 0.011642690 0.010929630 0.012566990 0.013891420 0.013254780 0.011781520 0.011614970 0.013230170 0.011673080 0.010625930 0.012657680 0.011622010 0.012513440 0.012308180 0.017170950 0.023960530 0.016949870 0.019367910 0.018569680 0.018195430 0.018282020 0.005738060 0.014870650 0.014522750 0.016004250 0.016078920 0.008103810 0.006629450 0.006827710 0.000031440 0.001194190 0.000000000 0.002431320 0.005126260 0.024366720 0.025420490 0.021348840 
44     0.008677330 0.011027120 0.014797340 0.015069620 0.012404870 0.013266950 0.016679130 0.013447440 0.010681440 0.010521430 0.015196600 0.014523260 0.013945470 0.012273740 0.010307730 0.010056210 0.011693570 0.013018000 0.012381360 0.010908100 0.010741550 0.012356750 0.010799660 0.009752510 0.011784260 0.010748590 0.011640020 0.011434760 0.015835990 0.020454230 0.016076450 0.014891220 0.016086150 0.017322010 0.011964810 0.010956210 0.012845040 0.009698460 0.008197890 0.014053310 0.007230390 0.005756030 0.007991300 0.002761330 0.003106500 0.002431320 0.000000000 0.008769580 0.013417640 0.014471410 0.023960460 
36     0.018778400 0.021128190 0.023371360 0.022993540 0.023875610 0.024737690 0.026780200 0.023548510 0.020782510 0.020622500 0.026667340 0.025994000 0.025416210 0.019448640 0.019361600 0.024559310 0.026196670 0.010910480 0.025915640 0.024442380 0.024275830 0.025891030 0.015691550 0.010885180 0.025318540 0.024282870 0.025174300 0.024969040 0.031106480 0.033889490 0.019282350 0.028381470 0.028498640 0.017105200 0.028210980 0.010499480 0.010631430 0.009396530 0.018298960 0.014335060 0.019736840 0.022570580 0.016563610 0.013637360 0.025777330 0.005126260 0.008769580 0.000000000 0.009069280 0.024572480 0.025270490 
40     0.011944410 0.014294200 0.002223050 0.016346900 0.017217520 0.017734320 0.019946210 0.016714520 0.013948520 0.013788510 0.023606490 0.021969970 0.023573640 0.018052940 0.025301460 0.020558370 0.023558210 0.016269900 0.025545100 0.016799430 0.023905290 0.025520490 0.023963400 0.022916250 0.017406130 0.023912330 0.024803760 0.022723850 0.029318950 0.026516300 0.021194800 0.028926330 0.028128100 0.021997610 0.012921360 0.009871260 0.017806570 0.012974380 0.011473810 0.021915090 0.026297810 0.024253240 0.023182320 0.025456920 0.025211830 0.024366720 0.013417640 0.009069280 0.000000000 0.000099670 0.020802180 
43     0.012998180 0.015347970 0.019774670 0.019663860 0.020481550 0.020998350 0.020999980 0.017768290 0.015002290 0.014842280 0.024660260 0.023023740 0.021836080 0.021316970 0.013351950 0.025606340 0.026822240 0.019533930 0.026962670 0.016155900 0.025322860 0.013273010 0.025380970 0.024333820 0.011386170 0.025329900 0.026221330 0.026016070 0.027048220 0.027168880 0.024458830 0.029199820 0.028767620 0.025261640 0.016185390 0.015285900 0.018860340 0.014028150 0.012527580 0.020177530 0.026699250 0.022515680 0.021444760 0.026510690 0.026265600 0.025420490 0.014471410 0.024572480 0.000099670 0.000000000 0.034402810 
0     0.013017020 0.029187560 0.025155800 0.025428080 0.022763330 0.023625410 0.024637520 0.029512110 0.028960830 0.028730030 0.025555060 0.024881720 0.024303930 0.025664560 0.024559720 0.023447030 0.025084390 0.013779860 0.024803360 0.023330100 0.023163550 0.024227810 0.023221660 0.022174510 0.024206260 0.023170590 0.024062020 0.023856760 0.029765160 0.032548170 0.025537510 0.027955550 0.027157320 0.026783070 0.026869660 0.024128720 0.015958750 0.024872180 0.021305350 0.020597420 0.022358540 0.015649620 0.019017740 0.024673960 0.017030160 0.021348840 0.023960460 0.025270490 0.020802180 0.034402810 0.000000000 
