51
36     0.000000000 0.056601107 0.089970162 0.192324507 0.319586813 0.464901563 0.468680669 0.461802133 0.487970573 0.473522330 0.465498128 0.466062988 0.475795330 0.473839748 0.386502988 0.487952270 0.480480923 0.444302120 0.443184794 0.429391086 0.459660304 0.433251798 0.435076305 0.496162057 0.467155094 0.526852196 0.523624515 0.523038182 0.489467432 0.487875870 0.486413237 0.487796978 0.505595949 0.525053719 0.499279700 0.496615083 0.500984717 0.544748649 0.524597016 0.517497560 0.466566913 0.453848496 0.448866368 0.446042968 0.394390366 0.478794626 0.459476958 0.449648689 0.452220310 0.444403994 0.873877151 
14     0.056601107 0.000000000 0.087892201 0.192804218 0.320752632 0.466879099 0.470658205 0.463779669 0.489948109 0.475831779 0.467807577 0.468372437 0.478104779 0.476149197 0.388490653 0.490402050 0.482874467 0.446802626 0.445685300 0.431891592 0.462352640 0.436422019 0.438333125 0.498012461 0.469005498 0.528702600 0.525474919 0.524888586 0.491317836 0.489726274 0.488263641 0.489647382 0.507447100 0.526904122 0.501130104 0.498465487 0.502835121 0.546597825 0.526446192 0.519346736 0.468567379 0.455450409 0.450507374 0.447683973 0.396313514 0.480575242 0.461257573 0.451429304 0.453748020 0.445931704 0.875670119 
18     0.089970162 0.087892201 0.000000000 0.198804713 0.327012757 0.472913953 0.476693059 0.469814523 0.495982964 0.481801812 0.473775657 0.474340517 0.484072859 0.482117276 0.394458733 0.496370130 0.488852765 0.452980520 0.451863193 0.438069485 0.468320720 0.442390099 0.444301204 0.503634827 0.474776968 0.534308805 0.531081124 0.530494791 0.496930439 0.495338877 0.493876244 0.495247921 0.513062044 0.532229380 0.505934817 0.503190836 0.507667187 0.552804167 0.532578580 0.525618170 0.474471912 0.462333266 0.457273630 0.454450230 0.402709333 0.486922223 0.467659544 0.457605138 0.460158637 0.452342321 0.881801597 
17     0.192324507 0.192804218 0.198804713 0.000000000 0.327091451 0.472867098 0.476646204 0.469766333 0.495934774 0.481882522 0.473845534 0.474410394 0.484144178 0.482188595 0.394512315 0.496485271 0.488853413 0.452749814 0.451632488 0.437858858 0.468320060 0.442389440 0.444300545 0.503515941 0.474494819 0.534148944 0.530924499 0.530338165 0.496705365 0.495113802 0.493640345 0.495250846 0.512959423 0.532289991 0.506505997 0.503841380 0.508206623 0.551654763 0.531295038 0.524930910 0.473956468 0.462351919 0.457220236 0.454411373 0.402522633 0.486932113 0.468088527 0.458279916 0.460363110 0.452546794 0.881525073 
29     0.319586813 0.320752632 0.327012757 0.327091451 0.000000000 0.485248418 0.489027524 0.482027572 0.508247795 0.494234484 0.486229835 0.486761248 0.496766872 0.494694284 0.407436219 0.507611774 0.501842014 0.465460462 0.464343135 0.450475476 0.481309562 0.455377688 0.457288793 0.515249952 0.485871788 0.546302089 0.542728706 0.542142373 0.508901373 0.507309811 0.505847179 0.507346223 0.525054170 0.543500883 0.517880751 0.515216134 0.519712158 0.565527444 0.545305241 0.538344805 0.486371832 0.475136791 0.470060215 0.467251352 0.414695887 0.499103012 0.479681951 0.470176765 0.471809409 0.463993903 0.899041352 
9     0.464901563 0.466879099 0.472913953 0.472867098 0.485248418 0.000000000 0.095165365 0.191512840 0.211929109 0.427942864 0.419744303 0.420375264 0.429704651 0.427152075 0.338874054 0.442949805 0.434291103 0.398548105 0.397248400 0.383333001 0.413799620 0.385006912 0.387301753 0.547522964 0.518811037 0.577592491 0.575369298 0.574782965 0.540894609 0.539303047 0.537850150 0.539907234 0.556885144 0.575352283 0.549918293 0.547543718 0.551811469 0.597273464 0.577239630 0.569941035 0.517573473 0.508388417 0.503182436 0.500397064 0.449262535 0.531685780 0.511700204 0.502061964 0.502297497 0.494490757 0.930789132 
5     0.468680669 0.470658205 0.476693059 0.476646204 0.489027524 0.095165365 0.000000000 0.193465733 0.215039986 0.432392469 0.424193907 0.424824868 0.434167039 0.431824818 0.343257365 0.446265524 0.437777991 0.401863824 0.400564119 0.386658202 0.417115339 0.388448043 0.390742884 0.551247208 0.522535237 0.581330279 0.579107086 0.578520753 0.544623127 0.543031564 0.541578667 0.543635751 0.560613661 0.578612734 0.553356254 0.550981678 0.555249430 0.601125417 0.581102441 0.573805673 0.521496717 0.512321561 0.507115580 0.504330207 0.453195679 0.536256115 0.516270539 0.506680984 0.506923212 0.499105786 0.934775442 
25     0.461802133 0.463779669 0.469814523 0.469766333 0.482027572 0.191512840 0.193465733 0.000000000 0.180004549 0.424332585 0.415923389 0.416765426 0.426138715 0.424391307 0.335312478 0.438869299 0.430411367 0.394338494 0.393038789 0.379140113 0.409755204 0.380700421 0.382666056 0.544310450 0.515654398 0.574468870 0.572218471 0.571632138 0.537770988 0.536179425 0.534726528 0.536783612 0.553761522 0.572027885 0.546761813 0.544387238 0.548654989 0.594161528 0.573909432 0.566833274 0.514370464 0.505300221 0.500043214 0.497257841 0.446166092 0.528447325 0.508391893 0.498843086 0.499553897 0.491708478 0.927655823 
13     0.487970573 0.489948109 0.495982964 0.495934774 0.508247795 0.211929109 0.215039986 0.180004549 0.000000000 0.451673454 0.443475334 0.444106295 0.453435682 0.451131351 0.361596551 0.465634481 0.457185095 0.420963800 0.419664095 0.405801946 0.436484110 0.407259844 0.409554686 0.568935343 0.541355776 0.599073545 0.596829118 0.596242785 0.562522951 0.560931388 0.559478491 0.561535576 0.578483814 0.597216893 0.571909371 0.569534795 0.573676080 0.620116281 0.599864185 0.592790860 0.540505215 0.531408803 0.526196835 0.523411463 0.472161396 0.554883117 0.535006901 0.525475398 0.525760235 0.517889237 0.953833510 
10     0.473522330 0.475831779 0.481801812 0.481882522 0.494234484 0.427942864 0.432392469 0.424332585 0.451673454 0.000000000 0.074815142 0.081972604 0.205972025 0.209920449 0.284793083 0.398549131 0.390853908 0.354691601 0.352401011 0.338839934 0.367673108 0.341316697 0.343793870 0.555619302 0.526932178 0.585093565 0.583094481 0.582508148 0.548593919 0.547002357 0.545286684 0.547658655 0.564781237 0.583578150 0.558337248 0.556057723 0.560331487 0.604625421 0.584710416 0.577765164 0.527264783 0.517910445 0.512829352 0.510043980 0.453266492 0.543007081 0.523303217 0.513419913 0.512933315 0.506005247 0.940864957 
8     0.465498128 0.467807577 0.473775657 0.473845534 0.486229835 0.419744303 0.424193907 0.415923389 0.443475334 0.074815142 0.000000000 0.056083201 0.197516978 0.202894284 0.276143674 0.390231151 0.382567995 0.346136741 0.343846151 0.330285074 0.359118351 0.332761940 0.335239113 0.547776670 0.519154713 0.578030407 0.575640071 0.575053738 0.540930812 0.539339250 0.537623577 0.539995548 0.557116864 0.575735517 0.550494615 0.548215090 0.552488854 0.596664550 0.576749544 0.569804292 0.519303345 0.510067361 0.504986268 0.502200896 0.445423409 0.535053214 0.515350159 0.505484219 0.504970853 0.498042785 0.932914338 
12     0.466062988 0.468372437 0.474340517 0.474410394 0.486761248 0.420375264 0.424824868 0.416765426 0.444106295 0.081972604 0.056083201 0.000000000 0.197438032 0.202449709 0.276982492 0.390640484 0.382977328 0.346782954 0.344492363 0.330931286 0.359730898 0.333388476 0.335865649 0.548308082 0.519686126 0.578561820 0.576171484 0.575585151 0.541462225 0.539870663 0.538154476 0.540526961 0.557648277 0.576266930 0.551026028 0.548746503 0.553020267 0.597195963 0.577280957 0.570335705 0.519834758 0.510500153 0.505419060 0.502633688 0.445856201 0.535610648 0.515907593 0.506041652 0.505528287 0.498600219 0.933434519 
40     0.475795330 0.478104779 0.484072859 0.484144178 0.496766872 0.429704651 0.434167039 0.426138715 0.453435682 0.205972025 0.197516978 0.197438032 0.000000000 0.192797134 0.286252141 0.400052106 0.392186881 0.356219912 0.353929322 0.340368245 0.369170432 0.342815295 0.345292468 0.558872916 0.530595665 0.589249771 0.587001217 0.586390919 0.552316802 0.550725240 0.549009053 0.551381538 0.568676987 0.586476125 0.561017007 0.558903222 0.563187918 0.607771215 0.587704428 0.580723195 0.529947015 0.520021768 0.514947567 0.512162195 0.455707470 0.545469007 0.525762843 0.515888572 0.515273389 0.508378285 0.943219116 
24     0.473839748 0.476149197 0.482117276 0.482188595 0.494694284 0.427152075 0.431824818 0.424391307 0.451131351 0.209920449 0.202894284 0.202449709 0.192797134 0.000000000 0.286726938 0.399163884 0.391318418 0.355298344 0.353007754 0.339303583 0.368223963 0.341983139 0.344460312 0.557677990 0.529254248 0.587730380 0.585457861 0.584871528 0.551070419 0.549478857 0.547762670 0.550135155 0.567323217 0.585093497 0.559835542 0.557556018 0.561829781 0.606318644 0.586422370 0.579441137 0.528671707 0.518422772 0.513341680 0.510556308 0.453415856 0.542014555 0.523866245 0.512824351 0.513570038 0.506643062 0.941512871 
3     0.386502988 0.388490653 0.394458733 0.394512315 0.407436219 0.338874054 0.343257365 0.335312478 0.361596551 0.284793083 0.276143674 0.276982492 0.286252141 0.286726938 0.000000000 0.311189637 0.304751722 0.267010911 0.265694849 0.251378885 0.281172408 0.254423036 0.256825047 0.470242391 0.441650769 0.500048274 0.497848124 0.497261791 0.463412384 0.461820822 0.460104635 0.462477120 0.479057505 0.497788502 0.472616776 0.470226531 0.474500295 0.518817143 0.498934442 0.491952692 0.441765652 0.431374315 0.426265308 0.423479936 0.369944428 0.456169874 0.436681730 0.426701503 0.426658674 0.419068076 0.853300099 
20     0.487952270 0.490402050 0.496370130 0.496485271 0.507611774 0.442949805 0.446265524 0.438869299 0.465634481 0.398549131 0.390231151 0.390640484 0.400052106 0.399163884 0.311189637 0.000000000 0.365502827 0.327827257 0.326628843 0.313082726 0.345405340 0.320962627 0.323887505 0.571572047 0.542887087 0.601683563 0.599422521 0.598836188 0.564584863 0.562993301 0.561203068 0.563870110 0.580653893 0.599186065 0.574132344 0.571736743 0.576014176 0.620030940 0.599837140 0.593574410 0.543130163 0.532641615 0.527435272 0.524649900 0.471491139 0.557231483 0.537498850 0.527781688 0.528068197 0.520181291 0.954393649 
26     0.480480923 0.482874467 0.488852765 0.488853413 0.501842014 0.434291103 0.437777991 0.430411367 0.457185095 0.390853908 0.382567995 0.382977328 0.392186881 0.391318418 0.304751722 0.365502827 0.000000000 0.314008402 0.313052661 0.299196101 0.332831193 0.306640744 0.309287096 0.561195057 0.532519235 0.590556671 0.588680315 0.588093982 0.553936270 0.552344708 0.550210019 0.552028225 0.568960052 0.588579994 0.563561830 0.561165906 0.565443339 0.612780573 0.593117913 0.585772221 0.535567488 0.524889447 0.519808355 0.517027487 0.463623244 0.549794119 0.530061486 0.520344325 0.519903597 0.512312956 0.946497142 
38     0.444302120 0.446802626 0.452980520 0.452749814 0.465460462 0.398548105 0.401863824 0.394338494 0.420963800 0.354691601 0.346136741 0.346782954 0.356219912 0.355298344 0.267010911 0.327827257 0.314008402 0.000000000 0.072657824 0.155252957 0.277744251 0.252516189 0.255403268 0.527763702 0.498566135 0.556932535 0.556226128 0.555639795 0.520492305 0.518900743 0.517100318 0.519532251 0.536215928 0.555153858 0.530021472 0.527553113 0.531946759 0.576709296 0.557182362 0.550108961 0.499814536 0.489379463 0.484271231 0.481485858 0.428421530 0.513707346 0.493995932 0.484168905 0.484362139 0.476521854 0.912984656 
35     0.443184794 0.445685300 0.451863193 0.451632488 0.464343135 0.397248400 0.400564119 0.393038789 0.419664095 0.352401011 0.343846151 0.344492363 0.353929322 0.353007754 0.265694849 0.326628843 0.313052661 0.072657824 0.000000000 0.151884363 0.274961406 0.249709692 0.252596772 0.527044014 0.498684442 0.557072234 0.555382273 0.554795940 0.520341312 0.518749749 0.516949324 0.519381257 0.536064935 0.554653532 0.529648322 0.527251122 0.531527822 0.575835742 0.556339565 0.549266165 0.498971739 0.488361566 0.483253333 0.480467961 0.427410298 0.512619705 0.492908291 0.483081264 0.483274498 0.475434213 0.911973424 
4     0.429391086 0.431891592 0.438069485 0.437858858 0.450475476 0.383333001 0.386658202 0.379140113 0.405801946 0.338839934 0.330285074 0.330931286 0.340368245 0.339303583 0.251378885 0.313082726 0.299196101 0.155252957 0.151884363 0.000000000 0.263086852 0.237970199 0.240936304 0.512047046 0.483486740 0.542188811 0.539947467 0.539361134 0.504770021 0.503344387 0.501544734 0.503976667 0.520431632 0.539094740 0.514412633 0.512015432 0.516294141 0.562569581 0.542251193 0.536005152 0.485007893 0.474622834 0.469514601 0.466729229 0.413671566 0.499083273 0.479362099 0.469658672 0.469726170 0.461885886 0.898000287 
23     0.459660304 0.462352640 0.468320720 0.468320060 0.481309562 0.413799620 0.417115339 0.409755204 0.436484110 0.367673108 0.359118351 0.359730898 0.369170432 0.368223963 0.281172408 0.345405340 0.332831193 0.277744251 0.274961406 0.263086852 0.000000000 0.194956147 0.198741667 0.543384171 0.514395813 0.572679269 0.570419367 0.569833034 0.535859420 0.534267858 0.532477626 0.535317765 0.551983407 0.570361717 0.545304307 0.542908671 0.547370260 0.592870812 0.572803824 0.565731525 0.515200446 0.505067252 0.499986159 0.497200787 0.443719927 0.529401612 0.509671485 0.499882659 0.499991120 0.492400585 0.925560772 
30     0.433251798 0.436422019 0.442390099 0.442389440 0.455377688 0.385006912 0.388448043 0.380700421 0.407259844 0.341316697 0.332761940 0.333388476 0.342815295 0.341983139 0.254423036 0.320962627 0.306640744 0.252516189 0.249709692 0.237970199 0.194956147 0.000000000 0.071965459 0.517770883 0.489450556 0.547883739 0.545629520 0.545043187 0.510578125 0.508986562 0.507270890 0.510192149 0.526672149 0.545186332 0.520150167 0.517754134 0.522217834 0.567091826 0.547025174 0.539952539 0.489449939 0.479178091 0.474096998 0.471311626 0.417831075 0.504149486 0.484422787 0.474374702 0.474493957 0.466903433 0.902192303 
31     0.435076305 0.438333125 0.444301204 0.444300545 0.457288793 0.387301753 0.390742884 0.382666056 0.409554686 0.343793870 0.335239113 0.335865649 0.345292468 0.344460312 0.256825047 0.323887505 0.309287096 0.255403268 0.252596772 0.240936304 0.198741667 0.071965459 0.000000000 0.519636418 0.491316091 0.549749150 0.547495054 0.546908721 0.512443659 0.510852097 0.509136424 0.512057684 0.528537684 0.547051867 0.522026104 0.519629251 0.524092951 0.568959809 0.548893157 0.541820522 0.491315554 0.480023689 0.473861535 0.471165552 0.419618836 0.505809088 0.486033150 0.476407088 0.476436587 0.468846063 0.904106999 
7     0.496162057 0.498012461 0.503634827 0.503515941 0.515249952 0.547522964 0.551247208 0.544310450 0.568935343 0.555619302 0.547776670 0.548308082 0.558872916 0.557677990 0.470242391 0.571572047 0.561195057 0.527763702 0.527044014 0.512047046 0.543384171 0.517770883 0.519636418 0.000000000 0.364419747 0.419579436 0.416932858 0.416342645 0.380832333 0.379201608 0.377948653 0.380141039 0.397316824 0.441863103 0.417373680 0.414762335 0.418994635 0.549370534 0.526973581 0.521343537 0.471280594 0.539504636 0.534875737 0.532100688 0.480207334 0.562679176 0.543067117 0.532719483 0.536051592 0.528222017 0.962875901 
37     0.467155094 0.469005498 0.474776968 0.474494819 0.485871788 0.518811037 0.522535237 0.515654398 0.541355776 0.526932178 0.519154713 0.519686126 0.530595665 0.529254248 0.441650769 0.542887087 0.532519235 0.498566135 0.498684442 0.483486740 0.514395813 0.489450556 0.491316091 0.364419747 0.000000000 0.310659217 0.307997826 0.307668735 0.275139683 0.273831321 0.273042458 0.274602127 0.290529718 0.414319626 0.387730492 0.385638178 0.389872992 0.519014943 0.497921021 0.489868879 0.440375629 0.508983738 0.504558166 0.501721520 0.450376544 0.532105528 0.512653149 0.502528037 0.505439116 0.497597264 0.933538401 
19     0.526852196 0.528702600 0.534308805 0.534148944 0.546302089 0.577592491 0.581330279 0.574468870 0.599073545 0.585093565 0.578030407 0.578561820 0.589249771 0.587730380 0.500048274 0.601683563 0.590556671 0.556932535 0.557072234 0.542188811 0.572679269 0.547883739 0.549749150 0.419579436 0.310659217 0.000000000 0.099338241 0.095714235 0.269958385 0.268454781 0.267600841 0.268498824 0.285631097 0.471404410 0.445657417 0.443248763 0.447520774 0.578250614 0.556929872 0.549905665 0.498563139 0.567998598 0.563707275 0.560870629 0.508902234 0.592196676 0.572751437 0.562586341 0.566117824 0.558302145 0.992278435 
41     0.523624515 0.525474919 0.531081124 0.530924499 0.542728706 0.575369298 0.579107086 0.572218471 0.596829118 0.583094481 0.575640071 0.576171484 0.587001217 0.585457861 0.497848124 0.599422521 0.588680315 0.556226128 0.555382273 0.539947467 0.570419367 0.545629520 0.547495054 0.416932858 0.307997826 0.099338241 0.000000000 0.052391877 0.267903187 0.266399584 0.265545644 0.266428209 0.283560297 0.468608165 0.442861171 0.440451560 0.444714981 0.575659885 0.554352203 0.547314936 0.495963411 0.565541963 0.561207189 0.558370543 0.506402149 0.589326876 0.569881636 0.559716540 0.563007258 0.555191579 0.989522199 
1     0.523038182 0.524888586 0.530494791 0.530338165 0.542142373 0.574782965 0.578520753 0.571632138 0.596242785 0.582508148 0.575053738 0.575585151 0.586390919 0.584871528 0.497261791 0.598836188 0.588093982 0.555639795 0.554795940 0.539361134 0.569833034 0.545043187 0.546908721 0.416342645 0.307668735 0.095714235 0.052391877 0.000000000 0.267455692 0.265952088 0.265098148 0.265972964 0.283129016 0.468000236 0.442253242 0.439843631 0.444107052 0.575073552 0.553765870 0.546728602 0.495377078 0.564894378 0.560620856 0.557784210 0.505815815 0.588740542 0.569295303 0.559130207 0.562420925 0.554605246 0.988936900 
22     0.489467432 0.491317836 0.496930439 0.496705365 0.508901373 0.540894609 0.544623127 0.537770988 0.562522951 0.548593919 0.540930812 0.541462225 0.552316802 0.551070419 0.463412384 0.564584863 0.553936270 0.520492305 0.520341312 0.504770021 0.535859420 0.510578125 0.512443659 0.380832333 0.275139683 0.269958385 0.267903187 0.267455692 0.000000000 0.060575406 0.060800354 0.090868617 0.166693413 0.431803969 0.406022142 0.403642150 0.407836744 0.540545086 0.519908423 0.512911163 0.460449679 0.531200374 0.526792260 0.523955615 0.471694185 0.554789673 0.535405947 0.525511546 0.528860622 0.521030819 0.955372798 
15     0.487875870 0.489726274 0.495338877 0.495113802 0.507309811 0.539303047 0.543031564 0.536179425 0.560931388 0.547002357 0.539339250 0.539870663 0.550725240 0.549478857 0.461820822 0.562993301 0.552344708 0.518900743 0.518749749 0.503344387 0.534267858 0.508986562 0.510852097 0.379201608 0.273831321 0.268454781 0.266399584 0.265952088 0.060575406 0.000000000 0.046331383 0.088987812 0.166576594 0.430180503 0.404398676 0.402018684 0.406213278 0.538946973 0.518316861 0.511319600 0.459619158 0.529608812 0.525200698 0.522364053 0.470102623 0.553198111 0.533814384 0.523919984 0.527269060 0.519439256 0.953781235 
28     0.486413237 0.488263641 0.493876244 0.493640345 0.505847179 0.537850150 0.541578667 0.534726528 0.559478491 0.545286684 0.537623577 0.538154476 0.549009053 0.547762670 0.460104635 0.561203068 0.550210019 0.517100318 0.516949324 0.501544734 0.532477626 0.507270890 0.509136424 0.377948653 0.273042458 0.267600841 0.265545644 0.265098148 0.060800354 0.046331383 0.000000000 0.088668820 0.165974684 0.428997133 0.403161297 0.400781305 0.404975899 0.537572256 0.516932019 0.509934759 0.458259533 0.528146179 0.523738066 0.520901420 0.468639990 0.551735478 0.532351752 0.522457352 0.525806427 0.517976624 0.952318603 
34     0.487796978 0.489647382 0.495247921 0.495250846 0.507346223 0.539907234 0.543635751 0.536783612 0.561535576 0.547658655 0.539995548 0.540526961 0.551381538 0.550135155 0.462477120 0.563870110 0.552028225 0.519532251 0.519381257 0.503976667 0.535317765 0.510192149 0.512057684 0.380141039 0.274602127 0.268498824 0.266428209 0.265972964 0.090868617 0.088987812 0.088668820 0.000000000 0.163735713 0.431044775 0.405262948 0.402882956 0.407077550 0.540173608 0.518949557 0.511952296 0.460490246 0.529950722 0.524772700 0.521971484 0.470291396 0.553893572 0.534448332 0.524321177 0.527670253 0.519840449 0.954156290 
21     0.505595949 0.507447100 0.513062044 0.512959423 0.525054170 0.556885144 0.560613661 0.553761522 0.578483814 0.564781237 0.557116864 0.557648277 0.568676987 0.567323217 0.479057505 0.580653893 0.568960052 0.536215928 0.536064935 0.520431632 0.551983407 0.526672149 0.528537684 0.397316824 0.290529718 0.285631097 0.283560297 0.283129016 0.166693413 0.166576594 0.165974684 0.163735713 0.000000000 0.449230887 0.423442861 0.421063091 0.425261221 0.557389338 0.536115430 0.529118170 0.475676683 0.547293580 0.542858384 0.540021739 0.487391624 0.570985249 0.551540009 0.541407776 0.544785340 0.536955537 0.971538435 
2     0.525053719 0.526904122 0.532229380 0.532289991 0.543500883 0.575352283 0.578612734 0.572027885 0.597216893 0.583578150 0.575735517 0.576266930 0.586476125 0.585093497 0.497788502 0.599186065 0.588579994 0.555153858 0.554653532 0.539094740 0.570361717 0.545186332 0.547051867 0.441863103 0.414319626 0.471404410 0.468608165 0.468000236 0.431803969 0.430180503 0.428997133 0.431044775 0.449230887 0.000000000 0.237952619 0.234198385 0.238210221 0.576269948 0.555215800 0.547689058 0.500309847 0.566161928 0.561633661 0.558778891 0.507044484 0.590232224 0.571237065 0.561121474 0.563068401 0.555218195 0.990710272 
6     0.499279700 0.501130104 0.505934817 0.506505997 0.517880751 0.549918293 0.553356254 0.546761813 0.571909371 0.558337248 0.550494615 0.551026028 0.561017007 0.559835542 0.472616776 0.574132344 0.563561830 0.530021472 0.529648322 0.514412633 0.545304307 0.520150167 0.522026104 0.417373680 0.387730492 0.445657417 0.442861171 0.442253242 0.406022142 0.404398676 0.403161297 0.405262948 0.423442861 0.237952619 0.000000000 0.104795572 0.137641857 0.551393745 0.530339597 0.522994272 0.474769569 0.541532006 0.537003738 0.534084453 0.482484076 0.565739758 0.546610325 0.536483881 0.538441662 0.530602215 0.965042074 
11     0.496615083 0.498465487 0.503190836 0.503841380 0.515216134 0.547543718 0.550981678 0.544387238 0.569534795 0.556057723 0.548215090 0.548746503 0.558903222 0.557556018 0.470226531 0.571736743 0.561165906 0.527553113 0.527251122 0.512015432 0.542908671 0.517754134 0.519629251 0.414762335 0.385638178 0.443248763 0.440451560 0.439843631 0.403642150 0.402018684 0.400781305 0.402882956 0.421063091 0.234198385 0.104795572 0.000000000 0.135969795 0.547990887 0.527012597 0.519499581 0.471942291 0.538873750 0.534345482 0.531472942 0.479825819 0.563072625 0.543943192 0.533816748 0.535737704 0.527897014 0.962485306 
27     0.500984717 0.502835121 0.507667187 0.508206623 0.519712158 0.551811469 0.555249430 0.548654989 0.573676080 0.560331487 0.552488854 0.553020267 0.563187918 0.561829781 0.474500295 0.576014176 0.565443339 0.531946759 0.531527822 0.516294141 0.547370260 0.522217834 0.524092951 0.418994635 0.389872992 0.447520774 0.444714981 0.444107052 0.407836744 0.406213278 0.404975899 0.407077550 0.425261221 0.238210221 0.137641857 0.135969795 0.000000000 0.552942120 0.531887973 0.524417366 0.476402843 0.543155463 0.538627195 0.535719734 0.484040040 0.567144482 0.548015049 0.538091983 0.539682602 0.531826880 0.966768634 
39     0.544748649 0.546597825 0.552804167 0.551654763 0.565527444 0.597273464 0.601125417 0.594161528 0.620116281 0.604625421 0.596664550 0.597195963 0.607771215 0.606318644 0.518817143 0.620030940 0.612780573 0.576709296 0.575835742 0.562569581 0.592870812 0.567091826 0.568959809 0.549370534 0.519014943 0.578250614 0.575659885 0.575073552 0.540545086 0.538946973 0.537572256 0.540173608 0.557389338 0.576269948 0.551393745 0.547990887 0.552942120 0.000000000 0.229074041 0.224083678 0.508358037 0.588538369 0.583666302 0.580849429 0.529053453 0.612037229 0.592834529 0.582745885 0.585342952 0.577526420 1.010532629 
32     0.524597016 0.526446192 0.532578580 0.531295038 0.545305241 0.577239630 0.581102441 0.573909432 0.599864185 0.584710416 0.576749544 0.577280957 0.587704428 0.586422370 0.498934442 0.599837140 0.593117913 0.557182362 0.556339565 0.542251193 0.572803824 0.547025174 0.548893157 0.526973581 0.497921021 0.556929872 0.554352203 0.553765870 0.519908423 0.518316861 0.516932019 0.518949557 0.536115430 0.555215800 0.530339597 0.527012597 0.531887973 0.229074041 0.000000000 0.206313197 0.488009975 0.568472174 0.563600107 0.560783234 0.508946874 0.591613390 0.572480246 0.562492680 0.565271642 0.557455110 0.990689939 
16     0.517497560 0.519346736 0.525618170 0.524930910 0.538344805 0.569941035 0.573805673 0.566833274 0.592790860 0.577765164 0.569804292 0.570335705 0.580723195 0.579441137 0.491952692 0.593574410 0.585772221 0.550108961 0.549266165 0.536005152 0.565731525 0.539952539 0.541820522 0.521343537 0.489868879 0.549905665 0.547314936 0.546728602 0.512911163 0.511319600 0.509934759 0.511952296 0.529118170 0.547689058 0.522994272 0.519499581 0.524417366 0.224083678 0.206313197 0.000000000 0.478537616 0.561321966 0.556449899 0.553633026 0.501802492 0.584750074 0.565631863 0.555529482 0.558126549 0.550310017 0.983552396 
33     0.466566913 0.468567379 0.474471912 0.473956468 0.486371832 0.517573473 0.521496717 0.514370464 0.540505215 0.527264783 0.519303345 0.519834758 0.529947015 0.528671707 0.441765652 0.543130163 0.535567488 0.499814536 0.498971739 0.485007893 0.515200446 0.489449939 0.491315554 0.471280594 0.440375629 0.498563139 0.495963411 0.495377078 0.460449679 0.459619158 0.458259533 0.460490246 0.475676683 0.500309847 0.474769569 0.471942291 0.476402843 0.508358037 0.488009975 0.478537616 0.000000000 0.512970454 0.508607636 0.505784136 0.453677474 0.536883640 0.517387963 0.506944709 0.509757257 0.501940725 0.929852345 
49     0.453848496 0.455450409 0.462333266 0.462351919 0.475136791 0.508388417 0.512321561 0.505300221 0.531408803 0.517910445 0.510067361 0.510500153 0.520021768 0.518422772 0.431374315 0.532641615 0.524889447 0.489379463 0.488361566 0.474622834 0.505067252 0.479178091 0.480023689 0.539504636 0.508983738 0.567998598 0.565541963 0.564894378 0.531200374 0.529608812 0.528146179 0.529950722 0.547293580 0.566161928 0.541532006 0.538873750 0.543155463 0.588538369 0.568472174 0.561321966 0.512970454 0.000000000 0.178217149 0.175344949 0.336876246 0.481985849 0.462049864 0.452435273 0.455072154 0.447257061 0.905087328 
43     0.448866368 0.450507374 0.457273630 0.457220236 0.470060215 0.503182436 0.507115580 0.500043214 0.526196835 0.512829352 0.504986268 0.505419060 0.514947567 0.513341680 0.426265308 0.527435272 0.519808355 0.484271231 0.483253333 0.469514601 0.499986159 0.474096998 0.473861535 0.534875737 0.504558166 0.563707275 0.561207189 0.560620856 0.526792260 0.525200698 0.523738066 0.524772700 0.542858384 0.561633661 0.537003738 0.534345482 0.538627195 0.583666302 0.563600107 0.556449899 0.508607636 0.178217149 0.000000000 0.079943333 0.332416581 0.477373321 0.457437337 0.447822745 0.450459626 0.442644534 0.900200016 
46     0.446042968 0.447683973 0.454450230 0.454411373 0.467251352 0.500397064 0.504330207 0.497257841 0.523411463 0.510043980 0.502200896 0.502633688 0.512162195 0.510556308 0.423479936 0.524649900 0.517027487 0.481485858 0.480467961 0.466729229 0.497200787 0.471311626 0.471165552 0.532100688 0.501721520 0.560870629 0.558370543 0.557784210 0.523955615 0.522364053 0.520901420 0.521971484 0.540021739 0.558778891 0.534084453 0.531472942 0.535719734 0.580849429 0.560783234 0.553633026 0.505784136 0.175344949 0.079943333 0.000000000 0.329659402 0.474514089 0.454567452 0.444966690 0.447638344 0.439823251 0.897404465 
42     0.394390366 0.396313514 0.402709333 0.402522633 0.414695887 0.449262535 0.453195679 0.446166092 0.472161396 0.453266492 0.445423409 0.445856201 0.455707470 0.453415856 0.369944428 0.471491139 0.463623244 0.428421530 0.427410298 0.413671566 0.443719927 0.417831075 0.419618836 0.480207334 0.450376544 0.508902234 0.506402149 0.505815815 0.471694185 0.470102623 0.468639990 0.470291396 0.487391624 0.507044484 0.482484076 0.479825819 0.484040040 0.529053453 0.508946874 0.501802492 0.453677474 0.336876246 0.332416581 0.329659402 0.000000000 0.423859716 0.403559852 0.394101504 0.397241942 0.389334068 0.847657291 
45     0.478794626 0.480575242 0.486922223 0.486932113 0.499103012 0.531685780 0.536256115 0.528447325 0.554883117 0.543007081 0.535053214 0.535610648 0.545469007 0.542014555 0.456169874 0.557231483 0.549794119 0.513707346 0.512619705 0.499083273 0.529401612 0.504149486 0.505809088 0.562679176 0.532105528 0.592196676 0.589326876 0.588740542 0.554789673 0.553198111 0.551735478 0.553893572 0.570985249 0.590232224 0.565739758 0.563072625 0.567144482 0.612037229 0.591613390 0.584750074 0.536883640 0.481985849 0.477373321 0.474514089 0.423859716 0.000000000 0.199666099 0.254972889 0.333796407 0.325945551 0.928279392 
47     0.459476958 0.461257573 0.467659544 0.468088527 0.479681951 0.511700204 0.516270539 0.508391893 0.535006901 0.523303217 0.515350159 0.515907593 0.525762843 0.523866245 0.436681730 0.537498850 0.530061486 0.493995932 0.492908291 0.479362099 0.509671485 0.484422787 0.486033150 0.543067117 0.512653149 0.572751437 0.569881636 0.569295303 0.535405947 0.533814384 0.532351752 0.534448332 0.551540009 0.571237065 0.546610325 0.543943192 0.548015049 0.592834529 0.572480246 0.565631863 0.517387963 0.462049864 0.457437337 0.454567452 0.403559852 0.199666099 0.000000000 0.235136025 0.312924786 0.305073605 0.908998893 
48     0.449648689 0.451429304 0.457605138 0.458279916 0.470176765 0.502061964 0.506680984 0.498843086 0.525475398 0.513419913 0.505484219 0.506041652 0.515888572 0.512824351 0.426701503 0.527781688 0.520344325 0.484168905 0.483081264 0.469658672 0.499882659 0.474374702 0.476407088 0.532719483 0.502528037 0.562586341 0.559716540 0.559130207 0.525511546 0.523919984 0.522457352 0.524321177 0.541407776 0.561121474 0.536483881 0.533816748 0.538091983 0.582745885 0.562492680 0.555529482 0.506944709 0.452435273 0.447822745 0.444966690 0.394101504 0.254972889 0.235136025 0.000000000 0.303566072 0.295715216 0.899408313 
44     0.452220310 0.453748020 0.460158637 0.460363110 0.471809409 0.502297497 0.506923212 0.499553897 0.525760235 0.512933315 0.504970853 0.505528287 0.515273389 0.513570038 0.426658674 0.528068197 0.519903597 0.484362139 0.483274498 0.469726170 0.499991120 0.474493957 0.476436587 0.536051592 0.505439116 0.566117824 0.563007258 0.562420925 0.528860622 0.527269060 0.525806427 0.527670253 0.544785340 0.563068401 0.538441662 0.535737704 0.539682602 0.585342952 0.565271642 0.558126549 0.509757257 0.455072154 0.450459626 0.447638344 0.397241942 0.333796407 0.312924786 0.303566072 0.000000000 0.076565434 0.901927910 
50     0.444403994 0.445931704 0.452342321 0.452546794 0.463993903 0.494490757 0.499105786 0.491708478 0.517889237 0.506005247 0.498042785 0.498600219 0.508378285 0.506643062 0.419068076 0.520181291 0.512312956 0.476521854 0.475434213 0.461885886 0.492400585 0.466903433 0.468846063 0.528222017 0.497597264 0.558302145 0.555191579 0.554605246 0.521030819 0.519439256 0.517976624 0.519840449 0.536955537 0.555218195 0.530602215 0.527897014 0.531826880 0.577526420 0.557455110 0.550310017 0.501940725 0.447257061 0.442644534 0.439823251 0.389334068 0.325945551 0.305073605 0.295715216 0.076565434 0.000000000 0.894122985 
0     0.873877151 0.875670119 0.881801597 0.881525073 0.899041352 0.930789132 0.934775442 0.927655823 0.953833510 0.940864957 0.932914338 0.933434519 0.943219116 0.941512871 0.853300099 0.954393649 0.946497142 0.912984656 0.911973424 0.898000287 0.925560772 0.902192303 0.904106999 0.962875901 0.933538401 0.992278435 0.989522199 0.988936900 0.955372798 0.953781235 0.952318603 0.954156290 0.971538435 0.990710272 0.965042074 0.962485306 0.966768634 1.010532629 0.990689939 0.983552396 0.929852345 0.905087328 0.900200016 0.897404465 0.847657291 0.928279392 0.908998893 0.899408313 0.901927910 0.894122985 0.000000000 
