51
36     0.000000000 0.000000130 0.000000490 0.000001420 0.000002440 0.000003020 0.000003080 0.000003380 0.000002860 0.000003170 0.000002830 0.000002840 0.000003090 0.000002760 0.000002840 0.000002760 0.000003500 0.000003140 0.000003280 0.000002860 0.000003840 0.000003110 0.000002930 0.000002770 0.000003680 0.000003320 0.000003330 0.000003260 0.000003300 0.000003670 0.000003340 0.000003290 0.000003350 0.000003020 0.000004000 0.000003860 0.000003660 0.000003140 0.000003470 0.000003250 0.000002510 0.000003310 0.000003390 0.000003560 0.000003330 0.000003450 0.000003150 0.000003570 0.000003270 0.000003230 0.000003410 
14     0.000000130 0.000000000 0.000000500 0.000001430 0.000002450 0.000003030 0.000003090 0.000003390 0.000002870 0.000003180 0.000002840 0.000002850 0.000003100 0.000002770 0.000002850 0.000002770 0.000003510 0.000003150 0.000003290 0.000002870 0.000003850 0.000003120 0.000002940 0.000002780 0.000003690 0.000003330 0.000003340 0.000003270 0.000003310 0.000003680 0.000003350 0.000003300 0.000003360 0.000003030 0.000004010 0.000003870 0.000003670 0.000003150 0.000003480 0.000003260 0.000002520 0.000003320 0.000003400 0.000003570 0.000003340 0.000003460 0.000003160 0.000003580 0.000003280 0.000003240 0.000003390 
18     0.000000490 0.000000500 0.000000000 0.000001150 0.000002650 0.000003230 0.000003290 0.000003590 0.000003070 0.000003380 0.000003040 0.000003050 0.000003300 0.000002970 0.000003050 0.000002970 0.000003650 0.000003350 0.000003490 0.000003070 0.000004050 0.000003320 0.000003140 0.000002980 0.000003890 0.000003530 0.000003540 0.000003470 0.000003510 0.000003880 0.000003550 0.000003500 0.000003560 0.000003230 0.000004190 0.000004030 0.000003870 0.000003350 0.000003680 0.000003460 0.000002720 0.000003520 0.000003600 0.000003770 0.000003390 0.000003660 0.000002900 0.000003340 0.000002800 0.000003080 0.000002880 
17     0.000001420 0.000001430 0.000001150 0.000000000 0.000001740 0.000002320 0.000002380 0.000002680 0.000002160 0.000002470 0.000002130 0.000002140 0.000002390 0.000002060 0.000002140 0.000002060 0.000002800 0.000002440 0.000002580 0.000002160 0.000003140 0.000002410 0.000002230 0.000002070 0.000002980 0.000002620 0.000002630 0.000002560 0.000002600 0.000002970 0.000002640 0.000002590 0.000002650 0.000002320 0.000003300 0.000003160 0.000002960 0.000002440 0.000002770 0.000002550 0.000001810 0.000002610 0.000002690 0.000002860 0.000002620 0.000002750 0.000002130 0.000002570 0.000002030 0.000002310 0.000002110 
29     0.000002440 0.000002450 0.000002650 0.000001740 0.000000000 0.000002580 0.000002640 0.000002940 0.000002420 0.000002730 0.000002390 0.000002400 0.000002650 0.000002320 0.000002400 0.000002320 0.000003060 0.000002700 0.000002840 0.000002420 0.000003400 0.000002670 0.000002490 0.000002330 0.000003240 0.000002880 0.000002890 0.000002820 0.000002860 0.000003230 0.000002900 0.000002850 0.000002910 0.000002580 0.000003560 0.000003420 0.000003220 0.000002700 0.000003030 0.000002810 0.000002070 0.000002870 0.000002950 0.000003120 0.000002890 0.000003010 0.000002710 0.000003130 0.000002830 0.000002790 0.000003300 
9     0.000003020 0.000003030 0.000003230 0.000002320 0.000002580 0.000000000 0.000000360 0.000000920 0.000001090 0.000002350 0.000002010 0.000002020 0.000002270 0.000001940 0.000002020 0.000001940 0.000002680 0.000002320 0.000002460 0.000002040 0.000003560 0.000002290 0.000002110 0.000002490 0.000003400 0.000003040 0.000003050 0.000002980 0.000003020 0.000003390 0.000003060 0.000003010 0.000003070 0.000002740 0.000003720 0.000003580 0.000003380 0.000002860 0.000003190 0.000002970 0.000002230 0.000003070 0.000003150 0.000003320 0.000003090 0.000003210 0.000002910 0.000003330 0.000003030 0.000002990 0.000003410 
5     0.000003080 0.000003090 0.000003290 0.000002380 0.000002640 0.000000360 0.000000000 0.000000930 0.000001020 0.000002410 0.000002070 0.000002080 0.000002330 0.000002000 0.000002080 0.000002000 0.000002740 0.000002380 0.000002520 0.000002100 0.000003620 0.000002350 0.000002170 0.000002550 0.000003460 0.000003100 0.000003110 0.000003040 0.000003080 0.000003450 0.000003120 0.000003070 0.000003130 0.000002800 0.000003780 0.000003640 0.000003440 0.000002920 0.000003250 0.000003030 0.000002290 0.000003130 0.000003210 0.000003380 0.000003150 0.000003270 0.000002970 0.000003390 0.000003090 0.000003050 0.000003130 
25     0.000003380 0.000003390 0.000003590 0.000002680 0.000002940 0.000000920 0.000000930 0.000000000 0.000000850 0.000002710 0.000002370 0.000002380 0.000002630 0.000002300 0.000002380 0.000002300 0.000002970 0.000002680 0.000002820 0.000002400 0.000003890 0.000002650 0.000002470 0.000002850 0.000003760 0.000003400 0.000003410 0.000003340 0.000003380 0.000003750 0.000003420 0.000003370 0.000003430 0.000003100 0.000004080 0.000003940 0.000003740 0.000003220 0.000003550 0.000003330 0.000002590 0.000003430 0.000003510 0.000003680 0.000003450 0.000003570 0.000003270 0.000003690 0.000003240 0.000003350 0.000003240 
13     0.000002860 0.000002870 0.000003070 0.000002160 0.000002420 0.000001090 0.000001020 0.000000850 0.000000000 0.000002190 0.000001850 0.000001860 0.000002110 0.000001780 0.000001860 0.000001780 0.000002520 0.000002160 0.000002300 0.000001880 0.000003400 0.000002130 0.000001950 0.000002330 0.000003240 0.000002880 0.000002890 0.000002820 0.000002860 0.000003230 0.000002900 0.000002850 0.000002910 0.000002580 0.000003560 0.000003420 0.000003220 0.000002700 0.000003030 0.000002810 0.000002070 0.000002910 0.000002990 0.000003160 0.000002930 0.000003050 0.000002750 0.000003170 0.000002870 0.000002830 0.000003330 
10     0.000003170 0.000003180 0.000003380 0.000002470 0.000002730 0.000002350 0.000002410 0.000002710 0.000002190 0.000000000 0.000000230 0.000000290 0.000001240 0.000001110 0.000001410 0.000001790 0.000002530 0.000002170 0.000002310 0.000001890 0.000003710 0.000002140 0.000001960 0.000002640 0.000003550 0.000003190 0.000003200 0.000003130 0.000003170 0.000003540 0.000003210 0.000003160 0.000003220 0.000002890 0.000003870 0.000003730 0.000003530 0.000003010 0.000003340 0.000003120 0.000002380 0.000003220 0.000003300 0.000003470 0.000003240 0.000003360 0.000003060 0.000003480 0.000003180 0.000003140 0.000003380 
8     0.000002830 0.000002840 0.000003040 0.000002130 0.000002390 0.000002010 0.000002070 0.000002370 0.000001850 0.000000230 0.000000000 0.000000150 0.000000900 0.000000770 0.000001070 0.000001450 0.000002190 0.000001830 0.000001970 0.000001550 0.000003370 0.000001800 0.000001620 0.000002300 0.000003210 0.000002850 0.000002860 0.000002790 0.000002830 0.000003200 0.000002870 0.000002820 0.000002880 0.000002550 0.000003530 0.000003390 0.000003190 0.000002670 0.000003000 0.000002780 0.000002040 0.000002880 0.000002960 0.000003130 0.000002900 0.000003020 0.000002720 0.000003140 0.000002840 0.000002800 0.000003410 
12     0.000002840 0.000002850 0.000003050 0.000002140 0.000002400 0.000002020 0.000002080 0.000002380 0.000001860 0.000000290 0.000000150 0.000000000 0.000000910 0.000000780 0.000001080 0.000001460 0.000002200 0.000001840 0.000001980 0.000001560 0.000003380 0.000001810 0.000001630 0.000002310 0.000003220 0.000002860 0.000002870 0.000002800 0.000002840 0.000003210 0.000002880 0.000002830 0.000002890 0.000002560 0.000003540 0.000003400 0.000003200 0.000002680 0.000003010 0.000002790 0.000002050 0.000002890 0.000002970 0.000003140 0.000002910 0.000003030 0.000002730 0.000003150 0.000002850 0.000002810 0.000003470 
40     0.000003090 0.000003100 0.000003300 0.000002390 0.000002650 0.000002270 0.000002330 0.000002630 0.000002110 0.000001240 0.000000900 0.000000910 0.000000000 0.000001030 0.000001330 0.000001710 0.000002450 0.000002090 0.000002230 0.000001810 0.000003630 0.000002060 0.000001880 0.000002560 0.000003470 0.000003110 0.000003120 0.000003050 0.000003090 0.000003460 0.000003130 0.000003080 0.000003140 0.000002810 0.000003790 0.000003650 0.000003450 0.000002930 0.000003260 0.000003040 0.000002300 0.000003140 0.000003220 0.000003390 0.000003160 0.000003280 0.000002980 0.000003400 0.000003100 0.000003060 0.000003570 
24     0.000002760 0.000002770 0.000002970 0.000002060 0.000002320 0.000001940 0.000002000 0.000002300 0.000001780 0.000001110 0.000000770 0.000000780 0.000001030 0.000000000 0.000001000 0.000001380 0.000002120 0.000001760 0.000001900 0.000001480 0.000003300 0.000001730 0.000001550 0.000002230 0.000003140 0.000002780 0.000002790 0.000002720 0.000002760 0.000003130 0.000002800 0.000002750 0.000002810 0.000002480 0.000003460 0.000003320 0.000003120 0.000002600 0.000002930 0.000002710 0.000001970 0.000002810 0.000002890 0.000003060 0.000002830 0.000002950 0.000002650 0.000003070 0.000002770 0.000002730 0.000003030 
3     0.000002840 0.000002850 0.000003050 0.000002140 0.000002400 0.000002020 0.000002080 0.000002380 0.000001860 0.000001410 0.000001070 0.000001080 0.000001330 0.000001000 0.000000000 0.000001460 0.000001830 0.000001840 0.000001980 0.000001560 0.000002750 0.000001810 0.000001630 0.000002310 0.000003220 0.000002860 0.000002870 0.000002800 0.000002840 0.000003210 0.000002880 0.000002830 0.000002890 0.000002560 0.000003540 0.000003400 0.000003200 0.000002680 0.000003010 0.000002790 0.000002050 0.000002890 0.000002970 0.000003140 0.000002870 0.000003030 0.000002500 0.000002940 0.000002400 0.000002680 0.000002400 
20     0.000002760 0.000002770 0.000002970 0.000002060 0.000002320 0.000001940 0.000002000 0.000002300 0.000001780 0.000001790 0.000001450 0.000001460 0.000001710 0.000001380 0.000001460 0.000000000 0.000001660 0.000001300 0.000001440 0.000001020 0.000003230 0.000001230 0.000001050 0.000002230 0.000003140 0.000002780 0.000002790 0.000002720 0.000002760 0.000003130 0.000002800 0.000002750 0.000002810 0.000002480 0.000003460 0.000003320 0.000003120 0.000002600 0.000002930 0.000002710 0.000001970 0.000002810 0.000002890 0.000003060 0.000002830 0.000002950 0.000002650 0.000003070 0.000002770 0.000002730 0.000003700 
26     0.000003500 0.000003510 0.000003650 0.000002800 0.000003060 0.000002680 0.000002740 0.000002970 0.000002520 0.000002530 0.000002190 0.000002200 0.000002450 0.000002120 0.000001830 0.000001660 0.000000000 0.000002040 0.000002180 0.000001760 0.000002600 0.000001870 0.000001830 0.000002970 0.000003880 0.000003520 0.000003530 0.000003460 0.000003500 0.000003870 0.000003540 0.000003490 0.000003550 0.000003220 0.000004200 0.000004060 0.000003860 0.000003340 0.000003670 0.000003450 0.000002710 0.000003550 0.000003630 0.000003800 0.000003420 0.000003690 0.000003050 0.000003490 0.000002950 0.000003230 0.000002950 
38     0.000003140 0.000003150 0.000003350 0.000002440 0.000002700 0.000002320 0.000002380 0.000002680 0.000002160 0.000002170 0.000001830 0.000001840 0.000002090 0.000001760 0.000001840 0.000001300 0.000002040 0.000000000 0.000001000 0.000000860 0.000003100 0.000001650 0.000001470 0.000002610 0.000003520 0.000003160 0.000003170 0.000003100 0.000003140 0.000003510 0.000003180 0.000003130 0.000003190 0.000002860 0.000003840 0.000003700 0.000003500 0.000002980 0.000003310 0.000003090 0.000002350 0.000003190 0.000003270 0.000003440 0.000003210 0.000003330 0.000003030 0.000003450 0.000003150 0.000003110 0.000003690 
35     0.000003280 0.000003290 0.000003490 0.000002580 0.000002840 0.000002460 0.000002520 0.000002820 0.000002300 0.000002310 0.000001970 0.000001980 0.000002230 0.000001900 0.000001980 0.000001440 0.000002180 0.000001000 0.000000000 0.000001060 0.000003280 0.000001790 0.000001610 0.000002750 0.000003660 0.000003300 0.000003310 0.000003240 0.000003280 0.000003650 0.000003320 0.000003270 0.000003330 0.000003000 0.000003980 0.000003840 0.000003640 0.000003120 0.000003450 0.000003230 0.000002490 0.000003330 0.000003410 0.000003580 0.000003350 0.000003470 0.000003170 0.000003590 0.000003290 0.000003250 0.000003870 
4     0.000002860 0.000002870 0.000003070 0.000002160 0.000002420 0.000002040 0.000002100 0.000002400 0.000001880 0.000001890 0.000001550 0.000001560 0.000001810 0.000001480 0.000001560 0.000001020 0.000001760 0.000000860 0.000001060 0.000000000 0.000002590 0.000001370 0.000001190 0.000002330 0.000003240 0.000002880 0.000002890 0.000002820 0.000002860 0.000003230 0.000002900 0.000002850 0.000002910 0.000002580 0.000003560 0.000003420 0.000003220 0.000002700 0.000003030 0.000002810 0.000002070 0.000002910 0.000002990 0.000003160 0.000002930 0.000003050 0.000002750 0.000003170 0.000002870 0.000002830 0.000003180 
23     0.000003840 0.000003850 0.000004050 0.000003140 0.000003400 0.000003560 0.000003620 0.000003890 0.000003400 0.000003710 0.000003370 0.000003380 0.000003630 0.000003300 0.000002750 0.000003230 0.000002600 0.000003100 0.000003280 0.000002590 0.000000000 0.000002350 0.000002360 0.000002570 0.000003480 0.000003120 0.000003130 0.000003060 0.000003100 0.000003470 0.000003140 0.000003090 0.000003150 0.000002640 0.000001180 0.000001020 0.000000620 0.000003240 0.000003570 0.000003350 0.000002450 0.000003890 0.000003970 0.000004140 0.000003910 0.000004030 0.000003730 0.000004150 0.000003850 0.000003810 0.000003870 
30     0.000003110 0.000003120 0.000003320 0.000002410 0.000002670 0.000002290 0.000002350 0.000002650 0.000002130 0.000002140 0.000001800 0.000001810 0.000002060 0.000001730 0.000001810 0.000001230 0.000001870 0.000001650 0.000001790 0.000001370 0.000002350 0.000000000 0.000000320 0.000002580 0.000003490 0.000003130 0.000003140 0.000003070 0.000003110 0.000003480 0.000003150 0.000003100 0.000003160 0.000002830 0.000003810 0.000003670 0.000003470 0.000002950 0.000003280 0.000003060 0.000002320 0.000003160 0.000003240 0.000003410 0.000003180 0.000003300 0.000003000 0.000003420 0.000003120 0.000003080 0.000003140 
31     0.000002930 0.000002940 0.000003140 0.000002230 0.000002490 0.000002110 0.000002170 0.000002470 0.000001950 0.000001960 0.000001620 0.000001630 0.000001880 0.000001550 0.000001630 0.000001050 0.000001830 0.000001470 0.000001610 0.000001190 0.000002360 0.000000320 0.000000000 0.000002400 0.000003310 0.000002950 0.000002960 0.000002890 0.000002930 0.000003300 0.000002970 0.000002920 0.000002980 0.000002650 0.000003630 0.000003490 0.000003290 0.000002770 0.000003100 0.000002880 0.000002140 0.000002980 0.000003060 0.000003230 0.000003000 0.000003120 0.000002820 0.000003240 0.000002940 0.000002900 0.000003150 
7     0.000002770 0.000002780 0.000002980 0.000002070 0.000002330 0.000002490 0.000002550 0.000002850 0.000002330 0.000002640 0.000002300 0.000002310 0.000002560 0.000002230 0.000002310 0.000002230 0.000002970 0.000002610 0.000002750 0.000002330 0.000002570 0.000002580 0.000002400 0.000000000 0.000002310 0.000001950 0.000001960 0.000001890 0.000001930 0.000002300 0.000001970 0.000001920 0.000001980 0.000001750 0.000002640 0.000002480 0.000002390 0.000002170 0.000002500 0.000002280 0.000001380 0.000002590 0.000002340 0.000002460 0.000002840 0.000002960 0.000002660 0.000003080 0.000002780 0.000002740 0.000003910 
37     0.000003680 0.000003690 0.000003890 0.000002980 0.000003240 0.000003400 0.000003460 0.000003760 0.000003240 0.000003550 0.000003210 0.000003220 0.000003470 0.000003140 0.000003220 0.000003140 0.000003880 0.000003520 0.000003660 0.000003240 0.000003480 0.000003490 0.000003310 0.000002310 0.000000000 0.000002290 0.000002100 0.000002330 0.000002180 0.000002310 0.000002300 0.000002370 0.000002380 0.000002640 0.000002510 0.000002350 0.000002540 0.000003080 0.000003410 0.000003190 0.000002290 0.000002500 0.000002250 0.000002370 0.000003750 0.000003870 0.000003570 0.000003990 0.000003520 0.000003650 0.000003580 
19     0.000003320 0.000003330 0.000003530 0.000002620 0.000002880 0.000003040 0.000003100 0.000003400 0.000002880 0.000003190 0.000002850 0.000002860 0.000003110 0.000002780 0.000002860 0.000002780 0.000003520 0.000003160 0.000003300 0.000002880 0.000003120 0.000003130 0.000002950 0.000001950 0.000002290 0.000000000 0.000000550 0.000000480 0.000001340 0.000001710 0.000001380 0.000001330 0.000001390 0.000002300 0.000003280 0.000003140 0.000002940 0.000002720 0.000003050 0.000002830 0.000001930 0.000003370 0.000003260 0.000003380 0.000003390 0.000003510 0.000003210 0.000003630 0.000003330 0.000003290 0.000004590 
41     0.000003330 0.000003340 0.000003540 0.000002630 0.000002890 0.000003050 0.000003110 0.000003410 0.000002890 0.000003200 0.000002860 0.000002870 0.000003120 0.000002790 0.000002870 0.000002790 0.000003530 0.000003170 0.000003310 0.000002890 0.000003130 0.000003140 0.000002960 0.000001960 0.000002100 0.000000550 0.000000000 0.000000140 0.000001350 0.000001530 0.000001390 0.000001340 0.000001400 0.000002310 0.000003290 0.000003150 0.000002950 0.000002730 0.000003060 0.000002840 0.000001940 0.000003320 0.000003070 0.000003190 0.000003400 0.000003520 0.000003220 0.000003640 0.000003340 0.000003300 0.000004400 
1     0.000003260 0.000003270 0.000003470 0.000002560 0.000002820 0.000002980 0.000003040 0.000003340 0.000002820 0.000003130 0.000002790 0.000002800 0.000003050 0.000002720 0.000002800 0.000002720 0.000003460 0.000003100 0.000003240 0.000002820 0.000003060 0.000003070 0.000002890 0.000001890 0.000002330 0.000000480 0.000000140 0.000000000 0.000001280 0.000001650 0.000001320 0.000001270 0.000001330 0.000002240 0.000003220 0.000003080 0.000002880 0.000002660 0.000002990 0.000002770 0.000001870 0.000003310 0.000003300 0.000003420 0.000003330 0.000003450 0.000003150 0.000003570 0.000003270 0.000003230 0.000004630 
22     0.000003300 0.000003310 0.000003510 0.000002600 0.000002860 0.000003020 0.000003080 0.000003380 0.000002860 0.000003170 0.000002830 0.000002840 0.000003090 0.000002760 0.000002840 0.000002760 0.000003500 0.000003140 0.000003280 0.000002860 0.000003100 0.000003110 0.000002930 0.000001930 0.000002180 0.000001340 0.000001350 0.000001280 0.000000000 0.000000190 0.000000160 0.000000210 0.000000670 0.000002280 0.000003260 0.000003120 0.000002920 0.000002700 0.000003030 0.000002810 0.000001910 0.000003350 0.000003150 0.000003270 0.000003370 0.000003490 0.000003190 0.000003610 0.000003310 0.000003270 0.000004480 
15     0.000003670 0.000003680 0.000003880 0.000002970 0.000003230 0.000003390 0.000003450 0.000003750 0.000003230 0.000003540 0.000003200 0.000003210 0.000003460 0.000003130 0.000003210 0.000003130 0.000003870 0.000003510 0.000003650 0.000003230 0.000003470 0.000003480 0.000003300 0.000002300 0.000002310 0.000001710 0.000001530 0.000001650 0.000000190 0.000000000 0.000000270 0.000000490 0.000001040 0.000002650 0.000003540 0.000003380 0.000003290 0.000003070 0.000003400 0.000003180 0.000002280 0.000003530 0.000003280 0.000003400 0.000003740 0.000003860 0.000003560 0.000003980 0.000003680 0.000003640 0.000004610 
28     0.000003340 0.000003350 0.000003550 0.000002640 0.000002900 0.000003060 0.000003120 0.000003420 0.000002900 0.000003210 0.000002870 0.000002880 0.000003130 0.000002800 0.000002880 0.000002800 0.000003540 0.000003180 0.000003320 0.000002900 0.000003140 0.000003150 0.000002970 0.000001970 0.000002300 0.000001380 0.000001390 0.000001320 0.000000160 0.000000270 0.000000000 0.000000250 0.000000710 0.000002320 0.000003300 0.000003160 0.000002960 0.000002740 0.000003070 0.000002850 0.000001950 0.000003390 0.000003270 0.000003390 0.000003410 0.000003530 0.000003230 0.000003650 0.000003350 0.000003310 0.000004600 
34     0.000003290 0.000003300 0.000003500 0.000002590 0.000002850 0.000003010 0.000003070 0.000003370 0.000002850 0.000003160 0.000002820 0.000002830 0.000003080 0.000002750 0.000002830 0.000002750 0.000003490 0.000003130 0.000003270 0.000002850 0.000003090 0.000003100 0.000002920 0.000001920 0.000002370 0.000001330 0.000001340 0.000001270 0.000000210 0.000000490 0.000000250 0.000000000 0.000000660 0.000002270 0.000003250 0.000003110 0.000002910 0.000002690 0.000003020 0.000002800 0.000001900 0.000003340 0.000003350 0.000003470 0.000003360 0.000003480 0.000003180 0.000003600 0.000003300 0.000003260 0.000004680 
21     0.000003350 0.000003360 0.000003560 0.000002650 0.000002910 0.000003070 0.000003130 0.000003430 0.000002910 0.000003220 0.000002880 0.000002890 0.000003140 0.000002810 0.000002890 0.000002810 0.000003550 0.000003190 0.000003330 0.000002910 0.000003150 0.000003160 0.000002980 0.000001980 0.000002380 0.000001390 0.000001400 0.000001330 0.000000670 0.000001040 0.000000710 0.000000660 0.000000000 0.000002330 0.000003310 0.000003170 0.000002970 0.000002750 0.000003080 0.000002860 0.000001960 0.000003400 0.000003350 0.000003470 0.000003420 0.000003540 0.000003240 0.000003660 0.000003360 0.000003320 0.000004680 
2     0.000003020 0.000003030 0.000003230 0.000002320 0.000002580 0.000002740 0.000002800 0.000003100 0.000002580 0.000002890 0.000002550 0.000002560 0.000002810 0.000002480 0.000002560 0.000002480 0.000003220 0.000002860 0.000003000 0.000002580 0.000002640 0.000002830 0.000002650 0.000001750 0.000002640 0.000002300 0.000002310 0.000002240 0.000002280 0.000002650 0.000002320 0.000002270 0.000002330 0.000000000 0.000001330 0.000001170 0.000001480 0.000002420 0.000002750 0.000002530 0.000001630 0.000002400 0.000002150 0.000002270 0.000003090 0.000003210 0.000002910 0.000003330 0.000003030 0.000002990 0.000003680 
6     0.000004000 0.000004010 0.000004190 0.000003300 0.000003560 0.000003720 0.000003780 0.000004080 0.000003560 0.000003870 0.000003530 0.000003540 0.000003790 0.000003460 0.000003540 0.000003460 0.000004200 0.000003840 0.000003980 0.000003560 0.000001180 0.000003810 0.000003630 0.000002640 0.000002510 0.000003280 0.000003290 0.000003220 0.000003260 0.000003540 0.000003300 0.000003250 0.000003310 0.000001330 0.000000000 0.000000440 0.000000260 0.000003400 0.000003730 0.000003510 0.000002610 0.000002270 0.000002020 0.000002140 0.000004060 0.000004190 0.000003590 0.000004030 0.000003490 0.000003770 0.000003550 
11     0.000003860 0.000003870 0.000004030 0.000003160 0.000003420 0.000003580 0.000003640 0.000003940 0.000003420 0.000003730 0.000003390 0.000003400 0.000003650 0.000003320 0.000003400 0.000003320 0.000004060 0.000003700 0.000003840 0.000003420 0.000001020 0.000003670 0.000003490 0.000002480 0.000002350 0.000003140 0.000003150 0.000003080 0.000003120 0.000003380 0.000003160 0.000003110 0.000003170 0.000001170 0.000000440 0.000000000 0.000000840 0.000003260 0.000003590 0.000003370 0.000002470 0.000002110 0.000001860 0.000001980 0.000003900 0.000004050 0.000003430 0.000003870 0.000003330 0.000003610 0.000003390 
27     0.000003660 0.000003670 0.000003870 0.000002960 0.000003220 0.000003380 0.000003440 0.000003740 0.000003220 0.000003530 0.000003190 0.000003200 0.000003450 0.000003120 0.000003200 0.000003120 0.000003860 0.000003500 0.000003640 0.000003220 0.000000620 0.000003470 0.000003290 0.000002390 0.000002540 0.000002940 0.000002950 0.000002880 0.000002920 0.000003290 0.000002960 0.000002910 0.000002970 0.000001480 0.000000260 0.000000840 0.000000000 0.000003060 0.000003390 0.000003170 0.000002270 0.000002300 0.000002050 0.000002170 0.000003730 0.000003850 0.000003550 0.000003970 0.000003520 0.000003630 0.000003580 
39     0.000003140 0.000003150 0.000003350 0.000002440 0.000002700 0.000002860 0.000002920 0.000003220 0.000002700 0.000003010 0.000002670 0.000002680 0.000002930 0.000002600 0.000002680 0.000002600 0.000003340 0.000002980 0.000003120 0.000002700 0.000003240 0.000002950 0.000002770 0.000002170 0.000003080 0.000002720 0.000002730 0.000002660 0.000002700 0.000003070 0.000002740 0.000002690 0.000002750 0.000002420 0.000003400 0.000003260 0.000003060 0.000000000 0.000001650 0.000001430 0.000001910 0.000003190 0.000003270 0.000003440 0.000003210 0.000003330 0.000003030 0.000003450 0.000003150 0.000003110 0.000005400 
32     0.000003470 0.000003480 0.000003680 0.000002770 0.000003030 0.000003190 0.000003250 0.000003550 0.000003030 0.000003340 0.000003000 0.000003010 0.000003260 0.000002930 0.000003010 0.000002930 0.000003670 0.000003310 0.000003450 0.000003030 0.000003570 0.000003280 0.000003100 0.000002500 0.000003410 0.000003050 0.000003060 0.000002990 0.000003030 0.000003400 0.000003070 0.000003020 0.000003080 0.000002750 0.000003730 0.000003590 0.000003390 0.000001650 0.000000000 0.000001140 0.000002240 0.000003520 0.000003600 0.000003770 0.000003540 0.000003660 0.000003360 0.000003780 0.000003480 0.000003440 0.000004300 
16     0.000003250 0.000003260 0.000003460 0.000002550 0.000002810 0.000002970 0.000003030 0.000003330 0.000002810 0.000003120 0.000002780 0.000002790 0.000003040 0.000002710 0.000002790 0.000002710 0.000003450 0.000003090 0.000003230 0.000002810 0.000003350 0.000003060 0.000002880 0.000002280 0.000003190 0.000002830 0.000002840 0.000002770 0.000002810 0.000003180 0.000002850 0.000002800 0.000002860 0.000002530 0.000003510 0.000003370 0.000003170 0.000001430 0.000001140 0.000000000 0.000002020 0.000003300 0.000003380 0.000003550 0.000003320 0.000003440 0.000003140 0.000003560 0.000003260 0.000003220 0.000003940 
33     0.000002510 0.000002520 0.000002720 0.000001810 0.000002070 0.000002230 0.000002290 0.000002590 0.000002070 0.000002380 0.000002040 0.000002050 0.000002300 0.000001970 0.000002050 0.000001970 0.000002710 0.000002350 0.000002490 0.000002070 0.000002450 0.000002320 0.000002140 0.000001380 0.000002290 0.000001930 0.000001940 0.000001870 0.000001910 0.000002280 0.000001950 0.000001900 0.000001960 0.000001630 0.000002610 0.000002470 0.000002270 0.000001910 0.000002240 0.000002020 0.000000000 0.000002560 0.000002640 0.000002810 0.000002580 0.000002700 0.000002400 0.000002820 0.000002520 0.000002480 0.000004070 
49     0.000003310 0.000003320 0.000003520 0.000002610 0.000002870 0.000003070 0.000003130 0.000003430 0.000002910 0.000003220 0.000002880 0.000002890 0.000003140 0.000002810 0.000002890 0.000002810 0.000003550 0.000003190 0.000003330 0.000002910 0.000003890 0.000003160 0.000002980 0.000002590 0.000002500 0.000003370 0.000003320 0.000003310 0.000003350 0.000003530 0.000003390 0.000003340 0.000003400 0.000002400 0.000002270 0.000002110 0.000002300 0.000003190 0.000003520 0.000003300 0.000002560 0.000000000 0.000000860 0.000001030 0.000002480 0.000002600 0.000002300 0.000002720 0.000002420 0.000002380 0.000003540 
43     0.000003390 0.000003400 0.000003600 0.000002690 0.000002950 0.000003150 0.000003210 0.000003510 0.000002990 0.000003300 0.000002960 0.000002970 0.000003220 0.000002890 0.000002970 0.000002890 0.000003630 0.000003270 0.000003410 0.000002990 0.000003970 0.000003240 0.000003060 0.000002340 0.000002250 0.000003260 0.000003070 0.000003300 0.000003150 0.000003280 0.000003270 0.000003350 0.000003350 0.000002150 0.000002020 0.000001860 0.000002050 0.000003270 0.000003600 0.000003380 0.000002640 0.000000860 0.000000000 0.000000590 0.000002560 0.000002680 0.000002380 0.000002800 0.000002500 0.000002460 0.000003290 
46     0.000003560 0.000003570 0.000003770 0.000002860 0.000003120 0.000003320 0.000003380 0.000003680 0.000003160 0.000003470 0.000003130 0.000003140 0.000003390 0.000003060 0.000003140 0.000003060 0.000003800 0.000003440 0.000003580 0.000003160 0.000004140 0.000003410 0.000003230 0.000002460 0.000002370 0.000003380 0.000003190 0.000003420 0.000003270 0.000003400 0.000003390 0.000003470 0.000003470 0.000002270 0.000002140 0.000001980 0.000002170 0.000003440 0.000003770 0.000003550 0.000002810 0.000001030 0.000000590 0.000000000 0.000002730 0.000002850 0.000002550 0.000002970 0.000002670 0.000002630 0.000003410 
42     0.000003330 0.000003340 0.000003390 0.000002620 0.000002890 0.000003090 0.000003150 0.000003450 0.000002930 0.000003240 0.000002900 0.000002910 0.000003160 0.000002830 0.000002870 0.000002830 0.000003420 0.000003210 0.000003350 0.000002930 0.000003910 0.000003180 0.000003000 0.000002840 0.000003750 0.000003390 0.000003400 0.000003330 0.000003370 0.000003740 0.000003410 0.000003360 0.000003420 0.000003090 0.000004060 0.000003900 0.000003730 0.000003210 0.000003540 0.000003320 0.000002580 0.000002480 0.000002560 0.000002730 0.000000000 0.000002460 0.000002160 0.000002580 0.000002280 0.000002240 0.000002690 
45     0.000003450 0.000003460 0.000003660 0.000002750 0.000003010 0.000003210 0.000003270 0.000003570 0.000003050 0.000003360 0.000003020 0.000003030 0.000003280 0.000002950 0.000003030 0.000002950 0.000003690 0.000003330 0.000003470 0.000003050 0.000004030 0.000003300 0.000003120 0.000002960 0.000003870 0.000003510 0.000003520 0.000003450 0.000003490 0.000003860 0.000003530 0.000003480 0.000003540 0.000003210 0.000004190 0.000004050 0.000003850 0.000003330 0.000003660 0.000003440 0.000002700 0.000002600 0.000002680 0.000002850 0.000002460 0.000000000 0.000001520 0.000001460 0.000001880 0.000001840 0.000003520 
47     0.000003150 0.000003160 0.000002900 0.000002130 0.000002710 0.000002910 0.000002970 0.000003270 0.000002750 0.000003060 0.000002720 0.000002730 0.000002980 0.000002650 0.000002500 0.000002650 0.000003050 0.000003030 0.000003170 0.000002750 0.000003730 0.000003000 0.000002820 0.000002660 0.000003570 0.000003210 0.000003220 0.000003150 0.000003190 0.000003560 0.000003230 0.000003180 0.000003240 0.000002910 0.000003590 0.000003430 0.000003550 0.000003030 0.000003360 0.000003140 0.000002400 0.000002300 0.000002380 0.000002550 0.000002160 0.000001520 0.000000000 0.000001420 0.000001300 0.000001540 0.000002280 
48     0.000003570 0.000003580 0.000003340 0.000002570 0.000003130 0.000003330 0.000003390 0.000003690 0.000003170 0.000003480 0.000003140 0.000003150 0.000003400 0.000003070 0.000002940 0.000003070 0.000003490 0.000003450 0.000003590 0.000003170 0.000004150 0.000003420 0.000003240 0.000003080 0.000003990 0.000003630 0.000003640 0.000003570 0.000003610 0.000003980 0.000003650 0.000003600 0.000003660 0.000003330 0.000004030 0.000003870 0.000003970 0.000003450 0.000003780 0.000003560 0.000002820 0.000002720 0.000002800 0.000002970 0.000002580 0.000001460 0.000001420 0.000000000 0.000001740 0.000001960 0.000002720 
44     0.000003270 0.000003280 0.000002800 0.000002030 0.000002830 0.000003030 0.000003090 0.000003240 0.000002870 0.000003180 0.000002840 0.000002850 0.000003100 0.000002770 0.000002400 0.000002770 0.000002950 0.000003150 0.000003290 0.000002870 0.000003850 0.000003120 0.000002940 0.000002780 0.000003520 0.000003330 0.000003340 0.000003270 0.000003310 0.000003680 0.000003350 0.000003300 0.000003360 0.000003030 0.000003490 0.000003330 0.000003520 0.000003150 0.000003480 0.000003260 0.000002520 0.000002420 0.000002500 0.000002670 0.000002280 0.000001880 0.000001300 0.000001740 0.000000000 0.000000180 0.000002180 
50     0.000003230 0.000003240 0.000003080 0.000002310 0.000002790 0.000002990 0.000003050 0.000003350 0.000002830 0.000003140 0.000002800 0.000002810 0.000003060 0.000002730 0.000002680 0.000002730 0.000003230 0.000003110 0.000003250 0.000002830 0.000003810 0.000003080 0.000002900 0.000002740 0.000003650 0.000003290 0.000003300 0.000003230 0.000003270 0.000003640 0.000003310 0.000003260 0.000003320 0.000002990 0.000003770 0.000003610 0.000003630 0.000003110 0.000003440 0.000003220 0.000002480 0.000002380 0.000002460 0.000002630 0.000002240 0.000001840 0.000001540 0.000001960 0.000000180 0.000000000 0.000002460 
0     0.000003410 0.000003390 0.000002880 0.000002110 0.000003300 0.000003410 0.000003130 0.000003240 0.000003330 0.000003380 0.000003410 0.000003470 0.000003570 0.000003030 0.000002400 0.000003700 0.000002950 0.000003690 0.000003870 0.000003180 0.000003870 0.000003140 0.000003150 0.000003910 0.000003580 0.000004590 0.000004400 0.000004630 0.000004480 0.000004610 0.000004600 0.000004680 0.000004680 0.000003680 0.000003550 0.000003390 0.000003580 0.000005400 0.000004300 0.000003940 0.000004070 0.000003540 0.000003290 0.000003410 0.000002690 0.000003520 0.000002280 0.000002720 0.000002180 0.000002460 0.000000000 
