51
1     0.000000000 0.011445248 0.009128315 0.012781181 0.013734838 0.013853467 0.008420985 0.011360332 0.011311733 0.008413999 0.008569532 0.008538154 0.009848671 0.009980277 0.009998738 0.007747682 0.009094982 0.008290471 0.008384033 0.008332838 0.011320887 0.011258598 0.007845686 0.007841829 0.009699345 0.009155653 0.009418049 0.008356106 0.010337553 0.010631537 0.010341247 0.010452531 0.011481603 0.009545214 0.009968903 0.010395957 0.012453931 0.011665760 0.010956155 0.010971338 0.011222161 0.010527189 0.010725266 0.010791461 0.010586135 0.010728727 0.010933290 0.010768226 0.011382534 0.012314316 0.010733630 
23     0.011445248 0.000000000 0.008311146 0.016595899 0.017561432 0.017669131 0.012451762 0.015305416 0.015303231 0.012338614 0.012565724 0.012411350 0.013859916 0.013756234 0.013784627 0.011697890 0.012950823 0.012109239 0.012164654 0.012340976 0.015524055 0.015452958 0.011824352 0.011825249 0.013686292 0.013483506 0.013626290 0.012587712 0.014738241 0.014948289 0.014765557 0.014833245 0.015902957 0.013819772 0.014215025 0.014674067 0.016584617 0.015848328 0.015058196 0.015079693 0.015446479 0.014908256 0.015098124 0.015141758 0.014985554 0.015119452 0.015349679 0.014870189 0.015571372 0.016500568 0.015489241 
22     0.009128315 0.008311146 0.000000000 0.014103383 0.015088013 0.015197907 0.010153034 0.012949429 0.012926951 0.009954018 0.010182527 0.010073560 0.011530124 0.011430644 0.011447627 0.009325392 0.010665134 0.009811394 0.009893272 0.009929725 0.013056100 0.012951155 0.009367036 0.009365898 0.011287261 0.010979024 0.011109575 0.010161402 0.012289525 0.012507139 0.012225782 0.012302485 0.013335478 0.011378615 0.011772915 0.012134051 0.014197268 0.013428574 0.012704257 0.012725886 0.012997254 0.012344449 0.012598197 0.012637509 0.012447657 0.012611891 0.012834233 0.012556276 0.013150101 0.014208553 0.013074937 
45     0.012781181 0.016595899 0.014103383 0.000000000 0.007181399 0.007362349 0.013691585 0.016606863 0.016560290 0.013646087 0.013790415 0.013679407 0.015151379 0.015112302 0.015140306 0.012859532 0.014273181 0.013388057 0.013422020 0.013640666 0.016577624 0.016478458 0.012940098 0.012944363 0.015032027 0.014486434 0.014667762 0.013804195 0.015739517 0.015826730 0.015709505 0.015794690 0.016852374 0.014673975 0.015399636 0.015644536 0.017668978 0.017090205 0.016341439 0.016394667 0.016614476 0.015821506 0.016097517 0.016114677 0.015826551 0.016029500 0.016270996 0.016040407 0.016788233 0.017803862 0.016461942 
46     0.013734838 0.017561432 0.015088013 0.007181399 0.000000000 0.002918184 0.014428958 0.017496539 0.017488825 0.014564033 0.014699263 0.014593291 0.016115622 0.015974887 0.015992726 0.013738378 0.015195116 0.014251847 0.014297567 0.014566113 0.017477095 0.017411551 0.013971863 0.013970849 0.015961609 0.015414941 0.015624793 0.014781866 0.016618102 0.016796139 0.016567940 0.016660427 0.017777538 0.015654300 0.016360043 0.016647066 0.018695664 0.018056636 0.017270259 0.017326722 0.017599066 0.016869543 0.017120649 0.017159081 0.016799874 0.017013395 0.017276650 0.017025737 0.017837883 0.018953313 0.017432902 
34     0.013853467 0.017669131 0.015197907 0.007362349 0.002918184 0.000000000 0.014593051 0.017630576 0.017615697 0.014718274 0.014864523 0.014754218 0.016245136 0.016132145 0.016149705 0.013893043 0.015305388 0.014417666 0.014464677 0.014669588 0.017670433 0.017585094 0.014102917 0.014102356 0.016080626 0.015541243 0.015754378 0.014891075 0.016764600 0.016939094 0.016690365 0.016774552 0.017926522 0.015808418 0.016478151 0.016771401 0.018820587 0.018197074 0.017419926 0.017476389 0.017738452 0.016994797 0.017244767 0.017280317 0.016940446 0.017149076 0.017401233 0.017215807 0.017942417 0.019088375 0.017564649 
14     0.008420985 0.012451762 0.010153034 0.013691585 0.014428958 0.014593051 0.000000000 0.008112565 0.008187684 0.008143524 0.008289876 0.008194883 0.009672707 0.009674533 0.009699084 0.007384550 0.008621066 0.007976923 0.008084308 0.009011420 0.012178208 0.012073019 0.008721005 0.008728078 0.010697905 0.010339363 0.010439481 0.009661898 0.011718226 0.011739285 0.011383933 0.011514546 0.012614707 0.010645698 0.011184651 0.011744926 0.013556177 0.012811677 0.012047109 0.012050030 0.012309333 0.011681932 0.011894531 0.011979663 0.011744673 0.011899807 0.012116385 0.011859837 0.012524197 0.013517525 0.012378038 
40     0.011360332 0.015305416 0.012949429 0.016606863 0.017496539 0.017630576 0.008112565 0.000000000 0.005478571 0.010971326 0.011132316 0.011066836 0.012479000 0.012529353 0.012553592 0.010313535 0.011591331 0.010834599 0.010909423 0.011870578 0.015213769 0.015126919 0.011550698 0.011555168 0.013503564 0.013177489 0.013427447 0.012493019 0.014618049 0.014556286 0.014253171 0.014347741 0.015416927 0.013511038 0.014097955 0.014556809 0.016198383 0.015306362 0.014597527 0.014606162 0.014854944 0.014514502 0.014739723 0.014800152 0.014653852 0.014791443 0.015001547 0.014691646 0.015267305 0.016140573 0.015086021 
37     0.011311733 0.015303231 0.012926951 0.016560290 0.017488825 0.017615697 0.008187684 0.005478571 0.000000000 0.010989922 0.011147535 0.010996121 0.012468328 0.012509880 0.012549011 0.010289795 0.011509275 0.010819668 0.010896007 0.011823448 0.015147548 0.015068942 0.011608319 0.011613037 0.013588256 0.013083772 0.013406257 0.012465157 0.014541533 0.014573999 0.014330944 0.014406968 0.015457164 0.013533077 0.014150687 0.014651634 0.016231331 0.015455140 0.014763881 0.014768219 0.015056500 0.014525711 0.014732435 0.014787535 0.014622484 0.014802969 0.015004732 0.014642430 0.015251984 0.016168313 0.015109171 
35     0.008413999 0.012338614 0.009954018 0.013646087 0.014564033 0.014718274 0.008143524 0.010971326 0.010989922 0.000000000 0.002058304 0.003619046 0.005251902 0.008981681 0.009016317 0.006859687 0.008089660 0.007260154 0.007354323 0.008981013 0.012156687 0.012070375 0.008532227 0.008543684 0.010433550 0.010191090 0.010347516 0.009453824 0.011581126 0.011623906 0.011295317 0.011416611 0.012391302 0.010400478 0.011174486 0.011611711 0.013394011 0.012627579 0.011877068 0.011884751 0.012212149 0.011624601 0.011763680 0.011810147 0.011735697 0.011863413 0.012091859 0.011783762 0.012489199 0.013415287 0.012200520 
9     0.008569532 0.012565724 0.010182527 0.013790415 0.014699263 0.014864523 0.008289876 0.011132316 0.011147535 0.002058304 0.000000000 0.003820668 0.005374073 0.009172554 0.009207951 0.007016767 0.008163635 0.007396517 0.007489336 0.009094399 0.012309840 0.012232962 0.008667492 0.008677263 0.010580038 0.010349371 0.010484822 0.009602726 0.011707039 0.011880452 0.011508892 0.011624792 0.012605141 0.010586297 0.011331208 0.011773723 0.013574735 0.012781067 0.012046200 0.012048788 0.012387646 0.011723358 0.011852283 0.011886425 0.011830151 0.011950762 0.012190507 0.011896072 0.012606780 0.013522279 0.012267788 
16     0.008538154 0.012411350 0.010073560 0.013679407 0.014593291 0.014754218 0.008194883 0.011066836 0.010996121 0.003619046 0.003820668 0.000000000 0.005350936 0.009045458 0.009082210 0.006902198 0.008167767 0.007284173 0.007365966 0.008971245 0.012257451 0.012178146 0.008631346 0.008643000 0.010543070 0.010288059 0.010447484 0.009478996 0.011686521 0.011760196 0.011453755 0.011579234 0.012566467 0.010554869 0.011205159 0.011646146 0.013389641 0.012695872 0.011939272 0.011941933 0.012262007 0.011674264 0.011818326 0.011874774 0.011769676 0.011863611 0.012081579 0.011823798 0.012499506 0.013451451 0.012358243 
32     0.009848671 0.013859916 0.011530124 0.015151379 0.016115622 0.016245136 0.009672707 0.012479000 0.012468328 0.005251902 0.005374073 0.005350936 0.000000000 0.010513089 0.010545879 0.008315651 0.009552338 0.008785198 0.008903806 0.010428699 0.013745444 0.013629625 0.010081559 0.010092787 0.011927449 0.011769402 0.011893027 0.011008580 0.013079076 0.013179440 0.012892470 0.013003737 0.013956654 0.011955100 0.012626173 0.013111238 0.014919933 0.014186349 0.013412116 0.013418240 0.013739009 0.013229786 0.013387174 0.013431107 0.013355697 0.013439823 0.013667501 0.013295214 0.013961743 0.014905039 0.013638442 
50     0.009980277 0.013756234 0.011430644 0.015112302 0.015974887 0.016132145 0.009674533 0.012529353 0.012509880 0.008981681 0.009172554 0.009045458 0.010513089 0.000000000 0.001671138 0.006743783 0.008166668 0.007435664 0.007577537 0.010377704 0.013678208 0.013625104 0.010134555 0.010141521 0.012072282 0.011628036 0.011883685 0.010855799 0.013063873 0.013091230 0.012862964 0.012974339 0.014005639 0.012089539 0.012604847 0.013006091 0.014874391 0.014022936 0.013327091 0.013322947 0.013688807 0.013080962 0.013264962 0.013346056 0.013204005 0.013365626 0.013579543 0.013336506 0.013992783 0.014864500 0.013802437 
24     0.009998738 0.013784627 0.011447627 0.015140306 0.015992726 0.016149705 0.009699084 0.012553592 0.012549011 0.009016317 0.009207951 0.009082210 0.010545879 0.001671138 0.000000000 0.006763199 0.008214515 0.007459001 0.007612097 0.010405395 0.013697451 0.013644532 0.010175761 0.010182727 0.012108484 0.011656663 0.011896493 0.010879955 0.013086244 0.013116623 0.012879645 0.012991020 0.014033394 0.012118381 0.012628418 0.013012254 0.014888619 0.014037215 0.013348977 0.013345015 0.013701123 0.013122387 0.013305445 0.013387083 0.013235613 0.013388986 0.013610702 0.013358115 0.014043262 0.014915818 0.013823894 
47     0.007747682 0.011697890 0.009325392 0.012859532 0.013738378 0.013893043 0.007384550 0.010313535 0.010289795 0.006859687 0.007016767 0.006902198 0.008315651 0.006743783 0.006763199 0.000000000 0.005877495 0.005062819 0.005161673 0.008176485 0.011553843 0.011471714 0.007834805 0.007841693 0.009796933 0.009409797 0.009637795 0.008705723 0.010892066 0.010963967 0.010643664 0.010738671 0.011823819 0.009921702 0.010369669 0.010797822 0.012729210 0.011921065 0.011185906 0.011185954 0.011535196 0.010876414 0.011110675 0.011177512 0.010948241 0.011064973 0.011289755 0.011178101 0.011766916 0.012687326 0.011509354 
15     0.009094982 0.012950823 0.010665134 0.014273181 0.015195116 0.015305388 0.008621066 0.011591331 0.011509275 0.008089660 0.008163635 0.008167767 0.009552338 0.008166668 0.008214515 0.005877495 0.000000000 0.006233894 0.006361777 0.009570605 0.012874852 0.012802491 0.009292801 0.009299717 0.011276218 0.010920949 0.011122477 0.010170987 0.012184379 0.012295077 0.011995602 0.012078450 0.013172071 0.011222795 0.011818180 0.012246274 0.013999158 0.013262443 0.012547600 0.012554040 0.012901479 0.012227665 0.012430896 0.012491188 0.012356978 0.012473726 0.012737188 0.012533422 0.013168943 0.013964129 0.013009935 
28     0.008290471 0.012109239 0.009811394 0.013388057 0.014251847 0.014417666 0.007976923 0.010834599 0.010819668 0.007260154 0.007396517 0.007284173 0.008785198 0.007435664 0.007459001 0.005062819 0.006233894 0.000000000 0.001758975 0.008795464 0.012130010 0.012030591 0.008447345 0.008458063 0.010451264 0.010085885 0.010190571 0.009169747 0.011458810 0.011470060 0.011184415 0.011288609 0.012325722 0.010403244 0.010815527 0.011333644 0.013152074 0.012329984 0.011617611 0.011603931 0.011925666 0.011331725 0.011565246 0.011642937 0.011481023 0.011584530 0.011810867 0.011564487 0.012166048 0.013034471 0.012061494 
17     0.008384033 0.012164654 0.009893272 0.013422020 0.014297567 0.014464677 0.008084308 0.010909423 0.010896007 0.007354323 0.007489336 0.007365966 0.008903806 0.007577537 0.007612097 0.005161673 0.006361777 0.001758975 0.000000000 0.008844964 0.012197024 0.012095470 0.008497179 0.008504184 0.010518505 0.010153400 0.010261401 0.009233751 0.011526657 0.011593269 0.011269240 0.011376570 0.012441747 0.010460133 0.010929271 0.011457481 0.013336284 0.012513338 0.011808636 0.011796467 0.012115484 0.011476388 0.011690445 0.011764386 0.011649679 0.011758608 0.011978563 0.011712591 0.012374381 0.013288477 0.012152455 
43     0.008332838 0.012340976 0.009929725 0.013640666 0.014566113 0.014669588 0.009011420 0.011870578 0.011823448 0.008981013 0.009094399 0.008971245 0.010428699 0.010377704 0.010405395 0.008176485 0.009570605 0.008795464 0.008844964 0.000000000 0.012236666 0.012141135 0.008395425 0.008403381 0.010455640 0.009950206 0.010144769 0.009148948 0.011189701 0.011396105 0.011152098 0.011214637 0.012277733 0.010279888 0.011004882 0.011473936 0.013227880 0.012458580 0.011787901 0.011795702 0.011981020 0.011563046 0.011785934 0.011831714 0.011605878 0.011769877 0.011984066 0.011639757 0.012249553 0.013316096 0.012219996 
26     0.011320887 0.015524055 0.013056100 0.016577624 0.017477095 0.017670433 0.012178208 0.015213769 0.015147548 0.012156687 0.012309840 0.012257451 0.013745444 0.013678208 0.013697451 0.011553843 0.012874852 0.012130010 0.012197024 0.012236666 0.000000000 0.002424866 0.011172177 0.011176976 0.013110732 0.013314118 0.013531349 0.012469310 0.014731205 0.014857684 0.014472653 0.014583954 0.015689176 0.013678302 0.014370573 0.014743793 0.016310785 0.015626081 0.014902595 0.014913434 0.015184883 0.014538553 0.014654132 0.014735898 0.014567007 0.014792329 0.015046285 0.014889376 0.015422611 0.016345597 0.015187551 
3     0.011258598 0.015452958 0.012951155 0.016478458 0.017411551 0.017585094 0.012073019 0.015126919 0.015068942 0.012070375 0.012232962 0.012178146 0.013629625 0.013625104 0.013644532 0.011471714 0.012802491 0.012030591 0.012095470 0.012141135 0.002424866 0.000000000 0.011110550 0.011114878 0.013111511 0.013259927 0.013491411 0.012414425 0.014629211 0.014767657 0.014408300 0.014508722 0.015601265 0.013646028 0.014274289 0.014649161 0.016258817 0.015555177 0.014830082 0.014843523 0.015115756 0.014427077 0.014565095 0.014636956 0.014455573 0.014670211 0.014922342 0.014807407 0.015404355 0.016286330 0.015115724 
38     0.007845686 0.011824352 0.009367036 0.012940098 0.013971863 0.014102917 0.008721005 0.011550698 0.011608319 0.008532227 0.008667492 0.008631346 0.010081559 0.010134555 0.010175761 0.007834805 0.009292801 0.008447345 0.008497179 0.008395425 0.011172177 0.011110550 0.000000000 0.000378333 0.006785559 0.009603872 0.009681666 0.008911450 0.010970858 0.011106283 0.010811454 0.010888320 0.011911656 0.009986385 0.010461151 0.010905059 0.012727454 0.011918379 0.011279558 0.011291813 0.011586891 0.010993300 0.011179129 0.011221229 0.011079963 0.011256183 0.011483956 0.011198892 0.011869938 0.012818649 0.011726152 
7     0.007841829 0.011825249 0.009365898 0.012944363 0.013970849 0.014102356 0.008728078 0.011555168 0.011613037 0.008543684 0.008677263 0.008643000 0.010092787 0.010141521 0.010182727 0.007841693 0.009299717 0.008458063 0.008504184 0.008403381 0.011176976 0.011114878 0.000378333 0.000000000 0.006780913 0.009604809 0.009684574 0.008912374 0.010969487 0.011110377 0.010809756 0.010886622 0.011909659 0.009983024 0.010461478 0.010903941 0.012728076 0.011905032 0.011265879 0.011278134 0.011593336 0.010979339 0.011165287 0.011207388 0.011083022 0.011243573 0.011470283 0.011194234 0.011869781 0.012817370 0.011727990 
27     0.009699345 0.013686292 0.011287261 0.015032027 0.015961609 0.016080626 0.010697905 0.013503564 0.013588256 0.010433550 0.010580038 0.010543070 0.011927449 0.012072282 0.012108484 0.009796933 0.011276218 0.010451264 0.010518505 0.010455640 0.013110732 0.013111511 0.006785559 0.006780913 0.000000000 0.011545196 0.011672493 0.010823531 0.013072963 0.012940797 0.012707771 0.012746057 0.013803160 0.011869480 0.012439304 0.012922391 0.014667128 0.013990471 0.013296663 0.013313101 0.013599776 0.012989604 0.013103069 0.013155050 0.013044736 0.013240444 0.013445918 0.013232203 0.013889072 0.014850805 0.013556393 
2     0.009155653 0.013483506 0.010979024 0.014486434 0.015414941 0.015541243 0.010339363 0.013177489 0.013083772 0.010191090 0.010349371 0.010288059 0.011769402 0.011628036 0.011656663 0.009409797 0.010920949 0.010085885 0.010153400 0.009950206 0.013314118 0.013259927 0.009603872 0.009604809 0.011545196 0.000000000 0.007644647 0.006636249 0.010889033 0.012374800 0.012039309 0.012084363 0.013085671 0.011168596 0.011631422 0.012071645 0.013922634 0.013089923 0.012360575 0.012376109 0.012682347 0.012097861 0.012311201 0.012353276 0.012212288 0.012388316 0.012551777 0.012246288 0.013007476 0.013876113 0.012708991 
19     0.009418049 0.013626290 0.011109575 0.014667762 0.015624793 0.015754378 0.010439481 0.013427447 0.013406257 0.010347516 0.010484822 0.010447484 0.011893027 0.011883685 0.011896493 0.009637795 0.011122477 0.010190571 0.010261401 0.010144769 0.013531349 0.013491411 0.009681666 0.009684574 0.011672493 0.007644647 0.000000000 0.006196583 0.011052992 0.012451757 0.012091730 0.012154100 0.013166302 0.011296427 0.011637292 0.012125172 0.014175504 0.013396168 0.012675009 0.012696331 0.012963099 0.012329666 0.012543505 0.012607511 0.012459470 0.012627129 0.012805886 0.012518751 0.013273131 0.014157278 0.012982273 
48     0.008356106 0.012587712 0.010161402 0.013804195 0.014781866 0.014891075 0.009661898 0.012493019 0.012465157 0.009453824 0.009602726 0.009478996 0.011008580 0.010855799 0.010879955 0.008705723 0.010170987 0.009169747 0.009233751 0.009148948 0.012469310 0.012414425 0.008911450 0.008912374 0.010823531 0.006636249 0.006196583 0.000000000 0.010131025 0.011558329 0.011230206 0.011273162 0.012303487 0.010444085 0.010895742 0.011266389 0.013151355 0.012385807 0.011708394 0.011710087 0.011945918 0.011349674 0.011586356 0.011640257 0.011446660 0.011635140 0.011830540 0.011614126 0.012194692 0.013115122 0.012009045 
41     0.010337553 0.014738241 0.012289525 0.015739517 0.016618102 0.016764600 0.011718226 0.014618049 0.014541533 0.011581126 0.011707039 0.011686521 0.013079076 0.013063873 0.013086244 0.010892066 0.012184379 0.011458810 0.011526657 0.011189701 0.014731205 0.014629211 0.010970858 0.010969487 0.013072963 0.010889033 0.011052992 0.010131025 0.000000000 0.013398362 0.013130593 0.013253559 0.014282932 0.012409280 0.012841152 0.013167144 0.015286290 0.014448857 0.013807389 0.013820713 0.014126714 0.013385721 0.013598662 0.013678687 0.013555998 0.013691544 0.013948888 0.013545440 0.014242894 0.015165113 0.014180807 
33     0.010631537 0.014948289 0.012507139 0.015826730 0.016796139 0.016939094 0.011739285 0.014556286 0.014573999 0.011623906 0.011880452 0.011760196 0.013179440 0.013091230 0.013116623 0.010963967 0.012295077 0.011470060 0.011593269 0.011396105 0.014857684 0.014767657 0.011106283 0.011110377 0.012940797 0.012374800 0.012451757 0.011558329 0.013398362 0.000000000 0.008144088 0.008189546 0.009168578 0.008592786 0.012255451 0.012812040 0.015436781 0.014576080 0.013857293 0.013903412 0.014092842 0.013415195 0.013555861 0.013623212 0.013503442 0.013677030 0.013878987 0.013482684 0.014433759 0.015196996 0.014397746 
29     0.010341247 0.014765557 0.012225782 0.015709505 0.016567940 0.016690365 0.011383933 0.014253171 0.014330944 0.011295317 0.011508892 0.011453755 0.012892470 0.012862964 0.012879645 0.010643664 0.011995602 0.011184415 0.011269240 0.011152098 0.014472653 0.014408300 0.010811454 0.010809756 0.012707771 0.012039309 0.012091730 0.011230206 0.013130593 0.008144088 0.000000000 0.001780975 0.005012316 0.008373299 0.011937480 0.012402094 0.015097165 0.014355425 0.013662847 0.013689218 0.013908850 0.013209173 0.013399488 0.013502380 0.013359680 0.013509331 0.013727528 0.013300096 0.014191868 0.014960880 0.014193006 
36     0.010452531 0.014833245 0.012302485 0.015794690 0.016660427 0.016774552 0.011514546 0.014347741 0.014406968 0.011416611 0.011624792 0.011579234 0.013003737 0.012974339 0.012991020 0.010738671 0.012078450 0.011288609 0.011376570 0.011214637 0.014583954 0.014508722 0.010888320 0.010886622 0.012746057 0.012084363 0.012154100 0.011273162 0.013253559 0.008189546 0.001780975 0.000000000 0.005036811 0.008432740 0.011995052 0.012477960 0.015122275 0.014384209 0.013673489 0.013698991 0.013928292 0.013290806 0.013447526 0.013550814 0.013415652 0.013569858 0.013788056 0.013392556 0.014255118 0.015013872 0.014296760 
5     0.011481603 0.015902957 0.013335478 0.016852374 0.017777538 0.017926522 0.012614707 0.015416927 0.015457164 0.012391302 0.012605141 0.012566467 0.013956654 0.014005639 0.014033394 0.011823819 0.013172071 0.012325722 0.012441747 0.012277733 0.015689176 0.015601265 0.011911656 0.011909659 0.013803160 0.013085671 0.013166302 0.012303487 0.014282932 0.009168578 0.005012316 0.005036811 0.000000000 0.009398042 0.013065793 0.013518360 0.016190044 0.015378497 0.014722155 0.014746691 0.014965189 0.014357985 0.014526081 0.014626131 0.014498582 0.014643572 0.014869733 0.014488866 0.015308877 0.016053008 0.015232487 
4     0.009545214 0.013819772 0.011378615 0.014673975 0.015654300 0.015808418 0.010645698 0.013511038 0.013533077 0.010400478 0.010586297 0.010554869 0.011955100 0.012089539 0.012118381 0.009921702 0.011222795 0.010403244 0.010460133 0.010279888 0.013678302 0.013646028 0.009986385 0.009983024 0.011869480 0.011168596 0.011296427 0.010444085 0.012409280 0.008592786 0.008373299 0.008432740 0.009398042 0.000000000 0.011112827 0.011634986 0.014313370 0.013494128 0.012833860 0.012885765 0.013023198 0.012410635 0.012568314 0.012659409 0.012523344 0.012667905 0.012914301 0.012336746 0.013374842 0.014128070 0.013139977 
21     0.009968903 0.014215025 0.011772915 0.015399636 0.016360043 0.016478151 0.011184651 0.014097955 0.014150687 0.011174486 0.011331208 0.011205159 0.012626173 0.012604847 0.012628418 0.010369669 0.011818180 0.010815527 0.010929271 0.011004882 0.014370573 0.014274289 0.010461151 0.010461478 0.012439304 0.011631422 0.011637292 0.010895742 0.012841152 0.012255451 0.011937480 0.011995052 0.013065793 0.011112827 0.000000000 0.004775523 0.014686903 0.013948282 0.013269046 0.013302366 0.013508323 0.012872846 0.013083536 0.013123806 0.012942109 0.013105906 0.013307524 0.012836702 0.013874815 0.014615374 0.013858975 
6     0.010395957 0.014674067 0.012134051 0.015644536 0.016647066 0.016771401 0.011744926 0.014556809 0.014651634 0.011611711 0.011773723 0.011646146 0.013111238 0.013006091 0.013012254 0.010797822 0.012246274 0.011333644 0.011457481 0.011473936 0.014743793 0.014649161 0.010905059 0.010903941 0.012922391 0.012071645 0.012125172 0.011266389 0.013167144 0.012812040 0.012402094 0.012477960 0.013518360 0.011634986 0.004775523 0.000000000 0.015120050 0.014400720 0.013663558 0.013688948 0.013928687 0.013261984 0.013451684 0.013482376 0.013322130 0.013493152 0.013699517 0.013306239 0.014222927 0.015116363 0.014287706 
10     0.012453931 0.016584617 0.014197268 0.017668978 0.018695664 0.018820587 0.013556177 0.016198383 0.016231331 0.013394011 0.013574735 0.013389641 0.014919933 0.014874391 0.014888619 0.012729210 0.013999158 0.013152074 0.013336284 0.013227880 0.016310785 0.016258817 0.012727454 0.012728076 0.014667128 0.013922634 0.014175504 0.013151355 0.015286290 0.015436781 0.015097165 0.015122275 0.016190044 0.014313370 0.014686903 0.015120050 0.000000000 0.008763254 0.007940658 0.007873232 0.008192964 0.012754558 0.012898597 0.013022403 0.012834879 0.012973966 0.013237562 0.013158714 0.014102993 0.014995651 0.016164992 
30     0.011665760 0.015848328 0.013428574 0.017090205 0.018056636 0.018197074 0.012811677 0.015306362 0.015455140 0.012627579 0.012781067 0.012695872 0.014186349 0.014022936 0.014037215 0.011921065 0.013262443 0.012329984 0.012513338 0.012458580 0.015626081 0.015555177 0.011918379 0.011905032 0.013990471 0.013089923 0.013396168 0.012385807 0.014448857 0.014576080 0.014355425 0.014384209 0.015378497 0.013494128 0.013948282 0.014400720 0.008763254 0.000000000 0.003834384 0.003722149 0.005396638 0.012083415 0.012272380 0.012390607 0.012213595 0.012333900 0.012596748 0.012702634 0.013449262 0.014278856 0.015347885 
25     0.010956155 0.015058196 0.012704257 0.016341439 0.017270259 0.017419926 0.012047109 0.014597527 0.014763881 0.011877068 0.012046200 0.011939272 0.013412116 0.013327091 0.013348977 0.011185906 0.012547600 0.011617611 0.011808636 0.011787901 0.014902595 0.014830082 0.011279558 0.011265879 0.013296663 0.012360575 0.012675009 0.011708394 0.013807389 0.013857293 0.013662847 0.013673489 0.014722155 0.012833860 0.013269046 0.013663558 0.007940658 0.003834384 0.000000000 0.001107041 0.004534614 0.011423744 0.011613782 0.011730527 0.011589357 0.011671572 0.011925459 0.011982078 0.012745498 0.013567421 0.014612501 
31     0.010971338 0.015079693 0.012725886 0.016394667 0.017326722 0.017476389 0.012050030 0.014606162 0.014768219 0.011884751 0.012048788 0.011941933 0.013418240 0.013322947 0.013345015 0.011185954 0.012554040 0.011603931 0.011796467 0.011795702 0.014913434 0.014843523 0.011291813 0.011278134 0.013313101 0.012376109 0.012696331 0.011710087 0.013820713 0.013903412 0.013689218 0.013698991 0.014746691 0.012885765 0.013302366 0.013688948 0.007873232 0.003722149 0.001107041 0.000000000 0.004454102 0.011420308 0.011609108 0.011727287 0.011590912 0.011668151 0.011922037 0.011972167 0.012746515 0.013563983 0.014644346 
18     0.011222161 0.015446479 0.012997254 0.016614476 0.017599066 0.017738452 0.012309333 0.014854944 0.015056500 0.012212149 0.012387646 0.012262007 0.013739009 0.013688807 0.013701123 0.011535196 0.012901479 0.011925666 0.012115484 0.011981020 0.015184883 0.015115756 0.011586891 0.011593336 0.013599776 0.012682347 0.012963099 0.011945918 0.014126714 0.014092842 0.013908850 0.013928292 0.014965189 0.013023198 0.013508323 0.013928687 0.008192964 0.005396638 0.004534614 0.004454102 0.000000000 0.011635922 0.011769644 0.011897962 0.011706819 0.011825284 0.012062629 0.012087756 0.013065501 0.013758410 0.014944156 
11     0.010527189 0.014908256 0.012344449 0.015821506 0.016869543 0.016994797 0.011681932 0.014514502 0.014525711 0.011624601 0.011723358 0.011674264 0.013229786 0.013080962 0.013122387 0.010876414 0.012227665 0.011331725 0.011476388 0.011563046 0.014538553 0.014427077 0.010993300 0.010979339 0.012989604 0.012097861 0.012329666 0.011349674 0.013385721 0.013415195 0.013209173 0.013290806 0.014357985 0.012410635 0.012872846 0.013261984 0.012754558 0.012083415 0.011423744 0.011420308 0.011635922 0.000000000 0.004201897 0.004256581 0.004273637 0.004483698 0.004664168 0.010563514 0.012325083 0.013050670 0.014249632 
44     0.010725266 0.015098124 0.012598197 0.016097517 0.017120649 0.017244767 0.011894531 0.014739723 0.014732435 0.011763680 0.011852283 0.011818326 0.013387174 0.013264962 0.013305445 0.011110675 0.012430896 0.011565246 0.011690445 0.011785934 0.014654132 0.014565095 0.011179129 0.011165287 0.013103069 0.012311201 0.012543505 0.011586356 0.013598662 0.013555861 0.013399488 0.013447526 0.014526081 0.012568314 0.013083536 0.013451684 0.012898597 0.012272380 0.011613782 0.011609108 0.011769644 0.004201897 0.000000000 0.001816115 0.004095128 0.004218783 0.004504584 0.010744038 0.012472207 0.013333352 0.014400788 
42     0.010791461 0.015141758 0.012637509 0.016114677 0.017159081 0.017280317 0.011979663 0.014800152 0.014787535 0.011810147 0.011886425 0.011874774 0.013431107 0.013346056 0.013387083 0.011177512 0.012491188 0.011642937 0.011764386 0.011831714 0.014735898 0.014636956 0.011221229 0.011207388 0.013155050 0.012353276 0.012607511 0.011640257 0.013678687 0.013623212 0.013502380 0.013550814 0.014626131 0.012659409 0.013123806 0.013482376 0.013022403 0.012390607 0.011730527 0.011727287 0.011897962 0.004256581 0.001816115 0.000000000 0.004193686 0.004291995 0.004615649 0.010789610 0.012528659 0.013362476 0.014437025 
13     0.010586135 0.014985554 0.012447657 0.015826551 0.016799874 0.016940446 0.011744673 0.014653852 0.014622484 0.011735697 0.011830151 0.011769676 0.013355697 0.013204005 0.013235613 0.010948241 0.012356978 0.011481023 0.011649679 0.011605878 0.014567007 0.014455573 0.011079963 0.011083022 0.013044736 0.012212288 0.012459470 0.011446660 0.013555998 0.013503442 0.013359680 0.013415652 0.014498582 0.012523344 0.012942109 0.013322130 0.012834879 0.012213595 0.011589357 0.011590912 0.011706819 0.004273637 0.004095128 0.004193686 0.000000000 0.002694871 0.002886678 0.010687622 0.012470356 0.013280177 0.014374399 
8     0.010728727 0.015119452 0.012611891 0.016029500 0.017013395 0.017149076 0.011899807 0.014791443 0.014802969 0.011863413 0.011950762 0.011863611 0.013439823 0.013365626 0.013388986 0.011064973 0.012473726 0.011584530 0.011758608 0.011769877 0.014792329 0.014670211 0.011256183 0.011243573 0.013240444 0.012388316 0.012627129 0.011635140 0.013691544 0.013677030 0.013509331 0.013569858 0.014643572 0.012667905 0.013105906 0.013493152 0.012973966 0.012333900 0.011671572 0.011668151 0.011825284 0.004483698 0.004218783 0.004291995 0.002694871 0.000000000 0.002111432 0.010818188 0.012631765 0.013404412 0.014512459 
20     0.010933290 0.015349679 0.012834233 0.016270996 0.017276650 0.017401233 0.012116385 0.015001547 0.015004732 0.012091859 0.012190507 0.012081579 0.013667501 0.013579543 0.013610702 0.011289755 0.012737188 0.011810867 0.011978563 0.011984066 0.015046285 0.014922342 0.011483956 0.011470283 0.013445918 0.012551777 0.012805886 0.011830540 0.013948888 0.013878987 0.013727528 0.013788056 0.014869733 0.012914301 0.013307524 0.013699517 0.013237562 0.012596748 0.011925459 0.011922037 0.012062629 0.004664168 0.004504584 0.004615649 0.002886678 0.002111432 0.000000000 0.011028850 0.012831957 0.013667741 0.014746190 
39     0.010768226 0.014870189 0.012556276 0.016040407 0.017025737 0.017215807 0.011859837 0.014691646 0.014642430 0.011783762 0.011896072 0.011823798 0.013295214 0.013336506 0.013358115 0.011178101 0.012533422 0.011564487 0.011712591 0.011639757 0.014889376 0.014807407 0.011198892 0.011194234 0.013232203 0.012246288 0.012518751 0.011614126 0.013545440 0.013482684 0.013300096 0.013392556 0.014488866 0.012336746 0.012836702 0.013306239 0.013158714 0.012702634 0.011982078 0.011972167 0.012087756 0.010563514 0.010744038 0.010789610 0.010687622 0.010818188 0.011028850 0.000000000 0.012813641 0.013498889 0.014340759 
49     0.011382534 0.015571372 0.013150101 0.016788233 0.017837883 0.017942417 0.012524197 0.015267305 0.015251984 0.012489199 0.012606780 0.012499506 0.013961743 0.013992783 0.014043262 0.011766916 0.013168943 0.012166048 0.012374381 0.012249553 0.015422611 0.015404355 0.011869938 0.011869781 0.013889072 0.013007476 0.013273131 0.012194692 0.014242894 0.014433759 0.014191868 0.014255118 0.015308877 0.013374842 0.013874815 0.014222927 0.014102993 0.013449262 0.012745498 0.012746515 0.013065501 0.012325083 0.012472207 0.012528659 0.012470356 0.012631765 0.012831957 0.012813641 0.000000000 0.011990125 0.015196689 
12     0.012314316 0.016500568 0.014208553 0.017803862 0.018953313 0.019088375 0.013517525 0.016140573 0.016168313 0.013415287 0.013522279 0.013451451 0.014905039 0.014864500 0.014915818 0.012687326 0.013964129 0.013034471 0.013288477 0.013316096 0.016345597 0.016286330 0.012818649 0.012817370 0.014850805 0.013876113 0.014157278 0.013115122 0.015165113 0.015196996 0.014960880 0.015013872 0.016053008 0.014128070 0.014615374 0.015116363 0.014995651 0.014278856 0.013567421 0.013563983 0.013758410 0.013050670 0.013333352 0.013362476 0.013280177 0.013404412 0.013667741 0.013498889 0.011990125 0.000000000 0.015939744 
0     0.010733630 0.015489241 0.013074937 0.016461942 0.017432902 0.017564649 0.012378038 0.015086021 0.015109171 0.012200520 0.012267788 0.012358243 0.013638442 0.013802437 0.013823894 0.011509354 0.013009935 0.012061494 0.012152455 0.012219996 0.015187551 0.015115724 0.011726152 0.011727990 0.013556393 0.012708991 0.012982273 0.012009045 0.014180807 0.014397746 0.014193006 0.014296760 0.015232487 0.013139977 0.013858975 0.014287706 0.016164992 0.015347885 0.014612501 0.014644346 0.014944156 0.014249632 0.014400788 0.014437025 0.014374399 0.014512459 0.014746190 0.014340759 0.015196689 0.015939744 0.000000000 
