51
1     0.000000000 0.000097220 0.000143540 0.000361750 0.000109370 0.000164640 0.000267880 0.000269400 0.000363510 0.000033290 0.000358900 0.000354040 0.000365290 0.000273370 0.000336890 0.000159320 0.000462740 0.000075940 0.000029770 0.000021630 0.000254310 0.000011670 0.000215060 0.000179740 0.000369120 0.000009200 0.000347980 0.000003640 0.000406590 0.000799260 0.000616530 0.000190470 0.000605640 0.000032970 0.000072740 0.000014520 0.000007040 0.000234970 0.000420740 0.000450150 0.000049420 0.000014350 0.000105460 0.000021490 0.000024000 0.000128320 0.000490360 0.000451690 0.000581570 0.000000020 0.000013810 
23     0.000097220 0.000000000 0.000002390 0.000551910 0.000561920 0.000653030 0.000119040 0.000599820 0.001247740 0.000401180 0.000688870 0.000709230 0.001471290 0.000207040 0.000205940 0.000408540 0.000709590 0.000113830 0.000472540 0.000141310 0.000507310 0.000847610 0.000068280 0.000243400 0.000159240 0.000235670 0.000158990 0.000519850 0.000356820 0.000772800 0.001643970 0.001143620 0.000404310 0.000335370 0.000046210 0.000343820 0.000401420 0.000877000 0.000703560 0.000120480 0.000601440 0.000856240 0.000558310 0.000474340 0.000831570 0.000066840 0.000512990 0.000112570 0.000416970 0.000620880 0.000430660 
22     0.000143540 0.000002390 0.000000000 0.000183220 0.000316020 0.000180460 0.000141330 0.000236740 0.000168780 0.000343720 0.000326050 0.000158990 0.001155540 0.000490510 0.000207570 0.000397290 0.000359660 0.000337140 0.000167700 0.000320210 0.000361170 0.000190760 0.000181740 0.000158840 0.000425380 0.000252000 0.000355100 0.000034980 0.000379110 0.000420290 0.000895800 0.000930790 0.001090390 0.000335540 0.000068500 0.000434770 0.000402570 0.001684380 0.000404530 0.000363860 0.000203560 0.000443970 0.000566190 0.000485420 0.000460220 0.000496630 0.000465400 0.000315420 0.000218870 0.000358320 0.000075970 
45     0.000361750 0.000551910 0.000183220 0.000000000 0.000033790 0.000188330 0.000211400 0.000237910 0.000488840 0.001058920 0.000227530 0.000024790 0.000134590 0.000220460 0.000274770 0.000149050 0.000190640 0.000149830 0.000358720 0.000021930 0.000006070 0.000032000 0.000486030 0.000605370 0.000414850 0.000370950 0.000008460 0.000179510 0.000141810 0.000426830 0.000368490 0.000234660 0.000459960 0.000266060 0.000280650 0.000101370 0.000037740 0.001290730 0.000607760 0.000751260 0.001129990 0.000242770 0.000390490 0.000362220 0.000221460 0.000262170 0.000262190 0.000054880 0.000397630 0.000229870 0.000354540 
46     0.000109370 0.000561920 0.000316020 0.000033790 0.000000000 0.000000060 0.000661830 0.000777230 0.001375360 0.000588830 0.000238900 0.000434220 0.000304180 0.000114840 0.000680720 0.000169530 0.000306170 0.000442610 0.000283590 0.000149860 0.000048090 0.001595030 0.000035090 0.000039050 0.000914820 0.000023880 0.000436330 0.000030720 0.000464000 0.000290340 0.000878380 0.000788730 0.000379940 0.000121020 0.000664510 0.000939390 0.000546410 0.000070830 0.000911700 0.000866960 0.000138130 0.000192190 0.000193810 0.000109840 0.000127740 0.000619420 0.000697620 0.001386500 0.000860230 0.001197150 0.000102160 
34     0.000164640 0.000653030 0.000180460 0.000188330 0.000000060 0.000000000 0.000082940 0.000733120 0.001466470 0.000732370 0.000389470 0.000709930 0.001283490 0.000748020 0.000801720 0.000476300 0.000233590 0.000694390 0.000738700 0.000240970 0.001274690 0.001939000 0.000341320 0.000040320 0.000462180 0.000209680 0.000076920 0.000323000 0.000025670 0.000993460 0.000825640 0.000642290 0.000510630 0.000212130 0.000498910 0.000513020 0.000822290 0.000561370 0.000697620 0.000929920 0.000107920 0.000488740 0.000284920 0.000200950 0.000490750 0.000710530 0.000788730 0.001045730 0.000872310 0.000608500 0.000193270 
14     0.000267880 0.000119040 0.000141330 0.000211400 0.000661830 0.000082940 0.000000000 0.000041050 0.000036880 0.000769940 0.000671530 0.000394290 0.000212410 0.000261100 0.000250930 0.000032160 0.000012960 0.000000680 0.000199490 0.000138070 0.000747490 0.000048450 0.000348230 0.000236470 0.000740170 0.000087340 0.000166050 0.000072310 0.000246980 0.000346640 0.000210730 0.000191630 0.000400770 0.000388370 0.000125230 0.000136810 0.000567790 0.001100040 0.000308250 0.000307620 0.000718100 0.000135060 0.000581980 0.000573950 0.000173460 0.000287590 0.000011750 0.000328430 0.000413430 0.000057260 0.000315010 
40     0.000269400 0.000599820 0.000236740 0.000237910 0.000777230 0.000733120 0.000041050 0.000000000 0.000011330 0.000241740 0.000852240 0.000285920 0.000321420 0.000714900 0.000643820 0.000227680 0.000259320 0.000225260 0.000653990 0.000425350 0.000990430 0.000934260 0.000323970 0.000288630 0.000793690 0.000202860 0.000102270 0.000007960 0.001599290 0.000372950 0.000429080 0.000467430 0.000953630 0.000020700 0.000180340 0.000535300 0.000793820 0.001291060 0.000664770 0.000677450 0.000677660 0.001318270 0.000712190 0.000995760 0.000719180 0.001025060 0.000639160 0.001142100 0.000193160 0.000679420 0.000197790 
37     0.000363510 0.001247740 0.000168780 0.000488840 0.001375360 0.001466470 0.000036880 0.000011330 0.000000000 0.000736820 0.000643770 0.000328000 0.000795950 0.000279940 0.000318160 0.000112760 0.000387680 0.000758750 0.000348200 0.000438750 0.000229580 0.000379030 0.000382720 0.000331320 0.000733580 0.000581580 0.000372400 0.000031370 0.000119180 0.000820510 0.000298740 0.000058400 0.000055580 0.000565410 0.000121950 0.000370910 0.000844090 0.000763850 0.000341370 0.000323690 0.000295080 0.000807180 0.001062670 0.001232510 0.000441770 0.000763060 0.001143140 0.000907710 0.000774820 0.000972520 0.000164890 
35     0.000033290 0.000401180 0.000343720 0.001058920 0.000588830 0.000732370 0.000769940 0.000241740 0.000736820 0.000000000 0.000000460 0.000070650 0.000055430 0.000638600 0.000747510 0.000258020 0.000037090 0.000035070 0.000520030 0.000608870 0.000235400 0.000107730 0.000298810 0.000324430 0.000457590 0.000317750 0.000702490 0.000218000 0.000626620 0.000519160 0.000155560 0.000909060 0.000261240 0.000710220 0.000334440 0.000610930 0.000849530 0.001102710 0.000627190 0.000706400 0.000146500 0.000787670 0.000317890 0.000546940 0.000532390 0.000851450 0.000560060 0.000171080 0.000398250 0.000418240 0.000427100 
9     0.000358900 0.000688870 0.000326050 0.000227530 0.000238900 0.000389470 0.000671530 0.000852240 0.000643770 0.000000460 0.000000000 0.000106550 0.000086980 0.000465800 0.000721960 0.000453580 0.000034790 0.000032770 0.000275790 0.000284960 0.000185550 0.000099750 0.000293990 0.000322250 0.000754440 0.000677990 0.000646080 0.000000040 0.000859450 0.000553920 0.000855690 0.000641260 0.000590900 0.000272310 0.000520680 0.000323610 0.000702030 0.001118910 0.001048110 0.001162370 0.000673400 0.000326690 0.000315420 0.000451890 0.000625590 0.000438350 0.001382530 0.000131930 0.001055420 0.000929650 0.000539250 
16     0.000354040 0.000709230 0.000158990 0.000024790 0.000434220 0.000709930 0.000394290 0.000285920 0.000328000 0.000070650 0.000106550 0.000000000 0.000106060 0.000409870 0.000226860 0.000109810 0.000214510 0.000205570 0.000203440 0.000280250 0.000023130 0.001156590 0.000640850 0.000727990 0.000386700 0.000262860 0.000129880 0.000028730 0.000184570 0.000445880 0.000138790 0.000198690 0.000027640 0.000657910 0.000051720 0.000642940 0.000874130 0.001070370 0.000450150 0.000511320 0.000332180 0.000513330 0.000593880 0.000779680 0.000663640 0.000374610 0.000524680 0.000691850 0.000291210 0.000608670 0.000597080 
32     0.000365290 0.001471290 0.001155540 0.000134590 0.000304180 0.001283490 0.000212410 0.000321420 0.000795950 0.000055430 0.000086980 0.000106060 0.000000000 0.000024070 0.000024070 0.000017620 0.000142090 0.000188760 0.000121730 0.000173920 0.000906270 0.000284460 0.000753370 0.000641950 0.000758980 0.000358640 0.000005850 0.000930040 0.000747000 0.001357300 0.001106960 0.001145000 0.000599800 0.000555980 0.000157590 0.001156500 0.001230380 0.001602640 0.000453170 0.000467000 0.000900970 0.000311640 0.000418780 0.000738020 0.000284910 0.000690730 0.000754310 0.000353260 0.000459110 0.001553330 0.000053430 
50     0.000273370 0.000207040 0.000490510 0.000220460 0.000114840 0.000748020 0.000261100 0.000714900 0.000279940 0.000638600 0.000465800 0.000409870 0.000024070 0.000000000 0.000000180 0.000024440 0.000522260 0.000127240 0.000051640 0.000196010 0.000367090 0.000289240 0.000909990 0.000886240 0.000221680 0.000469470 0.000429700 0.000145330 0.000207550 0.000283730 0.000242030 0.001248390 0.000430390 0.000735700 0.000732750 0.000537670 0.001035880 0.000893200 0.000836580 0.000829440 0.000302870 0.000299840 0.000101710 0.001219320 0.000817990 0.000713190 0.000745970 0.000784560 0.000112950 0.000814840 0.000739780 
24     0.000336890 0.000205940 0.000207570 0.000274770 0.000680720 0.000801720 0.000250930 0.000643820 0.000318160 0.000747510 0.000721960 0.000226860 0.000024070 0.000000180 0.000000000 0.000026280 0.000376110 0.000129080 0.000068490 0.000265870 0.000539370 0.000766560 0.001051820 0.000703230 0.000186760 0.000444460 0.000356890 0.000006420 0.000024540 0.000219110 0.000327430 0.001406060 0.000247380 0.000353050 0.000916700 0.000459380 0.000265110 0.001045660 0.000653570 0.000646430 0.000119860 0.000406050 0.000377150 0.000665990 0.000748670 0.001067380 0.001264650 0.000748770 0.000091270 0.000631830 0.000229720 
47     0.000159320 0.000408540 0.000397290 0.000149050 0.000169530 0.000476300 0.000032160 0.000227680 0.000112760 0.000258020 0.000453580 0.000109810 0.000017620 0.000024440 0.000026280 0.000000000 0.000069560 0.000011050 0.000043770 0.000185400 0.000086840 0.000359760 0.000373990 0.000186420 0.000313360 0.000228020 0.000185110 0.000026400 0.000322060 0.000824560 0.000129600 0.000232240 0.000278370 0.000220640 0.000049840 0.000036760 0.000491340 0.000352470 0.000479450 0.000312870 0.000341950 0.000325210 0.000240210 0.000262830 0.000050900 0.000081880 0.000056950 0.000244710 0.000206440 0.000140740 0.000480550 
15     0.000462740 0.000709590 0.000359660 0.000190640 0.000306170 0.000233590 0.000012960 0.000259320 0.000387680 0.000037090 0.000034790 0.000214510 0.000142090 0.000522260 0.000376110 0.000069560 0.000000000 0.000000020 0.000076990 0.000215360 0.000362290 0.000295860 0.000279150 0.000269650 0.000994350 0.000390240 0.000913730 0.000000370 0.000120020 0.000367570 0.000412130 0.000568340 0.000589810 0.000286820 0.000244510 0.000446590 0.000536020 0.000866230 0.000183900 0.000215410 0.001051220 0.000119780 0.000422760 0.000589290 0.000640970 0.000820080 0.001030880 0.000967820 0.000025760 0.001097080 0.000201650 
28     0.000075940 0.000113830 0.000337140 0.000149830 0.000442610 0.000694390 0.000000680 0.000225260 0.000758750 0.000035070 0.000032770 0.000205570 0.000188760 0.000127240 0.000129080 0.000011050 0.000000020 0.000000000 0.000001500 0.000212450 0.000629530 0.000253060 0.000279370 0.000121490 0.000310410 0.000187560 0.000263300 0.000009330 0.000226610 0.000822610 0.000278490 0.000307570 0.000387100 0.000472520 0.000263600 0.000997500 0.000820020 0.000816280 0.000177850 0.000095100 0.000457820 0.000048050 0.000184710 0.000541000 0.000412170 0.000501880 0.000630520 0.000133920 0.000577380 0.000323920 0.000372370 
17     0.000029770 0.000472540 0.000167700 0.000358720 0.000283590 0.000738700 0.000199490 0.000653990 0.000348200 0.000520030 0.000275790 0.000203440 0.000121730 0.000051640 0.000068490 0.000043770 0.000076990 0.000001500 0.000000000 0.000247140 0.000099120 0.000149020 0.000435260 0.000429610 0.000132110 0.000241750 0.000121400 0.000150770 0.000167100 0.000852020 0.000115830 0.000741060 0.001171240 0.000682480 0.000602140 0.000993880 0.000733330 0.000579780 0.000638060 0.000590480 0.000102450 0.000195100 0.000347300 0.000142880 0.000390240 0.000990110 0.000601160 0.000255280 0.000517920 0.000527180 0.000818880 
43     0.000021630 0.000141310 0.000320210 0.000021930 0.000149860 0.000240970 0.000138070 0.000425350 0.000438750 0.000608870 0.000284960 0.000280250 0.000173920 0.000196010 0.000265870 0.000185400 0.000215360 0.000212450 0.000247140 0.000000000 0.001284650 0.000132030 0.000127160 0.000105860 0.000044620 0.000070710 0.000122770 0.000019620 0.000711960 0.000226330 0.000298930 0.000323930 0.000908140 0.000073460 0.000159910 0.000359420 0.000306680 0.000457070 0.000245480 0.000319460 0.000030470 0.000393170 0.000145950 0.000061980 0.000389960 0.000451850 0.000549360 0.000158530 0.000111420 0.000746160 0.000054300 
26     0.000254310 0.000507310 0.000361170 0.000006070 0.000048090 0.001274690 0.000747490 0.000990430 0.000229580 0.000235400 0.000185550 0.000023130 0.000906270 0.000367090 0.000539370 0.000086840 0.000362290 0.000629530 0.000099120 0.001284650 0.000000000 0.000007020 0.000319210 0.000537160 0.000643880 0.000140150 0.000058200 0.000364270 0.000062040 0.001755850 0.000697380 0.001225710 0.000528470 0.000161570 0.000744470 0.000210970 0.000556000 0.000876160 0.000235290 0.000172530 0.000260030 0.000057020 0.000087000 0.001041770 0.000937930 0.001266310 0.001324150 0.000039770 0.001131540 0.000508170 0.000085540 
3     0.000011670 0.000847610 0.000190760 0.000032000 0.001595030 0.001939000 0.000048450 0.000934260 0.000379030 0.000107730 0.000099750 0.001156590 0.000284460 0.000289240 0.000766560 0.000359760 0.000295860 0.000253060 0.000149020 0.000132030 0.000007020 0.000000000 0.000279410 0.000112640 0.001087900 0.000406010 0.000039260 0.000338790 0.000172610 0.000464870 0.000866190 0.000043850 0.000490760 0.000296860 0.000311310 0.000071740 0.000243630 0.000837960 0.000388230 0.001515100 0.001164880 0.000044610 0.000269560 0.000514140 0.000088060 0.000292970 0.000292990 0.000085680 0.001000060 0.000260670 0.000150140 
38     0.000215060 0.000068280 0.000181740 0.000486030 0.000035090 0.000341320 0.000348230 0.000323970 0.000382720 0.000298810 0.000293990 0.000640850 0.000753370 0.000909990 0.001051820 0.000373990 0.000279150 0.000279370 0.000435260 0.000127160 0.000319210 0.000279410 0.000000000 0.000004310 0.000118620 0.000106490 0.000121310 0.000106600 0.000234260 0.000746430 0.000201750 0.000490300 0.000190160 0.000132270 0.000090520 0.000099260 0.000049600 0.000921090 0.000428400 0.000298150 0.000154020 0.000242660 0.000870310 0.000310330 0.000214160 0.000031520 0.000492860 0.000187480 0.000301360 0.000299790 0.000603380 
7     0.000179740 0.000243400 0.000158840 0.000605370 0.000039050 0.000040320 0.000236470 0.000288630 0.000331320 0.000324430 0.000322250 0.000727990 0.000641950 0.000886240 0.000703230 0.000186420 0.000269650 0.000121490 0.000429610 0.000105860 0.000537160 0.000112640 0.000004310 0.000000000 0.000080440 0.000155650 0.000264230 0.000135400 0.000135040 0.000770670 0.000024620 0.000505900 0.000197330 0.000100550 0.000105050 0.000057330 0.000196400 0.000906460 0.000486260 0.000356010 0.000130330 0.000353590 0.000890760 0.000292100 0.000432240 0.000189600 0.000479240 0.000239830 0.000238060 0.000282620 0.000289890 
27     0.000369120 0.000159240 0.000425380 0.000414850 0.000914820 0.000462180 0.000740170 0.000793690 0.000733580 0.000457590 0.000754440 0.000386700 0.000758980 0.000221680 0.000186760 0.000313360 0.000994350 0.000310410 0.000132110 0.000044620 0.000643880 0.001087900 0.000118620 0.000080440 0.000000000 0.000733820 0.000480520 0.000060560 0.000196760 0.000203420 0.000130720 0.000466470 0.000278790 0.000754290 0.000274930 0.000615910 0.000682470 0.000687760 0.000764720 0.000782480 0.000292080 0.001113310 0.000673530 0.000410590 0.000852910 0.000790020 0.001358590 0.000419590 0.000249230 0.000769210 0.000650100 
2     0.000009200 0.000235670 0.000252000 0.000370950 0.000023880 0.000209680 0.000087340 0.000202860 0.000581580 0.000317750 0.000677990 0.000262860 0.000358640 0.000469470 0.000444460 0.000228020 0.000390240 0.000187560 0.000241750 0.000070710 0.000140150 0.000406010 0.000106490 0.000155650 0.000733820 0.000000000 0.000133580 0.000090920 0.000012350 0.000307130 0.000570930 0.000592900 0.000297560 0.000042170 0.000081630 0.000308430 0.000772170 0.000861200 0.000313140 0.000270530 0.000845540 0.000566120 0.000114660 0.000030690 0.000459070 0.000540270 0.000082560 0.000562110 0.000057580 0.000632150 0.000023010 
19     0.000347980 0.000158990 0.000355100 0.000008460 0.000436330 0.000076920 0.000166050 0.000102270 0.000372400 0.000702490 0.000646080 0.000129880 0.000005850 0.000429700 0.000356890 0.000185110 0.000913730 0.000263300 0.000121400 0.000122770 0.000058200 0.000039260 0.000121310 0.000264230 0.000480520 0.000133580 0.000000000 0.000006640 0.000019390 0.000330160 0.000140440 0.001050730 0.000464180 0.000222950 0.000287910 0.000185700 0.001210800 0.001064070 0.000617170 0.000407320 0.000780280 0.000158550 0.000394710 0.000142830 0.000266740 0.000185910 0.000266410 0.000062140 0.000677480 0.000234090 0.000221130 
48     0.000003640 0.000519850 0.000034980 0.000179510 0.000030720 0.000323000 0.000072310 0.000007960 0.000031370 0.000218000 0.000000040 0.000028730 0.000930040 0.000145330 0.000006420 0.000026400 0.000000370 0.000009330 0.000150770 0.000019620 0.000364270 0.000338790 0.000106600 0.000135400 0.000060560 0.000090920 0.000006640 0.000000000 0.000128800 0.000094310 0.000125440 0.000031830 0.000318690 0.000079530 0.000026050 0.000093250 0.000274960 0.000133000 0.000429430 0.000383220 0.000028030 0.000047560 0.000191190 0.000090180 0.000076260 0.000007320 0.000072590 0.000203490 0.000205860 0.000088600 0.000053780 
41     0.000406590 0.000356820 0.000379110 0.000141810 0.000464000 0.000025670 0.000246980 0.001599290 0.000119180 0.000626620 0.000859450 0.000184570 0.000747000 0.000207550 0.000024540 0.000322060 0.000120020 0.000226610 0.000167100 0.000711960 0.000062040 0.000172610 0.000234260 0.000135040 0.000196760 0.000012350 0.000019390 0.000128800 0.000000000 0.000571700 0.000418080 0.001091750 0.000257380 0.000403690 0.000363010 0.000260990 0.000610590 0.000366060 0.000649970 0.000642830 0.000116260 0.000342860 0.000001830 0.000000540 0.000370390 0.000142240 0.000399820 0.000195490 0.000101270 0.000146880 0.000394660 
33     0.000799260 0.000772800 0.000420290 0.000426830 0.000290340 0.000993460 0.000346640 0.000372950 0.000820510 0.000519160 0.000553920 0.000445880 0.001357300 0.000283730 0.000219110 0.000824560 0.000367570 0.000822610 0.000852020 0.000226330 0.001755850 0.000464870 0.000746430 0.000770670 0.000203420 0.000307130 0.000330160 0.000094310 0.000571700 0.000000000 0.000102440 0.000183620 0.000029030 0.000016410 0.000449150 0.000713520 0.001659370 0.001538650 0.000288740 0.000287960 0.000110160 0.000368530 0.000000430 0.000084350 0.000325750 0.000597660 0.000592130 0.000115400 0.000802750 0.000217020 0.000306080 
29     0.000616530 0.001643970 0.000895800 0.000368490 0.000878380 0.000825640 0.000210730 0.000429080 0.000298740 0.000155560 0.000855690 0.000138790 0.001106960 0.000242030 0.000327430 0.000129600 0.000412130 0.000278490 0.000115830 0.000298930 0.000697380 0.000866190 0.000201750 0.000024620 0.000130720 0.000570930 0.000140440 0.000125440 0.000418080 0.000102440 0.000000000 0.000014540 0.000026350 0.000171890 0.000580990 0.000122840 0.001288910 0.001199420 0.000640420 0.000953700 0.001825010 0.000192030 0.000196110 0.000280030 0.000484390 0.001076840 0.000454640 0.000685030 0.000781150 0.001074810 0.000559240 
36     0.000190470 0.001143620 0.000930790 0.000234660 0.000788730 0.000642290 0.000191630 0.000467430 0.000058400 0.000909060 0.000641260 0.000198690 0.001145000 0.001248390 0.001406060 0.000232240 0.000568340 0.000307570 0.000741060 0.000323930 0.001225710 0.000043850 0.000490300 0.000505900 0.000466470 0.000592900 0.001050730 0.000031830 0.001091750 0.000183620 0.000014540 0.000000000 0.000005040 0.000044210 0.000137150 0.000408270 0.001515710 0.001269250 0.001026870 0.000731100 0.001438400 0.000506590 0.000183230 0.000267150 0.000608550 0.001525020 0.000474380 0.000444710 0.001104910 0.000911730 0.000859140 
5     0.000605640 0.000404310 0.001090390 0.000459960 0.000379940 0.000510630 0.000400770 0.000953630 0.000055580 0.000261240 0.000590900 0.000027640 0.000599800 0.000430390 0.000247380 0.000278370 0.000589810 0.000387100 0.001171240 0.000908140 0.000528470 0.000490760 0.000190160 0.000197330 0.000278790 0.000297560 0.000464180 0.000318690 0.000257380 0.000029030 0.000026350 0.000005040 0.000000000 0.000278900 0.000739410 0.000302800 0.000592910 0.001010860 0.000886410 0.000879270 0.000352700 0.000604150 0.000482590 0.000483180 0.000623900 0.000541330 0.000623570 0.000229040 0.000311730 0.000242910 0.000359200 
4     0.000032970 0.000335370 0.000335540 0.000266060 0.000121020 0.000212130 0.000388370 0.000020700 0.000565410 0.000710220 0.000272310 0.000657910 0.000555980 0.000735700 0.000353050 0.000220640 0.000286820 0.000472520 0.000682480 0.000073460 0.000161570 0.000296860 0.000132270 0.000100550 0.000754290 0.000042170 0.000222950 0.000079530 0.000403690 0.000016410 0.000171890 0.000044210 0.000278900 0.000000000 0.000205160 0.000545510 0.000050260 0.000969120 0.000389570 0.000617640 0.000410400 0.000343000 0.000117410 0.000033440 0.000071810 0.000429650 0.000429670 0.000311010 0.000658800 0.000049010 0.000025760 
21     0.000072740 0.000046210 0.000068500 0.000280650 0.000664510 0.000498910 0.000125230 0.000180340 0.000121950 0.000334440 0.000520680 0.000051720 0.000157590 0.000732750 0.000916700 0.000049840 0.000244510 0.000263600 0.000602140 0.000159910 0.000744470 0.000311310 0.000090520 0.000105050 0.000274930 0.000081630 0.000287910 0.000026050 0.000363010 0.000449150 0.000580990 0.000137150 0.000739410 0.000205160 0.000000000 0.000000000 0.000434920 0.000264480 0.000071790 0.000488960 0.000041300 0.000240220 0.000532460 0.000598660 0.000541970 0.000460020 0.000541640 0.000283240 0.000389670 0.000123890 0.000233250 
6     0.000014520 0.000343820 0.000434770 0.000101370 0.000939390 0.000513020 0.000136810 0.000535300 0.000370910 0.000610930 0.000323610 0.000642940 0.001156500 0.000537670 0.000459380 0.000036760 0.000446590 0.000997500 0.000993880 0.000359420 0.000210970 0.000071740 0.000099260 0.000057330 0.000615910 0.000308430 0.000185700 0.000093250 0.000260990 0.000713520 0.000122840 0.000408270 0.000302800 0.000545510 0.000000000 0.000000000 0.000133270 0.000170610 0.000310010 0.000018540 0.000234400 0.000375870 0.000330790 0.000429580 0.000429620 0.000347760 0.000368090 0.000015760 0.000315460 0.000362710 0.000074990 
10     0.000007040 0.000401420 0.000402570 0.000037740 0.000546410 0.000822290 0.000567790 0.000793820 0.000844090 0.000849530 0.000702030 0.000874130 0.001230380 0.001035880 0.000265110 0.000491340 0.000536020 0.000820020 0.000733330 0.000306680 0.000556000 0.000243630 0.000049600 0.000196400 0.000682470 0.000772170 0.001210800 0.000274960 0.000610590 0.001659370 0.001288910 0.001515710 0.000592910 0.000050260 0.000434920 0.000133270 0.000000000 0.000358820 0.000003980 0.000370370 0.000177930 0.000469970 0.000312310 0.000449020 0.000928260 0.000647380 0.000866570 0.000148950 0.000471920 0.000483280 0.000650730 
30     0.000234970 0.000877000 0.001684380 0.001290730 0.000070830 0.000561370 0.001100040 0.001291060 0.000763850 0.001102710 0.001118910 0.001070370 0.001602640 0.000893200 0.001045660 0.000352470 0.000866230 0.000816280 0.000579780 0.000457070 0.000876160 0.000837960 0.000921090 0.000906460 0.000687760 0.000861200 0.001064070 0.000133000 0.000366060 0.001538650 0.001199420 0.001269250 0.001010860 0.000969120 0.000264480 0.000170610 0.000358820 0.000000000 0.000103190 0.000041880 0.000179000 0.001024380 0.000267680 0.000280710 0.000298170 0.000448200 0.000740700 0.000541360 0.000666660 0.000957060 0.000310320 
25     0.000420740 0.000703560 0.000404530 0.000607760 0.000911700 0.000697620 0.000308250 0.000664770 0.000341370 0.000627190 0.001048110 0.000450150 0.000453170 0.000836580 0.000653570 0.000479450 0.000183900 0.000177850 0.000638060 0.000245480 0.000235290 0.000388230 0.000428400 0.000486260 0.000764720 0.000313140 0.000617170 0.000429430 0.000649970 0.000288740 0.000640420 0.001026870 0.000886410 0.000389570 0.000071790 0.000310010 0.000003980 0.000103190 0.000000000 0.000000000 0.000015980 0.000700350 0.000649000 0.000176530 0.000275070 0.000178720 0.000862780 0.000333750 0.000556240 0.000282220 0.000391820 
31     0.000450150 0.000120480 0.000363860 0.000751260 0.000866960 0.000929920 0.000307620 0.000677450 0.000323690 0.000706400 0.001162370 0.000511320 0.000467000 0.000829440 0.000646430 0.000312870 0.000215410 0.000095100 0.000590480 0.000319460 0.000172530 0.001515100 0.000298150 0.000356010 0.000782480 0.000270530 0.000407320 0.000383220 0.000642830 0.000287960 0.000953700 0.000731100 0.000879270 0.000617640 0.000488960 0.000018540 0.000370370 0.000041880 0.000000000 0.000000000 0.000005590 0.000770870 0.000670680 0.000186800 0.000666220 0.000139450 0.001118140 0.000281620 0.000446040 0.000262010 0.000501170 
18     0.000049420 0.000601440 0.000203560 0.001129990 0.000138130 0.000107920 0.000718100 0.000677660 0.000295080 0.000146500 0.000673400 0.000332180 0.000900970 0.000302870 0.000119860 0.000341950 0.001051220 0.000457820 0.000102450 0.000030470 0.000260030 0.001164880 0.000154020 0.000130330 0.000292080 0.000845540 0.000780280 0.000028030 0.000116260 0.000110160 0.001825010 0.001438400 0.000352700 0.000410400 0.000041300 0.000234400 0.000177930 0.000179000 0.000015980 0.000005590 0.000000000 0.000490640 0.000574830 0.000965260 0.000303020 0.000296890 0.000600560 0.000031840 0.000075220 0.000083740 0.000528400 
11     0.000014350 0.000856240 0.000443970 0.000242770 0.000192190 0.000488740 0.000135060 0.001318270 0.000807180 0.000787670 0.000326690 0.000513330 0.000311640 0.000299840 0.000406050 0.000325210 0.000119780 0.000048050 0.000195100 0.000393170 0.000057020 0.000044610 0.000242660 0.000353590 0.001113310 0.000566120 0.000158550 0.000047560 0.000342860 0.000368530 0.000192030 0.000506590 0.000604150 0.000343000 0.000240220 0.000375870 0.000469970 0.001024380 0.000700350 0.000770870 0.000490640 0.000000000 0.000011190 0.000164160 0.000010250 0.000020040 0.000020060 0.000166860 0.000435970 0.000374060 0.000727870 
44     0.000105460 0.000558310 0.000566190 0.000390490 0.000193810 0.000284920 0.000581980 0.000712190 0.001062670 0.000317890 0.000315420 0.000593880 0.000418780 0.000101710 0.000377150 0.000240210 0.000422760 0.000184710 0.000347300 0.000145950 0.000087000 0.000269560 0.000870310 0.000890760 0.000673530 0.000114660 0.000394710 0.000191190 0.000001830 0.000000430 0.000196110 0.000183230 0.000482590 0.000117410 0.000532460 0.000330790 0.000312310 0.000267680 0.000649000 0.000670680 0.000574830 0.000011190 0.000000000 0.000001310 0.000065440 0.000081720 0.000167780 0.000259310 0.000414710 0.000125140 0.000098250 
42     0.000021490 0.000474340 0.000485420 0.000362220 0.000109840 0.000200950 0.000573950 0.000995760 0.001232510 0.000546940 0.000451890 0.000779680 0.000738020 0.001219320 0.000665990 0.000262830 0.000589290 0.000541000 0.000142880 0.000061980 0.001041770 0.000514140 0.000310330 0.000292100 0.000410590 0.000030690 0.000142830 0.000090180 0.000000540 0.000084350 0.000280030 0.000267150 0.000483180 0.000033440 0.000598660 0.000429580 0.000449020 0.000280710 0.000176530 0.000186800 0.000965260 0.000164160 0.000001310 0.000000000 0.000248350 0.000084190 0.000278540 0.000259900 0.000415300 0.000509580 0.000014280 
13     0.000024000 0.000831570 0.000460220 0.000221460 0.000127740 0.000490750 0.000173460 0.000719180 0.000441770 0.000532390 0.000625590 0.000663640 0.000284910 0.000817990 0.000748670 0.000050900 0.000640970 0.000412170 0.000390240 0.000389960 0.000937930 0.000088060 0.000214160 0.000432240 0.000852910 0.000459070 0.000266740 0.000076260 0.000370390 0.000325750 0.000484390 0.000608550 0.000623900 0.000071810 0.000541970 0.000429620 0.000928260 0.000298170 0.000275070 0.000666220 0.000303020 0.000010250 0.000065440 0.000248350 0.000000000 0.000000350 0.000000370 0.000316200 0.000293210 0.000354770 0.000442660 
8     0.000128320 0.000066840 0.000496630 0.000262170 0.000619420 0.000710530 0.000287590 0.001025060 0.000763060 0.000851450 0.000438350 0.000374610 0.000690730 0.000713190 0.001067380 0.000081880 0.000820080 0.000501880 0.000990110 0.000451850 0.001266310 0.000292970 0.000031520 0.000189600 0.000790020 0.000540270 0.000185910 0.000007320 0.000142240 0.000597660 0.001076840 0.001525020 0.000541330 0.000429650 0.000460020 0.000347760 0.000647380 0.000448200 0.000178720 0.000139450 0.000296890 0.000020040 0.000081720 0.000084190 0.000000350 0.000000000 0.000000020 0.000315850 0.000013610 0.000393460 0.000523860 
20     0.000490360 0.000512990 0.000465400 0.000262190 0.000697620 0.000788730 0.000011750 0.000639160 0.001143140 0.000560060 0.001382530 0.000524680 0.000754310 0.000745970 0.001264650 0.000056950 0.001030880 0.000630520 0.000601160 0.000549360 0.001324150 0.000292990 0.000492860 0.000479240 0.001358590 0.000082560 0.000266410 0.000072590 0.000399820 0.000592130 0.000454640 0.000474380 0.000623570 0.000429670 0.000541640 0.000368090 0.000866570 0.000740700 0.000862780 0.001118140 0.000600560 0.000020060 0.000167780 0.000278540 0.000000370 0.000000020 0.000000000 0.000230160 0.000248790 0.000393480 0.000602060 
39     0.000451690 0.000112570 0.000315420 0.000054880 0.001386500 0.001045730 0.000328430 0.001142100 0.000907710 0.000171080 0.000131930 0.000691850 0.000353260 0.000784560 0.000748770 0.000244710 0.000967820 0.000133920 0.000255280 0.000158530 0.000039770 0.000085680 0.000187480 0.000239830 0.000419590 0.000562110 0.000062140 0.000203490 0.000195490 0.000115400 0.000685030 0.000444710 0.000229040 0.000311010 0.000283240 0.000015760 0.000148950 0.000541360 0.000333750 0.000281620 0.000031840 0.000166860 0.000259310 0.000259900 0.000316200 0.000315850 0.000230160 0.000000000 0.000122700 0.000175780 0.000286860 
49     0.000581570 0.000416970 0.000218870 0.000397630 0.000860230 0.000872310 0.000413430 0.000193160 0.000774820 0.000398250 0.001055420 0.000291210 0.000459110 0.000112950 0.000091270 0.000206440 0.000025760 0.000577380 0.000517920 0.000111420 0.001131540 0.001000060 0.000301360 0.000238060 0.000249230 0.000057580 0.000677480 0.000205860 0.000101270 0.000802750 0.000781150 0.001104910 0.000311730 0.000658800 0.000389670 0.000315460 0.000471920 0.000666660 0.000556240 0.000446040 0.000075220 0.000435970 0.000414710 0.000415300 0.000293210 0.000013610 0.000248790 0.000122700 0.000000000 0.000011360 0.000157790 
12     0.000000020 0.000620880 0.000358320 0.000229870 0.001197150 0.000608500 0.000057260 0.000679420 0.000972520 0.000418240 0.000929650 0.000608670 0.001553330 0.000814840 0.000631830 0.000140740 0.001097080 0.000323920 0.000527180 0.000746160 0.000508170 0.000260670 0.000299790 0.000282620 0.000769210 0.000632150 0.000234090 0.000088600 0.000146880 0.000217020 0.001074810 0.000911730 0.000242910 0.000049010 0.000123890 0.000362710 0.000483280 0.000957060 0.000282220 0.000262010 0.000083740 0.000374060 0.000125140 0.000509580 0.000354770 0.000393460 0.000393480 0.000175780 0.000011360 0.000000000 0.000144520 
0     0.000013810 0.000430660 0.000075970 0.000354540 0.000102160 0.000193270 0.000315010 0.000197790 0.000164890 0.000427100 0.000539250 0.000597080 0.000053430 0.000739780 0.000229720 0.000480550 0.000201650 0.000372370 0.000818880 0.000054300 0.000085540 0.000150140 0.000603380 0.000289890 0.000650100 0.000023010 0.000221130 0.000053780 0.000394660 0.000306080 0.000559240 0.000859140 0.000359200 0.000025760 0.000233250 0.000074990 0.000650730 0.000310320 0.000391820 0.000501170 0.000528400 0.000727870 0.000098250 0.000014280 0.000442660 0.000523860 0.000602060 0.000286860 0.000157790 0.000144520 0.000000000 
