51
26     0.000000000 0.758461117 0.725665448 0.702301894 0.770879003 1.111389013 0.956974106 1.063502423 1.026825173 1.067377696 0.899685191 1.071038891 1.091630986 1.087996437 1.000427029 0.951784392 1.036622471 0.973088044 1.018341468 1.050893582 1.044736931 0.952928940 0.999059077 1.025402179 1.085705429 0.999489580 0.951988067 0.916755625 0.931469771 1.258577827 1.038798765 1.014592232 1.006584185 1.012794423 1.002442028 1.052776182 1.056012422 1.141864754 1.124706866 1.000573272 1.013812797 1.047108972 1.044076395 1.071278164 1.068970769 1.075419932 0.892779462 1.049831865 1.052812801 1.054403793 1.492852372 
17     0.758461117 0.000000000 0.307257611 0.819842361 0.878736260 1.223410300 1.064671007 1.175331985 1.135379678 1.173627030 1.009933713 1.173295957 1.198774267 1.196444332 1.113156444 1.068547040 1.142002501 1.074409962 1.112922714 1.153380996 1.146826085 1.059656252 1.104980154 1.125472469 1.185321677 1.097499252 1.057967003 1.011462648 1.026690465 1.370446718 1.153868110 1.133500134 1.124096297 1.131032625 1.130130906 1.168341794 1.171754790 1.250982699 1.244569749 1.112667004 1.125512524 1.160410856 1.150672617 1.179991476 1.177410485 1.181210938 0.986767804 1.153475265 1.153245840 1.154449105 1.599640683 
6     0.725665448 0.307257611 0.000000000 0.780595992 0.847993332 1.189851832 1.042461601 1.140584251 1.111652280 1.150948851 0.985034793 1.151780498 1.166423167 1.164405826 1.093156464 1.046678535 1.120293719 1.050805742 1.087757996 1.131469644 1.124323004 1.033796385 1.083568480 1.099962560 1.153620393 1.073359424 1.029077132 0.989575922 1.000343071 1.339659532 1.126522091 1.108009100 1.095678640 1.102625890 1.110370221 1.146968590 1.150537021 1.234937569 1.213388875 1.086981182 1.105674650 1.138735818 1.130362606 1.152849836 1.150084398 1.156592280 0.964710676 1.132996171 1.131029652 1.132232918 1.577518782 
28     0.702301894 0.819842361 0.780595992 0.000000000 0.732507456 1.064238531 0.919579836 1.028799474 0.988114947 1.026459020 0.868444097 1.035842915 1.039652893 1.036509809 0.973545903 0.923561754 0.999589901 0.928421597 0.961346442 1.020340989 1.011804402 0.914797035 0.965081831 0.973180236 1.022396906 0.938011761 0.892644278 0.857446099 0.869218192 1.192621242 0.998282667 0.977133780 0.970321272 0.976763467 0.971650660 1.015650529 1.020573008 1.108610113 1.099037331 0.962111685 0.982577029 1.010077383 0.995873502 1.010490486 1.012493555 1.022015452 0.840915001 0.996250442 0.989410053 0.991134704 1.452534901 
5     0.770879003 0.878736260 0.847993332 0.732507456 0.000000000 1.100362465 0.965509025 1.069438897 1.034807176 1.086956151 0.899288713 1.065904992 1.081183362 1.076941843 1.013292570 0.955558617 1.029576510 0.977085993 1.016411361 1.046882702 1.042994347 0.943374888 0.997655638 1.018167347 1.077901070 0.992454933 0.949618605 0.921344089 0.927135803 1.229716613 1.040715595 1.019596424 1.005958705 1.009851233 1.010698208 1.053081594 1.052985069 1.145243942 1.123027312 1.011836957 1.021495408 1.042933940 1.031040691 1.064256135 1.061827221 1.068864131 0.881711287 1.044500919 1.039711334 1.041159400 1.493274728 
20     1.111389013 1.223410300 1.189851832 1.064238531 1.100362465 0.000000000 0.574534638 0.714402670 0.651735158 0.695700675 0.718218599 0.864270590 0.894442551 0.892421021 0.818335898 0.765326458 0.861633658 0.795844862 0.820931588 0.860340334 0.851542712 0.751712021 0.791320398 0.816831888 1.123550492 1.045714338 1.004178669 0.957568282 0.964919295 1.331665953 1.126811367 1.099386552 1.086806471 1.093322976 1.106679698 1.136091229 1.150156192 1.224681483 1.207282924 1.109066805 1.090508269 1.117907770 1.104004024 1.120442233 1.130650116 1.144403678 0.951092604 1.110096367 1.101843672 1.102974641 1.595117506 
9     0.956974106 1.064671007 1.042461601 0.919579836 0.965509025 0.574534638 0.000000000 0.453576548 0.396771965 0.494097807 0.569950360 0.724469367 0.749992724 0.747570831 0.682311201 0.639964741 0.720459180 0.652529472 0.671046111 0.696811375 0.698869644 0.598508669 0.642288379 0.669959325 0.994790534 0.896630410 0.857977187 0.823975066 0.830330274 1.185674827 0.991883943 0.963863218 0.955703561 0.959667466 0.962059829 0.996307268 1.012334952 1.073173603 1.062760390 0.964275421 0.952585399 0.981259482 0.981138887 1.000156547 1.002641223 1.010260444 0.822232683 0.966532123 0.960984826 0.962014840 1.459558417 
18     1.063502423 1.175331985 1.140584251 1.028799474 1.069438897 0.714402670 0.453576548 0.000000000 0.438224099 0.627321023 0.709788217 0.853815953 0.888397666 0.887035106 0.820962765 0.769323932 0.860680690 0.797598346 0.818223804 0.848913094 0.842688083 0.741516094 0.776831574 0.805328940 1.104685292 1.017314859 0.981167973 0.934620384 0.937095727 1.309443102 1.086531599 1.054689506 1.046649983 1.048770194 1.067556321 1.081883064 1.101794633 1.187634245 1.160902322 1.065519329 1.059809115 1.083019826 1.076435454 1.100374114 1.104213178 1.123467081 0.935089512 1.091950598 1.085089467 1.086180921 1.579329003 
8     1.026825173 1.135379678 1.111652280 0.988114947 1.034807176 0.651735158 0.396771965 0.438224099 0.000000000 0.583734520 0.659006009 0.799887335 0.830011981 0.829172168 0.762375808 0.717777327 0.812568999 0.743422243 0.760407765 0.797190899 0.797426822 0.693534111 0.726597487 0.756357768 1.056542907 0.969245894 0.932326448 0.882736970 0.886917846 1.254526872 1.045975685 1.012134328 1.002373923 1.006261618 1.016707606 1.057780385 1.068761257 1.145407613 1.134844880 1.021370618 1.016546836 1.044096644 1.039452730 1.065570102 1.073878091 1.083353179 0.886526379 1.032651153 1.025648064 1.026717067 1.525250784 
3     1.067377696 1.173627030 1.150948851 1.026459020 1.086956151 0.695700675 0.494097807 0.627321023 0.583734520 0.000000000 0.695350493 0.837082329 0.873894189 0.871227174 0.793517443 0.756160431 0.840969958 0.775003039 0.786045674 0.827284575 0.835954737 0.723030847 0.775712802 0.792602886 1.089778511 1.006359581 0.969553612 0.925041285 0.930903073 1.303648667 1.087216592 1.064544127 1.057309397 1.059899848 1.056949008 1.082294700 1.102927104 1.181308685 1.165355605 1.050164216 1.044250404 1.075566385 1.068021913 1.088465975 1.097072621 1.100674601 0.920465398 1.071686861 1.068080602 1.069183625 1.582020078 
11     0.899685191 1.009933713 0.985034793 0.868444097 0.899288713 0.718218599 0.569950360 0.709788217 0.659006009 0.695350493 0.000000000 0.661728295 0.707026183 0.705132990 0.625905006 0.580789822 0.664986703 0.607648676 0.625937933 0.676430800 0.664698057 0.570062988 0.593016230 0.625228137 0.941326111 0.852469260 0.820792444 0.766728295 0.788035602 1.136616315 0.928051061 0.900034485 0.896483607 0.898648101 0.897328004 0.916101012 0.929632666 1.013390595 1.023375335 0.905254175 0.894285481 0.923477229 0.910011858 0.931737372 0.934972011 0.938857807 0.757798134 0.914663939 0.909356096 0.911220935 1.414234462 
22     1.071038891 1.173295957 1.151780498 1.035842915 1.065904992 0.864270590 0.724469367 0.853815953 0.799887335 0.837082329 0.661728295 0.000000000 0.851002628 0.848567036 0.782462380 0.733159293 0.815471618 0.759561033 0.778063404 0.819350675 0.815105063 0.709667240 0.746512660 0.769363180 1.088525659 0.999946703 0.959392536 0.934665640 0.947764486 1.289338769 1.113388042 1.076816768 1.063426591 1.070384197 1.063879901 1.106779959 1.125816738 1.187879902 1.184741541 1.074416267 1.067274752 1.097558707 1.086154269 1.112378916 1.114549198 1.121179433 0.903409799 1.080663006 1.069128101 1.070900383 1.537574041 
13     1.091630986 1.198774267 1.166423167 1.039652893 1.081183362 0.894442551 0.749992724 0.888397666 0.830011981 0.873894189 0.707026183 0.851002628 0.000000000 0.133403395 0.777331105 0.722812834 0.791524901 0.790291479 0.812762208 0.839875777 0.844329906 0.747194834 0.764400323 0.780910993 1.117444162 1.035183433 0.990982603 0.939428284 0.946368181 1.302028683 1.117719006 1.085258285 1.072773419 1.079051424 1.075534919 1.112008103 1.134198387 1.196307181 1.199060157 1.076003316 1.064816022 1.101689197 1.091412430 1.104122637 1.111406522 1.112157663 0.914236090 1.073745401 1.067085138 1.069066471 1.597389830 
16     1.087996437 1.196444332 1.164405826 1.036509809 1.076941843 0.892421021 0.747570831 0.887035106 0.829172168 0.871227174 0.705132990 0.848567036 0.133403395 0.000000000 0.774345406 0.721751769 0.788694098 0.786094899 0.810430538 0.838437955 0.843762886 0.745946640 0.762884392 0.778530742 1.113690975 1.031466863 0.987760302 0.937927210 0.944864435 1.299033637 1.115435152 1.083611479 1.071121833 1.077102382 1.073201329 1.110158823 1.130870543 1.193080798 1.195158651 1.072429445 1.061717380 1.098550045 1.089805629 1.101648285 1.108932170 1.108578308 0.911738536 1.072748760 1.065047521 1.067028854 1.594658306 
14     1.000427029 1.113156444 1.093156464 0.973545903 1.013292570 0.818335898 0.682311201 0.820962765 0.762375808 0.793517443 0.625905006 0.782462380 0.777331105 0.774345406 0.000000000 0.410267548 0.612834298 0.718760642 0.743434160 0.786228092 0.785999181 0.673176043 0.716493684 0.740767339 1.047245032 0.960332806 0.920918995 0.882522306 0.890187576 1.242523765 1.046744928 1.009221725 1.001200704 1.005602963 1.010299585 1.040484094 1.064546878 1.128378069 1.124640755 1.015773145 1.004195058 1.041978888 1.029896226 1.054396821 1.060109630 1.055514971 0.854679097 1.017429909 1.014789979 1.016659836 1.525631464 
25     0.951784392 1.068547040 1.046678535 0.923561754 0.955558617 0.765326458 0.639964741 0.769323932 0.717777327 0.756160431 0.580789822 0.733159293 0.722812834 0.721751769 0.410267548 0.000000000 0.565686255 0.661701446 0.692577412 0.732010851 0.731660611 0.625712153 0.652483768 0.682880392 0.994141950 0.909079529 0.867638403 0.829334853 0.834767998 1.194341224 0.990310450 0.957189247 0.948882996 0.952328047 0.959082373 0.983832787 1.000790462 1.067967396 1.059749834 0.953150721 0.927974236 0.969978299 0.961539627 0.986350869 0.990529408 0.990208867 0.810383057 0.959990450 0.956845149 0.958569678 1.454884004 
27     1.036622471 1.142002501 1.120293719 0.999589901 1.029576510 0.861633658 0.720459180 0.860680690 0.812568999 0.840969958 0.664986703 0.815471618 0.791524901 0.788694098 0.612834298 0.565686255 0.000000000 0.758588131 0.776567510 0.819066838 0.816709457 0.720155554 0.752283833 0.770648964 1.092603494 1.010724677 0.972354561 0.924749463 0.930231068 1.273484845 1.090708577 1.064453755 1.053115361 1.059692619 1.056599281 1.082132640 1.098995229 1.173106798 1.171397351 1.054547743 1.041745155 1.076280174 1.069900287 1.082394565 1.088842297 1.083784729 0.902482225 1.065910027 1.057541029 1.059743797 1.562560315 
19     0.973088044 1.074409962 1.050805742 0.928421597 0.977085993 0.795844862 0.652529472 0.797598346 0.743422243 0.775003039 0.607648676 0.759561033 0.790291479 0.786094899 0.718760642 0.661701446 0.758588131 0.000000000 0.297805172 0.682578662 0.683357369 0.576906683 0.612866127 0.642647348 0.998858260 0.905356871 0.872913886 0.829390793 0.831328799 1.198585507 1.008007988 0.980041821 0.975631482 0.981344168 0.969012995 1.003666723 1.022855586 1.100958383 1.087763792 0.977429103 0.967367594 1.005279461 0.988543748 1.013891154 1.017473026 1.017653080 0.821402841 0.978149139 0.979771179 0.981715693 1.485525622 
7     1.018341468 1.112922714 1.087757996 0.961346442 1.016411361 0.820931588 0.671046111 0.818223804 0.760407765 0.786045674 0.625937933 0.778063404 0.812762208 0.810430538 0.743434160 0.692577412 0.776567510 0.297805172 0.000000000 0.700400500 0.700022592 0.588764366 0.634486248 0.653197741 1.035527452 0.949017076 0.913260238 0.856280606 0.862769335 1.222931638 1.049487761 1.021007662 1.016984192 1.022883345 1.009967230 1.045660501 1.065831815 1.139792531 1.127133275 1.018510955 1.009621815 1.045336390 1.034345273 1.055389829 1.058055776 1.056828453 0.850826332 1.010063628 1.004902921 1.006780713 1.529717592 
29     1.050893582 1.153380996 1.131469644 1.020340989 1.046882702 0.860340334 0.696811375 0.848913094 0.797190899 0.827284575 0.676430800 0.819350675 0.839875777 0.838437955 0.786228092 0.732010851 0.819066838 0.682578662 0.700400500 0.000000000 0.496400901 0.417812082 0.620768889 0.646764633 1.071483137 0.988941432 0.951267232 0.917300324 0.929814051 1.283457109 1.083228154 1.056547980 1.045395344 1.051223671 1.041016962 1.082055701 1.097753905 1.163046744 1.160098755 1.066488460 1.040113491 1.076335214 1.070917645 1.095448038 1.095247664 1.094826447 0.890008721 1.051015915 1.039979335 1.042606985 1.530758075 
15     1.044736931 1.146826085 1.124323004 1.011804402 1.042994347 0.851542712 0.698869644 0.842688083 0.797426822 0.835954737 0.664698057 0.815105063 0.844329906 0.843762886 0.785999181 0.731660611 0.816709457 0.683357369 0.700022592 0.496400901 0.000000000 0.418029539 0.615516620 0.646428313 1.084272580 0.994047842 0.958285941 0.919400920 0.931787096 1.282672646 1.071914823 1.036099998 1.038973951 1.042477682 1.035091196 1.068727002 1.086606596 1.162353452 1.153748571 1.054964686 1.032581204 1.061748341 1.055431881 1.081019777 1.082948445 1.087542151 0.891130892 1.046682413 1.035612433 1.038271522 1.528172643 
4     0.952928940 1.059656252 1.033796385 0.914797035 0.943374888 0.751712021 0.598508669 0.741516094 0.693534111 0.723030847 0.570062988 0.709667240 0.747194834 0.745946640 0.673176043 0.625712153 0.720155554 0.576906683 0.588764366 0.417812082 0.418029539 0.000000000 0.516051119 0.533889222 0.975332644 0.887604617 0.852548741 0.809914090 0.820865603 1.172680263 0.973837085 0.946643154 0.936980834 0.942770391 0.933409449 0.974269910 0.991388323 1.070699963 1.051781578 0.959050255 0.938518378 0.978884382 0.964042331 0.988070683 0.991307145 0.997816230 0.790323318 0.942617201 0.932888841 0.935753970 1.447640386 
10     0.999059077 1.104980154 1.083568480 0.965081831 0.997655638 0.791320398 0.642288379 0.776831574 0.726597487 0.775712802 0.593016230 0.746512660 0.764400323 0.762884392 0.716493684 0.652483768 0.752283833 0.612866127 0.634486248 0.620768889 0.615516620 0.516051119 0.000000000 0.402142996 1.025382221 0.936059805 0.898138342 0.862362019 0.876439777 1.232553873 1.033090816 1.004799009 0.997424620 1.004922474 0.998887185 1.021749952 1.038279936 1.118937461 1.102281661 1.003370360 0.988052181 1.016884782 1.012689010 1.034378866 1.045826770 1.051622649 0.830946197 0.993744524 0.989673665 0.991805877 1.505153446 
23     1.025402179 1.125472469 1.099962560 0.973180236 1.018167347 0.816831888 0.669959325 0.805328940 0.756357768 0.792602886 0.625228137 0.769363180 0.780910993 0.778530742 0.740767339 0.682880392 0.770648964 0.642647348 0.653197741 0.646764633 0.646428313 0.533889222 0.402142996 0.000000000 1.042587929 0.957426911 0.918867869 0.874158009 0.887297463 1.247416050 1.050167790 1.015592272 1.009966755 1.017117527 1.011746645 1.036387431 1.051957659 1.136440880 1.109156957 1.015227382 0.999545937 1.033626835 1.024816281 1.047448582 1.055686199 1.060794263 0.844565245 1.016785822 1.007130136 1.009380871 1.522356470 
12     1.085705429 1.185321677 1.153620393 1.022396906 1.077901070 1.123550492 0.994790534 1.104685292 1.056542907 1.089778511 0.941326111 1.088525659 1.117444162 1.113690975 1.047245032 0.994141950 1.092603494 0.998858260 1.035527452 1.071483137 1.084272580 0.975332644 1.025382221 1.042587929 0.000000000 0.474663617 0.438293553 0.745132737 0.741711191 1.273993696 1.083702599 1.056236302 1.052446008 1.054524930 1.049851208 1.091517562 1.097462748 1.166529239 1.173110623 1.062445013 1.061334555 1.089424054 1.067201650 1.099402334 1.098649194 1.108682833 0.911188607 1.052347853 1.047776102 1.049500754 1.552935271 
21     0.999489580 1.097499252 1.073359424 0.938011761 0.992454933 1.045714338 0.896630410 1.017314859 0.969245894 1.006359581 0.852469260 0.999946703 1.035183433 1.031466863 0.960332806 0.909079529 1.010724677 0.905356871 0.949017076 0.988941432 0.994047842 0.887604617 0.936059805 0.957426911 0.474663617 0.000000000 0.217508248 0.655832496 0.649347404 1.179604867 0.986108216 0.977050289 0.975865651 0.977449792 0.973147060 1.001727815 1.011252610 1.068999140 1.092508920 0.977046685 0.975284174 1.004248430 0.987748776 1.015640073 1.018094877 1.023903064 0.816117876 0.960386163 0.956663217 0.957974214 1.446256125 
24     0.951988067 1.057967003 1.029077132 0.892644278 0.949618605 1.004178669 0.857977187 0.981167973 0.932326448 0.969553612 0.820792444 0.959392536 0.990982603 0.987760302 0.920918995 0.867638403 0.972354561 0.872913886 0.913260238 0.951267232 0.958285941 0.852548741 0.898138342 0.918867869 0.438293553 0.217508248 0.000000000 0.625424559 0.613294791 1.137184438 0.955473041 0.931142357 0.925153126 0.926514225 0.925550993 0.957450211 0.965869956 1.035385564 1.049561654 0.932450276 0.932715755 0.958346809 0.941120545 0.971933088 0.974718698 0.978631679 0.777431507 0.920166123 0.918354089 0.919887853 1.413886990 
1     0.916755625 1.011462648 0.989575922 0.857446099 0.921344089 0.957568282 0.823975066 0.934620384 0.882736970 0.925041285 0.766728295 0.934665640 0.939428284 0.937927210 0.882522306 0.829334853 0.924749463 0.829390793 0.856280606 0.917300324 0.919400920 0.809914090 0.862362019 0.874158009 0.745132737 0.655832496 0.625424559 0.000000000 0.332724674 1.098250922 0.897976628 0.881417328 0.871916074 0.878060982 0.870607358 0.903108660 0.917493748 0.982458970 0.990389350 0.881446032 0.879254000 0.912075444 0.892723485 0.922452237 0.925506844 0.930626897 0.723450038 0.872267725 0.861614442 0.862787464 1.397493658 
2     0.931469771 1.026690465 1.000343071 0.869218192 0.927135803 0.964919295 0.830330274 0.937095727 0.886917846 0.930903073 0.788035602 0.947764486 0.946368181 0.944864435 0.890187576 0.834767998 0.930231068 0.831328799 0.862769335 0.929814051 0.931787096 0.820865603 0.876439777 0.887297463 0.741711191 0.649347404 0.613294791 0.332724674 0.000000000 1.106222897 0.902763227 0.887072122 0.880495165 0.883702901 0.881515849 0.926875603 0.938397900 0.993363728 0.995149794 0.890138902 0.888221627 0.918930591 0.903843943 0.934612060 0.936091702 0.941998957 0.732375015 0.884442039 0.877017485 0.878118912 1.393907080 
41     1.258577827 1.370446718 1.339659532 1.192621242 1.229716613 1.331665953 1.185674827 1.309443102 1.254526872 1.303648667 1.136616315 1.289338769 1.302028683 1.299033637 1.242523765 1.194341224 1.273484845 1.198585507 1.222931638 1.283457109 1.282672646 1.172680263 1.232553873 1.247416050 1.273993696 1.179604867 1.137184438 1.098250922 1.106222897 0.000000000 1.181799297 1.143016336 1.139722826 1.143567185 1.148222986 1.190355206 1.190938275 1.260199338 1.261025561 1.173970513 1.162122775 1.187722627 1.172363502 1.186752194 1.185350269 1.198926621 0.959740925 1.115777153 1.107250166 1.108961595 1.651211470 
32     1.038798765 1.153868110 1.126522091 0.998282667 1.040715595 1.126811367 0.991883943 1.086531599 1.045975685 1.087216592 0.928051061 1.113388042 1.117719006 1.115435152 1.046744928 0.990310450 1.090708577 1.008007988 1.049487761 1.083228154 1.071914823 0.973837085 1.033090816 1.050167790 1.083702599 0.986108216 0.955473041 0.897976628 0.902763227 1.181799297 0.000000000 0.376671044 0.369944120 0.358895741 0.422310570 0.654309234 0.664027679 0.769802672 0.763069813 0.730467865 0.714911946 0.752646201 0.767841581 0.748462045 0.761356095 0.772549103 0.790664583 0.939266769 0.932453495 0.934109751 1.430390044 
37     1.014592232 1.133500134 1.108009100 0.977133780 1.019596424 1.099386552 0.963863218 1.054689506 1.012134328 1.064544127 0.900034485 1.076816768 1.085258285 1.083611479 1.009221725 0.957189247 1.064453755 0.980041821 1.021007662 1.056547980 1.036099998 0.946643154 1.004799009 1.015592272 1.056236302 0.977050289 0.931142357 0.881417328 0.887072122 1.143016336 0.376671044 0.000000000 0.188718548 0.178866521 0.376655065 0.615846131 0.622804937 0.728123773 0.720007589 0.716231029 0.670102997 0.710573972 0.736744647 0.708613370 0.720882115 0.723832596 0.743667344 0.899375913 0.888983255 0.890808258 1.395262937 
43     1.006584185 1.124096297 1.095678640 0.970321272 1.005958705 1.086806471 0.955703561 1.046649983 1.002373923 1.057309397 0.896483607 1.063426591 1.072773419 1.071121833 1.001200704 0.948882996 1.053115361 0.975631482 1.016984192 1.045395344 1.038973951 0.936980834 0.997424620 1.009966755 1.052446008 0.975865651 0.925153126 0.871916074 0.880495165 1.139722826 0.369944120 0.188718548 0.000000000 0.114531247 0.368149006 0.602544537 0.610260103 0.720321542 0.707149390 0.701562474 0.663101697 0.702030263 0.721768385 0.697627644 0.707226338 0.714421855 0.734938560 0.893380741 0.880479335 0.882304338 1.400278179 
44     1.012794423 1.131032625 1.102625890 0.976763467 1.009851233 1.093322976 0.959667466 1.048770194 1.006261618 1.059899848 0.898648101 1.070384197 1.079051424 1.077102382 1.005602963 0.952328047 1.059692619 0.981344168 1.022883345 1.051223671 1.042477682 0.942770391 1.004922474 1.017117527 1.054524930 0.977449792 0.926514225 0.878060982 0.883702901 1.143567185 0.358895741 0.178866521 0.114531247 0.000000000 0.365386034 0.611034587 0.617755291 0.725933739 0.712985382 0.705299393 0.666601775 0.706077490 0.724863043 0.703766463 0.714686308 0.721002832 0.742100912 0.898092670 0.886519106 0.888344108 1.391178592 
48     1.002442028 1.130130906 1.110370221 0.971650660 1.010698208 1.106679698 0.962059829 1.067556321 1.016707606 1.056949008 0.897328004 1.063879901 1.075534919 1.073201329 1.010299585 0.959082373 1.056599281 0.969012995 1.009967230 1.041016962 1.035091196 0.933409449 0.998887185 1.011746645 1.049851208 0.973147060 0.925550993 0.870607358 0.881515849 1.148222986 0.422310570 0.376655065 0.368149006 0.365386034 0.000000000 0.642012971 0.644776964 0.745090803 0.744561149 0.720983489 0.698541274 0.733469638 0.754008565 0.725760828 0.731026306 0.742178604 0.759477078 0.918907991 0.910405661 0.912198650 1.410413566 
46     1.052776182 1.168341794 1.146968590 1.015650529 1.053081594 1.136091229 0.996307268 1.081883064 1.057780385 1.082294700 0.916101012 1.106779959 1.112008103 1.110158823 1.040484094 0.983832787 1.082132640 1.003666723 1.045660501 1.082055701 1.068727002 0.974269910 1.021749952 1.036387431 1.091517562 1.001727815 0.957450211 0.903108660 0.926875603 1.190355206 0.654309234 0.615846131 0.602544537 0.611034587 0.642012971 0.000000000 0.203867436 0.807477533 0.771282168 0.748064578 0.719070929 0.759172365 0.771706682 0.755568959 0.763273339 0.780323634 0.802570926 0.953966360 0.952366301 0.954097209 1.474336835 
39     1.056012422 1.171754790 1.150537021 1.020573008 1.052985069 1.150156192 1.012334952 1.101794633 1.068761257 1.102927104 0.929632666 1.125816738 1.134198387 1.130870543 1.064546878 1.000790462 1.098995229 1.022855586 1.065831815 1.097753905 1.086606596 0.991388323 1.038279936 1.051957659 1.097462748 1.011252610 0.965869956 0.917493748 0.938397900 1.190938275 0.664027679 0.622804937 0.610260103 0.617755291 0.644776964 0.203867436 0.000000000 0.815399811 0.781412167 0.758689614 0.727860258 0.766737555 0.786267240 0.769557013 0.775043177 0.793046546 0.814656261 0.962456432 0.961145532 0.962269009 1.481585301 
45     1.141864754 1.250982699 1.234937569 1.108610113 1.145243942 1.224681483 1.073173603 1.187634245 1.145407613 1.181308685 1.013390595 1.187879902 1.196307181 1.193080798 1.128378069 1.067967396 1.173106798 1.100958383 1.139792531 1.163046744 1.162353452 1.070699963 1.118937461 1.136440880 1.166529239 1.068999140 1.035385564 0.982458970 0.993363728 1.260199338 0.769802672 0.728123773 0.720321542 0.725933739 0.745090803 0.807477533 0.815399811 0.000000000 0.750998877 0.839031446 0.816028623 0.847199798 0.869291888 0.851567833 0.852207876 0.863288682 0.874567489 1.025885909 1.017148096 1.019709034 1.507932955 
33     1.124706866 1.244569749 1.213388875 1.099037331 1.123027312 1.207282924 1.062760390 1.160902322 1.134844880 1.165355605 1.023375335 1.184741541 1.199060157 1.195158651 1.124640755 1.059749834 1.171397351 1.087763792 1.127133275 1.160098755 1.153748571 1.051781578 1.102281661 1.109156957 1.173110623 1.092508920 1.049561654 0.990389350 0.995149794 1.261025561 0.763069813 0.720007589 0.707149390 0.712985382 0.744561149 0.771282168 0.781412167 0.750998877 0.000000000 0.810440373 0.794363042 0.832414460 0.845837688 0.827867605 0.834289868 0.851252320 0.881131968 1.034644898 1.022794165 1.024292164 1.506143160 
36     1.000573272 1.112667004 1.086981182 0.962111685 1.011836957 1.109066805 0.964275421 1.065519329 1.021370618 1.050164216 0.905254175 1.074416267 1.076003316 1.072429445 1.015773145 0.953150721 1.054547743 0.977429103 1.018510955 1.066488460 1.054964686 0.959050255 1.003370360 1.015227382 1.062445013 0.977046685 0.932450276 0.881446032 0.890138902 1.173970513 0.730467865 0.716231029 0.701562474 0.705299393 0.720983489 0.748064578 0.758689614 0.839031446 0.810440373 0.000000000 0.514578892 0.536924868 0.541816287 0.569427061 0.574625808 0.588623914 0.769723132 0.925128625 0.924896484 0.926194834 1.434013160 
42     1.013812797 1.125512524 1.105674650 0.982577029 1.021495408 1.090508269 0.952585399 1.059809115 1.016546836 1.044250404 0.894285481 1.067274752 1.064816022 1.061717380 1.004195058 0.927974236 1.041745155 0.967367594 1.009621815 1.040113491 1.032581204 0.938518378 0.988052181 0.999545937 1.061334555 0.975284174 0.932715755 0.879254000 0.888221627 1.162122775 0.714911946 0.670102997 0.663101697 0.666601775 0.698541274 0.719070929 0.727860258 0.816028623 0.794363042 0.514578892 0.000000000 0.278067818 0.458926581 0.544427637 0.545902890 0.557585886 0.760138821 0.917825632 0.918745861 0.920483388 1.420236638 
40     1.047108972 1.160410856 1.138735818 1.010077383 1.042933940 1.117907770 0.981259482 1.083019826 1.044096644 1.075566385 0.923477229 1.097558707 1.101689197 1.098550045 1.041978888 0.969978299 1.076280174 1.005279461 1.045336390 1.076335214 1.061748341 0.978884382 1.016884782 1.033626835 1.089424054 1.004248430 0.958346809 0.912075444 0.918930591 1.187722627 0.752646201 0.710573972 0.702030263 0.706077490 0.733469638 0.759172365 0.766737555 0.847199798 0.832414460 0.536924868 0.278067818 0.000000000 0.488561733 0.573389222 0.574500588 0.581392360 0.796513318 0.948414853 0.951940660 0.953685292 1.446335287 
50     1.044076395 1.150672617 1.130362606 0.995873502 1.031040691 1.104004024 0.981138887 1.076435454 1.039452730 1.068021913 0.910011858 1.086154269 1.091412430 1.089805629 1.029896226 0.961539627 1.069900287 0.988543748 1.034345273 1.070917645 1.055431881 0.964042331 1.012689010 1.024816281 1.067201650 0.987748776 0.941120545 0.892723485 0.903843943 1.172363502 0.767841581 0.736744647 0.721768385 0.724863043 0.754008565 0.771706682 0.786267240 0.869291888 0.845837688 0.541816287 0.458926581 0.488561733 0.000000000 0.598834493 0.603885231 0.613553393 0.779794672 0.936473238 0.939980906 0.941773861 1.467095553 
30     1.071278164 1.179991476 1.152849836 1.010490486 1.064256135 1.120442233 1.000156547 1.100374114 1.065570102 1.088465975 0.931737372 1.112378916 1.104122637 1.101648285 1.054396821 0.986350869 1.082394565 1.013891154 1.055389829 1.095448038 1.081019777 0.988070683 1.034378866 1.047448582 1.099402334 1.015640073 0.971933088 0.922452237 0.934612060 1.186752194 0.748462045 0.708613370 0.697627644 0.703766463 0.725760828 0.755568959 0.769557013 0.851567833 0.827867605 0.569427061 0.544427637 0.573389222 0.598834493 0.000000000 0.199438513 0.329969426 0.797908460 0.955665731 0.954838482 0.956563945 1.455273145 
34     1.068970769 1.177410485 1.150084398 1.012493555 1.061827221 1.130650116 1.002641223 1.104213178 1.073878091 1.097072621 0.934972011 1.114549198 1.111406522 1.108932170 1.060109630 0.990529408 1.088842297 1.017473026 1.058055776 1.095247664 1.082948445 0.991307145 1.045826770 1.055686199 1.098649194 1.018094877 0.974718698 0.925506844 0.936091702 1.185350269 0.761356095 0.720882115 0.707226338 0.714686308 0.731026306 0.763273339 0.775043177 0.852207876 0.834289868 0.574625808 0.545902890 0.574500588 0.603885231 0.199438513 0.000000000 0.349053076 0.800109430 0.959175863 0.958877793 0.960650050 1.464358435 
47     1.075419932 1.181210938 1.156592280 1.022015452 1.068864131 1.144403678 1.010260444 1.123467081 1.083353179 1.100674601 0.938857807 1.121179433 1.112157663 1.108578308 1.055514971 0.990208867 1.083784729 1.017653080 1.056828453 1.094826447 1.087542151 0.997816230 1.051622649 1.060794263 1.108682833 1.023903064 0.978631679 0.930626897 0.941998957 1.198926621 0.772549103 0.723832596 0.714421855 0.721002832 0.742178604 0.780323634 0.793046546 0.863288682 0.851252320 0.588623914 0.557585886 0.581392360 0.613553393 0.329969426 0.349053076 0.000000000 0.803559842 0.961571643 0.958572330 0.959969854 1.460899959 
49     0.892779462 0.986767804 0.964710676 0.840915001 0.881711287 0.951092604 0.822232683 0.935089512 0.886526379 0.920465398 0.757798134 0.903409799 0.914236090 0.911738536 0.854679097 0.810383057 0.902482225 0.821402841 0.850826332 0.890008721 0.891130892 0.790323318 0.830946197 0.844565245 0.911188607 0.816117876 0.777431507 0.723450038 0.732375015 0.959740925 0.790664583 0.743667344 0.734938560 0.742100912 0.759477078 0.802570926 0.814656261 0.874567489 0.881131968 0.769723132 0.760138821 0.796513318 0.779794672 0.797908460 0.800109430 0.803559842 0.000000000 0.524383606 0.518295307 0.520053719 1.276868569 
31     1.049831865 1.153475265 1.132996171 0.996250442 1.044500919 1.110096367 0.966532123 1.091950598 1.032651153 1.071686861 0.914663939 1.080663006 1.073745401 1.072748760 1.017429909 0.959990450 1.065910027 0.978149139 1.010063628 1.051015915 1.046682413 0.942617201 0.993744524 1.016785822 1.052347853 0.960386163 0.920166123 0.872267725 0.884442039 1.115777153 0.939266769 0.899375913 0.893380741 0.898092670 0.918907991 0.953966360 0.962456432 1.025885909 1.034644898 0.925128625 0.917825632 0.948414853 0.936473238 0.955665731 0.959175863 0.961571643 0.524383606 0.000000000 0.256359871 0.266901603 1.407255836 
38     1.052812801 1.153245840 1.131029652 0.989410053 1.039711334 1.101843672 0.960984826 1.085089467 1.025648064 1.068080602 0.909356096 1.069128101 1.067085138 1.065047521 1.014789979 0.956845149 1.057541029 0.979771179 1.004902921 1.039979335 1.035612433 0.932888841 0.989673665 1.007130136 1.047776102 0.956663217 0.918354089 0.861614442 0.877017485 1.107250166 0.932453495 0.888983255 0.880479335 0.886519106 0.910405661 0.952366301 0.961145532 1.017148096 1.022794165 0.924896484 0.918745861 0.951940660 0.939980906 0.954838482 0.958877793 0.958572330 0.518295307 0.256359871 0.000000000 0.103714205 1.419158416 
35     1.054403793 1.154449105 1.132232918 0.991134704 1.041159400 1.102974641 0.962014840 1.086180921 1.026717067 1.069183625 0.911220935 1.070900383 1.069066471 1.067028854 1.016659836 0.958569678 1.059743797 0.981715693 1.006780713 1.042606985 1.038271522 0.935753970 0.991805877 1.009380871 1.049500754 0.957974214 0.919887853 0.862787464 0.878118912 1.108961595 0.934109751 0.890808258 0.882304338 0.888344108 0.912198650 0.954097209 0.962269009 1.019709034 1.024292164 0.926194834 0.920483388 0.953685292 0.941773861 0.956563945 0.960650050 0.959969854 0.520053719 0.266901603 0.103714205 0.000000000 1.420869716 
0     1.492852372 1.599640683 1.577518782 1.452534901 1.493274728 1.595117506 1.459558417 1.579329003 1.525250784 1.582020078 1.414234462 1.537574041 1.597389830 1.594658306 1.525631464 1.454884004 1.562560315 1.485525622 1.529717592 1.530758075 1.528172643 1.447640386 1.505153446 1.522356470 1.552935271 1.446256125 1.413886990 1.397493658 1.393907080 1.651211470 1.430390044 1.395262937 1.400278179 1.391178592 1.410413566 1.474336835 1.481585301 1.507932955 1.506143160 1.434013160 1.420236638 1.446335287 1.467095553 1.455273145 1.464358435 1.460899959 1.276868569 1.407255836 1.419158416 1.420869716 0.000000000 
