51
26     0.000000000 0.000017540 0.000025300 0.000025440 0.000008050 0.000045750 0.000036000 0.000033640 0.000037770 0.000044640 0.000041970 0.000035020 0.000039120 0.000036920 0.000040340 0.000032180 0.000038450 0.000039090 0.000037700 0.000039190 0.000055370 0.000042050 0.000042400 0.000042140 0.000032150 0.000035690 0.000033460 0.000022320 0.000022790 0.000031380 0.000035310 0.000029830 0.000028560 0.000028680 0.000031300 0.000040340 0.000040880 0.000041760 0.000043710 0.000029340 0.000029430 0.000028370 0.000031530 0.000030620 0.000025870 0.000025090 0.000014590 0.000021430 0.000016220 0.000015700 0.000077260 
17     0.000017540 0.000000000 0.000004390 0.000027500 0.000021620 0.000076410 0.000044980 0.000064300 0.000068430 0.000057760 0.000056380 0.000065680 0.000064660 0.000057940 0.000047040 0.000043430 0.000062470 0.000051170 0.000041600 0.000061090 0.000084350 0.000057920 0.000045830 0.000053740 0.000062810 0.000066350 0.000064120 0.000050450 0.000053450 0.000055240 0.000065970 0.000060490 0.000059220 0.000059340 0.000061960 0.000071000 0.000071540 0.000072420 0.000074370 0.000060000 0.000043130 0.000047430 0.000053520 0.000058370 0.000056530 0.000055750 0.000045250 0.000043960 0.000042740 0.000044680 0.000079320 
6     0.000025300 0.000004390 0.000000000 0.000035260 0.000029380 0.000079980 0.000052740 0.000067870 0.000072000 0.000065520 0.000064140 0.000069250 0.000072420 0.000065700 0.000054800 0.000051190 0.000070230 0.000058930 0.000049360 0.000068850 0.000089600 0.000065680 0.000053590 0.000061500 0.000066380 0.000069920 0.000067690 0.000056550 0.000057020 0.000063000 0.000069540 0.000064060 0.000062790 0.000062910 0.000065530 0.000074570 0.000075110 0.000075990 0.000077940 0.000063570 0.000050890 0.000055190 0.000061280 0.000064850 0.000060100 0.000059320 0.000048820 0.000051720 0.000050450 0.000049930 0.000087080 
28     0.000025440 0.000027500 0.000035260 0.000000000 0.000029060 0.000066770 0.000047200 0.000054660 0.000058790 0.000059980 0.000058600 0.000056040 0.000060140 0.000057940 0.000049260 0.000045650 0.000059470 0.000053390 0.000043820 0.000060210 0.000076390 0.000060140 0.000048050 0.000055960 0.000053170 0.000056710 0.000054480 0.000043340 0.000043810 0.000052400 0.000056330 0.000050850 0.000049580 0.000049700 0.000052320 0.000061360 0.000061900 0.000062780 0.000064730 0.000050360 0.000045350 0.000049390 0.000052550 0.000051640 0.000046890 0.000046110 0.000035610 0.000042450 0.000037240 0.000036720 0.000081540 
5     0.000008050 0.000021620 0.000029380 0.000029060 0.000000000 0.000047920 0.000038170 0.000035810 0.000039940 0.000046810 0.000044140 0.000037190 0.000041290 0.000039090 0.000042510 0.000034350 0.000040620 0.000041260 0.000039870 0.000041360 0.000057540 0.000044220 0.000044570 0.000044310 0.000034320 0.000037860 0.000035630 0.000024490 0.000024960 0.000033550 0.000037480 0.000032000 0.000030730 0.000030850 0.000033470 0.000042510 0.000043050 0.000043930 0.000045880 0.000031510 0.000031600 0.000030540 0.000033700 0.000032790 0.000028040 0.000027260 0.000016760 0.000023600 0.000018390 0.000017870 0.000080880 
20     0.000045750 0.000076410 0.000079980 0.000066770 0.000047920 0.000000000 0.000020410 0.000034770 0.000022180 0.000045770 0.000043100 0.000022410 0.000040250 0.000038050 0.000041310 0.000033150 0.000039420 0.000039900 0.000038510 0.000040000 0.000056180 0.000042860 0.000043210 0.000042950 0.000019540 0.000023080 0.000020850 0.000045390 0.000045860 0.000054450 0.000036440 0.000030960 0.000029690 0.000029810 0.000032430 0.000041470 0.000042010 0.000042890 0.000044840 0.000030470 0.000030560 0.000029500 0.000032660 0.000031750 0.000027000 0.000026220 0.000036900 0.000043740 0.000038530 0.000038010 0.000136120 
9     0.000036000 0.000044980 0.000052740 0.000047200 0.000038170 0.000020410 0.000000000 0.000025020 0.000005730 0.000036020 0.000033350 0.000012660 0.000030500 0.000024100 0.000031560 0.000023400 0.000029670 0.000030150 0.000028760 0.000030250 0.000046430 0.000033110 0.000021870 0.000029780 0.000009790 0.000013330 0.000011100 0.000035640 0.000036110 0.000044700 0.000026690 0.000021210 0.000019940 0.000020060 0.000022680 0.000020640 0.000032260 0.000033140 0.000035090 0.000012530 0.000020810 0.000019750 0.000022910 0.000022000 0.000017250 0.000016470 0.000027150 0.000033990 0.000028780 0.000028260 0.000081260 
18     0.000033640 0.000064300 0.000067870 0.000054660 0.000035810 0.000034770 0.000025020 0.000000000 0.000026790 0.000032980 0.000030310 0.000024040 0.000027460 0.000025260 0.000029360 0.000021200 0.000027470 0.000028110 0.000026720 0.000028210 0.000044390 0.000031070 0.000031420 0.000031160 0.000021170 0.000024710 0.000022480 0.000033280 0.000033750 0.000042340 0.000023650 0.000018170 0.000016900 0.000017020 0.000019640 0.000028680 0.000029220 0.000030100 0.000032050 0.000015360 0.000014750 0.000013690 0.000016850 0.000014420 0.000012530 0.000011750 0.000024790 0.000031630 0.000026420 0.000025900 0.000100640 
8     0.000037770 0.000068430 0.000072000 0.000058790 0.000039940 0.000022180 0.000005730 0.000026790 0.000000000 0.000037790 0.000035120 0.000014430 0.000032270 0.000030070 0.000033330 0.000025170 0.000031440 0.000031920 0.000030530 0.000032020 0.000048200 0.000034880 0.000035230 0.000034970 0.000011560 0.000015100 0.000012870 0.000037410 0.000037880 0.000046470 0.000028460 0.000022980 0.000021710 0.000021830 0.000024450 0.000033490 0.000034030 0.000034910 0.000036860 0.000022490 0.000022580 0.000021520 0.000024680 0.000023770 0.000019020 0.000018240 0.000028920 0.000035760 0.000030550 0.000030030 0.000104800 
3     0.000044640 0.000057760 0.000065520 0.000059980 0.000046810 0.000045770 0.000036020 0.000032980 0.000037790 0.000000000 0.000029620 0.000035040 0.000037500 0.000035300 0.000040360 0.000032200 0.000038470 0.000039110 0.000037720 0.000039210 0.000055390 0.000042070 0.000042420 0.000042160 0.000032170 0.000035710 0.000033480 0.000010030 0.000027690 0.000028480 0.000028010 0.000022650 0.000021380 0.000021500 0.000024120 0.000035740 0.000036280 0.000038200 0.000042090 0.000028680 0.000028770 0.000027710 0.000030870 0.000014210 0.000018540 0.000024430 0.000033290 0.000031700 0.000030480 0.000032420 0.000067860 
11     0.000041970 0.000056380 0.000064140 0.000058600 0.000044140 0.000043100 0.000033350 0.000030310 0.000035120 0.000029620 0.000000000 0.000032370 0.000013690 0.000011490 0.000037690 0.000029530 0.000035800 0.000036440 0.000035050 0.000036540 0.000052720 0.000039400 0.000039750 0.000039490 0.000029500 0.000033040 0.000030810 0.000022310 0.000030590 0.000007380 0.000031020 0.000025540 0.000024270 0.000024390 0.000027010 0.000036050 0.000036590 0.000037470 0.000004840 0.000026010 0.000026100 0.000025040 0.000028200 0.000027290 0.000022540 0.000021760 0.000031910 0.000030320 0.000029100 0.000031040 0.000066480 
22     0.000035020 0.000065680 0.000069250 0.000056040 0.000037190 0.000022410 0.000012660 0.000024040 0.000014430 0.000035040 0.000032370 0.000000000 0.000029520 0.000027320 0.000030580 0.000022420 0.000028690 0.000029170 0.000027780 0.000029270 0.000045450 0.000032130 0.000032480 0.000032220 0.000008610 0.000012150 0.000009920 0.000034660 0.000035130 0.000043720 0.000025710 0.000020230 0.000018960 0.000019080 0.000021700 0.000030740 0.000031280 0.000032160 0.000034110 0.000007670 0.000019830 0.000018770 0.000021930 0.000021020 0.000016270 0.000015490 0.000026170 0.000033010 0.000027800 0.000027280 0.000106710 
13     0.000039120 0.000064660 0.000072420 0.000060140 0.000041290 0.000040250 0.000030500 0.000027460 0.000032270 0.000037500 0.000013690 0.000029520 0.000000000 0.000004880 0.000034840 0.000026680 0.000032950 0.000033590 0.000032200 0.000033690 0.000049870 0.000036550 0.000036900 0.000036640 0.000026650 0.000030190 0.000027960 0.000038760 0.000039230 0.000047820 0.000028170 0.000022690 0.000021420 0.000021540 0.000024160 0.000033200 0.000033740 0.000034620 0.000015430 0.000023160 0.000023250 0.000022190 0.000025350 0.000024440 0.000019690 0.000018910 0.000030270 0.000037110 0.000031900 0.000031380 0.000100940 
16     0.000036920 0.000057940 0.000065700 0.000057940 0.000039090 0.000038050 0.000024100 0.000025260 0.000030070 0.000035300 0.000011490 0.000027320 0.000004880 0.000000000 0.000032640 0.000024480 0.000030750 0.000031390 0.000030000 0.000031490 0.000047670 0.000034350 0.000034700 0.000034440 0.000024450 0.000027990 0.000025760 0.000036560 0.000037030 0.000045620 0.000025970 0.000020490 0.000019220 0.000019340 0.000021960 0.000031000 0.000031540 0.000032420 0.000013230 0.000020960 0.000021050 0.000019990 0.000023150 0.000022240 0.000017490 0.000016710 0.000028070 0.000034910 0.000029700 0.000029180 0.000094220 
14     0.000040340 0.000047040 0.000054800 0.000049260 0.000042510 0.000041310 0.000031560 0.000029360 0.000033330 0.000040360 0.000037690 0.000030580 0.000034840 0.000032640 0.000000000 0.000015080 0.000022790 0.000034650 0.000031340 0.000034750 0.000050930 0.000037610 0.000033830 0.000037700 0.000027710 0.000031250 0.000029020 0.000039980 0.000040450 0.000049040 0.000031030 0.000025550 0.000024280 0.000024400 0.000027020 0.000036060 0.000036600 0.000037480 0.000039430 0.000025060 0.000025150 0.000024090 0.000027250 0.000026340 0.000021590 0.000020810 0.000031490 0.000038330 0.000033120 0.000032600 0.000083320 
25     0.000032180 0.000043430 0.000051190 0.000045650 0.000034350 0.000033150 0.000023400 0.000021200 0.000025170 0.000032200 0.000029530 0.000022420 0.000026680 0.000024480 0.000015080 0.000000000 0.000014630 0.000026490 0.000025100 0.000026590 0.000042770 0.000029450 0.000029800 0.000029540 0.000019550 0.000023090 0.000020860 0.000031820 0.000032290 0.000040880 0.000022870 0.000017390 0.000016120 0.000016240 0.000018860 0.000013300 0.000028440 0.000029320 0.000031270 0.000016900 0.000016990 0.000015930 0.000019090 0.000018180 0.000013430 0.000012650 0.000023330 0.000030170 0.000024960 0.000024440 0.000079710 
27     0.000038450 0.000062470 0.000070230 0.000059470 0.000040620 0.000039420 0.000029670 0.000027470 0.000031440 0.000038470 0.000035800 0.000028690 0.000032950 0.000030750 0.000022790 0.000014630 0.000000000 0.000032760 0.000031370 0.000032860 0.000036080 0.000008410 0.000035080 0.000035810 0.000025820 0.000029360 0.000027130 0.000038090 0.000038560 0.000047150 0.000029140 0.000023660 0.000022390 0.000022510 0.000025130 0.000034170 0.000034710 0.000035590 0.000037540 0.000023170 0.000023260 0.000022200 0.000025360 0.000024450 0.000019700 0.000018920 0.000029600 0.000036440 0.000031230 0.000030710 0.000098750 
19     0.000039090 0.000051170 0.000058930 0.000053390 0.000041260 0.000039900 0.000030150 0.000028110 0.000031920 0.000039110 0.000036440 0.000029170 0.000033590 0.000031390 0.000034650 0.000026490 0.000032760 0.000000000 0.000005810 0.000000820 0.000028340 0.000015020 0.000015370 0.000015110 0.000026300 0.000029840 0.000027610 0.000038730 0.000039200 0.000047790 0.000029780 0.000024300 0.000023030 0.000023150 0.000025770 0.000034810 0.000035350 0.000036230 0.000038180 0.000023810 0.000023900 0.000022840 0.000026000 0.000025090 0.000020340 0.000019560 0.000030240 0.000037080 0.000031870 0.000031350 0.000087450 
7     0.000037700 0.000041600 0.000049360 0.000043820 0.000039870 0.000038510 0.000028760 0.000026720 0.000030530 0.000037720 0.000035050 0.000027780 0.000032200 0.000030000 0.000031340 0.000025100 0.000031370 0.000005810 0.000000000 0.000005910 0.000026950 0.000013630 0.000013980 0.000013720 0.000024910 0.000028450 0.000026220 0.000037340 0.000037810 0.000046400 0.000028390 0.000022910 0.000021640 0.000021760 0.000024380 0.000033420 0.000033960 0.000034840 0.000036790 0.000022420 0.000022510 0.000021450 0.000024610 0.000023700 0.000018950 0.000018170 0.000028850 0.000035690 0.000030480 0.000029960 0.000077880 
29     0.000039190 0.000061090 0.000068850 0.000060210 0.000041360 0.000040000 0.000030250 0.000028210 0.000032020 0.000039210 0.000036540 0.000029270 0.000033690 0.000031490 0.000034750 0.000026590 0.000032860 0.000000820 0.000005910 0.000000000 0.000028440 0.000015120 0.000015470 0.000015210 0.000026400 0.000029940 0.000027710 0.000038830 0.000039300 0.000047890 0.000029880 0.000024400 0.000023130 0.000023250 0.000025870 0.000034910 0.000035450 0.000036330 0.000038280 0.000023910 0.000024000 0.000022940 0.000026100 0.000025190 0.000020440 0.000019660 0.000030340 0.000037180 0.000031970 0.000031450 0.000097370 
15     0.000055370 0.000084350 0.000089600 0.000076390 0.000057540 0.000056180 0.000046430 0.000044390 0.000048200 0.000055390 0.000052720 0.000045450 0.000049870 0.000047670 0.000050930 0.000042770 0.000036080 0.000028340 0.000026950 0.000028440 0.000000000 0.000016580 0.000027710 0.000027450 0.000042580 0.000046120 0.000043890 0.000025670 0.000055480 0.000064070 0.000046060 0.000040580 0.000039310 0.000039430 0.000042050 0.000051090 0.000051630 0.000052510 0.000054460 0.000040090 0.000040180 0.000039120 0.000042280 0.000041370 0.000036620 0.000035840 0.000046520 0.000053360 0.000048150 0.000047630 0.000120630 
4     0.000042050 0.000057920 0.000065680 0.000060140 0.000044220 0.000042860 0.000033110 0.000031070 0.000034880 0.000042070 0.000039400 0.000032130 0.000036550 0.000034350 0.000037610 0.000029450 0.000008410 0.000015020 0.000013630 0.000015120 0.000016580 0.000000000 0.000014390 0.000014130 0.000029260 0.000032800 0.000030570 0.000041690 0.000042160 0.000050750 0.000032740 0.000027260 0.000025990 0.000026110 0.000028730 0.000037770 0.000038310 0.000039190 0.000041140 0.000026770 0.000026860 0.000025800 0.000028960 0.000028050 0.000023300 0.000022520 0.000033200 0.000040040 0.000034830 0.000034310 0.000094200 
10     0.000042400 0.000045830 0.000053590 0.000048050 0.000044570 0.000043210 0.000021870 0.000031420 0.000035230 0.000042420 0.000039750 0.000032480 0.000036900 0.000034700 0.000033830 0.000029800 0.000035080 0.000015370 0.000013980 0.000015470 0.000027710 0.000014390 0.000000000 0.000011920 0.000029610 0.000033150 0.000030920 0.000042040 0.000042510 0.000051100 0.000033090 0.000027610 0.000026340 0.000026460 0.000029080 0.000038120 0.000038660 0.000039540 0.000041490 0.000027120 0.000027210 0.000026150 0.000029310 0.000028400 0.000023650 0.000022870 0.000033550 0.000040390 0.000035180 0.000034660 0.000082110 
23     0.000042140 0.000053740 0.000061500 0.000055960 0.000044310 0.000042950 0.000029780 0.000031160 0.000034970 0.000042160 0.000039490 0.000032220 0.000036640 0.000034440 0.000037700 0.000029540 0.000035810 0.000015110 0.000013720 0.000015210 0.000027450 0.000014130 0.000011920 0.000000000 0.000029350 0.000032890 0.000030660 0.000041780 0.000042250 0.000050840 0.000032830 0.000027350 0.000026080 0.000026200 0.000028820 0.000037860 0.000038400 0.000039280 0.000041230 0.000026860 0.000026950 0.000025890 0.000029050 0.000028140 0.000023390 0.000022610 0.000033290 0.000040130 0.000034920 0.000034400 0.000090020 
12     0.000032150 0.000062810 0.000066380 0.000053170 0.000034320 0.000019540 0.000009790 0.000021170 0.000011560 0.000032170 0.000029500 0.000008610 0.000026650 0.000024450 0.000027710 0.000019550 0.000025820 0.000026300 0.000024910 0.000026400 0.000042580 0.000029260 0.000029610 0.000029350 0.000000000 0.000007760 0.000005430 0.000031790 0.000032260 0.000040850 0.000022840 0.000017360 0.000016090 0.000016210 0.000018830 0.000027870 0.000028410 0.000029290 0.000031240 0.000016870 0.000016960 0.000015900 0.000019060 0.000018150 0.000013400 0.000012620 0.000023300 0.000030140 0.000024930 0.000024410 0.000074210 
21     0.000035690 0.000066350 0.000069920 0.000056710 0.000037860 0.000023080 0.000013330 0.000024710 0.000015100 0.000035710 0.000033040 0.000012150 0.000030190 0.000027990 0.000031250 0.000023090 0.000029360 0.000029840 0.000028450 0.000029940 0.000046120 0.000032800 0.000033150 0.000032890 0.000007760 0.000000000 0.000004110 0.000035330 0.000035800 0.000044390 0.000026380 0.000020900 0.000019630 0.000019750 0.000022370 0.000031410 0.000031950 0.000032830 0.000034780 0.000020410 0.000020500 0.000019440 0.000022600 0.000021690 0.000016940 0.000002330 0.000026840 0.000033680 0.000028470 0.000027950 0.000068560 
24     0.000033460 0.000064120 0.000067690 0.000054480 0.000035630 0.000020850 0.000011100 0.000022480 0.000012870 0.000033480 0.000030810 0.000009920 0.000027960 0.000025760 0.000029020 0.000020860 0.000027130 0.000027610 0.000026220 0.000027710 0.000043890 0.000030570 0.000030920 0.000030660 0.000005430 0.000004110 0.000000000 0.000033100 0.000033570 0.000000040 0.000024150 0.000018670 0.000017400 0.000017520 0.000020140 0.000029180 0.000029720 0.000030600 0.000032550 0.000018180 0.000018270 0.000017210 0.000020370 0.000019460 0.000014710 0.000001960 0.000024610 0.000031450 0.000026240 0.000025720 0.000069530 
1     0.000022320 0.000050450 0.000056550 0.000043340 0.000024490 0.000045390 0.000035640 0.000033280 0.000037410 0.000010030 0.000022310 0.000034660 0.000038760 0.000036560 0.000039980 0.000031820 0.000038090 0.000038730 0.000037340 0.000038830 0.000025670 0.000041690 0.000042040 0.000041780 0.000031790 0.000035330 0.000033100 0.000000000 0.000004350 0.000021170 0.000034950 0.000029470 0.000028200 0.000028320 0.000030940 0.000039980 0.000040520 0.000041400 0.000043350 0.000028980 0.000023560 0.000027860 0.000031170 0.000010640 0.000014970 0.000024730 0.000014230 0.000021070 0.000015860 0.000015340 0.000060550 
2     0.000022790 0.000053450 0.000057020 0.000043810 0.000024960 0.000045860 0.000036110 0.000033750 0.000037880 0.000027690 0.000030590 0.000035130 0.000039230 0.000037030 0.000040450 0.000032290 0.000038560 0.000039200 0.000037810 0.000039300 0.000055480 0.000042160 0.000042510 0.000042250 0.000032260 0.000035800 0.000033570 0.000004350 0.000000000 0.000025990 0.000035420 0.000029940 0.000028670 0.000028790 0.000031410 0.000040450 0.000040990 0.000041870 0.000043820 0.000029450 0.000029540 0.000028480 0.000031640 0.000028300 0.000025980 0.000025200 0.000014700 0.000021540 0.000016330 0.000015810 0.000068830 
41     0.000031380 0.000055240 0.000063000 0.000052400 0.000033550 0.000054450 0.000044700 0.000042340 0.000046470 0.000028480 0.000007380 0.000043720 0.000047820 0.000045620 0.000049040 0.000040880 0.000047150 0.000047790 0.000046400 0.000047890 0.000064070 0.000050750 0.000051100 0.000050840 0.000040850 0.000044390 0.000000040 0.000021170 0.000025990 0.000000000 0.000044010 0.000038530 0.000037260 0.000037380 0.000040000 0.000049040 0.000049580 0.000050460 0.000052410 0.000038040 0.000028350 0.000032650 0.000038740 0.000029090 0.000033420 0.000033790 0.000023290 0.000029180 0.000024920 0.000024400 0.000065340 
32     0.000035310 0.000065970 0.000069540 0.000056330 0.000037480 0.000036440 0.000026690 0.000023650 0.000028460 0.000028010 0.000031020 0.000025710 0.000028170 0.000025970 0.000031030 0.000022870 0.000029140 0.000029780 0.000028390 0.000029880 0.000046060 0.000032740 0.000033090 0.000032830 0.000022840 0.000026380 0.000024150 0.000034950 0.000035420 0.000044010 0.000000000 0.000013320 0.000012050 0.000012170 0.000014790 0.000026410 0.000026950 0.000028870 0.000032760 0.000019350 0.000019440 0.000018380 0.000021540 0.000020630 0.000015880 0.000015100 0.000026460 0.000033300 0.000028090 0.000027570 0.000127210 
37     0.000029830 0.000060490 0.000064060 0.000050850 0.000032000 0.000030960 0.000021210 0.000018170 0.000022980 0.000022650 0.000025540 0.000020230 0.000022690 0.000020490 0.000025550 0.000017390 0.000023660 0.000024300 0.000022910 0.000024400 0.000040580 0.000027260 0.000027610 0.000027350 0.000017360 0.000020900 0.000018670 0.000029470 0.000029940 0.000038530 0.000013320 0.000000000 0.000004970 0.000002710 0.000009190 0.000020930 0.000021470 0.000023390 0.000027280 0.000013870 0.000013960 0.000012900 0.000016060 0.000015150 0.000010400 0.000009620 0.000020980 0.000027820 0.000022610 0.000022090 0.000104110 
43     0.000028560 0.000059220 0.000062790 0.000049580 0.000030730 0.000029690 0.000019940 0.000016900 0.000021710 0.000021380 0.000024270 0.000018960 0.000021420 0.000019220 0.000024280 0.000016120 0.000022390 0.000023030 0.000021640 0.000023130 0.000039310 0.000025990 0.000026340 0.000026080 0.000016090 0.000019630 0.000017400 0.000028200 0.000028670 0.000037260 0.000012050 0.000004970 0.000000000 0.000003820 0.000007920 0.000019660 0.000020200 0.000018780 0.000026010 0.000012600 0.000012690 0.000011630 0.000014790 0.000013880 0.000009130 0.000008350 0.000019710 0.000026550 0.000021340 0.000020820 0.000088180 
44     0.000028680 0.000059340 0.000062910 0.000049700 0.000030850 0.000029810 0.000020060 0.000017020 0.000021830 0.000021500 0.000024390 0.000019080 0.000021540 0.000019340 0.000024400 0.000016240 0.000022510 0.000023150 0.000021760 0.000023250 0.000039430 0.000026110 0.000026460 0.000026200 0.000016210 0.000019750 0.000017520 0.000028320 0.000028790 0.000037380 0.000012170 0.000002710 0.000003820 0.000000000 0.000008040 0.000019780 0.000020320 0.000015820 0.000026130 0.000012720 0.000012810 0.000011750 0.000014910 0.000014000 0.000009250 0.000008470 0.000019830 0.000026670 0.000021460 0.000020940 0.000085220 
48     0.000031300 0.000061960 0.000065530 0.000052320 0.000033470 0.000032430 0.000022680 0.000019640 0.000024450 0.000024120 0.000027010 0.000021700 0.000024160 0.000021960 0.000027020 0.000018860 0.000025130 0.000025770 0.000024380 0.000025870 0.000042050 0.000028730 0.000029080 0.000028820 0.000018830 0.000022370 0.000020140 0.000030940 0.000031410 0.000040000 0.000014790 0.000009190 0.000007920 0.000008040 0.000000000 0.000022400 0.000022940 0.000024860 0.000028750 0.000015340 0.000015430 0.000014370 0.000017530 0.000016620 0.000011870 0.000011090 0.000022450 0.000029290 0.000024080 0.000023560 0.000100230 
46     0.000040340 0.000071000 0.000074570 0.000061360 0.000042510 0.000041470 0.000020640 0.000028680 0.000033490 0.000035740 0.000036050 0.000030740 0.000033200 0.000031000 0.000036060 0.000013300 0.000034170 0.000034810 0.000033420 0.000034910 0.000051090 0.000037770 0.000038120 0.000037860 0.000027870 0.000031410 0.000029180 0.000039980 0.000040450 0.000049040 0.000026410 0.000020930 0.000019660 0.000019780 0.000022400 0.000000000 0.000001240 0.000033900 0.000037790 0.000024380 0.000024470 0.000023410 0.000026570 0.000025660 0.000020910 0.000020130 0.000031490 0.000038330 0.000033120 0.000032600 0.000108550 
39     0.000040880 0.000071540 0.000075110 0.000061900 0.000043050 0.000042010 0.000032260 0.000029220 0.000034030 0.000036280 0.000036590 0.000031280 0.000033740 0.000031540 0.000036600 0.000028440 0.000034710 0.000035350 0.000033960 0.000035450 0.000051630 0.000038310 0.000038660 0.000038400 0.000028410 0.000031950 0.000029720 0.000040520 0.000040990 0.000049580 0.000026950 0.000021470 0.000020200 0.000020320 0.000022940 0.000001240 0.000000000 0.000034440 0.000038330 0.000024920 0.000025010 0.000023950 0.000027110 0.000026200 0.000021450 0.000020670 0.000032030 0.000038870 0.000033660 0.000033140 0.000108030 
45     0.000041760 0.000072420 0.000075990 0.000062780 0.000043930 0.000042890 0.000033140 0.000030100 0.000034910 0.000038200 0.000037470 0.000032160 0.000034620 0.000032420 0.000037480 0.000029320 0.000035590 0.000036230 0.000034840 0.000036330 0.000052510 0.000039190 0.000039540 0.000039280 0.000029290 0.000032830 0.000030600 0.000041400 0.000041870 0.000050460 0.000028870 0.000023390 0.000018780 0.000015820 0.000024860 0.000033900 0.000034440 0.000000000 0.000033350 0.000025800 0.000025890 0.000024830 0.000027990 0.000027080 0.000022330 0.000021550 0.000032910 0.000039750 0.000034540 0.000034020 0.000087440 
33     0.000043710 0.000074370 0.000077940 0.000064730 0.000045880 0.000044840 0.000035090 0.000032050 0.000036860 0.000042090 0.000004840 0.000034110 0.000015430 0.000013230 0.000039430 0.000031270 0.000037540 0.000038180 0.000036790 0.000038280 0.000054460 0.000041140 0.000041490 0.000041230 0.000031240 0.000034780 0.000032550 0.000043350 0.000043820 0.000052410 0.000032760 0.000027280 0.000026010 0.000026130 0.000028750 0.000037790 0.000038330 0.000033350 0.000000000 0.000027750 0.000027840 0.000026780 0.000029940 0.000029030 0.000024280 0.000023500 0.000034860 0.000041700 0.000036490 0.000035970 0.000108450 
36     0.000029340 0.000060000 0.000063570 0.000050360 0.000031510 0.000030470 0.000012530 0.000015360 0.000022490 0.000028680 0.000026010 0.000007670 0.000023160 0.000020960 0.000025060 0.000016900 0.000023170 0.000023810 0.000022420 0.000023910 0.000040090 0.000026770 0.000027120 0.000026860 0.000016870 0.000020410 0.000018180 0.000028980 0.000029450 0.000038040 0.000019350 0.000013870 0.000012600 0.000012720 0.000015340 0.000024380 0.000024920 0.000025800 0.000027750 0.000000000 0.000011150 0.000010090 0.000013250 0.000012340 0.000008230 0.000007450 0.000020490 0.000027330 0.000022120 0.000021600 0.000109300 
42     0.000029430 0.000043130 0.000050890 0.000045350 0.000031600 0.000030560 0.000020810 0.000014750 0.000022580 0.000028770 0.000026100 0.000019830 0.000023250 0.000021050 0.000025150 0.000016990 0.000023260 0.000023900 0.000022510 0.000024000 0.000040180 0.000026860 0.000027210 0.000026950 0.000016960 0.000020500 0.000018270 0.000023560 0.000029540 0.000028350 0.000019440 0.000013960 0.000012690 0.000012810 0.000015430 0.000024470 0.000025010 0.000025890 0.000027840 0.000011150 0.000000000 0.000007420 0.000010580 0.000011730 0.000008320 0.000007540 0.000009360 0.000007470 0.000006250 0.000008190 0.000053230 
40     0.000028370 0.000047430 0.000055190 0.000049390 0.000030540 0.000029500 0.000019750 0.000013690 0.000021520 0.000027710 0.000025040 0.000018770 0.000022190 0.000019990 0.000024090 0.000015930 0.000022200 0.000022840 0.000021450 0.000022940 0.000039120 0.000025800 0.000026150 0.000025890 0.000015900 0.000019440 0.000017210 0.000027860 0.000028480 0.000032650 0.000018380 0.000012900 0.000011630 0.000011750 0.000014370 0.000023410 0.000023950 0.000024830 0.000026780 0.000010090 0.000007420 0.000000000 0.000009320 0.000010670 0.000007260 0.000006480 0.000013660 0.000011770 0.000010550 0.000012490 0.000057530 
50     0.000031530 0.000053520 0.000061280 0.000052550 0.000033700 0.000032660 0.000022910 0.000016850 0.000024680 0.000030870 0.000028200 0.000021930 0.000025350 0.000023150 0.000027250 0.000019090 0.000025360 0.000026000 0.000024610 0.000026100 0.000042280 0.000028960 0.000029310 0.000029050 0.000019060 0.000022600 0.000020370 0.000031170 0.000031640 0.000038740 0.000021540 0.000016060 0.000014790 0.000014910 0.000017530 0.000026570 0.000027110 0.000027990 0.000029940 0.000013250 0.000010580 0.000009320 0.000000000 0.000013830 0.000010420 0.000009640 0.000018090 0.000018160 0.000016940 0.000018880 0.000063620 
30     0.000030620 0.000058370 0.000064850 0.000051640 0.000032790 0.000031750 0.000022000 0.000014420 0.000023770 0.000014210 0.000027290 0.000021020 0.000024440 0.000022240 0.000026340 0.000018180 0.000024450 0.000025090 0.000023700 0.000025190 0.000041370 0.000028050 0.000028400 0.000028140 0.000018150 0.000021690 0.000019460 0.000010640 0.000028300 0.000029090 0.000020630 0.000015150 0.000013880 0.000014000 0.000016620 0.000025660 0.000026200 0.000027080 0.000029030 0.000012340 0.000011730 0.000010670 0.000013830 0.000000000 0.000009510 0.000008730 0.000021770 0.000028610 0.000023400 0.000022880 0.000068470 
34     0.000025870 0.000056530 0.000060100 0.000046890 0.000028040 0.000027000 0.000017250 0.000012530 0.000019020 0.000018540 0.000022540 0.000016270 0.000019690 0.000017490 0.000021590 0.000013430 0.000019700 0.000020340 0.000018950 0.000020440 0.000036620 0.000023300 0.000023650 0.000023390 0.000013400 0.000016940 0.000014710 0.000014970 0.000025980 0.000033420 0.000015880 0.000010400 0.000009130 0.000009250 0.000011870 0.000020910 0.000021450 0.000022330 0.000024280 0.000008230 0.000008320 0.000007260 0.000010420 0.000009510 0.000000000 0.000002460 0.000017020 0.000023860 0.000018650 0.000018130 0.000072800 
47     0.000025090 0.000055750 0.000059320 0.000046110 0.000027260 0.000026220 0.000016470 0.000011750 0.000018240 0.000024430 0.000021760 0.000015490 0.000018910 0.000016710 0.000020810 0.000012650 0.000018920 0.000019560 0.000018170 0.000019660 0.000035840 0.000022520 0.000022870 0.000022610 0.000012620 0.000002330 0.000001960 0.000024730 0.000025200 0.000033790 0.000015100 0.000009620 0.000008350 0.000008470 0.000011090 0.000020130 0.000020670 0.000021550 0.000023500 0.000007450 0.000007540 0.000006480 0.000009640 0.000008730 0.000002460 0.000000000 0.000016240 0.000023080 0.000017870 0.000017350 0.000067750 
49     0.000014590 0.000045250 0.000048820 0.000035610 0.000016760 0.000036900 0.000027150 0.000024790 0.000028920 0.000033290 0.000031910 0.000026170 0.000030270 0.000028070 0.000031490 0.000023330 0.000029600 0.000030240 0.000028850 0.000030340 0.000046520 0.000033200 0.000033550 0.000033290 0.000023300 0.000026840 0.000024610 0.000014230 0.000014700 0.000023290 0.000026460 0.000020980 0.000019710 0.000019830 0.000022450 0.000031490 0.000032030 0.000032910 0.000034860 0.000020490 0.000009360 0.000013660 0.000018090 0.000021770 0.000017020 0.000016240 0.000000000 0.000010190 0.000006550 0.000006030 0.000055650 
31     0.000021430 0.000043960 0.000051720 0.000042450 0.000023600 0.000043740 0.000033990 0.000031630 0.000035760 0.000031700 0.000030320 0.000033010 0.000037110 0.000034910 0.000038330 0.000030170 0.000036440 0.000037080 0.000035690 0.000037180 0.000053360 0.000040040 0.000040390 0.000040130 0.000030140 0.000033680 0.000031450 0.000021070 0.000021540 0.000029180 0.000033300 0.000027820 0.000026550 0.000026670 0.000029290 0.000038330 0.000038870 0.000039750 0.000041700 0.000027330 0.000007470 0.000011770 0.000018160 0.000028610 0.000023860 0.000023080 0.000010190 0.000000000 0.000003620 0.000004300 0.000054060 
38     0.000016220 0.000042740 0.000050450 0.000037240 0.000018390 0.000038530 0.000028780 0.000026420 0.000030550 0.000030480 0.000029100 0.000027800 0.000031900 0.000029700 0.000033120 0.000024960 0.000031230 0.000031870 0.000030480 0.000031970 0.000048150 0.000034830 0.000035180 0.000034920 0.000024930 0.000028470 0.000026240 0.000015860 0.000016330 0.000024920 0.000028090 0.000022610 0.000021340 0.000021460 0.000024080 0.000033120 0.000033660 0.000034540 0.000036490 0.000022120 0.000006250 0.000010550 0.000016940 0.000023400 0.000018650 0.000017870 0.000006550 0.000003620 0.000000000 0.000000740 0.000052840 
35     0.000015700 0.000044680 0.000049930 0.000036720 0.000017870 0.000038010 0.000028260 0.000025900 0.000030030 0.000032420 0.000031040 0.000027280 0.000031380 0.000029180 0.000032600 0.000024440 0.000030710 0.000031350 0.000029960 0.000031450 0.000047630 0.000034310 0.000034660 0.000034400 0.000024410 0.000027950 0.000025720 0.000015340 0.000015810 0.000024400 0.000027570 0.000022090 0.000020820 0.000020940 0.000023560 0.000032600 0.000033140 0.000034020 0.000035970 0.000021600 0.000008190 0.000012490 0.000018880 0.000022880 0.000018130 0.000017350 0.000006030 0.000004300 0.000000740 0.000000000 0.000054780 
0     0.000077260 0.000079320 0.000087080 0.000081540 0.000080880 0.000136120 0.000081260 0.000100640 0.000104800 0.000067860 0.000066480 0.000106710 0.000100940 0.000094220 0.000083320 0.000079710 0.000098750 0.000087450 0.000077880 0.000097370 0.000120630 0.000094200 0.000082110 0.000090020 0.000074210 0.000068560 0.000069530 0.000060550 0.000068830 0.000065340 0.000127210 0.000104110 0.000088180 0.000085220 0.000100230 0.000108550 0.000108030 0.000087440 0.000108450 0.000109300 0.000053230 0.000057530 0.000063620 0.000068470 0.000072800 0.000067750 0.000055650 0.000054060 0.000052840 0.000054780 0.000000000 
