51
22     0.000000000 0.039587205 0.177579986 0.171321182 0.178681676 0.175488970 0.172262307 0.332284265 0.330222127 0.329354219 0.314000823 0.327220463 0.304483734 0.370506840 0.374206609 0.362005164 0.365724119 0.372950216 0.377548240 0.363139099 0.366114370 0.368956202 0.357365788 0.350406449 0.456222357 0.415147192 0.412231575 0.441134561 0.437085204 0.435747617 0.401739606 0.415824773 0.418770182 0.417406846 0.419551256 0.386492958 0.408276664 0.405765315 0.383980963 0.345651648 0.386751912 0.379313091 0.398704250 0.393630602 0.377919275 0.369204422 0.412979529 0.405802357 0.437615018 0.434516003 0.622676163 
24     0.039587205 0.000000000 0.177193621 0.170934818 0.178277703 0.175084997 0.171831197 0.331916418 0.329854280 0.328986372 0.313875472 0.326910500 0.304115887 0.370138993 0.373838762 0.361637317 0.365356272 0.372582369 0.377180393 0.362771252 0.365746522 0.368588355 0.356997940 0.350038602 0.455854510 0.414779344 0.411863728 0.440766714 0.436717357 0.435379769 0.401371759 0.415456926 0.418402335 0.417038999 0.419183409 0.386125111 0.407908816 0.405397468 0.383612842 0.345284568 0.386384065 0.378945244 0.398336403 0.393262755 0.377551428 0.368836575 0.412611681 0.405434510 0.437247171 0.434148156 0.622308316 
10     0.177579986 0.177193621 0.000000000 0.039856302 0.076765827 0.075773021 0.071598028 0.308521097 0.306356129 0.305598651 0.290922420 0.303847065 0.280503273 0.346753834 0.350453603 0.338412521 0.342131477 0.349335681 0.353933705 0.339275395 0.342499835 0.345125247 0.332760329 0.325800990 0.432405844 0.391330678 0.388415062 0.417318048 0.413201935 0.411864347 0.377856337 0.391941504 0.394969512 0.393606177 0.395734743 0.362476622 0.384459806 0.381919902 0.360361323 0.322183490 0.362954256 0.355515436 0.374593746 0.369949028 0.354228552 0.345513699 0.389263672 0.382086501 0.413899162 0.410800147 0.598802168 
13     0.171321182 0.170934818 0.039856302 0.000000000 0.070102953 0.068125318 0.064524084 0.302279079 0.300114111 0.299356633 0.284780841 0.297705486 0.274361694 0.340562083 0.344261852 0.332220770 0.335939726 0.343143930 0.347741954 0.333091022 0.336308084 0.338933497 0.326568578 0.319609239 0.426214093 0.385138927 0.382223311 0.411126297 0.407010184 0.405672596 0.371664586 0.385749753 0.388777762 0.387414426 0.389542992 0.356284871 0.378268055 0.375728151 0.354169573 0.316012867 0.356762505 0.349323685 0.368401995 0.363757278 0.348036801 0.339321948 0.383071921 0.375894750 0.407707411 0.404608396 0.592610417 
19     0.178681676 0.178277703 0.076765827 0.070102953 0.000000000 0.064724685 0.062309936 0.310943014 0.308873323 0.308020568 0.293156359 0.306066576 0.282885175 0.349261279 0.352961048 0.340919966 0.344638922 0.351843126 0.356441150 0.341796969 0.345007280 0.347632692 0.335267774 0.328308435 0.434970915 0.393895750 0.390980133 0.419883119 0.415767006 0.414429418 0.380421408 0.394506575 0.397534584 0.396171248 0.398299814 0.365205280 0.387024877 0.384484973 0.362926395 0.324732032 0.365502798 0.358063978 0.377126842 0.372497570 0.356777094 0.348062241 0.391812214 0.384635043 0.416447704 0.413348689 0.601331485 
15     0.175488970 0.175084997 0.075773021 0.068125318 0.064724685 0.000000000 0.039749012 0.308071635 0.306001944 0.305149188 0.290310958 0.303235603 0.280039774 0.346394876 0.350094645 0.338053563 0.341772518 0.348976723 0.353574747 0.338930565 0.342140876 0.344766289 0.332401370 0.325442031 0.432104511 0.391029346 0.388113729 0.417016716 0.412900602 0.411563015 0.377555004 0.391640171 0.394668180 0.393304844 0.395433410 0.362338876 0.384158474 0.381618570 0.360059991 0.321865629 0.362636395 0.355197574 0.374240622 0.369631167 0.353910690 0.345195837 0.388945811 0.381768639 0.413581300 0.410482285 0.598465081 
12     0.172262307 0.171831197 0.071598028 0.064524084 0.062309936 0.039749012 0.000000000 0.304959879 0.302890188 0.302037433 0.287207685 0.300132330 0.276949246 0.343291548 0.346991317 0.334950235 0.338669191 0.345873395 0.350471419 0.335827237 0.339037549 0.341662961 0.329298042 0.322338704 0.429001184 0.387926018 0.385010402 0.413913388 0.409797275 0.408459687 0.374451677 0.388536844 0.391564852 0.390201517 0.392330083 0.359235548 0.381055146 0.378515242 0.356956663 0.318762301 0.359533067 0.352094246 0.371162489 0.366527839 0.350807363 0.342092509 0.385842483 0.378665311 0.410477972 0.407378958 0.595361753 
14     0.332284265 0.331916418 0.308521097 0.302279079 0.310943014 0.308071635 0.304959879 0.000000000 0.188318851 0.196978770 0.325260210 0.338030720 0.315599514 0.379563328 0.383452861 0.371402453 0.375126327 0.382403467 0.387001491 0.372792619 0.375501490 0.378236610 0.366483251 0.359523912 0.464886296 0.423811130 0.420663220 0.449798500 0.445810032 0.444472445 0.410464434 0.424549602 0.427477815 0.426114479 0.428215195 0.395151745 0.416935451 0.414424102 0.393058779 0.354884774 0.395204589 0.388046133 0.407722726 0.402368897 0.386656662 0.377941809 0.421683541 0.414528858 0.446352192 0.443253178 0.631738823 
8     0.330222127 0.329854280 0.306356129 0.300114111 0.308873323 0.306001944 0.302890188 0.188318851 0.000000000 0.198389250 0.323295503 0.336030952 0.313734767 0.378009449 0.381913207 0.369862799 0.373586673 0.380863813 0.385461837 0.371252965 0.373961836 0.376694387 0.364958875 0.357999537 0.462665913 0.421607438 0.418476821 0.447594808 0.443606340 0.442268752 0.408260742 0.422345909 0.425213645 0.423850309 0.425951025 0.393051602 0.414843421 0.412332073 0.390853266 0.352819045 0.393102468 0.385945076 0.405641205 0.400287377 0.384523542 0.375810248 0.419628072 0.412476465 0.444315786 0.441216772 0.629983092 
6     0.329354219 0.328986372 0.305598651 0.299356633 0.308020568 0.305149188 0.302037433 0.196978770 0.198389250 0.000000000 0.322321552 0.335092061 0.312814567 0.377468512 0.381419254 0.369368846 0.373092721 0.380369860 0.384967884 0.370759012 0.373467883 0.376249184 0.364457608 0.357498269 0.462757217 0.421682052 0.418487542 0.447669422 0.443680954 0.442343366 0.408335356 0.422420523 0.425348736 0.423985400 0.426086116 0.393022667 0.414806372 0.412295024 0.390929700 0.352617356 0.392773033 0.385813988 0.405577262 0.400223433 0.384502957 0.375788104 0.419538077 0.412383394 0.444222715 0.441123700 0.629399942 
4     0.314000823 0.313875472 0.290922420 0.284780841 0.293156359 0.290310958 0.287207685 0.325260210 0.323295503 0.322321552 0.000000000 0.152392671 0.268480897 0.363055067 0.366770827 0.354802286 0.358526160 0.365568227 0.370166251 0.356187766 0.358898925 0.361867536 0.349131373 0.342172035 0.448929209 0.407854044 0.404967969 0.433841414 0.429698970 0.428361382 0.394353372 0.408438539 0.411467563 0.410104228 0.412258109 0.379310739 0.401094445 0.398583097 0.377227029 0.339218222 0.379792899 0.372443956 0.392051096 0.386697267 0.370976790 0.362261937 0.406011911 0.398834739 0.430674371 0.427575357 0.615237991 
23     0.327220463 0.326910500 0.303847065 0.297705486 0.306066576 0.303235603 0.300132330 0.338030720 0.336030952 0.335092061 0.152392671 0.000000000 0.281567809 0.375920381 0.379636141 0.367667600 0.371391474 0.378599239 0.383197263 0.369053080 0.371764239 0.374732850 0.361998930 0.355039591 0.461314711 0.420239545 0.417353470 0.446226915 0.441955325 0.440617737 0.406629773 0.420714940 0.423853065 0.422489729 0.424643610 0.391751103 0.413534809 0.411023461 0.389684370 0.351777114 0.392351791 0.385002848 0.404609987 0.399256159 0.383535682 0.374820829 0.418570802 0.411393631 0.443233263 0.440134248 0.627951550 
5     0.304483734 0.304115887 0.280503273 0.274361694 0.282885175 0.280039774 0.276949246 0.315599514 0.313734767 0.312814567 0.268480897 0.281567809 0.000000000 0.354573781 0.358289541 0.346241168 0.349960124 0.357159406 0.361757430 0.347605741 0.350335286 0.353142940 0.340487180 0.333527842 0.439169298 0.398094133 0.395208058 0.424081502 0.420062932 0.418725345 0.384717334 0.398802502 0.401660705 0.400297369 0.402498197 0.369441352 0.391300648 0.388789299 0.367375603 0.328765336 0.369064038 0.361625217 0.381661899 0.376296697 0.360587537 0.351872684 0.395721193 0.388538072 0.420377705 0.417278690 0.605488522 
3     0.370506840 0.370138993 0.346753834 0.340562083 0.349261279 0.346394876 0.343291548 0.379563328 0.378009449 0.377468512 0.363055067 0.375920381 0.354573781 0.000000000 0.093107607 0.151806938 0.157062495 0.165224420 0.169798475 0.155386156 0.157384723 0.285165119 0.309373767 0.302385296 0.457522629 0.416495214 0.413617246 0.442482583 0.438541327 0.437203740 0.403195729 0.417280897 0.420067765 0.418704429 0.420814220 0.387664201 0.409573115 0.407061766 0.385792949 0.347078985 0.387763979 0.379386013 0.400670251 0.395237722 0.379517246 0.370802393 0.414552366 0.406971525 0.438810846 0.435711832 0.624531487 
7     0.374206609 0.373838762 0.350453603 0.344261852 0.352961048 0.350094645 0.346991317 0.383452861 0.381913207 0.381419254 0.366770827 0.379636141 0.358289541 0.093107607 0.000000000 0.156565969 0.161957180 0.169904828 0.174641716 0.159552890 0.162460865 0.289000962 0.313112014 0.306123544 0.461201238 0.420173671 0.417295704 0.446161041 0.442219785 0.440882197 0.406874187 0.420959354 0.423746223 0.422382887 0.424492678 0.391139157 0.413048071 0.410536722 0.388890625 0.350544012 0.391229006 0.383037710 0.404219157 0.398786628 0.383066152 0.374351298 0.418101272 0.410520431 0.442359752 0.439260738 0.627982976 
2     0.362005164 0.361637317 0.338412521 0.332220770 0.340919966 0.338053563 0.334950235 0.371402453 0.369862799 0.369368846 0.354802286 0.367667600 0.346241168 0.151806938 0.156565969 0.000000000 0.108321856 0.130137393 0.133950905 0.121755243 0.121881303 0.277312789 0.300825995 0.293837525 0.449377978 0.408350412 0.405472444 0.434337782 0.430396526 0.429058938 0.395050928 0.409136095 0.411922964 0.410559628 0.412669419 0.379506835 0.401393086 0.398881737 0.377530929 0.338790358 0.379475352 0.371428578 0.392395897 0.386963369 0.371242892 0.362528039 0.406278013 0.398697172 0.430536493 0.427437478 0.616188176 
16     0.365724119 0.365356272 0.342131477 0.335939726 0.344638922 0.341772518 0.338669191 0.375126327 0.373586673 0.373092721 0.358526160 0.371391474 0.349960124 0.157062495 0.161957180 0.108321856 0.000000000 0.136348466 0.141589306 0.127758243 0.128280965 0.280481895 0.304381775 0.297393304 0.452916701 0.411889134 0.409011167 0.437876504 0.433935248 0.432597661 0.398589650 0.412674817 0.415461686 0.414098350 0.416208141 0.383045557 0.404931808 0.402420460 0.381069652 0.342329081 0.383014075 0.374967301 0.395934620 0.390502092 0.374781615 0.366066762 0.409816735 0.402235894 0.434075215 0.430976201 0.619726899 
20     0.372950216 0.372582369 0.349335681 0.343143930 0.351843126 0.348976723 0.345873395 0.382403467 0.380863813 0.380369860 0.365568227 0.378599239 0.357159406 0.165224420 0.169904828 0.130137393 0.136348466 0.000000000 0.061727911 0.105987959 0.107699188 0.288540897 0.312269194 0.305280723 0.460214634 0.419297078 0.416419110 0.445284448 0.441343192 0.440005604 0.405997594 0.420082761 0.422869630 0.421506294 0.423616085 0.390400797 0.412339752 0.409828403 0.388477595 0.349535241 0.390149358 0.382102583 0.403342564 0.397910035 0.382189559 0.373474705 0.417224679 0.409643838 0.441483159 0.438384145 0.627185570 
1     0.377548240 0.377180393 0.353933705 0.347741954 0.356441150 0.353574747 0.350471419 0.387001491 0.385461837 0.384967884 0.370166251 0.383197263 0.361757430 0.169798475 0.174641716 0.133950905 0.141589306 0.061727911 0.000000000 0.110784907 0.112353305 0.293128551 0.316858687 0.309870216 0.464816608 0.423895102 0.421017135 0.449882472 0.445941216 0.444603628 0.410595618 0.424680785 0.427467654 0.426104318 0.428214109 0.394998821 0.416937776 0.414426427 0.393075619 0.354133265 0.394747382 0.386700607 0.407940588 0.402508059 0.386787583 0.378072729 0.421822703 0.414241862 0.446081183 0.442982169 0.631783594 
21     0.363139099 0.362771252 0.339275395 0.333091022 0.341796969 0.338930565 0.335827237 0.372792619 0.371252965 0.370759012 0.356187766 0.369053080 0.347605741 0.155386156 0.159552890 0.121755243 0.127758243 0.105987959 0.110784907 0.000000000 0.076732607 0.278947761 0.302627260 0.295638790 0.450300526 0.409347624 0.406469657 0.435334994 0.431393738 0.430056151 0.396048140 0.410133307 0.412920176 0.411556840 0.413666631 0.380430246 0.402390298 0.399878950 0.378528142 0.339536193 0.380150310 0.372103536 0.393223023 0.387581903 0.372070018 0.363355165 0.407105138 0.399628743 0.431468064 0.428369049 0.617403396 
18     0.366114370 0.365746522 0.342499835 0.336308084 0.345007280 0.342140876 0.339037549 0.375501490 0.373961836 0.373467883 0.358898925 0.371764239 0.350335286 0.157384723 0.162460865 0.121881303 0.128280965 0.107699188 0.112353305 0.076732607 0.000000000 0.281269194 0.305083440 0.298094969 0.453246857 0.412293955 0.409415987 0.438281324 0.434340068 0.433002481 0.398994470 0.413079638 0.415866506 0.414503170 0.416612961 0.383376576 0.405336628 0.402825280 0.381474472 0.342532117 0.383146234 0.375099460 0.396339440 0.390906912 0.375186435 0.366471582 0.410221555 0.402640714 0.434480036 0.431381021 0.620182447 
11     0.368956202 0.368588355 0.345125247 0.338933497 0.347632692 0.344766289 0.341662961 0.378236610 0.376694387 0.376249184 0.361867536 0.374732850 0.353142940 0.285165119 0.289000962 0.277312789 0.280481895 0.288540897 0.293128551 0.278947761 0.281269194 0.000000000 0.306734414 0.299745943 0.455956545 0.414928979 0.412051011 0.440916349 0.436975093 0.435637505 0.401629495 0.415714662 0.418326645 0.416963309 0.419073100 0.386173582 0.407974610 0.405463261 0.384198074 0.345439429 0.386124423 0.378452811 0.399067441 0.393634913 0.377914436 0.369199583 0.412949557 0.405394922 0.437228095 0.434129081 0.622603578 
17     0.357365788 0.356997940 0.332760329 0.326568578 0.335267774 0.332401370 0.329298042 0.366483251 0.364958875 0.364457608 0.349131373 0.361998930 0.340487180 0.309373767 0.313112014 0.300825995 0.304381775 0.312269194 0.316858687 0.302627260 0.305083440 0.306734414 0.000000000 0.059535256 0.442820512 0.401768085 0.398890118 0.427755455 0.423820243 0.422482655 0.388474645 0.402559812 0.405340637 0.403977301 0.406087092 0.373058451 0.394879270 0.392320905 0.370849496 0.332179546 0.372845791 0.365265989 0.385992865 0.380560337 0.364839860 0.356125007 0.399874980 0.392362055 0.423968676 0.420869661 0.609978199 
9     0.350406449 0.350038602 0.325800990 0.319609239 0.328308435 0.325442031 0.322338704 0.359523912 0.357999537 0.357498269 0.342172035 0.355039591 0.333527842 0.302385296 0.306123544 0.293837525 0.297393304 0.305280723 0.309870216 0.295638790 0.298094969 0.299745943 0.059535256 0.000000000 0.436009922 0.394957495 0.392079527 0.420944865 0.417009653 0.415672065 0.381664055 0.395749222 0.398530047 0.397166711 0.399276502 0.366248576 0.388102531 0.385591183 0.364038905 0.325306577 0.365972822 0.358393020 0.379119896 0.373687368 0.357966891 0.349252038 0.393002012 0.385489086 0.417095707 0.413996692 0.603057761 
37     0.456222357 0.455854510 0.432405844 0.426214093 0.434970915 0.432104511 0.429001184 0.464886296 0.462665913 0.462757217 0.448929209 0.461314711 0.439169298 0.457522629 0.461201238 0.449377978 0.452916701 0.460214634 0.464816608 0.450300526 0.453246857 0.455956545 0.442820512 0.436009922 0.000000000 0.187143056 0.184131226 0.209445350 0.209935041 0.207671442 0.175537010 0.189757238 0.190935172 0.188857708 0.191581181 0.272897227 0.296192016 0.293917516 0.281396266 0.326424625 0.367346430 0.360138912 0.378421174 0.372543507 0.356885377 0.348192665 0.391548870 0.384908431 0.416938508 0.413818130 0.661393015 
29     0.415147192 0.414779344 0.391330678 0.385138927 0.393895750 0.391029346 0.387926018 0.423811130 0.421607438 0.421682052 0.407854044 0.420239545 0.398094133 0.416495214 0.420173671 0.408350412 0.411889134 0.419297078 0.423895102 0.409347624 0.412293955 0.414928979 0.401768085 0.394957495 0.187143056 0.000000000 0.047378285 0.149363587 0.147180285 0.146485994 0.112750903 0.125967685 0.132477724 0.131470020 0.133663190 0.231592746 0.254044183 0.252125610 0.239393788 0.285531489 0.326543928 0.319231856 0.337501952 0.331624284 0.315966154 0.307273443 0.350629647 0.343992234 0.376114637 0.372994258 0.620294934 
36     0.412231575 0.411863728 0.388415062 0.382223311 0.390980133 0.388113729 0.385010402 0.420663220 0.418476821 0.418487542 0.404967969 0.417353470 0.395208058 0.413617246 0.417295704 0.405472444 0.409011167 0.416419110 0.421017135 0.406469657 0.409415987 0.412051011 0.398890118 0.392079527 0.184131226 0.047378285 0.000000000 0.146273598 0.145385473 0.144855191 0.110288830 0.123777088 0.130362727 0.129284900 0.131129471 0.229057578 0.251633567 0.249590442 0.236809527 0.282755275 0.323767715 0.316455643 0.334725738 0.328848071 0.313189941 0.304497229 0.347853434 0.341216020 0.373338423 0.370218045 0.617461431 
28     0.441134561 0.440766714 0.417318048 0.411126297 0.419883119 0.417016716 0.413913388 0.449798500 0.447594808 0.447669422 0.433841414 0.446226915 0.424081502 0.442482583 0.446161041 0.434337782 0.437876504 0.445284448 0.449882472 0.435334994 0.438281324 0.440916349 0.427755455 0.420944865 0.209445350 0.149363587 0.146273598 0.000000000 0.173951561 0.172573716 0.138768381 0.153470005 0.158612824 0.157885745 0.160128364 0.258535093 0.281084505 0.278945046 0.265974681 0.311331807 0.352388866 0.345076794 0.363357661 0.357479993 0.341821863 0.333129152 0.376485356 0.369844917 0.401967320 0.398846941 0.646282303 
27     0.437085204 0.436717357 0.413201935 0.407010184 0.415767006 0.412900602 0.409797275 0.445810032 0.443606340 0.443680954 0.429698970 0.441955325 0.420062932 0.438541327 0.442219785 0.430396526 0.433935248 0.441343192 0.445941216 0.431393738 0.434340068 0.436975093 0.423820243 0.417009653 0.209935041 0.147180285 0.145385473 0.173951561 0.000000000 0.077063054 0.083801013 0.100648417 0.154532584 0.153307772 0.155778456 0.254171735 0.276725631 0.274739008 0.261945233 0.307726779 0.348739218 0.341413817 0.359791521 0.353901015 0.338255723 0.329563012 0.372906378 0.366258645 0.398224351 0.395093390 0.642495240 
32     0.435747617 0.435379769 0.411864347 0.405672596 0.414429418 0.411563015 0.408459687 0.444472445 0.442268752 0.442343366 0.428361382 0.440617737 0.418725345 0.437203740 0.440882197 0.429058938 0.432597661 0.440005604 0.444603628 0.430056151 0.433002481 0.435637505 0.422482655 0.415672065 0.207671442 0.146485994 0.144855191 0.172573716 0.077063054 0.000000000 0.085060860 0.101369813 0.153048211 0.152139185 0.154587623 0.252949789 0.275489881 0.273553308 0.260774917 0.306298592 0.347311032 0.339938114 0.358363334 0.352472828 0.336827536 0.328134825 0.371478191 0.364830458 0.396796165 0.393665203 0.641157652 
39     0.401739606 0.401371759 0.377856337 0.371664586 0.380421408 0.377555004 0.374451677 0.410464434 0.408260742 0.408335356 0.394353372 0.406629773 0.384717334 0.403195729 0.406874187 0.395050928 0.398589650 0.405997594 0.410595618 0.396048140 0.398994470 0.401629495 0.388474645 0.381664055 0.175537010 0.112750903 0.110288830 0.138768381 0.083801013 0.085060860 0.000000000 0.057214530 0.120310114 0.119140925 0.121608993 0.218805040 0.241387169 0.239400546 0.226639172 0.272384081 0.313396520 0.306078900 0.324448822 0.318558317 0.302913025 0.294220313 0.337563680 0.330915947 0.362881653 0.359750691 0.607149642 
35     0.415824773 0.415456926 0.391941504 0.385749753 0.394506575 0.391640171 0.388536844 0.424549602 0.422345909 0.422420523 0.408438539 0.420714940 0.398802502 0.417280897 0.420959354 0.409136095 0.412674817 0.420082761 0.424680785 0.410133307 0.413079638 0.415714662 0.402559812 0.395749222 0.189757238 0.125967685 0.123777088 0.153470005 0.100648417 0.101369813 0.057214530 0.000000000 0.134629358 0.133401795 0.135872425 0.232993357 0.255648077 0.253654886 0.240825018 0.286469248 0.327481687 0.320156286 0.338533990 0.332643484 0.316998192 0.308305481 0.351648847 0.345001114 0.376966820 0.373835859 0.621234809 
38     0.418770182 0.418402335 0.394969512 0.388777762 0.397534584 0.394668180 0.391564852 0.427477815 0.425213645 0.425348736 0.411467563 0.423853065 0.401660705 0.420067765 0.423746223 0.411922964 0.415461686 0.422869630 0.427467654 0.412920176 0.415866506 0.418326645 0.405340637 0.398530047 0.190935172 0.132477724 0.130362727 0.158612824 0.154532584 0.153048211 0.120310114 0.134629358 0.000000000 0.035351780 0.062343041 0.236341220 0.258805703 0.256666244 0.243359223 0.289257218 0.330269658 0.322950216 0.340935905 0.335065492 0.319407361 0.310714650 0.354073155 0.347476740 0.379564803 0.376444424 0.624014238 
47     0.417406846 0.417038999 0.393606177 0.387414426 0.396171248 0.393304844 0.390201517 0.426114479 0.423850309 0.423985400 0.410104228 0.422489729 0.400297369 0.418704429 0.422382887 0.410559628 0.414098350 0.421506294 0.426104318 0.411556840 0.414503170 0.416963309 0.403977301 0.397166711 0.188857708 0.131470020 0.129284900 0.157885745 0.153307772 0.152139185 0.119140925 0.133401795 0.035351780 0.000000000 0.060957609 0.235151106 0.257622984 0.255483524 0.242054591 0.287895877 0.328908317 0.321596244 0.339574564 0.333704150 0.318046020 0.309353309 0.352711814 0.346115399 0.378203462 0.375083083 0.622650903 
48     0.419551256 0.419183409 0.395734743 0.389542992 0.398299814 0.395433410 0.392330083 0.428215195 0.425951025 0.426086116 0.412258109 0.424643610 0.402498197 0.420814220 0.424492678 0.412669419 0.416208141 0.423616085 0.428214109 0.413666631 0.416612961 0.419073100 0.406087092 0.399276502 0.191581181 0.133663190 0.131129471 0.160128364 0.155778456 0.154587623 0.121608993 0.135872425 0.062343041 0.060957609 0.000000000 0.237118916 0.259543642 0.257404183 0.244030247 0.289950164 0.330962603 0.323638986 0.341627196 0.335756782 0.320098652 0.311405941 0.354764445 0.348168030 0.380256093 0.377135715 0.624746816 
26     0.386492958 0.386125111 0.362476622 0.356284871 0.365205280 0.362338876 0.359235548 0.395151745 0.393051602 0.393022667 0.379310739 0.391751103 0.369441352 0.387664201 0.391139157 0.379506835 0.383045557 0.390400797 0.394998821 0.380430246 0.383376576 0.386173582 0.373058451 0.366248576 0.272897227 0.231592746 0.229057578 0.258535093 0.254171735 0.252949789 0.218805040 0.232993357 0.236341220 0.235151106 0.237118916 0.000000000 0.170399892 0.166720771 0.213566435 0.256762187 0.297714123 0.290514182 0.309587605 0.303710403 0.288057801 0.279365089 0.322682028 0.315837081 0.347867219 0.344746840 0.591665756 
49     0.408276664 0.407908816 0.384459806 0.378268055 0.387024877 0.384158474 0.381055146 0.416935451 0.414843421 0.414806372 0.401094445 0.413534809 0.391300648 0.409573115 0.413048071 0.401393086 0.404931808 0.412339752 0.416937776 0.402390298 0.405336628 0.407974610 0.394879270 0.388102531 0.296192016 0.254044183 0.251633567 0.281084505 0.276725631 0.275489881 0.241387169 0.255648077 0.258805703 0.257622984 0.259543642 0.170399892 0.000000000 0.105566839 0.235585734 0.278789562 0.319771695 0.312571754 0.331413311 0.325536108 0.309909737 0.301217026 0.344524396 0.337689991 0.369720129 0.366599750 0.613396737 
40     0.405765315 0.405397468 0.381919902 0.375728151 0.384484973 0.381618570 0.378515242 0.414424102 0.412332073 0.412295024 0.398583097 0.411023461 0.388789299 0.407061766 0.410536722 0.398881737 0.402420460 0.409828403 0.414426427 0.399878950 0.402825280 0.405463261 0.392320905 0.385591183 0.293917516 0.252125610 0.249590442 0.278945046 0.274739008 0.273553308 0.239400546 0.253654886 0.256666244 0.255483524 0.257404183 0.166720771 0.105566839 0.000000000 0.232879126 0.276258514 0.317240648 0.310040707 0.328357708 0.322111664 0.307008969 0.298316258 0.341724770 0.334802672 0.367029054 0.363908676 0.610885388 
46     0.383980963 0.383612842 0.360361323 0.354169573 0.362926395 0.360059991 0.356956663 0.393058779 0.390853266 0.390929700 0.377227029 0.389684370 0.367375603 0.385792949 0.388890625 0.377530929 0.381069652 0.388477595 0.393075619 0.378528142 0.381474472 0.384198074 0.370849496 0.364038905 0.281396266 0.239393788 0.236809527 0.265974681 0.261945233 0.260774917 0.226639172 0.240825018 0.243359223 0.242054591 0.244030247 0.213566435 0.235585734 0.232879126 0.000000000 0.254813105 0.296009767 0.288809826 0.306599520 0.300722317 0.285030825 0.276338114 0.320067332 0.312841677 0.344816153 0.341695775 0.589921502 
41     0.345651648 0.345284568 0.322183490 0.316012867 0.324732032 0.321865629 0.318762301 0.354884774 0.352819045 0.352617356 0.339218222 0.351777114 0.328765336 0.347078985 0.350544012 0.338790358 0.342329081 0.349535241 0.354133265 0.339536193 0.342532117 0.345439429 0.332179546 0.325306577 0.326424625 0.285531489 0.282755275 0.311331807 0.307726779 0.306298592 0.272384081 0.286469248 0.289257218 0.287895877 0.289950164 0.256762187 0.278789562 0.276258514 0.254813105 0.000000000 0.162105932 0.154738228 0.256641729 0.251032313 0.235281575 0.226514084 0.270493979 0.263387387 0.295151537 0.292025838 0.551286369 
43     0.386751912 0.386384065 0.362954256 0.356762505 0.365502798 0.362636395 0.359533067 0.395204589 0.393102468 0.392773033 0.379792899 0.392351791 0.369064038 0.387763979 0.391229006 0.379475352 0.383014075 0.390149358 0.394747382 0.380150310 0.383146234 0.386124423 0.372845791 0.365972822 0.367346430 0.326543928 0.323767715 0.352388866 0.348739218 0.347311032 0.313396520 0.327481687 0.330269658 0.328908317 0.330962603 0.297714123 0.319771695 0.317240648 0.296009767 0.162105932 0.000000000 0.072723647 0.297431337 0.291861855 0.276072700 0.267305209 0.311146090 0.303960745 0.335981508 0.332855809 0.592395324 
42     0.379313091 0.378945244 0.355515436 0.349323685 0.358063978 0.355197574 0.352094246 0.388046133 0.385945076 0.385813988 0.372443956 0.385002848 0.361625217 0.379386013 0.383037710 0.371428578 0.374967301 0.382102583 0.386700607 0.372103536 0.375099460 0.378452811 0.365265989 0.358393020 0.360138912 0.319231856 0.316455643 0.345076794 0.341413817 0.339938114 0.306078900 0.320156286 0.322950216 0.321596244 0.323638986 0.290514182 0.312571754 0.310040707 0.288809826 0.154738228 0.072723647 0.000000000 0.290275429 0.284705947 0.268916792 0.260149301 0.303990182 0.296804837 0.328825600 0.325699901 0.585124946 
45     0.398704250 0.398336403 0.374593746 0.368401995 0.377126842 0.374240622 0.371162489 0.407722726 0.405641205 0.405577262 0.392051096 0.404609987 0.381661899 0.400670251 0.404219157 0.392395897 0.395934620 0.403342564 0.407940588 0.393223023 0.396339440 0.399067441 0.385992865 0.379119896 0.378421174 0.337501952 0.334725738 0.363357661 0.359791521 0.358363334 0.324448822 0.338533990 0.340935905 0.339574564 0.341627196 0.309587605 0.331413311 0.328357708 0.306599520 0.256641729 0.297431337 0.290275429 0.000000000 0.163544215 0.153511321 0.145520887 0.227346610 0.262487180 0.295529244 0.292269334 0.604330392 
34     0.393630602 0.393262755 0.369949028 0.363757278 0.372497570 0.369631167 0.366527839 0.402368897 0.400287377 0.400223433 0.386697267 0.399256159 0.376296697 0.395237722 0.398786628 0.386963369 0.390502092 0.397910035 0.402508059 0.387581903 0.390906912 0.393634913 0.380560337 0.373687368 0.372543507 0.331624284 0.328848071 0.357479993 0.353901015 0.352472828 0.318558317 0.332643484 0.335065492 0.333704150 0.335756782 0.303710403 0.325536108 0.322111664 0.300722317 0.251032313 0.291861855 0.284705947 0.163544215 0.000000000 0.151253264 0.142453547 0.223169713 0.256721900 0.289694076 0.286439858 0.598726775 
33     0.377919275 0.377551428 0.354228552 0.348036801 0.356777094 0.353910690 0.350807363 0.386656662 0.384523542 0.384502957 0.370976790 0.383535682 0.360587537 0.379517246 0.383066152 0.371242892 0.374781615 0.382189559 0.386787583 0.372070018 0.375186435 0.377914436 0.364839860 0.357966891 0.356885377 0.315966154 0.313189941 0.341821863 0.338255723 0.336827536 0.302913025 0.316998192 0.319407361 0.318046020 0.320098652 0.288057801 0.309909737 0.307008969 0.285030825 0.235281575 0.276072700 0.268916792 0.153511321 0.151253264 0.000000000 0.070424361 0.206142890 0.240787866 0.273376189 0.270121972 0.583006298 
50     0.369204422 0.368836575 0.345513699 0.339321948 0.348062241 0.345195837 0.342092509 0.377941809 0.375810248 0.375788104 0.362261937 0.374820829 0.351872684 0.370802393 0.374351298 0.362528039 0.366066762 0.373474705 0.378072729 0.363355165 0.366471582 0.369199583 0.356125007 0.349252038 0.348192665 0.307273443 0.304497229 0.333129152 0.329563012 0.328134825 0.294220313 0.308305481 0.310714650 0.309353309 0.311405941 0.279365089 0.301217026 0.298316258 0.276338114 0.226514084 0.267305209 0.260149301 0.145520887 0.142453547 0.070424361 0.000000000 0.197203572 0.232152781 0.264750205 0.261495988 0.574291445 
31     0.412979529 0.412611681 0.389263672 0.383071921 0.391812214 0.388945811 0.385842483 0.421683541 0.419628072 0.419538077 0.406011911 0.418570802 0.395721193 0.414552366 0.418101272 0.406278013 0.409816735 0.417224679 0.421822703 0.407105138 0.410221555 0.412949557 0.399874980 0.393002012 0.391548870 0.350629647 0.347853434 0.376485356 0.372906378 0.371478191 0.337563680 0.351648847 0.354073155 0.352711814 0.354764445 0.322682028 0.344524396 0.341724770 0.320067332 0.270493979 0.311146090 0.303990182 0.227346610 0.223169713 0.206142890 0.197203572 0.000000000 0.277297983 0.309947390 0.306594486 0.618130778 
25     0.405802357 0.405434510 0.382086501 0.375894750 0.384635043 0.381768639 0.378665311 0.414528858 0.412476465 0.412383394 0.398834739 0.411393631 0.388538072 0.406971525 0.410520431 0.398697172 0.402235894 0.409643838 0.414241862 0.399628743 0.402640714 0.405394922 0.392362055 0.385489086 0.384908431 0.343992234 0.341216020 0.369844917 0.366258645 0.364830458 0.330915947 0.345001114 0.347476740 0.346115399 0.348168030 0.315837081 0.337689991 0.334802672 0.312841677 0.263387387 0.303960745 0.296804837 0.262487180 0.256721900 0.240787866 0.232152781 0.277297983 0.000000000 0.268195499 0.265073876 0.610193316 
30     0.437615018 0.437247171 0.413899162 0.407707411 0.416447704 0.413581300 0.410477972 0.446352192 0.444315786 0.444222715 0.430674371 0.443233263 0.420377705 0.438810846 0.442359752 0.430536493 0.434075215 0.441483159 0.446081183 0.431468064 0.434480036 0.437228095 0.423968676 0.417095707 0.416938508 0.376114637 0.373338423 0.401967320 0.398224351 0.396796165 0.362881653 0.376966820 0.379564803 0.378203462 0.380256093 0.347867219 0.369720129 0.367029054 0.344816153 0.295151537 0.335981508 0.328825600 0.295529244 0.289694076 0.273376189 0.264750205 0.309947390 0.268195499 0.000000000 0.076352411 0.639856449 
44     0.434516003 0.434148156 0.410800147 0.404608396 0.413348689 0.410482285 0.407378958 0.443253178 0.441216772 0.441123700 0.427575357 0.440134248 0.417278690 0.435711832 0.439260738 0.427437478 0.430976201 0.438384145 0.442982169 0.428369049 0.431381021 0.434129081 0.420869661 0.413996692 0.413818130 0.372994258 0.370218045 0.398846941 0.395093390 0.393665203 0.359750691 0.373835859 0.376444424 0.375083083 0.377135715 0.344746840 0.366599750 0.363908676 0.341695775 0.292025838 0.332855809 0.325699901 0.292269334 0.286439858 0.270121972 0.261495988 0.306594486 0.265073876 0.076352411 0.000000000 0.636757434 
0     0.622676163 0.622308316 0.598802168 0.592610417 0.601331485 0.598465081 0.595361753 0.631738823 0.629983092 0.629399942 0.615237991 0.627951550 0.605488522 0.624531487 0.627982976 0.616188176 0.619726899 0.627185570 0.631783594 0.617403396 0.620182447 0.622603578 0.609978199 0.603057761 0.661393015 0.620294934 0.617461431 0.646282303 0.642495240 0.641157652 0.607149642 0.621234809 0.624014238 0.622650903 0.624746816 0.591665756 0.613396737 0.610885388 0.589921502 0.551286369 0.592395324 0.585124946 0.604330392 0.598726775 0.583006298 0.574291445 0.618130778 0.610193316 0.639856449 0.636757434 0.000000000 
