51
22     0.000000000 0.000096210 0.008080210 0.004078320 0.004476280 0.009693080 0.006983160 0.025765720 0.029413430 0.017125840 0.005623590 0.017114760 0.002855840 0.010865390 0.011039000 0.014280060 0.014380350 0.016199920 0.014333850 0.017579980 0.036557500 0.020098050 0.014446460 0.014454140 0.008944810 0.027623650 0.027907630 0.010802740 0.016589180 0.013129460 0.013039020 0.012956560 0.010896760 0.017299860 0.010938250 0.006769920 0.010485420 0.007699930 0.035069620 0.009942010 0.019073570 0.040962990 0.012212950 0.012208460 0.009836130 0.010424670 0.030440210 0.010061320 0.017716380 0.021171580 0.074532340 
24     0.000096210 0.000000000 0.005703040 0.005959340 0.004316640 0.009351280 0.006823520 0.025423920 0.029318760 0.017031170 0.004939490 0.016684330 0.002171740 0.010181290 0.010354900 0.013595960 0.013696250 0.015515820 0.013649750 0.016895880 0.036127070 0.019667620 0.013762360 0.013770040 0.008260710 0.026939550 0.027223530 0.010118640 0.015905080 0.012445360 0.012354920 0.012272460 0.010212660 0.016615760 0.010254150 0.006085820 0.009801320 0.007015830 0.027005400 0.011889920 0.018389470 0.040532560 0.011528850 0.011524360 0.009152030 0.009740570 0.029756110 0.009377220 0.017032280 0.020487480 0.052642190 
10     0.008080210 0.005703040 0.000000000 0.001356280 0.002882880 0.003114910 0.003284380 0.044450740 0.039859660 0.029864780 0.030400520 0.024926970 0.009384910 0.035642320 0.035815930 0.039056990 0.039157280 0.040933290 0.039110780 0.035436740 0.044369710 0.027910260 0.030368530 0.030717040 0.033721740 0.052400580 0.052684560 0.035579670 0.041366110 0.037906390 0.037815950 0.037733490 0.035673690 0.042076790 0.035715180 0.024007130 0.035262350 0.032476860 0.032866070 0.039483580 0.043850500 0.048775200 0.036989880 0.036985390 0.034613060 0.035201600 0.055217140 0.034838250 0.042493310 0.045948510 0.060375440 
13     0.004078320 0.005959340 0.001356280 0.000000000 0.001884260 0.005650540 0.002350840 0.031430830 0.031389900 0.019102310 0.030268460 0.025266840 0.006080700 0.035510260 0.035683870 0.038924930 0.039025220 0.040844790 0.038978720 0.041888040 0.041134950 0.028250130 0.027186610 0.027535120 0.033589680 0.052268520 0.052552500 0.035447610 0.041234050 0.037774330 0.037683890 0.037601430 0.035541630 0.041944730 0.035583120 0.031414790 0.035130290 0.032344800 0.046024910 0.039823450 0.043718440 0.049115070 0.036857820 0.036853330 0.034481000 0.035069540 0.055085080 0.034706190 0.042361250 0.045816450 0.063442650 
19     0.004476280 0.004316640 0.002882880 0.001884260 0.000000000 0.003658610 0.002341570 0.036578060 0.041702020 0.028724720 0.019686990 0.027950480 0.002706220 0.024928790 0.025102400 0.028343460 0.028443750 0.030263320 0.028397250 0.031643380 0.047393220 0.030933770 0.028509860 0.027674160 0.023008210 0.041687050 0.041971030 0.024866140 0.030652580 0.027192860 0.027102420 0.027019960 0.024960160 0.031363260 0.025001650 0.020833320 0.024548820 0.021763330 0.037332640 0.032369550 0.033136970 0.049710410 0.026276350 0.026271860 0.023899530 0.024488070 0.044503610 0.024124720 0.031779780 0.035234980 0.053143020 
15     0.009693080 0.009351280 0.003114910 0.005650540 0.003658610 0.000000000 0.000039570 0.033953740 0.037982720 0.031694300 0.024951960 0.023050030 0.013030190 0.030193760 0.030367370 0.033608430 0.033708720 0.035528290 0.033662220 0.036908350 0.042492770 0.026033320 0.033774830 0.033782510 0.028273180 0.046952020 0.047236000 0.030131110 0.035917550 0.032457830 0.032367390 0.032284930 0.030225130 0.036628230 0.030266620 0.026098290 0.029813790 0.027028300 0.037969980 0.037606640 0.038401940 0.046898260 0.031541320 0.031536830 0.029164500 0.029753040 0.049768580 0.029389690 0.037044750 0.040499950 0.063010930 
12     0.006983160 0.006823520 0.003284380 0.002350840 0.002341570 0.000039570 0.000000000 0.036222070 0.036181140 0.023893550 0.024987350 0.022004250 0.008146160 0.030229150 0.028656820 0.033643820 0.033744110 0.035563680 0.033697610 0.036943740 0.041446990 0.024987540 0.031958990 0.032307500 0.028308570 0.046987410 0.047271390 0.021461580 0.035952940 0.032493220 0.032402780 0.032320320 0.027328780 0.035049340 0.029723680 0.026133680 0.029849180 0.027063690 0.012017530 0.036560860 0.038437330 0.045852480 0.031576710 0.031572220 0.029199890 0.029788430 0.049803970 0.029425080 0.037080140 0.040535340 0.055156030 
14     0.025765720 0.025423920 0.044450740 0.031430830 0.036578060 0.033953740 0.036222070 0.000000000 0.000040930 0.000035370 0.025583500 0.051708340 0.001675870 0.024787750 0.033762420 0.032761510 0.023966440 0.038923340 0.037057270 0.040303400 0.055456060 0.036125520 0.034486420 0.017108490 0.031668230 0.050347070 0.050631050 0.033526160 0.039312600 0.035852880 0.035762440 0.035679980 0.033620180 0.040023280 0.033661670 0.029493340 0.033208840 0.030423350 0.057595990 0.041029570 0.041796990 0.050475510 0.034936370 0.034931880 0.032559550 0.033148090 0.053163630 0.032160080 0.040439800 0.038683200 0.015065940 
8     0.029413430 0.029318760 0.039859660 0.031389900 0.041702020 0.037982720 0.036181140 0.000040930 0.000000000 0.000421920 0.019236120 0.012107910 0.001734730 0.044490280 0.044663890 0.039219070 0.028369970 0.043587290 0.043946990 0.051204870 0.040673210 0.034629340 0.030568180 0.030916690 0.042569700 0.061248540 0.045345670 0.044427630 0.050214070 0.046754350 0.046663910 0.046581450 0.044521650 0.050924750 0.044563140 0.040394810 0.044110310 0.041324820 0.024674390 0.045020520 0.035294090 0.035294090 0.045837840 0.035791280 0.028036670 0.044049560 0.059301390 0.035006580 0.043804240 0.043698110 0.035722030 
6     0.017125840 0.017031170 0.029864780 0.019102310 0.028724720 0.031694300 0.023893550 0.000035370 0.000421920 0.000000000 0.024975400 0.024266960 0.001872490 0.033588060 0.033761670 0.037002730 0.035704940 0.038922590 0.037056520 0.040302650 0.057861940 0.044226320 0.032692870 0.032052540 0.031667480 0.050346320 0.045483430 0.033525410 0.039311850 0.035852130 0.035761690 0.035679230 0.033619430 0.040022530 0.033660920 0.029492590 0.033208090 0.030422600 0.038574930 0.041028820 0.035431850 0.035431850 0.034935620 0.034931130 0.032558800 0.033147340 0.053162880 0.032783990 0.040439050 0.043894250 0.057848020 
4     0.005623590 0.004939490 0.030400520 0.030268460 0.019686990 0.024951960 0.024987350 0.025583500 0.019236120 0.024975400 0.000000000 0.001517500 0.002796170 0.011230540 0.011404150 0.014645210 0.014745500 0.016565070 0.014699000 0.017945130 0.046533840 0.030766310 0.014811610 0.014819290 0.009309960 0.027988800 0.028272780 0.011167890 0.016954330 0.013494610 0.013404170 0.013321710 0.011261910 0.017665010 0.011303400 0.007135070 0.010850570 0.008065080 0.046294130 0.018671300 0.019438720 0.051631250 0.012578100 0.012573610 0.010201280 0.010789820 0.030805360 0.010426470 0.018081530 0.021536730 0.034249050 
23     0.017114760 0.016684330 0.024926970 0.025266840 0.027950480 0.023050030 0.022004250 0.051708340 0.012107910 0.024266960 0.001517500 0.000000000 0.017531500 0.054054310 0.033779200 0.034481500 0.048002860 0.033666760 0.032749250 0.037853450 0.037103180 0.020643730 0.043030860 0.027128450 0.045629170 0.043510520 0.062766830 0.037924170 0.059778100 0.054562720 0.054759980 0.056145480 0.054085680 0.060488780 0.054127170 0.037663470 0.053674340 0.050888850 0.026496940 0.032217050 0.055865630 0.041508670 0.047649480 0.055397380 0.053025050 0.048092330 0.048115270 0.053250240 0.060905300 0.053104100 0.044292600 
5     0.002855840 0.002171740 0.009384910 0.006080700 0.002706220 0.013030190 0.008146160 0.001675870 0.001734730 0.001872490 0.002796170 0.017531500 0.000000000 0.008462790 0.008636400 0.011877460 0.011977750 0.013797320 0.011931250 0.015177380 0.043766090 0.025534420 0.012043860 0.012051540 0.006542210 0.025221050 0.025505030 0.008400140 0.014186580 0.010726860 0.010636420 0.010553960 0.003524580 0.003644050 0.008535650 0.004367320 0.008082820 0.005297330 0.036713880 0.015903550 0.016670970 0.033570800 0.009810350 0.009805860 0.007433530 0.008022070 0.028037610 0.007658720 0.015313780 0.018768980 0.014022670 
3     0.010865390 0.010181290 0.035642320 0.035510260 0.024928790 0.030193760 0.030229150 0.024787750 0.044490280 0.033588060 0.011230540 0.054054310 0.008462790 0.000000000 0.000174290 0.003425810 0.003526100 0.005345670 0.003479600 0.006725730 0.016083620 0.012524910 0.003622730 0.003630410 0.006701720 0.025380560 0.025664540 0.008559650 0.014346090 0.010886370 0.010795930 0.010713470 0.008653670 0.015056770 0.008695160 0.004526830 0.008242330 0.005456840 0.043685890 0.016063060 0.016830480 0.015774870 0.009969860 0.009965370 0.007593040 0.008181580 0.028197120 0.007818230 0.015473290 0.018928490 0.024617150 
7     0.011039000 0.010354900 0.035815930 0.035683870 0.025102400 0.030367370 0.028656820 0.033762420 0.044663890 0.033761670 0.011404150 0.033779200 0.008636400 0.000174290 0.000000000 0.003599420 0.003699710 0.005519280 0.003653210 0.006899340 0.015819670 0.019627050 0.003796340 0.003804020 0.006875330 0.025554170 0.025838150 0.008733260 0.014519700 0.011059980 0.010969540 0.010887080 0.008827280 0.015230380 0.008868770 0.004700440 0.008415940 0.005630450 0.013667710 0.016236670 0.017004090 0.041651590 0.010143470 0.010138980 0.007766650 0.008355190 0.028370730 0.007991840 0.015646900 0.019102100 0.056760350 
2     0.014280060 0.013595960 0.039056990 0.038924930 0.028343460 0.033608430 0.033643820 0.032761510 0.039219070 0.037002730 0.014645210 0.034481500 0.011877460 0.003425810 0.003599420 0.000000000 0.000102510 0.001919860 0.000053790 0.003302140 0.005086620 0.016953670 0.007037400 0.007045080 0.010116390 0.028795230 0.029079210 0.011974320 0.017760760 0.014301040 0.014210600 0.014128140 0.012068340 0.018471440 0.012109830 0.007941500 0.011657000 0.008871510 0.042430790 0.019477730 0.020245150 0.042353890 0.013384530 0.013380040 0.011007710 0.011596250 0.031611790 0.011232900 0.018887960 0.022343160 0.032590910 
16     0.014380350 0.013696250 0.039157280 0.039025220 0.028443750 0.033708720 0.033744110 0.023966440 0.028369970 0.035704940 0.014745500 0.048002860 0.011977750 0.003526100 0.003699710 0.000102510 0.000000000 0.002022370 0.000156300 0.003402410 0.012262990 0.019525870 0.007137690 0.007145370 0.010216680 0.028895520 0.029179500 0.012074610 0.017861050 0.014401330 0.014310890 0.014228430 0.012168630 0.018571730 0.012210120 0.008041790 0.011757290 0.008971800 0.047200850 0.019578020 0.020345440 0.051372910 0.013484820 0.013480330 0.011108000 0.011696540 0.031712080 0.011333190 0.018988250 0.022443450 0.018068210 
20     0.016199920 0.015515820 0.040933290 0.040844790 0.030263320 0.035528290 0.035563680 0.038923340 0.043587290 0.038922590 0.016565070 0.033666760 0.013797320 0.005345670 0.005519280 0.001919860 0.002022370 0.000000000 0.000037440 0.003335720 0.000498020 0.019514610 0.008957260 0.008964940 0.004495220 0.030715090 0.030999070 0.013894180 0.019680620 0.016220900 0.016130460 0.016048000 0.013988200 0.020391300 0.014029690 0.009861360 0.013576860 0.010791370 0.048398810 0.021397590 0.022165010 0.041539150 0.015304390 0.015299900 0.012927570 0.013516110 0.033531650 0.013152760 0.020807820 0.024263020 0.070619990 
1     0.014333850 0.013649750 0.039110780 0.038978720 0.028397250 0.033662220 0.033697610 0.037057270 0.043946990 0.037056520 0.014699000 0.032749250 0.011931250 0.003479600 0.003653210 0.000053790 0.000156300 0.000037440 0.000000000 0.000678840 0.000489940 0.018597100 0.007091190 0.007098870 0.010170180 0.028849020 0.029133000 0.012028110 0.017814550 0.014354830 0.014264390 0.014181930 0.012122130 0.018525230 0.012163620 0.007995290 0.011710790 0.008925300 0.047154350 0.019531520 0.020298940 0.040621640 0.013438320 0.013433830 0.011061500 0.011650040 0.031665580 0.011286690 0.018941750 0.022396950 0.078077000 
21     0.017579980 0.016895880 0.035436740 0.041888040 0.031643380 0.036908350 0.036943740 0.040303400 0.051204870 0.040302650 0.017945130 0.037853450 0.015177380 0.006725730 0.006899340 0.003302140 0.003402410 0.003335720 0.000678840 0.000000000 0.001353210 0.022348330 0.010337320 0.010345000 0.013416310 0.032095150 0.032379130 0.015274240 0.021060680 0.017600960 0.017510520 0.017428060 0.015368260 0.021771360 0.015409750 0.011241420 0.014956920 0.012171430 0.033592460 0.022777650 0.023545070 0.045725840 0.016684450 0.016679960 0.014307630 0.014896170 0.034911710 0.014532820 0.022187880 0.025643080 0.028662520 
18     0.036557500 0.036127070 0.044369710 0.041134950 0.047393220 0.042492770 0.041446990 0.055456060 0.040673210 0.057861940 0.046533840 0.037103180 0.043766090 0.016083620 0.015819670 0.005086620 0.012262990 0.000498020 0.000489940 0.001353210 0.000000000 0.019113200 0.028847970 0.025881810 0.042005020 0.060683860 0.060967840 0.043862950 0.049649390 0.046189670 0.046099230 0.046016770 0.043956970 0.050360070 0.043998460 0.039830130 0.043545630 0.040760140 0.042242700 0.035683950 0.048694370 0.044975570 0.045273160 0.045268670 0.042896340 0.041638830 0.053411120 0.043121530 0.050776590 0.054231790 0.051652820 
11     0.020098050 0.019667620 0.027910260 0.028250130 0.030933770 0.026033320 0.024987540 0.036125520 0.034629340 0.044226320 0.030766310 0.020643730 0.025534420 0.012524910 0.019627050 0.016953670 0.019525870 0.019514610 0.018597100 0.022348330 0.019113200 0.000000000 0.010146530 0.007210800 0.052039230 0.050779490 0.032723150 0.040811360 0.055726720 0.052774340 0.050363400 0.054874520 0.024022420 0.027308190 0.027595900 0.035461440 0.041730880 0.044706450 0.025814650 0.019224500 0.022671570 0.022671570 0.034656930 0.023168760 0.047705340 0.035099780 0.029232350 0.039336410 0.056902160 0.056213810 0.020742570 
17     0.014446460 0.013762360 0.030368530 0.027186610 0.028509860 0.033774830 0.031958990 0.034486420 0.030568180 0.032692870 0.014811610 0.043030860 0.012043860 0.003622730 0.003796340 0.007037400 0.007137690 0.008957260 0.007091190 0.010337320 0.028847970 0.010146530 0.000000000 0.000081820 0.010282790 0.028961630 0.029245610 0.012140720 0.017927160 0.014467440 0.014377000 0.014294540 0.012234740 0.018637840 0.012276230 0.008107900 0.011823400 0.009037910 0.043893630 0.019644130 0.020411550 0.050404920 0.013550930 0.013546440 0.011174110 0.011762650 0.031778190 0.011399300 0.019054360 0.022509560 0.017492650 
9     0.014454140 0.013770040 0.030717040 0.027535120 0.027674160 0.033782510 0.032307500 0.017108490 0.030916690 0.032052540 0.014819290 0.027128450 0.012051540 0.003630410 0.003804020 0.007045080 0.007145370 0.008964940 0.007098870 0.010345000 0.025881810 0.007210800 0.000081820 0.000000000 0.010290470 0.028969310 0.029253290 0.012148400 0.017934840 0.014475120 0.014384680 0.014302220 0.012242420 0.018645520 0.012283910 0.008115580 0.011831080 0.009045590 0.021161930 0.019651810 0.020419230 0.050047540 0.013558610 0.013554120 0.011181790 0.011770330 0.031785870 0.011406980 0.019062040 0.022517240 0.006796660 
37     0.008944810 0.008260710 0.033721740 0.033589680 0.023008210 0.028273180 0.028308570 0.031668230 0.042569700 0.031667480 0.009309960 0.045629170 0.006542210 0.006701720 0.006875330 0.010116390 0.010216680 0.004495220 0.010170180 0.013416310 0.042005020 0.052039230 0.010282790 0.010290470 0.000000000 0.008427190 0.000060130 0.001858990 0.000883250 0.003159890 0.004095270 0.004012810 0.001952970 0.008356070 0.001994460 0.002178370 0.005216570 0.003108380 0.018170470 0.009511160 0.010278580 0.030468760 0.003417960 0.003413470 0.001041140 0.001629680 0.021645220 0.001266330 0.008921390 0.012376590 0.048651660 
29     0.027623650 0.026939550 0.052400580 0.052268520 0.041687050 0.046952020 0.046987410 0.050347070 0.061248540 0.050346320 0.027988800 0.043510520 0.025221050 0.025380560 0.025554170 0.028795230 0.028895520 0.030715090 0.028849020 0.032095150 0.060683860 0.050779490 0.028961630 0.028969310 0.008427190 0.000000000 0.000284200 0.004016950 0.009057100 0.008667550 0.004778360 0.005541720 0.008486630 0.007543300 0.007056630 0.017182850 0.015552270 0.014117920 0.016910730 0.028190000 0.028957420 0.047844800 0.022096800 0.022092310 0.019719980 0.020308520 0.040324060 0.019945170 0.027600230 0.031055430 0.066258680 
36     0.027907630 0.027223530 0.052684560 0.052552500 0.041971030 0.047236000 0.047271390 0.050631050 0.045345670 0.045483430 0.028272780 0.062766830 0.025505030 0.025664540 0.025838150 0.029079210 0.029179500 0.030999070 0.029133000 0.032379130 0.060967840 0.032723150 0.029245610 0.029253290 0.000060130 0.000284200 0.000000000 0.010864680 0.003269200 0.003167660 0.002892660 0.002787250 0.009332750 0.007145810 0.007902750 0.010375150 0.023275340 0.022071200 0.007166400 0.019455210 0.019434220 0.019434220 0.022380780 0.019931410 0.020003960 0.020592500 0.034375110 0.019776880 0.023562650 0.031339410 0.048659430 
28     0.010802740 0.010118640 0.035579670 0.035447610 0.024866140 0.030131110 0.021461580 0.033526160 0.044427630 0.033525410 0.011167890 0.037924170 0.008400140 0.008559650 0.008733260 0.011974320 0.012074610 0.013894180 0.012028110 0.015274240 0.043862950 0.040811360 0.012140720 0.012148400 0.001858990 0.004016950 0.010864680 0.000000000 0.009373680 0.005913960 0.003892610 0.002860190 0.003810940 0.003776900 0.003852430 0.004036300 0.007751800 0.004966310 0.010950510 0.011369090 0.012136510 0.041557500 0.005275890 0.005271400 0.002899070 0.003487610 0.023503150 0.003124260 0.010779320 0.014234520 0.055301490 
27     0.016589180 0.015905080 0.041366110 0.041234050 0.030652580 0.035917550 0.035952940 0.039312600 0.050214070 0.039311850 0.016954330 0.059778100 0.014186580 0.014346090 0.014519700 0.017760760 0.017861050 0.019680620 0.017814550 0.021060680 0.049649390 0.055726720 0.017927160 0.017934840 0.000883250 0.009057100 0.003269200 0.009373680 0.000000000 0.000352360 0.003730200 0.003647740 0.009536040 0.010200380 0.009638870 0.009822740 0.013538240 0.010752750 0.015938060 0.017155530 0.017922950 0.038484120 0.011062330 0.011057840 0.008685510 0.009274050 0.029289590 0.008910700 0.016565760 0.020020960 0.049729630 
32     0.013129460 0.012445360 0.037906390 0.037774330 0.027192860 0.032457830 0.032493220 0.035852880 0.046754350 0.035852130 0.013494610 0.054562720 0.010726860 0.010886370 0.011059980 0.014301040 0.014401330 0.016220900 0.014354830 0.017600960 0.046189670 0.052774340 0.014467440 0.014475120 0.003159890 0.008667550 0.003167660 0.005913960 0.000352360 0.000000000 0.000270480 0.000188020 0.006137660 0.010390720 0.006179150 0.006363020 0.010078520 0.007293030 0.016070960 0.013695810 0.014463230 0.005348370 0.007602610 0.007598120 0.005225790 0.005814330 0.025829870 0.005450980 0.013106040 0.016561240 0.049628090 
39     0.013039020 0.012354920 0.037815950 0.037683890 0.027102420 0.032367390 0.032402780 0.035762440 0.046663910 0.035761690 0.013404170 0.054759980 0.010636420 0.010795930 0.010969540 0.014210600 0.014310890 0.016130460 0.014264390 0.017510520 0.046099230 0.050363400 0.014377000 0.014384680 0.004095270 0.004778360 0.002892660 0.003892610 0.003730200 0.000270480 0.000000000 0.000088640 0.006047220 0.008435090 0.006088710 0.006272580 0.009988080 0.007202590 0.016494640 0.013605370 0.014372790 0.043349070 0.007512170 0.007507680 0.005135350 0.005723890 0.025739430 0.005360540 0.013015600 0.016470800 0.061013490 
35     0.012956560 0.012272460 0.037733490 0.037601430 0.027019960 0.032284930 0.032320320 0.035679980 0.046581450 0.035679230 0.013321710 0.056145480 0.010553960 0.010713470 0.010887080 0.014128140 0.014228430 0.016048000 0.014181930 0.017428060 0.046016770 0.054874520 0.014294540 0.014302220 0.004012810 0.005541720 0.002787250 0.002860190 0.003647740 0.000188020 0.000088640 0.000000000 0.005964760 0.009509640 0.006006250 0.006190120 0.009905620 0.007120130 0.017629200 0.013522910 0.014290330 0.047513080 0.007429710 0.007425220 0.005052890 0.005641430 0.025656970 0.005278080 0.012933140 0.016388340 0.058988910 
38     0.010896760 0.010212660 0.035673690 0.035541630 0.024960160 0.030225130 0.027328780 0.033620180 0.044521650 0.033619430 0.011261910 0.054085680 0.003524580 0.008653670 0.008827280 0.012068340 0.012168630 0.013988200 0.012122130 0.015368260 0.043956970 0.024022420 0.012234740 0.012242420 0.001952970 0.008486630 0.009332750 0.003810940 0.009536040 0.006137660 0.006047220 0.005964760 0.000000000 0.000000080 0.000041590 0.004130320 0.007845820 0.005060330 0.016817710 0.011463110 0.012230530 0.040447740 0.005369910 0.005365420 0.002993090 0.003581630 0.023597170 0.003218280 0.010873340 0.014328540 0.057503660 
47     0.017299860 0.016615760 0.042076790 0.041944730 0.031363260 0.036628230 0.035049340 0.040023280 0.050924750 0.040022530 0.017665010 0.060488780 0.003644050 0.015056770 0.015230380 0.018471440 0.018571730 0.020391300 0.018525230 0.021771360 0.050360070 0.027308190 0.018637840 0.018645520 0.008356070 0.007543300 0.007145810 0.003776900 0.010200380 0.010390720 0.008435090 0.009509640 0.000000080 0.000000000 0.000217690 0.010533420 0.014248920 0.011463430 0.022976370 0.017866210 0.018633630 0.040871600 0.011773010 0.011768520 0.009396190 0.009984730 0.030000270 0.009621380 0.017276440 0.020731640 0.057252210 
48     0.010938250 0.010254150 0.035715180 0.035583120 0.025001650 0.030266620 0.029723680 0.033661670 0.044563140 0.033660920 0.011303400 0.054127170 0.008535650 0.008695160 0.008868770 0.012109830 0.012210120 0.014029690 0.012163620 0.015409750 0.043998460 0.027595900 0.012276230 0.012283910 0.001994460 0.007056630 0.007902750 0.003852430 0.009638870 0.006179150 0.006088710 0.006006250 0.000041590 0.000217690 0.000000000 0.004171810 0.007887310 0.005101820 0.019212610 0.011504600 0.012272020 0.045494770 0.005411400 0.005406910 0.003034580 0.003623120 0.023638660 0.003259770 0.010914830 0.014370030 0.065334220 
26     0.006769920 0.006085820 0.024007130 0.031414790 0.020833320 0.026098290 0.026133680 0.029493340 0.040394810 0.029492590 0.007135070 0.037663470 0.004367320 0.004526830 0.004700440 0.007941500 0.008041790 0.009861360 0.007995290 0.011241420 0.039830130 0.035461440 0.008107900 0.008115580 0.002178370 0.017182850 0.010375150 0.004036300 0.009822740 0.006363020 0.006272580 0.006190120 0.004130320 0.010533420 0.004171810 0.000000000 0.001113010 0.000531880 0.001893460 0.011539710 0.012307130 0.032173490 0.005446510 0.005442020 0.003069690 0.003658230 0.023673770 0.003294880 0.010949940 0.014405140 0.047393520 
49     0.010485420 0.009801320 0.035262350 0.035130290 0.024548820 0.029813790 0.029849180 0.033208840 0.044110310 0.033208090 0.010850570 0.053674340 0.008082820 0.008242330 0.008415940 0.011657000 0.011757290 0.013576860 0.011710790 0.014956920 0.043545630 0.041730880 0.011823400 0.011831080 0.005216570 0.015552270 0.023275340 0.007751800 0.013538240 0.010078520 0.009988080 0.009905620 0.007845820 0.014248920 0.007887310 0.001113010 0.000000000 0.000096270 0.008991160 0.015255210 0.016022630 0.032667550 0.009162010 0.009157520 0.006785190 0.007373730 0.027024040 0.007010380 0.014665440 0.018120640 0.061134920 
40     0.007699930 0.007015830 0.032476860 0.032344800 0.021763330 0.027028300 0.027063690 0.030423350 0.041324820 0.030422600 0.008065080 0.050888850 0.005297330 0.005456840 0.005630450 0.008871510 0.008971800 0.010791370 0.008925300 0.012171430 0.040760140 0.044706450 0.009037910 0.009045590 0.003108380 0.014117920 0.022071200 0.004966310 0.010752750 0.007293030 0.007202590 0.007120130 0.005060330 0.011463430 0.005101820 0.000531880 0.000096270 0.000000000 0.011468030 0.012469720 0.013237140 0.040265420 0.006376520 0.006372030 0.003999700 0.004588240 0.024603780 0.004224890 0.011879950 0.015335150 0.064208450 
46     0.035069620 0.027005400 0.032866070 0.046024910 0.037332640 0.037969980 0.012017530 0.057595990 0.024674390 0.038574930 0.046294130 0.026496940 0.036713880 0.043685890 0.013667710 0.042430790 0.047200850 0.048398810 0.047154350 0.033592460 0.042242700 0.025814650 0.043893630 0.021161930 0.018170470 0.016910730 0.007166400 0.010950510 0.015938060 0.016070960 0.016494640 0.017629200 0.016817710 0.022976370 0.019212610 0.001893460 0.008991160 0.011468030 0.000000000 0.024914280 0.012525720 0.012525720 0.038835560 0.013022910 0.036006600 0.031197650 0.029203960 0.026661440 0.030759200 0.021337230 0.035293320 
41     0.009942010 0.011889920 0.039483580 0.039823450 0.032369550 0.037606640 0.036560860 0.041029570 0.045020520 0.041028820 0.018671300 0.032217050 0.015903550 0.016063060 0.016236670 0.019477730 0.019578020 0.021397590 0.019531520 0.022777650 0.035683950 0.019224500 0.019644130 0.019651810 0.009511160 0.028190000 0.019455210 0.011369090 0.017155530 0.013695810 0.013605370 0.013522910 0.011463110 0.017866210 0.011504600 0.011539710 0.015255210 0.012469720 0.024914280 0.000000000 0.009909800 0.007202310 0.011120060 0.011115570 0.008743240 0.009331780 0.018100400 0.008968430 0.007287940 0.020078690 0.020680290 
43     0.019073570 0.018389470 0.043850500 0.043718440 0.033136970 0.038401940 0.038437330 0.041796990 0.035294090 0.035431850 0.019438720 0.055865630 0.016670970 0.016830480 0.017004090 0.020245150 0.020345440 0.022165010 0.020298940 0.023545070 0.048694370 0.022671570 0.020411550 0.020419230 0.010278580 0.028957420 0.019434220 0.012136510 0.017922950 0.014463230 0.014372790 0.014290330 0.012230530 0.018633630 0.012272020 0.012307130 0.016022630 0.013237140 0.012525720 0.009909800 0.000000000 0.000000000 0.011887480 0.009678790 0.009510660 0.010099200 0.030114740 0.009735850 0.017390910 0.020846110 0.042414030 
42     0.040962990 0.040532560 0.048775200 0.049115070 0.049710410 0.046898260 0.045852480 0.050475510 0.035294090 0.035431850 0.051631250 0.041508670 0.033570800 0.015774870 0.041651590 0.042353890 0.051372910 0.041539150 0.040621640 0.045725840 0.044975570 0.022671570 0.050404920 0.050047540 0.030468760 0.047844800 0.019434220 0.041557500 0.038484120 0.005348370 0.043349070 0.047513080 0.040447740 0.040871600 0.045494770 0.032173490 0.032667550 0.040265420 0.012525720 0.007202310 0.000000000 0.000000000 0.040778430 0.009678790 0.030003820 0.029902430 0.021417580 0.025623030 0.015233590 0.016802850 0.063806350 
45     0.012212950 0.011528850 0.036989880 0.036857820 0.026276350 0.031541320 0.031576710 0.034936370 0.045837840 0.034935620 0.012578100 0.047649480 0.009810350 0.009969860 0.010143470 0.013384530 0.013484820 0.015304390 0.013438320 0.016684450 0.045273160 0.034656930 0.013550930 0.013558610 0.003417960 0.022096800 0.022380780 0.005275890 0.011062330 0.007602610 0.007512170 0.007429710 0.005369910 0.011773010 0.005411400 0.005446510 0.009162010 0.006376520 0.038835560 0.011120060 0.011887480 0.040778430 0.000000000 0.000004490 0.002569900 0.003158440 0.010688270 0.002791950 0.010403010 0.013858210 0.040516440 
34     0.012208460 0.011524360 0.036985390 0.036853330 0.026271860 0.031536830 0.031572220 0.034931880 0.035791280 0.034931130 0.012573610 0.055397380 0.009805860 0.009965370 0.010138980 0.013380040 0.013480330 0.015299900 0.013433830 0.016679960 0.045268670 0.023168760 0.013546440 0.013554120 0.003413470 0.022092310 0.019931410 0.005271400 0.011057840 0.007598120 0.007507680 0.007425220 0.005365420 0.011768520 0.005406910 0.005442020 0.009157520 0.006372030 0.013022910 0.011115570 0.009678790 0.009678790 0.000004490 0.000000000 0.002565410 0.001353170 0.001643840 0.002787460 0.010398520 0.013853720 0.063823910 
33     0.009836130 0.009152030 0.034613060 0.034481000 0.023899530 0.029164500 0.029199890 0.032559550 0.028036670 0.032558800 0.010201280 0.053025050 0.007433530 0.007593040 0.007766650 0.011007710 0.011108000 0.012927570 0.011061500 0.014307630 0.042896340 0.047705340 0.011174110 0.011181790 0.001041140 0.019719980 0.020003960 0.002899070 0.008685510 0.005225790 0.005135350 0.005052890 0.002993090 0.009396190 0.003034580 0.003069690 0.006785190 0.003999700 0.036006600 0.008743240 0.009510660 0.030003820 0.002569900 0.002565410 0.000000000 0.000613040 0.003816180 0.000418270 0.008073330 0.011528530 0.049408770 
50     0.010424670 0.009740570 0.035201600 0.035069540 0.024488070 0.029753040 0.029788430 0.033148090 0.044049560 0.033147340 0.010789820 0.048092330 0.008022070 0.008181580 0.008355190 0.011596250 0.011696540 0.013516110 0.011650040 0.014896170 0.041638830 0.035099780 0.011762650 0.011770330 0.001629680 0.020308520 0.020592500 0.003487610 0.009274050 0.005814330 0.005723890 0.005641430 0.003581630 0.009984730 0.003623120 0.003658230 0.007373730 0.004588240 0.031197650 0.009331780 0.010099200 0.029902430 0.003158440 0.001353170 0.000613040 0.000000000 0.000333250 0.001006810 0.008661870 0.012117070 0.034592510 
31     0.030440210 0.029756110 0.055217140 0.055085080 0.044503610 0.049768580 0.049803970 0.053163630 0.059301390 0.053162880 0.030805360 0.048115270 0.028037610 0.028197120 0.028370730 0.031611790 0.031712080 0.033531650 0.031665580 0.034911710 0.053411120 0.029232350 0.031778190 0.031785870 0.021645220 0.040324060 0.034375110 0.023503150 0.029289590 0.025829870 0.025739430 0.025656970 0.023597170 0.030000270 0.023638660 0.023673770 0.027024040 0.024603780 0.029203960 0.018100400 0.030114740 0.021417580 0.010688270 0.001643840 0.003816180 0.000333250 0.000000000 0.013263510 0.015093410 0.010371210 0.037235550 
25     0.010061320 0.009377220 0.034838250 0.034706190 0.024124720 0.029389690 0.029425080 0.032160080 0.035006580 0.032783990 0.010426470 0.053250240 0.007658720 0.007818230 0.007991840 0.011232900 0.011333190 0.013152760 0.011286690 0.014532820 0.043121530 0.039336410 0.011399300 0.011406980 0.001266330 0.019945170 0.019776880 0.003124260 0.008910700 0.005450980 0.005360540 0.005278080 0.003218280 0.009621380 0.003259770 0.003294880 0.007010380 0.004224890 0.026661440 0.008968430 0.009735850 0.025623030 0.002791950 0.002787460 0.000418270 0.001006810 0.013263510 0.000000000 0.005144120 0.009620530 0.040406530 
30     0.017716380 0.017032280 0.042493310 0.042361250 0.031779780 0.037044750 0.037080140 0.040439800 0.043804240 0.040439050 0.018081530 0.060905300 0.015313780 0.015473290 0.015646900 0.018887960 0.018988250 0.020807820 0.018941750 0.022187880 0.050776590 0.056902160 0.019054360 0.019062040 0.008921390 0.027600230 0.023562650 0.010779320 0.016565760 0.013106040 0.013015600 0.012933140 0.010873340 0.017276440 0.010914830 0.010949940 0.014665440 0.011879950 0.030759200 0.007287940 0.017390910 0.015233590 0.010403010 0.010398520 0.008073330 0.008661870 0.015093410 0.005144120 0.000000000 0.000403230 0.036492160 
44     0.021171580 0.020487480 0.045948510 0.045816450 0.035234980 0.040499950 0.040535340 0.038683200 0.043698110 0.043894250 0.021536730 0.053104100 0.018768980 0.018928490 0.019102100 0.022343160 0.022443450 0.024263020 0.022396950 0.025643080 0.054231790 0.056213810 0.022509560 0.022517240 0.012376590 0.031055430 0.031339410 0.014234520 0.020020960 0.016561240 0.016470800 0.016388340 0.014328540 0.020731640 0.014370030 0.014405140 0.018120640 0.015335150 0.021337230 0.020078690 0.020846110 0.016802850 0.013858210 0.013853720 0.011528530 0.012117070 0.010371210 0.009620530 0.000403230 0.000000000 0.051699040 
0     0.074532340 0.052642190 0.060375440 0.063442650 0.053143020 0.063010930 0.055156030 0.015065940 0.035722030 0.057848020 0.034249050 0.044292600 0.014022670 0.024617150 0.056760350 0.032590910 0.018068210 0.070619990 0.078077000 0.028662520 0.051652820 0.020742570 0.017492650 0.006796660 0.048651660 0.066258680 0.048659430 0.055301490 0.049729630 0.049628090 0.061013490 0.058988910 0.057503660 0.057252210 0.065334220 0.047393520 0.061134920 0.064208450 0.035293320 0.020680290 0.042414030 0.063806350 0.040516440 0.063823910 0.049408770 0.034592510 0.037235550 0.040406530 0.036492160 0.051699040 0.000000000 
