51
23     0.000000000 0.035018622 0.042612214 0.044588445 0.045920398 0.097073640 0.095852379 0.105576183 0.096401176 0.097003211 0.105837289 0.121024045 0.089295121 0.094996007 0.098230708 0.097569527 0.099681869 0.087942115 0.089880684 0.074159689 0.091392586 0.094114174 0.091103692 0.091864533 0.097842389 0.098221984 0.095921796 0.115550710 0.087247053 0.084678063 0.085233211 0.104082157 0.097318917 0.097242966 0.097294447 0.089338636 0.098606300 0.116130728 0.107531824 0.108258089 0.112387687 0.117664859 0.111404055 0.110659591 0.107565598 0.107585544 0.104725303 0.104760324 0.101343313 0.068993281 0.141068087 
18     0.035018622 0.000000000 0.046247425 0.048245108 0.049216574 0.100242930 0.099021670 0.108999705 0.099816675 0.100418711 0.109252789 0.124439545 0.092665089 0.098395658 0.101630359 0.100969178 0.103081519 0.091360542 0.093299111 0.077310912 0.094553868 0.097275457 0.094264974 0.095025815 0.101003672 0.101383267 0.099083079 0.118711992 0.090491609 0.087922619 0.088477767 0.107326713 0.100563473 0.100487522 0.100539003 0.092583192 0.101885641 0.119410069 0.110811165 0.111537430 0.115667028 0.120944200 0.114683397 0.114121738 0.110889127 0.110909072 0.108033370 0.108068390 0.104674626 0.072375246 0.144397998 
14     0.042612214 0.046247425 0.000000000 0.016225839 0.034277755 0.087466928 0.086245668 0.096001624 0.086807213 0.087404311 0.096243327 0.111430082 0.079645913 0.085346799 0.088581500 0.087920319 0.090032661 0.078337817 0.080276385 0.064510553 0.081753509 0.084478453 0.081464615 0.082225456 0.088203312 0.088582907 0.086282719 0.105911633 0.077647393 0.075078403 0.075633551 0.094494802 0.087747749 0.087646477 0.087697958 0.079751280 0.089053730 0.106578158 0.097979254 0.098705519 0.102835116 0.108112288 0.101834227 0.101298674 0.098074967 0.098094912 0.095201458 0.095236478 0.091842715 0.059385991 0.131446381 
6     0.044588445 0.048245108 0.016225839 0.000000000 0.036398768 0.089306367 0.088085106 0.097799811 0.088605400 0.089189900 0.098019052 0.113229952 0.081455211 0.087156097 0.090390798 0.089729617 0.091841959 0.080151000 0.082089569 0.066294506 0.083482840 0.086207785 0.083262141 0.083971524 0.089949380 0.090328975 0.088028787 0.107657701 0.079439892 0.076902966 0.077458114 0.096319364 0.089572311 0.089474406 0.089525887 0.081575843 0.090878292 0.108402720 0.099803816 0.100530081 0.104659679 0.109936851 0.103676048 0.103123236 0.099899530 0.099919475 0.097026021 0.097061041 0.093667277 0.061209149 0.133294819 
20     0.045920398 0.049216574 0.034277755 0.036398768 0.000000000 0.090268721 0.089047461 0.098760266 0.089565855 0.090167891 0.099001969 0.114186071 0.082456075 0.088156961 0.091391662 0.090730481 0.092842823 0.081065856 0.083004425 0.067328277 0.084569027 0.087254548 0.084280133 0.085040974 0.091018831 0.091398426 0.089098238 0.108727151 0.080406145 0.077879811 0.078434960 0.097283905 0.090536853 0.090444714 0.090496196 0.082540384 0.091848349 0.109372777 0.100773873 0.101500138 0.105629736 0.110906907 0.104610898 0.104090778 0.100872610 0.100892555 0.097996078 0.098031098 0.094637334 0.062178394 0.134260497 
28     0.097073640 0.100242930 0.087466928 0.089306367 0.090268721 0.000000000 0.035274743 0.124666269 0.115425806 0.116038741 0.124885830 0.139715037 0.108080215 0.113757449 0.116992150 0.116330969 0.118443311 0.106478184 0.108416752 0.092681368 0.109729923 0.112465294 0.109441029 0.110127838 0.116105694 0.116485289 0.114185101 0.133850762 0.105764786 0.103104742 0.103659891 0.122525922 0.115806530 0.115748330 0.115799811 0.107796912 0.117076049 0.134600477 0.126001573 0.126727838 0.130834017 0.136111189 0.129884156 0.129422540 0.126105475 0.126125420 0.123193626 0.123228646 0.119859441 0.087365217 0.159604458 
17     0.095852379 0.099021670 0.086245668 0.088085106 0.089047461 0.035274743 0.000000000 0.123434082 0.114193619 0.114806554 0.123653643 0.138491566 0.106848028 0.112525262 0.115759963 0.115098782 0.117211124 0.105245724 0.107184293 0.091453991 0.108498115 0.111233486 0.108209221 0.108896030 0.114873887 0.115253481 0.112953294 0.132618954 0.104518792 0.101858749 0.102413897 0.121279928 0.114560536 0.114502336 0.114553817 0.106550918 0.115873533 0.133397961 0.124799056 0.125525322 0.129620567 0.134897739 0.128681639 0.128220023 0.124919044 0.124938990 0.122035967 0.122070987 0.118666224 0.086094992 0.158396684 
10     0.105576183 0.108999705 0.096001624 0.097799811 0.098760266 0.124666269 0.123434082 0.000000000 0.029637833 0.030271581 0.063700054 0.079315703 0.081481491 0.087305632 0.090539183 0.089863608 0.091996855 0.091890435 0.093779908 0.081374203 0.098037580 0.100756411 0.097756723 0.098602324 0.104616010 0.104995605 0.102669585 0.122343587 0.098345532 0.095713526 0.096268674 0.115080074 0.108443948 0.108352697 0.108404178 0.100401461 0.109662980 0.127100215 0.118608892 0.119374897 0.123491678 0.128768850 0.122453950 0.122140272 0.118616137 0.118636083 0.115719587 0.115756179 0.112365697 0.080036706 0.152332067 
19     0.096401176 0.099816675 0.086807213 0.088605400 0.089565855 0.115425806 0.114193619 0.029637833 0.000000000 0.011287646 0.054216598 0.069825744 0.072223582 0.078047724 0.081281274 0.080605699 0.082741179 0.082658221 0.084547694 0.072132416 0.088803503 0.091504236 0.088522646 0.089368246 0.095381932 0.095761527 0.093435508 0.113109509 0.089111809 0.086479802 0.087034951 0.105836373 0.099210225 0.099118974 0.099170455 0.091167738 0.100429124 0.117869673 0.109375169 0.110141174 0.114257955 0.119535127 0.113220227 0.112906549 0.109382414 0.109402360 0.106485864 0.106522456 0.103131974 0.070802983 0.143098344 
11     0.097003211 0.100418711 0.087404311 0.089189900 0.090167891 0.116038741 0.114806554 0.030271581 0.011287646 0.000000000 0.054937074 0.070588370 0.072879416 0.078703557 0.081937107 0.081261533 0.083397012 0.083303582 0.085193055 0.072777777 0.089448864 0.092167695 0.089168007 0.090013607 0.096027293 0.096406888 0.094080868 0.113754870 0.089743598 0.087111592 0.087666740 0.106470201 0.099842014 0.099750764 0.099802245 0.091799528 0.101060914 0.118501463 0.110006959 0.110772963 0.114889745 0.120166917 0.113852017 0.113538339 0.110014204 0.110034149 0.107117653 0.107154245 0.103763764 0.071434863 0.143730133 
3     0.105837289 0.109252789 0.096243327 0.098019052 0.099001969 0.124885830 0.123653643 0.063700054 0.054216598 0.054937074 0.000000000 0.069615216 0.082056698 0.087914794 0.091148344 0.090472770 0.092608249 0.092093599 0.093983073 0.081645892 0.098352041 0.101050078 0.098087656 0.098765540 0.104779746 0.105159341 0.102820203 0.122501146 0.098635355 0.096019014 0.096574162 0.115401895 0.108749437 0.108658186 0.108709667 0.100706950 0.109975175 0.127444540 0.118912981 0.119678986 0.123795768 0.129072939 0.122758039 0.122444361 0.118997440 0.119017386 0.116100890 0.116137482 0.112747000 0.080333504 0.152499496 
2     0.121024045 0.124439545 0.111430082 0.113229952 0.114186071 0.139715037 0.138491566 0.079315703 0.069825744 0.070588370 0.069615216 0.000000000 0.097405785 0.103262703 0.106496253 0.105820679 0.107956158 0.107436806 0.109326279 0.096960311 0.113696452 0.116294255 0.113432067 0.114193557 0.120207244 0.120586839 0.118260819 0.137934821 0.113970156 0.111390502 0.111945650 0.130773383 0.124120925 0.124029674 0.124081155 0.116078438 0.125341170 0.142834388 0.134276143 0.135042148 0.139158930 0.144436102 0.138141345 0.137807524 0.134283389 0.134303401 0.131408576 0.131445168 0.128058220 0.095600380 0.167669879 
5     0.089295121 0.092665089 0.079645913 0.081455211 0.082456075 0.108080215 0.106848028 0.081481491 0.072223582 0.072879416 0.082056698 0.097405785 0.000000000 0.046619534 0.049757678 0.049038999 0.051221050 0.075693524 0.077582997 0.065236041 0.082223814 0.084948223 0.081942957 0.082686489 0.088700175 0.089079770 0.086753750 0.106427752 0.082422914 0.079787619 0.080342767 0.099189383 0.092519325 0.092456175 0.092507656 0.084492545 0.093654212 0.111133558 0.102595457 0.103361462 0.107478243 0.112755415 0.106398125 0.106017650 0.102672235 0.102692181 0.099754248 0.099791989 0.096420256 0.064153901 0.136423676 
24     0.094996007 0.098395658 0.085346799 0.087156097 0.088156961 0.113757449 0.112525262 0.087305632 0.078047724 0.078703557 0.087914794 0.103262703 0.046619534 0.000000000 0.030757263 0.030629594 0.033251571 0.081423090 0.083312563 0.070964053 0.087917200 0.090641608 0.087636343 0.088379874 0.094393561 0.094773156 0.092447136 0.112121138 0.088246255 0.085610959 0.086166107 0.105012723 0.098342665 0.098279515 0.098330997 0.090315885 0.099561029 0.117026281 0.108488179 0.109254184 0.113370966 0.118648137 0.112332018 0.111941279 0.108548155 0.108568101 0.105651605 0.105692213 0.102297716 0.069954678 0.142202944 
26     0.098230708 0.101630359 0.088581500 0.090390798 0.091391662 0.116992150 0.115759963 0.090539183 0.081281274 0.081937107 0.091148344 0.106496253 0.049757678 0.030757263 0.000000000 0.017427959 0.030326612 0.084691466 0.086580939 0.074155932 0.091142967 0.093867376 0.090862110 0.091605642 0.097619328 0.097998923 0.095672903 0.115346905 0.091340770 0.088705475 0.089260623 0.108107239 0.101437180 0.101357049 0.101402273 0.093397636 0.102674913 0.120140164 0.111602063 0.112368068 0.116484849 0.121762021 0.115445902 0.115055163 0.111662039 0.111681985 0.108765489 0.108806097 0.105411599 0.073176450 0.145371713 
9     0.097569527 0.100969178 0.087920319 0.089729617 0.090730481 0.116330969 0.115098782 0.089863608 0.080605699 0.081261533 0.090472770 0.105820679 0.049038999 0.030629594 0.017427959 0.000000000 0.029552587 0.084020907 0.085910381 0.073526181 0.090513954 0.093238363 0.090233097 0.090976629 0.096990315 0.097369910 0.095043891 0.114717892 0.090819775 0.088184479 0.088739627 0.107586243 0.100916185 0.100853035 0.100904517 0.092889405 0.102134549 0.119599801 0.111061699 0.111827704 0.115944486 0.121221657 0.114905538 0.114514799 0.111121675 0.111141621 0.108225125 0.108265733 0.104871236 0.072528198 0.144776464 
27     0.099681869 0.103081519 0.090032661 0.091841959 0.092842823 0.118443311 0.117211124 0.091996855 0.082741179 0.083397012 0.092608249 0.107956158 0.051221050 0.033251571 0.030326612 0.029552587 0.000000000 0.086107738 0.087997212 0.075650730 0.092603877 0.095328286 0.092323020 0.093066552 0.099080238 0.099459833 0.097133813 0.116807815 0.092893202 0.090257907 0.090813055 0.109659671 0.102989613 0.102926463 0.102977944 0.094962833 0.104180202 0.121645454 0.113107353 0.113873358 0.117990139 0.123267311 0.116865650 0.116579462 0.113186338 0.113206283 0.110289787 0.110330396 0.106935898 0.074605960 0.146858262 
8     0.087942115 0.091360542 0.078337817 0.080151000 0.081065856 0.106478184 0.105245724 0.091890435 0.082658221 0.083303582 0.092093599 0.107436806 0.075693524 0.081423090 0.084691466 0.084020907 0.086107738 0.000000000 0.019959073 0.063229734 0.080026423 0.082771190 0.079776164 0.080544916 0.086506333 0.086885928 0.084585741 0.104291734 0.080025618 0.077373650 0.077928798 0.096799210 0.090104900 0.090029356 0.090080837 0.082078120 0.091391288 0.108883501 0.100326767 0.101092772 0.105187256 0.110464427 0.104190561 0.103771428 0.100365669 0.100385614 0.097469118 0.097509727 0.094116878 0.062266068 0.134294000 
4     0.089880684 0.093299111 0.080276385 0.082089569 0.083004425 0.108416752 0.107184293 0.093779908 0.084547694 0.085193055 0.093983073 0.109326279 0.077582997 0.083312563 0.086580939 0.085910381 0.087997212 0.019959073 0.000000000 0.065110715 0.081860389 0.084605156 0.081597263 0.082349208 0.088287029 0.088666624 0.086382389 0.106047204 0.081937710 0.079285743 0.079840891 0.098711303 0.092016992 0.091941448 0.091992929 0.083990212 0.093303381 0.110795593 0.102238859 0.103004864 0.107099348 0.112376520 0.106102653 0.105683520 0.102277761 0.102297707 0.099381211 0.099421819 0.096028970 0.064176618 0.136206092 
15     0.074159689 0.077310912 0.064510553 0.066294506 0.067328277 0.092681368 0.091453991 0.081374203 0.072132416 0.072777777 0.081645892 0.096960311 0.065236041 0.070964053 0.074155932 0.073526181 0.075650730 0.063229734 0.065110715 0.000000000 0.052982560 0.055800883 0.052742627 0.053758232 0.059701414 0.060081009 0.057769202 0.077426039 0.067123213 0.064470758 0.065025906 0.083907963 0.077215176 0.077139632 0.077191114 0.069188396 0.078513655 0.096042485 0.087472939 0.088171874 0.092355725 0.097632897 0.091349442 0.090934234 0.087571610 0.087591556 0.084678761 0.084681515 0.081326521 0.049370438 0.121213768 
13     0.091392586 0.094553868 0.081753509 0.083482840 0.084569027 0.109729923 0.108498115 0.098037580 0.088803503 0.089448864 0.098352041 0.113696452 0.082223814 0.087917200 0.091142967 0.090513954 0.092603877 0.080026423 0.081860389 0.052982560 0.000000000 0.011880865 0.024758966 0.042980896 0.048927719 0.049274066 0.046932502 0.066555674 0.083792532 0.081140077 0.081695225 0.100648254 0.093955468 0.093879924 0.093931405 0.085928688 0.095189997 0.112751376 0.104183021 0.104908325 0.109065808 0.114342979 0.108058332 0.107716696 0.104283894 0.104303840 0.101391045 0.101420305 0.098038804 0.065952965 0.138014233 
12     0.094114174 0.097275457 0.084478453 0.086207785 0.087254548 0.112465294 0.111233486 0.100756411 0.091504236 0.092167695 0.101050078 0.116294255 0.084948223 0.090641608 0.093867376 0.093238363 0.095328286 0.082771190 0.084605156 0.055800883 0.011880865 0.000000000 0.027803830 0.045678913 0.051698910 0.052045256 0.049703693 0.069313442 0.086562362 0.083909907 0.084465055 0.103418084 0.096725298 0.096649754 0.096701235 0.088698518 0.097959827 0.115521206 0.106952851 0.107678155 0.111835638 0.117112810 0.110828163 0.110486526 0.107053724 0.107073670 0.104160875 0.104190135 0.100808635 0.068723478 0.140790401 
22     0.091103692 0.094264974 0.081464615 0.083262141 0.084280133 0.109441029 0.108209221 0.097756723 0.088522646 0.089168007 0.098087656 0.113432067 0.081942957 0.087636343 0.090862110 0.090233097 0.092323020 0.079776164 0.081597263 0.052742627 0.024758966 0.027803830 0.000000000 0.042828353 0.048769580 0.049115926 0.046648059 0.066349637 0.083463459 0.080812073 0.081367222 0.100328200 0.093635414 0.093561615 0.093613096 0.085610592 0.094879659 0.112404043 0.103845712 0.104571016 0.108728498 0.114005670 0.107738239 0.107396603 0.103963801 0.103983746 0.101070952 0.101100212 0.097718711 0.065651000 0.137562322 
1     0.091864533 0.095025815 0.082225456 0.083971524 0.085040974 0.110127838 0.108896030 0.098602324 0.089368246 0.090013607 0.098765540 0.114193557 0.082686489 0.088379874 0.091605642 0.090976629 0.093066552 0.080544916 0.082349208 0.053758232 0.042980896 0.045678913 0.042828353 0.000000000 0.024722354 0.025121370 0.022952669 0.042937639 0.084340632 0.081688177 0.082243325 0.101162553 0.094469767 0.094394223 0.094445704 0.086442987 0.095749203 0.113286574 0.104718220 0.105443524 0.109601006 0.114878178 0.108593531 0.108251895 0.104828267 0.104848213 0.101935418 0.101964678 0.098583178 0.066464987 0.138529054 
21     0.097842389 0.101003672 0.088203312 0.089949380 0.091018831 0.116105694 0.114873887 0.104616010 0.095381932 0.096027293 0.104779746 0.120207244 0.088700175 0.094393561 0.097619328 0.096990315 0.099080238 0.086506333 0.088287029 0.059701414 0.048927719 0.051698910 0.048769580 0.024722354 0.000000000 0.012396521 0.021526352 0.041089064 0.090287441 0.087634986 0.088190134 0.107100349 0.100403978 0.100347586 0.100399067 0.092396350 0.101715245 0.119252616 0.110684262 0.111409565 0.115567048 0.120844220 0.114559573 0.114217936 0.110794309 0.110814254 0.107901460 0.107930720 0.104549219 0.072456022 0.144515835 
25     0.098221984 0.101383267 0.088582907 0.090328975 0.091398426 0.116485289 0.115253481 0.104995605 0.095761527 0.096406888 0.105159341 0.120586839 0.089079770 0.094773156 0.097998923 0.097369910 0.099459833 0.086885928 0.088666624 0.060081009 0.049274066 0.052045256 0.049115926 0.025121370 0.012396521 0.000000000 0.021726606 0.041629495 0.090667036 0.088014581 0.088569729 0.107479944 0.100783573 0.100727181 0.100778662 0.092775945 0.102094840 0.119632211 0.111063856 0.111789160 0.115946643 0.121223815 0.114939168 0.114597531 0.111173904 0.111193849 0.108281054 0.108310315 0.104928814 0.072835617 0.144895430 
16     0.095921796 0.099083079 0.086282719 0.088028787 0.089098238 0.114185101 0.112953294 0.102669585 0.093435508 0.094080868 0.102820203 0.118260819 0.086753750 0.092447136 0.095672903 0.095043891 0.097133813 0.084585741 0.086382389 0.057769202 0.046932502 0.049703693 0.046648059 0.022952669 0.021526352 0.021726606 0.000000000 0.038984971 0.088401262 0.085748807 0.086303955 0.105228877 0.098536091 0.098460547 0.098512029 0.090509311 0.099815527 0.117352898 0.108784544 0.109509848 0.113667330 0.118944502 0.112659855 0.112318219 0.108894592 0.108914537 0.106001742 0.106031003 0.102649502 0.070531311 0.142595379 
7     0.115550710 0.118711992 0.105911633 0.107657701 0.108727151 0.133850762 0.132618954 0.122343587 0.113109509 0.113754870 0.122501146 0.137934821 0.106427752 0.112121138 0.115346905 0.114717892 0.116807815 0.104291734 0.106047204 0.077426039 0.066555674 0.069313442 0.066349637 0.042937639 0.041089064 0.041629495 0.038984971 0.000000000 0.108042905 0.105390450 0.105945598 0.124870520 0.118177734 0.118102190 0.118153671 0.110150954 0.119457170 0.136994541 0.128426187 0.129151491 0.133308973 0.138586145 0.132301498 0.131959861 0.128536234 0.128556180 0.125643385 0.125672645 0.122291144 0.090189613 0.162239228 
41     0.087247053 0.090491609 0.077647393 0.079439892 0.080406145 0.105764786 0.104518792 0.098345532 0.089111809 0.089743598 0.098635355 0.113970156 0.082422914 0.088246255 0.091340770 0.090819775 0.092893202 0.080025618 0.081937710 0.067123213 0.083792532 0.086562362 0.083463459 0.084340632 0.090287441 0.090667036 0.088401262 0.108042905 0.000000000 0.016331126 0.016868197 0.045014691 0.038288621 0.040789267 0.040804912 0.032811122 0.060385137 0.077767910 0.069145421 0.069890600 0.074009448 0.079286619 0.073100308 0.072699945 0.069386090 0.069406035 0.066421670 0.066530447 0.063057398 0.045379664 0.118827162 
49     0.084678063 0.087922619 0.075078403 0.076902966 0.077879811 0.103104742 0.101858749 0.095713526 0.086479802 0.087111592 0.096019014 0.111390502 0.079787619 0.085610959 0.088705475 0.088184479 0.090257907 0.077373650 0.079285743 0.064470758 0.081140077 0.083909907 0.080812073 0.081688177 0.087634986 0.088014581 0.085748807 0.105390450 0.016331126 0.000000000 0.003772790 0.042310550 0.035596344 0.037831784 0.037847273 0.029853561 0.057729995 0.075128320 0.066505831 0.067251987 0.071351250 0.076628421 0.070454299 0.070044804 0.066721247 0.066741192 0.063733638 0.063842415 0.060392556 0.042652927 0.116109244 
32     0.085233211 0.088477767 0.075633551 0.077458114 0.078434960 0.103659891 0.102413897 0.096268674 0.087034951 0.087666740 0.096574162 0.111945650 0.080342767 0.086166107 0.089260623 0.088739627 0.090813055 0.077928798 0.079840891 0.065025906 0.081695225 0.084465055 0.081367222 0.082243325 0.088190134 0.088569729 0.086303955 0.105945598 0.016868197 0.003772790 0.000000000 0.042800858 0.036079556 0.038437245 0.038452734 0.030458659 0.058285143 0.075683468 0.067060979 0.067807135 0.071906398 0.077183570 0.071009447 0.070599952 0.067276395 0.067296340 0.064288786 0.064397563 0.060947704 0.043208075 0.116664392 
29     0.104082157 0.107326713 0.094494802 0.096319364 0.097283905 0.122525922 0.121279928 0.115080074 0.105836373 0.106470201 0.115401895 0.130773383 0.099189383 0.105012723 0.108107239 0.107586243 0.109659671 0.096799210 0.098711303 0.083907963 0.100648254 0.103418084 0.100328200 0.101162553 0.107100349 0.107479944 0.105228877 0.124870520 0.045014691 0.042310550 0.042800858 0.000000000 0.027652903 0.056896750 0.057093799 0.049064424 0.077004797 0.094403122 0.085780632 0.086526788 0.090629108 0.095906280 0.089729101 0.089319606 0.085996049 0.086015994 0.083031291 0.083140068 0.079667357 0.062002880 0.135469561 
44     0.097318917 0.100563473 0.087747749 0.089572311 0.090536853 0.115806530 0.114560536 0.108443948 0.099210225 0.099842014 0.108749437 0.124120925 0.092519325 0.098342665 0.101437180 0.100916185 0.102989613 0.090104900 0.092016992 0.077215176 0.093955468 0.096725298 0.093635414 0.094469767 0.100403978 0.100783573 0.098536091 0.118177734 0.038288621 0.035596344 0.036079556 0.027652903 0.000000000 0.050260986 0.050404613 0.042368637 0.070303762 0.087702088 0.079079598 0.079825754 0.083928073 0.089205245 0.083028066 0.082618571 0.079295014 0.079314960 0.076330256 0.076439033 0.072966323 0.055301845 0.128768527 
45     0.097242966 0.100487522 0.087646477 0.089474406 0.090444714 0.115748330 0.114502336 0.108352697 0.099118974 0.099750764 0.108658186 0.124029674 0.092456175 0.098279515 0.101357049 0.100853035 0.102926463 0.090029356 0.091941448 0.077139632 0.093879924 0.096649754 0.093561615 0.094394223 0.100347586 0.100727181 0.098460547 0.118102190 0.040789267 0.037831784 0.038437245 0.056896750 0.050260986 0.000000000 0.023165447 0.028546816 0.070351282 0.087749607 0.079127118 0.079861846 0.083909214 0.089186386 0.083020635 0.082652477 0.079300782 0.079320728 0.076340138 0.076448915 0.072935438 0.055137726 0.128485684 
48     0.097294447 0.100539003 0.087697958 0.089525887 0.090496196 0.115799811 0.114553817 0.108404178 0.099170455 0.099802245 0.108709667 0.124081155 0.092507656 0.098330997 0.101402273 0.100904517 0.102977944 0.090080837 0.091992929 0.077191114 0.093931405 0.096701235 0.093613096 0.094445704 0.100399067 0.100778662 0.098512029 0.118153671 0.040804912 0.037847273 0.038452734 0.057093799 0.050404613 0.023165447 0.000000000 0.028640109 0.070402763 0.087801089 0.079178599 0.079913327 0.083960695 0.089237867 0.083072116 0.082703959 0.079352263 0.079372209 0.076391620 0.076500397 0.072986919 0.055189207 0.128537166 
46     0.089338636 0.092583192 0.079751280 0.081575843 0.082540384 0.107796912 0.106550918 0.100401461 0.091167738 0.091799528 0.100706950 0.116078438 0.084492545 0.090315885 0.093397636 0.092889405 0.094962833 0.082078120 0.083990212 0.069188396 0.085928688 0.088698518 0.085610592 0.086442987 0.092396350 0.092775945 0.090509311 0.110150954 0.032811122 0.029853561 0.030458659 0.049064424 0.042368637 0.028546816 0.028640109 0.000000000 0.062368654 0.079766980 0.071144490 0.071890646 0.075938014 0.081215186 0.075038007 0.074669850 0.071318154 0.071338100 0.068357511 0.068466288 0.064966802 0.047245857 0.120533089 
39     0.098606300 0.101885641 0.089053730 0.090878292 0.091848349 0.117076049 0.115873533 0.109662980 0.100429124 0.101060914 0.109975175 0.125341170 0.093654212 0.099561029 0.102674913 0.102134549 0.104180202 0.091391288 0.093303381 0.078513655 0.095189997 0.097959827 0.094879659 0.095749203 0.101715245 0.102094840 0.099815527 0.119457170 0.060385137 0.057729995 0.058285143 0.077004797 0.070303762 0.070351282 0.070402763 0.062368654 0.000000000 0.046665475 0.038223097 0.038967963 0.043079179 0.048302934 0.041639921 0.043086126 0.053348204 0.053345186 0.050372600 0.050455626 0.047157411 0.056647013 0.129915695 
50     0.116130728 0.119410069 0.106578158 0.108402720 0.109372777 0.134600477 0.133397961 0.127100215 0.117869673 0.118501463 0.127444540 0.142834388 0.111133558 0.117026281 0.120140164 0.119599801 0.121645454 0.108883501 0.110795593 0.096042485 0.112751376 0.115521206 0.112404043 0.113286574 0.119252616 0.119632211 0.117352898 0.136994541 0.077767910 0.075128320 0.075683468 0.094403122 0.087702088 0.087749607 0.087801089 0.079766980 0.046665475 0.000000000 0.031466613 0.036771112 0.041509720 0.046651587 0.053612930 0.060768364 0.070772822 0.070772699 0.067841159 0.067879547 0.064614444 0.074115264 0.147351806 
34     0.107531824 0.110811165 0.097979254 0.099803816 0.100773873 0.126001573 0.124799056 0.118608892 0.109375169 0.110006959 0.118912981 0.134276143 0.102595457 0.108488179 0.111602063 0.111061699 0.113107353 0.100326767 0.102238859 0.087472939 0.104183021 0.106952851 0.103845712 0.104718220 0.110684262 0.111063856 0.108784544 0.128426187 0.069145421 0.066505831 0.067060979 0.085780632 0.079079598 0.079127118 0.079178599 0.071144490 0.038223097 0.031466613 0.000000000 0.028430333 0.032163545 0.037583083 0.045295576 0.052028150 0.062233482 0.062233359 0.059301820 0.059340207 0.056075104 0.065516359 0.138752902 
36     0.108258089 0.111537430 0.098705519 0.100530081 0.101500138 0.126727838 0.125525322 0.119374897 0.110141174 0.110772963 0.119678986 0.135042148 0.103361462 0.109254184 0.112368068 0.111827704 0.113873358 0.101092772 0.103004864 0.088171874 0.104908325 0.107678155 0.104571016 0.105443524 0.111409565 0.111789160 0.109509848 0.129151491 0.069890600 0.067251987 0.067807135 0.086526788 0.079825754 0.079861846 0.079913327 0.071890646 0.038967963 0.036771112 0.028430333 0.000000000 0.030255222 0.035547455 0.045983428 0.052997974 0.062869156 0.062866138 0.059935626 0.059974014 0.056732404 0.066276476 0.139269768 
42     0.112387687 0.115667028 0.102835116 0.104659679 0.105629736 0.130834017 0.129620567 0.123491678 0.114257955 0.114889745 0.123795768 0.139158930 0.107478243 0.113370966 0.116484849 0.115944486 0.117990139 0.105187256 0.107099348 0.092355725 0.109065808 0.111835638 0.108728498 0.109601006 0.115567048 0.115946643 0.113667330 0.133308973 0.074009448 0.071351250 0.071906398 0.090629108 0.083928073 0.083909214 0.083960695 0.075938014 0.043079179 0.041509720 0.032163545 0.030255222 0.000000000 0.020815280 0.050216513 0.057117937 0.067121307 0.067118288 0.064189645 0.064228032 0.060962929 0.070399146 0.143609409 
33     0.117664859 0.120944200 0.108112288 0.109936851 0.110906907 0.136111189 0.134897739 0.128768850 0.119535127 0.120166917 0.129072939 0.144436102 0.112755415 0.118648137 0.121762021 0.121221657 0.123267311 0.110464427 0.112376520 0.097632897 0.114342979 0.117112810 0.114005670 0.114878178 0.120844220 0.121223815 0.118944502 0.138586145 0.079286619 0.076628421 0.077183570 0.095906280 0.089205245 0.089186386 0.089237867 0.081215186 0.048302934 0.046651587 0.037583083 0.035547455 0.020815280 0.000000000 0.055543674 0.062325224 0.072386593 0.072383575 0.069454931 0.069493318 0.066228215 0.075676317 0.148886581 
30     0.111404055 0.114683397 0.101834227 0.103676048 0.104610898 0.129884156 0.128681639 0.122453950 0.113220227 0.113852017 0.122758039 0.138141345 0.106398125 0.112332018 0.115445902 0.114905538 0.116865650 0.104190561 0.106102653 0.091349442 0.108058332 0.110828163 0.107738239 0.108593531 0.114559573 0.114939168 0.112659855 0.132301498 0.073100308 0.070454299 0.071009447 0.089729101 0.083028066 0.083020635 0.083072116 0.075038007 0.041639921 0.053612930 0.045295576 0.045983428 0.050216513 0.055543674 0.000000000 0.056091634 0.066107697 0.066107574 0.063149172 0.063227880 0.059926502 0.069436833 0.142680313 
35     0.110659591 0.114121738 0.101298674 0.103123236 0.104090778 0.129422540 0.128220023 0.122140272 0.112906549 0.113538339 0.122444361 0.137807524 0.106017650 0.111941279 0.115055163 0.114514799 0.116579462 0.103771428 0.105683520 0.090934234 0.107716696 0.110486526 0.107396603 0.108251895 0.114217936 0.114597531 0.112318219 0.131959861 0.072699945 0.070044804 0.070599952 0.089319606 0.082618571 0.082652477 0.082703959 0.074669850 0.043086126 0.060768364 0.052028150 0.052997974 0.057117937 0.062325224 0.056091634 0.000000000 0.065431704 0.065431580 0.062449515 0.062528223 0.059152532 0.069047069 0.142288849 
38     0.107565598 0.110889127 0.098074967 0.099899530 0.100872610 0.126105475 0.124919044 0.118616137 0.109382414 0.110014204 0.118997440 0.134283389 0.102672235 0.108548155 0.111662039 0.111121675 0.113186338 0.100365669 0.102277761 0.087571610 0.104283894 0.107053724 0.103963801 0.104828267 0.110794309 0.111173904 0.108894592 0.128536234 0.069386090 0.066721247 0.067276395 0.085996049 0.079295014 0.079300782 0.079352263 0.071318154 0.053348204 0.070772822 0.062233482 0.062869156 0.067121307 0.072386593 0.066107697 0.065431704 0.000000000 0.014177955 0.034635330 0.034535513 0.031904074 0.065664497 0.138867773 
37     0.107585544 0.110909072 0.098094912 0.099919475 0.100892555 0.126125420 0.124938990 0.118636083 0.109402360 0.110034149 0.119017386 0.134303401 0.102692181 0.108568101 0.111681985 0.111141621 0.113206283 0.100385614 0.102297707 0.087591556 0.104303840 0.107073670 0.103983746 0.104848213 0.110814254 0.111193849 0.108914537 0.128556180 0.069406035 0.066741192 0.067296340 0.086015994 0.079314960 0.079320728 0.079372209 0.071338100 0.053345186 0.070772699 0.062233359 0.062866138 0.067118288 0.072383575 0.066107574 0.065431580 0.014177955 0.000000000 0.034789006 0.034733234 0.031904288 0.065684442 0.138887719 
47     0.104725303 0.108033370 0.095201458 0.097026021 0.097996078 0.123193626 0.122035967 0.115719587 0.106485864 0.107117653 0.116100890 0.131408576 0.099754248 0.105651605 0.108765489 0.108225125 0.110289787 0.097469118 0.099381211 0.084678761 0.101391045 0.104160875 0.101070952 0.101935418 0.107901460 0.108281054 0.106001742 0.125643385 0.066421670 0.063733638 0.064288786 0.083031291 0.076330256 0.076340138 0.076391620 0.068357511 0.050372600 0.067841159 0.059301820 0.059935626 0.064189645 0.069454931 0.063149172 0.062449515 0.034635330 0.034789006 0.000000000 0.011267985 0.028838146 0.062763519 0.135955761 
31     0.104760324 0.108068390 0.095236478 0.097061041 0.098031098 0.123228646 0.122070987 0.115756179 0.106522456 0.107154245 0.116137482 0.131445168 0.099791989 0.105692213 0.108806097 0.108265733 0.110330396 0.097509727 0.099421819 0.084681515 0.101420305 0.104190135 0.101100212 0.101964678 0.107930720 0.108310315 0.106031003 0.125672645 0.066530447 0.063842415 0.064397563 0.083140068 0.076439033 0.076448915 0.076500397 0.068466288 0.050455626 0.067879547 0.059340207 0.059974014 0.064228032 0.069493318 0.063227880 0.062528223 0.034535513 0.034733234 0.011267985 0.000000000 0.029050976 0.062818785 0.136021315 
43     0.101343313 0.104674626 0.091842715 0.093667277 0.094637334 0.119859441 0.118666224 0.112365697 0.103131974 0.103763764 0.112747000 0.128058220 0.096420256 0.102297716 0.105411599 0.104871236 0.106935898 0.094116878 0.096028970 0.081326521 0.098038804 0.100808635 0.097718711 0.098583178 0.104549219 0.104928814 0.102649502 0.122291144 0.063057398 0.060392556 0.060947704 0.079667357 0.072966323 0.072935438 0.072986919 0.064966802 0.047157411 0.064614444 0.056075104 0.056732404 0.060962929 0.066228215 0.059926502 0.059152532 0.031904074 0.031904288 0.028838146 0.029050976 0.000000000 0.059417639 0.132496701 
40     0.068993281 0.072375246 0.059385991 0.061209149 0.062178394 0.087365217 0.086094992 0.080036706 0.070802983 0.071434863 0.080333504 0.095600380 0.064153901 0.069954678 0.073176450 0.072528198 0.074605960 0.062266068 0.064176618 0.049370438 0.065952965 0.068723478 0.065651000 0.066464987 0.072456022 0.072835617 0.070531311 0.090189613 0.045379664 0.042652927 0.043208075 0.062002880 0.055301845 0.055137726 0.055189207 0.047245857 0.056647013 0.074115264 0.065516359 0.066276476 0.070399146 0.075676317 0.069436833 0.069047069 0.065664497 0.065684442 0.062763519 0.062818785 0.059417639 0.000000000 0.100216380 
0     0.141068087 0.144397998 0.131446381 0.133294819 0.134260497 0.159604458 0.158396684 0.152332067 0.143098344 0.143730133 0.152499496 0.167669879 0.136423676 0.142202944 0.145371713 0.144776464 0.146858262 0.134294000 0.136206092 0.121213768 0.138014233 0.140790401 0.137562322 0.138529054 0.144515835 0.144895430 0.142595379 0.162239228 0.118827162 0.116109244 0.116664392 0.135469561 0.128768527 0.128485684 0.128537166 0.120533089 0.129915695 0.147351806 0.138752902 0.139269768 0.143609409 0.148886581 0.142680313 0.142288849 0.138867773 0.138887719 0.135955761 0.136021315 0.132496701 0.100216380 0.000000000 
