51
2     0.000000000 0.166931314 0.168701738 0.237440132 0.237510721 0.298791497 0.308898790 0.299910283 0.374459953 0.295763040 0.298896062 0.300525710 0.293237985 0.294275830 0.301454278 0.316953234 0.313826752 0.306188701 0.293141173 0.299912900 0.290280230 0.355015514 0.331005182 0.368282123 0.315475490 0.316697541 0.310739384 0.307211624 0.287611150 0.286737553 0.314813289 0.291879221 0.336064607 0.320519815 0.331377600 0.321617204 0.322236295 0.319217499 0.323321429 0.288974553 0.283630746 0.325590126 0.306068924 0.290152882 0.302938045 0.275894865 0.273530332 0.269320564 0.352529843 0.329954518 0.492835003 
3     0.166931314 0.000000000 0.117256689 0.223085899 0.223156488 0.285261395 0.295368688 0.286380181 0.360929851 0.282233845 0.285366868 0.286996516 0.279708790 0.280746635 0.287924138 0.303423094 0.300296612 0.292658561 0.279611033 0.286382760 0.276750090 0.341485374 0.317475042 0.354751983 0.301945388 0.302704923 0.296728754 0.293249115 0.273785549 0.273104036 0.301283187 0.278349119 0.322534505 0.306989713 0.317847498 0.308087102 0.308706193 0.305687397 0.309791327 0.275446597 0.270100378 0.312066766 0.292538822 0.276622780 0.289407943 0.262364763 0.260000229 0.255790462 0.338999741 0.316424416 0.479308584 
4     0.168701738 0.117256689 0.000000000 0.224983632 0.225054222 0.287124844 0.297232137 0.288243630 0.362784435 0.284088429 0.287221451 0.288851099 0.281563374 0.282601219 0.289778721 0.305277678 0.302151195 0.294513145 0.281465616 0.288237344 0.278604674 0.343339958 0.319329625 0.356606566 0.303799971 0.305022022 0.299063866 0.295536106 0.275935632 0.275035568 0.303111304 0.280112139 0.324362622 0.308781675 0.319639460 0.309879064 0.310498155 0.307479359 0.311583289 0.277262116 0.271977768 0.313922936 0.294416211 0.278500169 0.291285332 0.264242153 0.261877619 0.257667852 0.340877131 0.318301805 0.481197334 
5     0.237440132 0.223085899 0.224983632 0.000000000 0.037246517 0.308372317 0.318479609 0.309491102 0.383893903 0.305255167 0.308388189 0.310017837 0.302730111 0.303767957 0.310951864 0.326450821 0.323324338 0.315686287 0.302631480 0.309410487 0.299777816 0.364513205 0.340502873 0.377779814 0.324909362 0.326131413 0.320173256 0.316645497 0.297045022 0.296279964 0.324340163 0.301373637 0.345559024 0.330014231 0.340872017 0.331111620 0.331730712 0.328711916 0.332815846 0.298504972 0.293172262 0.335142550 0.315592428 0.299676386 0.312453944 0.285411168 0.283046634 0.278842252 0.362053104 0.339478022 0.502945417 
1     0.237510721 0.223156488 0.225054222 0.037246517 0.000000000 0.307309165 0.317416458 0.308427951 0.382926941 0.304288205 0.307421227 0.309050875 0.301763149 0.302800995 0.309984902 0.325483859 0.322357376 0.314719325 0.301664518 0.308443525 0.298810854 0.363546243 0.339535911 0.376812852 0.323942400 0.325164451 0.319206294 0.315678535 0.296078060 0.295216813 0.323277012 0.300310486 0.344495873 0.328951080 0.339808866 0.330048469 0.330667561 0.327648765 0.331752695 0.297441821 0.291846996 0.333817284 0.313860730 0.297944688 0.309860227 0.282893019 0.280528486 0.277516986 0.360727838 0.338152756 0.502195620 
44     0.298791497 0.285261395 0.287124844 0.308372317 0.307309165 0.000000000 0.079404318 0.113096089 0.323118062 0.265384881 0.268517114 0.270210771 0.262923045 0.263960890 0.270324064 0.285823021 0.282667989 0.275059061 0.262085788 0.268877325 0.259153074 0.324538734 0.300557897 0.337782350 0.284067404 0.286103235 0.280140855 0.276545138 0.256952853 0.256507051 0.285441177 0.261542105 0.305562095 0.290206904 0.301064689 0.291309552 0.291928643 0.288909847 0.293013777 0.259604178 0.259990707 0.301986919 0.281866744 0.265950702 0.278616853 0.251574742 0.249210208 0.244939567 0.328269950 0.305816725 0.512557526 
21     0.308898790 0.295368688 0.297232137 0.318479609 0.317416458 0.079404318 0.000000000 0.124112220 0.333227013 0.275225719 0.278357952 0.280051609 0.272763883 0.273801728 0.280430919 0.295929875 0.292774843 0.285165915 0.272192642 0.278984180 0.269259928 0.334645589 0.310664751 0.347889204 0.294175061 0.296210892 0.290248512 0.286652795 0.267060509 0.266613905 0.295548032 0.271648960 0.315668949 0.300313758 0.311171543 0.301416407 0.302035498 0.299016702 0.303120632 0.269711032 0.270098000 0.312094212 0.291974037 0.276057995 0.288724575 0.261682464 0.259317930 0.255047289 0.338377673 0.315924447 0.522664819 
35     0.299910283 0.286380181 0.288243630 0.309491102 0.308427951 0.113096089 0.124112220 0.000000000 0.324230149 0.266939483 0.270071715 0.271765372 0.264477647 0.265515492 0.271417217 0.286916173 0.283761141 0.276152213 0.263178940 0.269970478 0.260246226 0.325631108 0.301650271 0.338874724 0.285152127 0.287187958 0.281225578 0.277629861 0.258037575 0.257596934 0.286531136 0.262632172 0.306652181 0.291296958 0.302154743 0.292399607 0.293018698 0.289999902 0.294103832 0.260694002 0.261070371 0.303066583 0.282938242 0.267022200 0.279679528 0.252637417 0.250272883 0.245994091 0.329340630 0.306887405 0.513673671 
32     0.374459953 0.360929851 0.362784435 0.383893903 0.382926941 0.323118062 0.333227013 0.324230149 0.000000000 0.341845115 0.344977348 0.346510848 0.339223122 0.340260967 0.345697274 0.361196230 0.357780981 0.350432261 0.337388945 0.344180482 0.334526747 0.401214597 0.377230465 0.414508142 0.359463980 0.361642353 0.355679972 0.352204470 0.332612184 0.331912556 0.360186774 0.337684881 0.381728306 0.366338057 0.377195843 0.367422382 0.368041474 0.365022678 0.369126607 0.335422282 0.334385150 0.376363171 0.356063305 0.340147263 0.352776835 0.325716606 0.323352073 0.319119814 0.402453743 0.380000518 0.588336641 
14     0.295763040 0.282233845 0.284088429 0.305255167 0.304288205 0.265384881 0.275225719 0.266939483 0.341845115 0.000000000 0.038666943 0.052752463 0.046653551 0.048773275 0.214561803 0.229908533 0.226573300 0.218995964 0.207066724 0.213765366 0.204441075 0.270108630 0.246214662 0.283326684 0.249062668 0.249645925 0.243641508 0.239957320 0.220557721 0.234469151 0.257841154 0.234924165 0.279998445 0.264305127 0.275164001 0.265412202 0.266031293 0.263012497 0.267116427 0.232487776 0.253694234 0.295735556 0.275584592 0.259668550 0.272787728 0.245748880 0.243384346 0.239181642 0.322476640 0.299637247 0.510207683 
20     0.298896062 0.285366868 0.287221451 0.308388189 0.307421227 0.268517114 0.278357952 0.270071715 0.344977348 0.038666943 0.000000000 0.057562680 0.049455468 0.050573414 0.217688745 0.233035475 0.229700243 0.222122907 0.210193667 0.216892308 0.207568018 0.273230397 0.249359166 0.286471188 0.252190357 0.252773614 0.246769197 0.243085009 0.223685409 0.237602883 0.260990293 0.238073304 0.283147584 0.267454266 0.278313140 0.268561341 0.269180432 0.266161636 0.270265566 0.235636915 0.256826467 0.298867789 0.278716824 0.262800782 0.275919961 0.248881113 0.246516579 0.242313875 0.325608873 0.302769480 0.513340705 
6     0.300525710 0.286996516 0.288851099 0.310017837 0.309050875 0.270210771 0.280051609 0.271765372 0.346510848 0.052752463 0.057562680 0.000000000 0.047452517 0.046885702 0.219724278 0.235071008 0.232011945 0.224331447 0.211720491 0.218419132 0.209094842 0.274432239 0.250560627 0.287663362 0.253723853 0.254307110 0.248302694 0.244618505 0.225218906 0.238826099 0.262523793 0.239606804 0.284681085 0.268987767 0.279846640 0.270094841 0.270713932 0.267695136 0.271799066 0.237170415 0.258520019 0.300561341 0.280410377 0.264494334 0.277613513 0.250574665 0.248210131 0.244007427 0.327302425 0.304463032 0.514970353 
34     0.293237985 0.279708790 0.281563374 0.302730111 0.301763149 0.262923045 0.272763883 0.264477647 0.339223122 0.046653551 0.049455468 0.047452517 0.000000000 0.033872293 0.212424424 0.227771155 0.224712091 0.217031594 0.204420637 0.211119279 0.201794988 0.267145143 0.243273912 0.280377870 0.246436132 0.247019388 0.241014972 0.237330783 0.217931184 0.231538374 0.255236067 0.232319079 0.277393359 0.261700041 0.272558915 0.262807115 0.263426207 0.260407411 0.264511341 0.229882690 0.251232293 0.293273615 0.273122651 0.257206609 0.270325787 0.243286939 0.240922406 0.236719702 0.320014699 0.297175306 0.507682628 
31     0.294275830 0.280746635 0.282601219 0.303767957 0.302800995 0.263960890 0.273801728 0.265515492 0.340260967 0.048773275 0.050573414 0.046885702 0.033872293 0.000000000 0.213485469 0.228832200 0.225773136 0.218092638 0.205481682 0.212180324 0.202856033 0.268194117 0.244300150 0.281404108 0.247484359 0.248067616 0.242063199 0.238379011 0.218979411 0.232580039 0.256262326 0.233345337 0.278419617 0.262726299 0.273585173 0.263833374 0.264452465 0.261433669 0.265537599 0.230908948 0.252270138 0.294311461 0.274160496 0.258244454 0.271363632 0.244324784 0.241960251 0.237757547 0.321052544 0.298213151 0.508720473 
28     0.301454278 0.287924138 0.289778721 0.310951864 0.309984902 0.270324064 0.280430919 0.271417217 0.345697274 0.214561803 0.217688745 0.219724278 0.212424424 0.213485469 0.000000000 0.116302528 0.114554350 0.108823779 0.125777861 0.133791600 0.130087700 0.259717950 0.234247082 0.271392457 0.250497428 0.252410644 0.246439706 0.242661165 0.223293007 0.234760213 0.260621895 0.238250861 0.283196942 0.267439365 0.278298239 0.268538360 0.269157451 0.266138655 0.270242585 0.236061369 0.259040941 0.301159752 0.280792006 0.264875964 0.278351277 0.251312528 0.248947994 0.244745290 0.328104574 0.305265181 0.515065719 
27     0.316953234 0.303423094 0.305277678 0.326450821 0.325483859 0.285823021 0.295929875 0.286916173 0.361196230 0.229908533 0.233035475 0.235071008 0.227771155 0.228832200 0.116302528 0.000000000 0.121410241 0.115774547 0.142718780 0.148759603 0.144867639 0.275306562 0.249463537 0.286608912 0.265996384 0.267909632 0.261938694 0.258178900 0.238810742 0.250259169 0.276120852 0.253749817 0.298695899 0.282938322 0.293797196 0.284037316 0.284656408 0.281637612 0.285741542 0.251560361 0.274539897 0.316658708 0.296290962 0.280374920 0.293850234 0.266811484 0.264446950 0.260244246 0.343603531 0.320764138 0.530564675 
45     0.313826752 0.300296612 0.302151195 0.323324338 0.322357376 0.282667989 0.292774843 0.283761141 0.357780981 0.226573300 0.229700243 0.232011945 0.224712091 0.225773136 0.114554350 0.121410241 0.000000000 0.065654231 0.140239263 0.146872807 0.141803135 0.272215781 0.246410928 0.283556303 0.262869851 0.264783099 0.258812161 0.255052367 0.235684209 0.247132579 0.272993960 0.250621763 0.295568026 0.279810829 0.290669702 0.280909823 0.281528915 0.278510119 0.282614049 0.248433064 0.271413415 0.313532226 0.293164480 0.277248438 0.290723751 0.263685001 0.261320468 0.257117764 0.340477048 0.317637655 0.527438193 
15     0.306188701 0.292658561 0.294513145 0.315686287 0.314719325 0.275059061 0.285165915 0.276152213 0.350432261 0.218995964 0.222122907 0.224331447 0.217031594 0.218092638 0.108823779 0.115774547 0.065654231 0.000000000 0.133079974 0.139558194 0.133894954 0.264508277 0.238711723 0.275857098 0.255235653 0.257148901 0.251177963 0.247418169 0.228050010 0.239494528 0.265355909 0.242983712 0.287929976 0.272172778 0.283031652 0.273271773 0.273890864 0.270872068 0.274975998 0.240795014 0.263775364 0.305894175 0.285526429 0.269610387 0.283085701 0.256046951 0.253682417 0.249479713 0.332838998 0.309999605 0.519800142 
37     0.293141173 0.279611033 0.281465616 0.302631480 0.301664518 0.262085788 0.272192642 0.263178940 0.337388945 0.207066724 0.210193667 0.211720491 0.204420637 0.205481682 0.125777861 0.142718780 0.140239263 0.133079974 0.000000000 0.105545579 0.124359477 0.251250959 0.225590827 0.262908955 0.242252753 0.244084493 0.238113555 0.234335111 0.214966856 0.226667290 0.252240165 0.229872399 0.274815213 0.259057636 0.269916510 0.260156630 0.260775722 0.257756926 0.261860856 0.227679675 0.250339492 0.292720876 0.272353130 0.256437088 0.269912402 0.242873652 0.240509118 0.236306414 0.319665699 0.296826306 0.506745334 
49     0.299912900 0.286382760 0.288237344 0.309410487 0.308443525 0.268877325 0.278984180 0.269970478 0.344180482 0.213765366 0.216892308 0.218419132 0.211119279 0.212180324 0.133791600 0.148759603 0.146872807 0.139558194 0.105545579 0.000000000 0.131590292 0.258099358 0.232073533 0.269391661 0.248995060 0.250678606 0.244707359 0.241032833 0.221664578 0.233436169 0.259010983 0.236639949 0.281586031 0.265828453 0.276687327 0.266927448 0.267546539 0.264527744 0.268631674 0.234450493 0.257187700 0.299506706 0.279138960 0.263222918 0.276695609 0.249656084 0.247292429 0.243090126 0.326449888 0.303610495 0.513524341 
48     0.290280230 0.276750090 0.278604674 0.299777816 0.298810854 0.259153074 0.269259928 0.260246226 0.334526747 0.204441075 0.207568018 0.209094842 0.201794988 0.202856033 0.130087700 0.144867639 0.141803135 0.133894954 0.124359477 0.131590292 0.000000000 0.248443925 0.222868833 0.260033414 0.239454102 0.241369477 0.235398539 0.231620095 0.212251840 0.223501180 0.249208445 0.226786674 0.271732756 0.255975179 0.266834052 0.257074173 0.257693265 0.254674469 0.258778399 0.224627783 0.247974827 0.290093638 0.269725892 0.253809850 0.267285163 0.240246414 0.237881880 0.233679176 0.317038460 0.294199067 0.503891474 
42     0.355015514 0.341485374 0.343339958 0.364513205 0.363546243 0.324538734 0.334645589 0.325631108 0.401214597 0.270108630 0.273230397 0.274432239 0.267145143 0.268194117 0.259717950 0.275306562 0.272215781 0.264508277 0.251250959 0.258099358 0.248443925 0.000000000 0.248526173 0.286100041 0.305171957 0.305561240 0.299605975 0.295825415 0.276457257 0.288520925 0.314851299 0.292442187 0.337287885 0.321616152 0.332475025 0.322720766 0.323339857 0.320321061 0.324424991 0.290164369 0.311702887 0.353789642 0.332827086 0.317359738 0.330950316 0.303912477 0.301547943 0.297344174 0.380705806 0.357866413 0.568557970 
12     0.331005182 0.317475042 0.319329625 0.340502873 0.339535911 0.300557897 0.310664751 0.301650271 0.377230465 0.246214662 0.249359166 0.250560627 0.243273912 0.244300150 0.234247082 0.249463537 0.246410928 0.238711723 0.225590827 0.232073533 0.222868833 0.248526173 0.000000000 0.148071864 0.280766407 0.280574526 0.274606742 0.270846948 0.251478790 0.264135629 0.290369488 0.267918065 0.312759271 0.297097942 0.307956816 0.298202556 0.298821648 0.295802852 0.299906782 0.265879698 0.287755402 0.329842376 0.309462721 0.293546371 0.306911989 0.279880748 0.277516215 0.273292098 0.356628889 0.333789496 0.544548155 
8     0.368282123 0.354751983 0.356606566 0.377779814 0.376812852 0.337782350 0.347889204 0.338874724 0.414508142 0.283326684 0.286471188 0.287663362 0.280377870 0.281404108 0.271392457 0.286608912 0.283556303 0.275857098 0.262908955 0.269391661 0.260033414 0.286100041 0.148071864 0.000000000 0.318181914 0.317986010 0.312028726 0.308268932 0.288900773 0.301277531 0.327539372 0.305113207 0.349958909 0.334297580 0.345156454 0.335402195 0.336021286 0.333002490 0.337106420 0.303049536 0.325117001 0.367203918 0.346839439 0.330923397 0.344311700 0.317280843 0.314916310 0.310712541 0.394007635 0.371168242 0.581825014 
23     0.315475490 0.301945388 0.303799971 0.324909362 0.323942400 0.284067404 0.294175061 0.285152127 0.359463980 0.249062668 0.252190357 0.253723853 0.246436132 0.247484359 0.250497428 0.265996384 0.262869851 0.255235653 0.242252753 0.248995060 0.239454102 0.305171957 0.280766407 0.318181914 0.000000000 0.207712683 0.201810267 0.198519452 0.178436094 0.249706064 0.273150693 0.251264308 0.295706578 0.280266986 0.291127737 0.281367324 0.281986415 0.278967619 0.283071549 0.249130340 0.272998136 0.314874237 0.294165133 0.278249090 0.291697805 0.264817499 0.262452965 0.258021689 0.341543221 0.318498435 0.529329867 
9     0.316697541 0.302704923 0.305022022 0.326131413 0.325164451 0.286103235 0.296210892 0.287187958 0.361642353 0.249645925 0.252773614 0.254307110 0.247019388 0.248067616 0.252410644 0.267909632 0.264783099 0.257148901 0.244084493 0.250678606 0.241369477 0.305561240 0.280574526 0.317986010 0.207712683 0.000000000 0.108948792 0.129533536 0.113038399 0.249370676 0.273468069 0.251667984 0.296049731 0.280670653 0.291532614 0.281772017 0.282391108 0.279372313 0.283476243 0.249506978 0.273185561 0.315059951 0.294357048 0.278441006 0.291932321 0.265052015 0.262687481 0.258256204 0.341777737 0.318457741 0.530430802 
13     0.310739384 0.296728754 0.299063866 0.320173256 0.319206294 0.280140855 0.290248512 0.281225578 0.355679972 0.243641508 0.246769197 0.248302694 0.241014972 0.242063199 0.246439706 0.261938694 0.258812161 0.251177963 0.238113555 0.244707359 0.235398539 0.299605975 0.274606742 0.312028726 0.201810267 0.108948792 0.000000000 0.125654734 0.107666002 0.243438377 0.267497777 0.245698054 0.290079801 0.274700723 0.285562684 0.275802087 0.276421179 0.273402383 0.277506313 0.243537048 0.267217254 0.309091644 0.288388742 0.272472699 0.285964014 0.259083708 0.256719174 0.252287898 0.335809430 0.312757994 0.524472645 
26     0.307211624 0.293249115 0.295536106 0.316645497 0.315678535 0.276545138 0.286652795 0.277629861 0.352204470 0.239957320 0.243085009 0.244618505 0.237330783 0.238379011 0.242661165 0.258178900 0.255052367 0.247418169 0.234335111 0.241032833 0.231620095 0.295825415 0.270846948 0.308268932 0.198519452 0.129533536 0.125654734 0.000000000 0.099354327 0.240022797 0.263866689 0.242066604 0.286448351 0.271065236 0.281931234 0.272170637 0.272789729 0.269770933 0.273874863 0.239940404 0.263845957 0.305720347 0.285017444 0.269101402 0.282592717 0.255712410 0.253347877 0.248916600 0.332438132 0.309386696 0.520949306 
17     0.287611150 0.273785549 0.275935632 0.297045022 0.296078060 0.256952853 0.267060509 0.258037575 0.332612184 0.220557721 0.223685409 0.225218906 0.217931184 0.218979411 0.223293007 0.238810742 0.235684209 0.228050010 0.214966856 0.221664578 0.212251840 0.276457257 0.251478790 0.288900773 0.178436094 0.113038399 0.107666002 0.099354327 0.000000000 0.220314943 0.244155124 0.222362013 0.266744037 0.251361447 0.262226920 0.252466324 0.253085415 0.250066619 0.254170549 0.220236288 0.244174150 0.286048540 0.265322825 0.249406783 0.262920910 0.236040604 0.233676070 0.229244793 0.312766326 0.289685467 0.501344411 
29     0.286737553 0.273104036 0.275035568 0.296279964 0.295216813 0.256507051 0.266613905 0.257596934 0.331912556 0.234469151 0.237602883 0.238826099 0.231538374 0.232580039 0.234760213 0.250259169 0.247132579 0.239494528 0.226667290 0.233436169 0.223501180 0.288520925 0.264135629 0.301277531 0.249706064 0.249370676 0.243438377 0.240022797 0.220314943 0.000000000 0.231041534 0.207869910 0.252261219 0.236741508 0.247594100 0.237848113 0.238467205 0.235448409 0.239552362 0.204606884 0.247367209 0.289303968 0.268545540 0.252629498 0.266056221 0.239176625 0.236812092 0.232447724 0.315960650 0.293197229 0.500200796 
10     0.314813289 0.301283187 0.303111304 0.324340163 0.323277012 0.285441177 0.295548032 0.286531136 0.360186774 0.257841154 0.260990293 0.262523793 0.255236067 0.256262326 0.260621895 0.276120852 0.272993960 0.265355909 0.252240165 0.259010983 0.249208445 0.314851299 0.290369488 0.327539372 0.273150693 0.273468069 0.267497777 0.263866689 0.244155124 0.231041534 0.000000000 0.209885317 0.253708529 0.237962944 0.248750695 0.238867083 0.239486174 0.236450350 0.240575043 0.204605644 0.274165887 0.316102646 0.295615716 0.279699674 0.293038296 0.265997620 0.263633086 0.259430382 0.342781650 0.319942257 0.528531608 
25     0.291879221 0.278349119 0.280112139 0.301373637 0.300310486 0.261542105 0.271648960 0.262632172 0.337684881 0.234924165 0.238073304 0.239606804 0.232319079 0.233345337 0.238250861 0.253749817 0.250621763 0.242983712 0.229872399 0.236639949 0.226786674 0.292442187 0.267918065 0.305113207 0.251264308 0.251667984 0.245698054 0.242066604 0.222362013 0.207869910 0.209885317 0.000000000 0.174923629 0.158971429 0.169484323 0.158860185 0.159476654 0.156587962 0.160767269 0.176518322 0.251801224 0.293737983 0.273380547 0.257464504 0.270832586 0.243794614 0.241430081 0.237228047 0.320420149 0.297656728 0.505593486 
38     0.336064607 0.322534505 0.324362622 0.345559024 0.344495873 0.305562095 0.315668949 0.306652181 0.381728306 0.279998445 0.283147584 0.284681085 0.277393359 0.278419617 0.283196942 0.298695899 0.295568026 0.287929976 0.274815213 0.281586031 0.271732756 0.337287885 0.312759271 0.349958909 0.295706578 0.296049731 0.290079801 0.286448351 0.266744037 0.252261219 0.253708529 0.174923629 0.000000000 0.205353414 0.216304632 0.206035578 0.206714180 0.203817293 0.207932129 0.220053070 0.296214293 0.338151052 0.316287631 0.300415203 0.314613066 0.287572977 0.285208443 0.281062219 0.364285896 0.341522475 0.549790776 
16     0.320519815 0.306989713 0.308781675 0.330014231 0.328951080 0.290206904 0.300313758 0.291296958 0.366338057 0.264305127 0.267454266 0.268987767 0.261700041 0.262726299 0.267439365 0.282938322 0.279810829 0.272172778 0.259057636 0.265828453 0.255975179 0.321616152 0.297097942 0.334297580 0.280266986 0.280670653 0.274700723 0.271065236 0.251361447 0.236741508 0.237962944 0.158971429 0.205353414 0.000000000 0.074468816 0.123882386 0.124210495 0.120042202 0.124077001 0.204842571 0.280735933 0.322672693 0.302315191 0.286399149 0.299768222 0.272729258 0.270364725 0.266162691 0.349354793 0.326591372 0.534271564 
7     0.331377600 0.317847498 0.319639460 0.340872017 0.339808866 0.301064689 0.311171543 0.302154743 0.377195843 0.275164001 0.278313140 0.279846640 0.272558915 0.273585173 0.278298239 0.293797196 0.290669702 0.283031652 0.269916510 0.276687327 0.266834052 0.332475025 0.307956816 0.345156454 0.291127737 0.291532614 0.285562684 0.281931234 0.262226920 0.247594100 0.248750695 0.169484323 0.216304632 0.074468816 0.000000000 0.133988738 0.134764012 0.131526518 0.134674949 0.215615088 0.291593719 0.333530478 0.313172976 0.297256934 0.310626008 0.283587044 0.281222510 0.277020476 0.360212578 0.337449158 0.545129350 
50     0.321617204 0.308087102 0.309879064 0.331111620 0.330048469 0.291309552 0.301416407 0.292399607 0.367422382 0.265412202 0.268561341 0.270094841 0.262807115 0.263833374 0.268538360 0.284037316 0.280909823 0.273271773 0.260156630 0.266927448 0.257074173 0.322720766 0.298202556 0.335402195 0.281367324 0.281772017 0.275802087 0.272170637 0.252466324 0.237848113 0.238867083 0.158860185 0.206035578 0.123882386 0.133988738 0.000000000 0.042894325 0.085271455 0.087824945 0.205972728 0.281839792 0.323776551 0.303419115 0.287503073 0.300872147 0.273833183 0.271468649 0.267265945 0.350458047 0.327694626 0.535368953 
41     0.322236295 0.308706193 0.310498155 0.331730712 0.330667561 0.291928643 0.302035498 0.293018698 0.368041474 0.266031293 0.269180432 0.270713932 0.263426207 0.264452465 0.269157451 0.284656408 0.281528915 0.273890864 0.260775722 0.267546539 0.257693265 0.323339857 0.298821648 0.336021286 0.281986415 0.282391108 0.276421179 0.272789729 0.253085415 0.238467205 0.239486174 0.159476654 0.206714180 0.124210495 0.134764012 0.042894325 0.000000000 0.085720300 0.089764438 0.206591447 0.282458884 0.324395643 0.304038206 0.288122164 0.301491238 0.274452274 0.272087740 0.267885036 0.351077138 0.328313717 0.535988045 
24     0.319217499 0.305687397 0.307479359 0.328711916 0.327648765 0.288909847 0.299016702 0.289999902 0.365022678 0.263012497 0.266161636 0.267695136 0.260407411 0.261433669 0.266138655 0.281637612 0.278510119 0.270872068 0.257756926 0.264527744 0.254674469 0.320321061 0.295802852 0.333002490 0.278967619 0.279372313 0.273402383 0.269770933 0.250066619 0.235448409 0.236450350 0.156587962 0.203817293 0.120042202 0.131526518 0.085271455 0.085720300 0.000000000 0.067051754 0.203555200 0.279440088 0.321376847 0.301019410 0.285103368 0.298472442 0.271433478 0.269068944 0.264866240 0.348058342 0.325294922 0.532969249 
46     0.323321429 0.309791327 0.311583289 0.332815846 0.331752695 0.293013777 0.303120632 0.294103832 0.369126607 0.267116427 0.270265566 0.271799066 0.264511341 0.265537599 0.270242585 0.285741542 0.282614049 0.274975998 0.261860856 0.268631674 0.258778399 0.324424991 0.299906782 0.337106420 0.283071549 0.283476243 0.277506313 0.273874863 0.254170549 0.239552362 0.240575043 0.160767269 0.207932129 0.124077001 0.134674949 0.087824945 0.089764438 0.067051754 0.000000000 0.207677866 0.283544016 0.325480774 0.305123340 0.289207298 0.302576371 0.275537407 0.273172874 0.268970170 0.352162272 0.329398851 0.537073178 
36     0.288974553 0.275446597 0.277262116 0.298504972 0.297441821 0.259604178 0.269711032 0.260694002 0.335422282 0.232487776 0.235636915 0.237170415 0.229882690 0.230908948 0.236061369 0.251560361 0.248433064 0.240795014 0.227679675 0.234450493 0.224627783 0.290164369 0.265879698 0.303049536 0.249130340 0.249506978 0.243537048 0.239940404 0.220236288 0.204606884 0.204605644 0.176518322 0.220053070 0.204842571 0.215615088 0.205972728 0.206591447 0.203555200 0.207677866 0.000000000 0.249406429 0.291343188 0.270839111 0.254923069 0.268270277 0.241234115 0.238869581 0.234666877 0.318018172 0.295254752 0.502999125 
47     0.283630746 0.270100378 0.271977768 0.293172262 0.291846996 0.259990707 0.270098000 0.261070371 0.334385150 0.253694234 0.256826467 0.258520019 0.251232293 0.252270138 0.259040941 0.274539897 0.271413415 0.263775364 0.250339492 0.257187700 0.247974827 0.311702887 0.287755402 0.325117001 0.272998136 0.273185561 0.267217254 0.263845957 0.244174150 0.247367209 0.274165887 0.251801224 0.296214293 0.280735933 0.291593719 0.281839792 0.282458884 0.279440088 0.283544016 0.249406429 0.000000000 0.142959901 0.212866888 0.196978078 0.208935068 0.181786378 0.179287561 0.175459219 0.257636441 0.235501813 0.498694643 
40     0.325590126 0.312066766 0.313922936 0.335142550 0.333817284 0.301986919 0.312094212 0.303066583 0.376363171 0.295735556 0.298867789 0.300561341 0.293273615 0.294311461 0.301159752 0.316658708 0.313532226 0.305894175 0.292720876 0.299506706 0.290093638 0.353789642 0.329842376 0.367203918 0.314874237 0.315059951 0.309091644 0.305720347 0.286048540 0.289303968 0.316102646 0.293737983 0.338151052 0.322672693 0.333530478 0.323776551 0.324395643 0.321376847 0.325480774 0.291343188 0.142959901 0.000000000 0.254665315 0.238776506 0.250735560 0.223610770 0.221138689 0.217259711 0.299421463 0.277288142 0.540665357 
43     0.306068924 0.292538822 0.294416211 0.315592428 0.313860730 0.281866744 0.291974037 0.282938242 0.356063305 0.275584592 0.278716824 0.280410377 0.273122651 0.274160496 0.280792006 0.296290962 0.293164480 0.285526429 0.272353130 0.279138960 0.269725892 0.332827086 0.309462721 0.346839439 0.294165133 0.294357048 0.288388742 0.285017444 0.265322825 0.268545540 0.295615716 0.273380547 0.316287631 0.302315191 0.313172976 0.303419115 0.304038206 0.301019410 0.305123340 0.270839111 0.212866888 0.254665315 0.000000000 0.132598776 0.214968650 0.188410263 0.186546475 0.182461872 0.266167670 0.243091261 0.520855229 
22     0.290152882 0.276622780 0.278500169 0.299676386 0.297944688 0.265950702 0.276057995 0.267022200 0.340147263 0.259668550 0.262800782 0.264494334 0.257206609 0.258244454 0.264875964 0.280374920 0.277248438 0.269610387 0.256437088 0.263222918 0.253809850 0.317359738 0.293546371 0.330923397 0.278249090 0.278441006 0.272472699 0.269101402 0.249406783 0.252629498 0.279699674 0.257464504 0.300415203 0.286399149 0.297256934 0.287503073 0.288122164 0.285103368 0.289207298 0.254923069 0.196978078 0.238776506 0.132598776 0.000000000 0.199299126 0.172797786 0.170936478 0.166721581 0.250463507 0.227387672 0.504939187 
18     0.302938045 0.289407943 0.291285332 0.312453944 0.309860227 0.278616853 0.288724575 0.279679528 0.352776835 0.272787728 0.275919961 0.277613513 0.270325787 0.271363632 0.278351277 0.293850234 0.290723751 0.283085701 0.269912402 0.276695609 0.267285163 0.330950316 0.306911989 0.344311700 0.291697805 0.291932321 0.285964014 0.282592717 0.262920910 0.266056221 0.293038296 0.270832586 0.314613066 0.299768222 0.310626008 0.300872147 0.301491238 0.298472442 0.302576371 0.268270277 0.208935068 0.250735560 0.214968650 0.199299126 0.000000000 0.133136794 0.130250553 0.140044544 0.252632862 0.229550082 0.517826357 
33     0.275894865 0.262364763 0.264242153 0.285411168 0.282893019 0.251574742 0.261682464 0.252637417 0.325716606 0.245748880 0.248881113 0.250574665 0.243286939 0.244324784 0.251312528 0.266811484 0.263685001 0.256046951 0.242873652 0.249656084 0.240246414 0.303912477 0.279880748 0.317280843 0.264817499 0.265052015 0.259083708 0.255712410 0.236040604 0.239176625 0.265997620 0.243794614 0.287572977 0.272729258 0.283587044 0.273833183 0.274452274 0.271433478 0.275537407 0.241234115 0.181786378 0.223610770 0.188410263 0.172797786 0.133136794 0.000000000 0.074247319 0.115171962 0.225367798 0.202247701 0.490783462 
30     0.273530332 0.260000229 0.261877619 0.283046634 0.280528486 0.249210208 0.259317930 0.250272883 0.323352073 0.243384346 0.246516579 0.248210131 0.240922406 0.241960251 0.248947994 0.264446950 0.261320468 0.253682417 0.240509118 0.247292429 0.237881880 0.301547943 0.277516215 0.314916310 0.262452965 0.262687481 0.256719174 0.253347877 0.233676070 0.236812092 0.263633086 0.241430081 0.285208443 0.270364725 0.281222510 0.271468649 0.272087740 0.269068944 0.273172874 0.238869581 0.179287561 0.221138689 0.186546475 0.170936478 0.130250553 0.074247319 0.000000000 0.112271615 0.222713002 0.199592905 0.488418928 
19     0.269320564 0.255790462 0.257667852 0.278842252 0.277516986 0.244939567 0.255047289 0.245994091 0.319119814 0.239181642 0.242313875 0.244007427 0.236719702 0.237757547 0.244745290 0.260244246 0.257117764 0.249479713 0.236306414 0.243090126 0.233679176 0.297344174 0.273292098 0.310712541 0.258021689 0.258256204 0.252287898 0.248916600 0.229244793 0.232447724 0.259430382 0.237228047 0.281062219 0.266162691 0.277020476 0.267265945 0.267885036 0.264866240 0.268970170 0.234666877 0.175459219 0.217259711 0.182461872 0.166721581 0.140044544 0.115171962 0.112271615 0.000000000 0.219231897 0.196070191 0.484208936 
11     0.352529843 0.338999741 0.340877131 0.362053104 0.360727838 0.328269950 0.338377673 0.329340630 0.402453743 0.322476640 0.325608873 0.327302425 0.320014699 0.321052544 0.328104574 0.343603531 0.340477048 0.332838998 0.319665699 0.326449888 0.317038460 0.380705806 0.356628889 0.394007635 0.341543221 0.341777737 0.335809430 0.332438132 0.312766326 0.315960650 0.342781650 0.320420149 0.364285896 0.349354793 0.360212578 0.350458047 0.351077138 0.348058342 0.352162272 0.318018172 0.257636441 0.299421463 0.266167670 0.250463507 0.252632862 0.225367798 0.222713002 0.219231897 0.000000000 0.106306088 0.567480167 
39     0.329954518 0.316424416 0.318301805 0.339478022 0.338152756 0.305816725 0.315924447 0.306887405 0.380000518 0.299637247 0.302769480 0.304463032 0.297175306 0.298213151 0.305265181 0.320764138 0.317637655 0.309999605 0.296826306 0.303610495 0.294199067 0.357866413 0.333789496 0.371168242 0.318498435 0.318457741 0.312757994 0.309386696 0.289685467 0.293197229 0.319942257 0.297656728 0.341522475 0.326591372 0.337449158 0.327694626 0.328313717 0.325294922 0.329398851 0.295254752 0.235501813 0.277288142 0.243091261 0.227387672 0.229550082 0.202247701 0.199592905 0.196070191 0.106306088 0.000000000 0.544904842 
0     0.492835003 0.479308584 0.481197334 0.502945417 0.502195620 0.512557526 0.522664819 0.513673671 0.588336641 0.510207683 0.513340705 0.514970353 0.507682628 0.508720473 0.515065719 0.530564675 0.527438193 0.519800142 0.506745334 0.513524341 0.503891474 0.568557970 0.544548155 0.581825014 0.529329867 0.530430802 0.524472645 0.520949306 0.501344411 0.500200796 0.528531608 0.505593486 0.549790776 0.534271564 0.545129350 0.535368953 0.535988045 0.532969249 0.537073178 0.502999125 0.498694643 0.540665357 0.520855229 0.504939187 0.517826357 0.490783462 0.488418928 0.484208936 0.567480167 0.544904842 0.000000000 
