51
4     0.000000000 0.519975890 0.493257764 0.504998714 0.506457422 0.505778365 0.496365091 0.494487017 0.514094378 0.500409140 0.489245720 0.493595939 0.491089828 0.496664993 0.504330929 0.508672221 0.488586616 0.494469064 0.535399927 0.528345845 0.512753392 0.495908091 0.513292769 0.510345093 0.509860268 0.504508118 0.517581027 0.509452701 0.511271593 0.513066886 0.515505903 0.505791911 0.505651320 0.496018057 0.507614621 0.495119196 0.498178767 0.494969417 0.522087410 0.496972608 0.517929822 0.498072869 0.497417943 0.496974727 0.508119878 0.507907909 0.513151837 0.506116489 0.506504990 0.528745698 0.731274518 
1     0.519975890 0.000000000 0.442871741 0.454264351 0.453916274 0.499315228 0.492917177 0.492668584 0.510382423 0.499794318 0.486499956 0.490561998 0.493378162 0.497924831 0.503163868 0.512334546 0.483376753 0.495619976 0.532827771 0.529673704 0.511220949 0.490297531 0.503888327 0.499384354 0.500684533 0.494967157 0.510589114 0.513739359 0.520726072 0.519164492 0.517335537 0.508337742 0.506394198 0.502576493 0.509770765 0.503343447 0.502131663 0.495853648 0.527184766 0.499695800 0.515377180 0.497742911 0.497126563 0.497158375 0.515056160 0.508035158 0.513577437 0.513544071 0.514775271 0.527074688 0.717491203 
10     0.493257764 0.442871741 0.000000000 0.280738920 0.281177720 0.469524012 0.462590851 0.461459323 0.480006496 0.469077349 0.463417317 0.468866892 0.462173271 0.468220423 0.474924427 0.489091549 0.460684670 0.470966776 0.507126999 0.506634438 0.481786691 0.464403058 0.481553171 0.482332252 0.480465545 0.477418625 0.486514007 0.486178823 0.493802734 0.488706459 0.491600299 0.477711089 0.478000303 0.475248547 0.486481195 0.473376580 0.474340896 0.469329777 0.499804423 0.472662060 0.484035652 0.470890243 0.470554410 0.470924337 0.488449127 0.481249953 0.492983725 0.486628785 0.486654595 0.503116119 0.703350468 
3     0.504998714 0.454264351 0.280738920 0.000000000 0.087507807 0.483173425 0.475922110 0.475278661 0.492069077 0.481668612 0.477293150 0.485032539 0.478486531 0.488224727 0.493466743 0.506082283 0.474817743 0.481259146 0.522592223 0.519203213 0.501455089 0.480586083 0.497377701 0.495247002 0.497537682 0.492661033 0.501937974 0.506490698 0.510727053 0.508845362 0.510381437 0.492884895 0.493655004 0.487305879 0.499512855 0.488780981 0.487674801 0.483450258 0.513345288 0.483100998 0.503472400 0.485688378 0.484925353 0.485202932 0.502328184 0.497196556 0.507377521 0.501453488 0.503301930 0.521489014 0.721442312 
2     0.506457422 0.453916274 0.281177720 0.087507807 0.000000000 0.483651680 0.476329350 0.475743361 0.491691713 0.482401203 0.477913723 0.485090250 0.479765172 0.490187970 0.495125483 0.505272845 0.473715220 0.483577076 0.523556987 0.520692678 0.500959337 0.482955647 0.499289625 0.496227272 0.498580531 0.493924817 0.505054145 0.507298285 0.512076466 0.511524456 0.512287759 0.495661228 0.496551124 0.490894350 0.499400037 0.489198473 0.490277658 0.485631433 0.516137384 0.485364706 0.504915711 0.486618050 0.485915945 0.486171152 0.505110814 0.499205448 0.507110287 0.502059394 0.503387474 0.522682505 0.718726580 
6     0.505778365 0.499315228 0.469524012 0.483173425 0.483651680 0.000000000 0.111243757 0.112520116 0.297687452 0.427926855 0.474625855 0.482671570 0.485844155 0.487545052 0.493915662 0.502452339 0.479681443 0.478045679 0.520395254 0.516865349 0.498878811 0.479789812 0.491949973 0.493315795 0.495793645 0.489691915 0.503475781 0.500198935 0.502941051 0.505016345 0.501899105 0.494924126 0.494416090 0.489366663 0.502285698 0.490479960 0.487921726 0.482589852 0.515336566 0.486879483 0.500812193 0.483226738 0.482818699 0.482310102 0.494264553 0.490932842 0.506282757 0.497602895 0.499783001 0.514281992 0.711298389 
5     0.496365091 0.492917177 0.462590851 0.475922110 0.476329350 0.111243757 0.000000000 0.061323822 0.291055831 0.419163346 0.467284367 0.475651111 0.478677716 0.478489538 0.486390072 0.496202564 0.474288381 0.474874765 0.515148747 0.512210487 0.491631030 0.470927342 0.484821471 0.487644687 0.489048204 0.482385704 0.497802425 0.493168131 0.496390973 0.499348131 0.495407535 0.488935596 0.488078694 0.483033002 0.500236394 0.488064065 0.485193219 0.477267205 0.512600393 0.484155499 0.497248638 0.480017819 0.479551085 0.479042489 0.494114416 0.489042016 0.500744675 0.492191865 0.493347988 0.508381769 0.705577171 
7     0.494487017 0.492668584 0.461459323 0.475278661 0.475743361 0.112520116 0.061323822 0.000000000 0.289870290 0.419582342 0.467250483 0.475889565 0.478154238 0.479223113 0.485621634 0.495819600 0.472795894 0.473553360 0.514705768 0.511682948 0.492255939 0.470980379 0.484706193 0.487722271 0.489129119 0.482193173 0.498296965 0.493014919 0.496049018 0.498934620 0.494874101 0.488075921 0.487236646 0.482813779 0.498751623 0.487226701 0.484782778 0.476021520 0.511127625 0.483661423 0.496689477 0.479653336 0.479202812 0.478694216 0.493086596 0.488157791 0.501036346 0.493490936 0.494298204 0.507649116 0.705355019 
8     0.514094378 0.510382423 0.480006496 0.492069077 0.491691713 0.297687452 0.291055831 0.289870290 0.000000000 0.433505783 0.480462416 0.488981864 0.494006915 0.495923785 0.503012083 0.511041374 0.488596997 0.492428709 0.533110681 0.530937631 0.511568989 0.493385347 0.509056345 0.501559795 0.501376974 0.498103275 0.514665820 0.504551438 0.510519486 0.511450201 0.511963500 0.505849761 0.506019368 0.500760126 0.512440715 0.500637746 0.499281142 0.494227536 0.527116423 0.499939092 0.510764514 0.494868264 0.493452645 0.493691362 0.506029190 0.505098736 0.518288822 0.509180075 0.509624906 0.528516362 0.718604213 
9     0.500409140 0.499794318 0.469077349 0.481668612 0.482401203 0.427926855 0.419163346 0.419582342 0.433505783 0.000000000 0.468456145 0.477175213 0.481356269 0.483682707 0.487492396 0.488155693 0.473016555 0.479392219 0.517984379 0.513002606 0.498250687 0.477968957 0.490306189 0.489011778 0.489331425 0.488514145 0.501962131 0.498776559 0.502235616 0.504113818 0.504855970 0.489874535 0.489100829 0.481362110 0.495995368 0.482571513 0.483211986 0.480582623 0.511273571 0.481834222 0.499096843 0.483589825 0.482298067 0.482625866 0.501037780 0.495134417 0.499222228 0.492815781 0.493355465 0.514803136 0.708976894 
29     0.489245720 0.486499956 0.463417317 0.477293150 0.477913723 0.474625855 0.467284367 0.467250483 0.480462416 0.468456145 0.000000000 0.124640562 0.431311698 0.432340890 0.439325685 0.453321368 0.430854129 0.436592557 0.486754446 0.480558229 0.456450993 0.439740894 0.457204503 0.454953868 0.453848809 0.450583109 0.464372341 0.461713435 0.464274457 0.464654767 0.465450108 0.458570164 0.456757031 0.453258022 0.460582536 0.449098250 0.451463371 0.449398337 0.480497666 0.448276365 0.462110637 0.443729866 0.442473195 0.442266356 0.459452838 0.457282321 0.463000817 0.458925587 0.459488720 0.477956481 0.689803527 
16     0.493595939 0.490561998 0.468866892 0.485032539 0.485090250 0.482671570 0.475651111 0.475889565 0.488981864 0.477175213 0.124640562 0.000000000 0.439238559 0.441315867 0.448547951 0.461728514 0.437019736 0.442480813 0.491966931 0.486949852 0.462016411 0.445983310 0.463395496 0.461823065 0.460627309 0.457009161 0.472006953 0.466191337 0.470060848 0.471044495 0.470621882 0.464560123 0.463802803 0.456002909 0.464210776 0.452934166 0.453284399 0.454160195 0.486305958 0.454503721 0.468084127 0.446824976 0.445822269 0.445407216 0.464891948 0.463102273 0.468474262 0.464192936 0.464700171 0.483337032 0.692316989 
36     0.491089828 0.493378162 0.462173271 0.478486531 0.479765172 0.485844155 0.478677716 0.478154238 0.494006915 0.481356269 0.431311698 0.439238559 0.000000000 0.333867551 0.330207494 0.467440727 0.437763389 0.447047591 0.497338095 0.494089812 0.474366686 0.450893263 0.472206615 0.466404324 0.465860767 0.458761038 0.473910804 0.472511695 0.473985638 0.474391259 0.474134071 0.468858160 0.467656464 0.465658283 0.467164381 0.460457259 0.454827525 0.457044581 0.485704095 0.462121352 0.472922812 0.455241631 0.455043205 0.455451019 0.472366195 0.466194795 0.478020398 0.474536191 0.471981219 0.489631756 0.696957093 
12     0.496664993 0.497924831 0.468220423 0.488224727 0.490187970 0.487545052 0.478489538 0.479223113 0.495923785 0.483682707 0.432340890 0.441315867 0.333867551 0.000000000 0.240203098 0.469358244 0.445841058 0.450438785 0.495562381 0.492527322 0.473623635 0.454087333 0.471248381 0.467468737 0.466038357 0.463574183 0.475469223 0.472679581 0.472907017 0.474061864 0.473495211 0.469642417 0.468992436 0.465043197 0.469331740 0.456795404 0.458803114 0.457546851 0.485598599 0.459349201 0.472772927 0.457492530 0.456533976 0.456600468 0.469213576 0.463290875 0.478704529 0.474998191 0.473908647 0.486933557 0.710602959 
32     0.504330929 0.503163868 0.474924427 0.493466743 0.495125483 0.493915662 0.486390072 0.485621634 0.503012083 0.487492396 0.439325685 0.448547951 0.330207494 0.240203098 0.000000000 0.477871736 0.452006093 0.457570798 0.504891409 0.502727301 0.480033105 0.458087822 0.476902142 0.472948530 0.473731946 0.468087461 0.479509467 0.479882931 0.483631058 0.484342699 0.484310365 0.481177038 0.478489720 0.471113398 0.479243481 0.466701471 0.467376475 0.464625103 0.496671607 0.469266257 0.481883969 0.463772476 0.463029771 0.462912957 0.477176466 0.471462950 0.485800700 0.484029090 0.484016914 0.497026493 0.712355119 
19     0.508672221 0.512334546 0.489091549 0.506082283 0.505272845 0.502452339 0.496202564 0.495819600 0.511041374 0.488155693 0.453321368 0.461728514 0.467440727 0.469358244 0.477871736 0.000000000 0.446255448 0.460639973 0.513139862 0.507459049 0.491674945 0.471860597 0.489170922 0.485726635 0.484882327 0.479630719 0.496846312 0.487905695 0.492293543 0.493346686 0.497170464 0.488861037 0.486311617 0.480704872 0.490708357 0.477499665 0.480014092 0.478873841 0.501186546 0.477508061 0.490420768 0.472835314 0.472840852 0.472376623 0.488913076 0.483665666 0.490830075 0.484979489 0.486319096 0.506563901 0.722528059 
13     0.488586616 0.483376753 0.460684670 0.474817743 0.473715220 0.479681443 0.474288381 0.472795894 0.488596997 0.473016555 0.430854129 0.437019736 0.437763389 0.445841058 0.452006093 0.446255448 0.000000000 0.439469825 0.487658656 0.486015518 0.467889160 0.449921634 0.461284862 0.460298587 0.458333472 0.453833870 0.468684327 0.465336966 0.468490942 0.468833045 0.470116957 0.459735083 0.457965120 0.450894889 0.457439025 0.449328427 0.450754363 0.450751200 0.478808272 0.452461151 0.464874678 0.446782462 0.446205769 0.446473398 0.463965679 0.459756604 0.469627526 0.460939037 0.462099208 0.478754304 0.693380448 
49     0.494469064 0.495619976 0.470966776 0.481259146 0.483577076 0.478045679 0.474874765 0.473553360 0.492428709 0.479392219 0.436592557 0.442480813 0.447047591 0.450438785 0.457570798 0.460639973 0.439469825 0.000000000 0.492156600 0.489952300 0.468372937 0.449560990 0.468946501 0.466245965 0.466407275 0.462965176 0.475479218 0.471984781 0.475902270 0.479221594 0.481383277 0.474208407 0.472171868 0.464056537 0.472240234 0.461690155 0.460515821 0.455857014 0.482382955 0.458216694 0.470070841 0.449800958 0.449483472 0.449627290 0.468622477 0.463598067 0.479418164 0.470957105 0.471668998 0.488693344 0.696891177 
25     0.535399927 0.532827771 0.507126999 0.522592223 0.523556987 0.520395254 0.515148747 0.514705768 0.533110681 0.517984379 0.486754446 0.491966931 0.497338095 0.495562381 0.504891409 0.513139862 0.487658656 0.492156600 0.000000000 0.136843714 0.405749722 0.380558607 0.401175253 0.465214215 0.463110581 0.457608440 0.471690915 0.481855924 0.484110375 0.486205826 0.486688944 0.484020182 0.479664847 0.476022543 0.479682817 0.469095910 0.471516197 0.467529865 0.499548376 0.468986743 0.486127068 0.465482882 0.465311085 0.465702866 0.487556765 0.481479692 0.482196280 0.480684970 0.481151529 0.499560364 0.743078238 
33     0.528345845 0.529673704 0.506634438 0.519203213 0.520692678 0.516865349 0.512210487 0.511682948 0.530937631 0.513002606 0.480558229 0.486949852 0.494089812 0.492527322 0.502727301 0.507459049 0.486015518 0.489952300 0.136843714 0.000000000 0.398715873 0.375053598 0.392967111 0.459268952 0.456004095 0.453972555 0.467310743 0.477057432 0.477817168 0.479078345 0.481201568 0.478758756 0.474333033 0.466646908 0.469553867 0.460607940 0.462569259 0.462301446 0.493871912 0.461177560 0.481493456 0.461529628 0.462674490 0.462402612 0.481799633 0.476006013 0.478448879 0.477077553 0.476339242 0.493970130 0.732420574 
47     0.512753392 0.511220949 0.481786691 0.501455089 0.500959337 0.498878811 0.491631030 0.492255939 0.511568989 0.498250687 0.456450993 0.462016411 0.474366686 0.473623635 0.480033105 0.491674945 0.467889160 0.468372937 0.405749722 0.398715873 0.000000000 0.241839575 0.371439883 0.440267754 0.439477777 0.435351815 0.444645112 0.464428681 0.465961261 0.467163396 0.468890062 0.462275453 0.457710447 0.445810346 0.462150828 0.451449600 0.453076844 0.451943012 0.481324999 0.452099290 0.465217565 0.446619601 0.446272250 0.445851331 0.462511071 0.454729996 0.467354915 0.463232608 0.464113558 0.475371391 0.715839807 
30     0.495908091 0.490297531 0.464403058 0.480586083 0.482955647 0.479789812 0.470927342 0.470980379 0.493385347 0.477968957 0.439740894 0.445983310 0.450893263 0.454087333 0.458087822 0.471860597 0.449921634 0.449560990 0.380558607 0.375053598 0.241839575 0.000000000 0.350881674 0.419465431 0.417907823 0.411950411 0.424078310 0.444788548 0.444076706 0.446949354 0.447464724 0.442596704 0.438383213 0.429602363 0.443048972 0.431756485 0.430674346 0.431100229 0.461323197 0.432569780 0.441541280 0.427769255 0.426791117 0.427005249 0.444598363 0.437038600 0.445398843 0.443849354 0.444318381 0.457089473 0.695299973 
27     0.513292769 0.503888327 0.481553171 0.497377701 0.499289625 0.491949973 0.484821471 0.484706193 0.509056345 0.490306189 0.457204503 0.463395496 0.472206615 0.471248381 0.476902142 0.489170922 0.461284862 0.468946501 0.401175253 0.392967111 0.371439883 0.350881674 0.000000000 0.436611188 0.436471765 0.426667621 0.441941761 0.462113938 0.463967654 0.462692231 0.466494539 0.459186833 0.454812169 0.451397512 0.456653098 0.449036641 0.447678024 0.444156968 0.477034393 0.448718211 0.460571871 0.445843566 0.445953968 0.445133607 0.460999865 0.453314163 0.467159828 0.464860477 0.463749199 0.473683098 0.714615502 
21     0.510345093 0.499384354 0.482332252 0.495247002 0.496227272 0.493315795 0.487644687 0.487722271 0.501559795 0.489011778 0.454953868 0.461823065 0.466404324 0.467468737 0.472948530 0.485726635 0.460298587 0.466245965 0.465214215 0.459268952 0.440267754 0.419465431 0.436611188 0.000000000 0.169929368 0.205906433 0.293556760 0.450460471 0.451476971 0.454128666 0.452289074 0.453018346 0.451482535 0.447301767 0.450706712 0.443434964 0.442013260 0.443528207 0.467310331 0.439435744 0.452920440 0.436986321 0.436594468 0.435429258 0.447596591 0.442982828 0.458235352 0.450312521 0.450519706 0.470921829 0.721372630 
42     0.509860268 0.500684533 0.480465545 0.497537682 0.498580531 0.495793645 0.489048204 0.489129119 0.501376974 0.489331425 0.453848809 0.460627309 0.465860767 0.466038357 0.473731946 0.484882327 0.458333472 0.466407275 0.463110581 0.456004095 0.439477777 0.417907823 0.436471765 0.169929368 0.000000000 0.207080795 0.294368036 0.451649313 0.453967554 0.458338257 0.456657932 0.452435423 0.451003924 0.446314396 0.450550384 0.442981816 0.442650395 0.442851862 0.467150776 0.437308344 0.451445363 0.435551001 0.435420515 0.434299884 0.447653015 0.441165141 0.456486724 0.448072301 0.447859816 0.468081229 0.710404025 
46     0.504508118 0.494967157 0.477418625 0.492661033 0.493924817 0.489691915 0.482385704 0.482193173 0.498103275 0.488514145 0.450583109 0.457009161 0.458761038 0.463574183 0.468087461 0.479630719 0.453833870 0.462965176 0.457608440 0.453972555 0.435351815 0.411950411 0.426667621 0.205906433 0.207080795 0.000000000 0.294893415 0.447790695 0.451550398 0.455383532 0.452693181 0.448618843 0.445169717 0.446081500 0.450874923 0.441093489 0.439225308 0.439756811 0.464844472 0.438924587 0.450419676 0.434917618 0.434834749 0.433697554 0.445907782 0.439435527 0.454870486 0.448659051 0.447077525 0.464764921 0.711121499 
40     0.517581027 0.510589114 0.486514007 0.501937974 0.505054145 0.503475781 0.497802425 0.498296965 0.514665820 0.501962131 0.464372341 0.472006953 0.473910804 0.475469223 0.479509467 0.496846312 0.468684327 0.475479218 0.471690915 0.467310743 0.444645112 0.424078310 0.441941761 0.293556760 0.294368036 0.294893415 0.000000000 0.465939744 0.464760357 0.470666752 0.468289421 0.460557973 0.457120524 0.454053479 0.458935046 0.450922689 0.450792624 0.453572345 0.477616310 0.450850579 0.468197148 0.447212754 0.448001572 0.446877904 0.462840717 0.455969770 0.465179363 0.459150562 0.457108182 0.481741219 0.730593366 
22     0.509452701 0.513739359 0.486178823 0.506490698 0.507298285 0.500198935 0.493168131 0.493014919 0.504551438 0.498776559 0.461713435 0.466191337 0.472511695 0.472679581 0.479882931 0.487905695 0.465336966 0.471984781 0.481855924 0.477057432 0.464428681 0.444788548 0.462113938 0.450460471 0.451649313 0.447790695 0.465939744 0.000000000 0.185078600 0.212874061 0.211697308 0.432604236 0.429280117 0.432820435 0.439510174 0.424081851 0.429436801 0.423720514 0.452069869 0.422853520 0.435539787 0.418638648 0.419131102 0.419499772 0.437139119 0.433263934 0.445309476 0.435160679 0.434223311 0.455460059 0.723086330 
26     0.511271593 0.520726072 0.493802734 0.510727053 0.512076466 0.502941051 0.496390973 0.496049018 0.510519486 0.502235616 0.464274457 0.470060848 0.473985638 0.472907017 0.483631058 0.492293543 0.468490942 0.475902270 0.484110375 0.477817168 0.465961261 0.444076706 0.463967654 0.451476971 0.453967554 0.451550398 0.464760357 0.185078600 0.000000000 0.219020984 0.211765635 0.439357462 0.437191487 0.437379426 0.441475099 0.426277400 0.432332201 0.431162101 0.460738893 0.428159242 0.439707054 0.425089239 0.425131373 0.425511293 0.440174558 0.434196340 0.448008642 0.438277377 0.437439863 0.462207522 0.721921474 
35     0.513066886 0.519164492 0.488706459 0.508845362 0.511524456 0.505016345 0.499348131 0.498934620 0.511450201 0.504113818 0.464654767 0.471044495 0.474391259 0.474061864 0.484342699 0.493346686 0.468833045 0.479221594 0.486205826 0.479078345 0.467163396 0.446949354 0.462692231 0.454128666 0.458338257 0.455383532 0.470666752 0.212874061 0.219020984 0.000000000 0.220340215 0.441340666 0.437115979 0.437694181 0.440815274 0.426409291 0.432069285 0.430570723 0.458070336 0.428035204 0.440779674 0.425862310 0.425374296 0.426109198 0.440591294 0.434982334 0.452237936 0.444221817 0.443342474 0.461127529 0.729450946 
41     0.515505903 0.517335537 0.491600299 0.510381437 0.512287759 0.501899105 0.495407535 0.494874101 0.511963500 0.504855970 0.465450108 0.470621882 0.474134071 0.473495211 0.484310365 0.497170464 0.470116957 0.481383277 0.486688944 0.481201568 0.468890062 0.447464724 0.466494539 0.452289074 0.456657932 0.452693181 0.468289421 0.211697308 0.211765635 0.220340215 0.000000000 0.440665550 0.437475883 0.438520641 0.443300401 0.427390912 0.432320843 0.429865056 0.458381094 0.426998567 0.440296687 0.428497640 0.429116611 0.429493106 0.444207433 0.435457654 0.452059676 0.445407421 0.444643815 0.461937041 0.728222301 
17     0.505791911 0.508337742 0.477711089 0.492884895 0.495661228 0.494924126 0.488935596 0.488075921 0.505849761 0.489874535 0.458570164 0.464560123 0.468858160 0.469642417 0.481177038 0.488861037 0.459735083 0.474208407 0.484020182 0.478758756 0.462275453 0.442596704 0.459186833 0.453018346 0.452435423 0.448618843 0.460557973 0.432604236 0.439357462 0.441340666 0.440665550 0.000000000 0.172077496 0.359139465 0.429004072 0.419270808 0.418036939 0.414828786 0.445881592 0.416814709 0.428527090 0.417551741 0.416866419 0.416923579 0.429246423 0.427101339 0.438911065 0.431956153 0.434581862 0.446421135 0.713055861 
48     0.505651320 0.506394198 0.478000303 0.493655004 0.496551124 0.494416090 0.488078694 0.487236646 0.506019368 0.489100829 0.456757031 0.463802803 0.467656464 0.468992436 0.478489720 0.486311617 0.457965120 0.472171868 0.479664847 0.474333033 0.457710447 0.438383213 0.454812169 0.451482535 0.451003924 0.445169717 0.457120524 0.429280117 0.437191487 0.437115979 0.437475883 0.172077496 0.000000000 0.359424591 0.428304042 0.417023713 0.417407523 0.410883594 0.443484660 0.412762926 0.428717665 0.418583783 0.418146838 0.418315450 0.429711843 0.426791941 0.436220993 0.430456675 0.433100180 0.442990929 0.709301276 
18     0.496018057 0.502576493 0.475248547 0.487305879 0.490894350 0.489366663 0.483033002 0.482813779 0.500760126 0.481362110 0.453258022 0.456002909 0.465658283 0.465043197 0.471113398 0.480704872 0.450894889 0.464056537 0.476022543 0.466646908 0.445810346 0.429602363 0.451397512 0.447301767 0.446314396 0.446081500 0.454053479 0.432820435 0.437379426 0.437694181 0.438520641 0.359139465 0.359424591 0.000000000 0.422296410 0.413781961 0.407587331 0.415290640 0.442511652 0.408923007 0.425854603 0.414162590 0.413811844 0.413768420 0.425888870 0.422528760 0.434352112 0.425816638 0.427281558 0.443554291 0.697627292 
24     0.507614621 0.509770765 0.486481195 0.499512855 0.499400037 0.502285698 0.500236394 0.498751623 0.512440715 0.495995368 0.460582536 0.464210776 0.467164381 0.469331740 0.479243481 0.490708357 0.457439025 0.472240234 0.479682817 0.469553867 0.462150828 0.443048972 0.456653098 0.450706712 0.450550384 0.450874923 0.458935046 0.439510174 0.441475099 0.440815274 0.443300401 0.429004072 0.428304042 0.422296410 0.000000000 0.228659037 0.276931535 0.337079014 0.364848579 0.331015819 0.423143624 0.410523090 0.411534589 0.411308653 0.421247822 0.417181398 0.437428464 0.430042932 0.430677474 0.445952998 0.705946595 
34     0.495119196 0.503343447 0.473376580 0.488780981 0.489198473 0.490479960 0.488064065 0.487226701 0.500637746 0.482571513 0.449098250 0.452934166 0.460457259 0.456795404 0.466701471 0.477499665 0.449328427 0.461690155 0.469095910 0.460607940 0.451449600 0.431756485 0.449036641 0.443434964 0.442981816 0.441093489 0.450922689 0.424081851 0.426277400 0.426409291 0.427390912 0.419270808 0.417023713 0.413781961 0.228659037 0.000000000 0.262314526 0.326242754 0.356887321 0.321310952 0.409294847 0.397061231 0.397283138 0.397131744 0.408024226 0.404283935 0.428354116 0.421228069 0.421399518 0.436172060 0.705697770 
43     0.498178767 0.502131663 0.474340896 0.487674801 0.490277658 0.487921726 0.485193219 0.484782778 0.499281142 0.483211986 0.451463371 0.453284399 0.454827525 0.458803114 0.467376475 0.480014092 0.450754363 0.460515821 0.471516197 0.462569259 0.453076844 0.430674346 0.447678024 0.442013260 0.442650395 0.439225308 0.450792624 0.429436801 0.432332201 0.432069285 0.432320843 0.418036939 0.417407523 0.407587331 0.276931535 0.262314526 0.000000000 0.322615259 0.356421734 0.317425481 0.409794724 0.395948470 0.397217706 0.396944600 0.406532137 0.403743815 0.429611705 0.420843874 0.420413128 0.438009557 0.700542264 
28     0.494969417 0.495853648 0.469329777 0.483450258 0.485631433 0.482589852 0.477267205 0.476021520 0.494227536 0.480582623 0.449398337 0.454160195 0.457044581 0.457546851 0.464625103 0.478873841 0.450751200 0.455857014 0.467529865 0.462301446 0.451943012 0.431100229 0.444156968 0.443528207 0.442851862 0.439756811 0.453572345 0.423720514 0.431162101 0.430570723 0.429865056 0.414828786 0.410883594 0.415290640 0.337079014 0.326242754 0.322615259 0.000000000 0.306760961 0.269215134 0.408997788 0.395824925 0.395250496 0.394973754 0.406757163 0.402055534 0.424669861 0.417758399 0.416848666 0.433261743 0.703272673 
23     0.522087410 0.527184766 0.499804423 0.513345288 0.516137384 0.515336566 0.512600393 0.511127625 0.527116423 0.511273571 0.480497666 0.486305958 0.485704095 0.485598599 0.496671607 0.501186546 0.478808272 0.482382955 0.499548376 0.493871912 0.481324999 0.461323197 0.477034393 0.467310331 0.467150776 0.464844472 0.477616310 0.452069869 0.460738893 0.458070336 0.458381094 0.445881592 0.443484660 0.442511652 0.364848579 0.356887321 0.356421734 0.306760961 0.000000000 0.284587579 0.434258577 0.423406261 0.422885518 0.422675163 0.430078947 0.424748432 0.458475732 0.449053117 0.449758584 0.465323569 0.728576298 
39     0.496972608 0.499695800 0.472662060 0.483100998 0.485364706 0.486879483 0.484155499 0.483661423 0.499939092 0.481834222 0.448276365 0.454503721 0.462121352 0.459349201 0.469266257 0.477508061 0.452461151 0.458216694 0.468986743 0.461177560 0.452099290 0.432569780 0.448718211 0.439435744 0.437308344 0.438924587 0.450850579 0.422853520 0.428159242 0.428035204 0.426998567 0.416814709 0.412762926 0.408923007 0.331015819 0.321310952 0.317425481 0.269215134 0.284587579 0.000000000 0.406797386 0.393571512 0.393545381 0.393282833 0.407269387 0.402337452 0.426410071 0.418124099 0.417036724 0.430107432 0.709779041 
37     0.517929822 0.515377180 0.484035652 0.503472400 0.504915711 0.500812193 0.497248638 0.496689477 0.510764514 0.499096843 0.462110637 0.468084127 0.472922812 0.472772927 0.481883969 0.490420768 0.464874678 0.470070841 0.486127068 0.481493456 0.465217565 0.441541280 0.460571871 0.452920440 0.451445363 0.450419676 0.468197148 0.435539787 0.439707054 0.440779674 0.440296687 0.428527090 0.428717665 0.425854603 0.423143624 0.409294847 0.409794724 0.408997788 0.434258577 0.406797386 0.000000000 0.340027055 0.339255894 0.339182064 0.356504107 0.348260494 0.439633311 0.432580095 0.431081165 0.448638231 0.720143517 
45     0.498072869 0.497742911 0.470890243 0.485688378 0.486618050 0.483226738 0.480017819 0.479653336 0.494868264 0.483589825 0.443729866 0.446824976 0.455241631 0.457492530 0.463772476 0.472835314 0.446782462 0.449800958 0.465482882 0.461529628 0.446619601 0.427769255 0.445843566 0.436986321 0.435551001 0.434917618 0.447212754 0.418638648 0.425089239 0.425862310 0.428497640 0.417551741 0.418583783 0.414162590 0.410523090 0.397061231 0.395948470 0.395824925 0.423406261 0.393571512 0.340027055 0.000000000 0.061856231 0.061405271 0.308896774 0.301801936 0.423094717 0.416112828 0.416556026 0.432780402 0.706941953 
11     0.497417943 0.497126563 0.470554410 0.484925353 0.485915945 0.482818699 0.479551085 0.479202812 0.493452645 0.482298067 0.442473195 0.445822269 0.455043205 0.456533976 0.463029771 0.472840852 0.446205769 0.449483472 0.465311085 0.462674490 0.446272250 0.426791117 0.445953968 0.436594468 0.435420515 0.434834749 0.448001572 0.419131102 0.425131373 0.425374296 0.429116611 0.416866419 0.418146838 0.413811844 0.411534589 0.397283138 0.397217706 0.395250496 0.422885518 0.393545381 0.339255894 0.061856231 0.000000000 0.042194961 0.308578953 0.301454562 0.422024837 0.414965044 0.415733936 0.432349270 0.707392964 
50     0.496974727 0.497158375 0.470924337 0.485202932 0.486171152 0.482310102 0.479042489 0.478694216 0.493691362 0.482625866 0.442266356 0.445407216 0.455451019 0.456600468 0.462912957 0.472376623 0.446473398 0.449627290 0.465702866 0.462402612 0.445851331 0.427005249 0.445133607 0.435429258 0.434299884 0.433697554 0.446877904 0.419499772 0.425511293 0.426109198 0.429493106 0.416923579 0.418315450 0.413768420 0.411308653 0.397131744 0.396944600 0.394973754 0.422675163 0.393282833 0.339182064 0.061405271 0.042194961 0.000000000 0.308622147 0.301432763 0.422367268 0.415379956 0.416080529 0.431305986 0.707523292 
14     0.508119878 0.515056160 0.488449127 0.502328184 0.505110814 0.494264553 0.494114416 0.493086596 0.506029190 0.501037780 0.459452838 0.464891948 0.472366195 0.469213576 0.477176466 0.488913076 0.463965679 0.468622477 0.487556765 0.481799633 0.462511071 0.444598363 0.460999865 0.447596591 0.447653015 0.445907782 0.462840717 0.437139119 0.440174558 0.440591294 0.444207433 0.429246423 0.429711843 0.425888870 0.421247822 0.408024226 0.406532137 0.406757163 0.430078947 0.407269387 0.356504107 0.308896774 0.308578953 0.308622147 0.000000000 0.129813334 0.439122015 0.431227147 0.430085021 0.445969598 0.715005190 
44     0.507907909 0.508035158 0.481249953 0.497196556 0.499205448 0.490932842 0.489042016 0.488157791 0.505098736 0.495134417 0.457282321 0.463102273 0.466194795 0.463290875 0.471462950 0.483665666 0.459756604 0.463598067 0.481479692 0.476006013 0.454729996 0.437038600 0.453314163 0.442982828 0.441165141 0.439435527 0.455969770 0.433263934 0.434196340 0.434982334 0.435457654 0.427101339 0.426791941 0.422528760 0.417181398 0.404283935 0.403743815 0.402055534 0.424748432 0.402337452 0.348260494 0.301801936 0.301454562 0.301432763 0.129813334 0.000000000 0.434863111 0.425432681 0.424188379 0.442653135 0.708856876 
31     0.513151837 0.513577437 0.492983725 0.507377521 0.507110287 0.506282757 0.500744675 0.501036346 0.518288822 0.499222228 0.463000817 0.468474262 0.478020398 0.478704529 0.485800700 0.490830075 0.469627526 0.479418164 0.482196280 0.478448879 0.467354915 0.445398843 0.467159828 0.458235352 0.456486724 0.454870486 0.465179363 0.445309476 0.448008642 0.452237936 0.452059676 0.438911065 0.436220993 0.434352112 0.437428464 0.428354116 0.429611705 0.424669861 0.458475732 0.426410071 0.439633311 0.423094717 0.422024837 0.422367268 0.439122015 0.434863111 0.000000000 0.180585103 0.182466362 0.444698884 0.718069487 
20     0.506116489 0.513544071 0.486628785 0.501453488 0.502059394 0.497602895 0.492191865 0.493490936 0.509180075 0.492815781 0.458925587 0.464192936 0.474536191 0.474998191 0.484029090 0.484979489 0.460939037 0.470957105 0.480684970 0.477077553 0.463232608 0.443849354 0.464860477 0.450312521 0.448072301 0.448659051 0.459150562 0.435160679 0.438277377 0.444221817 0.445407421 0.431956153 0.430456675 0.425816638 0.430042932 0.421228069 0.420843874 0.417758399 0.449053117 0.418124099 0.432580095 0.416112828 0.414965044 0.415379956 0.431227147 0.425432681 0.180585103 0.000000000 0.116860938 0.439328273 0.716720502 
15     0.506504990 0.514775271 0.486654595 0.503301930 0.503387474 0.499783001 0.493347988 0.494298204 0.509624906 0.493355465 0.459488720 0.464700171 0.471981219 0.473908647 0.484016914 0.486319096 0.462099208 0.471668998 0.481151529 0.476339242 0.464113558 0.444318381 0.463749199 0.450519706 0.447859816 0.447077525 0.457108182 0.434223311 0.437439863 0.443342474 0.444643815 0.434581862 0.433100180 0.427281558 0.430677474 0.421399518 0.420413128 0.416848666 0.449758584 0.417036724 0.431081165 0.416556026 0.415733936 0.416080529 0.430085021 0.424188379 0.182466362 0.116860938 0.000000000 0.438252980 0.717389237 
38     0.528745698 0.527074688 0.503116119 0.521489014 0.522682505 0.514281992 0.508381769 0.507649116 0.528516362 0.514803136 0.477956481 0.483337032 0.489631756 0.486933557 0.497026493 0.506563901 0.478754304 0.488693344 0.499560364 0.493970130 0.475371391 0.457089473 0.473683098 0.470921829 0.468081229 0.464764921 0.481741219 0.455460059 0.462207522 0.461127529 0.461937041 0.446421135 0.442990929 0.443554291 0.445952998 0.436172060 0.438009557 0.433261743 0.465323569 0.430107432 0.448638231 0.432780402 0.432349270 0.431305986 0.445969598 0.442653135 0.444698884 0.439328273 0.438252980 0.000000000 0.736426109 
0     0.731274518 0.717491203 0.703350468 0.721442312 0.718726580 0.711298389 0.705577171 0.705355019 0.718604213 0.708976894 0.689803527 0.692316989 0.696957093 0.710602959 0.712355119 0.722528059 0.693380448 0.696891177 0.743078238 0.732420574 0.715839807 0.695299973 0.714615502 0.721372630 0.710404025 0.711121499 0.730593366 0.723086330 0.721921474 0.729450946 0.728222301 0.713055861 0.709301276 0.697627292 0.705946595 0.705697770 0.700542264 0.703272673 0.728576298 0.709779041 0.720143517 0.706941953 0.707392964 0.707523292 0.715005190 0.708856876 0.718069487 0.716720502 0.717389237 0.736426109 0.000000000 
