51
4     0.000000000 0.025803830 0.010097200 0.006665010 0.006664690 0.015998200 0.037883470 0.014421710 0.013460210 0.010689120 0.011031960 0.035506200 0.002400050 0.013039500 0.027783530 0.001030010 0.030685980 0.005477150 0.028112620 0.000271600 0.013279390 0.022457660 0.000371640 0.017969040 0.018786420 0.005321930 0.015833360 0.026434810 0.033149410 0.004295750 0.005800360 0.020391500 0.000527210 0.042268000 0.024489440 0.000204920 0.022065000 0.016957010 0.008885100 0.013650770 0.005437180 0.012916100 0.007131300 0.028168630 0.001036610 0.008922690 0.002644250 0.001948850 0.006845650 0.039430780 0.001030240 
1     0.025803830 0.000000000 0.006406920 0.022306470 0.003718850 0.028011260 0.005023890 0.013808260 0.016554780 0.013404040 0.012275710 0.006868920 0.029700120 0.015180360 0.001270590 0.023131250 0.014295900 0.009782880 0.009629000 0.019456000 0.037739490 0.042313370 0.017582310 0.015750930 0.018146700 0.022532540 0.028047630 0.037299070 0.021022270 0.045930280 0.009691420 0.007413000 0.030688540 0.003450590 0.025995690 0.016962930 0.026011900 0.026865080 0.008029220 0.011747890 0.008079710 0.044116370 0.009816050 0.039692510 0.026786240 0.041948960 0.019071180 0.008021440 0.027084900 0.030083890 0.003897780 
10     0.010097200 0.006406920 0.000000000 0.010783260 0.012451700 0.018134330 0.016004110 0.020634800 0.013091550 0.008037380 0.006510460 0.031633510 0.020205750 0.022049150 0.029899450 0.009759060 0.011180780 0.043521630 0.029213780 0.037284480 0.040646170 0.012093590 0.047872740 0.023429780 0.017110460 0.010357050 0.032656340 0.009995310 0.035012140 0.021703030 0.046267920 0.023908080 0.001013410 0.007067960 0.007138320 0.019020130 0.000653370 0.012111500 0.019068770 0.055380460 0.015637160 0.022135630 0.016697230 0.029710780 0.010759620 0.007522440 0.040420880 0.024408660 0.016829520 0.006360770 0.000270320 
3     0.006665010 0.022306470 0.010783260 0.000000000 0.000000320 0.014690000 0.020140170 0.029350270 0.012229460 0.011904800 0.020125670 0.009135930 0.038580110 0.030764620 0.047180880 0.014504980 0.007229170 0.019939560 0.058679350 0.029700180 0.052081150 0.010146090 0.005765280 0.010112660 0.019985010 0.009173370 0.006622540 0.021545250 0.009502270 0.008426710 0.013730650 0.017205530 0.064460380 0.019082100 0.013935620 0.006869930 0.000699140 0.012996570 0.007439580 0.005531630 0.008363350 0.008664340 0.008089100 0.011625970 0.007647420 0.026877130 0.006055380 0.004865440 0.009762240 0.050132800 0.007641050 
2     0.006664690 0.003718850 0.012451700 0.000000320 0.000000000 0.003674360 0.035107070 0.022991570 0.030167570 0.011824980 0.021345590 0.033990280 0.004456260 0.014062370 0.057639510 0.003489340 0.006907900 0.013344280 0.048107720 0.056451390 0.013371660 0.043091720 0.042567820 0.020894890 0.021712270 0.027174480 0.018759210 0.017124240 0.007973170 0.012965370 0.034850590 0.008042450 0.014460980 0.039970550 0.021634110 0.001858610 0.017009150 0.013119800 0.041738420 0.022353200 0.008363030 0.014124370 0.016331480 0.034872460 0.007647100 0.027421090 0.006055060 0.004865120 0.009761920 0.052978640 0.007640730 
6     0.015998200 0.028011260 0.018134330 0.014690000 0.003674360 0.000000000 0.004508470 0.001720950 0.009310120 0.019869370 0.055906660 0.005563570 0.002984040 0.025875190 0.022402290 0.000187920 0.053719440 0.010109800 0.047882440 0.011675430 0.027170130 0.003160380 0.016594800 0.048151340 0.036816030 0.005124690 0.016130610 0.008934260 0.029853210 0.052599960 0.020010120 0.010304370 0.017101360 0.014220180 0.006176430 0.018155710 0.033790370 0.037333830 0.014555660 0.010277610 0.004320350 0.024722490 0.038205470 0.027692210 0.012801350 0.021212440 0.037840530 0.012553940 0.000540140 0.038202920 0.016493670 
5     0.037883470 0.005023890 0.016004110 0.020140170 0.035107070 0.004508470 0.000000000 0.001150120 0.005589960 0.025911610 0.024757440 0.006484910 0.032079570 0.005526840 0.020128330 0.038386970 0.040754740 0.034352610 0.073040990 0.017887650 0.016647520 0.022130300 0.023251850 0.028410080 0.024816430 0.031440000 0.010393180 0.009292320 0.034660560 0.022249500 0.008535440 0.019164720 0.010946960 0.009305300 0.009605130 0.040718710 0.029410910 0.008433680 0.019202050 0.036429410 0.004689620 0.038352850 0.005712000 0.008237500 0.024195370 0.035581260 0.013221070 0.007820850 0.008491190 0.009235890 0.011418220 
7     0.014421710 0.013808260 0.020634800 0.029350270 0.022991570 0.001720950 0.001150120 0.000000000 0.000000100 0.020446330 0.018100460 0.002460730 0.003233320 0.000063040 0.026182030 0.056393770 0.034007460 0.008033640 0.060601820 0.034340240 0.056991010 0.015879760 0.023698720 0.010414070 0.035149960 0.004626000 0.020675270 0.003827040 0.032399430 0.023502550 0.014689260 0.014232210 0.010834740 0.003840020 0.028712430 0.030787180 0.026936490 0.008607120 0.018300050 0.010629760 0.029651220 0.018874330 0.020395270 0.022920770 0.026593330 0.007645500 0.008530650 0.003130430 0.003800770 0.003770610 0.018152040 
8     0.013460210 0.016554780 0.013091550 0.012229460 0.030167570 0.009310120 0.005589960 0.000000100 0.000000000 0.020446430 0.014706710 0.019379640 0.015697190 0.000063140 0.056555650 0.025008160 0.052322910 0.019929940 0.034240180 0.038546780 0.013962430 0.005204630 0.023807360 0.020727480 0.002120300 0.009749330 0.008355590 0.003827140 0.010071530 0.026100260 0.012068750 0.029976320 0.015160850 0.003840120 0.026610750 0.005493440 0.020834200 0.003100270 0.033750680 0.032715100 0.051887350 0.004085540 0.007450140 0.024727650 0.011948280 0.025167990 0.020670410 0.024342330 0.025012670 0.003770710 0.024773520 
9     0.010689120 0.013404040 0.008037380 0.011904800 0.011824980 0.019869370 0.025911610 0.020446330 0.020446430 0.000000000 0.016938700 0.008368040 0.008364270 0.020277990 0.013875830 0.035359360 0.009393440 0.009868340 0.019698460 0.003346580 0.017822900 0.030497280 0.020650050 0.002271840 0.018518550 0.013781200 0.012000080 0.006622400 0.003731510 0.030440320 0.049016920 0.010689540 0.012001130 0.002771430 0.004333670 0.009399090 0.008937260 0.014610090 0.027581180 0.016579070 0.030088130 0.010784590 0.008341740 0.031056620 0.068639700 0.028533250 0.004447440 0.009737840 0.018701290 0.024092360 0.023660450 
29     0.011031960 0.012275710 0.006510460 0.020125670 0.021345590 0.055906660 0.024757440 0.018100460 0.014706710 0.016938700 0.000000000 0.000035650 0.012606750 0.009043250 0.003334920 0.016124210 0.011453470 0.019370960 0.020710220 0.025376610 0.029332530 0.013692820 0.032545730 0.006429320 0.026208780 0.018487700 0.017093960 0.006732090 0.017305290 0.051143860 0.023144670 0.006617940 0.024685080 0.004596650 0.037523030 0.029644290 0.025163790 0.019998180 0.010459460 0.010295350 0.011151370 0.006561790 0.043326290 0.029611120 0.011433010 0.004357360 0.011562060 0.008456610 0.032548860 0.009128990 0.010276500 
16     0.035506200 0.006868920 0.031633510 0.009135930 0.033990280 0.005563570 0.006484910 0.002460730 0.019379640 0.008368040 0.000035650 0.000000000 0.009686530 0.001547680 0.040440210 0.022978680 0.038963340 0.024486590 0.003495330 0.051611370 0.031046470 0.016860660 0.014776760 0.020819640 0.003528080 0.009372460 0.017088030 0.030833630 0.033789810 0.008751840 0.000881460 0.018909560 0.023674120 0.000226260 0.011340660 0.006398300 0.023361050 0.019992250 0.020155100 0.006118810 0.032216290 0.002593450 0.033009910 0.001688290 0.019403810 0.021914120 0.013832240 0.035617700 0.033812240 0.021587860 0.008454710 
36     0.002400050 0.029700120 0.020205750 0.038580110 0.004456260 0.002984040 0.032079570 0.003233320 0.015697190 0.008364270 0.012606750 0.009686530 0.000000000 0.035865570 0.001708540 0.035153940 0.004471710 0.015670340 0.035513310 0.027874090 0.006436680 0.021170370 0.016171900 0.006590490 0.034056810 0.017960220 0.005819940 0.013359020 0.007922630 0.000470150 0.010465120 0.010560650 0.009263950 0.019634250 0.002198160 0.016812940 0.001789970 0.004740440 0.015880170 0.014178800 0.018320300 0.008967990 0.015635540 0.010890440 0.013170720 0.026725150 0.013497870 0.039912180 0.034171060 0.012121940 0.034175880 
12     0.013039500 0.015180360 0.022049150 0.030764620 0.014062370 0.025875190 0.005526840 0.000063040 0.000063140 0.020277990 0.009043250 0.001547680 0.035865570 0.000000000 0.000211970 0.010406170 0.013737970 0.024311660 0.031995830 0.035331250 0.011902210 0.036909420 0.008491370 0.016094220 0.002697670 0.011431380 0.012790390 0.003765500 0.006541160 0.011533360 0.028633630 0.010036180 0.015099210 0.003778480 0.022291490 0.023437140 0.012326540 0.008000860 0.031868920 0.010590050 0.030699270 0.033612580 0.034142600 0.034732710 0.012653950 0.022129380 0.008991270 0.029283680 0.021720020 0.003709070 0.003217160 
32     0.027783530 0.001270590 0.029899450 0.047180880 0.057639510 0.022402290 0.020128330 0.026182030 0.056555650 0.013875830 0.003334920 0.040440210 0.001708540 0.000211970 0.000000000 0.034762930 0.014559310 0.001148640 0.015009420 0.014226580 0.026599120 0.026607050 0.011246170 0.043473940 0.038763800 0.018278320 0.019044430 0.015202860 0.029798760 0.019830990 0.038055760 0.008682910 0.054793460 0.041947210 0.030875640 0.030037050 0.037891580 0.013287280 0.020131640 0.005024400 0.060221170 0.010562270 0.010345490 0.010372540 0.006405010 0.018649500 0.011155690 0.058562690 0.018849900 0.006603880 0.017563170 
19     0.001030010 0.023131250 0.009759060 0.014504980 0.003489340 0.000187920 0.038386970 0.056393770 0.025008160 0.035359360 0.016124210 0.022978680 0.035153940 0.010406170 0.034762930 0.000000000 0.002840660 0.009924780 0.012819400 0.000494230 0.018357660 0.009003850 0.000019100 0.008102710 0.011162640 0.006337560 0.013294410 0.033196110 0.050065790 0.016641900 0.017652880 0.034772930 0.002105330 0.005733040 0.018890300 0.010191770 0.006029350 0.019932640 0.011513910 0.030440830 0.012458840 0.015987510 0.006568970 0.006897140 0.039832380 0.004528230 0.049750170 0.012903620 0.007878810 0.019131930 0.023107290 
13     0.030685980 0.014295900 0.011180780 0.007229170 0.006907900 0.053719440 0.040754740 0.034007460 0.052322910 0.009393440 0.011453470 0.038963340 0.004471710 0.013737970 0.014559310 0.002840660 0.000000000 0.003220040 0.010443730 0.013464040 0.028880130 0.019797740 0.017075220 0.008324640 0.010876790 0.004412650 0.010558390 0.015537150 0.029857580 0.021152660 0.005484510 0.012738780 0.010401320 0.009185250 0.010869250 0.006329330 0.009949160 0.010374290 0.012569950 0.021247610 0.001161290 0.028428350 0.033630710 0.030392220 0.038782960 0.004798100 0.027940670 0.003548460 0.019431630 0.014300070 0.014107350 
49     0.005477150 0.009782880 0.043521630 0.019939560 0.013344280 0.010109800 0.034352610 0.008033640 0.019929940 0.009868340 0.019370960 0.024486590 0.015670340 0.024311660 0.001148640 0.009924780 0.003220040 0.000000000 0.028858750 0.000801670 0.012452150 0.007496670 0.014438840 0.009849790 0.012718140 0.009953830 0.037383100 0.010673420 0.033008380 0.042999180 0.029838980 0.000987160 0.018596150 0.029313030 0.018726970 0.020272130 0.001046320 0.013769960 0.046988940 0.010854510 0.030003970 0.020755490 0.015531890 0.015987750 0.001928600 0.023134150 0.010419110 0.006200030 0.002203460 0.007606750 0.029246550 
25     0.028112620 0.009629000 0.029213780 0.058679350 0.048107720 0.047882440 0.073040990 0.060601820 0.034240180 0.019698460 0.020710220 0.003495330 0.035513310 0.031995830 0.015009420 0.012819400 0.010443730 0.028858750 0.000000000 0.002028180 0.035128400 0.005352790 0.015546050 0.034469170 0.028581590 0.012570580 0.034625340 0.043725560 0.015611750 0.042530150 0.020603540 0.018997710 0.009890660 0.009204070 0.017842230 0.030201470 0.004963920 0.019181870 0.005119130 0.005638830 0.008125030 0.013849300 0.018514640 0.018691680 0.008429800 0.008382120 0.001993480 0.037044730 0.019630730 0.024322850 0.025033970 
33     0.000271600 0.019456000 0.037284480 0.029700180 0.056451390 0.011675430 0.017887650 0.034340240 0.038546780 0.003346580 0.025376610 0.051611370 0.027874090 0.035331250 0.014226580 0.000494230 0.013464040 0.000801670 0.002028180 0.000000000 0.026512100 0.007528450 0.000104140 0.036575250 0.005072350 0.006438020 0.034002120 0.060310160 0.015592080 0.008657150 0.037880020 0.021783750 0.008099020 0.029791240 0.006135920 0.000389480 0.010497530 0.013086700 0.005750910 0.001430580 0.008092220 0.012794040 0.007009240 0.024145460 0.008646150 0.006236910 0.008476770 0.009712050 0.005735050 0.009589150 0.013636870 
47     0.013279390 0.037739490 0.040646170 0.052081150 0.013371660 0.027170130 0.016647520 0.056991010 0.013962430 0.017822900 0.029332530 0.031046470 0.006436680 0.011902210 0.026599120 0.018357660 0.028880130 0.012452150 0.035128400 0.026512100 0.000000000 0.003766890 0.005553080 0.027014870 0.027302050 0.016036720 0.002640430 0.012022750 0.009109380 0.020639680 0.007393870 0.010309220 0.002100410 0.043884200 0.009131690 0.014959020 0.053108070 0.003460400 0.025687900 0.025381950 0.033015040 0.007237370 0.006559810 0.009682210 0.003744770 0.012210420 0.034903020 0.003717550 0.031641230 0.046612350 0.035271300 
30     0.022457660 0.042313370 0.012093590 0.010146090 0.043091720 0.003160380 0.022130300 0.015879760 0.005204630 0.030497280 0.013692820 0.016860660 0.021170370 0.036909420 0.026607050 0.009003850 0.019797740 0.007496670 0.005352790 0.007528450 0.003766890 0.000000000 0.010441040 0.012829060 0.013116240 0.001850910 0.000457170 0.021972240 0.012444960 0.052751510 0.027337220 0.003967790 0.005606590 0.012069490 0.004807000 0.022575540 0.008530880 0.006313220 0.017791080 0.024811040 0.016836000 0.014075200 0.021834530 0.016208940 0.007593250 0.008897320 0.004044580 0.018981200 0.014842110 0.015166630 0.022729450 
27     0.000371640 0.017582310 0.047872740 0.005765280 0.042567820 0.016594800 0.023251850 0.023698720 0.023807360 0.020650050 0.032545730 0.014776760 0.016171900 0.008491370 0.011246170 0.000019100 0.017075220 0.014438840 0.015546050 0.000104140 0.005553080 0.010441040 0.000000000 0.022746300 0.028259780 0.015162500 0.008304500 0.020963180 0.053797140 0.033369430 0.012460060 0.030067730 0.026752490 0.024156790 0.043798720 0.000489520 0.001579400 0.010453440 0.013487080 0.014749500 0.004640790 0.007644140 0.002359930 0.004360810 0.014394330 0.016947460 0.021296690 0.020726440 0.014066120 0.036092910 0.018199530 
21     0.017969040 0.015750930 0.023429780 0.010112660 0.020894890 0.048151340 0.028410080 0.010414070 0.020727480 0.002271840 0.006429320 0.020819640 0.006590490 0.016094220 0.043473940 0.008102710 0.008324640 0.009849790 0.034469170 0.036575250 0.027014870 0.012829060 0.022746300 0.000000000 0.000287240 0.004767980 0.009875070 0.015335250 0.029655680 0.028546360 0.016709060 0.004200900 0.020586450 0.028066200 0.015363960 0.012072830 0.006781790 0.021090630 0.003812190 0.037415940 0.019661800 0.011694650 0.017900980 0.017357970 0.018951450 0.018212350 0.010751450 0.005950630 0.018951280 0.001656530 0.018945080 
42     0.018786420 0.018146700 0.017110460 0.019985010 0.021712270 0.036816030 0.024816430 0.035149960 0.002120300 0.018518550 0.026208780 0.003528080 0.034056810 0.002697670 0.038763800 0.011162640 0.010876790 0.012718140 0.028581590 0.005072350 0.027302050 0.013116240 0.028259780 0.000287240 0.000000000 0.006261520 0.006404140 0.002333940 0.013799820 0.008667090 0.038993480 0.039248320 0.020274930 0.034466750 0.021971120 0.008920060 0.004994140 0.019126640 0.016021470 0.024745000 0.010563040 0.042007940 0.060014550 0.048480350 0.019768830 0.015987110 0.018186370 0.010275580 0.002550050 0.029764110 0.015133790 
46     0.005321930 0.022532540 0.010357050 0.009173370 0.027174480 0.005124690 0.031440000 0.004626000 0.009749330 0.013781200 0.018487700 0.009372460 0.017960220 0.011431380 0.018278320 0.006337560 0.004412650 0.009953830 0.012570580 0.006438020 0.016036720 0.001850910 0.015162500 0.004767980 0.006261520 0.000000000 0.001395740 0.016239530 0.004958910 0.021861740 0.040772820 0.024757670 0.039138040 0.015632950 0.016510160 0.021101910 0.008390810 0.010361940 0.007337640 0.014550910 0.011892300 0.024635340 0.022505260 0.027370910 0.020252370 0.011446220 0.023330210 0.020607950 0.017869160 0.010763140 0.018871860 
40     0.015833360 0.028047630 0.032656340 0.006622540 0.018759210 0.016130610 0.010393180 0.020675270 0.008355590 0.012000080 0.017093960 0.017088030 0.005819940 0.012790390 0.019044430 0.013294410 0.010558390 0.037383100 0.034625340 0.034002120 0.002640430 0.000457170 0.008304500 0.009875070 0.006404140 0.001395740 0.000000000 0.032242700 0.025698640 0.019714700 0.020357170 0.039629620 0.007731430 0.027705000 0.017563250 0.013382460 0.000406030 0.008968200 0.011192180 0.016516360 0.003346720 0.001901270 0.009503780 0.011383980 0.016815770 0.009625960 0.008261210 0.009640510 0.014173410 0.017640680 0.016809400 
22     0.026434810 0.037299070 0.009995310 0.021545250 0.017124240 0.008934260 0.009292320 0.003827040 0.003827140 0.006622400 0.006732090 0.030833630 0.013359020 0.003765500 0.015202860 0.033196110 0.015537150 0.010673420 0.043725560 0.060310160 0.012022750 0.021972240 0.020963180 0.015335250 0.002333940 0.016239530 0.032242700 0.000000000 0.000844940 0.002813130 0.002574430 0.015081530 0.013178870 0.001858140 0.019509820 0.059412370 0.039068690 0.001405620 0.012265310 0.031961020 0.014259440 0.014008890 0.020601830 0.026195230 0.031067770 0.014571100 0.008012480 0.013697760 0.008309220 0.001788730 0.007475990 
26     0.033149410 0.021022270 0.035012140 0.009502270 0.007973170 0.029853210 0.034660560 0.032399430 0.010071530 0.003731510 0.017305290 0.033789810 0.007922630 0.006541160 0.029798760 0.050065790 0.029857580 0.033008380 0.015611750 0.015592080 0.009109380 0.012444960 0.053797140 0.029655680 0.013799820 0.004958910 0.025698640 0.000844940 0.000000000 0.004737410 0.005543750 0.021026250 0.018291010 0.036765120 0.014257300 0.009691690 0.009487940 0.030366800 0.006721020 0.018414370 0.009160360 0.017954400 0.020161510 0.026252390 0.004185810 0.031251120 0.024048420 0.003382860 0.015165910 0.006038620 0.029279800 
35     0.004295750 0.045930280 0.021703030 0.008426710 0.012965370 0.052599960 0.022249500 0.023502550 0.026100260 0.030440320 0.051143860 0.008751840 0.000470150 0.011533360 0.019830990 0.016641900 0.021152660 0.042999180 0.042530150 0.008657150 0.020639680 0.052751510 0.033369430 0.028546360 0.008667090 0.021861740 0.019714700 0.002813130 0.004737410 0.000000000 0.001727570 0.011424460 0.027076210 0.024998700 0.017229430 0.025590740 0.013342080 0.001876000 0.018380270 0.021087830 0.018526060 0.023641960 0.016483750 0.026461820 0.009893090 0.001072700 0.033388730 0.013485780 0.001227000 0.012270970 0.034543510 
41     0.005800360 0.009691420 0.046267920 0.013730650 0.034850590 0.020010120 0.008535440 0.014689260 0.012068750 0.049016920 0.023144670 0.000881460 0.010465120 0.028633630 0.038055760 0.017652880 0.005484510 0.029838980 0.020603540 0.037880020 0.007393870 0.027337220 0.012460060 0.016709060 0.038993480 0.040772820 0.020357170 0.002574430 0.005543750 0.001727570 0.000000000 0.011078940 0.010382120 0.010368630 0.018092150 0.035805440 0.020498370 0.026169840 0.040603820 0.007859000 0.023068850 0.009196560 0.009268600 0.012016420 0.032605460 0.043219570 0.020996840 0.032604200 0.047093260 0.023162850 0.005311490 
17     0.020391500 0.007413000 0.023908080 0.017205530 0.008042450 0.010304370 0.019164720 0.014232210 0.029976320 0.010689540 0.006617940 0.018909560 0.010560650 0.010036180 0.008682910 0.034772930 0.012738780 0.000987160 0.018997710 0.021783750 0.010309220 0.003967790 0.030067730 0.004200900 0.039248320 0.024757670 0.039629620 0.015081530 0.021026250 0.011424460 0.011078940 0.000000000 0.001003190 0.020218630 0.016283840 0.010947880 0.007966080 0.028063880 0.005304620 0.004182240 0.007204480 0.003589610 0.005796720 0.013379440 0.003339000 0.016893430 0.011501590 0.022973050 0.031843640 0.004707550 0.022502000 
48     0.000527210 0.030688540 0.001013410 0.064460380 0.014460980 0.017101360 0.010946960 0.010834740 0.015160850 0.012001130 0.024685080 0.023674120 0.009263950 0.015099210 0.054793460 0.002105330 0.010401320 0.018596150 0.009890660 0.008099020 0.002100410 0.005606590 0.026752490 0.020586450 0.020274930 0.039138040 0.007731430 0.013178870 0.018291010 0.027076210 0.010382120 0.001003190 0.000000000 0.000490270 0.003938020 0.010977630 0.015771750 0.012619160 0.019718000 0.007673320 0.004125060 0.000854370 0.003061480 0.060893610 0.000603760 0.014158190 0.017091530 0.019105450 0.021242100 0.009913540 0.023117390 
18     0.042268000 0.003450590 0.007067960 0.019082100 0.039970550 0.014220180 0.009305300 0.003840020 0.003840120 0.002771430 0.004596650 0.000226260 0.019634250 0.003778480 0.041947210 0.005733040 0.009185250 0.029313030 0.009204070 0.029791240 0.043884200 0.012069490 0.024156790 0.028066200 0.034466750 0.015632950 0.027705000 0.001858140 0.036765120 0.024998700 0.010368630 0.020218630 0.000490270 0.000000000 0.016683600 0.003609880 0.018371640 0.004705670 0.020677390 0.006231500 0.010199660 0.007675410 0.008046750 0.007648960 0.020414330 0.026142230 0.019228280 0.051837800 0.016553230 0.000077550 0.003539890 
24     0.024489440 0.025995690 0.007138320 0.013935620 0.021634110 0.006176430 0.009605130 0.028712430 0.026610750 0.004333670 0.037523030 0.011340660 0.002198160 0.022291490 0.030875640 0.018890300 0.010869250 0.018726970 0.017842230 0.006135920 0.009131690 0.004807000 0.043798720 0.015363960 0.021971120 0.016510160 0.017563250 0.019509820 0.014257300 0.017229430 0.018092150 0.016283840 0.003938020 0.016683600 0.000000000 0.000574020 0.008322330 0.003491220 0.010978880 0.015440680 0.012967860 0.022814620 0.023584040 0.043140820 0.031058790 0.029418070 0.020798310 0.022445630 0.028219920 0.003425840 0.008462860 
34     0.000204920 0.016962930 0.019020130 0.006869930 0.001858610 0.018155710 0.040718710 0.030787180 0.005493440 0.009399090 0.029644290 0.006398300 0.016812940 0.023437140 0.030037050 0.010191770 0.006329330 0.020272130 0.030201470 0.000389480 0.014959020 0.022575540 0.000489520 0.012072830 0.008920060 0.021101910 0.013382460 0.059412370 0.009691690 0.025590740 0.035805440 0.010947880 0.010977630 0.003609880 0.000574020 0.000000000 0.006527370 0.009304340 0.010979900 0.003537890 0.005642100 0.013033980 0.007249180 0.033484060 0.001241530 0.021102150 0.003343710 0.002153770 0.007050570 0.013956800 0.001235160 
43     0.022065000 0.026011900 0.000653370 0.000699140 0.017009150 0.033790370 0.029410910 0.026936490 0.020834200 0.008937260 0.025163790 0.023361050 0.001789970 0.012326540 0.037891580 0.006029350 0.009949160 0.001046320 0.004963920 0.010497530 0.053108070 0.008530880 0.001579400 0.006781790 0.004994140 0.008390810 0.000406030 0.039068690 0.009487940 0.013342080 0.020498370 0.007966080 0.015771750 0.018371640 0.008322330 0.006527370 0.000000000 0.002025750 0.007860960 0.005178210 0.005997960 0.007525380 0.016893900 0.021399850 0.009783610 0.020024730 0.009388870 0.005073320 0.015068020 0.007722580 0.032956870 
28     0.016957010 0.026865080 0.012111500 0.012996570 0.013119800 0.037333830 0.008433680 0.008607120 0.003100270 0.014610090 0.019998180 0.019992250 0.004740440 0.008000860 0.013287280 0.019932640 0.010374290 0.013769960 0.019181870 0.013086700 0.003460400 0.006313220 0.010453440 0.021090630 0.019126640 0.010361940 0.008968200 0.001405620 0.030366800 0.001876000 0.026169840 0.028063880 0.012619160 0.004705670 0.003491220 0.009304340 0.002025750 0.000000000 0.010197610 0.001280730 0.026472300 0.012869580 0.007325830 0.008925510 0.022932050 0.011284880 0.041868420 0.024609490 0.019200280 0.029861380 0.034607200 
23     0.008885100 0.008029220 0.019068770 0.007439580 0.041738420 0.014555660 0.019202050 0.018300050 0.033750680 0.027581180 0.010459460 0.020155100 0.015880170 0.031868920 0.020131640 0.011513910 0.012569950 0.046988940 0.005119130 0.005750910 0.025687900 0.017791080 0.013487080 0.003812190 0.016021470 0.007337640 0.011192180 0.012265310 0.006721020 0.018380270 0.040603820 0.005304620 0.019718000 0.020677390 0.010978880 0.010979900 0.007860960 0.010197610 0.000000000 0.002078950 0.011544360 0.006360170 0.014184910 0.016185790 0.011728960 0.009044950 0.024726440 0.034122360 0.024743100 0.001485630 0.049645960 
39     0.013650770 0.011747890 0.055380460 0.005531630 0.022353200 0.010277610 0.036429410 0.010629760 0.032715100 0.016579070 0.010295350 0.006118810 0.014178800 0.010590050 0.005024400 0.030440830 0.021247610 0.010854510 0.005638830 0.001430580 0.025381950 0.024811040 0.014749500 0.037415940 0.024745000 0.014550910 0.016516360 0.031961020 0.018414370 0.021087830 0.007859000 0.004182240 0.007673320 0.006231500 0.015440680 0.003537890 0.005178210 0.001280730 0.002078950 0.000000000 0.013481400 0.027856340 0.036680680 0.032133990 0.018489070 0.000001230 0.021970320 0.017763600 0.017213540 0.043242300 0.025167140 
37     0.005437180 0.008079710 0.015637160 0.008363350 0.008363030 0.004320350 0.004689620 0.029651220 0.051887350 0.030088130 0.011151370 0.032216290 0.018320300 0.030699270 0.060221170 0.012458840 0.001161290 0.030003970 0.008125030 0.008092220 0.033015040 0.016836000 0.004640790 0.019661800 0.010563040 0.011892300 0.003346720 0.014259440 0.009160360 0.018526060 0.023068850 0.007204480 0.004125060 0.010199660 0.012967860 0.005642100 0.005997960 0.026472300 0.011544360 0.013481400 0.000000000 0.001585980 0.012153790 0.011714190 0.006382960 0.016515260 0.004837130 0.003647190 0.001551410 0.017027870 0.006413220 
45     0.012916100 0.044116370 0.022135630 0.008664340 0.014124370 0.024722490 0.038352850 0.018874330 0.004085540 0.010784590 0.006561790 0.002593450 0.008967990 0.033612580 0.010562270 0.015987510 0.028428350 0.020755490 0.013849300 0.012794040 0.007237370 0.014075200 0.007644140 0.011694650 0.042007940 0.024635340 0.001901270 0.014008890 0.017954400 0.023641960 0.009196560 0.003589610 0.000854370 0.007675410 0.022814620 0.013033980 0.007525380 0.012869580 0.006360170 0.027856340 0.001585980 0.000000000 0.000000030 0.000000030 0.000267150 0.000074760 0.018699020 0.021428790 0.009458560 0.005029700 0.018967040 
11     0.007131300 0.009816050 0.016697230 0.008089100 0.016331480 0.038205470 0.005712000 0.020395270 0.007450140 0.008341740 0.043326290 0.033009910 0.015635540 0.034142600 0.010345490 0.006568970 0.033630710 0.015531890 0.018514640 0.007009240 0.006559810 0.021834530 0.002359930 0.017900980 0.060014550 0.022505260 0.009503780 0.020601830 0.020161510 0.016483750 0.009268600 0.005796720 0.003061480 0.008046750 0.023584040 0.007249180 0.016893900 0.007325830 0.014184910 0.036680680 0.012153790 0.000000030 0.000000000 0.000000000 0.002474260 0.000074790 0.016975310 0.016196320 0.020033310 0.032657170 0.022254730 
50     0.028168630 0.039692510 0.029710780 0.011625970 0.034872460 0.027692210 0.008237500 0.022920770 0.024727650 0.031056620 0.029611120 0.001688290 0.010890440 0.034732710 0.010372540 0.006897140 0.030392220 0.015987750 0.018691680 0.024145460 0.009682210 0.016208940 0.004360810 0.017357970 0.048480350 0.027370910 0.011383980 0.026195230 0.026252390 0.026461820 0.012016420 0.013379440 0.060893610 0.007648960 0.043140820 0.033484060 0.021399850 0.008925510 0.016185790 0.032133990 0.011714190 0.000000030 0.000000000 0.000000000 0.013736740 0.000074790 0.017300360 0.012981100 0.020044000 0.027828740 0.022604600 
14     0.001036610 0.026786240 0.010759620 0.007647420 0.007647100 0.012801350 0.024195370 0.026593330 0.011948280 0.068639700 0.011433010 0.019403810 0.013170720 0.012653950 0.006405010 0.039832380 0.038782960 0.001928600 0.008429800 0.008646150 0.003744770 0.007593250 0.014394330 0.018951450 0.019768830 0.020252370 0.016815770 0.031067770 0.004185810 0.009893090 0.032605460 0.003339000 0.000603760 0.020414330 0.031058790 0.001241530 0.009783610 0.022932050 0.011728960 0.018489070 0.006382960 0.000267150 0.002474260 0.013736740 0.000000000 0.003018750 0.004121200 0.002931260 0.007828060 0.003272110 0.000006370 
44     0.008922690 0.041948960 0.007522440 0.026877130 0.027421090 0.021212440 0.035581260 0.007645500 0.025167990 0.028533250 0.004357360 0.021914120 0.026725150 0.022129380 0.018649500 0.004528230 0.004798100 0.023134150 0.008382120 0.006236910 0.012210420 0.008897320 0.016947460 0.018212350 0.015987110 0.011446220 0.009625960 0.014571100 0.031251120 0.001072700 0.043219570 0.016893430 0.014158190 0.026142230 0.029418070 0.021102150 0.020024730 0.011284880 0.009044950 0.000001230 0.016515260 0.000074760 0.000074790 0.000074790 0.003018750 0.000000000 0.039102160 0.010392850 0.006660670 0.028222670 0.029444460 
31     0.002644250 0.019071180 0.040420880 0.006055380 0.006055060 0.037840530 0.013221070 0.008530650 0.020670410 0.004447440 0.011562060 0.013832240 0.013497870 0.008991270 0.011155690 0.049750170 0.027940670 0.010419110 0.001993480 0.008476770 0.034903020 0.004044580 0.021296690 0.010751450 0.018186370 0.023330210 0.008261210 0.008012480 0.024048420 0.033388730 0.020996840 0.011501590 0.017091530 0.019228280 0.020798310 0.003343710 0.009388870 0.041868420 0.024726440 0.021970320 0.004837130 0.018699020 0.016975310 0.017300360 0.004121200 0.039102160 0.000000000 0.001189940 0.000795820 0.005856210 0.004114830 
20     0.001948850 0.008021440 0.024408660 0.004865440 0.004865120 0.012553940 0.007820850 0.003130430 0.024342330 0.009737840 0.008456610 0.035617700 0.039912180 0.029283680 0.058562690 0.012903620 0.003548460 0.006200030 0.037044730 0.009712050 0.003717550 0.018981200 0.020726440 0.005950630 0.010275580 0.020607950 0.009640510 0.013697760 0.003382860 0.013485780 0.032604200 0.022973050 0.019105450 0.051837800 0.022445630 0.002153770 0.005073320 0.024609490 0.034122360 0.017763600 0.003647190 0.021428790 0.016196320 0.012981100 0.002931260 0.010392850 0.001189940 0.000000000 0.000670740 0.002561770 0.002924890 
15     0.006845650 0.027084900 0.016829520 0.009762240 0.009761920 0.000540140 0.008491190 0.003800770 0.025012670 0.018701290 0.032548860 0.033812240 0.034171060 0.021720020 0.018849900 0.007878810 0.019431630 0.002203460 0.019630730 0.005735050 0.031641230 0.014842110 0.014066120 0.018951280 0.002550050 0.017869160 0.014173410 0.008309220 0.015165910 0.001227000 0.047093260 0.031843640 0.021242100 0.016553230 0.028219920 0.007050570 0.015068020 0.019200280 0.024743100 0.017213540 0.001551410 0.009458560 0.020033310 0.020044000 0.007828060 0.006660670 0.000795820 0.000670740 0.000000000 0.001902040 0.007821690 
38     0.039430780 0.030083890 0.006360770 0.050132800 0.052978640 0.038202920 0.009235890 0.003770610 0.003770710 0.024092360 0.009128990 0.021587860 0.012121940 0.003709070 0.006603880 0.019131930 0.014300070 0.007606750 0.024322850 0.009589150 0.046612350 0.015166630 0.036092910 0.001656530 0.029764110 0.010763140 0.017640680 0.001788730 0.006038620 0.012270970 0.023162850 0.004707550 0.009913540 0.000077550 0.003425840 0.013956800 0.007722580 0.029861380 0.001485630 0.043242300 0.017027870 0.005029700 0.032657170 0.027828740 0.003272110 0.028222670 0.005856210 0.002561770 0.001902040 0.000000000 0.013705310 
0     0.001030240 0.003897780 0.000270320 0.007641050 0.007640730 0.016493670 0.011418220 0.018152040 0.024773520 0.023660450 0.010276500 0.008454710 0.034175880 0.003217160 0.017563170 0.023107290 0.014107350 0.029246550 0.025033970 0.013636870 0.035271300 0.022729450 0.018199530 0.018945080 0.015133790 0.018871860 0.016809400 0.007475990 0.029279800 0.034543510 0.005311490 0.022502000 0.023117390 0.003539890 0.008462860 0.001235160 0.032956870 0.034607200 0.049645960 0.025167140 0.006413220 0.018967040 0.022254730 0.022604600 0.000006370 0.029444460 0.004114830 0.002924890 0.007821690 0.013705310 0.000000000 
