51
5     0.000000000 0.000052910 0.000000660 0.000058360 0.001108790 0.002087690 0.003605610 0.003648770 0.002835500 0.008997490 0.001790910 0.004264050 0.005343980 0.003991090 0.007711570 0.000789020 0.006369920 0.003943460 0.005651600 0.011439780 0.005435830 0.008378300 0.004814510 0.002759320 0.005045610 0.001200240 0.005056100 0.005994350 0.004592010 0.003415610 0.003600890 0.006126210 0.012416780 0.014506400 0.006045590 0.009749090 0.002944260 0.003120750 0.008814970 0.008722780 0.004596960 0.001198540 0.006949100 0.005878590 0.014040010 0.007713420 0.018217700 0.009951050 0.002627910 0.016295570 0.003953190 
11     0.000052910 0.000000000 0.000006260 0.000005450 0.001131240 0.002036020 0.001816930 0.002412770 0.000253320 0.010087270 0.002142050 0.004238090 0.005318020 0.003938180 0.008791770 0.010152390 0.006317010 0.004531710 0.012429550 0.014720500 0.005794120 0.007611300 0.007484010 0.002675080 0.004752080 0.000906710 0.006076430 0.005941440 0.001221380 0.003362700 0.005894930 0.006073300 0.011821770 0.012139490 0.005992680 0.010059550 0.002891350 0.003067840 0.009966460 0.009959160 0.004654440 0.005471950 0.011936510 0.009178050 0.014074460 0.013203340 0.015916930 0.009903490 0.001562930 0.010832110 0.003900280 
3     0.000000660 0.000006260 0.000000000 0.000603000 0.001112910 0.002939560 0.004520670 0.010611190 0.010941600 0.006401650 0.004036550 0.004826560 0.005906490 0.010953510 0.009951040 0.009254670 0.004013700 0.004388430 0.005413610 0.014877370 0.007308020 0.010250490 0.007549460 0.005339870 0.005129010 0.001283640 0.006028720 0.007331610 0.002219180 0.010378030 0.009432180 0.005028800 0.012738430 0.013384590 0.013008010 0.004005630 0.007089220 0.010083170 0.009815250 0.008677460 0.005059210 0.005741570 0.004806710 0.005740040 0.014442110 0.013447000 0.013650660 0.011022460 0.002936420 0.016757820 0.010915610 
4     0.000058360 0.000005450 0.000603000 0.000000000 0.001598080 0.000543680 0.001705340 0.001398510 0.004282650 0.006870090 0.002735120 0.003475340 0.003558650 0.001202450 0.008413140 0.010050340 0.001933130 0.001748210 0.009326000 0.006116480 0.003846810 0.002049110 0.010047000 0.006545840 0.010336460 0.006622500 0.016581070 0.001891880 0.005934510 0.003365810 0.003977790 0.006076410 0.007474630 0.005351740 0.004133610 0.005260880 0.002894460 0.003070950 0.005012060 0.006888190 0.003919390 0.007832220 0.006781560 0.007852140 0.006487100 0.003004680 0.003520020 0.004858430 0.000800660 0.012361100 0.003903390 
13     0.001108790 0.001131240 0.001112910 0.001598080 0.000000000 0.007806120 0.000685200 0.009410030 0.006925770 0.007009690 0.013845880 0.006453110 0.005548410 0.010055560 0.005157650 0.014914380 0.003846060 0.001872250 0.012384030 0.018172210 0.006278840 0.014449570 0.001305800 0.011381980 0.012221880 0.007477030 0.015258750 0.013813760 0.007941680 0.011235020 0.009114320 0.008818790 0.003353430 0.011604210 0.011090290 0.015781280 0.001675970 0.010940160 0.009697660 0.019265180 0.005678850 0.006342830 0.008633970 0.008773360 0.009011660 0.011857790 0.012373130 0.002111420 0.001814110 0.011787770 0.011772600 
8     0.002087690 0.002036020 0.002939560 0.000543680 0.007806120 0.000000000 0.000129580 0.001280890 0.004165030 0.009523010 0.011349240 0.005559010 0.004421560 0.001084830 0.007999940 0.005623410 0.001815510 0.008950920 0.002380640 0.004024430 0.010462900 0.009166850 0.002832480 0.007008240 0.016769400 0.004880730 0.006562170 0.004798690 0.010303370 0.019589450 0.008342450 0.007715230 0.009346280 0.010722580 0.008406190 0.006011280 0.002343210 0.008010930 0.005135070 0.008481420 0.010919100 0.008812280 0.016491640 0.017093490 0.015455650 0.002887060 0.003402400 0.012294630 0.011997320 0.012457940 0.005685320 
15     0.003605610 0.001816930 0.004520670 0.001705340 0.000685200 0.000129580 0.000000000 0.000614360 0.002440130 0.006042330 0.007886260 0.006050720 0.004913270 0.002246490 0.004647510 0.004685740 0.000830490 0.001485450 0.002672850 0.001218020 0.011733400 0.002608470 0.007303810 0.008561220 0.011094770 0.006937730 0.001711500 0.010383190 0.009827620 0.007862730 0.003577210 0.004430820 0.008681600 0.009208220 0.007647420 0.001389660 0.007272290 0.005815150 0.002939290 0.001024750 0.001196010 0.001257440 0.005300690 0.006399690 0.015862040 0.004048720 0.004564060 0.006630080 0.007689280 0.011221700 0.005444600 
9     0.003648770 0.002412770 0.010611190 0.001398510 0.009410030 0.001280890 0.000614360 0.000000000 0.000283930 0.009298110 0.001221370 0.003706720 0.003380700 0.000196060 0.004888550 0.004937080 0.000937860 0.009520990 0.005174890 0.006453370 0.015178980 0.009736920 0.006162640 0.005211670 0.009462120 0.005288330 0.001633390 0.004610380 0.004600340 0.000235980 0.004563870 0.004742240 0.011966490 0.012962210 0.004661620 0.010985160 0.001560290 0.001736780 0.006630140 0.007133840 0.011890710 0.013933630 0.007450110 0.006593920 0.012104000 0.003457130 0.003623400 0.006232300 0.003852710 0.009451360 0.002569220 
16     0.002835500 0.000253320 0.010941600 0.004282650 0.006925770 0.004165030 0.002440130 0.000283930 0.000000000 0.004104890 0.008484620 0.001550380 0.002835670 0.004539040 0.004253780 0.005229390 0.003877990 0.007696150 0.000351510 0.000445100 0.005116840 0.001708130 0.006368710 0.003279490 0.005484820 0.016633360 0.012465490 0.014624150 0.010336750 0.011186580 0.004555830 0.004343170 0.005965550 0.006880900 0.007410130 0.007380990 0.007356100 0.002588360 0.001888850 0.004564250 0.002236370 0.002660570 0.008957310 0.009559160 0.001046030 0.001745490 0.002260830 0.009104770 0.008804560 0.011317630 0.004640170 
7     0.008997490 0.010087270 0.006401650 0.006870090 0.007009690 0.009523010 0.006042330 0.009298110 0.004104890 0.000000000 0.000580390 0.002958450 0.002250910 0.001651880 0.006624170 0.006672700 0.000525930 0.024855630 0.003069770 0.019659860 0.016103150 0.018586330 0.024045100 0.009523820 0.003258690 0.015250250 0.003784750 0.007756060 0.005495920 0.004366290 0.007689590 0.006250220 0.017393120 0.018308470 0.020008920 0.007020070 0.008799410 0.010201650 0.003990780 0.006532040 0.002940050 0.001907230 0.007375600 0.007977450 0.008424520 0.006669090 0.007261570 0.012687710 0.013001110 0.009019510 0.016101940 
2     0.001790910 0.002142050 0.004036550 0.002735120 0.013845880 0.011349240 0.007886260 0.001221370 0.008484620 0.000580390 0.000000000 0.002746580 0.002565490 0.002297620 0.003791170 0.006533850 0.009637960 0.007192240 0.007646010 0.004526770 0.008318620 0.009431920 0.015563120 0.002210740 0.010337130 0.011527070 0.001523330 0.004757810 0.010839080 0.006471900 0.010802610 0.008663640 0.002252540 0.006994530 0.004821560 0.009249550 0.003650840 0.006822030 0.007752820 0.011720080 0.003158400 0.005081080 0.009789020 0.010390870 0.010837940 0.009082510 0.005906530 0.007741300 0.008491610 0.003615770 0.008807960 
10     0.004264050 0.004238090 0.004826560 0.003475340 0.006453110 0.005559010 0.006050720 0.003706720 0.001550380 0.002958450 0.002746580 0.000000000 0.000003230 0.001565240 0.003381820 0.006204760 0.002415340 0.006244570 0.000785720 0.003712050 0.011902560 0.006460500 0.009912210 0.006370410 0.004661000 0.000822050 0.005764280 0.001081180 0.005734110 0.009523640 0.010872470 0.006028780 0.008690070 0.006157570 0.006078210 0.004270100 0.007221570 0.004610550 0.003181090 0.004560640 0.005414490 0.008961130 0.020415260 0.002524200 0.011643560 0.003569610 0.004084950 0.015487290 0.015800690 0.009751830 0.004774470 
6     0.005343980 0.005318020 0.005906490 0.003558650 0.005548410 0.004421560 0.004913270 0.003380700 0.002835670 0.002250910 0.002565490 0.000003230 0.000000000 0.001344940 0.003704920 0.004889170 0.001177140 0.006356500 0.000857450 0.003643330 0.012014490 0.006572430 0.014545670 0.007428100 0.001852300 0.006788040 0.006082700 0.000082840 0.005782660 0.003144720 0.007475430 0.007653800 0.008802000 0.005496150 0.007554540 0.004050730 0.004471850 0.004288460 0.003329500 0.004215260 0.004329360 0.009073060 0.014154710 0.001846270 0.011446880 0.003681540 0.004196880 0.016577620 0.016891020 0.006708250 0.004886400 
12     0.003991090 0.003938180 0.010953510 0.001202450 0.010055560 0.001084830 0.002246490 0.000196060 0.004539040 0.001651880 0.002297620 0.001565240 0.001344940 0.000000000 0.006242100 0.007922220 0.000741800 0.008917560 0.009582390 0.010307670 0.006744810 0.002161640 0.010829970 0.005553990 0.016344010 0.005630650 0.001273140 0.004952700 0.004942660 0.000575480 0.003082090 0.005084560 0.011770430 0.012766150 0.005003940 0.002872310 0.000942710 0.002079100 0.008977720 0.017094210 0.014194240 0.015066510 0.011585470 0.008189310 0.015340470 0.003261070 0.003776410 0.021465100 0.026206340 0.003323590 0.002911540 
1     0.007711570 0.008791770 0.009951040 0.008413140 0.005157650 0.007999940 0.004647510 0.004888550 0.004253780 0.006624170 0.003791170 0.003381820 0.003704920 0.006242100 0.000000000 0.000066670 0.003353910 0.008556160 0.008813620 0.009538900 0.011268990 0.000384630 0.003975660 0.001480030 0.008800940 0.006238510 0.006077410 0.005741540 0.010016170 0.003172070 0.012840940 0.002272820 0.011001660 0.011997380 0.003988350 0.003865090 0.002193920 0.003030610 0.001760270 0.001660650 0.009976590 0.010038020 0.009189470 0.007005120 0.014444270 0.003303720 0.006392580 0.010188400 0.008532540 0.001638570 0.002357930 
14     0.000789020 0.010152390 0.009254670 0.010050340 0.014914380 0.005623410 0.004685740 0.004937080 0.005229390 0.006672700 0.006533850 0.006204760 0.004889170 0.007922220 0.000066670 0.000000000 0.013194250 0.004546370 0.012425880 0.018015720 0.015698880 0.016942190 0.017219820 0.001132690 0.001081300 0.014359340 0.011427290 0.001230210 0.008634180 0.017891740 0.012598730 0.011773590 0.019780990 0.019616680 0.005519900 0.002114620 0.002242450 0.003644690 0.001808800 0.009853860 0.005694840 0.007737760 0.005721110 0.006285950 0.007247170 0.004996560 0.007782680 0.019558530 0.009241800 0.018474580 0.005377220 
29     0.006369920 0.006317010 0.004013700 0.001933130 0.003846060 0.001815510 0.000830490 0.000937860 0.003877990 0.000525930 0.009637960 0.002415340 0.001177140 0.000741800 0.003353910 0.013194250 0.000000000 0.004707050 0.002708570 0.000981070 0.001305200 0.003778870 0.002402200 0.005167700 0.002804090 0.001922040 0.001914410 0.004566410 0.003852700 0.004752790 0.003529230 0.004698270 0.003158180 0.004559200 0.004617650 0.003768880 0.004281440 0.004457930 0.002346740 0.002971700 0.014091410 0.009132760 0.003267200 0.001082850 0.016560340 0.003991750 0.004507090 0.004693290 0.001340310 0.002185080 0.001611210 
48     0.003943460 0.004531710 0.004388430 0.001748210 0.001872250 0.008950920 0.001485450 0.009520990 0.007696150 0.024855630 0.007192240 0.006244570 0.006356500 0.008917560 0.008556160 0.004546370 0.004707050 0.000000000 0.000023580 0.000121460 0.003157430 0.000316710 0.021491820 0.016450940 0.016399550 0.011890250 0.014744060 0.006211880 0.017819490 0.022353600 0.010730280 0.006170750 0.007349360 0.002304120 0.006101900 0.005794680 0.010184600 0.007538600 0.008997850 0.020900180 0.011225100 0.007993640 0.003117620 0.004229340 0.010976020 0.001206890 0.007047980 0.008211500 0.004200610 0.006546650 0.007737500 
27     0.005651600 0.012429550 0.005413610 0.009326000 0.012384030 0.002380640 0.002672850 0.005174890 0.000351510 0.003069770 0.007646010 0.000785720 0.000857450 0.009582390 0.008813620 0.012425880 0.002708570 0.000023580 0.000000000 0.000035870 0.000519860 0.000041550 0.010798620 0.010690370 0.013096950 0.005501460 0.010639860 0.007215490 0.015336240 0.011092840 0.006281530 0.008321540 0.007606820 0.004307280 0.006359360 0.010933190 0.003411310 0.002424730 0.001882100 0.014588320 0.005656170 0.004374270 0.005366010 0.005418870 0.019358690 0.006790100 0.001182640 0.002906370 0.006599190 0.006803500 0.005730200 
38     0.011439780 0.014720500 0.014877370 0.006116480 0.018172210 0.004024430 0.001218020 0.006453370 0.000445100 0.019659860 0.004526770 0.003712050 0.003643330 0.010307670 0.009538900 0.018015720 0.000981070 0.000121460 0.000035870 0.000000000 0.000357090 0.000874100 0.004243940 0.005516250 0.006646960 0.003250000 0.006708410 0.006571970 0.005033960 0.011214760 0.000540220 0.003219470 0.005024220 0.002657680 0.004353190 0.010752670 0.003297780 0.003002030 0.007312320 0.013128270 0.005851430 0.006097700 0.002636760 0.002689620 0.013948470 0.007515380 0.001974080 0.008402280 0.009751910 0.007706190 0.000742620 
34     0.005435830 0.005794120 0.007308020 0.003846810 0.006278840 0.010462900 0.011733400 0.015178980 0.005116840 0.016103150 0.008318620 0.011902560 0.012014490 0.006744810 0.011268990 0.015698880 0.001305200 0.003157430 0.000519860 0.000357090 0.000000000 0.000256290 0.002675730 0.005462500 0.007996570 0.003608440 0.004884400 0.006486200 0.005236930 0.009127470 0.006216170 0.006010490 0.012768340 0.001883410 0.001164780 0.008855910 0.014326920 0.011441100 0.003800870 0.014374570 0.010673690 0.009776700 0.006231820 0.006284680 0.018797090 0.012190630 0.008112920 0.010316620 0.007369610 0.013665910 0.003449700 
28     0.008378300 0.007611300 0.010250490 0.002049110 0.014449570 0.009166850 0.002608470 0.009736920 0.001708130 0.018586330 0.009431920 0.006460500 0.006572430 0.002161640 0.000384630 0.016942190 0.003778870 0.000316710 0.000041550 0.000874100 0.000256290 0.000000000 0.001513830 0.001151180 0.013259680 0.009745630 0.012235530 0.009001400 0.004251010 0.011779260 0.005921320 0.006459740 0.007565290 0.000157960 0.006317830 0.010138010 0.007838390 0.006851810 0.006732680 0.008481940 0.008986500 0.008089510 0.003898600 0.003951460 0.007424740 0.006748570 0.007263910 0.009041290 0.014545770 0.012930790 0.001746580 
17     0.004814510 0.007484010 0.007549460 0.010047000 0.001305800 0.002832480 0.007303810 0.006162640 0.006368710 0.024045100 0.015563120 0.009912210 0.014545670 0.010829970 0.003975660 0.017219820 0.002402200 0.021491820 0.010798620 0.004243940 0.002675730 0.001513830 0.000000000 0.002263250 0.003937030 0.002685800 0.002212740 0.004813180 0.000619630 0.002367180 0.002350140 0.002205990 0.006555070 0.006390760 0.006217910 0.000824920 0.000706870 0.001474580 0.001875050 0.005663720 0.009983900 0.006729930 0.008035530 0.007716030 0.025882420 0.007370720 0.012081750 0.012574230 0.004717400 0.005449100 0.012699690 
19     0.002759320 0.002675080 0.005339870 0.006545840 0.011381980 0.007008240 0.008561220 0.005211670 0.003279490 0.009523820 0.002210740 0.006370410 0.007428100 0.005553990 0.001480030 0.001132690 0.005167700 0.016450940 0.010690370 0.005516250 0.005462500 0.001151180 0.002263250 0.000000000 0.000048690 0.000138040 0.000478090 0.000621370 0.000611330 0.002529330 0.000292520 0.000659130 0.000497280 0.005424550 0.000221260 0.007057580 0.004507160 0.001454830 0.008581570 0.005147200 0.009335610 0.008629920 0.010988760 0.007766000 0.020969880 0.005032010 0.006639230 0.008545190 0.011107060 0.010874210 0.002751850 
46     0.005045610 0.004752080 0.005129010 0.010336460 0.012221880 0.016769400 0.011094770 0.009462120 0.005484820 0.003258690 0.010337130 0.004661000 0.001852300 0.016344010 0.008800940 0.001081300 0.002804090 0.016399550 0.013096950 0.006646960 0.007996570 0.013259680 0.003937030 0.000048690 0.000000000 0.000084950 0.000832010 0.001700160 0.002225530 0.003253350 0.003464950 0.001383150 0.002705200 0.004866010 0.000945280 0.008902590 0.007400660 0.006902740 0.009032450 0.003528040 0.010515540 0.006289830 0.011581900 0.008635060 0.024298930 0.006614150 0.004822790 0.011771020 0.015144840 0.017399610 0.004084200 
45     0.001200240 0.000906710 0.001283640 0.006622500 0.007477030 0.004880730 0.006937730 0.005288330 0.016633360 0.015250250 0.011527070 0.000822050 0.006788040 0.005630650 0.006238510 0.014359340 0.001922040 0.011890250 0.005501460 0.003250000 0.003608440 0.009745630 0.002685800 0.000138040 0.000084950 0.000000000 0.000631220 0.000698030 0.000687990 0.004278680 0.000727260 0.000946270 0.003252690 0.005413500 0.000825010 0.007443060 0.004583820 0.004760310 0.002936630 0.004184980 0.001884370 0.004941980 0.011502260 0.008106100 0.020291430 0.005362920 0.002371720 0.009762730 0.007415620 0.015999300 0.002828510 
25     0.005056100 0.006076430 0.006028720 0.016581070 0.015258750 0.006562170 0.001711500 0.001633390 0.012465490 0.003784750 0.001523330 0.005764280 0.006082700 0.001273140 0.006077410 0.011427290 0.001914410 0.014744060 0.010639860 0.006708410 0.004884400 0.012235530 0.002212740 0.000478090 0.000832010 0.000631220 0.000000000 0.002675500 0.003960160 0.004357060 0.002191380 0.005800220 0.006396310 0.001334930 0.006453630 0.005684230 0.015076490 0.015280250 0.009408040 0.009023060 0.009825140 0.009886570 0.006196740 0.005781140 0.019488300 0.001226890 0.004590000 0.018446690 0.016179140 0.003391000 0.003612340 
18     0.005994350 0.005941440 0.007331610 0.001891880 0.013813760 0.004798690 0.010383190 0.004610380 0.014624150 0.007756060 0.004757810 0.001081180 0.000082840 0.004952700 0.005741540 0.001230210 0.004566410 0.006211880 0.007215490 0.006571970 0.006486200 0.009001400 0.004813180 0.000621370 0.001700160 0.000698030 0.002675500 0.000000000 0.000010040 0.004377220 0.000049310 0.000268320 0.004114290 0.004240700 0.000147060 0.003721230 0.003905870 0.004082360 0.002405490 0.000128080 0.007644360 0.012487010 0.000771280 0.007428150 0.010048960 0.012481660 0.002428960 0.000279940 0.018779580 0.010892410 0.002150560 
40     0.004592010 0.001221380 0.002219180 0.005934510 0.007941680 0.010303370 0.009827620 0.004600340 0.010336750 0.005495920 0.010839080 0.005734110 0.005782660 0.004942660 0.010016170 0.008634180 0.003852700 0.017819490 0.015336240 0.005033960 0.005236930 0.004251010 0.000619630 0.000611330 0.002225530 0.000687990 0.003960160 0.000010040 0.000000000 0.001586470 0.000039270 0.000258280 0.003845080 0.006212830 0.000137020 0.014246620 0.003895830 0.004072320 0.002251920 0.014350260 0.014521520 0.014456610 0.002252640 0.004151750 0.020736310 0.012502610 0.017895300 0.017236790 0.013549470 0.018173720 0.002140520 
33     0.003415610 0.003362700 0.010378030 0.003365810 0.011235020 0.019589450 0.007862730 0.000235980 0.011186580 0.004366290 0.006471900 0.009523640 0.003144720 0.000575480 0.003172070 0.017891740 0.004752790 0.022353600 0.011092840 0.011214760 0.009127470 0.011779260 0.002367180 0.002529330 0.003253350 0.004278680 0.004357060 0.004377220 0.001586470 0.000000000 0.003854740 0.001708930 0.003712550 0.000967970 0.002318270 0.013623130 0.001327130 0.001503620 0.005583330 0.000096840 0.010278120 0.004969930 0.003730810 0.004604110 0.017156080 0.001221060 0.005932090 0.013100560 0.016632120 0.012852610 0.000880860 
20     0.003600890 0.005894930 0.009432180 0.003977790 0.009114320 0.008342450 0.003577210 0.004563870 0.004555830 0.007689590 0.010802610 0.010872470 0.007475430 0.003082090 0.012840940 0.012598730 0.003529230 0.010730280 0.006281530 0.000540220 0.006216170 0.005921320 0.002350140 0.000292520 0.003464950 0.000727260 0.002191380 0.000049310 0.000039270 0.003854740 0.000000000 0.000221810 0.001640920 0.002551240 0.000036340 0.004623950 0.003859360 0.001762890 0.009523710 0.007167890 0.006605150 0.004290750 0.010777800 0.007381640 0.008977650 0.009140010 0.007738730 0.001171630 0.000495560 0.008735460 0.002104050 
47     0.006126210 0.006073300 0.005028800 0.006076410 0.008818790 0.007715230 0.004430820 0.004742240 0.004343170 0.006250220 0.008663640 0.006028780 0.007653800 0.005084560 0.002272820 0.011773590 0.004698270 0.006170750 0.008321540 0.003219470 0.006010490 0.006459740 0.002205990 0.000659130 0.001383150 0.000946270 0.005800220 0.000268320 0.000258280 0.001708930 0.000221810 0.000000000 0.001982190 0.001852560 0.000319560 0.011902750 0.004037730 0.004214220 0.003405200 0.005234080 0.006821360 0.007860720 0.006132120 0.006733970 0.004601640 0.002846210 0.002877550 0.001645870 0.008717510 0.009438350 0.002282420 
50     0.012416780 0.011821770 0.012738430 0.007474630 0.003353430 0.009346280 0.008681600 0.011966490 0.005965550 0.017393120 0.002252540 0.008690070 0.008802000 0.011770430 0.011001660 0.019780990 0.003158180 0.007349360 0.007606820 0.005024220 0.012768340 0.007565290 0.006555070 0.000497280 0.002705200 0.003252690 0.006396310 0.004114290 0.003845080 0.003712550 0.001640920 0.001982190 0.000000000 0.000070750 0.001247460 0.007545500 0.008202510 0.006448730 0.006966690 0.007326480 0.000329780 0.012228800 0.019995730 0.018277920 0.020234970 0.008978140 0.008578000 0.018834680 0.018521370 0.002673610 0.010183000 
24     0.014506400 0.012139490 0.013384590 0.005351740 0.011604210 0.010722580 0.009208220 0.012962210 0.006880900 0.018308470 0.006994530 0.006157570 0.005496150 0.012766150 0.011997380 0.019616680 0.004559200 0.002304120 0.004307280 0.002657680 0.001883410 0.000157960 0.006390760 0.005424550 0.004866010 0.005413500 0.001334930 0.004240700 0.006212830 0.000967970 0.002551240 0.001852560 0.000070750 0.000000000 0.002243180 0.014116950 0.004810160 0.003056380 0.012439070 0.011831800 0.012003060 0.012064490 0.018940090 0.005534590 0.009047520 0.009774060 0.008250450 0.021288450 0.018357060 0.002502920 0.011178720 
49     0.006045590 0.005992680 0.013008010 0.004133610 0.011090290 0.008406190 0.007647420 0.004661620 0.007410130 0.020008920 0.004821560 0.006078210 0.007554540 0.005003940 0.003988350 0.005519900 0.004617650 0.006101900 0.006359360 0.004353190 0.001164780 0.006317830 0.006217910 0.000221260 0.000945280 0.000825010 0.006453630 0.000147060 0.000137020 0.002318270 0.000036340 0.000319560 0.001247460 0.002243180 0.000000000 0.002026640 0.003957110 0.004133600 0.010195890 0.011476550 0.010806930 0.004762910 0.010875550 0.007479390 0.020299270 0.007730680 0.008246020 0.008196660 0.004736530 0.010571720 0.002201800 
42     0.009749090 0.010059550 0.004005630 0.005260880 0.015781280 0.006011280 0.001389660 0.010985160 0.007380990 0.007020070 0.009249550 0.004270100 0.004050730 0.002872310 0.003865090 0.002114620 0.003768880 0.005794680 0.010933190 0.010752670 0.008855910 0.010138010 0.000824920 0.007057580 0.008902590 0.007443060 0.005684230 0.003721230 0.014246620 0.013623130 0.004623950 0.011902750 0.007545500 0.014116950 0.002026640 0.000000000 0.002186840 0.000964010 0.000926430 0.015586040 0.010362370 0.000453570 0.012265980 0.011411700 0.010143530 0.007996810 0.001043740 0.008218490 0.008585850 0.006051540 0.001641800 
22     0.002944260 0.002891350 0.007089220 0.002894460 0.001675970 0.002343210 0.007272290 0.001560290 0.007356100 0.008799410 0.003650840 0.007221570 0.004471850 0.000942710 0.002193920 0.002242450 0.004281440 0.010184600 0.003411310 0.003297780 0.014326920 0.007838390 0.000706870 0.004507160 0.007400660 0.004583820 0.015076490 0.003905870 0.003895830 0.001327130 0.003859360 0.004037730 0.008202510 0.004810160 0.003957110 0.002186840 0.000000000 0.000000560 0.000082780 0.011980570 0.010832720 0.004949180 0.010538640 0.007142480 0.020074270 0.007505680 0.006070700 0.024789550 0.014053580 0.002511420 0.001589070 
31     0.003120750 0.003067840 0.010083170 0.003070950 0.010940160 0.008010930 0.005815150 0.001736780 0.002588360 0.010201650 0.006822030 0.004610550 0.004288460 0.002079100 0.003030610 0.003644690 0.004457930 0.007538600 0.002424730 0.003002030 0.011441100 0.006851810 0.001474580 0.001454830 0.006902740 0.004760310 0.015280250 0.004082360 0.004072320 0.001503620 0.001762890 0.004214220 0.006448730 0.003056380 0.004133600 0.000964010 0.000000560 0.000000000 0.000980020 0.004318080 0.003461820 0.001982360 0.008470060 0.007318970 0.019730920 0.007162330 0.007249820 0.018131510 0.010208500 0.004576860 0.002041200 
26     0.008814970 0.009966460 0.009815250 0.005012060 0.009697660 0.005135070 0.002939290 0.006630140 0.001888850 0.003990780 0.007752820 0.003181090 0.003329500 0.008977720 0.001760270 0.001808800 0.002346740 0.008997850 0.001882100 0.007312320 0.003800870 0.006732680 0.001875050 0.008581570 0.009032450 0.002936630 0.009408040 0.002405490 0.002251920 0.005583330 0.009523710 0.003405200 0.006966690 0.012439070 0.010195890 0.000926430 0.000082780 0.000980020 0.000000000 0.008531580 0.011718180 0.004928530 0.017613750 0.014217590 0.005825840 0.005659970 0.005491360 0.004975110 0.005867680 0.003644160 0.007523790 
32     0.008722780 0.009959160 0.008677460 0.006888190 0.019265180 0.008481420 0.001024750 0.007133840 0.004564250 0.006532040 0.011720080 0.004560640 0.004215260 0.017094210 0.001660650 0.009853860 0.002971700 0.020900180 0.014588320 0.013128270 0.014374570 0.008481940 0.005663720 0.005147200 0.003528040 0.004184980 0.009023060 0.000128080 0.014350260 0.000096840 0.007167890 0.005234080 0.007326480 0.011831800 0.011476550 0.015586040 0.011980570 0.004318080 0.008531580 0.000000000 0.000053380 0.001566470 0.002553640 0.003917990 0.001655670 0.001181080 0.001071060 0.002011980 0.011010230 0.008141020 0.010964310 
39     0.004596960 0.004654440 0.005059210 0.003919390 0.005678850 0.010919100 0.001196010 0.011890710 0.002236370 0.002940050 0.003158400 0.005414490 0.004329360 0.014194240 0.009976590 0.005694840 0.014091410 0.011225100 0.005656170 0.005851430 0.010673690 0.008986500 0.009983900 0.009335610 0.010515540 0.001884370 0.009825140 0.007644360 0.014521520 0.010278120 0.006605150 0.006821360 0.000329780 0.012003060 0.010806930 0.010362370 0.010832720 0.003461820 0.011718180 0.000053380 0.000000000 0.000035950 0.002513380 0.003919330 0.004557600 0.004441240 0.002654080 0.001053550 0.000349330 0.006212540 0.003389540 
35     0.001198540 0.005471950 0.005741570 0.007832220 0.006342830 0.008812280 0.001257440 0.013933630 0.002660570 0.001907230 0.005081080 0.008961130 0.009073060 0.015066510 0.010038020 0.007737760 0.009132760 0.007993640 0.004374270 0.006097700 0.009776700 0.008089510 0.006729930 0.008629920 0.006289830 0.004941980 0.009886570 0.012487010 0.014456610 0.004969930 0.004290750 0.007860720 0.012228800 0.012064490 0.004762910 0.000453570 0.004949180 0.001982360 0.004928530 0.001566470 0.000035950 0.000000000 0.002149450 0.002300700 0.003583720 0.005181250 0.001643820 0.004634070 0.004301910 0.005319900 0.008171680 
21     0.006949100 0.011936510 0.004806710 0.006781560 0.008633970 0.016491640 0.005300690 0.007450110 0.008957310 0.007375600 0.009789020 0.020415260 0.014154710 0.011585470 0.009189470 0.005721110 0.003267200 0.003117620 0.005366010 0.002636760 0.006231820 0.003898600 0.008035530 0.010988760 0.011581900 0.011502260 0.006196740 0.000771280 0.002252640 0.003730810 0.010777800 0.006132120 0.019995730 0.018940090 0.010875550 0.012265980 0.010538640 0.008470060 0.017613750 0.002553640 0.002513380 0.002149450 0.000000000 0.000033440 0.007865030 0.005782530 0.005313710 0.006629870 0.006778100 0.006431380 0.007091190 
37     0.005878590 0.009178050 0.005740040 0.007852140 0.008773360 0.017093490 0.006399690 0.006593920 0.009559160 0.007977450 0.010390870 0.002524200 0.001846270 0.008189310 0.007005120 0.006285950 0.001082850 0.004229340 0.005418870 0.002689620 0.006284680 0.003951460 0.007716030 0.007766000 0.008635060 0.008106100 0.005781140 0.007428150 0.004151750 0.004604110 0.007381640 0.006733970 0.018277920 0.005534590 0.007479390 0.011411700 0.007142480 0.007318970 0.014217590 0.003917990 0.003919330 0.002300700 0.000033440 0.000000000 0.004979650 0.003756700 0.003094330 0.004445520 0.004593750 0.005382450 0.004906840 
30     0.014040010 0.014074460 0.014442110 0.006487100 0.009011660 0.015455650 0.015862040 0.012104000 0.001046030 0.008424520 0.010837940 0.011643560 0.011446880 0.015340470 0.014444270 0.007247170 0.016560340 0.010976020 0.019358690 0.013948470 0.018797090 0.007424740 0.025882420 0.020969880 0.024298930 0.020291430 0.019488300 0.010048960 0.020736310 0.017156080 0.008977650 0.004601640 0.020234970 0.009047520 0.020299270 0.010143530 0.020074270 0.019730920 0.005825840 0.001655670 0.004557600 0.003583720 0.007865030 0.004979650 0.000000000 0.000284010 0.002343100 0.019948120 0.018454900 0.010405060 0.013191380 
23     0.007713420 0.013203340 0.013447000 0.003004680 0.011857790 0.002887060 0.004048720 0.003457130 0.001745490 0.006669090 0.009082510 0.003569610 0.003681540 0.003261070 0.003303720 0.004996560 0.003991750 0.001206890 0.006790100 0.007515380 0.012190630 0.006748570 0.007370720 0.005032010 0.006614150 0.005362920 0.001226890 0.012481660 0.012502610 0.001221060 0.009140010 0.002846210 0.008978140 0.009774060 0.007730680 0.007996810 0.007505680 0.007162330 0.005659970 0.001181080 0.004441240 0.005181250 0.005782530 0.003756700 0.000284010 0.000000000 0.000017160 0.008427470 0.008575700 0.008758650 0.003362200 
36     0.018217700 0.015916930 0.013650660 0.003520020 0.012373130 0.003402400 0.004564060 0.003623400 0.002260830 0.007261570 0.005906530 0.004084950 0.004196880 0.003776410 0.006392580 0.007782680 0.004507090 0.007047980 0.001182640 0.001974080 0.008112920 0.007263910 0.012081750 0.006639230 0.004822790 0.002371720 0.004590000 0.002428960 0.017895300 0.005932090 0.007738730 0.002877550 0.008578000 0.008250450 0.008246020 0.001043740 0.006070700 0.007249820 0.005491360 0.001071060 0.002654080 0.001643820 0.005313710 0.003094330 0.002343100 0.000017160 0.000000000 0.014132600 0.013807420 0.003842840 0.003877540 
41     0.009951050 0.009903490 0.011022460 0.004858430 0.002111420 0.012294630 0.006630080 0.006232300 0.009104770 0.012687710 0.007741300 0.015487290 0.016577620 0.021465100 0.010188400 0.019558530 0.004693290 0.008211500 0.002906370 0.008402280 0.010316620 0.009041290 0.012574230 0.008545190 0.011771020 0.009762730 0.018446690 0.000279940 0.017236790 0.013100560 0.001171630 0.001645870 0.018834680 0.021288450 0.008196660 0.008218490 0.024789550 0.018131510 0.004975110 0.002011980 0.001053550 0.004634070 0.006629870 0.004445520 0.019948120 0.008427470 0.014132600 0.000000000 0.000067790 0.000385120 0.001778920 
44     0.002627910 0.001562930 0.002936420 0.000800660 0.001814110 0.011997320 0.007689280 0.003852710 0.008804560 0.013001110 0.008491610 0.015800690 0.016891020 0.026206340 0.008532540 0.009241800 0.001340310 0.004200610 0.006599190 0.009751910 0.007369610 0.014545770 0.004717400 0.011107060 0.015144840 0.007415620 0.016179140 0.018779580 0.013549470 0.016632120 0.000495560 0.008717510 0.018521370 0.018357060 0.004736530 0.008585850 0.014053580 0.010208500 0.005867680 0.011010230 0.000349330 0.004301910 0.006778100 0.004593750 0.018454900 0.008575700 0.013807420 0.000067790 0.000000000 0.000317240 0.003360800 
43     0.016295570 0.010832110 0.016757820 0.012361100 0.011787770 0.012457940 0.011221700 0.009451360 0.011317630 0.009019510 0.003615770 0.009751830 0.006708250 0.003323590 0.001638570 0.018474580 0.002185080 0.006546650 0.006803500 0.007706190 0.013665910 0.012930790 0.005449100 0.010874210 0.017399610 0.015999300 0.003391000 0.010892410 0.018173720 0.012852610 0.008735460 0.009438350 0.002673610 0.002502920 0.010571720 0.006051540 0.002511420 0.004576860 0.003644160 0.008141020 0.006212540 0.005319900 0.006431380 0.005382450 0.010405060 0.008758650 0.003842840 0.000385120 0.000317240 0.000000000 0.009027050 
0     0.003953190 0.003900280 0.010915610 0.003903390 0.011772600 0.005685320 0.005444600 0.002569220 0.004640170 0.016101940 0.008807960 0.004774470 0.004886400 0.002911540 0.002357930 0.005377220 0.001611210 0.007737500 0.005730200 0.000742620 0.003449700 0.001746580 0.012699690 0.002751850 0.004084200 0.002828510 0.003612340 0.002150560 0.002140520 0.000880860 0.002104050 0.002282420 0.010183000 0.011178720 0.002201800 0.001641800 0.001589070 0.002041200 0.007523790 0.010964310 0.003389540 0.008171680 0.007091190 0.004906840 0.013191380 0.003362200 0.003877540 0.001778920 0.003360800 0.009027050 0.000000000 
