51
39     0.000000000 0.033932747 0.176342724 0.178072738 0.187663061 0.194379287 0.207661997 0.168451364 0.186160336 0.178082767 0.168247866 0.170148294 0.177255136 0.169711452 0.173717991 0.175475094 0.180697485 0.153807750 0.166162851 0.151146604 0.175368533 0.151893807 0.151109252 0.170650904 0.154238206 0.227726026 0.214032317 0.215820421 0.202441919 0.171102589 0.207394726 0.170367240 0.164096020 0.165816610 0.200014051 0.197342420 0.224934443 0.196972783 0.200992281 0.206599581 0.215639107 0.216012608 0.174142325 0.178255383 0.179658428 0.268162269 0.250019269 0.263427690 0.277284696 0.235544058 0.383797568 
30     0.033932747 0.000000000 0.172918787 0.174892410 0.184724173 0.191128403 0.204387496 0.165151976 0.182943227 0.174973168 0.164914453 0.166736903 0.173833079 0.166179868 0.170272350 0.172217172 0.177176388 0.150634133 0.163041305 0.147979986 0.172206735 0.148928430 0.148143671 0.167512917 0.151300009 0.223805741 0.210335050 0.212003724 0.198664972 0.167066308 0.203222096 0.166310668 0.160804937 0.162518341 0.196438204 0.193974267 0.221480694 0.193375281 0.197593441 0.203217356 0.212334142 0.212707643 0.170472040 0.174546577 0.175956882 0.264343665 0.246169917 0.259596275 0.273380463 0.231772962 0.380004535 
16     0.176342724 0.172918787 0.000000000 0.024482832 0.106780664 0.119103737 0.170588746 0.129986462 0.163813045 0.156714111 0.147859834 0.149628222 0.156571865 0.147590212 0.152411877 0.154068122 0.160061457 0.132292604 0.149189651 0.133750834 0.157696437 0.135504363 0.134741696 0.153746837 0.138037827 0.210209821 0.196022435 0.198181450 0.184194716 0.154670583 0.190139426 0.154053046 0.148351315 0.150391283 0.184942899 0.183009848 0.210153162 0.181401130 0.185868117 0.191099911 0.200535106 0.200912757 0.160238866 0.163573968 0.165350004 0.248922006 0.231679741 0.245085494 0.259039187 0.217672977 0.367787735 
19     0.178072738 0.174892410 0.024482832 0.000000000 0.109229623 0.121796451 0.172573462 0.132094297 0.165673465 0.158553361 0.149654656 0.150671295 0.157688102 0.149283123 0.154159705 0.155994475 0.161988008 0.134198053 0.151147088 0.135687372 0.159596519 0.137352390 0.136589723 0.155925590 0.139971644 0.212027540 0.197909404 0.199830764 0.185976360 0.156985483 0.192579010 0.156111063 0.149788309 0.151829431 0.186725995 0.184148891 0.211379913 0.182475684 0.186776974 0.192168576 0.202192099 0.202569749 0.162009311 0.165350576 0.167126613 0.250928987 0.233563217 0.247139248 0.260842630 0.219542207 0.369635258 
21     0.187663061 0.184724173 0.106780664 0.109229623 0.000000000 0.125847054 0.180594697 0.140728323 0.174864465 0.168086407 0.158537063 0.159551031 0.167019193 0.157913856 0.163257005 0.165353382 0.171090249 0.143060361 0.160944789 0.144632906 0.169230306 0.146884706 0.146147649 0.165380244 0.149296953 0.222878177 0.209016135 0.210243923 0.196399095 0.166590439 0.201419300 0.165391358 0.159137345 0.160978568 0.195774854 0.192643146 0.220259983 0.191780536 0.195944026 0.201341577 0.211035625 0.211421958 0.171691354 0.174982313 0.176777372 0.262887426 0.244655980 0.258260269 0.272710488 0.230343252 0.379859026 
25     0.194379287 0.191128403 0.119103737 0.121796451 0.125847054 0.000000000 0.187317791 0.147064620 0.182496547 0.174541545 0.164640993 0.165999972 0.173680102 0.164680176 0.170047894 0.171977260 0.177600227 0.149617101 0.166984323 0.151882444 0.175673955 0.153273640 0.152477748 0.171698987 0.155615079 0.228445703 0.215583780 0.216799843 0.203920480 0.172819030 0.208924851 0.172742498 0.166814213 0.168735729 0.202704651 0.201018696 0.228431319 0.199442282 0.203607897 0.209088213 0.219498070 0.219871571 0.178115230 0.181706187 0.183659684 0.269012279 0.251201196 0.264509459 0.279001239 0.235682619 0.387848467 
5     0.207661997 0.204387496 0.170588746 0.172573462 0.180594697 0.187317791 0.000000000 0.157613658 0.193725858 0.187046336 0.177935770 0.179710421 0.186539327 0.178434981 0.183177860 0.184709032 0.190561747 0.163236422 0.180578106 0.164581594 0.188893771 0.166007392 0.165237834 0.185703924 0.169074744 0.244134542 0.230402373 0.232308273 0.219315160 0.186850166 0.223376806 0.184521195 0.179784801 0.181072632 0.215928653 0.215523982 0.241712717 0.213249663 0.217859497 0.223104287 0.232275053 0.232648554 0.192654434 0.195746806 0.197293196 0.284594802 0.267710111 0.280925968 0.294502333 0.253136873 0.396530485 
17     0.168451364 0.165151976 0.129986462 0.132094297 0.140728323 0.147064620 0.157613658 0.000000000 0.155453485 0.148188998 0.138497128 0.140232205 0.147515800 0.138869760 0.144164438 0.145803437 0.151665461 0.123286454 0.141586309 0.125763336 0.149958529 0.127369179 0.126514112 0.146579701 0.129552266 0.203527020 0.189291343 0.191921020 0.178238954 0.147083323 0.183657125 0.146000255 0.141058261 0.142874927 0.176605875 0.173865547 0.200690481 0.173322891 0.177162520 0.182722016 0.193188197 0.193561698 0.153042800 0.156239131 0.158080577 0.245432331 0.228343861 0.241823700 0.255691366 0.212915553 0.357377479 
27     0.186160336 0.182943227 0.163813045 0.165673465 0.174864465 0.182496547 0.193725858 0.155453485 0.000000000 0.073800081 0.125655389 0.128337700 0.135704158 0.127236336 0.131180960 0.132750311 0.139236582 0.111657960 0.158516342 0.143581026 0.168091153 0.145419677 0.144730892 0.164425055 0.147278221 0.221928624 0.207685277 0.210310956 0.195816770 0.164869861 0.201798745 0.162887043 0.156930822 0.159072354 0.194242600 0.190234911 0.217257828 0.189382847 0.193229410 0.198879199 0.211043312 0.211416813 0.168329170 0.173274024 0.174506587 0.262068926 0.245942520 0.258230120 0.270890329 0.231173593 0.376527578 
10     0.178082767 0.174973168 0.156714111 0.158553361 0.168086407 0.174541545 0.187046336 0.148188998 0.073800081 0.000000000 0.118471001 0.120104006 0.127757057 0.119306242 0.123380289 0.125964928 0.132506638 0.103980375 0.150437195 0.135602985 0.160146393 0.136860039 0.136170154 0.156445395 0.139303613 0.214395738 0.199869620 0.202728672 0.188145293 0.157762582 0.194662710 0.155916670 0.150687498 0.152658643 0.187417354 0.182970701 0.209710453 0.181541045 0.185754817 0.191465683 0.203484460 0.203858148 0.161505760 0.165246903 0.167032612 0.254052613 0.238373896 0.250529471 0.263018892 0.223510406 0.367728178 
22     0.168247866 0.164914453 0.147859834 0.149654656 0.158537063 0.164640993 0.177935770 0.138497128 0.125655389 0.118471001 0.000000000 0.080126541 0.087654976 0.090679306 0.095679287 0.114252252 0.120822197 0.091935719 0.141593078 0.126317920 0.150247430 0.127495984 0.126764300 0.146745691 0.129134870 0.204824930 0.190550489 0.192647237 0.178157235 0.148725292 0.183971630 0.146593231 0.141776598 0.142937942 0.175536839 0.173906445 0.201061461 0.173043335 0.176366467 0.181971467 0.193080315 0.193450123 0.151918663 0.154182566 0.156941878 0.242203700 0.225203940 0.237525854 0.251454681 0.209970931 0.358658652 
44     0.170148294 0.166736903 0.149628222 0.150671295 0.159551031 0.165999972 0.179710421 0.140232205 0.128337700 0.120104006 0.080126541 0.000000000 0.061851488 0.092372306 0.097372245 0.114660154 0.120831938 0.093669004 0.143601108 0.128240740 0.152345586 0.129628850 0.128963253 0.148584118 0.131138273 0.207101109 0.192732695 0.194624890 0.180175499 0.150012399 0.185997083 0.148503912 0.142582644 0.144056761 0.177943826 0.174644796 0.201701465 0.173111170 0.177452795 0.183058537 0.195002737 0.195396491 0.153618270 0.156311964 0.158943588 0.244661595 0.227312883 0.239761811 0.254049103 0.213397830 0.362069098 
40     0.177255136 0.173833079 0.156571865 0.157688102 0.167019193 0.173680102 0.186539327 0.147515800 0.135704158 0.127757057 0.087654976 0.061851488 0.000000000 0.098634439 0.104429917 0.122381632 0.128680349 0.101204502 0.149660152 0.134248567 0.158271951 0.135496021 0.134899590 0.154590944 0.136821118 0.210762989 0.197575711 0.200155721 0.185576798 0.154268543 0.190615984 0.153180117 0.148096459 0.149237056 0.183865727 0.180778071 0.206813820 0.178476511 0.182814325 0.188372895 0.200588871 0.200962372 0.159375065 0.161924103 0.164505492 0.250742509 0.233128649 0.246231605 0.259650980 0.218372618 0.365479471 
36     0.169711452 0.166179868 0.147590212 0.149283123 0.157913856 0.164680176 0.178434981 0.138869760 0.127236336 0.119306242 0.090679306 0.092372306 0.098634439 0.000000000 0.048525924 0.116341268 0.122814152 0.093649529 0.142405634 0.127425146 0.152017520 0.128871390 0.128219533 0.147790455 0.130138952 0.206181874 0.192311795 0.195038543 0.181336097 0.149919906 0.185852399 0.148385010 0.142725853 0.144290923 0.177613429 0.177224809 0.204314322 0.175895237 0.180170864 0.185407417 0.194856499 0.195174632 0.153258264 0.156909666 0.159314998 0.246420637 0.228917434 0.241015318 0.254520996 0.213470925 0.360761249 
18     0.173717991 0.170272350 0.152411877 0.154159705 0.163257005 0.170047894 0.183177860 0.144164438 0.131180960 0.123380289 0.095679287 0.097372245 0.104429917 0.048525924 0.000000000 0.121010551 0.127633078 0.098905894 0.146933663 0.131975667 0.156516911 0.133504787 0.132704085 0.152758291 0.134930609 0.210270095 0.196630566 0.198791802 0.185425347 0.154011727 0.190691295 0.152371416 0.145579556 0.147138477 0.181126071 0.180080825 0.207807243 0.179162521 0.183503058 0.188926783 0.198259813 0.198608401 0.156861431 0.159788791 0.162267657 0.248804111 0.232350382 0.244725386 0.257221364 0.216693332 0.363234069 
11     0.175475094 0.172217172 0.154068122 0.155994475 0.165353382 0.171977260 0.184709032 0.145803437 0.132750311 0.125964928 0.114252252 0.114660154 0.122381632 0.116341268 0.121010551 0.000000000 0.044437495 0.072129980 0.148782502 0.133653779 0.158125454 0.135389605 0.134472627 0.153830621 0.136472461 0.212261652 0.197361042 0.200210616 0.185639039 0.154289611 0.191499882 0.153537635 0.147378986 0.148882721 0.179442624 0.179749548 0.207007800 0.178742897 0.182469830 0.188138104 0.198470824 0.198844325 0.157470005 0.161077359 0.162985362 0.252334844 0.235748554 0.247358463 0.262150337 0.220617464 0.366480211 
33     0.180697485 0.177176388 0.160061457 0.161988008 0.171090249 0.177600227 0.190561747 0.151665461 0.139236582 0.132506638 0.120822197 0.120831938 0.128680349 0.122814152 0.127633078 0.044437495 0.000000000 0.078216295 0.154392596 0.139206973 0.163826859 0.141047092 0.140313337 0.159347547 0.142026216 0.217504940 0.201985677 0.205715037 0.191144841 0.159509375 0.196700091 0.159010145 0.152607482 0.154251077 0.185036146 0.185054159 0.212457253 0.184287790 0.187860112 0.193481736 0.203612800 0.203986301 0.162891418 0.166551129 0.168412504 0.257665734 0.241011906 0.252684204 0.267480825 0.226251309 0.372004976 
31     0.153807750 0.150634133 0.132292604 0.134198053 0.143060361 0.149617101 0.163236422 0.123286454 0.111657960 0.103980375 0.091935719 0.093669004 0.101204502 0.093649529 0.098905894 0.072129980 0.078216295 0.000000000 0.127146626 0.111799306 0.136286253 0.113560378 0.112826623 0.132340161 0.114830944 0.190074064 0.176284692 0.178954264 0.164468592 0.133511649 0.170226629 0.132481536 0.126184737 0.127770977 0.159785946 0.158796850 0.186159707 0.157951626 0.161755907 0.167226303 0.178371287 0.178744788 0.135705272 0.139938054 0.141210306 0.230967108 0.214446599 0.226122773 0.239931080 0.199277500 0.344694607 
9     0.166162851 0.163041305 0.149189651 0.151147088 0.160944789 0.166984323 0.180578106 0.141586309 0.158516342 0.150437195 0.141593078 0.143601108 0.149660152 0.142405634 0.146933663 0.148782502 0.154392596 0.127146626 0.000000000 0.072628185 0.104042369 0.080264867 0.079468799 0.108881055 0.092191847 0.201143258 0.188433928 0.190802833 0.177361476 0.144961920 0.181710150 0.144343721 0.139325219 0.141150133 0.175046695 0.173031076 0.199242820 0.170946315 0.175347153 0.180741132 0.189907351 0.190306527 0.150338485 0.152916202 0.154216091 0.241846691 0.225342145 0.237691893 0.251474314 0.210039752 0.358675788 
43     0.151146604 0.147979986 0.133750834 0.135687372 0.144632906 0.151882444 0.164581594 0.125763336 0.143581026 0.135602985 0.126317920 0.128240740 0.134248567 0.127425146 0.131975667 0.133653779 0.139206973 0.111799306 0.072628185 0.000000000 0.088673849 0.065125096 0.064324482 0.093714368 0.077122244 0.186328832 0.172957463 0.175465017 0.162045688 0.129629796 0.166632621 0.129170530 0.124065633 0.126057591 0.159882561 0.157454409 0.183350440 0.155082946 0.159922276 0.165278043 0.175652356 0.176025857 0.135439266 0.138060470 0.139458842 0.226952694 0.210556573 0.223693773 0.236846896 0.195298513 0.342770013 
42     0.175368533 0.172206735 0.157696437 0.159596519 0.169230306 0.175673955 0.188893771 0.149958529 0.168091153 0.160146393 0.150247430 0.152345586 0.158271951 0.152017520 0.156516911 0.158125454 0.163826859 0.136286253 0.104042369 0.088673849 0.000000000 0.081201788 0.080455282 0.118723892 0.102254664 0.211622943 0.198652276 0.200984684 0.187503717 0.154771149 0.191660912 0.154480382 0.148694690 0.150527791 0.184262898 0.183285976 0.209253968 0.180723171 0.185632166 0.191268869 0.200157226 0.200530727 0.160221107 0.162855436 0.164280230 0.252510888 0.236049358 0.248651676 0.262394070 0.220703951 0.367477148 
8     0.151893807 0.148928430 0.135504363 0.137352390 0.146884706 0.153273640 0.166007392 0.127369179 0.145419677 0.136860039 0.127495984 0.129628850 0.135496021 0.128871390 0.133504787 0.135389605 0.141047092 0.113560378 0.080264867 0.065125096 0.081201788 0.000000000 0.018151678 0.094206613 0.077954688 0.186737220 0.174104263 0.175723477 0.162923294 0.130848203 0.167720002 0.130389060 0.125046910 0.127017551 0.160833989 0.159093738 0.184777708 0.156342127 0.161534961 0.167279267 0.175623429 0.175996930 0.135979222 0.138547641 0.140057259 0.229027858 0.212442138 0.225140815 0.238765457 0.196940911 0.343521836 
38     0.151109252 0.148143671 0.134741696 0.136589723 0.146147649 0.152477748 0.165237834 0.126514112 0.144730892 0.136170154 0.126764300 0.128963253 0.134899590 0.128219533 0.132704085 0.134472627 0.140313337 0.112826623 0.079468799 0.064324482 0.080455282 0.018151678 0.000000000 0.093385503 0.077169316 0.185936512 0.173178656 0.175144051 0.161922151 0.130253618 0.167214739 0.129783160 0.124146597 0.126118247 0.160237259 0.158426970 0.184318518 0.156253107 0.160727447 0.166432855 0.175339909 0.175713410 0.135113331 0.137913886 0.139423504 0.228170066 0.211588742 0.224294519 0.237906272 0.196081726 0.342928340 
34     0.170650904 0.167512917 0.153746837 0.155925590 0.165380244 0.171698987 0.185703924 0.146579701 0.164425055 0.156445395 0.146745691 0.148584118 0.154590944 0.147790455 0.152758291 0.153830621 0.159347547 0.132340161 0.108881055 0.093714368 0.118723892 0.094206613 0.093385503 0.000000000 0.061444515 0.205900575 0.194594143 0.197770727 0.183845274 0.150304126 0.186812559 0.149984028 0.144662857 0.146308292 0.180377922 0.178687882 0.205685761 0.177466484 0.181577224 0.186778142 0.196823151 0.197196652 0.156264635 0.158739347 0.160112191 0.249823581 0.231796122 0.245460116 0.259569979 0.217047176 0.364595266 
20     0.154238206 0.151300009 0.138037827 0.139971644 0.149296953 0.155615079 0.169074744 0.129552266 0.147278221 0.139303613 0.129134870 0.131138273 0.136821118 0.130138952 0.134930609 0.136472461 0.142026216 0.114830944 0.092191847 0.077122244 0.102254664 0.077954688 0.077169316 0.061444515 0.000000000 0.188505388 0.177496503 0.181376812 0.167260077 0.132973979 0.169116411 0.132493842 0.126633740 0.128267592 0.163468499 0.161634430 0.188846343 0.160965399 0.164444683 0.169398118 0.179800995 0.180174496 0.138857536 0.141376079 0.142830643 0.231446201 0.213762700 0.227649222 0.241775833 0.199472813 0.346895648 
41     0.227726026 0.223805741 0.210209821 0.212027540 0.222878177 0.228445703 0.244134542 0.203527020 0.221928624 0.214395738 0.204824930 0.207101109 0.210762989 0.206181874 0.210270095 0.212261652 0.217504940 0.190074064 0.201143258 0.186328832 0.211622943 0.186737220 0.185936512 0.205900575 0.188505388 0.000000000 0.209539381 0.212534851 0.197393121 0.169263483 0.206673725 0.168051432 0.168786269 0.170837231 0.210487085 0.209023793 0.235749599 0.208632167 0.212256563 0.218001717 0.226400738 0.226821610 0.186802659 0.189969211 0.191556047 0.276296008 0.258717611 0.272694262 0.286052118 0.243704816 0.384346059 
32     0.214032317 0.210335050 0.196022435 0.197909404 0.209016135 0.215583780 0.230402373 0.189291343 0.207685277 0.199869620 0.190550489 0.192732695 0.197575711 0.192311795 0.196630566 0.197361042 0.201985677 0.176284692 0.188433928 0.172957463 0.198652276 0.174104263 0.173178656 0.194594143 0.177496503 0.209539381 0.000000000 0.118845639 0.104901863 0.157285443 0.196168780 0.155865341 0.153652823 0.156089404 0.196852018 0.195741800 0.222605213 0.194186631 0.198833944 0.204518612 0.213621485 0.213991899 0.173418651 0.176385782 0.177649406 0.262791522 0.246470763 0.260064369 0.272976524 0.231791017 0.379496164 
14     0.215820421 0.212003724 0.198181450 0.199830764 0.210243923 0.216799843 0.232308273 0.191921020 0.210310956 0.202728672 0.192647237 0.194624890 0.200155721 0.195038543 0.198791802 0.200210616 0.205715037 0.178954264 0.190802833 0.175465017 0.200984684 0.175723477 0.175144051 0.197770727 0.181376812 0.212534851 0.118845639 0.000000000 0.086336134 0.159895189 0.198443116 0.158580100 0.156780932 0.159310187 0.198427044 0.197861252 0.223938349 0.195208240 0.199614023 0.205248409 0.217005002 0.217375417 0.176548094 0.179519820 0.181000799 0.264899427 0.249446998 0.262976484 0.274966508 0.234621878 0.381102405 
26     0.202441919 0.198664972 0.184194716 0.185976360 0.196399095 0.203920480 0.219315160 0.178238954 0.195816770 0.188145293 0.178157235 0.180175499 0.185576798 0.181336097 0.185425347 0.185639039 0.191144841 0.164468592 0.177361476 0.162045688 0.187503717 0.162923294 0.161922151 0.183845274 0.167260077 0.197393121 0.104901863 0.086336134 0.000000000 0.145351938 0.184776183 0.144826044 0.143015589 0.145516005 0.185611776 0.183923860 0.210606502 0.182363316 0.186603274 0.192544302 0.203236115 0.203606529 0.162094740 0.164852629 0.165986272 0.252904573 0.236678971 0.250348743 0.262963869 0.221910500 0.367331115 
13     0.171102589 0.167066308 0.154670583 0.156985483 0.166590439 0.172819030 0.186850166 0.147083323 0.164869861 0.157762582 0.148725292 0.150012399 0.154268543 0.149919906 0.154011727 0.154289611 0.159509375 0.133511649 0.144961920 0.129629796 0.154771149 0.130848203 0.130253618 0.150304126 0.132973979 0.169263483 0.157285443 0.159895189 0.145351938 0.000000000 0.095551034 0.070963507 0.111618350 0.113936055 0.153177407 0.152229596 0.178741968 0.151044790 0.154985971 0.161096313 0.170549489 0.170922990 0.129166257 0.132915052 0.134300144 0.222986915 0.204765195 0.218812322 0.232441673 0.189312278 0.335053949 
29     0.207394726 0.203222096 0.190139426 0.192579010 0.201419300 0.208924851 0.223376806 0.183657125 0.201798745 0.194662710 0.183971630 0.185997083 0.190615984 0.185852399 0.190691295 0.191499882 0.196700091 0.170226629 0.181710150 0.166632621 0.191660912 0.167720002 0.167214739 0.186812559 0.169116411 0.206673725 0.196168780 0.198443116 0.184776183 0.095551034 0.000000000 0.108958117 0.149575341 0.152003261 0.189462688 0.189494088 0.215974747 0.188235083 0.191951327 0.198369254 0.208418954 0.208738280 0.166946052 0.170617193 0.171721004 0.261324279 0.242717360 0.256381868 0.270817062 0.227813332 0.369179141 
28     0.170367240 0.166310668 0.154053046 0.156111063 0.165391358 0.172742498 0.184521195 0.146000255 0.162887043 0.155916670 0.146593231 0.148503912 0.153180117 0.148385010 0.152371416 0.153537635 0.159010145 0.132481536 0.144343721 0.129170530 0.154480382 0.130389060 0.129783160 0.149984028 0.132493842 0.168051432 0.155865341 0.158580100 0.144826044 0.070963507 0.108958117 0.000000000 0.109778041 0.112491994 0.152130471 0.151378308 0.177823309 0.149634636 0.154008155 0.160120322 0.170101654 0.170527402 0.128176840 0.131671774 0.133175532 0.222152330 0.204182813 0.217470240 0.231316610 0.187963617 0.335653363 
3     0.164096020 0.160804937 0.148351315 0.149788309 0.159137345 0.166814213 0.179784801 0.141058261 0.156930822 0.150687498 0.141776598 0.142582644 0.148096459 0.142725853 0.145579556 0.147378986 0.152607482 0.126184737 0.139325219 0.124065633 0.148694690 0.125046910 0.124146597 0.144662857 0.126633740 0.168786269 0.153652823 0.156780932 0.143015589 0.111618350 0.149575341 0.109778041 0.000000000 0.016306189 0.145768782 0.144092667 0.170642586 0.143425436 0.147215333 0.153021004 0.161788366 0.162169050 0.122284883 0.125388896 0.126232969 0.215137427 0.197936464 0.211401248 0.224188816 0.183233870 0.329283255 
4     0.165816610 0.162518341 0.150391283 0.151829431 0.160978568 0.168735729 0.181072632 0.142874927 0.159072354 0.152658643 0.142937942 0.144056761 0.149237056 0.144290923 0.147138477 0.148882721 0.154251077 0.127770977 0.141150133 0.126057591 0.150527791 0.127017551 0.126118247 0.146308292 0.128267592 0.170837231 0.156089404 0.159310187 0.145516005 0.113936055 0.152003261 0.112491994 0.016306189 0.000000000 0.147734607 0.145970986 0.172415549 0.145168097 0.149013799 0.154568214 0.164101435 0.164482119 0.124584868 0.127687986 0.128629176 0.217077816 0.199774093 0.213260862 0.225925448 0.184779271 0.331468777 
7     0.200014051 0.196438204 0.184942899 0.186725995 0.195774854 0.202704651 0.215928653 0.176605875 0.194242600 0.187417354 0.175536839 0.177943826 0.183865727 0.177613429 0.181126071 0.179442624 0.185036146 0.159785946 0.175046695 0.159882561 0.184262898 0.160833989 0.160237259 0.180377922 0.163468499 0.210487085 0.196852018 0.198427044 0.185611776 0.153177407 0.189462688 0.152130471 0.145768782 0.147734607 0.000000000 0.129137553 0.152890971 0.127166259 0.131023228 0.136294441 0.171094558 0.171488374 0.156056544 0.159250151 0.160263090 0.248634255 0.230685820 0.244684840 0.255737990 0.215735256 0.357402600 
1     0.197342420 0.193974267 0.183009848 0.184148891 0.192643146 0.201018696 0.215523982 0.173865547 0.190234911 0.182970701 0.173906445 0.174644796 0.180778071 0.177224809 0.180080825 0.179749548 0.185054159 0.158796850 0.173031076 0.157454409 0.183285976 0.159093738 0.158426970 0.178687882 0.161634430 0.209023793 0.195741800 0.197861252 0.183923860 0.152229596 0.189494088 0.151378308 0.144092667 0.145970986 0.129137553 0.000000000 0.073054059 0.049988684 0.057696695 0.063011443 0.169669467 0.170013319 0.156283020 0.159781362 0.160672962 0.245481707 0.226381187 0.240031947 0.253321635 0.212569497 0.360988369 
45     0.224934443 0.221480694 0.210153162 0.211379913 0.220259983 0.228431319 0.241712717 0.200690481 0.217257828 0.209710453 0.201061461 0.201701465 0.206813820 0.204314322 0.207807243 0.207007800 0.212457253 0.186159707 0.199242820 0.183350440 0.209253968 0.184777708 0.184318518 0.205685761 0.188846343 0.235749599 0.222605213 0.223938349 0.210606502 0.178741968 0.215974747 0.177823309 0.170642586 0.172415549 0.152890971 0.073054059 0.000000000 0.071872864 0.078740793 0.084316212 0.194233876 0.194543439 0.183273442 0.186652824 0.187350698 0.273429270 0.255568399 0.269780069 0.281674587 0.241014674 0.383914134 
15     0.196972783 0.193375281 0.181401130 0.182475684 0.191780536 0.199442282 0.213249663 0.173322891 0.189382847 0.181541045 0.173043335 0.173111170 0.178476511 0.175895237 0.179162521 0.178742897 0.184287790 0.157951626 0.170946315 0.155082946 0.180723171 0.156342127 0.156253107 0.177466484 0.160965399 0.208632167 0.194186631 0.195208240 0.182363316 0.151044790 0.188235083 0.149634636 0.143425436 0.145168097 0.127166259 0.049988684 0.071872864 0.000000000 0.056506394 0.061866028 0.168032859 0.168382901 0.155392353 0.158933079 0.159712560 0.246021155 0.227654418 0.241639430 0.254004521 0.214260905 0.359178163 
12     0.200992281 0.197593441 0.185868117 0.186776974 0.195944026 0.203607897 0.217859497 0.177162520 0.193229410 0.185754817 0.176366467 0.177452795 0.182814325 0.180170864 0.183503058 0.182469830 0.187860112 0.161755907 0.175347153 0.159922276 0.185632166 0.161534961 0.160727447 0.181577224 0.164444683 0.212256563 0.198833944 0.199614023 0.186603274 0.154985971 0.191951327 0.154008155 0.147215333 0.149013799 0.131023228 0.057696695 0.078740793 0.056506394 0.000000000 0.018960088 0.172428863 0.172794297 0.158743696 0.163050216 0.163960362 0.250559016 0.231932495 0.246014930 0.258791290 0.218034036 0.360955157 
35     0.206599581 0.203217356 0.191099911 0.192168576 0.201341577 0.209088213 0.223104287 0.182722016 0.198879199 0.191465683 0.181971467 0.183058537 0.188372895 0.185407417 0.188926783 0.188138104 0.193481736 0.167226303 0.180741132 0.165278043 0.191268869 0.167279267 0.166432855 0.186778142 0.169398118 0.218001717 0.204518612 0.205248409 0.192544302 0.161096313 0.198369254 0.160120322 0.153021004 0.154568214 0.136294441 0.063011443 0.084316212 0.061866028 0.018960088 0.000000000 0.177855526 0.178220959 0.164429635 0.168809799 0.169626419 0.256211453 0.237410673 0.251513816 0.263959462 0.223558471 0.366563391 
2     0.215639107 0.212334142 0.200535106 0.202192099 0.211035625 0.219498070 0.232275053 0.193188197 0.211043312 0.203484460 0.193080315 0.195002737 0.200588871 0.194856499 0.198259813 0.198470824 0.203612800 0.178371287 0.189907351 0.175652356 0.200157226 0.175623429 0.175339909 0.196823151 0.179800995 0.226400738 0.213621485 0.217005002 0.203236115 0.170549489 0.208418954 0.170101654 0.161788366 0.164101435 0.171094558 0.169669467 0.194233876 0.168032859 0.172428863 0.177855526 0.000000000 0.018812361 0.172820768 0.176636847 0.177820328 0.265639104 0.247855452 0.261330298 0.274034789 0.233355432 0.381025800 
6     0.216012608 0.212707643 0.200912757 0.202569749 0.211421958 0.219871571 0.232648554 0.193561698 0.211416813 0.203858148 0.193450123 0.195396491 0.200962372 0.195174632 0.198608401 0.198844325 0.203986301 0.178744788 0.190306527 0.176025857 0.200530727 0.175996930 0.175713410 0.197196652 0.180174496 0.226821610 0.213991899 0.217375417 0.203606529 0.170922990 0.208738280 0.170527402 0.162169050 0.164482119 0.171488374 0.170013319 0.194543439 0.168382901 0.172794297 0.178220959 0.018812361 0.000000000 0.173194199 0.177011654 0.178195135 0.266012605 0.248194468 0.261699505 0.274408290 0.233731494 0.381399301 
24     0.174142325 0.170472040 0.160238866 0.162009311 0.171691354 0.178115230 0.192654434 0.153042800 0.168329170 0.161505760 0.151918663 0.153618270 0.159375065 0.153258264 0.156861431 0.157470005 0.162891418 0.135705272 0.150338485 0.135439266 0.160221107 0.135979222 0.135113331 0.156264635 0.138857536 0.186802659 0.173418651 0.176548094 0.162094740 0.129166257 0.166946052 0.128176840 0.122284883 0.124584868 0.156056544 0.156283020 0.183273442 0.155392353 0.158743696 0.164429635 0.172820768 0.173194199 0.000000000 0.069215041 0.070088743 0.225048338 0.206845438 0.221143752 0.234665532 0.192992131 0.331735017 
23     0.178255383 0.174546577 0.163573968 0.165350576 0.174982313 0.181706187 0.195746806 0.156239131 0.173274024 0.165246903 0.154182566 0.156311964 0.161924103 0.156909666 0.159788791 0.161077359 0.166551129 0.139938054 0.152916202 0.138060470 0.162855436 0.138547641 0.137913886 0.158739347 0.141376079 0.189969211 0.176385782 0.179519820 0.164852629 0.132915052 0.170617193 0.131671774 0.125388896 0.127687986 0.159250151 0.159781362 0.186652824 0.158933079 0.163050216 0.168809799 0.176636847 0.177011654 0.069215041 0.000000000 0.024294160 0.229507937 0.211587920 0.224995117 0.238833365 0.196456232 0.337732005 
37     0.179658428 0.175956882 0.165350004 0.167126613 0.176777372 0.183659684 0.197293196 0.158080577 0.174506587 0.167032612 0.156941878 0.158943588 0.164505492 0.159314998 0.162267657 0.162985362 0.168412504 0.141210306 0.154216091 0.139458842 0.164280230 0.140057259 0.139423504 0.160112191 0.142830643 0.191556047 0.177649406 0.181000799 0.165986272 0.134300144 0.171721004 0.133175532 0.126232969 0.128629176 0.160263090 0.160672962 0.187350698 0.159712560 0.163960362 0.169626419 0.177820328 0.178195135 0.070088743 0.024294160 0.000000000 0.231438940 0.213485593 0.227241550 0.240867055 0.198802409 0.339202086 
46     0.268162269 0.264343665 0.248922006 0.250928987 0.262887426 0.269012279 0.284594802 0.245432331 0.262068926 0.254052613 0.242203700 0.244661595 0.250742509 0.246420637 0.248804111 0.252334844 0.257665734 0.230967108 0.241846691 0.226952694 0.252510888 0.229027858 0.228170066 0.249823581 0.231446201 0.276296008 0.262791522 0.264899427 0.252904573 0.222986915 0.261324279 0.222152330 0.215137427 0.217077816 0.248634255 0.245481707 0.273429270 0.246021155 0.250559016 0.256211453 0.265639104 0.266012605 0.225048338 0.229507937 0.231438940 0.000000000 0.077484991 0.094614430 0.112089554 0.128709744 0.426565866 
50     0.250019269 0.246169917 0.231679741 0.233563217 0.244655980 0.251201196 0.267710111 0.228343861 0.245942520 0.238373896 0.225203940 0.227312883 0.233128649 0.228917434 0.232350382 0.235748554 0.241011906 0.214446599 0.225342145 0.210556573 0.236049358 0.212442138 0.211588742 0.231796122 0.213762700 0.258717611 0.246470763 0.249446998 0.236678971 0.204765195 0.242717360 0.204182813 0.197936464 0.199774093 0.230685820 0.226381187 0.255568399 0.227654418 0.231932495 0.237410673 0.247855452 0.248194468 0.206845438 0.211587920 0.213485593 0.077484991 0.000000000 0.063451920 0.094709179 0.111257311 0.409650061 
48     0.263427690 0.259596275 0.245085494 0.247139248 0.258260269 0.264509459 0.280925968 0.241823700 0.258230120 0.250529471 0.237525854 0.239761811 0.246231605 0.241015318 0.244725386 0.247358463 0.252684204 0.226122773 0.237691893 0.223693773 0.248651676 0.225140815 0.224294519 0.245460116 0.227649222 0.272694262 0.260064369 0.262976484 0.250348743 0.218812322 0.256381868 0.217470240 0.211401248 0.213260862 0.244684840 0.240031947 0.269780069 0.241639430 0.246014930 0.251513816 0.261330298 0.261699505 0.221143752 0.224995117 0.227241550 0.094614430 0.063451920 0.000000000 0.110794000 0.128761998 0.423303020 
49     0.277284696 0.273380463 0.259039187 0.260842630 0.272710488 0.279001239 0.294502333 0.255691366 0.270890329 0.263018892 0.251454681 0.254049103 0.259650980 0.254520996 0.257221364 0.262150337 0.267480825 0.239931080 0.251474314 0.236846896 0.262394070 0.238765457 0.237906272 0.259569979 0.241775833 0.286052118 0.272976524 0.274966508 0.262963869 0.232441673 0.270817062 0.231316610 0.224188816 0.225925448 0.255737990 0.253321635 0.281674587 0.254004521 0.258791290 0.263959462 0.274034789 0.274408290 0.234665532 0.238833365 0.240867055 0.112089554 0.094709179 0.110794000 0.000000000 0.139161603 0.436858300 
47     0.235544058 0.231772962 0.217672977 0.219542207 0.230343252 0.235682619 0.253136873 0.212915553 0.231173593 0.223510406 0.209970931 0.213397830 0.218372618 0.213470925 0.216693332 0.220617464 0.226251309 0.199277500 0.210039752 0.195298513 0.220703951 0.196940911 0.196081726 0.217047176 0.199472813 0.243704816 0.231791017 0.234621878 0.221910500 0.189312278 0.227813332 0.187963617 0.183233870 0.184779271 0.215735256 0.212569497 0.241014674 0.214260905 0.218034036 0.223558471 0.233355432 0.233731494 0.192992131 0.196456232 0.198802409 0.128709744 0.111257311 0.128761998 0.139161603 0.000000000 0.393820161 
0     0.383797568 0.380004535 0.367787735 0.369635258 0.379859026 0.387848467 0.396530485 0.357377479 0.376527578 0.367728178 0.358658652 0.362069098 0.365479471 0.360761249 0.363234069 0.366480211 0.372004976 0.344694607 0.358675788 0.342770013 0.367477148 0.343521836 0.342928340 0.364595266 0.346895648 0.384346059 0.379496164 0.381102405 0.367331115 0.335053949 0.369179141 0.335653363 0.329283255 0.331468777 0.357402600 0.360988369 0.383914134 0.359178163 0.360955157 0.366563391 0.381025800 0.381399301 0.331735017 0.337732005 0.339202086 0.426565866 0.409650061 0.423303020 0.436858300 0.393820161 0.000000000 
