51
39     0.000000000 0.000115070 0.001633910 0.001608960 0.002472950 0.001646670 0.001825500 0.002891780 0.002018100 0.002040110 0.001531680 0.001847840 0.001575460 0.001810430 0.002018080 0.002005820 0.002005840 0.001801950 0.001892540 0.000593760 0.002615380 0.000470590 0.000689990 0.002444130 0.002405240 0.001717800 0.003612060 0.003099710 0.001977970 0.002524830 0.002129020 0.001734500 0.002539380 0.002530440 0.001764790 0.002323200 0.001095280 0.002329460 0.002273350 0.002253920 0.003332470 0.003291640 0.001950010 0.003098920 0.002974950 0.005117430 0.002969080 0.002941230 0.002817230 0.002230740 0.003425860 
30     0.000115070 0.000000000 0.002106280 0.002081330 0.000297210 0.002119040 0.001652050 0.001915590 0.002490470 0.002512480 0.002004050 0.002320210 0.002047830 0.002282800 0.002490450 0.001244100 0.002478210 0.002274320 0.002364910 0.000958440 0.003087750 0.002101730 0.001954690 0.003434090 0.002877610 0.002190170 0.004084430 0.003572080 0.002450340 0.002997200 0.002601390 0.001869530 0.003011750 0.001848580 0.002686720 0.002795570 0.001011310 0.002451520 0.002745720 0.002726290 0.003804840 0.003764010 0.002422380 0.003571290 0.003447320 0.005033460 0.003441450 0.003305910 0.003181910 0.002773340 0.003898230 
16     0.001633910 0.002106280 0.000000000 0.000043460 0.000168690 0.000158660 0.000581970 0.000661670 0.000775070 0.000797080 0.000288650 0.000604810 0.000332430 0.000567400 0.000775050 0.000762790 0.000762810 0.000558920 0.000684210 0.001179770 0.000298520 0.000421030 0.000449360 0.001753390 0.001196910 0.000675270 0.002569530 0.002057180 0.000935440 0.001482300 0.001086490 0.000691970 0.001295850 0.001286910 0.001171820 0.001280670 0.001917040 0.001286930 0.001230820 0.001211390 0.002289940 0.002249110 0.000907480 0.002056390 0.001932420 0.005607550 0.001926550 0.002055520 0.005621070 0.005957100 0.002383330 
19     0.001608960 0.002081330 0.000043460 0.000000000 0.000260680 0.000133710 0.000557020 0.000645440 0.000750120 0.000772130 0.000263700 0.000579860 0.000307480 0.000542450 0.000713310 0.000737840 0.000737860 0.000533970 0.000659260 0.001154820 0.000255060 0.000396080 0.000424410 0.001728440 0.001171960 0.000650320 0.002544580 0.002032230 0.000910490 0.001457350 0.001061540 0.000667020 0.001270900 0.001261960 0.001146870 0.001255720 0.001892090 0.001261980 0.001205870 0.001186440 0.002264990 0.002224160 0.000882530 0.002031440 0.001907470 0.005582600 0.001901600 0.002030570 0.005596120 0.005932150 0.002358380 
21     0.002472950 0.000297210 0.000168690 0.000260680 0.000000000 0.000002440 0.000749890 0.000904580 0.001614110 0.001636120 0.001127690 0.001443850 0.001171470 0.001406440 0.001614090 0.001601830 0.001601850 0.001397960 0.001523250 0.002018810 0.000514200 0.001260070 0.001288400 0.002592430 0.002035950 0.001514310 0.003408570 0.002896220 0.001774480 0.001781800 0.001925530 0.001531010 0.002134890 0.002125950 0.002010860 0.001229610 0.002756080 0.002125970 0.002069860 0.002050430 0.003128980 0.003088150 0.001746520 0.002895430 0.002771460 0.005946000 0.000643700 0.002894560 0.006460110 0.000969970 0.003222370 
25     0.001646670 0.002119040 0.000158660 0.000133710 0.000002440 0.000000000 0.000594730 0.000136080 0.000787830 0.000809840 0.000301410 0.000617570 0.000345190 0.000580160 0.000787810 0.000775550 0.000775570 0.000571680 0.000696970 0.001192530 0.001419810 0.000433790 0.000462120 0.001766150 0.001209670 0.000688030 0.002582290 0.002069940 0.000948200 0.001495060 0.001099250 0.000704730 0.001308610 0.001299670 0.001184580 0.001162860 0.001929800 0.001299690 0.001243580 0.001224150 0.001300310 0.001268710 0.000920240 0.002069150 0.001945180 0.005620310 0.001939310 0.002068280 0.003662470 0.004030060 0.002396090 
5     0.001825500 0.001652050 0.000581970 0.000557020 0.000749890 0.000594730 0.000000000 0.000388000 0.000966660 0.000988670 0.000480240 0.000796400 0.000524020 0.000758990 0.000966640 0.000954380 0.000954400 0.000750510 0.000875800 0.001371360 0.001598640 0.000612620 0.000427380 0.001944980 0.001388500 0.000866860 0.002761120 0.002248770 0.001127030 0.001673890 0.000959320 0.000883560 0.001418860 0.001409920 0.001363410 0.000154640 0.002108630 0.001478520 0.001422410 0.001402980 0.002481530 0.002440700 0.001099070 0.002247980 0.002124010 0.005799140 0.002118140 0.002247110 0.005812660 0.006148690 0.002574920 
17     0.002891780 0.001915590 0.000661670 0.000645440 0.000904580 0.000136080 0.000388000 0.000000000 0.002032940 0.002054950 0.001136040 0.001862680 0.001590300 0.001434720 0.002032920 0.002020660 0.002020680 0.001816790 0.001942080 0.002437640 0.000896420 0.001678900 0.000690920 0.003011260 0.002454780 0.001933140 0.003827400 0.003315050 0.002193310 0.001181920 0.002344360 0.001949840 0.000378800 0.000369860 0.002429690 0.002538540 0.003174910 0.002544800 0.002488690 0.002469260 0.003547810 0.003506980 0.002165350 0.003314260 0.003190290 0.004208380 0.002723320 0.002475370 0.003608450 0.002206440 0.001152960 
27     0.002018100 0.002490470 0.000775070 0.000750120 0.001614110 0.000787830 0.000966660 0.002032940 0.000000000 0.000000010 0.000666840 0.000983000 0.000710620 0.000083020 0.000793720 0.000709300 0.000709320 0.000505430 0.001068400 0.001563960 0.001791240 0.000805220 0.000833550 0.002137580 0.001581100 0.001059460 0.002953720 0.002441370 0.001319630 0.000975570 0.001470680 0.001076160 0.001680540 0.001671600 0.001556010 0.000409040 0.002301230 0.001543710 0.001615010 0.001595580 0.002674130 0.002633300 0.001291670 0.002440580 0.000714860 0.005991740 0.002310740 0.002439710 0.006005260 0.006341290 0.002767520 
10     0.002040110 0.002512480 0.000797080 0.000772130 0.001636120 0.000809840 0.000988670 0.002054950 0.000000010 0.000000000 0.000688850 0.001005010 0.000732630 0.000083030 0.001175250 0.000731310 0.000731330 0.000527440 0.001090410 0.001585970 0.001813250 0.000827230 0.000855560 0.002159590 0.001603110 0.001081470 0.002975730 0.002463380 0.001341640 0.001048390 0.001492690 0.001098170 0.001702550 0.001693610 0.001578020 0.001686870 0.002323240 0.001693130 0.001637020 0.001617590 0.002696140 0.002655310 0.001313680 0.002462590 0.002338620 0.006013750 0.000956230 0.002461720 0.006027270 0.000577560 0.002789530 
22     0.001531680 0.002004050 0.000288650 0.000263700 0.001127690 0.000301410 0.000480240 0.001136040 0.000666840 0.000688850 0.000000000 0.000423060 0.000150680 0.000419490 0.000627140 0.000654560 0.000654580 0.000450690 0.000581980 0.001077540 0.001304820 0.000318800 0.000347130 0.001651160 0.001094680 0.000573040 0.001658390 0.001954950 0.000833210 0.001380070 0.000984260 0.000589740 0.001194120 0.001185180 0.001069590 0.001178440 0.001814810 0.001184700 0.001128590 0.001109160 0.002187710 0.002146880 0.000805250 0.001954160 0.001830190 0.004645710 0.001824320 0.001953290 0.005518840 0.004670540 0.002281100 
44     0.001847840 0.002320210 0.000604810 0.000579860 0.001443850 0.000617570 0.000796400 0.001862680 0.000983000 0.001005010 0.000423060 0.000000000 0.000413080 0.000735650 0.000078860 0.000970720 0.000970740 0.000766850 0.000898140 0.001393700 0.001620980 0.000634960 0.000663290 0.001967320 0.001410840 0.000889200 0.002783460 0.002271110 0.001149370 0.000557880 0.001300420 0.000905900 0.001510280 0.001501340 0.001385750 0.001494600 0.002130970 0.001500860 0.001444750 0.001425320 0.002503870 0.002463040 0.001121410 0.002270320 0.002146350 0.004190820 0.002140480 0.002269450 0.005835000 0.003364350 0.002597260 
40     0.001575460 0.002047830 0.000332430 0.000307480 0.001171470 0.000345190 0.000524020 0.001590300 0.000710620 0.000732630 0.000150680 0.000413080 0.000000000 0.000463270 0.000670920 0.000378360 0.000698360 0.000494470 0.000625760 0.001121320 0.001348600 0.000362580 0.000390910 0.001694940 0.001138460 0.000616820 0.002511080 0.001998730 0.000876990 0.001423850 0.001028040 0.000633520 0.001237900 0.001228960 0.001113370 0.001222220 0.001858590 0.001228480 0.001172370 0.001152940 0.002231490 0.002190660 0.000849030 0.001997940 0.001873970 0.002389130 0.000440740 0.000857190 0.002739600 0.001725790 0.001150220 
36     0.001810430 0.002282800 0.000567400 0.000542450 0.001406440 0.000580160 0.000758990 0.001434720 0.000083020 0.000083030 0.000419490 0.000735650 0.000463270 0.000000000 0.000052170 0.000933310 0.000933330 0.000729440 0.000860730 0.001356290 0.000212600 0.000597550 0.000625880 0.001929910 0.001373430 0.000851790 0.002746050 0.002233700 0.001111960 0.001658820 0.001263010 0.000868490 0.001472870 0.001463930 0.001348340 0.000898580 0.002093560 0.001463450 0.001407340 0.001387910 0.002466460 0.002425630 0.001084000 0.002232910 0.002108940 0.001182100 0.002103070 0.002232040 0.005797590 0.001694690 0.002073350 
18     0.002018080 0.002490450 0.000775050 0.000713310 0.001614090 0.000787810 0.000966640 0.002032920 0.000793720 0.001175250 0.000627140 0.000078860 0.000670920 0.000052170 0.000000000 0.001140960 0.001140980 0.000937090 0.001068380 0.001563940 0.001791220 0.000805200 0.000833530 0.002137560 0.001497070 0.001059440 0.002953700 0.002441350 0.001319610 0.001866470 0.001470660 0.001076140 0.001680520 0.001671580 0.001555990 0.001664840 0.002301210 0.001671100 0.001614990 0.001595560 0.002674110 0.002633280 0.001291650 0.002288190 0.002316590 0.005991720 0.001192950 0.002439690 0.006005240 0.001567430 0.002498280 
11     0.002005820 0.001244100 0.000762790 0.000737840 0.001601830 0.000775550 0.000954380 0.002020660 0.000709300 0.000731310 0.000654560 0.000970720 0.000378360 0.000933310 0.001140960 0.000000000 0.000041140 0.000307150 0.001056120 0.001551680 0.001778960 0.000792940 0.000821270 0.002125300 0.001568820 0.001047180 0.002941440 0.002429090 0.001307350 0.001854210 0.001458400 0.001063880 0.001668260 0.001659320 0.001543730 0.001652580 0.002288950 0.001658840 0.001602730 0.001583300 0.002661850 0.002621020 0.001279390 0.002428300 0.002304330 0.005979460 0.002298460 0.002427430 0.005992980 0.005390040 0.002755240 
33     0.002005840 0.002478210 0.000762810 0.000737860 0.001601850 0.000775570 0.000954400 0.002020680 0.000709320 0.000731330 0.000654580 0.000970740 0.000698360 0.000933330 0.001140980 0.000041140 0.000000000 0.000307170 0.001056140 0.001551700 0.001778980 0.000792960 0.000821290 0.002125320 0.001568840 0.001047200 0.002941460 0.002429110 0.001307370 0.001854230 0.001458420 0.001063900 0.001668280 0.001659340 0.001543750 0.001652600 0.002288970 0.000899700 0.001602750 0.001583320 0.002661870 0.002621040 0.001279410 0.002428320 0.002304350 0.005979480 0.002298480 0.002427450 0.005993000 0.005944710 0.002755260 
31     0.001801950 0.002274320 0.000558920 0.000533970 0.001397960 0.000571680 0.000750510 0.001816790 0.000505430 0.000527440 0.000450690 0.000766850 0.000494470 0.000729440 0.000937090 0.000307150 0.000307170 0.000000000 0.000852250 0.001347810 0.001575090 0.000589070 0.000617400 0.001921430 0.001364950 0.000843310 0.002414940 0.002225220 0.001103480 0.001650340 0.001254530 0.000860010 0.001464390 0.001455450 0.001339860 0.000819490 0.002085080 0.001454970 0.001398860 0.001379430 0.002457980 0.002417150 0.001075520 0.002224430 0.002100460 0.004914460 0.002045120 0.002223560 0.005789110 0.004074490 0.002551370 
9     0.001892540 0.002364910 0.000684210 0.000659260 0.001523250 0.000696970 0.000875800 0.001942080 0.001068400 0.001090410 0.000581980 0.000898140 0.000625760 0.000860730 0.001068380 0.001056120 0.001056140 0.000852250 0.000000000 0.000737590 0.000019640 0.000145290 0.000066600 0.000531670 0.001268620 0.000933900 0.002828160 0.002315810 0.001194070 0.001740930 0.001345120 0.000950600 0.001589680 0.001580740 0.001430450 0.001000220 0.002175670 0.000574790 0.001489450 0.001470020 0.002548570 0.002507740 0.001166110 0.002315020 0.002191050 0.005866180 0.002185180 0.002314150 0.004838730 0.003764280 0.002641960 
43     0.000593760 0.000958440 0.001179770 0.001154820 0.002018810 0.001192530 0.001371360 0.002437640 0.001563960 0.001585970 0.001077540 0.001393700 0.001121320 0.001356290 0.001563940 0.001551680 0.001551700 0.001347810 0.000737590 0.000000000 0.000756970 0.000806050 0.000741630 0.001269000 0.001951100 0.000696220 0.002590480 0.002078130 0.000956390 0.000829430 0.000483520 0.000675900 0.002085240 0.002076300 0.001216230 0.001325080 0.001961450 0.001331340 0.001275230 0.001255800 0.002334350 0.001615070 0.000934630 0.002100800 0.001976830 0.005639340 0.001970960 0.002099930 0.003017230 0.005838690 0.002415120 
42     0.002615380 0.003087750 0.000298520 0.000255060 0.000514200 0.001419810 0.001598640 0.000896420 0.001791240 0.001813250 0.001304820 0.001620980 0.001348600 0.000212600 0.001791220 0.001778960 0.001778980 0.001575090 0.000019640 0.000756970 0.000000000 0.000158710 0.000080020 0.000544630 0.001968240 0.001656740 0.003551000 0.003038650 0.001916910 0.002463770 0.002067960 0.001673440 0.002312520 0.002303580 0.002153290 0.002262140 0.002898510 0.002268400 0.002212290 0.002192860 0.003271410 0.003230580 0.001888950 0.003037860 0.002913890 0.006589020 0.002908020 0.003036990 0.003866070 0.005286550 0.001850510 
8     0.000470590 0.002101730 0.000421030 0.000396080 0.001260070 0.000433790 0.000612620 0.001678900 0.000805220 0.000827230 0.000318800 0.000634960 0.000362580 0.000597550 0.000805200 0.000792940 0.000792960 0.000589070 0.000145290 0.000806050 0.000158710 0.000000000 0.000078710 0.000670740 0.001005440 0.000670720 0.002564980 0.001184810 0.000930890 0.001477750 0.001081940 0.000687420 0.001326500 0.001317560 0.001167270 0.000877000 0.001912490 0.001282380 0.001226270 0.001206840 0.002285390 0.002244560 0.000902930 0.002051840 0.001927870 0.005603000 0.001922000 0.002050970 0.003090030 0.002091380 0.002378780 
38     0.000689990 0.001954690 0.000449360 0.000424410 0.001288400 0.000462120 0.000427380 0.000690920 0.000833550 0.000855560 0.000347130 0.000663290 0.000390910 0.000625880 0.000833530 0.000821270 0.000821290 0.000617400 0.000066600 0.000741630 0.000080020 0.000078710 0.000000000 0.000592050 0.001033770 0.000699050 0.002593310 0.002080960 0.000959220 0.001506080 0.001110270 0.000715750 0.001354830 0.001345890 0.001195600 0.000997070 0.001940820 0.001310710 0.001254600 0.001235170 0.002313720 0.002272890 0.000931260 0.002080170 0.001956200 0.005631330 0.001950330 0.002079300 0.005575860 0.001389530 0.002407110 
34     0.002444130 0.003434090 0.001753390 0.001728440 0.002592430 0.001766150 0.001944980 0.003011260 0.002137580 0.002159590 0.001651160 0.001967320 0.001694940 0.001929910 0.002137560 0.002125300 0.002125320 0.001921430 0.000531670 0.001269000 0.000544630 0.000670740 0.000592050 0.000000000 0.000508730 0.002003080 0.003897340 0.003384990 0.002263250 0.002810110 0.002283830 0.002019780 0.002658860 0.002649920 0.002499630 0.002608480 0.003244850 0.002614740 0.002558630 0.002539200 0.003617750 0.003576920 0.002235290 0.003384200 0.003260230 0.006935360 0.003254360 0.003383330 0.006193420 0.005100720 0.003711140 
20     0.002405240 0.002877610 0.001196910 0.001171960 0.002035950 0.001209670 0.001388500 0.002454780 0.001581100 0.001603110 0.001094680 0.001410840 0.001138460 0.001373430 0.001497070 0.001568820 0.001568840 0.001364950 0.001268620 0.001951100 0.001968240 0.001005440 0.001033770 0.000508730 0.000000000 0.001446600 0.003340860 0.002828510 0.001706770 0.002253630 0.000349640 0.001463300 0.002102380 0.002093440 0.001652820 0.000773660 0.002688370 0.002058260 0.002002150 0.001982720 0.003061270 0.003020440 0.001678810 0.002827720 0.002703750 0.006378880 0.001728220 0.002826850 0.006392400 0.004702780 0.003154660 
41     0.001717800 0.002190170 0.000675270 0.000650320 0.001514310 0.000688030 0.000866860 0.001933140 0.001059460 0.001081470 0.000573040 0.000889200 0.000616820 0.000851790 0.001059440 0.001047180 0.001047200 0.000843310 0.000933900 0.000696220 0.001656740 0.000670720 0.000699050 0.002003080 0.001446600 0.000000000 0.001469440 0.001430570 0.000308830 0.000998750 0.000602940 0.000208420 0.001580740 0.001571800 0.000711730 0.000590940 0.001456950 0.000826840 0.000770730 0.000751300 0.001829850 0.001789020 0.000430130 0.001596300 0.001472330 0.005134840 0.001466460 0.001595430 0.002896280 0.004751760 0.001846340 
32     0.003612060 0.004084430 0.002569530 0.002544580 0.003408570 0.002582290 0.002761120 0.003827400 0.002953720 0.002975730 0.001658390 0.002783460 0.002511080 0.002746050 0.002953700 0.002941440 0.002941460 0.002414940 0.002828160 0.002590480 0.003551000 0.002564980 0.002593310 0.003897340 0.003340860 0.001469440 0.000000000 0.000883960 0.000000330 0.002893010 0.001569250 0.002102680 0.003475000 0.003466060 0.001795110 0.000906290 0.003351210 0.000841620 0.002664990 0.002645560 0.003724110 0.003683280 0.001052570 0.003047600 0.001642720 0.007029100 0.003360720 0.003489690 0.007042620 0.007378650 0.001233280 
14     0.003099710 0.003572080 0.002057180 0.002032230 0.002896220 0.002069940 0.002248770 0.003315050 0.002441370 0.002463380 0.001954950 0.002271110 0.001998730 0.002233700 0.002441350 0.002429090 0.002429110 0.002225220 0.002315810 0.002078130 0.003038650 0.001184810 0.002080960 0.003384990 0.002828510 0.001430570 0.000883960 0.000000000 0.000486750 0.002380660 0.001984850 0.001590330 0.002962650 0.002953710 0.002093640 0.002202490 0.002838860 0.002208750 0.002152640 0.002133210 0.003211760 0.003170930 0.000708210 0.002703240 0.001298360 0.006516750 0.002848370 0.002977340 0.006512090 0.006866300 0.000888920 
26     0.001977970 0.002450340 0.000935440 0.000910490 0.001774480 0.000948200 0.001127030 0.002193310 0.001319630 0.001341640 0.000833210 0.001149370 0.000876990 0.001111960 0.001319610 0.001307350 0.001307370 0.001103480 0.001194070 0.000956390 0.001916910 0.000930890 0.000959220 0.002263250 0.001706770 0.000308830 0.000000330 0.000486750 0.000000000 0.001258920 0.000863110 0.000468590 0.001840910 0.001831970 0.000971900 0.000271100 0.001717120 0.001087010 0.001030900 0.001011470 0.002090020 0.002049190 0.000690300 0.001856470 0.001732500 0.005395010 0.001726630 0.001855600 0.003463360 0.005744560 0.001375670 
13     0.002524830 0.002997200 0.001482300 0.001457350 0.001781800 0.001495060 0.001673890 0.001181920 0.000975570 0.001048390 0.001380070 0.000557880 0.001423850 0.001658820 0.001866470 0.001854210 0.001854230 0.001650340 0.001740930 0.000829430 0.002463770 0.001477750 0.001506080 0.002810110 0.002253630 0.000998750 0.002893010 0.002380660 0.001258920 0.000000000 0.000417640 0.000015600 0.002387770 0.002378830 0.001200870 0.001627610 0.002263980 0.000968590 0.001577760 0.001558330 0.002636880 0.002596050 0.001237160 0.001859490 0.002279360 0.002690900 0.002273490 0.002402460 0.005362860 0.002197490 0.002717650 
29     0.002129020 0.002601390 0.001086490 0.001061540 0.001925530 0.001099250 0.000959320 0.002344360 0.001470680 0.001492690 0.000984260 0.001300420 0.001028040 0.001263010 0.001470660 0.001458400 0.001458420 0.001254530 0.001345120 0.000483520 0.002067960 0.001081940 0.001110270 0.002283830 0.000349640 0.000602940 0.001569250 0.001984850 0.000863110 0.000417640 0.000000000 0.000582620 0.001991960 0.001983020 0.001122950 0.001231800 0.001868170 0.001238060 0.001181950 0.001162520 0.002241070 0.002200240 0.000841350 0.002007520 0.001883550 0.005546060 0.001877680 0.002006650 0.005559580 0.005895610 0.002321840 
28     0.001734500 0.001869530 0.000691970 0.000667020 0.001531010 0.000704730 0.000883560 0.001949840 0.001076160 0.001098170 0.000589740 0.000905900 0.000633520 0.000868490 0.001076140 0.001063880 0.001063900 0.000860010 0.000950600 0.000675900 0.001673440 0.000687420 0.000715750 0.002019780 0.001463300 0.000208420 0.002102680 0.001590330 0.000468590 0.000015600 0.000582620 0.000000000 0.001562870 0.001588500 0.000728430 0.000837280 0.001473650 0.000843540 0.000787430 0.000768000 0.001846550 0.001805720 0.000446830 0.001613000 0.001489030 0.005151540 0.001483160 0.001612130 0.005165060 0.000796490 0.001508540 
3     0.002539380 0.003011750 0.001295850 0.001270900 0.002134890 0.001308610 0.001418860 0.000378800 0.001680540 0.001702550 0.001194120 0.001510280 0.001237900 0.001472870 0.001680520 0.001668260 0.001668280 0.001464390 0.001589680 0.002085240 0.002312520 0.001326500 0.001354830 0.002658860 0.002102380 0.001580740 0.003475000 0.002962650 0.001840910 0.002387770 0.001991960 0.001562870 0.000000000 0.000003690 0.002077290 0.002066920 0.002822510 0.000174610 0.002136290 0.002116860 0.003195410 0.003154580 0.001812950 0.002961860 0.002837890 0.006339420 0.002832020 0.002960990 0.005596700 0.006376930 0.003288800 
4     0.002530440 0.001848580 0.001286910 0.001261960 0.002125950 0.001299670 0.001409920 0.000369860 0.001671600 0.001693610 0.001185180 0.001501340 0.001228960 0.001463930 0.001671580 0.001659320 0.001659340 0.001455450 0.001580740 0.002076300 0.002303580 0.001317560 0.001345890 0.002649920 0.002093440 0.001571800 0.003466060 0.002953710 0.001831970 0.002378830 0.001983020 0.001588500 0.000003690 0.000000000 0.002068350 0.002160420 0.002813570 0.002183460 0.002127350 0.002107920 0.003186470 0.003145640 0.001804010 0.002952920 0.002828950 0.006360670 0.002823080 0.002952050 0.005849170 0.006402270 0.003279860 
7     0.001764790 0.002686720 0.001171820 0.001146870 0.002010860 0.001184580 0.001363410 0.002429690 0.001556010 0.001578020 0.001069590 0.001385750 0.001113370 0.001348340 0.001555990 0.001543730 0.001543750 0.001339860 0.001430450 0.001216230 0.002153290 0.001167270 0.001195600 0.002499630 0.001652820 0.000711730 0.001795110 0.002093640 0.000971900 0.001200870 0.001122950 0.000728430 0.002077290 0.002068350 0.000000000 0.000115150 0.000424750 0.000055400 0.000065300 0.000045870 0.000045270 0.001820270 0.000943940 0.002067350 0.000183480 0.000607630 0.000565740 0.000025150 0.004522230 0.001667190 0.002419790 
1     0.002323200 0.002795570 0.001280670 0.001255720 0.001229610 0.001162860 0.000154640 0.002538540 0.000409040 0.001686870 0.001178440 0.001494600 0.001222220 0.000898580 0.001664840 0.001652580 0.001652600 0.000819490 0.001000220 0.001325080 0.002262140 0.000877000 0.000997070 0.002608480 0.000773660 0.000590940 0.000906290 0.002202490 0.000271100 0.001627610 0.001231800 0.000837280 0.002066920 0.002160420 0.000115150 0.000000000 0.000830870 0.000008580 0.000144650 0.000125220 0.000316720 0.002368920 0.001052790 0.000561580 0.000712160 0.001197510 0.000553130 0.002175330 0.004828550 0.002933480 0.002528640 
45     0.001095280 0.001011310 0.001917040 0.001892090 0.002756080 0.001929800 0.002108630 0.003174910 0.002301230 0.002323240 0.001814810 0.002130970 0.001858590 0.002093560 0.002301210 0.002288950 0.002288970 0.002085080 0.002175670 0.001961450 0.002898510 0.001912490 0.001940820 0.003244850 0.002688370 0.001456950 0.003351210 0.002838860 0.001717120 0.002263980 0.001868170 0.001473650 0.002822510 0.002813570 0.000424750 0.000830870 0.000000000 0.000022330 0.000727060 0.000465950 0.000470020 0.002245020 0.001689160 0.002812570 0.002688600 0.000942960 0.000940230 0.002811700 0.004362380 0.005989870 0.003165010 
15     0.002329460 0.002451520 0.001286930 0.001261980 0.002125970 0.001299690 0.001478520 0.002544800 0.001543710 0.001693130 0.001184700 0.001500860 0.001228480 0.001463450 0.001671100 0.001658840 0.000899700 0.001454970 0.000574790 0.001331340 0.002268400 0.001282380 0.001310710 0.002614740 0.002058260 0.000826840 0.000841620 0.002208750 0.001087010 0.000968590 0.001238060 0.000843540 0.000174610 0.002183460 0.000055400 0.000008580 0.000022330 0.000000000 0.000150910 0.000131480 0.000492350 0.002267350 0.001059050 0.002182460 0.002058490 0.000965290 0.000962560 0.002181590 0.003393090 0.004087850 0.002534900 
12     0.002273350 0.002745720 0.001230820 0.001205870 0.002069860 0.001243580 0.001422410 0.002488690 0.001615010 0.001637020 0.001128590 0.001444750 0.001172370 0.001407340 0.001614990 0.001602730 0.001602750 0.001398860 0.001489450 0.001275230 0.002212290 0.001226270 0.001254600 0.002558630 0.002002150 0.000770730 0.002664990 0.002152640 0.001030900 0.001577760 0.001181950 0.000787430 0.002136290 0.002127350 0.000065300 0.000144650 0.000727060 0.000150910 0.000000000 0.000049770 0.001308730 0.002319070 0.001002940 0.002126350 0.002002380 0.001781670 0.001778940 0.000225710 0.002103030 0.005124790 0.002478790 
35     0.002253920 0.002726290 0.001211390 0.001186440 0.002050430 0.001224150 0.001402980 0.002469260 0.001595580 0.001617590 0.001109160 0.001425320 0.001152940 0.001387910 0.001595560 0.001583300 0.001583320 0.001379430 0.001470020 0.001255800 0.002192860 0.001206840 0.001235170 0.002539200 0.001982720 0.000751300 0.002645560 0.002133210 0.001011470 0.001558330 0.001162520 0.000768000 0.002116860 0.002107920 0.000045870 0.000125220 0.000465950 0.000131480 0.000049770 0.000000000 0.001245760 0.002299640 0.000983510 0.002106920 0.001982950 0.001718700 0.000924800 0.002106050 0.005545340 0.005546030 0.002459360 
2     0.003332470 0.003804840 0.002289940 0.002264990 0.003128980 0.001300310 0.002481530 0.003547810 0.002674130 0.002696140 0.002187710 0.002503870 0.002231490 0.002466460 0.002674110 0.002661850 0.002661870 0.002457980 0.002548570 0.002334350 0.003271410 0.002285390 0.002313720 0.003617750 0.003061270 0.001829850 0.003724110 0.003211760 0.002090020 0.002636880 0.002241070 0.001846550 0.003195410 0.003186470 0.000045270 0.000316720 0.000470020 0.000492350 0.001308730 0.001245760 0.000000000 0.000027170 0.002062060 0.000761650 0.000637680 0.000652900 0.000631810 0.000760780 0.006143960 0.002870040 0.003537910 
6     0.003291640 0.003764010 0.002249110 0.002224160 0.003088150 0.001268710 0.002440700 0.003506980 0.002633300 0.002655310 0.002146880 0.002463040 0.002190660 0.002425630 0.002633280 0.002621020 0.002621040 0.002417150 0.002507740 0.001615070 0.003230580 0.002244560 0.002272890 0.003576920 0.003020440 0.001789020 0.003683280 0.003170930 0.002049190 0.002596050 0.002200240 0.001805720 0.003154580 0.003145640 0.001820270 0.002368920 0.002245020 0.002267350 0.002319070 0.002299640 0.000027170 0.000000000 0.002021230 0.000720820 0.000596850 0.002427900 0.000590980 0.000719950 0.006734820 0.007070850 0.003497080 
24     0.001950010 0.002422380 0.000907480 0.000882530 0.001746520 0.000920240 0.001099070 0.002165350 0.001291670 0.001313680 0.000805250 0.001121410 0.000849030 0.001084000 0.001291650 0.001279390 0.001279410 0.001075520 0.001166110 0.000934630 0.001888950 0.000902930 0.000931260 0.002235290 0.001678810 0.000430130 0.001052570 0.000708210 0.000690300 0.001237160 0.000841350 0.000446830 0.001812950 0.001804010 0.000943940 0.001052790 0.001689160 0.001059050 0.001002940 0.000983510 0.002062060 0.002021230 0.000000000 0.001351810 0.000626990 0.003901480 0.001698670 0.001827640 0.005380570 0.004842710 0.000412530 
23     0.003098920 0.003571290 0.002056390 0.002031440 0.002895430 0.002069150 0.002247980 0.003314260 0.002440580 0.002462590 0.001954160 0.002270320 0.001997940 0.002232910 0.002288190 0.002428300 0.002428320 0.002224430 0.002315020 0.002100800 0.003037860 0.002051840 0.002080170 0.003384200 0.002827720 0.001596300 0.003047600 0.002703240 0.001856470 0.001859490 0.002007520 0.001613000 0.002961860 0.002952920 0.002067350 0.000561580 0.002812570 0.002182460 0.002126350 0.002106920 0.000761650 0.000720820 0.001351810 0.000000000 0.000105230 0.000990350 0.000389040 0.000518010 0.004300630 0.001424460 0.002407560 
37     0.002974950 0.003447320 0.001932420 0.001907470 0.002771460 0.001945180 0.002124010 0.003190290 0.000714860 0.002338620 0.001830190 0.002146350 0.001873970 0.002108940 0.002316590 0.002304330 0.002304350 0.002100460 0.002191050 0.001976830 0.002913890 0.001927870 0.001956200 0.003260230 0.002703750 0.001472330 0.001642720 0.001298360 0.001732500 0.002279360 0.001883550 0.001489030 0.002837890 0.002828950 0.000183480 0.000712160 0.002688600 0.002058490 0.002002380 0.001982950 0.000637680 0.000596850 0.000626990 0.000105230 0.000000000 0.001140930 0.000265070 0.000394040 0.004444030 0.001591920 0.001002680 
46     0.005117430 0.005033460 0.005607550 0.005582600 0.005946000 0.005620310 0.005799140 0.004208380 0.005991740 0.006013750 0.004645710 0.004190820 0.002389130 0.001182100 0.005991720 0.005979460 0.005979480 0.004914460 0.005866180 0.005639340 0.006589020 0.005603000 0.005631330 0.006935360 0.006378880 0.005134840 0.007029100 0.006516750 0.005395010 0.002690900 0.005546060 0.005151540 0.006339420 0.006360670 0.000607630 0.001197510 0.000942960 0.000965290 0.001781670 0.001718700 0.000652900 0.002427900 0.003901480 0.000990350 0.001140930 0.000000000 0.000002730 0.002046310 0.000385080 0.000957270 0.006837560 
50     0.002969080 0.003441450 0.001926550 0.001901600 0.000643700 0.001939310 0.002118140 0.002723320 0.002310740 0.000956230 0.001824320 0.002140480 0.000440740 0.002103070 0.001192950 0.002298460 0.002298480 0.002045120 0.002185180 0.001970960 0.002908020 0.001922000 0.001950330 0.003254360 0.001728220 0.001466460 0.003360720 0.002848370 0.001726630 0.002273490 0.001877680 0.001483160 0.002832020 0.002823080 0.000565740 0.000553130 0.000940230 0.000962560 0.001778940 0.000924800 0.000631810 0.000590980 0.001698670 0.000389040 0.000265070 0.000002730 0.000000000 0.000050340 0.000570820 0.002199540 0.001787220 
48     0.002941230 0.003305910 0.002055520 0.002030570 0.002894560 0.002068280 0.002247110 0.002475370 0.002439710 0.002461720 0.001953290 0.002269450 0.000857190 0.002232040 0.002439690 0.002427430 0.002427450 0.002223560 0.002314150 0.002099930 0.003036990 0.002050970 0.002079300 0.003383330 0.002826850 0.001595430 0.003489690 0.002977340 0.001855600 0.002402460 0.002006650 0.001612130 0.002960990 0.002952050 0.000025150 0.002175330 0.002811700 0.002181590 0.000225710 0.002106050 0.000760780 0.000719950 0.001827640 0.000518010 0.000394040 0.002046310 0.000050340 0.000000000 0.000676160 0.001951590 0.003303490 
49     0.002817230 0.003181910 0.005621070 0.005596120 0.006460110 0.003662470 0.005812660 0.003608450 0.006005260 0.006027270 0.005518840 0.005835000 0.002739600 0.005797590 0.006005240 0.005992980 0.005993000 0.005789110 0.004838730 0.003017230 0.003866070 0.003090030 0.005575860 0.006193420 0.006392400 0.002896280 0.007042620 0.006512090 0.003463360 0.005362860 0.005559580 0.005165060 0.005596700 0.005849170 0.004522230 0.004828550 0.004362380 0.003393090 0.002103030 0.005545340 0.006143960 0.006734820 0.005380570 0.004300630 0.004444030 0.000385080 0.000570820 0.000676160 0.000000000 0.000970790 0.006851080 
47     0.002230740 0.002773340 0.005957100 0.005932150 0.000969970 0.004030060 0.006148690 0.002206440 0.006341290 0.000577560 0.004670540 0.003364350 0.001725790 0.001694690 0.001567430 0.005390040 0.005944710 0.004074490 0.003764280 0.005838690 0.005286550 0.002091380 0.001389530 0.005100720 0.004702780 0.004751760 0.007378650 0.006866300 0.005744560 0.002197490 0.005895610 0.000796490 0.006376930 0.006402270 0.001667190 0.002933480 0.005989870 0.004087850 0.005124790 0.005546030 0.002870040 0.007070850 0.004842710 0.001424460 0.001591920 0.000957270 0.002199540 0.001951590 0.000970790 0.000000000 0.007187110 
0     0.003425860 0.003898230 0.002383330 0.002358380 0.003222370 0.002396090 0.002574920 0.001152960 0.002767520 0.002789530 0.002281100 0.002597260 0.001150220 0.002073350 0.002498280 0.002755240 0.002755260 0.002551370 0.002641960 0.002415120 0.001850510 0.002378780 0.002407110 0.003711140 0.003154660 0.001846340 0.001233280 0.000888920 0.001375670 0.002717650 0.002321840 0.001508540 0.003288800 0.003279860 0.002419790 0.002528640 0.003165010 0.002534900 0.002478790 0.002459360 0.003537910 0.003497080 0.000412530 0.002407560 0.001002680 0.006837560 0.001787220 0.003303490 0.006851080 0.007187110 0.000000000 
