51
16     0.000000000 0.122000158 0.337257997 0.572853348 0.544426873 0.613751483 1.341832289 0.533038823 0.514034513 0.804858079 0.815719628 0.833833892 0.787060612 0.903931735 0.885581174 0.861766837 0.761482953 0.782057688 0.924282260 0.888430916 0.890740525 0.848078139 0.890244980 0.961719653 1.039425175 1.053481909 1.053485789 0.981683577 1.037680338 1.087343426 1.299640454 1.296265917 0.928023681 0.846215421 0.787490220 0.799312790 0.728491995 0.856674970 0.859626736 0.834700699 0.841717664 0.817184969 0.932286593 0.927441114 0.953297666 0.855854550 0.826792091 1.096214085 0.887209389 1.073867647 1.474438925 
9     0.122000158 0.000000000 0.352128226 0.589815637 0.561906384 0.631437100 1.361163365 0.551802375 0.532703496 0.824842185 0.837687514 0.855801778 0.808857707 0.925451884 0.907131747 0.883314334 0.783030450 0.803605185 0.945145867 0.909307300 0.911629133 0.869789704 0.910598316 0.982020758 1.058364045 1.074418050 1.074421930 1.001950178 1.058690976 1.107763110 1.319411512 1.316010496 0.947267182 0.865812237 0.807030555 0.818853125 0.747318618 0.877593768 0.881036967 0.855478223 0.862320321 0.837775299 0.952380030 0.946907488 0.973037018 0.875267371 0.848550367 1.118167157 0.908206089 1.095312956 1.494776062 
43     0.337257997 0.352128226 0.000000000 0.567787377 0.539986240 0.609050392 1.335553001 0.527678025 0.506509290 0.798952606 0.810753133 0.829854619 0.780367869 0.901786598 0.883841327 0.858431133 0.762175382 0.783176321 0.919467493 0.885061020 0.885550667 0.847013326 0.885836797 0.956348208 1.031663190 1.047917789 1.048583358 0.977117061 1.034290064 1.084720930 1.290448774 1.286821743 0.927300486 0.844019316 0.785981642 0.797850530 0.726246681 0.852201609 0.858316491 0.829909326 0.833992145 0.813701367 0.925199378 0.919501966 0.945034471 0.849236217 0.818909662 1.089231701 0.878595345 1.065984397 1.470862234 
17     0.572853348 0.589815637 0.567787377 0.000000000 0.224685628 0.355155783 1.365343904 0.576070657 0.555041486 0.847014797 0.860569137 0.879443836 0.835175295 0.955166337 0.936930407 0.908299971 0.809399172 0.829235858 0.971839093 0.936061441 0.941614177 0.893412602 0.930312405 1.003233363 1.075992401 1.089954183 1.091570249 1.022417713 1.081375560 1.131727448 1.345754567 1.342369454 0.980374481 0.895937414 0.837979239 0.849796872 0.777565870 0.908784653 0.913163238 0.884607445 0.887362093 0.865823446 0.976030868 0.972299870 0.995089241 0.901054164 0.880679914 1.144995911 0.938429970 1.123158588 1.517204995 
40     0.544426873 0.561906384 0.539986240 0.224685628 0.000000000 0.326451766 1.346729008 0.548572870 0.529859742 0.817850107 0.831705912 0.850589051 0.807482018 0.925807815 0.907731436 0.881211705 0.783871804 0.803749829 0.940838086 0.907905632 0.912270305 0.862155607 0.899437118 0.971670507 1.047256551 1.061563927 1.062765079 0.992109793 1.050138865 1.104945671 1.321060050 1.317765113 0.955377005 0.873178275 0.811092226 0.822882460 0.751380560 0.877145568 0.882010866 0.852858094 0.856678069 0.835829305 0.951028821 0.945391633 0.968622561 0.875168625 0.847146719 1.115366569 0.907283237 1.089893010 1.486738060 
20     0.613751483 0.631437100 0.609050392 0.355155783 0.326451766 0.000000000 1.419548477 0.616887826 0.595416162 0.889760639 0.896794702 0.915193257 0.872911613 0.993943357 0.975288271 0.948244761 0.849943958 0.869682419 1.005700234 0.971812087 0.975569491 0.925249490 0.962430449 1.033531993 1.108362370 1.123772479 1.124973631 1.056617446 1.112868298 1.162699664 1.378665725 1.375053918 1.014058183 0.930278798 0.873218066 0.884910825 0.811594451 0.942536497 0.947630594 0.918393401 0.920204754 0.898124843 1.013457766 1.008894797 1.032066113 0.938818945 0.914427668 1.179086769 0.972602975 1.156454763 1.554461186 
19     1.341832289 1.361163365 1.335553001 1.365343904 1.346729008 1.419548477 0.000000000 1.316019970 1.294219892 1.587024914 1.602765702 1.617205318 1.570325619 1.689941322 1.669877129 1.651215179 1.550466218 1.574414160 1.711862254 1.676521800 1.683098116 1.632957333 1.676530289 1.747632685 1.832410782 1.842835167 1.843931376 1.770283239 1.831542032 1.878187268 2.088108400 2.081826889 1.713216872 1.626647179 1.574158372 1.585905734 1.508719452 1.641850863 1.642936750 1.620428336 1.623203679 1.597762064 1.703258611 1.709655317 1.730824522 1.634643341 1.616160841 1.887289780 1.669977712 1.864312939 2.254458621 
37     0.533038823 0.551802375 0.527678025 0.576070657 0.548572870 0.616887826 1.316019970 0.000000000 0.197378613 0.726541287 0.734694141 0.753647980 0.705627095 0.826133766 0.808522645 0.780399697 0.683391743 0.703372399 0.845222049 0.810512384 0.808191495 0.775314328 0.814880949 0.886691105 0.961447202 0.975697535 0.975861783 0.906185715 0.963093289 1.015187326 1.228612126 1.224186671 0.856380443 0.773512204 0.717284138 0.729187754 0.663443422 0.784372732 0.789119855 0.761990739 0.766270779 0.743063374 0.859278365 0.853761026 0.878768862 0.780870385 0.748889825 1.016101375 0.800028366 0.993390226 1.377537723 
32     0.514034513 0.532703496 0.506509290 0.555041486 0.529859742 0.595416162 1.294219892 0.197378613 0.000000000 0.709141640 0.713928070 0.733540933 0.684376890 0.806151459 0.789891494 0.758697233 0.661178141 0.681681918 0.824270590 0.787878031 0.789975806 0.757143796 0.794534604 0.867711200 0.942983803 0.957804993 0.958414406 0.888370095 0.944682471 0.997756148 1.205286008 1.200964799 0.831093348 0.748769077 0.693142860 0.705046476 0.634578973 0.761217747 0.765833994 0.739136474 0.744197188 0.720260415 0.839067877 0.830942839 0.856432674 0.759500227 0.732433471 0.999825576 0.781854924 0.975461679 1.365624657 
33     0.804858079 0.824842185 0.798952606 0.847014797 0.817850107 0.889760639 1.587024914 0.726541287 0.709141640 0.000000000 0.919699686 0.938586569 0.883114377 1.007756692 0.988441619 0.959434199 0.859532123 0.879135208 1.029193113 0.999625023 1.000805142 0.965877883 1.004696110 1.073891345 1.157715993 1.171881331 1.173327891 1.096567343 1.156709347 1.203780901 1.392920669 1.388068921 1.032825301 0.947351457 0.891718500 0.903727381 0.836474644 0.962586187 0.966998089 0.942905098 0.945107301 0.917658042 1.026387890 1.026450542 1.048181693 0.952012845 0.928802075 1.202722894 0.995160884 1.176542938 1.571670586 
11     0.815719628 0.837687514 0.810753133 0.860569137 0.831705912 0.896794702 1.602765702 0.734694141 0.713928070 0.919699686 0.000000000 0.150234231 0.207111842 0.629974575 0.608848125 0.574443365 0.478856289 0.504489831 0.746215933 0.718889517 0.720564336 0.945956086 0.986264376 1.059369773 1.129433568 1.141949631 1.143293430 1.078333075 1.133680486 1.185547189 1.405090072 1.400910885 1.044752131 0.956381217 0.897475073 0.910458930 0.845245150 0.960399852 0.965754102 0.941452267 0.940029302 0.926701345 1.041238630 1.029918310 1.058132706 0.961153766 0.920533941 1.189975598 0.977991593 1.168074712 1.556681888 
3     0.833833892 0.855801778 0.829854619 0.879443836 0.850589051 0.915193257 1.617205318 0.753647980 0.733540933 0.938586569 0.150234231 0.000000000 0.224900270 0.650852210 0.629457653 0.596855223 0.499835759 0.525948355 0.765925756 0.738522623 0.739765191 0.964647117 1.003397344 1.076204487 1.150458788 1.162804894 1.164148692 1.099036836 1.154198783 1.205354854 1.420313172 1.416245569 1.062227182 0.973423262 0.914140469 0.927124326 0.862636622 0.979255622 0.984859413 0.960280236 0.957552755 0.944420572 1.057110569 1.048245578 1.072775556 0.979300479 0.937571404 1.206876395 0.996754562 1.186554503 1.576534656 
2     0.787060612 0.808857707 0.780367869 0.835175295 0.807482018 0.872911613 1.570325619 0.705627095 0.684376890 0.883114377 0.207111842 0.224900270 0.000000000 0.600378945 0.580118738 0.549006463 0.453974708 0.477228241 0.712767101 0.683827081 0.685689052 0.916722512 0.960380451 1.030047809 1.104334778 1.115291040 1.116634839 1.051791651 1.108010729 1.154235549 1.371071543 1.367093315 1.014179474 0.924858605 0.865730739 0.878546596 0.813572170 0.934824046 0.940167524 0.915214350 0.918699961 0.899695846 1.011451182 0.999709470 1.027692941 0.931172954 0.891640930 1.163222112 0.947698881 1.139781063 1.525064701 
5     0.903931735 0.925451884 0.901786598 0.955166337 0.925807815 0.993943357 1.689941322 0.826133766 0.806151459 1.007756692 0.629974575 0.650852210 0.600378945 0.000000000 0.154365125 0.603532374 0.511494550 0.533658820 0.840715490 0.817129339 0.818318844 1.035611544 1.078076159 1.148142095 1.215166458 1.227161836 1.228447350 1.162850063 1.218792594 1.277486979 1.483941754 1.479406466 1.130201353 1.035356100 0.980789121 0.990911038 0.927634661 1.042493852 1.047775421 1.019610618 1.027432846 1.010218529 1.124511516 1.118212629 1.145125791 1.047369640 1.008079037 1.282398573 1.074516859 1.255816756 1.639956173 
21     0.885581174 0.907131747 0.883841327 0.936930407 0.907731436 0.975288271 1.669877129 0.808522645 0.789891494 0.988441619 0.608848125 0.629457653 0.580118738 0.154365125 0.000000000 0.585142675 0.492269273 0.514821187 0.822451478 0.799433479 0.800534854 1.019598703 1.062086666 1.132152602 1.200606340 1.212357284 1.213583007 1.146872847 1.202755314 1.261376266 1.465318291 1.460783004 1.113245523 1.017670696 0.962992722 0.973089977 0.909873368 1.022756874 1.027819755 0.999575664 1.007635994 0.990183304 1.103902252 1.099211125 1.126050456 1.025657308 0.990294259 1.264117082 1.055667080 1.237747530 1.620336563 
10     0.861766837 0.883314334 0.858431133 0.908299971 0.881211705 0.948244761 1.651215179 0.780399697 0.758697233 0.959434199 0.574443365 0.596855223 0.549006463 0.603532374 0.585142675 0.000000000 0.234396591 0.259644067 0.794815290 0.768828150 0.768521799 0.983327848 1.029454363 1.098511070 1.172267558 1.184013940 1.185059870 1.119466543 1.172879525 1.228348339 1.442287179 1.438107992 1.085002947 0.991206101 0.937844860 0.949765602 0.882244873 0.994919275 0.999868731 0.973073568 0.979083208 0.963903818 1.078070617 1.071632896 1.098392706 1.001733617 0.967647180 1.230829687 1.027795115 1.215594790 1.583274703 
25     0.761482953 0.783030450 0.762175382 0.809399172 0.783871804 0.849943958 1.550466218 0.683391743 0.661178141 0.859532123 0.478856289 0.499835759 0.453974708 0.511494550 0.492269273 0.234396591 0.000000000 0.086133593 0.700219507 0.674758051 0.674309509 0.891057087 0.936387115 1.005127332 1.079379684 1.091995523 1.093130919 1.025372805 1.080829866 1.137102063 1.345743389 1.341564202 0.983882547 0.890841510 0.838533113 0.850638782 0.785542104 0.900530607 0.905239786 0.878967038 0.885374907 0.868484190 0.983628398 0.977304619 1.003605181 0.906551405 0.872765154 1.137227616 0.934122897 1.121577242 1.482675601 
18     0.782057688 0.803605185 0.783176321 0.829235858 0.803749829 0.869682419 1.574414160 0.703372399 0.681681918 0.879135208 0.504489831 0.525948355 0.477228241 0.533658820 0.514821187 0.259644067 0.086133593 0.000000000 0.724831632 0.698971345 0.697393895 0.907909439 0.956164783 1.024937272 1.101214147 1.112967269 1.114053717 1.046602742 1.102021286 1.157247494 1.364942171 1.358840189 1.003285577 0.912310609 0.856639479 0.868947889 0.804040131 0.917955669 0.922649654 0.896418671 0.902120193 0.886035646 1.004150080 0.996361546 1.022784629 0.925738963 0.891876226 1.155947788 0.952784451 1.139941888 1.500944386 
26     0.924282260 0.945145867 0.919467493 0.971839093 0.940838086 1.005700234 1.711862254 0.845222049 0.824270590 1.029193113 0.746215933 0.765925756 0.712767101 0.840715490 0.822451478 0.794815290 0.700219507 0.724831632 0.000000000 0.198419139 0.364104219 1.058192453 1.100463511 1.164407148 1.246607494 1.256146635 1.257506665 1.186103757 1.248064286 1.299916576 1.506347904 1.502056079 1.149790497 1.062175808 0.997091713 1.010356906 0.946463690 1.067024816 1.068911633 1.045600253 1.051925792 1.031787102 1.146924471 1.142387047 1.171686099 1.072167978 1.026380079 1.294820011 1.087016218 1.270080144 1.661003113 
6     0.888430916 0.909307300 0.885061020 0.936061441 0.907905632 0.971812087 1.676521800 0.810512384 0.787878031 0.999625023 0.718889517 0.738522623 0.683827081 0.817129339 0.799433479 0.768828150 0.674758051 0.698971345 0.198419139 0.000000000 0.338007589 1.017797759 1.059900140 1.125395226 1.203888952 1.216043693 1.217838949 1.146956843 1.208124995 1.259755846 1.472794808 1.468502984 1.114357279 1.021058494 0.961220217 0.973822524 0.910682228 1.031881009 1.034676805 1.010925629 1.016925106 0.998132295 1.114164949 1.107036869 1.135990222 1.036312239 0.992605450 1.260852541 1.052969117 1.235717130 1.627004740 
34     0.890740525 0.911629133 0.885550667 0.941614177 0.912270305 0.975569491 1.683098116 0.808191495 0.789975806 1.000805142 0.720564336 0.739765191 0.685689052 0.818318844 0.800534854 0.768521799 0.674309509 0.697393895 0.364104219 0.338007589 0.000000000 1.022674498 1.065179949 1.129534732 1.213779603 1.224966633 1.226415183 1.157153015 1.215171524 1.261882451 1.473016362 1.468698587 1.117056344 1.024593073 0.962761085 0.975978611 0.912075320 1.029277698 1.034283361 1.007920892 1.013934537 0.998492977 1.110904288 1.104192010 1.134252611 1.038350170 0.994981939 1.260017656 1.055960639 1.240788804 1.619945863 
29     0.848078139 0.869789704 0.847013326 0.893412602 0.862155607 0.925249490 1.632957333 0.775314328 0.757143796 0.965877883 0.945956086 0.964647117 0.916722512 1.035611544 1.019598703 0.983327848 0.891057087 0.907909439 1.058192453 1.017797759 1.022674498 0.000000000 0.322089217 0.395992640 0.754366982 0.763608430 0.767046657 0.690789107 0.749311555 0.798457988 1.427145030 1.420165303 1.071957360 0.986069096 0.926366099 0.937296546 0.870617827 1.001600284 1.004371761 0.976021573 0.975116562 0.960065615 1.083719152 1.074053019 1.102592153 1.002141003 0.959735594 1.230075763 1.015998481 1.201403895 1.592815573 
41     0.890244980 0.910598316 0.885836797 0.930312405 0.899437118 0.962430449 1.676530289 0.814880949 0.794534604 1.004696110 0.986264376 1.003397344 0.960380451 1.078076159 1.062086666 1.029454363 0.936387115 0.956164783 1.100463511 1.059900140 1.065179949 0.322089217 0.000000000 0.254174658 0.799997850 0.814478666 0.817777078 0.740514639 0.797815985 0.851279076 1.470180478 1.465736349 1.111591051 1.024179827 0.966732752 0.977724354 0.912860769 1.036704324 1.038735329 1.013129427 1.010550100 0.995540929 1.121644333 1.106945763 1.136304242 1.037400912 0.997910005 1.267759979 1.052765384 1.239779551 1.644592338 
31     0.961719653 0.982020758 0.956348208 1.003233363 0.971670507 1.033531993 1.747632685 0.886691105 0.867711200 1.073891345 1.059369773 1.076204487 1.030047809 1.148142095 1.132152602 1.098511070 1.005127332 1.024937272 1.164407148 1.125395226 1.129534732 0.395992640 0.254174658 0.000000000 0.875588463 0.889242245 0.892533845 0.813538945 0.870036790 0.924293852 1.536907312 1.532651472 1.181628372 1.094308531 1.037209996 1.048201598 0.981437782 1.108969275 1.112613817 1.084031376 1.083107533 1.068838584 1.193577113 1.178746389 1.208423424 1.107596605 1.068464111 1.340573930 1.123642465 1.309742935 1.716922485 
23     1.039425175 1.058364045 1.031663190 1.075992401 1.047256551 1.108362370 1.832410782 0.961447202 0.942983803 1.157715993 1.129433568 1.150458788 1.104334778 1.215166458 1.200606340 1.172267558 1.079379684 1.101214147 1.246607494 1.203888952 1.213779603 0.754366982 0.799997850 0.875588463 0.000000000 0.350163040 0.357888444 0.463811935 0.519045442 0.888545435 1.620203087 1.615758958 1.266044773 1.174626074 1.119744040 1.130472748 1.068899059 1.191870995 1.196093241 1.163859201 1.163739385 1.153887492 1.266129773 1.257439287 1.288558356 1.184313947 1.153530903 1.424514693 1.200509139 1.395202219 1.787092412 
24     1.053481909 1.074418050 1.047917789 1.089954183 1.061563927 1.123772479 1.842835167 0.975697535 0.957804993 1.171881331 1.141949631 1.162804894 1.115291040 1.227161836 1.212357284 1.184013940 1.091995523 1.112967269 1.256146635 1.216043693 1.224966633 0.763608430 0.814478666 0.889242245 0.350163040 0.000000000 0.112344281 0.481089427 0.535632624 0.907865202 1.637145324 1.634018157 1.281729711 1.188543314 1.134938063 1.144896243 1.082544565 1.209632346 1.211415767 1.181184823 1.181973869 1.171954911 1.285575877 1.274429856 1.307901535 1.202188558 1.164982251 1.434935142 1.212837466 1.406012710 1.798719943 
13     1.053485789 1.074421930 1.048583358 1.091570249 1.062765079 1.124973631 1.843931376 0.975861783 0.958414406 1.173327891 1.143293430 1.164148692 1.116634839 1.228447350 1.213583007 1.185059870 1.093130919 1.114053717 1.257506665 1.217838949 1.226415183 0.767046657 0.817777078 0.892533845 0.357888444 0.112344281 0.000000000 0.483211077 0.537303325 0.910741443 1.637425094 1.634297926 1.281954755 1.189007757 1.135587091 1.145545271 1.082807932 1.210817583 1.212537443 1.182286711 1.183159107 1.173166371 1.286448720 1.275117444 1.308622510 1.202850838 1.165927128 1.435899524 1.213833760 1.407008146 1.799507349 
14     0.981683577 1.001950178 0.977117061 1.022417713 0.992109793 1.056617446 1.770283239 0.906185715 0.888370095 1.096567343 1.078333075 1.099036836 1.051791651 1.162850063 1.146872847 1.119466543 1.025372805 1.046602742 1.186103757 1.146956843 1.157153015 0.690789107 0.740514639 0.813538945 0.463811935 0.481089427 0.483211077 0.000000000 0.240225420 0.826370000 1.564655279 1.560259948 1.209400248 1.117894048 1.053981553 1.064451828 1.005613619 1.131264866 1.133051892 1.102057253 1.103067615 1.093138593 1.211368747 1.199337533 1.232630437 1.126385680 1.090571195 1.364844500 1.142005092 1.337748355 1.720931089 
27     1.037680338 1.058690976 1.034290064 1.081375560 1.050138865 1.112868298 1.831542032 0.963093289 0.944682471 1.156709347 1.133680486 1.154198783 1.108010729 1.218792594 1.202755314 1.172879525 1.080829866 1.102021286 1.248064286 1.208124995 1.215171524 0.749311555 0.797815985 0.870036790 0.519045442 0.535632624 0.537303325 0.240225420 0.000000000 0.883465330 1.624729783 1.620285654 1.265266144 1.177239604 1.118717730 1.128943709 1.066429388 1.189542136 1.192396027 1.160339203 1.161681663 1.150302252 1.266759157 1.258168318 1.290594079 1.184349347 1.149968689 1.423930717 1.200898359 1.396284344 1.777746904 
44     1.087343426 1.107763110 1.084720930 1.131727448 1.104945671 1.162699664 1.878187268 1.015187326 0.997756148 1.203780901 1.185547189 1.205354854 1.154235549 1.277486979 1.261376266 1.228348339 1.137102063 1.157247494 1.299916576 1.259755846 1.261882451 0.798457988 0.851279076 0.924293852 0.888545435 0.907865202 0.910741443 0.826370000 0.883465330 0.000000000 1.669640016 1.665195888 1.316857349 1.225936500 1.168832607 1.179381573 1.114317430 1.239528420 1.243022290 1.214138087 1.213770519 1.198801898 1.322372032 1.310028215 1.338424641 1.233479101 1.197103580 1.468371592 1.254599658 1.441142864 1.845421966 
36     1.299640454 1.319411512 1.290448774 1.345754567 1.321060050 1.378665725 2.088108400 1.228612126 1.205286008 1.392920669 1.405090072 1.420313172 1.371071543 1.483941754 1.465318291 1.442287179 1.345743389 1.364942171 1.506347904 1.472794808 1.473016362 1.427145030 1.470180478 1.536907312 1.620203087 1.637145324 1.637425094 1.564655279 1.624729783 1.669640016 0.000000000 0.206437753 1.284299845 1.200244976 1.138353289 1.152517311 1.080877972 1.245348142 1.251150672 1.227899406 1.237167543 1.208046861 1.339222495 1.327023376 1.348945140 1.251884868 1.314239358 1.585036087 1.377930097 1.558885448 1.928227380 
39     1.296265917 1.316010496 1.286821743 1.342369454 1.317765113 1.375053918 2.081826889 1.224186671 1.200964799 1.388068921 1.400910885 1.416245569 1.367093315 1.479406466 1.460783004 1.438107992 1.341564202 1.358840189 1.502056079 1.468502984 1.468698587 1.420165303 1.465736349 1.532651472 1.615758958 1.634018157 1.634297926 1.560259948 1.620285654 1.665195888 0.206437753 0.000000000 1.279711366 1.195074511 1.133875006 1.148094597 1.076449691 1.241526690 1.248646182 1.224166130 1.233451943 1.204006125 1.335358008 1.323073311 1.344901673 1.247974269 1.309795229 1.580633954 1.373485968 1.553918533 1.925291310 
45     0.928023681 0.947267182 0.927300486 0.980374481 0.955377005 1.014058183 1.713216872 0.856380443 0.831093348 1.032825301 1.044752131 1.062227182 1.014179474 1.130201353 1.113245523 1.085002947 0.983882547 1.003285577 1.149790497 1.114357279 1.117056344 1.071957360 1.111591051 1.181628372 1.266044773 1.281729711 1.281954755 1.209400248 1.265266144 1.316857349 1.284299845 1.279711366 0.000000000 0.377618093 0.661615008 0.676279894 0.600615727 0.894941038 0.901970203 0.876246977 0.883973728 0.850411678 0.969634681 0.962731634 0.980350287 0.888427585 0.944211679 1.217939800 1.007623544 1.193006671 1.561037768 
15     0.846215421 0.865812237 0.844019316 0.895937414 0.873178275 0.930278798 1.626647179 0.773512204 0.748769077 0.947351457 0.956381217 0.973423262 0.924858605 1.035356100 1.017670696 0.991206101 0.890841510 0.912310609 1.062175808 1.021058494 1.024593073 0.986069096 1.024179827 1.094308531 1.174626074 1.188543314 1.189007757 1.117894048 1.177239604 1.225936500 1.200244976 1.195074511 0.377618093 0.000000000 0.583657901 0.598313079 0.521647886 0.816934274 0.823099770 0.798292562 0.804228544 0.771645009 0.887965010 0.878581300 0.899860483 0.809070969 0.860906578 1.134060224 0.922984735 1.109318450 1.476689064 
22     0.787490220 0.807030555 0.785981642 0.837979239 0.811092226 0.873218066 1.574158372 0.717284138 0.693142860 0.891718500 0.897475073 0.914140469 0.865730739 0.980789121 0.962992722 0.937844860 0.838533113 0.856639479 0.997091713 0.961220217 0.962761085 0.926366099 0.966732752 1.037209996 1.119744040 1.134938063 1.135587091 1.053981553 1.118717730 1.168832607 1.138353289 1.133875006 0.661615008 0.583657901 0.000000000 0.079756859 0.361748725 0.747774750 0.753188055 0.729495845 0.736391583 0.706655783 0.823614751 0.815836816 0.835690339 0.742859525 0.802541847 1.077125243 0.868669982 1.053184857 1.436181409 
1     0.799312790 0.818853125 0.797850530 0.849796872 0.822882460 0.884910825 1.585905734 0.729187754 0.705046476 0.903727381 0.910458930 0.927124326 0.878546596 0.990911038 0.973089977 0.949765602 0.850638782 0.868947889 1.010356906 0.973822524 0.975978611 0.937296546 0.977724354 1.048201598 1.130472748 1.144896243 1.145545271 1.064451828 1.128943709 1.179381573 1.152517311 1.148094597 0.676279894 0.598313079 0.079756859 0.000000000 0.377800927 0.761197609 0.766543829 0.743425974 0.750007819 0.720715058 0.837450787 0.829672852 0.850182255 0.756679091 0.814674107 1.090041887 0.880418492 1.064510735 1.449954282 
7     0.728491995 0.747318618 0.726246681 0.777565870 0.751380560 0.811594451 1.508719452 0.663443422 0.634578973 0.836474644 0.845245150 0.862636622 0.813572170 0.927634661 0.909873368 0.882244873 0.785542104 0.804040131 0.946463690 0.910682228 0.912075320 0.870617827 0.912860769 0.981437782 1.068899059 1.082544565 1.082807932 1.005613619 1.066429388 1.114317430 1.080877972 1.076449691 0.600615727 0.521647886 0.361748725 0.377800927 0.000000000 0.693384775 0.698337104 0.675353884 0.679123518 0.650635595 0.765256920 0.755389568 0.776435355 0.683905098 0.747349035 1.023594300 0.810541844 0.996926675 1.373688547 
12     0.856674970 0.877593768 0.852201609 0.908784653 0.877145568 0.942536497 1.641850863 0.784372732 0.761217747 0.962586187 0.960399852 0.979255622 0.934824046 1.042493852 1.022756874 0.994919275 0.900530607 0.917955669 1.067024816 1.031881009 1.029277698 1.001600284 1.036704324 1.108969275 1.191870995 1.209632346 1.210817583 1.131264866 1.189542136 1.239528420 1.245348142 1.241526690 0.894941038 0.816934274 0.747774750 0.761197609 0.693384775 0.000000000 0.133684138 0.143741097 0.230604886 0.442967939 0.805423562 0.795831694 0.815374676 0.729514252 0.875729247 1.146106428 0.936895086 1.123642074 1.496620473 
42     0.859626736 0.881036967 0.858316491 0.913163238 0.882010866 0.947630594 1.642936750 0.789119855 0.765833994 0.966998089 0.965754102 0.984859413 0.940167524 1.047775421 1.027819755 0.999868731 0.905239786 0.922649654 1.068911633 1.034676805 1.034283361 1.004371761 1.038735329 1.112613817 1.196093241 1.211415767 1.212537443 1.133051892 1.192396027 1.243022290 1.251150672 1.248646182 0.901970203 0.823099770 0.753188055 0.766543829 0.698337104 0.133684138 0.000000000 0.152137964 0.236980454 0.450584787 0.810326243 0.802950963 0.823243333 0.736832570 0.878710006 1.148100301 0.939348270 1.125617714 1.497931740 
35     0.834700699 0.855478223 0.829909326 0.884607445 0.852858094 0.918393401 1.620428336 0.761990739 0.739136474 0.942905098 0.941452267 0.960280236 0.915214350 1.019610618 0.999575664 0.973073568 0.878967038 0.896418671 1.045600253 1.010925629 1.007920892 0.976021573 1.013129427 1.084031376 1.163859201 1.181184823 1.182286711 1.102057253 1.160339203 1.214138087 1.227899406 1.224166130 0.876246977 0.798292562 0.729495845 0.743425974 0.675353884 0.143741097 0.152137964 0.000000000 0.216513506 0.421895607 0.783498669 0.776309313 0.796666159 0.711815468 0.854453902 1.124588664 0.915004660 1.101296136 1.479106108 
30     0.841717664 0.862320321 0.833992145 0.887362093 0.856678069 0.920204754 1.623203679 0.766270779 0.744197188 0.945107301 0.940029302 0.957552755 0.918699961 1.027432846 1.007635994 0.979083208 0.885374907 0.902120193 1.051925792 1.016925106 1.013934537 0.975116562 1.010550100 1.083107533 1.163739385 1.181973869 1.183159107 1.103067615 1.161681663 1.213770519 1.237167543 1.233451943 0.883973728 0.804228544 0.736391583 0.750007819 0.679123518 0.230604886 0.236980454 0.216513506 0.000000000 0.434426473 0.792724942 0.787218448 0.805617560 0.720781393 0.862481763 1.133612110 0.921819413 1.110623118 1.487389008 
46     0.817184969 0.837775299 0.813701367 0.865823446 0.835829305 0.898124843 1.597762064 0.743063374 0.720260415 0.917658042 0.926701345 0.944420572 0.899695846 1.010218529 0.990183304 0.963903818 0.868484190 0.886035646 1.031787102 0.998132295 0.998492977 0.960065615 0.995540929 1.068838584 1.153887492 1.171954911 1.173166371 1.093138593 1.150302252 1.198801898 1.208046861 1.204006125 0.850411678 0.771645009 0.706655783 0.720715058 0.650635595 0.442967939 0.450584787 0.421895607 0.434426473 0.000000000 0.767031246 0.758139206 0.777418864 0.691642781 0.827652279 1.103110687 0.890790252 1.077265644 1.466388577 
28     0.932286593 0.952380030 0.925199378 0.976030868 0.951028821 1.013457766 1.703258611 0.859278365 0.839067877 1.026387890 1.041238630 1.057110569 1.011451182 1.124511516 1.103902252 1.078070617 0.983628398 1.004150080 1.146924471 1.114164949 1.110904288 1.083719152 1.121644333 1.193577113 1.266129773 1.285575877 1.286448720 1.211368747 1.266759157 1.322372032 1.339222495 1.335358008 0.969634681 0.887965010 0.823614751 0.837450787 0.765256920 0.805423562 0.810326243 0.783498669 0.792724942 0.767031246 0.000000000 0.662289988 0.681255754 0.603621601 0.934983425 1.207073881 0.998016337 1.181191275 1.584224596 
4     0.927441114 0.946907488 0.919501966 0.972299870 0.945391633 1.008894797 1.709655317 0.853761026 0.830942839 1.026450542 1.029918310 1.048245578 0.999709470 1.118212629 1.099211125 1.071632896 0.977304619 0.996361546 1.142387047 1.107036869 1.104192010 1.074053019 1.106945763 1.178746389 1.257439287 1.274429856 1.275117444 1.199337533 1.258168318 1.310028215 1.327023376 1.323073311 0.962731634 0.878581300 0.815836816 0.829672852 0.755389568 0.795831694 0.802950963 0.776309313 0.787218448 0.758139206 0.662289988 0.000000000 0.376104594 0.384143852 0.939208615 1.213216209 1.002959132 1.188530848 1.571192002 
38     0.953297666 0.973037018 0.945034471 0.995089241 0.968622561 1.032066113 1.730824522 0.878768862 0.856432674 1.048181693 1.058132706 1.072775556 1.027692941 1.145125791 1.126050456 1.098392706 1.003605181 1.022784629 1.171686099 1.135990222 1.134252611 1.102592153 1.136304242 1.208423424 1.288558356 1.307901535 1.308622510 1.232630437 1.290594079 1.338424641 1.348945140 1.344901673 0.980350287 0.899860483 0.835690339 0.850182255 0.776435355 0.815374676 0.823243333 0.796666159 0.805617560 0.777418864 0.681255754 0.376104594 0.000000000 0.406995441 0.962785474 1.236929470 1.026027453 1.212718103 1.599228649 
8     0.855854550 0.875267371 0.849236217 0.901054164 0.875168625 0.938818945 1.634643341 0.780870385 0.759500227 0.952012845 0.961153766 0.979300479 0.931172954 1.047369640 1.025657308 1.001733617 0.906551405 0.925738963 1.072167978 1.036312239 1.038350170 1.002141003 1.037400912 1.107596605 1.184313947 1.202188558 1.202850838 1.126385680 1.184349347 1.233479101 1.251884868 1.247974269 0.888427585 0.809070969 0.742859525 0.756679091 0.683905098 0.729514252 0.736832570 0.711815468 0.720781393 0.691642781 0.603621601 0.384143852 0.406995441 0.000000000 0.864319674 1.136387773 0.926284595 1.114547912 1.502293345 
48     0.826792091 0.848550367 0.818909662 0.880679914 0.847146719 0.914427668 1.616160841 0.748889825 0.732433471 0.928802075 0.920533941 0.937571404 0.891640930 1.008079037 0.990294259 0.967647180 0.872765154 0.891876226 1.026380079 0.992605450 0.994981939 0.959735594 0.997910005 1.068464111 1.153530903 1.164982251 1.165927128 1.090571195 1.149968689 1.197103580 1.314239358 1.309795229 0.944211679 0.860906578 0.802541847 0.814674107 0.747349035 0.875729247 0.878710006 0.854453902 0.862481763 0.827652279 0.934983425 0.939208615 0.962785474 0.864319674 0.000000000 0.616869402 0.405914756 0.591002425 1.477986917 
47     1.096214085 1.118167157 1.089231701 1.144995911 1.115366569 1.179086769 1.887289780 1.016101375 0.999825576 1.202722894 1.189975598 1.206876395 1.163222112 1.282398573 1.264117082 1.230829687 1.137227616 1.155947788 1.294820011 1.260852541 1.260017656 1.230075763 1.267759979 1.340573930 1.424514693 1.434935142 1.435899524 1.364844500 1.423930717 1.468371592 1.585036087 1.580633954 1.217939800 1.134060224 1.077125243 1.090041887 1.023594300 1.146106428 1.148100301 1.124588664 1.133612110 1.103110687 1.207073881 1.213216209 1.236929470 1.136387773 0.616869402 0.000000000 0.683956986 0.867411980 1.735274001 
50     0.887209389 0.908206089 0.878595345 0.938429970 0.907283237 0.972602975 1.669977712 0.800028366 0.781854924 0.995160884 0.977991593 0.996754562 0.947698881 1.074516859 1.055667080 1.027795115 0.934122897 0.952784451 1.087016218 1.052969117 1.055960639 1.015998481 1.052765384 1.123642465 1.200509139 1.212837466 1.213833760 1.142005092 1.200898359 1.254599658 1.377930097 1.373485968 1.007623544 0.922984735 0.868669982 0.880418492 0.810541844 0.936895086 0.939348270 0.915004660 0.921819413 0.890790252 0.998016337 1.002959132 1.026027453 0.926284595 0.405914756 0.683956986 0.000000000 0.643119817 1.533880524 
49     1.073867647 1.095312956 1.065984397 1.123158588 1.089893010 1.156454763 1.864312939 0.993390226 0.975461679 1.176542938 1.168074712 1.186554503 1.139781063 1.255816756 1.237747530 1.215594790 1.121577242 1.139941888 1.270080144 1.235717130 1.240788804 1.201403895 1.239779551 1.309742935 1.395202219 1.406012710 1.407008146 1.337748355 1.396284344 1.441142864 1.558885448 1.553918533 1.193006671 1.109318450 1.053184857 1.064510735 0.996926675 1.123642074 1.125617714 1.101296136 1.110623118 1.077265644 1.181191275 1.188530848 1.212718103 1.114547912 0.591002425 0.867411980 0.643119817 0.000000000 1.719762771 
0     1.474438925 1.494776062 1.470862234 1.517204995 1.486738060 1.554461186 2.254458621 1.377537723 1.365624657 1.571670586 1.556681888 1.576534656 1.525064701 1.639956173 1.620336563 1.583274703 1.482675601 1.500944386 1.661003113 1.627004740 1.619945863 1.592815573 1.644592338 1.716922485 1.787092412 1.798719943 1.799507349 1.720931089 1.777746904 1.845421966 1.928227380 1.925291310 1.561037768 1.476689064 1.436181409 1.449954282 1.373688547 1.496620473 1.497931740 1.479106108 1.487389008 1.466388577 1.584224596 1.571192002 1.599228649 1.502293345 1.477986917 1.735274001 1.533880524 1.719762771 0.000000000 
