51
16     0.000000000 0.001351320 0.018119560 0.041349700 0.025523220 0.026682960 0.014103040 0.046582010 0.056246130 0.063883970 0.029743610 0.028888320 0.020694190 0.031068000 0.058470060 0.102515980 0.071782960 0.020924810 0.094759450 0.025928290 0.066978860 0.068650800 0.002966650 0.076412910 0.121473050 0.033518570 0.025195940 0.083817410 0.081837930 0.052800670 0.063193740 0.065043400 0.021853870 0.011829750 0.059747470 0.076859160 0.054975180 0.049631560 0.008880070 0.010382430 0.040792270 0.029696750 0.061088510 0.123209980 0.186524900 0.012586410 0.016909970 0.008646130 0.050631170 0.074522230 0.031980800 
9     0.001351320 0.000000000 0.007985540 0.036345820 0.048494240 0.035929450 0.082005970 0.064208580 0.008480880 0.034566300 0.042482320 0.035667180 0.033432900 0.037846860 0.048780230 0.121840220 0.080814090 0.027703670 0.144042410 0.083687990 0.088538080 0.095397500 0.070456200 0.082135730 0.114589940 0.046580180 0.038257550 0.034108190 0.104198830 0.130871810 0.069690340 0.071540000 0.052690650 0.020827520 0.056650820 0.080212160 0.034929370 0.055075640 0.073356560 0.044884950 0.044706290 0.041939220 0.076410100 0.179279560 0.183537280 0.022808210 0.033655760 0.106852810 0.057410030 0.082732640 0.041842630 
43     0.018119560 0.007985540 0.000000000 0.037602650 0.020625870 0.014718400 0.083188880 0.005527260 0.011633490 0.059835320 0.063765790 0.024088140 0.024360010 0.063018030 0.047999250 0.053319950 0.057055450 0.043497090 0.064167750 0.010806570 0.044029550 0.104624070 0.014027760 0.024897830 0.090323040 0.108159120 0.072186210 0.083265810 0.025122760 0.011654130 0.103451150 0.071789130 0.067546370 0.021739560 0.060819080 0.067992610 0.029986920 0.037874210 0.036524010 0.007763890 0.049434550 0.063133390 0.091118660 0.098271910 0.050809970 0.057555330 0.013194080 0.053388560 0.035286520 0.143512620 0.063210960 
17     0.041349700 0.036345820 0.037602650 0.000000000 0.002935400 0.001447140 0.000590910 0.021254190 0.026064570 0.009174400 0.035327890 0.066472000 0.074420970 0.037306260 0.068058300 0.104188590 0.007841630 0.016174890 0.019217650 0.034013830 0.048291970 0.029724000 0.069702040 0.144543350 0.018514400 0.058186310 0.058123930 0.033689060 0.044701320 0.025628410 0.090777130 0.010907880 0.085048970 0.029032730 0.063553600 0.031130210 0.051010950 0.054934900 0.016309930 0.052271220 0.028355540 0.051637650 0.019318670 0.067125290 0.059030600 0.035869500 0.112088760 0.094895760 0.095284360 0.074401990 0.063601670 
40     0.025523220 0.048494240 0.020625870 0.002935400 0.000000000 0.012176070 0.019511530 0.057417160 0.038764960 0.036083480 0.024977110 0.094889510 0.062130320 0.030108990 0.003169720 0.062371750 0.031982690 0.046111360 0.020883470 0.044233410 0.055338500 0.040831800 0.019373880 0.023946490 0.029833640 0.086081140 0.082170910 0.017037690 0.030664990 0.043796270 0.012209210 0.101719030 0.048316800 0.024957030 0.024957750 0.033862630 0.011707070 0.026729200 0.074804280 0.016925340 0.059552330 0.006380230 0.061204600 0.086249450 0.041031890 0.031997620 0.159802260 0.103677300 0.037849350 0.048838420 0.010095440 
20     0.026682960 0.035929450 0.014718400 0.001447140 0.012176070 0.000000000 0.000070750 0.021604190 0.047986080 0.009524400 0.050012750 0.041702380 0.063454150 0.004531700 0.004992250 0.022836800 0.039186460 0.032608480 0.009189520 0.036520510 0.015310860 0.053713960 0.070052040 0.068514730 0.105813630 0.082668450 0.153416790 0.053366120 0.022698660 0.132745320 0.143805170 0.011957770 0.075982290 0.020093690 0.078278400 0.005775260 0.049133410 0.047658090 0.081808330 0.060943110 0.014317830 0.037067270 0.078510420 0.033480130 0.034087180 0.034690010 0.112438760 0.063356710 0.095634360 0.091131890 0.026953060 
19     0.014103040 0.082005970 0.083188880 0.000590910 0.019511530 0.000070750 0.000000000 0.020665720 0.031901480 0.008585930 0.007693420 0.131703910 0.063496990 0.097063100 0.070174890 0.043724240 0.036407790 0.061982620 0.055337010 0.069148050 0.072521050 0.027667960 0.069113570 0.102290660 0.140791010 0.128568620 0.167685950 0.082454150 0.084589150 0.077222460 0.161775450 0.180002990 0.074509050 0.066559240 0.054419960 0.059602190 0.062236290 0.031304100 0.046301560 0.020705800 0.011621220 0.070240570 0.085598150 0.096740260 0.105203920 0.077121460 0.111500290 0.119157420 0.036533890 0.090193420 0.112986980 
37     0.046582010 0.064208580 0.005527260 0.021254190 0.057417160 0.021604190 0.020665720 0.000000000 0.001575180 0.025879810 0.038001100 0.017985670 0.079398540 0.108223860 0.071240090 0.129386720 0.026108560 0.041632920 0.033013820 0.034297070 0.044326330 0.032234700 0.011082170 0.073466380 0.118429260 0.040229110 0.084747170 0.109765160 0.112376790 0.054270640 0.091546800 0.082752940 0.104727570 0.046687900 0.078033710 0.077126590 0.069969700 0.045820630 0.071398620 0.024270530 0.072479540 0.004240660 0.040113840 0.023506250 0.048604740 0.025340990 0.060248500 0.065198190 0.023154520 0.070899590 0.028220060 
32     0.056246130 0.008480880 0.011633490 0.026064570 0.038764960 0.047986080 0.031901480 0.001575180 0.000000000 0.024137180 0.024950890 0.072060040 0.036439370 0.042250880 0.017479890 0.028116040 0.026689920 0.026331800 0.021690830 0.040482820 0.016336640 0.034928780 0.044534950 0.032627330 0.048073330 0.024503040 0.097624740 0.025493440 0.041439380 0.089984140 0.059024550 0.050230690 0.033416500 0.041406370 0.036792790 0.054233840 0.027524740 0.036512750 0.047535390 0.018497140 0.016564530 0.018225600 0.086591300 0.003009570 0.044452570 0.017640360 0.059088840 0.031255820 0.051662970 0.121379880 0.031826220 
33     0.063883970 0.034566300 0.059835320 0.009174400 0.036083480 0.009524400 0.008585930 0.025879810 0.024137180 0.000000000 0.031173200 0.077550380 0.014078390 0.095080540 0.073221810 0.087664700 0.038552570 0.033894370 0.041079240 0.063501020 0.038761530 0.023736190 0.074327640 0.051712800 0.176974580 0.029880060 0.137455560 0.076876080 0.011632470 0.037241010 0.122573460 0.123179680 0.008281580 0.083272930 0.017171070 0.033989070 0.083409210 0.036222540 0.029277050 0.044238160 0.029229460 0.031506310 0.017949760 0.049962620 0.019143110 0.031267020 0.056720800 0.060585980 0.082147360 0.095407490 0.185486000 
11     0.029743610 0.042482320 0.063765790 0.035327890 0.024977110 0.050012750 0.007693420 0.038001100 0.024950890 0.031173200 0.000000000 0.000495950 0.000558750 0.040146150 0.011672600 0.011791890 0.002822140 0.002525190 0.002598550 0.043844190 0.019677520 0.098613960 0.065302200 0.062465980 0.023314230 0.059093320 0.062714010 0.067531990 0.003820490 0.084420000 0.035622290 0.034320880 0.049097900 0.041136460 0.052339650 0.010851760 0.064516320 0.033884590 0.028868980 0.034855720 0.054694610 0.016012930 0.040246930 0.083585670 0.106193560 0.089517970 0.067317410 0.112699140 0.040035960 0.139419110 0.115488080 
3     0.028888320 0.035667180 0.024088140 0.066472000 0.094889510 0.041702380 0.131703910 0.017985670 0.072060040 0.077550380 0.000495950 0.000000000 0.002048250 0.030676560 0.020501370 0.013517050 0.011108950 0.009757310 0.074913080 0.031240080 0.019635190 0.099840830 0.043195600 0.103888010 0.023271900 0.098067790 0.099987300 0.069519860 0.028279250 0.193723130 0.126708970 0.122725920 0.088096800 0.100536780 0.058979240 0.005207190 0.060246970 0.038332820 0.004374950 0.045280300 0.018570940 0.050436870 0.071977520 0.085643690 0.088869610 0.107391570 0.014560610 0.101004420 0.039394890 0.080421070 0.097772610 
2     0.020694190 0.033432900 0.024360010 0.074420970 0.062130320 0.063454150 0.063496990 0.079398540 0.036439370 0.014078390 0.000558750 0.002048250 0.000000000 0.039587400 0.022177880 0.011233140 0.002263390 0.001966440 0.026907780 0.011800280 0.005472420 0.009346310 0.036017050 0.112316300 0.013989400 0.031796950 0.033716460 0.049675030 0.040483440 0.105185380 0.084759300 0.106560850 0.094813370 0.069663920 0.060655750 0.006883700 0.007438140 0.017535810 0.030056990 0.045516290 0.068255720 0.038722920 0.017804060 0.057395910 0.140370870 0.019578960 0.020647040 0.102146330 0.020502880 0.183351570 0.068478220 
5     0.031068000 0.037846860 0.063018030 0.037306260 0.030108990 0.004531700 0.097063100 0.108223860 0.042250880 0.095080540 0.040146150 0.030676560 0.039587400 0.000000000 0.000074110 0.009497280 0.009172310 0.009302740 0.085076480 0.095927790 0.010085240 0.018761160 0.061596980 0.089409300 0.063864320 0.076634140 0.080529680 0.071122920 0.096859530 0.071624640 0.162805090 0.179626240 0.093040530 0.069425410 0.002855720 0.034962510 0.035002730 0.122579260 0.044283930 0.137001410 0.043802260 0.056415420 0.135678500 0.057430620 0.212379740 0.159085090 0.009979920 0.114028940 0.052419410 0.093445590 0.050687480 
21     0.058470060 0.048780230 0.047999250 0.068058300 0.003169720 0.004992250 0.070174890 0.071240090 0.017479890 0.073221810 0.011672600 0.020501370 0.022177880 0.000074110 0.000000000 0.026153840 0.010290770 0.009502350 0.026271370 0.011436220 0.084279680 0.028987640 0.044636610 0.114998920 0.054675130 0.096082590 0.133578110 0.062448140 0.096559700 0.014920510 0.126084550 0.156593780 0.064111150 0.030676370 0.038482830 0.017843980 0.010478570 0.052942200 0.041972320 0.077242750 0.029736940 0.024755860 0.111330700 0.090252950 0.139964200 0.104063360 0.134937190 0.183385230 0.029055480 0.136494430 0.056734650 
10     0.102515980 0.121840220 0.053319950 0.104188590 0.062371750 0.022836800 0.043724240 0.129386720 0.028116040 0.087664700 0.011791890 0.013517050 0.011233140 0.009497280 0.026153840 0.000000000 0.001587810 0.001718240 0.050085920 0.009042970 0.002688870 0.070944960 0.140641770 0.067502970 0.051977610 0.024349110 0.029802990 0.052563820 0.156032160 0.165133040 0.113821280 0.079380250 0.078915880 0.054492390 0.064631710 0.010859660 0.066239250 0.042318020 0.044318880 0.056257930 0.034809270 0.076684170 0.128628410 0.066306320 0.117726590 0.157213490 0.076631610 0.044974670 0.037455250 0.022874770 0.075397570 
25     0.071782960 0.080814090 0.057055450 0.007841630 0.031982690 0.039186460 0.036407790 0.026108560 0.026689920 0.038552570 0.002822140 0.011108950 0.002263390 0.009172310 0.010290770 0.001587810 0.000000000 0.000291590 0.016583770 0.020102390 0.007618850 0.024401890 0.021714630 0.036667990 0.023102090 0.073161660 0.043936680 0.017320830 0.047012560 0.149441140 0.131334100 0.096893070 0.044810260 0.021309040 0.018448650 0.010193430 0.046808880 0.013588170 0.088600490 0.038957250 0.027983660 0.058859800 0.082054390 0.061918030 0.155162950 0.104447680 0.035557220 0.057624070 0.036989830 0.114315310 0.021305720 
18     0.020924810 0.027703670 0.043497090 0.016174890 0.046111360 0.032608480 0.061982620 0.041632920 0.026331800 0.033894370 0.002525190 0.009757310 0.001966440 0.009302740 0.009502350 0.001718240 0.000291590 0.000000000 0.025393410 0.028490630 0.010124810 0.039291960 0.040877730 0.055831090 0.028544230 0.063497570 0.024609690 0.025711300 0.108313200 0.181618640 0.196377410 0.123211390 0.050594650 0.022173300 0.016482550 0.038558030 0.072229280 0.029356530 0.094962190 0.053213820 0.081312660 0.055463260 0.082946360 0.077483060 0.040728930 0.108877930 0.007745890 0.078185190 0.031500160 0.072526340 0.018510180 
26     0.094759450 0.144042410 0.064167750 0.019217650 0.020883470 0.009189520 0.055337010 0.033013820 0.021690830 0.041079240 0.002598550 0.074913080 0.026907780 0.085076480 0.026271370 0.050085920 0.016583770 0.025393410 0.000000000 0.000224750 0.002375980 0.037071100 0.043273920 0.041867170 0.038605830 0.165282570 0.169035390 0.068619990 0.115470200 0.110838510 0.033933170 0.031429440 0.049292290 0.025296190 0.021196400 0.039624830 0.069375980 0.079817390 0.032875910 0.008912400 0.038803560 0.102374760 0.045051480 0.072761530 0.086357710 0.044749450 0.049300180 0.060828350 0.055389530 0.027693690 0.021103590 
6     0.025928290 0.083687990 0.010806570 0.034013830 0.044233410 0.036520510 0.069148050 0.034297070 0.040482820 0.063501020 0.043844190 0.031240080 0.011800280 0.095927790 0.011436220 0.009042970 0.020102390 0.028490630 0.000224750 0.000000000 0.005996430 0.044221620 0.020746370 0.006427980 0.004125230 0.010377970 0.202094660 0.030197100 0.039418110 0.088267240 0.037739960 0.035236230 0.093968440 0.014545960 0.015551340 0.009945850 0.039664020 0.021402870 0.007588720 0.016318720 0.016307620 0.080161120 0.065840110 0.045167640 0.037220470 0.032599600 0.081910090 0.007700440 0.098718570 0.027503440 0.087698210 
34     0.066978860 0.088538080 0.044029550 0.048291970 0.055338500 0.015310860 0.072521050 0.044326330 0.016336640 0.038761530 0.019677520 0.019635190 0.005472420 0.010085240 0.084279680 0.002688870 0.007618850 0.010124810 0.002375980 0.005996430 0.000000000 0.031961450 0.011733270 0.053500340 0.003084580 0.029202280 0.041980770 0.000717080 0.072620710 0.048894310 0.164865320 0.109278410 0.022885390 0.010575850 0.033245080 0.036964100 0.052000880 0.055397860 0.015462580 0.004694800 0.028976520 0.007250870 0.002050470 0.017675790 0.058301010 0.058859640 0.043435480 0.037043760 0.086004470 0.070173710 0.040857050 
29     0.068650800 0.095397500 0.104624070 0.029724000 0.040831800 0.053713960 0.027667960 0.032234700 0.034928780 0.023736190 0.098613960 0.099840830 0.009346310 0.018761160 0.028987640 0.070944960 0.024401890 0.039291960 0.037071100 0.044221620 0.031961450 0.000000000 0.004968800 0.011018340 0.009731960 0.051902340 0.073500640 0.036206460 0.015090430 0.015957970 0.107823040 0.102827350 0.036801500 0.005206530 0.003762590 0.003654250 0.065755920 0.092806280 0.038811890 0.030189510 0.049961130 0.001175070 0.021335720 0.061348160 0.059624370 0.045483080 0.066955680 0.068045310 0.063268990 0.051494590 0.008024120 
41     0.002966650 0.070456200 0.014027760 0.069702040 0.019373880 0.070052040 0.069113570 0.011082170 0.044534950 0.074327640 0.065302200 0.043195600 0.036017050 0.061596980 0.044636610 0.140641770 0.021714630 0.040877730 0.043273920 0.020746370 0.011733270 0.004968800 0.000000000 0.000311280 0.044804120 0.052480980 0.088034060 0.043677150 0.027146350 0.000264780 0.189026390 0.184030700 0.102688360 0.085150000 0.058694270 0.078752970 0.013301190 0.052957310 0.025238630 0.051079280 0.060406810 0.019909390 0.150041160 0.109008820 0.081655890 0.091788770 0.065350400 0.047734470 0.070918560 0.036179480 0.032368030 
31     0.076412910 0.082135730 0.024897830 0.144543350 0.023946490 0.068514730 0.102290660 0.073466380 0.032627330 0.051712800 0.062465980 0.103888010 0.112316300 0.089409300 0.114998920 0.067502970 0.036667990 0.055831090 0.041867170 0.006427980 0.053500340 0.011018340 0.000311280 0.000000000 0.022470700 0.058237210 0.088872980 0.005750850 0.001222250 0.005680470 0.112703380 0.160782460 0.127010540 0.072547970 0.028046480 0.028233210 0.024935210 0.083303630 0.073589420 0.072887410 0.003480430 0.097493310 0.033763240 0.115652590 0.061999890 0.027525910 0.069481180 0.048043990 0.027124350 0.074662360 0.051321290 
23     0.121473050 0.114589940 0.090323040 0.018514400 0.029833640 0.105813630 0.140791010 0.118429260 0.048073330 0.176974580 0.023314230 0.023271900 0.013989400 0.063864320 0.054675130 0.051977610 0.023102090 0.028544230 0.038605830 0.004125230 0.003084580 0.009731960 0.044804120 0.022470700 0.000000000 0.016612150 0.014460900 0.008438480 0.018565270 0.010947130 0.126256190 0.119714310 0.028756630 0.088986370 0.033315000 0.065088550 0.023208730 0.036994420 0.052136300 0.073050280 0.064465940 0.036820690 0.029197430 0.062649670 0.026344820 0.054416100 0.104041690 0.095332820 0.011596810 0.130101900 0.084779160 
24     0.033518570 0.046580180 0.108159120 0.058186310 0.086081140 0.082668450 0.128568620 0.040229110 0.024503040 0.029880060 0.059093320 0.098067790 0.031796950 0.076634140 0.096082590 0.024349110 0.073161660 0.063497570 0.165282570 0.010377970 0.029202280 0.051902340 0.052480980 0.058237210 0.016612150 0.000000000 0.000137200 0.017865510 0.050687930 0.043957900 0.053785310 0.051378210 0.129598710 0.063918230 0.069006240 0.046008070 0.035887450 0.064579420 0.048458230 0.056169450 0.059188550 0.042150210 0.031614960 0.038501400 0.111980550 0.018841930 0.086031820 0.097819760 0.148815690 0.069936490 0.049192550 
13     0.025195940 0.038257550 0.072186210 0.058123930 0.082170910 0.153416790 0.167685950 0.084747170 0.097624740 0.137455560 0.062714010 0.099987300 0.033716460 0.080529680 0.133578110 0.029802990 0.043936680 0.024609690 0.169035390 0.202094660 0.041980770 0.073500640 0.088034060 0.088872980 0.014460900 0.000137200 0.000000000 0.025512140 0.013537740 0.023183650 0.062217870 0.059810770 0.130264810 0.064584330 0.090426130 0.050876220 0.039964660 0.092231070 0.038637010 0.066587960 0.045512470 0.170786470 0.023187370 0.029821910 0.115275850 0.012474380 0.001787030 0.103752230 0.123621770 0.085100990 0.027906100 
14     0.083817410 0.034108190 0.083265810 0.033689060 0.017037690 0.053366120 0.082454150 0.109765160 0.025493440 0.076876080 0.067531990 0.069519860 0.049675030 0.071122920 0.062448140 0.052563820 0.017320830 0.025711300 0.068619990 0.030197100 0.000717080 0.036206460 0.043677150 0.005750850 0.008438480 0.017865510 0.025512140 0.000000000 0.000017620 0.023002900 0.128854280 0.141991650 0.040407190 0.008031500 0.011033600 0.006321700 0.022459440 0.052667940 0.050007410 0.044556220 0.010481860 0.010041560 0.045196840 0.109551800 0.088528320 0.039970130 0.049062580 0.178281140 0.052983700 0.027301850 0.031781950 
27     0.081837930 0.104198830 0.025122760 0.044701320 0.030664990 0.022698660 0.084589150 0.112376790 0.041439380 0.011632470 0.003820490 0.028279250 0.040483440 0.096859530 0.096559700 0.156032160 0.047012560 0.108313200 0.115470200 0.039418110 0.072620710 0.015090430 0.027146350 0.001222250 0.018565270 0.050687930 0.013537740 0.000017620 0.000000000 0.001788320 0.162155670 0.158126900 0.029907690 0.057602870 0.113883340 0.118971370 0.097699720 0.116903110 0.120870960 0.099738720 0.099404490 0.023818750 0.026209250 0.108641000 0.112949190 0.030914440 0.085736940 0.184501240 0.034385870 0.172769530 0.056401510 
44     0.052800670 0.130871810 0.011654130 0.025628410 0.043796270 0.132745320 0.077222460 0.054270640 0.089984140 0.037241010 0.084420000 0.193723130 0.105185380 0.071624640 0.014920510 0.165133040 0.149441140 0.181618640 0.110838510 0.088267240 0.048894310 0.015957970 0.000264780 0.005680470 0.010947130 0.043957900 0.023183650 0.023002900 0.001788320 0.000000000 0.153861010 0.176101490 0.139899290 0.069792270 0.067203260 0.067414510 0.059141810 0.081539520 0.066184370 0.086995880 0.035240230 0.051931960 0.061362900 0.083534950 0.013761070 0.051273110 0.077139970 0.171301590 0.004181980 0.187467980 0.029335830 
36     0.063193740 0.069690340 0.103451150 0.090777130 0.012209210 0.143805170 0.161775450 0.091546800 0.059024550 0.122573460 0.035622290 0.126708970 0.084759300 0.162805090 0.126084550 0.113821280 0.131334100 0.196377410 0.033933170 0.037739960 0.164865320 0.107823040 0.189026390 0.112703380 0.126256190 0.053785310 0.062217870 0.128854280 0.162155670 0.153861010 0.000000000 0.000080150 0.040328900 0.077884990 0.062887850 0.039254940 0.003858600 0.081350590 0.103127510 0.032827280 0.044034560 0.121945620 0.071845290 0.099894890 0.076140780 0.069770960 0.130053310 0.048891080 0.103954940 0.101783430 0.124974690 
39     0.065043400 0.071540000 0.071789130 0.010907880 0.101719030 0.011957770 0.180002990 0.082752940 0.050230690 0.123179680 0.034320880 0.122725920 0.106560850 0.179626240 0.156593780 0.079380250 0.096893070 0.123211390 0.031429440 0.035236230 0.109278410 0.102827350 0.184030700 0.160782460 0.119714310 0.051378210 0.059810770 0.141991650 0.158126900 0.176101490 0.000080150 0.000000000 0.082266230 0.057788960 0.059811270 0.079036420 0.035667270 0.066643560 0.102016140 0.026285400 0.074437230 0.122381240 0.076063780 0.115200540 0.093438070 0.042930290 0.148280850 0.090896110 0.125583070 0.117609380 0.122195160 
45     0.021853870 0.052690650 0.067546370 0.085048970 0.048316800 0.075982290 0.074509050 0.104727570 0.033416500 0.008281580 0.049097900 0.088096800 0.094813370 0.093040530 0.064111150 0.078915880 0.044810260 0.050594650 0.049292290 0.093968440 0.022885390 0.036801500 0.102688360 0.127010540 0.028756630 0.129598710 0.130264810 0.040407190 0.029907690 0.139899290 0.040328900 0.082266230 0.000000000 0.000250690 0.038598740 0.029002970 0.026893060 0.029734220 0.075835710 0.020273370 0.066832730 0.022384600 0.094526060 0.132763350 0.002125390 0.011494910 0.014988140 0.074378340 0.022244910 0.107223330 0.066018080 
15     0.011829750 0.020827520 0.021739560 0.029032730 0.024957030 0.020093690 0.066559240 0.046687900 0.041406370 0.083272930 0.041136460 0.100536780 0.069663920 0.069425410 0.030676370 0.054492390 0.021309040 0.022173300 0.025296190 0.014545960 0.010575850 0.005206530 0.085150000 0.072547970 0.088986370 0.063918230 0.064584330 0.008031500 0.057602870 0.069792270 0.077884990 0.057788960 0.000250690 0.000000000 0.042589430 0.032993660 0.008691130 0.031478350 0.052097860 0.043183580 0.037858490 0.049929100 0.114199430 0.102069900 0.054455670 0.069616740 0.027264820 0.056668410 0.120160790 0.084535410 0.007691130 
22     0.059747470 0.056650820 0.060819080 0.063553600 0.024957750 0.078278400 0.054419960 0.078033710 0.036792790 0.017171070 0.052339650 0.058979240 0.060655750 0.002855720 0.038482830 0.064631710 0.018448650 0.016482550 0.021196400 0.015551340 0.033245080 0.003762590 0.058694270 0.028046480 0.033315000 0.069006240 0.090426130 0.011033600 0.113883340 0.067203260 0.062887850 0.059811270 0.038598740 0.042589430 0.000000000 0.000124740 0.009607700 0.010806280 0.049912590 0.021035810 0.014161940 0.011483060 0.045330380 0.057003780 0.065950500 0.018435140 0.040562510 0.106728960 0.064605440 0.050940080 0.027793440 
1     0.076859160 0.080212160 0.067992610 0.031130210 0.033862630 0.005775260 0.059602190 0.077126590 0.054233840 0.033989070 0.010851760 0.005207190 0.006883700 0.034962510 0.017843980 0.010859660 0.010193430 0.038558030 0.039624830 0.009945850 0.036964100 0.003654250 0.078752970 0.028233210 0.065088550 0.046008070 0.050876220 0.006321700 0.118971370 0.067414510 0.039254940 0.079036420 0.029002970 0.032993660 0.000124740 0.000000000 0.015678270 0.024847270 0.054165570 0.021551230 0.022881480 0.019429930 0.047749790 0.058891900 0.067355560 0.011846260 0.049762570 0.109931460 0.013509850 0.016169100 0.025805310 
7     0.054975180 0.034929370 0.029986920 0.051010950 0.011707070 0.049133410 0.062236290 0.069969700 0.027524740 0.083409210 0.064516320 0.060246970 0.007438140 0.035002730 0.010478570 0.066239250 0.046808880 0.072229280 0.069375980 0.039664020 0.052000880 0.065755920 0.013301190 0.024935210 0.023208730 0.035887450 0.039964660 0.022459440 0.097699720 0.059141810 0.003858600 0.035667270 0.026893060 0.008691130 0.009607700 0.015678270 0.000000000 0.008769050 0.010983850 0.013350490 0.023479810 0.014915980 0.061664890 0.096293050 0.036612060 0.028076560 0.074347600 0.089445480 0.081606740 0.102487520 0.045969390 
12     0.049631560 0.055075640 0.037874210 0.054934900 0.026729200 0.047658090 0.031304100 0.045820630 0.036512750 0.036222540 0.033884590 0.038332820 0.017535810 0.122579260 0.052942200 0.042318020 0.013588170 0.029356530 0.079817390 0.021402870 0.055397860 0.092806280 0.052957310 0.083303630 0.036994420 0.064579420 0.092231070 0.052667940 0.116903110 0.081539520 0.081350590 0.066643560 0.029734220 0.031478350 0.010806280 0.024847270 0.008769050 0.000000000 0.001282430 0.001375730 0.003584010 0.030288030 0.092309950 0.070123950 0.054383450 0.020102690 0.058947350 0.103820830 0.059282240 0.091697710 0.061195390 
42     0.008880070 0.073356560 0.036524010 0.016309930 0.074804280 0.081808330 0.046301560 0.071398620 0.047535390 0.029277050 0.028868980 0.004374950 0.030056990 0.044283930 0.041972320 0.044318880 0.088600490 0.094962190 0.032875910 0.007588720 0.015462580 0.038811890 0.025238630 0.073589420 0.052136300 0.048458230 0.038637010 0.050007410 0.120870960 0.066184370 0.103127510 0.102016140 0.075835710 0.052097860 0.049912590 0.054165570 0.010983850 0.001282430 0.000000000 0.000415680 0.003798500 0.004090880 0.047027780 0.046645850 0.066072790 0.038551090 0.006733480 0.116077050 0.067990450 0.027896950 0.051567570 
35     0.010382430 0.044884950 0.007763890 0.052271220 0.016925340 0.060943110 0.020705800 0.024270530 0.018497140 0.044238160 0.034855720 0.045280300 0.045516290 0.137001410 0.077242750 0.056257930 0.038957250 0.053213820 0.008912400 0.016318720 0.004694800 0.030189510 0.051079280 0.072887410 0.073050280 0.056169450 0.066587960 0.044556220 0.099738720 0.086995880 0.032827280 0.026285400 0.020273370 0.043183580 0.021035810 0.021551230 0.013350490 0.001375730 0.000415680 0.000000000 0.000655330 0.000947710 0.012141740 0.048579750 0.052083690 0.014165580 0.036817860 0.107478850 0.056066510 0.018306810 0.037506180 
30     0.040792270 0.044706290 0.049434550 0.028355540 0.059552330 0.014317830 0.011621220 0.072479540 0.016564530 0.029229460 0.054694610 0.018570940 0.068255720 0.043802260 0.029736940 0.034809270 0.027983660 0.081312660 0.038803560 0.016307620 0.028976520 0.049961130 0.060406810 0.003480430 0.064465940 0.059188550 0.045512470 0.010481860 0.099404490 0.035240230 0.044034560 0.074437230 0.066832730 0.037858490 0.014161940 0.022881480 0.023479810 0.003584010 0.003798500 0.000655330 0.000000000 0.000292520 0.015059490 0.061050020 0.039651170 0.008957360 0.088778610 0.144963850 0.021031040 0.004700820 0.070285250 
46     0.029696750 0.041939220 0.063133390 0.051637650 0.006380230 0.037067270 0.070240570 0.004240660 0.018225600 0.031506310 0.016012930 0.050436870 0.038722920 0.056415420 0.024755860 0.076684170 0.058859800 0.055463260 0.102374760 0.080161120 0.007250870 0.001175070 0.019909390 0.097493310 0.036820690 0.042150210 0.170786470 0.010041560 0.023818750 0.051931960 0.121945620 0.122381240 0.022384600 0.049929100 0.011483060 0.019429930 0.014915980 0.030288030 0.004090880 0.000947710 0.000292520 0.000000000 0.008636640 0.036396610 0.044860270 0.016777810 0.056094180 0.043374760 0.047320800 0.028511050 0.071396060 
28     0.061088510 0.076410100 0.091118660 0.019318670 0.061204600 0.078510420 0.085598150 0.040113840 0.086591300 0.017949760 0.040246930 0.071977520 0.017804060 0.135678500 0.111330700 0.128628410 0.082054390 0.082946360 0.045051480 0.065840110 0.002050470 0.021335720 0.150041160 0.033763240 0.029197430 0.031614960 0.023187370 0.045196840 0.026209250 0.061362900 0.071845290 0.076063780 0.094526060 0.114199430 0.045330380 0.047749790 0.061664890 0.092309950 0.047027780 0.012141740 0.015059490 0.008636640 0.000000000 0.005281270 0.018784500 0.014029130 0.066043590 0.122790880 0.034447240 0.045207350 0.041579900 
4     0.123209980 0.179279560 0.098271910 0.067125290 0.086249450 0.033480130 0.096740260 0.023506250 0.003009570 0.049962620 0.083585670 0.085643690 0.057395910 0.057430620 0.090252950 0.066306320 0.061918030 0.077483060 0.072761530 0.045167640 0.017675790 0.061348160 0.109008820 0.115652590 0.062649670 0.038501400 0.029821910 0.109551800 0.108641000 0.083534950 0.099894890 0.115200540 0.132763350 0.102069900 0.057003780 0.058891900 0.096293050 0.070123950 0.046645850 0.048579750 0.061050020 0.036396610 0.005281270 0.000000000 0.003042890 0.019399540 0.090624890 0.075738040 0.073820490 0.056349460 0.003653550 
38     0.186524900 0.183537280 0.050809970 0.059030600 0.041031890 0.034087180 0.105203920 0.048604740 0.044452570 0.019143110 0.106193560 0.088869610 0.140370870 0.212379740 0.139964200 0.117726590 0.155162950 0.040728930 0.086357710 0.037220470 0.058301010 0.059624370 0.081655890 0.061999890 0.026344820 0.111980550 0.115275850 0.088528320 0.112949190 0.013761070 0.076140780 0.093438070 0.002125390 0.054455670 0.065950500 0.067355560 0.036612060 0.054383450 0.066072790 0.052083690 0.039651170 0.044860270 0.018784500 0.003042890 0.000000000 0.006601420 0.099088550 0.093971850 0.067474700 0.064813120 0.111824170 
8     0.012586410 0.022808210 0.057555330 0.035869500 0.031997620 0.034690010 0.077121460 0.025340990 0.017640360 0.031267020 0.089517970 0.107391570 0.019578960 0.159085090 0.104063360 0.157213490 0.104447680 0.108877930 0.044749450 0.032599600 0.058859640 0.045483080 0.091788770 0.027525910 0.054416100 0.018841930 0.012474380 0.039970130 0.030914440 0.051273110 0.069770960 0.042930290 0.011494910 0.069616740 0.018435140 0.011846260 0.028076560 0.020102690 0.038551090 0.014165580 0.008957360 0.016777810 0.014029130 0.019399540 0.006601420 0.000000000 0.071006090 0.082613060 0.043857410 0.036730660 0.041144970 
48     0.016909970 0.033655760 0.013194080 0.112088760 0.159802260 0.112438760 0.111500290 0.060248500 0.059088840 0.056720800 0.067317410 0.014560610 0.020647040 0.009979920 0.134937190 0.076631610 0.035557220 0.007745890 0.049300180 0.081910090 0.043435480 0.066955680 0.065350400 0.069481180 0.104041690 0.086031820 0.001787030 0.049062580 0.085736940 0.077139970 0.130053310 0.148280850 0.014988140 0.027264820 0.040562510 0.049762570 0.074347600 0.058947350 0.006733480 0.036817860 0.088778610 0.056094180 0.066043590 0.090624890 0.099088550 0.071006090 0.000000000 0.005201840 0.015813240 0.006976960 0.077058070 
47     0.008646130 0.106852810 0.053388560 0.094895760 0.103677300 0.063356710 0.119157420 0.065198190 0.031255820 0.060585980 0.112699140 0.101004420 0.102146330 0.114028940 0.183385230 0.044974670 0.057624070 0.078185190 0.060828350 0.007700440 0.037043760 0.068045310 0.047734470 0.048043990 0.095332820 0.097819760 0.103752230 0.178281140 0.184501240 0.171301590 0.048891080 0.090896110 0.074378340 0.056668410 0.106728960 0.109931460 0.089445480 0.103820830 0.116077050 0.107478850 0.144963850 0.043374760 0.122790880 0.075738040 0.093971850 0.082613060 0.005201840 0.000000000 0.011889860 0.023187920 0.079380270 
50     0.050631170 0.057410030 0.035286520 0.095284360 0.037849350 0.095634360 0.036533890 0.023154520 0.051662970 0.082147360 0.040035960 0.039394890 0.020502880 0.052419410 0.029055480 0.037455250 0.036989830 0.031500160 0.055389530 0.098718570 0.086004470 0.063268990 0.070918560 0.027124350 0.011596810 0.148815690 0.123621770 0.052983700 0.034385870 0.004181980 0.103954940 0.125583070 0.022244910 0.120160790 0.064605440 0.013509850 0.081606740 0.059282240 0.067990450 0.056066510 0.021031040 0.047320800 0.034447240 0.073820490 0.067474700 0.043857410 0.015813240 0.011889860 0.000000000 0.005100380 0.163424250 
49     0.074522230 0.082732640 0.143512620 0.074401990 0.048838420 0.091131890 0.090193420 0.070899590 0.121379880 0.095407490 0.139419110 0.080421070 0.183351570 0.093445590 0.136494430 0.022874770 0.114315310 0.072526340 0.027693690 0.027503440 0.070173710 0.051494590 0.036179480 0.074662360 0.130101900 0.069936490 0.085100990 0.027301850 0.172769530 0.187467980 0.101783430 0.117609380 0.107223330 0.084535410 0.050940080 0.016169100 0.102487520 0.091697710 0.027896950 0.018306810 0.004700820 0.028511050 0.045207350 0.056349460 0.064813120 0.036730660 0.006976960 0.023187920 0.005100380 0.000000000 0.030749720 
0     0.031980800 0.041842630 0.063210960 0.063601670 0.010095440 0.026953060 0.112986980 0.028220060 0.031826220 0.185486000 0.115488080 0.097772610 0.068478220 0.050687480 0.056734650 0.075397570 0.021305720 0.018510180 0.021103590 0.087698210 0.040857050 0.008024120 0.032368030 0.051321290 0.084779160 0.049192550 0.027906100 0.031781950 0.056401510 0.029335830 0.124974690 0.122195160 0.066018080 0.007691130 0.027793440 0.025805310 0.045969390 0.061195390 0.051567570 0.037506180 0.070285250 0.071396060 0.041579900 0.003653550 0.111824170 0.041144970 0.077058070 0.079380270 0.163424250 0.030749720 0.000000000 
