51
3     0.000000000 0.167055242 0.437517327 0.418696241 0.426185098 0.434534727 0.425947954 0.446094119 0.444065206 0.448756250 0.457808731 0.436048587 0.438427224 0.480446007 0.429607359 0.457751851 0.452511869 0.444517035 0.448346807 0.446031919 0.419214628 0.420385420 0.418168780 0.435002468 0.435008012 0.420294335 0.500249559 0.500629232 0.501868629 0.498801954 0.506100081 0.515533769 0.501096480 0.504001756 0.464411947 0.475031978 0.472993410 0.506793381 0.592883193 0.587343956 0.542997021 0.586238169 0.582868570 0.591852094 0.536381354 0.510456870 0.560698375 0.601811360 0.559379092 0.557195026 0.677427186 
1     0.167055242 0.000000000 0.404355822 0.385534737 0.392461543 0.400811172 0.392224399 0.412370564 0.410341651 0.415032694 0.424085176 0.402325031 0.404703669 0.446722452 0.395883803 0.424028295 0.418788314 0.410793480 0.414623252 0.412308364 0.385549081 0.386719872 0.384503232 0.401332720 0.401338264 0.386624587 0.466414202 0.466791790 0.468036926 0.464970251 0.472258860 0.481692548 0.467255259 0.470160535 0.430610608 0.441230639 0.439192071 0.473136389 0.559268369 0.553729132 0.509323033 0.552564181 0.549194582 0.558178106 0.502707366 0.476782881 0.527024387 0.568137372 0.525705103 0.523521037 0.643676974 
2     0.437517327 0.404355822 0.000000000 0.056494351 0.189735375 0.198085005 0.189489813 0.209660094 0.207631181 0.212322224 0.221390432 0.199729606 0.202004173 0.244027957 0.193184961 0.221329453 0.216089471 0.208094638 0.211932793 0.209619907 0.182881134 0.184051926 0.181835285 0.198664773 0.198670317 0.183956640 0.264381205 0.264760879 0.265950770 0.262884095 0.270235475 0.279669163 0.265231874 0.268137150 0.228238033 0.238858064 0.236819496 0.271193924 0.357265513 0.351726276 0.307305073 0.350546221 0.347176622 0.356160146 0.300689406 0.274714509 0.325071184 0.366184169 0.323748788 0.321564722 0.440462271 
4     0.418696241 0.385534737 0.056494351 0.000000000 0.171206759 0.179556388 0.170969615 0.191103936 0.189075023 0.193766067 0.202830392 0.181070248 0.183448885 0.225394981 0.174550005 0.202694497 0.197454515 0.189459682 0.193295781 0.190980893 0.164216817 0.165387608 0.163170968 0.180000456 0.180006000 0.165292323 0.245576287 0.245955961 0.247158104 0.244091429 0.251429185 0.260862873 0.246425584 0.249330860 0.209427851 0.220047882 0.218009314 0.252381887 0.338453475 0.332914239 0.288492977 0.331734125 0.328364526 0.337348050 0.281877308 0.255907280 0.306248472 0.347361367 0.304927101 0.302743035 0.421699966 
40     0.426185098 0.392461543 0.189735375 0.171206759 0.000000000 0.035537233 0.030856160 0.051614017 0.049516406 0.054211712 0.064063238 0.045045826 0.046998083 0.117225786 0.066356108 0.094504302 0.089251763 0.081271160 0.085233837 0.083182490 0.080684141 0.081854932 0.079638292 0.096468176 0.096473530 0.081760047 0.189601446 0.189981120 0.191033772 0.187967098 0.195247120 0.204680808 0.190243519 0.193148795 0.153585931 0.164202774 0.162164206 0.195939596 0.281976147 0.276436910 0.232163652 0.275298951 0.271829161 0.280964299 0.225545343 0.199405277 0.249377701 0.290490686 0.248061405 0.245877339 0.370226084 
43     0.434534727 0.400811172 0.198085005 0.179556388 0.035537233 0.000000000 0.038804602 0.060756166 0.058739219 0.063690234 0.072779011 0.055075494 0.056971535 0.125429881 0.074518556 0.102664712 0.097368429 0.089431570 0.093455848 0.091404502 0.089741859 0.090912651 0.088696011 0.105525894 0.105531249 0.090817766 0.196918861 0.197298534 0.198784878 0.195718203 0.202760239 0.212193927 0.197756638 0.200661914 0.161572680 0.172189522 0.170150955 0.204355790 0.290392340 0.284853104 0.240579846 0.283715145 0.280245354 0.289380493 0.233961537 0.207821471 0.257793895 0.298906880 0.256477599 0.254293533 0.378736414 
16     0.425947954 0.392224399 0.189489813 0.170969615 0.030856160 0.038804602 0.000000000 0.051765427 0.049791432 0.054462703 0.063440395 0.046085473 0.047764181 0.116960933 0.066091326 0.094239520 0.088986981 0.081006379 0.084969056 0.082917709 0.080651026 0.081821818 0.079605177 0.096435061 0.096440416 0.081726932 0.189402104 0.189781777 0.190834430 0.187767755 0.195047778 0.204481465 0.190044176 0.192949452 0.153383853 0.163991726 0.161952573 0.194842962 0.280933227 0.275393990 0.231238548 0.274295845 0.270784812 0.279961193 0.224620239 0.198402171 0.248352484 0.289465469 0.247036188 0.244852122 0.370000315 
15     0.446094119 0.412370564 0.209660094 0.191103936 0.051614017 0.060756166 0.051765427 0.000000000 0.029480081 0.047286354 0.073763305 0.065480283 0.067577108 0.137034114 0.086165726 0.114313920 0.109061381 0.101080641 0.105043456 0.102992110 0.100770323 0.101941114 0.099724474 0.116554399 0.116559754 0.101846270 0.209306513 0.209686187 0.210682054 0.207644675 0.214994604 0.224428292 0.209991003 0.212896279 0.173449112 0.184065955 0.182027387 0.215841509 0.301878059 0.296338823 0.252065565 0.295200863 0.291726679 0.300866211 0.245447256 0.219307189 0.269279614 0.310392599 0.267963318 0.265779252 0.390138219 
31     0.444065206 0.410341651 0.207631181 0.189075023 0.049516406 0.058739219 0.049791432 0.029480081 0.000000000 0.045232535 0.071831247 0.063364113 0.065465841 0.135010465 0.084142078 0.112290272 0.107037733 0.099056993 0.103019808 0.100968461 0.098739185 0.099909976 0.097693336 0.114523261 0.114528616 0.099815132 0.207277601 0.207657274 0.208653141 0.205615762 0.212965691 0.222399379 0.207962090 0.210867366 0.171420199 0.182037042 0.179998474 0.213812597 0.299849147 0.294309910 0.250036652 0.293171951 0.289697766 0.298837299 0.243418343 0.217278277 0.267250701 0.308363687 0.265934405 0.263750339 0.388109306 
5     0.448756250 0.415032694 0.212322224 0.193766067 0.054211712 0.063690234 0.054462703 0.047286354 0.045232535 0.000000000 0.076799771 0.068069823 0.070106739 0.139735235 0.088866847 0.117015041 0.111762502 0.103781762 0.107744577 0.105693231 0.103463995 0.104634787 0.102418147 0.119248030 0.119253385 0.104539901 0.211657510 0.212013548 0.213069971 0.210032593 0.217412567 0.226846255 0.212408966 0.215314242 0.175997174 0.186614016 0.184575449 0.218501594 0.304538144 0.298998907 0.254725649 0.297860948 0.294386763 0.303526296 0.248107341 0.221967274 0.271939699 0.313052684 0.270623402 0.268439336 0.392750035 
7     0.457808731 0.424085176 0.221390432 0.202830392 0.064063238 0.072779011 0.063440395 0.073763305 0.071831247 0.076799771 0.000000000 0.077047366 0.078652127 0.148622331 0.097752653 0.125900847 0.120648308 0.112667705 0.116630382 0.114579035 0.112442775 0.113613567 0.111396926 0.128227934 0.128233289 0.113519805 0.221223338 0.221603012 0.222655664 0.219588990 0.226869012 0.236302700 0.221865411 0.224770687 0.185207823 0.195824666 0.193786098 0.227557466 0.313594016 0.308054780 0.263781522 0.306916821 0.303442636 0.312582169 0.257163213 0.231023147 0.280995571 0.322108556 0.279679275 0.277495209 0.401843954 
33     0.436048587 0.402325031 0.199729606 0.181070248 0.045045826 0.055075494 0.046085473 0.065480283 0.063364113 0.068069823 0.077047366 0.000000000 0.053589081 0.127057767 0.076188088 0.104336283 0.099083743 0.091103141 0.095065818 0.093014471 0.090555769 0.091726560 0.089509920 0.106339845 0.106345199 0.091631716 0.199463794 0.199843467 0.200896120 0.197829445 0.205109467 0.214543155 0.200105866 0.203011142 0.163448279 0.174065122 0.172026554 0.205795495 0.291832029 0.286292792 0.242019550 0.285154849 0.281685059 0.290820197 0.235401242 0.209261175 0.259233599 0.300346585 0.257917303 0.255733237 0.380089573 
47     0.438427224 0.404703669 0.202004173 0.183448885 0.046998083 0.056971535 0.047764181 0.067577108 0.065465841 0.070106739 0.078652127 0.053589081 0.000000000 0.129445215 0.078575537 0.106723732 0.101471192 0.093490590 0.097453267 0.095401920 0.092936453 0.094107245 0.091890604 0.108720529 0.108725884 0.094012400 0.201842418 0.202222091 0.203274744 0.200208069 0.207488092 0.216921779 0.202484490 0.205389766 0.165826903 0.176443746 0.174405178 0.208174027 0.294210571 0.288671334 0.244397978 0.287533277 0.284063487 0.293198625 0.237779634 0.211639698 0.261612123 0.302725108 0.260295826 0.258111760 0.382468234 
12     0.480446007 0.446722452 0.244027957 0.225394981 0.117225786 0.125429881 0.116960933 0.137034114 0.135010465 0.139735235 0.148622331 0.127057767 0.129445215 0.000000000 0.088799976 0.117535081 0.112389237 0.104144763 0.110282992 0.108244236 0.134844423 0.136015214 0.133798574 0.150624037 0.150629392 0.135915908 0.244179609 0.244559282 0.245611935 0.242545260 0.249825071 0.259258759 0.244821469 0.247726745 0.208163676 0.218779483 0.216740915 0.250277339 0.336219176 0.330679940 0.286449110 0.329484250 0.326129068 0.335217088 0.279830826 0.253550249 0.303725685 0.344838670 0.302409389 0.300225323 0.424740917 
45     0.429607359 0.395883803 0.193184961 0.174550005 0.066356108 0.074518556 0.066091326 0.086165726 0.084142078 0.088866847 0.097752653 0.076188088 0.078575537 0.088799976 0.000000000 0.052778389 0.047008814 0.039398087 0.060087470 0.057819560 0.084024985 0.085195777 0.082979137 0.099804599 0.099809954 0.085096471 0.193336241 0.193715915 0.194766310 0.191699152 0.198978929 0.208412617 0.193975327 0.196880603 0.157327673 0.167944516 0.165905948 0.199426744 0.285408803 0.279869566 0.235598516 0.278650716 0.275295534 0.284383554 0.228980232 0.202733711 0.252875091 0.293988076 0.251558794 0.249374728 0.373896722 
27     0.457751851 0.424028295 0.221329453 0.202694497 0.094504302 0.102664712 0.094239520 0.114313920 0.112290272 0.117015041 0.125900847 0.104336283 0.106723732 0.117535081 0.052778389 0.000000000 0.057036214 0.057545519 0.088206934 0.086017732 0.112168961 0.113339752 0.111123112 0.127948575 0.127953930 0.113240446 0.221484881 0.221864554 0.222917207 0.219850532 0.227128436 0.236562123 0.222124834 0.225030110 0.185474655 0.196091498 0.194052930 0.227571236 0.313553295 0.308014058 0.263743008 0.306751674 0.303409202 0.312497223 0.257124724 0.230878203 0.281019583 0.322132568 0.279703287 0.277519221 0.402041214 
25     0.452511869 0.418788314 0.216089471 0.197454515 0.089251763 0.097368429 0.088986981 0.109061381 0.107037733 0.111762502 0.120648308 0.099083743 0.101471192 0.112389237 0.047008814 0.057036214 0.000000000 0.052736607 0.082869747 0.080639885 0.106928979 0.108099771 0.105883130 0.122708593 0.122713948 0.108000464 0.216244899 0.216624572 0.217677225 0.214610550 0.221888454 0.231322142 0.216884853 0.219790129 0.180234673 0.190851516 0.188812948 0.222331255 0.308313313 0.302774076 0.258503026 0.301542516 0.298200044 0.307288064 0.251884742 0.225638221 0.275779601 0.316892586 0.274463305 0.272279239 0.396801232 
38     0.444517035 0.410793480 0.208094638 0.189459682 0.081271160 0.089431570 0.081006379 0.101080641 0.099056993 0.103781762 0.112667705 0.091103141 0.093490590 0.104144763 0.039398087 0.057545519 0.052736607 0.000000000 0.074900581 0.072708163 0.098934146 0.100104937 0.097888297 0.114713760 0.114719114 0.100005631 0.208250065 0.208629739 0.209682392 0.206615717 0.213893620 0.223327308 0.208890019 0.211795295 0.172239840 0.182856683 0.180818115 0.214336421 0.300318480 0.294779243 0.250508193 0.293547683 0.290205211 0.299293231 0.243889909 0.217643387 0.267784768 0.308897753 0.266468471 0.264284405 0.388806399 
6     0.448346807 0.414623252 0.211932793 0.193295781 0.085233837 0.093455848 0.084969056 0.105043456 0.103019808 0.107744577 0.116630382 0.095065818 0.097453267 0.110282992 0.060087470 0.088206934 0.082869747 0.074900581 0.000000000 0.036297209 0.102809991 0.103980782 0.101764142 0.118589605 0.118594960 0.103881476 0.211920293 0.212299966 0.213301180 0.210234505 0.217564263 0.226997951 0.212560662 0.215453936 0.176034340 0.186651183 0.184612615 0.218175133 0.304157192 0.298617955 0.254346905 0.297385309 0.294028791 0.303116811 0.247728621 0.221482099 0.271623479 0.312736465 0.270307183 0.268123117 0.392655803 
50     0.446031919 0.412308364 0.209619907 0.190980893 0.083182490 0.091404502 0.082917709 0.102992110 0.100968461 0.105693231 0.114579035 0.093014471 0.095401920 0.108244236 0.057819560 0.086017732 0.080639885 0.072708163 0.036297209 0.000000000 0.100438067 0.101608859 0.099392218 0.116217681 0.116223036 0.101509552 0.209640933 0.210020607 0.211021820 0.207955145 0.215284904 0.224718592 0.210281302 0.213174577 0.173710923 0.184327766 0.182289198 0.215852298 0.301834356 0.296295120 0.252024070 0.295062474 0.291705956 0.300793976 0.245405785 0.218930732 0.269300644 0.310413630 0.267984348 0.265800282 0.390367333 
24     0.419214628 0.385549081 0.182881134 0.164216817 0.080684141 0.089741859 0.080651026 0.100770323 0.098739185 0.103463995 0.112442775 0.090555769 0.092936453 0.134844423 0.084024985 0.112168961 0.106928979 0.098934146 0.102809991 0.100438067 0.000000000 0.020689239 0.020190039 0.047231927 0.047032882 0.032675872 0.183077775 0.183457449 0.184512018 0.181445343 0.188405093 0.197838781 0.183401492 0.186306768 0.146751177 0.157370626 0.155332058 0.188540132 0.274570986 0.269031750 0.225019820 0.268199864 0.264809511 0.273836115 0.218402739 0.192423421 0.242602234 0.283715219 0.241285613 0.239101547 0.363492787 
17     0.420385420 0.386719872 0.184051926 0.165387608 0.081854932 0.090912651 0.081821818 0.101941114 0.099909976 0.104634787 0.113613567 0.091726560 0.094107245 0.136015214 0.085195777 0.113339752 0.108099771 0.100104937 0.103980782 0.101608859 0.020689239 0.000000000 0.021795974 0.048034525 0.047959650 0.033523494 0.184248567 0.184628240 0.185682809 0.182616134 0.189575885 0.199009572 0.184572283 0.187477559 0.147921969 0.158541418 0.156502850 0.189710924 0.275741778 0.270202541 0.226188443 0.269368487 0.265978134 0.275004738 0.219571362 0.193594212 0.243773025 0.284886011 0.242456405 0.240272339 0.364663578 
48     0.418168780 0.384503232 0.181835285 0.163170968 0.079638292 0.088696011 0.079605177 0.099724474 0.097693336 0.102418147 0.111396926 0.089509920 0.091890604 0.133798574 0.082979137 0.111123112 0.105883130 0.097888297 0.101764142 0.099392218 0.020190039 0.021795974 0.000000000 0.045973482 0.045945673 0.031495402 0.182031950 0.182411624 0.183466169 0.180399494 0.187359244 0.196792932 0.182355643 0.185260919 0.145705329 0.156324777 0.154286209 0.187494284 0.273525138 0.267985901 0.223973841 0.267154016 0.263763663 0.272790267 0.217356891 0.191377572 0.241556385 0.282669370 0.240239765 0.238055699 0.362446938 
46     0.435002468 0.401332720 0.198664773 0.180000456 0.096468176 0.105525894 0.096435061 0.116554399 0.114523261 0.119248030 0.128227934 0.106339845 0.108720529 0.150624037 0.099804599 0.127948575 0.122708593 0.114713760 0.118589605 0.116217681 0.047231927 0.048034525 0.045973482 0.000000000 0.042063919 0.031720131 0.198861424 0.199241098 0.200295643 0.197228969 0.204188719 0.213622406 0.199185117 0.202090393 0.162534803 0.173154252 0.171115684 0.204329222 0.290363358 0.284824121 0.240818103 0.283997324 0.280606543 0.289633147 0.234199794 0.208217313 0.258396389 0.299509374 0.257079768 0.254895702 0.379276410 
26     0.435008012 0.401338264 0.198670317 0.180006000 0.096473530 0.105531249 0.096440416 0.116559754 0.114528616 0.119253385 0.128233289 0.106345199 0.108725884 0.150629392 0.099809954 0.127953930 0.122713948 0.114719114 0.118594960 0.116223036 0.047032882 0.047959650 0.045945673 0.042063919 0.000000000 0.031800950 0.198866900 0.199246574 0.200301188 0.197234513 0.204194263 0.213627951 0.199190662 0.202095938 0.162540347 0.173159796 0.171121228 0.204334766 0.290368902 0.284829665 0.240823647 0.284002869 0.280612087 0.289638691 0.234205339 0.208222858 0.258401933 0.299514918 0.257085312 0.254901246 0.379281955 
21     0.420294335 0.386624587 0.183956640 0.165292323 0.081760047 0.090817766 0.081726932 0.101846270 0.099815132 0.104539901 0.113519805 0.091631716 0.094012400 0.135915908 0.085096471 0.113240446 0.108000464 0.100005631 0.103881476 0.101509552 0.032675872 0.033523494 0.031495402 0.031720131 0.031800950 0.000000000 0.184153223 0.184532897 0.185587510 0.182520836 0.189480586 0.198914274 0.184476984 0.187382260 0.147826670 0.158446119 0.156407551 0.189621089 0.275655225 0.270115988 0.226109776 0.269289191 0.265898410 0.274925014 0.219491661 0.193509180 0.243688256 0.284801241 0.242371635 0.240187569 0.364568277 
34     0.500249559 0.466414202 0.264381205 0.245576287 0.189601446 0.196918861 0.189402104 0.209306513 0.207277601 0.211657510 0.221223338 0.199463794 0.201842418 0.244179609 0.193336241 0.221484881 0.216244899 0.208250065 0.211920293 0.209640933 0.183077775 0.184248567 0.182031950 0.198861424 0.198866900 0.184153223 0.000000000 0.028404169 0.081925020 0.078800585 0.109805622 0.119164843 0.105146883 0.108048293 0.171634716 0.182229077 0.180190509 0.258515492 0.344721243 0.339182007 0.294587156 0.337850602 0.334647786 0.343462602 0.288192853 0.262278772 0.312731516 0.353844502 0.311405327 0.309221261 0.445495134 
37     0.500629232 0.466791790 0.264760879 0.245955961 0.189981120 0.197298534 0.189781777 0.209686187 0.207657274 0.212013548 0.221603012 0.199843467 0.202222091 0.244559282 0.193715915 0.221864554 0.216624572 0.208629739 0.212299966 0.210020607 0.183457449 0.184628240 0.182411624 0.199241098 0.199246574 0.184532897 0.028404169 0.000000000 0.081205891 0.078061390 0.110364245 0.119725343 0.105707384 0.108608794 0.171870130 0.182464491 0.180425923 0.258895165 0.345100917 0.339561680 0.294966830 0.338230275 0.335027459 0.343842276 0.288572527 0.262658446 0.313111190 0.354224175 0.311785001 0.309600935 0.445874808 
22     0.501868629 0.468036926 0.265950770 0.247158104 0.191033772 0.198784878 0.190834430 0.210682054 0.208653141 0.213069971 0.222655664 0.200896120 0.203274744 0.245611935 0.194766310 0.222917207 0.217677225 0.209682392 0.213301180 0.211021820 0.184512018 0.185682809 0.183466169 0.200295643 0.200301188 0.185587510 0.081925020 0.081205891 0.000000000 0.020427181 0.111011937 0.120289570 0.106342723 0.109053018 0.173142601 0.183736962 0.181698394 0.259840948 0.346045938 0.340506701 0.295904660 0.339168106 0.335965290 0.344780106 0.289510357 0.263595889 0.314045428 0.355152990 0.312719239 0.310535173 0.447014210 
41     0.498801954 0.464970251 0.262884095 0.244091429 0.187967098 0.195718203 0.187767755 0.207644675 0.205615762 0.210032593 0.219588990 0.197829445 0.200208069 0.242545260 0.191699152 0.219850532 0.214610550 0.206615717 0.210234505 0.207955145 0.181445343 0.182616134 0.180399494 0.197228969 0.197234513 0.182520836 0.078800585 0.078061390 0.020427181 0.000000000 0.108069713 0.117345140 0.103398293 0.106110793 0.170073205 0.180667566 0.178628998 0.256881766 0.343086649 0.337547413 0.292952838 0.336216284 0.333013468 0.341828284 0.286558535 0.260644067 0.311097029 0.352210014 0.309770840 0.307586774 0.443947536 
8     0.506100081 0.472258860 0.270235475 0.251429185 0.195247120 0.202760239 0.195047778 0.214994604 0.212965691 0.217412567 0.226869012 0.205109467 0.207488092 0.249825071 0.198978929 0.227128436 0.221888454 0.213893620 0.217564263 0.215284904 0.188405093 0.189575885 0.187359244 0.204188719 0.204194263 0.189480586 0.109805622 0.110364245 0.111011937 0.108069713 0.000000000 0.050959727 0.038561295 0.042900678 0.177555759 0.188141257 0.186102689 0.264430448 0.350518407 0.344979170 0.299762069 0.343025515 0.339822699 0.348637515 0.294111729 0.268161996 0.318650223 0.359763208 0.317324034 0.315139968 0.451180540 
9     0.515533769 0.481692548 0.279669163 0.260862873 0.204680808 0.212193927 0.204481465 0.224428292 0.222399379 0.226846255 0.236302700 0.214543155 0.216921779 0.259258759 0.208412617 0.236562123 0.231322142 0.223327308 0.226997951 0.224718592 0.197838781 0.199009572 0.196792932 0.213622406 0.213627951 0.198914274 0.119164843 0.119725343 0.120289570 0.117345140 0.050959727 0.000000000 0.047958044 0.051524016 0.186989447 0.197574957 0.195536389 0.273864136 0.359952095 0.354412858 0.309195757 0.352459203 0.349256387 0.358071203 0.303545417 0.277595683 0.328083910 0.369196896 0.326757721 0.324573655 0.460614228 
30     0.501096480 0.467255259 0.265231874 0.246425584 0.190243519 0.197756638 0.190044176 0.209991003 0.207962090 0.212408966 0.221865411 0.200105866 0.202484490 0.244821469 0.193975327 0.222124834 0.216884853 0.208890019 0.212560662 0.210281302 0.183401492 0.184572283 0.182355643 0.199185117 0.199190662 0.184476984 0.105146883 0.105707384 0.106342723 0.103398293 0.038561295 0.047958044 0.000000000 0.036468771 0.172552157 0.183136565 0.181097997 0.259426847 0.345514806 0.339975569 0.294758468 0.338021913 0.334819097 0.343633914 0.289108128 0.263158394 0.313646621 0.354759607 0.312320432 0.310136366 0.446176938 
29     0.504001756 0.470160535 0.268137150 0.249330860 0.193148795 0.200661914 0.192949452 0.212896279 0.210867366 0.215314242 0.224770687 0.203011142 0.205389766 0.247726745 0.196880603 0.225030110 0.219790129 0.211795295 0.215453936 0.213174577 0.186306768 0.187477559 0.185260919 0.202090393 0.202095938 0.187382260 0.108048293 0.108608794 0.109053018 0.106110793 0.042900678 0.051524016 0.036468771 0.000000000 0.175457433 0.186041842 0.184003274 0.262332123 0.348420082 0.342880845 0.297663744 0.340927189 0.337724373 0.346539190 0.292013404 0.266063670 0.316551897 0.357664883 0.315225708 0.313041642 0.449082214 
10     0.464411947 0.430610608 0.228238033 0.209427851 0.153585931 0.161572680 0.153383853 0.173449112 0.171420199 0.175997174 0.185207823 0.163448279 0.165826903 0.208163676 0.157327673 0.185474655 0.180234673 0.172239840 0.176034340 0.173710923 0.146751177 0.147921969 0.145705329 0.162534803 0.162540347 0.147826670 0.171634716 0.171870130 0.173142601 0.170073205 0.177555759 0.186989447 0.172552157 0.175457433 0.000000000 0.036550970 0.034528141 0.223875567 0.309766669 0.304227433 0.259850303 0.303113749 0.299910197 0.308725749 0.253411345 0.227688353 0.277785708 0.318898694 0.276468009 0.274283943 0.409347534 
32     0.475031978 0.441230639 0.238858064 0.220047882 0.164202774 0.172189522 0.163991726 0.184065955 0.182037042 0.186614016 0.195824666 0.174065122 0.176443746 0.218779483 0.167944516 0.196091498 0.190851516 0.182856683 0.186651183 0.184327766 0.157370626 0.158541418 0.156324777 0.173154252 0.173159796 0.158446119 0.182229077 0.182464491 0.183736962 0.180667566 0.188141257 0.197574957 0.183136565 0.186041842 0.036550970 0.000000000 0.028689138 0.234487115 0.320378217 0.314838980 0.270461851 0.313725297 0.310521745 0.319337297 0.264022893 0.238299901 0.288397256 0.329510241 0.287079557 0.284895491 0.419966983 
13     0.472993410 0.439192071 0.236819496 0.218009314 0.162164206 0.170150955 0.161952573 0.182027387 0.179998474 0.184575449 0.193786098 0.172026554 0.174405178 0.216740915 0.165905948 0.194052930 0.188812948 0.180818115 0.184612615 0.182289198 0.155332058 0.156502850 0.154286209 0.171115684 0.171121228 0.156407551 0.180190509 0.180425923 0.181698394 0.178628998 0.186102689 0.195536389 0.181097997 0.184003274 0.034528141 0.028689138 0.000000000 0.232448547 0.318339649 0.312800413 0.268423283 0.311686729 0.308483177 0.317298729 0.261984325 0.236261333 0.286358688 0.327471673 0.285040989 0.282856923 0.417928415 
11     0.506793381 0.473136389 0.271193924 0.252381887 0.195939596 0.204355790 0.194842962 0.215841509 0.213812597 0.218501594 0.227557466 0.205795495 0.208174027 0.250277339 0.199426744 0.227571236 0.222331255 0.214336421 0.218175133 0.215852298 0.188540132 0.189710924 0.187494284 0.204329222 0.204334766 0.189621089 0.258515492 0.258895165 0.259840948 0.256881766 0.264430448 0.273864136 0.259426847 0.262332123 0.223875567 0.234487115 0.232448547 0.000000000 0.159969946 0.154453462 0.141294581 0.185218562 0.181992283 0.190459481 0.134431319 0.106945394 0.157105641 0.198347650 0.155586892 0.153408436 0.450810185 
23     0.592883193 0.559268369 0.357265513 0.338453475 0.281976147 0.290392340 0.280933227 0.301878059 0.299849147 0.304538144 0.313594016 0.291832029 0.294210571 0.336219176 0.285408803 0.313553295 0.308313313 0.300318480 0.304157192 0.301834356 0.274570986 0.275741778 0.273525138 0.290363358 0.290368902 0.275655225 0.344721243 0.345100917 0.346045938 0.343086649 0.350518407 0.359952095 0.345514806 0.348420082 0.309766669 0.320378217 0.318339649 0.159969946 0.000000000 0.043936066 0.224442227 0.268370023 0.265134849 0.273603723 0.217267523 0.190889487 0.243102294 0.284386036 0.241585656 0.239389073 0.538187539 
44     0.587343956 0.553729132 0.351726276 0.332914239 0.276436910 0.284853104 0.275393990 0.296338823 0.294309910 0.298998907 0.308054780 0.286292792 0.288671334 0.330679940 0.279869566 0.308014058 0.302774076 0.294779243 0.298617955 0.296295120 0.269031750 0.270202541 0.267985901 0.284824121 0.284829665 0.270115988 0.339182007 0.339561680 0.340506701 0.337547413 0.344979170 0.354412858 0.339975569 0.342880845 0.304227433 0.314838980 0.312800413 0.154453462 0.043936066 0.000000000 0.218852094 0.262779891 0.259544716 0.268013591 0.211677390 0.185299354 0.237512161 0.278795904 0.235995523 0.233798940 0.532648302 
14     0.542997021 0.509323033 0.307305073 0.288492977 0.232163652 0.240579846 0.231238548 0.252065565 0.250036652 0.254725649 0.263781522 0.242019550 0.244397978 0.286449110 0.235598516 0.263743008 0.258503026 0.250508193 0.254346905 0.252024070 0.225019820 0.226188443 0.223973841 0.240818103 0.240823647 0.226109776 0.294587156 0.294966830 0.295904660 0.292952838 0.299762069 0.309195757 0.294758468 0.297663744 0.259850303 0.270461851 0.268423283 0.141294581 0.224442227 0.218852094 0.000000000 0.085640430 0.082410915 0.090744852 0.058883884 0.124127898 0.170250558 0.211459631 0.169152764 0.166974031 0.488518132 
18     0.586238169 0.552564181 0.350546221 0.331734125 0.275298951 0.283715145 0.274295845 0.295200863 0.293171951 0.297860948 0.306916821 0.285154849 0.287533277 0.329484250 0.278650716 0.306751674 0.301542516 0.293547683 0.297385309 0.295062474 0.268199864 0.269368487 0.267154016 0.283997324 0.284002869 0.269289191 0.337850602 0.338230275 0.339168106 0.336216284 0.343025515 0.352459203 0.338021913 0.340927189 0.303113749 0.313725297 0.311686729 0.185218562 0.268370023 0.262779891 0.085640430 0.000000000 0.096117043 0.107799627 0.102117942 0.167897443 0.213948378 0.255145522 0.212838655 0.210659922 0.531754331 
19     0.582868570 0.549194582 0.347176622 0.328364526 0.271829161 0.280245354 0.270784812 0.291726679 0.289697766 0.294386763 0.303442636 0.281685059 0.284063487 0.326129068 0.275295534 0.303409202 0.298200044 0.290205211 0.294028791 0.291705956 0.264809511 0.265978134 0.263763663 0.280606543 0.280612087 0.265898410 0.334647786 0.335027459 0.335965290 0.333013468 0.339822699 0.349256387 0.334819097 0.337724373 0.299910197 0.310521745 0.308483177 0.181992283 0.265134849 0.259544716 0.082410915 0.096117043 0.000000000 0.062937253 0.099312648 0.164767046 0.210958055 0.252166972 0.209860105 0.207681372 0.528417803 
20     0.591852094 0.558178106 0.356160146 0.337348050 0.280964299 0.289380493 0.279961193 0.300866211 0.298837299 0.303526296 0.312582169 0.290820197 0.293198625 0.335217088 0.284383554 0.312497223 0.307288064 0.299293231 0.303116811 0.300793976 0.273836115 0.275004738 0.272790267 0.289633147 0.289638691 0.274925014 0.343462602 0.343842276 0.344780106 0.341828284 0.348637515 0.358071203 0.343633914 0.346539190 0.308725749 0.319337297 0.317298729 0.190459481 0.273603723 0.268013591 0.090744852 0.107799627 0.062937253 0.000000000 0.107641292 0.173258409 0.219377170 0.260586087 0.218279220 0.216100487 0.537376656 
36     0.536381354 0.502707366 0.300689406 0.281877308 0.225545343 0.233961537 0.224620239 0.245447256 0.243418343 0.248107341 0.257163213 0.235401242 0.237779634 0.279830826 0.228980232 0.257124724 0.251884742 0.243889909 0.247728621 0.245405785 0.218402739 0.219571362 0.217356891 0.234199794 0.234205339 0.219491661 0.288192853 0.288572527 0.289510357 0.286558535 0.294111729 0.303545417 0.289108128 0.292013404 0.253411345 0.264022893 0.261984325 0.134431319 0.217267523 0.211677390 0.058883884 0.102117942 0.099312648 0.107641292 0.000000000 0.116964901 0.163388353 0.204582725 0.162275858 0.160097125 0.481904994 
35     0.510456870 0.476782881 0.274714509 0.255907280 0.199405277 0.207821471 0.198402171 0.219307189 0.217278277 0.221967274 0.231023147 0.209261175 0.211639698 0.253550249 0.202733711 0.230878203 0.225638221 0.217643387 0.221482099 0.218930732 0.192423421 0.193594212 0.191377572 0.208217313 0.208222858 0.193509180 0.262278772 0.262658446 0.263595889 0.260644067 0.268161996 0.277595683 0.263158394 0.266063670 0.227688353 0.238299901 0.236261333 0.106945394 0.190889487 0.185299354 0.124127898 0.167897443 0.164767046 0.173258409 0.116964901 0.000000000 0.138864625 0.179739130 0.137244827 0.135135140 0.455960053 
49     0.560698375 0.527024387 0.325071184 0.306248472 0.249377701 0.257793895 0.248352484 0.269279614 0.267250701 0.271939699 0.280995571 0.259233599 0.261612123 0.303725685 0.252875091 0.281019583 0.275779601 0.267784768 0.271623479 0.269300644 0.242602234 0.243773025 0.241556385 0.258396389 0.258401933 0.243688256 0.312731516 0.313111190 0.314045428 0.311097029 0.318650223 0.328083910 0.313646621 0.316551897 0.277785708 0.288397256 0.286358688 0.157105641 0.243102294 0.237512161 0.170250558 0.213948378 0.210958055 0.219377170 0.163388353 0.138864625 0.000000000 0.090861547 0.071367463 0.069899920 0.505298570 
28     0.601811360 0.568137372 0.366184169 0.347361367 0.290490686 0.298906880 0.289465469 0.310392599 0.308363687 0.313052684 0.322108556 0.300346585 0.302725108 0.344838670 0.293988076 0.322132568 0.316892586 0.308897753 0.312736465 0.310413630 0.283715219 0.284886011 0.282669370 0.299509374 0.299514918 0.284801241 0.353844502 0.354224175 0.355152990 0.352210014 0.359763208 0.369196896 0.354759607 0.357664883 0.318898694 0.329510241 0.327471673 0.198347650 0.284386036 0.278795904 0.211459631 0.255145522 0.252166972 0.260586087 0.204582725 0.179739130 0.090861547 0.000000000 0.112552522 0.111172745 0.546411556 
42     0.559379092 0.525705103 0.323748788 0.304927101 0.248061405 0.256477599 0.247036188 0.267963318 0.265934405 0.270623402 0.279679275 0.257917303 0.260295826 0.302409389 0.251558794 0.279703287 0.274463305 0.266468471 0.270307183 0.267984348 0.241285613 0.242456405 0.240239765 0.257079768 0.257085312 0.242371635 0.311405327 0.311785001 0.312719239 0.309770840 0.317324034 0.326757721 0.312320432 0.315225708 0.276468009 0.287079557 0.285040989 0.155586892 0.241585656 0.235995523 0.169152764 0.212838655 0.209860105 0.218279220 0.162275858 0.137244827 0.071367463 0.112552522 0.000000000 0.024698802 0.503981196 
39     0.557195026 0.523521037 0.321564722 0.302743035 0.245877339 0.254293533 0.244852122 0.265779252 0.263750339 0.268439336 0.277495209 0.255733237 0.258111760 0.300225323 0.249374728 0.277519221 0.272279239 0.264284405 0.268123117 0.265800282 0.239101547 0.240272339 0.238055699 0.254895702 0.254901246 0.240187569 0.309221261 0.309600935 0.310535173 0.307586774 0.315139968 0.324573655 0.310136366 0.313041642 0.274283943 0.284895491 0.282856923 0.153408436 0.239389073 0.233798940 0.166974031 0.210659922 0.207681372 0.216100487 0.160097125 0.135135140 0.069899920 0.111172745 0.024698802 0.000000000 0.501797130 
0     0.677427186 0.643676974 0.440462271 0.421699966 0.370226084 0.378736414 0.370000315 0.390138219 0.388109306 0.392750035 0.401843954 0.380089573 0.382468234 0.424740917 0.373896722 0.402041214 0.396801232 0.388806399 0.392655803 0.390367333 0.363492787 0.364663578 0.362446938 0.379276410 0.379281955 0.364568277 0.445495134 0.445874808 0.447014210 0.443947536 0.451180540 0.460614228 0.446176938 0.449082214 0.409347534 0.419966983 0.417928415 0.450810185 0.538187539 0.532648302 0.488518132 0.531754331 0.528417803 0.537376656 0.481904994 0.455960053 0.505298570 0.546411556 0.503981196 0.501797130 0.000000000 
