51
19     0.000000000 0.042700593 0.104743713 0.153510049 0.159258244 0.160415540 0.159282922 0.162030923 0.161879773 0.201893774 0.203059039 0.194641811 0.236552518 0.219119556 0.219656027 0.221895748 0.216020582 0.228700295 0.229587995 0.228031332 0.242249394 0.232329578 0.294195024 0.294681434 0.218289311 0.217835007 0.236178179 0.243767475 0.233351756 0.216425934 0.212382639 0.234339252 0.229908889 0.214020291 0.211807678 0.212769959 0.213252844 0.211756902 0.220856134 0.218241972 0.210281395 0.228236122 0.229906914 0.228860727 0.235295912 0.217630410 0.222304636 0.271368369 0.213304670 0.204857528 0.482455391 
17     0.042700593 0.000000000 0.100223181 0.148930077 0.154771374 0.155867138 0.154713666 0.157482520 0.157331371 0.197272566 0.198437831 0.190020603 0.231935866 0.214502904 0.215039375 0.217279096 0.211403930 0.224083607 0.224971308 0.223414680 0.237699667 0.227779851 0.289645296 0.290131707 0.213645167 0.213285179 0.231688469 0.239277765 0.228862046 0.211936224 0.207892929 0.229849542 0.225419180 0.209530581 0.207317968 0.208280249 0.208763134 0.207267192 0.216366424 0.213752467 0.205791891 0.223746617 0.225417996 0.224371808 0.230806994 0.213141492 0.217815717 0.266878660 0.208814960 0.200367818 0.477887750 
8     0.104743713 0.100223181 0.000000000 0.159365553 0.165221058 0.166316822 0.165163351 0.167932204 0.167781055 0.207371497 0.208536761 0.200119534 0.242023266 0.224559886 0.225096357 0.227336078 0.221460912 0.234153699 0.235041400 0.233471662 0.247757709 0.237830396 0.299703338 0.300189749 0.223798478 0.223343221 0.241746512 0.249335807 0.238920089 0.221994267 0.217950971 0.239907585 0.235477222 0.219588623 0.217376011 0.218338291 0.218821177 0.217325234 0.226424466 0.223810509 0.215849933 0.233804659 0.235476038 0.234429851 0.240865036 0.223199534 0.227873760 0.276936702 0.218873002 0.210425860 0.486827085 
10     0.153510049 0.148930077 0.159365553 0.000000000 0.088858236 0.089665766 0.088779857 0.090968393 0.090734865 0.195273195 0.196438459 0.188021232 0.229760733 0.212272003 0.212808474 0.215048195 0.209173029 0.221893411 0.222781111 0.221184469 0.235124035 0.225209952 0.287075090 0.287561501 0.211569356 0.210975715 0.229379162 0.236968458 0.226552739 0.209602881 0.205559585 0.227540235 0.223109872 0.207221273 0.205008661 0.205970941 0.206453827 0.204957884 0.214051010 0.211378352 0.203498362 0.221453088 0.223124467 0.222056394 0.228513465 0.210847963 0.215500303 0.264563245 0.206468378 0.198025128 0.475372240 
18     0.159258244 0.154771374 0.165221058 0.088858236 0.000000000 0.066217753 0.065286599 0.068007681 0.067931558 0.201169355 0.202334619 0.193917392 0.235576230 0.218087501 0.218623972 0.220863692 0.214988527 0.227677431 0.228565132 0.226944015 0.241025192 0.231111109 0.292976247 0.293462657 0.217511251 0.216917609 0.235324270 0.242913565 0.232497846 0.215554414 0.211511118 0.233485342 0.229054980 0.213166381 0.210953769 0.211916049 0.212398934 0.210902992 0.220004187 0.217344439 0.209429653 0.227384379 0.229055758 0.228009571 0.234444756 0.216779254 0.221453480 0.270516422 0.212452723 0.204005581 0.481252300 
13     0.160415540 0.155867138 0.166316822 0.089665766 0.066217753 0.000000000 0.027507018 0.056177011 0.056445603 0.202198151 0.203363415 0.194946188 0.236548065 0.219059335 0.219595806 0.221835527 0.215960361 0.228649265 0.229536966 0.227915849 0.241982999 0.232068915 0.293934053 0.294420464 0.218469057 0.217875416 0.236282076 0.243871372 0.233455653 0.216512220 0.212468925 0.234443149 0.230012786 0.214124187 0.211911575 0.212873855 0.213356741 0.211860798 0.220961993 0.218302245 0.210387460 0.228342186 0.230013565 0.228967377 0.235402563 0.217737060 0.222411286 0.271474228 0.213410529 0.204963387 0.482193969 
16     0.159282922 0.154713666 0.165163351 0.088779857 0.065286599 0.027507018 0.000000000 0.055943477 0.055880395 0.201024848 0.202190113 0.193772885 0.235379642 0.217890913 0.218427384 0.220667104 0.214791939 0.227480843 0.228368543 0.226747427 0.240814576 0.230900493 0.292765631 0.293252042 0.217300635 0.216706993 0.235113654 0.242702949 0.232287230 0.215343798 0.211300502 0.233274727 0.228844364 0.212955765 0.210743153 0.211705433 0.212188318 0.210692376 0.219793571 0.217133823 0.209219037 0.227173764 0.228845142 0.227798955 0.234234140 0.216568638 0.221242864 0.270305806 0.212242107 0.203794965 0.481025547 
1     0.162030923 0.157482520 0.167932204 0.090968393 0.068007681 0.056177011 0.055943477 0.000000000 0.031267521 0.203795603 0.204960868 0.196543640 0.238150398 0.220661668 0.221198139 0.223437860 0.217562694 0.230251598 0.231139299 0.229518182 0.243585331 0.233671248 0.295536386 0.296022797 0.220071390 0.219477749 0.237884409 0.245473704 0.235057986 0.218121553 0.214078258 0.236045482 0.231615119 0.215726520 0.213513908 0.214476188 0.214959074 0.213463131 0.222564326 0.219904578 0.211989793 0.229944519 0.231615898 0.230569710 0.237004896 0.219339393 0.224013619 0.273076561 0.215012862 0.206565720 0.483796302 
6     0.161879773 0.157331371 0.167781055 0.090734865 0.067931558 0.056445603 0.055880395 0.031267521 0.000000000 0.203622794 0.204788058 0.196370831 0.237966357 0.220477627 0.221014098 0.223253819 0.217378653 0.230067557 0.230955258 0.229334141 0.243352671 0.233438588 0.295303726 0.295790136 0.219838730 0.219245088 0.237651749 0.245241044 0.234825325 0.217881893 0.213838597 0.235812821 0.231382459 0.215493860 0.213281247 0.214243528 0.214726413 0.213230471 0.222331666 0.219671917 0.211757132 0.229711858 0.231383237 0.230337050 0.236772235 0.219106733 0.223780959 0.272843901 0.214780202 0.206333060 0.483570008 
20     0.201893774 0.197272566 0.207371497 0.195273195 0.201169355 0.202198151 0.201024848 0.203795603 0.203622794 0.000000000 0.044075829 0.059556524 0.249862604 0.232246364 0.232782835 0.235022556 0.229147390 0.242170803 0.243058504 0.241446708 0.255198525 0.245293876 0.307144155 0.307630565 0.231922811 0.231337400 0.249644997 0.257234292 0.246818573 0.229926781 0.225883486 0.247684670 0.243394295 0.227505696 0.225293084 0.226255364 0.226692489 0.225242307 0.234400023 0.231775096 0.223799505 0.241754231 0.243446618 0.242400430 0.248814608 0.231149106 0.235823332 0.284907281 0.226809677 0.218362536 0.495719345 
14     0.203059039 0.198437831 0.208536761 0.196438459 0.202334619 0.203363415 0.202190113 0.204960868 0.204788058 0.044075829 0.000000000 0.060210116 0.251118934 0.233502695 0.234039165 0.236278886 0.230403721 0.243360440 0.244248140 0.242636344 0.256390136 0.246485487 0.308335766 0.308822176 0.233114422 0.232529011 0.250836608 0.258425903 0.248010184 0.231118392 0.227075097 0.248864555 0.244585906 0.228697307 0.226484695 0.227446975 0.227884100 0.226433918 0.235591634 0.232966707 0.224991116 0.242945842 0.244638229 0.243592041 0.250006219 0.232340717 0.237014943 0.286098892 0.228001288 0.219554147 0.496935578 
11     0.194641811 0.190020603 0.200119534 0.188021232 0.193917392 0.194946188 0.193772885 0.196543640 0.196370831 0.059556524 0.060210116 0.000000000 0.242596347 0.224980108 0.225516578 0.227756299 0.221881134 0.234837853 0.235725553 0.234113757 0.247853868 0.237949218 0.299799497 0.300285908 0.224561016 0.223975605 0.242275529 0.249864824 0.239449106 0.222557313 0.218514018 0.240328325 0.236024827 0.220136228 0.217923616 0.218885896 0.219321527 0.217872839 0.226967535 0.224408018 0.216432427 0.234387153 0.236079540 0.235033352 0.241447530 0.223782028 0.228456254 0.277523667 0.219447882 0.211000740 0.488409734 
4     0.236552518 0.231935866 0.242023266 0.229760733 0.235576230 0.236548065 0.235379642 0.238150398 0.237966357 0.249862604 0.251118934 0.242596347 0.000000000 0.136082766 0.136615811 0.138709314 0.133137387 0.202935088 0.203822789 0.202080961 0.258445462 0.248544190 0.310389706 0.310876117 0.235651616 0.235030770 0.253366714 0.260885035 0.250540291 0.233608030 0.229564735 0.251544071 0.247089364 0.230873123 0.228660510 0.229622791 0.230111857 0.228609734 0.238106239 0.235547648 0.227501874 0.245456600 0.247153111 0.246106923 0.252513298 0.234847796 0.239493311 0.288630067 0.230495347 0.222036796 0.499837023 
15     0.219119556 0.214502904 0.224559886 0.212272003 0.218087501 0.219059335 0.217890913 0.220661668 0.220477627 0.232246364 0.233502695 0.224980108 0.136082766 0.000000000 0.023673455 0.053608033 0.048271604 0.185599083 0.186486784 0.184740474 0.241321079 0.231419806 0.293265323 0.293751734 0.218529473 0.217908627 0.236244571 0.243804012 0.233418148 0.216485888 0.212442592 0.234421928 0.229967221 0.213759930 0.211547318 0.212509598 0.212998665 0.211496541 0.220980966 0.218422374 0.210376600 0.228331327 0.230027837 0.228981650 0.235388025 0.217722523 0.222368038 0.271504793 0.213370074 0.204911523 0.482501473 
3     0.219656027 0.215039375 0.225096357 0.212808474 0.218623972 0.219595806 0.218427384 0.221198139 0.221014098 0.232782835 0.234039165 0.225516578 0.136615811 0.023673455 0.000000000 0.053422462 0.048477061 0.186139042 0.187026742 0.185280433 0.241857549 0.231956277 0.293801794 0.294288204 0.219065944 0.218445098 0.236781042 0.244340483 0.233954619 0.217022358 0.212979063 0.234958399 0.230503691 0.214296401 0.212083788 0.213046069 0.213535135 0.212033012 0.221517437 0.218958845 0.210913071 0.228867797 0.230564308 0.229518121 0.235924496 0.218258994 0.222904508 0.272041264 0.213906545 0.205447993 0.483037944 
7     0.221895748 0.217279096 0.227336078 0.215048195 0.220863692 0.221835527 0.220667104 0.223437860 0.223253819 0.235022556 0.236278886 0.227756299 0.138709314 0.053608033 0.053422462 0.000000000 0.029736744 0.188378762 0.189266463 0.187520153 0.244097270 0.234195998 0.296041515 0.296527925 0.221305665 0.220684818 0.239020763 0.246580204 0.236194339 0.219262079 0.215218784 0.237198120 0.232743412 0.216536121 0.214323509 0.215285790 0.215774856 0.214272733 0.223757157 0.221198566 0.213152792 0.231107518 0.232804029 0.231757841 0.238164217 0.220498714 0.225144229 0.274280985 0.216146265 0.207687714 0.485277664 
5     0.216020582 0.211403930 0.221460912 0.209173029 0.214988527 0.215960361 0.214791939 0.217562694 0.217378653 0.229147390 0.230403721 0.221881134 0.133137387 0.048271604 0.048477061 0.029736744 0.000000000 0.182648295 0.183535996 0.181789686 0.238181626 0.228280353 0.290125870 0.290612281 0.215372807 0.214751960 0.232980780 0.240540221 0.230135346 0.213231192 0.209187897 0.231173152 0.226718445 0.210520289 0.208307677 0.209269957 0.209759024 0.208256900 0.217827073 0.215199677 0.207153903 0.225108629 0.226805140 0.225758952 0.232165327 0.214499825 0.219145340 0.268282095 0.210147376 0.201688825 0.479402499 
9     0.228700295 0.224083607 0.234153699 0.221893411 0.227677431 0.228649265 0.227480843 0.230251598 0.230067557 0.242170803 0.243360440 0.234837853 0.202935088 0.185599083 0.186139042 0.188378762 0.182648295 0.000000000 0.033013616 0.068719079 0.250485436 0.240584164 0.302429681 0.302916091 0.227796229 0.227175383 0.245473452 0.253045710 0.242647029 0.225721334 0.221678039 0.243624602 0.239169895 0.223070435 0.220857822 0.221820103 0.222335168 0.220807046 0.230253361 0.227675619 0.219629845 0.237584571 0.239300233 0.238254045 0.244660420 0.226685098 0.231480534 0.280714033 0.222657438 0.214121805 0.492138242 
2     0.229587995 0.224971308 0.235041400 0.222781111 0.228565132 0.229536966 0.228368543 0.231139299 0.230955258 0.243058504 0.244248140 0.235725553 0.203822789 0.186486784 0.187026742 0.189266463 0.183535996 0.033013616 0.000000000 0.069953702 0.251373136 0.241471864 0.303317381 0.303803791 0.228683930 0.228063083 0.246361153 0.253933410 0.243534729 0.226609035 0.222565739 0.244512302 0.240057595 0.223958135 0.221745523 0.222707803 0.223222868 0.221694746 0.231141062 0.228563319 0.220517545 0.238472272 0.240187933 0.239141746 0.245548121 0.227572799 0.232368234 0.281601733 0.223545139 0.215009506 0.493025943 
12     0.228031332 0.223414680 0.233471662 0.221184469 0.226944015 0.227915849 0.226747427 0.229518182 0.229334141 0.241446708 0.242636344 0.234113757 0.202080961 0.184740474 0.185280433 0.187520153 0.181789686 0.068719079 0.069953702 0.000000000 0.249521574 0.239620302 0.301350727 0.301848951 0.226885751 0.226264905 0.244562974 0.252135232 0.241736551 0.224810856 0.220767561 0.242714124 0.238259417 0.222159957 0.219947344 0.220909625 0.221424690 0.219896568 0.229342883 0.226765141 0.218719367 0.236674093 0.238389755 0.237343567 0.243749942 0.225751140 0.230560478 0.279803555 0.221746960 0.213220102 0.490627428 
50     0.242249394 0.237699667 0.247757709 0.235124035 0.241025192 0.241982999 0.240814576 0.243585331 0.243352671 0.255198525 0.256390136 0.247853868 0.258445462 0.241321079 0.241857549 0.244097270 0.238181626 0.250485436 0.251373136 0.249521574 0.000000000 0.062645897 0.177293921 0.177837334 0.207685393 0.207041513 0.226488154 0.234081265 0.223657007 0.206781903 0.202738608 0.224445754 0.219983854 0.203948990 0.201736378 0.202698658 0.203467151 0.201920233 0.210606786 0.208175723 0.200091589 0.218067587 0.219773682 0.218727495 0.225179562 0.207512411 0.212204714 0.260821395 0.202798571 0.194463448 0.494673790 
48     0.232329578 0.227779851 0.237830396 0.225209952 0.231111109 0.232068915 0.230900493 0.233671248 0.233438588 0.245293876 0.246485487 0.237949218 0.248544190 0.231419806 0.231956277 0.234195998 0.228280353 0.240584164 0.241471864 0.239620302 0.062645897 0.000000000 0.167980559 0.168542782 0.197796478 0.197152598 0.216591741 0.224184851 0.213760594 0.196885489 0.192842194 0.214549340 0.210087440 0.194054755 0.191842142 0.192804423 0.193570738 0.192023819 0.200710373 0.198293450 0.190209499 0.208185314 0.209878628 0.208802111 0.215290911 0.197630321 0.202322624 0.251010366 0.192909657 0.184568888 0.484779348 
42     0.294195024 0.289645296 0.299703338 0.287075090 0.292976247 0.293934053 0.292765631 0.295536386 0.295303726 0.307144155 0.308335766 0.299799497 0.310389706 0.293265323 0.293801794 0.296041515 0.290125870 0.302429681 0.303317381 0.301350727 0.177293921 0.167980559 0.000000000 0.052712193 0.259566244 0.258922364 0.278367863 0.285960974 0.275536716 0.258661612 0.254618316 0.276263302 0.271801402 0.255884528 0.253671915 0.254634196 0.255346860 0.253799942 0.262486495 0.260099666 0.252015532 0.269991531 0.271697625 0.270651438 0.277103505 0.259436354 0.264128657 0.312784209 0.254685779 0.246350656 0.546414725 
46     0.294681434 0.290131707 0.300189749 0.287561501 0.293462657 0.294420464 0.293252042 0.296022797 0.295790136 0.307630565 0.308822176 0.300285908 0.310876117 0.293751734 0.294288204 0.296527925 0.290612281 0.302916091 0.303803791 0.301848951 0.177837334 0.168542782 0.052712193 0.000000000 0.260052655 0.259408775 0.278854273 0.286447384 0.276023127 0.259148022 0.255104727 0.276749713 0.272287812 0.256370938 0.254158326 0.255120606 0.255833270 0.254286352 0.262972905 0.260586076 0.252501943 0.270477941 0.272184036 0.271137848 0.277589916 0.259922765 0.264615068 0.313270619 0.255172189 0.246837066 0.546901135 
33     0.218289311 0.213645167 0.223798478 0.211569356 0.217511251 0.218469057 0.217300635 0.220071390 0.219838730 0.231922811 0.233114422 0.224561016 0.235651616 0.218529473 0.219065944 0.221305665 0.215372807 0.227796229 0.228683930 0.226885751 0.207685393 0.197796478 0.259566244 0.260052655 0.000000000 0.066371702 0.172786411 0.180413581 0.169985697 0.153116958 0.149073504 0.170593159 0.166134879 0.150578576 0.148331710 0.149300070 0.149837771 0.148263840 0.157167129 0.154363638 0.146314248 0.164259905 0.165582334 0.164542771 0.171183973 0.153424335 0.158095085 0.207876476 0.149058925 0.140720957 0.470794493 
49     0.217835007 0.213285179 0.223343221 0.210975715 0.216917609 0.217875416 0.216706993 0.219477749 0.219245088 0.231337400 0.232529011 0.223975605 0.235030770 0.217908627 0.218445098 0.220684818 0.214751960 0.227175383 0.228063083 0.226264905 0.207041513 0.197152598 0.258922364 0.259408775 0.066371702 0.000000000 0.172153301 0.179780471 0.169352588 0.152483848 0.148440395 0.169960050 0.165501770 0.149945466 0.147698600 0.148666961 0.149204661 0.147630731 0.156497220 0.153697581 0.145648191 0.163593849 0.164916277 0.163876714 0.170517916 0.152758278 0.157429028 0.207206567 0.148411864 0.140073896 0.470172533 
30     0.236178179 0.231688469 0.241746512 0.229379162 0.235324270 0.236282076 0.235113654 0.237884409 0.237651749 0.249644997 0.250836608 0.242275529 0.253366714 0.236244571 0.236781042 0.239020763 0.232980780 0.245473452 0.246361153 0.244562974 0.226488154 0.216591741 0.278367863 0.278854273 0.172786411 0.172153301 0.000000000 0.064598498 0.059111750 0.112700003 0.109134356 0.138847031 0.134277118 0.129964911 0.127710843 0.128568351 0.129024151 0.127445063 0.163847909 0.160435101 0.152361917 0.170144023 0.171914960 0.170803502 0.177248796 0.159750475 0.164355744 0.213988206 0.155577934 0.147431727 0.488339748 
35     0.243767475 0.239277765 0.249335807 0.236968458 0.242913565 0.243871372 0.242702949 0.245473704 0.245241044 0.257234292 0.258425903 0.249864824 0.260885035 0.243804012 0.244340483 0.246580204 0.240540221 0.253045710 0.253933410 0.252135232 0.234081265 0.224184851 0.285960974 0.286447384 0.180413581 0.179780471 0.064598498 0.000000000 0.067408609 0.120727639 0.117190898 0.146407817 0.141837903 0.137470170 0.135218279 0.136089852 0.136574257 0.134995169 0.171423661 0.167957100 0.159893091 0.177625491 0.179370384 0.178258926 0.184700441 0.167248781 0.171850275 0.221480218 0.163177401 0.155059538 0.495929044 
47     0.233351756 0.228862046 0.238920089 0.226552739 0.232497846 0.233455653 0.232287230 0.235057986 0.234825325 0.246818573 0.248010184 0.239449106 0.250540291 0.233418148 0.233954619 0.236194339 0.230135346 0.242647029 0.243534729 0.241736551 0.223657007 0.213760594 0.275536716 0.276023127 0.169985697 0.169352588 0.059111750 0.067408609 0.000000000 0.109668218 0.106207220 0.135918999 0.131289243 0.127020465 0.124767038 0.125624546 0.126080346 0.124501258 0.160988828 0.157585112 0.149521103 0.167253503 0.169041278 0.167929820 0.174375115 0.156876793 0.161482063 0.211107673 0.152821810 0.144715197 0.485513325 
32     0.216425934 0.211936224 0.221994267 0.209602881 0.215554414 0.216512220 0.215343798 0.218121553 0.217881893 0.229926781 0.231118392 0.222557313 0.233608030 0.216485888 0.217022358 0.219262079 0.213231192 0.225721334 0.226609035 0.224810856 0.206781903 0.196885489 0.258661612 0.259148022 0.153116958 0.152483848 0.112700003 0.120727639 0.109668218 0.000000000 0.043080464 0.119798338 0.115479876 0.110231583 0.108173236 0.109227033 0.109439687 0.108028800 0.144233554 0.140620336 0.132406310 0.150280803 0.152244083 0.151132625 0.157556490 0.140108737 0.144708647 0.194281338 0.136085656 0.127989726 0.468621283 
22     0.212382639 0.207892929 0.217950971 0.205559585 0.211511118 0.212468925 0.211300502 0.214078258 0.213838597 0.225883486 0.227075097 0.218514018 0.229564735 0.212442592 0.212979063 0.215218784 0.209187897 0.221678039 0.222565739 0.220767561 0.202738608 0.192842194 0.254618316 0.255104727 0.149073504 0.148440395 0.109134356 0.117190898 0.106207220 0.043080464 0.000000000 0.115388171 0.111080228 0.106139275 0.104080167 0.105133965 0.105346619 0.103935732 0.140195995 0.136622447 0.128453524 0.146282914 0.148246195 0.147134736 0.153558601 0.136110849 0.140710759 0.190248962 0.132093401 0.123997471 0.464577988 
27     0.234339252 0.229849542 0.239907585 0.227540235 0.233485342 0.234443149 0.233274727 0.236045482 0.235812821 0.247684670 0.248864555 0.240328325 0.251544071 0.234421928 0.234958399 0.237198120 0.231173152 0.243624602 0.244512302 0.242714124 0.224445754 0.214549340 0.276263302 0.276749713 0.170593159 0.169960050 0.138847031 0.146407817 0.135918999 0.119798338 0.115388171 0.000000000 0.064838032 0.128437936 0.126144480 0.127194195 0.127344449 0.125870065 0.161403634 0.158359912 0.150347560 0.168026491 0.169749004 0.168637546 0.175053168 0.157618249 0.162219298 0.211622059 0.153351161 0.145334564 0.486260226 
45     0.229908889 0.225419180 0.235477222 0.223109872 0.229054980 0.230012786 0.228844364 0.231615119 0.231382459 0.243394295 0.244585906 0.236024827 0.247089364 0.229967221 0.230503691 0.232743412 0.226718445 0.239169895 0.240057595 0.238259417 0.219983854 0.210087440 0.271801402 0.272287812 0.166134879 0.165501770 0.134277118 0.141837903 0.131289243 0.115479876 0.111080228 0.064838032 0.000000000 0.123758838 0.121465382 0.122515097 0.122665352 0.121190967 0.157000464 0.153821359 0.145791848 0.163519588 0.165258404 0.164146946 0.170566541 0.153144589 0.157745639 0.207132637 0.148855499 0.140838902 0.481805519 
38     0.214020291 0.209530581 0.219588623 0.207221273 0.213166381 0.214124187 0.212955765 0.215726520 0.215493860 0.227505696 0.228697307 0.220136228 0.230873123 0.213759930 0.214296401 0.216536121 0.210520289 0.223070435 0.223958135 0.222159957 0.203948990 0.194054755 0.255884528 0.256370938 0.150578576 0.149945466 0.129964911 0.137470170 0.127020465 0.110231583 0.106139275 0.128437936 0.123758838 0.000000000 0.048676437 0.049610786 0.055415487 0.053641100 0.141540865 0.138629090 0.130286440 0.148323764 0.150252523 0.149141065 0.155551209 0.138082130 0.142639346 0.191724514 0.132921643 0.124984799 0.466124461 
24     0.211807678 0.207317968 0.217376011 0.205008661 0.210953769 0.211911575 0.210743153 0.213513908 0.213281247 0.225293084 0.226484695 0.217923616 0.228660510 0.211547318 0.212083788 0.214323509 0.208307677 0.220857822 0.221745523 0.219947344 0.201736378 0.191842142 0.253671915 0.254158326 0.148331710 0.147698600 0.127710843 0.135218279 0.124767038 0.108173236 0.104080167 0.126144480 0.121465382 0.048676437 0.000000000 0.028767803 0.052174048 0.050248773 0.139253327 0.136312887 0.127970236 0.146007560 0.147932604 0.146821145 0.153231289 0.135762210 0.140319426 0.189440244 0.130647274 0.122698478 0.463911849 
36     0.212769959 0.208280249 0.218338291 0.205970941 0.211916049 0.212873855 0.211705433 0.214476188 0.214243528 0.226255364 0.227446975 0.218885896 0.229622791 0.212509598 0.213046069 0.215285790 0.209269957 0.221820103 0.222707803 0.220909625 0.202698658 0.192804423 0.254634196 0.255120606 0.149300070 0.148666961 0.128568351 0.136089852 0.125624546 0.109227033 0.105133965 0.127194195 0.122515097 0.049610786 0.028767803 0.000000000 0.053134191 0.051031794 0.140241504 0.137313031 0.128970380 0.147007704 0.148932748 0.147821289 0.154231433 0.136762354 0.141319570 0.190449165 0.131608014 0.123675615 0.464874129 
37     0.213252844 0.208763134 0.218821177 0.206453827 0.212398934 0.213356741 0.212188318 0.214959074 0.214726413 0.226692489 0.227884100 0.219321527 0.230111857 0.212998665 0.213535135 0.215774856 0.209759024 0.222335168 0.223222868 0.221424690 0.203467151 0.193570738 0.255346860 0.255833270 0.149837771 0.149204661 0.129024151 0.136574257 0.126080346 0.109439687 0.105346619 0.127344449 0.122665352 0.055415487 0.052174048 0.053134191 0.000000000 0.027587896 0.140779718 0.137820613 0.129477962 0.147515286 0.149466524 0.148355066 0.154765209 0.137296130 0.141853347 0.190960610 0.132193447 0.124268606 0.465396073 
21     0.211756902 0.207267192 0.217325234 0.204957884 0.210902992 0.211860798 0.210692376 0.213463131 0.213230471 0.225242307 0.226433918 0.217872839 0.228609734 0.211496541 0.212033012 0.214272733 0.208256900 0.220807046 0.221694746 0.219896568 0.201920233 0.192023819 0.253799942 0.254286352 0.148263840 0.147630731 0.127445063 0.134995169 0.124501258 0.108028800 0.103935732 0.125870065 0.121190967 0.053641100 0.050248773 0.051031794 0.027587896 0.000000000 0.139221141 0.136250995 0.127908344 0.145945668 0.147870712 0.146759254 0.153169397 0.135700318 0.140257534 0.189390992 0.130624930 0.122698988 0.463861072 
39     0.220856134 0.216366424 0.226424466 0.214051010 0.220004187 0.220961993 0.219793571 0.222564326 0.222331666 0.234400023 0.235591634 0.226967535 0.238106239 0.220980966 0.221517437 0.223757157 0.217827073 0.230253361 0.231141062 0.229342883 0.210606786 0.200710373 0.262486495 0.262972905 0.157167129 0.156497220 0.163847909 0.171423661 0.160988828 0.144233554 0.140195995 0.161403634 0.157000464 0.141540865 0.139253327 0.140241504 0.140779718 0.139221141 0.000000000 0.136813664 0.128695949 0.146632781 0.148450936 0.147304885 0.153707534 0.136328374 0.140906031 0.189716898 0.130535954 0.122614031 0.473747776 
28     0.218241972 0.213752467 0.223810509 0.211378352 0.217344439 0.218302245 0.217133823 0.219904578 0.219671917 0.231775096 0.232966707 0.224408018 0.235547648 0.218422374 0.218958845 0.221198566 0.215199677 0.227675619 0.228563319 0.226765141 0.208175723 0.198293450 0.260099666 0.260586076 0.154363638 0.153697581 0.160435101 0.167957100 0.157585112 0.140620336 0.136622447 0.158359912 0.153821359 0.138629090 0.136312887 0.137313031 0.137820613 0.136250995 0.136813664 0.000000000 0.052091390 0.084287935 0.104327909 0.103256176 0.109782478 0.091790204 0.096769503 0.187336274 0.128353430 0.120169779 0.471284476 
26     0.210281395 0.205791891 0.215849933 0.203498362 0.209429653 0.210387460 0.209219037 0.211989793 0.211757132 0.223799505 0.224991116 0.216432427 0.227501874 0.210376600 0.210913071 0.213152792 0.207153903 0.219629845 0.220517545 0.218719367 0.200091589 0.190209499 0.252015532 0.252501943 0.146314248 0.145648191 0.152361917 0.159893091 0.149521103 0.132406310 0.128453524 0.150347560 0.145791848 0.130286440 0.127970236 0.128970380 0.129477962 0.127908344 0.128695949 0.052091390 0.000000000 0.076871852 0.096776577 0.095713711 0.101959211 0.084183285 0.089162109 0.179147475 0.120172598 0.112012392 0.463238703 
34     0.228236122 0.223746617 0.233804659 0.221453088 0.227384379 0.228342186 0.227173764 0.229944519 0.229711858 0.241754231 0.242945842 0.234387153 0.245456600 0.228331327 0.228867797 0.231107518 0.225108629 0.237584571 0.238472272 0.236674093 0.218067587 0.208185314 0.269991531 0.270477941 0.164259905 0.163593849 0.170144023 0.177625491 0.167253503 0.150280803 0.146282914 0.168026491 0.163519588 0.148323764 0.146007560 0.147007704 0.147515286 0.145945668 0.146632781 0.084287935 0.076871852 0.000000000 0.113715151 0.112632154 0.118976924 0.101803181 0.106605928 0.196607753 0.138026660 0.129953187 0.481193429 
40     0.229906914 0.225417996 0.235476038 0.223124467 0.229055758 0.230013565 0.228845142 0.231615898 0.231383237 0.243446618 0.244638229 0.236079540 0.247153111 0.230027837 0.230564308 0.232804029 0.226805140 0.239300233 0.240187933 0.238389755 0.219773682 0.209878628 0.271697625 0.272184036 0.165582334 0.164916277 0.171914960 0.179370384 0.169041278 0.152244083 0.148246195 0.169749004 0.165258404 0.150252523 0.147932604 0.148932748 0.149466524 0.147870712 0.148450936 0.104327909 0.096776577 0.113715151 0.000000000 0.031503363 0.093906879 0.088243193 0.092108673 0.198568163 0.139745220 0.131515322 0.482861169 
44     0.228860727 0.224371808 0.234429851 0.222056394 0.228009571 0.228967377 0.227798955 0.230569710 0.230337050 0.242400430 0.243592041 0.235033352 0.246106923 0.228981650 0.229518121 0.231757841 0.225758952 0.238254045 0.239141746 0.237343567 0.218727495 0.208802111 0.270651438 0.271137848 0.164542771 0.163876714 0.170803502 0.178258926 0.167929820 0.151132625 0.147134736 0.168637546 0.164146946 0.149141065 0.146821145 0.147821289 0.148355066 0.146759254 0.147304885 0.103256176 0.095713711 0.112632154 0.031503363 0.000000000 0.092695599 0.087432436 0.091130454 0.197601520 0.138582677 0.130352779 0.481814981 
23     0.235295912 0.230806994 0.240865036 0.228513465 0.234444756 0.235402563 0.234234140 0.237004896 0.236772235 0.248814608 0.250006219 0.241447530 0.252513298 0.235388025 0.235924496 0.238164217 0.232165327 0.244660420 0.245548121 0.243749942 0.225179562 0.215290911 0.277103505 0.277589916 0.171183973 0.170517916 0.177248796 0.184700441 0.174375115 0.157556490 0.153558601 0.175053168 0.170566541 0.155551209 0.153231289 0.154231433 0.154765209 0.153169397 0.153707534 0.109782478 0.101959211 0.118976924 0.093906879 0.092695599 0.000000000 0.092637800 0.097442847 0.203821591 0.145129499 0.137020055 0.488245397 
25     0.217630410 0.213141492 0.223199534 0.210847963 0.216779254 0.217737060 0.216568638 0.219339393 0.219106733 0.231149106 0.232340717 0.223782028 0.234847796 0.217722523 0.218258994 0.220498714 0.214499825 0.226685098 0.227572799 0.225751140 0.207512411 0.197630321 0.259436354 0.259922765 0.153424335 0.152758278 0.159750475 0.167248781 0.156876793 0.140108737 0.136110849 0.157618249 0.153144589 0.138082130 0.135762210 0.136762354 0.137296130 0.135700318 0.136328374 0.091790204 0.084183285 0.101803181 0.088243193 0.087432436 0.092637800 0.000000000 0.057210067 0.186365380 0.127582222 0.119352324 0.470579895 
41     0.222304636 0.217815717 0.227873760 0.215500303 0.221453480 0.222411286 0.221242864 0.224013619 0.223780959 0.235823332 0.237014943 0.228456254 0.239493311 0.222368038 0.222904508 0.225144229 0.219145340 0.231480534 0.232368234 0.230560478 0.212204714 0.202322624 0.264128657 0.264615068 0.158095085 0.157429028 0.164355744 0.171850275 0.161482063 0.144708647 0.140710759 0.162219298 0.157745639 0.142639346 0.140319426 0.141319570 0.141853347 0.140257534 0.140906031 0.096769503 0.089162109 0.106605928 0.092108673 0.091130454 0.097442847 0.057210067 0.000000000 0.190973389 0.132138483 0.123968727 0.475277088 
31     0.271368369 0.266878660 0.276936702 0.264563245 0.270516422 0.271474228 0.270305806 0.273076561 0.272843901 0.284907281 0.286098892 0.277523667 0.288630067 0.271504793 0.272041264 0.274280985 0.268282095 0.280714033 0.281601733 0.279803555 0.260821395 0.251010366 0.312784209 0.313270619 0.207876476 0.207206567 0.213988206 0.221480218 0.211107673 0.194281338 0.190248962 0.211622059 0.207132637 0.191724514 0.189440244 0.190449165 0.190960610 0.189390992 0.189716898 0.187336274 0.179147475 0.196607753 0.198568163 0.197601520 0.203821591 0.186365380 0.190973389 0.000000000 0.181209839 0.172946924 0.524347606 
43     0.213304670 0.208814960 0.218873002 0.206468378 0.212452723 0.213410529 0.212242107 0.215012862 0.214780202 0.226809677 0.228001288 0.219447882 0.230495347 0.213370074 0.213906545 0.216146265 0.210147376 0.222657438 0.223545139 0.221746960 0.202798571 0.192909657 0.254685779 0.255172189 0.149058925 0.148411864 0.155577934 0.163177401 0.152821810 0.136085656 0.132093401 0.153351161 0.148855499 0.132921643 0.130647274 0.131608014 0.132193447 0.130624930 0.130535954 0.128353430 0.120172598 0.138026660 0.139745220 0.138582677 0.145129499 0.127582222 0.132138483 0.181209839 0.000000000 0.078191125 0.466153130 
29     0.204857528 0.200367818 0.210425860 0.198025128 0.204005581 0.204963387 0.203794965 0.206565720 0.206333060 0.218362536 0.219554147 0.211000740 0.222036796 0.204911523 0.205447993 0.207687714 0.201688825 0.214121805 0.215009506 0.213220102 0.194463448 0.184568888 0.246350656 0.246837066 0.140720957 0.140073896 0.147431727 0.155059538 0.144715197 0.127989726 0.123997471 0.145334564 0.140838902 0.124984799 0.122698478 0.123675615 0.124268606 0.122698988 0.122614031 0.120169779 0.112012392 0.129953187 0.131515322 0.130352779 0.137020055 0.119352324 0.123968727 0.172946924 0.078191125 0.000000000 0.457758882 
0     0.482455391 0.477887750 0.486827085 0.475372240 0.481252300 0.482193969 0.481025547 0.483796302 0.483570008 0.495719345 0.496935578 0.488409734 0.499837023 0.482501473 0.483037944 0.485277664 0.479402499 0.492138242 0.493025943 0.490627428 0.494673790 0.484779348 0.546414725 0.546901135 0.470794493 0.470172533 0.488339748 0.495929044 0.485513325 0.468621283 0.464577988 0.486260226 0.481805519 0.466124461 0.463911849 0.464874129 0.465396073 0.463861072 0.473747776 0.471284476 0.463238703 0.481193429 0.482861169 0.481814981 0.488245397 0.470579895 0.475277088 0.524347606 0.466153130 0.457758882 0.000000000 
