51
19     0.000000000 0.000309860 0.000027320 0.004374110 0.005181540 0.016011980 0.008593900 0.010317000 0.016096300 0.001439370 0.013928050 0.010812230 0.005246590 0.008978820 0.008562980 0.001776500 0.001917580 0.035917410 0.028182280 0.003184520 0.019704380 0.022929900 0.029822610 0.035170790 0.017175710 0.020774750 0.028227040 0.027724780 0.030293460 0.020714410 0.025356310 0.024523330 0.023991120 0.025561410 0.023793190 0.028578950 0.023681890 0.027199220 0.031842480 0.028272730 0.022356280 0.022447250 0.023246200 0.030756680 0.021531220 0.022680070 0.033564110 0.033983810 0.016672000 0.022727540 0.020095390 
17     0.000309860 0.000000000 0.000335250 0.008050080 0.015121570 0.028556500 0.027597350 0.022664540 0.027776190 0.017414450 0.014042270 0.010926450 0.029187240 0.017657410 0.023974530 0.013968090 0.013918040 0.027539990 0.026849570 0.028787340 0.019761880 0.022987400 0.054668090 0.054922300 0.017233210 0.020832250 0.028467940 0.027965680 0.030534360 0.020771910 0.025413810 0.034243520 0.038288570 0.025618910 0.023850690 0.028636450 0.023739390 0.029272670 0.032083380 0.032665270 0.022413780 0.022504750 0.023303700 0.030814180 0.021588720 0.022737570 0.038827540 0.041709630 0.016729500 0.022785040 0.045698210 
8     0.000027320 0.000335250 0.000000000 0.014571860 0.005154280 0.015984720 0.008566640 0.014466510 0.026336740 0.001412110 0.030623320 0.015036050 0.005219330 0.008951560 0.008535720 0.001749240 0.001890320 0.041508830 0.041409730 0.003157260 0.025321020 0.014071850 0.029795350 0.035143530 0.028367070 0.038386440 0.021878760 0.021376500 0.023945180 0.026989330 0.029142960 0.024496070 0.023963860 0.027170490 0.026594830 0.022591850 0.022592700 0.022683490 0.025494200 0.028245470 0.029439830 0.028253390 0.037720960 0.035977590 0.025610940 0.042809220 0.032238360 0.038231360 0.020867850 0.031588420 0.020068130 
10     0.004374110 0.008050080 0.014571860 0.000000000 0.003577280 0.006756680 0.009437490 0.006010230 0.004045030 0.012501150 0.009128970 0.006013150 0.033547440 0.039045170 0.034633260 0.032287210 0.032407950 0.028077790 0.023429350 0.040585180 0.047965930 0.039027140 0.041696580 0.067271940 0.013923620 0.016760290 0.037557640 0.036745890 0.031306560 0.023035540 0.017970100 0.038425180 0.022391270 0.020917810 0.028847020 0.024087410 0.026578000 0.026401550 0.014864540 0.023836420 0.044416180 0.037085230 0.019075710 0.019410740 0.033709340 0.041614770 0.048978430 0.057844160 0.040013660 0.018489420 0.038201240 
18     0.005181540 0.015121570 0.005154280 0.003577280 0.000000000 0.005441700 0.005193510 0.002452770 0.002728470 0.004158450 0.018974600 0.017782390 0.007965670 0.011697900 0.011282060 0.004495580 0.004636660 0.039479380 0.042883830 0.005903600 0.028067360 0.025744720 0.032541690 0.037889870 0.031113410 0.043358390 0.049217700 0.058351290 0.043131610 0.026880770 0.021815330 0.027242410 0.026710200 0.029916830 0.031822610 0.045473880 0.030226040 0.029918300 0.032317940 0.030991810 0.044266680 0.047869480 0.047014850 0.044526300 0.028357280 0.045422890 0.050542030 0.036675070 0.036345300 0.034334760 0.022814470 
13     0.016011980 0.028556500 0.015984720 0.006756680 0.005441700 0.000000000 0.000278210 0.001528790 0.002983940 0.014988890 0.028685270 0.023727600 0.018796110 0.022528340 0.022112500 0.015326020 0.015467100 0.030187490 0.025539050 0.016734040 0.033172120 0.031990550 0.043372130 0.048720310 0.016033320 0.018869990 0.039667340 0.038855590 0.033416260 0.029779510 0.028170980 0.038072850 0.024500970 0.023027510 0.030956720 0.026197110 0.028687700 0.028511250 0.016974240 0.034421550 0.035824020 0.035914990 0.021185410 0.021520440 0.034998960 0.036147810 0.053149160 0.042920900 0.030139740 0.020599120 0.033644910 
16     0.008593900 0.027597350 0.008566640 0.009437490 0.005193510 0.000278210 0.000000000 0.005664270 0.002479240 0.007570810 0.027099730 0.021194750 0.011378030 0.015110260 0.014694420 0.007907940 0.008049020 0.045944590 0.050264750 0.009315960 0.031280690 0.031369060 0.035954050 0.041302230 0.028752020 0.032351060 0.052264010 0.049098500 0.046543970 0.031651430 0.026585990 0.030654770 0.030122560 0.033329190 0.035234970 0.040155260 0.033638400 0.033330660 0.037942280 0.034404170 0.033932590 0.034023560 0.034822510 0.042332990 0.031769640 0.034256380 0.053767080 0.042299410 0.028248310 0.034303850 0.026226830 
1     0.010317000 0.022664540 0.014466510 0.006010230 0.002452770 0.001528790 0.005664270 0.000000000 0.000142760 0.013470680 0.016499370 0.009814650 0.017277900 0.021010130 0.020594290 0.013807810 0.013948890 0.030868160 0.031327530 0.015215830 0.037379590 0.037738050 0.041853920 0.047202100 0.021821800 0.024658470 0.045455820 0.044644070 0.039204740 0.035567990 0.037967260 0.036554640 0.030289450 0.028815990 0.036745200 0.031985590 0.034476180 0.034299730 0.022762720 0.040210030 0.040347640 0.040438610 0.026973890 0.027308920 0.037669510 0.040671430 0.056423270 0.057500790 0.034663360 0.026387600 0.032126700 
6     0.016096300 0.027776190 0.026336740 0.004045030 0.002728470 0.002983940 0.002479240 0.000142760 0.000000000 0.025796830 0.027163180 0.034330080 0.029604050 0.033336280 0.032920440 0.026133960 0.026275040 0.032840930 0.028192490 0.027541980 0.031132740 0.033196750 0.054180070 0.059528250 0.018686760 0.021523430 0.042320780 0.041509030 0.036069700 0.032142770 0.030794200 0.043188320 0.027154410 0.025680950 0.033610160 0.028850550 0.031341140 0.031164690 0.019627680 0.037074990 0.033784640 0.033875610 0.023838850 0.024173880 0.032959580 0.034108430 0.055802600 0.044127100 0.028100360 0.023252560 0.044452850 
20     0.001439370 0.017414450 0.001412110 0.012501150 0.004158450 0.014988890 0.007570810 0.013470680 0.025796830 0.000000000 0.002451370 0.001648620 0.004139060 0.007871290 0.007455450 0.000668970 0.000810050 0.031434550 0.038883350 0.002076990 0.024240750 0.024599210 0.028715080 0.034063260 0.024881560 0.028480600 0.045391090 0.033887450 0.039305000 0.025909060 0.028062690 0.015827060 0.022883590 0.026090220 0.027996000 0.036284800 0.019453840 0.026091690 0.027386920 0.027165200 0.030062130 0.030153100 0.030952050 0.038462530 0.024530670 0.030385920 0.044558130 0.044361950 0.024377850 0.027680140 0.018987860 
14     0.013928050 0.014042270 0.030623320 0.009128970 0.018974600 0.028685270 0.027099730 0.016499370 0.027163180 0.002451370 0.000000000 0.001658420 0.032529650 0.020970250 0.022270210 0.024469390 0.015450070 0.028150390 0.031554840 0.033254300 0.027867180 0.024855110 0.059648920 0.065233290 0.026717550 0.030316590 0.051012460 0.029029650 0.049252490 0.030256250 0.034898150 0.000745260 0.044000540 0.035103250 0.033335030 0.038120790 0.019356820 0.042222850 0.022529120 0.042149610 0.031898120 0.031989090 0.032788040 0.040298520 0.031073060 0.032221910 0.039700330 0.056426320 0.026213840 0.022822340 0.030536500 
11     0.010812230 0.010926450 0.015036050 0.006013150 0.017782390 0.023727600 0.021194750 0.009814650 0.034330080 0.001648620 0.001658420 0.000000000 0.017763000 0.021495230 0.021079390 0.014292910 0.014433990 0.021465670 0.024870120 0.015700930 0.027854060 0.024841990 0.042339020 0.047687200 0.020393880 0.032682060 0.040126860 0.029016530 0.027642550 0.032621720 0.037263620 0.026103540 0.036229120 0.037468720 0.035700500 0.037213130 0.010069280 0.039715630 0.005067700 0.040789140 0.034263590 0.034354560 0.035153510 0.042663990 0.033438530 0.034587380 0.039687210 0.037470170 0.028579310 0.022809220 0.023851780 
4     0.005246590 0.029187240 0.005219330 0.033547440 0.007965670 0.018796110 0.011378030 0.017277900 0.029604050 0.004139060 0.032529650 0.017763000 0.000000000 0.009797370 0.005341670 0.004459190 0.003272870 0.018844720 0.019748270 0.005878690 0.028042730 0.028401190 0.032517060 0.037865240 0.031088780 0.035244510 0.037959030 0.015894050 0.040025450 0.029711040 0.031864670 0.027217780 0.026685570 0.029892200 0.031797980 0.038672120 0.030201410 0.029893670 0.033348760 0.030967180 0.039034240 0.039125210 0.037559930 0.037894960 0.028332650 0.039358030 0.048318630 0.048163930 0.033349960 0.034310130 0.022789840 
15     0.008978820 0.017657410 0.008951560 0.039045170 0.011697900 0.022528340 0.015110260 0.021010130 0.033336280 0.007871290 0.020970250 0.021495230 0.009797370 0.000000000 0.000216130 0.000691050 0.002819510 0.020570870 0.015833540 0.009610920 0.031681840 0.032133420 0.036249290 0.041597470 0.029153170 0.032752210 0.022206590 0.021704330 0.024273010 0.032691870 0.035060720 0.027982170 0.030417800 0.033624430 0.026922660 0.022919680 0.022920530 0.023011320 0.025822030 0.034699410 0.029767660 0.028581220 0.035223660 0.036305420 0.032064880 0.034657530 0.032566190 0.035384920 0.021195680 0.034705000 0.026522070 
3     0.008562980 0.023974530 0.008535720 0.034633260 0.011282060 0.022112500 0.014694420 0.020594290 0.032920440 0.007455450 0.022270210 0.021079390 0.005341670 0.000216130 0.000000000 0.000422720 0.002914330 0.019679360 0.023083810 0.009195080 0.023416010 0.026641530 0.035833450 0.041181630 0.020887340 0.024486380 0.045182250 0.042211620 0.046423370 0.024426040 0.029067940 0.030534170 0.030001960 0.029273040 0.027504820 0.032290580 0.027393520 0.033210060 0.034434580 0.034283570 0.026067910 0.026158880 0.026957830 0.034468310 0.025242850 0.026391700 0.052559200 0.051480320 0.020383630 0.026439170 0.026106230 
7     0.001776500 0.013968090 0.001749240 0.032287210 0.004495580 0.015326020 0.007907940 0.013807810 0.026133960 0.000668970 0.024469390 0.014292910 0.004459190 0.000691050 0.000422720 0.000000000 0.000066630 0.030104740 0.014964540 0.002408600 0.024572640 0.024931100 0.029046970 0.034395150 0.023620420 0.027219460 0.018517270 0.018015010 0.020583690 0.026240950 0.028394580 0.023747690 0.023215480 0.026422110 0.023233340 0.019230360 0.019231210 0.019322000 0.022132710 0.027497090 0.026078340 0.024891900 0.029690910 0.032616100 0.024862560 0.029124780 0.028876870 0.033028500 0.017506360 0.029172250 0.019319750 
5     0.001917580 0.013918040 0.001890320 0.032407950 0.004636660 0.015467100 0.008049020 0.013948890 0.026275040 0.000810050 0.015450070 0.014433990 0.003272870 0.002819510 0.002914330 0.000066630 0.000000000 0.019229720 0.014260980 0.002549680 0.024713720 0.025072180 0.029188050 0.034536230 0.023253150 0.026852190 0.018467220 0.017964960 0.020533640 0.026382030 0.028535660 0.023888770 0.023356560 0.026563190 0.023183290 0.019180310 0.019181160 0.019271950 0.022082660 0.027638170 0.026028290 0.024841850 0.029323640 0.032566050 0.025003640 0.028757510 0.028826820 0.044834920 0.017456310 0.028804980 0.019460830 
9     0.035917410 0.027539990 0.041508830 0.028077790 0.039479380 0.030187490 0.045944590 0.030868160 0.032840930 0.031434550 0.028150390 0.021465670 0.018844720 0.020570870 0.019679360 0.030104740 0.019229720 0.000000000 0.000062320 0.000310180 0.051419460 0.046739090 0.027489230 0.026689670 0.026938190 0.029774860 0.050572210 0.049760460 0.044321130 0.040684380 0.043083650 0.041875890 0.034678100 0.033932380 0.041861590 0.031452090 0.039592570 0.035516780 0.027879110 0.045326420 0.051366920 0.050099800 0.032090280 0.032425310 0.050445540 0.052919930 0.030789050 0.044857980 0.044528210 0.031503990 0.043040230 
2     0.028182280 0.026849570 0.041409730 0.023429350 0.042883830 0.025539050 0.050264750 0.031327530 0.028192490 0.038883350 0.031554840 0.024870120 0.019748270 0.015833540 0.023083810 0.014964540 0.014260980 0.000062320 0.000000000 0.000211080 0.052069420 0.047557430 0.023407780 0.022608220 0.022289750 0.025126420 0.045923770 0.045112020 0.039672690 0.036035940 0.038435210 0.041871650 0.030757400 0.029283940 0.037213150 0.031447850 0.034944130 0.034767680 0.023230670 0.040677980 0.052782310 0.045451360 0.027441840 0.027776870 0.045797100 0.049980900 0.040889050 0.049178140 0.048379790 0.026855550 0.046444680 
12     0.003184520 0.028787340 0.003157260 0.040585180 0.005903600 0.016734040 0.009315960 0.015215830 0.027541980 0.002076990 0.033254300 0.015700930 0.005878690 0.009610920 0.009195080 0.002408600 0.002549680 0.000310180 0.000211080 0.000000000 0.025980660 0.026339120 0.018423910 0.017624350 0.029026710 0.047698170 0.047131000 0.048841170 0.041044910 0.027648970 0.029802600 0.025155710 0.024623500 0.027830130 0.029735910 0.045053400 0.028139340 0.027831600 0.041127810 0.028905110 0.048509610 0.047198600 0.045806970 0.046930300 0.026270580 0.049429650 0.027893160 0.045484940 0.042225840 0.032248060 0.020727770 
50     0.019704380 0.019761880 0.025321020 0.047965930 0.028067360 0.033172120 0.031280690 0.037379590 0.031132740 0.024240750 0.027867180 0.027854060 0.028042730 0.031681840 0.023416010 0.024572640 0.024713720 0.051419460 0.052069420 0.025980660 0.000000000 0.000361000 0.009320760 0.023913190 0.014307270 0.017906310 0.032203610 0.034891970 0.029324330 0.015928390 0.018082020 0.013435130 0.012902920 0.016109550 0.018015330 0.026737830 0.016418760 0.016111020 0.033755810 0.017184530 0.020515160 0.020606130 0.021405080 0.028915560 0.014550000 0.020838950 0.046742340 0.030931330 0.014830880 0.020527480 0.042014300 
48     0.022929900 0.022987400 0.014071850 0.039027140 0.025744720 0.031990550 0.031369060 0.037738050 0.033196750 0.024599210 0.024855110 0.024841990 0.028401190 0.032133420 0.026641530 0.024931100 0.025072180 0.046739090 0.047557430 0.026339120 0.000361000 0.000000000 0.007144370 0.016705820 0.017532790 0.021131830 0.035768880 0.036246070 0.029682790 0.016286850 0.018440480 0.013793590 0.013261380 0.016468010 0.018373790 0.029963350 0.016777220 0.016469480 0.035216840 0.017542990 0.023740680 0.023831650 0.024630600 0.017455600 0.014908460 0.024064470 0.040259580 0.030844150 0.018056400 0.020885940 0.043234890 
42     0.029822610 0.054668090 0.029795350 0.041696580 0.032541690 0.043372130 0.035954050 0.041853920 0.054180070 0.028715080 0.059648920 0.042339020 0.032517060 0.036249290 0.035833450 0.029046970 0.029188050 0.027489230 0.023407780 0.018423910 0.009320760 0.007144370 0.000000000 0.000362310 0.021780460 0.021635320 0.039884750 0.042108380 0.033798660 0.020402720 0.022556350 0.017909460 0.017377250 0.020583880 0.022489660 0.044134750 0.020893090 0.020585350 0.039966900 0.021658860 0.041795200 0.043384460 0.050079730 0.051203060 0.019024330 0.053702410 0.047621710 0.027388180 0.034979590 0.025001810 0.046359230 
46     0.035170790 0.054922300 0.035143530 0.067271940 0.037889870 0.048720310 0.041302230 0.047202100 0.059528250 0.034063260 0.065233290 0.047687200 0.037865240 0.041597470 0.041181630 0.034395150 0.034536230 0.026689670 0.022608220 0.017624350 0.023913190 0.016705820 0.000362310 0.000000000 0.027128640 0.024985720 0.045232930 0.051669830 0.039146840 0.025750900 0.027904530 0.023257640 0.022725430 0.025932060 0.027837840 0.034287030 0.026241270 0.025933530 0.048407520 0.027007040 0.040995640 0.042584900 0.052134870 0.053258200 0.024372510 0.037669230 0.050748990 0.025007950 0.038219790 0.027171130 0.046404600 
33     0.017175710 0.017233210 0.028367070 0.013923620 0.031113410 0.016033320 0.028752020 0.021821800 0.018686760 0.024881560 0.026717550 0.020393880 0.031088780 0.029153170 0.020887340 0.023620420 0.023253150 0.026938190 0.022289750 0.029026710 0.014307270 0.017532790 0.021780460 0.027128640 0.000000000 0.000943430 0.017800000 0.020488360 0.017157760 0.016344620 0.017993040 0.014450370 0.012880860 0.017214080 0.016999990 0.020483950 0.016948670 0.017215550 0.011261080 0.010978300 0.017986490 0.018077460 0.015472250 0.015807280 0.008343770 0.018310280 0.024491510 0.016527720 0.012302210 0.014321250 0.042956720 
49     0.020774750 0.020832250 0.038386440 0.016760290 0.043358390 0.018869990 0.032351060 0.024658470 0.021523430 0.028480600 0.030316590 0.032682060 0.035244510 0.032752210 0.024486380 0.027219460 0.026852190 0.029774860 0.025126420 0.047698170 0.017906310 0.021131830 0.021635320 0.024985720 0.000943430 0.000000000 0.017479990 0.020168350 0.016837750 0.018655600 0.017673030 0.012254850 0.010685340 0.020069080 0.016043690 0.021097920 0.015992370 0.018518960 0.014097750 0.024957820 0.021585530 0.021676500 0.016131090 0.018643950 0.015771880 0.019463430 0.017448880 0.014338770 0.011545260 0.016791940 0.040761200 
30     0.028227040 0.028467940 0.021878760 0.037557640 0.049217700 0.039667340 0.052264010 0.045455820 0.042320780 0.045391090 0.051012460 0.040126860 0.037959030 0.022206590 0.045182250 0.018517270 0.018467220 0.050572210 0.045923770 0.047131000 0.032203610 0.035768880 0.039884750 0.045232930 0.017800000 0.017479990 0.000000000 0.000505040 0.000965480 0.002198970 0.003355060 0.004234280 0.011720990 0.021729480 0.006616430 0.002613450 0.002614300 0.002705090 0.005613800 0.017399050 0.009559430 0.008372990 0.025648840 0.016097190 0.014434200 0.022928820 0.012357960 0.016708320 0.001010910 0.008898200 0.064026770 
35     0.027724780 0.027965680 0.021376500 0.036745890 0.058351290 0.038855590 0.049098500 0.044644070 0.041509030 0.033887450 0.029029650 0.029016530 0.015894050 0.021704330 0.042211620 0.018015010 0.017964960 0.049760460 0.045112020 0.048841170 0.034891970 0.036246070 0.042108380 0.051669830 0.020488360 0.020168350 0.000505040 0.000000000 0.000102660 0.001693930 0.006186080 0.007173680 0.011218730 0.016174120 0.006114170 0.002111190 0.002112040 0.002202830 0.005111540 0.016896790 0.009057170 0.007870730 0.032273930 0.015594930 0.013931940 0.022426560 0.011855700 0.007501390 0.000508650 0.007057330 0.064686880 
47     0.030293460 0.030534360 0.023945180 0.031306560 0.043131610 0.033416260 0.046543970 0.039204740 0.036069700 0.039305000 0.049252490 0.027642550 0.040025450 0.024273010 0.046423370 0.020583690 0.020533640 0.044321130 0.039672690 0.041044910 0.029324330 0.029682790 0.033798660 0.039146840 0.017157760 0.016837750 0.000965480 0.000102660 0.000000000 0.003838050 0.002855480 0.006178480 0.010223530 0.015921370 0.008633730 0.004630750 0.004631600 0.004722390 0.007680220 0.017732940 0.011625850 0.010439410 0.019823690 0.018163610 0.015098410 0.024995240 0.014424380 0.010803420 0.003077330 0.011930910 0.057940680 
32     0.020714410 0.020771910 0.026989330 0.023035540 0.026880770 0.029779510 0.031651430 0.035567990 0.032142770 0.025909060 0.030256250 0.032621720 0.029711040 0.032691870 0.024426040 0.026240950 0.026382030 0.040684380 0.036035940 0.027648970 0.015928390 0.016286850 0.020402720 0.025750900 0.016344620 0.018655600 0.002198970 0.001693930 0.003838050 0.000000000 0.000359840 0.003592960 0.003060750 0.005237190 0.008173180 0.005741480 0.006576610 0.006268870 0.008032270 0.013284310 0.011376750 0.012966010 0.015131850 0.022118680 0.014140990 0.015289840 0.014648880 0.006555600 0.009446010 0.007239070 0.044544740 
22     0.025356310 0.025413810 0.029142960 0.017970100 0.021815330 0.028170980 0.026585990 0.037967260 0.030794200 0.028062690 0.034898150 0.037263620 0.031864670 0.035060720 0.029067940 0.028394580 0.028535660 0.043083650 0.038435210 0.029802600 0.018082020 0.018440480 0.022556350 0.027904530 0.017993040 0.017673030 0.003355060 0.006186080 0.002855480 0.000359840 0.000000000 0.005746590 0.001252020 0.002673500 0.010326810 0.003177790 0.006069840 0.004871480 0.005468580 0.012292640 0.010385080 0.011974340 0.019023750 0.026010580 0.016430420 0.019931740 0.025212090 0.027831620 0.013865040 0.011130970 0.046698370 
27     0.024523330 0.034243520 0.024496070 0.038425180 0.027242410 0.038072850 0.030654770 0.036554640 0.043188320 0.015827060 0.000745260 0.026103540 0.027217780 0.027982170 0.030534170 0.023747690 0.023888770 0.041875890 0.041871650 0.025155710 0.013435130 0.013793590 0.017909460 0.023257640 0.014450370 0.012254850 0.004234280 0.007173680 0.006178480 0.003592960 0.005746590 0.000000000 0.000567350 0.003774140 0.005679920 0.008339910 0.004083350 0.003775610 0.011389380 0.014418060 0.015335010 0.014148570 0.012924000 0.019910830 0.011783530 0.019832310 0.012829950 0.017458330 0.006786490 0.005031220 0.029231810 
45     0.023991120 0.038288570 0.023963860 0.022391270 0.026710200 0.024500970 0.030122560 0.030289450 0.027154410 0.022883590 0.044000540 0.036229120 0.026685570 0.030417800 0.030001960 0.023215480 0.023356560 0.034678100 0.030757400 0.024623500 0.012902920 0.013261380 0.017377250 0.022725430 0.012880860 0.010685340 0.011720990 0.011218730 0.010223530 0.003060750 0.001252020 0.000567350 0.000000000 0.003241930 0.005147710 0.004025650 0.003551140 0.003243400 0.006270440 0.013885850 0.011515230 0.018193620 0.014198200 0.021185030 0.011251320 0.021106510 0.022178590 0.018566270 0.010831540 0.006305420 0.022355730 
38     0.025561410 0.025618910 0.027170490 0.020917810 0.029916830 0.023027510 0.033329190 0.028815990 0.025680950 0.026090220 0.035103250 0.037468720 0.029892200 0.033624430 0.029273040 0.026422110 0.026563190 0.033932380 0.029283940 0.027830130 0.016109550 0.016468010 0.020583880 0.025932060 0.017214080 0.020069080 0.021729480 0.016174120 0.015921370 0.005237190 0.002673500 0.003774140 0.003241930 0.000000000 0.001905780 0.000558250 0.000310050 0.000002310 0.007737920 0.012521790 0.010614230 0.012203490 0.015387580 0.020084390 0.014457950 0.018543290 0.019137310 0.011044030 0.014507730 0.007622640 0.044725900 
24     0.023793190 0.023850690 0.026594830 0.028847020 0.031822610 0.030956720 0.035234970 0.036745200 0.033610160 0.027996000 0.033335030 0.035700500 0.031797980 0.026922660 0.027504820 0.023233340 0.023183290 0.041861590 0.037213150 0.029735910 0.018015330 0.018373790 0.022489660 0.027837840 0.016999990 0.016043690 0.006616430 0.006114170 0.008633730 0.008173180 0.010326810 0.005679920 0.005147710 0.001905780 0.000000000 0.000942950 0.002215830 0.001908090 0.010329870 0.013679470 0.011771910 0.013089060 0.016475180 0.020813260 0.016363730 0.018747580 0.017074030 0.009738820 0.005726980 0.008710240 0.046631680 
36     0.028578950 0.028636450 0.022591850 0.024087410 0.045473880 0.026197110 0.040155260 0.031985590 0.028850550 0.036284800 0.038120790 0.037213130 0.038672120 0.022919680 0.032290580 0.019230360 0.019180310 0.031452090 0.031447850 0.045053400 0.026737830 0.029963350 0.044134750 0.034287030 0.020483950 0.021097920 0.002613450 0.002111190 0.004630750 0.005741480 0.003177790 0.008339910 0.004025650 0.000558250 0.000942950 0.000000000 0.000000850 0.000091640 0.006326890 0.018112140 0.010272520 0.009086080 0.015465970 0.016810280 0.015147290 0.015802560 0.013071050 0.023493050 0.001724000 0.007701030 0.073688520 
37     0.023681890 0.023739390 0.022592700 0.026578000 0.030226040 0.028687700 0.033638400 0.034476180 0.031341140 0.019453840 0.019356820 0.010069280 0.030201410 0.022920530 0.027393520 0.019231210 0.019181160 0.039592570 0.034944130 0.028139340 0.016418760 0.016777220 0.020893090 0.026241270 0.016948670 0.015992370 0.002614300 0.002112040 0.004631600 0.006576610 0.006069840 0.004083350 0.003551140 0.000310050 0.002215830 0.000000850 0.000000000 0.000090990 0.006327740 0.017401690 0.010273370 0.009086930 0.019202410 0.016811130 0.014767160 0.018636280 0.013071900 0.023441780 0.001724850 0.015428100 0.045035110 
21     0.027199220 0.029272670 0.022683490 0.026401550 0.029918300 0.028511250 0.033330660 0.034299730 0.031164690 0.026091690 0.042222850 0.039715630 0.029893670 0.023011320 0.033210060 0.019322000 0.019271950 0.035516780 0.034767680 0.027831600 0.016111020 0.016469480 0.020585350 0.025933530 0.017215550 0.018518960 0.002705090 0.002202830 0.004722390 0.006268870 0.004871480 0.003775610 0.003243400 0.000002310 0.001908090 0.000091640 0.000090990 0.000000000 0.006418530 0.009578650 0.007671090 0.009177720 0.020594640 0.016901920 0.014459420 0.019442790 0.013162690 0.020755070 0.001815640 0.012829700 0.044727370 
39     0.031842480 0.032083380 0.025494200 0.014864540 0.032317940 0.016974240 0.037942280 0.022762720 0.019627680 0.027386920 0.022529120 0.005067700 0.033348760 0.025822030 0.034434580 0.022132710 0.022082660 0.027879110 0.023230670 0.041127810 0.033755810 0.035216840 0.039966900 0.048407520 0.011261080 0.014097750 0.005613800 0.005111540 0.007680220 0.008032270 0.005468580 0.011389380 0.006270440 0.007737920 0.010329870 0.006326890 0.006327740 0.006418530 0.000000000 0.016994320 0.011530570 0.010344130 0.006988550 0.007323580 0.014979390 0.014988550 0.014329100 0.010267730 0.004626350 0.001405640 0.049129300 
28     0.028272730 0.032665270 0.028245470 0.023836420 0.030991810 0.034421550 0.034404170 0.040210030 0.037074990 0.027165200 0.042149610 0.040789140 0.030967180 0.034699410 0.034283570 0.027497090 0.027638170 0.045326420 0.040677980 0.028905110 0.017184530 0.017542990 0.021658860 0.027007040 0.010978300 0.024957820 0.017399050 0.016896790 0.017732940 0.013284310 0.012292640 0.014418060 0.013885850 0.012521790 0.013679470 0.018112140 0.017401690 0.009578650 0.016994320 0.000000000 0.000730250 0.003256730 0.005670300 0.006514270 0.002906410 0.007299470 0.011372310 0.016135400 0.014588150 0.009910670 0.045800880 
26     0.022356280 0.022413780 0.029439830 0.044416180 0.044266680 0.035824020 0.033932590 0.040347640 0.033784640 0.030062130 0.031898120 0.034263590 0.039034240 0.029767660 0.026067910 0.026078340 0.026028290 0.051366920 0.052782310 0.048509610 0.020515160 0.023740680 0.041795200 0.040995640 0.017986490 0.021585530 0.009559430 0.009057170 0.011625850 0.011376750 0.010385080 0.015335010 0.011515230 0.010614230 0.011771910 0.010272520 0.010273370 0.007671090 0.011530570 0.000730250 0.000000000 0.001213000 0.005926420 0.007160780 0.004211440 0.005360290 0.005449190 0.016781910 0.008571980 0.015472400 0.063111910 
34     0.022447250 0.022504750 0.028253390 0.037085230 0.047869480 0.035914990 0.034023560 0.040438610 0.033875610 0.030153100 0.031989090 0.034354560 0.039125210 0.028581220 0.026158880 0.024891900 0.024841850 0.050099800 0.045451360 0.047198600 0.020606130 0.023831650 0.043384460 0.042584900 0.018077460 0.021676500 0.008372990 0.007870730 0.010439410 0.012966010 0.011974340 0.014148570 0.018193620 0.012203490 0.013089060 0.009086080 0.009086930 0.009177720 0.010344130 0.003256730 0.001213000 0.000000000 0.006017390 0.008001980 0.004302410 0.005451260 0.004262750 0.029080880 0.007385540 0.017234390 0.057703440 
40     0.023246200 0.023303700 0.037720960 0.019075710 0.047014850 0.021185410 0.034822510 0.026973890 0.023838850 0.030952050 0.032788040 0.035153510 0.037559930 0.035223660 0.026957830 0.029690910 0.029323640 0.032090280 0.027441840 0.045806970 0.021405080 0.024630600 0.050079730 0.052134870 0.015472250 0.016131090 0.025648840 0.032273930 0.019823690 0.015131850 0.019023750 0.012924000 0.014198200 0.015387580 0.016475180 0.015465970 0.019202410 0.020594640 0.006988550 0.005670300 0.005926420 0.006017390 0.000000000 0.000705790 0.003576220 0.006069530 0.008258060 0.013696630 0.011977800 0.011524960 0.061829720 
44     0.030756680 0.030814180 0.035977590 0.019410740 0.044526300 0.021520440 0.042332990 0.027308920 0.024173880 0.038462530 0.040298520 0.042663990 0.037894960 0.036305420 0.034468310 0.032616100 0.032566050 0.032425310 0.027776870 0.046930300 0.028915560 0.017455600 0.051203060 0.053258200 0.015807280 0.018643950 0.016097190 0.015594930 0.018163610 0.022118680 0.026010580 0.019910830 0.021185030 0.020084390 0.020813260 0.016810280 0.016811130 0.016901920 0.007323580 0.006514270 0.007160780 0.008001980 0.000705790 0.000000000 0.001663010 0.005238810 0.001495020 0.017041530 0.015109740 0.017656000 0.062002550 
23     0.021531220 0.021588720 0.025610940 0.033709340 0.028357280 0.034998960 0.031769640 0.037669510 0.032959580 0.024530670 0.031073060 0.033438530 0.028332650 0.032064880 0.025242850 0.024862560 0.025003640 0.050445540 0.045797100 0.026270580 0.014550000 0.014908460 0.019024330 0.024372510 0.008343770 0.015771880 0.014434200 0.013931940 0.015098410 0.014140990 0.016430420 0.011783530 0.011251320 0.014457950 0.016363730 0.015147290 0.014767160 0.014459420 0.014979390 0.002906410 0.004211440 0.004302410 0.003576220 0.001663010 0.000000000 0.001106820 0.008009930 0.007466960 0.010262820 0.011564840 0.043166350 
25     0.022680070 0.022737570 0.042809220 0.041614770 0.045422890 0.036147810 0.034256380 0.040671430 0.034108430 0.030385920 0.032221910 0.034587380 0.039358030 0.034657530 0.026391700 0.029124780 0.028757510 0.052919930 0.049980900 0.049429650 0.020838950 0.024064470 0.053702410 0.037669230 0.018310280 0.019463430 0.022928820 0.022426560 0.024995240 0.015289840 0.019931740 0.019832310 0.021106510 0.018543290 0.018747580 0.015802560 0.018636280 0.019442790 0.014988550 0.007299470 0.005360290 0.005451260 0.006069530 0.005238810 0.001106820 0.000000000 0.001739370 0.025787280 0.011411670 0.017467210 0.075152630 
41     0.033564110 0.038827540 0.032238360 0.048978430 0.050542030 0.053149160 0.053767080 0.056423270 0.055802600 0.044558130 0.039700330 0.039687210 0.048318630 0.032566190 0.052559200 0.028876870 0.028826820 0.030789050 0.040889050 0.027893160 0.046742340 0.040259580 0.047621710 0.050748990 0.024491510 0.017448880 0.012357960 0.011855700 0.014424380 0.014648880 0.025212090 0.012829950 0.022178590 0.019137310 0.017074030 0.013071050 0.013071900 0.013162690 0.014329100 0.011372310 0.005449190 0.004262750 0.008258060 0.001495020 0.008009930 0.001739370 0.000000000 0.008175700 0.011370510 0.018474510 0.076654520 
31     0.033983810 0.041709630 0.038231360 0.057844160 0.036675070 0.042920900 0.042299410 0.057500790 0.044127100 0.044361950 0.056426320 0.037470170 0.048163930 0.035384920 0.051480320 0.033028500 0.044834920 0.044857980 0.049178140 0.045484940 0.030931330 0.030844150 0.027388180 0.025007950 0.016527720 0.014338770 0.016708320 0.007501390 0.010803420 0.006555600 0.027831620 0.017458330 0.018566270 0.011044030 0.009738820 0.023493050 0.023441780 0.020755070 0.010267730 0.016135400 0.016781910 0.029080880 0.013696630 0.017041530 0.007466960 0.025787280 0.008175700 0.000000000 0.008860530 0.005676950 0.062997630 
43     0.016672000 0.016729500 0.020867850 0.040013660 0.036345300 0.030139740 0.028248310 0.034663360 0.028100360 0.024377850 0.026213840 0.028579310 0.033349960 0.021195680 0.020383630 0.017506360 0.017456310 0.044528210 0.048379790 0.042225840 0.014830880 0.018056400 0.034979590 0.038219790 0.012302210 0.011545260 0.001010910 0.000508650 0.003077330 0.009446010 0.013865040 0.006786490 0.010831540 0.014507730 0.005726980 0.001724000 0.001724850 0.001815640 0.004626350 0.014588150 0.008571980 0.007385540 0.011977800 0.015109740 0.010262820 0.011411670 0.011370510 0.008860530 0.000000000 0.005039060 0.059121610 
29     0.022727540 0.022785040 0.031588420 0.018489420 0.034334760 0.020599120 0.034303850 0.026387600 0.023252560 0.027680140 0.022822340 0.022809220 0.034310130 0.034705000 0.026439170 0.029172250 0.028804980 0.031503990 0.026855550 0.032248060 0.020527480 0.020885940 0.025001810 0.027171130 0.014321250 0.016791940 0.008898200 0.007057330 0.011930910 0.007239070 0.011130970 0.005031220 0.006305420 0.007622640 0.008710240 0.007701030 0.015428100 0.012829700 0.001405640 0.009910670 0.015472400 0.017234390 0.011524960 0.017656000 0.011564840 0.017467210 0.018474510 0.005676950 0.005039060 0.000000000 0.049143830 
0     0.020095390 0.045698210 0.020068130 0.038201240 0.022814470 0.033644910 0.026226830 0.032126700 0.044452850 0.018987860 0.030536500 0.023851780 0.022789840 0.026522070 0.026106230 0.019319750 0.019460830 0.043040230 0.046444680 0.020727770 0.042014300 0.043234890 0.046359230 0.046404600 0.042956720 0.040761200 0.064026770 0.064686880 0.057940680 0.044544740 0.046698370 0.029231810 0.022355730 0.044725900 0.046631680 0.073688520 0.045035110 0.044727370 0.049129300 0.045800880 0.063111910 0.057703440 0.061829720 0.062002550 0.043166350 0.075152630 0.076654520 0.062997630 0.059121610 0.049143830 0.000000000 
