51
2     0.000000000 0.360581287 0.325057201 0.340038114 0.355422573 0.326083443 0.334348859 0.346588896 0.338991879 0.340433441 0.331581069 0.328828692 0.375208789 0.380447009 0.360534338 0.392334179 0.442484324 0.428219991 0.428531398 0.475517887 0.308842415 0.433273769 0.312439404 0.267081169 0.302190065 0.298448827 0.280381874 0.312554029 0.321177419 0.391713841 0.633240838 0.330045961 0.245088181 0.244792193 0.423758401 0.403785120 0.285733384 0.308092574 0.374561184 0.307012731 0.246462129 0.254599505 0.254617864 0.439540206 0.255911998 0.257971059 0.248502159 0.246523052 0.249913947 0.250422455 0.541502187 
36     0.360581287 0.000000000 0.107477011 0.124206990 0.139715209 0.107833588 0.116471541 0.168960021 0.161388777 0.163043744 0.153417499 0.150709901 0.252842526 0.257712183 0.237881977 0.269723531 0.319556289 0.308783025 0.309029994 0.355193792 0.410653140 0.535079091 0.414063468 0.368900140 0.404110491 0.400369252 0.382301967 0.414305493 0.421478445 0.492088855 0.734092649 0.430241454 0.345628851 0.345332863 0.526685685 0.506712404 0.390494317 0.412853507 0.479329372 0.411780919 0.351237803 0.359090423 0.359108782 0.544031124 0.360402916 0.362461977 0.352993077 0.351013970 0.354404865 0.354913373 0.646131248 
4     0.325057201 0.107477011 0.000000000 0.082773658 0.096670628 0.067117862 0.075999002 0.135320478 0.127748658 0.128949408 0.119777956 0.117042116 0.217297391 0.222685550 0.202855344 0.234650148 0.284067530 0.271482083 0.271729052 0.318052311 0.375086571 0.499512521 0.378496898 0.333333570 0.368543921 0.364802683 0.346735398 0.378738923 0.385911875 0.456522285 0.698526079 0.394522612 0.309910010 0.309614022 0.491075996 0.471102716 0.354986658 0.377345848 0.443821714 0.376273260 0.315730144 0.323632405 0.323650765 0.508573106 0.324944899 0.327003959 0.317535059 0.315555953 0.318946847 0.319455355 0.610654558 
5     0.340038114 0.124206990 0.082773658 0.000000000 0.063086506 0.081184935 0.089678578 0.147260273 0.139688453 0.141315594 0.131717751 0.128820352 0.231898325 0.237239734 0.217409527 0.249178045 0.300263184 0.288119708 0.288366677 0.336054066 0.390048606 0.514474557 0.393458934 0.348295606 0.383505957 0.379764719 0.361697433 0.393700959 0.400873911 0.471484321 0.713488115 0.409543585 0.324930982 0.324634995 0.506037470 0.486064190 0.370014011 0.392373201 0.458849066 0.391300613 0.330757497 0.338656535 0.338674895 0.523597236 0.339969029 0.342028089 0.332559189 0.330580083 0.333970977 0.334479485 0.625675459 
16     0.355422573 0.139715209 0.096670628 0.063086506 0.000000000 0.097934345 0.106534641 0.163412893 0.155841073 0.157468011 0.147870371 0.144972769 0.246904703 0.252246112 0.232415906 0.264184424 0.315269562 0.304453527 0.304700496 0.351023755 0.405433066 0.529859017 0.408843394 0.363680066 0.398890417 0.395149179 0.377081893 0.409085419 0.416258371 0.486868781 0.728872575 0.424928044 0.340315442 0.340019454 0.521421930 0.501448650 0.385398471 0.407757661 0.474233526 0.406685073 0.346141957 0.354040995 0.354059354 0.538981696 0.355353489 0.357412549 0.347943649 0.345964542 0.349355437 0.349863945 0.641059919 
34     0.326083443 0.107833588 0.067117862 0.081184935 0.097934345 0.000000000 0.035588822 0.134800463 0.127229179 0.128855784 0.119257941 0.116521941 0.220247154 0.225588563 0.205758357 0.237599911 0.286968181 0.273504752 0.273751721 0.321279649 0.376129308 0.500555259 0.379539636 0.334376308 0.369586658 0.365845420 0.347778135 0.379781660 0.386954613 0.457565022 0.699568816 0.395693263 0.311080660 0.310784673 0.492197202 0.472223921 0.355976223 0.378335413 0.444811278 0.377262825 0.316719709 0.324627981 0.324646341 0.509568682 0.325940475 0.327999535 0.318530635 0.316551529 0.319942423 0.320450931 0.611642382 
31     0.334348859 0.116471541 0.075999002 0.089678578 0.106534641 0.035588822 0.000000000 0.143752275 0.136181031 0.137807596 0.128209753 0.125473753 0.228652338 0.233993747 0.214163541 0.246005095 0.295373365 0.281924495 0.282171463 0.329699391 0.384394724 0.508820675 0.387805052 0.342641724 0.377852074 0.374110836 0.356043551 0.388047076 0.395220029 0.465830438 0.707834232 0.403958679 0.319346076 0.319050089 0.500462618 0.480489337 0.364241639 0.386600829 0.453076694 0.385528241 0.324985125 0.332893397 0.332911757 0.517834098 0.334205891 0.336264951 0.326796051 0.324816945 0.328207839 0.328716347 0.619907798 
39     0.346588896 0.168960021 0.135320478 0.147260273 0.163412893 0.134800463 0.143752275 0.000000000 0.057757518 0.060355772 0.057373988 0.058166414 0.240241078 0.244862114 0.225173996 0.257024785 0.306941740 0.294116059 0.294350266 0.341547746 0.396649731 0.521075682 0.400039940 0.354876612 0.390104705 0.386363466 0.368278439 0.400299707 0.407472659 0.478083068 0.720086862 0.416232092 0.331619489 0.331323502 0.512376544 0.492403263 0.376752819 0.399112009 0.465587874 0.398039421 0.337496305 0.345505789 0.345524148 0.530446490 0.346818283 0.348877343 0.339408443 0.337429336 0.340820231 0.341328739 0.632517260 
7     0.338991879 0.161388777 0.127748658 0.139688453 0.155841073 0.127229179 0.136181031 0.057757518 0.000000000 0.052841192 0.048544529 0.050502610 0.232719908 0.237340944 0.217652826 0.249503615 0.299420569 0.286594888 0.286829096 0.334026575 0.389052714 0.513478665 0.392442923 0.347279595 0.382507687 0.378766449 0.360681422 0.392702689 0.399875642 0.470486051 0.712489845 0.408635075 0.324022472 0.323726485 0.504779526 0.484806246 0.369155802 0.391514992 0.457990857 0.390442404 0.329899288 0.337908772 0.337927131 0.522849473 0.339221266 0.341280326 0.331811426 0.329832319 0.333223214 0.333731722 0.624920243 
33     0.340433441 0.163043744 0.128949408 0.141315594 0.157468011 0.128855784 0.137807596 0.060355772 0.052841192 0.000000000 0.051096328 0.051921707 0.234128273 0.238749309 0.219061191 0.250911980 0.300828934 0.288010896 0.288245103 0.335442583 0.390463033 0.514888984 0.393853243 0.348689915 0.383918007 0.380176769 0.362091742 0.394113009 0.401285961 0.471896371 0.713900165 0.410045394 0.325432792 0.325136804 0.506189846 0.486216565 0.370597726 0.392956916 0.459432781 0.391884328 0.331341212 0.339350696 0.339369055 0.524291397 0.340663190 0.342722250 0.333253350 0.331274243 0.334665138 0.335173646 0.626362167 
1     0.331581069 0.153417499 0.119777956 0.131717751 0.147870371 0.119257941 0.128209753 0.057373988 0.048544529 0.051096328 0.000000000 0.041772596 0.224893402 0.229514439 0.209826321 0.241677109 0.291594064 0.278725886 0.278960093 0.326157573 0.381641903 0.506067854 0.385032113 0.339868785 0.375096877 0.371355639 0.353270612 0.385291879 0.392464831 0.463075241 0.705079035 0.401224264 0.316611662 0.316315674 0.497368716 0.477395435 0.361744992 0.384104182 0.450580047 0.383031593 0.322488477 0.330497961 0.330516321 0.515438663 0.331810455 0.333869515 0.324400615 0.322421509 0.325812404 0.326320912 0.617509433 
37     0.328828692 0.150709901 0.117042116 0.128820352 0.144972769 0.116521941 0.125473753 0.058166414 0.050502610 0.051921707 0.041772596 0.000000000 0.222321262 0.226942298 0.207254180 0.239104969 0.289021923 0.276161388 0.276395595 0.323593074 0.378858284 0.503284235 0.382248493 0.337085165 0.372313258 0.368572020 0.350486993 0.382508260 0.389681212 0.460291622 0.702295416 0.398440645 0.313828043 0.313532055 0.494585097 0.474611816 0.358992977 0.381352167 0.447828032 0.380279579 0.319736463 0.327745946 0.327764306 0.512686648 0.329058440 0.331117501 0.321648601 0.319669494 0.323060389 0.323568897 0.614757418 
13     0.375208789 0.252842526 0.217297391 0.231898325 0.246904703 0.220247154 0.228652338 0.240241078 0.232719908 0.234128273 0.224893402 0.222321262 0.000000000 0.075520939 0.054936697 0.087925070 0.138155834 0.217085678 0.217087587 0.263377525 0.427600575 0.552026526 0.430990784 0.385833545 0.421061637 0.417320399 0.399235372 0.431256639 0.438628133 0.509158467 0.751045185 0.447358128 0.362739162 0.362443174 0.543602726 0.523629446 0.405692641 0.428051831 0.494527696 0.426979242 0.366432492 0.374966699 0.374985058 0.559907400 0.376279192 0.378338253 0.368869353 0.366890246 0.370281141 0.370789649 0.661840448 
41     0.380447009 0.257712183 0.222685550 0.237239734 0.252246112 0.225588563 0.233993747 0.244862114 0.237340944 0.238749309 0.229514439 0.226942298 0.075520939 0.000000000 0.042766203 0.077809946 0.140233243 0.221282486 0.221322566 0.267707755 0.432850977 0.557276928 0.436241187 0.391083947 0.426312039 0.422570801 0.404485774 0.436507041 0.443878536 0.514408869 0.756295587 0.452608530 0.367989564 0.367693577 0.548841002 0.528867722 0.410940652 0.433299842 0.499775707 0.432227253 0.371680503 0.380214710 0.380233069 0.565155411 0.381527203 0.383586264 0.374117364 0.372138257 0.375529152 0.376037660 0.667088459 
23     0.360534338 0.237881977 0.202855344 0.217409527 0.232415906 0.205758357 0.214163541 0.225173996 0.217652826 0.219061191 0.209826321 0.207254180 0.054936697 0.042766203 0.000000000 0.057698545 0.119729253 0.201388995 0.201390903 0.247776092 0.413039811 0.537465762 0.416430020 0.371272780 0.406500873 0.402759635 0.384674608 0.416695875 0.424067369 0.494597702 0.736484421 0.432803993 0.348185027 0.347889040 0.529029836 0.509056555 0.391127599 0.413486789 0.479962654 0.412414200 0.351867450 0.360401657 0.360420016 0.545342358 0.361714150 0.363773211 0.354304311 0.352325204 0.355716099 0.356224607 0.647275406 
14     0.392334179 0.269723531 0.234650148 0.249178045 0.264184424 0.237599911 0.246005095 0.257024785 0.249503615 0.250911980 0.241677109 0.239104969 0.087925070 0.077809946 0.057698545 0.000000000 0.152486435 0.232575765 0.232813394 0.279198582 0.444839652 0.569265602 0.448229861 0.403072621 0.438300714 0.434559475 0.416474448 0.448495716 0.455867210 0.526397543 0.768284261 0.464603834 0.379984868 0.379688880 0.560829677 0.540856396 0.422927440 0.445286630 0.511762495 0.444214041 0.383667291 0.392201497 0.392219857 0.577142199 0.393513991 0.395573051 0.386104151 0.384125045 0.387515940 0.388024448 0.679075247 
38     0.442484324 0.319556289 0.284067530 0.300263184 0.315269562 0.286968181 0.295373365 0.306941740 0.299420569 0.300828934 0.291594064 0.289021923 0.138155834 0.140233243 0.119729253 0.152486435 0.000000000 0.282319374 0.282321282 0.328622388 0.494989797 0.619415747 0.498380006 0.453222766 0.488450859 0.484709620 0.466624593 0.498645861 0.506017355 0.576547688 0.818434406 0.514753979 0.430135013 0.429839025 0.610979822 0.591006541 0.473077585 0.495436775 0.561912640 0.494364186 0.433817436 0.442351642 0.442370002 0.627292344 0.443664136 0.445723196 0.436254296 0.434275190 0.437666085 0.438174593 0.729225392 
21     0.428219991 0.308783025 0.271482083 0.288119708 0.304453527 0.273504752 0.281924495 0.294116059 0.286594888 0.288010896 0.278725886 0.276161388 0.217085678 0.221282486 0.201388995 0.232575765 0.282319374 0.000000000 0.044306918 0.161995467 0.478498334 0.602924285 0.481888543 0.436731304 0.471959396 0.468218158 0.450133131 0.482154398 0.489525892 0.560056226 0.801942944 0.498617221 0.413998254 0.413702267 0.594505419 0.574532138 0.458313234 0.480672424 0.547148289 0.479599836 0.419053085 0.427237773 0.427256133 0.612178474 0.428550267 0.430609327 0.421140427 0.419161321 0.422552215 0.423060723 0.714077338 
19     0.428531398 0.309029994 0.271729052 0.288366677 0.304700496 0.273751721 0.282171463 0.294350266 0.286829096 0.288245103 0.278960093 0.276395595 0.217087587 0.221322566 0.201390903 0.232813394 0.282321282 0.044306918 0.000000000 0.160834176 0.478809741 0.603235692 0.482199951 0.437042711 0.472270803 0.468529565 0.450444538 0.482465806 0.489837300 0.560367633 0.802254351 0.498928628 0.414309662 0.414013674 0.594816826 0.574843546 0.458624641 0.480983831 0.547459697 0.479911243 0.419364492 0.427549180 0.427567540 0.612489882 0.428861674 0.430920735 0.421451835 0.419472728 0.422863623 0.423372131 0.714388746 
9     0.475517887 0.355193792 0.318052311 0.336054066 0.351023755 0.321279649 0.329699391 0.341547746 0.334026575 0.335442583 0.326157573 0.323593074 0.263377525 0.267707755 0.247776092 0.279198582 0.328622388 0.161995467 0.160834176 0.000000000 0.525788531 0.650214482 0.529178740 0.484021501 0.519249593 0.515508355 0.497423328 0.529444595 0.536816089 0.607346423 0.849233141 0.545907417 0.461288451 0.460992464 0.641795616 0.621822335 0.505603431 0.527962621 0.594438486 0.526890033 0.466343282 0.474527970 0.474546330 0.659468671 0.475840464 0.477899524 0.468430624 0.466451518 0.469842412 0.470350920 0.761367535 
26     0.308842415 0.410653140 0.375086571 0.390048606 0.405433066 0.376129308 0.384394724 0.396649731 0.389052714 0.390463033 0.381641903 0.378858284 0.427600575 0.432850977 0.413039811 0.444839652 0.494989797 0.478498334 0.478809741 0.525788531 0.000000000 0.193553033 0.146166369 0.100301575 0.133652981 0.129858164 0.111750610 0.143425428 0.183306362 0.254947258 0.498004072 0.355330379 0.270680320 0.270384333 0.450632144 0.430614986 0.337208631 0.359567821 0.426096368 0.358544436 0.297940855 0.306097077 0.306115437 0.491037779 0.307409571 0.309468632 0.299999732 0.298020625 0.301411520 0.301920028 0.592520857 
8     0.433273769 0.535079091 0.499512521 0.514474557 0.529859017 0.500555259 0.508820675 0.521075682 0.513478665 0.514888984 0.506067854 0.503284235 0.552026526 0.557276928 0.537465762 0.569265602 0.619415747 0.602924285 0.603235692 0.650214482 0.193553033 0.000000000 0.270010132 0.226621068 0.260498664 0.256635355 0.238569254 0.270244670 0.308211932 0.379832917 0.622344416 0.479654530 0.395004471 0.394708484 0.575041356 0.555024198 0.461645331 0.484004521 0.550533067 0.482981135 0.422377554 0.430495527 0.430513887 0.615436228 0.431808021 0.433867081 0.424398181 0.422419075 0.425809969 0.426318478 0.716928527 
15     0.312439404 0.414063468 0.378496898 0.393458934 0.408843394 0.379539636 0.387805052 0.400039940 0.392442923 0.393853243 0.385032113 0.382248493 0.430990784 0.436241187 0.416430020 0.448229861 0.498380006 0.481888543 0.482199951 0.529178740 0.146166369 0.270010132 0.000000000 0.084079303 0.120653909 0.116548197 0.099896702 0.132041401 0.189047617 0.260486341 0.500371996 0.358655906 0.274005847 0.273709860 0.454623148 0.434605991 0.340971591 0.363330781 0.429859328 0.362307396 0.301703815 0.309766696 0.309785056 0.494707397 0.311079190 0.313138250 0.303669350 0.301690244 0.305081138 0.305589646 0.596199696 
27     0.267081169 0.368900140 0.333333570 0.348295606 0.363680066 0.334376308 0.342641724 0.354876612 0.347279595 0.348689915 0.339868785 0.337085165 0.385833545 0.391083947 0.371272780 0.403072621 0.453222766 0.436731304 0.437042711 0.484021501 0.100301575 0.226621068 0.084079303 0.000000000 0.064337227 0.060249358 0.043031794 0.074863040 0.144001907 0.215637224 0.454910828 0.313521771 0.228871712 0.228575725 0.409578907 0.389561750 0.295721343 0.318080533 0.384609080 0.317057148 0.256453567 0.264621806 0.264640166 0.449562508 0.265934300 0.267993360 0.258524460 0.256545354 0.259936249 0.260444757 0.551054806 
40     0.302190065 0.404110491 0.368543921 0.383505957 0.398890417 0.369586658 0.377852074 0.390104705 0.382507687 0.383918007 0.375096877 0.372313258 0.421061637 0.426312039 0.406500873 0.438300714 0.488450859 0.471959396 0.472270803 0.519249593 0.133652981 0.260498664 0.120653909 0.064337227 0.000000000 0.028156837 0.052624901 0.085878450 0.178066862 0.249439724 0.490573441 0.348578124 0.263928066 0.263632078 0.444381099 0.424363941 0.330846339 0.353205529 0.419734076 0.352182144 0.291578563 0.299674909 0.299693269 0.484615610 0.300987403 0.303046463 0.293577563 0.291598457 0.294989351 0.295497859 0.586107909 
11     0.298448827 0.400369252 0.364802683 0.379764719 0.395149179 0.365845420 0.374110836 0.386363466 0.378766449 0.380176769 0.371355639 0.368572020 0.417320399 0.422570801 0.402759635 0.434559475 0.484709620 0.468218158 0.468529565 0.515508355 0.129858164 0.256635355 0.116548197 0.060249358 0.028156837 0.000000000 0.048999219 0.081895364 0.174359070 0.245856659 0.486859296 0.344836886 0.260186827 0.259890840 0.440639860 0.420622703 0.327105101 0.349464291 0.415992838 0.348440906 0.287837325 0.295933671 0.295952030 0.480874372 0.297246165 0.299305225 0.289836325 0.287857218 0.291248113 0.291756621 0.582366671 
3     0.280381874 0.382301967 0.346735398 0.361697433 0.377081893 0.347778135 0.356043551 0.368278439 0.360681422 0.362091742 0.353270612 0.350486993 0.399235372 0.404485774 0.384674608 0.416474448 0.466624593 0.450133131 0.450444538 0.497423328 0.111750610 0.238569254 0.099896702 0.043031794 0.052624901 0.048999219 0.000000000 0.052414690 0.156953101 0.228429721 0.468780339 0.326855019 0.242204960 0.241908972 0.422688339 0.402671182 0.309056965 0.331416155 0.397944702 0.330392770 0.269789189 0.277885535 0.277903895 0.462826236 0.279198029 0.281257089 0.271788189 0.269809083 0.273199977 0.273708485 0.564318535 
6     0.312554029 0.414305493 0.378738923 0.393700959 0.409085419 0.379781660 0.388047076 0.400299707 0.392702689 0.394113009 0.385291879 0.382508260 0.431256639 0.436507041 0.416695875 0.448495716 0.498645861 0.482154398 0.482465806 0.529444595 0.143425428 0.270244670 0.132041401 0.074863040 0.085878450 0.081895364 0.052414690 0.000000000 0.188309022 0.259801146 0.500217057 0.358725276 0.274075217 0.273779230 0.454717681 0.434700523 0.341149276 0.363508466 0.430037013 0.362485081 0.301881500 0.309932100 0.309950460 0.494872801 0.311244594 0.313303654 0.303834754 0.301855648 0.305246542 0.305755050 0.596365100 
25     0.321177419 0.421478445 0.385911875 0.400873911 0.416258371 0.386954613 0.395220029 0.407472659 0.399875642 0.401285961 0.392464831 0.389681212 0.438628133 0.443878536 0.424067369 0.455867210 0.506017355 0.489525892 0.489837300 0.536816089 0.183306362 0.308211932 0.189047617 0.144001907 0.178066862 0.174359070 0.156953101 0.188309022 0.000000000 0.138813583 0.491744224 0.366905018 0.282254959 0.281958972 0.462426768 0.442409611 0.349074431 0.371433621 0.437962168 0.370410236 0.309806654 0.317934021 0.317952381 0.502874722 0.319246515 0.321305575 0.311836675 0.309857569 0.313248463 0.313756971 0.604332055 
18     0.391713841 0.492088855 0.456522285 0.471484321 0.486868781 0.457565022 0.465830438 0.478083068 0.470486051 0.471896371 0.463075241 0.460291622 0.509158467 0.514408869 0.494597702 0.526397543 0.576547688 0.560056226 0.560367633 0.607346423 0.254947258 0.379832917 0.260486341 0.215637224 0.249439724 0.245856659 0.228429721 0.259801146 0.138813583 0.000000000 0.563053379 0.437444364 0.352794305 0.352498317 0.532952256 0.512935098 0.419687764 0.442046954 0.508575501 0.441023569 0.380419988 0.388547354 0.388565714 0.573488055 0.389859848 0.391918908 0.382450008 0.380470902 0.383861796 0.384370304 0.674945389 
35     0.633240838 0.734092649 0.698526079 0.713488115 0.728872575 0.699568816 0.707834232 0.720086862 0.712489845 0.713900165 0.705079035 0.702295416 0.751045185 0.756295587 0.736484421 0.768284261 0.818434406 0.801942944 0.802254351 0.849233141 0.498004072 0.622344416 0.500371996 0.454910828 0.490573441 0.486859296 0.468780339 0.500217057 0.491744224 0.563053379 0.000000000 0.679563734 0.594913675 0.594617687 0.775235033 0.755217876 0.661426386 0.683785576 0.750314123 0.682762191 0.622158609 0.630477796 0.630496155 0.815418497 0.631790290 0.633849350 0.624380450 0.622401344 0.625792238 0.626300746 0.916867528 
20     0.330045961 0.430241454 0.394522612 0.409543585 0.424928044 0.395693263 0.403958679 0.416232092 0.408635075 0.410045394 0.401224264 0.398440645 0.447358128 0.452608530 0.432803993 0.464603834 0.514753979 0.498617221 0.498928628 0.545907417 0.355330379 0.479654530 0.358655906 0.313521771 0.348578124 0.344836886 0.326855019 0.358725276 0.366905018 0.437444364 0.679563734 0.000000000 0.129206468 0.128861176 0.447821901 0.427805890 0.359935700 0.382294890 0.448830692 0.381278760 0.320675179 0.329787276 0.329805636 0.514727977 0.331099770 0.333158830 0.323689930 0.321710824 0.325101718 0.325610226 0.615570536 
17     0.245088181 0.345628851 0.309910010 0.324930982 0.340315442 0.311080660 0.319346076 0.331619489 0.324022472 0.325432792 0.316611662 0.313828043 0.362739162 0.367989564 0.348185027 0.379984868 0.430135013 0.413998254 0.414309662 0.461288451 0.270680320 0.395004471 0.274005847 0.228871712 0.263928066 0.260186827 0.242204960 0.274075217 0.282254959 0.352794305 0.594913675 0.129206468 0.000000000 0.004143548 0.363207779 0.343191768 0.275367482 0.297726672 0.364262474 0.296710542 0.236106961 0.245231456 0.245249815 0.430172157 0.246543949 0.248603010 0.239134110 0.237155003 0.240545898 0.241054406 0.530992305 
24     0.244792193 0.345332863 0.309614022 0.324634995 0.340019454 0.310784673 0.319050089 0.331323502 0.323726485 0.325136804 0.316315674 0.313532055 0.362443174 0.367693577 0.347889040 0.379688880 0.429839025 0.413702267 0.414013674 0.460992464 0.270384333 0.394708484 0.273709860 0.228575725 0.263632078 0.259890840 0.241908972 0.273779230 0.281958972 0.352498317 0.594617687 0.128861176 0.004143548 0.000000000 0.362911792 0.342895781 0.275071495 0.297430685 0.363966487 0.296414555 0.235810974 0.244935468 0.244953828 0.429876169 0.246247962 0.248307022 0.238838122 0.236859016 0.240249910 0.240758419 0.530696317 
10     0.423758401 0.526685685 0.491075996 0.506037470 0.521421930 0.492197202 0.500462618 0.512376544 0.504779526 0.506189846 0.497368716 0.494585097 0.543602726 0.548841002 0.529029836 0.560829677 0.610979822 0.594505419 0.594816826 0.641795616 0.450632144 0.575041356 0.454623148 0.409578907 0.444381099 0.440639860 0.422688339 0.454717681 0.462426768 0.532952256 0.775235033 0.447821901 0.363207779 0.362911792 0.000000000 0.107197927 0.456278640 0.478637830 0.545173632 0.477621700 0.417018119 0.425505132 0.425523492 0.610445833 0.426817626 0.428876686 0.419407786 0.417428680 0.420819574 0.421328082 0.711123674 
22     0.403785120 0.506712404 0.471102716 0.486064190 0.501448650 0.472223921 0.480489337 0.492403263 0.484806246 0.486216565 0.477395435 0.474611816 0.523629446 0.528867722 0.509056555 0.540856396 0.591006541 0.574532138 0.574843546 0.621822335 0.430614986 0.555024198 0.434605991 0.389561750 0.424363941 0.420622703 0.402671182 0.434700523 0.442409611 0.512935098 0.755217876 0.427805890 0.343191768 0.342895781 0.107197927 0.000000000 0.436305359 0.458664549 0.525200351 0.457648419 0.397044838 0.405531851 0.405550211 0.590472553 0.406844345 0.408903405 0.399434505 0.397455399 0.400846294 0.401354802 0.691150393 
29     0.285733384 0.390494317 0.354986658 0.370014011 0.385398471 0.355976223 0.364241639 0.376752819 0.369155802 0.370597726 0.361744992 0.358992977 0.405692641 0.410940652 0.391127599 0.422927440 0.473077585 0.458313234 0.458624641 0.505603431 0.337208631 0.461645331 0.340971591 0.295721343 0.330846339 0.327105101 0.309056965 0.341149276 0.349074431 0.419687764 0.661426386 0.359935700 0.275367482 0.275071495 0.456278640 0.436305359 0.000000000 0.063607872 0.191061283 0.123949870 0.085876715 0.225807991 0.225826351 0.410748692 0.227120485 0.229179545 0.219710645 0.217731539 0.221122433 0.221630941 0.512276468 
12     0.308092574 0.412853507 0.377345848 0.392373201 0.407757661 0.378335413 0.386600829 0.399112009 0.391514992 0.392956916 0.384104182 0.381352167 0.428051831 0.433299842 0.413486789 0.445286630 0.495436775 0.480672424 0.480983831 0.527962621 0.359567821 0.484004521 0.363330781 0.318080533 0.353205529 0.349464291 0.331416155 0.363508466 0.371433621 0.442046954 0.683785576 0.382294890 0.297726672 0.297430685 0.478637830 0.458664549 0.063607872 0.000000000 0.213448916 0.146200191 0.108086111 0.248167181 0.248185541 0.433107882 0.249479675 0.251538735 0.242069835 0.240090729 0.243481623 0.243990131 0.534635658 
32     0.374561184 0.479329372 0.443821714 0.458849066 0.474233526 0.444811278 0.453076694 0.465587874 0.457990857 0.459432781 0.450580047 0.447828032 0.494527696 0.499775707 0.479962654 0.511762495 0.561912640 0.547148289 0.547459697 0.594438486 0.426096368 0.550533067 0.429859328 0.384609080 0.419734076 0.415992838 0.397944702 0.430037013 0.437962168 0.508575501 0.750314123 0.448830692 0.364262474 0.363966487 0.545173632 0.525200351 0.191061283 0.213448916 0.000000000 0.145306644 0.173863350 0.314684730 0.314703089 0.499625431 0.315997224 0.318056284 0.308587384 0.306608278 0.309999172 0.310507680 0.601153207 
30     0.307012731 0.411780919 0.376273260 0.391300613 0.406685073 0.377262825 0.385528241 0.398039421 0.390442404 0.391884328 0.383031593 0.380279579 0.426979242 0.432227253 0.412414200 0.444214041 0.494364186 0.479599836 0.479911243 0.526890033 0.358544436 0.482981135 0.362307396 0.317057148 0.352182144 0.348440906 0.330392770 0.362485081 0.370410236 0.441023569 0.682762191 0.381278760 0.296710542 0.296414555 0.477621700 0.457648419 0.123949870 0.146200191 0.145306644 0.000000000 0.107103630 0.247174179 0.247192539 0.432114881 0.248486673 0.250545734 0.241076834 0.239097727 0.242488622 0.242997130 0.533613548 
28     0.246462129 0.351237803 0.315730144 0.330757497 0.346141957 0.316719709 0.324985125 0.337496305 0.329899288 0.331341212 0.322488477 0.319736463 0.366432492 0.371680503 0.351867450 0.383667291 0.433817436 0.419053085 0.419364492 0.466343282 0.297940855 0.422377554 0.301703815 0.256453567 0.291578563 0.287837325 0.269789189 0.301881500 0.309806654 0.380419988 0.622158609 0.320675179 0.236106961 0.235810974 0.417018119 0.397044838 0.085876715 0.108086111 0.173863350 0.107103630 0.000000000 0.186428509 0.186446868 0.371369210 0.187741002 0.189800063 0.180331163 0.178352056 0.181742951 0.182251459 0.472896986 
50     0.254599505 0.359090423 0.323632405 0.338656535 0.354040995 0.324627981 0.332893397 0.345505789 0.337908772 0.339350696 0.330497961 0.327745946 0.374966699 0.380214710 0.360401657 0.392201497 0.442351642 0.427237773 0.427549180 0.474527970 0.306097077 0.430495527 0.309766696 0.264621806 0.299674909 0.295933671 0.277885535 0.309932100 0.317934021 0.388547354 0.630477796 0.329787276 0.245231456 0.244935468 0.425505132 0.405531851 0.225807991 0.248167181 0.314684730 0.247174179 0.186428509 0.000000000 0.019196262 0.241858536 0.078221831 0.080287043 0.070980862 0.068827864 0.072438638 0.072862970 0.432458018 
43     0.254617864 0.359108782 0.323650765 0.338674895 0.354059354 0.324646341 0.332911757 0.345524148 0.337927131 0.339369055 0.330516321 0.327764306 0.374985058 0.380233069 0.360420016 0.392219857 0.442370002 0.427256133 0.427567540 0.474546330 0.306115437 0.430513887 0.309785056 0.264640166 0.299693269 0.295952030 0.277903895 0.309950460 0.317952381 0.388565714 0.630496155 0.329805636 0.245249815 0.244953828 0.425523492 0.405550211 0.225826351 0.248185541 0.314703089 0.247192539 0.186446868 0.019196262 0.000000000 0.241657350 0.078174642 0.080284210 0.070914797 0.068822739 0.072389152 0.072811545 0.432476378 
46     0.439540206 0.544031124 0.508573106 0.523597236 0.538981696 0.509568682 0.517834098 0.530446490 0.522849473 0.524291397 0.515438663 0.512686648 0.559907400 0.565155411 0.545342358 0.577142199 0.627292344 0.612178474 0.612489882 0.659468671 0.491037779 0.615436228 0.494707397 0.449562508 0.484615610 0.480874372 0.462826236 0.494872801 0.502874722 0.573488055 0.815418497 0.514727977 0.430172157 0.429876169 0.610445833 0.590472553 0.410748692 0.433107882 0.499625431 0.432114881 0.371369210 0.241858536 0.241657350 0.000000000 0.263097282 0.265107525 0.255864089 0.253705505 0.257177942 0.257681755 0.617398720 
49     0.255911998 0.360402916 0.324944899 0.339969029 0.355353489 0.325940475 0.334205891 0.346818283 0.339221266 0.340663190 0.331810455 0.329058440 0.376279192 0.381527203 0.361714150 0.393513991 0.443664136 0.428550267 0.428861674 0.475840464 0.307409571 0.431808021 0.311079190 0.265934300 0.300987403 0.297246165 0.279198029 0.311244594 0.319246515 0.389859848 0.631790290 0.331099770 0.246543949 0.246247962 0.426817626 0.406844345 0.227120485 0.249479675 0.315997224 0.248486673 0.187741002 0.078221831 0.078174642 0.263097282 0.000000000 0.048862529 0.046069073 0.043611814 0.046826631 0.058240866 0.433755256 
44     0.257971059 0.362461977 0.327003959 0.342028089 0.357412549 0.327999535 0.336264951 0.348877343 0.341280326 0.342722250 0.333869515 0.331117501 0.378338253 0.383586264 0.363773211 0.395573051 0.445723196 0.430609327 0.430920735 0.477899524 0.309468632 0.433867081 0.313138250 0.267993360 0.303046463 0.299305225 0.281257089 0.313303654 0.321305575 0.391918908 0.633849350 0.333158830 0.248603010 0.248307022 0.428876686 0.408903405 0.229179545 0.251538735 0.318056284 0.250545734 0.189800063 0.080287043 0.080284210 0.265107525 0.048862529 0.000000000 0.048181988 0.046131778 0.048818150 0.060139437 0.435814316 
45     0.248502159 0.352993077 0.317535059 0.332559189 0.347943649 0.318530635 0.326796051 0.339408443 0.331811426 0.333253350 0.324400615 0.321648601 0.368869353 0.374117364 0.354304311 0.386104151 0.436254296 0.421140427 0.421451835 0.468430624 0.299999732 0.424398181 0.303669350 0.258524460 0.293577563 0.289836325 0.271788189 0.303834754 0.311836675 0.382450008 0.624380450 0.323689930 0.239134110 0.238838122 0.419407786 0.399434505 0.219710645 0.242069835 0.308587384 0.241076834 0.180331163 0.070980862 0.070914797 0.255864089 0.046069073 0.048181988 0.000000000 0.030723701 0.033106609 0.049986264 0.426084443 
47     0.246523052 0.351013970 0.315555953 0.330580083 0.345964542 0.316551529 0.324816945 0.337429336 0.329832319 0.331274243 0.322421509 0.319669494 0.366890246 0.372138257 0.352325204 0.384125045 0.434275190 0.419161321 0.419472728 0.466451518 0.298020625 0.422419075 0.301690244 0.256545354 0.291598457 0.287857218 0.269809083 0.301855648 0.309857569 0.380470902 0.622401344 0.321710824 0.237155003 0.236859016 0.417428680 0.397455399 0.217731539 0.240090729 0.306608278 0.239097727 0.178352056 0.068827864 0.068822739 0.253705505 0.043611814 0.046131778 0.030723701 0.000000000 0.031444295 0.049028793 0.424366310 
48     0.249913947 0.354404865 0.318946847 0.333970977 0.349355437 0.319942423 0.328207839 0.340820231 0.333223214 0.334665138 0.325812404 0.323060389 0.370281141 0.375529152 0.355716099 0.387515940 0.437666085 0.422552215 0.422863623 0.469842412 0.301411520 0.425809969 0.305081138 0.259936249 0.294989351 0.291248113 0.273199977 0.305246542 0.313248463 0.383861796 0.625792238 0.325101718 0.240545898 0.240249910 0.420819574 0.400846294 0.221122433 0.243481623 0.309999172 0.242488622 0.181742951 0.072438638 0.072389152 0.257177942 0.046826631 0.048818150 0.033106609 0.031444295 0.000000000 0.051453495 0.427496231 
42     0.250422455 0.354913373 0.319455355 0.334479485 0.349863945 0.320450931 0.328716347 0.341328739 0.333731722 0.335173646 0.326320912 0.323568897 0.370789649 0.376037660 0.356224607 0.388024448 0.438174593 0.423060723 0.423372131 0.470350920 0.301920028 0.426318478 0.305589646 0.260444757 0.295497859 0.291756621 0.273708485 0.305755050 0.313756971 0.384370304 0.626300746 0.325610226 0.241054406 0.240758419 0.421328082 0.401354802 0.221630941 0.243990131 0.310507680 0.242997130 0.182251459 0.072862970 0.072811545 0.257681755 0.058240866 0.060139437 0.049986264 0.049028793 0.051453495 0.000000000 0.428265713 
0     0.541502187 0.646131248 0.610654558 0.625675459 0.641059919 0.611642382 0.619907798 0.632517260 0.624920243 0.626362167 0.617509433 0.614757418 0.661840448 0.667088459 0.647275406 0.679075247 0.729225392 0.714077338 0.714388746 0.761367535 0.592520857 0.716928527 0.596199696 0.551054806 0.586107909 0.582366671 0.564318535 0.596365100 0.604332055 0.674945389 0.916867528 0.615570536 0.530992305 0.530696317 0.711123674 0.691150393 0.512276468 0.534635658 0.601153207 0.533613548 0.472896986 0.432458018 0.432476378 0.617398720 0.433755256 0.435814316 0.426084443 0.424366310 0.427496231 0.428265713 0.000000000 
