51
2     0.000000000 0.000150480 0.000110670 0.000120580 0.000126930 0.000106760 0.000108890 0.000155100 0.000144030 0.000160180 0.000147130 0.000143780 0.000113460 0.000117550 0.000113050 0.000114520 0.000131830 0.000145840 0.000148430 0.000157140 0.000161310 0.000247590 0.000144350 0.000100870 0.000175210 0.000172370 0.000099560 0.000124180 0.000153510 0.000157600 0.000357210 0.000228330 0.000087300 0.000086560 0.000222700 0.000200600 0.000164310 0.000188240 0.000201290 0.000184550 0.000140950 0.000122370 0.000116490 0.000169900 0.000120080 0.000113570 0.000124970 0.000112720 0.000127350 0.000109940 0.000300620 
36     0.000150480 0.000000000 0.000079810 0.000089720 0.000096070 0.000075900 0.000078030 0.000140840 0.000129770 0.000145920 0.000132870 0.000129520 0.000175500 0.000179590 0.000175090 0.000176560 0.000193870 0.000129720 0.000132310 0.000141020 0.000214990 0.000301270 0.000198030 0.000154550 0.000228890 0.000226050 0.000153240 0.000177860 0.000207190 0.000211280 0.000410890 0.000300970 0.000159940 0.000159200 0.000290960 0.000268860 0.000228490 0.000252420 0.000265470 0.000248730 0.000205130 0.000186550 0.000180670 0.000234080 0.000184260 0.000177750 0.000189150 0.000176900 0.000191530 0.000174120 0.000364800 
4     0.000110670 0.000079810 0.000000000 0.000047210 0.000053560 0.000033390 0.000035520 0.000101030 0.000089960 0.000106110 0.000093060 0.000089710 0.000135690 0.000139780 0.000135280 0.000136750 0.000154060 0.000089910 0.000092500 0.000101210 0.000175180 0.000261460 0.000158220 0.000114740 0.000189080 0.000186240 0.000113430 0.000138050 0.000167380 0.000171470 0.000371080 0.000261160 0.000120130 0.000119390 0.000251150 0.000229050 0.000188680 0.000212610 0.000225660 0.000208920 0.000165320 0.000146740 0.000140860 0.000194270 0.000144450 0.000137940 0.000149340 0.000137090 0.000151720 0.000134310 0.000324990 
5     0.000120580 0.000089720 0.000047210 0.000000000 0.000013730 0.000036720 0.000038850 0.000110940 0.000099870 0.000116020 0.000102970 0.000099620 0.000145600 0.000149690 0.000145190 0.000146660 0.000163970 0.000099820 0.000102410 0.000111120 0.000185090 0.000271370 0.000168130 0.000124650 0.000198990 0.000196150 0.000123340 0.000147960 0.000177290 0.000181380 0.000380990 0.000271070 0.000130040 0.000129300 0.000261060 0.000238960 0.000198590 0.000222520 0.000235570 0.000218830 0.000175230 0.000156650 0.000150770 0.000204180 0.000154360 0.000147850 0.000159250 0.000147000 0.000161630 0.000144220 0.000334900 
16     0.000126930 0.000096070 0.000053560 0.000013730 0.000000000 0.000043070 0.000045200 0.000117290 0.000106220 0.000122370 0.000109320 0.000105970 0.000151950 0.000156040 0.000151540 0.000153010 0.000170320 0.000106170 0.000108760 0.000117470 0.000191440 0.000277720 0.000174480 0.000131000 0.000205340 0.000202500 0.000129690 0.000154310 0.000183640 0.000187730 0.000387340 0.000277420 0.000136390 0.000135650 0.000267410 0.000245310 0.000204940 0.000228870 0.000241920 0.000225180 0.000181580 0.000163000 0.000157120 0.000210530 0.000160710 0.000154200 0.000165600 0.000153350 0.000167980 0.000150570 0.000341250 
34     0.000106760 0.000075900 0.000033390 0.000036720 0.000043070 0.000000000 0.000012950 0.000097120 0.000086050 0.000102200 0.000089150 0.000085800 0.000131780 0.000135870 0.000131370 0.000132840 0.000150150 0.000086000 0.000088590 0.000097300 0.000171270 0.000257550 0.000154310 0.000110830 0.000185170 0.000182330 0.000109520 0.000134140 0.000163470 0.000167560 0.000367170 0.000257250 0.000116220 0.000115480 0.000247240 0.000225140 0.000184770 0.000208700 0.000221750 0.000205010 0.000161410 0.000142830 0.000136950 0.000190360 0.000140540 0.000134030 0.000145430 0.000133180 0.000147810 0.000130400 0.000321080 
31     0.000108890 0.000078030 0.000035520 0.000038850 0.000045200 0.000012950 0.000000000 0.000099250 0.000088180 0.000104330 0.000091280 0.000087930 0.000133910 0.000138000 0.000133500 0.000134970 0.000152280 0.000088130 0.000090720 0.000099430 0.000173400 0.000259680 0.000156440 0.000112960 0.000187300 0.000184460 0.000111650 0.000136270 0.000165600 0.000169690 0.000369300 0.000259380 0.000118350 0.000117610 0.000249370 0.000227270 0.000186900 0.000210830 0.000223880 0.000207140 0.000163540 0.000144960 0.000139080 0.000192490 0.000142670 0.000136160 0.000147560 0.000135310 0.000149940 0.000132530 0.000323210 
39     0.000155100 0.000140840 0.000101030 0.000110940 0.000117290 0.000097120 0.000099250 0.000000000 0.000022010 0.000039840 0.000021990 0.000022460 0.000180120 0.000184210 0.000179710 0.000181180 0.000198490 0.000136200 0.000138790 0.000147500 0.000219610 0.000305890 0.000202650 0.000159170 0.000233510 0.000230670 0.000157860 0.000182480 0.000211810 0.000215900 0.000415510 0.000305590 0.000164560 0.000163820 0.000295580 0.000273480 0.000233110 0.000257040 0.000270090 0.000253350 0.000209750 0.000191170 0.000185290 0.000238700 0.000188880 0.000182370 0.000193770 0.000181520 0.000196150 0.000178740 0.000369420 
7     0.000144030 0.000129770 0.000089960 0.000099870 0.000106220 0.000086050 0.000088180 0.000022010 0.000000000 0.000028770 0.000014040 0.000011390 0.000169050 0.000173140 0.000168640 0.000170110 0.000187420 0.000125130 0.000127720 0.000136430 0.000208540 0.000294820 0.000191580 0.000148100 0.000222440 0.000219600 0.000146790 0.000171410 0.000200740 0.000204830 0.000404440 0.000294520 0.000153490 0.000152750 0.000284510 0.000262410 0.000222040 0.000245970 0.000259020 0.000242280 0.000198680 0.000180100 0.000174220 0.000227630 0.000177810 0.000171300 0.000182700 0.000170450 0.000185080 0.000167670 0.000358350 
33     0.000160180 0.000145920 0.000106110 0.000116020 0.000122370 0.000102200 0.000104330 0.000039840 0.000028770 0.000000000 0.000031870 0.000028520 0.000185200 0.000189290 0.000184790 0.000186260 0.000203570 0.000141280 0.000143870 0.000152580 0.000224690 0.000310970 0.000207730 0.000164250 0.000238590 0.000235750 0.000162940 0.000187560 0.000216890 0.000220980 0.000420590 0.000310670 0.000169640 0.000168900 0.000300660 0.000278560 0.000238190 0.000262120 0.000275170 0.000258430 0.000214830 0.000196250 0.000190370 0.000243780 0.000193960 0.000187450 0.000198850 0.000186600 0.000201230 0.000183820 0.000374500 
1     0.000147130 0.000132870 0.000093060 0.000102970 0.000109320 0.000089150 0.000091280 0.000021990 0.000014040 0.000031870 0.000000000 0.000014490 0.000172150 0.000176240 0.000171740 0.000173210 0.000190520 0.000128230 0.000130820 0.000139530 0.000211640 0.000297920 0.000194680 0.000151200 0.000225540 0.000222700 0.000149890 0.000174510 0.000203840 0.000207930 0.000407540 0.000297620 0.000156590 0.000155850 0.000287610 0.000265510 0.000225140 0.000249070 0.000262120 0.000245380 0.000201780 0.000183200 0.000177320 0.000230730 0.000180910 0.000174400 0.000185800 0.000173550 0.000188180 0.000170770 0.000361450 
37     0.000143780 0.000129520 0.000089710 0.000099620 0.000105970 0.000085800 0.000087930 0.000022460 0.000011390 0.000028520 0.000014490 0.000000000 0.000168800 0.000172890 0.000168390 0.000169860 0.000187170 0.000124880 0.000127470 0.000136180 0.000208290 0.000294570 0.000191330 0.000147850 0.000222190 0.000219350 0.000146540 0.000171160 0.000200490 0.000204580 0.000404190 0.000294270 0.000153240 0.000152500 0.000284260 0.000262160 0.000221790 0.000245720 0.000258770 0.000242030 0.000198430 0.000179850 0.000173970 0.000227380 0.000177560 0.000171050 0.000182450 0.000170200 0.000184830 0.000167420 0.000358100 
13     0.000113460 0.000175500 0.000135690 0.000145600 0.000151950 0.000131780 0.000133910 0.000180120 0.000169050 0.000185200 0.000172150 0.000168800 0.000000000 0.000018850 0.000014210 0.000015820 0.000033130 0.000170860 0.000173450 0.000182160 0.000186330 0.000272610 0.000169370 0.000125890 0.000200230 0.000197390 0.000124580 0.000149200 0.000178530 0.000182620 0.000382230 0.000263950 0.000122920 0.000122180 0.000253940 0.000231840 0.000191470 0.000215400 0.000228450 0.000211710 0.000168110 0.000149530 0.000143650 0.000197060 0.000147240 0.000140730 0.000152130 0.000139880 0.000154510 0.000137100 0.000327780 
41     0.000117550 0.000179590 0.000139780 0.000149690 0.000156040 0.000135870 0.000138000 0.000184210 0.000173140 0.000189290 0.000176240 0.000172890 0.000018850 0.000000000 0.000018440 0.000017310 0.000037200 0.000174950 0.000177540 0.000186250 0.000190420 0.000276700 0.000173460 0.000129980 0.000204320 0.000201480 0.000128670 0.000153290 0.000182620 0.000186710 0.000386320 0.000268040 0.000127010 0.000126270 0.000258030 0.000235930 0.000195560 0.000219490 0.000232540 0.000215800 0.000172200 0.000153620 0.000147740 0.000201150 0.000151330 0.000144820 0.000156220 0.000143970 0.000158600 0.000141190 0.000331870 
23     0.000113050 0.000175090 0.000135280 0.000145190 0.000151540 0.000131370 0.000133500 0.000179710 0.000168640 0.000184790 0.000171740 0.000168390 0.000014210 0.000018440 0.000000000 0.000015410 0.000032720 0.000170450 0.000173040 0.000181750 0.000185920 0.000272200 0.000168960 0.000125480 0.000199820 0.000196980 0.000124170 0.000148790 0.000178120 0.000182210 0.000381820 0.000263540 0.000122510 0.000121770 0.000253530 0.000231430 0.000191060 0.000214990 0.000228040 0.000211300 0.000167700 0.000149120 0.000143240 0.000196650 0.000146830 0.000140320 0.000151720 0.000139470 0.000154100 0.000136690 0.000327370 
14     0.000114520 0.000176560 0.000136750 0.000146660 0.000153010 0.000132840 0.000134970 0.000181180 0.000170110 0.000186260 0.000173210 0.000169860 0.000015820 0.000017310 0.000015410 0.000000000 0.000034170 0.000171920 0.000174510 0.000183220 0.000187390 0.000273670 0.000170430 0.000126950 0.000201290 0.000198450 0.000125640 0.000150260 0.000179590 0.000183680 0.000383290 0.000265010 0.000123980 0.000123240 0.000255000 0.000232900 0.000192530 0.000216460 0.000229510 0.000212770 0.000169170 0.000150590 0.000144710 0.000198120 0.000148300 0.000141790 0.000153190 0.000140940 0.000155570 0.000138160 0.000328840 
38     0.000131830 0.000193870 0.000154060 0.000163970 0.000170320 0.000150150 0.000152280 0.000198490 0.000187420 0.000203570 0.000190520 0.000187170 0.000033130 0.000037200 0.000032720 0.000034170 0.000000000 0.000189230 0.000191820 0.000200530 0.000204700 0.000290980 0.000187740 0.000144260 0.000218600 0.000215760 0.000142950 0.000167570 0.000196900 0.000200990 0.000400600 0.000282320 0.000141290 0.000140550 0.000272310 0.000250210 0.000209840 0.000233770 0.000246820 0.000230080 0.000186480 0.000167900 0.000162020 0.000215430 0.000165610 0.000159100 0.000170500 0.000158250 0.000172880 0.000155470 0.000346150 
21     0.000145840 0.000129720 0.000089910 0.000099820 0.000106170 0.000086000 0.000088130 0.000136200 0.000125130 0.000141280 0.000128230 0.000124880 0.000170860 0.000174950 0.000170450 0.000171920 0.000189230 0.000000000 0.000009170 0.000057420 0.000210350 0.000296630 0.000193390 0.000149910 0.000224250 0.000221410 0.000148600 0.000173220 0.000202550 0.000206640 0.000406250 0.000296330 0.000155300 0.000154560 0.000286320 0.000264220 0.000223850 0.000247780 0.000260830 0.000244090 0.000200490 0.000181910 0.000176030 0.000229440 0.000179620 0.000173110 0.000184510 0.000172260 0.000186890 0.000169480 0.000360160 
19     0.000148430 0.000132310 0.000092500 0.000102410 0.000108760 0.000088590 0.000090720 0.000138790 0.000127720 0.000143870 0.000130820 0.000127470 0.000173450 0.000177540 0.000173040 0.000174510 0.000191820 0.000009170 0.000000000 0.000060010 0.000212940 0.000299220 0.000195980 0.000152500 0.000226840 0.000224000 0.000151190 0.000175810 0.000205140 0.000209230 0.000408840 0.000298920 0.000157890 0.000157150 0.000288910 0.000266810 0.000226440 0.000250370 0.000263420 0.000246680 0.000203080 0.000184500 0.000178620 0.000232030 0.000182210 0.000175700 0.000187100 0.000174850 0.000189480 0.000172070 0.000362750 
9     0.000157140 0.000141020 0.000101210 0.000111120 0.000117470 0.000097300 0.000099430 0.000147500 0.000136430 0.000152580 0.000139530 0.000136180 0.000182160 0.000186250 0.000181750 0.000183220 0.000200530 0.000057420 0.000060010 0.000000000 0.000221650 0.000307930 0.000204690 0.000161210 0.000235550 0.000232710 0.000159900 0.000184520 0.000213850 0.000217940 0.000417550 0.000307630 0.000166600 0.000165860 0.000297620 0.000275520 0.000235150 0.000259080 0.000272130 0.000255390 0.000211790 0.000193210 0.000187330 0.000240740 0.000190920 0.000184410 0.000195810 0.000183560 0.000198190 0.000180780 0.000371460 
26     0.000161310 0.000214990 0.000175180 0.000185090 0.000191440 0.000171270 0.000173400 0.000219610 0.000208540 0.000224690 0.000211640 0.000208290 0.000186330 0.000190420 0.000185920 0.000187390 0.000204700 0.000210350 0.000212940 0.000221650 0.000000000 0.000149140 0.000132880 0.000082680 0.000164700 0.000161860 0.000088090 0.000112710 0.000159060 0.000163150 0.000362760 0.000311800 0.000170770 0.000170030 0.000301790 0.000279690 0.000239320 0.000263250 0.000276300 0.000259560 0.000215960 0.000197380 0.000191500 0.000244910 0.000195090 0.000188580 0.000199980 0.000187730 0.000202360 0.000184950 0.000375630 
8     0.000247590 0.000301270 0.000261460 0.000271370 0.000277720 0.000257550 0.000259680 0.000305890 0.000294820 0.000310970 0.000297920 0.000294570 0.000272610 0.000276700 0.000272200 0.000273670 0.000290980 0.000296630 0.000299220 0.000307930 0.000149140 0.000000000 0.000219160 0.000168960 0.000250980 0.000248140 0.000174370 0.000198990 0.000245340 0.000249430 0.000449040 0.000398080 0.000257050 0.000256310 0.000388070 0.000365970 0.000325600 0.000349530 0.000362580 0.000345840 0.000302240 0.000283660 0.000277780 0.000331190 0.000281370 0.000274860 0.000286260 0.000274010 0.000288640 0.000271230 0.000461910 
15     0.000144350 0.000198030 0.000158220 0.000168130 0.000174480 0.000154310 0.000156440 0.000202650 0.000191580 0.000207730 0.000194680 0.000191330 0.000169370 0.000173460 0.000168960 0.000170430 0.000187740 0.000193390 0.000195980 0.000204690 0.000132880 0.000219160 0.000000000 0.000072440 0.000147740 0.000144900 0.000064170 0.000088790 0.000142100 0.000146190 0.000345800 0.000294840 0.000153810 0.000153070 0.000284830 0.000262730 0.000222360 0.000246290 0.000259340 0.000242600 0.000199000 0.000180420 0.000174540 0.000227950 0.000178130 0.000171620 0.000183020 0.000170770 0.000185400 0.000167990 0.000358670 
27     0.000100870 0.000154550 0.000114740 0.000124650 0.000131000 0.000110830 0.000112960 0.000159170 0.000148100 0.000164250 0.000151200 0.000147850 0.000125890 0.000129980 0.000125480 0.000126950 0.000144260 0.000149910 0.000152500 0.000161210 0.000082680 0.000168960 0.000072440 0.000000000 0.000104260 0.000101420 0.000027650 0.000052270 0.000098620 0.000102710 0.000302320 0.000251360 0.000110330 0.000109590 0.000241350 0.000219250 0.000178880 0.000202810 0.000215860 0.000199120 0.000155520 0.000136940 0.000131060 0.000184470 0.000134650 0.000128140 0.000139540 0.000127290 0.000141920 0.000124510 0.000315190 
40     0.000175210 0.000228890 0.000189080 0.000198990 0.000205340 0.000185170 0.000187300 0.000233510 0.000222440 0.000238590 0.000225540 0.000222190 0.000200230 0.000204320 0.000199820 0.000201290 0.000218600 0.000224250 0.000226840 0.000235550 0.000164700 0.000250980 0.000147740 0.000104260 0.000000000 0.000020120 0.000102950 0.000127570 0.000172960 0.000177050 0.000376660 0.000325700 0.000184670 0.000183930 0.000315690 0.000293590 0.000253220 0.000277150 0.000290200 0.000273460 0.000229860 0.000211280 0.000205400 0.000258810 0.000208990 0.000202480 0.000213880 0.000201630 0.000216260 0.000198850 0.000389530 
11     0.000172370 0.000226050 0.000186240 0.000196150 0.000202500 0.000182330 0.000184460 0.000230670 0.000219600 0.000235750 0.000222700 0.000219350 0.000197390 0.000201480 0.000196980 0.000198450 0.000215760 0.000221410 0.000224000 0.000232710 0.000161860 0.000248140 0.000144900 0.000101420 0.000020120 0.000000000 0.000100110 0.000124730 0.000170120 0.000174210 0.000373820 0.000322860 0.000181830 0.000181090 0.000312850 0.000290750 0.000250380 0.000274310 0.000287360 0.000270620 0.000227020 0.000208440 0.000202560 0.000255970 0.000206150 0.000199640 0.000211040 0.000198790 0.000213420 0.000196010 0.000386690 
3     0.000099560 0.000153240 0.000113430 0.000123340 0.000129690 0.000109520 0.000111650 0.000157860 0.000146790 0.000162940 0.000149890 0.000146540 0.000124580 0.000128670 0.000124170 0.000125640 0.000142950 0.000148600 0.000151190 0.000159900 0.000088090 0.000174370 0.000064170 0.000027650 0.000102950 0.000100110 0.000000000 0.000026800 0.000097310 0.000101400 0.000301010 0.000250050 0.000109020 0.000108280 0.000240040 0.000217940 0.000177570 0.000201500 0.000214550 0.000197810 0.000154210 0.000135630 0.000129750 0.000183160 0.000133340 0.000126830 0.000138230 0.000125980 0.000140610 0.000123200 0.000313880 
6     0.000124180 0.000177860 0.000138050 0.000147960 0.000154310 0.000134140 0.000136270 0.000182480 0.000171410 0.000187560 0.000174510 0.000171160 0.000149200 0.000153290 0.000148790 0.000150260 0.000167570 0.000173220 0.000175810 0.000184520 0.000112710 0.000198990 0.000088790 0.000052270 0.000127570 0.000124730 0.000026800 0.000000000 0.000121930 0.000126020 0.000325630 0.000274670 0.000133640 0.000132900 0.000264660 0.000242560 0.000202190 0.000226120 0.000239170 0.000222430 0.000178830 0.000160250 0.000154370 0.000207780 0.000157960 0.000151450 0.000162850 0.000150600 0.000165230 0.000147820 0.000338500 
25     0.000153510 0.000207190 0.000167380 0.000177290 0.000183640 0.000163470 0.000165600 0.000211810 0.000200740 0.000216890 0.000203840 0.000200490 0.000178530 0.000182620 0.000178120 0.000179590 0.000196900 0.000202550 0.000205140 0.000213850 0.000159060 0.000245340 0.000142100 0.000098620 0.000172960 0.000170120 0.000097310 0.000121930 0.000000000 0.000026230 0.000279820 0.000304000 0.000162970 0.000162230 0.000293990 0.000271890 0.000231520 0.000255450 0.000268500 0.000251760 0.000208160 0.000189580 0.000183700 0.000237110 0.000187290 0.000180780 0.000192180 0.000179930 0.000194560 0.000177150 0.000367830 
18     0.000157600 0.000211280 0.000171470 0.000181380 0.000187730 0.000167560 0.000169690 0.000215900 0.000204830 0.000220980 0.000207930 0.000204580 0.000182620 0.000186710 0.000182210 0.000183680 0.000200990 0.000206640 0.000209230 0.000217940 0.000163150 0.000249430 0.000146190 0.000102710 0.000177050 0.000174210 0.000101400 0.000126020 0.000026230 0.000000000 0.000283910 0.000308090 0.000167060 0.000166320 0.000298080 0.000275980 0.000235610 0.000259540 0.000272590 0.000255850 0.000212250 0.000193670 0.000187790 0.000241200 0.000191380 0.000184870 0.000196270 0.000184020 0.000198650 0.000181240 0.000371920 
35     0.000357210 0.000410890 0.000371080 0.000380990 0.000387340 0.000367170 0.000369300 0.000415510 0.000404440 0.000420590 0.000407540 0.000404190 0.000382230 0.000386320 0.000381820 0.000383290 0.000400600 0.000406250 0.000408840 0.000417550 0.000362760 0.000449040 0.000345800 0.000302320 0.000376660 0.000373820 0.000301010 0.000325630 0.000279820 0.000283910 0.000000000 0.000507700 0.000366670 0.000365930 0.000497690 0.000475590 0.000435220 0.000459150 0.000472200 0.000455460 0.000411860 0.000393280 0.000387400 0.000440810 0.000390990 0.000384480 0.000395880 0.000383630 0.000398260 0.000380850 0.000571530 
20     0.000228330 0.000300970 0.000261160 0.000271070 0.000277420 0.000257250 0.000259380 0.000305590 0.000294520 0.000310670 0.000297620 0.000294270 0.000263950 0.000268040 0.000263540 0.000265010 0.000282320 0.000296330 0.000298920 0.000307630 0.000311800 0.000398080 0.000294840 0.000251360 0.000325700 0.000322860 0.000250050 0.000274670 0.000304000 0.000308090 0.000507700 0.000000000 0.000161130 0.000160390 0.000373190 0.000351090 0.000314800 0.000338730 0.000351780 0.000335040 0.000291440 0.000272860 0.000266980 0.000320390 0.000270570 0.000264060 0.000275460 0.000263210 0.000277840 0.000260430 0.000451110 
17     0.000087300 0.000159940 0.000120130 0.000130040 0.000136390 0.000116220 0.000118350 0.000164560 0.000153490 0.000169640 0.000156590 0.000153240 0.000122920 0.000127010 0.000122510 0.000123980 0.000141290 0.000155300 0.000157890 0.000166600 0.000170770 0.000257050 0.000153810 0.000110330 0.000184670 0.000181830 0.000109020 0.000133640 0.000162970 0.000167060 0.000366670 0.000161130 0.000000000 0.000002460 0.000232160 0.000210060 0.000173770 0.000197700 0.000210750 0.000194010 0.000150410 0.000131830 0.000125950 0.000179360 0.000129540 0.000123030 0.000134430 0.000122180 0.000136810 0.000119400 0.000310080 
24     0.000086560 0.000159200 0.000119390 0.000129300 0.000135650 0.000115480 0.000117610 0.000163820 0.000152750 0.000168900 0.000155850 0.000152500 0.000122180 0.000126270 0.000121770 0.000123240 0.000140550 0.000154560 0.000157150 0.000165860 0.000170030 0.000256310 0.000153070 0.000109590 0.000183930 0.000181090 0.000108280 0.000132900 0.000162230 0.000166320 0.000365930 0.000160390 0.000002460 0.000000000 0.000231420 0.000209320 0.000173030 0.000196960 0.000210010 0.000193270 0.000149670 0.000131090 0.000125210 0.000178620 0.000128800 0.000122290 0.000133690 0.000121440 0.000136070 0.000118660 0.000309340 
10     0.000222700 0.000290960 0.000251150 0.000261060 0.000267410 0.000247240 0.000249370 0.000295580 0.000284510 0.000300660 0.000287610 0.000284260 0.000253940 0.000258030 0.000253530 0.000255000 0.000272310 0.000286320 0.000288910 0.000297620 0.000301790 0.000388070 0.000284830 0.000241350 0.000315690 0.000312850 0.000240040 0.000264660 0.000293990 0.000298080 0.000497690 0.000373190 0.000232160 0.000231420 0.000000000 0.000030320 0.000304790 0.000328720 0.000341770 0.000325030 0.000281430 0.000262850 0.000256970 0.000310380 0.000260560 0.000254050 0.000265450 0.000253200 0.000267830 0.000250420 0.000441100 
22     0.000200600 0.000268860 0.000229050 0.000238960 0.000245310 0.000225140 0.000227270 0.000273480 0.000262410 0.000278560 0.000265510 0.000262160 0.000231840 0.000235930 0.000231430 0.000232900 0.000250210 0.000264220 0.000266810 0.000275520 0.000279690 0.000365970 0.000262730 0.000219250 0.000293590 0.000290750 0.000217940 0.000242560 0.000271890 0.000275980 0.000475590 0.000351090 0.000210060 0.000209320 0.000030320 0.000000000 0.000282690 0.000306620 0.000319670 0.000302930 0.000259330 0.000240750 0.000234870 0.000288280 0.000238460 0.000231950 0.000243350 0.000231100 0.000245730 0.000228320 0.000419000 
29     0.000164310 0.000228490 0.000188680 0.000198590 0.000204940 0.000184770 0.000186900 0.000233110 0.000222040 0.000238190 0.000225140 0.000221790 0.000191470 0.000195560 0.000191060 0.000192530 0.000209840 0.000223850 0.000226440 0.000235150 0.000239320 0.000325600 0.000222360 0.000178880 0.000253220 0.000250380 0.000177570 0.000202190 0.000231520 0.000235610 0.000435220 0.000314800 0.000173770 0.000173030 0.000304790 0.000282690 0.000000000 0.000000160 0.000067780 0.000051040 0.000035780 0.000167040 0.000161160 0.000214570 0.000164750 0.000158240 0.000169640 0.000157390 0.000172020 0.000154610 0.000345290 
12     0.000188240 0.000252420 0.000212610 0.000222520 0.000228870 0.000208700 0.000210830 0.000257040 0.000245970 0.000262120 0.000249070 0.000245720 0.000215400 0.000219490 0.000214990 0.000216460 0.000233770 0.000247780 0.000250370 0.000259080 0.000263250 0.000349530 0.000246290 0.000202810 0.000277150 0.000274310 0.000201500 0.000226120 0.000255450 0.000259540 0.000459150 0.000338730 0.000197700 0.000196960 0.000328720 0.000306620 0.000000160 0.000000000 0.000091710 0.000074970 0.000059710 0.000190970 0.000185090 0.000238500 0.000188680 0.000182170 0.000193570 0.000181320 0.000195950 0.000178540 0.000369220 
32     0.000201290 0.000265470 0.000225660 0.000235570 0.000241920 0.000221750 0.000223880 0.000270090 0.000259020 0.000275170 0.000262120 0.000258770 0.000228450 0.000232540 0.000228040 0.000229510 0.000246820 0.000260830 0.000263420 0.000272130 0.000276300 0.000362580 0.000259340 0.000215860 0.000290200 0.000287360 0.000214550 0.000239170 0.000268500 0.000272590 0.000472200 0.000351780 0.000210750 0.000210010 0.000341770 0.000319670 0.000067780 0.000091710 0.000000000 0.000082940 0.000072760 0.000204020 0.000198140 0.000251550 0.000201730 0.000195220 0.000206620 0.000194370 0.000209000 0.000191590 0.000382270 
30     0.000184550 0.000248730 0.000208920 0.000218830 0.000225180 0.000205010 0.000207140 0.000253350 0.000242280 0.000258430 0.000245380 0.000242030 0.000211710 0.000215800 0.000211300 0.000212770 0.000230080 0.000244090 0.000246680 0.000255390 0.000259560 0.000345840 0.000242600 0.000199120 0.000273460 0.000270620 0.000197810 0.000222430 0.000251760 0.000255850 0.000455460 0.000335040 0.000194010 0.000193270 0.000325030 0.000302930 0.000051040 0.000074970 0.000082940 0.000000000 0.000056020 0.000187280 0.000181400 0.000234810 0.000184990 0.000178480 0.000189880 0.000177630 0.000192260 0.000174850 0.000365530 
28     0.000140950 0.000205130 0.000165320 0.000175230 0.000181580 0.000161410 0.000163540 0.000209750 0.000198680 0.000214830 0.000201780 0.000198430 0.000168110 0.000172200 0.000167700 0.000169170 0.000186480 0.000200490 0.000203080 0.000211790 0.000215960 0.000302240 0.000199000 0.000155520 0.000229860 0.000227020 0.000154210 0.000178830 0.000208160 0.000212250 0.000411860 0.000291440 0.000150410 0.000149670 0.000281430 0.000259330 0.000035780 0.000059710 0.000072760 0.000056020 0.000000000 0.000143680 0.000137800 0.000191210 0.000141390 0.000134880 0.000146280 0.000134030 0.000148660 0.000131250 0.000321930 
50     0.000122370 0.000186550 0.000146740 0.000156650 0.000163000 0.000142830 0.000144960 0.000191170 0.000180100 0.000196250 0.000183200 0.000179850 0.000149530 0.000153620 0.000149120 0.000150590 0.000167900 0.000181910 0.000184500 0.000193210 0.000197380 0.000283660 0.000180420 0.000136940 0.000211280 0.000208440 0.000135630 0.000160250 0.000189580 0.000193670 0.000393280 0.000272860 0.000131830 0.000131090 0.000262850 0.000240750 0.000167040 0.000190970 0.000204020 0.000187280 0.000143680 0.000000000 0.000007300 0.000105710 0.000054390 0.000047880 0.000059280 0.000047030 0.000061660 0.000044250 0.000264710 
43     0.000116490 0.000180670 0.000140860 0.000150770 0.000157120 0.000136950 0.000139080 0.000185290 0.000174220 0.000190370 0.000177320 0.000173970 0.000143650 0.000147740 0.000143240 0.000144710 0.000162020 0.000176030 0.000178620 0.000187330 0.000191500 0.000277780 0.000174540 0.000131060 0.000205400 0.000202560 0.000129750 0.000154370 0.000183700 0.000187790 0.000387400 0.000266980 0.000125950 0.000125210 0.000256970 0.000234870 0.000161160 0.000185090 0.000198140 0.000181400 0.000137800 0.000007300 0.000000000 0.000099830 0.000048510 0.000042000 0.000053400 0.000041150 0.000055780 0.000038370 0.000258830 
46     0.000169900 0.000234080 0.000194270 0.000204180 0.000210530 0.000190360 0.000192490 0.000238700 0.000227630 0.000243780 0.000230730 0.000227380 0.000197060 0.000201150 0.000196650 0.000198120 0.000215430 0.000229440 0.000232030 0.000240740 0.000244910 0.000331190 0.000227950 0.000184470 0.000258810 0.000255970 0.000183160 0.000207780 0.000237110 0.000241200 0.000440810 0.000320390 0.000179360 0.000178620 0.000310380 0.000288280 0.000214570 0.000238500 0.000251550 0.000234810 0.000191210 0.000105710 0.000099830 0.000000000 0.000103420 0.000096910 0.000108310 0.000096060 0.000110690 0.000093280 0.000312240 
49     0.000120080 0.000184260 0.000144450 0.000154360 0.000160710 0.000140540 0.000142670 0.000188880 0.000177810 0.000193960 0.000180910 0.000177560 0.000147240 0.000151330 0.000146830 0.000148300 0.000165610 0.000179620 0.000182210 0.000190920 0.000195090 0.000281370 0.000178130 0.000134650 0.000208990 0.000206150 0.000133340 0.000157960 0.000187290 0.000191380 0.000390990 0.000270570 0.000129540 0.000128800 0.000260560 0.000238460 0.000164750 0.000188680 0.000201730 0.000184990 0.000141390 0.000054390 0.000048510 0.000103420 0.000000000 0.000018910 0.000031830 0.000019580 0.000034210 0.000022460 0.000262420 
44     0.000113570 0.000177750 0.000137940 0.000147850 0.000154200 0.000134030 0.000136160 0.000182370 0.000171300 0.000187450 0.000174400 0.000171050 0.000140730 0.000144820 0.000140320 0.000141790 0.000159100 0.000173110 0.000175700 0.000184410 0.000188580 0.000274860 0.000171620 0.000128140 0.000202480 0.000199640 0.000126830 0.000151450 0.000180780 0.000184870 0.000384480 0.000264060 0.000123030 0.000122290 0.000254050 0.000231950 0.000158240 0.000182170 0.000195220 0.000178480 0.000134880 0.000047880 0.000042000 0.000096910 0.000018910 0.000000000 0.000025320 0.000013070 0.000027700 0.000015950 0.000255910 
45     0.000124970 0.000189150 0.000149340 0.000159250 0.000165600 0.000145430 0.000147560 0.000193770 0.000182700 0.000198850 0.000185800 0.000182450 0.000152130 0.000156220 0.000151720 0.000153190 0.000170500 0.000184510 0.000187100 0.000195810 0.000199980 0.000286260 0.000183020 0.000139540 0.000213880 0.000211040 0.000138230 0.000162850 0.000192180 0.000196270 0.000395880 0.000275460 0.000134430 0.000133690 0.000265450 0.000243350 0.000169640 0.000193570 0.000206620 0.000189880 0.000146280 0.000059280 0.000053400 0.000108310 0.000031830 0.000025320 0.000000000 0.000015990 0.000038180 0.000027350 0.000267310 
47     0.000112720 0.000176900 0.000137090 0.000147000 0.000153350 0.000133180 0.000135310 0.000181520 0.000170450 0.000186600 0.000173550 0.000170200 0.000139880 0.000143970 0.000139470 0.000140940 0.000158250 0.000172260 0.000174850 0.000183560 0.000187730 0.000274010 0.000170770 0.000127290 0.000201630 0.000198790 0.000125980 0.000150600 0.000179930 0.000184020 0.000383630 0.000263210 0.000122180 0.000121440 0.000253200 0.000231100 0.000157390 0.000181320 0.000194370 0.000177630 0.000134030 0.000047030 0.000041150 0.000096060 0.000019580 0.000013070 0.000015990 0.000000000 0.000025930 0.000015100 0.000255060 
48     0.000127350 0.000191530 0.000151720 0.000161630 0.000167980 0.000147810 0.000149940 0.000196150 0.000185080 0.000201230 0.000188180 0.000184830 0.000154510 0.000158600 0.000154100 0.000155570 0.000172880 0.000186890 0.000189480 0.000198190 0.000202360 0.000288640 0.000185400 0.000141920 0.000216260 0.000213420 0.000140610 0.000165230 0.000194560 0.000198650 0.000398260 0.000277840 0.000136810 0.000136070 0.000267830 0.000245730 0.000172020 0.000195950 0.000209000 0.000192260 0.000148660 0.000061660 0.000055780 0.000110690 0.000034210 0.000027700 0.000038180 0.000025930 0.000000000 0.000029730 0.000269690 
42     0.000109940 0.000174120 0.000134310 0.000144220 0.000150570 0.000130400 0.000132530 0.000178740 0.000167670 0.000183820 0.000170770 0.000167420 0.000137100 0.000141190 0.000136690 0.000138160 0.000155470 0.000169480 0.000172070 0.000180780 0.000184950 0.000271230 0.000167990 0.000124510 0.000198850 0.000196010 0.000123200 0.000147820 0.000177150 0.000181240 0.000380850 0.000260430 0.000119400 0.000118660 0.000250420 0.000228320 0.000154610 0.000178540 0.000191590 0.000174850 0.000131250 0.000044250 0.000038370 0.000093280 0.000022460 0.000015950 0.000027350 0.000015100 0.000029730 0.000000000 0.000252280 
0     0.000300620 0.000364800 0.000324990 0.000334900 0.000341250 0.000321080 0.000323210 0.000369420 0.000358350 0.000374500 0.000361450 0.000358100 0.000327780 0.000331870 0.000327370 0.000328840 0.000346150 0.000360160 0.000362750 0.000371460 0.000375630 0.000461910 0.000358670 0.000315190 0.000389530 0.000386690 0.000313880 0.000338500 0.000367830 0.000371920 0.000571530 0.000451110 0.000310080 0.000309340 0.000441100 0.000419000 0.000345290 0.000369220 0.000382270 0.000365530 0.000321930 0.000264710 0.000258830 0.000312240 0.000262420 0.000255910 0.000267310 0.000255060 0.000269690 0.000252280 0.000000000 
