51
11     0.000000000 0.001456960 0.006008730 0.002038370 0.002761160 0.003617280 0.016523870 0.004371060 0.009475510 0.005562370 0.000022900 0.000828970 0.000297960 0.000180430 0.001442480 0.004232920 0.008938960 0.007443920 0.010827880 0.007904540 0.016052390 0.010296490 0.005044990 0.002846400 0.006371590 0.020185770 0.005202770 0.005186600 0.005854600 0.001576600 0.007767690 0.002202690 0.002544420 0.006479760 0.000298550 0.011749650 0.030757450 0.018698620 0.010626590 0.004067410 0.012626280 0.013186540 0.006475200 0.033048370 0.020992800 0.000596810 0.017368180 0.008836040 0.007141420 0.016487990 0.007689120 
12     0.001456960 0.000000000 0.001271590 0.020229230 0.015634970 0.009325710 0.021540370 0.003074020 0.003911140 0.010909290 0.006892580 0.009106200 0.003688090 0.005491070 0.009985740 0.004105790 0.007659430 0.010701340 0.008979900 0.012119460 0.000363080 0.006757980 0.007792050 0.017099670 0.004838120 0.026144640 0.006155210 0.008075720 0.018845550 0.018350320 0.007718180 0.020310680 0.014818720 0.034813700 0.021802130 0.011516700 0.055252930 0.008432700 0.005211420 0.009505470 0.032967500 0.033337270 0.019337640 0.001175110 0.003188760 0.040594520 0.012888320 0.016776480 0.017352660 0.029038770 0.004042550 
3     0.006008730 0.001271590 0.000000000 0.007652000 0.009448250 0.017477790 0.022936270 0.014407590 0.013056460 0.011546470 0.027120070 0.015678370 0.012450060 0.009221750 0.007831540 0.011349640 0.034293710 0.036227740 0.032695700 0.023409080 0.012923770 0.007710910 0.020532510 0.031241350 0.017468940 0.036671880 0.028688000 0.040169360 0.031030790 0.011506770 0.087130350 0.010985510 0.008226640 0.024440410 0.005461950 0.011555040 0.045048780 0.011735370 0.008753080 0.009437890 0.025270660 0.046604790 0.042563050 0.040641850 0.031870570 0.020775590 0.041522920 0.069332650 0.020248330 0.022662110 0.002466350 
18     0.002038370 0.020229230 0.007652000 0.000000000 0.004709610 0.002150280 0.007608760 0.009042030 0.004999900 0.023864280 0.002048130 0.023601850 0.035959900 0.011478820 0.012344500 0.017524920 0.013148610 0.015510410 0.017417700 0.041972890 0.019771540 0.005463610 0.014394720 0.041195630 0.024896700 0.041297620 0.015275060 0.007678630 0.005401440 0.014433640 0.025716600 0.026689940 0.016809770 0.043450610 0.022448930 0.005272740 0.016431100 0.020404740 0.017771810 0.017270750 0.039790400 0.051276920 0.035054050 0.049465940 0.056188200 0.025794620 0.025245750 0.033045570 0.014828530 0.006660820 0.007956540 
15     0.002761160 0.015634970 0.009448250 0.004709610 0.000000000 0.001447700 0.006625860 0.002525060 0.003399800 0.008494860 0.012458390 0.006577640 0.002836760 0.004367800 0.013297750 0.008177820 0.008300560 0.006847550 0.009453270 0.005391640 0.031006600 0.000572960 0.001731910 0.004682760 0.002916870 0.001025730 0.003797610 0.005202760 0.005582920 0.003341000 0.003482200 0.010456920 0.007175280 0.010123030 0.008191170 0.003459680 0.033367990 0.035143330 0.004811290 0.009949620 0.005706110 0.018543320 0.047619680 0.027455630 0.026381650 0.007571540 0.025910390 0.024440710 0.006179740 0.008595090 0.001632000 
10     0.003617280 0.009325710 0.017477790 0.002150280 0.001447700 0.000000000 0.005047980 0.000495620 0.012559620 0.014037760 0.014172520 0.016249490 0.006612450 0.005188560 0.030563380 0.012977740 0.015152500 0.021627030 0.035153990 0.013185980 0.031258590 0.005274890 0.017520930 0.016362890 0.012389290 0.012673530 0.021708210 0.012074770 0.032825710 0.031654430 0.011443790 0.014572160 0.020044320 0.003174190 0.032578710 0.023024960 0.034224110 0.012144730 0.014055410 0.043753040 0.011977690 0.038000550 0.078636740 0.043499650 0.003988830 0.002570390 0.028274550 0.033518530 0.035620410 0.031349560 0.009778090 
14     0.016523870 0.021540370 0.022936270 0.007608760 0.006625860 0.005047980 0.000000000 0.002402600 0.004229700 0.001614800 0.011848250 0.001709610 0.019598710 0.004682860 0.022711300 0.034290160 0.020710560 0.024206270 0.023170060 0.036658770 0.008141460 0.033504630 0.003047540 0.030377810 0.002692140 0.033168140 0.002522970 0.016958770 0.009119520 0.007326180 0.042949610 0.032822970 0.010286270 0.005164470 0.020176980 0.028303850 0.042739690 0.034135440 0.021483310 0.006196840 0.040081410 0.032396530 0.041868910 0.070745020 0.044826990 0.037518090 0.026499620 0.078205730 0.013413230 0.019599480 0.001830730 
1     0.004371060 0.003074020 0.014407590 0.009042030 0.002525060 0.000495620 0.002402600 0.000000000 0.007130590 0.001842330 0.000046780 0.008928970 0.017653050 0.011353080 0.012095050 0.002700640 0.003448810 0.004038010 0.011768820 0.029710190 0.007561060 0.003787580 0.008563510 0.034157830 0.011853160 0.005241800 0.002140850 0.003976940 0.001255040 0.001735250 0.002698090 0.002698440 0.008826670 0.028274280 0.030125810 0.009133540 0.004196410 0.015207310 0.000066970 0.004637560 0.017807180 0.015894690 0.016564740 0.042223620 0.002199870 0.021419970 0.027972530 0.002058840 0.019765560 0.018669620 0.000488750 
6     0.009475510 0.003911140 0.013056460 0.004999900 0.003399800 0.012559620 0.004229700 0.007130590 0.000000000 0.000897120 0.000765370 0.005174880 0.034949620 0.009268890 0.011869980 0.017050400 0.011534550 0.014652920 0.017460270 0.017912720 0.030490750 0.014080130 0.012629290 0.021586400 0.012569860 0.018637880 0.015601510 0.010270510 0.017971420 0.018742740 0.008251140 0.013796820 0.031274470 0.018457380 0.009775900 0.008535930 0.018466110 0.004512180 0.004792890 0.004590720 0.003655710 0.007862420 0.032000500 0.039502190 0.008658470 0.025841650 0.030989390 0.030710030 0.001763340 0.008367310 0.002296960 
8     0.005562370 0.010909290 0.011546470 0.023864280 0.008494860 0.014037760 0.001614800 0.001842330 0.000897120 0.000000000 0.002525410 0.000633990 0.000863400 0.000000970 0.030616520 0.004642100 0.016175520 0.018004820 0.006639050 0.022264280 0.022701770 0.012681450 0.015193170 0.034283780 0.033050040 0.045498250 0.004504070 0.024035760 0.017214520 0.008168870 0.036962900 0.019203960 0.013134560 0.013456780 0.026011560 0.018956360 0.011679130 0.008193910 0.023188850 0.020442680 0.032155320 0.014341730 0.024895460 0.046099290 0.009554070 0.010037610 0.010885520 0.019061140 0.025338040 0.021994690 0.000371000 
21     0.000022900 0.006892580 0.027120070 0.002048130 0.012458390 0.014172520 0.011848250 0.000046780 0.000765370 0.002525410 0.000000000 0.017726100 0.063582740 0.004872790 0.001621800 0.013200660 0.013855010 0.014105210 0.014241740 0.026294720 0.011679430 0.025926050 0.004454880 0.009022490 0.013610360 0.035102440 0.010059870 0.022861020 0.008626430 0.023139620 0.074620890 0.011695670 0.025403760 0.038601930 0.020433460 0.019193490 0.020317850 0.018719700 0.003251790 0.015255280 0.036477800 0.051306300 0.043553150 0.030478990 0.026383720 0.021626580 0.046665060 0.011988640 0.033833300 0.032448810 0.026259050 
17     0.000828970 0.009106200 0.015678370 0.023601850 0.006577640 0.016249490 0.001709610 0.008928970 0.005174880 0.000633990 0.017726100 0.000000000 0.000408910 0.000028630 0.004596160 0.010622490 0.000417590 0.007551010 0.011820240 0.033353200 0.003020800 0.024320510 0.003549750 0.050298640 0.020751950 0.014254880 0.007180040 0.008075210 0.013038010 0.000996130 0.001231680 0.012051020 0.034264360 0.005981270 0.002289870 0.011843740 0.032637220 0.001055280 0.006048010 0.000847380 0.000639300 0.005368720 0.070719600 0.058670020 0.026130420 0.012019430 0.027553880 0.021013830 0.013331470 0.018158770 0.000363540 
9     0.000297960 0.003688090 0.012450060 0.035959900 0.002836760 0.006612450 0.019598710 0.017653050 0.034949620 0.000863400 0.063582740 0.000408910 0.000000000 0.000863390 0.017093630 0.007896400 0.000474050 0.002811920 0.000461740 0.029852850 0.004877620 0.013319270 0.015154330 0.016019070 0.004181490 0.026207370 0.004465680 0.009144280 0.006156330 0.029046780 0.032228410 0.010557440 0.018667910 0.034004610 0.023100540 0.032760490 0.054629210 0.022875640 0.022811830 0.004000700 0.001707970 0.036712270 0.034552920 0.059303780 0.039105540 0.039541300 0.021403270 0.014320670 0.020413400 0.034076640 0.013694650 
16     0.000180430 0.005491070 0.009221750 0.011478820 0.004367800 0.005188560 0.004682860 0.011353080 0.009268890 0.000000970 0.004872790 0.000028630 0.000863390 0.000000000 0.004943430 0.000992760 0.000475410 0.000820240 0.000962500 0.005905670 0.001013060 0.000314090 0.001058220 0.001099860 0.015864600 0.004223370 0.006558190 0.021199140 0.000483890 0.015479940 0.016433300 0.000788380 0.001667440 0.000849600 0.004280750 0.004530420 0.008102430 0.016567790 0.001569110 0.001646510 0.001562870 0.010973070 0.015508300 0.057022910 0.045296810 0.005406690 0.010022860 0.001329430 0.002758030 0.008940660 0.001433100 
2     0.001442480 0.009985740 0.007831540 0.012344500 0.013297750 0.030563380 0.022711300 0.012095050 0.011869980 0.030616520 0.001621800 0.004596160 0.017093630 0.004943430 0.000000000 0.002045530 0.008081520 0.014554660 0.011567210 0.006186890 0.015486560 0.000331560 0.001128660 0.007372320 0.016215000 0.033742760 0.008349590 0.028972810 0.021396760 0.011364920 0.005649450 0.031255280 0.013843880 0.022280600 0.015859910 0.005215240 0.059999570 0.021653750 0.027452030 0.028262450 0.011866340 0.033616410 0.020722190 0.043482130 0.032834010 0.041746450 0.007314840 0.013457790 0.003029320 0.007012040 0.011808330 
7     0.004232920 0.004105790 0.011349640 0.017524920 0.008177820 0.012977740 0.034290160 0.002700640 0.017050400 0.004642100 0.013200660 0.010622490 0.007896400 0.000992760 0.002045530 0.000000000 0.005330210 0.005068580 0.005209950 0.020421370 0.012212760 0.007526930 0.002384710 0.014639420 0.001869800 0.005446360 0.005398320 0.007742040 0.004574790 0.004731750 0.011370210 0.006924020 0.007741040 0.016893450 0.017490770 0.004982340 0.019268940 0.020489530 0.028211590 0.014335910 0.010672780 0.015232820 0.023882240 0.026493340 0.003294850 0.017168200 0.014153060 0.011856620 0.006687020 0.008687370 0.003202140 
5     0.008938960 0.007659430 0.034293710 0.013148610 0.008300560 0.015152500 0.020710560 0.003448810 0.011534550 0.016175520 0.013855010 0.000417590 0.000474050 0.000475410 0.008081520 0.005330210 0.000000000 0.000214080 0.000062730 0.002642720 0.004919880 0.000758540 0.004796940 0.004152120 0.011545250 0.018738700 0.006520630 0.007760360 0.003176090 0.006112340 0.018866170 0.007203720 0.014765480 0.018262860 0.018107700 0.005167770 0.029820420 0.011164850 0.005459940 0.020469280 0.004893240 0.022752890 0.039025150 0.023201850 0.012475120 0.003433370 0.016374250 0.008051770 0.015091260 0.019449260 0.002880480 
13     0.007443920 0.010701340 0.036227740 0.015510410 0.006847550 0.021627030 0.024206270 0.004038010 0.014652920 0.018004820 0.014105210 0.007551010 0.002811920 0.000820240 0.014554660 0.005068580 0.000214080 0.000000000 0.000003780 0.005674560 0.005424250 0.000641770 0.003093690 0.006276410 0.007313020 0.027238440 0.005366480 0.012750550 0.007483490 0.007395010 0.035937180 0.012471560 0.020926520 0.022098250 0.006044770 0.017107400 0.046104040 0.011009490 0.009717900 0.027899720 0.002886620 0.021808710 0.037442300 0.028100940 0.025614920 0.005581850 0.022525130 0.027944280 0.012737990 0.017089770 0.004149970 
19     0.010827880 0.008979900 0.032695700 0.017417700 0.009453270 0.035153990 0.023170060 0.011768820 0.017460270 0.006639050 0.014241740 0.011820240 0.000461740 0.000962500 0.011567210 0.005209950 0.000062730 0.000003780 0.000000000 0.006693240 0.007864760 0.000697160 0.003354370 0.006075110 0.008384080 0.027261300 0.004838360 0.011942960 0.007078310 0.013165770 0.039105320 0.011386320 0.020924680 0.019243410 0.020846110 0.007907460 0.046162020 0.011111800 0.007107430 0.027274840 0.010734350 0.021787700 0.037090380 0.025246610 0.037156740 0.006039880 0.012268530 0.014645180 0.013760040 0.018111820 0.003919660 
22     0.007904540 0.012119460 0.023409080 0.041972890 0.005391640 0.013185980 0.036658770 0.029710190 0.017912720 0.022264280 0.026294720 0.033353200 0.029852850 0.005905670 0.006186890 0.020421370 0.002642720 0.005674560 0.006693240 0.000000000 0.003070570 0.000243670 0.002594580 0.002361650 0.025716230 0.002245240 0.002941560 0.020254760 0.018986120 0.001146830 0.023092750 0.004257610 0.018954510 0.018164270 0.010352700 0.007242350 0.001180410 0.009185330 0.006851830 0.005623400 0.008988680 0.016529590 0.032740470 0.027374160 0.029077770 0.010560120 0.018004510 0.022263730 0.004483170 0.004729620 0.004411900 
4     0.016052390 0.000363080 0.012923770 0.019771540 0.031006600 0.031258590 0.008141460 0.007561060 0.030490750 0.022701770 0.011679430 0.003020800 0.004877620 0.001013060 0.015486560 0.012212760 0.004919880 0.005424250 0.007864760 0.003070570 0.000000000 0.000424350 0.020274150 0.007562790 0.002132290 0.000000010 0.014190610 0.015539140 0.001588840 0.002991780 0.013628260 0.007085860 0.002243810 0.004709150 0.013473620 0.002846360 0.014455410 0.010684100 0.008346090 0.004720760 0.000009660 0.018064460 0.021751660 0.025469180 0.020774120 0.035584650 0.025695490 0.028676780 0.010507910 0.013494660 0.003129940 
20     0.010296490 0.006757980 0.007710910 0.005463610 0.000572960 0.005274890 0.033504630 0.003787580 0.014080130 0.012681450 0.025926050 0.024320510 0.013319270 0.000314090 0.000331560 0.007526930 0.000758540 0.000641770 0.000697160 0.000243670 0.000424350 0.000000000 0.010345450 0.002378320 0.004660460 0.003048600 0.000911890 0.014969970 0.007079250 0.006827330 0.008163720 0.004219260 0.003976000 0.004079640 0.000911370 0.004175550 0.013195180 0.013768240 0.001624850 0.002440250 0.005759440 0.020701400 0.024402590 0.012200420 0.019632880 0.007018140 0.006493790 0.009247310 0.003402680 0.003649130 0.005772650 
41     0.005044990 0.007792050 0.020532510 0.014394720 0.001731910 0.017520930 0.003047540 0.008563510 0.012629290 0.015193170 0.004454880 0.003549750 0.015154330 0.001058220 0.001128660 0.002384710 0.004796940 0.003093690 0.003354370 0.002594580 0.020274150 0.010345450 0.000000000 0.007503820 0.007909020 0.022323690 0.001870470 0.011536470 0.003682960 0.009793750 0.000254710 0.003685530 0.003222700 0.008005100 0.003216680 0.009974590 0.013733650 0.026682930 0.004093580 0.001900000 0.012974470 0.005036250 0.044360050 0.017623920 0.024989920 0.004262790 0.012170030 0.010885440 0.013745680 0.011724490 0.004176980 
23     0.002846400 0.017099670 0.031241350 0.041195630 0.004682760 0.016362890 0.030377810 0.034157830 0.021586400 0.034283780 0.009022490 0.050298640 0.016019070 0.001099860 0.007372320 0.014639420 0.004152120 0.006276410 0.006075110 0.002361650 0.007562790 0.002378320 0.007503820 0.000000000 0.002773890 0.005463310 0.001239190 0.020590640 0.006631180 0.000085820 0.002856540 0.012982830 0.007261950 0.018711770 0.019647050 0.003506180 0.017742980 0.035858810 0.007705070 0.021697790 0.007110520 0.006437120 0.045469780 0.055554060 0.026903200 0.025426950 0.008179360 0.012270090 0.007176590 0.007566530 0.004151130 
33     0.006371590 0.004838120 0.017468940 0.024896700 0.002916870 0.012389290 0.002692140 0.011853160 0.012569860 0.033050040 0.013610360 0.020751950 0.004181490 0.015864600 0.016215000 0.001869800 0.011545250 0.007313020 0.008384080 0.025716230 0.002132290 0.004660460 0.007909020 0.002773890 0.000000000 0.000014610 0.001602610 0.004488550 0.003350930 0.007676780 0.014797770 0.001644080 0.022253170 0.002825850 0.016227880 0.002551410 0.016890870 0.009806920 0.002345770 0.008826030 0.020734680 0.032888420 0.005933730 0.004885280 0.025185950 0.009183450 0.013139170 0.043006930 0.007517140 0.001875940 0.000910370 
28     0.020185770 0.026144640 0.036671880 0.041297620 0.001025730 0.012673530 0.033168140 0.005241800 0.018637880 0.045498250 0.035102440 0.014254880 0.026207370 0.004223370 0.033742760 0.005446360 0.018738700 0.027238440 0.027261300 0.002245240 0.000000010 0.003048600 0.022323690 0.005463310 0.000014610 0.000000000 0.009906510 0.009395380 0.021683070 0.023360290 0.002191180 0.016694330 0.025136110 0.038755870 0.004038140 0.017575940 0.017200340 0.026207840 0.007110010 0.018791680 0.000009650 0.026635510 0.024528810 0.069858390 0.011797570 0.015074180 0.045786310 0.080844330 0.034294700 0.035148020 0.007005710 
49     0.005202770 0.006155210 0.028688000 0.015275060 0.003797610 0.021708210 0.002522970 0.002140850 0.015601510 0.004504070 0.010059870 0.007180040 0.004465680 0.006558190 0.008349590 0.005398320 0.006520630 0.005366480 0.004838360 0.002941560 0.014190610 0.000911890 0.001870470 0.001239190 0.001602610 0.009906510 0.000000000 0.004323290 0.004057080 0.001277990 0.002870890 0.007007210 0.000410500 0.011327790 0.012802620 0.003966030 0.011292110 0.011074220 0.002936780 0.002917820 0.003785030 0.007612010 0.023869810 0.001728900 0.014471750 0.003221600 0.000609500 0.008867030 0.009648990 0.003404590 0.000382160 
45     0.005186600 0.008075720 0.040169360 0.007678630 0.005202760 0.012074770 0.016958770 0.003976940 0.010270510 0.024035760 0.022861020 0.008075210 0.009144280 0.021199140 0.028972810 0.007742040 0.007760360 0.012750550 0.011942960 0.020254760 0.015539140 0.014969970 0.011536470 0.020590640 0.004488550 0.009395380 0.004323290 0.000000000 0.015767490 0.012959120 0.001485750 0.000929360 0.000001080 0.036275280 0.053639290 0.008728570 0.037324500 0.038941250 0.010763170 0.017978300 0.010393120 0.015324230 0.015994280 0.020671140 0.001777070 0.013602770 0.010575870 0.008936600 0.002197480 0.005378800 0.002472310 
40     0.005854600 0.018845550 0.031030790 0.005401440 0.005582920 0.032825710 0.009119520 0.001255040 0.017971420 0.017214520 0.008626430 0.013038010 0.006156330 0.000483890 0.021396760 0.004574790 0.003176090 0.007483490 0.007078310 0.018986120 0.001588840 0.007079250 0.003682960 0.006631180 0.003350930 0.021683070 0.004057080 0.015767490 0.000000000 0.000116660 0.017211220 0.006020120 0.004891760 0.000599320 0.009194390 0.004623660 0.006066540 0.023330960 0.009532510 0.003860800 0.003273670 0.013391260 0.016881760 0.022553910 0.017502540 0.018619760 0.015944700 0.000827720 0.004041600 0.009891420 0.007053090 
36     0.001576600 0.018350320 0.011506770 0.014433640 0.003341000 0.031654430 0.007326180 0.001735250 0.018742740 0.008168870 0.023139620 0.000996130 0.029046780 0.015479940 0.011364920 0.004731750 0.006112340 0.007395010 0.013165770 0.001146830 0.002991780 0.006827330 0.009793750 0.000085820 0.007676780 0.023360290 0.001277990 0.012959120 0.000116660 0.000000000 0.007113680 0.003819390 0.003084770 0.021915940 0.018208770 0.012114250 0.005437750 0.027943280 0.010375350 0.012351660 0.004189130 0.011696960 0.016435300 0.023033580 0.002578810 0.009120320 0.026229890 0.016598780 0.007676390 0.005669540 0.001427140 
27     0.007767690 0.007718180 0.087130350 0.025716600 0.003482200 0.011443790 0.042949610 0.002698090 0.008251140 0.036962900 0.074620890 0.001231680 0.032228410 0.016433300 0.005649450 0.011370210 0.018866170 0.035937180 0.039105320 0.023092750 0.013628260 0.008163720 0.000254710 0.002856540 0.014797770 0.002191180 0.002870890 0.001485750 0.017211220 0.007113680 0.000000000 0.000000470 0.010920900 0.016061320 0.011961550 0.000068880 0.016033420 0.026444060 0.000416270 0.022108080 0.016352150 0.014045380 0.014715430 0.015586210 0.000498220 0.029899780 0.005162490 0.021549760 0.020968550 0.021564770 0.008156510 
37     0.002202690 0.020310680 0.010985510 0.026689940 0.010456920 0.014572160 0.032822970 0.002698440 0.013796820 0.019203960 0.011695670 0.012051020 0.010557440 0.000788380 0.031255280 0.006924020 0.007203720 0.012471560 0.011386320 0.004257610 0.007085860 0.004219260 0.003685530 0.012982830 0.001644080 0.016694330 0.007007210 0.000929360 0.006020120 0.003819390 0.000000470 0.000000000 0.011312390 0.005679980 0.005704770 0.000866140 0.020919560 0.013296580 0.015052560 0.001344870 0.009295990 0.001748400 0.001024750 0.006404250 0.000498570 0.000550130 0.003691580 0.001738750 0.005887230 0.007581100 0.001563350 
38     0.002544420 0.014818720 0.008226640 0.016809770 0.007175280 0.020044320 0.010286270 0.008826670 0.031274470 0.013134560 0.025403760 0.034264360 0.018667910 0.001667440 0.013843880 0.007741040 0.014765480 0.020926520 0.020924680 0.018954510 0.002243810 0.003976000 0.003222700 0.007261950 0.022253170 0.025136110 0.000410500 0.000001080 0.004891760 0.003084770 0.010920900 0.011312390 0.000000000 0.000678770 0.000391660 0.001310540 0.021624420 0.008026600 0.004012060 0.005910530 0.012415930 0.029460280 0.021549580 0.020670140 0.013119470 0.008400550 0.010574870 0.005233580 0.009478920 0.006086300 0.008162690 
48     0.006479760 0.034813700 0.024440410 0.043450610 0.010123030 0.003174190 0.005164470 0.028274280 0.018457380 0.013456780 0.038601930 0.005981270 0.034004610 0.000849600 0.022280600 0.016893450 0.018262860 0.022098250 0.019243410 0.018164270 0.004709150 0.004079640 0.008005100 0.018711770 0.002825850 0.038755870 0.011327790 0.036275280 0.000599320 0.021915940 0.016061320 0.005679980 0.000678770 0.000000000 0.000260580 0.006012750 0.015955740 0.007496810 0.000764190 0.010173780 0.002988570 0.018099380 0.014947420 0.014703310 0.020405950 0.008119800 0.007453430 0.043292040 0.009345850 0.013618210 0.000880440 
43     0.000298550 0.021802130 0.005461950 0.022448930 0.008191170 0.032578710 0.020176980 0.030125810 0.009775900 0.026011560 0.020433460 0.002289870 0.023100540 0.004280750 0.015859910 0.017490770 0.018107700 0.006044770 0.020846110 0.010352700 0.013473620 0.000911370 0.003216680 0.019647050 0.016227880 0.004038140 0.012802620 0.053639290 0.009194390 0.018208770 0.011961550 0.005704770 0.000391660 0.000260580 0.000000000 0.008180030 0.051271480 0.008649600 0.008930310 0.005185180 0.010256080 0.014833220 0.020740110 0.031526840 0.017458180 0.039196500 0.013744110 0.025880900 0.011547540 0.015819900 0.003759600 
25     0.011749650 0.011516700 0.011555040 0.005272740 0.003459680 0.023024960 0.028303850 0.009133540 0.008535930 0.018956360 0.019193490 0.011843740 0.032760490 0.004530420 0.005215240 0.004982340 0.005167770 0.017107400 0.007907460 0.007242350 0.002846360 0.004175550 0.009974590 0.003506180 0.002551410 0.017575940 0.003966030 0.008728570 0.004623660 0.012114250 0.000068880 0.000866140 0.001310540 0.006012750 0.008180030 0.000000000 0.010817980 0.001542590 0.002915670 0.003945210 0.009023350 0.008687500 0.018706270 0.036368650 0.011723460 0.005374690 0.010461430 0.027214980 0.006137120 0.017182690 0.006559880 
35     0.030757450 0.055252930 0.045048780 0.016431100 0.033367990 0.034224110 0.042739690 0.004196410 0.018466110 0.011679130 0.020317850 0.032637220 0.054629210 0.008102430 0.059999570 0.019268940 0.029820420 0.046104040 0.046162020 0.001180410 0.014455410 0.013195180 0.013733650 0.017742980 0.016890870 0.017200340 0.011292110 0.037324500 0.006066540 0.005437750 0.016033420 0.020919560 0.021624420 0.015955740 0.051271480 0.010817980 0.000000000 0.000157790 0.002400170 0.000084130 0.025629660 0.003441290 0.020199150 0.041821980 0.063788520 0.007410060 0.025163800 0.034181800 0.007563900 0.011966800 0.004016080 
44     0.018698620 0.008432700 0.011735370 0.020404740 0.035143330 0.012144730 0.034135440 0.015207310 0.004512180 0.008193910 0.018719700 0.001055280 0.022875640 0.016567790 0.021653750 0.020489530 0.011164850 0.011009490 0.011111800 0.009185330 0.010684100 0.013768240 0.026682930 0.035858810 0.009806920 0.026207840 0.011074220 0.038941250 0.023330960 0.027943280 0.026444060 0.013296580 0.008026600 0.007496810 0.008649600 0.001542590 0.000157790 0.000000000 0.000283550 0.000460180 0.011136420 0.009829310 0.024219320 0.032390500 0.066981070 0.024576670 0.043279630 0.014867760 0.004975030 0.012981180 0.012273680 
34     0.010626590 0.005211420 0.008753080 0.017771810 0.004811290 0.014055410 0.021483310 0.000066970 0.004792890 0.023188850 0.003251790 0.006048010 0.022811830 0.001569110 0.027452030 0.028211590 0.005459940 0.009717900 0.007107430 0.006851830 0.008346090 0.001624850 0.004093580 0.007705070 0.002345770 0.007110010 0.002936780 0.010763170 0.009532510 0.010375350 0.000416270 0.015052560 0.004012060 0.000764190 0.008930310 0.002915670 0.002400170 0.000283550 0.000000000 0.000279920 0.014390160 0.023523200 0.013400290 0.033052370 0.058569190 0.007664920 0.015700030 0.010816490 0.014536190 0.036303080 0.002598450 
31     0.004067410 0.009505470 0.009437890 0.017270750 0.009949620 0.043753040 0.006196840 0.004637560 0.004590720 0.020442680 0.015255280 0.000847380 0.004000700 0.001646510 0.028262450 0.014335910 0.020469280 0.027899720 0.027274840 0.005623400 0.004720760 0.002440250 0.001900000 0.021697790 0.008826030 0.018791680 0.002917820 0.017978300 0.003860800 0.012351660 0.022108080 0.001344870 0.005910530 0.010173780 0.005185180 0.003945210 0.000084130 0.000460180 0.000279920 0.000000000 0.000786580 0.006396130 0.007924000 0.028054520 0.007481120 0.020197450 0.004027300 0.028584780 0.002226790 0.005641280 0.001488940 
32     0.012626280 0.032967500 0.025270660 0.039790400 0.005706110 0.011977690 0.040081410 0.017807180 0.003655710 0.032155320 0.036477800 0.000639300 0.001707970 0.001562870 0.011866340 0.010672780 0.004893240 0.002886620 0.010734350 0.008988680 0.000009660 0.005759440 0.012974470 0.007110520 0.020734680 0.000009650 0.003785030 0.010393120 0.003273670 0.004189130 0.016352150 0.009295990 0.012415930 0.002988570 0.010256080 0.009023350 0.025629660 0.011136420 0.014390160 0.000786580 0.000000000 0.000739320 0.001084700 0.001176520 0.013178080 0.003383360 0.008838440 0.016610220 0.004836300 0.003477010 0.002616270 
29     0.013186540 0.033337270 0.046604790 0.051276920 0.018543320 0.038000550 0.032396530 0.015894690 0.007862420 0.014341730 0.051306300 0.005368720 0.036712270 0.010973070 0.033616410 0.015232820 0.022752890 0.021808710 0.021787700 0.016529590 0.018064460 0.020701400 0.005036250 0.006437120 0.032888420 0.026635510 0.007612010 0.015324230 0.013391260 0.011696960 0.014045380 0.001748400 0.029460280 0.018099380 0.014833220 0.008687500 0.003441290 0.009829310 0.023523200 0.006396130 0.000739320 0.000000000 0.000727810 0.000313180 0.013694820 0.013582280 0.018043810 0.027649060 0.016615040 0.016510290 0.001945390 
42     0.006475200 0.019337640 0.042563050 0.035054050 0.047619680 0.078636740 0.041868910 0.016564740 0.032000500 0.024895460 0.043553150 0.070719600 0.034552920 0.015508300 0.020722190 0.023882240 0.039025150 0.037442300 0.037090380 0.032740470 0.021751660 0.024402590 0.044360050 0.045469780 0.005933730 0.024528810 0.023869810 0.015994280 0.016881760 0.016435300 0.014715430 0.001024750 0.021549580 0.014947420 0.020740110 0.018706270 0.020199150 0.024219320 0.013400290 0.007924000 0.001084700 0.000727810 0.000000000 0.010993610 0.011166760 0.002620080 0.010975250 0.013892960 0.015868570 0.024806520 0.011878180 
26     0.033048370 0.001175110 0.040641850 0.049465940 0.027455630 0.043499650 0.070745020 0.042223620 0.039502190 0.046099290 0.030478990 0.058670020 0.059303780 0.057022910 0.043482130 0.026493340 0.023201850 0.028100940 0.025246610 0.027374160 0.025469180 0.012200420 0.017623920 0.055554060 0.004885280 0.069858390 0.001728900 0.020671140 0.022553910 0.023033580 0.015586210 0.006404250 0.020670140 0.014703310 0.031526840 0.036368650 0.041821980 0.032390500 0.033052370 0.028054520 0.001176520 0.000313180 0.010993610 0.000000000 0.010264080 0.006921220 0.010095810 0.013013520 0.001760690 0.009238300 0.027315730 
24     0.020992800 0.003188760 0.031870570 0.056188200 0.026381650 0.003988830 0.044826990 0.002199870 0.008658470 0.009554070 0.026383720 0.026130420 0.039105540 0.045296810 0.032834010 0.003294850 0.012475120 0.025614920 0.037156740 0.029077770 0.020774120 0.019632880 0.024989920 0.026903200 0.025185950 0.011797570 0.014471750 0.001777070 0.017502540 0.002578810 0.000498220 0.000498570 0.013119470 0.020405950 0.017458180 0.011723460 0.063788520 0.066981070 0.058569190 0.007481120 0.013178080 0.013694820 0.011166760 0.010264080 0.000000000 0.004409960 0.007575570 0.010493280 0.003671790 0.021406840 0.035123540 
47     0.000596810 0.040594520 0.020775590 0.025794620 0.007571540 0.002570390 0.037518090 0.021419970 0.025841650 0.010037610 0.021626580 0.012019430 0.039541300 0.005406690 0.041746450 0.017168200 0.003433370 0.005581850 0.006039880 0.010560120 0.035584650 0.007018140 0.004262790 0.025426950 0.009183450 0.015074180 0.003221600 0.013602770 0.018619760 0.009120320 0.029899780 0.000550130 0.008400550 0.008119800 0.039196500 0.005374690 0.007410060 0.024576670 0.007664920 0.020197450 0.003383360 0.013582280 0.002620080 0.006921220 0.004409960 0.000000000 0.004241690 0.007159400 0.002687590 0.013800700 0.008546680 
39     0.017368180 0.012888320 0.041522920 0.025245750 0.025910390 0.028274550 0.026499620 0.027972530 0.030989390 0.010885520 0.046665060 0.027553880 0.021403270 0.010022860 0.007314840 0.014153060 0.016374250 0.022525130 0.012268530 0.018004510 0.025695490 0.006493790 0.012170030 0.008179360 0.013139170 0.045786310 0.000609500 0.010575870 0.015944700 0.026229890 0.005162490 0.003691580 0.010574870 0.007453430 0.013744110 0.010461430 0.025163800 0.043279630 0.015700030 0.004027300 0.008838440 0.018043810 0.010975250 0.010095810 0.007575570 0.004241690 0.000000000 0.002918250 0.004893860 0.003079070 0.003296350 
46     0.008836040 0.016776480 0.069332650 0.033045570 0.024440710 0.033518530 0.078205730 0.002058840 0.030710030 0.019061140 0.011988640 0.021013830 0.014320670 0.001329430 0.013457790 0.011856620 0.008051770 0.027944280 0.014645180 0.022263730 0.028676780 0.009247310 0.010885440 0.012270090 0.043006930 0.080844330 0.008867030 0.008936600 0.000827720 0.016598780 0.021549760 0.001738750 0.005233580 0.043292040 0.025880900 0.027214980 0.034181800 0.014867760 0.010816490 0.028584780 0.016610220 0.027649060 0.013892960 0.013013520 0.010493280 0.007159400 0.002918250 0.000000000 0.001975650 0.010913600 0.007914760 
50     0.007141420 0.017352660 0.020248330 0.014828530 0.006179740 0.035620410 0.013413230 0.019765560 0.001763340 0.025338040 0.033833300 0.013331470 0.020413400 0.002758030 0.003029320 0.006687020 0.015091260 0.012737990 0.013760040 0.004483170 0.010507910 0.003402680 0.013745680 0.007176590 0.007517140 0.034294700 0.009648990 0.002197480 0.004041600 0.007676390 0.020968550 0.005887230 0.009478920 0.009345850 0.011547540 0.006137120 0.007563900 0.004975030 0.014536190 0.002226790 0.004836300 0.016615040 0.015868570 0.001760690 0.003671790 0.002687590 0.004893860 0.001975650 0.000000000 0.000339110 0.001998090 
30     0.016487990 0.029038770 0.022662110 0.006660820 0.008595090 0.031349560 0.019599480 0.018669620 0.008367310 0.021994690 0.032448810 0.018158770 0.034076640 0.008940660 0.007012040 0.008687370 0.019449260 0.017089770 0.018111820 0.004729620 0.013494660 0.003649130 0.011724490 0.007566530 0.001875940 0.035148020 0.003404590 0.005378800 0.009891420 0.005669540 0.021564770 0.007581100 0.006086300 0.013618210 0.015819900 0.017182690 0.011966800 0.012981180 0.036303080 0.005641280 0.003477010 0.016510290 0.024806520 0.009238300 0.021406840 0.013800700 0.003079070 0.010913600 0.000339110 0.000000000 0.005456480 
0     0.007689120 0.004042550 0.002466350 0.007956540 0.001632000 0.009778090 0.001830730 0.000488750 0.002296960 0.000371000 0.026259050 0.000363540 0.013694650 0.001433100 0.011808330 0.003202140 0.002880480 0.004149970 0.003919660 0.004411900 0.003129940 0.005772650 0.004176980 0.004151130 0.000910370 0.007005710 0.000382160 0.002472310 0.007053090 0.001427140 0.008156510 0.001563350 0.008162690 0.000880440 0.003759600 0.006559880 0.004016080 0.012273680 0.002598450 0.001488940 0.002616270 0.001945390 0.011878180 0.027315730 0.035123540 0.008546680 0.003296350 0.007914760 0.001998090 0.005456480 0.000000000 
