51
3     0.000000000 0.118003130 0.235145802 0.222688364 0.221130389 0.252216623 0.252139243 0.232941827 0.240814823 0.233826915 0.252020158 0.228163388 0.246592896 0.249510187 0.255116986 0.256128164 0.243238990 0.211166049 0.215350613 0.214688160 0.242726699 0.247003757 0.264578337 0.244314105 0.209834570 0.264741547 0.256466750 0.227243464 0.267368109 0.267533294 0.207054303 0.242589368 0.220114416 0.220736874 0.218961258 0.244424535 0.249490578 0.250752673 0.252077888 0.253330420 0.256119382 0.240479590 0.232292168 0.241668247 0.253470721 0.240230648 0.262651736 0.262412344 0.263504072 0.269484014 0.503594239 
2     0.118003130 0.000000000 0.234917024 0.222463233 0.220905259 0.251991492 0.251914112 0.232716696 0.240589693 0.233601784 0.251795027 0.227938257 0.246367765 0.249285056 0.254891856 0.255903033 0.243013860 0.210940918 0.215125482 0.214463029 0.242501569 0.246778626 0.264353206 0.244088975 0.209609439 0.264516417 0.256241620 0.227018333 0.267142979 0.267308163 0.206829173 0.242364238 0.219889286 0.220511743 0.218736128 0.244199404 0.249265447 0.250527543 0.251852758 0.253105289 0.255894252 0.240254460 0.232067037 0.241443117 0.253245591 0.240005517 0.262426605 0.262187214 0.263278942 0.269258883 0.503369108 
1     0.235145802 0.234917024 0.000000000 0.240634793 0.239076819 0.269890707 0.269813326 0.250663093 0.258536089 0.251500999 0.269733438 0.245876668 0.264790492 0.267707783 0.273314582 0.274325760 0.261436586 0.230058468 0.234243032 0.233580579 0.261604159 0.265881217 0.283475226 0.263080615 0.228601079 0.283476058 0.275201260 0.245214568 0.285337552 0.285502736 0.224370520 0.259910984 0.237451661 0.238074119 0.236298503 0.261879668 0.266945710 0.268207806 0.269533021 0.270785553 0.273574515 0.257934723 0.249747301 0.259123380 0.270925854 0.257685781 0.280715245 0.280475853 0.281567581 0.287547523 0.520432203 
24     0.222688364 0.222463233 0.240634793 0.000000000 0.020650902 0.120028514 0.120389851 0.100566638 0.108628927 0.101175747 0.120538592 0.096680408 0.185041314 0.187958605 0.193565404 0.194576582 0.181675151 0.150545604 0.154760065 0.154121491 0.181888683 0.186165740 0.203796170 0.183115445 0.148608239 0.203472542 0.195201222 0.175947316 0.215582908 0.215748093 0.156630309 0.192099987 0.169690148 0.170312606 0.168536990 0.193600539 0.198666581 0.199928677 0.201253628 0.202506160 0.205295122 0.189692590 0.181533051 0.190858401 0.202660611 0.189420538 0.209936759 0.209697368 0.210789096 0.216758171 0.480728673 
37     0.221130389 0.220905259 0.239076819 0.020650902 0.000000000 0.118402334 0.118782498 0.098941422 0.107003711 0.099549567 0.118884414 0.095026231 0.183478913 0.186396204 0.192003003 0.193014181 0.180112750 0.148983203 0.153197664 0.152559090 0.180326282 0.184603339 0.202233769 0.181553044 0.147045838 0.201910141 0.193638821 0.174391638 0.214027231 0.214192415 0.155074393 0.190544071 0.168134232 0.168756689 0.166981074 0.192045611 0.197111654 0.198373750 0.199698701 0.200951233 0.203740195 0.188137663 0.179978123 0.189303474 0.201105684 0.187865611 0.208381082 0.208141690 0.209233418 0.215202493 0.479170698 
7     0.252216623 0.251991492 0.269890707 0.120028514 0.118402334 0.000000000 0.069478081 0.087860629 0.095845845 0.087463226 0.131157917 0.106415911 0.213526158 0.216443449 0.222050248 0.223061426 0.210159995 0.179138570 0.183353031 0.182714457 0.210500993 0.214778050 0.232408480 0.211711211 0.177204005 0.232088562 0.223817242 0.205358552 0.244994144 0.245159329 0.185381878 0.220852105 0.198442266 0.199064723 0.197289108 0.222352842 0.227418885 0.228680980 0.230005931 0.231258463 0.234047426 0.218444893 0.210285354 0.219610705 0.231412915 0.218172841 0.238903507 0.238664115 0.239755843 0.245724919 0.510210713 
30     0.252139243 0.251914112 0.269813326 0.120389851 0.118782498 0.069478081 0.000000000 0.087658726 0.095947745 0.086937872 0.130798861 0.106573794 0.213443086 0.216360377 0.221967177 0.222978354 0.210076923 0.179055499 0.183269959 0.182631385 0.210417921 0.214694979 0.232325408 0.211628140 0.177120933 0.232001640 0.223730320 0.205281994 0.244917586 0.245082771 0.185305319 0.220775546 0.198365707 0.198988165 0.197212549 0.222276284 0.227342326 0.228604422 0.229929373 0.231181905 0.233970867 0.218368335 0.210208796 0.219534146 0.231336356 0.218096283 0.238826949 0.238587557 0.239679285 0.245648360 0.510133332 
15     0.232941827 0.232716696 0.250663093 0.100566638 0.098941422 0.087860629 0.087658726 0.000000000 0.048081374 0.062769737 0.111169603 0.087720095 0.194401057 0.197318348 0.202925148 0.203936325 0.191034894 0.159922039 0.164136500 0.163497926 0.191284462 0.195561519 0.213191949 0.192494680 0.157987474 0.212872031 0.204600711 0.186199357 0.225834949 0.226000134 0.166222702 0.201692930 0.179283090 0.179905548 0.178129933 0.203193667 0.208259709 0.209521805 0.210846756 0.212099288 0.214888250 0.199285718 0.191126179 0.200451530 0.212253739 0.199013666 0.219744332 0.219504940 0.220596668 0.226565743 0.490797812 
47     0.240814823 0.240589693 0.258536089 0.108628927 0.107003711 0.095845845 0.095947745 0.048081374 0.000000000 0.070595547 0.119084628 0.095623261 0.202242731 0.205160022 0.210766822 0.211777999 0.198876568 0.167763713 0.171978174 0.171339599 0.199126136 0.203403193 0.221033623 0.200336354 0.165829148 0.220713705 0.212442385 0.194072354 0.233707946 0.233873131 0.174095699 0.209565927 0.187156087 0.187778545 0.186002929 0.211066664 0.216132706 0.217394802 0.218719753 0.219972285 0.222761247 0.207158715 0.198999176 0.208324526 0.220126736 0.206886663 0.227617329 0.227377937 0.228469665 0.234438740 0.498670809 
25     0.233826915 0.233601784 0.251500999 0.101175747 0.099549567 0.087463226 0.086937872 0.062769737 0.070595547 0.000000000 0.112244265 0.088008832 0.195231094 0.198148385 0.203755185 0.204766362 0.191864931 0.160843507 0.165057968 0.164419393 0.192205929 0.196482987 0.214113417 0.193416148 0.158908941 0.213793499 0.205522178 0.187029394 0.226664986 0.226830171 0.167052739 0.202522967 0.180113127 0.180735585 0.178959970 0.204023704 0.209089746 0.210351842 0.211676793 0.212929325 0.215718287 0.200115755 0.191956216 0.201281567 0.213083776 0.199843703 0.220574369 0.220334977 0.221426705 0.227395780 0.491682901 
11     0.252020158 0.251795027 0.269733438 0.120538592 0.118884414 0.131157917 0.130798861 0.111169603 0.119084628 0.112244265 0.000000000 0.075202481 0.213423563 0.216340854 0.221947654 0.222958831 0.210057400 0.178973708 0.183188169 0.182549594 0.210336130 0.214613188 0.232243618 0.211538711 0.177031505 0.231891441 0.223620120 0.205286255 0.244921848 0.245087032 0.185311215 0.220781442 0.198371603 0.198994061 0.197218445 0.222261764 0.227327807 0.228589902 0.229914854 0.231167385 0.233956348 0.218353815 0.210194276 0.219519627 0.231321837 0.218081763 0.238813274 0.238573882 0.239665610 0.245634685 0.509876554 
45     0.228163388 0.227938257 0.245876668 0.096680408 0.095026231 0.106415911 0.106573794 0.087720095 0.095623261 0.088008832 0.075202481 0.000000000 0.189587338 0.192504629 0.198111428 0.199122606 0.186221175 0.155133033 0.159347494 0.158708920 0.186495456 0.190772513 0.208402943 0.187698037 0.153190830 0.208050766 0.199779445 0.181435164 0.221070757 0.221235942 0.161457703 0.196927930 0.174518091 0.175140549 0.173364933 0.198408252 0.203474295 0.204736391 0.206061342 0.207313873 0.210102836 0.194500303 0.186340764 0.195666115 0.207468325 0.194228252 0.214959762 0.214720370 0.215812098 0.221781173 0.486019784 
29     0.246592896 0.246367765 0.264790492 0.185041314 0.183478913 0.213526158 0.213443086 0.194401057 0.202242731 0.195231094 0.213423563 0.189587338 0.000000000 0.025087489 0.037909720 0.039037248 0.078197094 0.157823024 0.162089194 0.161294443 0.189071550 0.193334736 0.211112329 0.190711193 0.156181119 0.210873494 0.202592538 0.201432593 0.241381283 0.241546468 0.181244924 0.216715420 0.194312803 0.194935260 0.193159645 0.217793410 0.222859453 0.224121548 0.225446500 0.226699031 0.229487994 0.213885480 0.205725922 0.215051273 0.226853483 0.213613409 0.234735356 0.234495964 0.235587692 0.241561131 0.505261624 
49     0.249510187 0.249285056 0.267707783 0.187958605 0.186396204 0.216443449 0.216360377 0.197318348 0.205160022 0.198148385 0.216340854 0.192504629 0.025087489 0.000000000 0.040682340 0.041908144 0.081279015 0.160740315 0.165006485 0.164211734 0.191988841 0.196252027 0.214029620 0.193628484 0.159098410 0.213790785 0.205509829 0.204349884 0.244298574 0.244463759 0.184162215 0.219632711 0.197230094 0.197852551 0.196076936 0.220710701 0.225776744 0.227038839 0.228363791 0.229616322 0.232405285 0.216802771 0.208643213 0.217968564 0.229770774 0.216530700 0.237652647 0.237413255 0.238504983 0.244478422 0.508178915 
48     0.255116986 0.254891856 0.273314582 0.193565404 0.192003003 0.222050248 0.221967177 0.202925148 0.210766822 0.203755185 0.221947654 0.198111428 0.037909720 0.040682340 0.000000000 0.022502278 0.086993723 0.166347115 0.170613284 0.169818534 0.197595641 0.201858826 0.219636419 0.199235284 0.164705209 0.219397585 0.211116629 0.209956684 0.249905374 0.250070559 0.189769015 0.225239510 0.202836893 0.203459351 0.201683735 0.226317501 0.231383543 0.232645639 0.233970590 0.235223122 0.238012084 0.222409570 0.214250013 0.223575364 0.235377573 0.222137500 0.243259446 0.243020055 0.244111783 0.250085222 0.513785715 
38     0.256128164 0.255903033 0.274325760 0.194576582 0.193014181 0.223061426 0.222978354 0.203936325 0.211777999 0.204766362 0.222958831 0.199122606 0.039037248 0.041908144 0.022502278 0.000000000 0.088074820 0.167358292 0.171624462 0.170829711 0.198606818 0.202870004 0.220647597 0.200246461 0.165716387 0.220408762 0.212127806 0.210967861 0.250916551 0.251081736 0.190780192 0.226250688 0.203848071 0.204470528 0.202694913 0.227328678 0.232394721 0.233656817 0.234981768 0.236234299 0.239023262 0.223420748 0.215261190 0.224586541 0.236388751 0.223148678 0.244270624 0.244031232 0.245122960 0.251096399 0.514796892 
41     0.243238990 0.243013860 0.261436586 0.181675151 0.180112750 0.210159995 0.210076923 0.191034894 0.198876568 0.191864931 0.210057400 0.186221175 0.078197094 0.081279015 0.086993723 0.088074820 0.000000000 0.154489302 0.158755472 0.157960721 0.185737829 0.190001014 0.207778607 0.187372382 0.152842308 0.207536912 0.199255956 0.198104162 0.238052852 0.238218037 0.177863211 0.213333707 0.190931090 0.191553547 0.189777932 0.214411697 0.219477740 0.220739835 0.222064786 0.223317318 0.226106281 0.210503766 0.202344209 0.211669560 0.223471770 0.210231696 0.231360100 0.231120708 0.232212436 0.238185875 0.501907719 
44     0.211166049 0.210940918 0.230058468 0.150545604 0.148983203 0.179138570 0.179055499 0.159922039 0.167763713 0.160843507 0.178973708 0.155133033 0.157823024 0.160740315 0.166347115 0.167358292 0.154489302 0.000000000 0.054203529 0.053701166 0.112775262 0.117050286 0.134808400 0.125374969 0.091121490 0.145957022 0.137496520 0.166815031 0.206407860 0.206573045 0.144727863 0.180020957 0.157618340 0.158240798 0.156465182 0.183323172 0.188389215 0.189651310 0.190976261 0.192228793 0.195017756 0.179419922 0.171260364 0.180583628 0.192385838 0.179145765 0.199899622 0.199660231 0.200751959 0.206719433 0.469254261 
4     0.215350613 0.215125482 0.234243032 0.154760065 0.153197664 0.183353031 0.183269959 0.164136500 0.171978174 0.165057968 0.183188169 0.159347494 0.162089194 0.165006485 0.170613284 0.171624462 0.158755472 0.054203529 0.000000000 0.045644001 0.117051177 0.121523060 0.139011098 0.129636709 0.095394762 0.149896749 0.141547505 0.171006529 0.210599359 0.210764543 0.148919362 0.184212456 0.161809839 0.162432296 0.160656681 0.187514670 0.192580713 0.193842809 0.195167760 0.196420292 0.199209254 0.183611420 0.175451863 0.184775126 0.196577336 0.183337263 0.204085156 0.203845765 0.204937493 0.210910931 0.473438825 
14     0.214688160 0.214463029 0.233580579 0.154121491 0.152559090 0.182714457 0.182631385 0.163497926 0.171339599 0.164419393 0.182549594 0.158708920 0.161294443 0.164211734 0.169818534 0.170829711 0.157960721 0.053701166 0.045644001 0.000000000 0.116461024 0.120932907 0.138401811 0.128972599 0.094730652 0.149431717 0.141082472 0.170357939 0.209950768 0.210115953 0.148178713 0.183471806 0.161069189 0.161691647 0.159916031 0.186774021 0.191840064 0.193102159 0.194427111 0.195679642 0.198468605 0.182870771 0.174711213 0.184034477 0.195836687 0.182596614 0.203344507 0.203105115 0.204196843 0.210170282 0.472743541 
19     0.242726699 0.242501569 0.261604159 0.181888683 0.180326282 0.210500993 0.210417921 0.191284462 0.199126136 0.192205929 0.210336130 0.186495456 0.189071550 0.191988841 0.197595641 0.198606818 0.185737829 0.112775262 0.117051177 0.116461024 0.000000000 0.062910839 0.128354569 0.158648244 0.124275343 0.178842370 0.170366467 0.198297240 0.237888404 0.238053589 0.177644644 0.212937737 0.190535120 0.191157578 0.189381963 0.214771195 0.219837238 0.221099334 0.222424285 0.223676817 0.226465779 0.210863265 0.202703707 0.212031651 0.223833861 0.210593788 0.231384523 0.231145132 0.232236860 0.238210298 0.501538644 
10     0.247003757 0.246778626 0.265881217 0.186165740 0.184603339 0.214778050 0.214694979 0.195561519 0.203403193 0.196482987 0.214613188 0.190772513 0.193334736 0.196252027 0.201858826 0.202870004 0.190001014 0.117050286 0.121523060 0.120932907 0.062910839 0.000000000 0.132580105 0.162897324 0.128524423 0.183129002 0.174653100 0.202574298 0.242165461 0.242330646 0.181921701 0.217214795 0.194812178 0.195434636 0.193659020 0.219048253 0.224114295 0.225376391 0.226701342 0.227953874 0.230742836 0.215140322 0.206980765 0.216308709 0.228110919 0.214870845 0.235661581 0.235422189 0.236513917 0.242487356 0.505815701 
39     0.264578337 0.264353206 0.283475226 0.203796170 0.202233769 0.232408480 0.232325408 0.213191949 0.221033623 0.214113417 0.232243618 0.208402943 0.211112329 0.214029620 0.219636419 0.220647597 0.207778607 0.134808400 0.139011098 0.138401811 0.128354569 0.132580105 0.000000000 0.180249895 0.145874514 0.200545873 0.192181411 0.220190216 0.259781380 0.259946565 0.199537620 0.234830713 0.212428096 0.213050554 0.211274939 0.236664171 0.241730214 0.242992310 0.244317261 0.245569793 0.248358755 0.232756241 0.224596683 0.233924627 0.245726837 0.232486764 0.253277221 0.253037829 0.254129557 0.260102996 0.523407100 
13     0.244314105 0.244088975 0.263080615 0.183115445 0.181553044 0.211711211 0.211628140 0.192494680 0.200336354 0.193416148 0.211538711 0.187698037 0.190711193 0.193628484 0.199235284 0.200246461 0.187372382 0.125374969 0.129636709 0.128972599 0.158648244 0.162897324 0.180249895 0.000000000 0.074366280 0.171569226 0.163229544 0.199619607 0.239212436 0.239377621 0.177363410 0.212831684 0.190429066 0.191051524 0.189275909 0.215968730 0.221034772 0.222296868 0.223621819 0.224874351 0.227663313 0.212060799 0.203901242 0.213229186 0.225031395 0.211791322 0.232963549 0.232724157 0.233815885 0.239789324 0.502250600 
50     0.209834570 0.209609439 0.228601079 0.148608239 0.147045838 0.177204005 0.177120933 0.157987474 0.165829148 0.158908941 0.177031505 0.153190830 0.156181119 0.159098410 0.164705209 0.165716387 0.152842308 0.091121490 0.095394762 0.094730652 0.124275343 0.128524423 0.145874514 0.074366280 0.000000000 0.136963762 0.128699492 0.165130000 0.204722829 0.204888014 0.142887324 0.178355598 0.155952981 0.156575439 0.154799823 0.181492644 0.186558687 0.187820783 0.189145734 0.190398266 0.193187228 0.177584714 0.169425156 0.178753100 0.190555310 0.177315237 0.198473942 0.198234550 0.199326278 0.205299717 0.467771064 
5     0.264741547 0.264516417 0.283476058 0.203472542 0.201910141 0.232088562 0.232001640 0.212872031 0.220713705 0.213793499 0.231891441 0.208050766 0.210873494 0.213790785 0.219397585 0.220408762 0.207536912 0.145957022 0.149896749 0.149431717 0.178842370 0.183129002 0.200545873 0.171569226 0.136963762 0.000000000 0.097861972 0.219836330 0.259429160 0.259594344 0.197723737 0.233025015 0.210622398 0.211244856 0.209469240 0.236332143 0.241398186 0.242660281 0.243985233 0.245237764 0.248026727 0.232424212 0.224264655 0.233592599 0.245394809 0.232154736 0.253156927 0.252917535 0.254009263 0.259982702 0.522665838 
17     0.256466750 0.256241620 0.275201260 0.195201222 0.193638821 0.223817242 0.223730320 0.204600711 0.212442385 0.205522178 0.223620120 0.199779445 0.202592538 0.205509829 0.211116629 0.212127806 0.199255956 0.137496520 0.141547505 0.141082472 0.170366467 0.174653100 0.192181411 0.163229544 0.128699492 0.097861972 0.000000000 0.211561533 0.251154363 0.251319547 0.189448940 0.224750218 0.202347601 0.202970059 0.201194443 0.228057346 0.233123389 0.234385484 0.235710436 0.236962967 0.239751930 0.224149415 0.215989858 0.225317802 0.237120012 0.223879939 0.244882130 0.244642738 0.245734466 0.251707905 0.514391041 
46     0.227243464 0.227018333 0.245214568 0.175947316 0.174391638 0.205358552 0.205281994 0.186199357 0.194072354 0.187029394 0.205286255 0.181435164 0.201432593 0.204349884 0.209956684 0.210967861 0.198104162 0.166815031 0.171006529 0.170357939 0.198297240 0.202574298 0.220190216 0.199619607 0.165130000 0.219836330 0.211561533 0.000000000 0.124605816 0.124774709 0.157076754 0.192443835 0.170035466 0.170657924 0.168882309 0.193486778 0.198552820 0.199814916 0.201149242 0.202391868 0.205190736 0.189591530 0.181460058 0.190739719 0.202541398 0.189301325 0.209695538 0.209456147 0.210547875 0.216530263 0.485270716 
12     0.267368109 0.267142979 0.285337552 0.215582908 0.214027231 0.244994144 0.244917586 0.225834949 0.233707946 0.226664986 0.244921848 0.221070757 0.241381283 0.244298574 0.249905374 0.250916551 0.238052852 0.206407860 0.210599359 0.209950768 0.237888404 0.242165461 0.259781380 0.239212436 0.204722829 0.259429160 0.251154363 0.124605816 0.000000000 0.051844673 0.196653555 0.232020636 0.209612268 0.210234725 0.208459110 0.233476553 0.238542595 0.239804691 0.241139017 0.242381644 0.245180511 0.229581305 0.221449833 0.230729494 0.242531173 0.229291100 0.249947916 0.249708524 0.250800252 0.256782641 0.525395642 
32     0.267533294 0.267308163 0.285502736 0.215748093 0.214192415 0.245159329 0.245082771 0.226000134 0.233873131 0.226830171 0.245087032 0.221235942 0.241546468 0.244463759 0.250070559 0.251081736 0.238218037 0.206573045 0.210764543 0.210115953 0.238053589 0.242330646 0.259946565 0.239377621 0.204888014 0.259594344 0.251319547 0.124774709 0.051844673 0.000000000 0.196818740 0.232185821 0.209777452 0.210399910 0.208624295 0.233641738 0.238707780 0.239969876 0.241304201 0.242546828 0.245345696 0.229746490 0.221615018 0.230894679 0.242696358 0.229456285 0.250113101 0.249873709 0.250965437 0.256947826 0.525560827 
22     0.207054303 0.206829173 0.224370520 0.156630309 0.155074393 0.185381878 0.185305319 0.166222702 0.174095699 0.167052739 0.185311215 0.161457703 0.181244924 0.184162215 0.189769015 0.190780192 0.177863211 0.144727863 0.148919362 0.148178713 0.177644644 0.181921701 0.199537620 0.177363410 0.142887324 0.197723737 0.189448940 0.157076754 0.196653555 0.196818740 0.000000000 0.102434768 0.080410167 0.081025922 0.079223356 0.136773166 0.141867220 0.143068162 0.144497741 0.145684659 0.148552325 0.132940465 0.125020515 0.134100397 0.145899019 0.132661050 0.187006026 0.186766634 0.187858362 0.193807305 0.464403396 
16     0.242589368 0.242364238 0.259910984 0.192099987 0.190544071 0.220852105 0.220775546 0.201692930 0.209565927 0.202522967 0.220781442 0.196927930 0.216715420 0.219632711 0.225239510 0.226250688 0.213333707 0.180020957 0.184212456 0.183471806 0.212937737 0.217214795 0.234830713 0.212831684 0.178355598 0.233025015 0.224750218 0.192443835 0.232020636 0.232185821 0.102434768 0.000000000 0.101466182 0.102155142 0.100317256 0.172363732 0.177463760 0.178664702 0.180094281 0.181281199 0.184148865 0.168529259 0.160610771 0.169699287 0.181497909 0.168259940 0.222545344 0.222305952 0.223397680 0.229346623 0.499978367 
31     0.220114416 0.219889286 0.237451661 0.169690148 0.168134232 0.198442266 0.198365707 0.179283090 0.187156087 0.180113127 0.198371603 0.174518091 0.194312803 0.197230094 0.202836893 0.203848071 0.190931090 0.157618340 0.161809839 0.161069189 0.190535120 0.194812178 0.212428096 0.190429066 0.155952981 0.210622398 0.202347601 0.170035466 0.209612268 0.209777452 0.080410167 0.101466182 0.000000000 0.019191639 0.017390761 0.149688158 0.154784670 0.155985612 0.157415191 0.158602109 0.161469775 0.145883817 0.137965329 0.147020646 0.158819268 0.145581299 0.200199584 0.199960192 0.201051920 0.207000863 0.477533976 
34     0.220736874 0.220511743 0.238074119 0.170312606 0.168756689 0.199064723 0.198988165 0.179905548 0.187778545 0.180735585 0.198994061 0.175140549 0.194935260 0.197852551 0.203459351 0.204470528 0.191553547 0.158240798 0.162432296 0.161691647 0.191157578 0.195434636 0.213050554 0.191051524 0.156575439 0.211244856 0.202970059 0.170657924 0.210234725 0.210399910 0.081025922 0.102155142 0.019191639 0.000000000 0.019056289 0.150311132 0.155407644 0.156608586 0.158038165 0.159225083 0.162092749 0.146506791 0.138588303 0.147643620 0.159442242 0.146204273 0.200822042 0.200582650 0.201674378 0.207623321 0.478156434 
6     0.218961258 0.218736128 0.236298503 0.168536990 0.166981074 0.197289108 0.197212549 0.178129933 0.186002929 0.178959970 0.197218445 0.173364933 0.193159645 0.196076936 0.201683735 0.202694913 0.189777932 0.156465182 0.160656681 0.159916031 0.189381963 0.193659020 0.211274939 0.189275909 0.154799823 0.209469240 0.201194443 0.168882309 0.208459110 0.208624295 0.079223356 0.100317256 0.017390761 0.019056289 0.000000000 0.148544318 0.153640831 0.154841773 0.156271352 0.157458270 0.160325936 0.144739978 0.136821490 0.145876807 0.157675429 0.144437460 0.199046426 0.198807035 0.199898763 0.205847705 0.476380818 
36     0.244424535 0.244199404 0.261879668 0.193600539 0.192045611 0.222352842 0.222276284 0.203193667 0.211066664 0.204023704 0.222261764 0.198408252 0.217793410 0.220710701 0.226317501 0.227328678 0.214411697 0.183323172 0.187514670 0.186774021 0.214771195 0.219048253 0.236664171 0.215968730 0.181492644 0.236332143 0.228057346 0.193486778 0.233476553 0.233641738 0.136773166 0.172363732 0.149688158 0.150311132 0.148544318 0.000000000 0.046727321 0.053140103 0.076577441 0.076864456 0.080852197 0.090971611 0.084270277 0.102090041 0.113180938 0.100763667 0.222733516 0.222494124 0.223585852 0.229531901 0.501584485 
9     0.249490578 0.249265447 0.266945710 0.198666581 0.197111654 0.227418885 0.227342326 0.208259709 0.216132706 0.209089746 0.227327807 0.203474295 0.222859453 0.225776744 0.231383543 0.232394721 0.219477740 0.188389215 0.192580713 0.191840064 0.219837238 0.224114295 0.241730214 0.221034772 0.186558687 0.241398186 0.233123389 0.198552820 0.238542595 0.238707780 0.141867220 0.177463760 0.154784670 0.155407644 0.153640831 0.046727321 0.000000000 0.058755800 0.083072522 0.083158672 0.086860438 0.096267806 0.089349865 0.107597551 0.118652278 0.106252563 0.227799559 0.227560167 0.228651895 0.234597944 0.506650528 
20     0.250752673 0.250527543 0.268207806 0.199928677 0.198373750 0.228680980 0.228604422 0.209521805 0.217394802 0.210351842 0.228589902 0.204736391 0.224121548 0.227038839 0.232645639 0.233656817 0.220739835 0.189651310 0.193842809 0.193102159 0.221099334 0.225376391 0.242992310 0.222296868 0.187820783 0.242660281 0.234385484 0.199814916 0.239804691 0.239969876 0.143068162 0.178664702 0.155985612 0.156608586 0.154841773 0.053140103 0.058755800 0.000000000 0.082920530 0.083707825 0.087512295 0.097457899 0.090594275 0.108247873 0.119358444 0.106865344 0.229061654 0.228822263 0.229913991 0.235860040 0.507912624 
35     0.252077888 0.251852758 0.269533021 0.201253628 0.199698701 0.230005931 0.229929373 0.210846756 0.218719753 0.211676793 0.229914854 0.206061342 0.225446500 0.228363791 0.233970590 0.234981768 0.222064786 0.190976261 0.195167760 0.194427111 0.222424285 0.226701342 0.244317261 0.223621819 0.189145734 0.243985233 0.235710436 0.201149242 0.241139017 0.241304201 0.144497741 0.180094281 0.157415191 0.158038165 0.156271352 0.076577441 0.083072522 0.082920530 0.000000000 0.030616043 0.045864488 0.098875415 0.091979016 0.109823671 0.120886417 0.108553057 0.230403945 0.230164553 0.231256281 0.237202330 0.509237839 
21     0.253330420 0.253105289 0.270785553 0.202506160 0.200951233 0.231258463 0.231181905 0.212099288 0.219972285 0.212929325 0.231167385 0.207313873 0.226699031 0.229616322 0.235223122 0.236234299 0.223317318 0.192228793 0.196420292 0.195679642 0.223676817 0.227953874 0.245569793 0.224874351 0.190398266 0.245237764 0.236962967 0.202391868 0.242381644 0.242546828 0.145684659 0.181281199 0.158602109 0.159225083 0.157458270 0.076864456 0.083158672 0.083707825 0.030616043 0.000000000 0.044296539 0.099973497 0.093256139 0.111289624 0.122350557 0.110017327 0.231641888 0.231402496 0.232494224 0.238440273 0.510490370 
40     0.256119382 0.255894252 0.273574515 0.205295122 0.203740195 0.234047426 0.233970867 0.214888250 0.222761247 0.215718287 0.233956348 0.210102836 0.229487994 0.232405285 0.238012084 0.239023262 0.226106281 0.195017756 0.199209254 0.198468605 0.226465779 0.230742836 0.248358755 0.227663313 0.193187228 0.248026727 0.239751930 0.205190736 0.245180511 0.245345696 0.148552325 0.184148865 0.161469775 0.162092749 0.160325936 0.080852197 0.086860438 0.087512295 0.045864488 0.044296539 0.000000000 0.103210013 0.096541309 0.114268444 0.125258533 0.112922731 0.234443090 0.234203699 0.235295427 0.241241475 0.513279333 
43     0.240479590 0.240254460 0.257934723 0.189692590 0.188137663 0.218444893 0.218368335 0.199285718 0.207158715 0.200115755 0.218353815 0.194500303 0.213885480 0.216802771 0.222409570 0.223420748 0.210503766 0.179419922 0.183611420 0.182870771 0.210863265 0.215140322 0.232756241 0.212060799 0.177584714 0.232424212 0.224149415 0.189591530 0.229581305 0.229746490 0.132940465 0.168529259 0.145883817 0.146506791 0.144739978 0.090971611 0.096267806 0.097457899 0.098875415 0.099973497 0.103210013 0.000000000 0.048208947 0.098127879 0.109133618 0.096640342 0.218798568 0.218559176 0.219650904 0.225596953 0.497648934 
26     0.232292168 0.232067037 0.249747301 0.181533051 0.179978123 0.210285354 0.210208796 0.191126179 0.198999176 0.191956216 0.210194276 0.186340764 0.205725922 0.208643213 0.214250013 0.215261190 0.202344209 0.171260364 0.175451863 0.174711213 0.202703707 0.206980765 0.224596683 0.203901242 0.169425156 0.224264655 0.215989858 0.181460058 0.221449833 0.221615018 0.125020515 0.160610771 0.137965329 0.138588303 0.136821490 0.084270277 0.089349865 0.090594275 0.091979016 0.093256139 0.096541309 0.048208947 0.000000000 0.090306006 0.101262328 0.088807994 0.210727142 0.210487751 0.211579479 0.217525528 0.488878185 
28     0.241668247 0.241443117 0.259123380 0.190858401 0.189303474 0.219610705 0.219534146 0.200451530 0.208324526 0.201281567 0.219519627 0.195666115 0.215051273 0.217968564 0.223575364 0.224586541 0.211669560 0.180583628 0.184775126 0.184034477 0.212031651 0.216308709 0.233924627 0.213229186 0.178753100 0.233592599 0.225317802 0.190739719 0.230729494 0.230894679 0.134100397 0.169699287 0.147020646 0.147643620 0.145876807 0.102090041 0.107597551 0.108247873 0.109823671 0.111289624 0.114268444 0.098127879 0.090306006 0.000000000 0.059218348 0.048041539 0.220010463 0.219771071 0.220862799 0.226808848 0.498837836 
8     0.253470721 0.253245591 0.270925854 0.202660611 0.201105684 0.231412915 0.231336356 0.212253739 0.220126736 0.213083776 0.231321837 0.207468325 0.226853483 0.229770774 0.235377573 0.236388751 0.223471770 0.192385838 0.196577336 0.195836687 0.223833861 0.228110919 0.245726837 0.225031395 0.190555310 0.245394809 0.237120012 0.202541398 0.242531173 0.242696358 0.145899019 0.181497909 0.158819268 0.159442242 0.157675429 0.113180938 0.118652278 0.119358444 0.120886417 0.122350557 0.125258533 0.109133618 0.101262328 0.059218348 0.000000000 0.060210654 0.231813074 0.231573683 0.232665411 0.238611460 0.510640310 
23     0.240230648 0.240005517 0.257685781 0.189420538 0.187865611 0.218172841 0.218096283 0.199013666 0.206886663 0.199843703 0.218081763 0.194228252 0.213613409 0.216530700 0.222137500 0.223148678 0.210231696 0.179145765 0.183337263 0.182596614 0.210593788 0.214870845 0.232486764 0.211791322 0.177315237 0.232154736 0.223879939 0.189301325 0.229291100 0.229456285 0.132661050 0.168259940 0.145581299 0.146204273 0.144437460 0.100763667 0.106252563 0.106865344 0.108553057 0.110017327 0.112922731 0.096640342 0.088807994 0.048041539 0.060210654 0.000000000 0.218573001 0.218333609 0.219425337 0.225371386 0.497400236 
33     0.262651736 0.262426605 0.280715245 0.209936759 0.208381082 0.238903507 0.238826949 0.219744332 0.227617329 0.220574369 0.238813274 0.214959762 0.234735356 0.237652647 0.243259446 0.244270624 0.231360100 0.199899622 0.204085156 0.203344507 0.231384523 0.235661581 0.253277221 0.232963549 0.198473942 0.253156927 0.244882130 0.209695538 0.249947916 0.250113101 0.187006026 0.222545344 0.200199584 0.200822042 0.199046426 0.222733516 0.227799559 0.229061654 0.230403945 0.231641888 0.234443090 0.218798568 0.210727142 0.220010463 0.231813074 0.218573001 0.000000000 0.018846035 0.058295660 0.109604684 0.520762397 
27     0.262412344 0.262187214 0.280475853 0.209697368 0.208141690 0.238664115 0.238587557 0.219504940 0.227377937 0.220334977 0.238573882 0.214720370 0.234495964 0.237413255 0.243020055 0.244031232 0.231120708 0.199660231 0.203845765 0.203105115 0.231145132 0.235422189 0.253037829 0.232724157 0.198234550 0.252917535 0.244642738 0.209456147 0.249708524 0.249873709 0.186766634 0.222305952 0.199960192 0.200582650 0.198807035 0.222494124 0.227560167 0.228822263 0.230164553 0.231402496 0.234203699 0.218559176 0.210487751 0.219771071 0.231573683 0.218333609 0.018846035 0.000000000 0.057352442 0.109469656 0.520523005 
18     0.263504072 0.263278942 0.281567581 0.210789096 0.209233418 0.239755843 0.239679285 0.220596668 0.228469665 0.221426705 0.239665610 0.215812098 0.235587692 0.238504983 0.244111783 0.245122960 0.232212436 0.200751959 0.204937493 0.204196843 0.232236860 0.236513917 0.254129557 0.233815885 0.199326278 0.254009263 0.245734466 0.210547875 0.250800252 0.250965437 0.187858362 0.223397680 0.201051920 0.201674378 0.199898763 0.223585852 0.228651895 0.229913991 0.231256281 0.232494224 0.235295427 0.219650904 0.211579479 0.220862799 0.232665411 0.219425337 0.058295660 0.057352442 0.000000000 0.111790027 0.521614733 
42     0.269484014 0.269258883 0.287547523 0.216758171 0.215202493 0.245724919 0.245648360 0.226565743 0.234438740 0.227395780 0.245634685 0.221781173 0.241561131 0.244478422 0.250085222 0.251096399 0.238185875 0.206719433 0.210910931 0.210170282 0.238210298 0.242487356 0.260102996 0.239789324 0.205299717 0.259982702 0.251707905 0.216530263 0.256782641 0.256947826 0.193807305 0.229346623 0.207000863 0.207623321 0.205847705 0.229531901 0.234597944 0.235860040 0.237202330 0.238440273 0.241241475 0.225596953 0.217525528 0.226808848 0.238611460 0.225371386 0.109604684 0.109469656 0.111790027 0.000000000 0.527594674 
0     0.503594239 0.503369108 0.520432203 0.480728673 0.479170698 0.510210713 0.510133332 0.490797812 0.498670809 0.491682901 0.509876554 0.486019784 0.505261624 0.508178915 0.513785715 0.514796892 0.501907719 0.469254261 0.473438825 0.472743541 0.501538644 0.505815701 0.523407100 0.502250600 0.467771064 0.522665838 0.514391041 0.485270716 0.525395642 0.525560827 0.464403396 0.499978367 0.477533976 0.478156434 0.476380818 0.501584485 0.506650528 0.507912624 0.509237839 0.510490370 0.513279333 0.497648934 0.488878185 0.498837836 0.510640310 0.497400236 0.520762397 0.520523005 0.521614733 0.527594674 0.000000000 
