51
3     0.000000000 0.000035830 0.000083200 0.000079670 0.000074660 0.000084310 0.000085220 0.000080440 0.000081840 0.000076770 0.000090540 0.000083840 0.000091950 0.000091440 0.000090130 0.000089890 0.000085990 0.000064060 0.000068170 0.000067690 0.000084310 0.000086300 0.000101730 0.000090380 0.000077280 0.000091260 0.000082310 0.000064020 0.000075360 0.000078710 0.000070970 0.000095070 0.000070320 0.000070060 0.000071050 0.000089230 0.000084170 0.000084490 0.000088090 0.000090500 0.000090680 0.000092250 0.000078440 0.000092710 0.000082290 0.000083180 0.000077990 0.000077740 0.000074840 0.000085210 0.000111650 
2     0.000035830 0.000000000 0.000080430 0.000076900 0.000071890 0.000081540 0.000082450 0.000077670 0.000079070 0.000074000 0.000087770 0.000081070 0.000089180 0.000088670 0.000087360 0.000087120 0.000083220 0.000061290 0.000065400 0.000064920 0.000081540 0.000083530 0.000098960 0.000087610 0.000074510 0.000088490 0.000079540 0.000061250 0.000072590 0.000075940 0.000068200 0.000092300 0.000067550 0.000067290 0.000068280 0.000086460 0.000081400 0.000081720 0.000085320 0.000087730 0.000087910 0.000089480 0.000075670 0.000089940 0.000079520 0.000080410 0.000075220 0.000074970 0.000072070 0.000082440 0.000108880 
1     0.000083200 0.000080430 0.000000000 0.000061290 0.000056280 0.000065930 0.000066840 0.000062060 0.000063460 0.000058390 0.000072160 0.000065460 0.000073570 0.000073060 0.000071750 0.000071510 0.000067610 0.000045680 0.000049790 0.000049310 0.000065930 0.000067920 0.000083350 0.000072000 0.000058900 0.000072880 0.000063930 0.000045640 0.000056980 0.000060330 0.000052190 0.000076290 0.000051540 0.000051280 0.000052270 0.000070450 0.000065390 0.000065710 0.000069310 0.000071720 0.000071900 0.000073470 0.000059660 0.000073930 0.000063510 0.000064400 0.000059210 0.000058960 0.000056060 0.000066430 0.000108850 
24     0.000079670 0.000076900 0.000061290 0.000000000 0.000008970 0.000037420 0.000038330 0.000033550 0.000034950 0.000029880 0.000039040 0.000036950 0.000061460 0.000060950 0.000059640 0.000059400 0.000055500 0.000033570 0.000037680 0.000037200 0.000053820 0.000055810 0.000071240 0.000056830 0.000043730 0.000057710 0.000048760 0.000031710 0.000043050 0.000046400 0.000049060 0.000073160 0.000048410 0.000048150 0.000049140 0.000067320 0.000062260 0.000062580 0.000066180 0.000068590 0.000068770 0.000070340 0.000056530 0.000070800 0.000060380 0.000061270 0.000056080 0.000055830 0.000052930 0.000063300 0.000105320 
37     0.000074660 0.000071890 0.000056280 0.000008970 0.000000000 0.000032410 0.000033320 0.000028540 0.000029940 0.000024870 0.000038640 0.000031940 0.000056450 0.000055940 0.000054630 0.000054390 0.000050490 0.000028560 0.000032670 0.000032190 0.000048810 0.000050800 0.000066230 0.000051820 0.000038720 0.000052700 0.000043750 0.000026700 0.000038040 0.000041390 0.000044050 0.000068150 0.000043400 0.000043140 0.000044130 0.000062310 0.000057250 0.000057570 0.000061170 0.000063580 0.000063760 0.000065330 0.000051520 0.000065790 0.000055370 0.000056260 0.000051070 0.000050820 0.000047920 0.000058290 0.000100310 
7     0.000084310 0.000081540 0.000065930 0.000037420 0.000032410 0.000000000 0.000017050 0.000019250 0.000020650 0.000015580 0.000045890 0.000039190 0.000066100 0.000065590 0.000064280 0.000064040 0.000060140 0.000038210 0.000042320 0.000041840 0.000058460 0.000060450 0.000075880 0.000061470 0.000048370 0.000062350 0.000053400 0.000036350 0.000047690 0.000051040 0.000053700 0.000077800 0.000053050 0.000052790 0.000053780 0.000071960 0.000066900 0.000067220 0.000070820 0.000073230 0.000073410 0.000074980 0.000061170 0.000075440 0.000065020 0.000065910 0.000060720 0.000060470 0.000057570 0.000067940 0.000109960 
30     0.000085220 0.000082450 0.000066840 0.000038330 0.000033320 0.000017050 0.000000000 0.000020160 0.000021560 0.000016490 0.000046800 0.000040100 0.000067010 0.000066500 0.000065190 0.000064950 0.000061050 0.000039120 0.000043230 0.000042750 0.000059370 0.000061360 0.000076790 0.000062380 0.000049280 0.000063260 0.000054310 0.000037260 0.000048600 0.000051950 0.000054610 0.000078710 0.000053960 0.000053700 0.000054690 0.000072870 0.000067810 0.000068130 0.000071730 0.000074140 0.000074320 0.000075890 0.000062080 0.000076350 0.000065930 0.000066820 0.000061630 0.000061380 0.000058480 0.000068850 0.000110870 
15     0.000080440 0.000077670 0.000062060 0.000033550 0.000028540 0.000019250 0.000020160 0.000000000 0.000013460 0.000008870 0.000042020 0.000035320 0.000062230 0.000061720 0.000060410 0.000060170 0.000056270 0.000034340 0.000038450 0.000037970 0.000054590 0.000056580 0.000072010 0.000057600 0.000044500 0.000058480 0.000049530 0.000032480 0.000043820 0.000047170 0.000049830 0.000073930 0.000049180 0.000048920 0.000049910 0.000068090 0.000063030 0.000063350 0.000066950 0.000069360 0.000069540 0.000071110 0.000057300 0.000071570 0.000061150 0.000062040 0.000056850 0.000056600 0.000053700 0.000064070 0.000106090 
47     0.000081840 0.000079070 0.000063460 0.000034950 0.000029940 0.000020650 0.000021560 0.000013460 0.000000000 0.000010270 0.000043420 0.000036720 0.000063630 0.000063120 0.000061810 0.000061570 0.000057670 0.000035740 0.000039850 0.000039370 0.000055990 0.000057980 0.000073410 0.000059000 0.000045900 0.000059880 0.000050930 0.000033880 0.000045220 0.000048570 0.000051230 0.000075330 0.000050580 0.000050320 0.000051310 0.000069490 0.000064430 0.000064750 0.000068350 0.000070760 0.000070940 0.000072510 0.000058700 0.000072970 0.000062550 0.000063440 0.000058250 0.000058000 0.000055100 0.000065470 0.000107490 
25     0.000076770 0.000074000 0.000058390 0.000029880 0.000024870 0.000015580 0.000016490 0.000008870 0.000010270 0.000000000 0.000038350 0.000031650 0.000058560 0.000058050 0.000056740 0.000056500 0.000052600 0.000030670 0.000034780 0.000034300 0.000050920 0.000052910 0.000068340 0.000053930 0.000040830 0.000054810 0.000045860 0.000028810 0.000040150 0.000043500 0.000046160 0.000070260 0.000045510 0.000045250 0.000046240 0.000064420 0.000059360 0.000059680 0.000063280 0.000065690 0.000065870 0.000067440 0.000053630 0.000067900 0.000057480 0.000058370 0.000053180 0.000052930 0.000050030 0.000060400 0.000102420 
11     0.000090540 0.000087770 0.000072160 0.000039040 0.000038640 0.000045890 0.000046800 0.000042020 0.000043420 0.000038350 0.000000000 0.000024320 0.000072330 0.000071820 0.000070510 0.000070270 0.000066370 0.000044440 0.000048550 0.000048070 0.000064690 0.000066680 0.000082110 0.000067700 0.000054600 0.000068580 0.000059630 0.000042580 0.000053920 0.000057270 0.000059930 0.000084030 0.000059280 0.000059020 0.000060010 0.000078190 0.000073130 0.000073450 0.000077050 0.000079460 0.000079640 0.000081210 0.000067400 0.000081670 0.000071250 0.000072140 0.000066950 0.000066700 0.000063800 0.000074170 0.000116190 
45     0.000083840 0.000081070 0.000065460 0.000036950 0.000031940 0.000039190 0.000040100 0.000035320 0.000036720 0.000031650 0.000024320 0.000000000 0.000065630 0.000065120 0.000063810 0.000063570 0.000059670 0.000037740 0.000041850 0.000041370 0.000057990 0.000059980 0.000075410 0.000061000 0.000047900 0.000061880 0.000052930 0.000035880 0.000047220 0.000050570 0.000053230 0.000077330 0.000052580 0.000052320 0.000053310 0.000071490 0.000066430 0.000066750 0.000070350 0.000072760 0.000072940 0.000074510 0.000060700 0.000074970 0.000064550 0.000065440 0.000060250 0.000060000 0.000057100 0.000067470 0.000109490 
29     0.000091950 0.000089180 0.000073570 0.000061460 0.000056450 0.000066100 0.000067010 0.000062230 0.000063630 0.000058560 0.000072330 0.000065630 0.000000000 0.000007110 0.000012360 0.000012120 0.000010320 0.000040610 0.000044720 0.000044240 0.000060860 0.000062850 0.000078280 0.000065960 0.000053760 0.000073050 0.000064100 0.000045810 0.000057150 0.000060500 0.000061340 0.000085440 0.000060690 0.000060430 0.000061420 0.000079600 0.000074540 0.000074860 0.000078460 0.000080870 0.000081050 0.000082620 0.000068810 0.000082180 0.000072660 0.000073550 0.000068360 0.000068110 0.000065210 0.000075580 0.000117600 
49     0.000091440 0.000088670 0.000073060 0.000060950 0.000055940 0.000065590 0.000066500 0.000061720 0.000063120 0.000058050 0.000071820 0.000065120 0.000007110 0.000000000 0.000011850 0.000011610 0.000009810 0.000040100 0.000044210 0.000043730 0.000060350 0.000062340 0.000077770 0.000069330 0.000057130 0.000072540 0.000063590 0.000045300 0.000056640 0.000059990 0.000060830 0.000084930 0.000060180 0.000059920 0.000060910 0.000079090 0.000074030 0.000074350 0.000077950 0.000080360 0.000080540 0.000082110 0.000068300 0.000082570 0.000072150 0.000073040 0.000067850 0.000067600 0.000064700 0.000075070 0.000117090 
48     0.000090130 0.000087360 0.000071750 0.000059640 0.000054630 0.000064280 0.000065190 0.000060410 0.000061810 0.000056740 0.000070510 0.000063810 0.000012360 0.000011850 0.000000000 0.000001120 0.000008500 0.000038790 0.000042900 0.000042420 0.000059040 0.000061030 0.000076460 0.000070350 0.000057250 0.000071230 0.000062280 0.000043990 0.000055330 0.000058680 0.000059520 0.000083620 0.000058870 0.000058610 0.000059600 0.000077780 0.000072720 0.000073040 0.000076640 0.000079050 0.000079230 0.000080800 0.000066990 0.000081260 0.000070840 0.000071730 0.000066540 0.000066290 0.000063390 0.000073760 0.000115780 
38     0.000089890 0.000087120 0.000071510 0.000059400 0.000054390 0.000064040 0.000064950 0.000060170 0.000061570 0.000056500 0.000070270 0.000063570 0.000012120 0.000011610 0.000001120 0.000000000 0.000008260 0.000038550 0.000042660 0.000042180 0.000058800 0.000060790 0.000076220 0.000070110 0.000057010 0.000070990 0.000062040 0.000043750 0.000055090 0.000058440 0.000059280 0.000083380 0.000058630 0.000058370 0.000059360 0.000077540 0.000072480 0.000072800 0.000076400 0.000078810 0.000078990 0.000080560 0.000066750 0.000081020 0.000070600 0.000071490 0.000066300 0.000066050 0.000063150 0.000073520 0.000115540 
41     0.000085990 0.000083220 0.000067610 0.000055500 0.000050490 0.000060140 0.000061050 0.000056270 0.000057670 0.000052600 0.000066370 0.000059670 0.000010320 0.000009810 0.000008500 0.000008260 0.000000000 0.000034650 0.000038760 0.000038280 0.000054900 0.000056890 0.000072320 0.000066210 0.000053110 0.000067090 0.000058140 0.000039850 0.000051190 0.000054540 0.000055380 0.000079480 0.000054730 0.000054470 0.000055460 0.000073640 0.000068580 0.000068900 0.000072500 0.000074910 0.000075090 0.000076660 0.000062850 0.000077120 0.000066700 0.000067590 0.000062400 0.000062150 0.000059250 0.000069620 0.000111640 
44     0.000064060 0.000061290 0.000045680 0.000033570 0.000028560 0.000038210 0.000039120 0.000034340 0.000035740 0.000030670 0.000044440 0.000037740 0.000040610 0.000040100 0.000038790 0.000038550 0.000034650 0.000000000 0.000006750 0.000006270 0.000027870 0.000029860 0.000045290 0.000044280 0.000031180 0.000045160 0.000036210 0.000017920 0.000029260 0.000032610 0.000033450 0.000057550 0.000032800 0.000032540 0.000033530 0.000051710 0.000046650 0.000046970 0.000050570 0.000052980 0.000053160 0.000054730 0.000040920 0.000055190 0.000044770 0.000045660 0.000040470 0.000040220 0.000037320 0.000047690 0.000089710 
4     0.000068170 0.000065400 0.000049790 0.000037680 0.000032670 0.000042320 0.000043230 0.000038450 0.000039850 0.000034780 0.000048550 0.000041850 0.000044720 0.000044210 0.000042900 0.000042660 0.000038760 0.000006750 0.000000000 0.000000180 0.000031980 0.000033970 0.000049400 0.000048390 0.000035290 0.000049270 0.000040320 0.000022030 0.000033370 0.000036720 0.000037560 0.000061660 0.000036910 0.000036650 0.000037640 0.000055820 0.000050760 0.000051080 0.000054680 0.000057090 0.000057270 0.000058840 0.000045030 0.000059300 0.000048880 0.000049770 0.000044580 0.000044330 0.000041430 0.000051800 0.000093820 
14     0.000067690 0.000064920 0.000049310 0.000037200 0.000032190 0.000041840 0.000042750 0.000037970 0.000039370 0.000034300 0.000048070 0.000041370 0.000044240 0.000043730 0.000042420 0.000042180 0.000038280 0.000006270 0.000000180 0.000000000 0.000031500 0.000033490 0.000048920 0.000047910 0.000034810 0.000048790 0.000039840 0.000021550 0.000032890 0.000036240 0.000037080 0.000061180 0.000036430 0.000036170 0.000037160 0.000055340 0.000050280 0.000050600 0.000054200 0.000056610 0.000056790 0.000058360 0.000044550 0.000058820 0.000048400 0.000049290 0.000044100 0.000043850 0.000040950 0.000051320 0.000093340 
19     0.000084310 0.000081540 0.000065930 0.000053820 0.000048810 0.000058460 0.000059370 0.000054590 0.000055990 0.000050920 0.000064690 0.000057990 0.000060860 0.000060350 0.000059040 0.000058800 0.000054900 0.000027870 0.000031980 0.000031500 0.000000000 0.000007230 0.000029500 0.000064530 0.000051430 0.000065410 0.000056460 0.000038170 0.000049510 0.000052860 0.000053700 0.000077800 0.000053050 0.000052790 0.000053780 0.000071960 0.000066900 0.000067220 0.000070820 0.000073230 0.000073410 0.000074980 0.000061170 0.000075440 0.000065020 0.000065910 0.000060720 0.000060470 0.000057570 0.000067940 0.000109960 
10     0.000086300 0.000083530 0.000067920 0.000055810 0.000050800 0.000060450 0.000061360 0.000056580 0.000057980 0.000052910 0.000066680 0.000059980 0.000062850 0.000062340 0.000061030 0.000060790 0.000056890 0.000029860 0.000033970 0.000033490 0.000007230 0.000000000 0.000060490 0.000066520 0.000053420 0.000067400 0.000058450 0.000040160 0.000051500 0.000054850 0.000055690 0.000079790 0.000055040 0.000054780 0.000055770 0.000073950 0.000068890 0.000069210 0.000072810 0.000075220 0.000075400 0.000076970 0.000063160 0.000077430 0.000067010 0.000067900 0.000062710 0.000062460 0.000059560 0.000069930 0.000111950 
39     0.000101730 0.000098960 0.000083350 0.000071240 0.000066230 0.000075880 0.000076790 0.000072010 0.000073410 0.000068340 0.000082110 0.000075410 0.000078280 0.000077770 0.000076460 0.000076220 0.000072320 0.000045290 0.000049400 0.000048920 0.000029500 0.000060490 0.000000000 0.000081160 0.000068850 0.000082830 0.000073880 0.000055590 0.000066930 0.000070280 0.000071120 0.000095220 0.000070470 0.000070210 0.000071200 0.000089380 0.000084320 0.000084640 0.000088240 0.000090650 0.000090830 0.000092400 0.000078590 0.000092860 0.000082440 0.000083330 0.000078140 0.000077890 0.000074990 0.000085360 0.000127380 
13     0.000090380 0.000087610 0.000072000 0.000056830 0.000051820 0.000061470 0.000062380 0.000057600 0.000059000 0.000053930 0.000067700 0.000061000 0.000065960 0.000069330 0.000070350 0.000070110 0.000066210 0.000044280 0.000048390 0.000047910 0.000064530 0.000066520 0.000081160 0.000000000 0.000025180 0.000048120 0.000039170 0.000042420 0.000053760 0.000057110 0.000059770 0.000083870 0.000059120 0.000058860 0.000059850 0.000078030 0.000072970 0.000073290 0.000076890 0.000079300 0.000079480 0.000081050 0.000067240 0.000081510 0.000071090 0.000071980 0.000066790 0.000066540 0.000063640 0.000074010 0.000116030 
50     0.000077280 0.000074510 0.000058900 0.000043730 0.000038720 0.000048370 0.000049280 0.000044500 0.000045900 0.000040830 0.000054600 0.000047900 0.000053760 0.000057130 0.000057250 0.000057010 0.000053110 0.000031180 0.000035290 0.000034810 0.000051430 0.000053420 0.000068850 0.000025180 0.000000000 0.000035020 0.000026070 0.000029320 0.000040660 0.000044010 0.000046670 0.000070770 0.000046020 0.000045760 0.000046750 0.000064930 0.000059870 0.000060190 0.000063790 0.000066200 0.000066380 0.000067950 0.000054140 0.000068410 0.000057990 0.000058880 0.000053690 0.000053440 0.000050540 0.000060910 0.000102930 
5     0.000091260 0.000088490 0.000072880 0.000057710 0.000052700 0.000062350 0.000063260 0.000058480 0.000059880 0.000054810 0.000068580 0.000061880 0.000073050 0.000072540 0.000071230 0.000070990 0.000067090 0.000045160 0.000049270 0.000048790 0.000065410 0.000067400 0.000082830 0.000048120 0.000035020 0.000000000 0.000013350 0.000043300 0.000054640 0.000057990 0.000060650 0.000084750 0.000060000 0.000059740 0.000060730 0.000078910 0.000073850 0.000074170 0.000077770 0.000080180 0.000080360 0.000081930 0.000068120 0.000082390 0.000071970 0.000072860 0.000067670 0.000067420 0.000064520 0.000074890 0.000116910 
17     0.000082310 0.000079540 0.000063930 0.000048760 0.000043750 0.000053400 0.000054310 0.000049530 0.000050930 0.000045860 0.000059630 0.000052930 0.000064100 0.000063590 0.000062280 0.000062040 0.000058140 0.000036210 0.000040320 0.000039840 0.000056460 0.000058450 0.000073880 0.000039170 0.000026070 0.000013350 0.000000000 0.000034350 0.000045690 0.000049040 0.000051700 0.000075800 0.000051050 0.000050790 0.000051780 0.000069960 0.000064900 0.000065220 0.000068820 0.000071230 0.000071410 0.000072980 0.000059170 0.000073440 0.000063020 0.000063910 0.000058720 0.000058470 0.000055570 0.000065940 0.000107960 
46     0.000064020 0.000061250 0.000045640 0.000031710 0.000026700 0.000036350 0.000037260 0.000032480 0.000033880 0.000028810 0.000042580 0.000035880 0.000045810 0.000045300 0.000043990 0.000043750 0.000039850 0.000017920 0.000022030 0.000021550 0.000038170 0.000040160 0.000055590 0.000042420 0.000029320 0.000043300 0.000034350 0.000000000 0.000015040 0.000018390 0.000033410 0.000055920 0.000032760 0.000032500 0.000033490 0.000051670 0.000046610 0.000046930 0.000050530 0.000052940 0.000053120 0.000054690 0.000040880 0.000055150 0.000044730 0.000045620 0.000040430 0.000040180 0.000037280 0.000047650 0.000089670 
12     0.000075360 0.000072590 0.000056980 0.000043050 0.000038040 0.000047690 0.000048600 0.000043820 0.000045220 0.000040150 0.000053920 0.000047220 0.000057150 0.000056640 0.000055330 0.000055090 0.000051190 0.000029260 0.000033370 0.000032890 0.000049510 0.000051500 0.000066930 0.000053760 0.000040660 0.000054640 0.000045690 0.000015040 0.000000000 0.000007840 0.000044750 0.000068850 0.000044100 0.000043840 0.000044830 0.000063010 0.000057950 0.000058270 0.000061870 0.000064280 0.000064460 0.000066030 0.000052220 0.000066490 0.000056070 0.000056960 0.000051770 0.000051520 0.000048620 0.000058990 0.000101010 
32     0.000078710 0.000075940 0.000060330 0.000046400 0.000041390 0.000051040 0.000051950 0.000047170 0.000048570 0.000043500 0.000057270 0.000050570 0.000060500 0.000059990 0.000058680 0.000058440 0.000054540 0.000032610 0.000036720 0.000036240 0.000052860 0.000054850 0.000070280 0.000057110 0.000044010 0.000057990 0.000049040 0.000018390 0.000007840 0.000000000 0.000048100 0.000072200 0.000047450 0.000047190 0.000048180 0.000066360 0.000061300 0.000061620 0.000065220 0.000067630 0.000067810 0.000069380 0.000055570 0.000069840 0.000059420 0.000060310 0.000055120 0.000054870 0.000051970 0.000062340 0.000104360 
22     0.000070970 0.000068200 0.000052190 0.000049060 0.000044050 0.000053700 0.000054610 0.000049830 0.000051230 0.000046160 0.000059930 0.000053230 0.000061340 0.000060830 0.000059520 0.000059280 0.000055380 0.000033450 0.000037560 0.000037080 0.000053700 0.000055690 0.000071120 0.000059770 0.000046670 0.000060650 0.000051700 0.000033410 0.000044750 0.000048100 0.000000000 0.000039700 0.000014950 0.000014690 0.000015680 0.000033860 0.000028800 0.000029120 0.000032720 0.000035130 0.000035310 0.000036880 0.000023070 0.000037340 0.000026920 0.000027810 0.000041840 0.000041590 0.000038690 0.000049060 0.000096620 
16     0.000095070 0.000092300 0.000076290 0.000073160 0.000068150 0.000077800 0.000078710 0.000073930 0.000075330 0.000070260 0.000084030 0.000077330 0.000085440 0.000084930 0.000083620 0.000083380 0.000079480 0.000057550 0.000061660 0.000061180 0.000077800 0.000079790 0.000095220 0.000083870 0.000070770 0.000084750 0.000075800 0.000055920 0.000068850 0.000072200 0.000039700 0.000000000 0.000026250 0.000018300 0.000017800 0.000057340 0.000052280 0.000052600 0.000056200 0.000058610 0.000058790 0.000060360 0.000046550 0.000060820 0.000050400 0.000051290 0.000065940 0.000065690 0.000062790 0.000073160 0.000120720 
31     0.000070320 0.000067550 0.000051540 0.000048410 0.000043400 0.000053050 0.000053960 0.000049180 0.000050580 0.000045510 0.000059280 0.000052580 0.000060690 0.000060180 0.000058870 0.000058630 0.000054730 0.000032800 0.000036910 0.000036430 0.000053050 0.000055040 0.000070470 0.000059120 0.000046020 0.000060000 0.000051050 0.000032760 0.000044100 0.000047450 0.000014950 0.000026250 0.000000000 0.000008330 0.000003200 0.000032590 0.000027530 0.000027850 0.000031450 0.000033860 0.000034040 0.000035610 0.000021800 0.000036070 0.000025650 0.000026540 0.000041190 0.000040940 0.000038040 0.000048410 0.000095970 
34     0.000070060 0.000067290 0.000051280 0.000048150 0.000043140 0.000052790 0.000053700 0.000048920 0.000050320 0.000045250 0.000059020 0.000052320 0.000060430 0.000059920 0.000058610 0.000058370 0.000054470 0.000032540 0.000036650 0.000036170 0.000052790 0.000054780 0.000070210 0.000058860 0.000045760 0.000059740 0.000050790 0.000032500 0.000043840 0.000047190 0.000014690 0.000018300 0.000008330 0.000000000 0.000001350 0.000032330 0.000027270 0.000027590 0.000031190 0.000033600 0.000033780 0.000035350 0.000021540 0.000035810 0.000025390 0.000026280 0.000040930 0.000040680 0.000037780 0.000048150 0.000095710 
6     0.000071050 0.000068280 0.000052270 0.000049140 0.000044130 0.000053780 0.000054690 0.000049910 0.000051310 0.000046240 0.000060010 0.000053310 0.000061420 0.000060910 0.000059600 0.000059360 0.000055460 0.000033530 0.000037640 0.000037160 0.000053780 0.000055770 0.000071200 0.000059850 0.000046750 0.000060730 0.000051780 0.000033490 0.000044830 0.000048180 0.000015680 0.000017800 0.000003200 0.000001350 0.000000000 0.000033320 0.000028260 0.000028580 0.000032180 0.000034590 0.000034770 0.000036340 0.000022530 0.000036800 0.000026380 0.000027270 0.000041920 0.000041670 0.000038770 0.000049140 0.000096700 
36     0.000089230 0.000086460 0.000070450 0.000067320 0.000062310 0.000071960 0.000072870 0.000068090 0.000069490 0.000064420 0.000078190 0.000071490 0.000079600 0.000079090 0.000077780 0.000077540 0.000073640 0.000051710 0.000055820 0.000055340 0.000071960 0.000073950 0.000089380 0.000078030 0.000064930 0.000078910 0.000069960 0.000051670 0.000063010 0.000066360 0.000033860 0.000057340 0.000032590 0.000032330 0.000033320 0.000000000 0.000007580 0.000021560 0.000012960 0.000015370 0.000015550 0.000034640 0.000020830 0.000031900 0.000021480 0.000022370 0.000060100 0.000059850 0.000056950 0.000067320 0.000114880 
9     0.000084170 0.000081400 0.000065390 0.000062260 0.000057250 0.000066900 0.000067810 0.000063030 0.000064430 0.000059360 0.000073130 0.000066430 0.000074540 0.000074030 0.000072720 0.000072480 0.000068580 0.000046650 0.000050760 0.000050280 0.000066900 0.000068890 0.000084320 0.000072970 0.000059870 0.000073850 0.000064900 0.000046610 0.000057950 0.000061300 0.000028800 0.000052280 0.000027530 0.000027270 0.000028260 0.000007580 0.000000000 0.000016500 0.000007900 0.000010310 0.000010490 0.000029580 0.000015770 0.000026840 0.000016420 0.000017310 0.000055040 0.000054790 0.000051890 0.000062260 0.000109820 
20     0.000084490 0.000081720 0.000065710 0.000062580 0.000057570 0.000067220 0.000068130 0.000063350 0.000064750 0.000059680 0.000073450 0.000066750 0.000074860 0.000074350 0.000073040 0.000072800 0.000068900 0.000046970 0.000051080 0.000050600 0.000067220 0.000069210 0.000084640 0.000073290 0.000060190 0.000074170 0.000065220 0.000046930 0.000058270 0.000061620 0.000029120 0.000052600 0.000027850 0.000027590 0.000028580 0.000021560 0.000016500 0.000000000 0.000020420 0.000022830 0.000023010 0.000029900 0.000016090 0.000027160 0.000016740 0.000017630 0.000055360 0.000055110 0.000052210 0.000062580 0.000110140 
35     0.000088090 0.000085320 0.000069310 0.000066180 0.000061170 0.000070820 0.000071730 0.000066950 0.000068350 0.000063280 0.000077050 0.000070350 0.000078460 0.000077950 0.000076640 0.000076400 0.000072500 0.000050570 0.000054680 0.000054200 0.000070820 0.000072810 0.000088240 0.000076890 0.000063790 0.000077770 0.000068820 0.000050530 0.000061870 0.000065220 0.000032720 0.000056200 0.000031450 0.000031190 0.000032180 0.000012960 0.000007900 0.000020420 0.000000000 0.000006400 0.000009170 0.000033500 0.000019690 0.000030760 0.000020340 0.000021230 0.000058960 0.000058710 0.000055810 0.000066180 0.000113740 
21     0.000090500 0.000087730 0.000071720 0.000068590 0.000063580 0.000073230 0.000074140 0.000069360 0.000070760 0.000065690 0.000079460 0.000072760 0.000080870 0.000080360 0.000079050 0.000078810 0.000074910 0.000052980 0.000057090 0.000056610 0.000073230 0.000075220 0.000090650 0.000079300 0.000066200 0.000080180 0.000071230 0.000052940 0.000064280 0.000067630 0.000035130 0.000058610 0.000033860 0.000033600 0.000034590 0.000015370 0.000010310 0.000022830 0.000006400 0.000000000 0.000011640 0.000035910 0.000022100 0.000033170 0.000022750 0.000023640 0.000061370 0.000061120 0.000058220 0.000068590 0.000116150 
40     0.000090680 0.000087910 0.000071900 0.000068770 0.000063760 0.000073410 0.000074320 0.000069540 0.000070940 0.000065870 0.000079640 0.000072940 0.000081050 0.000080540 0.000079230 0.000078990 0.000075090 0.000053160 0.000057270 0.000056790 0.000073410 0.000075400 0.000090830 0.000079480 0.000066380 0.000080360 0.000071410 0.000053120 0.000064460 0.000067810 0.000035310 0.000058790 0.000034040 0.000033780 0.000034770 0.000015550 0.000010490 0.000023010 0.000009170 0.000011640 0.000000000 0.000036090 0.000022280 0.000033350 0.000022930 0.000023820 0.000061550 0.000061300 0.000058400 0.000068770 0.000116330 
43     0.000092250 0.000089480 0.000073470 0.000070340 0.000065330 0.000074980 0.000075890 0.000071110 0.000072510 0.000067440 0.000081210 0.000074510 0.000082620 0.000082110 0.000080800 0.000080560 0.000076660 0.000054730 0.000058840 0.000058360 0.000074980 0.000076970 0.000092400 0.000081050 0.000067950 0.000081930 0.000072980 0.000054690 0.000066030 0.000069380 0.000036880 0.000060360 0.000035610 0.000035350 0.000036340 0.000034640 0.000029580 0.000029900 0.000033500 0.000035910 0.000036090 0.000000000 0.000000110 0.000033890 0.000027700 0.000028590 0.000063120 0.000062870 0.000059970 0.000070340 0.000117900 
26     0.000078440 0.000075670 0.000059660 0.000056530 0.000051520 0.000061170 0.000062080 0.000057300 0.000058700 0.000053630 0.000067400 0.000060700 0.000068810 0.000068300 0.000066990 0.000066750 0.000062850 0.000040920 0.000045030 0.000044550 0.000061170 0.000063160 0.000078590 0.000067240 0.000054140 0.000068120 0.000059170 0.000040880 0.000052220 0.000055570 0.000023070 0.000046550 0.000021800 0.000021540 0.000022530 0.000020830 0.000015770 0.000016090 0.000019690 0.000022100 0.000022280 0.000000110 0.000000000 0.000024310 0.000013890 0.000014780 0.000049310 0.000049060 0.000046160 0.000056530 0.000104090 
28     0.000092710 0.000089940 0.000073930 0.000070800 0.000065790 0.000075440 0.000076350 0.000071570 0.000072970 0.000067900 0.000081670 0.000074970 0.000082180 0.000082570 0.000081260 0.000081020 0.000077120 0.000055190 0.000059300 0.000058820 0.000075440 0.000077430 0.000092860 0.000081510 0.000068410 0.000082390 0.000073440 0.000055150 0.000066490 0.000069840 0.000037340 0.000060820 0.000036070 0.000035810 0.000036800 0.000031900 0.000026840 0.000027160 0.000030760 0.000033170 0.000033350 0.000033890 0.000024310 0.000000000 0.000023960 0.000014170 0.000063580 0.000063330 0.000060430 0.000070800 0.000118360 
8     0.000082290 0.000079520 0.000063510 0.000060380 0.000055370 0.000065020 0.000065930 0.000061150 0.000062550 0.000057480 0.000071250 0.000064550 0.000072660 0.000072150 0.000070840 0.000070600 0.000066700 0.000044770 0.000048880 0.000048400 0.000065020 0.000067010 0.000082440 0.000071090 0.000057990 0.000071970 0.000063020 0.000044730 0.000056070 0.000059420 0.000026920 0.000050400 0.000025650 0.000025390 0.000026380 0.000021480 0.000016420 0.000016740 0.000020340 0.000022750 0.000022930 0.000027700 0.000013890 0.000023960 0.000000000 0.000012030 0.000053160 0.000052910 0.000050010 0.000060380 0.000107940 
23     0.000083180 0.000080410 0.000064400 0.000061270 0.000056260 0.000065910 0.000066820 0.000062040 0.000063440 0.000058370 0.000072140 0.000065440 0.000073550 0.000073040 0.000071730 0.000071490 0.000067590 0.000045660 0.000049770 0.000049290 0.000065910 0.000067900 0.000083330 0.000071980 0.000058880 0.000072860 0.000063910 0.000045620 0.000056960 0.000060310 0.000027810 0.000051290 0.000026540 0.000026280 0.000027270 0.000022370 0.000017310 0.000017630 0.000021230 0.000023640 0.000023820 0.000028590 0.000014780 0.000014170 0.000012030 0.000000000 0.000054050 0.000053800 0.000050900 0.000061270 0.000108830 
33     0.000077990 0.000075220 0.000059210 0.000056080 0.000051070 0.000060720 0.000061630 0.000056850 0.000058250 0.000053180 0.000066950 0.000060250 0.000068360 0.000067850 0.000066540 0.000066300 0.000062400 0.000040470 0.000044580 0.000044100 0.000060720 0.000062710 0.000078140 0.000066790 0.000053690 0.000067670 0.000058720 0.000040430 0.000051770 0.000055120 0.000041840 0.000065940 0.000041190 0.000040930 0.000041920 0.000060100 0.000055040 0.000055360 0.000058960 0.000061370 0.000061550 0.000063120 0.000049310 0.000063580 0.000053160 0.000054050 0.000000000 0.000000990 0.000006230 0.000021300 0.000103640 
27     0.000077740 0.000074970 0.000058960 0.000055830 0.000050820 0.000060470 0.000061380 0.000056600 0.000058000 0.000052930 0.000066700 0.000060000 0.000068110 0.000067600 0.000066290 0.000066050 0.000062150 0.000040220 0.000044330 0.000043850 0.000060470 0.000062460 0.000077890 0.000066540 0.000053440 0.000067420 0.000058470 0.000040180 0.000051520 0.000054870 0.000041590 0.000065690 0.000040940 0.000040680 0.000041670 0.000059850 0.000054790 0.000055110 0.000058710 0.000061120 0.000061300 0.000062870 0.000049060 0.000063330 0.000052910 0.000053800 0.000000990 0.000000000 0.000005980 0.000021050 0.000103390 
18     0.000074840 0.000072070 0.000056060 0.000052930 0.000047920 0.000057570 0.000058480 0.000053700 0.000055100 0.000050030 0.000063800 0.000057100 0.000065210 0.000064700 0.000063390 0.000063150 0.000059250 0.000037320 0.000041430 0.000040950 0.000057570 0.000059560 0.000074990 0.000063640 0.000050540 0.000064520 0.000055570 0.000037280 0.000048620 0.000051970 0.000038690 0.000062790 0.000038040 0.000037780 0.000038770 0.000056950 0.000051890 0.000052210 0.000055810 0.000058220 0.000058400 0.000059970 0.000046160 0.000060430 0.000050010 0.000050900 0.000006230 0.000005980 0.000000000 0.000018150 0.000100490 
42     0.000085210 0.000082440 0.000066430 0.000063300 0.000058290 0.000067940 0.000068850 0.000064070 0.000065470 0.000060400 0.000074170 0.000067470 0.000075580 0.000075070 0.000073760 0.000073520 0.000069620 0.000047690 0.000051800 0.000051320 0.000067940 0.000069930 0.000085360 0.000074010 0.000060910 0.000074890 0.000065940 0.000047650 0.000058990 0.000062340 0.000049060 0.000073160 0.000048410 0.000048150 0.000049140 0.000067320 0.000062260 0.000062580 0.000066180 0.000068590 0.000068770 0.000070340 0.000056530 0.000070800 0.000060380 0.000061270 0.000021300 0.000021050 0.000018150 0.000000000 0.000110860 
0     0.000111650 0.000108880 0.000108850 0.000105320 0.000100310 0.000109960 0.000110870 0.000106090 0.000107490 0.000102420 0.000116190 0.000109490 0.000117600 0.000117090 0.000115780 0.000115540 0.000111640 0.000089710 0.000093820 0.000093340 0.000109960 0.000111950 0.000127380 0.000116030 0.000102930 0.000116910 0.000107960 0.000089670 0.000101010 0.000104360 0.000096620 0.000120720 0.000095970 0.000095710 0.000096700 0.000114880 0.000109820 0.000110140 0.000113740 0.000116150 0.000116330 0.000117900 0.000104090 0.000118360 0.000107940 0.000108830 0.000103640 0.000103390 0.000100490 0.000110860 0.000000000 
