51
4     0.000000000 0.230961778 0.173738938 0.173349588 0.224882094 0.790594790 0.454027782 0.488961724 0.454147595 0.433319447 0.421805937 0.478700287 0.476272710 0.532298787 0.400716505 0.414869518 0.365205361 0.442209261 0.441554403 0.454976586 0.456697072 0.440336155 0.392330466 0.493470394 0.401941564 0.407728154 0.418894074 0.393298826 0.404126023 0.493901223 0.398272299 0.556601774 0.546517228 0.556555758 0.569603889 0.414422879 0.446666554 0.431039954 0.419444306 0.426249852 0.435449882 0.604453698 0.370291937 0.409327714 0.479372129 0.370634012 0.594679731 0.495423594 0.525742690 0.564996326 0.781395787 
1     0.230961778 0.000000000 0.167396139 0.166786733 0.218576066 0.786571368 0.449650954 0.484573078 0.449747549 0.428649471 0.417369079 0.474158036 0.471730459 0.527889530 0.397466986 0.411449764 0.361672390 0.438536232 0.437881374 0.451303557 0.453024043 0.436663126 0.388673088 0.489813016 0.398268535 0.404055125 0.415221045 0.389625797 0.400452994 0.490216161 0.394539860 0.552854592 0.542770045 0.552808575 0.565856707 0.410629465 0.442862821 0.427236220 0.415640572 0.423021007 0.431477506 0.600643891 0.366493771 0.405529316 0.475573963 0.366835846 0.590892831 0.491636694 0.521955790 0.561209426 0.778547936 
2     0.173738938 0.167396139 0.000000000 0.039214393 0.143212546 0.728975103 0.392473967 0.427393424 0.392585405 0.371725840 0.360223751 0.417112550 0.414684973 0.470736596 0.339509710 0.353486231 0.303816287 0.380664310 0.380009453 0.393240338 0.394960824 0.378604152 0.330598463 0.431738391 0.340158613 0.345920802 0.357086721 0.331472231 0.342299428 0.432347003 0.336718015 0.495047555 0.484963008 0.495001538 0.507969714 0.352644703 0.384861035 0.369234435 0.357638787 0.365047696 0.373611578 0.542612495 0.308218213 0.347254106 0.417279745 0.308516851 0.532794769 0.433538633 0.463857728 0.503111365 0.720540604 
5     0.173349588 0.166786733 0.039214393 0.000000000 0.142528951 0.728075126 0.391620306 0.426349334 0.391508027 0.370651767 0.359206780 0.416049042 0.413621465 0.469703669 0.338800640 0.352861499 0.303191555 0.379909367 0.379254509 0.392672448 0.394392934 0.378036261 0.330030572 0.431170501 0.339641670 0.345428261 0.356594180 0.330998933 0.341826129 0.431583863 0.335954875 0.494284415 0.484199868 0.494238398 0.507206574 0.351850732 0.384067064 0.368440464 0.356844816 0.364253725 0.372817607 0.541818524 0.307463330 0.346499223 0.416524862 0.307761968 0.532039826 0.432783689 0.463102785 0.502356421 0.719862957 
3     0.224882094 0.218576066 0.143212546 0.142528951 0.000000000 0.779690474 0.443091206 0.478010664 0.443202645 0.422357379 0.410852618 0.467669828 0.465242251 0.521353050 0.390524078 0.404594379 0.354924435 0.431684486 0.431029628 0.444444070 0.446164555 0.429811380 0.381805691 0.482945619 0.391416789 0.397203379 0.408369298 0.382774051 0.393601248 0.483413561 0.387776742 0.545981270 0.535896723 0.545935253 0.558833022 0.402613499 0.434700237 0.419182131 0.407586589 0.415951595 0.424515477 0.593496906 0.359241231 0.398277124 0.468321424 0.359583307 0.583213861 0.484381343 0.514224515 0.553379156 0.771569755 
48     0.790594790 0.786571368 0.728975103 0.728075126 0.779690474 0.000000000 0.776397477 0.811168786 0.775771568 0.752018681 0.745489474 0.801580444 0.799167990 0.855020701 0.814854913 0.829232044 0.780571779 0.856204174 0.855549316 0.869432742 0.871153228 0.854719323 0.806044908 0.907350456 0.816158444 0.821733124 0.833382899 0.807515706 0.818342903 0.902128672 0.804884940 0.965367589 0.954300577 0.964339107 0.977561287 0.828288825 0.860101658 0.845080927 0.833603361 0.841457743 0.849232170 1.017648299 0.785973450 0.823840093 0.894628707 0.786301285 1.010493335 0.911248161 0.940671824 0.980694190 1.205817834 
39     0.454027782 0.449650954 0.392473967 0.391620306 0.443091206 0.776397477 0.000000000 0.193232886 0.172065080 0.149723713 0.148222735 0.206949641 0.204341219 0.256725458 0.475372232 0.490404854 0.441677832 0.514197705 0.513542847 0.530594246 0.532314732 0.515895679 0.466950163 0.568270017 0.477097805 0.482895844 0.494322260 0.468455068 0.479282264 0.564045852 0.468287682 0.625438458 0.614662521 0.624701051 0.638356442 0.488403966 0.520864096 0.505248735 0.493771169 0.503978398 0.511752825 0.679642738 0.447264857 0.486227554 0.556291666 0.448116926 0.673125405 0.574101791 0.604424105 0.643401478 0.864457462 
19     0.488961724 0.484573078 0.427393424 0.426349334 0.478010664 0.811168786 0.193232886 0.000000000 0.207554219 0.186545220 0.183876496 0.242414719 0.239510414 0.292335173 0.510180153 0.525272509 0.476545486 0.548731741 0.548105272 0.565299936 0.567020421 0.550586517 0.502001067 0.603320110 0.511933014 0.517680517 0.529130820 0.503263628 0.514090824 0.599432937 0.503456297 0.660541112 0.649743654 0.659782184 0.673430717 0.522878200 0.555359301 0.539743940 0.528266374 0.538532093 0.546306520 0.714212906 0.481862900 0.520825597 0.590891552 0.482714969 0.707182721 0.608122877 0.638461360 0.677389368 0.899372607 
31     0.454147595 0.449747549 0.392585405 0.391508027 0.443202645 0.775771568 0.172065080 0.207554219 0.000000000 0.098628800 0.150025278 0.208744508 0.206877216 0.258098707 0.475892159 0.490641239 0.441914216 0.514622650 0.513967792 0.530949412 0.532669898 0.516235994 0.467437308 0.568756352 0.477301097 0.483099136 0.494525552 0.468658359 0.479485556 0.564198373 0.468308493 0.625502351 0.614610630 0.624649161 0.638391955 0.488307524 0.520823820 0.505208459 0.493730893 0.503670719 0.511445146 0.679301937 0.445902523 0.484735930 0.554721822 0.446598689 0.672218707 0.573195774 0.603315448 0.642306039 0.864736377 
38     0.433319447 0.428649471 0.371725840 0.370651767 0.422357379 0.752018681 0.149723713 0.186545220 0.098628800 0.000000000 0.128488265 0.187424985 0.185356429 0.237183406 0.455008993 0.469758073 0.421031051 0.493479172 0.492824314 0.509898809 0.511619295 0.495185390 0.446315308 0.547634351 0.456338270 0.462136309 0.473562725 0.447695532 0.458522729 0.543279059 0.447312892 0.603123023 0.593163869 0.603202399 0.616931610 0.467655973 0.500195686 0.484580325 0.473102759 0.483061246 0.490835673 0.658654364 0.425933537 0.464737577 0.534928943 0.426808966 0.652255603 0.553277771 0.583600085 0.622577458 0.843780499 
36     0.421805937 0.417369079 0.360223751 0.359206780 0.410852618 0.745489474 0.148222735 0.183876496 0.150025278 0.128488265 0.000000000 0.168548351 0.167078076 0.219720754 0.443572612 0.458324244 0.409597221 0.482189618 0.481534760 0.498554336 0.500274822 0.483840917 0.434912649 0.536228780 0.444718175 0.450488582 0.461914998 0.436047806 0.446875002 0.532007710 0.436048470 0.592936423 0.581988167 0.592026697 0.605732680 0.455465280 0.488076849 0.472392605 0.460983922 0.471611331 0.479385757 0.647301743 0.414810544 0.453787897 0.523902184 0.415701092 0.640150688 0.541124153 0.571664932 0.610244291 0.832393893 
27     0.478700287 0.474158036 0.417112550 0.416049042 0.467669828 0.801580444 0.206949641 0.242414719 0.208744508 0.187424985 0.168548351 0.000000000 0.086577138 0.271149793 0.500618456 0.515370088 0.466643066 0.538907615 0.538252757 0.555438177 0.557158663 0.540724758 0.491705463 0.593033078 0.501955853 0.507725209 0.519151625 0.493284432 0.504111629 0.589414314 0.493553671 0.650509290 0.639733353 0.649771883 0.663427274 0.513161536 0.545677831 0.530062470 0.518584904 0.528693525 0.536467952 0.704359825 0.471959814 0.510941398 0.581026849 0.472825757 0.697510377 0.598484008 0.628862808 0.667749655 0.889463742 
24     0.476272710 0.471730459 0.414684973 0.413621465 0.465242251 0.799167990 0.204341219 0.239510414 0.206877216 0.185356429 0.167078076 0.086577138 0.000000000 0.268706716 0.498073157 0.512824789 0.464097766 0.536189096 0.535534238 0.552719658 0.554440144 0.538006239 0.488811205 0.590048671 0.499378075 0.505147430 0.516573847 0.490706654 0.501533851 0.587003849 0.491143207 0.648098825 0.637322888 0.647361418 0.661016809 0.510749082 0.543265377 0.527650017 0.516172450 0.526281071 0.534055498 0.701947371 0.469529845 0.508511429 0.578596880 0.470395789 0.695103294 0.596054040 0.626432840 0.665319686 0.887053277 
35     0.532298787 0.527889530 0.470736596 0.469703669 0.521353050 0.855020701 0.256725458 0.292335173 0.258098707 0.237183406 0.219720754 0.271149793 0.268706716 0.000000000 0.553912083 0.568661163 0.519934140 0.592368377 0.591713519 0.608721895 0.610442381 0.594008477 0.545022606 0.646346470 0.555018231 0.560824074 0.572250491 0.546383298 0.557210494 0.642504761 0.546570742 0.703515201 0.692857392 0.702895922 0.716560265 0.566902244 0.599440031 0.583824670 0.572347104 0.581915301 0.589694932 0.757540408 0.525721727 0.564699080 0.634784531 0.526583439 0.751371261 0.652346825 0.682669139 0.721646512 0.942846980 
44     0.400716505 0.397466986 0.339509710 0.338800640 0.390524078 0.814854913 0.475372232 0.510180153 0.475892159 0.455008993 0.443572612 0.500618456 0.498073157 0.553912083 0.000000000 0.251679842 0.203243410 0.360630115 0.359975257 0.372343444 0.374063929 0.357992548 0.309209794 0.410466442 0.320345316 0.326095014 0.337524346 0.311588752 0.322243382 0.497407227 0.401987014 0.558438899 0.548134447 0.558172977 0.570949901 0.435161011 0.467557823 0.452140832 0.440419148 0.451260515 0.459279855 0.627649852 0.394792662 0.433961213 0.503851482 0.395290663 0.618570113 0.519396573 0.549635929 0.588194069 0.814388556 
40     0.414869518 0.411449764 0.353486231 0.352861499 0.404594379 0.829232044 0.490404854 0.525272509 0.490641239 0.469758073 0.458324244 0.515370088 0.512824789 0.568661163 0.251679842 0.000000000 0.130820569 0.375076335 0.374421477 0.386652075 0.388372561 0.372478486 0.322425850 0.424007513 0.334729666 0.340549392 0.351795037 0.326146965 0.336817968 0.511098365 0.415509789 0.570997708 0.561504463 0.571611143 0.584311136 0.448038142 0.480471059 0.465017963 0.453296279 0.465252021 0.473271361 0.641498785 0.408644869 0.447836568 0.518004187 0.409396632 0.632936257 0.533762717 0.564002073 0.602464798 0.830254312 
20     0.365205361 0.361672390 0.303816287 0.303191555 0.354924435 0.780571779 0.441677832 0.476545486 0.441914216 0.421031051 0.409597221 0.466643066 0.464097766 0.519934140 0.203243410 0.130820569 0.000000000 0.327001476 0.326346618 0.338577216 0.340297702 0.324403627 0.274756010 0.376018442 0.286332275 0.292176262 0.303507883 0.277773835 0.288444838 0.462513903 0.367042291 0.523233844 0.513182394 0.523220924 0.535962781 0.398682638 0.431115555 0.415662459 0.403940774 0.415436173 0.423473235 0.591482776 0.359349998 0.398504718 0.468452234 0.359842192 0.583635584 0.484462043 0.514701400 0.553164125 0.781437667 
32     0.442209261 0.438536232 0.380664310 0.379909367 0.431684486 0.856204174 0.514197705 0.548731741 0.514622650 0.493479172 0.482189618 0.538907615 0.536189096 0.592368377 0.360630115 0.375076335 0.327001476 0.000000000 0.038701358 0.185133872 0.186758773 0.168504110 0.213144447 0.314430326 0.313413790 0.319108377 0.330834250 0.304424196 0.315506672 0.536703928 0.440693414 0.596639722 0.587268771 0.597307301 0.609929786 0.476958143 0.509657231 0.494248129 0.482441129 0.493707847 0.501791775 0.670004722 0.436984787 0.475796312 0.546060832 0.437268036 0.661500041 0.562072815 0.592565857 0.630922633 0.856006557 
7     0.441554403 0.437881374 0.380009453 0.379254509 0.431029628 0.855549316 0.513542847 0.548105272 0.513967792 0.492824314 0.481534760 0.538252757 0.535534238 0.591713519 0.359975257 0.374421477 0.326346618 0.038701358 0.000000000 0.184868723 0.186517410 0.168387418 0.212588026 0.313873906 0.312721579 0.318416166 0.330142038 0.303731985 0.314814461 0.536049070 0.440038556 0.595984864 0.586613913 0.596652443 0.609274928 0.476303285 0.509002373 0.493593271 0.481786271 0.493052989 0.501136917 0.669349864 0.436329929 0.475141454 0.545405974 0.436613178 0.660845183 0.561417957 0.591910999 0.630267775 0.855351699 
22     0.454976586 0.451303557 0.393240338 0.392672448 0.444444070 0.869432742 0.530594246 0.565299936 0.530949412 0.509898809 0.498554336 0.555438177 0.552719658 0.608721895 0.372343444 0.386652075 0.338577216 0.185133872 0.184868723 0.000000000 0.053891038 0.117032319 0.224957660 0.326366152 0.325893903 0.331575913 0.343301785 0.316812683 0.327895159 0.549903335 0.453799823 0.609643941 0.600210020 0.610248550 0.622871035 0.489421142 0.522118979 0.506709876 0.494902876 0.505084257 0.513168185 0.681083549 0.449429229 0.488238988 0.558536553 0.449743075 0.673311283 0.573947423 0.604399716 0.642650281 0.870184546 
8     0.456697072 0.453024043 0.394960824 0.394392934 0.446164555 0.871153228 0.532314732 0.567020421 0.532669898 0.511619295 0.500274822 0.557158663 0.554440144 0.610442381 0.374063929 0.388372561 0.340297702 0.186758773 0.186517410 0.053891038 0.000000000 0.118009487 0.226977954 0.328153271 0.327653842 0.333335852 0.345061724 0.318572622 0.329655097 0.551623820 0.455520309 0.611364427 0.601930505 0.611969036 0.624591520 0.491141627 0.523839465 0.508430362 0.496623362 0.506804742 0.514888671 0.682804035 0.451149715 0.489959474 0.560257039 0.451463560 0.675031768 0.575667909 0.606120202 0.644370767 0.871905031 
33     0.440336155 0.436663126 0.378604152 0.378036261 0.429811380 0.854719323 0.515895679 0.550586517 0.516235994 0.495185390 0.483840917 0.540724758 0.538006239 0.594008477 0.357992548 0.372478486 0.324403627 0.168504110 0.168387418 0.117032319 0.118009487 0.000000000 0.209528263 0.310702722 0.311065564 0.316732463 0.328392826 0.301839694 0.312922169 0.534974931 0.438871420 0.594768326 0.585322124 0.595360655 0.607983139 0.474625699 0.507374900 0.491965798 0.480158798 0.490796528 0.498880457 0.666093375 0.434313562 0.473009171 0.543411915 0.434634910 0.658397355 0.559039895 0.589728724 0.627794085 0.855462971 
49     0.392330466 0.388673088 0.330598463 0.330030572 0.381805691 0.806044908 0.466950163 0.502001067 0.467437308 0.446315308 0.434912649 0.491705463 0.488811205 0.545022606 0.309209794 0.322425850 0.274756010 0.213144447 0.212588026 0.224957660 0.226977954 0.209528263 0.000000000 0.160421837 0.261498853 0.267208614 0.278928980 0.252397099 0.263634660 0.487774434 0.391542744 0.547496126 0.537863121 0.547901651 0.560153312 0.426662925 0.459240273 0.443831171 0.432024170 0.441957341 0.450257234 0.618744517 0.385706693 0.424591851 0.494814017 0.386022069 0.609796770 0.510580633 0.540764414 0.579277184 0.803596674 
26     0.493470394 0.489813016 0.431738391 0.431170501 0.482945619 0.907350456 0.568270017 0.603320110 0.568756352 0.547634351 0.536228780 0.593033078 0.590048671 0.646346470 0.410466442 0.424007513 0.376018442 0.314430326 0.313873906 0.326366152 0.328153271 0.310702722 0.160421837 0.000000000 0.362808600 0.368511595 0.380236420 0.353826699 0.364937640 0.588661582 0.492652311 0.648413093 0.638742652 0.648781182 0.660930632 0.527183146 0.559760494 0.544351392 0.532544392 0.543504707 0.551680922 0.720009660 0.486669799 0.525581149 0.595667891 0.486875944 0.711283513 0.612067375 0.642349329 0.680743437 0.904996003 
12     0.401941564 0.398268535 0.340158613 0.339641670 0.391416789 0.816158444 0.477097805 0.511933014 0.477301097 0.456338270 0.444718175 0.501955853 0.499378075 0.555018231 0.320345316 0.334729666 0.286332275 0.313413790 0.312721579 0.325893903 0.327653842 0.311065564 0.261498853 0.362808600 0.000000000 0.157618623 0.170696506 0.143151407 0.154432365 0.497196668 0.401291848 0.556796994 0.546879130 0.556917660 0.569687994 0.435837101 0.468274075 0.452985639 0.440996197 0.451797475 0.459870402 0.628163868 0.394805841 0.433775789 0.503859146 0.395113559 0.619316426 0.520111258 0.550382242 0.588740245 0.817516476 
6     0.407728154 0.404055125 0.345920802 0.345428261 0.397203379 0.821733124 0.482895844 0.517680517 0.483099136 0.462136309 0.450488582 0.507725209 0.505147430 0.560824074 0.326095014 0.340549392 0.292176262 0.319108377 0.318416166 0.331575913 0.333335852 0.316732463 0.267208614 0.368511595 0.157618623 0.000000000 0.129907982 0.100624507 0.112460071 0.503021601 0.407116781 0.562621927 0.552704063 0.562742593 0.575512927 0.441604503 0.474049514 0.458773422 0.446686750 0.457585258 0.465658185 0.633958818 0.400589302 0.439587196 0.509665587 0.400920000 0.625127834 0.525922666 0.556193650 0.594612787 0.823304258 
29     0.418894074 0.415221045 0.357086721 0.356594180 0.408369298 0.833382899 0.494322260 0.529130820 0.494525552 0.473562725 0.461914998 0.519151625 0.516573847 0.572250491 0.337524346 0.351795037 0.303507883 0.330834250 0.330142038 0.343301785 0.345061724 0.328392826 0.278928980 0.380236420 0.170696506 0.129907982 0.000000000 0.113155012 0.125644962 0.513970512 0.418442470 0.573382502 0.563322632 0.573361162 0.586131496 0.451931049 0.484343863 0.469170054 0.457080117 0.468416660 0.476489587 0.644501593 0.411573357 0.450561037 0.520639427 0.411893841 0.635926649 0.536721480 0.566822135 0.605411602 0.835278528 
28     0.393298826 0.389625797 0.331472231 0.330998933 0.382774051 0.807515706 0.468455068 0.503263628 0.468658359 0.447695532 0.436047806 0.493284432 0.490706654 0.546383298 0.311588752 0.326146965 0.277773835 0.304424196 0.303731985 0.316812683 0.318572622 0.301839694 0.252397099 0.353826699 0.143151407 0.100624507 0.113155012 0.000000000 0.069047399 0.488553931 0.392649111 0.548154257 0.538236393 0.548274923 0.561045257 0.427187865 0.459618994 0.444342902 0.432307671 0.443154738 0.451227665 0.619528298 0.386145372 0.425133051 0.495211442 0.386465855 0.610673689 0.511468521 0.541739505 0.580138389 0.808873739 
16     0.404126023 0.400452994 0.342299428 0.341826129 0.393601248 0.818342903 0.479282264 0.514090824 0.479485556 0.458522729 0.446875002 0.504111629 0.501533851 0.557210494 0.322243382 0.336817968 0.288444838 0.315506672 0.314814461 0.327895159 0.329655097 0.312922169 0.263634660 0.364937640 0.154432365 0.112460071 0.125644962 0.069047399 0.000000000 0.499381127 0.403476307 0.558981453 0.549063589 0.559102119 0.571872453 0.437993443 0.470446190 0.455170099 0.443134867 0.453981934 0.462054861 0.630355495 0.396944622 0.435960248 0.506038639 0.397390786 0.621500886 0.522295717 0.552566702 0.590985839 0.819700935 
15     0.493901223 0.490216161 0.432347003 0.431583863 0.483413561 0.902128672 0.564045852 0.599432937 0.564198373 0.543279059 0.532007710 0.589414314 0.587003849 0.642504761 0.497407227 0.511098365 0.462513903 0.536703928 0.536049070 0.549903335 0.551623820 0.534974931 0.487774434 0.588661582 0.497196668 0.503021601 0.513970512 0.488553931 0.499381127 0.000000000 0.291895300 0.559480551 0.549290822 0.559329352 0.572693109 0.525627434 0.557969691 0.542293548 0.530712356 0.540038603 0.547797893 0.717394198 0.485421191 0.524411862 0.593709268 0.485771737 0.711498273 0.611918409 0.642746180 0.681780445 0.904411243 
21     0.398272299 0.394539860 0.336718015 0.335954875 0.387776742 0.804884940 0.468287682 0.503456297 0.468308493 0.447312892 0.436048470 0.493553671 0.491143207 0.546570742 0.401987014 0.415509789 0.367042291 0.440693414 0.440038556 0.453799823 0.455520309 0.438871420 0.391542744 0.492652311 0.401291848 0.407116781 0.418442470 0.392649111 0.403476307 0.291895300 0.000000000 0.465926698 0.455612814 0.465651345 0.479015102 0.431582091 0.463924348 0.448248205 0.436423902 0.444639783 0.452399073 0.621652672 0.390621545 0.429802478 0.498501126 0.390258931 0.615926853 0.515963414 0.547319701 0.586278478 0.809583258 
13     0.556601774 0.552854592 0.495047555 0.494284415 0.545981270 0.965367589 0.625438458 0.660541112 0.625502351 0.603123023 0.592936423 0.650509290 0.648098825 0.703515201 0.558438899 0.570997708 0.523233844 0.596639722 0.595984864 0.609643941 0.611364427 0.594768326 0.547496126 0.648413093 0.556796994 0.562621927 0.573382502 0.548154257 0.558981453 0.559480551 0.465926698 0.000000000 0.214814753 0.225289845 0.238170829 0.586331806 0.619814145 0.604138001 0.592663819 0.602223059 0.610162006 0.777808538 0.546733150 0.585569780 0.655159119 0.546713441 0.772007390 0.672586744 0.702968723 0.742526389 0.968159956 
25     0.546517228 0.542770045 0.484963008 0.484199868 0.535896723 0.954300577 0.614662521 0.649743654 0.614610630 0.593163869 0.581988167 0.639733353 0.637322888 0.692857392 0.548134447 0.561504463 0.513182394 0.587268771 0.586613913 0.600210020 0.601930505 0.585322124 0.537863121 0.638742652 0.546879130 0.552704063 0.563322632 0.538236393 0.549063589 0.549290822 0.455612814 0.214814753 0.000000000 0.072582601 0.142781298 0.576188950 0.609478426 0.593802283 0.582328101 0.592204866 0.600143813 0.767904768 0.537172054 0.575980876 0.645575627 0.537200983 0.762226005 0.662805359 0.693251928 0.732745004 0.958049598 
46     0.556555758 0.552808575 0.495001538 0.494238398 0.545935253 0.964339107 0.624701051 0.659782184 0.624649161 0.603202399 0.592026697 0.649771883 0.647361418 0.702895922 0.558172977 0.571611143 0.523220924 0.597307301 0.596652443 0.610248550 0.611969036 0.595360655 0.547901651 0.648781182 0.556917660 0.562742593 0.573361162 0.548274923 0.559102119 0.559329352 0.465651345 0.225289845 0.072582601 0.000000000 0.152486815 0.586451595 0.619516957 0.603840813 0.592366631 0.602243396 0.610182343 0.777943298 0.547210584 0.586019406 0.655614157 0.547239513 0.772264535 0.672843889 0.703290458 0.742783534 0.968088128 
47     0.569603889 0.565856707 0.507969714 0.507206574 0.558833022 0.977561287 0.638356442 0.673430717 0.638391955 0.616931610 0.605732680 0.663427274 0.661016809 0.716560265 0.570949901 0.584311136 0.535962781 0.609929786 0.609274928 0.622871035 0.624591520 0.607983139 0.560153312 0.660930632 0.569687994 0.575512927 0.586131496 0.561045257 0.571872453 0.572693109 0.479015102 0.238170829 0.142781298 0.152486815 0.000000000 0.599533508 0.632801367 0.617125224 0.605651042 0.615527807 0.623466753 0.791216835 0.560378886 0.599511927 0.669106678 0.560732034 0.785757056 0.686336410 0.716782979 0.756276055 0.981117224 
37     0.414422879 0.410629465 0.352644703 0.351850732 0.402613499 0.828288825 0.488403966 0.522878200 0.488307524 0.467655973 0.455465280 0.513161536 0.510749082 0.566902244 0.435161011 0.448038142 0.398682638 0.476958143 0.476303285 0.489421142 0.491141627 0.474625699 0.426662925 0.527183146 0.435837101 0.441604503 0.451931049 0.427187865 0.437993443 0.525627434 0.431582091 0.586331806 0.576188950 0.586451595 0.599533508 0.000000000 0.123974715 0.108532099 0.097088745 0.427237070 0.434960964 0.602306294 0.371063283 0.410347979 0.480123553 0.371512650 0.595486778 0.496521274 0.526453326 0.565895290 0.827094138 
43     0.446666554 0.442862821 0.384861035 0.384067064 0.434700237 0.860101658 0.520864096 0.555359301 0.520823820 0.500195686 0.488076849 0.545677831 0.543265377 0.599440031 0.467557823 0.480471059 0.431115555 0.509657231 0.509002373 0.522118979 0.523839465 0.507374900 0.459240273 0.559760494 0.468274075 0.474049514 0.484343863 0.459618994 0.470446190 0.557969691 0.463924348 0.619814145 0.609478426 0.619516957 0.632801367 0.123974715 0.000000000 0.100172798 0.087846111 0.459520134 0.467244029 0.634589358 0.403415782 0.442700478 0.512476052 0.403865149 0.628415943 0.529450440 0.559363096 0.598880160 0.859292015 
34     0.431039954 0.427236220 0.369234435 0.368440464 0.419182131 0.845080927 0.505248735 0.539743940 0.505208459 0.484580325 0.472392605 0.530062470 0.527650017 0.583824670 0.452140832 0.465017963 0.415662459 0.494248129 0.493593271 0.506709876 0.508430362 0.491965798 0.443831171 0.544351392 0.452985639 0.458773422 0.469170054 0.444342902 0.455170099 0.542293548 0.448248205 0.604138001 0.593802283 0.603840813 0.617125224 0.108532099 0.100172798 0.000000000 0.069486136 0.443693252 0.451417146 0.618762476 0.387552268 0.426836964 0.496612538 0.388001635 0.611938638 0.512846182 0.542685895 0.582402855 0.843637013 
45     0.419444306 0.415640572 0.357638787 0.356844816 0.407586589 0.833603361 0.493771169 0.528266374 0.493730893 0.473102759 0.460983922 0.518584904 0.516172450 0.572347104 0.440419148 0.453296279 0.403940774 0.482441129 0.481786271 0.494902876 0.496623362 0.480158798 0.432024170 0.532544392 0.440996197 0.446686750 0.457080117 0.432307671 0.443134867 0.530712356 0.436423902 0.592663819 0.582328101 0.592366631 0.605651042 0.097088745 0.087846111 0.069486136 0.000000000 0.432301688 0.440025583 0.607370912 0.375941723 0.415202877 0.484970964 0.376303268 0.600759609 0.501794106 0.531706762 0.571223826 0.832105546 
41     0.426249852 0.423021007 0.365047696 0.364253725 0.415951595 0.841457743 0.503978398 0.538532093 0.503670719 0.483061246 0.471611331 0.528693525 0.526281071 0.581915301 0.451260515 0.465252021 0.415436173 0.493707847 0.493052989 0.505084257 0.506804742 0.490796528 0.441957341 0.543504707 0.451797475 0.457585258 0.468416660 0.443154738 0.453981934 0.540038603 0.444639783 0.602223059 0.592204866 0.602243396 0.615527807 0.427237070 0.459520134 0.443693252 0.432301688 0.000000000 0.051035363 0.364223755 0.315219225 0.355024548 0.424736736 0.315768170 0.538334096 0.439783005 0.469620687 0.509228990 0.840343763 
30     0.435449882 0.431477506 0.373611578 0.372817607 0.424515477 0.849232170 0.511752825 0.546306520 0.511445146 0.490835673 0.479385757 0.536467952 0.534055498 0.589694932 0.459279855 0.473271361 0.423473235 0.501791775 0.501136917 0.513168185 0.514888671 0.498880457 0.450257234 0.551680922 0.459870402 0.465658185 0.476489587 0.451227665 0.462054861 0.547797893 0.452399073 0.610162006 0.600143813 0.610182343 0.623466753 0.434960964 0.467244029 0.451417146 0.440025583 0.051035363 0.000000000 0.371783237 0.323033410 0.362842467 0.432554655 0.323586089 0.546143949 0.447559294 0.477420393 0.516734852 0.848203884 
9     0.604453698 0.600643891 0.542612495 0.541818524 0.593496906 1.017648299 0.679642738 0.714212906 0.679301937 0.658654364 0.647301743 0.704359825 0.701947371 0.757540408 0.627649852 0.641498785 0.591482776 0.670004722 0.669349864 0.681083549 0.682804035 0.666093375 0.618744517 0.720009660 0.628163868 0.633958818 0.644501593 0.619528298 0.630355495 0.717394198 0.621652672 0.777808538 0.767904768 0.777943298 0.791216835 0.602306294 0.634589358 0.618762476 0.607370912 0.364223755 0.371783237 0.000000000 0.491499948 0.531306825 0.601513335 0.492553521 0.714320791 0.616071022 0.645897691 0.685570259 1.018127479 
10     0.370291937 0.366493771 0.308218213 0.307463330 0.359241231 0.785973450 0.447264857 0.481862900 0.445902523 0.425933537 0.414810544 0.471959814 0.469529845 0.525721727 0.394792662 0.408644869 0.359349998 0.436984787 0.436329929 0.449429229 0.451149715 0.434313562 0.385706693 0.486669799 0.394805841 0.400589302 0.411573357 0.386145372 0.396944622 0.485421191 0.390621545 0.546733150 0.537172054 0.547210584 0.560378886 0.371063283 0.403415782 0.387552268 0.375941723 0.315219225 0.323033410 0.491499948 0.000000000 0.115919916 0.188009937 0.078647941 0.446021224 0.347227724 0.376905618 0.416461260 0.786618992 
17     0.409327714 0.405529316 0.347254106 0.346499223 0.398277124 0.823840093 0.486227554 0.520825597 0.484735930 0.464737577 0.453787897 0.510941398 0.508511429 0.564699080 0.433961213 0.447836568 0.398504718 0.475796312 0.475141454 0.488238988 0.489959474 0.473009171 0.424591851 0.525581149 0.433775789 0.439587196 0.450561037 0.425133051 0.435960248 0.524411862 0.429802478 0.585569780 0.575980876 0.586019406 0.599511927 0.410347979 0.442700478 0.426836964 0.415202877 0.355024548 0.362842467 0.531306825 0.115919916 0.000000000 0.219594218 0.110382899 0.485381301 0.386646280 0.416214241 0.455958258 0.825260663 
18     0.479372129 0.475573963 0.417279745 0.416524862 0.468321424 0.894628707 0.556291666 0.590891552 0.554721822 0.534928943 0.523902184 0.581026849 0.578596880 0.634784531 0.503851482 0.518004187 0.468452234 0.546060832 0.545405974 0.558536553 0.560257039 0.543411915 0.494814017 0.595667891 0.503859146 0.509665587 0.520639427 0.495211442 0.506038639 0.593709268 0.498501126 0.655159119 0.645575627 0.655614157 0.669106678 0.480123553 0.512476052 0.496612538 0.484970964 0.424736736 0.432554655 0.601513335 0.188009937 0.219594218 0.000000000 0.140375641 0.555323136 0.456603114 0.486255649 0.525777299 0.895616749 
14     0.370634012 0.366835846 0.308516851 0.307761968 0.359583307 0.786301285 0.448116926 0.482714969 0.446598689 0.426808966 0.415701092 0.472825757 0.470395789 0.526583439 0.395290663 0.409396632 0.359842192 0.437268036 0.436613178 0.449743075 0.451463560 0.434634910 0.386022069 0.486875944 0.395113559 0.400920000 0.411893841 0.386465855 0.397390786 0.485771737 0.390258931 0.546713441 0.537200983 0.547239513 0.560732034 0.371512650 0.403865149 0.388001635 0.376303268 0.315768170 0.323586089 0.492553521 0.078647941 0.110382899 0.140375641 0.000000000 0.446017788 0.347297766 0.376917697 0.416470855 0.787021217 
11     0.594679731 0.590892831 0.532794769 0.532039826 0.583213861 1.010493335 0.673125405 0.707182721 0.672218707 0.652255603 0.640150688 0.697510377 0.695103294 0.751371261 0.618570113 0.632936257 0.583635584 0.661500041 0.660845183 0.673311283 0.675031768 0.658397355 0.609796770 0.711283513 0.619316426 0.625127834 0.635926649 0.610673689 0.621500886 0.711498273 0.615926853 0.772007390 0.762226005 0.772264535 0.785757056 0.595486778 0.628415943 0.611938638 0.600759609 0.538334096 0.546143949 0.714320791 0.446021224 0.485381301 0.555323136 0.446017788 0.000000000 0.187824307 0.259588384 0.299911167 1.012197416 
42     0.495423594 0.491636694 0.433538633 0.432783689 0.484381343 0.911248161 0.574101791 0.608122877 0.573195774 0.553277771 0.541124153 0.598484008 0.596054040 0.652346825 0.519396573 0.533762717 0.484462043 0.562072815 0.561417957 0.573947423 0.575667909 0.559039895 0.510580633 0.612067375 0.520111258 0.525922666 0.536721480 0.511468521 0.522295717 0.611918409 0.515963414 0.672586744 0.662805359 0.672843889 0.686336410 0.496521274 0.529450440 0.512846182 0.501794106 0.439783005 0.447559294 0.616071022 0.347227724 0.386646280 0.456603114 0.347297766 0.187824307 0.000000000 0.165424721 0.201960412 0.913148002 
23     0.525742690 0.521955790 0.463857728 0.463102785 0.514224515 0.940671824 0.604424105 0.638461360 0.603315448 0.583600085 0.571664932 0.628862808 0.626432840 0.682669139 0.549635929 0.564002073 0.514701400 0.592565857 0.591910999 0.604399716 0.606120202 0.589728724 0.540764414 0.642349329 0.550382242 0.556193650 0.566822135 0.541739505 0.552566702 0.642746180 0.547319701 0.702968723 0.693251928 0.703290458 0.716782979 0.526453326 0.559363096 0.542685895 0.531706762 0.469620687 0.477420393 0.645897691 0.376905618 0.416214241 0.486255649 0.376917697 0.259588384 0.165424721 0.000000000 0.237796271 0.943300469 
50     0.564996326 0.561209426 0.503111365 0.502356421 0.553379156 0.980694190 0.643401478 0.677389368 0.642306039 0.622577458 0.610244291 0.667749655 0.665319686 0.721646512 0.588194069 0.602464798 0.553164125 0.630922633 0.630267775 0.642650281 0.644370767 0.627794085 0.579277184 0.680743437 0.588740245 0.594612787 0.605411602 0.580138389 0.590985839 0.681780445 0.586278478 0.742526389 0.732745004 0.742783534 0.756276055 0.565895290 0.598880160 0.582402855 0.571223826 0.509228990 0.516734852 0.685570259 0.416461260 0.455958258 0.525777299 0.416470855 0.299911167 0.201960412 0.237796271 0.000000000 0.982350823 
0     0.781395787 0.778547936 0.720540604 0.719862957 0.771569755 1.205817834 0.864457462 0.899372607 0.864736377 0.843780499 0.832393893 0.889463742 0.887053277 0.942846980 0.814388556 0.830254312 0.781437667 0.856006557 0.855351699 0.870184546 0.871905031 0.855462971 0.803596674 0.904996003 0.817516476 0.823304258 0.835278528 0.808873739 0.819700935 0.904411243 0.809583258 0.968159956 0.958049598 0.968088128 0.981117224 0.827094138 0.859292015 0.843637013 0.832105546 0.840343763 0.848203884 1.018127479 0.786618992 0.825260663 0.895616749 0.787021217 1.012197416 0.913148002 0.943300469 0.982350823 0.000000000 
