51
44     0.000000000 0.000051580 0.003071170 0.006176400 0.006301430 0.005204550 0.020288830 0.006820340 0.006805740 0.005940360 0.006725570 0.006222630 0.007543020 0.004161530 0.006758800 0.004956230 0.008432430 0.007981580 0.010406670 0.008978670 0.006035450 0.009554670 0.006935240 0.006043480 0.005518000 0.006041280 0.004595410 0.005051400 0.005836970 0.005969860 0.006168720 0.005906500 0.006095940 0.005530120 0.005523170 0.005853360 0.006413020 0.004346790 0.010725320 0.009530590 0.007761940 0.007999930 0.007719120 0.009184820 0.008055310 0.006002230 0.004429530 0.004343580 0.005406050 0.005154490 0.013763120 
45     0.000051580 0.000000000 0.006243020 0.006255230 0.006380260 0.005341990 0.004768270 0.006899170 0.006595580 0.006019190 0.007109040 0.006301460 0.007621850 0.004240360 0.006837630 0.005035060 0.008511260 0.008060410 0.010485500 0.009057500 0.011316450 0.001287810 0.007014070 0.006122310 0.005596830 0.006120110 0.004674240 0.005130230 0.005915800 0.006048690 0.006247550 0.005985330 0.006174770 0.005608950 0.005602000 0.005932190 0.006491850 0.008053500 0.004843870 0.009609420 0.007840770 0.008078760 0.004084180 0.009263650 0.008134140 0.006081060 0.004508360 0.004422410 0.005484880 0.005233320 0.018390190 
41     0.003071170 0.006243020 0.000000000 0.001406570 0.000487580 0.012075770 0.008738510 0.009690470 0.009675870 0.008810490 0.009900340 0.009092760 0.010413150 0.007031660 0.009628930 0.006935150 0.010985590 0.010214080 0.013276800 0.011848800 0.014107750 0.017698760 0.009805370 0.008913610 0.008388130 0.008911410 0.007465540 0.007921530 0.008707100 0.008839990 0.009038850 0.008776630 0.008966070 0.008400250 0.008393300 0.008723490 0.009283150 0.008555170 0.010495540 0.012400720 0.010632070 0.010870060 0.011715290 0.012054950 0.004910750 0.008872360 0.007299660 0.007213710 0.008276180 0.008024620 0.021298640 
5     0.006176400 0.006255230 0.001406570 0.000000000 0.000657040 0.012087980 0.004129430 0.009702680 0.009688080 0.008822700 0.009912550 0.009104970 0.010425360 0.007043870 0.009641140 0.007838570 0.011314770 0.002758790 0.013289010 0.011861010 0.014119960 0.017710970 0.009817580 0.008925820 0.008400340 0.008923620 0.007477750 0.007933740 0.008719310 0.008852200 0.009051060 0.008788840 0.008978280 0.008412460 0.008405510 0.008735700 0.009295360 0.010857010 0.013607660 0.004003080 0.010644280 0.010882270 0.009063690 0.012067160 0.010937650 0.008884570 0.007311870 0.007225920 0.008288390 0.008036830 0.021310850 
6     0.006301430 0.006380260 0.000487580 0.000657040 0.000000000 0.012213010 0.015286290 0.009827710 0.009813110 0.008947730 0.010037580 0.004323700 0.010550390 0.007168900 0.004508270 0.006375540 0.007264630 0.006493120 0.013414040 0.007251740 0.014244990 0.017836000 0.009942610 0.009050850 0.008525370 0.009048650 0.007602780 0.008058770 0.008844340 0.008977230 0.009176090 0.008913870 0.009103310 0.008537490 0.008530540 0.008860730 0.009420390 0.010982040 0.013732690 0.012537960 0.010769310 0.011007300 0.002106500 0.012192190 0.011062680 0.009009600 0.006878750 0.007350950 0.008413420 0.008161860 0.021435880 
25     0.005204550 0.005341990 0.012075770 0.012087980 0.012213010 0.000000000 0.004611550 0.000922460 0.001803180 0.004643640 0.000005470 0.008104660 0.011172780 0.007791290 0.007967920 0.005199190 0.002257660 0.002169840 0.004102810 0.012608430 0.014867380 0.018458390 0.010565000 0.007302440 0.007334410 0.009671040 0.005464340 0.008681160 0.007510530 0.009599620 0.009798480 0.009536260 0.009725700 0.009159880 0.009152930 0.009483120 0.010042780 0.011604430 0.014355080 0.013160350 0.011391700 0.011629690 0.012474920 0.012814580 0.011685070 0.009631990 0.007845830 0.007903100 0.007349550 0.006503640 0.016879970 
4     0.020288830 0.004768270 0.008738510 0.004129430 0.015286290 0.004611550 0.000000000 0.007097000 0.012455840 0.010782960 0.003753220 0.028370750 0.030167020 0.026785530 0.002161320 0.027580230 0.007219360 0.030605580 0.030173640 0.030907620 0.011502780 0.007100970 0.029559240 0.028667480 0.028142000 0.008461890 0.011834200 0.021126930 0.028460970 0.028593860 0.028792720 0.028530500 0.028719940 0.014439730 0.028147170 0.012423690 0.029037020 0.017503120 0.016901650 0.032154590 0.023902410 0.008849760 0.023116020 0.013864810 0.030679310 0.028626230 0.011558730 0.015225030 0.024668440 0.022002420 0.003090110 
28     0.006820340 0.006899170 0.009690470 0.009702680 0.009827710 0.000922460 0.007097000 0.000000000 0.001290440 0.001314180 0.003348190 0.007467090 0.008787480 0.005405990 0.005045820 0.006200690 0.009676890 0.009226040 0.006523630 0.010223130 0.012482080 0.016073090 0.008179700 0.007287940 0.006762460 0.006448300 0.005839870 0.006295860 0.007081430 0.007214320 0.007413180 0.007150960 0.007340400 0.006774580 0.006767630 0.007097820 0.007657480 0.009219130 0.011969780 0.010775050 0.009006400 0.001734480 0.010089620 0.004853930 0.009299770 0.007246690 0.005603750 0.001212460 0.006580270 0.006328710 0.018183280 
43     0.006805740 0.006595580 0.009675870 0.009688080 0.009813110 0.001803180 0.012455840 0.001290440 0.000000000 0.000473250 0.003333590 0.007452490 0.008772880 0.005391390 0.007988660 0.006186090 0.005629400 0.005541580 0.009569860 0.010208530 0.012467480 0.012092430 0.008165100 0.007273340 0.006747860 0.007271140 0.005825270 0.006281260 0.007066830 0.007199720 0.007398580 0.007136360 0.007325800 0.006759980 0.006753030 0.007083220 0.007642880 0.009204530 0.011955180 0.010760450 0.008991800 0.009229790 0.010075020 0.010414680 0.009285170 0.007232090 0.005589150 0.005503200 0.006565670 0.006314110 0.009780120 
1     0.005940360 0.006019190 0.008810490 0.008822700 0.008947730 0.004643640 0.010782960 0.001314180 0.000473250 0.000000000 0.002468210 0.000651140 0.007907500 0.004526010 0.007123280 0.005320710 0.008509970 0.008346060 0.003617330 0.009343150 0.011602100 0.011770610 0.007299720 0.006407960 0.005882480 0.005127020 0.004959890 0.002772130 0.006201450 0.006334340 0.006533200 0.006270980 0.006460420 0.005894600 0.005887650 0.006217840 0.006777500 0.008339150 0.011089800 0.009895070 0.008126420 0.002860730 0.007026120 0.008587200 0.008419790 0.006366710 0.004723770 0.004637820 0.005700290 0.005448730 0.009458300 
38     0.006725570 0.007109040 0.009900340 0.009912550 0.010037580 0.000005470 0.003753220 0.003348190 0.003333590 0.002468210 0.000000000 0.007676960 0.008997350 0.005615860 0.008213130 0.006410560 0.002252190 0.002164370 0.011861000 0.010433000 0.012691950 0.006018200 0.008389570 0.007497810 0.006972330 0.007495610 0.006049740 0.006505730 0.007291300 0.007424190 0.007623050 0.007360830 0.007550270 0.006984450 0.006977500 0.007307690 0.007867350 0.009429000 0.012179650 0.010984920 0.009216270 0.009454260 0.010299490 0.010639150 0.009509640 0.007456560 0.005813620 0.005367360 0.006790140 0.006509110 0.010226650 
26     0.006222630 0.006301460 0.009092760 0.009104970 0.004323700 0.008104660 0.028370750 0.007467090 0.007452490 0.000651140 0.007676960 0.000000000 0.001668700 0.001936420 0.001754190 0.005320880 0.008797080 0.008346230 0.010771320 0.009343320 0.011602270 0.013043030 0.007299890 0.006408130 0.005882650 0.006405930 0.004960060 0.005416050 0.006201620 0.006334510 0.006533370 0.006271150 0.006460590 0.005894770 0.005887820 0.006218010 0.006777670 0.008339320 0.011089970 0.009895240 0.008126590 0.008364580 0.009209810 0.009549470 0.008419960 0.006366880 0.005076280 0.004990330 0.006052800 0.005801240 0.010730720 
21     0.007543020 0.007621850 0.010413150 0.010425360 0.010550390 0.011172780 0.030167020 0.008787480 0.008772880 0.007907500 0.008997350 0.001668700 0.000000000 0.000938720 0.003320050 0.006641270 0.010117470 0.009666620 0.012091710 0.010663710 0.012922660 0.005683790 0.008620280 0.007728520 0.007203040 0.006424080 0.006280450 0.006736440 0.007522010 0.007654900 0.007853760 0.007591540 0.000967270 0.006021190 0.007208210 0.007538400 0.006794410 0.009659710 0.012410360 0.011215630 0.009446980 0.009684970 0.010530200 0.010869860 0.009740350 0.007687270 0.006396670 0.006310720 0.007373190 0.007121630 0.018736860 
33     0.004161530 0.004240360 0.007031660 0.007043870 0.007168900 0.007791290 0.026785530 0.005405990 0.005391390 0.004526010 0.005615860 0.001936420 0.000938720 0.000000000 0.004716810 0.003259780 0.004778860 0.002924540 0.008710220 0.007282220 0.009541170 0.013132180 0.005238790 0.004347030 0.003821550 0.004344830 0.002898960 0.003354950 0.004140520 0.004273410 0.004472270 0.004210050 0.004399490 0.003833670 0.003826720 0.004156910 0.004716570 0.003026130 0.004767150 0.007834140 0.006065490 0.006303480 0.007148710 0.005197790 0.005839980 0.004305780 0.003015180 0.000282320 0.003991700 0.003740140 0.017014160 
35     0.006758800 0.006837630 0.009628930 0.009641140 0.004508270 0.007967920 0.002161320 0.005045820 0.007988660 0.007123280 0.008213130 0.001754190 0.003320050 0.004716810 0.000000000 0.005857050 0.009333250 0.008882400 0.011307490 0.009879490 0.012138440 0.011968650 0.007836060 0.006944300 0.006418820 0.006807160 0.005496230 0.005952220 0.006737790 0.006870680 0.007069540 0.006807320 0.006996760 0.006404270 0.006423990 0.006754180 0.007177490 0.008875490 0.011626140 0.010431410 0.008662760 0.008900750 0.009745980 0.010085640 0.008956130 0.006903050 0.005612450 0.005526500 0.006588970 0.006337410 0.019119940 
32     0.004956230 0.005035060 0.006935150 0.007838570 0.006375540 0.005199190 0.027580230 0.006200690 0.006186090 0.005320710 0.006410560 0.005320880 0.006641270 0.003259780 0.005857050 0.000000000 0.006327840 0.005876990 0.009308060 0.007880060 0.010139010 0.011805950 0.005836630 0.004944870 0.004419390 0.004767460 0.003496800 0.000877990 0.004738360 0.004871250 0.005070110 0.004807890 0.004997330 0.000744400 0.004424560 0.004754750 0.005314410 0.006876060 0.009626710 0.008431980 0.006663330 0.006901320 0.007746550 0.008086210 0.006956700 0.004903620 0.003809880 0.003723930 0.004786400 0.004534840 0.016064780 
18     0.008432430 0.008511260 0.010985590 0.011314770 0.007264630 0.002257660 0.007219360 0.009676890 0.005629400 0.008509970 0.002252190 0.008797080 0.010117470 0.004778860 0.009333250 0.006327840 0.000000000 0.000065440 0.005010520 0.007874240 0.005505270 0.014681910 0.009312830 0.005452890 0.007895590 0.008418870 0.006973000 0.006423010 0.008214560 0.008347450 0.002082240 0.008284090 0.008473530 0.007907710 0.007900760 0.008230950 0.008790610 0.010352260 0.012881390 0.011908180 0.010139530 0.010377520 0.011222750 0.011562410 0.010432900 0.008379820 0.007286080 0.007200130 0.008262600 0.008011040 0.021118660 
42     0.007981580 0.008060410 0.010214080 0.002758790 0.006493120 0.002169840 0.030605580 0.009226040 0.005541580 0.008346060 0.002164370 0.008346230 0.009666620 0.002924540 0.008882400 0.005876990 0.000065440 0.000000000 0.005357510 0.008221230 0.005852260 0.015482700 0.008861980 0.007970220 0.007444740 0.007968020 0.006522150 0.005972160 0.007763710 0.007896600 0.008095460 0.007833240 0.008022680 0.007456860 0.007449910 0.007780100 0.008339760 0.009901410 0.012652060 0.011457330 0.009688680 0.009926670 0.010771900 0.011111560 0.009982050 0.007928970 0.006835230 0.006749280 0.007811750 0.007560190 0.018736000 
14     0.010406670 0.010485500 0.013276800 0.013289010 0.013414040 0.004102810 0.030173640 0.006523630 0.009569860 0.003617330 0.011861000 0.010771320 0.012091710 0.008710220 0.011307490 0.009308060 0.005010520 0.005357510 0.000000000 0.000016700 0.000051140 0.006615160 0.010478090 0.009586330 0.009060850 0.009584130 0.008138260 0.008700480 0.009379820 0.009512710 0.009711570 0.009449350 0.009638790 0.009072970 0.009066020 0.009396210 0.009955870 0.011604100 0.014354750 0.013160020 0.011391370 0.011629360 0.012474590 0.012814250 0.011684740 0.009631660 0.007960240 0.004213080 0.005702910 0.009985280 0.011467800 
11     0.008978670 0.009057500 0.011848800 0.011861010 0.007251740 0.012608430 0.030907620 0.010223130 0.010208530 0.009343150 0.010433000 0.009343320 0.010663710 0.007282220 0.009879490 0.007880060 0.007874240 0.008221230 0.000016700 0.000000000 0.000557410 0.006271260 0.009050090 0.001274160 0.007632850 0.003819990 0.006710260 0.007975230 0.007951820 0.008084710 0.008283570 0.008021350 0.008210790 0.007644970 0.007638020 0.007968210 0.008527870 0.010176100 0.012926750 0.011469090 0.009963370 0.010201360 0.011046590 0.011386250 0.010256740 0.008203660 0.007499340 0.007746370 0.008808840 0.008557280 0.005142790 
30     0.006035450 0.011316450 0.014107750 0.014119960 0.014244990 0.014867380 0.011502780 0.012482080 0.012467480 0.011602100 0.012691950 0.011602270 0.012922660 0.009541170 0.012138440 0.010139010 0.005505270 0.005852260 0.000051140 0.000557410 0.000000000 0.005494420 0.011309040 0.010417280 0.009891800 0.010415080 0.008969210 0.010234180 0.010210770 0.010343660 0.010542520 0.010280300 0.010469740 0.009903920 0.009896970 0.010227160 0.010786820 0.012435050 0.003563940 0.007197480 0.012222320 0.012460310 0.013305540 0.013645200 0.012515690 0.010462610 0.008403780 0.010005320 0.011067790 0.010816230 0.021590370 
7     0.009554670 0.001287810 0.017698760 0.017710970 0.017836000 0.018458390 0.007100970 0.016073090 0.012092430 0.011770610 0.006018200 0.013043030 0.005683790 0.013132180 0.011968650 0.011805950 0.014681910 0.015482700 0.006615160 0.006271260 0.005494420 0.000000000 0.014900050 0.014008290 0.012163190 0.001548630 0.011253770 0.013825190 0.013801780 0.011732090 0.014133530 0.013871310 0.014060750 0.011541400 0.013487980 0.005619480 0.012314620 0.012944140 0.018776710 0.014831370 0.015813330 0.016051320 0.009445570 0.014809540 0.016106700 0.014053620 0.009911970 0.003609200 0.008349290 0.007027230 0.008116450 
31     0.006935240 0.007014070 0.009805370 0.009817580 0.009942610 0.010565000 0.029559240 0.008179700 0.008165100 0.007299720 0.008389570 0.007299890 0.008620280 0.005238790 0.007836060 0.005836630 0.009312830 0.008861980 0.010478090 0.009050090 0.011309040 0.014900050 0.000000000 0.000007010 0.001777760 0.004316960 0.002479830 0.005931800 0.004112650 0.004245540 0.003557870 0.004182180 0.004371620 0.003805800 0.003798850 0.004129040 0.004688700 0.008132670 0.010883320 0.009688590 0.007919940 0.008157930 0.009003160 0.009342820 0.006027270 0.006160230 0.005788890 0.005702940 0.006765410 0.006513850 0.019787870 
27     0.006043480 0.006122310 0.008913610 0.008925820 0.009050850 0.007302440 0.028667480 0.007287940 0.007273340 0.006407960 0.007497810 0.006408130 0.007728520 0.004347030 0.006944300 0.004944870 0.005452890 0.007970220 0.009586330 0.001274160 0.010417280 0.014008290 0.000007010 0.000000000 0.000002130 0.003425200 0.001588070 0.005040040 0.003220890 0.003353780 0.001364250 0.003290420 0.003479860 0.002914040 0.002907090 0.003237280 0.003796940 0.007240910 0.009991560 0.008796830 0.007028180 0.007266170 0.008111400 0.008451060 0.004210230 0.005268470 0.004897130 0.004811180 0.005873650 0.005622090 0.015725150 
23     0.005518000 0.005596830 0.008388130 0.008400340 0.008525370 0.007334410 0.028142000 0.006762460 0.006747860 0.005882480 0.006972330 0.005882650 0.007203040 0.003821550 0.006418820 0.004419390 0.007895590 0.007444740 0.009060850 0.007632850 0.009891800 0.012163190 0.001777760 0.000002130 0.000000000 0.002899720 0.001062590 0.004514560 0.002695410 0.002828300 0.001163780 0.002764940 0.002954380 0.002388560 0.002041940 0.002711800 0.003271460 0.006715430 0.009466080 0.008271350 0.006502700 0.006740690 0.007585920 0.007925580 0.006796070 0.004742990 0.004371650 0.004285700 0.005348170 0.005096610 0.014159460 
15     0.006041280 0.006120110 0.008911410 0.008923620 0.009048650 0.009671040 0.008461890 0.006448300 0.007271140 0.005127020 0.007495610 0.006405930 0.006424080 0.004344830 0.006807160 0.004767460 0.008418870 0.007968020 0.009584130 0.003819990 0.010415080 0.001548630 0.004316960 0.003425200 0.002899720 0.000000000 0.000327870 0.005037840 0.001038350 0.001933460 0.001983760 0.001870100 0.002059540 0.002883180 0.002876230 0.003206420 0.003766080 0.007238710 0.009989360 0.008794630 0.007025980 0.007263970 0.008109200 0.008448860 0.007319350 0.005266270 0.004894930 0.004636590 0.005871450 0.005619890 0.016770780 
10     0.004595410 0.004674240 0.007465540 0.007477750 0.007602780 0.005464340 0.011834200 0.005839870 0.005825270 0.004959890 0.006049740 0.004960060 0.006280450 0.002898960 0.005496230 0.003496800 0.006973000 0.006522150 0.008138260 0.006710260 0.008969210 0.011253770 0.002479830 0.001588070 0.001062590 0.000327870 0.000000000 0.003591970 0.001772820 0.001905710 0.002104570 0.001842350 0.002031790 0.001465970 0.001459020 0.001789210 0.002348870 0.005792840 0.008543490 0.007348760 0.005580110 0.005818100 0.006663330 0.007002990 0.005873480 0.003820400 0.003449060 0.003363110 0.004425580 0.004174020 0.017448040 
2     0.005051400 0.005130230 0.007921530 0.007933740 0.008058770 0.008681160 0.021126930 0.006295860 0.006281260 0.002772130 0.006505730 0.005416050 0.006736440 0.003354950 0.005952220 0.000877990 0.006423010 0.005972160 0.008700480 0.007975230 0.010234180 0.013825190 0.005931800 0.005040040 0.004514560 0.005037840 0.003591970 0.000000000 0.000642880 0.004376750 0.005165280 0.004903060 0.004427130 0.004526680 0.004519730 0.004849920 0.005409580 0.006971230 0.009721880 0.008527150 0.006758500 0.006996490 0.007841720 0.008181380 0.007051870 0.004998790 0.003905050 0.003819100 0.004881570 0.004630010 0.017904030 
24     0.005836970 0.005915800 0.008707100 0.008719310 0.008844340 0.007510530 0.028460970 0.007081430 0.007066830 0.006201450 0.007291300 0.006201620 0.007522010 0.004140520 0.006737790 0.004738360 0.008214560 0.007763710 0.009379820 0.007951820 0.010210770 0.013801780 0.004112650 0.003220890 0.002695410 0.001038350 0.001772820 0.000642880 0.000000000 0.001651180 0.001193450 0.001665790 0.001855230 0.002678870 0.002671920 0.003002110 0.003561770 0.007034400 0.009785050 0.008590320 0.006821670 0.007059660 0.007904890 0.008244550 0.007115040 0.005061960 0.004690620 0.004604670 0.005667140 0.005415580 0.013258930 
8     0.005969860 0.006048690 0.008839990 0.008852200 0.008977230 0.009599620 0.028593860 0.007214320 0.007199720 0.006334340 0.007424190 0.006334510 0.007654900 0.004273410 0.006870680 0.004871250 0.008347450 0.007896600 0.009512710 0.008084710 0.010343660 0.011732090 0.004245540 0.003353780 0.002828300 0.001933460 0.001905710 0.004376750 0.001651180 0.000000000 0.002060900 0.000839300 0.000591680 0.002811760 0.002804810 0.003135000 0.003694660 0.007167290 0.009917940 0.008723210 0.006954560 0.007192550 0.008037780 0.008377440 0.007247930 0.005194850 0.004823510 0.004737560 0.005800030 0.005548470 0.018822490 
16     0.006168720 0.006247550 0.009038850 0.009051060 0.009176090 0.009798480 0.028792720 0.007413180 0.007398580 0.006533200 0.007623050 0.006533370 0.007853760 0.004472270 0.007069540 0.005070110 0.002082240 0.008095460 0.009711570 0.008283570 0.010542520 0.014133530 0.003557870 0.001364250 0.001163780 0.001983760 0.002104570 0.005165280 0.001193450 0.002060900 0.000000000 0.000408460 0.001414180 0.003010620 0.003003670 0.003333860 0.003893520 0.007366150 0.003557510 0.008922070 0.007153420 0.007391410 0.008236640 0.008576300 0.007446790 0.005393710 0.005022370 0.004936420 0.005998890 0.005747330 0.019021350 
34     0.005906500 0.005985330 0.008776630 0.008788840 0.008913870 0.009536260 0.028530500 0.007150960 0.007136360 0.006270980 0.007360830 0.006271150 0.007591540 0.004210050 0.006807320 0.004807890 0.008284090 0.007833240 0.009449350 0.008021350 0.010280300 0.013871310 0.004182180 0.003290420 0.002764940 0.001870100 0.001842350 0.004903060 0.001665790 0.000839300 0.000408460 0.000000000 0.000209200 0.002748400 0.002741450 0.003071640 0.003631300 0.007103930 0.009854580 0.008659850 0.006891200 0.007129190 0.007974420 0.008314080 0.007184570 0.005131490 0.004760150 0.004674200 0.005736670 0.005485110 0.018759130 
37     0.006095940 0.006174770 0.008966070 0.008978280 0.009103310 0.009725700 0.028719940 0.007340400 0.007325800 0.006460420 0.007550270 0.006460590 0.000967270 0.004399490 0.006996760 0.004997330 0.008473530 0.008022680 0.009638790 0.008210790 0.010469740 0.014060750 0.004371620 0.003479860 0.002954380 0.002059540 0.002031790 0.004427130 0.001855230 0.000591680 0.001414180 0.000209200 0.000000000 0.002937840 0.002930890 0.003261080 0.003820740 0.007293370 0.010044020 0.008849290 0.007080640 0.007318630 0.008163860 0.008503520 0.007374010 0.005320930 0.004949590 0.004863640 0.005926110 0.005674550 0.018948570 
9     0.005530120 0.005608950 0.008400250 0.008412460 0.008537490 0.009159880 0.014439730 0.006774580 0.006759980 0.005894600 0.006984450 0.005894770 0.006021190 0.003833670 0.006404270 0.000744400 0.007907710 0.007456860 0.009072970 0.007644970 0.009903920 0.011541400 0.003805800 0.002914040 0.002388560 0.002883180 0.001465970 0.004526680 0.002678870 0.002811760 0.003010620 0.002748400 0.002937840 0.000000000 0.001717590 0.001976360 0.001681060 0.006727550 0.009478200 0.008283470 0.006514820 0.001357160 0.007598040 0.007937700 0.002234730 0.004755110 0.004383770 0.004297820 0.005360290 0.005108730 0.014167260 
12     0.005523170 0.005602000 0.008393300 0.008405510 0.008530540 0.009152930 0.028147170 0.006767630 0.006753030 0.005887650 0.006977500 0.005887820 0.007208210 0.003826720 0.006423990 0.004424560 0.007900760 0.007449910 0.009066020 0.007638020 0.009896970 0.013487980 0.003798850 0.002907090 0.002041940 0.002876230 0.001459020 0.004519730 0.002671920 0.002804810 0.003003670 0.002741450 0.002930890 0.001717590 0.000000000 0.001306280 0.003051510 0.006720600 0.009471250 0.008276520 0.005491060 0.002617430 0.007591090 0.007930750 0.004655630 0.004748160 0.004376820 0.004290870 0.005353340 0.005101780 0.018375800 
46     0.005853360 0.005932190 0.008723490 0.008735700 0.008860730 0.009483120 0.012423690 0.007097820 0.007083220 0.006217840 0.007307690 0.006218010 0.007538400 0.004156910 0.006754180 0.004754750 0.008230950 0.007780100 0.009396210 0.007968210 0.010227160 0.005619480 0.004129040 0.003237280 0.002711800 0.003206420 0.001789210 0.004849920 0.003002110 0.003135000 0.003333860 0.003071640 0.003261080 0.001976360 0.001306280 0.000000000 0.003381700 0.007050790 0.009801440 0.008606710 0.006838060 0.007076050 0.007921280 0.008260940 0.007131430 0.005078350 0.004707010 0.004621060 0.005037960 0.005431970 0.018705990 
22     0.006413020 0.006491850 0.009283150 0.009295360 0.009420390 0.010042780 0.029037020 0.007657480 0.007642880 0.006777500 0.007867350 0.006777670 0.006794410 0.004716570 0.007177490 0.005314410 0.008790610 0.008339760 0.009955870 0.008527870 0.010786820 0.012314620 0.004688700 0.003796940 0.003271460 0.003766080 0.002348870 0.005409580 0.003561770 0.003694660 0.003893520 0.003631300 0.003820740 0.001681060 0.003051510 0.003381700 0.000000000 0.000560880 0.005292710 0.009166370 0.007397720 0.007635710 0.008480940 0.008820600 0.007691090 0.005638010 0.005266670 0.005180720 0.006243190 0.005991630 0.018080710 
17     0.004346790 0.008053500 0.008555170 0.010857010 0.010982040 0.011604430 0.017503120 0.009219130 0.009204530 0.008339150 0.009429000 0.008339320 0.009659710 0.003026130 0.008875490 0.006876060 0.010352260 0.009901410 0.011604100 0.010176100 0.012435050 0.012944140 0.008132670 0.007240910 0.006715430 0.007238710 0.005792840 0.006971230 0.007034400 0.007167290 0.007366150 0.007103930 0.007293370 0.006727550 0.006720600 0.007050790 0.000560880 0.000000000 0.002441360 0.002043140 0.000925990 0.001163980 0.002009210 0.002348870 0.001219360 0.003328500 0.006828320 0.006742370 0.007804840 0.007461800 0.017152590 
29     0.010725320 0.004843870 0.010495540 0.013607660 0.013732690 0.014355080 0.016901650 0.011969780 0.011955180 0.011089800 0.012179650 0.011089970 0.012410360 0.004767150 0.011626140 0.009626710 0.012881390 0.012652060 0.014354750 0.012926750 0.003563940 0.018776710 0.010883320 0.009991560 0.009466080 0.009989360 0.008543490 0.009721880 0.009785050 0.009917940 0.003557510 0.009854580 0.010044020 0.009478200 0.009471250 0.009801440 0.005292710 0.002441360 0.000000000 0.001569230 0.003848380 0.004086370 0.004931600 0.004316710 0.002433420 0.006079150 0.009578970 0.009493020 0.010555490 0.010303930 0.023577950 
20     0.009530590 0.009609420 0.012400720 0.004003080 0.012537960 0.013160350 0.032154590 0.010775050 0.010760450 0.009895070 0.010984920 0.009895240 0.011215630 0.007834140 0.010431410 0.008431980 0.011908180 0.011457330 0.013160020 0.011469090 0.007197480 0.014831370 0.009688590 0.008796830 0.008271350 0.008794630 0.007348760 0.008527150 0.008590320 0.008723210 0.008922070 0.008659850 0.008849290 0.008283470 0.008276520 0.008606710 0.009166370 0.002043140 0.001569230 0.000000000 0.002481910 0.002719900 0.003565130 0.003904790 0.002775280 0.004884420 0.008384240 0.000674580 0.009360760 0.004312090 0.021883200 
13     0.007761940 0.007840770 0.010632070 0.010644280 0.010769310 0.011391700 0.023902410 0.009006400 0.008991800 0.008126420 0.009216270 0.008126590 0.009446980 0.006065490 0.008662760 0.006663330 0.010139530 0.009688680 0.011391370 0.009963370 0.012222320 0.015813330 0.007919940 0.007028180 0.006502700 0.007025980 0.005580110 0.006758500 0.006821670 0.006954560 0.007153420 0.006891200 0.007080640 0.006514820 0.005491060 0.006838060 0.007397720 0.000925990 0.003848380 0.002481910 0.000000000 0.000744070 0.001598240 0.001937900 0.000808390 0.003115770 0.006615590 0.006529640 0.007592110 0.007340550 0.000930320 
39     0.007999930 0.008078760 0.010870060 0.010882270 0.011007300 0.011629690 0.008849760 0.001734480 0.009229790 0.002860730 0.009454260 0.008364580 0.009684970 0.006303480 0.008900750 0.006901320 0.010377520 0.009926670 0.011629360 0.010201360 0.012460310 0.016051320 0.008157930 0.007266170 0.006740690 0.007263970 0.005818100 0.006996490 0.007059660 0.007192550 0.007391410 0.007129190 0.007318630 0.001357160 0.002617430 0.007076050 0.007635710 0.001163980 0.004086370 0.002719900 0.000744070 0.000000000 0.001836230 0.002175890 0.000779890 0.003353760 0.006692530 0.006767630 0.007830100 0.007578540 0.001487160 
36     0.007719120 0.004084180 0.011715290 0.009063690 0.002106500 0.012474920 0.023116020 0.010089620 0.010075020 0.007026120 0.010299490 0.009209810 0.010530200 0.007148710 0.009745980 0.007746550 0.011222750 0.010771900 0.012474590 0.011046590 0.013305540 0.009445570 0.009003160 0.008111400 0.007585920 0.008109200 0.006663330 0.007841720 0.007904890 0.008037780 0.008236640 0.007974420 0.008163860 0.007598040 0.007591090 0.007921280 0.008480940 0.002009210 0.004931600 0.003565130 0.001598240 0.001836230 0.000000000 0.000005090 0.001828450 0.004198990 0.007698810 0.007612860 0.008675330 0.008423770 0.013192700 
3     0.009184820 0.009263650 0.012054950 0.012067160 0.012192190 0.012814580 0.013864810 0.004853930 0.010414680 0.008587200 0.010639150 0.009549470 0.010869860 0.005197790 0.010085640 0.008086210 0.011562410 0.011111560 0.012814250 0.011386250 0.013645200 0.014809540 0.009342820 0.008451060 0.007925580 0.008448860 0.007002990 0.008181380 0.008244550 0.008377440 0.008576300 0.008314080 0.008503520 0.007937700 0.007930750 0.008260940 0.008820600 0.002348870 0.004316710 0.003904790 0.001937900 0.002175890 0.000005090 0.000000000 0.001887470 0.004538650 0.008038470 0.007952520 0.009014990 0.007144300 0.009636820 
40     0.008055310 0.008134140 0.004910750 0.010937650 0.011062680 0.011685070 0.030679310 0.009299770 0.009285170 0.008419790 0.009509640 0.008419960 0.009740350 0.005839980 0.008956130 0.006956700 0.010432900 0.009982050 0.011684740 0.010256740 0.012515690 0.016106700 0.006027270 0.004210230 0.006796070 0.007319350 0.005873480 0.007051870 0.007115040 0.007247930 0.007446790 0.007184570 0.007374010 0.002234730 0.004655630 0.007131430 0.007691090 0.001219360 0.002433420 0.002775280 0.000808390 0.000779890 0.001828450 0.001887470 0.000000000 0.003409140 0.006908960 0.006823010 0.007885480 0.007633920 0.020907940 
19     0.006002230 0.006081060 0.008872360 0.008884570 0.009009600 0.009631990 0.028626230 0.007246690 0.007232090 0.006366710 0.007456560 0.006366880 0.007687270 0.004305780 0.006903050 0.004903620 0.008379820 0.007928970 0.009631660 0.008203660 0.010462610 0.014053620 0.006160230 0.005268470 0.004742990 0.005266270 0.003820400 0.004998790 0.005061960 0.005194850 0.005393710 0.005131490 0.005320930 0.004755110 0.004748160 0.005078350 0.005638010 0.003328500 0.006079150 0.004884420 0.003115770 0.003353760 0.004198990 0.004538650 0.003409140 0.000000000 0.004855880 0.004769930 0.005832400 0.005580840 0.018854860 
48     0.004429530 0.004508360 0.007299660 0.007311870 0.006878750 0.007845830 0.011558730 0.005603750 0.005589150 0.004723770 0.005813620 0.005076280 0.006396670 0.003015180 0.005612450 0.003809880 0.007286080 0.006835230 0.007960240 0.007499340 0.008403780 0.009911970 0.005788890 0.004897130 0.004371650 0.004894930 0.003449060 0.003905050 0.004690620 0.004823510 0.005022370 0.004760150 0.004949590 0.004383770 0.004376820 0.004707010 0.005266670 0.006828320 0.009578970 0.008384240 0.006615590 0.006692530 0.007698810 0.008038470 0.006908960 0.004855880 0.000000000 0.000579570 0.002383740 0.002132180 0.014120420 
49     0.004343580 0.004422410 0.007213710 0.007225920 0.007350950 0.007903100 0.015225030 0.001212460 0.005503200 0.004637820 0.005367360 0.004990330 0.006310720 0.000282320 0.005526500 0.003723930 0.007200130 0.006749280 0.004213080 0.007746370 0.010005320 0.003609200 0.005702940 0.004811180 0.004285700 0.004636590 0.003363110 0.003819100 0.004604670 0.004737560 0.004936420 0.004674200 0.004863640 0.004297820 0.004290870 0.004621060 0.005180720 0.006742370 0.009493020 0.000674580 0.006529640 0.006767630 0.007612860 0.007952520 0.006823010 0.004769930 0.000579570 0.000000000 0.002297790 0.001203260 0.007817650 
50     0.005406050 0.005484880 0.008276180 0.008288390 0.008413420 0.007349550 0.024668440 0.006580270 0.006565670 0.005700290 0.006790140 0.006052800 0.007373190 0.003991700 0.006588970 0.004786400 0.008262600 0.007811750 0.005702910 0.008808840 0.011067790 0.008349290 0.006765410 0.005873650 0.005348170 0.005871450 0.004425580 0.004881570 0.005667140 0.005800030 0.005998890 0.005736670 0.005926110 0.005360290 0.005353340 0.005037960 0.006243190 0.007804840 0.010555490 0.009360760 0.007592110 0.007830100 0.008675330 0.009014990 0.007885480 0.005832400 0.002383740 0.002297790 0.000000000 0.000415620 0.009952470 
47     0.005154490 0.005233320 0.008024620 0.008036830 0.008161860 0.006503640 0.022002420 0.006328710 0.006314110 0.005448730 0.006509110 0.005801240 0.007121630 0.003740140 0.006337410 0.004534840 0.008011040 0.007560190 0.009985280 0.008557280 0.010816230 0.007027230 0.006513850 0.005622090 0.005096610 0.005619890 0.004174020 0.004630010 0.005415580 0.005548470 0.005747330 0.005485110 0.005674550 0.005108730 0.005101780 0.005431970 0.005991630 0.007461800 0.010303930 0.004312090 0.007340550 0.007578540 0.008423770 0.007144300 0.007633920 0.005580840 0.002132180 0.001203260 0.000415620 0.000000000 0.011235680 
0     0.013763120 0.018390190 0.021298640 0.021310850 0.021435880 0.016879970 0.003090110 0.018183280 0.009780120 0.009458300 0.010226650 0.010730720 0.018736860 0.017014160 0.019119940 0.016064780 0.021118660 0.018736000 0.011467800 0.005142790 0.021590370 0.008116450 0.019787870 0.015725150 0.014159460 0.016770780 0.017448040 0.017904030 0.013258930 0.018822490 0.019021350 0.018759130 0.018948570 0.014167260 0.018375800 0.018705990 0.018080710 0.017152590 0.023577950 0.021883200 0.000930320 0.001487160 0.013192700 0.009636820 0.020907940 0.018854860 0.014120420 0.007817650 0.009952470 0.011235680 0.000000000 
