51
44     0.000000000 0.060675274 0.439944283 0.421882245 0.421443337 0.556126685 0.640817563 0.538021585 0.565192924 0.525178594 0.632405574 0.575263627 0.634953440 0.609747335 0.587593028 0.507986402 0.568143885 0.550858799 0.645930339 0.644898134 0.630848082 0.644400152 0.575277037 0.570570499 0.570802807 0.548066368 0.556312330 0.568270755 0.618075010 0.620779157 0.610775771 0.618267143 0.618592546 0.587711623 0.588001330 0.570627967 0.595471461 0.574465045 0.599493392 0.611906460 0.597204634 0.591566865 0.588504995 0.590068029 0.611509639 0.582728490 0.477851013 0.488618894 0.477581299 0.462256107 0.927211305 
45     0.060675274 0.000000000 0.438272825 0.420322801 0.419874581 0.552931627 0.638270976 0.535154609 0.563780030 0.522301997 0.629468821 0.571928893 0.631623704 0.606328893 0.584309615 0.505513234 0.565909230 0.548690951 0.643220493 0.642222112 0.628261797 0.641722067 0.572822755 0.568116217 0.568348525 0.545624707 0.553678049 0.565669064 0.616784786 0.619293166 0.609394871 0.616943051 0.617128187 0.585175694 0.585703268 0.568188897 0.592609526 0.572674337 0.597799089 0.610240918 0.595322810 0.589914200 0.586916369 0.588479403 0.610191480 0.582275834 0.477028986 0.487914457 0.476469305 0.461305342 0.920725414 
41     0.439944283 0.438272825 0.000000000 0.201316432 0.199719823 0.576884438 0.665452749 0.560965580 0.588712935 0.549244863 0.655419593 0.598141444 0.659236453 0.635274763 0.610915479 0.531897334 0.600922174 0.579615079 0.670551623 0.669443203 0.653793947 0.667636329 0.595126016 0.590140642 0.590380185 0.570774518 0.579455696 0.589762418 0.641419527 0.643481605 0.636240887 0.642968810 0.643318282 0.607023376 0.607681310 0.590554474 0.616081534 0.594980336 0.618537697 0.631224853 0.621121785 0.615105066 0.611998677 0.614111955 0.633228350 0.607312967 0.505634535 0.515090218 0.504376972 0.489294822 0.966919890 
5     0.421882245 0.420322801 0.201316432 0.000000000 0.104360364 0.558567208 0.646937355 0.542848576 0.569904067 0.530608940 0.637165247 0.579794068 0.640287048 0.616303606 0.592567426 0.515664395 0.584072588 0.561656136 0.653862188 0.653190024 0.638050519 0.650988167 0.580797985 0.575817189 0.576049496 0.556049827 0.564617005 0.576835086 0.627103073 0.629235880 0.621605408 0.628516860 0.628866332 0.593712990 0.595059654 0.575242900 0.601920558 0.582716618 0.606267747 0.618438817 0.607193881 0.601160837 0.597475281 0.599928842 0.619926723 0.592533630 0.487971497 0.497710134 0.486571534 0.471497782 0.947797064 
6     0.421443337 0.419874581 0.199719823 0.104360364 0.000000000 0.558507885 0.647791192 0.542598429 0.569792760 0.530511078 0.637051126 0.578100141 0.638460339 0.614681749 0.590980646 0.513966547 0.581482614 0.559132144 0.652831369 0.652120011 0.636924968 0.649989244 0.580336825 0.575285816 0.575473413 0.556015452 0.564164747 0.574623019 0.625906178 0.627893756 0.620373054 0.627312038 0.627661509 0.592056933 0.592742607 0.574277035 0.600707190 0.579918368 0.604087169 0.616464373 0.605403947 0.599068054 0.594722274 0.597136554 0.617403914 0.590635569 0.486235104 0.495668695 0.484673798 0.469600046 0.948406948 
25     0.556126685 0.552931627 0.576884438 0.558567208 0.558507885 0.000000000 0.480117569 0.377735948 0.408408949 0.362098301 0.478042289 0.583779037 0.644632090 0.618160080 0.598431747 0.511488130 0.586022752 0.563589477 0.654085106 0.653778457 0.639971486 0.651956856 0.577163436 0.572588693 0.572392578 0.554619125 0.564483094 0.573197769 0.628590819 0.630535263 0.620725091 0.629213366 0.629420386 0.593735161 0.597062211 0.579138108 0.604465656 0.582118054 0.607640229 0.619693524 0.604562632 0.600506138 0.596545895 0.597220631 0.619382499 0.593132220 0.493571579 0.499814337 0.489563155 0.474981479 0.960211032 
4     0.640817563 0.638270976 0.665452749 0.646937355 0.647791192 0.480117569 0.000000000 0.429072267 0.465099840 0.419647109 0.552992603 0.668745692 0.728941745 0.702349842 0.682918887 0.603377533 0.669487332 0.646465793 0.742844286 0.742674948 0.729565913 0.742018576 0.663339395 0.655801461 0.655504644 0.640180840 0.647743728 0.656412242 0.713965302 0.714641123 0.703829829 0.713044124 0.713393596 0.675874067 0.679908321 0.663699464 0.689559418 0.662276494 0.689725761 0.703269258 0.684779573 0.679161313 0.677612367 0.677259173 0.698383889 0.675153462 0.574489252 0.582217721 0.567077925 0.557327370 1.042725865 
28     0.538021585 0.535154609 0.560965580 0.542848576 0.542598429 0.377735948 0.429072267 0.000000000 0.280846553 0.232167759 0.452536214 0.566663614 0.626088412 0.597806496 0.581227959 0.499896383 0.568858919 0.548616741 0.643486517 0.643194866 0.628585029 0.639387809 0.563223813 0.559231899 0.559685433 0.540661203 0.543408402 0.558902715 0.614016171 0.616281325 0.604193402 0.612713899 0.613063371 0.579525601 0.577532185 0.562921898 0.589109492 0.563954714 0.590185107 0.601525838 0.584567501 0.579309853 0.576444920 0.576568053 0.598543532 0.575405515 0.469968527 0.477091815 0.466884300 0.453521480 0.928275602 
43     0.565192924 0.563780030 0.588712935 0.569904067 0.569792760 0.408408949 0.465099840 0.280846553 0.000000000 0.236967574 0.482920078 0.595320802 0.655727976 0.628002727 0.610436362 0.526601241 0.594486671 0.572841786 0.665433931 0.667240394 0.651605196 0.661264948 0.589454597 0.585154249 0.585153620 0.566626533 0.568922387 0.586057168 0.638189553 0.640851664 0.629955633 0.639298915 0.639648387 0.604403266 0.604749823 0.589364677 0.614593166 0.588360217 0.616448243 0.628077975 0.612515445 0.607161547 0.605508407 0.605376681 0.627258924 0.600410765 0.500014451 0.505706677 0.498509142 0.484415763 0.959364145 
1     0.525178594 0.522301997 0.549244863 0.530608940 0.530511078 0.362098301 0.419647109 0.232167759 0.236967574 0.000000000 0.438653315 0.554546510 0.615076824 0.587424435 0.570355493 0.485092080 0.553507936 0.532198635 0.627981151 0.628103498 0.613551517 0.623283642 0.551420590 0.547049492 0.547048863 0.528609522 0.529711525 0.548785680 0.603186393 0.605126606 0.593735863 0.602815060 0.603163499 0.566526208 0.565400490 0.550825711 0.575917149 0.550778535 0.577983158 0.589813974 0.575797733 0.570708402 0.566102319 0.566319666 0.587684325 0.563762272 0.459659162 0.461453109 0.456566106 0.442927277 0.913112040 
38     0.632405574 0.629468821 0.655419593 0.637165247 0.637051126 0.478042289 0.552992603 0.452536214 0.482920078 0.438653315 0.000000000 0.665428382 0.724737087 0.697525274 0.678398978 0.598037775 0.666197131 0.644815029 0.732097784 0.731971264 0.717415417 0.728582935 0.663282474 0.659668195 0.660090905 0.643828097 0.649342467 0.652980038 0.708297309 0.709855207 0.700236041 0.708009837 0.708359309 0.674350238 0.676748664 0.659172727 0.680866603 0.658039352 0.685865184 0.697872528 0.683322657 0.677935181 0.675171016 0.675035684 0.696322041 0.666862556 0.570567347 0.577595706 0.568086611 0.553966053 1.032552718 
26     0.575263627 0.571928893 0.598141444 0.579794068 0.578100141 0.583779037 0.668745692 0.566663614 0.595320802 0.554546510 0.665428382 0.000000000 0.276166161 0.255986382 0.234981277 0.515216602 0.586032743 0.566441716 0.653022977 0.651098146 0.631321308 0.651324686 0.579674901 0.572986182 0.574066915 0.554529742 0.563823629 0.571037822 0.627132421 0.629407622 0.619087898 0.626397680 0.626653459 0.589387401 0.592623891 0.571295762 0.599476138 0.582371049 0.607832929 0.619390448 0.605329095 0.599201379 0.595353526 0.597415216 0.620126377 0.593163038 0.510697536 0.517265416 0.511388142 0.497286052 0.965780852 
21     0.634953440 0.631623704 0.659236453 0.640287048 0.638460339 0.644632090 0.728941745 0.626088412 0.655727976 0.615076824 0.724737087 0.276166161 0.000000000 0.228378542 0.270970836 0.575113588 0.645570695 0.625599926 0.717026302 0.715257502 0.694558618 0.717422511 0.642582625 0.634825591 0.636394577 0.616171031 0.625443497 0.632347146 0.689551162 0.691845475 0.681735071 0.688874895 0.689167885 0.649357579 0.652384588 0.632113324 0.658885509 0.643470224 0.667013562 0.679562304 0.666227910 0.660477156 0.655206263 0.657172444 0.679939849 0.653268510 0.569073400 0.575540231 0.569849287 0.555612530 1.033557137 
33     0.609747335 0.606328893 0.635274763 0.616303606 0.614681749 0.618160080 0.702349842 0.597806496 0.628002727 0.587424435 0.697525274 0.255986382 0.228378542 0.000000000 0.246316789 0.550829527 0.618682096 0.598837277 0.689277713 0.687346631 0.666950210 0.688488038 0.616653941 0.607234294 0.608770348 0.588736703 0.598208966 0.604834480 0.661238973 0.663183140 0.652911333 0.660571985 0.660871818 0.622352511 0.625856388 0.605575776 0.632591568 0.616350863 0.642196176 0.654037987 0.638297346 0.632499726 0.627701512 0.629620399 0.651032460 0.625920970 0.543782640 0.549991460 0.544743750 0.530580857 1.008451729 
35     0.587593028 0.584309615 0.610915479 0.592567426 0.590980646 0.598431747 0.682918887 0.581227959 0.610436362 0.570355493 0.678398978 0.234981277 0.270970836 0.246316789 0.000000000 0.528244709 0.597085895 0.577516705 0.668636471 0.666213658 0.646005912 0.667980215 0.590981054 0.584052480 0.585791590 0.565598385 0.575083903 0.582204604 0.639899348 0.642261762 0.632011599 0.639477549 0.639777382 0.601554716 0.604789494 0.583268506 0.611430286 0.593041604 0.616587619 0.628493312 0.616202248 0.609808784 0.605361623 0.607602100 0.629800966 0.604410937 0.523777063 0.530559956 0.524270336 0.509636057 0.985148959 
32     0.507986402 0.505513234 0.531897334 0.515664395 0.513966547 0.511488130 0.603377533 0.499896383 0.526601241 0.485092080 0.598037775 0.515216602 0.575113588 0.550829527 0.528244709 0.000000000 0.440593253 0.420300998 0.570703617 0.569566385 0.553578582 0.569445670 0.493284131 0.489004257 0.489013412 0.470379028 0.480620890 0.490644546 0.539037517 0.541945020 0.533058291 0.539462803 0.540039098 0.506636661 0.508740863 0.490848285 0.512177374 0.498173445 0.524137752 0.535396123 0.518260321 0.512632904 0.510055185 0.511019586 0.532240505 0.506657371 0.443776752 0.450987286 0.441737348 0.427785302 0.911911877 
18     0.568143885 0.565909230 0.600922174 0.584072588 0.581482614 0.586022752 0.669487332 0.568858919 0.594486671 0.553507936 0.666197131 0.586032743 0.645570695 0.618682096 0.597085895 0.440593253 0.000000000 0.129994367 0.637606881 0.636034326 0.620294013 0.637050107 0.564941475 0.560167887 0.560092939 0.543742636 0.552099592 0.558170552 0.608894841 0.611699513 0.602230466 0.609473782 0.609589603 0.575948006 0.580745207 0.561642798 0.584872553 0.567313436 0.594003243 0.605920076 0.590997810 0.584841081 0.581530118 0.582689439 0.604654487 0.579180500 0.513185539 0.519979242 0.510810685 0.495905347 0.961651272 
42     0.550858799 0.548690951 0.579615079 0.561656136 0.559132144 0.563589477 0.646465793 0.548616741 0.572841786 0.532198635 0.644815029 0.566441716 0.625599926 0.598837277 0.577516705 0.420300998 0.129994367 0.000000000 0.617540940 0.615923604 0.600209481 0.617328150 0.541795042 0.534452291 0.534354968 0.521422547 0.529766418 0.535934817 0.588102101 0.590972516 0.581475754 0.588555218 0.588816153 0.555088104 0.558446005 0.539446681 0.562306927 0.546739236 0.573786457 0.585360165 0.570044954 0.563836781 0.560863448 0.562047268 0.584996670 0.559100236 0.492816461 0.499381522 0.490413465 0.475479765 0.948115447 
14     0.645930339 0.643220493 0.670551623 0.653862188 0.652831369 0.654085106 0.742844286 0.643486517 0.665433931 0.627981151 0.732097784 0.653022977 0.717026302 0.689277713 0.668636471 0.570703617 0.637606881 0.617540940 0.000000000 0.118529907 0.243778491 0.376512392 0.627778089 0.622711817 0.622627337 0.601935649 0.606234021 0.620377546 0.673050507 0.674905073 0.668252068 0.673523106 0.673849434 0.642310113 0.645302052 0.622285786 0.651388952 0.629880837 0.655078035 0.667274639 0.653865977 0.646903622 0.644461958 0.647028512 0.667280545 0.630964578 0.580482952 0.587560445 0.576035645 0.562082144 1.033925216 
11     0.644898134 0.642222112 0.669443203 0.653190024 0.652120011 0.653778457 0.742674948 0.643194866 0.667240394 0.628103498 0.731971264 0.651098146 0.715257502 0.687346631 0.666213658 0.569566385 0.636034326 0.615923604 0.118529907 0.000000000 0.245524843 0.377859010 0.625435457 0.620176482 0.620113741 0.598805347 0.603557775 0.618476914 0.670162554 0.671935968 0.665501207 0.670816075 0.671118925 0.638875031 0.642514323 0.619410156 0.648391066 0.632383836 0.657529213 0.669690098 0.654092098 0.647246296 0.644724506 0.647293662 0.667715404 0.631213140 0.579630048 0.586690884 0.575317620 0.560877334 1.035018835 
30     0.630848082 0.628261797 0.653793947 0.638050519 0.636924968 0.639971486 0.729565913 0.628585029 0.651605196 0.613551517 0.717415417 0.631321308 0.694558618 0.666950210 0.646005912 0.553578582 0.620294013 0.600209481 0.243778491 0.245524843 0.000000000 0.358183921 0.608972776 0.604160876 0.604076396 0.583947013 0.588113093 0.603064622 0.653810483 0.655546083 0.649215611 0.654543138 0.654869466 0.622438441 0.625998666 0.603155549 0.632655126 0.615177690 0.640672145 0.651855736 0.638066619 0.630980388 0.627218962 0.630409975 0.650806311 0.616999675 0.563477177 0.569726757 0.558467333 0.546997522 1.016367978 
7     0.644400152 0.641722067 0.667636329 0.650988167 0.649989244 0.651956856 0.742018576 0.639387809 0.661264948 0.623283642 0.728582935 0.651324686 0.717422511 0.688488038 0.667980215 0.569445670 0.637050107 0.617328150 0.376512392 0.377859010 0.358183921 0.000000000 0.619821306 0.615633420 0.615420873 0.593583212 0.599991075 0.618120355 0.668565754 0.669194149 0.662850980 0.668965536 0.669498319 0.637197682 0.640979709 0.615575305 0.646251959 0.631592535 0.656795720 0.669465803 0.654244025 0.647408942 0.643651828 0.646749532 0.667103313 0.630135714 0.580356722 0.587899845 0.576088529 0.562682719 1.034577254 
31     0.575277037 0.572822755 0.595126016 0.580797985 0.580336825 0.577163436 0.663339395 0.563223813 0.589454597 0.551420590 0.663282474 0.579674901 0.642582625 0.616653941 0.590981054 0.493284131 0.564941475 0.541795042 0.627778089 0.625435457 0.608972776 0.619821306 0.000000000 0.156141120 0.153945889 0.283307477 0.296879494 0.382061030 0.429679937 0.434427692 0.428240846 0.434623377 0.434537364 0.407972374 0.406375991 0.386621160 0.412024262 0.491303949 0.520890052 0.535218410 0.513504973 0.508433024 0.505943132 0.508666402 0.526996669 0.503031988 0.511569858 0.517241059 0.512842958 0.498252890 0.965640547 
27     0.570570499 0.568116217 0.590140642 0.575817189 0.575285816 0.572588693 0.655801461 0.559231899 0.585154249 0.547049492 0.659668195 0.572986182 0.634825591 0.607234294 0.584052480 0.489004257 0.560167887 0.534452291 0.622711817 0.620176482 0.604160876 0.615633420 0.156141120 0.000000000 0.056937785 0.279378505 0.292124459 0.379249884 0.425315508 0.429653054 0.423636499 0.429791725 0.430110010 0.401867104 0.399747015 0.380199612 0.405315647 0.488545428 0.517658901 0.531746986 0.510516881 0.505719783 0.503509037 0.506410513 0.525204866 0.499871445 0.507146226 0.512938981 0.508186892 0.493843405 0.961291629 
23     0.570802807 0.568348525 0.590380185 0.576049496 0.575473413 0.572392578 0.655504644 0.559685433 0.585153620 0.547048863 0.660090905 0.574066915 0.636394577 0.608770348 0.585791590 0.489013412 0.560092939 0.534354968 0.622627337 0.620113741 0.604076396 0.615420873 0.153945889 0.056937785 0.000000000 0.278028078 0.291764153 0.378583526 0.425149051 0.429253286 0.423003103 0.429460372 0.429778657 0.401106886 0.399058117 0.379536555 0.404690288 0.488119490 0.517232963 0.531321048 0.510208006 0.505309051 0.503109340 0.505993558 0.525306004 0.499625927 0.507570904 0.513241783 0.508626462 0.494282975 0.961498853 
15     0.548066368 0.545624707 0.570774518 0.556049827 0.556015452 0.554619125 0.640180840 0.540661203 0.566626533 0.528609522 0.643828097 0.554529742 0.616171031 0.588736703 0.565598385 0.470379028 0.543742636 0.521422547 0.601935649 0.598805347 0.583947013 0.593583212 0.283307477 0.279378505 0.278028078 0.000000000 0.148151851 0.364075901 0.412175291 0.414955015 0.407049693 0.414678728 0.414292557 0.384212299 0.384036848 0.364583747 0.388123238 0.469603000 0.498471273 0.512122131 0.490874818 0.485689113 0.483011793 0.485594347 0.504360076 0.482460370 0.487161420 0.493774749 0.487820224 0.473862690 0.941609374 
10     0.556312330 0.553678049 0.579455696 0.564617005 0.564164747 0.564483094 0.647743728 0.543408402 0.568922387 0.529711525 0.649342467 0.563823629 0.625443497 0.598208966 0.575083903 0.480620890 0.552099592 0.529766418 0.606234021 0.603557775 0.588113093 0.599991075 0.296879494 0.292124459 0.291764153 0.148151851 0.000000000 0.375376257 0.423898304 0.426073847 0.418425237 0.426144040 0.424893573 0.395448808 0.396502630 0.374183439 0.397818793 0.479307394 0.508642435 0.522299915 0.500297252 0.494505321 0.492541280 0.495113996 0.513972966 0.487584655 0.495570598 0.501780209 0.496116597 0.482304498 0.935656708 
2     0.568270755 0.565669064 0.589762418 0.576835086 0.574623019 0.573197769 0.656412242 0.558902715 0.586057168 0.548785680 0.652980038 0.571037822 0.632347146 0.604834480 0.582204604 0.490644546 0.558170552 0.535934817 0.620377546 0.618476914 0.603064622 0.618120355 0.382061030 0.379249884 0.378583526 0.364075901 0.375376257 0.000000000 0.394365186 0.396766278 0.393402484 0.398423649 0.397741044 0.398990198 0.398372493 0.377542649 0.402913201 0.488287411 0.516576544 0.530900486 0.509128099 0.503744998 0.502024815 0.504592390 0.525141987 0.499583848 0.505758177 0.511321793 0.506931822 0.492040721 0.973063756 
24     0.618075010 0.616784786 0.641419527 0.627103073 0.625906178 0.628590819 0.713965302 0.614016171 0.638189553 0.603186393 0.708297309 0.627132421 0.689551162 0.661238973 0.639899348 0.539037517 0.608894841 0.588102101 0.673050507 0.670162554 0.653810483 0.668565754 0.429679937 0.425315508 0.425149051 0.412175291 0.423898304 0.394365186 0.000000000 0.176353961 0.182213560 0.181306833 0.184709132 0.450555407 0.451871204 0.430171127 0.456760784 0.537449082 0.565902385 0.579967684 0.561332065 0.555446466 0.550384041 0.553515382 0.572465779 0.545910773 0.554329292 0.559215163 0.555809134 0.541680290 1.025804974 
8     0.620779157 0.619293166 0.643481605 0.629235880 0.627893756 0.630535263 0.714641123 0.616281325 0.640851664 0.605126606 0.709855207 0.629407622 0.691845475 0.663183140 0.642261762 0.541945020 0.611699513 0.590972516 0.674905073 0.671935968 0.655546083 0.669194149 0.434427692 0.429653054 0.429253286 0.414955015 0.426073847 0.396766278 0.176353961 0.000000000 0.187357199 0.190910499 0.190285309 0.453608575 0.453736373 0.431862049 0.459251304 0.538717356 0.566732238 0.580947362 0.562371113 0.556577634 0.551847005 0.555059702 0.574164324 0.547966985 0.555224935 0.560241560 0.556973613 0.542750204 1.029276476 
16     0.610775771 0.609394871 0.636240887 0.621605408 0.620373054 0.620725091 0.703829829 0.604193402 0.629955633 0.593735863 0.700236041 0.619087898 0.681735071 0.652911333 0.632011599 0.533058291 0.602230466 0.581475754 0.668252068 0.665501207 0.649215611 0.662850980 0.428240846 0.423636499 0.423003103 0.407049693 0.418425237 0.393402484 0.182213560 0.187357199 0.000000000 0.149095579 0.145109495 0.444367214 0.448639921 0.427214044 0.453043216 0.530312172 0.558277458 0.572561832 0.552924644 0.546914309 0.543643324 0.546515185 0.565218892 0.541850599 0.546799615 0.553392157 0.546640528 0.535312523 1.021606687 
34     0.618267143 0.616943051 0.642968810 0.628516860 0.627312038 0.629213366 0.713044124 0.612713899 0.639298915 0.602815060 0.708009837 0.626397680 0.688874895 0.660571985 0.639477549 0.539462803 0.609473782 0.588555218 0.673523106 0.670816075 0.654543138 0.668965536 0.434623377 0.429791725 0.429460372 0.414678728 0.426144040 0.398423649 0.181306833 0.190910499 0.149095579 0.000000000 0.079700628 0.452246071 0.453258655 0.431516285 0.457242922 0.538747093 0.567236202 0.581359721 0.562400073 0.556822902 0.552359923 0.555082640 0.573710484 0.547085118 0.553483560 0.559720496 0.555140428 0.541646631 1.028172897 
37     0.618592546 0.617128187 0.643318282 0.628866332 0.627661509 0.629420386 0.713393596 0.613063371 0.639648387 0.603163499 0.708359309 0.626653459 0.689167885 0.660871818 0.639777382 0.540039098 0.609589603 0.588816153 0.673849434 0.671118925 0.654869466 0.669498319 0.434537364 0.430110010 0.429778657 0.414292557 0.424893573 0.397741044 0.184709132 0.190285309 0.145109495 0.079700628 0.000000000 0.452542180 0.453127858 0.431212646 0.456749310 0.538997039 0.567027722 0.581178849 0.562263108 0.556605773 0.552142794 0.554865511 0.573493355 0.546867989 0.553806315 0.560008886 0.555525015 0.542031217 1.028522369 
9     0.587711623 0.585175694 0.607023376 0.593712990 0.592056933 0.593735161 0.675874067 0.579525601 0.604403266 0.566526208 0.674350238 0.589387401 0.649357579 0.622352511 0.601554716 0.506636661 0.575948006 0.555088104 0.642310113 0.638875031 0.622438441 0.637197682 0.407972374 0.401867104 0.401106886 0.384212299 0.395448808 0.398990198 0.450555407 0.453608575 0.444367214 0.452246071 0.452542180 0.000000000 0.329864175 0.307543790 0.348947379 0.502666914 0.530188518 0.543794539 0.524928928 0.520490511 0.519521607 0.520536104 0.538104607 0.515042359 0.524475833 0.527348626 0.522477914 0.510181875 0.981682627 
12     0.588001330 0.585703268 0.607681310 0.595059654 0.592742607 0.597062211 0.679908321 0.577532185 0.604749823 0.565400490 0.676748664 0.592623891 0.652384588 0.625856388 0.604789494 0.508740863 0.580745207 0.558446005 0.645302052 0.642514323 0.625998666 0.640979709 0.406375991 0.399747015 0.399058117 0.384036848 0.396502630 0.398372493 0.451871204 0.453736373 0.448639921 0.453258655 0.453127858 0.329864175 0.000000000 0.251077832 0.350733703 0.506389193 0.535376395 0.547581506 0.526830022 0.520155216 0.520224569 0.521027791 0.541206539 0.517574359 0.524161169 0.530513301 0.525789841 0.510978651 0.984299634 
46     0.570627967 0.568188897 0.590554474 0.575242900 0.574277035 0.579138108 0.663699464 0.562921898 0.589364677 0.550825711 0.659172727 0.571295762 0.632113324 0.605575776 0.583268506 0.490848285 0.561642798 0.539446681 0.622285786 0.619410156 0.603155549 0.615575305 0.386621160 0.380199612 0.379536555 0.364583747 0.374183439 0.377542649 0.430171127 0.431862049 0.427214044 0.431516285 0.431212646 0.307543790 0.251077832 0.000000000 0.330157883 0.487821035 0.515914494 0.528834692 0.511744681 0.505503110 0.503660088 0.504457504 0.524735412 0.497137014 0.506459998 0.511891841 0.507300473 0.493102995 0.971907610 
22     0.595471461 0.592609526 0.616081534 0.601920558 0.600707190 0.604465656 0.689559418 0.589109492 0.614593166 0.575917149 0.680866603 0.599476138 0.658885509 0.632591568 0.611430286 0.512177374 0.584872553 0.562306927 0.651388952 0.648391066 0.632655126 0.646251959 0.412024262 0.405315647 0.404690288 0.388123238 0.397818793 0.402913201 0.456760784 0.459251304 0.453043216 0.457242922 0.456749310 0.348947379 0.350733703 0.330157883 0.000000000 0.515659086 0.542789825 0.557553174 0.540995079 0.535356992 0.532573051 0.533682183 0.552578517 0.526927378 0.531469664 0.535848067 0.532734866 0.517654774 0.995393454 
17     0.574465045 0.572674337 0.594980336 0.582716618 0.579918368 0.582118054 0.662276494 0.563954714 0.588360217 0.550778535 0.658039352 0.582371049 0.643470224 0.616350863 0.593041604 0.498173445 0.567313436 0.546739236 0.629880837 0.632383836 0.615177690 0.631592535 0.491303949 0.488545428 0.488119490 0.469603000 0.479307394 0.488287411 0.537449082 0.538717356 0.530312172 0.538747093 0.538997039 0.502666914 0.506389193 0.487821035 0.515659086 0.000000000 0.192862003 0.201751706 0.239440690 0.233232866 0.231265538 0.231642358 0.253398972 0.345218796 0.509156757 0.515286331 0.507860650 0.495939116 0.959927513 
29     0.599493392 0.597799089 0.618537697 0.606267747 0.604087169 0.607640229 0.689725761 0.590185107 0.616448243 0.577983158 0.685865184 0.607832929 0.667013562 0.642196176 0.616587619 0.524137752 0.594003243 0.573786457 0.655078035 0.657529213 0.640672145 0.656795720 0.520890052 0.517658901 0.517232963 0.498471273 0.508642435 0.516576544 0.565902385 0.566732238 0.558277458 0.567236202 0.567027722 0.530188518 0.535376395 0.515914494 0.542789825 0.192862003 0.000000000 0.152655940 0.269473988 0.263363223 0.265563597 0.265775392 0.282420668 0.379848853 0.535447435 0.542273525 0.534689070 0.523028269 0.993526687 
20     0.611906460 0.610240918 0.631224853 0.618438817 0.616464373 0.619693524 0.703269258 0.601525838 0.628077975 0.589813974 0.697872528 0.619390448 0.679562304 0.654037987 0.628493312 0.535396123 0.605920076 0.585360165 0.667274639 0.669690098 0.651855736 0.669465803 0.535218410 0.531746986 0.531321048 0.512122131 0.522299915 0.530900486 0.579967684 0.580947362 0.572561832 0.581359721 0.581178849 0.543794539 0.547581506 0.528834692 0.557553174 0.201751706 0.152655940 0.000000000 0.277240166 0.271711886 0.274153107 0.275180122 0.291816017 0.388794951 0.548084380 0.554757420 0.547283324 0.534816219 1.004504920 
13     0.597204634 0.595322810 0.621121785 0.607193881 0.605403947 0.604562632 0.684779573 0.584567501 0.612515445 0.575797733 0.683322657 0.605329095 0.666227910 0.638297346 0.616202248 0.518260321 0.590997810 0.570044954 0.653865977 0.654092098 0.638066619 0.654244025 0.513504973 0.510516881 0.510208006 0.490874818 0.500297252 0.509128099 0.561332065 0.562371113 0.552924644 0.562400073 0.562263108 0.524928928 0.526830022 0.511744681 0.540995079 0.239440690 0.269473988 0.277240166 0.000000000 0.100192497 0.205171254 0.204378388 0.229999908 0.370527587 0.531823125 0.538282243 0.530447225 0.518812003 0.986739406 
39     0.591566865 0.589914200 0.615105066 0.601160837 0.599068054 0.600506138 0.679161313 0.579309853 0.607161547 0.570708402 0.677935181 0.599201379 0.660477156 0.632499726 0.609808784 0.512632904 0.584841081 0.563836781 0.646903622 0.647246296 0.630980388 0.647408942 0.508433024 0.505719783 0.505309051 0.485689113 0.494505321 0.503744998 0.555446466 0.556577634 0.546914309 0.556822902 0.556605773 0.520490511 0.520155216 0.505503110 0.535356992 0.233232866 0.263363223 0.271711886 0.100192497 0.000000000 0.197633371 0.196876399 0.222454482 0.364283382 0.527063127 0.533057364 0.525186578 0.513774304 0.984738922 
36     0.588504995 0.586916369 0.611998677 0.597475281 0.594722274 0.596545895 0.677612367 0.576444920 0.605508407 0.566102319 0.675171016 0.595353526 0.655206263 0.627701512 0.605361623 0.510055185 0.581530118 0.560863448 0.644461958 0.644724506 0.627218962 0.643651828 0.505943132 0.503509037 0.503109340 0.483011793 0.492541280 0.502024815 0.550384041 0.551847005 0.543643324 0.552359923 0.552142794 0.519521607 0.520224569 0.503660088 0.532573051 0.231265538 0.265563597 0.274153107 0.205171254 0.197633371 0.000000000 0.079578717 0.221483417 0.361076033 0.522407805 0.529740258 0.521599648 0.509993049 0.984230058 
3     0.590068029 0.588479403 0.614111955 0.599928842 0.597136554 0.597220631 0.677259173 0.576568053 0.605376681 0.566319666 0.675035684 0.597415216 0.657172444 0.629620399 0.607602100 0.511019586 0.582689439 0.562047268 0.647028512 0.647293662 0.630409975 0.646749532 0.508666402 0.506410513 0.505993558 0.485594347 0.495113996 0.504592390 0.553515382 0.555059702 0.546515185 0.555082640 0.554865511 0.520536104 0.521027791 0.504457504 0.533682183 0.231642358 0.265775392 0.275180122 0.204378388 0.196876399 0.079578717 0.000000000 0.222025858 0.362394589 0.523960823 0.531369426 0.523313154 0.511328433 0.985193357 
40     0.611509639 0.610191480 0.633228350 0.619926723 0.617403914 0.619382499 0.698383889 0.598543532 0.627258924 0.587684325 0.696322041 0.620126377 0.679939849 0.651032460 0.629800966 0.532240505 0.604654487 0.584996670 0.667280545 0.667715404 0.650806311 0.667103313 0.526996669 0.525204866 0.525306004 0.504360076 0.513972966 0.525141987 0.572465779 0.574164324 0.565218892 0.573710484 0.573493355 0.538104607 0.541206539 0.524735412 0.552578517 0.253398972 0.282420668 0.291816017 0.229999908 0.222454482 0.221483417 0.222025858 0.000000000 0.382052946 0.544911057 0.551565233 0.543610427 0.532485459 1.002084550 
19     0.582728490 0.582275834 0.607312967 0.592533630 0.590635569 0.593132220 0.675153462 0.575405515 0.600410765 0.563762272 0.666862556 0.593163038 0.653268510 0.625920970 0.604410937 0.506657371 0.579180500 0.559100236 0.630964578 0.631213140 0.616999675 0.630135714 0.503031988 0.499871445 0.499625927 0.482460370 0.487584655 0.499583848 0.545910773 0.547966985 0.541850599 0.547085118 0.546867989 0.515042359 0.517574359 0.497137014 0.526927378 0.345218796 0.379848853 0.388794951 0.370527587 0.364283382 0.361076033 0.362394589 0.382052946 0.000000000 0.516562079 0.523826900 0.517538646 0.503782282 0.974096784 
48     0.477851013 0.477028986 0.505634535 0.487971497 0.486235104 0.493571579 0.574489252 0.469968527 0.500014451 0.459659162 0.570567347 0.510697536 0.569073400 0.543782640 0.523777063 0.443776752 0.513185539 0.492816461 0.580482952 0.579630048 0.563477177 0.580356722 0.511569858 0.507146226 0.507570904 0.487161420 0.495570598 0.505758177 0.554329292 0.555224935 0.546799615 0.553483560 0.553806315 0.524475833 0.524161169 0.506459998 0.531469664 0.509156757 0.535447435 0.548084380 0.531823125 0.527063127 0.522407805 0.523960823 0.544911057 0.516562079 0.000000000 0.185038724 0.217497997 0.203167065 0.847230089 
49     0.488618894 0.487914457 0.515090218 0.497710134 0.495668695 0.499814337 0.582217721 0.477091815 0.505706677 0.461453109 0.577595706 0.517265416 0.575540231 0.549991460 0.530559956 0.450987286 0.519979242 0.499381522 0.587560445 0.586690884 0.569726757 0.587899845 0.517241059 0.512938981 0.513241783 0.493774749 0.501780209 0.511321793 0.559215163 0.560241560 0.553392157 0.559720496 0.560008886 0.527348626 0.530513301 0.511891841 0.535848067 0.515286331 0.542273525 0.554757420 0.538282243 0.533057364 0.529740258 0.531369426 0.551565233 0.523826900 0.185038724 0.000000000 0.232873314 0.216807056 0.850331337 
50     0.477581299 0.476469305 0.504376972 0.486571534 0.484673798 0.489563155 0.567077925 0.466884300 0.498509142 0.456566106 0.568086611 0.511388142 0.569849287 0.544743750 0.524270336 0.441737348 0.510810685 0.490413465 0.576035645 0.575317620 0.558467333 0.576088529 0.512842958 0.508186892 0.508626462 0.487820224 0.496116597 0.506931822 0.555809134 0.556973613 0.546640528 0.555140428 0.555525015 0.522477914 0.525789841 0.507300473 0.532734866 0.507860650 0.534689070 0.547283324 0.530447225 0.525186578 0.521599648 0.523313154 0.543610427 0.517538646 0.217497997 0.232873314 0.000000000 0.114519804 0.849032863 
47     0.462256107 0.461305342 0.489294822 0.471497782 0.469600046 0.474981479 0.557327370 0.453521480 0.484415763 0.442927277 0.553966053 0.497286052 0.555612530 0.530580857 0.509636057 0.427785302 0.495905347 0.475479765 0.562082144 0.560877334 0.546997522 0.562682719 0.498252890 0.493843405 0.494282975 0.473862690 0.482304498 0.492040721 0.541680290 0.542750204 0.535312523 0.541646631 0.542031217 0.510181875 0.510978651 0.493102995 0.517654774 0.495939116 0.523028269 0.534816219 0.518812003 0.513774304 0.509993049 0.511328433 0.532485459 0.503782282 0.203167065 0.216807056 0.114519804 0.000000000 0.836307949 
0     0.927211305 0.920725414 0.966919890 0.947797064 0.948406948 0.960211032 1.042725865 0.928275602 0.959364145 0.913112040 1.032552718 0.965780852 1.033557137 1.008451729 0.985148959 0.911911877 0.961651272 0.948115447 1.033925216 1.035018835 1.016367978 1.034577254 0.965640547 0.961291629 0.961498853 0.941609374 0.935656708 0.973063756 1.025804974 1.029276476 1.021606687 1.028172897 1.028522369 0.981682627 0.984299634 0.971907610 0.995393454 0.959927513 0.993526687 1.004504920 0.986739406 0.984738922 0.984230058 0.985193357 1.002084550 0.974096784 0.847230089 0.850331337 0.849032863 0.836307949 0.000000000 
