51
13     0.000000000 0.121275203 0.262104881 0.425675538 0.407361937 0.437905304 0.442163315 0.403301475 0.399294145 0.474439496 0.478885238 0.509986887 0.500428259 0.507212925 0.515496609 0.508981732 0.487354862 0.498459665 0.516274967 0.515611525 0.448923255 0.422032655 0.468159531 0.465347800 0.472574116 0.562990428 0.492410268 0.489985728 0.498030382 0.494019578 0.496851137 0.507235912 0.490987832 0.485542122 0.471246998 0.476003205 0.476682275 0.444798605 0.548970140 0.545643203 0.493592351 0.498552864 0.512229513 0.499447213 0.501915845 0.500516006 0.476570293 0.486188269 0.469079785 0.473770327 0.935455544 
37     0.121275203 0.000000000 0.264802195 0.428540664 0.410090197 0.440770430 0.445028441 0.406113052 0.402159271 0.477537906 0.481982393 0.513084042 0.503525415 0.510310080 0.518593765 0.512078887 0.490452018 0.501556820 0.519372122 0.518708680 0.452020410 0.425129810 0.471256686 0.468444955 0.475671271 0.566087583 0.495507423 0.493082883 0.501127537 0.497116733 0.499948292 0.510333067 0.494084987 0.488639277 0.474344153 0.479100360 0.479779430 0.447895760 0.552067295 0.548740358 0.496689506 0.501650019 0.515326668 0.502544368 0.505013000 0.503614415 0.479654483 0.489272458 0.472178195 0.476868737 0.937259598 
35     0.262104881 0.264802195 0.000000000 0.374868442 0.357054315 0.386947937 0.391472730 0.352945589 0.348603890 0.423774921 0.428387057 0.459537695 0.449979067 0.456763733 0.465047417 0.458532539 0.436905670 0.448010473 0.465825775 0.465162333 0.398474062 0.371551498 0.417678375 0.414866644 0.422092960 0.512509272 0.441924484 0.439499944 0.447544599 0.443533794 0.446365353 0.456750128 0.440562724 0.435056338 0.420761215 0.425517421 0.426196492 0.394312821 0.498325816 0.494998879 0.442647640 0.447825723 0.461502372 0.448746753 0.451215385 0.449854556 0.425963362 0.435581337 0.418503536 0.423194079 0.885024076 
28     0.425675538 0.428540664 0.374868442 0.000000000 0.194229207 0.335979738 0.339928934 0.301826779 0.296759690 0.410832954 0.416217870 0.446577659 0.437019031 0.443803696 0.452087381 0.445306428 0.423939918 0.435050436 0.452878978 0.452215536 0.385497935 0.359146783 0.405098034 0.402395688 0.409623988 0.500101412 0.429206067 0.426781527 0.435176139 0.431117621 0.433646936 0.444031711 0.427844307 0.422337921 0.408042797 0.412799004 0.413478074 0.382046301 0.487603622 0.484276686 0.431815509 0.436928109 0.450603197 0.437839540 0.440308172 0.439685026 0.415778774 0.425396750 0.408435087 0.413125629 0.873371544 
1     0.407361937 0.410090197 0.357054315 0.194229207 0.000000000 0.316591875 0.320521518 0.282429385 0.277335694 0.392973803 0.397925563 0.428381679 0.418823051 0.425607716 0.433891401 0.426903969 0.405743938 0.416854456 0.434682998 0.434019556 0.367041692 0.340985591 0.386889461 0.384341367 0.391464874 0.481800398 0.411454951 0.409030410 0.417425022 0.413366505 0.415895819 0.426280594 0.410093190 0.404586805 0.390291681 0.395047887 0.395726958 0.363935302 0.469486495 0.466159559 0.413538104 0.418706862 0.432381950 0.419589360 0.422057992 0.421432052 0.397525801 0.407143776 0.390182114 0.394872656 0.855016094 
6     0.437905304 0.440770430 0.386947937 0.335979738 0.316591875 0.000000000 0.177510374 0.206442073 0.199265518 0.424838126 0.429505255 0.459769528 0.450210900 0.457018743 0.465194172 0.458777447 0.437040755 0.448265483 0.466080786 0.465417344 0.398561614 0.372569430 0.418688673 0.415888734 0.422975398 0.513556239 0.442513428 0.440088888 0.448323526 0.444424982 0.446931496 0.457276759 0.441143820 0.435645282 0.421350158 0.426106364 0.426785435 0.394817560 0.500704838 0.497377901 0.444845896 0.449906168 0.463582817 0.451451900 0.453920532 0.453205934 0.429243967 0.438861942 0.421955995 0.426646538 0.885966901 
22     0.442163315 0.445028441 0.391472730 0.339928934 0.320521518 0.177510374 0.000000000 0.210205467 0.202961130 0.429044271 0.434228249 0.464563511 0.455004884 0.461789549 0.470073234 0.463608855 0.441739244 0.453036289 0.470851591 0.470188149 0.403274783 0.377296049 0.423298454 0.420498515 0.427812370 0.518246719 0.447638392 0.445213852 0.453448490 0.449549946 0.452079261 0.462464036 0.446276632 0.440770246 0.426475122 0.431231329 0.431910399 0.399961379 0.504642939 0.501316002 0.448744065 0.453765163 0.467359782 0.455391511 0.457860142 0.456770584 0.433012184 0.442630160 0.425780775 0.430471317 0.890201332 
11     0.403301475 0.406113052 0.352945589 0.301826779 0.282429385 0.206442073 0.210205467 0.000000000 0.158179345 0.390874977 0.396085324 0.426159336 0.416600708 0.423340511 0.431647716 0.425186358 0.403415510 0.414645351 0.432460653 0.431797211 0.364959540 0.339198516 0.385308386 0.382508448 0.389734764 0.480175952 0.409535154 0.407110614 0.415345252 0.411446708 0.413976022 0.424360797 0.408173393 0.402667008 0.388371884 0.393128090 0.393807161 0.361858141 0.466657058 0.463330122 0.410798117 0.415858389 0.429535038 0.417394440 0.419863072 0.419124067 0.395156069 0.404774044 0.387874128 0.392564670 0.852092025 
4     0.399294145 0.402159271 0.348603890 0.296759690 0.277335694 0.199265518 0.202961130 0.158179345 0.000000000 0.385906054 0.390865142 0.420496807 0.410904075 0.417743268 0.426036375 0.419571996 0.397735990 0.409007689 0.426814733 0.426159549 0.359560101 0.333732335 0.379886782 0.377086843 0.384313159 0.474759969 0.404446674 0.402022133 0.410164276 0.406358228 0.408887542 0.419272317 0.403084913 0.397578528 0.383265123 0.388039610 0.388718681 0.356769660 0.461589493 0.458262556 0.405730552 0.410790824 0.424467473 0.412328135 0.414796767 0.414070643 0.390105013 0.399722988 0.382820705 0.387511247 0.847153286 
21     0.474439496 0.477537906 0.423774921 0.410832954 0.392973803 0.424838126 0.429044271 0.390874977 0.385906054 0.000000000 0.426019152 0.458702107 0.449241792 0.456434526 0.464718211 0.458296022 0.436715549 0.447681266 0.465509808 0.464846366 0.398217992 0.371510274 0.417606548 0.414921732 0.422127302 0.512645259 0.441935498 0.439510958 0.447148765 0.443090248 0.446376367 0.456761142 0.440573738 0.434929488 0.420772228 0.425528435 0.426207505 0.394342275 0.499327799 0.496000863 0.444101216 0.448809061 0.462488318 0.450806594 0.453275226 0.451479730 0.427595053 0.437213028 0.420263573 0.424954115 0.884944887 
16     0.478885238 0.481982393 0.428387057 0.416217870 0.397925563 0.429505255 0.434228249 0.396085324 0.390865142 0.426019152 0.000000000 0.409260089 0.399700141 0.406468818 0.414733785 0.408358061 0.386754477 0.397740440 0.415578899 0.414906829 0.348599063 0.323147687 0.368624490 0.366052754 0.373425035 0.463799427 0.392766989 0.390342448 0.398486616 0.394450071 0.397204937 0.407589712 0.391402308 0.385803161 0.371591217 0.376359925 0.377038996 0.344803391 0.491458121 0.488131184 0.435365952 0.440785913 0.454264052 0.444505004 0.446973636 0.446251785 0.422863503 0.432481478 0.415308786 0.419999328 0.880630245 
23     0.509986887 0.513084042 0.459537695 0.446577659 0.428381679 0.459769528 0.464563511 0.426159336 0.420496807 0.458702107 0.409260089 0.000000000 0.122297631 0.158333418 0.167740208 0.161020433 0.139201882 0.149378595 0.169743242 0.168622923 0.201167086 0.333363745 0.379905123 0.376743173 0.383544527 0.474414980 0.403387049 0.400962509 0.409554121 0.405496119 0.407866684 0.418251459 0.402064055 0.396603284 0.382241352 0.386979985 0.387659056 0.355837101 0.525790192 0.522463256 0.469994777 0.474854311 0.488350170 0.478612182 0.481080814 0.478792154 0.455266590 0.464884565 0.447887922 0.452578465 0.913634456 
24     0.500428259 0.503525415 0.449979067 0.437019031 0.418823051 0.450210900 0.455004884 0.416600708 0.410904075 0.449241792 0.399700141 0.122297631 0.000000000 0.151545015 0.159752791 0.153187999 0.130966377 0.140365355 0.160504605 0.159925472 0.190745926 0.323807630 0.370313404 0.367151455 0.373967914 0.464900732 0.393813448 0.391388907 0.399980520 0.395922518 0.398293083 0.408677858 0.392490454 0.387029683 0.372667751 0.377406384 0.378085455 0.346263500 0.516417850 0.513090913 0.460622435 0.465481968 0.478977827 0.469126320 0.471594952 0.469608902 0.446077575 0.455695550 0.438676705 0.443367247 0.904133373 
20     0.507212925 0.510310080 0.456763733 0.443803696 0.425607716 0.457018743 0.461789549 0.423340511 0.417743268 0.456434526 0.406468818 0.158333418 0.151545015 0.000000000 0.130074833 0.125687439 0.100577159 0.141918864 0.161525807 0.161332397 0.198638126 0.330421157 0.376833781 0.373671832 0.380494441 0.471238939 0.400331365 0.397906825 0.406498437 0.402440436 0.404811000 0.415195775 0.399008371 0.393547600 0.379185668 0.383924301 0.384603372 0.352781417 0.523075384 0.519748447 0.467279969 0.472139502 0.485635361 0.475799177 0.478267809 0.475996321 0.452646840 0.462264815 0.445246713 0.449937255 0.910811026 
25     0.515496609 0.518593765 0.465047417 0.452087381 0.433891401 0.465194172 0.470073234 0.431647716 0.426036375 0.464718211 0.414733785 0.167740208 0.159752791 0.130074833 0.000000000 0.101421997 0.094549684 0.149455418 0.168814037 0.168468539 0.206012787 0.338690356 0.385196130 0.382034181 0.388850640 0.479783458 0.408687270 0.406262730 0.414854342 0.410796341 0.413166905 0.423551680 0.407364276 0.401903505 0.387541573 0.392280207 0.392959277 0.361137322 0.531391860 0.528064923 0.475596444 0.480455978 0.493951837 0.484115653 0.486584285 0.484598235 0.461066908 0.470684884 0.453666038 0.458356581 0.919126638 
27     0.508981732 0.512078887 0.458532539 0.445306428 0.426903969 0.458777447 0.463608855 0.425186358 0.419571996 0.458296022 0.408358061 0.161020433 0.153187999 0.125687439 0.101421997 0.000000000 0.088070889 0.144721887 0.164618101 0.164385018 0.200691086 0.332776847 0.379282621 0.376120672 0.382937131 0.473869949 0.402773761 0.400349221 0.408940833 0.404882832 0.407253396 0.417638171 0.401450767 0.395989996 0.381628064 0.386366698 0.387045768 0.355223813 0.524967178 0.521640241 0.469134066 0.473724967 0.487284922 0.477690971 0.480159603 0.478173553 0.454642226 0.464260201 0.447241356 0.451931898 0.912667460 
15     0.487354862 0.490452018 0.436905670 0.423939918 0.405743938 0.437040755 0.441739244 0.403415510 0.397735990 0.436715549 0.386754477 0.139201882 0.130966377 0.100577159 0.094549684 0.088070889 0.000000000 0.122075957 0.142159081 0.141574417 0.178487870 0.310702412 0.357208186 0.354046237 0.360862697 0.451795515 0.380699326 0.378274786 0.386866399 0.382808397 0.385178962 0.395563736 0.379376333 0.373915561 0.359553629 0.364292263 0.364971334 0.333149378 0.503255428 0.499928491 0.447580092 0.452439626 0.465935485 0.455979221 0.458447853 0.456461804 0.432930477 0.442548452 0.425529607 0.430220149 0.891031569 
14     0.498459665 0.501556820 0.448010473 0.435050436 0.416854456 0.448265483 0.453036289 0.414645351 0.409007689 0.447681266 0.397740440 0.149378595 0.140365355 0.141918864 0.149455418 0.144721887 0.122075957 0.000000000 0.109837081 0.108416082 0.188756823 0.321587261 0.368093035 0.364931086 0.371747546 0.462680364 0.391428971 0.389004431 0.397596044 0.393538042 0.395965258 0.406350033 0.390162629 0.384668556 0.370306401 0.375078559 0.375757630 0.343940539 0.514354915 0.511027979 0.458559500 0.463419033 0.476914893 0.467078708 0.469547340 0.467561291 0.444029964 0.453647939 0.436629094 0.441319636 0.902136986 
18     0.516274967 0.519372122 0.465825775 0.452878978 0.434682998 0.466080786 0.470851591 0.432460653 0.426814733 0.465509808 0.415578899 0.169743242 0.160504605 0.161525807 0.168814037 0.164618101 0.142159081 0.109837081 0.000000000 0.055239649 0.206455372 0.339486912 0.385992686 0.382830737 0.389647197 0.480580015 0.409483827 0.407059286 0.415650899 0.411592897 0.413963462 0.424348237 0.408160833 0.402700062 0.388338130 0.393076763 0.393755834 0.361933879 0.532183457 0.528856520 0.476388042 0.481247575 0.494743434 0.484907250 0.487375882 0.485240478 0.461678876 0.471206146 0.454317256 0.459007798 0.919965528 
7     0.515611525 0.518708680 0.465162333 0.452215536 0.434019556 0.465417344 0.470188149 0.431797211 0.426159549 0.464846366 0.414906829 0.168622923 0.159925472 0.161332397 0.168468539 0.164385018 0.141574417 0.108416082 0.055239649 0.000000000 0.205550679 0.338800189 0.385305963 0.382144014 0.388960473 0.479893291 0.408797103 0.406372563 0.414964175 0.410906174 0.413276738 0.423661513 0.407474109 0.402013338 0.387651406 0.392390040 0.393069110 0.361247155 0.531520015 0.528193078 0.475724599 0.480584133 0.494079992 0.484243808 0.486712440 0.484577036 0.461015434 0.470542704 0.453653814 0.458344356 0.919302085 
36     0.448923255 0.452020410 0.398474062 0.385497935 0.367041692 0.398561614 0.403274783 0.364959540 0.359560101 0.398217992 0.348599063 0.201167086 0.190745926 0.198638126 0.206012787 0.200691086 0.178487870 0.188756823 0.206455372 0.205550679 0.000000000 0.271992557 0.318128874 0.314966925 0.322152842 0.413059893 0.342245477 0.339820937 0.348349378 0.344291377 0.346725112 0.357046716 0.340859312 0.335461712 0.321099780 0.325838413 0.326517484 0.294569496 0.465002937 0.461676001 0.409398840 0.414330912 0.427826771 0.417790682 0.420259314 0.418280716 0.394749389 0.404367364 0.387348519 0.392039062 0.852845354 
10     0.422032655 0.425129810 0.371551498 0.359146783 0.340985591 0.372569430 0.377296049 0.339198516 0.333732335 0.371510274 0.323147687 0.333363745 0.323807630 0.330421157 0.338690356 0.332776847 0.310702412 0.321587261 0.339486912 0.338800189 0.271992557 0.000000000 0.183243662 0.179952094 0.188190838 0.277697276 0.231856036 0.229473899 0.238253742 0.234222305 0.236500216 0.246924194 0.230489122 0.225156463 0.210900397 0.215404827 0.216298745 0.184629670 0.437038905 0.433711968 0.381103177 0.386150458 0.399410534 0.389042676 0.391511308 0.390181532 0.366667253 0.376285228 0.359294599 0.363985141 0.825402192 
3     0.468159531 0.471256686 0.417678375 0.405098034 0.386889461 0.418688673 0.423298454 0.385308386 0.379886782 0.417606548 0.368624490 0.379905123 0.370313404 0.376833781 0.385196130 0.379282621 0.357208186 0.368093035 0.385992686 0.385305963 0.318128874 0.183243662 0.000000000 0.089836741 0.206656637 0.323454927 0.277407815 0.275033054 0.283752733 0.279691393 0.282043199 0.292475612 0.276041915 0.270646865 0.256212383 0.260896619 0.261790538 0.229863260 0.483111284 0.479784347 0.427244343 0.432452407 0.445718945 0.435120252 0.437588884 0.436423394 0.413004810 0.422622785 0.405563704 0.410254247 0.871638004 
2     0.465347800 0.468444955 0.414866644 0.402395688 0.384341367 0.415888734 0.420498515 0.382508448 0.377086843 0.414921732 0.366052754 0.376743173 0.367151455 0.373671832 0.382034181 0.376120672 0.354046237 0.364931086 0.382830737 0.382144014 0.314966925 0.179952094 0.089836741 0.000000000 0.202994539 0.320183700 0.274037776 0.271655640 0.280375320 0.276313979 0.278646112 0.289078525 0.272485170 0.267203220 0.252834970 0.257547181 0.258359974 0.226540280 0.480520484 0.477193547 0.424979224 0.429864980 0.443131518 0.432496333 0.434964965 0.433765354 0.410346770 0.419964745 0.402905664 0.407596206 0.868790725 
31     0.472574116 0.475671271 0.422092960 0.409623988 0.391464874 0.422975398 0.427812370 0.389734764 0.384313159 0.422127302 0.373425035 0.383544527 0.373967914 0.380494441 0.388850640 0.382937131 0.360862697 0.371747546 0.389647197 0.388960473 0.322152842 0.188190838 0.206656637 0.202994539 0.000000000 0.326639611 0.282010758 0.279572480 0.288277490 0.284216150 0.286529649 0.297168045 0.280734349 0.275137055 0.260602994 0.265363399 0.266257318 0.234382901 0.487506592 0.484137884 0.432196777 0.437145933 0.450412471 0.439877857 0.442346489 0.441064394 0.417645810 0.427263785 0.410204704 0.414895246 0.875995740 
34     0.562990428 0.566087583 0.512509272 0.500101412 0.481800398 0.513556239 0.518246719 0.480175952 0.474759969 0.512645259 0.463799427 0.474414980 0.464900732 0.471238939 0.479783458 0.473869949 0.451795515 0.462680364 0.480580015 0.479893291 0.413059893 0.277697276 0.323454927 0.320183700 0.326639611 0.000000000 0.372246612 0.369864475 0.378532055 0.374509133 0.376938365 0.387362343 0.370901993 0.365487993 0.351024084 0.355647998 0.356541916 0.324796953 0.577965860 0.574638923 0.522195686 0.527251661 0.539410958 0.528879683 0.531348315 0.531233199 0.507814854 0.517432829 0.500373749 0.505064291 0.966482508 
29     0.492410268 0.495507423 0.441924484 0.429206067 0.411454951 0.442513428 0.447638392 0.409535154 0.404446674 0.441935498 0.392766989 0.403387049 0.393813448 0.400331365 0.408687270 0.402773761 0.380699326 0.391428971 0.409483827 0.408797103 0.342245477 0.231856036 0.277407815 0.274037776 0.282010758 0.372246612 0.000000000 0.101133827 0.130642108 0.127301650 0.155445927 0.166020431 0.149481044 0.158773926 0.145210606 0.156597481 0.157207947 0.199011850 0.507442305 0.504115368 0.451919279 0.456892242 0.470276986 0.459721217 0.462189849 0.460459785 0.437307129 0.446925104 0.429866023 0.434556565 0.895885038 
32     0.489985728 0.493082883 0.439499944 0.426781527 0.409030410 0.440088888 0.445213852 0.407110614 0.402022133 0.439510958 0.390342448 0.400962509 0.391388907 0.397906825 0.406262730 0.400349221 0.378274786 0.389004431 0.407059286 0.406372563 0.339820937 0.229473899 0.275033054 0.271655640 0.279572480 0.369864475 0.101133827 0.000000000 0.130601028 0.127658466 0.151466758 0.162943227 0.145782910 0.158882799 0.142822870 0.154411455 0.155037765 0.196456849 0.505017765 0.501690828 0.449494739 0.454467702 0.467852446 0.457296677 0.459765309 0.458030730 0.434882588 0.444500564 0.427441483 0.432132025 0.893460498 
17     0.498030382 0.501127537 0.447544599 0.435176139 0.417425022 0.448323526 0.453448490 0.415345252 0.410164276 0.447148765 0.398486616 0.409554121 0.399980520 0.406498437 0.414854342 0.408940833 0.386866399 0.397596044 0.415650899 0.414964175 0.348349378 0.238253742 0.283752733 0.280375320 0.288277490 0.378532055 0.130642108 0.130601028 0.000000000 0.058501831 0.162312946 0.173608534 0.157356153 0.166473214 0.152179744 0.164055392 0.164771082 0.205529809 0.513125936 0.509798999 0.457602909 0.462575872 0.475960617 0.465404848 0.467873480 0.466143415 0.442990759 0.452608734 0.435549653 0.440240196 0.901726209 
33     0.494019578 0.497116733 0.443533794 0.431117621 0.413366505 0.444424982 0.449549946 0.411446708 0.406358228 0.443090248 0.394450071 0.405496119 0.395922518 0.402440436 0.410796341 0.404882832 0.382808397 0.393538042 0.411592897 0.410906174 0.344291377 0.234222305 0.279691393 0.276313979 0.284216150 0.374509133 0.127301650 0.127658466 0.058501831 0.000000000 0.157974171 0.168999898 0.153175838 0.162399034 0.148889597 0.159801822 0.160395742 0.201524813 0.508853452 0.505526516 0.453269927 0.458031082 0.471582672 0.461346330 0.463814962 0.462084898 0.438932241 0.448550217 0.431491136 0.436181678 0.897667691 
30     0.496851137 0.499948292 0.446365353 0.433646936 0.415895819 0.446931496 0.452079261 0.413976022 0.408887542 0.446376367 0.397204937 0.407866684 0.398293083 0.404811000 0.413166905 0.407253396 0.385178962 0.395965258 0.413963462 0.413276738 0.346725112 0.236500216 0.282043199 0.278646112 0.286529649 0.376938365 0.155445927 0.151466758 0.162312946 0.157974171 0.000000000 0.082488496 0.092441724 0.163157503 0.146369317 0.162459495 0.163564265 0.203769354 0.511883174 0.508556237 0.456360147 0.461333110 0.474717855 0.464162086 0.466630718 0.464896139 0.441747997 0.451365972 0.434306891 0.438997434 0.900325907 
8     0.507235912 0.510333067 0.456750128 0.444031711 0.426280594 0.457276759 0.462464036 0.424360797 0.419272317 0.456761142 0.407589712 0.418251459 0.408677858 0.415195775 0.423551680 0.417638171 0.395563736 0.406350033 0.424348237 0.423661513 0.357046716 0.246924194 0.292475612 0.289078525 0.297168045 0.387362343 0.166020431 0.162943227 0.173608534 0.168999898 0.082488496 0.000000000 0.105241455 0.173842661 0.158619258 0.173700769 0.174790237 0.214277624 0.522267949 0.518941012 0.466744922 0.471717885 0.485102630 0.474546861 0.477015493 0.475285428 0.452132772 0.461750747 0.444691666 0.449382209 0.910710682 
26     0.490987832 0.494084987 0.440562724 0.427844307 0.410093190 0.441143820 0.446276632 0.408173393 0.403084913 0.440573738 0.391402308 0.402064055 0.392490454 0.399008371 0.407364276 0.401450767 0.379376333 0.390162629 0.408160833 0.407474109 0.340859312 0.230489122 0.276041915 0.272485170 0.280734349 0.370901993 0.149481044 0.145782910 0.157356153 0.153175838 0.092441724 0.105241455 0.000000000 0.158381875 0.141471283 0.156660338 0.157634369 0.197875440 0.506080545 0.502753608 0.450557518 0.455530481 0.468915226 0.458359457 0.460828089 0.459093510 0.435945368 0.445563343 0.428504262 0.433194805 0.894523278 
9     0.485542122 0.488639277 0.435056338 0.422337921 0.404586805 0.435645282 0.440770246 0.402667008 0.397578528 0.434929488 0.385803161 0.396603284 0.387029683 0.393547600 0.401903505 0.395989996 0.373915561 0.384668556 0.402700062 0.402013338 0.335461712 0.225156463 0.270646865 0.267203220 0.275137055 0.365487993 0.158773926 0.158882799 0.166473214 0.162399034 0.163157503 0.173842661 0.158381875 0.000000000 0.133100916 0.150642922 0.152164177 0.191903387 0.500470537 0.497143600 0.444946765 0.449670418 0.463066915 0.452818287 0.455286919 0.453552341 0.430404199 0.440022174 0.422963093 0.427653635 0.888964357 
38     0.471246998 0.474344153 0.420761215 0.408042797 0.390291681 0.421350158 0.426475122 0.388371884 0.383265123 0.420772228 0.371591217 0.382241352 0.372667751 0.379185668 0.387541573 0.381628064 0.359553629 0.370306401 0.388338130 0.387651406 0.321099780 0.210900397 0.256212383 0.252834970 0.260602994 0.351024084 0.145210606 0.142822870 0.152179744 0.148889597 0.146369317 0.158619258 0.141471283 0.133100916 0.000000000 0.135105429 0.136887341 0.177613596 0.486279035 0.482952099 0.430756009 0.435728972 0.449113717 0.438557948 0.441026579 0.439132507 0.416143859 0.425761834 0.408702753 0.413393295 0.874721768 
5     0.476003205 0.479100360 0.425517421 0.412799004 0.395047887 0.426106364 0.431231329 0.393128090 0.388039610 0.425528435 0.376359925 0.386979985 0.377406384 0.383924301 0.392280207 0.386366698 0.364292263 0.375078559 0.393076763 0.392390040 0.325838413 0.215404827 0.260896619 0.257547181 0.265363399 0.355647998 0.156597481 0.154411455 0.164055392 0.159801822 0.162459495 0.173700769 0.156660338 0.150642922 0.135105429 0.000000000 0.037688906 0.181880955 0.491035242 0.487708305 0.435512215 0.440485178 0.453869923 0.443314154 0.445782786 0.444052721 0.420900065 0.430518040 0.413458959 0.418149502 0.879477975 
19     0.476682275 0.479779430 0.426196492 0.413478074 0.395726958 0.426785435 0.431910399 0.393807161 0.388718681 0.426207505 0.377038996 0.387659056 0.378085455 0.384603372 0.392959277 0.387045768 0.364971334 0.375757630 0.393755834 0.393069110 0.326517484 0.216298745 0.261790538 0.258359974 0.266257318 0.356541916 0.157207947 0.155037765 0.164771082 0.160395742 0.163564265 0.174790237 0.157634369 0.152164177 0.136887341 0.037688906 0.000000000 0.182810696 0.491714312 0.488387376 0.436191286 0.441164249 0.454548994 0.443993225 0.446461856 0.444731792 0.421579136 0.431197111 0.414138030 0.418828572 0.880157045 
12     0.444798605 0.447895760 0.394312821 0.382046301 0.363935302 0.394817560 0.399961379 0.361858141 0.356769660 0.394342275 0.344803391 0.355837101 0.346263500 0.352781417 0.361137322 0.355223813 0.333149378 0.343940539 0.361933879 0.361247155 0.294569496 0.184629670 0.229863260 0.226540280 0.234382901 0.324796953 0.199011850 0.196456849 0.205529809 0.201524813 0.203769354 0.214277624 0.197875440 0.191903387 0.177613596 0.181880955 0.182810696 0.000000000 0.459856341 0.456529404 0.404350471 0.409306278 0.422683858 0.411936527 0.414405159 0.412719800 0.389554903 0.399172878 0.382113797 0.386804339 0.848196593 
39     0.548970140 0.552067295 0.498325816 0.487603622 0.469486495 0.500704838 0.504642939 0.466657058 0.461589493 0.499327799 0.491458121 0.525790192 0.516417850 0.523075384 0.531391860 0.524967178 0.503255428 0.514354915 0.532183457 0.531520015 0.465002937 0.437038905 0.483111284 0.480520484 0.487506592 0.577965860 0.507442305 0.505017765 0.513125936 0.508853452 0.511883174 0.522267949 0.506080545 0.500470537 0.486279035 0.491035242 0.491714312 0.459856341 0.000000000 0.085519721 0.399216181 0.403885764 0.417872144 0.461599144 0.464067776 0.463740488 0.440066240 0.449425872 0.432399035 0.437091403 0.946300315 
47     0.545643203 0.548740358 0.494998879 0.484276686 0.466159559 0.497377901 0.501316002 0.463330122 0.458262556 0.496000863 0.488131184 0.522463256 0.513090913 0.519748447 0.528064923 0.521640241 0.499928491 0.511027979 0.528856520 0.528193078 0.461676001 0.433711968 0.479784347 0.477193547 0.484137884 0.574638923 0.504115368 0.501690828 0.509798999 0.505526516 0.508556237 0.518941012 0.502753608 0.497143600 0.482952099 0.487708305 0.488387376 0.456529404 0.085519721 0.000000000 0.395938898 0.400608481 0.414594861 0.458272207 0.460740839 0.460413552 0.436739304 0.446115318 0.429072098 0.433764466 0.942973378 
42     0.493592351 0.496689506 0.442647640 0.431815509 0.413538104 0.444845896 0.448744065 0.410798117 0.405730552 0.444101216 0.435365952 0.469994777 0.460622435 0.467279969 0.475596444 0.469134066 0.447580092 0.458559500 0.476388042 0.475724599 0.409398840 0.381103177 0.427244343 0.424979224 0.432196777 0.522195686 0.451919279 0.449494739 0.457602909 0.453269927 0.456360147 0.466744922 0.450557518 0.444946765 0.430756009 0.435512215 0.436191286 0.404350471 0.399216181 0.395938898 0.000000000 0.232589991 0.248577211 0.405946216 0.408414847 0.409386609 0.385691159 0.395309134 0.378023954 0.382716321 0.890998624 
49     0.498552864 0.501650019 0.447825723 0.436928109 0.418706862 0.449906168 0.453765163 0.415858389 0.410790824 0.448809061 0.440785913 0.474854311 0.465481968 0.472139502 0.480455978 0.473724967 0.452439626 0.463419033 0.481247575 0.480584133 0.414330912 0.386150458 0.432452407 0.429864980 0.437145933 0.527251661 0.456892242 0.454467702 0.462575872 0.458031082 0.461333110 0.471717885 0.455530481 0.449670418 0.435728972 0.440485178 0.441164249 0.409306278 0.403885764 0.400608481 0.232589991 0.000000000 0.155417417 0.411019338 0.413487969 0.413817224 0.390175009 0.399792984 0.382451191 0.387143559 0.895985558 
44     0.512229513 0.515326668 0.461502372 0.450603197 0.432381950 0.463582817 0.467359782 0.429535038 0.424467473 0.462488318 0.454264052 0.488350170 0.478977827 0.485635361 0.493951837 0.487284922 0.465935485 0.476914893 0.494743434 0.494079992 0.427826771 0.399410534 0.445718945 0.443131518 0.450412471 0.539410958 0.470276986 0.467852446 0.475960617 0.471582672 0.474717855 0.485102630 0.468915226 0.463066915 0.449113717 0.453869923 0.454548994 0.422683858 0.417872144 0.414594861 0.248577211 0.155417417 0.000000000 0.424886619 0.427355251 0.427726823 0.404084608 0.413702583 0.396360790 0.401053157 0.909704834 
45     0.499447213 0.502544368 0.448746753 0.437839540 0.419589360 0.451451900 0.455391511 0.417394440 0.412328135 0.450806594 0.444505004 0.478612182 0.469126320 0.475799177 0.484115653 0.477690971 0.455979221 0.467078708 0.484907250 0.484243808 0.417790682 0.389042676 0.435120252 0.432496333 0.439877857 0.528879683 0.459721217 0.457296677 0.465404848 0.461346330 0.464162086 0.474546861 0.458359457 0.452818287 0.438557948 0.443314154 0.443993225 0.411936527 0.461599144 0.458272207 0.405946216 0.411019338 0.424886619 0.000000000 0.044451458 0.411018151 0.387218335 0.396818003 0.379411700 0.384104068 0.896678794 
50     0.501915845 0.505013000 0.451215385 0.440308172 0.422057992 0.453920532 0.457860142 0.419863072 0.414796767 0.453275226 0.446973636 0.481080814 0.471594952 0.478267809 0.486584285 0.480159603 0.458447853 0.469547340 0.487375882 0.486712440 0.420259314 0.391511308 0.437588884 0.434964965 0.442346489 0.531348315 0.462189849 0.459765309 0.467873480 0.463814962 0.466630718 0.477015493 0.460828089 0.455286919 0.441026579 0.445782786 0.446461856 0.414405159 0.464067776 0.460740839 0.408414847 0.413487969 0.427355251 0.044451458 0.000000000 0.413486783 0.389686967 0.399286635 0.381880332 0.386572700 0.899147426 
41     0.500516006 0.503614415 0.449854556 0.439685026 0.421432052 0.453205934 0.456770584 0.419124067 0.414070643 0.451479730 0.446251785 0.478792154 0.469608902 0.475996321 0.484598235 0.478173553 0.456461804 0.467561291 0.485240478 0.484577036 0.418280716 0.390181532 0.436423394 0.433765354 0.441064394 0.531233199 0.460459785 0.458030730 0.466143415 0.462084898 0.464896139 0.475285428 0.459093510 0.453552341 0.439132507 0.444052721 0.444731792 0.412719800 0.463740488 0.460413552 0.409386609 0.413817224 0.427726823 0.411018151 0.413486783 0.000000000 0.247932372 0.257622029 0.239698840 0.244445899 0.900294514 
48     0.476570293 0.479654483 0.425963362 0.415778774 0.397525801 0.429243967 0.433012184 0.395156069 0.390105013 0.427595053 0.422863503 0.455266590 0.446077575 0.452646840 0.461066908 0.454642226 0.432930477 0.444029964 0.461678876 0.461015434 0.394749389 0.366667253 0.413004810 0.410346770 0.417645810 0.507814854 0.437307129 0.434882588 0.442990759 0.438932241 0.441747997 0.452132772 0.435945368 0.430404199 0.416143859 0.420900065 0.421579136 0.389554903 0.440066240 0.436739304 0.385691159 0.390175009 0.404084608 0.387218335 0.389686967 0.247932372 0.000000000 0.081422251 0.202938315 0.207930069 0.876644578 
46     0.486188269 0.489272458 0.435581337 0.425396750 0.407143776 0.438861942 0.442630160 0.404774044 0.399722988 0.437213028 0.432481478 0.464884565 0.455695550 0.462264815 0.470684884 0.464260201 0.442548452 0.453647939 0.471206146 0.470542704 0.404367364 0.376285228 0.422622785 0.419964745 0.427263785 0.517432829 0.446925104 0.444500564 0.452608734 0.448550217 0.451365972 0.461750747 0.445563343 0.440022174 0.425761834 0.430518040 0.431197111 0.399172878 0.449425872 0.446115318 0.395309134 0.399792984 0.413702583 0.396818003 0.399286635 0.257622029 0.081422251 0.000000000 0.211874671 0.216880039 0.886262553 
40     0.469079785 0.472178195 0.418503536 0.408435087 0.390182114 0.421955995 0.425780775 0.387874128 0.382820705 0.420263573 0.415308786 0.447887922 0.438676705 0.445246713 0.453666038 0.447241356 0.425529607 0.436629094 0.454317256 0.453653814 0.387348519 0.359294599 0.405563704 0.402905664 0.410204704 0.500373749 0.429866023 0.427441483 0.435549653 0.431491136 0.434306891 0.444691666 0.428504262 0.422963093 0.408702753 0.413458959 0.414138030 0.382113797 0.432399035 0.429072098 0.378023954 0.382451191 0.396360790 0.379411700 0.381880332 0.239698840 0.202938315 0.211874671 0.000000000 0.051489691 0.869204706 
43     0.473770327 0.476868737 0.423194079 0.413125629 0.394872656 0.426646538 0.430471317 0.392564670 0.387511247 0.424954115 0.419999328 0.452578465 0.443367247 0.449937255 0.458356581 0.451931898 0.430220149 0.441319636 0.459007798 0.458344356 0.392039062 0.363985141 0.410254247 0.407596206 0.414895246 0.505064291 0.434556565 0.432132025 0.440240196 0.436181678 0.438997434 0.449382209 0.433194805 0.427653635 0.413393295 0.418149502 0.418828572 0.386804339 0.437091403 0.433764466 0.382716321 0.387143559 0.401053157 0.384104068 0.386572700 0.244445899 0.207930069 0.216880039 0.051489691 0.000000000 0.873895248 
0     0.935455544 0.937259598 0.885024076 0.873371544 0.855016094 0.885966901 0.890201332 0.852092025 0.847153286 0.884944887 0.880630245 0.913634456 0.904133373 0.910811026 0.919126638 0.912667460 0.891031569 0.902136986 0.919965528 0.919302085 0.852845354 0.825402192 0.871638004 0.868790725 0.875995740 0.966482508 0.895885038 0.893460498 0.901726209 0.897667691 0.900325907 0.910710682 0.894523278 0.888964357 0.874721768 0.879477975 0.880157045 0.848196593 0.946300315 0.942973378 0.890998624 0.895985558 0.909704834 0.896678794 0.899147426 0.900294514 0.876644578 0.886262553 0.869204706 0.873895248 0.000000000 
