51
13     0.000000000 0.000922960 0.002789120 0.080572310 0.074572240 0.064095780 0.050175200 0.060065960 0.060745900 0.083642660 0.062249780 0.118256810 0.095067300 0.095687620 0.091094050 0.106818830 0.093870260 0.075470810 0.089942810 0.109644650 0.060164410 0.064550860 0.102654760 0.090313160 0.086911350 0.093994640 0.108809320 0.092883360 0.121046890 0.083531130 0.108837940 0.128908570 0.114360270 0.108439640 0.094605330 0.105997040 0.094060460 0.068458210 0.126600690 0.118850460 0.072993190 0.092226080 0.091048360 0.056082080 0.089868530 0.073083180 0.079777980 0.112106900 0.090748650 0.090769640 0.129042020 
37     0.000922960 0.000000000 0.000387000 0.058881280 0.034656090 0.068226790 0.054049900 0.019776510 0.047933060 0.087086500 0.066124480 0.106526760 0.099009170 0.095908160 0.096013740 0.116231800 0.094090800 0.091172100 0.104672660 0.109865190 0.074894260 0.079280710 0.106529460 0.115487800 0.079322930 0.100870810 0.125496840 0.118121670 0.115095860 0.115670350 0.113713890 0.115450450 0.113049540 0.131821230 0.114432120 0.103552470 0.105969700 0.083188060 0.097584380 0.119071000 0.076700530 0.063924690 0.069011720 0.064851190 0.064565260 0.056998480 0.075425990 0.090892760 0.078264320 0.078285310 0.102562270 
35     0.002789120 0.000387000 0.000000000 0.059619870 0.066171150 0.033577330 0.027180350 0.043271710 0.032489070 0.016297150 0.028862130 0.087767990 0.080250400 0.089603480 0.097558360 0.108825780 0.087786120 0.101606510 0.084288360 0.095810620 0.052062120 0.061593700 0.078733450 0.081298000 0.101324840 0.034656570 0.108251980 0.129185180 0.091353720 0.088176280 0.028064580 0.039376700 0.037061850 0.118188160 0.090901900 0.114431580 0.115433980 0.041110660 0.057741300 0.048329580 0.091584550 0.083824990 0.088912020 0.071775160 0.074058010 0.050784530 0.051790630 0.110298460 0.076998920 0.075369250 0.099182120 
28     0.080572310 0.058881280 0.059619870 0.000000000 0.004782940 0.026792500 0.029000990 0.020003020 0.045218570 0.021506950 0.041335060 0.062942410 0.073029730 0.078757010 0.086711890 0.091542920 0.076939650 0.065591300 0.079719330 0.082481580 0.059525300 0.067671540 0.082804990 0.075227210 0.073274070 0.073027890 0.106293400 0.095485640 0.098127550 0.107681690 0.104526050 0.115052730 0.102053580 0.086182350 0.097888940 0.088563450 0.092029520 0.058891110 0.040641780 0.060472550 0.032381270 0.058756100 0.047462410 0.036871870 0.033873390 0.023830960 0.066592830 0.064356040 0.084257640 0.065245410 0.070824990 
1     0.074572240 0.034656090 0.066171150 0.004782940 0.000000000 0.029782170 0.040222230 0.005786640 0.036680180 0.016736920 0.049753060 0.089731420 0.079555760 0.059287580 0.067242460 0.044040910 0.057470220 0.071410710 0.073787270 0.073244610 0.058036530 0.047710690 0.077488600 0.077841540 0.075888400 0.075642220 0.101523370 0.101968440 0.104054990 0.103954540 0.090881660 0.091444390 0.092077040 0.081412320 0.093118910 0.082238160 0.085704230 0.053146060 0.069722740 0.068890550 0.032973660 0.045987400 0.051074430 0.046913900 0.046627970 0.039061190 0.057488700 0.064968270 0.080560250 0.061335380 0.079242990 
6     0.064095780 0.068226790 0.033577330 0.026792500 0.029782170 0.000000000 0.000158810 0.008208440 0.008542000 0.051403390 0.063283350 0.102401800 0.097569170 0.077300990 0.057627830 0.086882870 0.075483630 0.089424120 0.091800680 0.091258020 0.063329840 0.053633600 0.084589570 0.067073400 0.058232420 0.078139630 0.085569560 0.069643600 0.087371650 0.060291370 0.037367340 0.009113560 0.053898590 0.085199880 0.067251150 0.082757280 0.070820700 0.056931750 0.068413350 0.100463830 0.067907830 0.086527670 0.075233980 0.051076380 0.061103840 0.051602530 0.092514680 0.088761520 0.055461980 0.053832310 0.102503160 
22     0.050175200 0.054049900 0.027180350 0.029000990 0.040222230 0.000158810 0.000000000 0.010567090 0.014659170 0.034377220 0.049106460 0.088564560 0.071374820 0.051106640 0.059061520 0.071430280 0.049289280 0.063229770 0.065606330 0.065063670 0.049855590 0.045235810 0.062102970 0.056855420 0.081079510 0.064302390 0.105868130 0.093787500 0.089580140 0.089900050 0.069215900 0.080528020 0.078213170 0.085605870 0.080402620 0.088154830 0.089474080 0.086467330 0.068571080 0.074269480 0.074670970 0.068701820 0.058932200 0.053284870 0.060176280 0.051760260 0.075413970 0.085251350 0.051951810 0.050322140 0.089936270 
11     0.060065960 0.019776510 0.043271710 0.020003020 0.005786640 0.008208440 0.010567090 0.000000000 0.000031650 0.024781270 0.061091580 0.075006300 0.079452210 0.059184030 0.067138910 0.079507670 0.057366670 0.056968420 0.073683720 0.073141060 0.057932980 0.053313200 0.086842130 0.074229370 0.084377640 0.084131460 0.098432330 0.082506370 0.099108770 0.073154140 0.064492100 0.075804220 0.073489370 0.094501340 0.089298090 0.095620050 0.083683470 0.069794520 0.082145940 0.082346870 0.061525160 0.076779210 0.079580330 0.062813500 0.072840960 0.069851570 0.103760870 0.084497890 0.066708170 0.065078500 0.067658120 
4     0.060745900 0.047933060 0.032489070 0.045218570 0.036680180 0.008542000 0.014659170 0.000031650 0.000000000 0.026805180 0.039370160 0.034681730 0.062707080 0.069482240 0.077437120 0.076161780 0.067664880 0.061436960 0.073064080 0.067454930 0.042790020 0.061110820 0.092649730 0.080036970 0.090989980 0.066749040 0.113672910 0.104992110 0.071959270 0.095639880 0.038572610 0.049884730 0.047569880 0.100308940 0.095105690 0.100141200 0.105717720 0.088000800 0.100395310 0.092645080 0.070662930 0.057887090 0.062974120 0.058813590 0.058527660 0.050960880 0.069388390 0.084855160 0.064123540 0.062493870 0.072602280 
21     0.083642660 0.087086500 0.016297150 0.021506950 0.016736920 0.051403390 0.034377220 0.024781270 0.026805180 0.000000000 0.006187010 0.046165370 0.037881680 0.056864480 0.054129190 0.069742500 0.061330860 0.034234630 0.044571280 0.047333530 0.036277190 0.023791310 0.040931060 0.043932300 0.048644580 0.031980860 0.078904730 0.080972800 0.092992100 0.072010750 0.022144450 0.033456570 0.031141720 0.066860030 0.069198330 0.065373020 0.070949540 0.040193360 0.026156690 0.025324500 0.056098260 0.065940520 0.044019180 0.026808490 0.025138430 0.019619070 0.037695600 0.030639160 0.046830940 0.030070860 0.035676940 
16     0.062249780 0.066124480 0.028862130 0.041335060 0.049753060 0.063283350 0.049106460 0.061091580 0.039370160 0.006187010 0.000000000 0.043560280 0.016932570 0.037027490 0.056662170 0.067125210 0.038695160 0.040914290 0.041966190 0.044728440 0.033672100 0.038645940 0.052947080 0.047745940 0.027243760 0.027292410 0.063951730 0.050498920 0.084515930 0.066963490 0.024078830 0.035390950 0.033076100 0.058615350 0.056855140 0.070356380 0.071116920 0.063603870 0.023551600 0.014761910 0.057640030 0.044864190 0.049951220 0.024203400 0.027828450 0.017216860 0.018222960 0.028060610 0.053706190 0.027492310 0.033071850 
23     0.118256810 0.106526760 0.087767990 0.062942410 0.089731420 0.102401800 0.088564560 0.075006300 0.034681730 0.046165370 0.043560280 0.000000000 0.002948450 0.015411970 0.016131750 0.019704890 0.002772610 0.009666980 0.014832250 0.004760900 0.000375560 0.066002900 0.089879400 0.072063990 0.093488940 0.065490150 0.105554500 0.093840070 0.096395280 0.089399760 0.090323050 0.133196130 0.083771650 0.100369320 0.083191560 0.098882310 0.104458830 0.084635840 0.036929260 0.036097070 0.097613220 0.093035830 0.077685290 0.037581060 0.041206110 0.069163940 0.067355210 0.064616610 0.092786200 0.067470670 0.071048650 
24     0.095067300 0.099009170 0.080250400 0.073029730 0.079555760 0.097569170 0.071374820 0.079452210 0.062707080 0.037881680 0.016932570 0.002948450 0.000000000 0.015971970 0.013200020 0.013206320 0.001699890 0.009505510 0.005304010 0.013347970 0.004432390 0.051828180 0.086957380 0.080208730 0.073993440 0.033848070 0.076988590 0.076071790 0.107133450 0.105353950 0.106277240 0.109585530 0.099725840 0.085063150 0.099145750 0.107788560 0.084102320 0.078648580 0.028645570 0.027813380 0.091915560 0.084663100 0.090002330 0.029297370 0.032922420 0.085118130 0.066811720 0.059755280 0.097861240 0.059186980 0.062764960 
20     0.095687620 0.095908160 0.089603480 0.078757010 0.059287580 0.077300990 0.051106640 0.059184030 0.069482240 0.056864480 0.037027490 0.015411970 0.015971970 0.000000000 0.005639790 0.002980200 0.002187610 0.007220040 0.009946860 0.006850100 0.022857090 0.040928910 0.079281470 0.063841160 0.078765520 0.033163680 0.105051420 0.089480600 0.100236040 0.096637090 0.088303280 0.089317350 0.082540900 0.108739040 0.089092240 0.087520380 0.085167180 0.085321280 0.047628370 0.046796180 0.072134750 0.064394920 0.074093420 0.048280170 0.051905220 0.012950440 0.085794520 0.078738080 0.077593060 0.078169780 0.066225690 
25     0.091094050 0.096013740 0.097558360 0.086711890 0.067242460 0.057627830 0.059061520 0.067138910 0.077437120 0.054129190 0.056662170 0.016131750 0.013200020 0.005639790 0.000000000 0.001863500 0.003335300 0.003194710 0.024182220 0.020956120 0.009179140 0.048883790 0.089292050 0.068321950 0.057601570 0.021847610 0.102993730 0.097435480 0.112175980 0.108405590 0.096258160 0.097272230 0.090495780 0.107865820 0.097047120 0.095475260 0.093122060 0.093276160 0.062758240 0.061926050 0.080089630 0.072349800 0.082048300 0.063410040 0.067035090 0.111600490 0.100924390 0.091675200 0.085547940 0.089606920 0.096877630 
27     0.106818830 0.116231800 0.108825780 0.091542920 0.044040910 0.086882870 0.071430280 0.079507670 0.076161780 0.069742500 0.067125210 0.019704890 0.013206320 0.002980200 0.001863500 0.000000000 0.004699830 0.002439190 0.024689440 0.018296530 0.024928610 0.061252550 0.087345790 0.079768010 0.077814870 0.077568690 0.118893070 0.109804240 0.104690100 0.101091150 0.108626920 0.109640990 0.102864540 0.105919560 0.109415880 0.099268620 0.098657600 0.088786350 0.066112080 0.065279890 0.092458390 0.047077750 0.091184760 0.066763880 0.070388930 0.117820010 0.104278230 0.097221790 0.097916700 0.096653490 0.100231470 
15     0.093870260 0.094090800 0.087786120 0.076939650 0.057470220 0.075483630 0.049289280 0.057366670 0.067664880 0.061330860 0.038695160 0.002772610 0.001699890 0.002187610 0.003335300 0.004699830 0.000000000 0.008432230 0.011824410 0.008727650 0.024260740 0.039111550 0.079325780 0.063885470 0.075619370 0.070577980 0.102223150 0.087663240 0.102403740 0.098633350 0.086485920 0.087499990 0.080723540 0.103724060 0.087274880 0.085703020 0.083349820 0.081445030 0.073710360 0.068145220 0.070317390 0.062577560 0.072276060 0.069204130 0.068974690 0.094012290 0.092203560 0.081902960 0.075775700 0.079834680 0.071148250 
14     0.075470810 0.091172100 0.101606510 0.065591300 0.071410710 0.089424120 0.063229770 0.056968420 0.061436960 0.034234630 0.040914290 0.009666980 0.009505510 0.007220040 0.003194710 0.002439190 0.008432230 0.000000000 0.005593580 0.001039160 0.010070090 0.053052040 0.089001940 0.072823280 0.066218150 0.026348940 0.033290140 0.022461060 0.030839350 0.032566690 0.087792920 0.098502200 0.086765190 0.092708230 0.045770000 0.092438980 0.088889920 0.070593150 0.034283270 0.033451080 0.036666780 0.069741550 0.054721950 0.034935070 0.038560120 0.072157480 0.070348750 0.065392980 0.082308470 0.064824680 0.068402660 
18     0.089942810 0.104672660 0.084288360 0.079719330 0.073787270 0.091800680 0.065606330 0.073683720 0.073064080 0.044571280 0.041966190 0.014832250 0.005304010 0.009946860 0.024182220 0.024689440 0.011824410 0.005593580 0.000000000 0.000063300 0.011121990 0.055428600 0.085889460 0.070510790 0.076358540 0.068785320 0.105450600 0.103980290 0.101009180 0.097410230 0.102802970 0.103817040 0.097040590 0.104463230 0.103591930 0.097812290 0.097201270 0.095001100 0.035335170 0.034502980 0.086634440 0.078894610 0.088593110 0.035986970 0.039612020 0.098111530 0.073501320 0.066444880 0.092092750 0.065876580 0.069454560 
7     0.109644650 0.109865190 0.095810620 0.082481580 0.073244610 0.091258020 0.065063670 0.073141060 0.067454930 0.047333530 0.044728440 0.004760900 0.013347970 0.006850100 0.020956120 0.018296530 0.008727650 0.001039160 0.000063300 0.000000000 0.000670350 0.054885940 0.082548010 0.068871980 0.078701160 0.069595440 0.108212850 0.103437630 0.105988120 0.102389170 0.102260310 0.103274380 0.096497930 0.106805850 0.103049270 0.100154910 0.099124210 0.077304450 0.038097420 0.037265230 0.086091780 0.078351950 0.088050450 0.038749220 0.042374270 0.091752750 0.076263570 0.069207130 0.091550090 0.068638830 0.072216810 
36     0.060164410 0.074894260 0.052062120 0.059525300 0.058036530 0.063329840 0.049855590 0.057932980 0.042790020 0.036277190 0.033672100 0.000375560 0.004432390 0.022857090 0.009179140 0.024928610 0.024260740 0.010070090 0.011121990 0.000670350 0.000000000 0.029029270 0.057182800 0.064538460 0.063869630 0.053663410 0.058739380 0.057822580 0.102970050 0.099199660 0.087052230 0.088066300 0.081289850 0.066813940 0.087841190 0.078008140 0.065853110 0.035899700 0.027041080 0.026208890 0.052255530 0.063143870 0.070310700 0.027692880 0.031317930 0.070645230 0.065207230 0.058150790 0.076342010 0.057582490 0.061160470 
10     0.064550860 0.079280710 0.061593700 0.067671540 0.047710690 0.053633600 0.045235810 0.053313200 0.061110820 0.023791310 0.038645940 0.066002900 0.051828180 0.040928910 0.048883790 0.061252550 0.039111550 0.053052040 0.055428600 0.054885940 0.029029270 0.000000000 0.017867030 0.009870650 0.011593590 0.013208720 0.043897330 0.049578750 0.040392770 0.040292320 0.032114380 0.033850940 0.031450030 0.032489080 0.032832610 0.029437460 0.032903530 0.005964870 0.067251000 0.059500770 0.048944780 0.053933110 0.053935870 0.040366880 0.040137440 0.072937270 0.077581230 0.073258510 0.067131250 0.062723680 0.122144680 
3     0.102654760 0.106529460 0.078733450 0.082804990 0.077488600 0.084589570 0.062102970 0.086842130 0.092649730 0.040931060 0.052947080 0.089879400 0.086957380 0.079281470 0.089292050 0.087345790 0.079325780 0.089001940 0.085889460 0.082548010 0.057182800 0.017867030 0.000000000 0.001522940 0.011022620 0.005098850 0.049622120 0.041144400 0.038388100 0.054211060 0.079876200 0.085126710 0.065610920 0.042208680 0.052253630 0.058311100 0.061450550 0.032944690 0.102935740 0.104794460 0.068012060 0.086706500 0.112528780 0.052642640 0.055053970 0.076454580 0.109228880 0.081923670 0.079068830 0.098219400 0.138349110 
2     0.090313160 0.115487800 0.081298000 0.075227210 0.077841540 0.067073400 0.056855420 0.074229370 0.080036970 0.043932300 0.047745940 0.072063990 0.080208730 0.063841160 0.068321950 0.079768010 0.063885470 0.072823280 0.070510790 0.068871980 0.064538460 0.009870650 0.001522940 0.000000000 0.005673280 0.033349710 0.034924260 0.034007460 0.031217640 0.032427450 0.063352970 0.085379850 0.023411200 0.042998820 0.045083170 0.047059540 0.042037990 0.029067830 0.096940280 0.103892510 0.105016560 0.077393740 0.097867920 0.043329880 0.045741210 0.067141820 0.106776670 0.072610910 0.069756070 0.090213340 0.127035350 
31     0.086911350 0.079322930 0.101324840 0.073274070 0.075888400 0.058232420 0.081079510 0.084377640 0.090989980 0.048644580 0.027243760 0.093488940 0.073993440 0.078765520 0.057601570 0.077814870 0.075619370 0.066218150 0.076358540 0.078701160 0.063869630 0.011593590 0.011022620 0.005673280 0.000000000 0.008648580 0.043242850 0.060153520 0.034349930 0.057702200 0.023900180 0.054182210 0.059231650 0.016481120 0.029871560 0.052178640 0.062349620 0.007829760 0.042582620 0.015416190 0.091742570 0.091769720 0.099648530 0.064747450 0.064715160 0.084322950 0.107418920 0.111095120 0.093124730 0.088688480 0.124203350 
34     0.093994640 0.100870810 0.034656570 0.073027890 0.075642220 0.078139630 0.064302390 0.084131460 0.066749040 0.031980860 0.027292410 0.065490150 0.033848070 0.033163680 0.021847610 0.077568690 0.070577980 0.026348940 0.068785320 0.069595440 0.053663410 0.013208720 0.005098850 0.033349710 0.008648580 0.000000000 0.035705630 0.034788830 0.066011490 0.066201810 0.077223420 0.086036830 0.068910230 0.041778790 0.039451530 0.051681830 0.042819360 0.026612530 0.096745970 0.098604690 0.073351050 0.024639770 0.034446570 0.013832470 0.039624690 0.083887250 0.077068480 0.086257940 0.068524030 0.062210930 0.154502910 
29     0.108809320 0.125496840 0.108251980 0.106293400 0.101523370 0.085569560 0.105868130 0.098432330 0.113672910 0.078904730 0.063951730 0.105554500 0.076988590 0.105051420 0.102993730 0.118893070 0.102223150 0.033290140 0.105450600 0.108212850 0.058739380 0.043897330 0.049622120 0.034924260 0.043242850 0.035705630 0.000000000 0.000250890 0.012732840 0.008955960 0.013967550 0.015704110 0.009815760 0.007001260 0.005172090 0.009571000 0.009002470 0.010526940 0.090693230 0.089861040 0.099366570 0.086590730 0.091677760 0.086778000 0.086548560 0.079664520 0.098092030 0.113558800 0.109861340 0.109134800 0.124336250 
32     0.092883360 0.118121670 0.129185180 0.095485640 0.101968440 0.069643600 0.093787500 0.082506370 0.104992110 0.080972800 0.050498920 0.093840070 0.076071790 0.089480600 0.097435480 0.109804240 0.087663240 0.022461060 0.103980290 0.103437630 0.057822580 0.049578750 0.041144400 0.034007460 0.060153520 0.034788830 0.000250890 0.000000000 0.011565240 0.004911370 0.013222830 0.019488210 0.013256230 0.004133140 0.018024960 0.020760760 0.011814210 0.009804550 0.090807440 0.090554550 0.104506090 0.102484800 0.112183300 0.092038540 0.095663590 0.102065240 0.116534800 0.113796200 0.096408530 0.119741920 0.125506130 
17     0.121046890 0.115095860 0.091353720 0.098127550 0.104054990 0.087371650 0.089580140 0.099108770 0.071959270 0.092992100 0.084515930 0.096395280 0.107133450 0.100236040 0.112175980 0.104690100 0.102403740 0.030839350 0.101009180 0.105988120 0.102970050 0.040392770 0.038388100 0.031217640 0.034349930 0.066011490 0.012732840 0.011565240 0.000000000 0.000100790 0.010462990 0.012199550 0.009798640 0.013938130 0.007560180 0.013097020 0.021476300 0.025030450 0.124576650 0.121385740 0.090816820 0.083086170 0.088173200 0.084012670 0.083726740 0.076159960 0.094587470 0.110054240 0.130423440 0.124375250 0.150602390 
33     0.083531130 0.115670350 0.088176280 0.107681690 0.103954540 0.060291370 0.089900050 0.073154140 0.095639880 0.072010750 0.066963490 0.089399760 0.105353950 0.096637090 0.108405590 0.101091150 0.098633350 0.032566690 0.097410230 0.102389170 0.099199660 0.040292320 0.054211060 0.032427450 0.057702200 0.066201810 0.008955960 0.004911370 0.000100790 0.000000000 0.010362540 0.012099100 0.009698190 0.003458090 0.003455660 0.018792280 0.011855710 0.003386320 0.097896270 0.100868400 0.092319830 0.029468070 0.088072750 0.083912220 0.083626290 0.076059510 0.094487020 0.109355890 0.125938780 0.125878260 0.135819980 
30     0.108837940 0.113713890 0.028064580 0.104526050 0.090881660 0.037367340 0.069215900 0.064492100 0.038572610 0.022144450 0.024078830 0.090323050 0.106277240 0.088303280 0.096258160 0.108626920 0.086485920 0.087792920 0.102802970 0.102260310 0.087052230 0.032114380 0.079876200 0.063352970 0.023900180 0.077223420 0.013967550 0.013222830 0.010462990 0.010362540 0.000000000 0.000645480 0.000667130 0.012285120 0.002902830 0.006877370 0.012344790 0.008471700 0.114625370 0.106875140 0.087583620 0.074807780 0.079894810 0.075734280 0.075448350 0.067881570 0.086309080 0.101775850 0.096718740 0.111700200 0.126649300 
8     0.128908570 0.115450450 0.039376700 0.115052730 0.091444390 0.009113560 0.080528020 0.075804220 0.049884730 0.033456570 0.035390950 0.133196130 0.109585530 0.089317350 0.097272230 0.109640990 0.087499990 0.098502200 0.103817040 0.103274380 0.088066300 0.033850940 0.085126710 0.085379850 0.054182210 0.086036830 0.015704110 0.019488210 0.012199550 0.012099100 0.000645480 0.000000000 0.001635140 0.006096850 0.004639390 0.014721270 0.014081350 0.008212640 0.115639440 0.107889210 0.089320180 0.076544340 0.081631370 0.077470840 0.077184910 0.069618130 0.088045640 0.103512410 0.108030860 0.119578670 0.145668410 
26     0.114360270 0.113049540 0.037061850 0.102053580 0.092077040 0.053898590 0.078213170 0.073489370 0.047569880 0.031141720 0.033076100 0.083771650 0.099725840 0.082540900 0.090495780 0.102864540 0.080723540 0.086765190 0.097040590 0.096497930 0.081289850 0.031450030 0.065610920 0.023411200 0.059231650 0.068910230 0.009815760 0.013256230 0.009798640 0.009698190 0.000667130 0.001635140 0.000000000 0.024087900 0.002238480 0.012317700 0.011677780 0.034215460 0.107478970 0.101112760 0.086919270 0.074143430 0.079230460 0.075069930 0.074784000 0.067217220 0.085644730 0.101111500 0.105716010 0.111089660 0.133664870 
9     0.108439640 0.131821230 0.118188160 0.086182350 0.081412320 0.085199880 0.085605870 0.094501340 0.100308940 0.066860030 0.058615350 0.100369320 0.085063150 0.108739040 0.107865820 0.105919560 0.103724060 0.092708230 0.104463230 0.106805850 0.066813940 0.032489080 0.042208680 0.042998820 0.016481120 0.041778790 0.007001260 0.004133140 0.013938130 0.003458090 0.012285120 0.006096850 0.024087900 0.000000000 0.000003670 0.004328660 0.005940200 0.018795910 0.117212250 0.127310900 0.091997270 0.065267770 0.088302290 0.074733300 0.074503860 0.095859310 0.111947650 0.110855670 0.103403200 0.097090100 0.129634780 
38     0.094605330 0.114432120 0.090901900 0.097888940 0.093118910 0.067251150 0.080402620 0.089298090 0.095105690 0.069198330 0.056855140 0.083191560 0.099145750 0.089092240 0.097047120 0.109415880 0.087274880 0.045770000 0.103591930 0.103049270 0.087841190 0.032832610 0.052253630 0.045083170 0.029871560 0.039451530 0.005172090 0.018024960 0.007560180 0.003455660 0.002902830 0.004639390 0.002238480 0.000003670 0.000000000 0.010939630 0.007967020 0.018073360 0.112009000 0.107664100 0.088301850 0.075526010 0.080613040 0.076452510 0.076166580 0.057089740 0.087027310 0.102494080 0.102764750 0.099428400 0.127610760 
5     0.105997040 0.103552470 0.114431580 0.088563450 0.082238160 0.082757280 0.088154830 0.095620050 0.100141200 0.065373020 0.070356380 0.098882310 0.107788560 0.087520380 0.095475260 0.099268620 0.085703020 0.092438980 0.097812290 0.100154910 0.078008140 0.029437460 0.058311100 0.047059540 0.052178640 0.051681830 0.009571000 0.020760760 0.013097020 0.018792280 0.006877370 0.014721270 0.012317700 0.004328660 0.010939630 0.000000000 0.000000660 0.018912130 0.113842470 0.106092240 0.098506590 0.086461010 0.086815280 0.073246290 0.073016850 0.079534800 0.097962310 0.093868310 0.101916190 0.090235420 0.147776030 
19     0.094060460 0.105969700 0.115433980 0.092029520 0.085704230 0.070820700 0.089474080 0.083683470 0.105717720 0.070949540 0.071116920 0.104458830 0.084102320 0.085167180 0.093122060 0.098657600 0.083349820 0.088889920 0.097201270 0.099124210 0.065853110 0.032903530 0.061450550 0.042037990 0.062349620 0.042819360 0.009002470 0.011814210 0.021476300 0.011855710 0.012344790 0.014081350 0.011677780 0.005940200 0.007967020 0.000000660 0.000000000 0.013915650 0.092772850 0.103739040 0.094957530 0.085821090 0.090908120 0.078822810 0.078593370 0.078894880 0.097322390 0.097334380 0.104940980 0.093701490 0.147115120 
12     0.068458210 0.083188060 0.041110660 0.058891110 0.053146060 0.056931750 0.086467330 0.069794520 0.088000800 0.040193360 0.063603870 0.084635840 0.078648580 0.085321280 0.093276160 0.088786350 0.081445030 0.070593150 0.095001100 0.077304450 0.035899700 0.005964870 0.032944690 0.029067830 0.007829760 0.026612530 0.010526940 0.009804550 0.025030450 0.003386320 0.008471700 0.008212640 0.034215460 0.018795910 0.018073360 0.018912130 0.013915650 0.000000000 0.110392000 0.102742720 0.076660760 0.095839510 0.075588060 0.062019070 0.061789630 0.092373490 0.097861820 0.108422880 0.086644210 0.084375870 0.132582460 
39     0.126600690 0.097584380 0.057741300 0.040641780 0.069722740 0.068413350 0.068571080 0.082145940 0.100395310 0.026156690 0.023551600 0.036929260 0.028645570 0.047628370 0.062758240 0.066112080 0.073710360 0.034283270 0.035335170 0.038097420 0.027041080 0.067251000 0.102935740 0.096940280 0.042582620 0.096745970 0.090693230 0.090807440 0.124576650 0.097896270 0.114625370 0.115639440 0.107478970 0.117212250 0.112009000 0.113842470 0.092772850 0.110392000 0.000000000 0.000712230 0.010746150 0.022760580 0.011466890 0.016257620 0.019882670 0.012586070 0.013592170 0.007799960 0.059967950 0.046600300 0.051039970 
47     0.118850460 0.119071000 0.048329580 0.060472550 0.068890550 0.100463830 0.074269480 0.082346870 0.092645080 0.025324500 0.014761910 0.036097070 0.027813380 0.046796180 0.061926050 0.065279890 0.068145220 0.033451080 0.034502980 0.037265230 0.026208890 0.059500770 0.104794460 0.103892510 0.015416190 0.098604690 0.089861040 0.090554550 0.121385740 0.100868400 0.106875140 0.107889210 0.101112760 0.127310900 0.107664100 0.106092240 0.103739040 0.102742720 0.000712230 0.000000000 0.028552290 0.050368310 0.062936500 0.015425430 0.019050480 0.003174350 0.004180450 0.022482600 0.080919380 0.046629800 0.050207780 
42     0.072993190 0.076700530 0.091584550 0.032381270 0.032973660 0.067907830 0.074670970 0.061525160 0.070662930 0.056098260 0.057640030 0.097613220 0.091915560 0.072134750 0.080089630 0.092458390 0.070317390 0.036666780 0.086634440 0.086091780 0.052255530 0.048944780 0.068012060 0.105016560 0.091742570 0.073351050 0.099366570 0.104506090 0.090816820 0.092319830 0.087583620 0.089320180 0.086919270 0.091997270 0.088301850 0.098506590 0.094957530 0.076660760 0.010746150 0.028552290 0.000000000 0.012370410 0.006284990 0.036344260 0.038182070 0.030615370 0.049042880 0.064509650 0.067336500 0.061321710 0.089710820 
49     0.092226080 0.063924690 0.083824990 0.058756100 0.045987400 0.086527670 0.068701820 0.076779210 0.057887090 0.065940520 0.044864190 0.093035830 0.084663100 0.064394920 0.072349800 0.047077750 0.062577560 0.069741550 0.078894610 0.078351950 0.063143870 0.053933110 0.086706500 0.077393740 0.091769720 0.024639770 0.086590730 0.102484800 0.083086170 0.029468070 0.074807780 0.076544340 0.074143430 0.065267770 0.075526010 0.086461010 0.085821090 0.095839510 0.022760580 0.050368310 0.012370410 0.000000000 0.001297710 0.025692160 0.025406230 0.017839530 0.036267040 0.051733810 0.078480210 0.081111410 0.108057570 
44     0.091048360 0.069011720 0.088912020 0.047462410 0.051074430 0.075233980 0.058932200 0.079580330 0.062974120 0.044019180 0.049951220 0.077685290 0.090002330 0.074093420 0.082048300 0.091184760 0.072276060 0.054721950 0.088593110 0.088050450 0.070310700 0.053935870 0.112528780 0.097867920 0.099648530 0.034446570 0.091677760 0.112183300 0.088173200 0.088072750 0.079894810 0.081631370 0.079230460 0.088302290 0.080613040 0.086815280 0.090908120 0.075588060 0.011466890 0.062936500 0.006284990 0.001297710 0.000000000 0.030779190 0.030493260 0.022926560 0.041354070 0.056820840 0.068894890 0.064089750 0.104080720 
45     0.056082080 0.064851190 0.071775160 0.036871870 0.046913900 0.051076380 0.053284870 0.062813500 0.058813590 0.026808490 0.024203400 0.037581060 0.029297370 0.048280170 0.063410040 0.066763880 0.069204130 0.034935070 0.035986970 0.038749220 0.027692880 0.040366880 0.052642640 0.043329880 0.064747450 0.013832470 0.086778000 0.092038540 0.084012670 0.083912220 0.075734280 0.077470840 0.075069930 0.074733300 0.076452510 0.073246290 0.078822810 0.062019070 0.016257620 0.015425430 0.036344260 0.025692160 0.030779190 0.000000000 0.000287130 0.018766030 0.037193540 0.048682090 0.026083180 0.027241390 0.051691770 
50     0.089868530 0.064565260 0.074058010 0.033873390 0.046627970 0.061103840 0.060176280 0.072840960 0.058527660 0.025138430 0.027828450 0.041206110 0.032922420 0.051905220 0.067035090 0.070388930 0.068974690 0.038560120 0.039612020 0.042374270 0.031317930 0.040137440 0.055053970 0.045741210 0.064715160 0.039624690 0.086548560 0.095663590 0.083726740 0.083626290 0.075448350 0.077184910 0.074784000 0.074503860 0.076166580 0.073016850 0.078593370 0.061789630 0.019882670 0.019050480 0.038182070 0.025406230 0.030493260 0.000287130 0.000000000 0.018480100 0.036907610 0.052307140 0.024016610 0.025174820 0.055316820 
41     0.073083180 0.056998480 0.050784530 0.023830960 0.039061190 0.051602530 0.051760260 0.069851570 0.050960880 0.019619070 0.017216860 0.069163940 0.085118130 0.012950440 0.111600490 0.117820010 0.094012290 0.072157480 0.098111530 0.091752750 0.070645230 0.072937270 0.076454580 0.067141820 0.084322950 0.083887250 0.079664520 0.102065240 0.076159960 0.076059510 0.067881570 0.069618130 0.067217220 0.095859310 0.057089740 0.079534800 0.078894880 0.092373490 0.012586070 0.003174350 0.030615370 0.017839530 0.022926560 0.018766030 0.018480100 0.000000000 0.000171880 0.013319710 0.003391370 0.020687230 0.074467350 
48     0.079777980 0.075425990 0.051790630 0.066592830 0.057488700 0.092514680 0.075413970 0.103760870 0.069388390 0.037695600 0.018222960 0.067355210 0.066811720 0.085794520 0.100924390 0.104278230 0.092203560 0.070348750 0.073501320 0.076263570 0.065207230 0.077581230 0.109228880 0.106776670 0.107418920 0.077068480 0.098092030 0.116534800 0.094587470 0.094487020 0.086309080 0.088045640 0.085644730 0.111947650 0.087027310 0.097962310 0.097322390 0.097861820 0.013592170 0.004180450 0.049042880 0.036267040 0.041354070 0.037193540 0.036907610 0.000171880 0.000000000 0.000591190 0.022058930 0.008390920 0.064606980 
46     0.112106900 0.090892760 0.110298460 0.064356040 0.064968270 0.088761520 0.085251350 0.084497890 0.084855160 0.030639160 0.028060610 0.064616610 0.059755280 0.078738080 0.091675200 0.097221790 0.081902960 0.065392980 0.066444880 0.069207130 0.058150790 0.073258510 0.081923670 0.072610910 0.111095120 0.086257940 0.113558800 0.113796200 0.110054240 0.109355890 0.101775850 0.103512410 0.101111500 0.110855670 0.102494080 0.093868310 0.097334380 0.108422880 0.007799960 0.022482600 0.064509650 0.051733810 0.056820840 0.048682090 0.052307140 0.013319710 0.000591190 0.000000000 0.011838010 0.001334480 0.057550540 
40     0.090748650 0.078264320 0.076998920 0.084257640 0.080560250 0.055461980 0.051951810 0.066708170 0.064123540 0.046830940 0.053706190 0.092786200 0.097861240 0.077593060 0.085547940 0.097916700 0.075775700 0.082308470 0.092092750 0.091550090 0.076342010 0.067131250 0.079068830 0.069756070 0.093124730 0.068524030 0.109861340 0.096408530 0.130423440 0.125938780 0.096718740 0.108030860 0.105716010 0.103403200 0.102764750 0.101916190 0.104940980 0.086644210 0.059967950 0.080919380 0.067336500 0.078480210 0.068894890 0.026083180 0.024016610 0.003391370 0.022058930 0.011838010 0.000000000 0.000214770 0.115220000 
43     0.090769640 0.078285310 0.075369250 0.065245410 0.061335380 0.053832310 0.050322140 0.065078500 0.062493870 0.030070860 0.027492310 0.067470670 0.059186980 0.078169780 0.089606920 0.096653490 0.079834680 0.064824680 0.065876580 0.068638830 0.057582490 0.062723680 0.098219400 0.090213340 0.088688480 0.062210930 0.109134800 0.119741920 0.124375250 0.125878260 0.111700200 0.119578670 0.111089660 0.097090100 0.099428400 0.090235420 0.093701490 0.084375870 0.046600300 0.046629800 0.061321710 0.081111410 0.064089750 0.027241390 0.025174820 0.020687230 0.008390920 0.001334480 0.000214770 0.000000000 0.056982240 
0     0.129042020 0.102562270 0.099182120 0.070824990 0.079242990 0.102503160 0.089936270 0.067658120 0.072602280 0.035676940 0.033071850 0.071048650 0.062764960 0.066225690 0.096877630 0.100231470 0.071148250 0.068402660 0.069454560 0.072216810 0.061160470 0.122144680 0.138349110 0.127035350 0.124203350 0.154502910 0.124336250 0.125506130 0.150602390 0.135819980 0.126649300 0.145668410 0.133664870 0.129634780 0.127610760 0.147776030 0.147115120 0.132582460 0.051039970 0.050207780 0.089710820 0.108057570 0.104080720 0.051691770 0.055316820 0.074467350 0.064606980 0.057550540 0.115220000 0.056982240 0.000000000 
