51
12     0.000000000 0.053813729 0.324640393 0.318425998 0.318485529 0.313756130 0.314157738 0.305039663 0.319109480 0.311863993 0.302303375 0.302578402 0.305678913 0.314865464 0.271586054 0.311155307 0.305048592 0.302892901 0.304216597 0.289854799 0.309333812 0.309188771 0.314636885 0.308319322 0.309790881 0.330125379 0.330475733 0.354996869 0.355705157 0.330172517 0.360814525 0.341623211 0.357167450 0.360908441 0.363292594 0.353843382 0.353765226 0.352944649 0.354149011 0.349043634 0.349042366 0.361645115 0.371441473 0.340074319 0.350746552 0.331767667 0.335951170 0.363164357 0.363028655 0.337315426 0.620172860 
23     0.053813729 0.000000000 0.319873694 0.313659299 0.313718830 0.309100872 0.309502480 0.300272964 0.314342781 0.307097294 0.297536677 0.297811704 0.300912214 0.310098765 0.266567290 0.306159399 0.300052684 0.297896992 0.299220688 0.285296379 0.304585157 0.304440115 0.309888230 0.303570667 0.305042226 0.325376724 0.325727078 0.350262489 0.350970778 0.325732466 0.356026217 0.336834903 0.352379142 0.356035826 0.358419980 0.348970767 0.348892611 0.348072035 0.349276396 0.344210347 0.344209078 0.356772500 0.366569817 0.335201704 0.346099573 0.327120688 0.331117882 0.358331070 0.358195368 0.332482138 0.615374579 
27     0.324640393 0.319873694 0.000000000 0.103317597 0.103610678 0.236973227 0.237384513 0.228190935 0.241596638 0.292874338 0.284033662 0.284308689 0.287455803 0.296726985 0.298535125 0.337762255 0.332204463 0.329988231 0.331306934 0.317442187 0.336502539 0.336380276 0.341451445 0.335146827 0.336727953 0.356615620 0.357134866 0.382903998 0.383612287 0.357954016 0.388737716 0.369325730 0.384861007 0.386872820 0.390033537 0.380568434 0.380543581 0.379705155 0.380909706 0.375725537 0.375724269 0.388344987 0.398222805 0.366826442 0.376632204 0.358390863 0.362086792 0.389685462 0.389506716 0.364131925 0.647933240 
21     0.318425998 0.313659299 0.103317597 0.000000000 0.036157236 0.230432638 0.230843925 0.221793007 0.235000335 0.286416936 0.277588838 0.277863865 0.281010979 0.290223799 0.293153298 0.332627070 0.327269449 0.325053217 0.326371920 0.312073344 0.330935902 0.330813640 0.335870560 0.329663616 0.331260570 0.351068059 0.351550348 0.377132192 0.377840481 0.352182210 0.382944012 0.363571491 0.379067302 0.380863439 0.384094596 0.374727120 0.374702267 0.374243611 0.375447973 0.370136474 0.370135206 0.382711976 0.393136685 0.361616598 0.370776416 0.352770260 0.356579316 0.383966803 0.383788057 0.358364119 0.642471606 
18     0.318485529 0.313718830 0.103610678 0.036157236 0.000000000 0.230544733 0.230956020 0.221850967 0.235155673 0.286476467 0.277648369 0.277923396 0.281070510 0.290283330 0.293212829 0.332686601 0.327328980 0.325112748 0.326431451 0.312132875 0.330995433 0.330873171 0.335917788 0.329723147 0.331320101 0.351127590 0.351609879 0.377191723 0.377900012 0.352241741 0.383003543 0.363631022 0.379126833 0.380922970 0.384154127 0.374786651 0.374761798 0.374303142 0.375507504 0.370196005 0.370194737 0.382771507 0.393196216 0.361694225 0.370946767 0.352829791 0.356638847 0.384026334 0.383847588 0.358423650 0.642531137 
16     0.313756130 0.309100872 0.236973227 0.230432638 0.230544733 0.000000000 0.032708721 0.184690976 0.197408816 0.281789041 0.272985053 0.273260080 0.276360590 0.285577383 0.288870000 0.328884880 0.322907449 0.320625451 0.321944154 0.307464491 0.326319133 0.326196870 0.331699994 0.325291061 0.326698254 0.346310539 0.346918157 0.372807664 0.373515953 0.347812150 0.378623406 0.359350297 0.374883690 0.376659624 0.379393524 0.369882932 0.370141416 0.369650715 0.370855077 0.365814883 0.365813614 0.377853939 0.388489856 0.356864317 0.366888929 0.348505489 0.352500355 0.379896459 0.379869482 0.353920313 0.638020438 
24     0.314157738 0.309502480 0.237384513 0.230843925 0.230956020 0.032708721 0.000000000 0.184913351 0.197637158 0.282197313 0.273393325 0.273668352 0.276768862 0.285985655 0.289278272 0.329293151 0.323315721 0.321033723 0.322352426 0.307872763 0.326727405 0.326605142 0.332108265 0.325699333 0.327106526 0.346718811 0.347326429 0.373215936 0.373924225 0.348220422 0.379031678 0.359758569 0.375291962 0.377067896 0.379801796 0.370331538 0.370549688 0.370058987 0.371263349 0.366223155 0.366221886 0.378262211 0.388898128 0.357257347 0.367297201 0.348913761 0.352908627 0.380304731 0.380277754 0.354328585 0.638428710 
13     0.305039663 0.300272964 0.228190935 0.221793007 0.221850967 0.184690976 0.184913351 0.000000000 0.088943252 0.273725998 0.264937173 0.265212200 0.268312710 0.277480875 0.280137210 0.320115241 0.314304611 0.312081912 0.313444366 0.298774315 0.317819736 0.317697474 0.323371890 0.317098556 0.318625555 0.337968768 0.338524696 0.363384228 0.364092516 0.338334522 0.369334886 0.349836909 0.365145699 0.367320000 0.370000419 0.360614759 0.360820248 0.360134994 0.361339356 0.356504161 0.356502893 0.368948449 0.378910291 0.347352953 0.357899002 0.339380510 0.343371790 0.370788585 0.370761607 0.344808285 0.627306955 
26     0.319109480 0.314342781 0.241596638 0.235000335 0.235155673 0.197408816 0.197637158 0.088943252 0.000000000 0.287465946 0.278670012 0.278945039 0.282045549 0.291262342 0.294350084 0.334492326 0.328524640 0.326297177 0.327659631 0.312915173 0.331817059 0.331725697 0.337145845 0.330754152 0.332273497 0.351968348 0.352425815 0.378283643 0.378991931 0.353491501 0.384182265 0.364721939 0.380030729 0.382603109 0.385211308 0.375765682 0.375971171 0.374891182 0.376095544 0.371522050 0.371520781 0.383966337 0.394206909 0.362397326 0.372738573 0.354207424 0.358217165 0.385628156 0.385601178 0.359864978 0.643222643 
22     0.311863993 0.307097294 0.292874338 0.286416936 0.286476467 0.281789041 0.282197313 0.273725998 0.287465946 0.000000000 0.080950313 0.081095617 0.084198523 0.096467270 0.286336629 0.326078180 0.320051765 0.317898686 0.319217390 0.304614558 0.323770468 0.323649840 0.328726461 0.322017335 0.323634517 0.343170328 0.343340682 0.368717423 0.369426713 0.343166460 0.374594016 0.355303209 0.370833696 0.373613868 0.376344730 0.366685637 0.367107971 0.366445081 0.367649442 0.362372223 0.362370954 0.374879073 0.384774494 0.353786330 0.364235947 0.345573770 0.349571936 0.375927805 0.375710676 0.351210158 0.634188783 
3     0.302303375 0.297536677 0.284033662 0.277588838 0.277648369 0.272985053 0.273393325 0.264937173 0.278670012 0.080950313 0.000000000 0.034228731 0.043185711 0.082561612 0.276304015 0.316026346 0.309948613 0.307730121 0.309065244 0.295407072 0.314309160 0.314188532 0.319628201 0.312843721 0.314527623 0.334324401 0.334277757 0.359688064 0.360396353 0.334197070 0.365868873 0.346344180 0.361858748 0.364168526 0.366899388 0.357160235 0.357662629 0.357392168 0.358596530 0.353233587 0.353232319 0.365740437 0.375984637 0.344600053 0.354629876 0.335967700 0.339916580 0.366293539 0.365913784 0.341604088 0.624362820 
10     0.302578402 0.297811704 0.284308689 0.277863865 0.277923396 0.273260080 0.273668352 0.265212200 0.278945039 0.081095617 0.034228731 0.000000000 0.043285112 0.082729908 0.276579042 0.316301373 0.310223640 0.308005148 0.309340271 0.295682099 0.314584187 0.314463559 0.319903228 0.313118748 0.314802650 0.334599428 0.334552784 0.359963091 0.360671380 0.334472097 0.366143900 0.346619207 0.362133775 0.364443553 0.367174415 0.357515322 0.357937656 0.357667195 0.358871556 0.353508614 0.353507345 0.366015464 0.376259664 0.344903002 0.354904903 0.336242727 0.340191607 0.366568566 0.366188811 0.341879115 0.624637847 
8     0.305678913 0.300912214 0.287455803 0.281010979 0.281070510 0.276360590 0.276768862 0.268312710 0.282045549 0.084198523 0.043185711 0.043285112 0.000000000 0.086328888 0.279679552 0.319401884 0.313324150 0.311105658 0.312440781 0.298782609 0.317684697 0.317564069 0.323003738 0.316219258 0.317911116 0.337699938 0.337653294 0.363063601 0.363771890 0.337572607 0.369244410 0.349719717 0.365234285 0.367544063 0.370274925 0.360615832 0.361038166 0.360767705 0.361972067 0.356609124 0.356607856 0.369115974 0.379360174 0.347975590 0.358005413 0.339343237 0.343292117 0.369669076 0.369298823 0.344979625 0.627738357 
25     0.314865464 0.310098765 0.296726985 0.290223799 0.290283330 0.285577383 0.285985655 0.277480875 0.291262342 0.096467270 0.082561612 0.082729908 0.086328888 0.000000000 0.289208229 0.328450976 0.322547563 0.320369896 0.321688599 0.308056753 0.327061222 0.326940593 0.332430730 0.325722556 0.327338107 0.347187837 0.347005109 0.372844623 0.373552911 0.347355953 0.378780956 0.359490798 0.375015306 0.377055671 0.379786533 0.370609622 0.370549774 0.370252119 0.371456481 0.366093538 0.366092270 0.378600389 0.388844588 0.357207668 0.367837464 0.349292935 0.353285166 0.379615904 0.379398775 0.354888293 0.634693948 
7     0.271586054 0.266567290 0.298535125 0.293153298 0.293212829 0.288870000 0.289278272 0.280137210 0.294350084 0.286336629 0.276304015 0.276579042 0.279679552 0.289208229 0.000000000 0.218403906 0.211195256 0.209275781 0.210619716 0.231581934 0.251939250 0.251764259 0.257861556 0.251613077 0.253045731 0.272585987 0.274453599 0.308923993 0.309627253 0.283286439 0.314596680 0.295493982 0.310999601 0.313658613 0.316071334 0.306680842 0.306601927 0.306338978 0.307543340 0.300868638 0.300867370 0.313340957 0.323937522 0.292261261 0.302032799 0.282684104 0.287052909 0.314271846 0.314182006 0.288282631 0.574755333 
19     0.311155307 0.306159399 0.337762255 0.332627070 0.332686601 0.328884880 0.329293151 0.320115241 0.334492326 0.326078180 0.316026346 0.316301373 0.319401884 0.328450976 0.218403906 0.000000000 0.180880364 0.178743670 0.180074802 0.270996070 0.290258361 0.290083370 0.297332755 0.290986575 0.292577000 0.311129797 0.313608552 0.347288178 0.347998842 0.322095181 0.353500027 0.334525440 0.349891310 0.352165908 0.354608693 0.344990425 0.345087942 0.345064288 0.346268650 0.340478275 0.340477006 0.352828489 0.363365080 0.331875853 0.340644888 0.321183523 0.326136595 0.352796694 0.352794160 0.326923564 0.612323915 
6     0.305048592 0.300052684 0.332204463 0.327269449 0.327328980 0.322907449 0.323315721 0.314304611 0.328524640 0.320051765 0.309948613 0.310223640 0.313324150 0.322547563 0.211195256 0.180880364 0.000000000 0.068774916 0.070274872 0.264313313 0.283391443 0.283216452 0.289871943 0.283327084 0.284853732 0.304519142 0.306504342 0.341613163 0.342323828 0.316394122 0.347670898 0.328785437 0.344161586 0.346805444 0.349215540 0.339662393 0.339707209 0.338997858 0.340202219 0.334567486 0.334566218 0.346958855 0.357465915 0.325921429 0.335492792 0.315794201 0.320460634 0.347814646 0.347589731 0.321673902 0.606785366 
17     0.302892901 0.297896992 0.329988231 0.325053217 0.325112748 0.320625451 0.321033723 0.312081912 0.326297177 0.317898686 0.307730121 0.308005148 0.311105658 0.320369896 0.209275781 0.178743670 0.068774916 0.000000000 0.034663674 0.262137431 0.281724641 0.281549650 0.288830618 0.282240129 0.283865490 0.303042830 0.305092151 0.339970749 0.340681414 0.314620151 0.345202416 0.326816576 0.342192726 0.345044458 0.347454554 0.338035615 0.337993485 0.337286187 0.338490548 0.332701151 0.332699882 0.345092520 0.355599579 0.324055093 0.333597224 0.313879696 0.318565067 0.345565572 0.345694164 0.319778334 0.604781899 
9     0.304216597 0.299220688 0.331306934 0.326371920 0.326431451 0.321944154 0.322352426 0.313444366 0.327659631 0.319217390 0.309065244 0.309340271 0.312440781 0.321688599 0.210619716 0.180074802 0.070274872 0.034663674 0.000000000 0.263462402 0.283049612 0.282874621 0.290155588 0.283565100 0.285184393 0.304367800 0.306417122 0.341227872 0.341938536 0.315877273 0.346459538 0.328073699 0.343449848 0.346301580 0.348711676 0.339292737 0.339250608 0.338543309 0.339747671 0.333958273 0.333957004 0.346349642 0.356856701 0.325312215 0.334854346 0.315136818 0.319822189 0.346778855 0.346951286 0.321035456 0.605077741 
1     0.289854799 0.285296379 0.317442187 0.312073344 0.312132875 0.307464491 0.307872763 0.298774315 0.312915173 0.304614558 0.295407072 0.295682099 0.298782609 0.308056753 0.231581934 0.270996070 0.264313313 0.262137431 0.263462402 0.000000000 0.251979660 0.251816249 0.259445700 0.252837159 0.254541502 0.273336428 0.275861623 0.329848789 0.330569690 0.304149625 0.335319293 0.315100293 0.330473867 0.333842473 0.336245060 0.327002522 0.326865782 0.325738200 0.326942562 0.321740660 0.321739392 0.334002432 0.344360710 0.312599011 0.322641128 0.303756465 0.307979199 0.335070603 0.334833349 0.309224671 0.593761481 
5     0.309333812 0.304585157 0.336502539 0.330935902 0.330995433 0.326319133 0.326727405 0.317819736 0.331817059 0.323770468 0.314309160 0.314584187 0.317684697 0.327061222 0.251939250 0.290258361 0.283391443 0.281724641 0.283049612 0.251979660 0.000000000 0.041040089 0.256145849 0.250110850 0.252052447 0.271795806 0.273504460 0.346889315 0.347611354 0.321339558 0.352667042 0.333767703 0.348501472 0.350836782 0.353238050 0.344172824 0.344098112 0.342405449 0.343609811 0.338249427 0.338248159 0.350147391 0.361204146 0.328950222 0.340196988 0.321068189 0.325332131 0.352753647 0.352645900 0.326634958 0.612536768 
11     0.309188771 0.304440115 0.336380276 0.330813640 0.330873171 0.326196870 0.326605142 0.317697474 0.331725697 0.323649840 0.314188532 0.314463559 0.317564069 0.326940593 0.251764259 0.290083370 0.283216452 0.281549650 0.282874621 0.251816249 0.041040089 0.000000000 0.256038954 0.250003955 0.251945552 0.271733921 0.273406063 0.346595885 0.347317924 0.321046128 0.352373833 0.333370622 0.348160626 0.350574430 0.352975698 0.343916222 0.343840520 0.341999098 0.343203459 0.337783401 0.337782133 0.349614934 0.360760950 0.328585212 0.339840570 0.320711771 0.324975713 0.352397229 0.352289482 0.326278540 0.612344138 
14     0.314636885 0.309888230 0.341451445 0.335870560 0.335917788 0.331699994 0.332108265 0.323371890 0.337145845 0.328726461 0.319628201 0.319903228 0.323003738 0.332430730 0.257861556 0.297332755 0.289871943 0.288830618 0.290155588 0.259445700 0.256145849 0.256038954 0.000000000 0.134265779 0.134484782 0.248294966 0.249345132 0.352985464 0.353821821 0.327400717 0.358548019 0.339317635 0.354350209 0.357349275 0.359957545 0.350745089 0.350806430 0.349502682 0.350707044 0.345381545 0.345380277 0.357377921 0.368100967 0.336093101 0.346383508 0.326771098 0.331753559 0.359259098 0.359145534 0.333403221 0.619699343 
2     0.308319322 0.303570667 0.335146827 0.329663616 0.329723147 0.325291061 0.325699333 0.317098556 0.330754152 0.322017335 0.312843721 0.313118748 0.316219258 0.325722556 0.251613077 0.290986575 0.283327084 0.282240129 0.283565100 0.252837159 0.250110850 0.250003955 0.134265779 0.000000000 0.112464452 0.241634381 0.243249158 0.345842984 0.346870674 0.320397288 0.351498447 0.332377346 0.347409920 0.350395606 0.353032277 0.344294007 0.344428591 0.342662782 0.343867144 0.338606008 0.338604740 0.350760280 0.361310379 0.329576063 0.339758637 0.320136824 0.324654465 0.352371926 0.352258362 0.325949307 0.613033442 
20     0.309790881 0.305042226 0.336727953 0.331260570 0.331320101 0.326698254 0.327106526 0.318625555 0.332273497 0.323634517 0.314527623 0.314802650 0.317911116 0.327338107 0.253045731 0.292577000 0.284853732 0.283865490 0.285184393 0.254541502 0.252052447 0.251945552 0.134484782 0.112464452 0.000000000 0.243258911 0.244713712 0.347474201 0.348322711 0.321951836 0.353105459 0.333875074 0.348907649 0.351773823 0.354541893 0.346058834 0.346089882 0.344129036 0.345333397 0.340072262 0.340070994 0.352190078 0.362727321 0.331089310 0.341541627 0.321919814 0.326670912 0.354202497 0.354088933 0.327706765 0.613033959 
4     0.330125379 0.325376724 0.356615620 0.351068059 0.351127590 0.346310539 0.346718811 0.337968768 0.351968348 0.343170328 0.334324401 0.334599428 0.337699938 0.347187837 0.272585987 0.311129797 0.304519142 0.303042830 0.304367800 0.273336428 0.271795806 0.271733921 0.248294966 0.241634381 0.243258911 0.000000000 0.229783017 0.367646432 0.368394758 0.342201416 0.373294920 0.353428304 0.368203092 0.372025510 0.374246125 0.365979308 0.366060896 0.364255476 0.365459837 0.359896967 0.359895698 0.372088864 0.381911245 0.350959118 0.361602535 0.342429168 0.346485054 0.373524868 0.373469460 0.347945100 0.634587579 
15     0.330475733 0.325727078 0.357134866 0.351550348 0.351609879 0.346918157 0.347326429 0.338524696 0.352425815 0.343340682 0.334277757 0.334552784 0.337653294 0.347005109 0.274453599 0.313608552 0.306504342 0.305092151 0.306417122 0.275861623 0.273504460 0.273406063 0.249345132 0.243249158 0.244713712 0.229783017 0.000000000 0.369824785 0.370573111 0.344288593 0.375425642 0.355758423 0.370368591 0.374400132 0.376883614 0.367858627 0.367737199 0.367163186 0.368367548 0.362847038 0.362845770 0.375032135 0.385812058 0.353738342 0.363990365 0.344363186 0.348998126 0.376272220 0.376266203 0.349759835 0.635668571 
30     0.354996869 0.350262489 0.382903998 0.377132192 0.377191723 0.372807664 0.373215936 0.363384228 0.378283643 0.368717423 0.359688064 0.359963091 0.363063601 0.372844623 0.308923993 0.347288178 0.341613163 0.339970749 0.341227872 0.329848789 0.346889315 0.346595885 0.352985464 0.345842984 0.347474201 0.367646432 0.369824785 0.000000000 0.042047522 0.201280663 0.262947630 0.247331095 0.262528386 0.314021279 0.316513418 0.307370329 0.306804378 0.324317919 0.325522280 0.318558584 0.318557315 0.331336526 0.341488868 0.310135026 0.319802376 0.301226780 0.304623233 0.331839671 0.331693375 0.305404144 0.627474681 
45     0.355705157 0.350970778 0.383612287 0.377840481 0.377900012 0.373515953 0.373924225 0.364092516 0.378991931 0.369426713 0.360396353 0.360671380 0.363771890 0.373552911 0.309627253 0.347998842 0.342323828 0.340681414 0.341938536 0.330569690 0.347611354 0.347317924 0.353821821 0.346870674 0.348322711 0.368394758 0.370573111 0.042047522 0.000000000 0.201853736 0.263595371 0.247947897 0.263145188 0.314659691 0.317151830 0.308008741 0.307442791 0.324978686 0.326183048 0.319219351 0.319218083 0.331997293 0.342149636 0.310725251 0.320430810 0.301855214 0.305251667 0.332468105 0.332321809 0.306032578 0.628148277 
32     0.330172517 0.325732466 0.357954016 0.352182210 0.352241741 0.347812150 0.348220422 0.338334522 0.353491501 0.343166460 0.334197070 0.334472097 0.337572607 0.347355953 0.283286439 0.322095181 0.316394122 0.314620151 0.315877273 0.304149625 0.321339558 0.321046128 0.327400717 0.320397288 0.321951836 0.342201416 0.344288593 0.201280663 0.201853736 0.000000000 0.237443957 0.221894047 0.236795413 0.289724784 0.292049971 0.283454512 0.282436578 0.299468389 0.300672751 0.293685625 0.293684356 0.306463567 0.316596394 0.285343774 0.294092423 0.275512461 0.278968097 0.306191477 0.306045181 0.280027035 0.605358177 
38     0.360814525 0.356026217 0.388737716 0.382944012 0.383003543 0.378623406 0.379031678 0.369334886 0.384182265 0.374594016 0.365868873 0.366143900 0.369244410 0.378780956 0.314596680 0.353500027 0.347670898 0.345202416 0.346459538 0.335319293 0.352667042 0.352373833 0.358548019 0.351498447 0.353105459 0.373294920 0.375425642 0.262947630 0.263595371 0.237443957 0.000000000 0.248227755 0.262371263 0.321298374 0.322934035 0.314274611 0.313408297 0.330399892 0.331604254 0.325133375 0.325132107 0.337939638 0.347793500 0.317215952 0.326835389 0.308133401 0.311900690 0.339027251 0.338880955 0.312846840 0.636552795 
42     0.341623211 0.336834903 0.369325730 0.363571491 0.363631022 0.359350297 0.359758569 0.349836909 0.364721939 0.355303209 0.346344180 0.346619207 0.349719717 0.359490798 0.295493982 0.334525440 0.328785437 0.326816576 0.328073699 0.315100293 0.333767703 0.333370622 0.339317635 0.332377346 0.333875074 0.353428304 0.355758423 0.247331095 0.247947897 0.221894047 0.248227755 0.000000000 0.106728243 0.303258463 0.305562504 0.296748372 0.295897098 0.311486481 0.312721616 0.307593801 0.307592532 0.320230912 0.330073506 0.299563793 0.307580330 0.289036171 0.292647600 0.319814625 0.319663872 0.293786205 0.616359014 
43     0.357167450 0.352379142 0.384861007 0.379067302 0.379126833 0.374883690 0.375291962 0.365145699 0.380030729 0.370833696 0.361858748 0.362133775 0.365234285 0.375015306 0.310999601 0.349891310 0.344161586 0.342192726 0.343449848 0.330473867 0.348501472 0.348160626 0.354350209 0.347409920 0.348907649 0.368203092 0.370368591 0.262528386 0.263145188 0.236795413 0.262371263 0.106728243 0.000000000 0.318417068 0.320597349 0.312288554 0.311142060 0.326866073 0.328070435 0.323004885 0.323003616 0.335782827 0.345092532 0.314857863 0.323336039 0.304826823 0.308656342 0.335942691 0.335771820 0.309566922 0.631630619 
46     0.360908441 0.356035826 0.386872820 0.380863439 0.380922970 0.376659624 0.377067896 0.367320000 0.382603109 0.373613868 0.364168526 0.364443553 0.367544063 0.377055671 0.313658613 0.352165908 0.346805444 0.345044458 0.346301580 0.333842473 0.350836782 0.350574430 0.357349275 0.350395606 0.351773823 0.372025510 0.374400132 0.314021279 0.314659691 0.289724784 0.321298374 0.303258463 0.318417068 0.000000000 0.122808804 0.242199873 0.241830562 0.328821220 0.330025581 0.323173613 0.323172345 0.335947655 0.346218462 0.315105136 0.325025498 0.306315732 0.310115956 0.337336323 0.337190027 0.310775963 0.634945133 
35     0.363292594 0.358419980 0.390033537 0.384094596 0.384154127 0.379393524 0.379801796 0.370000419 0.385211308 0.376344730 0.366899388 0.367174415 0.370274925 0.379786533 0.316071334 0.354608693 0.349215540 0.347454554 0.348711676 0.336245060 0.353238050 0.352975698 0.359957545 0.353032277 0.354541893 0.374246125 0.376883614 0.316513418 0.317151830 0.292049971 0.322934035 0.305562504 0.320597349 0.122808804 0.000000000 0.243746167 0.243404093 0.329955744 0.331163045 0.325112315 0.325111046 0.337886356 0.348157164 0.317008672 0.326952398 0.308264989 0.312064843 0.339285210 0.339138914 0.312681598 0.636509869 
48     0.353843382 0.348970767 0.380568434 0.374727120 0.374786651 0.369882932 0.370331538 0.360614759 0.375765682 0.366685637 0.357160235 0.357515322 0.360615832 0.370609622 0.306680842 0.344990425 0.339662393 0.338035615 0.339292737 0.327002522 0.344172824 0.343916222 0.350745089 0.344294007 0.346058834 0.365979308 0.367858627 0.307370329 0.308008741 0.283454512 0.314274611 0.296748372 0.312288554 0.242199873 0.243746167 0.000000000 0.097190696 0.321607016 0.322811378 0.316219878 0.316218610 0.328984270 0.338965912 0.306661382 0.317959558 0.299062921 0.303039847 0.330047339 0.329901043 0.304043944 0.629027214 
29     0.353765226 0.348892611 0.380543581 0.374702267 0.374761798 0.370141416 0.370549688 0.360820248 0.375971171 0.367107971 0.357662629 0.357937656 0.361038166 0.370549774 0.306601927 0.345087942 0.339707209 0.337993485 0.339250608 0.326865782 0.344098112 0.343840520 0.350806430 0.344428591 0.346089882 0.366060896 0.367737199 0.306804378 0.307442791 0.282436578 0.313408297 0.295897098 0.311142060 0.241830562 0.243404093 0.097190696 0.000000000 0.321319851 0.322524213 0.315928633 0.315927365 0.328693025 0.338513013 0.306395909 0.317786538 0.298896253 0.302895426 0.330058847 0.329912551 0.303690151 0.628735986 
37     0.352944649 0.348072035 0.379705155 0.374243611 0.374303142 0.369650715 0.370058987 0.360134994 0.374891182 0.366445081 0.357392168 0.357667195 0.360767705 0.370252119 0.306338978 0.345064288 0.338997858 0.337286187 0.338543309 0.325738200 0.342405449 0.341999098 0.349502682 0.342662782 0.344129036 0.364255476 0.367163186 0.324317919 0.324978686 0.299468389 0.330399892 0.311486481 0.326866073 0.328821220 0.329955744 0.321607016 0.321319851 0.000000000 0.042691775 0.207263213 0.207243081 0.220210390 0.230630045 0.239372806 0.316361224 0.297611947 0.301641702 0.328153082 0.327984739 0.303238872 0.624579833 
33     0.354149011 0.349276396 0.380909706 0.375447973 0.375507504 0.370855077 0.371263349 0.361339356 0.376095544 0.367649442 0.358596530 0.358871556 0.361972067 0.371456481 0.307543340 0.346268650 0.340202219 0.338490548 0.339747671 0.326942562 0.343609811 0.343203459 0.350707044 0.343867144 0.345333397 0.365459837 0.368367548 0.325522280 0.326183048 0.300672751 0.331604254 0.312721616 0.328070435 0.330025581 0.331163045 0.322811378 0.322524213 0.042691775 0.000000000 0.208493021 0.208472890 0.221440198 0.231851599 0.240576830 0.317565586 0.298816308 0.302846064 0.329357444 0.329189100 0.304443234 0.625784195 
34     0.349043634 0.344210347 0.375725537 0.370136474 0.370196005 0.365814883 0.366223155 0.356504161 0.371522050 0.362372223 0.353233587 0.353508614 0.356609124 0.366093538 0.300868638 0.340478275 0.334567486 0.332701151 0.333958273 0.321740660 0.338249427 0.337783401 0.345381545 0.338606008 0.340072262 0.359896967 0.362847038 0.318558584 0.319219351 0.293685625 0.325133375 0.307593801 0.323004885 0.323173613 0.325112315 0.316219878 0.315928633 0.207263213 0.208493021 0.000000000 0.030273772 0.099199054 0.212194827 0.231913233 0.309689759 0.291579603 0.295297339 0.321789222 0.321384375 0.296840661 0.621243151 
28     0.349042366 0.344209078 0.375724269 0.370135206 0.370194737 0.365813614 0.366221886 0.356502893 0.371520781 0.362370954 0.353232319 0.353507345 0.356607856 0.366092270 0.300867370 0.340477006 0.334566218 0.332699882 0.333957004 0.321739392 0.338248159 0.337782133 0.345380277 0.338604740 0.340070994 0.359895698 0.362845770 0.318557315 0.319218083 0.293684356 0.325132107 0.307592532 0.323003616 0.323172345 0.325111046 0.316218610 0.315927365 0.207243081 0.208472890 0.030273772 0.000000000 0.100581464 0.212036376 0.231909333 0.309688491 0.291578334 0.295296071 0.321787953 0.321383106 0.296839392 0.621241883 
44     0.361645115 0.356772500 0.388344987 0.382711976 0.382771507 0.377853939 0.378262211 0.368948449 0.383966337 0.374879073 0.365740437 0.366015464 0.369115974 0.378600389 0.313340957 0.352828489 0.346958855 0.345092520 0.346349642 0.334002432 0.350147391 0.349614934 0.357377921 0.350760280 0.352190078 0.372088864 0.375032135 0.331336526 0.331997293 0.306463567 0.337939638 0.320230912 0.335782827 0.335947655 0.337886356 0.328984270 0.328693025 0.220210390 0.221440198 0.099199054 0.100581464 0.000000000 0.225066170 0.244634313 0.322737246 0.304587532 0.308314295 0.334792496 0.334624152 0.309769159 0.633835586 
47     0.371441473 0.366569817 0.398222805 0.393136685 0.393196216 0.388489856 0.388898128 0.378910291 0.394206909 0.384774494 0.375984637 0.376259664 0.379360174 0.388844588 0.323937522 0.363365080 0.357465915 0.355599579 0.356856701 0.344360710 0.361204146 0.360760950 0.368100967 0.361310379 0.362727321 0.381911245 0.385812058 0.341488868 0.342149636 0.316596394 0.347793500 0.330073506 0.345092532 0.346218462 0.348157164 0.338965912 0.338513013 0.230630045 0.231851599 0.212194827 0.212036376 0.225066170 0.000000000 0.254376893 0.333038291 0.314453763 0.318186092 0.345045285 0.344876941 0.319601799 0.644273080 
41     0.340074319 0.335201704 0.366826442 0.361616598 0.361694225 0.356864317 0.357257347 0.347352953 0.362397326 0.353786330 0.344600053 0.344903002 0.347975590 0.357207668 0.292261261 0.331875853 0.325921429 0.324055093 0.325312215 0.312599011 0.328950222 0.328585212 0.336093101 0.329576063 0.331089310 0.350959118 0.353738342 0.310135026 0.310725251 0.285343774 0.317215952 0.299563793 0.314857863 0.315105136 0.317008672 0.306661382 0.306395909 0.239372806 0.240576830 0.231913233 0.231909333 0.244634313 0.254376893 0.000000000 0.301260625 0.281695852 0.286921511 0.313426053 0.313259040 0.288571279 0.611490140 
39     0.350746552 0.346099573 0.376632204 0.370776416 0.370946767 0.366888929 0.367297201 0.357899002 0.372738573 0.364235947 0.354629876 0.354904903 0.358005413 0.367837464 0.302032799 0.340644888 0.335492792 0.333597224 0.334854346 0.322641128 0.340196988 0.339840570 0.346383508 0.339758637 0.341541627 0.361602535 0.363990365 0.319802376 0.320430810 0.294092423 0.326835389 0.307580330 0.323336039 0.325025498 0.326952398 0.317959558 0.317786538 0.316361224 0.317565586 0.309689759 0.309688491 0.322737246 0.333038291 0.301260625 0.000000000 0.140438564 0.174922731 0.203692090 0.203185507 0.206904134 0.623000170 
50     0.331767667 0.327120688 0.358390863 0.352770260 0.352829791 0.348505489 0.348913761 0.339380510 0.354207424 0.345573770 0.335967700 0.336242727 0.339343237 0.349292935 0.282684104 0.321183523 0.315794201 0.313879696 0.315136818 0.303756465 0.321068189 0.320711771 0.326771098 0.320136824 0.321919814 0.342429168 0.344363186 0.301226780 0.301855214 0.275512461 0.308133401 0.289036171 0.304826823 0.306315732 0.308264989 0.299062921 0.298896253 0.297611947 0.298816308 0.291579603 0.291578334 0.304587532 0.314453763 0.281695852 0.140438564 0.000000000 0.157111572 0.185490115 0.184964570 0.188878114 0.604923355 
36     0.335951170 0.331117882 0.362086792 0.356579316 0.356638847 0.352500355 0.352908627 0.343371790 0.358217165 0.349571936 0.339916580 0.340191607 0.343292117 0.353285166 0.287052909 0.326136595 0.320460634 0.318565067 0.319822189 0.307979199 0.325332131 0.324975713 0.331753559 0.324654465 0.326670912 0.346485054 0.348998126 0.304623233 0.305251667 0.278968097 0.311900690 0.292647600 0.308656342 0.310115956 0.312064843 0.303039847 0.302895426 0.301641702 0.302846064 0.295297339 0.295296071 0.308314295 0.318186092 0.286921511 0.174922731 0.157111572 0.000000000 0.154259332 0.153895306 0.192048453 0.609957357 
49     0.363164357 0.358331070 0.389685462 0.383966803 0.384026334 0.379896459 0.380304731 0.370788585 0.385628156 0.375927805 0.366293539 0.366568566 0.369669076 0.379615904 0.314271846 0.352796694 0.347814646 0.345565572 0.346778855 0.335070603 0.352753647 0.352397229 0.359259098 0.352371926 0.354202497 0.373524868 0.376272220 0.331839671 0.332468105 0.306191477 0.339027251 0.319814625 0.335942691 0.337336323 0.339285210 0.330047339 0.330058847 0.328153082 0.329357444 0.321789222 0.321787953 0.334792496 0.345045285 0.313426053 0.203692090 0.185490115 0.154259332 0.000000000 0.060871099 0.220713654 0.635021043 
40     0.363028655 0.358195368 0.389506716 0.383788057 0.383847588 0.379869482 0.380277754 0.370761607 0.385601178 0.375710676 0.365913784 0.366188811 0.369298823 0.379398775 0.314182006 0.352794160 0.347589731 0.345694164 0.346951286 0.334833349 0.352645900 0.352289482 0.359145534 0.352258362 0.354088933 0.373469460 0.376266203 0.331693375 0.332321809 0.306045181 0.338880955 0.319663872 0.335771820 0.337190027 0.339138914 0.329901043 0.329912551 0.327984739 0.329189100 0.321384375 0.321383106 0.334624152 0.344876941 0.313259040 0.203185507 0.184964570 0.153895306 0.060871099 0.000000000 0.220234445 0.634881412 
31     0.337315426 0.332482138 0.364131925 0.358364119 0.358423650 0.353920313 0.354328585 0.344808285 0.359864978 0.351210158 0.341604088 0.341879115 0.344979625 0.354888293 0.288282631 0.326923564 0.321673902 0.319778334 0.321035456 0.309224671 0.326634958 0.326278540 0.333403221 0.325949307 0.327706765 0.347945100 0.349759835 0.305404144 0.306032578 0.280027035 0.312846840 0.293786205 0.309566922 0.310775963 0.312681598 0.304043944 0.303690151 0.303238872 0.304443234 0.296840661 0.296839392 0.309769159 0.319601799 0.288571279 0.206904134 0.188878114 0.192048453 0.220713654 0.220234445 0.000000000 0.610266292 
0     0.620172860 0.615374579 0.647933240 0.642471606 0.642531137 0.638020438 0.638428710 0.627306955 0.643222643 0.634188783 0.624362820 0.624637847 0.627738357 0.634693948 0.574755333 0.612323915 0.606785366 0.604781899 0.605077741 0.593761481 0.612536768 0.612344138 0.619699343 0.613033442 0.613033959 0.634587579 0.635668571 0.627474681 0.628148277 0.605358177 0.636552795 0.616359014 0.631630619 0.634945133 0.636509869 0.629027214 0.628735986 0.624579833 0.625784195 0.621243151 0.621241883 0.633835586 0.644273080 0.611490140 0.623000170 0.604923355 0.609957357 0.635021043 0.634881412 0.610266292 0.000000000 
