51
17     0.000000000 0.000002170 0.000148570 0.000063680 0.000188850 0.000128240 0.000132790 0.000133390 0.000121790 0.000357530 0.000274120 0.000291230 0.000197940 0.000175540 0.000219480 0.000136620 0.000128910 0.000127770 0.000166400 0.000176250 0.000153910 0.000223420 0.000160370 0.000295100 0.000249700 0.000308810 0.000282330 0.000305290 0.000285050 0.000289070 0.000213020 0.000191230 0.000178430 0.000187660 0.000151950 0.000181880 0.000283520 0.000284550 0.000235120 0.000276010 0.000275730 0.000213390 0.000303340 0.000364660 0.000284400 0.000276290 0.000267020 0.000190460 0.000232900 0.000299430 0.000238110 
3     0.000002170 0.000000000 0.000128860 0.000119630 0.000168760 0.000191720 0.000196270 0.000196870 0.000185270 0.000168510 0.000209640 0.000354710 0.000197660 0.000239020 0.000282960 0.000200100 0.000192390 0.000191250 0.000165380 0.000239730 0.000166820 0.000286900 0.000170380 0.000207740 0.000206970 0.000237470 0.000345810 0.000368770 0.000287540 0.000287540 0.000276500 0.000254710 0.000241910 0.000251140 0.000160100 0.000160100 0.000253420 0.000271320 0.000234360 0.000234360 0.000234360 0.000260990 0.000261290 0.000252660 0.000253220 0.000253220 0.000330500 0.000226260 0.000154360 0.000174500 0.000012570 
23     0.000148570 0.000128860 0.000000000 0.000008830 0.000435420 0.000346950 0.000091120 0.000119130 0.000112200 0.000435170 0.000351760 0.000444020 0.000362390 0.000350660 0.000380690 0.000433200 0.000333320 0.000326930 0.000405450 0.000582070 0.000433480 0.000519020 0.000437040 0.000428900 0.000428760 0.000343370 0.000612730 0.000586700 0.000354110 0.000397070 0.000405340 0.000433660 0.000348790 0.000457590 0.000355970 0.000426760 0.000359630 0.000366550 0.000376350 0.000376040 0.000428220 0.000358160 0.000395270 0.000511840 0.000518810 0.000516010 0.000464880 0.000288340 0.000229520 0.000441160 0.000279230 
19     0.000063680 0.000119630 0.000008830 0.000000000 0.000229510 0.000168900 0.000075160 0.000103170 0.000096240 0.000266080 0.000307210 0.000331890 0.000238600 0.000216200 0.000260140 0.000177280 0.000169570 0.000168430 0.000207060 0.000216910 0.000194570 0.000264080 0.000201030 0.000305310 0.000290360 0.000335040 0.000322990 0.000345950 0.000325710 0.000329730 0.000253680 0.000231890 0.000219090 0.000228320 0.000192610 0.000222540 0.000324180 0.000325210 0.000275780 0.000316670 0.000316390 0.000254050 0.000344000 0.000350230 0.000325060 0.000316950 0.000307680 0.000231120 0.000251930 0.000272070 0.000110140 
6     0.000188850 0.000168760 0.000435420 0.000229510 0.000000000 0.000097110 0.000153760 0.000154360 0.000142760 0.000007630 0.000048760 0.000224260 0.000036780 0.000201450 0.000245390 0.000162530 0.000154820 0.000084650 0.000004500 0.000202160 0.000005940 0.000160730 0.000009500 0.000046860 0.000046090 0.000087490 0.000368840 0.000391800 0.000137560 0.000137560 0.000299530 0.000277740 0.000264940 0.000145480 0.000010120 0.000010120 0.000103440 0.000121340 0.000084380 0.000084380 0.000084380 0.000111010 0.000111310 0.000102680 0.000103240 0.000103240 0.000207190 0.000276970 0.000019480 0.000039620 0.000156290 
18     0.000128240 0.000191720 0.000346950 0.000168900 0.000097110 0.000000000 0.000093150 0.000093750 0.000082150 0.000104740 0.000145870 0.000247670 0.000133890 0.000140840 0.000184340 0.000101920 0.000094210 0.000093070 0.000101610 0.000141550 0.000103050 0.000188720 0.000106610 0.000143970 0.000143200 0.000184600 0.000308230 0.000331190 0.000234670 0.000234670 0.000238920 0.000217130 0.000204330 0.000213560 0.000107230 0.000107230 0.000200550 0.000218450 0.000181490 0.000181490 0.000181490 0.000208120 0.000208420 0.000199790 0.000200350 0.000200350 0.000292920 0.000188150 0.000116590 0.000136730 0.000253400 
13     0.000132790 0.000196270 0.000091120 0.000075160 0.000153760 0.000093150 0.000000000 0.000003260 0.000001620 0.000313540 0.000170350 0.000261080 0.000167790 0.000145390 0.000189330 0.000106470 0.000098760 0.000097620 0.000136250 0.000146100 0.000123760 0.000193270 0.000130220 0.000247490 0.000219550 0.000246780 0.000312780 0.000335740 0.000257520 0.000300480 0.000243470 0.000221680 0.000208880 0.000218110 0.000182400 0.000212330 0.000263040 0.000269960 0.000265570 0.000279450 0.000306180 0.000243840 0.000298680 0.000395110 0.000314850 0.000306740 0.000297470 0.000203090 0.000144270 0.000329880 0.000341240 
15     0.000133390 0.000196870 0.000119130 0.000103170 0.000154360 0.000093750 0.000003260 0.000000000 0.000007830 0.000243920 0.000153760 0.000246020 0.000164390 0.000145990 0.000182690 0.000107070 0.000099360 0.000098220 0.000136850 0.000146700 0.000124360 0.000193870 0.000130820 0.000230900 0.000220150 0.000230190 0.000313380 0.000336340 0.000240930 0.000283890 0.000244070 0.000222280 0.000209480 0.000218710 0.000183000 0.000212930 0.000246450 0.000253370 0.000263170 0.000262860 0.000306780 0.000244440 0.000282090 0.000395710 0.000315450 0.000307340 0.000298070 0.000186500 0.000127680 0.000330480 0.000324650 
8     0.000121790 0.000185270 0.000112200 0.000096240 0.000142760 0.000082150 0.000001620 0.000007830 0.000000000 0.000302540 0.000178140 0.000250080 0.000156790 0.000134390 0.000178330 0.000095470 0.000087760 0.000086620 0.000125250 0.000135100 0.000112760 0.000182270 0.000119220 0.000253950 0.000208550 0.000254570 0.000301780 0.000324740 0.000265310 0.000308270 0.000232470 0.000210680 0.000197880 0.000207110 0.000171400 0.000201330 0.000270830 0.000277750 0.000254570 0.000287240 0.000295180 0.000232840 0.000306470 0.000384110 0.000303850 0.000295740 0.000286470 0.000209910 0.000152060 0.000318880 0.000349030 
7     0.000357530 0.000168510 0.000435170 0.000266080 0.000007630 0.000104740 0.000313540 0.000243920 0.000302540 0.000000000 0.000048510 0.000224010 0.000036530 0.000304080 0.000414070 0.000303790 0.000307260 0.000084400 0.000004250 0.000370840 0.000005690 0.000160480 0.000009250 0.000046610 0.000045840 0.000087240 0.000537520 0.000560480 0.000137310 0.000137310 0.000468210 0.000446420 0.000433620 0.000145230 0.000009870 0.000009870 0.000103190 0.000121090 0.000084130 0.000084130 0.000084130 0.000110760 0.000111060 0.000102430 0.000102990 0.000102990 0.000206940 0.000445650 0.000019230 0.000039370 0.000156040 
11     0.000274120 0.000209640 0.000351760 0.000307210 0.000048760 0.000145870 0.000170350 0.000153760 0.000178140 0.000048510 0.000000000 0.000023470 0.000033140 0.000134240 0.000164270 0.000180000 0.000113120 0.000081010 0.000044260 0.000228850 0.000043160 0.000197950 0.000046720 0.000084080 0.000083310 0.000128370 0.000454110 0.000459380 0.000178440 0.000178440 0.000298620 0.000326940 0.000242070 0.000186360 0.000051000 0.000051000 0.000144320 0.000162220 0.000125260 0.000125260 0.000125260 0.000151890 0.000152190 0.000143560 0.000144120 0.000144120 0.000248070 0.000192960 0.000060360 0.000080500 0.000197170 
4     0.000291230 0.000354710 0.000444020 0.000331890 0.000224260 0.000247670 0.000261080 0.000246020 0.000250080 0.000224010 0.000023470 0.000000000 0.000191850 0.000226500 0.000256530 0.000197110 0.000189400 0.000176100 0.000219760 0.000245960 0.000218660 0.000293130 0.000222220 0.000259580 0.000258810 0.000303870 0.000471220 0.000447240 0.000339650 0.000353940 0.000390880 0.000380120 0.000334330 0.000361860 0.000226500 0.000226500 0.000319820 0.000337720 0.000300760 0.000300760 0.000300760 0.000327390 0.000327690 0.000319060 0.000319620 0.000319620 0.000423570 0.000285220 0.000226400 0.000256000 0.000372670 
20     0.000197940 0.000197660 0.000362390 0.000238600 0.000036780 0.000133890 0.000167790 0.000164390 0.000156790 0.000036530 0.000033140 0.000191850 0.000000000 0.000138470 0.000168500 0.000100420 0.000092710 0.000048590 0.000032280 0.000152670 0.000031180 0.000185970 0.000034740 0.000072100 0.000071330 0.000116390 0.000377930 0.000355270 0.000166460 0.000166460 0.000308620 0.000286830 0.000252700 0.000174380 0.000039020 0.000039020 0.000132340 0.000150240 0.000113280 0.000113280 0.000113280 0.000139910 0.000140210 0.000131580 0.000132140 0.000132140 0.000236090 0.000203590 0.000048380 0.000068520 0.000185190 
16     0.000175540 0.000239020 0.000350660 0.000216200 0.000201450 0.000140840 0.000145390 0.000145990 0.000134390 0.000304080 0.000134240 0.000226500 0.000138470 0.000000000 0.000034570 0.000000290 0.000003760 0.000028810 0.000045890 0.000130270 0.000107930 0.000177440 0.000114390 0.000211440 0.000203720 0.000235550 0.000355530 0.000378490 0.000246290 0.000289250 0.000286220 0.000264430 0.000240970 0.000260860 0.000225150 0.000255080 0.000251810 0.000258730 0.000268530 0.000268220 0.000320400 0.000250340 0.000287450 0.000369220 0.000357600 0.000349490 0.000340220 0.000191860 0.000133040 0.000336070 0.000295690 
21     0.000219480 0.000282960 0.000380690 0.000260140 0.000245390 0.000184340 0.000189330 0.000182690 0.000178330 0.000414070 0.000164270 0.000256530 0.000168500 0.000034570 0.000000000 0.000121960 0.000114250 0.000058840 0.000080440 0.000174210 0.000151870 0.000221380 0.000158330 0.000241470 0.000241330 0.000265580 0.000399470 0.000422430 0.000276320 0.000319280 0.000327550 0.000308370 0.000271000 0.000304800 0.000269090 0.000299020 0.000281840 0.000288760 0.000298560 0.000298250 0.000350430 0.000280370 0.000317480 0.000434050 0.000401540 0.000393430 0.000384160 0.000221890 0.000163070 0.000416570 0.000330240 
22     0.000136620 0.000200100 0.000433200 0.000177280 0.000162530 0.000101920 0.000106470 0.000107070 0.000095470 0.000303790 0.000180000 0.000197110 0.000100420 0.000000290 0.000121960 0.000000000 0.000003470 0.000014330 0.000081500 0.000091350 0.000069010 0.000138520 0.000075470 0.000210200 0.000164800 0.000327140 0.000316610 0.000339570 0.000319330 0.000323350 0.000247300 0.000225510 0.000212710 0.000221940 0.000186230 0.000216160 0.000317800 0.000318830 0.000269400 0.000310290 0.000310010 0.000247670 0.000332410 0.000349640 0.000318680 0.000310570 0.000301300 0.000224740 0.000224630 0.000333710 0.000421600 
1     0.000128910 0.000192390 0.000333320 0.000169570 0.000154820 0.000094210 0.000098760 0.000099360 0.000087760 0.000307260 0.000113120 0.000189400 0.000092710 0.000003760 0.000114250 0.000003470 0.000000000 0.000014620 0.000035220 0.000083640 0.000061300 0.000130810 0.000067760 0.000194100 0.000157090 0.000218210 0.000308900 0.000331860 0.000228950 0.000271910 0.000239590 0.000217800 0.000205000 0.000214230 0.000173250 0.000208450 0.000234470 0.000241390 0.000251190 0.000250880 0.000302300 0.000233000 0.000270110 0.000330180 0.000310970 0.000302860 0.000293590 0.000174520 0.000115700 0.000326000 0.000216560 
24     0.000127770 0.000191250 0.000326930 0.000168430 0.000084650 0.000093070 0.000097620 0.000098220 0.000086620 0.000084400 0.000081010 0.000176100 0.000048590 0.000028810 0.000058840 0.000014330 0.000014620 0.000000000 0.000072650 0.000082500 0.000060160 0.000129670 0.000066620 0.000119970 0.000119200 0.000164260 0.000307760 0.000330720 0.000214330 0.000214330 0.000238450 0.000216660 0.000203860 0.000213090 0.000086890 0.000086890 0.000180210 0.000198110 0.000161150 0.000161150 0.000161150 0.000187780 0.000188080 0.000179450 0.000180010 0.000180010 0.000283960 0.000168130 0.000096250 0.000116390 0.000233060 
5     0.000166400 0.000165380 0.000405450 0.000207060 0.000004500 0.000101610 0.000136250 0.000136850 0.000125250 0.000004250 0.000044260 0.000219760 0.000032280 0.000045890 0.000080440 0.000081500 0.000035220 0.000072650 0.000000000 0.000105050 0.000001440 0.000152220 0.000005000 0.000042360 0.000041590 0.000084110 0.000346390 0.000369350 0.000134180 0.000134180 0.000277080 0.000255290 0.000242490 0.000142100 0.000006740 0.000006740 0.000100060 0.000117960 0.000081000 0.000081000 0.000081000 0.000107630 0.000107930 0.000099300 0.000099860 0.000099860 0.000203810 0.000246650 0.000016100 0.000036240 0.000152910 
10     0.000176250 0.000239730 0.000582070 0.000216910 0.000202160 0.000141550 0.000146100 0.000146700 0.000135100 0.000370840 0.000228850 0.000245960 0.000152670 0.000130270 0.000174210 0.000091350 0.000083640 0.000082500 0.000105050 0.000000000 0.000046260 0.000092910 0.000051040 0.000214010 0.000171070 0.000382720 0.000356240 0.000379200 0.000358960 0.000362980 0.000286930 0.000265140 0.000252340 0.000261570 0.000225860 0.000255790 0.000357430 0.000358460 0.000309030 0.000349920 0.000349640 0.000287300 0.000377250 0.000438570 0.000358310 0.000350200 0.000340930 0.000264370 0.000431670 0.000373340 0.000729420 
14     0.000153910 0.000166820 0.000433480 0.000194570 0.000005940 0.000103050 0.000123760 0.000124360 0.000112760 0.000005690 0.000043160 0.000218660 0.000031180 0.000107930 0.000151870 0.000069010 0.000061300 0.000060160 0.000001440 0.000046260 0.000000000 0.000062370 0.000003900 0.000041260 0.000040490 0.000085550 0.000333900 0.000356860 0.000135620 0.000135620 0.000264590 0.000242800 0.000230000 0.000143540 0.000008180 0.000008180 0.000101500 0.000119400 0.000082440 0.000082440 0.000082440 0.000109070 0.000109370 0.000100740 0.000101300 0.000101300 0.000205250 0.000242030 0.000017540 0.000037680 0.000154350 
9     0.000223420 0.000286900 0.000519020 0.000264080 0.000160730 0.000188720 0.000193270 0.000193870 0.000182270 0.000160480 0.000197950 0.000293130 0.000185970 0.000177440 0.000221380 0.000138520 0.000130810 0.000129670 0.000152220 0.000092910 0.000062370 0.000000000 0.000019370 0.000150960 0.000159400 0.000240340 0.000403410 0.000426370 0.000290410 0.000290410 0.000334100 0.000312310 0.000299510 0.000298330 0.000162970 0.000162970 0.000256290 0.000274190 0.000237230 0.000237230 0.000237230 0.000263860 0.000264160 0.000255530 0.000256090 0.000256090 0.000360040 0.000311540 0.000172330 0.000192470 0.000309140 
2     0.000160370 0.000170380 0.000437040 0.000201030 0.000009500 0.000106610 0.000130220 0.000130820 0.000119220 0.000009250 0.000046720 0.000222220 0.000034740 0.000114390 0.000158330 0.000075470 0.000067760 0.000066620 0.000005000 0.000051040 0.000003900 0.000019370 0.000000000 0.000044820 0.000044050 0.000089110 0.000340360 0.000363320 0.000139180 0.000139180 0.000271050 0.000249260 0.000236460 0.000147100 0.000011740 0.000011740 0.000105060 0.000122960 0.000086000 0.000086000 0.000086000 0.000112630 0.000112930 0.000104300 0.000104860 0.000104860 0.000208810 0.000248490 0.000021100 0.000041240 0.000157910 
25     0.000295100 0.000207740 0.000428900 0.000305310 0.000046860 0.000143970 0.000247490 0.000230900 0.000253950 0.000046610 0.000084080 0.000259580 0.000072100 0.000211440 0.000241470 0.000210200 0.000194100 0.000119970 0.000042360 0.000214010 0.000041260 0.000150960 0.000044820 0.000000000 0.000000480 0.000126470 0.000475090 0.000498050 0.000176540 0.000176540 0.000375760 0.000383990 0.000319210 0.000184460 0.000049100 0.000049100 0.000142420 0.000160320 0.000123360 0.000123360 0.000123360 0.000149990 0.000150290 0.000141660 0.000142220 0.000142220 0.000246170 0.000270100 0.000058460 0.000078600 0.000195270 
12     0.000249700 0.000206970 0.000428760 0.000290360 0.000046090 0.000143200 0.000219550 0.000220150 0.000208550 0.000045840 0.000083310 0.000258810 0.000071330 0.000203720 0.000241330 0.000164800 0.000157090 0.000119200 0.000041590 0.000171070 0.000040490 0.000159400 0.000044050 0.000000480 0.000000000 0.000125700 0.000429690 0.000452650 0.000175770 0.000175770 0.000360380 0.000338590 0.000319070 0.000183690 0.000048330 0.000048330 0.000141650 0.000159550 0.000122590 0.000122590 0.000122590 0.000149220 0.000149520 0.000140890 0.000141450 0.000141450 0.000245400 0.000269960 0.000057690 0.000077830 0.000194500 
47     0.000308810 0.000237470 0.000343370 0.000335040 0.000087490 0.000184600 0.000246780 0.000230190 0.000254570 0.000087240 0.000128370 0.000303870 0.000116390 0.000235550 0.000265580 0.000327140 0.000218210 0.000164260 0.000084110 0.000382720 0.000085550 0.000240340 0.000089110 0.000126470 0.000125700 0.000000000 0.000333060 0.000356020 0.000059650 0.000059650 0.000141050 0.000169370 0.000084500 0.000067570 0.000078830 0.000078830 0.000025530 0.000043430 0.000006470 0.000006470 0.000006470 0.000033100 0.000033400 0.000024770 0.000025330 0.000025330 0.000129280 0.000184570 0.000088190 0.000108330 0.000225000 
50     0.000282330 0.000345810 0.000612730 0.000322990 0.000368840 0.000308230 0.000312780 0.000313380 0.000301780 0.000537520 0.000454110 0.000471220 0.000377930 0.000355530 0.000399470 0.000316610 0.000308900 0.000307760 0.000346390 0.000356240 0.000333900 0.000403410 0.000340360 0.000475090 0.000429690 0.000333060 0.000000000 0.000000760 0.000321820 0.000325840 0.000249790 0.000228000 0.000215200 0.000224430 0.000188720 0.000218650 0.000320290 0.000321320 0.000271890 0.000312780 0.000312500 0.000250160 0.000337380 0.000354610 0.000321170 0.000313060 0.000308030 0.000317730 0.000414430 0.000388710 0.000622340 
39     0.000305290 0.000368770 0.000586700 0.000345950 0.000391800 0.000331190 0.000335740 0.000336340 0.000324740 0.000560480 0.000459380 0.000447240 0.000355270 0.000378490 0.000422430 0.000339570 0.000331860 0.000330720 0.000369350 0.000379200 0.000356860 0.000426370 0.000363320 0.000498050 0.000452650 0.000356020 0.000000760 0.000000000 0.000344780 0.000347980 0.000272750 0.000250960 0.000238160 0.000247390 0.000211680 0.000241610 0.000304360 0.000313680 0.000294850 0.000335740 0.000335460 0.000273120 0.000311350 0.000328580 0.000344130 0.000336020 0.000330990 0.000340690 0.000493620 0.000362680 0.000694100 
46     0.000285050 0.000287540 0.000354110 0.000325710 0.000137560 0.000234670 0.000257520 0.000240930 0.000265310 0.000137310 0.000178440 0.000339650 0.000166460 0.000246290 0.000276320 0.000319330 0.000228950 0.000214330 0.000134180 0.000358960 0.000135620 0.000290410 0.000139180 0.000176540 0.000175770 0.000059650 0.000321820 0.000344780 0.000000000 0.000000000 0.000083210 0.000111530 0.000026660 0.000064880 0.000063520 0.000128900 0.000075600 0.000093500 0.000056500 0.000056500 0.000056500 0.000083170 0.000083470 0.000074840 0.000075400 0.000075400 0.000179350 0.000195310 0.000136490 0.000158400 0.000275070 
45     0.000289070 0.000287540 0.000397070 0.000329730 0.000137560 0.000234670 0.000300480 0.000283890 0.000308270 0.000137310 0.000178440 0.000353940 0.000166460 0.000289250 0.000319280 0.000323350 0.000271910 0.000214330 0.000134180 0.000362980 0.000135620 0.000290410 0.000139180 0.000176540 0.000175770 0.000059650 0.000325840 0.000347980 0.000000000 0.000000000 0.000126170 0.000154490 0.000069620 0.000064880 0.000106480 0.000128900 0.000075600 0.000093500 0.000056500 0.000056500 0.000056500 0.000083170 0.000083470 0.000074840 0.000075400 0.000075400 0.000179350 0.000238270 0.000138260 0.000158400 0.000275070 
32     0.000213020 0.000276500 0.000405340 0.000253680 0.000299530 0.000238920 0.000243470 0.000244070 0.000232470 0.000468210 0.000298620 0.000390880 0.000308620 0.000286220 0.000327550 0.000247300 0.000239590 0.000238450 0.000277080 0.000286930 0.000264590 0.000334100 0.000271050 0.000375760 0.000360380 0.000141050 0.000249790 0.000272750 0.000083210 0.000126170 0.000000000 0.000029400 0.000061970 0.000084140 0.000088590 0.000118520 0.000157310 0.000164230 0.000174030 0.000173720 0.000225900 0.000155840 0.000192950 0.000308850 0.000239560 0.000231450 0.000238720 0.000246540 0.000187720 0.000342950 0.000395630 
31     0.000191230 0.000254710 0.000433660 0.000231890 0.000277740 0.000217130 0.000221680 0.000222280 0.000210680 0.000446420 0.000326940 0.000380120 0.000286830 0.000264430 0.000308370 0.000225510 0.000217800 0.000216660 0.000255290 0.000265140 0.000242800 0.000312310 0.000249260 0.000383990 0.000338590 0.000169370 0.000228000 0.000250960 0.000111530 0.000154490 0.000029400 0.000000000 0.000006630 0.000062350 0.000066800 0.000096730 0.000185630 0.000192550 0.000168490 0.000202040 0.000209100 0.000146760 0.000221270 0.000298030 0.000217770 0.000209660 0.000216930 0.000226630 0.000216040 0.000335600 0.000423950 
28     0.000178430 0.000241910 0.000348790 0.000219090 0.000264940 0.000204330 0.000208880 0.000209480 0.000197880 0.000433620 0.000242070 0.000334330 0.000252700 0.000240970 0.000271000 0.000212710 0.000205000 0.000203860 0.000242490 0.000252340 0.000230000 0.000299510 0.000236460 0.000319210 0.000319070 0.000084500 0.000215200 0.000238160 0.000026660 0.000069620 0.000061970 0.000006630 0.000000000 0.000049550 0.000054000 0.000083930 0.000100760 0.000107680 0.000117480 0.000117170 0.000169350 0.000099290 0.000136400 0.000252970 0.000204970 0.000196860 0.000204130 0.000189990 0.000131170 0.000292690 0.000339080 
43     0.000187660 0.000251140 0.000457590 0.000228320 0.000145480 0.000213560 0.000218110 0.000218710 0.000207110 0.000145230 0.000186360 0.000361860 0.000174380 0.000260860 0.000304800 0.000221940 0.000214230 0.000213090 0.000142100 0.000261570 0.000143540 0.000298330 0.000147100 0.000184460 0.000183690 0.000067570 0.000224430 0.000247390 0.000064880 0.000064880 0.000084140 0.000062350 0.000049550 0.000000000 0.000063230 0.000093160 0.000083520 0.000101420 0.000064420 0.000064420 0.000064420 0.000091090 0.000091390 0.000082760 0.000083320 0.000083320 0.000187270 0.000223060 0.000146180 0.000166320 0.000282990 
42     0.000151950 0.000160100 0.000355970 0.000192610 0.000010120 0.000107230 0.000182400 0.000183000 0.000171400 0.000009870 0.000051000 0.000226500 0.000039020 0.000225150 0.000269090 0.000186230 0.000173250 0.000086890 0.000006740 0.000225860 0.000008180 0.000162970 0.000011740 0.000049100 0.000048330 0.000078830 0.000188720 0.000211680 0.000063520 0.000106480 0.000088590 0.000066800 0.000054000 0.000063230 0.000000000 0.000000000 0.000094780 0.000112680 0.000075720 0.000075720 0.000075720 0.000102350 0.000102650 0.000094020 0.000094580 0.000094580 0.000177650 0.000187350 0.000010820 0.000030960 0.000147630 
41     0.000181880 0.000160100 0.000426760 0.000222540 0.000010120 0.000107230 0.000212330 0.000212930 0.000201330 0.000009870 0.000051000 0.000226500 0.000039020 0.000255080 0.000299020 0.000216160 0.000208450 0.000086890 0.000006740 0.000255790 0.000008180 0.000162970 0.000011740 0.000049100 0.000048330 0.000078830 0.000218650 0.000241610 0.000128900 0.000128900 0.000118520 0.000096730 0.000083930 0.000093160 0.000000000 0.000000000 0.000094780 0.000112680 0.000075720 0.000075720 0.000075720 0.000102350 0.000102650 0.000094020 0.000094580 0.000094580 0.000198530 0.000217280 0.000010820 0.000030960 0.000147630 
48     0.000283520 0.000253420 0.000359630 0.000324180 0.000103440 0.000200550 0.000263040 0.000246450 0.000270830 0.000103190 0.000144320 0.000319820 0.000132340 0.000251810 0.000281840 0.000317800 0.000234470 0.000180210 0.000100060 0.000357430 0.000101500 0.000256290 0.000105060 0.000142420 0.000141650 0.000025530 0.000320290 0.000304360 0.000075600 0.000075600 0.000157310 0.000185630 0.000100760 0.000083520 0.000094780 0.000094780 0.000000000 0.000008560 0.000022420 0.000022420 0.000022420 0.000009710 0.000010010 0.000001380 0.000001940 0.000001940 0.000105890 0.000200830 0.000104140 0.000124280 0.000240950 
29     0.000284550 0.000271320 0.000366550 0.000325210 0.000121340 0.000218450 0.000269960 0.000253370 0.000277750 0.000121090 0.000162220 0.000337720 0.000150240 0.000258730 0.000288760 0.000318830 0.000241390 0.000198110 0.000117960 0.000358460 0.000119400 0.000274190 0.000122960 0.000160320 0.000159550 0.000043430 0.000321320 0.000313680 0.000093500 0.000093500 0.000164230 0.000192550 0.000107680 0.000101420 0.000112680 0.000112680 0.000008560 0.000000000 0.000040320 0.000040320 0.000040320 0.000027610 0.000027910 0.000019280 0.000019840 0.000019840 0.000123790 0.000207750 0.000122040 0.000142180 0.000258850 
44     0.000235120 0.000234360 0.000376350 0.000275780 0.000084380 0.000181490 0.000265570 0.000263170 0.000254570 0.000084130 0.000125260 0.000300760 0.000113280 0.000268530 0.000298560 0.000269400 0.000251190 0.000161150 0.000081000 0.000309030 0.000082440 0.000237230 0.000086000 0.000123360 0.000122590 0.000006470 0.000271890 0.000294850 0.000056500 0.000056500 0.000174030 0.000168490 0.000117480 0.000064420 0.000075720 0.000075720 0.000022420 0.000040320 0.000000000 0.000000000 0.000000000 0.000029990 0.000030290 0.000021660 0.000022220 0.000022220 0.000116550 0.000217550 0.000085080 0.000105220 0.000221890 
27     0.000276010 0.000234360 0.000376040 0.000316670 0.000084380 0.000181490 0.000279450 0.000262860 0.000287240 0.000084130 0.000125260 0.000300760 0.000113280 0.000268220 0.000298250 0.000310290 0.000250880 0.000161150 0.000081000 0.000349920 0.000082440 0.000237230 0.000086000 0.000123360 0.000122590 0.000006470 0.000312780 0.000335740 0.000056500 0.000056500 0.000173720 0.000202040 0.000117170 0.000064420 0.000075720 0.000075720 0.000022420 0.000040320 0.000000000 0.000000000 0.000000000 0.000029990 0.000030290 0.000021660 0.000022220 0.000022220 0.000116240 0.000217240 0.000085080 0.000105220 0.000221890 
38     0.000275730 0.000234360 0.000428220 0.000316390 0.000084380 0.000181490 0.000306180 0.000306780 0.000295180 0.000084130 0.000125260 0.000300760 0.000113280 0.000320400 0.000350430 0.000310010 0.000302300 0.000161150 0.000081000 0.000349640 0.000082440 0.000237230 0.000086000 0.000123360 0.000122590 0.000006470 0.000312500 0.000335460 0.000056500 0.000056500 0.000225900 0.000209100 0.000169350 0.000064420 0.000075720 0.000075720 0.000022420 0.000040320 0.000000000 0.000000000 0.000000000 0.000029990 0.000030290 0.000021660 0.000022220 0.000022220 0.000126170 0.000269420 0.000085080 0.000105220 0.000221890 
33     0.000213390 0.000260990 0.000358160 0.000254050 0.000111010 0.000208120 0.000243840 0.000244440 0.000232840 0.000110760 0.000151890 0.000327390 0.000139910 0.000250340 0.000280370 0.000247670 0.000233000 0.000187780 0.000107630 0.000287300 0.000109070 0.000263860 0.000112630 0.000149990 0.000149220 0.000033100 0.000250160 0.000273120 0.000083170 0.000083170 0.000155840 0.000146760 0.000099290 0.000091090 0.000102350 0.000102350 0.000009710 0.000027610 0.000029990 0.000029990 0.000029990 0.000000000 0.000000300 0.000008350 0.000008910 0.000008910 0.000113300 0.000199360 0.000111710 0.000131850 0.000248520 
26     0.000303340 0.000261290 0.000395270 0.000344000 0.000111310 0.000208420 0.000298680 0.000282090 0.000306470 0.000111060 0.000152190 0.000327690 0.000140210 0.000287450 0.000317480 0.000332410 0.000270110 0.000188080 0.000107930 0.000377250 0.000109370 0.000264160 0.000112930 0.000150290 0.000149520 0.000033400 0.000337380 0.000311350 0.000083470 0.000083470 0.000192950 0.000221270 0.000136400 0.000091390 0.000102650 0.000102650 0.000010010 0.000027910 0.000030290 0.000030290 0.000030290 0.000000300 0.000000000 0.000008650 0.000009210 0.000009210 0.000113600 0.000236470 0.000112010 0.000132150 0.000248820 
37     0.000364660 0.000252660 0.000511840 0.000350230 0.000102680 0.000199790 0.000395110 0.000395710 0.000384110 0.000102430 0.000143560 0.000319060 0.000131580 0.000369220 0.000434050 0.000349640 0.000330180 0.000179450 0.000099300 0.000438570 0.000100740 0.000255530 0.000104300 0.000141660 0.000140890 0.000024770 0.000354610 0.000328580 0.000074840 0.000074840 0.000308850 0.000298030 0.000252970 0.000082760 0.000094020 0.000094020 0.000001380 0.000019280 0.000021660 0.000021660 0.000021660 0.000008350 0.000008650 0.000000000 0.000000560 0.000000560 0.000104970 0.000353040 0.000103380 0.000123520 0.000240190 
34     0.000284400 0.000253220 0.000518810 0.000325060 0.000103240 0.000200350 0.000314850 0.000315450 0.000303850 0.000102990 0.000144120 0.000319620 0.000132140 0.000357600 0.000401540 0.000318680 0.000310970 0.000180010 0.000099860 0.000358310 0.000101300 0.000256090 0.000104860 0.000142220 0.000141450 0.000025330 0.000321170 0.000344130 0.000075400 0.000075400 0.000239560 0.000217770 0.000204970 0.000083320 0.000094580 0.000094580 0.000001940 0.000019840 0.000022220 0.000022220 0.000022220 0.000008910 0.000009210 0.000000560 0.000000000 0.000000000 0.000105530 0.000319800 0.000103940 0.000124080 0.000240750 
49     0.000276290 0.000253220 0.000516010 0.000316950 0.000103240 0.000200350 0.000306740 0.000307340 0.000295740 0.000102990 0.000144120 0.000319620 0.000132140 0.000349490 0.000393430 0.000310570 0.000302860 0.000180010 0.000099860 0.000350200 0.000101300 0.000256090 0.000104860 0.000142220 0.000141450 0.000025330 0.000313060 0.000336020 0.000075400 0.000075400 0.000231450 0.000209660 0.000196860 0.000083320 0.000094580 0.000094580 0.000001940 0.000019840 0.000022220 0.000022220 0.000022220 0.000008910 0.000009210 0.000000560 0.000000000 0.000000000 0.000105530 0.000311690 0.000103940 0.000124080 0.000240750 
40     0.000267020 0.000330500 0.000464880 0.000307680 0.000207190 0.000292920 0.000297470 0.000298070 0.000286470 0.000206940 0.000248070 0.000423570 0.000236090 0.000340220 0.000384160 0.000301300 0.000293590 0.000283960 0.000203810 0.000340930 0.000205250 0.000360040 0.000208810 0.000246170 0.000245400 0.000129280 0.000308030 0.000330990 0.000179350 0.000179350 0.000238720 0.000216930 0.000204130 0.000187270 0.000177650 0.000198530 0.000105890 0.000123790 0.000116550 0.000116240 0.000126170 0.000113300 0.000113600 0.000104970 0.000105530 0.000105530 0.000000000 0.000302420 0.000207890 0.000228030 0.000344700 
35     0.000190460 0.000226260 0.000288340 0.000231120 0.000276970 0.000188150 0.000203090 0.000186500 0.000209910 0.000445650 0.000192960 0.000285220 0.000203590 0.000191860 0.000221890 0.000224740 0.000174520 0.000168130 0.000246650 0.000264370 0.000242030 0.000311540 0.000248490 0.000270100 0.000269960 0.000184570 0.000317730 0.000340690 0.000195310 0.000238270 0.000246540 0.000226630 0.000189990 0.000223060 0.000187350 0.000217280 0.000200830 0.000207750 0.000217550 0.000217240 0.000269420 0.000199360 0.000236470 0.000353040 0.000319800 0.000311690 0.000302420 0.000000000 0.000070560 0.000315230 0.000289970 
30     0.000232900 0.000154360 0.000229520 0.000251930 0.000019480 0.000116590 0.000144270 0.000127680 0.000152060 0.000019230 0.000060360 0.000226400 0.000048380 0.000133040 0.000163070 0.000224630 0.000115700 0.000096250 0.000016100 0.000431670 0.000017540 0.000172330 0.000021100 0.000058460 0.000057690 0.000088190 0.000414430 0.000493620 0.000136490 0.000138260 0.000187720 0.000216040 0.000131170 0.000146180 0.000010820 0.000010820 0.000104140 0.000122040 0.000085080 0.000085080 0.000085080 0.000111710 0.000112010 0.000103380 0.000103940 0.000103940 0.000207890 0.000070560 0.000000000 0.000020920 0.000141890 
36     0.000299430 0.000174500 0.000441160 0.000272070 0.000039620 0.000136730 0.000329880 0.000330480 0.000318880 0.000039370 0.000080500 0.000256000 0.000068520 0.000336070 0.000416570 0.000333710 0.000326000 0.000116390 0.000036240 0.000373340 0.000037680 0.000192470 0.000041240 0.000078600 0.000077830 0.000108330 0.000388710 0.000362680 0.000158400 0.000158400 0.000342950 0.000335600 0.000292690 0.000166320 0.000030960 0.000030960 0.000124280 0.000142180 0.000105220 0.000105220 0.000105220 0.000131850 0.000132150 0.000123520 0.000124080 0.000124080 0.000228030 0.000315230 0.000020920 0.000000000 0.000162030 
0     0.000238110 0.000012570 0.000279230 0.000110140 0.000156290 0.000253400 0.000341240 0.000324650 0.000349030 0.000156040 0.000197170 0.000372670 0.000185190 0.000295690 0.000330240 0.000421600 0.000216560 0.000233060 0.000152910 0.000729420 0.000154350 0.000309140 0.000157910 0.000195270 0.000194500 0.000225000 0.000622340 0.000694100 0.000275070 0.000275070 0.000395630 0.000423950 0.000339080 0.000282990 0.000147630 0.000147630 0.000240950 0.000258850 0.000221890 0.000221890 0.000221890 0.000248520 0.000248820 0.000240190 0.000240750 0.000240750 0.000344700 0.000289970 0.000141890 0.000162030 0.000000000 
