51
6     0.000000000 0.332402709 0.278126807 0.457826831 0.490875913 0.461473569 0.564364827 0.538489500 0.519027834 0.532361954 0.613137896 0.561365796 0.567592525 0.689040672 0.695769869 0.781223003 0.709057021 0.715198114 0.690122114 0.912319472 1.012182267 0.800078092 0.800611295 0.858000160 0.868667666 0.794210774 0.798084593 0.984478587 0.845204882 0.812633742 0.770979349 0.750754428 0.744125783 0.756911878 0.797021311 0.799533931 0.712265842 0.712488169 0.709607620 0.778795023 0.806412678 0.806420557 0.800888201 0.823402216 0.828412534 0.827177786 0.771163216 0.772440695 0.767985633 0.766641554 1.189835906 
22     0.332402709 0.000000000 0.275064987 0.518265398 0.549485531 0.522800127 0.626774761 0.610624333 0.583378419 0.595144966 0.680890420 0.630395764 0.635238482 0.755745935 0.763622538 0.844139891 0.777789934 0.775679732 0.753807345 0.976449687 1.077563027 0.867003721 0.868527640 0.922917361 0.934818387 0.855735892 0.858310313 1.048471563 0.909225869 0.881103613 0.842767741 0.823628879 0.816824598 0.824381579 0.864376541 0.870328708 0.781449827 0.779475931 0.776218737 0.843423280 0.870020362 0.870049670 0.866748771 0.887921784 0.892088989 0.890672331 0.831792737 0.833908155 0.829289812 0.837199916 1.253725681 
25     0.278126807 0.275064987 0.000000000 0.453498378 0.482805599 0.460885640 0.559749837 0.541012277 0.514204064 0.526963327 0.613613065 0.563451566 0.568343760 0.691714181 0.699082501 0.783912377 0.710418525 0.716188168 0.691287285 0.915369346 1.013765846 0.804573257 0.803544538 0.858395588 0.869908240 0.795066009 0.799907905 0.981378564 0.843895477 0.816037976 0.773901676 0.754315255 0.748362560 0.754288697 0.793374139 0.802797452 0.714371931 0.715138536 0.711733430 0.769136828 0.802656014 0.802640856 0.796976588 0.815857587 0.820614320 0.819386273 0.761416100 0.766256330 0.756519685 0.768355863 1.191482253 
24     0.457826831 0.518265398 0.453498378 0.000000000 0.418087354 0.395413212 0.636513930 0.621574759 0.589955519 0.603916917 0.689210252 0.641743594 0.643774216 0.761843942 0.768504721 0.857662643 0.784378420 0.788017938 0.758211372 0.986995187 1.090912387 0.872612412 0.874691810 0.930085274 0.940495259 0.866853207 0.870240900 1.053648516 0.912710064 0.888591095 0.850560050 0.832663007 0.822534647 0.826124278 0.875008688 0.881893509 0.786756953 0.787542516 0.786275739 0.846794664 0.878626942 0.879288378 0.871751280 0.894089331 0.898289752 0.897057281 0.842321881 0.844187172 0.837131403 0.844690089 1.272358888 
15     0.490875913 0.549485531 0.482805599 0.418087354 0.000000000 0.368268077 0.661241606 0.649392235 0.623402754 0.636588098 0.722523476 0.666779192 0.670350112 0.800266720 0.806158165 0.893859706 0.817044062 0.819940126 0.788618845 1.014380634 1.117205062 0.896712488 0.903465689 0.959106595 0.969599120 0.894407797 0.896935608 1.080928960 0.939855825 0.914377497 0.877424957 0.859740084 0.850997129 0.855966376 0.900916867 0.906155015 0.816617144 0.819188724 0.816625194 0.876321883 0.905225318 0.905143680 0.899588968 0.918941862 0.921395429 0.921397649 0.869326828 0.870748504 0.865010439 0.873540848 1.283067924 
23     0.461473569 0.522800127 0.460885640 0.395413212 0.368268077 0.000000000 0.635715577 0.620595990 0.593981960 0.605811230 0.692791365 0.642741774 0.645397877 0.772001637 0.777079492 0.862477914 0.785072540 0.789090574 0.763797106 0.989073185 1.094511092 0.873178992 0.877910080 0.932128368 0.942524494 0.868036020 0.871687851 1.059301065 0.923230245 0.895299258 0.852025137 0.834300340 0.825070270 0.829118272 0.873562518 0.880516303 0.793107597 0.788405020 0.786068879 0.847904945 0.882131146 0.882506233 0.876580589 0.900845055 0.903669679 0.902430101 0.844143501 0.845645396 0.840711423 0.844893765 1.273461471 
11     0.564364827 0.626774761 0.559749837 0.636513930 0.661241606 0.635715577 0.000000000 0.307323284 0.382907699 0.398086904 0.541984004 0.501238167 0.504595608 0.663263897 0.670436001 0.755597577 0.676895630 0.677113579 0.646345670 0.873190601 0.990475943 0.763920159 0.773269639 0.828197244 0.836768570 0.767563451 0.770555469 0.952087404 0.803813936 0.786435947 0.737074916 0.718023402 0.709747651 0.720374243 0.766054206 0.763815358 0.674529535 0.669741666 0.664367845 0.731947748 0.758192953 0.758080407 0.757689205 0.779026754 0.781576655 0.780339948 0.726227223 0.725965263 0.719899362 0.727741236 1.136393323 
9     0.538489500 0.610624333 0.541012277 0.621574759 0.649392235 0.620595990 0.307323284 0.000000000 0.354310926 0.370815114 0.525476977 0.479712406 0.484465664 0.629832411 0.638171871 0.719872962 0.641284778 0.648091717 0.614912843 0.841933543 0.955813876 0.730902357 0.738365662 0.793222987 0.799316562 0.729242971 0.734084665 0.919807411 0.772870506 0.747077316 0.710392426 0.691386259 0.683274100 0.694518113 0.741170170 0.748087867 0.659825787 0.655152853 0.651095186 0.720727835 0.738910848 0.738623653 0.744370521 0.767828868 0.770720175 0.769386221 0.711939199 0.711427009 0.707197073 0.712220695 1.127163202 
18     0.519027834 0.583378419 0.514204064 0.589955519 0.623402754 0.593981960 0.382907699 0.354310926 0.000000000 0.078546912 0.504634623 0.456013965 0.460550676 0.605809744 0.614048097 0.696712653 0.628511702 0.634578209 0.605623593 0.827622388 0.927992038 0.709731625 0.717414301 0.771632197 0.779376361 0.709439381 0.714532429 0.895050830 0.750176492 0.729334143 0.692973384 0.674575562 0.665400396 0.683638492 0.713437786 0.728482433 0.631449667 0.628882377 0.624521533 0.699359540 0.718140943 0.718010553 0.717488519 0.742514184 0.747463294 0.746101479 0.690032199 0.689618823 0.685195374 0.687808687 1.111654887 
34     0.532361954 0.595144966 0.526963327 0.603916917 0.636588098 0.605811230 0.398086904 0.370815114 0.078546912 0.000000000 0.520505139 0.471797139 0.476475680 0.622412136 0.630570189 0.713625526 0.643840116 0.650038179 0.620925649 0.843199400 0.945452544 0.723871343 0.730700641 0.785578026 0.793542310 0.722942832 0.728035880 0.910424119 0.763875885 0.739892889 0.705705160 0.687795983 0.678629415 0.695993129 0.728453127 0.743497746 0.644828543 0.642800616 0.638316357 0.712831532 0.731964155 0.731833766 0.732267827 0.757679733 0.762605620 0.761307956 0.704181739 0.703687391 0.699497328 0.700461550 1.124811964 
12     0.613137896 0.680890420 0.613613065 0.689210252 0.722523476 0.692791365 0.541984004 0.525476977 0.504634623 0.520505139 0.000000000 0.434251489 0.440091343 0.711504970 0.714932642 0.797355275 0.723783830 0.731574927 0.707114694 0.922260131 1.038129457 0.815831874 0.823734471 0.881590677 0.890057411 0.818999602 0.821587838 1.008804254 0.864847782 0.832363545 0.793916281 0.778199521 0.770769202 0.781942848 0.819737514 0.831352915 0.737935233 0.737911690 0.735703230 0.803729927 0.824952641 0.824751413 0.828973514 0.850546176 0.853469005 0.852309186 0.798538013 0.797905438 0.794725583 0.794423992 1.207232097 
2     0.561365796 0.630395764 0.563451566 0.641743594 0.666779192 0.642741774 0.501238167 0.479712406 0.456013965 0.471797139 0.434251489 0.000000000 0.109575401 0.667888336 0.675472173 0.756177479 0.679312815 0.683875648 0.657449946 0.881633474 0.988656154 0.770987529 0.774858863 0.829730199 0.840569904 0.767708498 0.770001910 0.960241329 0.814696973 0.790146884 0.749189534 0.734241640 0.724305300 0.736583144 0.769267529 0.787009305 0.695619700 0.690848220 0.687239417 0.756608122 0.782775215 0.782370131 0.778548775 0.798962700 0.799800472 0.798712435 0.756763873 0.756713811 0.749896600 0.747131526 1.168978404 
20     0.567592525 0.635238482 0.568343760 0.643774216 0.670350112 0.645397877 0.504595608 0.484465664 0.460550676 0.476475680 0.440091343 0.109575401 0.000000000 0.669224002 0.675423756 0.755748064 0.679822099 0.682983730 0.660109150 0.881380123 0.983132509 0.764322240 0.767875288 0.822399083 0.832749379 0.761841249 0.764618629 0.963862980 0.809457370 0.793952166 0.749995902 0.734715811 0.725764002 0.736459430 0.770819749 0.791497327 0.698309896 0.690814788 0.686522953 0.758235540 0.784197442 0.783785522 0.782473188 0.802378916 0.802808823 0.802117027 0.758954421 0.759431449 0.756361628 0.752568601 1.163699726 
32     0.689040672 0.755745935 0.691714181 0.761843942 0.800266720 0.772001637 0.663263897 0.629832411 0.605809744 0.622412136 0.711504970 0.667888336 0.669224002 0.000000000 0.101614275 0.372113692 0.562063263 0.571627440 0.544107096 0.757401832 0.992007063 0.774713031 0.779256703 0.840810250 0.850231702 0.785052180 0.787860427 0.967427390 0.814544773 0.807779316 0.767567662 0.746673929 0.738619155 0.751854857 0.791063169 0.803993164 0.720227045 0.708815409 0.709005020 0.770077823 0.793259328 0.792470112 0.798539927 0.820519042 0.826516074 0.825305924 0.762161801 0.759863332 0.761762842 0.770873327 1.195066214 
21     0.695769869 0.763622538 0.699082501 0.768504721 0.806158165 0.777079492 0.670436001 0.638171871 0.614048097 0.630570189 0.714932642 0.675472173 0.675423756 0.101614275 0.000000000 0.379235469 0.566715685 0.578320150 0.550377511 0.763129657 1.002161387 0.781039540 0.785957067 0.848101414 0.856278005 0.792649442 0.795329355 0.973615626 0.819988489 0.815876400 0.773889719 0.752339168 0.744753672 0.759015074 0.795969836 0.812303128 0.726782089 0.715588735 0.716587959 0.776673554 0.800209770 0.799324561 0.805236972 0.827025328 0.833009053 0.831798903 0.769112417 0.767603083 0.769396983 0.778321650 1.202437679 
33     0.781223003 0.844139891 0.783912377 0.857662643 0.893859706 0.862477914 0.755597577 0.719872962 0.696712653 0.713625526 0.797355275 0.756177479 0.755748064 0.372113692 0.379235469 0.000000000 0.652654773 0.672067717 0.639780120 0.848628512 1.089458798 0.869347215 0.870758562 0.936802631 0.946153350 0.880013239 0.882899129 1.061822741 0.911334571 0.908262381 0.859480206 0.838286623 0.830527566 0.844497469 0.884508998 0.889823189 0.809233513 0.797411600 0.796934590 0.857611148 0.887392848 0.886632679 0.895147779 0.916103881 0.916704653 0.915520245 0.852922298 0.849670254 0.854493307 0.858494918 1.284978493 
17     0.709057021 0.777789934 0.710418525 0.784378420 0.817044062 0.785072540 0.676895630 0.641284778 0.628511702 0.643840116 0.723783830 0.679312815 0.679822099 0.562063263 0.566715685 0.652654773 0.000000000 0.565240517 0.533776966 0.737769827 1.010358294 0.802739072 0.798272744 0.862383769 0.868483033 0.802359218 0.806560158 0.982476721 0.840356373 0.829894248 0.780766866 0.760687736 0.752853134 0.766177875 0.808222353 0.814390903 0.726042114 0.723133843 0.719817964 0.783600450 0.817086473 0.816297929 0.816760642 0.838002385 0.840032665 0.838917503 0.776339903 0.775061337 0.779793836 0.786572670 1.194098402 
3     0.715198114 0.775679732 0.716188168 0.788017938 0.819940126 0.789090574 0.677113579 0.648091717 0.634578209 0.650038179 0.731574927 0.683875648 0.682983730 0.571627440 0.578320150 0.672067717 0.565240517 0.000000000 0.508527486 0.717434890 1.027057729 0.805830304 0.806424141 0.868304498 0.877890623 0.805225907 0.808950375 0.995875655 0.846376247 0.838589890 0.791122546 0.770611134 0.762154717 0.775382941 0.820807594 0.832363159 0.743722170 0.726110313 0.725967920 0.794616291 0.825360822 0.824248864 0.819483523 0.840413276 0.841278149 0.841358522 0.783764265 0.784781245 0.790264277 0.794916244 1.214416590 
30     0.690122114 0.753807345 0.691287285 0.758211372 0.788618845 0.763797106 0.646345670 0.614912843 0.605623593 0.620925649 0.707114694 0.657449946 0.660109150 0.544107096 0.550377511 0.639780120 0.533776966 0.508527486 0.000000000 0.610938553 1.006369205 0.786385449 0.777764425 0.846022385 0.853339238 0.789415586 0.792253952 0.968922153 0.822690288 0.817511851 0.768044749 0.747906065 0.740622194 0.750962782 0.792622563 0.807790632 0.718999531 0.705674059 0.705015987 0.771345097 0.796055425 0.795129761 0.801556042 0.822578597 0.824418945 0.823870862 0.764772630 0.765221019 0.766303506 0.768633600 1.182853856 
5     0.912319472 0.976449687 0.915369346 0.986995187 1.014380634 0.989073185 0.873190601 0.841933543 0.827622388 0.843199400 0.922260131 0.881633474 0.881380123 0.757401832 0.763129657 0.848628512 0.737769827 0.717434890 0.610938553 0.000000000 1.223443562 1.002475979 0.998628529 1.066682266 1.075065208 1.008046431 1.011297186 1.186019391 1.042098034 1.035687568 0.987173827 0.965327353 0.957876923 0.970319492 1.014432931 1.021758755 0.933280500 0.922073029 0.920088561 0.982842580 1.009145679 1.008058675 1.016592501 1.034740807 1.037492331 1.036858184 0.977806945 0.978398463 0.981329641 0.980665937 1.407398031 
27     1.012182267 1.077563027 1.013765846 1.090912387 1.117205062 1.094511092 0.990475943 0.955813876 0.927992038 0.945452544 1.038129457 0.988656154 0.983132509 0.992007063 1.002161387 1.089458798 1.010358294 1.027057729 1.006369205 1.223443562 0.000000000 0.802319349 0.815209212 0.876295042 0.887437491 0.823285453 0.826584728 0.997017917 0.839358749 0.876138413 1.017283993 0.996947000 0.990241918 0.998085569 1.033087772 1.043495833 0.959511029 0.953604062 0.951729773 1.022213837 1.041243622 1.041138090 1.047897531 1.072732397 1.074555821 1.074077909 1.011495650 1.011747463 1.010653255 1.018673915 1.408596013 
35     0.800078092 0.867003721 0.804573257 0.872612412 0.896712488 0.873178992 0.763920159 0.730902357 0.709731625 0.723871343 0.815831874 0.770987529 0.764322240 0.774713031 0.781039540 0.869347215 0.802739072 0.805830304 0.786385449 1.002475979 0.802319349 0.000000000 0.327920869 0.377804490 0.389580650 0.337924686 0.341331633 0.645347422 0.480567933 0.663598696 0.799319343 0.773721396 0.766103872 0.780519571 0.821385627 0.837989248 0.742826975 0.739468282 0.736682204 0.795190956 0.829725762 0.828860029 0.832559751 0.853017881 0.855259837 0.855592702 0.794616696 0.794453435 0.800875243 0.802730554 1.197021188 
29     0.800611295 0.868527640 0.803544538 0.874691810 0.903465689 0.877910080 0.773269639 0.738365662 0.717414301 0.730700641 0.823734471 0.774858863 0.767875288 0.779256703 0.785957067 0.870758562 0.798272744 0.806424141 0.777764425 0.998628529 0.815209212 0.327920869 0.000000000 0.331555275 0.343365252 0.302845797 0.306219374 0.659967083 0.499326588 0.679527469 0.795771123 0.772651891 0.764297046 0.778544748 0.824418746 0.835737596 0.749378606 0.739874527 0.736869719 0.795698003 0.832381471 0.831704430 0.832336780 0.858201096 0.855288596 0.855664803 0.795845779 0.797290021 0.800489915 0.800330465 1.190881935 
7     0.858000160 0.922917361 0.858395588 0.930085274 0.959106595 0.932128368 0.828197244 0.793222987 0.771632197 0.785578026 0.881590677 0.829730199 0.822399083 0.840810250 0.848101414 0.936802631 0.862383769 0.868304498 0.846022385 1.066682266 0.876295042 0.377804490 0.331555275 0.000000000 0.203755921 0.356967961 0.358680174 0.705054075 0.546010899 0.734054669 0.853833856 0.829128598 0.821133128 0.835308650 0.880507429 0.886798542 0.801688109 0.793810231 0.791963140 0.852605812 0.889704776 0.889027735 0.885910410 0.908067679 0.908887853 0.909488576 0.851096295 0.850591446 0.853780521 0.858465442 1.252576274 
13     0.868667666 0.934818387 0.869908240 0.940495259 0.969599120 0.942524494 0.836768570 0.799316562 0.779376361 0.793542310 0.890057411 0.840569904 0.832749379 0.850231702 0.856278005 0.946153350 0.868483033 0.877890623 0.853339238 1.075065208 0.887437491 0.389580650 0.343365252 0.203755921 0.000000000 0.364479249 0.368027195 0.720757501 0.566901536 0.747543372 0.861680036 0.835960518 0.828976591 0.842232738 0.889698036 0.898120386 0.811844794 0.805664345 0.804262945 0.863744378 0.900794989 0.899681088 0.897814663 0.919397960 0.919898641 0.920275785 0.860369131 0.860201543 0.864400787 0.869720184 1.263987594 
10     0.794210774 0.855735892 0.795066009 0.866853207 0.894407797 0.868036020 0.767563451 0.729242971 0.709439381 0.722942832 0.818999602 0.767708498 0.761841249 0.785052180 0.792649442 0.880013239 0.802359218 0.805225907 0.789415586 1.008046431 0.823285453 0.337924686 0.302845797 0.356967961 0.364479249 0.000000000 0.078900163 0.660648165 0.493824943 0.669094473 0.808187927 0.781969321 0.776551617 0.789101746 0.829551425 0.836960247 0.746737691 0.736902367 0.734041010 0.796507715 0.829135954 0.828299852 0.831878385 0.856155129 0.854558654 0.854934861 0.795314505 0.796999731 0.796869041 0.801284780 1.201143924 
4     0.798084593 0.858310313 0.799907905 0.870240900 0.896935608 0.871687851 0.770555469 0.734084665 0.714532429 0.728035880 0.821587838 0.770001910 0.764618629 0.787860427 0.795329355 0.882899129 0.806560158 0.808950375 0.792253952 1.011297186 0.826584728 0.341331633 0.306219374 0.358680174 0.368027195 0.078900163 0.000000000 0.663811526 0.497324666 0.673660899 0.811816568 0.786431189 0.781019156 0.793637772 0.832492579 0.841537201 0.751315314 0.739458191 0.736808523 0.801129684 0.833360310 0.832394219 0.833137535 0.857794109 0.856172063 0.856534320 0.796787178 0.798409946 0.799505502 0.803662857 1.204616310 
31     0.984478587 1.048471563 0.981378564 1.053648516 1.080928960 1.059301065 0.952087404 0.919807411 0.895050830 0.910424119 1.008804254 0.960241329 0.963862980 0.967427390 0.973615626 1.061822741 0.982476721 0.995875655 0.968922153 1.186019391 0.997017917 0.645347422 0.659967083 0.705054075 0.720757501 0.660648165 0.663811526 0.000000000 0.565954289 0.858750095 0.983875462 0.963577560 0.956412205 0.963201145 0.997720311 1.018154922 0.934659927 0.921018385 0.920511363 0.981921279 1.008276211 1.007569802 1.011555331 1.029351790 1.031589051 1.031746199 0.966566315 0.971497617 0.974506247 0.972175935 1.395034702 
14     0.845204882 0.909225869 0.843895477 0.912710064 0.939855825 0.923230245 0.803813936 0.772870506 0.750176492 0.763875885 0.864847782 0.814696973 0.809457370 0.814544773 0.819988489 0.911334571 0.840356373 0.846376247 0.822690288 1.042098034 0.839358749 0.480567933 0.499326588 0.546010899 0.566901536 0.493824943 0.497324666 0.565954289 0.000000000 0.709397969 0.839696685 0.815721197 0.807489052 0.819508697 0.858730419 0.877560590 0.790299390 0.780850840 0.774187949 0.841623097 0.869123738 0.868373439 0.869799132 0.892959847 0.893990213 0.894297062 0.829886965 0.830859103 0.834756714 0.839568227 1.224499560 
1     0.812633742 0.881103613 0.816037976 0.888591095 0.914377497 0.895299258 0.786435947 0.747077316 0.729334143 0.739892889 0.832363545 0.790146884 0.793952166 0.807779316 0.815876400 0.908262381 0.829894248 0.838589890 0.817511851 1.035687568 0.876138413 0.663598696 0.679527469 0.734054669 0.747543372 0.669094473 0.673660899 0.858750095 0.709397969 0.000000000 0.827485226 0.804405409 0.796981917 0.806199384 0.843883931 0.855994168 0.764585024 0.755614391 0.755383916 0.822220739 0.844408399 0.843776328 0.854247423 0.873815388 0.878200253 0.878380061 0.810277546 0.811141874 0.813817274 0.822630950 1.217139351 
16     0.770979349 0.842767741 0.773901676 0.850560050 0.877424957 0.852025137 0.737074916 0.710392426 0.692973384 0.705705160 0.793916281 0.749189534 0.749995902 0.767567662 0.773889719 0.859480206 0.780766866 0.791122546 0.768044749 0.987173827 1.017283993 0.799319343 0.795771123 0.853833856 0.861680036 0.808187927 0.811816568 0.983875462 0.839696685 0.827485226 0.000000000 0.182257212 0.169076103 0.340699091 0.664312663 0.738911363 0.656203283 0.638410338 0.638107787 0.710022817 0.738642742 0.738222901 0.743364034 0.770130204 0.771797768 0.770385434 0.703411247 0.703967542 0.707893098 0.710340455 1.107954173 
8     0.750754428 0.823628879 0.754315255 0.832663007 0.859740084 0.834300340 0.718023402 0.691386259 0.674575562 0.687795983 0.778199521 0.734241640 0.734715811 0.746673929 0.752339168 0.838286623 0.760687736 0.770611134 0.747906065 0.965327353 0.996947000 0.773721396 0.772651891 0.829128598 0.835960518 0.781969321 0.786431189 0.963577560 0.815721197 0.804405409 0.182257212 0.000000000 0.091477839 0.316682442 0.644261039 0.718645768 0.636530125 0.618065287 0.616791852 0.688636136 0.720288375 0.719480066 0.724256325 0.750448221 0.752288893 0.750643594 0.684591131 0.685832042 0.689544467 0.692938614 1.090641390 
28     0.744125783 0.816824598 0.748362560 0.822534647 0.850997129 0.825070270 0.709747651 0.683274100 0.665400396 0.678629415 0.770769202 0.724305300 0.725764002 0.738619155 0.744753672 0.830527566 0.752853134 0.762154717 0.740622194 0.957876923 0.990241918 0.766103872 0.764297046 0.821133128 0.828976591 0.776551617 0.781019156 0.956412205 0.807489052 0.796981917 0.169076103 0.091477839 0.000000000 0.306821921 0.633795146 0.709661579 0.628272986 0.608440746 0.607540684 0.679030988 0.711911448 0.711464521 0.714002177 0.739848194 0.741688866 0.740043567 0.674653877 0.675894788 0.678020005 0.683995450 1.084978282 
26     0.756911878 0.824381579 0.754288697 0.826124278 0.855966376 0.829118272 0.720374243 0.694518113 0.683638492 0.695993129 0.781942848 0.736583144 0.736459430 0.751854857 0.759015074 0.844497469 0.766177875 0.775382941 0.750962782 0.970319492 0.998085569 0.780519571 0.778544748 0.835308650 0.842232738 0.789101746 0.793637772 0.963201145 0.819508697 0.806199384 0.340699091 0.316682442 0.306821921 0.000000000 0.650640587 0.721780533 0.637691578 0.620123216 0.619699529 0.688952150 0.713723771 0.713534309 0.725013852 0.751940659 0.753854271 0.751393528 0.680199041 0.678662350 0.684566984 0.695114329 1.097045845 
19     0.797021311 0.864376541 0.793374139 0.875008688 0.900916867 0.873562518 0.766054206 0.741170170 0.713437786 0.728453127 0.819737514 0.769267529 0.770819749 0.791063169 0.795969836 0.884508998 0.808222353 0.820807594 0.792622563 1.014432931 1.033087772 0.821385627 0.824418746 0.880507429 0.889698036 0.829551425 0.832492579 0.997720311 0.858730419 0.843883931 0.664312663 0.644261039 0.633795146 0.650640587 0.000000000 0.782769447 0.691964080 0.674926750 0.674758923 0.744363056 0.774666157 0.774372355 0.777256654 0.804240495 0.807081240 0.806084966 0.739519560 0.742430603 0.742386876 0.743505461 1.159171022 
42     0.799533931 0.870328708 0.802797452 0.881893509 0.906155015 0.880516303 0.763815358 0.748087867 0.728482433 0.743497746 0.831352915 0.787009305 0.791497327 0.803993164 0.812303128 0.889823189 0.814390903 0.832363159 0.807790632 1.021758755 1.043495833 0.837989248 0.835737596 0.886798542 0.898120386 0.836960247 0.841537201 1.018154922 0.877560590 0.855994168 0.738911363 0.718645768 0.709661579 0.721780533 0.782769447 0.000000000 0.401564500 0.590715800 0.587707119 0.652923101 0.686719936 0.685977540 0.682539010 0.703096308 0.707085265 0.706817902 0.648542658 0.648244690 0.648306281 0.644779550 1.111207438 
49     0.712265842 0.781449827 0.714371931 0.786756953 0.816617144 0.793107597 0.674529535 0.659825787 0.631449667 0.644828543 0.737935233 0.695619700 0.698309896 0.720227045 0.726782089 0.809233513 0.726042114 0.743722170 0.718999531 0.933280500 0.959511029 0.742826975 0.749378606 0.801688109 0.811844794 0.746737691 0.751315314 0.934659927 0.790299390 0.764585024 0.656203283 0.636530125 0.628272986 0.637691578 0.691964080 0.401564500 0.000000000 0.494679952 0.489619254 0.556058932 0.584869451 0.584636759 0.583312355 0.608861716 0.613352832 0.611577978 0.548080671 0.544525289 0.547908019 0.549405128 1.032715775 
36     0.712488169 0.779475931 0.715138536 0.787542516 0.819188724 0.788405020 0.669741666 0.655152853 0.628882377 0.642800616 0.737911690 0.690848220 0.690814788 0.708815409 0.715588735 0.797411600 0.723133843 0.726110313 0.705674059 0.922073029 0.953604062 0.739468282 0.739874527 0.793810231 0.805664345 0.736902367 0.739458191 0.921018385 0.780850840 0.755614391 0.638410338 0.618065287 0.608440746 0.620123216 0.674926750 0.590715800 0.494679952 0.000000000 0.089384962 0.419797248 0.482339222 0.482217654 0.481079210 0.510018127 0.513745761 0.512215930 0.440041153 0.439164282 0.448508585 0.515969881 1.023703997 
48     0.709607620 0.776218737 0.711733430 0.786275739 0.816625194 0.786068879 0.664367845 0.651095186 0.624521533 0.638316357 0.735703230 0.687239417 0.686522953 0.709005020 0.716587959 0.796934590 0.719817964 0.725967920 0.705015987 0.920088561 0.951729773 0.736682204 0.736869719 0.791963140 0.804262945 0.734041010 0.736808523 0.920511363 0.774187949 0.755383916 0.638107787 0.616791852 0.607540684 0.619699529 0.674758923 0.587707119 0.489619254 0.089384962 0.000000000 0.418301375 0.478282917 0.478071774 0.481719478 0.511156063 0.514854592 0.513383744 0.439200277 0.438644413 0.447871470 0.515671004 1.022789527 
50     0.778795023 0.843423280 0.769136828 0.846794664 0.876321883 0.847904945 0.731947748 0.720727835 0.699359540 0.712831532 0.803729927 0.756608122 0.758235540 0.770077823 0.776673554 0.857611148 0.783600450 0.794616291 0.771345097 0.982842580 1.022213837 0.795190956 0.795698003 0.852605812 0.863744378 0.796507715 0.801129684 0.981921279 0.841623097 0.822220739 0.710022817 0.688636136 0.679030988 0.688952150 0.744363056 0.652923101 0.556058932 0.419797248 0.418301375 0.000000000 0.532513206 0.532014367 0.536824181 0.563810917 0.567361742 0.565671495 0.489592022 0.488928517 0.499228015 0.570472160 1.077903853 
39     0.806412678 0.870020362 0.802656014 0.878626942 0.905225318 0.882131146 0.758192953 0.738910848 0.718140943 0.731964155 0.824952641 0.782775215 0.784197442 0.793259328 0.800209770 0.887392848 0.817086473 0.825360822 0.796055425 1.009145679 1.041243622 0.829725762 0.832381471 0.889704776 0.900794989 0.829135954 0.833360310 1.008276211 0.869123738 0.844408399 0.738642742 0.720288375 0.711911448 0.713723771 0.774666157 0.686719936 0.584869451 0.482339222 0.478282917 0.532513206 0.000000000 0.069678832 0.472660801 0.500105964 0.504224426 0.502106187 0.429922672 0.428011991 0.431917572 0.603947964 1.103501625 
41     0.806420557 0.870049670 0.802640856 0.879288378 0.905143680 0.882506233 0.758080407 0.738623653 0.718010553 0.731833766 0.824751413 0.782370131 0.783785522 0.792470112 0.799324561 0.886632679 0.816297929 0.824248864 0.795129761 1.008058675 1.041138090 0.828860029 0.831704430 0.889027735 0.899681088 0.828299852 0.832394219 1.007569802 0.868373439 0.843776328 0.738222901 0.719480066 0.711464521 0.713534309 0.774372355 0.685977540 0.584636759 0.482217654 0.478071774 0.532014367 0.069678832 0.000000000 0.472202957 0.499612073 0.503651728 0.501653345 0.427350400 0.425501158 0.431490577 0.603622260 1.102592880 
46     0.800888201 0.866748771 0.796976588 0.871751280 0.899588968 0.876580589 0.757689205 0.744370521 0.717488519 0.732267827 0.828973514 0.778548775 0.782473188 0.798539927 0.805236972 0.895147779 0.816760642 0.819483523 0.801556042 1.016592501 1.047897531 0.832559751 0.832336780 0.885910410 0.897814663 0.831878385 0.833137535 1.011555331 0.869799132 0.854247423 0.743364034 0.724256325 0.714002177 0.725013852 0.777256654 0.682539010 0.583312355 0.481079210 0.481719478 0.536824181 0.472660801 0.472202957 0.000000000 0.202111670 0.208726718 0.207314937 0.396520956 0.392891881 0.397539491 0.596921762 1.125000440 
44     0.823402216 0.887921784 0.815857587 0.894089331 0.918941862 0.900845055 0.779026754 0.767828868 0.742514184 0.757679733 0.850546176 0.798962700 0.802378916 0.820519042 0.827025328 0.916103881 0.838002385 0.840413276 0.822578597 1.034740807 1.072732397 0.853017881 0.858201096 0.908067679 0.919397960 0.856155129 0.857794109 1.029351790 0.892959847 0.873815388 0.770130204 0.750448221 0.739848194 0.751940659 0.804240495 0.703096308 0.608861716 0.510018127 0.511156063 0.563810917 0.500105964 0.499612073 0.202111670 0.000000000 0.143705881 0.142598543 0.421690029 0.421048895 0.421052080 0.621821955 1.143266825 
47     0.828412534 0.892088989 0.820614320 0.898289752 0.921395429 0.903669679 0.781576655 0.770720175 0.747463294 0.762605620 0.853469005 0.799800472 0.802808823 0.826516074 0.833009053 0.916704653 0.840032665 0.841278149 0.824418945 1.037492331 1.074555821 0.855259837 0.855288596 0.908887853 0.919898641 0.854558654 0.856172063 1.031589051 0.893990213 0.878200253 0.771797768 0.752288893 0.741688866 0.753854271 0.807081240 0.707085265 0.613352832 0.513745761 0.514854592 0.567361742 0.504224426 0.503651728 0.208726718 0.143705881 0.000000000 0.100163693 0.425417383 0.426306444 0.426118574 0.625390668 1.145791227 
45     0.827177786 0.890672331 0.819386273 0.897057281 0.921397649 0.902430101 0.780339948 0.769386221 0.746101479 0.761307956 0.852309186 0.798712435 0.802117027 0.825305924 0.831798903 0.915520245 0.838917503 0.841358522 0.823870862 1.036858184 1.074077909 0.855592702 0.855664803 0.909488576 0.920275785 0.854934861 0.856534320 1.031746199 0.894297062 0.878380061 0.770385434 0.750643594 0.740043567 0.751393528 0.806084966 0.706817902 0.611577978 0.512215930 0.513383744 0.565671495 0.502106187 0.501653345 0.207314937 0.142598543 0.100163693 0.000000000 0.423533488 0.424473271 0.423881306 0.624118595 1.143344772 
40     0.771163216 0.831792737 0.761416100 0.842321881 0.869326828 0.844143501 0.726227223 0.711939199 0.690032199 0.704181739 0.798538013 0.756763873 0.758954421 0.762161801 0.769112417 0.852922298 0.776339903 0.783764265 0.764772630 0.977806945 1.011495650 0.794616696 0.795845779 0.851096295 0.860369131 0.795314505 0.796787178 0.966566315 0.829886965 0.810277546 0.703411247 0.684591131 0.674653877 0.680199041 0.739519560 0.648542658 0.548080671 0.440041153 0.439200277 0.489592022 0.429922672 0.427350400 0.396520956 0.421690029 0.425417383 0.423533488 0.000000000 0.113383136 0.287286710 0.563747103 1.077198469 
37     0.772440695 0.833908155 0.766256330 0.844187172 0.870748504 0.845645396 0.725965263 0.711427009 0.689618823 0.703687391 0.797905438 0.756713811 0.759431449 0.759863332 0.767603083 0.849670254 0.775061337 0.784781245 0.765221019 0.978398463 1.011747463 0.794453435 0.797290021 0.850591446 0.860201543 0.796999731 0.798409946 0.971497617 0.830859103 0.811141874 0.703967542 0.685832042 0.675894788 0.678662350 0.742430603 0.648244690 0.544525289 0.439164282 0.438644413 0.488928517 0.428011991 0.425501158 0.392891881 0.421048895 0.426306444 0.424473271 0.113383136 0.000000000 0.284210298 0.561747981 1.076689605 
38     0.767985633 0.829289812 0.756519685 0.837131403 0.865010439 0.840711423 0.719899362 0.707197073 0.685195374 0.699497328 0.794725583 0.749896600 0.756361628 0.761762842 0.769396983 0.854493307 0.779793836 0.790264277 0.766303506 0.981329641 1.010653255 0.800875243 0.800489915 0.853780521 0.864400787 0.796869041 0.799505502 0.974506247 0.834756714 0.813817274 0.707893098 0.689544467 0.678020005 0.684566984 0.742386876 0.648306281 0.547908019 0.448508585 0.447871470 0.499228015 0.431917572 0.431490577 0.397539491 0.421052080 0.426118574 0.423881306 0.287286710 0.284210298 0.000000000 0.573935204 1.078854543 
43     0.766641554 0.837199916 0.768355863 0.844690089 0.873540848 0.844893765 0.727741236 0.712220695 0.687808687 0.700461550 0.794423992 0.747131526 0.752568601 0.770873327 0.778321650 0.858494918 0.786572670 0.794916244 0.768633600 0.980665937 1.018673915 0.802730554 0.800330465 0.858465442 0.869720184 0.801284780 0.803662857 0.972175935 0.839568227 0.822630950 0.710340455 0.692938614 0.683995450 0.695114329 0.743505461 0.644779550 0.549405128 0.515969881 0.515671004 0.570472160 0.603947964 0.603622260 0.596921762 0.621821955 0.625390668 0.624118595 0.563747103 0.561747981 0.573935204 0.000000000 1.087878030 
0     1.189835906 1.253725681 1.191482253 1.272358888 1.283067924 1.273461471 1.136393323 1.127163202 1.111654887 1.124811964 1.207232097 1.168978404 1.163699726 1.195066214 1.202437679 1.284978493 1.194098402 1.214416590 1.182853856 1.407398031 1.408596013 1.197021188 1.190881935 1.252576274 1.263987594 1.201143924 1.204616310 1.395034702 1.224499560 1.217139351 1.107954173 1.090641390 1.084978282 1.097045845 1.159171022 1.111207438 1.032715775 1.023703997 1.022789527 1.077903853 1.103501625 1.102592880 1.125000440 1.143266825 1.145791227 1.143344772 1.077198469 1.076689605 1.078854543 1.087878030 0.000000000 
