51
6     0.000000000 0.006901250 0.004054910 0.001360330 0.001633570 0.008247680 0.008701330 0.002105730 0.004697510 0.006871400 0.002079910 0.002621290 0.001864460 0.002135540 0.002514850 0.000105990 0.015710890 0.006875970 0.009077620 0.015910530 0.004765410 0.008039310 0.005020460 0.005936560 0.016673620 0.006116170 0.002188210 0.007010780 0.001681980 0.004762260 0.005285940 0.003420760 0.026604540 0.006235620 0.005596040 0.005125570 0.010210700 0.002599080 0.001350110 0.009966420 0.012708360 0.002058570 0.006194760 0.002765810 0.011139690 0.021719390 0.000745650 0.019398290 0.005744930 0.014621620 0.010702460 
26     0.006901250 0.000000000 0.001136200 0.003501420 0.010763540 0.003391790 0.009903020 0.001382540 0.006051020 0.010831080 0.009340350 0.006178190 0.011557560 0.003142640 0.007124040 0.001173970 0.005574630 0.026319460 0.001335400 0.011988080 0.012191440 0.004080930 0.007019950 0.001029430 0.006323230 0.011357410 0.001114030 0.003260910 0.018709750 0.001992500 0.006820290 0.009701900 0.002191340 0.007104140 0.000428950 0.005368440 0.006692540 0.008309370 0.001854780 0.015697440 0.013079230 0.004674310 0.012694450 0.000587150 0.008638700 0.005039470 0.004776390 0.004919030 0.001558410 0.007086730 0.006230020 
24     0.004054910 0.001136200 0.000000000 0.000679160 0.002431220 0.002286470 0.007485500 0.003022620 0.006423970 0.013546350 0.004974950 0.009955560 0.005960760 0.007093300 0.008888410 0.006075410 0.003631080 0.016404990 0.007938010 0.010407610 0.010756230 0.003866830 0.007838080 0.004825570 0.008312220 0.002097100 0.003539930 0.018943180 0.001114460 0.000180770 0.006845430 0.005851610 0.007386860 0.003128870 0.011872040 0.003571630 0.006099730 0.015845960 0.004902870 0.007686830 0.003274930 0.010822930 0.008227080 0.010153490 0.009375060 0.005962380 0.003026460 0.004185830 0.010471540 0.001698520 0.016329490 
17     0.001360330 0.003501420 0.000679160 0.000000000 0.011520500 0.000845860 0.003198920 0.000904350 0.002812880 0.005073580 0.002616250 0.006008050 0.006813790 0.003336950 0.006463720 0.001556720 0.006205100 0.022945190 0.022317830 0.012962380 0.013597230 0.007771190 0.001073110 0.004589900 0.005745770 0.007122210 0.001078390 0.010292640 0.005919880 0.017098750 0.000894530 0.001648450 0.009450910 0.000446250 0.003970010 0.005827720 0.008582410 0.012192670 0.009066890 0.009466770 0.026790320 0.001467750 0.011223220 0.012157310 0.003917700 0.007172770 0.008763890 0.003680320 0.002865520 0.011041330 0.011002800 
8     0.001633570 0.010763540 0.002431220 0.011520500 0.000000000 0.004484390 0.011047650 0.000542490 0.002489050 0.001875650 0.001019180 0.005808270 0.003396730 0.004961410 0.002749230 0.002531210 0.003801780 0.005534730 0.007020310 0.022421960 0.014492150 0.001749850 0.002687190 0.010513010 0.006609670 0.010359770 0.000361570 0.001786940 0.028715970 0.005616620 0.007018370 0.006373020 0.018004470 0.010687020 0.010924230 0.008176790 0.012773420 0.001961890 0.003616750 0.012575170 0.008355360 0.003327650 0.016819340 0.006457620 0.010061230 0.012659010 0.001281430 0.002885790 0.006079230 0.003006800 0.009868660 
16     0.008247680 0.003391790 0.002286470 0.000845860 0.004484390 0.000000000 0.005579130 0.003641170 0.000040210 0.004964440 0.011541560 0.011178200 0.010160670 0.005336870 0.009847370 0.009619200 0.008598550 0.008561740 0.005415990 0.004058450 0.019259060 0.011997740 0.004531660 0.004791520 0.012412680 0.012628600 0.014377470 0.001498490 0.000211240 0.008908410 0.000520160 0.006301340 0.012296350 0.018848660 0.010258500 0.002970960 0.008834500 0.027339430 0.008824780 0.016098920 0.000295530 0.006230380 0.015127780 0.003667670 0.029374590 0.011831400 0.009203100 0.013672900 0.023834140 0.017545990 0.009202930 
18     0.008701330 0.009903020 0.007485500 0.003198920 0.011047650 0.005579130 0.000000000 0.000841270 0.006899710 0.008134700 0.001726210 0.007447850 0.011510110 0.008672480 0.017558650 0.000248010 0.008227930 0.006481790 0.027980550 0.018618610 0.011260350 0.003168080 0.001624610 0.002787030 0.018296520 0.001552490 0.008491040 0.004406760 0.044163220 0.032094650 0.010767390 0.009418130 0.016617770 0.002664180 0.003029510 0.001180010 0.003126960 0.017969210 0.013883050 0.014417300 0.013260900 0.009678750 0.008292490 0.023209940 0.013725960 0.008032160 0.022948780 0.021980740 0.009092290 0.012998870 0.005226450 
7     0.002105730 0.001382540 0.003022620 0.000904350 0.000542490 0.003641170 0.000841270 0.000000000 0.001871140 0.005154080 0.004101080 0.007166850 0.007432520 0.003610570 0.008779420 0.001868140 0.005611490 0.011423870 0.001327330 0.014745620 0.004861100 0.002950590 0.003792570 0.010386540 0.019709770 0.013792450 0.021013730 0.003353120 0.004237240 0.005560270 0.009764340 0.007053760 0.004851010 0.016314500 0.012192170 0.025779730 0.011806880 0.003482110 0.003839720 0.010310280 0.002033300 0.008307790 0.004038090 0.005875650 0.006649050 0.009801200 0.004832310 0.008768250 0.001687470 0.019079140 0.007432680 
2     0.004697510 0.006051020 0.006423970 0.002812880 0.002489050 0.000040210 0.006899710 0.001871140 0.000000000 0.005394690 0.005074140 0.001095560 0.015205220 0.003428220 0.006561470 0.000579730 0.009008550 0.003531700 0.010297410 0.024937660 0.011048940 0.008954230 0.010340000 0.008768060 0.012261000 0.001974730 0.020626640 0.007462200 0.013283080 0.001287910 0.002727850 0.012715330 0.013932680 0.028710140 0.010250710 0.011928280 0.003650150 0.003269820 0.012488830 0.015343020 0.002481800 0.006880230 0.006445580 0.004063630 0.017897670 0.002583040 0.006971530 0.008227120 0.020965130 0.013614210 0.009195140 
15     0.006871400 0.010831080 0.013546350 0.005073580 0.001875650 0.004964440 0.008134700 0.005154080 0.005394690 0.000000000 0.008379620 0.003422300 0.013364440 0.007167460 0.000548040 0.004725890 0.027236850 0.004976770 0.003021240 0.021317150 0.024332440 0.011676900 0.008897030 0.004172790 0.004215970 0.004106600 0.017612800 0.008525400 0.003254630 0.020278590 0.003625390 0.011317140 0.019244040 0.039036230 0.013857430 0.013927140 0.014038920 0.017226870 0.008124250 0.005385980 0.000307210 0.012180110 0.011542810 0.017756190 0.006762090 0.002759490 0.004878410 0.014197090 0.014694890 0.007304900 0.010517580 
20     0.002079910 0.009340350 0.004974950 0.002616250 0.001019180 0.011541560 0.001726210 0.004101080 0.005074140 0.008379620 0.000000000 0.004934780 0.004254220 0.003767740 0.009306820 0.003195710 0.006735760 0.015190660 0.033012720 0.006530470 0.006663080 0.004255080 0.007968800 0.003994840 0.024959540 0.029458310 0.006835660 0.001977740 0.002516520 0.003719700 0.004222970 0.016148690 0.005711600 0.017518910 0.030440840 0.020486580 0.013209800 0.016393050 0.007432420 0.007412770 0.004295950 0.011489580 0.014438720 0.000416680 0.005631550 0.012864310 0.002074830 0.010378270 0.027760840 0.016860910 0.002504510 
25     0.002621290 0.006178190 0.009955560 0.006008050 0.005808270 0.011178200 0.007447850 0.007166850 0.001095560 0.003422300 0.004934780 0.000000000 0.013308670 0.013092560 0.005718170 0.006435780 0.017693190 0.017875150 0.002771240 0.016823010 0.002561490 0.009772730 0.003586410 0.004558900 0.028276350 0.005996320 0.003456790 0.030760950 0.013672370 0.065046430 0.008439590 0.015664510 0.004785410 0.022099340 0.026716820 0.015224100 0.008763520 0.030682430 0.001114150 0.023178010 0.015103860 0.005330670 0.010706130 0.008960170 0.022529440 0.020026270 0.033224520 0.027600290 0.012665630 0.020963640 0.010756080 
27     0.001864460 0.011557560 0.005960760 0.006813790 0.003396730 0.010160670 0.011510110 0.007432520 0.015205220 0.013364440 0.004254220 0.013308670 0.000000000 0.000441800 0.005802630 0.003593210 0.008446430 0.009284310 0.010049370 0.012881280 0.012830950 0.006174180 0.011294780 0.008709880 0.027069490 0.019071850 0.014663780 0.000879930 0.013111880 0.019710380 0.004530220 0.008940310 0.016769050 0.001543580 0.005655970 0.008055250 0.014172820 0.013293930 0.001411110 0.003849250 0.015170800 0.000641430 0.013125190 0.004233920 0.007447590 0.011069100 0.008444080 0.003583830 0.007542630 0.018090600 0.017095880 
21     0.002135540 0.003142640 0.007093300 0.003336950 0.004961410 0.005336870 0.008672480 0.003610570 0.003428220 0.007167460 0.003767740 0.013092560 0.000441800 0.000000000 0.002489360 0.000777100 0.018594280 0.002202450 0.007091010 0.008928340 0.006797540 0.005054770 0.004863690 0.006850260 0.015292120 0.012458300 0.000447740 0.006248330 0.007727570 0.018524920 0.004081370 0.007955340 0.012062960 0.001517750 0.003424510 0.006697180 0.010516780 0.011545230 0.008369270 0.009392480 0.002280760 0.003058860 0.005779070 0.004443430 0.004227690 0.003424620 0.005443000 0.008221520 0.006687780 0.016109460 0.015884140 
5     0.002514850 0.007124040 0.008888410 0.006463720 0.002749230 0.009847370 0.017558650 0.008779420 0.006561470 0.000548040 0.009306820 0.005718170 0.005802630 0.002489360 0.000000000 0.002252410 0.008056560 0.002856880 0.003172500 0.006950210 0.010570690 0.001325180 0.005449140 0.012269880 0.010031610 0.014879790 0.002784120 0.007535190 0.039028050 0.015569830 0.009121930 0.012483170 0.023864950 0.009704960 0.012986890 0.012398380 0.003637260 0.005177190 0.003507370 0.006052910 0.002666360 0.002209320 0.008918240 0.003223380 0.007947720 0.003648380 0.006024430 0.005210750 0.010100250 0.008802830 0.017869660 
11     0.000105990 0.001173970 0.006075410 0.001556720 0.002531210 0.009619200 0.000248010 0.001868140 0.000579730 0.004725890 0.003195710 0.006435780 0.003593210 0.000777100 0.002252410 0.000000000 0.003105410 0.003882320 0.000608940 0.004890990 0.003018060 0.000726530 0.001963770 0.002895120 0.000757760 0.001341360 0.000388500 0.001258310 0.001120120 0.000532390 0.000797260 0.000682690 0.005803920 0.000913610 0.000283380 0.000498080 0.005564560 0.001672980 0.000130460 0.003615280 0.006120660 0.000818540 0.001220510 0.003038940 0.000092600 0.002444900 0.000713900 0.001395030 0.004020680 0.002814410 0.013271670 
28     0.015710890 0.005574630 0.003631080 0.006205100 0.003801780 0.008598550 0.008227930 0.005611490 0.009008550 0.027236850 0.006735760 0.017693190 0.008446430 0.018594280 0.008056560 0.003105410 0.000000000 0.016996300 0.012948660 0.010653840 0.012402110 0.008828720 0.008394420 0.002839250 0.018855010 0.016698770 0.007075250 0.006151530 0.014717490 0.014057740 0.000360090 0.006882870 0.008017890 0.028695010 0.016126750 0.005130950 0.016176560 0.038414320 0.003669760 0.012663750 0.014993270 0.003121820 0.007833060 0.006856550 0.011309240 0.010774440 0.008325060 0.021327950 0.008889100 0.006467330 0.019230100 
23     0.006875970 0.026319460 0.016404990 0.022945190 0.005534730 0.008561740 0.006481790 0.011423870 0.003531700 0.004976770 0.015190660 0.017875150 0.009284310 0.002202450 0.002856880 0.003882320 0.016996300 0.000000000 0.002855750 0.005336730 0.001579710 0.003663750 0.014403930 0.016614180 0.017824420 0.017300420 0.004074750 0.005008250 0.002179380 0.035651740 0.011746830 0.003858910 0.031254540 0.028225430 0.027200210 0.010517410 0.017860070 0.023667200 0.003208820 0.027029610 0.016402130 0.014552360 0.008173520 0.002838320 0.000037970 0.005562010 0.021785490 0.016138000 0.006950010 0.002495910 0.026294690 
3     0.009077620 0.001335400 0.007938010 0.022317830 0.007020310 0.005415990 0.027980550 0.001327330 0.010297410 0.003021240 0.033012720 0.002771240 0.010049370 0.007091010 0.003172500 0.000608940 0.012948660 0.002855750 0.000000000 0.011233790 0.004273530 0.021876900 0.011109480 0.002315760 0.013411010 0.005684920 0.007944640 0.010290850 0.003085620 0.035627610 0.003551670 0.007864930 0.020942520 0.015050030 0.012245900 0.029494510 0.005132560 0.005181980 0.009252520 0.005021810 0.008885700 0.000908030 0.013757730 0.006868790 0.004045970 0.011992310 0.002163290 0.007055650 0.011509300 0.019932810 0.012412020 
22     0.015910530 0.011988080 0.010407610 0.012962380 0.022421960 0.004058450 0.018618610 0.014745620 0.024937660 0.021317150 0.006530470 0.016823010 0.012881280 0.008928340 0.006950210 0.004890990 0.010653840 0.005336730 0.011233790 0.000000000 0.001322880 0.021010680 0.004034740 0.007251040 0.008670910 0.004671590 0.001560880 0.006943940 0.008036470 0.004876960 0.006252310 0.004489290 0.013596440 0.011014930 0.018346350 0.008763850 0.000762660 0.008710280 0.012459510 0.006963230 0.010767580 0.005706170 0.002456650 0.006376780 0.007766110 0.003703990 0.008597000 0.005113070 0.006514140 0.006005330 0.022922890 
4     0.004765410 0.012191440 0.010756230 0.013597230 0.014492150 0.019259060 0.011260350 0.004861100 0.011048940 0.024332440 0.006663080 0.002561490 0.012830950 0.006797540 0.010570690 0.003018060 0.012402110 0.001579710 0.004273530 0.001322880 0.000000000 0.003288280 0.001980460 0.007866980 0.033509370 0.013110840 0.002324500 0.015861310 0.023949640 0.013487400 0.011984330 0.004136370 0.035544800 0.020491030 0.006595340 0.004787020 0.012482920 0.012981020 0.002506110 0.011048400 0.012478710 0.017838280 0.007623640 0.001319770 0.005247440 0.015379600 0.014348650 0.006688100 0.007651090 0.000977360 0.021688990 
19     0.008039310 0.004080930 0.003866830 0.007771190 0.001749850 0.011997740 0.003168080 0.002950590 0.008954230 0.011676900 0.004255080 0.009772730 0.006174180 0.005054770 0.001325180 0.000726530 0.008828720 0.003663750 0.021876900 0.021010680 0.003288280 0.000000000 0.001155020 0.000443990 0.004219290 0.015443150 0.002869090 0.008966840 0.005267850 0.005579840 0.005324670 0.016801310 0.003105700 0.007002310 0.013899340 0.005413850 0.006026050 0.001113330 0.003313130 0.004199040 0.014597680 0.005001230 0.001027180 0.004969520 0.008736850 0.007472780 0.001441480 0.002702760 0.003001850 0.015434540 0.000188000 
1     0.005020460 0.007019950 0.007838080 0.001073110 0.002687190 0.004531660 0.001624610 0.003792570 0.010340000 0.008897030 0.007968800 0.003586410 0.011294780 0.004863690 0.005449140 0.001963770 0.008394420 0.014403930 0.011109480 0.004034740 0.001980460 0.001155020 0.000000000 0.000183200 0.005751690 0.005472690 0.005207230 0.002827220 0.002235480 0.000783390 0.000638990 0.002039530 0.010113450 0.006971270 0.006339380 0.003384530 0.017034630 0.017897020 0.002899330 0.006820850 0.007183770 0.001340330 0.012684890 0.001626260 0.009193210 0.005444170 0.011141580 0.018410200 0.005663830 0.001196860 0.023841900 
14     0.005936560 0.001029430 0.004825570 0.004589900 0.010513010 0.004791520 0.002787030 0.010386540 0.008768060 0.004172790 0.003994840 0.004558900 0.008709880 0.006850260 0.012269880 0.002895120 0.002839250 0.016614180 0.002315760 0.007251040 0.007866980 0.000443990 0.000183200 0.000000000 0.003237330 0.001819400 0.000404040 0.003250160 0.002259980 0.002962650 0.000436740 0.006263640 0.005285280 0.002906510 0.015373590 0.003090000 0.000650510 0.003014100 0.000432860 0.016842610 0.008277650 0.003451720 0.002414510 0.008603390 0.003826110 0.003374910 0.000643390 0.017794810 0.000784810 0.002743700 0.014318020 
13     0.016673620 0.006323230 0.008312220 0.005745770 0.006609670 0.012412680 0.018296520 0.019709770 0.012261000 0.004215970 0.024959540 0.028276350 0.027069490 0.015292120 0.010031610 0.000757760 0.018855010 0.017824420 0.013411010 0.008670910 0.033509370 0.004219290 0.005751690 0.003237330 0.000000000 0.004650920 0.000331860 0.008479740 0.005483000 0.012051450 0.002901020 0.011826800 0.031389820 0.024264640 0.030685280 0.014388420 0.017934080 0.019474010 0.008766510 0.017655950 0.009138580 0.010354180 0.001150040 0.013643910 0.005747200 0.022775430 0.000008770 0.007876290 0.002696370 0.001703760 0.029629710 
10     0.006116170 0.011357410 0.002097100 0.007122210 0.010359770 0.012628600 0.001552490 0.013792450 0.001974730 0.004106600 0.029458310 0.005996320 0.019071850 0.012458300 0.014879790 0.001341360 0.016698770 0.017300420 0.005684920 0.004671590 0.013110840 0.015443150 0.005472690 0.001819400 0.004650920 0.000000000 0.000586330 0.001212610 0.007525500 0.000250130 0.003011940 0.011822810 0.011597390 0.011120430 0.020577370 0.006864470 0.003890670 0.010607180 0.006860880 0.008560210 0.004593340 0.002395870 0.007220160 0.006756980 0.003783350 0.001956750 0.003858110 0.010566390 0.005049240 0.010527860 0.018560820 
12     0.002188210 0.001114030 0.003539930 0.001078390 0.000361570 0.014377470 0.008491040 0.021013730 0.020626640 0.017612800 0.006835660 0.003456790 0.014663780 0.000447740 0.002784120 0.000388500 0.007075250 0.004074750 0.007944640 0.001560880 0.002324500 0.002869090 0.005207230 0.000404040 0.000331860 0.000586330 0.000000000 0.000104520 0.001542390 0.000394290 0.002886900 0.000319980 0.013779440 0.006811030 0.002562890 0.003174210 0.000738360 0.005860600 0.003785400 0.002351020 0.005981780 0.000407690 0.002726510 0.000622990 0.000596270 0.010390640 0.002459200 0.007105910 0.011849780 0.007326800 0.005855070 
9     0.007010780 0.003260910 0.018943180 0.010292640 0.001786940 0.001498490 0.004406760 0.003353120 0.007462200 0.008525400 0.001977740 0.030760950 0.000879930 0.006248330 0.007535190 0.001258310 0.006151530 0.005008250 0.010290850 0.006943940 0.015861310 0.008966840 0.002827220 0.003250160 0.008479740 0.001212610 0.000104520 0.000000000 0.000542810 0.000379620 0.002220910 0.002095460 0.006864830 0.005683370 0.009083310 0.003629320 0.001123630 0.005480260 0.004512990 0.012647340 0.005363580 0.001155070 0.006168760 0.013273530 0.015389620 0.000138440 0.002379490 0.014583230 0.014977320 0.009879400 0.002401160 
37     0.001681980 0.018709750 0.001114460 0.005919880 0.028715970 0.000211240 0.044163220 0.004237240 0.013283080 0.003254630 0.002516520 0.013672370 0.013111880 0.007727570 0.039028050 0.001120120 0.014717490 0.002179380 0.003085620 0.008036470 0.023949640 0.005267850 0.002235480 0.002259980 0.005483000 0.007525500 0.001542390 0.000542810 0.000000000 0.000094960 0.001405300 0.009585950 0.014306850 0.007079140 0.015070600 0.006971010 0.017888470 0.013600940 0.004819780 0.006865050 0.036274700 0.000585510 0.007993390 0.000710660 0.018124310 0.009025660 0.001648830 0.033202960 0.004740780 0.006807560 0.040251100 
38     0.004762260 0.001992500 0.000180770 0.017098750 0.005616620 0.008908410 0.032094650 0.005560270 0.001287910 0.020278590 0.003719700 0.065046430 0.019710380 0.018524920 0.015569830 0.000532390 0.014057740 0.035651740 0.035627610 0.004876960 0.013487400 0.005579840 0.000783390 0.002962650 0.012051450 0.000250130 0.000394290 0.000379620 0.000094960 0.000000000 0.000442770 0.001946600 0.020654610 0.005894510 0.000860710 0.014616540 0.005282360 0.011633340 0.021908530 0.017301310 0.020947460 0.000447580 0.002057100 0.004014150 0.012891880 0.009291300 0.002439800 0.028648370 0.010931680 0.006154340 0.022564020 
33     0.005285940 0.006820290 0.006845430 0.000894530 0.007018370 0.000520160 0.010767390 0.009764340 0.002727850 0.003625390 0.004222970 0.008439590 0.004530220 0.004081370 0.009121930 0.000797260 0.000360090 0.011746830 0.003551670 0.006252310 0.011984330 0.005324670 0.000638990 0.000436740 0.002901020 0.003011940 0.002886900 0.002220910 0.001405300 0.000442770 0.000000000 0.001290440 0.006685060 0.002027330 0.003866980 0.006555490 0.002014840 0.002156440 0.002282450 0.001903460 0.002981310 0.000894750 0.006082310 0.001419100 0.002424760 0.001836180 0.000274330 0.000666060 0.012501960 0.010207860 0.007480920 
49     0.003420760 0.009701900 0.005851610 0.001648450 0.006373020 0.006301340 0.009418130 0.007053760 0.012715330 0.011317140 0.016148690 0.015664510 0.008940310 0.007955340 0.012483170 0.000682690 0.006882870 0.003858910 0.007864930 0.004489290 0.004136370 0.016801310 0.002039530 0.006263640 0.011826800 0.011822810 0.000319980 0.002095460 0.009585950 0.001946600 0.001290440 0.000000000 0.009598360 0.007433570 0.020418430 0.005505450 0.012712750 0.014423700 0.004104960 0.005047430 0.003922790 0.003177330 0.008260920 0.009419440 0.004492120 0.001376910 0.012128480 0.010869820 0.014027680 0.002301210 0.009290840 
46     0.026604540 0.002191340 0.007386860 0.009450910 0.018004470 0.012296350 0.016617770 0.004851010 0.013932680 0.019244040 0.005711600 0.004785410 0.016769050 0.012062960 0.023864950 0.005803920 0.008017890 0.031254540 0.020942520 0.013596440 0.035544800 0.003105700 0.010113450 0.005285280 0.031389820 0.011597390 0.013779440 0.006864830 0.014306850 0.020654610 0.006685060 0.009598360 0.000000000 0.005183420 0.024317650 0.005844740 0.000424820 0.003840780 0.010309990 0.019169300 0.011605660 0.007692470 0.007553340 0.001765660 0.013976350 0.009747990 0.004547760 0.021010850 0.010906760 0.019067070 0.012581560 
29     0.006235620 0.007104140 0.003128870 0.000446250 0.010687020 0.018848660 0.002664180 0.016314500 0.028710140 0.039036230 0.017518910 0.022099340 0.001543580 0.001517750 0.009704960 0.000913610 0.028695010 0.028225430 0.015050030 0.011014930 0.020491030 0.007002310 0.006971270 0.002906510 0.024264640 0.011120430 0.006811030 0.005683370 0.007079140 0.005894510 0.002027330 0.007433570 0.005183420 0.000000000 0.018339850 0.015785190 0.005730180 0.008009850 0.006210550 0.015776120 0.019835500 0.011269590 0.003931520 0.005859970 0.005170440 0.004052550 0.013464610 0.027433190 0.002626350 0.004341900 0.023958850 
48     0.005596040 0.000428950 0.011872040 0.003970010 0.010924230 0.010258500 0.003029510 0.012192170 0.010250710 0.013857430 0.030440840 0.026716820 0.005655970 0.003424510 0.012986890 0.000283380 0.016126750 0.027200210 0.012245900 0.018346350 0.006595340 0.013899340 0.006339380 0.015373590 0.030685280 0.020577370 0.002562890 0.009083310 0.015070600 0.000860710 0.003866980 0.020418430 0.024317650 0.018339850 0.000000000 0.002941510 0.009406450 0.001738650 0.002031000 0.006154060 0.014278090 0.002168890 0.008140720 0.003709390 0.007820930 0.004903520 0.002790930 0.011463550 0.007847630 0.007612640 0.006390710 
44     0.005125570 0.005368440 0.003571630 0.005827720 0.008176790 0.002970960 0.001180010 0.025779730 0.011928280 0.013927140 0.020486580 0.015224100 0.008055250 0.006697180 0.012398380 0.000498080 0.005130950 0.010517410 0.029494510 0.008763850 0.004787020 0.005413850 0.003384530 0.003090000 0.014388420 0.006864470 0.003174210 0.003629320 0.006971010 0.014616540 0.006555490 0.005505450 0.005844740 0.015785190 0.002941510 0.000000000 0.001855840 0.007806090 0.005877540 0.017704970 0.011116500 0.005744550 0.007442060 0.001468830 0.010424160 0.006860150 0.004041420 0.003298330 0.003302260 0.007686290 0.010325520 
34     0.010210700 0.006692540 0.006099730 0.008582410 0.012773420 0.008834500 0.003126960 0.011806880 0.003650150 0.014038920 0.013209800 0.008763520 0.014172820 0.010516780 0.003637260 0.005564560 0.016176560 0.017860070 0.005132560 0.000762660 0.012482920 0.006026050 0.017034630 0.000650510 0.017934080 0.003890670 0.000738360 0.001123630 0.017888470 0.005282360 0.002014840 0.012712750 0.000424820 0.005730180 0.009406450 0.001855840 0.000000000 0.000467310 0.000323480 0.001541360 0.005193450 0.002277440 0.003930590 0.003670030 0.001869380 0.000112670 0.000149110 0.003285920 0.003597400 0.008922170 0.013998070 
45     0.002599080 0.008309370 0.015845960 0.012192670 0.001961890 0.027339430 0.017969210 0.003482110 0.003269820 0.017226870 0.016393050 0.030682430 0.013293930 0.011545230 0.005177190 0.001672980 0.038414320 0.023667200 0.005181980 0.008710280 0.012981020 0.001113330 0.017897020 0.003014100 0.019474010 0.010607180 0.005860600 0.005480260 0.013600940 0.011633340 0.002156440 0.014423700 0.003840780 0.008009850 0.001738650 0.007806090 0.000467310 0.000000000 0.003012650 0.014054520 0.003614190 0.001771040 0.004991460 0.001039810 0.010692420 0.013705340 0.002618710 0.009575450 0.005270910 0.006110970 0.010408230 
35     0.001350110 0.001854780 0.004902870 0.009066890 0.003616750 0.008824780 0.013883050 0.003839720 0.012488830 0.008124250 0.007432420 0.001114150 0.001411110 0.008369270 0.003507370 0.000130460 0.003669760 0.003208820 0.009252520 0.012459510 0.002506110 0.003313130 0.002899330 0.000432860 0.008766510 0.006860880 0.003785400 0.004512990 0.004819780 0.021908530 0.002282450 0.004104960 0.010309990 0.006210550 0.002031000 0.005877540 0.000323480 0.003012650 0.000000000 0.003550880 0.005231200 0.001469450 0.003994320 0.005237620 0.001776670 0.003002760 0.004866620 0.015634590 0.004534270 0.002110550 0.010549050 
39     0.009966420 0.015697440 0.007686830 0.009466770 0.012575170 0.016098920 0.014417300 0.010310280 0.015343020 0.005385980 0.007412770 0.023178010 0.003849250 0.009392480 0.006052910 0.003615280 0.012663750 0.027029610 0.005021810 0.006963230 0.011048400 0.004199040 0.006820850 0.016842610 0.017655950 0.008560210 0.002351020 0.012647340 0.006865050 0.017301310 0.001903460 0.005047430 0.019169300 0.015776120 0.006154060 0.017704970 0.001541360 0.014054520 0.003550880 0.000000000 0.012264450 0.012418320 0.001311620 0.014700870 0.021078040 0.010157930 0.001627020 0.022329750 0.001466500 0.010666490 0.012664310 
40     0.012708360 0.013079230 0.003274930 0.026790320 0.008355360 0.000295530 0.013260900 0.002033300 0.002481800 0.000307210 0.004295950 0.015103860 0.015170800 0.002280760 0.002666360 0.006120660 0.014993270 0.016402130 0.008885700 0.010767580 0.012478710 0.014597680 0.007183770 0.008277650 0.009138580 0.004593340 0.005981780 0.005363580 0.036274700 0.020947460 0.002981310 0.003922790 0.011605660 0.019835500 0.014278090 0.011116500 0.005193450 0.003614190 0.005231200 0.012264450 0.000000000 0.003644450 0.003899930 0.012570130 0.004637640 0.005554910 0.004989820 0.005093740 0.011257170 0.022784840 0.006614460 
31     0.002058570 0.004674310 0.010822930 0.001467750 0.003327650 0.006230380 0.009678750 0.008307790 0.006880230 0.012180110 0.011489580 0.005330670 0.000641430 0.003058860 0.002209320 0.000818540 0.003121820 0.014552360 0.000908030 0.005706170 0.017838280 0.005001230 0.001340330 0.003451720 0.010354180 0.002395870 0.000407690 0.001155070 0.000585510 0.000447580 0.000894750 0.003177330 0.007692470 0.011269590 0.002168890 0.005744550 0.002277440 0.001771040 0.001469450 0.012418320 0.003644450 0.000000000 0.003801000 0.005808230 0.002658250 0.004116880 0.002171330 0.005725400 0.002081630 0.002723160 0.004487690 
50     0.006194760 0.012694450 0.008227080 0.011223220 0.016819340 0.015127780 0.008292490 0.004038090 0.006445580 0.011542810 0.014438720 0.010706130 0.013125190 0.005779070 0.008918240 0.001220510 0.007833060 0.008173520 0.013757730 0.002456650 0.007623640 0.001027180 0.012684890 0.002414510 0.001150040 0.007220160 0.002726510 0.006168760 0.007993390 0.002057100 0.006082310 0.008260920 0.007553340 0.003931520 0.008140720 0.007442060 0.003930590 0.004991460 0.003994320 0.001311620 0.003899930 0.003801000 0.000000000 0.000624260 0.002829260 0.014997830 0.000269870 0.021940340 0.009407040 0.008398170 0.006269250 
47     0.002765810 0.000587150 0.010153490 0.012157310 0.006457620 0.003667670 0.023209940 0.005875650 0.004063630 0.017756190 0.000416680 0.008960170 0.004233920 0.004443430 0.003223380 0.003038940 0.006856550 0.002838320 0.006868790 0.006376780 0.001319770 0.004969520 0.001626260 0.008603390 0.013643910 0.006756980 0.000622990 0.013273530 0.000710660 0.004014150 0.001419100 0.009419440 0.001765660 0.005859970 0.003709390 0.001468830 0.003670030 0.001039810 0.005237620 0.014700870 0.012570130 0.005808230 0.000624260 0.000000000 0.004606290 0.007963850 0.001633030 0.009320750 0.008679610 0.002116330 0.013129960 
30     0.011139690 0.008638700 0.009375060 0.003917700 0.010061230 0.029374590 0.013725960 0.006649050 0.017897670 0.006762090 0.005631550 0.022529440 0.007447590 0.004227690 0.007947720 0.000092600 0.011309240 0.000037970 0.004045970 0.007766110 0.005247440 0.008736850 0.009193210 0.003826110 0.005747200 0.003783350 0.000596270 0.015389620 0.018124310 0.012891880 0.002424760 0.004492120 0.013976350 0.005170440 0.007820930 0.010424160 0.001869380 0.010692420 0.001776670 0.021078040 0.004637640 0.002658250 0.002829260 0.004606290 0.000000000 0.000775430 0.001126350 0.005859450 0.006219550 0.016485490 0.023735130 
32     0.021719390 0.005039470 0.005962380 0.007172770 0.012659010 0.011831400 0.008032160 0.009801200 0.002583040 0.002759490 0.012864310 0.020026270 0.011069100 0.003424620 0.003648380 0.002444900 0.010774440 0.005562010 0.011992310 0.003703990 0.015379600 0.007472780 0.005444170 0.003374910 0.022775430 0.001956750 0.010390640 0.000138440 0.009025660 0.009291300 0.001836180 0.001376910 0.009747990 0.004052550 0.004903520 0.006860150 0.000112670 0.013705340 0.003002760 0.010157930 0.005554910 0.004116880 0.014997830 0.007963850 0.000775430 0.000000000 0.000706820 0.006053280 0.001923610 0.006115720 0.012328940 
41     0.000745650 0.004776390 0.003026460 0.008763890 0.001281430 0.009203100 0.022948780 0.004832310 0.006971530 0.004878410 0.002074830 0.033224520 0.008444080 0.005443000 0.006024430 0.000713900 0.008325060 0.021785490 0.002163290 0.008597000 0.014348650 0.001441480 0.011141580 0.000643390 0.000008770 0.003858110 0.002459200 0.002379490 0.001648830 0.002439800 0.000274330 0.012128480 0.004547760 0.013464610 0.002790930 0.004041420 0.000149110 0.002618710 0.004866620 0.001627020 0.004989820 0.002171330 0.000269870 0.001633030 0.001126350 0.000706820 0.000000000 0.006302020 0.002702460 0.002523360 0.007597670 
42     0.019398290 0.004919030 0.004185830 0.003680320 0.002885790 0.013672900 0.021980740 0.008768250 0.008227120 0.014197090 0.010378270 0.027600290 0.003583830 0.008221520 0.005210750 0.001395030 0.021327950 0.016138000 0.007055650 0.005113070 0.006688100 0.002702760 0.018410200 0.017794810 0.007876290 0.010566390 0.007105910 0.014583230 0.033202960 0.028648370 0.000666060 0.010869820 0.021010850 0.027433190 0.011463550 0.003298330 0.003285920 0.009575450 0.015634590 0.022329750 0.005093740 0.005725400 0.021940340 0.009320750 0.005859450 0.006053280 0.006302020 0.000000000 0.002227860 0.000392350 0.010047970 
36     0.005744930 0.001558410 0.010471540 0.002865520 0.006079230 0.023834140 0.009092290 0.001687470 0.020965130 0.014694890 0.027760840 0.012665630 0.007542630 0.006687780 0.010100250 0.004020680 0.008889100 0.006950010 0.011509300 0.006514140 0.007651090 0.003001850 0.005663830 0.000784810 0.002696370 0.005049240 0.011849780 0.014977320 0.004740780 0.010931680 0.012501960 0.014027680 0.010906760 0.002626350 0.007847630 0.003302260 0.003597400 0.005270910 0.004534270 0.001466500 0.011257170 0.002081630 0.009407040 0.008679610 0.006219550 0.001923610 0.002702460 0.002227860 0.000000000 0.003209640 0.009346970 
43     0.014621620 0.007086730 0.001698520 0.011041330 0.003006800 0.017545990 0.012998870 0.019079140 0.013614210 0.007304900 0.016860910 0.020963640 0.018090600 0.016109460 0.008802830 0.002814410 0.006467330 0.002495910 0.019932810 0.006005330 0.000977360 0.015434540 0.001196860 0.002743700 0.001703760 0.010527860 0.007326800 0.009879400 0.006807560 0.006154340 0.010207860 0.002301210 0.019067070 0.004341900 0.007612640 0.007686290 0.008922170 0.006110970 0.002110550 0.010666490 0.022784840 0.002723160 0.008398170 0.002116330 0.016485490 0.006115720 0.002523360 0.000392350 0.003209640 0.000000000 0.006626610 
0     0.010702460 0.006230020 0.016329490 0.011002800 0.009868660 0.009202930 0.005226450 0.007432680 0.009195140 0.010517580 0.002504510 0.010756080 0.017095880 0.015884140 0.017869660 0.013271670 0.019230100 0.026294690 0.012412020 0.022922890 0.021688990 0.000188000 0.023841900 0.014318020 0.029629710 0.018560820 0.005855070 0.002401160 0.040251100 0.022564020 0.007480920 0.009290840 0.012581560 0.023958850 0.006390710 0.010325520 0.013998070 0.010408230 0.010549050 0.012664310 0.006614460 0.004487690 0.006269250 0.013129960 0.023735130 0.012328940 0.007597670 0.010047970 0.009346970 0.006626610 0.000000000 
