51
6     0.000000000 0.159572352 0.150928499 0.145896509 0.151902553 0.183368191 0.171472871 0.152380267 0.160362422 0.183875182 0.173033219 0.175700542 0.166377072 0.162523625 0.192208203 0.237086749 0.291323478 0.295648390 0.283478664 0.282062039 0.285576675 0.275130417 0.262005519 0.258590942 0.296876807 0.360431643 0.352544496 0.356228654 0.379908179 0.379304364 0.268635963 0.286029003 0.308122493 0.304311079 0.313685699 0.312080670 0.315634267 0.317209197 0.298300387 0.331494051 0.293832526 0.249889090 0.286784025 0.282506226 0.293528622 0.292795158 0.272675884 0.343830506 0.301579927 0.289244841 0.515165482 
26     0.159572352 0.000000000 0.102794008 0.111671182 0.159341185 0.190314333 0.183099945 0.161077123 0.167116430 0.192914947 0.179207133 0.179122705 0.177946551 0.173947907 0.196463606 0.247874652 0.299685909 0.307558149 0.295810845 0.294282823 0.299057795 0.279783055 0.269017504 0.267768568 0.306889250 0.372028693 0.364394586 0.369214089 0.389091906 0.389935817 0.275533330 0.290991349 0.315318512 0.304452592 0.319228472 0.318151836 0.321402747 0.324206841 0.303193636 0.337316132 0.300661115 0.258209694 0.294220404 0.289687390 0.298880999 0.299170622 0.281154571 0.349261850 0.307582308 0.296112660 0.518010017 
24     0.150928499 0.102794008 0.000000000 0.102979298 0.148048276 0.180791245 0.169961695 0.150568395 0.156682445 0.183385503 0.170386403 0.168576603 0.165348570 0.163132772 0.185143659 0.237380937 0.289727101 0.294684011 0.284566100 0.282999869 0.288173666 0.268014289 0.256255103 0.256138935 0.293807765 0.358617948 0.350640645 0.355389141 0.373620469 0.374468083 0.263713311 0.278407812 0.302894720 0.297768440 0.307600373 0.306534600 0.309498576 0.312764871 0.292618262 0.322619318 0.289954186 0.246425162 0.283940131 0.275853398 0.288221282 0.288610010 0.268059167 0.338460205 0.295135228 0.284019983 0.512576632 
17     0.145896509 0.111671182 0.102979298 0.000000000 0.145504285 0.176832012 0.169739362 0.149071371 0.154881695 0.182760552 0.167465403 0.168797947 0.161968763 0.158609298 0.189265447 0.238583227 0.291040210 0.296371327 0.284905464 0.284255449 0.288771487 0.269978884 0.260591253 0.258944366 0.297346816 0.363824272 0.355821905 0.360879104 0.380893272 0.382086068 0.265164719 0.280868115 0.305276498 0.302782205 0.313418733 0.312103553 0.311518768 0.314290400 0.295799430 0.325083615 0.293227074 0.249917720 0.287306709 0.281790327 0.292699922 0.293012869 0.272287788 0.341428701 0.301161159 0.286543616 0.518734702 
8     0.151902553 0.159341185 0.148048276 0.145504285 0.000000000 0.148788885 0.141376038 0.123186588 0.128423121 0.168161041 0.170183580 0.172840907 0.167043370 0.161786729 0.196377944 0.247108106 0.299698740 0.303425810 0.294214182 0.292292896 0.298135062 0.278682058 0.266978751 0.264703451 0.301977178 0.369382317 0.361173625 0.364629278 0.390915395 0.390782204 0.272803878 0.290471585 0.312398028 0.312562595 0.320767014 0.317309549 0.319740233 0.321624700 0.302551052 0.334995530 0.300663470 0.258009598 0.291153593 0.285795065 0.299113884 0.299916129 0.281251190 0.348849523 0.307548354 0.293900869 0.522812828 
16     0.183368191 0.190314333 0.180791245 0.176832012 0.148788885 0.000000000 0.177333871 0.155055171 0.163711854 0.200940829 0.201501104 0.205121032 0.201575896 0.196321178 0.227086169 0.274704620 0.326353822 0.334092430 0.319899084 0.318892015 0.324743624 0.306078595 0.295025206 0.293666096 0.333720366 0.397121888 0.388238826 0.392594621 0.417053325 0.416617716 0.303004254 0.316822785 0.341699493 0.340382763 0.349541228 0.347357277 0.349757958 0.352886851 0.334148613 0.365579686 0.331962863 0.286875767 0.320146995 0.314523691 0.331166663 0.331967620 0.312833256 0.378401425 0.338708653 0.324726180 0.549059225 
18     0.171472871 0.183099945 0.169961695 0.169739362 0.141376038 0.177333871 0.000000000 0.079613755 0.135008255 0.187262072 0.193052712 0.196083104 0.190354615 0.186360264 0.219162635 0.263027194 0.314455224 0.319526014 0.308779781 0.305550996 0.311692929 0.292515334 0.283197667 0.281811593 0.320864706 0.388572857 0.380246021 0.383336247 0.403488912 0.404943027 0.289486467 0.308156962 0.329443153 0.329872026 0.338546628 0.334409806 0.339169023 0.341922692 0.321077959 0.353794752 0.319542152 0.275034649 0.308874446 0.305194108 0.315858954 0.316908373 0.297870663 0.368551296 0.327370961 0.313687778 0.537011582 
7     0.152380267 0.161077123 0.150568395 0.149071371 0.123186588 0.155055171 0.079613755 0.000000000 0.113876823 0.169437505 0.171248933 0.175189742 0.172356076 0.166701558 0.201152287 0.243205030 0.296626273 0.301432895 0.287839611 0.286067875 0.292253821 0.276446789 0.266692567 0.263442390 0.302397051 0.367012045 0.359196173 0.362413738 0.385259227 0.386103798 0.271677044 0.289425342 0.310599701 0.310598314 0.319036389 0.314893800 0.318023471 0.320953814 0.300677291 0.331402064 0.298706958 0.254295633 0.287729271 0.284916278 0.294572233 0.296670892 0.278142059 0.348620380 0.309314395 0.295418780 0.518126982 
2     0.160362422 0.167116430 0.156682445 0.154881695 0.128423121 0.163711854 0.135008255 0.113876823 0.000000000 0.174359076 0.177473866 0.180334331 0.177494013 0.171606291 0.206923697 0.254919735 0.307267713 0.313676083 0.301714436 0.298476947 0.304636550 0.287119010 0.274942410 0.272666693 0.312605535 0.375559870 0.367152032 0.370144352 0.395059895 0.394845624 0.281330581 0.299633127 0.322177149 0.319292160 0.325994641 0.325533177 0.328957797 0.331550586 0.310525968 0.342699302 0.308308028 0.266170386 0.296366741 0.293484246 0.307751561 0.307485513 0.288702497 0.358742969 0.317747007 0.304211905 0.530652223 
15     0.183875182 0.192914947 0.183385503 0.182760552 0.168161041 0.200940829 0.187262072 0.169437505 0.174359076 0.000000000 0.203661896 0.204525972 0.203740822 0.199670489 0.227850528 0.279572009 0.328556867 0.335604629 0.323788308 0.322525082 0.328148897 0.309452049 0.297273902 0.296125726 0.331758259 0.401695626 0.395212588 0.396963523 0.421217372 0.422152322 0.306692564 0.324868432 0.345214983 0.345303373 0.353459606 0.353469941 0.353509121 0.356587709 0.338083831 0.368272452 0.334542483 0.289717923 0.326260803 0.321178502 0.334145605 0.334431602 0.314347451 0.380239692 0.342412040 0.329644990 0.555429415 
20     0.173033219 0.179207133 0.170386403 0.167465403 0.170183580 0.201501104 0.193052712 0.171248933 0.177473866 0.203661896 0.000000000 0.153050099 0.188928577 0.183579611 0.212624048 0.263038932 0.314863367 0.318474824 0.310090464 0.307112366 0.312532462 0.294528036 0.284579125 0.279892026 0.320960158 0.386630779 0.378499709 0.382536365 0.401891882 0.403202585 0.288145899 0.305868720 0.325547353 0.324197432 0.334763600 0.332039357 0.333649671 0.335225243 0.317674617 0.346866341 0.311847296 0.271950075 0.303074994 0.300176787 0.316696932 0.316122547 0.295936993 0.360226797 0.324225998 0.309347070 0.533505495 
25     0.175700542 0.179122705 0.168576603 0.168797947 0.172840907 0.205121032 0.196083104 0.175189742 0.180334331 0.204525972 0.153050099 0.000000000 0.191229080 0.186341218 0.214464973 0.263071250 0.317041624 0.323453350 0.310733735 0.308359227 0.312363591 0.297224676 0.285484173 0.282819766 0.322457717 0.387332828 0.380540488 0.383608188 0.407156314 0.409505885 0.294163495 0.309878031 0.331682709 0.330256852 0.339532932 0.340702544 0.340113982 0.341917340 0.321933922 0.354882049 0.319859993 0.277126943 0.310918558 0.306556265 0.319505792 0.318764236 0.300242315 0.369244553 0.328522854 0.313705997 0.542114701 
27     0.166377072 0.177946551 0.165348570 0.161968763 0.167043370 0.201575896 0.190354615 0.172356076 0.177494013 0.203740822 0.188928577 0.191229080 0.000000000 0.034671622 0.186117565 0.235436925 0.291247967 0.295342465 0.285282891 0.279591799 0.284821696 0.263325016 0.253911236 0.250480173 0.286912633 0.356102839 0.347728636 0.351799697 0.376086245 0.376023174 0.257612491 0.278132670 0.301374240 0.300940046 0.312871954 0.309258689 0.311666568 0.314292645 0.294388554 0.323631627 0.289661235 0.247556211 0.284071943 0.281088855 0.288925497 0.285119675 0.266372310 0.333677215 0.298992362 0.287778252 0.508417286 
21     0.162523625 0.173947907 0.163132772 0.158609298 0.161786729 0.196321178 0.186360264 0.166701558 0.171606291 0.199670489 0.183579611 0.186341218 0.034671622 0.000000000 0.182429435 0.231113590 0.286895303 0.290350737 0.280668547 0.275552646 0.280771289 0.258419802 0.250681545 0.247579859 0.284229752 0.354329465 0.345479775 0.350029508 0.373613365 0.374421771 0.255442039 0.275945245 0.297732298 0.298302623 0.309052542 0.305097789 0.307803873 0.310544774 0.289998709 0.318875582 0.285911968 0.244384207 0.280071845 0.278157306 0.286812872 0.282626852 0.264825761 0.331382424 0.296509692 0.284453532 0.504890451 
5     0.192208203 0.196463606 0.185143659 0.189265447 0.196377944 0.227086169 0.219162635 0.201152287 0.206923697 0.227850528 0.212624048 0.214464973 0.186117565 0.182429435 0.000000000 0.245806218 0.298754936 0.307825887 0.297090804 0.292501857 0.297993146 0.276665615 0.269338809 0.266759994 0.299119741 0.371844525 0.363375332 0.368034500 0.390169525 0.390957438 0.273947447 0.291539550 0.315897476 0.315133890 0.320429022 0.321495393 0.322759790 0.324445909 0.304729778 0.338862906 0.300080446 0.258283913 0.292854571 0.288829719 0.300478115 0.300053410 0.278847121 0.346645839 0.311527058 0.299553084 0.523736698 
11     0.237086749 0.247874652 0.237380937 0.238583227 0.247108106 0.274704620 0.263027194 0.243205030 0.254919735 0.279572009 0.263038932 0.263071250 0.235436925 0.231113590 0.245806218 0.000000000 0.177824617 0.211581799 0.199828190 0.197003265 0.201834664 0.244772376 0.239946312 0.236337566 0.268783538 0.329178520 0.320362641 0.326646518 0.346833176 0.348737720 0.233660250 0.254624363 0.277299563 0.271695444 0.278734559 0.278747582 0.281412702 0.283159141 0.265788863 0.298199544 0.261292883 0.219669091 0.251980795 0.250972897 0.260215562 0.261375632 0.240046359 0.311977879 0.268710603 0.256473039 0.482248296 
28     0.291323478 0.299685909 0.289727101 0.291040210 0.299698740 0.326353822 0.314455224 0.296626273 0.307267713 0.328556867 0.314863367 0.317041624 0.291247967 0.286895303 0.298754936 0.177824617 0.000000000 0.263348608 0.250618137 0.248542883 0.252466788 0.296607890 0.289098262 0.286613604 0.322690595 0.384954879 0.378823134 0.382558031 0.400470061 0.400336811 0.286625796 0.304469017 0.329169393 0.326012395 0.329208179 0.328390619 0.330383230 0.332114999 0.313711067 0.346784905 0.312056724 0.268332285 0.302960406 0.302422048 0.314008519 0.316368104 0.295397691 0.360177423 0.320616133 0.310168364 0.539750165 
23     0.295648390 0.307558149 0.294684011 0.296371327 0.303425810 0.334092430 0.319526014 0.301432895 0.313676083 0.335604629 0.318474824 0.323453350 0.295342465 0.290350737 0.307825887 0.211581799 0.263348608 0.000000000 0.169019453 0.197920062 0.205398868 0.302073624 0.290231041 0.287984309 0.327737775 0.392821975 0.384924157 0.389440579 0.406788753 0.407697444 0.298517666 0.311212436 0.337709811 0.332211466 0.340396098 0.336634522 0.339654442 0.341754179 0.322171327 0.356170075 0.324374030 0.277209462 0.312784292 0.312328624 0.322303901 0.322887609 0.299607339 0.371906818 0.329828794 0.316946030 0.539751381 
3     0.283478664 0.295810845 0.284566100 0.284905464 0.294214182 0.319899084 0.308779781 0.287839611 0.301714436 0.323788308 0.310090464 0.310733735 0.285282891 0.280668547 0.297090804 0.199828190 0.250618137 0.169019453 0.000000000 0.182681667 0.189504337 0.292314058 0.281145801 0.277458812 0.315968094 0.382624469 0.374709375 0.379679917 0.399389276 0.400060863 0.287046998 0.299397294 0.329141044 0.324528852 0.329994258 0.329433770 0.330237148 0.331554879 0.313094323 0.347273575 0.316351043 0.268351787 0.304729006 0.303492240 0.315383130 0.316406117 0.292463265 0.365265682 0.321953283 0.309543536 0.535632902 
22     0.282062039 0.294282823 0.282999869 0.284255449 0.292292896 0.318892015 0.305550996 0.286067875 0.298476947 0.322525082 0.307112366 0.308359227 0.279591799 0.275552646 0.292501857 0.197003265 0.248542883 0.197920062 0.182681667 0.000000000 0.067411407 0.289128143 0.279570780 0.273958752 0.311226781 0.381687154 0.372081939 0.376782597 0.398437096 0.397734552 0.290232482 0.303131100 0.329613779 0.323054898 0.329819758 0.330480864 0.331456459 0.332354662 0.314729953 0.349835786 0.309253019 0.267611407 0.301919711 0.302747453 0.310217067 0.310025573 0.290163785 0.359008288 0.319048100 0.309301961 0.530996832 
4     0.285576675 0.299057795 0.288173666 0.288771487 0.298135062 0.324743624 0.311692929 0.292253821 0.304636550 0.328148897 0.312532462 0.312363591 0.284821696 0.280771289 0.297993146 0.201834664 0.252466788 0.205398868 0.189504337 0.067411407 0.000000000 0.295140478 0.285752047 0.281126567 0.318574020 0.385931757 0.376974005 0.381251493 0.405488129 0.405401320 0.295656146 0.308644257 0.335279410 0.329002134 0.336096618 0.336787358 0.338125143 0.338755780 0.321118996 0.355712912 0.314882893 0.274373634 0.308539969 0.308966619 0.316681613 0.317966899 0.297106405 0.364415702 0.326637948 0.316227872 0.534677646 
19     0.275130417 0.279783055 0.268014289 0.269978884 0.278682058 0.306078595 0.292515334 0.276446789 0.287119010 0.309452049 0.294528036 0.297224676 0.263325016 0.258419802 0.276665615 0.244772376 0.296607890 0.302073624 0.292314058 0.289128143 0.295140478 0.000000000 0.143935587 0.140398442 0.241653097 0.362922589 0.354846492 0.360325875 0.378248278 0.378433846 0.263823442 0.282736147 0.305576039 0.305934584 0.311978363 0.310030450 0.307814642 0.310292888 0.292562972 0.327739699 0.289561476 0.253958187 0.283662459 0.282725046 0.293299105 0.290841443 0.269603207 0.340333857 0.302474722 0.291118540 0.509655191 
1     0.262005519 0.269017504 0.256255103 0.260591253 0.266978751 0.295025206 0.283197667 0.266692567 0.274942410 0.297273902 0.284579125 0.285484173 0.253911236 0.250681545 0.269338809 0.239946312 0.289098262 0.290231041 0.281145801 0.279570780 0.285752047 0.143935587 0.000000000 0.085352145 0.233748011 0.352689982 0.343776295 0.350826275 0.367134592 0.366249405 0.255280790 0.274233974 0.297639002 0.298605881 0.307840548 0.307120660 0.305014055 0.308179632 0.287563789 0.325197579 0.284398444 0.246271040 0.273709248 0.273519133 0.286114069 0.283530492 0.262806632 0.332113781 0.293961133 0.280451802 0.506374917 
14     0.258590942 0.267768568 0.256138935 0.258944366 0.264703451 0.293666096 0.281811593 0.263442390 0.272666693 0.296125726 0.279892026 0.282819766 0.250480173 0.247579859 0.266759994 0.236337566 0.286613604 0.287984309 0.277458812 0.273958752 0.281126567 0.140398442 0.085352145 0.000000000 0.230012072 0.349783074 0.341837895 0.348468451 0.362312618 0.361881915 0.251698931 0.270263232 0.295010571 0.294848944 0.302967603 0.301566955 0.300511489 0.303602848 0.283221700 0.319017673 0.280208017 0.240450086 0.269762629 0.269386092 0.280734899 0.276930723 0.257842096 0.327908875 0.289778367 0.277786810 0.501225354 
13     0.296876807 0.306889250 0.293807765 0.297346816 0.301977178 0.333720366 0.320864706 0.302397051 0.312605535 0.331758259 0.320960158 0.322457717 0.286912633 0.284229752 0.299119741 0.268783538 0.322690595 0.327737775 0.315968094 0.311226781 0.318574020 0.241653097 0.233748011 0.230012072 0.000000000 0.383699826 0.373621636 0.380502888 0.399788086 0.399550366 0.289981160 0.309031079 0.331594695 0.332105704 0.337081559 0.333592911 0.334725370 0.338262304 0.318177359 0.357731721 0.314867035 0.274720218 0.302942786 0.301777789 0.315492851 0.314129013 0.289185004 0.362318697 0.326617259 0.314787431 0.538403755 
10     0.360431643 0.372028693 0.358617948 0.363824272 0.369382317 0.397121888 0.388572857 0.367012045 0.375559870 0.401695626 0.386630779 0.387332828 0.356102839 0.354329465 0.371844525 0.329178520 0.384954879 0.392821975 0.382624469 0.381687154 0.385931757 0.362922589 0.352689982 0.349783074 0.383699826 0.000000000 0.100944528 0.113813056 0.457978000 0.460427224 0.347437381 0.359536959 0.388565282 0.381724706 0.391859701 0.392575377 0.390759760 0.392641696 0.372678002 0.407534371 0.372139570 0.329933436 0.363089290 0.359685847 0.373987621 0.375365638 0.346860633 0.417211073 0.384569030 0.369162702 0.591195513 
12     0.352544496 0.364394586 0.350640645 0.355821905 0.361173625 0.388238826 0.380246021 0.359196173 0.367152032 0.395212588 0.378499709 0.380540488 0.347728636 0.345479775 0.363375332 0.320362641 0.378823134 0.384924157 0.374709375 0.372081939 0.376974005 0.354846492 0.343776295 0.341837895 0.373621636 0.100944528 0.000000000 0.114791414 0.452979454 0.454987213 0.343864083 0.354338098 0.383286180 0.375637804 0.384236895 0.382619987 0.381022795 0.382102245 0.362948746 0.397121663 0.364985788 0.321719442 0.355273070 0.353290539 0.367382848 0.368476176 0.340092341 0.410312799 0.376716671 0.361379743 0.583886154 
9     0.356228654 0.369214089 0.355389141 0.360879104 0.364629278 0.392594621 0.383336247 0.362413738 0.370144352 0.396963523 0.382536365 0.383608188 0.351799697 0.350029508 0.368034500 0.326646518 0.382558031 0.389440579 0.379679917 0.376782597 0.381251493 0.360325875 0.350826275 0.348468451 0.380502888 0.113813056 0.114791414 0.000000000 0.453613553 0.456793557 0.345956941 0.358269501 0.386279236 0.380653115 0.389891244 0.387304257 0.386949044 0.388346511 0.369254623 0.403783719 0.369637525 0.328072788 0.361730297 0.359552111 0.371585458 0.372601614 0.343674088 0.416543006 0.382533890 0.366625770 0.589586275 
37     0.379908179 0.389091906 0.373620469 0.380893272 0.390915395 0.417053325 0.403488912 0.385259227 0.395059895 0.421217372 0.401891882 0.407156314 0.376086245 0.373613365 0.390169525 0.346833176 0.400470061 0.406788753 0.399389276 0.398437096 0.405488129 0.378248278 0.367134592 0.362312618 0.399788086 0.457978000 0.452979454 0.453613553 0.000000000 0.092621991 0.307325776 0.322042842 0.349525483 0.341669450 0.380492676 0.377614102 0.376106916 0.377993195 0.361661855 0.394638169 0.363808054 0.320869898 0.351040859 0.350556019 0.367625621 0.364810723 0.342785240 0.407904584 0.375109197 0.363199093 0.592685048 
38     0.379304364 0.389935817 0.374468083 0.382086068 0.390782204 0.416617716 0.404943027 0.386103798 0.394845624 0.422152322 0.403202585 0.409505885 0.376023174 0.374421771 0.390957438 0.348737720 0.400336811 0.407697444 0.400060863 0.397734552 0.405401320 0.378433846 0.366249405 0.361881915 0.399550366 0.460427224 0.454987213 0.456793557 0.092621991 0.000000000 0.307148678 0.321158620 0.348649638 0.342544415 0.380672497 0.378271643 0.375660677 0.377384156 0.361992490 0.394137526 0.363809514 0.320370464 0.350556741 0.350632662 0.366502995 0.364024440 0.342532959 0.408312533 0.376590830 0.364200938 0.591996053 
33     0.268635963 0.275533330 0.263713311 0.265164719 0.272803878 0.303004254 0.289486467 0.271677044 0.281330581 0.306692564 0.288145899 0.294163495 0.257612491 0.255442039 0.273947447 0.233660250 0.286625796 0.298517666 0.287046998 0.290232482 0.295656146 0.263823442 0.255280790 0.251698931 0.289981160 0.347437381 0.343864083 0.345956941 0.307325776 0.307148678 0.000000000 0.133006328 0.217363996 0.231042569 0.267450423 0.267040873 0.269103153 0.271713825 0.252441218 0.285718760 0.251352735 0.207126937 0.241744956 0.238142580 0.254332601 0.255246322 0.232151859 0.298711882 0.266810678 0.256167753 0.483401233 
49     0.286029003 0.290991349 0.278407812 0.280868115 0.290471585 0.316822785 0.308156962 0.289425342 0.299633127 0.324868432 0.305868720 0.309878031 0.278132670 0.275945245 0.291539550 0.254624363 0.304469017 0.311212436 0.299397294 0.303131100 0.308644257 0.282736147 0.274233974 0.270263232 0.309031079 0.359536959 0.354338098 0.358269501 0.322042842 0.321158620 0.133006328 0.000000000 0.236829088 0.248727889 0.286881564 0.282166837 0.284787276 0.287830466 0.269322080 0.301718380 0.266188751 0.224981853 0.259360769 0.256020165 0.269832787 0.269338104 0.247246127 0.312587432 0.282490216 0.269459005 0.496417952 
46     0.308122493 0.315318512 0.302894720 0.305276498 0.312398028 0.341699493 0.329443153 0.310599701 0.322177149 0.345214983 0.325547353 0.331682709 0.301374240 0.297732298 0.315897476 0.277299563 0.329169393 0.337709811 0.329141044 0.329613779 0.335279410 0.305576039 0.297639002 0.295010571 0.331594695 0.388565282 0.383286180 0.386279236 0.349525483 0.348649638 0.217363996 0.236829088 0.000000000 0.268801546 0.313808988 0.313892759 0.313912206 0.317864704 0.297129858 0.328577251 0.293424595 0.252272723 0.284266472 0.281387220 0.297724300 0.298601052 0.276310550 0.342809866 0.310070574 0.298386376 0.528976991 
29     0.304311079 0.304452592 0.297768440 0.302782205 0.312562595 0.340382763 0.329872026 0.310598314 0.319292160 0.345303373 0.324197432 0.330256852 0.300940046 0.298302623 0.315133890 0.271695444 0.326012395 0.332211466 0.324528852 0.323054898 0.329002134 0.305934584 0.298605881 0.294848944 0.332105704 0.381724706 0.375637804 0.380653115 0.341669450 0.342544415 0.231042569 0.248727889 0.268801546 0.000000000 0.306093661 0.304075372 0.305950166 0.308444168 0.289242475 0.325274109 0.288886490 0.248486170 0.279712800 0.276939762 0.289208002 0.287482639 0.266371711 0.337540407 0.301702439 0.291009647 0.506079758 
48     0.313685699 0.319228472 0.307600373 0.313418733 0.320767014 0.349541228 0.338546628 0.319036389 0.325994641 0.353459606 0.334763600 0.339532932 0.312871954 0.309052542 0.320429022 0.278734559 0.329208179 0.340396098 0.329994258 0.329819758 0.336096618 0.311978363 0.307840548 0.302967603 0.337081559 0.391859701 0.384236895 0.389891244 0.380492676 0.380672497 0.267450423 0.286881564 0.313808988 0.306093661 0.000000000 0.174644089 0.200756605 0.204128053 0.183003007 0.217289290 0.248144872 0.204974231 0.257701155 0.250450199 0.290775299 0.287632183 0.268107851 0.335919638 0.307273619 0.294063309 0.533757120 
44     0.312080670 0.318151836 0.306534600 0.312103553 0.317309549 0.347357277 0.334409806 0.314893800 0.325533177 0.353469941 0.332039357 0.340702544 0.309258689 0.305097789 0.321495393 0.278747582 0.328390619 0.336634522 0.329433770 0.330480864 0.336787358 0.310030450 0.307120660 0.301566955 0.333592911 0.392575377 0.382619987 0.387304257 0.377614102 0.378271643 0.267040873 0.282166837 0.313892759 0.304075372 0.174644089 0.000000000 0.199285371 0.202362308 0.179331831 0.217472246 0.244593106 0.202980231 0.254752008 0.250051299 0.288311471 0.287500177 0.265792544 0.332299894 0.306530745 0.292874032 0.529296018 
34     0.315634267 0.321402747 0.309498576 0.311518768 0.319740233 0.349757958 0.339169023 0.318023471 0.328957797 0.353509121 0.333649671 0.340113982 0.311666568 0.307803873 0.322759790 0.281412702 0.330383230 0.339654442 0.330237148 0.331456459 0.338125143 0.307814642 0.305014055 0.300511489 0.334725370 0.390759760 0.381022795 0.386949044 0.376106916 0.375660677 0.269103153 0.284787276 0.313912206 0.305950166 0.200756605 0.199285371 0.000000000 0.039805840 0.102333854 0.200731717 0.245853624 0.201080392 0.254169812 0.248102662 0.291466131 0.290047028 0.268271265 0.335541481 0.305583395 0.295179368 0.527646042 
45     0.317209197 0.324206841 0.312764871 0.314290400 0.321624700 0.352886851 0.341922692 0.320953814 0.331550586 0.356587709 0.335225243 0.341917340 0.314292645 0.310544774 0.324445909 0.283159141 0.332114999 0.341754179 0.331554879 0.332354662 0.338755780 0.310292888 0.308179632 0.303602848 0.338262304 0.392641696 0.382102245 0.388346511 0.377993195 0.377384156 0.271713825 0.287830466 0.317864704 0.308444168 0.204128053 0.202362308 0.039805840 0.000000000 0.105960429 0.204065902 0.248987867 0.204908463 0.257951597 0.251024692 0.294601992 0.292774430 0.268974993 0.338654738 0.308100635 0.297254024 0.530420073 
35     0.298300387 0.303193636 0.292618262 0.295799430 0.302551052 0.334148613 0.321077959 0.300677291 0.310525968 0.338083831 0.317674617 0.321933922 0.294388554 0.289998709 0.304729778 0.265788863 0.313711067 0.322171327 0.313094323 0.314729953 0.321118996 0.292562972 0.287563789 0.283221700 0.318177359 0.372678002 0.362948746 0.369254623 0.361661855 0.361992490 0.252441218 0.269322080 0.297129858 0.289242475 0.183003007 0.179331831 0.102333854 0.105960429 0.000000000 0.185132260 0.224039729 0.182845379 0.236847442 0.232453680 0.274596657 0.271730132 0.251347951 0.318980899 0.288859084 0.277177356 0.515195688 
39     0.331494051 0.337316132 0.322619318 0.325083615 0.334995530 0.365579686 0.353794752 0.331402064 0.342699302 0.368272452 0.346866341 0.354882049 0.323631627 0.318875582 0.338862906 0.298199544 0.346784905 0.356170075 0.347273575 0.349835786 0.355712912 0.327739699 0.325197579 0.319017673 0.357731721 0.407534371 0.397121663 0.403783719 0.394638169 0.394137526 0.285718760 0.301718380 0.328577251 0.325274109 0.217289290 0.217472246 0.200731717 0.204065902 0.185132260 0.000000000 0.262219574 0.220349700 0.276207487 0.268765290 0.311073586 0.307151223 0.282387848 0.352332869 0.318184966 0.307368953 0.544544365 
40     0.293832526 0.300661115 0.289954186 0.293227074 0.300663470 0.331962863 0.319542152 0.298706958 0.308308028 0.334542483 0.311847296 0.319859993 0.289661235 0.285911968 0.300080446 0.261292883 0.312056724 0.324374030 0.316351043 0.309253019 0.314882893 0.289561476 0.284398444 0.280208017 0.314867035 0.372139570 0.364985788 0.369637525 0.363808054 0.363809514 0.251352735 0.266188751 0.293424595 0.288886490 0.248144872 0.244593106 0.245853624 0.248987867 0.224039729 0.262219574 0.000000000 0.172142105 0.235302545 0.233404608 0.269708125 0.272130211 0.246244880 0.313923647 0.290174268 0.277006348 0.504048772 
31     0.249889090 0.258209694 0.246425162 0.249917720 0.258009598 0.286875767 0.275034649 0.254295633 0.266170386 0.289717923 0.271950075 0.277126943 0.247556211 0.244384207 0.258283913 0.219669091 0.268332285 0.277209462 0.268351787 0.267611407 0.274373634 0.253958187 0.246271040 0.240450086 0.274720218 0.329933436 0.321719442 0.328072788 0.320869898 0.320370464 0.207126937 0.224981853 0.252272723 0.248486170 0.204974231 0.202980231 0.201080392 0.204908463 0.182845379 0.220349700 0.172142105 0.000000000 0.193322472 0.190026779 0.229501992 0.232370642 0.206346947 0.271351764 0.245712186 0.235778990 0.463222163 
50     0.286784025 0.294220404 0.283940131 0.287306709 0.291153593 0.320146995 0.308874446 0.287729271 0.296366741 0.326260803 0.303074994 0.310918558 0.284071943 0.280071845 0.292854571 0.251980795 0.302960406 0.312784292 0.304729006 0.301919711 0.308539969 0.283662459 0.273709248 0.269762629 0.302942786 0.363089290 0.355273070 0.361730297 0.351040859 0.350556741 0.241744956 0.259360769 0.284266472 0.279712800 0.257701155 0.254752008 0.254169812 0.257951597 0.236847442 0.276207487 0.235302545 0.193322472 0.000000000 0.156287440 0.259883644 0.262163503 0.238334764 0.308579480 0.279539479 0.268056436 0.502985562 
47     0.282506226 0.289687390 0.275853398 0.281790327 0.285795065 0.314523691 0.305194108 0.284916278 0.293484246 0.321178502 0.300176787 0.306556265 0.281088855 0.278157306 0.288829719 0.250972897 0.302422048 0.312328624 0.303492240 0.302747453 0.308966619 0.282725046 0.273519133 0.269386092 0.301777789 0.359685847 0.353290539 0.359552111 0.350556019 0.350632662 0.238142580 0.256020165 0.281387220 0.276939762 0.250450199 0.250051299 0.248102662 0.251024692 0.232453680 0.268765290 0.233404608 0.190026779 0.156287440 0.000000000 0.261902997 0.263557289 0.238148567 0.306958682 0.279927864 0.264307324 0.500985739 
30     0.293528622 0.298880999 0.288221282 0.292699922 0.299113884 0.331166663 0.315858954 0.294572233 0.307751561 0.334145605 0.316696932 0.319505792 0.288925497 0.286812872 0.300478115 0.260215562 0.314008519 0.322303901 0.315383130 0.310217067 0.316681613 0.293299105 0.286114069 0.280734899 0.315492851 0.373987621 0.367382848 0.371585458 0.367625621 0.366502995 0.254332601 0.269832787 0.297724300 0.289208002 0.290775299 0.288311471 0.291466131 0.294601992 0.274596657 0.311073586 0.269708125 0.229501992 0.259883644 0.261902997 0.000000000 0.105946735 0.146067615 0.276375035 0.292687183 0.281427538 0.504326505 
32     0.292795158 0.299170622 0.288610010 0.293012869 0.299916129 0.331967620 0.316908373 0.296670892 0.307485513 0.334431602 0.316122547 0.318764236 0.285119675 0.282626852 0.300053410 0.261375632 0.316368104 0.322887609 0.316406117 0.310025573 0.317966899 0.290841443 0.283530492 0.276930723 0.314129013 0.375365638 0.368476176 0.372601614 0.364810723 0.364024440 0.255246322 0.269338104 0.298601052 0.287482639 0.287632183 0.287500177 0.290047028 0.292774430 0.271730132 0.307151223 0.272130211 0.232370642 0.262163503 0.263557289 0.105946735 0.000000000 0.147278091 0.280078086 0.291092365 0.278956906 0.504817806 
41     0.272675884 0.281154571 0.268059167 0.272287788 0.281251190 0.312833256 0.297870663 0.278142059 0.288702497 0.314347451 0.295936993 0.300242315 0.266372310 0.264825761 0.278847121 0.240046359 0.295397691 0.299607339 0.292463265 0.290163785 0.297106405 0.269603207 0.262806632 0.257842096 0.289185004 0.346860633 0.340092341 0.343674088 0.342785240 0.342532959 0.232151859 0.247246127 0.276310550 0.266371711 0.268107851 0.265792544 0.268271265 0.268974993 0.251347951 0.282387848 0.246244880 0.206346947 0.238334764 0.238148567 0.146067615 0.147278091 0.000000000 0.256108681 0.268168699 0.257317744 0.480162198 
42     0.343830506 0.349261850 0.338460205 0.341428701 0.348849523 0.378401425 0.368551296 0.348620380 0.358742969 0.380239692 0.360226797 0.369244553 0.333677215 0.331382424 0.346645839 0.311977879 0.360177423 0.371906818 0.365265682 0.359008288 0.364415702 0.340333857 0.332113781 0.327908875 0.362318697 0.417211073 0.410312799 0.416543006 0.407904584 0.408312533 0.298711882 0.312587432 0.342809866 0.337540407 0.335919638 0.332299894 0.335541481 0.338654738 0.318980899 0.352332869 0.313923647 0.271351764 0.308579480 0.306958682 0.276375035 0.280078086 0.256108681 0.000000000 0.336943545 0.326609152 0.553454405 
36     0.301579927 0.307582308 0.295135228 0.301161159 0.307548354 0.338708653 0.327370961 0.309314395 0.317747007 0.342412040 0.324225998 0.328522854 0.298992362 0.296509692 0.311527058 0.268710603 0.320616133 0.329828794 0.321953283 0.319048100 0.326637948 0.302474722 0.293961133 0.289778367 0.326617259 0.384569030 0.376716671 0.382533890 0.375109197 0.376590830 0.266810678 0.282490216 0.310070574 0.301702439 0.307273619 0.306530745 0.305583395 0.308100635 0.288859084 0.318184966 0.290174268 0.245712186 0.279539479 0.279927864 0.292687183 0.291092365 0.268168699 0.336943545 0.000000000 0.193196744 0.517048591 
43     0.289244841 0.296112660 0.284019983 0.286543616 0.293900869 0.324726180 0.313687778 0.295418780 0.304211905 0.329644990 0.309347070 0.313705997 0.287778252 0.284453532 0.299553084 0.256473039 0.310168364 0.316946030 0.309543536 0.309301961 0.316227872 0.291118540 0.280451802 0.277786810 0.314787431 0.369162702 0.361379743 0.366625770 0.363199093 0.364200938 0.256167753 0.269459005 0.298386376 0.291009647 0.294063309 0.292874032 0.295179368 0.297254024 0.277177356 0.307368953 0.277006348 0.235778990 0.268056436 0.264307324 0.281427538 0.278956906 0.257317744 0.326609152 0.193196744 0.000000000 0.496773692 
0     0.515165482 0.518010017 0.512576632 0.518734702 0.522812828 0.549059225 0.537011582 0.518126982 0.530652223 0.555429415 0.533505495 0.542114701 0.508417286 0.504890451 0.523736698 0.482248296 0.539750165 0.539751381 0.535632902 0.530996832 0.534677646 0.509655191 0.506374917 0.501225354 0.538403755 0.591195513 0.583886154 0.589586275 0.592685048 0.591996053 0.483401233 0.496417952 0.528976991 0.506079758 0.533757120 0.529296018 0.527646042 0.530420073 0.515195688 0.544544365 0.504048772 0.463222163 0.502985562 0.500985739 0.504326505 0.504817806 0.480162198 0.553454405 0.517048591 0.496773692 0.000000000 
