51
33     0.000000000 0.236901728 0.214056678 0.246224111 0.251123811 0.345352806 0.343399798 0.348888744 0.348358671 0.391387317 0.385883158 0.394862717 0.383589800 0.381800396 0.391056877 0.390860738 0.392222960 0.416329838 0.385816608 0.386814822 0.388014030 0.375002594 0.375299458 0.371850003 0.370183923 0.371953459 0.362843478 0.368386327 0.414242683 0.384684749 0.371843139 0.402859455 0.379006159 0.395623022 0.405613866 0.408547541 0.401557680 0.401610905 0.419933935 0.426246749 0.418364237 0.438815914 0.397821833 0.356082702 0.350725450 0.352560692 0.332114764 0.341748315 0.338623775 0.394981048 0.661035924 
1     0.236901728 0.000000000 0.196808985 0.262325688 0.266441199 0.356851592 0.354777686 0.359401224 0.359673666 0.402938711 0.398044069 0.406350645 0.393706886 0.391991896 0.401795568 0.401614396 0.402963678 0.428512907 0.398864732 0.399794496 0.400725604 0.387989601 0.388287966 0.384122569 0.382296575 0.384706162 0.374443294 0.380367037 0.426793009 0.395546597 0.383437455 0.413165424 0.390487134 0.407203621 0.417910029 0.421006966 0.414018167 0.414057617 0.431943743 0.438250744 0.431963345 0.452365437 0.406249778 0.367215585 0.361153540 0.363140860 0.341422704 0.351104090 0.347753557 0.405097433 0.674463284 
46     0.214056678 0.196808985 0.000000000 0.244069182 0.248558348 0.337419148 0.335346018 0.340158726 0.340410094 0.382484987 0.378091063 0.386509103 0.374449434 0.373799214 0.380822622 0.380612331 0.381988705 0.405074425 0.376054978 0.377267118 0.378117985 0.365189475 0.365471131 0.361356623 0.361303089 0.363321729 0.353194145 0.360544626 0.404739493 0.374671005 0.365065119 0.393814986 0.369763585 0.387523725 0.395509264 0.398408399 0.391904467 0.391947847 0.411599698 0.418818821 0.410650213 0.432728371 0.387483382 0.346599675 0.341852019 0.343859361 0.323609273 0.332567438 0.330096133 0.386384390 0.653944390 
28     0.246224111 0.262325688 0.244069182 0.000000000 0.057148370 0.309074662 0.306837688 0.312934143 0.313229887 0.358877967 0.354003175 0.360508325 0.347208641 0.345807419 0.354644580 0.354448441 0.355810663 0.380549689 0.350225561 0.351525802 0.352603205 0.339570078 0.339855970 0.336749888 0.335497230 0.337292677 0.327454320 0.333446062 0.380668882 0.351601400 0.337594498 0.369138273 0.342581959 0.359985860 0.372516655 0.373303487 0.367951696 0.368004921 0.386212180 0.393304368 0.384253473 0.406009650 0.359589213 0.322415262 0.318570982 0.320558648 0.298359589 0.307992055 0.305574611 0.360475495 0.632985625 
3     0.251123811 0.266441199 0.248558348 0.057148370 0.000000000 0.312957193 0.310734282 0.316903018 0.316988293 0.363013361 0.357709963 0.364636415 0.351403858 0.349961973 0.358350613 0.358154473 0.359516696 0.385552189 0.355151267 0.356329320 0.357478807 0.344381249 0.344678113 0.341343938 0.340398478 0.342158203 0.332327810 0.339001412 0.386168335 0.356389754 0.341926328 0.373668952 0.347548626 0.364465112 0.376834723 0.380306225 0.372269765 0.372322989 0.390028183 0.397337736 0.388402331 0.409938940 0.365644928 0.325647127 0.321764385 0.323742210 0.302344612 0.311998787 0.309511186 0.364045942 0.639860884 
21     0.345352806 0.356851592 0.337419148 0.309074662 0.312957193 0.000000000 0.071193448 0.167105956 0.163891892 0.316234171 0.312521101 0.319564430 0.313837807 0.311219295 0.314120132 0.314238028 0.315406340 0.357202350 0.326309287 0.326094560 0.328871653 0.316526418 0.316582013 0.313626650 0.309951571 0.312257962 0.301973038 0.308511708 0.360732459 0.328557024 0.319252786 0.346575905 0.320493407 0.339031579 0.348677593 0.351357068 0.343060822 0.343094580 0.362000584 0.368557540 0.357488606 0.377947215 0.346775127 0.307462231 0.300091711 0.302966961 0.281676170 0.291416063 0.292107432 0.348140227 0.624721607 
42     0.343399798 0.354777686 0.335346018 0.306837688 0.310734282 0.071193448 0.000000000 0.164385077 0.161757403 0.314615460 0.309865246 0.316941850 0.310561267 0.307945883 0.310859313 0.310973189 0.312141502 0.354614480 0.323544899 0.323614451 0.326202087 0.313982976 0.314146139 0.311058237 0.308568394 0.310920929 0.300490496 0.307197888 0.357230999 0.325466006 0.316312598 0.342859684 0.317999436 0.336087411 0.345390531 0.347967026 0.339641892 0.339652100 0.357679307 0.364275439 0.354704022 0.376619956 0.343746868 0.304751327 0.297124208 0.300165382 0.277505373 0.287518849 0.288845678 0.346406375 0.621291156 
13     0.348888744 0.359401224 0.340158726 0.312934143 0.316903018 0.167105956 0.164385077 0.000000000 0.070559981 0.320737779 0.316856636 0.323625647 0.317718598 0.314992019 0.317092720 0.316981688 0.318262479 0.359675498 0.329871735 0.329630858 0.331151794 0.318729007 0.318946868 0.315935130 0.313069505 0.315307931 0.304917326 0.311825494 0.362283805 0.330039909 0.320570081 0.346047951 0.323761524 0.341224228 0.350761465 0.353632888 0.345586162 0.344848420 0.364222012 0.371589564 0.362406934 0.384945254 0.348467473 0.308614751 0.303223511 0.305584153 0.283687402 0.293699580 0.292369694 0.354627492 0.626389767 
19     0.348358671 0.359673666 0.340410094 0.313229887 0.316988293 0.163891892 0.161757403 0.070559981 0.000000000 0.319363471 0.315274035 0.321968848 0.315869823 0.313036727 0.316124379 0.316094610 0.317316871 0.357901284 0.328003688 0.327513095 0.329539026 0.316829594 0.317092534 0.313923959 0.311544745 0.313643783 0.303047510 0.309530867 0.362179211 0.330849660 0.322431939 0.347073677 0.324673384 0.341939140 0.348752754 0.351760599 0.343742217 0.342726525 0.362577848 0.369278119 0.360907537 0.383121440 0.347343196 0.307531282 0.302238778 0.304626305 0.282477778 0.292474986 0.292838647 0.353966245 0.626357218 
12     0.391387317 0.402938711 0.382484987 0.358877967 0.363013361 0.316234171 0.314615460 0.320737779 0.319363471 0.000000000 0.076124293 0.097378507 0.329048249 0.325993433 0.329462210 0.329366634 0.330831332 0.404058793 0.372028826 0.372873478 0.373458497 0.362199298 0.362603638 0.359540649 0.355648292 0.357526170 0.345849930 0.354342281 0.404297120 0.370691564 0.361934779 0.389232169 0.364054893 0.378617877 0.390760056 0.394449916 0.385705180 0.385753347 0.403734239 0.409498259 0.402825996 0.422396663 0.394599833 0.354571527 0.345949851 0.348412317 0.327513581 0.335452241 0.336794747 0.398279561 0.667434814 
37     0.385883158 0.398044069 0.378091063 0.354003175 0.357709963 0.312521101 0.309865246 0.316856636 0.315274035 0.076124293 0.000000000 0.089094581 0.323346871 0.320500285 0.323240828 0.323157945 0.324609949 0.399973322 0.367915649 0.368279211 0.369389233 0.358253341 0.358657682 0.354922732 0.351514792 0.353455304 0.342054576 0.350311838 0.403660171 0.369557582 0.360786088 0.387592111 0.362241947 0.377044610 0.387726800 0.391440031 0.382684517 0.382732684 0.400528441 0.406501305 0.399602679 0.420072839 0.391372196 0.350937140 0.342808900 0.344953133 0.323732410 0.331804919 0.332896854 0.394566396 0.666038667 
10     0.394862717 0.406350645 0.386509103 0.360508325 0.364636415 0.319564430 0.316941850 0.323625647 0.321968848 0.097378507 0.089094581 0.000000000 0.330177077 0.327555057 0.329502465 0.329439215 0.330943807 0.404792091 0.371965592 0.372351888 0.375580259 0.363151096 0.363544591 0.360428081 0.357034138 0.359255152 0.347917323 0.355753000 0.407210894 0.374224003 0.365010091 0.392379730 0.366445882 0.381132274 0.391331456 0.395480704 0.386285638 0.386314517 0.404354373 0.410158564 0.405673295 0.426292689 0.397571637 0.357553616 0.349108111 0.351645719 0.329616494 0.338064313 0.339540278 0.400964202 0.672997370 
6     0.383589800 0.393706886 0.374449434 0.347208641 0.351403858 0.313837807 0.310561267 0.317718598 0.315869823 0.329048249 0.323346871 0.330177077 0.000000000 0.081751457 0.286403431 0.286644152 0.287524997 0.398179646 0.368509165 0.368871474 0.370289508 0.356766255 0.356874921 0.353542054 0.350295137 0.351908007 0.342486325 0.351170369 0.401317463 0.367882505 0.359930544 0.387945638 0.363519956 0.381136621 0.386026207 0.389308602 0.380653620 0.380994877 0.398969764 0.406177774 0.399693886 0.421882927 0.388387644 0.347089098 0.341094357 0.342814001 0.322170564 0.330793058 0.331341158 0.390516408 0.659790550 
31     0.381800396 0.391991896 0.373799214 0.345807419 0.349961973 0.311219295 0.307945883 0.314992019 0.313036727 0.325993433 0.320500285 0.327555057 0.081751457 0.000000000 0.283328905 0.283569627 0.284353180 0.397120104 0.366144974 0.366464908 0.368402197 0.356162900 0.356271566 0.353165819 0.348763820 0.350078796 0.340817258 0.349290570 0.398201761 0.365447820 0.357342341 0.385349711 0.361196321 0.378651085 0.383375310 0.386656496 0.377918204 0.377950085 0.395630036 0.402616323 0.397666284 0.419752004 0.386482139 0.344638831 0.338650163 0.340315005 0.319402109 0.328205267 0.329062101 0.387903386 0.658221794 
15     0.391056877 0.401795568 0.380822622 0.354644580 0.358350613 0.314120132 0.310859313 0.317092720 0.316124379 0.329462210 0.323240828 0.329502465 0.286403431 0.283328905 0.000000000 0.044033882 0.048686019 0.400336124 0.369558577 0.369036816 0.371371760 0.358456590 0.358812694 0.355248164 0.352168520 0.353658876 0.343625471 0.350652102 0.402417797 0.367447190 0.360018867 0.388097971 0.363658930 0.379370260 0.388250015 0.391716164 0.382411796 0.382439221 0.399542020 0.406008271 0.401883823 0.424452664 0.391683046 0.350865633 0.343491502 0.345649057 0.323346676 0.332127333 0.333135305 0.394840081 0.671559686 
9     0.390860738 0.401614396 0.380612331 0.354448441 0.358154473 0.314238028 0.310973189 0.316981688 0.316094610 0.329366634 0.323157945 0.329439215 0.286644152 0.283569627 0.044033882 0.000000000 0.047778406 0.400434634 0.369609756 0.369180112 0.371470118 0.358493314 0.358868577 0.355260615 0.352675644 0.353953104 0.343925244 0.351180149 0.401987946 0.367683580 0.359412458 0.387824042 0.363403840 0.379115170 0.388432630 0.391898778 0.382623335 0.382648170 0.399623896 0.406184532 0.401518689 0.424087531 0.391510407 0.350613822 0.343195488 0.345353043 0.323050662 0.331831319 0.332888486 0.394342906 0.671397402 
48     0.392222960 0.402963678 0.381988705 0.355810663 0.359516696 0.315406340 0.312141502 0.318262479 0.317316871 0.330831332 0.324609949 0.330943807 0.287524997 0.284353180 0.048686019 0.047778406 0.000000000 0.400771639 0.370086797 0.369609975 0.371883676 0.358999966 0.359356070 0.355812527 0.353633216 0.355137593 0.345149638 0.352489997 0.403917826 0.368997104 0.361477803 0.389640058 0.365245459 0.381051039 0.389711993 0.393178141 0.383835902 0.383860737 0.400928869 0.407395120 0.403103646 0.425672487 0.392848760 0.352091460 0.344641357 0.346798912 0.324432121 0.333277188 0.334554882 0.395403578 0.672675806 
29     0.416329838 0.428512907 0.405074425 0.380549689 0.385552189 0.357202350 0.354614480 0.359675498 0.357901284 0.404058793 0.399973322 0.404792091 0.398179646 0.397120104 0.400336124 0.400434634 0.400771639 0.000000000 0.227327743 0.226374925 0.229083395 0.217639395 0.218930345 0.215686395 0.315656225 0.318592462 0.310057619 0.314495603 0.430887437 0.396675036 0.387334818 0.414316827 0.387420964 0.405997923 0.417500229 0.420663523 0.411740618 0.411792604 0.430208026 0.437612558 0.430514821 0.450288341 0.415475704 0.378521232 0.370545582 0.372881052 0.350948700 0.359200101 0.360442299 0.423418582 0.698496552 
2     0.385816608 0.398864732 0.376054978 0.350225561 0.355151267 0.326309287 0.323544899 0.329871735 0.328003688 0.372028826 0.367915649 0.371965592 0.368509165 0.366144974 0.369558577 0.369609756 0.370086797 0.227327743 0.000000000 0.091820205 0.172810948 0.176821867 0.177943816 0.174062883 0.282989759 0.287334343 0.278446593 0.281424972 0.399826434 0.366019003 0.357214117 0.384215254 0.359294270 0.377673724 0.384355843 0.387509460 0.379278802 0.379345519 0.397098167 0.404768823 0.399010500 0.417895212 0.385086168 0.347296495 0.340549800 0.342633812 0.319926005 0.329269939 0.328658253 0.390892870 0.669696832 
27     0.386814822 0.399794496 0.377267118 0.351525802 0.356329320 0.326094560 0.323614451 0.329630858 0.327513095 0.372873478 0.368279211 0.372351888 0.368871474 0.366464908 0.369036816 0.369180112 0.369609975 0.226374925 0.091820205 0.000000000 0.170838590 0.176020780 0.177085412 0.172839362 0.283175906 0.288271519 0.278941707 0.281922320 0.399363581 0.365745882 0.356371919 0.381780969 0.359145765 0.377574838 0.385088766 0.388250698 0.379625743 0.379692459 0.397847952 0.405470755 0.398516530 0.416942968 0.385575798 0.347883755 0.340506370 0.342590382 0.320670900 0.329416932 0.329430750 0.390673411 0.671491658 
44     0.388014030 0.400725604 0.378117985 0.352603205 0.357478807 0.328871653 0.326202087 0.331151794 0.329539026 0.373458497 0.369389233 0.375580259 0.370289508 0.368402197 0.371371760 0.371470118 0.371883676 0.229083395 0.172810948 0.170838590 0.000000000 0.175290102 0.175649644 0.171735245 0.287401388 0.290433183 0.280817304 0.284262048 0.402361285 0.367386320 0.358256769 0.386228707 0.359383324 0.378538636 0.386250199 0.389362584 0.380746797 0.380829693 0.399673548 0.406303553 0.399533527 0.419458680 0.387993327 0.349987193 0.342194338 0.344558783 0.322656474 0.331268082 0.331598375 0.393854099 0.672594396 
5     0.375002594 0.387989601 0.365189475 0.339570078 0.344381249 0.316526418 0.313982976 0.318729007 0.316829594 0.362199298 0.358253341 0.363151096 0.356766255 0.356162900 0.358456590 0.358493314 0.358999966 0.217639395 0.176821867 0.176020780 0.175290102 0.000000000 0.033556390 0.072726918 0.274817170 0.277371489 0.268902629 0.271783351 0.390742884 0.355255573 0.346751923 0.374152844 0.347816782 0.366424506 0.377202224 0.380333559 0.371160741 0.371212726 0.390732206 0.398056820 0.389623800 0.408936017 0.377031789 0.335445564 0.329618989 0.331877055 0.309824328 0.319162846 0.318869320 0.379837298 0.661135895 
49     0.375299458 0.388287966 0.365471131 0.339855970 0.344678113 0.316582013 0.314146139 0.318946868 0.317092534 0.362603638 0.358657682 0.363544591 0.356874921 0.356271566 0.358812694 0.358868577 0.359356070 0.218930345 0.177943816 0.177085412 0.175649644 0.033556390 0.000000000 0.073751501 0.276173472 0.278698429 0.270253890 0.273142655 0.391219766 0.355673485 0.347110102 0.374576270 0.348206942 0.366902389 0.377626210 0.380784339 0.371594200 0.371646186 0.391148040 0.398480807 0.389969915 0.409268687 0.377290952 0.335732102 0.329779764 0.332047841 0.309978953 0.319573276 0.318991125 0.380261285 0.661584834 
8     0.371850003 0.384122569 0.361356623 0.336749888 0.341343938 0.313626650 0.311058237 0.315935130 0.313923959 0.359540649 0.354922732 0.360428081 0.353542054 0.353165819 0.355248164 0.355260615 0.355812527 0.215686395 0.174062883 0.172839362 0.171735245 0.072726918 0.073751501 0.000000000 0.272304269 0.274238685 0.266267540 0.269166736 0.387331475 0.351568310 0.343180958 0.371194143 0.344753814 0.362506110 0.373460870 0.376601917 0.367892044 0.367944030 0.386535975 0.393968104 0.387037145 0.405648758 0.373825209 0.332101227 0.327345529 0.329603595 0.307124775 0.316303812 0.316281380 0.377067519 0.660621891 
23     0.370183923 0.382296575 0.361303089 0.335497230 0.340398478 0.309951571 0.308568394 0.313069505 0.311544745 0.355648292 0.351514792 0.357034138 0.350295137 0.348763820 0.352168520 0.352675644 0.353633216 0.315656225 0.282989759 0.283175906 0.287401388 0.274817170 0.276173472 0.272304269 0.000000000 0.117110994 0.142259081 0.173915497 0.384090574 0.350539433 0.339332420 0.368077301 0.342093572 0.360760426 0.368824294 0.372257460 0.363699461 0.363739684 0.380846820 0.388153538 0.383143756 0.402582323 0.371340429 0.332568519 0.323619033 0.325919662 0.304633794 0.314535673 0.314045433 0.374631083 0.654708048 
40     0.371953459 0.384706162 0.363321729 0.337292677 0.342158203 0.312257962 0.310920929 0.315307931 0.313643783 0.357526170 0.353455304 0.359255152 0.351908007 0.350078796 0.353658876 0.353953104 0.355137593 0.318592462 0.287334343 0.288271519 0.290433183 0.277371489 0.278698429 0.274238685 0.117110994 0.000000000 0.145514232 0.175737409 0.384054464 0.350637658 0.339363575 0.368083385 0.343066238 0.361329385 0.368694130 0.372150000 0.363328791 0.363375588 0.381283154 0.389132721 0.384599491 0.404715474 0.371464219 0.332334737 0.324236049 0.326444976 0.305572792 0.314753270 0.315111391 0.377188959 0.657618644 
7     0.362843478 0.374443294 0.353194145 0.327454320 0.332327810 0.301973038 0.300490496 0.304917326 0.303047510 0.345849930 0.342054576 0.347917323 0.342486325 0.340817258 0.343625471 0.343925244 0.345149638 0.310057619 0.278446593 0.278941707 0.280817304 0.268902629 0.270253890 0.266267540 0.142259081 0.145514232 0.000000000 0.168017320 0.375285110 0.341925180 0.332037515 0.358947124 0.333500433 0.353522186 0.360987450 0.364409279 0.355432924 0.355473148 0.374137748 0.381190853 0.372662512 0.393606015 0.362557106 0.322914458 0.315007077 0.317237506 0.296469042 0.305238354 0.305590877 0.366546085 0.649023173 
11     0.368386327 0.380367037 0.360544626 0.333446062 0.339001412 0.308511708 0.307197888 0.311825494 0.309530867 0.354342281 0.350311838 0.355753000 0.351170369 0.349290570 0.350652102 0.351180149 0.352489997 0.314495603 0.281424972 0.281922320 0.284262048 0.271783351 0.273142655 0.269166736 0.173915497 0.175737409 0.168017320 0.000000000 0.379697724 0.348444910 0.337287317 0.366164223 0.340152988 0.359438418 0.366514935 0.370019122 0.361146100 0.360913030 0.377908863 0.386540172 0.382210104 0.400933423 0.366961409 0.327657260 0.320359855 0.322626445 0.302447744 0.311072573 0.310655524 0.374474812 0.659071151 
25     0.414242683 0.426793009 0.404739493 0.380668882 0.386168335 0.360732459 0.357230999 0.362283805 0.362179211 0.404297120 0.403660171 0.407210894 0.401317463 0.398201761 0.402417797 0.401987946 0.403917826 0.430887437 0.399826434 0.399363581 0.402361285 0.390742884 0.391219766 0.387331475 0.384090574 0.384054464 0.375285110 0.379697724 0.000000000 0.245618076 0.242765191 0.329213771 0.319994632 0.337355941 0.399057178 0.402218140 0.394367079 0.393621074 0.413059272 0.418674838 0.428016391 0.449713056 0.419113351 0.377939460 0.374665347 0.376986551 0.356792733 0.366033555 0.365390142 0.427979554 0.707274599 
26     0.384684749 0.395546597 0.374671005 0.351601400 0.356389754 0.328557024 0.325466006 0.330039909 0.330849660 0.370691564 0.369557582 0.374224003 0.367882505 0.365447820 0.367447190 0.367683580 0.368997104 0.396675036 0.366019003 0.365745882 0.367386320 0.355255573 0.355673485 0.351568310 0.350539433 0.350637658 0.341925180 0.348444910 0.245618076 0.000000000 0.207910830 0.298427207 0.291006702 0.306992284 0.367089251 0.368723310 0.362015789 0.361494708 0.378983822 0.385550589 0.394692870 0.415432857 0.389028684 0.349227105 0.341987260 0.344304233 0.323219784 0.332311440 0.331501892 0.392774000 0.672462579 
47     0.371843139 0.383437455 0.365065119 0.337594498 0.341926328 0.319252786 0.316312598 0.320570081 0.322431939 0.361934779 0.360786088 0.365010091 0.359930544 0.357342341 0.360018867 0.359412458 0.361477803 0.387334818 0.357214117 0.356371919 0.358256769 0.346751923 0.347110102 0.343180958 0.339332420 0.339363575 0.332037515 0.337287317 0.242765191 0.207910830 0.000000000 0.286419631 0.277365417 0.294495065 0.357674924 0.361139487 0.351907703 0.351463702 0.371476826 0.378046618 0.384311509 0.405219333 0.379244411 0.339815032 0.331130410 0.333480439 0.312823086 0.322375664 0.321196111 0.384782417 0.664677203 
18     0.402859455 0.413165424 0.393814986 0.369138273 0.373668952 0.346575905 0.342859684 0.346047951 0.347073677 0.389232169 0.387592111 0.392379730 0.387945638 0.385349711 0.388097971 0.387824042 0.389640058 0.414316827 0.384215254 0.381780969 0.386228707 0.374152844 0.374576270 0.371194143 0.368077301 0.368083385 0.358947124 0.366164223 0.329213771 0.298427207 0.286419631 0.000000000 0.303523323 0.318729065 0.383621353 0.387114194 0.377407798 0.377035781 0.396569412 0.403586484 0.412410973 0.433278671 0.405102694 0.365385686 0.359343674 0.361685547 0.340703406 0.349771766 0.348056696 0.411164362 0.685540415 
17     0.379006159 0.390487134 0.369763585 0.342581959 0.347548626 0.320493407 0.317999436 0.323761524 0.324673384 0.364054893 0.362241947 0.366445882 0.363519956 0.361196321 0.363658930 0.363403840 0.365245459 0.387420964 0.359294270 0.359145765 0.359383324 0.347816782 0.348206942 0.344753814 0.342093572 0.343066238 0.333500433 0.340152988 0.319994632 0.291006702 0.277365417 0.303523323 0.000000000 0.160694451 0.359232704 0.362810550 0.353503879 0.353441450 0.372461879 0.379872761 0.388129409 0.408025678 0.381401723 0.342495781 0.336917557 0.339228702 0.318480183 0.327193155 0.325038186 0.387180357 0.664690421 
34     0.395623022 0.407203621 0.387523725 0.359985860 0.364465112 0.339031579 0.336087411 0.341224228 0.341939140 0.378617877 0.377044610 0.381132274 0.381136621 0.378651085 0.379370260 0.379115170 0.381051039 0.405997923 0.377673724 0.377574838 0.378538636 0.366424506 0.366902389 0.362506110 0.360760426 0.361329385 0.353522186 0.359438418 0.337355941 0.306992284 0.294495065 0.318729065 0.160694451 0.000000000 0.375266004 0.378838918 0.370621045 0.370517399 0.388871058 0.396458221 0.403145434 0.423560745 0.398869112 0.360046179 0.352941439 0.355400372 0.334642826 0.343775745 0.341072251 0.404959030 0.681422352 
35     0.405613866 0.417910029 0.395509264 0.372516655 0.376834723 0.348677593 0.345390531 0.350761465 0.348752754 0.390760056 0.387726800 0.391331456 0.386026207 0.383375310 0.388250015 0.388432630 0.389711993 0.417500229 0.384355843 0.385088766 0.386250199 0.377202224 0.377626210 0.373460870 0.368824294 0.368694130 0.360987450 0.366514935 0.399057178 0.367089251 0.357674924 0.383621353 0.359232704 0.375266004 0.000000000 0.052054172 0.106340504 0.107090628 0.250853658 0.259863074 0.415338547 0.437167249 0.406381012 0.367417325 0.361430829 0.364042916 0.342281521 0.351683934 0.350730132 0.408253739 0.696234203 
45     0.408547541 0.421006966 0.398408399 0.373303487 0.380306225 0.351357068 0.347967026 0.353632888 0.351760599 0.394449916 0.391440031 0.395480704 0.389308602 0.386656496 0.391716164 0.391898778 0.393178141 0.420663523 0.387509460 0.388250698 0.389362584 0.380333559 0.380784339 0.376601917 0.372257460 0.372150000 0.364409279 0.370019122 0.402218140 0.368723310 0.361139487 0.387114194 0.362810550 0.378838918 0.052054172 0.000000000 0.109822497 0.110355834 0.253205801 0.262910748 0.418652168 0.440480870 0.406570085 0.370457647 0.364134995 0.366769338 0.344975574 0.354379811 0.353556586 0.411371274 0.696710609 
41     0.401557680 0.414018167 0.391904467 0.367951696 0.372269765 0.343060822 0.339641892 0.345586162 0.343742217 0.385705180 0.382684517 0.386285638 0.380653620 0.377918204 0.382411796 0.382623335 0.383835902 0.411740618 0.379278802 0.379625743 0.380746797 0.371160741 0.371594200 0.367892044 0.363699461 0.363328791 0.355432924 0.361146100 0.394367079 0.362015789 0.351907703 0.377407798 0.353503879 0.370621045 0.106340504 0.109822497 0.000000000 0.033067631 0.244480911 0.253500965 0.408009025 0.428955676 0.400556860 0.361918050 0.355495143 0.358128868 0.336382226 0.345868281 0.345300110 0.402721024 0.692353379 
36     0.401610905 0.414057617 0.391947847 0.368004921 0.372322989 0.343094580 0.339652100 0.344848420 0.342726525 0.385753347 0.382732684 0.386314517 0.380994877 0.377950085 0.382439221 0.382648170 0.383860737 0.411792604 0.379345519 0.379692459 0.380829693 0.371212726 0.371646186 0.367944030 0.363739684 0.363375588 0.355473148 0.360913030 0.393621074 0.361494708 0.351463702 0.377035781 0.353441450 0.370517399 0.107090628 0.110355834 0.033067631 0.000000000 0.244599709 0.254159055 0.408042782 0.428907022 0.400799854 0.362074551 0.355547129 0.358180854 0.336434212 0.345920267 0.345348269 0.402774249 0.692405365 
4     0.419933935 0.431943743 0.411599698 0.386212180 0.390028183 0.362000584 0.357679307 0.364222012 0.362577848 0.403734239 0.400528441 0.404354373 0.398969764 0.395630036 0.399542020 0.399623896 0.400928869 0.430208026 0.397098167 0.397847952 0.399673548 0.390732206 0.391148040 0.386535975 0.380846820 0.381283154 0.374137748 0.377908863 0.413059272 0.378983822 0.371476826 0.396569412 0.372461879 0.388871058 0.250853658 0.253205801 0.244480911 0.244599709 0.000000000 0.141133020 0.427779277 0.448575095 0.419538925 0.381311712 0.373934456 0.376271810 0.354630283 0.363594194 0.363414127 0.422039653 0.709811976 
20     0.426246749 0.438250744 0.418818821 0.393304368 0.397337736 0.368557540 0.364275439 0.371589564 0.369278119 0.409498259 0.406501305 0.410158564 0.406177774 0.402616323 0.406008271 0.406184532 0.407395120 0.437612558 0.404768823 0.405470755 0.406303553 0.398056820 0.398480807 0.393968104 0.388153538 0.389132721 0.381190853 0.386540172 0.418674838 0.385550589 0.378046618 0.403586484 0.379872761 0.396458221 0.259863074 0.262910748 0.253500965 0.254159055 0.141133020 0.000000000 0.435342477 0.455642965 0.427636232 0.387738993 0.381249514 0.383673253 0.361655632 0.370531043 0.371258062 0.430219467 0.716999040 
43     0.418364237 0.431963345 0.410650213 0.384253473 0.388402331 0.357488606 0.354704022 0.362406934 0.360907537 0.402825996 0.399602679 0.405673295 0.399693886 0.397666284 0.401883823 0.401518689 0.403103646 0.430514821 0.399010500 0.398516530 0.399533527 0.389623800 0.389969915 0.387037145 0.383143756 0.384599491 0.372662512 0.382210104 0.428016391 0.394692870 0.384311509 0.412410973 0.388129409 0.403145434 0.415338547 0.418652168 0.408009025 0.408042782 0.427779277 0.435342477 0.000000000 0.226210877 0.418938824 0.379652222 0.374460834 0.377501878 0.356172053 0.365692392 0.365434254 0.424313321 0.702822648 
14     0.438815914 0.452365437 0.432728371 0.406009650 0.409938940 0.377947215 0.376619956 0.384945254 0.383121440 0.422396663 0.420072839 0.426292689 0.421882927 0.419752004 0.424452664 0.424087531 0.425672487 0.450288341 0.417895212 0.416942968 0.419458680 0.408936017 0.409268687 0.405648758 0.402582323 0.404715474 0.393606015 0.400933423 0.449713056 0.415432857 0.405219333 0.433278671 0.408025678 0.423560745 0.437167249 0.440480870 0.428955676 0.428907022 0.448575095 0.455642965 0.226210877 0.000000000 0.440496758 0.399265030 0.394587306 0.397693503 0.377206977 0.386713168 0.386268818 0.446517591 0.717393327 
30     0.397821833 0.406249778 0.387483382 0.359589213 0.365644928 0.346775127 0.343746868 0.348467473 0.347343196 0.394599833 0.391372196 0.397571637 0.388387644 0.386482139 0.391683046 0.391510407 0.392848760 0.415475704 0.385086168 0.385575798 0.387993327 0.377031789 0.377290952 0.373825209 0.371340429 0.371464219 0.362557106 0.366961409 0.419113351 0.389028684 0.379244411 0.405102694 0.381401723 0.398869112 0.406381012 0.406570085 0.400556860 0.400799854 0.419538925 0.427636232 0.418938824 0.440496758 0.000000000 0.270406054 0.334841784 0.336417979 0.313384115 0.322660452 0.325310270 0.404883191 0.670122212 
24     0.356082702 0.367215585 0.346599675 0.322415262 0.325647127 0.307462231 0.304751327 0.308614751 0.307531282 0.354571527 0.350937140 0.357553616 0.347089098 0.344638831 0.350865633 0.350613822 0.352091460 0.378521232 0.347296495 0.347883755 0.349987193 0.335445564 0.335732102 0.332101227 0.332568519 0.332334737 0.322914458 0.327657260 0.377939460 0.349227105 0.339815032 0.365385686 0.342495781 0.360046179 0.367417325 0.370457647 0.361918050 0.362074551 0.381311712 0.387738993 0.379652222 0.399265030 0.270406054 0.000000000 0.293972222 0.296230171 0.275538905 0.285046540 0.285790240 0.364389989 0.640277430 
38     0.350725450 0.361153540 0.341852019 0.318570982 0.321764385 0.300091711 0.297124208 0.303223511 0.302238778 0.345949851 0.342808900 0.349108111 0.341094357 0.338650163 0.343491502 0.343195488 0.344641357 0.370545582 0.340549800 0.340506370 0.342194338 0.329618989 0.329779764 0.327345529 0.323619033 0.324236049 0.315007077 0.320359855 0.374665347 0.341987260 0.331130410 0.359343674 0.336917557 0.352941439 0.361430829 0.364134995 0.355495143 0.355547129 0.373934456 0.381249514 0.374460834 0.394587306 0.334841784 0.293972222 0.000000000 0.056002868 0.124867171 0.136914628 0.135473597 0.358689550 0.638025786 
16     0.352560692 0.363140860 0.343859361 0.320558648 0.323742210 0.302966961 0.300165382 0.305584153 0.304626305 0.348412317 0.344953133 0.351645719 0.342814001 0.340315005 0.345649057 0.345353043 0.346798912 0.372881052 0.342633812 0.342590382 0.344558783 0.331877055 0.332047841 0.329603595 0.325919662 0.326444976 0.317237506 0.322626445 0.376986551 0.344304233 0.333480439 0.361685547 0.339228702 0.355400372 0.364042916 0.366769338 0.358128868 0.358180854 0.376271810 0.383673253 0.377501878 0.397693503 0.336417979 0.296230171 0.056002868 0.000000000 0.126991843 0.139101383 0.137733231 0.360585735 0.640440410 
32     0.332114764 0.341422704 0.323609273 0.298359589 0.302344612 0.281676170 0.277505373 0.283687402 0.282477778 0.327513581 0.323732410 0.329616494 0.322170564 0.319402109 0.323346676 0.323050662 0.324432121 0.350948700 0.319926005 0.320670900 0.322656474 0.309824328 0.309978953 0.307124775 0.304633794 0.305572792 0.296469042 0.302447744 0.356792733 0.323219784 0.312823086 0.340703406 0.318480183 0.334642826 0.342281521 0.344975574 0.336382226 0.336434212 0.354630283 0.361655632 0.356172053 0.377206977 0.313384115 0.275538905 0.124867171 0.126991843 0.000000000 0.073326798 0.107712669 0.338175285 0.617974141 
39     0.341748315 0.351104090 0.332567438 0.307992055 0.311998787 0.291416063 0.287518849 0.293699580 0.292474986 0.335452241 0.331804919 0.338064313 0.330793058 0.328205267 0.332127333 0.331831319 0.333277188 0.359200101 0.329269939 0.329416932 0.331268082 0.319162846 0.319573276 0.316303812 0.314535673 0.314753270 0.305238354 0.311072573 0.366033555 0.332311440 0.322375664 0.349771766 0.327193155 0.343775745 0.351683934 0.354379811 0.345868281 0.345920267 0.363594194 0.370531043 0.365692392 0.386713168 0.322660452 0.285046540 0.136914628 0.139101383 0.073326798 0.000000000 0.119149617 0.348197175 0.626344918 
22     0.338623775 0.347753557 0.330096133 0.305574611 0.309511186 0.292107432 0.288845678 0.292369694 0.292838647 0.336794747 0.332896854 0.339540278 0.331341158 0.329062101 0.333135305 0.332888486 0.334554882 0.360442299 0.328658253 0.329430750 0.331598375 0.318869320 0.318991125 0.316281380 0.314045433 0.315111391 0.305590877 0.310655524 0.365390142 0.331501892 0.321196111 0.348056696 0.325038186 0.341072251 0.350730132 0.353556586 0.345300110 0.345348269 0.363414127 0.371258062 0.365434254 0.386268818 0.325310270 0.285790240 0.135473597 0.137733231 0.107712669 0.119149617 0.000000000 0.348535731 0.627147006 
50     0.394981048 0.405097433 0.386384390 0.360475495 0.364045942 0.348140227 0.346406375 0.354627492 0.353966245 0.398279561 0.394566396 0.400964202 0.390516408 0.387903386 0.394840081 0.394342906 0.395403578 0.423418582 0.390892870 0.390673411 0.393854099 0.379837298 0.380261285 0.377067519 0.374631083 0.377188959 0.366546085 0.374474812 0.427979554 0.392774000 0.384782417 0.411164362 0.387180357 0.404959030 0.408253739 0.411371274 0.402721024 0.402774249 0.422039653 0.430219467 0.424313321 0.446517591 0.404883191 0.364389989 0.358689550 0.360585735 0.338175285 0.348197175 0.348535731 0.000000000 0.653020892 
0     0.661035924 0.674463284 0.653944390 0.632985625 0.639860884 0.624721607 0.621291156 0.626389767 0.626357218 0.667434814 0.666038667 0.672997370 0.659790550 0.658221794 0.671559686 0.671397402 0.672675806 0.698496552 0.669696832 0.671491658 0.672594396 0.661135895 0.661584834 0.660621891 0.654708048 0.657618644 0.649023173 0.659071151 0.707274599 0.672462579 0.664677203 0.685540415 0.664690421 0.681422352 0.696234203 0.696710609 0.692353379 0.692405365 0.709811976 0.716999040 0.702822648 0.717393327 0.670122212 0.640277430 0.638025786 0.640440410 0.617974141 0.626344918 0.627147006 0.653020892 0.000000000 
