51
38     0.000000000 0.000239010 0.000064980 0.000925100 0.000559820 0.000720610 0.000675550 0.000694190 0.000596120 0.000690440 0.000752120 0.000763650 0.000797480 0.000710250 0.000710040 0.001029940 0.000705830 0.001135910 0.000854010 0.001125750 0.001321840 0.001197940 0.001211210 0.001251600 0.001028670 0.000965850 0.001008330 0.001118340 0.001091680 0.001054400 0.001062430 0.001113990 0.001189700 0.001102570 0.001289650 0.001034580 0.001033280 0.001616810 0.000911870 0.001087260 0.001059040 0.001081480 0.001172130 0.001277710 0.001315310 0.001306320 0.001293820 0.001365210 0.001381830 0.001532850 0.003004990 
18     0.000239010 0.000000000 0.000157150 0.001007730 0.000646670 0.000768630 0.000762400 0.000781040 0.000621200 0.000716070 0.000768880 0.000780410 0.000814240 0.000727010 0.000726800 0.001046700 0.000774880 0.001222760 0.000940860 0.001142510 0.001338600 0.001214700 0.001227970 0.001268360 0.001045430 0.000982610 0.001025090 0.001135100 0.001108440 0.001071160 0.001079190 0.001130750 0.001206460 0.001119330 0.001306410 0.001051340 0.001050040 0.001633570 0.000928630 0.001104020 0.001075800 0.001098240 0.001188890 0.001294470 0.001332070 0.001393170 0.001380670 0.001452060 0.001468680 0.001619700 0.003091840 
2     0.000064980 0.000157150 0.000000000 0.000971430 0.000606150 0.000743630 0.000721880 0.000740520 0.000592940 0.000691070 0.000743880 0.000755410 0.000789240 0.000702010 0.000701800 0.001021700 0.000749880 0.001182240 0.000900340 0.001117510 0.001313600 0.001189700 0.001202970 0.001243360 0.001020430 0.000957610 0.001000090 0.001110100 0.001083440 0.001046160 0.001054190 0.001105750 0.001181460 0.001094330 0.001281410 0.001026340 0.001025040 0.001608570 0.000903630 0.001079020 0.001050800 0.001073240 0.001163890 0.001269470 0.001307070 0.001352650 0.001340150 0.001411540 0.001428160 0.001579180 0.003051320 
22     0.000925100 0.001007730 0.000971430 0.000000000 0.000006760 0.001004860 0.000982910 0.001001550 0.000874270 0.000952300 0.000939130 0.000950660 0.000984490 0.000897260 0.000897050 0.001216950 0.000945130 0.001224310 0.001161370 0.001097760 0.001293850 0.001169950 0.001183220 0.001223610 0.001000680 0.000937860 0.000980340 0.001090350 0.001063690 0.001026410 0.001034440 0.001086000 0.001161710 0.001074580 0.001261660 0.001006590 0.001005290 0.001588820 0.000883880 0.001059270 0.001031050 0.001053490 0.001144140 0.001249720 0.001287320 0.001485290 0.001439950 0.001448070 0.001671360 0.001694840 0.003256970 
16     0.000559820 0.000646670 0.000606150 0.000006760 0.000000000 0.000567710 0.000522650 0.000541290 0.000443220 0.000572640 0.000754880 0.000745910 0.000689250 0.000653550 0.000673610 0.001037960 0.000588030 0.001018110 0.000736210 0.001181720 0.001377810 0.001253910 0.001267180 0.001307570 0.001084640 0.001021820 0.001064300 0.001174310 0.001147650 0.001110370 0.001118400 0.001080630 0.001123330 0.001158540 0.001345620 0.001090550 0.001089250 0.001672780 0.000967840 0.001106760 0.001115010 0.001128090 0.001228100 0.001314950 0.001371280 0.001188520 0.001176020 0.001247410 0.001264030 0.001415050 0.001732440 
34     0.000720610 0.000768630 0.000743630 0.001004860 0.000567710 0.000000000 0.000096190 0.000384440 0.000538190 0.000618900 0.000752770 0.000764300 0.000798130 0.000710900 0.000710690 0.001030590 0.000748820 0.001178900 0.000897000 0.001126400 0.001322490 0.001198590 0.001211860 0.001252250 0.001029320 0.000966500 0.001008980 0.001118990 0.001092330 0.001055050 0.001063080 0.001114640 0.001190350 0.001103220 0.001290300 0.001035230 0.001033930 0.001617460 0.000912520 0.001087910 0.001059690 0.001082130 0.001172780 0.001278360 0.001315960 0.001349310 0.001336810 0.001408200 0.001424820 0.001575840 0.003047980 
14     0.000675550 0.000762400 0.000721880 0.000982910 0.000522650 0.000096190 0.000000000 0.000016170 0.000297390 0.000639270 0.000773140 0.000784670 0.000804980 0.000731270 0.000731060 0.001050960 0.000703760 0.001133840 0.000851940 0.001146770 0.001342860 0.001218960 0.001232230 0.001272620 0.001049690 0.000986870 0.001029350 0.001139360 0.001112700 0.001075420 0.001083450 0.001135010 0.001210720 0.001123590 0.001310670 0.001055600 0.001054300 0.001637830 0.000932890 0.001108280 0.001080060 0.001102500 0.001193150 0.001298730 0.001336330 0.001304250 0.001291750 0.001363140 0.001379760 0.001530780 0.003002920 
42     0.000694190 0.000781040 0.000740520 0.001001550 0.000541290 0.000384440 0.000016170 0.000000000 0.000511770 0.000635730 0.000769600 0.000781130 0.000814960 0.000727730 0.000727520 0.001047420 0.000722400 0.001152480 0.000870580 0.001143230 0.001339320 0.001215420 0.001228690 0.001269080 0.001046150 0.000983330 0.001025810 0.001135820 0.001109160 0.001071880 0.001079910 0.001131470 0.001207180 0.001120050 0.001307130 0.001052060 0.001050760 0.001634290 0.000929350 0.001104740 0.001076520 0.001098960 0.001189610 0.001295190 0.001332790 0.001322890 0.001310390 0.001381780 0.001398400 0.001549420 0.003021560 
9     0.000596120 0.000621200 0.000592940 0.000874270 0.000443220 0.000538190 0.000297390 0.000511770 0.000000000 0.000608940 0.000700500 0.000712030 0.000725550 0.000658630 0.000658420 0.000978320 0.000624330 0.001054410 0.000772510 0.001074130 0.001270220 0.001146320 0.001159590 0.001199980 0.000977050 0.000914230 0.000956710 0.001066720 0.001040060 0.001002780 0.001010810 0.001062370 0.001138080 0.001050950 0.001238030 0.000982960 0.000981660 0.001565190 0.000860250 0.001035640 0.001007420 0.001029860 0.001120510 0.001226090 0.001263690 0.001224820 0.001212320 0.001283710 0.001300330 0.001451350 0.002923490 
19     0.000690440 0.000716070 0.000691070 0.000952300 0.000572640 0.000618900 0.000639270 0.000635730 0.000608940 0.000000000 0.000700210 0.000711740 0.000745570 0.000658340 0.000658130 0.000978030 0.000701930 0.001132010 0.000850110 0.001073840 0.001269930 0.001146030 0.001159300 0.001199690 0.000976760 0.000913940 0.000956420 0.001066430 0.001039770 0.001002490 0.001010520 0.001062080 0.001137790 0.001050660 0.001237740 0.000982670 0.000981370 0.001564900 0.000859960 0.001035350 0.001007130 0.001029570 0.001120220 0.001225800 0.001263400 0.001302420 0.001289920 0.001361310 0.001377930 0.001528950 0.003001090 
12     0.000752120 0.000768880 0.000743880 0.000939130 0.000754880 0.000752770 0.000773140 0.000769600 0.000700500 0.000700210 0.000000000 0.000097930 0.000505780 0.000535910 0.000164460 0.000636770 0.000568070 0.001172030 0.000890130 0.001060670 0.001256760 0.001132860 0.001146130 0.001186520 0.000963590 0.000900770 0.000943250 0.001053260 0.001026600 0.000989320 0.000997350 0.001048910 0.001124620 0.001037490 0.001224570 0.000969500 0.000968200 0.001551730 0.000846790 0.001022180 0.000993960 0.001016400 0.001107050 0.001212630 0.001250230 0.001342440 0.001329940 0.001401330 0.000353450 0.001568970 0.003041110 
40     0.000763650 0.000780410 0.000755410 0.000950660 0.000745910 0.000764300 0.000784670 0.000781130 0.000712030 0.000711740 0.000097930 0.000000000 0.000003990 0.000547440 0.000547230 0.000864320 0.000151790 0.001163060 0.000881160 0.001072200 0.001268290 0.001144390 0.001157660 0.001198050 0.000975120 0.000912300 0.000954780 0.001064790 0.001038130 0.001000850 0.001008880 0.001060440 0.001136150 0.001049020 0.001236100 0.000981030 0.000979730 0.001563260 0.000858320 0.001033710 0.001005490 0.001027930 0.001118580 0.001224160 0.001261760 0.001333470 0.001320970 0.001392360 0.001408980 0.001560000 0.003032140 
20     0.000797480 0.000814240 0.000789240 0.000984490 0.000689250 0.000798130 0.000804980 0.000814960 0.000725550 0.000745570 0.000505780 0.000003990 0.000000000 0.000567960 0.000581060 0.000900960 0.000312540 0.000183720 0.000824500 0.001106030 0.001302120 0.001178220 0.001191490 0.001231880 0.001008950 0.000946130 0.000988610 0.001098620 0.001071960 0.001034680 0.001042710 0.001094270 0.001169980 0.001082850 0.001269930 0.001014860 0.001013560 0.001597090 0.000892150 0.001067540 0.001039320 0.001061760 0.001152410 0.001257990 0.001295590 0.001276810 0.001264310 0.001335700 0.001352320 0.001503340 0.001431680 
31     0.000710250 0.000727010 0.000702010 0.000897260 0.000653550 0.000710900 0.000731270 0.000727730 0.000658630 0.000658340 0.000535910 0.000547440 0.000567960 0.000000000 0.000066250 0.000633670 0.000343200 0.001070700 0.000788800 0.001018800 0.001214890 0.001090990 0.001104260 0.001144650 0.000921720 0.000858900 0.000901380 0.001011390 0.000984730 0.000947450 0.000955480 0.001007040 0.001082750 0.000995620 0.001182700 0.000927630 0.000926330 0.001509860 0.000804920 0.000980310 0.000952090 0.000974530 0.001065180 0.001170760 0.001208360 0.001241110 0.001228610 0.001300000 0.001316620 0.001467640 0.002939780 
30     0.000710040 0.000726800 0.000701800 0.000897050 0.000673610 0.000710690 0.000731060 0.000727520 0.000658420 0.000658130 0.000164460 0.000547230 0.000581060 0.000066250 0.000000000 0.000651980 0.000363260 0.001090760 0.000808860 0.001018590 0.001214680 0.001090780 0.001104050 0.001144440 0.000921510 0.000858690 0.000901170 0.001011180 0.000984520 0.000947240 0.000955270 0.001006830 0.001082540 0.000995410 0.001182490 0.000927420 0.000926120 0.001509650 0.000804710 0.000980100 0.000951880 0.000974320 0.001064970 0.001170550 0.001208150 0.001261170 0.001248670 0.001320060 0.001336680 0.001487700 0.002957510 
37     0.001029940 0.001046700 0.001021700 0.001216950 0.001037960 0.001030590 0.001050960 0.001047420 0.000978320 0.000978030 0.000636770 0.000864320 0.000900960 0.000633670 0.000651980 0.000000000 0.000103300 0.001455110 0.001173210 0.001338490 0.001534580 0.001410680 0.001423950 0.001464340 0.001241410 0.001178590 0.001221070 0.001331080 0.001304420 0.001267140 0.001275170 0.001326730 0.001402440 0.001315310 0.001502390 0.001247320 0.001246020 0.001829550 0.001124610 0.001300000 0.001271780 0.001294220 0.001384870 0.001490450 0.001528050 0.001625520 0.001613020 0.001684410 0.001701030 0.001852050 0.003324190 
1     0.000705830 0.000774880 0.000749880 0.000945130 0.000588030 0.000748820 0.000703760 0.000722400 0.000624330 0.000701930 0.000568070 0.000151790 0.000312540 0.000343200 0.000363260 0.000103300 0.000000000 0.001005180 0.000723280 0.001066670 0.001262760 0.001138860 0.001152130 0.001192520 0.000969590 0.000906770 0.000949250 0.001059260 0.001032600 0.000995320 0.001003350 0.001054910 0.001110400 0.001043490 0.001230570 0.000975500 0.000974200 0.001557730 0.000852790 0.001028180 0.000999960 0.001022400 0.001113050 0.001218630 0.001256230 0.001175590 0.001163090 0.001234480 0.001251100 0.001402120 0.002874260 
4     0.001135910 0.001222760 0.001182240 0.001224310 0.001018110 0.001178900 0.001133840 0.001152480 0.001054410 0.001132010 0.001172030 0.001163060 0.000183720 0.001070700 0.001090760 0.001455110 0.001005180 0.000000000 0.000014010 0.001191570 0.001387660 0.001263760 0.001277030 0.001317420 0.001094490 0.001031670 0.001074150 0.001184160 0.001157500 0.001120220 0.001128250 0.001179810 0.001255520 0.001168390 0.001355470 0.001100400 0.001099100 0.001682630 0.000977690 0.001153080 0.001124860 0.001147300 0.001237950 0.001343530 0.001381130 0.001403350 0.001390850 0.001462240 0.001478860 0.001629880 0.003102020 
3     0.000854010 0.000940860 0.000900340 0.001161370 0.000736210 0.000897000 0.000851940 0.000870580 0.000772510 0.000850110 0.000890130 0.000881160 0.000824500 0.000788800 0.000808860 0.001173210 0.000723280 0.000014010 0.000000000 0.001149980 0.001346070 0.001222170 0.001235440 0.001275830 0.001052900 0.000990080 0.001032560 0.001142570 0.001115910 0.001078630 0.001086660 0.001013560 0.001056260 0.001126800 0.001313880 0.001054450 0.001057510 0.001641040 0.000936100 0.001039690 0.001083270 0.001061020 0.001196360 0.001247880 0.001339540 0.001121450 0.001108950 0.001180340 0.001196960 0.001347980 0.002820120 
45     0.001125750 0.001142510 0.001117510 0.001097760 0.001181720 0.001126400 0.001146770 0.001143230 0.001074130 0.001073840 0.001060670 0.001072200 0.001106030 0.001018800 0.001018590 0.001338490 0.001066670 0.001191570 0.001149980 0.000000000 0.000132760 0.000133560 0.000707050 0.000023950 0.000954320 0.000891500 0.000933980 0.001025790 0.000999130 0.000961850 0.000969880 0.001021440 0.001097150 0.001010020 0.001197100 0.000942030 0.000958930 0.001530920 0.000825980 0.001001370 0.000973150 0.000995590 0.001086240 0.001191820 0.001229420 0.001438930 0.001393590 0.001401710 0.001494670 0.001648480 0.003210610 
41     0.001321840 0.001338600 0.001313600 0.001293850 0.001377810 0.001322490 0.001342860 0.001339320 0.001270220 0.001269930 0.001256760 0.001268290 0.001302120 0.001214890 0.001214680 0.001534580 0.001262760 0.001387660 0.001346070 0.000132760 0.000000000 0.000005100 0.000256130 0.000557880 0.001150410 0.001087590 0.001130070 0.001221880 0.001195220 0.001157940 0.001165970 0.001205050 0.001247750 0.001206110 0.001393190 0.001138120 0.001155020 0.001727010 0.000539700 0.001197460 0.001169240 0.001191680 0.000747880 0.001387910 0.001425510 0.001635020 0.001589680 0.001597800 0.001728250 0.001844570 0.003351410 
43     0.001197940 0.001214700 0.001189700 0.001169950 0.001253910 0.001198590 0.001218960 0.001215420 0.001146320 0.001146030 0.001132860 0.001144390 0.001178220 0.001090990 0.001090780 0.001410680 0.001138860 0.001263760 0.001222170 0.000133560 0.000005100 0.000000000 0.000083930 0.000116720 0.001026510 0.000963690 0.001006170 0.001097980 0.001071320 0.001034040 0.001042070 0.001093630 0.001169340 0.001082210 0.001269290 0.001014220 0.001031120 0.001603110 0.000898170 0.001073560 0.001045340 0.001067780 0.001158430 0.001264010 0.001301610 0.001511120 0.000481160 0.001473900 0.001688240 0.001720670 0.003123420 
33     0.001211210 0.001227970 0.001202970 0.001183220 0.001267180 0.001211860 0.001232230 0.001228690 0.001159590 0.001159300 0.001146130 0.001157660 0.001191490 0.001104260 0.001104050 0.001423950 0.001152130 0.001277030 0.001235440 0.000707050 0.000256130 0.000083930 0.000000000 0.000106130 0.001039780 0.000976960 0.001019440 0.001111250 0.001084590 0.001047310 0.001055340 0.001106900 0.001182610 0.001095480 0.001282560 0.001027490 0.001044390 0.001616380 0.000911440 0.001086830 0.001058610 0.001081050 0.001171700 0.001277280 0.001314880 0.001524390 0.000214840 0.001487170 0.001710460 0.001733940 0.003097370 
6     0.001251600 0.001268360 0.001243360 0.001223610 0.001307570 0.001252250 0.001272620 0.001269080 0.001199980 0.001199690 0.001186520 0.001198050 0.001231880 0.001144650 0.001144440 0.001464340 0.001192520 0.001317420 0.001275830 0.000023950 0.000557880 0.000116720 0.000106130 0.000000000 0.001080170 0.001017350 0.001059830 0.001151640 0.001124980 0.001087700 0.001095730 0.001107200 0.001149900 0.001135870 0.001322950 0.001067880 0.001084780 0.001656770 0.000347990 0.001127220 0.001099000 0.001121440 0.000556170 0.001317670 0.001355270 0.001554890 0.001519440 0.001527560 0.001588620 0.001774330 0.003253560 
15     0.001028670 0.001045430 0.001020430 0.001000680 0.001084640 0.001029320 0.001049690 0.001046150 0.000977050 0.000976760 0.000963590 0.000975120 0.001008950 0.000921720 0.000921510 0.001241410 0.000969590 0.001094490 0.001052900 0.000954320 0.001150410 0.001026510 0.001039780 0.001080170 0.000000000 0.000318960 0.000337550 0.000946910 0.000920250 0.000882970 0.000891000 0.000938460 0.000981160 0.000931140 0.001118220 0.000863150 0.000823830 0.001445380 0.000740440 0.000915830 0.000887610 0.000910050 0.001000700 0.001106280 0.001143880 0.001305690 0.001260350 0.001268470 0.001453220 0.001515240 0.003076380 
24     0.000965850 0.000982610 0.000957610 0.000937860 0.001021820 0.000966500 0.000986870 0.000983330 0.000914230 0.000913940 0.000900770 0.000912300 0.000946130 0.000858900 0.000858690 0.001178590 0.000906770 0.001031670 0.000990080 0.000891500 0.001087590 0.000963690 0.000976960 0.001017350 0.000318960 0.000000000 0.000010570 0.000884090 0.000857430 0.000820150 0.000828180 0.000879740 0.000955450 0.000868320 0.001055400 0.000800330 0.000761010 0.001382560 0.000677620 0.000853010 0.000824790 0.000847230 0.000937880 0.001043460 0.001081060 0.001242870 0.001197530 0.001205650 0.001428940 0.001452420 0.003014550 
23     0.001008330 0.001025090 0.001000090 0.000980340 0.001064300 0.001008980 0.001029350 0.001025810 0.000956710 0.000956420 0.000943250 0.000954780 0.000988610 0.000901380 0.000901170 0.001221070 0.000949250 0.001074150 0.001032560 0.000933980 0.001130070 0.001006170 0.001019440 0.001059830 0.000337550 0.000010570 0.000000000 0.000926570 0.000899910 0.000862630 0.000870660 0.000922220 0.000997930 0.000910800 0.001097880 0.000842810 0.000803490 0.001425040 0.000720100 0.000895490 0.000867270 0.000889710 0.000980360 0.001085940 0.001123540 0.001285350 0.001240010 0.001248130 0.001471420 0.001494900 0.003057030 
7     0.001118340 0.001135100 0.001110100 0.001090350 0.001174310 0.001118990 0.001139360 0.001135820 0.001066720 0.001066430 0.001053260 0.001064790 0.001098620 0.001011390 0.001011180 0.001331080 0.001059260 0.001184160 0.001142570 0.001025790 0.001221880 0.001097980 0.001111250 0.001151640 0.000946910 0.000884090 0.000926570 0.000000000 0.000110000 0.000369190 0.000353570 0.000489630 0.000565340 0.000695810 0.000976950 0.000721880 0.000951520 0.001523510 0.000818570 0.000993960 0.000965740 0.000988180 0.001078830 0.001184410 0.001222010 0.001431520 0.001386180 0.001394300 0.001594600 0.001641070 0.003203200 
32     0.001091680 0.001108440 0.001083440 0.001063690 0.001147650 0.001092330 0.001112700 0.001109160 0.001040060 0.001039770 0.001026600 0.001038130 0.001071960 0.000984730 0.000984520 0.001304420 0.001032600 0.001157500 0.001115910 0.000999130 0.001195220 0.001071320 0.001084590 0.001124980 0.000920250 0.000857430 0.000899910 0.000110000 0.000000000 0.000348660 0.000356690 0.000462970 0.000538680 0.000592350 0.000950290 0.000695220 0.000924860 0.001496850 0.000791910 0.000967300 0.000939080 0.000961520 0.001052170 0.001157750 0.001195350 0.001404860 0.001359520 0.001367640 0.001590930 0.001614410 0.003176540 
26     0.001054400 0.001071160 0.001046160 0.001026410 0.001110370 0.001055050 0.001075420 0.001071880 0.001002780 0.001002490 0.000989320 0.001000850 0.001034680 0.000947450 0.000947240 0.001267140 0.000995320 0.001120220 0.001078630 0.000961850 0.001157940 0.001034040 0.001047310 0.001087700 0.000882970 0.000820150 0.000862630 0.000369190 0.000348660 0.000000000 0.000037910 0.000425690 0.000501400 0.000725930 0.000913010 0.000657940 0.000887580 0.001459570 0.000754630 0.000930020 0.000901800 0.000924240 0.001014890 0.001120470 0.001158070 0.001367580 0.001322240 0.001330360 0.001553650 0.001577130 0.003139260 
36     0.001062430 0.001079190 0.001054190 0.001034440 0.001118400 0.001063080 0.001083450 0.001079910 0.001010810 0.001010520 0.000997350 0.001008880 0.001042710 0.000955480 0.000955270 0.001275170 0.001003350 0.001128250 0.001086660 0.000969880 0.001165970 0.001042070 0.001055340 0.001095730 0.000891000 0.000828180 0.000870660 0.000353570 0.000356690 0.000037910 0.000000000 0.000433720 0.000509430 0.000733960 0.000921040 0.000665970 0.000895610 0.001467600 0.000762660 0.000938050 0.000909830 0.000932270 0.001022920 0.001128500 0.001166100 0.001375610 0.001330270 0.001338390 0.001561680 0.001585160 0.003147290 
13     0.001113990 0.001130750 0.001105750 0.001086000 0.001080630 0.001114640 0.001135010 0.001131470 0.001062370 0.001062080 0.001048910 0.001060440 0.001094270 0.001007040 0.001006830 0.001326730 0.001054910 0.001179810 0.001013560 0.001021440 0.001205050 0.001093630 0.001106900 0.001107200 0.000938460 0.000879740 0.000922220 0.000489630 0.000462970 0.000425690 0.000433720 0.000000000 0.000037450 0.000785520 0.000972600 0.000625010 0.000947170 0.001227590 0.000730680 0.000829650 0.000893970 0.000850980 0.001074480 0.001037840 0.001207810 0.001263490 0.001250990 0.001322380 0.001339000 0.001490020 0.002962160 
25     0.001189700 0.001206460 0.001181460 0.001161710 0.001123330 0.001190350 0.001210720 0.001207180 0.001138080 0.001137790 0.001124620 0.001136150 0.001169980 0.001082750 0.001082540 0.001402440 0.001110400 0.001255520 0.001056260 0.001097150 0.001247750 0.001169340 0.001182610 0.001149900 0.000981160 0.000955450 0.000997930 0.000565340 0.000538680 0.000501400 0.000509430 0.000037450 0.000000000 0.000861230 0.001048310 0.000667710 0.001022880 0.001406610 0.000773380 0.000872350 0.000936670 0.000893680 0.001119910 0.001080540 0.001250510 0.001306190 0.001293690 0.001365080 0.001381700 0.001532720 0.003004860 
35     0.001102570 0.001119330 0.001094330 0.001074580 0.001158540 0.001103220 0.001123590 0.001120050 0.001050950 0.001050660 0.001037490 0.001049020 0.001082850 0.000995620 0.000995410 0.001315310 0.001043490 0.001168390 0.001126800 0.001010020 0.001206110 0.001082210 0.001095480 0.001135870 0.000931140 0.000868320 0.000910800 0.000695810 0.000592350 0.000725930 0.000733960 0.000785520 0.000861230 0.000000000 0.000683110 0.000598030 0.000935750 0.001507740 0.000802800 0.000978190 0.000949970 0.000972410 0.001063060 0.001168640 0.001206240 0.001415750 0.001370410 0.001378530 0.001517690 0.001625300 0.003140850 
10     0.001289650 0.001306410 0.001281410 0.001261660 0.001345620 0.001290300 0.001310670 0.001307130 0.001238030 0.001237740 0.001224570 0.001236100 0.001269930 0.001182700 0.001182490 0.001502390 0.001230570 0.001355470 0.001313880 0.001197100 0.001393190 0.001269290 0.001282560 0.001322950 0.001118220 0.001055400 0.001097880 0.000976950 0.000950290 0.000913010 0.000921040 0.000972600 0.001048310 0.000683110 0.000000000 0.000095260 0.001122830 0.001694820 0.000989880 0.001165270 0.001137050 0.001159490 0.001250140 0.001355720 0.001393320 0.001602830 0.001557490 0.001565610 0.001784180 0.001812380 0.003374510 
8     0.001034580 0.001051340 0.001026340 0.001006590 0.001090550 0.001035230 0.001055600 0.001052060 0.000982960 0.000982670 0.000969500 0.000981030 0.001014860 0.000927630 0.000927420 0.001247320 0.000975500 0.001100400 0.001054450 0.000942030 0.001138120 0.001014220 0.001027490 0.001067880 0.000863150 0.000800330 0.000842810 0.000721880 0.000695220 0.000657940 0.000665970 0.000625010 0.000667710 0.000598030 0.000095260 0.000000000 0.000867760 0.001439750 0.000734810 0.000870540 0.000881980 0.000891870 0.000995070 0.001078730 0.001138250 0.001304380 0.001291880 0.001310540 0.001379890 0.001530910 0.003003050 
28     0.001033280 0.001050040 0.001025040 0.001005290 0.001089250 0.001033930 0.001054300 0.001050760 0.000981660 0.000981370 0.000968200 0.000979730 0.001013560 0.000926330 0.000926120 0.001246020 0.000974200 0.001099100 0.001057510 0.000958930 0.001155020 0.001031120 0.001044390 0.001084780 0.000823830 0.000761010 0.000803490 0.000951520 0.000924860 0.000887580 0.000895610 0.000947170 0.001022880 0.000935750 0.001122830 0.000867760 0.000000000 0.001364580 0.000745050 0.000920440 0.000892220 0.000914660 0.001005310 0.001110890 0.001148490 0.001310300 0.001264960 0.001273080 0.001496370 0.001519850 0.003081980 
17     0.001616810 0.001633570 0.001608570 0.001588820 0.001672780 0.001617460 0.001637830 0.001634290 0.001565190 0.001564900 0.001551730 0.001563260 0.001597090 0.001509860 0.001509650 0.001829550 0.001557730 0.001682630 0.001641040 0.001530920 0.001727010 0.001603110 0.001616380 0.001656770 0.001445380 0.001382560 0.001425040 0.001523510 0.001496850 0.001459570 0.001467600 0.001227590 0.001406610 0.001507740 0.001694820 0.001439750 0.001364580 0.000000000 0.001199660 0.001299360 0.001452030 0.001326950 0.001398240 0.001169610 0.001432890 0.001929990 0.001884650 0.001892770 0.002116060 0.002139540 0.003701670 
39     0.000911870 0.000928630 0.000903630 0.000883880 0.000967840 0.000912520 0.000932890 0.000929350 0.000860250 0.000859960 0.000846790 0.000858320 0.000892150 0.000804920 0.000804710 0.001124610 0.000852790 0.000977690 0.000936100 0.000825980 0.000539700 0.000898170 0.000911440 0.000347990 0.000740440 0.000677620 0.000720100 0.000818570 0.000791910 0.000754630 0.000762660 0.000730680 0.000773380 0.000802800 0.000989880 0.000734810 0.000745050 0.001199660 0.000000000 0.000580710 0.000599570 0.000602040 0.000472520 0.000744050 0.001003360 0.001190650 0.001178150 0.001187830 0.001186010 0.001417180 0.002889320 
5     0.001087260 0.001104020 0.001079020 0.001059270 0.001106760 0.001087910 0.001108280 0.001104740 0.001035640 0.001035350 0.001022180 0.001033710 0.001067540 0.000980310 0.000980100 0.001300000 0.001028180 0.001153080 0.001039690 0.001001370 0.001197460 0.001073560 0.001086830 0.001127220 0.000915830 0.000853010 0.000895490 0.000993960 0.000967300 0.000930020 0.000938050 0.000829650 0.000872350 0.000978190 0.001165270 0.000870540 0.000920440 0.001299360 0.000580710 0.000000000 0.000026380 0.000363590 0.000775730 0.000945930 0.001115900 0.001289620 0.001277120 0.001348510 0.001365130 0.001516150 0.002988290 
44     0.001059040 0.001075800 0.001050800 0.001031050 0.001115010 0.001059690 0.001080060 0.001076520 0.001007420 0.001007130 0.000993960 0.001005490 0.001039320 0.000952090 0.000951880 0.001271780 0.000999960 0.001124860 0.001083270 0.000973150 0.001169240 0.001045340 0.001058610 0.001099000 0.000887610 0.000824790 0.000867270 0.000965740 0.000939080 0.000901800 0.000909830 0.000893970 0.000936670 0.000949970 0.001137050 0.000881980 0.000892220 0.001452030 0.000599570 0.000026380 0.000000000 0.000454110 0.000747510 0.001010250 0.001150530 0.001353940 0.001326880 0.001335000 0.001429450 0.001580470 0.003052610 
27     0.001081480 0.001098240 0.001073240 0.001053490 0.001128090 0.001082130 0.001102500 0.001098960 0.001029860 0.001029570 0.001016400 0.001027930 0.001061760 0.000974530 0.000974320 0.001294220 0.001022400 0.001147300 0.001061020 0.000995590 0.001191680 0.001067780 0.001081050 0.001121440 0.000910050 0.000847230 0.000889710 0.000988180 0.000961520 0.000924240 0.000932270 0.000850980 0.000893680 0.000972410 0.001159490 0.000891870 0.000914660 0.001326950 0.000602040 0.000363590 0.000454110 0.000000000 0.000650660 0.000964240 0.001137230 0.001310950 0.001298450 0.001357440 0.001386460 0.001537480 0.003009620 
11     0.001172130 0.001188890 0.001163890 0.001144140 0.001228100 0.001172780 0.001193150 0.001189610 0.001120510 0.001120220 0.001107050 0.001118580 0.001152410 0.001065180 0.001064970 0.001384870 0.001113050 0.001237950 0.001196360 0.001086240 0.000747880 0.001158430 0.001171700 0.000556170 0.001000700 0.000937880 0.000980360 0.001078830 0.001052170 0.001014890 0.001022920 0.001074480 0.001119910 0.001063060 0.001250140 0.000995070 0.001005310 0.001398240 0.000472520 0.000775730 0.000747510 0.000650660 0.000000000 0.000942630 0.001205910 0.001485310 0.001439970 0.001448090 0.001612690 0.001694860 0.003235850 
21     0.001277710 0.001294470 0.001269470 0.001249720 0.001314950 0.001278360 0.001298730 0.001295190 0.001226090 0.001225800 0.001212630 0.001224160 0.001257990 0.001170760 0.001170550 0.001490450 0.001218630 0.001343530 0.001247880 0.001191820 0.001387910 0.001264010 0.001277280 0.001317670 0.001106280 0.001043460 0.001085940 0.001184410 0.001157750 0.001120470 0.001128500 0.001037840 0.001080540 0.001168640 0.001355720 0.001078730 0.001110890 0.001169610 0.000744050 0.000945930 0.001010250 0.000964240 0.000942630 0.000000000 0.000012330 0.001497810 0.001485310 0.001553670 0.001573320 0.001724340 0.003196480 
29     0.001315310 0.001332070 0.001307070 0.001287320 0.001371280 0.001315960 0.001336330 0.001332790 0.001263690 0.001263400 0.001250230 0.001261760 0.001295590 0.001208360 0.001208150 0.001528050 0.001256230 0.001381130 0.001339540 0.001229420 0.001425510 0.001301610 0.001314880 0.001355270 0.001143880 0.001081060 0.001123540 0.001222010 0.001195350 0.001158070 0.001166100 0.001207810 0.001250510 0.001206240 0.001393320 0.001138250 0.001148490 0.001432890 0.001003360 0.001115900 0.001150530 0.001137230 0.001205910 0.000012330 0.000000000 0.001628490 0.001583150 0.001591270 0.001743290 0.001838040 0.003366450 
50     0.001306320 0.001393170 0.001352650 0.001485290 0.001188520 0.001349310 0.001304250 0.001322890 0.001224820 0.001302420 0.001342440 0.001333470 0.001276810 0.001241110 0.001261170 0.001625520 0.001175590 0.001403350 0.001121450 0.001438930 0.001635020 0.001511120 0.001524390 0.001554890 0.001305690 0.001242870 0.001285350 0.001431520 0.001404860 0.001367580 0.001375610 0.001263490 0.001306190 0.001415750 0.001602830 0.001304380 0.001310300 0.001929990 0.001190650 0.001289620 0.001353940 0.001310950 0.001485310 0.001497810 0.001628490 0.000000000 0.000285560 0.000307200 0.001154350 0.001305370 0.001588950 
47     0.001293820 0.001380670 0.001340150 0.001439950 0.001176020 0.001336810 0.001291750 0.001310390 0.001212320 0.001289920 0.001329940 0.001320970 0.001264310 0.001228610 0.001248670 0.001613020 0.001163090 0.001390850 0.001108950 0.001393590 0.001589680 0.000481160 0.000214840 0.001519440 0.001260350 0.001197530 0.001240010 0.001386180 0.001359520 0.001322240 0.001330270 0.001250990 0.001293690 0.001370410 0.001557490 0.001291880 0.001264960 0.001884650 0.001178150 0.001277120 0.001326880 0.001298450 0.001439970 0.001485310 0.001583150 0.000285560 0.000000000 0.000342700 0.000502990 0.000817740 0.000727280 
46     0.001365210 0.001452060 0.001411540 0.001448070 0.001247410 0.001408200 0.001363140 0.001381780 0.001283710 0.001361310 0.001401330 0.001392360 0.001335700 0.001300000 0.001320060 0.001684410 0.001234480 0.001462240 0.001180340 0.001401710 0.001597800 0.001473900 0.001487170 0.001527560 0.001268470 0.001205650 0.001248130 0.001394300 0.001367640 0.001330360 0.001338390 0.001322380 0.001365080 0.001378530 0.001565610 0.001310540 0.001273080 0.001892770 0.001187830 0.001348510 0.001335000 0.001357440 0.001448090 0.001553670 0.001591270 0.000307200 0.000342700 0.000000000 0.000808060 0.001249030 0.001158570 
48     0.001381830 0.001468680 0.001428160 0.001671360 0.001264030 0.001424820 0.001379760 0.001398400 0.001300330 0.001377930 0.000353450 0.001408980 0.001352320 0.001316620 0.001336680 0.001701030 0.001251100 0.001478860 0.001196960 0.001494670 0.001728250 0.001688240 0.001710460 0.001588620 0.001453220 0.001428940 0.001471420 0.001594600 0.001590930 0.001553650 0.001561680 0.001339000 0.001381700 0.001517690 0.001784180 0.001379890 0.001496370 0.002116060 0.001186010 0.001365130 0.001429450 0.001386460 0.001612690 0.001573320 0.001743290 0.001154350 0.000502990 0.000808060 0.000000000 0.000131630 0.000973850 
49     0.001532850 0.001619700 0.001579180 0.001694840 0.001415050 0.001575840 0.001530780 0.001549420 0.001451350 0.001528950 0.001568970 0.001560000 0.001503340 0.001467640 0.001487700 0.001852050 0.001402120 0.001629880 0.001347980 0.001648480 0.001844570 0.001720670 0.001733940 0.001774330 0.001515240 0.001452420 0.001494900 0.001641070 0.001614410 0.001577130 0.001585160 0.001490020 0.001532720 0.001625300 0.001812380 0.001530910 0.001519850 0.002139540 0.001417180 0.001516150 0.001580470 0.001537480 0.001694860 0.001724340 0.001838040 0.001305370 0.000817740 0.001249030 0.000131630 0.000000000 0.001288600 
0     0.003004990 0.003091840 0.003051320 0.003256970 0.001732440 0.003047980 0.003002920 0.003021560 0.002923490 0.003001090 0.003041110 0.003032140 0.001431680 0.002939780 0.002957510 0.003324190 0.002874260 0.003102020 0.002820120 0.003210610 0.003351410 0.003123420 0.003097370 0.003253560 0.003076380 0.003014550 0.003057030 0.003203200 0.003176540 0.003139260 0.003147290 0.002962160 0.003004860 0.003140850 0.003374510 0.003003050 0.003081980 0.003701670 0.002889320 0.002988290 0.003052610 0.003009620 0.003235850 0.003196480 0.003366450 0.001588950 0.000727280 0.001158570 0.000973850 0.001288600 0.000000000 
