51
38     0.000000000 0.026059398 0.025580052 0.049890990 0.050486906 0.056432420 0.056197454 0.055857998 0.057658377 0.060117403 0.064471736 0.065795266 0.064734391 0.060138375 0.059630941 0.073780485 0.061035128 0.090905828 0.088931107 0.109270019 0.105928020 0.104246794 0.104257495 0.104299744 0.089858171 0.087728458 0.088769758 0.093367052 0.091610874 0.088371426 0.089419759 0.088948001 0.092951798 0.092899411 0.109471263 0.087981324 0.081645536 0.114721701 0.078907662 0.093666447 0.094165649 0.097384182 0.096494291 0.095123663 0.102449291 0.099559228 0.096065219 0.099211844 0.108791671 0.108960378 0.219895691 
18     0.026059398 0.000000000 0.020142877 0.051787787 0.052408317 0.058410436 0.058171789 0.057832333 0.059642982 0.061865658 0.066306990 0.067640091 0.066558945 0.062009972 0.061485985 0.075596985 0.062851628 0.092821363 0.090846641 0.111247349 0.107905349 0.106224124 0.106234825 0.106277074 0.091947134 0.089817421 0.090858720 0.095310046 0.093553868 0.090323439 0.091371772 0.090900015 0.094903811 0.094851425 0.111423277 0.089933338 0.083592813 0.116668979 0.080854940 0.095613725 0.096112926 0.099331460 0.098441568 0.097070940 0.104396569 0.101508404 0.098014395 0.101161020 0.110740847 0.110909554 0.221845336 
2     0.025580052 0.020142877 0.000000000 0.051498782 0.052114210 0.058054083 0.057815436 0.057475980 0.059255684 0.061520485 0.066075427 0.067385487 0.066324612 0.061775563 0.061269064 0.075380721 0.062635364 0.092542901 0.090568179 0.110968886 0.107626887 0.105945661 0.105956362 0.105998611 0.091668671 0.089538958 0.090580258 0.095031583 0.093275405 0.090044977 0.091093310 0.090621552 0.094625349 0.094572962 0.111144815 0.089654875 0.083314351 0.116390516 0.080576477 0.095335263 0.095834464 0.099052997 0.098163106 0.096792478 0.104118106 0.101229941 0.097735932 0.100882558 0.110462385 0.110631091 0.221566873 
22     0.049890990 0.051787787 0.051498782 0.000000000 0.021425776 0.053917944 0.053572003 0.053216398 0.055004543 0.057202022 0.061936062 0.063426939 0.062366079 0.057615121 0.057108622 0.071331536 0.058516553 0.088193114 0.086247486 0.106526003 0.103183143 0.101500595 0.101512619 0.101557359 0.087373079 0.085273793 0.086315093 0.090707133 0.088950955 0.085711507 0.086759231 0.086288082 0.090291879 0.090239492 0.106811344 0.085313419 0.079036871 0.112107314 0.076302056 0.090990757 0.091489958 0.094726233 0.093872195 0.092486790 0.099812418 0.096887105 0.093393095 0.096539721 0.106118559 0.106287266 0.217250016 
16     0.050486906 0.052408317 0.052114210 0.021425776 0.000000000 0.054445971 0.054059080 0.053703475 0.055521479 0.057756759 0.062638647 0.064077566 0.063016706 0.058268858 0.057762358 0.071982364 0.059170375 0.088842613 0.086884329 0.107171380 0.103828519 0.102145971 0.102157995 0.102202735 0.088022335 0.085915187 0.086956487 0.091355992 0.089599815 0.086360366 0.087408090 0.086936942 0.090940738 0.090888352 0.107460204 0.085962278 0.079685730 0.112764129 0.076950915 0.091709701 0.092208902 0.095427435 0.094520181 0.093135649 0.100461278 0.097535566 0.094041557 0.097188182 0.106768009 0.106936716 0.217895392 
34     0.056432420 0.058410436 0.058054083 0.053917944 0.054445971 0.000000000 0.034150424 0.033733886 0.051423842 0.060836770 0.065259304 0.066670334 0.065692402 0.061137822 0.060707201 0.074458289 0.061723727 0.091770277 0.089802351 0.110174638 0.106832639 0.105151413 0.105162114 0.105204363 0.090849363 0.088715634 0.089756934 0.094303141 0.092546964 0.089319199 0.090369036 0.089895775 0.093899571 0.093847185 0.110419037 0.088921111 0.082542072 0.115576938 0.079763861 0.094522646 0.095021848 0.098240381 0.097356054 0.095980532 0.103306161 0.100432176 0.096938167 0.100084792 0.109680767 0.109833326 0.220816081 
14     0.056197454 0.058171789 0.057815436 0.053572003 0.054059080 0.034150424 0.000000000 0.008708335 0.050584101 0.060405403 0.064807999 0.066181246 0.065388321 0.060653055 0.060222433 0.074047223 0.061315116 0.091452150 0.089484224 0.109869443 0.106527444 0.104846218 0.104856919 0.104899168 0.090419247 0.088306590 0.089347889 0.093973104 0.092216927 0.088986498 0.090036335 0.089563074 0.093566870 0.093514484 0.110086336 0.088588410 0.082206761 0.115243264 0.079430187 0.094188973 0.094688174 0.097906707 0.097022380 0.095679303 0.103004932 0.100103905 0.096609896 0.099756521 0.109360391 0.109512950 0.220495705 
42     0.055857998 0.057832333 0.057475980 0.053216398 0.053703475 0.033733886 0.008708335 0.000000000 0.050305934 0.060056557 0.064445246 0.065792788 0.064999863 0.060264597 0.059833975 0.073658765 0.060926658 0.091050251 0.089082326 0.109467544 0.106125545 0.104444319 0.104455021 0.104497270 0.090017348 0.087904691 0.088945991 0.093571206 0.091815028 0.088584600 0.089634437 0.089161175 0.093164972 0.093112585 0.109684437 0.088186512 0.081804863 0.114841366 0.079028289 0.093787074 0.094286275 0.097504809 0.096620482 0.095277405 0.102603033 0.099702007 0.096207997 0.099354623 0.108958493 0.109111052 0.220093807 
9     0.057658377 0.059642982 0.059255684 0.055004543 0.055521479 0.051423842 0.050584101 0.050305934 0.000000000 0.061612825 0.065807522 0.067190815 0.066404213 0.061725269 0.061255928 0.075095310 0.062333037 0.092315579 0.090347654 0.110764325 0.107422326 0.105741100 0.105751801 0.105794050 0.091475637 0.089334168 0.090375467 0.094786548 0.093030370 0.089799941 0.090847666 0.090333757 0.094371226 0.094282615 0.110891545 0.089427452 0.083071845 0.116166610 0.080353532 0.095112318 0.095611519 0.098830052 0.097945725 0.096580290 0.103905918 0.101084785 0.097590776 0.100737401 0.110341272 0.110493831 0.221055520 
19     0.060117403 0.061865658 0.061520485 0.057202022 0.057756759 0.060836770 0.060405403 0.060056557 0.061612825 0.000000000 0.066483081 0.067838862 0.067067126 0.062338200 0.061809909 0.075744695 0.062880126 0.092878120 0.090880077 0.111138385 0.107796386 0.106115160 0.106125861 0.106168110 0.091888962 0.089741184 0.090782484 0.094991966 0.093235789 0.090079675 0.091127399 0.090699035 0.094702832 0.094713264 0.111285116 0.089787190 0.083561472 0.116562699 0.080758230 0.095517015 0.096016216 0.099234750 0.098352380 0.097005447 0.104331075 0.101333708 0.097839699 0.100986325 0.110447244 0.110655423 0.221740035 
12     0.064471736 0.066306990 0.066075427 0.061936062 0.062638647 0.065259304 0.064807999 0.064445246 0.065807522 0.066483081 0.000000000 0.049239859 0.048304034 0.046189582 0.045684638 0.059477547 0.046595342 0.089771436 0.087796013 0.108212908 0.104870909 0.103189683 0.103200384 0.103242633 0.088895884 0.086755969 0.087797269 0.092289143 0.090532965 0.087281843 0.088300908 0.087858419 0.091862215 0.091832093 0.108403945 0.086914006 0.080459314 0.113601537 0.077776228 0.092533660 0.093032861 0.096251395 0.095370881 0.093992392 0.101318021 0.098454160 0.094960150 0.098106776 0.107700211 0.107854389 0.218813893 
40     0.065795266 0.067640091 0.067385487 0.063426939 0.064077566 0.066670334 0.066181246 0.065792788 0.067190815 0.067838862 0.049239859 0.000000000 0.028308193 0.046611486 0.046150946 0.060299674 0.047334381 0.091076513 0.089077791 0.109443033 0.106101033 0.104419808 0.104430509 0.104472758 0.090114399 0.087974484 0.089015784 0.093335399 0.091596206 0.088344171 0.089363236 0.088957544 0.092961340 0.092913398 0.109470793 0.087987230 0.081632733 0.114806018 0.078980710 0.093738142 0.094237343 0.097455877 0.096580162 0.095148173 0.102473801 0.099680971 0.096186962 0.099333587 0.108921916 0.109074475 0.220019962 
20     0.064734391 0.066558945 0.066324612 0.062366079 0.063016706 0.065692402 0.065388321 0.064999863 0.066404213 0.067067126 0.048304034 0.028308193 0.000000000 0.046089915 0.045629698 0.059760107 0.046916454 0.090101211 0.088125789 0.108519653 0.105177654 0.103496428 0.103507129 0.103549378 0.089191020 0.087051105 0.088092404 0.092577691 0.090821513 0.087570391 0.088587402 0.088146967 0.092150763 0.092120641 0.108692493 0.087194473 0.080568606 0.113893219 0.078067910 0.092825342 0.093324543 0.096543077 0.095667363 0.094215576 0.101541205 0.098765979 0.095271969 0.098418595 0.108006923 0.108159482 0.219078529 
31     0.060138375 0.062009972 0.061775563 0.057615121 0.058268858 0.061137822 0.060653055 0.060264597 0.061725269 0.062338200 0.046189582 0.046611486 0.046089915 0.000000000 0.011187280 0.051453484 0.038277520 0.085482824 0.083484781 0.103892176 0.100550177 0.098868951 0.098879652 0.098921901 0.084571272 0.082412489 0.083453788 0.087881533 0.086123962 0.082872841 0.083893097 0.083486196 0.087489993 0.087484252 0.104056104 0.082558083 0.076225733 0.109276736 0.073450317 0.088207749 0.088706950 0.091925484 0.091044970 0.089645252 0.096970880 0.094012584 0.090517408 0.093674844 0.103408643 0.103490751 0.214188354 
30     0.059630941 0.061485985 0.061269064 0.057108622 0.057762358 0.060707201 0.060222433 0.059833975 0.061255928 0.061809909 0.045684638 0.046150946 0.045629698 0.011187280 0.000000000 0.050987941 0.037795227 0.085032692 0.083034648 0.103444251 0.100102252 0.098421026 0.098431728 0.098473977 0.084123347 0.081971884 0.083013183 0.087434474 0.085676904 0.082425782 0.083446039 0.083039138 0.087042935 0.087037193 0.103609046 0.082111025 0.075791853 0.108829926 0.073003506 0.087760938 0.088260139 0.091478673 0.090598160 0.089178684 0.096504312 0.093561627 0.090066451 0.093223887 0.102957687 0.103039794 0.213699364 
37     0.073780485 0.075596985 0.075380721 0.071331536 0.071982364 0.074458289 0.074047223 0.073658765 0.075095310 0.075744695 0.059477547 0.060299674 0.059760107 0.051453484 0.050987941 0.000000000 0.029996124 0.099051988 0.097076566 0.117421423 0.114079424 0.112398198 0.112408899 0.112451148 0.098059198 0.095935362 0.096976662 0.101476355 0.099720177 0.096469056 0.097475653 0.097023901 0.101025065 0.101019306 0.117591158 0.096093137 0.089510164 0.122812927 0.086987618 0.101745050 0.102244251 0.105462785 0.104587071 0.103174392 0.110500021 0.107675261 0.104181251 0.107327877 0.116929818 0.117090719 0.228044988 
1     0.061035128 0.062851628 0.062635364 0.058516553 0.059170375 0.061723727 0.061315116 0.060926658 0.062333037 0.062880126 0.046595342 0.047334381 0.046916454 0.038277520 0.037795227 0.029996124 0.000000000 0.086313683 0.084315639 0.104679186 0.101337186 0.099655961 0.099666662 0.099708911 0.085364595 0.083224680 0.084265979 0.088744880 0.086988702 0.083737580 0.084741715 0.084314156 0.088317953 0.088287830 0.104859683 0.083361662 0.076763078 0.110069248 0.074242828 0.089000260 0.089499462 0.092717995 0.091842281 0.090433759 0.097759388 0.094915035 0.091421026 0.094567651 0.104169593 0.104330493 0.215284762 
4     0.090905828 0.092821363 0.092542901 0.088193114 0.088842613 0.091770277 0.091452150 0.091050251 0.092315579 0.092878120 0.089771436 0.091076513 0.090101211 0.085482824 0.085032692 0.099051988 0.086313683 0.000000000 0.033654781 0.114717087 0.111373800 0.109692575 0.109703276 0.109743347 0.095636350 0.093376776 0.094418076 0.099273171 0.097516988 0.094251964 0.095346738 0.094828540 0.098832336 0.098802324 0.115368121 0.093886191 0.087203195 0.120399873 0.084468189 0.099359011 0.099858212 0.102994674 0.102170959 0.100927856 0.108253484 0.105666877 0.102172867 0.105319493 0.114989123 0.115119285 0.225843550 
3     0.088931107 0.090846641 0.090568179 0.086247486 0.086884329 0.089802351 0.089484224 0.089082326 0.090347654 0.090880077 0.087796013 0.089077791 0.088125789 0.083484781 0.083034648 0.097076566 0.084315639 0.033654781 0.000000000 0.113057739 0.109715740 0.108034514 0.108045215 0.108087464 0.093666919 0.091413031 0.092454331 0.097304902 0.095548719 0.092283695 0.093378469 0.092860271 0.096864067 0.096834055 0.113399852 0.091917923 0.085233765 0.118399047 0.082498759 0.097389581 0.097888782 0.101025244 0.100201528 0.098958426 0.106284054 0.103665313 0.100171303 0.103317929 0.112987559 0.113117721 0.223841986 
45     0.109270019 0.111247349 0.110968886 0.106526003 0.107171380 0.110174638 0.109869443 0.109467544 0.110764325 0.111138385 0.108212908 0.109443033 0.108519653 0.103892176 0.103444251 0.117421423 0.104679186 0.114717087 0.113057739 0.000000000 0.048390040 0.047174183 0.047231986 0.047565955 0.096254411 0.094162808 0.095204108 0.106488907 0.104732729 0.101375387 0.102476385 0.102034882 0.106038679 0.105985683 0.122553679 0.101063847 0.094473923 0.127466013 0.091141136 0.106034470 0.106533671 0.109658068 0.108923902 0.107850196 0.115175825 0.112382521 0.108873478 0.112035137 0.121534157 0.121615425 0.232976455 
41     0.105928020 0.107905349 0.107626887 0.103183143 0.103828519 0.106832639 0.106527444 0.106125545 0.107422326 0.107796386 0.104870909 0.106101033 0.105177654 0.100550177 0.100102252 0.114079424 0.101337186 0.111373800 0.109715740 0.048390040 0.000000000 0.022151723 0.022029339 0.035320339 0.092887868 0.090796264 0.091837564 0.103178197 0.101422019 0.098064676 0.099165675 0.098724172 0.102727968 0.102721283 0.119290677 0.097790057 0.091186201 0.124124119 0.087798067 0.102691401 0.103190602 0.106334055 0.105586771 0.104507128 0.111832756 0.109033894 0.105524851 0.108686510 0.118185938 0.118267051 0.229643622 
43     0.104246794 0.106224124 0.105945661 0.101500595 0.102145971 0.105151413 0.104846218 0.104444319 0.105741100 0.106115160 0.103189683 0.104419808 0.103496428 0.098868951 0.098421026 0.112398198 0.099655961 0.109692575 0.108034514 0.047174183 0.022151723 0.000000000 0.014013713 0.033691889 0.091208219 0.089116615 0.090157915 0.101499517 0.099743339 0.096385997 0.097486995 0.097045492 0.101049289 0.101042603 0.117611997 0.096111378 0.089507521 0.122445439 0.086119387 0.101012721 0.101511922 0.104655376 0.103908091 0.102828448 0.110154076 0.107340619 0.103831132 0.106994299 0.116496847 0.116577959 0.227960949 
33     0.104257495 0.106234825 0.105956362 0.101512619 0.102157995 0.105162114 0.104856919 0.104455021 0.105751801 0.106125861 0.103200384 0.104430509 0.103507129 0.098879652 0.098431728 0.112408899 0.099666662 0.109703276 0.108045215 0.047231986 0.022029339 0.014013713 0.000000000 0.033732580 0.091218920 0.089127317 0.090168616 0.101510218 0.099754040 0.096396698 0.097497697 0.097056193 0.101059990 0.101053304 0.117622699 0.096122079 0.089518222 0.122456140 0.086130088 0.101023422 0.101522623 0.104666077 0.103918792 0.102839149 0.110164777 0.107351321 0.103841833 0.107005000 0.116507548 0.116588660 0.227971650 
6     0.104299744 0.106277074 0.105998611 0.101557359 0.102202735 0.105204363 0.104899168 0.104497270 0.105794050 0.106168110 0.103242633 0.104472758 0.103549378 0.098921901 0.098473977 0.112451148 0.099708911 0.109743347 0.108087464 0.047565955 0.035320339 0.033691889 0.033732580 0.000000000 0.091274969 0.089183366 0.090224666 0.101549196 0.099793018 0.096435675 0.097536674 0.097095171 0.101098967 0.101092282 0.117661676 0.096161056 0.089557457 0.122495118 0.086169066 0.101062400 0.101561601 0.104705054 0.103957770 0.102878127 0.110203755 0.107404893 0.103895850 0.107057509 0.116556937 0.116637797 0.228014621 
15     0.089858171 0.091947134 0.091668671 0.087373079 0.088022335 0.090849363 0.090419247 0.090017348 0.091475637 0.091888962 0.088895884 0.090114399 0.089191020 0.084571272 0.084123347 0.098059198 0.085364595 0.095636350 0.093666919 0.096254411 0.092887868 0.091208219 0.091218920 0.091274969 0.000000000 0.035138059 0.036327520 0.087537796 0.085781538 0.082380853 0.083481851 0.083047914 0.087051711 0.087057302 0.103614078 0.082151647 0.074987992 0.108122121 0.071650643 0.086481413 0.086980614 0.090159889 0.089378261 0.088380537 0.095706166 0.092904604 0.089395561 0.092557220 0.102283338 0.102396820 0.213712611 
24     0.087728458 0.089817421 0.089538958 0.085273793 0.085915187 0.088715634 0.088306590 0.087904691 0.089334168 0.089741184 0.086755969 0.087974484 0.087051105 0.082412489 0.081971884 0.095935362 0.083224680 0.093376776 0.091413031 0.094162808 0.090796264 0.089116615 0.089127317 0.089183366 0.035138059 0.000000000 0.016659710 0.085324882 0.083568624 0.080169946 0.081264156 0.080845540 0.084849336 0.084901002 0.101457778 0.079994210 0.072847818 0.105989067 0.069527148 0.084351618 0.084850819 0.088030094 0.087248466 0.086250742 0.093576371 0.090793532 0.087284488 0.090446148 0.100172266 0.100285748 0.211585394 
23     0.088769758 0.090858720 0.090580258 0.086315093 0.086956487 0.089756934 0.089347889 0.088945991 0.090375467 0.090782484 0.087797269 0.089015784 0.088092404 0.083453788 0.083013183 0.096976662 0.084265979 0.094418076 0.092454331 0.095204108 0.091837564 0.090157915 0.090168616 0.090224666 0.036327520 0.016659710 0.000000000 0.086366182 0.084609924 0.081211246 0.082305455 0.081886839 0.085890636 0.085942302 0.102499078 0.081035510 0.073889117 0.107030367 0.070568447 0.085392917 0.085892118 0.089071394 0.088289766 0.087292042 0.094617671 0.091834831 0.088325788 0.091487447 0.101213566 0.101327048 0.212626693 
7     0.093367052 0.095310046 0.095031583 0.090707133 0.091355992 0.094303141 0.093973104 0.093571206 0.094786548 0.094991966 0.092289143 0.093335399 0.092577691 0.087881533 0.087434474 0.101476355 0.088744880 0.099273171 0.097304902 0.106488907 0.103178197 0.101499517 0.101510218 0.101549196 0.087537796 0.085324882 0.086366182 0.000000000 0.021387308 0.030768401 0.031833894 0.044470575 0.048542755 0.063180408 0.079818886 0.057944336 0.077173871 0.109096989 0.073666150 0.088485910 0.088985111 0.092214734 0.091249278 0.090203191 0.097536325 0.095843924 0.092188396 0.095496540 0.104866525 0.105020129 0.216422021 
32     0.091610874 0.093553868 0.093275405 0.088950955 0.089599815 0.092546964 0.092216927 0.091815028 0.093030370 0.093235789 0.090532965 0.091596206 0.090821513 0.086123962 0.085676904 0.099720177 0.086988702 0.097516988 0.095548719 0.104732729 0.101422019 0.099743339 0.099754040 0.099793018 0.085781538 0.083568624 0.084609924 0.021387308 0.000000000 0.029106010 0.030211883 0.042701761 0.046791232 0.061416924 0.078055402 0.056180819 0.075418447 0.107343032 0.071912193 0.086731953 0.087231154 0.090460777 0.089495321 0.088472158 0.095805292 0.094087746 0.090432218 0.093740363 0.103110347 0.103263951 0.214665844 
26     0.088371426 0.090323439 0.090044977 0.085711507 0.086360366 0.089319199 0.088986498 0.088584600 0.089799941 0.090079675 0.087281843 0.088344171 0.087570391 0.082872841 0.082425782 0.096469056 0.083737580 0.094251964 0.092283695 0.101375387 0.098064676 0.096385997 0.096396698 0.096435675 0.082380853 0.080169946 0.081211246 0.030768401 0.029106010 0.000000000 0.014967652 0.039474885 0.043501391 0.058142117 0.074780595 0.052875795 0.072102482 0.104027067 0.068555354 0.083328490 0.083827691 0.087057313 0.086091857 0.085017992 0.092401829 0.090689228 0.087031601 0.090344903 0.099732974 0.099886577 0.211346173 
36     0.089419759 0.091371772 0.091093310 0.086759231 0.087408090 0.090369036 0.090036335 0.089634437 0.090847666 0.091127399 0.088300908 0.089363236 0.088587402 0.083893097 0.083446039 0.097475653 0.084741715 0.095346738 0.093378469 0.102476385 0.099165675 0.097486995 0.097497697 0.097536674 0.083481851 0.081264156 0.082305455 0.031833894 0.030211883 0.014967652 0.000000000 0.040709683 0.044724452 0.059297527 0.075936005 0.054032921 0.073202551 0.105154507 0.069683842 0.084455929 0.084955130 0.088184753 0.087219297 0.086146479 0.093530316 0.091815054 0.088157428 0.091470730 0.100858800 0.101012404 0.212460674 
13     0.088948001 0.090900015 0.090621552 0.086288082 0.086936942 0.089895775 0.089563074 0.089161175 0.090333757 0.090699035 0.087858419 0.088957544 0.088146967 0.083486196 0.083039138 0.097023901 0.084314156 0.094828540 0.092860271 0.102034882 0.098724172 0.097045492 0.097056193 0.097095171 0.083047914 0.080845540 0.081886839 0.044470575 0.042701761 0.039474885 0.040709683 0.000000000 0.017161825 0.058727033 0.075406049 0.053556359 0.072624036 0.104996998 0.069567937 0.084291456 0.084802792 0.087978106 0.087069880 0.086029248 0.093461127 0.091791982 0.088130072 0.091444598 0.100816976 0.100974214 0.212013768 
25     0.092951798 0.094903811 0.094625349 0.090291879 0.090940738 0.093899571 0.093566870 0.093164972 0.094371226 0.094702832 0.091862215 0.092961340 0.092150763 0.087489993 0.087042935 0.101025065 0.088317953 0.098832336 0.096864067 0.106038679 0.102727968 0.101049289 0.101059990 0.101098967 0.087051711 0.084849336 0.085890636 0.048542755 0.046791232 0.043501391 0.044724452 0.017161825 0.000000000 0.062747683 0.079426700 0.057576927 0.076627832 0.109000794 0.073571733 0.088295253 0.088806588 0.091981902 0.091063777 0.090033305 0.097464923 0.095795778 0.092133868 0.095448394 0.104820773 0.104978011 0.216017565 
35     0.092899411 0.094851425 0.094572962 0.090239492 0.090888352 0.093847185 0.093514484 0.093112585 0.094282615 0.094713264 0.091832093 0.092913398 0.092120641 0.087484252 0.087037193 0.101019306 0.088287830 0.098802324 0.096834055 0.105985683 0.102721283 0.101042603 0.101053304 0.101092282 0.087057302 0.084901002 0.085942302 0.063180408 0.061416924 0.058142117 0.059297527 0.058727033 0.062747683 0.000000000 0.055052684 0.044112983 0.076441283 0.109031523 0.073500700 0.088273836 0.088773037 0.092002659 0.091009038 0.089975167 0.097338284 0.095968786 0.092300764 0.095621402 0.104965721 0.105148298 0.215818691 
10     0.109471263 0.111423277 0.111144815 0.106811344 0.107460204 0.110419037 0.110086336 0.109684437 0.110891545 0.111285116 0.108403945 0.109470793 0.108692493 0.104056104 0.103609046 0.117591158 0.104859683 0.115368121 0.113399852 0.122553679 0.119290677 0.117611997 0.117622699 0.117661676 0.103614078 0.101457778 0.102499078 0.079818886 0.078055402 0.074780595 0.075936005 0.075406049 0.079426700 0.055052684 0.000000000 0.060593545 0.093035538 0.125615863 0.090085041 0.104858176 0.105357377 0.108587000 0.107577952 0.106559587 0.113922625 0.112469127 0.108801106 0.112121743 0.121180743 0.121511571 0.232393276 
8     0.087981324 0.089933338 0.089654875 0.085313419 0.085962278 0.088921111 0.088588410 0.088186512 0.089427452 0.089787190 0.086914006 0.087987230 0.087194473 0.082558083 0.082111025 0.096093137 0.083361662 0.093886191 0.091917923 0.101063847 0.097790057 0.096111378 0.096122079 0.096161056 0.082151647 0.079994210 0.081035510 0.057944336 0.056180819 0.052875795 0.054032921 0.053556359 0.057576927 0.044112983 0.060593545 0.000000000 0.071512279 0.104092810 0.068592075 0.083365210 0.083864411 0.087092834 0.086129208 0.085035331 0.092428459 0.091066861 0.087405340 0.090719478 0.100030450 0.100246374 0.210921375 
28     0.081645536 0.083592813 0.083314351 0.079036871 0.079685730 0.082542072 0.082206761 0.081804863 0.083071845 0.083561472 0.080459314 0.081632733 0.080568606 0.076225733 0.075791853 0.089510164 0.076763078 0.087203195 0.085233765 0.094473923 0.091186201 0.089507521 0.089518222 0.089557457 0.074987992 0.072847818 0.073889117 0.077173871 0.075418447 0.072102482 0.073202551 0.072624036 0.076627832 0.076441283 0.093035538 0.071512279 0.000000000 0.093637702 0.057320182 0.072116794 0.072615995 0.075820403 0.074950541 0.073801193 0.081124611 0.084655019 0.081149400 0.084307636 0.094210348 0.094425613 0.205181950 
17     0.114721701 0.116668979 0.116390516 0.112107314 0.112764129 0.115576938 0.115243264 0.114841366 0.116166610 0.116562699 0.113601537 0.114806018 0.113893219 0.109276736 0.108829926 0.122812927 0.110069248 0.120399873 0.118399047 0.127466013 0.124124119 0.122445439 0.122456140 0.122495118 0.108122121 0.105989067 0.107030367 0.109096989 0.107343032 0.104027067 0.105154507 0.104996998 0.109000794 0.109031523 0.125615863 0.104092810 0.093637702 0.000000000 0.080328835 0.095151948 0.095651149 0.098894683 0.098067087 0.097483883 0.104559555 0.116710403 0.113125716 0.116251208 0.126104071 0.126300400 0.237613259 
39     0.078907662 0.080854940 0.080576477 0.076302056 0.076950915 0.079763861 0.079430187 0.079028289 0.080353532 0.080758230 0.077776228 0.078980710 0.078067910 0.073450317 0.073003506 0.086987618 0.074242828 0.084468189 0.082498759 0.091141136 0.087798067 0.086119387 0.086130088 0.086169066 0.071650643 0.069527148 0.070568447 0.073666150 0.071912193 0.068555354 0.069683842 0.069567937 0.073571733 0.073500700 0.090085041 0.068592075 0.057320182 0.080328835 0.000000000 0.045813473 0.046314771 0.049647229 0.049208540 0.057456310 0.064760508 0.081052509 0.077467822 0.080705125 0.090284537 0.090490392 0.201705916 
5     0.093666447 0.095613725 0.095335263 0.090990757 0.091709701 0.094522646 0.094188973 0.093787074 0.095112318 0.095517015 0.092533660 0.093738142 0.092825342 0.088207749 0.087760938 0.101745050 0.089000260 0.099359011 0.097389581 0.106034470 0.102691401 0.101012721 0.101023422 0.101062400 0.086481413 0.084351618 0.085392917 0.088485910 0.086731953 0.083328490 0.084455929 0.084291456 0.088295253 0.088273836 0.104858176 0.083365210 0.072116794 0.095151948 0.045813473 0.000000000 0.018067661 0.044520208 0.056568614 0.072139651 0.079434524 0.095857469 0.092272782 0.095510085 0.105092251 0.105294828 0.216528242 
44     0.094165649 0.096112926 0.095834464 0.091489958 0.092208902 0.095021848 0.094688174 0.094286275 0.095611519 0.096016216 0.093032861 0.094237343 0.093324543 0.088706950 0.088260139 0.102244251 0.089499462 0.099858212 0.097888782 0.106533671 0.103190602 0.101511922 0.101522623 0.101561601 0.086980614 0.084850819 0.085892118 0.088985111 0.087231154 0.083827691 0.084955130 0.084802792 0.088806588 0.088773037 0.105357377 0.083864411 0.072615995 0.095651149 0.046314771 0.018067661 0.000000000 0.045102323 0.057077426 0.072638907 0.079933780 0.096356670 0.092771983 0.096009286 0.105591452 0.105794029 0.217027443 
27     0.097384182 0.099331460 0.099052997 0.094726233 0.095427435 0.098240381 0.097906707 0.097504809 0.098830052 0.099234750 0.096251395 0.097455877 0.096543077 0.091925484 0.091478673 0.105462785 0.092717995 0.102994674 0.101025244 0.109658068 0.106334055 0.104655376 0.104666077 0.104705054 0.090159889 0.088030094 0.089071394 0.092214734 0.090460777 0.087057313 0.088184753 0.087978106 0.091981902 0.092002659 0.108587000 0.087092834 0.075820403 0.098894683 0.049647229 0.044520208 0.045102323 0.000000000 0.060175664 0.075909315 0.083204188 0.099574680 0.095989993 0.099227296 0.108803224 0.109005802 0.220222376 
11     0.096494291 0.098441568 0.098163106 0.093872195 0.094520181 0.097356054 0.097022380 0.096620482 0.097945725 0.098352380 0.095370881 0.096580162 0.095667363 0.091044970 0.090598160 0.104587071 0.091842281 0.102170959 0.100201528 0.108923902 0.105586771 0.103908091 0.103918792 0.103957770 0.089378261 0.087248466 0.088289766 0.091249278 0.089495321 0.086091857 0.087219297 0.087069880 0.091063777 0.091009038 0.107577952 0.086129208 0.074950541 0.098067087 0.049208540 0.056568614 0.057077426 0.060175664 0.000000000 0.075065320 0.082358486 0.098620968 0.095036281 0.098259505 0.107858729 0.108036139 0.219313086 
21     0.095123663 0.097070940 0.096792478 0.092486790 0.093135649 0.095980532 0.095679303 0.095277405 0.096580290 0.097005447 0.093992392 0.095148173 0.094215576 0.089645252 0.089178684 0.103174392 0.090433759 0.100927856 0.098958426 0.107850196 0.104507128 0.102828448 0.102839149 0.102878127 0.088380537 0.086250742 0.087292042 0.090203191 0.088472158 0.085017992 0.086146479 0.086029248 0.090033305 0.089975167 0.106559587 0.085035331 0.073801193 0.097483883 0.057456310 0.072139651 0.072638907 0.075909315 0.075065320 0.000000000 0.025450856 0.097657771 0.094024992 0.097310387 0.106884473 0.107084779 0.218120754 
29     0.102449291 0.104396569 0.104118106 0.099812418 0.100461278 0.103306161 0.103004932 0.102603033 0.103905918 0.104331075 0.101318021 0.102473801 0.101541205 0.096970880 0.096504312 0.110500021 0.097759388 0.108253484 0.106284054 0.115175825 0.111832756 0.110154076 0.110164777 0.110203755 0.095706166 0.093576371 0.094617671 0.097536325 0.095805292 0.092401829 0.093530316 0.093461127 0.097464923 0.097338284 0.113922625 0.092428459 0.081124611 0.104559555 0.064760508 0.079434524 0.079933780 0.083204188 0.082358486 0.025450856 0.000000000 0.104983400 0.101350640 0.104636016 0.114210101 0.114410408 0.225446383 
50     0.099559228 0.101508404 0.101229941 0.096887105 0.097535566 0.100432176 0.100103905 0.099702007 0.101084785 0.101333708 0.098454160 0.099680971 0.098765979 0.094012584 0.093561627 0.107675261 0.094915035 0.105666877 0.103665313 0.112382521 0.109033894 0.107340619 0.107351321 0.107404893 0.092904604 0.090793532 0.091834831 0.095843924 0.094087746 0.090689228 0.091815054 0.091791982 0.095795778 0.095968786 0.112469127 0.091066861 0.084655019 0.116710403 0.081052509 0.095857469 0.096356670 0.099574680 0.098620968 0.097657771 0.104983400 0.000000000 0.029427149 0.034898142 0.088535559 0.088649259 0.216375882 
47     0.096065219 0.098014395 0.097735932 0.093393095 0.094041557 0.096938167 0.096609896 0.096207997 0.097590776 0.097839699 0.094960150 0.096186962 0.095271969 0.090517408 0.090066451 0.104181251 0.091421026 0.102172867 0.100171303 0.108873478 0.105524851 0.103831132 0.103841833 0.103895850 0.089395561 0.087284488 0.088325788 0.092188396 0.090432218 0.087031601 0.088157428 0.088130072 0.092133868 0.092300764 0.108801106 0.087405340 0.081149400 0.113125716 0.077467822 0.092272782 0.092771983 0.095989993 0.095036281 0.094024992 0.101350640 0.029427149 0.000000000 0.030661304 0.085085932 0.085199631 0.212818065 
46     0.099211844 0.101161020 0.100882558 0.096539721 0.097188182 0.100084792 0.099756521 0.099354623 0.100737401 0.100986325 0.098106776 0.099333587 0.098418595 0.093674844 0.093223887 0.107327877 0.094567651 0.105319493 0.103317929 0.112035137 0.108686510 0.106994299 0.107005000 0.107057509 0.092557220 0.090446148 0.091487447 0.095496540 0.093740363 0.090344903 0.091470730 0.091444598 0.095448394 0.095621402 0.112121743 0.090719478 0.084307636 0.116251208 0.080705125 0.095510085 0.096009286 0.099227296 0.098259505 0.097310387 0.104636016 0.034898142 0.030661304 0.000000000 0.088206000 0.088319700 0.216028498 
48     0.108791671 0.110740847 0.110462385 0.106118559 0.106768009 0.109680767 0.109360391 0.108958493 0.110341272 0.110447244 0.107700211 0.108921916 0.108006923 0.103408643 0.102957687 0.116929818 0.104169593 0.114989123 0.112987559 0.121534157 0.118185938 0.116496847 0.116507548 0.116556937 0.102283338 0.100172266 0.101213566 0.104866525 0.103110347 0.099732974 0.100858800 0.100816976 0.104820773 0.104965721 0.121180743 0.100030450 0.094210348 0.126104071 0.090284537 0.105092251 0.105591452 0.108803224 0.107858729 0.106884473 0.114210101 0.088535559 0.085085932 0.088206000 0.000000000 0.036047660 0.225450397 
49     0.108960378 0.110909554 0.110631091 0.106287266 0.106936716 0.109833326 0.109512950 0.109111052 0.110493831 0.110655423 0.107854389 0.109074475 0.108159482 0.103490751 0.103039794 0.117090719 0.104330493 0.115119285 0.113117721 0.121615425 0.118267051 0.116577959 0.116588660 0.116637797 0.102396820 0.100285748 0.101327048 0.105020129 0.103263951 0.099886577 0.101012404 0.100974214 0.104978011 0.105148298 0.121511571 0.100246374 0.094425613 0.126300400 0.090490392 0.105294828 0.105794029 0.109005802 0.108036139 0.107084779 0.114410408 0.088649259 0.085199631 0.088319700 0.036047660 0.000000000 0.225533596 
0     0.219895691 0.221845336 0.221566873 0.217250016 0.217895392 0.220816081 0.220495705 0.220093807 0.221055520 0.221740035 0.218813893 0.220019962 0.219078529 0.214188354 0.213699364 0.228044988 0.215284762 0.225843550 0.223841986 0.232976455 0.229643622 0.227960949 0.227971650 0.228014621 0.213712611 0.211585394 0.212626693 0.216422021 0.214665844 0.211346173 0.212460674 0.212013768 0.216017565 0.215818691 0.232393276 0.210921375 0.205181950 0.237613259 0.201705916 0.216528242 0.217027443 0.220222376 0.219313086 0.218120754 0.225446383 0.216375882 0.212818065 0.216028498 0.225450397 0.225533596 0.000000000 
