51
5     0.000000000 0.003781240 0.009451860 0.002385860 0.012692820 0.033164420 0.006235480 0.041276030 0.028917540 0.007964790 0.007500440 0.018869590 0.010924980 0.013222000 0.008587650 0.004956260 0.010311390 0.012916460 0.032106390 0.032885230 0.008155810 0.014602000 0.031640290 0.019004430 0.047361870 0.001505480 0.050901420 0.036382150 0.032212060 0.053473670 0.032064700 0.034112800 0.004666670 0.022752330 0.012197910 0.046032590 0.059763120 0.026928920 0.065437440 0.004197610 0.015973140 0.015480070 0.017125980 0.018622730 0.016195640 0.048559350 0.043033150 0.015148420 0.010082680 0.051953330 0.072922440 
9     0.003781240 0.000000000 0.003244960 0.006754660 0.021158200 0.020858680 0.040470500 0.003199870 0.031098140 0.019394500 0.038272610 0.009473740 0.051855620 0.064710630 0.059771940 0.098564630 0.098667840 0.098299430 0.142700250 0.049482120 0.020206590 0.059886420 0.053517520 0.040881660 0.065504610 0.010386560 0.042935900 0.077956430 0.028417410 0.033005080 0.074656800 0.075542510 0.045615780 0.088060670 0.067987600 0.107799220 0.077964780 0.122714500 0.081162940 0.059172450 0.069827500 0.026338630 0.010853880 0.038128080 0.063816710 0.048486280 0.041317750 0.037199890 0.028744460 0.032637900 0.016587520 
11     0.009451860 0.003244960 0.000000000 0.007711520 0.009168640 0.021139690 0.013112270 0.017922020 0.021915840 0.024544150 0.024289210 0.005510920 0.040964730 0.077899370 0.082135560 0.015543910 0.027794170 0.024264750 0.129707790 0.026796080 0.017039710 0.085323440 0.014381710 0.049205020 0.045695820 0.055907350 0.037162800 0.012419030 0.024270680 0.025669160 0.029728010 0.028573390 0.035501910 0.077996570 0.072248040 0.019907270 0.048156550 0.036139870 0.066558530 0.045512640 0.015342760 0.018975120 0.011221720 0.022879260 0.022299340 0.032884810 0.038377280 0.027825950 0.016644230 0.013652600 0.046211980 
8     0.002385860 0.006754660 0.007711520 0.000000000 0.052406540 0.064926250 0.018321510 0.061585190 0.053877830 0.043232910 0.042484110 0.057215240 0.004324220 0.020766290 0.051372510 0.015757440 0.012612610 0.004403540 0.120551260 0.055620380 0.116353590 0.120281190 0.082382920 0.074932410 0.027739470 0.034569300 0.056185780 0.033930200 0.035339800 0.012703140 0.066274490 0.087905260 0.039299350 0.058228560 0.032003310 0.079163850 0.025699720 0.107232870 0.090480910 0.027065300 0.056010120 0.029574590 0.050420470 0.002505670 0.033197000 0.036211390 0.016354250 0.100775520 0.051413350 0.005633120 0.085336940 
6     0.012692820 0.021158200 0.009168640 0.052406540 0.000000000 0.006250080 0.003795290 0.011286410 0.014434980 0.001579020 0.017769180 0.014777790 0.022535310 0.045644200 0.004195670 0.056761900 0.054598320 0.056912970 0.044723920 0.033238290 0.010535200 0.007811300 0.013516390 0.015029680 0.017039240 0.015648530 0.037570150 0.006784680 0.019082010 0.015187180 0.000516140 0.043176340 0.025942570 0.044514540 0.046232270 0.048356430 0.041536240 0.020564490 0.026818130 0.008979130 0.032664890 0.015066470 0.018739250 0.004808010 0.005967210 0.024154630 0.036142100 0.002175630 0.050391010 0.038667430 0.028393220 
4     0.033164420 0.020858680 0.021139690 0.064926250 0.006250080 0.000000000 0.009621780 0.022545480 0.003666330 0.005349830 0.001526160 0.042579610 0.055022880 0.101977490 0.062866120 0.056179540 0.043237640 0.043013370 0.040670090 0.036763840 0.038388460 0.023707980 0.025910160 0.015876780 0.011297160 0.042253200 0.004608140 0.015063950 0.042364460 0.048017460 0.003923010 0.006664100 0.102113020 0.069787110 0.033860760 0.065678540 0.027022140 0.067251210 0.066237050 0.035245970 0.038041760 0.010310570 0.038407620 0.012851940 0.034263870 0.033789250 0.042241800 0.055768860 0.003165570 0.023108720 0.064133240 
1     0.006235480 0.040470500 0.013112270 0.018321510 0.003795290 0.009621780 0.000000000 0.003814150 0.017905600 0.018673160 0.034706400 0.026379870 0.001167370 0.032543490 0.014105890 0.012046730 0.024833260 0.019940790 0.071173050 0.038385180 0.033935240 0.056693800 0.028428910 0.007839190 0.002560520 0.009482010 0.006778610 0.038499790 0.003930710 0.042590810 0.004695060 0.024077430 0.013483880 0.029745600 0.040096250 0.021585190 0.051118650 0.028250830 0.035779910 0.053696080 0.045330920 0.022079450 0.044589140 0.010019400 0.016738510 0.054808590 0.044128960 0.027335200 0.134694190 0.083599470 0.013881290 
10     0.041276030 0.003199870 0.017922020 0.061585190 0.011286410 0.022545480 0.003814150 0.000000000 0.011701650 0.005467920 0.032946170 0.139217150 0.068585320 0.088688210 0.024351760 0.083703110 0.082989400 0.088237850 0.138084750 0.032487000 0.021699580 0.047514360 0.030020880 0.000812180 0.073688510 0.016278450 0.018194800 0.014855790 0.048185420 0.064886100 0.051539190 0.053378500 0.051285220 0.054681050 0.025104380 0.094010550 0.047422480 0.010814720 0.035753670 0.022038050 0.049176210 0.072505320 0.017120200 0.013721830 0.020440940 0.011411960 0.017549540 0.022624690 0.027352470 0.049352800 0.039107620 
2     0.028917540 0.031098140 0.021915840 0.053877830 0.014434980 0.003666330 0.017905600 0.011701650 0.000000000 0.011532050 0.027988340 0.010856030 0.032656420 0.055970420 0.041773410 0.082938520 0.076829850 0.070733830 0.062407700 0.030572080 0.046900290 0.015161540 0.035809620 0.030731490 0.009418900 0.024055610 0.065421630 0.029100370 0.022627730 0.026685630 0.006325260 0.007323010 0.022401610 0.031512360 0.095248050 0.076633730 0.020967860 0.067343590 0.028945630 0.077579640 0.092774680 0.046630070 0.001959870 0.038951200 0.042293580 0.076575130 0.075937380 0.030243980 0.002334090 0.011969480 0.066891040 
3     0.007964790 0.019394500 0.024544150 0.043232910 0.001579020 0.005349830 0.018673160 0.005467920 0.011532050 0.000000000 0.009386770 0.016634870 0.028271260 0.077162520 0.032372350 0.035225740 0.035601470 0.038889810 0.042072850 0.051439210 0.039856980 0.049056940 0.028133310 0.041303260 0.070515690 0.019955910 0.014059970 0.023828540 0.029792200 0.052830930 0.008554010 0.011300610 0.063554290 0.016887030 0.009882890 0.072974080 0.027065580 0.034743110 0.006407450 0.021811790 0.040882120 0.015131450 0.048856560 0.004891760 0.030020520 0.015971250 0.044034720 0.043437710 0.008005390 0.010396510 0.038951720 
7     0.007500440 0.038272610 0.024289210 0.042484110 0.017769180 0.001526160 0.034706400 0.032946170 0.027988340 0.009386770 0.000000000 0.011077850 0.028504230 0.065051610 0.044084370 0.046272950 0.045888420 0.034722460 0.131579050 0.016932510 0.011177540 0.007216930 0.012154980 0.027237940 0.040197680 0.030928500 0.005852020 0.039158340 0.097338250 0.009398180 0.008959900 0.008148790 0.047438590 0.041905550 0.030414760 0.046880090 0.045203470 0.086324490 0.041121660 0.014144050 0.036615620 0.049260770 0.042293550 0.050434480 0.051539750 0.032283910 0.026276190 0.015530380 0.025388410 0.054114660 0.025694290 
40     0.018869590 0.009473740 0.005510920 0.057215240 0.014777790 0.042579610 0.026379870 0.139217150 0.010856030 0.016634870 0.011077850 0.000000000 0.001658100 0.049330870 0.047906000 0.010830260 0.008200580 0.012679820 0.062329350 0.011263520 0.010783370 0.045487010 0.014230570 0.004094720 0.031425060 0.043084840 0.007758460 0.000344370 0.025262200 0.030257020 0.007943840 0.007221760 0.018474910 0.028939320 0.021996220 0.020728060 0.008554990 0.026764920 0.058953880 0.034056310 0.029714050 0.013438700 0.013197690 0.014694440 0.036370740 0.014160260 0.032624240 0.014884420 0.012013910 0.081755100 0.039845750 
21     0.010924980 0.051855620 0.040964730 0.004324220 0.022535310 0.055022880 0.001167370 0.068585320 0.032656420 0.028271260 0.028504230 0.001658100 0.000000000 0.030627670 0.032089140 0.004490230 0.004399800 0.020807270 0.039027020 0.072274740 0.059975920 0.020994370 0.027064520 0.049605800 0.036889910 0.020639750 0.043940530 0.025157390 0.012798920 0.030120900 0.017841390 0.016852060 0.023559970 0.028859590 0.029789550 0.028521390 0.040550700 0.006505870 0.016580070 0.022336520 0.038613660 0.006565010 0.013055120 0.035010320 0.014245400 0.018618160 0.006179490 0.007868780 0.072369400 0.072887640 0.115922960 
26     0.013222000 0.064710630 0.077899370 0.020766290 0.045644200 0.101977490 0.032543490 0.088688210 0.055970420 0.077162520 0.065051610 0.049330870 0.030627670 0.000000000 0.001267360 0.012786560 0.024079980 0.020459480 0.018087790 0.007318740 0.010490330 0.071297760 0.035817490 0.016951660 0.047575940 0.042754850 0.029792690 0.028343290 0.011680070 0.069135710 0.021695020 0.020101530 0.035081140 0.026558950 0.038935870 0.049737770 0.015051920 0.020566380 0.036452430 0.111425140 0.049863990 0.017215620 0.096763160 0.033121230 0.016309900 0.037229910 0.046220020 0.022397210 0.036323500 0.039888540 0.055610290 
15     0.008587650 0.059771940 0.082135560 0.051372510 0.004195670 0.062866120 0.014105890 0.024351760 0.041773410 0.032372350 0.044084370 0.047906000 0.032089140 0.001267360 0.000000000 0.000078790 0.000153320 0.008795950 0.055553950 0.052465750 0.032549170 0.077930160 0.031506160 0.040326730 0.049814270 0.016898640 0.028418200 0.026193020 0.035846810 0.059944260 0.025007810 0.027450720 0.029513360 0.081899990 0.033241710 0.047148370 0.007415980 0.063042070 0.059667970 0.009209770 0.021599860 0.041599460 0.012253530 0.036420300 0.012839780 0.029593970 0.038584080 0.014571030 0.066499350 0.011181020 0.029196740 
37     0.004956260 0.098564630 0.015543910 0.015757440 0.056761900 0.056179540 0.012046730 0.083703110 0.082938520 0.035225740 0.046272950 0.010830260 0.004490230 0.012786560 0.000078790 0.000000000 0.000158590 0.001126310 0.003790890 0.017927120 0.023926150 0.084821490 0.033271480 0.045884150 0.042297610 0.058712150 0.033590790 0.012515180 0.048100550 0.016591800 0.028809390 0.033655550 0.037642980 0.013597290 0.043069460 0.048388310 0.040552660 0.021365700 0.005566990 0.023100400 0.049913300 0.046791280 0.030604650 0.032420120 0.009885290 0.035008520 0.032804330 0.042149850 0.019338310 0.036942970 0.047323440 
32     0.010311390 0.098667840 0.027794170 0.012612610 0.054598320 0.043237640 0.024833260 0.082989400 0.076829850 0.035601470 0.045888420 0.008200580 0.004399800 0.024079980 0.000153320 0.000158590 0.000000000 0.000594370 0.001871490 0.014992850 0.025476730 0.079439310 0.041713310 0.054325980 0.033482430 0.054900730 0.051089390 0.006762970 0.058771560 0.014744610 0.022695830 0.027541990 0.032334910 0.038674620 0.037761390 0.043080240 0.038178450 0.023938620 0.009464150 0.015130420 0.054438720 0.044934820 0.013871390 0.029048710 0.009171580 0.039047740 0.036843550 0.032654280 0.067135270 0.108858910 0.046374050 
24     0.012916460 0.098299430 0.024264750 0.004403540 0.056912970 0.043013370 0.019940790 0.088237850 0.070733830 0.038889810 0.034722460 0.012679820 0.020807270 0.020459480 0.008795950 0.001126310 0.000594370 0.000000000 0.001280420 0.016427750 0.033649700 0.011185430 0.026907290 0.039519960 0.039867640 0.020508040 0.031465380 0.009974080 0.058251750 0.031833470 0.044404210 0.049250370 0.076711260 0.057656550 0.045433150 0.027173950 0.039375190 0.048667790 0.004949670 0.022529000 0.065103740 0.051044870 0.025718490 0.024606980 0.014420030 0.045409780 0.042307860 0.045287600 0.063873960 0.110728870 0.046859630 
44     0.032106390 0.142700250 0.129707790 0.120551260 0.044723920 0.040670090 0.071173050 0.138084750 0.062407700 0.042072850 0.131579050 0.062329350 0.039027020 0.018087790 0.055553950 0.003790890 0.001871490 0.001280420 0.000000000 0.026287400 0.052529540 0.112676570 0.012857340 0.025470010 0.089109630 0.090659260 0.079117450 0.020164410 0.027064800 0.022363370 0.076793710 0.064761410 0.021682180 0.062858370 0.049485660 0.065987600 0.072887460 0.043068900 0.041323890 0.045155500 0.019364110 0.015642510 0.027013630 0.038469130 0.057683220 0.092798400 0.076569300 0.036770940 0.035262970 0.126598480 0.034459940 
20     0.032885230 0.049482120 0.026796080 0.055620380 0.033238290 0.036763840 0.038385180 0.032487000 0.030572080 0.051439210 0.016932510 0.011263520 0.072274740 0.007318740 0.052465750 0.017927120 0.014992850 0.016427750 0.026287400 0.000000000 0.000256890 0.006129900 0.003268780 0.026859290 0.028123200 0.032133020 0.011575020 0.025901690 0.046687090 0.028671130 0.057054830 0.042754790 0.084746070 0.092756680 0.034367040 0.073608300 0.052073950 0.052532030 0.090809540 0.044486260 0.039363400 0.053958050 0.020864730 0.054546100 0.039539250 0.025690030 0.032149850 0.033812360 0.043990830 0.019807040 0.068831970 
42     0.008155810 0.020206590 0.017039710 0.116353590 0.010535200 0.038388460 0.033935240 0.021699580 0.046900290 0.039856980 0.011177540 0.010783370 0.059975920 0.010490330 0.032549170 0.023926150 0.025476730 0.033649700 0.052529540 0.000256890 0.000000000 0.002711370 0.001070800 0.027076110 0.020550080 0.025753320 0.009634970 0.051867660 0.046466070 0.030660980 0.052444040 0.038144000 0.078010970 0.083844750 0.015032350 0.106508990 0.062409440 0.026599980 0.021335210 0.049750670 0.036673280 0.011453700 0.024141550 0.026300340 0.041421340 0.099999790 0.086959600 0.006897570 0.049806210 0.021703670 0.051782380 
47     0.014602000 0.059886420 0.085323440 0.120281190 0.007811300 0.023707980 0.056693800 0.047514360 0.015161540 0.049056940 0.007216930 0.045487010 0.020994370 0.071297760 0.077930160 0.084821490 0.079439310 0.011185430 0.112676570 0.006129900 0.002711370 0.000000000 0.008136020 0.018334750 0.043636500 0.045186130 0.033645480 0.029672190 0.035805450 0.017834170 0.020968230 0.026693240 0.075279170 0.052297510 0.035046180 0.047882350 0.051070880 0.086866600 0.017794980 0.009183240 0.076138450 0.050902500 0.021410700 0.022921920 0.043078180 0.088520180 0.055733830 0.044024050 0.039006550 0.065790200 0.073227310 
29     0.031640290 0.053517520 0.014381710 0.082382920 0.013516390 0.025910160 0.028428910 0.030020880 0.035809620 0.028133310 0.012154980 0.014230570 0.027064520 0.035817490 0.031506160 0.033271480 0.041713310 0.026907290 0.012857340 0.003268780 0.001070800 0.008136020 0.000000000 0.014008230 0.015685170 0.003347250 0.028405910 0.023441250 0.073419630 0.002507600 0.021143400 0.019633100 0.013987260 0.004553690 0.019606530 0.011378290 0.023254550 0.070955760 0.038481910 0.059639710 0.053113260 0.001356340 0.024945240 0.017110950 0.006558310 0.069404540 0.062738510 0.066600660 0.049614240 0.087978980 0.065519450 
25     0.019004430 0.040881660 0.049205020 0.074932410 0.015029680 0.015876780 0.007839190 0.000812180 0.030731490 0.041303260 0.027237940 0.004094720 0.049605800 0.016951660 0.040326730 0.045884150 0.054325980 0.039519960 0.025470010 0.026859290 0.027076110 0.018334750 0.014008230 0.000000000 0.018359620 0.036883760 0.023795880 0.001958760 0.047771080 0.021877860 0.025601240 0.025668160 0.011101120 0.046308530 0.023969120 0.008241900 0.011635860 0.008467320 0.008328660 0.059036080 0.023032430 0.012456250 0.006886040 0.011213370 0.013984060 0.012202400 0.014023750 0.018525670 0.026805100 0.075676840 0.018061620 
23     0.047361870 0.065504610 0.045695820 0.027739470 0.017039240 0.011297160 0.002560520 0.073688510 0.009418900 0.070515690 0.040197680 0.031425060 0.036889910 0.047575940 0.049814270 0.042297610 0.033482430 0.039867640 0.089109630 0.028123200 0.020550080 0.043636500 0.015685170 0.018359620 0.000000000 0.000009690 0.006576850 0.039868160 0.030964630 0.070042430 0.023871360 0.023073920 0.002672480 0.026803590 0.057672560 0.066487850 0.007100450 0.032533780 0.032395120 0.039929200 0.006300120 0.082308880 0.041765530 0.045349860 0.019840290 0.017862600 0.031987850 0.032218440 0.040994580 0.045078190 0.092475720 
39     0.001505480 0.010386560 0.055907350 0.034569300 0.015648530 0.042253200 0.009482010 0.016278450 0.024055610 0.019955910 0.030928500 0.043084840 0.020639750 0.042754850 0.016898640 0.058712150 0.054900730 0.020508040 0.090659260 0.032133020 0.025753320 0.045186130 0.003347250 0.036883760 0.000009690 0.000000000 0.005388850 0.017540250 0.027819150 0.042153600 0.033798000 0.033617470 0.037802130 0.035474250 0.018624110 0.027439400 0.044771240 0.022312150 0.019297960 0.022660000 0.008067600 0.004608440 0.014092300 0.021278530 0.029463830 0.043315200 0.028768350 0.018573820 0.044012910 0.062028010 0.033686230 
38     0.050901420 0.042935900 0.037162800 0.056185780 0.037570150 0.004608140 0.006778610 0.018194800 0.065421630 0.014059970 0.005852020 0.007758460 0.043940530 0.029792690 0.028418200 0.033590790 0.051089390 0.031465380 0.079117450 0.011575020 0.009634970 0.033645480 0.028405910 0.023795880 0.006576850 0.005388850 0.000000000 0.001657040 0.017771030 0.035290620 0.016808180 0.017126970 0.030589310 0.034123900 0.025141510 0.073718510 0.040667280 0.067784210 0.042465560 0.028661200 0.012665790 0.055284150 0.009205500 0.042906280 0.027962190 0.055910800 0.048351500 0.030193970 0.049358810 0.096393800 0.013456000 
45     0.036382150 0.077956430 0.012419030 0.033930200 0.006784680 0.015063950 0.038499790 0.014855790 0.029100370 0.023828540 0.039158340 0.000344370 0.025157390 0.028343290 0.026193020 0.012515180 0.006762970 0.009974080 0.020164410 0.025901690 0.051867660 0.029672190 0.023441250 0.001958760 0.039868160 0.017540250 0.001657040 0.000000000 0.008253710 0.017138370 0.001789390 0.022493470 0.022193180 0.023442090 0.009149980 0.010114860 0.007453090 0.019300490 0.009977150 0.000409650 0.031795190 0.008667300 0.000788480 0.003315160 0.003990950 0.016208360 0.022744120 0.001287650 0.036905040 0.067678060 0.033618360 
30     0.032212060 0.028417410 0.024270680 0.035339800 0.019082010 0.042364460 0.003930710 0.048185420 0.022627730 0.029792200 0.097338250 0.025262200 0.012798920 0.011680070 0.035846810 0.048100550 0.058771560 0.058251750 0.027064800 0.046687090 0.046466070 0.035805450 0.073419630 0.047771080 0.030964630 0.027819150 0.017771030 0.008253710 0.000000000 0.003368010 0.006256270 0.017710700 0.041602030 0.020465150 0.019643170 0.046591420 0.005245250 0.002767230 0.043793190 0.010552230 0.002772680 0.011836540 0.027281330 0.025273210 0.036206630 0.096246620 0.111970820 0.012747510 0.075741290 0.033650710 0.030852390 
22     0.053473670 0.033005080 0.025669160 0.012703140 0.015187180 0.048017460 0.042590810 0.064886100 0.026685630 0.052830930 0.009398180 0.030257020 0.030120900 0.069135710 0.059944260 0.016591800 0.014744610 0.031833470 0.022363370 0.028671130 0.030660980 0.017834170 0.002507600 0.021877860 0.070042430 0.042153600 0.035290620 0.017138370 0.003368010 0.000000000 0.010240950 0.001418470 0.001050840 0.008576790 0.012759930 0.013011740 0.008699600 0.007161040 0.012196990 0.011631710 0.013863640 0.031280310 0.038164660 0.041550860 0.021140340 0.021737380 0.044700960 0.025146750 0.048298510 0.000803000 0.043110000 
33     0.032064700 0.074656800 0.029728010 0.066274490 0.000516140 0.003923010 0.004695060 0.051539190 0.006325260 0.008554010 0.008959900 0.007943840 0.017841390 0.021695020 0.025007810 0.028809390 0.022695830 0.044404210 0.076793710 0.057054830 0.052444040 0.020968230 0.021143400 0.025601240 0.023871360 0.033798000 0.016808180 0.001789390 0.006256270 0.010240950 0.000000000 0.000528920 0.010798890 0.000192460 0.014732990 0.015992890 0.003012650 0.014144480 0.017915180 0.009463480 0.023519210 0.024096880 0.049462560 0.028102750 0.019960030 0.064941560 0.025064000 0.030890330 0.029534930 0.044755660 0.035407480 
34     0.034112800 0.075542510 0.028573390 0.087905260 0.043176340 0.006664100 0.024077430 0.053378500 0.007323010 0.011300610 0.008148790 0.007221760 0.016852060 0.020101530 0.027450720 0.033655550 0.027541990 0.049250370 0.064761410 0.042754790 0.038144000 0.026693240 0.019633100 0.025668160 0.023073920 0.033617470 0.017126970 0.022493470 0.017710700 0.001418470 0.000528920 0.000000000 0.000446730 0.004881240 0.009092220 0.017990030 0.007246960 0.009703070 0.010587790 0.023818790 0.005682550 0.022363680 0.050189790 0.029780040 0.007589550 0.072534060 0.032656500 0.021628060 0.029140570 0.050428650 0.026847250 
49     0.004666670 0.045615780 0.035501910 0.039299350 0.025942570 0.102113020 0.013483880 0.051285220 0.022401610 0.063554290 0.047438590 0.018474910 0.023559970 0.035081140 0.029513360 0.037642980 0.032334910 0.076711260 0.021682180 0.084746070 0.078010970 0.075279170 0.013987260 0.011101120 0.002672480 0.037802130 0.030589310 0.022193180 0.041602030 0.001050840 0.010798890 0.000446730 0.000000000 0.002689260 0.004170590 0.011038500 0.008746640 0.010923300 0.015703300 0.011932480 0.036139500 0.052128020 0.049458540 0.020677470 0.004728250 0.070276960 0.043609970 0.019090990 0.016689580 0.024815730 0.019139450 
12     0.022752330 0.088060670 0.077996570 0.058228560 0.044514540 0.069787110 0.029745600 0.054681050 0.031512360 0.016887030 0.041905550 0.028939320 0.028859590 0.026558950 0.081899990 0.013597290 0.038674620 0.057656550 0.062858370 0.092756680 0.083844750 0.052297510 0.004553690 0.046308530 0.026803590 0.035474250 0.034123900 0.023442090 0.020465150 0.008576790 0.000192460 0.004881240 0.002689260 0.000000000 0.005638260 0.006530920 0.002185760 0.005007320 0.009252110 0.021507600 0.034890750 0.016933430 0.066018030 0.006889060 0.008422190 0.040497810 0.039187560 0.031646930 0.022528250 0.019535100 0.021092430 
43     0.012197910 0.067987600 0.072248040 0.032003310 0.046232270 0.033860760 0.040096250 0.025104380 0.095248050 0.009882890 0.030414760 0.021996220 0.029789550 0.038935870 0.033241710 0.043069460 0.037761390 0.045433150 0.049485660 0.034367040 0.015032350 0.035046180 0.019606530 0.023969120 0.057672560 0.018624110 0.025141510 0.009149980 0.019643170 0.012759930 0.014732990 0.009092220 0.004170590 0.005638260 0.000000000 0.005302600 0.008922220 0.011371260 0.009636880 0.000641740 0.023498310 0.038490910 0.031783450 0.024824650 0.021012230 0.022833350 0.042711280 0.021232410 0.026296040 0.033870670 0.040021100 
48     0.046032590 0.107799220 0.019907270 0.079163850 0.048356430 0.065678540 0.021585190 0.094010550 0.076633730 0.072974080 0.046880090 0.020728060 0.028521390 0.049737770 0.047148370 0.048388310 0.043080240 0.027173950 0.065987600 0.073608300 0.106508990 0.047882350 0.011378290 0.008241900 0.066487850 0.027439400 0.073718510 0.010114860 0.046591420 0.013011740 0.015992890 0.017990030 0.011038500 0.006530920 0.005302600 0.000000000 0.002013750 0.028309730 0.026013660 0.019811410 0.022104620 0.018805580 0.011895880 0.023778940 0.020158330 0.076368590 0.066598020 0.014764720 0.036972460 0.047777330 0.019210890 
28     0.059763120 0.077964780 0.048156550 0.025699720 0.041536240 0.027022140 0.051118650 0.047422480 0.020967860 0.027065580 0.045203470 0.008554990 0.040550700 0.015051920 0.007415980 0.040552660 0.038178450 0.039375190 0.072887460 0.052073950 0.062409440 0.051070880 0.023254550 0.011635860 0.007100450 0.044771240 0.040667280 0.007453090 0.005245250 0.008699600 0.003012650 0.007246960 0.008746640 0.002185760 0.008922220 0.002013750 0.000000000 0.006355890 0.007240610 0.012262460 0.021645020 0.032620130 0.026138900 0.050598730 0.003502700 0.028002950 0.036993060 0.033956720 0.016958140 0.047094810 0.042041150 
17     0.026928920 0.122714500 0.036139870 0.107232870 0.020564490 0.067251210 0.028250830 0.010814720 0.067343590 0.034743110 0.086324490 0.026764920 0.006505870 0.020566380 0.063042070 0.021365700 0.023938620 0.048667790 0.043068900 0.052532030 0.026599980 0.086866600 0.070955760 0.008467320 0.032533780 0.022312150 0.067784210 0.019300490 0.002767230 0.007161040 0.014144480 0.009703070 0.010923300 0.005007320 0.011371260 0.028309730 0.006355890 0.000000000 0.000780400 0.024649660 0.075476410 0.048825890 0.045235140 0.063292460 0.051570210 0.043854380 0.047908000 0.034053850 0.047289000 0.037269030 0.116216770 
14     0.065437440 0.081162940 0.066558530 0.090480910 0.026818130 0.066237050 0.035779910 0.035753670 0.028945630 0.006407450 0.041121660 0.058953880 0.016580070 0.036452430 0.059667970 0.005566990 0.009464150 0.004949670 0.041323890 0.090809540 0.021335210 0.017794980 0.038481910 0.008328660 0.032395120 0.019297960 0.042465560 0.009977150 0.043793190 0.012196990 0.017915180 0.010587790 0.015703300 0.009252110 0.009636880 0.026013660 0.007240610 0.000780400 0.000000000 0.007661560 0.052351020 0.023688650 0.040169900 0.036923720 0.025578660 0.051843380 0.050316290 0.014590840 0.022269030 0.024701860 0.060896930 
31     0.004197610 0.059172450 0.045512640 0.027065300 0.008979130 0.035245970 0.053696080 0.022038050 0.077579640 0.021811790 0.014144050 0.034056310 0.022336520 0.111425140 0.009209770 0.023100400 0.015130420 0.022529000 0.045155500 0.044486260 0.049750670 0.009183240 0.059639710 0.059036080 0.039929200 0.022660000 0.028661200 0.000409650 0.010552230 0.011631710 0.009463480 0.023818790 0.011932480 0.021507600 0.000641740 0.019811410 0.012262460 0.024649660 0.007661560 0.000000000 0.032309980 0.016720310 0.008384540 0.051524500 0.030168160 0.037839190 0.026697070 0.051011570 0.037052750 0.077375730 0.057322730 
35     0.015973140 0.069827500 0.015342760 0.056010120 0.032664890 0.038041760 0.045330920 0.049176210 0.092774680 0.040882120 0.036615620 0.029714050 0.038613660 0.049863990 0.021599860 0.049913300 0.054438720 0.065103740 0.019364110 0.039363400 0.036673280 0.076138450 0.053113260 0.023032430 0.006300120 0.008067600 0.012665790 0.031795190 0.002772680 0.013863640 0.023519210 0.005682550 0.036139500 0.034890750 0.023498310 0.022104620 0.021645020 0.075476410 0.052351020 0.032309980 0.000000000 0.000000140 0.034817990 0.027964960 0.029266510 0.026785450 0.023597330 0.053574490 0.056416250 0.038733090 0.053966390 
16     0.015480070 0.026338630 0.018975120 0.029574590 0.015066470 0.010310570 0.022079450 0.072505320 0.046630070 0.015131450 0.049260770 0.013438700 0.006565010 0.017215620 0.041599460 0.046791280 0.044934820 0.051044870 0.015642510 0.053958050 0.011453700 0.050902500 0.001356340 0.012456250 0.082308880 0.004608440 0.055284150 0.008667300 0.011836540 0.031280310 0.024096880 0.022363680 0.052128020 0.016933430 0.038490910 0.018805580 0.032620130 0.048825890 0.023688650 0.016720310 0.000000140 0.000000000 0.005200010 0.022302750 0.013853420 0.039066900 0.046031670 0.017908500 0.050215900 0.033259760 0.042124150 
36     0.017125980 0.010853880 0.011221720 0.050420470 0.018739250 0.038407620 0.044589140 0.017120200 0.001959870 0.048856560 0.042293550 0.013197690 0.013055120 0.096763160 0.012253530 0.030604650 0.013871390 0.025718490 0.027013630 0.020864730 0.024141550 0.021410700 0.024945240 0.006886040 0.041765530 0.014092300 0.009205500 0.000788480 0.027281330 0.038164660 0.049462560 0.050189790 0.049458540 0.066018030 0.031783450 0.011895880 0.026138900 0.045235140 0.040169900 0.008384540 0.034817990 0.005200010 0.000000000 0.001497130 0.010067690 0.003748430 0.031974880 0.023088020 0.018736110 0.005392130 0.041540980 
13     0.018622730 0.038128080 0.022879260 0.002505670 0.004808010 0.012851940 0.010019400 0.013721830 0.038951200 0.004891760 0.050434480 0.014694440 0.035010320 0.033121230 0.036420300 0.032420120 0.029048710 0.024606980 0.038469130 0.054546100 0.026300340 0.022921920 0.017110950 0.011213370 0.045349860 0.021278530 0.042906280 0.003315160 0.025273210 0.041550860 0.028102750 0.029780040 0.020677470 0.006889060 0.024824650 0.023778940 0.050598730 0.063292460 0.036923720 0.051524500 0.027964960 0.022302750 0.001497130 0.000000000 0.002262460 0.018726730 0.030489310 0.014857020 0.006625860 0.022413090 0.023756990 
27     0.016195640 0.063816710 0.022299340 0.033197000 0.005967210 0.034263870 0.016738510 0.020440940 0.042293580 0.030020520 0.051539750 0.036370740 0.014245400 0.016309900 0.012839780 0.009885290 0.009171580 0.014420030 0.057683220 0.039539250 0.041421340 0.043078180 0.006558310 0.013984060 0.019840290 0.029463830 0.027962190 0.003990950 0.036206630 0.021140340 0.019960030 0.007589550 0.004728250 0.008422190 0.021012230 0.020158330 0.003502700 0.051570210 0.025578660 0.030168160 0.029266510 0.013853420 0.010067690 0.002262460 0.000000000 0.011370370 0.037018120 0.020709110 0.034546900 0.051199170 0.047862560 
50     0.048559350 0.048486280 0.032884810 0.036211390 0.024154630 0.033789250 0.054808590 0.011411960 0.076575130 0.015971250 0.032283910 0.014160260 0.018618160 0.037229910 0.029593970 0.035008520 0.039047740 0.045409780 0.092798400 0.025690030 0.099999790 0.088520180 0.069404540 0.012202400 0.017862600 0.043315200 0.055910800 0.016208360 0.096246620 0.021737380 0.064941560 0.072534060 0.070276960 0.040497810 0.022833350 0.076368590 0.028002950 0.043854380 0.051843380 0.037839190 0.026785450 0.039066900 0.003748430 0.018726730 0.011370370 0.000000000 0.000797180 0.004630440 0.024932060 0.018554460 0.045808690 
18     0.043033150 0.041317750 0.038377280 0.016354250 0.036142100 0.042241800 0.044128960 0.017549540 0.075937380 0.044034720 0.026276190 0.032624240 0.006179490 0.046220020 0.038584080 0.032804330 0.036843550 0.042307860 0.076569300 0.032149850 0.086959600 0.055733830 0.062738510 0.014023750 0.031987850 0.028768350 0.048351500 0.022744120 0.111970820 0.044700960 0.025064000 0.032656500 0.043609970 0.039187560 0.042711280 0.066598020 0.036993060 0.047908000 0.050316290 0.026697070 0.023597330 0.046031670 0.031974880 0.030489310 0.037018120 0.000797180 0.000000000 0.005198410 0.007805690 0.008450950 0.035423230 
19     0.015148420 0.037199890 0.027825950 0.100775520 0.002175630 0.055768860 0.027335200 0.022624690 0.030243980 0.043437710 0.015530380 0.014884420 0.007868780 0.022397210 0.014571030 0.042149850 0.032654280 0.045287600 0.036770940 0.033812360 0.006897570 0.044024050 0.066600660 0.018525670 0.032218440 0.018573820 0.030193970 0.001287650 0.012747510 0.025146750 0.030890330 0.021628060 0.019090990 0.031646930 0.021232410 0.014764720 0.033956720 0.034053850 0.014590840 0.051011570 0.053574490 0.017908500 0.023088020 0.014857020 0.020709110 0.004630440 0.005198410 0.000000000 0.001437050 0.002082310 0.039489350 
46     0.010082680 0.028744460 0.016644230 0.051413350 0.050391010 0.003165570 0.134694190 0.027352470 0.002334090 0.008005390 0.025388410 0.012013910 0.072369400 0.036323500 0.066499350 0.019338310 0.067135270 0.063873960 0.035262970 0.043990830 0.049806210 0.039006550 0.049614240 0.026805100 0.040994580 0.044012910 0.049358810 0.036905040 0.075741290 0.048298510 0.029534930 0.029140570 0.016689580 0.022528250 0.026296040 0.036972460 0.016958140 0.047289000 0.022269030 0.037052750 0.056416250 0.050215900 0.018736110 0.006625860 0.034546900 0.024932060 0.007805690 0.001437050 0.000000000 0.001836360 0.071810390 
41     0.051953330 0.032637900 0.013652600 0.005633120 0.038667430 0.023108720 0.083599470 0.049352800 0.011969480 0.010396510 0.054114660 0.081755100 0.072887640 0.039888540 0.011181020 0.036942970 0.108858910 0.110728870 0.126598480 0.019807040 0.021703670 0.065790200 0.087978980 0.075676840 0.045078190 0.062028010 0.096393800 0.067678060 0.033650710 0.000803000 0.044755660 0.050428650 0.024815730 0.019535100 0.033870670 0.047777330 0.047094810 0.037269030 0.024701860 0.077375730 0.038733090 0.033259760 0.005392130 0.022413090 0.051199170 0.018554460 0.008450950 0.002082310 0.001836360 0.000000000 0.051626090 
0     0.072922440 0.016587520 0.046211980 0.085336940 0.028393220 0.064133240 0.013881290 0.039107620 0.066891040 0.038951720 0.025694290 0.039845750 0.115922960 0.055610290 0.029196740 0.047323440 0.046374050 0.046859630 0.034459940 0.068831970 0.051782380 0.073227310 0.065519450 0.018061620 0.092475720 0.033686230 0.013456000 0.033618360 0.030852390 0.043110000 0.035407480 0.026847250 0.019139450 0.021092430 0.040021100 0.019210890 0.042041150 0.116216770 0.060896930 0.057322730 0.053966390 0.042124150 0.041540980 0.023756990 0.047862560 0.045808690 0.035423230 0.039489350 0.071810390 0.051626090 0.000000000 
