51
5     0.000000000 0.197707313 0.166887851 0.224904831 0.308864840 0.360806411 0.388939323 0.409889824 0.393805208 0.398633841 0.471893660 0.544771630 0.553749466 0.596827488 0.591628187 0.571620335 0.569819496 0.573913248 0.641499632 0.528091825 0.524785065 0.567654831 0.495333206 0.483249096 0.564947163 0.517643637 0.562897673 0.525116686 0.604929927 0.570611568 0.584596024 0.587064766 0.594966325 0.589026369 0.594510407 0.608772997 0.586343326 0.612688273 0.602689748 0.567099928 0.605286480 0.509763945 0.568079509 0.515505918 0.526064495 0.606942355 0.606965600 0.583352259 0.606679388 0.630487665 0.948730738 
9     0.197707313 0.000000000 0.188642607 0.266023741 0.346767343 0.396470624 0.428349552 0.446947174 0.431305783 0.434944479 0.514504060 0.580900411 0.591082635 0.635245771 0.629910448 0.610564104 0.608752746 0.612876763 0.680849712 0.567516972 0.565039755 0.606999258 0.534986919 0.522623523 0.604665817 0.556998173 0.602166177 0.566013601 0.644328157 0.610394968 0.624614166 0.627017093 0.635632602 0.629376048 0.634445973 0.647955282 0.626936677 0.653521605 0.641282159 0.605108171 0.645068352 0.550059789 0.606539524 0.556075105 0.567059662 0.646005675 0.645488065 0.624933900 0.645631333 0.670072701 0.987722004 
11     0.166887851 0.188642607 0.000000000 0.234242469 0.316163497 0.367195532 0.399532514 0.417789374 0.399871672 0.407521919 0.482274417 0.547886249 0.557444730 0.603618171 0.598284270 0.577995602 0.576204086 0.580316746 0.648089869 0.532826941 0.530583665 0.572614904 0.501995814 0.490106760 0.570073208 0.522448440 0.566222075 0.527884834 0.608130157 0.573403558 0.589187095 0.591248784 0.599593906 0.593679757 0.599501763 0.612495836 0.590220643 0.616945730 0.605140320 0.569754240 0.606628164 0.513610299 0.570941351 0.519280920 0.531246887 0.611156940 0.610726628 0.588330992 0.611210292 0.634528479 0.949472663 
8     0.224904831 0.266023741 0.234242469 0.000000000 0.368231894 0.421216701 0.447172728 0.467347682 0.451031564 0.457205034 0.532407907 0.600405542 0.609509703 0.655679935 0.650287802 0.631194794 0.629376703 0.633211394 0.702298622 0.587022655 0.584487752 0.626800049 0.555256005 0.543205752 0.624121405 0.576897532 0.621300591 0.582870459 0.661554064 0.627923766 0.642964862 0.645435377 0.653180216 0.647359311 0.651450662 0.664911562 0.643318165 0.671448644 0.659416725 0.623617140 0.664112225 0.569223606 0.627375558 0.573991846 0.585889168 0.665535414 0.665486891 0.642975237 0.665715873 0.688540402 1.002585701 
6     0.308864840 0.346767343 0.316163497 0.368231894 0.000000000 0.206992119 0.335800503 0.352344879 0.338821998 0.346173477 0.424662417 0.502370049 0.511421567 0.553556969 0.548138830 0.527990224 0.526316919 0.531126064 0.597838285 0.484477711 0.481031845 0.522283733 0.453612199 0.441231490 0.521489076 0.472688408 0.517980211 0.483873475 0.561526118 0.527754651 0.540953367 0.543434515 0.550606961 0.545479616 0.552598910 0.565699898 0.544010623 0.571039841 0.558286424 0.521644571 0.562351252 0.469273164 0.526610562 0.475333421 0.485271311 0.559421599 0.559186113 0.542257885 0.566395407 0.590590724 0.905460908 
4     0.360806411 0.396470624 0.367195532 0.421216701 0.206992119 0.000000000 0.390242964 0.405604899 0.391042870 0.398234866 0.481449136 0.553673717 0.562721649 0.603967218 0.598342115 0.580725467 0.578981762 0.584016248 0.650922488 0.538627230 0.536249113 0.577431436 0.507198114 0.494221988 0.570646877 0.523403617 0.568336996 0.533482772 0.611284677 0.578917943 0.589410598 0.591643944 0.600509824 0.596240024 0.601386650 0.613697210 0.592478800 0.619684490 0.606233097 0.572815012 0.613499716 0.521292193 0.579560384 0.527851646 0.536289077 0.617364590 0.617298451 0.598874090 0.620565861 0.644261935 0.959412692 
1     0.388939323 0.428349552 0.399532514 0.447172728 0.335800503 0.390242964 0.000000000 0.288029848 0.304291632 0.306373515 0.500120453 0.572734720 0.582065281 0.624063799 0.619105998 0.598445369 0.596898169 0.601801949 0.668978412 0.563220230 0.558892362 0.601478178 0.529982475 0.518984680 0.596102504 0.548555989 0.590679191 0.557651572 0.635850978 0.604272844 0.616594008 0.619063828 0.624213228 0.621274587 0.624916984 0.638442751 0.616865766 0.644486955 0.632928869 0.597739858 0.638689516 0.545547895 0.604403983 0.544663426 0.557475359 0.633415546 0.632166985 0.615491680 0.641561572 0.665416159 0.982952494 
10     0.409889824 0.446947174 0.417789374 0.467347682 0.352344879 0.405604899 0.288029848 0.000000000 0.317563717 0.318413205 0.516149686 0.602209142 0.610171153 0.651281589 0.646771540 0.628208204 0.626396846 0.631454668 0.698321452 0.586043532 0.583853285 0.625573573 0.554161991 0.539301067 0.617024995 0.570939262 0.615359238 0.582961612 0.661344678 0.629092436 0.642282546 0.644626102 0.650752317 0.645681559 0.650783569 0.664277501 0.641114932 0.668404417 0.657263914 0.623880134 0.662472172 0.568929041 0.627736515 0.570701232 0.583192488 0.659804489 0.658430697 0.641996193 0.666148097 0.692226901 1.003502133 
2     0.393805208 0.431305783 0.399871672 0.451031564 0.338821998 0.391042870 0.304291632 0.317563717 0.000000000 0.236132559 0.508346078 0.583229420 0.592365688 0.636232319 0.631116398 0.611906968 0.610095610 0.614999123 0.681139935 0.571088634 0.568954023 0.610838321 0.538570929 0.524339163 0.601794378 0.556843294 0.601060315 0.571256264 0.647127206 0.618331105 0.628891329 0.631031043 0.637980964 0.633436672 0.638908908 0.652420905 0.629248187 0.656761865 0.645032697 0.607614660 0.648759762 0.554543782 0.612862657 0.554244522 0.565889842 0.645288535 0.643944764 0.627554789 0.653005654 0.676109725 0.993540223 
3     0.398633841 0.434944479 0.407521919 0.457205034 0.346173477 0.398234866 0.306373515 0.318413205 0.236132559 0.000000000 0.514241119 0.590835314 0.600296763 0.643956363 0.638780211 0.619419061 0.617607703 0.622485208 0.688629274 0.578555904 0.574982711 0.617051980 0.546445985 0.534175148 0.610152693 0.565634980 0.607274701 0.579937014 0.655435921 0.625103335 0.637627721 0.640150530 0.647132772 0.641960716 0.646483753 0.660705520 0.637957677 0.664015691 0.653469608 0.617711219 0.656016624 0.563371185 0.622631589 0.564526508 0.576036412 0.655312026 0.654170918 0.638256281 0.661614840 0.686731049 1.002403295 
7     0.471893660 0.514504060 0.482274417 0.532407907 0.424662417 0.481449136 0.500120453 0.516149686 0.508346078 0.514241119 0.000000000 0.601162142 0.608390968 0.652896945 0.647827143 0.628176450 0.626365093 0.630953169 0.700648067 0.590337952 0.587480371 0.628847140 0.557518209 0.547141243 0.622538133 0.574297669 0.616147979 0.587231152 0.665742270 0.629106104 0.643512681 0.646794674 0.651040701 0.646640277 0.653760450 0.666306323 0.644775681 0.671953102 0.659592419 0.625337611 0.664658434 0.572617445 0.628413061 0.577126158 0.588984534 0.668873227 0.668070664 0.649174048 0.669934797 0.695732632 1.000407134 
40     0.544771630 0.580900411 0.547886249 0.600405542 0.502370049 0.553673717 0.572734720 0.602209142 0.583229420 0.590835314 0.601162142 0.000000000 0.126459247 0.376147392 0.372219140 0.352986119 0.351687887 0.356491442 0.425673186 0.415397203 0.413023514 0.450204263 0.380591315 0.421229996 0.495194570 0.445366306 0.489200443 0.463950015 0.542932357 0.512907348 0.526762005 0.528949508 0.532378553 0.527525939 0.535161754 0.545244476 0.523775730 0.548823552 0.535730261 0.510588808 0.548343613 0.453291461 0.507209896 0.445743665 0.456646908 0.540084577 0.538268581 0.517877380 0.539883581 0.569563003 0.937134960 
21     0.553749466 0.591082635 0.557444730 0.609509703 0.511421567 0.562721649 0.582065281 0.610171153 0.592365688 0.600296763 0.608390968 0.126459247 0.000000000 0.376987121 0.373172917 0.353460388 0.351725961 0.356540093 0.425583336 0.417732487 0.415427511 0.453657436 0.382499910 0.424518653 0.498273423 0.448444896 0.493066507 0.466876450 0.545722117 0.518237838 0.529577612 0.532450603 0.536365704 0.529443853 0.536854689 0.547056458 0.526663215 0.551404553 0.539044591 0.513345478 0.549338050 0.454003071 0.512532043 0.448200742 0.459408987 0.544023464 0.541652010 0.521732448 0.543901158 0.573743914 0.945538172 
26     0.596827488 0.635245771 0.603618171 0.655679935 0.553556969 0.603967218 0.624063799 0.651281589 0.636232319 0.643956363 0.652896945 0.376147392 0.376987121 0.000000000 0.107823391 0.296735414 0.295400384 0.300111413 0.369651576 0.451497866 0.450067161 0.489652336 0.420624120 0.461105328 0.541064854 0.490280664 0.536262172 0.504046460 0.584748047 0.555649222 0.566147538 0.568078128 0.571599214 0.565863157 0.571871576 0.582636454 0.562073936 0.587286313 0.573985032 0.550494938 0.588190467 0.493497968 0.550477489 0.487768535 0.497493524 0.579423934 0.578343227 0.557411859 0.581385179 0.611329795 0.985397135 
15     0.591628187 0.629910448 0.598284270 0.650287802 0.548138830 0.598342115 0.619105998 0.646771540 0.631116398 0.638780211 0.647827143 0.372219140 0.373172917 0.107823391 0.000000000 0.292461878 0.290975130 0.296223956 0.365866560 0.448839364 0.446998602 0.486333770 0.416768943 0.457265465 0.536258762 0.485426612 0.531915776 0.499082902 0.579389023 0.550948837 0.561742351 0.563672573 0.566202465 0.561378605 0.566922741 0.577834849 0.557171010 0.581770518 0.568801416 0.544986927 0.583363513 0.488504621 0.545574053 0.482986950 0.493178545 0.575865488 0.574979249 0.554901404 0.578300759 0.607861927 0.981934675 
37     0.571620335 0.610564104 0.577995602 0.631194794 0.527990224 0.580725467 0.598445369 0.628208204 0.611906968 0.619419061 0.628176450 0.352986119 0.353460388 0.296735414 0.292461878 0.000000000 0.031095221 0.042574699 0.201159883 0.431052532 0.428227688 0.467845287 0.399184833 0.440199800 0.518901872 0.468277789 0.513393097 0.477467516 0.559760230 0.531801976 0.541687155 0.543625473 0.546393978 0.541332813 0.548244775 0.558667860 0.538249343 0.561925041 0.548231302 0.525490592 0.564088796 0.470186151 0.525735173 0.462298885 0.469762561 0.556975346 0.555916762 0.537963587 0.559143352 0.588689790 0.963867685 
32     0.569819496 0.608752746 0.576204086 0.629376703 0.526316919 0.578981762 0.596898169 0.626396846 0.610095610 0.617607703 0.626365093 0.351687887 0.351725961 0.295400384 0.290975130 0.031095221 0.000000000 0.041570560 0.199982820 0.429634056 0.426809212 0.466415233 0.397526336 0.438322676 0.516760808 0.466061023 0.511713175 0.476216611 0.558667773 0.530022072 0.540011576 0.541949894 0.544718399 0.539709880 0.546569196 0.556992282 0.536573765 0.560308052 0.546555419 0.524398135 0.562618257 0.469093694 0.524754865 0.461264692 0.468915238 0.556184881 0.555127707 0.537174290 0.558401761 0.587936765 0.962056328 
24     0.573913248 0.612876763 0.580316746 0.633211394 0.531126064 0.584016248 0.601801949 0.631454668 0.614999123 0.622485208 0.630953169 0.356491442 0.356540093 0.300111413 0.296223956 0.042574699 0.041570560 0.000000000 0.205731822 0.433920391 0.431359381 0.470333502 0.402050335 0.442354730 0.521191569 0.470583228 0.515834477 0.480409737 0.562824848 0.534283834 0.543997712 0.545936031 0.549035514 0.544003088 0.550715614 0.561017052 0.540694746 0.564473922 0.550801477 0.528463433 0.566597811 0.473306109 0.529284713 0.465350755 0.474135187 0.560114638 0.559059549 0.541071534 0.562061381 0.591858369 0.966031293 
44     0.641499632 0.680849712 0.648089869 0.702298622 0.597838285 0.650922488 0.668978412 0.698321452 0.681139935 0.688629274 0.700648067 0.425673186 0.425583336 0.369651576 0.365866560 0.201159883 0.199982820 0.205731822 0.000000000 0.499820079 0.496786895 0.537583793 0.468765787 0.509093559 0.588454288 0.537937376 0.584396896 0.547370685 0.628603070 0.600257782 0.611266549 0.613062639 0.615308046 0.611763126 0.618617635 0.629577493 0.608093727 0.632740909 0.619149207 0.595377181 0.634486169 0.541578652 0.594407333 0.533919402 0.541796472 0.625695277 0.624638104 0.607418900 0.628207014 0.658424698 1.032074575 
20     0.528091825 0.567516972 0.532826941 0.587022655 0.484477711 0.538627230 0.563220230 0.586043532 0.571088634 0.578555904 0.590337952 0.415397203 0.417732487 0.451497866 0.448839364 0.431052532 0.429634056 0.433920391 0.499820079 0.000000000 0.079314220 0.178272298 0.233112536 0.399431785 0.480195529 0.432798931 0.474962891 0.446589369 0.524388242 0.497490449 0.510879339 0.512897122 0.515478384 0.510443375 0.518924994 0.528964513 0.506060418 0.533904410 0.519897082 0.491953167 0.530671754 0.438083630 0.487623237 0.433176335 0.442555099 0.525540559 0.525060492 0.501515372 0.524649884 0.554791641 0.915026221 
42     0.524785065 0.565039755 0.530583665 0.584487752 0.481031845 0.536249113 0.558892362 0.583853285 0.568954023 0.574982711 0.587480371 0.413023514 0.415427511 0.450067161 0.446998602 0.428227688 0.426809212 0.431359381 0.496786895 0.079314220 0.000000000 0.175068519 0.229699062 0.396379201 0.477638507 0.430238132 0.472255524 0.444171777 0.521502777 0.494484105 0.507681944 0.509699727 0.512483655 0.507394746 0.516091302 0.526091540 0.503476645 0.530848337 0.516889973 0.488679186 0.527574745 0.435452673 0.484840003 0.429876306 0.439823816 0.523372035 0.522921979 0.499292709 0.522254188 0.552377107 0.909139379 
47     0.567654831 0.606999258 0.572614904 0.626800049 0.522283733 0.577431436 0.601478178 0.625573573 0.610838321 0.617051980 0.628847140 0.450204263 0.453657436 0.489652336 0.486333770 0.467845287 0.466415233 0.470333502 0.537583793 0.178272298 0.175068519 0.000000000 0.269246220 0.437120036 0.515670687 0.468975111 0.511577242 0.484498362 0.561949674 0.534447498 0.547549254 0.549567037 0.552210527 0.547944230 0.555480103 0.565978958 0.543846430 0.571338972 0.557077028 0.528216884 0.567346253 0.475478533 0.524591128 0.469942496 0.479907108 0.562636755 0.562009864 0.538693975 0.560603291 0.591003331 0.952994644 
29     0.495333206 0.534986919 0.501995814 0.555256005 0.453612199 0.507198114 0.529982475 0.554161991 0.538570929 0.546445985 0.557518209 0.380591315 0.382499910 0.420624120 0.416768943 0.399184833 0.397526336 0.402050335 0.468765787 0.233112536 0.229699062 0.269246220 0.000000000 0.370115858 0.442543856 0.396903295 0.438157650 0.408826452 0.488744111 0.461868463 0.472208028 0.474572862 0.475648318 0.471150535 0.480126925 0.490496649 0.468986398 0.493588469 0.482866462 0.455487055 0.492817247 0.399240249 0.452985696 0.394403932 0.403470995 0.489359054 0.488768555 0.465789189 0.486614467 0.515916245 0.888116547 
25     0.483249096 0.522623523 0.490106760 0.543205752 0.441231490 0.494221988 0.518984680 0.539301067 0.524339163 0.534175148 0.547141243 0.421229996 0.424518653 0.461105328 0.457265465 0.440199800 0.438322676 0.442354730 0.509093559 0.399431785 0.396379201 0.437120036 0.370115858 0.000000000 0.419149248 0.370826162 0.415811944 0.399010386 0.480152778 0.452309650 0.464454823 0.466308342 0.469160529 0.465713916 0.473718354 0.483054580 0.463443012 0.488239320 0.475166153 0.448093001 0.483758769 0.390902746 0.446309591 0.390408773 0.400419311 0.481416706 0.480423589 0.460694100 0.484726415 0.512291895 0.874075986 
23     0.564947163 0.604665817 0.570073208 0.624121405 0.521489076 0.570646877 0.596102504 0.617024995 0.601794378 0.610152693 0.622538133 0.495194570 0.498273423 0.541064854 0.536258762 0.518901872 0.516760808 0.521191569 0.588454288 0.480195529 0.477638507 0.515670687 0.442543856 0.419149248 0.000000000 0.172343991 0.299327131 0.475722245 0.555427244 0.525153344 0.537240791 0.539127135 0.544864818 0.537926292 0.548204867 0.558500951 0.533583694 0.559693284 0.546402790 0.523437934 0.556775904 0.464942563 0.522300808 0.469593447 0.478018046 0.562055130 0.559213101 0.539385798 0.556729601 0.589399240 0.946487561 
39     0.517643637 0.556998173 0.522448440 0.576897532 0.472688408 0.523403617 0.548555989 0.570939262 0.556843294 0.565634980 0.574297669 0.445366306 0.448444896 0.490280664 0.485426612 0.468277789 0.466061023 0.470583228 0.537937376 0.432798931 0.430238132 0.468975111 0.396903295 0.370826162 0.172343991 0.000000000 0.254117224 0.427080043 0.505801659 0.475987946 0.487894994 0.489781338 0.495929966 0.488747976 0.499073155 0.509048333 0.484190526 0.510194389 0.495989416 0.473361505 0.507527236 0.415418020 0.470814482 0.419501169 0.428064358 0.510337952 0.507305680 0.487089411 0.507854063 0.539232228 0.901983963 
38     0.562897673 0.602166177 0.566222075 0.621300591 0.517980211 0.568336996 0.590679191 0.615359238 0.601060315 0.607274701 0.616147979 0.489200443 0.493066507 0.536262172 0.531915776 0.513393097 0.511713175 0.515834477 0.584396896 0.474962891 0.472255524 0.511577242 0.438157650 0.415811944 0.299327131 0.254117224 0.000000000 0.469668425 0.549034719 0.515788217 0.527811253 0.530096836 0.535361593 0.529469172 0.539001560 0.549887605 0.524718878 0.549889994 0.536547961 0.513331796 0.551323629 0.461486748 0.514314079 0.459859709 0.468178263 0.552350562 0.549370166 0.526183661 0.546338760 0.578106892 0.933713440 
45     0.525116686 0.566013601 0.527884834 0.582870459 0.483873475 0.533482772 0.557651572 0.582961612 0.571256264 0.579937014 0.587231152 0.463950015 0.466876450 0.504046460 0.499082902 0.477467516 0.476216611 0.480409737 0.547370685 0.446589369 0.444171777 0.484498362 0.408826452 0.399010386 0.475722245 0.427080043 0.469668425 0.000000000 0.293235946 0.272362832 0.285123394 0.286022308 0.291190154 0.282395920 0.297792232 0.308020911 0.286105528 0.308171052 0.297112568 0.269639411 0.348468172 0.261096040 0.404578757 0.351395761 0.359729230 0.444434051 0.439275655 0.415465094 0.444883751 0.471944914 0.921776781 
30     0.604929927 0.644328157 0.608130157 0.661554064 0.561526118 0.611284677 0.635850978 0.661344678 0.647127206 0.655435921 0.665742270 0.542932357 0.545722117 0.584748047 0.579389023 0.559760230 0.558667773 0.562824848 0.628603070 0.524388242 0.521502777 0.561949674 0.488744111 0.480152778 0.555427244 0.505801659 0.549034719 0.293235946 0.000000000 0.340105482 0.352983182 0.354688150 0.357015335 0.351582995 0.366738860 0.375602562 0.350677779 0.375292076 0.365247935 0.338400408 0.419920561 0.332493266 0.482204605 0.432187423 0.438942140 0.521337246 0.516602126 0.493634137 0.520164780 0.547642196 0.996249977 
22     0.570611568 0.610394968 0.573403558 0.627923766 0.527754651 0.578917943 0.604272844 0.629092436 0.618331105 0.625103335 0.629106104 0.512907348 0.518237838 0.555649222 0.550948837 0.531801976 0.530022072 0.534283834 0.600257782 0.497490449 0.494484105 0.534447498 0.461868463 0.452309650 0.525153344 0.475987946 0.515788217 0.272362832 0.340105482 0.000000000 0.161242069 0.162386995 0.164349329 0.154419822 0.171305862 0.178720536 0.159993740 0.198592605 0.185416876 0.243993284 0.402477858 0.314691126 0.453242270 0.405310091 0.412266861 0.494889938 0.490157922 0.466413936 0.491953890 0.520376682 0.968934803 
33     0.584596024 0.624614166 0.589187095 0.642964862 0.540953367 0.589410598 0.616594008 0.642282546 0.628891329 0.637627721 0.643512681 0.526762005 0.529577612 0.566147538 0.561742351 0.541687155 0.540011576 0.543997712 0.611266549 0.510879339 0.507681944 0.547549254 0.472208028 0.464454823 0.537240791 0.487894994 0.527811253 0.285123394 0.352983182 0.161242069 0.000000000 0.047890587 0.154114996 0.147356794 0.182957087 0.190628428 0.177962835 0.212128845 0.199703939 0.260179938 0.414709128 0.328435405 0.465702583 0.416053285 0.422937878 0.508230169 0.503855770 0.480134150 0.507019339 0.535277919 0.978503416 
34     0.587064766 0.627017093 0.591248784 0.645435377 0.543434515 0.591643944 0.619063828 0.644626102 0.631031043 0.640150530 0.646794674 0.528949508 0.532450603 0.568078128 0.563672573 0.543625473 0.541949894 0.545936031 0.613062639 0.512897122 0.509699727 0.549567037 0.474572862 0.466308342 0.539127135 0.489781338 0.530096836 0.286022308 0.354688150 0.162386995 0.047890587 0.000000000 0.154308132 0.147813053 0.182137378 0.189978625 0.178009796 0.211786654 0.199420572 0.261250215 0.415956310 0.329853440 0.467521436 0.418176685 0.425165765 0.510327531 0.505821742 0.481675614 0.508985312 0.537243892 0.980604429 
49     0.594966325 0.635632602 0.599593906 0.653180216 0.550606961 0.600509824 0.624213228 0.650752317 0.637980964 0.647132772 0.651040701 0.532378553 0.536365704 0.571599214 0.566202465 0.546393978 0.544718399 0.549035514 0.615308046 0.515478384 0.512483655 0.552210527 0.475648318 0.469160529 0.544864818 0.495929966 0.535361593 0.291190154 0.357015335 0.164349329 0.154114996 0.154308132 0.000000000 0.103974921 0.182194961 0.190724015 0.177053219 0.214597188 0.201724317 0.262464805 0.419013680 0.333665470 0.473745961 0.422084838 0.429249423 0.510100401 0.508388407 0.484190886 0.510785889 0.538752903 0.989187999 
12     0.589026369 0.629376048 0.593679757 0.647359311 0.545479616 0.596240024 0.621274587 0.645681559 0.633436672 0.641960716 0.646640277 0.527525939 0.529443853 0.565863157 0.561378605 0.541332813 0.539709880 0.544003088 0.611763126 0.510443375 0.507394746 0.547944230 0.471150535 0.465713916 0.537926292 0.488747976 0.529469172 0.282395920 0.351582995 0.154419822 0.147356794 0.147813053 0.103974921 0.000000000 0.174776193 0.184864516 0.170249271 0.206578951 0.194529294 0.253974485 0.411508973 0.325363116 0.465309867 0.413779091 0.420573926 0.504974005 0.500936362 0.476941133 0.502797725 0.530735879 0.983145663 
43     0.594510407 0.634445973 0.599501763 0.651450662 0.552598910 0.601386650 0.624916984 0.650783569 0.638908908 0.646483753 0.653760450 0.535161754 0.536854689 0.571871576 0.566922741 0.548244775 0.546569196 0.550715614 0.618617635 0.518924994 0.516091302 0.555480103 0.480126925 0.473718354 0.548204867 0.499073155 0.539001560 0.297792232 0.366738860 0.171305862 0.182957087 0.182137378 0.182194961 0.174776193 0.000000000 0.108990677 0.182995725 0.223636266 0.210690705 0.270150428 0.427027448 0.338343689 0.479787978 0.428658118 0.434701026 0.516906547 0.515191281 0.490643719 0.517646596 0.546349138 0.991665651 
48     0.608772997 0.647955282 0.612495836 0.664911562 0.565699898 0.613697210 0.638442751 0.664277501 0.652420905 0.660705520 0.666306323 0.545244476 0.547056458 0.582636454 0.577834849 0.558667860 0.556992282 0.561017052 0.629577493 0.528964513 0.526091540 0.565978958 0.490496649 0.483054580 0.558500951 0.509048333 0.549887605 0.308020911 0.375602562 0.178720536 0.190628428 0.189978625 0.190724015 0.184864516 0.108990677 0.000000000 0.190465343 0.230139960 0.217753606 0.279616571 0.435621407 0.347392282 0.489080325 0.437836171 0.443993254 0.526125345 0.524363199 0.499724597 0.527646470 0.556047472 1.003815191 
28     0.586343326 0.626936677 0.590220643 0.643318165 0.544010623 0.592478800 0.616865766 0.641114932 0.629248187 0.637957677 0.644775681 0.523775730 0.526663215 0.562073936 0.557171010 0.538249343 0.536573765 0.540694746 0.608093727 0.506060418 0.503476645 0.543846430 0.468986398 0.463443012 0.533583694 0.484190526 0.524718878 0.286105528 0.350677779 0.159993740 0.177962835 0.178009796 0.177053219 0.170249271 0.182995725 0.190465343 0.000000000 0.211617764 0.199003448 0.259898749 0.414027664 0.323522723 0.466090179 0.414927517 0.421708964 0.503924814 0.499440859 0.475899302 0.503321030 0.530900401 0.984185894 
17     0.612688273 0.653521605 0.616945730 0.671448644 0.571039841 0.619684490 0.644486955 0.668404417 0.656761865 0.664015691 0.671953102 0.548823552 0.551404553 0.587286313 0.581770518 0.561925041 0.560308052 0.564473922 0.632740909 0.533904410 0.530848337 0.571338972 0.493588469 0.488239320 0.559693284 0.510194389 0.549889994 0.308171052 0.375292076 0.198592605 0.212128845 0.211786654 0.214597188 0.206578951 0.223636266 0.230139960 0.211617764 0.000000000 0.115806675 0.279390687 0.437565058 0.350856916 0.489327865 0.439246211 0.445244493 0.529001651 0.524557508 0.499477397 0.525933435 0.555891483 1.010695112 
14     0.602689748 0.641282159 0.605140320 0.659416725 0.558286424 0.606233097 0.632928869 0.657263914 0.645032697 0.653469608 0.659592419 0.535730261 0.539044591 0.573985032 0.568801416 0.548231302 0.546555419 0.550801477 0.619149207 0.519897082 0.516889973 0.557077028 0.482866462 0.475166153 0.546402790 0.495989416 0.536547961 0.297112568 0.365247935 0.185416876 0.199703939 0.199420572 0.201724317 0.194529294 0.210690705 0.217753606 0.199003448 0.115806675 0.000000000 0.267777082 0.426352798 0.338143105 0.476291665 0.426287485 0.432795723 0.516419186 0.511770159 0.486773649 0.512136257 0.542017196 0.995773320 
31     0.567099928 0.605108171 0.569754240 0.623617140 0.521644571 0.572815012 0.597739858 0.623880134 0.607614660 0.617711219 0.625337611 0.510588808 0.513345478 0.550494938 0.544986927 0.525490592 0.524398135 0.528463433 0.595377181 0.491953167 0.488679186 0.528216884 0.455487055 0.448093001 0.523437934 0.473361505 0.513331796 0.269639411 0.338400408 0.243993284 0.260179938 0.261250215 0.262464805 0.253974485 0.270150428 0.279616571 0.259898749 0.279390687 0.267777082 0.000000000 0.398080024 0.307333039 0.453813997 0.401615661 0.408342514 0.491857963 0.488456447 0.465928550 0.489832364 0.517165053 0.959645107 
35     0.605286480 0.645068352 0.606628164 0.664112225 0.562351252 0.613499716 0.638689516 0.662472172 0.648759762 0.656016624 0.664658434 0.548343613 0.549338050 0.588190467 0.583363513 0.564088796 0.562618257 0.566597811 0.634486169 0.530671754 0.527574745 0.567346253 0.492817247 0.483758769 0.556775904 0.507527236 0.551323629 0.348468172 0.419920561 0.402477858 0.414709128 0.415956310 0.419013680 0.411508973 0.427027448 0.435621407 0.414027664 0.437565058 0.426352798 0.398080024 0.000000000 0.296708626 0.485819139 0.432659178 0.441755429 0.525257885 0.520876132 0.498949656 0.525954797 0.553111224 0.999748065 
16     0.509763945 0.550059789 0.513610299 0.569223606 0.469273164 0.521292193 0.545547895 0.568929041 0.554543782 0.563371185 0.572617445 0.453291461 0.454003071 0.493497968 0.488504621 0.470186151 0.469093694 0.473306109 0.541578652 0.438083630 0.435452673 0.475478533 0.399240249 0.390902746 0.464942563 0.415418020 0.461486748 0.261096040 0.332493266 0.314691126 0.328435405 0.329853440 0.333665470 0.325363116 0.338343689 0.347392282 0.323522723 0.350856916 0.338143105 0.307333039 0.296708626 0.000000000 0.392984564 0.339001824 0.347052431 0.435148979 0.430705157 0.410023349 0.434061445 0.461001811 0.909390954 
36     0.568079509 0.606539524 0.570941351 0.627375558 0.526610562 0.579560384 0.604403983 0.627736515 0.612862657 0.622631589 0.628413061 0.507209896 0.512532043 0.550477489 0.545574053 0.525735173 0.524754865 0.529284713 0.594407333 0.487623237 0.484840003 0.524591128 0.452985696 0.446309591 0.522300808 0.470814482 0.514314079 0.404578757 0.482204605 0.453242270 0.465702583 0.467521436 0.473745961 0.465309867 0.479787978 0.489080325 0.466090179 0.489327865 0.476291665 0.453813997 0.485819139 0.392984564 0.000000000 0.306502902 0.317507322 0.403628392 0.400017449 0.383985935 0.401249572 0.428381422 0.943097820 
13     0.515505918 0.556075105 0.519280920 0.573991846 0.475333421 0.527851646 0.544663426 0.570701232 0.554244522 0.564526508 0.577126158 0.445743665 0.448200742 0.487768535 0.482986950 0.462298885 0.461264692 0.465350755 0.533919402 0.433176335 0.429876306 0.469942496 0.394403932 0.390408773 0.469593447 0.419501169 0.459859709 0.351395761 0.432187423 0.405310091 0.416053285 0.418176685 0.422084838 0.413779091 0.428658118 0.437836171 0.414927517 0.439246211 0.426287485 0.401615661 0.432659178 0.339001824 0.306502902 0.000000000 0.099717614 0.330007542 0.326266973 0.307595205 0.330935204 0.357308831 0.906249565 
27     0.526064495 0.567059662 0.531246887 0.585889168 0.485271311 0.536289077 0.557475359 0.583192488 0.565889842 0.576036412 0.588984534 0.456646908 0.459408987 0.497493524 0.493178545 0.469762561 0.468915238 0.474135187 0.541796472 0.442555099 0.439823816 0.479907108 0.403470995 0.400419311 0.478018046 0.428064358 0.468178263 0.359729230 0.438942140 0.412266861 0.422937878 0.425165765 0.429249423 0.420573926 0.434701026 0.443993254 0.421708964 0.445244493 0.432795723 0.408342514 0.441755429 0.347052431 0.317507322 0.099717614 0.000000000 0.336464447 0.333413651 0.318136074 0.339240916 0.366292575 0.913605124 
50     0.606942355 0.646005675 0.611156940 0.665535414 0.559421599 0.617364590 0.633415546 0.659804489 0.645288535 0.655312026 0.668873227 0.540084577 0.544023464 0.579423934 0.575865488 0.556975346 0.556184881 0.560114638 0.625695277 0.525540559 0.523372035 0.562636755 0.489359054 0.481416706 0.562055130 0.510337952 0.552350562 0.444434051 0.521337246 0.494889938 0.508230169 0.510327531 0.510100401 0.504974005 0.516906547 0.526125345 0.503924814 0.529001651 0.516419186 0.491857963 0.525257885 0.435148979 0.403628392 0.330007542 0.336464447 0.000000000 0.108643002 0.216081047 0.323556670 0.347220616 1.000402313 
18     0.606965600 0.645488065 0.610726628 0.665486891 0.559186113 0.617298451 0.632166985 0.658430697 0.643944764 0.654170918 0.668070664 0.538268581 0.541652010 0.578343227 0.574979249 0.555916762 0.555127707 0.559059549 0.624638104 0.525060492 0.522921979 0.562009864 0.488768555 0.480423589 0.559213101 0.507305680 0.549370166 0.439275655 0.516602126 0.490157922 0.503855770 0.505821742 0.508388407 0.500936362 0.515191281 0.524363199 0.499440859 0.524557508 0.511770159 0.488456447 0.520876132 0.430705157 0.400017449 0.326266973 0.333413651 0.108643002 0.000000000 0.211172196 0.317389004 0.341426113 1.000034055 
19     0.583352259 0.624933900 0.588330992 0.642975237 0.542257885 0.598874090 0.615491680 0.641996193 0.627554789 0.638256281 0.649174048 0.517877380 0.521732448 0.557411859 0.554901404 0.537963587 0.537174290 0.541071534 0.607418900 0.501515372 0.499292709 0.538693975 0.465789189 0.460694100 0.539385798 0.487089411 0.526183661 0.415465094 0.493634137 0.466413936 0.480134150 0.481675614 0.484190886 0.476941133 0.490643719 0.499724597 0.475899302 0.499477397 0.486773649 0.465928550 0.498949656 0.410023349 0.383985935 0.307595205 0.318136074 0.216081047 0.211172196 0.000000000 0.300174987 0.325430094 0.980653809 
46     0.606679388 0.645631333 0.611210292 0.665715873 0.566395407 0.620565861 0.641561572 0.666148097 0.653005654 0.661614840 0.669934797 0.539883581 0.543901158 0.581385179 0.578300759 0.559143352 0.558401761 0.562061381 0.628207014 0.524649884 0.522254188 0.560603291 0.486614467 0.484726415 0.556729601 0.507854063 0.546338760 0.444883751 0.520164780 0.491953890 0.507019339 0.508985312 0.510785889 0.502797725 0.517646596 0.527646470 0.503321030 0.525933435 0.512136257 0.489832364 0.525954797 0.434061445 0.401249572 0.330935204 0.339240916 0.323556670 0.317389004 0.300174987 0.000000000 0.216386925 0.994345052 
41     0.630487665 0.670072701 0.634528479 0.688540402 0.590590724 0.644261935 0.665416159 0.692226901 0.676109725 0.686731049 0.695732632 0.569563003 0.573743914 0.611329795 0.607861927 0.588689790 0.587936765 0.591858369 0.658424698 0.554791641 0.552377107 0.591003331 0.515916245 0.512291895 0.589399240 0.539232228 0.578106892 0.471944914 0.547642196 0.520376682 0.535277919 0.537243892 0.538752903 0.530735879 0.546349138 0.556047472 0.530900401 0.555891483 0.542017196 0.517165053 0.553111224 0.461001811 0.428381422 0.357308831 0.366292575 0.347220616 0.341426113 0.325430094 0.216386925 0.000000000 1.024728031 
0     0.948730738 0.987722004 0.949472663 1.002585701 0.905460908 0.959412692 0.982952494 1.003502133 0.993540223 1.002403295 1.000407134 0.937134960 0.945538172 0.985397135 0.981934675 0.963867685 0.962056328 0.966031293 1.032074575 0.915026221 0.909139379 0.952994644 0.888116547 0.874075986 0.946487561 0.901983963 0.933713440 0.921776781 0.996249977 0.968934803 0.978503416 0.980604429 0.989187999 0.983145663 0.991665651 1.003815191 0.984185894 1.010695112 0.995773320 0.959645107 0.999748065 0.909390954 0.943097820 0.906249565 0.913605124 1.000402313 1.000034055 0.980653809 0.994345052 1.024728031 0.000000000 
