51
19     0.000000000 0.012543420 0.011635970 0.005328370 0.007773080 0.007839540 0.022464120 0.013610000 0.032817500 0.011153890 0.008361070 0.016037440 0.024124510 0.025793770 0.024296710 0.024879200 0.025023260 0.031337430 0.030939030 0.019761530 0.035741920 0.032986440 0.035512460 0.034603900 0.032339600 0.032698130 0.036984940 0.026357290 0.025010250 0.025820020 0.009656910 0.013656940 0.011604130 0.017703120 0.018959810 0.026064380 0.030399530 0.026706020 0.031423500 0.020943530 0.027318450 0.019302890 0.015484380 0.016535580 0.015690210 0.012628100 0.025326240 0.034477180 0.046210820 0.044092800 0.018881570 
4     0.012543420 0.000000000 0.003366020 0.016544970 0.005452710 0.044253640 0.017028820 0.033805600 0.046241560 0.030256180 0.035786240 0.015744830 0.015006700 0.016199560 0.019172640 0.017262000 0.015084520 0.023292360 0.060971690 0.065196520 0.021559740 0.016955630 0.055154550 0.048366480 0.052858810 0.048232500 0.017563130 0.017825150 0.017590030 0.017590030 0.012038200 0.031627850 0.032588130 0.033320540 0.033664980 0.027495260 0.027282640 0.027502770 0.027499640 0.026568310 0.026559550 0.036200830 0.033091990 0.033105160 0.043333750 0.042097860 0.031168020 0.022597080 0.021888500 0.021352580 0.055466060 
18     0.011635970 0.003366020 0.000000000 0.007729110 0.002962330 0.032056390 0.025712600 0.024307480 0.040989960 0.017582340 0.016572570 0.024428610 0.023690480 0.024883340 0.016205660 0.025945780 0.023768300 0.031976140 0.048862090 0.042533840 0.030243520 0.024895390 0.034778260 0.027006020 0.038634020 0.026872040 0.026246910 0.019149450 0.016919200 0.023690220 0.020721980 0.045992020 0.038377770 0.035874990 0.039571110 0.036179040 0.035966420 0.036186550 0.036183420 0.035252090 0.035243330 0.036947280 0.032903270 0.035058280 0.040403650 0.032353400 0.026550040 0.031280860 0.030572280 0.030036360 0.053261480 
20     0.005328370 0.016544970 0.007729110 0.000000000 0.001936980 0.014253360 0.045237050 0.016007200 0.012657750 0.025490280 0.007714830 0.021528060 0.020904120 0.020639190 0.015326110 0.028942000 0.032045690 0.046826250 0.049892260 0.035749360 0.040383030 0.024015840 0.033898710 0.026126470 0.037754470 0.025992490 0.039899140 0.018269900 0.016039650 0.022810670 0.015635350 0.014401010 0.034067220 0.018224660 0.002621040 0.015362860 0.020804360 0.014835330 0.027668950 0.018825440 0.023682820 0.019045970 0.032023720 0.034178730 0.029726150 0.028447750 0.034868750 0.042586330 0.028641990 0.029104770 0.043832830 
10     0.007773080 0.005452710 0.002962330 0.001936980 0.000000000 0.021991880 0.024366130 0.027306100 0.035076780 0.005279790 0.003472020 0.023082140 0.022344010 0.023536870 0.019204280 0.024599310 0.022421830 0.030629670 0.053008290 0.033518790 0.006942170 0.024292940 0.037776880 0.030004640 0.041632640 0.029870660 0.024900440 0.022148070 0.019917820 0.024927340 0.019375510 0.028006060 0.031107100 0.027930490 0.038990290 0.034832570 0.034619950 0.034840080 0.034836950 0.033905620 0.033896860 0.030810780 0.015170370 0.013320390 0.015227390 0.013280750 0.038505330 0.029934390 0.029225810 0.028689890 0.049365370 
24     0.007839540 0.044253640 0.032056390 0.014253360 0.021991880 0.000000000 0.015854100 0.004655390 0.004617160 0.016413570 0.011008230 0.019152120 0.033700430 0.021263860 0.027279940 0.026566060 0.030538270 0.044759510 0.038959870 0.040248090 0.038007090 0.028301940 0.030225020 0.036849350 0.029884420 0.033676170 0.039024260 0.026534680 0.028133200 0.028467180 0.013912330 0.026928970 0.002307530 0.020350280 0.026209770 0.014527020 0.021654590 0.013431080 0.023874360 0.023590690 0.028828180 0.030857990 0.032127010 0.032651090 0.033347340 0.030867240 0.031170370 0.040210390 0.041169950 0.041632730 0.034238870 
3     0.022464120 0.017028820 0.025712600 0.045237050 0.024366130 0.015854100 0.000000000 0.001024710 0.003457470 0.014521410 0.013511640 0.027900610 0.003943030 0.002619280 0.011487590 0.005992100 0.000780870 0.037368870 0.039262660 0.019306050 0.036846270 0.026876070 0.032542870 0.030680980 0.026293250 0.026285530 0.031262860 0.003569010 0.030809020 0.009184590 0.006521690 0.042139010 0.030004890 0.035333890 0.040456790 0.031514560 0.040670080 0.030805800 0.029989150 0.039344290 0.034942970 0.023467350 0.015598630 0.018157980 0.019137930 0.014166080 0.023779730 0.039518840 0.038810260 0.038274340 0.049370930 
6     0.013610000 0.033805600 0.024307480 0.016007200 0.027306100 0.004655390 0.001024710 0.000000000 0.000039610 0.014581150 0.011958070 0.015134560 0.018773930 0.019508780 0.027270460 0.028575610 0.021926120 0.035720510 0.033660800 0.016664390 0.029853940 0.004067120 0.007206150 0.005793390 0.012486550 0.000994410 0.014695750 0.014496600 0.013094990 0.028296410 0.011264920 0.019038490 0.020021750 0.022753480 0.030975810 0.025786990 0.028539230 0.029575500 0.020148840 0.029361150 0.025990190 0.023683450 0.022524930 0.022538100 0.030699930 0.027234460 0.028522960 0.017854910 0.033279470 0.033742250 0.041818020 
5     0.032817500 0.046241560 0.040989960 0.012657750 0.035076780 0.004617160 0.003457470 0.000039610 0.000000000 0.020511790 0.008608620 0.036696240 0.042621450 0.030939710 0.036576680 0.052163810 0.024388910 0.039107710 0.041438870 0.019127180 0.036667400 0.033151040 0.036492860 0.036457760 0.037025470 0.033539060 0.042091870 0.036990350 0.036942450 0.037471430 0.011082630 0.010747520 0.009126080 0.015185120 0.032103380 0.013292300 0.021706900 0.013450220 0.028956980 0.045307780 0.016942080 0.018065410 0.014956570 0.014969740 0.025198330 0.023962440 0.056367660 0.045497540 0.029930020 0.030392800 0.047501090 
8     0.011153890 0.030256180 0.017582340 0.025490280 0.005279790 0.016413570 0.014521410 0.014581150 0.020511790 0.000000000 0.000347680 0.019705530 0.023344900 0.017809800 0.022092530 0.012890870 0.011259000 0.025977800 0.028308960 0.005997270 0.022629550 0.019639650 0.019684170 0.019096330 0.020483340 0.018317830 0.019266720 0.019067570 0.017665960 0.022087530 0.005130660 0.021540570 0.018658280 0.023751890 0.028874790 0.023419510 0.029403500 0.026979240 0.032314830 0.009220930 0.011780340 0.022659940 0.028435420 0.029486620 0.028641250 0.025476770 0.026204340 0.022553100 0.027348670 0.018485530 0.025221030 
29     0.008361070 0.035786240 0.016572570 0.007714830 0.003472020 0.011008230 0.013511640 0.011958070 0.008608620 0.000347680 0.000000000 0.017742160 0.021381530 0.021494380 0.017165490 0.017411910 0.026871490 0.019954830 0.027888450 0.021468640 0.021741970 0.017676280 0.017720800 0.017132960 0.021170460 0.016354460 0.017303350 0.008307690 0.015702590 0.015322250 0.007856840 0.010746120 0.007915670 0.010075930 0.009893530 0.017494620 0.020246860 0.012164090 0.024014060 0.019524920 0.019006160 0.015391080 0.026362590 0.024827480 0.026028000 0.023171640 0.018546630 0.027098700 0.024987100 0.024448150 0.020233380 
27     0.016037440 0.015744830 0.024428610 0.021528060 0.023082140 0.019152120 0.027900610 0.015134560 0.036696240 0.019705530 0.017742160 0.000000000 0.000743090 0.000143120 0.001926110 0.002976670 0.000087500 0.009007030 0.017840480 0.019209890 0.007296130 0.002692020 0.006606940 0.006019100 0.023343780 0.005240600 0.003299520 0.003561540 0.003326420 0.001815750 0.003706930 0.026265320 0.020294330 0.021064520 0.020264570 0.021973800 0.021974090 0.021973710 0.028864200 0.032532540 0.028527820 0.025120910 0.025753640 0.019018970 0.019096270 0.022424200 0.013620600 0.020185320 0.023810660 0.036990350 0.011438840 
15     0.024124510 0.015006700 0.023690480 0.020904120 0.022344010 0.033700430 0.003943030 0.018773930 0.042621450 0.023344900 0.021381530 0.000743090 0.000000000 0.001197820 0.003632340 0.002260260 0.000082780 0.008290620 0.028390210 0.017030110 0.006555820 0.001951710 0.010246310 0.009658470 0.018146610 0.008879970 0.002559210 0.002821230 0.002586110 0.002586110 0.002968800 0.028663990 0.022367420 0.023137610 0.022337660 0.024046890 0.024047180 0.024046800 0.035362870 0.035369380 0.030600910 0.028547260 0.033840710 0.034891910 0.034046540 0.024497290 0.018609900 0.022258410 0.025883750 0.036252220 0.013511930 
2     0.025793770 0.016199560 0.024883340 0.020639190 0.023536870 0.021263860 0.002619280 0.019508780 0.030939710 0.017809800 0.021494380 0.000143120 0.001197820 0.000000000 0.001438690 0.003431400 0.000229340 0.009461760 0.017895890 0.014075490 0.007750860 0.003146750 0.010981160 0.010393320 0.016464990 0.009614820 0.003754250 0.004016270 0.003478300 0.001672810 0.004161660 0.029471000 0.020417770 0.021187960 0.020388010 0.022097240 0.022097530 0.022097150 0.033413220 0.035104450 0.028651260 0.026201720 0.025907040 0.027758550 0.028972970 0.022547640 0.016660250 0.020308760 0.023934100 0.037445080 0.011562280 
23     0.024296710 0.019172640 0.016205660 0.015326110 0.019204280 0.027279940 0.011487590 0.027270460 0.036576680 0.022092530 0.017165490 0.001926110 0.003632340 0.001438690 0.000000000 0.001655320 0.002013270 0.012434840 0.013088830 0.016562130 0.010723940 0.006119830 0.013912430 0.013967090 0.017573310 0.013664740 0.006727330 0.006989350 0.005547010 0.003741520 0.006993410 0.029100460 0.022220100 0.022990290 0.022190340 0.023899570 0.023899860 0.023899480 0.035215550 0.031398110 0.030453590 0.031875580 0.033094530 0.033155590 0.032560390 0.024349970 0.018462580 0.022111090 0.025736430 0.040418160 0.013364610 
9     0.024879200 0.017262000 0.025945780 0.028942000 0.024599310 0.026566060 0.005992100 0.028575610 0.052163810 0.012890870 0.017411910 0.002976670 0.002260260 0.003431400 0.001655320 0.000000000 0.002281140 0.010487860 0.012757190 0.016446290 0.008813300 0.004209190 0.012295380 0.011658030 0.016347570 0.017812180 0.004816690 0.005078710 0.004843590 0.004843590 0.005224100 0.045415180 0.029771070 0.035870060 0.041729550 0.044650200 0.044437580 0.044657710 0.044654580 0.039110470 0.043714490 0.026691190 0.026396510 0.028248020 0.029462440 0.025136740 0.019584700 0.032324650 0.037120220 0.028257080 0.034992580 
17     0.025023260 0.015084520 0.023768300 0.032045690 0.022421830 0.030538270 0.000780870 0.021926120 0.024388910 0.011259000 0.026871490 0.000087500 0.000082780 0.000229340 0.002013270 0.002281140 0.000000000 0.008061680 0.008076100 0.005742010 0.006635820 0.002031710 0.012035990 0.015152970 0.010826960 0.011670540 0.002639210 0.002819640 0.002666110 0.001901970 0.003046620 0.007462460 0.020380550 0.021150740 0.020350790 0.022060020 0.022060310 0.022059930 0.033376000 0.032547620 0.028614040 0.046175900 0.033228680 0.034186190 0.039767800 0.022510420 0.016623030 0.020271540 0.023896880 0.036330040 0.011525060 
30     0.031337430 0.023292360 0.031976140 0.046826250 0.030629670 0.044759510 0.037368870 0.035720510 0.039107710 0.025977800 0.019954830 0.009007030 0.008290620 0.009461760 0.012434840 0.010487860 0.008061680 0.000000000 0.000026740 0.000942060 0.014843660 0.010239550 0.020510410 0.020625370 0.015629950 0.019476160 0.010847050 0.011109070 0.010873950 0.010873950 0.011254460 0.041700870 0.031021620 0.036946820 0.030511300 0.031714090 0.042598430 0.031402170 0.050684940 0.043361790 0.044897490 0.050538780 0.045058210 0.045655390 0.044524070 0.041667710 0.050851160 0.045782380 0.045073800 0.044537880 0.046785830 
12     0.030939030 0.060971690 0.048862090 0.049892260 0.053008290 0.038959870 0.039262660 0.033660800 0.041438870 0.028308960 0.027888450 0.017840480 0.028390210 0.017895890 0.013088830 0.012757190 0.008076100 0.000026740 0.000000000 0.000641270 0.029760310 0.017884240 0.017278790 0.016558180 0.026989770 0.017463650 0.024715730 0.021474670 0.017468860 0.018316910 0.017181060 0.044142880 0.039596480 0.037650470 0.042773370 0.042407860 0.043302080 0.042343450 0.050941630 0.044065440 0.045601140 0.053816900 0.042860990 0.043912190 0.043066820 0.040004710 0.062297920 0.055810670 0.069571770 0.070135660 0.057199950 
26     0.019761530 0.065196520 0.042533840 0.035749360 0.033518790 0.040248090 0.019306050 0.016664390 0.019127180 0.005997270 0.021468640 0.019209890 0.017030110 0.014075490 0.016562130 0.016446290 0.005742010 0.000942060 0.000641270 0.000000000 0.019803280 0.018447770 0.021924710 0.020196530 0.017143760 0.021907020 0.016116160 0.016009490 0.019469040 0.020317090 0.004939970 0.039933570 0.032535430 0.035789380 0.032025110 0.033227900 0.037536260 0.032915980 0.049037880 0.041772160 0.043740050 0.050857030 0.043900770 0.036645830 0.038956480 0.025077620 0.051391680 0.033498980 0.071654450 0.064923090 0.052131380 
7     0.035741920 0.021559740 0.030243520 0.040383030 0.006942170 0.038007090 0.036846270 0.029853940 0.036667400 0.022629550 0.021741970 0.007296130 0.006555820 0.007750860 0.010723940 0.008813300 0.006635820 0.014843660 0.029760310 0.019803280 0.000000000 0.000119770 0.000677560 0.000509390 0.000211060 0.000391970 0.009112050 0.006891510 0.009138950 0.009138950 0.009521840 0.052066880 0.044883730 0.055043460 0.051369430 0.044713820 0.048735320 0.044005060 0.043188410 0.048020990 0.048012230 0.019774160 0.018091920 0.017537080 0.040475720 0.042617840 0.052620700 0.043618610 0.043341180 0.039551040 0.046286540 
31     0.032986440 0.016955630 0.024895390 0.024015840 0.024292940 0.028301940 0.026876070 0.004067120 0.033151040 0.019639650 0.017676280 0.002692020 0.001951710 0.003146750 0.006119830 0.004209190 0.002031710 0.010239550 0.017884240 0.018447770 0.000119770 0.000000000 0.000277620 0.000000000 0.000537310 0.000117580 0.001339480 0.001601500 0.001366380 0.001366380 0.004917730 0.036893790 0.035154120 0.044493380 0.039708230 0.034984210 0.043126920 0.034275450 0.033458800 0.038247800 0.038412620 0.039787770 0.038233050 0.037371050 0.038165740 0.043811960 0.040358360 0.039445650 0.038737070 0.038201150 0.045241870 
21     0.035512460 0.055154550 0.034778260 0.033898710 0.037776880 0.030225020 0.032542870 0.007206150 0.036492860 0.019684170 0.017720800 0.006606940 0.010246310 0.010981160 0.013912430 0.012295380 0.012035990 0.020510410 0.017278790 0.021924710 0.000677560 0.000277620 0.000000000 0.000015740 0.000486270 0.000111290 0.003802530 0.003603380 0.002201770 0.008518190 0.008893010 0.043305500 0.037077200 0.046503320 0.036914120 0.036907290 0.046062810 0.036198530 0.035381880 0.049743730 0.040335700 0.034447550 0.027593210 0.028550720 0.035567220 0.028172540 0.033831110 0.049955260 0.062123140 0.062585920 0.026964780 
22     0.034603900 0.048366480 0.027006020 0.026126470 0.030004640 0.036849350 0.030680980 0.005793390 0.036457760 0.019096330 0.017132960 0.006019100 0.009658470 0.010393320 0.013967090 0.011658030 0.015152970 0.020625370 0.016558180 0.020196530 0.000509390 0.000000000 0.000015740 0.000000000 0.000537310 0.000013210 0.003214690 0.003015540 0.001613930 0.008572850 0.008896700 0.038053710 0.038682680 0.046680800 0.041442470 0.043740690 0.045592410 0.039437220 0.043290600 0.049921210 0.042844460 0.034580760 0.032121560 0.033079070 0.038091980 0.032700890 0.038359460 0.049367420 0.062016150 0.062478930 0.031493130 
1     0.032339600 0.052858810 0.038634020 0.037754470 0.041632640 0.029884420 0.026293250 0.012486550 0.037025470 0.020483340 0.021170460 0.023343780 0.018146610 0.016464990 0.017573310 0.016347570 0.010826960 0.015629950 0.026989770 0.017143760 0.000211060 0.000537310 0.000486270 0.000537310 0.000000000 0.000017040 0.019341420 0.007830780 0.009429300 0.018216450 0.007683980 0.040908140 0.036736600 0.043330460 0.035705090 0.036566690 0.045167750 0.035857930 0.035041280 0.046570870 0.039995100 0.039331400 0.026384180 0.027341690 0.034358190 0.026963510 0.032622080 0.051397270 0.064389520 0.058901650 0.025755750 
16     0.032698130 0.048232500 0.026872040 0.025992490 0.029870660 0.033676170 0.026285530 0.000994410 0.033539060 0.018317830 0.016354460 0.005240600 0.008879970 0.009614820 0.013664740 0.017812180 0.011670540 0.019476160 0.017463650 0.021907020 0.000391970 0.000117580 0.000111290 0.000013210 0.000017040 0.000000000 0.002436190 0.002237040 0.000835430 0.008270500 0.008118200 0.039459260 0.037590000 0.043688990 0.036548670 0.044933700 0.045692390 0.041094400 0.045899870 0.040813270 0.041387350 0.031371980 0.027227760 0.028185270 0.035201770 0.027807090 0.033465660 0.048588920 0.057889880 0.058197580 0.026599330 
28     0.036984940 0.017563130 0.026246910 0.039899140 0.024900440 0.039024260 0.031262860 0.014695750 0.042091870 0.019266720 0.017303350 0.003299520 0.002559210 0.003754250 0.006727330 0.004816690 0.002639210 0.010847050 0.024715730 0.016116160 0.009112050 0.001339480 0.003802530 0.003214690 0.019341420 0.002436190 0.000000000 0.000276720 0.000042400 0.000042400 0.005525230 0.040923490 0.028555880 0.028812920 0.028526120 0.030235350 0.030235640 0.030235260 0.041551330 0.035227890 0.036763590 0.029956500 0.029661820 0.031513330 0.032727750 0.028402050 0.024798360 0.028446870 0.032072210 0.038808650 0.019700390 
11     0.026357290 0.017825150 0.019149450 0.018269900 0.022148070 0.026534680 0.003569010 0.014496600 0.036990350 0.019067570 0.008307690 0.003561540 0.002821230 0.004016270 0.006989350 0.005078710 0.002819640 0.011109070 0.021474670 0.016009490 0.006891510 0.001601500 0.003603380 0.003015540 0.007830780 0.002237040 0.000276720 0.000000000 0.000304420 0.000304420 0.002950150 0.021575780 0.025594340 0.026258870 0.031381770 0.031016260 0.027808910 0.030716980 0.031691540 0.022929790 0.023503870 0.027195430 0.026900750 0.028752260 0.029966680 0.025640980 0.035479690 0.040315170 0.039606590 0.039070670 0.029923860 
14     0.025010250 0.017590030 0.016919200 0.016039650 0.019917820 0.028133200 0.030809020 0.013094990 0.036942450 0.017665960 0.015702590 0.003326420 0.002586110 0.003478300 0.005547010 0.004843590 0.002666110 0.010873950 0.017468860 0.019469040 0.009138950 0.001366380 0.002201770 0.001613930 0.009429300 0.000835430 0.000042400 0.000304420 0.000000000 0.000000000 0.005552130 0.040711730 0.023895890 0.024252230 0.023866130 0.025575360 0.025575650 0.025575270 0.033290060 0.030667200 0.032129380 0.027403770 0.032363620 0.032960800 0.031829480 0.026025760 0.020138370 0.023786880 0.027412220 0.038835550 0.015040400 
13     0.025820020 0.017590030 0.023690220 0.022810670 0.024927340 0.028467180 0.009184590 0.028296410 0.037471430 0.022087530 0.015322250 0.001815750 0.002586110 0.001672810 0.003741520 0.004843590 0.001901970 0.010873950 0.018316910 0.020317090 0.009138950 0.001366380 0.008518190 0.008572850 0.018216450 0.008270500 0.000042400 0.000304420 0.000000000 0.000000000 0.005552130 0.028590340 0.022090400 0.022860590 0.022060640 0.023769870 0.023770160 0.023769780 0.035085850 0.029944350 0.030323890 0.026058040 0.031952580 0.027160980 0.027238280 0.024220270 0.018332880 0.021981390 0.025606730 0.038835550 0.013234910 
25     0.009656910 0.012038200 0.020721980 0.015635350 0.019375510 0.013912330 0.006521690 0.011264920 0.011082630 0.005130660 0.007856840 0.003706930 0.002968800 0.004161660 0.006993410 0.005224100 0.003046620 0.011254460 0.017181060 0.004939970 0.009521840 0.004917730 0.008893010 0.008896700 0.007683980 0.008118200 0.005525230 0.002950150 0.005552130 0.005552130 0.000000000 0.016169830 0.021004710 0.019058700 0.022051030 0.023816090 0.024710310 0.023751680 0.032843170 0.017253130 0.019812540 0.019691600 0.019373110 0.020424310 0.019578940 0.016516830 0.020003980 0.024703750 0.033819640 0.033283720 0.021598340 
32     0.013656940 0.031627850 0.045992020 0.014401010 0.028006060 0.026928970 0.042139010 0.019038490 0.010747520 0.021540570 0.010746120 0.026265320 0.028663990 0.029471000 0.029100460 0.045415180 0.007462460 0.041700870 0.044142880 0.039933570 0.052066880 0.036893790 0.043305500 0.038053710 0.040908140 0.039459260 0.040923490 0.021575780 0.040711730 0.028590340 0.016169830 0.000000000 0.001608870 0.004376890 0.004291900 0.000458300 0.002330450 0.001553910 0.001490410 0.000216960 0.001223670 0.012340240 0.023401870 0.021866760 0.023020420 0.021742020 0.023217150 0.032741580 0.021936260 0.022399040 0.036139120 
48     0.011604130 0.032588130 0.038377770 0.034067220 0.031107100 0.002307530 0.030004890 0.020021750 0.009126080 0.018658280 0.007915670 0.020294330 0.022367420 0.020417770 0.022220100 0.029771070 0.020380550 0.031021620 0.039596480 0.032535430 0.044883730 0.035154120 0.037077200 0.038682680 0.036736600 0.037590000 0.028555880 0.025594340 0.023895890 0.022090400 0.021004710 0.001608870 0.000000000 0.000829830 0.000029880 0.000467180 0.001739400 0.001149240 0.002584340 0.004273930 0.004848010 0.026794950 0.018952320 0.019549500 0.018418180 0.004488670 0.011409060 0.015057570 0.018682910 0.034645910 0.009240830 
35     0.017703120 0.033320540 0.035874990 0.018224660 0.027930490 0.020350280 0.035333890 0.022753480 0.015185120 0.023751890 0.010075930 0.021064520 0.023137610 0.021187960 0.022990290 0.035870060 0.021150740 0.036946820 0.037650470 0.035789380 0.055043460 0.044493380 0.046503320 0.046680800 0.043330460 0.043688990 0.028812920 0.026258870 0.024252230 0.022860590 0.019058700 0.004376890 0.000829830 0.000000000 0.000351680 0.000939040 0.000939330 0.000938950 0.004429440 0.006149840 0.007081460 0.005050750 0.001941910 0.001955080 0.012183670 0.010947780 0.012179250 0.015827760 0.019453100 0.026222690 0.010011020 
38     0.018959810 0.033664980 0.039571110 0.002621040 0.038990290 0.026209770 0.040456790 0.030975810 0.032103380 0.028874790 0.009893530 0.020264570 0.022337660 0.020388010 0.022190340 0.041729550 0.020350790 0.030511300 0.042773370 0.032025110 0.051369430 0.039708230 0.036914120 0.041442470 0.035705090 0.036548670 0.028526120 0.031381770 0.023866130 0.022060640 0.022051030 0.004291900 0.000029880 0.000351680 0.000000000 0.001709230 0.001709520 0.001094690 0.007877700 0.004461180 0.005348440 0.028754580 0.022129210 0.022726390 0.021595070 0.017266890 0.011379300 0.015027810 0.018653150 0.038813380 0.009211070 
45     0.026064380 0.027495260 0.036179040 0.015362860 0.034832570 0.014527020 0.031514560 0.025786990 0.013292300 0.023419510 0.017494620 0.021973800 0.024046890 0.022097240 0.023899570 0.044650200 0.022060020 0.031714090 0.042407860 0.033227900 0.044713820 0.034984210 0.036907290 0.043740690 0.036566690 0.044933700 0.030235350 0.031016260 0.025575360 0.023769870 0.023816090 0.000458300 0.000467180 0.000939040 0.001709230 0.000000000 0.000000490 0.000000110 0.000505780 0.002788210 0.002779450 0.019088740 0.021763700 0.022360880 0.021229560 0.011801940 0.013088530 0.016737040 0.020362380 0.029147540 0.010920300 
34     0.030399530 0.027282640 0.035966420 0.020804360 0.034619950 0.021654590 0.040670080 0.028539230 0.021706900 0.029403500 0.020246860 0.021974090 0.024047180 0.022097530 0.023899860 0.044437580 0.022060310 0.042598430 0.043302080 0.037536260 0.048735320 0.043126920 0.046062810 0.045592410 0.045167750 0.045692390 0.030235640 0.027808910 0.025575650 0.023770160 0.024710310 0.002330450 0.001739400 0.000939330 0.001709520 0.000000490 0.000000000 0.000000380 0.000293160 0.002575590 0.002566830 0.019541880 0.022657920 0.023255100 0.022123780 0.014129810 0.013088820 0.016737330 0.020362670 0.031899780 0.010920590 
37     0.026706020 0.027502770 0.036186550 0.014835330 0.034840080 0.013431080 0.030805800 0.029575500 0.013450220 0.026979240 0.012164090 0.021973710 0.024046800 0.022097150 0.023899480 0.044657710 0.022059930 0.031402170 0.042343450 0.032915980 0.044005060 0.034275450 0.036198530 0.039437220 0.035857930 0.041094400 0.030235260 0.030716980 0.025575270 0.023769780 0.023751680 0.001553910 0.001149240 0.000938950 0.001094690 0.000000110 0.000000380 0.000000000 0.000513290 0.002795720 0.002786960 0.019102130 0.021699290 0.022296470 0.021165150 0.010430420 0.013088440 0.016736950 0.020362290 0.034076580 0.010920210 
47     0.031423500 0.027499640 0.036183420 0.027668950 0.034836950 0.023874360 0.029989150 0.020148840 0.028956980 0.032314830 0.024014060 0.028864200 0.035362870 0.033413220 0.035215550 0.044654580 0.033376000 0.050684940 0.050941630 0.049037880 0.043188410 0.033458800 0.035381880 0.043290600 0.035041280 0.045899870 0.041551330 0.031691540 0.033290060 0.035085850 0.032843170 0.001490410 0.002584340 0.004429440 0.007877700 0.000505780 0.000293160 0.000513290 0.000000000 0.002792590 0.001413220 0.025608180 0.030790780 0.031387960 0.030256640 0.027400280 0.024404510 0.028053020 0.031678360 0.035666980 0.022236280 
42     0.020943530 0.026568310 0.035252090 0.018825440 0.033905620 0.023590690 0.039344290 0.029361150 0.045307780 0.009220930 0.019524920 0.032532540 0.035369380 0.035104450 0.031398110 0.039110470 0.032547620 0.043361790 0.044065440 0.041772160 0.048020990 0.038247800 0.049743730 0.049921210 0.046570870 0.040813270 0.035227890 0.022929790 0.030667200 0.029944350 0.017253130 0.000216960 0.004273930 0.006149840 0.004461180 0.002788210 0.002575590 0.002795720 0.002792590 0.000000000 0.000009620 0.036377210 0.017529460 0.024018460 0.017193410 0.015247160 0.027951770 0.035274520 0.038899860 0.038955600 0.025092620 
41     0.027318450 0.026559550 0.035243330 0.023682820 0.033896860 0.028828180 0.034942970 0.025990190 0.016942080 0.011780340 0.019006160 0.028527820 0.030600910 0.028651260 0.030453590 0.043714490 0.028614040 0.044897490 0.045601140 0.043740050 0.048012230 0.038412620 0.040335700 0.042844460 0.039995100 0.041387350 0.036763590 0.023503870 0.032129380 0.030323890 0.019812540 0.001223670 0.004848010 0.007081460 0.005348440 0.002779450 0.002566830 0.002786960 0.001413220 0.000009620 0.000000000 0.032313080 0.018706660 0.025554160 0.018370610 0.016424360 0.019642550 0.023291060 0.026916400 0.041515010 0.017474320 
46     0.019302890 0.036200830 0.036947280 0.019045970 0.030810780 0.030857990 0.023467350 0.023683450 0.018065410 0.022659940 0.015391080 0.025120910 0.028547260 0.026201720 0.031875580 0.026691190 0.046175900 0.050538780 0.053816900 0.050857030 0.019774160 0.039787770 0.034447550 0.034580760 0.039331400 0.031371980 0.029956500 0.027195430 0.027403770 0.026058040 0.019691600 0.012340240 0.026794950 0.005050750 0.028754580 0.019088740 0.019541880 0.019102130 0.025608180 0.036377210 0.032313080 0.000000000 0.003009900 0.000819340 0.000483010 0.000782790 0.030450440 0.042022620 0.026455100 0.026917880 0.040535610 
33     0.015484380 0.033091990 0.032903270 0.032023720 0.015170370 0.032127010 0.015598630 0.022524930 0.014956570 0.028435420 0.026362590 0.025753640 0.033840710 0.025907040 0.033094530 0.026396510 0.033228680 0.045058210 0.042860990 0.043900770 0.018091920 0.038233050 0.027593210 0.032121560 0.026384180 0.027227760 0.029661820 0.026900750 0.032363620 0.031952580 0.019373110 0.023401870 0.018952320 0.001941910 0.022129210 0.021763700 0.022657920 0.021699290 0.030790780 0.017529460 0.018706660 0.003009900 0.000000000 0.000013910 0.000852070 0.000000780 0.022566470 0.046556270 0.044612080 0.045074860 0.027588390 
39     0.016535580 0.033105160 0.035058280 0.034178730 0.013320390 0.032651090 0.018157980 0.022538100 0.014969740 0.029486620 0.024827480 0.019018970 0.034891910 0.027758550 0.033155590 0.028248020 0.034186190 0.045655390 0.043912190 0.036645830 0.017537080 0.037371050 0.028550720 0.033079070 0.027341690 0.028185270 0.031513330 0.028752260 0.032960800 0.027160980 0.020424310 0.021866760 0.019549500 0.001955080 0.022726390 0.022360880 0.023255100 0.022296470 0.031387960 0.024018460 0.025554160 0.000819340 0.000013910 0.000000000 0.000305990 0.000875060 0.015422090 0.047109540 0.042386100 0.042848880 0.028545900 
36     0.015690210 0.043333750 0.040403650 0.029726150 0.015227390 0.033347340 0.019137930 0.030699930 0.025198330 0.028641250 0.026028000 0.019096270 0.034046540 0.028972970 0.032560390 0.029462440 0.039767800 0.044524070 0.043066820 0.038956480 0.040475720 0.038165740 0.035567220 0.038091980 0.034358190 0.035201770 0.032727750 0.029966680 0.031829480 0.027238280 0.019578940 0.023020420 0.018418180 0.012183670 0.021595070 0.021229560 0.022123780 0.021165150 0.030256640 0.017193410 0.018370610 0.000483010 0.000852070 0.000305990 0.000000000 0.000053370 0.015499390 0.046554550 0.037135280 0.037598060 0.035562400 
49     0.012628100 0.042097860 0.032353400 0.028447750 0.013280750 0.030867240 0.014166080 0.027234460 0.023962440 0.025476770 0.023171640 0.022424200 0.024497290 0.022547640 0.024349970 0.025136740 0.022510420 0.041667710 0.040004710 0.025077620 0.042617840 0.043811960 0.028172540 0.032700890 0.026963510 0.027807090 0.028402050 0.025640980 0.026025760 0.024220270 0.016516830 0.021742020 0.004488670 0.010947780 0.017266890 0.011801940 0.014129810 0.010430420 0.027400280 0.015247160 0.016424360 0.000782790 0.000000780 0.000875060 0.000053370 0.000000000 0.013539130 0.017187640 0.003572020 0.030925330 0.011370700 
40     0.025326240 0.031168020 0.026550040 0.034868750 0.038505330 0.031170370 0.023779730 0.028522960 0.056367660 0.026204340 0.018546630 0.013620600 0.018609900 0.016660250 0.018462580 0.019584700 0.016623030 0.050851160 0.062297920 0.051391680 0.052620700 0.040358360 0.033831110 0.038359460 0.032622080 0.033465660 0.024798360 0.035479690 0.020138370 0.018332880 0.020003980 0.023217150 0.011409060 0.012179250 0.011379300 0.013088530 0.013088820 0.013088440 0.024404510 0.027951770 0.019642550 0.030450440 0.022566470 0.015422090 0.015499390 0.013539130 0.000000000 0.008027450 0.011652790 0.019437740 0.005483310 
43     0.034477180 0.022597080 0.031280860 0.042586330 0.029934390 0.040210390 0.039518840 0.017854910 0.045497540 0.022553100 0.027098700 0.020185320 0.022258410 0.020308760 0.022111090 0.032324650 0.020271540 0.045782380 0.055810670 0.033498980 0.043618610 0.039445650 0.049955260 0.049367420 0.051397270 0.048588920 0.028446870 0.040315170 0.023786880 0.021981390 0.024703750 0.032741580 0.015057570 0.015827760 0.015027810 0.016737040 0.016737330 0.016736950 0.028053020 0.035274520 0.023291060 0.042022620 0.046556270 0.047109540 0.046554550 0.017187640 0.008027450 0.000000000 0.001939400 0.001403480 0.009131820 
44     0.046210820 0.021888500 0.030572280 0.028641990 0.029225810 0.041169950 0.038810260 0.033279470 0.029930020 0.027348670 0.024987100 0.023810660 0.025883750 0.023934100 0.025736430 0.037120220 0.023896880 0.045073800 0.069571770 0.071654450 0.043341180 0.038737070 0.062123140 0.062016150 0.064389520 0.057889880 0.032072210 0.039606590 0.027412220 0.025606730 0.033819640 0.021936260 0.018682910 0.019453100 0.018653150 0.020362380 0.020362670 0.020362290 0.031678360 0.038899860 0.026916400 0.026455100 0.044612080 0.042386100 0.037135280 0.003572020 0.011652790 0.001939400 0.000000000 0.000678840 0.012757160 
50     0.044092800 0.021352580 0.030036360 0.029104770 0.028689890 0.041632730 0.038274340 0.033742250 0.030392800 0.018485530 0.024448150 0.036990350 0.036252220 0.037445080 0.040418160 0.028257080 0.036330040 0.044537880 0.070135660 0.064923090 0.039551040 0.038201150 0.062585920 0.062478930 0.058901650 0.058197580 0.038808650 0.039070670 0.038835550 0.038835550 0.033283720 0.022399040 0.034645910 0.026222690 0.038813380 0.029147540 0.031899780 0.034076580 0.035666980 0.038955600 0.041515010 0.026917880 0.045074860 0.042848880 0.037598060 0.030925330 0.019437740 0.001403480 0.000678840 0.000000000 0.039859280 
0     0.018881570 0.055466060 0.053261480 0.043832830 0.049365370 0.034238870 0.049370930 0.041818020 0.047501090 0.025221030 0.020233380 0.011438840 0.013511930 0.011562280 0.013364610 0.034992580 0.011525060 0.046785830 0.057199950 0.052131380 0.046286540 0.045241870 0.026964780 0.031493130 0.025755750 0.026599330 0.019700390 0.029923860 0.015040400 0.013234910 0.021598340 0.036139120 0.009240830 0.010011020 0.009211070 0.010920300 0.010920590 0.010920210 0.022236280 0.025092620 0.017474320 0.040535610 0.027588390 0.028545900 0.035562400 0.011370700 0.005483310 0.009131820 0.012757160 0.039859280 0.000000000 
