51
19     0.000000000 0.125020926 0.083787321 0.102715359 0.079307090 0.210163950 0.171932099 0.113308008 0.185491945 0.112587983 0.093924173 0.129736063 0.162468076 0.131734840 0.126748920 0.170721500 0.167558150 0.162067286 0.155138422 0.158235326 0.149844155 0.135405861 0.137979248 0.137836785 0.145747255 0.134109043 0.143164039 0.131961542 0.139904737 0.131975926 0.152010857 0.141787402 0.128155910 0.141077184 0.137683385 0.129345305 0.136879149 0.128064217 0.183850061 0.159809009 0.160885709 0.153458032 0.141179762 0.140364300 0.141836869 0.139496333 0.268518655 0.242377399 0.269285278 0.282138445 0.407677190 
4     0.125020926 0.000000000 0.110378154 0.170174231 0.147034171 0.279867756 0.241635905 0.183004008 0.255195751 0.182290602 0.163629479 0.199383889 0.232150985 0.201382666 0.196396746 0.240359112 0.237164518 0.231732429 0.224803565 0.227900470 0.219479723 0.205041487 0.207614874 0.207472410 0.215382880 0.203744669 0.212799664 0.201597168 0.209540362 0.201611551 0.221693730 0.211556494 0.197925002 0.210846276 0.207452477 0.199114397 0.206648241 0.197833309 0.253619153 0.229578101 0.230654801 0.223151907 0.210873637 0.210058175 0.211530744 0.209190208 0.338215512 0.312129721 0.339037600 0.351890767 0.477404391 
18     0.083787321 0.110378154 0.000000000 0.129129013 0.106071839 0.239305337 0.201073486 0.142441588 0.214633331 0.141732712 0.123071589 0.158870473 0.191602485 0.160869250 0.155883329 0.199855909 0.196667198 0.191229072 0.184300208 0.187397112 0.178978507 0.164540271 0.167113658 0.166971195 0.174881664 0.163243453 0.172298449 0.161095952 0.169039146 0.161110336 0.181145267 0.170934050 0.157302558 0.170223832 0.166830033 0.158491953 0.166025797 0.157210865 0.212996709 0.188955657 0.190032357 0.182532028 0.170253757 0.169438295 0.170910864 0.168570328 0.297595633 0.271454377 0.298362256 0.311215423 0.436768567 
20     0.102715359 0.170174231 0.129129013 0.000000000 0.078548945 0.258140438 0.219908587 0.161284496 0.233468433 0.160475386 0.141876932 0.177720342 0.210497651 0.179719119 0.174733199 0.218705779 0.215478737 0.210069055 0.203140191 0.206237096 0.197798068 0.183390141 0.185963528 0.185821064 0.193731534 0.182093323 0.191148318 0.179945822 0.187889016 0.179960205 0.199995137 0.189653819 0.176039665 0.188940082 0.185510602 0.177194275 0.184728119 0.175913187 0.231716478 0.207673744 0.208750444 0.201407382 0.189092874 0.188277412 0.189749981 0.187409445 0.316432743 0.290099501 0.316966133 0.329819300 0.455642442 
10     0.079307090 0.147034171 0.106071839 0.078548945 0.000000000 0.234756944 0.196525093 0.137901002 0.210084939 0.137055076 0.118495458 0.154362053 0.187139362 0.156360830 0.151374910 0.195347490 0.192107730 0.186710766 0.179781902 0.182878807 0.174389604 0.159996467 0.162569854 0.162427391 0.170337860 0.158699649 0.167754645 0.156552148 0.164495342 0.156566532 0.176636848 0.166341202 0.152709710 0.165630984 0.162237185 0.153899105 0.161432949 0.152618017 0.208403861 0.184362809 0.185439509 0.177837920 0.165471767 0.164656305 0.166128874 0.163791983 0.293054842 0.266948259 0.293856138 0.306709305 0.432259026 
24     0.210163950 0.279867756 0.239305337 0.258140438 0.234756944 0.000000000 0.222583813 0.163732093 0.235867831 0.194663806 0.175909000 0.211278383 0.244098608 0.213312789 0.208331168 0.252169592 0.249069273 0.243733831 0.236687829 0.239784734 0.231281601 0.216771320 0.219344707 0.219202244 0.227112713 0.215474502 0.224541432 0.213338935 0.221282130 0.213346013 0.233477497 0.230344189 0.216691057 0.229638120 0.226243587 0.217883686 0.225417530 0.216602598 0.272410997 0.248356711 0.249433411 0.242528892 0.230303162 0.229487700 0.230986769 0.228639696 0.357508723 0.331637790 0.358539190 0.371392357 0.496735853 
3     0.171932099 0.241635905 0.201073486 0.219908587 0.196525093 0.222583813 0.000000000 0.099152313 0.171335856 0.156531316 0.137776650 0.173193433 0.206013658 0.175224948 0.170246781 0.214014628 0.211015458 0.205672162 0.198626642 0.201723547 0.193203723 0.178693442 0.181266829 0.181124365 0.189034835 0.177396624 0.186460225 0.175257729 0.183200923 0.175264806 0.195381373 0.192356869 0.178725377 0.191637049 0.188242515 0.179905169 0.187439013 0.178624081 0.234409925 0.210355640 0.211432340 0.204598589 0.192373910 0.191558448 0.193057517 0.190710444 0.319548706 0.293564601 0.320466001 0.333319168 0.458801638 
6     0.113308008 0.183004008 0.142441588 0.161284496 0.137901002 0.163732093 0.099152313 0.000000000 0.104056380 0.097882945 0.079154782 0.114488373 0.147308599 0.116519888 0.111541722 0.155379490 0.152299870 0.146956574 0.139911054 0.143007959 0.134440038 0.119917172 0.122490545 0.122348082 0.130258551 0.118618005 0.127738996 0.116536499 0.124474890 0.116538773 0.136701274 0.133772105 0.120140613 0.133052284 0.129657750 0.121320404 0.128854249 0.120039316 0.175825160 0.151770875 0.152847575 0.145975680 0.133749950 0.132934488 0.134433557 0.132086484 0.260951045 0.234966939 0.261868340 0.274721507 0.400199355 
5     0.185491945 0.255195751 0.214633331 0.233468433 0.210084939 0.235867831 0.171335856 0.104056380 0.000000000 0.170073985 0.151319319 0.186655892 0.219455707 0.188717136 0.183738970 0.227555381 0.224486581 0.219143285 0.212097765 0.215194670 0.206695911 0.192185630 0.194759017 0.194616554 0.202527023 0.190888812 0.199946493 0.188743996 0.196687190 0.188751073 0.208881466 0.205869746 0.192215633 0.205149044 0.201754510 0.193402870 0.200936714 0.192121782 0.247919961 0.223868958 0.224945658 0.218207885 0.205982155 0.205166693 0.206665762 0.204318689 0.333136564 0.307152458 0.334053859 0.346907026 0.472394275 
8     0.112587983 0.182290602 0.141732712 0.160475386 0.137055076 0.194663806 0.156531316 0.097882945 0.170073985 0.000000000 0.053985878 0.110105169 0.142916965 0.112153824 0.107165908 0.151121239 0.148055089 0.142589232 0.135668832 0.138765737 0.130406937 0.115901375 0.118474762 0.118332298 0.126176458 0.114604557 0.123649950 0.112447453 0.120390647 0.112467586 0.131848315 0.133758949 0.120104768 0.133075193 0.129679904 0.121287977 0.128821822 0.120006889 0.175749729 0.151757719 0.152834419 0.145946971 0.133744296 0.132928834 0.134427544 0.132080471 0.260780051 0.234829667 0.261731068 0.274584235 0.399718204 
29     0.093924173 0.163629479 0.123071589 0.141876932 0.118495458 0.175909000 0.137776650 0.079154782 0.151319319 0.053985878 0.000000000 0.091362309 0.124174104 0.093410964 0.088423048 0.132383504 0.129317354 0.123851497 0.116931097 0.120028001 0.111669202 0.097163639 0.099737026 0.099594563 0.107497282 0.095866821 0.104907089 0.093704592 0.101647787 0.093724725 0.113307506 0.115090559 0.101459067 0.114374156 0.110978867 0.102642276 0.110176120 0.101361188 0.157147032 0.133089329 0.134166029 0.127225600 0.115012343 0.114196881 0.115695591 0.113348518 0.242052958 0.216104329 0.243005730 0.255858897 0.380995583 
27     0.129736063 0.199383889 0.158870473 0.177720342 0.154362053 0.211278383 0.173193433 0.114488373 0.186655892 0.110105169 0.091362309 0.000000000 0.092532964 0.073329610 0.068480083 0.118503731 0.115049380 0.109278966 0.102512220 0.105523717 0.100523480 0.085796425 0.088403844 0.088279940 0.096054913 0.084485900 0.093089074 0.081860472 0.089986417 0.082152669 0.132763816 0.150920772 0.137289280 0.150200951 0.146745121 0.138469071 0.146002915 0.137187983 0.192973827 0.168919542 0.169996242 0.162724142 0.150492062 0.149676600 0.151202584 0.148862048 0.277865360 0.251870244 0.278771644 0.291624811 0.416515903 
15     0.162468076 0.232150985 0.191602485 0.210497651 0.187139362 0.244098608 0.206013658 0.147308599 0.219455707 0.142916965 0.124174104 0.092532964 0.000000000 0.105142825 0.101237473 0.150629033 0.147936284 0.142232050 0.135367626 0.138468909 0.133464107 0.118825237 0.121463196 0.121331568 0.129196660 0.117472689 0.126228870 0.114998622 0.122946045 0.115106223 0.165489559 0.183691464 0.170059972 0.182971643 0.179515814 0.171239763 0.178773608 0.169958675 0.225744519 0.201690234 0.202766934 0.195524870 0.183292790 0.182477328 0.184003312 0.181662776 0.310636930 0.284617455 0.311518855 0.324372022 0.448492153 
2     0.131734840 0.201382666 0.160869250 0.179719119 0.156360830 0.213312789 0.175224948 0.116519888 0.188717136 0.112153824 0.093410964 0.073329610 0.105142825 0.000000000 0.059844479 0.119539771 0.116995864 0.110985445 0.104026077 0.107240562 0.102427204 0.087922103 0.090525739 0.090402060 0.098276172 0.086599620 0.095263773 0.084024568 0.091925242 0.084203940 0.134852158 0.152889383 0.139257891 0.152169562 0.148713733 0.140437682 0.147971527 0.139156594 0.194942438 0.170888153 0.171964853 0.164745541 0.152545348 0.151729886 0.153258717 0.150918181 0.279894211 0.253899095 0.280800495 0.293653663 0.418506493 
23     0.126748920 0.196396746 0.155883329 0.174733199 0.151374910 0.208331168 0.170246781 0.111541722 0.183738970 0.107165908 0.088423048 0.068480083 0.101237473 0.059844479 0.000000000 0.114953079 0.112235317 0.106692872 0.099807411 0.102920664 0.097705384 0.083128412 0.085723152 0.085609661 0.093458502 0.081793434 0.090681401 0.079442196 0.087258577 0.079529148 0.129908675 0.147954700 0.134323208 0.147234879 0.143779050 0.135503000 0.143036844 0.134221912 0.190007756 0.165953470 0.167030170 0.159769708 0.147569515 0.146754053 0.148282884 0.145942348 0.274902043 0.248906926 0.275808327 0.288661494 0.413541059 
9     0.170721500 0.240359112 0.199855909 0.218705779 0.195347490 0.252169592 0.214014628 0.155379490 0.227555381 0.151121239 0.132383504 0.118503731 0.150629033 0.119539771 0.114953079 0.000000000 0.147337939 0.141610276 0.134732343 0.137637727 0.141031990 0.126463754 0.129075733 0.128946135 0.136941628 0.125310089 0.133826120 0.122673992 0.130494151 0.122644554 0.173959468 0.191878322 0.178246830 0.191158501 0.187702671 0.179426621 0.186960465 0.178145533 0.233931377 0.209877092 0.210953792 0.203724896 0.191492816 0.190677355 0.192203338 0.189862802 0.318821620 0.292826504 0.319727904 0.332581071 0.457471663 
17     0.167558150 0.237164518 0.196667198 0.215478737 0.192107730 0.249069273 0.211015458 0.152299870 0.224486581 0.148055089 0.129317354 0.115049380 0.147936284 0.116995864 0.112235317 0.147337939 0.000000000 0.119583742 0.113017297 0.115623366 0.137877594 0.123265401 0.125899131 0.125772653 0.133809385 0.122051099 0.130965384 0.119772610 0.127471210 0.119640361 0.171167763 0.188717648 0.175115113 0.188026784 0.184570955 0.176294905 0.183828749 0.175013817 0.230799661 0.206745375 0.207822075 0.200612973 0.188415627 0.187600165 0.189126149 0.186785613 0.315745308 0.289750191 0.316651592 0.329504759 0.454377707 
30     0.162067286 0.231732429 0.191229072 0.210069055 0.186710766 0.243733831 0.205672162 0.146956574 0.219143285 0.142589232 0.123851497 0.109278966 0.142232050 0.110985445 0.106692872 0.141610276 0.119583742 0.000000000 0.035127395 0.044758860 0.132854359 0.118244712 0.120886196 0.120743918 0.128776307 0.117038298 0.125841716 0.114634406 0.122443375 0.114541939 0.165786978 0.183384353 0.169752861 0.182664532 0.179208703 0.170932652 0.178466497 0.169651564 0.225437408 0.201383123 0.202459823 0.195234880 0.183002800 0.182187338 0.183713322 0.181372786 0.310331696 0.284336579 0.311237980 0.324091147 0.448966399 
12     0.155138422 0.224803565 0.184300208 0.203140191 0.179781902 0.236687829 0.198626642 0.139911054 0.212097765 0.135668832 0.116931097 0.102512220 0.135367626 0.104026077 0.099807411 0.134732343 0.113017297 0.035127395 0.000000000 0.038891473 0.125774311 0.111179943 0.113828165 0.113685888 0.121718277 0.109980268 0.118747915 0.107540605 0.115362453 0.107461017 0.158869467 0.176453202 0.162821710 0.175733381 0.172277552 0.164001502 0.171535346 0.162720414 0.218506258 0.194451972 0.195528672 0.188300562 0.176068483 0.175253021 0.176779005 0.174438469 0.303397378 0.277402262 0.304303662 0.317156829 0.442013825 
26     0.158235326 0.227900470 0.187397112 0.206237096 0.182878807 0.239784734 0.201723547 0.143007959 0.215194670 0.138765737 0.120028001 0.105523717 0.138468909 0.107240562 0.102920664 0.137637727 0.115623366 0.044758860 0.038891473 0.000000000 0.128822586 0.114162654 0.116804137 0.116661860 0.124694249 0.112956240 0.121761574 0.110554264 0.118335242 0.110503238 0.161923848 0.179550107 0.165918615 0.178830286 0.175374457 0.167098406 0.174632251 0.165817318 0.221603162 0.197548877 0.198625577 0.191397467 0.179165387 0.178349925 0.179875909 0.177535373 0.306494283 0.280499166 0.307400567 0.320253734 0.445110729 
7     0.149844155 0.219479723 0.178978507 0.197798068 0.174389604 0.231281601 0.193203723 0.134440038 0.206695911 0.130406937 0.111669202 0.100523480 0.133464107 0.102427204 0.097705384 0.141031990 0.137877594 0.132854359 0.125774311 0.128822586 0.000000000 0.053216614 0.055943721 0.055862986 0.064837920 0.052638696 0.098039587 0.086901880 0.094732471 0.086965437 0.153287023 0.171007050 0.157375558 0.170287229 0.166831400 0.158555350 0.166089194 0.157274262 0.213060106 0.189005820 0.190082520 0.182785444 0.170620659 0.169805197 0.171396459 0.169055923 0.298022769 0.272027653 0.298929053 0.311782220 0.435956577 
31     0.135405861 0.205041487 0.164540271 0.183390141 0.159996467 0.216771320 0.178693442 0.119917172 0.192185630 0.115901375 0.097163639 0.085796425 0.118825237 0.087922103 0.083128412 0.126463754 0.123265401 0.118244712 0.111179943 0.114162654 0.053216614 0.000000000 0.013102955 0.012425397 0.027883404 0.014591034 0.083356989 0.072174353 0.079985104 0.072065267 0.138754145 0.156499388 0.142867896 0.155779567 0.152323738 0.144047688 0.151581532 0.142766600 0.198552444 0.174498158 0.175574858 0.168300163 0.156168035 0.155352573 0.156888797 0.154548261 0.283515107 0.257519991 0.284421391 0.297274558 0.422133070 
21     0.137979248 0.207614874 0.167113658 0.185963528 0.162569854 0.219344707 0.181266829 0.122490545 0.194759017 0.118474762 0.099737026 0.088403844 0.121463196 0.090525739 0.085723152 0.129075733 0.125899131 0.120886196 0.113828165 0.116804137 0.055943721 0.013102955 0.000000000 0.011148250 0.029885614 0.017299807 0.085946878 0.074756374 0.082576555 0.074706759 0.141327532 0.159072775 0.145441283 0.158352954 0.154897125 0.146621075 0.154154919 0.145339987 0.201125831 0.177071545 0.178148245 0.170872481 0.158741422 0.157925960 0.159462184 0.157121648 0.286088494 0.260093378 0.286994778 0.299847945 0.424706457 
22     0.137836785 0.207472410 0.166971195 0.185821064 0.162427391 0.219202244 0.181124365 0.122348082 0.194616554 0.118332298 0.099594563 0.088279940 0.121331568 0.090402060 0.085609661 0.128946135 0.125772653 0.120743918 0.113685888 0.116661860 0.055862986 0.012425397 0.011148250 0.000000000 0.030186783 0.017621138 0.085840447 0.074660169 0.082466976 0.074542821 0.141185068 0.158930312 0.145298820 0.158210491 0.154754661 0.146478611 0.154012455 0.145197523 0.200983367 0.176929082 0.178005782 0.170730018 0.158598959 0.157783497 0.159319721 0.156979185 0.285946031 0.259950914 0.286852315 0.299705482 0.424563993 
1     0.145747255 0.215382880 0.174881664 0.193731534 0.170337860 0.227112713 0.189034835 0.130258551 0.202527023 0.126176458 0.107497282 0.096054913 0.129196660 0.098276172 0.093458502 0.136941628 0.133809385 0.128776307 0.121718277 0.124694249 0.064837920 0.027883404 0.029885614 0.030186783 0.000000000 0.025668773 0.093806171 0.082636096 0.090502722 0.082517203 0.149115087 0.166840781 0.153209289 0.166120960 0.162665131 0.154389081 0.161922925 0.153107993 0.208893837 0.184839551 0.185916251 0.178641556 0.166509428 0.165693966 0.167230190 0.164889654 0.293856500 0.267861384 0.294762784 0.307615951 0.432474463 
16     0.134109043 0.203744669 0.163243453 0.182093323 0.158699649 0.215474502 0.177396624 0.118618005 0.190888812 0.114604557 0.095866821 0.084485900 0.117472689 0.086599620 0.081793434 0.125310089 0.122051099 0.117038298 0.109980268 0.112956240 0.052638696 0.014591034 0.017299807 0.017621138 0.025668773 0.000000000 0.082115267 0.070952209 0.078754055 0.070834940 0.137457327 0.155202570 0.141571078 0.154482749 0.151026920 0.142750870 0.150284714 0.141469782 0.197255626 0.173201340 0.174278040 0.166999380 0.154871217 0.154055755 0.155591979 0.153251443 0.282218289 0.256223173 0.283124573 0.295977740 0.420836252 
28     0.143164039 0.212799664 0.172298449 0.191148318 0.167754645 0.224541432 0.186460225 0.127738996 0.199946493 0.123649950 0.104907089 0.093089074 0.126228870 0.095263773 0.090681401 0.133826120 0.130965384 0.125841716 0.118747915 0.121761574 0.098039587 0.083356989 0.085946878 0.085840447 0.093806171 0.082115267 0.000000000 0.026086527 0.058472401 0.055792212 0.146175846 0.164267599 0.150636107 0.163547778 0.160091948 0.151815898 0.159349743 0.150534810 0.206320654 0.182266369 0.183343069 0.176109432 0.163927751 0.163112289 0.164649217 0.162308681 0.291275527 0.265280410 0.292181811 0.305034978 0.429885495 
11     0.131961542 0.201597168 0.161095952 0.179945822 0.156552148 0.213338935 0.175257729 0.116536499 0.188743996 0.112447453 0.093704592 0.081860472 0.114998622 0.084024568 0.079442196 0.122673992 0.119772610 0.114634406 0.107540605 0.110554264 0.086901880 0.072174353 0.074756374 0.074660169 0.082636096 0.070952209 0.026086527 0.000000000 0.048021683 0.044106639 0.134973349 0.153065102 0.139433610 0.152345281 0.148889452 0.140613402 0.148147246 0.139332313 0.195118157 0.171063872 0.172140572 0.164906935 0.152725254 0.151909792 0.153446720 0.151106184 0.280073030 0.254077913 0.280979314 0.293832481 0.418682999 
14     0.139904737 0.209540362 0.169039146 0.187889016 0.164495342 0.221282130 0.183200923 0.124474890 0.196687190 0.120390647 0.101647787 0.089986417 0.122946045 0.091925242 0.087258577 0.130494151 0.127471210 0.122443375 0.115362453 0.118335242 0.094732471 0.079985104 0.082576555 0.082466976 0.090502722 0.078754055 0.058472401 0.048021683 0.000000000 0.051257553 0.142915339 0.161008296 0.147376804 0.160288476 0.156832646 0.148556596 0.156090440 0.147275508 0.203061352 0.179007067 0.180083767 0.172850130 0.160669152 0.159853690 0.161389914 0.159049378 0.288016224 0.262021108 0.288922508 0.301775676 0.426626193 
13     0.131975926 0.201611551 0.161110336 0.179960205 0.156566532 0.213346013 0.175264806 0.116538773 0.188751073 0.112467586 0.093724725 0.082152669 0.115106223 0.084203940 0.079529148 0.122644554 0.119640361 0.114541939 0.107461017 0.110503238 0.086965437 0.072065267 0.074706759 0.074542821 0.082517203 0.070834940 0.055792212 0.044106639 0.051257553 0.000000000 0.135015333 0.153079398 0.139447906 0.152359577 0.148903748 0.140627698 0.148161542 0.139346610 0.195132454 0.171078168 0.172154868 0.164921231 0.152739550 0.151924089 0.153461016 0.151120480 0.280087326 0.254092210 0.280993610 0.293846777 0.418697295 
25     0.152010857 0.221693730 0.181145267 0.199995137 0.176636848 0.233477497 0.195381373 0.136701274 0.208881466 0.131848315 0.113307506 0.132763816 0.165489559 0.134852158 0.129908675 0.173959468 0.171167763 0.165786978 0.158869467 0.161923848 0.153287023 0.138754145 0.141327532 0.141185068 0.149115087 0.137457327 0.146175846 0.134973349 0.142915339 0.135015333 0.000000000 0.173044536 0.159413044 0.172324715 0.168842001 0.160592835 0.168126679 0.159311747 0.215097591 0.191043306 0.192120006 0.185128697 0.172895877 0.172080415 0.173594590 0.171254054 0.300276456 0.274293244 0.301194644 0.314047812 0.438725748 
32     0.141787402 0.211556494 0.170934050 0.189653819 0.166341202 0.230344189 0.192356869 0.133772105 0.205869746 0.133758949 0.115090559 0.150920772 0.183691464 0.152889383 0.147954700 0.191878322 0.188717648 0.183384353 0.176453202 0.179550107 0.171007050 0.156499388 0.159072775 0.158930312 0.166840781 0.155202570 0.164267599 0.153065102 0.161008296 0.153079398 0.173044536 0.000000000 0.050159521 0.063181968 0.059519468 0.050691336 0.058184933 0.049623456 0.104837554 0.082089833 0.083111037 0.161999515 0.149822526 0.149007064 0.150467863 0.147939105 0.276769281 0.250977976 0.277869522 0.290722690 0.425804943 
48     0.128155910 0.197925002 0.157302558 0.176039665 0.152709710 0.216691057 0.178725377 0.120140613 0.192215633 0.120104768 0.101459067 0.137289280 0.170059972 0.139257891 0.134323208 0.178246830 0.175115113 0.169752861 0.162821710 0.165918615 0.157375558 0.142867896 0.145441283 0.145298820 0.153209289 0.141571078 0.150636107 0.139433610 0.147376804 0.139447906 0.159413044 0.050159521 0.000000000 0.038422925 0.035392411 0.028542772 0.036300199 0.027694391 0.088762669 0.066586578 0.067606373 0.148367483 0.136190494 0.135375032 0.136835832 0.134282977 0.263137249 0.237346513 0.264238060 0.277091227 0.412173451 
35     0.141077184 0.210846276 0.170223832 0.188940082 0.165630984 0.229638120 0.191637049 0.133052284 0.205149044 0.133075193 0.114374156 0.150200951 0.182971643 0.152169562 0.147234879 0.191158501 0.188026784 0.182664532 0.175733381 0.178830286 0.170287229 0.155779567 0.158352954 0.158210491 0.166120960 0.154482749 0.163547778 0.152345281 0.160288476 0.152359577 0.172324715 0.063181968 0.038422925 0.000000000 0.027506217 0.042107098 0.049670781 0.041162081 0.101443836 0.079471624 0.080400341 0.161266437 0.149089448 0.148273986 0.149734786 0.147190472 0.276036203 0.250245467 0.277137014 0.289990181 0.425088539 
38     0.137683385 0.207452477 0.166830033 0.185510602 0.162237185 0.226243587 0.188242515 0.129657750 0.201754510 0.129679904 0.110978867 0.146745121 0.179515814 0.148713733 0.143779050 0.187702671 0.184570955 0.179208703 0.172277552 0.175374457 0.166831400 0.152323738 0.154897125 0.154754661 0.162665131 0.151026920 0.160091948 0.148889452 0.156832646 0.148903748 0.168842001 0.059519468 0.035392411 0.027506217 0.000000000 0.039419899 0.046884053 0.038312788 0.098616365 0.076791620 0.077703305 0.157873505 0.145696516 0.144881054 0.146341853 0.143797071 0.272643271 0.246851966 0.273743512 0.286596680 0.421694740 
45     0.129345305 0.199114397 0.158491953 0.177194275 0.153899105 0.217883686 0.179905169 0.121320404 0.193402870 0.121287977 0.102642276 0.138469071 0.171239763 0.140437682 0.135503000 0.179426621 0.176294905 0.170932652 0.164001502 0.167098406 0.158555350 0.144047688 0.146621075 0.146478611 0.154389081 0.142750870 0.151815898 0.140613402 0.148556596 0.140627698 0.160592835 0.050691336 0.028542772 0.042107098 0.039419899 0.000000000 0.015374122 0.006864116 0.089614525 0.068434925 0.069293247 0.149534558 0.137357569 0.136542107 0.138002906 0.135457321 0.264304323 0.238513588 0.265405135 0.278258302 0.413356660 
34     0.136879149 0.206648241 0.166025797 0.184728119 0.161432949 0.225417530 0.187439013 0.128854249 0.200936714 0.128821822 0.110176120 0.146002915 0.178773608 0.147971527 0.143036844 0.186960465 0.183828749 0.178466497 0.171535346 0.174632251 0.166089194 0.151581532 0.154154919 0.154012455 0.161922925 0.150284714 0.159349743 0.148147246 0.156090440 0.148161542 0.168126679 0.058184933 0.036300199 0.049670781 0.046884053 0.015374122 0.000000000 0.014135719 0.096897963 0.076010132 0.076867441 0.157068402 0.144891413 0.144075951 0.145536751 0.142991165 0.271838168 0.246047432 0.272938979 0.285792146 0.420890504 
37     0.128064217 0.197833309 0.157210865 0.175913187 0.152618017 0.216602598 0.178624081 0.120039316 0.192121782 0.120006889 0.101361188 0.137187983 0.169958675 0.139156594 0.134221912 0.178145533 0.175013817 0.169651564 0.162720414 0.165817318 0.157274262 0.142766600 0.145339987 0.145197523 0.153107993 0.141469782 0.150534810 0.139332313 0.147275508 0.139346610 0.159311747 0.049623456 0.027694391 0.041162081 0.038312788 0.006864116 0.014135719 0.000000000 0.088003179 0.067149511 0.068007861 0.148253469 0.136076481 0.135261019 0.136721818 0.134176232 0.263023235 0.237232500 0.264124047 0.276977214 0.412075572 
47     0.183850061 0.253619153 0.212996709 0.231716478 0.208403861 0.272410997 0.234409925 0.175825160 0.247919961 0.175749729 0.157147032 0.192973827 0.225744519 0.194942438 0.190007756 0.233931377 0.230799661 0.225437408 0.218506258 0.221603162 0.213060106 0.198552444 0.201125831 0.200983367 0.208893837 0.197255626 0.206320654 0.195118157 0.203061352 0.195132454 0.215097591 0.104837554 0.088762669 0.101443836 0.098616365 0.089614525 0.096897963 0.088003179 0.000000000 0.122939718 0.123671403 0.204039313 0.191862325 0.191046863 0.192507662 0.189978903 0.318809079 0.293018344 0.319909891 0.332763058 0.467861416 
42     0.159809009 0.229578101 0.188955657 0.207673744 0.184362809 0.248356711 0.210355640 0.151770875 0.223868958 0.151757719 0.133089329 0.168919542 0.201690234 0.170888153 0.165953470 0.209877092 0.206745375 0.201383123 0.194451972 0.197548877 0.189005820 0.174498158 0.177071545 0.176929082 0.184839551 0.173201340 0.182266369 0.171063872 0.179007067 0.171078168 0.191043306 0.082089833 0.066586578 0.079471624 0.076791620 0.068434925 0.076010132 0.067149511 0.122939718 0.000000000 0.027490995 0.179883187 0.167670087 0.166890736 0.168315424 0.165785024 0.294716185 0.268235155 0.295177626 0.308030793 0.443799619 
41     0.160885709 0.230654801 0.190032357 0.208750444 0.185439509 0.249433411 0.211432340 0.152847575 0.224945658 0.152834419 0.134166029 0.169996242 0.202766934 0.171964853 0.167030170 0.210953792 0.207822075 0.202459823 0.195528672 0.198625577 0.190082520 0.175574858 0.178148245 0.178005782 0.185916251 0.174278040 0.183343069 0.172140572 0.180083767 0.172154868 0.192120006 0.083111037 0.067606373 0.080400341 0.077703305 0.069293247 0.076867441 0.068007861 0.123671403 0.027490995 0.000000000 0.180959887 0.168746787 0.167967436 0.169392124 0.166861724 0.295792885 0.269311855 0.296254326 0.309107493 0.444876319 
46     0.153458032 0.223151907 0.182532028 0.201407382 0.177837920 0.242528892 0.204598589 0.145975680 0.218207885 0.145946971 0.127225600 0.162724142 0.195524870 0.164745541 0.159769708 0.203724896 0.200612973 0.195234880 0.188300562 0.191397467 0.182785444 0.168300163 0.170872481 0.170730018 0.178641556 0.166999380 0.176109432 0.164906935 0.172850130 0.164921231 0.185128697 0.161999515 0.148367483 0.161266437 0.157873505 0.149534558 0.157068402 0.148253469 0.204039313 0.179883187 0.180959887 0.000000000 0.052454462 0.051787784 0.052468776 0.050514502 0.281859522 0.255906340 0.282952007 0.295806429 0.438372846 
33     0.141179762 0.210873637 0.170253757 0.189092874 0.165471767 0.230303162 0.192373910 0.133749950 0.205982155 0.133744296 0.115012343 0.150492062 0.183292790 0.152545348 0.147569515 0.191492816 0.188415627 0.183002800 0.176068483 0.179165387 0.170620659 0.156168035 0.158741422 0.158598959 0.166509428 0.154871217 0.163927751 0.152725254 0.160669152 0.152739550 0.172895877 0.149822526 0.136190494 0.149089448 0.145696516 0.137357569 0.144891413 0.136076481 0.191862325 0.167670087 0.168746787 0.052454462 0.000000000 0.013208500 0.018405998 0.029821153 0.269689605 0.243749579 0.270795247 0.283649669 0.426180841 
39     0.140364300 0.210058175 0.169438295 0.188277412 0.164656305 0.229487700 0.191558448 0.132934488 0.205166693 0.132928834 0.114196881 0.149676600 0.182477328 0.151729886 0.146754053 0.190677355 0.187600165 0.182187338 0.175253021 0.178349925 0.169805197 0.155352573 0.157925960 0.157783497 0.165693966 0.154055755 0.163112289 0.151909792 0.159853690 0.151924089 0.172080415 0.149007064 0.135375032 0.148273986 0.144881054 0.136542107 0.144075951 0.135261019 0.191046863 0.166890736 0.167967436 0.051787784 0.013208500 0.000000000 0.017373525 0.029149523 0.268874143 0.242934118 0.269979785 0.282834207 0.425365379 
36     0.141836869 0.211530744 0.170910864 0.189749981 0.166128874 0.230986769 0.193057517 0.134433557 0.206665762 0.134427544 0.115695591 0.151202584 0.184003312 0.153258717 0.148282884 0.192203338 0.189126149 0.183713322 0.176779005 0.179875909 0.171396459 0.156888797 0.159462184 0.159319721 0.167230190 0.155591979 0.164649217 0.153446720 0.161389914 0.153461016 0.173594590 0.150467863 0.136835832 0.149734786 0.146341853 0.138002906 0.145536751 0.136721818 0.192507662 0.168315424 0.169392124 0.052468776 0.018405998 0.017373525 0.000000000 0.030267314 0.270328003 0.244387977 0.271433645 0.284288067 0.426837949 
49     0.139496333 0.209190208 0.168570328 0.187409445 0.163791983 0.228639696 0.190710444 0.132086484 0.204318689 0.132080471 0.113348518 0.148862048 0.181662776 0.150918181 0.145942348 0.189862802 0.186785613 0.181372786 0.174438469 0.177535373 0.169055923 0.154548261 0.157121648 0.156979185 0.164889654 0.153251443 0.162308681 0.151106184 0.159049378 0.151120480 0.171254054 0.147939105 0.134282977 0.147190472 0.143797071 0.135457321 0.142991165 0.134176232 0.189978903 0.165785024 0.166861724 0.050514502 0.029821153 0.029149523 0.030267314 0.000000000 0.267972311 0.241861699 0.268847675 0.281724921 0.424431486 
40     0.268518655 0.338215512 0.297595633 0.316432743 0.293054842 0.357508723 0.319548706 0.260951045 0.333136564 0.260780051 0.242052958 0.277865360 0.310636930 0.279894211 0.274902043 0.318821620 0.315745308 0.310331696 0.303397378 0.306494283 0.298022769 0.283515107 0.286088494 0.285946031 0.293856500 0.282218289 0.291275527 0.280073030 0.288016224 0.280087326 0.300276456 0.276769281 0.263137249 0.276036203 0.272643271 0.264304323 0.271838168 0.263023235 0.318809079 0.294716185 0.295792885 0.281859522 0.269689605 0.268874143 0.270328003 0.267972311 0.000000000 0.352606447 0.379280277 0.392199336 0.553308530 
43     0.242377399 0.312129721 0.271454377 0.290099501 0.266948259 0.331637790 0.293564601 0.234966939 0.307152458 0.234829667 0.216104329 0.251870244 0.284617455 0.253899095 0.248906926 0.292826504 0.289750191 0.284336579 0.277402262 0.280499166 0.272027653 0.257519991 0.260093378 0.259950914 0.267861384 0.256223173 0.265280410 0.254077913 0.262021108 0.254092210 0.274293244 0.250977976 0.237346513 0.250245467 0.246851966 0.238513588 0.246047432 0.237232500 0.293018344 0.268235155 0.269311855 0.255906340 0.243749579 0.242934118 0.244387977 0.241861699 0.352606447 0.000000000 0.100383765 0.112289322 0.527402826 
44     0.269285278 0.339037600 0.298362256 0.316966133 0.293856138 0.358539190 0.320466001 0.261868340 0.334053859 0.261731068 0.243005730 0.278771644 0.311518855 0.280800495 0.275808327 0.319727904 0.316651592 0.311237980 0.304303662 0.307400567 0.298929053 0.284421391 0.286994778 0.286852315 0.294762784 0.283124573 0.292181811 0.280979314 0.288922508 0.280993610 0.301194644 0.277869522 0.264238060 0.277137014 0.273743512 0.265405135 0.272938979 0.264124047 0.319909891 0.295177626 0.296254326 0.282952007 0.270795247 0.269979785 0.271433645 0.268847675 0.379280277 0.100383765 0.000000000 0.065810225 0.554335032 
50     0.282138445 0.351890767 0.311215423 0.329819300 0.306709305 0.371392357 0.333319168 0.274721507 0.346907026 0.274584235 0.255858897 0.291624811 0.324372022 0.293653663 0.288661494 0.332581071 0.329504759 0.324091147 0.317156829 0.320253734 0.311782220 0.297274558 0.299847945 0.299705482 0.307615951 0.295977740 0.305034978 0.293832481 0.301775676 0.293846777 0.314047812 0.290722690 0.277091227 0.289990181 0.286596680 0.278258302 0.285792146 0.276977214 0.332763058 0.308030793 0.309107493 0.295806429 0.283649669 0.282834207 0.284288067 0.281724921 0.392199336 0.112289322 0.065810225 0.000000000 0.567188199 
0     0.407677190 0.477404391 0.436768567 0.455642442 0.432259026 0.496735853 0.458801638 0.400199355 0.472394275 0.399718204 0.380995583 0.416515903 0.448492153 0.418506493 0.413541059 0.457471663 0.454377707 0.448966399 0.442013825 0.445110729 0.435956577 0.422133070 0.424706457 0.424563993 0.432474463 0.420836252 0.429885495 0.418682999 0.426626193 0.418697295 0.438725748 0.425804943 0.412173451 0.425088539 0.421694740 0.413356660 0.420890504 0.412075572 0.467861416 0.443799619 0.444876319 0.438372846 0.426180841 0.425365379 0.426837949 0.424431486 0.553308530 0.527402826 0.554335032 0.567188199 0.000000000 
