51
7     0.000000000 0.255942822 0.237005881 0.252038788 0.483032504 0.634279459 0.669997813 0.620830511 0.688123573 0.719722380 0.798005211 0.725181634 0.717424581 0.721436665 0.679318531 0.671581516 0.651906620 0.679077342 0.676934342 0.682616644 0.698314852 0.592641284 0.810702609 0.681899435 0.633675387 0.649692570 0.658631075 0.648635293 0.896220096 0.746905642 0.737222576 0.748540965 0.766884786 0.764054420 0.732813595 0.693514383 0.706914732 0.714532114 0.703236974 0.927385743 0.930355164 0.769309564 0.863831691 0.893139734 0.872831688 0.868017557 0.900498890 0.811144636 0.809931537 0.956023599 1.397755386 
28     0.255942822 0.000000000 0.126220665 0.149987798 0.522544992 0.672356480 0.709169740 0.656682056 0.723184430 0.755515299 0.833601642 0.761373849 0.753360622 0.756796181 0.714767133 0.707883873 0.692199396 0.718621894 0.716789311 0.718927703 0.734488000 0.630611270 0.849291756 0.719538223 0.672561219 0.687741772 0.697248335 0.686562817 0.935142391 0.786547873 0.776546870 0.788039213 0.806689374 0.803852192 0.772824815 0.734744452 0.746109965 0.754281889 0.743425003 0.968461627 0.970364817 0.812662923 0.906353744 0.934498434 0.912900155 0.912221542 0.942943937 0.854156661 0.851857229 0.995665046 1.438015764 
24     0.237005881 0.126220665 0.000000000 0.132526168 0.505975840 0.655772041 0.692025422 0.639601481 0.706956748 0.740770875 0.817995059 0.744985887 0.737273100 0.741275409 0.699301696 0.692149621 0.676609611 0.703087183 0.700472541 0.703437704 0.719441925 0.613592753 0.832985115 0.702414833 0.656173802 0.670758220 0.679873410 0.670689727 0.917903464 0.771521471 0.761395787 0.771687192 0.790330664 0.787493481 0.756467768 0.717929132 0.729311105 0.737436320 0.726270122 0.952260475 0.954402714 0.796193785 0.889615580 0.917748329 0.896967915 0.895552015 0.926607220 0.837422462 0.835232788 0.979807124 1.425530627 
8     0.252038788 0.149987798 0.132526168 0.000000000 0.521290102 0.671004421 0.707998169 0.656806529 0.724189008 0.755730407 0.833548882 0.761465411 0.751973726 0.755886879 0.715746239 0.707960844 0.692205379 0.719150247 0.716246081 0.719965934 0.735377529 0.630343221 0.848411849 0.718167045 0.671623912 0.686625211 0.695792695 0.685317461 0.933896542 0.786879307 0.777123439 0.786792211 0.805562026 0.802724844 0.771618123 0.733158799 0.744940031 0.752808249 0.741835084 0.967346493 0.969002090 0.811089797 0.904184681 0.933670110 0.912850981 0.910657547 0.941778921 0.852764626 0.850233451 0.994632681 1.442493528 
18     0.483032504 0.522544992 0.505975840 0.521290102 0.000000000 0.405478860 0.508550287 0.557317114 0.625388911 0.647079388 0.726553372 0.654618471 0.651252012 0.651653883 0.607355061 0.600164200 0.582251062 0.611929216 0.606683534 0.610538925 0.625067457 0.521256959 0.742770534 0.612307610 0.567315809 0.581818708 0.585459604 0.574322133 0.823481799 0.695174076 0.681709234 0.698091358 0.715746383 0.712915024 0.681798596 0.641849068 0.652767771 0.661050248 0.650131352 0.872367597 0.874991045 0.717210209 0.809451901 0.843602047 0.827734186 0.820330289 0.852744032 0.767469146 0.764710645 0.905483149 1.334679752 
27     0.634279459 0.672356480 0.655772041 0.671004421 0.405478860 0.000000000 0.653426650 0.707028614 0.775895770 0.797814036 0.875845951 0.805512348 0.797500382 0.802656486 0.758682520 0.752099189 0.731645299 0.760516437 0.755585912 0.762417674 0.777543194 0.671778162 0.893456910 0.764298030 0.718818500 0.732642132 0.736741977 0.726455226 0.973162644 0.835807285 0.824633455 0.840695932 0.856216733 0.853386367 0.822292478 0.782085821 0.794225886 0.802683557 0.791058715 1.011161555 1.014734655 0.854033110 0.948492706 0.982035484 0.965052818 0.959994832 0.992627647 0.905046423 0.902117529 1.043363364 1.493785128 
23     0.669997813 0.709169740 0.692025422 0.707998169 0.508550287 0.653426650 0.000000000 0.737960526 0.805993835 0.832753575 0.908707019 0.837163081 0.835925258 0.839300980 0.798025253 0.790311273 0.767884577 0.795364461 0.788629124 0.796919522 0.811065238 0.705865300 0.926746683 0.800660072 0.751030048 0.764343160 0.768418992 0.758470253 1.007358755 0.866621150 0.855148748 0.867476944 0.883684346 0.880853981 0.850211392 0.811929925 0.820869050 0.831328722 0.819961386 1.043614886 1.046708801 0.886213046 0.979656023 1.014942024 0.997697722 0.994806288 1.023279693 0.938007287 0.936531078 1.071263200 1.515758247 
29     0.620830511 0.656682056 0.639601481 0.656806529 0.557317114 0.707028614 0.737960526 0.000000000 0.207961455 0.644559386 0.720281618 0.650897104 0.641440980 0.643810153 0.601534503 0.594790094 0.574719010 0.603082949 0.597574729 0.607430807 0.619942941 0.512554037 0.739582321 0.611586760 0.560236133 0.576904271 0.581741997 0.572548051 0.817069910 0.676518978 0.671658093 0.678386710 0.694750231 0.691919866 0.660748023 0.621035349 0.634383977 0.641292650 0.628153261 0.853879505 0.855224510 0.689726511 0.785902232 0.825998944 0.809540831 0.801463490 0.832239369 0.749377700 0.746751777 0.893571974 1.329419352 
6     0.688123573 0.723184430 0.706956748 0.724189008 0.625388911 0.775895770 0.805993835 0.207961455 0.000000000 0.711000103 0.785647703 0.715998321 0.709522843 0.708824017 0.667410842 0.660891025 0.641081587 0.670819713 0.664567576 0.672041902 0.686147295 0.578431896 0.804285926 0.675555846 0.625400581 0.641881724 0.647873693 0.639565656 0.881555796 0.744938405 0.736567799 0.746757860 0.762887171 0.760056806 0.728414530 0.689406661 0.702353183 0.710091565 0.695498727 0.921253254 0.922687111 0.760669793 0.854949860 0.891674104 0.875813322 0.867991238 0.898948155 0.814874537 0.812676719 0.958929270 1.392900833 
17     0.719722380 0.755515299 0.740770875 0.755730407 0.647079388 0.797814036 0.832753575 0.644559386 0.711000103 0.000000000 0.333323118 0.324977598 0.424201786 0.412808663 0.373234917 0.369811234 0.467248476 0.492127669 0.489161790 0.498149794 0.509692224 0.509824743 0.735644475 0.603647467 0.545690091 0.566782704 0.570580907 0.562451586 0.813905203 0.741583932 0.731761542 0.740587274 0.760305786 0.757475421 0.724846005 0.678888713 0.696130338 0.700790818 0.689414006 0.920353584 0.921972173 0.762147125 0.860883886 0.888113616 0.876577677 0.864846319 0.896687957 0.808878599 0.808446514 0.946694086 1.401362064 
15     0.798005211 0.833601642 0.817995059 0.833548882 0.726553372 0.875845951 0.908707019 0.720281618 0.785647703 0.333323118 0.000000000 0.397281299 0.500245279 0.490985645 0.450300581 0.448680744 0.546908571 0.574183737 0.569127321 0.581166443 0.592140252 0.588362046 0.812398200 0.684135930 0.627513151 0.648362408 0.651545182 0.642263032 0.891936514 0.821324304 0.813731164 0.816106958 0.837050798 0.834220432 0.801964645 0.755308942 0.772542596 0.776838549 0.766801443 0.995234848 0.996385159 0.838135685 0.936778599 0.961593606 0.948552323 0.940371112 0.973848657 0.885796416 0.885563785 1.024742456 1.475346998 
16     0.725181634 0.761373849 0.744985887 0.761465411 0.654618471 0.805512348 0.837163081 0.650897104 0.715998321 0.324977598 0.397281299 0.000000000 0.431267996 0.420465666 0.380076939 0.376327010 0.473171660 0.500425729 0.499305959 0.506817420 0.517659500 0.513967749 0.739283571 0.604527877 0.552436119 0.571185773 0.571663416 0.562682960 0.814988093 0.750309962 0.742736272 0.749421765 0.765271039 0.762498500 0.732009021 0.686029552 0.704832783 0.707617442 0.695799857 0.927325062 0.929174329 0.765977302 0.866882505 0.890888373 0.880624073 0.869238497 0.902176319 0.814635082 0.813702980 0.955496115 1.403567051 
25     0.717424581 0.753360622 0.737273100 0.751973726 0.651252012 0.797500382 0.835925258 0.641440980 0.709522843 0.424201786 0.500245279 0.431267996 0.000000000 0.383836996 0.341774300 0.337081784 0.468777466 0.496024020 0.492359431 0.505456941 0.515994175 0.509166531 0.734533128 0.603261902 0.548282837 0.568528193 0.569267194 0.560371247 0.809984627 0.743538155 0.736634934 0.739258423 0.760080177 0.757104891 0.724207192 0.679999046 0.697963318 0.702945676 0.690631474 0.925470126 0.927524073 0.763966082 0.862466772 0.895533386 0.880908691 0.871173291 0.902666393 0.816556098 0.814369241 0.957546816 1.402793336 
22     0.721436665 0.756796181 0.741275409 0.755886879 0.651653883 0.802656486 0.839300980 0.643810153 0.708824017 0.412808663 0.490985645 0.420465666 0.383836996 0.000000000 0.205579786 0.204160003 0.466524336 0.495017441 0.493057699 0.502275757 0.513436814 0.510364003 0.736829836 0.602177753 0.545975234 0.566724235 0.570484448 0.561049111 0.813167854 0.745021476 0.736952289 0.748585552 0.767321284 0.764490919 0.731879363 0.686019535 0.704487813 0.706964983 0.694909145 0.925514960 0.927489571 0.765873384 0.867338285 0.897880857 0.885991960 0.876830654 0.908337256 0.818566326 0.817239070 0.959273619 1.413733948 
2     0.679318531 0.714767133 0.699301696 0.715746239 0.607355061 0.758682520 0.798025253 0.601534503 0.667410842 0.373234917 0.450300581 0.380076939 0.341774300 0.205579786 0.000000000 0.106584479 0.424323563 0.456994688 0.454435798 0.463981767 0.474403556 0.468459452 0.696186232 0.561920276 0.506877714 0.527405731 0.532104846 0.523085925 0.773187246 0.706218244 0.696208410 0.706759734 0.726059309 0.723283041 0.690090438 0.646447705 0.662523029 0.665543595 0.653209462 0.883557283 0.885100068 0.724954630 0.826213046 0.857066225 0.845163796 0.835687973 0.867361032 0.777286669 0.776152203 0.916842624 1.370495319 
14     0.671581516 0.707883873 0.692149621 0.707960844 0.600164200 0.752099189 0.790311273 0.594790094 0.660891025 0.369811234 0.448680744 0.376327010 0.337081784 0.204160003 0.106584479 0.000000000 0.418744481 0.451027866 0.448391655 0.458737821 0.469830332 0.462953736 0.689168105 0.555373345 0.502232364 0.523299731 0.527499545 0.517769107 0.768599988 0.696170816 0.687803789 0.696990834 0.715416258 0.712639989 0.679439347 0.635599871 0.652061188 0.656414619 0.643580057 0.876687412 0.878300538 0.715123250 0.815247786 0.847416536 0.835140944 0.824676530 0.857473776 0.766642442 0.765099576 0.906310157 1.364251569 
12     0.651906620 0.692199396 0.676609611 0.692205379 0.582251062 0.731645299 0.767884577 0.574719010 0.641081587 0.467248476 0.546908571 0.473171660 0.468777466 0.466524336 0.424323563 0.418744481 0.000000000 0.432031741 0.430109007 0.440161128 0.450096319 0.438921251 0.663435604 0.534566210 0.483206961 0.501337536 0.504312662 0.492887841 0.743079062 0.673789537 0.667116255 0.673551892 0.691318615 0.688522704 0.657249318 0.617735744 0.626535610 0.632467426 0.619827729 0.849452937 0.852783945 0.694154702 0.791434910 0.818838084 0.805244076 0.797065134 0.825186859 0.741669869 0.741196470 0.879743401 1.342205238 
5     0.679077342 0.718621894 0.703087183 0.719150247 0.611929216 0.760516437 0.795364461 0.603082949 0.670819713 0.492127669 0.574183737 0.500425729 0.496024020 0.495017441 0.456994688 0.451027866 0.432031741 0.000000000 0.129661766 0.267833033 0.275222519 0.469803567 0.693629715 0.565113701 0.510933819 0.529044178 0.529053052 0.522473433 0.771134646 0.708932212 0.701023741 0.705472456 0.725465523 0.722635157 0.691113556 0.650759126 0.659201722 0.665401692 0.657449183 0.885333509 0.887263292 0.731311853 0.827326444 0.857561628 0.846100860 0.835816028 0.865104146 0.778916749 0.778041336 0.918808868 1.369613579 
26     0.676934342 0.716789311 0.700472541 0.716246081 0.606683534 0.755585912 0.788629124 0.597574729 0.664567576 0.489161790 0.569127321 0.499305959 0.492359431 0.493057699 0.454435798 0.448391655 0.430109007 0.129661766 0.000000000 0.267873039 0.273158039 0.466657200 0.689500771 0.560494745 0.507362441 0.525925170 0.525329153 0.518944615 0.768200967 0.701786865 0.696587053 0.698061863 0.718087783 0.715338598 0.683904188 0.642958354 0.651828314 0.658683147 0.650303203 0.879119634 0.881049418 0.722262158 0.818669818 0.848814986 0.837343298 0.827924314 0.858688757 0.775312218 0.774005589 0.911211098 1.366638924 
3     0.682616644 0.718927703 0.703437704 0.719965934 0.610538925 0.762417674 0.796919522 0.607430807 0.672041902 0.498149794 0.581166443 0.506817420 0.505456941 0.502275757 0.463981767 0.458737821 0.440161128 0.267833033 0.267873039 0.000000000 0.148921720 0.467979478 0.695263514 0.563431068 0.511418070 0.530207449 0.531019467 0.522067359 0.772250756 0.708832846 0.700140640 0.705181226 0.725585705 0.722755339 0.691612236 0.649905623 0.660413638 0.666317169 0.656323167 0.885582831 0.886204329 0.732212130 0.827119373 0.852507640 0.838768008 0.829497904 0.858325240 0.767880926 0.766995067 0.912616955 1.367272046 
1     0.698314852 0.734488000 0.719441925 0.735377529 0.625067457 0.777543194 0.811065238 0.619942941 0.686147295 0.509692224 0.592140252 0.517659500 0.515994175 0.513436814 0.474403556 0.469830332 0.450096319 0.275222519 0.273158039 0.148921720 0.000000000 0.484062490 0.708451837 0.578740824 0.525807238 0.544743416 0.544949342 0.536646131 0.785659063 0.724436894 0.714346747 0.719758815 0.740237151 0.737406785 0.706099170 0.664798820 0.674956636 0.680573317 0.670876201 0.900109312 0.900748606 0.746240850 0.841003607 0.868673886 0.855546724 0.846195058 0.875098008 0.784467841 0.783451749 0.927928446 1.374191441 
19     0.592641284 0.630611270 0.613592753 0.630343221 0.521256959 0.671778162 0.705865300 0.512554037 0.578431896 0.509824743 0.588362046 0.513967749 0.509166531 0.510364003 0.468459452 0.462953736 0.438921251 0.469803567 0.466657200 0.467979478 0.484062490 0.000000000 0.445266340 0.362836640 0.315277168 0.331085100 0.332046323 0.320479585 0.568153274 0.618438622 0.609282680 0.615557155 0.633967759 0.631137393 0.599766498 0.560125763 0.567129716 0.577091278 0.565576800 0.795562704 0.799159456 0.631508653 0.728138768 0.760610932 0.746482606 0.737837438 0.768458788 0.683888041 0.682327382 0.826939912 1.289140449 
4     0.810702609 0.849291756 0.832985115 0.848411849 0.742770534 0.893456910 0.926746683 0.739582321 0.804285926 0.735644475 0.812398200 0.739283571 0.734533128 0.736829836 0.696186232 0.689168105 0.663435604 0.693629715 0.689500771 0.695263514 0.708451837 0.445266340 0.000000000 0.590241626 0.540361385 0.555041261 0.558016538 0.546978614 0.798460565 0.843445316 0.835735616 0.845998870 0.864752188 0.861841784 0.830125063 0.791032096 0.797887941 0.808040560 0.794892993 1.024487393 1.027307595 0.866584350 0.963465605 0.992489260 0.979676000 0.973575378 0.999673389 0.914441104 0.913025928 1.053894043 1.510141473 
20     0.681899435 0.719538223 0.702414833 0.718167045 0.612307610 0.764298030 0.800660072 0.611586760 0.675555846 0.603647467 0.684135930 0.604527877 0.603261902 0.602177753 0.561920276 0.555373345 0.534566210 0.565113701 0.560494745 0.563431068 0.578740824 0.362836640 0.590241626 0.000000000 0.321043321 0.334839603 0.378264048 0.366604809 0.620862631 0.706775123 0.698763596 0.707102572 0.725599700 0.722752113 0.691226829 0.652431129 0.657289443 0.666512716 0.657861989 0.889390762 0.893087124 0.725880390 0.822865826 0.856274390 0.844592286 0.833761296 0.865261861 0.777205298 0.776749000 0.919055930 1.371727365 
10     0.633675387 0.672561219 0.656173802 0.671623912 0.567315809 0.718818500 0.751030048 0.560236133 0.625400581 0.545690091 0.627513151 0.552436119 0.548282837 0.545975234 0.506877714 0.502232364 0.483206961 0.510933819 0.507362441 0.511418070 0.525807238 0.315277168 0.540361385 0.321043321 0.000000000 0.117408569 0.328771365 0.314913803 0.570404281 0.651690659 0.648184019 0.656121459 0.674104245 0.671273880 0.640012671 0.600220642 0.605177631 0.616596517 0.604948558 0.840717895 0.844163544 0.675061992 0.772899722 0.802176923 0.789660497 0.784757526 0.813080598 0.724537277 0.723506563 0.868321381 1.315448612 
21     0.649692570 0.687741772 0.670758220 0.686625211 0.581818708 0.732642132 0.764343160 0.576904271 0.641881724 0.566782704 0.648362408 0.571185773 0.568528193 0.566724235 0.527405731 0.523299731 0.501337536 0.529044178 0.525925170 0.530207449 0.544743416 0.331085100 0.555041261 0.334839603 0.117408569 0.000000000 0.341374181 0.329207899 0.583450801 0.669314406 0.663945770 0.671409128 0.690145905 0.687315540 0.656073560 0.616572935 0.622335154 0.633064905 0.621223407 0.853950542 0.857206168 0.691730306 0.789368305 0.822472076 0.810323951 0.802279347 0.833009839 0.742867544 0.741844008 0.885960800 1.334094065 
11     0.658631075 0.697248335 0.679873410 0.695792695 0.585459604 0.736741977 0.768418992 0.581741997 0.647873693 0.570580907 0.651545182 0.571663416 0.569267194 0.570484448 0.532104846 0.527499545 0.504312662 0.529053052 0.525329153 0.531019467 0.544949342 0.332046323 0.558016538 0.378264048 0.328771365 0.341374181 0.000000000 0.124930167 0.512346540 0.672420160 0.662992778 0.678923265 0.695372047 0.692793361 0.663166098 0.622269915 0.630303848 0.639455795 0.627765621 0.860804992 0.863794586 0.700894891 0.796882042 0.828007341 0.814776248 0.810392121 0.839184210 0.753323259 0.752805886 0.895714551 1.335470915 
9     0.648635293 0.686562817 0.670689727 0.685317461 0.574322133 0.726455226 0.758470253 0.572548051 0.639565656 0.562451586 0.642263032 0.562682960 0.560371247 0.561049111 0.523085925 0.517769107 0.492887841 0.522473433 0.518944615 0.522067359 0.536646131 0.320479585 0.546978614 0.366604809 0.314913803 0.329207899 0.124930167 0.000000000 0.501134704 0.662178007 0.652702727 0.668994134 0.685508765 0.682680254 0.652898139 0.611977634 0.619421990 0.628331161 0.616486882 0.852769590 0.855505728 0.689828150 0.787913944 0.817705729 0.804793967 0.799660563 0.828672274 0.741927657 0.741384863 0.884563207 1.326518673 
13     0.896220096 0.935142391 0.917903464 0.933896542 0.823481799 0.973162644 1.007358755 0.817069910 0.881555796 0.813905203 0.891936514 0.814988093 0.809984627 0.813167854 0.773187246 0.768599988 0.743079062 0.771134646 0.768200967 0.772250756 0.785659063 0.568153274 0.798460565 0.620862631 0.570404281 0.583450801 0.512346540 0.501134704 0.000000000 0.909525112 0.903166468 0.915370176 0.932259686 0.929428521 0.899290092 0.859671718 0.868554587 0.877456499 0.866339947 1.101615140 1.104667059 0.936223440 1.031180800 1.063569402 1.048585957 1.046000155 1.074498663 0.987347675 0.986537486 1.132875483 1.572491333 
48     0.746905642 0.786547873 0.771521471 0.786879307 0.695174076 0.835807285 0.866621150 0.676518978 0.744938405 0.741583932 0.821324304 0.750309962 0.743538155 0.745021476 0.706218244 0.696170816 0.673789537 0.708932212 0.701786865 0.708832846 0.724436894 0.618438622 0.843445316 0.706775123 0.651690659 0.669314406 0.672420160 0.662178007 0.909525112 0.000000000 0.318059131 0.515489621 0.529858699 0.526995122 0.495920113 0.458140895 0.470865123 0.480787745 0.466616576 0.681642799 0.683366817 0.533924907 0.628492137 0.657320591 0.641609348 0.636097907 0.668379153 0.581357382 0.580079647 0.713393359 1.308231157 
46     0.737222576 0.776546870 0.761395787 0.777123439 0.681709234 0.824633455 0.855148748 0.671658093 0.736567799 0.731761542 0.813731164 0.742736272 0.736634934 0.736952289 0.696208410 0.687803789 0.667116255 0.701023741 0.696587053 0.700140640 0.714346747 0.609282680 0.835735616 0.698763596 0.648184019 0.663945770 0.662992778 0.652702727 0.903166468 0.318059131 0.000000000 0.510478737 0.524573685 0.521743319 0.491290811 0.452115435 0.467647050 0.476356150 0.464349584 0.684981439 0.686991158 0.537070918 0.630237484 0.663387262 0.644434906 0.642819895 0.672555302 0.587477820 0.586566918 0.721913236 1.295995485 
41     0.748540965 0.788039213 0.771687192 0.786792211 0.698091358 0.840695932 0.867476944 0.678386710 0.746757860 0.740587274 0.816106958 0.749421765 0.739258423 0.748585552 0.706759734 0.696990834 0.673551892 0.705472456 0.698061863 0.705181226 0.719758815 0.615557155 0.845998870 0.707102572 0.656121459 0.671409128 0.678923265 0.668994134 0.915370176 0.515489621 0.510478737 0.000000000 0.205663484 0.201946487 0.172011830 0.190806487 0.262978718 0.277370348 0.271248755 0.626537819 0.628296592 0.468765378 0.560620029 0.608906968 0.592777229 0.589319559 0.620744396 0.530500578 0.529142332 0.673530744 1.306304973 
49     0.766884786 0.806689374 0.790330664 0.805562026 0.715746383 0.856216733 0.883684346 0.694750231 0.762887171 0.760305786 0.837050798 0.765271039 0.760080177 0.767321284 0.726059309 0.715416258 0.691318615 0.725465523 0.718087783 0.725585705 0.740237151 0.633967759 0.864752188 0.725599700 0.674104245 0.690145905 0.695372047 0.685508765 0.932259686 0.529858699 0.524573685 0.205663484 0.000000000 0.101015801 0.149202150 0.201584983 0.280267034 0.290434168 0.283266979 0.635644996 0.637298585 0.480434045 0.572410026 0.621378616 0.605383132 0.602584647 0.633906413 0.544333719 0.542946202 0.686928954 1.321892868 
34     0.764054420 0.803852192 0.787493481 0.802724844 0.712915024 0.853386367 0.880853981 0.691919866 0.760056806 0.757475421 0.834220432 0.762498500 0.757104891 0.764490919 0.723283041 0.712639989 0.688522704 0.722635157 0.715338598 0.722755339 0.737406785 0.631137393 0.861841784 0.722752113 0.671273880 0.687315540 0.692793361 0.682680254 0.929428521 0.526995122 0.521743319 0.201946487 0.101015801 0.000000000 0.146949466 0.199605012 0.277403827 0.287555150 0.280704288 0.632830028 0.634468219 0.477603680 0.569679144 0.618548250 0.602552439 0.599754282 0.631076047 0.541503354 0.540195311 0.684098588 1.319062502 
39     0.732813595 0.772824815 0.756467768 0.771618123 0.681798596 0.822292478 0.850211392 0.660748023 0.728414530 0.724846005 0.801964645 0.732009021 0.724207192 0.731879363 0.690090438 0.679439347 0.657249318 0.691113556 0.683904188 0.691612236 0.706099170 0.599766498 0.830125063 0.691226829 0.640012671 0.656073560 0.663166098 0.652898139 0.899290092 0.495920113 0.491290811 0.172011830 0.149202150 0.146949466 0.000000000 0.169243351 0.246563209 0.256000398 0.250325956 0.604187462 0.606052629 0.448071224 0.539637211 0.590580375 0.573335405 0.571156923 0.602719444 0.510553375 0.509149627 0.654702725 1.290283420 
30     0.693514383 0.734744452 0.717929132 0.733158799 0.641849068 0.782085821 0.811929925 0.621035349 0.689406661 0.678888713 0.755308942 0.686029552 0.679999046 0.686019535 0.646447705 0.635599871 0.617735744 0.650759126 0.642958354 0.649905623 0.664798820 0.560125763 0.791032096 0.652431129 0.600220642 0.616572935 0.622269915 0.611977634 0.859671718 0.458140895 0.452115435 0.190806487 0.201584983 0.199605012 0.169243351 0.000000000 0.213396711 0.223548748 0.216749717 0.564467247 0.565605083 0.410689283 0.502607788 0.549157035 0.531330307 0.531658027 0.562713968 0.471466340 0.470132086 0.615004779 1.242808344 
44     0.706914732 0.746109965 0.729311105 0.744940031 0.652767771 0.794225886 0.820869050 0.634383977 0.702353183 0.696130338 0.772542596 0.704832783 0.697963318 0.704487813 0.662523029 0.652061188 0.626535610 0.659201722 0.651828314 0.660413638 0.674956636 0.567129716 0.797887941 0.657289443 0.605177631 0.622335154 0.630303848 0.619421990 0.868554587 0.470865123 0.467647050 0.262978718 0.280267034 0.277403827 0.246563209 0.213396711 0.000000000 0.140952291 0.173725027 0.583063135 0.583217627 0.423781909 0.517678173 0.561336475 0.546759380 0.544045388 0.575249866 0.485756886 0.484254925 0.630588789 1.249631084 
36     0.714532114 0.754281889 0.737436320 0.752808249 0.661050248 0.802683557 0.831328722 0.641292650 0.710091565 0.700790818 0.776838549 0.707617442 0.702945676 0.706964983 0.665543595 0.656414619 0.632467426 0.665401692 0.658683147 0.666317169 0.680573317 0.577091278 0.808040560 0.666512716 0.616596517 0.633064905 0.639455795 0.628331161 0.877456499 0.480787745 0.476356150 0.277370348 0.290434168 0.287555150 0.256000398 0.223548748 0.140952291 0.000000000 0.183428476 0.592867771 0.591659246 0.433971890 0.527955208 0.568611150 0.553491587 0.552544581 0.584464157 0.489885675 0.488545334 0.636741485 1.255806750 
32     0.703236974 0.743425003 0.726270122 0.741835084 0.650131352 0.791058715 0.819961386 0.628153261 0.695498727 0.689414006 0.766801443 0.695799857 0.690631474 0.694909145 0.653209462 0.643580057 0.619827729 0.657449183 0.650303203 0.656323167 0.670876201 0.565576800 0.794892993 0.657861989 0.604948558 0.621223407 0.627765621 0.616486882 0.866339947 0.466616576 0.464349584 0.271248755 0.283266979 0.280704288 0.250325956 0.216749717 0.173725027 0.183428476 0.000000000 0.575993566 0.577761833 0.421111648 0.514775296 0.564013690 0.547605266 0.543627089 0.577699498 0.484660420 0.483348724 0.629259322 1.254596835 
38     0.927385743 0.968461627 0.952260475 0.967346493 0.872367597 1.011161555 1.043614886 0.853879505 0.921253254 0.920353584 0.995234848 0.927325062 0.925470126 0.925514960 0.883557283 0.876687412 0.849452937 0.885333509 0.879119634 0.885582831 0.900109312 0.795562704 1.024487393 0.889390762 0.840717895 0.853950542 0.860804992 0.852769590 1.101615140 0.681642799 0.684981439 0.626537819 0.635644996 0.632830028 0.604187462 0.564467247 0.583063135 0.592867771 0.575993566 0.000000000 0.133973049 0.600810080 0.693520699 0.778533373 0.760149853 0.756388618 0.789104547 0.693804676 0.692053955 0.836886285 1.482595694 
31     0.930355164 0.970364817 0.954402714 0.969002090 0.874991045 1.014734655 1.046708801 0.855224510 0.922687111 0.921972173 0.996385159 0.929174329 0.927524073 0.927489571 0.885100068 0.878300538 0.852783945 0.887263292 0.881049418 0.886204329 0.900748606 0.799159456 1.027307595 0.893087124 0.844163544 0.857206168 0.863794586 0.855505728 1.104667059 0.683366817 0.686991158 0.628296592 0.637298585 0.634468219 0.606052629 0.565605083 0.583217627 0.591659246 0.577761833 0.133973049 0.000000000 0.599665451 0.692161821 0.780637998 0.761474017 0.757801132 0.791530369 0.695389003 0.693640465 0.837186742 1.483602705 
47     0.769309564 0.812662923 0.796193785 0.811089797 0.717210209 0.854033110 0.886213046 0.689726511 0.760669793 0.762147125 0.838135685 0.765977302 0.763966082 0.765873384 0.724954630 0.715123250 0.694154702 0.731311853 0.722262158 0.732212130 0.746240850 0.631508653 0.866584350 0.725880390 0.675061992 0.691730306 0.700894891 0.689828150 0.936223440 0.533924907 0.537070918 0.468765378 0.480434045 0.477603680 0.448071224 0.410689283 0.423781909 0.433971890 0.421111648 0.600810080 0.599665451 0.000000000 0.270404904 0.613867388 0.597253963 0.591194414 0.628098701 0.540724157 0.539126003 0.681844788 1.322868389 
35     0.863831691 0.906353744 0.889615580 0.904184681 0.809451901 0.948492706 0.979656023 0.785902232 0.854949860 0.860883886 0.936778599 0.866882505 0.862466772 0.867338285 0.826213046 0.815247786 0.791434910 0.827326444 0.818669818 0.827119373 0.841003607 0.728138768 0.963465605 0.822865826 0.772899722 0.789368305 0.796882042 0.787913944 1.031180800 0.628492137 0.630237484 0.560620029 0.572410026 0.569679144 0.539637211 0.502607788 0.517678173 0.527955208 0.514775296 0.693520699 0.692161821 0.270404904 0.000000000 0.718915737 0.700781424 0.695453232 0.731469126 0.634779071 0.632756474 0.778927769 1.418019147 
45     0.893139734 0.934498434 0.917748329 0.933670110 0.843602047 0.982035484 1.014942024 0.825998944 0.891674104 0.888113616 0.961593606 0.890888373 0.895533386 0.897880857 0.857066225 0.847416536 0.818838084 0.857561628 0.848814986 0.852507640 0.868673886 0.760610932 0.992489260 0.856274390 0.802176923 0.822472076 0.828007341 0.817705729 1.063569402 0.657320591 0.663387262 0.608906968 0.621378616 0.618548250 0.590580375 0.549157035 0.561336475 0.568611150 0.564013690 0.778533373 0.780637998 0.613867388 0.718915737 0.000000000 0.172255970 0.258052059 0.294373436 0.350371086 0.350536451 0.615174410 1.445186889 
40     0.872831688 0.912900155 0.896967915 0.912850981 0.827734186 0.965052818 0.997697722 0.809540831 0.875813322 0.876577677 0.948552323 0.880624073 0.880908691 0.885991960 0.845163796 0.835140944 0.805244076 0.846100860 0.837343298 0.838768008 0.855546724 0.746482606 0.979676000 0.844592286 0.789660497 0.810323951 0.814776248 0.804793967 1.048585957 0.641609348 0.644434906 0.592777229 0.605383132 0.602552439 0.573335405 0.531330307 0.546759380 0.553491587 0.547605266 0.760149853 0.761474017 0.597253963 0.700781424 0.172255970 0.000000000 0.240001452 0.273277886 0.330628361 0.329769635 0.597714149 1.427978851 
37     0.868017557 0.912221542 0.895552015 0.910657547 0.820330289 0.959994832 0.994806288 0.801463490 0.867991238 0.864846319 0.940371112 0.869238497 0.871173291 0.876830654 0.835687973 0.824676530 0.797065134 0.835816028 0.827924314 0.829497904 0.846195058 0.737837438 0.973575378 0.833761296 0.784757526 0.802279347 0.810392121 0.799660563 1.046000155 0.636097907 0.642819895 0.589319559 0.602584647 0.599754282 0.571156923 0.531658027 0.544045388 0.552544581 0.543627089 0.756388618 0.757801132 0.591194414 0.695453232 0.258052059 0.240001452 0.000000000 0.228221423 0.320896704 0.318974167 0.592259578 1.421214422 
42     0.900498890 0.942943937 0.926607220 0.941778921 0.852744032 0.992627647 1.023279693 0.832239369 0.898948155 0.896687957 0.973848657 0.902176319 0.902666393 0.908337256 0.867361032 0.857473776 0.825186859 0.865104146 0.858688757 0.858325240 0.875098008 0.768458788 0.999673389 0.865261861 0.813080598 0.833009839 0.839184210 0.828672274 1.074498663 0.668379153 0.672555302 0.620744396 0.633906413 0.631076047 0.602719444 0.562713968 0.575249866 0.584464157 0.577699498 0.789104547 0.791530369 0.628098701 0.731469126 0.294373436 0.273277886 0.228221423 0.000000000 0.354474076 0.352976555 0.623645908 1.452970288 
50     0.811144636 0.854156661 0.837422462 0.852764626 0.767469146 0.905046423 0.938007287 0.749377700 0.814874537 0.808878599 0.885796416 0.814635082 0.816556098 0.818566326 0.777286669 0.766642442 0.741669869 0.778916749 0.775312218 0.767880926 0.784467841 0.683888041 0.914441104 0.777205298 0.724537277 0.742867544 0.753323259 0.741927657 0.987347675 0.581357382 0.587477820 0.530500578 0.544333719 0.541503354 0.510553375 0.471466340 0.485756886 0.489885675 0.484660420 0.693804676 0.695389003 0.540724157 0.634779071 0.350371086 0.330628361 0.320896704 0.354474076 0.000000000 0.053442673 0.535683211 1.371975408 
33     0.809931537 0.851857229 0.835232788 0.850233451 0.764710645 0.902117529 0.936531078 0.746751777 0.812676719 0.808446514 0.885563785 0.813702980 0.814369241 0.817239070 0.776152203 0.765099576 0.741196470 0.778041336 0.774005589 0.766995067 0.783451749 0.682327382 0.913025928 0.776749000 0.723506563 0.741844008 0.752805886 0.741384863 0.986537486 0.580079647 0.586566918 0.529142332 0.542946202 0.540195311 0.509149627 0.470132086 0.484254925 0.488545334 0.483348724 0.692053955 0.693640465 0.539126003 0.632756474 0.350536451 0.329769635 0.318974167 0.352976555 0.053442673 0.000000000 0.534367137 1.368380210 
43     0.956023599 0.995665046 0.979807124 0.994632681 0.905483149 1.043363364 1.071263200 0.893571974 0.958929270 0.946694086 1.024742456 0.955496115 0.957546816 0.959273619 0.916842624 0.906310157 0.879743401 0.918808868 0.911211098 0.912616955 0.927928446 0.826939912 1.053894043 0.919055930 0.868321381 0.885960800 0.895714551 0.884563207 1.132875483 0.713393359 0.721913236 0.673530744 0.686928954 0.684098588 0.654702725 0.615004779 0.630588789 0.636741485 0.629259322 0.836886285 0.837186742 0.681844788 0.778927769 0.615174410 0.597714149 0.592259578 0.623645908 0.535683211 0.534367137 0.000000000 1.506183674 
0     1.397755386 1.438015764 1.425530627 1.442493528 1.334679752 1.493785128 1.515758247 1.329419352 1.392900833 1.401362064 1.475346998 1.403567051 1.402793336 1.413733948 1.370495319 1.364251569 1.342205238 1.369613579 1.366638924 1.367272046 1.374191441 1.289140449 1.510141473 1.371727365 1.315448612 1.334094065 1.335470915 1.326518673 1.572491333 1.308231157 1.295995485 1.306304973 1.321892868 1.319062502 1.290283420 1.242808344 1.249631084 1.255806750 1.254596835 1.482595694 1.483602705 1.322868389 1.418019147 1.445186889 1.427978851 1.421214422 1.452970288 1.371975408 1.368380210 1.506183674 0.000000000 
