51
7     0.000000000 0.001689690 0.000314380 0.013457510 0.004266430 0.049425160 0.025061850 0.035524510 0.016436100 0.024061000 0.040419450 0.005318450 0.014995500 0.055514080 0.039368870 0.017763050 0.019132440 0.021888310 0.040290770 0.029902140 0.095565680 0.041747660 0.023003170 0.036751420 0.015724270 0.041023800 0.023998410 0.048402290 0.135029480 0.009587740 0.030415770 0.009280870 0.038802760 0.038802770 0.041667060 0.004896560 0.036313420 0.047217340 0.004196370 0.023316050 0.040621340 0.028452200 0.091636290 0.048417940 0.053246980 0.006950880 0.046461960 0.021398100 0.023885390 0.010115610 0.036830580 
28     0.001689690 0.000000000 0.000660390 0.000137280 0.006988220 0.042245030 0.014258470 0.029558070 0.065323460 0.075606280 0.034066560 0.064791260 0.021705350 0.039960970 0.026747270 0.074565410 0.058330290 0.039609490 0.050604030 0.027776340 0.066309180 0.020715700 0.072220870 0.101028140 0.011999610 0.018786610 0.053431810 0.093020440 0.173748790 0.019355840 0.038235390 0.055538990 0.062757410 0.063034870 0.110246370 0.065802170 0.001890460 0.036380740 0.047941900 0.069695330 0.083168350 0.108861500 0.158527720 0.054478560 0.028592650 0.025374770 0.049524450 0.083388560 0.079648520 0.084550330 0.064535480 
24     0.000314380 0.000660390 0.000000000 0.002094950 0.008574430 0.022115340 0.008914850 0.018990860 0.053828510 0.039125090 0.044486610 0.013973450 0.042999090 0.091741790 0.075505220 0.061781040 0.039792460 0.024759430 0.079015550 0.027128650 0.056439250 0.028767450 0.055806420 0.053158100 0.054006820 0.025113080 0.002262960 0.073285900 0.172018740 0.003082380 0.027115090 0.058433120 0.054125560 0.054403020 0.103188320 0.009292000 0.030201590 0.006578380 0.027788100 0.081551190 0.084671340 0.091063730 0.134162500 0.040334250 0.029966510 0.028537300 0.093811050 0.008793780 0.004825780 0.080396730 0.033412390 
8     0.013457510 0.000137280 0.002094950 0.000000000 0.018522440 0.021565400 0.029898760 0.016372830 0.034297450 0.040311630 0.030311470 0.021392680 0.027945240 0.023867840 0.083408490 0.025497790 0.011202150 0.047205040 0.096222610 0.073718900 0.022919820 0.067375510 0.061191940 0.089567150 0.053456880 0.022642290 0.000414730 0.072735960 0.193471370 0.006274880 0.038543790 0.023342450 0.095128890 0.099846750 0.102711040 0.041070880 0.011634640 0.005124730 0.050938960 0.098315970 0.094885390 0.079022130 0.143969660 0.041481430 0.024503080 0.027725480 0.048281580 0.049530840 0.045790800 0.071365090 0.032862450 
18     0.004266430 0.006988220 0.008574430 0.018522440 0.000000000 0.004101480 0.004690570 0.013523120 0.103183010 0.036658260 0.033556390 0.001299900 0.103972800 0.030122190 0.011711490 0.006170420 0.056824850 0.009731670 0.033138980 0.070496080 0.047561950 0.043127330 0.021036040 0.013664140 0.036621320 0.029267470 0.090476610 0.069369580 0.132561480 0.003781710 0.051337060 0.005262320 0.034784210 0.034784220 0.032573930 0.000878010 0.032294870 0.027154120 0.000177820 0.005541650 0.040251070 0.007809010 0.094060840 0.019381660 0.020548330 0.005728720 0.050882780 0.042101790 0.038436300 0.005066180 0.029496070 
27     0.049425160 0.042245030 0.022115340 0.021565400 0.004101480 0.000000000 0.044926570 0.001671220 0.001813110 0.020638340 0.003538520 0.051631190 0.026363430 0.059233430 0.108736210 0.059731870 0.095310280 0.097613150 0.123585330 0.049439810 0.082131610 0.064763920 0.060868520 0.042862940 0.053133460 0.074532870 0.059766850 0.072412540 0.133002000 0.058405460 0.064483430 0.053482020 0.059780520 0.052878340 0.063842850 0.059378670 0.082140120 0.109598450 0.069520230 0.052033430 0.021339870 0.046521880 0.046636110 0.034732590 0.081116610 0.069635440 0.103285240 0.001576080 0.102871320 0.046554510 0.032539030 
23     0.025061850 0.014258470 0.008914850 0.029898760 0.004690570 0.044926570 0.000000000 0.037453520 0.045499060 0.074619010 0.063433130 0.095317140 0.105005460 0.014845480 0.064348260 0.015343920 0.081154340 0.078912510 0.061547880 0.094500160 0.108521320 0.033782340 0.104729910 0.066879110 0.007493600 0.004549500 0.063871210 0.088680840 0.127883220 0.053535320 0.048137990 0.055726870 0.067329550 0.086037000 0.028843620 0.019227120 0.038962200 0.063278450 0.042497450 0.026818310 0.054555760 0.003642760 0.048372440 0.016715780 0.091073750 0.107657440 0.091692910 0.140788960 0.090437180 0.005793520 0.034986980 
29     0.035524510 0.029558070 0.018990860 0.016372830 0.013523120 0.001671220 0.037453520 0.000000000 0.000157110 0.055199390 0.030719930 0.050056470 0.008894600 0.000298300 0.009319000 0.032832910 0.025697700 0.015644880 0.048717260 0.032722510 0.045574540 0.015598440 0.058482880 0.036126160 0.010932780 0.056158810 0.039472700 0.002572230 0.011657410 0.022322690 0.054768730 0.020763150 0.027206000 0.033732330 0.060791700 0.023790690 0.016456530 0.041118700 0.025179100 0.056237230 0.040680500 0.005932750 0.032959950 0.032839620 0.035778680 0.021394490 0.039685780 0.011787050 0.012980130 0.009661380 0.015389740 
6     0.016436100 0.065323460 0.053828510 0.034297450 0.103183010 0.001813110 0.045499060 0.000157110 0.000000000 0.087447500 0.038163610 0.050198360 0.049637330 0.036031750 0.022621620 0.004653530 0.079526790 0.074081110 0.070922000 0.042322260 0.089740030 0.061224230 0.059611130 0.012875300 0.044532940 0.062928060 0.107263690 0.107106150 0.060282600 0.058210470 0.065538080 0.052049190 0.058347690 0.051445510 0.033231350 0.065350950 0.078307790 0.022389290 0.022097780 0.074824360 0.054226180 0.045089050 0.045203280 0.029693770 0.012774590 0.068202610 0.076225090 0.034011710 0.034625900 0.035900140 0.032161670 
17     0.024061000 0.075606280 0.039125090 0.040311630 0.036658260 0.020638340 0.074619010 0.055199390 0.087447500 0.000000000 0.021239680 0.005789550 0.023202430 0.012336700 0.005181330 0.010046750 0.011855780 0.023197610 0.015892320 0.021801800 0.046697480 0.029179080 0.029904820 0.047419760 0.047111720 0.079649260 0.014670300 0.020367790 0.112968880 0.018482710 0.028410390 0.071304700 0.091024650 0.075537100 0.055366980 0.001707660 0.033256410 0.043166870 0.038774300 0.010549800 0.038713930 0.029798540 0.041431660 0.028253750 0.046131560 0.055161410 0.035270460 0.056421690 0.027396220 0.009553780 0.131434380 
15     0.040419450 0.034066560 0.044486610 0.030311470 0.033556390 0.003538520 0.063433130 0.030719930 0.038163610 0.021239680 0.000000000 0.009079500 0.008055700 0.030352020 0.025155490 0.033112230 0.016888360 0.051309030 0.042955950 0.024612380 0.103312530 0.079280350 0.057189060 0.062807590 0.070177480 0.123941150 0.046640200 0.121639380 0.079224220 0.060515110 0.024760480 0.041307860 0.070829750 0.070829760 0.073404790 0.036923550 0.027875290 0.012312870 0.036223360 0.073054740 0.013389000 0.011608660 0.016771070 0.025565560 0.018949800 0.027425010 0.067465240 0.011825130 0.027428440 0.017927150 0.068986690 
16     0.005318450 0.064791260 0.013973450 0.021392680 0.001299900 0.051631190 0.095317140 0.050056470 0.050198360 0.005789550 0.009079500 0.000000000 0.026615520 0.001513720 0.012463980 0.010751260 0.016925470 0.002653960 0.006864490 0.025309910 0.000426450 0.012551500 0.022088060 0.050104750 0.045615080 0.023333440 0.022735510 0.013601110 0.034149420 0.060357130 0.016551040 0.006206860 0.035728750 0.034816480 0.038593050 0.001822550 0.033239410 0.015180440 0.001122360 0.037953740 0.005179560 0.014157120 0.023455760 0.073079310 0.042757920 0.019215570 0.068469230 0.036023100 0.023917090 0.008600010 0.060777250 
25     0.014995500 0.021705350 0.042999090 0.027945240 0.103972800 0.026363430 0.105005460 0.008894600 0.049637330 0.023202430 0.008055700 0.026615520 0.000000000 0.040083360 0.005760580 0.015237980 0.027037990 0.047383770 0.019209240 0.068426030 0.070853280 0.004593850 0.000873890 0.063342810 0.027630890 0.020266560 0.071282670 0.016110430 0.030131560 0.029438420 0.096154890 0.038664680 0.109855600 0.101262150 0.040172760 0.000177620 0.007245200 0.009694360 0.026113660 0.057288510 0.047560860 0.002160630 0.069681930 0.072356840 0.013004790 0.045934040 0.022305470 0.036253990 0.015553870 0.064266330 0.078121400 
22     0.055514080 0.039960970 0.091741790 0.023867840 0.030122190 0.059233430 0.014845480 0.000298300 0.036031750 0.012336700 0.030352020 0.001513720 0.040083360 0.000000000 0.001470020 0.000498440 0.037976410 0.032652010 0.032656290 0.025549160 0.052369410 0.042650490 0.016282800 0.043072160 0.046436800 0.074910050 0.042786530 0.040420030 0.084011170 0.065770890 0.008668570 0.111474830 0.117773330 0.085966120 0.086071530 0.012136680 0.074757560 0.062178820 0.042387710 0.120637500 0.094100410 0.074503430 0.076725870 0.001870300 0.071551720 0.010296720 0.072176100 0.112465410 0.071143480 0.063236460 0.089020860 
2     0.039368870 0.026747270 0.075505220 0.083408490 0.011711490 0.108736210 0.064348260 0.009319000 0.022621620 0.005181330 0.025155490 0.012463980 0.005760580 0.001470020 0.000000000 0.000000110 0.015519330 0.009773750 0.027876330 0.006304430 0.018862730 0.036128790 0.017750940 0.051560140 0.060047990 0.039385480 0.011082540 0.027644220 0.082561990 0.005600700 0.046656830 0.007066280 0.120294810 0.094092950 0.077501050 0.020263510 0.020883970 0.046140740 0.034928500 0.011649720 0.013542410 0.015957370 0.060212940 0.019722260 0.078597920 0.083488950 0.106483410 0.042910560 0.062627340 0.045967490 0.050464500 
14     0.017763050 0.074565410 0.061781040 0.025497790 0.006170420 0.059731870 0.015343920 0.032832910 0.004653530 0.010046750 0.033112230 0.010751260 0.015237980 0.000498440 0.000000110 0.000000000 0.020300690 0.029390760 0.040783150 0.048806070 0.044010460 0.014130310 0.021311060 0.019775600 0.059694730 0.029482510 0.043770250 0.027630760 0.080849270 0.040911540 0.007749520 0.036768140 0.098596870 0.091607380 0.079722400 0.004587410 0.010910860 0.017969080 0.060806310 0.017277040 0.002902870 0.026190810 0.005193160 0.001373900 0.016901120 0.004907380 0.029764360 0.029390000 0.017137690 0.048756250 0.050644030 
12     0.019132440 0.058330290 0.039792460 0.011202150 0.056824850 0.095310280 0.081154340 0.025697700 0.079526790 0.011855780 0.016888360 0.016925470 0.027037990 0.037976410 0.015519330 0.020300690 0.000000000 0.017090480 0.009860950 0.016945520 0.021981920 0.013936310 0.016589670 0.021798890 0.013725590 0.037221020 0.004959820 0.002593320 0.118466230 0.056901320 0.066007120 0.018242260 0.084069840 0.051618150 0.023111090 0.034880500 0.046288480 0.059563870 0.023328970 0.049885710 0.026893130 0.038025910 0.048623010 0.008780550 0.057681750 0.082674770 0.042657700 0.020939990 0.023945650 0.033545480 0.018423510 
5     0.021888310 0.039609490 0.024759430 0.047205040 0.009731670 0.097613150 0.078912510 0.015644880 0.074081110 0.023197610 0.051309030 0.002653960 0.047383770 0.032652010 0.009773750 0.029390760 0.017090480 0.000000000 0.000007200 0.002156730 0.002582450 0.010718260 0.007426990 0.057005220 0.062595280 0.037150660 0.021900600 0.019534100 0.020166220 0.031482720 0.006866080 0.089262520 0.058815300 0.073315970 0.035076160 0.006280110 0.007886730 0.028304790 0.094377560 0.091885470 0.017060650 0.008827510 0.080310710 0.004388720 0.027037150 0.052652480 0.040417470 0.035142620 0.033305050 0.064726030 0.051540680 
26     0.040290770 0.050604030 0.079015550 0.096222610 0.033138980 0.123585330 0.061547880 0.048717260 0.070922000 0.015892320 0.042955950 0.006864490 0.019209240 0.032656290 0.027876330 0.040783150 0.009860950 0.000007200 0.000000000 0.002810020 0.002863300 0.010722540 0.007431270 0.026985830 0.029453860 0.043595130 0.014671070 0.012304570 0.053375990 0.030145560 0.006953670 0.087035980 0.141578540 0.096831310 0.050603080 0.023001870 0.010792760 0.018539590 0.025955290 0.091323050 0.055691210 0.068785870 0.071574690 0.042992890 0.027602600 0.034496320 0.025089710 0.064588720 0.054717700 0.051385030 0.043191320 
3     0.029902140 0.027776340 0.027128650 0.073718900 0.070496080 0.049439810 0.094500160 0.032722510 0.042322260 0.021801800 0.024612380 0.025309910 0.068426030 0.025549160 0.006304430 0.048806070 0.016945520 0.002156730 0.002810020 0.000000000 0.000507260 0.006869710 0.048552490 0.010867420 0.035840760 0.038624850 0.041251610 0.058837200 0.109712500 0.034191950 0.009575310 0.048268240 0.067318920 0.063634900 0.050175620 0.007211660 0.046847520 0.056474910 0.069491960 0.024334240 0.007263910 0.017505690 0.052186100 0.024186690 0.017389040 0.070444440 0.025299560 0.042551650 0.019981510 0.060228440 0.086600520 
1     0.095565680 0.066309180 0.056439250 0.022919820 0.047561950 0.082131610 0.108521320 0.045574540 0.089740030 0.046697480 0.103312530 0.000426450 0.070853280 0.052369410 0.018862730 0.044010460 0.021981920 0.002582450 0.002863300 0.000507260 0.000000000 0.031852800 0.035647980 0.052895870 0.043025090 0.027173080 0.052522070 0.035782590 0.021964850 0.034245230 0.009628590 0.021237600 0.082420030 0.118783470 0.061137120 0.064847060 0.014792520 0.040560900 0.043512870 0.056641100 0.028613260 0.038224820 0.082318140 0.069558260 0.060096410 0.108734820 0.018654680 0.053903150 0.050923270 0.056982820 0.038374650 
19     0.041747660 0.020715700 0.028767450 0.067375510 0.043127330 0.064763920 0.033782340 0.015598440 0.061224230 0.029179080 0.079280350 0.012551500 0.004593850 0.042650490 0.036128790 0.014130310 0.013936310 0.010718260 0.010722540 0.006869710 0.031852800 0.000000000 0.004318300 0.007459430 0.017152260 0.017724950 0.001266460 0.002375710 0.032251510 0.057694580 0.009953430 0.048022160 0.053113010 0.061808540 0.047278660 0.031762210 0.019168860 0.017688170 0.043057270 0.028899990 0.025312460 0.006523240 0.023446370 0.014689680 0.040787180 0.002448510 0.088212140 0.033875120 0.033522430 0.091294540 0.015885900 
4     0.023003170 0.072220870 0.055806420 0.061191940 0.021036040 0.060868520 0.104729910 0.058482880 0.059611130 0.029904820 0.057189060 0.022088060 0.000873890 0.016282800 0.017750940 0.021311060 0.016589670 0.007426990 0.007431270 0.048552490 0.035647980 0.004318300 0.000000000 0.036114620 0.014765940 0.041451740 0.021371160 0.020870810 0.058398250 0.094869510 0.047396920 0.026050480 0.055572370 0.055572380 0.058436670 0.021666170 0.053083030 0.067726320 0.020965980 0.034576880 0.058987810 0.021346720 0.104434130 0.082965850 0.035844590 0.127433460 0.062650930 0.042356250 0.034458190 0.006055990 0.061801180 
20     0.036751420 0.101028140 0.053158100 0.089567150 0.013664140 0.042862940 0.066879110 0.036126160 0.012875300 0.047419760 0.062807590 0.050104750 0.063342810 0.043072160 0.051560140 0.019775600 0.021798890 0.057005220 0.026985830 0.010867420 0.052895870 0.007459430 0.036114620 0.000000000 0.006335980 0.003443560 0.020339610 0.013519950 0.010036350 0.034315160 0.102301280 0.034745710 0.082439260 0.073713030 0.056130380 0.051295170 0.020588020 0.013357840 0.016185170 0.024988570 0.088616810 0.001819520 0.082739840 0.050232720 0.151141170 0.059208010 0.079860140 0.036071410 0.007270870 0.044895300 0.097781280 
10     0.015724270 0.011999610 0.054006820 0.053456880 0.036621320 0.053133460 0.007493600 0.010932780 0.044532940 0.047111720 0.070177480 0.045615080 0.027630890 0.046436800 0.060047990 0.059694730 0.013725590 0.062595280 0.029453860 0.035840760 0.043025090 0.017152260 0.014765940 0.006335980 0.000000000 0.000032500 0.012179750 0.013614160 0.032931490 0.004979740 0.052849350 0.061316900 0.091905920 0.093982370 0.073763280 0.034837590 0.015538150 0.056440290 0.060208370 0.083433930 0.084240870 0.024732540 0.025590380 0.022250830 0.046082770 0.026047230 0.013977790 0.014100880 0.010312080 0.042881950 0.058308550 
21     0.041023800 0.018786610 0.025113080 0.022642290 0.029267470 0.074532870 0.004549500 0.056158810 0.062928060 0.079649260 0.123941150 0.023333440 0.020266560 0.074910050 0.039385480 0.029482510 0.037221020 0.037150660 0.043595130 0.038624850 0.027173080 0.017724950 0.041451740 0.003443560 0.000032500 0.000000000 0.023104550 0.013481510 0.051750510 0.008991580 0.027996060 0.067209210 0.039594650 0.012915230 0.030980400 0.051550310 0.010700020 0.095328850 0.087997190 0.009131140 0.007975240 0.038400070 0.077116730 0.069969190 0.034343310 0.110682910 0.004820250 0.018533050 0.018701740 0.084537450 0.086957680 
11     0.023998410 0.053431810 0.002262960 0.000414730 0.090476610 0.059766850 0.063871210 0.039472700 0.107263690 0.014670300 0.046640200 0.022735510 0.071282670 0.042786530 0.011082540 0.043770250 0.004959820 0.021900600 0.014671070 0.041251610 0.052522070 0.001266460 0.021371160 0.020339610 0.012179750 0.023104550 0.000000000 0.000014760 0.001063500 0.103108930 0.037518130 0.066911580 0.056251650 0.064947180 0.072550890 0.022015550 0.045574860 0.021986260 0.007610040 0.058788590 0.058761710 0.015025760 0.067542110 0.088050600 0.020199830 0.084452240 0.046470040 0.022910030 0.042840860 0.087420210 0.060459180 
9     0.048402290 0.093020440 0.073285900 0.072735960 0.069369580 0.072412540 0.088680840 0.002572230 0.107106150 0.020367790 0.121639380 0.013601110 0.016110430 0.040420030 0.027644220 0.027630760 0.002593320 0.019534100 0.012304570 0.058837200 0.035782590 0.002375710 0.020870810 0.013519950 0.013614160 0.013481510 0.000014760 0.000000000 0.005870050 0.037936540 0.017245540 0.067375940 0.060672140 0.053420980 0.003389650 0.007748110 0.029578160 0.019084370 0.060022860 0.139691330 0.127551370 0.044925640 0.060517760 0.070044280 0.064174680 0.013226600 0.028534170 0.031955540 0.033666790 0.121864700 0.020018180 
13     0.135029480 0.173748790 0.172018740 0.193471370 0.132561480 0.133002000 0.127883220 0.011657410 0.060282600 0.112968880 0.079224220 0.034149420 0.030131560 0.084011170 0.082561990 0.080849270 0.118466230 0.020166220 0.053375990 0.109712500 0.021964850 0.032251510 0.058398250 0.010036350 0.032931490 0.051750510 0.001063500 0.005870050 0.000000000 0.037851520 0.092411780 0.067866210 0.063357960 0.064736200 0.036751410 0.117428350 0.038227520 0.133987340 0.038161760 0.184442820 0.181479450 0.015756040 0.023091700 0.116845840 0.053485280 0.119467810 0.130078630 0.015681290 0.016763400 0.037676820 0.054383060 
48     0.009587740 0.019355840 0.003082380 0.006274880 0.003781710 0.058405460 0.053535320 0.022322690 0.058210470 0.018482710 0.060515110 0.060357130 0.029438420 0.065770890 0.005600700 0.040911540 0.056901320 0.031482720 0.030145560 0.034191950 0.034245230 0.057694580 0.094869510 0.034315160 0.004979740 0.008991580 0.103108930 0.037936540 0.037851520 0.000000000 0.004575600 0.062971700 0.087374940 0.077058940 0.032707650 0.071449260 0.011071610 0.005206980 0.005444340 0.021242810 0.047903680 0.011964720 0.043930730 0.022958950 0.037745730 0.053401330 0.030299630 0.030653410 0.031272230 0.028829020 0.046045520 
46     0.030415770 0.038235390 0.027115090 0.038543790 0.051337060 0.064483430 0.048137990 0.054768730 0.065538080 0.028410390 0.024760480 0.016551040 0.096154890 0.008668570 0.046656830 0.007749520 0.066007120 0.006866080 0.006953670 0.009575310 0.009628590 0.009953430 0.047396920 0.102301280 0.052849350 0.027996060 0.037518130 0.017245540 0.092411780 0.004575600 0.000000000 0.049147070 0.041758250 0.037764340 0.025327400 0.025774760 0.044867790 0.020971410 0.026376650 0.030912080 0.020578860 0.009711240 0.009790970 0.053592120 0.037113820 0.034555250 0.065620230 0.030171310 0.029269330 0.039838410 0.076116970 
41     0.009280870 0.055538990 0.058433120 0.023342450 0.005262320 0.053482020 0.055726870 0.020763150 0.052049190 0.071304700 0.041307860 0.006206860 0.038664680 0.111474830 0.007066280 0.036768140 0.018242260 0.089262520 0.087035980 0.048268240 0.021237600 0.048022160 0.026050480 0.034745710 0.061316900 0.067209210 0.066911580 0.067375940 0.067866210 0.062971700 0.049147070 0.000000000 0.004426210 0.000604220 0.003907470 0.005784970 0.008586190 0.001693810 0.005084780 0.041916160 0.040441750 0.007028200 0.007142430 0.030193320 0.041991190 0.057729490 0.051499090 0.025679210 0.023166910 0.035034930 0.062628080 
49     0.038802760 0.062757410 0.054125560 0.095128890 0.034784210 0.059780520 0.067329550 0.027206000 0.058347690 0.091024650 0.070829750 0.035728750 0.109855600 0.117773330 0.120294810 0.098596870 0.084069840 0.058815300 0.141578540 0.067318920 0.082420030 0.053113010 0.055572370 0.082439260 0.091905920 0.039594650 0.056251650 0.060672140 0.063357960 0.087374940 0.041758250 0.004426210 0.000000000 0.000000010 0.007485350 0.020297740 0.016302580 0.021426200 0.032841050 0.030072360 0.040508350 0.013326700 0.013440930 0.071585850 0.085174580 0.045931690 0.077213590 0.081070130 0.067448090 0.077064360 0.068926580 
34     0.038802770 0.063034870 0.054403020 0.099846750 0.034784220 0.052878340 0.086037000 0.033732330 0.051445510 0.075537100 0.070829760 0.034816480 0.101262150 0.085966120 0.094092950 0.091607380 0.051618150 0.073315970 0.096831310 0.063634900 0.118783470 0.061808540 0.055572380 0.073713030 0.093982370 0.012915230 0.064947180 0.053420980 0.064736200 0.077058940 0.037764340 0.000604220 0.000000010 0.000000000 0.000129110 0.015816620 0.012384190 0.030741990 0.025938870 0.039273160 0.049709150 0.006424520 0.006538750 0.071799160 0.118847140 0.048435240 0.089645680 0.088731570 0.095768200 0.049450780 0.062024400 
39     0.041667060 0.110246370 0.103188320 0.102711040 0.032573930 0.063842850 0.028843620 0.060791700 0.033231350 0.055366980 0.073404790 0.038593050 0.040172760 0.086071530 0.077501050 0.079722400 0.023111090 0.035076160 0.050603080 0.050175620 0.061137120 0.047278660 0.058436670 0.056130380 0.073763280 0.030980400 0.072550890 0.003389650 0.036751410 0.032707650 0.025327400 0.003907470 0.007485350 0.000129110 0.000000000 0.005921390 0.008190280 0.023327620 0.026750560 0.024220500 0.046705740 0.008681200 0.017503260 0.068901910 0.034044920 0.067359440 0.019380360 0.045615090 0.019216780 0.071435740 0.015029050 
30     0.004896560 0.065802170 0.009292000 0.041070880 0.000878010 0.059378670 0.019227120 0.023790690 0.065350950 0.001707660 0.036923550 0.001822550 0.000177620 0.012136680 0.020263510 0.004587410 0.034880500 0.006280110 0.023001870 0.007211660 0.064847060 0.031762210 0.021666170 0.051295170 0.034837590 0.051550310 0.022015550 0.007748110 0.117428350 0.071449260 0.025774760 0.005784970 0.020297740 0.015816620 0.005921390 0.000000000 0.004654950 0.010421340 0.000700470 0.007397070 0.017892760 0.017797370 0.008526630 0.006418170 0.046114600 0.011348330 0.010582340 0.023603760 0.012409480 0.003797210 0.030608420 
44     0.036313420 0.001890460 0.030201590 0.011634640 0.032294870 0.082140120 0.038962200 0.016456530 0.078307790 0.033256410 0.027875290 0.033239410 0.007245200 0.074757560 0.020883970 0.010910860 0.046288480 0.007886730 0.010792760 0.046847520 0.014792520 0.019168860 0.053083030 0.020588020 0.015538150 0.010700020 0.045574860 0.029578160 0.038227520 0.011071610 0.044867790 0.008586190 0.016302580 0.012384190 0.008190280 0.004654950 0.000000000 0.001127150 0.001598100 0.008583030 0.019988760 0.014851300 0.037516520 0.007576260 0.003523510 0.008761610 0.004385180 0.021107940 0.029247800 0.018102330 0.003288530 
36     0.047217340 0.036380740 0.006578380 0.005124730 0.027154120 0.109598450 0.063278450 0.041118700 0.022389290 0.043166870 0.012312870 0.015180440 0.009694360 0.062178820 0.046140740 0.017969080 0.059563870 0.028304790 0.018539590 0.056474910 0.040560900 0.017688170 0.067726320 0.013357840 0.056440290 0.095328850 0.021986260 0.019084370 0.133987340 0.005206980 0.020971410 0.001693810 0.021426200 0.030741990 0.023327620 0.010421340 0.001127150 0.000000000 0.001779200 0.032861780 0.032521370 0.005009530 0.057610550 0.003794080 0.023511100 0.057350290 0.016254820 0.015649030 0.023788890 0.033025660 0.012720240 
32     0.004196370 0.047941900 0.027788100 0.050938960 0.000177820 0.069520230 0.042497450 0.025179100 0.022097780 0.038774300 0.036223360 0.001122360 0.026113660 0.042387710 0.034928500 0.060806310 0.023328970 0.094377560 0.025955290 0.069491960 0.043512870 0.043057270 0.020965980 0.016185170 0.060208370 0.087997190 0.007610040 0.060022860 0.038161760 0.005444340 0.026376650 0.005084780 0.032841050 0.025938870 0.026750560 0.000700470 0.001598100 0.001779200 0.000000000 0.036831660 0.039359570 0.008622160 0.023180640 0.028403290 0.030093170 0.067980510 0.025081310 0.030638960 0.012970160 0.025093470 0.012050390 
38     0.023316050 0.069695330 0.081551190 0.098315970 0.005541650 0.052033430 0.026818310 0.056237230 0.074824360 0.010549800 0.073054740 0.037953740 0.057288510 0.120637500 0.011649720 0.017277040 0.049885710 0.091885470 0.091323050 0.024334240 0.056641100 0.028899990 0.034576880 0.024988570 0.083433930 0.009131140 0.058788590 0.139691330 0.184442820 0.021242810 0.030912080 0.041916160 0.030072360 0.039273160 0.024220500 0.007397070 0.008583030 0.032861780 0.036831660 0.000000000 0.000446680 0.027215910 0.044246320 0.009390640 0.045240410 0.024649650 0.013478970 0.025852210 0.012827750 0.037810870 0.002936360 
31     0.040621340 0.083168350 0.084671340 0.094885390 0.040251070 0.021339870 0.054555760 0.040680500 0.054226180 0.038713930 0.013389000 0.005179560 0.047560860 0.094100410 0.013542410 0.002902870 0.026893130 0.017060650 0.055691210 0.007263910 0.028613260 0.025312460 0.058987810 0.088616810 0.084240870 0.007975240 0.058761710 0.127551370 0.181479450 0.047903680 0.020578860 0.040441750 0.040508350 0.049709150 0.046705740 0.017892760 0.019988760 0.032521370 0.039359570 0.000446680 0.000000000 0.015688170 0.038493260 0.040849220 0.046390740 0.023243390 0.025324800 0.033888420 0.042830290 0.028526550 0.020754640 
47     0.028452200 0.108861500 0.091063730 0.079022130 0.007809010 0.046521880 0.003642760 0.005932750 0.045089050 0.029798540 0.011608660 0.014157120 0.002160630 0.074503430 0.015957370 0.026190810 0.038025910 0.008827510 0.068785870 0.017505690 0.038224820 0.006523240 0.021346720 0.001819520 0.024732540 0.038400070 0.015025760 0.044925640 0.015756040 0.011964720 0.009711240 0.007028200 0.013326700 0.006424520 0.008681200 0.017797370 0.014851300 0.005009530 0.008622160 0.027215910 0.015688170 0.000000000 0.000019440 0.009407420 0.045773830 0.005478120 0.024396180 0.021564650 0.015087690 0.016055260 0.007595130 
35     0.091636290 0.158527720 0.134162500 0.143969660 0.094060840 0.046636110 0.048372440 0.032959950 0.045203280 0.041431660 0.016771070 0.023455760 0.069681930 0.076725870 0.060212940 0.005193160 0.048623010 0.080310710 0.071574690 0.052186100 0.082318140 0.023446370 0.104434130 0.082739840 0.025590380 0.077116730 0.067542110 0.060517760 0.023091700 0.043930730 0.009790970 0.007142430 0.013440930 0.006538750 0.017503260 0.008526630 0.037516520 0.057610550 0.023180640 0.044246320 0.038493260 0.000019440 0.000000000 0.106499220 0.092036980 0.037829430 0.054189580 0.025459760 0.019516930 0.035523120 0.009050380 
45     0.048417940 0.054478560 0.040334250 0.041481430 0.019381660 0.034732590 0.016715780 0.032839620 0.029693770 0.028253750 0.025565560 0.073079310 0.072356840 0.001870300 0.019722260 0.001373900 0.008780550 0.004388720 0.042992890 0.024186690 0.069558260 0.014689680 0.082965850 0.050232720 0.022250830 0.069969190 0.088050600 0.070044280 0.116845840 0.022958950 0.053592120 0.030193320 0.071585850 0.071799160 0.068901910 0.006418170 0.007576260 0.003794080 0.028403290 0.009390640 0.040849220 0.009407420 0.106499220 0.000000000 0.000173510 0.000515500 0.002085370 0.023180850 0.006949830 0.022980150 0.037745550 
40     0.053246980 0.028592650 0.029966510 0.024503080 0.020548330 0.081116610 0.091073750 0.035778680 0.012774590 0.046131560 0.018949800 0.042757920 0.013004790 0.071551720 0.078597920 0.016901120 0.057681750 0.027037150 0.027602600 0.017389040 0.060096410 0.040787180 0.035844590 0.151141170 0.046082770 0.034343310 0.020199830 0.064174680 0.053485280 0.037745730 0.037113820 0.041991190 0.085174580 0.118847140 0.034044920 0.046114600 0.003523510 0.023511100 0.030093170 0.045240410 0.046390740 0.045773830 0.092036980 0.000173510 0.000000000 0.000718130 0.003879000 0.012471770 0.008731730 0.043652750 0.032427700 
37     0.006950880 0.025374770 0.028537300 0.027725480 0.005728720 0.069635440 0.107657440 0.021394490 0.068202610 0.055161410 0.027425010 0.019215570 0.045934040 0.010296720 0.083488950 0.004907380 0.082674770 0.052652480 0.034496320 0.070444440 0.108734820 0.002448510 0.127433460 0.059208010 0.026047230 0.110682910 0.084452240 0.013226600 0.119467810 0.053401330 0.034555250 0.057729490 0.045931690 0.048435240 0.067359440 0.011348330 0.008761610 0.057350290 0.067980510 0.024649650 0.023243390 0.005478120 0.037829430 0.000515500 0.000718130 0.000000000 0.000010770 0.017351240 0.000671500 0.014589190 0.014257720 
42     0.046461960 0.049524450 0.093811050 0.048281580 0.050882780 0.103285240 0.091692910 0.039685780 0.076225090 0.035270460 0.067465240 0.068469230 0.022305470 0.072176100 0.106483410 0.029764360 0.042657700 0.040417470 0.025089710 0.025299560 0.018654680 0.088212140 0.062650930 0.079860140 0.013977790 0.004820250 0.046470040 0.028534170 0.130078630 0.030299630 0.065620230 0.051499090 0.077213590 0.089645680 0.019380360 0.010582340 0.004385180 0.016254820 0.025081310 0.013478970 0.025324800 0.024396180 0.054189580 0.002085370 0.003879000 0.000010770 0.000000000 0.025327020 0.020736470 0.017767550 0.043925780 
50     0.021398100 0.083388560 0.008793780 0.049530840 0.042101790 0.001576080 0.140788960 0.011787050 0.034011710 0.056421690 0.011825130 0.036023100 0.036253990 0.112465410 0.042910560 0.029390000 0.020939990 0.035142620 0.064588720 0.042551650 0.053903150 0.033875120 0.042356250 0.036071410 0.014100880 0.018533050 0.022910030 0.031955540 0.015681290 0.030653410 0.030171310 0.025679210 0.081070130 0.088731570 0.045615090 0.023603760 0.021107940 0.015649030 0.030638960 0.025852210 0.033888420 0.021564650 0.025459760 0.023180850 0.012471770 0.017351240 0.025327020 0.000000000 0.000029230 0.019698360 0.045247020 
33     0.023885390 0.079648520 0.004825780 0.045790800 0.038436300 0.102871320 0.090437180 0.012980130 0.034625900 0.027396220 0.027428440 0.023917090 0.015553870 0.071143480 0.062627340 0.017137690 0.023945650 0.033305050 0.054717700 0.019981510 0.050923270 0.033522430 0.034458190 0.007270870 0.010312080 0.018701740 0.042840860 0.033666790 0.016763400 0.031272230 0.029269330 0.023166910 0.067448090 0.095768200 0.019216780 0.012409480 0.029247800 0.023788890 0.012970160 0.012827750 0.042830290 0.015087690 0.019516930 0.006949830 0.008731730 0.000671500 0.020736470 0.000029230 0.000000000 0.022421230 0.068423390 
43     0.010115610 0.084550330 0.080396730 0.071365090 0.005066180 0.046554510 0.005793520 0.009661380 0.035900140 0.009553780 0.017927150 0.008600010 0.064266330 0.063236460 0.045967490 0.048756250 0.033545480 0.064726030 0.051385030 0.060228440 0.056982820 0.091294540 0.006055990 0.044895300 0.042881950 0.084537450 0.087420210 0.121864700 0.037676820 0.028829020 0.039838410 0.035034930 0.077064360 0.049450780 0.071435740 0.003797210 0.018102330 0.033025660 0.025093470 0.037810870 0.028526550 0.016055260 0.035523120 0.022980150 0.043652750 0.014589190 0.017767550 0.019698360 0.022421230 0.000000000 0.052823170 
0     0.036830580 0.064535480 0.033412390 0.032862450 0.029496070 0.032539030 0.034986980 0.015389740 0.032161670 0.131434380 0.068986690 0.060777250 0.078121400 0.089020860 0.050464500 0.050644030 0.018423510 0.051540680 0.043191320 0.086600520 0.038374650 0.015885900 0.061801180 0.097781280 0.058308550 0.086957680 0.060459180 0.020018180 0.054383060 0.046045520 0.076116970 0.062628080 0.068926580 0.062024400 0.015029050 0.030608420 0.003288530 0.012720240 0.012050390 0.002936360 0.020754640 0.007595130 0.009050380 0.037745550 0.032427700 0.014257720 0.043925780 0.045247020 0.068423390 0.052823170 0.000000000 
