51
7     0.000000000 0.003769660 0.003715940 0.003714930 0.009148610 0.003852800 0.015384790 0.003755950 0.004015830 0.004040380 0.009119530 0.007223680 0.007715330 0.007298760 0.009497410 0.022997650 0.023310270 0.004309250 0.015873340 0.015358460 0.004232320 0.017385090 0.014764210 0.022314990 0.022525330 0.022677920 0.025949410 0.023574200 0.022982520 0.022190180 0.024230410 0.026671110 0.021053100 0.022769690 0.023166970 0.023166970 0.004178390 0.010728880 0.008007970 0.010607600 0.010871540 0.008861810 0.019662300 0.009368190 0.030355150 0.019588130 0.014733320 0.003112090 0.016067190 0.019853150 0.007229310 
11     0.003769660 0.000000000 0.000061840 0.000061090 0.004562930 0.001572880 0.013104870 0.001476030 0.001735910 0.001760460 0.003087940 0.004419870 0.012821970 0.005018840 0.007217490 0.024630060 0.024561340 0.002029330 0.017577510 0.013078540 0.001952400 0.022266660 0.022101380 0.022739150 0.022949490 0.023102080 0.027342330 0.023998360 0.023406680 0.022614340 0.025862820 0.030544800 0.021838010 0.020961740 0.020887050 0.020887050 0.001898470 0.008448960 0.005728050 0.008327680 0.008591620 0.006581890 0.020086460 0.007088270 0.032768190 0.024505660 0.012453400 0.006985780 0.016491350 0.020277310 0.031533850 
8     0.003715940 0.000061840 0.000000000 0.000007370 0.004672320 0.001519160 0.013051150 0.001422310 0.001682190 0.001706740 0.011005820 0.014587900 0.013330040 0.004965120 0.007163770 0.019492620 0.019805240 0.001975610 0.019313060 0.013024820 0.001898680 0.017509250 0.019696610 0.020402470 0.020108070 0.021673290 0.022444380 0.021632850 0.021782330 0.024157230 0.020725380 0.025435720 0.017548070 0.019264660 0.020833330 0.020833330 0.001844750 0.008395240 0.005674330 0.008273960 0.008537900 0.006528170 0.021822010 0.007034550 0.030457530 0.024501110 0.012399680 0.017153810 0.018226900 0.019360570 0.011518460 
9     0.003714930 0.000061090 0.000007370 0.000000000 0.005175400 0.001518150 0.013050140 0.001421300 0.001681180 0.001705730 0.004325770 0.005657700 0.007838440 0.004964110 0.007162760 0.014001020 0.014313640 0.001974600 0.019367440 0.013023810 0.001897670 0.012017650 0.014205010 0.014910870 0.014616470 0.016181690 0.016952780 0.016141250 0.016290730 0.018665630 0.015233780 0.019944120 0.012056470 0.013773060 0.020723580 0.016166300 0.001843740 0.008394230 0.005673320 0.008272950 0.008536890 0.006527160 0.017985760 0.007033540 0.024965930 0.019009510 0.012398670 0.008223610 0.018281280 0.013868970 0.031779310 
10     0.009148610 0.004562930 0.004672320 0.005175400 0.000000000 0.020788730 0.023907230 0.015068950 0.022104590 0.022678730 0.013954740 0.015286670 0.015612970 0.013839080 0.018784550 0.024353500 0.024948050 0.024161610 0.020172070 0.023020140 0.021954950 0.020149470 0.020805690 0.025333710 0.025250880 0.025696640 0.027587190 0.026592920 0.026001240 0.025208900 0.025868190 0.030138540 0.022690880 0.024407470 0.028354180 0.026800710 0.027985680 0.026003370 0.024946560 0.027701430 0.024908280 0.022978520 0.022681020 0.021543700 0.028192680 0.026596850 0.023285120 0.023161100 0.019085910 0.018906190 0.033890010 
2     0.003852800 0.001572880 0.001519160 0.001518150 0.020788730 0.000000000 0.000246570 0.000118210 0.000378090 0.000402640 0.009701720 0.008541550 0.005816500 0.005101980 0.007300630 0.017593100 0.017905720 0.002112470 0.023341540 0.013161680 0.002035540 0.015609730 0.017797090 0.018502950 0.018208550 0.019773770 0.020544860 0.019733330 0.019882810 0.022257710 0.018825860 0.023536200 0.015648550 0.017365140 0.020970190 0.019758380 0.001981610 0.008532100 0.005811190 0.008410820 0.008674760 0.006665030 0.021577840 0.007171410 0.028558010 0.022601590 0.012536540 0.028388920 0.022255380 0.017461050 0.019765470 
1     0.015384790 0.013104870 0.013051150 0.013050140 0.023907230 0.000246570 0.000000000 0.001441600 0.000853340 0.002771580 0.012805360 0.011621090 0.005921510 0.016633970 0.017573860 0.020721530 0.021034150 0.013644460 0.022934690 0.019883650 0.013567530 0.018738160 0.020925520 0.020785130 0.021336980 0.022902200 0.023673290 0.022861760 0.023011240 0.025386140 0.021954290 0.026664630 0.018776980 0.020493570 0.026955110 0.022886810 0.013513600 0.020064090 0.017343180 0.019942810 0.020206750 0.018197020 0.024706270 0.018703400 0.029699850 0.025730020 0.024068530 0.030317570 0.021848530 0.020589480 0.018953530 
12     0.003755950 0.001476030 0.001422310 0.001421300 0.015068950 0.000118210 0.001441600 0.000000000 0.000274520 0.000305790 0.009604870 0.010788100 0.008063050 0.005005130 0.007203780 0.019839650 0.020152270 0.002015620 0.022900470 0.013064830 0.001938690 0.017856280 0.020043640 0.020749500 0.020455100 0.022020320 0.022791410 0.021979880 0.022129360 0.024504260 0.021072410 0.025782750 0.017895100 0.019611690 0.020873340 0.020873340 0.001884760 0.008435250 0.005714340 0.008313970 0.008577910 0.006568180 0.023824390 0.007074560 0.030804560 0.024848140 0.012439690 0.030283350 0.021814310 0.019707600 0.022238730 
13     0.004015830 0.001735910 0.001682190 0.001681180 0.022104590 0.000378090 0.000853340 0.000274520 0.000000000 0.000565670 0.009864750 0.009857410 0.007132360 0.005265010 0.007463660 0.018908960 0.019221580 0.002275500 0.025066930 0.013324710 0.002198570 0.016925590 0.019112950 0.019818810 0.019524410 0.021089630 0.021860720 0.021049190 0.021198670 0.023573570 0.020141720 0.024852060 0.016964410 0.018681000 0.021133220 0.021074240 0.002144640 0.008695130 0.005974220 0.008573850 0.008837790 0.006828060 0.022893700 0.007334440 0.029873870 0.023917450 0.012699570 0.029704780 0.023980770 0.018776910 0.022920920 
5     0.004040380 0.001760460 0.001706740 0.001705730 0.022678730 0.000402640 0.002771580 0.000305790 0.000565670 0.000000000 0.009889300 0.010431550 0.003253590 0.005289560 0.007488210 0.019483100 0.019795720 0.002300050 0.026556960 0.013349260 0.002223120 0.017499730 0.019687090 0.020392950 0.020098550 0.021663770 0.022434860 0.021623330 0.021772810 0.024147710 0.020715860 0.025426200 0.017538550 0.019255140 0.021157770 0.021157770 0.002169190 0.008719680 0.005998770 0.008598400 0.008862340 0.006852610 0.023467840 0.007358990 0.030448010 0.024491590 0.012724120 0.026126810 0.024744290 0.019351050 0.022188430 
4     0.009119530 0.003087940 0.011005820 0.004325770 0.013954740 0.009701720 0.012805360 0.009604870 0.009864750 0.009889300 0.000000000 0.001416450 0.005188430 0.014588640 0.016787290 0.023034850 0.022507660 0.011599130 0.015523830 0.019243260 0.011522200 0.020212980 0.022543910 0.020685470 0.020895810 0.021048400 0.025288650 0.021944680 0.021353000 0.020560660 0.029969850 0.031455220 0.019784330 0.024859940 0.023705940 0.024582780 0.011468270 0.018018760 0.015297850 0.017897480 0.018161420 0.016151690 0.018032780 0.016658070 0.030714510 0.022451980 0.018636880 0.009744240 0.014437670 0.018223630 0.019797300 
3     0.007223680 0.004419870 0.014587900 0.005657700 0.015286670 0.008541550 0.011621090 0.010788100 0.009857410 0.010431550 0.001416450 0.000000000 0.002474170 0.023382300 0.017986160 0.013004110 0.021446450 0.021397960 0.021951990 0.020295950 0.018453350 0.019150460 0.020518730 0.022043680 0.021749280 0.023314500 0.024085590 0.023274060 0.023423540 0.025798440 0.022366590 0.027076930 0.019189280 0.020905870 0.027856390 0.023299110 0.025635910 0.022501770 0.026726480 0.033807850 0.026688200 0.024758440 0.024460940 0.023323620 0.030907260 0.026142320 0.024898510 0.011076170 0.020865830 0.021001780 0.019787770 
6     0.007715330 0.012821970 0.013330040 0.007838440 0.015612970 0.005816500 0.005921510 0.008063050 0.007132360 0.003253590 0.005188430 0.002474170 0.000000000 0.015945050 0.012129550 0.015277220 0.015589840 0.015541350 0.014514740 0.014439340 0.012596740 0.013293850 0.015481210 0.016187070 0.015892670 0.017457890 0.018228980 0.017417450 0.017566930 0.019551570 0.016509980 0.021220320 0.013332670 0.015049260 0.021999780 0.017442500 0.019779300 0.016645160 0.019289230 0.027258030 0.019250950 0.017321190 0.017023690 0.015886370 0.026242130 0.020285710 0.017627790 0.021897620 0.013428580 0.015145170 0.018429540 
20     0.007298760 0.005018840 0.004965120 0.004964110 0.013839080 0.005101980 0.016633970 0.005005130 0.005265010 0.005289560 0.014588640 0.023382300 0.015945050 0.000000000 0.002212750 0.007196220 0.012710800 0.002990310 0.006081830 0.007482640 0.003606720 0.017673980 0.020004910 0.016299310 0.018356810 0.018509400 0.022749650 0.019405680 0.018814000 0.018021660 0.021891040 0.026601380 0.017245330 0.020430320 0.021166940 0.021346390 0.003552790 0.010103280 0.007382370 0.009982000 0.010245940 0.008236210 0.015493780 0.008742590 0.024764660 0.019912980 0.014107720 0.021485210 0.013016170 0.016802130 0.017266230 
17     0.009497410 0.007217490 0.007163770 0.007162760 0.018784550 0.007300630 0.017573860 0.007203780 0.007463660 0.007488210 0.016787290 0.017986160 0.012129550 0.002212750 0.000000000 0.006502950 0.006815570 0.005188960 0.007972040 0.005584650 0.005805370 0.006941700 0.009129060 0.009834920 0.009540520 0.011105740 0.011876830 0.011065300 0.011214780 0.013589680 0.010157830 0.014868170 0.006980520 0.008697110 0.015647630 0.011090350 0.005751440 0.010293010 0.009581020 0.012180650 0.012444590 0.010434860 0.012909810 0.010941240 0.019889980 0.013933560 0.012689750 0.010517150 0.012434860 0.007041620 0.031440070 
44     0.022997650 0.024630060 0.019492620 0.014001020 0.024353500 0.017593100 0.020721530 0.019839650 0.018908960 0.019483100 0.023034850 0.013004110 0.015277220 0.007196220 0.006502950 0.000000000 0.001647590 0.003799410 0.012162540 0.000658120 0.009392260 0.010089370 0.012276730 0.012982590 0.012688190 0.014253410 0.015024500 0.014212970 0.014362450 0.016737350 0.013305500 0.018015840 0.010128190 0.011844780 0.018795300 0.014238020 0.016574820 0.009840510 0.018094540 0.024746760 0.023801750 0.021871990 0.016057480 0.015769270 0.023037650 0.017081230 0.015837420 0.021117160 0.015582530 0.010189290 0.020331770 
45     0.023310270 0.024561340 0.019805240 0.014313640 0.024948050 0.017905720 0.021034150 0.020152270 0.019221580 0.019795720 0.022507660 0.021446450 0.015589840 0.012710800 0.006815570 0.001647590 0.000000000 0.001266570 0.011635350 0.002169730 0.009704880 0.010401990 0.012589350 0.013295210 0.013000810 0.014566030 0.015337120 0.014525590 0.014675070 0.017049970 0.013618120 0.018328460 0.010440810 0.012157400 0.019107920 0.014550640 0.016887440 0.013753300 0.018407160 0.024920900 0.023274560 0.021344800 0.011711500 0.016081890 0.023350270 0.017393850 0.016150040 0.021429780 0.015895150 0.010501910 0.026827320 
15     0.004309250 0.002029330 0.001975610 0.001974600 0.024161610 0.002112470 0.013644460 0.002015620 0.002275500 0.002300050 0.011599130 0.021397960 0.015541350 0.002990310 0.005188960 0.003799410 0.001266570 0.000000000 0.008641060 0.007469480 0.000617210 0.010353500 0.012540860 0.013246720 0.012952320 0.014517540 0.015288630 0.014477100 0.014626580 0.017001480 0.013569630 0.018279970 0.010392320 0.012108910 0.019059430 0.014502150 0.000563280 0.007113770 0.004392860 0.006992490 0.007256430 0.005246700 0.016321610 0.005753080 0.023301780 0.017345360 0.011118210 0.021381290 0.015575400 0.010453420 0.021565180 
24     0.015873340 0.017577510 0.019313060 0.019367440 0.020172070 0.023341540 0.022934690 0.022900470 0.025066930 0.026556960 0.015523830 0.021951990 0.014514740 0.006081830 0.007972040 0.012162540 0.011635350 0.008641060 0.000000000 0.004416210 0.016466120 0.016243670 0.018574600 0.016716160 0.016926500 0.017079090 0.021319340 0.017975370 0.017383690 0.016591350 0.020379360 0.022208030 0.015815020 0.018918640 0.019736630 0.020613470 0.019486840 0.018348140 0.016329010 0.024297810 0.016290730 0.014360970 0.014063470 0.012926150 0.019740320 0.018482670 0.014667570 0.013009130 0.011585860 0.015371820 0.032767770 
25     0.015358460 0.013078540 0.013024820 0.013023810 0.023020140 0.013161680 0.019883650 0.013064830 0.013324710 0.013349260 0.019243260 0.020295950 0.014439340 0.007482640 0.005584650 0.000658120 0.002169730 0.007469480 0.004416210 0.000000000 0.008554380 0.009251490 0.011438850 0.012144710 0.011850310 0.013415530 0.014186620 0.013375090 0.013524570 0.015899470 0.012467620 0.017177960 0.009290310 0.011006900 0.017957420 0.013400140 0.011612490 0.012602800 0.015442070 0.018041700 0.018305640 0.016295910 0.015219600 0.014931390 0.022199770 0.016243350 0.014999540 0.018103390 0.014744650 0.009351410 0.019145410 
39     0.004232320 0.001952400 0.001898680 0.001897670 0.021954950 0.002035540 0.013567530 0.001938690 0.002198570 0.002223120 0.011522200 0.018453350 0.012596740 0.003606720 0.005805370 0.009392260 0.009704880 0.000617210 0.016466120 0.008554380 0.000000000 0.006841850 0.009029210 0.003685410 0.003391010 0.004956230 0.005727320 0.004915790 0.005065270 0.007440170 0.004008320 0.013859010 0.006880670 0.008597260 0.015547780 0.010990500 0.000486030 0.005271460 0.004315610 0.006915240 0.007179180 0.005169450 0.007888260 0.005675830 0.013959480 0.008912010 0.007668200 0.020188080 0.014653450 0.009260210 0.019362030 
49     0.017385090 0.022266660 0.017509250 0.012017650 0.020149470 0.015609730 0.018738160 0.017856280 0.016925590 0.017499730 0.020212980 0.019150460 0.013293850 0.017673980 0.006941700 0.010089370 0.010401990 0.010353500 0.016243670 0.009251490 0.006841850 0.000000000 0.000071790 0.010432180 0.010137780 0.011703000 0.012474090 0.011662560 0.011812040 0.014186940 0.010755090 0.008997450 0.002370940 0.004087530 0.011038050 0.006480770 0.012888830 0.010890270 0.015544130 0.017183480 0.018548320 0.016616680 0.013507070 0.013218860 0.020487240 0.010590820 0.013287010 0.020885190 0.015350560 0.009957320 0.029696590 
28     0.014764210 0.022101380 0.019696610 0.014205010 0.020805690 0.017797090 0.020925520 0.020043640 0.019112950 0.019687090 0.022543910 0.020518730 0.015481210 0.020004910 0.009129060 0.012276730 0.012589350 0.012540860 0.018574600 0.011438850 0.009029210 0.000071790 0.000000000 0.012619540 0.011142870 0.013890360 0.014661450 0.013849920 0.013999400 0.016374300 0.009694520 0.003816740 0.004558300 0.006274890 0.010985650 0.008668130 0.013411640 0.013077630 0.017731490 0.007359810 0.020879250 0.012120050 0.015694430 0.009223720 0.019789990 0.009022970 0.012692680 0.015407600 0.017537920 0.012144680 0.027940960 
32     0.022314990 0.022739150 0.020402470 0.014910870 0.025333710 0.018502950 0.020785130 0.020749500 0.019818810 0.020392950 0.020685470 0.022043680 0.016187070 0.016299310 0.009834920 0.012982590 0.013295210 0.013246720 0.016716160 0.012144710 0.003685410 0.010432180 0.012619540 0.000000000 0.000132220 0.000003040 0.001886700 0.002430100 0.004425370 0.003662750 0.001398370 0.008444770 0.008495130 0.012187590 0.013592950 0.014580830 0.014184850 0.008861790 0.013515650 0.020167870 0.018335790 0.016406030 0.011478590 0.011190380 0.018458760 0.012502340 0.011258530 0.023778410 0.016747500 0.012850540 0.013553380 
34     0.022525330 0.022949490 0.020108070 0.014616470 0.025250880 0.018208550 0.021336980 0.020455100 0.019524410 0.020098550 0.020895810 0.021749280 0.015892670 0.018356810 0.009540520 0.012688190 0.013000810 0.012952320 0.016926500 0.011850310 0.003391010 0.010137780 0.011142870 0.000132220 0.000000000 0.000018450 0.006051050 0.001954400 0.003949670 0.003873090 0.004332050 0.007969070 0.008019430 0.011893190 0.013117250 0.014286430 0.015777790 0.008567390 0.013221250 0.019873470 0.018546130 0.016616370 0.011184190 0.010895980 0.018164360 0.012207940 0.010964130 0.023484010 0.016957840 0.012556140 0.024035870 
47     0.022677920 0.023102080 0.021673290 0.016181690 0.025696640 0.019773770 0.022902200 0.022020320 0.021089630 0.021663770 0.021048400 0.023314500 0.017457890 0.018509400 0.011105740 0.014253410 0.014566030 0.014517540 0.017079090 0.013415530 0.004956230 0.011703000 0.013890360 0.000003040 0.000018450 0.000000000 0.003322190 0.001952190 0.003947460 0.004025680 0.002833860 0.007966860 0.008017220 0.013139450 0.013115040 0.015851650 0.017029970 0.010132610 0.014786470 0.021438690 0.018698720 0.016768960 0.012749410 0.012461200 0.019680430 0.013773160 0.012529350 0.025049230 0.017110430 0.014121360 0.023867900 
43     0.025949410 0.027342330 0.022444380 0.016952780 0.027587190 0.020544860 0.023673290 0.022791410 0.021860720 0.022434860 0.025288650 0.024085590 0.018228980 0.022749650 0.011876830 0.015024500 0.015337120 0.015288630 0.021319340 0.014186620 0.005727320 0.012474090 0.014661450 0.001886700 0.006051050 0.003322190 0.000000000 0.002308910 0.001219670 0.002753250 0.000488410 0.012671780 0.012512910 0.014229500 0.021180020 0.016622740 0.018959540 0.010903700 0.015557560 0.022209780 0.022938970 0.021009210 0.013520500 0.013232290 0.020500670 0.014544250 0.013300440 0.025820320 0.020285690 0.014892450 0.032235850 
30     0.023574200 0.023998360 0.021632850 0.016141250 0.026592920 0.019733330 0.022861760 0.021979880 0.021049190 0.021623330 0.021944680 0.023274060 0.017417450 0.019405680 0.011065300 0.014212970 0.014525590 0.014477100 0.017975370 0.013375090 0.004915790 0.011662560 0.013849920 0.002430100 0.001954400 0.001952190 0.002308910 0.000000000 0.000133270 0.003738530 0.002347090 0.008151710 0.008202070 0.013324300 0.013299890 0.015811210 0.017161260 0.010092170 0.014746030 0.019844720 0.019595000 0.017665240 0.012708970 0.012420760 0.019689140 0.013732720 0.012488910 0.025008790 0.018006710 0.014080920 0.008672110 
21     0.022982520 0.023406680 0.021782330 0.016290730 0.026001240 0.019882810 0.023011240 0.022129360 0.021198670 0.021772810 0.021353000 0.023423540 0.017566930 0.018814000 0.011214780 0.014362450 0.014675070 0.014626580 0.017383690 0.013524570 0.005065270 0.011812040 0.013999400 0.004425370 0.003949670 0.003947460 0.001219670 0.000133270 0.000000000 0.003617640 0.002496570 0.010146980 0.010197340 0.013567450 0.015295160 0.015960690 0.014624840 0.010241650 0.014895510 0.021547730 0.019003320 0.017073560 0.012858450 0.012570240 0.019632950 0.013882200 0.012638390 0.025158270 0.017415030 0.014230400 0.008518950 
19     0.022190180 0.022614340 0.024157230 0.018665630 0.025208900 0.022257710 0.025386140 0.024504260 0.023573570 0.024147710 0.020560660 0.025798440 0.019551570 0.018021660 0.013589680 0.016737350 0.017049970 0.017001480 0.016591350 0.015899470 0.007440170 0.014186940 0.016374300 0.003662750 0.003873090 0.004025680 0.002753250 0.003738530 0.003617640 0.000000000 0.004871470 0.017058670 0.014225760 0.015942350 0.019932160 0.018335590 0.019321920 0.012616550 0.017270410 0.022105060 0.018210980 0.016281220 0.015233350 0.014846400 0.021972380 0.016257100 0.015013290 0.025091730 0.016622690 0.016605300 0.024294430 
29     0.024230410 0.025862820 0.020725380 0.015233780 0.025868190 0.018825860 0.021954290 0.021072410 0.020141720 0.020715860 0.029969850 0.022366590 0.016509980 0.021891040 0.010157830 0.013305500 0.013618120 0.013569630 0.020379360 0.012467620 0.004008320 0.010755090 0.009694520 0.001398370 0.004332050 0.002833860 0.000488410 0.002347090 0.002496570 0.004871470 0.000000000 0.012183370 0.010793910 0.012510500 0.019461020 0.014903740 0.017240540 0.009184700 0.013838560 0.020490780 0.022051200 0.024219480 0.011801500 0.011513290 0.018781670 0.012825250 0.011581440 0.024101320 0.018566690 0.013173450 0.037298590 
48     0.026671110 0.030544800 0.025435720 0.019944120 0.030138540 0.023536200 0.026664630 0.025782750 0.024852060 0.025426200 0.031455220 0.027076930 0.021220320 0.026601380 0.014868170 0.018015840 0.018328460 0.018279970 0.022208030 0.017177960 0.013859010 0.008997450 0.003816740 0.008444770 0.007969070 0.007966860 0.012671780 0.008151710 0.010146980 0.017058670 0.012183370 0.000000000 0.000052060 0.006463390 0.006438980 0.007502000 0.016089970 0.018816740 0.023470600 0.021745180 0.019589220 0.022038120 0.021425250 0.019202750 0.018740430 0.021014330 0.021213480 0.023851020 0.023277030 0.017883790 0.025419110 
26     0.021053100 0.021838010 0.017548070 0.012056470 0.022690880 0.015648550 0.018776980 0.017895100 0.016964410 0.017538550 0.019784330 0.019189280 0.013332670 0.017245330 0.006980520 0.010128190 0.010440810 0.010392320 0.015815020 0.009290310 0.006880670 0.002370940 0.004558300 0.008495130 0.008019430 0.008017220 0.012512910 0.008202070 0.010197340 0.014225760 0.010793910 0.000052060 0.000000000 0.003715290 0.006489340 0.006108530 0.012927650 0.010929090 0.015582950 0.022235170 0.018477610 0.016547850 0.013545890 0.013257680 0.020526060 0.014569640 0.013325830 0.020924010 0.015389380 0.009996140 0.016533980 
50     0.022769690 0.020961740 0.019264660 0.013773060 0.024407470 0.017365140 0.020493570 0.019611690 0.018681000 0.019255140 0.024859940 0.020905870 0.015049260 0.020430320 0.008697110 0.011844780 0.012157400 0.012108910 0.018918640 0.011006900 0.008597260 0.004087530 0.006274890 0.012187590 0.011893190 0.013139450 0.014229500 0.013324300 0.013567450 0.015942350 0.012510500 0.006463390 0.003715290 0.000000000 0.000029890 0.000074690 0.014644240 0.012645680 0.017299540 0.022536660 0.022510260 0.020580500 0.015262480 0.014974270 0.022242650 0.016286230 0.015042420 0.022640600 0.017105970 0.011712730 0.018820740 
40     0.023166970 0.020887050 0.020833330 0.020723580 0.028354180 0.020970190 0.026955110 0.020873340 0.021133220 0.021157770 0.023705940 0.027856390 0.021999780 0.021166940 0.015647630 0.018795300 0.019107920 0.019059430 0.019736630 0.017957420 0.015547780 0.011038050 0.010985650 0.013592950 0.013117250 0.013115040 0.021180020 0.013299890 0.015295160 0.019932160 0.019461020 0.006438980 0.006489340 0.000029890 0.000000000 0.000000000 0.019420560 0.019596200 0.021394540 0.017756470 0.021356260 0.019426500 0.019129000 0.017991680 0.027293940 0.023236750 0.019733100 0.028237010 0.019767970 0.018663250 0.019723360 
16     0.023166970 0.020887050 0.020833330 0.016166300 0.026800710 0.019758380 0.022886810 0.020873340 0.021074240 0.021157770 0.024582780 0.023299110 0.017442500 0.021346390 0.011090350 0.014238020 0.014550640 0.014502150 0.020613470 0.013400140 0.010990500 0.006480770 0.008668130 0.014580830 0.014286430 0.015851650 0.016622740 0.015811210 0.015960690 0.018335590 0.014903740 0.007502000 0.006108530 0.000074690 0.000000000 0.000000000 0.015733030 0.015038920 0.019692780 0.019305760 0.022233100 0.020303340 0.017655720 0.017367510 0.024635890 0.018679470 0.017435660 0.025033840 0.019499210 0.014105970 0.018600460 
36     0.004178390 0.001898470 0.001844750 0.001843740 0.027985680 0.001981610 0.013513600 0.001884760 0.002144640 0.002169190 0.011468270 0.025635910 0.019779300 0.003552790 0.005751440 0.016574820 0.016887440 0.000563280 0.019486840 0.011612490 0.000486030 0.012888830 0.013411640 0.014184850 0.015777790 0.017029970 0.018959540 0.017161260 0.014624840 0.019321920 0.017240540 0.016089970 0.012927650 0.014644240 0.019420560 0.015733030 0.000000000 0.006982470 0.004261560 0.006861190 0.007125130 0.005115400 0.011630640 0.005621780 0.016278660 0.018556750 0.010986910 0.016158520 0.020462710 0.016442770 0.025409590 
46     0.010728880 0.008448960 0.008395240 0.008394230 0.026003370 0.008532100 0.020064090 0.008435250 0.008695130 0.008719680 0.018018760 0.022501770 0.016645160 0.010103280 0.010293010 0.009840510 0.013753300 0.007113770 0.018348140 0.012602800 0.005271460 0.010890270 0.013077630 0.008861790 0.008567390 0.010132610 0.010903700 0.010092170 0.010241650 0.012616550 0.009184700 0.018816740 0.010929090 0.012645680 0.019596200 0.015038920 0.006982470 0.000000000 0.000014650 0.005377560 0.005641500 0.003631770 0.007308000 0.004138150 0.014288170 0.008331750 0.007087940 0.024236500 0.018379480 0.013308630 0.022145990 
31     0.008007970 0.005728050 0.005674330 0.005673320 0.024946560 0.005811190 0.017343180 0.005714340 0.005974220 0.005998770 0.015297850 0.026726480 0.019289230 0.007382370 0.009581020 0.018094540 0.018407160 0.004392860 0.016329010 0.015442070 0.004315610 0.015544130 0.017731490 0.013515650 0.013221250 0.014786470 0.015557560 0.014746030 0.014895510 0.017270410 0.013838560 0.023470600 0.015582950 0.017299540 0.021394540 0.019692780 0.004261560 0.000014650 0.000000000 0.002656650 0.002920590 0.000910860 0.008332860 0.001417240 0.018874970 0.012985610 0.006782370 0.024829390 0.016360350 0.017962490 0.024021350 
14     0.010607600 0.008327680 0.008273960 0.008272950 0.027701430 0.008410820 0.019942810 0.008313970 0.008573850 0.008598400 0.017897480 0.033807850 0.027258030 0.009982000 0.012180650 0.024746760 0.024920900 0.006992490 0.024297810 0.018041700 0.006915240 0.017183480 0.007359810 0.020167870 0.019873470 0.021438690 0.022209780 0.019844720 0.021547730 0.022105060 0.020490780 0.021745180 0.022235170 0.022536660 0.017756470 0.019305760 0.006861190 0.005377560 0.002656650 0.000000000 0.004376780 0.002367050 0.000171930 0.002873430 0.001362690 0.001278890 0.004831240 0.028869060 0.024329150 0.022883280 0.022279940 
18     0.010871540 0.008591620 0.008537900 0.008536890 0.024908280 0.008674760 0.020206750 0.008577910 0.008837790 0.008862340 0.018161420 0.026688200 0.019250950 0.010245940 0.012444590 0.023801750 0.023274560 0.007256430 0.016290730 0.018305640 0.007179180 0.018548320 0.020879250 0.018335790 0.018546130 0.018698720 0.022938970 0.019595000 0.019003320 0.018210980 0.022051200 0.019589220 0.018477610 0.022510260 0.021356260 0.022233100 0.007125130 0.005641500 0.002920590 0.004376780 0.000000000 0.001008650 0.007736190 0.003100150 0.011076670 0.010744610 0.008502500 0.024791110 0.016322070 0.020108030 0.032213510 
33     0.008861810 0.006581890 0.006528170 0.006527160 0.022978520 0.006665030 0.018197020 0.006568180 0.006828060 0.006852610 0.016151690 0.024758440 0.017321190 0.008236210 0.010434860 0.021871990 0.021344800 0.005246700 0.014360970 0.016295910 0.005169450 0.016616680 0.012120050 0.016406030 0.016616370 0.016768960 0.021009210 0.017665240 0.017073560 0.016281220 0.024219480 0.022038120 0.016547850 0.020580500 0.019426500 0.020303340 0.005115400 0.003631770 0.000910860 0.002367050 0.001008650 0.000000000 0.006240210 0.001090420 0.013525570 0.010925230 0.006492770 0.022861350 0.014392310 0.018178270 0.019227000 
35     0.019662300 0.020086460 0.021822010 0.017985760 0.022681020 0.021577840 0.024706270 0.023824390 0.022893700 0.023467840 0.018032780 0.024460940 0.017023690 0.015493780 0.012909810 0.016057480 0.011711500 0.016321610 0.014063470 0.015219600 0.007888260 0.013507070 0.015694430 0.011478590 0.011184190 0.012749410 0.013520500 0.012708970 0.012858450 0.015233350 0.011801500 0.021425250 0.013545890 0.015262480 0.019129000 0.017655720 0.011630640 0.007308000 0.008332860 0.000171930 0.007736190 0.006240210 0.000000000 0.004162950 0.009034070 0.006914710 0.004829390 0.022563850 0.014094810 0.015925430 0.021986210 
23     0.009368190 0.007088270 0.007034550 0.007033540 0.021543700 0.007171410 0.018703400 0.007074560 0.007334440 0.007358990 0.016658070 0.023323620 0.015886370 0.008742590 0.010941240 0.015769270 0.016081890 0.005753080 0.012926150 0.014931390 0.005675830 0.013218860 0.009223720 0.011190380 0.010895980 0.012461200 0.013232290 0.012420760 0.012570240 0.014846400 0.011513290 0.019202750 0.013257680 0.014974270 0.017991680 0.017367510 0.005621780 0.004138150 0.001417240 0.002873430 0.003100150 0.001090420 0.004162950 0.000000000 0.010690200 0.006626500 0.005846850 0.021426530 0.012957490 0.015637220 0.021694790 
38     0.030355150 0.032768190 0.030457530 0.024965930 0.028192680 0.028558010 0.029699850 0.030804560 0.029873870 0.030448010 0.030714510 0.030907260 0.026242130 0.024764660 0.019889980 0.023037650 0.023350270 0.023301780 0.019740320 0.022199770 0.013959480 0.020487240 0.019789990 0.018458760 0.018164360 0.019680430 0.020500670 0.019689140 0.019632950 0.021972380 0.018781670 0.018740430 0.020526060 0.022242650 0.027293940 0.024635890 0.016278660 0.014288170 0.018874970 0.001362690 0.011076670 0.013525570 0.009034070 0.010690200 0.000000000 0.000085600 0.011377670 0.026699060 0.026776540 0.022905600 0.028501960 
37     0.019588130 0.024505660 0.024501110 0.019009510 0.026596850 0.022601590 0.025730020 0.024848140 0.023917450 0.024491590 0.022451980 0.026142320 0.020285710 0.019912980 0.013933560 0.017081230 0.017393850 0.017345360 0.018482670 0.016243350 0.008912010 0.010590820 0.009022970 0.012502340 0.012207940 0.013773160 0.014544250 0.013732720 0.013882200 0.016257100 0.012825250 0.021014330 0.014569640 0.016286230 0.023236750 0.018679470 0.018556750 0.008331750 0.012985610 0.001278890 0.010744610 0.010925230 0.006914710 0.006626500 0.000085600 0.000000000 0.005763120 0.026983050 0.018514010 0.016949180 0.036010220 
27     0.014733320 0.012453400 0.012399680 0.012398670 0.023285120 0.012536540 0.024068530 0.012439690 0.012699570 0.012724120 0.018636880 0.024898510 0.017627790 0.014107720 0.012689750 0.015837420 0.016150040 0.011118210 0.014667570 0.014999540 0.007668200 0.013287010 0.012692680 0.011258530 0.010964130 0.012529350 0.013300440 0.012488910 0.012638390 0.015013290 0.011581440 0.021213480 0.013325830 0.015042420 0.019733100 0.017435660 0.010986910 0.007087940 0.006782370 0.004831240 0.008502500 0.006492770 0.004829390 0.005846850 0.011377670 0.005763120 0.000000000 0.023167950 0.014698910 0.015705370 0.031458840 
41     0.003112090 0.006985780 0.017153810 0.008223610 0.023161100 0.028388920 0.030317570 0.030283350 0.029704780 0.026126810 0.009744240 0.011076170 0.021897620 0.021485210 0.010517150 0.021117160 0.021429780 0.021381290 0.013009130 0.018103390 0.020188080 0.020885190 0.015407600 0.023778410 0.023484010 0.025049230 0.025820320 0.025008790 0.025158270 0.025091730 0.024101320 0.023851020 0.020924010 0.022640600 0.028237010 0.025033840 0.016158520 0.024236500 0.024829390 0.028869060 0.024791110 0.022861350 0.022563850 0.021426530 0.026699060 0.026983050 0.023167950 0.000000000 0.000044870 0.013971030 0.036151900 
42     0.016067190 0.016491350 0.018226900 0.018281280 0.019085910 0.022255380 0.021848530 0.021814310 0.023980770 0.024744290 0.014437670 0.020865830 0.013428580 0.013016170 0.012434860 0.015582530 0.015895150 0.015575400 0.011585860 0.014744650 0.014653450 0.015350560 0.017537920 0.016747500 0.016957840 0.017110430 0.020285690 0.018006710 0.017415030 0.016622690 0.018566690 0.023277030 0.015389380 0.017105970 0.019767970 0.019499210 0.020462710 0.018379480 0.016360350 0.024329150 0.016322070 0.014392310 0.014094810 0.012957490 0.026776540 0.018514010 0.014698910 0.000044870 0.000000000 0.004487150 0.031454010 
22     0.019853150 0.020277310 0.019360570 0.013868970 0.018906190 0.017461050 0.020589480 0.019707600 0.018776910 0.019351050 0.018223630 0.021001780 0.015145170 0.016802130 0.007041620 0.010189290 0.010501910 0.010453420 0.015371820 0.009351410 0.009260210 0.009957320 0.012144680 0.012850540 0.012556140 0.014121360 0.014892450 0.014080920 0.014230400 0.016605300 0.013173450 0.017883790 0.009996140 0.011712730 0.018663250 0.014105970 0.016442770 0.013308630 0.017962490 0.022883280 0.020108030 0.018178270 0.015925430 0.015637220 0.022905600 0.016949180 0.015705370 0.013971030 0.004487150 0.000000000 0.035467570 
0     0.007229310 0.031533850 0.011518460 0.031779310 0.033890010 0.019765470 0.018953530 0.022238730 0.022920920 0.022188430 0.019797300 0.019787770 0.018429540 0.017266230 0.031440070 0.020331770 0.026827320 0.021565180 0.032767770 0.019145410 0.019362030 0.029696590 0.027940960 0.013553380 0.024035870 0.023867900 0.032235850 0.008672110 0.008518950 0.024294430 0.037298590 0.025419110 0.016533980 0.018820740 0.019723360 0.018600460 0.025409590 0.022145990 0.024021350 0.022279940 0.032213510 0.019227000 0.021986210 0.021694790 0.028501960 0.036010220 0.031458840 0.036151900 0.031454010 0.035467570 0.000000000 
