51
7     0.000000000 0.466319915 0.467381492 0.473717527 0.463155960 0.447895023 0.447251825 0.447460139 0.449309300 0.443506938 0.469964111 0.464955425 0.446423587 0.473232484 0.469376083 0.481451326 0.460751762 0.472185608 0.476874840 0.451067783 0.424597300 0.490060759 0.480278957 0.469527725 0.469909185 0.470253462 0.486162553 0.478982971 0.474775013 0.482064606 0.497046178 0.493335322 0.486365768 0.497698231 0.498130198 0.500061127 0.481307163 0.459218743 0.479561915 0.471426479 0.488641348 0.486287842 0.480750046 0.477621736 0.494247393 0.461062524 0.481061273 0.486100828 0.471654617 0.461398275 0.803752610 
11     0.466319915 0.000000000 0.119119490 0.208775805 0.421608336 0.420675503 0.420032304 0.420240618 0.422089780 0.416287417 0.441896214 0.437289760 0.418803425 0.477290382 0.473433981 0.485072339 0.464588017 0.475832512 0.481205688 0.455398631 0.428011646 0.492724196 0.482931827 0.472306230 0.472687689 0.473031967 0.488721854 0.481878977 0.477671019 0.484960612 0.499698158 0.496076651 0.488940236 0.500442490 0.500874457 0.502805385 0.484256910 0.462709030 0.482959799 0.475056556 0.492412780 0.490167672 0.484629875 0.481605088 0.497880504 0.465124002 0.484530533 0.490941746 0.476495535 0.466670333 0.809023092 
8     0.467381492 0.119119490 0.000000000 0.211007537 0.422669913 0.421650288 0.421007090 0.421215404 0.423064565 0.417262203 0.442809004 0.438133914 0.419472829 0.478351959 0.474495558 0.486133916 0.465649594 0.476894089 0.482267265 0.456460208 0.429073223 0.493785773 0.483993404 0.473367807 0.473749266 0.474093544 0.489783431 0.482940554 0.478732596 0.486022189 0.500759735 0.497138228 0.490029698 0.501504067 0.501936034 0.503866962 0.485318487 0.463770607 0.484021376 0.476118133 0.493474357 0.491229249 0.485691452 0.482666665 0.498942081 0.466185579 0.485592110 0.492003323 0.477557112 0.467731910 0.810084669 
9     0.473717527 0.208775805 0.211007537 0.000000000 0.429297087 0.427380037 0.426736839 0.426945152 0.428781903 0.422991952 0.449025879 0.444439298 0.425871525 0.484237683 0.480381281 0.491693699 0.471192328 0.482621505 0.488152988 0.462345931 0.435045914 0.499758464 0.489966095 0.479340497 0.479721957 0.480066235 0.495756122 0.488913244 0.484705287 0.491994880 0.506732426 0.503110918 0.496002389 0.507476757 0.507908724 0.509839653 0.491291177 0.469712078 0.489962847 0.482051748 0.499402271 0.497157163 0.491625067 0.488600280 0.504806973 0.472111023 0.491544287 0.498029250 0.483583039 0.473757837 0.816412702 
10     0.463155960 0.421608336 0.422669913 0.429297087 0.000000000 0.420837732 0.420194534 0.420402848 0.422252009 0.416502380 0.440942875 0.437163231 0.418819151 0.475346334 0.471489933 0.483359939 0.462405732 0.473937957 0.479189588 0.453263197 0.426942555 0.491810412 0.482028610 0.471368137 0.471749597 0.472093874 0.487411060 0.480926895 0.476718938 0.484008531 0.498759429 0.495061028 0.488109057 0.499426866 0.499858834 0.501783881 0.483225412 0.461327392 0.481656006 0.473597594 0.490321309 0.488076201 0.482495806 0.479464079 0.496274641 0.463498058 0.483184411 0.489256217 0.474810006 0.465035206 0.807880854 
2     0.447895023 0.420675503 0.421650288 0.427380037 0.420837732 0.000000000 0.050280326 0.075383904 0.077567133 0.092741754 0.278764846 0.273839990 0.268601710 0.459881397 0.456024996 0.468351497 0.447426969 0.459144073 0.464069841 0.438283208 0.409809218 0.475455755 0.465673952 0.455187183 0.455568643 0.455912921 0.471465383 0.464714360 0.460506403 0.467795996 0.482483806 0.478799443 0.471917926 0.483235735 0.483667702 0.485592749 0.466993684 0.445325392 0.465417966 0.457337130 0.474690035 0.472444927 0.466941377 0.463909650 0.480177984 0.447401450 0.466987375 0.473601436 0.459094277 0.449759281 0.791528836 
1     0.447251825 0.420032304 0.421007090 0.426736839 0.420194534 0.050280326 0.000000000 0.076504529 0.077874708 0.091760323 0.277716481 0.273620957 0.268246967 0.459238199 0.455381798 0.467708299 0.446783771 0.458500875 0.463426643 0.437640010 0.409166020 0.474812556 0.465030754 0.454543985 0.454925445 0.455269722 0.470822185 0.464071162 0.459863205 0.467152798 0.481840608 0.478156245 0.471274728 0.482592537 0.483024504 0.484949551 0.466350486 0.444682194 0.464774768 0.456693932 0.474046837 0.471801729 0.466298179 0.463266452 0.479534786 0.446758252 0.466344177 0.472958238 0.458451079 0.449116083 0.790885638 
12     0.447460139 0.420240618 0.421215404 0.426945152 0.420402848 0.075383904 0.076504529 0.000000000 0.062624678 0.093722298 0.278296792 0.273337377 0.268234243 0.459446513 0.455590111 0.467916612 0.446992085 0.458709189 0.463634957 0.437848323 0.409374334 0.475020870 0.465239068 0.454752299 0.455133759 0.455478036 0.471030499 0.464279476 0.460071519 0.467361112 0.482048922 0.478364559 0.471483042 0.482800851 0.483232818 0.485157865 0.466558800 0.444890507 0.464983082 0.456902245 0.474255151 0.472010043 0.466506493 0.463474766 0.479743100 0.446966565 0.466552491 0.473166552 0.458659393 0.449324397 0.791093952 
13     0.449309300 0.422089780 0.423064565 0.428781903 0.422252009 0.077567133 0.077874708 0.062624678 0.000000000 0.096305485 0.280155761 0.275256512 0.270046388 0.461295674 0.457439273 0.469765774 0.448841247 0.460558351 0.465484118 0.439697485 0.411223495 0.476870032 0.467088230 0.456601461 0.456982920 0.457327198 0.472879660 0.466128638 0.461920680 0.469210273 0.483898083 0.480213720 0.473332203 0.484650012 0.485081979 0.487007027 0.468407962 0.446739669 0.466832244 0.458751407 0.476104313 0.473859204 0.468355655 0.465323928 0.481592261 0.448815727 0.468401653 0.475015713 0.460508554 0.451173558 0.792943114 
5     0.443506938 0.416287417 0.417262203 0.422991952 0.416502380 0.092741754 0.091760323 0.093722298 0.096305485 0.000000000 0.274311600 0.269673590 0.264707398 0.455476350 0.451619949 0.463946450 0.443021923 0.454739027 0.459664794 0.433878161 0.405404171 0.471050708 0.461268906 0.450782136 0.451163596 0.451507874 0.467060336 0.460309314 0.456101356 0.463390949 0.478078759 0.474394396 0.467512879 0.478830688 0.479262655 0.481187703 0.462588638 0.440920345 0.461012920 0.452932083 0.470284989 0.468039880 0.462536331 0.459504603 0.475772937 0.442996403 0.462582329 0.469196389 0.454689230 0.445354234 0.787123789 
4     0.469964111 0.441896214 0.442809004 0.449025879 0.440942875 0.278764846 0.277716481 0.278296792 0.280155761 0.274311600 0.000000000 0.289945786 0.293886727 0.482259603 0.478403202 0.490472747 0.469482718 0.481300208 0.486262901 0.460439328 0.432080192 0.497391476 0.487609674 0.477117357 0.477498817 0.477843095 0.493395557 0.486644535 0.482436577 0.489726170 0.504413980 0.500778921 0.493865209 0.505183019 0.505614986 0.507540033 0.488925175 0.467018980 0.487141349 0.479194651 0.496648642 0.494403534 0.488865737 0.485834009 0.502136398 0.469359863 0.489002998 0.495925551 0.481479340 0.471667686 0.813242877 
3     0.464955425 0.437289760 0.438133914 0.444439298 0.437163231 0.273839990 0.273620957 0.273337377 0.275256512 0.269673590 0.289945786 0.000000000 0.287451582 0.477202202 0.473345801 0.483650235 0.464458974 0.476185782 0.481164753 0.455329075 0.427292947 0.492449746 0.482667944 0.472155207 0.472536667 0.472880945 0.488370458 0.481619435 0.477411478 0.484701071 0.499339350 0.495834430 0.488903059 0.500220868 0.500652835 0.502577883 0.483858042 0.462056830 0.482179198 0.474173524 0.491686492 0.489441383 0.483903586 0.480871859 0.497174247 0.464397713 0.484040847 0.490343666 0.475871710 0.465805914 0.808118209 
6     0.446423587 0.418803425 0.419472829 0.425871525 0.418819151 0.268601710 0.268246967 0.268234243 0.270046388 0.264707398 0.293886727 0.287451582 0.000000000 0.458823632 0.454967230 0.467040437 0.446199541 0.457866582 0.462829275 0.437005701 0.408807207 0.473956784 0.464174981 0.453668615 0.454050075 0.454394353 0.469529368 0.463195793 0.458987835 0.466277428 0.480965238 0.477337254 0.470416467 0.481734277 0.482166244 0.484091291 0.465476433 0.443437374 0.463341984 0.455584353 0.473037172 0.470792064 0.465254267 0.462222540 0.478410831 0.445506814 0.465391528 0.472523558 0.458077347 0.448265693 0.789185790 
20     0.473232484 0.477290382 0.478351959 0.484237683 0.475346334 0.459881397 0.459238199 0.459446513 0.461295674 0.455476350 0.482259603 0.477202202 0.458823632 0.000000000 0.177949780 0.274786735 0.256091000 0.266533619 0.277840595 0.250452029 0.377104652 0.442449127 0.432726480 0.422154700 0.422536159 0.422880437 0.438718848 0.431763374 0.427558597 0.434845010 0.449871152 0.446162563 0.439018062 0.450504572 0.450936539 0.452845562 0.432861943 0.413543057 0.434124475 0.425595402 0.443722545 0.441249026 0.435700003 0.432649870 0.449035811 0.416560007 0.435136008 0.442408217 0.427981348 0.418124889 0.802210514 
17     0.469376083 0.473433981 0.474495558 0.480381281 0.471489933 0.456024996 0.455381798 0.455590111 0.457439273 0.451619949 0.478403202 0.473345801 0.454967230 0.177949780 0.000000000 0.270082315 0.250524065 0.261513272 0.273521227 0.246629890 0.373411330 0.438764853 0.429042206 0.418690203 0.419071662 0.419415940 0.435282289 0.428323325 0.424115368 0.431404961 0.446230988 0.442478289 0.435312702 0.446820298 0.447252266 0.449161288 0.429097405 0.409851076 0.430421577 0.422049779 0.440062578 0.437589059 0.432040037 0.428989903 0.445332913 0.412900041 0.431407918 0.438529963 0.424103093 0.414246634 0.798354113 
44     0.481451326 0.485072339 0.486133916 0.491693699 0.483359939 0.468351497 0.467708299 0.467916612 0.469765774 0.463946450 0.490472747 0.483650235 0.467040437 0.274786735 0.270082315 0.000000000 0.219353212 0.229780250 0.286347009 0.259864900 0.385246963 0.450500778 0.440663665 0.430463633 0.430845092 0.431189370 0.446572395 0.440096755 0.435888798 0.443178391 0.458004418 0.454251719 0.447223742 0.458593728 0.459025695 0.460934718 0.440987907 0.421521492 0.442233030 0.433809742 0.451866777 0.449393258 0.443844235 0.440794102 0.457137111 0.424704239 0.443287495 0.450487761 0.436060891 0.426181632 0.810225260 
45     0.460751762 0.464588017 0.465649594 0.471192328 0.462405732 0.447426969 0.446783771 0.446992085 0.448841247 0.443021923 0.469482718 0.464458974 0.446199541 0.256091000 0.250524065 0.219353212 0.000000000 0.176268637 0.264471477 0.240042862 0.364321595 0.429652659 0.419827399 0.409635231 0.410016690 0.410360968 0.426234301 0.419268353 0.415060396 0.422349989 0.437176016 0.433397100 0.426387475 0.437749302 0.438181269 0.440106316 0.420179112 0.400756808 0.421345034 0.412868403 0.430956938 0.428483418 0.422918766 0.419887914 0.436238434 0.403805561 0.422389512 0.428704245 0.414249637 0.404643522 0.789452921 
15     0.472185608 0.475832512 0.476894089 0.482621505 0.473937957 0.459144073 0.458500875 0.458709189 0.460558351 0.454739027 0.481300208 0.476185782 0.457866582 0.266533619 0.261513272 0.229780250 0.176268637 0.000000000 0.276039633 0.250467902 0.375850833 0.441194017 0.431368757 0.421108539 0.421489998 0.421834276 0.437700839 0.430741661 0.426533704 0.433823297 0.448649324 0.444894830 0.437869181 0.449247032 0.449678999 0.451588021 0.431684280 0.412363038 0.432959147 0.424529139 0.442592297 0.440118778 0.434438110 0.431387977 0.447862631 0.415429759 0.434013015 0.441151444 0.426724575 0.416854396 0.801036704 
24     0.476874840 0.481205688 0.482267265 0.488152988 0.479189588 0.464069841 0.463426643 0.463634957 0.465484118 0.459664794 0.486262901 0.481164753 0.462829275 0.277840595 0.273521227 0.286347009 0.264471477 0.276039633 0.000000000 0.230760922 0.380883703 0.446302275 0.436579628 0.426250514 0.426631973 0.426976251 0.442929031 0.435883636 0.431675679 0.438965272 0.453791299 0.449961300 0.442755919 0.454309911 0.454741878 0.456650900 0.436705856 0.416483712 0.437070897 0.428688181 0.446746958 0.444348740 0.438620303 0.435570170 0.452092593 0.419659721 0.438087939 0.445646098 0.431219228 0.421362971 0.805976817 
25     0.451067783 0.455398631 0.456460208 0.462345931 0.453263197 0.438283208 0.437640010 0.437848323 0.439697485 0.433878161 0.460439328 0.455329075 0.437005701 0.250452029 0.246629890 0.259864900 0.240042862 0.250467902 0.230760922 0.000000000 0.355730325 0.421145854 0.411423207 0.401073492 0.401454952 0.401799230 0.417747961 0.410706615 0.406498658 0.413788251 0.428614278 0.424825640 0.417712144 0.429167649 0.429599616 0.431508639 0.411328874 0.391488940 0.412067912 0.403668968 0.421831655 0.419358136 0.413812024 0.410761891 0.427101989 0.394669117 0.413049356 0.420305959 0.405879089 0.396022831 0.780346775 
39     0.424597300 0.428011646 0.429073223 0.435045914 0.426942555 0.409809218 0.409166020 0.409374334 0.411223495 0.405404171 0.432080192 0.427292947 0.408807207 0.377104652 0.373411330 0.385246963 0.364321595 0.375850833 0.380883703 0.355730325 0.000000000 0.308502002 0.298626446 0.287284539 0.287665999 0.288010277 0.305581191 0.296970805 0.292762847 0.300083916 0.315514182 0.313282699 0.306518899 0.316567946 0.317101584 0.318954132 0.301519249 0.307420855 0.328109638 0.319435327 0.337523746 0.335314558 0.329715439 0.326874564 0.342355380 0.310027964 0.328587273 0.396878388 0.382494009 0.372496115 0.753454428 
49     0.490060759 0.492724196 0.493785773 0.499758464 0.491810412 0.475455755 0.474812556 0.475020870 0.476870032 0.471050708 0.497391476 0.492449746 0.473956784 0.442449127 0.438764853 0.450500778 0.429652659 0.441194017 0.446302275 0.421145854 0.308502002 0.000000000 0.091694121 0.318951692 0.319333152 0.319765599 0.337460137 0.328936789 0.324728832 0.332145106 0.347024668 0.348673830 0.341222358 0.352079706 0.352554734 0.354410690 0.365062389 0.372197450 0.392726753 0.383568351 0.401161277 0.399539153 0.393974378 0.391133503 0.406400395 0.373910510 0.392829820 0.461321384 0.447020725 0.437019077 0.818558351 
28     0.480278957 0.482931827 0.483993404 0.489966095 0.482028610 0.465673952 0.465030754 0.465239068 0.467088230 0.461268906 0.487609674 0.482667944 0.464174981 0.432726480 0.429042206 0.440663665 0.419827399 0.431368757 0.436579628 0.411423207 0.298626446 0.091694121 0.000000000 0.308714692 0.309096152 0.309528599 0.327291373 0.318768025 0.314560068 0.321976342 0.336787667 0.338662143 0.331210670 0.342078962 0.342553990 0.344409947 0.354976863 0.362174612 0.382703915 0.373456926 0.391049853 0.389427728 0.383862953 0.381022078 0.396283150 0.363793265 0.382709813 0.451600672 0.437281874 0.427280226 0.808737492 
32     0.469527725 0.472306230 0.473367807 0.479340497 0.471368137 0.455187183 0.454543985 0.454752299 0.456601461 0.450782136 0.477117357 0.472155207 0.453668615 0.422154700 0.418690203 0.430463633 0.409635231 0.421108539 0.426250514 0.401073492 0.287284539 0.318951692 0.308714692 0.000000000 0.038898822 0.038222984 0.154856730 0.145078692 0.142039893 0.146761488 0.196578685 0.305237833 0.297040290 0.307375010 0.308017916 0.309622695 0.344792737 0.351429395 0.371961874 0.363142083 0.380800781 0.379208368 0.373700848 0.370868551 0.386636234 0.354199402 0.372393338 0.441288355 0.426904106 0.416897431 0.798065862 
34     0.469909185 0.472687689 0.473749266 0.479721957 0.471749597 0.455568643 0.454925445 0.455133759 0.456982920 0.451163596 0.477498817 0.472536667 0.454050075 0.422536159 0.419071662 0.430845092 0.410016690 0.421489998 0.426631973 0.401454952 0.287665999 0.319333152 0.309096152 0.038898822 0.000000000 0.039484582 0.155919517 0.146368684 0.143342170 0.147890944 0.197125252 0.305619293 0.297421750 0.307756470 0.308399376 0.310004155 0.345174197 0.351810854 0.372343334 0.363523543 0.381182240 0.379589827 0.374082308 0.371250011 0.387017694 0.354580862 0.372774798 0.441669815 0.427285565 0.417278890 0.798447322 
47     0.470253462 0.473031967 0.474093544 0.480066235 0.472093874 0.455912921 0.455269722 0.455478036 0.457327198 0.451507874 0.477843095 0.472880945 0.454394353 0.422880437 0.419415940 0.431189370 0.410360968 0.421834276 0.426976251 0.401799230 0.288010277 0.319765599 0.309528599 0.038222984 0.039484582 0.000000000 0.155672675 0.145967580 0.142951918 0.147695779 0.196908815 0.305844505 0.297646961 0.307981682 0.308624587 0.310229366 0.345486222 0.352155132 0.372687611 0.363867820 0.381526518 0.379934105 0.374426585 0.371594289 0.387361972 0.354925139 0.373119075 0.442014092 0.427629843 0.417623168 0.798791599 
43     0.486162553 0.488721854 0.489783431 0.495756122 0.487411060 0.471465383 0.470822185 0.471030499 0.472879660 0.467060336 0.493395557 0.488370458 0.469529368 0.438718848 0.435282289 0.446572395 0.426234301 0.437700839 0.442929031 0.417747961 0.305581191 0.337460137 0.327291373 0.154856730 0.155919517 0.155672675 0.000000000 0.112853959 0.107736389 0.122646604 0.216974876 0.322877433 0.315210834 0.325373487 0.326016392 0.327646380 0.362450128 0.369024437 0.389556916 0.380891617 0.398417804 0.396825391 0.391317871 0.388485575 0.404253258 0.371767170 0.390377192 0.458398206 0.444013957 0.433887539 0.814889929 
30     0.478982971 0.481878977 0.482940554 0.488913244 0.480926895 0.464714360 0.464071162 0.464279476 0.466128638 0.460309314 0.486644535 0.481619435 0.463195793 0.431763374 0.428323325 0.440096755 0.419268353 0.430741661 0.435883636 0.410706615 0.296970805 0.328936789 0.318768025 0.145078692 0.146368684 0.145967580 0.112853959 0.000000000 0.053581866 0.112683794 0.205724381 0.314075466 0.306070725 0.316267847 0.316910752 0.318540740 0.354149236 0.361096149 0.381628629 0.372940216 0.390466403 0.388873990 0.383366470 0.380534173 0.396301857 0.363816480 0.382191471 0.450812914 0.436428664 0.426421989 0.807500021 
21     0.474775013 0.477671019 0.478732596 0.484705287 0.476718938 0.460506403 0.459863205 0.460071519 0.461920680 0.456101356 0.482436577 0.477411478 0.458987835 0.427558597 0.424115368 0.435888798 0.415060396 0.426533704 0.431675679 0.406498658 0.292762847 0.324728832 0.314560068 0.142039893 0.143342170 0.142951918 0.107736389 0.053581866 0.000000000 0.108949013 0.202584182 0.309916502 0.301911761 0.312108883 0.312751789 0.314381777 0.349941279 0.356888192 0.377420671 0.368732259 0.386258445 0.384666032 0.379158513 0.376326216 0.392093899 0.359608522 0.377983514 0.446604956 0.432220707 0.422214032 0.803292064 
19     0.482064606 0.484960612 0.486022189 0.491994880 0.484008531 0.467795996 0.467152798 0.467361112 0.469210273 0.463390949 0.489726170 0.484701071 0.466277428 0.434845010 0.431404961 0.443178391 0.422349989 0.433823297 0.438965272 0.413788251 0.300083916 0.332145106 0.321976342 0.146761488 0.147890944 0.147695779 0.122646604 0.112683794 0.108949013 0.000000000 0.209523222 0.317260143 0.309339337 0.319452525 0.320095430 0.321774282 0.357306410 0.364202317 0.384734796 0.376047516 0.393573703 0.391981290 0.386473770 0.383641474 0.399409157 0.366940378 0.385298771 0.453884516 0.439500266 0.429493591 0.810722411 
29     0.497046178 0.499698158 0.500759735 0.506732426 0.498759429 0.482483806 0.481840608 0.482048922 0.483898083 0.478078759 0.504413980 0.499339350 0.480965238 0.449871152 0.446230988 0.458004418 0.437176016 0.448649324 0.453791299 0.428614278 0.315514182 0.347024668 0.336787667 0.196578685 0.197125252 0.196908815 0.216974876 0.205724381 0.202584182 0.209523222 0.000000000 0.332472231 0.324326248 0.334707362 0.335350268 0.337033635 0.372128523 0.378768730 0.399301210 0.390308782 0.408039637 0.406447223 0.400833413 0.397889730 0.414028551 0.381467737 0.399817184 0.468815798 0.454431549 0.444424873 0.825563105 
48     0.493335322 0.496076651 0.497138228 0.503110918 0.495061028 0.478799443 0.478156245 0.478364559 0.480213720 0.474394396 0.500778921 0.495834430 0.477337254 0.446162563 0.442478289 0.454251719 0.433397100 0.444894830 0.449961300 0.424825640 0.313282699 0.348673830 0.338662143 0.305237833 0.305619293 0.305844505 0.322877433 0.314075466 0.309916502 0.317260143 0.332472231 0.000000000 0.208726471 0.246366402 0.246825120 0.248919338 0.367798521 0.375609063 0.396151347 0.387308039 0.404653197 0.403198383 0.397487445 0.394655148 0.410333252 0.378162007 0.396434811 0.464069066 0.449721924 0.440145431 0.821777282 
26     0.486365768 0.488940236 0.490029698 0.496002389 0.488109057 0.471917926 0.471274728 0.471483042 0.473332203 0.467512879 0.493865209 0.488903059 0.470416467 0.439018062 0.435312702 0.447223742 0.426387475 0.437869181 0.442755919 0.417712144 0.306518899 0.341222358 0.331210670 0.297040290 0.297421750 0.297646961 0.315210834 0.306070725 0.301911761 0.309339337 0.324326248 0.208726471 0.000000000 0.239574147 0.239885553 0.241826642 0.361320257 0.368160756 0.388843122 0.379897921 0.397169784 0.395867795 0.390101073 0.387231202 0.402618498 0.370623411 0.389070171 0.458244844 0.443840361 0.433833686 0.814840461 
50     0.497698231 0.500442490 0.501504067 0.507476757 0.499426866 0.483235735 0.482592537 0.482800851 0.484650012 0.478830688 0.505183019 0.500220868 0.481734277 0.450504572 0.446820298 0.458593728 0.437749302 0.449247032 0.454309911 0.429167649 0.316567946 0.352079706 0.342078962 0.307375010 0.307756470 0.307981682 0.325373487 0.316267847 0.312108883 0.319452525 0.334707362 0.246366402 0.239574147 0.000000000 0.053239579 0.078792426 0.371799079 0.379592991 0.400127791 0.391381739 0.408677522 0.407303532 0.401592595 0.398760298 0.414474245 0.382242988 0.400556817 0.469490816 0.455086333 0.445079658 0.826139168 
40     0.498130198 0.500874457 0.501936034 0.507908724 0.499858834 0.483667702 0.483024504 0.483232818 0.485081979 0.479262655 0.505614986 0.500652835 0.482166244 0.450936539 0.447252266 0.459025695 0.438181269 0.449678999 0.454741878 0.429599616 0.317101584 0.352554734 0.342553990 0.308017916 0.308399376 0.308624587 0.326016392 0.316910752 0.312751789 0.320095430 0.335350268 0.246825120 0.239885553 0.053239579 0.000000000 0.079454146 0.372193703 0.379987614 0.400522415 0.391776363 0.409072145 0.407698156 0.401987218 0.399154921 0.414868869 0.382637611 0.400951440 0.469922783 0.455518300 0.445511625 0.826571135 
16     0.500061127 0.502805385 0.503866962 0.509839653 0.501783881 0.485592749 0.484949551 0.485157865 0.487007027 0.481187703 0.507540033 0.502577883 0.484091291 0.452845562 0.449161288 0.460934718 0.440106316 0.451588021 0.456650900 0.431508639 0.318954132 0.354410690 0.344409947 0.309622695 0.310004155 0.310229366 0.327646380 0.318540740 0.314381777 0.321774282 0.337033635 0.248919338 0.241826642 0.078792426 0.079454146 0.000000000 0.374076075 0.382019239 0.402554040 0.393807988 0.411103771 0.409729781 0.404018843 0.401186547 0.416900494 0.384669236 0.402983066 0.471831806 0.457427322 0.447420647 0.828521200 
36     0.481307163 0.484256910 0.485318487 0.491291177 0.483225412 0.466993684 0.466350486 0.466558800 0.468407962 0.462588638 0.488925175 0.483858042 0.465476433 0.432861943 0.429097405 0.440987907 0.420179112 0.431684280 0.436705856 0.411328874 0.301519249 0.365062389 0.354976863 0.344792737 0.345174197 0.345486222 0.362450128 0.354149236 0.349941279 0.357306410 0.372128523 0.367798521 0.361320257 0.371799079 0.372193703 0.374076075 0.000000000 0.362962167 0.383955849 0.374339084 0.393430583 0.390886906 0.385369900 0.382334428 0.397990694 0.365631501 0.383706575 0.452757438 0.438373059 0.428271016 0.809890509 
46     0.459218743 0.462709030 0.463770607 0.469712078 0.461327392 0.445325392 0.444682194 0.444890507 0.446739669 0.440920345 0.467018980 0.462056830 0.443437374 0.413543057 0.409851076 0.421521492 0.400756808 0.412363038 0.416483712 0.391488940 0.307420855 0.372197450 0.362174612 0.351429395 0.351810854 0.352155132 0.369024437 0.361096149 0.356888192 0.364202317 0.378768730 0.375609063 0.368160756 0.379592991 0.379987614 0.382019239 0.362962167 0.000000000 0.179133232 0.284353462 0.302834900 0.299992920 0.294968257 0.291971551 0.306664261 0.274695212 0.295347642 0.430916504 0.416633857 0.406900719 0.788115598 
31     0.479561915 0.482959799 0.484021376 0.489962847 0.481656006 0.465417966 0.464774768 0.464983082 0.466832244 0.461012920 0.487141349 0.482179198 0.463341984 0.434124475 0.430421577 0.442233030 0.421345034 0.432959147 0.437070897 0.412067912 0.328109638 0.392726753 0.382703915 0.371961874 0.372343334 0.372687611 0.389556916 0.381628629 0.377420671 0.384734796 0.399301210 0.396151347 0.388843122 0.400127791 0.400522415 0.402554040 0.383955849 0.179133232 0.000000000 0.305085430 0.324015903 0.321191614 0.315595087 0.312488621 0.327528910 0.295686089 0.316379590 0.450867152 0.436516084 0.427046349 0.808444211 
14     0.471426479 0.475056556 0.476118133 0.482051748 0.473597594 0.457337130 0.456693932 0.456902245 0.458751407 0.452932083 0.479194651 0.474173524 0.455584353 0.425595402 0.422049779 0.433809742 0.412868403 0.424529139 0.428688181 0.403668968 0.319435327 0.383568351 0.373456926 0.363142083 0.363523543 0.363867820 0.380891617 0.372940216 0.368732259 0.376047516 0.390308782 0.387308039 0.379897921 0.391381739 0.391776363 0.393807988 0.374339084 0.284353462 0.305085430 0.000000000 0.278662786 0.276559852 0.271162034 0.268055887 0.283481947 0.250538197 0.281100087 0.443345947 0.428901009 0.419344416 0.800390629 
18     0.488641348 0.492412780 0.493474357 0.499402271 0.490321309 0.474690035 0.474046837 0.474255151 0.476104313 0.470284989 0.496648642 0.491686492 0.473037172 0.443722545 0.440062578 0.451866777 0.430956938 0.442592297 0.446746958 0.421831655 0.337523746 0.401161277 0.391049853 0.380800781 0.381182240 0.381526518 0.398417804 0.390466403 0.386258445 0.393573703 0.408039637 0.404653197 0.397169784 0.408677522 0.409072145 0.411103771 0.393430583 0.302834900 0.324015903 0.278662786 0.000000000 0.177335240 0.231186380 0.229071886 0.293857396 0.260470306 0.298272628 0.459923568 0.445478629 0.435779800 0.817275646 
33     0.486287842 0.490167672 0.491229249 0.497157163 0.488076201 0.472444927 0.471801729 0.472010043 0.473859204 0.468039880 0.494403534 0.489441383 0.470792064 0.441249026 0.437589059 0.449393258 0.428483418 0.440118778 0.444348740 0.419358136 0.335314558 0.399539153 0.389427728 0.379208368 0.379589827 0.379934105 0.396825391 0.388873990 0.384666032 0.391981290 0.406447223 0.403198383 0.395867795 0.407303532 0.407698156 0.409729781 0.390886906 0.299992920 0.321191614 0.276559852 0.177335240 0.000000000 0.229611069 0.226005419 0.291219623 0.257992890 0.295642457 0.457732255 0.443287317 0.433591856 0.814983221 
35     0.480750046 0.484629875 0.485691452 0.491625067 0.482495806 0.466941377 0.466298179 0.466506493 0.468355655 0.462536331 0.488865737 0.483903586 0.465254267 0.435700003 0.432040037 0.443844235 0.422918766 0.434438110 0.438620303 0.413812024 0.329715439 0.393974378 0.383862953 0.373700848 0.374082308 0.374426585 0.391317871 0.383366470 0.379158513 0.386473770 0.400833413 0.397487445 0.390101073 0.401592595 0.401987218 0.404018843 0.385369900 0.294968257 0.315595087 0.271162034 0.231186380 0.229611069 0.000000000 0.176887896 0.285989665 0.252542151 0.289770283 0.451851935 0.437402862 0.427979040 0.809445425 
23     0.477621736 0.481605088 0.482666665 0.488600280 0.479464079 0.463909650 0.463266452 0.463474766 0.465323928 0.459504603 0.485834009 0.480871859 0.462222540 0.432649870 0.428989903 0.440794102 0.419887914 0.431387977 0.435570170 0.410761891 0.326874564 0.391133503 0.381022078 0.370868551 0.371250011 0.371594289 0.388485575 0.380534173 0.376326216 0.383641474 0.397889730 0.394655148 0.387231202 0.398760298 0.399154921 0.401186547 0.382334428 0.291971551 0.312488621 0.268055887 0.229071886 0.226005419 0.176887896 0.000000000 0.283393899 0.249979774 0.286246042 0.448951503 0.434506564 0.425048860 0.806420638 
38     0.494247393 0.497880504 0.498942081 0.504806973 0.496274641 0.480177984 0.479534786 0.479743100 0.481592261 0.475772937 0.502136398 0.497174247 0.478410831 0.449035811 0.445332913 0.457137111 0.436238434 0.447862631 0.452092593 0.427101989 0.342355380 0.406400395 0.396283150 0.386636234 0.387017694 0.387361972 0.404253258 0.396301857 0.392093899 0.399409157 0.414028551 0.410333252 0.402618498 0.414474245 0.414868869 0.416900494 0.397990694 0.306664261 0.327528910 0.283481947 0.293857396 0.291219623 0.285989665 0.283393899 0.000000000 0.199366680 0.303502638 0.465497450 0.451052512 0.441384010 0.822823322 
37     0.461062524 0.465124002 0.466185579 0.472111023 0.463498058 0.447401450 0.446758252 0.446966565 0.448815727 0.442996403 0.469359863 0.464397713 0.445506814 0.416560007 0.412900041 0.424704239 0.403805561 0.415429759 0.419659721 0.394669117 0.310027964 0.373910510 0.363793265 0.354199402 0.354580862 0.354925139 0.371767170 0.363816480 0.359608522 0.366940378 0.381467737 0.378162007 0.370623411 0.382242988 0.382637611 0.384669236 0.365631501 0.274695212 0.295686089 0.250538197 0.260470306 0.257992890 0.252542151 0.249979774 0.199366680 0.000000000 0.270958988 0.432980540 0.418535602 0.408867101 0.790134218 
27     0.481061273 0.484530533 0.485592110 0.491544287 0.483184411 0.466987375 0.466344177 0.466552491 0.468401653 0.462582329 0.489002998 0.484040847 0.465391528 0.435136008 0.431407918 0.443287495 0.422389512 0.434013015 0.438087939 0.413049356 0.328587273 0.392829820 0.382709813 0.372393338 0.372774798 0.373119075 0.390377192 0.382191471 0.377983514 0.385298771 0.399817184 0.396434811 0.389070171 0.400556817 0.400951440 0.402983066 0.383706575 0.295347642 0.316379590 0.281100087 0.298272628 0.295642457 0.289770283 0.286246042 0.303502638 0.270958988 0.000000000 0.452388029 0.437943091 0.428214196 0.809571210 
41     0.486100828 0.490941746 0.492003323 0.498029250 0.489256217 0.473601436 0.472958238 0.473166552 0.475015713 0.469196389 0.495925551 0.490343666 0.472523558 0.442408217 0.438529963 0.450487761 0.428704245 0.441151444 0.445646098 0.420305959 0.396878388 0.461321384 0.451600672 0.441288355 0.441669815 0.442014092 0.458398206 0.450812914 0.446604956 0.453884516 0.468815798 0.464069066 0.458244844 0.469490816 0.469922783 0.471831806 0.452757438 0.430916504 0.450867152 0.443345947 0.459923568 0.457732255 0.451851935 0.448951503 0.465497450 0.432980540 0.452388029 0.000000000 0.148247423 0.264226336 0.814846249 
42     0.471654617 0.476495535 0.477557112 0.483583039 0.474810006 0.459094277 0.458451079 0.458659393 0.460508554 0.454689230 0.481479340 0.475871710 0.458077347 0.427981348 0.424103093 0.436060891 0.414249637 0.426724575 0.431219228 0.405879089 0.382494009 0.447020725 0.437281874 0.426904106 0.427285565 0.427629843 0.444013957 0.436428664 0.432220707 0.439500266 0.454431549 0.449721924 0.443840361 0.455086333 0.455518300 0.457427322 0.438373059 0.416633857 0.436516084 0.428901009 0.445478629 0.443287317 0.437402862 0.434506564 0.451052512 0.418535602 0.437943091 0.148247423 0.000000000 0.249592037 0.800400038 
22     0.461398275 0.466670333 0.467731910 0.473757837 0.465035206 0.449759281 0.449116083 0.449324397 0.451173558 0.445354234 0.471667686 0.465805914 0.448265693 0.418124889 0.414246634 0.426181632 0.404643522 0.416854396 0.421362971 0.396022831 0.372496115 0.437019077 0.427280226 0.416897431 0.417278890 0.417623168 0.433887539 0.426421989 0.422214032 0.429493591 0.444424873 0.440145431 0.433833686 0.445079658 0.445511625 0.447420647 0.428271016 0.406900719 0.427046349 0.419344416 0.435779800 0.433591856 0.427979040 0.425048860 0.441384010 0.408867101 0.428214196 0.264226336 0.249592037 0.000000000 0.790644030 
0     0.803752610 0.809023092 0.810084669 0.816412702 0.807880854 0.791528836 0.790885638 0.791093952 0.792943114 0.787123789 0.813242877 0.808118209 0.789185790 0.802210514 0.798354113 0.810225260 0.789452921 0.801036704 0.805976817 0.780346775 0.753454428 0.818558351 0.808737492 0.798065862 0.798447322 0.798791599 0.814889929 0.807500021 0.803292064 0.810722411 0.825563105 0.821777282 0.814840461 0.826139168 0.826571135 0.828521200 0.809890509 0.788115598 0.808444211 0.800390629 0.817275646 0.814983221 0.809445425 0.806420638 0.822823322 0.790134218 0.809571210 0.814846249 0.800400038 0.790644030 0.000000000 
