51
28     0.000000000 0.181355364 0.171437230 0.500529614 0.501806399 0.542431458 0.547292452 0.540415584 0.515572646 0.448678928 0.473119165 0.470821242 0.465822494 0.445377374 0.427621373 0.446547608 0.499839798 0.453012103 0.441343974 0.422489424 0.569805833 0.662677698 0.515631382 0.541641462 0.524918704 0.460925306 0.482866481 0.527279033 0.449813308 0.586083015 0.454493772 0.438274908 0.454153449 0.462251736 0.414650347 0.471918138 0.474051213 0.497075151 0.496164977 0.412184202 0.451141298 0.448615899 0.428644134 0.432355108 0.427648981 0.754311556 0.640435733 0.665404274 0.487993375 0.498002015 0.769958256 
14     0.181355364 0.000000000 0.095302292 0.487752398 0.489029183 0.529607133 0.534468127 0.527591259 0.502833321 0.435717460 0.460118687 0.457820764 0.453382135 0.432923153 0.415181015 0.434267269 0.487721874 0.442410803 0.430770165 0.411887441 0.558879658 0.651831927 0.504815206 0.530814559 0.514100730 0.450019116 0.471960291 0.516260733 0.438834494 0.575826639 0.443804423 0.427585558 0.443464100 0.449924090 0.402307714 0.459628193 0.462166356 0.484838302 0.484120272 0.400154548 0.438758578 0.436604690 0.416632926 0.420325454 0.415619328 0.742792208 0.628618566 0.653714087 0.476233015 0.486086053 0.759164793 
11     0.171437230 0.095302292 0.000000000 0.477040910 0.478317695 0.518896467 0.523757461 0.516819137 0.492095007 0.425184068 0.449594340 0.447296417 0.442985173 0.422503309 0.404784053 0.423870664 0.477174173 0.431237743 0.419742898 0.400894260 0.547958786 0.640838746 0.493822025 0.519823313 0.503107549 0.438055747 0.459996921 0.505267553 0.427841313 0.564666796 0.432811242 0.416592378 0.432470919 0.438750065 0.391184383 0.448799732 0.450955072 0.473725634 0.473005980 0.388964767 0.427940309 0.425414910 0.405443145 0.409135673 0.404429547 0.732532465 0.618467939 0.643447937 0.465772579 0.475599819 0.748291793 
23     0.500529614 0.487752398 0.477040910 0.000000000 0.021671560 0.103843450 0.112282132 0.105487866 0.077041350 0.159391353 0.181636992 0.179252282 0.284403392 0.264576903 0.246483892 0.265077531 0.466277249 0.422559105 0.411266958 0.392524488 0.539444454 0.631758843 0.484226770 0.512525192 0.494064056 0.430412656 0.452367587 0.496247148 0.418811273 0.557417539 0.424314701 0.408114055 0.423784565 0.434361578 0.387061584 0.443760145 0.445893220 0.468671167 0.468690661 0.384567245 0.423933799 0.420401334 0.400202135 0.403583928 0.399658260 0.724664992 0.610291180 0.637518164 0.458842174 0.469384950 0.746498478 
33     0.501806399 0.489029183 0.478317695 0.021671560 0.000000000 0.105552488 0.113732854 0.106729056 0.078324200 0.160974656 0.183110896 0.180804901 0.285639293 0.265812804 0.247719792 0.266337578 0.467554033 0.423835890 0.412543743 0.393801273 0.540721239 0.633035628 0.485503555 0.513801977 0.495340841 0.431689441 0.453644372 0.497523933 0.420088058 0.558694324 0.425591486 0.409390840 0.425061350 0.435638362 0.388338368 0.445062384 0.447195459 0.469973406 0.469967446 0.385844029 0.425210584 0.421678119 0.401478919 0.404860713 0.400935045 0.725941776 0.611567965 0.638794949 0.460118958 0.470661734 0.747775263 
22     0.542431458 0.529607133 0.518896467 0.103843450 0.105552488 0.000000000 0.131619017 0.125308211 0.110835154 0.203342262 0.225826919 0.223520923 0.327189089 0.307332230 0.289239219 0.307909186 0.508981421 0.465264313 0.453972166 0.435228660 0.582148626 0.674463015 0.526527734 0.555229364 0.536768228 0.473116828 0.495071759 0.538951320 0.461515445 0.600121711 0.467018873 0.450818227 0.466488737 0.477046806 0.429589797 0.486107529 0.488240604 0.511018551 0.511052313 0.426852037 0.466222040 0.462678908 0.442460433 0.445909634 0.441929068 0.767350221 0.652980924 0.680203393 0.501527402 0.512070179 0.789191558 
17     0.547292452 0.534468127 0.523757461 0.112282132 0.113732854 0.131619017 0.000000000 0.103380708 0.115521985 0.209702997 0.231489196 0.229090080 0.332871480 0.313082047 0.294989036 0.313867751 0.514039846 0.469699196 0.458563158 0.439583649 0.586436560 0.678750948 0.531246356 0.559517297 0.541056161 0.477345028 0.499299959 0.543084876 0.465588726 0.604505148 0.471402310 0.455201664 0.470872174 0.482001574 0.434701580 0.491244552 0.493377627 0.516155574 0.516219616 0.432022109 0.471388961 0.467863091 0.447627028 0.451002146 0.447112294 0.772189874 0.657820578 0.684768983 0.506367056 0.516909832 0.794141412 
7     0.540415584 0.527591259 0.516819137 0.105487866 0.106729056 0.125308211 0.103380708 0.000000000 0.106802226 0.202429617 0.224213905 0.221838389 0.325642902 0.305807172 0.287714161 0.306435734 0.506755208 0.462710363 0.451536425 0.433057378 0.579866881 0.672181269 0.524429648 0.552782436 0.534295450 0.470922413 0.492877345 0.536756906 0.459321030 0.597950429 0.464847591 0.448646945 0.464317455 0.474871724 0.427532173 0.484327439 0.486460515 0.509238462 0.509280773 0.425108035 0.464474590 0.460948850 0.440742925 0.444088903 0.440199050 0.765328785 0.651074825 0.677907893 0.499505967 0.510048743 0.787162271 
31     0.515572646 0.502833321 0.492095007 0.077041350 0.078324200 0.110835154 0.115521985 0.106802226 0.000000000 0.174710272 0.197762103 0.195455948 0.299027019 0.279121332 0.261065352 0.279702598 0.480934705 0.437185019 0.425929574 0.407181944 0.554101910 0.646416299 0.498893653 0.527182648 0.508721512 0.445075272 0.467030203 0.510909764 0.433473888 0.572080154 0.438977316 0.422776670 0.438447180 0.449015116 0.401715123 0.458431836 0.460564911 0.483342858 0.483393521 0.399220783 0.438587338 0.435061598 0.414855673 0.418175450 0.414311799 0.739318530 0.624949234 0.652171703 0.473495712 0.484038489 0.761155935 
32     0.448678928 0.435717460 0.425184068 0.159391353 0.160974656 0.203342262 0.209702997 0.202429617 0.174710272 0.000000000 0.106084187 0.103697820 0.230812722 0.210791171 0.192717918 0.211953643 0.415581223 0.369874763 0.358610220 0.340698641 0.487556392 0.579721135 0.432369116 0.460699776 0.442238640 0.378323842 0.400311978 0.444157838 0.367064489 0.504947549 0.371581378 0.355380732 0.371095397 0.381408105 0.334207480 0.390999376 0.393132452 0.415910399 0.415981650 0.331525445 0.370908165 0.367471273 0.347539868 0.350917101 0.346625199 0.672147583 0.557636186 0.585059437 0.405905264 0.416715002 0.693405905 
19     0.473119165 0.460118687 0.449594340 0.181636992 0.183110896 0.225826919 0.231489196 0.224213905 0.197762103 0.106084187 0.000000000 0.023331668 0.255029941 0.235028001 0.216951364 0.235946822 0.439406682 0.394886354 0.383672033 0.365306508 0.512065797 0.604221078 0.456820096 0.485026003 0.466564867 0.403171867 0.424906021 0.469033812 0.391769392 0.530085483 0.396904211 0.380703565 0.396350062 0.406421391 0.359164476 0.415960961 0.418094036 0.440871983 0.441113002 0.356706050 0.396044527 0.392615062 0.372312863 0.375998410 0.371768988 0.697017449 0.582449949 0.609923435 0.430737103 0.441442663 0.718640035 
12     0.470821242 0.457820764 0.447296417 0.179252282 0.180804901 0.223520923 0.229090080 0.221838389 0.195455948 0.103697820 0.023331668 0.000000000 0.252732017 0.232730078 0.214653441 0.233634422 0.437108758 0.392588431 0.381374110 0.363008585 0.509767874 0.601923155 0.454522173 0.482797357 0.464336221 0.400873944 0.422608097 0.466735889 0.389471469 0.527787560 0.394553698 0.378353052 0.394052139 0.404123468 0.356866552 0.413663037 0.415796113 0.438574060 0.438815079 0.354408127 0.393746604 0.390317139 0.370014939 0.373700486 0.369471065 0.694719526 0.580152026 0.607625512 0.428439180 0.439144740 0.716342111 
18     0.465822494 0.453382135 0.442985173 0.284403392 0.285639293 0.327189089 0.332871480 0.325642902 0.299027019 0.230812722 0.255029941 0.252732017 0.000000000 0.092874216 0.078183828 0.179683795 0.432876100 0.387723812 0.375968514 0.357709345 0.504686117 0.596988484 0.450070826 0.478346582 0.459885446 0.395930467 0.417956478 0.461772397 0.384849569 0.522067124 0.389409412 0.373253458 0.389046638 0.399976269 0.352782480 0.410203399 0.412336474 0.435114421 0.435290057 0.350367309 0.389913408 0.386591540 0.366150848 0.370048319 0.365637277 0.688012556 0.574337643 0.601203965 0.424157248 0.435621865 0.712819161 
15     0.445377374 0.432923153 0.422503309 0.264576903 0.265812804 0.307332230 0.313082047 0.305807172 0.279121332 0.210791171 0.235028001 0.232730078 0.092874216 0.000000000 0.056525830 0.158894639 0.412552404 0.367515714 0.355760415 0.337575587 0.484392105 0.576420359 0.429768388 0.458052078 0.439583009 0.375884577 0.397910917 0.441726835 0.364804008 0.502505998 0.369267429 0.353066783 0.368843996 0.379961806 0.332768016 0.390151799 0.392284874 0.415062821 0.415275594 0.330430957 0.369959978 0.366629289 0.346208185 0.350086069 0.345675027 0.669753199 0.554990573 0.581804049 0.404011188 0.415475805 0.692568056 
4     0.427621373 0.415181015 0.404784053 0.246483892 0.247719792 0.289239219 0.294989036 0.287714161 0.261065352 0.192717918 0.216951364 0.214653441 0.078183828 0.056525830 0.000000000 0.140554316 0.394750583 0.349724935 0.337969636 0.319710454 0.466687718 0.558989592 0.412071934 0.440347691 0.421886555 0.357902649 0.379928660 0.423744578 0.346821751 0.484642011 0.351426286 0.335225640 0.351018820 0.361925621 0.314731832 0.372083033 0.374216109 0.396994056 0.397169691 0.312239345 0.351778751 0.348429295 0.328032806 0.331900638 0.327489596 0.651779838 0.537037427 0.563859283 0.386058043 0.397522660 0.674552626 
8     0.446547608 0.434267269 0.423870664 0.265077531 0.266337578 0.307909186 0.313867751 0.306435734 0.279702598 0.211953643 0.235946822 0.233634422 0.179683795 0.158894639 0.140554316 0.000000000 0.413835315 0.369026702 0.357387267 0.338848678 0.485863772 0.578048557 0.431199349 0.459475106 0.441013970 0.376855968 0.398900922 0.442843320 0.365826257 0.503743883 0.370456665 0.354256019 0.370049199 0.380111226 0.332794027 0.390330273 0.392463348 0.415319427 0.415275512 0.330775370 0.370263273 0.366932584 0.346477174 0.350398775 0.345987734 0.668974686 0.554589956 0.581409869 0.403830191 0.415294808 0.692012487 
25     0.499839798 0.487721874 0.477174173 0.466277249 0.467554033 0.508981421 0.514039846 0.506755208 0.480934705 0.415581223 0.439406682 0.437108758 0.432876100 0.412552404 0.394750583 0.413835315 0.000000000 0.347123973 0.334953667 0.319394693 0.466606388 0.558890218 0.412383576 0.439876546 0.421404518 0.357642161 0.379224457 0.423631814 0.345486557 0.484467076 0.350999389 0.334651082 0.350581929 0.431821867 0.384532346 0.440885084 0.443018160 0.465951157 0.466083519 0.382529680 0.421836445 0.418841211 0.398291783 0.402343035 0.397982060 0.726498751 0.613048555 0.638849931 0.458332424 0.469169593 0.743594152 
20     0.453012103 0.442410803 0.431237743 0.422559105 0.423835890 0.465264313 0.469699196 0.462710363 0.437185019 0.369874763 0.394886354 0.392588431 0.387723812 0.367515714 0.349724935 0.369026702 0.347123973 0.000000000 0.147258919 0.199433564 0.346501488 0.438166868 0.291732011 0.318587018 0.300075490 0.238459666 0.259975599 0.304383942 0.226868469 0.366237726 0.232219082 0.215734268 0.231417038 0.385876923 0.338208842 0.395277555 0.397410630 0.420302014 0.421029525 0.335505936 0.374208072 0.371370715 0.351406576 0.355058373 0.350729570 0.680883831 0.567538977 0.592685501 0.411759223 0.423216618 0.698652560 
1     0.441343974 0.430770165 0.419742898 0.411266958 0.412543743 0.453972166 0.458563158 0.451536425 0.425929574 0.358610220 0.383672033 0.381374110 0.375968514 0.355760415 0.337969636 0.357387267 0.334953667 0.147258919 0.000000000 0.187788670 0.334948930 0.426533405 0.279543891 0.306492769 0.287725978 0.226922457 0.248380185 0.292835481 0.215428874 0.355205287 0.220324356 0.203836334 0.219951715 0.374032191 0.326458561 0.383324425 0.385456752 0.408511832 0.409139178 0.323380807 0.362063214 0.359254997 0.339329947 0.342933244 0.338604440 0.668823004 0.553752197 0.578950542 0.400424415 0.411682784 0.687025597 
5     0.422489424 0.411887441 0.400894260 0.392524488 0.393801273 0.435228660 0.439583649 0.433057378 0.407181944 0.340698641 0.365306508 0.363008585 0.357709345 0.337575587 0.319710454 0.338848678 0.319394693 0.199433564 0.187788670 0.000000000 0.272303495 0.364628068 0.217893280 0.245125464 0.226820962 0.163918654 0.186273387 0.232335847 0.154559743 0.320758096 0.186813943 0.170280730 0.186846151 0.356367832 0.308875580 0.365644537 0.367777613 0.390963597 0.391585793 0.306005093 0.344655869 0.341789731 0.321300369 0.325493958 0.321200907 0.650132202 0.537493654 0.562225237 0.382340491 0.393604561 0.668174633 
13     0.569805833 0.558879658 0.547958786 0.539444454 0.540721239 0.582148626 0.586436560 0.579866881 0.554101910 0.487556392 0.512065797 0.509767874 0.504686117 0.484392105 0.466687718 0.485863772 0.466606388 0.346501488 0.334948930 0.272303495 0.000000000 0.437613371 0.292593291 0.319994145 0.300924406 0.307842309 0.330203562 0.376833496 0.298253686 0.468288233 0.332945703 0.316486807 0.332880334 0.504204512 0.456297889 0.514329010 0.516462085 0.539463169 0.540139344 0.454643840 0.493275276 0.490359445 0.469951814 0.474181123 0.469833849 0.798555325 0.684847814 0.709792251 0.530551169 0.541622990 0.815100229 
29     0.662677698 0.651831927 0.640838746 0.631758843 0.633035628 0.674463015 0.678750948 0.672181269 0.646416299 0.579721135 0.604221078 0.601923155 0.596988484 0.576420359 0.558989592 0.578048557 0.558890218 0.438166868 0.426533405 0.364628068 0.437613371 0.000000000 0.382734126 0.410801773 0.391587626 0.401889941 0.423503725 0.469168851 0.390802922 0.559593493 0.424961994 0.408503098 0.424880247 0.595984617 0.547959010 0.605985731 0.608118806 0.631119890 0.631530826 0.545995840 0.584750102 0.581525181 0.561310821 0.565539830 0.561192556 0.890796298 0.776995224 0.802569074 0.622046518 0.633031484 0.907665501 
6     0.515631382 0.504815206 0.493822025 0.484226770 0.485503555 0.526527734 0.531246356 0.524429648 0.498893653 0.432369116 0.456820096 0.454522173 0.450070826 0.429768388 0.412071934 0.431199349 0.412383576 0.291732011 0.279543891 0.217893280 0.292593291 0.382734126 0.000000000 0.134318563 0.113856836 0.255603152 0.277535352 0.323573774 0.245201769 0.413991204 0.279785361 0.263326465 0.279381795 0.449955711 0.401925975 0.459397615 0.461530691 0.484531774 0.485207949 0.399623833 0.438196580 0.435332124 0.414932918 0.419162227 0.414814953 0.743933954 0.630106151 0.654817161 0.475135165 0.485032298 0.761359997 
2     0.541641462 0.530814559 0.519823313 0.512525192 0.513801977 0.555229364 0.559517297 0.552782436 0.527182648 0.460699776 0.485026003 0.482797357 0.478346582 0.458052078 0.440347691 0.459475106 0.439876546 0.318587018 0.306492769 0.245125464 0.319994145 0.410801773 0.134318563 0.000000000 0.055193546 0.282353419 0.304278394 0.350371587 0.271998687 0.441249633 0.306942758 0.290356956 0.306570893 0.478051890 0.430099714 0.487666949 0.489800024 0.512801108 0.513546675 0.428177785 0.466796954 0.463952648 0.443485759 0.447715068 0.443367794 0.771568116 0.657389682 0.682275896 0.503861839 0.513790639 0.789175730 
3     0.524918704 0.514100730 0.503107549 0.494064056 0.495340841 0.536768228 0.541056161 0.534295450 0.508721512 0.442238640 0.466564867 0.464336221 0.459885446 0.439583009 0.421886555 0.441013970 0.421404518 0.300075490 0.287725978 0.226820962 0.300924406 0.391587626 0.113856836 0.055193546 0.000000000 0.263679890 0.285658927 0.331838818 0.253465918 0.422752213 0.288463801 0.272004905 0.288083793 0.459590754 0.411554167 0.469205813 0.471338888 0.494339972 0.495085539 0.409716649 0.448335818 0.445491512 0.425024623 0.429253932 0.424906658 0.753097254 0.638918820 0.663787207 0.485390977 0.495319777 0.770714594 
26     0.460925306 0.450019116 0.438055747 0.430412656 0.431689441 0.473116828 0.477345028 0.470922413 0.445075272 0.378323842 0.403171867 0.400873944 0.395930467 0.375884577 0.357902649 0.376855968 0.357642161 0.238459666 0.226922457 0.163918654 0.307842309 0.401889941 0.255603152 0.282353419 0.263679890 0.000000000 0.098184765 0.229103829 0.150275438 0.359354697 0.224957340 0.208108029 0.224409315 0.395369472 0.347382533 0.405006476 0.407139552 0.430246686 0.430778515 0.344808113 0.383431068 0.380570111 0.360106533 0.364242344 0.359998122 0.688339458 0.574908238 0.600511079 0.418390379 0.430587339 0.706070435 
9     0.482866481 0.471960291 0.459996921 0.452367587 0.453644372 0.495071759 0.499299959 0.492877345 0.467030203 0.400311978 0.424906021 0.422608097 0.417956478 0.397910917 0.379928660 0.398900922 0.379224457 0.259975599 0.248380185 0.186273387 0.330203562 0.423503725 0.277535352 0.304278394 0.285658927 0.098184765 0.000000000 0.250665080 0.171968022 0.380996418 0.246596055 0.229838456 0.246077881 0.417084990 0.368977332 0.426589853 0.428722929 0.451830063 0.452361893 0.366311921 0.404906406 0.402080856 0.381610341 0.385706803 0.381473461 0.710346673 0.596613553 0.622244238 0.441293586 0.452752770 0.727944548 
30     0.527279033 0.516260733 0.505267553 0.496247148 0.497523933 0.538951320 0.543084876 0.536756906 0.510909764 0.444157838 0.469033812 0.466735889 0.461772397 0.441726835 0.423744578 0.442843320 0.423631814 0.304383942 0.292835481 0.232335847 0.376833496 0.469168851 0.323573774 0.350371587 0.331838818 0.229103829 0.250665080 0.000000000 0.142987653 0.425156139 0.291312973 0.274675573 0.290739081 0.460250812 0.412419737 0.470387315 0.472520391 0.495539175 0.496071004 0.410286102 0.448834550 0.446001060 0.425301277 0.429464391 0.425429071 0.754954513 0.641260746 0.666863587 0.486915309 0.497951814 0.772533581 
27     0.449813308 0.438834494 0.427841313 0.418811273 0.420088058 0.461515445 0.465588726 0.459321030 0.433473888 0.367064489 0.391769392 0.389471469 0.384849569 0.364804008 0.346821751 0.365826257 0.345486557 0.226868469 0.215428874 0.154559743 0.298253686 0.390802922 0.245201769 0.271998687 0.253465918 0.150275438 0.171968022 0.142987653 0.000000000 0.347322711 0.213624958 0.196934566 0.212979792 0.382979870 0.335148795 0.393171030 0.395304105 0.418322890 0.418854719 0.333086979 0.371682467 0.368848977 0.348107698 0.352419146 0.348276988 0.677457548 0.563763781 0.589366622 0.409418344 0.420454849 0.695080544 
16     0.586083015 0.575826639 0.564666796 0.557417539 0.558694324 0.600121711 0.604505148 0.597950429 0.572080154 0.504947549 0.530085483 0.527787560 0.522067124 0.502505998 0.484642011 0.503743883 0.484467076 0.366237726 0.355205287 0.320758096 0.468288233 0.559593493 0.413991204 0.441249633 0.422752213 0.359354697 0.380996418 0.425156139 0.347322711 0.000000000 0.328837529 0.312321902 0.328853789 0.520932194 0.473119725 0.529593234 0.531849705 0.554805068 0.556107068 0.470702274 0.509263782 0.506515971 0.486477130 0.490226509 0.485925908 0.815153233 0.701929929 0.727559391 0.547571243 0.558328542 0.831204838 
10     0.454493772 0.443804423 0.432811242 0.424314701 0.425591486 0.467018873 0.471402310 0.464847591 0.438977316 0.371581378 0.396904211 0.394553698 0.389409412 0.369267429 0.351426286 0.370456665 0.350999389 0.232219082 0.220324356 0.186813943 0.332945703 0.424961994 0.279785361 0.306942758 0.288463801 0.224957340 0.246596055 0.291312973 0.213624958 0.328837529 0.000000000 0.070436160 0.152119323 0.386774735 0.339316965 0.396823007 0.398956083 0.421951323 0.422670035 0.337308715 0.376192901 0.373122411 0.352867879 0.356832950 0.352532348 0.681783495 0.567876305 0.594151397 0.413384534 0.424367536 0.699655829 
24     0.438274908 0.427585558 0.416592378 0.408114055 0.409390840 0.450818227 0.455201664 0.448646945 0.422776670 0.355380732 0.380703565 0.378353052 0.373253458 0.353066783 0.335225640 0.354256019 0.334651082 0.215734268 0.203836334 0.170280730 0.316486807 0.408503098 0.263326465 0.290356956 0.272004905 0.208108029 0.229838456 0.274675573 0.196934566 0.312321902 0.070436160 0.000000000 0.135792682 0.371064823 0.323460004 0.380789040 0.382922116 0.405917356 0.406636067 0.321274747 0.360158934 0.357088444 0.336968736 0.340798982 0.336498381 0.665979414 0.552295819 0.577925282 0.397574306 0.408714905 0.683501884 
21     0.454153449 0.443464100 0.432470919 0.423784565 0.425061350 0.466488737 0.470872174 0.464317455 0.438447180 0.371095397 0.396350062 0.394052139 0.389046638 0.368843996 0.351018820 0.370049199 0.350581929 0.231417038 0.219951715 0.186846151 0.332880334 0.424880247 0.279381795 0.306570893 0.288083793 0.224409315 0.246077881 0.290739081 0.212979792 0.328853789 0.152119323 0.135792682 0.000000000 0.386926400 0.339240763 0.396433249 0.398566324 0.421561564 0.422280276 0.336918956 0.375803143 0.372732652 0.352517739 0.356443191 0.352142589 0.681535297 0.567851702 0.593481165 0.412649123 0.423972246 0.696053070 
38     0.462251736 0.449924090 0.438750065 0.434361578 0.435638362 0.477046806 0.482001574 0.474871724 0.449015116 0.381408105 0.406421391 0.404123468 0.399976269 0.379961806 0.361925621 0.380111226 0.431821867 0.385876923 0.374032191 0.356367832 0.504204512 0.595984617 0.449955711 0.478051890 0.459590754 0.395369472 0.417084990 0.460250812 0.382979870 0.520932194 0.386774735 0.371064823 0.386926400 0.000000000 0.123982418 0.250714377 0.252769048 0.275160380 0.274886249 0.192604071 0.233610198 0.229169729 0.210381120 0.212754674 0.208164616 0.657561229 0.544185855 0.569652592 0.391409817 0.402117772 0.698749775 
39     0.414650347 0.402307714 0.391184383 0.387061584 0.388338368 0.429589797 0.434701580 0.427532173 0.401715123 0.334207480 0.359164476 0.356866552 0.352782480 0.332768016 0.314731832 0.332794027 0.384532346 0.338208842 0.326458561 0.308875580 0.456297889 0.547959010 0.401925975 0.430099714 0.411554167 0.347382533 0.368977332 0.412419737 0.335148795 0.473119725 0.339316965 0.323460004 0.339240763 0.123982418 0.000000000 0.204363104 0.206417775 0.228936075 0.228466573 0.146060798 0.186404443 0.182617345 0.163828736 0.166667270 0.161612231 0.610377757 0.496912690 0.522320555 0.344125910 0.354614930 0.651129084 
35     0.471918138 0.459628193 0.448799732 0.443760145 0.445062384 0.486107529 0.491244552 0.484327439 0.458431836 0.390999376 0.415960961 0.413663037 0.410203399 0.390151799 0.372083033 0.390330273 0.440885084 0.395277555 0.383324425 0.365644537 0.514329010 0.605985731 0.459397615 0.487666949 0.469205813 0.405006476 0.426589853 0.470387315 0.393171030 0.529593234 0.396823007 0.380789040 0.396433249 0.250714377 0.204363104 0.000000000 0.041295941 0.081355394 0.130379040 0.125331757 0.166197231 0.161702650 0.143279741 0.146173260 0.140440328 0.668952809 0.555636325 0.580851454 0.402959979 0.413262431 0.706850168 
37     0.474051213 0.462166356 0.450955072 0.445893220 0.447195459 0.488240604 0.493377627 0.486460515 0.460564911 0.393132452 0.418094036 0.415796113 0.412336474 0.392284874 0.374216109 0.392463348 0.443018160 0.397410630 0.385456752 0.367777613 0.516462085 0.608118806 0.461530691 0.489800024 0.471338888 0.407139552 0.428722929 0.472520391 0.395304105 0.531849705 0.398956083 0.382922116 0.398566324 0.252769048 0.206417775 0.041295941 0.000000000 0.083124047 0.132450997 0.127381096 0.168246570 0.163751989 0.145303756 0.148222600 0.142489667 0.671394634 0.558091315 0.583402473 0.405204825 0.415507277 0.708072275 
50     0.497075151 0.484838302 0.473725634 0.468671167 0.469973406 0.511018551 0.516155574 0.509238462 0.483342858 0.415910399 0.440871983 0.438574060 0.435114421 0.415062821 0.396994056 0.415319427 0.465951157 0.420302014 0.408511832 0.390963597 0.539463169 0.631119890 0.484531774 0.512801108 0.494339972 0.430246686 0.451830063 0.495539175 0.418322890 0.554805068 0.421951323 0.405917356 0.421561564 0.275160380 0.228936075 0.081355394 0.083124047 0.000000000 0.155576731 0.149711290 0.190571011 0.186135920 0.167541858 0.170594340 0.164895155 0.694076507 0.580773188 0.606084346 0.427896872 0.438199324 0.731767478 
41     0.496164977 0.484120272 0.473005980 0.468690661 0.469967446 0.511052313 0.516219616 0.509280773 0.483393521 0.415981650 0.441113002 0.438815079 0.435290057 0.415275594 0.397169691 0.415275512 0.466083519 0.421029525 0.409139178 0.391585793 0.540139344 0.631530826 0.485207949 0.513546675 0.495085539 0.430778515 0.452361893 0.496071004 0.418854719 0.556107068 0.422670035 0.406636067 0.422280276 0.274886249 0.228466573 0.130379040 0.132450997 0.155576731 0.000000000 0.148513267 0.189884084 0.184967902 0.166700773 0.169414545 0.163706394 0.693895248 0.580591929 0.605903087 0.427694996 0.437880976 0.731610304 
43     0.412184202 0.400154548 0.388964767 0.384567245 0.385844029 0.426852037 0.432022109 0.425108035 0.399220783 0.331525445 0.356706050 0.354408127 0.350367309 0.330430957 0.312239345 0.330775370 0.382529680 0.335505936 0.323380807 0.306005093 0.454643840 0.545995840 0.399623833 0.428177785 0.409716649 0.344808113 0.366311921 0.410286102 0.333086979 0.470702274 0.337308715 0.321274747 0.336918956 0.192604071 0.146060798 0.125331757 0.127381096 0.149711290 0.148513267 0.000000000 0.061003620 0.055675035 0.037414458 0.039148455 0.033713194 0.608894516 0.495798334 0.521069432 0.343515326 0.353762392 0.647750190 
46     0.451141298 0.438758578 0.427940309 0.423933799 0.425210584 0.466222040 0.471388961 0.464474590 0.438587338 0.370908165 0.396044527 0.393746604 0.389913408 0.369959978 0.351778751 0.370263273 0.421836445 0.374208072 0.362063214 0.344655869 0.493275276 0.584750102 0.438196580 0.466796954 0.448335818 0.383431068 0.404906406 0.448834550 0.371682467 0.509263782 0.376192901 0.360158934 0.375803143 0.233610198 0.186404443 0.166197231 0.168246570 0.190571011 0.189884084 0.061003620 0.000000000 0.089283208 0.071621691 0.073557917 0.067433781 0.648051770 0.535480085 0.560666916 0.383276902 0.393523968 0.687217136 
47     0.448615899 0.436604690 0.425414910 0.420401334 0.421678119 0.462678908 0.467863091 0.460948850 0.435061598 0.367471273 0.392615062 0.390317139 0.386591540 0.366629289 0.348429295 0.366932584 0.418841211 0.371370715 0.359254997 0.341789731 0.490359445 0.581525181 0.435332124 0.463952648 0.445491512 0.380570111 0.402080856 0.446001060 0.368848977 0.506515971 0.373122411 0.357088444 0.372732652 0.229169729 0.182617345 0.161702650 0.163751989 0.186135920 0.184967902 0.055675035 0.089283208 0.000000000 0.061055572 0.063471349 0.058396426 0.645357620 0.532281216 0.557520827 0.380000170 0.390256041 0.684086818 
34     0.428644134 0.416632926 0.405443145 0.400202135 0.401478919 0.442460433 0.447627028 0.440742925 0.414855673 0.347539868 0.372312863 0.370014939 0.366150848 0.346208185 0.328032806 0.346477174 0.398291783 0.351406576 0.339329947 0.321300369 0.469951814 0.561310821 0.414932918 0.443485759 0.425024623 0.360106533 0.381610341 0.425301277 0.348107698 0.486477130 0.352867879 0.336968736 0.352517739 0.210381120 0.163828736 0.143279741 0.145303756 0.167541858 0.166700773 0.037414458 0.071621691 0.061055572 0.000000000 0.045859944 0.041026197 0.622191803 0.511288746 0.536329073 0.360014268 0.370270140 0.664331484 
40     0.432355108 0.420325454 0.409135673 0.403583928 0.404860713 0.445909634 0.451002146 0.444088903 0.418175450 0.350917101 0.375998410 0.373700486 0.370048319 0.350086069 0.331900638 0.350398775 0.402343035 0.355058373 0.342933244 0.325493958 0.474181123 0.565539830 0.419162227 0.447715068 0.429253932 0.364242344 0.385706803 0.429464391 0.352419146 0.490226509 0.356832950 0.340798982 0.356443191 0.212754674 0.166667270 0.146173260 0.148222600 0.170594340 0.169414545 0.039148455 0.073557917 0.063471349 0.045859944 0.000000000 0.027288426 0.629369490 0.516284950 0.541556048 0.364012709 0.374259775 0.667861967 
36     0.427648981 0.415619328 0.404429547 0.399658260 0.400935045 0.441929068 0.447112294 0.440199050 0.414311799 0.346625199 0.371768988 0.369471065 0.365637277 0.345675027 0.327489596 0.345987734 0.397982060 0.350729570 0.338604440 0.321200907 0.469833849 0.561192556 0.414814953 0.443367794 0.424906658 0.359998122 0.381473461 0.425429071 0.348276988 0.485925908 0.352532348 0.336498381 0.352142589 0.208164616 0.161612231 0.140440328 0.142489667 0.164895155 0.163706394 0.033713194 0.067433781 0.058396426 0.041026197 0.027288426 0.000000000 0.624282159 0.511197510 0.536468607 0.358758600 0.369082794 0.663099372 
45     0.754311556 0.742792208 0.732532465 0.724664992 0.725941776 0.767350221 0.772189874 0.765328785 0.739318530 0.672147583 0.697017449 0.694719526 0.688012556 0.669753199 0.651779838 0.668974686 0.726498751 0.680883831 0.668823004 0.650132202 0.798555325 0.890796298 0.743933954 0.771568116 0.753097254 0.688339458 0.710346673 0.754954513 0.677457548 0.815153233 0.681783495 0.665979414 0.681535297 0.657561229 0.610377757 0.668952809 0.671394634 0.694076507 0.693895248 0.608894516 0.648051770 0.645357620 0.622191803 0.629369490 0.624282159 0.000000000 0.408865679 0.439807400 0.594094447 0.603903795 0.989819832 
48     0.640435733 0.628618566 0.618467939 0.610291180 0.611567965 0.652980924 0.657820578 0.651074825 0.624949234 0.557636186 0.582449949 0.580152026 0.574337643 0.554990573 0.537037427 0.554589956 0.613048555 0.567538977 0.553752197 0.537493654 0.684847814 0.776995224 0.630106151 0.657389682 0.638918820 0.574908238 0.596613553 0.641260746 0.563763781 0.701929929 0.567876305 0.552295819 0.567851702 0.544185855 0.496912690 0.555636325 0.558091315 0.580773188 0.580591929 0.495798334 0.535480085 0.532281216 0.511288746 0.516284950 0.511197510 0.408865679 0.000000000 0.157907786 0.479900570 0.489837723 0.875650181 
44     0.665404274 0.653714087 0.643447937 0.637518164 0.638794949 0.680203393 0.684768983 0.677907893 0.652171703 0.585059437 0.609923435 0.607625512 0.601203965 0.581804049 0.563859283 0.581409869 0.638849931 0.592685501 0.578950542 0.562225237 0.709792251 0.802569074 0.654817161 0.682275896 0.663787207 0.600511079 0.622244238 0.666863587 0.589366622 0.727559391 0.594151397 0.577925282 0.593481165 0.569652592 0.522320555 0.580851454 0.583402473 0.606084346 0.605903087 0.521069432 0.560666916 0.557520827 0.536329073 0.541556048 0.536468607 0.439807400 0.157907786 0.000000000 0.505976633 0.515657333 0.901709783 
49     0.487993375 0.476233015 0.465772579 0.458842174 0.460118958 0.501527402 0.506367056 0.499505967 0.473495712 0.405905264 0.430737103 0.428439180 0.424157248 0.404011188 0.386058043 0.403830191 0.458332424 0.411759223 0.400424415 0.382340491 0.530551169 0.622046518 0.475135165 0.503861839 0.485390977 0.418390379 0.441293586 0.486915309 0.409418344 0.547571243 0.413384534 0.397574306 0.412649123 0.391409817 0.344125910 0.402959979 0.405204825 0.427896872 0.427694996 0.343515326 0.383276902 0.380000170 0.360014268 0.364012709 0.358758600 0.594094447 0.479900570 0.505976633 0.000000000 0.107709140 0.724064132 
42     0.498002015 0.486086053 0.475599819 0.469384950 0.470661734 0.512070179 0.516909832 0.510048743 0.484038489 0.416715002 0.441442663 0.439144740 0.435621865 0.415475805 0.397522660 0.415294808 0.469169593 0.423216618 0.411682784 0.393604561 0.541622990 0.633031484 0.485032298 0.513790639 0.495319777 0.430587339 0.452752770 0.497951814 0.420454849 0.558328542 0.424367536 0.408714905 0.423972246 0.402117772 0.354614930 0.413262431 0.415507277 0.438199324 0.437880976 0.353762392 0.393523968 0.390256041 0.370270140 0.374259775 0.369082794 0.603903795 0.489837723 0.515657333 0.107709140 0.000000000 0.733244604 
0     0.769958256 0.759164793 0.748291793 0.746498478 0.747775263 0.789191558 0.794141412 0.787162271 0.761155935 0.693405905 0.718640035 0.716342111 0.712819161 0.692568056 0.674552626 0.692012487 0.743594152 0.698652560 0.687025597 0.668174633 0.815100229 0.907665501 0.761359997 0.789175730 0.770714594 0.706070435 0.727944548 0.772533581 0.695080544 0.831204838 0.699655829 0.683501884 0.696053070 0.698749775 0.651129084 0.706850168 0.708072275 0.731767478 0.731610304 0.647750190 0.687217136 0.684086818 0.664331484 0.667861967 0.663099372 0.989819832 0.875650181 0.901709783 0.724064132 0.733244604 0.000000000 
