51
28     0.000000000 0.002361060 0.002364490 0.061863820 0.061806000 0.073093350 0.088009630 0.072197330 0.063806970 0.050900760 0.089499150 0.084347260 0.046612750 0.051714990 0.040155080 0.041978330 0.018114280 0.025643130 0.044359210 0.041753080 0.077900530 0.022878770 0.038747230 0.029219520 0.040490710 0.063374760 0.052178960 0.050048160 0.053788540 0.049213330 0.045234560 0.044773860 0.036441300 0.028037460 0.041505150 0.074291210 0.069399610 0.080451110 0.044331610 0.044166480 0.056409990 0.056072810 0.051022420 0.058315380 0.057178810 0.068307480 0.077248270 0.064077140 0.001033880 0.088673760 0.087880720 
14     0.002361060 0.000000000 0.003361990 0.022414090 0.022373020 0.081635160 0.020767320 0.061014110 0.022495990 0.025377560 0.041155520 0.008954230 0.028808940 0.047610110 0.029158340 0.048271040 0.018641660 0.045648490 0.030740910 0.047856240 0.047978020 0.045116800 0.044850390 0.033995630 0.046593870 0.035455280 0.058282120 0.056151320 0.066637710 0.025219890 0.051337720 0.048476000 0.024592600 0.034140620 0.038654020 0.049508240 0.062064800 0.045223990 0.050581550 0.028761600 0.034673870 0.055289870 0.038881990 0.035258990 0.035244210 0.073012890 0.073418020 0.036307690 0.069076420 0.071025290 0.101877180 
11     0.002364490 0.003361990 0.000000000 0.035654410 0.035613340 0.076975160 0.034007640 0.020733980 0.033442340 0.038490260 0.054395840 0.022194550 0.042049260 0.020042610 0.042398660 0.038574700 0.031506790 0.043135370 0.045154080 0.025148450 0.060001270 0.072946600 0.046888250 0.016730250 0.059020840 0.041210480 0.070709090 0.068578290 0.056473110 0.028280630 0.054129600 0.047814390 0.037982000 0.029394250 0.038917510 0.053334280 0.051825700 0.051790220 0.054955030 0.023761760 0.031823610 0.032872070 0.024742900 0.033014800 0.027945860 0.069102350 0.078043140 0.008639580 0.081868940 0.032789130 0.110596330 
23     0.061863820 0.022414090 0.035654410 0.000000000 0.000053310 0.001194310 0.004549110 0.006544120 0.000430140 0.012666080 0.016121140 0.016157800 0.006579210 0.028448700 0.017352990 0.021547800 0.042451920 0.030328790 0.056109420 0.056320580 0.052575330 0.087315060 0.024662280 0.063090350 0.062735400 0.048242720 0.067421660 0.072054920 0.058134700 0.037845850 0.065538530 0.065655930 0.055041290 0.066368540 0.050419020 0.023995350 0.021201540 0.016259530 0.038255410 0.066145250 0.073436820 0.012288410 0.070486600 0.062545320 0.061737290 0.077834340 0.035068510 0.083973270 0.044212160 0.043375510 0.075988840 
33     0.061806000 0.022373020 0.035613340 0.000053310 0.000000000 0.001328470 0.004683270 0.005011060 0.000389070 0.012882770 0.014476820 0.010391490 0.007392290 0.028582860 0.017785390 0.021566000 0.042665320 0.030462950 0.056243580 0.056717330 0.052972080 0.090657050 0.026164770 0.063224510 0.062869560 0.048639470 0.067047020 0.071057150 0.058531450 0.037980010 0.065480710 0.065742770 0.055175450 0.066310720 0.050815770 0.052102880 0.049309070 0.044367060 0.040616840 0.063210490 0.073570980 0.012113810 0.070620760 0.059610560 0.058802530 0.078593480 0.034844810 0.081038510 0.044346320 0.043509670 0.077223970 
22     0.073093350 0.081635160 0.076975160 0.001194310 0.001328470 0.000000000 0.000706970 0.003215920 0.000636420 0.010189180 0.013272290 0.013308950 0.028561280 0.029094110 0.030413110 0.026805270 0.055731680 0.030974200 0.056754830 0.062353430 0.095608800 0.104262660 0.037465380 0.063735760 0.063380810 0.053827630 0.074138010 0.102871780 0.063022050 0.038491260 0.075797420 0.077030120 0.055686700 0.077598070 0.075935920 0.056181890 0.053388080 0.048446070 0.075698620 0.037722750 0.069096000 0.024531280 0.030023240 0.053671640 0.047546130 0.073212540 0.084083490 0.081561360 0.044857570 0.044020920 0.096400350 
17     0.088009630 0.020767320 0.034007640 0.004549110 0.004683270 0.000706970 0.000000000 0.000000060 0.005671510 0.014530660 0.016914210 0.017701940 0.038207260 0.023965490 0.025284490 0.036451250 0.049718950 0.025845580 0.051626210 0.057224810 0.070534740 0.110780320 0.041972930 0.058607140 0.058252190 0.048699010 0.069009390 0.072360370 0.021225240 0.033362640 0.070668800 0.074702810 0.050558080 0.075194260 0.068378430 0.052351040 0.079012770 0.052977710 0.076001170 0.031746660 0.047257140 0.044303790 0.020876710 0.051903530 0.047114680 0.073732750 0.084603700 0.082081570 0.039728950 0.038892300 0.083848570 
7     0.072197330 0.061014110 0.020733980 0.006544120 0.005011060 0.003215920 0.000000060 0.000000000 0.002540660 0.011467710 0.010393980 0.010344630 0.037268600 0.034443920 0.035762920 0.035512590 0.009111030 0.036324010 0.062104640 0.067703240 0.066660450 0.094405940 0.016161210 0.069085570 0.068730620 0.059177440 0.079487820 0.084437300 0.068371860 0.043841070 0.075872040 0.074725950 0.061036510 0.076702050 0.009268070 0.062829470 0.089491200 0.063456140 0.089753010 0.075409090 0.079432040 0.036416790 0.076481820 0.066964800 0.074423310 0.081835050 0.092706000 0.090183870 0.050207380 0.049370730 0.051811180 
31     0.063806970 0.022495990 0.033442340 0.000430140 0.000389070 0.000636420 0.005671510 0.002540660 0.000000000 0.016259330 0.015838870 0.015875530 0.031127860 0.008271230 0.030412730 0.029371850 0.045233010 0.068210390 0.076001320 0.069922340 0.081110920 0.094976280 0.061096040 0.100388410 0.095061000 0.051899210 0.076918610 0.085835800 0.078638070 0.075727450 0.067481680 0.067743740 0.074558550 0.068311690 0.058938630 0.046391650 0.043597840 0.038655830 0.077729840 0.077085170 0.082836390 0.036959150 0.084810080 0.013219470 0.072677210 0.094105680 0.054449570 0.094913190 0.059488830 0.081257110 0.077104530 
32     0.050900760 0.025377560 0.038490260 0.012666080 0.012882770 0.010189180 0.014530660 0.011467710 0.016259330 0.000000000 0.001106220 0.000089960 0.011396750 0.009331440 0.010650440 0.016751790 0.023093750 0.011211530 0.001459480 0.039912940 0.054919690 0.065662500 0.010214680 0.020195660 0.013933980 0.034064960 0.054375340 0.043939150 0.043259380 0.018728590 0.041073720 0.036441530 0.035924030 0.055405480 0.047181350 0.007845990 0.007543790 0.015536540 0.019456650 0.001511950 0.027347240 0.017914530 0.020217850 0.013976910 0.013819740 0.053164090 0.071357430 0.039319600 0.007075700 0.024258250 0.075595960 
19     0.089499150 0.041155520 0.054395840 0.016121140 0.014476820 0.013272290 0.016914210 0.010393980 0.015838870 0.001106220 0.000000000 0.000000170 0.004171950 0.009706060 0.004064880 0.004844040 0.036343630 0.011586150 0.037366780 0.042965380 0.056322400 0.084961840 0.015497260 0.020625480 0.020088130 0.033582190 0.054749960 0.084254360 0.043634000 0.019103210 0.049811050 0.048904410 0.035706460 0.065475380 0.054166090 0.038091610 0.038983240 0.038718280 0.075009060 0.055573800 0.054694180 0.051686990 0.048613620 0.049751620 0.049685450 0.054625590 0.076483920 0.041821210 0.025469520 0.005471260 0.046986130 
12     0.084347260 0.008954230 0.022194550 0.016157800 0.010391490 0.013308950 0.017701940 0.010344630 0.015875530 0.000089960 0.000000170 0.000000000 0.004171960 0.016864760 0.004064890 0.004844050 0.042036290 0.031187620 0.048249380 0.051697270 0.059288290 0.066730000 0.014812040 0.019940260 0.019402910 0.029109870 0.059350440 0.098413430 0.063235470 0.038704680 0.044812120 0.033725650 0.032329370 0.063381170 0.057131980 0.036893680 0.036591480 0.044584230 0.064188080 0.068368090 0.052199490 0.061059410 0.040392110 0.050947590 0.047401520 0.055429480 0.075692390 0.042678720 0.029688060 0.005810400 0.045782800 
18     0.046612750 0.028808940 0.042049260 0.006579210 0.007392290 0.028561280 0.038207260 0.037268600 0.031127860 0.011396750 0.004171950 0.004171960 0.000000000 0.000232520 0.000107070 0.000905610 0.013664120 0.029305640 0.037128870 0.039991550 0.069866290 0.077782060 0.066467380 0.078536560 0.082746640 0.013610000 0.057409900 0.034509520 0.050069130 0.031852750 0.048674400 0.047767760 0.054885820 0.051117470 0.045266260 0.076845490 0.082689030 0.077472160 0.073223970 0.019693270 0.061241610 0.008484900 0.033483800 0.022158960 0.021350930 0.053488940 0.009442080 0.037303420 0.008162550 0.050620940 0.071307950 
15     0.051714990 0.047610110 0.020042610 0.028448700 0.028582860 0.029094110 0.023965490 0.034443920 0.008271230 0.009331440 0.009706060 0.016864760 0.000232520 0.000000000 0.001398840 0.011949470 0.013479000 0.016625710 0.035834790 0.030168120 0.044474260 0.071339620 0.032753060 0.049387270 0.049032320 0.025971040 0.037821290 0.034324400 0.048673560 0.024142770 0.029085790 0.028179150 0.035297210 0.056219710 0.042317950 0.043131170 0.058623710 0.043757840 0.058524310 0.025573770 0.051945150 0.008299780 0.033298680 0.021973840 0.021165810 0.025679520 0.061742680 0.043401790 0.007977430 0.029672430 0.076410190 
4     0.040155080 0.029158340 0.042398660 0.017352990 0.017785390 0.030413110 0.025284490 0.035762920 0.030412730 0.010650440 0.004064880 0.004064890 0.000107070 0.001398840 0.000000000 0.000798540 0.017207750 0.017944710 0.040672500 0.024034100 0.056261370 0.071324390 0.034072060 0.050706270 0.050351320 0.013959400 0.041437780 0.038053150 0.049992560 0.025461770 0.032702280 0.031795640 0.038913700 0.044659800 0.042933260 0.044450170 0.064590130 0.045076840 0.064490730 0.015312100 0.043048330 0.012028530 0.035138820 0.025702590 0.024894560 0.022156700 0.065471430 0.047130540 0.011706180 0.030991430 0.064850280 
8     0.041978330 0.048271040 0.038574700 0.021547800 0.021566000 0.026805270 0.036451250 0.035512590 0.029371850 0.016751790 0.004844040 0.004844050 0.000905610 0.011949470 0.000798540 0.000000000 0.042037230 0.052439170 0.023245330 0.048093700 0.073794840 0.073147640 0.066100320 0.076840400 0.074062070 0.017737250 0.067508700 0.066484860 0.060554540 0.059372480 0.045653040 0.045915100 0.035949170 0.046483050 0.012495240 0.068663260 0.067042750 0.079853990 0.045592450 0.054940850 0.058779820 0.040460240 0.008920730 0.054134300 0.053326270 0.063587740 0.061466870 0.019372340 0.040137890 0.066123320 0.066673530 
25     0.018114280 0.018641660 0.031506790 0.042451920 0.042665320 0.055731680 0.049718950 0.009111030 0.045233010 0.023093750 0.036343630 0.042036290 0.013664120 0.013479000 0.017207750 0.042037230 0.000000000 0.002938510 0.023465010 0.002163700 0.004346670 0.043685030 0.015239470 0.028921620 0.012919020 0.012021380 0.013750150 0.020845660 0.034437230 0.002225600 0.010905900 0.010909000 0.002064510 0.015727980 0.008057190 0.002307930 0.002306650 0.009901120 0.002237840 0.014358420 0.022046400 0.019930840 0.024903770 0.016092340 0.016205390 0.031512310 0.055417680 0.055032850 0.019608490 0.012246800 0.031930470 
20     0.025643130 0.045648490 0.043135370 0.030328790 0.030462950 0.030974200 0.025845580 0.036324010 0.068210390 0.011211530 0.011586150 0.031187620 0.029305640 0.016625710 0.017944710 0.052439170 0.002938510 0.000000000 0.006599120 0.002558910 0.004741880 0.024215750 0.016992770 0.031860030 0.015857430 0.011214780 0.014145360 0.010070680 0.012882790 0.008382480 0.011420370 0.011423470 0.002578980 0.014690090 0.014701070 0.003687240 0.003685960 0.045536510 0.003617150 0.019677010 0.023425710 0.025002840 0.024445220 0.024496790 0.045790940 0.030474420 0.085203230 0.070674370 0.011556390 0.016407760 0.074283080 
1     0.044359210 0.030740910 0.045154080 0.056109420 0.056243580 0.056754830 0.051626210 0.062104640 0.076001320 0.001459480 0.037366780 0.048249380 0.037128870 0.035834790 0.040672500 0.023245330 0.023465010 0.006599120 0.000000000 0.014184410 0.022353890 0.031236410 0.041597170 0.052818760 0.002308220 0.022292030 0.031405590 0.017893910 0.024178090 0.011339500 0.024637120 0.020277640 0.010712210 0.037899290 0.029441950 0.015702330 0.021913910 0.047245600 0.038403250 0.019549530 0.048690990 0.043395590 0.029669920 0.026046920 0.026032140 0.060645570 0.063443890 0.032498210 0.031048980 0.035900350 0.075847850 
5     0.041753080 0.047856240 0.025148450 0.056320580 0.056717330 0.062353430 0.057224810 0.067703240 0.069922340 0.039912940 0.042965380 0.051697270 0.039991550 0.030168120 0.024034100 0.048093700 0.002163700 0.002558910 0.014184410 0.000000000 0.002197690 0.014813330 0.034561470 0.032069130 0.031136030 0.005799820 0.010681850 0.007654270 0.000669320 0.007201770 0.008944760 0.008947860 0.000103370 0.030779060 0.030158160 0.001211630 0.001210350 0.019116290 0.001141540 0.011210140 0.012933920 0.022527230 0.023807470 0.022021180 0.042923370 0.054900330 0.085152700 0.081360280 0.045935920 0.016863720 0.069768870 
13     0.077900530 0.047978020 0.060001270 0.052575330 0.052972080 0.095608800 0.070534740 0.066660450 0.081110920 0.054919690 0.056322400 0.059288290 0.069866290 0.044474260 0.056261370 0.073794840 0.004346670 0.004741880 0.022353890 0.002197690 0.000000000 0.010751200 0.009655140 0.015996300 0.003145820 0.011964710 0.013693480 0.039254780 0.027531230 0.020520650 0.011127730 0.011130830 0.002286340 0.032962030 0.028883220 0.003394600 0.003393320 0.030727150 0.003324510 0.028495580 0.023133070 0.024710200 0.025990440 0.024204150 0.037031420 0.065179680 0.081407450 0.093287460 0.051325390 0.033072830 0.078550070 
29     0.022878770 0.045116800 0.072946600 0.087315060 0.090657050 0.104262660 0.110780320 0.094405940 0.094976280 0.065662500 0.084961840 0.066730000 0.077782060 0.071339620 0.071324390 0.073147640 0.043685030 0.024215750 0.031236410 0.014813330 0.010751200 0.000000000 0.016320860 0.013936620 0.013003520 0.035854820 0.035858270 0.058441430 0.037923900 0.024562630 0.039959720 0.040221780 0.023935340 0.056874250 0.043817840 0.042732960 0.042731680 0.061621490 0.042662870 0.006647940 0.040198710 0.042998150 0.022517080 0.020153860 0.017328820 0.096071830 0.097682000 0.104676780 0.060228580 0.054588280 0.094822810 
6     0.038747230 0.044850390 0.046888250 0.024662280 0.026164770 0.037465380 0.041972930 0.016161210 0.061096040 0.010214680 0.015497260 0.014812040 0.066467380 0.032753060 0.034072060 0.066100320 0.015239470 0.016992770 0.041597170 0.034561470 0.009655140 0.016320860 0.000000000 0.003686930 0.001740420 0.007585770 0.000292930 0.036802020 0.032660480 0.014802830 0.038042950 0.037582250 0.029249690 0.035432510 0.023165400 0.056330430 0.056329150 0.025009330 0.056260340 0.010448470 0.021449790 0.028837240 0.029242780 0.031200550 0.031313600 0.059461860 0.088956110 0.014773810 0.009835800 0.002153670 0.072832250 
2     0.029219520 0.033995630 0.016730250 0.063090350 0.063224510 0.063735760 0.058607140 0.069085570 0.100388410 0.020195660 0.020625480 0.019940260 0.078536560 0.049387270 0.050706270 0.076840400 0.028921620 0.031860030 0.052818760 0.032069130 0.015996300 0.013936620 0.003686930 0.000000000 0.000396130 0.030066310 0.019900630 0.041066760 0.030489650 0.038191480 0.036717650 0.002758790 0.022574650 0.034709550 0.023146420 0.033280740 0.033279460 0.078298070 0.033210650 0.039696470 0.046519810 0.045509330 0.044464680 0.049112590 0.068037440 0.050493880 0.095964180 0.037806130 0.064999010 0.010710320 0.099951670 
3     0.040490710 0.046593870 0.059020840 0.062735400 0.062869560 0.063380810 0.058252190 0.068730620 0.095061000 0.013933980 0.020088130 0.019402910 0.082746640 0.049032320 0.050351320 0.074062070 0.012919020 0.015857430 0.002308220 0.031136030 0.003145820 0.013003520 0.001740420 0.000396130 0.000000000 0.010486460 0.027996220 0.019013010 0.019601300 0.037836530 0.039786430 0.039325730 0.030670240 0.037175990 0.002148000 0.032347640 0.032346360 0.076640990 0.032277550 0.047792060 0.052086110 0.053604920 0.052560270 0.053157190 0.076133030 0.058589470 0.092499290 0.017506460 0.059682500 0.004722820 0.083949070 
26     0.063374760 0.035455280 0.041210480 0.048242720 0.048639470 0.053827630 0.048699010 0.059177440 0.051899210 0.034064960 0.033582190 0.029109870 0.013610000 0.025971040 0.013959400 0.017737250 0.012021380 0.011214780 0.022292030 0.005799820 0.011964710 0.035854820 0.007585770 0.030066310 0.010486460 0.000000000 0.000853040 0.010804450 0.008507170 0.018627710 0.011966330 0.007623100 0.008481720 0.017722210 0.037686520 0.011069310 0.011068030 0.068389940 0.010999220 0.032876250 0.030807780 0.032384910 0.033665150 0.031878860 0.064025510 0.050703250 0.077074840 0.089296540 0.050304150 0.026937000 0.070522190 
9     0.052178960 0.058282120 0.070709090 0.067421660 0.067047020 0.074138010 0.069009390 0.079487820 0.076918610 0.054375340 0.054749960 0.059350440 0.057409900 0.037821290 0.041437780 0.067508700 0.013750150 0.014145360 0.031405590 0.010681850 0.013693480 0.035858270 0.000292930 0.019900630 0.027996220 0.000853040 0.000000000 0.004022540 0.011442810 0.012580530 0.020531210 0.020534310 0.011689820 0.029757580 0.029768560 0.012798080 0.012796800 0.064933390 0.012727990 0.034744500 0.032536550 0.034113680 0.035393920 0.033607630 0.063085470 0.045541910 0.031730600 0.061191860 0.031223940 0.018548490 0.094694320 
30     0.050048160 0.056151320 0.068578290 0.072054920 0.071057150 0.102871780 0.072360370 0.084437300 0.085835800 0.043939150 0.084254360 0.098413430 0.034509520 0.034324400 0.038053150 0.066484860 0.020845660 0.010070680 0.017893910 0.007654270 0.039254780 0.058441430 0.036802020 0.041066760 0.019013010 0.010804450 0.004022540 0.000000000 0.001471590 0.001719740 0.033242660 0.023511560 0.025561640 0.046733440 0.060201130 0.088170540 0.085100050 0.081201690 0.073564480 0.056256590 0.070679780 0.040776240 0.065775140 0.040520530 0.050294130 0.117163150 0.094219140 0.075878250 0.040453890 0.072841050 0.107133280 
27     0.053788540 0.066637710 0.056473110 0.058134700 0.058531450 0.063022050 0.021225240 0.068371860 0.078638070 0.043259380 0.043634000 0.063235470 0.050069130 0.048673560 0.049992560 0.060554540 0.034437230 0.012882790 0.024178090 0.000669320 0.027531230 0.037923900 0.032660480 0.030489650 0.019601300 0.008507170 0.011442810 0.001471590 0.000000000 0.017279350 0.031210070 0.027549180 0.028559990 0.033000840 0.045182870 0.074165800 0.080205890 0.077584360 0.073278550 0.028980830 0.049137670 0.056335850 0.001512910 0.070009910 0.065687670 0.089600180 0.062011570 0.079559050 0.035006590 0.033784180 0.089561960 
16     0.049213330 0.025219890 0.028280630 0.037845850 0.037980010 0.038491260 0.033362640 0.043841070 0.075727450 0.018728590 0.019103210 0.038704680 0.031852750 0.024142770 0.025461770 0.059372480 0.002225600 0.008382480 0.011339500 0.007201770 0.020520650 0.024562630 0.014802830 0.038191480 0.037836530 0.018627710 0.012580530 0.001719740 0.017279350 0.000000000 0.004631300 0.003724660 0.002817250 0.029170710 0.010151530 0.019399150 0.047370070 0.011995460 0.057996740 0.014028510 0.036488340 0.022086560 0.024148900 0.018186680 0.018299730 0.046447990 0.075002250 0.075012350 0.039587990 0.014341140 0.059818380 
10     0.045234560 0.051337720 0.054129600 0.065538530 0.065480710 0.075797420 0.070668800 0.075872040 0.067481680 0.041073720 0.049811050 0.044812120 0.048674400 0.029085790 0.032702280 0.045653040 0.010905900 0.011420370 0.024637120 0.008944760 0.011127730 0.039959720 0.038042950 0.036717650 0.039786430 0.011966330 0.020531210 0.033242660 0.031210070 0.004631300 0.000000000 0.000003100 0.006635910 0.010180360 0.027717500 0.009953830 0.009952550 0.041818430 0.009883740 0.035054810 0.029692300 0.031269430 0.004106050 0.030763380 0.048122700 0.047224110 0.013116500 0.101385360 0.028087170 0.006255190 0.067328210 
24     0.044773860 0.048476000 0.047814390 0.065655930 0.065742770 0.077030120 0.074702810 0.074725950 0.067743740 0.036441530 0.048904410 0.033725650 0.047767760 0.028179150 0.031795640 0.045915100 0.010909000 0.011423470 0.020277640 0.008947860 0.011130830 0.040221780 0.037582250 0.002758790 0.039325730 0.007623100 0.020534310 0.023511560 0.027549180 0.003724660 0.000003100 0.000000000 0.002292680 0.016132200 0.027979560 0.009956930 0.009955650 0.064980690 0.009886840 0.032962650 0.029695400 0.031272530 0.032552770 0.030766480 0.043767230 0.043760060 0.090531640 0.077360510 0.061379810 0.067534210 0.067590270 
21     0.036441300 0.024592600 0.037982000 0.055041290 0.055175450 0.055686700 0.050558080 0.061036510 0.074558550 0.035924030 0.035706460 0.032329370 0.054885820 0.035297210 0.038913700 0.035949170 0.002064510 0.002578980 0.010712210 0.000103370 0.002286340 0.023935340 0.029249690 0.022574650 0.030670240 0.008481720 0.011689820 0.025561640 0.028559990 0.002817250 0.006635910 0.002292680 0.000000000 0.017296780 0.017307760 0.001112440 0.001111160 0.041097290 0.001042350 0.013401220 0.020850910 0.022428040 0.020291700 0.019898610 0.019883830 0.033081110 0.075478800 0.066878730 0.015199070 0.048671690 0.036657040 
38     0.028037460 0.034140620 0.029394250 0.066368540 0.066310720 0.077598070 0.075194260 0.076702050 0.068311690 0.055405480 0.065475380 0.063381170 0.051117470 0.056219710 0.044659800 0.046483050 0.015727980 0.014690090 0.037899290 0.030779060 0.032962030 0.056874250 0.035432510 0.034709550 0.037175990 0.017722210 0.029757580 0.046733440 0.033000840 0.029170710 0.010180360 0.016132200 0.017296780 0.000000000 0.000028940 0.003454270 0.009309360 0.020360220 0.000825670 0.005005680 0.011202270 0.010818540 0.009773890 0.014421800 0.014620430 0.022110650 0.048206620 0.045684490 0.051802600 0.057241980 0.068158220 
39     0.041505150 0.038654020 0.038917510 0.050419020 0.050815770 0.075935920 0.068378430 0.009268070 0.058938630 0.047181350 0.054166090 0.057131980 0.045266260 0.042317950 0.042933260 0.012495240 0.008057190 0.014701070 0.029441950 0.030158160 0.028883220 0.043817840 0.023165400 0.023146420 0.002148000 0.037686520 0.029768560 0.060201130 0.045182870 0.010151530 0.027717500 0.027979560 0.017307760 0.000028940 0.000000000 0.003465250 0.009320340 0.006019050 0.000836650 0.005016660 0.011840000 0.010829520 0.009784870 0.014432780 0.007153300 0.022121630 0.050293220 0.047771090 0.009802650 0.010644830 0.053270250 
35     0.074291210 0.049508240 0.053334280 0.023995350 0.052102880 0.056181890 0.052351040 0.062829470 0.046391650 0.007845990 0.038091610 0.036893680 0.076845490 0.043131170 0.044450170 0.068663260 0.002307930 0.003687240 0.015702330 0.001211630 0.003394600 0.042732960 0.056330430 0.033280740 0.032347640 0.011069310 0.012798080 0.088170540 0.074165800 0.019399150 0.009953830 0.009956930 0.001112440 0.003454270 0.003465250 0.000000000 0.000138900 0.000760530 0.000070090 0.007005990 0.013829330 0.012818850 0.011774200 0.016422110 0.026671090 0.025546160 0.091639350 0.040603310 0.036451940 0.052889960 0.063663820 
37     0.069399610 0.062064800 0.051825700 0.021201540 0.049309070 0.053388080 0.079012770 0.089491200 0.043597840 0.007543790 0.038983240 0.036591480 0.082689030 0.058623710 0.064590130 0.067042750 0.002306650 0.003685960 0.021913910 0.001210350 0.003393320 0.042731680 0.056329150 0.033279460 0.032346360 0.011068030 0.012796800 0.085100050 0.080205890 0.047370070 0.009952550 0.009955650 0.001111160 0.009309360 0.009320340 0.000138900 0.000000000 0.001345980 0.000068810 0.012861080 0.019684420 0.018673940 0.017629290 0.020948730 0.022565830 0.031401250 0.104694160 0.092479910 0.029305640 0.047863370 0.037698150 
50     0.080451110 0.045223990 0.051790220 0.016259530 0.044367060 0.048446070 0.052977710 0.063456140 0.038655830 0.015536540 0.038718280 0.044584230 0.077472160 0.043757840 0.045076840 0.079853990 0.009901120 0.045536510 0.047245600 0.019116290 0.030727150 0.061621490 0.025009330 0.078298070 0.076640990 0.068389940 0.064933390 0.081201690 0.077584360 0.011995460 0.041818430 0.064980690 0.041097290 0.020360220 0.006019050 0.000760530 0.001345980 0.000000000 0.011231900 0.009300820 0.028955860 0.016892510 0.015669640 0.016334300 0.008861100 0.044595610 0.105464610 0.124530040 0.036608460 0.012488760 0.066418740 
41     0.044331610 0.050581550 0.054955030 0.038255410 0.040616840 0.075698620 0.076001170 0.089753010 0.077729840 0.019456650 0.075009060 0.064188080 0.073223970 0.058524310 0.064490730 0.045592450 0.002237840 0.003617150 0.038403250 0.001141540 0.003324510 0.042662870 0.056260340 0.033210650 0.032277550 0.010999220 0.012727990 0.073564480 0.073278550 0.057996740 0.009883740 0.009886840 0.001042350 0.000825670 0.000836650 0.000070090 0.000068810 0.011231900 0.000000000 0.004377390 0.008528400 0.010190250 0.005495600 0.013793510 0.013872180 0.022917560 0.090411590 0.077240460 0.046251230 0.034174610 0.055288840 
43     0.044166480 0.028761600 0.023761760 0.066145250 0.063210490 0.037722750 0.031746660 0.075409090 0.077085170 0.001511950 0.055573800 0.068368090 0.019693270 0.025573770 0.015312100 0.054940850 0.014358420 0.019677010 0.019549530 0.011210140 0.028495580 0.006647940 0.010448470 0.039696470 0.047792060 0.032876250 0.034744500 0.056256590 0.028980830 0.014028510 0.035054810 0.032962650 0.013401220 0.005005680 0.005016660 0.007005990 0.012861080 0.009300820 0.004377390 0.000000000 0.001703390 0.001403750 0.003892230 0.003645760 0.002762390 0.027097570 0.046481980 0.043959850 0.017790000 0.016946060 0.050628420 
46     0.056409990 0.034673870 0.031823610 0.073436820 0.073570980 0.069096000 0.047257140 0.079432040 0.082836390 0.027347240 0.054694180 0.052199490 0.061241610 0.051945150 0.043048330 0.058779820 0.022046400 0.023425710 0.048690990 0.012933920 0.023133070 0.040198710 0.021449790 0.046519810 0.052086110 0.030807780 0.032536550 0.070679780 0.049137670 0.036488340 0.029692300 0.029695400 0.020850910 0.011202270 0.011840000 0.013829330 0.019684420 0.028955860 0.008528400 0.001703390 0.000000000 0.001010480 0.001510400 0.003567250 0.000976700 0.033920910 0.070854960 0.014139700 0.058355450 0.036981640 0.057455400 
47     0.056072810 0.055289870 0.032872070 0.012288410 0.012113810 0.024531280 0.044303790 0.036416790 0.036959150 0.017914530 0.051686990 0.061059410 0.008484900 0.008299780 0.012028530 0.040460240 0.019930840 0.025002840 0.043395590 0.022527230 0.024710200 0.042998150 0.028837240 0.045509330 0.053604920 0.032384910 0.034113680 0.040776240 0.056335850 0.022086560 0.031269430 0.031272530 0.022428040 0.010818540 0.010829520 0.012818850 0.018673940 0.016892510 0.010190250 0.001403750 0.001010480 0.000000000 0.001825690 0.001336820 0.003194820 0.032910430 0.054851300 0.036510410 0.000516010 0.022579860 0.073711970 
34     0.051022420 0.038881990 0.024742900 0.070486600 0.070620760 0.030023240 0.020876710 0.076481820 0.084810080 0.020217850 0.048613620 0.040392110 0.033483800 0.033298680 0.035138820 0.008920730 0.024903770 0.024445220 0.029669920 0.023807470 0.025990440 0.022517080 0.029242780 0.044464680 0.052560270 0.033665150 0.035393920 0.065775140 0.001512910 0.024148900 0.004106050 0.032552770 0.020291700 0.009773890 0.009784870 0.011774200 0.017629290 0.015669640 0.005495600 0.003892230 0.001510400 0.001825690 0.000000000 0.001790130 0.002081490 0.003165800 0.054296530 0.052226120 0.025514910 0.046059810 0.056776030 
40     0.058315380 0.035258990 0.033014800 0.062545320 0.059610560 0.053671640 0.051903530 0.066964800 0.013219470 0.013976910 0.049751620 0.050947590 0.022158960 0.021973840 0.025702590 0.054134300 0.016092340 0.024496790 0.026046920 0.022021180 0.024204150 0.020153860 0.031200550 0.049112590 0.053157190 0.031878860 0.033607630 0.040520530 0.070009910 0.018186680 0.030763380 0.030766480 0.019898610 0.014421800 0.014432780 0.016422110 0.020948730 0.016334300 0.013793510 0.003645760 0.003567250 0.001336820 0.001790130 0.000000000 0.000109130 0.029232640 0.044152980 0.041630850 0.014190070 0.018679980 0.059246420 
36     0.057178810 0.035244210 0.027945860 0.061737290 0.058802530 0.047546130 0.047114680 0.074423310 0.072677210 0.013819740 0.049685450 0.047401520 0.021350930 0.021165810 0.024894560 0.053326270 0.016205390 0.045790940 0.026032140 0.042923370 0.037031420 0.017328820 0.031313600 0.068037440 0.076133030 0.064025510 0.063085470 0.050294130 0.065687670 0.018299730 0.048122700 0.043767230 0.019883830 0.014620430 0.007153300 0.026671090 0.022565830 0.008861100 0.013872180 0.002762390 0.000976700 0.003194820 0.002081490 0.000109130 0.000000000 0.031350120 0.044152230 0.041630100 0.006066140 0.018793030 0.057354280 
45     0.068307480 0.073012890 0.069102350 0.077834340 0.078593480 0.073212540 0.073732750 0.081835050 0.094105680 0.053164090 0.054625590 0.055429480 0.053488940 0.025679520 0.022156700 0.063587740 0.031512310 0.030474420 0.060645570 0.054900330 0.065179680 0.096071830 0.059461860 0.050493880 0.058589470 0.050703250 0.045541910 0.117163150 0.089600180 0.046447990 0.047224110 0.043760060 0.033081110 0.022110650 0.022121630 0.025546160 0.031401250 0.044595610 0.022917560 0.027097570 0.033920910 0.032910430 0.003165800 0.029232640 0.031350120 0.000000000 0.000478870 0.025944480 0.004012090 0.005677110 0.100871270 
48     0.077248270 0.073418020 0.078043140 0.035068510 0.034844810 0.084083490 0.084603700 0.092706000 0.054449570 0.071357430 0.076483920 0.075692390 0.009442080 0.061742680 0.065471430 0.061466870 0.055417680 0.085203230 0.063443890 0.085152700 0.081407450 0.097682000 0.088956110 0.095964180 0.092499290 0.077074840 0.031730600 0.094219140 0.062011570 0.075002250 0.013116500 0.090531640 0.075478800 0.048206620 0.050293220 0.091639350 0.104694160 0.105464610 0.090411590 0.046481980 0.070854960 0.054851300 0.054296530 0.044152980 0.044152230 0.000478870 0.000000000 0.001918990 0.003533220 0.005198240 0.067180210 
44     0.064077140 0.036307690 0.008639580 0.083973270 0.081038510 0.081561360 0.082081570 0.090183870 0.094913190 0.039319600 0.041821210 0.042678720 0.037303420 0.043401790 0.047130540 0.019372340 0.055032850 0.070674370 0.032498210 0.081360280 0.093287460 0.104676780 0.014773810 0.037806130 0.017506460 0.089296540 0.061191860 0.075878250 0.079559050 0.075012350 0.101385360 0.077360510 0.066878730 0.045684490 0.047771090 0.040603310 0.092479910 0.124530040 0.077240460 0.043959850 0.014139700 0.036510410 0.052226120 0.041630850 0.041630100 0.025944480 0.001918990 0.000000000 0.024389000 0.019865690 0.115741080 
49     0.001033880 0.069076420 0.081868940 0.044212160 0.044346320 0.044857570 0.039728950 0.050207380 0.059488830 0.007075700 0.025469520 0.029688060 0.008162550 0.007977430 0.011706180 0.040137890 0.019608490 0.011556390 0.031048980 0.045935920 0.051325390 0.060228580 0.009835800 0.064999010 0.059682500 0.050304150 0.031223940 0.040453890 0.035006590 0.039587990 0.028087170 0.061379810 0.015199070 0.051802600 0.009802650 0.036451940 0.029305640 0.036608460 0.046251230 0.017790000 0.058355450 0.000516010 0.025514910 0.014190070 0.006066140 0.004012090 0.003533220 0.024389000 0.000000000 0.000989730 0.033423310 
42     0.088673760 0.071025290 0.032789130 0.043375510 0.043509670 0.044020920 0.038892300 0.049370730 0.081257110 0.024258250 0.005471260 0.005810400 0.050620940 0.029672430 0.030991430 0.066123320 0.012246800 0.016407760 0.035900350 0.016863720 0.033072830 0.054588280 0.002153670 0.010710320 0.004722820 0.026937000 0.018548490 0.072841050 0.033784180 0.014341140 0.006255190 0.067534210 0.048671690 0.057241980 0.010644830 0.052889960 0.047863370 0.012488760 0.034174610 0.016946060 0.036981640 0.022579860 0.046059810 0.018679980 0.018793030 0.005677110 0.005198240 0.019865690 0.000989730 0.000000000 0.013850230 
0     0.087880720 0.101877180 0.110596330 0.075988840 0.077223970 0.096400350 0.083848570 0.051811180 0.077104530 0.075595960 0.046986130 0.045782800 0.071307950 0.076410190 0.064850280 0.066673530 0.031930470 0.074283080 0.075847850 0.069768870 0.078550070 0.094822810 0.072832250 0.099951670 0.083949070 0.070522190 0.094694320 0.107133280 0.089561960 0.059818380 0.067328210 0.067590270 0.036657040 0.068158220 0.053270250 0.063663820 0.037698150 0.066418740 0.055288840 0.050628420 0.057455400 0.073711970 0.056776030 0.059246420 0.057354280 0.100871270 0.067180210 0.115741080 0.033423310 0.013850230 0.000000000 
