51
8     0.000000000 0.000032760 0.000084410 0.000002410 0.000216240 0.000200430 0.000164590 0.000153640 0.000182790 0.000174780 0.000195070 0.000079110 0.000221500 0.000135810 0.000160620 0.000346100 0.000296380 0.000290000 0.000294580 0.000383440 0.000377080 0.000448870 0.000451040 0.000449690 0.000435610 0.000371600 0.000344920 0.000345900 0.000363120 0.000293130 0.000333750 0.000337270 0.000190620 0.000413160 0.000385580 0.000299040 0.000365310 0.000196070 0.000258000 0.000264740 0.000240410 0.000364340 0.000260930 0.000240750 0.000241900 0.000168100 0.000255750 0.000376380 0.000239810 0.000290500 0.000888020 
2     0.000032760 0.000000000 0.000004150 0.000017360 0.000196220 0.000180410 0.000274200 0.000369810 0.000304260 0.000281560 0.000217590 0.000058590 0.000080410 0.000115290 0.000144680 0.000202320 0.000316300 0.000309920 0.000314500 0.000403360 0.000397000 0.000468790 0.000472930 0.000469610 0.000179360 0.000442850 0.000364840 0.000365820 0.000406380 0.000313050 0.000210390 0.000357190 0.000309820 0.000136740 0.000405500 0.000318960 0.000385230 0.000320290 0.000308060 0.000313910 0.000304380 0.000384260 0.000280850 0.000260670 0.000261820 0.000176700 0.000176690 0.000457410 0.000194450 0.000310420 0.000867500 
6     0.000084410 0.000004150 0.000000000 0.000022390 0.000247870 0.000232060 0.000301290 0.000332160 0.000263240 0.000253390 0.000252030 0.000110240 0.000240000 0.000166940 0.000179120 0.000388070 0.000350740 0.000344360 0.000348940 0.000437800 0.000431440 0.000503230 0.000507370 0.000504050 0.000365110 0.000477290 0.000399280 0.000400260 0.000440820 0.000347490 0.000388110 0.000391630 0.000344260 0.000322490 0.000439940 0.000353400 0.000419670 0.000354730 0.000342500 0.000348350 0.000338820 0.000219680 0.000315290 0.000295110 0.000223650 0.000303910 0.000362440 0.000491850 0.000364360 0.000344860 0.000919150 
13     0.000002410 0.000017360 0.000022390 0.000000000 0.000218630 0.000085390 0.000297830 0.000278790 0.000283550 0.000273700 0.000241220 0.000081500 0.000169130 0.000087260 0.000091060 0.000389650 0.000339930 0.000333550 0.000338130 0.000426990 0.000420630 0.000492420 0.000496560 0.000493240 0.000396830 0.000466480 0.000388470 0.000389450 0.000430010 0.000336680 0.000377300 0.000380820 0.000333450 0.000354210 0.000429130 0.000342590 0.000408860 0.000343920 0.000331690 0.000337540 0.000328010 0.000239990 0.000304480 0.000284300 0.000243960 0.000293100 0.000394160 0.000481040 0.000353550 0.000334050 0.000890410 
7     0.000216240 0.000196220 0.000247870 0.000218630 0.000000000 0.000006150 0.000010170 0.000123260 0.000169360 0.000174840 0.000281680 0.000222170 0.000281950 0.000255390 0.000184410 0.000327680 0.000356830 0.000350450 0.000355030 0.000417370 0.000409100 0.000436140 0.000468680 0.000507330 0.000470420 0.000483380 0.000405370 0.000406350 0.000446910 0.000309310 0.000394200 0.000397720 0.000330770 0.000473610 0.000446030 0.000359490 0.000416110 0.000336220 0.000348590 0.000354440 0.000344910 0.000344210 0.000321380 0.000301200 0.000302350 0.000288950 0.000357850 0.000394020 0.000312690 0.000335120 0.000984850 
9     0.000200430 0.000180410 0.000232060 0.000085390 0.000006150 0.000000000 0.000007520 0.000323410 0.000257860 0.000099120 0.000296050 0.000226760 0.000284020 0.000257460 0.000223140 0.000408620 0.000358900 0.000352520 0.000357100 0.000445960 0.000439600 0.000511390 0.000515530 0.000512210 0.000517320 0.000421540 0.000407440 0.000408420 0.000448980 0.000355650 0.000396270 0.000399790 0.000352420 0.000357480 0.000394150 0.000361560 0.000427830 0.000362890 0.000350660 0.000356510 0.000346980 0.000408570 0.000323450 0.000303270 0.000304420 0.000312070 0.000281730 0.000455490 0.000372520 0.000353020 0.000982200 
11     0.000164590 0.000274200 0.000301290 0.000297830 0.000010170 0.000007520 0.000000000 0.000020530 0.000001700 0.000002230 0.000185550 0.000180920 0.000056560 0.000036380 0.000052780 0.000071840 0.000311750 0.000272850 0.000286960 0.000077480 0.000077870 0.000109580 0.000105580 0.000050420 0.000260850 0.000282130 0.000319100 0.000318720 0.000097200 0.000053470 0.000124530 0.000150090 0.000165820 0.000218070 0.000122200 0.000282980 0.000086370 0.000079410 0.000114440 0.000088420 0.000080570 0.000269160 0.000106100 0.000098440 0.000099200 0.000179500 0.000035140 0.000044260 0.000104860 0.000047000 0.000943850 
4     0.000153640 0.000369810 0.000332160 0.000278790 0.000123260 0.000323410 0.000020530 0.000000000 0.000050960 0.000024740 0.000230130 0.000268940 0.000046280 0.000026100 0.000042500 0.000099290 0.000339200 0.000300300 0.000314410 0.000067200 0.000067590 0.000099300 0.000095300 0.000040140 0.000250570 0.000388940 0.000377480 0.000376550 0.000086920 0.000080920 0.000114250 0.000139810 0.000193270 0.000405040 0.000111920 0.000332100 0.000076090 0.000069130 0.000104160 0.000078140 0.000070290 0.000359030 0.000095820 0.000088160 0.000088920 0.000185440 0.000273090 0.000314310 0.000232980 0.000130880 0.001079560 
15     0.000182790 0.000304260 0.000263240 0.000283550 0.000169360 0.000257860 0.000001700 0.000050960 0.000000000 0.000000730 0.000202860 0.000198230 0.000058240 0.000038060 0.000054460 0.000103820 0.000343730 0.000304830 0.000318940 0.000079160 0.000079550 0.000111260 0.000107260 0.000052100 0.000262530 0.000348780 0.000336410 0.000336030 0.000098880 0.000085450 0.000126210 0.000151770 0.000197800 0.000284720 0.000123880 0.000304040 0.000088050 0.000081090 0.000116120 0.000090100 0.000082250 0.000330900 0.000107780 0.000100120 0.000100880 0.000190160 0.000043770 0.000052890 0.000113490 0.000055630 0.000954980 
1     0.000174780 0.000281560 0.000253390 0.000273700 0.000174840 0.000099120 0.000002230 0.000024740 0.000000730 0.000000000 0.000207670 0.000203040 0.000058770 0.000038590 0.000054990 0.000102730 0.000335920 0.000303740 0.000317850 0.000079690 0.000080080 0.000111790 0.000107790 0.000052630 0.000263060 0.000274680 0.000328680 0.000340060 0.000099410 0.000084360 0.000126740 0.000152300 0.000196710 0.000210620 0.000124410 0.000308850 0.000088580 0.000081620 0.000116650 0.000090630 0.000082780 0.000261710 0.000108310 0.000100650 0.000101410 0.000172050 0.000088560 0.000097680 0.000158280 0.000100420 0.000942060 
14     0.000195070 0.000217590 0.000252030 0.000241220 0.000281680 0.000296050 0.000185550 0.000230130 0.000202860 0.000207670 0.000000000 0.000007790 0.000180690 0.000082840 0.000107250 0.000357250 0.000307810 0.000301430 0.000306010 0.000351260 0.000342990 0.000420680 0.000402570 0.000441220 0.000404310 0.000370820 0.000327050 0.000326670 0.000323450 0.000304560 0.000345180 0.000348700 0.000260070 0.000312850 0.000349520 0.000294680 0.000376740 0.000265520 0.000299570 0.000291330 0.000286560 0.000298370 0.000272360 0.000252180 0.000253330 0.000222840 0.000291740 0.000327910 0.000246580 0.000269010 0.000927180 
5     0.000079110 0.000058590 0.000110240 0.000081500 0.000222170 0.000226760 0.000180920 0.000268940 0.000198230 0.000203040 0.000007790 0.000000000 0.000128120 0.000057300 0.000040880 0.000253710 0.000308130 0.000301750 0.000306330 0.000395190 0.000388200 0.000424650 0.000427610 0.000436820 0.000230750 0.000352700 0.000322420 0.000322040 0.000318820 0.000297820 0.000261780 0.000349020 0.000269180 0.000188130 0.000325310 0.000290050 0.000372390 0.000278740 0.000295480 0.000286700 0.000281930 0.000291760 0.000272680 0.000252500 0.000253650 0.000228090 0.000228080 0.000373120 0.000245840 0.000302250 0.000809510 
10     0.000221500 0.000080410 0.000240000 0.000169130 0.000281950 0.000284020 0.000056560 0.000046280 0.000058240 0.000058770 0.000180690 0.000128120 0.000000000 0.000006910 0.000039720 0.000128550 0.000295780 0.000289400 0.000293980 0.000074440 0.000074830 0.000106540 0.000102540 0.000047380 0.000105590 0.000422330 0.000344320 0.000345300 0.000094160 0.000165290 0.000121490 0.000147050 0.000289300 0.000062970 0.000119160 0.000298440 0.000083330 0.000076370 0.000111400 0.000085380 0.000077530 0.000264750 0.000103060 0.000095400 0.000096160 0.000102930 0.000102920 0.000436890 0.000120680 0.000289900 0.001870110 
12     0.000135810 0.000115290 0.000166940 0.000087260 0.000255390 0.000257460 0.000036380 0.000026100 0.000038060 0.000038590 0.000082840 0.000057300 0.000006910 0.000000000 0.000003960 0.000159050 0.000269220 0.000262840 0.000267420 0.000054260 0.000054650 0.000086360 0.000082360 0.000027200 0.000237630 0.000372530 0.000317760 0.000318740 0.000073980 0.000145110 0.000101310 0.000126870 0.000196900 0.000373690 0.000098980 0.000271880 0.000063150 0.000056190 0.000091220 0.000065200 0.000057350 0.000247730 0.000082880 0.000075220 0.000075980 0.000174380 0.000262030 0.000349830 0.000246090 0.000263340 0.000866210 
3     0.000160620 0.000144680 0.000179120 0.000091060 0.000184410 0.000223140 0.000052780 0.000042500 0.000054460 0.000054990 0.000107250 0.000040880 0.000039720 0.000003960 0.000000000 0.000175450 0.000234900 0.000228520 0.000233100 0.000070660 0.000071050 0.000102760 0.000098760 0.000043600 0.000240380 0.000321650 0.000283440 0.000284420 0.000090380 0.000161510 0.000117710 0.000143270 0.000228420 0.000197760 0.000115380 0.000237560 0.000079550 0.000072590 0.000107620 0.000081600 0.000073750 0.000229320 0.000099280 0.000091620 0.000092380 0.000188070 0.000237710 0.000376010 0.000248520 0.000229020 0.000858130 
49     0.000346100 0.000202320 0.000388070 0.000389650 0.000327680 0.000408620 0.000071840 0.000099290 0.000103820 0.000102730 0.000357250 0.000253710 0.000128550 0.000159050 0.000175450 0.000000000 0.000078140 0.000087950 0.000077290 0.000029340 0.000003310 0.000113420 0.000087550 0.000079950 0.000022960 0.000272280 0.000212860 0.000211930 0.000198090 0.000022530 0.000075890 0.000166550 0.000145840 0.000102180 0.000228450 0.000331360 0.000192620 0.000185660 0.000220690 0.000194670 0.000186820 0.000402600 0.000212590 0.000204930 0.000197560 0.000142960 0.000123760 0.000308870 0.000160710 0.000083450 0.001257320 
16     0.000296380 0.000316300 0.000350740 0.000339930 0.000356830 0.000358900 0.000311750 0.000339200 0.000343730 0.000335920 0.000307810 0.000308130 0.000295780 0.000269220 0.000234900 0.000078140 0.000000000 0.000003150 0.000001060 0.000078030 0.000004620 0.000149920 0.000202250 0.000136530 0.000008100 0.000298570 0.000220560 0.000221540 0.000262100 0.000165270 0.000209390 0.000212910 0.000272500 0.000290890 0.000327560 0.000281640 0.000347910 0.000282970 0.000270740 0.000276590 0.000267060 0.000352880 0.000249470 0.000229290 0.000230440 0.000223050 0.000383480 0.000416950 0.000289460 0.000269960 0.001201000 
28     0.000290000 0.000309920 0.000344360 0.000333550 0.000350450 0.000352520 0.000272850 0.000300300 0.000304830 0.000303740 0.000301430 0.000301750 0.000289400 0.000262840 0.000228520 0.000087950 0.000003150 0.000000000 0.000001090 0.000103250 0.000141920 0.000087510 0.000212060 0.000169770 0.000205140 0.000292190 0.000214180 0.000215160 0.000255720 0.000158890 0.000203010 0.000206530 0.000266120 0.000389380 0.000361800 0.000275260 0.000341530 0.000276590 0.000264360 0.000270210 0.000260680 0.000346500 0.000243090 0.000222910 0.000224060 0.000216670 0.000458030 0.000410570 0.000283080 0.000263580 0.001330960 
45     0.000294580 0.000314500 0.000348940 0.000338130 0.000355030 0.000357100 0.000286960 0.000314410 0.000318940 0.000317850 0.000306010 0.000306330 0.000293980 0.000267420 0.000233100 0.000077290 0.000001060 0.000001090 0.000000000 0.000079090 0.000005680 0.000084920 0.000201400 0.000139270 0.000009160 0.000296770 0.000218760 0.000219740 0.000260300 0.000163470 0.000207590 0.000211110 0.000270700 0.000296020 0.000332690 0.000279840 0.000346110 0.000281170 0.000268940 0.000274790 0.000265260 0.000351080 0.000247670 0.000227490 0.000228640 0.000221250 0.000388610 0.000415150 0.000287660 0.000268160 0.001202060 
47     0.000383440 0.000403360 0.000437800 0.000426990 0.000417370 0.000445960 0.000077480 0.000067200 0.000079160 0.000079690 0.000351260 0.000395190 0.000074440 0.000054260 0.000070660 0.000029340 0.000078030 0.000103250 0.000079090 0.000000000 0.000000890 0.000105680 0.000100510 0.000046520 0.000038810 0.000202910 0.000203260 0.000202330 0.000093300 0.000160910 0.000085150 0.000085260 0.000290080 0.000329040 0.000123660 0.000344960 0.000087830 0.000080870 0.000115900 0.000089880 0.000082030 0.000371010 0.000098220 0.000100140 0.000100900 0.000092850 0.000091160 0.000107970 0.000215470 0.000091390 0.001113450 
36     0.000377080 0.000397000 0.000431440 0.000420630 0.000409100 0.000439600 0.000077870 0.000067590 0.000079550 0.000080080 0.000342990 0.000388200 0.000074830 0.000054650 0.000071050 0.000003310 0.000004620 0.000141920 0.000005680 0.000000890 0.000000000 0.000106070 0.000092240 0.000046910 0.000008640 0.000202100 0.000194990 0.000194060 0.000093690 0.000154550 0.000084340 0.000084450 0.000297290 0.000365570 0.000124050 0.000352170 0.000088220 0.000081260 0.000116290 0.000090270 0.000082420 0.000371400 0.000097410 0.000100530 0.000101290 0.000092040 0.000090350 0.000107160 0.000209670 0.000090580 0.001201540 
48     0.000448870 0.000468790 0.000503230 0.000492420 0.000436140 0.000511390 0.000109580 0.000099300 0.000111260 0.000111790 0.000420680 0.000424650 0.000106540 0.000086360 0.000102760 0.000113420 0.000149920 0.000087510 0.000084920 0.000105680 0.000106070 0.000000000 0.000007140 0.000005990 0.000051510 0.000041890 0.000248450 0.000259830 0.000125400 0.000130990 0.000152730 0.000178290 0.000254300 0.000224930 0.000155760 0.000339820 0.000119930 0.000112970 0.000148000 0.000121980 0.000114130 0.000396910 0.000139900 0.000132240 0.000133000 0.000205400 0.000181740 0.000220520 0.000287360 0.000191910 0.001171130 
29     0.000451040 0.000472930 0.000507370 0.000496560 0.000468680 0.000515530 0.000105580 0.000095300 0.000107260 0.000107790 0.000402570 0.000427610 0.000102540 0.000082360 0.000098760 0.000087550 0.000202250 0.000212060 0.000201400 0.000100510 0.000092240 0.000007140 0.000000000 0.000011110 0.000055650 0.000031360 0.000250560 0.000253640 0.000121400 0.000164660 0.000148730 0.000174290 0.000287970 0.000227040 0.000151760 0.000341930 0.000115930 0.000108970 0.000144000 0.000117980 0.000110130 0.000399110 0.000135900 0.000128240 0.000129000 0.000269890 0.000171210 0.000338550 0.000269250 0.000225580 0.001182140 
44     0.000449690 0.000469610 0.000504050 0.000493240 0.000507330 0.000512210 0.000050420 0.000040140 0.000052100 0.000052630 0.000441220 0.000436820 0.000047380 0.000027200 0.000043600 0.000079950 0.000136530 0.000169770 0.000139270 0.000046520 0.000046910 0.000005990 0.000011110 0.000000000 0.000046590 0.000029910 0.000239180 0.000250560 0.000066240 0.000137370 0.000093570 0.000119130 0.000323630 0.000215660 0.000096600 0.000330550 0.000060770 0.000053810 0.000088840 0.000062820 0.000054970 0.000343950 0.000080740 0.000073080 0.000073840 0.000308540 0.000169760 0.000389230 0.000307900 0.000308780 0.001228640 
37     0.000435610 0.000179360 0.000365110 0.000396830 0.000470420 0.000517320 0.000260850 0.000250570 0.000262530 0.000263060 0.000404310 0.000230750 0.000105590 0.000237630 0.000240380 0.000022960 0.000008100 0.000205140 0.000009160 0.000038810 0.000008640 0.000051510 0.000055650 0.000046590 0.000000000 0.000190960 0.000204680 0.000255380 0.000265950 0.000121670 0.000052930 0.000131120 0.000325030 0.000079220 0.000301140 0.000439480 0.000256900 0.000264240 0.000299270 0.000273250 0.000265400 0.000161540 0.000144080 0.000160140 0.000284270 0.000120000 0.000119990 0.000153830 0.000137750 0.000137250 0.001138480 
22     0.000371600 0.000442850 0.000477290 0.000466480 0.000483380 0.000421540 0.000282130 0.000388940 0.000348780 0.000274680 0.000370820 0.000352700 0.000422330 0.000372530 0.000321650 0.000272280 0.000298570 0.000292190 0.000296770 0.000202910 0.000202100 0.000041890 0.000031360 0.000029910 0.000190960 0.000000000 0.000006850 0.000027640 0.000001880 0.000013270 0.000068470 0.000007300 0.000217530 0.000109560 0.000146230 0.000224450 0.000382600 0.000136180 0.000146350 0.000113870 0.000106160 0.000328990 0.000131610 0.000147670 0.000284220 0.000126240 0.000124550 0.000141360 0.000248860 0.000124780 0.000786980 
25     0.000344920 0.000364840 0.000399280 0.000388470 0.000405370 0.000407440 0.000319100 0.000377480 0.000336410 0.000328680 0.000327050 0.000322420 0.000344320 0.000317760 0.000283440 0.000212860 0.000220560 0.000214180 0.000218760 0.000203260 0.000194990 0.000248450 0.000250560 0.000239180 0.000204680 0.000006850 0.000000000 0.000001000 0.000004970 0.000086340 0.000093790 0.000101930 0.000268300 0.000163560 0.000200230 0.000278450 0.000372420 0.000190180 0.000200350 0.000167870 0.000160160 0.000382990 0.000144550 0.000160610 0.000278980 0.000139180 0.000137490 0.000154300 0.000257760 0.000137720 0.001185500 
40     0.000345900 0.000365820 0.000400260 0.000389450 0.000406350 0.000408420 0.000318720 0.000376550 0.000336030 0.000340060 0.000326670 0.000322040 0.000345300 0.000318740 0.000284420 0.000211930 0.000221540 0.000215160 0.000219740 0.000202330 0.000194060 0.000259830 0.000253640 0.000250560 0.000255380 0.000027640 0.000001000 0.000000000 0.000011330 0.000067000 0.000095250 0.000103390 0.000267920 0.000174940 0.000211610 0.000288790 0.000372040 0.000201560 0.000211730 0.000179250 0.000171540 0.000394370 0.000146810 0.000162870 0.000279960 0.000141440 0.000139750 0.000156560 0.000256830 0.000139980 0.001189220 
23     0.000363120 0.000406380 0.000440820 0.000430010 0.000446910 0.000448980 0.000097200 0.000086920 0.000098880 0.000099410 0.000323450 0.000318820 0.000094160 0.000073980 0.000090380 0.000198090 0.000262100 0.000255720 0.000260300 0.000093300 0.000093690 0.000125400 0.000121400 0.000066240 0.000265950 0.000001880 0.000004970 0.000011330 0.000000000 0.000064500 0.000140270 0.000162430 0.000254510 0.000146540 0.000143380 0.000261430 0.000107550 0.000100590 0.000135620 0.000109600 0.000101750 0.000365970 0.000127520 0.000119860 0.000120620 0.000154360 0.000152670 0.000169480 0.000267400 0.000152900 0.001197290 
41     0.000293130 0.000313050 0.000347490 0.000336680 0.000309310 0.000355650 0.000053470 0.000080920 0.000085450 0.000084360 0.000304560 0.000297820 0.000165290 0.000145110 0.000161510 0.000022530 0.000165270 0.000158890 0.000163470 0.000160910 0.000154550 0.000130990 0.000164660 0.000137370 0.000121670 0.000013270 0.000086340 0.000067000 0.000064500 0.000000000 0.000060440 0.000010530 0.000127470 0.000210200 0.000214510 0.000278390 0.000178680 0.000171720 0.000206750 0.000180730 0.000172880 0.000190860 0.000198650 0.000190990 0.000179630 0.000114150 0.000088560 0.000357300 0.000274980 0.000065080 0.001160940 
18     0.000333750 0.000210390 0.000388110 0.000377300 0.000394200 0.000396270 0.000124530 0.000114250 0.000126210 0.000126740 0.000345180 0.000261780 0.000121490 0.000101310 0.000117710 0.000075890 0.000209390 0.000203010 0.000207590 0.000085150 0.000084340 0.000152730 0.000148730 0.000093570 0.000052930 0.000068470 0.000093790 0.000095250 0.000140270 0.000060440 0.000000000 0.000000110 0.000254080 0.000110250 0.000170710 0.000308150 0.000134880 0.000127920 0.000162950 0.000136930 0.000129080 0.000280670 0.000029510 0.000045570 0.000147950 0.000024140 0.000022450 0.000039260 0.000146760 0.000022680 0.001030300 
32     0.000337270 0.000357190 0.000391630 0.000380820 0.000397720 0.000399790 0.000150090 0.000139810 0.000151770 0.000152300 0.000348700 0.000349020 0.000147050 0.000126870 0.000143270 0.000166550 0.000212910 0.000206530 0.000211110 0.000085260 0.000084450 0.000178290 0.000174290 0.000119130 0.000131120 0.000007300 0.000101930 0.000103390 0.000162430 0.000010530 0.000000110 0.000000000 0.000271490 0.000312480 0.000196270 0.000322530 0.000160440 0.000153480 0.000188510 0.000162490 0.000154640 0.000348600 0.000029620 0.000045680 0.000173510 0.000024250 0.000022560 0.000039370 0.000146870 0.000022790 0.001124530 
26     0.000190620 0.000309820 0.000344260 0.000333450 0.000330770 0.000352420 0.000165820 0.000193270 0.000197800 0.000196710 0.000260070 0.000269180 0.000289300 0.000196900 0.000228420 0.000145840 0.000272500 0.000266120 0.000270700 0.000290080 0.000297290 0.000254300 0.000287970 0.000323630 0.000325030 0.000217530 0.000268300 0.000267920 0.000254510 0.000127470 0.000254080 0.000271490 0.000000000 0.000038270 0.000004110 0.000002030 0.000072300 0.000060060 0.000092960 0.000019570 0.000045190 0.000240660 0.000205420 0.000222810 0.000223960 0.000179560 0.000211130 0.000345400 0.000251270 0.000167190 0.000923350 
35     0.000413160 0.000136740 0.000322490 0.000354210 0.000473610 0.000357480 0.000218070 0.000405040 0.000284720 0.000210620 0.000312850 0.000188130 0.000062970 0.000373690 0.000197760 0.000102180 0.000290890 0.000389380 0.000296020 0.000329040 0.000365570 0.000224930 0.000227040 0.000215660 0.000079220 0.000109560 0.000163560 0.000174940 0.000146540 0.000210200 0.000110250 0.000312480 0.000038270 0.000000000 0.000060770 0.000101570 0.000159010 0.000072100 0.000082270 0.000049790 0.000042080 0.000264930 0.000358540 0.000245070 0.000224350 0.000077380 0.000077370 0.000311850 0.000095130 0.000258010 0.001057010 
34     0.000385580 0.000405500 0.000439940 0.000429130 0.000446030 0.000394150 0.000122200 0.000111920 0.000123880 0.000124410 0.000349520 0.000325310 0.000119160 0.000098980 0.000115380 0.000228450 0.000327560 0.000361800 0.000332690 0.000123660 0.000124050 0.000155760 0.000151760 0.000096600 0.000301140 0.000146230 0.000200230 0.000211610 0.000143380 0.000214510 0.000170710 0.000196270 0.000004110 0.000060770 0.000000000 0.000000780 0.000036830 0.000045110 0.000080140 0.000054120 0.000046270 0.000301600 0.000152520 0.000144860 0.000145620 0.000211940 0.000174760 0.000348520 0.000293600 0.000294680 0.001034120 
31     0.000299040 0.000318960 0.000353400 0.000342590 0.000359490 0.000361560 0.000282980 0.000332100 0.000304040 0.000308850 0.000294680 0.000290050 0.000298440 0.000271880 0.000237560 0.000331360 0.000281640 0.000275260 0.000279840 0.000344960 0.000352170 0.000339820 0.000341930 0.000330550 0.000439480 0.000224450 0.000278450 0.000288790 0.000261430 0.000278390 0.000308150 0.000322530 0.000002030 0.000101570 0.000000780 0.000000000 0.000004500 0.000129450 0.000117220 0.000071580 0.000097200 0.000355540 0.000252130 0.000231950 0.000233100 0.000234130 0.000252980 0.000296350 0.000281750 0.000275760 0.001057420 
50     0.000365310 0.000385230 0.000419670 0.000408860 0.000416110 0.000427830 0.000086370 0.000076090 0.000088050 0.000088580 0.000376740 0.000372390 0.000083330 0.000063150 0.000079550 0.000192620 0.000347910 0.000341530 0.000346110 0.000087830 0.000088220 0.000119930 0.000115930 0.000060770 0.000256900 0.000382600 0.000372420 0.000372040 0.000107550 0.000178680 0.000134880 0.000160440 0.000072300 0.000159010 0.000036830 0.000004500 0.000000000 0.000009280 0.000044310 0.000018290 0.000010440 0.000336740 0.000116690 0.000109030 0.000109790 0.000256410 0.000230820 0.000319270 0.000361530 0.000273530 0.001007970 
19     0.000196070 0.000320290 0.000354730 0.000343920 0.000336220 0.000362890 0.000079410 0.000069130 0.000081090 0.000081620 0.000265520 0.000278740 0.000076370 0.000056190 0.000072590 0.000185660 0.000282970 0.000276590 0.000281170 0.000080870 0.000081260 0.000112970 0.000108970 0.000053810 0.000264240 0.000136180 0.000190180 0.000201560 0.000100590 0.000171720 0.000127920 0.000153480 0.000060060 0.000072100 0.000045110 0.000129450 0.000009280 0.000000000 0.000009250 0.000008740 0.000003200 0.000291550 0.000109730 0.000102070 0.000102830 0.000158750 0.000164710 0.000286740 0.000206370 0.000228800 0.001038040 
24     0.000258000 0.000308060 0.000342500 0.000331690 0.000348590 0.000350660 0.000114440 0.000104160 0.000116120 0.000116650 0.000299570 0.000295480 0.000111400 0.000091220 0.000107620 0.000220690 0.000270740 0.000264360 0.000268940 0.000115900 0.000116290 0.000148000 0.000144000 0.000088840 0.000299270 0.000146350 0.000200350 0.000211730 0.000135620 0.000206750 0.000162950 0.000188510 0.000092960 0.000082270 0.000080140 0.000117220 0.000044310 0.000009250 0.000000000 0.000000010 0.000008700 0.000301720 0.000144760 0.000137100 0.000137860 0.000187390 0.000174880 0.000260970 0.000235010 0.000244390 0.001063710 
20     0.000264740 0.000313910 0.000348350 0.000337540 0.000354440 0.000356510 0.000088420 0.000078140 0.000090100 0.000090630 0.000291330 0.000286700 0.000085380 0.000065200 0.000081600 0.000194670 0.000276590 0.000270210 0.000274790 0.000089880 0.000090270 0.000121980 0.000117980 0.000062820 0.000273250 0.000113870 0.000167870 0.000179250 0.000109600 0.000180730 0.000136930 0.000162490 0.000019570 0.000049790 0.000054120 0.000071580 0.000018290 0.000008740 0.000000010 0.000000000 0.000008150 0.000269240 0.000118740 0.000111080 0.000111840 0.000170560 0.000142400 0.000260960 0.000218180 0.000240610 0.001075440 
17     0.000240410 0.000304380 0.000338820 0.000328010 0.000344910 0.000346980 0.000080570 0.000070290 0.000082250 0.000082780 0.000286560 0.000281930 0.000077530 0.000057350 0.000073750 0.000186820 0.000267060 0.000260680 0.000265260 0.000082030 0.000082420 0.000114130 0.000110130 0.000054970 0.000265400 0.000106160 0.000160160 0.000171540 0.000101750 0.000172880 0.000129080 0.000154640 0.000045190 0.000042080 0.000046270 0.000097200 0.000010440 0.000003200 0.000008700 0.000008150 0.000000000 0.000261530 0.000110890 0.000103230 0.000103990 0.000169190 0.000134690 0.000274500 0.000216810 0.000239240 0.001059600 
42     0.000364340 0.000384260 0.000219680 0.000239990 0.000344210 0.000408570 0.000269160 0.000359030 0.000330900 0.000261710 0.000298370 0.000291760 0.000264750 0.000247730 0.000229320 0.000402600 0.000352880 0.000346500 0.000351080 0.000371010 0.000371400 0.000396910 0.000399110 0.000343950 0.000161540 0.000328990 0.000382990 0.000394370 0.000365970 0.000190860 0.000280670 0.000348600 0.000240660 0.000264930 0.000301600 0.000355540 0.000336740 0.000291550 0.000301720 0.000269240 0.000261530 0.000000000 0.000016680 0.000012760 0.000013450 0.000187850 0.000162260 0.000277330 0.000253810 0.000298020 0.000535070 
38     0.000260930 0.000280850 0.000315290 0.000304480 0.000321380 0.000323450 0.000106100 0.000095820 0.000107780 0.000108310 0.000272360 0.000272680 0.000103060 0.000082880 0.000099280 0.000212590 0.000249470 0.000243090 0.000247670 0.000098220 0.000097410 0.000139900 0.000135900 0.000080740 0.000144080 0.000131610 0.000144550 0.000146810 0.000127520 0.000198650 0.000029510 0.000029620 0.000205420 0.000358540 0.000152520 0.000252130 0.000116690 0.000109730 0.000144760 0.000118740 0.000110890 0.000016680 0.000000000 0.000012920 0.000013680 0.000021530 0.000019840 0.000036650 0.000144150 0.000020070 0.000633000 
33     0.000240750 0.000260670 0.000295110 0.000284300 0.000301200 0.000303270 0.000098440 0.000088160 0.000100120 0.000100650 0.000252180 0.000252500 0.000095400 0.000075220 0.000091620 0.000204930 0.000229290 0.000222910 0.000227490 0.000100140 0.000100530 0.000132240 0.000128240 0.000073080 0.000160140 0.000147670 0.000160610 0.000162870 0.000119860 0.000190990 0.000045570 0.000045680 0.000222810 0.000245070 0.000144860 0.000231950 0.000109030 0.000102070 0.000137100 0.000111080 0.000103230 0.000012760 0.000012920 0.000000000 0.000000780 0.000037590 0.000035900 0.000052710 0.000160210 0.000036130 0.000752590 
30     0.000241900 0.000261820 0.000223650 0.000243960 0.000302350 0.000304420 0.000099200 0.000088920 0.000100880 0.000101410 0.000253330 0.000253650 0.000096160 0.000075980 0.000092380 0.000197560 0.000230440 0.000224060 0.000228640 0.000100900 0.000101290 0.000133000 0.000129000 0.000073840 0.000284270 0.000284220 0.000278980 0.000279960 0.000120620 0.000179630 0.000147950 0.000173510 0.000223960 0.000224350 0.000145620 0.000233100 0.000109790 0.000102830 0.000137860 0.000111840 0.000103990 0.000013450 0.000013680 0.000000780 0.000000000 0.000176040 0.000104820 0.000284420 0.000244060 0.000224560 0.000564160 
27     0.000168100 0.000176700 0.000303910 0.000293100 0.000288950 0.000312070 0.000179500 0.000185440 0.000190160 0.000172050 0.000222840 0.000228090 0.000102930 0.000174380 0.000188070 0.000142960 0.000223050 0.000216670 0.000221250 0.000092850 0.000092040 0.000205400 0.000269890 0.000308540 0.000120000 0.000126240 0.000139180 0.000141440 0.000154360 0.000114150 0.000024140 0.000024250 0.000179560 0.000077380 0.000211940 0.000234130 0.000256410 0.000158750 0.000187390 0.000170560 0.000169190 0.000187850 0.000021530 0.000037590 0.000176040 0.000000000 0.000000010 0.000019140 0.000017810 0.000002560 0.000282270 
46     0.000255750 0.000176690 0.000362440 0.000394160 0.000357850 0.000281730 0.000035140 0.000273090 0.000043770 0.000088560 0.000291740 0.000228080 0.000102920 0.000262030 0.000237710 0.000123760 0.000383480 0.000458030 0.000388610 0.000091160 0.000090350 0.000181740 0.000171210 0.000169760 0.000119990 0.000124550 0.000137490 0.000139750 0.000152670 0.000088560 0.000022450 0.000022560 0.000211130 0.000077370 0.000174760 0.000252980 0.000230820 0.000164710 0.000174880 0.000142400 0.000134690 0.000162260 0.000019840 0.000035900 0.000104820 0.000000010 0.000000000 0.000016060 0.000017800 0.000000870 0.000426220 
21     0.000376380 0.000457410 0.000491850 0.000481040 0.000394020 0.000455490 0.000044260 0.000314310 0.000052890 0.000097680 0.000327910 0.000373120 0.000436890 0.000349830 0.000376010 0.000308870 0.000416950 0.000410570 0.000415150 0.000107970 0.000107160 0.000220520 0.000338550 0.000389230 0.000153830 0.000141360 0.000154300 0.000156560 0.000169480 0.000357300 0.000039260 0.000039370 0.000345400 0.000311850 0.000348520 0.000296350 0.000319270 0.000286740 0.000260970 0.000260960 0.000274500 0.000277330 0.000036650 0.000052710 0.000284420 0.000019140 0.000016060 0.000000000 0.000065380 0.000000110 0.000900160 
39     0.000239810 0.000194450 0.000364360 0.000353550 0.000312690 0.000372520 0.000104860 0.000232980 0.000113490 0.000158280 0.000246580 0.000245840 0.000120680 0.000246090 0.000248520 0.000160710 0.000289460 0.000283080 0.000287660 0.000215470 0.000209670 0.000287360 0.000269250 0.000307900 0.000137750 0.000248860 0.000257760 0.000256830 0.000267400 0.000274980 0.000146760 0.000146870 0.000251270 0.000095130 0.000293600 0.000281750 0.000361530 0.000206370 0.000235010 0.000218180 0.000216810 0.000253810 0.000144150 0.000160210 0.000244060 0.000017810 0.000017800 0.000065380 0.000000000 0.000006190 0.000342820 
43     0.000290500 0.000310420 0.000344860 0.000334050 0.000335120 0.000353020 0.000047000 0.000130880 0.000055630 0.000100420 0.000269010 0.000302250 0.000289900 0.000263340 0.000229020 0.000083450 0.000269960 0.000263580 0.000268160 0.000091390 0.000090580 0.000191910 0.000225580 0.000308780 0.000137250 0.000124780 0.000137720 0.000139980 0.000152900 0.000065080 0.000022680 0.000022790 0.000167190 0.000258010 0.000294680 0.000275760 0.000273530 0.000228800 0.000244390 0.000240610 0.000239240 0.000298020 0.000020070 0.000036130 0.000224560 0.000002560 0.000000870 0.000000110 0.000006190 0.000000000 0.000340410 
0     0.000888020 0.000867500 0.000919150 0.000890410 0.000984850 0.000982200 0.000943850 0.001079560 0.000954980 0.000942060 0.000927180 0.000809510 0.001870110 0.000866210 0.000858130 0.001257320 0.001201000 0.001330960 0.001202060 0.001113450 0.001201540 0.001171130 0.001182140 0.001228640 0.001138480 0.000786980 0.001185500 0.001189220 0.001197290 0.001160940 0.001030300 0.001124530 0.000923350 0.001057010 0.001034120 0.001057420 0.001007970 0.001038040 0.001063710 0.001075440 0.001059600 0.000535070 0.000633000 0.000752590 0.000564160 0.000282270 0.000426220 0.000900160 0.000342820 0.000340410 0.000000000 
