51
8     0.000000000 0.002730628 0.002667065 0.002479357 0.003976232 0.005237841 0.002853522 0.004142295 0.003037285 0.002957750 0.003159598 0.003271688 0.006230192 0.003266429 0.003096156 0.004461973 0.005464911 0.005472390 0.005421748 0.004715613 0.004660283 0.004604894 0.004668106 0.004629526 0.005708477 0.004651227 0.004090385 0.004115472 0.004106787 0.004335468 0.004410090 0.004573095 0.004030876 0.005051474 0.004572544 0.004187967 0.004837414 0.004381469 0.004515660 0.004436867 0.004400577 0.005301577 0.005213240 0.005013665 0.005021190 0.003344328 0.004500739 0.004592958 0.004028585 0.004064846 0.024018407 
2     0.002730628 0.000000000 0.000411164 0.001126093 0.004417602 0.005679210 0.003294015 0.004582788 0.003477778 0.003398243 0.003599224 0.003711314 0.006670262 0.003706187 0.003535914 0.004906062 0.005909000 0.005916480 0.005865838 0.005159702 0.005104373 0.005048983 0.005112196 0.005073615 0.006152567 0.005095255 0.004534413 0.004559500 0.004550815 0.004779496 0.004854117 0.005017123 0.004474939 0.005495537 0.005016607 0.004632030 0.005281477 0.004825532 0.004959723 0.004880930 0.004844640 0.005745417 0.005657079 0.005457504 0.005465030 0.003784191 0.004940602 0.005032981 0.004468608 0.004504870 0.024457176 
6     0.002667065 0.000411164 0.000000000 0.001076933 0.004357215 0.005618823 0.003233628 0.004522401 0.003417391 0.003337856 0.003538837 0.003650927 0.006609875 0.003645800 0.003475528 0.004845675 0.005848613 0.005856093 0.005805451 0.005099315 0.005043986 0.004988596 0.005051809 0.005013228 0.006092180 0.005034868 0.004474026 0.004499113 0.004490428 0.004719109 0.004793730 0.004956736 0.004414552 0.005435150 0.004956220 0.004571643 0.005221090 0.004765145 0.004899336 0.004820543 0.004784253 0.005685030 0.005596692 0.005397117 0.005404643 0.003723804 0.004880215 0.004972594 0.004408221 0.004444483 0.024396789 
13     0.002479357 0.001126093 0.001076933 0.000000000 0.004155490 0.005417099 0.003031965 0.004320738 0.003215728 0.003136193 0.003334476 0.003446566 0.006405514 0.003442548 0.003272276 0.004641423 0.005644361 0.005651841 0.005601198 0.004895063 0.004839734 0.004784344 0.004847557 0.004808976 0.005887928 0.004830615 0.004269773 0.004294861 0.004286176 0.004514857 0.004589478 0.004752484 0.004210300 0.005230898 0.004751968 0.004367390 0.005016838 0.004560893 0.004695084 0.004616291 0.004580001 0.005480778 0.005392440 0.005192865 0.005200391 0.003519551 0.004675962 0.004768342 0.004203969 0.004240230 0.024192537 
7     0.003976232 0.004417602 0.004357215 0.004155490 0.000000000 0.003271086 0.002340036 0.003626478 0.002523290 0.002442619 0.003285258 0.003397357 0.006353610 0.003395202 0.003223298 0.004562522 0.005565460 0.005572940 0.005522298 0.004816163 0.004760833 0.004705443 0.004768656 0.004730075 0.005809027 0.004753395 0.004192553 0.004217640 0.004209388 0.004438419 0.004511281 0.004674287 0.004137377 0.005157975 0.004679045 0.004294467 0.004943915 0.004487970 0.004622161 0.004543368 0.004507078 0.005394675 0.005306338 0.005106763 0.005114288 0.003438875 0.004594326 0.004691660 0.004127287 0.004163549 0.024112634 
9     0.005237841 0.005679210 0.005618823 0.005417099 0.003271086 0.000000000 0.003597366 0.004883808 0.003780296 0.003699624 0.004544441 0.004656540 0.007611279 0.004654111 0.004482206 0.005821483 0.006824421 0.006831900 0.006781258 0.006075123 0.006019793 0.005964404 0.006027616 0.005989036 0.007067987 0.006012355 0.005451513 0.005476601 0.005468348 0.005697379 0.005770241 0.005933247 0.005395988 0.006416587 0.005937656 0.005553079 0.006202526 0.005748194 0.005882385 0.005803592 0.005767302 0.006653575 0.006565237 0.006365662 0.006373188 0.004698995 0.005854445 0.005951780 0.005387407 0.005423668 0.025372249 
11     0.002853522 0.003294015 0.003233628 0.003031965 0.002340036 0.003597366 0.000000000 0.001745449 0.000636853 0.000558857 0.002142714 0.002254813 0.005211983 0.002258167 0.002086204 0.003435634 0.004438572 0.004446052 0.004395410 0.003689275 0.003633945 0.003578555 0.003641768 0.003603187 0.004682139 0.003626009 0.003065167 0.003090254 0.003082002 0.003311033 0.003383895 0.003546901 0.003011091 0.004031689 0.003552759 0.003168182 0.003817629 0.003363296 0.003497487 0.003418695 0.003382404 0.004264466 0.004176129 0.003976554 0.003984079 0.002311999 0.003467449 0.003565317 0.003000944 0.003037205 0.022982771 
4     0.004142295 0.004582788 0.004522401 0.004320738 0.003626478 0.004883808 0.001745449 0.000000000 0.001870193 0.001788800 0.003429358 0.003541457 0.006498628 0.003544811 0.003372848 0.004723459 0.005726397 0.005733877 0.005683235 0.004977100 0.004921770 0.004866380 0.004929593 0.004891012 0.005969964 0.004913834 0.004352992 0.004378079 0.004369827 0.004598858 0.004671720 0.004834726 0.004298916 0.005319514 0.004840584 0.004456007 0.005105454 0.004651121 0.004785312 0.004706520 0.004670229 0.005552331 0.005463994 0.005264419 0.005271944 0.003599824 0.004755274 0.004853142 0.004288769 0.004325030 0.024270596 
15     0.003037285 0.003477778 0.003417391 0.003215728 0.002523290 0.003780296 0.000636853 0.001870193 0.000000000 0.000244657 0.002324895 0.002436993 0.005394164 0.002440347 0.002268385 0.003620527 0.004623465 0.004630945 0.004580303 0.003874167 0.003818838 0.003763448 0.003826661 0.003788080 0.004867032 0.003811400 0.003250558 0.003275645 0.003267393 0.003496423 0.003569286 0.003732292 0.003195984 0.004216582 0.003737652 0.003353074 0.004002521 0.003548189 0.003682380 0.003603588 0.003567297 0.004449399 0.004361061 0.004161486 0.004169012 0.002496892 0.003652342 0.003750210 0.003185837 0.003222098 0.023167352 
1     0.002957750 0.003398243 0.003337856 0.003136193 0.002442619 0.003699624 0.000558857 0.001788800 0.000244657 0.000000000 0.002245103 0.002357202 0.005314373 0.002360556 0.002188593 0.003540736 0.004543674 0.004551154 0.004500511 0.003794376 0.003739046 0.003683657 0.003746869 0.003708289 0.004787240 0.003731608 0.003170766 0.003195854 0.003187602 0.003416632 0.003489495 0.003652500 0.003116192 0.004136791 0.003657860 0.003273283 0.003922730 0.003468398 0.003602589 0.003523796 0.003487506 0.004369608 0.004281270 0.004081695 0.004089221 0.002417101 0.003572551 0.003670418 0.003106045 0.003142307 0.023087561 
14     0.003159598 0.003599224 0.003538837 0.003334476 0.003285258 0.004544441 0.002142714 0.003429358 0.002324895 0.002245103 0.000000000 0.001159775 0.004742431 0.001862565 0.001675235 0.003613160 0.004616098 0.004623577 0.004572935 0.003866800 0.003811470 0.003756081 0.003819293 0.003780713 0.004859664 0.003804044 0.003243202 0.003268290 0.003260038 0.003487141 0.003561837 0.003724843 0.003183374 0.004203973 0.003725042 0.003340465 0.003989912 0.003535580 0.003669771 0.003590978 0.003554688 0.004450513 0.004362176 0.004162601 0.004170126 0.002489243 0.003644693 0.003742417 0.003178044 0.003214306 0.023165176 
5     0.003271688 0.003711314 0.003650927 0.003446566 0.003397357 0.004656540 0.002254813 0.003541457 0.002436993 0.002357202 0.001159775 0.000000000 0.004855157 0.001975254 0.001787923 0.003725193 0.004728131 0.004735610 0.004684968 0.003978833 0.003923503 0.003868114 0.003931326 0.003892746 0.004971697 0.003916077 0.003355235 0.003380323 0.003372071 0.003599173 0.003673870 0.003836876 0.003295407 0.004316006 0.003837075 0.003452498 0.004101945 0.003647613 0.003781804 0.003703011 0.003666721 0.004562546 0.004474209 0.004274634 0.004282159 0.002601276 0.003756726 0.003854450 0.003290077 0.003326339 0.023277209 
10     0.006230192 0.006670262 0.006609875 0.006405514 0.006353610 0.007611279 0.005211983 0.006498628 0.005394164 0.005314373 0.004742431 0.004855157 0.000000000 0.004937253 0.004756309 0.006675534 0.007678472 0.007685952 0.007635310 0.006929175 0.006873845 0.006818455 0.006881668 0.006843087 0.007922039 0.006866164 0.006305322 0.006330409 0.006322157 0.006550384 0.006625081 0.006788086 0.006248851 0.007269450 0.006790520 0.006405942 0.007055389 0.006601057 0.006735248 0.006656455 0.006620165 0.007514719 0.007426382 0.007226807 0.007234332 0.005557974 0.006713425 0.006809879 0.006245506 0.006281767 0.026233347 
12     0.003266429 0.003706187 0.003645800 0.003442548 0.003395202 0.004654111 0.002258167 0.003544811 0.002440347 0.002360556 0.001862565 0.001975254 0.004937253 0.000000000 0.001443786 0.003719386 0.004722506 0.004729985 0.004679343 0.003973208 0.003917878 0.003862307 0.003925520 0.003886939 0.004965891 0.003909575 0.003348733 0.003373820 0.003365568 0.003593774 0.003668867 0.003831873 0.003293021 0.004313620 0.003834689 0.003450112 0.004099559 0.003645227 0.003779418 0.003700625 0.003664335 0.004562874 0.004474536 0.004274961 0.004282487 0.002602909 0.003758359 0.003852808 0.003288435 0.003324696 0.023282268 
3     0.003096156 0.003535914 0.003475528 0.003272276 0.003223298 0.004482206 0.002086204 0.003372848 0.002268385 0.002188593 0.001675235 0.001787923 0.004756309 0.001443786 0.000000000 0.003543869 0.004546989 0.004554469 0.004503826 0.003797691 0.003742362 0.003686790 0.003750003 0.003711422 0.004790374 0.003734520 0.003173678 0.003198765 0.003190513 0.003417616 0.003492247 0.003655253 0.003117504 0.004138103 0.003659172 0.003274595 0.003924042 0.003469710 0.003603901 0.003525108 0.003488818 0.004386715 0.004298378 0.004098803 0.004106328 0.002426665 0.003582116 0.003676565 0.003112192 0.003148453 0.023107578 
49     0.004461973 0.004906062 0.004845675 0.004641423 0.004562522 0.005821483 0.003435634 0.004723459 0.003620527 0.003540736 0.003613160 0.003725193 0.006675534 0.003719386 0.003543869 0.000000000 0.001754049 0.001764089 0.001714529 0.001323232 0.001270400 0.001715343 0.001780195 0.001739775 0.002831609 0.002987888 0.002438877 0.002463964 0.002457510 0.002683297 0.002763746 0.002925217 0.003378964 0.004399189 0.003919873 0.003535156 0.004184641 0.003729604 0.003863949 0.003785156 0.003748866 0.004782007 0.004693670 0.004494095 0.004501621 0.002840951 0.003996586 0.004100526 0.003536153 0.003572414 0.023663850 
16     0.005464911 0.005909000 0.005848613 0.005644361 0.005565460 0.006824421 0.004438572 0.005726397 0.004623465 0.004543674 0.004616098 0.004728131 0.007678472 0.004722506 0.004546989 0.001754049 0.000000000 0.001006047 0.000985051 0.002313344 0.002262472 0.002730460 0.002795462 0.002753842 0.003803141 0.003992809 0.003445371 0.003470458 0.003464915 0.003688471 0.003769296 0.003930768 0.004382547 0.005402772 0.004923456 0.004538740 0.005188224 0.004733187 0.004867532 0.004788739 0.004752449 0.005784641 0.005696303 0.005496728 0.005504254 0.003843584 0.004999220 0.005103367 0.004538994 0.004575256 0.024666789 
28     0.005472390 0.005916480 0.005856093 0.005651841 0.005572940 0.006831900 0.004446052 0.005733877 0.004630945 0.004551154 0.004623577 0.004735610 0.007685952 0.004729985 0.004554469 0.001764089 0.001006047 0.000000000 0.000712368 0.002321019 0.002270147 0.002741212 0.002806213 0.002765316 0.003807570 0.004000289 0.003452850 0.003477938 0.003472394 0.003695951 0.003776776 0.003938248 0.004390027 0.005410252 0.004930936 0.004546219 0.005195704 0.004740667 0.004875012 0.004796219 0.004759929 0.005792120 0.005703783 0.005504208 0.005511733 0.003851064 0.005006699 0.005110847 0.004546474 0.004582736 0.024674268 
45     0.005421748 0.005865838 0.005805451 0.005601198 0.005522298 0.006781258 0.004395410 0.005683235 0.004580303 0.004500511 0.004572935 0.004684968 0.007635310 0.004679343 0.004503826 0.001714529 0.000985051 0.000712368 0.000000000 0.002274583 0.002223711 0.002693895 0.002758896 0.002717747 0.003757445 0.003949550 0.003402112 0.003427199 0.003421656 0.003645212 0.003726037 0.003887509 0.004339385 0.005359610 0.004880293 0.004495577 0.005145062 0.004690025 0.004824370 0.004745577 0.004709287 0.005741478 0.005653141 0.005453566 0.005461091 0.003800422 0.004956057 0.005060205 0.004495832 0.004532094 0.024623626 
47     0.004715613 0.005159702 0.005099315 0.004895063 0.004816163 0.006075123 0.003689275 0.004977100 0.003874167 0.003794376 0.003866800 0.003978833 0.006929175 0.003973208 0.003797691 0.001323232 0.002313344 0.002321019 0.002274583 0.000000000 0.000516832 0.001930268 0.001995602 0.001952006 0.003049596 0.003246393 0.002699107 0.002724195 0.002717942 0.002938134 0.003013076 0.003174547 0.003631849 0.004652074 0.004172757 0.003788041 0.004437526 0.003982489 0.004116834 0.004038041 0.004001751 0.005034361 0.004946023 0.004746448 0.004753974 0.003094663 0.004250298 0.004354463 0.003790090 0.003826352 0.023917599 
36     0.004660283 0.005104373 0.005043986 0.004839734 0.004760833 0.006019793 0.003633945 0.004921770 0.003818838 0.003739046 0.003811470 0.003923503 0.006873845 0.003917878 0.003742362 0.001270400 0.002262472 0.002270147 0.002223711 0.000516832 0.000000000 0.001877377 0.001942712 0.001900805 0.002996398 0.003191832 0.002644547 0.002669634 0.002663381 0.002883538 0.002958480 0.003119951 0.003576520 0.004596744 0.004117428 0.003732712 0.004382197 0.003927159 0.004061504 0.003982712 0.003946421 0.004979031 0.004890694 0.004691119 0.004698644 0.003039333 0.004194969 0.004299134 0.003734761 0.003771022 0.023862270 
48     0.004604894 0.005048983 0.004988596 0.004784344 0.004705443 0.005964404 0.003578555 0.004866380 0.003763448 0.003683657 0.003756081 0.003868114 0.006818455 0.003862307 0.003686790 0.001715343 0.002730460 0.002741212 0.002693895 0.001930268 0.001877377 0.000000000 0.000355419 0.001055746 0.002585403 0.003138355 0.002591419 0.002616506 0.002610243 0.002837310 0.002909328 0.003071020 0.003522839 0.004543064 0.004063747 0.003679031 0.004328516 0.003873479 0.004007824 0.003929031 0.003892740 0.004924258 0.004835920 0.004636345 0.004643871 0.002984541 0.004140176 0.004244132 0.003679759 0.003716021 0.023807654 
29     0.004668106 0.005112196 0.005051809 0.004847557 0.004768656 0.006027616 0.003641768 0.004929593 0.003826661 0.003746869 0.003819293 0.003931326 0.006881668 0.003925520 0.003750003 0.001780195 0.002795462 0.002806213 0.002758896 0.001995602 0.001942712 0.000355419 0.000000000 0.001124424 0.002648854 0.003201567 0.002654631 0.002679719 0.002673456 0.002900522 0.002972541 0.003134232 0.003586052 0.004606276 0.004126960 0.003742244 0.004391729 0.003936691 0.004071036 0.003992244 0.003955953 0.004987470 0.004899133 0.004699558 0.004707083 0.003047753 0.004203389 0.004307345 0.003742972 0.003779233 0.023870867 
44     0.004629526 0.005073615 0.005013228 0.004808976 0.004730075 0.005989036 0.003603187 0.004891012 0.003788080 0.003708289 0.003780713 0.003892746 0.006843087 0.003886939 0.003711422 0.001739775 0.002753842 0.002765316 0.002717747 0.001952006 0.001900805 0.001055746 0.001124424 0.000000000 0.002624284 0.003161369 0.002614192 0.002639279 0.002633016 0.002860294 0.002933999 0.003095690 0.003546718 0.004566943 0.004087627 0.003702911 0.004352395 0.003897358 0.004031703 0.003952910 0.003916620 0.004948890 0.004860552 0.004660977 0.004668503 0.003009173 0.004164808 0.004268764 0.003704391 0.003740653 0.023831889 
37     0.005708477 0.006152567 0.006092180 0.005887928 0.005809027 0.007067987 0.004682139 0.005969964 0.004867032 0.004787240 0.004859664 0.004971697 0.007922039 0.004965891 0.004790374 0.002831609 0.003803141 0.003807570 0.003757445 0.003049596 0.002996398 0.002585403 0.002648854 0.002624284 0.000000000 0.004236091 0.003688950 0.003714037 0.003708457 0.003934347 0.004009711 0.004171403 0.004626091 0.005646315 0.005166999 0.004782283 0.005431768 0.004976730 0.005110905 0.005032112 0.004995822 0.006027254 0.005938917 0.005739342 0.005746867 0.004087520 0.005243156 0.005347342 0.004782969 0.004819231 0.024911118 
22     0.004651227 0.005095255 0.005034868 0.004830615 0.004753395 0.006012355 0.003626009 0.004913834 0.003811400 0.003731608 0.003804044 0.003916077 0.006866164 0.003909575 0.003734520 0.002987888 0.003992809 0.004000289 0.003949550 0.003246393 0.003191832 0.003138355 0.003201567 0.003161369 0.004236091 0.000000000 0.001597271 0.001621209 0.001618699 0.002325878 0.002573227 0.002739535 0.003582880 0.004603156 0.004123788 0.003739123 0.004388610 0.003933591 0.004067935 0.003989143 0.003952852 0.004974781 0.004886444 0.004686869 0.004694394 0.003032370 0.004187986 0.004293404 0.003729031 0.003765292 0.023852924 
25     0.004090385 0.004534413 0.004474026 0.004269773 0.004192553 0.005451513 0.003065167 0.004352992 0.003250558 0.003170766 0.003243202 0.003355235 0.006305322 0.003348733 0.003173678 0.002438877 0.003445371 0.003452850 0.003402112 0.002699107 0.002644547 0.002591419 0.002654631 0.002614192 0.003688950 0.001597271 0.000000000 0.000133130 0.000409391 0.001780767 0.002032784 0.002199016 0.003027335 0.004047612 0.003568244 0.003183579 0.003833066 0.003378007 0.003512352 0.003433559 0.003397268 0.004414917 0.004326580 0.004127005 0.004134530 0.002471845 0.003627462 0.003732647 0.003168274 0.003204535 0.023292924 
40     0.004115472 0.004559500 0.004499113 0.004294861 0.004217640 0.005476601 0.003090254 0.004378079 0.003275645 0.003195854 0.003268290 0.003380323 0.006330409 0.003373820 0.003198765 0.002463964 0.003470458 0.003477938 0.003427199 0.002724195 0.002669634 0.002616506 0.002679719 0.002639279 0.003714037 0.001621209 0.000133130 0.000000000 0.000431283 0.001805450 0.002057892 0.002224124 0.003052423 0.004072699 0.003593331 0.003208666 0.003858153 0.003403094 0.003537439 0.003458646 0.003422356 0.004440005 0.004351667 0.004152092 0.004159618 0.002496933 0.003652549 0.003757734 0.003193361 0.003229622 0.023318011 
23     0.004106787 0.004550815 0.004490428 0.004286176 0.004209388 0.005468348 0.003082002 0.004369827 0.003267393 0.003187602 0.003260038 0.003372071 0.006322157 0.003365568 0.003190513 0.002457510 0.003464915 0.003472394 0.003421656 0.002717942 0.002663381 0.002610243 0.002673456 0.002633016 0.003708457 0.001618699 0.000409391 0.000431283 0.000000000 0.001801548 0.002054430 0.002220662 0.003043300 0.004063576 0.003584208 0.003199543 0.003849030 0.003393971 0.003528316 0.003449523 0.003413233 0.004430843 0.004342505 0.004142930 0.004150456 0.002488973 0.003644590 0.003749774 0.003185401 0.003221663 0.023309331 
41     0.004335468 0.004779496 0.004719109 0.004514857 0.004438419 0.005697379 0.003311033 0.004598858 0.003496423 0.003416632 0.003487141 0.003599173 0.006550384 0.003593774 0.003417616 0.002683297 0.003688471 0.003695951 0.003645212 0.002938134 0.002883538 0.002837310 0.002900522 0.002860294 0.003934347 0.002325878 0.001780767 0.001805450 0.001801548 0.000000000 0.002259364 0.002424147 0.003264827 0.004285052 0.003805736 0.003421019 0.004070506 0.003615487 0.003749831 0.003671039 0.003634748 0.004659288 0.004570950 0.004371375 0.004378901 0.002720001 0.003875618 0.003981035 0.003416662 0.003452924 0.023536780 
18     0.004410090 0.004854117 0.004793730 0.004589478 0.004511281 0.005770241 0.003383895 0.004671720 0.003569286 0.003489495 0.003561837 0.003673870 0.006625081 0.003668867 0.003492247 0.002763746 0.003769296 0.003776776 0.003726037 0.003013076 0.002958480 0.002909328 0.002972541 0.002933999 0.004009711 0.002573227 0.002032784 0.002057892 0.002054430 0.002259364 0.000000000 0.000612484 0.003337964 0.004358241 0.003878873 0.003494208 0.004143695 0.003688636 0.003822981 0.003744188 0.003707898 0.004732151 0.004643814 0.004444239 0.004451764 0.002794134 0.003949751 0.004055242 0.003490869 0.003527130 0.023611591 
32     0.004573095 0.005017123 0.004956736 0.004752484 0.004674287 0.005933247 0.003546901 0.004834726 0.003732292 0.003652500 0.003724843 0.003836876 0.006788086 0.003831873 0.003655253 0.002925217 0.003930768 0.003938248 0.003887509 0.003174547 0.003119951 0.003071020 0.003134232 0.003095690 0.004171403 0.002739535 0.002199016 0.002224124 0.002220662 0.002424147 0.000612484 0.000000000 0.003500970 0.004521195 0.004041879 0.003657162 0.004306649 0.003851590 0.003985935 0.003907142 0.003870852 0.004895157 0.004806819 0.004607244 0.004614770 0.002957140 0.004112757 0.004218248 0.003653875 0.003690136 0.023774597 
26     0.004030876 0.004474939 0.004414552 0.004210300 0.004137377 0.005395988 0.003011091 0.004298916 0.003195984 0.003116192 0.003183374 0.003295407 0.006248851 0.003293021 0.003117504 0.003378964 0.004382547 0.004390027 0.004339385 0.003631849 0.003576520 0.003522839 0.003586052 0.003546718 0.004626091 0.003582880 0.003027335 0.003052423 0.003043300 0.003264827 0.003337964 0.003500970 0.000000000 0.001637094 0.001363914 0.000985966 0.001633889 0.001672366 0.001803391 0.001724963 0.001692880 0.004395544 0.004307207 0.004107632 0.004115157 0.002456107 0.003610811 0.003699168 0.003134795 0.003171057 0.023250025 
35     0.005051474 0.005495537 0.005435150 0.005230898 0.005157975 0.006416587 0.004031689 0.005319514 0.004216582 0.004136791 0.004203973 0.004316006 0.007269450 0.004313620 0.004138103 0.004399189 0.005402772 0.005410252 0.005359610 0.004652074 0.004596744 0.004543064 0.004606276 0.004566943 0.005646315 0.004603156 0.004047612 0.004072699 0.004063576 0.004285052 0.004358241 0.004521195 0.001637094 0.000000000 0.002391440 0.002006610 0.002658199 0.002691787 0.002822811 0.002744383 0.002712300 0.005416202 0.005327864 0.005128289 0.005135815 0.003476764 0.004631469 0.004719826 0.004155453 0.004191714 0.024270616 
34     0.004572544 0.005016607 0.004956220 0.004751968 0.004679045 0.005937656 0.003552759 0.004840584 0.003737652 0.003657860 0.003725042 0.003837075 0.006790520 0.003834689 0.003659172 0.003919873 0.004923456 0.004930936 0.004880293 0.004172757 0.004117428 0.004063747 0.004126960 0.004087627 0.005166999 0.004123788 0.003568244 0.003593331 0.003584208 0.003805736 0.003878873 0.004041879 0.001363914 0.002391440 0.000000000 0.001105244 0.002017977 0.002208159 0.002339204 0.002260756 0.002230840 0.004937389 0.004849052 0.004649477 0.004657002 0.002997776 0.004152481 0.004240794 0.003676421 0.003712682 0.023791527 
31     0.004187967 0.004632030 0.004571643 0.004367390 0.004294467 0.005553079 0.003168182 0.004456007 0.003353074 0.003273283 0.003340465 0.003452498 0.006405942 0.003450112 0.003274595 0.003535156 0.004538740 0.004546219 0.004495577 0.003788041 0.003732712 0.003679031 0.003742244 0.003702911 0.004782283 0.003739123 0.003183579 0.003208666 0.003199543 0.003421019 0.003494208 0.003657162 0.000985966 0.002006610 0.001105244 0.000000000 0.001635311 0.001821660 0.001952705 0.001874257 0.001844340 0.004552812 0.004464474 0.004264899 0.004272425 0.002613199 0.003767904 0.003856216 0.003291843 0.003328105 0.023406949 
50     0.004837414 0.005281477 0.005221090 0.005016838 0.004943915 0.006202526 0.003817629 0.005105454 0.004002521 0.003922730 0.003989912 0.004101945 0.007055389 0.004099559 0.003924042 0.004184641 0.005188224 0.005195704 0.005145062 0.004437526 0.004382197 0.004328516 0.004391729 0.004352395 0.005431768 0.004388610 0.003833066 0.003858153 0.003849030 0.004070506 0.004143695 0.004306649 0.001633889 0.002658199 0.002017977 0.001635311 0.000000000 0.002483722 0.002614767 0.002536319 0.002506402 0.005202303 0.005113965 0.004914390 0.004921916 0.003262692 0.004417397 0.004505684 0.003941311 0.003977573 0.024056389 
19     0.004381469 0.004825532 0.004765145 0.004560893 0.004487970 0.005748194 0.003363296 0.004651121 0.003548189 0.003468398 0.003535580 0.003647613 0.006601057 0.003645227 0.003469710 0.003729604 0.004733187 0.004740667 0.004690025 0.003982489 0.003927159 0.003873479 0.003936691 0.003897358 0.004976730 0.003933591 0.003378007 0.003403094 0.003393971 0.003615487 0.003688636 0.003851590 0.001672366 0.002691787 0.002208159 0.001821660 0.002483722 0.000000000 0.000594011 0.000507607 0.000468417 0.004750145 0.004661808 0.004462233 0.004469758 0.002809573 0.003964278 0.004052386 0.003488013 0.003524275 0.023601991 
24     0.004515660 0.004959723 0.004899336 0.004695084 0.004622161 0.005882385 0.003497487 0.004785312 0.003682380 0.003602589 0.003669771 0.003781804 0.006735248 0.003779418 0.003603901 0.003863949 0.004867532 0.004875012 0.004824370 0.004116834 0.004061504 0.004007824 0.004071036 0.004031703 0.005110905 0.004067935 0.003512352 0.003537439 0.003528316 0.003749831 0.003822981 0.003985935 0.001803391 0.002822811 0.002339204 0.001952705 0.002614767 0.000594011 0.000000000 0.000452861 0.000509648 0.004884319 0.004795982 0.004596407 0.004603932 0.002943748 0.004098452 0.004186577 0.003622204 0.003658466 0.023736182 
20     0.004436867 0.004880930 0.004820543 0.004616291 0.004543368 0.005803592 0.003418695 0.004706520 0.003603588 0.003523796 0.003590978 0.003703011 0.006656455 0.003700625 0.003525108 0.003785156 0.004788739 0.004796219 0.004745577 0.004038041 0.003982712 0.003929031 0.003992244 0.003952910 0.005032112 0.003989143 0.003433559 0.003458646 0.003449523 0.003671039 0.003744188 0.003907142 0.001724963 0.002744383 0.002260756 0.001874257 0.002536319 0.000507607 0.000452861 0.000000000 0.000437194 0.004805527 0.004717189 0.004517614 0.004525140 0.002864955 0.004019660 0.004107785 0.003543412 0.003579673 0.023657389 
17     0.004400577 0.004844640 0.004784253 0.004580001 0.004507078 0.005767302 0.003382404 0.004670229 0.003567297 0.003487506 0.003554688 0.003666721 0.006620165 0.003664335 0.003488818 0.003748866 0.004752449 0.004759929 0.004709287 0.004001751 0.003946421 0.003892740 0.003955953 0.003916620 0.004995822 0.003952852 0.003397268 0.003422356 0.003413233 0.003634748 0.003707898 0.003870852 0.001692880 0.002712300 0.002230840 0.001844340 0.002506402 0.000468417 0.000509648 0.000437194 0.000000000 0.004769236 0.004680899 0.004481324 0.004488849 0.002828665 0.003983369 0.004071494 0.003507121 0.003543383 0.023621099 
42     0.005301577 0.005745417 0.005685030 0.005480778 0.005394675 0.006653575 0.004264466 0.005552331 0.004449399 0.004369608 0.004450513 0.004562546 0.007514719 0.004562874 0.004386715 0.004782007 0.005784641 0.005792120 0.005741478 0.005034361 0.004979031 0.004924258 0.004987470 0.004948890 0.006027254 0.004974781 0.004414917 0.004440005 0.004430843 0.004659288 0.004732151 0.004895157 0.004395544 0.005416202 0.004937389 0.004552812 0.005202303 0.004750145 0.004884319 0.004805527 0.004769236 0.000000000 0.001177058 0.000962688 0.000950816 0.003632206 0.004789760 0.004880261 0.004315888 0.004352149 0.024509668 
38     0.005213240 0.005657079 0.005596692 0.005392440 0.005306338 0.006565237 0.004176129 0.005463994 0.004361061 0.004281270 0.004362176 0.004474209 0.007426382 0.004474536 0.004298378 0.004693670 0.005696303 0.005703783 0.005653141 0.004946023 0.004890694 0.004835920 0.004899133 0.004860552 0.005938917 0.004886444 0.004326580 0.004351667 0.004342505 0.004570950 0.004643814 0.004806819 0.004307207 0.005327864 0.004849052 0.004464474 0.005113965 0.004661808 0.004795982 0.004717189 0.004680899 0.001177058 0.000000000 0.000835136 0.000850992 0.003543869 0.004701422 0.004791923 0.004227550 0.004263812 0.024421331 
33     0.005013665 0.005457504 0.005397117 0.005192865 0.005106763 0.006365662 0.003976554 0.005264419 0.004161486 0.004081695 0.004162601 0.004274634 0.007226807 0.004274961 0.004098803 0.004494095 0.005496728 0.005504208 0.005453566 0.004746448 0.004691119 0.004636345 0.004699558 0.004660977 0.005739342 0.004686869 0.004127005 0.004152092 0.004142930 0.004371375 0.004444239 0.004607244 0.004107632 0.005128289 0.004649477 0.004264899 0.004914390 0.004462233 0.004596407 0.004517614 0.004481324 0.000962688 0.000835136 0.000000000 0.000619243 0.003344294 0.004501847 0.004592348 0.004027975 0.004064237 0.024221756 
30     0.005021190 0.005465030 0.005404643 0.005200391 0.005114288 0.006373188 0.003984079 0.005271944 0.004169012 0.004089221 0.004170126 0.004282159 0.007234332 0.004282487 0.004106328 0.004501621 0.005504254 0.005511733 0.005461091 0.004753974 0.004698644 0.004643871 0.004707083 0.004668503 0.005746867 0.004694394 0.004134530 0.004159618 0.004150456 0.004378901 0.004451764 0.004614770 0.004115157 0.005135815 0.004657002 0.004272425 0.004921916 0.004469758 0.004603932 0.004525140 0.004488849 0.000950816 0.000850992 0.000619243 0.000000000 0.003351820 0.004509373 0.004599874 0.004035501 0.004071762 0.024229281 
27     0.003344328 0.003784191 0.003723804 0.003519551 0.003438875 0.004698995 0.002311999 0.003599824 0.002496892 0.002417101 0.002489243 0.002601276 0.005557974 0.002602909 0.002426665 0.002840951 0.003843584 0.003851064 0.003800422 0.003094663 0.003039333 0.002984541 0.003047753 0.003009173 0.004087520 0.003032370 0.002471845 0.002496933 0.002488973 0.002720001 0.002794134 0.002957140 0.002456107 0.003476764 0.002997776 0.002613199 0.003262692 0.002809573 0.002943748 0.002864955 0.002828665 0.003632206 0.003543869 0.003344294 0.003351820 0.000000000 0.001754397 0.002511843 0.001947399 0.001983732 0.022550760 
46     0.004500739 0.004940602 0.004880215 0.004675962 0.004594326 0.005854445 0.003467449 0.004755274 0.003652342 0.003572551 0.003644693 0.003756726 0.006713425 0.003758359 0.003582116 0.003996586 0.004999220 0.005006699 0.004956057 0.004250298 0.004194969 0.004140176 0.004203389 0.004164808 0.005243156 0.004187986 0.003627462 0.003652549 0.003644590 0.003875618 0.003949751 0.004112757 0.003610811 0.004631469 0.004152481 0.003767904 0.004417397 0.003964278 0.004098452 0.004019660 0.003983369 0.004789760 0.004701422 0.004501847 0.004509373 0.001754397 0.000000000 0.003666978 0.003102534 0.003138867 0.023705854 
21     0.004592958 0.005032981 0.004972594 0.004768342 0.004691660 0.005951780 0.003565317 0.004853142 0.003750210 0.003670418 0.003742417 0.003854450 0.006809879 0.003852808 0.003676565 0.004100526 0.005103367 0.005110847 0.005060205 0.004354463 0.004299134 0.004244132 0.004307345 0.004268764 0.005347342 0.004293404 0.003732647 0.003757734 0.003749774 0.003981035 0.004055242 0.004218248 0.003699168 0.004719826 0.004240794 0.003856216 0.004505684 0.004052386 0.004186577 0.004107785 0.004071494 0.004880261 0.004791923 0.004592348 0.004599874 0.002511843 0.003666978 0.000000000 0.001378251 0.001417844 0.023807893 
39     0.004028585 0.004468608 0.004408221 0.004203969 0.004127287 0.005387407 0.003000944 0.004288769 0.003185837 0.003106045 0.003178044 0.003290077 0.006245506 0.003288435 0.003112192 0.003536153 0.004538994 0.004546474 0.004495832 0.003790090 0.003734761 0.003679759 0.003742972 0.003704391 0.004782969 0.003729031 0.003168274 0.003193361 0.003185401 0.003416662 0.003490869 0.003653875 0.003134795 0.004155453 0.003676421 0.003291843 0.003941311 0.003488013 0.003622204 0.003543412 0.003507121 0.004315888 0.004227550 0.004027975 0.004035501 0.001947399 0.003102534 0.001378251 0.000000000 0.000646653 0.023243520 
43     0.004064846 0.004504870 0.004444483 0.004240230 0.004163549 0.005423668 0.003037205 0.004325030 0.003222098 0.003142307 0.003214306 0.003326339 0.006281767 0.003324696 0.003148453 0.003572414 0.004575256 0.004582736 0.004532094 0.003826352 0.003771022 0.003716021 0.003779233 0.003740653 0.004819231 0.003765292 0.003204535 0.003229622 0.003221663 0.003452924 0.003527130 0.003690136 0.003171057 0.004191714 0.003712682 0.003328105 0.003977573 0.003524275 0.003658466 0.003579673 0.003543383 0.004352149 0.004263812 0.004064237 0.004071762 0.001983732 0.003138867 0.001417844 0.000646653 0.000000000 0.023279781 
0     0.024018407 0.024457176 0.024396789 0.024192537 0.024112634 0.025372249 0.022982771 0.024270596 0.023167352 0.023087561 0.023165176 0.023277209 0.026233347 0.023282268 0.023107578 0.023663850 0.024666789 0.024674268 0.024623626 0.023917599 0.023862270 0.023807654 0.023870867 0.023831889 0.024911118 0.023852924 0.023292924 0.023318011 0.023309331 0.023536780 0.023611591 0.023774597 0.023250025 0.024270616 0.023791527 0.023406949 0.024056389 0.023601991 0.023736182 0.023657389 0.023621099 0.024509668 0.024421331 0.024221756 0.024229281 0.022550760 0.023705854 0.023807893 0.023243520 0.023279781 0.000000000 
