51
1     0.000000000 0.004196830 0.053120520 0.118076000 0.161736270 0.111056540 0.248641800 0.161469010 0.159693340 0.040469720 0.089369700 0.165428750 0.229569990 0.265627520 0.198727760 0.190126050 0.275375760 0.135289220 0.284927660 0.265736360 0.178235170 0.174839780 0.199717020 0.256848170 0.283228690 0.267840140 0.275573380 0.146691230 0.149565290 0.189569800 0.147531700 0.131629640 0.106533580 0.213712190 0.107323510 0.363509070 0.409600290 0.290897470 0.123844470 0.125443170 0.164818210 0.204340540 0.060165100 0.062069930 0.144565050 0.200929610 0.184391130 0.178461650 0.131547180 0.052310110 0.177621940 
4     0.004196830 0.000000000 0.108843530 0.135724630 0.112414820 0.193110190 0.199320350 0.112147560 0.110915260 0.191253150 0.075454390 0.116107300 0.286221000 0.311617680 0.269742400 0.293156900 0.262274940 0.126769080 0.293718750 0.262283840 0.239580390 0.238479330 0.243229140 0.244817840 0.267557150 0.364789840 0.224367560 0.250525200 0.285884080 0.183580830 0.133616390 0.212929270 0.257682280 0.295479700 0.142622480 0.271306730 0.277747820 0.200366660 0.164872980 0.137981510 0.244367910 0.260360370 0.235716710 0.134384870 0.304885840 0.272993180 0.220981000 0.182950650 0.272704530 0.227861720 0.201588430 
6     0.053120520 0.108843530 0.000000000 0.022371040 0.023540240 0.042212210 0.016864030 0.125382520 0.066524420 0.028655560 0.087041760 0.131491950 0.164025950 0.239062200 0.147547350 0.182029950 0.139195310 0.162209230 0.277966450 0.131959700 0.189271950 0.189253330 0.275738220 0.195589690 0.187392820 0.359747910 0.336236600 0.217695580 0.211724710 0.175354510 0.201181480 0.184926940 0.203518400 0.202688130 0.150898750 0.299218840 0.255693510 0.223502090 0.105042200 0.123348760 0.202612450 0.146327680 0.253497990 0.171599220 0.139650610 0.155599610 0.172424280 0.191123590 0.221881300 0.126962910 0.069924330 
11     0.118076000 0.135724630 0.022371040 0.000000000 0.000101470 0.028604920 0.028686400 0.017692350 0.034999270 0.059194960 0.069058180 0.060691150 0.191987150 0.182775660 0.208794610 0.222656150 0.109265930 0.071352930 0.264283020 0.188730940 0.381506010 0.386320160 0.392776240 0.322199000 0.110505880 0.340530900 0.305183000 0.245556690 0.294912330 0.210132830 0.160168390 0.291934980 0.217969240 0.259459370 0.207669990 0.376145760 0.312464750 0.208461600 0.148422600 0.158882430 0.217224210 0.291127280 0.146951840 0.148856670 0.196421850 0.245828160 0.186788800 0.247894830 0.217288380 0.139096850 0.126695570 
3     0.161736270 0.112414820 0.023540240 0.000101470 0.000000000 0.030465950 0.011102480 0.010822960 0.022875350 0.068934070 0.065571440 0.037381340 0.188500410 0.179288920 0.218533720 0.219169410 0.119005040 0.048043120 0.258335530 0.242197590 0.400263070 0.419182210 0.378463800 0.324961540 0.120244990 0.334583410 0.341648210 0.282021900 0.280599890 0.212539090 0.162930930 0.294697520 0.203656800 0.285008020 0.198456660 0.378908300 0.305505120 0.194149160 0.158161710 0.168621540 0.226963320 0.336721790 0.168889860 0.194451180 0.294885090 0.255567270 0.183302060 0.253498710 0.193978570 0.179070070 0.130509690 
5     0.111056540 0.193110190 0.042212210 0.028604920 0.030465950 0.000000000 0.001191710 0.003460340 0.022706570 0.119015220 0.145287350 0.118076710 0.308632010 0.318582080 0.284405310 0.357101830 0.221755880 0.128738490 0.294856580 0.234004170 0.426779240 0.425201050 0.432823740 0.377406860 0.222995830 0.371104460 0.412222000 0.332100920 0.332080090 0.272706990 0.222742550 0.354509140 0.305562870 0.304732600 0.252943220 0.438719920 0.357737980 0.284428690 0.260912550 0.205210450 0.244585490 0.284107820 0.139932380 0.141837210 0.241695080 0.345279610 0.274468750 0.293168060 0.211314460 0.132077390 0.171968800 
7     0.248641800 0.199320350 0.016864030 0.028686400 0.011102480 0.001191710 0.000000000 0.000074760 0.017698690 0.041170750 0.104691350 0.124286870 0.227620320 0.218408830 0.275703850 0.258289320 0.151710500 0.134948650 0.301390800 0.144474890 0.337249960 0.342064110 0.412299500 0.299224630 0.272436260 0.372365020 0.356988380 0.303736880 0.298601330 0.219137040 0.213696670 0.333785180 0.216033590 0.215203320 0.163413940 0.360097220 0.268208700 0.236017280 0.230787550 0.320812810 0.329593480 0.306878560 0.255795390 0.184114410 0.152165800 0.317071300 0.184939470 0.203638780 0.280884100 0.139478100 0.082439520 
9     0.161469010 0.112147560 0.125382520 0.017692350 0.010822960 0.003460340 0.000074760 0.000000000 0.018261420 0.174990490 0.085003790 0.037114080 0.207932760 0.198721270 0.260583020 0.238601760 0.206573130 0.047775860 0.263188920 0.241930330 0.426977680 0.446888450 0.405178410 0.316634630 0.278888440 0.339436800 0.420812620 0.300433260 0.300412430 0.204568460 0.154604020 0.286370610 0.230371410 0.284740760 0.225171270 0.370581390 0.332219730 0.220863770 0.232303540 0.327264990 0.354296070 0.369809150 0.168622600 0.286037770 0.328109780 0.313082990 0.196284570 0.245171800 0.193711310 0.205784680 0.149942040 
8     0.159693340 0.110915260 0.066524420 0.034999270 0.022875350 0.022706570 0.017698690 0.018261420 0.000000000 0.088759830 0.022256940 0.035881780 0.225706930 0.235657000 0.238359480 0.317232940 0.138830800 0.046543560 0.286064100 0.194135280 0.274959950 0.310944010 0.262302170 0.348885020 0.140070750 0.343710740 0.310161690 0.327695530 0.348146010 0.268797430 0.263357060 0.315216170 0.260502570 0.264863710 0.213074330 0.409757610 0.317869090 0.285677670 0.177987470 0.188447300 0.246789080 0.301676610 0.167390300 0.233774800 0.201826190 0.275393030 0.195052270 0.253299170 0.192479010 0.189138490 0.132099910 
10     0.040469720 0.191253150 0.028655560 0.059194960 0.068934070 0.119015220 0.041170750 0.174990490 0.088759830 0.000000000 0.014032190 0.134565780 0.137124620 0.154270780 0.166565810 0.272876440 0.120202550 0.116329570 0.205995480 0.149778780 0.332960470 0.347368000 0.311161200 0.304528520 0.121442500 0.349353200 0.291553870 0.216026780 0.213297290 0.145236490 0.143686740 0.270800930 0.136354200 0.220507210 0.094908580 0.342618060 0.238202520 0.126846560 0.159359220 0.134623630 0.157718950 0.142575560 0.069345560 0.071250390 0.157469690 0.215099940 0.190243360 0.166046720 0.140727640 0.061490570 0.087743410 
2     0.089369700 0.075454390 0.087041760 0.069058180 0.065571440 0.145287350 0.104691350 0.085003790 0.022256940 0.014032190 0.000000000 0.158299080 0.160857920 0.170243760 0.190299110 0.210124250 0.178095620 0.147232050 0.229728780 0.261897460 0.321129640 0.321111020 0.334894500 0.221560030 0.246201400 0.316203410 0.306792440 0.222125170 0.237030590 0.109493860 0.059529420 0.191296010 0.160087500 0.233436120 0.154887360 0.275506790 0.261935820 0.150579860 0.203826030 0.292940620 0.306373040 0.140131770 0.227662550 0.229567380 0.181191720 0.188707370 0.146894030 0.150097200 0.189886510 0.135500770 0.117630800 
43     0.165428750 0.116107300 0.131491950 0.060691150 0.037381340 0.118076710 0.124286870 0.037114080 0.035881780 0.134565780 0.158299080 0.000000000 0.002615760 0.005362570 0.022466100 0.006644940 0.042756810 0.035794300 0.231446560 0.226682980 0.256795310 0.258555160 0.258492580 0.233163400 0.176261890 0.141063000 0.141214380 0.241477860 0.238748370 0.155173130 0.169137820 0.277509630 0.161805280 0.153442100 0.074935960 0.127674460 0.144026950 0.152297640 0.065656570 0.252864950 0.238933480 0.096213880 0.172564220 0.082329110 0.083473060 0.112586000 0.119273200 0.168055910 0.193543560 0.137218550 0.147197250 
29     0.229569990 0.286221000 0.164025950 0.191987150 0.188500410 0.308632010 0.227620320 0.207932760 0.225706930 0.137124620 0.160857920 0.002615760 0.000000000 0.007240610 0.004172160 0.018677570 0.045687720 0.042731780 0.217168080 0.193970430 0.259726220 0.164420290 0.166070730 0.236094310 0.164656980 0.143993910 0.144145290 0.244036700 0.222032660 0.118183770 0.171696660 0.153457200 0.164364120 0.201692270 0.099781110 0.198377370 0.214729860 0.154856480 0.098190570 0.131934180 0.135779070 0.220052570 0.194237350 0.085260020 0.086403970 0.115516910 0.122204110 0.200589910 0.226077560 0.139777390 0.221705220 
48     0.265627520 0.311617680 0.239062200 0.182775660 0.179288920 0.318582080 0.218408830 0.198721270 0.235657000 0.154270780 0.170243760 0.005362570 0.007240610 0.000000000 0.018977430 0.014964720 0.039882920 0.056369300 0.209024980 0.176382120 0.227170790 0.170218500 0.179708250 0.230289510 0.173388000 0.135656420 0.138340490 0.170978880 0.235670180 0.131821290 0.188842820 0.206443870 0.181510280 0.255628810 0.080671440 0.236263730 0.252616220 0.172002640 0.212523770 0.222983600 0.281325380 0.266071110 0.188432550 0.079455220 0.080599170 0.109712110 0.116399310 0.243773370 0.218060560 0.156923550 0.135026030 
38     0.198727760 0.269742400 0.147547350 0.208794610 0.218533720 0.284405310 0.275703850 0.260583020 0.238359480 0.166565810 0.190299110 0.022466100 0.004172160 0.018977430 0.000000000 0.005589350 0.064022130 0.047045610 0.257647500 0.100350720 0.215511940 0.168734120 0.170384560 0.254428720 0.155635890 0.162328320 0.162479700 0.273477890 0.226346490 0.122497600 0.133535920 0.286536680 0.185187850 0.090285570 0.118115520 0.197819920 0.222180190 0.184297670 0.081711970 0.225686080 0.222958330 0.290210320 0.212571760 0.103594430 0.104738380 0.132269380 0.140538520 0.184111310 0.146277820 0.169218580 0.331538330 
26     0.190126050 0.293156900 0.182029950 0.222656150 0.219169410 0.357101830 0.258289320 0.238601760 0.317232940 0.272876440 0.210124250 0.006644940 0.018677570 0.014964720 0.005589350 0.000000000 0.060094230 0.171972210 0.265946480 0.349590340 0.150367970 0.003742210 0.035064400 0.245926850 0.200740630 0.349826530 0.300045840 0.330279650 0.343008430 0.231341400 0.178640660 0.202235600 0.245668160 0.242371140 0.293366180 0.242924660 0.322813360 0.246703720 0.116194570 0.259116230 0.245184760 0.268830970 0.264650360 0.190464930 0.198644640 0.166751980 0.160866810 0.183068280 0.191382560 0.154870240 0.252374220 
27     0.275375760 0.262274940 0.139195310 0.109265930 0.119005040 0.221755880 0.151710500 0.206573130 0.138830800 0.120202550 0.178095620 0.042756810 0.045687720 0.039882920 0.064022130 0.060094230 0.000000000 0.046437020 0.215394860 0.233728290 0.154108590 0.126558240 0.122281080 0.198654340 0.077780850 0.114004880 0.122502330 0.211739330 0.208572270 0.142592650 0.072132570 0.187401460 0.139160070 0.135863050 0.059019900 0.136416570 0.326175620 0.140195630 0.115697570 0.126157400 0.161554980 0.198437370 0.222544550 0.095574480 0.114711170 0.143824110 0.150511310 0.108311750 0.084874470 0.140269970 0.113374490 
22     0.135289220 0.126769080 0.162209230 0.071352930 0.048043120 0.128738490 0.134948650 0.047775860 0.046543560 0.116329570 0.147232050 0.035794300 0.042731780 0.056369300 0.047045610 0.171972210 0.046437020 0.000000000 0.064255350 0.095175420 0.129396870 0.044880120 0.123362070 0.024332120 0.005268150 0.077192240 0.085689690 0.047896360 0.159738300 0.068207990 0.064509140 0.112413250 0.056144810 0.089912350 0.013452040 0.170498270 0.186453980 0.037134690 0.051629390 0.062089220 0.120431000 0.069755300 0.178021840 0.049296660 0.047464680 0.055150250 0.114628540 0.119613600 0.189379570 0.076201790 0.076561850 
12     0.284927660 0.293718750 0.277966450 0.264283020 0.258335530 0.294856580 0.301390800 0.263188920 0.286064100 0.205995480 0.229728780 0.231446560 0.217168080 0.209024980 0.257647500 0.265946480 0.215394860 0.064255350 0.000000000 0.004356910 0.104614820 0.104596200 0.142333530 0.100558940 0.054739990 0.115821440 0.125311170 0.084448720 0.081719230 0.102471350 0.100921600 0.075598770 0.093589060 0.125116080 0.089500400 0.251764460 0.196548860 0.085192900 0.170016740 0.105801340 0.096310170 0.237353360 0.229243640 0.211910190 0.270459330 0.215142430 0.175416140 0.232808980 0.245193720 0.193388410 0.179524790 
16     0.265736360 0.262283840 0.131959700 0.188730940 0.242197590 0.234004170 0.144474890 0.241930330 0.194135280 0.149778780 0.261897460 0.226682980 0.193970430 0.176382120 0.100350720 0.349590340 0.233728290 0.095175420 0.004356910 0.000000000 0.062638510 0.098622570 0.049980730 0.064780050 0.064691560 0.154045840 0.076164590 0.073392350 0.113887910 0.124492990 0.133090280 0.144395300 0.117264960 0.140270850 0.121669080 0.273525930 0.228717540 0.117361580 0.160787010 0.117949110 0.108457940 0.163061900 0.241391410 0.142603260 0.140771280 0.148456850 0.185367710 0.233100750 0.204992420 0.207622980 0.164457310 
15     0.178235170 0.239580390 0.189271950 0.381506010 0.400263070 0.426779240 0.337249960 0.426977680 0.274959950 0.332960470 0.321129640 0.256795310 0.259726220 0.227170790 0.215511940 0.150367970 0.154108590 0.129396870 0.104614820 0.062638510 0.000000000 0.000099830 0.001729170 0.005491940 0.005463880 0.111728970 0.077144080 0.066779620 0.035860900 0.038559960 0.126400560 0.048132390 0.148466410 0.195879420 0.171936710 0.163236240 0.192726620 0.164167680 0.233948260 0.240123130 0.223787330 0.236223150 0.289084420 0.215764510 0.188796420 0.214192360 0.234841460 0.253824260 0.116742560 0.119373120 0.234895220 
17     0.174839780 0.238479330 0.189253330 0.386320160 0.419182210 0.425201050 0.342064110 0.446888450 0.310944010 0.347368000 0.321111020 0.258555160 0.164420290 0.170218500 0.168734120 0.003742210 0.126558240 0.044880120 0.104596200 0.098622570 0.000099830 0.000000000 0.000113640 0.017639740 0.012063070 0.073001080 0.080131180 0.071593770 0.066458220 0.038541340 0.104598590 0.048113770 0.145071020 0.168329070 0.124337200 0.148095910 0.191923130 0.067370260 0.220893100 0.221047140 0.196236980 0.205355540 0.261534070 0.160891780 0.161246070 0.186642010 0.153685500 0.175886970 0.115939070 0.118569630 0.177942930 
47     0.199717020 0.243229140 0.275738220 0.392776240 0.378463800 0.432823740 0.412299500 0.405178410 0.262302170 0.311161200 0.334894500 0.258492580 0.166070730 0.179708250 0.170384560 0.035064400 0.122281080 0.123362070 0.142333530 0.049980730 0.001729170 0.000113640 0.000000000 0.032412980 0.024239110 0.062913900 0.064486300 0.082020140 0.062781940 0.060549730 0.100321430 0.101405170 0.167348930 0.164051910 0.173633980 0.149950670 0.224197660 0.153729730 0.216615940 0.194129030 0.187727110 0.178437430 0.257256910 0.210186660 0.156968910 0.162162500 0.222183680 0.247939900 0.113063330 0.273586050 0.318289280 
36     0.256848170 0.244817840 0.195589690 0.322199000 0.324961540 0.377406860 0.299224630 0.316634630 0.348885020 0.304528520 0.221560030 0.233163400 0.236094310 0.230289510 0.254428720 0.245926850 0.198654340 0.024332120 0.100558940 0.064780050 0.005491940 0.017639740 0.032412980 0.000000000 0.000479120 0.076350880 0.022698230 0.028754290 0.023618740 0.044877700 0.142831700 0.054450130 0.140473180 0.217966680 0.148304800 0.297901600 0.203267230 0.046822260 0.166048850 0.201698400 0.208050070 0.198760390 0.164584210 0.150568160 0.210007060 0.182485460 0.133137500 0.155338970 0.239477250 0.127140930 0.250030300 
49     0.283228690 0.267557150 0.187392820 0.110505880 0.120244990 0.222995830 0.272436260 0.278888440 0.140070750 0.121442500 0.246201400 0.176261890 0.164656980 0.173388000 0.155635890 0.200740630 0.077780850 0.005268150 0.054739990 0.064691560 0.005463880 0.012063070 0.024239110 0.000479120 0.000000000 0.050872910 0.052111310 0.036272990 0.030849240 0.036680830 0.072272890 0.046253260 0.110061680 0.131425100 0.091403290 0.121902130 0.213021480 0.101665520 0.056742320 0.067202150 0.125543930 0.148289650 0.108088390 0.094072340 0.125999030 0.133684600 0.122718980 0.111831350 0.085014790 0.081314720 0.208066390 
33     0.267840140 0.364789840 0.359747910 0.340530900 0.334583410 0.371104460 0.372365020 0.339436800 0.343710740 0.349353200 0.316203410 0.141063000 0.143993910 0.135656420 0.162328320 0.349826530 0.114004880 0.077192240 0.115821440 0.154045840 0.111728970 0.073001080 0.062913900 0.076350880 0.050872910 0.000000000 0.001151650 0.049687380 0.026068490 0.143701500 0.127727180 0.148517820 0.182122670 0.113470310 0.056204400 0.231590350 0.285336030 0.141383420 0.224324950 0.150939250 0.153536910 0.171478050 0.267895910 0.126329700 0.182724720 0.155203120 0.229540740 0.309752890 0.265576460 0.307976440 0.143380850 
45     0.275573380 0.224367560 0.336236600 0.305183000 0.341648210 0.412222000 0.356988380 0.420812620 0.310161690 0.291553870 0.306792440 0.141214380 0.144145290 0.138340490 0.162479700 0.300045840 0.122502330 0.085689690 0.125311170 0.076164590 0.077144080 0.080131180 0.064486300 0.022698230 0.052111310 0.001151650 0.000000000 0.042808860 0.041008800 0.131837850 0.124575150 0.155647920 0.116210820 0.136624100 0.056355780 0.258410420 0.237713620 0.120951200 0.227269820 0.220276770 0.213874850 0.204585170 0.276393360 0.134827150 0.193891980 0.188310240 0.229692120 0.283514420 0.291479900 0.259082560 0.151878300 
39     0.146691230 0.250525200 0.217695580 0.245556690 0.282021900 0.332100920 0.303736880 0.300433260 0.327695530 0.216026780 0.222125170 0.241477860 0.244036700 0.170978880 0.273477890 0.330279650 0.211739330 0.047896360 0.084448720 0.073392350 0.066779620 0.071593770 0.082020140 0.028754290 0.036272990 0.049687380 0.042808860 0.000000000 0.003712120 0.066983590 0.064948840 0.076556020 0.056584510 0.178186690 0.099531700 0.214012930 0.206580160 0.061324890 0.251574230 0.202298680 0.217177070 0.286732160 0.236427540 0.280220160 0.245357160 0.195970730 0.243761370 0.292908700 0.214553810 0.199456250 0.200593160 
28     0.149565290 0.285884080 0.211724710 0.294912330 0.280599890 0.332080090 0.298601330 0.300412430 0.348146010 0.213297290 0.237030590 0.238748370 0.222032660 0.235670180 0.226346490 0.343008430 0.208572270 0.159738300 0.081719230 0.113887910 0.035860900 0.066458220 0.062781940 0.023618740 0.030849240 0.026068490 0.041008800 0.003712120 0.000000000 0.061012720 0.108223410 0.070585150 0.100890870 0.122878250 0.096802210 0.287349960 0.203850670 0.092494710 0.238419060 0.189143510 0.195877880 0.239599330 0.270890750 0.271348560 0.250846000 0.223324400 0.304135840 0.252325640 0.255605910 0.200690220 0.176910330 
30     0.189569800 0.183580830 0.175354510 0.210132830 0.212539090 0.272706990 0.219137040 0.204568460 0.268797430 0.145236490 0.109493860 0.155173130 0.118183770 0.131821290 0.122497600 0.231341400 0.142592650 0.068207990 0.102471350 0.124492990 0.038559960 0.038541340 0.060549730 0.044877700 0.036680830 0.143701500 0.131837850 0.066983590 0.061012720 0.000000000 0.004967250 0.011037760 0.009107890 0.022170620 0.028741410 0.127410830 0.085502050 0.024433910 0.133819580 0.139994450 0.188104560 0.136094470 0.223539640 0.115635830 0.113803850 0.121489420 0.195018190 0.198221360 0.021534630 0.024165190 0.239119460 
13     0.147531700 0.133616390 0.201181480 0.160168390 0.162930930 0.222742550 0.213696670 0.154604020 0.263357060 0.143686740 0.059529420 0.169137820 0.171696660 0.188842820 0.133535920 0.178640660 0.072132570 0.064509140 0.100921600 0.133090280 0.126400560 0.104598590 0.100321430 0.142831700 0.072272890 0.127727180 0.124575150 0.064948840 0.108223410 0.004967250 0.000000000 0.010666680 0.007558140 0.028501760 0.027191660 0.114456920 0.134240120 0.022884160 0.166467430 0.118817410 0.121415070 0.180433790 0.203246660 0.159975150 0.106820400 0.132216340 0.145053750 0.148256920 0.059053080 0.131079670 0.163405050 
25     0.131629640 0.212929270 0.184926940 0.291934980 0.294697520 0.354509140 0.333785180 0.286370610 0.315216170 0.270800930 0.191296010 0.277509630 0.153457200 0.206443870 0.286536680 0.202235600 0.187401460 0.112413250 0.075598770 0.144395300 0.048132390 0.048113770 0.101405170 0.054450130 0.046253260 0.148517820 0.155647920 0.076556020 0.070585150 0.011037760 0.010666680 0.000000000 0.000280000 0.039112860 0.123813640 0.185215880 0.191656970 0.129086950 0.172125770 0.225639400 0.226095930 0.206954530 0.206904820 0.256615800 0.164295130 0.134978310 0.241527300 0.269770520 0.236933640 0.254460220 0.221195740 
37     0.106533580 0.257682280 0.203518400 0.217969240 0.203656800 0.305562870 0.216033590 0.230371410 0.260502570 0.136354200 0.160087500 0.161805280 0.164364120 0.181510280 0.185187850 0.245668160 0.139160070 0.056144810 0.093589060 0.117264960 0.148466410 0.145071020 0.167348930 0.140473180 0.110061680 0.182122670 0.116210820 0.056584510 0.100890870 0.009107890 0.007558140 0.000280000 0.000000000 0.002138910 0.019859120 0.136857390 0.126907580 0.015551620 0.160933140 0.167108010 0.208838810 0.163208030 0.225037330 0.142749390 0.136995690 0.135142450 0.176821770 0.148864630 0.126080580 0.123747130 0.236016010 
34     0.213712190 0.295479700 0.202688130 0.259459370 0.285008020 0.304732600 0.215203320 0.284740760 0.264863710 0.220507210 0.233436120 0.153442100 0.201692270 0.255628810 0.090285570 0.242371140 0.135863050 0.089912350 0.125116080 0.140270850 0.195879420 0.168329070 0.164051910 0.217966680 0.131425100 0.113470310 0.136624100 0.178186690 0.122878250 0.022170620 0.028501760 0.039112860 0.002138910 0.000000000 0.125480380 0.178187400 0.230275140 0.134423730 0.155523940 0.107709830 0.110307490 0.157798830 0.191708090 0.137340190 0.135508210 0.143193780 0.227406330 0.165417150 0.122783560 0.185493130 0.235185740 
24     0.107323510 0.142622480 0.150898750 0.207669990 0.198456660 0.252943220 0.163413940 0.225171270 0.213074330 0.094908580 0.154887360 0.074935960 0.099781110 0.080671440 0.118115520 0.293366180 0.059019900 0.013452040 0.089500400 0.121669080 0.171936710 0.124337200 0.173633980 0.148304800 0.091403290 0.056204400 0.056355780 0.099531700 0.096802210 0.028741410 0.027191660 0.123813640 0.019859120 0.125480380 0.000000000 0.031678710 0.065069850 0.010350440 0.133017200 0.120961990 0.125582710 0.223851940 0.112274500 0.071344620 0.149527800 0.178640740 0.156049310 0.133910480 0.127742950 0.118546990 0.089144730 
35     0.363509070 0.271306730 0.299218840 0.376145760 0.378908300 0.438719920 0.360097220 0.370581390 0.409757610 0.342618060 0.275506790 0.127674460 0.198377370 0.236263730 0.197819920 0.242924660 0.136416570 0.170498270 0.251764460 0.273525930 0.163236240 0.148095910 0.149950670 0.297901600 0.121902130 0.231590350 0.258410420 0.214012930 0.287349960 0.127410830 0.114456920 0.185215880 0.136857390 0.178187400 0.031678710 0.000000000 0.009033550 0.009995440 0.230751430 0.258897160 0.206095310 0.264762900 0.271392400 0.348772480 0.171104400 0.196500340 0.335349790 0.321675940 0.127198820 0.143077920 0.364201010 
50     0.409600290 0.277747820 0.255693510 0.312464750 0.305505120 0.357737980 0.268208700 0.332219730 0.317869090 0.238202520 0.261935820 0.144026950 0.214729860 0.252616220 0.222180190 0.322813360 0.326175620 0.186453980 0.196548860 0.228717540 0.192726620 0.191923130 0.224197660 0.203267230 0.213021480 0.285336030 0.237713620 0.206580160 0.203850670 0.085502050 0.134240120 0.191656970 0.126907580 0.230275140 0.065069850 0.009033550 0.000000000 0.076967780 0.247028130 0.238200360 0.267408750 0.263358080 0.262952870 0.248936820 0.287341740 0.297585540 0.306727680 0.295840050 0.098538580 0.101169140 0.288191120 
44     0.290897470 0.200366660 0.223502090 0.208461600 0.194149160 0.284428690 0.236017280 0.220863770 0.285677670 0.126846560 0.150579860 0.152297640 0.154856480 0.172002640 0.184297670 0.246703720 0.140195630 0.037134690 0.085192900 0.117361580 0.164167680 0.067370260 0.153729730 0.046822260 0.101665520 0.141383420 0.120951200 0.061324890 0.092494710 0.024433910 0.022884160 0.129086950 0.015551620 0.134423730 0.010350440 0.009995440 0.076967780 0.000000000 0.203237960 0.202205960 0.209874370 0.205512850 0.238946520 0.185054210 0.174883460 0.190907800 0.164965780 0.187167250 0.130977880 0.114239490 0.255999700 
23     0.123844470 0.164872980 0.105042200 0.148422600 0.158161710 0.260912550 0.230787550 0.232303540 0.177987470 0.159359220 0.203826030 0.065656570 0.098190570 0.212523770 0.081711970 0.116194570 0.115697570 0.051629390 0.170016740 0.160787010 0.233948260 0.220893100 0.216615940 0.166048850 0.056742320 0.224324950 0.227269820 0.251574230 0.238419060 0.133819580 0.166467430 0.172125770 0.160933140 0.155523940 0.133017200 0.230751430 0.247028130 0.203237960 0.000000000 0.013999130 0.001620330 0.041921290 0.095999380 0.021462650 0.020253690 0.027939260 0.100627230 0.068061690 0.168296330 0.102830220 0.183324700 
31     0.125443170 0.137981510 0.123348760 0.158882430 0.168621540 0.205210450 0.320812810 0.327264990 0.188447300 0.134623630 0.292940620 0.252864950 0.131934180 0.222983600 0.225686080 0.259116230 0.126157400 0.062089220 0.105801340 0.117949110 0.240123130 0.221047140 0.194129030 0.201698400 0.067202150 0.150939250 0.220276770 0.202298680 0.189143510 0.139994450 0.118817410 0.225639400 0.167108010 0.107709830 0.120961990 0.258897160 0.238200360 0.202205960 0.013999130 0.000000000 0.000103050 0.021680700 0.142499810 0.027637520 0.026428560 0.034114130 0.118326680 0.113711770 0.165994170 0.086757100 0.279330890 
40     0.164818210 0.244367910 0.202612450 0.217224210 0.226963320 0.244585490 0.329593480 0.354296070 0.246789080 0.157718950 0.306373040 0.238933480 0.135779070 0.281325380 0.222958330 0.245184760 0.161554980 0.120431000 0.096310170 0.108457940 0.223787330 0.196236980 0.187727110 0.208050070 0.125543930 0.153536910 0.213874850 0.217177070 0.195877880 0.188104560 0.121415070 0.226095930 0.208838810 0.110307490 0.125582710 0.206095310 0.267408750 0.209874370 0.001620330 0.000103050 0.000000000 0.015278780 0.108180810 0.047028010 0.104236310 0.083296890 0.113298130 0.118332490 0.117189030 0.087986980 0.302919970 
46     0.204340540 0.260360370 0.146327680 0.291127280 0.336721790 0.284107820 0.306878560 0.369809150 0.301676610 0.142575560 0.140131770 0.096213880 0.220052570 0.266071110 0.290210320 0.268830970 0.198437370 0.069755300 0.237353360 0.163061900 0.236223150 0.205355540 0.178437430 0.198760390 0.148289650 0.171478050 0.204585170 0.286732160 0.239599330 0.136094470 0.180433790 0.206954530 0.163208030 0.157798830 0.223851940 0.264762900 0.263358080 0.205512850 0.041921290 0.021680700 0.015278780 0.000000000 0.011031100 0.009006630 0.022528580 0.030214150 0.114426700 0.114858050 0.071938960 0.092450620 0.272658310 
42     0.060165100 0.235716710 0.253497990 0.146951840 0.168889860 0.139932380 0.255795390 0.168622600 0.167390300 0.069345560 0.227662550 0.172564220 0.194237350 0.188432550 0.212571760 0.264650360 0.222544550 0.178021840 0.229243640 0.241391410 0.289084420 0.261534070 0.257256910 0.164584210 0.108088390 0.267895910 0.276393360 0.236427540 0.270890750 0.223539640 0.203246660 0.206904820 0.225037330 0.191708090 0.112274500 0.271392400 0.262952870 0.238946520 0.095999380 0.142499810 0.108180810 0.011031100 0.000000000 0.004705710 0.116711460 0.078681630 0.095758970 0.156834620 0.121803320 0.069366750 0.235924660 
41     0.062069930 0.134384870 0.171599220 0.148856670 0.194451180 0.141837210 0.184114410 0.286037770 0.233774800 0.071250390 0.229567380 0.082329110 0.085260020 0.079455220 0.103594430 0.190464930 0.095574480 0.049296660 0.211910190 0.142603260 0.215764510 0.160891780 0.210186660 0.150568160 0.094072340 0.126329700 0.134827150 0.280220160 0.271348560 0.115635830 0.159975150 0.256615800 0.142749390 0.137340190 0.071344620 0.348772480 0.248936820 0.185054210 0.021462650 0.027637520 0.047028010 0.009006630 0.004705710 0.000000000 0.002069940 0.009755510 0.043534270 0.080779770 0.134680260 0.064972790 0.125699310 
21     0.144565050 0.304885840 0.139650610 0.196421850 0.294885090 0.241695080 0.152165800 0.328109780 0.201826190 0.157469690 0.181191720 0.083473060 0.086403970 0.080599170 0.104738380 0.198644640 0.114711170 0.047464680 0.270459330 0.140771280 0.188796420 0.161246070 0.156968910 0.210007060 0.125999030 0.182724720 0.193891980 0.245357160 0.250846000 0.113803850 0.106820400 0.164295130 0.136995690 0.135508210 0.149527800 0.171104400 0.287341740 0.174883460 0.020253690 0.026428560 0.104236310 0.022528580 0.116711460 0.002069940 0.000000000 0.007688630 0.042493720 0.024129430 0.119562300 0.093858460 0.154697860 
20     0.200929610 0.272993180 0.155599610 0.245828160 0.255567270 0.345279610 0.317071300 0.313082990 0.275393030 0.215099940 0.188707370 0.112586000 0.115516910 0.109712110 0.132269380 0.166751980 0.143824110 0.055150250 0.215142430 0.148456850 0.214192360 0.186642010 0.162162500 0.182485460 0.133684600 0.155203120 0.188310240 0.195970730 0.223324400 0.121489420 0.132216340 0.134978310 0.135142450 0.143193780 0.178640740 0.196500340 0.297585540 0.190907800 0.027939260 0.034114130 0.083296890 0.030214150 0.078681630 0.009755510 0.007688630 0.000000000 0.071606660 0.044956130 0.144958240 0.119882810 0.188703580 
32     0.184391130 0.220981000 0.172424280 0.186788800 0.183302060 0.274468750 0.184939470 0.196284570 0.195052270 0.190243360 0.146894030 0.119273200 0.122204110 0.116399310 0.140538520 0.160866810 0.150511310 0.114628540 0.175416140 0.185367710 0.234841460 0.153685500 0.222183680 0.133137500 0.122718980 0.229540740 0.229692120 0.243761370 0.304135840 0.195018190 0.145053750 0.241527300 0.176821770 0.227406330 0.156049310 0.335349790 0.306727680 0.164965780 0.100627230 0.118326680 0.113298130 0.114426700 0.095758970 0.043534270 0.042493720 0.071606660 0.000000000 0.003370330 0.166400400 0.035374670 0.153755570 
14     0.178461650 0.182950650 0.191123590 0.247894830 0.253498710 0.293168060 0.203638780 0.245171800 0.253299170 0.166046720 0.150097200 0.168055910 0.200589910 0.243773370 0.184111310 0.183068280 0.108311750 0.119613600 0.232808980 0.233100750 0.253824260 0.175886970 0.247939900 0.155338970 0.111831350 0.309752890 0.283514420 0.292908700 0.252325640 0.198221360 0.148256920 0.269770520 0.148864630 0.165417150 0.133910480 0.321675940 0.295840050 0.187167250 0.068061690 0.113711770 0.118332490 0.114858050 0.156834620 0.080779770 0.024129430 0.044956130 0.003370330 0.000000000 0.170507130 0.057576140 0.206170840 
18     0.131547180 0.272704530 0.221881300 0.217288380 0.193978570 0.211314460 0.280884100 0.193711310 0.192479010 0.140727640 0.189886510 0.193543560 0.226077560 0.218060560 0.146277820 0.191382560 0.084874470 0.189379570 0.245193720 0.204992420 0.116742560 0.115939070 0.113063330 0.239477250 0.085014790 0.265576460 0.291479900 0.214553810 0.255605910 0.021534630 0.059053080 0.236933640 0.126080580 0.122783560 0.127742950 0.127198820 0.098538580 0.130977880 0.168296330 0.165994170 0.117189030 0.071938960 0.121803320 0.134680260 0.119562300 0.144958240 0.166400400 0.170507130 0.000000000 0.002722660 0.307306740 
19     0.052310110 0.227861720 0.126962910 0.139096850 0.179070070 0.132077390 0.139478100 0.205784680 0.189138490 0.061490570 0.135500770 0.137218550 0.139777390 0.156923550 0.169218580 0.154870240 0.140269970 0.076201790 0.193388410 0.207622980 0.119373120 0.118569630 0.273586050 0.127140930 0.081314720 0.307976440 0.259082560 0.199456250 0.200690220 0.024165190 0.131079670 0.254460220 0.123747130 0.185493130 0.118546990 0.143077920 0.101169140 0.114239490 0.102830220 0.086757100 0.087986980 0.092450620 0.069366750 0.064972790 0.093858460 0.119882810 0.035374670 0.057576140 0.002722660 0.000000000 0.142010160 
0     0.177621940 0.201588430 0.069924330 0.126695570 0.130509690 0.171968800 0.082439520 0.149942040 0.132099910 0.087743410 0.117630800 0.147197250 0.221705220 0.135026030 0.331538330 0.252374220 0.113374490 0.076561850 0.179524790 0.164457310 0.234895220 0.177942930 0.318289280 0.250030300 0.208066390 0.143380850 0.151878300 0.200593160 0.176910330 0.239119460 0.163405050 0.221195740 0.236016010 0.235185740 0.089144730 0.364201010 0.288191120 0.255999700 0.183324700 0.279330890 0.302919970 0.272658310 0.235924660 0.125699310 0.154697860 0.188703580 0.153755570 0.206170840 0.307306740 0.142010160 0.000000000 
