51
1     0.000000000 0.637099412 1.038856395 0.982381712 0.981232963 1.003234647 0.999841776 1.028957719 1.013527266 1.035356640 1.053026855 1.047885179 1.007700568 1.051366607 1.065994803 1.038800617 1.052560486 1.033499323 1.053180532 1.138599302 0.949747021 0.946539822 0.957628119 0.984829272 0.997698143 1.029130545 1.035723880 1.027272408 1.031060994 0.913766961 0.984888372 1.040847366 1.013809157 0.995963530 1.098738015 1.274799368 1.273281247 1.061796652 1.003635486 1.000311379 0.999308366 1.009172808 1.026728850 1.014523130 0.994925843 0.992914354 1.012562944 1.012489732 1.018497740 1.018166569 1.895086188 
4     0.637099412 0.000000000 1.150712634 1.093816903 1.092668154 1.114669838 1.111276967 1.140392911 1.124962457 1.146791831 1.164462046 1.161193817 1.120360790 1.164026829 1.178655025 1.151460839 1.165059138 1.144577310 1.164991776 1.250608645 1.061961141 1.058753942 1.069842239 1.097043392 1.109912263 1.141591409 1.148184743 1.139876516 1.143665103 1.025733814 1.096855224 1.152984024 1.125776010 1.108442709 1.210704867 1.386766221 1.385248100 1.173763505 1.116470387 1.112857032 1.111854019 1.121719297 1.139275338 1.127069619 1.107563099 1.105551610 1.125109432 1.125036220 1.130403661 1.130111419 2.007389539 
6     1.038856395 1.150712634 0.000000000 0.755168642 0.753711751 0.776097314 0.772544724 0.801420393 0.786106589 0.843763527 0.862358480 1.149648313 1.108880408 1.151591044 1.166219240 1.139584794 1.152213057 1.140809582 1.160710110 1.245933612 1.056453672 1.053246473 1.064334770 1.091535923 1.104409312 1.135961602 1.142554936 1.133757289 1.137545875 1.022917397 1.093594779 1.150400654 1.123310451 1.106306683 1.208156176 1.384217529 1.382699409 1.171214814 1.111301797 1.107348665 1.106345652 1.115628739 1.133702169 1.121787743 1.104240283 1.102228794 1.121845434 1.121775464 1.124050152 1.124010692 2.000134273 
11     0.982381712 1.093816903 0.755168642 0.000000000 0.070776621 0.297266641 0.295364442 0.324788055 0.370343684 0.780739068 0.798668992 1.091982782 1.051214877 1.092622826 1.107251022 1.081919263 1.094171895 1.081557690 1.102662089 1.187895292 0.998415352 0.995208153 1.006296450 1.033497603 1.046370992 1.077923282 1.084516616 1.075713704 1.079502290 0.964460220 1.035137602 1.091943476 1.064853274 1.047849506 1.150188719 1.326250072 1.324731951 1.113247356 1.051566195 1.047613062 1.046610050 1.055661207 1.073966567 1.061706376 1.044907904 1.042896416 1.062487574 1.062432306 1.064731963 1.064733177 1.941992060 
3     0.981232963 1.092668154 0.753711751 0.070776621 0.000000000 0.295953302 0.294230384 0.321584459 0.368250526 0.779640208 0.797570132 1.090834033 1.050066128 1.091474077 1.106102273 1.080770514 1.093023146 1.080408941 1.101513341 1.186746543 0.997266604 0.994059404 1.005147701 1.032348854 1.045222244 1.076774533 1.083367867 1.074564955 1.078353541 0.963311471 1.033988853 1.090794727 1.063704525 1.046700757 1.149039970 1.325101323 1.323583202 1.112098608 1.050417446 1.046464314 1.045461301 1.054512458 1.072817818 1.060557627 1.043759156 1.041747667 1.061338825 1.061283557 1.063583214 1.063584428 1.940843311 
5     1.003234647 1.114669838 0.776097314 0.297266641 0.295953302 0.000000000 0.111593969 0.179831739 0.388605265 0.801149353 0.819079277 1.113288162 1.072520257 1.113892016 1.128520212 1.103224644 1.115862014 1.102423901 1.123514380 1.208747583 1.019267643 1.016060444 1.027148740 1.054349894 1.067223283 1.098775572 1.105368907 1.096565994 1.100354580 0.985312511 1.055989892 1.112795767 1.085705564 1.068701796 1.170961907 1.347023260 1.345505140 1.134020545 1.072432406 1.068479274 1.067476261 1.076464054 1.094832778 1.082572587 1.065760195 1.063748707 1.083339865 1.083284597 1.085598174 1.085599388 1.962773082 
7     0.999841776 1.111276967 0.772544724 0.295364442 0.294230384 0.111593969 0.000000000 0.177993681 0.387730625 0.797756482 0.815686406 1.109895292 1.069127387 1.110499145 1.125127341 1.099831773 1.112469143 1.099031030 1.120121509 1.205354712 1.015874772 1.012667573 1.023755870 1.050957023 1.063830412 1.095382702 1.101976036 1.093173123 1.096961710 0.981919640 1.052597022 1.109402896 1.082312693 1.065308925 1.167569036 1.343630390 1.342112269 1.130627674 1.069039535 1.065086403 1.064083390 1.073071183 1.091439907 1.079179716 1.062367324 1.060355836 1.079946994 1.079891726 1.082205303 1.082206517 1.959380211 
9     1.028957719 1.140392911 0.801420393 0.324788055 0.321584459 0.179831739 0.177993681 0.000000000 0.416154885 0.826941529 0.844871453 1.139011235 1.098243330 1.139615088 1.154243285 1.128947716 1.141585086 1.128146974 1.149237452 1.234470655 1.044990716 1.041783516 1.052871813 1.080072966 1.092946355 1.124498645 1.131091979 1.122289067 1.126077653 1.011035583 1.081712965 1.138518839 1.111428637 1.094424869 1.196684979 1.372746333 1.371228212 1.159743617 1.098155478 1.094202346 1.093199333 1.102187126 1.120555850 1.108295659 1.091483267 1.089471779 1.109062937 1.109007669 1.111321246 1.111322461 1.988496154 
8     1.013527266 1.124962457 0.786106589 0.370343684 0.368250526 0.388605265 0.387730625 0.416154885 0.000000000 0.811662716 0.829592640 1.123580782 1.082812877 1.124268648 1.138896844 1.113517263 1.126154633 1.112716520 1.133806999 1.219040202 1.029560262 1.026353063 1.037441360 1.064642513 1.077515902 1.109068192 1.115661526 1.106858613 1.110647200 0.995605130 1.066282512 1.123088386 1.095998183 1.078994415 1.181254526 1.357315880 1.355797759 1.144313164 1.082725025 1.078771893 1.077768880 1.086892027 1.105125397 1.092865206 1.076052814 1.074041326 1.093632484 1.093577216 1.095890793 1.095892007 1.973065701 
10     1.035356640 1.146791831 0.843763527 0.780739068 0.779640208 0.801149353 0.797756482 0.826941529 0.811662716 0.000000000 0.326276244 1.145568864 1.104800960 1.147476216 1.162104412 1.135505346 1.148143687 1.135448836 1.156485222 1.241718425 1.052238485 1.049031286 1.060119583 1.087320736 1.100194125 1.131746415 1.138339749 1.129183185 1.132971771 1.018708639 1.089386020 1.146191895 1.119101692 1.102097924 1.203834460 1.379895813 1.378377693 1.166893098 1.105103603 1.101150471 1.100147458 1.109401611 1.127503975 1.115589549 1.097285518 1.095274030 1.115460737 1.115390767 1.117505718 1.117883715 1.991796914 
2     1.053026855 1.164462046 0.862358480 0.798668992 0.797570132 0.819079277 0.815686406 0.844871453 0.829592640 0.326276244 0.000000000 1.163239080 1.122471175 1.165146432 1.179774628 1.153175561 1.165813902 1.153119051 1.174155438 1.259388640 1.069908701 1.066701502 1.077789798 1.104990952 1.117864341 1.149416630 1.156009964 1.146747380 1.150535966 1.036378854 1.107056235 1.163862110 1.136771907 1.119768139 1.221504675 1.397566029 1.396047908 1.184563313 1.122773818 1.118820686 1.117817673 1.127071827 1.145174190 1.133259764 1.114956064 1.112944576 1.133130952 1.133060982 1.134928050 1.135553930 2.009467130 
43     1.047885179 1.161193817 1.149648313 1.091982782 1.090834033 1.113288162 1.109895292 1.139011235 1.123580782 1.145568864 1.163239080 0.000000000 0.376993259 0.422614699 0.437950528 0.408953145 0.753512161 1.054406262 1.074045278 1.158509937 0.968839548 0.965632349 0.976720646 1.004041373 1.017159375 1.048304940 1.054898275 1.046752814 1.050541400 0.939546249 1.010743190 1.066974616 1.038947651 1.021902571 1.121477854 1.297717919 1.296199798 1.084635547 1.027920725 1.023925042 1.022922029 1.032901091 1.050457133 1.038875044 1.022524060 1.020512572 1.040533594 1.040442276 1.041513700 1.042172012 1.967380347 
29     1.007700568 1.120360790 1.108880408 1.051214877 1.050066128 1.072520257 1.069127387 1.098243330 1.082812877 1.104800960 1.122471175 0.376993259 0.000000000 0.313750041 0.323102134 0.294525012 0.712810685 1.012942564 1.032961490 1.117296176 0.927755761 0.924548561 0.935636858 0.962957585 0.976075587 1.007221153 1.013814487 1.005669026 1.009457612 0.898726672 0.969848645 1.026042469 0.998138221 0.981093142 1.080391450 1.256631516 1.255113395 1.043549143 0.986164533 0.981993299 0.980990287 0.991353272 1.008909314 0.997327225 0.981045872 0.979034383 0.999055406 0.998964088 1.000797071 1.001411476 1.926374699 
48     1.051366607 1.164026829 1.151591044 1.092622826 1.091474077 1.113892016 1.110499145 1.139615088 1.124268648 1.147476216 1.165146432 0.422614699 0.313750041 0.000000000 0.314389503 0.339469685 0.756351402 1.056643069 1.076593405 1.160812784 0.971298871 0.968091671 0.979179968 1.006532567 1.019618697 1.050450900 1.057044234 1.048933679 1.052722266 0.942311613 1.013433586 1.069627410 1.041590364 1.024545285 1.124023365 1.300263430 1.298745310 1.087181058 1.030363596 1.026367913 1.025364900 1.035343962 1.052900004 1.041317914 1.024991893 1.022980404 1.042976464 1.042885147 1.044000477 1.044614883 1.969793824 
38     1.065994803 1.178655025 1.166219240 1.107251022 1.106102273 1.128520212 1.125127341 1.154243285 1.138896844 1.162104412 1.179774628 0.437950528 0.323102134 0.314389503 0.000000000 0.349730329 0.770467092 1.071387088 1.091406015 1.175625393 0.986200285 0.982993086 0.994081383 1.021402109 1.034520112 1.065665677 1.072259011 1.064113551 1.067902137 0.957171197 1.028293169 1.084486993 1.056449947 1.039404868 1.138835975 1.315076040 1.313557919 1.101993668 1.045020186 1.041024502 1.040021490 1.050000552 1.067556594 1.055974504 1.039648482 1.037636994 1.057633054 1.057541737 1.058657067 1.059271472 1.984432203 
26     1.038800617 1.151460839 1.139584794 1.081919263 1.080770514 1.103224644 1.099831773 1.128947716 1.113517263 1.135505346 1.153175561 0.408953145 0.294525012 0.339469685 0.349730329 0.000000000 0.743389519 1.044065970 1.064075658 1.148410343 0.958039897 0.954781155 0.965901327 0.993521383 1.007189647 1.037840998 1.044434333 1.036288872 1.040077458 0.929776401 1.000898374 1.057092197 1.029187950 1.012142871 1.111505618 1.287745684 1.286227563 1.074663311 1.017707513 1.013711829 1.012708816 1.022687879 1.040243920 1.028661831 1.012335809 1.010324321 1.030320381 1.030229064 1.031344394 1.031958799 1.957238017 
27     1.052560486 1.165059138 1.152213057 1.094171895 1.093023146 1.115862014 1.112469143 1.141585086 1.126154633 1.148143687 1.165813902 0.753512161 0.712810685 0.756351402 0.770467092 0.743389519 0.000000000 1.055326400 1.075532807 1.160050304 0.970176039 0.966968840 0.978057137 1.005377863 1.018646904 1.049792469 1.056385803 1.048240343 1.052028929 0.941093618 1.012215591 1.068409415 1.040561941 1.023516861 1.122740438 1.298980504 1.297462383 1.085898132 1.029361824 1.025366140 1.024363127 1.034288310 1.051844352 1.040262262 1.023814163 1.021802675 1.041507843 1.041416526 1.043451490 1.043298474 1.966629098 
22     1.033499323 1.144577310 1.140809582 1.081557690 1.080408941 1.102423901 1.099031030 1.128146974 1.112716520 1.135448836 1.153119051 1.054406262 1.012942564 1.056643069 1.071387088 1.044065970 1.055326400 0.000000000 0.968187404 1.053120696 0.862070021 0.858862822 0.869951118 0.897645348 0.912599529 0.943531715 0.950125049 0.941561728 0.945350314 0.830543419 0.901572501 0.957443595 0.930441996 0.913541457 1.013526348 1.189792600 1.188274479 0.976873165 0.946339491 0.940190417 0.939187405 0.947269509 0.964935459 0.953626163 0.936921582 0.936181749 0.955333044 0.955211730 0.958469696 0.957980986 1.948959740 
12     1.053180532 1.164991776 1.160710110 1.102662089 1.101513341 1.123514380 1.120121509 1.149237452 1.133806999 1.156485222 1.174155438 1.074045278 1.032961490 1.076593405 1.091406015 1.064075658 1.075532807 0.968187404 0.000000000 0.475873338 0.662037010 0.658739285 0.669918108 0.698638342 0.715338422 0.739266376 0.745859710 0.737469525 0.740992877 0.715481882 0.786620552 0.842179352 0.816175316 0.799278118 0.942185704 1.118259758 1.116741637 0.904518973 0.973868000 0.967669992 0.966666979 0.974045451 0.991447361 0.980132183 0.961824031 0.959862530 0.979008863 0.978909757 0.986661745 0.986191063 1.963299700 
16     1.138599302 1.250608645 1.245933612 1.187895292 1.186746543 1.208747583 1.205354712 1.234470655 1.219040202 1.241718425 1.259388640 1.158509937 1.117296176 1.160812784 1.175625393 1.148410343 1.160050304 1.053120696 0.475873338 0.000000000 0.746485068 0.743354855 0.754366165 0.783486926 0.800031227 0.824571517 0.831164851 0.822840991 0.826364343 0.800305157 0.871443827 0.927000266 0.900998592 0.884101394 1.027149409 1.203223462 1.201705342 0.989482678 1.059119094 1.052921085 1.051918072 1.059293445 1.076695355 1.065380177 1.047055858 1.045094357 1.064240690 1.064141585 1.071890691 1.071420008 2.048320982 
15     0.949747021 1.061961141 1.056453672 0.998415352 0.997266604 1.019267643 1.015874772 1.044990716 1.029560262 1.052238485 1.069908701 0.968839548 0.927755761 0.971298871 0.986200285 0.958039897 0.970176039 0.862070021 0.662037010 0.746485068 0.000000000 0.109637432 0.119134995 0.368552582 0.473032337 0.590896389 0.597473765 0.590258401 0.593988636 0.612250203 0.682707508 0.740264953 0.713555211 0.696696821 0.837549506 1.013470377 1.011952256 0.800252632 0.869613138 0.863415130 0.862412117 0.869997243 0.887399153 0.875938275 0.858949898 0.856988397 0.876134730 0.876035624 0.882922756 0.882391385 1.859109831 
17     0.946539822 1.058753942 1.053246473 0.995208153 0.994059404 1.016060444 1.012667573 1.041783516 1.026353063 1.049031286 1.066701502 0.965632349 0.924548561 0.968091671 0.982993086 0.954781155 0.966968840 0.858862822 0.658739285 0.743354855 0.109637432 0.000000000 0.118161629 0.365172027 0.469478739 0.587725460 0.594302837 0.587087473 0.590817707 0.609043004 0.679500309 0.737057754 0.710348012 0.693489622 0.834342307 1.010263178 1.008745057 0.797045433 0.866405939 0.860207931 0.859204918 0.866790044 0.884191954 0.872731075 0.855742698 0.853781198 0.872927531 0.872828425 0.879715557 0.879184186 1.855902632 
47     0.957628119 1.069842239 1.064334770 1.006296450 1.005147701 1.027148740 1.023755870 1.052871813 1.037441360 1.060119583 1.077789798 0.976720646 0.935636858 0.979179968 0.994081383 0.965901327 0.978057137 0.869951118 0.669918108 0.754366165 0.119134995 0.118161629 0.000000000 0.375994593 0.480848124 0.598766904 0.605344280 0.598128916 0.601859151 0.620131300 0.690588605 0.748146050 0.721436308 0.704577919 0.845430604 1.021351474 1.019833353 0.808133729 0.877494236 0.871296227 0.870293214 0.877878340 0.895280250 0.883819372 0.866830995 0.864869494 0.884015827 0.883916722 0.890803853 0.890272482 1.866990928 
36     0.984829272 1.097043392 1.091535923 1.033497603 1.032348854 1.054349894 1.050957023 1.080072966 1.064642513 1.087320736 1.104990952 1.004041373 0.962957585 1.006532567 1.021402109 0.993521383 1.005377863 0.897645348 0.698638342 0.783486926 0.368552582 0.365172027 0.375994593 0.000000000 0.509458690 0.625172040 0.631749417 0.624672456 0.628402690 0.646339088 0.716431559 0.774294589 0.747584847 0.730726457 0.873165936 1.049086807 1.047568686 0.835869062 0.904616033 0.898418025 0.897415012 0.904446608 0.921611992 0.910399956 0.893949911 0.891988410 0.911134743 0.911035638 0.917525484 0.916994113 1.894205632 
49     0.997698143 1.109912263 1.104409312 1.046370992 1.045222244 1.067223283 1.063830412 1.092946355 1.077515902 1.100194125 1.117864341 1.017159375 0.976075587 1.019618697 1.034520112 1.007189647 1.018646904 0.912599529 0.715338422 0.800031227 0.473032337 0.469478739 0.480848124 0.509458690 0.000000000 0.638676703 0.645254080 0.637362345 0.641695564 0.662321172 0.733104429 0.790268978 0.763559236 0.746785383 0.886670799 1.062361811 1.060843690 0.849375686 0.918435367 0.912237359 0.911234346 0.918432725 0.935835095 0.924276796 0.907887045 0.905875699 0.925022032 0.924922927 0.931886184 0.931354813 1.907660950 
33     1.029130545 1.141591409 1.135961602 1.077923282 1.076774533 1.098775572 1.095382702 1.124498645 1.109068192 1.131746415 1.149416630 1.048304940 1.007221153 1.050450900 1.065665677 1.037840998 1.049792469 0.943531715 0.739266376 0.824571517 0.590896389 0.587725460 0.598766904 0.625172040 0.638676703 0.000000000 0.124040619 0.438253194 0.444108113 0.694998007 0.765713581 0.823013871 0.796207744 0.779503791 0.920391823 1.095965201 1.094447080 0.882747456 0.950320074 0.944122066 0.943119053 0.950430538 0.967832448 0.956511854 0.939424066 0.937462566 0.956608899 0.956509793 0.962683154 0.962151783 1.939093744 
45     1.035723880 1.148184743 1.142554936 1.084516616 1.083367867 1.105368907 1.101976036 1.131091979 1.115661526 1.138339749 1.156009964 1.054898275 1.013814487 1.057044234 1.072259011 1.044434333 1.056385803 0.950125049 0.745859710 0.831164851 0.597473765 0.594302837 0.605344280 0.631749417 0.645254080 0.124040619 0.000000000 0.445265376 0.451323584 0.701591342 0.772306915 0.829607205 0.802801079 0.786097125 0.926985157 1.102558535 1.101040414 0.889340790 0.956913409 0.950715400 0.949712387 0.957023872 0.974425783 0.963105188 0.946017401 0.944055900 0.963202233 0.963103127 0.969276488 0.968745117 1.945687078 
39     1.027272408 1.139876516 1.133757289 1.075713704 1.074564955 1.096565994 1.093173123 1.122289067 1.106858613 1.129183185 1.146747380 1.046752814 1.005669026 1.048933679 1.064113551 1.036288872 1.048240343 0.941561728 0.737469525 0.822840991 0.590258401 0.587087473 0.598128916 0.624672456 0.637362345 0.438253194 0.445265376 0.000000000 0.132054227 0.693287792 0.764003365 0.820932674 0.794126548 0.777422594 0.919019922 1.094593300 1.093075179 0.881375555 0.948315330 0.942117321 0.941114308 0.948286811 0.965688721 0.954368127 0.937071668 0.935110167 0.954317364 0.954218258 0.960539427 0.960008056 1.937437831 
28     1.031060994 1.143665103 1.137545875 1.079502290 1.078353541 1.100354580 1.096961710 1.126077653 1.110647200 1.132971771 1.150535966 1.050541400 1.009457612 1.052722266 1.067902137 1.040077458 1.052028929 0.945350314 0.740992877 0.826364343 0.593988636 0.590817707 0.601859151 0.628402690 0.641695564 0.444108113 0.451323584 0.132054227 0.000000000 0.697124624 0.767840197 0.824769506 0.797963380 0.781259426 0.922808508 1.098381886 1.096863765 0.885164141 0.952103916 0.945905907 0.944902894 0.952075397 0.969477308 0.958156713 0.940860254 0.938898753 0.958105950 0.958006844 0.964328013 0.963796642 1.941226417 
30     0.913766961 1.025733814 1.022917397 0.964460220 0.963311471 0.985312511 0.981919640 1.011035583 0.995605130 1.018708639 1.036378854 0.939546249 0.898726672 0.942311613 0.957171197 0.929776401 0.941093618 0.830543419 0.715481882 0.800305157 0.612250203 0.609043004 0.620131300 0.646339088 0.662321172 0.694998007 0.701591342 0.693287792 0.697124624 0.000000000 0.371967420 0.428983038 0.401232495 0.385913469 0.813372013 0.989604633 0.988086513 0.775961689 0.832594001 0.826395992 0.825392979 0.832442671 0.849897288 0.838608405 0.820434589 0.818473088 0.837381838 0.837442014 0.845690001 0.845201291 1.826604781 
13     0.984888372 1.096855224 1.093594779 1.035137602 1.033988853 1.055989892 1.052597022 1.081712965 1.066282512 1.089386020 1.107056235 1.010743190 0.969848645 1.013433586 1.028293169 1.000898374 1.012215591 0.901572501 0.786620552 0.871443827 0.682707508 0.679500309 0.690588605 0.716431559 0.733104429 0.765713581 0.772306915 0.764003365 0.767840197 0.371967420 0.000000000 0.469827601 0.444454647 0.427916066 0.884475170 1.060660408 1.059142287 0.847017464 0.903762104 0.897564096 0.896561083 0.903742837 0.921197453 0.909908571 0.891734755 0.889773254 0.908682004 0.908742180 0.916826513 0.916337803 1.894956135 
25     1.040847366 1.152984024 1.150400654 1.091943476 1.090794727 1.112795767 1.109402896 1.138518839 1.123088386 1.146191895 1.163862110 1.066974616 1.026042469 1.069627410 1.084486993 1.057092197 1.068409415 0.957443595 0.842179352 0.927000266 0.740264953 0.737057754 0.748146050 0.774294589 0.790268978 0.823013871 0.829607205 0.820932674 0.824769506 0.428983038 0.469827601 0.000000000 0.500764427 0.484586025 0.940028441 1.116224577 1.114706456 0.902581633 0.959654655 0.953456647 0.952453634 0.959635388 0.977090004 0.965801122 0.947627306 0.945665805 0.964574555 0.964634731 0.972702556 0.972213846 1.954142860 
37     1.013809157 1.125776010 1.123310451 1.064853274 1.063704525 1.085705564 1.082312693 1.111428637 1.095998183 1.119101692 1.136771907 1.038947651 0.998138221 1.041590364 1.056449947 1.029187950 1.040561941 0.930441996 0.816175316 0.900998592 0.713555211 0.710348012 0.721436308 0.747584847 0.763559236 0.796207744 0.802801079 0.794126548 0.797963380 0.401232495 0.444454647 0.500764427 0.000000000 0.292970770 0.913128612 1.089330728 1.087812607 0.875687783 0.932770433 0.926572425 0.925569412 0.932619104 0.950073721 0.938784838 0.920611022 0.918649521 0.937558271 0.937618447 0.945866434 0.945377724 1.926777530 
34     0.995963530 1.108442709 1.106306683 1.047849506 1.046700757 1.068701796 1.065308925 1.094424869 1.078994415 1.102097924 1.119768139 1.021902571 0.981093142 1.024545285 1.039404868 1.012142871 1.023516861 0.913541457 0.799278118 0.884101394 0.696696821 0.693489622 0.704577919 0.730726457 0.746785383 0.779503791 0.786097125 0.777422594 0.781259426 0.385913469 0.427916066 0.484586025 0.292970770 0.000000000 0.896101136 1.072303252 1.070785131 0.858660308 0.915818775 0.909620766 0.908617753 0.915667446 0.933122062 0.921833179 0.903659363 0.901697862 0.920606612 0.920666788 0.928914775 0.928426066 1.909732450 
24     1.098738015 1.210704867 1.208156176 1.150188719 1.149039970 1.170961907 1.167569036 1.196684979 1.181254526 1.203834460 1.221504675 1.121477854 1.080391450 1.124023365 1.138835975 1.111505618 1.122740438 1.013526348 0.942185704 1.027149409 0.837549506 0.834342307 0.845430604 0.873165936 0.886670799 0.920391823 0.926985157 0.919019922 0.922808508 0.813372013 0.884475170 0.940028441 0.913128612 0.896101136 0.000000000 0.762477740 0.759302557 0.557757080 1.018935730 1.012737721 1.011734709 1.021288988 1.038690898 1.027491508 1.007198497 1.005187151 1.024246963 1.024147857 1.032448621 1.031915190 2.016397193 
35     1.274799368 1.386766221 1.384217529 1.326250072 1.325101323 1.347023260 1.343630390 1.372746333 1.357315880 1.379895813 1.397566029 1.297717919 1.256631516 1.300263430 1.315076040 1.287745684 1.298980504 1.189792600 1.118259758 1.203223462 1.013470377 1.010263178 1.021351474 1.049086807 1.062361811 1.095965201 1.102558535 1.094593300 1.098381886 0.989604633 1.060660408 1.116224577 1.089330728 1.072303252 0.762477740 0.000000000 0.266634570 0.730954508 1.195128387 1.188930379 1.187927366 1.197424717 1.214826627 1.203624326 1.183364322 1.181352976 1.200412788 1.200313682 1.208579636 1.208046205 2.192521770 
50     1.273281247 1.385248100 1.382699409 1.324731951 1.323583202 1.345505140 1.342112269 1.371228212 1.355797759 1.378377693 1.396047908 1.296199798 1.255113395 1.298745310 1.313557919 1.286227563 1.297462383 1.188274479 1.116741637 1.201705342 1.011952256 1.008745057 1.019833353 1.047568686 1.060843690 1.094447080 1.101040414 1.093075179 1.096863765 0.988086513 1.059142287 1.114706456 1.087812607 1.070785131 0.759302557 0.266634570 0.000000000 0.727912274 1.193610267 1.187412258 1.186409245 1.195906596 1.213308506 1.202106205 1.181846201 1.179834856 1.198894667 1.198795561 1.207061515 1.206528084 2.191003649 
44     1.061796652 1.173763505 1.171214814 1.113247356 1.112098608 1.134020545 1.130627674 1.159743617 1.144313164 1.166893098 1.184563313 1.084635547 1.043549143 1.087181058 1.101993668 1.074663311 1.085898132 0.976873165 0.904518973 0.989482678 0.800252632 0.797045433 0.808133729 0.835869062 0.849375686 0.882747456 0.889340790 0.881375555 0.885164141 0.775961689 0.847017464 0.902581633 0.875687783 0.858660308 0.557757080 0.730954508 0.727912274 0.000000000 0.981966931 0.975768923 0.974765910 0.984512870 1.001914781 0.990715390 0.970466672 0.968455327 0.987515138 0.987416033 0.995553043 0.995019613 1.979519054 
23     1.003635486 1.116470387 1.111301797 1.051566195 1.050417446 1.072432406 1.069039535 1.098155478 1.082725025 1.105103603 1.122773818 1.027920725 0.986164533 1.030363596 1.045020186 1.017707513 1.029361824 0.946339491 0.973868000 1.059119094 0.869613138 0.866405939 0.877494236 0.904616033 0.918435367 0.950320074 0.956913409 0.948315330 0.952103916 0.832594001 0.903762104 0.959654655 0.932770433 0.915818775 1.018935730 1.195128387 1.193610267 0.981966931 0.000000000 0.296971492 0.294841916 0.740236119 0.757590483 0.746156228 0.765952234 0.763811557 0.782692677 0.782977596 0.833457135 0.832893821 1.924220269 
31     1.000311379 1.112857032 1.107348665 1.047613062 1.046464314 1.068479274 1.065086403 1.094202346 1.078771893 1.101150471 1.118820686 1.023925042 0.981993299 1.026367913 1.041024502 1.013711829 1.025366140 0.940190417 0.967669992 1.052921085 0.863415130 0.860207931 0.871296227 0.898418025 0.912237359 0.944122066 0.950715400 0.942117321 0.945905907 0.826395992 0.897564096 0.953456647 0.926572425 0.909620766 1.012737721 1.188930379 1.187412258 0.975768923 0.296971492 0.000000000 0.097362679 0.734209370 0.751563734 0.740129479 0.759846678 0.757706001 0.776587121 0.776872040 0.827305559 0.826742245 1.919347555 
40     0.999308366 1.111854019 1.106345652 1.046610050 1.045461301 1.067476261 1.064083390 1.093199333 1.077768880 1.100147458 1.117817673 1.022922029 0.980990287 1.025364900 1.040021490 1.012708816 1.024363127 0.939187405 0.966666979 1.051918072 0.862412117 0.859204918 0.870293214 0.897415012 0.911234346 0.943119053 0.949712387 0.941114308 0.944902894 0.825392979 0.896561083 0.952453634 0.925569412 0.908617753 1.011734709 1.187927366 1.186409245 0.974765910 0.294841916 0.097362679 0.000000000 0.733206357 0.750560722 0.739126466 0.758774332 0.756633656 0.775514775 0.775799695 0.826302546 0.825739232 1.918344542 
46     1.009172808 1.121719297 1.115628739 1.055661207 1.054512458 1.076464054 1.073071183 1.102187126 1.086892027 1.109401611 1.127071827 1.032901091 0.991353272 1.035343962 1.050000552 1.022687879 1.034288310 0.947269509 0.974045451 1.059293445 0.869997243 0.866790044 0.877878340 0.904446608 0.918432725 0.950430538 0.957023872 0.948286811 0.952075397 0.832442671 0.903742837 0.959635388 0.932619104 0.915667446 1.021288988 1.197424717 1.195906596 0.984512870 0.740236119 0.734209370 0.733206357 0.000000000 0.417591918 0.506719513 0.769970181 0.767945875 0.786872048 0.787141305 0.836028633 0.835369069 1.927641988 
42     1.026728850 1.139275338 1.133702169 1.073966567 1.072817818 1.094832778 1.091439907 1.120555850 1.105125397 1.127503975 1.145174190 1.050457133 1.008909314 1.052900004 1.067556594 1.040243920 1.051844352 0.964935459 0.991447361 1.076695355 0.887399153 0.884191954 0.895280250 0.921611992 0.935835095 0.967832448 0.974425783 0.965688721 0.969477308 0.849897288 0.921197453 0.977090004 0.950073721 0.933122062 1.038690898 1.214826627 1.213308506 1.001914781 0.757590483 0.751563734 0.750560722 0.417591918 0.000000000 0.520956584 0.787338645 0.785314340 0.803897845 0.804167102 0.853343281 0.852683716 1.945198030 
41     1.014523130 1.127069619 1.121787743 1.061706376 1.060557627 1.082572587 1.079179716 1.108295659 1.092865206 1.115589549 1.133259764 1.038875044 0.997327225 1.041317914 1.055974504 1.028661831 1.040262262 0.953626163 0.980132183 1.065380177 0.875938275 0.872731075 0.883819372 0.910399956 0.924276796 0.956511854 0.963105188 0.954368127 0.958156713 0.838608405 0.909908571 0.965801122 0.938784838 0.921833179 1.027491508 1.203624326 1.202106205 0.990715390 0.746156228 0.740129479 0.739126466 0.506719513 0.520956584 0.000000000 0.775619743 0.773595437 0.792581105 0.792850362 0.842412512 0.841752948 1.931187059 
21     0.994925843 1.107563099 1.104240283 1.044907904 1.043759156 1.065760195 1.062367324 1.091483267 1.076052814 1.097285518 1.114956064 1.022524060 0.981045872 1.024991893 1.039648482 1.012335809 1.023814163 0.936921582 0.961824031 1.047055858 0.858949898 0.855742698 0.866830995 0.893949911 0.907887045 0.939424066 0.946017401 0.937071668 0.940860254 0.820434589 0.891734755 0.947627306 0.920611022 0.903659363 1.007198497 1.183364322 1.181846201 0.970466672 0.765952234 0.759846678 0.758774332 0.769970181 0.787338645 0.775619743 0.000000000 0.149316526 0.471628835 0.469683733 0.826429366 0.825755530 1.914893843 
20     0.992914354 1.105551610 1.102228794 1.042896416 1.041747667 1.063748707 1.060355836 1.089471779 1.074041326 1.095274030 1.112944576 1.020512572 0.979034383 1.022980404 1.037636994 1.010324321 1.021802675 0.936181749 0.959862530 1.045094357 0.856988397 0.853781198 0.864869494 0.891988410 0.905875699 0.937462566 0.944055900 0.935110167 0.938898753 0.818473088 0.889773254 0.945665805 0.918649521 0.901697862 1.005187151 1.181352976 1.179834856 0.968455327 0.763811557 0.757706001 0.756633656 0.767945875 0.785314340 0.773595437 0.149316526 0.000000000 0.469037154 0.466582262 0.824392504 0.823718668 1.912882355 
32     1.012562944 1.125109432 1.121845434 1.062487574 1.061338825 1.083339865 1.079946994 1.109062937 1.093632484 1.115460737 1.133130952 1.040533594 0.999055406 1.042976464 1.057633054 1.030320381 1.041507843 0.955333044 0.979008863 1.064240690 0.876134730 0.872927531 0.884015827 0.911134743 0.925022032 0.956608899 0.963202233 0.954317364 0.958105950 0.837381838 0.908682004 0.964574555 0.937558271 0.920606612 1.024246963 1.200412788 1.198894667 0.987515138 0.782692677 0.776587121 0.775514775 0.786872048 0.803897845 0.792581105 0.471628835 0.469037154 0.000000000 0.222059889 0.842946254 0.842272418 1.932183826 
14     1.012489732 1.125036220 1.121775464 1.062432306 1.061283557 1.083284597 1.079891726 1.109007669 1.093577216 1.115390767 1.133060982 1.040442276 0.998964088 1.042885147 1.057541737 1.030229064 1.041416526 0.955211730 0.978909757 1.064141585 0.876035624 0.872828425 0.883916722 0.911035638 0.924922927 0.956509793 0.963103127 0.954218258 0.958006844 0.837442014 0.908742180 0.964634731 0.937618447 0.920666788 1.024147857 1.200313682 1.198795561 0.987416033 0.782977596 0.776872040 0.775799695 0.787141305 0.804167102 0.792850362 0.469683733 0.466582262 0.222059889 0.000000000 0.843153333 0.842479496 1.932144273 
18     1.018497740 1.130403661 1.124050152 1.064731963 1.063583214 1.085598174 1.082205303 1.111321246 1.095890793 1.117505718 1.134928050 1.041513700 1.000797071 1.044000477 1.058657067 1.031344394 1.043451490 0.958469696 0.986661745 1.071890691 0.882922756 0.879715557 0.890803853 0.917525484 0.931886184 0.962683154 0.969276488 0.960539427 0.964328013 0.845690001 0.916826513 0.972702556 0.945866434 0.928914775 1.032448621 1.208579636 1.207061515 0.995553043 0.833457135 0.827305559 0.826302546 0.836028633 0.853343281 0.842412512 0.826429366 0.824392504 0.842946254 0.843153333 0.000000000 0.473786779 1.935431193 
19     1.018166569 1.130111419 1.124010692 1.064733177 1.063584428 1.085599388 1.082206517 1.111322461 1.095892007 1.117883715 1.135553930 1.042172012 1.001411476 1.044614883 1.059271472 1.031958799 1.043298474 0.957980986 0.986191063 1.071420008 0.882391385 0.879184186 0.890272482 0.916994113 0.931354813 0.962151783 0.968745117 0.960008056 0.963796642 0.845201291 0.916337803 0.972213846 0.945377724 0.928426066 1.031915190 1.208046205 1.206528084 0.995019613 0.832893821 0.826742245 0.825739232 0.835369069 0.852683716 0.841752948 0.825755530 0.823718668 0.842272418 0.842479496 0.473786779 0.000000000 1.935078081 
0     1.895086188 2.007389539 2.000134273 1.941992060 1.940843311 1.962773082 1.959380211 1.988496154 1.973065701 1.991796914 2.009467130 1.967380347 1.926374699 1.969793824 1.984432203 1.957238017 1.966629098 1.948959740 1.963299700 2.048320982 1.859109831 1.855902632 1.866990928 1.894205632 1.907660950 1.939093744 1.945687078 1.937437831 1.941226417 1.826604781 1.894956135 1.954142860 1.926777530 1.909732450 2.016397193 2.192521770 2.191003649 1.979519054 1.924220269 1.919347555 1.918344542 1.927641988 1.945198030 1.931187059 1.914893843 1.912882355 1.932183826 1.932144273 1.935431193 1.935078081 0.000000000 
