51
4     0.000000000 0.355837155 0.382615868 0.473416652 0.471602127 0.433145720 0.376398888 0.356693503 0.472030413 0.444972616 0.444307979 0.417882493 0.563603544 0.573833018 0.518300984 0.508119625 0.518883921 0.514264537 0.460682085 0.402224635 0.470703214 0.468076129 0.573772054 0.576870792 0.419840243 0.420642644 0.444465666 0.427228353 0.426344770 0.431879463 0.475399430 0.499155817 0.437808263 0.477827478 0.473664696 0.396904832 0.407056943 0.423190670 0.432837689 0.443535543 0.451243603 0.462919250 0.486718441 0.458295811 0.469760977 0.469749756 0.474658352 0.550950899 0.548143265 0.523688787 0.644409300 
14     0.355837155 0.000000000 0.205458055 0.300330951 0.298518681 0.259347197 0.202810604 0.182212237 0.292196195 0.265387271 0.265749572 0.237139861 0.387572442 0.396223723 0.379555736 0.370113080 0.380740340 0.376191477 0.318595173 0.263095012 0.334045207 0.332670488 0.440272351 0.442967825 0.282892758 0.283772882 0.308035904 0.292387249 0.291598043 0.296718531 0.340368028 0.363227567 0.301709008 0.340735742 0.339217084 0.261628061 0.271279739 0.287903044 0.300228349 0.308046666 0.315885740 0.322232122 0.348335662 0.322289636 0.335327650 0.334251355 0.336956331 0.408744919 0.405885890 0.379609676 0.510357660 
1     0.382615868 0.205458055 0.000000000 0.191321339 0.191064395 0.179101045 0.117469232 0.176729654 0.294096843 0.265305775 0.265430974 0.238332398 0.378175016 0.387957686 0.398119227 0.388954415 0.399569636 0.395703322 0.341107670 0.286002548 0.352603521 0.350336259 0.457528972 0.461464916 0.300754072 0.301633295 0.325142500 0.309121045 0.308629099 0.313711300 0.358162240 0.384080537 0.321056723 0.358332525 0.354894173 0.279911765 0.289230073 0.305779099 0.319992520 0.328989620 0.336640105 0.344127064 0.368085287 0.342658256 0.354986504 0.354939424 0.359424416 0.430388113 0.427706471 0.401470716 0.535678120 
9     0.473416652 0.300330951 0.191321339 0.000000000 0.099480558 0.269334397 0.206742530 0.273421105 0.389625778 0.361823959 0.360422193 0.334044436 0.474250007 0.485697998 0.494737174 0.485721140 0.497300242 0.493286444 0.437574181 0.383149680 0.449225389 0.446274947 0.554153458 0.557780084 0.397850442 0.398729665 0.423169569 0.407032971 0.406417254 0.411657583 0.453795952 0.481141398 0.417873574 0.455145495 0.452686185 0.375776818 0.388711939 0.402704651 0.416526881 0.424947455 0.432753703 0.441161310 0.465103494 0.440215431 0.452387750 0.452328743 0.454983126 0.526291672 0.523575153 0.496995431 0.630329203 
11     0.471602127 0.298518681 0.191064395 0.099480558 0.000000000 0.267653158 0.205927989 0.271287547 0.386391611 0.359273146 0.357640795 0.331409126 0.470479866 0.482984896 0.495708298 0.486636371 0.498038362 0.494079682 0.438375357 0.383334889 0.449328065 0.447201573 0.554209203 0.557772108 0.397939971 0.398819194 0.423098941 0.407450711 0.406861116 0.412090289 0.454868488 0.480740447 0.417255880 0.455366646 0.453328842 0.376082773 0.388032662 0.402698368 0.415634310 0.425070535 0.432856365 0.439569065 0.465082398 0.440246714 0.452408233 0.452346078 0.455866100 0.526384674 0.524189634 0.497187253 0.627505262 
7     0.433145720 0.259347197 0.179101045 0.269334397 0.267653158 0.000000000 0.133537963 0.231462586 0.347580504 0.319018839 0.317397451 0.293663568 0.435725150 0.444361858 0.454217371 0.445251949 0.456239234 0.452409518 0.397169186 0.342909506 0.406954226 0.405866609 0.512387676 0.516253049 0.355037817 0.356100085 0.381185573 0.365213956 0.364093312 0.369217583 0.413200122 0.436695481 0.374994275 0.415879373 0.412009455 0.335649628 0.346118895 0.361103359 0.372335905 0.380406790 0.388875891 0.395875735 0.419592828 0.394569323 0.407098314 0.406872678 0.410481595 0.485365186 0.483252167 0.456114660 0.590435333 
8     0.376398888 0.202810604 0.117469232 0.206742530 0.205927989 0.133537963 0.000000000 0.174916076 0.291494940 0.262506010 0.262313920 0.237786975 0.379535702 0.390989533 0.397568923 0.388596854 0.399519606 0.395678638 0.339910575 0.286974216 0.350684135 0.348987400 0.455674737 0.459156655 0.298557560 0.299436783 0.324531886 0.307897171 0.307000764 0.312464545 0.356188288 0.381291186 0.319662195 0.358082041 0.355570120 0.278504472 0.289770994 0.304913438 0.315951560 0.325144919 0.332620371 0.339434947 0.364196238 0.338562133 0.350727827 0.350831420 0.354094983 0.428959991 0.427092859 0.400419023 0.536345978 
6     0.356693503 0.182212237 0.176729654 0.273421105 0.271287547 0.231462586 0.174916076 0.000000000 0.256173751 0.228259905 0.227832339 0.198115225 0.348571752 0.358457779 0.377760630 0.368493281 0.379401680 0.375421802 0.315824496 0.265078945 0.332778435 0.331379339 0.435588645 0.438215217 0.280274281 0.281285062 0.303944907 0.289778397 0.288135199 0.293605854 0.339659437 0.363068266 0.300837072 0.337894066 0.336616297 0.258766239 0.270187368 0.284377706 0.298685509 0.307216704 0.315310374 0.322621680 0.347774056 0.321961928 0.334709900 0.334650951 0.338426012 0.409091160 0.407241866 0.380975807 0.511459791 
5     0.472030413 0.292196195 0.294096843 0.389625778 0.386391611 0.347580504 0.291494940 0.256173751 0.000000000 0.153285478 0.151702293 0.240440902 0.463466706 0.471442929 0.488597663 0.478929503 0.491151513 0.486663514 0.427416239 0.374738326 0.445429126 0.442158210 0.550579580 0.553625961 0.393539560 0.394418783 0.419060134 0.402650446 0.402732485 0.408019422 0.453126925 0.477064979 0.414903024 0.451283908 0.451227248 0.372912181 0.383626616 0.398989900 0.411746375 0.421359239 0.427449985 0.434091734 0.456197035 0.433911116 0.447056699 0.446088037 0.447846420 0.523361014 0.521247172 0.493654212 0.626444027 
2     0.444972616 0.265387271 0.265305775 0.361823959 0.359273146 0.319018839 0.262506010 0.228259905 0.153285478 0.000000000 0.123300109 0.213233953 0.435757411 0.445370703 0.462063496 0.452370398 0.464200161 0.459805221 0.399300800 0.346463414 0.418405744 0.414402391 0.522976354 0.525869107 0.363832502 0.364691619 0.390308294 0.372683958 0.372838057 0.377789781 0.425247206 0.447531811 0.385209345 0.421359861 0.422083684 0.343970722 0.354168048 0.369031067 0.382176179 0.391760925 0.398629036 0.404555148 0.427194074 0.404598173 0.417818864 0.416868218 0.419108936 0.491967161 0.489864325 0.463459868 0.597665528 
10     0.444307979 0.265749572 0.265430974 0.360422193 0.357640795 0.317397451 0.262313920 0.227832339 0.151702293 0.123300109 0.000000000 0.210600920 0.434270352 0.444077894 0.459594684 0.450066372 0.461415713 0.457150723 0.398408798 0.346184191 0.417603042 0.414034993 0.523629639 0.526653893 0.365347642 0.366226864 0.390081193 0.374430624 0.374472977 0.379386930 0.424249287 0.447769396 0.385354266 0.423961296 0.421834380 0.344436418 0.354908837 0.371342366 0.382710333 0.391942209 0.397759571 0.404044077 0.427128784 0.403879064 0.417164190 0.416207417 0.418496546 0.490706749 0.488452275 0.462223856 0.601163124 
3     0.417882493 0.237139861 0.238332398 0.334044436 0.331409126 0.293663568 0.237786975 0.198115225 0.240440902 0.213233953 0.210600920 0.000000000 0.404503657 0.412543421 0.433314192 0.423753583 0.435678205 0.431300410 0.370126206 0.320315467 0.393168173 0.389977836 0.499058258 0.502103509 0.341115703 0.341980892 0.366215128 0.351766748 0.351217708 0.356949603 0.399703393 0.423030973 0.360648233 0.397099190 0.396300550 0.318900334 0.330565207 0.345834879 0.359633865 0.367511889 0.374655239 0.380092167 0.403955829 0.381420149 0.392547963 0.392485808 0.394699939 0.465455296 0.463377059 0.437504095 0.566407535 
12     0.563603544 0.387572442 0.378175016 0.474250007 0.470479866 0.435725150 0.379535702 0.348571752 0.463466706 0.435757411 0.434270352 0.404503657 0.000000000 0.186296106 0.583857103 0.575036272 0.586254890 0.582146715 0.524081107 0.471681670 0.538322767 0.535380847 0.646857587 0.648924521 0.489300966 0.490210559 0.514301398 0.499162227 0.498722062 0.504087019 0.548404297 0.570957852 0.507883403 0.546396801 0.544994464 0.468681137 0.478820436 0.494213927 0.503126945 0.513545784 0.520431465 0.523448667 0.550602808 0.525285037 0.538483775 0.538429059 0.540803700 0.612144776 0.610460581 0.582253227 0.719593975 
13     0.573833018 0.396223723 0.387957686 0.485697998 0.482984896 0.444361858 0.390989533 0.358457779 0.471442929 0.445370703 0.444077894 0.412543421 0.186296106 0.000000000 0.594338933 0.584344972 0.595939466 0.591676668 0.532480520 0.480654924 0.549987736 0.548104259 0.657707158 0.660093013 0.500373477 0.501238666 0.526749095 0.510754232 0.510059751 0.515663126 0.559647945 0.582721734 0.520476702 0.558960896 0.556678335 0.480112387 0.490871487 0.504632468 0.515282139 0.525892691 0.532724755 0.532667786 0.559309307 0.534543933 0.547298970 0.547244101 0.549396348 0.625632167 0.623474847 0.595146635 0.724742254 
41     0.518300984 0.379555736 0.398119227 0.494737174 0.495708298 0.454217371 0.397568923 0.377760630 0.488597663 0.462063496 0.459594684 0.433314192 0.583857103 0.594338933 0.000000000 0.062151624 0.133198267 0.129176867 0.198508475 0.293834096 0.446806238 0.445110346 0.551853242 0.554999077 0.393931882 0.394740817 0.422581451 0.403409056 0.403057726 0.408220498 0.452377635 0.475987250 0.413423268 0.454788259 0.450229840 0.371710965 0.381760615 0.397737800 0.407116082 0.417924929 0.425472150 0.437001217 0.460263257 0.437052385 0.447007028 0.447533201 0.448255152 0.518326643 0.514888585 0.493727547 0.622187607 
31     0.508119625 0.370113080 0.388954415 0.485721140 0.486636371 0.445251949 0.388596854 0.368493281 0.478929503 0.452370398 0.450066372 0.423753583 0.575036272 0.584344972 0.062151624 0.000000000 0.122506764 0.118506598 0.189036939 0.284809542 0.437587607 0.435825319 0.542454329 0.545104577 0.384545209 0.385369241 0.413378152 0.394402804 0.393767372 0.399289046 0.443147461 0.466929920 0.403596126 0.445319852 0.441356130 0.362581477 0.372625709 0.388438966 0.397931958 0.408862316 0.416409537 0.427608080 0.451073001 0.427488273 0.437444565 0.437954515 0.438819287 0.510590033 0.507026027 0.485747007 0.612865444 
44     0.518883921 0.380740340 0.399569636 0.497300242 0.498038362 0.456239234 0.399519606 0.379401680 0.491151513 0.464200161 0.461415713 0.435678205 0.586254890 0.595939466 0.133198267 0.122506764 0.000000000 0.085797901 0.196848986 0.293385413 0.446513266 0.444541540 0.551738463 0.554404415 0.393178953 0.393975849 0.420240225 0.401456741 0.401544001 0.406396656 0.449290760 0.474928393 0.411497382 0.455583595 0.450964241 0.370682863 0.381539701 0.398007552 0.406922213 0.417484278 0.424945128 0.436187669 0.458639588 0.436448594 0.446116148 0.446601391 0.447198826 0.516835885 0.513051486 0.492006312 0.619062285 
34     0.514264537 0.376191477 0.395703322 0.493286444 0.494079682 0.452409518 0.395678638 0.375421802 0.486663514 0.459805221 0.457150723 0.431300410 0.582146715 0.591676668 0.129176867 0.118506598 0.085797901 0.000000000 0.192542772 0.289987089 0.442798949 0.440676040 0.548070131 0.550736083 0.389336006 0.390114846 0.416530278 0.397812649 0.397753965 0.402373442 0.445626051 0.471515712 0.408544101 0.451519354 0.446874457 0.366303844 0.376824635 0.394058757 0.402302043 0.412915213 0.420413803 0.431283874 0.454629031 0.432442246 0.441962444 0.442464528 0.442203705 0.513826850 0.510194490 0.489240421 0.615452295 
43     0.460682085 0.318595173 0.341107670 0.437574181 0.438375357 0.397169186 0.339910575 0.315824496 0.427416239 0.399300800 0.398408798 0.370126206 0.524081107 0.532480520 0.198508475 0.189036939 0.196848986 0.192542772 0.000000000 0.233492787 0.390311947 0.387873201 0.496745588 0.499463619 0.337055974 0.337668959 0.365161243 0.346820777 0.346594458 0.351306422 0.394614275 0.419855692 0.356454020 0.397688401 0.394630227 0.313419530 0.325761798 0.339293041 0.348269995 0.358693594 0.366689104 0.379479117 0.401919661 0.377881517 0.388463330 0.388570326 0.389236184 0.457262364 0.453906264 0.431986296 0.562901466 
35     0.402224635 0.263095012 0.286002548 0.383149680 0.383334889 0.342909506 0.286974216 0.265078945 0.374738326 0.346463414 0.346184191 0.320315467 0.471681670 0.480654924 0.293834096 0.284809542 0.293385413 0.289987089 0.233492787 0.000000000 0.330142936 0.329150486 0.434837193 0.437277966 0.277206224 0.277907488 0.304290511 0.287725570 0.286768676 0.292046778 0.333723984 0.357827734 0.294396279 0.334862398 0.331695933 0.254207663 0.264754484 0.281503897 0.291706444 0.300876615 0.309069813 0.319003903 0.343862370 0.319218354 0.329696807 0.329746495 0.331795095 0.401477887 0.399278338 0.375923285 0.497356489 
48     0.470703214 0.334045207 0.352603521 0.449225389 0.449328065 0.406954226 0.350684135 0.332778435 0.445429126 0.418405744 0.417603042 0.393168173 0.538322767 0.549987736 0.446806238 0.437587607 0.446513266 0.442798949 0.390311947 0.330142936 0.000000000 0.155690812 0.367839184 0.371387687 0.221051712 0.221694113 0.249559547 0.234591792 0.234025851 0.239329367 0.284520896 0.304366660 0.240164683 0.300080086 0.288333495 0.215254166 0.225815006 0.240209578 0.296902011 0.303922235 0.312892429 0.320717181 0.348958322 0.323246573 0.334741729 0.333690745 0.337724404 0.451260300 0.449441354 0.427631904 0.568073012 
27     0.468076129 0.332670488 0.350336259 0.446274947 0.447201573 0.405866609 0.348987400 0.331379339 0.442158210 0.414402391 0.414034993 0.389977836 0.535380847 0.548104259 0.445110346 0.435825319 0.444541540 0.440676040 0.387873201 0.329150486 0.155690812 0.000000000 0.368415407 0.372340332 0.220773677 0.221416077 0.248539729 0.233390535 0.233280734 0.238457689 0.283758019 0.304035581 0.240287155 0.298616160 0.287772075 0.213780434 0.224398109 0.239621441 0.295480124 0.303011401 0.311893562 0.320843200 0.348481960 0.322917085 0.334333329 0.333284429 0.337240889 0.447236294 0.445024021 0.423482404 0.564990055 
37     0.573772054 0.440272351 0.457528972 0.554153458 0.554209203 0.512387676 0.455674737 0.435588645 0.550579580 0.522976354 0.523629639 0.499058258 0.646857587 0.657707158 0.551853242 0.542454329 0.551738463 0.548070131 0.496745588 0.434837193 0.367839184 0.368415407 0.000000000 0.120247625 0.328037516 0.329209721 0.355623899 0.341731004 0.340994974 0.345929119 0.391948364 0.410145491 0.347645267 0.407874164 0.393916262 0.322551430 0.332107415 0.348261706 0.406950453 0.411223417 0.420428549 0.426223378 0.454535379 0.433064783 0.443844927 0.442771226 0.446128019 0.558940963 0.557354439 0.533777240 0.673630073 
40     0.576870792 0.442967825 0.461464916 0.557780084 0.557772108 0.516253049 0.459156655 0.438215217 0.553625961 0.525869107 0.526653893 0.502103509 0.648924521 0.660093013 0.554999077 0.545104577 0.554404415 0.550736083 0.499463619 0.437277966 0.371387687 0.372340332 0.120247625 0.000000000 0.332102067 0.333274271 0.360052451 0.345827985 0.345084471 0.350075676 0.395429398 0.414253137 0.351318803 0.410256117 0.397407717 0.325521605 0.334936408 0.350976848 0.409774782 0.415912686 0.424473821 0.428791326 0.456933140 0.435400786 0.446180902 0.445260973 0.449072940 0.561746696 0.560194943 0.536526907 0.677682803 
24     0.419840243 0.282892758 0.300754072 0.397850442 0.397939971 0.355037817 0.298557560 0.280274281 0.393539560 0.363832502 0.365347642 0.341115703 0.489300966 0.500373477 0.393931882 0.384545209 0.393178953 0.389336006 0.337055974 0.277206224 0.221051712 0.220773677 0.328037516 0.332102067 0.000000000 0.025260830 0.198642797 0.183990998 0.183026574 0.188242996 0.234550931 0.254505525 0.191492053 0.249743549 0.239079783 0.166574134 0.174664599 0.190977474 0.248592893 0.254670048 0.263747627 0.271682018 0.299020623 0.273128193 0.285019752 0.283967177 0.288714555 0.400652086 0.398268663 0.373603707 0.513728790 
16     0.420642644 0.283772882 0.301633295 0.398729665 0.398819194 0.356100085 0.299436783 0.281285062 0.394418783 0.364691619 0.366226864 0.341980892 0.490210559 0.501238666 0.394740817 0.385369241 0.393975849 0.390114846 0.337668959 0.277907488 0.221694113 0.221416077 0.329209721 0.333274271 0.025260830 0.000000000 0.199752442 0.185150850 0.184186426 0.189402848 0.235704133 0.255731650 0.192684084 0.250236193 0.239620850 0.167295691 0.175333061 0.191765037 0.249338152 0.255439022 0.264516600 0.272421018 0.299771987 0.273897232 0.285714111 0.284661537 0.289465918 0.401104597 0.398721174 0.373983600 0.514434009 
22     0.444465666 0.308035904 0.325142500 0.423169569 0.423098941 0.381185573 0.324531886 0.303944907 0.419060134 0.390308294 0.390081193 0.366215128 0.514301398 0.526749095 0.422581451 0.413378152 0.420240225 0.416530278 0.365161243 0.304290511 0.249559547 0.248539729 0.355623899 0.360052451 0.198642797 0.199752442 0.000000000 0.114988206 0.109405975 0.113030972 0.195405047 0.274550256 0.210265685 0.272514196 0.260690577 0.188735494 0.198455895 0.213678429 0.271863006 0.278619494 0.287046015 0.294642507 0.322023981 0.296285761 0.307418843 0.306313631 0.309893555 0.427297715 0.425030620 0.402612531 0.535148904 
29     0.427228353 0.292387249 0.309121045 0.407032971 0.407450711 0.365213956 0.307897171 0.289778397 0.402650446 0.372683958 0.374430624 0.351766748 0.499162227 0.510754232 0.403409056 0.394402804 0.401456741 0.397812649 0.346820777 0.287725570 0.234591792 0.233390535 0.341731004 0.345827985 0.183990998 0.185150850 0.114988206 0.000000000 0.055386599 0.058425587 0.188391752 0.261096559 0.196676834 0.257522505 0.246346922 0.172495923 0.182813538 0.198873204 0.254738005 0.261273513 0.270024797 0.276942411 0.304476493 0.278814616 0.290312809 0.289189111 0.292313752 0.410721891 0.408908814 0.385931018 0.524995374 
42     0.426344770 0.291598043 0.308629099 0.406417254 0.406861116 0.364093312 0.307000764 0.288135199 0.402732485 0.372838057 0.374472977 0.351217708 0.498722062 0.510059751 0.403057726 0.393767372 0.401544001 0.397753965 0.346594458 0.286768676 0.234025851 0.233280734 0.340994974 0.345084471 0.183026574 0.184186426 0.109405975 0.055386599 0.000000000 0.044839720 0.183968863 0.260076267 0.195331455 0.255883714 0.244956587 0.171426994 0.181608014 0.197240898 0.254093250 0.260688072 0.269450112 0.276398728 0.303855875 0.278669712 0.289834246 0.288717233 0.291039445 0.409061393 0.407297273 0.384552150 0.522538007 
28     0.431879463 0.296718531 0.313711300 0.411657583 0.412090289 0.369217583 0.312464545 0.293605854 0.408019422 0.377789781 0.379386930 0.356949603 0.504087019 0.515663126 0.408220498 0.399289046 0.406396656 0.402373442 0.351306422 0.292046778 0.239329367 0.238457689 0.345929119 0.350075676 0.188242996 0.189402848 0.113030972 0.058425587 0.044839720 0.000000000 0.187997065 0.265235277 0.201454528 0.261039969 0.249924209 0.176591858 0.186812562 0.202165854 0.258766409 0.265355330 0.274086081 0.281059038 0.308484881 0.283076800 0.294360735 0.293237570 0.295930908 0.413795949 0.412037532 0.388520163 0.526973076 
21     0.475399430 0.340368028 0.358162240 0.453795952 0.454868488 0.413200122 0.356188288 0.339659437 0.453126925 0.425247206 0.424249287 0.399703393 0.548404297 0.559647945 0.452377635 0.443147461 0.449290760 0.445626051 0.394614275 0.333723984 0.284520896 0.283758019 0.391948364 0.395429398 0.234550931 0.235704133 0.195405047 0.188391752 0.183968863 0.187997065 0.000000000 0.310477254 0.245186287 0.307743018 0.295742469 0.223335723 0.233572670 0.249018161 0.299193829 0.305397106 0.314175847 0.321903017 0.349423757 0.323893438 0.335222889 0.334162959 0.338702691 0.457612380 0.455382417 0.432934973 0.570100118 
30     0.499155817 0.363227567 0.384080537 0.481141398 0.480740447 0.436695481 0.381291186 0.363068266 0.477064979 0.447531811 0.447769396 0.423030973 0.570957852 0.582721734 0.475987250 0.466929920 0.474928393 0.471515712 0.419855692 0.357827734 0.304366660 0.304035581 0.410145491 0.414253137 0.254505525 0.255731650 0.274550256 0.261096559 0.260076267 0.265235277 0.310477254 0.000000000 0.145773931 0.330650486 0.319758761 0.245985731 0.255893914 0.271208566 0.327643637 0.333378471 0.342490730 0.352020248 0.379033958 0.354264354 0.366110272 0.365166587 0.368233499 0.479234562 0.477135217 0.454294925 0.589580446 
50     0.437808263 0.301709008 0.321056723 0.417873574 0.417255880 0.374994275 0.319662195 0.300837072 0.414903024 0.385209345 0.385354266 0.360648233 0.507883403 0.520476702 0.413423268 0.403596126 0.411497382 0.408544101 0.356454020 0.294396279 0.240164683 0.240287155 0.347645267 0.351318803 0.191492053 0.192684084 0.210265685 0.196676834 0.195331455 0.201454528 0.245186287 0.145773931 0.000000000 0.265626787 0.254818991 0.181919512 0.192058293 0.207923254 0.263626458 0.270470054 0.279582313 0.288579875 0.315807283 0.290797737 0.302597041 0.301549074 0.303555197 0.415445870 0.413363379 0.392171161 0.523325708 
33     0.477827478 0.340735742 0.358332525 0.455145495 0.455366646 0.415879373 0.358082041 0.337894066 0.451283908 0.421359861 0.423961296 0.397099190 0.546396801 0.558960896 0.454788259 0.445319852 0.455583595 0.451519354 0.397688401 0.334862398 0.300080086 0.298616160 0.407874164 0.410256117 0.249743549 0.250236193 0.272514196 0.257522505 0.255883714 0.261039969 0.307743018 0.330650486 0.265626787 0.000000000 0.240963380 0.196506321 0.206146783 0.225068766 0.311170429 0.317830906 0.326507182 0.331883806 0.360121596 0.336263902 0.347085076 0.346949584 0.350021633 0.459863690 0.457354086 0.435709392 0.577161121 
20     0.473664696 0.339217084 0.354894173 0.452686185 0.453328842 0.412009455 0.355570120 0.336616297 0.451227248 0.422083684 0.421834380 0.396300550 0.544994464 0.556678335 0.450229840 0.441356130 0.450964241 0.446874457 0.394630227 0.331695933 0.288333495 0.287772075 0.393916262 0.397407717 0.239079783 0.239620850 0.260690577 0.246346922 0.244956587 0.249924209 0.295742469 0.319758761 0.254818991 0.240963380 0.000000000 0.183633416 0.195757068 0.212118260 0.301901879 0.308311093 0.316762827 0.322814790 0.353521620 0.328808966 0.339641484 0.339520550 0.341334037 0.453339404 0.450909892 0.429091086 0.570770637 
15     0.396904832 0.261628061 0.279911765 0.375776818 0.376082773 0.335649628 0.278504472 0.258766239 0.372912181 0.343970722 0.344436418 0.318900334 0.468681137 0.480112387 0.371710965 0.362581477 0.370682863 0.366303844 0.313419530 0.254207663 0.215254166 0.213780434 0.322551430 0.325521605 0.166574134 0.167295691 0.188735494 0.172495923 0.171426994 0.176591858 0.223335723 0.245985731 0.181919512 0.196506321 0.183633416 0.000000000 0.099699686 0.141915715 0.228207729 0.235044797 0.243528504 0.249223793 0.278634157 0.254111949 0.264889515 0.264744562 0.265400674 0.378433897 0.376228494 0.353203867 0.495041427 
36     0.407056943 0.271279739 0.289230073 0.388711939 0.388032662 0.346118895 0.289770994 0.270187368 0.383626616 0.354168048 0.354908837 0.330565207 0.478820436 0.490871487 0.381760615 0.372625709 0.381539701 0.376824635 0.325761798 0.264754484 0.225815006 0.224398109 0.332107415 0.334936408 0.174664599 0.175333061 0.198455895 0.182813538 0.181608014 0.186812562 0.233572670 0.255893914 0.192058293 0.206146783 0.195757068 0.099699686 0.000000000 0.152680919 0.236666539 0.244470552 0.253321385 0.259524417 0.287829964 0.263796443 0.274572213 0.274470827 0.276511185 0.389732490 0.387247200 0.364286037 0.505002559 
39     0.423190670 0.287903044 0.305779099 0.402704651 0.402698368 0.361103359 0.304913438 0.284377706 0.398989900 0.369031067 0.371342366 0.345834879 0.494213927 0.504632468 0.397737800 0.388438966 0.398007552 0.394058757 0.339293041 0.281503897 0.240209578 0.239621441 0.348261706 0.350976848 0.190977474 0.191765037 0.213678429 0.198873204 0.197240898 0.202165854 0.249018161 0.271208566 0.207923254 0.225068766 0.212118260 0.141915715 0.152680919 0.000000000 0.249285651 0.256676330 0.265321064 0.274924887 0.304777673 0.279226466 0.289629029 0.289528107 0.292836376 0.406600119 0.404421585 0.381607519 0.519558624 
32     0.432837689 0.300228349 0.319992520 0.416526881 0.415634310 0.372335905 0.315951560 0.298685509 0.411746375 0.382176179 0.382710333 0.359633865 0.503126945 0.515282139 0.407116082 0.397931958 0.406922213 0.402302043 0.348269995 0.291706444 0.296902011 0.295480124 0.406950453 0.409774782 0.248592893 0.249338152 0.271863006 0.254738005 0.254093250 0.258766409 0.299193829 0.327643637 0.263626458 0.311170429 0.301901879 0.228207729 0.236666539 0.249285651 0.000000000 0.125242320 0.135206117 0.209352959 0.235853901 0.211476808 0.222266244 0.221431165 0.223530627 0.417744499 0.415327504 0.390198807 0.533838505 
23     0.443535543 0.308046666 0.328989620 0.424947455 0.425070535 0.380406790 0.325144919 0.307216704 0.421359239 0.391760925 0.391942209 0.367511889 0.513545784 0.525892691 0.417924929 0.408862316 0.417484278 0.412915213 0.358693594 0.300876615 0.303922235 0.303011401 0.411223417 0.415912686 0.254670048 0.255439022 0.278619494 0.261273513 0.260688072 0.265355330 0.305397106 0.333378471 0.270470054 0.317830906 0.308311093 0.235044797 0.244470552 0.256676330 0.125242320 0.000000000 0.056958253 0.217079370 0.244238424 0.219611842 0.230183993 0.229431511 0.231157642 0.422731147 0.420744639 0.397091865 0.537437070 
26     0.451243603 0.315885740 0.336640105 0.432753703 0.432856365 0.388875891 0.332620371 0.315310374 0.427449985 0.398629036 0.397759571 0.374655239 0.520431465 0.532724755 0.425472150 0.416409537 0.424945128 0.420413803 0.366689104 0.309069813 0.312892429 0.311893562 0.420428549 0.424473821 0.263747627 0.264516600 0.287046015 0.270024797 0.269450112 0.274086081 0.314175847 0.342490730 0.279582313 0.326507182 0.316762827 0.243528504 0.253321385 0.265321064 0.135206117 0.056958253 0.000000000 0.225378311 0.252441672 0.227894958 0.238018713 0.237260493 0.239279805 0.432535190 0.430548682 0.406774767 0.548041295 
47     0.462919250 0.322232122 0.344127064 0.441161310 0.439569065 0.395875735 0.339434947 0.322621680 0.434091734 0.404555148 0.404044077 0.380092167 0.523448667 0.532667786 0.437001217 0.427608080 0.436187669 0.431283874 0.379479117 0.319003903 0.320717181 0.320843200 0.426223378 0.428791326 0.271682018 0.272421018 0.294642507 0.276942411 0.276398728 0.281059038 0.321903017 0.352020248 0.288579875 0.331883806 0.322814790 0.249223793 0.259524417 0.274924887 0.209352959 0.217079370 0.225378311 0.000000000 0.156877527 0.138170858 0.147811345 0.146756345 0.191471958 0.439931018 0.438371160 0.415513975 0.552719744 
25     0.486718441 0.348335662 0.368085287 0.465103494 0.465082398 0.419592828 0.364196238 0.347774056 0.456197035 0.427194074 0.427128784 0.403955829 0.550602808 0.559309307 0.460263257 0.451073001 0.458639588 0.454629031 0.401919661 0.343862370 0.348958322 0.348481960 0.454535379 0.456933140 0.299020623 0.299771987 0.322023981 0.304476493 0.303855875 0.308484881 0.349423757 0.379033958 0.315807283 0.360121596 0.353521620 0.278634157 0.287829964 0.304777673 0.235853901 0.244238424 0.252441672 0.156877527 0.000000000 0.115893897 0.126802983 0.126224835 0.216855962 0.463562331 0.461311323 0.437876992 0.582509717 
46     0.458295811 0.322289636 0.342658256 0.440215431 0.440246714 0.394569323 0.338562133 0.321961928 0.433911116 0.404598173 0.403879064 0.381420149 0.525285037 0.534543933 0.437052385 0.427488273 0.436448594 0.432442246 0.377881517 0.319218354 0.323246573 0.322917085 0.433064783 0.435400786 0.273128193 0.273897232 0.296285761 0.278814616 0.278669712 0.283076800 0.323893438 0.354264354 0.290797737 0.336263902 0.328808966 0.254111949 0.263796443 0.279226466 0.211476808 0.219611842 0.227894958 0.138170858 0.115893897 0.000000000 0.041425415 0.039254808 0.192729290 0.440776930 0.438543547 0.415098243 0.555499953 
17     0.469760977 0.335327650 0.354986504 0.452387750 0.452408233 0.407098314 0.350727827 0.334709900 0.447056699 0.417818864 0.417164190 0.392547963 0.538483775 0.547298970 0.447007028 0.437444565 0.446116148 0.441962444 0.388463330 0.329696807 0.334741729 0.334333329 0.443844927 0.446180902 0.285019752 0.285714111 0.307418843 0.290312809 0.289834246 0.294360735 0.335222889 0.366110272 0.302597041 0.347085076 0.339641484 0.264889515 0.274572213 0.289629029 0.222266244 0.230183993 0.238018713 0.147811345 0.126802983 0.041425415 0.000000000 0.032759455 0.201486488 0.451117431 0.448899697 0.426075283 0.568164381 
45     0.469749756 0.334251355 0.354939424 0.452328743 0.452346078 0.406872678 0.350831420 0.334650951 0.446088037 0.416868218 0.416207417 0.392485808 0.538429059 0.547244101 0.447533201 0.437954515 0.446601391 0.442464528 0.388570326 0.329746495 0.333690745 0.333284429 0.442771226 0.445260973 0.283967177 0.284661537 0.306313631 0.289189111 0.288717233 0.293237570 0.334162959 0.365166587 0.301549074 0.346949584 0.339520550 0.264744562 0.274470827 0.289528107 0.221431165 0.229431511 0.237260493 0.146756345 0.126224835 0.039254808 0.032759455 0.000000000 0.200555247 0.451138425 0.448903968 0.426079260 0.567207608 
18     0.474658352 0.336956331 0.359424416 0.454983126 0.455866100 0.410481595 0.354094983 0.338426012 0.447846420 0.419108936 0.418496546 0.394699939 0.540803700 0.549396348 0.448255152 0.438819287 0.447198826 0.442203705 0.389236184 0.331795095 0.337724404 0.337240889 0.446128019 0.449072940 0.288714555 0.289465918 0.309893555 0.292313752 0.291039445 0.295930908 0.338702691 0.368233499 0.303555197 0.350021633 0.341334037 0.265400674 0.276511185 0.292836376 0.223530627 0.231157642 0.239279805 0.191471958 0.216855962 0.192729290 0.201486488 0.200555247 0.000000000 0.455289634 0.453682317 0.429531447 0.568923406 
49     0.550950899 0.408744919 0.430388113 0.526291672 0.526384674 0.485365186 0.428959991 0.409091160 0.523361014 0.491967161 0.490706749 0.465455296 0.612144776 0.625632167 0.518326643 0.510590033 0.516835885 0.513826850 0.457262364 0.401477887 0.451260300 0.447236294 0.558940963 0.561746696 0.400652086 0.401104597 0.427297715 0.410721891 0.409061393 0.413795949 0.457612380 0.479234562 0.415445870 0.459863690 0.453339404 0.378433897 0.389732490 0.406600119 0.417744499 0.422731147 0.432535190 0.439931018 0.463562331 0.440776930 0.451117431 0.451138425 0.455289634 0.000000000 0.076576984 0.162291610 0.641524805 
38     0.548143265 0.405885890 0.427706471 0.523575153 0.524189634 0.483252167 0.427092859 0.407241866 0.521247172 0.489864325 0.488452275 0.463377059 0.610460581 0.623474847 0.514888585 0.507026027 0.513051486 0.510194490 0.453906264 0.399278338 0.449441354 0.445024021 0.557354439 0.560194943 0.398268663 0.398721174 0.425030620 0.408908814 0.407297273 0.412037532 0.455382417 0.477135217 0.413363379 0.457354086 0.450909892 0.376228494 0.387247200 0.404421585 0.415327504 0.420744639 0.430548682 0.438371160 0.461311323 0.438543547 0.448899697 0.448903968 0.453682317 0.076576984 0.000000000 0.155485769 0.638578174 
19     0.523688787 0.379609676 0.401470716 0.496995431 0.497187253 0.456114660 0.400419023 0.380975807 0.493654212 0.463459868 0.462223856 0.437504095 0.582253227 0.595146635 0.493727547 0.485747007 0.492006312 0.489240421 0.431986296 0.375923285 0.427631904 0.423482404 0.533777240 0.536526907 0.373603707 0.373983600 0.402612531 0.385931018 0.384552150 0.388520163 0.432934973 0.454294925 0.392171161 0.435709392 0.429091086 0.353203867 0.364286037 0.381607519 0.390198807 0.397091865 0.406774767 0.415513975 0.437876992 0.415098243 0.426075283 0.426079260 0.429531447 0.162291610 0.155485769 0.000000000 0.618406155 
0     0.644409300 0.510357660 0.535678120 0.630329203 0.627505262 0.590435333 0.536345978 0.511459791 0.626444027 0.597665528 0.601163124 0.566407535 0.719593975 0.724742254 0.622187607 0.612865444 0.619062285 0.615452295 0.562901466 0.497356489 0.568073012 0.564990055 0.673630073 0.677682803 0.513728790 0.514434009 0.535148904 0.524995374 0.522538007 0.526973076 0.570100118 0.589580446 0.523325708 0.577161121 0.570770637 0.495041427 0.505002559 0.519558624 0.533838505 0.537437070 0.548041295 0.552719744 0.582509717 0.555499953 0.568164381 0.567207608 0.568923406 0.641524805 0.638578174 0.618406155 0.000000000 
