51
4     0.000000000 0.016528660 0.011410220 0.008867280 0.017517010 0.007329180 0.007784250 0.021426490 0.017861450 0.007548730 0.029280890 0.015144020 0.013807910 0.027791510 0.015842800 0.000287820 0.018941480 0.027451020 0.009097590 0.007474380 0.011441110 0.027053230 0.014898040 0.040912960 0.014618850 0.015994580 0.009593250 0.029780560 0.001955210 0.029945010 0.032839070 0.013154550 0.006915860 0.024427850 0.021817890 0.015603310 0.001136810 0.018229050 0.008291880 0.022555170 0.021769730 0.011531020 0.028797920 0.018480820 0.020116140 0.028227720 0.020250840 0.023652210 0.014485570 0.021021250 0.005850450 
14     0.016528660 0.000000000 0.001435860 0.003092140 0.016912200 0.008242820 0.008242570 0.004500170 0.000745800 0.006298420 0.007648760 0.009060700 0.001892530 0.012009340 0.026601560 0.011011510 0.015305320 0.025684330 0.008080550 0.006916270 0.004046960 0.009205050 0.027234320 0.010844950 0.012346140 0.012488190 0.014301570 0.002484630 0.009802160 0.006273030 0.015562820 0.009203510 0.020743360 0.018001460 0.020870780 0.006317840 0.002139440 0.020364830 0.008742610 0.019679100 0.019308490 0.001447490 0.008313190 0.003067990 0.017445530 0.016310840 0.015528990 0.029718400 0.000823730 0.009495820 0.010727540 
1     0.011410220 0.001435860 0.000000000 0.002732410 0.007533030 0.002510770 0.000000900 0.002431270 0.011890670 0.008422500 0.005965710 0.008010360 0.002635910 0.003002610 0.015482560 0.021994000 0.006107610 0.000822820 0.008925840 0.004105310 0.008081820 0.015976890 0.007727660 0.028222320 0.001714200 0.002664600 0.012800400 0.009753680 0.012804310 0.025121170 0.006262430 0.028393970 0.012687660 0.002098750 0.005023140 0.001917890 0.005976440 0.007241570 0.011320510 0.018698960 0.024792340 0.012142840 0.013284250 0.000610130 0.014532850 0.025251020 0.014161310 0.011999890 0.038683500 0.031215520 0.013025930 
9     0.008867280 0.003092140 0.002732410 0.000000000 0.000155340 0.008496540 0.000109520 0.008281570 0.040294160 0.008819770 0.011227360 0.006589770 0.002464790 0.028409940 0.015202930 0.019871130 0.009951280 0.020307510 0.001012340 0.007301250 0.005693430 0.009184700 0.001982300 0.008304480 0.031792820 0.032094430 0.031110230 0.019503360 0.029095080 0.029477420 0.026932860 0.014008540 0.011957420 0.029873100 0.004145170 0.030574220 0.011102900 0.035146210 0.017008160 0.021720790 0.019613200 0.003076350 0.039094520 0.011952470 0.018395450 0.011156490 0.043242280 0.037181550 0.022029780 0.033648000 0.013047580 
11     0.017517010 0.016912200 0.007533030 0.000155340 0.000000000 0.003130350 0.004644790 0.012778280 0.003156230 0.035087450 0.003170800 0.001544190 0.012180420 0.003000030 0.013322500 0.017990700 0.018598250 0.003875890 0.038199850 0.005026980 0.023505200 0.002962780 0.007639310 0.009645680 0.031838830 0.032140440 0.010493710 0.022323940 0.020264750 0.021107190 0.028395270 0.018109620 0.008922720 0.006405210 0.014060530 0.017744100 0.009134350 0.036999000 0.014948710 0.019661340 0.017553750 0.015202480 0.041550940 0.039331060 0.044119900 0.043355870 0.024709260 0.054865070 0.055312230 0.031748530 0.004512020 
7     0.007329180 0.008242820 0.002510770 0.008496540 0.003130350 0.000000000 0.000000250 0.006580360 0.022816730 0.018751760 0.017707830 0.021936100 0.033994950 0.032181350 0.033747790 0.017838100 0.034997310 0.016478550 0.012677610 0.008173310 0.011070610 0.018322420 0.012218730 0.055935640 0.014784690 0.019335480 0.015145930 0.015076040 0.005210010 0.018242940 0.015246320 0.008702400 0.006562240 0.025120300 0.015181720 0.010807860 0.007400930 0.036353960 0.011239000 0.008800020 0.014081490 0.027148290 0.009009730 0.027094600 0.025651820 0.025588320 0.008555240 0.041442560 0.024328170 0.020406450 0.002214130 
8     0.007784250 0.008242570 0.000000900 0.000109520 0.004644790 0.000000250 0.000000000 0.003707310 0.015078350 0.005385960 0.003079900 0.011514290 0.007600910 0.002652260 0.019021730 0.009983260 0.023357510 0.007405350 0.004507640 0.000317510 0.009772620 0.002173150 0.021381050 0.029964110 0.002814890 0.015068900 0.012804060 0.003050080 0.006151300 0.010584610 0.021506110 0.030744020 0.015037710 0.005987810 0.002067300 0.005857080 0.007303110 0.022716170 0.007061630 0.002378120 0.003184090 0.019533790 0.034564400 0.005339560 0.017832390 0.010842150 0.011920450 0.002425860 0.034910010 0.029340660 0.001137210 
6     0.021426490 0.004500170 0.002431270 0.008281570 0.012778280 0.006580360 0.003707310 0.000000000 0.006219200 0.008510780 0.016335480 0.004056570 0.001023100 0.003545530 0.025093080 0.019261950 0.004687990 0.013691430 0.002726940 0.009186780 0.010503750 0.010282430 0.025928880 0.007292810 0.007623190 0.010581310 0.007720430 0.018111360 0.005103850 0.016549050 0.014990460 0.002059640 0.005942680 0.014798290 0.017421100 0.000070750 0.006427390 0.007793630 0.006371380 0.021424010 0.024523650 0.005841390 0.007900410 0.012206580 0.013822800 0.013479720 0.007141480 0.003075740 0.008828530 0.012561070 0.002353480 
5     0.017861450 0.000745800 0.011890670 0.040294160 0.003156230 0.022816730 0.015078350 0.006219200 0.000000000 0.002681600 0.000181270 0.010934860 0.004948180 0.005407140 0.008767900 0.007205900 0.024690890 0.024647630 0.008676920 0.010317060 0.040333810 0.006580910 0.031748390 0.031212980 0.031930770 0.025212980 0.003915120 0.008416150 0.024821830 0.032685630 0.037259020 0.020035680 0.022102710 0.010278360 0.028830860 0.016065150 0.018467700 0.006670720 0.012042110 0.026094500 0.025036160 0.016988610 0.037191090 0.003026970 0.011020430 0.006515890 0.015357670 0.031315500 0.029191610 0.041623840 0.045888860 
2     0.007548730 0.006298420 0.008422500 0.008819770 0.035087450 0.018751760 0.005385960 0.008510780 0.002681600 0.000000000 0.000155910 0.005573160 0.004497790 0.005718940 0.040761520 0.040064690 0.016139180 0.018182550 0.006861770 0.014496560 0.010250680 0.041598360 0.015383020 0.014847610 0.019843900 0.006807380 0.034423770 0.020091160 0.014445750 0.027478680 0.025264440 0.041805690 0.010954410 0.004076510 0.037402540 0.005785530 0.005693400 0.026253000 0.012847490 0.014951300 0.019214950 0.009421220 0.020037280 0.012500880 0.006994950 0.014686260 0.023055190 0.013114830 0.025507720 0.015228950 0.031356980 
10     0.029280890 0.007648760 0.005965710 0.011227360 0.003170800 0.017707830 0.003079900 0.016335480 0.000181270 0.000155910 0.000000000 0.008364060 0.006496470 0.011764270 0.012115340 0.013182240 0.026044130 0.004909130 0.001140030 0.014482010 0.006249980 0.007763190 0.012472470 0.011934810 0.029452730 0.029895090 0.017449550 0.033828510 0.013401820 0.026434750 0.007654270 0.005051930 0.002594980 0.030695070 0.037929980 0.024654700 0.032149930 0.029156620 0.012153740 0.013040730 0.016880950 0.010502830 0.007498000 0.016812200 0.031282760 0.017970100 0.009878680 0.025293030 0.023169140 0.024929600 0.024846710 
3     0.015144020 0.009060700 0.008010360 0.006589770 0.001544190 0.021936100 0.011514290 0.004056570 0.010934860 0.005573160 0.008364060 0.000000000 0.003017190 0.004906420 0.037655180 0.024141200 0.022227420 0.023513650 0.002304990 0.002475520 0.038984220 0.029326780 0.015922490 0.023845280 0.016297440 0.016316810 0.006467780 0.029093180 0.001407020 0.028583070 0.023226340 0.008375230 0.026339110 0.031162510 0.004084870 0.008820700 0.004909520 0.003388670 0.006981470 0.011808510 0.027213160 0.020928390 0.013248040 0.035966140 0.033389040 0.036169110 0.032632850 0.043287350 0.007116560 0.017828080 0.013755740 
12     0.013807910 0.001892530 0.002635910 0.002464790 0.012180420 0.033994950 0.007600910 0.001023100 0.004948180 0.004497790 0.006496470 0.003017190 0.000000000 0.000472770 0.013239170 0.009670030 0.007248950 0.016949630 0.006140350 0.008107020 0.018033470 0.023370600 0.027278650 0.006773430 0.005010860 0.002554830 0.034508910 0.019067350 0.024136080 0.017214220 0.023600860 0.037492820 0.036501660 0.009252410 0.034399080 0.021352630 0.012910900 0.007690260 0.015257590 0.022641870 0.017450790 0.011849200 0.033742070 0.003744180 0.015071760 0.031796570 0.025886130 0.010217870 0.009720730 0.036633020 0.007526530 
13     0.027791510 0.012009340 0.003002610 0.028409940 0.003000030 0.032181350 0.002652260 0.003545530 0.005407140 0.005718940 0.011764270 0.004906420 0.000472770 0.000000000 0.026826600 0.013335700 0.004033560 0.003292090 0.004051560 0.003813100 0.044118040 0.016711920 0.027750700 0.027827230 0.008888150 0.011197450 0.007845360 0.030316490 0.015428260 0.019736530 0.048622950 0.029965740 0.029045170 0.003966870 0.047311310 0.003842230 0.005945960 0.023107130 0.006709520 0.016428060 0.047118890 0.001361450 0.019211720 0.008259100 0.018516160 0.022436240 0.007174500 0.011034970 0.009636440 0.030735800 0.034288660 
41     0.015842800 0.026601560 0.015482560 0.015202930 0.013322500 0.033747790 0.019021730 0.025093080 0.008767900 0.040761520 0.012115340 0.037655180 0.013239170 0.026826600 0.000000000 0.000000800 0.003744490 0.004906220 0.003499060 0.014397330 0.044072860 0.028075210 0.023692660 0.047016490 0.021986680 0.022018260 0.036891240 0.022185040 0.013684250 0.018960670 0.024924230 0.024276870 0.020152330 0.028064990 0.013406620 0.017914860 0.008867620 0.020708400 0.030857020 0.032905910 0.032535300 0.002589590 0.039584590 0.028723430 0.027964080 0.029047960 0.026278800 0.017995510 0.034964780 0.033799880 0.011348110 
31     0.000287820 0.011011510 0.021994000 0.019871130 0.017990700 0.017838100 0.009983260 0.019261950 0.007205900 0.040064690 0.013182240 0.024141200 0.009670030 0.013335700 0.000000800 0.000000000 0.002957850 0.001007130 0.000653440 0.010364230 0.034903060 0.022791010 0.035442060 0.007725310 0.015695860 0.018494660 0.029970100 0.015827720 0.007542860 0.012603350 0.020891130 0.022572740 0.016119230 0.029358010 0.013299020 0.020628820 0.022418860 0.020600800 0.017034950 0.031793920 0.031423310 0.024455670 0.031225100 0.002657870 0.013717200 0.016306060 0.024022940 0.012456350 0.030931680 0.029766780 0.012055860 
44     0.018941480 0.015305320 0.006107610 0.009951280 0.018598250 0.034997310 0.023357510 0.004687990 0.024690890 0.016139180 0.026044130 0.022227420 0.007248950 0.004033560 0.003744490 0.002957850 0.000000000 0.001653500 0.000964900 0.000122400 0.006725160 0.037698750 0.045595660 0.046460640 0.017262920 0.017294500 0.005299340 0.034351160 0.009550960 0.024980050 0.007795750 0.018230040 0.003040340 0.030827620 0.006017020 0.000963410 0.002517160 0.006230260 0.004469850 0.026050870 0.003224400 0.013455290 0.030406870 0.024414860 0.028228530 0.026778210 0.004626270 0.008265600 0.008331960 0.006595940 0.000730350 
34     0.027451020 0.025684330 0.000822820 0.020307510 0.003875890 0.016478550 0.007405350 0.013691430 0.024647630 0.018182550 0.004909130 0.023513650 0.016949630 0.003292090 0.004906220 0.001007130 0.001653500 0.000000000 0.006647250 0.005782540 0.035080530 0.014258620 0.055413250 0.053248930 0.024568970 0.024600550 0.002394330 0.019146030 0.009994770 0.001148630 0.007566000 0.008536790 0.018978030 0.031260900 0.027715010 0.007060500 0.003270990 0.018726590 0.003999150 0.015650370 0.017551170 0.035745250 0.028439420 0.019405930 0.022514450 0.029315750 0.026881740 0.001482390 0.033790480 0.030538500 0.003290610 
43     0.009097590 0.008080550 0.008925840 0.001012340 0.038199850 0.012677610 0.004507640 0.002726940 0.008676920 0.006861770 0.001140030 0.002304990 0.006140350 0.004051560 0.003499060 0.000653440 0.000964900 0.006647250 0.000000000 0.001077980 0.033149540 0.012722170 0.014914840 0.013712170 0.016005990 0.004604210 0.025053510 0.004229640 0.000823710 0.008283070 0.004262520 0.010379200 0.001545880 0.025877780 0.006972600 0.001918990 0.003472740 0.007185840 0.009659720 0.012693470 0.013323520 0.010485370 0.007234200 0.009929090 0.013020420 0.013735510 0.007055350 0.002593800 0.011832470 0.007551520 0.004908280 
35     0.007474380 0.006916270 0.004105310 0.007301250 0.005026980 0.008173310 0.000317510 0.009186780 0.010317060 0.014496560 0.014482010 0.002475520 0.008107020 0.003813100 0.014397330 0.010364230 0.000122400 0.005782540 0.001077980 0.000000000 0.013863490 0.020184860 0.007464050 0.005288860 0.011666280 0.007688210 0.013582560 0.015975360 0.010937440 0.008308550 0.004745180 0.014272920 0.000363780 0.012127330 0.001212330 0.001076490 0.002630240 0.006245300 0.006053390 0.019035660 0.018665050 0.011225850 0.016163150 0.007824890 0.009460210 0.028147910 0.009594910 0.008280640 0.010891930 0.006610980 0.002966090 
48     0.011441110 0.004046960 0.008081820 0.005693430 0.023505200 0.011070610 0.009772620 0.010503750 0.040333810 0.010250680 0.006249980 0.038984220 0.018033470 0.044118040 0.044072860 0.034903060 0.006725160 0.035080530 0.033149540 0.013863490 0.000000000 0.000396030 0.013698570 0.013461440 0.013819230 0.014668520 0.003184040 0.003549220 0.003187950 0.013036080 0.019385360 0.016136650 0.005356840 0.021642050 0.014578910 0.009755700 0.005422360 0.013209220 0.020739080 0.024031980 0.014770810 0.006703590 0.027049280 0.011914030 0.013530250 0.013187170 0.006830490 0.010712360 0.012094840 0.008811400 0.015637590 
27     0.027053230 0.009205050 0.015976890 0.009184700 0.002962780 0.018322420 0.002173150 0.010282430 0.006580910 0.041598360 0.007763190 0.029326780 0.023370600 0.016711920 0.028075210 0.022791010 0.037698750 0.014258620 0.012722170 0.020184860 0.000396030 0.000000000 0.016642970 0.035239870 0.015807930 0.015370540 0.003182970 0.003548150 0.003186880 0.017166430 0.000803530 0.018085560 0.005249710 0.007670200 0.014577840 0.010286720 0.012468030 0.024330300 0.003630430 0.018383290 0.014124130 0.011001870 0.030376530 0.005055660 0.009960280 0.009808320 0.006829420 0.015427360 0.025240580 0.014442250 0.006157730 
37     0.014898040 0.027234320 0.007727660 0.001982300 0.007639310 0.012218730 0.021381050 0.025928880 0.031748390 0.015383020 0.012472470 0.015922490 0.027278650 0.027750700 0.023692660 0.035442060 0.045595660 0.055413250 0.014914840 0.007464050 0.013698570 0.016642970 0.000000000 0.000005610 0.014146680 0.014146260 0.018910080 0.020062880 0.000507010 0.008238070 0.010159050 0.021585590 0.021083900 0.021252320 0.025874060 0.004294600 0.012831620 0.009986770 0.008517020 0.025849650 0.031420170 0.025809110 0.037218360 0.034046640 0.038345980 0.034153330 0.005511510 0.029287320 0.031143560 0.007054450 0.015143180 
40     0.040912960 0.010844950 0.028222320 0.008304480 0.009645680 0.055935640 0.029964110 0.007292810 0.031212980 0.014847610 0.011934810 0.023845280 0.006773430 0.027827230 0.047016490 0.007725310 0.046460640 0.053248930 0.013712170 0.005288860 0.013461440 0.035239870 0.000005610 0.000000000 0.013853060 0.020425260 0.021865180 0.024349850 0.003907340 0.011643640 0.011669710 0.028690950 0.022783080 0.025912780 0.019673700 0.006249800 0.021467180 0.013392340 0.001670880 0.005570130 0.012534990 0.007267880 0.005194110 0.009013750 0.012746760 0.035018310 0.038569960 0.005155700 0.035658260 0.006817320 0.050327480 
24     0.014618850 0.012346140 0.001714200 0.031792820 0.031838830 0.014784690 0.002814890 0.007623190 0.031930770 0.019843900 0.029452730 0.016297440 0.005010860 0.008888150 0.021986680 0.015695860 0.017262920 0.024568970 0.016005990 0.011666280 0.013819230 0.015807930 0.014146680 0.013853060 0.000000000 0.000032390 0.018231320 0.014216620 0.013507700 0.016793230 0.002025800 0.008422400 0.010700600 0.015428720 0.017024000 0.010809420 0.007082980 0.008798790 0.009459170 0.012685970 0.005501560 0.008130820 0.003805720 0.010166020 0.012822150 0.012294970 0.018761080 0.013684230 0.013294340 0.020558750 0.002128640 
16     0.015994580 0.012488190 0.002664600 0.032094430 0.032140440 0.019335480 0.015068900 0.010581310 0.025212980 0.006807380 0.029895090 0.016316810 0.002554830 0.011197450 0.022018260 0.018494660 0.017294500 0.024600550 0.004604210 0.007688210 0.014668520 0.015370540 0.014146260 0.020425260 0.000032390 0.000000000 0.023277790 0.014020970 0.013604060 0.016889590 0.002056250 0.008301660 0.007707370 0.014991330 0.011879460 0.011111030 0.008446350 0.014149280 0.013189140 0.016415940 0.009231530 0.014724160 0.007535690 0.015667210 0.018323340 0.017796160 0.018580130 0.013828280 0.013438390 0.005626250 0.002606420 
22     0.009593250 0.014301570 0.012800400 0.031110230 0.010493710 0.015145930 0.012804060 0.007720430 0.003915120 0.034423770 0.017449550 0.006467780 0.034508910 0.007845360 0.036891240 0.029970100 0.005299340 0.002394330 0.025053510 0.013582560 0.003184040 0.003182970 0.018910080 0.021865180 0.018231320 0.023277790 0.000000000 0.000366520 0.000005250 0.000938770 0.002450950 0.015600050 0.002179280 0.010818350 0.007031200 0.008649260 0.005938960 0.016202130 0.017561520 0.023398470 0.020317630 0.009715340 0.009095270 0.010016100 0.005859840 0.010900200 0.003652930 0.016779570 0.037771870 0.015321060 0.008468830 
29     0.029780560 0.002484630 0.009753680 0.019503360 0.022323940 0.015076040 0.003050080 0.018111360 0.008416150 0.020091160 0.033828510 0.029093180 0.019067350 0.030316490 0.022185040 0.015827720 0.034351160 0.019146030 0.004229640 0.015975360 0.003549220 0.003548150 0.020062880 0.024349850 0.014216620 0.014020970 0.000366520 0.000000000 0.000364770 0.000966280 0.016513730 0.009550780 0.002544460 0.019780900 0.017731010 0.002583690 0.010846210 0.007785140 0.017926700 0.026738210 0.000276250 0.019357400 0.028999990 0.014605870 0.019525470 0.021037280 0.001418050 0.011774340 0.026738160 0.007440780 0.016240260 
42     0.001955210 0.009802160 0.012804310 0.029095080 0.020264750 0.005210010 0.006151300 0.005103850 0.024821830 0.014445750 0.013401820 0.001407020 0.024136080 0.015428260 0.013684250 0.007542860 0.009550960 0.009994770 0.000823710 0.010937440 0.003187950 0.003186880 0.000507010 0.003907340 0.013507700 0.013604060 0.000005250 0.000364770 0.000000000 0.000676460 0.003719160 0.006294990 0.002183190 0.016614910 0.017369740 0.009369320 0.006741650 0.009550160 0.017565430 0.025845760 0.008017890 0.018996130 0.028638720 0.014244600 0.019164200 0.032368230 0.003656840 0.013454510 0.012295680 0.030268390 0.006798310 
28     0.029945010 0.006273030 0.025121170 0.029477420 0.021107190 0.018242940 0.010584610 0.016549050 0.032685630 0.027478680 0.026434750 0.028583070 0.017214220 0.019736530 0.018960670 0.012603350 0.024980050 0.001148630 0.008283070 0.008308550 0.013036080 0.017166430 0.008238070 0.011643640 0.016793230 0.016889590 0.000938770 0.000966280 0.000676460 0.000000000 0.008814950 0.014158790 0.004630850 0.022330600 0.025753670 0.009947140 0.009714120 0.011297320 0.019402360 0.026228100 0.006631030 0.022318090 0.027900170 0.024728450 0.029027790 0.024835140 0.013060590 0.014511050 0.010537690 0.011256150 0.007376130 
21     0.032839070 0.015562820 0.006262430 0.026932860 0.028395270 0.015246320 0.021506110 0.014990460 0.037259020 0.025264440 0.007654270 0.023226340 0.023600860 0.048622950 0.024924230 0.020891130 0.007795750 0.007566000 0.004262520 0.004745180 0.019385360 0.000803530 0.010159050 0.011669710 0.002025800 0.002056250 0.002450950 0.016513730 0.003719160 0.008814950 0.000000000 0.009187060 0.009829100 0.009369700 0.004347450 0.007203090 0.009265160 0.013218300 0.027073270 0.022709680 0.024581610 0.008456080 0.030048240 0.005703530 0.010476730 0.038422210 0.017314510 0.033141760 0.029788080 0.011668880 0.025071950 
30     0.013154550 0.009203510 0.028393970 0.014008540 0.018109620 0.008702400 0.030744020 0.002059640 0.020035680 0.041805690 0.005051930 0.008375230 0.037492820 0.029965740 0.024276870 0.022572740 0.018230040 0.008536790 0.010379200 0.014272920 0.016136650 0.018085560 0.021585590 0.028690950 0.008422400 0.008301660 0.015600050 0.009550780 0.006294990 0.014158790 0.009187060 0.000000000 0.001552110 0.026617240 0.002587170 0.019028590 0.011645960 0.016626640 0.014979970 0.014545010 0.025677050 0.019917250 0.009974380 0.016525510 0.018160830 0.019309660 0.018295530 0.023554390 0.018030100 0.040038540 0.030009730 
50     0.006915860 0.020743360 0.012687660 0.011957420 0.008922720 0.006562240 0.015037710 0.005942680 0.022102710 0.010954410 0.002594980 0.026339110 0.036501660 0.029045170 0.020152330 0.016119230 0.003040340 0.018978030 0.001545880 0.000363780 0.005356840 0.005249710 0.021083900 0.022783080 0.010700600 0.007707370 0.002179280 0.002544460 0.002183190 0.004630850 0.009829100 0.001552110 0.000000000 0.009514730 0.014348550 0.005946970 0.001553890 0.003812610 0.012380180 0.022405340 0.020156970 0.006662120 0.025623600 0.007352960 0.008969180 0.008626100 0.002433130 0.011561010 0.034657130 0.010102500 0.007850590 
33     0.024427850 0.018001460 0.002098750 0.029873100 0.006405210 0.025120300 0.005987810 0.014798290 0.010278360 0.004076510 0.030695070 0.031162510 0.009252410 0.003966870 0.028064990 0.029358010 0.030827620 0.031260900 0.025877780 0.012127330 0.021642050 0.007670200 0.021252320 0.025912780 0.015428720 0.014991330 0.010818350 0.019780900 0.016614910 0.022330600 0.009369700 0.026617240 0.009514730 0.000000000 0.002086070 0.003424470 0.001959810 0.007524730 0.006793380 0.008806340 0.010530180 0.026000410 0.007055880 0.013818570 0.024767440 0.028956330 0.009707850 0.007925860 0.002904770 0.033719550 0.014548400 
20     0.021817890 0.020870780 0.005023140 0.004145170 0.014060530 0.015181720 0.002067300 0.017421100 0.028830860 0.037402540 0.037929980 0.004084870 0.034399080 0.047311310 0.013406620 0.013299020 0.006017020 0.027715010 0.006972600 0.001212330 0.014578910 0.014577840 0.025874060 0.019673700 0.017024000 0.011879460 0.007031200 0.017731010 0.017369740 0.025753670 0.004347450 0.002587170 0.014348550 0.002086070 0.000000000 0.006281270 0.002671520 0.000265820 0.026396490 0.024807230 0.022731620 0.022213930 0.021035780 0.025928670 0.028887930 0.029080610 0.019781270 0.013491700 0.016102990 0.011822040 0.008618470 
15     0.015603310 0.006317840 0.001917890 0.030574220 0.017744100 0.010807860 0.005857080 0.000070750 0.016065150 0.005785530 0.024654700 0.008820700 0.021352630 0.003842230 0.017914860 0.020628820 0.000963410 0.007060500 0.001918990 0.001076490 0.009755700 0.010286720 0.004294600 0.006249800 0.010809420 0.011111030 0.008649260 0.002583690 0.009369320 0.009947140 0.007203090 0.019028590 0.005946970 0.003424470 0.006281270 0.000000000 0.000837960 0.003577080 0.010856180 0.008788590 0.012950980 0.004885080 0.003827110 0.003421140 0.013827090 0.013484010 0.009610380 0.007106170 0.006675870 0.007550030 0.005916850 
36     0.001136810 0.002139440 0.005976440 0.011102900 0.009134350 0.007400930 0.007303110 0.006427390 0.018467700 0.005693400 0.032149930 0.004909520 0.012910900 0.005945960 0.008867620 0.022418860 0.002517160 0.003270990 0.003472740 0.002630240 0.005422360 0.012468030 0.012831620 0.021467180 0.007082980 0.008446350 0.005938960 0.010846210 0.006741650 0.009714120 0.009265160 0.011645960 0.001553890 0.001959810 0.002671520 0.000837960 0.000000000 0.002491500 0.003892300 0.015890310 0.003570870 0.008669720 0.007010060 0.008684580 0.009647790 0.008513100 0.011942190 0.010773440 0.013384730 0.009103780 0.003247590 
39     0.018229050 0.020364830 0.007241570 0.035146210 0.036999000 0.036353960 0.022716170 0.007793630 0.006670720 0.026253000 0.029156620 0.003388670 0.007690260 0.023107130 0.020708400 0.020600800 0.006230260 0.018726590 0.007185840 0.006245300 0.013209220 0.024330300 0.009986770 0.013392340 0.008798790 0.014149280 0.016202130 0.007785140 0.009550160 0.011297320 0.013218300 0.016626640 0.003812610 0.007524730 0.000265820 0.003577080 0.002491500 0.000000000 0.015765160 0.013049340 0.017786530 0.008085670 0.010279910 0.002596070 0.025711600 0.025904280 0.002574830 0.013704940 0.016316230 0.012035280 0.015836540 
32     0.008291880 0.008742610 0.011320510 0.017008160 0.014948710 0.011239000 0.007061630 0.006371380 0.012042110 0.012847490 0.012153740 0.006981470 0.015257590 0.006709520 0.030857020 0.017034950 0.004469850 0.003999150 0.009659720 0.006053390 0.020739080 0.003630430 0.008517020 0.001670880 0.009459170 0.013189140 0.017561520 0.017926700 0.017565430 0.019402360 0.027073270 0.014979970 0.012380180 0.006793380 0.026396490 0.010856180 0.003892300 0.015765160 0.000000000 0.004441810 0.001624670 0.006635960 0.005876050 0.003235000 0.000541880 0.017181590 0.005005020 0.000352910 0.009424570 0.019503770 0.002102040 
23     0.022555170 0.019679100 0.018698960 0.021720790 0.019661340 0.008800020 0.002378120 0.021424010 0.026094500 0.014951300 0.013040730 0.011808510 0.022641870 0.016428060 0.032905910 0.031793920 0.026050870 0.015650370 0.012693470 0.019035660 0.024031980 0.018383290 0.025849650 0.005570130 0.012685970 0.016415940 0.023398470 0.026738210 0.025845760 0.026228100 0.022709680 0.014545010 0.022405340 0.008806340 0.024807230 0.008788590 0.015890310 0.013049340 0.004441810 0.000000000 0.000610260 0.018548330 0.009102850 0.005809300 0.019158900 0.000100630 0.004568520 0.021710520 0.038365700 0.018908640 0.009651120 
26     0.021769730 0.019308490 0.024792340 0.019613200 0.017553750 0.014081490 0.003184090 0.024523650 0.025036160 0.019214950 0.016880950 0.027213160 0.017450790 0.047118890 0.032535300 0.031423310 0.003224400 0.017551170 0.013323520 0.018665050 0.014770810 0.014124130 0.031420170 0.012534990 0.005501560 0.009231530 0.020317630 0.000276250 0.008017890 0.006631030 0.024581610 0.025677050 0.020156970 0.010530180 0.022731620 0.012950980 0.003570870 0.017786530 0.001624670 0.000610260 0.000000000 0.016621270 0.001918440 0.005506640 0.015349460 0.010495470 0.023468770 0.015160490 0.025012220 0.026025690 0.005459530 
47     0.011531020 0.001447490 0.012142840 0.003076350 0.015202480 0.027148290 0.019533790 0.005841390 0.016988610 0.009421220 0.010502830 0.020928390 0.011849200 0.001361450 0.002589590 0.024455670 0.013455290 0.035745250 0.010485370 0.011225850 0.006703590 0.011001870 0.025809110 0.007267880 0.008130820 0.014724160 0.009715340 0.019357400 0.018996130 0.022318090 0.008456080 0.019917250 0.006662120 0.026000410 0.022213930 0.004885080 0.008669720 0.008085670 0.006635960 0.018548330 0.016621270 0.000000000 0.003337000 0.001219060 0.002835280 0.002492200 0.006937620 0.010222230 0.030757080 0.008763720 0.000143430 
25     0.028797920 0.008313190 0.013284250 0.039094520 0.041550940 0.009009730 0.034564400 0.007900410 0.037191090 0.020037280 0.007498000 0.013248040 0.033742070 0.019211720 0.039584590 0.031225100 0.030406870 0.028439420 0.007234200 0.016163150 0.027049280 0.030376530 0.037218360 0.005194110 0.003805720 0.007535690 0.009095270 0.028999990 0.028638720 0.027900170 0.030048240 0.009974380 0.025623600 0.007055880 0.021035780 0.003827110 0.007010060 0.010279910 0.005876050 0.009102850 0.001918440 0.003337000 0.000000000 0.002304290 0.004255060 0.003491030 0.016338610 0.017766020 0.022420280 0.011393920 0.003774010 
46     0.018480820 0.003067990 0.000610130 0.011952470 0.039331060 0.027094600 0.005339560 0.012206580 0.003026970 0.012500880 0.016812200 0.035966140 0.003744180 0.008259100 0.028723430 0.002657870 0.024414860 0.019405930 0.009929090 0.007824890 0.011914030 0.005055660 0.034046640 0.009013750 0.010166020 0.015667210 0.010016100 0.014605870 0.014244600 0.024728450 0.005703530 0.016525510 0.007352960 0.013818570 0.025928670 0.003421140 0.008684580 0.002596070 0.003235000 0.005809300 0.005506640 0.001219060 0.002304290 0.000000000 0.000571720 0.000041730 0.003536660 0.010913070 0.016556440 0.006493120 0.009808290 
17     0.020116140 0.017445530 0.014532850 0.018395450 0.044119900 0.025651820 0.017832390 0.013822800 0.011020430 0.006994950 0.031282760 0.033389040 0.015071760 0.018516160 0.027964080 0.013717200 0.028228530 0.022514450 0.013020420 0.009460210 0.013530250 0.009960280 0.038345980 0.012746760 0.012822150 0.018323340 0.005859840 0.019525470 0.019164200 0.029027790 0.010476730 0.018160830 0.008969180 0.024767440 0.028887930 0.013827090 0.009647790 0.025711600 0.000541880 0.019158900 0.015349460 0.002835280 0.004255060 0.000571720 0.000000000 0.000064380 0.000995930 0.000368270 0.018784360 0.007901360 0.020168540 
45     0.028227720 0.016310840 0.025251020 0.011156490 0.043355870 0.025588320 0.010842150 0.013479720 0.006515890 0.014686260 0.017970100 0.036169110 0.031796570 0.022436240 0.029047960 0.016306060 0.026778210 0.029315750 0.013735510 0.028147910 0.013187170 0.009808320 0.034153330 0.035018310 0.012294970 0.017796160 0.010900200 0.021037280 0.032368230 0.024835140 0.038422210 0.019309660 0.008626100 0.028956330 0.029080610 0.013484010 0.008513100 0.025904280 0.017181590 0.000100630 0.010495470 0.002492200 0.003491030 0.000041730 0.000064380 0.000000000 0.011021030 0.012186210 0.020473150 0.009217580 0.020682970 
18     0.020250840 0.015528990 0.014161310 0.043242280 0.024709260 0.008555240 0.011920450 0.007141480 0.015357670 0.023055190 0.009878680 0.032632850 0.025886130 0.007174500 0.026278800 0.024022940 0.004626270 0.026881740 0.007055350 0.009594910 0.006830490 0.006829420 0.005511510 0.038569960 0.018761080 0.018580130 0.003652930 0.001418050 0.003656840 0.013060590 0.017314510 0.018295530 0.002433130 0.009707850 0.019781270 0.009610380 0.011942190 0.002574830 0.005005020 0.004568520 0.023468770 0.006937620 0.016338610 0.003536660 0.000995930 0.011021030 0.000000000 0.011699100 0.009685830 0.021997110 0.016028470 
49     0.023652210 0.029718400 0.011999890 0.037181550 0.054865070 0.041442560 0.002425860 0.003075740 0.031315500 0.013114830 0.025293030 0.043287350 0.010217870 0.011034970 0.017995510 0.012456350 0.008265600 0.001482390 0.002593800 0.008280640 0.010712360 0.015427360 0.029287320 0.005155700 0.013684230 0.013828280 0.016779570 0.011774340 0.013454510 0.014511050 0.033141760 0.023554390 0.011561010 0.007925860 0.013491700 0.007106170 0.010773440 0.013704940 0.000352910 0.021710520 0.015160490 0.010222230 0.017766020 0.010913070 0.000368270 0.012186210 0.011699100 0.000000000 0.000860550 0.002436460 0.020445720 
38     0.014485570 0.000823730 0.038683500 0.022029780 0.055312230 0.024328170 0.034910010 0.008828530 0.029191610 0.025507720 0.023169140 0.007116560 0.009720730 0.009636440 0.034964780 0.030931680 0.008331960 0.033790480 0.011832470 0.010891930 0.012094840 0.025240580 0.031143560 0.035658260 0.013294340 0.013438390 0.037771870 0.026738160 0.012295680 0.010537690 0.029788080 0.018030100 0.034657130 0.002904770 0.016102990 0.006675870 0.013384730 0.016316230 0.009424570 0.038365700 0.025012220 0.030757080 0.022420280 0.016556440 0.018784360 0.020473150 0.009685830 0.000860550 0.000000000 0.004419690 0.023057010 
19     0.021021250 0.009495820 0.031215520 0.033648000 0.031748530 0.020406450 0.029340660 0.012561070 0.041623840 0.015228950 0.024929600 0.017828080 0.036633020 0.030735800 0.033799880 0.029766780 0.006595940 0.030538500 0.007551520 0.006610980 0.008811400 0.014442250 0.007054450 0.006817320 0.020558750 0.005626250 0.015321060 0.007440780 0.030268390 0.011256150 0.011668880 0.040038540 0.010102500 0.033719550 0.011822040 0.007550030 0.009103780 0.012035280 0.019503770 0.018908640 0.026025690 0.008763720 0.011393920 0.006493120 0.007901360 0.009217580 0.021997110 0.002436460 0.004419690 0.000000000 0.003750450 
0     0.005850450 0.010727540 0.013025930 0.013047580 0.004512020 0.002214130 0.001137210 0.002353480 0.045888860 0.031356980 0.024846710 0.013755740 0.007526530 0.034288660 0.011348110 0.012055860 0.000730350 0.003290610 0.004908280 0.002966090 0.015637590 0.006157730 0.015143180 0.050327480 0.002128640 0.002606420 0.008468830 0.016240260 0.006798310 0.007376130 0.025071950 0.030009730 0.007850590 0.014548400 0.008618470 0.005916850 0.003247590 0.015836540 0.002102040 0.009651120 0.005459530 0.000143430 0.003774010 0.009808290 0.020168540 0.020682970 0.016028470 0.020445720 0.023057010 0.003750450 0.000000000 
