51
12     0.000000000 0.003972320 0.004665350 0.000467400 0.000243690 0.026325740 0.035771380 0.039680460 0.035785930 0.031329320 0.036561830 0.034710740 0.041265060 0.031909800 0.031204660 0.032965300 0.030639240 0.033101190 0.033634890 0.035255560 0.044804980 0.040430800 0.027256060 0.045008140 0.039473800 0.035979060 0.038258740 0.032536270 0.033954260 0.034131860 0.036747340 0.040316440 0.037920860 0.039426580 0.038728200 0.024010770 0.034521350 0.036627090 0.029464510 0.029135960 0.029742070 0.034280400 0.042187320 0.051188960 0.033646360 0.039192010 0.034915530 0.036636190 0.034151010 0.033595200 0.050388090 
15     0.003972320 0.000000000 0.000965320 0.006063290 0.006985620 0.018441730 0.029490140 0.016357580 0.015278360 0.025722290 0.039082030 0.037230940 0.043785260 0.027996450 0.015198400 0.016068090 0.016380670 0.032225270 0.036155090 0.037775760 0.047325180 0.042951000 0.019618870 0.047528340 0.041994000 0.028341870 0.030621550 0.029546260 0.030964250 0.031141850 0.036683700 0.042409310 0.030283670 0.032588400 0.030390130 0.016373580 0.026884160 0.033637080 0.021827320 0.033548880 0.035159070 0.026643210 0.039783800 0.041503940 0.036011640 0.031554820 0.030724030 0.039156390 0.026513820 0.028957750 0.038166990 
9     0.004665350 0.000965320 0.000000000 0.014661450 0.015135010 0.028016490 0.043132340 0.046041280 0.047673720 0.018273430 0.048334680 0.045946260 0.039080530 0.020547590 0.018148770 0.020929340 0.017583350 0.037892570 0.033104640 0.040085300 0.059835630 0.048668280 0.031794200 0.051344340 0.048165550 0.037018190 0.042796880 0.028111820 0.029529810 0.029707410 0.035249260 0.047851980 0.042459000 0.044763730 0.034303750 0.028548910 0.036115810 0.029632890 0.034002650 0.040028560 0.040637190 0.038818540 0.044006670 0.044386120 0.048186970 0.043730150 0.042899360 0.047415790 0.038689150 0.037239530 0.045963640 
8     0.000467400 0.006063290 0.014661450 0.000000000 0.000296310 0.012809600 0.032317260 0.034520850 0.033677960 0.014018810 0.039562540 0.031816040 0.024694460 0.016292970 0.013894150 0.016674720 0.013328730 0.030267730 0.027847740 0.009431020 0.008809730 0.046585980 0.006616720 0.036958270 0.007799100 0.031843350 0.041007120 0.028620640 0.036930610 0.037108210 0.030449420 0.041422980 0.031952100 0.035077110 0.038165960 0.016575180 0.037082820 0.015246820 0.032486590 0.029188580 0.029794690 0.035562370 0.039752050 0.040131500 0.033698980 0.042214850 0.034968150 0.040470100 0.036407880 0.025963470 0.044609260 
2     0.000243690 0.006985620 0.015135010 0.000296310 0.000000000 0.000394130 0.036524640 0.037292680 0.036241810 0.031693040 0.034174050 0.032322960 0.035233120 0.029522020 0.031356840 0.030577520 0.029922280 0.030713410 0.031247110 0.032867780 0.042417200 0.038043020 0.029609380 0.042620360 0.037086020 0.037019690 0.040612060 0.040636460 0.038071890 0.041251870 0.034359560 0.037928660 0.037318690 0.037038800 0.029985660 0.026364090 0.032172190 0.040576810 0.031817830 0.028925630 0.029531740 0.035299420 0.039379330 0.041099470 0.033436030 0.041545330 0.034705200 0.034248410 0.033173230 0.031207420 0.026848590 
7     0.026325740 0.018441730 0.028016490 0.012809600 0.000394130 0.000000000 0.036135290 0.038380080 0.037329210 0.032780440 0.035261450 0.033410360 0.037714170 0.030609420 0.032444240 0.031664920 0.031009680 0.031800810 0.032334510 0.033955180 0.043504600 0.039130420 0.029900090 0.043707760 0.038173420 0.038107090 0.040902770 0.041275880 0.039159290 0.041542580 0.035446960 0.039016060 0.036026170 0.038126200 0.029097060 0.026654800 0.033259590 0.040412250 0.030829040 0.032255810 0.033866000 0.036924430 0.038490730 0.040210870 0.045664770 0.041620390 0.038150610 0.035335810 0.034260630 0.032294820 0.025982730 
19     0.035771380 0.029490140 0.043132340 0.032317260 0.036524640 0.036135290 0.000000000 0.000404790 0.000255410 0.027878390 0.030365850 0.028514760 0.025789710 0.013990970 0.010585150 0.011786720 0.009847450 0.026905210 0.014990890 0.040861020 0.050410440 0.046036260 0.044394890 0.046088390 0.045079260 0.045012930 0.048741930 0.036388310 0.046065130 0.048510690 0.037842120 0.045921900 0.028794340 0.042469810 0.035008200 0.048874830 0.040165430 0.048570050 0.036727320 0.052870220 0.053672000 0.053405440 0.054724390 0.058893030 0.053049090 0.056162530 0.050260450 0.042241650 0.032324250 0.030118050 0.064766920 
14     0.039680460 0.016357580 0.046041280 0.034520850 0.037292680 0.038380080 0.000404790 0.000000000 0.001084180 0.018647980 0.031133890 0.029282800 0.029360620 0.026481860 0.002491000 0.003360690 0.003673270 0.027673250 0.025969370 0.041629060 0.051178480 0.046804300 0.053496320 0.051381640 0.045847300 0.045780970 0.036386990 0.039933190 0.042057310 0.042234910 0.043120840 0.046689940 0.037597620 0.044233720 0.046831250 0.049516410 0.040933470 0.044730140 0.045696440 0.051532230 0.046485050 0.055588540 0.055875610 0.059404350 0.053367050 0.054824540 0.055847940 0.036540400 0.019191690 0.016985490 0.058491140 
18     0.035785930 0.015278360 0.047673720 0.033677960 0.036241810 0.037329210 0.000255410 0.001084180 0.000000000 0.017568760 0.030083020 0.028231930 0.025534620 0.025430990 0.001411780 0.002281470 0.002594050 0.022649670 0.014735800 0.040578190 0.050127610 0.045753430 0.034124840 0.038394920 0.044796430 0.039603870 0.035307770 0.025835180 0.038573200 0.039941180 0.042069970 0.045639070 0.045029100 0.044749210 0.047330500 0.050607430 0.039882600 0.046362580 0.042923270 0.046850760 0.045405830 0.049318050 0.057342620 0.058431380 0.058197110 0.057900080 0.056500850 0.035461180 0.018112470 0.015906270 0.060123580 
10     0.031329320 0.025722290 0.018273430 0.014018810 0.031693040 0.032780440 0.027878390 0.018647980 0.017568760 0.000000000 0.000201210 0.000902280 0.000015950 0.000256380 0.010359860 0.013140430 0.009794440 0.018362770 0.020252570 0.035722610 0.045578840 0.041204660 0.049250760 0.045782000 0.040247660 0.031774880 0.043910330 0.039309730 0.041233530 0.039478370 0.037521200 0.041090300 0.040480330 0.040200440 0.041142950 0.029289850 0.035333830 0.027961490 0.029985950 0.034785250 0.035393880 0.047401480 0.038763360 0.039142810 0.047072890 0.045768480 0.040000800 0.037410050 0.034189490 0.031983290 0.068310840 
13     0.036561830 0.039082030 0.048334680 0.039562540 0.034174050 0.035261450 0.030365850 0.031133890 0.030083020 0.000201210 0.000000000 0.000008520 0.000185580 0.000200290 0.010886730 0.012978130 0.009498520 0.010714050 0.018205050 0.038510430 0.048059850 0.043685670 0.052943880 0.048263010 0.042728670 0.042662340 0.046391340 0.034442050 0.043714540 0.044528310 0.040002210 0.038766180 0.035036310 0.042681450 0.041250170 0.046561270 0.037814840 0.046219460 0.029332370 0.042272180 0.041024830 0.056127360 0.056255340 0.056596580 0.056129350 0.057237770 0.055245800 0.039891060 0.038815880 0.036850070 0.060784540 
4     0.034710740 0.037230940 0.045946260 0.031816040 0.032322960 0.033410360 0.028514760 0.029282800 0.028231930 0.000902280 0.000008520 0.000000000 0.000147200 0.000901360 0.008306140 0.010397540 0.006917930 0.008133460 0.015624460 0.036659340 0.046208760 0.041834580 0.055051250 0.046411920 0.040877580 0.040811250 0.044540250 0.042726420 0.041863450 0.045278860 0.038151120 0.041720220 0.041110250 0.040830360 0.043411650 0.038065860 0.035963750 0.036737500 0.027638960 0.043349680 0.042102330 0.053201970 0.055212650 0.051727290 0.054278260 0.055138030 0.054916820 0.038039970 0.036964790 0.034998980 0.061567140 
3     0.041265060 0.043785260 0.039080530 0.024694460 0.035233120 0.037714170 0.025789710 0.029360620 0.025534620 0.000015950 0.000185580 0.000147200 0.000000000 0.000240750 0.015697220 0.013599960 0.021547660 0.010682650 0.013163370 0.043213660 0.042843590 0.025234270 0.045973770 0.047667270 0.047431900 0.047365570 0.050007440 0.021626290 0.048417770 0.039506340 0.044085270 0.025950420 0.016583560 0.029927820 0.022797420 0.030944280 0.024795070 0.029615920 0.031507190 0.046063000 0.044815650 0.049603490 0.053858030 0.053531530 0.048202590 0.050360130 0.048694370 0.044594290 0.030017050 0.028924690 0.049812560 
17     0.031909800 0.027996450 0.020547590 0.016292970 0.029522020 0.030609420 0.013990970 0.026481860 0.025430990 0.000256380 0.000200290 0.000901360 0.000240750 0.000000000 0.003685700 0.005777100 0.002297490 0.003764590 0.008176070 0.033858400 0.043407820 0.039033640 0.040548150 0.043610980 0.038076640 0.034049040 0.041739310 0.032258490 0.039062510 0.043183030 0.035350180 0.038919280 0.030335910 0.038029420 0.036549770 0.025152410 0.033162810 0.023824050 0.035675480 0.037059410 0.037668040 0.051475330 0.041037520 0.041416970 0.049347050 0.048042640 0.042274960 0.035239030 0.034163850 0.032198040 0.064173400 
1     0.031204660 0.015198400 0.018148770 0.013894150 0.031356840 0.032444240 0.010585150 0.002491000 0.001411780 0.010359860 0.010886730 0.008306140 0.015697220 0.003685700 0.000000000 0.000907730 0.001069840 0.004426080 0.005292040 0.035693220 0.045242640 0.040868460 0.035601930 0.039872010 0.039911460 0.031650220 0.035227810 0.027312270 0.040050290 0.041418270 0.037185000 0.040754100 0.025557520 0.039864240 0.031771380 0.047578800 0.034997630 0.030235990 0.040472110 0.034660590 0.035269220 0.050004730 0.038638700 0.039018150 0.046948230 0.045643820 0.039876140 0.035381220 0.018032510 0.015826310 0.041999170 
6     0.032965300 0.016068090 0.020929340 0.016674720 0.030577520 0.031664920 0.011786720 0.003360690 0.002281470 0.013140430 0.012978130 0.010397540 0.013599960 0.005777100 0.000907730 0.000000000 0.001883320 0.004366240 0.003914990 0.034913900 0.044463320 0.040089140 0.031559050 0.035829130 0.039132140 0.034430790 0.036097500 0.023269390 0.036007410 0.037375390 0.036405680 0.039974780 0.039364810 0.039084920 0.041666210 0.035532060 0.034218310 0.033016560 0.030902450 0.037441160 0.038049790 0.045801690 0.041419270 0.041798720 0.049728800 0.048424390 0.042656710 0.035118850 0.018902200 0.016696000 0.052292230 
5     0.030639240 0.016380670 0.017583350 0.013328730 0.029922280 0.031009680 0.009847450 0.003673270 0.002594050 0.009794440 0.009498520 0.006917930 0.021547660 0.002297490 0.001069840 0.001883320 0.000000000 0.000000530 0.000327690 0.034258660 0.043808080 0.039433900 0.031354190 0.036747050 0.038476900 0.031084800 0.036410080 0.024187310 0.036925330 0.038293310 0.035750440 0.039319540 0.025069400 0.038429680 0.031283260 0.028108900 0.033563070 0.029670570 0.033562640 0.034095170 0.034703800 0.038378530 0.038073280 0.038452730 0.046382810 0.043290140 0.039310720 0.035639290 0.019214780 0.017008580 0.046065540 
11     0.033101190 0.032225270 0.037892570 0.030267730 0.030713410 0.031800810 0.026905210 0.027673250 0.022649670 0.018362770 0.010714050 0.008133460 0.010682650 0.003764590 0.004426080 0.004366240 0.000000530 0.000000000 0.000327700 0.035049790 0.044599210 0.040225030 0.030714610 0.034984690 0.039268030 0.036193640 0.042930700 0.022424950 0.035162970 0.036530950 0.036541570 0.036617690 0.022423310 0.039220810 0.028637170 0.032542250 0.034354200 0.042758820 0.037346940 0.043440530 0.048617510 0.042811880 0.053748830 0.053730110 0.052180310 0.047723490 0.046892700 0.034274410 0.035355240 0.033389430 0.042147050 
16     0.033634890 0.036155090 0.033104640 0.027847740 0.031247110 0.032334510 0.014990890 0.025969370 0.014735800 0.020252570 0.018205050 0.015624460 0.013163370 0.008176070 0.005292040 0.003914990 0.000327690 0.000327700 0.000000000 0.035583490 0.045132910 0.040758730 0.031337220 0.035607300 0.039801730 0.036816250 0.043464400 0.023047560 0.035785580 0.037153560 0.037075270 0.039098410 0.024169850 0.039754510 0.030383710 0.034097560 0.034887900 0.032769200 0.039093480 0.044063140 0.047844290 0.046530430 0.053594570 0.053974020 0.053202410 0.052053110 0.051222320 0.034897020 0.035888940 0.033923130 0.042613480 
47     0.035255560 0.037775760 0.040085300 0.009431020 0.032867780 0.033955180 0.040861020 0.041629060 0.040578190 0.035722610 0.038510430 0.036659340 0.043213660 0.033858400 0.035693220 0.034913900 0.034258660 0.035049790 0.035583490 0.000000000 0.001134410 0.010230280 0.002328250 0.012290550 0.001686200 0.030200510 0.033929510 0.025992420 0.027410410 0.027588010 0.027873020 0.033151500 0.034672570 0.035190490 0.038130480 0.035140200 0.031752690 0.035521840 0.027047420 0.030851110 0.029603760 0.044479990 0.044458310 0.045175510 0.048600120 0.044383690 0.043824730 0.033828910 0.032128650 0.030787920 0.048865920 
49     0.044804980 0.047325180 0.059835630 0.008809730 0.042417200 0.043504600 0.050410440 0.051178480 0.050127610 0.045578840 0.048059850 0.046208760 0.042843590 0.043407820 0.045242640 0.044463320 0.043808080 0.044599210 0.045132910 0.001134410 0.000000000 0.000108140 0.000970110 0.006681660 0.001064910 0.014219920 0.000157720 0.002545260 0.000151810 0.004359030 0.000339920 0.037346650 0.038867720 0.000339090 0.027101820 0.006079500 0.026588640 0.026561020 0.031177050 0.034052020 0.033798910 0.033801160 0.026568120 0.044770140 0.044447950 0.038128910 0.039574900 0.041574850 0.036323800 0.036265070 0.072885760 
46     0.040430800 0.042951000 0.048668280 0.046585980 0.038043020 0.039130420 0.046036260 0.046804300 0.045753430 0.041204660 0.043685670 0.041834580 0.025234270 0.039033640 0.040868460 0.040089140 0.039433900 0.040225030 0.040758730 0.010230280 0.000108140 0.000000000 0.000790320 0.015795340 0.005162460 0.014138580 0.000076380 0.002463920 0.000070470 0.004277690 0.000258580 0.035799190 0.037320260 0.000257750 0.009492500 0.005998160 0.008979320 0.026479680 0.029926990 0.033498800 0.032251450 0.033719820 0.026486780 0.044688800 0.051247810 0.048464390 0.044908490 0.039004150 0.034776340 0.018655750 0.070035460 
21     0.027256060 0.019618870 0.031794200 0.006616720 0.029609380 0.029900090 0.044394890 0.053496320 0.034124840 0.049250760 0.052943880 0.055051250 0.045973770 0.040548150 0.035601930 0.031559050 0.031354190 0.030714610 0.031337220 0.002328250 0.000970110 0.000790320 0.000000000 0.002613590 0.003851320 0.027983250 0.031782070 0.023552860 0.033233890 0.032517950 0.032138690 0.037417170 0.031608120 0.033912850 0.031164820 0.017698030 0.028208610 0.038288990 0.023151770 0.035116780 0.033869430 0.027967660 0.040334630 0.044876220 0.037336090 0.032879270 0.032048480 0.037225940 0.027838270 0.038428600 0.058177490 
32     0.045008140 0.047528340 0.051344340 0.036958270 0.042620360 0.043707760 0.046088390 0.051381640 0.038394920 0.045782000 0.048263010 0.046411920 0.047667270 0.043610980 0.039872010 0.035829130 0.036747050 0.034984690 0.035607300 0.012290550 0.006681660 0.015795340 0.002613590 0.000000000 0.000030780 0.036039140 0.011625130 0.010943270 0.037594920 0.007199230 0.032715320 0.037993800 0.039514870 0.041354320 0.032858320 0.024717850 0.037857310 0.023389490 0.037750660 0.035693410 0.034446060 0.050586330 0.049676570 0.050017810 0.048364840 0.049822330 0.048667030 0.041496020 0.036970950 0.034898670 0.047394830 
33     0.039473800 0.041994000 0.048165550 0.007799100 0.037086020 0.038173420 0.045079260 0.045847300 0.044796430 0.040247660 0.042728670 0.040877580 0.047431900 0.038076640 0.039911460 0.039132140 0.038476900 0.039268030 0.039801730 0.001686200 0.001064910 0.005162460 0.003851320 0.000030780 0.000000000 0.021365510 0.036890940 0.034072670 0.013052250 0.024812570 0.038158300 0.041727400 0.041117430 0.038071710 0.038853970 0.038602040 0.031843190 0.044375550 0.018837980 0.041907070 0.042708850 0.045963380 0.046250450 0.049779190 0.043741890 0.045199380 0.046222780 0.038047150 0.036971970 0.031781150 0.047880390 
44     0.035979060 0.028341870 0.037018190 0.031843350 0.037019690 0.038107090 0.045012930 0.045780970 0.039603870 0.031774880 0.042662340 0.040811250 0.047365570 0.034049040 0.031650220 0.034430790 0.031084800 0.036193640 0.036816250 0.030200510 0.014219920 0.014138580 0.027983250 0.036039140 0.021365510 0.000000000 0.000227690 0.008056870 0.005092390 0.004376450 0.014366920 0.034587790 0.038225470 0.014366090 0.029452850 0.020106500 0.035904600 0.023778070 0.031874770 0.028202670 0.028811300 0.032679750 0.032180780 0.032560230 0.038902490 0.032583450 0.033418220 0.034131120 0.035681550 0.023954860 0.032741580 
42     0.038258740 0.030621550 0.042796880 0.041007120 0.040612060 0.040902770 0.048741930 0.036386990 0.035307770 0.043910330 0.046391340 0.044540250 0.050007440 0.041739310 0.035227810 0.036097500 0.036410080 0.042930700 0.043464400 0.033929510 0.000157720 0.000076380 0.031782070 0.011625130 0.036890940 0.000227690 0.000000000 0.002485180 0.000091730 0.004298950 0.000304720 0.040207730 0.041728800 0.000303890 0.036801880 0.006044300 0.039211290 0.026525820 0.034154450 0.034016820 0.036659990 0.033765960 0.026532920 0.044734940 0.042591700 0.036272660 0.037718650 0.037470740 0.028435560 0.026229360 0.031370300 
31     0.032536270 0.029546260 0.028111820 0.028620640 0.040636460 0.041275880 0.036388310 0.039933190 0.025835180 0.039309730 0.034442050 0.042726420 0.021626290 0.032258490 0.027312270 0.023269390 0.024187310 0.022424950 0.023047560 0.025992420 0.002545260 0.002463920 0.023552860 0.010943270 0.034072670 0.008056870 0.002485180 0.000000000 0.002411200 0.001821370 0.002692260 0.013537430 0.039168690 0.002691430 0.028338010 0.008431840 0.030150070 0.024635690 0.030155870 0.029956650 0.034099880 0.031009230 0.028920460 0.040095080 0.037231970 0.030912930 0.032358920 0.028936280 0.030897150 0.029775560 0.036892440 
41     0.033954260 0.030964250 0.029529810 0.036930610 0.038071890 0.039159290 0.046065130 0.042057310 0.038573200 0.041233530 0.043714540 0.041863450 0.048417770 0.039062510 0.040050290 0.036007410 0.036925330 0.035162970 0.035785580 0.027410410 0.000151810 0.000070470 0.033233890 0.037594920 0.013052250 0.005092390 0.000091730 0.002411200 0.000000000 0.000735600 0.000298810 0.033478650 0.032238770 0.000297980 0.029756000 0.006038390 0.031568060 0.026519910 0.031573860 0.030556220 0.029930910 0.031608800 0.026527010 0.044729030 0.037831540 0.031512500 0.032958490 0.037706850 0.032455800 0.035992030 0.038310430 
43     0.034131860 0.031141850 0.029707410 0.037108210 0.041251870 0.041542580 0.048510690 0.042234910 0.039941180 0.039478370 0.044528310 0.045278860 0.039506340 0.043183030 0.041418270 0.037375390 0.038293310 0.036530950 0.037153560 0.027588010 0.004359030 0.004277690 0.032517950 0.007199230 0.024812570 0.004376450 0.004298950 0.001821370 0.000735600 0.000000000 0.004506030 0.039310200 0.042106800 0.004505200 0.023764570 0.010245610 0.023251390 0.027832490 0.031751460 0.038218130 0.042156770 0.037967270 0.030734230 0.047640280 0.044879880 0.044521760 0.043690970 0.037902240 0.039480760 0.030483120 0.038488030 
26     0.036747340 0.036683700 0.035249260 0.030449420 0.034359560 0.035446960 0.037842120 0.043120840 0.042069970 0.037521200 0.040002210 0.038151120 0.044085270 0.035350180 0.037185000 0.036405680 0.035750440 0.036541570 0.037075270 0.027873020 0.000339920 0.000258580 0.032138690 0.032715320 0.038158300 0.014366920 0.000304720 0.002692260 0.000298810 0.004506030 0.000000000 0.003535990 0.011197680 0.000003930 0.025699560 0.006060960 0.025388060 0.025300580 0.027483510 0.014438150 0.019382500 0.015490730 0.015469050 0.034954250 0.021713470 0.015394430 0.016840420 0.027158440 0.021907390 0.025909460 0.043562900 
37     0.040316440 0.042409310 0.047851980 0.041422980 0.037928660 0.039016060 0.045921900 0.046689940 0.045639070 0.041090300 0.038766180 0.041720220 0.025950420 0.038919280 0.040754100 0.039974780 0.039319540 0.036617690 0.039098410 0.033151500 0.037346650 0.035799190 0.037417170 0.037993800 0.041727400 0.034587790 0.040207730 0.013537430 0.033478650 0.039310200 0.003535990 0.000000000 0.001629030 0.005110440 0.030034620 0.025207680 0.030443330 0.028769640 0.016463640 0.017234130 0.024660980 0.018286710 0.018265030 0.039582380 0.024509450 0.018190410 0.019636400 0.032436920 0.027185870 0.027241950 0.045422590 
39     0.037920860 0.030283670 0.042459000 0.031952100 0.037318690 0.036026170 0.028794340 0.037597620 0.045029100 0.040480330 0.035036310 0.041110250 0.016583560 0.030335910 0.025557520 0.039364810 0.025069400 0.022423310 0.024169850 0.034672570 0.038867720 0.037320260 0.031608120 0.039514870 0.041117430 0.038225470 0.041728800 0.039168690 0.032238770 0.042106800 0.011197680 0.001629030 0.000000000 0.002388470 0.019820000 0.024324980 0.020926230 0.032100130 0.018936580 0.027429400 0.026182050 0.035625680 0.041412560 0.041753800 0.044994110 0.040537290 0.039706500 0.031909580 0.027039630 0.025947270 0.043642870 
28     0.039426580 0.032588400 0.044763730 0.035077110 0.037038800 0.038126200 0.042469810 0.044233720 0.044749210 0.040200440 0.042681450 0.040830360 0.029927820 0.038029420 0.039864240 0.039084920 0.038429680 0.039220810 0.039754510 0.035190490 0.000339090 0.000257750 0.033912850 0.041354320 0.038071710 0.014366090 0.000303890 0.002691430 0.000297980 0.004505200 0.000003930 0.005110440 0.002388470 0.000000000 0.034056760 0.006060130 0.026035030 0.026541650 0.030192140 0.027709970 0.029099360 0.028762550 0.026548750 0.042311640 0.034985290 0.028666250 0.030112240 0.031629690 0.030554510 0.028059970 0.033859990 
34     0.038728200 0.030390130 0.034303750 0.038165960 0.029985660 0.029097060 0.035008200 0.046831250 0.047330500 0.041142950 0.041250170 0.043411650 0.022797420 0.036549770 0.031771380 0.041666210 0.031283260 0.028637170 0.030383710 0.038130480 0.027101820 0.009492500 0.031164820 0.032858320 0.038853970 0.029452850 0.036801880 0.028338010 0.029756000 0.023764570 0.025699560 0.030034620 0.019820000 0.034056760 0.000000000 0.011180270 0.002871040 0.009609170 0.009460800 0.010563470 0.012173660 0.018820140 0.016798390 0.018518530 0.022167470 0.019928050 0.016458270 0.014787560 0.021249630 0.013404070 0.046189830 
40     0.024010770 0.016373580 0.028548910 0.016575180 0.026364090 0.026654800 0.048874830 0.049516410 0.050607430 0.029289850 0.046561270 0.038065860 0.030944280 0.025152410 0.047578800 0.035532060 0.028108900 0.032542250 0.034097560 0.035140200 0.006079500 0.005998160 0.017698030 0.024717850 0.038602040 0.020106500 0.006044300 0.008431840 0.006038390 0.010245610 0.006060960 0.025207680 0.024324980 0.006060130 0.011180270 0.000000000 0.004650050 0.002992300 0.008645400 0.023213010 0.021965660 0.013610030 0.025813770 0.026902530 0.022978460 0.018521640 0.017690850 0.015669040 0.018170780 0.024244000 0.048874990 
48     0.034521350 0.026884160 0.036115810 0.037082820 0.032172190 0.033259590 0.040165430 0.040933470 0.039882600 0.035333830 0.037814840 0.035963750 0.024795070 0.033162810 0.034997630 0.034218310 0.033563070 0.034354200 0.034887900 0.031752690 0.026588640 0.008979320 0.028208610 0.037857310 0.031843190 0.035904600 0.039211290 0.030150070 0.031568060 0.023251390 0.025388060 0.030443330 0.020926230 0.026035030 0.002871040 0.004650050 0.000000000 0.000083470 0.010443640 0.028525000 0.029055470 0.024303980 0.026751890 0.027840650 0.027651310 0.027309350 0.025910120 0.020994100 0.017006450 0.012890890 0.035601260 
27     0.036627090 0.033637080 0.029632890 0.015246820 0.040576810 0.040412250 0.048570050 0.044730140 0.046362580 0.027961490 0.046219460 0.036737500 0.029615920 0.023824050 0.030235990 0.033016560 0.029670570 0.042758820 0.032769200 0.035521840 0.026561020 0.026479680 0.038288990 0.023389490 0.044375550 0.023778070 0.026525820 0.024635690 0.026519910 0.027832490 0.025300580 0.028769640 0.032100130 0.026541650 0.009609170 0.002992300 0.000083470 0.000000000 0.005620710 0.020966860 0.021575490 0.027388880 0.024944970 0.025324420 0.031615440 0.029925890 0.025011980 0.015903150 0.020649790 0.007919770 0.044088720 
36     0.029464510 0.021827320 0.034002650 0.032486590 0.031817830 0.030829040 0.036727320 0.045696440 0.042923270 0.029985950 0.029332370 0.027638960 0.031507190 0.035675480 0.040472110 0.030902450 0.033562640 0.037346940 0.039093480 0.027047420 0.031177050 0.029926990 0.023151770 0.037750660 0.018837980 0.031874770 0.034154450 0.030155870 0.031573860 0.031751460 0.027483510 0.016463640 0.018936580 0.030192140 0.009460800 0.008645400 0.010443640 0.005620710 0.000000000 0.009493370 0.010043690 0.016675570 0.007582850 0.017347820 0.009498060 0.015263800 0.015388170 0.016480330 0.013893660 0.026207170 0.009639330 
22     0.029135960 0.033548880 0.040028560 0.029188580 0.028925630 0.032255810 0.052870220 0.051532230 0.046850760 0.034785250 0.042272180 0.043349680 0.046063000 0.037059410 0.034660590 0.037441160 0.034095170 0.043440530 0.044063140 0.030851110 0.034052020 0.033498800 0.035116780 0.035693410 0.041907070 0.028202670 0.034016820 0.029956650 0.030556220 0.038218130 0.014438150 0.017234130 0.027429400 0.027709970 0.010563470 0.023213010 0.028525000 0.020966860 0.009493370 0.000000000 0.000255920 0.001118820 0.002033900 0.008620660 0.003281590 0.002691340 0.004505650 0.015841490 0.018071460 0.022852620 0.066302260 
50     0.029742070 0.035159070 0.040637190 0.029794690 0.029531740 0.033866000 0.053672000 0.046485050 0.045405830 0.035393880 0.041024830 0.042102330 0.044815650 0.037668040 0.035269220 0.038049790 0.034703800 0.048617510 0.047844290 0.029603760 0.033798910 0.032251450 0.033869430 0.034446060 0.042708850 0.028811300 0.036659990 0.034099880 0.029930910 0.042156770 0.019382500 0.024660980 0.026182050 0.029099360 0.012173660 0.021965660 0.029055470 0.021575490 0.010043690 0.000255920 0.000000000 0.002575640 0.002555240 0.005991380 0.002583050 0.002293310 0.002888470 0.016362830 0.016824110 0.029829400 0.058413000 
24     0.034280400 0.026643210 0.038818540 0.035562370 0.035299420 0.036924430 0.053405440 0.055588540 0.049318050 0.047401480 0.056127360 0.053201970 0.049603490 0.051475330 0.050004730 0.045801690 0.038378530 0.042811880 0.046530430 0.044479990 0.033801160 0.033719820 0.027967660 0.050586330 0.045963380 0.032679750 0.033765960 0.031009230 0.031608800 0.037967270 0.015490730 0.018286710 0.035625680 0.028762550 0.018820140 0.013610030 0.024303980 0.027388880 0.016675570 0.001118820 0.002575640 0.000000000 0.000411640 0.000418350 0.003496790 0.003139810 0.002115860 0.020370500 0.022579010 0.023905200 0.060470360 
30     0.042187320 0.039783800 0.044006670 0.039752050 0.039379330 0.038490730 0.054724390 0.055875610 0.057342620 0.038763360 0.056255340 0.055212650 0.053858030 0.041037520 0.038638700 0.041419270 0.038073280 0.053748830 0.053594570 0.044458310 0.026568120 0.026486780 0.040334630 0.049676570 0.046250450 0.032180780 0.026532920 0.028920460 0.026527010 0.030734230 0.015469050 0.018265030 0.041412560 0.026548750 0.016798390 0.025813770 0.026751890 0.024944970 0.007582850 0.002033900 0.002555240 0.000411640 0.000000000 0.004792360 0.002009610 0.002714650 0.001762250 0.013901990 0.025026920 0.023883520 0.065797800 
45     0.051188960 0.041503940 0.044386120 0.040131500 0.041099470 0.040210870 0.058893030 0.059404350 0.058431380 0.039142810 0.056596580 0.051727290 0.053531530 0.041416970 0.039018150 0.041798720 0.038452730 0.053730110 0.053974020 0.045175510 0.044770140 0.044688800 0.044876220 0.050017810 0.049779190 0.032560230 0.044734940 0.040095080 0.044729030 0.047640280 0.034954250 0.039582380 0.041753800 0.042311640 0.018518530 0.026902530 0.027840650 0.025324420 0.017347820 0.008620660 0.005991380 0.000418350 0.004792360 0.000000000 0.001312670 0.003632610 0.000220090 0.023907170 0.026115680 0.028614580 0.065152860 
20     0.033646360 0.036011640 0.048186970 0.033698980 0.033436030 0.045664770 0.053049090 0.053367050 0.058197110 0.047072890 0.056129350 0.054278260 0.048202590 0.049347050 0.046948230 0.049728800 0.046382810 0.052180310 0.053202410 0.048600120 0.044447950 0.051247810 0.037336090 0.048364840 0.043741890 0.038902490 0.042591700 0.037231970 0.037831540 0.044879880 0.021713470 0.024509450 0.044994110 0.034985290 0.022167470 0.022978460 0.027651310 0.031615440 0.009498060 0.003281590 0.002583050 0.003496790 0.002009610 0.001312670 0.000000000 0.000238540 0.000586970 0.015817200 0.025926340 0.028425240 0.061136110 
35     0.039192010 0.031554820 0.043730150 0.042214850 0.041545330 0.041620390 0.056162530 0.054824540 0.057900080 0.045768480 0.057237770 0.055138030 0.050360130 0.048042640 0.045643820 0.048424390 0.043290140 0.047723490 0.052053110 0.044383690 0.038128910 0.048464390 0.032879270 0.049822330 0.045199380 0.032583450 0.036272660 0.030912930 0.031512500 0.044521760 0.015394430 0.018190410 0.040537290 0.028666250 0.019928050 0.018521640 0.027309350 0.029925890 0.015263800 0.002691340 0.002293310 0.003139810 0.002714650 0.003632610 0.000238540 0.000000000 0.000447390 0.021582940 0.025584380 0.023808900 0.064588300 
23     0.034915530 0.030724030 0.042899360 0.034968150 0.034705200 0.038150610 0.050260450 0.055847940 0.056500850 0.040000800 0.055245800 0.054916820 0.048694370 0.042274960 0.039876140 0.042656710 0.039310720 0.046892700 0.051222320 0.043824730 0.039574900 0.044908490 0.032048480 0.048667030 0.046222780 0.033418220 0.037718650 0.032358920 0.032958490 0.043690970 0.016840420 0.019636400 0.039706500 0.030112240 0.016458270 0.017690850 0.025910120 0.025011980 0.015388170 0.004505650 0.002888470 0.002115860 0.001762250 0.000220090 0.000586970 0.000447390 0.000000000 0.021976640 0.024185150 0.025254890 0.068743740 
38     0.036636190 0.039156390 0.047415790 0.040470100 0.034248410 0.035335810 0.042241650 0.036540400 0.035461180 0.037410050 0.039891060 0.038039970 0.044594290 0.035239030 0.035381220 0.035118850 0.035639290 0.034274410 0.034897020 0.033828910 0.041574850 0.039004150 0.037225940 0.041496020 0.038047150 0.034131120 0.037470740 0.028936280 0.037706850 0.037902240 0.027158440 0.032436920 0.031909580 0.031629690 0.014787560 0.015669040 0.020994100 0.015903150 0.016480330 0.015841490 0.016362830 0.020370500 0.013901990 0.023907170 0.015817200 0.021582940 0.021976640 0.000000000 0.000022900 0.006058780 0.066267770 
25     0.034151010 0.026513820 0.038689150 0.036407880 0.033173230 0.034260630 0.032324250 0.019191690 0.018112470 0.034189490 0.038815880 0.036964790 0.030017050 0.034163850 0.018032510 0.018902200 0.019214780 0.035355240 0.035888940 0.032128650 0.036323800 0.034776340 0.027838270 0.036970950 0.036971970 0.035681550 0.028435560 0.030897150 0.032455800 0.039480760 0.021907390 0.027185870 0.027039630 0.030554510 0.021249630 0.018170780 0.017006450 0.020649790 0.013893660 0.018071460 0.016824110 0.022579010 0.025026920 0.026115680 0.025926340 0.025584380 0.024185150 0.000022900 0.000000000 0.003264240 0.065072440 
29     0.033595200 0.028957750 0.037239530 0.025963470 0.031207420 0.032294820 0.030118050 0.016985490 0.015906270 0.031983290 0.036850070 0.034998980 0.028924690 0.032198040 0.015826310 0.016696000 0.017008580 0.033389430 0.033923130 0.030787920 0.036265070 0.018655750 0.038428600 0.034898670 0.031781150 0.023954860 0.026229360 0.029775560 0.035992030 0.030483120 0.025909460 0.027241950 0.025947270 0.028059970 0.013404070 0.024244000 0.012890890 0.007919770 0.026207170 0.022852620 0.029829400 0.023905200 0.023883520 0.028614580 0.028425240 0.023808900 0.025254890 0.006058780 0.003264240 0.000000000 0.053895810 
0     0.050388090 0.038166990 0.045963640 0.044609260 0.026848590 0.025982730 0.064766920 0.058491140 0.060123580 0.068310840 0.060784540 0.061567140 0.049812560 0.064173400 0.041999170 0.052292230 0.046065540 0.042147050 0.042613480 0.048865920 0.072885760 0.070035460 0.058177490 0.047394830 0.047880390 0.032741580 0.031370300 0.036892440 0.038310430 0.038488030 0.043562900 0.045422590 0.043642870 0.033859990 0.046189830 0.048874990 0.035601260 0.044088720 0.009639330 0.066302260 0.058413000 0.060470360 0.065797800 0.065152860 0.061136110 0.064588300 0.068743740 0.066267770 0.065072440 0.053895810 0.000000000 
