51
12     0.000000000 0.082471529 0.193670277 0.282378360 0.226890675 0.223178677 0.345786061 0.359124395 0.345840240 0.329467927 0.326796901 0.325076117 0.331982776 0.318138823 0.310088988 0.308840358 0.306330583 0.307842606 0.309879465 0.319210266 0.330787715 0.334387711 0.322614583 0.324344950 0.339937264 0.329809603 0.340043337 0.325213541 0.331558522 0.332011732 0.327894677 0.328678365 0.329569816 0.320281579 0.318818098 0.309723836 0.318899268 0.324077038 0.336157396 0.321986501 0.323528655 0.321522942 0.322396332 0.325852324 0.324743461 0.323714235 0.323698287 0.312060239 0.305621772 0.341159877 0.644857797 
15     0.082471529 0.000000000 0.193133043 0.281618672 0.226168683 0.222456685 0.345017550 0.358355884 0.345071729 0.328699416 0.326028390 0.324307606 0.331214265 0.317370312 0.309320477 0.308071847 0.305562072 0.307074095 0.309110954 0.318441755 0.330019204 0.333619200 0.321846072 0.323576439 0.339168753 0.329041092 0.339274826 0.324445030 0.330790011 0.331243221 0.327126166 0.327909854 0.328801304 0.319513068 0.318049587 0.308955325 0.318130757 0.323308527 0.335388885 0.321217990 0.322760144 0.320754431 0.321627820 0.325083813 0.323974950 0.322945724 0.322929776 0.311291728 0.304853261 0.340391366 0.644089286 
9     0.193670277 0.193133043 0.000000000 0.288106663 0.232797638 0.229085640 0.350831649 0.364169983 0.350885828 0.334497421 0.331826396 0.330105612 0.337012270 0.323184412 0.315134576 0.313885946 0.311376171 0.312888194 0.314925053 0.324245940 0.335823388 0.339423384 0.327650257 0.329380624 0.344972937 0.334845276 0.345079010 0.330249214 0.336594195 0.337047405 0.332930351 0.333714038 0.334605489 0.325317252 0.323861215 0.314766952 0.323942385 0.329120155 0.341200513 0.327029617 0.328571772 0.326566058 0.327439448 0.330895440 0.329786577 0.328757351 0.328741404 0.317103356 0.310664889 0.346202994 0.649815014 
8     0.282378360 0.281618672 0.288106663 0.000000000 0.234192164 0.230731208 0.368394922 0.381733256 0.368449100 0.352089461 0.349418436 0.347697652 0.354604310 0.340758423 0.332708587 0.331459958 0.328950183 0.330462206 0.332499064 0.341409586 0.352987035 0.356587030 0.344813903 0.346544270 0.362136583 0.352001377 0.362235111 0.347405316 0.353750296 0.354203506 0.350179625 0.350963312 0.351854763 0.342566526 0.341181074 0.332086812 0.341262244 0.346440014 0.358543613 0.344342958 0.345885113 0.343879399 0.344752789 0.348208781 0.347099918 0.346070692 0.346054745 0.334429607 0.327991140 0.363535764 0.667453228 
2     0.226890675 0.226168683 0.232797638 0.234192164 0.000000000 0.048964001 0.311307683 0.324646017 0.311361862 0.295057283 0.292386258 0.290665474 0.297570045 0.283726245 0.275676410 0.274427780 0.271918005 0.273430028 0.275466887 0.284582507 0.296159956 0.299759951 0.287986824 0.289717191 0.305309504 0.295153526 0.305387260 0.290557465 0.296902445 0.297355655 0.293345137 0.294128824 0.295020275 0.285732038 0.284315150 0.275196167 0.284380914 0.289574091 0.301647347 0.287408976 0.288951131 0.286945417 0.287818807 0.291274799 0.290165936 0.289136710 0.289120763 0.277510388 0.271071921 0.306616545 0.609883721 
7     0.223178677 0.222456685 0.229085640 0.230731208 0.048964001 0.000000000 0.307671019 0.321009353 0.307725198 0.291420619 0.288749593 0.287028809 0.293933380 0.280089581 0.272039745 0.270791116 0.268281341 0.269793364 0.271830222 0.280945842 0.292523291 0.296123287 0.284350159 0.286080526 0.301672840 0.291516862 0.301750596 0.286920800 0.293265781 0.293718991 0.289708472 0.290492160 0.291383610 0.282095374 0.280678486 0.271559503 0.280744250 0.285937426 0.298010683 0.283772312 0.285314466 0.283308753 0.284182142 0.287638135 0.286529272 0.285500046 0.285484098 0.273873723 0.267435256 0.302979880 0.606247057 
19     0.345786061 0.345017550 0.350831649 0.368394922 0.311307683 0.307671019 0.000000000 0.138633550 0.126365331 0.284100648 0.281209841 0.279498121 0.286471085 0.272341644 0.264290038 0.263041409 0.260548102 0.262034819 0.264071677 0.333246352 0.344823801 0.348423797 0.336655874 0.338381036 0.353973350 0.343836367 0.354070101 0.339240305 0.345585286 0.346038496 0.342031370 0.342815058 0.343706508 0.334408330 0.333048635 0.323892705 0.333234776 0.338322500 0.350284071 0.336187685 0.337729840 0.335724126 0.336597516 0.340053508 0.338944645 0.337915420 0.337899472 0.326324792 0.319886324 0.355395723 0.659632636 
14     0.359124395 0.358355884 0.364169983 0.381733256 0.324646017 0.321009353 0.138633550 0.000000000 0.134123362 0.297434347 0.294543541 0.292831821 0.299804785 0.285698522 0.277646917 0.276398287 0.273904981 0.275391697 0.277428556 0.346584686 0.358162135 0.361762131 0.349994208 0.351719370 0.367311684 0.357174701 0.367408435 0.352578639 0.358923620 0.359376830 0.355369704 0.356153392 0.357044843 0.347746664 0.346386969 0.337231039 0.346573110 0.351660834 0.363622405 0.349526020 0.351068174 0.349062460 0.349935850 0.353391842 0.352282980 0.351253754 0.351237806 0.339663126 0.333224658 0.368734057 0.672970970 
18     0.345840240 0.345071729 0.350885828 0.368449100 0.311361862 0.307725198 0.126365331 0.134123362 0.000000000 0.283987806 0.281096999 0.279385279 0.286358243 0.272228802 0.264177196 0.262928567 0.260435260 0.261921977 0.263958835 0.333177015 0.344754464 0.348354460 0.336586538 0.338311699 0.353904013 0.343767030 0.354000764 0.339170968 0.345515949 0.345969159 0.341854918 0.342638606 0.343530056 0.334231878 0.332872183 0.323716253 0.333058324 0.338146048 0.350107619 0.336011233 0.337553388 0.335547674 0.336421064 0.339877056 0.338768193 0.337738967 0.337723020 0.326148340 0.319709872 0.355219271 0.659518033 
10     0.329467927 0.328699416 0.334497421 0.352089461 0.295057283 0.291420619 0.284100648 0.297434347 0.283987806 0.000000000 0.136267795 0.133992110 0.142725497 0.194510828 0.186702354 0.185495611 0.182980605 0.184403946 0.186418002 0.317288037 0.328865486 0.332465481 0.320697559 0.322422721 0.338015035 0.327868837 0.338102571 0.323272775 0.329617756 0.330070966 0.325916742 0.326700429 0.327591880 0.318293702 0.316918931 0.307762565 0.317119851 0.322207575 0.334165938 0.320066732 0.321608886 0.319603173 0.320476563 0.323932555 0.322823692 0.321794466 0.321778519 0.310203151 0.303764683 0.339274082 0.642831766 
13     0.326796901 0.326028390 0.331826396 0.349418436 0.292386258 0.288749593 0.281209841 0.294543541 0.281096999 0.136267795 0.000000000 0.059095679 0.123948770 0.191441584 0.183424126 0.182217383 0.179705568 0.181059300 0.183073356 0.314617012 0.326194461 0.329794456 0.318026534 0.319751696 0.335344009 0.325197812 0.335431546 0.320601750 0.326946731 0.327399941 0.323245717 0.324029404 0.324920855 0.315622677 0.314247906 0.305091540 0.314448826 0.319536550 0.331494913 0.317395707 0.318937861 0.316932148 0.317805538 0.321261530 0.320152667 0.319123441 0.319107493 0.307532125 0.301093658 0.336603057 0.640064513 
4     0.325076117 0.324307606 0.330105612 0.347697652 0.290665474 0.287028809 0.279498121 0.292831821 0.279385279 0.133992110 0.059095679 0.000000000 0.122491551 0.189766844 0.181749386 0.180542643 0.178030828 0.179384560 0.181398616 0.312896228 0.324473677 0.328073672 0.316305750 0.318030912 0.333623225 0.323477028 0.333710762 0.318880966 0.325225947 0.325679157 0.321524933 0.322308620 0.323200071 0.313901893 0.312527122 0.303370756 0.312728042 0.317815766 0.329774129 0.315674923 0.317217077 0.315211363 0.316084753 0.319540746 0.318431883 0.317402657 0.317386709 0.305811341 0.299372874 0.334882273 0.638343729 
3     0.331982776 0.331214265 0.337012270 0.354604310 0.297570045 0.293933380 0.286471085 0.299804785 0.286358243 0.142725497 0.123948770 0.122491551 0.000000000 0.196633794 0.188797701 0.187590958 0.185111799 0.186470286 0.188484342 0.319769238 0.331346687 0.334946682 0.323178760 0.324903922 0.340496236 0.330350038 0.340583772 0.325753976 0.332098957 0.332552167 0.328397943 0.329181630 0.330073081 0.320774903 0.319400132 0.310243766 0.319601052 0.324688776 0.336647139 0.322547933 0.324090087 0.322084374 0.322957764 0.326413756 0.325304893 0.324275667 0.324259720 0.312684352 0.306245884 0.341755283 0.645322377 
17     0.318138823 0.317370312 0.323184412 0.340758423 0.283726245 0.280089581 0.272341644 0.285698522 0.272228802 0.194510828 0.191441584 0.189766844 0.196633794 0.000000000 0.094778103 0.092956195 0.091277298 0.094110278 0.095317167 0.306090393 0.317667842 0.321267838 0.309499916 0.311225077 0.326817391 0.316671193 0.326904927 0.312075132 0.318420112 0.318873322 0.314722455 0.315506142 0.316397593 0.307099415 0.305724644 0.296564922 0.305925564 0.311013288 0.322971651 0.308872445 0.310414599 0.308408886 0.309282276 0.312738268 0.311629405 0.310600179 0.310584232 0.299008864 0.292570396 0.328079795 0.631401269 
1     0.310088988 0.309320477 0.315134576 0.332708587 0.275676410 0.272039745 0.264290038 0.277646917 0.264177196 0.186702354 0.183424126 0.181749386 0.188797701 0.094778103 0.000000000 0.044504768 0.054935404 0.072378370 0.074767879 0.298040558 0.309618006 0.313218002 0.301450080 0.303175242 0.318767555 0.308621358 0.318855091 0.304025296 0.310370277 0.310823487 0.306672619 0.307456306 0.308347757 0.299049579 0.297674808 0.288515086 0.297875728 0.302963452 0.314921815 0.300822609 0.302364763 0.300359050 0.301232440 0.304688432 0.303579569 0.302550343 0.302534396 0.290959028 0.284520560 0.320029959 0.623351433 
6     0.308840358 0.308071847 0.313885946 0.331459958 0.274427780 0.270791116 0.263041409 0.276398287 0.262928567 0.185495611 0.182217383 0.180542643 0.187590958 0.092956195 0.044504768 0.000000000 0.053800319 0.071729324 0.073421896 0.296791928 0.308369377 0.311969372 0.300201450 0.301926612 0.317518926 0.307372728 0.317606462 0.302776666 0.309121647 0.309574857 0.305423989 0.306207677 0.307099128 0.297800949 0.296426179 0.287266456 0.296627099 0.301714823 0.313673186 0.299573979 0.301116134 0.299110420 0.299983810 0.303439802 0.302330939 0.301301713 0.301285766 0.289710398 0.283271931 0.318781329 0.622102803 
5     0.306330583 0.305562072 0.311376171 0.328950183 0.271918005 0.268281341 0.260548102 0.273904981 0.260435260 0.182980605 0.179705568 0.178030828 0.185111799 0.091277298 0.054935404 0.053800319 0.000000000 0.069561857 0.071687989 0.294282153 0.305859602 0.309459598 0.297691676 0.299416837 0.315009151 0.304862953 0.315096687 0.300266891 0.306611872 0.307065082 0.302914215 0.303697902 0.304589353 0.295291175 0.293916404 0.284756682 0.294117324 0.299205048 0.311163411 0.297064205 0.298606359 0.296600645 0.297474035 0.300930027 0.299821165 0.298791939 0.298775991 0.287200623 0.280762156 0.316271555 0.619593028 
11     0.307842606 0.307074095 0.312888194 0.330462206 0.273430028 0.269793364 0.262034819 0.275391697 0.261921977 0.184403946 0.181059300 0.179384560 0.186470286 0.094110278 0.072378370 0.071729324 0.069561857 0.000000000 0.045639205 0.295794176 0.307371625 0.310971621 0.299203699 0.300928860 0.316521174 0.306374976 0.316608710 0.301778914 0.308123895 0.308577105 0.304426238 0.305209925 0.306101376 0.296803198 0.295428427 0.286268705 0.295629347 0.300717071 0.312675434 0.298576228 0.300118382 0.298112668 0.298986058 0.302442050 0.301333188 0.300303962 0.300288014 0.288712646 0.282274179 0.317783578 0.621105051 
16     0.309879465 0.309110954 0.314925053 0.332499064 0.275466887 0.271830222 0.264071677 0.277428556 0.263958835 0.186418002 0.183073356 0.181398616 0.188484342 0.095317167 0.074767879 0.073421896 0.071687989 0.045639205 0.000000000 0.297831035 0.309408483 0.313008479 0.301240557 0.302965719 0.318558032 0.308411835 0.318645568 0.303815773 0.310160754 0.310613964 0.306463096 0.307246783 0.308138234 0.298840056 0.297465285 0.288305563 0.297666205 0.302753929 0.314712292 0.300613086 0.302155240 0.300149527 0.301022917 0.304478909 0.303370046 0.302340820 0.302324873 0.290749505 0.284311037 0.319820436 0.623141910 
47     0.319210266 0.318441755 0.324245940 0.341409586 0.284582507 0.280945842 0.333246352 0.346584686 0.333177015 0.317288037 0.314617012 0.312896228 0.319769238 0.306090393 0.298040558 0.296791928 0.294282153 0.295794176 0.297831035 0.000000000 0.129099441 0.132460938 0.155087414 0.155939718 0.171677453 0.233256128 0.243440117 0.228895031 0.235396122 0.235849332 0.265225226 0.265934627 0.266826078 0.257737396 0.256722657 0.247699847 0.257528700 0.262361508 0.274416386 0.259269469 0.260815792 0.258846761 0.259683468 0.263176143 0.262067280 0.261038054 0.261022106 0.250152167 0.243721032 0.279453106 0.622822640 
49     0.330787715 0.330019204 0.335823388 0.352987035 0.296159956 0.292523291 0.344823801 0.358162135 0.344754464 0.328865486 0.326194461 0.324473677 0.331346687 0.317667842 0.309618006 0.308369377 0.305859602 0.307371625 0.309408483 0.129099441 0.000000000 0.061160970 0.166286328 0.167785459 0.183512791 0.244873347 0.255057336 0.240512250 0.247013341 0.247466551 0.276985678 0.277695080 0.278586531 0.269497849 0.268252934 0.259230124 0.269058977 0.273891785 0.285946663 0.270799746 0.272346069 0.270377038 0.271213745 0.274706420 0.273597557 0.272568331 0.272552383 0.261682444 0.255251309 0.290983383 0.634389688 
46     0.334387711 0.333619200 0.339423384 0.356587030 0.299759951 0.296123287 0.348423797 0.361762131 0.348354460 0.332465481 0.329794456 0.328073672 0.334946682 0.321267838 0.313218002 0.311969372 0.309459598 0.310971621 0.313008479 0.132460938 0.061160970 0.000000000 0.169747535 0.171319367 0.187070585 0.248459127 0.258643115 0.244098029 0.250599121 0.251052331 0.280585674 0.281295075 0.282186526 0.273097845 0.271852929 0.262830120 0.272658973 0.277491781 0.289546658 0.274399741 0.275946065 0.273977033 0.274813741 0.278306415 0.277197552 0.276168326 0.276152379 0.265282440 0.258851304 0.294583379 0.637989684 
21     0.322614583 0.321846072 0.327650257 0.344813903 0.287986824 0.284350159 0.336655874 0.349994208 0.336586538 0.320697559 0.318026534 0.316305750 0.323178760 0.309499916 0.301450080 0.300201450 0.297691676 0.299203699 0.301240557 0.155087414 0.166286328 0.169747535 0.000000000 0.141497577 0.155806110 0.237230112 0.247414101 0.232876550 0.239377388 0.239830598 0.268588052 0.269297453 0.270188904 0.261100223 0.260047122 0.251024312 0.260853165 0.265718996 0.277772229 0.262611025 0.264157348 0.262188317 0.263025025 0.266517699 0.265408836 0.264379610 0.264363663 0.253482854 0.247051718 0.282783793 0.626226957 
32     0.324344950 0.323576439 0.329380624 0.346544270 0.289717191 0.286080526 0.338381036 0.351719370 0.338311699 0.322422721 0.319751696 0.318030912 0.324903922 0.311225077 0.303175242 0.301926612 0.299416837 0.300928860 0.302965719 0.155939718 0.167785459 0.171319367 0.141497577 0.000000000 0.147663447 0.238471125 0.248655113 0.234117562 0.240618401 0.241071611 0.270427884 0.271137286 0.272028736 0.262940055 0.261736697 0.252713888 0.262542741 0.267408571 0.279455583 0.264294379 0.265840702 0.263871671 0.264708379 0.268201053 0.267092190 0.266062964 0.266047017 0.255166208 0.248735072 0.284467147 0.627957324 
33     0.339937264 0.339168753 0.344972937 0.362136583 0.305309504 0.301672840 0.353973350 0.367311684 0.353904013 0.338015035 0.335344009 0.333623225 0.340496236 0.326817391 0.318767555 0.317518926 0.315009151 0.316521174 0.318558032 0.171677453 0.183512791 0.187070585 0.155806110 0.147663447 0.000000000 0.254120989 0.264304977 0.249767426 0.256268265 0.256721475 0.285981133 0.286690535 0.287581986 0.278493304 0.277338954 0.268316145 0.278144998 0.283010829 0.295057840 0.279896636 0.281442959 0.279473928 0.280310636 0.283803310 0.282694447 0.281665221 0.281649274 0.270768465 0.264337329 0.300069404 0.643549638 
44     0.329809603 0.329041092 0.334845276 0.352001377 0.295153526 0.291516862 0.343836367 0.357174701 0.343767030 0.327868837 0.325197812 0.323477028 0.330350038 0.316671193 0.308621358 0.307372728 0.304862953 0.306374976 0.308411835 0.233256128 0.244873347 0.248459127 0.237230112 0.238471125 0.254120989 0.000000000 0.085845493 0.129314418 0.136655997 0.137310666 0.275131867 0.275841269 0.276732719 0.267646161 0.266200986 0.257213595 0.266804897 0.271744326 0.284111128 0.269019279 0.270565602 0.268596571 0.269433278 0.272925953 0.271817090 0.270787864 0.270771916 0.260006203 0.253575067 0.289250967 0.633055434 
42     0.340043337 0.339274826 0.345079010 0.362235111 0.305387260 0.301750596 0.354070101 0.367408435 0.354000764 0.338102571 0.335431546 0.333710762 0.340583772 0.326904927 0.318855091 0.317606462 0.315096687 0.316608710 0.318645568 0.243440117 0.255057336 0.258643115 0.247414101 0.248655113 0.264304977 0.085845493 0.000000000 0.140000217 0.147022063 0.147638496 0.285365381 0.286074782 0.286966233 0.277879675 0.276434719 0.267447329 0.277038631 0.281978060 0.294344642 0.279253012 0.280799336 0.278830304 0.279667012 0.283159686 0.282050823 0.281021597 0.281005650 0.270239936 0.263808800 0.299484701 0.643289168 
31     0.325213541 0.324445030 0.330249214 0.347405316 0.290557465 0.286920800 0.339240305 0.352578639 0.339170968 0.323272775 0.320601750 0.318880966 0.325753976 0.312075132 0.304025296 0.302776666 0.300266891 0.301778914 0.303815773 0.228895031 0.240512250 0.244098029 0.232876550 0.234117562 0.249767426 0.129314418 0.140000217 0.000000000 0.116203382 0.116130894 0.270597468 0.271306869 0.272198320 0.263111762 0.261561498 0.252568085 0.262215330 0.267163924 0.279650553 0.264713447 0.266259770 0.264290739 0.265127447 0.268620121 0.267511258 0.266482032 0.266466085 0.255506051 0.249074915 0.284750815 0.628459372 
41     0.331558522 0.330790011 0.336594195 0.353750296 0.296902445 0.293265781 0.345585286 0.358923620 0.345515949 0.329617756 0.326946731 0.325225947 0.332098957 0.318420112 0.310370277 0.309121647 0.306611872 0.308123895 0.310160754 0.235396122 0.247013341 0.250599121 0.239377388 0.240618401 0.256268265 0.136655997 0.147022063 0.116203382 0.000000000 0.047707628 0.276947693 0.277657094 0.278548545 0.269461987 0.267955750 0.258962337 0.268544474 0.273493068 0.285857272 0.270843709 0.272390032 0.270421001 0.271257709 0.274750383 0.273641520 0.272612294 0.272596347 0.261835195 0.255404059 0.291079960 0.634804353 
43     0.332011732 0.331243221 0.337047405 0.354203506 0.297355655 0.293718991 0.346038496 0.359376830 0.345969159 0.330070966 0.327399941 0.325679157 0.332552167 0.318873322 0.310823487 0.309574857 0.307065082 0.308577105 0.310613964 0.235849332 0.247466551 0.251052331 0.239830598 0.241071611 0.256721475 0.137310666 0.147638496 0.116130894 0.047707628 0.000000000 0.277400903 0.278110304 0.279001755 0.269915197 0.268408960 0.259415547 0.268997684 0.273946278 0.286310482 0.271296919 0.272843242 0.270874211 0.271710919 0.275203593 0.274094730 0.273065504 0.273049557 0.262288405 0.255857269 0.291533170 0.635257563 
26     0.327894677 0.327126166 0.332930351 0.350179625 0.293345137 0.289708472 0.342031370 0.355369704 0.341854918 0.325916742 0.323245717 0.321524933 0.328397943 0.314722455 0.306672619 0.305423989 0.302914215 0.304426238 0.306463096 0.265225226 0.276985678 0.280585674 0.268588052 0.270427884 0.285981133 0.275131867 0.285365381 0.270597468 0.276947693 0.277400903 0.000000000 0.135391371 0.136507653 0.126758065 0.249951213 0.240985237 0.249910143 0.255217519 0.267118068 0.252424597 0.253868372 0.251879375 0.252736048 0.256216097 0.255107234 0.254070668 0.254062061 0.242479766 0.236028208 0.271597715 0.630572445 
37     0.328678365 0.327909854 0.333714038 0.350963312 0.294128824 0.290492160 0.342815058 0.356153392 0.342638606 0.326700429 0.324029404 0.322308620 0.329181630 0.315506142 0.307456306 0.306207677 0.303697902 0.305209925 0.307246783 0.265934627 0.277695080 0.281295075 0.269297453 0.271137286 0.286690535 0.275841269 0.286074782 0.271306869 0.277657094 0.278110304 0.135391371 0.000000000 0.070568995 0.111694167 0.250736698 0.241773810 0.250697659 0.256004610 0.268162426 0.253346265 0.254790040 0.252801043 0.253657716 0.257137765 0.256028902 0.254992336 0.254983729 0.243244404 0.236792847 0.272389730 0.631373291 
39     0.329569816 0.328801304 0.334605489 0.351854763 0.295020275 0.291383610 0.343706508 0.357044843 0.343530056 0.327591880 0.324920855 0.323200071 0.330073081 0.316397593 0.308347757 0.307099128 0.304589353 0.306101376 0.308138234 0.266826078 0.278586531 0.282186526 0.270188904 0.272028736 0.287581986 0.276732719 0.286966233 0.272198320 0.278548545 0.279001755 0.136507653 0.070568995 0.000000000 0.113246101 0.251625425 0.242662537 0.251586386 0.256893338 0.269051021 0.254234949 0.255678723 0.253689727 0.254546400 0.258026448 0.256917585 0.255881020 0.255872412 0.244132955 0.237681397 0.273278280 0.632264742 
28     0.320281579 0.319513068 0.325317252 0.342566526 0.285732038 0.282095374 0.334408330 0.347746664 0.334231878 0.318293702 0.315622677 0.313901893 0.320774903 0.307099415 0.299049579 0.297800949 0.295291175 0.296803198 0.298840056 0.257737396 0.269497849 0.273097845 0.261100223 0.262940055 0.278493304 0.267646161 0.277879675 0.263111762 0.269461987 0.269915197 0.126758065 0.111694167 0.113246101 0.000000000 0.242211484 0.233248596 0.242171895 0.247479397 0.259676496 0.245132096 0.246575870 0.244586874 0.245443546 0.248923595 0.247814732 0.246778167 0.246769559 0.234764009 0.228312452 0.263909334 0.623025295 
34     0.318818098 0.318049587 0.323861215 0.341181074 0.284315150 0.280678486 0.333048635 0.346386969 0.332872183 0.316918931 0.314247906 0.312527122 0.319400132 0.305724644 0.297674808 0.296426179 0.293916404 0.295428427 0.297465285 0.256722657 0.268252934 0.271852929 0.260047122 0.261736697 0.277338954 0.266200986 0.276434719 0.261561498 0.267955750 0.268408960 0.249951213 0.250736698 0.251625425 0.242211484 0.000000000 0.174873814 0.196808356 0.201216081 0.242343315 0.228268717 0.229855011 0.227710467 0.228697968 0.232047188 0.230943603 0.229907037 0.229898429 0.217986354 0.211488643 0.246566659 0.621978826 
40     0.309723836 0.308955325 0.314766952 0.332086812 0.275196167 0.271559503 0.323892705 0.337231039 0.323716253 0.307762565 0.305091540 0.303370756 0.310243766 0.296564922 0.288515086 0.287266456 0.284756682 0.286268705 0.288305563 0.247699847 0.259230124 0.262830120 0.251024312 0.252713888 0.268316145 0.257213595 0.267447329 0.252568085 0.258962337 0.259415547 0.240985237 0.241773810 0.242662537 0.233248596 0.174873814 0.000000000 0.186949050 0.191061424 0.233656977 0.219411349 0.220979212 0.218834667 0.219822169 0.223171389 0.222067803 0.221031238 0.221022630 0.209088826 0.202641020 0.237614190 0.612859483 
48     0.318899268 0.318130757 0.323942385 0.341262244 0.284380914 0.280744250 0.333234776 0.346573110 0.333058324 0.317119851 0.314448826 0.312728042 0.319601052 0.305925564 0.297875728 0.296627099 0.294117324 0.295629347 0.297666205 0.257528700 0.269058977 0.272658973 0.260853165 0.262542741 0.278144998 0.266804897 0.277038631 0.262215330 0.268544474 0.268997684 0.249910143 0.250697659 0.251586386 0.242171895 0.196808356 0.186949050 0.000000000 0.193356757 0.242064027 0.228448093 0.230044082 0.227894028 0.228891224 0.232230749 0.231122979 0.230086413 0.230077806 0.218308165 0.211910814 0.246847280 0.622248583 
27     0.324077038 0.323308527 0.329120155 0.346440014 0.289574091 0.285937426 0.338322500 0.351660834 0.338146048 0.322207575 0.319536550 0.317815766 0.324688776 0.311013288 0.302963452 0.301714823 0.299205048 0.300717071 0.302753929 0.262361508 0.273891785 0.277491781 0.265718996 0.267408571 0.283010829 0.271744326 0.281978060 0.267163924 0.273493068 0.273946278 0.255217519 0.256004610 0.256893338 0.247479397 0.201216081 0.191061424 0.193356757 0.000000000 0.247617838 0.233769390 0.235365378 0.233211139 0.234208335 0.237547861 0.236444275 0.235407710 0.235399102 0.223416904 0.216975629 0.252022019 0.627367954 
36     0.336157396 0.335388885 0.341200513 0.358543613 0.301647347 0.298010683 0.350284071 0.363622405 0.350107619 0.334165938 0.331494913 0.329774129 0.336647139 0.322971651 0.314921815 0.313673186 0.311163411 0.312675434 0.314712292 0.274416386 0.285946663 0.289546658 0.277772229 0.279455583 0.295057840 0.284111128 0.294344642 0.279650553 0.285857272 0.286310482 0.267118068 0.268162426 0.269051021 0.259676496 0.242343315 0.233656977 0.242064027 0.247617838 0.000000000 0.240084034 0.241662278 0.239540602 0.240537771 0.243885720 0.242718881 0.241673919 0.241673708 0.229387647 0.222915747 0.257994371 0.639320578 
22     0.321986501 0.321217990 0.327029617 0.344342958 0.287408976 0.283772312 0.336187685 0.349526020 0.336011233 0.320066732 0.317395707 0.315674923 0.322547933 0.308872445 0.300822609 0.299573979 0.297064205 0.298576228 0.300613086 0.259269469 0.270799746 0.274399741 0.262611025 0.264294379 0.279896636 0.269019279 0.279253012 0.264713447 0.270843709 0.271296919 0.252424597 0.253346265 0.254234949 0.245132096 0.228268717 0.219411349 0.228448093 0.233769390 0.240084034 0.000000000 0.050722329 0.083060521 0.083995362 0.087469516 0.085858406 0.085719943 0.085120588 0.209949524 0.203480706 0.238849130 0.624864271 
50     0.323528655 0.322760144 0.328571772 0.345885113 0.288951131 0.285314466 0.337729840 0.351068174 0.337553388 0.321608886 0.318937861 0.317217077 0.324090087 0.310414599 0.302364763 0.301116134 0.298606359 0.300118382 0.302155240 0.260815792 0.272346069 0.275946065 0.264157348 0.265840702 0.281442959 0.270565602 0.280799336 0.266259770 0.272390032 0.272843242 0.253868372 0.254790040 0.255678723 0.246575870 0.229855011 0.220979212 0.230044082 0.235365378 0.241662278 0.050722329 0.000000000 0.084541436 0.085065612 0.088530054 0.086301143 0.086499757 0.085868303 0.211507602 0.205038784 0.240407208 0.626401151 
24     0.321522942 0.320754431 0.326566058 0.343879399 0.286945417 0.283308753 0.335724126 0.349062460 0.335547674 0.319603173 0.316932148 0.315211363 0.322084374 0.308408886 0.300359050 0.299110420 0.296600645 0.298112668 0.300149527 0.258846761 0.270377038 0.273977033 0.262188317 0.263871671 0.279473928 0.268596571 0.278830304 0.264290739 0.270421001 0.270874211 0.251879375 0.252801043 0.253689727 0.244586874 0.227710467 0.218834667 0.227894028 0.233211139 0.239540602 0.083060521 0.084541436 0.000000000 0.044912462 0.062719116 0.063623109 0.061223666 0.062135452 0.209424847 0.202956029 0.238290912 0.624395437 
30     0.322396332 0.321627820 0.327439448 0.344752789 0.287818807 0.284182142 0.336597516 0.349935850 0.336421064 0.320476563 0.317805538 0.316084753 0.322957764 0.309282276 0.301232440 0.299983810 0.297474035 0.298986058 0.301022917 0.259683468 0.271213745 0.274813741 0.263025025 0.264708379 0.280310636 0.269433278 0.279667012 0.265127447 0.271257709 0.271710919 0.252736048 0.253657716 0.254546400 0.245443546 0.228697968 0.219822169 0.228891224 0.234208335 0.240537771 0.083995362 0.085065612 0.044912462 0.000000000 0.064601011 0.064089281 0.063877459 0.063452936 0.210384133 0.203915315 0.239250197 0.625268827 
45     0.325852324 0.325083813 0.330895440 0.348208781 0.291274799 0.287638135 0.340053508 0.353391842 0.339877056 0.323932555 0.321261530 0.319540746 0.326413756 0.312738268 0.304688432 0.303439802 0.300930027 0.302442050 0.304478909 0.263176143 0.274706420 0.278306415 0.266517699 0.268201053 0.283803310 0.272925953 0.283159686 0.268620121 0.274750383 0.275203593 0.256216097 0.257137765 0.258026448 0.248923595 0.232047188 0.223171389 0.232230749 0.237547861 0.243885720 0.087469516 0.088530054 0.062719116 0.064601011 0.000000000 0.066882430 0.065259306 0.067056985 0.213733505 0.207264687 0.242599569 0.628724819 
20     0.324743461 0.323974950 0.329786577 0.347099918 0.290165936 0.286529272 0.338944645 0.352282980 0.338768193 0.322823692 0.320152667 0.318431883 0.325304893 0.311629405 0.303579569 0.302330939 0.299821165 0.301333188 0.303370046 0.262067280 0.273597557 0.277197552 0.265408836 0.267092190 0.282694447 0.271817090 0.282050823 0.267511258 0.273641520 0.274094730 0.255107234 0.256028902 0.256917585 0.247814732 0.230943603 0.222067803 0.231122979 0.236444275 0.242718881 0.085858406 0.086301143 0.063623109 0.064089281 0.066882430 0.000000000 0.040679771 0.047220162 0.212676970 0.206208152 0.241520470 0.627615957 
35     0.323714235 0.322945724 0.328757351 0.346070692 0.289136710 0.285500046 0.337915420 0.351253754 0.337738967 0.321794466 0.319123441 0.317402657 0.324275667 0.310600179 0.302550343 0.301301713 0.298791939 0.300303962 0.302340820 0.261038054 0.272568331 0.276168326 0.264379610 0.266062964 0.281665221 0.270787864 0.281021597 0.266482032 0.272612294 0.273065504 0.254070668 0.254992336 0.255881020 0.246778167 0.229907037 0.221031238 0.230086413 0.235407710 0.241673919 0.085719943 0.086499757 0.061223666 0.063877459 0.065259306 0.040679771 0.000000000 0.046570537 0.211669891 0.205201073 0.240513391 0.626586731 
23     0.323698287 0.322929776 0.328741404 0.346054745 0.289120763 0.285484098 0.337899472 0.351237806 0.337723020 0.321778519 0.319107493 0.317386709 0.324259720 0.310584232 0.302534396 0.301285766 0.298775991 0.300288014 0.302324873 0.261022106 0.272552383 0.276152379 0.264363663 0.266047017 0.281649274 0.270771916 0.281005650 0.266466085 0.272596347 0.273049557 0.254062061 0.254983729 0.255872412 0.246769559 0.229898429 0.221022630 0.230077806 0.235399102 0.241673708 0.085120588 0.085868303 0.062135452 0.063452936 0.067056985 0.047220162 0.046570537 0.000000000 0.211631797 0.205162978 0.240475297 0.626570783 
38     0.312060239 0.311291728 0.317103356 0.334429607 0.277510388 0.273873723 0.326324792 0.339663126 0.326148340 0.310203151 0.307532125 0.305811341 0.312684352 0.299008864 0.290959028 0.289710398 0.287200623 0.288712646 0.290749505 0.250152167 0.261682444 0.265282440 0.253482854 0.255166208 0.270768465 0.260006203 0.270239936 0.255506051 0.261835195 0.262288405 0.242479766 0.243244404 0.244132955 0.234764009 0.217986354 0.209088826 0.218308165 0.223416904 0.229387647 0.209949524 0.211507602 0.209424847 0.210384133 0.213733505 0.212676970 0.211669891 0.211631797 0.000000000 0.077658043 0.188318368 0.615145944 
25     0.305621772 0.304853261 0.310664889 0.327991140 0.271071921 0.267435256 0.319886324 0.333224658 0.319709872 0.303764683 0.301093658 0.299372874 0.306245884 0.292570396 0.284520560 0.283271931 0.280762156 0.282274179 0.284311037 0.243721032 0.255251309 0.258851304 0.247051718 0.248735072 0.264337329 0.253575067 0.263808800 0.249074915 0.255404059 0.255857269 0.236028208 0.236792847 0.237681397 0.228312452 0.211488643 0.202641020 0.211910814 0.216975629 0.222915747 0.203480706 0.205038784 0.202956029 0.203915315 0.207264687 0.206208152 0.205201073 0.205162978 0.077658043 0.000000000 0.182125187 0.608707476 
29     0.341159877 0.340391366 0.346202994 0.363535764 0.306616545 0.302979880 0.355395723 0.368734057 0.355219271 0.339274082 0.336603057 0.334882273 0.341755283 0.328079795 0.320029959 0.318781329 0.316271555 0.317783578 0.319820436 0.279453106 0.290983383 0.294583379 0.282783793 0.284467147 0.300069404 0.289250967 0.299484701 0.284750815 0.291079960 0.291533170 0.271597715 0.272389730 0.273278280 0.263909334 0.246566659 0.237614190 0.246847280 0.252022019 0.257994371 0.238849130 0.240407208 0.238290912 0.239250197 0.242599569 0.241520470 0.240513391 0.240475297 0.188318368 0.182125187 0.000000000 0.644151279 
0     0.644857797 0.644089286 0.649815014 0.667453228 0.609883721 0.606247057 0.659632636 0.672970970 0.659518033 0.642831766 0.640064513 0.638343729 0.645322377 0.631401269 0.623351433 0.622102803 0.619593028 0.621105051 0.623141910 0.622822640 0.634389688 0.637989684 0.626226957 0.627957324 0.643549638 0.633055434 0.643289168 0.628459372 0.634804353 0.635257563 0.630572445 0.631373291 0.632264742 0.623025295 0.621978826 0.612859483 0.622248583 0.627367954 0.639320578 0.624864271 0.626401151 0.624395437 0.625268827 0.628724819 0.627615957 0.626586731 0.626570783 0.615145944 0.608707476 0.644151279 0.000000000 
