51
6     0.000000000 0.158961302 0.167447022 0.174118002 0.145465696 0.219344469 0.226189586 0.234327957 0.241569623 0.221985171 0.221778712 0.307045434 0.314159939 0.306504349 0.432563700 0.429369617 0.267803020 0.370855703 0.378423522 0.319245161 0.326564760 0.353019047 0.335794279 0.335696893 0.297625642 0.333561178 0.319638310 0.267174476 0.238848975 0.274126291 0.320200147 0.308196434 0.321251377 0.309312672 0.304518087 0.357157389 0.285081871 0.316722368 0.297659839 0.291799904 0.285802950 0.314564394 0.317882407 0.298442849 0.280640135 0.304025337 0.246509792 0.249619096 0.280473195 0.329507765 0.417125747 
4     0.158961302 0.000000000 0.117607515 0.124375086 0.176119767 0.250319325 0.257198525 0.265336895 0.271649715 0.252039732 0.251833272 0.337269273 0.344426829 0.336728097 0.462782271 0.459588188 0.298021591 0.400983956 0.408551775 0.349459496 0.356779095 0.383233383 0.366008615 0.365911229 0.327802437 0.363737973 0.349828238 0.297428625 0.269103124 0.304380440 0.350415279 0.338411566 0.351466509 0.339527804 0.334733219 0.387411538 0.315336020 0.346976517 0.327913988 0.322054053 0.316062298 0.344823742 0.348141755 0.328663180 0.310860466 0.334284685 0.276640310 0.279611046 0.310603713 0.359625020 0.447546397 
3     0.167447022 0.117607515 0.000000000 0.049491214 0.184924855 0.258957658 0.265836857 0.273975228 0.280690009 0.261105557 0.260899098 0.346106117 0.353252959 0.345616847 0.471671799 0.468477716 0.306911119 0.409813196 0.417381015 0.358353260 0.365672859 0.392127146 0.374902378 0.374804992 0.336696200 0.372631736 0.358722001 0.306322388 0.277996887 0.313274203 0.359332653 0.347328940 0.360383883 0.348445178 0.343650593 0.396328912 0.324253394 0.355893891 0.336831362 0.330971427 0.324956062 0.353717505 0.357035519 0.337556944 0.319754230 0.343178449 0.285534073 0.288422909 0.319497476 0.368518783 0.456284645 
5     0.174118002 0.124375086 0.049491214 0.000000000 0.191653630 0.265526052 0.272405252 0.280543622 0.287258403 0.267673951 0.267467492 0.352674511 0.359821353 0.352185241 0.478240193 0.475046110 0.313479514 0.416381590 0.423949410 0.364921654 0.372241253 0.398695540 0.381470772 0.381373387 0.343264595 0.379200131 0.365290395 0.312890782 0.284565281 0.319842598 0.365901047 0.353897334 0.366952277 0.355013572 0.350218987 0.402897306 0.330821788 0.362462285 0.343399756 0.337539821 0.331524456 0.360285900 0.363603913 0.344125338 0.326322624 0.349746843 0.292102467 0.294991303 0.326065870 0.375087178 0.462853039 
7     0.145465696 0.176119767 0.184924855 0.191653630 0.000000000 0.226126069 0.233005269 0.241143639 0.247907025 0.228322573 0.228116114 0.313061652 0.320388821 0.312851101 0.438453189 0.435259106 0.273790519 0.376843201 0.384411021 0.325232659 0.332552259 0.359006546 0.341781778 0.341684392 0.303319259 0.339376742 0.325630988 0.273221491 0.244897184 0.280173306 0.326008280 0.314004567 0.327059510 0.315120805 0.310326220 0.363256189 0.290330244 0.322092702 0.302905338 0.297898705 0.292043984 0.320805427 0.324123440 0.304683883 0.286881169 0.310266371 0.252706175 0.255899618 0.286679332 0.335749909 0.424246746 
8     0.219344469 0.250319325 0.258957658 0.265526052 0.226126069 0.000000000 0.049434361 0.057651506 0.191749559 0.172165107 0.171958648 0.256842476 0.264315769 0.257192250 0.384010385 0.380816302 0.219126050 0.322289593 0.329857413 0.270402601 0.277714896 0.304142807 0.286918039 0.286820653 0.246923965 0.282859501 0.269671290 0.217283720 0.188997042 0.224184671 0.270425252 0.258421539 0.271476482 0.259537777 0.254744145 0.307425519 0.235472506 0.267044504 0.247981975 0.242122040 0.235788729 0.264564386 0.267882399 0.248202843 0.230460212 0.253791285 0.196317104 0.199623688 0.230248858 0.279392107 0.369529498 
2     0.226189586 0.257198525 0.265836857 0.272405252 0.233005269 0.049434361 0.000000000 0.029175300 0.198727694 0.179143242 0.178936782 0.263941885 0.271441659 0.264175008 0.391108786 0.387914703 0.226241242 0.329387995 0.336955814 0.277680147 0.284999746 0.311454033 0.294229265 0.294131879 0.253956561 0.289892097 0.276626174 0.224238603 0.195951926 0.231139555 0.277380136 0.265376423 0.278431366 0.266492660 0.261699029 0.314404698 0.242427389 0.273999388 0.254936859 0.249076924 0.242743613 0.271519269 0.274837282 0.255157726 0.237415095 0.260734831 0.203196953 0.206448441 0.237089552 0.286331037 0.376797437 
1     0.234327957 0.265336895 0.273975228 0.280543622 0.241143639 0.057651506 0.029175300 0.000000000 0.206822582 0.187238130 0.187031671 0.272034969 0.279534743 0.272269896 0.399150046 0.395955963 0.234282501 0.337429254 0.344997074 0.285721407 0.293041006 0.319495293 0.302270525 0.302173139 0.262052502 0.297988038 0.284487005 0.232321525 0.204056540 0.239077420 0.285464875 0.273461162 0.286516105 0.274577400 0.269783768 0.322290224 0.250340102 0.281912100 0.262849571 0.256989636 0.250860844 0.279636501 0.282954514 0.263274958 0.245538095 0.268852063 0.211352967 0.214659550 0.245284721 0.294469991 0.384922085 
14     0.241569623 0.271649715 0.280690009 0.287258403 0.247907025 0.191749559 0.198727694 0.206822582 0.000000000 0.072956159 0.072526926 0.222621154 0.230242821 0.223177697 0.365865434 0.362671350 0.200952273 0.304115629 0.311683448 0.252402144 0.259721743 0.286176030 0.268947625 0.268850240 0.230432491 0.266368485 0.251498529 0.199465807 0.171084152 0.206391613 0.252645828 0.240642115 0.253697058 0.241758353 0.236971717 0.289915772 0.217661619 0.249230742 0.230168213 0.224308278 0.218220286 0.246894322 0.250208755 0.230844926 0.213171342 0.236525586 0.178411057 0.181777162 0.212326590 0.261626545 0.390167760 
47     0.221985171 0.252039732 0.261105557 0.267673951 0.228322573 0.172165107 0.179143242 0.187238130 0.072956159 0.000000000 0.019252365 0.203044766 0.210678523 0.203580446 0.346280506 0.343086423 0.181367345 0.284530701 0.292098521 0.232817216 0.240136815 0.266591103 0.249362698 0.249265312 0.210847589 0.246783584 0.231913627 0.179880905 0.151499251 0.186806712 0.233060926 0.221057214 0.234112156 0.222173451 0.217386816 0.270330870 0.198076718 0.229645841 0.210583312 0.204723377 0.198635384 0.227309421 0.230623854 0.211260025 0.193586440 0.216940685 0.158826156 0.162192261 0.192741688 0.242041643 0.370583308 
40     0.221778712 0.251833272 0.260899098 0.267467492 0.228116114 0.171958648 0.178936782 0.187031671 0.072526926 0.019252365 0.000000000 0.202839317 0.210473074 0.203373147 0.346074046 0.342879963 0.181160886 0.284324242 0.291892061 0.232610757 0.239930356 0.266384643 0.249156238 0.249058852 0.210641130 0.246577124 0.231707168 0.179674446 0.151292791 0.186600253 0.232854467 0.220850754 0.233905697 0.221966992 0.217180356 0.270124411 0.197870258 0.229439381 0.210376852 0.204516918 0.198428925 0.227102961 0.230417395 0.211053565 0.193379981 0.216734225 0.158619696 0.161985802 0.192535229 0.241835184 0.370376849 
34     0.307045434 0.337269273 0.346106117 0.352674511 0.313061652 0.256842476 0.263941885 0.272034969 0.222621154 0.203044766 0.202839317 0.000000000 0.152067520 0.285408121 0.431765470 0.428571387 0.266853415 0.370017168 0.377584987 0.318304175 0.325623774 0.352078061 0.334580805 0.334483419 0.295974249 0.331910243 0.317796522 0.265766957 0.237385303 0.272692764 0.318887341 0.306883629 0.319938571 0.307999866 0.303213231 0.356157285 0.283901955 0.315471078 0.296408549 0.290548615 0.284308773 0.312757694 0.316072128 0.296933981 0.279260396 0.302612549 0.244701437 0.248067543 0.278624008 0.327914058 0.455456555 
38     0.314159939 0.344426829 0.353252959 0.359821353 0.320388821 0.264315769 0.271441659 0.279534743 0.230242821 0.210678523 0.210473074 0.152067520 0.000000000 0.293023908 0.439350356 0.436156273 0.274438301 0.377602054 0.385169874 0.325889061 0.333208660 0.359662948 0.342347560 0.342250174 0.303412758 0.339348752 0.325226989 0.273196099 0.244814445 0.280121906 0.326265884 0.314242731 0.327343736 0.315405031 0.310618395 0.363565710 0.291310380 0.322879503 0.303816974 0.297957040 0.291754743 0.320221689 0.323536122 0.304379951 0.286706366 0.310058519 0.252147320 0.255513425 0.286069945 0.335359941 0.462958632 
17     0.306504349 0.336728097 0.345616847 0.352185241 0.312851101 0.257192250 0.264175008 0.272269896 0.223177697 0.203580446 0.203373147 0.285408121 0.293023908 0.000000000 0.432591868 0.429397785 0.267679814 0.370843567 0.378411386 0.319130081 0.326449680 0.352903968 0.335678765 0.335581380 0.295720006 0.331656000 0.317991474 0.265780579 0.237398924 0.272706385 0.318903932 0.306900219 0.319955162 0.308016456 0.303229821 0.356119511 0.283917768 0.315486891 0.296424362 0.290564427 0.284405248 0.313074679 0.316389112 0.297030455 0.279356870 0.302709023 0.244912845 0.248281897 0.278838809 0.328146801 0.455986721 
28     0.432563700 0.462782271 0.471671799 0.478240193 0.438453189 0.384010385 0.391108786 0.399150046 0.365865434 0.346280506 0.346074046 0.431765470 0.439350356 0.432591868 0.000000000 0.093219720 0.254319251 0.357272026 0.364693515 0.305227186 0.312789964 0.339846631 0.322268524 0.322344988 0.419664788 0.455763550 0.441461499 0.388921044 0.360582445 0.395925276 0.441961990 0.430329297 0.443384239 0.431445534 0.426642700 0.479578829 0.407112631 0.438876432 0.419813903 0.413953968 0.407443109 0.436216236 0.439528727 0.419910890 0.402166447 0.425632425 0.368073793 0.371426624 0.401897252 0.451076966 0.582154366 
37     0.429369617 0.459588188 0.468477716 0.475046110 0.435259106 0.380816302 0.387914703 0.395955963 0.362671350 0.343086423 0.342879963 0.428571387 0.436156273 0.429397785 0.093219720 0.000000000 0.251161111 0.354017925 0.361419798 0.302077720 0.309548190 0.336604857 0.319026750 0.319103214 0.416470705 0.452569467 0.438267416 0.385726960 0.357388362 0.392731193 0.438767907 0.427135214 0.440190156 0.428251451 0.423448617 0.476384746 0.403918548 0.435682349 0.416619820 0.410759885 0.404249026 0.433022153 0.436334644 0.416716807 0.398972364 0.422438342 0.364879710 0.368232541 0.398703169 0.447882883 0.578960283 
49     0.267803020 0.298021591 0.306911119 0.313479514 0.273790519 0.219126050 0.226241242 0.234282501 0.200952273 0.181367345 0.181160886 0.266853415 0.274438301 0.267679814 0.254319251 0.251161111 0.000000000 0.180382634 0.188166147 0.128580436 0.136122360 0.162897594 0.145578050 0.145666074 0.254722246 0.290692101 0.276500093 0.223966830 0.195638990 0.230971063 0.277270599 0.265367891 0.278422833 0.266484128 0.261681294 0.314617423 0.242156116 0.273915026 0.254852497 0.248992562 0.242448040 0.271221166 0.274533657 0.254893078 0.237171377 0.260637356 0.203063806 0.206427836 0.236908541 0.286043531 0.417249796 
25     0.370855703 0.400983956 0.409813196 0.416381590 0.376843201 0.322289593 0.329387995 0.337429254 0.304115629 0.284530701 0.284324242 0.370017168 0.377602054 0.370843567 0.357272026 0.354017925 0.180382634 0.000000000 0.096385337 0.225173040 0.232816813 0.259362193 0.241897315 0.241658624 0.357932487 0.393902343 0.379663562 0.327248224 0.298890200 0.334127339 0.380573739 0.368656477 0.381711420 0.369772714 0.364969880 0.417906009 0.345438086 0.377203612 0.358141083 0.352281148 0.345611509 0.374384635 0.377697126 0.358095573 0.340334846 0.363800825 0.306433248 0.309797277 0.340277982 0.389412972 0.520482491 
23     0.378423522 0.408551775 0.417381015 0.423949410 0.384411021 0.329857413 0.336955814 0.344997074 0.311683448 0.292098521 0.291892061 0.377584987 0.385169874 0.378411386 0.364693515 0.361419798 0.188166147 0.096385337 0.000000000 0.232619516 0.240069014 0.266612460 0.249094652 0.248855961 0.365500306 0.401470162 0.387231382 0.334816043 0.306458019 0.341695158 0.388141558 0.376224296 0.389279239 0.377340534 0.372537700 0.425473828 0.353005905 0.384771432 0.365708903 0.359848968 0.353179328 0.381952454 0.385264946 0.365663392 0.347902666 0.371368644 0.314001067 0.317365097 0.347845801 0.396980791 0.528050310 
36     0.319245161 0.349459496 0.358353260 0.364921654 0.325232659 0.270402601 0.277680147 0.285721407 0.252402144 0.232817216 0.232610757 0.318304175 0.325889061 0.319130081 0.305227186 0.302077720 0.128580436 0.225173040 0.232619516 0.000000000 0.090164465 0.116257019 0.100086974 0.100056627 0.306249548 0.342219403 0.327947379 0.275406923 0.246941382 0.282411156 0.328722990 0.316815176 0.329870119 0.317931414 0.313128580 0.366064709 0.293492700 0.325362312 0.306299783 0.300439848 0.293896329 0.322669455 0.325981947 0.306448335 0.288619667 0.312085645 0.254592472 0.257956502 0.288418867 0.337572196 0.468725727 
11     0.326564760 0.356779095 0.365672859 0.372241253 0.332552259 0.277714896 0.284999746 0.293041006 0.259721743 0.240136815 0.239930356 0.325623774 0.333208660 0.326449680 0.312789964 0.309548190 0.136122360 0.232816813 0.240069014 0.090164465 0.000000000 0.107809449 0.091613199 0.091449503 0.313569147 0.349539002 0.335266978 0.282726522 0.254260982 0.289730755 0.336042589 0.324134775 0.337189718 0.325251013 0.320448179 0.373384308 0.300923001 0.332681911 0.313619382 0.307759447 0.301215928 0.329989054 0.333301546 0.313699992 0.295939266 0.319405244 0.261912071 0.265276101 0.295738466 0.344891795 0.476045326 
35     0.353019047 0.383233383 0.392127146 0.398695540 0.359006546 0.304142807 0.311454033 0.319495293 0.286176030 0.266591103 0.266384643 0.352078061 0.359662948 0.352903968 0.339846631 0.336604857 0.162897594 0.259362193 0.266612460 0.116257019 0.107809449 0.000000000 0.074604190 0.075162823 0.340023434 0.375993290 0.361721266 0.309180810 0.280715269 0.316185042 0.362496877 0.350589063 0.363644006 0.351705300 0.346902466 0.399838595 0.327377288 0.359136198 0.340073669 0.334213735 0.327670215 0.356443342 0.359755833 0.340222221 0.322393553 0.345859531 0.288366359 0.291730388 0.322189260 0.371346083 0.502499613 
46     0.335794279 0.366008615 0.374902378 0.381470772 0.341781778 0.286918039 0.294229265 0.302270525 0.268947625 0.249362698 0.249156238 0.334580805 0.342347560 0.335678765 0.322268524 0.319026750 0.145578050 0.241897315 0.249094652 0.100086974 0.091613199 0.074604190 0.000000000 0.025693953 0.322802115 0.358771971 0.344497945 0.291957489 0.263491949 0.298961722 0.345273556 0.333365742 0.346420685 0.334481980 0.329679146 0.382615275 0.310045113 0.341912878 0.322850349 0.316990414 0.310446895 0.339220022 0.342532513 0.322998901 0.305170233 0.328636211 0.271143038 0.274507068 0.304965939 0.354122762 0.485274845 
24     0.335696893 0.365911229 0.374804992 0.381373387 0.341684392 0.286820653 0.294131879 0.302173139 0.268850240 0.249265312 0.249058852 0.334483419 0.342250174 0.335581380 0.322344988 0.319103214 0.145666074 0.241658624 0.248855961 0.100056627 0.091449503 0.075162823 0.025693953 0.000000000 0.322704729 0.358674585 0.344400559 0.291860104 0.263394563 0.298864336 0.345176171 0.333268357 0.346323300 0.334384594 0.329581760 0.382517889 0.309947727 0.341815492 0.322752963 0.316893029 0.310349509 0.339122636 0.342435127 0.322901515 0.305072847 0.328538825 0.271045652 0.274409682 0.304868554 0.354025377 0.485177459 
16     0.297625642 0.327802437 0.336696200 0.343264595 0.303319259 0.246923965 0.253956561 0.262052502 0.230432491 0.210847589 0.210641130 0.295974249 0.303412758 0.295720006 0.419664788 0.416470705 0.254722246 0.357932487 0.365500306 0.306249548 0.313569147 0.340023434 0.322802115 0.322704729 0.000000000 0.116670705 0.286916282 0.234770422 0.206494442 0.241826191 0.288136977 0.276137165 0.289192108 0.277240331 0.272305235 0.325199334 0.253058543 0.284713680 0.265651151 0.259782765 0.254400411 0.283197831 0.286522691 0.266884832 0.248952428 0.272624173 0.213827672 0.217172501 0.247876607 0.296896800 0.446412535 
13     0.333561178 0.363737973 0.372631736 0.379200131 0.339376742 0.282859501 0.289892097 0.297988038 0.266368485 0.246783584 0.246577124 0.331910243 0.339348752 0.331656000 0.455763550 0.452569467 0.290692101 0.393902343 0.401470162 0.342219403 0.349539002 0.375993290 0.358771971 0.358674585 0.116670705 0.000000000 0.322867448 0.270822929 0.242539577 0.277864515 0.324166850 0.312167038 0.325221981 0.313270204 0.308335108 0.361229207 0.289096867 0.320743553 0.301681024 0.295821089 0.290304040 0.319101460 0.322426320 0.302799868 0.284867464 0.308527802 0.249731301 0.253076129 0.283780236 0.332800429 0.482348071 
21     0.319638310 0.349828238 0.358722001 0.365290395 0.325630988 0.269671290 0.276626174 0.284487005 0.251498529 0.231913627 0.231707168 0.317796522 0.325226989 0.317991474 0.441461499 0.438267416 0.276500093 0.379663562 0.387231382 0.327947379 0.335266978 0.361721266 0.344497945 0.344400559 0.286916282 0.322867448 0.000000000 0.215911120 0.187965308 0.222825468 0.269626809 0.257604747 0.270679883 0.258375063 0.253635079 0.306131901 0.233939217 0.265459121 0.246414163 0.240733656 0.251816773 0.280775642 0.284132576 0.264636447 0.246554975 0.270570210 0.213458935 0.216827415 0.247500153 0.296229342 0.467066413 
32     0.267174476 0.297428625 0.306322388 0.312890782 0.273221491 0.217283720 0.224238603 0.232321525 0.199465807 0.179880905 0.179674446 0.265766957 0.273196099 0.265780579 0.388921044 0.385726960 0.223966830 0.327248224 0.334816043 0.275406923 0.282726522 0.309180810 0.291957489 0.291860104 0.234770422 0.270822929 0.215911120 0.000000000 0.066023633 0.110051759 0.178561313 0.166446478 0.179451847 0.167707576 0.162523346 0.214551947 0.143023154 0.174398911 0.155377893 0.149558277 0.200936864 0.229900974 0.233257969 0.213587681 0.195506398 0.218928162 0.160930439 0.164211412 0.194746867 0.243451867 0.414222598 
33     0.238848975 0.269103124 0.277996887 0.284565281 0.244897184 0.188997042 0.195951926 0.204056540 0.171084152 0.151499251 0.151292791 0.237385303 0.244814445 0.237398924 0.360582445 0.357388362 0.195638990 0.298890200 0.306458019 0.246941382 0.254260982 0.280715269 0.263491949 0.263394563 0.206494442 0.242539577 0.187965308 0.066023633 0.000000000 0.082116464 0.150347143 0.138070875 0.151064907 0.139585463 0.134371371 0.187202897 0.115600256 0.147211346 0.128113783 0.122104636 0.172490796 0.201454905 0.204811901 0.185214980 0.167133697 0.190555461 0.132686715 0.135967687 0.166503143 0.215230141 0.386279316 
30     0.274126291 0.304380440 0.313274203 0.319842598 0.280173306 0.224184671 0.231139555 0.239077420 0.206391613 0.186806712 0.186600253 0.272692764 0.280121906 0.272706385 0.395925276 0.392731193 0.230971063 0.334127339 0.341695158 0.282411156 0.289730755 0.316185042 0.298961722 0.298864336 0.241826191 0.277864515 0.222825468 0.110051759 0.082116464 0.000000000 0.185257307 0.173132670 0.186362984 0.174041639 0.168891037 0.221855257 0.149813442 0.181200315 0.162215608 0.156386447 0.207649575 0.236613684 0.239970680 0.220329759 0.202248476 0.225691715 0.168278025 0.171490937 0.202115782 0.250746493 0.421567311 
45     0.320200147 0.350415279 0.359332653 0.365901047 0.326008280 0.270425252 0.277380136 0.285464875 0.252645828 0.233060926 0.232854467 0.318887341 0.326265884 0.318903932 0.441961990 0.438767907 0.277270599 0.380573739 0.388141558 0.328722990 0.336042589 0.362496877 0.345273556 0.345176171 0.288136977 0.324166850 0.269626809 0.178561313 0.150347143 0.185257307 0.000000000 0.083831267 0.098271349 0.144745681 0.148624314 0.261142700 0.188862173 0.220331556 0.201417656 0.195508613 0.253745438 0.282707461 0.286051479 0.266371059 0.248283106 0.271893699 0.213262210 0.216413983 0.247019646 0.295963444 0.467620505 
39     0.308196434 0.338411566 0.347328940 0.353897334 0.314004567 0.258421539 0.265376423 0.273461162 0.240642115 0.221057214 0.220850754 0.306883629 0.314242731 0.306900219 0.430329297 0.427135214 0.265367891 0.368656477 0.376224296 0.316815176 0.324134775 0.350589063 0.333365742 0.333268357 0.276137165 0.312167038 0.257604747 0.166446478 0.138070875 0.173132670 0.083831267 0.000000000 0.052602028 0.133677118 0.136475781 0.249034098 0.176501541 0.207970924 0.189057023 0.183147981 0.241711355 0.270673378 0.274017396 0.254336976 0.236249023 0.259859616 0.201232110 0.204365735 0.234989545 0.283933343 0.455616792 
15     0.321251377 0.351466509 0.360383883 0.366952277 0.327059510 0.271476482 0.278431366 0.286516105 0.253697058 0.234112156 0.233905697 0.319938571 0.327343736 0.319955162 0.443384239 0.440190156 0.278422833 0.381711420 0.389279239 0.329870119 0.337189718 0.363644006 0.346420685 0.346323300 0.289192108 0.325221981 0.270679883 0.179451847 0.151064907 0.186362984 0.098271349 0.052602028 0.000000000 0.146570657 0.149351022 0.262082566 0.189528698 0.220998081 0.202084180 0.196175138 0.254770956 0.283732978 0.287076996 0.267395611 0.249307658 0.272918251 0.214289465 0.217423090 0.248046900 0.296990698 0.468671735 
26     0.309312672 0.339527804 0.348445178 0.355013572 0.315120805 0.259537777 0.266492660 0.274577400 0.241758353 0.222173451 0.221966992 0.307999866 0.315405031 0.308016456 0.431445534 0.428251451 0.266484128 0.369772714 0.377340534 0.317931414 0.325251013 0.351705300 0.334481980 0.334384594 0.277240331 0.313270204 0.258375063 0.167707576 0.139585463 0.174041639 0.144745681 0.133677118 0.146570657 0.000000000 0.137356627 0.250083547 0.177803779 0.209201590 0.190319282 0.184469059 0.242740962 0.271702985 0.275047003 0.255365618 0.237277665 0.260888258 0.202687871 0.205825887 0.236424321 0.285187971 0.456733030 
27     0.304518087 0.334733219 0.343650593 0.350218987 0.310326220 0.254744145 0.261699029 0.269783768 0.236971717 0.217386816 0.217180356 0.303213231 0.310618395 0.303229821 0.426642700 0.423448617 0.261681294 0.364969880 0.372537700 0.313128580 0.320448179 0.346902466 0.329679146 0.329581760 0.272305235 0.308335108 0.253635079 0.162523346 0.134371371 0.168891037 0.148624314 0.136475781 0.149351022 0.137356627 0.000000000 0.245209588 0.172916707 0.204404483 0.185444529 0.179653170 0.237961336 0.266923358 0.270267376 0.250559424 0.232471471 0.256082064 0.197902027 0.201032373 0.231638476 0.280443070 0.451939398 
31     0.357157389 0.387411538 0.396328912 0.402897306 0.363256189 0.307425519 0.314404698 0.322290224 0.289915772 0.270330870 0.270124411 0.356157285 0.363565710 0.356119511 0.479578829 0.476384746 0.314617423 0.417906009 0.425473828 0.366064709 0.373384308 0.399838595 0.382615275 0.382517889 0.325199334 0.361229207 0.306131901 0.214551947 0.187202897 0.221855257 0.261142700 0.249034098 0.262082566 0.250083547 0.245209588 0.000000000 0.196184120 0.227463740 0.208520006 0.202225604 0.290661870 0.319625278 0.322982273 0.303417236 0.285329283 0.308801137 0.251315841 0.254422032 0.285054476 0.333718150 0.504667216 
43     0.285081871 0.315336020 0.324253394 0.330821788 0.290330244 0.235472506 0.242427389 0.250340102 0.217661619 0.198076718 0.197870258 0.283901955 0.291310380 0.283917768 0.407112631 0.403918548 0.242156116 0.345438086 0.353005905 0.293492700 0.300923001 0.327377288 0.310045113 0.309947727 0.253058543 0.289096867 0.233939217 0.143023154 0.115600256 0.149813442 0.188862173 0.176501541 0.189528698 0.177803779 0.172916707 0.196184120 0.000000000 0.077605167 0.056180439 0.070148648 0.218410263 0.247372286 0.250729281 0.231178606 0.213090653 0.236564579 0.178979664 0.182104308 0.212716110 0.261497705 0.432515590 
10     0.316722368 0.346976517 0.355893891 0.362462285 0.322092702 0.267044504 0.273999388 0.281912100 0.249230742 0.229645841 0.229439381 0.315471078 0.322879503 0.315486891 0.438876432 0.435682349 0.273915026 0.377203612 0.384771432 0.325362312 0.332681911 0.359136198 0.341912878 0.341815492 0.284713680 0.320743553 0.265459121 0.174398911 0.147211346 0.181200315 0.220331556 0.207970924 0.220998081 0.209201590 0.204404483 0.227463740 0.077605167 0.000000000 0.086411692 0.101762384 0.249980255 0.278942277 0.282299273 0.262748597 0.244660644 0.268146472 0.210622735 0.213747380 0.244359182 0.293140776 0.464101975 
20     0.297659839 0.327913988 0.336831362 0.343399756 0.302905338 0.247981975 0.254936859 0.262849571 0.230168213 0.210583312 0.210376852 0.296408549 0.303816974 0.296424362 0.419813903 0.416619820 0.254852497 0.358141083 0.365708903 0.306299783 0.313619382 0.340073669 0.322850349 0.322752963 0.265651151 0.301681024 0.246414163 0.155377893 0.128113783 0.162215608 0.201417656 0.189057023 0.202084180 0.190319282 0.185444529 0.208520006 0.056180439 0.086411692 0.000000000 0.083335420 0.230912950 0.259874973 0.263231968 0.243681293 0.225593340 0.249079168 0.191563821 0.194688465 0.225300267 0.274081862 0.445039446 
22     0.291799904 0.322054053 0.330971427 0.337539821 0.297898705 0.242122040 0.249076924 0.256989636 0.224308278 0.204723377 0.204516918 0.290548615 0.297957040 0.290564427 0.413953968 0.410759885 0.248992562 0.352281148 0.359848968 0.300439848 0.307759447 0.334213735 0.316990414 0.316893029 0.259782765 0.295821089 0.240733656 0.149558277 0.122104636 0.156386447 0.195508613 0.183147981 0.196175138 0.184469059 0.179653170 0.202225604 0.070148648 0.101762384 0.083335420 0.000000000 0.225048066 0.254010088 0.257367084 0.237742076 0.219619335 0.243175402 0.185670173 0.188794817 0.219406619 0.268197692 0.439179511 
42     0.285802950 0.316062298 0.324956062 0.331524456 0.292043984 0.235788729 0.242743613 0.250860844 0.218220286 0.198635384 0.198428925 0.284308773 0.291754743 0.284405248 0.407443109 0.404249026 0.242448040 0.345611509 0.353179328 0.293896329 0.301215928 0.327670215 0.310446895 0.310349509 0.254400411 0.290304040 0.251816773 0.200936864 0.172490796 0.207649575 0.253745438 0.241711355 0.254770956 0.242740962 0.237961336 0.290661870 0.218410263 0.249980255 0.230912950 0.225048066 0.000000000 0.108988062 0.111840230 0.152715785 0.134212736 0.160178159 0.175654928 0.179179711 0.209978485 0.259461289 0.433315287 
18     0.314564394 0.344823742 0.353717505 0.360285900 0.320805427 0.264564386 0.271519269 0.279636501 0.246894322 0.227309421 0.227102961 0.312757694 0.320221689 0.313074679 0.436216236 0.433022153 0.271221166 0.374384635 0.381952454 0.322669455 0.329989054 0.356443342 0.339220022 0.339122636 0.283197831 0.319101460 0.280775642 0.229900974 0.201454905 0.236613684 0.282707461 0.270673378 0.283732978 0.271702985 0.266923358 0.319625278 0.247372286 0.278942277 0.259874973 0.254010088 0.108988062 0.000000000 0.053836157 0.181374984 0.163058077 0.188714545 0.204592246 0.208103289 0.238915804 0.288467190 0.462066200 
9     0.317882407 0.348141755 0.357035519 0.363603913 0.324123440 0.267882399 0.274837282 0.282954514 0.250208755 0.230623854 0.230417395 0.316072128 0.323536122 0.316389112 0.439528727 0.436334644 0.274533657 0.377697126 0.385264946 0.325981947 0.333301546 0.359755833 0.342532513 0.342435127 0.286522691 0.322426320 0.284132576 0.233257969 0.204811901 0.239970680 0.286051479 0.274017396 0.287076996 0.275047003 0.270267376 0.322982273 0.250729281 0.282299273 0.263231968 0.257367084 0.111840230 0.053836157 0.000000000 0.184682555 0.166361473 0.191961871 0.207852011 0.211363053 0.242236804 0.291708026 0.465384213 
19     0.298442849 0.328663180 0.337556944 0.344125338 0.304683883 0.248202843 0.255157726 0.263274958 0.230844926 0.211260025 0.211053565 0.296933981 0.304379951 0.297030455 0.419910890 0.416716807 0.254893078 0.358095573 0.365663392 0.306448335 0.313699992 0.340222221 0.322998901 0.322901515 0.266884832 0.302799868 0.264636447 0.213587681 0.185214980 0.220329759 0.266371059 0.254336976 0.267395611 0.255365618 0.250559424 0.303417236 0.231178606 0.262748597 0.243681293 0.237742076 0.152715785 0.181374984 0.184682555 0.000000000 0.109854656 0.171867746 0.188697861 0.192113438 0.222729641 0.272627201 0.445842945 
12     0.280640135 0.310860466 0.319754230 0.326322624 0.286881169 0.230460212 0.237415095 0.245538095 0.213171342 0.193586440 0.193379981 0.279260396 0.286706366 0.279356870 0.402166447 0.398972364 0.237171377 0.340334846 0.347902666 0.288619667 0.295939266 0.322393553 0.305170233 0.305072847 0.248952428 0.284867464 0.246554975 0.195506398 0.167133697 0.202248476 0.248283106 0.236249023 0.249307658 0.237277665 0.232471471 0.285329283 0.213090653 0.244660644 0.225593340 0.219619335 0.134212736 0.163058077 0.166361473 0.109854656 0.000000000 0.153837671 0.170699945 0.174115522 0.204879079 0.254613173 0.428079912 
41     0.304025337 0.334284685 0.343178449 0.349746843 0.310266371 0.253791285 0.260734831 0.268852063 0.236525586 0.216940685 0.216734225 0.302612549 0.310058519 0.302709023 0.425632425 0.422438342 0.260637356 0.363800825 0.371368644 0.312085645 0.319405244 0.345859531 0.328636211 0.328538825 0.272624173 0.308527802 0.270570210 0.218928162 0.190555461 0.225691715 0.271893699 0.259859616 0.272918251 0.260888258 0.256082064 0.308801137 0.236564579 0.268146472 0.249079168 0.243175402 0.160178159 0.188714545 0.191961871 0.171867746 0.153837671 0.000000000 0.193598914 0.197123697 0.227818644 0.277505403 0.451518562 
44     0.246509792 0.276640310 0.285534073 0.292102467 0.252706175 0.196317104 0.203196953 0.211352967 0.178411057 0.158826156 0.158619696 0.244701437 0.252147320 0.244912845 0.368073793 0.364879710 0.203063806 0.306433248 0.314001067 0.254592472 0.261912071 0.288366359 0.271143038 0.271045652 0.213827672 0.249731301 0.213458935 0.160930439 0.132686715 0.168278025 0.213262210 0.201232110 0.214289465 0.202687871 0.197902027 0.251315841 0.178979664 0.210622735 0.191563821 0.185670173 0.175654928 0.204592246 0.207852011 0.188697861 0.170699945 0.193598914 0.000000000 0.062371095 0.103921521 0.202861893 0.393545902 
48     0.249619096 0.279611046 0.288422909 0.294991303 0.255899618 0.199623688 0.206448441 0.214659550 0.181777162 0.162192261 0.161985802 0.248067543 0.255513425 0.248281897 0.371426624 0.368232541 0.206427836 0.309797277 0.317365097 0.257956502 0.265276101 0.291730388 0.274507068 0.274409682 0.217172501 0.253076129 0.216827415 0.164211412 0.135967687 0.171490937 0.216413983 0.204365735 0.217423090 0.205825887 0.201032373 0.254422032 0.182104308 0.213747380 0.194688465 0.188794817 0.179179711 0.208103289 0.211363053 0.192113438 0.174115522 0.197123697 0.062371095 0.000000000 0.106689989 0.206694834 0.396861543 
29     0.280473195 0.310603713 0.319497476 0.326065870 0.286679332 0.230248858 0.237089552 0.245284721 0.212326590 0.192741688 0.192535229 0.278624008 0.286069945 0.278838809 0.401897252 0.398703169 0.236908541 0.340277982 0.347845801 0.288418867 0.295738466 0.322189260 0.304965939 0.304868554 0.247876607 0.283780236 0.247500153 0.194746867 0.166503143 0.202115782 0.247019646 0.234989545 0.248046900 0.236424321 0.231638476 0.285054476 0.212716110 0.244359182 0.225300267 0.219406619 0.209978485 0.238915804 0.242236804 0.222729641 0.204879079 0.227818644 0.103921521 0.106689989 0.000000000 0.237268740 0.427519196 
50     0.329507765 0.359625020 0.368518783 0.375087178 0.335749909 0.279392107 0.286331037 0.294469991 0.261626545 0.242041643 0.241835184 0.327914058 0.335359941 0.328146801 0.451076966 0.447882883 0.286043531 0.389412972 0.396980791 0.337572196 0.344891795 0.371346083 0.354122762 0.354025377 0.296896800 0.332800429 0.296229342 0.243451867 0.215230141 0.250746493 0.295963444 0.283933343 0.296990698 0.285187971 0.280443070 0.333718150 0.261497705 0.293140776 0.274081862 0.268197692 0.259461289 0.288467190 0.291708026 0.272627201 0.254613173 0.277505403 0.202861893 0.206694834 0.237268740 0.000000000 0.476552063 
0     0.417125747 0.447546397 0.456284645 0.462853039 0.424246746 0.369529498 0.376797437 0.384922085 0.390167760 0.370583308 0.370376849 0.455456555 0.462958632 0.455986721 0.582154366 0.578960283 0.417249796 0.520482491 0.528050310 0.468725727 0.476045326 0.502499613 0.485274845 0.485177459 0.446412535 0.482348071 0.467066413 0.414222598 0.386279316 0.421567311 0.467620505 0.455616792 0.468671735 0.456733030 0.451939398 0.504667216 0.432515590 0.464101975 0.445039446 0.439179511 0.433315287 0.462066200 0.465384213 0.445842945 0.428079912 0.451518562 0.393545902 0.396861543 0.427519196 0.476552063 0.000000000 
