51
6     0.000000000 0.009171850 0.006505470 0.005009520 0.000441210 0.010753640 0.013632180 0.011916780 0.005266860 0.006680480 0.008878680 0.001729380 0.005756980 0.005600070 0.003423600 0.034425300 0.003962050 0.039010260 0.039284600 0.023647620 0.059126730 0.030547270 0.030128980 0.030031670 0.006222620 0.008567950 0.016930630 0.022477770 0.007079410 0.005892090 0.038659470 0.029620360 0.029388140 0.054026460 0.022382450 0.026035260 0.033712820 0.045571580 0.037294890 0.050290470 0.005406660 0.005444360 0.005294780 0.035941620 0.005522540 0.002090080 0.000837850 0.006080910 0.009611570 0.005376660 0.012130340 
4     0.009171850 0.000000000 0.002168780 0.006597650 0.002322700 0.030556020 0.015701980 0.025977990 0.004480730 0.004526840 0.024587320 0.004725120 0.004511130 0.017449330 0.026448990 0.054058370 0.011212410 0.017908830 0.018183170 0.014928010 0.061487920 0.040233700 0.059274700 0.059221880 0.015334590 0.020655010 0.027587340 0.043945410 0.028547050 0.027359730 0.043809940 0.031986500 0.050855780 0.046786670 0.043850090 0.047502900 0.040855470 0.032174130 0.041502620 0.040874520 0.026874300 0.026912000 0.026762420 0.047189100 0.026990180 0.023557720 0.022305490 0.027548550 0.031079210 0.017774020 0.017280810 
3     0.006505470 0.002168780 0.000000000 0.000260220 0.005849920 0.018990830 0.023171370 0.024935070 0.025963210 0.026009320 0.036641100 0.023758100 0.019550250 0.038048690 0.025406070 0.056192020 0.032694890 0.039391310 0.039665650 0.056748100 0.066296630 0.067892330 0.063868210 0.063815390 0.014283420 0.016538480 0.013387020 0.025746110 0.028296320 0.035503150 0.051757140 0.030943580 0.053285320 0.045496140 0.043057460 0.041824970 0.039812550 0.031131210 0.026254030 0.039831600 0.038684390 0.048521530 0.049514400 0.047781670 0.045135870 0.028521310 0.037278320 0.019109110 0.038395250 0.048315390 0.022186130 
5     0.005009520 0.006597650 0.000260220 0.000000000 0.009744900 0.022885810 0.031155230 0.029417190 0.042923700 0.039523300 0.041658200 0.017694910 0.031438170 0.040381800 0.034444200 0.050128830 0.040808020 0.056351800 0.056626140 0.042076770 0.065483590 0.067382460 0.066130380 0.066077560 0.021015330 0.032683050 0.035582550 0.039975680 0.039460270 0.054285240 0.045693950 0.036098960 0.047222130 0.039432950 0.036994270 0.060997230 0.048850680 0.040169340 0.049497830 0.048869730 0.052068690 0.058356540 0.053814170 0.054044780 0.053493520 0.042688690 0.042190730 0.027179220 0.042290230 0.042365500 0.038826560 
7     0.000441210 0.002322700 0.005849920 0.009744900 0.000000000 0.015810460 0.007743850 0.009507550 0.002942450 0.002988560 0.026768080 0.003186840 0.002972850 0.017736920 0.009978550 0.023718560 0.009674130 0.016370550 0.016644890 0.005060860 0.054989700 0.030366550 0.045030000 0.044942970 0.006658770 0.011979190 0.011116900 0.033999280 0.024435140 0.023247820 0.036816140 0.015516060 0.041245730 0.033456550 0.031017870 0.043390990 0.024385030 0.015703690 0.025032180 0.024404080 0.022762390 0.022800090 0.022650510 0.040157020 0.022878270 0.019445810 0.018193580 0.023436640 0.026967300 0.019954780 0.010287010 
8     0.010753640 0.030556020 0.018990830 0.022885810 0.015810460 0.000000000 0.001371440 0.003107320 0.025441070 0.015426300 0.020173200 0.014257230 0.018731560 0.012539270 0.011443550 0.043795610 0.019833010 0.035101720 0.042324220 0.032846480 0.035447940 0.040678040 0.030977700 0.036640620 0.025991090 0.031867250 0.012581900 0.027971520 0.018215950 0.024270940 0.040259160 0.016981060 0.040382860 0.029302940 0.033642340 0.015234750 0.025850030 0.017168690 0.026497180 0.025869080 0.028496640 0.036759340 0.036942220 0.029604330 0.029053070 0.017825840 0.017327880 0.018747680 0.018726950 0.020628490 0.012551640 
2     0.013632180 0.015701980 0.023171370 0.031155230 0.007743850 0.001371440 0.000000000 0.000591030 0.015264930 0.015311040 0.023623530 0.015509320 0.012923510 0.022281000 0.003376940 0.035729000 0.012924940 0.028693030 0.028967370 0.035395770 0.037587310 0.038822790 0.040336520 0.039755440 0.020362400 0.023383530 0.004515290 0.032254210 0.018869840 0.023944130 0.028485790 0.008914450 0.042092920 0.037565820 0.039625020 0.037099480 0.017783420 0.009102080 0.018430570 0.017802470 0.027033200 0.038469400 0.038652280 0.031314390 0.030763130 0.020375130 0.017389700 0.008345940 0.018719470 0.023668540 0.007980900 
1     0.011916780 0.025977990 0.024935070 0.029417190 0.009507550 0.003107320 0.000591030 0.000000000 0.020244810 0.025255600 0.025064080 0.019796930 0.022903420 0.019195800 0.005140640 0.037492700 0.014688640 0.034516330 0.040945830 0.035178410 0.035939720 0.041169820 0.037430160 0.036130000 0.030342310 0.032633190 0.006278990 0.033694760 0.023755650 0.027688340 0.038465700 0.010678150 0.043533470 0.033940380 0.040478480 0.036555370 0.019547120 0.010865780 0.020194270 0.019566170 0.027911250 0.039909950 0.040092830 0.032754940 0.032203680 0.023365540 0.019153400 0.024922990 0.028250860 0.020043100 0.017960810 
14     0.005266860 0.004480730 0.025963210 0.042923700 0.002942450 0.025441070 0.015264930 0.020244810 0.000000000 0.000110250 0.001572560 0.000390830 0.000176840 0.000510970 0.053038830 0.052858350 0.009325480 0.016021900 0.016296240 0.032680330 0.041032940 0.043824560 0.045349470 0.041779330 0.009182480 0.039396950 0.032001130 0.032595060 0.031028000 0.028515690 0.031329810 0.040034400 0.030355930 0.042280470 0.037240020 0.048257820 0.024268090 0.040792790 0.039353910 0.037854210 0.032044790 0.027618670 0.039324770 0.035449620 0.025768660 0.030637890 0.022422630 0.011523860 0.035453340 0.001332300 0.040766310 
47     0.006680480 0.004526840 0.026009320 0.039523300 0.002988560 0.015426300 0.015311040 0.025255600 0.000110250 0.000000000 0.000001270 0.000436940 0.000222950 0.001924590 0.036646710 0.036611390 0.009371590 0.016068010 0.016342350 0.030811110 0.035341520 0.041955340 0.039658050 0.039910110 0.010596100 0.022904620 0.023508980 0.026903640 0.025455970 0.029272170 0.034356610 0.034233940 0.033382730 0.036339210 0.037959790 0.037846160 0.025024570 0.034992330 0.033662490 0.032162790 0.026353370 0.036804170 0.033615710 0.029649160 0.025189430 0.028768670 0.020564470 0.012937480 0.022091770 0.002745920 0.040941880 
40     0.008878680 0.024587320 0.036641100 0.041658200 0.026768080 0.020173200 0.023623530 0.025064080 0.001572560 0.000001270 0.000000000 0.005746460 0.008135600 0.001946180 0.039943780 0.039908460 0.021062130 0.033743330 0.031362150 0.030189420 0.036781130 0.041333650 0.041097660 0.039288420 0.016653680 0.035741010 0.025643880 0.028343250 0.025600970 0.029698100 0.031128810 0.034042420 0.030154930 0.035813280 0.037039020 0.037773880 0.025753770 0.034800810 0.033590810 0.033602400 0.027792980 0.036612650 0.035750610 0.029457640 0.026629040 0.028146980 0.022004080 0.018995060 0.024226670 0.008803500 0.041276510 
34     0.001729380 0.004725120 0.023758100 0.017694910 0.003186840 0.014257230 0.015509320 0.019796930 0.000390830 0.000436940 0.005746460 0.000000000 0.000000310 0.001001400 0.002923700 0.036846500 0.003462150 0.016266290 0.016540630 0.021496490 0.047753450 0.030047370 0.015882190 0.015768260 0.009672910 0.008068050 0.033296910 0.033444540 0.019844160 0.032382480 0.031171860 0.033084810 0.044207980 0.036418800 0.033980120 0.037258500 0.029046660 0.047622100 0.032052590 0.042547280 0.037211740 0.046688550 0.040745470 0.038366810 0.035177490 0.019454050 0.018956090 0.012014290 0.024693850 0.001822730 0.039101660 
38     0.005756980 0.004511130 0.019550250 0.031438170 0.002972850 0.018731560 0.012923510 0.022903420 0.000176840 0.000222950 0.008135600 0.000000310 0.000000000 0.001001090 0.029170700 0.059669090 0.009355880 0.016052300 0.016326640 0.025970820 0.051314450 0.037115050 0.041235570 0.035069820 0.008013990 0.013334410 0.031393280 0.028079550 0.013337370 0.018411660 0.022953320 0.006774330 0.046576970 0.025530200 0.031199340 0.044642510 0.033520990 0.040716890 0.036526920 0.029793500 0.029776260 0.029813960 0.029664380 0.022146120 0.029892140 0.023928380 0.008937930 0.012013980 0.015627880 0.001822420 0.017445910 
17     0.005600070 0.017449330 0.038048690 0.040381800 0.017736920 0.012539270 0.022281000 0.019195800 0.000510970 0.001924590 0.001946180 0.001001400 0.001001090 0.000000000 0.022139200 0.055283480 0.015465100 0.030816370 0.031090710 0.038657320 0.044898620 0.049262870 0.041111820 0.039811660 0.009515690 0.027283550 0.026956090 0.034593280 0.031797660 0.036647240 0.025151230 0.040263680 0.049846130 0.035286690 0.029365250 0.038536280 0.039958180 0.036327420 0.041507300 0.042020760 0.031592910 0.025332250 0.037038350 0.031621330 0.023482240 0.030305250 0.030422440 0.011857070 0.021826450 0.001665510 0.036188920 
28     0.003423600 0.026448990 0.025406070 0.034444200 0.009978550 0.011443550 0.003376940 0.005140640 0.053038830 0.036646710 0.039943780 0.002923700 0.029170700 0.022139200 0.000000000 0.000073460 0.000800790 0.020928810 0.013878170 0.020486360 0.040276000 0.027386010 0.018319940 0.017431560 0.042496780 0.006563710 0.006745090 0.050777260 0.037020910 0.051452240 0.012068580 0.011144250 0.074592850 0.066803670 0.052810150 0.049923810 0.020013220 0.011331880 0.020660370 0.020032270 0.029263000 0.064532370 0.062062690 0.062887280 0.068983050 0.053552460 0.019619500 0.059828770 0.008585340 0.002815200 0.043173850 
37     0.034425300 0.054058370 0.056192020 0.050128830 0.023718560 0.043795610 0.035729000 0.037492700 0.052858350 0.036611390 0.039908460 0.036846500 0.059669090 0.055283480 0.000073460 0.000000000 0.016612930 0.029083710 0.013785780 0.038414570 0.022468800 0.043428980 0.030273410 0.037417080 0.048569120 0.040486510 0.039097150 0.056795230 0.059540980 0.062221820 0.021735150 0.043496310 0.076641900 0.068852720 0.066414040 0.068304000 0.052365280 0.043683940 0.053012430 0.052384330 0.061615060 0.065471330 0.060928960 0.070692050 0.068054670 0.053659280 0.051437280 0.059031200 0.007787770 0.036738000 0.043138530 
49     0.003962050 0.011212410 0.032694890 0.040808020 0.009674130 0.019833010 0.012924940 0.014688640 0.009325480 0.009371590 0.021062130 0.003462150 0.009355880 0.015465100 0.000800790 0.016612930 0.000000000 0.006993740 0.004935790 0.007099400 0.002848060 0.015573810 0.011517280 0.003395880 0.033063590 0.007102160 0.016293090 0.033227150 0.017828790 0.016641470 0.044947520 0.020692250 0.040137520 0.043142640 0.033131830 0.036784640 0.029395900 0.020879880 0.030208370 0.029580270 0.016156040 0.016193740 0.016044160 0.009359070 0.016271920 0.012839460 0.011587230 0.016830290 0.020360950 0.003353650 0.027511400 
25     0.039010260 0.017908830 0.039391310 0.056351800 0.016370550 0.035101720 0.028693030 0.034516330 0.016021900 0.016068010 0.033743330 0.016266290 0.016052300 0.030816370 0.020928810 0.029083710 0.006993740 0.000000000 0.000349180 0.008306460 0.008138090 0.003131010 0.003166430 0.003159040 0.044201130 0.048177530 0.045026070 0.042582600 0.041080780 0.037748680 0.054549810 0.064733870 0.070927620 0.047901430 0.068132580 0.050516420 0.033501080 0.065492260 0.057893080 0.058929100 0.041872300 0.051080780 0.052583960 0.048391890 0.052165280 0.053639100 0.044224160 0.049141020 0.049251130 0.034004150 0.049716580 
23     0.039284600 0.018183170 0.039665650 0.056626140 0.016644890 0.042324220 0.028967370 0.040945830 0.016296240 0.016342350 0.031362150 0.016540630 0.016326640 0.031090710 0.013878170 0.013785780 0.004935790 0.000349180 0.000000000 0.008467540 0.008299170 0.003292090 0.003327510 0.003320120 0.032198160 0.035219290 0.062884080 0.040201420 0.030705600 0.035367500 0.040321550 0.067741240 0.074352000 0.055123930 0.058974370 0.057738920 0.031119900 0.068491920 0.062059230 0.056547920 0.046789960 0.048699600 0.050202780 0.050990540 0.049784100 0.049460690 0.032904780 0.034912760 0.039422540 0.037137640 0.035488320 
36     0.023647620 0.014928010 0.056748100 0.042076770 0.005060860 0.032846480 0.035395770 0.035178410 0.032680330 0.030811110 0.030189420 0.021496490 0.025970820 0.038657320 0.020486360 0.038414570 0.007099400 0.008306460 0.008467540 0.000000000 0.000168590 0.000055690 0.000030890 0.000030890 0.045191060 0.026787730 0.050017520 0.046179110 0.038357190 0.039901810 0.057074990 0.052477760 0.056304980 0.058701450 0.057541670 0.058757430 0.005330450 0.050797850 0.049705370 0.048044270 0.047603130 0.055344970 0.055553930 0.051265890 0.045650170 0.038043300 0.037545340 0.037136460 0.040464330 0.023039220 0.050086930 
11     0.059126730 0.061487920 0.066296630 0.065483590 0.054989700 0.035447940 0.037587310 0.035939720 0.041032940 0.035341520 0.036781130 0.047753450 0.051314450 0.044898620 0.040276000 0.022468800 0.002848060 0.008138090 0.008299170 0.000168590 0.000000000 0.000432050 0.000407250 0.000407250 0.045952370 0.059807320 0.049436820 0.046940420 0.039118500 0.040663120 0.057836300 0.053239070 0.057066290 0.059625390 0.058302980 0.064699440 0.048768650 0.051559160 0.050466680 0.048805580 0.048486410 0.056106280 0.056315240 0.051613920 0.046411480 0.051605830 0.040191470 0.037897770 0.041225640 0.048146700 0.050848240 
35     0.030547270 0.040233700 0.067892330 0.067382460 0.030366550 0.040678040 0.038822790 0.041169820 0.043824560 0.041955340 0.041333650 0.030047370 0.037115050 0.049262870 0.027386010 0.043428980 0.015573810 0.003131010 0.003292090 0.000055690 0.000432050 0.000000000 0.000032880 0.000032880 0.051182470 0.033687380 0.048376610 0.043151640 0.040549110 0.043687900 0.063066400 0.057546750 0.057855920 0.042788660 0.062718380 0.069901660 0.053998750 0.056789260 0.049604570 0.054035680 0.053738580 0.061336380 0.061545340 0.054407750 0.051641580 0.049187530 0.045421570 0.043127870 0.046455740 0.029938870 0.056078340 
46     0.030128980 0.059274700 0.063868210 0.066130380 0.045030000 0.030977700 0.040336520 0.037430160 0.045349470 0.039658050 0.041097660 0.015882190 0.041235570 0.041111820 0.018319940 0.030273410 0.011517280 0.003166430 0.003327510 0.000030890 0.000407250 0.000032880 0.000000000 0.000000000 0.048493930 0.033269090 0.043711090 0.038486120 0.035883590 0.039022380 0.060585510 0.052881230 0.053190400 0.038123140 0.057496130 0.053430250 0.012451890 0.054308370 0.044939050 0.051554790 0.044786130 0.056340510 0.056523390 0.049185500 0.048634240 0.051729980 0.042940680 0.040646980 0.043974850 0.026364340 0.053597450 
24     0.030031670 0.059221880 0.063815390 0.066077560 0.044942970 0.036640620 0.039755440 0.036130000 0.041779330 0.039910110 0.039288420 0.015768260 0.035069820 0.039811660 0.017431560 0.037417080 0.003395880 0.003159040 0.003320120 0.000030890 0.000407250 0.000032880 0.000000000 0.000000000 0.048451790 0.033171780 0.043624060 0.038399090 0.035796560 0.038935350 0.061175980 0.052794200 0.053103370 0.038036110 0.057443310 0.052130090 0.014294560 0.054475850 0.044852020 0.053824850 0.043485970 0.056287690 0.056470570 0.049132680 0.048581420 0.047142300 0.044762740 0.042940260 0.046268130 0.026277310 0.055890730 
16     0.006222620 0.015334590 0.014283420 0.021015330 0.006658770 0.025991090 0.020362400 0.030342310 0.009182480 0.010596100 0.016653680 0.009672910 0.008013990 0.009515690 0.042496780 0.048569120 0.033063590 0.044201130 0.032198160 0.045191060 0.045952370 0.051182470 0.048493930 0.048451790 0.000000000 0.000124700 0.011599390 0.004956600 0.008227600 0.013301890 0.017843550 0.036405230 0.047528400 0.039739220 0.036107540 0.040037340 0.030140210 0.047369430 0.024466400 0.027603830 0.027400980 0.038438840 0.037925900 0.036193170 0.033640100 0.026733680 0.004957820 0.006965800 0.011475580 0.007850360 0.021280880 
13     0.008567950 0.020655010 0.016538480 0.032683050 0.011979190 0.031867250 0.023383530 0.032633190 0.039396950 0.022904620 0.035741010 0.008068050 0.013334410 0.027283550 0.006563710 0.040486510 0.007102160 0.048177530 0.035219290 0.026787730 0.059807320 0.033687380 0.033269090 0.033171780 0.000124700 0.000000000 0.008104560 0.020463650 0.011248730 0.016323020 0.020864680 0.047030760 0.053224510 0.042643240 0.042212560 0.036542510 0.042047550 0.047789150 0.020971570 0.043750000 0.032721400 0.043239070 0.043246320 0.041513590 0.039853410 0.023238850 0.007978950 0.009986930 0.014496710 0.008516770 0.017786050 
21     0.016930630 0.027587340 0.013387020 0.035582550 0.011116900 0.012581900 0.004515290 0.006278990 0.032001130 0.023508980 0.025643880 0.033296910 0.031393280 0.026956090 0.006745090 0.039097150 0.016293090 0.045026070 0.062884080 0.050017520 0.049436820 0.048376610 0.043711090 0.043624060 0.011599390 0.008104560 0.000000000 0.009726300 0.010333590 0.015152890 0.027638190 0.004399180 0.024629200 0.022134100 0.019695420 0.021235070 0.013268150 0.004586810 0.013915300 0.013287200 0.021081290 0.021118990 0.020969410 0.033769800 0.021197170 0.017764710 0.005429670 0.006001970 0.012674750 0.008964800 0.014634590 
32     0.022477770 0.043945410 0.025746110 0.039975680 0.033999280 0.027971520 0.032254210 0.033694760 0.032595060 0.026903640 0.028343250 0.033444540 0.028079550 0.034593280 0.050777260 0.056795230 0.033227150 0.042582600 0.040201420 0.046179110 0.046940420 0.043151640 0.038486120 0.038399090 0.004956600 0.020463650 0.009726300 0.000000000 0.000560830 0.000293310 0.015004810 0.005409820 0.016532990 0.000831890 0.006305130 0.006251800 0.016029370 0.014863530 0.011360380 0.018091950 0.026628430 0.026666130 0.026516550 0.019594660 0.024150540 0.015414220 0.008508370 0.009178760 0.018455770 0.019893840 0.001814390 
33     0.007079410 0.028547050 0.028296320 0.039460270 0.024435140 0.018215950 0.018869840 0.023755650 0.031028000 0.025455970 0.025600970 0.019844160 0.013337370 0.031797660 0.037020910 0.059540980 0.017828790 0.041080780 0.030705600 0.038357190 0.039118500 0.040549110 0.035883590 0.035796560 0.008227600 0.011248730 0.010333590 0.000560830 0.000000000 0.000050330 0.012379570 0.004894410 0.016017580 0.008228400 0.005789720 0.012986730 0.010213920 0.020358940 0.009305180 0.015632080 0.011230070 0.011267770 0.011118190 0.024645640 0.011345950 0.007913490 0.006273380 0.006943770 0.015422760 0.018099620 0.023375050 
30     0.005892090 0.027359730 0.035503150 0.054285240 0.023247820 0.024270940 0.023944130 0.027688340 0.028515690 0.029272170 0.029698100 0.032382480 0.018411660 0.036647240 0.051452240 0.062221820 0.016641470 0.037748680 0.035367500 0.039901810 0.040663120 0.043687900 0.039022380 0.038935350 0.013301890 0.016323020 0.015152890 0.000293310 0.000050330 0.000000000 0.015268380 0.017039750 0.021377830 0.008861910 0.010079570 0.006317830 0.013302260 0.014929560 0.015028840 0.012182140 0.010042750 0.010080450 0.009930870 0.020536900 0.010158630 0.006726170 0.005461720 0.006969160 0.014235440 0.020527890 0.022187730 
45     0.038659470 0.043809940 0.051757140 0.045693950 0.036816140 0.040259160 0.028485790 0.038465700 0.031329810 0.034356610 0.031128810 0.031171860 0.022953320 0.025151230 0.012068580 0.021735150 0.044947520 0.054549810 0.040321550 0.057074990 0.057836300 0.063066400 0.060585510 0.061175980 0.017843550 0.020864680 0.027638190 0.015004810 0.012379570 0.015268380 0.000000000 0.005185160 0.000231550 0.004258670 0.011091500 0.021070040 0.030911620 0.027408490 0.025177240 0.023254330 0.044483570 0.045609180 0.045834020 0.045048450 0.042798270 0.040135570 0.018550170 0.020558150 0.025067930 0.025612110 0.033008190 
39     0.029620360 0.031986500 0.030943580 0.036098960 0.015516060 0.016981060 0.008914450 0.010678150 0.040034400 0.034233940 0.034042420 0.033084810 0.006774330 0.040263680 0.011144250 0.043496310 0.020692250 0.064733870 0.067741240 0.052477760 0.053239070 0.057546750 0.052881230 0.052794200 0.036405230 0.047030760 0.004399180 0.005409820 0.004894410 0.017039750 0.005185160 0.000000000 0.000232260 0.003886390 0.001447710 0.024477040 0.017072650 0.008391310 0.017719800 0.017091700 0.027223230 0.033808720 0.033659140 0.036432700 0.033886900 0.030454440 0.017579730 0.012420760 0.022860600 0.016017120 0.038035500 
15     0.029388140 0.050855780 0.053285320 0.047222130 0.041245730 0.040382860 0.042092920 0.043533470 0.030355930 0.033382730 0.030154930 0.044207980 0.046576970 0.049846130 0.074592850 0.076641900 0.040137520 0.070927620 0.074352000 0.056304980 0.057066290 0.057855920 0.053190400 0.053103370 0.047528400 0.053224510 0.024629200 0.016532990 0.016017580 0.021377830 0.000231550 0.000232260 0.000000000 0.015058360 0.007394230 0.024446710 0.031314960 0.033054040 0.031844040 0.033388630 0.033538800 0.033576500 0.033426920 0.042626450 0.033654680 0.030222220 0.022132720 0.023543930 0.033983770 0.027140290 0.045683780 
26     0.054026460 0.046786670 0.045496140 0.039432950 0.033456550 0.029302940 0.037565820 0.033940380 0.042280470 0.036339210 0.035813280 0.036418800 0.025530200 0.035286690 0.066803670 0.068852720 0.043142640 0.047901430 0.055123930 0.058701450 0.059625390 0.042788660 0.038123140 0.038036110 0.039739220 0.042643240 0.022134100 0.000831890 0.008228400 0.008861910 0.004258670 0.003886390 0.015058360 0.000000000 0.003927940 0.021915360 0.024021970 0.013413630 0.022756830 0.020513090 0.036560120 0.051133270 0.039573020 0.017962560 0.040607700 0.031937610 0.027379650 0.015754750 0.024705410 0.019351110 0.049882710 
27     0.022382450 0.043850090 0.043057460 0.036994270 0.031017870 0.033642340 0.039625020 0.040478480 0.037240020 0.037959790 0.037039020 0.033980120 0.031199340 0.029365250 0.052810150 0.066414040 0.033131830 0.068132580 0.058974370 0.057541670 0.058302980 0.062718380 0.057496130 0.057443310 0.036107540 0.042212560 0.019695420 0.006305130 0.005789720 0.010079570 0.011091500 0.001447710 0.007394230 0.003927940 0.000000000 0.013075810 0.024293020 0.021546940 0.027298950 0.019145480 0.026533110 0.026570810 0.026421230 0.040158550 0.026648990 0.023216530 0.021952080 0.013316070 0.023755910 0.016912430 0.038678090 
31     0.026035260 0.047502900 0.041824970 0.060997230 0.043390990 0.015234750 0.037099480 0.036555370 0.048257820 0.037846160 0.037773880 0.037258500 0.044642510 0.038536280 0.049923810 0.068304000 0.036784640 0.050516420 0.057738920 0.058757430 0.064699440 0.069901660 0.053430250 0.052130090 0.040037340 0.036542510 0.021235070 0.006251800 0.012986730 0.006317830 0.021070040 0.024477040 0.024446710 0.021915360 0.013075810 0.000000000 0.014242150 0.006338710 0.002614020 0.002184550 0.030185920 0.030223620 0.030074040 0.038297550 0.030173940 0.021437620 0.025604890 0.030847950 0.029964540 0.033883490 0.042330900 
43     0.033712820 0.040855470 0.039812550 0.048850680 0.024385030 0.025850030 0.017783420 0.019547120 0.024268090 0.025024570 0.025753770 0.029046660 0.033520990 0.039958180 0.020013220 0.052365280 0.029395900 0.033501080 0.031119900 0.005330450 0.048768650 0.053998750 0.012451890 0.014294560 0.030140210 0.042047550 0.013268150 0.016029370 0.010213920 0.013302260 0.030911620 0.017072650 0.031314960 0.024021970 0.024293020 0.014242150 0.000000000 0.001528590 0.000108270 0.000019070 0.030189780 0.032099420 0.033602600 0.035452010 0.031185900 0.025308750 0.020492350 0.023807850 0.023787120 0.031766050 0.050702390 
10     0.045571580 0.032174130 0.031131210 0.040169340 0.015703690 0.017168690 0.009102080 0.010865780 0.040792790 0.034992330 0.034800810 0.047622100 0.040716890 0.036327420 0.011331880 0.043683940 0.020879880 0.065492260 0.068491920 0.050797850 0.051559160 0.056789260 0.054308370 0.054475850 0.047369430 0.047789150 0.004586810 0.014863530 0.020358940 0.014929560 0.027408490 0.008391310 0.033054040 0.013413630 0.021546940 0.006338710 0.001528590 0.000000000 0.000013260 0.004158120 0.027410860 0.044120900 0.041456880 0.037191090 0.036639830 0.030049350 0.017767360 0.027864460 0.027843730 0.032315460 0.053492900 
20     0.037294890 0.041502620 0.026254030 0.049497830 0.025032180 0.026497180 0.018430570 0.020194270 0.039353910 0.033662490 0.033590810 0.032052590 0.036526920 0.041507300 0.020660370 0.053012430 0.030208370 0.057893080 0.062059230 0.049705370 0.050466680 0.049604570 0.044939050 0.044852020 0.024466400 0.020971570 0.013915300 0.011360380 0.009305180 0.015028840 0.025177240 0.017719800 0.031844040 0.022756830 0.027298950 0.002614020 0.000108270 0.000013260 0.000000000 0.000669680 0.035621060 0.042910900 0.043093780 0.035981090 0.034748180 0.028314680 0.023498280 0.024197440 0.024176710 0.032513870 0.027501600 
22     0.050290470 0.040874520 0.039831600 0.048869730 0.024404080 0.025869080 0.017802470 0.019566170 0.037854210 0.032162790 0.033602400 0.042547280 0.029793500 0.042020760 0.020032270 0.052384330 0.029580270 0.058929100 0.056547920 0.048044270 0.048805580 0.054035680 0.051554790 0.053824850 0.027603830 0.043750000 0.013287200 0.018091950 0.015632080 0.012182140 0.023254330 0.017091700 0.033388630 0.020513090 0.019145480 0.002184550 0.000019070 0.004158120 0.000669680 0.000000000 0.034412420 0.044455490 0.044638370 0.037525680 0.014008040 0.037531840 0.026467750 0.031792020 0.035011460 0.021392070 0.050739320 
42     0.005406660 0.026874300 0.038684390 0.052068690 0.022762390 0.028496640 0.027033200 0.027911250 0.032044790 0.026353370 0.027792980 0.037211740 0.029776260 0.031592910 0.029263000 0.061615060 0.016156040 0.041872300 0.046789960 0.047603130 0.048486410 0.053738580 0.044786130 0.043485970 0.027400980 0.032721400 0.021081290 0.026628430 0.011230070 0.010042750 0.044483570 0.027223230 0.033538800 0.036560120 0.026533110 0.030185920 0.030189780 0.027410860 0.035621060 0.034412420 0.000000000 0.006935230 0.002728370 0.000570860 0.000115880 0.005330600 0.004988510 0.010231570 0.013762230 0.026214490 0.021702300 
18     0.005444360 0.026912000 0.048521530 0.058356540 0.022800090 0.036759340 0.038469400 0.039909950 0.027618670 0.036804170 0.036612650 0.046688550 0.029813960 0.025332250 0.064532370 0.065471330 0.016193740 0.051080780 0.048699600 0.055344970 0.056106280 0.061336380 0.056340510 0.056287690 0.038438840 0.043239070 0.021118990 0.026666130 0.011267770 0.010080450 0.045609180 0.033808720 0.033576500 0.051133270 0.026570810 0.030223620 0.032099420 0.044120900 0.042910900 0.044455490 0.006935230 0.000000000 0.000618320 0.016247260 0.006161910 0.000962000 0.005026210 0.010269270 0.013799930 0.033966730 0.021740000 
9     0.005294780 0.026762420 0.049514400 0.053814170 0.022650510 0.036942220 0.038652280 0.040092830 0.039324770 0.033615710 0.035750610 0.040745470 0.029664380 0.037038350 0.062062690 0.060928960 0.016044160 0.052583960 0.050202780 0.055553930 0.056315240 0.061545340 0.056523390 0.056470570 0.037925900 0.043246320 0.020969410 0.026516550 0.011118190 0.009930870 0.045834020 0.033659140 0.033426920 0.039573020 0.026421230 0.030074040 0.033602600 0.041456880 0.043093780 0.044638370 0.002728370 0.000618320 0.000000000 0.022478490 0.008651180 0.003207800 0.004876630 0.010119690 0.013650350 0.033817150 0.021590420 
19     0.035941620 0.047189100 0.047781670 0.054044780 0.040157020 0.029604330 0.031314390 0.032754940 0.035449620 0.029649160 0.029457640 0.038366810 0.022146120 0.031621330 0.062887280 0.070692050 0.009359070 0.048391890 0.050990540 0.051265890 0.051613920 0.054407750 0.049185500 0.049132680 0.036193170 0.041513590 0.033769800 0.019594660 0.024645640 0.020536900 0.045048450 0.036432700 0.042626450 0.017962560 0.040158550 0.038297550 0.035452010 0.037191090 0.035981090 0.037525680 0.000570860 0.016247260 0.022478490 0.000000000 0.000041720 0.007870400 0.025446760 0.026733730 0.017885110 0.027565920 0.052237260 
12     0.005522540 0.026990180 0.045135870 0.053493520 0.022878270 0.029053070 0.030763130 0.032203680 0.025768660 0.025189430 0.026629040 0.035177490 0.029892140 0.023482240 0.068983050 0.068054670 0.016271920 0.052165280 0.049784100 0.045650170 0.046411480 0.051641580 0.048634240 0.048581420 0.033640100 0.039853410 0.021197170 0.024150540 0.011345950 0.010158630 0.042798270 0.033886900 0.033654680 0.040607700 0.026648990 0.030173940 0.031185900 0.036639830 0.034748180 0.014008040 0.000115880 0.006161910 0.008651180 0.000041720 0.000000000 0.005048820 0.005104390 0.010347450 0.013878110 0.027014660 0.021818180 
41     0.002090080 0.023557720 0.028521310 0.042688690 0.019445810 0.017825840 0.020375130 0.023365540 0.030637890 0.028768670 0.028146980 0.019454050 0.023928380 0.030305250 0.053552460 0.053659280 0.012839460 0.053639100 0.049460690 0.038043300 0.051605830 0.049187530 0.051729980 0.047142300 0.026733680 0.023238850 0.017764710 0.015414220 0.007913490 0.006726170 0.040135570 0.030454440 0.030222220 0.031937610 0.023216530 0.021437620 0.025308750 0.030049350 0.028314680 0.037531840 0.005330600 0.000962000 0.003207800 0.007870400 0.005048820 0.000000000 0.001671930 0.006914990 0.009061540 0.026491880 0.018385720 
44     0.000837850 0.022305490 0.037278320 0.042190730 0.018193580 0.017327880 0.017389700 0.019153400 0.022422630 0.020564470 0.022004080 0.018956090 0.008937930 0.030422440 0.019619500 0.051437280 0.011587230 0.044224160 0.032904780 0.037545340 0.040191470 0.045421570 0.042940680 0.044762740 0.004957820 0.007978950 0.005429670 0.008508370 0.006273380 0.005461720 0.018550170 0.017579730 0.022132720 0.027379650 0.021952080 0.025604890 0.020492350 0.017767360 0.023498280 0.026467750 0.004988510 0.005026210 0.004876630 0.025446760 0.005104390 0.001671930 0.000000000 0.001258830 0.004197650 0.003317170 0.017133490 
48     0.006080910 0.027548550 0.019109110 0.027179220 0.023436640 0.018747680 0.008345940 0.024922990 0.011523860 0.012937480 0.018995060 0.012014290 0.012013980 0.011857070 0.059828770 0.059031200 0.016830290 0.049141020 0.034912760 0.037136460 0.037897770 0.043127870 0.040646980 0.042940260 0.006965800 0.009986930 0.006001970 0.009178760 0.006943770 0.006969160 0.020558150 0.012420760 0.023543930 0.015754750 0.013316070 0.030847950 0.023807850 0.027864460 0.024197440 0.031792020 0.010231570 0.010269270 0.010119690 0.026733730 0.010347450 0.006914990 0.001258830 0.000000000 0.000069080 0.009526180 0.022376550 
29     0.009611570 0.031079210 0.038395250 0.042290230 0.026967300 0.018726950 0.018719470 0.028250860 0.035453340 0.022091770 0.024226670 0.024693850 0.015627880 0.021826450 0.008585340 0.007787770 0.020360950 0.049251130 0.039422540 0.040464330 0.041225640 0.046455740 0.043974850 0.046268130 0.011475580 0.014496710 0.012674750 0.018455770 0.015422760 0.014235440 0.025067930 0.022860600 0.033983770 0.024705410 0.023755910 0.029964540 0.023787120 0.027843730 0.024176710 0.035011460 0.013762230 0.013799930 0.013650350 0.017885110 0.013878110 0.009061540 0.004197650 0.000069080 0.000000000 0.001095330 0.025907210 
50     0.005376660 0.017774020 0.048315390 0.042365500 0.019954780 0.020628490 0.023668540 0.020043100 0.001332300 0.002745920 0.008803500 0.001822730 0.001822420 0.001665510 0.002815200 0.036738000 0.003353650 0.034004150 0.037137640 0.023039220 0.048146700 0.029938870 0.026364340 0.026277310 0.007850360 0.008516770 0.008964800 0.019893840 0.018099620 0.020527890 0.025612110 0.016017120 0.027140290 0.019351110 0.016912430 0.033883490 0.031766050 0.032315460 0.032513870 0.021392070 0.026214490 0.033966730 0.033817150 0.027565920 0.027014660 0.026491880 0.003317170 0.009526180 0.001095330 0.000000000 0.039522050 
0     0.012130340 0.017280810 0.022186130 0.038826560 0.010287010 0.012551640 0.007980900 0.017960810 0.040766310 0.040941880 0.041276510 0.039101660 0.017445910 0.036188920 0.043173850 0.043138530 0.027511400 0.049716580 0.035488320 0.050086930 0.050848240 0.056078340 0.053597450 0.055890730 0.021280880 0.017786050 0.014634590 0.001814390 0.023375050 0.022187730 0.033008190 0.038035500 0.045683780 0.049882710 0.038678090 0.042330900 0.050702390 0.053492900 0.027501600 0.050739320 0.021702300 0.021740000 0.021590420 0.052237260 0.021818180 0.018385720 0.017133490 0.022376550 0.025907210 0.039522050 0.000000000 
