51
18     0.000000000 0.005976320 0.004289540 0.004426850 0.005489420 0.001337810 0.011132440 0.012261200 0.004049140 0.029975380 0.022801720 0.015534000 0.021161170 0.052777910 0.071038330 0.114831330 0.143494130 0.074985990 0.106677790 0.095098930 0.100952270 0.110513020 0.109170140 0.076841580 0.117586870 0.082598030 0.139250540 0.091863990 0.097561880 0.090677290 0.105498000 0.089968530 0.094409960 0.101241950 0.070240650 0.070103420 0.006320650 0.005760340 0.063844750 0.016207420 0.022893160 0.118059730 0.102670100 0.095454120 0.092050370 0.109832720 0.033943260 0.089224150 0.053741380 0.099709150 0.088152400 
11     0.005976320 0.000000000 0.000345470 0.011652400 0.012714970 0.031539500 0.050337340 0.039574470 0.045170120 0.045680170 0.046246820 0.044701890 0.076025460 0.073478160 0.097563560 0.070308080 0.113705180 0.097040590 0.128673170 0.105280950 0.099104240 0.098594530 0.098835780 0.002753220 0.042099530 0.081373860 0.136609650 0.097953060 0.094920990 0.099829220 0.102311450 0.087327640 0.088926580 0.123881350 0.064757270 0.064620040 0.070958920 0.069648360 0.059803410 0.061695990 0.090495450 0.124408760 0.119355630 0.101803150 0.098399400 0.091323700 0.067847690 0.109106680 0.087456230 0.117391930 0.004495570 
24     0.004289540 0.000345470 0.000000000 0.011425470 0.012488040 0.011183360 0.025252160 0.017760970 0.003933480 0.050745290 0.041958980 0.042042110 0.021045510 0.076370730 0.094750360 0.064320220 0.120819670 0.076219210 0.026963710 0.031476450 0.093116380 0.092606670 0.092847920 0.121020580 0.114246310 0.075386000 0.030186020 0.099073650 0.045604070 0.085667140 0.093911990 0.073165560 0.091819150 0.109719270 0.015096790 0.067512610 0.006204990 0.005644680 0.028222320 0.016091760 0.086339270 0.096202450 0.104177030 0.095977540 0.092573790 0.091006030 0.041545710 0.041472230 0.087138560 0.068688430 0.093099880 
6     0.004426850 0.011652400 0.011425470 0.000000000 0.000716090 0.018418740 0.020671750 0.020671750 0.011168860 0.057980670 0.049194360 0.049277490 0.028280890 0.041237790 0.059498210 0.095389010 0.136533390 0.041333560 0.116283460 0.116823790 0.104989110 0.098589140 0.079750540 0.148993710 0.139072320 0.105878970 0.052248310 0.059030450 0.061754610 0.093398230 0.093453350 0.081534350 0.080068480 0.079661120 0.055899170 0.055761940 0.013440370 0.012880060 0.043766950 0.023327140 0.080902950 0.100796190 0.100823800 0.107149240 0.110128360 0.075287240 0.083494580 0.089445280 0.071419770 0.077658600 0.078204310 
5     0.005489420 0.012714970 0.012488040 0.000716090 0.000000000 0.009577010 0.013925210 0.013925210 0.014136060 0.076114840 0.077771320 0.079315560 0.039162850 0.042055340 0.060315760 0.066960810 0.122021940 0.034467820 0.110219770 0.105066570 0.095756970 0.095247260 0.095488510 0.141533370 0.127554510 0.078026590 0.033997090 0.030027360 0.031171590 0.051067740 0.051666080 0.080995000 0.056159350 0.078210810 0.055359820 0.055222590 0.053105060 0.051794500 0.041949550 0.043842130 0.076459370 0.094629610 0.098677510 0.100844940 0.111262420 0.073469840 0.077492650 0.088685180 0.069602370 0.067115590 0.088928020 
33     0.001337810 0.031539500 0.011183360 0.018418740 0.009577010 0.000000000 0.002849880 0.002849880 0.003060730 0.054061670 0.045275360 0.045358490 0.024361890 0.070996830 0.058125610 0.087677390 0.121471430 0.077101350 0.115601820 0.119711250 0.078211210 0.107768100 0.090981510 0.023139400 0.059621630 0.074223950 0.125614120 0.073675360 0.113915460 0.072488660 0.109099710 0.103737910 0.119811220 0.099294330 0.083734450 0.054623820 0.009521370 0.008961060 0.056074380 0.019408140 0.043020600 0.060769820 0.058494510 0.074527110 0.066627340 0.087594670 0.050368080 0.049763900 0.062411390 0.062070580 0.071204690 
19     0.011132440 0.050337340 0.025252160 0.020671750 0.013925210 0.002849880 0.000000000 0.000000000 0.000564190 0.073699640 0.075356120 0.076900360 0.063797510 0.025731190 0.029870810 0.115304450 0.076405490 0.094614750 0.111433110 0.099854250 0.105707590 0.115268340 0.117895760 0.130936070 0.099656640 0.092647140 0.085710170 0.077908950 0.091207870 0.074583240 0.074227680 0.045994500 0.045890690 0.076586740 0.044713160 0.034367180 0.049110450 0.048550140 0.067301620 0.058997220 0.055165280 0.047789320 0.052301260 0.056568830 0.053165080 0.022425040 0.035885420 0.069894330 0.056760340 0.041494890 0.052466640 
28     0.012261200 0.039574470 0.017760970 0.020671750 0.013925210 0.002849880 0.000000000 0.000000000 0.000964650 0.067882170 0.069538650 0.071082890 0.056800110 0.036296170 0.040435790 0.118829710 0.050569970 0.095743510 0.112561870 0.100983010 0.106836350 0.116397100 0.125005410 0.111529390 0.100599130 0.093775900 0.119663440 0.072091480 0.083501910 0.082617890 0.076449870 0.042037630 0.041933820 0.068880780 0.038895690 0.030568950 0.049110160 0.048549850 0.069728830 0.055038820 0.089830680 0.054333370 0.048984760 0.066706380 0.063302630 0.099985460 0.089581400 0.066577830 0.053443840 0.053807930 0.094036480 
15     0.004049140 0.045170120 0.003933480 0.011168860 0.014136060 0.003060730 0.000564190 0.000964650 0.000000000 0.046811810 0.038025500 0.038108630 0.017112030 0.022013840 0.026153460 0.112371310 0.052881030 0.090590700 0.097198540 0.095830200 0.101683540 0.101997990 0.114962620 0.112791420 0.088912780 0.088623090 0.075953030 0.077493620 0.085465130 0.073410460 0.073054900 0.005799770 0.005695960 0.070844000 0.080661370 0.023911550 0.002271510 0.001711200 0.050887240 0.012158280 0.053992500 0.046442180 0.051944300 0.040154450 0.036750700 0.073433530 0.078209330 0.066014810 0.047047680 0.059539000 0.051293860 
31     0.029975380 0.045680170 0.050745290 0.057980670 0.076114840 0.054061670 0.073699640 0.067882170 0.046811810 0.000000000 0.000061050 0.001700620 0.009636460 0.039116270 0.067757410 0.009515010 0.060617000 0.082127900 0.026591500 0.092342570 0.049340190 0.086827870 0.031973860 0.070035640 0.070912770 0.052097410 0.081654870 0.052511870 0.041689460 0.040805440 0.048929250 0.042352170 0.052163150 0.027068330 0.030395380 0.010029190 0.049078540 0.048518230 0.072642520 0.038307430 0.009983010 0.093806930 0.096230320 0.109743410 0.109786120 0.074545140 0.065596620 0.074744790 0.078102590 0.062350190 0.060819470 
13     0.022801720 0.046246820 0.041958980 0.049194360 0.077771320 0.045275360 0.075356120 0.069538650 0.038025500 0.000061050 0.000000000 0.000083130 0.004402550 0.027342760 0.023682560 0.009927140 0.061029130 0.077823180 0.025149920 0.070464780 0.044819500 0.069709360 0.030532280 0.066819460 0.072718170 0.052509540 0.069022210 0.052202980 0.041380570 0.040496550 0.048620360 0.042043280 0.051854260 0.025741780 0.032051860 0.007446340 0.039661760 0.039731920 0.057223640 0.039963910 0.042798520 0.096341110 0.085416670 0.082781460 0.112596490 0.075318780 0.068130800 0.076401270 0.074614510 0.060908610 0.049899630 
34     0.015534000 0.044701890 0.042042110 0.049277490 0.079315560 0.045358490 0.076900360 0.071082890 0.038108630 0.001700620 0.000083130 0.000000000 0.005150690 0.042316990 0.055077730 0.021228530 0.072330520 0.078571320 0.030657200 0.071212920 0.051668760 0.077616310 0.036039560 0.074101340 0.073466310 0.063810930 0.084766190 0.048408540 0.037586130 0.036702110 0.044825920 0.038248840 0.048059820 0.022965000 0.033596100 0.031292150 0.040375360 0.039815050 0.057971780 0.041508150 0.036993360 0.038510210 0.098249520 0.100260470 0.110654450 0.075119110 0.075701790 0.077945510 0.082321450 0.066415890 0.047062900 
12     0.021161170 0.076025460 0.021045510 0.028280890 0.039162850 0.024361890 0.063797510 0.056800110 0.017112030 0.009636460 0.004402550 0.005150690 0.000000000 0.029629440 0.042744830 0.030683620 0.073058050 0.061487760 0.028803020 0.068483830 0.048939670 0.074887220 0.034185380 0.072247160 0.070737220 0.068577990 0.060300930 0.054104340 0.057152490 0.063976270 0.053592260 0.046543730 0.045077860 0.034500650 0.020908550 0.020771320 0.019378760 0.018818450 0.034709780 0.028820600 0.033059170 0.060572860 0.055519730 0.037967250 0.034563500 0.056222920 0.057276000 0.063827610 0.041814960 0.029313020 0.030360530 
1     0.052777910 0.073478160 0.076370730 0.041237790 0.042055340 0.070996830 0.025731190 0.036296170 0.022013840 0.039116270 0.027342760 0.042316990 0.029629440 0.000000000 0.000272770 0.007020220 0.008942430 0.034864770 0.049118890 0.048476880 0.046614870 0.042046560 0.029180280 0.044706620 0.014108040 0.020527030 0.029141070 0.026767000 0.028450900 0.033117250 0.044414530 0.035682930 0.034217060 0.035371580 0.010047750 0.009910520 0.048680200 0.048840750 0.046850690 0.026272920 0.062342180 0.113235040 0.108181910 0.090629430 0.087225680 0.091966280 0.060815500 0.062710280 0.033482550 0.070995530 0.071158340 
9     0.071038330 0.097563560 0.094750360 0.059498210 0.060315760 0.058125610 0.029870810 0.040435790 0.026153460 0.067757410 0.023682560 0.055077730 0.042744830 0.000272770 0.000000000 0.006362600 0.008284810 0.023565980 0.042780090 0.042672970 0.041243090 0.040012160 0.031780420 0.049359960 0.013450420 0.019719760 0.024469940 0.027741780 0.029324010 0.028240910 0.014923800 0.032381650 0.024412220 0.019974790 0.016454480 0.037193720 0.074701740 0.061125930 0.065793220 0.063686760 0.012342610 0.047149580 0.087471010 0.093156590 0.087474770 0.090894700 0.062911240 0.078133130 0.070186230 0.064268930 0.097179880 
22     0.114831330 0.070308080 0.064320220 0.095389010 0.066960810 0.087677390 0.115304450 0.118829710 0.112371310 0.009515010 0.009927140 0.021228530 0.030683620 0.007020220 0.006362600 0.000000000 0.002754030 0.010972870 0.005743660 0.009039000 0.002909980 0.005464960 0.003464010 0.009891030 0.005358050 0.001654780 0.045895140 0.039833810 0.042309440 0.054195350 0.060655240 0.056085800 0.073855110 0.054187860 0.032466020 0.020175330 0.070416700 0.061361220 0.084775930 0.076654950 0.075167530 0.128526590 0.136058440 0.136886160 0.139525650 0.025193280 0.097837780 0.124831480 0.132897310 0.078510850 0.066819990 
26     0.143494130 0.113705180 0.120819670 0.136533390 0.122021940 0.121471430 0.076405490 0.050569970 0.052881030 0.060617000 0.061029130 0.072330520 0.073058050 0.008942430 0.008284810 0.002754030 0.000000000 0.027698490 0.017896870 0.014067020 0.021509220 0.026621820 0.016618730 0.016338380 0.005353690 0.009491640 0.031692330 0.033235230 0.035710860 0.047596770 0.022311190 0.026042800 0.026356010 0.049061020 0.040072360 0.044013080 0.084323660 0.070142020 0.071819190 0.069712730 0.107105320 0.123855240 0.130211470 0.121616260 0.141395480 0.091442790 0.119142190 0.099639850 0.103718120 0.107344870 0.087204330 
23     0.074985990 0.097040590 0.076219210 0.041333560 0.034467820 0.077101350 0.094614750 0.095743510 0.090590700 0.082127900 0.077823180 0.078571320 0.061487760 0.034864770 0.023565980 0.010972870 0.027698490 0.000000000 0.000531020 0.002570140 0.000191100 0.003732400 0.000008720 0.000343460 0.002675810 0.000143320 0.055914960 0.054955840 0.053452470 0.023483430 0.011030220 0.008487050 0.010858220 0.013172140 0.011252350 0.011195180 0.057343850 0.049780470 0.071529380 0.084791890 0.021546310 0.011222520 0.051543950 0.057229530 0.051547710 0.019455970 0.023935500 0.057991630 0.094742350 0.127494110 0.095837030 
30     0.106677790 0.128673170 0.026963710 0.116283460 0.110219770 0.115601820 0.111433110 0.112561870 0.097198540 0.026591500 0.025149920 0.030657200 0.028803020 0.049118890 0.042780090 0.005743660 0.017896870 0.000531020 0.000000000 0.000049210 0.000436540 0.004321780 0.000539740 0.000588960 0.002921310 0.000388820 0.049451250 0.058161950 0.065237500 0.030792630 0.011275720 0.008732550 0.011103720 0.013417640 0.011497850 0.011440680 0.083070440 0.046146400 0.088347740 0.100499170 0.089182760 0.011468020 0.051789450 0.057475030 0.051793210 0.051112900 0.072927720 0.063850010 0.103989120 0.076630250 0.102954150 
32     0.095098930 0.105280950 0.031476450 0.116823790 0.105066570 0.119711250 0.099854250 0.100983010 0.095830200 0.092342570 0.070464780 0.071212920 0.068483830 0.048476880 0.042672970 0.009039000 0.014067020 0.002570140 0.000049210 0.000000000 0.003129280 0.007691400 0.001670590 0.003281700 0.005614050 0.003081560 0.048435950 0.057146650 0.064222200 0.070923590 0.013968460 0.011425290 0.013796460 0.016110380 0.014190590 0.014133420 0.078598390 0.078758940 0.076768880 0.090031390 0.086260950 0.014160760 0.054482190 0.060167770 0.054485950 0.038790020 0.060604840 0.051527130 0.110792000 0.117461810 0.101076530 
8     0.100952270 0.099104240 0.093116380 0.104989110 0.095756970 0.078211210 0.105707590 0.106836350 0.101683540 0.049340190 0.044819500 0.051668760 0.048939670 0.046614870 0.041243090 0.002909980 0.021509220 0.000191100 0.000436540 0.003129280 0.000000000 0.001968640 0.000148300 0.000249040 0.002581390 0.000048900 0.052328340 0.051369220 0.020379990 0.065673030 0.010935800 0.008392630 0.010763800 0.013077720 0.011157930 0.011100760 0.084198680 0.084612280 0.058143910 0.064695170 0.090311000 0.011128100 0.051449530 0.057135110 0.051453290 0.034852180 0.087694750 0.102916640 0.092853020 0.104010240 0.104082390 
25     0.110513020 0.098594530 0.092606670 0.098589140 0.095247260 0.107768100 0.115268340 0.116397100 0.101997990 0.086827870 0.069709360 0.077616310 0.074887220 0.042046560 0.040012160 0.005464960 0.026621820 0.003732400 0.004321780 0.007691400 0.001968640 0.000000000 0.001820820 0.004811100 0.007143450 0.004610960 0.050190830 0.049231710 0.046550630 0.030874570 0.015497860 0.012954690 0.015325860 0.017639780 0.015719990 0.015662820 0.074803480 0.059974120 0.092182970 0.103856890 0.068633650 0.015690160 0.056011590 0.061697170 0.056015350 0.022745180 0.116524920 0.124238090 0.130080850 0.123549030 0.116490620 
20     0.109170140 0.098835780 0.092847920 0.079750540 0.095488510 0.090981510 0.117895760 0.125005410 0.114962620 0.031973860 0.030532280 0.036039560 0.034185380 0.029180280 0.031780420 0.003464010 0.016618730 0.000008720 0.000539740 0.001670590 0.000148300 0.001820820 0.000000000 0.000352180 0.002684530 0.000152040 0.042360130 0.026032270 0.063931350 0.024845570 0.011038940 0.008495770 0.010866940 0.013180860 0.011261070 0.011203900 0.058796680 0.074544190 0.057133220 0.085019420 0.052626850 0.011231240 0.051552670 0.057238250 0.051556430 0.048420670 0.034523500 0.049745390 0.084942570 0.050838990 0.100682050 
7     0.076841580 0.002753220 0.121020580 0.148993710 0.141533370 0.023139400 0.130936070 0.111529390 0.112791420 0.070035640 0.066819460 0.074101340 0.072247160 0.044706620 0.049359960 0.009891030 0.016338380 0.000343460 0.000588960 0.003281700 0.000249040 0.004811100 0.000352180 0.000000000 0.001665150 0.000201260 0.036328290 0.045040100 0.041812670 0.066299580 0.011088160 0.008544990 0.010916160 0.013230080 0.011310290 0.011253120 0.090876510 0.001052160 0.021049260 0.014548930 0.111696870 0.011280460 0.051601890 0.057287470 0.051605650 0.150927070 0.075977510 0.091199400 0.011460910 0.092293000 0.083703970 
21     0.117586870 0.042099530 0.114246310 0.139072320 0.127554510 0.059621630 0.099656640 0.100599130 0.088912780 0.070912770 0.072718170 0.073466310 0.070737220 0.014108040 0.013450420 0.005358050 0.005353690 0.002675810 0.002921310 0.005614050 0.002581390 0.007143450 0.002684530 0.001665150 0.000000000 0.001751890 0.034643710 0.038429510 0.035202080 0.067405330 0.013420510 0.010877340 0.013248510 0.015562430 0.013642640 0.013585470 0.091323760 0.023213840 0.023660880 0.017160550 0.107859620 0.013612810 0.053934240 0.059619820 0.053938000 0.142914020 0.077083260 0.092305150 0.087683070 0.093398750 0.087538220 
4     0.082598030 0.081373860 0.075386000 0.105878970 0.078026590 0.074223950 0.092647140 0.093775900 0.088623090 0.052097410 0.052509540 0.063810930 0.068577990 0.020527030 0.019719760 0.001654780 0.009491640 0.000143320 0.000388820 0.003081560 0.000048900 0.004610960 0.000152040 0.000201260 0.001751890 0.000000000 0.040382920 0.013283890 0.051499050 0.012097190 0.010888020 0.008344850 0.010716020 0.013029940 0.011110150 0.011052980 0.034417720 0.015798430 0.044384840 0.021209950 0.045516330 0.011080320 0.051401750 0.057087330 0.051405510 0.091056940 0.021775120 0.036997010 0.092906620 0.038090610 0.093869420 
16     0.139250540 0.136609650 0.030186020 0.052248310 0.033997090 0.125614120 0.085710170 0.119663440 0.075953030 0.081654870 0.069022210 0.084766190 0.060300930 0.029141070 0.024469940 0.045895140 0.031692330 0.055914960 0.049451250 0.048435950 0.052328340 0.050190830 0.042360130 0.036328290 0.034643710 0.040382920 0.000000000 0.001842020 0.002517260 0.003603660 0.005809830 0.006409540 0.004988240 0.003570290 0.030398810 0.034091430 0.099066090 0.082431860 0.084362620 0.084349920 0.066470970 0.099639970 0.126615110 0.097400990 0.105658880 0.094630500 0.073876400 0.085068930 0.094326970 0.081825030 0.063772330 
29     0.091863990 0.097953060 0.099073650 0.059030450 0.030027360 0.073675360 0.077908950 0.072091480 0.077493620 0.052511870 0.052202980 0.048408540 0.054104340 0.026767000 0.027741780 0.039833810 0.033235230 0.054955840 0.058161950 0.057146650 0.051369220 0.049231710 0.026032270 0.045040100 0.038429510 0.013283890 0.001842020 0.000000000 0.000031510 0.001218920 0.013939500 0.010812560 0.001737220 0.012280990 0.034516810 0.027765670 0.044320460 0.096231150 0.039827070 0.050747820 0.059427200 0.108350670 0.119264670 0.101712190 0.098308440 0.103341200 0.017217350 0.032439240 0.092276910 0.033532840 0.056728560 
35     0.097561880 0.094920990 0.045604070 0.061754610 0.031171590 0.113915460 0.091207870 0.083501910 0.085465130 0.041689460 0.041380570 0.037586130 0.057152490 0.028450900 0.029324010 0.042309440 0.035710860 0.053452470 0.065237500 0.064222200 0.020379990 0.046550630 0.063931350 0.041812670 0.035202080 0.051499050 0.002517260 0.000031510 0.000000000 0.005393740 0.013517550 0.006940470 0.013806310 0.008725750 0.010348440 0.024921660 0.119779910 0.105003450 0.088827040 0.093139600 0.083289710 0.115426220 0.132912830 0.113187240 0.120991350 0.110416750 0.081546720 0.092739250 0.091178530 0.078676590 0.119926610 
3     0.090677290 0.099829220 0.085667140 0.093398230 0.051067740 0.072488660 0.074583240 0.082617890 0.073410460 0.040805440 0.040496550 0.036702110 0.063976270 0.033117250 0.028240910 0.054195350 0.047596770 0.023483430 0.030792630 0.070923590 0.065673030 0.030874570 0.024845570 0.066299580 0.067405330 0.012097190 0.003603660 0.001218920 0.005393740 0.000000000 0.007599960 0.002000690 0.002974130 0.009086070 0.021552850 0.023573760 0.043133760 0.062756450 0.038640370 0.066526570 0.055344040 0.112346850 0.112026330 0.101534800 0.102538320 0.097723300 0.016030650 0.031252540 0.079604520 0.032346140 0.049038620 
10     0.105498000 0.102311450 0.093911990 0.093453350 0.051666080 0.109099710 0.074227680 0.076449870 0.073054900 0.048929250 0.048620360 0.044825920 0.053592260 0.044414530 0.014923800 0.060655240 0.022311190 0.011030220 0.011275720 0.013968460 0.010935800 0.015497860 0.011038940 0.011088160 0.013420510 0.010888020 0.005809830 0.013939500 0.013517550 0.007599960 0.000000000 0.001059540 0.000179800 0.004334160 0.008416270 0.008359100 0.083717810 0.083011780 0.080642300 0.055106210 0.054988480 0.008386440 0.048707870 0.054393450 0.048711630 0.073537390 0.073889190 0.087924940 0.062749560 0.075116360 0.052289840 
27     0.089968530 0.087327640 0.073165560 0.081534350 0.080995000 0.103737910 0.045994500 0.042037630 0.005799770 0.042352170 0.042043280 0.038248840 0.046543730 0.035682930 0.032381650 0.056085800 0.026042800 0.008487050 0.008732550 0.011425290 0.008392630 0.012954690 0.008495770 0.008544990 0.010877340 0.008344850 0.006409540 0.010812560 0.006940470 0.002000690 0.001059540 0.000000000 0.000122670 0.007590710 0.005873100 0.005815930 0.071798810 0.089187790 0.077522300 0.043187210 0.056503790 0.005843270 0.046164700 0.051850280 0.046168460 0.072366810 0.077729790 0.079624570 0.061578980 0.076787600 0.053805150 
17     0.094409960 0.088926580 0.091819150 0.080068480 0.056159350 0.119811220 0.045890690 0.041933820 0.005695960 0.052163150 0.051854260 0.048059820 0.045077860 0.034217060 0.024412220 0.073855110 0.026356010 0.010858220 0.011103720 0.013796460 0.010763800 0.015325860 0.010866940 0.010916160 0.013248510 0.010716020 0.004988240 0.001737220 0.013806310 0.002974130 0.000179800 0.000122670 0.000000000 0.003512570 0.008244270 0.008187100 0.070332940 0.089431350 0.073737450 0.041721340 0.063579730 0.008214440 0.048535870 0.054221450 0.048539630 0.069581750 0.072804100 0.078158700 0.058793920 0.069600660 0.111748940 
2     0.101241950 0.123881350 0.109719270 0.079661120 0.078210810 0.099294330 0.076586740 0.068880780 0.070844000 0.027068330 0.025741780 0.022965000 0.034500650 0.035371580 0.019974790 0.054187860 0.049061020 0.013172140 0.013417640 0.016110380 0.013077720 0.017639780 0.013180860 0.013230080 0.015562430 0.013029940 0.003570290 0.012280990 0.008725750 0.009086070 0.004334160 0.007590710 0.003512570 0.000000000 0.004772560 0.010300530 0.060711100 0.076458610 0.075087850 0.084371030 0.054541270 0.010528360 0.050849790 0.056535370 0.050853550 0.092009050 0.064477100 0.049308840 0.068526690 0.056024750 0.092695890 
36     0.070240650 0.064757270 0.015096790 0.055899170 0.055359820 0.083734450 0.044713160 0.038895690 0.080661370 0.030395380 0.032051860 0.033596100 0.020908550 0.010047750 0.016454480 0.032466020 0.040072360 0.011252350 0.011497850 0.014190590 0.011157930 0.015719990 0.011261070 0.011310290 0.013642640 0.011110150 0.030398810 0.034516810 0.010348440 0.021552850 0.008416270 0.005873100 0.008244270 0.004772560 0.000000000 0.000057510 0.046163630 0.077858540 0.051887120 0.017552030 0.053621290 0.000084850 0.040406280 0.046091860 0.040410040 0.076228260 0.052094610 0.052424120 0.059081120 0.049323070 0.059896310 
14     0.070103420 0.064620040 0.067512610 0.055761940 0.055222590 0.054623820 0.034367180 0.030568950 0.023911550 0.010029190 0.007446340 0.031292150 0.020771320 0.009910520 0.037193720 0.020175330 0.044013080 0.011195180 0.011440680 0.014133420 0.011100760 0.015662820 0.011203900 0.011253120 0.013585470 0.011052980 0.034091430 0.027765670 0.024921660 0.023573760 0.008359100 0.005815930 0.008187100 0.010300530 0.000057510 0.000000000 0.046026400 0.087781550 0.051749890 0.017414800 0.053484060 0.000027460 0.040348890 0.046034470 0.040352650 0.106339040 0.051957380 0.053852160 0.058943890 0.062137410 0.061781110 
41     0.006320650 0.070958920 0.006204990 0.013440370 0.053105060 0.009521370 0.049110450 0.049110160 0.002271510 0.049078540 0.039661760 0.040375360 0.019378760 0.048680200 0.074701740 0.070416700 0.084323660 0.057343850 0.083070440 0.078598390 0.084198680 0.074803480 0.058796680 0.090876510 0.091323760 0.034417720 0.099066090 0.044320460 0.119779910 0.043133760 0.083717810 0.071798810 0.070332940 0.060711100 0.046163630 0.046026400 0.000000000 0.000528880 0.003066630 0.012766630 0.006727410 0.062277320 0.070920360 0.087015640 0.056643590 0.048724820 0.035850130 0.043021990 0.044857350 0.052165620 0.063257000 
39     0.005760340 0.069648360 0.005644680 0.012880060 0.051794500 0.008961060 0.048550140 0.048549850 0.001711200 0.048518230 0.039731920 0.039815050 0.018818450 0.048840750 0.061125930 0.061361220 0.070142020 0.049780470 0.046146400 0.078758940 0.084612280 0.059974120 0.074544190 0.001052160 0.023213840 0.015798430 0.082431860 0.096231150 0.105003450 0.062756450 0.083011780 0.089187790 0.089431350 0.076458610 0.077858540 0.087781550 0.000528880 0.000000000 0.003496100 0.012206320 0.022123000 0.060292210 0.055239080 0.037686600 0.034282850 0.047414260 0.048679570 0.036456090 0.043546790 0.080173710 0.063417550 
40     0.063844750 0.059803410 0.028222320 0.043766950 0.041949550 0.056074380 0.067301620 0.069728830 0.050887240 0.072642520 0.057223640 0.057971780 0.034709780 0.046850690 0.065793220 0.084775930 0.071819190 0.071529380 0.088347740 0.076768880 0.058143910 0.092182970 0.057133220 0.021049260 0.023660880 0.044384840 0.084362620 0.039827070 0.088827040 0.038640370 0.080642300 0.077522300 0.073737450 0.075087850 0.051887120 0.051749890 0.003066630 0.003496100 0.000000000 0.000301090 0.000000000 0.034392140 0.045097330 0.032153160 0.036506420 0.026714940 0.031356740 0.046578630 0.033701840 0.047542210 0.061427490 
48     0.016207420 0.061695990 0.016091760 0.023327140 0.043842130 0.019408140 0.058997220 0.055038820 0.012158280 0.038307430 0.039963910 0.041508150 0.028820600 0.026272920 0.063686760 0.076654950 0.069712730 0.084791890 0.100499170 0.090031390 0.064695170 0.103856890 0.085019420 0.014548930 0.017160550 0.021209950 0.084349920 0.050747820 0.093139600 0.066526570 0.055106210 0.043187210 0.041721340 0.084371030 0.017552030 0.017414800 0.012766630 0.012206320 0.000301090 0.000000000 0.014795020 0.028066230 0.047595280 0.025827250 0.047398400 0.023056760 0.052985100 0.054879880 0.035594420 0.048623700 0.061046530 
46     0.022893160 0.090495450 0.086339270 0.080902950 0.076459370 0.043020600 0.055165280 0.089830680 0.053992500 0.009983010 0.042798520 0.036993360 0.033059170 0.062342180 0.012342610 0.075167530 0.107105320 0.021546310 0.089182760 0.086260950 0.090311000 0.068633650 0.052626850 0.111696870 0.107859620 0.045516330 0.066470970 0.059427200 0.083289710 0.055344040 0.054988480 0.056503790 0.063579730 0.054541270 0.053621290 0.053484060 0.006727410 0.022123000 0.000000000 0.014795020 0.000000000 0.028770040 0.039873430 0.038694040 0.035016700 0.035645320 0.047928150 0.059352050 0.065220310 0.043995130 0.021720820 
49     0.118059730 0.124408760 0.096202450 0.100796190 0.094629610 0.060769820 0.047789320 0.054333370 0.046442180 0.093806930 0.096341110 0.038510210 0.060572860 0.113235040 0.047149580 0.128526590 0.123855240 0.011222520 0.011468020 0.014160760 0.011128100 0.015690160 0.011231240 0.011280460 0.013612810 0.011080320 0.099639970 0.108350670 0.115426220 0.112346850 0.008386440 0.005843270 0.008214440 0.010528360 0.000084850 0.000027460 0.062277320 0.060292210 0.034392140 0.028066230 0.028770040 0.000000000 0.001770180 0.000365110 0.008739910 0.007060450 0.023557290 0.026861150 0.022049600 0.017795850 0.082746430 
42     0.102670100 0.119355630 0.104177030 0.100823800 0.098677510 0.058494510 0.052301260 0.048984760 0.051944300 0.096230320 0.085416670 0.098249520 0.055519730 0.108181910 0.087471010 0.136058440 0.130211470 0.051543950 0.051789450 0.054482190 0.051449530 0.056011590 0.051552670 0.051601890 0.053934240 0.051401750 0.126615110 0.119264670 0.132912830 0.112026330 0.048707870 0.046164700 0.048535870 0.050849790 0.040406280 0.040348890 0.070920360 0.055239080 0.045097330 0.047595280 0.039873430 0.001770180 0.000000000 0.001475510 0.000003760 0.007535960 0.020075460 0.008102260 0.008219560 0.008583650 0.048632680 
37     0.095454120 0.101803150 0.095977540 0.107149240 0.100844940 0.074527110 0.056568830 0.066706380 0.040154450 0.109743410 0.082781460 0.100260470 0.037967250 0.090629430 0.093156590 0.136886160 0.121616260 0.057229530 0.057475030 0.060167770 0.057135110 0.061697170 0.057238250 0.057287470 0.059619820 0.057087330 0.097400990 0.101712190 0.113187240 0.101534800 0.054393450 0.051850280 0.054221450 0.056535370 0.046091860 0.046034470 0.087015640 0.037686600 0.032153160 0.025827250 0.038694040 0.000365110 0.001475510 0.000000000 0.001037120 0.010807530 0.032336160 0.015046120 0.020064070 0.023285440 0.046140300 
45     0.092050370 0.098399400 0.092573790 0.110128360 0.111262420 0.066627340 0.053165080 0.063302630 0.036750700 0.109786120 0.112596490 0.110654450 0.034563500 0.087225680 0.087474770 0.139525650 0.141395480 0.051547710 0.051793210 0.054485950 0.051453290 0.056015350 0.051556430 0.051605650 0.053938000 0.051405510 0.105658880 0.098308440 0.120991350 0.102538320 0.048711630 0.046168460 0.048539630 0.050853550 0.040410040 0.040352650 0.056643590 0.034282850 0.036506420 0.047398400 0.035016700 0.008739910 0.000003760 0.001037120 0.000000000 0.003734800 0.009132020 0.020536060 0.006963820 0.008490990 0.057734060 
38     0.109832720 0.091323700 0.091006030 0.075287240 0.073469840 0.087594670 0.022425040 0.099985460 0.073433530 0.074545140 0.075318780 0.075119110 0.056222920 0.091966280 0.090894700 0.025193280 0.091442790 0.019455970 0.051112900 0.038790020 0.034852180 0.022745180 0.048420670 0.150927070 0.142914020 0.091056940 0.094630500 0.103341200 0.110416750 0.097723300 0.073537390 0.072366810 0.069581750 0.092009050 0.076228260 0.106339040 0.048724820 0.047414260 0.026714940 0.023056760 0.035645320 0.007060450 0.007535960 0.010807530 0.003734800 0.000000000 0.000974270 0.004043350 0.004233550 0.010136360 0.080730960 
43     0.033943260 0.067847690 0.041545710 0.083494580 0.077492650 0.050368080 0.035885420 0.089581400 0.078209330 0.065596620 0.068130800 0.075701790 0.057276000 0.060815500 0.062911240 0.097837780 0.119142190 0.023935500 0.072927720 0.060604840 0.087694750 0.116524920 0.034523500 0.075977510 0.077083260 0.021775120 0.073876400 0.017217350 0.081546720 0.016030650 0.073889190 0.077729790 0.072804100 0.064477100 0.052094610 0.051957380 0.035850130 0.048679570 0.031356740 0.052985100 0.047928150 0.023557290 0.020075460 0.032336160 0.009132020 0.000974270 0.000000000 0.000786830 0.010863940 0.011110610 0.045937650 
50     0.089224150 0.109106680 0.041472230 0.089445280 0.088685180 0.049763900 0.069894330 0.066577830 0.066014810 0.074744790 0.076401270 0.077945510 0.063827610 0.062710280 0.078133130 0.124831480 0.099639850 0.057991630 0.063850010 0.051527130 0.102916640 0.124238090 0.049745390 0.091199400 0.092305150 0.036997010 0.085068930 0.032439240 0.092739250 0.031252540 0.087924940 0.079624570 0.078158700 0.049308840 0.052424120 0.053852160 0.043021990 0.036456090 0.046578630 0.054879880 0.059352050 0.026861150 0.008102260 0.015046120 0.020536060 0.004043350 0.000786830 0.000000000 0.019557840 0.019804510 0.065927380 
47     0.053741380 0.087456230 0.087138560 0.071419770 0.069602370 0.062411390 0.056760340 0.053443840 0.047047680 0.078102590 0.074614510 0.082321450 0.041814960 0.033482550 0.070186230 0.132897310 0.103718120 0.094742350 0.103989120 0.110792000 0.092853020 0.130080850 0.084942570 0.011460910 0.087683070 0.092906620 0.094326970 0.092276910 0.091178530 0.079604520 0.062749560 0.061578980 0.058793920 0.068526690 0.059081120 0.058943890 0.044857350 0.043546790 0.033701840 0.035594420 0.065220310 0.022049600 0.008219560 0.020064070 0.006963820 0.004233550 0.010863940 0.019557840 0.000000000 0.000170620 0.069067080 
44     0.099709150 0.117391930 0.068688430 0.077658600 0.067115590 0.062070580 0.041494890 0.053807930 0.059539000 0.062350190 0.060908610 0.066415890 0.029313020 0.070995530 0.064268930 0.078510850 0.107344870 0.127494110 0.076630250 0.117461810 0.104010240 0.123549030 0.050838990 0.092293000 0.093398750 0.038090610 0.081825030 0.033532840 0.078676590 0.032346140 0.075116360 0.076787600 0.069600660 0.056024750 0.049323070 0.062137410 0.052165620 0.080173710 0.047542210 0.048623700 0.043995130 0.017795850 0.008583650 0.023285440 0.008490990 0.010136360 0.011110610 0.019804510 0.000170620 0.000000000 0.042004630 
0     0.088152400 0.004495570 0.093099880 0.078204310 0.088928020 0.071204690 0.052466640 0.094036480 0.051293860 0.060819470 0.049899630 0.047062900 0.030360530 0.071158340 0.097179880 0.066819990 0.087204330 0.095837030 0.102954150 0.101076530 0.104082390 0.116490620 0.100682050 0.083703970 0.087538220 0.093869420 0.063772330 0.056728560 0.119926610 0.049038620 0.052289840 0.053805150 0.111748940 0.092695890 0.059896310 0.061781110 0.063257000 0.063417550 0.061427490 0.061046530 0.021720820 0.082746430 0.048632680 0.046140300 0.057734060 0.080730960 0.045937650 0.065927380 0.069067080 0.042004630 0.000000000 
