51
18     0.000000000 0.112654684 0.115247887 0.184621659 0.179002090 0.242865629 0.256684081 0.257133752 0.250834460 0.364235519 0.363674809 0.364693902 0.409433233 0.400851350 0.398463867 0.407713088 0.433188537 0.419495250 0.425502189 0.426584148 0.426020561 0.419724749 0.424416748 0.436777561 0.439905074 0.397473785 0.388768252 0.394729740 0.394706741 0.389411256 0.388474274 0.387575322 0.388155180 0.380200425 0.399923107 0.389502741 0.398765600 0.400946620 0.378632671 0.379335082 0.412079130 0.435547137 0.429054565 0.430630340 0.439235148 0.434509361 0.424030893 0.437010844 0.429426193 0.433150679 0.691187536 
11     0.112654684 0.000000000 0.081997421 0.181029365 0.175370359 0.239673839 0.254437684 0.254853851 0.248548600 0.362044906 0.361449923 0.362512503 0.407011185 0.397761452 0.395373969 0.405772389 0.430478321 0.417027455 0.423034193 0.424116152 0.423552566 0.417256754 0.421948753 0.433956110 0.436943935 0.395075757 0.385983641 0.391945129 0.391922130 0.386626645 0.385689664 0.384790711 0.385370569 0.377415814 0.397138496 0.386718130 0.396003402 0.398216680 0.376032174 0.376734585 0.409472983 0.432979885 0.426487312 0.428063088 0.436667896 0.431942109 0.420951502 0.433884850 0.426470364 0.430154439 0.687175055 
24     0.115247887 0.081997421 0.000000000 0.184113548 0.178518098 0.242159071 0.256794461 0.257210628 0.250854899 0.363742752 0.363147770 0.364210350 0.408721218 0.399728043 0.397340560 0.407844108 0.432620891 0.419178829 0.425051643 0.426133602 0.425703940 0.419408128 0.424100127 0.436493671 0.439456710 0.397199583 0.387376247 0.393563078 0.393329377 0.388244594 0.387307612 0.386408659 0.386988517 0.379040353 0.398654982 0.388373483 0.397021002 0.399344755 0.376462625 0.377165164 0.410230649 0.434408820 0.427916247 0.429492023 0.438096831 0.433371044 0.422128071 0.435223227 0.427899299 0.431583374 0.690043975 
6     0.184621659 0.181029365 0.184113548 0.000000000 0.056797860 0.255356840 0.270137203 0.270483825 0.264373539 0.378921398 0.378262224 0.379324804 0.423514651 0.414348060 0.411828563 0.422266216 0.446989248 0.433339235 0.439353417 0.440435375 0.439894739 0.433598927 0.438237155 0.450846079 0.453809118 0.411489463 0.402054869 0.408016357 0.407993358 0.402896139 0.401959158 0.401060205 0.401640063 0.393685309 0.413407990 0.402987624 0.412864227 0.414921535 0.392632237 0.393334648 0.426128918 0.449418450 0.442925878 0.444501654 0.453193962 0.448380675 0.437767927 0.450731925 0.443014205 0.446689309 0.703566139 
5     0.179002090 0.175370359 0.178518098 0.056797860 0.000000000 0.250598071 0.265551793 0.265898414 0.259788128 0.374103681 0.373444508 0.374507088 0.418750387 0.409534617 0.407015120 0.417577204 0.442330042 0.428784863 0.434799045 0.435881003 0.435340367 0.429044555 0.433736554 0.446186873 0.449149913 0.406830257 0.397149509 0.403100501 0.403077502 0.398005592 0.397068611 0.396206383 0.396749516 0.388831487 0.408564470 0.398133802 0.408051620 0.410108927 0.387819630 0.388522041 0.421316311 0.444605843 0.438113271 0.439689047 0.448381355 0.443568068 0.432832118 0.445796117 0.438201598 0.441876702 0.698753532 
33     0.242865629 0.239673839 0.242159071 0.255356840 0.250598071 0.000000000 0.282617934 0.283038272 0.276578583 0.389854875 0.389195702 0.390258282 0.434922162 0.425060268 0.422559121 0.432939502 0.457744428 0.444323216 0.450416852 0.451498811 0.450837203 0.444541391 0.449240785 0.461491372 0.464665898 0.422474915 0.413078248 0.419039736 0.419016738 0.413765266 0.412762593 0.411863640 0.412443498 0.404488744 0.424088705 0.413358458 0.423999300 0.426022322 0.403748031 0.404450442 0.437159187 0.460291985 0.453799413 0.455375188 0.463979996 0.459254209 0.448695833 0.461616436 0.454073589 0.457700068 0.714670330 
19     0.256684081 0.254437684 0.256794461 0.270137203 0.265551793 0.282617934 0.000000000 0.063320694 0.095138690 0.379423256 0.378764083 0.379826663 0.424046324 0.415495150 0.412950251 0.423958907 0.448120878 0.435203948 0.441176029 0.442257988 0.441631000 0.435335188 0.440031753 0.452416578 0.455168048 0.413132642 0.403786058 0.409747546 0.409724547 0.404317176 0.403380194 0.402381766 0.402961624 0.395106345 0.414820410 0.404194449 0.414077771 0.416109439 0.394160818 0.394863229 0.427550239 0.450506775 0.444014202 0.445701441 0.454358190 0.449303327 0.438908525 0.451894921 0.444415285 0.447901213 0.706162044 
28     0.257133752 0.254853851 0.257210628 0.270483825 0.265898414 0.283038272 0.063320694 0.000000000 0.093399817 0.380054319 0.379395145 0.380457725 0.424677386 0.416126213 0.413581313 0.424589969 0.448749507 0.435835010 0.441807091 0.442889050 0.442262062 0.435966250 0.440662816 0.453047640 0.455799110 0.413763704 0.404417121 0.410378609 0.410355610 0.404948238 0.404011257 0.403012828 0.403592686 0.395737408 0.415451473 0.404825512 0.414917843 0.416949511 0.395000890 0.395703301 0.428390311 0.451566584 0.445074012 0.446761250 0.455418000 0.450571448 0.440113605 0.453039470 0.445535464 0.449077430 0.706836775 
15     0.250834460 0.248548600 0.250854899 0.264373539 0.259788128 0.276578583 0.095138690 0.093399817 0.000000000 0.373851067 0.373191894 0.374254474 0.418614481 0.409870628 0.407325728 0.418334385 0.442486028 0.429579426 0.435551507 0.436633465 0.436006478 0.429710665 0.434407231 0.446792056 0.449543525 0.407508120 0.398161536 0.404123024 0.404100025 0.398692653 0.397755672 0.396705157 0.397285015 0.389481823 0.409195888 0.398569927 0.408625160 0.410656829 0.388708207 0.389410618 0.422097628 0.445278820 0.438786248 0.440468568 0.449107927 0.444198299 0.433820922 0.446746787 0.439242782 0.442784748 0.700544093 
31     0.364235519 0.362044906 0.363742752 0.378921398 0.374103681 0.389854875 0.379423256 0.380054319 0.373851067 0.000000000 0.035566807 0.039454634 0.218239150 0.310158989 0.307325007 0.318642972 0.343252972 0.330067269 0.335951397 0.337033355 0.335782359 0.329929467 0.334676139 0.347073106 0.350238098 0.307800361 0.297516261 0.303285866 0.303465617 0.298041253 0.296993231 0.296346999 0.296926857 0.288935734 0.308817959 0.298555352 0.356720449 0.357885444 0.336671466 0.337373877 0.369815397 0.392126826 0.385557702 0.386949069 0.396067625 0.390666897 0.380584524 0.393363015 0.385943307 0.388785553 0.652102975 
13     0.363674809 0.361449923 0.363147770 0.378262224 0.373444508 0.389195702 0.378764083 0.379395145 0.373191894 0.035566807 0.000000000 0.037986690 0.217624024 0.309475706 0.306641724 0.317829285 0.342463127 0.329292849 0.335176976 0.336258935 0.335007939 0.329155047 0.333901718 0.346298686 0.349463678 0.307025941 0.296741840 0.302511446 0.302691197 0.297266833 0.296218811 0.295572579 0.296152437 0.287899294 0.308011038 0.297748432 0.356230555 0.357395549 0.336163638 0.336866049 0.369633830 0.391480602 0.384911478 0.386302845 0.395421401 0.390020673 0.379938730 0.392717221 0.385297514 0.388139760 0.651475196 
34     0.364693902 0.362512503 0.364210350 0.379324804 0.374507088 0.390258282 0.379826663 0.380457725 0.374254474 0.039454634 0.037986690 0.000000000 0.218256517 0.310700647 0.307866666 0.319184154 0.343794155 0.330604613 0.336488740 0.337570699 0.336319703 0.330466811 0.335213482 0.347614289 0.350779281 0.308341543 0.298062312 0.303831917 0.304011668 0.298587304 0.297539282 0.296893050 0.297472908 0.289481785 0.309402358 0.299165709 0.357314499 0.358479493 0.337247582 0.337949993 0.370717774 0.392065109 0.385555531 0.386946897 0.396065453 0.390664725 0.380713955 0.393492446 0.386034371 0.388876617 0.652545753 
12     0.409433233 0.407011185 0.408721218 0.423514651 0.418750387 0.434922162 0.424046324 0.424677386 0.418614481 0.218239150 0.217624024 0.218256517 0.000000000 0.355391713 0.352557731 0.363910345 0.388106223 0.375102240 0.380986367 0.382068326 0.381153554 0.374964438 0.379752445 0.392300487 0.395465479 0.353033537 0.342014694 0.347604217 0.347969286 0.342540537 0.341492515 0.340846283 0.341426141 0.333509562 0.353397322 0.343206798 0.401920158 0.403085153 0.381848345 0.382550756 0.415235279 0.437638697 0.431146124 0.432460940 0.441656047 0.436210884 0.426048396 0.438829689 0.431129195 0.434175745 0.697508067 
1     0.400851350 0.397761452 0.399728043 0.414348060 0.409534617 0.425060268 0.415495150 0.416126213 0.409870628 0.310158989 0.309475706 0.310700647 0.355391713 0.000000000 0.059448617 0.255444327 0.278557543 0.267188858 0.272533194 0.273564618 0.272562319 0.266157721 0.271243418 0.283283578 0.286361732 0.243587806 0.239513070 0.245596986 0.245396739 0.240846766 0.238964606 0.238488481 0.239262334 0.230767298 0.252211509 0.242534902 0.393934804 0.394899218 0.373499422 0.374201833 0.406611595 0.428940411 0.422447839 0.423756893 0.432690507 0.428695401 0.418040858 0.430771173 0.422642911 0.426505266 0.688180676 
9     0.398463867 0.395373969 0.397340560 0.411828563 0.407015120 0.422559121 0.412950251 0.413581313 0.407325728 0.307325007 0.306641724 0.307866666 0.352557731 0.059448617 0.000000000 0.252811075 0.275924292 0.264442720 0.269832250 0.270863674 0.269864046 0.263441931 0.268521982 0.280632719 0.283710873 0.240936947 0.236318258 0.242402174 0.242201927 0.237651954 0.235689304 0.235213179 0.235987032 0.227572486 0.249389177 0.239324463 0.391156019 0.392120433 0.370713559 0.371415970 0.403786662 0.426231647 0.419739075 0.421048130 0.429981743 0.425986638 0.415332094 0.428062410 0.419976613 0.423796502 0.685419040 
22     0.407713088 0.405772389 0.407844108 0.422266216 0.417577204 0.432939502 0.423958907 0.424589969 0.418334385 0.318642972 0.317829285 0.319184154 0.363910345 0.255444327 0.252811075 0.000000000 0.164465450 0.168760341 0.174299520 0.175399432 0.174552573 0.167856992 0.173409539 0.187059881 0.190390719 0.148020242 0.249385052 0.255589720 0.255336707 0.250459142 0.248875906 0.248102278 0.248772665 0.240816005 0.261004546 0.251445470 0.401452767 0.402324331 0.380876819 0.381579230 0.414398441 0.436357127 0.429864554 0.431173609 0.440107223 0.435972941 0.425354557 0.438063305 0.430290555 0.434039437 0.695895290 
26     0.433188537 0.430478321 0.432620891 0.446989248 0.442330042 0.457744428 0.448120878 0.448749507 0.442486028 0.343252972 0.342463127 0.343794155 0.388106223 0.278557543 0.275924292 0.164465450 0.000000000 0.193083162 0.198379528 0.199557245 0.198796331 0.192154638 0.197612273 0.210152873 0.212933928 0.168540076 0.273433409 0.279621799 0.279368786 0.274448415 0.272738577 0.271951159 0.272626428 0.264838959 0.284947159 0.275306492 0.426266279 0.427137844 0.405829809 0.406532220 0.439502705 0.461073987 0.454581415 0.455890470 0.464824083 0.460760859 0.449916066 0.462624814 0.455005166 0.458754048 0.720113455 
23     0.419495250 0.417027455 0.419178829 0.433339235 0.428784863 0.444323216 0.435203948 0.435835010 0.429579426 0.330067269 0.329292849 0.330604613 0.375102240 0.267188858 0.264442720 0.168760341 0.193083162 0.000000000 0.094864618 0.094559550 0.093873172 0.087352840 0.110421767 0.190538493 0.193419898 0.150102455 0.260803008 0.267026229 0.266655173 0.261631476 0.260472011 0.259684593 0.260359862 0.252238976 0.273105463 0.263352783 0.411678652 0.412177963 0.391576328 0.392278739 0.424943197 0.446443985 0.439951413 0.441260468 0.450286754 0.446109080 0.435241557 0.447989172 0.440447822 0.444196705 0.706314170 
30     0.425502189 0.423034193 0.425051643 0.439353417 0.434799045 0.450416852 0.441176029 0.441807091 0.435551507 0.335951397 0.335176976 0.336488740 0.380986367 0.272533194 0.269832250 0.174299520 0.198379528 0.094864618 0.000000000 0.053668823 0.097977700 0.090836640 0.117525907 0.195800826 0.198509561 0.156335955 0.266344956 0.272526744 0.272273688 0.267319871 0.265885944 0.265098526 0.265773795 0.257714462 0.278424971 0.268602150 0.417899227 0.418349236 0.397721387 0.398423798 0.431223596 0.452625991 0.446133418 0.447442473 0.456468760 0.452264512 0.441580696 0.454289444 0.446661223 0.450410106 0.712356428 
32     0.426584148 0.424116152 0.426133602 0.440435375 0.435881003 0.451498811 0.442257988 0.442889050 0.436633465 0.337033355 0.336258935 0.337570699 0.382068326 0.273564618 0.270863674 0.175399432 0.199557245 0.094559550 0.053668823 0.000000000 0.098638819 0.091791603 0.118012924 0.197243996 0.199928390 0.157249468 0.267433754 0.273615541 0.273362485 0.268408669 0.266974742 0.266187324 0.266862593 0.258853904 0.279582258 0.269892125 0.418981185 0.419510017 0.398772040 0.399474451 0.432305555 0.453707949 0.447215377 0.448524432 0.457550719 0.453346471 0.442662655 0.455371402 0.447743182 0.451492064 0.713438387 
8     0.426020561 0.423552566 0.425703940 0.439894739 0.435340367 0.450837203 0.441631000 0.442262062 0.436006478 0.335782359 0.335007939 0.336319703 0.381153554 0.272562319 0.269864046 0.174552573 0.198796331 0.093873172 0.097977700 0.098638819 0.000000000 0.081701227 0.116921351 0.195769826 0.198445557 0.155574191 0.266636154 0.272817941 0.272429844 0.267644783 0.266181694 0.265394276 0.266069545 0.258035240 0.278904978 0.269152297 0.418096445 0.418735305 0.397748831 0.398451242 0.431392599 0.453175909 0.446683336 0.447992391 0.457018678 0.452848638 0.442115918 0.454824666 0.447146549 0.450895431 0.712620889 
25     0.419724749 0.417256754 0.419408128 0.433598927 0.429044555 0.444541391 0.435335188 0.435966250 0.429710665 0.329929467 0.329155047 0.330466811 0.374964438 0.266157721 0.263441931 0.167856992 0.192154638 0.087352840 0.090836640 0.091791603 0.081701227 0.000000000 0.109365823 0.189037498 0.191665798 0.148551757 0.260133828 0.266315615 0.265981427 0.261118625 0.259670736 0.258883318 0.259558587 0.251628178 0.272340601 0.262587921 0.411937646 0.412438856 0.391761205 0.392463616 0.425236455 0.446888988 0.440396416 0.441705471 0.450731758 0.446561718 0.435828998 0.448537746 0.440859629 0.444608511 0.706306502 
20     0.424416748 0.421948753 0.424100127 0.438237155 0.433736554 0.449240785 0.440031753 0.440662816 0.434407231 0.334676139 0.333901718 0.335213482 0.379752445 0.271243418 0.268521982 0.173409539 0.197612273 0.110421767 0.117525907 0.118012924 0.116921351 0.109365823 0.000000000 0.194870368 0.197778572 0.155279445 0.264842407 0.271016436 0.270742040 0.265823611 0.264353458 0.263566040 0.264241309 0.256113223 0.276711774 0.267034689 0.416489925 0.417018757 0.396198728 0.396901139 0.429699539 0.450955074 0.444499105 0.445808159 0.454797843 0.450607939 0.439980712 0.452661368 0.444971346 0.448720229 0.711037415 
7     0.436777561 0.433956110 0.436493671 0.450846079 0.446186873 0.461491372 0.452416578 0.453047640 0.446792056 0.347073106 0.346298686 0.347614289 0.392300487 0.283283578 0.280632719 0.187059881 0.210152873 0.190538493 0.195800826 0.197243996 0.195769826 0.189037498 0.194870368 0.000000000 0.078137365 0.134298149 0.277441236 0.283626856 0.283430782 0.278572894 0.277010566 0.276223148 0.276898417 0.269071962 0.289574637 0.279911890 0.428795151 0.429204607 0.408283485 0.408829677 0.442196582 0.463932143 0.457439571 0.458871487 0.467682239 0.463644456 0.452865665 0.465574413 0.457522716 0.461396247 0.723690386 
21     0.439905074 0.436943935 0.439456710 0.453809118 0.449149913 0.464665898 0.455168048 0.455799110 0.449543525 0.350238098 0.349463678 0.350779281 0.395465479 0.286361732 0.283710873 0.190390719 0.212933928 0.193419898 0.198509561 0.199928390 0.198445557 0.191665798 0.197778572 0.078137365 0.000000000 0.137999707 0.280704138 0.286889758 0.286693683 0.281835795 0.280273468 0.279486050 0.280161319 0.272334864 0.292839178 0.283176430 0.431966595 0.432242761 0.411466067 0.412012258 0.445379163 0.467207242 0.460714670 0.462146585 0.470957338 0.466919555 0.456140764 0.468849511 0.461011953 0.464721952 0.726834423 
4     0.397473785 0.395075757 0.397199583 0.411489463 0.406830257 0.422474915 0.413132642 0.413763704 0.407508120 0.307800361 0.307025941 0.308341543 0.353033537 0.243587806 0.240936947 0.148020242 0.168540076 0.150102455 0.156335955 0.157249468 0.155574191 0.148551757 0.155279445 0.134298149 0.137999707 0.000000000 0.237947466 0.244121496 0.243873722 0.238966915 0.237404257 0.236616839 0.237292108 0.229203951 0.249890587 0.240114691 0.390332547 0.390769494 0.370079381 0.370721761 0.403680116 0.425737012 0.419244440 0.420553495 0.429487109 0.425431828 0.414653036 0.427361784 0.419580175 0.423329058 0.684688968 
16     0.388768252 0.385983641 0.387376247 0.402054869 0.397149509 0.413078248 0.403786058 0.404417121 0.398161536 0.297516261 0.296741840 0.298062312 0.342014694 0.239513070 0.236318258 0.249385052 0.273433409 0.260803008 0.266344956 0.267433754 0.266636154 0.260133828 0.264842407 0.277441236 0.280704138 0.237947466 0.000000000 0.065497694 0.065776685 0.102447025 0.100488203 0.100451017 0.101126960 0.116802835 0.182300633 0.172637999 0.381485215 0.382483222 0.360909257 0.361611668 0.394185832 0.416436097 0.409943525 0.411110425 0.420085555 0.416191088 0.405291565 0.417973128 0.410476400 0.414137699 0.674034481 
29     0.394729740 0.391945129 0.393563078 0.408016357 0.403100501 0.419039736 0.409747546 0.410378609 0.404123024 0.303285866 0.302511446 0.303831917 0.347604217 0.245596986 0.242402174 0.255589720 0.279621799 0.267026229 0.272526744 0.273615541 0.272817941 0.266315615 0.271016436 0.283626856 0.286889758 0.244121496 0.065497694 0.000000000 0.066165996 0.108362186 0.107788689 0.107352677 0.108386518 0.122467267 0.188496470 0.178869040 0.387446703 0.388444710 0.366870745 0.367573156 0.400147320 0.422397585 0.415905013 0.417071913 0.426047043 0.422152576 0.411253053 0.423934616 0.416437888 0.420099188 0.679995969 
35     0.394706741 0.391922130 0.393329377 0.407993358 0.403077502 0.419016738 0.409724547 0.410355610 0.404100025 0.303465617 0.302691197 0.304011668 0.347969286 0.245396739 0.242201927 0.255336707 0.279368786 0.266655173 0.272273688 0.273362485 0.272429844 0.265981427 0.270742040 0.283430782 0.286693683 0.243873722 0.065776685 0.066165996 0.000000000 0.107586010 0.106740951 0.106795829 0.107454315 0.122678006 0.188148196 0.178426972 0.387423704 0.388421711 0.366847747 0.367550158 0.400124321 0.422374586 0.415882014 0.417048914 0.426024044 0.422129577 0.411230054 0.423911617 0.416414889 0.420076189 0.679972970 
3     0.389411256 0.386626645 0.388244594 0.402896139 0.398005592 0.413765266 0.404317176 0.404948238 0.398692653 0.298041253 0.297266833 0.298587304 0.342540537 0.240846766 0.237651954 0.250459142 0.274448415 0.261631476 0.267319871 0.268408669 0.267644783 0.261118625 0.265823611 0.278572894 0.281835795 0.238966915 0.102447025 0.108362186 0.107586010 0.000000000 0.087513364 0.087302959 0.086765336 0.116208552 0.183261074 0.173606802 0.381584844 0.382582851 0.361150702 0.361853113 0.394404874 0.416629706 0.410137134 0.411356239 0.420279164 0.416384697 0.405474366 0.418157539 0.410461499 0.414287840 0.672497807 
10     0.388474274 0.385689664 0.387307612 0.401959158 0.397068611 0.412762593 0.403380194 0.404011257 0.397755672 0.296993231 0.296218811 0.297539282 0.341492515 0.238964606 0.235689304 0.248875906 0.272738577 0.260472011 0.265885944 0.266974742 0.266181694 0.259670736 0.264353458 0.277010566 0.280273468 0.237404257 0.100488203 0.107788689 0.106740951 0.087513364 0.000000000 0.042191743 0.043085995 0.113900791 0.182577864 0.172766775 0.380756657 0.381754664 0.360220334 0.360922744 0.393461976 0.415624227 0.409131655 0.410350760 0.419273684 0.415335870 0.404573148 0.417256320 0.409793386 0.413487964 0.673464115 
27     0.387575322 0.384790711 0.386408659 0.401060205 0.396206383 0.411863640 0.402381766 0.403012828 0.396705157 0.296346999 0.295572579 0.296893050 0.340846283 0.238488481 0.235213179 0.248102278 0.271951159 0.259684593 0.265098526 0.266187324 0.265394276 0.258883318 0.263566040 0.276223148 0.279486050 0.236616839 0.100451017 0.107352677 0.106795829 0.087302959 0.042191743 0.000000000 0.034903355 0.113830492 0.181803850 0.172081097 0.379978199 0.380976206 0.359441875 0.360144286 0.392696047 0.414879689 0.408387117 0.409606222 0.418529147 0.414591333 0.403842702 0.416525874 0.409048848 0.412743426 0.672710978 
17     0.388155180 0.385370569 0.386988517 0.401640063 0.396749516 0.412443498 0.402961624 0.403592686 0.397285015 0.296926857 0.296152437 0.297472908 0.341426141 0.239262334 0.235987032 0.248772665 0.272626428 0.260359862 0.265773795 0.266862593 0.266069545 0.259558587 0.264241309 0.276898417 0.280161319 0.237292108 0.101126960 0.108386518 0.107454315 0.086765336 0.043085995 0.034903355 0.000000000 0.114737129 0.182641965 0.172920562 0.380558057 0.381556064 0.360021733 0.360724144 0.393275905 0.415459547 0.408966975 0.410186080 0.419109004 0.415171190 0.404408468 0.417091640 0.409628706 0.413323284 0.673290835 
2     0.380200425 0.377415814 0.379040353 0.393685309 0.388831487 0.404488744 0.395106345 0.395737408 0.389481823 0.288935734 0.287899294 0.289481785 0.333509562 0.230767298 0.227572486 0.240816005 0.264838959 0.252238976 0.257714462 0.258853904 0.258035240 0.251628178 0.256113223 0.269071962 0.272334864 0.229203951 0.116802835 0.122467267 0.122678006 0.116208552 0.113900791 0.113830492 0.114737129 0.000000000 0.172861823 0.163657868 0.372926230 0.373924236 0.352573019 0.353275430 0.385672756 0.407109104 0.400616532 0.401835637 0.410707899 0.406877753 0.395912136 0.408537383 0.401304023 0.404959303 0.665193461 
36     0.399923107 0.397138496 0.398654982 0.413407990 0.408564470 0.424088705 0.414820410 0.415451473 0.409195888 0.308817959 0.308011038 0.309402358 0.353397322 0.252211509 0.249389177 0.261004546 0.284947159 0.273105463 0.278424971 0.279582258 0.278904978 0.272340601 0.276711774 0.289574637 0.292839178 0.249890587 0.182300633 0.188496470 0.188148196 0.183261074 0.182577864 0.181803850 0.182641965 0.172861823 0.000000000 0.149530619 0.393020780 0.394018787 0.372627110 0.373329521 0.405819546 0.427377543 0.420884971 0.421925683 0.431047078 0.427118336 0.416391036 0.428986711 0.421402863 0.425210191 0.685338909 
14     0.389502741 0.386718130 0.388373483 0.402987624 0.398133802 0.413358458 0.404194449 0.404825512 0.398569927 0.298555352 0.297748432 0.299165709 0.343206798 0.242534902 0.239324463 0.251445470 0.275306492 0.263352783 0.268602150 0.269892125 0.269152297 0.262587921 0.267034689 0.279911890 0.283176430 0.240114691 0.172637999 0.178869040 0.178426972 0.173606802 0.172766775 0.172081097 0.172920562 0.163657868 0.149530619 0.000000000 0.382548749 0.383546755 0.362024879 0.362706623 0.395081792 0.417068769 0.410576197 0.411718542 0.420738304 0.416809285 0.405958189 0.418633058 0.410887613 0.414912311 0.675038994 
41     0.398765600 0.396003402 0.397021002 0.412864227 0.408051620 0.423999300 0.414077771 0.414917843 0.408625160 0.356720449 0.356230555 0.357314499 0.401920158 0.393934804 0.391156019 0.401452767 0.426266279 0.411678652 0.417899227 0.418981185 0.418096445 0.411937646 0.416489925 0.428795151 0.431966595 0.390332547 0.381485215 0.387446703 0.387423704 0.381584844 0.380756657 0.379978199 0.380558057 0.372926230 0.393020780 0.382548749 0.000000000 0.059745406 0.206089434 0.206792953 0.236560636 0.383846178 0.377353606 0.378875265 0.387829038 0.382725197 0.371986694 0.384705974 0.377789691 0.381202785 0.676462416 
39     0.400946620 0.398216680 0.399344755 0.414921535 0.410108927 0.426022322 0.416109439 0.416949511 0.410656829 0.357885444 0.357395549 0.358479493 0.403085153 0.394899218 0.392120433 0.402324331 0.427137844 0.412177963 0.418349236 0.419510017 0.418735305 0.412438856 0.417018757 0.429204607 0.432242761 0.390769494 0.382483222 0.388444710 0.388421711 0.382582851 0.381754664 0.380976206 0.381556064 0.373924236 0.394018787 0.383546755 0.059745406 0.000000000 0.208713110 0.209416630 0.239521823 0.385568525 0.379075952 0.380597611 0.389551385 0.384447543 0.373709041 0.386448066 0.379419133 0.382897115 0.678139912 
40     0.378632671 0.376032174 0.376462625 0.392632237 0.387819630 0.403748031 0.394160818 0.395000890 0.388708207 0.336671466 0.336163638 0.337247582 0.381848345 0.373499422 0.370713559 0.380876819 0.405829809 0.391576328 0.397721387 0.398772040 0.397748831 0.391761205 0.396198728 0.408283485 0.411466067 0.370079381 0.360909257 0.366870745 0.366847747 0.361150702 0.360220334 0.359441875 0.360021733 0.352573019 0.372627110 0.362024879 0.206089434 0.208713110 0.000000000 0.037109395 0.200507059 0.364324112 0.357830282 0.359353199 0.368214437 0.363285505 0.352241105 0.365278406 0.357637724 0.361572088 0.657234071 
48     0.379335082 0.376734585 0.377165164 0.393334648 0.388522041 0.404450442 0.394863229 0.395703301 0.389410618 0.337373877 0.336866049 0.337949993 0.382550756 0.374201833 0.371415970 0.381579230 0.406532220 0.392278739 0.398423798 0.399474451 0.398451242 0.392463616 0.396901139 0.408829677 0.412012258 0.370721761 0.361611668 0.367573156 0.367550158 0.361853113 0.360922744 0.360144286 0.360724144 0.353275430 0.373329521 0.362706623 0.206792953 0.209416630 0.037109395 0.000000000 0.201451470 0.365016276 0.358522446 0.360045363 0.368906601 0.363977669 0.352933269 0.365970570 0.358329888 0.362264253 0.657938616 
46     0.412079130 0.409472983 0.410230649 0.426128918 0.421316311 0.437159187 0.427550239 0.428390311 0.422097628 0.369815397 0.369633830 0.370717774 0.415235279 0.406611595 0.403786662 0.414398441 0.439502705 0.424943197 0.431223596 0.432305555 0.431392599 0.425236455 0.429699539 0.442196582 0.445379163 0.403680116 0.394185832 0.400147320 0.400124321 0.394404874 0.393461976 0.392696047 0.393275905 0.385672756 0.405819546 0.395081792 0.236560636 0.239521823 0.200507059 0.201451470 0.000000000 0.398241592 0.391756674 0.393278333 0.402189841 0.397158266 0.386343367 0.399118021 0.391370085 0.395563235 0.689700582 
49     0.435547137 0.432979885 0.434408820 0.449418450 0.444605843 0.460291985 0.450506775 0.451566584 0.445278820 0.392126826 0.391480602 0.392065109 0.437638697 0.428940411 0.426231647 0.436357127 0.461073987 0.446443985 0.452625991 0.453707949 0.453175909 0.446888988 0.450955074 0.463932143 0.467207242 0.425737012 0.416436097 0.422397585 0.422374586 0.416629706 0.415624227 0.414879689 0.415459547 0.407109104 0.427377543 0.417068769 0.383846178 0.385568525 0.364324112 0.365016276 0.398241592 0.000000000 0.063460871 0.080711120 0.093048437 0.125071005 0.172718387 0.186772538 0.239977904 0.241687341 0.708600561 
42     0.429054565 0.426487312 0.427916247 0.442925878 0.438113271 0.453799413 0.444014202 0.445074012 0.438786248 0.385557702 0.384911478 0.385555531 0.431146124 0.422447839 0.419739075 0.429864554 0.454581415 0.439951413 0.446133418 0.447215377 0.446683336 0.440396416 0.444499105 0.457439571 0.460714670 0.419244440 0.409943525 0.415905013 0.415882014 0.410137134 0.409131655 0.408387117 0.408966975 0.400616532 0.420884971 0.410576197 0.377353606 0.379075952 0.357830282 0.358522446 0.391756674 0.063460871 0.000000000 0.075087709 0.086776030 0.117722061 0.166596184 0.180075060 0.233453210 0.235150338 0.702107989 
37     0.430630340 0.428063088 0.429492023 0.444501654 0.439689047 0.455375188 0.445701441 0.446761250 0.440468568 0.386949069 0.386302845 0.386946897 0.432460940 0.423756893 0.421048130 0.431173609 0.455890470 0.441260468 0.447442473 0.448524432 0.447992391 0.441705471 0.445808159 0.458871487 0.462146585 0.420553495 0.411110425 0.417071913 0.417048914 0.411356239 0.410350760 0.409606222 0.410186080 0.401835637 0.421925683 0.411718542 0.378875265 0.380597611 0.359353199 0.360045363 0.393278333 0.080711120 0.075087709 0.000000000 0.088640763 0.118955875 0.168289667 0.182061678 0.235195041 0.236900912 0.703512927 
45     0.439235148 0.436667896 0.438096831 0.453193962 0.448381355 0.463979996 0.454358190 0.455418000 0.449107927 0.396067625 0.395421401 0.396065453 0.441656047 0.432690507 0.429981743 0.440107223 0.464824083 0.450286754 0.456468760 0.457550719 0.457018678 0.450731758 0.454797843 0.467682239 0.470957338 0.429487109 0.420085555 0.426047043 0.426024044 0.420279164 0.419273684 0.418529147 0.419109004 0.410707899 0.431047078 0.420738304 0.387829038 0.389551385 0.368214437 0.368906601 0.402189841 0.093048437 0.086776030 0.088640763 0.000000000 0.129351515 0.177345945 0.191601004 0.244748884 0.246419630 0.712560938 
38     0.434509361 0.431942109 0.433371044 0.448380675 0.443568068 0.459254209 0.449303327 0.450571448 0.444198299 0.390666897 0.390020673 0.390664725 0.436210884 0.428695401 0.425986638 0.435972941 0.460760859 0.446109080 0.452264512 0.453346471 0.452848638 0.446561718 0.450607939 0.463644456 0.466919555 0.425431828 0.416191088 0.422152576 0.422129577 0.416384697 0.415335870 0.414591333 0.415171190 0.406877753 0.427118336 0.416809285 0.382725197 0.384447543 0.363285505 0.363977669 0.397158266 0.125071005 0.117722061 0.118955875 0.129351515 0.000000000 0.169417570 0.183715940 0.236507733 0.238235756 0.708286994 
43     0.424030893 0.420951502 0.422128071 0.437767927 0.432832118 0.448695833 0.438908525 0.440113605 0.433820922 0.380584524 0.379938730 0.380713955 0.426048396 0.418040858 0.415332094 0.425354557 0.449916066 0.435241557 0.441580696 0.442662655 0.442115918 0.435828998 0.439980712 0.452865665 0.456140764 0.414653036 0.405291565 0.411253053 0.411230054 0.405474366 0.404573148 0.403842702 0.404408468 0.395912136 0.416391036 0.405958189 0.371986694 0.373709041 0.352241105 0.352933269 0.386343367 0.172718387 0.166596184 0.168289667 0.177345945 0.169417570 0.000000000 0.108791152 0.225941141 0.227944864 0.697616217 
50     0.437010844 0.433884850 0.435223227 0.450731925 0.445796117 0.461616436 0.451894921 0.453039470 0.446746787 0.393363015 0.392717221 0.393492446 0.438829689 0.430771173 0.428062410 0.438063305 0.462624814 0.447989172 0.454289444 0.455371402 0.454824666 0.448537746 0.452661368 0.465574413 0.468849511 0.427361784 0.417973128 0.423934616 0.423911617 0.418157539 0.417256320 0.416525874 0.417091640 0.408537383 0.428986711 0.418633058 0.384705974 0.386448066 0.365278406 0.365970570 0.399118021 0.186772538 0.180075060 0.182061678 0.191601004 0.183715940 0.108791152 0.000000000 0.239856395 0.241620795 0.710593185 
47     0.429426193 0.426470364 0.427899299 0.443014205 0.438201598 0.454073589 0.444415285 0.445535464 0.439242782 0.385943307 0.385297514 0.386034371 0.431129195 0.422642911 0.419976613 0.430290555 0.455005166 0.440447822 0.446661223 0.447743182 0.447146549 0.440859629 0.444971346 0.457522716 0.461011953 0.419580175 0.410476400 0.416437888 0.416414889 0.410461499 0.409793386 0.409048848 0.409628706 0.401304023 0.421402863 0.410887613 0.377789691 0.379419133 0.357637724 0.358329888 0.391370085 0.239977904 0.233453210 0.235195041 0.244748884 0.236507733 0.225941141 0.239856395 0.000000000 0.168766171 0.703823018 
44     0.433150679 0.430154439 0.431583374 0.446689309 0.441876702 0.457700068 0.447901213 0.449077430 0.442784748 0.388785553 0.388139760 0.388876617 0.434175745 0.426505266 0.423796502 0.434039437 0.458754048 0.444196705 0.450410106 0.451492064 0.450895431 0.444608511 0.448720229 0.461396247 0.464721952 0.423329058 0.414137699 0.420099188 0.420076189 0.414287840 0.413487964 0.412743426 0.413323284 0.404959303 0.425210191 0.414912311 0.381202785 0.382897115 0.361572088 0.362264253 0.395563235 0.241687341 0.235150338 0.236900912 0.246419630 0.238235756 0.227944864 0.241620795 0.168766171 0.000000000 0.707678586 
0     0.691187536 0.687175055 0.690043975 0.703566139 0.698753532 0.714670330 0.706162044 0.706836775 0.700544093 0.652102975 0.651475196 0.652545753 0.697508067 0.688180676 0.685419040 0.695895290 0.720113455 0.706314170 0.712356428 0.713438387 0.712620889 0.706306502 0.711037415 0.723690386 0.726834423 0.684688968 0.674034481 0.679995969 0.679972970 0.672497807 0.673464115 0.672710978 0.673290835 0.665193461 0.685338909 0.675038994 0.676462416 0.678139912 0.657234071 0.657938616 0.689700582 0.708600561 0.702107989 0.703512927 0.712560938 0.708286994 0.697616217 0.710593185 0.703823018 0.707678586 0.000000000 
