51
23     0.000000000 0.000000800 0.000032620 0.000138080 0.000151390 0.000118930 0.000122250 0.000157900 0.000164520 0.000233310 0.000238960 0.000234660 0.000208010 0.000192400 0.000210070 0.000146760 0.000071210 0.000202340 0.000162440 0.000145970 0.000157490 0.000115400 0.000131260 0.000124510 0.000170060 0.000153820 0.000118050 0.000110140 0.000132700 0.000129870 0.000142110 0.000132760 0.000122170 0.000155610 0.000238730 0.000155790 0.000163500 0.000119620 0.000276440 0.000233490 0.000235910 0.000210800 0.000203040 0.000150400 0.000125210 0.000165590 0.000137260 0.000142140 0.000144620 0.000188560 0.000218990 
16     0.000000800 0.000000000 0.000004960 0.000137590 0.000150900 0.000118440 0.000121760 0.000157410 0.000164030 0.000232820 0.000220220 0.000234170 0.000207520 0.000191910 0.000209580 0.000146270 0.000141540 0.000201850 0.000161950 0.000145480 0.000157000 0.000114910 0.000130770 0.000124020 0.000169570 0.000153330 0.000117560 0.000109650 0.000132210 0.000129380 0.000141620 0.000132270 0.000121680 0.000155120 0.000238240 0.000155300 0.000163010 0.000119130 0.000275950 0.000233000 0.000235420 0.000210310 0.000202550 0.000191000 0.000124720 0.000165100 0.000136770 0.000141650 0.000144130 0.000188070 0.000218500 
14     0.000032620 0.000004960 0.000000000 0.000001290 0.000148310 0.000115850 0.000119170 0.000154820 0.000161440 0.000230230 0.000235880 0.000231580 0.000204930 0.000189320 0.000206990 0.000143680 0.000138950 0.000066440 0.000159360 0.000142890 0.000154410 0.000112320 0.000128180 0.000121430 0.000166980 0.000150740 0.000114970 0.000107060 0.000129620 0.000126790 0.000139030 0.000129680 0.000119090 0.000152530 0.000235650 0.000152710 0.000160420 0.000116540 0.000273360 0.000230410 0.000232830 0.000207720 0.000199960 0.000188410 0.000122130 0.000162510 0.000134180 0.000139060 0.000141540 0.000185480 0.000215910 
35     0.000138080 0.000137590 0.000001290 0.000000000 0.000134110 0.000101650 0.000139990 0.000175640 0.000182260 0.000251050 0.000256700 0.000252400 0.000225750 0.000210140 0.000227810 0.000164500 0.000159770 0.000220080 0.000180180 0.000163710 0.000175230 0.000133140 0.000149000 0.000142250 0.000187800 0.000171560 0.000135790 0.000127880 0.000150440 0.000147610 0.000159850 0.000150500 0.000139910 0.000173350 0.000256470 0.000173530 0.000181240 0.000137360 0.000294180 0.000251230 0.000253650 0.000228540 0.000220780 0.000209230 0.000142950 0.000183330 0.000155000 0.000159880 0.000154580 0.000206300 0.000236730 
41     0.000151390 0.000150900 0.000148310 0.000134110 0.000000000 0.000000900 0.000153300 0.000188950 0.000195570 0.000264360 0.000270010 0.000265710 0.000239060 0.000196210 0.000241120 0.000177810 0.000173080 0.000233390 0.000193490 0.000177020 0.000188540 0.000146450 0.000162310 0.000155560 0.000201110 0.000184870 0.000149100 0.000141190 0.000163750 0.000160920 0.000173160 0.000163810 0.000153220 0.000186660 0.000269780 0.000186840 0.000194550 0.000150670 0.000307490 0.000264540 0.000266960 0.000241850 0.000234090 0.000222540 0.000156260 0.000196640 0.000168310 0.000173190 0.000175670 0.000219610 0.000250040 
29     0.000118930 0.000118440 0.000115850 0.000101650 0.000000900 0.000000000 0.000120840 0.000156490 0.000163110 0.000231900 0.000237550 0.000233250 0.000206600 0.000190990 0.000208660 0.000145350 0.000140620 0.000200930 0.000161030 0.000144560 0.000156080 0.000113990 0.000129850 0.000123100 0.000168650 0.000130810 0.000116640 0.000108730 0.000131290 0.000128460 0.000140700 0.000131350 0.000120760 0.000154200 0.000237320 0.000154380 0.000162090 0.000118210 0.000275030 0.000060100 0.000234500 0.000209390 0.000201630 0.000190080 0.000123800 0.000164180 0.000135850 0.000140730 0.000143210 0.000187150 0.000217580 
20     0.000122250 0.000121760 0.000119170 0.000139990 0.000153300 0.000120840 0.000000000 0.000081490 0.000088110 0.000222720 0.000228370 0.000224070 0.000197420 0.000181810 0.000199480 0.000136170 0.000131440 0.000191750 0.000151850 0.000135380 0.000146900 0.000104810 0.000120670 0.000113920 0.000159470 0.000143230 0.000107460 0.000099550 0.000122110 0.000119280 0.000131520 0.000122170 0.000111580 0.000145020 0.000228140 0.000145200 0.000152910 0.000109030 0.000265850 0.000222900 0.000225320 0.000200210 0.000192450 0.000180900 0.000114620 0.000155000 0.000126670 0.000131550 0.000134030 0.000177970 0.000208400 
33     0.000157900 0.000157410 0.000154820 0.000175640 0.000188950 0.000156490 0.000081490 0.000000000 0.000023980 0.000258370 0.000264020 0.000259720 0.000233070 0.000217460 0.000235130 0.000171820 0.000167090 0.000227400 0.000187500 0.000171030 0.000182550 0.000140460 0.000156320 0.000149570 0.000195120 0.000178880 0.000143110 0.000135200 0.000157760 0.000154930 0.000167170 0.000157820 0.000147230 0.000180670 0.000263790 0.000180850 0.000188560 0.000144680 0.000301500 0.000258550 0.000260970 0.000235860 0.000228100 0.000216550 0.000150270 0.000190650 0.000162320 0.000167200 0.000169680 0.000213620 0.000244050 
15     0.000164520 0.000164030 0.000161440 0.000182260 0.000195570 0.000163110 0.000088110 0.000023980 0.000000000 0.000264990 0.000270640 0.000266340 0.000239690 0.000224080 0.000241750 0.000178440 0.000173710 0.000234020 0.000194120 0.000177650 0.000189170 0.000147080 0.000162940 0.000156190 0.000201740 0.000185500 0.000149730 0.000141820 0.000164380 0.000161550 0.000173790 0.000164440 0.000153850 0.000187290 0.000270410 0.000187470 0.000195180 0.000151300 0.000308120 0.000265170 0.000267590 0.000242480 0.000234720 0.000223170 0.000156890 0.000197270 0.000168940 0.000173820 0.000176300 0.000220240 0.000250670 
40     0.000233310 0.000232820 0.000230230 0.000251050 0.000264360 0.000231900 0.000222720 0.000258370 0.000264990 0.000000000 0.000015310 0.000011010 0.000292600 0.000276990 0.000294660 0.000231350 0.000226620 0.000110660 0.000247030 0.000230560 0.000242080 0.000199990 0.000215850 0.000209100 0.000228690 0.000238410 0.000064140 0.000122790 0.000217290 0.000214460 0.000226700 0.000217350 0.000206760 0.000148350 0.000059580 0.000240380 0.000248090 0.000204210 0.000169010 0.000027860 0.000056760 0.000269430 0.000261670 0.000250120 0.000183840 0.000224220 0.000181070 0.000185950 0.000188430 0.000232370 0.000267940 
5     0.000238960 0.000220220 0.000235880 0.000256700 0.000270010 0.000237550 0.000228370 0.000264020 0.000270640 0.000015310 0.000000000 0.000006860 0.000298250 0.000282640 0.000300310 0.000237000 0.000232270 0.000266620 0.000252680 0.000236210 0.000247730 0.000205640 0.000221500 0.000214750 0.000234340 0.000244060 0.000208290 0.000200380 0.000222940 0.000220110 0.000232350 0.000223000 0.000212410 0.000245850 0.000065230 0.000246030 0.000253740 0.000209860 0.000174660 0.000033510 0.000062410 0.000275080 0.000267320 0.000255770 0.000189490 0.000229870 0.000186720 0.000191600 0.000194080 0.000238020 0.000273590 
10     0.000234660 0.000234170 0.000231580 0.000252400 0.000265710 0.000233250 0.000224070 0.000259720 0.000266340 0.000011010 0.000006860 0.000000000 0.000284370 0.000278340 0.000296010 0.000232700 0.000227970 0.000262320 0.000248380 0.000231910 0.000243430 0.000201340 0.000217200 0.000210450 0.000230040 0.000239760 0.000203990 0.000196080 0.000218640 0.000215810 0.000228050 0.000218700 0.000208110 0.000241550 0.000060930 0.000241730 0.000249440 0.000205560 0.000170360 0.000029210 0.000058110 0.000270780 0.000263020 0.000251470 0.000185190 0.000225570 0.000182420 0.000187300 0.000189780 0.000233720 0.000269290 
11     0.000208010 0.000207520 0.000204930 0.000225750 0.000239060 0.000206600 0.000197420 0.000233070 0.000239690 0.000292600 0.000298250 0.000284370 0.000000000 0.000038890 0.000222060 0.000170870 0.000166140 0.000261630 0.000173910 0.000157440 0.000125230 0.000143550 0.000159410 0.000152660 0.000229350 0.000181970 0.000158860 0.000150950 0.000173510 0.000170680 0.000182920 0.000177210 0.000166620 0.000200060 0.000298020 0.000200240 0.000207950 0.000164070 0.000335730 0.000292780 0.000295200 0.000270090 0.000262330 0.000250780 0.000184500 0.000224880 0.000196550 0.000201430 0.000203910 0.000247850 0.000278280 
45     0.000192400 0.000191910 0.000189320 0.000210140 0.000196210 0.000190990 0.000181810 0.000217460 0.000224080 0.000276990 0.000282640 0.000278340 0.000038890 0.000000000 0.000206450 0.000155260 0.000150530 0.000246020 0.000158300 0.000141830 0.000153680 0.000127940 0.000143800 0.000137050 0.000213740 0.000166360 0.000143250 0.000135340 0.000157900 0.000155070 0.000167310 0.000161600 0.000151010 0.000184450 0.000282410 0.000184630 0.000192340 0.000148460 0.000320120 0.000277170 0.000279590 0.000254480 0.000246720 0.000235170 0.000168890 0.000209270 0.000180940 0.000185820 0.000188300 0.000232240 0.000262670 
17     0.000210070 0.000209580 0.000206990 0.000227810 0.000241120 0.000208660 0.000199480 0.000235130 0.000241750 0.000294660 0.000300310 0.000296010 0.000222060 0.000206450 0.000000000 0.000172930 0.000168200 0.000000000 0.000176490 0.000160020 0.000187700 0.000145610 0.000161470 0.000154720 0.000231410 0.000184030 0.000160920 0.000153010 0.000175570 0.000172740 0.000184980 0.000179270 0.000168680 0.000202120 0.000300080 0.000202300 0.000210010 0.000166130 0.000337790 0.000294840 0.000297260 0.000272150 0.000264390 0.000252840 0.000186560 0.000226940 0.000198610 0.000203490 0.000205970 0.000249910 0.000280340 
9     0.000146760 0.000146270 0.000143680 0.000164500 0.000177810 0.000145350 0.000136170 0.000171820 0.000178440 0.000231350 0.000237000 0.000232700 0.000170870 0.000155260 0.000172930 0.000000000 0.000027010 0.000200380 0.000125300 0.000108830 0.000124390 0.000082300 0.000098160 0.000091410 0.000168100 0.000120720 0.000097610 0.000089700 0.000112260 0.000109430 0.000121670 0.000115960 0.000105370 0.000138810 0.000236770 0.000138990 0.000146700 0.000102820 0.000274480 0.000231530 0.000233950 0.000208840 0.000201080 0.000189530 0.000123250 0.000163630 0.000135300 0.000140180 0.000142660 0.000186600 0.000217030 
46     0.000071210 0.000141540 0.000138950 0.000159770 0.000173080 0.000140620 0.000131440 0.000167090 0.000173710 0.000226620 0.000232270 0.000227970 0.000166140 0.000150530 0.000168200 0.000027010 0.000000000 0.000195650 0.000120570 0.000104100 0.000119660 0.000077570 0.000093430 0.000086680 0.000163370 0.000115990 0.000092880 0.000084970 0.000107530 0.000104700 0.000116940 0.000111230 0.000100640 0.000134080 0.000232040 0.000134260 0.000141970 0.000098090 0.000269750 0.000226800 0.000229220 0.000204110 0.000196350 0.000184800 0.000118520 0.000158900 0.000130570 0.000135450 0.000137930 0.000181870 0.000212300 
7     0.000202340 0.000201850 0.000066440 0.000220080 0.000233390 0.000200930 0.000191750 0.000227400 0.000234020 0.000110660 0.000266620 0.000262320 0.000261630 0.000246020 0.000000000 0.000200380 0.000195650 0.000000000 0.000216060 0.000199590 0.000211110 0.000169020 0.000184880 0.000178130 0.000177860 0.000207440 0.000171670 0.000163760 0.000186320 0.000183490 0.000195730 0.000186380 0.000175790 0.000209230 0.000266390 0.000209410 0.000217120 0.000173240 0.000304100 0.000261150 0.000263570 0.000026680 0.000010200 0.000064210 0.000128650 0.000173390 0.000164920 0.000169800 0.000172280 0.000216220 0.000246650 
19     0.000162440 0.000161950 0.000159360 0.000180180 0.000193490 0.000161030 0.000151850 0.000187500 0.000194120 0.000247030 0.000252680 0.000248380 0.000173910 0.000158300 0.000176490 0.000125300 0.000120570 0.000216060 0.000000000 0.000032630 0.000140070 0.000097980 0.000113840 0.000107090 0.000183780 0.000136400 0.000113290 0.000105380 0.000127940 0.000125110 0.000137350 0.000131640 0.000121050 0.000154490 0.000252450 0.000154670 0.000162380 0.000118500 0.000290160 0.000247210 0.000249630 0.000224520 0.000216760 0.000205210 0.000138930 0.000179310 0.000150980 0.000155860 0.000158340 0.000202280 0.000232710 
38     0.000145970 0.000145480 0.000142890 0.000163710 0.000177020 0.000144560 0.000135380 0.000171030 0.000177650 0.000230560 0.000236210 0.000231910 0.000157440 0.000141830 0.000160020 0.000108830 0.000104100 0.000199590 0.000032630 0.000000000 0.000123600 0.000081510 0.000097370 0.000090620 0.000167310 0.000119930 0.000033430 0.000088910 0.000111470 0.000108640 0.000120880 0.000115170 0.000104580 0.000138020 0.000235980 0.000138200 0.000145910 0.000102030 0.000273690 0.000230740 0.000233160 0.000208050 0.000200290 0.000188740 0.000122460 0.000162840 0.000134510 0.000139390 0.000141870 0.000185810 0.000216240 
34     0.000157490 0.000157000 0.000154410 0.000175230 0.000188540 0.000156080 0.000146900 0.000182550 0.000189170 0.000242080 0.000247730 0.000243430 0.000125230 0.000153680 0.000187700 0.000124390 0.000119660 0.000211110 0.000140070 0.000123600 0.000000000 0.000050710 0.000073850 0.000067100 0.000026990 0.000106670 0.000108340 0.000100430 0.000122990 0.000120160 0.000095430 0.000126690 0.000116100 0.000149540 0.000247500 0.000149720 0.000157430 0.000113550 0.000285210 0.000242260 0.000244680 0.000219570 0.000211810 0.000200260 0.000133980 0.000174360 0.000146030 0.000150910 0.000153390 0.000197330 0.000227760 
6     0.000115400 0.000114910 0.000112320 0.000133140 0.000146450 0.000113990 0.000104810 0.000140460 0.000147080 0.000199990 0.000205640 0.000201340 0.000143550 0.000127940 0.000145610 0.000082300 0.000077570 0.000169020 0.000097980 0.000081510 0.000050710 0.000000000 0.000031760 0.000025010 0.000136740 0.000064580 0.000066250 0.000058340 0.000080900 0.000078070 0.000090310 0.000084600 0.000074010 0.000107450 0.000205410 0.000107630 0.000115340 0.000071460 0.000243120 0.000200170 0.000202590 0.000059410 0.000169720 0.000158170 0.000091890 0.000132270 0.000103940 0.000108820 0.000111300 0.000155240 0.000185670 
13     0.000131260 0.000130770 0.000128180 0.000149000 0.000162310 0.000129850 0.000120670 0.000156320 0.000162940 0.000215850 0.000221500 0.000217200 0.000159410 0.000143800 0.000161470 0.000098160 0.000093430 0.000184880 0.000113840 0.000097370 0.000073850 0.000031760 0.000000000 0.000031150 0.000152600 0.000080440 0.000082110 0.000074200 0.000096760 0.000093930 0.000106170 0.000100460 0.000089870 0.000123310 0.000221270 0.000123490 0.000131200 0.000087320 0.000258980 0.000216030 0.000218450 0.000193340 0.000185580 0.000174030 0.000107750 0.000148130 0.000119800 0.000124680 0.000086330 0.000171100 0.000201530 
2     0.000124510 0.000124020 0.000121430 0.000142250 0.000155560 0.000123100 0.000113920 0.000149570 0.000156190 0.000209100 0.000214750 0.000210450 0.000152660 0.000137050 0.000154720 0.000091410 0.000086680 0.000178130 0.000107090 0.000090620 0.000067100 0.000025010 0.000031150 0.000000000 0.000145850 0.000073690 0.000075360 0.000067450 0.000090010 0.000087180 0.000099420 0.000093710 0.000083120 0.000116560 0.000214520 0.000116740 0.000124450 0.000080570 0.000252230 0.000209280 0.000211700 0.000186590 0.000178830 0.000167280 0.000101000 0.000141380 0.000113050 0.000117930 0.000120410 0.000164350 0.000194780 
21     0.000170060 0.000169570 0.000166980 0.000187800 0.000201110 0.000168650 0.000159470 0.000195120 0.000201740 0.000228690 0.000234340 0.000230040 0.000229350 0.000213740 0.000231410 0.000168100 0.000163370 0.000177860 0.000183780 0.000167310 0.000026990 0.000136740 0.000152600 0.000145850 0.000000000 0.000175160 0.000139390 0.000131480 0.000154040 0.000151210 0.000163450 0.000154100 0.000143510 0.000176950 0.000234110 0.000177130 0.000184840 0.000140960 0.000271820 0.000228870 0.000231290 0.000186320 0.000178560 0.000167010 0.000100730 0.000029230 0.000132640 0.000137520 0.000140000 0.000183940 0.000214370 
32     0.000153820 0.000153330 0.000150740 0.000171560 0.000184870 0.000130810 0.000143230 0.000178880 0.000185500 0.000238410 0.000244060 0.000239760 0.000181970 0.000166360 0.000184030 0.000120720 0.000115990 0.000207440 0.000136400 0.000119930 0.000106670 0.000064580 0.000080440 0.000073690 0.000175160 0.000000000 0.000104670 0.000096760 0.000119320 0.000116490 0.000128730 0.000123020 0.000112430 0.000145870 0.000243830 0.000146050 0.000153760 0.000109880 0.000281540 0.000238590 0.000241010 0.000215900 0.000208140 0.000196590 0.000130310 0.000170690 0.000142360 0.000147240 0.000128570 0.000094120 0.000224090 
43     0.000118050 0.000117560 0.000114970 0.000135790 0.000149100 0.000116640 0.000107460 0.000143110 0.000149730 0.000064140 0.000208290 0.000203990 0.000158860 0.000143250 0.000160920 0.000097610 0.000092880 0.000171670 0.000113290 0.000033430 0.000108340 0.000066250 0.000082110 0.000075360 0.000139390 0.000104670 0.000000000 0.000013010 0.000045430 0.000042600 0.000054840 0.000087250 0.000076660 0.000110100 0.000208060 0.000110280 0.000117990 0.000074110 0.000245770 0.000202820 0.000205240 0.000180130 0.000172370 0.000160820 0.000094540 0.000134920 0.000106590 0.000111470 0.000113950 0.000157890 0.000188320 
36     0.000110140 0.000109650 0.000107060 0.000127880 0.000141190 0.000108730 0.000099550 0.000135200 0.000141820 0.000122790 0.000200380 0.000196080 0.000150950 0.000135340 0.000153010 0.000089700 0.000084970 0.000163760 0.000105380 0.000088910 0.000100430 0.000058340 0.000074200 0.000067450 0.000131480 0.000096760 0.000013010 0.000000000 0.000037520 0.000034690 0.000046930 0.000079340 0.000068750 0.000102190 0.000200150 0.000102370 0.000110080 0.000066200 0.000237860 0.000194910 0.000197330 0.000172220 0.000164460 0.000152910 0.000086630 0.000127010 0.000098680 0.000103560 0.000106040 0.000149980 0.000180410 
22     0.000132700 0.000132210 0.000129620 0.000150440 0.000163750 0.000131290 0.000122110 0.000157760 0.000164380 0.000217290 0.000222940 0.000218640 0.000173510 0.000157900 0.000175570 0.000112260 0.000107530 0.000186320 0.000127940 0.000111470 0.000122990 0.000080900 0.000096760 0.000090010 0.000154040 0.000119320 0.000045430 0.000037520 0.000000000 0.000019590 0.000042330 0.000101900 0.000091310 0.000124750 0.000222710 0.000124930 0.000132640 0.000088760 0.000260420 0.000217470 0.000219890 0.000194780 0.000187020 0.000175470 0.000109190 0.000149570 0.000121240 0.000126120 0.000128600 0.000172540 0.000202970 
31     0.000129870 0.000129380 0.000126790 0.000147610 0.000160920 0.000128460 0.000119280 0.000154930 0.000161550 0.000214460 0.000220110 0.000215810 0.000170680 0.000155070 0.000172740 0.000109430 0.000104700 0.000183490 0.000125110 0.000108640 0.000120160 0.000078070 0.000093930 0.000087180 0.000151210 0.000116490 0.000042600 0.000034690 0.000019590 0.000000000 0.000053360 0.000099070 0.000088480 0.000121920 0.000219880 0.000122100 0.000129810 0.000085930 0.000257590 0.000214640 0.000217060 0.000191950 0.000184190 0.000172640 0.000106360 0.000146740 0.000118410 0.000123290 0.000125770 0.000169710 0.000200140 
28     0.000142110 0.000141620 0.000139030 0.000159850 0.000173160 0.000140700 0.000131520 0.000167170 0.000173790 0.000226700 0.000232350 0.000228050 0.000182920 0.000167310 0.000184980 0.000121670 0.000116940 0.000195730 0.000137350 0.000120880 0.000095430 0.000090310 0.000106170 0.000099420 0.000163450 0.000128730 0.000054840 0.000046930 0.000042330 0.000053360 0.000000000 0.000111310 0.000100720 0.000134160 0.000232120 0.000134340 0.000142050 0.000098170 0.000269830 0.000226880 0.000229300 0.000204190 0.000196430 0.000184880 0.000118600 0.000158980 0.000130650 0.000135530 0.000138010 0.000181950 0.000212380 
8     0.000132760 0.000132270 0.000129680 0.000150500 0.000163810 0.000131350 0.000122170 0.000157820 0.000164440 0.000217350 0.000223000 0.000218700 0.000177210 0.000161600 0.000179270 0.000115960 0.000111230 0.000186380 0.000131640 0.000115170 0.000126690 0.000084600 0.000100460 0.000093710 0.000154100 0.000123020 0.000087250 0.000079340 0.000101900 0.000099070 0.000111310 0.000000000 0.000027230 0.000070670 0.000222770 0.000103050 0.000110760 0.000066880 0.000260480 0.000217530 0.000219950 0.000194840 0.000187080 0.000175530 0.000109250 0.000149630 0.000121300 0.000126180 0.000128660 0.000172600 0.000203030 
4     0.000122170 0.000121680 0.000119090 0.000139910 0.000153220 0.000120760 0.000111580 0.000147230 0.000153850 0.000206760 0.000212410 0.000208110 0.000166620 0.000151010 0.000168680 0.000105370 0.000100640 0.000175790 0.000121050 0.000104580 0.000116100 0.000074010 0.000089870 0.000083120 0.000143510 0.000112430 0.000076660 0.000068750 0.000091310 0.000088480 0.000100720 0.000027230 0.000000000 0.000060080 0.000212180 0.000092460 0.000100170 0.000056290 0.000249890 0.000206940 0.000209360 0.000184250 0.000176490 0.000164940 0.000098660 0.000139040 0.000110710 0.000115590 0.000118070 0.000162010 0.000192440 
37     0.000155610 0.000155120 0.000152530 0.000173350 0.000186660 0.000154200 0.000145020 0.000180670 0.000187290 0.000148350 0.000245850 0.000241550 0.000200060 0.000184450 0.000202120 0.000138810 0.000134080 0.000209230 0.000154490 0.000138020 0.000149540 0.000107450 0.000123310 0.000116560 0.000176950 0.000145870 0.000110100 0.000102190 0.000124750 0.000121920 0.000134160 0.000070670 0.000060080 0.000000000 0.000245620 0.000125900 0.000133610 0.000089730 0.000283330 0.000240380 0.000242800 0.000217690 0.000209930 0.000198380 0.000132100 0.000172480 0.000144150 0.000149030 0.000151510 0.000195450 0.000225880 
30     0.000238730 0.000238240 0.000235650 0.000256470 0.000269780 0.000237320 0.000228140 0.000263790 0.000270410 0.000059580 0.000065230 0.000060930 0.000298020 0.000282410 0.000300080 0.000236770 0.000232040 0.000266390 0.000252450 0.000235980 0.000247500 0.000205410 0.000221270 0.000214520 0.000234110 0.000243830 0.000208060 0.000200150 0.000222710 0.000219880 0.000232120 0.000222770 0.000212180 0.000245620 0.000000000 0.000100100 0.000113790 0.000209630 0.000174430 0.000059760 0.000023060 0.000274850 0.000267090 0.000255540 0.000189260 0.000229640 0.000186490 0.000191370 0.000193850 0.000237790 0.000273360 
1     0.000155790 0.000155300 0.000152710 0.000173530 0.000186840 0.000154380 0.000145200 0.000180850 0.000187470 0.000240380 0.000246030 0.000241730 0.000200240 0.000184630 0.000202300 0.000138990 0.000134260 0.000209410 0.000154670 0.000138200 0.000149720 0.000107630 0.000123490 0.000116740 0.000177130 0.000146050 0.000110280 0.000102370 0.000124930 0.000122100 0.000134340 0.000103050 0.000092460 0.000125900 0.000100100 0.000000000 0.000031930 0.000073330 0.000283510 0.000240560 0.000242980 0.000217870 0.000210110 0.000198560 0.000132280 0.000172660 0.000144330 0.000149210 0.000151690 0.000195630 0.000226060 
18     0.000163500 0.000163010 0.000160420 0.000181240 0.000194550 0.000162090 0.000152910 0.000188560 0.000195180 0.000248090 0.000253740 0.000249440 0.000207950 0.000192340 0.000210010 0.000146700 0.000141970 0.000217120 0.000162380 0.000145910 0.000157430 0.000115340 0.000131200 0.000124450 0.000184840 0.000153760 0.000117990 0.000110080 0.000132640 0.000129810 0.000142050 0.000110760 0.000100170 0.000133610 0.000113790 0.000031930 0.000000000 0.000081040 0.000291220 0.000248270 0.000242460 0.000225580 0.000217820 0.000206270 0.000139990 0.000180370 0.000152040 0.000156920 0.000159400 0.000203340 0.000233770 
25     0.000119620 0.000119130 0.000116540 0.000137360 0.000150670 0.000118210 0.000109030 0.000144680 0.000151300 0.000204210 0.000209860 0.000205560 0.000164070 0.000148460 0.000166130 0.000102820 0.000098090 0.000173240 0.000118500 0.000102030 0.000113550 0.000071460 0.000087320 0.000080570 0.000140960 0.000109880 0.000074110 0.000066200 0.000088760 0.000085930 0.000098170 0.000066880 0.000056290 0.000089730 0.000209630 0.000073330 0.000081040 0.000000000 0.000247340 0.000204390 0.000206810 0.000181700 0.000173940 0.000162390 0.000096110 0.000136490 0.000108160 0.000113040 0.000115520 0.000159460 0.000189890 
12     0.000276440 0.000275950 0.000273360 0.000294180 0.000307490 0.000275030 0.000265850 0.000301500 0.000308120 0.000169010 0.000174660 0.000170360 0.000335730 0.000320120 0.000337790 0.000274480 0.000269750 0.000304100 0.000290160 0.000273690 0.000285210 0.000243120 0.000258980 0.000252230 0.000271820 0.000281540 0.000245770 0.000237860 0.000260420 0.000257590 0.000269830 0.000260480 0.000249890 0.000283330 0.000174430 0.000283510 0.000291220 0.000247340 0.000000000 0.000169190 0.000171610 0.000312560 0.000304800 0.000293250 0.000197230 0.000267350 0.000224200 0.000229080 0.000231560 0.000275500 0.000311070 
42     0.000233490 0.000233000 0.000230410 0.000251230 0.000264540 0.000060100 0.000222900 0.000258550 0.000265170 0.000027860 0.000033510 0.000029210 0.000292780 0.000277170 0.000294840 0.000231530 0.000226800 0.000261150 0.000247210 0.000230740 0.000242260 0.000200170 0.000216030 0.000209280 0.000228870 0.000238590 0.000202820 0.000194910 0.000217470 0.000214640 0.000226880 0.000217530 0.000206940 0.000240380 0.000059760 0.000240560 0.000248270 0.000204390 0.000169190 0.000000000 0.000056940 0.000269610 0.000261850 0.000250300 0.000184020 0.000224400 0.000181250 0.000186130 0.000188610 0.000232550 0.000268120 
26     0.000235910 0.000235420 0.000232830 0.000253650 0.000266960 0.000234500 0.000225320 0.000260970 0.000267590 0.000056760 0.000062410 0.000058110 0.000295200 0.000279590 0.000297260 0.000233950 0.000229220 0.000263570 0.000249630 0.000233160 0.000244680 0.000202590 0.000218450 0.000211700 0.000231290 0.000241010 0.000205240 0.000197330 0.000219890 0.000217060 0.000229300 0.000219950 0.000209360 0.000242800 0.000023060 0.000242980 0.000242460 0.000206810 0.000171610 0.000056940 0.000000000 0.000272030 0.000264270 0.000165630 0.000186440 0.000226820 0.000183670 0.000188550 0.000191030 0.000234970 0.000270540 
24     0.000210800 0.000210310 0.000207720 0.000228540 0.000241850 0.000209390 0.000200210 0.000235860 0.000242480 0.000269430 0.000275080 0.000270780 0.000270090 0.000254480 0.000272150 0.000208840 0.000204110 0.000026680 0.000224520 0.000208050 0.000219570 0.000059410 0.000193340 0.000186590 0.000186320 0.000215900 0.000180130 0.000172220 0.000194780 0.000191950 0.000204190 0.000194840 0.000184250 0.000217690 0.000274850 0.000217870 0.000225580 0.000181700 0.000312560 0.000269610 0.000272030 0.000000000 0.000027380 0.000072670 0.000137110 0.000181850 0.000173380 0.000178260 0.000180740 0.000224680 0.000255110 
3     0.000203040 0.000202550 0.000199960 0.000220780 0.000234090 0.000201630 0.000192450 0.000228100 0.000234720 0.000261670 0.000267320 0.000263020 0.000262330 0.000246720 0.000264390 0.000201080 0.000196350 0.000010200 0.000216760 0.000200290 0.000211810 0.000169720 0.000185580 0.000178830 0.000178560 0.000208140 0.000172370 0.000164460 0.000187020 0.000184190 0.000196430 0.000187080 0.000176490 0.000209930 0.000267090 0.000210110 0.000217820 0.000173940 0.000304800 0.000261850 0.000264270 0.000027380 0.000000000 0.000035800 0.000129350 0.000174090 0.000165620 0.000170500 0.000172980 0.000216920 0.000247350 
39     0.000150400 0.000191000 0.000188410 0.000209230 0.000222540 0.000190080 0.000180900 0.000216550 0.000223170 0.000250120 0.000255770 0.000251470 0.000250780 0.000235170 0.000252840 0.000189530 0.000184800 0.000064210 0.000205210 0.000188740 0.000200260 0.000158170 0.000174030 0.000167280 0.000167010 0.000196590 0.000160820 0.000152910 0.000175470 0.000172640 0.000184880 0.000175530 0.000164940 0.000198380 0.000255540 0.000198560 0.000206270 0.000162390 0.000293250 0.000250300 0.000165630 0.000072670 0.000035800 0.000000000 0.000117800 0.000162540 0.000154070 0.000158950 0.000161430 0.000205370 0.000235800 
44     0.000125210 0.000124720 0.000122130 0.000142950 0.000156260 0.000123800 0.000114620 0.000150270 0.000156890 0.000183840 0.000189490 0.000185190 0.000184500 0.000168890 0.000186560 0.000123250 0.000118520 0.000128650 0.000138930 0.000122460 0.000133980 0.000091890 0.000107750 0.000101000 0.000100730 0.000130310 0.000094540 0.000086630 0.000109190 0.000106360 0.000118600 0.000109250 0.000098660 0.000132100 0.000189260 0.000132280 0.000139990 0.000096110 0.000197230 0.000184020 0.000186440 0.000137110 0.000129350 0.000117800 0.000000000 0.000096260 0.000087790 0.000092670 0.000095150 0.000139090 0.000169520 
27     0.000165590 0.000165100 0.000162510 0.000183330 0.000196640 0.000164180 0.000155000 0.000190650 0.000197270 0.000224220 0.000229870 0.000225570 0.000224880 0.000209270 0.000226940 0.000163630 0.000158900 0.000173390 0.000179310 0.000162840 0.000174360 0.000132270 0.000148130 0.000141380 0.000029230 0.000170690 0.000134920 0.000127010 0.000149570 0.000146740 0.000158980 0.000149630 0.000139040 0.000172480 0.000229640 0.000172660 0.000180370 0.000136490 0.000267350 0.000224400 0.000226820 0.000181850 0.000174090 0.000162540 0.000096260 0.000000000 0.000128170 0.000133050 0.000135530 0.000179470 0.000209900 
49     0.000137260 0.000136770 0.000134180 0.000155000 0.000168310 0.000135850 0.000126670 0.000162320 0.000168940 0.000181070 0.000186720 0.000182420 0.000196550 0.000180940 0.000198610 0.000135300 0.000130570 0.000164920 0.000150980 0.000134510 0.000146030 0.000103940 0.000119800 0.000113050 0.000132640 0.000142360 0.000106590 0.000098680 0.000121240 0.000118410 0.000130650 0.000121300 0.000110710 0.000144150 0.000186490 0.000144330 0.000152040 0.000108160 0.000224200 0.000181250 0.000183670 0.000173380 0.000165620 0.000154070 0.000087790 0.000128170 0.000000000 0.000022920 0.000048020 0.000118560 0.000171890 
47     0.000142140 0.000141650 0.000139060 0.000159880 0.000173190 0.000140730 0.000131550 0.000167200 0.000173820 0.000185950 0.000191600 0.000187300 0.000201430 0.000185820 0.000203490 0.000140180 0.000135450 0.000169800 0.000155860 0.000139390 0.000150910 0.000108820 0.000124680 0.000117930 0.000137520 0.000147240 0.000111470 0.000103560 0.000126120 0.000123290 0.000135530 0.000126180 0.000115590 0.000149030 0.000191370 0.000149210 0.000156920 0.000113040 0.000229080 0.000186130 0.000188550 0.000178260 0.000170500 0.000158950 0.000092670 0.000133050 0.000022920 0.000000000 0.000039550 0.000123440 0.000176770 
50     0.000144620 0.000144130 0.000141540 0.000154580 0.000175670 0.000143210 0.000134030 0.000169680 0.000176300 0.000188430 0.000194080 0.000189780 0.000203910 0.000188300 0.000205970 0.000142660 0.000137930 0.000172280 0.000158340 0.000141870 0.000153390 0.000111300 0.000086330 0.000120410 0.000140000 0.000128570 0.000113950 0.000106040 0.000128600 0.000125770 0.000138010 0.000128660 0.000118070 0.000151510 0.000193850 0.000151690 0.000159400 0.000115520 0.000231560 0.000188610 0.000191030 0.000180740 0.000172980 0.000161430 0.000095150 0.000135530 0.000048020 0.000039550 0.000000000 0.000051050 0.000179250 
48     0.000188560 0.000188070 0.000185480 0.000206300 0.000219610 0.000187150 0.000177970 0.000213620 0.000220240 0.000232370 0.000238020 0.000233720 0.000247850 0.000232240 0.000249910 0.000186600 0.000181870 0.000216220 0.000202280 0.000185810 0.000197330 0.000155240 0.000171100 0.000164350 0.000183940 0.000094120 0.000157890 0.000149980 0.000172540 0.000169710 0.000181950 0.000172600 0.000162010 0.000195450 0.000237790 0.000195630 0.000203340 0.000159460 0.000275500 0.000232550 0.000234970 0.000224680 0.000216920 0.000205370 0.000139090 0.000179470 0.000118560 0.000123440 0.000051050 0.000000000 0.000223190 
0     0.000218990 0.000218500 0.000215910 0.000236730 0.000250040 0.000217580 0.000208400 0.000244050 0.000250670 0.000267940 0.000273590 0.000269290 0.000278280 0.000262670 0.000280340 0.000217030 0.000212300 0.000246650 0.000232710 0.000216240 0.000227760 0.000185670 0.000201530 0.000194780 0.000214370 0.000224090 0.000188320 0.000180410 0.000202970 0.000200140 0.000212380 0.000203030 0.000192440 0.000225880 0.000273360 0.000226060 0.000233770 0.000189890 0.000311070 0.000268120 0.000270540 0.000255110 0.000247350 0.000235800 0.000169520 0.000209900 0.000171890 0.000176770 0.000179250 0.000223190 0.000000000 
