51
23     0.000000000 0.042569944 0.044411879 0.182315803 0.190057001 0.174387310 0.191450449 0.221229208 0.219625254 0.191166114 0.194607970 0.190364215 0.237303449 0.230876012 0.231109950 0.187719196 0.178503748 0.178356561 0.197222418 0.191691457 0.200353881 0.164298368 0.180630602 0.183668328 0.233416649 0.245030871 0.161232249 0.157437341 0.181325603 0.180408279 0.188053324 0.187614747 0.175108040 0.195678055 0.216295378 0.208545508 0.210346476 0.172515505 0.296474060 0.240907765 0.248593595 0.247183948 0.240671711 0.237135955 0.171958893 0.213209988 0.184388545 0.182758060 0.187583598 0.216397727 0.369972179 
16     0.042569944 0.000000000 0.040998593 0.182102725 0.189303398 0.173619569 0.191676414 0.222031008 0.220405742 0.192518096 0.195954532 0.191681438 0.238075011 0.231812693 0.231734915 0.188813700 0.178928792 0.179000231 0.197816483 0.192332184 0.201762323 0.165327395 0.182154121 0.184870203 0.234057153 0.245662996 0.161628183 0.157931412 0.181586285 0.180602079 0.188325321 0.188279471 0.175824222 0.196195774 0.216432823 0.208851907 0.209992703 0.172801330 0.297986911 0.241811148 0.249481412 0.248394815 0.241909123 0.237729146 0.172683290 0.216202340 0.185631097 0.183494844 0.187910048 0.217818546 0.370106662 
14     0.044411879 0.040998593 0.000000000 0.183859067 0.191184014 0.175611150 0.193484271 0.223298933 0.221707368 0.194490189 0.197940110 0.193029534 0.239623033 0.233276145 0.233545890 0.190451864 0.180693984 0.180756895 0.199609019 0.194053160 0.202729881 0.166319039 0.183097230 0.185847727 0.235639524 0.247251669 0.163360404 0.159770159 0.184647683 0.183814472 0.191432892 0.189711993 0.177223867 0.197654634 0.218130885 0.210494041 0.211638273 0.174292873 0.300033066 0.243673408 0.251471835 0.249240974 0.243200238 0.239320709 0.174198282 0.217534619 0.187483261 0.185166764 0.190165058 0.219415597 0.372599965 
35     0.182315803 0.182102725 0.183859067 0.000000000 0.162978163 0.148859090 0.168347402 0.197037427 0.195784399 0.189544281 0.192553844 0.188290973 0.239540209 0.233437472 0.232150540 0.189657168 0.179304786 0.180418485 0.198178928 0.193201535 0.202012995 0.165849313 0.182442983 0.185664754 0.234074336 0.247042480 0.162405335 0.158745096 0.183359159 0.183308097 0.190237847 0.191663918 0.177284766 0.197677744 0.218275510 0.209352010 0.212156715 0.173390579 0.297390536 0.240746181 0.248792333 0.248800612 0.242011237 0.239113901 0.172818994 0.217499840 0.187524498 0.185969022 0.189874069 0.218792232 0.372104683 
41     0.190057001 0.189303398 0.191184014 0.162978163 0.000000000 0.093850041 0.158229961 0.187349727 0.186013965 0.196842269 0.200181007 0.195513451 0.244934147 0.238387951 0.238869565 0.196318198 0.187661209 0.186056490 0.202798845 0.197813478 0.209028741 0.172868446 0.188857396 0.192028241 0.240242265 0.252954242 0.169440861 0.165573162 0.189897575 0.189550776 0.197171975 0.198649521 0.183692670 0.204922166 0.226130743 0.216515184 0.219120225 0.181194206 0.306824088 0.250355616 0.257109120 0.255970724 0.249659950 0.246692985 0.179823805 0.223822412 0.193126244 0.191519895 0.195550484 0.224696356 0.377406762 
29     0.174387310 0.173619569 0.175611150 0.148859090 0.093850041 0.000000000 0.142901951 0.172435228 0.171011680 0.181589961 0.184854189 0.180203255 0.229517537 0.223520093 0.224761094 0.181682721 0.172491722 0.172071269 0.188826754 0.184412987 0.194205441 0.158445560 0.174773492 0.177784442 0.223952326 0.237463199 0.154336896 0.150308225 0.175265638 0.175325086 0.182297639 0.183542390 0.168975097 0.189654444 0.210591820 0.201742054 0.204617028 0.166855111 0.291380127 0.236595295 0.242865172 0.240072123 0.233280768 0.229935107 0.165613873 0.209106424 0.179956347 0.178026545 0.182069814 0.211018695 0.362815277 
20     0.191450449 0.191676414 0.193484271 0.168347402 0.158229961 0.142901951 0.000000000 0.147276703 0.146020486 0.198510844 0.201797851 0.197128272 0.246851465 0.240867315 0.241337331 0.198169719 0.189442263 0.188235821 0.206265142 0.201391763 0.209131679 0.174239734 0.190023724 0.193113438 0.241573104 0.252757120 0.169879208 0.166138066 0.191395504 0.191283338 0.198480466 0.199566788 0.185023806 0.205934518 0.225592542 0.217954548 0.220770916 0.183067162 0.309143853 0.252495317 0.260154397 0.258154995 0.251596407 0.248037347 0.181717986 0.226561791 0.196484625 0.194591530 0.198583051 0.228630617 0.381181129 
33     0.221229208 0.222031008 0.223298933 0.197037427 0.187349727 0.172435228 0.147276703 0.000000000 0.058664827 0.229523779 0.233229124 0.228432796 0.277970658 0.272296461 0.273467584 0.229537162 0.221027193 0.220324502 0.237459877 0.231200235 0.241695227 0.206155497 0.221808113 0.224962433 0.273657686 0.285329181 0.201510799 0.197580958 0.222924951 0.223399202 0.229974734 0.231046395 0.216774717 0.237015567 0.257957284 0.249367318 0.251234029 0.213684367 0.339882223 0.283553048 0.290404647 0.288522869 0.282492644 0.278512136 0.212861332 0.257152270 0.227413927 0.225591223 0.229409575 0.259154283 0.410562883 
15     0.219625254 0.220405742 0.221707368 0.195784399 0.186013965 0.171011680 0.146020486 0.058664827 0.000000000 0.228404318 0.232071240 0.227301704 0.276933343 0.271125025 0.272339188 0.228408766 0.219898797 0.219293285 0.236341912 0.230060447 0.240489912 0.204949914 0.220602798 0.223738963 0.272522730 0.284084545 0.200380246 0.196473887 0.222006477 0.222136657 0.229021862 0.229827364 0.215462670 0.235611554 0.256669258 0.248191443 0.250058155 0.212508641 0.338733331 0.282424989 0.289267549 0.287457690 0.281362651 0.277033192 0.211737219 0.256350245 0.226308225 0.224470508 0.228468445 0.258037815 0.409436647 
40     0.191166114 0.192518096 0.194490189 0.189544281 0.196842269 0.181589961 0.198510844 0.229523779 0.228404318 0.000000000 0.049657471 0.046207886 0.229567138 0.223135114 0.224270521 0.180604561 0.170930751 0.170489925 0.188848043 0.184096565 0.192579257 0.157323776 0.173231014 0.176658153 0.224076256 0.235754315 0.153291814 0.148724128 0.173996120 0.173682596 0.179932390 0.181675284 0.167391827 0.187261038 0.207625977 0.200264372 0.202814845 0.163777231 0.288877131 0.231611050 0.239083264 0.239966425 0.234176757 0.230278454 0.162951094 0.207505004 0.176839775 0.175956483 0.180492076 0.209255250 0.360676951 
5     0.194607970 0.195954532 0.197940110 0.192553844 0.200181007 0.184854189 0.201797851 0.233229124 0.232071240 0.049657471 0.000000000 0.019932432 0.233382353 0.226887194 0.228329798 0.185131243 0.175256434 0.174932414 0.193018314 0.188004382 0.196646467 0.161125309 0.177124646 0.180579416 0.227798844 0.238945254 0.157584380 0.152987379 0.178317302 0.177931167 0.184232956 0.187257956 0.172815943 0.192810476 0.212714961 0.204356502 0.207117515 0.168348276 0.293382992 0.236585806 0.243941960 0.243537564 0.237439531 0.234413423 0.167423986 0.211739979 0.181490039 0.180460704 0.185172542 0.213663110 0.364642044 
10     0.190364215 0.191681438 0.193029534 0.188290973 0.195513451 0.180203255 0.197128272 0.228432796 0.227301704 0.046207886 0.019932432 0.000000000 0.229079729 0.222784008 0.224037593 0.180716608 0.170869461 0.170537183 0.188669873 0.183665576 0.192432835 0.156898114 0.172985954 0.176354572 0.223609759 0.234738008 0.153449232 0.148813524 0.173952995 0.173566860 0.179861939 0.182541726 0.168099713 0.188152851 0.208039111 0.199704798 0.202465811 0.163376278 0.289041210 0.232184605 0.239612126 0.239106477 0.233037189 0.229972333 0.162894190 0.207390655 0.177074285 0.176083328 0.180795166 0.209225458 0.360208609 
11     0.237303449 0.238075011 0.239623033 0.239540209 0.244934147 0.229517537 0.246851465 0.277970658 0.276933343 0.229567138 0.233382353 0.229079729 0.000000000 0.066952171 0.208137588 0.165677375 0.156421765 0.157466644 0.170599107 0.165511817 0.195997883 0.161192999 0.174487076 0.177970718 0.227181867 0.238688193 0.173078264 0.168198552 0.193783196 0.193081793 0.200228515 0.201751369 0.188307639 0.208729996 0.228374391 0.221054318 0.223216448 0.184362042 0.322442211 0.265075340 0.272185536 0.266665541 0.262404361 0.258559563 0.193542788 0.236287898 0.208276616 0.207077478 0.212045899 0.241524157 0.391877932 
45     0.230876012 0.231812693 0.233276145 0.233437472 0.238387951 0.223520093 0.240867315 0.272296461 0.271125025 0.223135114 0.226887194 0.222784008 0.066952171 0.000000000 0.200933763 0.159276024 0.149950172 0.150523197 0.163913134 0.158420859 0.189827306 0.154924200 0.167814096 0.171163673 0.221608905 0.231862962 0.166185710 0.161974106 0.187832840 0.187280341 0.194161291 0.195212381 0.181728264 0.202404111 0.221940877 0.214943347 0.217043143 0.178046594 0.315802595 0.257058837 0.265339970 0.259694451 0.255692438 0.250553447 0.186353876 0.229038433 0.200560293 0.199315647 0.204215865 0.234095734 0.386365785 
17     0.231109950 0.231734915 0.233545890 0.232150540 0.238869565 0.224761094 0.241337331 0.273467584 0.272339188 0.224270521 0.228329798 0.224037593 0.208137588 0.200933763 0.000000000 0.144631273 0.136791818 0.137836981 0.162653593 0.157703446 0.191366554 0.156987497 0.170458928 0.174170191 0.223913962 0.235368240 0.167827391 0.162911123 0.189539204 0.188930278 0.196146370 0.197372047 0.183205174 0.203082162 0.222892812 0.212778922 0.216424002 0.178304345 0.315301881 0.257952470 0.265796745 0.264532136 0.258068298 0.254412229 0.188340240 0.231798555 0.202424654 0.200246346 0.207463396 0.236589226 0.385475905 
9     0.187719196 0.188813700 0.190451864 0.189657168 0.196318198 0.181682721 0.198169719 0.229537162 0.228408766 0.180604561 0.185131243 0.180716608 0.165677375 0.159276024 0.144631273 0.000000000 0.046998112 0.081599461 0.121761997 0.116009067 0.149009411 0.114472363 0.127598264 0.131099249 0.182253594 0.192649250 0.124845121 0.119633072 0.146805753 0.146420340 0.154082483 0.154840093 0.140480965 0.160364986 0.180553555 0.171635065 0.174101437 0.135376282 0.274677097 0.217740926 0.226067754 0.222615311 0.216280051 0.212212990 0.145735812 0.187978589 0.160495000 0.159002346 0.165631638 0.193324124 0.341608286 
46     0.178503748 0.178928792 0.180693984 0.179304786 0.187661209 0.172491722 0.189442263 0.221027193 0.219898797 0.170930751 0.175256434 0.170869461 0.156421765 0.149950172 0.136791818 0.046998112 0.000000000 0.071953396 0.113534496 0.107690595 0.139584768 0.105212148 0.117864363 0.121541481 0.172277521 0.182976430 0.116903636 0.111865396 0.137847103 0.137406424 0.145010411 0.145635944 0.131602699 0.151507608 0.171655267 0.162887499 0.165421680 0.127057211 0.264848806 0.206742787 0.215813315 0.212432091 0.206456794 0.202695810 0.137506845 0.179198236 0.151297556 0.149934284 0.156245647 0.184066207 0.333604673 
7     0.178356561 0.179000231 0.180756895 0.180418485 0.186056490 0.172071269 0.188235821 0.220324502 0.219293285 0.170489925 0.174932414 0.170537183 0.157466644 0.150523197 0.137836981 0.081599461 0.071953396 0.000000000 0.111808430 0.106538135 0.139189803 0.105499321 0.118101222 0.121546841 0.170924577 0.182833186 0.117048816 0.112027388 0.137534191 0.137351688 0.144657944 0.145753869 0.131545651 0.152133544 0.172044182 0.163938586 0.166530247 0.127209226 0.263874292 0.206981535 0.214892173 0.212687519 0.206490841 0.202668384 0.136217381 0.178124178 0.150508110 0.149338097 0.155855314 0.183789560 0.335639182 
19     0.197222418 0.197816483 0.199609019 0.198178928 0.202798845 0.188826754 0.206265142 0.237459877 0.236341912 0.188848043 0.193018314 0.188669873 0.170599107 0.163913134 0.162653593 0.121761997 0.113534496 0.111808430 0.000000000 0.050864715 0.155211753 0.121115615 0.134390393 0.137967660 0.187740934 0.197759389 0.132896074 0.128128433 0.154623363 0.154221490 0.161121218 0.162064720 0.147959694 0.168514646 0.188448222 0.180004427 0.183021090 0.144009315 0.280137802 0.223959318 0.230476940 0.227663699 0.222636650 0.218251744 0.153305516 0.195809953 0.167585186 0.166558978 0.172459786 0.200000512 0.349495683 
38     0.191691457 0.192332184 0.194053160 0.193201535 0.197813478 0.184412987 0.201391763 0.231200235 0.230060447 0.184096565 0.188004382 0.183665576 0.165511817 0.158420859 0.157703446 0.116009067 0.107690595 0.106538135 0.050864715 0.000000000 0.150469511 0.116577301 0.129767490 0.133418129 0.182751800 0.192492252 0.127120824 0.122356820 0.149367170 0.148997045 0.155855754 0.157118460 0.143095764 0.163172963 0.182942305 0.174443310 0.177409391 0.138258830 0.275797261 0.219765020 0.226137302 0.222861984 0.217793849 0.213466092 0.148826470 0.190536944 0.162441803 0.161245443 0.167239089 0.195175360 0.345182934 
34     0.200353881 0.201762323 0.202729881 0.202012995 0.209028741 0.194205441 0.209131679 0.241695227 0.240489912 0.192579257 0.196646467 0.192432835 0.195997883 0.189827306 0.191366554 0.149009411 0.139584768 0.139189803 0.155211753 0.150469511 0.000000000 0.077268097 0.092303989 0.095634519 0.181766040 0.190855826 0.137977278 0.132720212 0.158192020 0.157460977 0.164363282 0.166196980 0.152364150 0.171699103 0.191751919 0.183382461 0.185880609 0.147884863 0.285455279 0.227909716 0.235470348 0.234440727 0.227629125 0.225275327 0.158004114 0.201828391 0.171469736 0.170290220 0.176800497 0.204486036 0.356039430 
6     0.164298368 0.165327395 0.166319039 0.165849313 0.172868446 0.158445560 0.174239734 0.206155497 0.204949914 0.157323776 0.161125309 0.156898114 0.161192999 0.154924200 0.156987497 0.114472363 0.105212148 0.105499321 0.121115615 0.116577301 0.077268097 0.000000000 0.055200553 0.058276251 0.146057409 0.155710316 0.103950307 0.098905636 0.124930367 0.124969648 0.131745023 0.133872126 0.119880473 0.139823430 0.159407344 0.151696393 0.153948849 0.115466721 0.248265948 0.191053768 0.199125901 0.196700692 0.190788423 0.188212247 0.121801162 0.166440951 0.135601189 0.134590276 0.140662995 0.168486626 0.317648375 
13     0.180630602 0.182154121 0.183097230 0.182442983 0.188857396 0.174773492 0.190023724 0.221808113 0.220602798 0.173231014 0.177124646 0.172985954 0.174487076 0.167814096 0.170458928 0.127598264 0.117864363 0.118101222 0.134390393 0.129767490 0.092303989 0.055200553 0.000000000 0.028893461 0.161430474 0.171499038 0.118311580 0.113240828 0.139401609 0.138906690 0.145838650 0.146735325 0.133367046 0.153465063 0.172463806 0.165245152 0.167908569 0.128869008 0.265440409 0.208768979 0.215829556 0.213784814 0.208085587 0.205314081 0.138684870 0.182718669 0.152812817 0.151866106 0.158283387 0.186225334 0.336992045 
2     0.183668328 0.184870203 0.185847727 0.185664754 0.192028241 0.177784442 0.193113438 0.224962433 0.223738963 0.176658153 0.180579416 0.176354572 0.177970718 0.171163673 0.174170191 0.131099249 0.121541481 0.121546841 0.137967660 0.133418129 0.095634519 0.058276251 0.028893461 0.000000000 0.165569635 0.175768795 0.122370123 0.117334964 0.143234746 0.142745130 0.149826185 0.150999482 0.137314538 0.157532850 0.176586164 0.168987550 0.171536466 0.132792859 0.268988410 0.212784244 0.219882402 0.217375638 0.211780315 0.208839161 0.142154275 0.186068961 0.156665048 0.155848591 0.161684081 0.189500950 0.340835197 
21     0.233416649 0.234057153 0.235639524 0.234074336 0.240242265 0.223952326 0.241573104 0.273657686 0.272522730 0.224076256 0.227798844 0.223609759 0.227181867 0.221608905 0.223913962 0.182253594 0.172277521 0.170924577 0.187740934 0.182751800 0.181766040 0.146057409 0.161430474 0.165569635 0.000000000 0.168101439 0.170431974 0.165323438 0.191085657 0.191637777 0.197961268 0.199937783 0.185046822 0.205895121 0.224570178 0.216224302 0.219603476 0.181088026 0.317627048 0.262017245 0.268011439 0.267439170 0.260822025 0.255818133 0.190290072 0.235467298 0.203825225 0.202635594 0.209027224 0.236850230 0.389057169 
32     0.245030871 0.245662996 0.247251669 0.247042480 0.252954242 0.237463199 0.252757120 0.285329181 0.284084545 0.235754315 0.238945254 0.234738008 0.238688193 0.231862962 0.235368240 0.192649250 0.182976430 0.182833186 0.197759389 0.192492252 0.190855826 0.155710316 0.171499038 0.175768795 0.168101439 0.000000000 0.180922796 0.175684488 0.202125427 0.201961648 0.208247566 0.210393465 0.195538959 0.216197062 0.235383237 0.227986485 0.231375266 0.192647031 0.328537227 0.272550664 0.278727827 0.277891981 0.272072836 0.268712762 0.200581751 0.245870671 0.215247241 0.213386723 0.219997548 0.248156621 0.399070880 
43     0.161232249 0.161628183 0.163360404 0.162405335 0.169440861 0.154336896 0.169879208 0.201510799 0.200380246 0.153291814 0.157584380 0.153449232 0.173078264 0.166185710 0.167827391 0.124845121 0.116903636 0.117048816 0.132896074 0.127120824 0.137977278 0.103950307 0.118311580 0.122370123 0.170431974 0.180922796 0.000000000 0.019960109 0.086939066 0.087156362 0.094009104 0.107335207 0.093276338 0.114047703 0.132297636 0.126014371 0.128203131 0.089111567 0.244902292 0.186844325 0.194471607 0.192056965 0.185745026 0.182989202 0.118758807 0.159815474 0.131866497 0.130541063 0.136074651 0.164720274 0.315413079 
36     0.157437341 0.157931412 0.159770159 0.158745096 0.165573162 0.150308225 0.166138066 0.197580958 0.196473887 0.148724128 0.152987379 0.148813524 0.168198552 0.161974106 0.162911123 0.119633072 0.111865396 0.112027388 0.128128433 0.122356820 0.132720212 0.098905636 0.113240828 0.117334964 0.165323438 0.175684488 0.019960109 0.000000000 0.083076808 0.083187626 0.090266813 0.103174980 0.089128075 0.109439723 0.128649658 0.121478391 0.123690479 0.084999838 0.240754197 0.183113922 0.190191126 0.187943026 0.181727136 0.178741324 0.114922878 0.155643463 0.127697118 0.126582548 0.132108787 0.160842179 0.311264540 
22     0.181325603 0.181586285 0.184647683 0.183359159 0.189897575 0.175265638 0.191395504 0.222924951 0.222006477 0.173996120 0.178317302 0.173952995 0.193783196 0.187832840 0.189539204 0.146805753 0.137847103 0.137534191 0.154623363 0.149367170 0.158192020 0.124930367 0.139401609 0.143234746 0.191085657 0.202125427 0.086939066 0.083076808 0.000000000 0.026716947 0.040639294 0.126411412 0.112263295 0.132567641 0.152603114 0.146258370 0.148137011 0.109301560 0.267746562 0.209688674 0.218066109 0.213493957 0.207017304 0.203658866 0.137873719 0.180925487 0.153220877 0.151875079 0.157536071 0.185094869 0.337249353 
31     0.180408279 0.180602079 0.183814472 0.183308097 0.189550776 0.175325086 0.191283338 0.223399202 0.222136657 0.173682596 0.177931167 0.173566860 0.193081793 0.187280341 0.188930278 0.146420340 0.137406424 0.137351688 0.154221490 0.148997045 0.157460977 0.124969648 0.138906690 0.142745130 0.191637777 0.201961648 0.087156362 0.083187626 0.026716947 0.000000000 0.041902007 0.126017535 0.112019833 0.132362991 0.152205686 0.145393823 0.147268423 0.108797376 0.267743051 0.209692653 0.218101365 0.213785439 0.207127719 0.204100426 0.137910093 0.180711755 0.152939070 0.151577361 0.157282729 0.185329253 0.337872235 
28     0.188053324 0.188325321 0.191432892 0.190237847 0.197171975 0.182297639 0.198480466 0.229974734 0.229021862 0.179932390 0.184232956 0.179861939 0.200228515 0.194161291 0.196146370 0.154082483 0.145010411 0.144657944 0.161121218 0.155855754 0.164363282 0.131745023 0.145838650 0.149826185 0.197961268 0.208247566 0.094009104 0.090266813 0.040639294 0.041902007 0.000000000 0.133260966 0.119182607 0.139707643 0.159266098 0.152939233 0.154585306 0.115614045 0.274563308 0.216314308 0.224532751 0.220355422 0.213732136 0.210570129 0.144765796 0.187588558 0.159791570 0.158500426 0.164290147 0.191952293 0.344525460 
8     0.187614747 0.188279471 0.189711993 0.191663918 0.198649521 0.183542390 0.199566788 0.231046395 0.229827364 0.181675284 0.187257956 0.182541726 0.201751369 0.195212381 0.197372047 0.154840093 0.145635944 0.145753869 0.162064720 0.157118460 0.166196980 0.133872126 0.146735325 0.150999482 0.199937783 0.210393465 0.107335207 0.103174980 0.126411412 0.126017535 0.133260966 0.000000000 0.058958550 0.090644291 0.131329309 0.145989730 0.148135851 0.110114975 0.274666717 0.216730335 0.224656149 0.225368541 0.218948040 0.215078434 0.147905678 0.191028154 0.162741392 0.160785001 0.166996228 0.193798538 0.344774113 
4     0.175108040 0.175824222 0.177223867 0.177284766 0.183692670 0.168975097 0.185023806 0.216774717 0.215462670 0.167391827 0.172815943 0.168099713 0.188307639 0.181728264 0.183205174 0.140480965 0.131602699 0.131545651 0.147959694 0.143095764 0.152364150 0.119880473 0.133367046 0.137314538 0.185046822 0.195538959 0.093276338 0.089128075 0.112263295 0.112019833 0.119182607 0.058958550 0.000000000 0.076303741 0.117096953 0.131938345 0.133734216 0.095239984 0.260180725 0.201916089 0.209811670 0.210174494 0.203857618 0.199932260 0.133001557 0.176424774 0.147578128 0.145575094 0.151747226 0.178882807 0.329338609 
37     0.195678055 0.196195774 0.197654634 0.197677744 0.204922166 0.189654444 0.205934518 0.237015567 0.235611554 0.187261038 0.192810476 0.188152851 0.208729996 0.202404111 0.203082162 0.160364986 0.151507608 0.152133544 0.168514646 0.163172963 0.171699103 0.139823430 0.153465063 0.157532850 0.205895121 0.216197062 0.114047703 0.109439723 0.132567641 0.132362991 0.139707643 0.090644291 0.076303741 0.000000000 0.139683298 0.152028795 0.154906763 0.116272992 0.279174446 0.222232937 0.230125741 0.228701192 0.221646382 0.217141482 0.153010516 0.196507773 0.167299497 0.165488734 0.171582460 0.197813675 0.347899894 
30     0.216295378 0.216432823 0.218130885 0.218275510 0.226130743 0.210591820 0.225592542 0.257957284 0.256669258 0.207625977 0.212714961 0.208039111 0.228374391 0.221940877 0.222892812 0.180553555 0.171655267 0.172044182 0.188448222 0.182942305 0.191751919 0.159407344 0.172463806 0.176586164 0.224570178 0.235383237 0.132297636 0.128649658 0.152603114 0.152205686 0.159266098 0.131329309 0.117096953 0.139683298 0.000000000 0.173044757 0.174031535 0.136144484 0.299638592 0.242846935 0.250433049 0.249425289 0.243269941 0.239290552 0.173745971 0.216457660 0.188405069 0.186929524 0.192767290 0.218922547 0.371309694 
1     0.208545508 0.208851907 0.210494041 0.209352010 0.216515184 0.201742054 0.217954548 0.249367318 0.248191443 0.200264372 0.204356502 0.199704798 0.221054318 0.214943347 0.212778922 0.171635065 0.162887499 0.163938586 0.180004427 0.174443310 0.183382461 0.151696393 0.165245152 0.168987550 0.216224302 0.227986485 0.126014371 0.121478391 0.146258370 0.145393823 0.152939233 0.145989730 0.131938345 0.152028795 0.173044757 0.000000000 0.035979528 0.093530579 0.292846580 0.234516454 0.242730688 0.240791769 0.233680086 0.230674961 0.164101673 0.207246450 0.179984963 0.178470347 0.184346414 0.211613881 0.360243457 
18     0.210346476 0.209992703 0.211638273 0.212156715 0.219120225 0.204617028 0.220770916 0.251234029 0.250058155 0.202814845 0.207117515 0.202465811 0.223216448 0.217043143 0.216424002 0.174101437 0.165421680 0.166530247 0.183021090 0.177409391 0.185880609 0.153948849 0.167908569 0.171536466 0.219603476 0.231375266 0.128203131 0.123690479 0.148137011 0.147268423 0.154585306 0.148135851 0.133734216 0.154906763 0.174031535 0.035979528 0.000000000 0.094474682 0.295643137 0.237587767 0.245800008 0.243009242 0.235947174 0.232712460 0.166666670 0.209674506 0.182387400 0.180875635 0.186670391 0.214256120 0.362325452 
25     0.172515505 0.172801330 0.174292873 0.173390579 0.181194206 0.166855111 0.183067162 0.213684367 0.212508641 0.163777231 0.168348276 0.163376278 0.184362042 0.178046594 0.178304345 0.135376282 0.127057211 0.127209226 0.144009315 0.138258830 0.147884863 0.115466721 0.128869008 0.132792859 0.181088026 0.192647031 0.089111567 0.084999838 0.109301560 0.108797376 0.115614045 0.110114975 0.095239984 0.116272992 0.136144484 0.093530579 0.094474682 0.000000000 0.257233749 0.199497726 0.207466279 0.205099541 0.198798783 0.194994453 0.129105297 0.171303767 0.143934391 0.141830987 0.148227402 0.175773418 0.323799331 
12     0.296474060 0.297986911 0.300033066 0.297390536 0.306824088 0.291380127 0.309143853 0.339882223 0.338733331 0.288877131 0.293382992 0.289041210 0.322442211 0.315802595 0.315301881 0.274677097 0.264848806 0.263874292 0.280137802 0.275797261 0.285455279 0.248265948 0.265440409 0.268988410 0.317627048 0.328537227 0.244902292 0.240754197 0.267746562 0.267743051 0.274563308 0.274666717 0.260180725 0.279174446 0.299638592 0.292846580 0.295643137 0.257233749 0.000000000 0.179944662 0.184441705 0.315982966 0.309159934 0.306584530 0.240570128 0.284418601 0.257343078 0.255743193 0.260448592 0.286828252 0.437101476 
42     0.240907765 0.241811148 0.243673408 0.240746181 0.250355616 0.236595295 0.252495317 0.283553048 0.282424989 0.231611050 0.236585806 0.232184605 0.265075340 0.257058837 0.257952470 0.217740926 0.206742787 0.206981535 0.223959318 0.219765020 0.227909716 0.191053768 0.208768979 0.212784244 0.262017245 0.272550664 0.186844325 0.183113922 0.209688674 0.209692653 0.216314308 0.216730335 0.201916089 0.222232937 0.242846935 0.234516454 0.237587767 0.199497726 0.179944662 0.000000000 0.089255887 0.259073283 0.253281144 0.250599424 0.183644363 0.225494947 0.199279882 0.198162145 0.202808380 0.229610241 0.378449794 
26     0.248593595 0.249481412 0.251471835 0.248792333 0.257109120 0.242865172 0.260154397 0.290404647 0.289267549 0.239083264 0.243941960 0.239612126 0.272185536 0.265339970 0.265796745 0.226067754 0.215813315 0.214892173 0.230476940 0.226137302 0.235470348 0.199125901 0.215829556 0.219882402 0.268011439 0.278727827 0.194471607 0.190191126 0.218066109 0.218101365 0.224532751 0.224656149 0.209811670 0.230125741 0.250433049 0.242730688 0.245800008 0.207466279 0.184441705 0.089255887 0.000000000 0.267632566 0.261754816 0.259537186 0.192005496 0.234546689 0.207810744 0.206633893 0.211433731 0.238054192 0.385308398 
24     0.247183948 0.248394815 0.249240974 0.248800612 0.255970724 0.240072123 0.258154995 0.288522869 0.287457690 0.239966425 0.243537564 0.239106477 0.266665541 0.259694451 0.264532136 0.222615311 0.212432091 0.212687519 0.227663699 0.222861984 0.234440727 0.196700692 0.213784814 0.217375638 0.267439170 0.277891981 0.192056965 0.187943026 0.213493957 0.213785439 0.220355422 0.225368541 0.210174494 0.228701192 0.249425289 0.240791769 0.243009242 0.205099541 0.315982966 0.259073283 0.267632566 0.000000000 0.063687836 0.086035631 0.177558637 0.218959898 0.205581845 0.205420141 0.210061201 0.237078581 0.390496536 
3     0.240671711 0.241909123 0.243200238 0.242011237 0.249659950 0.233280768 0.251596407 0.282492644 0.281362651 0.234176757 0.237439531 0.233037189 0.262404361 0.255692438 0.258068298 0.216280051 0.206456794 0.206490841 0.222636650 0.217793849 0.227629125 0.190788423 0.208085587 0.211780315 0.260822025 0.272072836 0.185745026 0.181727136 0.207017304 0.207127719 0.213732136 0.218948040 0.203857618 0.221646382 0.243269941 0.233680086 0.235947174 0.198798783 0.309159934 0.253281144 0.261754816 0.063687836 0.000000000 0.084246409 0.171852881 0.214031916 0.199886377 0.199617797 0.203885014 0.231070406 0.383256471 
39     0.237135955 0.237729146 0.239320709 0.239113901 0.246692985 0.229935107 0.248037347 0.278512136 0.277033192 0.230278454 0.234413423 0.229972333 0.258559563 0.250553447 0.254412229 0.212212990 0.202695810 0.202668384 0.218251744 0.213466092 0.225275327 0.188212247 0.205314081 0.208839161 0.255818133 0.268712762 0.182989202 0.178741324 0.203658866 0.204100426 0.210570129 0.215078434 0.199932260 0.217141482 0.239290552 0.230674961 0.232712460 0.194994453 0.306584530 0.250599424 0.259537186 0.086035631 0.084246409 0.000000000 0.167063154 0.209719898 0.193479053 0.193469611 0.198454201 0.225042060 0.379967849 
44     0.171958893 0.172683290 0.174198282 0.172818994 0.179823805 0.165613873 0.181717986 0.212861332 0.211737219 0.162951094 0.167423986 0.162894190 0.193542788 0.186353876 0.188340240 0.145735812 0.137506845 0.136217381 0.153305516 0.148826470 0.158004114 0.121801162 0.138684870 0.142154275 0.190290072 0.200581751 0.118758807 0.114922878 0.137873719 0.137910093 0.144765796 0.147905678 0.133001557 0.153010516 0.173745971 0.164101673 0.166666670 0.129105297 0.240570128 0.183644363 0.192005496 0.177558637 0.171852881 0.167063154 0.000000000 0.144881797 0.130017886 0.128612854 0.133493769 0.160520232 0.314720917 
27     0.213209988 0.216202340 0.217534619 0.217499840 0.223822412 0.209106424 0.226561791 0.257152270 0.256350245 0.207505004 0.211739979 0.207390655 0.236287898 0.229038433 0.231798555 0.187978589 0.179198236 0.178124178 0.195809953 0.190536944 0.201828391 0.166440951 0.182718669 0.186068961 0.235467298 0.245870671 0.159815474 0.155643463 0.180925487 0.180711755 0.187588558 0.191028154 0.176424774 0.196507773 0.216457660 0.207246450 0.209674506 0.171303767 0.284418601 0.225494947 0.234546689 0.218959898 0.214031916 0.209719898 0.144881797 0.000000000 0.173261813 0.171359064 0.176728613 0.203649402 0.355467817 
49     0.184388545 0.185631097 0.187483261 0.187524498 0.193126244 0.179956347 0.196484625 0.227413927 0.226308225 0.176839775 0.181490039 0.177074285 0.208276616 0.200560293 0.202424654 0.160495000 0.151297556 0.150508110 0.167585186 0.162441803 0.171469736 0.135601189 0.152812817 0.156665048 0.203825225 0.215247241 0.131866497 0.127697118 0.153220877 0.152939070 0.159791570 0.162741392 0.147578128 0.167299497 0.188405069 0.179984963 0.182387400 0.143934391 0.257343078 0.199279882 0.207810744 0.205581845 0.199886377 0.193479053 0.130017886 0.173261813 0.000000000 0.051033249 0.073777979 0.131590495 0.320975015 
47     0.182758060 0.183494844 0.185166764 0.185969022 0.191519895 0.178026545 0.194591530 0.225591223 0.224470508 0.175956483 0.180460704 0.176083328 0.207077478 0.199315647 0.200246346 0.159002346 0.149934284 0.149338097 0.166558978 0.161245443 0.170290220 0.134590276 0.151866106 0.155848591 0.202635594 0.213386723 0.130541063 0.126582548 0.151875079 0.151577361 0.158500426 0.160785001 0.145575094 0.165488734 0.186929524 0.178470347 0.180875635 0.141830987 0.255743193 0.198162145 0.206633893 0.205420141 0.199617797 0.193469611 0.128612854 0.171359064 0.051033249 0.000000000 0.071003293 0.128732365 0.320875162 
50     0.187583598 0.187910048 0.190165058 0.189874069 0.195550484 0.182069814 0.198583051 0.229409575 0.228468445 0.180492076 0.185172542 0.180795166 0.212045899 0.204215865 0.207463396 0.165631638 0.156245647 0.155855314 0.172459786 0.167239089 0.176800497 0.140662995 0.158283387 0.161684081 0.209027224 0.219997548 0.136074651 0.132108787 0.157536071 0.157282729 0.164290147 0.166996228 0.151747226 0.171582460 0.192767290 0.184346414 0.186670391 0.148227402 0.260448592 0.202808380 0.211433731 0.210061201 0.203885014 0.198454201 0.133493769 0.176728613 0.073777979 0.071003293 0.000000000 0.134835728 0.327572490 
48     0.216397727 0.217818546 0.219415597 0.218792232 0.224696356 0.211018695 0.228630617 0.259154283 0.258037815 0.209255250 0.213663110 0.209225458 0.241524157 0.234095734 0.236589226 0.193324124 0.184066207 0.183789560 0.200000512 0.195175360 0.204486036 0.168486626 0.186225334 0.189500950 0.236850230 0.248156621 0.164720274 0.160842179 0.185094869 0.185329253 0.191952293 0.193798538 0.178882807 0.197813675 0.218922547 0.211613881 0.214256120 0.175773418 0.286828252 0.229610241 0.238054192 0.237078581 0.231070406 0.225042060 0.160520232 0.203649402 0.131590495 0.128732365 0.134835728 0.000000000 0.357354236 
0     0.369972179 0.370106662 0.372599965 0.372104683 0.377406762 0.362815277 0.381181129 0.410562883 0.409436647 0.360676951 0.364642044 0.360208609 0.391877932 0.386365785 0.385475905 0.341608286 0.333604673 0.335639182 0.349495683 0.345182934 0.356039430 0.317648375 0.336992045 0.340835197 0.389057169 0.399070880 0.315413079 0.311264540 0.337249353 0.337872235 0.344525460 0.344774113 0.329338609 0.347899894 0.371309694 0.360243457 0.362325452 0.323799331 0.437101476 0.378449794 0.385308398 0.390496536 0.383256471 0.379967849 0.314720917 0.355467817 0.320975015 0.320875162 0.327572490 0.357354236 0.000000000 
