51
2     0.000000000 0.021350065 0.021724404 0.049020706 0.048688461 0.048146352 0.047484661 0.049220779 0.049933475 0.048609677 0.048145429 0.046121202 0.045581570 0.044396263 0.043215959 0.045688498 0.045088384 0.044160717 0.044168054 0.052667769 0.052732145 0.046858239 0.046199076 0.042673572 0.045608298 0.048825058 0.048998885 0.046049985 0.046788138 0.047583065 0.048807034 0.046438874 0.046082286 0.048024491 0.047659602 0.045851203 0.045897343 0.044718166 0.045884841 0.057648361 0.055922770 0.057054283 0.040903514 0.044418349 0.047550207 0.048122681 0.047396011 0.047515672 0.040649911 0.041299407 0.046220801 
3     0.021350065 0.000000000 0.014601933 0.050140761 0.049808330 0.049298073 0.048659372 0.050442790 0.051159500 0.049786545 0.049337952 0.047397455 0.046795917 0.045585102 0.044458983 0.046805310 0.046136552 0.045209820 0.045315340 0.054026832 0.054083978 0.048059929 0.047472656 0.044111094 0.046728659 0.049861475 0.050021214 0.047210710 0.048019154 0.048864071 0.050262188 0.047680870 0.047374238 0.049112868 0.048829577 0.046920760 0.046990813 0.045971048 0.047292391 0.059134977 0.057472365 0.058397358 0.042198474 0.045259009 0.048915489 0.049596876 0.048877624 0.048996842 0.042159268 0.042808764 0.047380580 
1     0.021724404 0.014601933 0.000000000 0.050012805 0.049680374 0.049159612 0.048509774 0.050239526 0.050927248 0.049554892 0.049101704 0.047277628 0.046715149 0.045622096 0.044503646 0.046787074 0.046159185 0.045374825 0.045343642 0.053959718 0.054035984 0.047888258 0.047227280 0.043988933 0.046604963 0.049546195 0.049701586 0.046808975 0.047581277 0.048457386 0.049894094 0.047412730 0.047113967 0.048834823 0.048539319 0.046577526 0.046590321 0.045710977 0.047045315 0.058748166 0.056985183 0.058040548 0.041871496 0.044969328 0.048811877 0.049422612 0.048713916 0.048833134 0.041971871 0.042622454 0.047272913 
12     0.049020706 0.050140761 0.050012805 0.000000000 0.006235135 0.008339159 0.009057286 0.026052657 0.026252592 0.024961241 0.024532925 0.043326202 0.042592974 0.041389144 0.040167330 0.042924837 0.042291632 0.041418621 0.041043269 0.052078356 0.052055321 0.046074239 0.045606302 0.042321996 0.044858062 0.048307155 0.048458586 0.045088304 0.045898685 0.046631478 0.047951186 0.045406362 0.045115960 0.047078738 0.046827319 0.044878134 0.045022171 0.043692232 0.044986577 0.056435070 0.054563832 0.055798728 0.040129209 0.043791062 0.046679900 0.047409783 0.046739673 0.046856116 0.040264635 0.040835491 0.046564641 
9     0.048688461 0.049808330 0.049680374 0.006235135 0.000000000 0.008362865 0.008665785 0.025844017 0.026049832 0.024789947 0.024348907 0.042996134 0.042263571 0.041067619 0.039845804 0.042600428 0.041967224 0.041094213 0.040721899 0.051742505 0.051719471 0.045737483 0.045269546 0.041924588 0.044515474 0.047975724 0.048127155 0.044754099 0.045577204 0.046298074 0.047629324 0.045084502 0.044794100 0.046767707 0.046510512 0.044558297 0.044705777 0.043365193 0.044659539 0.056096821 0.054222371 0.055485650 0.039793231 0.043450963 0.046287542 0.046999465 0.046329349 0.046445792 0.039913205 0.040486293 0.046233565 
29     0.048146352 0.049298073 0.049159612 0.008339159 0.008362865 0.000000000 0.008424343 0.025404597 0.025628681 0.024340042 0.023887139 0.042535618 0.041806653 0.040584110 0.039393712 0.042152299 0.041517637 0.040646084 0.040254631 0.051124940 0.051093387 0.045211530 0.044750725 0.041471370 0.043973222 0.047423143 0.047578793 0.044172840 0.044995590 0.045727182 0.047013477 0.044484079 0.044192520 0.046269991 0.046011526 0.043893595 0.044057381 0.042830183 0.044124528 0.055558798 0.053691967 0.054996494 0.039279920 0.042955373 0.045883220 0.046566667 0.045895081 0.046006185 0.039446160 0.040017016 0.045729839 
6     0.047484661 0.048659372 0.048509774 0.009057286 0.008665785 0.008424343 0.000000000 0.024574606 0.024720127 0.023430559 0.022992893 0.041762820 0.041035894 0.039885051 0.038639396 0.041402581 0.040788497 0.039898722 0.039551252 0.050644522 0.050605724 0.044598198 0.044111972 0.040811946 0.043399572 0.046868385 0.047019816 0.043648584 0.044471689 0.045177466 0.046577457 0.044032169 0.043741767 0.045710062 0.045397795 0.043502580 0.043646617 0.042331890 0.043624776 0.054954999 0.053107546 0.054362504 0.038573327 0.042203808 0.045283334 0.046014617 0.045347960 0.045459325 0.038792298 0.039360741 0.045088597 
15     0.049220779 0.050442790 0.050239526 0.026052657 0.025844017 0.025404597 0.024574606 0.000000000 0.009306884 0.009177657 0.009934849 0.043376184 0.042702278 0.041619932 0.040380335 0.043228344 0.042618664 0.041703890 0.041225343 0.052045422 0.052049381 0.046249374 0.045785618 0.042569072 0.045151887 0.048432445 0.048583877 0.044861421 0.045688573 0.046383573 0.047984101 0.045449970 0.045171176 0.047020839 0.046729680 0.045047122 0.045067638 0.043878879 0.045061871 0.056597441 0.054594074 0.056082595 0.040118990 0.043726424 0.047127404 0.047751931 0.047074783 0.047192917 0.040537003 0.041118678 0.047137305 
24     0.049933475 0.051159500 0.050927248 0.026252592 0.026049832 0.025628681 0.024720127 0.009306884 0.000000000 0.009023369 0.010039811 0.044056789 0.043385995 0.042241967 0.041001012 0.043849128 0.043241434 0.042323490 0.041841320 0.052774085 0.052762635 0.046943873 0.046430252 0.043284694 0.045859757 0.049169793 0.049321224 0.045653862 0.046472245 0.047175198 0.048763731 0.046238634 0.045959841 0.047886793 0.047574276 0.045845116 0.045865632 0.044594454 0.045854090 0.057269007 0.055276366 0.056771762 0.040735684 0.044374637 0.047841119 0.048465851 0.047788159 0.047907377 0.041228453 0.041810127 0.047811033 
44     0.048609677 0.049786545 0.049554892 0.024961241 0.024789947 0.024340042 0.023430559 0.009177657 0.009023369 0.000000000 0.008850538 0.042659961 0.041984374 0.040828046 0.039583215 0.042440061 0.041831221 0.040913746 0.040427015 0.051465961 0.051476189 0.045608266 0.045080517 0.041935733 0.044523509 0.047607110 0.047758541 0.044210419 0.045037483 0.045729569 0.047385419 0.044855236 0.044576864 0.046470575 0.046193617 0.044466767 0.044489076 0.043199619 0.044459859 0.056087459 0.054118126 0.055440159 0.039438007 0.043006394 0.046494585 0.047119001 0.046441625 0.046560843 0.039875257 0.040456932 0.046388768 
39     0.048145429 0.049337952 0.049101704 0.024532925 0.024348907 0.023887139 0.022992893 0.009934849 0.010039811 0.008850538 0.000000000 0.042213816 0.041538831 0.040375946 0.039121220 0.041963811 0.041366865 0.040470486 0.039982029 0.051150153 0.051156685 0.045226149 0.044701066 0.041510408 0.044106153 0.047189622 0.047341053 0.043802377 0.044635902 0.045331843 0.046939934 0.044410362 0.044131569 0.045975242 0.045706799 0.043935234 0.043960654 0.042777116 0.044044102 0.055627219 0.053662274 0.054886579 0.038975744 0.042597832 0.046009307 0.046670567 0.046025892 0.046145110 0.039445591 0.039992786 0.046051741 
43     0.046121202 0.047397455 0.047277628 0.043326202 0.042996134 0.042535618 0.041762820 0.043376184 0.044056789 0.042659961 0.042213816 0.000000000 0.009321172 0.033222269 0.031784553 0.034306240 0.033745559 0.032838986 0.032558772 0.049192478 0.049209086 0.043365648 0.042695817 0.039750385 0.042087204 0.044966036 0.045123109 0.041185749 0.042021730 0.042506169 0.045252613 0.042874923 0.042583742 0.044314207 0.044047150 0.042214110 0.042140958 0.040926535 0.042026633 0.054054325 0.052245086 0.053371204 0.036957249 0.040397953 0.043889991 0.044610210 0.044016059 0.044182270 0.037120185 0.037674166 0.042861075 
16     0.045581570 0.046795917 0.046715149 0.042592974 0.042263571 0.041806653 0.041035894 0.042702278 0.043385995 0.041984374 0.041538831 0.009321172 0.000000000 0.032638031 0.031328295 0.033768059 0.033237679 0.032303996 0.031867162 0.048651583 0.048677992 0.042855429 0.042181412 0.039186211 0.041575898 0.044286709 0.044443836 0.040647908 0.041493787 0.041967513 0.044557041 0.042184733 0.041893552 0.043680466 0.043439015 0.041589934 0.041519175 0.040217953 0.041308183 0.053521122 0.051699195 0.052834517 0.036451113 0.039905270 0.043469773 0.044180732 0.043590734 0.043753050 0.036493686 0.037069989 0.042234012 
35     0.044396263 0.045585102 0.045622096 0.041389144 0.041067619 0.040584110 0.039885051 0.041619932 0.042241967 0.040828046 0.040375946 0.033222269 0.032638031 0.000000000 0.013442632 0.015881750 0.015427946 0.014874951 0.017013176 0.047201348 0.047272238 0.041238802 0.040364425 0.037367188 0.039899821 0.043292554 0.043401059 0.040129832 0.040939599 0.041409252 0.043150023 0.040763248 0.040487204 0.042220478 0.041922052 0.040071389 0.040059417 0.038742919 0.039936092 0.052142583 0.050141870 0.051276836 0.034920383 0.038611643 0.042180128 0.042987382 0.042344580 0.042455547 0.035405044 0.036020825 0.041417489 
46     0.043215959 0.044458983 0.044503646 0.040167330 0.039845804 0.039393712 0.038639396 0.040380335 0.041001012 0.039583215 0.039121220 0.031784553 0.031328295 0.013442632 0.000000000 0.011406010 0.010958836 0.010198555 0.016236841 0.046071037 0.046166349 0.040434363 0.039588676 0.036581372 0.039144483 0.042167375 0.042265607 0.038902365 0.039742023 0.040287375 0.041853520 0.039594002 0.039377561 0.040985923 0.040719659 0.038867542 0.038853289 0.037381246 0.038615016 0.050678212 0.048927450 0.050030829 0.033924275 0.037443701 0.040962695 0.041776698 0.041107444 0.041226662 0.034202516 0.034811181 0.040169681 
21     0.045688498 0.046805310 0.046787074 0.042924837 0.042600428 0.042152299 0.041402581 0.043228344 0.043849128 0.042440061 0.041963811 0.034306240 0.033768059 0.015881750 0.011406010 0.000000000 0.006955977 0.009360750 0.018597757 0.048553685 0.048606359 0.043201830 0.042416170 0.039247899 0.041854790 0.044857821 0.044944965 0.041674476 0.042475377 0.042969586 0.044500249 0.042145855 0.041962233 0.043666116 0.043390859 0.041523172 0.041511680 0.040073998 0.041301429 0.053659191 0.051781502 0.052910313 0.036765598 0.040312913 0.043652742 0.044320608 0.043807343 0.043926561 0.036825861 0.037441970 0.042717172 
45     0.045088384 0.046136552 0.046159185 0.042291632 0.041967224 0.041517637 0.040788497 0.042618664 0.043241434 0.041831221 0.041366865 0.033745559 0.033237679 0.015427946 0.010958836 0.006955977 0.000000000 0.008857762 0.018161890 0.047856713 0.047909625 0.042418042 0.041620221 0.038581400 0.041187380 0.044185606 0.044269343 0.041001350 0.041802251 0.042400004 0.043665771 0.041310431 0.041126809 0.042890720 0.042591443 0.040721081 0.040709589 0.039288163 0.040511720 0.053014330 0.051139977 0.052280068 0.036170992 0.039717374 0.043025403 0.043703914 0.043188841 0.043308060 0.036104341 0.036718240 0.042105198 
42     0.044160717 0.045209820 0.045374825 0.041418621 0.041094213 0.040646084 0.039898722 0.041703890 0.042323490 0.040913746 0.040470486 0.032838986 0.032303996 0.014874951 0.010198555 0.009360750 0.008857762 0.000000000 0.017408904 0.047089217 0.047134739 0.041599476 0.040801448 0.037698700 0.040261315 0.043360589 0.043434693 0.040167826 0.040967488 0.041531214 0.043241847 0.040823268 0.040615419 0.042362995 0.042097017 0.040225603 0.040229003 0.038717020 0.039981721 0.052103362 0.050269437 0.051323088 0.035311509 0.038811155 0.042182439 0.042884444 0.042356948 0.042476166 0.035354490 0.035966334 0.041252609 
8     0.044168054 0.045315340 0.045343642 0.041043269 0.040721899 0.040254631 0.039551252 0.041225343 0.041841320 0.040427015 0.039982029 0.032558772 0.031867162 0.017013176 0.016236841 0.018597757 0.018161890 0.017408904 0.000000000 0.046986978 0.047047245 0.041026615 0.040149516 0.037211026 0.039714158 0.043016836 0.043109350 0.039670187 0.040469503 0.041046724 0.042711041 0.040351242 0.040076323 0.041911202 0.041602094 0.039725355 0.039711294 0.038286417 0.039467716 0.051739955 0.049939873 0.050938924 0.034998816 0.038632936 0.041907571 0.042733379 0.042071647 0.042176145 0.035174803 0.035795402 0.041316363 
27     0.052667769 0.054026832 0.053959718 0.052078356 0.051742505 0.051124940 0.050644522 0.052045422 0.052774085 0.051465961 0.051150153 0.049192478 0.048651583 0.047201348 0.046071037 0.048553685 0.047856713 0.047089217 0.046986978 0.000000000 0.007663552 0.047679329 0.047082103 0.044138178 0.046310058 0.050921022 0.051062951 0.047591604 0.048483023 0.049188881 0.050625060 0.048222499 0.047990954 0.049784256 0.049603395 0.047344307 0.047343000 0.046142605 0.047444286 0.059617411 0.057747619 0.058811305 0.042827191 0.046416407 0.049386154 0.050093321 0.049450085 0.049564724 0.042709978 0.043318409 0.050687777 
22     0.052732145 0.054083978 0.054035984 0.052055321 0.051719471 0.051093387 0.050605724 0.052049381 0.052762635 0.051476189 0.051156685 0.049209086 0.048677992 0.047272238 0.046166349 0.048606359 0.047909625 0.047134739 0.047047245 0.007663552 0.000000000 0.047756248 0.047103564 0.044149562 0.046321894 0.050965820 0.051107749 0.047648999 0.048540791 0.049242380 0.050651285 0.048241543 0.048009840 0.049808902 0.049628495 0.047354103 0.047349273 0.046167913 0.047471418 0.059543099 0.057663929 0.058674631 0.042800608 0.046416794 0.049527936 0.050312652 0.049692602 0.049820042 0.042801431 0.043404787 0.050647120 
36     0.046858239 0.048059929 0.047888258 0.046074239 0.045737483 0.045211530 0.044598198 0.046249374 0.046943873 0.045608266 0.045226149 0.043365648 0.042855429 0.041238802 0.040434363 0.043201830 0.042418042 0.041599476 0.041026615 0.047679329 0.047756248 0.000000000 0.014696969 0.021435385 0.025127811 0.045231111 0.045391259 0.041625630 0.042607495 0.043313593 0.044849036 0.042558821 0.042241142 0.043990109 0.043816035 0.042022211 0.042139005 0.040727711 0.041941657 0.053704822 0.051682577 0.052804522 0.036726555 0.040367762 0.043720210 0.044572204 0.043891229 0.043998118 0.037281575 0.037926251 0.044903553 
11     0.046199076 0.047472656 0.047227280 0.045606302 0.045269546 0.044750725 0.044111972 0.045785618 0.046430252 0.045080517 0.044701066 0.042695817 0.042181412 0.040364425 0.039588676 0.042416170 0.041620221 0.040801448 0.040149516 0.047082103 0.047103564 0.014696969 0.000000000 0.020772001 0.024549557 0.044685216 0.044845364 0.041099826 0.042023185 0.042780616 0.044045020 0.041708200 0.041413390 0.043174566 0.042997202 0.041116326 0.041230841 0.039919929 0.041156879 0.052635258 0.050631213 0.052139219 0.036220283 0.039688181 0.043230376 0.044049967 0.043359567 0.043478785 0.036683070 0.037310198 0.044427808 
25     0.042673572 0.044111094 0.043988933 0.042321996 0.041924588 0.041471370 0.040811946 0.042569072 0.043284694 0.041935733 0.041510408 0.039750385 0.039186211 0.037367188 0.036581372 0.039247899 0.038581400 0.037698700 0.037211026 0.044138178 0.044149562 0.021435385 0.020772001 0.000000000 0.021497119 0.041612962 0.041779525 0.038179194 0.039111793 0.039881016 0.041045493 0.038817067 0.038502516 0.040339237 0.040083473 0.038322375 0.038469583 0.037059981 0.038279479 0.049793301 0.047801986 0.048984309 0.032910232 0.036870323 0.040113518 0.040908129 0.040238786 0.040358004 0.033563436 0.034168227 0.040824019 
7     0.045608298 0.046728659 0.046604963 0.044858062 0.044515474 0.043973222 0.043399572 0.045151887 0.045859757 0.044523509 0.044106153 0.042087204 0.041575898 0.039899821 0.039144483 0.041854790 0.041187380 0.040261315 0.039714158 0.046310058 0.046321894 0.025127811 0.024549557 0.021497119 0.000000000 0.043801931 0.043969235 0.040366825 0.041293138 0.041982141 0.043272206 0.041137321 0.040825110 0.042563914 0.042346177 0.040680740 0.040850902 0.039286285 0.040492560 0.052283553 0.050375940 0.051386800 0.035478239 0.039119354 0.042472128 0.043197648 0.042519161 0.042638108 0.035772658 0.036417833 0.043638252 
14     0.048825058 0.049861475 0.049546195 0.048307155 0.047975724 0.047423143 0.046868385 0.048432445 0.049169793 0.047607110 0.047189622 0.044966036 0.044286709 0.043292554 0.042167375 0.044857821 0.044185606 0.043360589 0.043016836 0.050921022 0.050965820 0.045231111 0.044685216 0.041612962 0.043801931 0.000000000 0.005682370 0.027603634 0.028443390 0.029245237 0.041547661 0.039050459 0.038776504 0.040594847 0.040307464 0.038513620 0.038558507 0.037534484 0.038745684 0.054318426 0.052636977 0.053625725 0.037605544 0.041055374 0.044821556 0.045348107 0.044767601 0.044889735 0.038229644 0.038927846 0.046654716 
13     0.048998885 0.050021214 0.049701586 0.048458586 0.048127155 0.047578793 0.047019816 0.048583877 0.049321224 0.047758541 0.047341053 0.045123109 0.044443836 0.043401059 0.042265607 0.044944965 0.044269343 0.043434693 0.043109350 0.051062951 0.051107749 0.045391259 0.044845364 0.041779525 0.043969235 0.005682370 0.000000000 0.027909564 0.028749375 0.029503416 0.041632067 0.039146292 0.038872408 0.040757911 0.040428069 0.038628145 0.038665726 0.037668025 0.038879224 0.054458195 0.052776746 0.053775240 0.037762682 0.041212859 0.045053352 0.045566584 0.044992359 0.045114479 0.038441219 0.039097568 0.046840032 
50     0.046049985 0.047210710 0.046808975 0.045088304 0.044754099 0.044172840 0.043648584 0.044861421 0.045653862 0.044210419 0.043802377 0.041185749 0.040647908 0.040129832 0.038902365 0.041674476 0.041001350 0.040167826 0.039670187 0.047591604 0.047648999 0.041625630 0.041099826 0.038179194 0.040366825 0.027603634 0.027909564 0.000000000 0.006335628 0.008230741 0.038287475 0.035933275 0.035614360 0.037199617 0.037016620 0.035103912 0.035193182 0.034220373 0.035305318 0.051002477 0.049295489 0.050317318 0.034293428 0.037858635 0.041526196 0.042031636 0.041426634 0.041545725 0.034592554 0.035300495 0.043192758 
28     0.046788138 0.048019154 0.047581277 0.045898685 0.045577204 0.044995590 0.044471689 0.045688573 0.046472245 0.045037483 0.044635902 0.042021730 0.041493787 0.040939599 0.039742023 0.042475377 0.041802251 0.040967488 0.040469503 0.048483023 0.048540791 0.042607495 0.042023185 0.039111793 0.041293138 0.028443390 0.028749375 0.006335628 0.000000000 0.009067351 0.039247882 0.036888240 0.036569326 0.038165145 0.037973428 0.036102715 0.036232071 0.035096740 0.036186407 0.051954664 0.050246998 0.051229423 0.035222201 0.038755181 0.042411482 0.043007005 0.042401157 0.042520476 0.035576291 0.036282279 0.044048544 
17     0.047583065 0.048864071 0.048457386 0.046631478 0.046298074 0.045727182 0.045177466 0.046383573 0.047175198 0.045729569 0.045331843 0.042506169 0.041967513 0.041409252 0.040287375 0.042969586 0.042400004 0.041531214 0.041046724 0.049188881 0.049242380 0.043313593 0.042780616 0.039881016 0.041982141 0.029245237 0.029503416 0.008230741 0.009067351 0.000000000 0.039955501 0.037593273 0.037282463 0.038752675 0.038569059 0.036788237 0.036862824 0.035919189 0.037009550 0.052661470 0.050919670 0.051934354 0.035856006 0.039392107 0.043162582 0.043676653 0.043071603 0.043190922 0.036383090 0.037074539 0.044783678 
37     0.048807034 0.050262188 0.049894094 0.047951186 0.047629324 0.047013477 0.046577457 0.047984101 0.048763731 0.047385419 0.046939934 0.045252613 0.044557041 0.043150023 0.041853520 0.044500249 0.043665771 0.043241847 0.042711041 0.050625060 0.050651285 0.044849036 0.044045020 0.041045493 0.043272206 0.041547661 0.041632067 0.038287475 0.039247882 0.039955501 0.000000000 0.016565205 0.016353402 0.030214951 0.029933345 0.028110726 0.028053005 0.028292541 0.029402578 0.054289051 0.052517855 0.053430212 0.037363671 0.040634455 0.044466818 0.045135221 0.044545249 0.044660845 0.037627241 0.038293300 0.046505845 
40     0.046438874 0.047680870 0.047412730 0.045406362 0.045084502 0.044484079 0.044032169 0.045449970 0.046238634 0.044855236 0.044410362 0.042874923 0.042184733 0.040763248 0.039594002 0.042145855 0.041310431 0.040823268 0.040351242 0.048222499 0.048241543 0.042558821 0.041708200 0.038817067 0.041137321 0.039050459 0.039146292 0.035933275 0.036888240 0.037593273 0.016565205 0.000000000 0.005123032 0.027457713 0.027222857 0.025408409 0.025331625 0.025464273 0.026750766 0.051924873 0.050168672 0.051281105 0.034889611 0.038364518 0.042104732 0.042742208 0.042174794 0.042294012 0.035206511 0.035870321 0.044218879 
23     0.046082286 0.047374238 0.047113967 0.045115960 0.044794100 0.044192520 0.043741767 0.045171176 0.045959841 0.044576864 0.044131569 0.042583742 0.041893552 0.040487204 0.039377561 0.041962233 0.041126809 0.040615419 0.040076323 0.047990954 0.048009840 0.042241142 0.041413390 0.038502516 0.040825110 0.038776504 0.038872408 0.035614360 0.036569326 0.037282463 0.016353402 0.005123032 0.000000000 0.027272100 0.027021721 0.025209044 0.025132261 0.025333631 0.026642715 0.051635098 0.049865866 0.050984656 0.034597654 0.038065856 0.041733117 0.042407742 0.041831832 0.041951050 0.034872391 0.035536201 0.043903151 
5     0.048024491 0.049112868 0.048834823 0.047078738 0.046767707 0.046269991 0.045710062 0.047020839 0.047886793 0.046470575 0.045975242 0.044314207 0.043680466 0.042220478 0.040985923 0.043666116 0.042890720 0.042362995 0.041911202 0.049784256 0.049808902 0.043990109 0.043174566 0.040339237 0.042563914 0.040594847 0.040757911 0.037199617 0.038165145 0.038752675 0.030214951 0.027457713 0.027272100 0.000000000 0.014827190 0.020137790 0.020191977 0.027653165 0.028726199 0.053381621 0.051607727 0.052831751 0.036298419 0.039954829 0.043697154 0.044261856 0.043769085 0.043888303 0.036869658 0.037575844 0.045827917 
31     0.047659602 0.048829577 0.048539319 0.046827319 0.046510512 0.046011526 0.045397795 0.046729680 0.047574276 0.046193617 0.045706799 0.044047150 0.043439015 0.041922052 0.040719659 0.043390859 0.042591443 0.042097017 0.041602094 0.049603395 0.049628495 0.043816035 0.042997202 0.040083473 0.042346177 0.040307464 0.040428069 0.037016620 0.037973428 0.038569059 0.029933345 0.027222857 0.027021721 0.014827190 0.000000000 0.019834986 0.019942773 0.027500742 0.028586204 0.053087455 0.051322557 0.052704184 0.036046273 0.039676768 0.043328861 0.043903765 0.043427560 0.043545996 0.036627477 0.037321702 0.045554326 
19     0.045851203 0.046920760 0.046577526 0.044878134 0.044558297 0.043893595 0.043502580 0.045047122 0.045845116 0.044466767 0.043935234 0.042214110 0.041589934 0.040071389 0.038867542 0.041523172 0.040721081 0.040225603 0.039725355 0.047344307 0.047354103 0.042022211 0.041116326 0.038322375 0.040680740 0.038513620 0.038628145 0.035103912 0.036102715 0.036788237 0.028110726 0.025408409 0.025209044 0.020137790 0.019834986 0.000000000 0.005840655 0.025550084 0.026575080 0.051079499 0.049284258 0.050752810 0.034247272 0.037920601 0.041507008 0.042086476 0.041514915 0.041637061 0.034804464 0.035511593 0.043763490 
34     0.045897343 0.046990813 0.046590321 0.045022171 0.044705777 0.044057381 0.043646617 0.045067638 0.045865632 0.044489076 0.043960654 0.042140958 0.041519175 0.040059417 0.038853289 0.041511680 0.040709589 0.040229003 0.039711294 0.047343000 0.047349273 0.042139005 0.041230841 0.038469583 0.040850902 0.038558507 0.038665726 0.035193182 0.036232071 0.036862824 0.028053005 0.025331625 0.025132261 0.020191977 0.019942773 0.005840655 0.000000000 0.025562950 0.026603319 0.051077711 0.049271721 0.050718505 0.034276377 0.037898170 0.041519572 0.042096919 0.041531780 0.041653927 0.034799797 0.035505266 0.043793289 
49     0.044718166 0.045971048 0.045710977 0.043692232 0.043365193 0.042830183 0.042331890 0.043878879 0.044594454 0.043199619 0.042777116 0.040926535 0.040217953 0.038742919 0.037381246 0.040073998 0.039288163 0.038717020 0.038286417 0.046142605 0.046167913 0.040727711 0.039919929 0.037059981 0.039286285 0.037534484 0.037668025 0.034220373 0.035096740 0.035919189 0.028292541 0.025464273 0.025333631 0.027653165 0.027500742 0.025550084 0.025562950 0.000000000 0.008653917 0.050044918 0.048154448 0.049302818 0.033095360 0.036475875 0.040256621 0.040971808 0.040422660 0.040531331 0.033338243 0.033985371 0.042447241 
10     0.045884841 0.047292391 0.047045315 0.044986577 0.044659539 0.044124528 0.043624776 0.045061871 0.045854090 0.044459859 0.044044102 0.042026633 0.041308183 0.039936092 0.038615016 0.041301429 0.040511720 0.039981721 0.039467716 0.047444286 0.047471418 0.041941657 0.041156879 0.038279479 0.040492560 0.038745684 0.038879224 0.035305318 0.036186407 0.037009550 0.029402578 0.026750766 0.026642715 0.028726199 0.028586204 0.026575080 0.026603319 0.008653917 0.000000000 0.051287889 0.049422719 0.050526232 0.034148278 0.037679072 0.041411558 0.042076602 0.041535208 0.041654041 0.034471735 0.035119102 0.043721849 
26     0.057648361 0.059134977 0.058748166 0.056435070 0.056096821 0.055558798 0.054954999 0.056597441 0.057269007 0.056087459 0.055627219 0.054054325 0.053521122 0.052142583 0.050678212 0.053659191 0.053014330 0.052103362 0.051739955 0.059617411 0.059543099 0.053704822 0.052635258 0.049793301 0.052283553 0.054318426 0.054458195 0.051002477 0.051954664 0.052661470 0.054289051 0.051924873 0.051635098 0.053381621 0.053087455 0.051079499 0.051077711 0.050044918 0.051287889 0.000000000 0.020490504 0.043714534 0.044851174 0.048389650 0.053194263 0.054092361 0.053380192 0.053518490 0.046452957 0.047171046 0.054919719 
30     0.055922770 0.057472365 0.056985183 0.054563832 0.054222371 0.053691967 0.053107546 0.054594074 0.055276366 0.054118126 0.053662274 0.052245086 0.051699195 0.050141870 0.048927450 0.051781502 0.051139977 0.050269437 0.049939873 0.057747619 0.057663929 0.051682577 0.050631213 0.047801986 0.050375940 0.052636977 0.052776746 0.049295489 0.050246998 0.050919670 0.052517855 0.050168672 0.049865866 0.051607727 0.051322557 0.049284258 0.049271721 0.048154448 0.049422719 0.020490504 0.000000000 0.041753108 0.042925300 0.046457518 0.051454903 0.052399356 0.051686866 0.051806084 0.044641699 0.045263196 0.053122579 
48     0.057054283 0.058397358 0.058040548 0.055798728 0.055485650 0.054996494 0.054362504 0.056082595 0.056771762 0.055440159 0.054886579 0.053371204 0.052834517 0.051276836 0.050030829 0.052910313 0.052280068 0.051323088 0.050938924 0.058811305 0.058674631 0.052804522 0.052139219 0.048984309 0.051386800 0.053625725 0.053775240 0.050317318 0.051229423 0.051934354 0.053430212 0.051281105 0.050984656 0.052831751 0.052704184 0.050752810 0.050718505 0.049302818 0.050526232 0.043714534 0.041753108 0.000000000 0.043941420 0.047750482 0.052752639 0.053406164 0.052779123 0.052898341 0.045915160 0.046522028 0.054316976 
18     0.040903514 0.042198474 0.041871496 0.040129209 0.039793231 0.039279920 0.038573327 0.040118990 0.040735684 0.039438007 0.038975744 0.036957249 0.036451113 0.034920383 0.033924275 0.036765598 0.036170992 0.035311509 0.034998816 0.042827191 0.042800608 0.036726555 0.036220283 0.032910232 0.035478239 0.037605544 0.037762682 0.034293428 0.035222201 0.035856006 0.037363671 0.034889611 0.034597654 0.036298419 0.036046273 0.034247272 0.034276377 0.033095360 0.034148278 0.044851174 0.042925300 0.043941420 0.000000000 0.021552681 0.036353583 0.037059662 0.036445574 0.036566583 0.029909905 0.030525736 0.038541602 
33     0.044418349 0.045259009 0.044969328 0.043791062 0.043450963 0.042955373 0.042203808 0.043726424 0.044374637 0.043006394 0.042597832 0.040397953 0.039905270 0.038611643 0.037443701 0.040312913 0.039717374 0.038811155 0.038632936 0.046416407 0.046416794 0.040367762 0.039688181 0.036870323 0.039119354 0.041055374 0.041212859 0.037858635 0.038755181 0.039392107 0.040634455 0.038364518 0.038065856 0.039954829 0.039676768 0.037920601 0.037898170 0.036475875 0.037679072 0.048389650 0.046457518 0.047750482 0.021552681 0.000000000 0.039844677 0.040600434 0.039962538 0.040081756 0.033436902 0.034065504 0.041861228 
41     0.047550207 0.048915489 0.048811877 0.046679900 0.046287542 0.045883220 0.045283334 0.047127404 0.047841119 0.046494585 0.046009307 0.043889991 0.043469773 0.042180128 0.040962695 0.043652742 0.043025403 0.042182439 0.041907571 0.049386154 0.049527936 0.043720210 0.043230376 0.040113518 0.042472128 0.044821556 0.045053352 0.041526196 0.042411482 0.043162582 0.044466818 0.042104732 0.041733117 0.043697154 0.043328861 0.041507008 0.041519572 0.040256621 0.041411558 0.053194263 0.051454903 0.052752639 0.036353583 0.039844677 0.000000000 0.014828813 0.013557710 0.013826317 0.027224436 0.027951445 0.045131512 
38     0.048122681 0.049596876 0.049422612 0.047409783 0.046999465 0.046566667 0.046014617 0.047751931 0.048465851 0.047119001 0.046670567 0.044610210 0.044180732 0.042987382 0.041776698 0.044320608 0.043703914 0.042884444 0.042733379 0.050093321 0.050312652 0.044572204 0.044049967 0.040908129 0.043197648 0.045348107 0.045566584 0.042031636 0.043007005 0.043676653 0.045135221 0.042742208 0.042407742 0.044261856 0.043903765 0.042086476 0.042096919 0.040971808 0.042076602 0.054092361 0.052399356 0.053406164 0.037059662 0.040600434 0.014828813 0.000000000 0.007744008 0.007350795 0.028021144 0.028716569 0.045857068 
32     0.047396011 0.048877624 0.048713916 0.046739673 0.046329349 0.045895081 0.045347960 0.047074783 0.047788159 0.046441625 0.046025892 0.044016059 0.043590734 0.042344580 0.041107444 0.043807343 0.043188841 0.042356948 0.042071647 0.049450085 0.049692602 0.043891229 0.043359567 0.040238786 0.042519161 0.044767601 0.044992359 0.041426634 0.042401157 0.043071603 0.044545249 0.042174794 0.041831832 0.043769085 0.043427560 0.041514915 0.041531780 0.040422660 0.041535208 0.053380192 0.051686866 0.052779123 0.036445574 0.039962538 0.013557710 0.007744008 0.000000000 0.004416399 0.027171737 0.027882313 0.045234128 
47     0.047515672 0.048996842 0.048833134 0.046856116 0.046445792 0.046006185 0.045459325 0.047192917 0.047907377 0.046560843 0.046145110 0.044182270 0.043753050 0.042455547 0.041226662 0.043926561 0.043308060 0.042476166 0.042176145 0.049564724 0.049820042 0.043998118 0.043478785 0.040358004 0.042638108 0.044889735 0.045114479 0.041545725 0.042520476 0.043190922 0.044660845 0.042294012 0.041951050 0.043888303 0.043545996 0.041637061 0.041653927 0.040531331 0.041654041 0.053518490 0.051806084 0.052898341 0.036566583 0.040081756 0.013826317 0.007350795 0.004416399 0.000000000 0.027283803 0.027994379 0.045359513 
20     0.040649911 0.042159268 0.041971871 0.040264635 0.039913205 0.039446160 0.038792298 0.040537003 0.041228453 0.039875257 0.039445591 0.037120185 0.036493686 0.035405044 0.034202516 0.036825861 0.036104341 0.035354490 0.035174803 0.042709978 0.042801431 0.037281575 0.036683070 0.033563436 0.035772658 0.038229644 0.038441219 0.034592554 0.035576291 0.036383090 0.037627241 0.035206511 0.034872391 0.036869658 0.036627477 0.034804464 0.034799797 0.033338243 0.034471735 0.046452957 0.044641699 0.045915160 0.029909905 0.033436902 0.027224436 0.028021144 0.027171737 0.027283803 0.000000000 0.005690183 0.038638730 
4     0.041299407 0.042808764 0.042622454 0.040835491 0.040486293 0.040017016 0.039360741 0.041118678 0.041810127 0.040456932 0.039992786 0.037674166 0.037069989 0.036020825 0.034811181 0.037441970 0.036718240 0.035966334 0.035795402 0.043318409 0.043404787 0.037926251 0.037310198 0.034168227 0.036417833 0.038927846 0.039097568 0.035300495 0.036282279 0.037074539 0.038293300 0.035870321 0.035536201 0.037575844 0.037321702 0.035511593 0.035505266 0.033985371 0.035119102 0.047171046 0.045263196 0.046522028 0.030525736 0.034065504 0.027951445 0.028716569 0.027882313 0.027994379 0.005690183 0.000000000 0.039280848 
0     0.046220801 0.047380580 0.047272913 0.046564641 0.046233565 0.045729839 0.045088597 0.047137305 0.047811033 0.046388768 0.046051741 0.042861075 0.042234012 0.041417489 0.040169681 0.042717172 0.042105198 0.041252609 0.041316363 0.050687777 0.050647120 0.044903553 0.044427808 0.040824019 0.043638252 0.046654716 0.046840032 0.043192758 0.044048544 0.044783678 0.046505845 0.044218879 0.043903151 0.045827917 0.045554326 0.043763490 0.043793289 0.042447241 0.043721849 0.054919719 0.053122579 0.054316976 0.038541602 0.041861228 0.045131512 0.045857068 0.045234128 0.045359513 0.038638730 0.039280848 0.000000000 
