51
1     0.000000000 0.140248232 0.139966990 0.416148171 0.377106061 0.418418353 0.416760920 0.408403415 0.405163616 0.406099751 0.465121556 0.459063292 0.489811826 0.552874319 0.467533666 0.465572842 0.468647756 0.474196701 0.570659774 0.512384907 0.502104456 0.497013178 0.497893988 0.523330282 0.516622523 0.522959323 0.489245191 0.547578855 0.529113734 0.531579277 0.532289977 0.530214986 0.487540345 0.489468042 0.520728591 0.523896102 0.534731158 0.531076086 0.472206570 0.463738005 0.459255445 0.460644342 0.499535748 0.487383150 0.478102753 0.496738395 0.486475810 0.546926600 0.450372198 0.446847782 0.824412725 
8     0.140248232 0.000000000 0.042503048 0.398290673 0.359249281 0.400668752 0.399011319 0.390654665 0.387427402 0.388363537 0.447384033 0.441325769 0.472074303 0.535117918 0.449779679 0.447818855 0.450891356 0.456440301 0.552903373 0.494628506 0.484348055 0.479256778 0.480137587 0.505573882 0.498866122 0.505202922 0.471488791 0.529822454 0.511357334 0.513822876 0.514533577 0.512458586 0.469711057 0.471638754 0.502899303 0.506066814 0.516901870 0.513246798 0.454377282 0.445908717 0.441426157 0.442815054 0.481706460 0.469553862 0.460273465 0.478909107 0.468646522 0.529097312 0.432431983 0.428910193 0.806663440 
9     0.139966990 0.042503048 0.000000000 0.398611867 0.359570474 0.400989945 0.399332512 0.390975858 0.387748596 0.388684731 0.447705227 0.441646962 0.472395497 0.535439112 0.450100872 0.448140048 0.451212549 0.456761494 0.553224567 0.494949700 0.484669249 0.479577971 0.480458781 0.505895075 0.499187316 0.505524116 0.471809984 0.530143648 0.511678527 0.514144070 0.514854770 0.512779779 0.470032250 0.471959947 0.503220496 0.506388008 0.517223064 0.513567992 0.454698476 0.446229910 0.441747351 0.443136247 0.482027653 0.469875055 0.460594658 0.479230300 0.468967715 0.529418505 0.432716305 0.429231386 0.806984633 
10     0.416148171 0.398290673 0.398611867 0.000000000 0.266192265 0.389348041 0.387776263 0.379430917 0.376172651 0.377108786 0.435916260 0.429588177 0.460336711 0.523491531 0.438124830 0.436164006 0.439194324 0.444355470 0.540818542 0.482864866 0.472572202 0.467480925 0.468361734 0.493792558 0.487090269 0.493430433 0.459716301 0.518629251 0.500172190 0.502637733 0.503348433 0.501273442 0.458628166 0.460685580 0.492022490 0.494983924 0.505818980 0.502163908 0.443294391 0.434825983 0.430262616 0.431651513 0.470519901 0.458607282 0.449326885 0.467906384 0.457643799 0.517903121 0.421660417 0.417954208 0.795045200 
6     0.377106061 0.359249281 0.359570474 0.266192265 0.000000000 0.350160456 0.348696671 0.340592879 0.337250539 0.338186674 0.397154472 0.391096208 0.421844742 0.485113590 0.399853470 0.397892646 0.400849551 0.406122512 0.502585584 0.444521773 0.434241322 0.429150045 0.430030854 0.455461678 0.448759389 0.455074696 0.421382057 0.480152732 0.461695672 0.464161214 0.464871915 0.462796924 0.420059174 0.422132745 0.453453498 0.456414931 0.467249987 0.463594915 0.404725399 0.396256990 0.391854329 0.393243226 0.431950909 0.420038290 0.410757893 0.429337392 0.419074807 0.479248887 0.383080485 0.379374276 0.756399232 
7     0.418418353 0.400668752 0.400989945 0.389348041 0.350160456 0.000000000 0.064460832 0.265563159 0.262858204 0.263778354 0.401460530 0.395427406 0.426175940 0.489252531 0.404136152 0.402175328 0.405059982 0.410486456 0.506992615 0.448798172 0.438459295 0.433368017 0.434248827 0.459629563 0.452897933 0.459296944 0.425595206 0.484565679 0.466108618 0.468574161 0.469284861 0.467209870 0.424563042 0.426689379 0.457960248 0.460918799 0.471753855 0.468098783 0.409020229 0.400463893 0.396083672 0.397472569 0.436079394 0.424209977 0.414929580 0.433465877 0.423203292 0.483830430 0.387700353 0.383976046 0.760347698 
2     0.416760920 0.399011319 0.399332512 0.387776263 0.348696671 0.064460832 0.000000000 0.263704566 0.260885615 0.261919762 0.399758719 0.393725595 0.424474129 0.487501947 0.402434341 0.400473517 0.403358170 0.408784644 0.505290803 0.447096361 0.436757483 0.431666206 0.432547015 0.457936009 0.451196122 0.457595132 0.423893395 0.482863868 0.464406807 0.466872350 0.467583050 0.465508059 0.422861230 0.424987567 0.456258437 0.459216988 0.470052043 0.466396971 0.407318417 0.398748645 0.394381861 0.395770758 0.434377583 0.422508166 0.413227769 0.431764066 0.421501481 0.482128619 0.385998541 0.382274235 0.758645887 
4     0.408403415 0.390654665 0.390975858 0.379430917 0.340592879 0.265563159 0.263704566 0.000000000 0.097612916 0.098125259 0.391058101 0.385083830 0.415986869 0.479419337 0.394216205 0.392255381 0.395343205 0.400624977 0.497355223 0.439080356 0.428638500 0.423547223 0.424428032 0.449837213 0.443243367 0.449580167 0.415940640 0.474468829 0.456151134 0.458616676 0.459327377 0.457252386 0.414551507 0.416637371 0.447921434 0.450899428 0.461734484 0.458079412 0.398763346 0.390571715 0.386117183 0.387506080 0.426104139 0.414234722 0.404954325 0.423490622 0.413228037 0.473714700 0.377725402 0.374001095 0.749866375 
5     0.405163616 0.387427402 0.387748596 0.376172651 0.337250539 0.262858204 0.260885615 0.097612916 0.000000000 0.056845592 0.387861030 0.381927827 0.412830866 0.476204533 0.390412243 0.388446268 0.392158648 0.397452247 0.494170665 0.435895798 0.425460578 0.420369300 0.421250110 0.446659291 0.440058810 0.446395610 0.412756083 0.470971890 0.452289649 0.454755192 0.455389447 0.453314456 0.411592516 0.413718853 0.444989723 0.447948274 0.458783330 0.455128258 0.395700396 0.387614584 0.383176507 0.384565404 0.423096139 0.411226722 0.401946325 0.420482622 0.410220037 0.470855114 0.374722715 0.370998409 0.746699004 
3     0.406099751 0.388363537 0.388684731 0.377108786 0.338186674 0.263778354 0.261919762 0.098125259 0.056845592 0.000000000 0.389041543 0.383108341 0.414011380 0.477385046 0.392181915 0.390221091 0.393355908 0.398649507 0.495367926 0.437093059 0.426657838 0.421566561 0.422447370 0.447856551 0.441256070 0.447592870 0.413953343 0.472171493 0.453489252 0.455954794 0.456589049 0.454514058 0.412782233 0.414908570 0.446179440 0.449137990 0.459973046 0.456317974 0.396884681 0.388804300 0.384366224 0.385755121 0.424285855 0.412416439 0.403136041 0.421672339 0.411409754 0.472044831 0.375912432 0.372188125 0.747830753 
34     0.465121556 0.447384033 0.447705227 0.435916260 0.397154472 0.401460530 0.399758719 0.391058101 0.387861030 0.389041543 0.000000000 0.118082696 0.169801880 0.429703362 0.341935670 0.339974846 0.342623282 0.348620701 0.444666920 0.386268930 0.376003653 0.370912376 0.371793185 0.397269760 0.390390169 0.396879049 0.363053679 0.420405396 0.401910590 0.404376133 0.404964714 0.402889723 0.377932875 0.380666329 0.411794970 0.414838538 0.425536045 0.421891272 0.363085798 0.354745577 0.351108354 0.352497250 0.391355983 0.379502527 0.370218264 0.388684516 0.378391877 0.438768730 0.342888155 0.338624801 0.730531138 
26     0.459063292 0.441325769 0.441646962 0.429588177 0.391096208 0.395427406 0.393725595 0.385083830 0.381927827 0.383108341 0.118082696 0.000000000 0.163892800 0.423495715 0.335870949 0.333910125 0.336373018 0.342370436 0.438416655 0.380018666 0.369753389 0.364662111 0.365542921 0.391019496 0.384139905 0.390628784 0.356803415 0.414173738 0.395678932 0.398144475 0.398733056 0.396658065 0.371823836 0.374562386 0.405691027 0.408734594 0.419432102 0.415787329 0.356981855 0.348641634 0.345004410 0.346393307 0.385281448 0.373442075 0.364157811 0.382646863 0.372384278 0.432643359 0.336734002 0.332470649 0.724335821 
36     0.489811826 0.472074303 0.472395497 0.460336711 0.421844742 0.426175940 0.424474129 0.415986869 0.412830866 0.414011380 0.169801880 0.163892800 0.000000000 0.454231328 0.366629411 0.364668587 0.367130205 0.373127623 0.469173842 0.410775853 0.400510576 0.395419298 0.396300108 0.421776683 0.414897092 0.421385971 0.387560602 0.444930925 0.426436119 0.428901662 0.429423402 0.427348411 0.402626497 0.405314032 0.436442672 0.439486240 0.450183747 0.446538975 0.387733500 0.379393279 0.375756056 0.377144953 0.416033093 0.404193720 0.394909457 0.413398509 0.403135924 0.463395005 0.367485648 0.363222294 0.754298470 
49     0.552874319 0.535117918 0.535439112 0.523491531 0.485113590 0.489252531 0.487501947 0.479419337 0.476204533 0.477385046 0.429703362 0.423495715 0.454231328 0.000000000 0.322084772 0.320059998 0.429159599 0.434945283 0.530966146 0.472643401 0.462691514 0.457600236 0.458481046 0.483933817 0.477096620 0.483431573 0.449742095 0.509991972 0.491520212 0.493985755 0.494697033 0.492622042 0.467756219 0.470018631 0.501213081 0.504063574 0.514931532 0.511287433 0.452717223 0.444198240 0.440680776 0.442069673 0.480773390 0.468755619 0.459468771 0.478005995 0.467743410 0.528223285 0.432543401 0.428278917 0.819173912 
18     0.467533666 0.449779679 0.450100872 0.438124830 0.399853470 0.404136152 0.402434341 0.394216205 0.390412243 0.392181915 0.341935670 0.335870949 0.366629411 0.322084772 0.000000000 0.043947419 0.341579693 0.347750998 0.443814398 0.385382158 0.375401842 0.370310565 0.371191374 0.396644146 0.389806949 0.396125196 0.362452424 0.422354357 0.403882598 0.406348140 0.407059419 0.404984428 0.379492139 0.381514179 0.412984720 0.416068306 0.426954335 0.423310237 0.364429723 0.355910739 0.352973337 0.354362234 0.393014919 0.380934799 0.371647951 0.390185175 0.379922590 0.440497356 0.344780375 0.340515892 0.731937821 
44     0.465572842 0.447818855 0.448140048 0.436164006 0.397892646 0.402175328 0.400473517 0.392255381 0.388446268 0.390221091 0.339974846 0.333910125 0.364668587 0.320059998 0.043947419 0.000000000 0.339618869 0.345790174 0.441853574 0.383421334 0.373441019 0.368349741 0.369230550 0.394683322 0.387846125 0.394131448 0.360491600 0.420393533 0.401921774 0.404387317 0.405098595 0.403023604 0.377531315 0.379572176 0.411023896 0.414107482 0.424993512 0.421349413 0.362468899 0.353949916 0.351012513 0.352401410 0.391054095 0.378973975 0.369687127 0.388224351 0.377961766 0.438536532 0.342819552 0.338555068 0.729976997 
15     0.468647756 0.450891356 0.451212549 0.439194324 0.400849551 0.405059982 0.403358170 0.395343205 0.392158648 0.393355908 0.342623282 0.336373018 0.367130205 0.429159599 0.341579693 0.339618869 0.000000000 0.165200268 0.261510853 0.205399331 0.195439815 0.190325347 0.191196234 0.215543667 0.210172275 0.216471753 0.182958824 0.407338278 0.388793524 0.391259066 0.391704221 0.389917451 0.380916154 0.383292136 0.414542703 0.417404483 0.428395439 0.424724760 0.365788974 0.357390538 0.353070512 0.354459409 0.393293224 0.381465744 0.371954598 0.390716121 0.380453536 0.440897404 0.345564544 0.340967184 0.731833734 
33     0.474196701 0.456440301 0.456761494 0.444355470 0.406122512 0.410486456 0.408784644 0.400624977 0.397452247 0.398649507 0.348620701 0.342370436 0.373127623 0.434945283 0.347750998 0.345790174 0.165200268 0.000000000 0.172099280 0.175758760 0.176384729 0.171229421 0.172473552 0.197392535 0.192166804 0.199797473 0.165083011 0.413283409 0.394657458 0.397123001 0.397511961 0.395781385 0.386630210 0.389067905 0.420277218 0.423094943 0.434111764 0.430441085 0.371661517 0.363227033 0.358787051 0.360175948 0.398863903 0.387036424 0.377496405 0.396120572 0.385891651 0.446487812 0.351421252 0.347011755 0.737600299 
13     0.570659774 0.552903373 0.553224567 0.540818542 0.502585584 0.506992615 0.505290803 0.497355223 0.494170665 0.495367926 0.444666920 0.438416655 0.469173842 0.530966146 0.443814398 0.441853574 0.261510853 0.172099280 0.000000000 0.271248117 0.272234460 0.267191233 0.268256110 0.293606095 0.287731942 0.295062140 0.260268941 0.509349988 0.490724036 0.493189579 0.493578540 0.491847964 0.483171524 0.485609219 0.516818533 0.519620019 0.530653078 0.526982400 0.468202831 0.459768348 0.455328366 0.456717262 0.495395912 0.483568433 0.474028414 0.492818810 0.482556224 0.543000093 0.447893079 0.443483581 0.833873990 
11     0.512384907 0.494628506 0.494949700 0.482864866 0.444521773 0.448798172 0.447096361 0.439080356 0.435895798 0.437093059 0.386268930 0.380018666 0.410775853 0.472643401 0.385382158 0.383421334 0.205399331 0.175758760 0.271248117 0.000000000 0.214156362 0.208864846 0.210190188 0.234595098 0.229324938 0.235615618 0.201692122 0.450731869 0.432039222 0.434504765 0.434893725 0.433163149 0.424687150 0.427001161 0.458358725 0.461140507 0.472077517 0.468406838 0.409722247 0.401287763 0.396882372 0.398271269 0.436967922 0.425140442 0.415600423 0.434390819 0.424128234 0.484572342 0.389488506 0.385079008 0.775500068 
46     0.502104456 0.484348055 0.484669249 0.472572202 0.434241322 0.438459295 0.436757483 0.428638500 0.425460578 0.426657838 0.376003653 0.369753389 0.400510576 0.462691514 0.375401842 0.373441019 0.195439815 0.176384729 0.272234460 0.214156362 0.000000000 0.039990885 0.066439725 0.153753689 0.193086947 0.199429867 0.164996721 0.440625953 0.422081199 0.424546742 0.424851498 0.423205127 0.414389791 0.416884561 0.448098421 0.450938135 0.461928420 0.458257741 0.399478173 0.391043689 0.386607425 0.387996322 0.426684569 0.414857090 0.405288793 0.424107467 0.413844882 0.474333661 0.379120370 0.374606705 0.765290054 
35     0.497013178 0.479256778 0.479577971 0.467480925 0.429150045 0.433368017 0.431666206 0.423547223 0.420369300 0.421566561 0.370912376 0.364662111 0.395419298 0.457600236 0.370310565 0.368349741 0.190325347 0.171229421 0.267191233 0.208864846 0.039990885 0.000000000 0.062466851 0.149904819 0.188192441 0.194593032 0.160317914 0.435534676 0.416989922 0.419455465 0.419734650 0.418113849 0.409298514 0.411793283 0.443007144 0.445846858 0.456837142 0.453166464 0.394386896 0.385952412 0.381516148 0.382905045 0.421593292 0.409765812 0.400197515 0.419016189 0.408753604 0.469242383 0.374029093 0.369515427 0.760198776 
50     0.497893988 0.480137587 0.480458781 0.468361734 0.430030854 0.434248827 0.432547015 0.424428032 0.421250110 0.422447370 0.371793185 0.365542921 0.396300108 0.458481046 0.371191374 0.369230550 0.191196234 0.172473552 0.268256110 0.210190188 0.066439725 0.062466851 0.000000000 0.150162591 0.189073557 0.196017457 0.161744712 0.436122870 0.417715377 0.420180920 0.420460105 0.418839305 0.410179323 0.412674092 0.443887953 0.446727667 0.457717952 0.454047273 0.395267705 0.386833221 0.382396957 0.383785854 0.422474101 0.410646622 0.401078324 0.419896999 0.409634414 0.470123192 0.374909902 0.370396237 0.761079586 
39     0.523330282 0.505573882 0.505895075 0.493792558 0.455461678 0.459629563 0.457936009 0.449837213 0.446659291 0.447856551 0.397269760 0.391019496 0.421776683 0.483933817 0.396644146 0.394683322 0.215543667 0.197392535 0.293606095 0.234595098 0.153753689 0.149904819 0.150162591 0.000000000 0.212359928 0.218653612 0.185483336 0.461885524 0.443340770 0.445806313 0.446111069 0.444464697 0.435702519 0.438246461 0.469460321 0.472300035 0.483290320 0.479619641 0.420840073 0.412405590 0.407965607 0.409354504 0.448042751 0.436215272 0.426697703 0.445465649 0.435203064 0.495691843 0.400548959 0.396146904 0.786263610 
47     0.516622523 0.498866122 0.499187316 0.487090269 0.448759389 0.452897933 0.451196122 0.443243367 0.440058810 0.441256070 0.390390169 0.384139905 0.414897092 0.477096620 0.389806949 0.387846125 0.210172275 0.192166804 0.287731942 0.229324938 0.193086947 0.188192441 0.189073557 0.212359928 0.000000000 0.137287234 0.120427623 0.455086287 0.436541533 0.439007076 0.439207176 0.437665461 0.428854281 0.431276786 0.462524230 0.465371987 0.476362272 0.472691593 0.413945654 0.405511170 0.401073065 0.402461962 0.441184475 0.429356996 0.419764978 0.438607372 0.428344787 0.488752368 0.393684459 0.389244759 0.779133135 
42     0.522959323 0.505202922 0.505524116 0.493430433 0.455074696 0.459296944 0.457595132 0.449580167 0.446395610 0.447592870 0.396879049 0.390628784 0.421385971 0.483431573 0.396125196 0.394131448 0.216471753 0.199797473 0.295062140 0.235615618 0.199429867 0.194593032 0.196017457 0.218653612 0.137287234 0.000000000 0.127099693 0.461602505 0.443057751 0.445523293 0.445727934 0.444181678 0.435263162 0.437700857 0.469005828 0.471741242 0.482744716 0.479074038 0.420294469 0.411859986 0.407420004 0.408808900 0.447458062 0.435578769 0.425984039 0.444808273 0.434529794 0.495122216 0.400031055 0.395585472 0.785543490 
20     0.489245191 0.471488791 0.471809984 0.459716301 0.421382057 0.425595206 0.423893395 0.415940640 0.412756083 0.413953343 0.363053679 0.356803415 0.387560602 0.449742095 0.362452424 0.360491600 0.182958824 0.165083011 0.260268941 0.201692122 0.164996721 0.160317914 0.161744712 0.185483336 0.120427623 0.127099693 0.000000000 0.427894102 0.409349348 0.411814891 0.412090407 0.410473275 0.401620673 0.404058368 0.435272229 0.438098753 0.449102227 0.445431549 0.386651981 0.378217497 0.373777515 0.375166411 0.413895949 0.402068469 0.392476452 0.411318846 0.401056261 0.461500129 0.366274951 0.361829749 0.752372025 
25     0.547578855 0.529822454 0.530143648 0.518629251 0.480152732 0.484565679 0.482863868 0.474468829 0.470971890 0.472171493 0.420405396 0.414173738 0.444930925 0.509991972 0.422354357 0.420393533 0.407338278 0.413283409 0.509349988 0.450731869 0.440625953 0.435534676 0.436122870 0.461885524 0.455086287 0.461602505 0.427894102 0.000000000 0.174724503 0.176412968 0.178961742 0.178064817 0.458202557 0.460476679 0.491702860 0.494321558 0.505495728 0.501850955 0.443133268 0.433952101 0.430068256 0.431457153 0.470182528 0.458310644 0.449023504 0.467561021 0.457298435 0.517453853 0.422584119 0.417914487 0.812765292 
22     0.529113734 0.511357334 0.511678527 0.500172190 0.461695672 0.466108618 0.464406807 0.456151134 0.452289649 0.453489252 0.401910590 0.395678932 0.426436119 0.491520212 0.403882598 0.401921774 0.388793524 0.394657458 0.490724036 0.432039222 0.422081199 0.416989922 0.417715377 0.443340770 0.436541533 0.443057751 0.409349348 0.174724503 0.000000000 0.033574692 0.082803523 0.080517189 0.439789644 0.442063766 0.473289947 0.476084853 0.487082815 0.483438042 0.424720355 0.415652964 0.411656605 0.413045502 0.451871430 0.440043951 0.430756811 0.449294328 0.439031743 0.499050474 0.404093847 0.399372814 0.794331290 
16     0.531579277 0.513822876 0.514144070 0.502637733 0.464161214 0.468574161 0.466872350 0.458616676 0.454755192 0.455954794 0.404376133 0.398144475 0.428901662 0.493985755 0.406348140 0.404387317 0.391259066 0.397123001 0.493189579 0.434504765 0.424546742 0.419455465 0.420180920 0.445806313 0.439007076 0.445523293 0.411814891 0.176412968 0.033574692 0.000000000 0.085393180 0.083571843 0.442255187 0.444529309 0.475755490 0.478550396 0.489548357 0.485903585 0.427185898 0.418118507 0.414122148 0.415511045 0.454336973 0.442509494 0.433222354 0.451759871 0.441497285 0.501514176 0.406559390 0.401871763 0.796796833 
38     0.532289977 0.514533577 0.514854770 0.503348433 0.464871915 0.469284861 0.467583050 0.459327377 0.455389447 0.456589049 0.404964714 0.398733056 0.429423402 0.494697033 0.407059419 0.405098595 0.391704221 0.397511961 0.493578540 0.434893725 0.424851498 0.419734650 0.420460105 0.446111069 0.439207176 0.445727934 0.412090407 0.178961742 0.082803523 0.085393180 0.000000000 0.048628498 0.442894233 0.445168355 0.476362239 0.479189442 0.490187403 0.486542631 0.427824944 0.418757553 0.414761194 0.416150091 0.454968187 0.443140708 0.433853568 0.452391085 0.442128499 0.502042803 0.407239248 0.402562412 0.797508701 
41     0.530214986 0.512458586 0.512779779 0.501273442 0.462796924 0.467209870 0.465508059 0.457252386 0.453314456 0.454514058 0.402889723 0.396658065 0.427348411 0.492622042 0.404984428 0.403023604 0.389917451 0.395781385 0.491847964 0.433163149 0.423205127 0.418113849 0.418839305 0.444464697 0.437665461 0.444181678 0.410473275 0.178064817 0.080517189 0.083571843 0.048628498 0.000000000 0.440819241 0.443093364 0.474287247 0.477114451 0.488112412 0.484467639 0.425749952 0.416682562 0.412686203 0.414075100 0.452893196 0.441065717 0.431778577 0.450316093 0.440053508 0.499938219 0.405164257 0.400487421 0.795433710 
19     0.487540345 0.469711057 0.470032250 0.458628166 0.420059174 0.424563042 0.422861230 0.414551507 0.411592516 0.412782233 0.377932875 0.371823836 0.402626497 0.467756219 0.379492139 0.377531315 0.380916154 0.386630210 0.483171524 0.424687150 0.414389791 0.409298514 0.410179323 0.435702519 0.428854281 0.435263162 0.401620673 0.458202557 0.439789644 0.442255187 0.442894233 0.440819241 0.000000000 0.148774949 0.212698106 0.224947915 0.235534054 0.232091655 0.179035126 0.170039051 0.202720371 0.204102044 0.273523416 0.261719924 0.253226303 0.271339435 0.260700447 0.333716529 0.286418075 0.282170995 0.749324671 
31     0.489468042 0.471638754 0.471959947 0.460685580 0.422132745 0.426689379 0.424987567 0.416637371 0.413718853 0.414908570 0.380666329 0.374562386 0.405314032 0.470018631 0.381514179 0.379572176 0.383292136 0.389067905 0.485609219 0.427001161 0.416884561 0.411793283 0.412674092 0.438246461 0.431276786 0.437700857 0.404058368 0.460476679 0.442063766 0.444529309 0.445168355 0.443093364 0.148774949 0.000000000 0.214521283 0.225811259 0.236590678 0.233195161 0.180620467 0.173018854 0.205220932 0.206610618 0.276385920 0.264674854 0.256181232 0.274294364 0.263740550 0.336655951 0.289131773 0.284884693 0.751524553 
23     0.520728591 0.502899303 0.503220496 0.492022490 0.453453498 0.457960248 0.456258437 0.447921434 0.444989723 0.446179440 0.411794970 0.405691027 0.436442672 0.501213081 0.412984720 0.411023896 0.414542703 0.420277218 0.516818533 0.458358725 0.448098421 0.443007144 0.443887953 0.469460321 0.462524230 0.469005828 0.435272229 0.491702860 0.473289947 0.475755490 0.476362239 0.474287247 0.212698106 0.214521283 0.000000000 0.257214213 0.268339175 0.264610666 0.210665475 0.203187356 0.235280482 0.236663744 0.307115166 0.295401042 0.286907420 0.304972670 0.294315048 0.366760452 0.320021281 0.315774202 0.782763112 
27     0.523896102 0.506066814 0.506388008 0.494983924 0.456414931 0.460918799 0.459216988 0.450899428 0.447948274 0.449137990 0.414838538 0.408734594 0.439486240 0.504063574 0.416068306 0.414107482 0.417404483 0.423094943 0.519620019 0.461140507 0.450938135 0.445846858 0.446727667 0.472300035 0.465371987 0.471741242 0.438098753 0.494321558 0.476084853 0.478550396 0.479189442 0.477114451 0.224947915 0.225811259 0.257214213 0.000000000 0.110053946 0.103467596 0.214920551 0.206114202 0.239339232 0.240744811 0.311090820 0.299757471 0.291265973 0.309439591 0.298765089 0.371609369 0.323070728 0.318823648 0.784850875 
40     0.534731158 0.516901870 0.517223064 0.505818980 0.467249987 0.471753855 0.470052043 0.461734484 0.458783330 0.459973046 0.425536045 0.419432102 0.450183747 0.514931532 0.426954335 0.424993512 0.428395439 0.434111764 0.530653078 0.472077517 0.461928420 0.456837142 0.457717952 0.483290320 0.476362272 0.482744716 0.449102227 0.505495728 0.487082815 0.489548357 0.490187403 0.488112412 0.235534054 0.236590678 0.268339175 0.110053946 0.000000000 0.099139081 0.225694641 0.216878735 0.249900993 0.251306572 0.321658976 0.310336715 0.301845217 0.320018835 0.309344333 0.382279798 0.333688264 0.329441185 0.796533945 
45     0.531076086 0.513246798 0.513567992 0.502163908 0.463594915 0.468098783 0.466396971 0.458079412 0.455128258 0.456317974 0.421891272 0.415787329 0.446538975 0.511287433 0.423310237 0.421349413 0.424724760 0.430441085 0.526982400 0.468406838 0.458257741 0.453166464 0.454047273 0.479619641 0.472691593 0.479074038 0.445431549 0.501850955 0.483438042 0.485903585 0.486542631 0.484467639 0.232091655 0.233195161 0.264610666 0.103467596 0.099139081 0.000000000 0.222505091 0.213363654 0.246387318 0.247792897 0.318054384 0.306721035 0.298229537 0.316403155 0.305728653 0.378677780 0.329993372 0.325746292 0.792257246 
37     0.472206570 0.454377282 0.454698476 0.443294391 0.404725399 0.409020229 0.407318417 0.398763346 0.395700396 0.396884681 0.363085798 0.356981855 0.387733500 0.452717223 0.364429723 0.362468899 0.365788974 0.371661517 0.468202831 0.409722247 0.399478173 0.394386896 0.395267705 0.420840073 0.413945654 0.420294469 0.386651981 0.443133268 0.424720355 0.427185898 0.427824944 0.425749952 0.179035126 0.180620467 0.210665475 0.214920551 0.225694641 0.222505091 0.000000000 0.104692528 0.186385808 0.187753068 0.259604378 0.247957502 0.239187393 0.257280942 0.246719140 0.320133053 0.270866734 0.266619654 0.734112017 
29     0.463738005 0.445908717 0.446229910 0.434825983 0.396256990 0.400463893 0.398748645 0.390571715 0.387614584 0.388804300 0.354745577 0.348641634 0.379393279 0.444198240 0.355910739 0.353949916 0.357390538 0.363227033 0.459768348 0.401287763 0.391043689 0.385952412 0.386833221 0.412405590 0.405511170 0.411859986 0.378217497 0.433952101 0.415652964 0.418118507 0.418757553 0.416682562 0.170039051 0.173018854 0.203187356 0.206114202 0.216878735 0.213363654 0.104692528 0.000000000 0.177653505 0.179020765 0.251032999 0.239546072 0.230775964 0.248995296 0.238307710 0.312134099 0.262592740 0.258345660 0.725641812 
21     0.459255445 0.441426157 0.441747351 0.430262616 0.391854329 0.396083672 0.394381861 0.386117183 0.383176507 0.384366224 0.351108354 0.345004410 0.375756056 0.440680776 0.352973337 0.351012513 0.353070512 0.358787051 0.455328366 0.396882372 0.386607425 0.381516148 0.382396957 0.407965607 0.401073065 0.407420004 0.373777515 0.430068256 0.411656605 0.414122148 0.414761194 0.412686203 0.202720371 0.205220932 0.235280482 0.239339232 0.249900993 0.246387318 0.186385808 0.177653505 0.000000000 0.056838686 0.245551578 0.234043730 0.225346616 0.243507293 0.232988429 0.306349739 0.258421302 0.254174223 0.721609871 
32     0.460644342 0.442815054 0.443136247 0.431651513 0.393243226 0.397472569 0.395770758 0.387506080 0.384565404 0.385755121 0.352497250 0.346393307 0.377144953 0.442069673 0.354362234 0.352401410 0.354459409 0.360175948 0.456717262 0.398271269 0.387996322 0.382905045 0.383785854 0.409354504 0.402461962 0.408808900 0.375166411 0.431457153 0.413045502 0.415511045 0.416150091 0.414075100 0.204102044 0.206610618 0.236663744 0.240744811 0.251306572 0.247792897 0.187753068 0.179020765 0.056838686 0.000000000 0.246866344 0.235358495 0.226661381 0.244822058 0.234303195 0.307684900 0.259846701 0.255599621 0.722998768 
24     0.499535748 0.481706460 0.482027653 0.470519901 0.431950909 0.436079394 0.434377583 0.426104139 0.423096139 0.424285855 0.391355983 0.385281448 0.416033093 0.480773390 0.393014919 0.391054095 0.393293224 0.398863903 0.495395912 0.436967922 0.426684569 0.421593292 0.422474101 0.448042751 0.441184475 0.447458062 0.413895949 0.470182528 0.451871430 0.454336973 0.454968187 0.452893196 0.273523416 0.276385920 0.307115166 0.311090820 0.321658976 0.318054384 0.259604378 0.251032999 0.245551578 0.246866344 0.000000000 0.204646840 0.196068311 0.214049783 0.203745443 0.344326441 0.298264361 0.293969342 0.761501649 
14     0.487383150 0.469553862 0.469875055 0.458607282 0.420038290 0.424209977 0.422508166 0.414234722 0.411226722 0.412416439 0.379502527 0.373442075 0.404193720 0.468755619 0.380934799 0.378973975 0.381465744 0.387036424 0.483568433 0.425140442 0.414857090 0.409765812 0.410646622 0.436215272 0.429356996 0.435578769 0.402068469 0.458310644 0.440043951 0.442509494 0.443140708 0.441065717 0.261719924 0.264674854 0.295401042 0.299757471 0.310336715 0.306721035 0.247957502 0.239546072 0.234043730 0.235358495 0.204646840 0.000000000 0.090094617 0.163462562 0.155252071 0.332994444 0.286687124 0.282392105 0.749660178 
30     0.478102753 0.460273465 0.460594658 0.449326885 0.410757893 0.414929580 0.413227769 0.404954325 0.401946325 0.403136041 0.370218264 0.364157811 0.394909457 0.459468771 0.371647951 0.369687127 0.371954598 0.377496405 0.474028414 0.415600423 0.405288793 0.400197515 0.401078324 0.426697703 0.419764978 0.425984039 0.392476452 0.449023504 0.430756811 0.433222354 0.433853568 0.431778577 0.253226303 0.256181232 0.286907420 0.291265973 0.301845217 0.298229537 0.239187393 0.230775964 0.225346616 0.226661381 0.196068311 0.090094617 0.000000000 0.155924562 0.147161216 0.323619953 0.277443576 0.273148557 0.740379781 
48     0.496738395 0.478909107 0.479230300 0.467906384 0.429337392 0.433465877 0.431764066 0.423490622 0.420482622 0.421672339 0.388684516 0.382646863 0.413398509 0.478005995 0.390185175 0.388224351 0.390716121 0.396120572 0.492818810 0.434390819 0.424107467 0.419016189 0.419896999 0.445465649 0.438607372 0.444808273 0.411318846 0.467561021 0.449294328 0.451759871 0.452391085 0.450316093 0.271339435 0.274294364 0.304972670 0.309439591 0.320018835 0.316403155 0.257280942 0.248995296 0.243507293 0.244822058 0.214049783 0.163462562 0.155924562 0.000000000 0.137878934 0.341930048 0.295923261 0.291628242 0.758908676 
17     0.486475810 0.468646522 0.468967715 0.457643799 0.419074807 0.423203292 0.421501481 0.413228037 0.410220037 0.411409754 0.378391877 0.372384278 0.403135924 0.467743410 0.379922590 0.377961766 0.380453536 0.385891651 0.482556224 0.424128234 0.413844882 0.408753604 0.409634414 0.435203064 0.428344787 0.434529794 0.401056261 0.457298435 0.439031743 0.441497285 0.442128499 0.440053508 0.260700447 0.263740550 0.294315048 0.298765089 0.309344333 0.305728653 0.246719140 0.238307710 0.232988429 0.234303195 0.203745443 0.155252071 0.147161216 0.137878934 0.000000000 0.331835131 0.285658495 0.281363476 0.748646090 
12     0.546926600 0.529097312 0.529418505 0.517903121 0.479248887 0.483830430 0.482128619 0.473714700 0.470855114 0.472044831 0.438768730 0.432643359 0.463395005 0.528223285 0.440497356 0.438536532 0.440897404 0.446487812 0.543000093 0.484572342 0.474333661 0.469242383 0.470123192 0.495691843 0.488752368 0.495122216 0.461500129 0.517453853 0.499050474 0.501514176 0.502042803 0.499938219 0.333716529 0.336655951 0.366760452 0.371609369 0.382279798 0.378677780 0.320133053 0.312134099 0.306349739 0.307684900 0.344326441 0.332994444 0.323619953 0.341930048 0.331835131 0.000000000 0.346128763 0.341912312 0.809078660 
28     0.450372198 0.432431983 0.432716305 0.421660417 0.383080485 0.387700353 0.385998541 0.377725402 0.374722715 0.375912432 0.342888155 0.336734002 0.367485648 0.432543401 0.344780375 0.342819552 0.345564544 0.351421252 0.447893079 0.389488506 0.379120370 0.374029093 0.374909902 0.400548959 0.393684459 0.400031055 0.366274951 0.422584119 0.404093847 0.406559390 0.407239248 0.405164257 0.286418075 0.289131773 0.320021281 0.323070728 0.333688264 0.329993372 0.270866734 0.262592740 0.258421302 0.259846701 0.298264361 0.286687124 0.277443576 0.295923261 0.285658495 0.346128763 0.000000000 0.053349897 0.712660497 
43     0.446847782 0.428910193 0.429231386 0.417954208 0.379374276 0.383976046 0.382274235 0.374001095 0.370998409 0.372188125 0.338624801 0.332470649 0.363222294 0.428278917 0.340515892 0.338555068 0.340967184 0.347011755 0.443483581 0.385079008 0.374606705 0.369515427 0.370396237 0.396146904 0.389244759 0.395585472 0.361829749 0.417914487 0.399372814 0.401871763 0.402562412 0.400487421 0.282170995 0.284884693 0.315774202 0.318823648 0.329441185 0.325746292 0.266619654 0.258345660 0.254174223 0.255599621 0.293969342 0.282392105 0.273148557 0.291628242 0.281363476 0.341912312 0.053349897 0.000000000 0.708683438 
0     0.824412725 0.806663440 0.806984633 0.795045200 0.756399232 0.760347698 0.758645887 0.749866375 0.746699004 0.747830753 0.730531138 0.724335821 0.754298470 0.819173912 0.731937821 0.729976997 0.731833734 0.737600299 0.833873990 0.775500068 0.765290054 0.760198776 0.761079586 0.786263610 0.779133135 0.785543490 0.752372025 0.812765292 0.794331290 0.796796833 0.797508701 0.795433710 0.749324671 0.751524553 0.782763112 0.784850875 0.796533945 0.792257246 0.734112017 0.725641812 0.721609871 0.722998768 0.761501649 0.749660178 0.740379781 0.758908676 0.748646090 0.809078660 0.712660497 0.708683438 0.000000000 
