51
22     0.000000000 0.000290980 0.000285100 0.000325220 0.000295850 0.000333610 0.000002340 0.000488020 0.000561720 0.001277420 0.000737890 0.001328690 0.001781540 0.002615180 0.001298060 0.002071060 0.001558020 0.001095150 0.001869750 0.001880300 0.001769440 0.001756520 0.001974960 0.001879830 0.002063450 0.001801320 0.002053070 0.002150310 0.001462180 0.001069660 0.001208980 0.002658240 0.002658780 0.002820430 0.002754020 0.001997970 0.000954620 0.001739870 0.001940140 0.001695740 0.001757890 0.001955070 0.001230450 0.001898710 0.001811640 0.001777220 0.001746710 0.001751470 0.001867820 0.001983020 0.003210890 
11     0.000290980 0.000000000 0.000087960 0.000128080 0.000098710 0.000136470 0.000811190 0.000344700 0.000418400 0.001134100 0.000594570 0.001185370 0.001638220 0.002471860 0.001154740 0.001927740 0.001414700 0.000951830 0.001726430 0.001736980 0.001626120 0.001613200 0.001831640 0.001736510 0.001920130 0.001658000 0.001909750 0.002006990 0.001318860 0.000926340 0.001065660 0.002514920 0.002515460 0.002677110 0.002610700 0.001854650 0.000811300 0.001596550 0.001796820 0.001552420 0.001614570 0.001811750 0.001087130 0.001755390 0.001668320 0.001633900 0.001603390 0.001608150 0.001724500 0.001839700 0.003067570 
21     0.000285100 0.000087960 0.000000000 0.000023580 0.000088570 0.000079170 0.000805310 0.000338820 0.000412520 0.001128220 0.000588690 0.001179490 0.001632340 0.002465980 0.001148860 0.001921860 0.001408820 0.000945950 0.001720550 0.001731100 0.001620240 0.001607320 0.001825760 0.001730630 0.001914250 0.001652120 0.001903870 0.002001110 0.001312980 0.000920460 0.001059780 0.002509040 0.002509580 0.002671230 0.002604820 0.001848770 0.000805420 0.001590670 0.001790940 0.001546540 0.001608690 0.001805870 0.001081250 0.001749510 0.001662440 0.001628020 0.001597510 0.001602270 0.001718620 0.001833820 0.003061690 
15     0.000325220 0.000128080 0.000023580 0.000000000 0.000000010 0.000104250 0.000845430 0.000378940 0.000452640 0.001168340 0.000628810 0.001219610 0.001672460 0.002506100 0.001188980 0.001961980 0.001448940 0.000986070 0.001760670 0.001771220 0.001660360 0.001647440 0.001865880 0.001770750 0.001954370 0.001692240 0.001943990 0.002041230 0.001353100 0.000960580 0.001099900 0.002549160 0.002549700 0.002711350 0.002644940 0.001888890 0.000845540 0.001630790 0.001831060 0.001586660 0.001648810 0.001845990 0.001121370 0.001789630 0.001702560 0.001668140 0.001637630 0.001642390 0.001758740 0.001873940 0.003101810 
16     0.000295850 0.000098710 0.000088570 0.000000010 0.000000000 0.000097900 0.000816060 0.000349570 0.000423270 0.001138970 0.000599440 0.001190240 0.001643090 0.002476730 0.001159610 0.001932610 0.001419570 0.000956700 0.001731300 0.001741850 0.001630990 0.001618070 0.001836510 0.001741380 0.001925000 0.001662870 0.001914620 0.002011860 0.001323730 0.000931210 0.001070530 0.002519790 0.002520330 0.002681980 0.002615570 0.001859520 0.000816170 0.001601420 0.001801690 0.001557290 0.001619440 0.001816620 0.001092000 0.001760260 0.001673190 0.001638770 0.001608260 0.001613020 0.001729370 0.001844570 0.003072440 
5     0.000333610 0.000136470 0.000079170 0.000104250 0.000097900 0.000000000 0.000853820 0.000387330 0.000461030 0.001176730 0.000637200 0.001228000 0.001680850 0.002514490 0.001197370 0.001970370 0.001457330 0.000994460 0.001769060 0.001779610 0.001668750 0.001655830 0.001874270 0.001779140 0.001962760 0.001700630 0.001952380 0.002049620 0.001361490 0.000968970 0.001108290 0.002557550 0.002558090 0.002719740 0.002653330 0.001897280 0.000853930 0.001639180 0.001839450 0.001595050 0.001657200 0.001854380 0.001129760 0.001798020 0.001710950 0.001676530 0.001646020 0.001650780 0.001767130 0.001882330 0.003110200 
13     0.000002340 0.000811190 0.000805310 0.000845430 0.000816060 0.000853820 0.000000000 0.000620890 0.000694590 0.001645950 0.001106420 0.001697220 0.002150070 0.002983710 0.001666590 0.002439590 0.001926550 0.001463680 0.002238280 0.002248830 0.002137970 0.002125050 0.002343490 0.002248360 0.002431980 0.002169850 0.002421600 0.002518840 0.001830710 0.001438190 0.000494430 0.003026770 0.003027310 0.003188960 0.003122550 0.002366500 0.001323150 0.002108400 0.002308670 0.002064270 0.002126420 0.002323600 0.001598980 0.002267240 0.002180170 0.002145750 0.002115240 0.002120000 0.002236350 0.002351550 0.003579420 
10     0.000488020 0.000344700 0.000338820 0.000378940 0.000349570 0.000387330 0.000620890 0.000000000 0.000005030 0.001179460 0.000639930 0.001230730 0.001683580 0.002517220 0.001200100 0.001973100 0.001460060 0.000997190 0.001771790 0.001782340 0.001671480 0.001658560 0.001877000 0.001781870 0.001965490 0.001703360 0.001955110 0.002052350 0.001364220 0.000971700 0.001111020 0.002560280 0.002560820 0.002722470 0.002656060 0.001900010 0.000856660 0.001641910 0.001842180 0.001597780 0.001659930 0.001857110 0.001132490 0.001800750 0.001713680 0.001679260 0.001648750 0.001653510 0.001769860 0.001885060 0.003112930 
32     0.000561720 0.000418400 0.000412520 0.000452640 0.000423270 0.000461030 0.000694590 0.000005030 0.000000000 0.001253160 0.000181140 0.001304430 0.001757280 0.002590920 0.001273800 0.002046800 0.001533760 0.001070890 0.001845490 0.001856040 0.001745180 0.001732260 0.001950700 0.001855570 0.002039190 0.001777060 0.002028810 0.002126050 0.001437920 0.001045400 0.001184720 0.002633980 0.002634520 0.002796170 0.002729760 0.001973710 0.000930360 0.001715610 0.001915880 0.001671480 0.001733630 0.001930810 0.001206190 0.001874450 0.001787380 0.001752960 0.001722450 0.001727210 0.001843560 0.001958760 0.003186630 
17     0.001277420 0.001134100 0.001128220 0.001168340 0.001138970 0.001176730 0.001645950 0.001179460 0.001253160 0.000000000 0.000002360 0.001620050 0.002072900 0.002906540 0.001589420 0.002362420 0.001849380 0.000604170 0.002161110 0.002171660 0.002060800 0.002047880 0.002266320 0.002171190 0.002354810 0.002092680 0.002344430 0.002441670 0.001753540 0.001361020 0.001500340 0.002949600 0.002950140 0.003111790 0.003045380 0.002289330 0.001245980 0.002031230 0.002231500 0.001987100 0.002049250 0.002246430 0.001521810 0.002190070 0.002103000 0.002068580 0.002038070 0.002042830 0.002159180 0.002274380 0.003502250 
4     0.000737890 0.000594570 0.000588690 0.000628810 0.000599440 0.000637200 0.001106420 0.000639930 0.000181140 0.000002360 0.000000000 0.001080520 0.001533370 0.002367010 0.001049890 0.001822890 0.001309850 0.000846980 0.001621580 0.001632130 0.001521270 0.001508350 0.001726790 0.001631660 0.001815280 0.001553150 0.001804900 0.001902140 0.001214010 0.000821490 0.000960810 0.002410070 0.002410610 0.002572260 0.002505850 0.001749800 0.000706450 0.001491700 0.001691970 0.001447570 0.001509720 0.001706900 0.000889710 0.001650540 0.001563470 0.001529050 0.001498540 0.001503300 0.001619650 0.001734850 0.002962720 
18     0.001328690 0.001185370 0.001179490 0.001219610 0.001190240 0.001228000 0.001697220 0.001230730 0.001304430 0.001620050 0.001080520 0.000000000 0.000558050 0.002629990 0.001312870 0.002085870 0.001572830 0.001109960 0.001513670 0.001895110 0.001784250 0.001771330 0.001989770 0.001894640 0.002078260 0.001816130 0.002067880 0.002165120 0.001476990 0.001084470 0.001223790 0.002632810 0.002633350 0.002795000 0.002728590 0.001972540 0.000929190 0.001714440 0.000843700 0.001719830 0.001781980 0.001979160 0.001254540 0.001922800 0.001835730 0.001801310 0.001770800 0.001775560 0.001891910 0.001050510 0.003234980 
34     0.001781540 0.001638220 0.001632340 0.001672460 0.001643090 0.001680850 0.002150070 0.001683580 0.001757280 0.002072900 0.001533370 0.000558050 0.000000000 0.003082840 0.001765720 0.002538720 0.002025680 0.001562810 0.002337410 0.002347960 0.002237100 0.002224180 0.002442620 0.002347490 0.002531110 0.002268980 0.002520730 0.002617970 0.001929840 0.001537320 0.001676640 0.003085660 0.003086200 0.003247850 0.003181440 0.002425390 0.001382040 0.002167290 0.002367560 0.002172680 0.002234830 0.002432010 0.001707390 0.002375650 0.002288580 0.002254160 0.002223650 0.002228410 0.002344760 0.002459960 0.003687830 
28     0.002615180 0.002471860 0.002465980 0.002506100 0.002476730 0.002514490 0.002983710 0.002517220 0.002590920 0.002906540 0.002367010 0.002629990 0.003082840 0.000000000 0.000079470 0.002663280 0.000236100 0.000042810 0.003095410 0.003105960 0.002995100 0.002982180 0.003200620 0.002249860 0.003289110 0.003026980 0.002017960 0.001918400 0.002687840 0.002295320 0.002434640 0.001518490 0.003960080 0.001253410 0.004055320 0.003299270 0.002255920 0.003041170 0.003241440 0.003006320 0.003068470 0.003265650 0.002541030 0.003209290 0.003122220 0.003087800 0.003057290 0.003062050 0.003178400 0.003293600 0.004521470 
12     0.001298060 0.001154740 0.001148860 0.001188980 0.001159610 0.001197370 0.001666590 0.001200100 0.001273800 0.001589420 0.001049890 0.001312870 0.001765720 0.000079470 0.000000000 0.001346160 0.000833120 0.000580920 0.001778290 0.001788840 0.001677980 0.001665060 0.001883500 0.001788370 0.001971990 0.001441090 0.001961610 0.002058850 0.001370720 0.000978200 0.001117520 0.001439020 0.002642960 0.001173940 0.002738200 0.001982150 0.000938800 0.001724050 0.001924320 0.001689200 0.001751350 0.001948530 0.001223910 0.001892170 0.001805100 0.001770680 0.001740170 0.001744930 0.001861280 0.001976480 0.003204350 
2     0.002071060 0.001927740 0.001921860 0.001961980 0.001932610 0.001970370 0.002439590 0.001973100 0.002046800 0.002362420 0.001822890 0.002085870 0.002538720 0.002663280 0.001346160 0.000000000 0.000408290 0.000601830 0.002551290 0.002561840 0.002450980 0.002438060 0.002656500 0.002561370 0.002744990 0.002482860 0.002734610 0.002831850 0.001125120 0.001751200 0.001890520 0.003225830 0.001845310 0.002429620 0.001968170 0.002755150 0.001711800 0.002497050 0.002697320 0.002462200 0.002524350 0.002721530 0.001996910 0.002665170 0.002578100 0.002543680 0.002513170 0.002517930 0.002634280 0.002749480 0.003977350 
1     0.001558020 0.001414700 0.001408820 0.001448940 0.001419570 0.001457330 0.001926550 0.001460060 0.001533760 0.001849380 0.001309850 0.001572830 0.002025680 0.000236100 0.000833120 0.000408290 0.000000000 0.000278350 0.002038250 0.002048800 0.001937940 0.001925020 0.002143460 0.002048330 0.002231950 0.001969820 0.002221570 0.002153940 0.001630680 0.001238160 0.001377480 0.002902380 0.002902920 0.003064570 0.002998160 0.002242110 0.001198760 0.001984010 0.002184280 0.001949160 0.002011310 0.002208490 0.001483870 0.002152130 0.002065060 0.002030640 0.002000130 0.002004890 0.002121240 0.002236440 0.003464310 
27     0.001095150 0.000951830 0.000945950 0.000986070 0.000956700 0.000994460 0.001463680 0.000997190 0.001070890 0.000604170 0.000846980 0.001109960 0.001562810 0.000042810 0.000580920 0.000601830 0.000278350 0.000000000 0.001575380 0.001585930 0.001475070 0.001462150 0.001680590 0.001585460 0.001769080 0.001506950 0.001758700 0.001855940 0.001167810 0.000775290 0.000914610 0.002439510 0.001474560 0.002058870 0.001597420 0.001779240 0.000735890 0.001521140 0.001721410 0.001486290 0.001548440 0.001745620 0.001021000 0.001689260 0.001602190 0.001567770 0.001537260 0.001542020 0.001658370 0.001773570 0.003001440 
20     0.001869750 0.001726430 0.001720550 0.001760670 0.001731300 0.001769060 0.002238280 0.001771790 0.001845490 0.002161110 0.001621580 0.001513670 0.002337410 0.003095410 0.001778290 0.002551290 0.002038250 0.001575380 0.000000000 0.000570230 0.000459370 0.000446450 0.000664890 0.000563420 0.000753380 0.000491250 0.000893360 0.000990600 0.001634470 0.001508710 0.001648030 0.003214110 0.003214650 0.003376300 0.003309890 0.002553840 0.001510490 0.002295740 0.002496010 0.002260890 0.002323040 0.002520220 0.001795600 0.002463860 0.002376790 0.002342370 0.002311860 0.002316620 0.002432970 0.002548170 0.003776040 
37     0.001880300 0.001736980 0.001731100 0.001771220 0.001741850 0.001779610 0.002248830 0.001782340 0.001856040 0.002171660 0.001632130 0.001895110 0.002347960 0.003105960 0.001788840 0.002561840 0.002048800 0.001585930 0.000570230 0.000000000 0.000128620 0.000453320 0.000671760 0.000576630 0.000760250 0.000498120 0.000903910 0.001001150 0.001911780 0.001519260 0.001658580 0.003224660 0.003225200 0.003386850 0.003320440 0.002564390 0.001521040 0.002306290 0.002506560 0.002271440 0.002333590 0.002530770 0.001806150 0.002474410 0.002387340 0.002352920 0.002322410 0.002327170 0.002443520 0.002558720 0.003786590 
29     0.001769440 0.001626120 0.001620240 0.001660360 0.001630990 0.001668750 0.002137970 0.001671480 0.001745180 0.002060800 0.001521270 0.001784250 0.002237100 0.002995100 0.001677980 0.002450980 0.001937940 0.001475070 0.000459370 0.000128620 0.000000000 0.000342460 0.000560900 0.000465770 0.000140140 0.000387260 0.000793050 0.000890290 0.001058560 0.001408400 0.001547720 0.003113800 0.003114340 0.003275990 0.003209580 0.002453530 0.001410180 0.002195430 0.002395700 0.002160580 0.002222730 0.002419910 0.001695290 0.002363550 0.002276480 0.002242060 0.002211550 0.002216310 0.002332660 0.002447860 0.003675730 
6     0.001756520 0.001613200 0.001607320 0.001647440 0.001618070 0.001655830 0.002125050 0.001658560 0.001732260 0.002047880 0.001508350 0.001771330 0.002224180 0.002982180 0.001665060 0.002438060 0.001925020 0.001462150 0.000446450 0.000453320 0.000342460 0.000000000 0.000161690 0.000268030 0.000632270 0.000370140 0.000780130 0.000877370 0.001788000 0.001395480 0.001534800 0.003100880 0.003101420 0.003263070 0.003196660 0.002440610 0.001397260 0.002182510 0.002382780 0.002147660 0.002209810 0.002406990 0.001682370 0.002350630 0.002263560 0.002229140 0.002198630 0.002203390 0.002319740 0.002434940 0.003662810 
25     0.001974960 0.001831640 0.001825760 0.001865880 0.001836510 0.001874270 0.002343490 0.001877000 0.001950700 0.002266320 0.001726790 0.001989770 0.002442620 0.003200620 0.001883500 0.002656500 0.002143460 0.001680590 0.000664890 0.000671760 0.000560900 0.000161690 0.000000000 0.000437420 0.000316570 0.000588580 0.000998570 0.001095810 0.002006440 0.001613920 0.001753240 0.003319320 0.003319860 0.003481510 0.003415100 0.002659050 0.001615700 0.002400950 0.002601220 0.002366100 0.002428250 0.002625430 0.001900810 0.002569070 0.002482000 0.002447580 0.002417070 0.002421830 0.002538180 0.002653380 0.003881250 
39     0.001879830 0.001736510 0.001730630 0.001770750 0.001741380 0.001779140 0.002248360 0.001781870 0.001855570 0.002171190 0.001631660 0.001894640 0.002347490 0.002249860 0.001788370 0.002561370 0.002048330 0.001585460 0.000563420 0.000576630 0.000465770 0.000268030 0.000437420 0.000000000 0.000755580 0.000493450 0.000500140 0.000400580 0.001911310 0.001518790 0.001658110 0.003224190 0.003224730 0.003386380 0.003319970 0.002563920 0.001520570 0.002305820 0.002506090 0.002270970 0.002333120 0.002530300 0.001805680 0.002473940 0.002386870 0.002352450 0.002321940 0.002326700 0.002443050 0.002558250 0.003786120 
33     0.002063450 0.001920130 0.001914250 0.001954370 0.001925000 0.001962760 0.002431980 0.001965490 0.002039190 0.002354810 0.001815280 0.002078260 0.002531110 0.003289110 0.001971990 0.002744990 0.002231950 0.001769080 0.000753380 0.000760250 0.000140140 0.000632270 0.000316570 0.000755580 0.000000000 0.000125420 0.001087060 0.001184300 0.002094930 0.001702410 0.001841730 0.003407810 0.003408350 0.003570000 0.003503590 0.002747540 0.001704190 0.002489440 0.002689710 0.002454590 0.002516740 0.002713920 0.001989300 0.002657560 0.002570490 0.002536070 0.002505560 0.002510320 0.002626670 0.002741870 0.003969740 
7     0.001801320 0.001658000 0.001652120 0.001692240 0.001662870 0.001700630 0.002169850 0.001703360 0.001777060 0.002092680 0.001553150 0.001816130 0.002268980 0.003026980 0.001441090 0.002482860 0.001969820 0.001506950 0.000491250 0.000498120 0.000387260 0.000370140 0.000588580 0.000493450 0.000125420 0.000000000 0.000824930 0.000922170 0.001832800 0.001440280 0.001579600 0.003145680 0.003146220 0.003307870 0.003241460 0.002485410 0.001442060 0.002227310 0.002427580 0.002192460 0.002254610 0.002451790 0.001727170 0.002395430 0.002308360 0.002273940 0.002243430 0.002248190 0.002364540 0.002479740 0.003707610 
24     0.002053070 0.001909750 0.001903870 0.001943990 0.001914620 0.001952380 0.002421600 0.001955110 0.002028810 0.002344430 0.001804900 0.002067880 0.002520730 0.002017960 0.001961610 0.002734610 0.002221570 0.001758700 0.000893360 0.000903910 0.000793050 0.000780130 0.000998570 0.000500140 0.001087060 0.000824930 0.000000000 0.000168560 0.002084550 0.001692030 0.001831350 0.003397430 0.003397970 0.003559620 0.003493210 0.002737160 0.001693810 0.002479060 0.002679330 0.002444210 0.002506360 0.002703540 0.001978920 0.002647180 0.002560110 0.002525690 0.002495180 0.002499940 0.002616290 0.002731490 0.003959360 
38     0.002150310 0.002006990 0.002001110 0.002041230 0.002011860 0.002049620 0.002518840 0.002052350 0.002126050 0.002441670 0.001902140 0.002165120 0.002617970 0.001918400 0.002058850 0.002831850 0.002153940 0.001855940 0.000990600 0.001001150 0.000890290 0.000877370 0.001095810 0.000400580 0.001184300 0.000922170 0.000168560 0.000000000 0.002181790 0.001789270 0.001928590 0.003494670 0.003495210 0.003656860 0.003590450 0.002834400 0.001791050 0.002576300 0.002776570 0.002541450 0.002603600 0.002800780 0.002076160 0.002744420 0.002657350 0.002622930 0.002592420 0.002597180 0.002713530 0.002828730 0.004056600 
35     0.001462180 0.001318860 0.001312980 0.001353100 0.001323730 0.001361490 0.001830710 0.001364220 0.001437920 0.001753540 0.001214010 0.001476990 0.001929840 0.002687840 0.001370720 0.001125120 0.001630680 0.001167810 0.001634470 0.001911780 0.001058560 0.001788000 0.002006440 0.001911310 0.002094930 0.001832800 0.002084550 0.002181790 0.000000000 0.000535860 0.000790880 0.002806540 0.002807080 0.002968730 0.002902320 0.002146270 0.001102920 0.001888170 0.002088440 0.001853320 0.001915470 0.002112650 0.001388030 0.002056290 0.001969220 0.001934800 0.001904290 0.001909050 0.002025400 0.002140600 0.003368470 
36     0.001069660 0.000926340 0.000920460 0.000960580 0.000931210 0.000968970 0.001438190 0.000971700 0.001045400 0.001361020 0.000821490 0.001084470 0.001537320 0.002295320 0.000978200 0.001751200 0.001238160 0.000775290 0.001508710 0.001519260 0.001408400 0.001395480 0.001613920 0.001518790 0.001702410 0.001440280 0.001692030 0.001789270 0.000535860 0.000000000 0.000002760 0.002414020 0.002414560 0.002576210 0.002509800 0.001753750 0.000710400 0.001495650 0.001695920 0.001460800 0.001522950 0.001720130 0.000995510 0.001663770 0.001576700 0.001542280 0.001511770 0.001516530 0.001632880 0.001748080 0.002975950 
31     0.001208980 0.001065660 0.001059780 0.001099900 0.001070530 0.001108290 0.000494430 0.001111020 0.001184720 0.001500340 0.000960810 0.001223790 0.001676640 0.002434640 0.001117520 0.001890520 0.001377480 0.000914610 0.001648030 0.001658580 0.001547720 0.001534800 0.001753240 0.001658110 0.001841730 0.001579600 0.001831350 0.001928590 0.000790880 0.000002760 0.000000000 0.002553340 0.002553880 0.002715530 0.002649120 0.001893070 0.000849720 0.001634970 0.001835240 0.001600120 0.001662270 0.001859450 0.001134830 0.001803090 0.001716020 0.001681600 0.001651090 0.001655850 0.001772200 0.001887400 0.003115270 
14     0.002658240 0.002514920 0.002509040 0.002549160 0.002519790 0.002557550 0.003026770 0.002560280 0.002633980 0.002949600 0.002410070 0.002632810 0.003085660 0.001518490 0.001439020 0.003225830 0.002902380 0.002439510 0.003214110 0.003224660 0.003113800 0.003100880 0.003319320 0.003224190 0.003407810 0.003145680 0.003397430 0.003494670 0.002806540 0.002414020 0.002553340 0.000000000 0.000009280 0.000250030 0.000046630 0.003294630 0.002251280 0.002447780 0.001907720 0.003049380 0.003111530 0.003308710 0.002584090 0.003252350 0.003165280 0.003130860 0.003100350 0.003105110 0.003221460 0.003336660 0.004564530 
30     0.002658780 0.002515460 0.002509580 0.002549700 0.002520330 0.002558090 0.003027310 0.002560820 0.002634520 0.002950140 0.002410610 0.002633350 0.003086200 0.003960080 0.002642960 0.001845310 0.002902920 0.001474560 0.003214650 0.003225200 0.003114340 0.003101420 0.003319860 0.003224730 0.003408350 0.003146220 0.003397970 0.003495210 0.002807080 0.002414560 0.002553880 0.000009280 0.000000000 0.000025060 0.000266490 0.001542730 0.002251820 0.002547440 0.002007380 0.003049920 0.003112070 0.003309250 0.002584630 0.003252890 0.003165820 0.003131400 0.003100890 0.003105650 0.003222000 0.003337200 0.003614520 
23     0.002820430 0.002677110 0.002671230 0.002711350 0.002681980 0.002719740 0.003188960 0.002722470 0.002796170 0.003111790 0.002572260 0.002795000 0.003247850 0.001253410 0.001173940 0.002429620 0.003064570 0.002058870 0.003376300 0.003386850 0.003275990 0.003263070 0.003481510 0.003386380 0.003570000 0.003307870 0.003559620 0.003656860 0.002968730 0.002576210 0.002715530 0.000250030 0.000025060 0.000000000 0.000053600 0.001145230 0.002060460 0.003095060 0.002555000 0.003211570 0.003273720 0.003470900 0.002746280 0.003414540 0.003327470 0.003293050 0.003262540 0.003267300 0.003383650 0.003498850 0.004198830 
3     0.002754020 0.002610700 0.002604820 0.002644940 0.002615570 0.002653330 0.003122550 0.002656060 0.002729760 0.003045380 0.002505850 0.002728590 0.003181440 0.004055320 0.002738200 0.001968170 0.002998160 0.001597420 0.003309890 0.003320440 0.003209580 0.003196660 0.003415100 0.003319970 0.003503590 0.003241460 0.003493210 0.003590450 0.002902320 0.002509800 0.002649120 0.000046630 0.000266490 0.000053600 0.000000000 0.000223760 0.002065980 0.002265370 0.001725310 0.003145160 0.003207310 0.003404490 0.002679870 0.003348130 0.003261060 0.003226640 0.003196130 0.003200890 0.003317240 0.003432440 0.003737380 
26     0.001997970 0.001854650 0.001848770 0.001888890 0.001859520 0.001897280 0.002366500 0.001900010 0.001973710 0.002289330 0.001749800 0.001972540 0.002425390 0.003299270 0.001982150 0.002755150 0.002242110 0.001779240 0.002553840 0.002564390 0.002453530 0.002440610 0.002659050 0.002563920 0.002747540 0.002485410 0.002737160 0.002834400 0.002146270 0.001753750 0.001893070 0.003294630 0.001542730 0.001145230 0.000223760 0.000000000 0.001009630 0.002049340 0.000792800 0.002389110 0.002451260 0.002648440 0.001923820 0.002592080 0.002505010 0.002470590 0.002440080 0.002444840 0.002561190 0.002676390 0.003904260 
8     0.000954620 0.000811300 0.000805420 0.000845540 0.000816170 0.000853930 0.001323150 0.000856660 0.000930360 0.001245980 0.000706450 0.000929190 0.001382040 0.002255920 0.000938800 0.001711800 0.001198760 0.000735890 0.001510490 0.001521040 0.001410180 0.001397260 0.001615700 0.001520570 0.001704190 0.001442060 0.001693810 0.001791050 0.001102920 0.000710400 0.000849720 0.002251280 0.002251820 0.002060460 0.002065980 0.001009630 0.000000000 0.000646080 0.000861210 0.001345760 0.001407910 0.001605090 0.000880470 0.001548730 0.001461660 0.001427240 0.001396730 0.001401490 0.001517840 0.001633040 0.002860910 
19     0.001739870 0.001596550 0.001590670 0.001630790 0.001601420 0.001639180 0.002108400 0.001641910 0.001715610 0.002031230 0.001491700 0.001714440 0.002167290 0.003041170 0.001724050 0.002497050 0.001984010 0.001521140 0.002295740 0.002306290 0.002195430 0.002182510 0.002400950 0.002305820 0.002489440 0.002227310 0.002479060 0.002576300 0.001888170 0.001495650 0.001634970 0.002447780 0.002547440 0.003095060 0.002265370 0.002049340 0.000646080 0.000000000 0.001214880 0.002131010 0.001914370 0.002390340 0.001665720 0.002333980 0.002246910 0.002212490 0.002181980 0.002186740 0.002303090 0.002418290 0.003646160 
9     0.001940140 0.001796820 0.001790940 0.001831060 0.001801690 0.001839450 0.002308670 0.001842180 0.001915880 0.002231500 0.001691970 0.000843700 0.002367560 0.003241440 0.001924320 0.002697320 0.002184280 0.001721410 0.002496010 0.002506560 0.002395700 0.002382780 0.002601220 0.002506090 0.002689710 0.002427580 0.002679330 0.002776570 0.002088440 0.001695920 0.001835240 0.001907720 0.002007380 0.002555000 0.001725310 0.000792800 0.000861210 0.001214880 0.000000000 0.002331280 0.002393430 0.002590610 0.001865990 0.002534250 0.002447180 0.002412760 0.002382250 0.002387010 0.002503360 0.002618560 0.003846430 
49     0.001695740 0.001552420 0.001546540 0.001586660 0.001557290 0.001595050 0.002064270 0.001597780 0.001671480 0.001987100 0.001447570 0.001719830 0.002172680 0.003006320 0.001689200 0.002462200 0.001949160 0.001486290 0.002260890 0.002271440 0.002160580 0.002147660 0.002366100 0.002270970 0.002454590 0.002192460 0.002444210 0.002541450 0.001853320 0.001460800 0.001600120 0.003049380 0.003049920 0.003211570 0.003145160 0.002389110 0.001345760 0.002131010 0.002331280 0.000000000 0.000074630 0.000703600 0.000892490 0.002073310 0.001986240 0.001951820 0.001921310 0.001926070 0.002042420 0.002157620 0.003577210 
47     0.001757890 0.001614570 0.001608690 0.001648810 0.001619440 0.001657200 0.002126420 0.001659930 0.001733630 0.002049250 0.001509720 0.001781980 0.002234830 0.003068470 0.001751350 0.002524350 0.002011310 0.001548440 0.002323040 0.002333590 0.002222730 0.002209810 0.002428250 0.002333120 0.002516740 0.002254610 0.002506360 0.002603600 0.001915470 0.001522950 0.001662270 0.003111530 0.003112070 0.003273720 0.003207310 0.002451260 0.001407910 0.001914370 0.002393430 0.000074630 0.000000000 0.000865120 0.000954640 0.002135460 0.002048390 0.002013970 0.001983460 0.001988220 0.002104570 0.002219770 0.003639360 
42     0.001955070 0.001811750 0.001805870 0.001845990 0.001816620 0.001854380 0.002323600 0.001857110 0.001930810 0.002246430 0.001706900 0.001979160 0.002432010 0.003265650 0.001948530 0.002721530 0.002208490 0.001745620 0.002520220 0.002530770 0.002419910 0.002406990 0.002625430 0.002530300 0.002713920 0.002451790 0.002703540 0.002800780 0.002112650 0.001720130 0.001859450 0.003308710 0.003309250 0.003470900 0.003404490 0.002648440 0.001605090 0.002390340 0.002590610 0.000703600 0.000865120 0.000000000 0.001151820 0.002332640 0.002245570 0.002211150 0.002180640 0.002185400 0.002301750 0.002416950 0.003836540 
46     0.001230450 0.001087130 0.001081250 0.001121370 0.001092000 0.001129760 0.001598980 0.001132490 0.001206190 0.001521810 0.000889710 0.001254540 0.001707390 0.002541030 0.001223910 0.001996910 0.001483870 0.001021000 0.001795600 0.001806150 0.001695290 0.001682370 0.001900810 0.001805680 0.001989300 0.001727170 0.001978920 0.002076160 0.001388030 0.000995510 0.001134830 0.002584090 0.002584630 0.002746280 0.002679870 0.001923820 0.000880470 0.001665720 0.001865990 0.000892490 0.000954640 0.001151820 0.000000000 0.001608020 0.001520950 0.001486530 0.001456020 0.001460780 0.001577130 0.001568030 0.003111920 
43     0.001898710 0.001755390 0.001749510 0.001789630 0.001760260 0.001798020 0.002267240 0.001800750 0.001874450 0.002190070 0.001650540 0.001922800 0.002375650 0.003209290 0.001892170 0.002665170 0.002152130 0.001689260 0.002463860 0.002474410 0.002363550 0.002350630 0.002569070 0.002473940 0.002657560 0.002395430 0.002647180 0.002744420 0.002056290 0.001663770 0.001803090 0.003252350 0.003252890 0.003414540 0.003348130 0.002592080 0.001548730 0.002333980 0.002534250 0.002073310 0.002135460 0.002332640 0.001608020 0.000000000 0.000737190 0.000335960 0.000430340 0.000435100 0.001002210 0.001117410 0.003780180 
50     0.001811640 0.001668320 0.001662440 0.001702560 0.001673190 0.001710950 0.002180170 0.001713680 0.001787380 0.002103000 0.001563470 0.001835730 0.002288580 0.003122220 0.001805100 0.002578100 0.002065060 0.001602190 0.002376790 0.002387340 0.002276480 0.002263560 0.002482000 0.002386870 0.002570490 0.002308360 0.002560110 0.002657350 0.001969220 0.001576700 0.001716020 0.003165280 0.003165820 0.003327470 0.003261060 0.002505010 0.001461660 0.002246910 0.002447180 0.001986240 0.002048390 0.002245570 0.001520950 0.000737190 0.000000000 0.000562650 0.000183920 0.000124540 0.000951720 0.001066920 0.003693110 
40     0.001777220 0.001633900 0.001628020 0.001668140 0.001638770 0.001676530 0.002145750 0.001679260 0.001752960 0.002068580 0.001529050 0.001801310 0.002254160 0.003087800 0.001770680 0.002543680 0.002030640 0.001567770 0.002342370 0.002352920 0.002242060 0.002229140 0.002447580 0.002352450 0.002536070 0.002273940 0.002525690 0.002622930 0.001934800 0.001542280 0.001681600 0.003130860 0.003131400 0.003293050 0.003226640 0.002470590 0.001427240 0.002212490 0.002412760 0.001951820 0.002013970 0.002211150 0.001486530 0.000335960 0.000562650 0.000000000 0.000233030 0.000237790 0.000615280 0.000995920 0.003658690 
48     0.001746710 0.001603390 0.001597510 0.001637630 0.001608260 0.001646020 0.002115240 0.001648750 0.001722450 0.002038070 0.001498540 0.001770800 0.002223650 0.003057290 0.001740170 0.002513170 0.002000130 0.001537260 0.002311860 0.002322410 0.002211550 0.002198630 0.002417070 0.002321940 0.002505560 0.002243430 0.002495180 0.002592420 0.001904290 0.001511770 0.001651090 0.003100350 0.003100890 0.003262540 0.003196130 0.002440080 0.001396730 0.002181980 0.002382250 0.001921310 0.001983460 0.002180640 0.001456020 0.000430340 0.000183920 0.000233030 0.000000000 0.000000010 0.000850210 0.000965410 0.003628180 
41     0.001751470 0.001608150 0.001602270 0.001642390 0.001613020 0.001650780 0.002120000 0.001653510 0.001727210 0.002042830 0.001503300 0.001775560 0.002228410 0.003062050 0.001744930 0.002517930 0.002004890 0.001542020 0.002316620 0.002327170 0.002216310 0.002203390 0.002421830 0.002326700 0.002510320 0.002248190 0.002499940 0.002597180 0.001909050 0.001516530 0.001655850 0.003105110 0.003105650 0.003267300 0.003200890 0.002444840 0.001401490 0.002186740 0.002387010 0.001926070 0.001988220 0.002185400 0.001460780 0.000435100 0.000124540 0.000237790 0.000000010 0.000000000 0.000854970 0.000970170 0.003632940 
44     0.001867820 0.001724500 0.001718620 0.001758740 0.001729370 0.001767130 0.002236350 0.001769860 0.001843560 0.002159180 0.001619650 0.001891910 0.002344760 0.003178400 0.001861280 0.002634280 0.002121240 0.001658370 0.002432970 0.002443520 0.002332660 0.002319740 0.002538180 0.002443050 0.002626670 0.002364540 0.002616290 0.002713530 0.002025400 0.001632880 0.001772200 0.003221460 0.003222000 0.003383650 0.003317240 0.002561190 0.001517840 0.002303090 0.002503360 0.002042420 0.002104570 0.002301750 0.001577130 0.001002210 0.000951720 0.000615280 0.000850210 0.000854970 0.000000000 0.000079200 0.003749290 
45     0.001983020 0.001839700 0.001833820 0.001873940 0.001844570 0.001882330 0.002351550 0.001885060 0.001958760 0.002274380 0.001734850 0.001050510 0.002459960 0.003293600 0.001976480 0.002749480 0.002236440 0.001773570 0.002548170 0.002558720 0.002447860 0.002434940 0.002653380 0.002558250 0.002741870 0.002479740 0.002731490 0.002828730 0.002140600 0.001748080 0.001887400 0.003336660 0.003337200 0.003498850 0.003432440 0.002676390 0.001633040 0.002418290 0.002618560 0.002157620 0.002219770 0.002416950 0.001568030 0.001117410 0.001066920 0.000995920 0.000965410 0.000970170 0.000079200 0.000000000 0.003864490 
0     0.003210890 0.003067570 0.003061690 0.003101810 0.003072440 0.003110200 0.003579420 0.003112930 0.003186630 0.003502250 0.002962720 0.003234980 0.003687830 0.004521470 0.003204350 0.003977350 0.003464310 0.003001440 0.003776040 0.003786590 0.003675730 0.003662810 0.003881250 0.003786120 0.003969740 0.003707610 0.003959360 0.004056600 0.003368470 0.002975950 0.003115270 0.004564530 0.003614520 0.004198830 0.003737380 0.003904260 0.002860910 0.003646160 0.003846430 0.003577210 0.003639360 0.003836540 0.003111920 0.003780180 0.003693110 0.003658690 0.003628180 0.003632940 0.003749290 0.003864490 0.000000000 
