51
22     0.000000000 0.133551207 0.126320317 0.123297462 0.122736890 0.128880890 0.148404480 0.135570856 0.133658702 0.184502585 0.176883524 0.295306779 0.342321832 0.362759475 0.298466082 0.297991354 0.346483608 0.264724438 0.301917684 0.326541156 0.318383911 0.315079246 0.312224554 0.322779706 0.319619882 0.306784303 0.318184760 0.310982384 0.318012227 0.313702741 0.312674916 0.319154374 0.318302560 0.317916982 0.316744108 0.391282121 0.290570236 0.300554362 0.312091442 0.358537149 0.357005489 0.357928673 0.287925380 0.332426349 0.334366793 0.336459438 0.332890552 0.334069840 0.380321483 0.345781922 0.616603353 
11     0.133551207 0.000000000 0.049703051 0.046644855 0.045703284 0.050501650 0.122520872 0.109780804 0.107035005 0.159758566 0.152102246 0.270015482 0.317644340 0.338513867 0.274218951 0.273740467 0.322179905 0.240031182 0.277605955 0.302174411 0.293922987 0.290820597 0.287904455 0.298504838 0.295324964 0.282489385 0.293864024 0.286612911 0.293650380 0.288930577 0.287902752 0.295178850 0.294324520 0.293941458 0.292766068 0.367118465 0.266308483 0.276707631 0.287786627 0.334294299 0.332744953 0.333553235 0.263601765 0.307820963 0.310002194 0.312104152 0.308307293 0.309486581 0.355632324 0.321256593 0.591715543 
21     0.126320317 0.049703051 0.000000000 0.037177658 0.037977502 0.042940439 0.115950093 0.103039850 0.100403877 0.153161302 0.145567511 0.263928958 0.311660647 0.332186253 0.267891338 0.267412854 0.315852292 0.233703569 0.271408929 0.295994067 0.287742642 0.284623571 0.281686824 0.292307812 0.289127938 0.276292359 0.287670368 0.280419256 0.287440077 0.282720274 0.281692449 0.288961291 0.288106961 0.287723900 0.286548510 0.360900907 0.260041727 0.270440875 0.281544855 0.328124746 0.326631240 0.327342306 0.257442721 0.301832598 0.303837687 0.305939645 0.302077245 0.303256534 0.349765095 0.315264064 0.585438330 
15     0.123297462 0.046644855 0.037177658 0.000000000 0.014889173 0.040230527 0.112717046 0.099881628 0.097256327 0.150139625 0.142541023 0.260809163 0.308508234 0.329042804 0.264747889 0.264269404 0.312708842 0.230523791 0.268265479 0.292850617 0.284599193 0.281480122 0.278563979 0.289164362 0.285984489 0.273148910 0.284526919 0.277275806 0.284296628 0.279575018 0.278547193 0.285817842 0.284963512 0.284580450 0.283405060 0.357757458 0.256898278 0.267297426 0.278355717 0.324999605 0.323560073 0.324345939 0.254317580 0.298707456 0.300712546 0.302814504 0.298990192 0.300169480 0.346639954 0.312138923 0.582305920 
16     0.122736890 0.045703284 0.037977502 0.014889173 0.000000000 0.039778146 0.112336911 0.099443452 0.097499826 0.149720993 0.142122391 0.260609585 0.308308553 0.328843123 0.264522408 0.264069724 0.312509161 0.230324110 0.268065798 0.292650936 0.284399512 0.281280441 0.278364299 0.288964682 0.285784808 0.272949229 0.284327238 0.277076125 0.284096947 0.279375337 0.278347512 0.285618161 0.284763831 0.284380770 0.283205380 0.357557777 0.256698597 0.267097745 0.278163749 0.324799924 0.323360392 0.324146258 0.254111929 0.298507776 0.300512865 0.302614823 0.298802066 0.299981354 0.346440273 0.311939242 0.582106239 
5     0.128880890 0.050501650 0.042940439 0.040230527 0.039778146 0.000000000 0.117754632 0.104796736 0.102843321 0.154812156 0.147221583 0.264282422 0.311993730 0.332471790 0.268176875 0.267698391 0.316137829 0.234038161 0.271552073 0.296137211 0.287885786 0.284766715 0.281850573 0.292450956 0.289271082 0.276475337 0.287788672 0.280525402 0.287599654 0.282876238 0.281848413 0.289258959 0.288404630 0.288021568 0.286846178 0.361198575 0.260155786 0.270348231 0.281611551 0.328406734 0.326914259 0.327757222 0.257731930 0.302147456 0.304152546 0.306254504 0.302487938 0.303667226 0.350079954 0.315578922 0.585952495 
13     0.148404480 0.122520872 0.115950093 0.112717046 0.112336911 0.117754632 0.000000000 0.090906623 0.089533206 0.166297828 0.158936441 0.276592495 0.324094321 0.344520567 0.280220161 0.279629944 0.328335953 0.245978850 0.283472857 0.308116679 0.299959454 0.296740315 0.293879965 0.304424556 0.301075779 0.288280092 0.299755016 0.292553093 0.299693550 0.295178231 0.294150406 0.301136716 0.300282386 0.299899324 0.298723934 0.372273115 0.271490069 0.281889217 0.292989798 0.339679272 0.338332516 0.339100887 0.268956472 0.313080410 0.315250794 0.317238463 0.313720149 0.314899438 0.361192208 0.326628512 0.597342653 
10     0.135570856 0.109780804 0.103039850 0.099881628 0.099443452 0.104796736 0.090906623 0.000000000 0.026964018 0.152541632 0.145151793 0.264490494 0.311942984 0.332574949 0.268247294 0.267849114 0.316438905 0.234066910 0.271796334 0.296425760 0.288268514 0.285055264 0.282194914 0.292739505 0.289565917 0.276730338 0.288011001 0.280830619 0.287871770 0.283462592 0.282434767 0.289298376 0.288444046 0.288060984 0.286885594 0.361084481 0.260376529 0.270775677 0.281972497 0.328303959 0.326957203 0.327729064 0.257581159 0.301947770 0.304026597 0.306116527 0.302495952 0.303675240 0.349934820 0.315323517 0.586094410 
32     0.133658702 0.107035005 0.100403877 0.097256327 0.097499826 0.102843321 0.089533206 0.026964018 0.000000000 0.150838522 0.143448683 0.262442555 0.309895044 0.330572939 0.266245283 0.265847104 0.314436895 0.232067587 0.269741818 0.294368070 0.286151771 0.283006041 0.280145691 0.290690282 0.287515361 0.274679782 0.285962443 0.278782061 0.285823830 0.281414652 0.280386827 0.287265749 0.286411420 0.286028358 0.284852968 0.359204894 0.258343341 0.268742489 0.279939309 0.326296201 0.324949445 0.325721305 0.255573401 0.299940011 0.302018838 0.304108769 0.300554858 0.301734146 0.347927061 0.313315758 0.584049929 
17     0.184502585 0.159758566 0.153161302 0.150139625 0.149720993 0.154812156 0.166297828 0.152541632 0.150838522 0.000000000 0.068594784 0.245945486 0.293367802 0.313951623 0.249688847 0.249356766 0.297904798 0.215740417 0.252805638 0.277368827 0.269220422 0.265980618 0.263233489 0.273664859 0.270523044 0.257654537 0.269086559 0.261857636 0.268789278 0.264498311 0.263470486 0.270575673 0.269721343 0.269338282 0.268162892 0.342506146 0.241764599 0.252309081 0.263482135 0.308520038 0.307217106 0.308501200 0.238211383 0.282278687 0.283992866 0.286251693 0.282968977 0.284148266 0.330154428 0.295585302 0.565518610 
4     0.176883524 0.152102246 0.145567511 0.142541023 0.142122391 0.147221583 0.158936441 0.145151793 0.143448683 0.068594784 0.000000000 0.238177578 0.285599893 0.305987501 0.241671629 0.241477718 0.290024255 0.208012723 0.245184086 0.269747275 0.261598870 0.258376779 0.255641810 0.266061020 0.262908178 0.250072599 0.261422780 0.254193857 0.261126551 0.256974021 0.255946196 0.262676892 0.261822562 0.261439500 0.260264110 0.334715146 0.233759842 0.244307336 0.255562160 0.300613817 0.299310884 0.300587883 0.230286666 0.274193116 0.275892329 0.278145072 0.274862356 0.276041644 0.321897260 0.287436592 0.557986484 
18     0.295306779 0.270015482 0.263928958 0.260809163 0.260609585 0.264282422 0.276592495 0.264490494 0.262442555 0.245945486 0.238177578 0.000000000 0.107559736 0.276307324 0.212484571 0.212027571 0.261100877 0.177405913 0.216408451 0.241016728 0.232961773 0.229063418 0.226996645 0.236759193 0.234084619 0.221239647 0.232820574 0.225530344 0.232039080 0.228350530 0.227322705 0.236064286 0.235197770 0.234969781 0.233831920 0.308021105 0.206826916 0.217865048 0.232558555 0.303782258 0.302023561 0.303264976 0.233698834 0.278809858 0.280086237 0.282951962 0.279499577 0.280678865 0.326684877 0.291512593 0.558388208 
34     0.342321832 0.317644340 0.311660647 0.308508234 0.308308553 0.311993730 0.324094321 0.311942984 0.309895044 0.293367802 0.285599893 0.107559736 0.000000000 0.322544316 0.258826388 0.258353346 0.307467637 0.223999769 0.263069479 0.287675557 0.279614124 0.275692982 0.273634827 0.283388758 0.280705263 0.267858581 0.279457052 0.272185223 0.278721168 0.275031920 0.274004095 0.282814537 0.282022654 0.281772086 0.280582171 0.354733238 0.253185795 0.264260236 0.279021329 0.351724850 0.350096083 0.351224928 0.281183847 0.326255714 0.327455524 0.330331303 0.326878918 0.328058207 0.374178503 0.339010645 0.606615763 
28     0.362759475 0.338513867 0.332186253 0.329042804 0.328843123 0.332471790 0.344520567 0.332574949 0.330572939 0.313951623 0.305987501 0.276307324 0.322544316 0.000000000 0.151737544 0.215354855 0.263188522 0.208908550 0.278892529 0.303197134 0.295048195 0.291925527 0.290161753 0.299604759 0.296504791 0.283556575 0.295230194 0.288209052 0.294834560 0.291297204 0.290269379 0.299341586 0.298382232 0.298015801 0.296872073 0.369995690 0.268864959 0.279924712 0.294447808 0.370124171 0.369111773 0.369749441 0.299332387 0.344922403 0.346014344 0.348588743 0.344832046 0.346011335 0.392078788 0.357311503 0.625657559 
12     0.298466082 0.274218951 0.267891338 0.264747889 0.264522408 0.268176875 0.280220161 0.268247294 0.266245283 0.249688847 0.241671629 0.212484571 0.258826388 0.151737544 0.000000000 0.151099986 0.198578149 0.144201010 0.214969745 0.239319055 0.231165266 0.228010958 0.226285907 0.235724283 0.232454304 0.219601382 0.231392585 0.224125518 0.231219649 0.227544076 0.226516251 0.234141311 0.233181956 0.232730491 0.231671797 0.306026990 0.204594670 0.215574268 0.230205556 0.305952162 0.304939764 0.305580088 0.235293807 0.280850411 0.281870907 0.284425349 0.280688510 0.281867798 0.328062835 0.293196507 0.562235821 
2     0.297991354 0.273740467 0.267412854 0.264269404 0.264069724 0.267698391 0.279629944 0.267849114 0.265847104 0.249356766 0.241477718 0.212027571 0.258353346 0.215354855 0.151099986 0.000000000 0.174808892 0.143459173 0.215106757 0.239271372 0.231073782 0.228142581 0.226407924 0.235850931 0.232733294 0.219886292 0.231930307 0.224662417 0.231416141 0.227703723 0.226675898 0.233855271 0.232895917 0.232540764 0.231383807 0.304530734 0.203292636 0.214331391 0.228978046 0.305314182 0.304591284 0.305228952 0.235202415 0.280706552 0.281793285 0.284299232 0.280781037 0.281960326 0.328128008 0.293039220 0.561960584 
1     0.346483608 0.322179905 0.315852292 0.312708842 0.312509161 0.316137829 0.328335953 0.316438905 0.314436895 0.297904798 0.290024255 0.261100877 0.307467637 0.263188522 0.198578149 0.174808892 0.000000000 0.192579337 0.264074548 0.288346628 0.280320560 0.277165854 0.275402080 0.284845086 0.281549642 0.268793134 0.280763597 0.273495708 0.280488640 0.276457928 0.275430103 0.282510215 0.281550851 0.281217057 0.280060099 0.353305618 0.252266694 0.263296285 0.277663602 0.353539673 0.352693775 0.353897555 0.283874771 0.329353436 0.330436179 0.332987890 0.329423931 0.330603220 0.376749368 0.341715495 0.610272129 
27     0.264724438 0.240031182 0.233703569 0.230523791 0.230324110 0.234038161 0.245978850 0.234066910 0.232067587 0.215740417 0.208012723 0.177405913 0.223999769 0.208908550 0.144201010 0.143459173 0.192579337 0.000000000 0.180740184 0.205280882 0.197028154 0.193778140 0.192014365 0.201456382 0.198284937 0.185437934 0.197517198 0.190293638 0.197166422 0.193147250 0.192119426 0.200155317 0.199427088 0.198855660 0.197705212 0.270704685 0.169946299 0.180965183 0.195472788 0.271636648 0.270642619 0.271265542 0.201166815 0.246963352 0.248047478 0.250674563 0.247123378 0.248302666 0.294417834 0.259041996 0.527316791 
20     0.301917684 0.277605955 0.271408929 0.268265479 0.268065798 0.271552073 0.283472857 0.271796334 0.269741818 0.252805638 0.245184086 0.216408451 0.263069479 0.278892529 0.214969745 0.215106757 0.264074548 0.180740184 0.000000000 0.097300445 0.089543781 0.101399382 0.101293777 0.108817847 0.110207671 0.096936575 0.141553692 0.134571457 0.156409668 0.152060855 0.151042097 0.238695089 0.237869067 0.237408172 0.236239347 0.311278434 0.210325134 0.221368572 0.234042170 0.312055957 0.310909850 0.311231180 0.240994777 0.286239010 0.287312432 0.290052432 0.285937837 0.287117125 0.333706327 0.298954907 0.568673827 
37     0.326541156 0.302174411 0.295994067 0.292850617 0.292650936 0.296137211 0.308116679 0.296425760 0.294368070 0.277368827 0.269747275 0.241016728 0.287675557 0.303197134 0.239319055 0.239271372 0.288346628 0.205280882 0.097300445 0.000000000 0.066021044 0.126472285 0.126341976 0.133803063 0.131774166 0.118133944 0.165347915 0.158396985 0.180056750 0.175754091 0.174735334 0.263075363 0.262249341 0.261788446 0.260619621 0.335700870 0.234786952 0.245831364 0.258475474 0.336810930 0.335664823 0.335768830 0.265850005 0.311179456 0.312079636 0.314819636 0.310705041 0.311884329 0.358461300 0.323549310 0.593249264 
29     0.318383911 0.293922987 0.287742642 0.284599193 0.284399512 0.287885786 0.299959454 0.288268514 0.286151771 0.269220422 0.261598870 0.232961773 0.279614124 0.295048195 0.231165266 0.231073782 0.280320560 0.197028154 0.089543781 0.066021044 0.000000000 0.119888619 0.119925550 0.127516562 0.126528041 0.112856019 0.157736370 0.150790454 0.172676446 0.168429378 0.167410620 0.254632983 0.253783804 0.253346066 0.252154084 0.327530830 0.226616912 0.237661324 0.250302084 0.328512099 0.327365992 0.327458296 0.257567373 0.302726555 0.303626735 0.306366735 0.302252139 0.303431428 0.349904888 0.314996085 0.585111815 
6     0.315079246 0.290820597 0.284623571 0.281480122 0.281280441 0.284766715 0.296740315 0.285055264 0.283006041 0.265980618 0.258376779 0.229063418 0.275692982 0.291925527 0.228010958 0.228142581 0.277165854 0.193778140 0.101399382 0.126472285 0.119888619 0.000000000 0.047138373 0.056827150 0.112072514 0.098241164 0.154545004 0.148158584 0.168552670 0.164189968 0.163171211 0.251268087 0.250442064 0.249981170 0.248882500 0.323966202 0.223142813 0.234190024 0.246903938 0.325240324 0.324094217 0.324362738 0.254260324 0.299213274 0.300068742 0.302808743 0.298681040 0.299860329 0.346541276 0.311878807 0.581815469 
25     0.312224554 0.287904455 0.281686824 0.278563979 0.278364299 0.281850573 0.293879965 0.282194914 0.280145691 0.263233489 0.255641810 0.226996645 0.273634827 0.290161753 0.226285907 0.226407924 0.275402080 0.192014365 0.101293777 0.126341976 0.119925550 0.047138373 0.000000000 0.056167123 0.111161603 0.097407909 0.153102686 0.146716266 0.167209001 0.162853786 0.161802027 0.250069958 0.249243936 0.248783041 0.247614216 0.322232668 0.221409279 0.232456490 0.244906300 0.323114562 0.321968455 0.322236976 0.252134562 0.297087512 0.297942980 0.300682981 0.296555279 0.297734567 0.344415514 0.309753045 0.578793972 
39     0.322779706 0.298504838 0.292307812 0.289164362 0.288964682 0.292450956 0.304424556 0.292739505 0.290690282 0.273664859 0.266061020 0.236759193 0.283388758 0.299604759 0.235724283 0.235850931 0.284845086 0.201456382 0.108817847 0.133803063 0.127516562 0.056827150 0.056167123 0.000000000 0.119557095 0.105723505 0.162114775 0.155728355 0.176136691 0.171777542 0.170758784 0.259282812 0.258456789 0.257995895 0.256827069 0.331657218 0.230852845 0.241900057 0.254559854 0.332943687 0.331797580 0.332066101 0.261974332 0.306914468 0.307769936 0.310509936 0.306382234 0.307561523 0.354247370 0.319580001 0.589505562 
33     0.319619882 0.295324964 0.289127938 0.285984489 0.285784808 0.289271082 0.301075779 0.289565917 0.287515361 0.270523044 0.262908178 0.234084619 0.280705263 0.296504791 0.232454304 0.232733294 0.281549642 0.198284937 0.110207671 0.131774166 0.126528041 0.112072514 0.111161603 0.119557095 0.000000000 0.051725014 0.158351298 0.151313262 0.172995859 0.168581824 0.167563067 0.256116263 0.255290240 0.254829345 0.253660520 0.328662450 0.227713376 0.238760587 0.251475565 0.329931248 0.328785141 0.328991841 0.259018013 0.304234819 0.305144429 0.307884429 0.303769695 0.304948984 0.351524292 0.316574532 0.586359829 
7     0.306784303 0.282489385 0.276292359 0.273148910 0.272949229 0.276475337 0.288280092 0.276730338 0.274679782 0.257654537 0.250072599 0.221239647 0.267858581 0.283556575 0.219601382 0.219886292 0.268793134 0.185437934 0.096936575 0.118133944 0.112856019 0.098241164 0.097407909 0.105723505 0.051725014 0.000000000 0.145452326 0.138421917 0.160110377 0.155736993 0.154718235 0.243273216 0.242447194 0.241986299 0.240817473 0.315819404 0.214870329 0.225917540 0.238628768 0.317115543 0.315969436 0.316176136 0.246202308 0.291469467 0.292387921 0.295127921 0.291013187 0.292192476 0.338762097 0.303842833 0.573524250 
24     0.318184760 0.293864024 0.287670368 0.284526919 0.284327238 0.287788672 0.299755016 0.288011001 0.285962443 0.269086559 0.261422780 0.232820574 0.279457052 0.295230194 0.231392585 0.231930307 0.280763597 0.197517198 0.141553692 0.165347915 0.157736370 0.154545004 0.153102686 0.162114775 0.158351298 0.145452326 0.000000000 0.060077543 0.172307408 0.167852610 0.166833853 0.254548214 0.253722191 0.253261297 0.252092471 0.327444290 0.226590076 0.237634488 0.250273463 0.328868495 0.327728283 0.328075620 0.257867783 0.303526784 0.304179491 0.306942039 0.302569404 0.303748693 0.350484580 0.315703905 0.585329049 
38     0.310982384 0.286612911 0.280419256 0.277275806 0.277076125 0.280525402 0.292553093 0.280830619 0.278782061 0.261857636 0.254193857 0.225530344 0.272185223 0.288209052 0.224125518 0.224662417 0.273495708 0.190293638 0.134571457 0.158396985 0.150790454 0.148158584 0.146716266 0.155728355 0.151313262 0.138421917 0.060077543 0.000000000 0.165313577 0.160858683 0.159838444 0.247222404 0.246396382 0.245935487 0.244766662 0.319375881 0.218900068 0.229957433 0.242903315 0.321537928 0.320397716 0.320733130 0.250525257 0.296152604 0.296707805 0.299457770 0.294965472 0.296144761 0.343142054 0.308300446 0.577990107 
35     0.318012227 0.293650380 0.287440077 0.284296628 0.284096947 0.287599654 0.299693550 0.287871770 0.285823830 0.268789278 0.261126551 0.232039080 0.278721168 0.294834560 0.231219649 0.231416141 0.280488640 0.197166422 0.156409668 0.180056750 0.172676446 0.168552670 0.167209001 0.176136691 0.172995859 0.160110377 0.172307408 0.165313577 0.000000000 0.121993660 0.120988789 0.254405640 0.253607395 0.253147593 0.251949898 0.326555297 0.225902466 0.236949677 0.249458104 0.328268155 0.327122048 0.327476045 0.257077304 0.302058683 0.303207475 0.305958593 0.302150810 0.303330099 0.349452574 0.314539045 0.583513392 
36     0.313702741 0.288930577 0.282720274 0.279575018 0.279375337 0.282876238 0.295178231 0.283462592 0.281414652 0.264498311 0.256974021 0.228350530 0.275031920 0.291297204 0.227544076 0.227703723 0.276457928 0.193147250 0.152060855 0.175754091 0.168429378 0.164189968 0.162853786 0.171777542 0.168581824 0.155736993 0.167852610 0.160858683 0.121993660 0.000000000 0.030904312 0.250764358 0.249938335 0.249477440 0.248308615 0.322949821 0.222332768 0.233379979 0.245988966 0.324849395 0.323703288 0.324057285 0.253813861 0.299030826 0.299976296 0.302727414 0.298808651 0.299987940 0.346350638 0.311428485 0.580286419 
31     0.312674916 0.287902752 0.281692449 0.278547193 0.278347512 0.281848413 0.294150406 0.282434767 0.280386827 0.263470486 0.255946196 0.227322705 0.274004095 0.290269379 0.226516251 0.226675898 0.275430103 0.192119426 0.151042097 0.174735334 0.167410620 0.163171211 0.161802027 0.170758784 0.167563067 0.154718235 0.166833853 0.159838444 0.120988789 0.030904312 0.000000000 0.249736533 0.248910510 0.248449616 0.247280790 0.321921996 0.221304943 0.232352154 0.244961141 0.323821570 0.322675463 0.323029460 0.252786036 0.298003001 0.298948471 0.301699589 0.297780826 0.298960115 0.345322813 0.310400660 0.579258595 
14     0.319154374 0.295178850 0.288961291 0.285817842 0.285618161 0.289258959 0.301136716 0.289298376 0.287265749 0.270575673 0.262676892 0.236064286 0.282814537 0.299341586 0.234141311 0.233855271 0.282510215 0.200155317 0.238695089 0.263075363 0.254632983 0.251268087 0.250069958 0.259282812 0.256116263 0.243273216 0.254548214 0.247222404 0.254405640 0.250764358 0.249736533 0.000000000 0.030774096 0.041069947 0.042845691 0.304745944 0.204101662 0.215142802 0.227545180 0.327373860 0.326286784 0.326901737 0.257397013 0.302731380 0.303869703 0.306485956 0.302782777 0.303962066 0.349968527 0.315039965 0.585026541 
30     0.318302560 0.294324520 0.288106961 0.284963512 0.284763831 0.288404630 0.300282386 0.288444046 0.286411420 0.269721343 0.261822562 0.235197770 0.282022654 0.298382232 0.233181956 0.232895917 0.281550851 0.199427088 0.237869067 0.262249341 0.253783804 0.250442064 0.249243936 0.258456789 0.255290240 0.242447194 0.253722191 0.246396382 0.253607395 0.249938335 0.248910510 0.030774096 0.000000000 0.042683277 0.041314430 0.303946037 0.203300287 0.214341427 0.226743805 0.326208465 0.325116804 0.325772846 0.256377775 0.301712768 0.302851091 0.305467345 0.301764165 0.302943454 0.348949916 0.314021353 0.584114005 
23     0.317916982 0.293941458 0.287723900 0.284580450 0.284380770 0.288021568 0.299899324 0.288060984 0.286028358 0.269338282 0.261439500 0.234969781 0.281772086 0.298015801 0.232730491 0.232540764 0.281217057 0.198855660 0.237408172 0.261788446 0.253346066 0.249981170 0.248783041 0.257995895 0.254829345 0.241986299 0.253261297 0.245935487 0.253147593 0.249477440 0.248449616 0.041069947 0.042683277 0.000000000 0.040608570 0.303363908 0.202732747 0.213773888 0.226124291 0.326565201 0.325478125 0.326093078 0.256588354 0.302250437 0.303301477 0.305917730 0.302214551 0.303393840 0.349381212 0.314562792 0.583849179 
3     0.316744108 0.292766068 0.286548510 0.283405060 0.283205380 0.286846178 0.298723934 0.286885594 0.284852968 0.268162892 0.260264110 0.233831920 0.280582171 0.296872073 0.231671797 0.231383807 0.280060099 0.197705212 0.236239347 0.260619621 0.252154084 0.248882500 0.247614216 0.256827069 0.253660520 0.240817473 0.252092471 0.244766662 0.251949898 0.248308615 0.247280790 0.042845691 0.041314430 0.040608570 0.000000000 0.302165514 0.201578557 0.212619698 0.225024604 0.325413432 0.324326356 0.324941309 0.255436585 0.301098668 0.302149708 0.304765962 0.301062782 0.302242071 0.348229443 0.313411023 0.581963671 
26     0.391282121 0.367118465 0.360900907 0.357757458 0.357557777 0.361198575 0.372273115 0.361084481 0.359204894 0.342506146 0.334715146 0.308021105 0.354733238 0.369995690 0.306026990 0.304530734 0.353305618 0.270704685 0.311278434 0.335700870 0.327530830 0.323966202 0.322232668 0.331657218 0.328662450 0.315819404 0.327444290 0.319375881 0.326555297 0.322949821 0.321921996 0.304745944 0.303946037 0.303363908 0.302165514 0.000000000 0.259724382 0.270777690 0.284840074 0.398107183 0.397016295 0.397806234 0.327390260 0.372180955 0.373077271 0.375711384 0.371874063 0.373053352 0.419483119 0.384496242 0.654510880 
8     0.290570236 0.266308483 0.260041727 0.256898278 0.256698597 0.260155786 0.271490069 0.260376529 0.258343341 0.241764599 0.233759842 0.206826916 0.253185795 0.268864959 0.204594670 0.203292636 0.252266694 0.169946299 0.210325134 0.234786952 0.226616912 0.223142813 0.221409279 0.230852845 0.227713376 0.214870329 0.226590076 0.218900068 0.225902466 0.222332768 0.221304943 0.204101662 0.203300287 0.202732747 0.201578557 0.259724382 0.000000000 0.060009099 0.153799415 0.296498911 0.295398751 0.295260504 0.226083864 0.271149085 0.272149314 0.274853249 0.270949766 0.272129055 0.318695461 0.283789811 0.554183752 
19     0.300554362 0.276707631 0.270440875 0.267297426 0.267097745 0.270348231 0.281889217 0.270775677 0.268742489 0.252309081 0.244307336 0.217865048 0.264260236 0.279924712 0.215574268 0.214331391 0.263296285 0.180965183 0.221368572 0.245831364 0.237661324 0.234190024 0.232456490 0.241900057 0.238760587 0.225917540 0.237634488 0.229957433 0.236949677 0.233379979 0.232352154 0.215142802 0.214341427 0.213773888 0.212619698 0.270777690 0.060009099 0.000000000 0.165159804 0.307426918 0.306301821 0.306195502 0.237010876 0.282066223 0.283019040 0.285746005 0.281866047 0.283045336 0.329613207 0.294686988 0.565130800 
9     0.312091442 0.287786627 0.281544855 0.278355717 0.278163749 0.281611551 0.292989798 0.281972497 0.279939309 0.263482135 0.255562160 0.232558555 0.279021329 0.294447808 0.230205556 0.228978046 0.277663602 0.195472788 0.234042170 0.258475474 0.250302084 0.246903938 0.244906300 0.254559854 0.251475565 0.238628768 0.250273463 0.242903315 0.249458104 0.245988966 0.244961141 0.227545180 0.226743805 0.226124291 0.225024604 0.284840074 0.153799415 0.165159804 0.000000000 0.321393123 0.320298884 0.320857770 0.251178962 0.296316347 0.297354148 0.299920107 0.295480774 0.296660063 0.343850584 0.308780319 0.579100855 
49     0.358537149 0.334294299 0.328124746 0.324999605 0.324799924 0.328406734 0.339679272 0.328303959 0.326296201 0.308520038 0.300613817 0.303782258 0.351724850 0.370124171 0.305952162 0.305314182 0.353539673 0.271636648 0.312055957 0.336810930 0.328512099 0.325240324 0.323114562 0.332943687 0.329931248 0.317115543 0.328868495 0.321537928 0.328268155 0.324849395 0.323821570 0.327373860 0.326208465 0.326565201 0.325413432 0.398107183 0.296498911 0.307426918 0.321393123 0.000000000 0.039275394 0.106594403 0.155720355 0.242057947 0.241859948 0.245402475 0.242372432 0.243551721 0.288389904 0.253309261 0.618023955 
47     0.357005489 0.332744953 0.326631240 0.323560073 0.323360392 0.326914259 0.338332516 0.326957203 0.324949445 0.307217106 0.299310884 0.302023561 0.350096083 0.369111773 0.304939764 0.304591284 0.352693775 0.270642619 0.310909850 0.335664823 0.327365992 0.324094217 0.321968455 0.331797580 0.328785141 0.315969436 0.327728283 0.320397716 0.327122048 0.323703288 0.322675463 0.326286784 0.325116804 0.325478125 0.324326356 0.397016295 0.295398751 0.306301821 0.320298884 0.039275394 0.000000000 0.104645966 0.154498647 0.240763953 0.240580593 0.244123120 0.241093077 0.242272365 0.287141363 0.252073126 0.616812557 
42     0.357928673 0.333553235 0.327342306 0.324345939 0.324146258 0.327757222 0.339100887 0.327729064 0.325721305 0.308501200 0.300587883 0.303264976 0.351224928 0.369749441 0.305580088 0.305228952 0.353897555 0.271265542 0.311231180 0.335768830 0.327458296 0.324362738 0.322236976 0.332066101 0.328991841 0.316176136 0.328075620 0.320733130 0.327476045 0.324057285 0.323029460 0.326901737 0.325772846 0.326093078 0.324941309 0.397806234 0.295260504 0.306195502 0.320857770 0.106594403 0.104645966 0.000000000 0.156674059 0.242136156 0.241972081 0.245516459 0.242486416 0.243665704 0.288694197 0.253046536 0.617167301 
46     0.287925380 0.263601765 0.257442721 0.254317580 0.254111929 0.257731930 0.268956472 0.257581159 0.255573401 0.238211383 0.230286666 0.233698834 0.281183847 0.299332387 0.235293807 0.235202415 0.283874771 0.201166815 0.240994777 0.265850005 0.257567373 0.254260324 0.252134562 0.261974332 0.259018013 0.246202308 0.257867783 0.250525257 0.257077304 0.253813861 0.252786036 0.257397013 0.256377775 0.256588354 0.255436585 0.327390260 0.226083864 0.237010876 0.251178962 0.155720355 0.154498647 0.156674059 0.000000000 0.172677315 0.171984085 0.175191307 0.172136609 0.173315897 0.218159780 0.183316494 0.546717387 
43     0.332426349 0.307820963 0.301832598 0.298707456 0.298507776 0.302147456 0.313080410 0.301947770 0.299940011 0.282278687 0.274193116 0.278809858 0.326255714 0.344922403 0.280850411 0.280706552 0.329353436 0.246963352 0.286239010 0.311179456 0.302726555 0.299213274 0.297087512 0.306914468 0.304234819 0.291469467 0.303526784 0.296152604 0.302058683 0.299030826 0.298003001 0.302731380 0.301712768 0.302250437 0.301098668 0.372180955 0.271149085 0.282066223 0.296316347 0.242057947 0.240763953 0.242136156 0.172677315 0.000000000 0.110674873 0.113526868 0.111643365 0.112684305 0.189534534 0.154771508 0.593835293 
50     0.334366793 0.310002194 0.303837687 0.300712546 0.300512865 0.304152546 0.315250794 0.304026597 0.302018838 0.283992866 0.275892329 0.280086237 0.327455524 0.346014344 0.281870907 0.281793285 0.330436179 0.248047478 0.287312432 0.312079636 0.303626735 0.300068742 0.297942980 0.307769936 0.305144429 0.292387921 0.304179491 0.296707805 0.303207475 0.299976296 0.298948471 0.303869703 0.302851091 0.303301477 0.302149708 0.373077271 0.272149314 0.283019040 0.297354148 0.241859948 0.240580593 0.241972081 0.171984085 0.110674873 0.000000000 0.069883037 0.067374600 0.068782181 0.187908290 0.153746295 0.595347996 
40     0.336459438 0.312104152 0.305939645 0.302814504 0.302614823 0.306254504 0.317238463 0.306116527 0.304108769 0.286251693 0.278145072 0.282951962 0.330331303 0.348588743 0.284425349 0.284299232 0.332987890 0.250674563 0.290052432 0.314819636 0.306366735 0.302808743 0.300682981 0.310509936 0.307884429 0.295127921 0.306942039 0.299457770 0.305958593 0.302727414 0.301699589 0.306485956 0.305467345 0.305917730 0.304765962 0.375711384 0.274853249 0.285746005 0.299920107 0.245402475 0.244123120 0.245516459 0.175191307 0.113526868 0.069883037 0.000000000 0.067237287 0.068516041 0.190910125 0.156830228 0.597868425 
48     0.332890552 0.308307293 0.302077245 0.298990192 0.298802066 0.302487938 0.313720149 0.302495952 0.300554858 0.282968977 0.274862356 0.279499577 0.326878918 0.344832046 0.280688510 0.280781037 0.329423931 0.247123378 0.285937837 0.310705041 0.302252139 0.298681040 0.296555279 0.306382234 0.303769695 0.291013187 0.302569404 0.294965472 0.302150810 0.298808651 0.297780826 0.302782777 0.301764165 0.302214551 0.301062782 0.371874063 0.270949766 0.281866047 0.295480774 0.242372432 0.241093077 0.242486416 0.172136609 0.111643365 0.067374600 0.067237287 0.000000000 0.025071004 0.188383972 0.154175453 0.594465048 
41     0.334069840 0.309486581 0.303256534 0.300169480 0.299981354 0.303667226 0.314899438 0.303675240 0.301734146 0.284148266 0.276041644 0.280678865 0.328058207 0.346011335 0.281867798 0.281960326 0.330603220 0.248302666 0.287117125 0.311884329 0.303431428 0.299860329 0.297734567 0.307561523 0.304948984 0.292192476 0.303748693 0.296144761 0.303330099 0.299987940 0.298960115 0.303962066 0.302943454 0.303393840 0.302242071 0.373053352 0.272129055 0.283045336 0.296660063 0.243551721 0.242272365 0.243665704 0.173315897 0.112684305 0.068782181 0.068516041 0.025071004 0.000000000 0.189520587 0.155315632 0.595644336 
44     0.380321483 0.355632324 0.349765095 0.346639954 0.346440273 0.350079954 0.361192208 0.349934820 0.347927061 0.330154428 0.321897260 0.326684877 0.374178503 0.392078788 0.328062835 0.328128008 0.376749368 0.294417834 0.333706327 0.358461300 0.349904888 0.346541276 0.344415514 0.354247370 0.351524292 0.338762097 0.350484580 0.343142054 0.349452574 0.346350638 0.345322813 0.349968527 0.348949916 0.349381212 0.348229443 0.419483119 0.318695461 0.329613207 0.343850584 0.288389904 0.287141363 0.288694197 0.218159780 0.189534534 0.187908290 0.190910125 0.188383972 0.189520587 0.000000000 0.153256626 0.641630800 
45     0.345781922 0.321256593 0.315264064 0.312138923 0.311939242 0.315578922 0.326628512 0.315323517 0.313315758 0.295585302 0.287436592 0.291512593 0.339010645 0.357311503 0.293196507 0.293039220 0.341715495 0.259041996 0.298954907 0.323549310 0.314996085 0.311878807 0.309753045 0.319580001 0.316574532 0.303842833 0.315703905 0.308300446 0.314539045 0.311428485 0.310400660 0.315039965 0.314021353 0.314562792 0.313411023 0.384496242 0.283789811 0.294686988 0.308780319 0.253309261 0.252073126 0.253046536 0.183316494 0.154771508 0.153746295 0.156830228 0.154175453 0.155315632 0.153256626 0.000000000 0.606550461 
0     0.616603353 0.591715543 0.585438330 0.582305920 0.582106239 0.585952495 0.597342653 0.586094410 0.584049929 0.565518610 0.557986484 0.558388208 0.606615763 0.625657559 0.562235821 0.561960584 0.610272129 0.527316791 0.568673827 0.593249264 0.585111815 0.581815469 0.578793972 0.589505562 0.586359829 0.573524250 0.585329049 0.577990107 0.583513392 0.580286419 0.579258595 0.585026541 0.584114005 0.583849179 0.581963671 0.654510880 0.554183752 0.565130800 0.579100855 0.618023955 0.616812557 0.617167301 0.546717387 0.593835293 0.595347996 0.597868425 0.594465048 0.595644336 0.641630800 0.606550461 0.000000000 
