51
1     0.000000000 0.017821382 0.024291420 0.024351519 0.024176608 0.014830294 0.013623533 0.012891523 0.029788750 0.032631136 0.031686960 0.031601137 0.031648292 0.052952522 0.052321716 0.051025042 0.051173149 0.032208884 0.024903319 0.040472819 0.035974417 0.035855548 0.034498266 0.035502379 0.040535413 0.044383574 0.044335248 0.030023170 0.030643385 0.031789680 0.034109997 0.030881580 0.030072650 0.027521369 0.030755885 0.035010299 0.027079705 0.026561800 0.025805762 0.029480697 0.029858263 0.028934145 0.027796815 0.031849856 0.033131924 0.034216393 0.027975122 0.036910720 0.031148289 0.033268342 0.156227790 
7     0.017821382 0.000000000 0.027915832 0.027967361 0.027801331 0.018418130 0.017201147 0.016501403 0.033327534 0.036169920 0.035225744 0.035139921 0.035187076 0.056491306 0.055860500 0.054563826 0.054711933 0.035747668 0.028442103 0.044011603 0.039513201 0.039394332 0.038037050 0.039041163 0.044074198 0.047922358 0.047874032 0.033561954 0.034182169 0.035328464 0.037648781 0.034420365 0.033611434 0.031060153 0.034294669 0.038549083 0.030618489 0.030100584 0.029344546 0.033019482 0.033397047 0.032472929 0.031335599 0.035388641 0.036670708 0.037755178 0.031513906 0.040449504 0.034687073 0.036807126 0.159782110 
3     0.024291420 0.027915832 0.000000000 0.009368369 0.008571277 0.024530956 0.023322186 0.022624577 0.039455300 0.042297686 0.041353510 0.041267687 0.041314842 0.062619072 0.061988266 0.060691592 0.060839699 0.041875434 0.034569869 0.050139369 0.045640967 0.045522098 0.044164816 0.045168929 0.050201963 0.054050124 0.054001798 0.039689720 0.040309935 0.041456230 0.043776547 0.040548130 0.039739200 0.037187919 0.040422435 0.044676849 0.036746255 0.036228350 0.035472312 0.039147247 0.039524813 0.038600695 0.037463365 0.041516406 0.042798474 0.043882943 0.037641672 0.046577270 0.040814839 0.042934892 0.165905067 
8     0.024351519 0.027967361 0.009368369 0.000000000 0.009060620 0.024582690 0.023373921 0.022675962 0.039506536 0.042348922 0.041404746 0.041318923 0.041366078 0.062670308 0.062039502 0.060742828 0.060890935 0.041926670 0.034621105 0.050190605 0.045692203 0.045573334 0.044216052 0.045220165 0.050253200 0.054101360 0.054053034 0.039740956 0.040361171 0.041507466 0.043827783 0.040599367 0.039790436 0.037239155 0.040473671 0.044728085 0.036797491 0.036279586 0.035523548 0.039198484 0.039576049 0.038651931 0.037514601 0.041567643 0.042849710 0.043934180 0.037692908 0.046628506 0.040866075 0.042986128 0.165956303 
6     0.024176608 0.027801331 0.008571277 0.009060620 0.000000000 0.024422685 0.023213915 0.022517081 0.039345875 0.042188261 0.041244085 0.041158262 0.041205417 0.062509647 0.061878841 0.060582167 0.060730274 0.041766009 0.034460444 0.050029944 0.045531542 0.045412673 0.044055391 0.045059504 0.050092538 0.053940699 0.053892373 0.039580295 0.040200510 0.041346805 0.043667121 0.040438705 0.039629775 0.037078493 0.040313010 0.044567424 0.036636830 0.036118925 0.035362887 0.039037822 0.039415388 0.038491270 0.037353939 0.041406981 0.042689049 0.043773518 0.037532247 0.046467845 0.040705413 0.042825467 0.165795642 
2     0.014830294 0.018418130 0.024530956 0.024582690 0.024422685 0.000000000 0.004110181 0.008523125 0.028004361 0.030846747 0.029902571 0.029816748 0.029863903 0.051168133 0.050537327 0.049240653 0.049388760 0.030424495 0.023118930 0.038688430 0.034190028 0.034071159 0.032713877 0.033717990 0.038751025 0.042599185 0.042550859 0.028238781 0.028858996 0.030005291 0.032325608 0.029097192 0.028288261 0.025736980 0.028971496 0.033203174 0.025295316 0.024777411 0.024021373 0.027628725 0.028006290 0.027082172 0.025944842 0.029997884 0.031279952 0.032364421 0.026123149 0.035058748 0.029296316 0.031416370 0.154402519 
4     0.013623533 0.017201147 0.023322186 0.023373921 0.023213915 0.004110181 0.000000000 0.007351756 0.026797607 0.029639993 0.028695817 0.028609994 0.028657149 0.049961379 0.049330573 0.048033899 0.048182006 0.029217741 0.021912176 0.037481676 0.032983274 0.032864405 0.031507123 0.032511236 0.037544270 0.041392431 0.041344105 0.027032027 0.027652242 0.028798537 0.031118854 0.027890437 0.027081507 0.024530226 0.027764742 0.031996420 0.024088562 0.023570657 0.022814619 0.026421971 0.026799536 0.025875418 0.024738088 0.028791130 0.030073197 0.031157667 0.024916395 0.033851993 0.028089562 0.030209616 0.153195765 
5     0.012891523 0.016501403 0.022624577 0.022675962 0.022517081 0.008523125 0.007351756 0.000000000 0.026104269 0.028946655 0.028002479 0.027916655 0.027963811 0.049268041 0.048637235 0.047340561 0.047488668 0.028524403 0.021218838 0.036788338 0.032289936 0.032171067 0.030813785 0.031817897 0.036850932 0.040699093 0.040650767 0.026338689 0.026958904 0.028105198 0.030425515 0.027197099 0.026388169 0.023836887 0.027071404 0.031303082 0.023395224 0.022877319 0.022121281 0.025728633 0.026106198 0.025182080 0.024044750 0.028097792 0.029379859 0.030464328 0.024223057 0.033158655 0.027396224 0.029516277 0.152501229 
25     0.029788750 0.033327534 0.039455300 0.039506536 0.039345875 0.028004361 0.026797607 0.026104269 0.000000000 0.017738051 0.016802507 0.016716732 0.016765552 0.044366487 0.043735294 0.042435190 0.042583716 0.023373926 0.016021118 0.035480428 0.030979613 0.030893637 0.029520108 0.030524221 0.035557255 0.039396202 0.039347876 0.025041938 0.025662153 0.026814625 0.029125324 0.025896908 0.025017044 0.022526603 0.025757068 0.030231892 0.026368629 0.025850725 0.025094686 0.031837108 0.032214673 0.031290555 0.030156751 0.034209792 0.035490094 0.036574563 0.030335058 0.039295371 0.033532939 0.035652993 0.160232665 
36     0.032631136 0.036169920 0.042297686 0.042348922 0.042188261 0.030846747 0.029639993 0.028946655 0.017738051 0.000000000 0.006559532 0.006236903 0.006406033 0.047100897 0.046469704 0.045170333 0.045318440 0.026091601 0.018895297 0.038404964 0.033904149 0.033778994 0.032451146 0.033455259 0.038488293 0.042322049 0.042273723 0.027917767 0.028537982 0.029690455 0.032005794 0.028777377 0.027903658 0.025406138 0.028643681 0.032977146 0.029122046 0.028604141 0.027848103 0.034706711 0.035084277 0.034160159 0.033012987 0.037066029 0.038346330 0.039430799 0.033191294 0.042151607 0.036389176 0.038509229 0.163069973 
33     0.031686960 0.035225744 0.041353510 0.041404746 0.041244085 0.029902571 0.028695817 0.028002479 0.016802507 0.006559532 0.000000000 0.003734285 0.003827554 0.046143877 0.045512684 0.044213313 0.044361420 0.025134582 0.017937854 0.037460403 0.032959589 0.032834433 0.031506586 0.032510698 0.037543733 0.041377489 0.041329163 0.026973207 0.027593421 0.028745894 0.031061233 0.027832817 0.026959097 0.024461577 0.027699121 0.032037203 0.028177485 0.027659581 0.026903542 0.033763082 0.034140647 0.033216529 0.032069357 0.036122399 0.037402700 0.038487170 0.032247665 0.041207978 0.035445546 0.037565600 0.162125413 
22     0.031601137 0.035139921 0.041267687 0.041318923 0.041158262 0.029816748 0.028609994 0.027916655 0.016716732 0.006236903 0.003734285 0.000000000 0.003900023 0.046058997 0.045427804 0.044128441 0.044276548 0.025049701 0.017852943 0.037374580 0.032873765 0.032748610 0.031420762 0.032424875 0.037457909 0.041291665 0.041243339 0.026887383 0.027507598 0.028660071 0.030975410 0.027746993 0.026873274 0.024375754 0.027613298 0.031951379 0.028091662 0.027573757 0.026817719 0.033677259 0.034054824 0.033130706 0.031983534 0.036036576 0.037316877 0.038401346 0.032161841 0.041122154 0.035359723 0.037479776 0.162039590 
41     0.031648292 0.035187076 0.041314842 0.041366078 0.041205417 0.029863903 0.028657149 0.027963811 0.016765552 0.006406033 0.003827554 0.003900023 0.000000000 0.046105209 0.045474017 0.044174645 0.044322752 0.025095914 0.017899156 0.037421735 0.032920921 0.032795765 0.031467918 0.032472030 0.037505065 0.041338821 0.041290495 0.026934539 0.027554754 0.028707226 0.031022565 0.027794149 0.026920429 0.024422909 0.027660453 0.031998535 0.028138818 0.027620913 0.026864875 0.033724414 0.034101979 0.033177861 0.032030690 0.036083732 0.037364033 0.038448502 0.032208997 0.041169310 0.035406878 0.037526932 0.162086745 
18     0.052952522 0.056491306 0.062619072 0.062670308 0.062509647 0.051168133 0.049961379 0.049268041 0.044366487 0.047100897 0.046143877 0.046058997 0.046105209 0.000000000 0.016584170 0.047714711 0.047926445 0.038268767 0.036084801 0.059000204 0.054501615 0.054291286 0.052915531 0.053919644 0.058952678 0.062828453 0.062780127 0.048503655 0.049123869 0.050255007 0.052540398 0.049311982 0.048456609 0.045982212 0.049218939 0.053411974 0.049328564 0.048810660 0.048054622 0.054932252 0.055309817 0.054385699 0.053238527 0.057291569 0.058571870 0.059656340 0.053416835 0.062377147 0.056614716 0.058734769 0.183457286 
49     0.052321716 0.055860500 0.061988266 0.062039502 0.061878841 0.050537327 0.049330573 0.048637235 0.043735294 0.046469704 0.045512684 0.045427804 0.045474017 0.016584170 0.000000000 0.047075070 0.047286804 0.037640224 0.035454745 0.058369398 0.053870809 0.053660480 0.052284725 0.053288838 0.058321873 0.062197647 0.062149321 0.047872849 0.048493064 0.049624202 0.051909593 0.048681176 0.047825803 0.045351407 0.048588134 0.052781168 0.048697759 0.048179854 0.047423816 0.054301446 0.054679011 0.053754893 0.052607722 0.056660763 0.057941065 0.059025534 0.052786029 0.061746342 0.055983910 0.058103964 0.182826480 
26     0.051025042 0.054563826 0.060691592 0.060742828 0.060582167 0.049240653 0.048033899 0.047340561 0.042435190 0.045170333 0.044213313 0.044128441 0.044174645 0.047714711 0.047075070 0.000000000 0.011555240 0.036327401 0.034169846 0.057077917 0.052579329 0.052369000 0.050993245 0.051997357 0.057030392 0.060906167 0.060857841 0.046581323 0.047201538 0.048332676 0.050618067 0.047389650 0.046534277 0.044059881 0.047296653 0.051489579 0.047401084 0.046883180 0.046127142 0.053004772 0.053382337 0.052458219 0.051311047 0.055364089 0.056644390 0.057728860 0.051489355 0.060449667 0.054687236 0.056807290 0.181529806 
19     0.051173149 0.054711933 0.060839699 0.060890935 0.060730274 0.049388760 0.048182006 0.047488668 0.042583716 0.045318440 0.044361420 0.044276548 0.044322752 0.047926445 0.047286804 0.011555240 0.000000000 0.036480887 0.034323179 0.057226024 0.052727436 0.052517107 0.051141352 0.052145464 0.057178499 0.061054274 0.061005948 0.046729430 0.047349645 0.048480783 0.050766174 0.047537757 0.046682384 0.044207988 0.047444760 0.051637686 0.047549191 0.047031287 0.046275249 0.053152879 0.053530444 0.052606326 0.051459154 0.055512196 0.056792497 0.057876967 0.051637462 0.060597774 0.054835343 0.056955397 0.181677913 
48     0.032208884 0.035747668 0.041875434 0.041926670 0.041766009 0.030424495 0.029217741 0.028524403 0.023373926 0.026091601 0.025134582 0.025049701 0.025095914 0.038268767 0.037640224 0.036327401 0.036480887 0.000000000 0.015148485 0.038142764 0.033644176 0.033439558 0.032063803 0.033067916 0.038100950 0.041967596 0.041919270 0.027673861 0.028294076 0.029427656 0.031691468 0.028463052 0.027616898 0.025142501 0.028379274 0.032636662 0.028626305 0.028108400 0.027352362 0.034174598 0.034552163 0.033628045 0.032480873 0.036533915 0.037814216 0.038898685 0.032659180 0.041619493 0.035857062 0.037977115 0.162696322 
40     0.024903319 0.028442103 0.034569869 0.034621105 0.034460444 0.023118930 0.021912176 0.021218838 0.016021118 0.018895297 0.017937854 0.017852943 0.017899156 0.036084801 0.035454745 0.034169846 0.034323179 0.015148485 0.000000000 0.030656114 0.026157526 0.026021046 0.024645291 0.025649403 0.030682438 0.034567056 0.034518730 0.020182585 0.020802800 0.021933645 0.024319321 0.021090905 0.020135613 0.017645172 0.020875592 0.025205699 0.021363714 0.020845809 0.020089771 0.026938779 0.027316344 0.026392226 0.025245054 0.029298096 0.030578397 0.031662866 0.025423361 0.034383674 0.028621243 0.030741296 0.155416288 
10     0.040472819 0.044011603 0.050139369 0.050190605 0.050029944 0.038688430 0.037481676 0.036788338 0.035480428 0.038404964 0.037460403 0.037374580 0.037421735 0.059000204 0.058369398 0.057077917 0.057226024 0.038142764 0.030656114 0.000000000 0.019154250 0.028680561 0.027188828 0.028215498 0.033226678 0.037038055 0.036988762 0.024732921 0.025328494 0.026583203 0.028666475 0.025434346 0.024788677 0.022181646 0.025437942 0.039321536 0.036751434 0.036233529 0.035477491 0.042512106 0.042889671 0.041965553 0.040819197 0.044872239 0.046154241 0.047238710 0.040997504 0.049955300 0.044192869 0.046312922 0.170850207 
15     0.035974417 0.039513201 0.045640967 0.045692203 0.045531542 0.034190028 0.032983274 0.032289936 0.030979613 0.033904149 0.032959589 0.032873765 0.032920921 0.054501615 0.053870809 0.052579329 0.052727436 0.033644176 0.026157526 0.019154250 0.000000000 0.024107094 0.022690735 0.023717405 0.028728585 0.032502512 0.032453220 0.020190724 0.020786125 0.022027303 0.024170242 0.020938113 0.020229921 0.017623083 0.020879186 0.034838285 0.032245184 0.031727279 0.030971241 0.038013704 0.038391269 0.037467151 0.036320795 0.040373837 0.041655839 0.042740309 0.036499103 0.045456898 0.039694467 0.041814521 0.166351805 
16     0.035855548 0.039394332 0.045522098 0.045573334 0.045412673 0.034071159 0.032864405 0.032171067 0.030893637 0.033778994 0.032834433 0.032748610 0.032795765 0.054291286 0.053660480 0.052369000 0.052517107 0.033439558 0.026021046 0.028680561 0.024107094 0.000000000 0.012289070 0.013154161 0.018147657 0.028941466 0.028916171 0.020093021 0.020692710 0.021833269 0.023880407 0.020661962 0.020153540 0.017644337 0.020822191 0.034707318 0.032113080 0.031595175 0.030839137 0.037844877 0.038222442 0.037298324 0.036151968 0.040205010 0.041487012 0.042571482 0.036330276 0.045288071 0.039525640 0.041645693 0.166223859 
13     0.034498266 0.038037050 0.044164816 0.044216052 0.044055391 0.032713877 0.031507123 0.030813785 0.029520108 0.032451146 0.031506586 0.031420762 0.031467918 0.052915531 0.052284725 0.050993245 0.051141352 0.032063803 0.024645291 0.027188828 0.022690735 0.012289070 0.000000000 0.003415576 0.008666201 0.027566208 0.027527664 0.018773239 0.019372929 0.020523028 0.022604844 0.019386398 0.018791075 0.016280757 0.019452537 0.033371296 0.030761915 0.030244010 0.029487972 0.036487594 0.036865160 0.035941042 0.034794686 0.038847728 0.040129730 0.041214199 0.034972993 0.043930789 0.038168358 0.040288411 0.164866577 
29     0.035502379 0.039041163 0.045168929 0.045220165 0.045059504 0.033717990 0.032511236 0.031817897 0.030524221 0.033455259 0.032510698 0.032424875 0.032472030 0.053919644 0.053288838 0.051997357 0.052145464 0.033067916 0.025649403 0.028215498 0.023717405 0.013154161 0.003415576 0.000000000 0.009883709 0.028594565 0.028570169 0.019781330 0.020381019 0.021528452 0.023606550 0.020388105 0.019795528 0.017285012 0.020465085 0.034375409 0.031766028 0.031248123 0.030492085 0.037491707 0.037869272 0.036945154 0.035798799 0.039851841 0.041133843 0.042218312 0.035977106 0.044934902 0.039172470 0.041292524 0.165870690 
39     0.040535413 0.044074198 0.050201963 0.050253200 0.050092538 0.038751025 0.037544270 0.036850932 0.035557255 0.038488293 0.037543733 0.037457909 0.037505065 0.058952678 0.058321873 0.057030392 0.057178499 0.038100950 0.030682438 0.033226678 0.028728585 0.018147657 0.008666201 0.009883709 0.000000000 0.033663952 0.033625408 0.024805806 0.025405495 0.026556104 0.028627319 0.025408874 0.024809026 0.022298510 0.025478583 0.039408443 0.036799062 0.036281157 0.035525119 0.042524742 0.042902307 0.041978189 0.040831833 0.044884875 0.046166877 0.047251347 0.041010141 0.049967936 0.044205505 0.046325559 0.170903724 
45     0.044383574 0.047922358 0.054050124 0.054101360 0.053940699 0.042599185 0.041392431 0.040699093 0.039396202 0.042322049 0.041377489 0.041291665 0.041338821 0.062828453 0.062197647 0.060906167 0.061054274 0.041967596 0.034567056 0.037038055 0.032502512 0.028941466 0.027566208 0.028594565 0.033663952 0.000000000 0.007587812 0.028556936 0.029155293 0.030316563 0.032494081 0.029255592 0.028539975 0.026002925 0.029227491 0.043304176 0.040646471 0.040128566 0.039372528 0.046376946 0.046754511 0.045830393 0.044684038 0.048737079 0.050019081 0.051103551 0.044862345 0.053820141 0.048057709 0.050177763 0.174751023 
46     0.044335248 0.047874032 0.054001798 0.054053034 0.053892373 0.042550859 0.041344105 0.040650767 0.039347876 0.042273723 0.041329163 0.041243339 0.041290495 0.062780127 0.062149321 0.060857841 0.061005948 0.041919270 0.034518730 0.036988762 0.032453220 0.028916171 0.027527664 0.028570169 0.033625408 0.007587812 0.000000000 0.028507390 0.029105748 0.030267018 0.032450329 0.029211841 0.028496441 0.025959391 0.029183957 0.043255850 0.040598145 0.040080241 0.039324202 0.046328620 0.046706185 0.045782067 0.044635712 0.048688753 0.049970756 0.051055225 0.044814019 0.053771815 0.048009383 0.050129437 0.174702697 
9     0.030023170 0.033561954 0.039689720 0.039740956 0.039580295 0.028238781 0.027032027 0.026338689 0.025041938 0.027917767 0.026973207 0.026887383 0.026934539 0.048503655 0.047872849 0.046581323 0.046729430 0.027673861 0.020182585 0.024732921 0.020190724 0.020093021 0.018773239 0.019781330 0.024805806 0.028556936 0.028507390 0.000000000 0.004601339 0.009828603 0.015975712 0.012753129 0.013389456 0.010782793 0.014062663 0.028857600 0.026273014 0.025755109 0.024999071 0.032021713 0.032399278 0.031475160 0.030328804 0.034381846 0.035663848 0.036748318 0.030507112 0.039464908 0.033702476 0.035822530 0.160389012 
31     0.030643385 0.034182169 0.040309935 0.040361171 0.040200510 0.028858996 0.027652242 0.026958904 0.025662153 0.028537982 0.027593421 0.027507598 0.027554754 0.049123869 0.048493064 0.047201538 0.047349645 0.028294076 0.020802800 0.025328494 0.020786125 0.020692710 0.019372929 0.020381019 0.025405495 0.029155293 0.029105748 0.004601339 0.000000000 0.010423719 0.016616420 0.013393756 0.014001776 0.011395113 0.014673802 0.029477815 0.026893229 0.026375324 0.025619286 0.032641928 0.033019493 0.032095375 0.030949019 0.035002061 0.036284063 0.037368533 0.031127327 0.040085122 0.034322691 0.036442744 0.161009227 
12     0.031789680 0.035328464 0.041456230 0.041507466 0.041346805 0.030005291 0.028798537 0.028105198 0.026814625 0.029690455 0.028745894 0.028660071 0.028707226 0.050255007 0.049624202 0.048332676 0.048480783 0.029427656 0.021933645 0.026583203 0.022027303 0.021833269 0.020523028 0.021528452 0.026556104 0.030316563 0.030267018 0.009828603 0.010423719 0.000000000 0.017824558 0.014601104 0.015152550 0.012528720 0.015814703 0.030597245 0.028029048 0.027511143 0.026755105 0.033786566 0.034164131 0.033240013 0.032093657 0.036146699 0.037428701 0.038513171 0.032271965 0.041229760 0.035467329 0.037587382 0.162155522 
38     0.034109997 0.037648781 0.043776547 0.043827783 0.043667121 0.032325608 0.031118854 0.030425515 0.029125324 0.032005794 0.031061233 0.030975410 0.031022565 0.052540398 0.051909593 0.050618067 0.050766174 0.031691468 0.024319321 0.028666475 0.024170242 0.023880407 0.022604844 0.023606550 0.028627319 0.032494081 0.032450329 0.015975712 0.016616420 0.017824558 0.000000000 0.007631435 0.017335341 0.014745048 0.018050140 0.033017050 0.030358226 0.029840321 0.029084283 0.036116000 0.036493565 0.035569447 0.034423091 0.038476133 0.039758135 0.040842604 0.034601399 0.043559194 0.037796763 0.039916816 0.164476430 
17     0.030881580 0.034420365 0.040548130 0.040599367 0.040438705 0.029097192 0.027890437 0.027197099 0.025896908 0.028777377 0.027832817 0.027746993 0.027794149 0.049311982 0.048681176 0.047389650 0.047537757 0.028463052 0.021090905 0.025434346 0.020938113 0.020661962 0.019386398 0.020388105 0.025408874 0.029255592 0.029211841 0.012753129 0.013393756 0.014601104 0.007631435 0.000000000 0.014092121 0.011508294 0.014806919 0.029788634 0.027129809 0.026611905 0.025855867 0.032887583 0.033265149 0.032341031 0.031194675 0.035247717 0.036529719 0.037614188 0.031372982 0.040330778 0.034568347 0.036688400 0.161248014 
23     0.030072650 0.033611434 0.039739200 0.039790436 0.039629775 0.028288261 0.027081507 0.026388169 0.025017044 0.027903658 0.026959097 0.026873274 0.026920429 0.048456609 0.047825803 0.046534277 0.046682384 0.027616898 0.020135613 0.024788677 0.020229921 0.020153540 0.018791075 0.019795528 0.024809026 0.028539975 0.028496441 0.013389456 0.014001776 0.015152550 0.017335341 0.014092121 0.000000000 0.005519452 0.009361935 0.028961862 0.026328605 0.025810700 0.025054662 0.032049967 0.032427532 0.031503414 0.030357058 0.034410100 0.035692102 0.036776571 0.030535365 0.039493161 0.033730730 0.035850783 0.160441112 
30     0.027521369 0.031060153 0.037187919 0.037239155 0.037078493 0.025736980 0.024530226 0.023836887 0.022526603 0.025406138 0.024461577 0.024375754 0.024422909 0.045982212 0.045351407 0.044059881 0.044207988 0.025142501 0.017645172 0.022181646 0.017623083 0.017644337 0.016280757 0.017285012 0.022298510 0.026002925 0.025959391 0.010782793 0.011395113 0.012528720 0.014745048 0.011508294 0.005519452 0.000000000 0.006699089 0.026385665 0.023763911 0.023246006 0.022489968 0.029522093 0.029899658 0.028975540 0.027829185 0.031882226 0.033164228 0.034248698 0.028007492 0.036965288 0.031202856 0.033322910 0.157902320 
50     0.030755885 0.034294669 0.040422435 0.040473671 0.040313010 0.028971496 0.027764742 0.027071404 0.025757068 0.028643681 0.027699121 0.027613298 0.027660453 0.049218939 0.048588134 0.047296653 0.047444760 0.028379274 0.020875592 0.025437942 0.020879186 0.020822191 0.019452537 0.020465085 0.025478583 0.029227491 0.029183957 0.014062663 0.014673802 0.015814703 0.018050140 0.014806919 0.009361935 0.006699089 0.000000000 0.029633467 0.026998427 0.026480523 0.025724485 0.032756607 0.033134172 0.032210054 0.031063698 0.035116740 0.036398742 0.037483211 0.031242006 0.040199801 0.034437370 0.036557423 0.161136836 
37     0.035010299 0.038549083 0.044676849 0.044728085 0.044567424 0.033203174 0.031996420 0.031303082 0.030231892 0.032977146 0.032037203 0.031951379 0.031998535 0.053411974 0.052781168 0.051489579 0.051637686 0.032636662 0.025205699 0.039321536 0.034838285 0.034707318 0.033371296 0.034375409 0.039408443 0.043304176 0.043255850 0.028857600 0.029477815 0.030597245 0.033017050 0.029788634 0.028961862 0.026385665 0.029633467 0.000000000 0.031385476 0.030867572 0.030111533 0.037041080 0.037418645 0.036494527 0.035347356 0.039400397 0.040680699 0.041765168 0.035525663 0.044485976 0.038723544 0.040843598 0.165407549 
47     0.027079705 0.030618489 0.036746255 0.036797491 0.036636830 0.025295316 0.024088562 0.023395224 0.026368629 0.029122046 0.028177485 0.028091662 0.028138818 0.049328564 0.048697759 0.047401084 0.047549191 0.028626305 0.021363714 0.036751434 0.032245184 0.032113080 0.030761915 0.031766028 0.036799062 0.040646471 0.040598145 0.026273014 0.026893229 0.028029048 0.030358226 0.027129809 0.026328605 0.023763911 0.026998427 0.031385476 0.000000000 0.002565393 0.004576352 0.029278397 0.029655962 0.028731844 0.027585423 0.031638465 0.032920533 0.034005002 0.027763730 0.036707121 0.030944690 0.033064743 0.157574367 
21     0.026561800 0.030100584 0.036228350 0.036279586 0.036118925 0.024777411 0.023570657 0.022877319 0.025850725 0.028604141 0.027659581 0.027573757 0.027620913 0.048810660 0.048179854 0.046883180 0.047031287 0.028108400 0.020845809 0.036233529 0.031727279 0.031595175 0.030244010 0.031248123 0.036281157 0.040128566 0.040080241 0.025755109 0.026375324 0.027511143 0.029840321 0.026611905 0.025810700 0.023246006 0.026480523 0.030867572 0.002565393 0.000000000 0.004000196 0.028760492 0.029138058 0.028213940 0.027067518 0.031120560 0.032402628 0.033487097 0.027245826 0.036189217 0.030426785 0.032546839 0.157056462 
20     0.025805762 0.029344546 0.035472312 0.035523548 0.035362887 0.024021373 0.022814619 0.022121281 0.025094686 0.027848103 0.026903542 0.026817719 0.026864875 0.048054622 0.047423816 0.046127142 0.046275249 0.027352362 0.020089771 0.035477491 0.030971241 0.030839137 0.029487972 0.030492085 0.035525119 0.039372528 0.039324202 0.024999071 0.025619286 0.026755105 0.029084283 0.025855867 0.025054662 0.022489968 0.025724485 0.030111533 0.004576352 0.004000196 0.000000000 0.028004454 0.028382020 0.027457902 0.026311480 0.030364522 0.031646590 0.032731059 0.026489788 0.035433178 0.029670747 0.031790801 0.156300424 
42     0.029480697 0.033019482 0.039147247 0.039198484 0.039037822 0.027628725 0.026421971 0.025728633 0.031837108 0.034706711 0.033763082 0.033677259 0.033724414 0.054932252 0.054301446 0.053004772 0.053152879 0.034174598 0.026938779 0.042512106 0.038013704 0.037844877 0.036487594 0.037491707 0.042524742 0.046376946 0.046328620 0.032021713 0.032641928 0.033786566 0.036116000 0.032887583 0.032049967 0.029522093 0.032756607 0.037041080 0.029278397 0.028760492 0.028004454 0.000000000 0.003407360 0.005627682 0.010959322 0.015019306 0.016219747 0.017312742 0.011186442 0.022493265 0.016720692 0.018835531 0.159839533 
14     0.029858263 0.033397047 0.039524813 0.039576049 0.039415388 0.028006290 0.026799536 0.026106198 0.032214673 0.035084277 0.034140647 0.034054824 0.034101979 0.055309817 0.054679011 0.053382337 0.053530444 0.034552163 0.027316344 0.042889671 0.038391269 0.038222442 0.036865160 0.037869272 0.042902307 0.046754511 0.046706185 0.032399278 0.033019493 0.034164131 0.036493565 0.033265149 0.032427532 0.029899658 0.033134172 0.037418645 0.029655962 0.029138058 0.028382020 0.003407360 0.000000000 0.005927310 0.011335553 0.015379518 0.016606000 0.017698995 0.011572694 0.022891543 0.017118970 0.019233809 0.160217098 
34     0.028934145 0.032472929 0.038600695 0.038651931 0.038491270 0.027082172 0.025875418 0.025182080 0.031290555 0.034160159 0.033216529 0.033130706 0.033177861 0.054385699 0.053754893 0.052458219 0.052606326 0.033628045 0.026392226 0.041965553 0.037467151 0.037298324 0.035941042 0.036945154 0.041978189 0.045830393 0.045782067 0.031475160 0.032095375 0.033240013 0.035569447 0.032341031 0.031503414 0.028975540 0.032210054 0.036494527 0.028731844 0.028213940 0.027457902 0.005627682 0.005927310 0.000000000 0.010408343 0.014443533 0.015660642 0.016755021 0.010634827 0.021943466 0.016170893 0.018285731 0.159292980 
44     0.027796815 0.031335599 0.037463365 0.037514601 0.037353939 0.025944842 0.024738088 0.024044750 0.030156751 0.033012987 0.032069357 0.031983534 0.032030690 0.053238527 0.052607722 0.051311047 0.051459154 0.032480873 0.025245054 0.040819197 0.036320795 0.036151968 0.034794686 0.035798799 0.040831833 0.044684038 0.044635712 0.030328804 0.030949019 0.032093657 0.034423091 0.031194675 0.030357058 0.027829185 0.031063698 0.035347356 0.027585423 0.027067518 0.026311480 0.010959322 0.011335553 0.010408343 0.000000000 0.012961213 0.014491948 0.015580433 0.009222409 0.020839678 0.015071877 0.017190877 0.158152356 
35     0.031849856 0.035388641 0.041516406 0.041567643 0.041406981 0.029997884 0.028791130 0.028097792 0.034209792 0.037066029 0.036122399 0.036036576 0.036083732 0.057291569 0.056660763 0.055364089 0.055512196 0.036533915 0.029298096 0.044872239 0.040373837 0.040205010 0.038847728 0.039851841 0.044884875 0.048737079 0.048688753 0.034381846 0.035002061 0.036146699 0.038476133 0.035247717 0.034410100 0.031882226 0.035116740 0.039400397 0.031638465 0.031120560 0.030364522 0.015019306 0.015379518 0.014443533 0.012961213 0.000000000 0.017668653 0.018760893 0.012397059 0.024874123 0.019106380 0.021219607 0.162205398 
28     0.033131924 0.036670708 0.042798474 0.042849710 0.042689049 0.031279952 0.030073197 0.029379859 0.035490094 0.038346330 0.037402700 0.037316877 0.037364033 0.058571870 0.057941065 0.056644390 0.056792497 0.037814216 0.030578397 0.046154241 0.041655839 0.041487012 0.040129730 0.041133843 0.046166877 0.050019081 0.049970756 0.035663848 0.036284063 0.037428701 0.039758135 0.036529719 0.035692102 0.033164228 0.036398742 0.040680699 0.032920533 0.032402628 0.031646590 0.016219747 0.016606000 0.015660642 0.014491948 0.017668653 0.000000000 0.009780342 0.012504832 0.026221667 0.020447598 0.022561030 0.163487465 
32     0.034216393 0.037755178 0.043882943 0.043934180 0.043773518 0.032364421 0.031157667 0.030464328 0.036574563 0.039430799 0.038487170 0.038401346 0.038448502 0.059656340 0.059025534 0.057728860 0.057876967 0.038898685 0.031662866 0.047238710 0.042740309 0.042571482 0.041214199 0.042218312 0.047251347 0.051103551 0.051055225 0.036748318 0.037368533 0.038513171 0.040842604 0.037614188 0.036776571 0.034248698 0.037483211 0.041765168 0.034005002 0.033487097 0.032731059 0.017312742 0.017698995 0.016755021 0.015580433 0.018760893 0.009780342 0.000000000 0.013604483 0.027302288 0.021528219 0.023641651 0.164571935 
43     0.027975122 0.031513906 0.037641672 0.037692908 0.037532247 0.026123149 0.024916395 0.024223057 0.030335058 0.033191294 0.032247665 0.032161841 0.032208997 0.053416835 0.052786029 0.051489355 0.051637462 0.032659180 0.025423361 0.040997504 0.036499103 0.036330276 0.034972993 0.035977106 0.041010141 0.044862345 0.044814019 0.030507112 0.031127327 0.032271965 0.034601399 0.031372982 0.030535365 0.028007492 0.031242006 0.035525663 0.027763730 0.027245826 0.026489788 0.011186442 0.011572694 0.010634827 0.009222409 0.012397059 0.012504832 0.013604483 0.000000000 0.021040489 0.015272535 0.017385982 0.158330663 
27     0.036910720 0.040449504 0.046577270 0.046628506 0.046467845 0.035058748 0.033851993 0.033158655 0.039295371 0.042151607 0.041207978 0.041122154 0.041169310 0.062377147 0.061746342 0.060449667 0.060597774 0.041619493 0.034383674 0.049955300 0.045456898 0.045288071 0.043930789 0.044934902 0.049967936 0.053820141 0.053771815 0.039464908 0.040085122 0.041229760 0.043559194 0.040330778 0.039493161 0.036965288 0.040199801 0.044485976 0.036707121 0.036189217 0.035433178 0.022493265 0.022891543 0.021943466 0.020839678 0.024874123 0.026221667 0.027302288 0.021040489 0.000000000 0.013997574 0.016256369 0.167234604 
24     0.031148289 0.034687073 0.040814839 0.040866075 0.040705413 0.029296316 0.028089562 0.027396224 0.033532939 0.036389176 0.035445546 0.035359723 0.035406878 0.056614716 0.055983910 0.054687236 0.054835343 0.035857062 0.028621243 0.044192869 0.039694467 0.039525640 0.038168358 0.039172470 0.044205505 0.048057709 0.048009383 0.033702476 0.034322691 0.035467329 0.037796763 0.034568347 0.033730730 0.031202856 0.034437370 0.038723544 0.030944690 0.030426785 0.029670747 0.016720692 0.017118970 0.016170893 0.015071877 0.019106380 0.020447598 0.021528219 0.015272535 0.013997574 0.000000000 0.008595760 0.161472172 
11     0.033268342 0.036807126 0.042934892 0.042986128 0.042825467 0.031416370 0.030209616 0.029516277 0.035652993 0.038509229 0.037565600 0.037479776 0.037526932 0.058734769 0.058103964 0.056807290 0.056955397 0.037977115 0.030741296 0.046312922 0.041814521 0.041645693 0.040288411 0.041292524 0.046325559 0.050177763 0.050129437 0.035822530 0.036442744 0.037587382 0.039916816 0.036688400 0.035850783 0.033322910 0.036557423 0.040843598 0.033064743 0.032546839 0.031790801 0.018835531 0.019233809 0.018285731 0.017190877 0.021219607 0.022561030 0.023641651 0.017385982 0.016256369 0.008595760 0.000000000 0.163592226 
0     0.156227790 0.159782110 0.165905067 0.165956303 0.165795642 0.154402519 0.153195765 0.152501229 0.160232665 0.163069973 0.162125413 0.162039590 0.162086745 0.183457286 0.182826480 0.181529806 0.181677913 0.162696322 0.155416288 0.170850207 0.166351805 0.166223859 0.164866577 0.165870690 0.170903724 0.174751023 0.174702697 0.160389012 0.161009227 0.162155522 0.164476430 0.161248014 0.160441112 0.157902320 0.161136836 0.165407549 0.157574367 0.157056462 0.156300424 0.159839533 0.160217098 0.159292980 0.158152356 0.162205398 0.163487465 0.164571935 0.158330663 0.167234604 0.161472172 0.163592226 0.000000000 
