51
1     0.000000000 0.000090890 0.000763850 0.000763860 0.000746710 0.000000040 0.000408460 0.000431090 0.000943360 0.001014590 0.000900970 0.000895520 0.000887430 0.001438430 0.001538020 0.001260580 0.001263230 0.000995740 0.000727130 0.001102590 0.001011200 0.001101650 0.001041960 0.001079500 0.001126800 0.001179420 0.001082570 0.000863700 0.000862140 0.000901500 0.000989060 0.000906970 0.000894000 0.000757720 0.000931480 0.001094480 0.000702830 0.000678820 0.000651880 0.000910380 0.000919760 0.000841620 0.000837950 0.000876380 0.001014280 0.000992840 0.000812690 0.001114980 0.000900960 0.001055040 0.001635400 
7     0.000090890 0.000000000 0.000744730 0.000744740 0.000727590 0.000189820 0.000392420 0.000460760 0.000927320 0.000998550 0.000884930 0.000821470 0.000871390 0.001422390 0.001521980 0.001244540 0.001247190 0.000979700 0.000711090 0.001086550 0.000995160 0.001085610 0.001025920 0.001063460 0.001110760 0.001163380 0.001066530 0.000847660 0.000846100 0.000885460 0.000973020 0.000890930 0.000877960 0.000741680 0.000915440 0.001078440 0.000686790 0.000662780 0.000635840 0.000894340 0.000903720 0.000825580 0.000821910 0.000860340 0.000998240 0.000976800 0.000796650 0.001098940 0.000884920 0.001039000 0.002337220 
3     0.000763850 0.000744730 0.000000000 0.000006650 0.000032760 0.000687240 0.000638490 0.000706830 0.001173390 0.001244620 0.001131000 0.001125550 0.001117460 0.001668460 0.001768050 0.001490610 0.001493260 0.001225770 0.000957160 0.001332620 0.001241230 0.001331680 0.001271990 0.001309530 0.001356830 0.001409450 0.001312600 0.001093730 0.001092170 0.001131530 0.001219090 0.001137000 0.001124030 0.000987750 0.001161510 0.001324510 0.000932860 0.000908850 0.000881910 0.001140410 0.001149790 0.001071650 0.001067980 0.001106410 0.001244310 0.001222870 0.001042720 0.001345010 0.001130990 0.001285070 0.001906810 
8     0.000763860 0.000744740 0.000006650 0.000000000 0.000035300 0.000687250 0.000638500 0.000706840 0.001173400 0.001244630 0.001131010 0.001125560 0.001117470 0.001668470 0.001768060 0.001490620 0.001493270 0.001225780 0.000957170 0.001332630 0.001241240 0.001331690 0.001272000 0.001309540 0.001356840 0.001409460 0.001312610 0.001093740 0.001092180 0.001131540 0.001219100 0.001137010 0.001124040 0.000987760 0.001161520 0.001324520 0.000932870 0.000908860 0.000881920 0.001140420 0.001149800 0.001071660 0.001067990 0.001106420 0.001244320 0.001222880 0.001042730 0.001345020 0.001131000 0.001285080 0.001344390 
6     0.000746710 0.000727590 0.000032760 0.000035300 0.000000000 0.000670100 0.000621350 0.000689690 0.001156250 0.001227480 0.001113860 0.001108410 0.001100320 0.001651320 0.001750910 0.001473470 0.001476120 0.001208630 0.000940020 0.001315480 0.001224090 0.001314540 0.001254850 0.001292390 0.001339690 0.001392310 0.001295460 0.001076590 0.001075030 0.001114390 0.001201950 0.001119860 0.001106890 0.000970610 0.001144370 0.001307370 0.000915720 0.000891710 0.000864770 0.001123270 0.001132650 0.001054510 0.001050840 0.001089270 0.001227170 0.001205730 0.001025580 0.001327870 0.001113850 0.001267930 0.001283430 
2     0.000000040 0.000189820 0.000687240 0.000687250 0.000670100 0.000000000 0.000064740 0.000248990 0.000807990 0.000879220 0.000765600 0.000760150 0.000752060 0.001303060 0.001402650 0.001125210 0.001127860 0.000860370 0.000591760 0.000967220 0.000875830 0.000966280 0.000906590 0.000944130 0.000991430 0.001044050 0.000947200 0.000728330 0.000726770 0.000766130 0.000853690 0.000771600 0.000758630 0.000622350 0.000796110 0.000959110 0.000567460 0.000543450 0.000516510 0.000775010 0.000784390 0.000706250 0.000702580 0.000741010 0.000878910 0.000857470 0.000677320 0.000979610 0.000765590 0.000919670 0.001437990 
4     0.000408460 0.000392420 0.000638490 0.000638500 0.000621350 0.000064740 0.000000000 0.000062730 0.000759240 0.000830470 0.000716850 0.000711400 0.000703310 0.001254310 0.001353900 0.001076460 0.001079110 0.000811620 0.000543010 0.000918470 0.000827080 0.000917530 0.000857840 0.000895380 0.000942680 0.000995300 0.000898450 0.000679580 0.000678020 0.000717380 0.000804940 0.000722850 0.000709880 0.000573600 0.000747360 0.000910360 0.000518710 0.000494700 0.000467760 0.000726260 0.000735640 0.000657500 0.000653830 0.000692260 0.000830160 0.000808720 0.000628570 0.000930860 0.000716840 0.000870920 0.001400980 
5     0.000431090 0.000460760 0.000706830 0.000706840 0.000689690 0.000248990 0.000062730 0.000000000 0.000827580 0.000898810 0.000785190 0.000779740 0.000771650 0.001322650 0.001422240 0.001144800 0.001147450 0.000879960 0.000611350 0.000986810 0.000895420 0.000985870 0.000926180 0.000963720 0.001011020 0.001063640 0.000966790 0.000747920 0.000746360 0.000785720 0.000873280 0.000791190 0.000778220 0.000641940 0.000815700 0.000978700 0.000587050 0.000563040 0.000536100 0.000794600 0.000803980 0.000725840 0.000722170 0.000760600 0.000898500 0.000877060 0.000696910 0.000999200 0.000785180 0.000939260 0.002192640 
25     0.000943360 0.000927320 0.001173390 0.001173400 0.001156250 0.000807990 0.000759240 0.000827580 0.000000000 0.000021800 0.000581870 0.000011830 0.000471650 0.000497250 0.000496950 0.001152440 0.000015090 0.000887600 0.000471970 0.001236810 0.001145420 0.000703510 0.001155180 0.001011130 0.000761110 0.001313640 0.000561900 0.000997920 0.000996360 0.001035720 0.001123280 0.001041190 0.000032730 0.000891940 0.000609220 0.000395910 0.000837050 0.000813040 0.000232940 0.000929330 0.001099840 0.000903210 0.000871690 0.001056460 0.001078220 0.001172920 0.000992770 0.001295060 0.001081040 0.001235120 0.001179730 
36     0.001014590 0.000998550 0.001244620 0.001244630 0.001227480 0.000879220 0.000830470 0.000898810 0.000021800 0.000000000 0.000049870 0.000031530 0.000136760 0.000725840 0.000725540 0.001223670 0.000243680 0.000958830 0.000543200 0.001308040 0.001216650 0.000932100 0.001247410 0.001239720 0.000989700 0.001384870 0.000790490 0.001069150 0.001067590 0.001106950 0.001194510 0.001112420 0.000261320 0.000963170 0.000837810 0.001085270 0.000908280 0.000884270 0.000857330 0.001157920 0.001171070 0.001092930 0.001089260 0.001127690 0.001265590 0.001244150 0.001064000 0.001366290 0.001152270 0.001306350 0.002130220 
33     0.000900970 0.000884930 0.001131000 0.001131010 0.001113860 0.000765600 0.000716850 0.000785190 0.000581870 0.000049870 0.000000000 0.000000020 0.000000110 0.001287900 0.001387490 0.001110050 0.001005330 0.000845210 0.000429580 0.001194420 0.001103030 0.001193480 0.001133790 0.001171330 0.001218630 0.001271250 0.001174400 0.000955530 0.000953970 0.000993330 0.001080890 0.000998800 0.000985830 0.000849550 0.001023310 0.001186310 0.000794660 0.000770650 0.000743710 0.001048070 0.001057450 0.000979310 0.000975640 0.001014070 0.001151970 0.001130530 0.000950380 0.001252670 0.001038650 0.001192730 0.002222190 
22     0.000895520 0.000821470 0.001125550 0.001125560 0.001108410 0.000760150 0.000711400 0.000779740 0.000011830 0.000031530 0.000000020 0.000000000 0.000000110 0.001282450 0.001382040 0.001104600 0.001005330 0.000839760 0.000424130 0.001188970 0.001097580 0.001188030 0.001128340 0.001165880 0.001213180 0.001265800 0.001168950 0.000950080 0.000948520 0.000987880 0.001075440 0.000993350 0.000980380 0.000844100 0.001017860 0.001180860 0.000789210 0.000765200 0.000738260 0.001042620 0.001052000 0.000973860 0.000970190 0.001008620 0.001146520 0.001125080 0.000944930 0.001247220 0.001033200 0.001187280 0.002197690 
41     0.000887430 0.000871390 0.001117460 0.001117470 0.001100320 0.000752060 0.000703310 0.000771650 0.000471650 0.000136760 0.000000110 0.000000110 0.000000000 0.001274360 0.001373950 0.001096510 0.001005420 0.000831670 0.000416040 0.001180880 0.001089490 0.001179940 0.001120250 0.001157790 0.001205090 0.001257710 0.001160860 0.000941990 0.000940430 0.000979790 0.001067350 0.000985260 0.000972290 0.000836010 0.001009770 0.001172770 0.000781120 0.000757110 0.000657890 0.001034530 0.001043910 0.000965770 0.000962100 0.001000530 0.001138430 0.001116990 0.000936840 0.001239130 0.001025110 0.001179190 0.002253920 
18     0.001438430 0.001422390 0.001668460 0.001668470 0.001651320 0.001303060 0.001254310 0.001322650 0.000497250 0.000725840 0.001287900 0.001282450 0.001274360 0.000000000 0.000000300 0.001117230 0.000491440 0.000952370 0.000983060 0.001731880 0.001640490 0.001188600 0.001302520 0.001331020 0.001246200 0.001549910 0.001046990 0.001487170 0.001491430 0.001530790 0.001618350 0.001536260 0.000517820 0.001387010 0.001094310 0.001341770 0.001332120 0.001308110 0.001281170 0.001414420 0.001594910 0.001388300 0.001356780 0.001551530 0.001563310 0.001667990 0.001487840 0.001790130 0.001576110 0.001730190 0.001185070 
49     0.001538020 0.001521980 0.001768050 0.001768060 0.001750910 0.001402650 0.001353900 0.001422240 0.000496950 0.000725540 0.001387490 0.001382040 0.001373950 0.000000300 0.000000000 0.001216820 0.000491140 0.000380410 0.000405760 0.001831470 0.001740080 0.001188300 0.001386480 0.001414980 0.001245900 0.001633870 0.001046690 0.001571130 0.001576610 0.001630380 0.001717940 0.001635850 0.000517520 0.001486600 0.001094010 0.001341470 0.001431710 0.001341670 0.001334670 0.001414120 0.001694500 0.001388000 0.001356480 0.001651120 0.001563010 0.001767580 0.001587430 0.001889720 0.001675700 0.001829780 0.001269030 
26     0.001260580 0.001244540 0.001490610 0.001490620 0.001473470 0.001125210 0.001076460 0.001144800 0.001152440 0.001223670 0.001110050 0.001104600 0.001096510 0.001117230 0.001216820 0.000000000 0.000000100 0.000774520 0.000936210 0.001554030 0.001462640 0.001553090 0.001493400 0.001530940 0.001578240 0.001630860 0.001534010 0.001315140 0.001313580 0.001352940 0.001440500 0.001358410 0.001345440 0.001209160 0.001382920 0.001545920 0.001154270 0.001130260 0.001103320 0.001407680 0.001417060 0.001338920 0.001335250 0.001373680 0.001511580 0.001490140 0.001309990 0.001612280 0.001398260 0.001552340 0.003236410 
19     0.001263230 0.001247190 0.001493260 0.001493270 0.001476120 0.001127860 0.001079110 0.001147450 0.000015090 0.000243680 0.001005330 0.001005330 0.001005420 0.000491440 0.000491140 0.000000100 0.000000000 0.000777170 0.000938860 0.001556680 0.001465290 0.000706440 0.001496050 0.001014060 0.000764040 0.001317200 0.000564830 0.001317790 0.001316230 0.001355590 0.001443150 0.001361060 0.000035660 0.001211810 0.000612150 0.000859610 0.001156920 0.000859810 0.000852810 0.000932260 0.001419710 0.000906140 0.000874620 0.001376330 0.001081150 0.001492790 0.001312640 0.001614930 0.001400910 0.001554990 0.003293570 
48     0.000995740 0.000979700 0.001225770 0.001225780 0.001208630 0.000860370 0.000811620 0.000879960 0.000887600 0.000958830 0.000845210 0.000839760 0.000831670 0.000952370 0.000380410 0.000774520 0.000777170 0.000000000 0.000150850 0.001289190 0.001197800 0.001288250 0.001228560 0.001266100 0.001313400 0.001366020 0.001269170 0.001050300 0.001048740 0.001088100 0.001175660 0.001093570 0.001080600 0.000944320 0.001118080 0.001281080 0.000889430 0.000865420 0.000545170 0.001142840 0.001152220 0.001074080 0.001070410 0.001108840 0.001246740 0.001225300 0.001045150 0.001347440 0.001133420 0.001287500 0.002569620 
40     0.000727130 0.000711090 0.000957160 0.000957170 0.000940020 0.000591760 0.000543010 0.000611350 0.000471970 0.000543200 0.000429580 0.000424130 0.000416040 0.000983060 0.000405760 0.000936210 0.000938860 0.000150850 0.000000000 0.001020580 0.000917870 0.001019640 0.000501880 0.000530380 0.000482620 0.000749270 0.001000560 0.000686530 0.000692010 0.000819490 0.000907050 0.000822370 0.000811990 0.000675710 0.000849470 0.000598960 0.000620820 0.000596810 0.000569870 0.000874230 0.000883610 0.000805470 0.000801800 0.000840230 0.000978130 0.000956690 0.000776540 0.001078830 0.000864810 0.000773620 0.000525730 
10     0.001102590 0.001086550 0.001332620 0.001332630 0.001315480 0.000967220 0.000918470 0.000986810 0.001236810 0.001308040 0.001194420 0.001188970 0.001180880 0.001731880 0.001831470 0.001554030 0.001556680 0.001289190 0.001020580 0.000000000 0.000258530 0.000136530 0.000740710 0.000778250 0.000825550 0.000913150 0.000816300 0.000668870 0.000667310 0.000706670 0.000794230 0.000712140 0.000699170 0.000562890 0.000736650 0.001073790 0.000873340 0.000849330 0.000822390 0.001249690 0.001259070 0.001180930 0.001177260 0.001215690 0.001353590 0.001332150 0.001152000 0.001454290 0.001240270 0.001394350 0.005228720 
15     0.001011200 0.000995160 0.001241230 0.001241240 0.001224090 0.000875830 0.000827080 0.000895420 0.001145420 0.001216650 0.001103030 0.001097580 0.001089490 0.001640490 0.001740080 0.001462640 0.001465290 0.001197800 0.000917870 0.000258530 0.000000000 0.000709010 0.000649320 0.000686860 0.000734160 0.000337260 0.000724910 0.000577480 0.000575920 0.000615280 0.000702840 0.000495780 0.000607780 0.000471500 0.000645260 0.000982400 0.000781950 0.000757940 0.000731000 0.001158300 0.001167680 0.001089540 0.001085870 0.001124300 0.001262200 0.001240760 0.001060610 0.001362900 0.001148880 0.001302960 0.001261180 
16     0.001101650 0.001085610 0.001331680 0.001331690 0.001314540 0.000966280 0.000917530 0.000985870 0.000703510 0.000932100 0.001193480 0.001188030 0.001179940 0.001188600 0.001188300 0.001553090 0.000706440 0.001288250 0.001019640 0.000136530 0.000709010 0.000000000 0.000269820 0.000329260 0.000079240 0.000831740 0.000815360 0.000667750 0.000601100 0.000697430 0.000793290 0.000711200 0.000626880 0.000314110 0.000624680 0.001072850 0.000872400 0.000848390 0.000821450 0.001248750 0.001258130 0.001179990 0.001176320 0.001214750 0.001352650 0.001331210 0.001151060 0.001453350 0.001239330 0.001393410 0.002332100 
13     0.001041960 0.001025920 0.001271990 0.001272000 0.001254850 0.000906590 0.000857840 0.000926180 0.001155180 0.001247410 0.001133790 0.001128340 0.001120250 0.001302520 0.001386480 0.001493400 0.001496050 0.001228560 0.000501880 0.000740710 0.000649320 0.000269820 0.000000000 0.000006960 0.000015380 0.000653530 0.000755670 0.000590790 0.000596270 0.000552580 0.000733600 0.000651510 0.000638540 0.000502260 0.000676020 0.000807360 0.000812710 0.000788700 0.000761760 0.001189060 0.001198440 0.001120300 0.001116630 0.001155060 0.001292960 0.001271520 0.001091370 0.001393660 0.001179640 0.001333720 0.000845190 
29     0.001079500 0.001063460 0.001309530 0.001309540 0.001292390 0.000944130 0.000895380 0.000963720 0.001011130 0.001239720 0.001171330 0.001165880 0.001157790 0.001331020 0.001414980 0.001530940 0.001014060 0.001266100 0.000530380 0.000778250 0.000686860 0.000329260 0.000006960 0.000000000 0.000051290 0.000682030 0.000793210 0.000619290 0.000624770 0.000467190 0.000771140 0.000652580 0.000676080 0.000539800 0.000713560 0.000835860 0.000850250 0.000826240 0.000799300 0.001226600 0.001235980 0.001157840 0.001154170 0.001192600 0.001330500 0.001309060 0.001128910 0.001431200 0.001217180 0.001371260 0.000873690 
39     0.001126800 0.001110760 0.001356830 0.001356840 0.001339690 0.000991430 0.000942680 0.001011020 0.000761110 0.000989700 0.001218630 0.001213180 0.001205090 0.001246200 0.001245900 0.001578240 0.000764040 0.001313400 0.000482620 0.000825550 0.000734160 0.000079240 0.000015380 0.000051290 0.000000000 0.000634270 0.000840510 0.000571530 0.000577010 0.000631830 0.000818440 0.000707370 0.000723380 0.000587100 0.000760860 0.000788100 0.000897550 0.000873540 0.000846600 0.001273900 0.001283280 0.001205140 0.001201470 0.001239900 0.001377800 0.001356360 0.001176210 0.001478500 0.001264480 0.001418560 0.000825930 
45     0.001179420 0.001163380 0.001409450 0.001409460 0.001392310 0.001044050 0.000995300 0.001063640 0.001313640 0.001384870 0.001271250 0.001265800 0.001257710 0.001549910 0.001633870 0.001630860 0.001317200 0.001366020 0.000749270 0.000913150 0.000337260 0.000831740 0.000653530 0.000682030 0.000634270 0.000000000 0.000016800 0.000442400 0.000447880 0.000783500 0.000656280 0.000327180 0.000456900 0.000354710 0.000704610 0.001054750 0.000950170 0.000926160 0.000899220 0.001326520 0.001335900 0.001257760 0.001254090 0.001292520 0.001430420 0.001408980 0.001228830 0.001531120 0.001317100 0.001471180 0.001092580 
46     0.001082570 0.001066530 0.001312600 0.001312610 0.001295460 0.000947200 0.000898450 0.000966790 0.000561900 0.000790490 0.001174400 0.001168950 0.001160860 0.001046990 0.001046690 0.001534010 0.000564830 0.001269170 0.001000560 0.000816300 0.000724910 0.000815360 0.000755670 0.000793210 0.000840510 0.000016800 0.000000000 0.000648850 0.000647290 0.000686650 0.000647100 0.000334030 0.000447720 0.000345530 0.000716630 0.001053770 0.000853320 0.000829310 0.000802370 0.001229670 0.001239050 0.001160910 0.001157240 0.001195670 0.001333570 0.001312130 0.001131980 0.001434270 0.001220250 0.001374330 0.002175620 
9     0.000863700 0.000847660 0.001093730 0.001093740 0.001076590 0.000728330 0.000679580 0.000747920 0.000997920 0.001069150 0.000955530 0.000950080 0.000941990 0.001487170 0.001571130 0.001315140 0.001317790 0.001050300 0.000686530 0.000668870 0.000577480 0.000667750 0.000590790 0.000619290 0.000571530 0.000442400 0.000648850 0.000000000 0.000015160 0.000240150 0.000502100 0.000420010 0.000414260 0.000277980 0.000431960 0.000834900 0.000634450 0.000610440 0.000583500 0.001010800 0.001020180 0.000942040 0.000938370 0.000976800 0.001114700 0.001093260 0.000913110 0.001215400 0.001001380 0.001155460 0.001029840 
31     0.000862140 0.000846100 0.001092170 0.001092180 0.001075030 0.000726770 0.000678020 0.000746360 0.000996360 0.001067590 0.000953970 0.000948520 0.000940430 0.001491430 0.001576610 0.001313580 0.001316230 0.001048740 0.000692010 0.000667310 0.000575920 0.000601100 0.000596270 0.000624770 0.000577010 0.000447880 0.000647290 0.000015160 0.000000000 0.000003550 0.000500540 0.000418450 0.000412700 0.000276420 0.000430400 0.000833340 0.000632890 0.000608880 0.000581940 0.001009240 0.001018620 0.000940480 0.000936810 0.000975240 0.001113140 0.001091700 0.000911550 0.001213840 0.000999820 0.001153900 0.001035320 
12     0.000901500 0.000885460 0.001131530 0.001131540 0.001114390 0.000766130 0.000717380 0.000785720 0.001035720 0.001106950 0.000993330 0.000987880 0.000979790 0.001530790 0.001630380 0.001352940 0.001355590 0.001088100 0.000819490 0.000706670 0.000615280 0.000697430 0.000552580 0.000467190 0.000631830 0.000783500 0.000686650 0.000240150 0.000003550 0.000000000 0.000539900 0.000253570 0.000452060 0.000277880 0.000469760 0.000872700 0.000672250 0.000648240 0.000621300 0.001048600 0.001057980 0.000979840 0.000976170 0.001014600 0.001152500 0.001131060 0.000950910 0.001253200 0.001039180 0.001193260 0.001574320 
38     0.000989060 0.000973020 0.001219090 0.001219100 0.001201950 0.000853690 0.000804940 0.000873280 0.001123280 0.001194510 0.001080890 0.001075440 0.001067350 0.001618350 0.001717940 0.001440500 0.001443150 0.001175660 0.000907050 0.000794230 0.000702840 0.000793290 0.000733600 0.000771140 0.000818440 0.000656280 0.000647100 0.000502100 0.000500540 0.000539900 0.000000000 0.000142710 0.000450960 0.000348770 0.000569880 0.000960260 0.000759810 0.000735800 0.000708860 0.001136160 0.001145540 0.001067400 0.001063730 0.001102160 0.001240060 0.001218620 0.001038470 0.001340760 0.001126740 0.001280820 0.001691440 
17     0.000906970 0.000890930 0.001137000 0.001137010 0.001119860 0.000771600 0.000722850 0.000791190 0.001041190 0.001112420 0.000998800 0.000993350 0.000985260 0.001536260 0.001635850 0.001358410 0.001361060 0.001093570 0.000822370 0.000712140 0.000495780 0.000711200 0.000651510 0.000652580 0.000707370 0.000327180 0.000334030 0.000420010 0.000418450 0.000253570 0.000142710 0.000000000 0.000137890 0.000035700 0.000487790 0.000878170 0.000677720 0.000653710 0.000626770 0.001054070 0.001063450 0.000985310 0.000981640 0.001020070 0.001157970 0.001136530 0.000956380 0.001258670 0.001044650 0.001198730 0.001165680 
23     0.000894000 0.000877960 0.001124030 0.001124040 0.001106890 0.000758630 0.000709880 0.000778220 0.000032730 0.000261320 0.000985830 0.000980380 0.000972290 0.000517820 0.000517520 0.001345440 0.000035660 0.001080600 0.000811990 0.000699170 0.000607780 0.000626880 0.000638540 0.000676080 0.000723380 0.000456900 0.000447720 0.000414260 0.000412700 0.000452060 0.000450960 0.000137890 0.000000000 0.000034610 0.000047340 0.000856810 0.000664750 0.000640740 0.000613800 0.000929460 0.001050480 0.000903340 0.000871820 0.001007100 0.001078350 0.001123560 0.000943410 0.001245700 0.001031680 0.001185760 0.001209460 
30     0.000757720 0.000741680 0.000987750 0.000987760 0.000970610 0.000622350 0.000573600 0.000641940 0.000891940 0.000963170 0.000849550 0.000844100 0.000836010 0.001387010 0.001486600 0.001209160 0.001211810 0.000944320 0.000675710 0.000562890 0.000471500 0.000314110 0.000502260 0.000539800 0.000587100 0.000354710 0.000345530 0.000277980 0.000276420 0.000277880 0.000348770 0.000035700 0.000034610 0.000000000 0.000061190 0.000728920 0.000528470 0.000504460 0.000477520 0.000904820 0.000914200 0.000836060 0.000832390 0.000870820 0.001008720 0.000987280 0.000807130 0.001109420 0.000895400 0.001049480 0.001889250 
50     0.000931480 0.000915440 0.001161510 0.001161520 0.001144370 0.000796110 0.000747360 0.000815700 0.000609220 0.000837810 0.001023310 0.001017860 0.001009770 0.001094310 0.001094010 0.001382920 0.000612150 0.001118080 0.000849470 0.000736650 0.000645260 0.000624680 0.000676020 0.000713560 0.000760860 0.000704610 0.000716630 0.000431960 0.000430400 0.000469760 0.000569880 0.000487790 0.000047340 0.000061190 0.000000000 0.000902680 0.000702230 0.000678220 0.000651280 0.001078580 0.001087960 0.001009820 0.001006150 0.001044580 0.001182480 0.001161040 0.000980890 0.001283180 0.001069160 0.001223240 0.001292050 
37     0.001094480 0.001078440 0.001324510 0.001324520 0.001307370 0.000959110 0.000910360 0.000978700 0.000395910 0.001085270 0.001186310 0.001180860 0.001172770 0.001341770 0.001341470 0.001545920 0.000859610 0.001281080 0.000598960 0.001073790 0.000982400 0.001072850 0.000807360 0.000835860 0.000788100 0.001054750 0.001053770 0.000834900 0.000833340 0.000872700 0.000960260 0.000878170 0.000856810 0.000728920 0.000902680 0.000000000 0.000865230 0.000013800 0.000006800 0.000086250 0.001250960 0.000060130 0.000028610 0.001207580 0.000235140 0.001324040 0.001143890 0.001357100 0.001232160 0.001262390 0.000942270 
47     0.000702830 0.000686790 0.000932860 0.000932870 0.000915720 0.000567460 0.000518710 0.000587050 0.000837050 0.000908280 0.000794660 0.000789210 0.000781120 0.001332120 0.001431710 0.001154270 0.001156920 0.000889430 0.000620820 0.000873340 0.000781950 0.000872400 0.000812710 0.000850250 0.000897550 0.000950170 0.000853320 0.000634450 0.000632890 0.000672250 0.000759810 0.000677720 0.000664750 0.000528470 0.000702230 0.000865230 0.000000000 0.000000910 0.000115720 0.000849930 0.000859310 0.000781170 0.000777500 0.000815930 0.000953830 0.000932390 0.000752240 0.001054530 0.000840510 0.000994590 0.001546060 
21     0.000678820 0.000662780 0.000908850 0.000908860 0.000891710 0.000543450 0.000494700 0.000563040 0.000813040 0.000884270 0.000770650 0.000765200 0.000757110 0.001308110 0.001341670 0.001130260 0.000859810 0.000865420 0.000596810 0.000849330 0.000757940 0.000848390 0.000788700 0.000826240 0.000873540 0.000926160 0.000829310 0.000610440 0.000608880 0.000648240 0.000735800 0.000653710 0.000640740 0.000504460 0.000678220 0.000013800 0.000000910 0.000000000 0.000007000 0.000086450 0.000835300 0.000060330 0.000028810 0.000791920 0.000235340 0.000908380 0.000728230 0.001030520 0.000816500 0.000970580 0.002056020 
20     0.000651880 0.000635840 0.000881910 0.000881920 0.000864770 0.000516510 0.000467760 0.000536100 0.000232940 0.000857330 0.000743710 0.000738260 0.000657890 0.001281170 0.001334670 0.001103320 0.000852810 0.000545170 0.000569870 0.000822390 0.000731000 0.000821450 0.000761760 0.000799300 0.000846600 0.000899220 0.000802370 0.000583500 0.000581940 0.000621300 0.000708860 0.000626770 0.000613800 0.000477520 0.000651280 0.000006800 0.000115720 0.000007000 0.000000000 0.000079450 0.000808360 0.000053330 0.000021810 0.000764980 0.000228340 0.000881440 0.000701290 0.001003580 0.000789560 0.000943640 0.003125440 
42     0.000910380 0.000894340 0.001140410 0.001140420 0.001123270 0.000775010 0.000726260 0.000794600 0.000929330 0.001157920 0.001048070 0.001042620 0.001034530 0.001414420 0.001414120 0.001407680 0.000932260 0.001142840 0.000874230 0.001249690 0.001158300 0.001248750 0.001189060 0.001226600 0.001273900 0.001326520 0.001229670 0.001010800 0.001009240 0.001048600 0.001136160 0.001054070 0.000929460 0.000904820 0.001078580 0.000086250 0.000849930 0.000086450 0.000079450 0.000000000 0.000039760 0.000026160 0.000096480 0.000441700 0.000303010 0.000491680 0.000311530 0.000647240 0.000433220 0.000587300 0.002500770 
14     0.000919760 0.000903720 0.001149790 0.001149800 0.001132650 0.000784390 0.000735640 0.000803980 0.001099840 0.001171070 0.001057450 0.001052000 0.001043910 0.001594910 0.001694500 0.001417060 0.001419710 0.001152220 0.000883610 0.001259070 0.001167680 0.001258130 0.001198440 0.001235980 0.001283280 0.001335900 0.001239050 0.001020180 0.001018620 0.001057980 0.001145540 0.001063450 0.001050480 0.000914200 0.001087960 0.001250960 0.000859310 0.000835300 0.000808360 0.000039760 0.000000000 0.000059090 0.000321560 0.000451080 0.000522500 0.000501060 0.000320910 0.000656620 0.000442600 0.000596680 0.002112480 
34     0.000841620 0.000825580 0.001071650 0.001071660 0.001054510 0.000706250 0.000657500 0.000725840 0.000903210 0.001092930 0.000979310 0.000973860 0.000965770 0.001388300 0.001388000 0.001338920 0.000906140 0.001074080 0.000805470 0.001180930 0.001089540 0.001179990 0.001120300 0.001157840 0.001205140 0.001257760 0.001160910 0.000942040 0.000940480 0.000979840 0.001067400 0.000985310 0.000903340 0.000836060 0.001009820 0.000060130 0.000781170 0.000060330 0.000053330 0.000026160 0.000059090 0.000000000 0.000070360 0.000176420 0.000276890 0.000270120 0.000103150 0.000578480 0.000364460 0.000518540 0.001489050 
44     0.000837950 0.000821910 0.001067980 0.001067990 0.001050840 0.000702580 0.000653830 0.000722170 0.000871690 0.001089260 0.000975640 0.000970190 0.000962100 0.001356780 0.001356480 0.001335250 0.000874620 0.001070410 0.000801800 0.001177260 0.001085870 0.001176320 0.001116630 0.001154170 0.001201470 0.001254090 0.001157240 0.000938370 0.000936810 0.000976170 0.001063730 0.000981640 0.000871820 0.000832390 0.001006150 0.000028610 0.000777500 0.000028810 0.000021810 0.000096480 0.000321560 0.000070360 0.000000000 0.000369270 0.000245370 0.000427070 0.000020710 0.000574810 0.000360790 0.000445520 0.000967380 
35     0.000876380 0.000860340 0.001106410 0.001106420 0.001089270 0.000741010 0.000692260 0.000760600 0.001056460 0.001127690 0.001014070 0.001008620 0.001000530 0.001551530 0.001651120 0.001373680 0.001376330 0.001108840 0.000840230 0.001215690 0.001124300 0.001214750 0.001155060 0.001192600 0.001239900 0.001292520 0.001195670 0.000976800 0.000975240 0.001014600 0.001102160 0.001020070 0.001007100 0.000870820 0.001044580 0.001207580 0.000815930 0.000791920 0.000764980 0.000441700 0.000451080 0.000176420 0.000369270 0.000000000 0.000291400 0.000233800 0.000073970 0.000646300 0.000432280 0.000586360 0.003782700 
28     0.001014280 0.000998240 0.001244310 0.001244320 0.001227170 0.000878910 0.000830160 0.000898500 0.001078220 0.001265590 0.001151970 0.001146520 0.001138430 0.001563310 0.001563010 0.001511580 0.001081150 0.001246740 0.000978130 0.001353590 0.001262200 0.001352650 0.001292960 0.001330500 0.001377800 0.001430420 0.001333570 0.001114700 0.001113140 0.001152500 0.001240060 0.001157970 0.001078350 0.001008720 0.001182480 0.000235140 0.000953830 0.000235340 0.000228340 0.000303010 0.000522500 0.000276890 0.000245370 0.000291400 0.000000000 0.000083100 0.000207720 0.000751140 0.000537120 0.000691200 0.003553970 
32     0.000992840 0.000976800 0.001222870 0.001222880 0.001205730 0.000857470 0.000808720 0.000877060 0.001172920 0.001244150 0.001130530 0.001125080 0.001116990 0.001667990 0.001767580 0.001490140 0.001492790 0.001225300 0.000956690 0.001332150 0.001240760 0.001331210 0.001271520 0.001309060 0.001356360 0.001408980 0.001312130 0.001093260 0.001091700 0.001131060 0.001218620 0.001136530 0.001123560 0.000987280 0.001161040 0.001324040 0.000932390 0.000908380 0.000881440 0.000491680 0.000501060 0.000270120 0.000427070 0.000233800 0.000083100 0.000000000 0.000125190 0.000729700 0.000515680 0.000669760 0.004148580 
43     0.000812690 0.000796650 0.001042720 0.001042730 0.001025580 0.000677320 0.000628570 0.000696910 0.000992770 0.001064000 0.000950380 0.000944930 0.000936840 0.001487840 0.001587430 0.001309990 0.001312640 0.001045150 0.000776540 0.001152000 0.001060610 0.001151060 0.001091370 0.001128910 0.001176210 0.001228830 0.001131980 0.000913110 0.000911550 0.000950910 0.001038470 0.000956380 0.000943410 0.000807130 0.000980890 0.001143890 0.000752240 0.000728230 0.000701290 0.000311530 0.000320910 0.000103150 0.000020710 0.000073970 0.000207720 0.000125190 0.000000000 0.000549550 0.000335530 0.000489610 0.002577960 
27     0.001114980 0.001098940 0.001345010 0.001345020 0.001327870 0.000979610 0.000930860 0.000999200 0.001295060 0.001366290 0.001252670 0.001247220 0.001239130 0.001790130 0.001889720 0.001612280 0.001614930 0.001347440 0.001078830 0.001454290 0.001362900 0.001453350 0.001393660 0.001431200 0.001478500 0.001531120 0.001434270 0.001215400 0.001213840 0.001253200 0.001340760 0.001258670 0.001245700 0.001109420 0.001283180 0.001357100 0.001054530 0.001030520 0.001003580 0.000647240 0.000656620 0.000578480 0.000574810 0.000646300 0.000751140 0.000729700 0.000549550 0.000000000 0.000017980 0.000112230 0.001653390 
24     0.000900960 0.000884920 0.001130990 0.001131000 0.001113850 0.000765590 0.000716840 0.000785180 0.001081040 0.001152270 0.001038650 0.001033200 0.001025110 0.001576110 0.001675700 0.001398260 0.001400910 0.001133420 0.000864810 0.001240270 0.001148880 0.001239330 0.001179640 0.001217180 0.001264480 0.001317100 0.001220250 0.001001380 0.000999820 0.001039180 0.001126740 0.001044650 0.001031680 0.000895400 0.001069160 0.001232160 0.000840510 0.000816500 0.000789560 0.000433220 0.000442600 0.000364460 0.000360790 0.000432280 0.000537120 0.000515680 0.000335530 0.000017980 0.000000000 0.000148520 0.001409650 
11     0.001055040 0.001039000 0.001285070 0.001285080 0.001267930 0.000919670 0.000870920 0.000939260 0.001235120 0.001306350 0.001192730 0.001187280 0.001179190 0.001730190 0.001829780 0.001552340 0.001554990 0.001287500 0.000773620 0.001394350 0.001302960 0.001393410 0.001333720 0.001371260 0.001418560 0.001471180 0.001374330 0.001155460 0.001153900 0.001193260 0.001280820 0.001198730 0.001185760 0.001049480 0.001223240 0.001262390 0.000994590 0.000970580 0.000943640 0.000587300 0.000596680 0.000518540 0.000445520 0.000586360 0.000691200 0.000669760 0.000489610 0.000112230 0.000148520 0.000000000 0.000588380 
0     0.001635400 0.002337220 0.001906810 0.001344390 0.001283430 0.001437990 0.001400980 0.002192640 0.001179730 0.002130220 0.002222190 0.002197690 0.002253920 0.001185070 0.001269030 0.003236410 0.003293570 0.002569620 0.000525730 0.005228720 0.001261180 0.002332100 0.000845190 0.000873690 0.000825930 0.001092580 0.002175620 0.001029840 0.001035320 0.001574320 0.001691440 0.001165680 0.001209460 0.001889250 0.001292050 0.000942270 0.001546060 0.002056020 0.003125440 0.002500770 0.002112480 0.001489050 0.000967380 0.003782700 0.003553970 0.004148580 0.002577960 0.001653390 0.001409650 0.000588380 0.000000000 
