51
6     0.000000000 0.007070987 0.006835732 0.006510877 0.009503673 0.009526942 0.009414315 0.010289025 0.010150207 0.008466985 0.008608329 0.009154157 0.009360971 0.009701559 0.008762419 0.009450146 0.008917064 0.011045941 0.009788385 0.011608928 0.009328562 0.009896428 0.010739843 0.013562779 0.013558667 0.010034741 0.009633992 0.013503131 0.013498764 0.011156842 0.011459382 0.011262307 0.010106027 0.009211061 0.009853952 0.010440016 0.010498761 0.013243951 0.020532216 0.021139743 0.020865972 0.021736818 0.021234655 0.021536651 0.020802152 0.021738646 0.021342014 0.020933371 0.021132469 0.020555812 0.015718477 
29     0.007070987 0.000000000 0.006472147 0.005930730 0.009911744 0.009855733 0.009776679 0.010423779 0.010591805 0.008801723 0.008957966 0.009465375 0.009743610 0.010180972 0.009137160 0.010133037 0.009456176 0.011609581 0.010284180 0.012199359 0.009763896 0.010218990 0.011254979 0.014021190 0.014017760 0.010682049 0.010158622 0.014323260 0.014178755 0.011562970 0.011838345 0.011590978 0.010363604 0.009506147 0.010291804 0.010941740 0.011027779 0.013692326 0.021137350 0.021768321 0.021606759 0.022254092 0.021673908 0.022100162 0.021144208 0.022605404 0.022024936 0.021810009 0.021703884 0.021305316 0.016398549 
9     0.006835732 0.006472147 0.000000000 0.002468828 0.009875224 0.009817394 0.009691794 0.010474467 0.010499864 0.008487986 0.008668062 0.009433740 0.009659468 0.009870766 0.008922271 0.009900209 0.009329756 0.011243064 0.009996546 0.011769420 0.009359401 0.010367137 0.011133299 0.013952064 0.013937837 0.010570960 0.010149985 0.013913332 0.013871041 0.011351033 0.011456374 0.011225127 0.010016576 0.009197684 0.010099122 0.010837237 0.010814829 0.013548969 0.020693030 0.021335826 0.020975303 0.021886872 0.021152478 0.021708401 0.020738429 0.022180076 0.021613726 0.021409721 0.021284285 0.020833259 0.016442156 
7     0.006510877 0.005930730 0.002468828 0.000000000 0.009538621 0.009493918 0.009380978 0.010172577 0.010217669 0.008219169 0.008394303 0.009124705 0.009256696 0.009704056 0.008643564 0.009643392 0.009083169 0.011151480 0.009802377 0.011650189 0.009262119 0.010000516 0.010848525 0.013727744 0.013714909 0.010149116 0.009739812 0.013561511 0.013531443 0.010949623 0.011340061 0.011125026 0.009657146 0.008847782 0.009779824 0.010390756 0.010410385 0.013195993 0.020409316 0.021119015 0.020861689 0.021599118 0.021000679 0.021549240 0.020717068 0.022068382 0.021593396 0.021293786 0.021166856 0.020832496 0.015964846 
2     0.009503673 0.009911744 0.009875224 0.009538621 0.000000000 0.002410451 0.002779796 0.004935698 0.004777808 0.003107380 0.003212273 0.003767113 0.004053705 0.009380884 0.008221732 0.009051361 0.008378445 0.010681987 0.009355390 0.011245456 0.008796970 0.009331324 0.010244908 0.013185487 0.013182893 0.010845654 0.010455228 0.014640412 0.014672547 0.011783599 0.011899642 0.011645148 0.010639176 0.009826916 0.010869854 0.011380246 0.011429143 0.014361093 0.021651281 0.022064312 0.021942304 0.022775825 0.022208636 0.022804723 0.021925180 0.023178245 0.022705257 0.022431130 0.022490479 0.021630855 0.016897336 
30     0.009526942 0.009855733 0.009817394 0.009493918 0.002410451 0.000000000 0.002767745 0.004883689 0.004718063 0.003054108 0.003158069 0.003624386 0.003964606 0.009314468 0.008133757 0.009006730 0.008335346 0.010612325 0.009272776 0.011187111 0.008752117 0.009291796 0.010174243 0.013112002 0.013109305 0.010714261 0.010326012 0.014541804 0.014570471 0.011732689 0.011820857 0.011565520 0.010590907 0.009788393 0.010792113 0.011295330 0.011350840 0.014308600 0.021495296 0.021928726 0.021793700 0.022633608 0.022057238 0.022748093 0.021779403 0.023020117 0.022545376 0.022264733 0.022265141 0.021455714 0.016815124 
11     0.009414315 0.009776679 0.009691794 0.009380978 0.002779796 0.002767745 0.000000000 0.004722012 0.004580014 0.002906966 0.002987212 0.003562955 0.003830214 0.009089608 0.007920236 0.008786112 0.008098910 0.010400263 0.009062513 0.010979465 0.008552468 0.009125736 0.009942795 0.012886536 0.012881272 0.010640968 0.010243550 0.014412727 0.014445487 0.011560550 0.011647891 0.011427869 0.010445181 0.009639721 0.010517301 0.011097359 0.011146398 0.014025415 0.021333165 0.021767514 0.021623142 0.022447046 0.021880851 0.022467375 0.021596925 0.022846140 0.022371248 0.022099673 0.022098918 0.021288191 0.016715337 
20     0.010289025 0.010423779 0.010474467 0.010172577 0.004935698 0.004883689 0.004722012 0.000000000 0.005547538 0.003919531 0.003986995 0.004577849 0.004603477 0.009960455 0.008809036 0.009447750 0.008833315 0.011183031 0.009855683 0.011774218 0.009331522 0.010046226 0.010951950 0.013836939 0.013832501 0.011393644 0.010990120 0.015021398 0.015059653 0.012463845 0.012460383 0.012227285 0.011096631 0.010272698 0.011448972 0.011916251 0.011965170 0.014842840 0.021778286 0.022259606 0.022120998 0.022872260 0.022238221 0.022961274 0.021966582 0.023241846 0.022705238 0.022456949 0.022452949 0.021743829 0.017134938 
21     0.010150207 0.010591805 0.010499864 0.010217669 0.004777808 0.004718063 0.004580014 0.005547538 0.000000000 0.003746354 0.003852098 0.004386716 0.004681946 0.009895389 0.008722413 0.009606360 0.008995494 0.011193261 0.009849692 0.011774809 0.009331717 0.009916226 0.010814613 0.013713913 0.013717018 0.011450237 0.011043097 0.015242665 0.015276110 0.012422781 0.012442688 0.012226573 0.011260053 0.010447866 0.011422033 0.011972398 0.012021397 0.014888687 0.022211039 0.022613869 0.022490032 0.023330376 0.022784185 0.023389460 0.022513005 0.023743626 0.023250386 0.023048840 0.023047264 0.022230675 0.017500759 
8     0.008466985 0.008801723 0.008487986 0.008219169 0.003107380 0.003054108 0.002906966 0.003919531 0.003746354 0.000000000 0.000759134 0.002701722 0.003026637 0.008085066 0.006975782 0.007948612 0.007297131 0.009420741 0.008086007 0.010025942 0.007522897 0.008231645 0.008969398 0.011873757 0.011870829 0.009643696 0.009247599 0.013155611 0.013192121 0.010586978 0.010645335 0.010410643 0.009533501 0.008713954 0.009742542 0.010310124 0.010356988 0.013183877 0.020264613 0.020804160 0.020668045 0.021403541 0.020811255 0.021402157 0.020573841 0.021803263 0.021289694 0.021091498 0.021035314 0.020329391 0.015809341 
5     0.008608329 0.008957966 0.008668062 0.008394303 0.003212273 0.003158069 0.002987212 0.003986995 0.003852098 0.000759134 0.000000000 0.002787917 0.003099867 0.008286836 0.007168236 0.008115029 0.007465861 0.009564961 0.008241505 0.010164786 0.007685624 0.008361897 0.009130166 0.012060274 0.012057346 0.009749434 0.009371606 0.013302024 0.013333881 0.010754181 0.010787029 0.010553559 0.009670607 0.008875494 0.009832196 0.010396212 0.010441382 0.013292114 0.020369478 0.020908673 0.020770327 0.021510316 0.020921473 0.021499569 0.020656396 0.021931099 0.021399932 0.021187172 0.021185891 0.020450428 0.015964478 
17     0.009154157 0.009465375 0.009433740 0.009124705 0.003767113 0.003624386 0.003562955 0.004577849 0.004386716 0.002701722 0.002787917 0.000000000 0.002984218 0.008802690 0.007660594 0.008493227 0.007795686 0.010090826 0.008761829 0.010702665 0.008249820 0.008870303 0.009672252 0.012629182 0.012626163 0.010339736 0.009934949 0.014130167 0.014145477 0.011177485 0.011433711 0.011208331 0.010167435 0.009389878 0.010374868 0.010910303 0.010959236 0.013867711 0.020874155 0.021339181 0.021182164 0.022011830 0.021469314 0.022043045 0.021194927 0.022397756 0.021869177 0.021670264 0.021652326 0.020918359 0.016328052 
15     0.009360971 0.009743610 0.009659468 0.009256696 0.004053705 0.003964606 0.003830214 0.004603477 0.004681946 0.003026637 0.003099867 0.002984218 0.000000000 0.009121580 0.007994038 0.008616122 0.007874846 0.010276847 0.008971226 0.010875746 0.008410787 0.009190696 0.010003484 0.012941385 0.012936947 0.010514917 0.010108993 0.014257851 0.014291082 0.011435019 0.011593769 0.011359143 0.010205293 0.009413118 0.010645825 0.011152820 0.011202262 0.014096915 0.021131499 0.021553176 0.021400992 0.022159837 0.021634006 0.022335941 0.021471365 0.022612042 0.022223876 0.021858423 0.021846966 0.021058749 0.016389359 
32     0.009701559 0.010180972 0.009870766 0.009704056 0.009380884 0.009314468 0.009089608 0.009960455 0.009895389 0.008085066 0.008286836 0.008802690 0.009121580 0.000000000 0.004241890 0.008404457 0.007883621 0.009773830 0.008521204 0.010202336 0.007896328 0.009233123 0.010035311 0.012963927 0.012958357 0.011006211 0.010610455 0.014893764 0.014882435 0.012006740 0.012067451 0.011803966 0.010576956 0.009972394 0.011123504 0.011508615 0.011641569 0.014433030 0.021619458 0.022072348 0.021900028 0.022612242 0.022116716 0.022693630 0.021839442 0.023097766 0.022538857 0.022253328 0.022203815 0.021817251 0.017019668 
16     0.008762419 0.009137160 0.008922271 0.008643564 0.008221732 0.008133757 0.007920236 0.008809036 0.008722413 0.006975782 0.007168236 0.007660594 0.007994038 0.004241890 0.000000000 0.007202048 0.006663392 0.008380467 0.007162759 0.008927694 0.006482545 0.008089146 0.008992404 0.011904964 0.011903627 0.009866157 0.009452484 0.013611270 0.013597481 0.010830699 0.010826659 0.010560324 0.009507283 0.008821656 0.009956144 0.010520683 0.010642365 0.013451667 0.020650441 0.021055914 0.020898974 0.021460222 0.020984770 0.021619503 0.020644439 0.022099493 0.021498441 0.021197467 0.021145559 0.020684659 0.015918967 
22     0.009450146 0.010133037 0.009900209 0.009643392 0.009051361 0.009006730 0.008786112 0.009447750 0.009606360 0.007948612 0.008115029 0.008493227 0.008616122 0.008404457 0.007202048 0.000000000 0.002433565 0.008129984 0.006746321 0.008495663 0.006096911 0.009347725 0.009807801 0.012854918 0.012849343 0.010894703 0.010467463 0.014449853 0.014481029 0.011789749 0.011882462 0.011593500 0.010448475 0.009685673 0.010906503 0.011301510 0.011378305 0.014370644 0.021368711 0.021861099 0.021686242 0.022461832 0.021975184 0.022740177 0.021600360 0.023040939 0.022446821 0.022242030 0.022211735 0.021763633 0.016476043 
26     0.008917064 0.009456176 0.009329756 0.009083169 0.008378445 0.008335346 0.008098910 0.008833315 0.008995494 0.007297131 0.007465861 0.007795686 0.007874846 0.007883621 0.006663392 0.002433565 0.000000000 0.007441020 0.006087410 0.007866357 0.005516191 0.008721509 0.009179577 0.012268715 0.012263139 0.010232199 0.009751696 0.013827207 0.013869326 0.011161358 0.011207228 0.010950022 0.009819788 0.009013652 0.010289362 0.010710953 0.010762110 0.013776943 0.020624321 0.021100522 0.020989269 0.021822099 0.021303216 0.022052356 0.020931933 0.022350812 0.021742246 0.021696571 0.021613896 0.020977092 0.015531753 
28     0.011045941 0.011609581 0.011243064 0.011151480 0.010681987 0.010612325 0.010400263 0.011183031 0.011193261 0.009420741 0.009564961 0.010090826 0.010276847 0.009773830 0.008380467 0.008129984 0.007441020 0.000000000 0.003577781 0.006280932 0.004742206 0.010702957 0.011123351 0.014316522 0.014312617 0.012101953 0.011651273 0.015542959 0.015613621 0.013297316 0.013172211 0.012900845 0.011734694 0.011024114 0.012037492 0.012554752 0.012604223 0.015622189 0.022588654 0.023022805 0.022863324 0.023560151 0.022989379 0.023595356 0.023049998 0.024065729 0.023580613 0.023372376 0.023312977 0.023028195 0.017740858 
25     0.009788385 0.010284180 0.009996546 0.009802377 0.009355390 0.009272776 0.009062513 0.009855683 0.009849692 0.008086007 0.008241505 0.008761829 0.008971226 0.008521204 0.007162759 0.006746321 0.006087410 0.003577781 0.000000000 0.005016502 0.003421429 0.009377835 0.009667235 0.012845002 0.012843649 0.010699827 0.010242643 0.014134299 0.014148107 0.011850393 0.011806705 0.011527080 0.010266764 0.009579186 0.010734766 0.011216441 0.011266150 0.014364118 0.021358014 0.021961905 0.021787921 0.022041294 0.021636959 0.022158270 0.021572624 0.022592680 0.022200351 0.021906861 0.021844917 0.021631226 0.016455450 
23     0.011608928 0.012199359 0.011769420 0.011650189 0.011245456 0.011187111 0.010979465 0.011774218 0.011774809 0.010025942 0.010164786 0.010702665 0.010875746 0.010202336 0.008927694 0.008495663 0.007866357 0.006280932 0.005016502 0.000000000 0.005277047 0.011225167 0.011755832 0.014910547 0.014909023 0.012654783 0.012187783 0.016119608 0.016096704 0.013823866 0.013827718 0.013549951 0.012202562 0.011489749 0.012536668 0.012957251 0.013005953 0.016150155 0.023217094 0.023732939 0.023542828 0.024084030 0.023637849 0.024199073 0.023575630 0.024679175 0.024139142 0.023898456 0.023826017 0.023596579 0.018204808 
13     0.009328562 0.009763896 0.009359401 0.009262119 0.008796970 0.008752117 0.008552468 0.009331522 0.009331717 0.007522897 0.007685624 0.008249820 0.008410787 0.007896328 0.006482545 0.006096911 0.005516191 0.004742206 0.003421429 0.005277047 0.000000000 0.008937516 0.009447670 0.012637275 0.012634428 0.010335357 0.009890368 0.013910664 0.013902903 0.011281381 0.011281508 0.010997470 0.009763515 0.009117373 0.010141385 0.010655204 0.010695487 0.013723292 0.020775881 0.021178784 0.020998568 0.021601862 0.021175911 0.021697458 0.021025702 0.022232652 0.021615976 0.021530328 0.021409173 0.021122821 0.015828001 
24     0.009896428 0.010218990 0.010367137 0.010000516 0.009331324 0.009291796 0.009125736 0.010046226 0.009916226 0.008231645 0.008361897 0.008870303 0.009190696 0.009233123 0.008089146 0.009347725 0.008721509 0.010702957 0.009377835 0.011225167 0.008937516 0.000000000 0.007735945 0.010462711 0.010458921 0.011177671 0.010767067 0.015064489 0.015163981 0.012294297 0.012398710 0.012137109 0.011160033 0.010362745 0.011214928 0.011748447 0.011797155 0.014817498 0.021844268 0.022478251 0.022327115 0.023011697 0.022537731 0.023060189 0.022317883 0.023692149 0.023152967 0.022784544 0.022812851 0.022039191 0.017201135 
27     0.010739843 0.011254979 0.011133299 0.010848525 0.010244908 0.010174243 0.009942795 0.010951950 0.010814613 0.008969398 0.009130166 0.009672252 0.010003484 0.010035311 0.008992404 0.009807801 0.009179577 0.011123351 0.009667235 0.011755832 0.009447670 0.007735945 0.000000000 0.007257325 0.007252951 0.012078700 0.011671732 0.016010229 0.016020536 0.013000169 0.013080033 0.012830369 0.011890424 0.011176285 0.012319274 0.012930115 0.012975703 0.015824097 0.022735287 0.023335269 0.023132874 0.023853167 0.023419400 0.024040871 0.023182260 0.024470660 0.023949007 0.023857144 0.023657466 0.023055916 0.017901368 
3     0.013562779 0.014021190 0.013952064 0.013727744 0.013185487 0.013112002 0.012886536 0.013836939 0.013713913 0.011873757 0.012060274 0.012629182 0.012941385 0.012963927 0.011904964 0.012854918 0.012268715 0.014316522 0.012845002 0.014910547 0.012637275 0.010462711 0.007257325 0.000000000 0.002392743 0.014819121 0.014447854 0.018737713 0.018790730 0.015950464 0.016053259 0.015817086 0.014835731 0.014019944 0.015109598 0.015776322 0.015827707 0.018508597 0.025464978 0.026170536 0.026165542 0.026658528 0.026206436 0.026792195 0.025956940 0.027290460 0.026771057 0.026512474 0.026394348 0.025692585 0.020982998 
10     0.013558667 0.014017760 0.013937837 0.013714909 0.013182893 0.013109305 0.012881272 0.013832501 0.013717018 0.011870829 0.012057346 0.012626163 0.012936947 0.012958357 0.011903627 0.012849343 0.012263139 0.014312617 0.012843649 0.014909023 0.012634428 0.010458921 0.007252951 0.002392743 0.000000000 0.014815008 0.014443742 0.018733628 0.018786618 0.015945441 0.016044868 0.015808388 0.014831618 0.014015355 0.015105086 0.015763802 0.015815188 0.018557848 0.025423309 0.026147085 0.026142189 0.026635200 0.026182963 0.026768571 0.025932857 0.027271251 0.026751119 0.026492189 0.026374063 0.025673377 0.020976607 
19     0.010034741 0.010682049 0.010570960 0.010149116 0.010845654 0.010714261 0.010640968 0.011393644 0.011450237 0.009643696 0.009749434 0.010339736 0.010514917 0.011006211 0.009866157 0.010894703 0.010232199 0.012101953 0.010699827 0.012654783 0.010335357 0.011177671 0.012078700 0.014819121 0.014815008 0.000000000 0.001577024 0.010443344 0.010418844 0.011283872 0.011652948 0.011457432 0.010028725 0.009358209 0.011224626 0.011470779 0.011485363 0.014521425 0.021433908 0.022037279 0.021931457 0.022631611 0.022036389 0.022620259 0.021692956 0.023171067 0.022571769 0.022434196 0.022573864 0.021714839 0.017233775 
33     0.009633992 0.010158622 0.010149985 0.009739812 0.010455228 0.010326012 0.010243550 0.010990120 0.011043097 0.009247599 0.009371606 0.009934949 0.010108993 0.010610455 0.009452484 0.010467463 0.009751696 0.011651273 0.010242643 0.012187783 0.009890368 0.010767067 0.011671732 0.014447854 0.014443742 0.001577024 0.000000000 0.010191104 0.010166569 0.010802434 0.011101495 0.010874723 0.009519913 0.008848363 0.010850607 0.011088283 0.011102417 0.014145392 0.020996212 0.021628541 0.021428932 0.022210424 0.021572869 0.022159025 0.021222491 0.022754074 0.022166517 0.021963532 0.022111048 0.021259757 0.016864641 
1     0.013503131 0.014323260 0.013913332 0.013561511 0.014640412 0.014541804 0.014412727 0.015021398 0.015242665 0.013155611 0.013302024 0.014130167 0.014257851 0.014893764 0.013611270 0.014449853 0.013827207 0.015542959 0.014134299 0.016119608 0.013910664 0.015064489 0.016010229 0.018737713 0.018733628 0.010443344 0.010191104 0.000000000 0.002825192 0.014882751 0.014450586 0.014275743 0.013162729 0.012371190 0.014356163 0.014858805 0.014878931 0.017840371 0.024020800 0.025086807 0.024837181 0.025319196 0.024959179 0.025463367 0.024516141 0.025998641 0.025335987 0.025355094 0.025375088 0.024780153 0.020331789 
18     0.013498764 0.014178755 0.013871041 0.013531443 0.014672547 0.014570471 0.014445487 0.015059653 0.015276110 0.013192121 0.013333881 0.014145477 0.014291082 0.014882435 0.013597481 0.014481029 0.013869326 0.015613621 0.014148107 0.016096704 0.013902903 0.015163981 0.016020536 0.018790730 0.018786618 0.010418844 0.010166569 0.002825192 0.000000000 0.014846478 0.014581441 0.014406815 0.013125366 0.012317855 0.014660184 0.014989072 0.015024596 0.017818728 0.024476619 0.025563737 0.025382657 0.025801762 0.025415564 0.025947864 0.024991264 0.026480238 0.025838126 0.025845366 0.025838750 0.025084482 0.020334880 
31     0.011156842 0.011562970 0.011351033 0.010949623 0.011783599 0.011732689 0.011560550 0.012463845 0.012422781 0.010586978 0.010754181 0.011177485 0.011435019 0.012006740 0.010830699 0.011789749 0.011161358 0.013297316 0.011850393 0.013823866 0.011281381 0.012294297 0.013000169 0.015950464 0.015945441 0.011283872 0.010802434 0.014882751 0.014846478 0.000000000 0.011438187 0.011275804 0.010125584 0.009397550 0.012043462 0.012535710 0.012582178 0.015284953 0.022604221 0.023377699 0.023187075 0.023872009 0.023498379 0.023858598 0.022825072 0.024245263 0.023631780 0.023567908 0.023486789 0.023011121 0.017881937 
14     0.011459382 0.011838345 0.011456374 0.011340061 0.011899642 0.011820857 0.011647891 0.012460383 0.012442688 0.010645335 0.010787029 0.011433711 0.011593769 0.012067451 0.010826659 0.011882462 0.011207228 0.013172211 0.011806705 0.013827718 0.011281508 0.012398710 0.013080033 0.016053259 0.016044868 0.011652948 0.011101495 0.014450586 0.014581441 0.011438187 0.000000000 0.001787031 0.009062300 0.008003900 0.012190805 0.012852119 0.012864393 0.015588944 0.022816507 0.023484467 0.023269033 0.024071399 0.023519765 0.024120584 0.023073851 0.024587715 0.024041730 0.023757745 0.023663821 0.023245839 0.017931296 
12     0.011262307 0.011590978 0.011225127 0.011125026 0.011645148 0.011565520 0.011427869 0.012227285 0.012226573 0.010410643 0.010553559 0.011208331 0.011359143 0.011803966 0.010560324 0.011593500 0.010950022 0.012900845 0.011527080 0.013549951 0.010997470 0.012137109 0.012830369 0.015817086 0.015808388 0.011457432 0.010874723 0.014275743 0.014406815 0.011275804 0.001787031 0.000000000 0.008840951 0.007773839 0.011985035 0.012641808 0.012654082 0.015328836 0.022691710 0.023374805 0.023154063 0.023948370 0.023381740 0.023987772 0.022942478 0.024499005 0.023936922 0.023619812 0.023523361 0.023114630 0.017769903 
4     0.010106027 0.010363604 0.010016576 0.009657146 0.010639176 0.010590907 0.010445181 0.011096631 0.011260053 0.009533501 0.009670607 0.010167435 0.010205293 0.010576956 0.009507283 0.010448475 0.009819788 0.011734694 0.010266764 0.012202562 0.009763515 0.011160033 0.011890424 0.014835731 0.014831618 0.010028725 0.009519913 0.013162729 0.013125366 0.010125584 0.009062300 0.008840951 0.000000000 0.002624316 0.010761903 0.011469947 0.011512763 0.014028999 0.021676003 0.022196489 0.022027428 0.022776737 0.022261356 0.022825995 0.021832007 0.023317057 0.022749934 0.022576136 0.022502478 0.021839227 0.016414417 
34     0.009211061 0.009506147 0.009197684 0.008847782 0.009826916 0.009788393 0.009639721 0.010272698 0.010447866 0.008713954 0.008875494 0.009389878 0.009413118 0.009972394 0.008821656 0.009685673 0.009013652 0.011024114 0.009579186 0.011489749 0.009117373 0.010362745 0.011176285 0.014019944 0.014015355 0.009358209 0.008848363 0.012371190 0.012317855 0.009397550 0.008003900 0.007773839 0.002624316 0.000000000 0.009972454 0.010725852 0.010761907 0.013246879 0.021082571 0.021556960 0.021339844 0.022192124 0.021677375 0.022285152 0.021246511 0.022712302 0.022169212 0.021984985 0.021914232 0.021263290 0.015797781 
43     0.009853952 0.010291804 0.010099122 0.009779824 0.010869854 0.010792113 0.010517301 0.011448972 0.011422033 0.009742542 0.009832196 0.010374868 0.010645825 0.011123504 0.009956144 0.010906503 0.010289362 0.012037492 0.010734766 0.012536668 0.010141385 0.011214928 0.012319274 0.015109598 0.015105086 0.011224626 0.010850607 0.014356163 0.014660184 0.012043462 0.012190805 0.011985035 0.010761903 0.009972454 0.000000000 0.006780435 0.006810341 0.009692939 0.019944493 0.020605428 0.020480434 0.021125640 0.020633229 0.021008302 0.020547351 0.021635831 0.021057411 0.020888986 0.020869051 0.020582023 0.015681429 
44     0.010440016 0.010941740 0.010837237 0.010390756 0.011380246 0.011295330 0.011097359 0.011916251 0.011972398 0.010310124 0.010396212 0.010910303 0.011152820 0.011508615 0.010520683 0.011301510 0.010710953 0.012554752 0.011216441 0.012957251 0.010655204 0.011748447 0.012930115 0.015776322 0.015763802 0.011470779 0.011088283 0.014858805 0.014989072 0.012535710 0.012852119 0.012641808 0.011469947 0.010725852 0.006780435 0.000000000 0.000823170 0.009851697 0.020322595 0.020921895 0.020700947 0.021563771 0.021078119 0.021475485 0.021136780 0.022065340 0.021430724 0.021301984 0.021271264 0.021171546 0.016313970 
39     0.010498761 0.011027779 0.010814829 0.010410385 0.011429143 0.011350840 0.011146398 0.011965170 0.012021397 0.010356988 0.010441382 0.010959236 0.011202262 0.011641569 0.010642365 0.011378305 0.010762110 0.012604223 0.011266150 0.013005953 0.010695487 0.011797155 0.012975703 0.015827707 0.015815188 0.011485363 0.011102417 0.014878931 0.015024596 0.012582178 0.012864393 0.012654082 0.011512763 0.010761907 0.006810341 0.000823170 0.000000000 0.009885221 0.020344162 0.020957006 0.020736301 0.021600577 0.021116087 0.021490401 0.021174177 0.022038931 0.021392477 0.021276836 0.021235011 0.021210555 0.016352951 
38     0.013243951 0.013692326 0.013548969 0.013195993 0.014361093 0.014308600 0.014025415 0.014842840 0.014888687 0.013183877 0.013292114 0.013867711 0.014096915 0.014433030 0.013451667 0.014370644 0.013776943 0.015622189 0.014364118 0.016150155 0.013723292 0.014817498 0.015824097 0.018508597 0.018557848 0.014521425 0.014145392 0.017840371 0.017818728 0.015284953 0.015588944 0.015328836 0.014028999 0.013246879 0.009692939 0.009851697 0.009885221 0.000000000 0.023330328 0.023926246 0.023753309 0.024683472 0.024120787 0.024620521 0.023985212 0.025132177 0.024546534 0.024442462 0.024435909 0.023924960 0.018997647 
42     0.020532216 0.021137350 0.020693030 0.020409316 0.021651281 0.021495296 0.021333165 0.021778286 0.022211039 0.020264613 0.020369478 0.020874155 0.021131499 0.021619458 0.020650441 0.021368711 0.020624321 0.022588654 0.021358014 0.023217094 0.020775881 0.021844268 0.022735287 0.025464978 0.025423309 0.021433908 0.020996212 0.024020800 0.024476619 0.022604221 0.022816507 0.022691710 0.021676003 0.021082571 0.019944493 0.020322595 0.020344162 0.023330328 0.000000000 0.008691530 0.008420006 0.010014161 0.009721272 0.010218984 0.009892542 0.010642110 0.010534362 0.010405739 0.010162813 0.010461250 0.026159597 
41     0.021139743 0.021768321 0.021335826 0.021119015 0.022064312 0.021928726 0.021767514 0.022259606 0.022613869 0.020804160 0.020908673 0.021339181 0.021553176 0.022072348 0.021055914 0.021861099 0.021100522 0.023022805 0.021961905 0.023732939 0.021178784 0.022478251 0.023335269 0.026170536 0.026147085 0.022037279 0.021628541 0.025086807 0.025563737 0.023377699 0.023484467 0.023374805 0.022196489 0.021556960 0.020605428 0.020921895 0.020957006 0.023926246 0.008691530 0.000000000 0.002901426 0.010814033 0.009780806 0.010561500 0.010617874 0.011149943 0.011025798 0.010679502 0.010579628 0.010945514 0.026937040 
49     0.020865972 0.021606759 0.020975303 0.020861689 0.021942304 0.021793700 0.021623142 0.022120998 0.022490032 0.020668045 0.020770327 0.021182164 0.021400992 0.021900028 0.020898974 0.021686242 0.020989269 0.022863324 0.021787921 0.023542828 0.020998568 0.022327115 0.023132874 0.026165542 0.026142189 0.021931457 0.021428932 0.024837181 0.025382657 0.023187075 0.023269033 0.023154063 0.022027428 0.021339844 0.020480434 0.020700947 0.020736301 0.023753309 0.008420006 0.002901426 0.000000000 0.010913060 0.009894796 0.010751645 0.010678974 0.011185028 0.011016570 0.010840717 0.010872813 0.010968669 0.026713824 
47     0.021736818 0.022254092 0.021886872 0.021599118 0.022775825 0.022633608 0.022447046 0.022872260 0.023330376 0.021403541 0.021510316 0.022011830 0.022159837 0.022612242 0.021460222 0.022461832 0.021822099 0.023560151 0.022041294 0.024084030 0.021601862 0.023011697 0.023853167 0.026658528 0.026635200 0.022631611 0.022210424 0.025319196 0.025801762 0.023872009 0.024071399 0.023948370 0.022776737 0.022192124 0.021125640 0.021563771 0.021600577 0.024683472 0.010014161 0.010814033 0.010913060 0.000000000 0.005328993 0.006184634 0.005805582 0.007347583 0.007504388 0.006858877 0.006686915 0.007221236 0.027500800 
37     0.021234655 0.021673908 0.021152478 0.021000679 0.022208636 0.022057238 0.021880851 0.022238221 0.022784185 0.020811255 0.020921473 0.021469314 0.021634006 0.022116716 0.020984770 0.021975184 0.021303216 0.022989379 0.021636959 0.023637849 0.021175911 0.022537731 0.023419400 0.026206436 0.026182963 0.022036389 0.021572869 0.024959179 0.025415564 0.023498379 0.023519765 0.023381740 0.022261356 0.021677375 0.020633229 0.021078119 0.021116087 0.024120787 0.009721272 0.009780806 0.009894796 0.005328993 0.000000000 0.005293585 0.004920171 0.006749259 0.006616519 0.006550961 0.006446937 0.006670321 0.027029620 
45     0.021536651 0.022100162 0.021708401 0.021549240 0.022804723 0.022748093 0.022467375 0.022961274 0.023389460 0.021402157 0.021499569 0.022043045 0.022335941 0.022693630 0.021619503 0.022740177 0.022052356 0.023595356 0.022158270 0.024199073 0.021697458 0.023060189 0.024040871 0.026792195 0.026768571 0.022620259 0.022159025 0.025463367 0.025947864 0.023858598 0.024120584 0.023987772 0.022825995 0.022285152 0.021008302 0.021475485 0.021490401 0.024620521 0.010218984 0.010561500 0.010751645 0.006184634 0.005293585 0.000000000 0.005102236 0.007712734 0.007517534 0.007019689 0.007074151 0.007328031 0.027733097 
50     0.020802152 0.021144208 0.020738429 0.020717068 0.021925180 0.021779403 0.021596925 0.021966582 0.022513005 0.020573841 0.020656396 0.021194927 0.021471365 0.021839442 0.020644439 0.021600360 0.020931933 0.023049998 0.021572624 0.023575630 0.021025702 0.022317883 0.023182260 0.025956940 0.025932857 0.021692956 0.021222491 0.024516141 0.024991264 0.022825072 0.023073851 0.022942478 0.021832007 0.021246511 0.020547351 0.021136780 0.021174177 0.023985212 0.009892542 0.010617874 0.010678974 0.005805582 0.004920171 0.005102236 0.000000000 0.007288681 0.006874707 0.007123592 0.006949384 0.006763990 0.026991064 
36     0.021738646 0.022605404 0.022180076 0.022068382 0.023178245 0.023020117 0.022846140 0.023241846 0.023743626 0.021803263 0.021931099 0.022397756 0.022612042 0.023097766 0.022099493 0.023040939 0.022350812 0.024065729 0.022592680 0.024679175 0.022232652 0.023692149 0.024470660 0.027290460 0.027271251 0.023171067 0.022754074 0.025998641 0.026480238 0.024245263 0.024587715 0.024499005 0.023317057 0.022712302 0.021635831 0.022065340 0.022038931 0.025132177 0.010642110 0.011149943 0.011185028 0.007347583 0.006749259 0.007712734 0.007288681 0.000000000 0.003506488 0.005404716 0.005351968 0.007634869 0.027700804 
40     0.021342014 0.022024936 0.021613726 0.021593396 0.022705257 0.022545376 0.022371248 0.022705238 0.023250386 0.021289694 0.021399932 0.021869177 0.022223876 0.022538857 0.021498441 0.022446821 0.021742246 0.023580613 0.022200351 0.024139142 0.021615976 0.023152967 0.023949007 0.026771057 0.026751119 0.022571769 0.022166517 0.025335987 0.025838126 0.023631780 0.024041730 0.023936922 0.022749934 0.022169212 0.021057411 0.021430724 0.021392477 0.024546534 0.010534362 0.011025798 0.011016570 0.007504388 0.006616519 0.007517534 0.006874707 0.003506488 0.000000000 0.005419331 0.005360756 0.007426555 0.027176203 
35     0.020933371 0.021810009 0.021409721 0.021293786 0.022431130 0.022264733 0.022099673 0.022456949 0.023048840 0.021091498 0.021187172 0.021670264 0.021858423 0.022253328 0.021197467 0.022242030 0.021696571 0.023372376 0.021906861 0.023898456 0.021530328 0.022784544 0.023857144 0.026512474 0.026492189 0.022434196 0.021963532 0.025355094 0.025845366 0.023567908 0.023757745 0.023619812 0.022576136 0.021984985 0.020888986 0.021301984 0.021276836 0.024442462 0.010405739 0.010679502 0.010840717 0.006858877 0.006550961 0.007019689 0.007123592 0.005404716 0.005419331 0.000000000 0.002127269 0.006946347 0.027042364 
48     0.021132469 0.021703884 0.021284285 0.021166856 0.022490479 0.022265141 0.022098918 0.022452949 0.023047264 0.021035314 0.021185891 0.021652326 0.021846966 0.022203815 0.021145559 0.022211735 0.021613896 0.023312977 0.021844917 0.023826017 0.021409173 0.022812851 0.023657466 0.026394348 0.026374063 0.022573864 0.022111048 0.025375088 0.025838750 0.023486789 0.023663821 0.023523361 0.022502478 0.021914232 0.020869051 0.021271264 0.021235011 0.024435909 0.010162813 0.010579628 0.010872813 0.006686915 0.006446937 0.007074151 0.006949384 0.005351968 0.005360756 0.002127269 0.000000000 0.006780938 0.027100660 
46     0.020555812 0.021305316 0.020833259 0.020832496 0.021630855 0.021455714 0.021288191 0.021743829 0.022230675 0.020329391 0.020450428 0.020918359 0.021058749 0.021817251 0.020684659 0.021763633 0.020977092 0.023028195 0.021631226 0.023596579 0.021122821 0.022039191 0.023055916 0.025692585 0.025673377 0.021714839 0.021259757 0.024780153 0.025084482 0.023011121 0.023245839 0.023114630 0.021839227 0.021263290 0.020582023 0.021171546 0.021210555 0.023924960 0.010461250 0.010945514 0.010968669 0.007221236 0.006670321 0.007328031 0.006763990 0.007634869 0.007426555 0.006946347 0.006780938 0.000000000 0.026919103 
0     0.015718477 0.016398549 0.016442156 0.015964846 0.016897336 0.016815124 0.016715337 0.017134938 0.017500759 0.015809341 0.015964478 0.016328052 0.016389359 0.017019668 0.015918967 0.016476043 0.015531753 0.017740858 0.016455450 0.018204808 0.015828001 0.017201135 0.017901368 0.020982998 0.020976607 0.017233775 0.016864641 0.020331789 0.020334880 0.017881937 0.017931296 0.017769903 0.016414417 0.015797781 0.015681429 0.016313970 0.016352951 0.018997647 0.026159597 0.026937040 0.026713824 0.027500800 0.027029620 0.027733097 0.026991064 0.027700804 0.027176203 0.027042364 0.027100660 0.026919103 0.000000000 
