51
14     0.000000000 0.056058270 0.056527198 0.096786677 0.101373357 0.101306873 0.101600821 0.112304296 0.097240436 0.097050349 0.097663508 0.100576553 0.100202390 0.096443640 0.094207023 0.103724575 0.103296372 0.101301359 0.143363048 0.179967313 0.175728561 0.191726812 0.155963483 0.155527692 0.224817176 0.132393427 0.161294954 0.150204569 0.174903179 0.174593165 0.174762648 0.175227194 0.155462897 0.168933013 0.154305191 0.167118859 0.161892122 0.190840044 0.180956537 0.181210855 0.148533801 0.161692632 0.160174617 0.188380128 0.177130489 0.155249691 0.146596864 0.155965582 0.121816513 0.121976378 0.367589866 
12     0.056058270 0.000000000 0.050679326 0.104863470 0.109465053 0.109398568 0.109705508 0.120425001 0.105117576 0.104927653 0.105755365 0.108452416 0.108165073 0.104526707 0.102218483 0.111995869 0.111559973 0.109497361 0.150408807 0.186590778 0.182316584 0.198302028 0.162978072 0.162542281 0.231897808 0.139448308 0.168110342 0.157165407 0.181822616 0.181543884 0.181705674 0.182139948 0.162407263 0.176039369 0.161418247 0.174432068 0.169206836 0.198037323 0.188003734 0.188281572 0.155799571 0.169668153 0.167916526 0.196266669 0.185004744 0.163054329 0.154072892 0.163440596 0.129296795 0.129456660 0.373666997 
16     0.056527198 0.050679326 0.000000000 0.105863269 0.110431331 0.110364846 0.110674341 0.121277332 0.106002504 0.105812744 0.106640293 0.109324373 0.109160189 0.105407317 0.103301958 0.112460661 0.112024765 0.110015196 0.151778983 0.188338586 0.184099774 0.200088363 0.164231706 0.163795915 0.232822965 0.140661704 0.169625656 0.158615346 0.183167839 0.182915950 0.183086187 0.183504863 0.163864637 0.177498040 0.162875621 0.175729470 0.170504238 0.199374136 0.189359313 0.189647375 0.157099841 0.171001031 0.169190703 0.197549159 0.186299521 0.164350109 0.155208356 0.164519346 0.130495875 0.130655740 0.375576210 
10     0.096786677 0.104863470 0.105863269 0.000000000 0.065306570 0.065389438 0.064784947 0.075734719 0.060637723 0.060375623 0.060784469 0.064136291 0.063822370 0.059809453 0.068995417 0.112214794 0.110959930 0.109485139 0.155182162 0.191768608 0.187574017 0.203336043 0.167884065 0.167448273 0.236620742 0.144328656 0.173124131 0.162463583 0.186887355 0.186639163 0.186783644 0.187217918 0.167419844 0.180733611 0.166197690 0.179310930 0.174084799 0.202716007 0.193128100 0.193362494 0.160339459 0.174109953 0.172274401 0.200668828 0.189398202 0.167557518 0.158385393 0.167574281 0.133862067 0.134021933 0.379253016 
18     0.101373357 0.109465053 0.110431331 0.065306570 0.000000000 0.017103925 0.030556170 0.053718746 0.051507527 0.051234042 0.052045782 0.054861304 0.053728164 0.049289635 0.072674026 0.116232945 0.114983596 0.113455383 0.160238783 0.196723577 0.192527321 0.208429064 0.172771046 0.172335255 0.241684523 0.149407527 0.178134164 0.167454279 0.191878051 0.191629859 0.191774340 0.192208614 0.172459071 0.185828750 0.171181871 0.184354065 0.179128834 0.207743563 0.198097893 0.198281705 0.165367765 0.179519091 0.177708762 0.206059544 0.194828328 0.172931320 0.163795517 0.173101199 0.138976700 0.139136565 0.384292462 
1     0.101306873 0.109398568 0.110364846 0.065389438 0.017103925 0.000000000 0.029947392 0.053217823 0.051711564 0.051782493 0.052322742 0.054833724 0.053833361 0.049681683 0.072466321 0.116094282 0.114844933 0.113316720 0.160187876 0.196672670 0.192476414 0.208378157 0.172720140 0.172284348 0.241633617 0.149356620 0.178083257 0.167403372 0.191827144 0.191578952 0.191723434 0.192157708 0.172408164 0.185777843 0.171130964 0.184303159 0.179077927 0.207692656 0.198046986 0.198230798 0.165316858 0.179468184 0.177657856 0.206008637 0.194777421 0.172880413 0.163744611 0.173050292 0.138925793 0.139085659 0.384241555 
13     0.101600821 0.109705508 0.110674341 0.064784947 0.030556170 0.029947392 0.000000000 0.052886419 0.051039353 0.050632274 0.051046864 0.054234011 0.053438430 0.049274360 0.072705120 0.116503049 0.115227943 0.113666337 0.160787373 0.197398923 0.193204332 0.209067297 0.173343467 0.172907676 0.242097379 0.149820383 0.178559033 0.167879148 0.192302920 0.192054728 0.192199209 0.192633483 0.172883940 0.186253619 0.171605598 0.184778935 0.179553703 0.208168432 0.198509508 0.198706574 0.165768756 0.179905646 0.178095318 0.206464522 0.195214883 0.173317876 0.164182073 0.173487754 0.139373619 0.139533484 0.385023223 
5     0.112304296 0.120425001 0.121277332 0.075734719 0.053718746 0.053217823 0.052886419 0.000000000 0.062329167 0.061727135 0.062154966 0.065701002 0.063892476 0.059464414 0.083468101 0.127311163 0.126061814 0.124453032 0.171526065 0.208137615 0.203943024 0.219805989 0.184082159 0.183646368 0.252836071 0.160559075 0.189237649 0.178557765 0.202981536 0.202733345 0.202877826 0.203312100 0.183480978 0.196760785 0.182111786 0.195234616 0.190010388 0.218770707 0.209157739 0.209385190 0.176429584 0.190590014 0.188815099 0.217184303 0.205934665 0.184037657 0.174918145 0.184223826 0.150112171 0.150272036 0.395770612 
3     0.097240436 0.105117576 0.106002504 0.060637723 0.051507527 0.051711564 0.051039353 0.062329167 0.000000000 0.029894604 0.031161849 0.033455672 0.040007898 0.036130906 0.068612342 0.112082283 0.110848084 0.109332006 0.156240957 0.192826945 0.188632354 0.204458693 0.168787875 0.168352084 0.237546452 0.145269455 0.174047458 0.163372157 0.187795929 0.187547737 0.187692218 0.188126492 0.168378889 0.181728010 0.167080415 0.180249832 0.175024601 0.203663381 0.194022940 0.194289367 0.161236972 0.175373681 0.173563353 0.201932557 0.190682918 0.168785910 0.159663270 0.168956783 0.134842648 0.135002513 0.380474248 
9     0.097050349 0.104927653 0.105812744 0.060375623 0.051234042 0.051782493 0.050632274 0.061727135 0.029894604 0.000000000 0.017173256 0.033189403 0.038079135 0.034952948 0.068626806 0.111874269 0.110640070 0.109131565 0.156032239 0.192618226 0.188423635 0.204249974 0.168579157 0.168143366 0.237337733 0.145060736 0.173835092 0.163163439 0.187587210 0.187339019 0.187483500 0.187917774 0.168170170 0.181539849 0.166889647 0.180065165 0.174839933 0.203454662 0.193807040 0.194080648 0.161019905 0.175164963 0.173354634 0.201723838 0.190474199 0.168577192 0.159442383 0.168748064 0.134633929 0.134793794 0.380265530 
11     0.097663508 0.105755365 0.106640293 0.060784469 0.052045782 0.052322742 0.051046864 0.062154966 0.031161849 0.017173256 0.000000000 0.034572296 0.040399288 0.036355751 0.069187428 0.112474740 0.111225392 0.109732036 0.156526545 0.193112532 0.188917941 0.204744280 0.169073463 0.168637672 0.237832039 0.145555042 0.174314163 0.163642783 0.188066555 0.187818363 0.187962845 0.188397119 0.168649515 0.182019194 0.167368992 0.180544509 0.175319278 0.203934007 0.194286422 0.194560030 0.161515247 0.175660329 0.173850000 0.202219204 0.190969565 0.169072558 0.159949917 0.169243430 0.135129295 0.135289160 0.380765575 
17     0.100576553 0.108452416 0.109324373 0.064136291 0.054861304 0.054833724 0.054234011 0.065701002 0.033455672 0.033189403 0.034572296 0.000000000 0.043327578 0.039773452 0.072594381 0.115391745 0.114157546 0.112652909 0.159524002 0.196168192 0.191973601 0.207799940 0.172109770 0.171673979 0.240883633 0.148606636 0.177379828 0.166711335 0.191131947 0.190883755 0.191028236 0.191462510 0.171714833 0.185084512 0.170430999 0.183609828 0.178384596 0.206999399 0.197358578 0.197609913 0.164599830 0.178763375 0.176953047 0.205322251 0.194072612 0.172175604 0.163052451 0.172345964 0.138250096 0.138409961 0.383866627 
8     0.100202390 0.108165073 0.109160189 0.063822370 0.053728164 0.053833361 0.053438430 0.063892476 0.040007898 0.038079135 0.040399288 0.043327578 0.000000000 0.026359627 0.071844080 0.115166122 0.113931923 0.112423417 0.159245468 0.195845385 0.191650794 0.207513759 0.171789929 0.171354138 0.240574234 0.148286529 0.176989999 0.166326755 0.190750527 0.190502335 0.190646816 0.191081090 0.171331128 0.184700807 0.170165182 0.183202072 0.177976840 0.206615620 0.196939960 0.197243965 0.164205280 0.178197278 0.176454576 0.204827307 0.193575346 0.171744883 0.162610074 0.171915755 0.137798225 0.137958090 0.383433209 
7     0.096443640 0.104526707 0.105407317 0.059809453 0.049289635 0.049681683 0.049274360 0.059464414 0.036130906 0.034952948 0.036355751 0.039773452 0.026359627 0.000000000 0.067933773 0.111237934 0.109988586 0.108497313 0.155392847 0.191992763 0.187798172 0.203661138 0.167937308 0.167501516 0.236721613 0.144433908 0.173150021 0.162486777 0.186910549 0.186662357 0.186806839 0.187241113 0.167493509 0.180863188 0.166327563 0.179364452 0.174139221 0.202778001 0.193128264 0.193403987 0.160352658 0.174344657 0.172601955 0.200974686 0.189722725 0.167892262 0.158757453 0.168063134 0.133945604 0.134105469 0.379587793 
6     0.094207023 0.102218483 0.103301958 0.068995417 0.072674026 0.072466321 0.072705120 0.083468101 0.068612342 0.068626806 0.069187428 0.072594381 0.071844080 0.067933773 0.000000000 0.109261454 0.108003986 0.106488842 0.152418041 0.189042053 0.184847462 0.200710428 0.164935607 0.164499816 0.233675602 0.141417017 0.170122356 0.159512855 0.183917847 0.183680098 0.183824579 0.184258853 0.164334563 0.177736963 0.163103993 0.176234259 0.171009028 0.199680835 0.190225382 0.190222671 0.156628480 0.171590806 0.169782575 0.198151168 0.186901530 0.164980789 0.155701326 0.165040706 0.131037186 0.131197051 0.376372400 
2     0.103724575 0.111995869 0.112460661 0.112214794 0.116232945 0.116094282 0.116503049 0.127311163 0.112082283 0.111874269 0.112474740 0.115391745 0.115166122 0.111237934 0.109261454 0.000000000 0.018069879 0.065904065 0.162808532 0.199456605 0.195263336 0.211019975 0.175354102 0.174918311 0.243873713 0.151522368 0.180594505 0.169908677 0.194353288 0.194146928 0.194236345 0.194670619 0.174793982 0.188304976 0.173700222 0.186674183 0.181448951 0.210099589 0.200280771 0.200309471 0.168101255 0.181777709 0.179941805 0.208252439 0.196924571 0.175131085 0.166057379 0.175197356 0.141342288 0.141502153 0.387516370 
4     0.103296372 0.111559973 0.112024765 0.110959930 0.114983596 0.114844933 0.115227943 0.126061814 0.110848084 0.110640070 0.111225392 0.114157546 0.113931923 0.109988586 0.108003986 0.018069879 0.000000000 0.065850669 0.161919230 0.198567303 0.194374034 0.210130673 0.174464800 0.174029009 0.242974971 0.150633066 0.179705203 0.169019375 0.193463986 0.193257626 0.193347043 0.193781317 0.173904680 0.187415674 0.172810920 0.185784881 0.180559649 0.209210287 0.199391469 0.199420169 0.167211953 0.180888407 0.179052503 0.207363137 0.196035269 0.174241783 0.165168077 0.174308054 0.140452986 0.140612851 0.386627068 
15     0.101301359 0.109497361 0.110015196 0.109485139 0.113455383 0.113316720 0.113666337 0.124453032 0.109332006 0.109131565 0.109732036 0.112652909 0.112423417 0.108497313 0.106488842 0.065904065 0.065850669 0.000000000 0.160236929 0.197072210 0.192878940 0.208636231 0.173019204 0.172583413 0.241757865 0.149470557 0.178003946 0.167319547 0.191748884 0.191540070 0.191631942 0.192066216 0.172192585 0.185700279 0.171098824 0.184072786 0.178847554 0.207483029 0.197624563 0.197614878 0.165691968 0.179403865 0.177661736 0.205974585 0.194724946 0.172827103 0.163759960 0.172899937 0.138904436 0.139064302 0.384887197 
43     0.143363048 0.150408807 0.151778983 0.155182162 0.160238783 0.160187876 0.160787373 0.171526065 0.156240957 0.156032239 0.156526545 0.159524002 0.159245468 0.155392847 0.152418041 0.162808532 0.161919230 0.160236929 0.000000000 0.115229281 0.111372037 0.126192482 0.107812277 0.107453241 0.183143887 0.090950121 0.140213250 0.129791906 0.154100825 0.154285317 0.154014648 0.154448922 0.134717463 0.148643455 0.133850312 0.147067220 0.141841988 0.169961796 0.160201304 0.160781458 0.131220937 0.146766822 0.144867234 0.173124431 0.162232404 0.140554195 0.130834303 0.140022835 0.106203884 0.106363749 0.358345138 
50     0.179967313 0.186590778 0.188338586 0.191768608 0.196723577 0.196672670 0.197398923 0.208137615 0.192826945 0.192618226 0.193112532 0.196168192 0.195845385 0.191992763 0.189042053 0.199456605 0.198567303 0.197072210 0.115229281 0.000000000 0.020984765 0.073538663 0.144487221 0.144020959 0.220606950 0.127302812 0.177265354 0.167004563 0.191243807 0.191489742 0.191219073 0.191653347 0.172009432 0.185937351 0.171132446 0.184193642 0.178968411 0.207320577 0.197353438 0.197751654 0.167835255 0.182729147 0.180738364 0.208945464 0.198394937 0.176580151 0.167284876 0.176636149 0.142635749 0.142795614 0.393258738 
47     0.175728561 0.182316584 0.184099774 0.187574017 0.192527321 0.192476414 0.193204332 0.203943024 0.188632354 0.188423635 0.188917941 0.191973601 0.191650794 0.187798172 0.184847462 0.195263336 0.194374034 0.192878940 0.111372037 0.020984765 0.000000000 0.069686443 0.140598536 0.140132275 0.216643376 0.123426930 0.173381521 0.163121121 0.187360365 0.187606301 0.187335632 0.187769906 0.168125991 0.182053909 0.167249004 0.180310201 0.175084969 0.203437136 0.193469996 0.193868213 0.163948581 0.178847017 0.176851085 0.205063335 0.194512808 0.172698021 0.163402747 0.172754019 0.138753619 0.138913484 0.389067456 
33     0.191726812 0.198302028 0.200088363 0.203336043 0.208429064 0.208378157 0.209067297 0.219805989 0.204458693 0.204249974 0.204744280 0.207799940 0.207513759 0.203661138 0.200710428 0.211019975 0.210130673 0.208636231 0.126192482 0.073538663 0.069686443 0.000000000 0.155959444 0.155493183 0.232127401 0.138884549 0.188826760 0.178457114 0.202760972 0.203032388 0.202761719 0.203195993 0.183454734 0.197436902 0.182619711 0.195684445 0.190459213 0.218969140 0.209015287 0.209500192 0.179487619 0.194765249 0.192984471 0.221177776 0.210489788 0.188605814 0.178950958 0.188269717 0.154257608 0.154417473 0.404860617 
48     0.155963483 0.162978072 0.164231706 0.167884065 0.172771046 0.172720140 0.173343467 0.184082159 0.168787875 0.168579157 0.169073463 0.172109770 0.171789929 0.167937308 0.164935607 0.175354102 0.174464800 0.173019204 0.107812277 0.144487221 0.140598536 0.155959444 0.000000000 0.022174727 0.195913831 0.103305519 0.153564894 0.143162447 0.167461626 0.167620410 0.167349741 0.167784015 0.148001342 0.161854431 0.147226028 0.160357304 0.155132073 0.183442412 0.173665056 0.174290693 0.143994041 0.159139073 0.157330272 0.185573903 0.174654019 0.153232919 0.143469158 0.152676462 0.118955082 0.119114947 0.370525864 
35     0.155527692 0.162542281 0.163795915 0.167448273 0.172335255 0.172284348 0.172907676 0.183646368 0.168352084 0.168143366 0.168637672 0.171673979 0.171354138 0.167501516 0.164499816 0.174918311 0.174029009 0.172583413 0.107453241 0.144020959 0.140132275 0.155493183 0.022174727 0.000000000 0.195506431 0.102898120 0.153129103 0.142726655 0.167025835 0.167184619 0.166913950 0.167348224 0.147565659 0.161418640 0.146790236 0.159921513 0.154696282 0.183006621 0.173229265 0.173854901 0.143558250 0.158703281 0.156894480 0.185130287 0.174218228 0.152797128 0.143033367 0.152240671 0.118519291 0.118679156 0.370090073 
41     0.224817176 0.231897808 0.232822965 0.236620742 0.241684523 0.241633617 0.242097379 0.252836071 0.237546452 0.237337733 0.237832039 0.240883633 0.240574234 0.236721613 0.233675602 0.243873713 0.242974971 0.241757865 0.183143887 0.220606950 0.216643376 0.232127401 0.195913831 0.195506431 0.000000000 0.142484324 0.222092871 0.211435993 0.235678985 0.235954735 0.235684066 0.236118340 0.216250207 0.229793689 0.215331608 0.228437577 0.223212346 0.251711727 0.241308958 0.242170094 0.211885768 0.227358678 0.225625868 0.254179952 0.242836709 0.221624550 0.211944508 0.221174257 0.187263919 0.187423784 0.438663465 
21     0.132393427 0.139448308 0.140661704 0.144328656 0.149407527 0.149356620 0.149820383 0.160559075 0.145269455 0.145060736 0.145555042 0.148606636 0.148286529 0.144433908 0.141417017 0.151522368 0.150633066 0.149470557 0.090950121 0.127302812 0.123426930 0.138884549 0.103305519 0.102898120 0.142484324 0.000000000 0.129563873 0.119027366 0.143369733 0.143565098 0.143297545 0.143731819 0.123922965 0.137736242 0.123085054 0.136214728 0.130989497 0.159375518 0.149016238 0.150006929 0.119381865 0.135313996 0.133491958 0.161553587 0.150702431 0.129266486 0.119839602 0.129077675 0.095072877 0.095232742 0.345425460 
46     0.161294954 0.168110342 0.169625656 0.173124131 0.178134164 0.178083257 0.178559033 0.189237649 0.174047458 0.173835092 0.174314163 0.177379828 0.176989999 0.173150021 0.170122356 0.180594505 0.179705203 0.178003946 0.140213250 0.177265354 0.173381521 0.188826760 0.153564894 0.153129103 0.222092871 0.129563873 0.000000000 0.065549407 0.088454569 0.088498961 0.088401475 0.088709024 0.088013194 0.102493507 0.087864017 0.101109444 0.095832621 0.123753708 0.123869502 0.123620978 0.148522426 0.163280565 0.161185279 0.189906060 0.178756055 0.157100319 0.148009093 0.157091056 0.122744657 0.122904522 0.375496477 
28     0.150204569 0.157165407 0.158615346 0.162463583 0.167454279 0.167403372 0.167879148 0.178557765 0.163372157 0.163163439 0.163642783 0.166711335 0.166326755 0.162486777 0.159512855 0.169908677 0.169019375 0.167319547 0.129791906 0.167004563 0.163121121 0.178457114 0.143162447 0.142726655 0.211435993 0.119027366 0.065549407 0.000000000 0.068417614 0.068316666 0.067927479 0.068435688 0.077039825 0.091396892 0.076756705 0.090127500 0.084674349 0.113248622 0.113068949 0.112751475 0.137555220 0.152952049 0.150998544 0.179552869 0.168425537 0.146743588 0.137657275 0.146698104 0.112296016 0.112455882 0.363772895 
37     0.174903179 0.181822616 0.183167839 0.186887355 0.191878051 0.191827144 0.192302920 0.202981536 0.187795929 0.187587210 0.188066555 0.191131947 0.190750527 0.186910549 0.183917847 0.194353288 0.193463986 0.191748884 0.154100825 0.191243807 0.187360365 0.202760972 0.167461626 0.167025835 0.235678985 0.143369733 0.088454569 0.068417614 0.000000000 0.041311793 0.037904650 0.037956711 0.101555807 0.115694747 0.101296039 0.114554419 0.109096046 0.137305118 0.137309571 0.136951603 0.161997633 0.177235036 0.175361113 0.203927272 0.192846030 0.171107981 0.161966101 0.171044760 0.136588324 0.136748189 0.388791917 
32     0.174593165 0.181543884 0.182915950 0.186639163 0.191629859 0.191578952 0.192054728 0.202733345 0.187547737 0.187339019 0.187818363 0.190883755 0.190502335 0.186662357 0.183680098 0.194146928 0.193257626 0.191540070 0.154285317 0.191489742 0.187606301 0.203032388 0.167620410 0.167184619 0.235954735 0.143565098 0.088498961 0.068316666 0.041311793 0.000000000 0.037344523 0.037438913 0.101514972 0.115693641 0.100790141 0.114551693 0.109090868 0.136997203 0.137289523 0.136844173 0.162349413 0.177198125 0.175307025 0.203873185 0.192791943 0.171053893 0.161912014 0.170990672 0.136619455 0.136779321 0.389027219 
42     0.174762648 0.181705674 0.183086187 0.186783644 0.191774340 0.191723434 0.192199209 0.202877826 0.187692218 0.187483500 0.187962845 0.191028236 0.190646816 0.186806839 0.183824579 0.194236345 0.193347043 0.191631942 0.154014648 0.191219073 0.187335632 0.202761719 0.167349741 0.166913950 0.235684066 0.143297545 0.088401475 0.067927479 0.037904650 0.037344523 0.000000000 0.018876992 0.101219753 0.115329052 0.100930344 0.114187440 0.108722384 0.136831930 0.136778190 0.136401837 0.162088772 0.177138585 0.175198281 0.203764440 0.192683198 0.170945149 0.161803269 0.170881927 0.136425492 0.136585357 0.388930353 
26     0.175227194 0.182139948 0.183504863 0.187217918 0.192208614 0.192157708 0.192633483 0.203312100 0.188126492 0.187917774 0.188397119 0.191462510 0.191081090 0.187241113 0.184258853 0.194670619 0.193781317 0.192066216 0.154448922 0.191653347 0.187769906 0.203195993 0.167784015 0.167348224 0.236118340 0.143731819 0.088709024 0.068435688 0.037956711 0.037438913 0.018876992 0.000000000 0.101560674 0.115678524 0.101293584 0.114550680 0.109079317 0.137186357 0.137367934 0.137001674 0.162523046 0.177572859 0.175632555 0.204198714 0.193117472 0.171379423 0.162237543 0.171316201 0.136859766 0.137019631 0.389364627 
25     0.155462897 0.162407263 0.163864637 0.167419844 0.172459071 0.172408164 0.172883940 0.183480978 0.168378889 0.168170170 0.168649515 0.171714833 0.171331128 0.167493509 0.164334563 0.174793982 0.173904680 0.172192585 0.134717463 0.172009432 0.168125991 0.183454734 0.148001342 0.147565659 0.216250207 0.123922965 0.088013194 0.077039825 0.101555807 0.101514972 0.101219753 0.101560674 0.000000000 0.062678018 0.048042171 0.061194203 0.055876555 0.106710438 0.118178636 0.117558448 0.142651615 0.157974404 0.155776066 0.184522407 0.173361794 0.151589839 0.142265893 0.151373042 0.117027171 0.117191177 0.369731235 
39     0.168933013 0.176039369 0.177498040 0.180733611 0.185828750 0.185777843 0.186253619 0.196760785 0.181728010 0.181539849 0.182019194 0.185084512 0.184700807 0.180863188 0.177736963 0.188304976 0.187415674 0.185700279 0.148643455 0.185937351 0.182053909 0.197436902 0.161854431 0.161418640 0.229793689 0.137736242 0.102493507 0.091396892 0.115694747 0.115693641 0.115329052 0.115678524 0.062678018 0.000000000 0.041575269 0.057105310 0.051851047 0.120848305 0.132118708 0.131990679 0.156153266 0.171765995 0.169634284 0.198402322 0.187196756 0.165273577 0.156064921 0.165188631 0.130863353 0.131023218 0.382642091 
24     0.154305191 0.161418247 0.162875621 0.166197690 0.171181871 0.171130964 0.171605598 0.182111786 0.167080415 0.166889647 0.167368992 0.170430999 0.170165182 0.166327563 0.163103993 0.173700222 0.172810920 0.171098824 0.133850312 0.171132446 0.167249004 0.182619711 0.147226028 0.146790236 0.215331608 0.123085054 0.087864017 0.076756705 0.101296039 0.100790141 0.100930344 0.101293584 0.048042171 0.041575269 0.000000000 0.041866227 0.036702247 0.105705406 0.117503303 0.117323971 0.141960251 0.156828414 0.154649007 0.183380648 0.172202906 0.150287118 0.141307629 0.150448523 0.116220380 0.116380245 0.368927566 
45     0.167118859 0.174432068 0.175729470 0.179310930 0.184354065 0.184303159 0.184778935 0.195234616 0.180249832 0.180065165 0.180544509 0.183609828 0.183202072 0.179364452 0.176234259 0.186674183 0.185784881 0.184072786 0.147067220 0.184193642 0.180310201 0.195684445 0.160357304 0.159921513 0.228437577 0.136214728 0.101109444 0.090127500 0.114554419 0.114551693 0.114187440 0.114550680 0.061194203 0.057105310 0.041866227 0.000000000 0.024758248 0.119242491 0.130669431 0.130702612 0.155110139 0.170381819 0.168119140 0.197033047 0.185827482 0.163892413 0.154682540 0.163800456 0.129494837 0.129654702 0.381109958 
20     0.161892122 0.169206836 0.170504238 0.174084799 0.179128834 0.179077927 0.179553703 0.190010388 0.175024601 0.174839933 0.175319278 0.178384596 0.177976840 0.174139221 0.171009028 0.181448951 0.180559649 0.178847554 0.141841988 0.178968411 0.175084969 0.190459213 0.155132073 0.154696282 0.223212346 0.130989497 0.095832621 0.084674349 0.109096046 0.109090868 0.108722384 0.109079317 0.055876555 0.051851047 0.036702247 0.024758248 0.000000000 0.113876262 0.125277099 0.125321361 0.149840537 0.165107858 0.162823135 0.191759288 0.180553722 0.158618653 0.149407027 0.158531773 0.124221077 0.124380942 0.376743792 
49     0.190840044 0.198037323 0.199374136 0.202716007 0.207743563 0.207692656 0.208168432 0.218770707 0.203663381 0.203454662 0.203934007 0.206999399 0.206615620 0.202778001 0.199680835 0.210099589 0.209210287 0.207483029 0.169961796 0.207320577 0.203437136 0.218969140 0.183442412 0.183006621 0.251711727 0.159375518 0.123753708 0.113248622 0.137305118 0.136997203 0.136831930 0.137186357 0.106710438 0.120848305 0.105705406 0.119242491 0.113876262 0.000000000 0.154398321 0.153645020 0.178155340 0.193148429 0.191132567 0.219711344 0.208403977 0.186756457 0.177612135 0.186767412 0.152561632 0.152721497 0.405002528 
31     0.180956537 0.188003734 0.189359313 0.193128100 0.198097893 0.198046986 0.198509508 0.209157739 0.194022940 0.193807040 0.194286422 0.197358578 0.196939960 0.193128264 0.190225382 0.200280771 0.199391469 0.197624563 0.160201304 0.197353438 0.193469996 0.209015287 0.173665056 0.173229265 0.241308958 0.149016238 0.123869502 0.113068949 0.137309571 0.137289523 0.136778190 0.137367934 0.118178636 0.132118708 0.117503303 0.130669431 0.125277099 0.154398321 0.000000000 0.095031238 0.168466289 0.183753541 0.181883712 0.210477808 0.199074425 0.177314696 0.168289555 0.177293044 0.143329467 0.143489332 0.394932425 
22     0.181210855 0.188281572 0.189647375 0.193362494 0.198281705 0.198230798 0.198706574 0.209385190 0.194289367 0.194080648 0.194560030 0.197609913 0.197243965 0.193403987 0.190222671 0.200309471 0.199420169 0.197614878 0.160781458 0.197751654 0.193868213 0.209500192 0.174290693 0.173854901 0.242170094 0.150006929 0.123620978 0.112751475 0.136951603 0.136844173 0.136401837 0.137001674 0.117558448 0.131990679 0.117323971 0.130702612 0.125321361 0.153645020 0.095031238 0.000000000 0.168733902 0.183956623 0.182150784 0.210519283 0.199286216 0.177527134 0.168500239 0.177437721 0.143480132 0.143639997 0.395349846 
19     0.148533801 0.155799571 0.157099841 0.160339459 0.165367765 0.165316858 0.165768756 0.176429584 0.161236972 0.161019905 0.161515247 0.164599830 0.164205280 0.160352658 0.156628480 0.168101255 0.167211953 0.165691968 0.131220937 0.167835255 0.163948581 0.179487619 0.143994041 0.143558250 0.211885768 0.119381865 0.148522426 0.137555220 0.161997633 0.162349413 0.162088772 0.162523046 0.142651615 0.156153266 0.141960251 0.155110139 0.149840537 0.178155340 0.168466289 0.168733902 0.000000000 0.152382203 0.150585718 0.178981588 0.167524159 0.146200870 0.136488981 0.145633339 0.111474614 0.111634480 0.362243699 
44     0.161692632 0.169668153 0.171001031 0.174109953 0.179519091 0.179468184 0.179905646 0.190590014 0.175373681 0.175164963 0.175660329 0.178763375 0.178197278 0.174344657 0.171590806 0.181777709 0.180888407 0.179403865 0.146766822 0.182729147 0.178847017 0.194765249 0.159139073 0.158703281 0.227358678 0.135313996 0.163280565 0.152952049 0.177235036 0.177198125 0.177138585 0.177572859 0.157974404 0.171765995 0.156828414 0.170381819 0.165107858 0.193148429 0.183753541 0.183956623 0.152382203 0.000000000 0.065917003 0.097327680 0.086354320 0.080588378 0.125475950 0.134721100 0.105256876 0.105419158 0.377411592 
34     0.160174617 0.167916526 0.169190703 0.172274401 0.177708762 0.177657856 0.178095318 0.188815099 0.173563353 0.173354634 0.173850000 0.176953047 0.176454576 0.172601955 0.169782575 0.179941805 0.179052503 0.177661736 0.144867234 0.180738364 0.176851085 0.192984471 0.157330272 0.156894480 0.225625868 0.133491958 0.161185279 0.150998544 0.175361113 0.175307025 0.175198281 0.175632555 0.155776066 0.169634284 0.154649007 0.168119140 0.162823135 0.191132567 0.181883712 0.182150784 0.150585718 0.065917003 0.000000000 0.096553742 0.085571892 0.078709452 0.123669769 0.132930462 0.103569724 0.103732006 0.375023459 
27     0.188380128 0.196266669 0.197549159 0.200668828 0.206059544 0.206008637 0.206464522 0.217184303 0.201932557 0.201723838 0.202219204 0.205322251 0.204827307 0.200974686 0.198151168 0.208252439 0.207363137 0.205974585 0.173124431 0.208945464 0.205063335 0.221177776 0.185573903 0.185130287 0.254179952 0.161553587 0.189906060 0.179552869 0.203927272 0.203873185 0.203764440 0.204198714 0.184522407 0.198402322 0.183380648 0.197033047 0.191759288 0.219711344 0.210477808 0.210519283 0.178981588 0.097327680 0.096553742 0.000000000 0.101176981 0.107229576 0.152470700 0.161709485 0.132036228 0.132198510 0.403987102 
40     0.177130489 0.185004744 0.186299521 0.189398202 0.194828328 0.194777421 0.195214883 0.205934665 0.190682918 0.190474199 0.190969565 0.194072612 0.193575346 0.189722725 0.186901530 0.196924571 0.196035269 0.194724946 0.162232404 0.198394937 0.194512808 0.210489788 0.174654019 0.174218228 0.242836709 0.150702431 0.178756055 0.168425537 0.192846030 0.192791943 0.192683198 0.193117472 0.173361794 0.187196756 0.172202906 0.185827482 0.180553722 0.208403977 0.199074425 0.199286216 0.167524159 0.086354320 0.085571892 0.101176981 0.000000000 0.096208685 0.141107666 0.150346452 0.120697425 0.120859707 0.392801070 
36     0.155249691 0.163054329 0.164350109 0.167557518 0.172931320 0.172880413 0.173317876 0.184037657 0.168785910 0.168577192 0.169072558 0.172175604 0.171744883 0.167892262 0.164980789 0.175131085 0.174241783 0.172827103 0.140554195 0.176580151 0.172698021 0.188605814 0.153232919 0.152797128 0.221624550 0.129266486 0.157100319 0.146743588 0.171107981 0.171053893 0.170945149 0.171379423 0.151589839 0.165273577 0.150287118 0.163892413 0.158618653 0.186756457 0.177314696 0.177527134 0.146200870 0.080588378 0.078709452 0.107229576 0.096208685 0.000000000 0.119630380 0.128880091 0.099329201 0.099491483 0.371313406 
29     0.146596864 0.154072892 0.155208356 0.158385393 0.163795517 0.163744611 0.164182073 0.174918145 0.159663270 0.159442383 0.159949917 0.163052451 0.162610074 0.158757453 0.155701326 0.166057379 0.165168077 0.163759960 0.130834303 0.167284876 0.163402747 0.178950958 0.143469158 0.143033367 0.211944508 0.119839602 0.148009093 0.137657275 0.161966101 0.161912014 0.161803269 0.162237543 0.142265893 0.156064921 0.141307629 0.154682540 0.149407027 0.177612135 0.168289555 0.168500239 0.136488981 0.125475950 0.123669769 0.152470700 0.141107666 0.119630380 0.000000000 0.053830278 0.090086822 0.090241544 0.361631699 
38     0.155965582 0.163440596 0.164519346 0.167574281 0.173101199 0.173050292 0.173487754 0.184223826 0.168956783 0.168748064 0.169243430 0.172345964 0.171915755 0.168063134 0.165040706 0.175197356 0.174308054 0.172899937 0.140022835 0.176636149 0.172754019 0.188269717 0.152676462 0.152240671 0.221174257 0.129077675 0.157091056 0.146698104 0.171044760 0.170990672 0.170881927 0.171316201 0.151373042 0.165188631 0.150448523 0.163800456 0.158531773 0.186767412 0.177293044 0.177437721 0.145633339 0.134721100 0.132930462 0.161709485 0.150346452 0.128880091 0.053830278 0.000000000 0.099372359 0.099532225 0.370777462 
30     0.121816513 0.129296795 0.130495875 0.133862067 0.138976700 0.138925793 0.139373619 0.150112171 0.134842648 0.134633929 0.135129295 0.138250096 0.137798225 0.133945604 0.131037186 0.141342288 0.140452986 0.138904436 0.106203884 0.142635749 0.138753619 0.154257608 0.118955082 0.118519291 0.187263919 0.095072877 0.122744657 0.112296016 0.136588324 0.136619455 0.136425492 0.136859766 0.117027171 0.130863353 0.116220380 0.129494837 0.124221077 0.152561632 0.143329467 0.143480132 0.111474614 0.105256876 0.103569724 0.132036228 0.120697425 0.099329201 0.090086822 0.099372359 0.000000000 0.006628516 0.337367221 
23     0.121976378 0.129456660 0.130655740 0.134021933 0.139136565 0.139085659 0.139533484 0.150272036 0.135002513 0.134793794 0.135289160 0.138409961 0.137958090 0.134105469 0.131197051 0.141502153 0.140612851 0.139064302 0.106363749 0.142795614 0.138913484 0.154417473 0.119114947 0.118679156 0.187423784 0.095232742 0.122904522 0.112455882 0.136748189 0.136779321 0.136585357 0.137019631 0.117191177 0.131023218 0.116380245 0.129654702 0.124380942 0.152721497 0.143489332 0.143639997 0.111634480 0.105419158 0.103732006 0.132198510 0.120859707 0.099491483 0.090241544 0.099532225 0.006628516 0.000000000 0.337527086 
0     0.367589866 0.373666997 0.375576210 0.379253016 0.384292462 0.384241555 0.385023223 0.395770612 0.380474248 0.380265530 0.380765575 0.383866627 0.383433209 0.379587793 0.376372400 0.387516370 0.386627068 0.384887197 0.358345138 0.393258738 0.389067456 0.404860617 0.370525864 0.370090073 0.438663465 0.345425460 0.375496477 0.363772895 0.388791917 0.389027219 0.388930353 0.389364627 0.369731235 0.382642091 0.368927566 0.381109958 0.376743792 0.405002528 0.394932425 0.395349846 0.362243699 0.377411592 0.375023459 0.403987102 0.392801070 0.371313406 0.361631699 0.370777462 0.337367221 0.337527086 0.000000000 
