51
14     0.000000000 0.000354710 0.000732960 0.000675440 0.001657820 0.001604650 0.001511900 0.001414350 0.001552780 0.001427700 0.001607080 0.001595650 0.001899420 0.002015060 0.000599810 0.001728420 0.001764920 0.001835410 0.002236070 0.003223370 0.003207330 0.002583520 0.001572810 0.001596930 0.002683810 0.001871580 0.002719570 0.002445570 0.002667500 0.001616860 0.000704600 0.000707720 0.002301260 0.002483780 0.001696210 0.002924000 0.002139280 0.003674680 0.002548420 0.002586240 0.001141450 0.003128690 0.002909700 0.004261270 0.003779200 0.003082770 0.003049270 0.002508750 0.001371340 0.001284580 0.001127390 
12     0.000354710 0.000000000 0.000078050 0.001250360 0.001710520 0.001657350 0.001564600 0.001467050 0.001605480 0.001739810 0.001749910 0.001648350 0.001952120 0.002136150 0.001174730 0.001781120 0.001817620 0.001888110 0.002311280 0.003276070 0.003260030 0.003158440 0.002147730 0.002171850 0.002759020 0.001946790 0.002661090 0.002728360 0.003122770 0.002783950 0.003242870 0.003138110 0.002604230 0.003087320 0.002759060 0.002865520 0.002898380 0.003616200 0.002601120 0.002638940 0.001515480 0.003193790 0.002962400 0.004202790 0.003783820 0.003135470 0.003101970 0.002561450 0.001446550 0.001359790 0.001702310 
16     0.000732960 0.000078050 0.000000000 0.001065780 0.001696370 0.001643200 0.001550450 0.001452900 0.001591330 0.001725660 0.001735760 0.001634200 0.001937970 0.002106830 0.000990150 0.001766970 0.001803470 0.001873960 0.002731750 0.003261920 0.003245880 0.002973860 0.001963150 0.001987270 0.003747390 0.002410280 0.002780120 0.002847390 0.003057840 0.002467350 0.003234780 0.003257140 0.002723260 0.003206350 0.002878090 0.002984550 0.003017410 0.003735230 0.002586970 0.002624790 0.001531790 0.003179640 0.002948250 0.004321820 0.003902850 0.003121320 0.003087820 0.002547300 0.002434920 0.002348160 0.001517730 
10     0.000675440 0.001250360 0.001065780 0.000000000 0.000710360 0.000494170 0.000442050 0.000466890 0.000605320 0.000739650 0.000283440 0.000648190 0.000745660 0.000770490 0.000158070 0.001550840 0.001587340 0.001657830 0.001918900 0.002449070 0.002433030 0.002861100 0.001850390 0.001874510 0.002465980 0.001597430 0.002430830 0.002671430 0.002945080 0.003260910 0.003122020 0.003237300 0.002280110 0.002948450 0.002858250 0.002761660 0.002634210 0.003353690 0.001774120 0.001811940 0.001191720 0.002366790 0.002135400 0.004219620 0.003644640 0.002308470 0.002274970 0.001734450 0.001153510 0.001066750 0.001404970 
18     0.001657820 0.001710520 0.001696370 0.000710360 0.000000000 0.000023380 0.000223000 0.000259370 0.000532640 0.000666970 0.000677070 0.000575510 0.000783220 0.000655720 0.001051820 0.001539820 0.001576320 0.001646810 0.001907880 0.002438050 0.002422010 0.003273370 0.002523650 0.002476410 0.003601830 0.001586410 0.002419810 0.002660410 0.003431690 0.003564880 0.003528980 0.003461610 0.002269090 0.002937430 0.002942070 0.002750640 0.002623190 0.003342670 0.001763100 0.001800920 0.001180700 0.002355770 0.002124380 0.004526290 0.003633620 0.002297450 0.002263950 0.001723430 0.002289360 0.002202600 0.003859480 
1     0.001604650 0.001657350 0.001643200 0.000494170 0.000023380 0.000000000 0.000204030 0.000402700 0.000541130 0.000675460 0.000685560 0.000584000 0.000829090 0.000662480 0.000998650 0.001486650 0.001523150 0.001593640 0.001854710 0.002384880 0.002368840 0.003220200 0.002470480 0.002423240 0.003553120 0.001533240 0.002366640 0.002607240 0.003378520 0.003579060 0.003475810 0.003453600 0.002215920 0.002884260 0.002888900 0.002697470 0.002570020 0.003289500 0.001709930 0.001747750 0.001127530 0.002302600 0.002071210 0.004540470 0.003580450 0.002244280 0.002210780 0.001670260 0.002240650 0.002153890 0.002775460 
13     0.001511900 0.001564600 0.001550450 0.000442050 0.000223000 0.000204030 0.000000000 0.000113450 0.000386720 0.000521050 0.000531150 0.000429590 0.000637300 0.000283170 0.000905900 0.001393900 0.001430400 0.001500890 0.001761960 0.002292130 0.002276090 0.003127450 0.002377730 0.002330490 0.003981300 0.001440490 0.002273890 0.002514490 0.003285770 0.003563020 0.003383060 0.003360850 0.002123170 0.002791510 0.002796150 0.002604720 0.002477270 0.003196750 0.001617180 0.001655000 0.001034780 0.002209850 0.001978460 0.004524430 0.003487700 0.002151530 0.002118030 0.001577510 0.002517870 0.002679800 0.003553850 
5     0.001414350 0.001467050 0.001452900 0.000466890 0.000259370 0.000402700 0.000113450 0.000000000 0.000289170 0.000423500 0.000433600 0.000332040 0.000539750 0.000653300 0.000808350 0.001296350 0.001332850 0.001403340 0.001664410 0.002194580 0.002178540 0.003029900 0.002280180 0.002232940 0.004145300 0.001342940 0.002176340 0.002416940 0.003188220 0.003676750 0.003285510 0.003263300 0.002025620 0.002693960 0.002698600 0.002507170 0.002379720 0.003099200 0.001519630 0.001557450 0.000937230 0.002112300 0.001880910 0.004688430 0.003390150 0.002053980 0.002020480 0.001479960 0.002420320 0.002582250 0.004185030 
3     0.001552780 0.001605480 0.001591330 0.000605320 0.000532640 0.000541130 0.000386720 0.000289170 0.000000000 0.000228270 0.000171270 0.000215490 0.000497520 0.000399980 0.000946780 0.001434780 0.001471280 0.001541770 0.001802840 0.002333010 0.002316970 0.003168330 0.002418610 0.002371370 0.003975910 0.001481370 0.002314770 0.002555370 0.003326650 0.003557630 0.003423940 0.003401730 0.002164050 0.002832390 0.002837030 0.002645600 0.002518150 0.003237630 0.001658060 0.001695880 0.001075660 0.002250730 0.002019340 0.004519040 0.003528580 0.002192410 0.002158910 0.001618390 0.002558750 0.002720680 0.004015640 
9     0.001427700 0.001739810 0.001725660 0.000739650 0.000666970 0.000675460 0.000521050 0.000423500 0.000228270 0.000000000 0.000044280 0.000349820 0.000468540 0.000371000 0.000836530 0.001569110 0.001605610 0.001676100 0.001937170 0.002467340 0.002451300 0.003302660 0.002552940 0.002505700 0.003929810 0.001615700 0.002449100 0.002689700 0.003392920 0.003511530 0.003513020 0.003408260 0.002298380 0.002966720 0.002971360 0.002779930 0.002652480 0.003371960 0.001792390 0.001830210 0.001209990 0.002385060 0.002153670 0.004472940 0.003662910 0.002326740 0.002293240 0.001752720 0.002693080 0.002693900 0.002157230 
11     0.001607080 0.001749910 0.001735760 0.000283440 0.000677070 0.000685560 0.000531150 0.000433600 0.000171270 0.000044280 0.000000000 0.000471290 0.000495160 0.000325380 0.001015910 0.001579210 0.001615710 0.001686200 0.001947270 0.002477440 0.002461400 0.003312760 0.002563040 0.002515800 0.003956430 0.001625800 0.000072930 0.002699800 0.003100240 0.003538150 0.002783990 0.002563300 0.002308480 0.002976820 0.002981460 0.002790030 0.002662580 0.003382060 0.001802490 0.001840310 0.001220090 0.002395160 0.002163770 0.004499560 0.003673010 0.002336840 0.002303340 0.001762820 0.002703180 0.002720520 0.002336610 
17     0.001595650 0.001648350 0.001634200 0.000648190 0.000575510 0.000584000 0.000429590 0.000332040 0.000215490 0.000349820 0.000471290 0.000000000 0.000421420 0.000366510 0.000732720 0.001477650 0.001514150 0.001584640 0.001845710 0.002375880 0.002359840 0.003211200 0.002461480 0.002414240 0.003999280 0.001524240 0.002357640 0.002598240 0.003369520 0.003581000 0.003466810 0.003444600 0.002206920 0.002875260 0.002879900 0.002688470 0.002561020 0.003280500 0.001700930 0.001738750 0.001118530 0.002293600 0.002062210 0.004542410 0.003571450 0.002235280 0.002201780 0.001661260 0.002601620 0.002763370 0.004039010 
8     0.001899420 0.001952120 0.001937970 0.000745660 0.000783220 0.000829090 0.000637300 0.000539750 0.000497520 0.000468540 0.000495160 0.000421420 0.000000000 0.000172600 0.001293420 0.001781420 0.001817920 0.001888410 0.002149480 0.002679650 0.002663610 0.003514970 0.002765250 0.002718010 0.004023150 0.001828010 0.002661410 0.002902010 0.003486260 0.003604870 0.003606360 0.003501600 0.002510690 0.003179030 0.003122550 0.002992240 0.002864790 0.003584270 0.002004700 0.002042520 0.001422300 0.002597370 0.002365980 0.004566280 0.003875220 0.002539050 0.002505550 0.001965030 0.002805120 0.002724180 0.004062880 
7     0.002015060 0.002136150 0.002106830 0.000770490 0.000655720 0.000662480 0.000283170 0.000653300 0.000399980 0.000371000 0.000325380 0.000366510 0.000172600 0.000000000 0.001228010 0.001965450 0.002001950 0.002072440 0.002333510 0.002863680 0.002847640 0.003699000 0.002937420 0.002902040 0.003925610 0.002012040 0.002845440 0.002994310 0.003388720 0.003507330 0.003508820 0.003404060 0.002694720 0.003353270 0.003025010 0.003131470 0.003048820 0.003768300 0.002188730 0.002226550 0.001606330 0.002781400 0.002550010 0.004468740 0.004049770 0.002723080 0.002353970 0.002149060 0.002707580 0.002689700 0.003965340 
6     0.000599810 0.001174730 0.000990150 0.000158070 0.001051820 0.000998650 0.000905900 0.000808350 0.000946780 0.000836530 0.001015910 0.000732720 0.001293420 0.001228010 0.000000000 0.001884300 0.001920800 0.000055730 0.002252360 0.002782530 0.002766490 0.002785470 0.001774760 0.001798880 0.002824330 0.001930890 0.002545840 0.002779560 0.002869450 0.003185280 0.003046390 0.003189310 0.002613570 0.003138520 0.002810260 0.002916720 0.002949580 0.003667400 0.002107580 0.002145400 0.001343400 0.001116220 0.002468860 0.003813470 0.003542440 0.002509160 0.002608430 0.002067910 0.001511860 0.001425100 0.001329340 
2     0.001728420 0.001781120 0.001766970 0.001550840 0.001539820 0.001486650 0.001393900 0.001296350 0.001434780 0.001569110 0.001579210 0.001477650 0.001781420 0.001965450 0.001884300 0.000000000 0.000002870 0.000039600 0.002575200 0.003105370 0.003089330 0.003940690 0.003190970 0.003143730 0.004267270 0.002253730 0.003087130 0.003327730 0.003730380 0.003848990 0.003850480 0.003745720 0.002936410 0.003604750 0.003366670 0.003417960 0.003290510 0.004009990 0.002430420 0.002468240 0.001848020 0.003023090 0.002791700 0.004810400 0.004300940 0.002964770 0.002931270 0.002390750 0.003049240 0.003031360 0.004307000 
4     0.001764920 0.001817620 0.001803470 0.001587340 0.001576320 0.001523150 0.001430400 0.001332850 0.001471280 0.001605610 0.001615710 0.001514150 0.001817920 0.002001950 0.001920800 0.000002870 0.000000000 0.000157680 0.002611700 0.003141870 0.003125830 0.003977190 0.003207820 0.003180230 0.002299440 0.002290230 0.003123630 0.003264710 0.003659120 0.003777730 0.003779220 0.003674460 0.002972910 0.003623670 0.003295410 0.003401870 0.003327010 0.004046490 0.002466920 0.002504740 0.001884520 0.003059590 0.002828200 0.004739140 0.004320170 0.003001270 0.002967770 0.002427250 0.002196900 0.002110140 0.003767020 
15     0.001835410 0.001888110 0.001873960 0.001657830 0.001646810 0.001593640 0.001500890 0.001403340 0.001541770 0.001676100 0.001686200 0.001584640 0.001888410 0.002072440 0.000055730 0.000039600 0.000157680 0.000000000 0.002682190 0.003212360 0.003196320 0.004047680 0.003226660 0.003250720 0.004214850 0.002360720 0.003194120 0.003283550 0.003677960 0.003796570 0.003798060 0.003693300 0.003043400 0.003642510 0.003314250 0.003420710 0.003397500 0.004116980 0.002537410 0.002575230 0.001955010 0.000555070 0.002898690 0.004757980 0.004339010 0.003071760 0.003038260 0.002497740 0.002996820 0.002978940 0.004182150 
43     0.002236070 0.002311280 0.002731750 0.001918900 0.001907880 0.001854710 0.001761960 0.001664410 0.001802840 0.001937170 0.001947270 0.001845710 0.002149480 0.002333510 0.002252360 0.002575200 0.002611700 0.002682190 0.000000000 0.001344410 0.001328370 0.001274530 0.001430010 0.001382770 0.000410700 0.000545010 0.001941830 0.002182430 0.002953710 0.003166300 0.003051000 0.003028790 0.001791110 0.002459450 0.002464090 0.002272660 0.002145210 0.002864690 0.001285120 0.001322940 0.000743980 0.001919050 0.001687660 0.003572030 0.003153060 0.001860730 0.001862610 0.001322090 0.001040430 0.000953670 0.003289150 
50     0.003223370 0.003276070 0.003261920 0.002449070 0.002438050 0.002384880 0.002292130 0.002194580 0.002333010 0.002467340 0.002477440 0.002375880 0.002679650 0.002863680 0.002782530 0.003105370 0.003141870 0.003212360 0.001344410 0.000000000 0.000002790 0.000679600 0.001949360 0.001902120 0.003264840 0.001075180 0.002472000 0.002712600 0.003483880 0.003972410 0.003581170 0.003558960 0.002321280 0.002989620 0.002994260 0.002802830 0.002675380 0.003394860 0.001815290 0.001853110 0.001274150 0.002449220 0.002217830 0.004381570 0.003727070 0.002390900 0.002392780 0.001852260 0.002620410 0.002602530 0.002414870 
47     0.003207330 0.003260030 0.003245880 0.002433030 0.002422010 0.002368840 0.002276090 0.002178540 0.002316970 0.002451300 0.002461400 0.002359840 0.002663610 0.002847640 0.002766490 0.003089330 0.003125830 0.003196320 0.001328370 0.000002790 0.000000000 0.000120680 0.001933320 0.001886080 0.003018770 0.001059140 0.002455960 0.002696560 0.003467840 0.003926720 0.003565130 0.003542920 0.002305240 0.002973580 0.002978220 0.002786790 0.002659340 0.003378820 0.001799250 0.001837070 0.001258110 0.002433180 0.002085840 0.004332450 0.003711030 0.002374860 0.002376740 0.001836220 0.002571290 0.002553410 0.002679630 
33     0.002583520 0.003158440 0.002973860 0.002861100 0.003273370 0.003220200 0.003127450 0.003029900 0.003168330 0.003302660 0.003312760 0.003211200 0.003514970 0.003699000 0.002785470 0.003940690 0.003977190 0.004047680 0.001274530 0.000679600 0.000120680 0.000000000 0.001790710 0.001719760 0.002767950 0.001910500 0.003301140 0.003522740 0.003207000 0.003441400 0.003383940 0.003385040 0.003129220 0.003786040 0.003553440 0.003638150 0.003510700 0.003803230 0.002650610 0.002688430 0.001680950 0.003284540 0.003053150 0.003820930 0.004022520 0.003226220 0.003228100 0.002687580 0.002461700 0.002515460 0.001666890 
48     0.001572810 0.002147730 0.001963150 0.001850390 0.002523650 0.002470480 0.002377730 0.002280180 0.002418610 0.002552940 0.002563040 0.002461480 0.002765250 0.002937420 0.001774760 0.003190970 0.003207820 0.003226660 0.001430010 0.001949360 0.001933320 0.001790710 0.000000000 0.000024810 0.003324610 0.001160780 0.002384540 0.002451810 0.002196290 0.002512120 0.002373230 0.002861560 0.000420950 0.002810770 0.002482510 0.002588970 0.002621830 0.003339650 0.001900890 0.001938710 0.000670240 0.002534820 0.002303430 0.004065200 0.003307610 0.002476500 0.002478380 0.001937860 0.002304040 0.002286160 0.000656180 
35     0.001596930 0.002171850 0.001987270 0.001874510 0.002476410 0.002423240 0.002330490 0.002232940 0.002371370 0.002505700 0.002515800 0.002414240 0.002718010 0.002902040 0.001798880 0.003143730 0.003180230 0.003250720 0.001382770 0.001902120 0.001886080 0.001719760 0.000024810 0.000000000 0.003022230 0.001113540 0.002464620 0.002531890 0.002220410 0.002536240 0.002397350 0.002914930 0.000796830 0.002890850 0.002562590 0.002669050 0.002701910 0.003419730 0.001853650 0.001891470 0.000694360 0.002487580 0.002256190 0.004075210 0.003331730 0.002429260 0.002431140 0.001890620 0.002384120 0.002366240 0.000680300 
41     0.002683810 0.002759020 0.003747390 0.002465980 0.003601830 0.003553120 0.003981300 0.004145300 0.003975910 0.003929810 0.003956430 0.003999280 0.004023150 0.003925610 0.002824330 0.004267270 0.002299440 0.004214850 0.000410700 0.003264840 0.003018770 0.002767950 0.003324610 0.003022230 0.000000000 0.000101920 0.003511690 0.003578960 0.003973370 0.004091980 0.003939890 0.003988710 0.003454830 0.003937920 0.003609660 0.003716120 0.003748980 0.004341150 0.004411360 0.003691030 0.001375840 0.003808560 0.004296750 0.004497710 0.004078740 0.003582410 0.003846980 0.003574460 0.001488170 0.001401410 0.003765830 
21     0.001871580 0.001946790 0.002410280 0.001597430 0.001586410 0.001533240 0.001440490 0.001342940 0.001481370 0.001615700 0.001625800 0.001524240 0.001828010 0.002012040 0.001930890 0.002253730 0.002290230 0.002360720 0.000545010 0.001075180 0.001059140 0.001910500 0.001160780 0.001113540 0.000101920 0.000000000 0.001620360 0.001860960 0.002632240 0.003072090 0.002729530 0.002707320 0.001469640 0.002137980 0.002142620 0.001951190 0.001823740 0.002543220 0.000963650 0.001001470 0.000422510 0.000965200 0.001366190 0.003477820 0.002875430 0.001539260 0.001541140 0.001000620 0.000675940 0.000589180 0.001652700 
46     0.002719570 0.002661090 0.002780120 0.002430830 0.002419810 0.002366640 0.002273890 0.002176340 0.002314770 0.002449100 0.000072930 0.002357640 0.002661410 0.002845440 0.002545840 0.003087130 0.003123630 0.003194120 0.001941830 0.002472000 0.002455960 0.003301140 0.002384540 0.002464620 0.003511690 0.001620360 0.000000000 0.000131990 0.000378480 0.000694310 0.000146670 0.000330800 0.000321860 0.000990200 0.000994840 0.000803410 0.000675960 0.000522290 0.001246230 0.001284050 0.001255910 0.002430980 0.001222510 0.002828580 0.003635850 0.002372660 0.002374540 0.001834020 0.002293660 0.002275780 0.002110670 
28     0.002445570 0.002728360 0.002847390 0.002671430 0.002660410 0.002607240 0.002514490 0.002416940 0.002555370 0.002689700 0.002699800 0.002598240 0.002902010 0.002994310 0.002779560 0.003327730 0.003264710 0.003283550 0.002182430 0.002712600 0.002696560 0.003522740 0.002451810 0.002531890 0.003578960 0.001860960 0.000131990 0.000000000 0.000577650 0.000117050 0.000145700 0.000329830 0.000562460 0.001230800 0.001220790 0.001044010 0.000916560 0.000546960 0.001486830 0.001524650 0.001496510 0.002671580 0.002440190 0.004122090 0.003703120 0.002613260 0.002615140 0.002074620 0.002360930 0.002343050 0.002309200 
37     0.002667500 0.003122770 0.003057840 0.002945080 0.003431690 0.003378520 0.003285770 0.003188220 0.003326650 0.003392920 0.003100240 0.003369520 0.003486260 0.003388720 0.002869450 0.003730380 0.003659120 0.003677960 0.002953710 0.003483880 0.003467840 0.003207000 0.002196290 0.002220410 0.003973370 0.002632240 0.000378480 0.000577650 0.000000000 0.000003600 0.000179820 0.000252980 0.000724180 0.000944530 0.000691200 0.001815290 0.001687840 0.001230100 0.001544870 0.001681760 0.001762590 0.003442860 0.002068720 0.003674790 0.004097530 0.003384540 0.003386420 0.002845900 0.002755340 0.002737460 0.001736310 
32     0.001616860 0.002783950 0.002467350 0.003260910 0.003564880 0.003579060 0.003563020 0.003676750 0.003557630 0.003511530 0.003538150 0.003581000 0.003604870 0.003507330 0.003185280 0.003848990 0.003777730 0.003796570 0.003166300 0.003972410 0.003926720 0.003441400 0.002512120 0.002536240 0.004091980 0.003072090 0.000694310 0.000117050 0.000003600 0.000000000 0.000356590 0.000309160 0.001040010 0.001260360 0.001007030 0.001998080 0.002030940 0.002447090 0.001860700 0.002472050 0.002078420 0.003931390 0.003700000 0.004176650 0.004216140 0.003596900 0.003874950 0.003334430 0.002817420 0.002856070 0.002052140 
42     0.000704600 0.003242870 0.003234780 0.003122020 0.003528980 0.003475810 0.003383060 0.003285510 0.003423940 0.003513020 0.002783990 0.003466810 0.003606360 0.003508820 0.003046390 0.003850480 0.003779220 0.003798060 0.003051000 0.003581170 0.003565130 0.003383940 0.002373230 0.002397350 0.003939890 0.002729530 0.000146670 0.000145700 0.000179820 0.000356590 0.000000000 0.000030970 0.000901120 0.001121470 0.000868140 0.001912580 0.000544500 0.000560480 0.001721810 0.001666990 0.001939530 0.003540150 0.003308760 0.004137790 0.004217630 0.003481830 0.003483710 0.002943190 0.002778560 0.002761160 0.001913250 
26     0.000707720 0.003138110 0.003257140 0.003237300 0.003461610 0.003453600 0.003360850 0.003263300 0.003401730 0.003408260 0.002563300 0.003444600 0.003501600 0.003404060 0.003189310 0.003745720 0.003674460 0.003693300 0.003028790 0.003558960 0.003542920 0.003385040 0.002861560 0.002914930 0.003988710 0.002707320 0.000330800 0.000329830 0.000252980 0.000309160 0.000030970 0.000000000 0.001408820 0.001639050 0.001385720 0.001890370 0.000863250 0.000744610 0.002239390 0.001851120 0.002342870 0.003517940 0.003268990 0.004120290 0.004112870 0.003459620 0.003461500 0.002920980 0.002761060 0.002752800 0.002430830 
25     0.002301260 0.002604230 0.002723260 0.002280110 0.002269090 0.002215920 0.002123170 0.002025620 0.002164050 0.002298380 0.002308480 0.002206920 0.002510690 0.002694720 0.002613570 0.002936410 0.002972910 0.003043400 0.001791110 0.002321280 0.002305240 0.003129220 0.000420950 0.000796830 0.003454830 0.001469640 0.000321860 0.000562460 0.000724180 0.001040010 0.000901120 0.001408820 0.000000000 0.000276270 0.000588560 0.000508110 0.000380660 0.001214620 0.001095510 0.001133330 0.001105190 0.002280260 0.002048870 0.002810630 0.003558110 0.002221940 0.002223820 0.001683300 0.002236800 0.002218920 0.002277670 
39     0.002483780 0.003087320 0.003206350 0.002948450 0.002937430 0.002884260 0.002791510 0.002693960 0.002832390 0.002966720 0.002976820 0.002875260 0.003179030 0.003353270 0.003138520 0.003604750 0.003623670 0.003642510 0.002459450 0.002989620 0.002973580 0.003786040 0.002810770 0.002890850 0.003937920 0.002137980 0.000990200 0.001230800 0.000944530 0.001260360 0.001121470 0.001639050 0.000276270 0.000000000 0.000483470 0.000687740 0.000772140 0.001882960 0.001763850 0.001801670 0.001773530 0.002948600 0.002717210 0.004481050 0.004062080 0.002890280 0.002892160 0.002351640 0.002719890 0.002702010 0.002498020 
24     0.001696210 0.002759060 0.002878090 0.002858250 0.002942070 0.002888900 0.002796150 0.002698600 0.002837030 0.002971360 0.002981460 0.002879900 0.003122550 0.003025010 0.002810260 0.003366670 0.003295410 0.003314250 0.002464090 0.002994260 0.002978220 0.003553440 0.002482510 0.002562590 0.003609660 0.002142620 0.000994840 0.001220790 0.000691200 0.001007030 0.000868140 0.001385720 0.000588560 0.000483470 0.000000000 0.000522900 0.000354640 0.000673870 0.001768490 0.001806310 0.001778170 0.002953240 0.002721850 0.004152790 0.003733820 0.002894920 0.002896800 0.002356280 0.002391630 0.002373750 0.002244690 
45     0.002924000 0.002865520 0.002984550 0.002761660 0.002750640 0.002697470 0.002604720 0.002507170 0.002645600 0.002779930 0.002790030 0.002688470 0.002992240 0.003131470 0.002916720 0.003417960 0.003401870 0.003420710 0.002272660 0.002802830 0.002786790 0.003638150 0.002588970 0.002669050 0.003716120 0.001951190 0.000803410 0.001044010 0.001815290 0.001998080 0.001912580 0.001890370 0.000508110 0.000687740 0.000522900 0.000000000 0.000002980 0.000416050 0.001577060 0.001517920 0.001443410 0.002761810 0.002530420 0.002573460 0.003840280 0.002416180 0.001620020 0.001907310 0.001797780 0.001790990 0.003755850 
20     0.002139280 0.002898380 0.003017410 0.002634210 0.002623190 0.002570020 0.002477270 0.002379720 0.002518150 0.002652480 0.002662580 0.002561020 0.002864790 0.003048820 0.002949580 0.003290510 0.003327010 0.003397500 0.002145210 0.002675380 0.002659340 0.003510700 0.002621830 0.002701910 0.003748980 0.001823740 0.000675960 0.000916560 0.001687840 0.002030940 0.000544500 0.000863250 0.000380660 0.000772140 0.000354640 0.000002980 0.000000000 0.000877380 0.001449610 0.001487430 0.001398530 0.002634360 0.002402970 0.002528580 0.003873140 0.002371300 0.001575140 0.001862430 0.001752900 0.001746110 0.003788710 
49     0.003674680 0.003616200 0.003735230 0.003353690 0.003342670 0.003289500 0.003196750 0.003099200 0.003237630 0.003371960 0.003382060 0.003280500 0.003584270 0.003768300 0.003667400 0.004009990 0.004046490 0.004116980 0.002864690 0.003394860 0.003378820 0.003803230 0.003339650 0.003419730 0.004341150 0.002543220 0.000522290 0.000546960 0.001230100 0.002447090 0.000560480 0.000744610 0.001214620 0.001882960 0.000673870 0.000416050 0.000877380 0.000000000 0.002169090 0.001159610 0.002178770 0.003353840 0.003122450 0.004538480 0.004590960 0.003295520 0.002097330 0.002756880 0.003179250 0.003162420 0.004506530 
31     0.002548420 0.002601120 0.002586970 0.001774120 0.001763100 0.001709930 0.001617180 0.001519630 0.001658060 0.001792390 0.001802490 0.001700930 0.002004700 0.002188730 0.002107580 0.002430420 0.002466920 0.002537410 0.001285120 0.001815290 0.001799250 0.002650610 0.001900890 0.001853650 0.004411360 0.000963650 0.001246230 0.001486830 0.001544870 0.001860700 0.001721810 0.002239390 0.001095510 0.001763850 0.001768490 0.001577060 0.001449610 0.002169090 0.000000000 0.000311720 0.000599200 0.001774270 0.001542880 0.004954490 0.003052120 0.001715950 0.001717830 0.001177310 0.002082290 0.002244220 0.003094200 
22     0.002586240 0.002638940 0.002624790 0.001811940 0.001800920 0.001747750 0.001655000 0.001557450 0.001695880 0.001830210 0.001840310 0.001738750 0.002042520 0.002226550 0.002145400 0.002468240 0.002504740 0.002575230 0.001322940 0.001853110 0.001837070 0.002688430 0.001938710 0.001891470 0.003691030 0.001001470 0.001284050 0.001524650 0.001681760 0.002472050 0.001666990 0.001851120 0.001133330 0.001801670 0.001806310 0.001517920 0.001487430 0.001159610 0.000311720 0.000000000 0.000637020 0.001812090 0.001580700 0.004234160 0.003089940 0.001753770 0.001755650 0.001215130 0.002120110 0.002282040 0.003730760 
19     0.001141450 0.001515480 0.001531790 0.001191720 0.001180700 0.001127530 0.001034780 0.000937230 0.001075660 0.001209990 0.001220090 0.001118530 0.001422300 0.001606330 0.001343400 0.001848020 0.001884520 0.001955010 0.000743980 0.001274150 0.001258110 0.001680950 0.000670240 0.000694360 0.001375840 0.000422510 0.001255910 0.001496510 0.001762590 0.002078420 0.001939530 0.002342870 0.001105190 0.001773530 0.001778170 0.001443410 0.001398530 0.002178770 0.000599200 0.000637020 0.000000000 0.001188650 0.000957260 0.001981350 0.002466500 0.001130330 0.001135430 0.000594910 0.000244630 0.000157870 0.000222480 
44     0.003128690 0.003193790 0.003179640 0.002366790 0.002355770 0.002302600 0.002209850 0.002112300 0.002250730 0.002385060 0.002395160 0.002293600 0.002597370 0.002781400 0.001116220 0.003023090 0.003059590 0.000555070 0.001919050 0.002449220 0.002433180 0.003284540 0.002534820 0.002487580 0.003808560 0.000965200 0.002430980 0.002671580 0.003442860 0.003931390 0.003540150 0.003517940 0.002280260 0.002948600 0.002953240 0.002761810 0.002634360 0.003353840 0.001774270 0.001812090 0.001188650 0.000000000 0.000067390 0.001125110 0.000628460 0.000903210 0.001707420 0.001700590 0.001828760 0.001990690 0.002212060 
34     0.002909700 0.002962400 0.002948250 0.002135400 0.002124380 0.002071210 0.001978460 0.001880910 0.002019340 0.002153670 0.002163770 0.002062210 0.002365980 0.002550010 0.002468860 0.002791700 0.002828200 0.002898690 0.001687660 0.002217830 0.002085840 0.003053150 0.002303430 0.002256190 0.004296750 0.001366190 0.001222510 0.002440190 0.002068720 0.003700000 0.003308760 0.003268990 0.002048870 0.002717210 0.002721850 0.002530420 0.002402970 0.003122450 0.001542880 0.001580700 0.000957260 0.000067390 0.000000000 0.000823190 0.000049460 0.001114410 0.002079110 0.001538590 0.001597370 0.001759300 0.002749200 
27     0.004261270 0.004202790 0.004321820 0.004219620 0.004526290 0.004540470 0.004524430 0.004688430 0.004519040 0.004472940 0.004499560 0.004542410 0.004566280 0.004468740 0.003813470 0.004810400 0.004739140 0.004757980 0.003572030 0.004381570 0.004332450 0.003820930 0.004065200 0.004075210 0.004497710 0.003477820 0.002828580 0.004122090 0.003674790 0.004176650 0.004137790 0.004120290 0.002810630 0.004481050 0.004152790 0.002573460 0.002528580 0.004538480 0.004954490 0.004234160 0.001981350 0.001125110 0.000823190 0.000000000 0.001052020 0.000532530 0.003368220 0.002926770 0.002318310 0.002328930 0.004000630 
40     0.003779200 0.003783820 0.003902850 0.003644640 0.003633620 0.003580450 0.003487700 0.003390150 0.003528580 0.003662910 0.003673010 0.003571450 0.003875220 0.004049770 0.003542440 0.004300940 0.004320170 0.004339010 0.003153060 0.003727070 0.003711030 0.004022520 0.003307610 0.003331730 0.004078740 0.002875430 0.003635850 0.003703120 0.004097530 0.004216140 0.004217630 0.004112870 0.003558110 0.004062080 0.003733820 0.003840280 0.003873140 0.004590960 0.003052120 0.003089940 0.002466500 0.000628460 0.000049460 0.001052020 0.000000000 0.000920260 0.003517700 0.003047830 0.002439710 0.002421830 0.002862570 
36     0.003082770 0.003135470 0.003121320 0.002308470 0.002297450 0.002244280 0.002151530 0.002053980 0.002192410 0.002326740 0.002336840 0.002235280 0.002539050 0.002723080 0.002509160 0.002964770 0.003001270 0.003071760 0.001860730 0.002390900 0.002374860 0.003226220 0.002476500 0.002429260 0.003582410 0.001539260 0.002372660 0.002613260 0.003384540 0.003596900 0.003481830 0.003459620 0.002221940 0.002890280 0.002894920 0.002416180 0.002371300 0.003295520 0.001715950 0.001753770 0.001130330 0.000903210 0.001114410 0.000532530 0.000920260 0.000000000 0.000832710 0.001516740 0.001738560 0.001792320 0.002329790 
29     0.003049270 0.003101970 0.003087820 0.002274970 0.002263950 0.002210780 0.002118030 0.002020480 0.002158910 0.002293240 0.002303340 0.002201780 0.002505550 0.002353970 0.002608430 0.002931270 0.002967770 0.003038260 0.001862610 0.002392780 0.002376740 0.003228100 0.002478380 0.002431140 0.003846980 0.001541140 0.002374540 0.002615140 0.003386420 0.003874950 0.003483710 0.003461500 0.002223820 0.002892160 0.002896800 0.001620020 0.001575140 0.002097330 0.001717830 0.001755650 0.001135430 0.001707420 0.002079110 0.003368220 0.003517700 0.000832710 0.000000000 0.000039610 0.000851280 0.000800650 0.004273550 
38     0.002508750 0.002561450 0.002547300 0.001734450 0.001723430 0.001670260 0.001577510 0.001479960 0.001618390 0.001752720 0.001762820 0.001661260 0.001965030 0.002149060 0.002067910 0.002390750 0.002427250 0.002497740 0.001322090 0.001852260 0.001836220 0.002687580 0.001937860 0.001890620 0.003574460 0.001000620 0.001834020 0.002074620 0.002845900 0.003334430 0.002943190 0.002920980 0.001683300 0.002351640 0.002356280 0.001907310 0.001862430 0.002756880 0.001177310 0.001215130 0.000594910 0.001700590 0.001538590 0.002926770 0.003047830 0.001516740 0.000039610 0.000000000 0.001809400 0.000592570 0.002563970 
30     0.001371340 0.001446550 0.002434920 0.001153510 0.002289360 0.002240650 0.002517870 0.002420320 0.002558750 0.002693080 0.002703180 0.002601620 0.002805120 0.002707580 0.001511860 0.003049240 0.002196900 0.002996820 0.001040430 0.002620410 0.002571290 0.002461700 0.002304040 0.002384120 0.001488170 0.000675940 0.002293660 0.002360930 0.002755340 0.002817420 0.002778560 0.002761060 0.002236800 0.002719890 0.002391630 0.001797780 0.001752900 0.003179250 0.002082290 0.002120110 0.000244630 0.001828760 0.001597370 0.002318310 0.002439710 0.001738560 0.000851280 0.001809400 0.000000000 0.000002210 0.002453360 
23     0.001284580 0.001359790 0.002348160 0.001066750 0.002202600 0.002153890 0.002679800 0.002582250 0.002720680 0.002693900 0.002720520 0.002763370 0.002724180 0.002689700 0.001425100 0.003031360 0.002110140 0.002978940 0.000953670 0.002602530 0.002553410 0.002515460 0.002286160 0.002366240 0.001401410 0.000589180 0.002275780 0.002343050 0.002737460 0.002856070 0.002761160 0.002752800 0.002218920 0.002702010 0.002373750 0.001790990 0.001746110 0.003162420 0.002244220 0.002282040 0.000157870 0.001990690 0.001759300 0.002328930 0.002421830 0.001792320 0.000800650 0.000592570 0.000002210 0.000000000 0.002366600 
0     0.001127390 0.001702310 0.001517730 0.001404970 0.003859480 0.002775460 0.003553850 0.004185030 0.004015640 0.002157230 0.002336610 0.004039010 0.004062880 0.003965340 0.001329340 0.004307000 0.003767020 0.004182150 0.003289150 0.002414870 0.002679630 0.001666890 0.000656180 0.000680300 0.003765830 0.001652700 0.002110670 0.002309200 0.001736310 0.002052140 0.001913250 0.002430830 0.002277670 0.002498020 0.002244690 0.003755850 0.003788710 0.004506530 0.003094200 0.003730760 0.000222480 0.002212060 0.002749200 0.004000630 0.002862570 0.002329790 0.004273550 0.002563970 0.002453360 0.002366600 0.000000000 
