51
3     0.000000000 0.002226760 0.035431120 0.066336010 0.013235510 0.083292290 0.083091700 0.066718720 0.068010690 0.047615310 0.061373960 0.058989890 0.065356450 0.059384210 0.061295410 0.059508170 0.071746160 0.066120410 0.056247650 0.049374370 0.058415170 0.058649790 0.066269570 0.076837930 0.074804040 0.069737800 0.072917750 0.071869820 0.052773110 0.049700440 0.053197850 0.085954140 0.068793580 0.066298300 0.064075680 0.075792440 0.052231290 0.050941270 0.050473440 0.048444340 0.062888020 0.053287810 0.050262800 0.056270260 0.056755750 0.059432810 0.058606520 0.050922060 0.042539010 0.053775810 0.029382010 
1     0.002226760 0.000000000 0.038886080 0.067753710 0.041806730 0.089627500 0.092312590 0.072229340 0.065380550 0.074844950 0.069015200 0.066631130 0.066355600 0.054006160 0.068936650 0.048193410 0.054431140 0.057287590 0.059393430 0.056366170 0.068110380 0.077758830 0.073910810 0.084479170 0.082445280 0.091034360 0.081254120 0.061426690 0.060414350 0.057341680 0.068905510 0.077721060 0.069304590 0.069188780 0.071716920 0.079028740 0.066959220 0.073248430 0.050060420 0.052941420 0.065360890 0.053539300 0.055759270 0.052934420 0.057309270 0.054659720 0.056137480 0.054347140 0.051759900 0.060751240 0.032836970 
2     0.035431120 0.038886080 0.000000000 0.000335290 0.006130850 0.065189170 0.063505040 0.105165360 0.082041130 0.052299160 0.053186550 0.053186460 0.055550270 0.081986290 0.010119850 0.007796810 0.065418850 0.091844550 0.022437880 0.007253230 0.017546650 0.017152770 0.039697880 0.069538500 0.040102100 0.042169200 0.039611120 0.043297060 0.047871400 0.098804510 0.073301530 0.041323930 0.100457990 0.095331900 0.007909550 0.027510790 0.014618770 0.024427990 0.008895210 0.008895750 0.008895260 0.009087380 0.010395210 0.080871520 0.083718720 0.075679680 0.065589660 0.091197390 0.060938140 0.074522830 0.007656640 
4     0.066336010 0.067753710 0.000335290 0.000000000 0.007761470 0.102916530 0.110699450 0.101336940 0.071111180 0.046289290 0.034980670 0.035641770 0.044915910 0.078587890 0.070763050 0.072031320 0.060359720 0.047775160 0.056514420 0.064159370 0.086368480 0.030780110 0.095476930 0.103803790 0.101675270 0.092603450 0.095783400 0.097226720 0.091746900 0.091604910 0.076063500 0.075718630 0.100720860 0.095594770 0.102970060 0.100501580 0.080145880 0.087897550 0.031588720 0.063830720 0.045645550 0.031493320 0.051960070 0.082411010 0.085258210 0.077832750 0.084095470 0.084427330 0.076044280 0.063836610 0.075893500 
5     0.013235510 0.041806730 0.006130850 0.007761470 0.000000000 0.059058840 0.057374710 0.086126680 0.074156160 0.047382180 0.031035480 0.031696580 0.040970720 0.031256350 0.003989520 0.001666480 0.056414530 0.043829970 0.016307550 0.001122900 0.011416320 0.011022440 0.033567550 0.063408170 0.033971770 0.036038870 0.033480790 0.037166730 0.041741070 0.072102420 0.073003320 0.035193600 0.087355950 0.083391200 0.001779220 0.021380460 0.008488440 0.018297660 0.002764880 0.002765420 0.002764930 0.002957050 0.004264880 0.066903680 0.076237310 0.069549350 0.065291450 0.067798850 0.059415800 0.058534250 0.001526310 
15     0.083292290 0.089627500 0.065189170 0.102916530 0.059058840 0.000000000 0.001685650 0.020834900 0.031252100 0.037804940 0.012395220 0.012395130 0.014758940 0.031826930 0.043707490 0.043160590 0.073321860 0.057141920 0.048808350 0.048665320 0.065560670 0.060264650 0.090945070 0.087915220 0.091349290 0.092020630 0.090858310 0.094544250 0.071200050 0.065384160 0.073470610 0.076093100 0.057914060 0.061246520 0.053932010 0.060777010 0.056637550 0.059513750 0.060142400 0.060142940 0.060142450 0.060334570 0.061642400 0.070670390 0.071155880 0.089032390 0.066384940 0.096733750 0.076625180 0.068175940 0.058903830 
33     0.083091700 0.092312590 0.063505040 0.110699450 0.057374710 0.001685650 0.000000000 0.003590300 0.014007500 0.029587310 0.010711090 0.010711000 0.013074810 0.014582330 0.049207710 0.030106780 0.038577280 0.054151360 0.046113700 0.035591100 0.067109710 0.057705460 0.089260940 0.083491530 0.089665160 0.091732260 0.082582020 0.091582170 0.053955450 0.048139560 0.081873680 0.082768290 0.074620570 0.079746720 0.057472610 0.076823550 0.064181830 0.073991050 0.058458270 0.054474470 0.058458320 0.058650440 0.059958270 0.068669470 0.072003340 0.098971260 0.061961250 0.063564880 0.055181830 0.082259770 0.057219700 
24     0.066718720 0.072229340 0.105165360 0.101336940 0.086126680 0.020834900 0.003590300 0.000000000 0.003826270 0.017830880 0.026385450 0.027454850 0.017980390 0.012427510 0.040403040 0.026040070 0.043383790 0.047058310 0.040949710 0.032046760 0.065794400 0.050291790 0.084148290 0.092452830 0.092682760 0.078821610 0.091233510 0.086006850 0.051800630 0.045984740 0.073704340 0.050190280 0.058147790 0.061480250 0.054165740 0.053052860 0.056871280 0.059747480 0.048300000 0.052319650 0.058131520 0.052274330 0.048089360 0.054096820 0.054582310 0.069928610 0.056433080 0.077044580 0.060051610 0.051602370 0.112961320 
13     0.068010690 0.065380550 0.082041130 0.071111180 0.074156160 0.031252100 0.014007500 0.003826270 0.000000000 0.017576940 0.033079220 0.026621120 0.027662430 0.022844710 0.018298940 0.017995400 0.018186010 0.021860530 0.028704860 0.021497790 0.061668920 0.028459300 0.080735780 0.083155590 0.093974730 0.070620400 0.078367070 0.073085180 0.050120540 0.049978550 0.056396800 0.044287750 0.064841560 0.067276310 0.060859510 0.065382580 0.048715000 0.056466670 0.049591970 0.052693110 0.032933740 0.027076550 0.049381330 0.055388790 0.055874280 0.064069970 0.055419840 0.068396540 0.037665980 0.032639640 0.085782670 
44     0.047615310 0.074844950 0.052299160 0.046289290 0.047382180 0.037804940 0.029587310 0.017830880 0.017576940 0.000000000 0.009362110 0.007847380 0.007735880 0.010399600 0.007076830 0.011861830 0.033342220 0.033185150 0.041434700 0.017868520 0.029090500 0.072579910 0.069491060 0.079609680 0.093167750 0.064643370 0.072934210 0.073676240 0.039408340 0.049809740 0.050572880 0.036012040 0.064827460 0.062018730 0.060573630 0.038874620 0.050297610 0.047079010 0.048628150 0.054502830 0.061199570 0.036183560 0.042194460 0.036770170 0.038016880 0.058902910 0.056918070 0.070283000 0.060536600 0.048730600 0.071252530 
30     0.061373960 0.069015200 0.053186550 0.034980670 0.031035480 0.012395220 0.010711090 0.026385450 0.033079220 0.009362110 0.000000000 0.000000090 0.000467180 0.018672420 0.029435810 0.017597090 0.029423010 0.016838450 0.025577710 0.024595870 0.040144300 0.035350630 0.056675590 0.064821840 0.079346670 0.063357140 0.060033320 0.054751430 0.052666740 0.054525260 0.046459750 0.039825470 0.043642380 0.046974840 0.039660330 0.046505330 0.042365870 0.045242070 0.042955240 0.048140320 0.048139830 0.048331950 0.042744600 0.048752060 0.049237550 0.072784500 0.051088320 0.051786730 0.043403680 0.046257610 0.046901210 
35     0.058989890 0.066631130 0.053186460 0.035641770 0.031696580 0.012395130 0.010711000 0.027454850 0.026621120 0.007847380 0.000000090 0.000000000 0.000787400 0.017224710 0.036594450 0.013290080 0.030084110 0.017499550 0.026238810 0.024437180 0.040164920 0.038512170 0.056696210 0.064582270 0.079346580 0.063117570 0.059793750 0.054511860 0.052508050 0.054366570 0.046301060 0.039666780 0.050801020 0.054133480 0.046818970 0.046809260 0.048753280 0.052400710 0.040571170 0.048140230 0.048139740 0.047765180 0.040360530 0.046367990 0.046853480 0.070400430 0.048704250 0.050339020 0.041955970 0.043873540 0.046901120 
9     0.065356450 0.066355600 0.055550270 0.044915910 0.040970720 0.014758940 0.013074810 0.017980390 0.027662430 0.007735880 0.000467180 0.000787400 0.000000000 0.018222960 0.027678640 0.027131740 0.039358250 0.026773690 0.032779500 0.024998770 0.037425750 0.033678660 0.053957040 0.064075660 0.064677710 0.064055320 0.057400190 0.055449610 0.048246520 0.061982430 0.046236030 0.051847420 0.041885210 0.045217670 0.037903160 0.044748160 0.040608700 0.043484900 0.046937730 0.050504040 0.050503550 0.050695670 0.043501710 0.052734550 0.053220040 0.076766990 0.055070810 0.062823810 0.054440760 0.050240100 0.049264930 
19     0.059384210 0.054006160 0.081986290 0.078587890 0.031256350 0.031826930 0.014582330 0.012427510 0.022844710 0.010399600 0.018672420 0.017224710 0.018222960 0.000000000 0.032373190 0.013446970 0.013541370 0.033099070 0.030260750 0.014371550 0.004047460 0.044460460 0.052585240 0.056595260 0.078513360 0.061010820 0.056028390 0.052405110 0.036850690 0.051899800 0.034840200 0.050905790 0.047724300 0.046463280 0.031944030 0.044702510 0.046646530 0.050524750 0.049275020 0.046316270 0.046622030 0.042309250 0.033851910 0.039183200 0.040429910 0.053411050 0.035064980 0.039857390 0.031474340 0.052577390 0.064226070 
27     0.061295410 0.068936650 0.010119850 0.070763050 0.003989520 0.043707490 0.049207710 0.040403040 0.018298940 0.007076830 0.029435810 0.036594450 0.027678640 0.032373190 0.000000000 0.000473520 0.000795210 0.004469730 0.011314060 0.003226860 0.013724520 0.013330640 0.035875750 0.065716370 0.036279970 0.038347070 0.035788990 0.039474930 0.035093480 0.038439350 0.039352810 0.037501800 0.045360670 0.048693130 0.004087420 0.023688660 0.010796640 0.020605860 0.005073080 0.005073620 0.005073130 0.005265250 0.006573080 0.046973540 0.048220250 0.069106280 0.043880640 0.064100800 0.047192610 0.021100440 0.003834510 
42     0.059508170 0.048193410 0.007796810 0.072031320 0.001666480 0.043160590 0.030106780 0.026040070 0.017995400 0.011861830 0.017597090 0.013290080 0.027131740 0.013446970 0.000473520 0.000000000 0.000491670 0.004166190 0.011010520 0.000903820 0.011401480 0.011007600 0.033552710 0.063393330 0.033956930 0.036024030 0.033465950 0.037151890 0.029715890 0.038135810 0.038046140 0.026319590 0.044813770 0.048146230 0.001764380 0.021365620 0.008473600 0.018282820 0.002750040 0.002750580 0.002750090 0.002942210 0.004250040 0.038032330 0.047371760 0.061695350 0.043577100 0.039445050 0.027763040 0.020796900 0.001511470 
20     0.071746160 0.054431140 0.065418850 0.060359720 0.056414530 0.073321860 0.038577280 0.043383790 0.018186010 0.033342220 0.029423010 0.030084110 0.039358250 0.013541370 0.000795210 0.000491670 0.000000000 0.004090880 0.006328380 0.003993320 0.054245090 0.073865230 0.070776380 0.080895000 0.098010270 0.064698400 0.074219530 0.061930690 0.038468410 0.038326420 0.036714910 0.062166760 0.062673530 0.066748340 0.062191550 0.074856510 0.070105860 0.083496380 0.049163500 0.041040980 0.021281610 0.015424420 0.027129350 0.047457420 0.058340250 0.071120440 0.043767710 0.048870140 0.048923790 0.020987510 0.066100780 
47     0.066120410 0.057287590 0.091844550 0.047775160 0.043829970 0.057141920 0.054151360 0.047058310 0.021860530 0.033185150 0.016838450 0.017499550 0.026773690 0.033099070 0.004469730 0.004166190 0.004090880 0.000000000 0.000561130 0.007667840 0.066441710 0.069097860 0.083549980 0.084559730 0.085131790 0.068372920 0.081198640 0.065605210 0.042142930 0.042000940 0.046280970 0.071732820 0.058795100 0.062127560 0.054813050 0.061658050 0.057518590 0.060394790 0.047701690 0.044715500 0.024956130 0.019098940 0.029753750 0.050313870 0.053984000 0.072213690 0.047442230 0.051726590 0.051780240 0.024662030 0.067700320 
40     0.056247650 0.059393430 0.022437880 0.056514420 0.016307550 0.048808350 0.046113700 0.040949710 0.028704860 0.041434700 0.025577710 0.026238810 0.032779500 0.030260750 0.011314060 0.011010520 0.006328380 0.000561130 0.000000000 0.010133100 0.026042550 0.025648670 0.048193780 0.066202490 0.048598000 0.050665100 0.048107020 0.051792960 0.048987260 0.048845270 0.063493370 0.049819830 0.050461530 0.053793990 0.016405450 0.036006690 0.023114670 0.032923890 0.017391110 0.017391650 0.017391160 0.017583280 0.018891110 0.043625750 0.044111240 0.061496410 0.045962010 0.053832430 0.049580540 0.031506360 0.016152540 
41     0.049374370 0.056366170 0.007253230 0.064159370 0.001122900 0.048665320 0.035591100 0.032046760 0.021497790 0.017868520 0.024595870 0.024437180 0.024998770 0.014371550 0.003226860 0.000903820 0.003993320 0.007667840 0.010133100 0.000000000 0.010857900 0.010464020 0.033009130 0.062849750 0.033413350 0.035480450 0.032922370 0.036608310 0.035337900 0.041638200 0.046834460 0.031941600 0.050318500 0.053650960 0.001220800 0.020822040 0.007930020 0.017739240 0.002206460 0.002207000 0.002206510 0.002398630 0.003706460 0.036752470 0.037237960 0.055771060 0.039088730 0.056393580 0.042707260 0.024299290 0.000967890 
43     0.058415170 0.068110380 0.017546650 0.086368480 0.011416320 0.065560670 0.067109710 0.065794400 0.061668920 0.029090500 0.040144300 0.040164920 0.037425750 0.004047460 0.013724520 0.011401480 0.054245090 0.066441710 0.026042550 0.010857900 0.000000000 0.000394180 0.029911860 0.033886850 0.028317210 0.032422150 0.029098330 0.023816440 0.042055260 0.045221270 0.013916410 0.024323610 0.036694010 0.040026470 0.011510500 0.014595280 0.016539300 0.020417520 0.012496160 0.012496700 0.012496210 0.012688330 0.013996160 0.054952640 0.055987250 0.054188100 0.063799280 0.052746100 0.055686320 0.068312240 0.011257590 
34     0.058649790 0.077758830 0.017152770 0.030780110 0.011022440 0.060264650 0.057705460 0.050291790 0.028459300 0.072579910 0.035350630 0.038512170 0.033678660 0.044460460 0.013330640 0.011007600 0.073865230 0.069097860 0.025648670 0.010464020 0.000394180 0.000000000 0.030146480 0.037358460 0.017814450 0.031755270 0.031995380 0.027288050 0.021498730 0.015682840 0.017148190 0.023663110 0.039350160 0.042682620 0.011116620 0.018066890 0.017825840 0.023889130 0.012102280 0.012102820 0.012102330 0.012294450 0.013602280 0.069383810 0.068353880 0.052848970 0.076600550 0.056217710 0.059157930 0.079123110 0.010863710 
46     0.066269570 0.073910810 0.039697880 0.095476930 0.033567550 0.090945070 0.089260940 0.084148290 0.080735780 0.069491060 0.056675590 0.056696210 0.053957040 0.052585240 0.035875750 0.033552710 0.070776380 0.083549980 0.048193780 0.033009130 0.029911860 0.030146480 0.000000000 0.000044500 0.000404240 0.002471340 0.000093120 0.003599200 0.008397320 0.039532720 0.049231790 0.001849850 0.061190450 0.047341330 0.033661730 0.006918870 0.040370950 0.045777820 0.034647250 0.034647790 0.034647300 0.034839420 0.036147250 0.057257310 0.056837290 0.054613610 0.076036090 0.060496930 0.063504570 0.071205380 0.033408820 
21     0.076837930 0.084479170 0.069538500 0.103803790 0.063408170 0.087915220 0.083491530 0.092452830 0.083155590 0.079609680 0.064821840 0.064582270 0.064075660 0.056595260 0.065716370 0.063393330 0.080895000 0.084559730 0.066202490 0.062849750 0.033886850 0.037358460 0.000044500 0.000000000 0.000569820 0.032311960 0.015987310 0.017430880 0.038206100 0.007550680 0.053892710 0.031690470 0.033867070 0.055511130 0.034604710 0.037600510 0.039544530 0.043422750 0.064487870 0.064488410 0.064487920 0.064680040 0.065987870 0.068931410 0.068511390 0.066287710 0.070497580 0.072171030 0.075178670 0.081773740 0.063249440 
49     0.074804040 0.082445280 0.040102100 0.101675270 0.033971770 0.091349290 0.089665160 0.092682760 0.093974730 0.093167750 0.079346670 0.079346580 0.064677710 0.078513360 0.036279970 0.033956930 0.098010270 0.085131790 0.048598000 0.033413350 0.028317210 0.017814450 0.000404240 0.000569820 0.000000000 0.002875560 0.000497340 0.004003420 0.008801540 0.039339950 0.051268230 0.002254070 0.057925700 0.041544500 0.034065950 0.053667190 0.040775170 0.050584390 0.035051470 0.035052010 0.035051520 0.035243640 0.036551470 0.051460480 0.051040460 0.048816780 0.084570560 0.054700100 0.057707740 0.079739850 0.033813040 
39     0.069737800 0.091034360 0.042169200 0.092603450 0.036038870 0.092020630 0.091732260 0.078821610 0.070620400 0.064643370 0.063357140 0.063117570 0.064055320 0.061010820 0.038347070 0.036024030 0.064698400 0.068372920 0.050665100 0.035480450 0.032422150 0.031755270 0.002471340 0.032311960 0.002875560 0.000000000 0.000883710 0.001127860 0.010868640 0.036023160 0.046358310 0.004321170 0.024892610 0.028967420 0.036133050 0.036135810 0.038079830 0.041958050 0.037118570 0.037119110 0.037118620 0.037310740 0.034899900 0.071385230 0.074988030 0.085508520 0.063588670 0.072369130 0.063986080 0.056579940 0.035880140 
29     0.072917750 0.081254120 0.039611120 0.095783400 0.033480790 0.090858310 0.082582020 0.091233510 0.078367070 0.072934210 0.060033320 0.059793750 0.057400190 0.056028390 0.035788990 0.033465950 0.074219530 0.081198640 0.048107020 0.032922370 0.029098330 0.031995380 0.000093120 0.015987310 0.000497340 0.000883710 0.000000000 0.003692300 0.008310560 0.031169410 0.047859880 0.001763090 0.055242810 0.065465580 0.033574970 0.032811990 0.034756010 0.038634230 0.034560490 0.034561030 0.034560540 0.034752660 0.036060490 0.066731490 0.063402180 0.089965130 0.068045280 0.054963720 0.046580670 0.061036550 0.033322060 
22     0.071869820 0.061426690 0.043297060 0.097226720 0.037166730 0.094544250 0.091582170 0.086006850 0.073085180 0.073676240 0.054751430 0.054511860 0.055449610 0.052405110 0.039474930 0.037151890 0.061930690 0.065605210 0.051792960 0.036608310 0.023816440 0.027288050 0.003599200 0.017430880 0.004003420 0.001127860 0.003692300 0.000000000 0.011996500 0.033255450 0.056860030 0.005449030 0.022124900 0.026199710 0.037260910 0.027530100 0.029474120 0.033352340 0.038246430 0.038246970 0.038246480 0.038438600 0.039746430 0.065846190 0.068693390 0.073593210 0.067530650 0.063963870 0.055580820 0.056476440 0.037008000 
36     0.052773110 0.060414350 0.047871400 0.091746900 0.041741070 0.071200050 0.053955450 0.051800630 0.050120540 0.039408340 0.052666740 0.052508050 0.048246520 0.036850690 0.035093480 0.029715890 0.038468410 0.042142930 0.048987260 0.035337900 0.042055260 0.021498730 0.008397320 0.038206100 0.008801540 0.010868640 0.008310560 0.011996500 0.000000000 0.000076120 0.002868910 0.009906370 0.034140280 0.038215090 0.025011270 0.034488240 0.045911230 0.042692630 0.042820770 0.042821310 0.033308260 0.027451070 0.015333740 0.060203370 0.060688860 0.056323420 0.055794360 0.055636360 0.047253310 0.033014160 0.041582340 
48     0.049700440 0.057341680 0.098804510 0.091604910 0.072102420 0.065384160 0.048139560 0.045984740 0.049978550 0.049809740 0.054525260 0.054366570 0.061982430 0.051899800 0.038439350 0.038135810 0.038326420 0.042000940 0.048845270 0.041638200 0.045221270 0.015682840 0.039532720 0.007550680 0.039339950 0.036023160 0.031169410 0.033255450 0.000076120 0.000000000 0.021725820 0.015808960 0.033998290 0.038073100 0.033095830 0.044889640 0.056312630 0.053094030 0.051333880 0.051166440 0.033166270 0.027309080 0.051123240 0.051159440 0.057616190 0.074822460 0.055652370 0.052572160 0.052625810 0.032872170 0.086843830 
26     0.053197850 0.068905510 0.073301530 0.076063500 0.073003320 0.073470610 0.081873680 0.073704340 0.056396800 0.050572880 0.046459750 0.046301060 0.046236030 0.034840200 0.039352810 0.038046140 0.036714910 0.046280970 0.063493370 0.046834460 0.013916410 0.017148190 0.049231790 0.053892710 0.051268230 0.046358310 0.047859880 0.056860030 0.002868910 0.021725820 0.000000000 0.013498660 0.039080270 0.047936410 0.028319520 0.029856050 0.039327640 0.041227890 0.044219800 0.049392010 0.056347120 0.054235480 0.053540620 0.048116330 0.049363040 0.070249070 0.054733960 0.054255380 0.045872330 0.043562030 0.044905290 
23     0.085954140 0.077721060 0.041323930 0.075718630 0.035193600 0.076093100 0.082768290 0.050190280 0.044287750 0.036012040 0.039825470 0.039666780 0.051847420 0.050905790 0.037501800 0.026319590 0.062166760 0.071732820 0.049819830 0.031941600 0.024323610 0.023663110 0.001849850 0.031690470 0.002254070 0.004321170 0.001763090 0.005449030 0.009906370 0.015808960 0.013498660 0.000000000 0.055619450 0.054236050 0.035287780 0.031091940 0.041997000 0.039296330 0.036273300 0.036273840 0.036273350 0.036465470 0.037773300 0.076522260 0.076061050 0.068677420 0.075732050 0.079343420 0.077422150 0.055464380 0.035034870 
37     0.068793580 0.069304590 0.100457990 0.100720860 0.087355950 0.057914060 0.074620570 0.058147790 0.064841560 0.064827460 0.043642380 0.050801020 0.041885210 0.047724300 0.045360670 0.044813770 0.062673530 0.058795100 0.050461530 0.050318500 0.036694010 0.039350160 0.061190450 0.033867070 0.057925700 0.024892610 0.055242810 0.022124900 0.034140280 0.033998290 0.039080270 0.055619450 0.000000000 0.001661930 0.012777310 0.014891580 0.017021830 0.018213160 0.069258330 0.068288190 0.057513380 0.027157580 0.066501910 0.062678400 0.061414810 0.068709480 0.061626620 0.073756390 0.065373340 0.057219280 0.157162670 
50     0.066298300 0.069188780 0.095331900 0.095594770 0.083391200 0.061246520 0.079746720 0.061480250 0.067276310 0.062018730 0.046974840 0.054133480 0.045217670 0.046463280 0.048693130 0.048146230 0.066748340 0.062127560 0.053793990 0.053650960 0.040026470 0.042682620 0.047341330 0.055511130 0.041544500 0.028967420 0.065465580 0.026199710 0.038215090 0.038073100 0.047936410 0.054236050 0.001661930 0.000000000 0.003390960 0.020017730 0.018943260 0.000276220 0.067931740 0.068172380 0.061421000 0.032040610 0.065751160 0.016850810 0.015587220 0.058381100 0.066752770 0.064264420 0.061369670 0.061294090 0.121938550 
8     0.064075680 0.071716920 0.007909550 0.102970060 0.001779220 0.053932010 0.057472610 0.054165740 0.060859510 0.060573630 0.039660330 0.046818970 0.037903160 0.031944030 0.004087420 0.001764380 0.062191550 0.054813050 0.016405450 0.001220800 0.011510500 0.011116620 0.033661730 0.034604710 0.034065950 0.036133050 0.033574970 0.037260910 0.025011270 0.033095830 0.028319520 0.035287780 0.012777310 0.003390960 0.000000000 0.002894370 0.008447850 0.007002600 0.002859060 0.002859600 0.002859110 0.003051230 0.004359060 0.071505940 0.071991430 0.069643530 0.045846350 0.072808240 0.065034040 0.069011490 0.001620490 
10     0.075792440 0.079028740 0.027510790 0.100501580 0.021380460 0.060777010 0.076823550 0.053052860 0.065382580 0.038874620 0.046505330 0.046809260 0.044748160 0.044702510 0.023688660 0.021365620 0.074856510 0.061658050 0.036006690 0.020822040 0.014595280 0.018066890 0.006918870 0.037600510 0.053667190 0.036135810 0.032811990 0.027530100 0.034488240 0.044889640 0.029856050 0.031091940 0.014891580 0.020017730 0.002894370 0.000000000 0.000052510 0.002024340 0.022460300 0.022460840 0.022460350 0.022652470 0.023960300 0.074821840 0.071492530 0.078433630 0.062724320 0.056459760 0.054671020 0.060653600 0.021221730 
31     0.052231290 0.066959220 0.014618770 0.080145880 0.008488440 0.056637550 0.064181830 0.056871280 0.048715000 0.050297610 0.042365870 0.048753280 0.040608700 0.046646530 0.010796640 0.008473600 0.070105860 0.057518590 0.023114670 0.007930020 0.016539300 0.017825840 0.040370950 0.039544530 0.040775170 0.038079830 0.034756010 0.029474120 0.045911230 0.056312630 0.039327640 0.041997000 0.017021830 0.018943260 0.008447850 0.000052510 0.000000000 0.000976810 0.009568280 0.009568820 0.009568330 0.009760450 0.011068280 0.066331970 0.065299210 0.066364110 0.073679870 0.058403780 0.050185800 0.064651610 0.008329710 
14     0.050941270 0.073248430 0.024427990 0.087897550 0.018297660 0.059513750 0.073991050 0.059747480 0.056466670 0.047079010 0.045242070 0.052400710 0.043484900 0.050524750 0.020605860 0.018282820 0.083496380 0.060394790 0.032923890 0.017739240 0.020417520 0.023889130 0.045777820 0.043422750 0.050584390 0.041958050 0.038634230 0.033352340 0.042692630 0.053094030 0.041227890 0.039296330 0.018213160 0.000276220 0.007002600 0.002024340 0.000976810 0.000000000 0.019377500 0.019378040 0.019377550 0.019569670 0.020877500 0.070388380 0.067059070 0.072653320 0.067151180 0.058620610 0.050237560 0.068857990 0.018138930 
7     0.050473440 0.050060420 0.008895210 0.031588720 0.002764880 0.060142400 0.058458270 0.048300000 0.049591970 0.048628150 0.042955240 0.040571170 0.046937730 0.049275020 0.005073080 0.002750040 0.049163500 0.047701690 0.017391110 0.002206460 0.012496160 0.012102280 0.034647250 0.064487870 0.035051470 0.037118570 0.034560490 0.038246430 0.042820770 0.051333880 0.044219800 0.036273300 0.069258330 0.067931740 0.002859060 0.022460300 0.009568280 0.019377500 0.000000000 0.000000540 0.000000050 0.000192170 0.005132220 0.017351840 0.017388840 0.017475950 0.015101960 0.016596420 0.017755760 0.003845250 0.002606150 
17     0.048444340 0.052941420 0.008895750 0.063830720 0.002765420 0.060142940 0.054474470 0.052319650 0.052693110 0.054502830 0.048140320 0.048140230 0.050504040 0.046316270 0.005073620 0.002750580 0.041040980 0.044715500 0.017391650 0.002207000 0.012496700 0.012102820 0.034647790 0.064488410 0.035052010 0.037119110 0.034561030 0.038246970 0.042821310 0.051166440 0.049392010 0.036273840 0.068288190 0.068172380 0.002859600 0.022460840 0.009568820 0.019378040 0.000000540 0.000000000 0.000000530 0.000192650 0.004584510 0.022960380 0.016620670 0.031725570 0.015448880 0.035089810 0.038097450 0.033072030 0.002606690 
11     0.062888020 0.065360890 0.008895260 0.045645550 0.002764930 0.060142450 0.058458320 0.058131520 0.032933740 0.061199570 0.048139830 0.048139740 0.050503550 0.046622030 0.005073130 0.002750090 0.021281610 0.024956130 0.017391160 0.002206510 0.012496210 0.012102330 0.034647300 0.064487920 0.035051520 0.037118620 0.034560540 0.038246480 0.033308260 0.033166270 0.056347120 0.036273350 0.057513380 0.061421000 0.002859110 0.022460350 0.009568330 0.019377550 0.000000050 0.000000530 0.000000000 0.000192160 0.004750080 0.019778330 0.019815330 0.019902440 0.027229280 0.028723740 0.023634820 0.004444670 0.002606200 
45     0.053287810 0.053539300 0.009087380 0.031493320 0.002957050 0.060334570 0.058650440 0.052274330 0.027076550 0.036183560 0.048331950 0.047765180 0.050695670 0.042309250 0.005265250 0.002942210 0.015424420 0.019098940 0.017583280 0.002398630 0.012688330 0.012294450 0.034839420 0.064680040 0.035243640 0.037310740 0.034752660 0.038438600 0.027451070 0.027309080 0.054235480 0.036465470 0.027157580 0.032040610 0.003051230 0.022652470 0.009760450 0.019569670 0.000192170 0.000192650 0.000192160 0.000000000 0.002750590 0.019669660 0.019706660 0.019793770 0.019735860 0.031609310 0.036466820 0.009115810 0.002798320 
16     0.050262800 0.055759270 0.010395210 0.051960070 0.004264880 0.061642400 0.059958270 0.048089360 0.049381330 0.042194460 0.042744600 0.040360530 0.043501710 0.033851910 0.006573080 0.004250040 0.027129350 0.029753750 0.018891110 0.003706460 0.013996160 0.013602280 0.036147250 0.065987870 0.036551470 0.034899900 0.036060490 0.039746430 0.015333740 0.051123240 0.053540620 0.037773300 0.066501910 0.065751160 0.004359060 0.023960300 0.011068280 0.020877500 0.005132220 0.004584510 0.004750080 0.002750590 0.000000000 0.014481410 0.014518410 0.014605520 0.016761960 0.018422740 0.014972780 0.008307610 0.004106150 
18     0.056270260 0.052934420 0.080871520 0.082411010 0.066903680 0.070670390 0.068669470 0.054096820 0.055388790 0.036770170 0.048752060 0.046367990 0.052734550 0.039183200 0.046973540 0.038032330 0.047457420 0.050313870 0.043625750 0.036752470 0.054952640 0.069383810 0.057257310 0.068931410 0.051460480 0.071385230 0.066731490 0.065846190 0.060203370 0.051159440 0.048116330 0.076522260 0.062678400 0.016850810 0.071505940 0.074821840 0.066331970 0.070388380 0.017351840 0.022960380 0.019778330 0.019669660 0.014481410 0.000000000 0.000007780 0.001446830 0.010845510 0.016215460 0.019223100 0.031208110 0.080760050 
6     0.056755750 0.057309270 0.083718720 0.085258210 0.076237310 0.071155880 0.072003340 0.054582310 0.055874280 0.038016880 0.049237550 0.046853480 0.053220040 0.040429910 0.048220250 0.047371760 0.058340250 0.053984000 0.044111240 0.037237960 0.055987250 0.068353880 0.056837290 0.068511390 0.051040460 0.074988030 0.063402180 0.068693390 0.060688860 0.057616190 0.049363040 0.076061050 0.061414810 0.015587220 0.071991430 0.071492530 0.065299210 0.067059070 0.017388840 0.016620670 0.019815330 0.019706660 0.014518410 0.000007780 0.000000000 0.000995900 0.009629040 0.015795440 0.018803080 0.034754840 0.080797050 
38     0.059432810 0.054659720 0.075679680 0.077832750 0.069549350 0.089032390 0.098971260 0.069928610 0.064069970 0.058902910 0.072784500 0.070400430 0.076766990 0.053411050 0.069106280 0.061695350 0.071120440 0.072213690 0.061496410 0.055771060 0.054188100 0.052848970 0.054613610 0.066287710 0.048816780 0.085508520 0.089965130 0.073593210 0.056323420 0.074822460 0.070249070 0.068677420 0.068709480 0.058381100 0.069643530 0.078433630 0.066364110 0.072653320 0.017475950 0.031725570 0.019902440 0.019793770 0.014605520 0.001446830 0.000995900 0.000000000 0.016043470 0.013571760 0.016579400 0.010248940 0.069390620 
25     0.058606520 0.056137480 0.065589660 0.084095470 0.065291450 0.066384940 0.061961250 0.056433080 0.055419840 0.056918070 0.051088320 0.048704250 0.055070810 0.035064980 0.043880640 0.043577100 0.043767710 0.047442230 0.045962010 0.039088730 0.063799280 0.076600550 0.076036090 0.070497580 0.084570560 0.063588670 0.068045280 0.067530650 0.055794360 0.055652370 0.054733960 0.075732050 0.061626620 0.066752770 0.045846350 0.062724320 0.073679870 0.067151180 0.015101960 0.015448880 0.027229280 0.019735860 0.016761960 0.010845510 0.009629040 0.016043470 0.000000000 0.027195360 0.021398720 0.014444190 0.077491350 
28     0.050922060 0.054347140 0.091197390 0.084427330 0.067798850 0.096733750 0.063564880 0.077044580 0.068396540 0.070283000 0.051786730 0.050339020 0.062823810 0.039857390 0.064100800 0.039445050 0.048870140 0.051726590 0.053832430 0.056393580 0.052746100 0.056217710 0.060496930 0.072171030 0.054700100 0.072369130 0.054963720 0.063963870 0.055636360 0.052572160 0.054255380 0.079343420 0.073756390 0.064264420 0.072808240 0.056459760 0.058403780 0.058620610 0.016596420 0.035089810 0.028723740 0.031609310 0.018422740 0.016215460 0.015795440 0.013571760 0.027195360 0.000000000 0.002743520 0.015155630 0.079070590 
32     0.042539010 0.051759900 0.060938140 0.076044280 0.059415800 0.076625180 0.055181830 0.060051610 0.037665980 0.060536600 0.043403680 0.041955970 0.054440760 0.031474340 0.047192610 0.027763040 0.048923790 0.051780240 0.049580540 0.042707260 0.055686320 0.059157930 0.063504570 0.075178670 0.057707740 0.063986080 0.046580670 0.055580820 0.047253310 0.052625810 0.045872330 0.077422150 0.065373340 0.061369670 0.065034040 0.054671020 0.050185800 0.050237560 0.017755760 0.038097450 0.023634820 0.036466820 0.014972780 0.019223100 0.018803080 0.016579400 0.021398720 0.002743520 0.000000000 0.004242490 0.079578070 
12     0.053775810 0.060751240 0.074522830 0.063836610 0.058534250 0.068175940 0.082259770 0.051602370 0.032639640 0.048730600 0.046257610 0.043873540 0.050240100 0.052577390 0.021100440 0.020796900 0.020987510 0.024662030 0.031506360 0.024299290 0.068312240 0.079123110 0.071205380 0.081773740 0.079739850 0.056579940 0.061036550 0.056476440 0.033014160 0.032872170 0.043562030 0.055464380 0.057219280 0.061294090 0.069011490 0.060653600 0.064651610 0.068857990 0.003845250 0.033072030 0.004444670 0.009115810 0.008307610 0.031208110 0.034754840 0.010248940 0.014444190 0.015155630 0.004242490 0.000000000 0.066319420 
0     0.029382010 0.032836970 0.007656640 0.075893500 0.001526310 0.058903830 0.057219700 0.112961320 0.085782670 0.071252530 0.046901210 0.046901120 0.049264930 0.064226070 0.003834510 0.001511470 0.066100780 0.067700320 0.016152540 0.000967890 0.011257590 0.010863710 0.033408820 0.063249440 0.033813040 0.035880140 0.033322060 0.037008000 0.041582340 0.086843830 0.044905290 0.035034870 0.157162670 0.121938550 0.001620490 0.021221730 0.008329710 0.018138930 0.002606150 0.002606690 0.002606200 0.002798320 0.004106150 0.080760050 0.080797050 0.069390620 0.077491350 0.079070590 0.079578070 0.066319420 0.000000000 
