51
3     0.000000000 0.177653224 0.845010766 0.847732717 0.804345428 0.872350951 0.891953903 0.710030490 0.715581714 0.657628998 0.595887463 0.595689198 0.615503813 0.597775829 0.662850854 0.634110635 0.658872621 0.624384125 0.607247862 0.573471752 0.705830374 0.710832341 0.767240866 0.768516210 0.783194066 0.768557814 0.726248117 0.721451461 0.684074130 0.701357607 0.709863031 0.819758285 0.701143849 0.711059209 0.782253292 0.696596924 0.690799953 0.691145851 0.583487318 0.633670719 0.665285548 0.613268506 0.613472060 0.622951840 0.622644697 0.667911561 0.702022042 0.687386000 0.647577525 0.685349753 1.708496501 
1     0.177653224 0.000000000 0.891294305 0.894016256 0.850637710 0.918643902 0.938246854 0.756323441 0.761874665 0.703921949 0.642180414 0.641982149 0.661674316 0.644068780 0.709143805 0.680403586 0.705165572 0.670677077 0.653540813 0.619764703 0.752436859 0.757438826 0.813665066 0.814940410 0.829618266 0.814982014 0.772672317 0.767875661 0.730680615 0.747964092 0.756469516 0.866364770 0.748022722 0.757938083 0.829132166 0.743700277 0.738004994 0.738350892 0.629968128 0.680170948 0.711790585 0.659768735 0.659952870 0.669432649 0.669125506 0.714392371 0.748502851 0.733866810 0.694058335 0.731830563 1.754899597 
2     0.845010766 0.891294305 0.000000000 0.104124392 0.234688487 1.007552060 1.027155012 0.844955218 0.850689811 0.792527909 0.731238098 0.731039833 0.751448344 0.733176572 0.797676318 0.768936542 0.792944326 0.758455831 0.741319567 0.707784994 0.837692050 0.842561553 0.897882379 0.899157723 0.913835579 0.898435235 0.856115383 0.854109423 0.816054450 0.833337927 0.841424598 0.951472824 0.833481009 0.843396369 0.914636465 0.828734047 0.823038764 0.823384662 0.717484343 0.767306013 0.798917374 0.746877615 0.747085893 0.756623416 0.756316273 0.801583138 0.835791988 0.821137779 0.780637367 0.818930854 1.839665873 
4     0.847732717 0.894016256 0.104124392 0.000000000 0.238139537 1.010274011 1.029876963 0.847677169 0.853411762 0.795249860 0.733960049 0.733761784 0.754170295 0.735898523 0.800398269 0.771658493 0.795666277 0.761177782 0.744041519 0.710506946 0.840414001 0.845283504 0.900628653 0.901903998 0.916581853 0.901181510 0.858861657 0.856855698 0.818776401 0.836059878 0.844146550 0.954194775 0.836202960 0.846118321 0.917358416 0.831455998 0.825760715 0.826106613 0.720206294 0.770027964 0.801639325 0.749599566 0.749807844 0.759345368 0.759038225 0.804305089 0.838513940 0.823859730 0.783359319 0.821652805 1.842387825 
5     0.804345428 0.850637710 0.234688487 0.238139537 0.000000000 0.967200547 0.986803499 0.804603705 0.810338298 0.752109280 0.690819469 0.690621204 0.711029715 0.692663262 0.757324805 0.728585029 0.752570282 0.718081787 0.700945524 0.667433481 0.797338872 0.802210619 0.857553524 0.858828869 0.873506724 0.858106381 0.815786528 0.813780569 0.775701272 0.792984749 0.801071421 0.911119646 0.793127831 0.803043192 0.874283287 0.788380869 0.782685586 0.783031484 0.677188581 0.727008018 0.758629804 0.706604485 0.706764391 0.716262195 0.715955052 0.761221917 0.795430767 0.780776439 0.740341939 0.778569513 1.799343745 
15     0.872350951 0.918643902 1.007552060 1.010274011 0.967200547 0.000000000 0.232357284 0.547244545 0.553076931 0.558100706 0.497931050 0.497755018 0.518318793 0.532084272 0.649894096 0.620951584 0.645739194 0.611349476 0.594215434 0.560301673 0.760441202 0.765370962 0.821467891 0.822743236 0.837421091 0.822899911 0.780650370 0.778347675 0.740363835 0.757602156 0.765485102 0.874816761 0.756666170 0.766723957 0.838203297 0.752062691 0.746389396 0.746665400 0.645616993 0.694868670 0.726567198 0.674558500 0.675090485 0.684111966 0.683804823 0.729105247 0.763643354 0.749342161 0.709129338 0.747081045 1.811337777 
33     0.891953903 0.938246854 1.027155012 1.029876963 0.986803499 0.232357284 0.000000000 0.567452650 0.573289982 0.577906873 0.517840992 0.517664959 0.538228734 0.551592307 0.669547193 0.640604681 0.665247483 0.630873455 0.613739413 0.579825652 0.780044154 0.784973913 0.841070843 0.842346188 0.857024043 0.842502863 0.800253322 0.797950627 0.759966787 0.777205108 0.785088054 0.894419713 0.776269122 0.786326909 0.857806249 0.771665643 0.765992348 0.766268352 0.665155062 0.714406738 0.746105266 0.694096568 0.694693437 0.703733086 0.703425943 0.748726368 0.783246306 0.768945112 0.728732290 0.766683997 1.830940729 
24     0.710030490 0.756323441 0.844955218 0.847677169 0.804603705 0.547244545 0.567452650 0.000000000 0.156080454 0.396984566 0.335270253 0.335134752 0.355463592 0.369590660 0.487014524 0.457890352 0.482940330 0.448550612 0.431416570 0.397502809 0.597139588 0.601898376 0.658490540 0.659765884 0.674443740 0.659728509 0.617673019 0.615370324 0.577154643 0.594392963 0.602292359 0.711325338 0.593641593 0.603699380 0.675129313 0.588988707 0.583315412 0.583591416 0.483263733 0.532508015 0.564213938 0.512205240 0.512717416 0.521739040 0.521431897 0.566732322 0.601252260 0.586452206 0.546239383 0.584688281 1.648745871 
13     0.715581714 0.761874665 0.850689811 0.853411762 0.810338298 0.553076931 0.573289982 0.156080454 0.000000000 0.402347701 0.340480562 0.340345062 0.360712698 0.374832410 0.492316932 0.463232978 0.488223789 0.453834071 0.436700029 0.402786267 0.603207170 0.607965959 0.664579173 0.665854517 0.680532373 0.665785102 0.623761652 0.621458957 0.583293863 0.600532184 0.608431579 0.717577321 0.599731228 0.609789015 0.681218949 0.595078342 0.589405048 0.589681052 0.488814957 0.538059239 0.569765162 0.517756464 0.518268640 0.527290264 0.526983121 0.572283546 0.606803484 0.592000187 0.551787364 0.590239505 1.654297095 
44     0.657628998 0.703921949 0.792527909 0.795249860 0.752109280 0.558100706 0.577906873 0.396984566 0.402347701 0.000000000 0.259233067 0.258861617 0.279592118 0.316000475 0.435562421 0.406662646 0.430954306 0.396569333 0.379430547 0.345511921 0.546053302 0.551030413 0.607133703 0.608409048 0.623086903 0.608522607 0.566316182 0.563990446 0.525570900 0.542809221 0.551148458 0.660506652 0.542049688 0.552107475 0.623730200 0.537590873 0.531917578 0.532193582 0.431866424 0.481110706 0.512816629 0.460807931 0.461335891 0.470190181 0.469883038 0.515183463 0.549764791 0.535038732 0.494825909 0.533182139 1.594364219 
30     0.595887463 0.642180414 0.731238098 0.733960049 0.690819469 0.497931050 0.517840992 0.335270253 0.340480562 0.259233067 0.000000000 0.023225202 0.076411995 0.257030619 0.373596580 0.344433612 0.369054861 0.334669887 0.317531101 0.283612573 0.483949734 0.488776549 0.545049912 0.546325257 0.561003112 0.546481932 0.504232391 0.501929696 0.463891658 0.481129979 0.489101715 0.598132376 0.480342024 0.490399811 0.561829745 0.475689138 0.470015843 0.470291848 0.371015051 0.420259333 0.451965256 0.399956558 0.400289179 0.409281330 0.408974187 0.454304085 0.488824022 0.474097963 0.433885140 0.472270809 1.535696251 
35     0.595689198 0.641982149 0.731039833 0.733761784 0.690621204 0.497755018 0.517664959 0.335134752 0.340345062 0.258861617 0.023225202 0.000000000 0.076877299 0.256834838 0.373398315 0.344238138 0.368856596 0.334471622 0.317332836 0.283414308 0.483751469 0.488578284 0.544851647 0.546126992 0.560804847 0.546283667 0.504034126 0.501731431 0.463693394 0.480931714 0.488903451 0.597934111 0.480143759 0.490201546 0.561631480 0.475490873 0.469817579 0.470093583 0.370816787 0.420061068 0.451766991 0.399758293 0.400090914 0.409083065 0.408775922 0.454105820 0.488625758 0.473899698 0.433686875 0.472072544 1.535497986 
9     0.615503813 0.661674316 0.751448344 0.754170295 0.711029715 0.518318793 0.538228734 0.355463592 0.360712698 0.279592118 0.076411995 0.076877299 0.000000000 0.277330427 0.393895486 0.364810577 0.389353766 0.354968792 0.337830006 0.303911478 0.504188604 0.509007291 0.565288782 0.566564127 0.581241982 0.566720802 0.524471261 0.522168566 0.484130528 0.501368849 0.509340585 0.618371245 0.500580894 0.510638681 0.582068614 0.495928008 0.490254713 0.490530717 0.391294297 0.440538578 0.472244501 0.420235803 0.420568424 0.429560575 0.429253432 0.474583330 0.509103268 0.494377208 0.454164385 0.492550054 1.555954725 
19     0.597775829 0.644068780 0.733176572 0.735898523 0.692663262 0.532084272 0.551592307 0.369590660 0.374832410 0.316000475 0.257030619 0.256834838 0.277330427 0.000000000 0.376582400 0.347745862 0.372359777 0.337970060 0.320836017 0.286922256 0.486640118 0.491658380 0.547706253 0.548981598 0.563659453 0.549123503 0.506888732 0.504562996 0.466532276 0.483770596 0.491505411 0.601231865 0.482996642 0.493054429 0.564420627 0.478340739 0.472667444 0.472943448 0.371216298 0.420460580 0.452202976 0.400157804 0.400597471 0.409292550 0.408985407 0.454550370 0.489053978 0.474198452 0.433985630 0.472450527 1.537662014 
27     0.662850854 0.709143805 0.797676318 0.800398269 0.757324805 0.649894096 0.669547193 0.487014524 0.492316932 0.435562421 0.373596580 0.373398315 0.393895486 0.376582400 0.000000000 0.122950051 0.412084814 0.377763530 0.360604101 0.326804203 0.552121030 0.556913322 0.613168317 0.614450038 0.629031774 0.614849166 0.572630768 0.570279051 0.531608468 0.549102084 0.557610109 0.667073031 0.548732815 0.558790602 0.630238253 0.543883590 0.538210295 0.538486299 0.438878015 0.488128667 0.519828220 0.467819522 0.467988702 0.477163440 0.476856297 0.522208185 0.556694840 0.542339747 0.501294894 0.540448076 1.603213208 
42     0.634110635 0.680403586 0.768936542 0.771658493 0.728585029 0.620951584 0.640604681 0.457890352 0.463232978 0.406662646 0.344433612 0.344238138 0.364810577 0.347745862 0.122950051 0.000000000 0.383352038 0.349030754 0.331871325 0.298071428 0.523423338 0.528196743 0.584752993 0.586034715 0.600706194 0.586269469 0.544051071 0.541699354 0.502988774 0.520463834 0.528963440 0.638426361 0.520035123 0.530092910 0.601540561 0.515185897 0.509512603 0.509788607 0.410137796 0.459388447 0.491088001 0.439079303 0.439206825 0.448423221 0.448116078 0.493467966 0.527954621 0.513599528 0.472540137 0.511707857 1.574472989 
20     0.658872621 0.705165572 0.792944326 0.795666277 0.752570282 0.645739194 0.665247483 0.482940330 0.488223789 0.430954306 0.369054861 0.368856596 0.389353766 0.372359777 0.412084814 0.383352038 0.000000000 0.221107708 0.202508394 0.263962123 0.546723086 0.551565253 0.607298438 0.608685249 0.623251638 0.608780230 0.566518043 0.564177830 0.526203391 0.543577657 0.551556076 0.661369882 0.543151350 0.553209137 0.624596070 0.538479894 0.532806599 0.533082603 0.433390543 0.482641194 0.514340748 0.462332050 0.462800802 0.471780422 0.471473279 0.516833433 0.551320087 0.536869661 0.496604352 0.535046192 1.597470320 
47     0.624384125 0.670677077 0.758455831 0.761177782 0.718081787 0.611349476 0.630873455 0.448550612 0.453834071 0.396569333 0.334669887 0.334471622 0.354968792 0.337970060 0.377763530 0.349030754 0.221107708 0.000000000 0.120621050 0.229580651 0.512234591 0.517076757 0.572809943 0.574196754 0.588763143 0.574291734 0.532029548 0.529692726 0.491717418 0.509091685 0.517067580 0.626881387 0.508662855 0.518720642 0.590107574 0.503991399 0.498318104 0.498594108 0.398801664 0.448052316 0.479751869 0.427743171 0.427980567 0.437248880 0.436941737 0.482301891 0.516772258 0.502321831 0.462056522 0.500497247 1.562981824 
40     0.607247862 0.653540813 0.741319567 0.744041519 0.700945524 0.594215434 0.613739413 0.431416570 0.436700029 0.379430547 0.317531101 0.317332836 0.337830006 0.320836017 0.360604101 0.331871325 0.202508394 0.120621050 0.000000000 0.212506219 0.495098328 0.499940494 0.555673679 0.557060491 0.571626880 0.557155471 0.514893284 0.512556463 0.474578632 0.491952899 0.499931317 0.609745123 0.491526592 0.501584379 0.572971311 0.486855136 0.481181841 0.481457845 0.381665401 0.430916053 0.462615606 0.410606908 0.410844304 0.420112617 0.419805474 0.465165628 0.499635994 0.485185568 0.444920259 0.483360983 1.545845561 
41     0.573471752 0.619764703 0.707784994 0.710506946 0.667433481 0.560301673 0.579825652 0.397502809 0.402786267 0.345511921 0.283612573 0.283414308 0.303911478 0.286922256 0.326804203 0.298071428 0.263962123 0.229580651 0.212506219 0.000000000 0.461322217 0.466164384 0.521897569 0.523284380 0.537850769 0.523379361 0.481117174 0.478758012 0.440810916 0.458179311 0.466164717 0.575969013 0.457750481 0.467808268 0.539195201 0.453079025 0.447405730 0.447681734 0.347967106 0.397217758 0.428917311 0.376908613 0.377376933 0.386300060 0.385992917 0.431409997 0.465896651 0.451446224 0.411180915 0.449622756 1.512069451 
43     0.705830374 0.752436859 0.837692050 0.840414001 0.797338872 0.760441202 0.780044154 0.597139588 0.603207170 0.546053302 0.483949734 0.483751469 0.504188604 0.486640118 0.552121030 0.523423338 0.546723086 0.512234591 0.495098328 0.461322217 0.000000000 0.178522596 0.498623293 0.499982283 0.515000996 0.500421064 0.457678531 0.455759017 0.416017442 0.433184360 0.441461744 0.551158485 0.462971032 0.472892895 0.543276088 0.457187304 0.451467681 0.451686218 0.480535214 0.529258986 0.561498845 0.509256522 0.509578242 0.518861850 0.518554707 0.563924314 0.597661071 0.583857238 0.544298761 0.581711090 1.647630898 
34     0.710832341 0.757438826 0.842561553 0.845283504 0.802210619 0.765370962 0.784973913 0.601898376 0.607965959 0.551030413 0.488776549 0.488578284 0.509007291 0.491658380 0.556913322 0.528196743 0.551565253 0.517076757 0.499940494 0.466164384 0.178522596 0.000000000 0.503833149 0.505192140 0.520216219 0.505754624 0.462888387 0.460968873 0.421019312 0.438187063 0.446711591 0.556162285 0.467987104 0.477908967 0.548407702 0.462318919 0.456599295 0.456817833 0.485550105 0.534273877 0.566513735 0.514271412 0.514593133 0.523964321 0.523657177 0.568997190 0.602667924 0.588817935 0.549259457 0.586668377 1.652668536 
46     0.767240866 0.813665066 0.897882379 0.900628653 0.857553524 0.821467891 0.841070843 0.658490540 0.664579173 0.607133703 0.545049912 0.544851647 0.565288782 0.547706253 0.613168317 0.584752993 0.607298438 0.572809943 0.555673679 0.521897569 0.498623293 0.503833149 0.000000000 0.180685726 0.267490141 0.371391352 0.326663227 0.325597791 0.471776864 0.488251396 0.494384599 0.603011767 0.524037145 0.533989877 0.605330052 0.519188851 0.514320709 0.514553718 0.541137418 0.589298762 0.622101049 0.570047893 0.570170069 0.579613738 0.579306594 0.624646607 0.657922553 0.644472242 0.604913765 0.642322685 1.707782647 
21     0.768516210 0.814940410 0.899157723 0.901903998 0.858828869 0.822743236 0.842346188 0.659765884 0.665854517 0.608409048 0.546325257 0.546126992 0.566564127 0.548981598 0.614450038 0.586034715 0.608685249 0.574196754 0.557060491 0.523284380 0.499982283 0.505192140 0.180685726 0.000000000 0.265762957 0.372627872 0.327514089 0.327064362 0.473244449 0.489676055 0.496173926 0.604526145 0.525217339 0.535170071 0.606556085 0.520475167 0.515546742 0.515779751 0.542412763 0.590608221 0.623376393 0.571323238 0.571445414 0.580889082 0.580581939 0.625921952 0.659134925 0.645747587 0.606189109 0.643598030 1.709009503 
49     0.783194066 0.829618266 0.913835579 0.916581853 0.873506724 0.837421091 0.857024043 0.674443740 0.680532373 0.623086903 0.561003112 0.560804847 0.581241982 0.563659453 0.629031774 0.600706194 0.623251638 0.588763143 0.571626880 0.537850769 0.515000996 0.520216219 0.267490141 0.265762957 0.000000000 0.382465506 0.337592968 0.337245197 0.487932623 0.504402969 0.510542908 0.618905571 0.539666253 0.549618985 0.620970626 0.534953880 0.529977455 0.530210464 0.557090619 0.605286544 0.638054249 0.586001093 0.586123270 0.595566938 0.595259795 0.640599808 0.673680524 0.660425443 0.620866965 0.658275886 1.723735847 
39     0.768557814 0.814982014 0.898435235 0.901181510 0.858106381 0.822899911 0.842502863 0.659728509 0.665785102 0.608522607 0.546481932 0.546283667 0.566720802 0.549123503 0.614849166 0.586269469 0.608780230 0.574291734 0.557155471 0.523379361 0.500421064 0.505754624 0.371391352 0.372627872 0.382465506 0.000000000 0.133679897 0.255304793 0.471747406 0.488146217 0.494665768 0.604046525 0.524957107 0.534909838 0.606086614 0.520399746 0.515038916 0.515271925 0.541989628 0.590518889 0.623179368 0.570989311 0.570878066 0.580692057 0.580384914 0.625724927 0.658999028 0.645538849 0.605980372 0.643389292 1.709065286 
29     0.726248117 0.772672317 0.856115383 0.858861657 0.815786528 0.780650370 0.800253322 0.617673019 0.623761652 0.566316182 0.504232391 0.504034126 0.524471261 0.506888732 0.572630768 0.544051071 0.566518043 0.532029548 0.514893284 0.481117174 0.457678531 0.462888387 0.326663227 0.327514089 0.337592968 0.133679897 0.000000000 0.210951123 0.429438478 0.445837289 0.452356840 0.561737597 0.482288528 0.492241260 0.563418036 0.477731167 0.472370337 0.472603347 0.500163718 0.548603771 0.581127349 0.529074193 0.528635740 0.538699273 0.538392130 0.583732143 0.617006244 0.603557778 0.563999300 0.601408221 1.666739524 
22     0.721451461 0.767875661 0.854109423 0.856855698 0.813780569 0.778347675 0.797950627 0.615370324 0.621458957 0.563990446 0.501929696 0.501731431 0.522168566 0.504562996 0.570279051 0.541699354 0.564177830 0.529692726 0.512556463 0.478758012 0.455759017 0.460968873 0.325597791 0.327064362 0.337245197 0.255304793 0.210951123 0.000000000 0.429816870 0.446074052 0.452283225 0.561703634 0.481972137 0.491861210 0.563117938 0.477351118 0.471990288 0.472223297 0.497821068 0.546261121 0.578784698 0.526731543 0.526853719 0.536297387 0.535990244 0.581330257 0.614604358 0.601155892 0.561597414 0.599006335 1.664296818 
36     0.684074130 0.730680615 0.816054450 0.818776401 0.775701272 0.740363835 0.759966787 0.577154643 0.583293863 0.525570900 0.463891658 0.463693394 0.484130528 0.466532276 0.531608468 0.502988774 0.526203391 0.491717418 0.474578632 0.440810916 0.416017442 0.421019312 0.471776864 0.473244449 0.487932623 0.471747406 0.429438478 0.429816870 0.000000000 0.103839407 0.372455672 0.482025435 0.441730569 0.451604761 0.522138415 0.436262426 0.430706752 0.430939761 0.459289674 0.508020201 0.540253305 0.487921330 0.488168087 0.497695335 0.497388192 0.542728205 0.576492146 0.562615107 0.523056630 0.560465550 1.626515406 
48     0.701357607 0.747964092 0.833337927 0.836059878 0.792984749 0.757602156 0.777205108 0.594392963 0.600532184 0.542809221 0.481129979 0.480931714 0.501368849 0.483770596 0.549102084 0.520463834 0.543577657 0.509091685 0.491952899 0.458179311 0.433184360 0.438187063 0.488251396 0.489676055 0.504402969 0.488146217 0.445837289 0.446074052 0.103839407 0.000000000 0.389713889 0.499248622 0.458642075 0.468516267 0.538988942 0.453448053 0.447892378 0.448125387 0.476685883 0.525416410 0.557649513 0.505317539 0.505766600 0.515157702 0.514850559 0.560190572 0.593954514 0.580093108 0.540534630 0.577943551 1.643787004 
26     0.709863031 0.756469516 0.841424598 0.844146550 0.801071421 0.765485102 0.785088054 0.602292359 0.608431579 0.551148458 0.489101715 0.488903451 0.509340585 0.491505411 0.557610109 0.528963440 0.551556076 0.517067580 0.499931317 0.466164717 0.441461744 0.446711591 0.494384599 0.496173926 0.510542908 0.494665768 0.452356840 0.452283225 0.372455672 0.389713889 0.000000000 0.477714442 0.468712849 0.478195756 0.548448622 0.463120328 0.457555434 0.457788444 0.484825919 0.533810255 0.565805677 0.513436487 0.513917733 0.523504503 0.523197360 0.568537373 0.602242740 0.588365701 0.548807223 0.586216144 1.652044649 
23     0.819758285 0.866364770 0.951472824 0.954194775 0.911119646 0.874816761 0.894419713 0.711325338 0.717577321 0.660506652 0.598132376 0.597934111 0.618371245 0.601231865 0.667073031 0.638426361 0.661369882 0.626881387 0.609745123 0.575969013 0.551158485 0.556162285 0.603011767 0.604526145 0.618905571 0.604046525 0.561737597 0.561703634 0.482025435 0.499248622 0.477714442 0.000000000 0.577193933 0.587116955 0.656353787 0.571489325 0.565924431 0.566157441 0.595285752 0.644016279 0.676249382 0.623978290 0.624193962 0.633725631 0.633418488 0.678758501 0.712461175 0.698611185 0.659052707 0.696461628 1.761817927 
37     0.701143849 0.748022722 0.833481009 0.836202960 0.793127831 0.756666170 0.776269122 0.593641593 0.599731228 0.542049688 0.480342024 0.480143759 0.500580894 0.482996642 0.548732815 0.520035123 0.543151350 0.508662855 0.491526592 0.457750481 0.462971032 0.467987104 0.524037145 0.525217339 0.539666253 0.524957107 0.482288528 0.481972137 0.441730569 0.458642075 0.468712849 0.577193933 0.000000000 0.098743492 0.357506813 0.272028954 0.265834057 0.265737463 0.475029648 0.523956833 0.555993279 0.503543817 0.504509917 0.513732961 0.513425818 0.558965797 0.592529045 0.578786541 0.539228063 0.576636984 1.641042373 
50     0.711059209 0.757938083 0.843396369 0.846118321 0.803043192 0.766723957 0.786326909 0.603699380 0.609789015 0.552107475 0.490399811 0.490201546 0.510638681 0.493054429 0.558790602 0.530092910 0.553209137 0.518720642 0.501584379 0.467808268 0.472892895 0.477908967 0.533989877 0.535170071 0.549618985 0.534909838 0.492241260 0.491861210 0.451604761 0.468516267 0.478195756 0.587116955 0.098743492 0.000000000 0.368528282 0.282662618 0.276467720 0.276371127 0.484888601 0.533815785 0.565585618 0.513089078 0.514365306 0.523532819 0.523225676 0.568824749 0.602387997 0.588645493 0.549087016 0.586495936 1.651013681 
8     0.782253292 0.829132166 0.914636465 0.917358416 0.874283287 0.838203297 0.857806249 0.675129313 0.681218949 0.623730200 0.561829745 0.561631480 0.582068614 0.564420627 0.630238253 0.601540561 0.624596070 0.590107574 0.572971311 0.539195201 0.543276088 0.548407702 0.605330052 0.606556085 0.620970626 0.606086614 0.563418036 0.563117938 0.522138415 0.538988942 0.548448622 0.656353787 0.357506813 0.368528282 0.000000000 0.314785306 0.308769341 0.308078786 0.556139744 0.605066929 0.637103374 0.584823187 0.585686030 0.595006073 0.594698930 0.640141910 0.673719331 0.659962654 0.620404176 0.657813097 1.722225167 
10     0.696596924 0.743700277 0.828734047 0.831455998 0.788380869 0.752062691 0.771665643 0.588988707 0.595078342 0.537590873 0.475689138 0.475490873 0.495928008 0.478340739 0.543883590 0.515185897 0.538479894 0.503991399 0.486855136 0.453079025 0.457187304 0.462318919 0.519188851 0.520475167 0.534953880 0.520399746 0.477731167 0.477351118 0.436262426 0.453448053 0.463120328 0.571489325 0.272028954 0.282662618 0.314785306 0.000000000 0.084837342 0.089543138 0.470484647 0.519411832 0.551448277 0.499168089 0.500023293 0.509210838 0.508903695 0.554309255 0.587511103 0.574292808 0.534734330 0.572143251 1.636593599 
31     0.690799953 0.738004994 0.823038764 0.825760715 0.782685586 0.746389396 0.765992348 0.583315412 0.589405048 0.531917578 0.470015843 0.469817579 0.490254713 0.472667444 0.538210295 0.509512603 0.532806599 0.498318104 0.481181841 0.447405730 0.451467681 0.456599295 0.514320709 0.515546742 0.529977455 0.515038916 0.472370337 0.471990288 0.430706752 0.447892378 0.457555434 0.565924431 0.265834057 0.276467720 0.308769341 0.084837342 0.000000000 0.053446216 0.464887251 0.513814435 0.545850881 0.493570693 0.494397002 0.503634373 0.503327230 0.548720421 0.582314930 0.568703975 0.529145497 0.566554418 1.630933065 
14     0.691145851 0.738350892 0.823384662 0.826106613 0.783031484 0.746665400 0.766268352 0.583591416 0.589681052 0.532193582 0.470291848 0.470093583 0.490530717 0.472943448 0.538486299 0.509788607 0.533082603 0.498594108 0.481457845 0.447681734 0.451686218 0.456817833 0.514553718 0.515779751 0.530210464 0.515271925 0.472603347 0.472223297 0.430939761 0.448125387 0.457788444 0.566157441 0.265737463 0.276371127 0.308078786 0.089543138 0.053446216 0.000000000 0.465269289 0.514196474 0.546232919 0.493952732 0.494815608 0.503987878 0.503680735 0.549086295 0.582680804 0.569069849 0.529511371 0.566920292 1.631244213 
7     0.583487318 0.629968128 0.717484343 0.720206294 0.677188581 0.645616993 0.665155062 0.483263733 0.488814957 0.431866424 0.371015051 0.370816787 0.391294297 0.371216298 0.438878015 0.410137796 0.433390543 0.398801664 0.381665401 0.347967106 0.480535214 0.485550105 0.541137418 0.542412763 0.557090619 0.541989628 0.500163718 0.497821068 0.459289674 0.476685883 0.484825919 0.595285752 0.475029648 0.484888601 0.556139744 0.470484647 0.464887251 0.465269289 0.000000000 0.162221062 0.193457916 0.140123373 0.223088656 0.272278164 0.272166103 0.317299287 0.351472774 0.337455093 0.297976304 0.335469048 1.517650254 
17     0.633670719 0.680170948 0.767306013 0.770027964 0.727008018 0.694868670 0.714406738 0.532508015 0.538059239 0.481110706 0.420259333 0.420061068 0.440538578 0.420460580 0.488128667 0.459388447 0.482641194 0.448052316 0.430916053 0.397217758 0.529258986 0.534273877 0.589298762 0.590608221 0.605286544 0.590518889 0.548603771 0.546261121 0.508020201 0.525416410 0.533810255 0.644016279 0.523956833 0.533815785 0.605066929 0.519411832 0.513814435 0.514196474 0.162221062 0.000000000 0.244442595 0.192826680 0.272598621 0.322249119 0.322137058 0.367279945 0.401353370 0.387468532 0.347989744 0.385288215 1.567728143 
11     0.665285548 0.711790585 0.798917374 0.801639325 0.758629804 0.726567198 0.746105266 0.564213938 0.569765162 0.512816629 0.451965256 0.451766991 0.472244501 0.452202976 0.519828220 0.491088001 0.514340748 0.479751869 0.462615606 0.428917311 0.561498845 0.566513735 0.622101049 0.623376393 0.638054249 0.623179368 0.581127349 0.578784698 0.540253305 0.557649513 0.565805677 0.676249382 0.555993279 0.565585618 0.637103374 0.551448277 0.545850881 0.546232919 0.193457916 0.244442595 0.000000000 0.173848848 0.305122424 0.353387800 0.353275740 0.398419506 0.432590415 0.418453923 0.378975134 0.416367407 1.598913305 
45     0.613268506 0.659768735 0.746877615 0.749599566 0.706604485 0.674558500 0.694096568 0.512205240 0.517756464 0.460807931 0.399956558 0.399758293 0.420235803 0.400157804 0.467819522 0.439079303 0.462332050 0.427743171 0.410606908 0.376908613 0.509256522 0.514271412 0.570047893 0.571323238 0.586001093 0.570989311 0.529074193 0.526731543 0.487921330 0.505317539 0.513436487 0.623978290 0.503543817 0.513089078 0.584823187 0.499168089 0.493570693 0.493952732 0.140123373 0.192826680 0.173848848 0.000000000 0.252880109 0.301510579 0.301398519 0.346569222 0.380827646 0.366625607 0.327146818 0.364433032 1.546904316 
16     0.613472060 0.659952870 0.747085893 0.749807844 0.706764391 0.675090485 0.694693437 0.512717416 0.518268640 0.461335891 0.400289179 0.400090914 0.420568424 0.400597471 0.467988702 0.439206825 0.462800802 0.427980567 0.410844304 0.377376933 0.509578242 0.514593133 0.570170069 0.571445414 0.586123270 0.570878066 0.528635740 0.526853719 0.488168087 0.505766600 0.513917733 0.624193962 0.504509917 0.514365306 0.585686030 0.500023293 0.494397002 0.494815608 0.223088656 0.272598621 0.305122424 0.252880109 0.000000000 0.300975310 0.300865737 0.346029022 0.380434608 0.365904071 0.326429243 0.364031761 1.547218590 
18     0.622951840 0.669432649 0.756623416 0.759345368 0.716262195 0.684111966 0.703733086 0.521739040 0.527290264 0.470190181 0.409281330 0.409083065 0.429560575 0.409292550 0.477163440 0.448423221 0.471780422 0.437248880 0.420112617 0.386300060 0.518861850 0.523964321 0.579613738 0.580889082 0.595566938 0.580692057 0.538699273 0.536297387 0.497695335 0.515157702 0.523504503 0.633725631 0.513732961 0.523532819 0.595006073 0.509210838 0.503634373 0.503987878 0.272278164 0.322249119 0.353387800 0.301510579 0.300975310 0.000000000 0.031001755 0.162747202 0.310436350 0.360123596 0.320778082 0.357209869 1.560187595 
6     0.622644697 0.669125506 0.756316273 0.759038225 0.715955052 0.683804823 0.703425943 0.521431897 0.526983121 0.469883038 0.408974187 0.408775922 0.429253432 0.408985407 0.476856297 0.448116078 0.471473279 0.436941737 0.419805474 0.385992917 0.518554707 0.523657177 0.579306594 0.580581939 0.595259795 0.580384914 0.538392130 0.535990244 0.497388192 0.514850559 0.523197360 0.633418488 0.513425818 0.523225676 0.594698930 0.508903695 0.503327230 0.503680735 0.272166103 0.322137058 0.353275740 0.301398519 0.300865737 0.031001755 0.000000000 0.161518284 0.309704142 0.360016167 0.320670653 0.357102440 1.559880452 
38     0.667911561 0.714392371 0.801583138 0.804305089 0.761221917 0.729105247 0.748726368 0.566732322 0.572283546 0.515183463 0.454304085 0.454105820 0.474583330 0.454550370 0.522208185 0.493467966 0.516833433 0.482301891 0.465165628 0.431409997 0.563924314 0.568997190 0.624646607 0.625921952 0.640599808 0.625724927 0.583732143 0.581330257 0.542728205 0.560190572 0.568537373 0.678758501 0.558965797 0.568824749 0.640141910 0.554309255 0.548720421 0.549086295 0.317299287 0.367279945 0.398419506 0.346569222 0.346029022 0.162747202 0.161518284 0.000000000 0.354655189 0.404807880 0.365532833 0.402025127 1.605147317 
25     0.702022042 0.748502851 0.835791988 0.838513940 0.795430767 0.763643354 0.783246306 0.601252260 0.606803484 0.549764791 0.488824022 0.488625758 0.509103268 0.489053978 0.556694840 0.527954621 0.551320087 0.516772258 0.499635994 0.465896651 0.597661071 0.602667924 0.657922553 0.659134925 0.673680524 0.658999028 0.617006244 0.614604358 0.576492146 0.593954514 0.602242740 0.712461175 0.592529045 0.602387997 0.673719331 0.587511103 0.582314930 0.582680804 0.351472774 0.401353370 0.432590415 0.380827646 0.380434608 0.310436350 0.309704142 0.354655189 0.000000000 0.440192240 0.400782967 0.437190634 1.639287746 
28     0.687386000 0.733866810 0.821137779 0.823859730 0.780776439 0.749342161 0.768945112 0.586452206 0.592000187 0.535038732 0.474097963 0.473899698 0.494377208 0.474198452 0.542339747 0.513599528 0.536869661 0.502321831 0.485185568 0.451446224 0.583857238 0.588817935 0.644472242 0.645747587 0.660425443 0.645538849 0.603557778 0.601155892 0.562615107 0.580093108 0.588365701 0.698611185 0.578786541 0.588645493 0.659962654 0.574292808 0.568703975 0.569069849 0.337455093 0.387468532 0.418453923 0.366625607 0.365904071 0.360123596 0.360016167 0.404807880 0.440192240 0.000000000 0.142210702 0.315892859 1.624954187 
32     0.647577525 0.694058335 0.780637367 0.783359319 0.740341939 0.709129338 0.728732290 0.546239383 0.551787364 0.494825909 0.433885140 0.433686875 0.454164385 0.433985630 0.501294894 0.472540137 0.496604352 0.462056522 0.444920259 0.411180915 0.544298761 0.549259457 0.604913765 0.606189109 0.620866965 0.605980372 0.563999300 0.561597414 0.523056630 0.540534630 0.548807223 0.659052707 0.539228063 0.549087016 0.620404176 0.534734330 0.529145497 0.529511371 0.297976304 0.347989744 0.378975134 0.327146818 0.326429243 0.320778082 0.320670653 0.365532833 0.400782967 0.142210702 0.000000000 0.277065169 1.584934044 
12     0.685349753 0.731830563 0.818930854 0.821652805 0.778569513 0.747081045 0.766683997 0.584688281 0.590239505 0.533182139 0.472270809 0.472072544 0.492550054 0.472450527 0.540448076 0.511707857 0.535046192 0.500497247 0.483360983 0.449622756 0.581711090 0.586668377 0.642322685 0.643598030 0.658275886 0.643389292 0.601408221 0.599006335 0.560465550 0.577943551 0.586216144 0.696461628 0.576636984 0.586495936 0.657813097 0.572143251 0.566554418 0.566920292 0.335469048 0.385288215 0.416367407 0.364433032 0.364031761 0.357209869 0.357102440 0.402025127 0.437190634 0.315892859 0.277065169 0.000000000 1.622907747 
0     1.708496501 1.754899597 1.839665873 1.842387825 1.799343745 1.811337777 1.830940729 1.648745871 1.654297095 1.594364219 1.535696251 1.535497986 1.555954725 1.537662014 1.603213208 1.574472989 1.597470320 1.562981824 1.545845561 1.512069451 1.647630898 1.652668536 1.707782647 1.709009503 1.723735847 1.709065286 1.666739524 1.664296818 1.626515406 1.643787004 1.652044649 1.761817927 1.641042373 1.651013681 1.722225167 1.636593599 1.630933065 1.631244213 1.517650254 1.567728143 1.598913305 1.546904316 1.547218590 1.560187595 1.559880452 1.605147317 1.639287746 1.624954187 1.584934044 1.622907747 0.000000000 
