51
7     0.000000000 0.002126340 0.001933699 0.004319474 0.003205423 0.002882045 0.003237040 0.003204500 0.002880298 0.002823613 0.011151451 0.011183708 0.011183163 0.010912110 0.003573832 0.004136943 0.004725614 0.004767018 0.003661614 0.003731716 0.004024232 0.004011053 0.004104769 0.003657583 0.003517805 0.004320443 0.003389538 0.003522457 0.004127387 0.003774293 0.003767486 0.003358755 0.004022588 0.003094863 0.003841497 0.003824739 0.003164744 0.003782806 0.004340054 0.004275870 0.003382072 0.004612069 0.004680654 0.004380815 0.004895443 0.003688344 0.004182331 0.004871307 0.007277595 0.007324929 0.003951848 
8     0.002126340 0.000000000 0.002473093 0.004850813 0.003736762 0.003416989 0.003771984 0.003739444 0.003411568 0.003354883 0.011681700 0.011713957 0.011713413 0.011442378 0.004099686 0.004662797 0.005254597 0.005296001 0.004190596 0.004260698 0.004553215 0.004540036 0.004633751 0.004186565 0.004046791 0.004842280 0.003918437 0.004051355 0.004656285 0.004304231 0.004297423 0.003888692 0.004552240 0.003624821 0.004371254 0.004354496 0.003694642 0.004313244 0.004870492 0.004806308 0.003912509 0.005142808 0.005211394 0.004911554 0.005425547 0.004218448 0.004708103 0.005401411 0.007808095 0.007855429 0.004482348 
15     0.001933699 0.002473093 0.000000000 0.003234605 0.002120555 0.001803027 0.002158022 0.002125482 0.001795038 0.001738353 0.010065933 0.010098190 0.010097645 0.009825816 0.002484292 0.003047403 0.003635999 0.003677403 0.002569891 0.002639662 0.002932179 0.002919000 0.003012716 0.002566021 0.002427454 0.003230841 0.002299565 0.002432484 0.003037414 0.002685732 0.002678688 0.002270191 0.002934863 0.002010765 0.002756805 0.002740048 0.002080052 0.002700877 0.003258125 0.003193941 0.002299955 0.003527865 0.003600386 0.003300547 0.003811299 0.002604505 0.003098947 0.003786946 0.006194049 0.006241383 0.002869373 
10     0.004319474 0.004850813 0.003234605 0.000000000 0.001450113 0.002570065 0.002924851 0.002892311 0.002578614 0.002521928 0.010850579 0.010887527 0.010887341 0.010617777 0.003316763 0.003880960 0.004466648 0.004508000 0.003405102 0.003475130 0.003763632 0.003750210 0.003845599 0.003396688 0.003258425 0.004069824 0.003134989 0.003266994 0.003873019 0.003519062 0.003513351 0.003102546 0.003766980 0.002967093 0.003709507 0.003692749 0.003036876 0.003672533 0.004230589 0.004166333 0.003269405 0.004499997 0.004568366 0.004268743 0.004784377 0.003576375 0.004074274 0.004757622 0.007152051 0.007198188 0.003843792 
35     0.003205423 0.003736762 0.002120555 0.001450113 0.000000000 0.001455299 0.001810146 0.001777606 0.001464115 0.001407430 0.009739134 0.009772829 0.009772643 0.009503079 0.002207068 0.002770938 0.003356297 0.003397649 0.002294701 0.002364729 0.002653729 0.002640277 0.002735696 0.002286211 0.002147949 0.002958953 0.002025954 0.002157959 0.002764319 0.002408288 0.002402578 0.001991571 0.002656099 0.001854244 0.002597256 0.002580499 0.001924028 0.002558809 0.003116865 0.003052609 0.002156414 0.003388654 0.003457023 0.003157400 0.003671038 0.002463035 0.002960935 0.003643940 0.006038712 0.006084849 0.002730736 
42     0.002882045 0.003416989 0.001803027 0.002570065 0.001455299 0.000000000 0.000492742 0.000451610 0.001140037 0.001083351 0.009413366 0.009446009 0.009445386 0.009202477 0.001893038 0.002456908 0.003046070 0.003087264 0.001982643 0.002052241 0.002342493 0.002329071 0.002424138 0.001976386 0.001837896 0.002650175 0.001719014 0.001851049 0.002455374 0.002101415 0.002095704 0.001685347 0.002349490 0.001541142 0.002286664 0.002270506 0.001612251 0.002245720 0.002803852 0.002740214 0.001844903 0.003071122 0.003139491 0.002839868 0.003355008 0.002146962 0.002644560 0.003330328 0.005735527 0.005780671 0.002412503 
9     0.003237040 0.003771984 0.002158022 0.002924851 0.001810146 0.000492742 0.000000000 0.000675881 0.001497691 0.001441005 0.009768318 0.009800961 0.009800338 0.009557435 0.002246848 0.002810718 0.003399861 0.003441056 0.002336453 0.002406051 0.002696303 0.002682881 0.002777948 0.002330196 0.002191706 0.003006942 0.002071659 0.002203713 0.002808163 0.002455225 0.002449514 0.002039157 0.002703300 0.001896860 0.002641785 0.002625627 0.001967372 0.002601747 0.003159879 0.003096241 0.002200931 0.003427016 0.003495385 0.003195762 0.003710855 0.002502809 0.003000407 0.003686174 0.006091374 0.006136518 0.002768480 
11     0.003204500 0.003739444 0.002125482 0.002892311 0.001777606 0.000451610 0.000675881 0.000000000 0.001462418 0.001405732 0.009735778 0.009768421 0.009767798 0.009524895 0.002215329 0.002779199 0.003368342 0.003409537 0.002304934 0.002374532 0.002664678 0.002651255 0.002746323 0.002298677 0.002160187 0.002971670 0.002040140 0.002172194 0.002776644 0.002423706 0.002417995 0.002007638 0.002671781 0.001864321 0.002609245 0.002593087 0.001934832 0.002568158 0.003126290 0.003062652 0.002167342 0.003393561 0.003461930 0.003162307 0.003677446 0.002469400 0.002966998 0.003652766 0.006057966 0.006103110 0.002734941 
30     0.002880298 0.003411568 0.001795038 0.002578614 0.001464115 0.001140037 0.001497691 0.001462418 0.000000000 0.000375513 0.009329375 0.009361633 0.009360408 0.009103144 0.001887670 0.002451773 0.003041347 0.003082340 0.001975023 0.002045394 0.002335783 0.002322607 0.002417428 0.001969414 0.001831007 0.002639752 0.001710637 0.001842683 0.002448979 0.002095957 0.002090254 0.001679669 0.002341653 0.001532464 0.002278633 0.002262475 0.001603426 0.002240012 0.002798308 0.002734670 0.001839712 0.003063169 0.003131538 0.002831915 0.003345464 0.002136981 0.002634984 0.003320744 0.005726220 0.005771931 0.002406097 
39     0.002823613 0.003354883 0.001738353 0.002521928 0.001407430 0.001083351 0.001441005 0.001405732 0.000375513 0.000000000 0.009272690 0.009304947 0.009303723 0.009046458 0.001830984 0.002395087 0.002984661 0.003025655 0.001918337 0.001988708 0.002279098 0.002265922 0.002360743 0.001912729 0.001774321 0.002583066 0.001653951 0.001785998 0.002392294 0.002039272 0.002033568 0.001622983 0.002284978 0.001475778 0.002221948 0.002205789 0.001546740 0.002183326 0.002741622 0.002677985 0.001783027 0.003006484 0.003074853 0.002775230 0.003288778 0.002080295 0.002578298 0.003264059 0.005669535 0.005715229 0.002349412 
27     0.011151451 0.011681700 0.010065933 0.010850579 0.009739134 0.009413366 0.009768318 0.009735778 0.009329375 0.009272690 0.000000000 0.000451503 0.000453759 0.006240769 0.010153112 0.010720829 0.011310810 0.011351653 0.010238665 0.010315967 0.010606863 0.010593687 0.010688748 0.010239492 0.010101089 0.010910755 0.009977287 0.010109292 0.010715736 0.010365419 0.010359708 0.009949116 0.010616730 0.009796111 0.010543160 0.010527001 0.009855882 0.010519391 0.011076574 0.011012390 0.010117591 0.011351888 0.011420257 0.011120634 0.011603682 0.010398295 0.010915518 0.011601286 0.014007150 0.014053472 0.010682369 
38     0.011183708 0.011713957 0.010098190 0.010887527 0.009772829 0.009446009 0.009800961 0.009768421 0.009361633 0.009304947 0.000451503 0.000000000 0.000478932 0.006281336 0.010185369 0.010753086 0.011343068 0.011383911 0.010270922 0.010348224 0.010639120 0.010625944 0.010721005 0.010271750 0.010133346 0.010943012 0.010009544 0.010141550 0.010747993 0.010397676 0.010391966 0.009981373 0.010648987 0.009828369 0.010575417 0.010559259 0.009888139 0.010551648 0.011108831 0.011044647 0.010149849 0.011384145 0.011452514 0.011152891 0.011636004 0.010430553 0.010947775 0.011633543 0.014039407 0.014085729 0.010714626 
16     0.011183163 0.011713413 0.010097645 0.010887341 0.009772643 0.009445386 0.009800338 0.009767798 0.009360408 0.009303723 0.000453759 0.000478932 0.000000000 0.006296995 0.010184820 0.010752536 0.011342518 0.011383361 0.010270372 0.010347674 0.010638570 0.010625394 0.010720455 0.010271200 0.010132796 0.010942462 0.010008994 0.010141000 0.010747444 0.010397126 0.010391416 0.009980824 0.010648437 0.009827824 0.010574873 0.010558714 0.009887594 0.010551104 0.011108287 0.011044103 0.010149304 0.011383601 0.011451970 0.011152346 0.011635459 0.010430008 0.010947231 0.011632999 0.014038863 0.014085184 0.010714081 
4     0.010912110 0.011442378 0.009825816 0.010617777 0.009503079 0.009202477 0.009557435 0.009524895 0.009103144 0.009046458 0.006240769 0.006281336 0.006296995 0.000000000 0.009907943 0.010479021 0.011069792 0.011110635 0.009998226 0.010074015 0.010364911 0.010351735 0.010446796 0.009985595 0.009859176 0.010660530 0.009737551 0.009862276 0.010468741 0.010124221 0.010118510 0.009708098 0.010375426 0.009556290 0.010303269 0.010287111 0.009612174 0.010278809 0.010835992 0.010771808 0.009877009 0.011111758 0.011180127 0.010880504 0.011369401 0.010155075 0.010674797 0.011360565 0.013766406 0.013812727 0.010441658 
13     0.003573832 0.004099686 0.002484292 0.003316763 0.002207068 0.001893038 0.002246848 0.002215329 0.001887670 0.001830984 0.010153112 0.010185369 0.010184820 0.009907943 0.000000000 0.000785599 0.002594431 0.002633296 0.001944312 0.002012177 0.002302851 0.002290428 0.002384905 0.001946692 0.001816326 0.003005439 0.002068902 0.002200367 0.002803593 0.002459747 0.002453940 0.002045484 0.002706730 0.002206678 0.002951694 0.002934936 0.002276840 0.002921782 0.003480050 0.003414939 0.002519972 0.003748485 0.003816191 0.003517231 0.004029333 0.002821553 0.003320112 0.004005481 0.006408146 0.006452866 0.003088176 
18     0.004136943 0.004662797 0.003047403 0.003880960 0.002770938 0.002456908 0.002810718 0.002779199 0.002451773 0.002395087 0.010720829 0.010753086 0.010752536 0.010479021 0.000785599 0.000000000 0.003158179 0.003197734 0.002507779 0.002575671 0.002866345 0.002853923 0.002948399 0.002509017 0.002378650 0.003568643 0.002632106 0.002763570 0.003366796 0.003022951 0.003017143 0.002608687 0.003269933 0.002769790 0.003514805 0.003498048 0.002839952 0.003485127 0.004043395 0.003978285 0.003083318 0.004311614 0.004379320 0.004080360 0.004592685 0.003384905 0.003883464 0.004568833 0.006971484 0.007016204 0.003651565 
28     0.004725614 0.005254597 0.003635999 0.004466648 0.003356297 0.003046070 0.003399861 0.003368342 0.003041347 0.002984661 0.011310810 0.011343068 0.011342518 0.011069792 0.002594431 0.003158179 0.000000000 0.001581027 0.003097064 0.003168217 0.003462553 0.003449814 0.003541735 0.003097807 0.002958703 0.004155069 0.003220687 0.003351791 0.003958732 0.003614040 0.003608273 0.003200371 0.003866327 0.003361416 0.004101802 0.004085044 0.003430872 0.004073890 0.004632369 0.004567258 0.003672068 0.004899447 0.004967454 0.004668494 0.005181472 0.003970292 0.004472251 0.005157250 0.007560334 0.007603986 0.004240749 
1     0.004767018 0.005296001 0.003677403 0.004508000 0.003397649 0.003087264 0.003441056 0.003409537 0.003082340 0.003025655 0.011351653 0.011383911 0.011383361 0.011110635 0.002633296 0.003197734 0.001581027 0.000000000 0.003136401 0.003207555 0.003501891 0.003489151 0.003581072 0.003137577 0.002997247 0.004186561 0.003260815 0.003391918 0.003998860 0.003654621 0.003648854 0.003240952 0.003907030 0.003402152 0.004142784 0.004126027 0.003472332 0.004114806 0.004673284 0.004608173 0.003712984 0.004940314 0.005008184 0.004709905 0.005222117 0.004010938 0.004512896 0.005197895 0.007600980 0.007644631 0.004281434 
21     0.003661614 0.004190596 0.002569891 0.003405102 0.002294701 0.001982643 0.002336453 0.002304934 0.001975023 0.001918337 0.010238665 0.010270922 0.010270372 0.009998226 0.001944312 0.002507779 0.003097064 0.003136401 0.000000000 0.000782688 0.001051939 0.001043901 0.001119396 0.001380300 0.001245214 0.003091407 0.002154952 0.002285541 0.002893185 0.002550397 0.002544589 0.002136622 0.002802401 0.002298580 0.003040380 0.003023622 0.002367863 0.003010932 0.003569411 0.003504300 0.002609249 0.003836530 0.003903251 0.003605276 0.004116566 0.002908785 0.003407345 0.004091524 0.006496822 0.006540474 0.003173476 
31     0.003731716 0.004260698 0.002639662 0.003475130 0.002364729 0.002052241 0.002406051 0.002374532 0.002045394 0.001988708 0.010315967 0.010348224 0.010347674 0.010074015 0.002012177 0.002575671 0.003168217 0.003207555 0.000782688 0.000000000 0.000858567 0.000841653 0.000938095 0.001450679 0.001317312 0.003161871 0.002225384 0.002355515 0.002963616 0.002621304 0.002615496 0.002207534 0.002873423 0.002368655 0.003112872 0.003096114 0.002438675 0.003080710 0.003639188 0.003574077 0.002679027 0.003901419 0.003968217 0.003669472 0.004186343 0.002978563 0.003477122 0.004161315 0.006566599 0.006609744 0.003243253 
43     0.004024232 0.004553215 0.002932179 0.003763632 0.002653729 0.002342493 0.002696303 0.002664678 0.002335783 0.002279098 0.010606863 0.010639120 0.010638570 0.010364911 0.002302851 0.002866345 0.003462553 0.003501891 0.001051939 0.000858567 0.000000000 0.000633775 0.000726165 0.001740571 0.001609051 0.003454182 0.002517688 0.002648276 0.003255920 0.002912483 0.002906675 0.002498713 0.003164543 0.002660280 0.003404496 0.003387739 0.002730300 0.003372904 0.003931383 0.003866272 0.002971221 0.004197605 0.004264402 0.003966350 0.004477982 0.003270202 0.003768762 0.004452317 0.006858263 0.006901408 0.003534746 
41     0.004011053 0.004540036 0.002919000 0.003750210 0.002640277 0.002329071 0.002682881 0.002651255 0.002322607 0.002265922 0.010593687 0.010625944 0.010625394 0.010351735 0.002290428 0.002853923 0.003449814 0.003489151 0.001043901 0.000841653 0.000633775 0.000000000 0.000631630 0.001728787 0.001597086 0.003441300 0.002504806 0.002635395 0.003243039 0.002899651 0.002893843 0.002485881 0.003151811 0.002647101 0.003391317 0.003374560 0.002717121 0.003359725 0.003918204 0.003853093 0.002958042 0.004184426 0.004251223 0.003953172 0.004464804 0.003257023 0.003755583 0.004438971 0.006845084 0.006888229 0.003521567 
6     0.004104769 0.004633751 0.003012716 0.003845599 0.002735696 0.002424138 0.002777948 0.002746323 0.002417428 0.002360743 0.010688748 0.010721005 0.010720455 0.010446796 0.002384905 0.002948399 0.003541735 0.003581072 0.001119396 0.000938095 0.000726165 0.000631630 0.000000000 0.001823386 0.001691756 0.003534484 0.002597990 0.002728578 0.003336222 0.002994274 0.002988466 0.002580504 0.003246804 0.002742043 0.003486260 0.003469502 0.002812063 0.003453737 0.004012216 0.003947105 0.003052055 0.004279335 0.004346132 0.004048081 0.004559371 0.003351591 0.003850150 0.004533698 0.006939651 0.006982796 0.003616179 
23     0.003657583 0.004186565 0.002566021 0.003396688 0.002286211 0.001976386 0.002330196 0.002298677 0.001969414 0.001912729 0.010239492 0.010271750 0.010271200 0.009985595 0.001946692 0.002509017 0.003097807 0.003137577 0.001380300 0.001450679 0.001740571 0.001728787 0.001823386 0.000000000 0.000637402 0.003090851 0.002153831 0.002285541 0.002892065 0.002547461 0.002541694 0.002133971 0.002800009 0.002293234 0.003037457 0.003020699 0.002363260 0.003006697 0.003565175 0.003500064 0.002605014 0.003831249 0.003896623 0.003599995 0.004109957 0.002902229 0.003400789 0.004085438 0.006488750 0.006530477 0.003167899 
36     0.003517805 0.004046791 0.002427454 0.003258425 0.002147949 0.001837896 0.002191706 0.002160187 0.001831007 0.001774321 0.010101089 0.010133346 0.010132796 0.009859176 0.001816326 0.002378650 0.002958703 0.002997247 0.001245214 0.001317312 0.001609051 0.001597086 0.001691756 0.000637402 0.000000000 0.002950906 0.002013709 0.002145419 0.002751941 0.002406976 0.002401209 0.001994102 0.002660180 0.002152496 0.002894758 0.002878001 0.002220308 0.002864067 0.003422546 0.003357435 0.002461359 0.003689373 0.003754727 0.003458119 0.003968559 0.002760832 0.003259391 0.003944040 0.006347176 0.006389607 0.003026486 
20     0.004320443 0.004842280 0.003230841 0.004069824 0.002958953 0.002650175 0.003006942 0.002971670 0.002639752 0.002583066 0.010910755 0.010943012 0.010942462 0.010660530 0.003005439 0.003568643 0.004155069 0.004186561 0.003091407 0.003161871 0.003454182 0.003441300 0.003534484 0.003090851 0.002950906 0.000000000 0.002203374 0.002328322 0.002936230 0.003138496 0.003132953 0.002721234 0.003408469 0.002957968 0.003705070 0.003688312 0.003030047 0.003670660 0.004229088 0.004158141 0.003269565 0.004500647 0.004568718 0.004269393 0.004781436 0.003569343 0.004072300 0.004757840 0.007156867 0.007202631 0.003834589 
40     0.003389538 0.003918437 0.002299565 0.003134989 0.002025954 0.001719014 0.002071659 0.002040140 0.001710637 0.001653951 0.009977287 0.010009544 0.010008994 0.009737551 0.002068902 0.002632106 0.003220687 0.003260815 0.002154952 0.002225384 0.002517688 0.002504806 0.002597990 0.002153831 0.002013709 0.002203374 0.000000000 0.000546639 0.001266588 0.002198771 0.002192978 0.001780699 0.002473321 0.002028495 0.002775278 0.002758520 0.002099436 0.002740479 0.003299791 0.003234648 0.002340438 0.003570894 0.003638965 0.003339640 0.003841633 0.002636519 0.003135685 0.003821225 0.006225378 0.006271142 0.002902016 
22     0.003522457 0.004051355 0.002432484 0.003266994 0.002157959 0.001851049 0.002203713 0.002172194 0.001842683 0.001785998 0.010109292 0.010141550 0.010141000 0.009862276 0.002200367 0.002763570 0.003351791 0.003391918 0.002285541 0.002355515 0.002648276 0.002635395 0.002728578 0.002285541 0.002145419 0.002328322 0.000546639 0.000000000 0.001397867 0.002331367 0.002325575 0.001913628 0.002606240 0.002160318 0.002906641 0.002889884 0.002230799 0.002873385 0.003432696 0.003367553 0.002473343 0.003702915 0.003770987 0.003471661 0.003981132 0.002772788 0.003271890 0.003957451 0.006357830 0.006403594 0.003035294 
44     0.004127387 0.004656285 0.003037414 0.003873019 0.002764319 0.002455374 0.002808163 0.002776644 0.002448979 0.002392294 0.010715736 0.010747993 0.010747444 0.010468741 0.002803593 0.003366796 0.003958732 0.003998860 0.002893185 0.002963616 0.003255920 0.003243039 0.003336222 0.002892065 0.002751941 0.002936230 0.001266588 0.001397867 0.000000000 0.002934052 0.002928259 0.002515971 0.003209165 0.002765166 0.003511949 0.003495191 0.002836107 0.003479077 0.004038389 0.003973246 0.003079036 0.004309339 0.004377410 0.004078085 0.004588524 0.003380222 0.003879388 0.004564928 0.006964253 0.007010018 0.003639878 
5     0.003774293 0.004304231 0.002685732 0.003519062 0.002408288 0.002101415 0.002455225 0.002423706 0.002095957 0.002039272 0.010365419 0.010397676 0.010397126 0.010124221 0.002459747 0.003022951 0.003614040 0.003654621 0.002550397 0.002621304 0.002912483 0.002899651 0.002994274 0.002547461 0.002406976 0.003138496 0.002198771 0.002331367 0.002934052 0.000000000 0.000879290 0.001661404 0.002847258 0.002411252 0.003156392 0.003139635 0.002481560 0.003123595 0.003683075 0.003617819 0.002722044 0.003956639 0.004024710 0.003725385 0.004236071 0.003024840 0.003527236 0.004212776 0.006617509 0.006663309 0.003292902 
29     0.003767486 0.004297423 0.002678688 0.003513351 0.002402578 0.002095704 0.002449514 0.002417995 0.002090254 0.002033568 0.010359708 0.010391966 0.010391416 0.010118510 0.002453940 0.003017143 0.003608273 0.003648854 0.002544589 0.002615496 0.002906675 0.002893843 0.002988466 0.002541694 0.002401209 0.003132953 0.002192978 0.002325575 0.002928259 0.000879290 0.000000000 0.001654967 0.002841410 0.002405921 0.003151061 0.003134304 0.002476229 0.003119524 0.003678991 0.003613735 0.002718495 0.003951237 0.004019309 0.003719983 0.004230821 0.003018555 0.003521986 0.004207526 0.006612313 0.006658078 0.003287653 
12     0.003358755 0.003888692 0.002270191 0.003102546 0.001991571 0.001685347 0.002039157 0.002007638 0.001679669 0.001622983 0.009949116 0.009981373 0.009980824 0.009708098 0.002045484 0.002608687 0.003200371 0.003240952 0.002136622 0.002207534 0.002498713 0.002485881 0.002580504 0.002133971 0.001994102 0.002721234 0.001780699 0.001913628 0.002515971 0.001661404 0.001654967 0.000000000 0.002432164 0.001995789 0.002740935 0.002724177 0.002066103 0.002707962 0.003268046 0.003202300 0.002307485 0.003540771 0.003608843 0.003309517 0.003817310 0.002608832 0.003109781 0.003794644 0.006201697 0.006247462 0.002876982 
26     0.004022588 0.004552240 0.002934863 0.003766980 0.002656099 0.002349490 0.002703300 0.002671781 0.002341653 0.002284978 0.010616730 0.010648987 0.010648437 0.010375426 0.002706730 0.003269933 0.003866327 0.003907030 0.002802401 0.002873423 0.003164543 0.003151811 0.003246804 0.002800009 0.002660180 0.003408469 0.002473321 0.002606240 0.003209165 0.002847258 0.002841410 0.002432164 0.000000000 0.002661317 0.003405975 0.003389217 0.002731143 0.003369075 0.003932523 0.003867427 0.002971316 0.004204519 0.004272549 0.003973175 0.004485436 0.003276380 0.003775256 0.004460795 0.006862771 0.006908535 0.003542386 
14     0.003094863 0.003624821 0.002010765 0.002967093 0.001854244 0.001541142 0.001896860 0.001864321 0.001532464 0.001475778 0.009796111 0.009828369 0.009827824 0.009556290 0.002206678 0.002769790 0.003361416 0.003402152 0.002298580 0.002368655 0.002660280 0.002647101 0.002742043 0.002293234 0.002152496 0.002957968 0.002028495 0.002160318 0.002765166 0.002411252 0.002405921 0.001995789 0.002661317 0.000000000 0.002109118 0.002092255 0.001430202 0.002440846 0.003000140 0.002935956 0.002041802 0.003275569 0.003343938 0.003044315 0.003547498 0.002340368 0.002836939 0.003523466 0.005927800 0.005974483 0.002591892 
19     0.003841497 0.004371254 0.002756805 0.003709507 0.002597256 0.002286664 0.002641785 0.002609245 0.002278633 0.002221948 0.010543160 0.010575417 0.010574873 0.010303269 0.002951694 0.003514805 0.004101802 0.004142784 0.003040380 0.003112872 0.003404496 0.003391317 0.003486260 0.003037457 0.002894758 0.003705070 0.002775278 0.002906641 0.003511949 0.003156392 0.003151061 0.002740935 0.003405975 0.002109118 0.000000000 0.000661975 0.001491810 0.003184411 0.003743159 0.003678975 0.002784104 0.004020421 0.004088790 0.003789167 0.004289941 0.003084606 0.003581177 0.004267704 0.006672023 0.006718706 0.003335938 
34     0.003824739 0.004354496 0.002740048 0.003692749 0.002580499 0.002270506 0.002625627 0.002593087 0.002262475 0.002205789 0.010527001 0.010559259 0.010558714 0.010287111 0.002934936 0.003498048 0.004085044 0.004126027 0.003023622 0.003096114 0.003387739 0.003374560 0.003469502 0.003020699 0.002878001 0.003688312 0.002758520 0.002889884 0.003495191 0.003139635 0.003134304 0.002724177 0.003389217 0.002092255 0.000661975 0.000000000 0.001485557 0.003169316 0.003728064 0.003663880 0.002769726 0.004003966 0.004072334 0.003772711 0.004273366 0.003068031 0.003564602 0.004251129 0.006655459 0.006702142 0.003319373 
3     0.003164744 0.003694642 0.002080052 0.003036876 0.001924028 0.001612251 0.001967372 0.001934832 0.001603426 0.001546740 0.009855882 0.009888139 0.009887594 0.009612174 0.002276840 0.002839952 0.003430872 0.003472332 0.002367863 0.002438675 0.002730300 0.002717121 0.002812063 0.002363260 0.002220308 0.003030047 0.002099436 0.002230799 0.002836107 0.002481560 0.002476229 0.002066103 0.002731143 0.001430202 0.001491810 0.001485557 0.000000000 0.002509532 0.003068487 0.003004303 0.002109903 0.003342719 0.003411087 0.003111464 0.003613795 0.002408459 0.002905030 0.003591558 0.005995887 0.006042570 0.002659980 
25     0.003782806 0.004313244 0.002700877 0.003672533 0.002558809 0.002245720 0.002601747 0.002568158 0.002240012 0.002183326 0.010519391 0.010551648 0.010551104 0.010278809 0.002921782 0.003485127 0.004073890 0.004114806 0.003010932 0.003080710 0.003372904 0.003359725 0.003453737 0.003006697 0.002864067 0.003670660 0.002740479 0.002873385 0.003479077 0.003123595 0.003119524 0.002707962 0.003369075 0.002440846 0.003184411 0.003169316 0.002509532 0.000000000 0.001653729 0.001583016 0.001391778 0.003756647 0.003824413 0.003524526 0.004022424 0.002814882 0.003314175 0.003998013 0.006404282 0.006451673 0.003081955 
17     0.004340054 0.004870492 0.003258125 0.004230589 0.003116865 0.002803852 0.003159879 0.003126290 0.002798308 0.002741622 0.011076574 0.011108831 0.011108287 0.010835992 0.003480050 0.004043395 0.004632369 0.004673284 0.003569411 0.003639188 0.003931383 0.003918204 0.004012216 0.003565175 0.003422546 0.004229088 0.003299791 0.003432696 0.004038389 0.003683075 0.003678991 0.003268046 0.003932523 0.003000140 0.003743159 0.003728064 0.003068487 0.001653729 0.000000000 0.000833491 0.001943455 0.004303635 0.004371400 0.004071349 0.004579782 0.003372240 0.003871533 0.004555371 0.006961640 0.007009031 0.003639242 
33     0.004275870 0.004806308 0.003193941 0.004166333 0.003052609 0.002740214 0.003096241 0.003062652 0.002734670 0.002677985 0.011012390 0.011044647 0.011044103 0.010771808 0.003414939 0.003978285 0.004567258 0.004608173 0.003504300 0.003574077 0.003866272 0.003853093 0.003947105 0.003500064 0.003357435 0.004158141 0.003234648 0.003367553 0.003973246 0.003617819 0.003613735 0.003202300 0.003867427 0.002935956 0.003678975 0.003663880 0.003004303 0.001583016 0.000833491 0.000000000 0.001886252 0.004239997 0.004307763 0.004007712 0.004516144 0.003308603 0.003807896 0.004491733 0.006898002 0.006945393 0.003575604 
24     0.003382072 0.003912509 0.002299955 0.003269405 0.002156414 0.001844903 0.002200931 0.002167342 0.001839712 0.001783027 0.010117591 0.010149849 0.010149304 0.009877009 0.002519972 0.003083318 0.003672068 0.003712984 0.002609249 0.002679027 0.002971221 0.002958042 0.003052055 0.002605014 0.002461359 0.003269565 0.002340438 0.002473343 0.003079036 0.002722044 0.002718495 0.002307485 0.002971316 0.002041802 0.002784104 0.002769726 0.002109903 0.001391778 0.001943455 0.001886252 0.000000000 0.003357647 0.003425412 0.003125525 0.003619498 0.002411956 0.002911249 0.003595087 0.006004096 0.006051487 0.002681565 
32     0.004612069 0.005142808 0.003527865 0.004499997 0.003388654 0.003071122 0.003427016 0.003393561 0.003063169 0.003006484 0.011351888 0.011384145 0.011383601 0.011111758 0.003748485 0.004311614 0.004899447 0.004940314 0.003836530 0.003901419 0.004197605 0.004184426 0.004279335 0.003831249 0.003689373 0.004500647 0.003570894 0.003702915 0.004309339 0.003956639 0.003951237 0.003540771 0.004204519 0.003275569 0.004020421 0.004003966 0.003342719 0.003756647 0.004303635 0.004239997 0.003357647 0.000000000 0.000998191 0.000751423 0.004856275 0.003648548 0.004144668 0.004829297 0.007232399 0.007279951 0.003918637 
2     0.004680654 0.005211394 0.003600386 0.004568366 0.003457023 0.003139491 0.003495385 0.003461930 0.003131538 0.003074853 0.011420257 0.011452514 0.011451970 0.011180127 0.003816191 0.004379320 0.004967454 0.005008184 0.003903251 0.003968217 0.004264402 0.004251223 0.004346132 0.003896623 0.003754727 0.004568718 0.003638965 0.003770987 0.004377410 0.004024710 0.004019309 0.003608843 0.004272549 0.003343938 0.004088790 0.004072334 0.003411087 0.003824413 0.004371400 0.004307763 0.003425412 0.000998191 0.000000000 0.000824965 0.004924000 0.003716272 0.004212393 0.004897022 0.007300145 0.007347697 0.003986420 
37     0.004380815 0.004911554 0.003300547 0.004268743 0.003157400 0.002839868 0.003195762 0.003162307 0.002831915 0.002775230 0.011120634 0.011152891 0.011152346 0.010880504 0.003517231 0.004080360 0.004668494 0.004709905 0.003605276 0.003669472 0.003966350 0.003953172 0.004048081 0.003599995 0.003458119 0.004269393 0.003339640 0.003471661 0.004078085 0.003725385 0.003719983 0.003309517 0.003973175 0.003044315 0.003789167 0.003772711 0.003111464 0.003524526 0.004071349 0.004007712 0.003125525 0.000751423 0.000824965 0.000000000 0.004624133 0.003416405 0.003912526 0.004597155 0.007000258 0.007047810 0.003686553 
45     0.004895443 0.005425547 0.003811299 0.004784377 0.003671038 0.003355008 0.003710855 0.003677446 0.003345464 0.003288778 0.011603682 0.011636004 0.011635459 0.011369401 0.004029333 0.004592685 0.005181472 0.005222117 0.004116566 0.004186343 0.004477982 0.004464804 0.004559371 0.004109957 0.003968559 0.004781436 0.003841633 0.003981132 0.004588524 0.004236071 0.004230821 0.003817310 0.004485436 0.003547498 0.004289941 0.004273366 0.003613795 0.004022424 0.004579782 0.004516144 0.003619498 0.004856275 0.004924000 0.004624133 0.000000000 0.001767022 0.002242409 0.002929490 0.007347134 0.007395750 0.004072974 
47     0.003688344 0.004218448 0.002604505 0.003576375 0.002463035 0.002146962 0.002502809 0.002469400 0.002136981 0.002080295 0.010398295 0.010430553 0.010430008 0.010155075 0.002821553 0.003384905 0.003970292 0.004010938 0.002908785 0.002978563 0.003270202 0.003257023 0.003351591 0.002902229 0.002760832 0.003569343 0.002636519 0.002772788 0.003380222 0.003024840 0.003018555 0.002608832 0.003276380 0.002340368 0.003084606 0.003068031 0.002408459 0.002814882 0.003372240 0.003308603 0.002411956 0.003648548 0.003716272 0.003416405 0.001767022 0.000000000 0.000874343 0.001667016 0.006128481 0.006182015 0.002865833 
49     0.004182331 0.004708103 0.003098947 0.004074274 0.002960935 0.002644560 0.003000407 0.002966998 0.002634984 0.002578298 0.010915518 0.010947775 0.010947231 0.010674797 0.003320112 0.003883464 0.004472251 0.004512896 0.003407345 0.003477122 0.003768762 0.003755583 0.003850150 0.003400789 0.003259391 0.004072300 0.003135685 0.003271890 0.003879388 0.003527236 0.003521986 0.003109781 0.003775256 0.002836939 0.003581177 0.003564602 0.002905030 0.003314175 0.003871533 0.003807896 0.002911249 0.004144668 0.004212393 0.003912526 0.002242409 0.000874343 0.000000000 0.002171271 0.006636826 0.006685442 0.003362488 
50     0.004871307 0.005401411 0.003786946 0.004757622 0.003643940 0.003330328 0.003686174 0.003652766 0.003320744 0.003264059 0.011601286 0.011633543 0.011632999 0.011360565 0.004005481 0.004568833 0.005157250 0.005197895 0.004091524 0.004161315 0.004452317 0.004438971 0.004533698 0.004085438 0.003944040 0.004757840 0.003821225 0.003957451 0.004564928 0.004212776 0.004207526 0.003794644 0.004460795 0.003523466 0.004267704 0.004251129 0.003591558 0.003998013 0.004555371 0.004491733 0.003595087 0.004829297 0.004897022 0.004597155 0.002929490 0.001667016 0.002171271 0.000000000 0.007322163 0.007370779 0.004043366 
46     0.007277595 0.007808095 0.006194049 0.007152051 0.006038712 0.005735527 0.006091374 0.006057966 0.005726220 0.005669535 0.014007150 0.014039407 0.014038863 0.013766406 0.006408146 0.006971484 0.007560334 0.007600980 0.006496822 0.006566599 0.006858263 0.006845084 0.006939651 0.006488750 0.006347176 0.007156867 0.006225378 0.006357830 0.006964253 0.006617509 0.006612313 0.006201697 0.006862771 0.005927800 0.006672023 0.006655459 0.005995887 0.006404282 0.006961640 0.006898002 0.006004096 0.007232399 0.007300145 0.007000258 0.007347134 0.006128481 0.006636826 0.007322163 0.000000000 0.001333175 0.006453526 
48     0.007324929 0.007855429 0.006241383 0.007198188 0.006084849 0.005780671 0.006136518 0.006103110 0.005771931 0.005715229 0.014053472 0.014085729 0.014085184 0.013812727 0.006452866 0.007016204 0.007603986 0.007644631 0.006540474 0.006609744 0.006901408 0.006888229 0.006982796 0.006530477 0.006389607 0.007202631 0.006271142 0.006403594 0.007010018 0.006663309 0.006658078 0.006247462 0.006908535 0.005974483 0.006718706 0.006702142 0.006042570 0.006451673 0.007009031 0.006945393 0.006051487 0.007279951 0.007347697 0.007047810 0.007395750 0.006182015 0.006685442 0.007370779 0.001333175 0.000000000 0.006501383 
0     0.003951848 0.004482348 0.002869373 0.003843792 0.002730736 0.002412503 0.002768480 0.002734941 0.002406097 0.002349412 0.010682369 0.010714626 0.010714081 0.010441658 0.003088176 0.003651565 0.004240749 0.004281434 0.003173476 0.003243253 0.003534746 0.003521567 0.003616179 0.003167899 0.003026486 0.003834589 0.002902016 0.003035294 0.003639878 0.003292902 0.003287653 0.002876982 0.003542386 0.002591892 0.003335938 0.003319373 0.002659980 0.003081955 0.003639242 0.003575604 0.002681565 0.003918637 0.003986420 0.003686553 0.004072974 0.002865833 0.003362488 0.004043366 0.006453526 0.006501383 0.000000000 
