51
7     0.000000000 0.000052020 0.000037550 0.000269580 0.000235880 0.000075560 0.000307750 0.000203390 0.000184610 0.000199760 0.000764400 0.000739410 0.000777570 0.000363370 0.000213440 0.000326910 0.000487050 0.000485180 0.000180700 0.000195240 0.000219740 0.000235900 0.000291910 0.000365840 0.000218880 0.000336260 0.000254590 0.000253010 0.000281920 0.000364710 0.000261670 0.000209430 0.000249230 0.000179860 0.000281490 0.000403940 0.000215370 0.000255260 0.000255080 0.000262540 0.000203750 0.000330610 0.000422040 0.000284390 0.000423550 0.000282860 0.000354630 0.000436280 0.000382230 0.000392610 0.000298840 
8     0.000052020 0.000000000 0.000046010 0.000309650 0.000172910 0.000093910 0.000156810 0.000077390 0.000184840 0.000077100 0.000341080 0.000370540 0.000310180 0.000542010 0.000152520 0.000157040 0.000137600 0.000256350 0.000172080 0.000169640 0.000342480 0.000353580 0.000219000 0.000236480 0.000180910 0.000135560 0.000200060 0.000167260 0.000155400 0.000365700 0.000157900 0.000138430 0.000132270 0.000121670 0.000356270 0.000521380 0.000225130 0.000287700 0.000284380 0.000379790 0.000101510 0.000138510 0.000132310 0.000128290 0.000316160 0.000231120 0.000387930 0.000326150 0.000237690 0.000257460 0.000120780 
15     0.000037550 0.000046010 0.000000000 0.000134340 0.000086480 0.000116770 0.000161360 0.000100250 0.000167650 0.000015310 0.000254650 0.000284110 0.000223750 0.000047610 0.000175380 0.000179900 0.000051170 0.000169920 0.000128530 0.000192500 0.000240190 0.000170340 0.000241860 0.000039720 0.000112340 0.000049130 0.000222920 0.000190120 0.000178260 0.000298950 0.000037970 0.000161290 0.000045840 0.000136220 0.000269840 0.000109400 0.000104900 0.000188370 0.000197030 0.000281360 0.000103070 0.000052080 0.000045880 0.000041860 0.000324230 0.000144690 0.000314450 0.000239720 0.000151260 0.000171030 0.000060410 
10     0.000269580 0.000309650 0.000134340 0.000000000 0.000010150 0.000148660 0.000203920 0.000167590 0.000007630 0.000007320 0.000752500 0.000263710 0.000251580 0.000293480 0.000194740 0.000361030 0.000396320 0.000275150 0.000214820 0.000229360 0.000253860 0.000270020 0.000326030 0.000286600 0.000218630 0.000308810 0.000204260 0.000208920 0.000397010 0.000186400 0.000295790 0.000202030 0.000012970 0.000074630 0.000322910 0.000129520 0.000066580 0.000296680 0.000337580 0.000303960 0.000245170 0.000282830 0.000426660 0.000190040 0.000412410 0.000318060 0.000325300 0.000277520 0.000311880 0.000391910 0.000087050 
35     0.000235880 0.000172910 0.000086480 0.000010150 0.000000000 0.000075900 0.000131160 0.000094830 0.000005940 0.000005630 0.000325330 0.000354790 0.000294430 0.000248090 0.000174080 0.000288470 0.000119370 0.000238120 0.000169540 0.000242170 0.000266670 0.000282830 0.000307470 0.000237550 0.000225560 0.000117330 0.000201390 0.000207230 0.000208880 0.000161510 0.000194350 0.000194070 0.000013410 0.000072940 0.000277750 0.000127830 0.000064890 0.000182800 0.000200620 0.000284950 0.000230820 0.000123240 0.000117040 0.000113020 0.000250070 0.000215850 0.000252540 0.000169450 0.000222420 0.000221980 0.000116150 
42     0.000075560 0.000093910 0.000116770 0.000148660 0.000075900 0.000000000 0.000007110 0.000004870 0.000030800 0.000023360 0.000232450 0.000241920 0.000232580 0.000223690 0.000181910 0.000172340 0.000229990 0.000229810 0.000097950 0.000208710 0.000209530 0.000157860 0.000246910 0.000123790 0.000101410 0.000115540 0.000097200 0.000192560 0.000098740 0.000130030 0.000152320 0.000093780 0.000065130 0.000021140 0.000201930 0.000178870 0.000106970 0.000102750 0.000158640 0.000215020 0.000091040 0.000225470 0.000225180 0.000166950 0.000241250 0.000153990 0.000127450 0.000122750 0.000058580 0.000138610 0.000159850 
9     0.000307750 0.000156810 0.000161360 0.000203920 0.000131160 0.000007110 0.000000000 0.000001380 0.000047540 0.000074870 0.000291190 0.000300660 0.000291320 0.000286700 0.000225620 0.000232140 0.000265720 0.000336450 0.000261590 0.000240240 0.000204250 0.000243290 0.000259270 0.000183590 0.000129590 0.000110260 0.000155940 0.000269230 0.000157480 0.000131760 0.000154050 0.000095510 0.000084630 0.000113490 0.000255920 0.000202390 0.000146790 0.000102400 0.000353980 0.000269010 0.000092770 0.000383570 0.000357550 0.000305530 0.000320770 0.000285110 0.000323160 0.000347760 0.000177060 0.000289830 0.000222750 
11     0.000203390 0.000077390 0.000100250 0.000167590 0.000094830 0.000004870 0.000001380 0.000000000 0.000061630 0.000047510 0.000237320 0.000246790 0.000237450 0.000271380 0.000175070 0.000179590 0.000265140 0.000345240 0.000161670 0.000192190 0.000282170 0.000203480 0.000241550 0.000163890 0.000194960 0.000263100 0.000102070 0.000189810 0.000103610 0.000339940 0.000180450 0.000102960 0.000105230 0.000093790 0.000229740 0.000189590 0.000122770 0.000136450 0.000168130 0.000242830 0.000124060 0.000266530 0.000260330 0.000215020 0.000338710 0.000279590 0.000285550 0.000296900 0.000106650 0.000186680 0.000143330 
30     0.000184610 0.000184840 0.000167650 0.000007630 0.000005940 0.000030800 0.000047540 0.000061630 0.000000000 0.000000170 0.000182730 0.000192200 0.000182860 0.000096210 0.000162590 0.000276060 0.000177650 0.000271680 0.000129850 0.000144390 0.000168890 0.000185050 0.000241060 0.000182500 0.000192620 0.000224930 0.000077340 0.000160120 0.000078880 0.000117850 0.000146990 0.000078230 0.000148700 0.000010860 0.000237940 0.000125250 0.000062310 0.000118490 0.000190440 0.000218990 0.000160200 0.000297380 0.000279730 0.000226220 0.000248070 0.000171070 0.000144530 0.000139830 0.000068600 0.000176470 0.000218930 
39     0.000199760 0.000077100 0.000015310 0.000007320 0.000005630 0.000023360 0.000074870 0.000047510 0.000000170 0.000000000 0.000182880 0.000192350 0.000183010 0.000085150 0.000174780 0.000179300 0.000050680 0.000169430 0.000145000 0.000159540 0.000184040 0.000197870 0.000234100 0.000164180 0.000174300 0.000048640 0.000077490 0.000141800 0.000079030 0.000066440 0.000180160 0.000078380 0.000045350 0.000003420 0.000253090 0.000124940 0.000062000 0.000146250 0.000196310 0.000234140 0.000123770 0.000052070 0.000045870 0.000041850 0.000183990 0.000144680 0.000137090 0.000132390 0.000068750 0.000153050 0.000060400 
27     0.000764400 0.000341080 0.000254650 0.000752500 0.000325330 0.000232450 0.000291190 0.000237320 0.000182730 0.000182880 0.000000000 0.000004030 0.000000130 0.000002430 0.000341070 0.000677710 0.000290020 0.000408770 0.000124170 0.000432520 0.000311700 0.000303660 0.000810280 0.000658120 0.000471730 0.000287980 0.000253030 0.000511230 0.000254570 0.000508530 0.000400750 0.000253920 0.000284690 0.000359850 0.000476920 0.000692250 0.000228710 0.000440600 0.000449570 0.000439670 0.000410410 0.000291410 0.000285210 0.000281190 0.000720450 0.000384020 0.000639750 0.000479050 0.000229130 0.000410360 0.000299740 
38     0.000739410 0.000370540 0.000284110 0.000263710 0.000354790 0.000241920 0.000300660 0.000246790 0.000192200 0.000192350 0.000004030 0.000000000 0.000000380 0.000081710 0.000335910 0.000707170 0.000319480 0.000438230 0.000207440 0.000516970 0.000396150 0.000388110 0.000811810 0.000687580 0.000556180 0.000317440 0.000262500 0.000482820 0.000264040 0.000471370 0.000485200 0.000263390 0.000314150 0.000369320 0.000537230 0.000700840 0.000238180 0.000466020 0.000534020 0.000524120 0.000454310 0.000320870 0.000314670 0.000310650 0.000806150 0.000413480 0.000724200 0.000508510 0.000238600 0.000439820 0.000312160 
16     0.000777570 0.000310180 0.000223750 0.000251580 0.000294430 0.000232580 0.000291320 0.000237450 0.000182860 0.000183010 0.000000130 0.000000380 0.000000000 0.000003060 0.000334910 0.000646810 0.000259120 0.000377870 0.000172040 0.000445690 0.000324870 0.000316830 0.000807120 0.000627220 0.000484900 0.000257080 0.000253160 0.000481820 0.000254700 0.000470370 0.000413920 0.000254050 0.000253790 0.000359980 0.000476870 0.000661350 0.000228840 0.000409700 0.000462740 0.000452840 0.000423580 0.000260510 0.000254310 0.000250290 0.000780730 0.000353120 0.000652920 0.000448150 0.000229260 0.000379460 0.000268840 
4     0.000363370 0.000542010 0.000047610 0.000293480 0.000248090 0.000223690 0.000286700 0.000271380 0.000096210 0.000085150 0.000002430 0.000081710 0.000003060 0.000000000 0.000053510 0.000434400 0.000508080 0.000397180 0.000265320 0.000325150 0.000398190 0.000387300 0.000406480 0.000328490 0.000295480 0.000451560 0.000282520 0.000313870 0.000429810 0.000366740 0.000379560 0.000304770 0.000382150 0.000245330 0.000365560 0.000369160 0.000260050 0.000349480 0.000448720 0.000418870 0.000274170 0.000490380 0.000499760 0.000437060 0.000408620 0.000335040 0.000371490 0.000496790 0.000409720 0.000317760 0.000323120 
13     0.000213440 0.000152520 0.000175380 0.000194740 0.000174080 0.000181910 0.000225620 0.000175070 0.000162590 0.000174780 0.000341070 0.000335910 0.000334910 0.000053510 0.000000000 0.000013990 0.000101300 0.000085180 0.000097160 0.000083410 0.000136200 0.000152360 0.000200120 0.000017150 0.000067760 0.000173570 0.000186520 0.000153720 0.000141860 0.000234100 0.000144360 0.000124890 0.000160780 0.000157840 0.000266770 0.000355940 0.000199670 0.000240540 0.000342210 0.000247820 0.000139210 0.000326210 0.000363450 0.000269670 0.000357590 0.000268140 0.000320460 0.000287720 0.000358690 0.000266730 0.000205260 
18     0.000326910 0.000157040 0.000179900 0.000361030 0.000288470 0.000172340 0.000232140 0.000179590 0.000276060 0.000179300 0.000677710 0.000707170 0.000646810 0.000434400 0.000013990 0.000000000 0.000168470 0.000268710 0.000157720 0.000112210 0.000249670 0.000260790 0.000204640 0.000155470 0.000058190 0.000287960 0.000191040 0.000158240 0.000146380 0.000356680 0.000148880 0.000129410 0.000151210 0.000160870 0.000380240 0.000386730 0.000244210 0.000313840 0.000365400 0.000361290 0.000190510 0.000439680 0.000469420 0.000383140 0.000402130 0.000313380 0.000330980 0.000294350 0.000385530 0.000311270 0.000209780 
28     0.000487050 0.000137600 0.000051170 0.000396320 0.000119370 0.000229990 0.000265720 0.000265140 0.000177650 0.000050680 0.000290020 0.000319480 0.000259120 0.000508080 0.000101300 0.000168470 0.000000000 0.000007450 0.000106710 0.000106840 0.000107530 0.000107020 0.000209200 0.000204390 0.000207270 0.000019980 0.000375370 0.000364520 0.000334560 0.000415550 0.000252230 0.000170540 0.000016690 0.000297250 0.000305210 0.000489690 0.000257860 0.000237120 0.000305570 0.000329210 0.000273980 0.000087930 0.000081730 0.000077710 0.000565010 0.000180540 0.000371850 0.000275570 0.000187110 0.000206880 0.000096260 
1     0.000485180 0.000256350 0.000169920 0.000275150 0.000238120 0.000229810 0.000336450 0.000345240 0.000271680 0.000169430 0.000408770 0.000438230 0.000377870 0.000397180 0.000085180 0.000268710 0.000007450 0.000000000 0.000112160 0.000112290 0.000112980 0.000112470 0.000214650 0.000209840 0.000061680 0.000138730 0.000351930 0.000365710 0.000387900 0.000326750 0.000370980 0.000337940 0.000135440 0.000230910 0.000423960 0.000500190 0.000174400 0.000355870 0.000424320 0.000447960 0.000041790 0.000206680 0.000200480 0.000196460 0.000332320 0.000299290 0.000295190 0.000388560 0.000305860 0.000241460 0.000215010 
21     0.000180700 0.000172080 0.000128530 0.000214820 0.000169540 0.000097950 0.000261590 0.000161670 0.000129850 0.000145000 0.000124170 0.000207440 0.000172040 0.000265320 0.000097160 0.000157720 0.000106710 0.000112160 0.000000000 0.000007470 0.000008160 0.000007650 0.000040300 0.000092070 0.000063680 0.000139530 0.000192270 0.000173280 0.000161420 0.000300330 0.000163920 0.000144450 0.000068960 0.000099050 0.000234030 0.000220310 0.000042540 0.000207800 0.000266370 0.000215080 0.000068320 0.000293470 0.000343770 0.000236930 0.000200460 0.000181850 0.000163330 0.000195320 0.000201560 0.000109600 0.000157990 
31     0.000195240 0.000169640 0.000192500 0.000229360 0.000242170 0.000208710 0.000240240 0.000192190 0.000144390 0.000159540 0.000432520 0.000516970 0.000445690 0.000325150 0.000083410 0.000112210 0.000106840 0.000112290 0.000007470 0.000000000 0.000001150 0.000000240 0.000050410 0.000092200 0.000015630 0.000053030 0.000193460 0.000082610 0.000158980 0.000265690 0.000161480 0.000142010 0.000174670 0.000139640 0.000248570 0.000341720 0.000239080 0.000222340 0.000324010 0.000229620 0.000170830 0.000308010 0.000389120 0.000096030 0.000357740 0.000249940 0.000300990 0.000267340 0.000398100 0.000306140 0.000222380 
43     0.000219740 0.000342480 0.000240190 0.000253860 0.000266670 0.000209530 0.000204250 0.000282170 0.000168890 0.000184040 0.000311700 0.000396150 0.000324870 0.000398190 0.000136200 0.000249670 0.000107530 0.000112980 0.000008160 0.000001150 0.000000000 0.000000110 0.000006150 0.000105840 0.000054260 0.000290070 0.000231310 0.000229730 0.000313070 0.000339370 0.000236330 0.000184090 0.000223890 0.000164140 0.000273070 0.000408880 0.000185510 0.000246840 0.000348510 0.000254120 0.000195330 0.000332510 0.000345810 0.000275970 0.000343430 0.000274440 0.000306300 0.000222760 0.000344530 0.000252570 0.000285010 
41     0.000235900 0.000353580 0.000170340 0.000270020 0.000282830 0.000157860 0.000243290 0.000203480 0.000185050 0.000197870 0.000303660 0.000388110 0.000316830 0.000387300 0.000152360 0.000260790 0.000107020 0.000112470 0.000007650 0.000000240 0.000000110 0.000000000 0.000005600 0.000105330 0.000059690 0.000266510 0.000247470 0.000245890 0.000289240 0.000355530 0.000252490 0.000180770 0.000110770 0.000180300 0.000289230 0.000407460 0.000190940 0.000263000 0.000364670 0.000270280 0.000110130 0.000348670 0.000337770 0.000284260 0.000348860 0.000290600 0.000311730 0.000040440 0.000349960 0.000258000 0.000276970 
6     0.000291910 0.000219000 0.000241860 0.000326030 0.000307470 0.000246910 0.000259270 0.000241550 0.000241060 0.000234100 0.000810280 0.000811810 0.000807120 0.000406480 0.000200120 0.000204640 0.000209200 0.000214650 0.000040300 0.000050410 0.000006150 0.000005600 0.000000000 0.000150090 0.000060250 0.000344330 0.000249540 0.000220200 0.000208340 0.000388340 0.000210840 0.000191370 0.000273990 0.000236310 0.000345240 0.000397800 0.000191500 0.000296660 0.000416320 0.000326290 0.000252470 0.000404680 0.000485790 0.000348140 0.000349420 0.000330810 0.000312290 0.000253850 0.000350520 0.000258560 0.000271740 
23     0.000365840 0.000236480 0.000039720 0.000286600 0.000237550 0.000123790 0.000183590 0.000163890 0.000182500 0.000164180 0.000658120 0.000687580 0.000627220 0.000328490 0.000017150 0.000155470 0.000204390 0.000209840 0.000092070 0.000092200 0.000105840 0.000105330 0.000150090 0.000000000 0.000000500 0.000274410 0.000179620 0.000193400 0.000225820 0.000318420 0.000228320 0.000208850 0.000119160 0.000112320 0.000369010 0.000327880 0.000247600 0.000238260 0.000373760 0.000406250 0.000190710 0.000406570 0.000323580 0.000353150 0.000343900 0.000290710 0.000287150 0.000302710 0.000313820 0.000059310 0.000272690 
36     0.000218880 0.000180910 0.000112340 0.000218630 0.000225560 0.000101410 0.000129590 0.000194960 0.000192620 0.000174300 0.000471730 0.000556180 0.000484900 0.000295480 0.000067760 0.000058190 0.000207270 0.000061680 0.000063680 0.000015630 0.000054260 0.000059690 0.000060250 0.000000500 0.000000000 0.000284530 0.000189740 0.000182110 0.000170250 0.000273480 0.000172750 0.000153280 0.000130380 0.000149040 0.000343740 0.000338000 0.000157430 0.000196620 0.000260370 0.000324790 0.000128080 0.000240610 0.000192130 0.000182090 0.000315350 0.000208350 0.000225950 0.000189320 0.000269660 0.000224490 0.000233650 
20     0.000336260 0.000135560 0.000049130 0.000308810 0.000117330 0.000115540 0.000110260 0.000263100 0.000224930 0.000048640 0.000287980 0.000317440 0.000257080 0.000451560 0.000173570 0.000287960 0.000019980 0.000138730 0.000139530 0.000053030 0.000290070 0.000266510 0.000344330 0.000274410 0.000284530 0.000000000 0.000079180 0.000011500 0.000010140 0.000309210 0.000233010 0.000121830 0.000012170 0.000222420 0.000303170 0.000386510 0.000255820 0.000235080 0.000303530 0.000327170 0.000233460 0.000085890 0.000079690 0.000075670 0.000402530 0.000178500 0.000328810 0.000273530 0.000185070 0.000204840 0.000094220 
40     0.000254590 0.000200060 0.000222920 0.000204260 0.000201390 0.000097200 0.000155940 0.000102070 0.000077340 0.000077490 0.000253030 0.000262500 0.000253160 0.000282520 0.000186520 0.000191040 0.000375370 0.000351930 0.000192270 0.000193460 0.000231310 0.000247470 0.000249540 0.000179620 0.000189740 0.000079180 0.000000000 0.000008720 0.000002330 0.000280700 0.000133120 0.000113650 0.000039010 0.000155620 0.000307920 0.000229340 0.000138480 0.000232590 0.000266420 0.000288970 0.000219170 0.000306540 0.000418390 0.000310820 0.000307740 0.000186020 0.000250990 0.000244780 0.000138900 0.000348420 0.000002890 
22     0.000253010 0.000167260 0.000190120 0.000208920 0.000207230 0.000192560 0.000269230 0.000189810 0.000160120 0.000141800 0.000511230 0.000482820 0.000481820 0.000313870 0.000153720 0.000158240 0.000364520 0.000365710 0.000173280 0.000082610 0.000229730 0.000245890 0.000220200 0.000193400 0.000182110 0.000011500 0.000008720 0.000000000 0.000033350 0.000145030 0.000100320 0.000080850 0.000043670 0.000169400 0.000306340 0.000234000 0.000171060 0.000280110 0.000276030 0.000287390 0.000200730 0.000311200 0.000424230 0.000309240 0.000321520 0.000253390 0.000264770 0.000249440 0.000393920 0.000402810 0.000220000 
44     0.000281920 0.000155400 0.000178260 0.000397010 0.000208880 0.000098740 0.000157480 0.000103610 0.000078880 0.000079030 0.000254570 0.000264040 0.000254700 0.000429810 0.000141860 0.000146380 0.000334560 0.000387900 0.000161420 0.000158980 0.000313070 0.000289240 0.000208340 0.000225820 0.000170250 0.000010140 0.000002330 0.000033350 0.000000000 0.000255840 0.000085780 0.000066310 0.000075960 0.000191740 0.000420620 0.000428610 0.000140020 0.000227970 0.000246660 0.000330990 0.000147240 0.000447740 0.000409760 0.000361980 0.000403520 0.000227510 0.000245110 0.000208480 0.000140440 0.000349960 0.000208140 
5     0.000364710 0.000365700 0.000298950 0.000186400 0.000161510 0.000130030 0.000131760 0.000339940 0.000117850 0.000066440 0.000508530 0.000471370 0.000470370 0.000366740 0.000234100 0.000356680 0.000415550 0.000326750 0.000300330 0.000265690 0.000339370 0.000355530 0.000388340 0.000318420 0.000273480 0.000309210 0.000280700 0.000145030 0.000255840 0.000000000 0.000000520 0.000026030 0.000166310 0.000162950 0.000344970 0.000361590 0.000194720 0.000186160 0.000196240 0.000233370 0.000128070 0.000251550 0.000440380 0.000200870 0.000104450 0.000068790 0.000125980 0.000327890 0.000010690 0.000056810 0.000101210 
29     0.000261670 0.000157900 0.000037970 0.000295790 0.000194350 0.000152320 0.000154050 0.000180450 0.000146990 0.000180160 0.000400750 0.000485200 0.000413920 0.000379560 0.000144360 0.000148880 0.000252230 0.000370980 0.000163920 0.000161480 0.000236330 0.000252490 0.000210840 0.000228320 0.000172750 0.000233010 0.000133120 0.000100320 0.000085780 0.000000520 0.000000000 0.000034800 0.000188600 0.000206070 0.000254850 0.000294310 0.000118920 0.000208450 0.000374240 0.000296050 0.000191370 0.000318140 0.000311940 0.000307920 0.000406020 0.000260640 0.000356620 0.000329960 0.000383090 0.000393470 0.000210640 
12     0.000209430 0.000138430 0.000161290 0.000202030 0.000194070 0.000093780 0.000095510 0.000102960 0.000078230 0.000078380 0.000253920 0.000263390 0.000254050 0.000304770 0.000124890 0.000129410 0.000170540 0.000337940 0.000144450 0.000142010 0.000184090 0.000180770 0.000191370 0.000208850 0.000153280 0.000121830 0.000113650 0.000080850 0.000066310 0.000026030 0.000034800 0.000000000 0.000130060 0.000153830 0.000219150 0.000219970 0.000139370 0.000149910 0.000211870 0.000243810 0.000138200 0.000267180 0.000298120 0.000216500 0.000286700 0.000235840 0.000335900 0.000412350 0.000139790 0.000349310 0.000191170 
26     0.000249230 0.000132270 0.000045840 0.000012970 0.000013410 0.000065130 0.000084630 0.000105230 0.000148700 0.000045350 0.000284690 0.000314150 0.000253790 0.000382150 0.000160780 0.000151210 0.000016690 0.000135440 0.000068960 0.000174670 0.000223890 0.000110770 0.000273990 0.000119160 0.000130380 0.000012170 0.000039010 0.000043670 0.000075960 0.000166310 0.000188600 0.000130060 0.000000000 0.000053660 0.000299880 0.000262230 0.000142960 0.000139030 0.000234510 0.000283610 0.000077720 0.000082600 0.000076400 0.000072380 0.000270420 0.000175210 0.000200090 0.000163460 0.000181780 0.000201550 0.000090930 
14     0.000179860 0.000121670 0.000136220 0.000074630 0.000072940 0.000021140 0.000113490 0.000093790 0.000010860 0.000003420 0.000359850 0.000369320 0.000359980 0.000245330 0.000157840 0.000160870 0.000297250 0.000230910 0.000099050 0.000139640 0.000164140 0.000180300 0.000236310 0.000112320 0.000149040 0.000222420 0.000155620 0.000169400 0.000191740 0.000162950 0.000206070 0.000153830 0.000053660 0.000000000 0.000114450 0.000034450 0.000008050 0.000114740 0.000109170 0.000146300 0.000138270 0.000164480 0.000245470 0.000113800 0.000184000 0.000133140 0.000134870 0.000130170 0.000134040 0.000166810 0.000173450 
19     0.000281490 0.000356270 0.000269840 0.000322910 0.000277750 0.000201930 0.000255920 0.000229740 0.000237940 0.000253090 0.000476920 0.000537230 0.000476870 0.000365560 0.000266770 0.000380240 0.000305210 0.000423960 0.000234030 0.000248570 0.000273070 0.000289230 0.000345240 0.000369010 0.000343740 0.000303170 0.000307920 0.000306340 0.000420620 0.000344970 0.000254850 0.000219150 0.000299880 0.000114450 0.000000000 0.000000840 0.000016930 0.000226450 0.000328120 0.000233730 0.000132400 0.000306600 0.000300400 0.000296380 0.000375820 0.000313230 0.000385000 0.000474210 0.000334500 0.000344880 0.000314930 
34     0.000403940 0.000521380 0.000109400 0.000129520 0.000127830 0.000178870 0.000202390 0.000189590 0.000125250 0.000124940 0.000692250 0.000700840 0.000661350 0.000369160 0.000355940 0.000386730 0.000489690 0.000500190 0.000220310 0.000341720 0.000408880 0.000407460 0.000397800 0.000327880 0.000338000 0.000386510 0.000229340 0.000234000 0.000428610 0.000361590 0.000294310 0.000219970 0.000262230 0.000034450 0.000000840 0.000000000 0.000017750 0.000420170 0.000458910 0.000447100 0.000326240 0.000364360 0.000408600 0.000394330 0.000392440 0.000355730 0.000352170 0.000302600 0.000351120 0.000361500 0.000337710 
3     0.000215370 0.000225130 0.000104900 0.000066580 0.000064890 0.000106970 0.000146790 0.000122770 0.000062310 0.000062000 0.000228710 0.000238180 0.000228840 0.000260050 0.000199670 0.000244210 0.000257860 0.000174400 0.000042540 0.000239080 0.000185510 0.000190940 0.000191500 0.000247600 0.000157430 0.000255820 0.000138480 0.000171060 0.000140020 0.000194720 0.000118920 0.000139370 0.000142960 0.000008050 0.000016930 0.000017750 0.000000000 0.000114730 0.000140940 0.000178070 0.000082080 0.000129790 0.000253050 0.000071270 0.000209480 0.000164910 0.000172350 0.000239660 0.000002900 0.000118620 0.000091480 
25     0.000255260 0.000287700 0.000188370 0.000296680 0.000182800 0.000102750 0.000102400 0.000136450 0.000118490 0.000146250 0.000440600 0.000466020 0.000409700 0.000349480 0.000240540 0.000313840 0.000237120 0.000355870 0.000207800 0.000222340 0.000246840 0.000263000 0.000296660 0.000238260 0.000196620 0.000235080 0.000232590 0.000280110 0.000227970 0.000186160 0.000208450 0.000149910 0.000139030 0.000114740 0.000226450 0.000420170 0.000114730 0.000000000 0.000007690 0.000044820 0.000011710 0.000196300 0.000197430 0.000145620 0.000215820 0.000137650 0.000144890 0.000180310 0.000236050 0.000255820 0.000149320 
17     0.000255080 0.000284380 0.000197030 0.000337580 0.000200620 0.000158640 0.000353980 0.000168130 0.000190440 0.000196310 0.000449570 0.000534020 0.000462740 0.000448720 0.000342210 0.000365400 0.000305570 0.000424320 0.000266370 0.000324010 0.000348510 0.000364670 0.000416320 0.000373760 0.000260370 0.000303530 0.000266420 0.000276030 0.000246660 0.000196240 0.000374240 0.000211870 0.000234510 0.000109170 0.000328120 0.000458910 0.000140940 0.000007690 0.000000000 0.000000060 0.000066820 0.000190730 0.000266920 0.000096380 0.000210250 0.000159390 0.000178300 0.000231870 0.000304500 0.000324270 0.000217770 
33     0.000262540 0.000379790 0.000281360 0.000303960 0.000284950 0.000215020 0.000269010 0.000242830 0.000218990 0.000234140 0.000439670 0.000524120 0.000452840 0.000418870 0.000247820 0.000361290 0.000329210 0.000447960 0.000215080 0.000229620 0.000254120 0.000270280 0.000326290 0.000406250 0.000324790 0.000327170 0.000288970 0.000287390 0.000330990 0.000233370 0.000296050 0.000243810 0.000283610 0.000146300 0.000233730 0.000447100 0.000178070 0.000044820 0.000000060 0.000000000 0.000064050 0.000227860 0.000290560 0.000177180 0.000247380 0.000196520 0.000212000 0.000297520 0.000328140 0.000347910 0.000241410 
24     0.000203750 0.000101510 0.000103070 0.000245170 0.000230820 0.000091040 0.000092770 0.000124060 0.000160200 0.000123770 0.000410410 0.000454310 0.000423580 0.000274170 0.000139210 0.000190510 0.000273980 0.000041790 0.000068320 0.000170830 0.000195330 0.000110130 0.000252470 0.000190710 0.000128080 0.000233460 0.000219170 0.000200730 0.000147240 0.000128070 0.000191370 0.000138200 0.000077720 0.000138270 0.000132400 0.000326240 0.000082080 0.000011710 0.000066820 0.000064050 0.000000000 0.000219830 0.000180550 0.000169150 0.000239350 0.000118610 0.000136210 0.000099580 0.000467200 0.000477580 0.000131550 
32     0.000330610 0.000138510 0.000052080 0.000282830 0.000123240 0.000225470 0.000383570 0.000266530 0.000297380 0.000052070 0.000291410 0.000320870 0.000260510 0.000490380 0.000326210 0.000439680 0.000087930 0.000206680 0.000293470 0.000308010 0.000332510 0.000348670 0.000404680 0.000406570 0.000240610 0.000085890 0.000306540 0.000311200 0.000447740 0.000251550 0.000318140 0.000267180 0.000082600 0.000164480 0.000306600 0.000364360 0.000129790 0.000196300 0.000190730 0.000227860 0.000219830 0.000000000 0.000013120 0.000010220 0.000258140 0.000148090 0.000272270 0.000131680 0.000154660 0.000174430 0.000063810 
2     0.000422040 0.000132310 0.000045880 0.000426660 0.000117040 0.000225180 0.000357550 0.000260330 0.000279730 0.000045870 0.000285210 0.000314670 0.000254310 0.000499760 0.000363450 0.000469420 0.000081730 0.000200480 0.000343770 0.000389120 0.000345810 0.000337770 0.000485790 0.000323580 0.000192130 0.000079690 0.000418390 0.000424230 0.000409760 0.000440380 0.000311940 0.000298120 0.000076400 0.000245470 0.000300400 0.000408600 0.000253050 0.000197430 0.000266920 0.000290560 0.000180550 0.000013120 0.000000000 0.000004020 0.000364160 0.000141890 0.000312990 0.000236920 0.000148460 0.000168230 0.000057610 
37     0.000284390 0.000128290 0.000041860 0.000190040 0.000113020 0.000166950 0.000305530 0.000215020 0.000226220 0.000041850 0.000281190 0.000310650 0.000250290 0.000437060 0.000269670 0.000383140 0.000077710 0.000196460 0.000236930 0.000096030 0.000275970 0.000284260 0.000348140 0.000353150 0.000182090 0.000075670 0.000310820 0.000309240 0.000361980 0.000200870 0.000307920 0.000216500 0.000072380 0.000113800 0.000296380 0.000394330 0.000071270 0.000145620 0.000096380 0.000177180 0.000169150 0.000010220 0.000004020 0.000000000 0.000207460 0.000137870 0.000284550 0.000232900 0.000144440 0.000164210 0.000053590 
45     0.000423550 0.000316160 0.000324230 0.000412410 0.000250070 0.000241250 0.000320770 0.000338710 0.000248070 0.000183990 0.000720450 0.000806150 0.000780730 0.000408620 0.000357590 0.000402130 0.000565010 0.000332320 0.000200460 0.000357740 0.000343430 0.000348860 0.000349420 0.000343900 0.000315350 0.000402530 0.000307740 0.000321520 0.000403520 0.000104450 0.000406020 0.000286700 0.000270420 0.000184000 0.000375820 0.000392440 0.000209480 0.000215820 0.000210250 0.000247380 0.000239350 0.000258140 0.000364160 0.000207460 0.000000000 0.000010830 0.000043210 0.000142840 0.000093980 0.000104360 0.000130440 
47     0.000282860 0.000231120 0.000144690 0.000318060 0.000215850 0.000153990 0.000285110 0.000279590 0.000171070 0.000144680 0.000384020 0.000413480 0.000353120 0.000335040 0.000268140 0.000313380 0.000180540 0.000299290 0.000181850 0.000249940 0.000274440 0.000290600 0.000330810 0.000290710 0.000208350 0.000178500 0.000186020 0.000253390 0.000227510 0.000068790 0.000260640 0.000235840 0.000175210 0.000133140 0.000313230 0.000355730 0.000164910 0.000137650 0.000159390 0.000196520 0.000118610 0.000148090 0.000141890 0.000137870 0.000010830 0.000000000 0.000011730 0.000040410 0.000006100 0.000068700 0.000094780 
49     0.000354630 0.000387930 0.000314450 0.000325300 0.000252540 0.000127450 0.000323160 0.000285550 0.000144530 0.000137090 0.000639750 0.000724200 0.000652920 0.000371490 0.000320460 0.000330980 0.000371850 0.000295190 0.000163330 0.000300990 0.000306300 0.000311730 0.000312290 0.000287150 0.000225950 0.000328810 0.000250990 0.000264770 0.000245110 0.000125980 0.000356620 0.000335900 0.000200090 0.000134870 0.000385000 0.000352170 0.000172350 0.000144890 0.000178300 0.000212000 0.000136210 0.000272270 0.000312990 0.000284550 0.000043210 0.000011730 0.000000000 0.000058310 0.000102790 0.000111680 0.000151970 
50     0.000436280 0.000326150 0.000239720 0.000277520 0.000169450 0.000122750 0.000347760 0.000296900 0.000139830 0.000132390 0.000479050 0.000508510 0.000448150 0.000496790 0.000287720 0.000294350 0.000275570 0.000388560 0.000195320 0.000267340 0.000222760 0.000040440 0.000253850 0.000302710 0.000189320 0.000273530 0.000244780 0.000249440 0.000208480 0.000327890 0.000329960 0.000412350 0.000163460 0.000130170 0.000474210 0.000302600 0.000239660 0.000180310 0.000231870 0.000297520 0.000099580 0.000131680 0.000236920 0.000232900 0.000142840 0.000040410 0.000058310 0.000000000 0.000098090 0.000106980 0.000238410 
46     0.000382230 0.000237690 0.000151260 0.000311880 0.000222420 0.000058580 0.000177060 0.000106650 0.000068600 0.000068750 0.000229130 0.000238600 0.000229260 0.000409720 0.000358690 0.000385530 0.000187110 0.000305860 0.000201560 0.000398100 0.000344530 0.000349960 0.000350520 0.000313820 0.000269660 0.000185070 0.000138900 0.000393920 0.000140440 0.000010690 0.000383090 0.000139790 0.000181780 0.000134040 0.000334500 0.000351120 0.000002900 0.000236050 0.000304500 0.000328140 0.000467200 0.000154660 0.000148460 0.000144440 0.000093980 0.000006100 0.000102790 0.000098090 0.000000000 0.000009610 0.000090740 
48     0.000392610 0.000257460 0.000171030 0.000391910 0.000221980 0.000138610 0.000289830 0.000186680 0.000176470 0.000153050 0.000410360 0.000439820 0.000379460 0.000317760 0.000266730 0.000311270 0.000206880 0.000241460 0.000109600 0.000306140 0.000252570 0.000258000 0.000258560 0.000059310 0.000224490 0.000204840 0.000348420 0.000402810 0.000349960 0.000056810 0.000393470 0.000349310 0.000201550 0.000166810 0.000344880 0.000361500 0.000118620 0.000255820 0.000324270 0.000347910 0.000477580 0.000174430 0.000168230 0.000164210 0.000104360 0.000068700 0.000111680 0.000106980 0.000009610 0.000000000 0.000101120 
0     0.000298840 0.000120780 0.000060410 0.000087050 0.000116150 0.000159850 0.000222750 0.000143330 0.000218930 0.000060400 0.000299740 0.000312160 0.000268840 0.000323120 0.000205260 0.000209780 0.000096260 0.000215010 0.000157990 0.000222380 0.000285010 0.000276970 0.000271740 0.000272690 0.000233650 0.000094220 0.000002890 0.000220000 0.000208140 0.000101210 0.000210640 0.000191170 0.000090930 0.000173450 0.000314930 0.000337710 0.000091480 0.000149320 0.000217770 0.000241410 0.000131550 0.000063810 0.000057610 0.000053590 0.000130440 0.000094780 0.000151970 0.000238410 0.000090740 0.000101120 0.000000000 
