51
2     0.000000000 0.005169700 0.005444590 0.001706860 0.001425190 0.006850260 0.017404310 0.027306770 0.013267180 0.016376850 0.016232530 0.024453300 0.013081170 0.014364740 0.013577420 0.021361460 0.013669340 0.016253140 0.017732920 0.018439100 0.029985470 0.029697350 0.014859940 0.013437730 0.015187440 0.012406880 0.014948060 0.014022540 0.013022520 0.013942250 0.015653070 0.013025980 0.018193540 0.016623060 0.029643450 0.013998490 0.027273510 0.019391300 0.014740840 0.016328380 0.015863040 0.015126340 0.012050540 0.012025830 0.014160330 0.010406080 0.022857680 0.028710150 0.014442710 0.014162370 0.032122620 
8     0.005169700 0.000000000 0.000376840 0.004568440 0.004286770 0.006327980 0.016259080 0.023295490 0.017191840 0.020301510 0.020157190 0.012360120 0.017005830 0.017012190 0.015135300 0.017350180 0.014922070 0.020177800 0.016058150 0.022363760 0.023809300 0.023521180 0.018784600 0.017362390 0.018476510 0.016331540 0.018872720 0.017947200 0.016947180 0.017866910 0.018942420 0.016950640 0.022118200 0.020547720 0.033568110 0.017923150 0.031198170 0.023315960 0.018665500 0.020253040 0.019787700 0.019051000 0.015975200 0.015950490 0.018084990 0.014330740 0.026782340 0.030769900 0.018367370 0.018087030 0.020029440 
9     0.005444590 0.000376840 0.000000000 0.004843330 0.004561660 0.006318780 0.016827280 0.023863690 0.017466730 0.020576400 0.020432080 0.021450130 0.017280720 0.017580390 0.015703500 0.017918380 0.015490270 0.020452690 0.016626350 0.022638650 0.023344710 0.023056590 0.019059490 0.017637280 0.019044710 0.016606430 0.019147610 0.018222090 0.017222070 0.018141800 0.019510620 0.017225530 0.022393090 0.020822610 0.033843000 0.018198040 0.031473060 0.023590850 0.018940390 0.020527930 0.020062590 0.019325890 0.016250090 0.016225380 0.018359880 0.014605630 0.027057230 0.031338100 0.018642260 0.018361920 0.029119450 
11     0.001706860 0.004568440 0.004843330 0.000000000 0.000660210 0.007312080 0.006634390 0.023173390 0.013729000 0.016838670 0.011909210 0.022378060 0.013542990 0.014826560 0.014039240 0.017228080 0.014131160 0.016714960 0.015936050 0.018900920 0.034099400 0.034682170 0.015321760 0.013899550 0.015649260 0.012868700 0.015409880 0.014484360 0.013484340 0.014404070 0.016114890 0.013487800 0.018655360 0.017084880 0.030105270 0.014460310 0.027735330 0.019853120 0.015202660 0.016790200 0.016324860 0.015588160 0.012512360 0.012487650 0.014622150 0.010867900 0.023319500 0.029171970 0.014904530 0.014624190 0.041102020 
1     0.001425190 0.004286770 0.004561660 0.000660210 0.000000000 0.007030410 0.008327910 0.024027710 0.013447330 0.016557000 0.013602730 0.023232380 0.013261320 0.014544890 0.013757570 0.018082400 0.013849490 0.016433290 0.016790370 0.018619250 0.034953720 0.035536490 0.015040090 0.013617880 0.015367590 0.012587030 0.015128210 0.014202690 0.013202670 0.014122400 0.015833220 0.013206130 0.018373690 0.016803210 0.029823600 0.014178640 0.027453660 0.019571450 0.014920990 0.016508530 0.016043190 0.015306490 0.012230690 0.012205980 0.014340480 0.010586230 0.023037830 0.028890300 0.014622860 0.014342520 0.040820350 
12     0.006850260 0.006327980 0.006318780 0.007312080 0.007030410 0.000000000 0.015193670 0.021343860 0.008574040 0.019470050 0.019325730 0.012633290 0.015774690 0.017058260 0.015493890 0.017708770 0.015280660 0.018946660 0.016416740 0.021132620 0.030079510 0.029791390 0.017553460 0.016131250 0.017880960 0.015100400 0.017641580 0.016716060 0.015716040 0.016635770 0.018346590 0.015719500 0.020887060 0.019316580 0.032336970 0.016692010 0.029967030 0.022084820 0.017434360 0.019021900 0.018556560 0.017819860 0.014744060 0.014719350 0.016853850 0.013099600 0.025551200 0.031128490 0.017136230 0.016855890 0.020302610 
10     0.017404310 0.016259080 0.016827280 0.006634390 0.008327910 0.015193670 0.000000000 0.008561020 0.009134190 0.008198800 0.007867540 0.011429730 0.013303410 0.011264030 0.009387140 0.011602020 0.009173910 0.022590750 0.010309990 0.013629820 0.028473340 0.029056110 0.014442640 0.013187710 0.012728350 0.014648480 0.021979300 0.021889780 0.021504870 0.012119270 0.013194260 0.015327300 0.027668990 0.011874050 0.008929920 0.018214040 0.026024940 0.033038550 0.028388090 0.029975630 0.029510290 0.028773590 0.023263010 0.024217530 0.025165730 0.024053330 0.009222650 0.025021740 0.028089960 0.027809620 0.015810650 
4     0.027306770 0.023295490 0.023863690 0.023173390 0.024027710 0.021343860 0.008561020 0.000000000 0.001780910 0.014513190 0.002109950 0.021115800 0.022201280 0.020161900 0.018285010 0.020499890 0.018071780 0.031488620 0.019207860 0.026611340 0.035018470 0.034730350 0.023340510 0.022085580 0.021626220 0.023546350 0.030877170 0.030787650 0.030402740 0.021017140 0.022092130 0.024225170 0.036566860 0.036162870 0.041330550 0.032327260 0.034922810 0.041475330 0.039229840 0.040817380 0.040352040 0.039615340 0.032160880 0.034627290 0.034063600 0.034895080 0.032792990 0.033919610 0.037002270 0.037796560 0.048211280 
7     0.013267180 0.017191840 0.017466730 0.013729000 0.013447330 0.008574040 0.009134190 0.001780910 0.000000000 0.006553030 0.004387290 0.021688970 0.019675590 0.017636210 0.015759320 0.017974200 0.015546090 0.025763260 0.016682170 0.024085650 0.034845520 0.035428290 0.020814820 0.019559890 0.019100530 0.021020660 0.024458180 0.023532660 0.022532640 0.018491450 0.019566440 0.021699480 0.027703660 0.026133180 0.039153570 0.023508610 0.032397120 0.028901420 0.024250960 0.025838500 0.025373160 0.024636460 0.021560660 0.021535950 0.023670450 0.019916200 0.030267300 0.031393920 0.023952830 0.023672490 0.050150320 
5     0.016376850 0.020301510 0.020576400 0.016838670 0.016557000 0.019470050 0.008198800 0.014513190 0.006553030 0.000000000 0.000024920 0.024016040 0.020567450 0.018528070 0.016651180 0.018866060 0.016437950 0.028872930 0.017574030 0.024977510 0.035737380 0.036320150 0.021706680 0.020451750 0.019992390 0.021912520 0.027567850 0.026642330 0.025642310 0.019383310 0.020458300 0.022591340 0.030813330 0.029242850 0.041955010 0.026618280 0.033288980 0.032011090 0.027360630 0.028948170 0.028482830 0.027746130 0.024670330 0.024645620 0.026780120 0.023025870 0.031159160 0.032285780 0.027062500 0.026782160 0.051068120 
3     0.016232530 0.020157190 0.020432080 0.011909210 0.013602730 0.019325730 0.007867540 0.002109950 0.004387290 0.000024920 0.000000000 0.024890080 0.021441490 0.019402110 0.017525220 0.019740100 0.017311990 0.028728610 0.018448070 0.025851550 0.036611420 0.037194190 0.022580720 0.021325790 0.020866430 0.022786560 0.027423530 0.026498010 0.025497990 0.020257350 0.021332340 0.023465380 0.030669010 0.029098530 0.042118920 0.026473960 0.034163020 0.031866770 0.027216310 0.028803850 0.028338510 0.027601810 0.024526010 0.024501300 0.026635800 0.022881550 0.032033200 0.033159820 0.026918180 0.026637840 0.040993090 
6     0.024453300 0.012360120 0.021450130 0.022378060 0.023232380 0.012633290 0.011429730 0.021115800 0.021688970 0.024016040 0.024890080 0.000000000 0.017725710 0.015686330 0.013809440 0.016024320 0.013596210 0.026235480 0.002870620 0.015426950 0.030868830 0.030580710 0.013128350 0.011955520 0.010778110 0.009328380 0.012935950 0.013507430 0.023049800 0.016541570 0.017616560 0.006882580 0.032091290 0.030845120 0.036219690 0.026689820 0.030447240 0.034676910 0.030026450 0.031613990 0.031148650 0.030411950 0.013957510 0.014344550 0.029445940 0.021388730 0.028317420 0.029444040 0.029728320 0.029447980 0.007672340 
13     0.013081170 0.017005830 0.017280720 0.013542990 0.013261320 0.015774690 0.013303410 0.022201280 0.019675590 0.020567450 0.021441490 0.017725710 0.000000000 0.000168270 0.000876490 0.007786250 0.003563490 0.005570490 0.008835000 0.014391550 0.022119740 0.021831620 0.010812390 0.009390180 0.011139890 0.008359330 0.010900510 0.009974990 0.008974970 0.009894700 0.011605520 0.008978430 0.021659030 0.020088550 0.033108940 0.017463980 0.025376070 0.022856790 0.018206330 0.019793870 0.019328530 0.018591830 0.015516030 0.015491320 0.017625820 0.013871570 0.023246250 0.024372870 0.017908200 0.017627860 0.039541010 
26     0.014364740 0.017012190 0.017580390 0.014826560 0.014544890 0.017058260 0.011264030 0.020161900 0.017636210 0.018528070 0.019402110 0.015686330 0.000168270 0.000000000 0.003531990 0.003100010 0.003307940 0.004220240 0.006795620 0.014199100 0.021303540 0.021015420 0.010928270 0.009673340 0.009213980 0.009642900 0.012184080 0.011258560 0.010258540 0.008604900 0.009679890 0.010262000 0.022942600 0.021372120 0.031600600 0.018747550 0.023336690 0.024140360 0.019489900 0.021077440 0.020612100 0.019875400 0.016799600 0.016774890 0.018909390 0.015155140 0.021206870 0.022333490 0.019191770 0.018911430 0.040959660 
43     0.013577420 0.015135300 0.015703500 0.014039240 0.013757570 0.015493890 0.009387140 0.018285010 0.015759320 0.016651180 0.017525220 0.013809440 0.000876490 0.003531990 0.000000000 0.000866830 0.001441870 0.004731800 0.004918730 0.012322210 0.015217680 0.014929560 0.009051380 0.007796450 0.007337090 0.008855580 0.011396760 0.010471240 0.009471220 0.006728010 0.007803000 0.009474680 0.022155280 0.020584800 0.030125830 0.017960230 0.021459800 0.023353040 0.018702580 0.020290120 0.019824780 0.019088080 0.016012280 0.015987570 0.018122070 0.014367820 0.019329980 0.020456600 0.018404450 0.018124110 0.040172340 
17     0.021361460 0.017350180 0.017918380 0.017228080 0.018082400 0.017708770 0.011602020 0.020499890 0.017974200 0.018866060 0.019740100 0.016024320 0.007786250 0.003100010 0.000866830 0.000000000 0.003656750 0.002735290 0.007133610 0.014537090 0.014462650 0.014174530 0.011266260 0.010011330 0.009551970 0.011472100 0.018802920 0.018713400 0.018024220 0.008942890 0.010017880 0.012150920 0.025318730 0.024914740 0.032340710 0.023495180 0.023674680 0.031906040 0.027255580 0.028843120 0.028377780 0.027641080 0.020912750 0.023379160 0.022815470 0.022920820 0.021544860 0.022671480 0.025754140 0.026548430 0.045144090 
16     0.013669340 0.014922070 0.015490270 0.014131160 0.013849490 0.015280660 0.009173910 0.018071780 0.015546090 0.016437950 0.017311990 0.013596210 0.003563490 0.003307940 0.001441870 0.003656750 0.000000000 0.000118670 0.004705500 0.012108980 0.013813650 0.013639750 0.008838150 0.007583220 0.007123860 0.008947500 0.010423930 0.010563160 0.009563140 0.006514780 0.007589770 0.009566600 0.022247200 0.020676720 0.021707020 0.018052150 0.021246570 0.023444960 0.018794500 0.020382040 0.019916700 0.019180000 0.016104200 0.016079490 0.018213990 0.014459740 0.019116750 0.020243370 0.018496370 0.018216030 0.028665890 
27     0.016253140 0.020177800 0.020452690 0.016714960 0.016433290 0.018946660 0.022590750 0.031488620 0.025763260 0.028872930 0.028728610 0.026235480 0.005570490 0.004220240 0.004731800 0.002735290 0.000118670 0.000000000 0.015338420 0.017563520 0.016380890 0.016092770 0.013984360 0.012562150 0.014311860 0.011531300 0.014072480 0.013146960 0.012146940 0.013066670 0.014777490 0.012150400 0.024831000 0.023260520 0.033380720 0.020635950 0.033910970 0.026028760 0.021378300 0.022965840 0.022500500 0.021763800 0.018688000 0.018663290 0.020797790 0.017043540 0.029495140 0.033660210 0.021080170 0.020799830 0.041706110 
37     0.017732920 0.016058150 0.016626350 0.015936050 0.016790370 0.016416740 0.010309990 0.019207860 0.016682170 0.017574030 0.018448070 0.002870620 0.008835000 0.006795620 0.004918730 0.007133610 0.004705500 0.015338420 0.000000000 0.001346900 0.020483750 0.015951260 0.006453050 0.005198120 0.004738760 0.006658890 0.010621420 0.009695900 0.008695880 0.004129680 0.005204670 0.005282680 0.024026700 0.015470570 0.012526440 0.021738710 0.022382650 0.027508540 0.022858080 0.024445620 0.023980280 0.023243580 0.014850990 0.015238030 0.021523440 0.018523320 0.012813490 0.021379450 0.021922050 0.020565210 0.019485310 
41     0.018439100 0.022363760 0.022638650 0.018900920 0.018619250 0.021132620 0.013629820 0.026611340 0.024085650 0.024977510 0.025851550 0.015426950 0.014391550 0.014199100 0.012322210 0.014537090 0.012108980 0.017563520 0.001346900 0.000000000 0.025250710 0.023263330 0.011239480 0.009817270 0.011566980 0.008786420 0.011327600 0.010402080 0.009402060 0.010321790 0.012032610 0.009405520 0.027016960 0.018711770 0.015767640 0.022253550 0.029786130 0.028214720 0.023564260 0.025151800 0.024686460 0.023949760 0.020873960 0.020849250 0.022983750 0.019229500 0.016054690 0.023800990 0.021991620 0.020634780 0.022726510 
36     0.029985470 0.023809300 0.023344710 0.034099400 0.034953720 0.030079510 0.028473340 0.035018470 0.034845520 0.035737380 0.036611420 0.030868830 0.022119740 0.021303540 0.015217680 0.014462650 0.013813650 0.016380890 0.020483750 0.025250710 0.000000000 0.000413040 0.012497990 0.013671560 0.012488470 0.019528190 0.027815900 0.022269130 0.022473500 0.013487450 0.014990420 0.019341610 0.042190050 0.041715060 0.038770930 0.040366500 0.040546000 0.046214880 0.041564420 0.043151960 0.042686620 0.041949920 0.037784070 0.038849410 0.039686790 0.037229660 0.038416180 0.034416310 0.032606940 0.031250100 0.043828220 
31     0.029697350 0.023521180 0.023056590 0.034682170 0.035536490 0.029791390 0.029056110 0.034730350 0.035428290 0.036320150 0.037194190 0.030580710 0.021831620 0.021015420 0.014929560 0.014174530 0.013639750 0.016092770 0.015951260 0.023263330 0.000413040 0.000000000 0.012209870 0.013383440 0.012200350 0.023035380 0.016912540 0.025529490 0.024734920 0.021352380 0.013221520 0.015814730 0.042772820 0.034948870 0.032004740 0.039645920 0.041128770 0.048793990 0.045987080 0.052046910 0.048730700 0.048659950 0.038366840 0.038275890 0.040010530 0.041625920 0.032291790 0.035089340 0.033279970 0.031923130 0.038963610 
24     0.014859940 0.018784600 0.019059490 0.015321760 0.015040090 0.017553460 0.014442640 0.023340510 0.020814820 0.021706680 0.022580720 0.013128350 0.010812390 0.010928270 0.009051380 0.011266260 0.008838150 0.013984360 0.006453050 0.011239480 0.012497990 0.012209870 0.000000000 0.000730440 0.000135080 0.001748600 0.007355420 0.006429900 0.005429880 0.003900930 0.004975920 0.005433340 0.023437800 0.021867320 0.027236740 0.019242750 0.026515300 0.024635560 0.019985100 0.021572640 0.021107300 0.020370600 0.017294800 0.017270090 0.019404590 0.015650340 0.024385480 0.024099100 0.019686970 0.019406630 0.034195610 
44     0.013437730 0.017362390 0.017637280 0.013899550 0.013617880 0.016131250 0.013187710 0.022085580 0.019559890 0.020451750 0.021325790 0.011955520 0.009390180 0.009673340 0.007796450 0.010011330 0.007583220 0.012562150 0.005198120 0.009817270 0.013671560 0.013383440 0.000730440 0.000000000 0.001308650 0.003392030 0.005933210 0.005007690 0.004007670 0.002646000 0.003720990 0.004011130 0.022015590 0.020445110 0.021787770 0.017820540 0.025260370 0.023213350 0.018562890 0.020150430 0.019685090 0.018948390 0.015872590 0.015847880 0.017982380 0.014228130 0.022074820 0.024257170 0.018264760 0.017984420 0.028746640 
14     0.015187440 0.018476510 0.019044710 0.015649260 0.015367590 0.017880960 0.012728350 0.021626220 0.019100530 0.019992390 0.020866430 0.010778110 0.011139890 0.009213980 0.007337090 0.009551970 0.007123860 0.014311860 0.004738760 0.011566980 0.012488470 0.012200350 0.000135080 0.001308650 0.000000000 0.001375830 0.007682920 0.006156370 0.000571070 0.002186640 0.003261630 0.004543730 0.023765300 0.022194820 0.028260370 0.018730500 0.024801010 0.024963060 0.020312600 0.021900140 0.021434800 0.020698100 0.017622300 0.017597590 0.019732090 0.015977840 0.022671190 0.019291850 0.017482480 0.016125640 0.040178770 
49     0.012406880 0.016331540 0.016606430 0.012868700 0.012587030 0.015100400 0.014648480 0.023546350 0.021020660 0.021912520 0.022786560 0.009328380 0.008359330 0.009642900 0.008855580 0.011472100 0.008947500 0.011531300 0.006658890 0.008786420 0.019528190 0.023035380 0.001748600 0.003392030 0.001375830 0.000000000 0.000676670 0.002409580 0.001409560 0.002394890 0.004105710 0.001447560 0.020984740 0.019414260 0.028344610 0.016789690 0.026721140 0.022182500 0.017532040 0.019119580 0.018654240 0.017917540 0.014841740 0.014817030 0.016951530 0.013197280 0.024591320 0.021141710 0.017233910 0.016953570 0.039001800 
19     0.014948060 0.018872720 0.019147610 0.015409880 0.015128210 0.017641580 0.021979300 0.030877170 0.024458180 0.027567850 0.027423530 0.012935950 0.010900510 0.012184080 0.011396760 0.018802920 0.010423930 0.014072480 0.010621420 0.011327600 0.027815900 0.016912540 0.007355420 0.005933210 0.007682920 0.000676670 0.000000000 0.004950760 0.003950740 0.004507820 0.000526840 0.002409590 0.023525920 0.021955440 0.033995610 0.019330870 0.032605890 0.024723680 0.020073220 0.021660760 0.021195420 0.020458720 0.017382920 0.017358210 0.019492710 0.015738460 0.028190060 0.029744970 0.019775090 0.019494750 0.041542980 
50     0.014022540 0.017947200 0.018222090 0.014484360 0.014202690 0.016716060 0.021889780 0.030787650 0.023532660 0.026642330 0.026498010 0.013507430 0.009974990 0.011258560 0.010471240 0.018713400 0.010563160 0.013146960 0.009695900 0.010402080 0.022269130 0.025529490 0.006429900 0.005007690 0.006156370 0.002409580 0.004950760 0.000000000 0.000016500 0.004010550 0.005721370 0.003063220 0.022600400 0.021029920 0.032751600 0.018405350 0.031680370 0.023798160 0.019147700 0.020735240 0.020269900 0.019533200 0.016457400 0.016432690 0.018567190 0.014812940 0.027264540 0.023038870 0.018849570 0.018569230 0.040617460 
32     0.013022520 0.016947180 0.017222070 0.013484340 0.013202670 0.015716040 0.021504870 0.030402740 0.022532640 0.025642310 0.025497990 0.023049800 0.008974970 0.010258540 0.009471220 0.018024220 0.009563140 0.012146940 0.008695880 0.009402060 0.022473500 0.024734920 0.005429880 0.004007670 0.000571070 0.001409560 0.003950740 0.000016500 0.000000000 0.003010530 0.004721350 0.002063200 0.021600380 0.020029900 0.033050290 0.017405330 0.030680350 0.022798140 0.018147680 0.019735220 0.019269880 0.018533180 0.015457380 0.015432670 0.017567170 0.013812920 0.026264520 0.023023360 0.017849550 0.017569210 0.039617440 
29     0.013942250 0.017866910 0.018141800 0.014404070 0.014122400 0.016635770 0.012119270 0.021017140 0.018491450 0.019383310 0.020257350 0.016541570 0.009894700 0.008604900 0.006728010 0.008942890 0.006514780 0.013066670 0.004129680 0.010321790 0.013487450 0.021352380 0.003900930 0.002646000 0.002186640 0.002394890 0.004507820 0.004010550 0.003010530 0.000000000 0.001510450 0.001426060 0.022520110 0.020949630 0.031601360 0.018325060 0.024191930 0.023717870 0.019067410 0.020654950 0.020189610 0.019452910 0.016377110 0.016352400 0.018486900 0.014732650 0.022062110 0.023188730 0.018769280 0.018488940 0.038560230 
34     0.015653070 0.018942420 0.019510620 0.016114890 0.015833220 0.018346590 0.013194260 0.022092130 0.019566440 0.020458300 0.021332340 0.017616560 0.011605520 0.009679890 0.007803000 0.010017880 0.007589770 0.014777490 0.005204670 0.012032610 0.014990420 0.013221520 0.004975920 0.003720990 0.003261630 0.004105710 0.000526840 0.005721370 0.004721350 0.001510450 0.000000000 0.004724810 0.024230930 0.022660450 0.033932950 0.020035880 0.025266920 0.025428690 0.020778230 0.022365770 0.021900430 0.021163730 0.018087930 0.018063220 0.020197720 0.016443470 0.023137100 0.022541910 0.020480100 0.019375700 0.042247990 
39     0.013025980 0.016950640 0.017225530 0.013487800 0.013206130 0.015719500 0.015327300 0.024225170 0.021699480 0.022591340 0.023465380 0.006882580 0.008978430 0.010262000 0.009474680 0.012150920 0.009566600 0.012150400 0.005282680 0.009405520 0.019341610 0.015814730 0.005433340 0.004011130 0.004543730 0.001447560 0.002409590 0.003063220 0.002063200 0.001426060 0.004724810 0.000000000 0.021603840 0.020033360 0.028597500 0.017408790 0.027399960 0.022801600 0.018151140 0.019738680 0.019273340 0.018536640 0.015460840 0.015436130 0.017570630 0.013816380 0.025270140 0.021661070 0.017853010 0.017572670 0.037573910 
30     0.018193540 0.022118200 0.022393090 0.018655360 0.018373690 0.020887060 0.027668990 0.036566860 0.027703660 0.030813330 0.030669010 0.032091290 0.021659030 0.022942600 0.022155280 0.025318730 0.022247200 0.024831000 0.024026700 0.027016960 0.042190050 0.042772820 0.023437800 0.022015590 0.023765300 0.020984740 0.023525920 0.022600400 0.021600380 0.022520110 0.024230930 0.021603840 0.000000000 0.001222060 0.005005350 0.004959970 0.009084290 0.000205350 0.005702320 0.007289860 0.006824520 0.006087820 0.020332400 0.020307690 0.022442190 0.018687940 0.023628830 0.024755450 0.022724570 0.022444230 0.049218060 
15     0.016623060 0.020547720 0.020822610 0.017084880 0.016803210 0.019316580 0.011874050 0.036162870 0.026133180 0.029242850 0.029098530 0.030845120 0.020088550 0.021372120 0.020584800 0.024914740 0.020676720 0.023260520 0.015470570 0.018711770 0.041715060 0.034948870 0.021867320 0.020445110 0.022194820 0.019414260 0.021955440 0.021029920 0.020029900 0.020949630 0.022660450 0.020033360 0.001222060 0.000000000 0.005227890 0.003389490 0.008680300 0.001422030 0.004131840 0.005719380 0.005254040 0.004517340 0.018761920 0.018737210 0.020871710 0.017117460 0.014304600 0.024351460 0.021154090 0.020873750 0.020970740 
35     0.029643450 0.033568110 0.033843000 0.030105270 0.029823600 0.032336970 0.008929920 0.041330550 0.039153570 0.041955010 0.042118920 0.036219690 0.033108940 0.031600600 0.030125830 0.032340710 0.021707020 0.033380720 0.012526440 0.015767640 0.038770930 0.032004740 0.027236740 0.021787770 0.028260370 0.028344610 0.033995610 0.032751600 0.033050290 0.031601360 0.033932950 0.028597500 0.005005350 0.005227890 0.000000000 0.015601670 0.013253110 0.002429230 0.017152230 0.018739770 0.018274430 0.017537730 0.030018700 0.026355350 0.027641150 0.027124780 0.011360470 0.031777430 0.034174480 0.033894140 0.018026610 
38     0.013998490 0.017923150 0.018198040 0.014460310 0.014178640 0.016692010 0.018214040 0.032327260 0.023508610 0.026618280 0.026473960 0.026689820 0.017463980 0.018747550 0.017960230 0.023495180 0.018052150 0.020635950 0.021738710 0.022253550 0.040366500 0.039645920 0.019242750 0.017820540 0.018730500 0.016789690 0.019330870 0.018405350 0.017405330 0.018325060 0.020035880 0.017408790 0.004959970 0.003389490 0.015601670 0.000000000 0.007260740 0.006157730 0.001444250 0.003031790 0.002566450 0.001829750 0.016137350 0.016112640 0.012844240 0.014492890 0.020644590 0.022931900 0.018529520 0.018249180 0.027310730 
25     0.027273510 0.031198170 0.031473060 0.027735330 0.027453660 0.029967030 0.026024940 0.034922810 0.032397120 0.033288980 0.034163020 0.030447240 0.025376070 0.023336690 0.021459800 0.023674680 0.021246570 0.033910970 0.022382650 0.029786130 0.040546000 0.041128770 0.026515300 0.025260370 0.024801010 0.026721140 0.032605890 0.031680370 0.030680350 0.024191930 0.025266920 0.027399960 0.009084290 0.008680300 0.013253110 0.007260740 0.000000000 0.000306330 0.011668560 0.001911880 0.010257220 0.007103160 0.021352670 0.023819080 0.023255390 0.024611750 0.021984780 0.023111400 0.026194060 0.026988350 0.050749810 
22     0.019391300 0.023315960 0.023590850 0.019853120 0.019571450 0.022084820 0.033038550 0.041475330 0.028901420 0.032011090 0.031866770 0.034676910 0.022856790 0.024140360 0.023353040 0.031906040 0.023444960 0.026028760 0.027508540 0.028214720 0.046214880 0.048793990 0.024635560 0.023213350 0.024963060 0.022182500 0.024723680 0.023798160 0.022798140 0.023717870 0.025428690 0.022801600 0.000205350 0.001422030 0.002429230 0.006157730 0.000306330 0.000000000 0.006900080 0.008487620 0.008022280 0.007285580 0.021530160 0.021505450 0.023639950 0.019885700 0.032237860 0.031846610 0.023922330 0.023641990 0.050415820 
33     0.014740840 0.018665500 0.018940390 0.015202660 0.014920990 0.017434360 0.028388090 0.039229840 0.024250960 0.027360630 0.027216310 0.030026450 0.018206330 0.019489900 0.018702580 0.027255580 0.018794500 0.021378300 0.022858080 0.023564260 0.041564420 0.045987080 0.019985100 0.018562890 0.020312600 0.017532040 0.020073220 0.019147700 0.018147680 0.019067410 0.020778230 0.018151140 0.005702320 0.004131840 0.017152230 0.001444250 0.011668560 0.006900080 0.000000000 0.001819400 0.001887400 0.001150700 0.016879700 0.016854990 0.018989490 0.015235240 0.026843090 0.027969710 0.019271870 0.018991530 0.045765360 
46     0.016328380 0.020253040 0.020527930 0.016790200 0.016508530 0.019021900 0.029975630 0.040817380 0.025838500 0.028948170 0.028803850 0.031613990 0.019793870 0.021077440 0.020290120 0.028843120 0.020382040 0.022965840 0.024445620 0.025151800 0.043151960 0.052046910 0.021572640 0.020150430 0.021900140 0.019119580 0.021660760 0.020735240 0.019735220 0.020654950 0.022365770 0.019738680 0.007289860 0.005719380 0.018739770 0.003031790 0.001911880 0.008487620 0.001819400 0.000000000 0.003474940 0.002738240 0.018467240 0.018442530 0.020577030 0.016822780 0.029274380 0.034029540 0.020859410 0.020579070 0.047352900 
23     0.015863040 0.019787700 0.020062590 0.016324860 0.016043190 0.018556560 0.029510290 0.040352040 0.025373160 0.028482830 0.028338510 0.031148650 0.019328530 0.020612100 0.019824780 0.028377780 0.019916700 0.022500500 0.023980280 0.024686460 0.042686620 0.048730700 0.021107300 0.019685090 0.021434800 0.018654240 0.021195420 0.020269900 0.019269880 0.020189610 0.021900430 0.019273340 0.006824520 0.005254040 0.018274430 0.002566450 0.010257220 0.008022280 0.001887400 0.003474940 0.000000000 0.000740800 0.018001900 0.017977190 0.020111690 0.016357440 0.028809040 0.030713330 0.020394070 0.020113730 0.046887560 
40     0.015126340 0.019051000 0.019325890 0.015588160 0.015306490 0.017819860 0.028773590 0.039615340 0.024636460 0.027746130 0.027601810 0.030411950 0.018591830 0.019875400 0.019088080 0.027641080 0.019180000 0.021763800 0.023243580 0.023949760 0.041949920 0.048659950 0.020370600 0.018948390 0.020698100 0.017917540 0.020458720 0.019533200 0.018533180 0.019452910 0.021163730 0.018536640 0.006087820 0.004517340 0.017537730 0.001829750 0.007103160 0.007285580 0.001150700 0.002738240 0.000740800 0.000000000 0.017265200 0.017240490 0.019374990 0.015620740 0.028072340 0.030642580 0.019657370 0.019377030 0.046150860 
21     0.012050540 0.015975200 0.016250090 0.012512360 0.012230690 0.014744060 0.023263010 0.032160880 0.021560660 0.024670330 0.024526010 0.013957510 0.015516030 0.016799600 0.016012280 0.020912750 0.016104200 0.018688000 0.014850990 0.020873960 0.037784070 0.038366840 0.017294800 0.015872590 0.017622300 0.014841740 0.017382920 0.016457400 0.015457380 0.016377110 0.018087930 0.015460840 0.020332400 0.018761920 0.030018700 0.016137350 0.021352670 0.021530160 0.016879700 0.018467240 0.018001900 0.017265200 0.000000000 0.000173210 0.003594780 0.002995710 0.006733350 0.007859970 0.008672230 0.007315390 0.041484790 
45     0.012025830 0.015950490 0.016225380 0.012487650 0.012205980 0.014719350 0.024217530 0.034627290 0.021535950 0.024645620 0.024501300 0.014344550 0.015491320 0.016774890 0.015987570 0.023379160 0.016079490 0.018663290 0.015238030 0.020849250 0.038849410 0.038275890 0.017270090 0.015847880 0.017597590 0.014817030 0.017358210 0.016432690 0.015432670 0.016352400 0.018063220 0.015436130 0.020307690 0.018737210 0.026355350 0.016112640 0.023819080 0.021505450 0.016854990 0.018442530 0.017977190 0.017240490 0.000173210 0.000000000 0.001002670 0.003182030 0.009199760 0.010326380 0.009221260 0.008238320 0.033314220 
28     0.014160330 0.018084990 0.018359880 0.014622150 0.014340480 0.016853850 0.025165730 0.034063600 0.023670450 0.026780120 0.026635800 0.029445940 0.017625820 0.018909390 0.018122070 0.022815470 0.018213990 0.020797790 0.021523440 0.022983750 0.039686790 0.040010530 0.019404590 0.017982380 0.019732090 0.016951530 0.019492710 0.018567190 0.017567170 0.018486900 0.020197720 0.017570630 0.022442190 0.020871710 0.027641150 0.012844240 0.023255390 0.023639950 0.018989490 0.020577030 0.020111690 0.019374990 0.003594780 0.001002670 0.000000000 0.000629080 0.005725200 0.009762690 0.010297660 0.009736600 0.034600020 
47     0.010406080 0.014330740 0.014605630 0.010867900 0.010586230 0.013099600 0.024053330 0.034895080 0.019916200 0.023025870 0.022881550 0.021388730 0.013871570 0.015155140 0.014367820 0.022920820 0.014459740 0.017043540 0.018523320 0.019229500 0.037229660 0.041625920 0.015650340 0.014228130 0.015977840 0.013197280 0.015738460 0.014812940 0.013812920 0.014732650 0.016443470 0.013816380 0.018687940 0.017117460 0.027124780 0.014492890 0.024611750 0.019885700 0.015235240 0.016822780 0.016357440 0.015620740 0.002995710 0.003182030 0.000629080 0.000000000 0.006182280 0.011119050 0.007885310 0.007604970 0.034083650 
48     0.022857680 0.026782340 0.027057230 0.023319500 0.023037830 0.025551200 0.009222650 0.032792990 0.030267300 0.031159160 0.032033200 0.028317420 0.023246250 0.021206870 0.019329980 0.021544860 0.019116750 0.029495140 0.012813490 0.016054690 0.038416180 0.032291790 0.024385480 0.022074820 0.022671190 0.024591320 0.028190060 0.027264540 0.026264520 0.022062110 0.023137100 0.025270140 0.023628830 0.014304600 0.011360470 0.020644590 0.021984780 0.032237860 0.026843090 0.029274380 0.028809040 0.028072340 0.006733350 0.009199760 0.005725200 0.006182280 0.000000000 0.006630760 0.005651090 0.005691790 0.018319340 
42     0.028710150 0.030769900 0.031338100 0.029171970 0.028890300 0.031128490 0.025021740 0.033919610 0.031393920 0.032285780 0.033159820 0.029444040 0.024372870 0.022333490 0.020456600 0.022671480 0.020243370 0.033660210 0.021379450 0.023800990 0.034416310 0.035089340 0.024099100 0.024257170 0.019291850 0.021141710 0.029744970 0.023038870 0.023023360 0.023188730 0.022541910 0.021661070 0.024755450 0.024351460 0.031777430 0.022931900 0.023111400 0.031846610 0.027969710 0.034029540 0.030713330 0.030642580 0.007859970 0.010326380 0.009762690 0.011119050 0.006630760 0.000000000 0.002032050 0.001017330 0.049641390 
20     0.014442710 0.018367370 0.018642260 0.014904530 0.014622860 0.017136230 0.028089960 0.037002270 0.023952830 0.027062500 0.026918180 0.029728320 0.017908200 0.019191770 0.018404450 0.025754140 0.018496370 0.021080170 0.021922050 0.021991620 0.032606940 0.033279970 0.019686970 0.018264760 0.017482480 0.017233910 0.019775090 0.018849570 0.017849550 0.018769280 0.020480100 0.017853010 0.022724570 0.021154090 0.034174480 0.018529520 0.026194060 0.023922330 0.019271870 0.020859410 0.020394070 0.019657370 0.008672230 0.009221260 0.010297660 0.007885310 0.005651090 0.002032050 0.000000000 0.001035160 0.045467230 
18     0.014162370 0.018087030 0.018361920 0.014624190 0.014342520 0.016855890 0.027809620 0.037796560 0.023672490 0.026782160 0.026637840 0.029447980 0.017627860 0.018911430 0.018124110 0.026548430 0.018216030 0.020799830 0.020565210 0.020634780 0.031250100 0.031923130 0.019406630 0.017984420 0.016125640 0.016953570 0.019494750 0.018569230 0.017569210 0.018488940 0.019375700 0.017572670 0.022444230 0.020873750 0.033894140 0.018249180 0.026988350 0.023641990 0.018991530 0.020579070 0.020113730 0.019377030 0.007315390 0.008238320 0.009736600 0.007604970 0.005691790 0.001017330 0.001035160 0.000000000 0.045186890 
0     0.032122620 0.020029440 0.029119450 0.041102020 0.040820350 0.020302610 0.015810650 0.048211280 0.050150320 0.051068120 0.040993090 0.007672340 0.039541010 0.040959660 0.040172340 0.045144090 0.028665890 0.041706110 0.019485310 0.022726510 0.043828220 0.038963610 0.034195610 0.028746640 0.040178770 0.039001800 0.041542980 0.040617460 0.039617440 0.038560230 0.042247990 0.037573910 0.049218060 0.020970740 0.018026610 0.027310730 0.050749810 0.050415820 0.045765360 0.047352900 0.046887560 0.046150860 0.041484790 0.033314220 0.034600020 0.034083650 0.018319340 0.049641390 0.045467230 0.045186890 0.000000000 
