51
2     0.000000000 0.339139635 0.341651816 0.336925395 0.351367560 0.753854145 0.646541132 0.764879634 0.774832229 0.957131009 0.958436472 0.761198072 0.818561386 0.805518654 0.812053899 0.878245265 0.730888578 0.770333219 0.815611049 0.846871019 1.044424749 1.045018769 0.769211486 0.777458517 0.728923386 0.741244194 0.874255305 0.791538525 0.785162658 0.790198685 0.798849603 0.726720481 1.121547073 1.252239872 1.383522166 1.016972700 1.118097276 1.082128119 1.134555949 1.148873099 1.202371819 1.204898376 0.910913113 0.905326169 0.944933740 1.123469079 1.001408029 0.941871495 0.923975638 0.929550453 1.446778115 
8     0.339139635 0.000000000 0.050782046 0.251691722 0.266388871 0.667211829 0.560782465 0.679135078 0.689087672 0.871396001 0.872701464 0.675659567 0.733090240 0.720047508 0.726582753 0.792774119 0.645417432 0.684862073 0.730139903 0.761399873 0.958953603 0.959547623 0.683740340 0.691987371 0.643452240 0.655773048 0.788784159 0.706067379 0.699691512 0.704727539 0.713378457 0.641249335 1.036075927 1.166768726 1.298051020 0.931501554 1.032626130 0.996656973 1.049084803 1.063401953 1.116900673 1.119427230 0.825441967 0.819855023 0.859462594 1.037997933 0.915936883 0.856400350 0.838504492 0.844079307 1.361310873 
9     0.341651816 0.050782046 0.000000000 0.254806303 0.269503453 0.670376535 0.563928968 0.682281581 0.692234176 0.874542505 0.875847967 0.678806070 0.736236743 0.723194012 0.729729257 0.795920622 0.648563935 0.688008576 0.733286406 0.764546377 0.962100107 0.962694126 0.686886844 0.695133875 0.646598744 0.658919551 0.791930662 0.709213882 0.702838016 0.707874042 0.716524961 0.644395838 1.039222430 1.169915229 1.301197523 0.934648058 1.035772634 0.999803476 1.052231306 1.066548456 1.120047176 1.122573734 0.828588471 0.823001526 0.862609098 1.041144436 0.919083386 0.859546853 0.841650996 0.847225811 1.364457376 
11     0.336925395 0.251691722 0.254806303 0.000000000 0.078449183 0.654231188 0.550051621 0.668323332 0.678275926 0.860435390 0.861740853 0.665420294 0.722812117 0.709769385 0.716304630 0.782495996 0.635139309 0.674583950 0.719861780 0.751121750 0.948675480 0.949269500 0.673462217 0.681709248 0.633174117 0.645494925 0.778506036 0.695789256 0.689413389 0.694449416 0.703100334 0.630971212 1.025778335 1.156471134 1.287753428 0.921203963 1.022328538 0.986359381 1.038787211 1.053104361 1.106603081 1.109129638 0.815144376 0.809557431 0.849165003 1.027700341 0.905639291 0.846102758 0.828206901 0.833781716 1.351047820 
1     0.351367560 0.266388871 0.269503453 0.078449183 0.000000000 0.668573632 0.564289899 0.682561610 0.692514205 0.874673668 0.875979131 0.679658572 0.737050395 0.724007664 0.730542909 0.796734274 0.649377587 0.688822228 0.734100058 0.765360029 0.962913758 0.963507778 0.687700496 0.695947527 0.647412396 0.659733203 0.792744314 0.710027534 0.703651668 0.708687694 0.717338613 0.645209490 1.040016614 1.170709412 1.301991706 0.935442241 1.036566817 1.000597660 1.053025489 1.067342639 1.120841360 1.123367917 0.829382654 0.823795710 0.863403281 1.041938620 0.919877570 0.860341036 0.842445179 0.848019994 1.365286099 
12     0.753854145 0.667211829 0.670376535 0.654231188 0.668573632 0.000000000 0.838007999 0.957180208 0.967132803 1.149153640 1.150459103 0.953919974 1.010581396 0.997538665 1.004073910 1.070265275 0.922908588 0.962353229 1.008155220 1.039415191 1.236968920 1.237562940 0.961755658 0.970002689 0.921467558 0.933788365 1.066799476 0.984082696 0.977706830 0.982742856 0.991393775 0.919264652 1.314254492 1.444947290 1.576229584 1.209680119 1.310804695 1.274835538 1.327263367 1.341580517 1.395079237 1.397605795 1.103630306 1.098043362 1.137650933 1.316186272 1.194125222 1.134588688 1.116692831 1.122267646 1.639878336 
10     0.646541132 0.560782465 0.563928968 0.550051621 0.564289899 0.838007999 0.000000000 0.432139929 0.441896811 0.624058252 0.625378040 0.664009018 0.721843952 0.708801221 0.715295075 0.781486441 0.634129754 0.673574395 0.718626465 0.749886435 0.947261886 0.947855906 0.672048623 0.680295654 0.631760523 0.644081330 0.777092442 0.694375661 0.687999795 0.693035822 0.701686740 0.629557617 1.024676136 1.155368935 1.286651229 0.920101764 1.021226339 0.985257182 1.037685012 1.052002162 1.105500882 1.108027439 0.813453550 0.807866605 0.847474177 1.026009515 0.903961712 0.844411932 0.826516075 0.832090890 1.350969891 
4     0.764879634 0.679135078 0.682281581 0.668323332 0.682561610 0.957180208 0.432139929 0.000000000 0.129617769 0.641167656 0.642549384 0.784229422 0.841166940 0.828124209 0.834618064 0.900809429 0.753452743 0.792897383 0.838073643 0.869333614 1.066709064 1.067303084 0.791495802 0.799742833 0.751207702 0.763528509 0.896539620 0.813822840 0.807446974 0.812483000 0.821133919 0.749004796 1.144018213 1.274711012 1.405993306 1.039443841 1.140568416 1.104599259 1.157027089 1.171344239 1.224842959 1.227369516 0.932795627 0.927208682 0.966816254 1.145351593 1.023303789 0.963754009 0.945858152 0.951432967 1.468279712 
7     0.774832229 0.689087672 0.692234176 0.678275926 0.692514205 0.967132803 0.441896811 0.129617769 0.000000000 0.651699319 0.653081047 0.794182017 0.851119535 0.838076804 0.844570659 0.910762024 0.763405337 0.802849978 0.848026238 0.879286209 1.076661659 1.077255679 0.801448396 0.809695427 0.761160296 0.773481104 0.906492215 0.823775435 0.817399568 0.822435595 0.831086513 0.758957391 1.153970808 1.284663607 1.415945901 1.049396435 1.150521011 1.114551854 1.166979684 1.181296834 1.234795554 1.237322111 0.942748222 0.937161277 0.976768849 1.155304187 1.033256384 0.973706604 0.955810747 0.961385562 1.478232307 
5     0.957131009 0.871396001 0.874542505 0.860435390 0.874673668 1.149153640 0.624058252 0.641167656 0.651699319 0.000000000 0.140044388 0.976611136 1.033989909 1.020947177 1.027441032 1.093632398 0.946275711 0.985720352 1.030896612 1.062156582 1.259532033 1.260126052 0.984318770 0.992565801 0.944030670 0.956351477 1.089362589 1.006645808 1.000269942 1.005305969 1.013956887 0.941827764 1.336513448 1.467206246 1.598488540 1.231939075 1.333063651 1.297094494 1.349522323 1.363839473 1.417338193 1.419864751 1.125296108 1.119709163 1.159316735 1.337852073 1.215804270 1.156254490 1.138358633 1.143933448 1.661000137 
3     0.958436472 0.872701464 0.875847967 0.861740853 0.875979131 1.150459103 0.625378040 0.642549384 0.653081047 0.140044388 0.000000000 0.977916599 1.035295372 1.022252640 1.028746495 1.094937861 0.947581174 0.987025815 1.032202075 1.063462045 1.260837496 1.261431515 0.985624233 0.993871264 0.945336133 0.957656940 1.090668051 1.007951271 1.001575405 1.006611432 1.015262350 0.943133227 1.337818911 1.468511709 1.599794003 1.233244538 1.334369114 1.298399956 1.350827786 1.365144936 1.418643656 1.421170214 1.126601571 1.121014626 1.160622198 1.339157536 1.217109733 1.157559953 1.139664096 1.145238911 1.662305600 
6     0.761198072 0.675659567 0.678806070 0.665420294 0.679658572 0.953919974 0.664009018 0.784229422 0.794182017 0.976611136 0.977916599 0.000000000 0.699944015 0.686901283 0.693436528 0.759627894 0.612271207 0.651715848 0.696047363 0.727307333 0.924652463 0.925246482 0.649795277 0.658042308 0.609507177 0.621827984 0.754839096 0.672122315 0.665746449 0.670782476 0.679433394 0.607304271 0.999239076 1.129931875 1.260698894 0.894124757 0.995789279 0.959280176 1.012247952 1.026565102 1.080063822 1.082590379 0.792105486 0.786518541 0.826126113 1.004661452 0.882600401 0.823063868 0.805168011 0.810742826 1.329970423 
13     0.818561386 0.733090240 0.736236743 0.722812117 0.737050395 1.010581396 0.721843952 0.841166940 0.851119535 1.033989909 1.035295372 0.699944015 0.000000000 0.107196091 0.299177015 0.365702681 0.233784826 0.271633942 0.548180229 0.579440200 0.783300858 0.783894878 0.507614558 0.515861589 0.467305368 0.479550953 0.612609822 0.529859750 0.523483884 0.528588502 0.537285102 0.465749086 0.958459482 1.089152280 1.220300626 0.853782625 0.955004139 0.919150936 0.971578239 0.985799504 1.039298224 1.041824781 0.747846342 0.742259397 0.781866969 0.960395717 0.838112432 0.778578224 0.760682367 0.766257182 1.321300339 
26     0.805518654 0.720047508 0.723194012 0.709769385 0.724007664 0.997538665 0.708801221 0.828124209 0.838076804 1.020947177 1.022252640 0.686901283 0.107196091 0.000000000 0.286632263 0.352511204 0.220960047 0.258843726 0.535137498 0.566397468 0.770258126 0.770852146 0.494571827 0.502818858 0.454262637 0.466508222 0.599567090 0.516817019 0.510441153 0.515545770 0.524242370 0.452706355 0.945416750 1.076109549 1.207257895 0.840739894 0.941961407 0.906108204 0.958535507 0.972756773 1.026255493 1.028782050 0.734803610 0.729216666 0.768824237 0.947352986 0.825069701 0.765535493 0.747639636 0.753214450 1.308257607 
43     0.812053899 0.726582753 0.729729257 0.716304630 0.730542909 1.004073910 0.715295075 0.834618064 0.844570659 1.027441032 1.028746495 0.693436528 0.299177015 0.286632263 0.000000000 0.208786152 0.225000409 0.262959565 0.541542701 0.572802672 0.776663330 0.777257349 0.500977030 0.509224061 0.460667840 0.472913425 0.605972294 0.523222222 0.516846356 0.521950973 0.530647574 0.459111558 0.951995379 1.082688177 1.213836524 0.847318522 0.948540036 0.912686833 0.965114136 0.979335401 1.032834121 1.035360679 0.741268397 0.735681453 0.775289024 0.953817773 0.831534488 0.772000279 0.754104422 0.759679237 1.314774642 
17     0.878245265 0.792774119 0.795920622 0.782495996 0.796734274 1.070265275 0.781486441 0.900809429 0.910762024 1.093632398 1.094937861 0.759627894 0.365702681 0.352511204 0.208786152 0.000000000 0.290805783 0.328815424 0.607734066 0.638994037 0.842854695 0.843448715 0.567168396 0.575415427 0.526859206 0.539104791 0.672163659 0.589413588 0.583037721 0.588142339 0.596838939 0.525302924 1.018186744 1.148879543 1.280027889 0.913509888 1.014731401 0.978878198 1.031305501 1.045526767 1.099025487 1.101552044 0.807459763 0.801872818 0.841480390 1.020009138 0.897725853 0.838191645 0.820295788 0.825870603 1.380966007 
16     0.730888578 0.645417432 0.648563935 0.635139309 0.649377587 0.922908588 0.634129754 0.753452743 0.763405337 0.946275711 0.947581174 0.612271207 0.233784826 0.220960047 0.225000409 0.290805783 0.000000000 0.128527540 0.460351942 0.491611913 0.695472571 0.696066591 0.419786272 0.428033303 0.379477082 0.391722666 0.524781535 0.442031464 0.435655597 0.440760215 0.449456815 0.377920800 0.870830057 1.001522856 1.132671202 0.766153201 0.867374715 0.831521512 0.883948815 0.898170080 0.951668800 0.954195357 0.660103076 0.654516132 0.694123703 0.872652451 0.750369166 0.690834958 0.672939101 0.678513916 1.233609320 
27     0.770333219 0.684862073 0.688008576 0.674583950 0.688822228 0.962353229 0.673574395 0.792897383 0.802849978 0.985720352 0.987025815 0.651715848 0.271633942 0.258843726 0.262959565 0.328815424 0.128527540 0.000000000 0.499814073 0.531074044 0.734934702 0.735528722 0.459248402 0.467495433 0.418939213 0.431184797 0.564243666 0.481493594 0.475117728 0.480222346 0.488918946 0.417382930 0.910274698 1.040967497 1.172115843 0.805597842 0.906819355 0.870966152 0.923393456 0.937614721 0.991113441 0.993639998 0.699547717 0.693960772 0.733568344 0.912097092 0.789813807 0.730279599 0.712383742 0.717958557 1.273053961 
37     0.815611049 0.730139903 0.733286406 0.719861780 0.734100058 1.008155220 0.718626465 0.838073643 0.848026238 1.030896612 1.032202075 0.696047363 0.548180229 0.535137498 0.541542701 0.607734066 0.460351942 0.499814073 0.000000000 0.127398229 0.677362602 0.677956622 0.402850423 0.411097454 0.362591501 0.374694326 0.507744709 0.424907961 0.418532095 0.423626786 0.432279059 0.359287246 0.953811890 1.084504689 1.215670520 0.849010566 0.950220745 0.914367542 0.966794845 0.981016110 1.034514831 1.037041388 0.746889256 0.741302312 0.780909883 0.959438632 0.837169977 0.777621138 0.759725281 0.765300096 1.316396083 
41     0.846871019 0.761399873 0.764546377 0.751121750 0.765360029 1.039415191 0.749886435 0.869333614 0.879286209 1.062156582 1.063462045 0.727307333 0.579440200 0.566397468 0.572802672 0.638994037 0.491611913 0.531074044 0.127398229 0.000000000 0.708587225 0.709181245 0.434075046 0.442322077 0.393816125 0.405918949 0.538969333 0.456132585 0.449756718 0.454851409 0.463503682 0.390511869 0.985071861 1.115764659 1.246930491 0.880270536 0.981480716 0.945627513 0.998054816 1.012276081 1.065774801 1.068301358 0.778149227 0.772562282 0.812169854 0.990698602 0.868429948 0.808881109 0.790985252 0.796560067 1.347656053 
36     1.044424749 0.958953603 0.962100107 0.948675480 0.962913758 1.236968920 0.947261886 1.066709064 1.076661659 1.259532033 1.260837496 0.924652463 0.783300858 0.770258126 0.776663330 0.842854695 0.695472571 0.734934702 0.677362602 0.708587225 0.000000000 0.191666463 0.571196940 0.579641153 0.530430583 0.543244057 0.675862088 0.593493070 0.587033187 0.591943067 0.600780897 0.530640769 1.186452770 1.317145568 1.448311400 1.081651445 1.182861625 1.147008422 1.199435725 1.213656990 1.267155710 1.269682267 0.979433739 0.973846794 1.013454366 1.191983114 1.069714460 1.010165621 0.992269764 0.997844579 1.548380417 
31     1.045018769 0.959547623 0.962694126 0.949269500 0.963507778 1.237562940 0.947855906 1.067303084 1.077255679 1.260126052 1.261431515 0.925246482 0.783894878 0.770852146 0.777257349 0.843448715 0.696066591 0.735528722 0.677956622 0.709181245 0.191666463 0.000000000 0.571754485 0.580198699 0.530949592 0.543713046 0.676331077 0.593962059 0.587502176 0.592412056 0.601249886 0.531109758 1.187046790 1.317739588 1.448905420 1.082245465 1.183455644 1.147602442 1.200029745 1.214251010 1.267749730 1.270276287 0.980027759 0.974440814 1.014048385 1.192577134 1.070308480 1.010759641 0.992863784 0.998438599 1.548974437 
24     0.769211486 0.683740340 0.686886844 0.673462217 0.687700496 0.961755658 0.672048623 0.791495802 0.801448396 0.984318770 0.985624233 0.649795277 0.507614558 0.494571827 0.500977030 0.567168396 0.419786272 0.459248402 0.402850423 0.434075046 0.571196940 0.571754485 0.000000000 0.072483110 0.192079475 0.228870875 0.362635910 0.281053366 0.274654484 0.277432117 0.285991288 0.216607084 0.911606271 1.042299070 1.173464902 0.806804947 0.908015126 0.872161923 0.924589226 0.938810492 0.992309212 0.994835769 0.704633644 0.699046700 0.738654271 0.917183020 0.794914365 0.735365527 0.717469670 0.723044485 1.273282151 
44     0.777458517 0.691987371 0.695133875 0.681709248 0.695947527 0.970002689 0.680295654 0.799742833 0.809695427 0.992565801 0.993871264 0.658042308 0.515861589 0.502818858 0.509224061 0.575415427 0.428033303 0.467495433 0.411097454 0.442322077 0.579641153 0.580198699 0.072483110 0.000000000 0.200578610 0.237186047 0.370854749 0.289286010 0.282887128 0.285807475 0.294422636 0.225068684 0.919853302 1.050546101 1.181711933 0.815051978 0.916262157 0.880408954 0.932836257 0.947057523 1.000556243 1.003082800 0.712880675 0.707293731 0.746901302 0.925430051 0.803161396 0.743612558 0.725716701 0.731291516 1.281529182 
14     0.728923386 0.643452240 0.646598744 0.633174117 0.647412396 0.921467558 0.631760523 0.751207702 0.761160296 0.944030670 0.945336133 0.609507177 0.467305368 0.454262637 0.460667840 0.526859206 0.379477082 0.418939213 0.362591501 0.393816125 0.530430583 0.530949592 0.192079475 0.200578610 0.000000000 0.188165896 0.321665476 0.238306235 0.231624498 0.236636068 0.245219030 0.175326666 0.871389447 1.002082245 1.133248077 0.766588122 0.867798302 0.831945099 0.884372402 0.898593667 0.952092387 0.954618944 0.664358701 0.658771757 0.698379328 0.876908077 0.754639423 0.695090584 0.677194727 0.682769542 1.232958772 
49     0.741244194 0.655773048 0.658919551 0.645494925 0.659733203 0.933788365 0.644081330 0.763528509 0.773481104 0.956351477 0.957656940 0.621827984 0.479550953 0.466508222 0.472913425 0.539104791 0.391722666 0.431184797 0.374694326 0.405918949 0.543244057 0.543713046 0.228870875 0.237186047 0.188165896 0.000000000 0.260659000 0.188968498 0.180953425 0.224796480 0.233764597 0.166125022 0.883710254 1.014403053 1.145568884 0.778908929 0.880119109 0.844265906 0.896693209 0.910914474 0.964413194 0.966939752 0.676679509 0.671092564 0.710700136 0.889228884 0.766960230 0.707411391 0.689515534 0.695090349 1.245279579 
19     0.874255305 0.788784159 0.791930662 0.778506036 0.792744314 1.066799476 0.777092442 0.896539620 0.906492215 1.089362589 1.090668051 0.754839096 0.612609822 0.599567090 0.605972294 0.672163659 0.524781535 0.564243666 0.507744709 0.538969333 0.675862088 0.676331077 0.362635910 0.370854749 0.321665476 0.260659000 0.000000000 0.321708640 0.314122265 0.359469738 0.368110336 0.299403665 1.016721365 1.147414164 1.278579996 0.911920041 1.013130220 0.977277017 1.029704320 1.043925585 1.097424306 1.099950863 0.809690620 0.804103676 0.843711247 1.022239996 0.899971341 0.840422502 0.822526645 0.828101460 1.378290690 
50     0.791538525 0.706067379 0.709213882 0.695789256 0.710027534 0.984082696 0.694375661 0.813822840 0.823775435 1.006645808 1.007951271 0.672122315 0.529859750 0.516817019 0.523222222 0.589413588 0.442031464 0.481493594 0.424907961 0.456132585 0.593493070 0.593962059 0.281053366 0.289286010 0.238306235 0.188968498 0.321708640 0.000000000 0.078441223 0.275330327 0.284476022 0.216208523 0.934004585 1.064697384 1.195863215 0.829203260 0.930413440 0.894560237 0.946987540 0.961208805 1.014707525 1.017234083 0.726973840 0.721386895 0.760994467 0.939523215 0.817254561 0.757705722 0.739809865 0.745384680 1.295573910 
32     0.785162658 0.699691512 0.702838016 0.689413389 0.703651668 0.977706830 0.687999795 0.807446974 0.817399568 1.000269942 1.001575405 0.665746449 0.523483884 0.510441153 0.516846356 0.583037721 0.435655597 0.475117728 0.418532095 0.449756718 0.587033187 0.587502176 0.274654484 0.282887128 0.231624498 0.180953425 0.314122265 0.078441223 0.000000000 0.269452314 0.278590926 0.209412995 0.927628719 1.058321517 1.189487349 0.822827394 0.924037574 0.888184371 0.940611674 0.954832939 1.008331659 1.010858216 0.720597973 0.715011029 0.754618600 0.933147349 0.810878695 0.751329856 0.733433999 0.739008814 1.289198044 
29     0.790198685 0.704727539 0.707874042 0.694449416 0.708687694 0.982742856 0.693035822 0.812483000 0.822435595 1.005305969 1.006611432 0.670782476 0.528588502 0.515545770 0.521950973 0.588142339 0.440760215 0.480222346 0.423626786 0.454851409 0.591943067 0.592412056 0.277432117 0.285807475 0.236636068 0.224796480 0.359469738 0.275330327 0.269452314 0.000000000 0.175241263 0.213843575 0.932652479 1.063345277 1.194511109 0.827851154 0.929061333 0.893208130 0.945635434 0.959856699 1.013355419 1.015881976 0.725621733 0.720034789 0.759642360 0.938171109 0.815902454 0.756353616 0.738457759 0.744032574 1.294269350 
34     0.798849603 0.713378457 0.716524961 0.703100334 0.717338613 0.991393775 0.701686740 0.821133919 0.831086513 1.013956887 1.015262350 0.679433394 0.537285102 0.524242370 0.530647574 0.596838939 0.449456815 0.488918946 0.432279059 0.463503682 0.600780897 0.601249886 0.285991288 0.294422636 0.245219030 0.233764597 0.368110336 0.284476022 0.278590926 0.175241263 0.000000000 0.222667301 0.941315664 1.072008462 1.203174294 0.836514339 0.937724519 0.901871316 0.954298619 0.968519884 1.022018604 1.024545161 0.734284918 0.728697974 0.768305545 0.946834294 0.824565640 0.765016801 0.747120944 0.752695759 1.302884989 
39     0.726720481 0.641249335 0.644395838 0.630971212 0.645209490 0.919264652 0.629557617 0.749004796 0.758957391 0.941827764 0.943133227 0.607304271 0.465749086 0.452706355 0.459111558 0.525302924 0.377920800 0.417382930 0.359287246 0.390511869 0.530640769 0.531109758 0.216607084 0.225068684 0.175326666 0.166125022 0.299403665 0.216208523 0.209412995 0.213843575 0.222667301 0.000000000 0.869152803 0.999845602 1.131011433 0.764351478 0.865561658 0.829708455 0.882135758 0.896357023 0.949855743 0.952382301 0.662122058 0.656535113 0.696142685 0.874671433 0.752402779 0.692853940 0.674958083 0.680532898 1.231025104 
30     1.121547073 1.036075927 1.039222430 1.025778335 1.040016614 1.314254492 1.024676136 1.144018213 1.153970808 1.336513448 1.337818911 0.999239076 0.958459482 0.945416750 0.951995379 1.018186744 0.870830057 0.910274698 0.953811890 0.985071861 1.186452770 1.187046790 0.911606271 0.919853302 0.871389447 0.883710254 1.016721365 0.934004585 0.927628719 0.932652479 0.941315664 0.869152803 0.000000000 0.439289781 0.671092277 0.417589282 0.527021806 0.484883538 0.532031983 0.549810996 0.599704486 0.602870436 0.925128728 0.919541784 0.959199859 1.137929993 1.016120826 0.956781927 0.938886070 0.944460885 1.622597776 
15     1.252239872 1.166768726 1.169915229 1.156471134 1.170709412 1.444947290 1.155368935 1.274711012 1.284663607 1.467206246 1.468511709 1.129931875 1.089152280 1.076109549 1.082688177 1.148879543 1.001522856 1.040967497 1.084504689 1.115764659 1.317145568 1.317739588 1.042299070 1.050546101 1.002082245 1.014403053 1.147414164 1.064697384 1.058321517 1.063345277 1.072008462 0.999845602 0.439289781 0.000000000 0.808803392 0.553969691 0.659157856 0.617027478 0.665859594 0.683169861 0.733257676 0.736364607 1.055815442 1.050228497 1.089886573 1.268616706 1.146807539 1.087468640 1.069572783 1.075147598 1.753290574 
35     1.383522166 1.298051020 1.301197523 1.287753428 1.301991706 1.576229584 1.286651229 1.405993306 1.415945901 1.598488540 1.599794003 1.260698894 1.220300626 1.207257895 1.213836524 1.280027889 1.132671202 1.172115843 1.215670520 1.246930491 1.448311400 1.448905420 1.173464902 1.181711933 1.133248077 1.145568884 1.278579996 1.195863215 1.189487349 1.194511109 1.203174294 1.131011433 0.671092277 0.808803392 0.000000000 0.682132712 0.799490259 0.750384197 0.802460495 0.819317407 0.873405927 0.876492847 1.186772894 1.181185950 1.220844025 1.399574159 1.277764992 1.218426093 1.200530236 1.206105051 1.883840511 
38     1.016972700 0.931501554 0.934648058 0.921203963 0.935442241 1.209680119 0.920101764 1.039443841 1.049396435 1.231939075 1.233244538 0.894124757 0.853782625 0.840739894 0.847318522 0.913509888 0.766153201 0.805597842 0.849010566 0.880270536 1.081651445 1.082245465 0.806804947 0.815051978 0.766588122 0.778908929 0.911920041 0.829203260 0.822827394 0.827851154 0.836514339 0.764351478 0.417589282 0.553969691 0.682132712 0.000000000 0.424283414 0.390449253 0.439856651 0.450901478 0.507543982 0.509524360 0.820226840 0.814639896 0.854297971 1.033028105 0.911291021 0.851952123 0.834056266 0.839631081 1.517462022 
25     1.118097276 1.032626130 1.035772634 1.022328538 1.036566817 1.310804695 1.021226339 1.140568416 1.150521011 1.333063651 1.334369114 0.995789279 0.955004139 0.941961407 0.948540036 1.014731401 0.867374715 0.906819355 0.950220745 0.981480716 1.182861625 1.183455644 0.908015126 0.916262157 0.867798302 0.880119109 1.013130220 0.930413440 0.924037574 0.929061333 0.937724519 0.865561658 0.527021806 0.659157856 0.799490259 0.424283414 0.000000000 0.395296188 0.450384173 0.460896460 0.513686561 0.516718085 0.921463010 0.915876066 0.955534141 1.134264275 1.012455108 0.953116209 0.935220352 0.940795167 1.619105646 
22     1.082128119 0.996656973 0.999803476 0.986359381 1.000597660 1.274835538 0.985257182 1.104599259 1.114551854 1.297094494 1.298399956 0.959280176 0.919150936 0.906108204 0.912686833 0.978878198 0.831521512 0.870966152 0.914367542 0.945627513 1.147008422 1.147602442 0.872161923 0.880408954 0.831945099 0.844265906 0.977277017 0.894560237 0.888184371 0.893208130 0.901871316 0.829708455 0.484883538 0.617027478 0.750384197 0.390449253 0.395296188 0.000000000 0.357833270 0.367953414 0.426474696 0.430162895 0.885124058 0.879537114 0.919195189 1.097925323 0.976188240 0.916849341 0.898953484 0.904528299 1.582607299 
33     1.134555949 1.049084803 1.052231306 1.038787211 1.053025489 1.327263367 1.037685012 1.157027089 1.166979684 1.349522323 1.350827786 1.012247952 0.971578239 0.958535507 0.965114136 1.031305501 0.883948815 0.923393456 0.966794845 0.998054816 1.199435725 1.200029745 0.924589226 0.932836257 0.884372402 0.896693209 1.029704320 0.946987540 0.940611674 0.945635434 0.954298619 0.882135758 0.532031983 0.665859594 0.802460495 0.439856651 0.450384173 0.357833270 0.000000000 0.146739414 0.309995912 0.310659582 0.937616612 0.932029668 0.971687743 1.150417877 1.028680794 0.969341895 0.951446038 0.957020853 1.635554176 
46     1.148873099 1.063401953 1.066548456 1.053104361 1.067342639 1.341580517 1.052002162 1.171344239 1.181296834 1.363839473 1.365144936 1.026565102 0.985799504 0.972756773 0.979335401 1.045526767 0.898170080 0.937614721 0.981016110 1.012276081 1.213656990 1.214251010 0.938810492 0.947057523 0.898593667 0.910914474 1.043925585 0.961208805 0.954832939 0.959856699 0.968519884 0.896357023 0.549810996 0.683169861 0.819317407 0.450901478 0.460896460 0.367953414 0.146739414 0.000000000 0.320831295 0.321772370 0.951788394 0.946201449 0.985859525 1.164589658 1.042852575 0.983513676 0.965617819 0.971192634 1.649871326 
23     1.202371819 1.116900673 1.120047176 1.106603081 1.120841360 1.395079237 1.105500882 1.224842959 1.234795554 1.417338193 1.418643656 1.080063822 1.039298224 1.026255493 1.032834121 1.099025487 0.951668800 0.991113441 1.034514831 1.065774801 1.267155710 1.267749730 0.992309212 1.000556243 0.952092387 0.964413194 1.097424306 1.014707525 1.008331659 1.013355419 1.022018604 0.949855743 0.599704486 0.733257676 0.873405927 0.507543982 0.513686561 0.426474696 0.309995912 0.320831295 0.000000000 0.164378710 1.005272199 0.999685254 1.039343330 1.218073463 1.096336380 1.036997481 1.019101624 1.024676439 1.703370046 
40     1.204898376 1.119427230 1.122573734 1.109129638 1.123367917 1.397605795 1.108027439 1.227369516 1.237322111 1.419864751 1.421170214 1.082590379 1.041824781 1.028782050 1.035360679 1.101552044 0.954195357 0.993639998 1.037041388 1.068301358 1.269682267 1.270276287 0.994835769 1.003082800 0.954618944 0.966939752 1.099950863 1.017234083 1.010858216 1.015881976 1.024545161 0.952382301 0.602870436 0.736364607 0.876492847 0.509524360 0.516718085 0.430162895 0.310659582 0.321772370 0.164378710 0.000000000 1.007798756 1.002211812 1.041869887 1.220600021 1.098862937 1.039524039 1.021628182 1.027202997 1.705896604 
21     0.910913113 0.825441967 0.828588471 0.815144376 0.829382654 1.103630306 0.813453550 0.932795627 0.942748222 1.125296108 1.126601571 0.792105486 0.747846342 0.734803610 0.741268397 0.807459763 0.660103076 0.699547717 0.746889256 0.778149227 0.979433739 0.980027759 0.704633644 0.712880675 0.664358701 0.676679509 0.809690620 0.726973840 0.720597973 0.725621733 0.734284918 0.662122058 0.925128728 1.055815442 1.186772894 0.820226840 0.921463010 0.885124058 0.937616612 0.951788394 1.005272199 1.007798756 0.000000000 0.066208163 0.197596875 0.473159940 0.436890743 0.378914273 0.360930564 0.366286390 1.412368382 
45     0.905326169 0.819855023 0.823001526 0.809557431 0.823795710 1.098043362 0.807866605 0.927208682 0.937161277 1.119709163 1.121014626 0.786518541 0.742259397 0.729216666 0.735681453 0.801872818 0.654516132 0.693960772 0.741302312 0.772562282 0.973846794 0.974440814 0.699046700 0.707293731 0.658771757 0.671092564 0.804103676 0.721386895 0.715011029 0.720034789 0.728697974 0.656535113 0.919541784 1.050228497 1.181185950 0.814639896 0.915876066 0.879537114 0.932029668 0.946201449 0.999685254 1.002211812 0.066208163 0.000000000 0.193541839 0.467166722 0.431853347 0.373876877 0.355893168 0.361248994 1.406781438 
28     0.944933740 0.859462594 0.862609098 0.849165003 0.863403281 1.137650933 0.847474177 0.966816254 0.976768849 1.159316735 1.160622198 0.826126113 0.781866969 0.768824237 0.775289024 0.841480390 0.694123703 0.733568344 0.780909883 0.812169854 1.013454366 1.014048385 0.738654271 0.746901302 0.698379328 0.710700136 0.843711247 0.760994467 0.754618600 0.759642360 0.768305545 0.696142685 0.959199859 1.089886573 1.220844025 0.854297971 0.955534141 0.919195189 0.971687743 0.985859525 1.039343330 1.041869887 0.197596875 0.193541839 0.000000000 0.509827497 0.471408848 0.413461447 0.395477738 0.400833564 1.446389009 
47     1.123469079 1.037997933 1.041144436 1.027700341 1.041938620 1.316186272 1.026009515 1.145351593 1.155304187 1.337852073 1.339157536 1.004661452 0.960395717 0.947352986 0.953817773 1.020009138 0.872652451 0.912097092 0.959438632 0.990698602 1.191983114 1.192577134 0.917183020 0.925430051 0.876908077 0.889228884 1.022239996 0.939523215 0.933147349 0.938171109 0.946834294 0.874671433 1.137929993 1.268616706 1.399574159 1.033028105 1.134264275 1.097925323 1.150417877 1.164589658 1.218073463 1.220600021 0.473159940 0.467166722 0.509827497 0.000000000 0.652177318 0.593701809 0.575499297 0.581080176 1.624924348 
48     1.001408029 0.915936883 0.919083386 0.905639291 0.919877570 1.194125222 0.903961712 1.023303789 1.033256384 1.215804270 1.217109733 0.882600401 0.838112432 0.825069701 0.831534488 0.897725853 0.750369166 0.789813807 0.837169977 0.868429948 1.069714460 1.070308480 0.794914365 0.803161396 0.754639423 0.766960230 0.899971341 0.817254561 0.810878695 0.815902454 0.824565640 0.752402779 1.016120826 1.146807539 1.277764992 0.911291021 1.012455108 0.976188240 1.028680794 1.042852575 1.096336380 1.098862937 0.436890743 0.431853347 0.471408848 0.652177318 0.000000000 0.337252963 0.318799648 0.324486911 1.502812332 
42     0.941871495 0.856400350 0.859546853 0.846102758 0.860341036 1.134588688 0.844411932 0.963754009 0.973706604 1.156254490 1.157559953 0.823063868 0.778578224 0.765535493 0.772000279 0.838191645 0.690834958 0.730279599 0.777621138 0.808881109 1.010165621 1.010759641 0.735365527 0.743612558 0.695090584 0.707411391 0.840422502 0.757705722 0.751329856 0.756353616 0.765016801 0.692853940 0.956781927 1.087468640 1.218426093 0.851952123 0.953116209 0.916849341 0.969341895 0.983513676 1.036997481 1.039524039 0.378914273 0.373876877 0.413461447 0.593701809 0.337252963 0.000000000 0.113898951 0.148817815 1.443326765 
20     0.923975638 0.838504492 0.841650996 0.828206901 0.842445179 1.116692831 0.826516075 0.945858152 0.955810747 1.138358633 1.139664096 0.805168011 0.760682367 0.747639636 0.754104422 0.820295788 0.672939101 0.712383742 0.759725281 0.790985252 0.992269764 0.992863784 0.717469670 0.725716701 0.677194727 0.689515534 0.822526645 0.739809865 0.733433999 0.738457759 0.747120944 0.674958083 0.938886070 1.069572783 1.200530236 0.834056266 0.935220352 0.898953484 0.951446038 0.965617819 1.019101624 1.021628182 0.360930564 0.355893168 0.395477738 0.575499297 0.318799648 0.113898951 0.000000000 0.132349976 1.425430908 
18     0.929550453 0.844079307 0.847225811 0.833781716 0.848019994 1.122267646 0.832090890 0.951432967 0.961385562 1.143933448 1.145238911 0.810742826 0.766257182 0.753214450 0.759679237 0.825870603 0.678513916 0.717958557 0.765300096 0.796560067 0.997844579 0.998438599 0.723044485 0.731291516 0.682769542 0.695090349 0.828101460 0.745384680 0.739008814 0.744032574 0.752695759 0.680532898 0.944460885 1.075147598 1.206105051 0.839631081 0.940795167 0.904528299 0.957020853 0.971192634 1.024676439 1.027202997 0.366286390 0.361248994 0.400833564 0.581080176 0.324486911 0.148817815 0.132349976 0.000000000 1.431005722 
0     1.446778115 1.361310873 1.364457376 1.351047820 1.365286099 1.639878336 1.350969891 1.468279712 1.478232307 1.661000137 1.662305600 1.329970423 1.321300339 1.308257607 1.314774642 1.380966007 1.233609320 1.273053961 1.316396083 1.347656053 1.548380417 1.548974437 1.273282151 1.281529182 1.232958772 1.245279579 1.378290690 1.295573910 1.289198044 1.294269350 1.302884989 1.231025104 1.622597776 1.753290574 1.883840511 1.517462022 1.619105646 1.582607299 1.635554176 1.649871326 1.703370046 1.705896604 1.412368382 1.406781438 1.446389009 1.624924348 1.502812332 1.443326765 1.425430908 1.431005722 0.000000000 
