51
2     0.000000000 0.000301770 0.000068410 0.001369150 0.001854140 0.002445900 0.002332610 0.002206900 0.002385500 0.002382290 0.002303790 0.002337000 0.002005560 0.002078780 0.002037230 0.001978130 0.002005870 0.001897200 0.001983940 0.001915060 0.001925800 0.001964920 0.001990910 0.002428300 0.001937330 0.001916260 0.001886770 0.002076330 0.002043720 0.002032820 0.002177310 0.002072790 0.002403710 0.002355710 0.001999810 0.001891510 0.001922080 0.001895930 0.001860240 0.001899290 0.001994240 0.001827670 0.002074670 0.001919500 0.002177680 0.002104800 0.002282690 0.002179120 0.002198040 0.002248620 0.002437690 
4     0.000301770 0.000000000 0.000030360 0.001375910 0.001816940 0.002452660 0.002339370 0.002213660 0.002392260 0.002389050 0.002310550 0.002343760 0.002012320 0.002085540 0.002043990 0.001984890 0.002012630 0.001903960 0.001990700 0.001921820 0.001932560 0.001971680 0.001997670 0.002435060 0.001944090 0.001923020 0.001893530 0.002083090 0.002050480 0.002039580 0.002184070 0.002079550 0.002410470 0.002362470 0.002006570 0.001898270 0.001928840 0.001902690 0.001867000 0.001906050 0.002001000 0.001834430 0.002081430 0.001926260 0.002184440 0.002111560 0.002289450 0.002185880 0.002204800 0.002255380 0.002444450 
3     0.000068410 0.000030360 0.000000000 0.001381450 0.001781930 0.002458200 0.002344910 0.002219200 0.002397800 0.002394590 0.002316090 0.002349300 0.002017860 0.002091080 0.002049530 0.001990430 0.002018170 0.001909500 0.001996240 0.001927360 0.001938100 0.001977220 0.002003210 0.002440600 0.001949630 0.001928560 0.001899070 0.002088630 0.002056020 0.002045120 0.002189610 0.002085090 0.002416010 0.002368010 0.002012110 0.001903810 0.001934380 0.001908230 0.001872540 0.001911590 0.002006540 0.001839970 0.002086970 0.001931800 0.002189980 0.002117100 0.002294990 0.002191420 0.002210340 0.002260920 0.002449990 
1     0.001369150 0.001375910 0.001381450 0.000000000 0.000281630 0.002504570 0.002391280 0.002265570 0.002444170 0.002440960 0.002362460 0.002395670 0.002064230 0.002137450 0.002095900 0.002036800 0.002064540 0.001955870 0.002042610 0.001973730 0.001984470 0.002023590 0.002049580 0.002486970 0.001996000 0.001974930 0.001945440 0.002135000 0.002102390 0.002091490 0.002235980 0.002131460 0.002462380 0.002414380 0.002058480 0.001950180 0.001980750 0.001954600 0.001918910 0.001957960 0.002052910 0.001886340 0.002133340 0.001978170 0.002236350 0.002163470 0.002341360 0.002237790 0.002256710 0.002307290 0.002496360 
5     0.001854140 0.001816940 0.001781930 0.000281630 0.000000000 0.002040540 0.001927250 0.001801540 0.001980140 0.001976930 0.001898430 0.001931640 0.001600200 0.001673420 0.001631870 0.001572770 0.001600510 0.001491840 0.001578580 0.001509700 0.001520440 0.001559560 0.001585550 0.002022940 0.001531970 0.001510900 0.001481410 0.001670970 0.001638360 0.001627460 0.001771950 0.001667430 0.001998350 0.001950350 0.001594450 0.001486150 0.001516720 0.001490570 0.001454880 0.001493930 0.001588880 0.001422310 0.001669310 0.001514140 0.001772320 0.001699440 0.001877330 0.001773760 0.001792680 0.001843260 0.002080130 
13     0.002445900 0.002452660 0.002458200 0.002504570 0.002040540 0.000000000 0.000165930 0.000221390 0.000620980 0.000880790 0.001953870 0.001987080 0.001655640 0.001728860 0.001687310 0.001628210 0.001655950 0.001547280 0.001634020 0.001565140 0.001575880 0.001615000 0.001640990 0.002078380 0.001587410 0.001566340 0.001536850 0.001726410 0.001737500 0.001726600 0.001871090 0.001766570 0.002193770 0.002145770 0.001693590 0.001681570 0.001712140 0.001685990 0.001650300 0.001689350 0.001784300 0.001617730 0.001864730 0.001709560 0.001871460 0.001798580 0.001976470 0.001872900 0.001891820 0.001942400 0.002259990 
27     0.002332610 0.002339370 0.002344910 0.002391280 0.001927250 0.000165930 0.000000000 0.000181340 0.000507690 0.000767500 0.001840580 0.001873790 0.001542350 0.001615570 0.001574020 0.001514920 0.001542660 0.001433990 0.001520730 0.001451850 0.001462590 0.001501710 0.001527700 0.001965090 0.001474120 0.001453050 0.001423560 0.001613120 0.001624210 0.001613310 0.001757800 0.001653280 0.002080480 0.002032480 0.001580300 0.001568280 0.001598850 0.001572700 0.001537010 0.001576060 0.001671010 0.001504440 0.001751440 0.001596270 0.001758170 0.001685290 0.001863180 0.001759610 0.001778530 0.001829110 0.002223300 
14     0.002206900 0.002213660 0.002219200 0.002265570 0.001801540 0.000221390 0.000181340 0.000000000 0.000381980 0.000641790 0.001714870 0.001748080 0.001416640 0.001489860 0.001448310 0.001389210 0.001416950 0.001308280 0.001395020 0.001326140 0.001336880 0.001376000 0.001401990 0.001839380 0.001348410 0.001327340 0.001297850 0.001487410 0.001498500 0.001487600 0.001632090 0.001527570 0.001954770 0.001906770 0.001454590 0.001442570 0.001473140 0.001446990 0.001411300 0.001450350 0.001545300 0.001378730 0.001625730 0.001470560 0.001632460 0.001559580 0.001737470 0.001633900 0.001652820 0.001703400 0.002097590 
36     0.002385500 0.002392260 0.002397800 0.002444170 0.001980140 0.000620980 0.000507690 0.000381980 0.000000000 0.000820390 0.001893470 0.001926680 0.001595240 0.001668460 0.001626910 0.001567810 0.001595550 0.001486880 0.001573620 0.001504740 0.001515480 0.001554600 0.001580590 0.002017980 0.001527010 0.001505940 0.001476450 0.001666010 0.001677100 0.001666200 0.001810690 0.001706170 0.002133370 0.002085370 0.001633190 0.001621170 0.001651740 0.001625590 0.001589900 0.001628950 0.001723900 0.001557330 0.001804330 0.001649160 0.001811060 0.001738180 0.001916070 0.001812500 0.001831420 0.001882000 0.002276190 
30     0.002382290 0.002389050 0.002394590 0.002440960 0.001976930 0.000880790 0.000767500 0.000641790 0.000820390 0.000000000 0.001890260 0.001923470 0.001592030 0.001665250 0.001623700 0.001564600 0.001592340 0.001483670 0.001570410 0.001501530 0.001512270 0.001551390 0.001577380 0.002014770 0.001523800 0.001502730 0.001473240 0.001662800 0.001673890 0.001662990 0.001807480 0.001702960 0.002130160 0.002082160 0.001629980 0.001617960 0.001648530 0.001622380 0.001586690 0.001625740 0.001720690 0.001554120 0.001801120 0.001645950 0.001807850 0.001734970 0.001912860 0.001809290 0.001828210 0.001878790 0.002272980 
22     0.002303790 0.002310550 0.002316090 0.002362460 0.001898430 0.001953870 0.001840580 0.001714870 0.001893470 0.001890260 0.000000000 0.000126850 0.001325550 0.001398770 0.001357220 0.001298120 0.001325860 0.001217190 0.001303930 0.001235050 0.001245790 0.001284910 0.001310900 0.001748290 0.001118120 0.001097050 0.001067560 0.001257120 0.001595390 0.001584490 0.001728980 0.001624460 0.002051660 0.002003660 0.001551480 0.001539460 0.001570030 0.001543880 0.001508190 0.001547240 0.001642190 0.001475620 0.001722620 0.001567450 0.001729350 0.001656470 0.001834360 0.001730790 0.001749710 0.001800290 0.002194480 
40     0.002337000 0.002343760 0.002349300 0.002395670 0.001931640 0.001987080 0.001873790 0.001748080 0.001926680 0.001923470 0.000126850 0.000000000 0.001358760 0.001431980 0.001390430 0.001331330 0.001359070 0.001250400 0.001337140 0.001268260 0.001279000 0.001318120 0.001344110 0.001781500 0.001151330 0.001130260 0.001100770 0.001290330 0.001628600 0.001617700 0.001762190 0.001657670 0.002084870 0.002036870 0.001584690 0.001572670 0.001603240 0.001577090 0.001541400 0.001580450 0.001675400 0.001508830 0.001755830 0.001600660 0.001762560 0.001689680 0.001867570 0.001764000 0.001782920 0.001833500 0.002227690 
25     0.002005560 0.002012320 0.002017860 0.002064230 0.001600200 0.001655640 0.001542350 0.001416640 0.001595240 0.001592030 0.001325550 0.001358760 0.000000000 0.000318200 0.000276650 0.000004700 0.000000010 0.000615160 0.000701900 0.000633020 0.000643760 0.000682880 0.000708870 0.001146260 0.000959090 0.000938020 0.000908530 0.001098090 0.001297160 0.001286260 0.001430750 0.001326230 0.001753430 0.001705430 0.001253250 0.001241230 0.001271800 0.001245650 0.001209960 0.001249010 0.001343960 0.001177390 0.001424390 0.001269220 0.001431120 0.001358240 0.001536130 0.001432560 0.001451480 0.001502060 0.001896250 
9     0.002078780 0.002085540 0.002091080 0.002137450 0.001673420 0.001728860 0.001615570 0.001489860 0.001668460 0.001665250 0.001398770 0.001431980 0.000318200 0.000000000 0.000316870 0.000569770 0.000554930 0.000688380 0.000775120 0.000706240 0.000716980 0.000756100 0.000782090 0.001219480 0.001032310 0.001011240 0.000981750 0.001171310 0.001370380 0.001359480 0.001503970 0.001399450 0.001826650 0.001778650 0.001326470 0.001314450 0.001345020 0.001318870 0.001283180 0.001322230 0.001417180 0.001250610 0.001497610 0.001342440 0.001504340 0.001431460 0.001609350 0.001505780 0.001524700 0.001575280 0.001969470 
8     0.002037230 0.002043990 0.002049530 0.002095900 0.001631870 0.001687310 0.001574020 0.001448310 0.001626910 0.001623700 0.001357220 0.001390430 0.000276650 0.000316870 0.000000000 0.000469340 0.000454500 0.000646830 0.000733570 0.000664690 0.000675430 0.000714550 0.000740540 0.001177930 0.000990760 0.000969690 0.000940200 0.001105220 0.001328830 0.001317930 0.001462420 0.001357900 0.001785100 0.001737100 0.001284920 0.001272900 0.001303470 0.001277320 0.001241630 0.001280680 0.001375630 0.001209060 0.001456060 0.001300890 0.001462790 0.001389910 0.001567800 0.001464230 0.001483150 0.001533730 0.001927920 
24     0.001978130 0.001984890 0.001990430 0.002036800 0.001572770 0.001628210 0.001514920 0.001389210 0.001567810 0.001564600 0.001298120 0.001331330 0.000004700 0.000569770 0.000469340 0.000000000 0.000004690 0.000587730 0.000674470 0.000605590 0.000616330 0.000655450 0.000681440 0.001118830 0.000398370 0.000910590 0.000881100 0.001070660 0.001269730 0.001258830 0.001403320 0.001298800 0.001726000 0.001678000 0.001225820 0.001213800 0.001244370 0.001218220 0.001182530 0.001221580 0.001316530 0.001149960 0.001396960 0.001241790 0.001403690 0.001330810 0.001508700 0.001405130 0.001424050 0.001474630 0.001868820 
32     0.002005870 0.002012630 0.002018170 0.002064540 0.001600510 0.001655950 0.001542660 0.001416950 0.001595550 0.001592340 0.001325860 0.001359070 0.000000010 0.000554930 0.000454500 0.000004690 0.000000000 0.000615470 0.000097600 0.000633330 0.000644070 0.000683190 0.000709180 0.001146570 0.000959400 0.000938330 0.000908840 0.001098400 0.001297470 0.001286570 0.001431060 0.001326540 0.001753740 0.001705740 0.001253560 0.001241540 0.001272110 0.001245960 0.001210270 0.001249320 0.001344270 0.001177700 0.001424700 0.001269530 0.001431430 0.001358550 0.001536440 0.001432870 0.001451790 0.001502370 0.001896560 
6     0.001897200 0.001903960 0.001909500 0.001955870 0.001491840 0.001547280 0.001433990 0.001308280 0.001486880 0.001483670 0.001217190 0.001250400 0.000615160 0.000688380 0.000646830 0.000587730 0.000615470 0.000000000 0.000217400 0.000068830 0.000007800 0.000425960 0.000451950 0.001015400 0.000850730 0.000829660 0.000800170 0.000989730 0.001188800 0.001177900 0.001322390 0.001217870 0.001645070 0.001597070 0.001144890 0.001132870 0.001163440 0.001137290 0.001101600 0.001140650 0.001235600 0.001069030 0.001316030 0.001160860 0.001322760 0.001249880 0.001427770 0.001324200 0.001343120 0.001393700 0.001787890 
41     0.001983940 0.001990700 0.001996240 0.002042610 0.001578580 0.001634020 0.001520730 0.001395020 0.001573620 0.001570410 0.001303930 0.001337140 0.000701900 0.000775120 0.000733570 0.000674470 0.000097600 0.000217400 0.000000000 0.000588900 0.000599640 0.000512700 0.000538690 0.001102140 0.000937470 0.000916400 0.000886910 0.001076470 0.001275540 0.001264640 0.001409130 0.001304610 0.001731810 0.001683810 0.001231630 0.001219610 0.001250180 0.001224030 0.001188340 0.001227390 0.001322340 0.001155770 0.001402770 0.001247600 0.001409500 0.001336620 0.001514510 0.001410940 0.001429860 0.001480440 0.001874630 
11     0.001915060 0.001921820 0.001927360 0.001973730 0.001509700 0.001565140 0.001451850 0.001326140 0.001504740 0.001501530 0.001235050 0.001268260 0.000633020 0.000706240 0.000664690 0.000605590 0.000633330 0.000068830 0.000588900 0.000000000 0.000063610 0.000569880 0.000595870 0.000871660 0.000868590 0.000847520 0.000818030 0.001007590 0.001206660 0.001195760 0.001052680 0.001235730 0.001662930 0.001614930 0.001162750 0.001150730 0.001181300 0.001155150 0.001119460 0.001158510 0.001253460 0.001086890 0.001333890 0.001178720 0.001340620 0.001267740 0.001445630 0.001342060 0.001360980 0.001411560 0.001805750 
7     0.001925800 0.001932560 0.001938100 0.001984470 0.001520440 0.001575880 0.001462590 0.001336880 0.001515480 0.001512270 0.001245790 0.001279000 0.000643760 0.000716980 0.000675430 0.000616330 0.000644070 0.000007800 0.000599640 0.000063610 0.000000000 0.000580620 0.000606610 0.000882400 0.000879330 0.000858260 0.000828770 0.001018330 0.001217400 0.001206500 0.001350990 0.001246470 0.001673670 0.001625670 0.001173490 0.001161470 0.001192040 0.001165890 0.001130200 0.001169250 0.001264200 0.001097630 0.001344630 0.001189460 0.001351360 0.001278480 0.001456370 0.001352800 0.001371720 0.001422300 0.001816490 
37     0.001964920 0.001971680 0.001977220 0.002023590 0.001559560 0.001615000 0.001501710 0.001376000 0.001554600 0.001551390 0.001284910 0.001318120 0.000682880 0.000756100 0.000714550 0.000655450 0.000683190 0.000425960 0.000512700 0.000569880 0.000580620 0.000000000 0.000003550 0.001083120 0.000918450 0.000897380 0.000867890 0.001057450 0.001256520 0.001245620 0.001390110 0.001285590 0.001712790 0.001664790 0.001212610 0.001200590 0.001231160 0.001205010 0.001169320 0.001208370 0.001303320 0.001136750 0.001383750 0.001228580 0.001390480 0.001317600 0.001495490 0.001391920 0.001410840 0.001461420 0.001855610 
39     0.001990910 0.001997670 0.002003210 0.002049580 0.001585550 0.001640990 0.001527700 0.001401990 0.001580590 0.001577380 0.001310900 0.001344110 0.000708870 0.000782090 0.000740540 0.000681440 0.000709180 0.000451950 0.000538690 0.000595870 0.000606610 0.000003550 0.000000000 0.001064620 0.000944440 0.000923370 0.000893880 0.001083440 0.001282510 0.001271610 0.001416100 0.001311580 0.001738780 0.001690780 0.001238600 0.001226580 0.001257150 0.001231000 0.001195310 0.001234360 0.001329310 0.001162740 0.001409740 0.001254570 0.001416470 0.001343590 0.001521480 0.001417910 0.001436830 0.001487410 0.001881600 
23     0.002428300 0.002435060 0.002440600 0.002486970 0.002022940 0.002078380 0.001965090 0.001839380 0.002017980 0.002014770 0.001748290 0.001781500 0.001146260 0.001219480 0.001177930 0.001118830 0.001146570 0.001015400 0.001102140 0.000871660 0.000882400 0.001083120 0.001064620 0.000000000 0.001381830 0.001360760 0.001331270 0.001520830 0.001719900 0.001709000 0.001853490 0.001748970 0.002176170 0.002128170 0.001675990 0.001663970 0.001694540 0.001668390 0.001632700 0.001671750 0.001766700 0.001600130 0.001847130 0.001691960 0.001853860 0.001780980 0.001958870 0.001855300 0.001874220 0.001924800 0.002318990 
28     0.001937330 0.001944090 0.001949630 0.001996000 0.001531970 0.001587410 0.001474120 0.001348410 0.001527010 0.001523800 0.001118120 0.001151330 0.000959090 0.001032310 0.000990760 0.000398370 0.000959400 0.000850730 0.000937470 0.000868590 0.000879330 0.000918450 0.000944440 0.001381830 0.000000000 0.000015740 0.000472410 0.000632140 0.001228930 0.001218030 0.001362520 0.001258000 0.001685200 0.001637200 0.001185020 0.001173000 0.001203570 0.001177420 0.001141730 0.001180780 0.001275730 0.001109160 0.001356160 0.001200990 0.001362890 0.001290010 0.001467900 0.001364330 0.001383250 0.001433830 0.001828020 
31     0.001916260 0.001923020 0.001928560 0.001974930 0.001510900 0.001566340 0.001453050 0.001327340 0.001505940 0.001502730 0.001097050 0.001130260 0.000938020 0.001011240 0.000969690 0.000910590 0.000938330 0.000829660 0.000916400 0.000847520 0.000858260 0.000897380 0.000923370 0.001360760 0.000015740 0.000000000 0.000453230 0.000017140 0.001207860 0.001196960 0.001341450 0.001236930 0.001664130 0.001616130 0.001163950 0.001151930 0.001182500 0.001156350 0.001120660 0.001159710 0.001254660 0.001088090 0.001335090 0.001179920 0.001341820 0.001268940 0.001446830 0.001343260 0.001362180 0.001412760 0.001806950 
43     0.001886770 0.001893530 0.001899070 0.001945440 0.001481410 0.001536850 0.001423560 0.001297850 0.001476450 0.001473240 0.001067560 0.001100770 0.000908530 0.000981750 0.000940200 0.000881100 0.000908840 0.000800170 0.000886910 0.000818030 0.000828770 0.000867890 0.000893880 0.001331270 0.000472410 0.000453230 0.000000000 0.000613300 0.001178370 0.001167470 0.001311960 0.001207440 0.001634640 0.001586640 0.001134460 0.001122440 0.001153010 0.001126860 0.001091170 0.001130220 0.001225170 0.001058600 0.001305600 0.001150430 0.001312330 0.001239450 0.001417340 0.001313770 0.001332690 0.001383270 0.001777460 
45     0.002076330 0.002083090 0.002088630 0.002135000 0.001670970 0.001726410 0.001613120 0.001487410 0.001666010 0.001662800 0.001257120 0.001290330 0.001098090 0.001171310 0.001105220 0.001070660 0.001098400 0.000989730 0.001076470 0.001007590 0.001018330 0.001057450 0.001083440 0.001520830 0.000632140 0.000017140 0.000613300 0.000000000 0.001367930 0.001357030 0.001501520 0.001397000 0.001824200 0.001776200 0.001324020 0.001312000 0.001342570 0.001316420 0.001280730 0.001319780 0.001414730 0.001248160 0.001495160 0.001339990 0.001501890 0.001429010 0.001606900 0.001503330 0.001522250 0.001572830 0.001967020 
12     0.002043720 0.002050480 0.002056020 0.002102390 0.001638360 0.001737500 0.001624210 0.001498500 0.001677100 0.001673890 0.001595390 0.001628600 0.001297160 0.001370380 0.001328830 0.001269730 0.001297470 0.001188800 0.001275540 0.001206660 0.001217400 0.001256520 0.001282510 0.001719900 0.001228930 0.001207860 0.001178370 0.001367930 0.000000000 0.000073040 0.001091630 0.000987110 0.001645340 0.001741750 0.000423920 0.000423130 0.000707870 0.000866440 0.001062740 0.000661190 0.001047770 0.001169290 0.001306330 0.001110010 0.001239030 0.001251420 0.001429310 0.001325740 0.001344660 0.001395240 0.001934410 
19     0.002032820 0.002039580 0.002045120 0.002091490 0.001627460 0.001726600 0.001613310 0.001487600 0.001666200 0.001662990 0.001584490 0.001617700 0.001286260 0.001359480 0.001317930 0.001258830 0.001286570 0.001177900 0.001264640 0.001195760 0.001206500 0.001245620 0.001271610 0.001709000 0.001218030 0.001196960 0.001167470 0.001357030 0.000073040 0.000000000 0.001080730 0.000976210 0.001630160 0.001726570 0.000516720 0.000515930 0.000800670 0.000959240 0.001047560 0.000753990 0.001032590 0.001154110 0.000916350 0.000717010 0.001313400 0.001240520 0.001418410 0.001314840 0.001333760 0.001384340 0.001923510 
47     0.002177310 0.002184070 0.002189610 0.002235980 0.001771950 0.001871090 0.001757800 0.001632090 0.001810690 0.001807480 0.001728980 0.001762190 0.001430750 0.001503970 0.001462420 0.001403320 0.001431060 0.001322390 0.001409130 0.001052680 0.001350990 0.001390110 0.001416100 0.001853490 0.001362520 0.001341450 0.001311960 0.001501520 0.001091630 0.001080730 0.000000000 0.001032980 0.001925180 0.001877180 0.001047720 0.001253070 0.001443550 0.001417400 0.001381710 0.001420760 0.001404740 0.001349140 0.001596140 0.001171320 0.001457890 0.001385010 0.001562900 0.001459330 0.001478250 0.001528830 0.002068000 
50     0.002072790 0.002079550 0.002085090 0.002131460 0.001667430 0.001766570 0.001653280 0.001527570 0.001706170 0.001702960 0.001624460 0.001657670 0.001326230 0.001399450 0.001357900 0.001298800 0.001326540 0.001217870 0.001304610 0.001235730 0.001246470 0.001285590 0.001311580 0.001748970 0.001258000 0.001236930 0.001207440 0.001397000 0.000987110 0.000976210 0.001032980 0.000000000 0.001820660 0.001772660 0.000943200 0.001272420 0.001339030 0.001312880 0.001277190 0.001316240 0.001411190 0.001244620 0.001491620 0.001190670 0.001353370 0.001280490 0.001458380 0.001354810 0.001373730 0.001424310 0.001963480 
15     0.002403710 0.002410470 0.002416010 0.002462380 0.001998350 0.002193770 0.002080480 0.001954770 0.002133370 0.002130160 0.002051660 0.002084870 0.001753430 0.001826650 0.001785100 0.001726000 0.001753740 0.001645070 0.001731810 0.001662930 0.001673670 0.001712790 0.001738780 0.002176170 0.001685200 0.001664130 0.001634640 0.001824200 0.001645340 0.001630160 0.001925180 0.001820660 0.000000000 0.000244460 0.001747680 0.001010080 0.001040650 0.001014500 0.000978810 0.001017860 0.001112810 0.000964360 0.001211360 0.001245550 0.001925550 0.001852670 0.002030560 0.001926990 0.001945910 0.001996490 0.002294400 
17     0.002355710 0.002362470 0.002368010 0.002414380 0.001950350 0.002145770 0.002032480 0.001906770 0.002085370 0.002082160 0.002003660 0.002036870 0.001705430 0.001778650 0.001737100 0.001678000 0.001705740 0.001597070 0.001683810 0.001614930 0.001625670 0.001664790 0.001690780 0.002128170 0.001637200 0.001616130 0.001586640 0.001776200 0.001741750 0.001726570 0.001877180 0.001772660 0.000244460 0.000000000 0.001699680 0.000962080 0.000992650 0.000966500 0.000930810 0.000969860 0.001064810 0.000916360 0.001163360 0.001197550 0.001877550 0.001804670 0.001982560 0.001878990 0.001897910 0.001948490 0.002246400 
49     0.001999810 0.002006570 0.002012110 0.002058480 0.001594450 0.001693590 0.001580300 0.001454590 0.001633190 0.001629980 0.001551480 0.001584690 0.001253250 0.001326470 0.001284920 0.001225820 0.001253560 0.001144890 0.001231630 0.001162750 0.001173490 0.001212610 0.001238600 0.001675990 0.001185020 0.001163950 0.001134460 0.001324020 0.000423920 0.000516720 0.001047720 0.000943200 0.001747680 0.001699680 0.000000000 0.000000970 0.000285710 0.000444280 0.001204210 0.000239030 0.001318690 0.001171640 0.001418640 0.001263470 0.001280390 0.001207510 0.001385400 0.001281830 0.001300750 0.001351330 0.001890500 
29     0.001891510 0.001898270 0.001903810 0.001950180 0.001486150 0.001681570 0.001568280 0.001442570 0.001621170 0.001617960 0.001539460 0.001572670 0.001241230 0.001314450 0.001272900 0.001213800 0.001241540 0.001132870 0.001219610 0.001150730 0.001161470 0.001200590 0.001226580 0.001663970 0.001173000 0.001151930 0.001122440 0.001312000 0.000423130 0.000515930 0.001253070 0.001272420 0.001010080 0.000962080 0.000000970 0.000000000 0.000284740 0.000361200 0.000325510 0.000238060 0.000459510 0.000452160 0.000699160 0.000714290 0.001413350 0.001244810 0.001518360 0.001414790 0.001303790 0.001264000 0.001782200 
34     0.001922080 0.001928840 0.001934380 0.001980750 0.001516720 0.001712140 0.001598850 0.001473140 0.001651740 0.001648530 0.001570030 0.001603240 0.001271800 0.001345020 0.001303470 0.001244370 0.001272110 0.001163440 0.001250180 0.001181300 0.001192040 0.001231160 0.001257150 0.001694540 0.001203570 0.001182500 0.001153010 0.001342570 0.000707870 0.000800670 0.001443550 0.001339030 0.001040650 0.000992650 0.000285710 0.000284740 0.000000000 0.000161250 0.000205270 0.000142880 0.000331530 0.000482730 0.000729730 0.000763920 0.000367910 0.001371040 0.001548930 0.001445360 0.001464280 0.001463270 0.001812770 
21     0.001895930 0.001902690 0.001908230 0.001954600 0.001490570 0.001685990 0.001572700 0.001446990 0.001625590 0.001622380 0.001543880 0.001577090 0.001245650 0.001318870 0.001277320 0.001218220 0.001245960 0.001137290 0.001224030 0.001155150 0.001165890 0.001205010 0.001231000 0.001668390 0.001177420 0.001156350 0.001126860 0.001316420 0.000866440 0.000959240 0.001417400 0.001312880 0.001014500 0.000966500 0.000444280 0.000361200 0.000161250 0.000000000 0.000100970 0.000247220 0.000311690 0.000456580 0.000703580 0.000737770 0.000740890 0.001344890 0.001522780 0.001419210 0.001438130 0.001485280 0.001786620 
26     0.001860240 0.001867000 0.001872540 0.001918910 0.001454880 0.001650300 0.001537010 0.001411300 0.001589900 0.001586690 0.001508190 0.001541400 0.001209960 0.001283180 0.001241630 0.001182530 0.001210270 0.001101600 0.001188340 0.001119460 0.001130200 0.001169320 0.001195310 0.001632700 0.001141730 0.001120660 0.001091170 0.001280730 0.001062740 0.001047560 0.001381710 0.001277190 0.000978810 0.000930810 0.001204210 0.000325510 0.000205270 0.000100970 0.000000000 0.000211530 0.000276000 0.000420890 0.000667890 0.000702080 0.000446120 0.001309200 0.001487090 0.001383520 0.001402440 0.001430640 0.001750930 
46     0.001899290 0.001906050 0.001911590 0.001957960 0.001493930 0.001689350 0.001576060 0.001450350 0.001628950 0.001625740 0.001547240 0.001580450 0.001249010 0.001322230 0.001280680 0.001221580 0.001249320 0.001140650 0.001227390 0.001158510 0.001169250 0.001208370 0.001234360 0.001671750 0.001180780 0.001159710 0.001130220 0.001319780 0.000661190 0.000753990 0.001420760 0.001316240 0.001017860 0.000969860 0.000239030 0.000238060 0.000142880 0.000247220 0.000211530 0.000000000 0.000313220 0.000459940 0.000706940 0.000741130 0.001366480 0.001348250 0.001526140 0.001422570 0.001441490 0.001479560 0.001789980 
20     0.001994240 0.002001000 0.002006540 0.002052910 0.001588880 0.001784300 0.001671010 0.001545300 0.001723900 0.001720690 0.001642190 0.001675400 0.001343960 0.001417180 0.001375630 0.001316530 0.001344270 0.001235600 0.001322340 0.001253460 0.001264200 0.001303320 0.001329310 0.001766700 0.001275730 0.001254660 0.001225170 0.001414730 0.001047770 0.001032590 0.001404740 0.001411190 0.001112810 0.001064810 0.001318690 0.000459510 0.000331530 0.000311690 0.000276000 0.000313220 0.000000000 0.000554890 0.000801890 0.000836080 0.001516080 0.001396480 0.001621090 0.001517520 0.001472650 0.001415670 0.001884930 
16     0.001827670 0.001834430 0.001839970 0.001886340 0.001422310 0.001617730 0.001504440 0.001378730 0.001557330 0.001554120 0.001475620 0.001508830 0.001177390 0.001250610 0.001209060 0.001149960 0.001177700 0.001069030 0.001155770 0.001086890 0.001097630 0.001136750 0.001162740 0.001600130 0.001109160 0.001088090 0.001058600 0.001248160 0.001169290 0.001154110 0.001349140 0.001244620 0.000964360 0.000916360 0.001171640 0.000452160 0.000482730 0.000456580 0.000420890 0.000459940 0.000554890 0.000000000 0.000415860 0.000669510 0.001349510 0.001276630 0.001454520 0.001350950 0.001369870 0.001420450 0.001718360 
44     0.002074670 0.002081430 0.002086970 0.002133340 0.001669310 0.001864730 0.001751440 0.001625730 0.001804330 0.001801120 0.001722620 0.001755830 0.001424390 0.001497610 0.001456060 0.001396960 0.001424700 0.001316030 0.001402770 0.001333890 0.001344630 0.001383750 0.001409740 0.001847130 0.001356160 0.001335090 0.001305600 0.001495160 0.001306330 0.000916350 0.001596140 0.001491620 0.001211360 0.001163360 0.001418640 0.000699160 0.000729730 0.000703580 0.000667890 0.000706940 0.000801890 0.000415860 0.000000000 0.000916510 0.001596510 0.001523630 0.001701520 0.001597950 0.001616870 0.001666310 0.001965360 
48     0.001919500 0.001926260 0.001931800 0.001978170 0.001514140 0.001709560 0.001596270 0.001470560 0.001649160 0.001645950 0.001567450 0.001600660 0.001269220 0.001342440 0.001300890 0.001241790 0.001269530 0.001160860 0.001247600 0.001178720 0.001189460 0.001228580 0.001254570 0.001691960 0.001200990 0.001179920 0.001150430 0.001339990 0.001110010 0.000717010 0.001171320 0.001190670 0.001245550 0.001197550 0.001263470 0.000714290 0.000763920 0.000737770 0.000702080 0.000741130 0.000836080 0.000669510 0.000916510 0.000000000 0.001400960 0.001192240 0.001546350 0.001442780 0.000680580 0.001211430 0.001810190 
35     0.002177680 0.002184440 0.002189980 0.002236350 0.001772320 0.001871460 0.001758170 0.001632460 0.001811060 0.001807850 0.001729350 0.001762560 0.001431120 0.001504340 0.001462790 0.001403690 0.001431430 0.001322760 0.001409500 0.001340620 0.001351360 0.001390480 0.001416470 0.001853860 0.001362890 0.001341820 0.001312330 0.001501890 0.001239030 0.001313400 0.001457890 0.001353370 0.001925550 0.001877550 0.001280390 0.001413350 0.000367910 0.000740890 0.000446120 0.001366480 0.001516080 0.001349510 0.001596510 0.001400960 0.000000000 0.000266560 0.001132570 0.001029000 0.001059880 0.001110460 0.002068370 
10     0.002104800 0.002111560 0.002117100 0.002163470 0.001699440 0.001798580 0.001685290 0.001559580 0.001738180 0.001734970 0.001656470 0.001689680 0.001358240 0.001431460 0.001389910 0.001330810 0.001358550 0.001249880 0.001336620 0.001267740 0.001278480 0.001317600 0.001343590 0.001780980 0.001290010 0.001268940 0.001239450 0.001429010 0.001251420 0.001240520 0.001385010 0.001280490 0.001852670 0.001804670 0.001207510 0.001244810 0.001371040 0.001344890 0.001309200 0.001348250 0.001396480 0.001276630 0.001523630 0.001192240 0.000266560 0.000000000 0.000969410 0.000968080 0.000736760 0.000787340 0.001995490 
33     0.002282690 0.002289450 0.002294990 0.002341360 0.001877330 0.001976470 0.001863180 0.001737470 0.001916070 0.001912860 0.001834360 0.001867570 0.001536130 0.001609350 0.001567800 0.001508700 0.001536440 0.001427770 0.001514510 0.001445630 0.001456370 0.001495490 0.001521480 0.001958870 0.001467900 0.001446830 0.001417340 0.001606900 0.001429310 0.001418410 0.001562900 0.001458380 0.002030560 0.001982560 0.001385400 0.001518360 0.001548930 0.001522780 0.001487090 0.001526140 0.001621090 0.001454520 0.001701520 0.001546350 0.001132570 0.000969410 0.000000000 0.000324770 0.001164890 0.001215470 0.002173380 
18     0.002179120 0.002185880 0.002191420 0.002237790 0.001773760 0.001872900 0.001759610 0.001633900 0.001812500 0.001809290 0.001730790 0.001764000 0.001432560 0.001505780 0.001464230 0.001405130 0.001432870 0.001324200 0.001410940 0.001342060 0.001352800 0.001391920 0.001417910 0.001855300 0.001364330 0.001343260 0.001313770 0.001503330 0.001325740 0.001314840 0.001459330 0.001354810 0.001926990 0.001878990 0.001281830 0.001414790 0.001445360 0.001419210 0.001383520 0.001422570 0.001517520 0.001350950 0.001597950 0.001442780 0.001029000 0.000968080 0.000324770 0.000000000 0.001061320 0.001111900 0.002069810 
38     0.002198040 0.002204800 0.002210340 0.002256710 0.001792680 0.001891820 0.001778530 0.001652820 0.001831420 0.001828210 0.001749710 0.001782920 0.001451480 0.001524700 0.001483150 0.001424050 0.001451790 0.001343120 0.001429860 0.001360980 0.001371720 0.001410840 0.001436830 0.001874220 0.001383250 0.001362180 0.001332690 0.001522250 0.001344660 0.001333760 0.001478250 0.001373730 0.001945910 0.001897910 0.001300750 0.001303790 0.001464280 0.001438130 0.001402440 0.001441490 0.001472650 0.001369870 0.001616870 0.000680580 0.001059880 0.000736760 0.001164890 0.001061320 0.000000000 0.000192260 0.002088730 
42     0.002248620 0.002255380 0.002260920 0.002307290 0.001843260 0.001942400 0.001829110 0.001703400 0.001882000 0.001878790 0.001800290 0.001833500 0.001502060 0.001575280 0.001533730 0.001474630 0.001502370 0.001393700 0.001480440 0.001411560 0.001422300 0.001461420 0.001487410 0.001924800 0.001433830 0.001412760 0.001383270 0.001572830 0.001395240 0.001384340 0.001528830 0.001424310 0.001996490 0.001948490 0.001351330 0.001264000 0.001463270 0.001485280 0.001430640 0.001479560 0.001415670 0.001420450 0.001666310 0.001211430 0.001110460 0.000787340 0.001215470 0.001111900 0.000192260 0.000000000 0.002139310 
0     0.002437690 0.002444450 0.002449990 0.002496360 0.002080130 0.002259990 0.002223300 0.002097590 0.002276190 0.002272980 0.002194480 0.002227690 0.001896250 0.001969470 0.001927920 0.001868820 0.001896560 0.001787890 0.001874630 0.001805750 0.001816490 0.001855610 0.001881600 0.002318990 0.001828020 0.001806950 0.001777460 0.001967020 0.001934410 0.001923510 0.002068000 0.001963480 0.002294400 0.002246400 0.001890500 0.001782200 0.001812770 0.001786620 0.001750930 0.001789980 0.001884930 0.001718360 0.001965360 0.001810190 0.002068370 0.001995490 0.002173380 0.002069810 0.002088730 0.002139310 0.000000000 
