51
9     0.000000000 0.016636501 0.062136078 0.153331482 0.168908658 0.166707081 0.177933343 0.179408636 0.168634757 0.137448726 0.170406724 0.195627454 0.170850708 0.163211299 0.212373067 0.216582220 0.212725979 0.237502678 0.272246090 0.278755478 0.275242859 0.280255349 0.293310883 0.206715178 0.181729226 0.214664369 0.211770823 0.217407934 0.217678928 0.249863075 0.241844558 0.258442444 0.282382398 0.298629347 0.300459569 0.336818515 0.257577924 0.209886826 0.252499821 0.266892670 0.257808718 0.215156191 0.211622724 0.220282571 0.225451900 0.200128141 0.213554177 0.215612067 0.214093064 0.195704802 0.658292775 
1     0.016636501 0.000000000 0.061774253 0.152514159 0.168091335 0.165889758 0.177116020 0.178591313 0.167817930 0.136631992 0.169588899 0.194809630 0.170032883 0.162393474 0.211551581 0.215760734 0.211906428 0.236683128 0.271426539 0.277935928 0.274423309 0.279435798 0.292491333 0.205891531 0.180905578 0.213840722 0.210947176 0.216584287 0.216855280 0.249039428 0.241020911 0.257622530 0.281562484 0.297809433 0.299639655 0.335998601 0.256758010 0.209066912 0.251679908 0.266072756 0.256988804 0.214336277 0.210802810 0.219462658 0.224631986 0.199308227 0.212734263 0.214792153 0.213273150 0.194884889 0.657470841 
6     0.062136078 0.061774253 0.000000000 0.162332929 0.177910105 0.175708528 0.186934790 0.188410082 0.177636699 0.146450762 0.179407669 0.204628399 0.179851653 0.172212244 0.221626626 0.225835779 0.221965922 0.246742622 0.282169691 0.288670342 0.285157723 0.290170213 0.303225747 0.215951025 0.190965072 0.223888594 0.220995047 0.226632158 0.226903152 0.259087299 0.251068782 0.267660903 0.291600858 0.307847806 0.309678028 0.346036975 0.266796384 0.219105286 0.261718281 0.276111130 0.267027177 0.224374650 0.220841184 0.229501031 0.234670359 0.209346601 0.222772637 0.224830527 0.223311524 0.204923262 0.667444527 
14     0.153331482 0.152514159 0.162332929 0.000000000 0.032947138 0.030921330 0.062609264 0.075619830 0.082637534 0.051655086 0.082552156 0.107824565 0.083317910 0.075765776 0.184464157 0.188673309 0.182941139 0.207717839 0.243203068 0.249703719 0.246191100 0.251203590 0.264228407 0.174565456 0.151676231 0.183941800 0.181047638 0.186667294 0.186955743 0.219472587 0.211454070 0.231572862 0.254049685 0.270296634 0.272126856 0.308485802 0.228639820 0.180948390 0.223669618 0.238062467 0.228978514 0.186372254 0.182838788 0.191185812 0.196355140 0.171344204 0.184770241 0.186828130 0.185309128 0.166592717 0.628856287 
5     0.168908658 0.168091335 0.177910105 0.032947138 0.000000000 0.022884294 0.078261473 0.091345831 0.098309309 0.067301603 0.098068784 0.123555205 0.099012628 0.091460774 0.199913941 0.204123094 0.198390923 0.223167623 0.258652852 0.265153504 0.261640885 0.266653374 0.279700228 0.190015240 0.167126015 0.199391585 0.196497422 0.202117078 0.202405527 0.234922371 0.226903854 0.247011573 0.269492197 0.285739145 0.287569367 0.323928314 0.244064692 0.196373262 0.239094490 0.253487339 0.244403386 0.201797126 0.198263660 0.206610684 0.211780012 0.186752781 0.200186706 0.202244595 0.200725593 0.182017589 0.644370837 
7     0.166707081 0.165889758 0.175708528 0.030921330 0.022884294 0.000000000 0.076001389 0.089168733 0.096107732 0.065099950 0.095867167 0.121353588 0.096811010 0.089259157 0.197712364 0.201921516 0.196189346 0.220966046 0.256451275 0.262951927 0.259439308 0.264451797 0.277498651 0.187813663 0.164924438 0.197190008 0.194295845 0.199915501 0.200203950 0.232720794 0.224702277 0.244809996 0.267290620 0.283537568 0.285367790 0.321726736 0.241863115 0.194171685 0.236892913 0.251285761 0.242201809 0.199595549 0.196062083 0.204409107 0.209578435 0.184551204 0.197985129 0.200043018 0.198524016 0.179816012 0.642169260 
12     0.177933343 0.177116020 0.186934790 0.062609264 0.078261473 0.076001389 0.000000000 0.099917439 0.107087698 0.076120606 0.106832489 0.132247064 0.107455916 0.099904850 0.209016475 0.213225627 0.207493457 0.232270157 0.267755386 0.274256038 0.270743419 0.275755908 0.288780725 0.199117774 0.176228503 0.208493457 0.205599910 0.211205943 0.211508015 0.244024571 0.236006054 0.256123378 0.278600725 0.294847674 0.296677896 0.333036842 0.253190860 0.205499430 0.248220658 0.262613506 0.253529554 0.210923294 0.207389828 0.215751762 0.220921090 0.195895244 0.209321281 0.211379170 0.209860167 0.191143757 0.653407326 
2     0.179408636 0.178591313 0.188410082 0.075619830 0.091345831 0.089168733 0.099917439 0.000000000 0.108329175 0.077606491 0.108689061 0.133695655 0.108614387 0.101068734 0.210530779 0.214739932 0.209007761 0.233784461 0.269269690 0.275770342 0.272257723 0.277270212 0.290295029 0.200632078 0.177742853 0.210008423 0.207114260 0.212737424 0.213022365 0.245538921 0.237520404 0.257719555 0.280198670 0.296445619 0.298275841 0.334634787 0.254788805 0.207097375 0.249818603 0.264211452 0.255127499 0.212521239 0.208987773 0.217349707 0.222519035 0.197493189 0.210919226 0.212977115 0.211458113 0.192741702 0.654942604 
10     0.168634757 0.167817930 0.177636699 0.082637534 0.098309309 0.096107732 0.107087698 0.108329175 0.000000000 0.038366128 0.090961351 0.115603241 0.091659454 0.084077677 0.200074639 0.204283792 0.198551622 0.223328322 0.258827027 0.265327678 0.261815059 0.266827549 0.279830057 0.190175939 0.167286668 0.199542604 0.196648441 0.202286169 0.202556546 0.235073390 0.227054873 0.247208329 0.269697778 0.285944727 0.287774949 0.324133895 0.244289510 0.196598412 0.239319639 0.253712488 0.244628535 0.202021006 0.198487539 0.206795099 0.211964427 0.186992956 0.200418993 0.202476882 0.200957879 0.182240182 0.644500609 
3     0.137448726 0.136631992 0.146450762 0.051655086 0.067301603 0.065099950 0.076120606 0.077606491 0.038366128 0.000000000 0.060101138 0.084610013 0.060519672 0.052937584 0.168910657 0.173119810 0.167387639 0.192164339 0.227663044 0.234163696 0.230651077 0.235663566 0.248670151 0.159011956 0.136122685 0.168378621 0.165484459 0.171122186 0.171392564 0.203909408 0.195890891 0.216044346 0.238533796 0.254780744 0.256610966 0.292969913 0.213125527 0.165434429 0.208155656 0.222548505 0.213464553 0.170857024 0.167323557 0.175627171 0.180796499 0.155828974 0.169255010 0.171312900 0.169793897 0.151076199 0.613336627 
8     0.170406724 0.169588899 0.179407669 0.082552156 0.098068784 0.095867167 0.106832489 0.108689061 0.090961351 0.060101138 0.000000000 0.089094799 0.070494765 0.063029385 0.201744733 0.205953885 0.200221715 0.224998415 0.260497120 0.266997772 0.263485153 0.268497642 0.281508604 0.191846032 0.168956761 0.201222331 0.198328168 0.203965895 0.204236273 0.236745902 0.228727385 0.248923573 0.271415461 0.287662410 0.289492632 0.325851578 0.246007193 0.198316095 0.241037322 0.255430171 0.246346218 0.203738689 0.200205223 0.208609443 0.213778771 0.188710639 0.202136676 0.204194565 0.202675563 0.183957865 0.646147617 
13     0.195627454 0.194809630 0.204628399 0.107824565 0.123555205 0.121353588 0.132247064 0.133695655 0.115603241 0.084610013 0.089094799 0.000000000 0.095254247 0.087753356 0.226914548 0.231123701 0.225391531 0.250168230 0.285666935 0.292167587 0.288654968 0.293667457 0.306678420 0.217015848 0.194126577 0.226392146 0.223497984 0.229135711 0.229406089 0.261922585 0.253904068 0.274061398 0.296563615 0.312810563 0.314640786 0.350999732 0.271125775 0.223423988 0.266136019 0.280325102 0.271444915 0.228886843 0.225353376 0.233757596 0.238926925 0.213858793 0.227284829 0.229342719 0.227823716 0.209083489 0.671354302 
11     0.170850708 0.170032883 0.179851653 0.083317910 0.099012628 0.096811010 0.107455916 0.108614387 0.091659454 0.060519672 0.070494765 0.095254247 0.000000000 0.020058725 0.201962536 0.206171689 0.200438559 0.225215260 0.260712162 0.267209556 0.263700195 0.268709427 0.281721371 0.192063834 0.169174563 0.201393429 0.198499266 0.204125109 0.204436336 0.236958653 0.228940136 0.249164973 0.271656862 0.287903810 0.289734033 0.326092979 0.246248599 0.198557501 0.241278728 0.255671577 0.246587625 0.203980095 0.200446629 0.208850849 0.214020177 0.188952046 0.202378082 0.204435971 0.202916969 0.184199271 0.646468243 
4     0.163211299 0.162393474 0.172212244 0.075765776 0.091460774 0.089259157 0.099904850 0.101068734 0.084077677 0.052937584 0.063029385 0.087753356 0.020058725 0.000000000 0.194290979 0.198500132 0.192767078 0.217543777 0.253040617 0.259538011 0.256028650 0.261037882 0.274049826 0.184392279 0.161503008 0.193688835 0.190794673 0.196432400 0.196731743 0.229175666 0.221184477 0.241488424 0.263980313 0.280227261 0.282057483 0.318416430 0.238572050 0.190880952 0.233602179 0.247995028 0.238911075 0.196303546 0.192770080 0.201174300 0.206343628 0.181275496 0.194701533 0.196759422 0.195240420 0.176522722 0.638791693 
19     0.212373067 0.211551581 0.221626626 0.184464157 0.199913941 0.197712364 0.209016475 0.210530779 0.200074639 0.168910657 0.201744733 0.226914548 0.201962536 0.194290979 0.000000000 0.020300541 0.076142263 0.101011139 0.146522482 0.153092637 0.149526415 0.154534808 0.167557006 0.086624335 0.063332007 0.102268777 0.099372923 0.104980568 0.105114494 0.138777472 0.130642831 0.199664387 0.218258039 0.235128910 0.236959132 0.273318079 0.192537224 0.141925274 0.187588841 0.201981690 0.192897737 0.150501906 0.147002372 0.156007352 0.161176680 0.135508016 0.148928110 0.150985999 0.149466996 0.132788805 0.612485439 
42     0.216582220 0.215760734 0.225835779 0.188673309 0.204123094 0.201921516 0.213225627 0.214739932 0.204283792 0.173119810 0.205953885 0.231123701 0.206171689 0.198500132 0.020300541 0.000000000 0.080351415 0.105220292 0.150731634 0.157301789 0.153735567 0.158743961 0.171766159 0.090833488 0.067541160 0.106477929 0.103582076 0.109189721 0.109323646 0.142986625 0.134851984 0.203873540 0.222467192 0.239338063 0.241168285 0.277527232 0.196746377 0.146134427 0.191797994 0.206190843 0.197106890 0.154711058 0.151211525 0.160216505 0.165385833 0.139717169 0.153137262 0.155195152 0.153676149 0.136997958 0.616694592 
40     0.212725979 0.211906428 0.221965922 0.182941139 0.198390923 0.196189346 0.207493457 0.209007761 0.198551622 0.167387639 0.200221715 0.225391531 0.200438559 0.192767078 0.076142263 0.080351415 0.000000000 0.042616419 0.144949024 0.151627020 0.148060798 0.153072119 0.166124807 0.085301085 0.064218406 0.103146425 0.100250423 0.105860664 0.105963859 0.139046588 0.130908216 0.200609696 0.219410452 0.236490216 0.238320438 0.274679385 0.193348375 0.142751569 0.188418706 0.202811555 0.193727603 0.151369465 0.147869932 0.156879093 0.162048421 0.136375575 0.149795669 0.151853558 0.150334555 0.133466004 0.612485193 
17     0.237502678 0.236683128 0.246742622 0.207717839 0.223167623 0.220966046 0.232270157 0.233784461 0.223328322 0.192164339 0.224998415 0.250168230 0.225215260 0.217543777 0.101011139 0.105220292 0.042616419 0.000000000 0.168529352 0.175207348 0.171641126 0.176652447 0.189705135 0.108933029 0.087850417 0.126771340 0.123875338 0.129486088 0.129594839 0.164095981 0.155957609 0.225489318 0.244294511 0.261369838 0.263200060 0.299559006 0.218125074 0.167495836 0.213195406 0.227588255 0.218504302 0.176146164 0.172646631 0.181655792 0.186825120 0.161152275 0.174572368 0.176630258 0.175111255 0.158242703 0.636982970 
35     0.272246090 0.271426539 0.282169691 0.243203068 0.258652852 0.256451275 0.267755386 0.269269690 0.258827027 0.227663044 0.260497120 0.285666935 0.260712162 0.253040617 0.146522482 0.150731634 0.144949024 0.168529352 0.000000000 0.054372344 0.050972673 0.055936908 0.081730562 0.141985601 0.120788089 0.157543207 0.154647354 0.160258735 0.160373344 0.194328636 0.186190263 0.256501656 0.275695674 0.292528362 0.294358584 0.330717531 0.248220606 0.197755275 0.243418841 0.257811690 0.248727738 0.206348076 0.202855252 0.211860232 0.217029560 0.191360895 0.204780989 0.206838879 0.205319876 0.189994410 0.668871342 
49     0.278755478 0.277935928 0.288670342 0.249703719 0.265153504 0.262951927 0.274256038 0.275770342 0.265327678 0.234163696 0.266997772 0.292167587 0.267209556 0.259538011 0.153092637 0.157301789 0.151627020 0.175207348 0.054372344 0.000000000 0.022052582 0.030828439 0.087989653 0.148417142 0.127365481 0.164083453 0.161187600 0.166798982 0.166913591 0.200869865 0.192731493 0.263002308 0.282130202 0.298962890 0.300793112 0.337152059 0.254654429 0.204189098 0.249852665 0.264245514 0.255161561 0.212770300 0.209258638 0.218194292 0.223366332 0.197787490 0.211207584 0.213265474 0.211746471 0.196428233 0.675371993 
23     0.275242859 0.274423309 0.285157723 0.246191100 0.261640885 0.259439308 0.270743419 0.272257723 0.261815059 0.230651077 0.263485153 0.288654968 0.263700195 0.256028650 0.149526415 0.153735567 0.148060798 0.171641126 0.050972673 0.022052582 0.000000000 0.027654911 0.084882434 0.144900850 0.123852512 0.160530343 0.157634490 0.163245871 0.163360480 0.197316755 0.189178383 0.259489689 0.278683707 0.295516395 0.297346617 0.333705563 0.251208638 0.200743307 0.246406874 0.260799723 0.251715771 0.209336109 0.205843285 0.214848264 0.220017592 0.194348928 0.207769022 0.209826911 0.208307908 0.192982443 0.671859374 
48     0.280255349 0.279435798 0.290170213 0.251203590 0.266653374 0.264451797 0.275755908 0.277270212 0.266827549 0.235663566 0.268497642 0.293667457 0.268709427 0.261037882 0.154534808 0.158743961 0.153072119 0.176652447 0.055936908 0.030828439 0.027654911 0.000000000 0.089672788 0.149914823 0.128864893 0.165543708 0.162647855 0.168259236 0.168373845 0.202329137 0.194190765 0.264502178 0.283696196 0.300528884 0.302359106 0.338718053 0.256221128 0.205755797 0.251419364 0.265812212 0.256728260 0.214348598 0.210855774 0.219860754 0.225030082 0.199361417 0.212781511 0.214839401 0.213320398 0.197994932 0.676871864 
20     0.293310883 0.292491333 0.303225747 0.264228407 0.279700228 0.277498651 0.288780725 0.290295029 0.279830057 0.248670151 0.281508604 0.306678420 0.281721371 0.274049826 0.167557006 0.171766159 0.166124807 0.189705135 0.081730562 0.087989653 0.084882434 0.089672788 0.000000000 0.163123777 0.142001649 0.178741484 0.175845631 0.181457012 0.181571621 0.215528945 0.207390573 0.277637011 0.296831029 0.313663717 0.315493939 0.351852885 0.269355960 0.218890630 0.264554196 0.278947045 0.269863093 0.227483431 0.223990607 0.232995586 0.238164915 0.212496250 0.225916344 0.227974233 0.226455231 0.211129765 0.689963979 
46     0.206715178 0.205891531 0.215951025 0.174565456 0.190015240 0.187813663 0.199117774 0.200632078 0.190175939 0.159011956 0.191846032 0.217015848 0.192063834 0.184392279 0.086624335 0.090833488 0.085301085 0.108933029 0.141985601 0.148417142 0.144900850 0.149914823 0.163123777 0.000000000 0.040753583 0.090894665 0.087998812 0.093643781 0.093801074 0.128085993 0.119951352 0.188837542 0.206897875 0.223730563 0.225560785 0.261919731 0.180385181 0.129772692 0.175436798 0.189829647 0.180745694 0.138406893 0.134863416 0.143872577 0.149041905 0.123369059 0.136789153 0.138847042 0.137328040 0.120899096 0.601705048 
50     0.181729226 0.180905578 0.190965072 0.151676231 0.167126015 0.164924438 0.176228503 0.177742853 0.167286668 0.136122685 0.168956761 0.194126577 0.169174563 0.161503008 0.063332007 0.067541160 0.064218406 0.087850417 0.120788089 0.127365481 0.123852512 0.128864893 0.142001649 0.040753583 0.000000000 0.067055098 0.064159245 0.069751674 0.069907378 0.103721084 0.095586443 0.164556946 0.181868724 0.198701412 0.200531634 0.236890581 0.154731155 0.104129172 0.149793278 0.164186127 0.155102175 0.112759881 0.109216404 0.118225565 0.123394893 0.097722047 0.111142141 0.113200031 0.111681028 0.095030326 0.575662013 
45     0.214664369 0.213840722 0.223888594 0.183941800 0.199391585 0.197190008 0.208493457 0.210008423 0.199542604 0.168378621 0.201222331 0.226392146 0.201393429 0.193688835 0.102268777 0.106477929 0.103146425 0.126771340 0.157543207 0.164083453 0.160530343 0.165543708 0.178741484 0.090894665 0.067055098 0.000000000 0.014722080 0.040717663 0.044077217 0.117214086 0.109078504 0.196910119 0.215431446 0.232276590 0.234106812 0.270465758 0.188049760 0.137074344 0.183101376 0.197494225 0.188410273 0.146153949 0.142610472 0.151619633 0.156788962 0.131116116 0.144536209 0.146594099 0.145075096 0.130935878 0.608562939 
15     0.211770823 0.210947176 0.220995047 0.181047638 0.196497422 0.194295845 0.205599910 0.207114260 0.196648441 0.165484459 0.198328168 0.223497984 0.198499266 0.190794673 0.099372923 0.103582076 0.100250423 0.123875338 0.154647354 0.161187600 0.157634490 0.162647855 0.175845631 0.087998812 0.064159245 0.014722080 0.000000000 0.037747703 0.041215715 0.114316584 0.106181002 0.194016572 0.212537899 0.229383043 0.231213265 0.267572212 0.185156213 0.134180798 0.180207830 0.194600679 0.185516726 0.143260403 0.139716926 0.148726087 0.153895415 0.128222569 0.141642663 0.143700552 0.142181550 0.128042332 0.605669393 
34     0.217407934 0.216584287 0.226632158 0.186667294 0.202117078 0.199915501 0.211205943 0.212737424 0.202286169 0.171122186 0.203965895 0.229135711 0.204125109 0.196432400 0.104980568 0.109189721 0.105860664 0.129486088 0.160258735 0.166798982 0.163245871 0.168259236 0.181457012 0.093643781 0.069751674 0.040717663 0.037747703 0.000000000 0.047015409 0.119827361 0.111691779 0.199637976 0.218188073 0.235033225 0.236863447 0.273222394 0.190776025 0.139593495 0.185827641 0.200220490 0.191136538 0.148880221 0.145336744 0.154345905 0.159515233 0.133842387 0.147262481 0.149320371 0.147801368 0.133662143 0.611315435 
33     0.217678928 0.216855280 0.226903152 0.186955743 0.202405527 0.200203950 0.211508015 0.213022365 0.202556546 0.171392564 0.204236273 0.229406089 0.204436336 0.196731743 0.105114494 0.109323646 0.105963859 0.129594839 0.160373344 0.166913591 0.163360480 0.168373845 0.181571621 0.093801074 0.069907378 0.044077217 0.041215715 0.047015409 0.000000000 0.120184367 0.112048786 0.199623906 0.218079814 0.234838833 0.236662978 0.273016627 0.190817603 0.139842188 0.185869219 0.200262068 0.191178116 0.148921799 0.145378322 0.154387483 0.159556811 0.133883965 0.147304059 0.149361949 0.147842946 0.133703721 0.611426576 
29     0.249863075 0.249039428 0.259087299 0.219472587 0.234922371 0.232720794 0.244024571 0.245538921 0.235073390 0.203909408 0.236745902 0.261922585 0.236958653 0.229175666 0.138777472 0.142986625 0.139046588 0.164095981 0.194328636 0.200869865 0.197316755 0.202329137 0.215528945 0.128085993 0.103721084 0.117214086 0.114316584 0.119827361 0.120184367 0.000000000 0.036521674 0.230999748 0.250441025 0.267285494 0.269115716 0.305474662 0.222653414 0.175078490 0.217752633 0.232145482 0.223061530 0.180738085 0.177194609 0.186203770 0.191373098 0.165700252 0.179120346 0.181178235 0.179659233 0.165499395 0.644585958 
22     0.241844558 0.241020911 0.251068782 0.211454070 0.226903854 0.224702277 0.236006054 0.237520404 0.227054873 0.195890891 0.228727385 0.253904068 0.228940136 0.221184477 0.130642831 0.134851984 0.130908216 0.155957609 0.186190263 0.192731493 0.189178383 0.194190765 0.207390573 0.119951352 0.095586443 0.109078504 0.106181002 0.111691779 0.112048786 0.036521674 0.000000000 0.223034038 0.242477789 0.259322257 0.261152479 0.297511426 0.214752697 0.167130170 0.209804314 0.224197163 0.215113211 0.172778322 0.169234846 0.178244007 0.183413335 0.157740489 0.171160583 0.173218472 0.171699470 0.157539632 0.636552362 
26     0.258442444 0.257622530 0.267660903 0.231572862 0.247011573 0.244809996 0.256123378 0.257719555 0.247208329 0.216044346 0.248923573 0.274061398 0.249164973 0.241488424 0.199664387 0.203873540 0.200609696 0.225489318 0.256501656 0.263002308 0.259489689 0.264502178 0.277637011 0.188837542 0.164556946 0.196910119 0.194016572 0.199637976 0.199623906 0.230999748 0.223034038 0.000000000 0.219768485 0.235911405 0.237741627 0.274091890 0.198222030 0.150591802 0.193428406 0.207821255 0.198737302 0.156649576 0.153081499 0.162224864 0.167394192 0.141765250 0.155196439 0.157254329 0.155735326 0.134961226 0.656884950 
38     0.282382398 0.281562484 0.291600858 0.254049685 0.269492197 0.267290620 0.278600725 0.280198670 0.269697778 0.238533796 0.271415461 0.296563615 0.271656862 0.263980313 0.218258039 0.222467192 0.219410452 0.244294511 0.275695674 0.282130202 0.278683707 0.283696196 0.296831029 0.206897875 0.181868724 0.215431446 0.212537899 0.218188073 0.218079814 0.250441025 0.242477789 0.219768485 0.000000000 0.097987687 0.100065398 0.136522666 0.207586193 0.160125069 0.202797709 0.217201286 0.208118710 0.166526904 0.162993909 0.171977585 0.177146913 0.151413930 0.164822348 0.166880237 0.165361235 0.147097593 0.677009530 
43     0.298629347 0.297809433 0.307847806 0.270296634 0.285739145 0.283537568 0.294847674 0.296445619 0.285944727 0.254780744 0.287662410 0.312810563 0.287903810 0.280227261 0.235128910 0.239338063 0.236490216 0.261369838 0.292528362 0.298962890 0.295516395 0.300528884 0.313663717 0.223730563 0.198701412 0.232276590 0.229383043 0.235033225 0.234838833 0.267285494 0.259322257 0.235911405 0.097987687 0.000000000 0.021393024 0.086492955 0.224331390 0.176871648 0.219544287 0.233947865 0.224865289 0.183280894 0.179747899 0.188731575 0.193900903 0.168167920 0.181576338 0.183634227 0.182115225 0.163821518 0.693547452 
31     0.300459569 0.299639655 0.309678028 0.272126856 0.287569367 0.285367790 0.296677896 0.298275841 0.287774949 0.256610966 0.289492632 0.314640786 0.289734033 0.282057483 0.236959132 0.241168285 0.238320438 0.263200060 0.294358584 0.300793112 0.297346617 0.302359106 0.315493939 0.225560785 0.200531634 0.234106812 0.231213265 0.236863447 0.236662978 0.269115716 0.261152479 0.237741627 0.100065398 0.021393024 0.000000000 0.087940934 0.226161612 0.178701870 0.221374509 0.235778087 0.226695511 0.185111116 0.181578121 0.190561797 0.195731125 0.169998142 0.183406560 0.185464449 0.183945447 0.165651740 0.695377674 
24     0.336818515 0.335998601 0.346036975 0.308485802 0.323928314 0.321726736 0.333036842 0.334634787 0.324133895 0.292969913 0.325851578 0.350999732 0.326092979 0.318416430 0.273318079 0.277527232 0.274679385 0.299559006 0.330717531 0.337152059 0.333705563 0.338718053 0.351852885 0.261919731 0.236890581 0.270465758 0.267572212 0.273222394 0.273016627 0.305474662 0.297511426 0.274091890 0.136522666 0.086492955 0.087940934 0.000000000 0.262513671 0.215053928 0.257725940 0.272129517 0.263046942 0.221460806 0.217927811 0.226911487 0.232080815 0.206347832 0.219756250 0.221814139 0.220295136 0.202025265 0.731736621 
41     0.257577924 0.256758010 0.266796384 0.228639820 0.244064692 0.241863115 0.253190860 0.254788805 0.244289510 0.213125527 0.246007193 0.271125775 0.246248599 0.238572050 0.192537224 0.196746377 0.193348375 0.218125074 0.248220606 0.254654429 0.251208638 0.256221128 0.269355960 0.180385181 0.154731155 0.188049760 0.185156213 0.190776025 0.190817603 0.222653414 0.214752697 0.198222030 0.207586193 0.224331390 0.226161612 0.262513671 0.000000000 0.075770062 0.118823073 0.133141606 0.124183909 0.112889353 0.109238185 0.118472348 0.123641677 0.097884915 0.111203840 0.113261730 0.111742727 0.098362738 0.653727452 
28     0.209886826 0.209066912 0.219105286 0.180948390 0.196373262 0.194171685 0.205499430 0.207097375 0.196598412 0.165434429 0.198316095 0.223423988 0.198557501 0.190880952 0.141925274 0.146134427 0.142751569 0.167495836 0.197755275 0.204189098 0.200743307 0.205755797 0.218890630 0.129772692 0.104129172 0.137074344 0.134180798 0.139593495 0.139842188 0.175078490 0.167130170 0.150591802 0.160125069 0.176871648 0.178701870 0.215053928 0.075770062 0.000000000 0.070416221 0.084699802 0.075554205 0.065249156 0.061598099 0.070832263 0.076001591 0.050243824 0.063643250 0.065701139 0.064182137 0.050936879 0.605440217 
27     0.252499821 0.251679908 0.261718281 0.223669618 0.239094490 0.236892913 0.248220658 0.249818603 0.239319639 0.208155656 0.241037322 0.266136019 0.241278728 0.233602179 0.187588841 0.191797994 0.188418706 0.213195406 0.243418841 0.249852665 0.246406874 0.251419364 0.264554196 0.175436798 0.149793278 0.183101376 0.180207830 0.185827641 0.185869219 0.217752633 0.209804314 0.193428406 0.202797709 0.219544287 0.221374509 0.257725940 0.118823073 0.070416221 0.000000000 0.052303575 0.052496867 0.107784131 0.104181991 0.113416154 0.118585482 0.092755525 0.106119126 0.108177016 0.106658013 0.093458021 0.648744207 
36     0.266892670 0.266072756 0.276111130 0.238062467 0.253487339 0.251285761 0.262613506 0.264211452 0.253712488 0.222548505 0.255430171 0.280325102 0.255671577 0.247995028 0.201981690 0.206190843 0.202811555 0.227588255 0.257811690 0.264245514 0.260799723 0.265812212 0.278947045 0.189829647 0.164186127 0.197494225 0.194600679 0.200220490 0.200262068 0.232145482 0.224197163 0.207821255 0.217201286 0.233947865 0.235778087 0.272129517 0.133141606 0.084699802 0.052303575 0.000000000 0.066604953 0.122198147 0.118596007 0.127830170 0.132999498 0.107169541 0.120533142 0.122591032 0.121072029 0.107852463 0.663137056 
16     0.257808718 0.256988804 0.267027177 0.228978514 0.244403386 0.242201809 0.253529554 0.255127499 0.244628535 0.213464553 0.246346218 0.271444915 0.246587625 0.238911075 0.192897737 0.197106890 0.193727603 0.218504302 0.248727738 0.255161561 0.251715771 0.256728260 0.269863093 0.180745694 0.155102175 0.188410273 0.185516726 0.191136538 0.191178116 0.223061530 0.215113211 0.198737302 0.208118710 0.224865289 0.226695511 0.263046942 0.124183909 0.075554205 0.052496867 0.066604953 0.000000000 0.113116914 0.109514773 0.118748937 0.123918265 0.098088308 0.111451909 0.113509799 0.111990796 0.098752531 0.654053104 
44     0.215156191 0.214336277 0.224374650 0.186372254 0.201797126 0.199595549 0.210923294 0.212521239 0.202021006 0.170857024 0.203738689 0.228886843 0.203980095 0.196303546 0.150501906 0.154711058 0.151369465 0.176146164 0.206348076 0.212770300 0.209336109 0.214348598 0.227483431 0.138406893 0.112759881 0.146153949 0.143260403 0.148880221 0.148921799 0.180738085 0.172778322 0.156649576 0.166526904 0.183280894 0.185111116 0.221460806 0.112889353 0.065249156 0.107784131 0.122198147 0.113116914 0.000000000 0.046692689 0.055826207 0.060989542 0.037093573 0.050830614 0.052864331 0.051367471 0.053887689 0.612690501 
32     0.211622724 0.210802810 0.220841184 0.182838788 0.198263660 0.196062083 0.207389828 0.208987773 0.198487539 0.167323557 0.200205223 0.225353376 0.200446629 0.192770080 0.147002372 0.151211525 0.147869932 0.172646631 0.202855252 0.209258638 0.205843285 0.210855774 0.223990607 0.134863416 0.109216404 0.142610472 0.139716926 0.145336744 0.145378322 0.177194609 0.169234846 0.153081499 0.162993909 0.179747899 0.181578121 0.217927811 0.109238185 0.061598099 0.104181991 0.118596007 0.109514773 0.046692689 0.000000000 0.042166307 0.047347367 0.033506233 0.047166032 0.049195060 0.047699127 0.049975878 0.609157034 
21     0.220282571 0.219462658 0.229501031 0.191185812 0.206610684 0.204409107 0.215751762 0.217349707 0.206795099 0.175627171 0.208609443 0.233757596 0.208850849 0.201174300 0.156007352 0.160216505 0.156879093 0.181655792 0.211860232 0.218194292 0.214848264 0.219860754 0.232995586 0.143872577 0.118225565 0.151619633 0.148726087 0.154345905 0.154387483 0.186203770 0.178244007 0.162224864 0.171977585 0.188731575 0.190561797 0.226911487 0.118472348 0.070832263 0.113416154 0.127830170 0.118748937 0.055826207 0.042166307 0.000000000 0.025861972 0.042390353 0.056030568 0.058059280 0.056563348 0.059277991 0.618087794 
25     0.225451900 0.224631986 0.234670359 0.196355140 0.211780012 0.209578435 0.220921090 0.222519035 0.211964427 0.180796499 0.213778771 0.238926925 0.214020177 0.206343628 0.161176680 0.165385833 0.162048421 0.186825120 0.217029560 0.223366332 0.220017592 0.225030082 0.238164915 0.149041905 0.123394893 0.156788962 0.153895415 0.159515233 0.159556811 0.191373098 0.183413335 0.167394192 0.177146913 0.193900903 0.195731125 0.232080815 0.123641677 0.076001591 0.118585482 0.132999498 0.123918265 0.060989542 0.047347367 0.025861972 0.000000000 0.047526109 0.061195445 0.063224158 0.061728226 0.064447320 0.623257122 
18     0.200128141 0.199308227 0.209346601 0.171344204 0.186752781 0.184551204 0.195895244 0.197493189 0.186992956 0.155828974 0.188710639 0.213858793 0.188952046 0.181275496 0.135508016 0.139717169 0.136375575 0.161152275 0.191360895 0.197787490 0.194348928 0.199361417 0.212496250 0.123369059 0.097722047 0.131116116 0.128222569 0.133842387 0.133883965 0.165700252 0.157740489 0.141765250 0.151413930 0.168167920 0.169998142 0.206347832 0.097884915 0.050243824 0.092755525 0.107169541 0.098088308 0.037093573 0.033506233 0.042390353 0.047526109 0.000000000 0.030167779 0.032322873 0.030719796 0.038689660 0.597680529 
30     0.213554177 0.212734263 0.222772637 0.184770241 0.200186706 0.197985129 0.209321281 0.210919226 0.200418993 0.169255010 0.202136676 0.227284829 0.202378082 0.194701533 0.148928110 0.153137262 0.149795669 0.174572368 0.204780989 0.211207584 0.207769022 0.212781511 0.225916344 0.136789153 0.111142141 0.144536209 0.141642663 0.147262481 0.147304059 0.179120346 0.171160583 0.155196439 0.164822348 0.181576338 0.183406560 0.219756250 0.111203840 0.063643250 0.106119126 0.120533142 0.111451909 0.050830614 0.047166032 0.056030568 0.061195445 0.030167779 0.000000000 0.016209856 0.014149330 0.052047015 0.611103406 
47     0.215612067 0.214792153 0.224830527 0.186828130 0.202244595 0.200043018 0.211379170 0.212977115 0.202476882 0.171312900 0.204194565 0.229342719 0.204435971 0.196759422 0.150985999 0.155195152 0.151853558 0.176630258 0.206838879 0.213265474 0.209826911 0.214839401 0.227974233 0.138847042 0.113200031 0.146594099 0.143700552 0.149320371 0.149361949 0.181178235 0.173218472 0.157254329 0.166880237 0.183634227 0.185464449 0.221814139 0.113261730 0.065701139 0.108177016 0.122591032 0.113509799 0.052864331 0.049195060 0.058059280 0.063224158 0.032322873 0.016209856 0.000000000 0.015610220 0.054104730 0.613161296 
37     0.214093064 0.213273150 0.223311524 0.185309128 0.200725593 0.198524016 0.209860167 0.211458113 0.200957879 0.169793897 0.202675563 0.227823716 0.202916969 0.195240420 0.149466996 0.153676149 0.150334555 0.175111255 0.205319876 0.211746471 0.208307908 0.213320398 0.226455231 0.137328040 0.111681028 0.145075096 0.142181550 0.147801368 0.147842946 0.179659233 0.171699470 0.155735326 0.165361235 0.182115225 0.183945447 0.220295136 0.111742727 0.064182137 0.106658013 0.121072029 0.111990796 0.051367471 0.047699127 0.056563348 0.061728226 0.030719796 0.014149330 0.015610220 0.000000000 0.052585727 0.611642293 
39     0.195704802 0.194884889 0.204923262 0.166592717 0.182017589 0.179816012 0.191143757 0.192741702 0.182240182 0.151076199 0.183957865 0.209083489 0.184199271 0.176522722 0.132788805 0.136997958 0.133466004 0.158242703 0.189994410 0.196428233 0.192982443 0.197994932 0.211129765 0.120899096 0.095030326 0.130935878 0.128042332 0.133662143 0.133703721 0.165499395 0.157539632 0.134961226 0.147097593 0.163821518 0.165651740 0.202025265 0.098362738 0.050936879 0.093458021 0.107852463 0.098752531 0.053887689 0.049975878 0.059277991 0.064447320 0.038689660 0.052047015 0.054104730 0.052585727 0.000000000 0.594314656 
0     0.658292775 0.657470841 0.667444527 0.628856287 0.644370837 0.642169260 0.653407326 0.654942604 0.644500609 0.613336627 0.646147617 0.671354302 0.646468243 0.638791693 0.612485439 0.616694592 0.612485193 0.636982970 0.668871342 0.675371993 0.671859374 0.676871864 0.689963979 0.601705048 0.575662013 0.608562939 0.605669393 0.611315435 0.611426576 0.644585958 0.636552362 0.656884950 0.677009530 0.693547452 0.695377674 0.731736621 0.653727452 0.605440217 0.648744207 0.663137056 0.654053104 0.612690501 0.609157034 0.618087794 0.623257122 0.597680529 0.611103406 0.613161296 0.611642293 0.594314656 0.000000000 
