51
16     0.000000000 0.000000000 0.000456000 0.000127690 0.000386010 0.000161250 0.000270420 0.000233870 0.000338140 0.000090300 0.000303360 0.000323820 0.000185950 0.000331190 0.000318640 0.000336160 0.000338770 0.000342640 0.000040340 0.000083900 0.000005440 0.000049260 0.000346700 0.000080350 0.000562700 0.000480410 0.000107340 0.000234480 0.000478430 0.000495120 0.000639470 0.000267060 0.000459370 0.000066250 0.000383000 0.000501300 0.000423290 0.000523090 0.000543210 0.000172850 0.000638490 0.000000470 0.000485860 0.000583610 0.000488300 0.000490560 0.000570630 0.000578100 0.000232540 0.000381980 0.000334970 
8     0.000000000 0.000000000 0.000435710 0.000372740 0.000393500 0.000194150 0.000120260 0.000081110 0.000302940 0.000300840 0.000010680 0.000325980 0.000228370 0.000333350 0.000320800 0.000338320 0.000340930 0.000344800 0.000019700 0.000086060 0.000007600 0.000034200 0.000348860 0.000091110 0.000564860 0.000487900 0.000486330 0.000290040 0.000485920 0.000502610 0.000641630 0.000274550 0.000461530 0.000069300 0.000427540 0.000503460 0.000430780 0.000525250 0.000545370 0.000204180 0.000640650 0.000000470 0.000488020 0.000175820 0.000490460 0.000492720 0.000572790 0.000580260 0.000495870 0.000389470 0.000337130 
1     0.000456000 0.000435710 0.000000000 0.000031620 0.000073250 0.000154010 0.000179400 0.000178160 0.000336250 0.000179940 0.000068100 0.000543760 0.000528150 0.000551130 0.000538580 0.000556100 0.000558710 0.000562580 0.000333110 0.000472480 0.000206090 0.000317420 0.000485480 0.000115870 0.000701480 0.000365960 0.000655710 0.000639560 0.000642440 0.000406870 0.000517950 0.000267840 0.000337850 0.000333820 0.000342060 0.000379780 0.000411690 0.000066680 0.000089310 0.000147240 0.000777270 0.000627290 0.000580740 0.000722390 0.000366780 0.000369040 0.000449110 0.000456580 0.000374100 0.000378910 0.000359550 
23     0.000127690 0.000372740 0.000031620 0.000000000 0.000033490 0.000164100 0.000189490 0.000188250 0.000216770 0.000271020 0.000082880 0.000553850 0.000538240 0.000269150 0.000252500 0.000547930 0.000568800 0.000572670 0.000343200 0.000482570 0.000220020 0.000327510 0.000495570 0.000111520 0.000711570 0.000110780 0.000665800 0.000649650 0.000652530 0.000416960 0.000528040 0.000277930 0.000347940 0.000343910 0.000352150 0.000085990 0.000421780 0.000411660 0.000431780 0.000435290 0.000787360 0.000862270 0.000297230 0.000732480 0.000376870 0.000234390 0.000459200 0.000466670 0.000384190 0.000389000 0.000369640 
12     0.000386010 0.000393500 0.000073250 0.000033490 0.000000000 0.000173140 0.000198530 0.000197290 0.000355380 0.000537750 0.000542430 0.000562890 0.000547280 0.000570260 0.000557710 0.000575230 0.000577840 0.000581710 0.000352240 0.000491610 0.000240780 0.000336550 0.000504610 0.000425420 0.000720610 0.000223480 0.000674840 0.000658690 0.000661570 0.000426000 0.000201550 0.000286970 0.000356980 0.000352950 0.000361190 0.000398910 0.000309340 0.000420700 0.000440820 0.000444330 0.000796400 0.000871310 0.000643770 0.000741520 0.000385910 0.000388170 0.000468240 0.000475710 0.000393230 0.000398040 0.000378680 
19     0.000161250 0.000194150 0.000154010 0.000164100 0.000173140 0.000000000 0.000065370 0.000064130 0.000315900 0.000418670 0.000269370 0.000523410 0.000507800 0.000530780 0.000423430 0.000535750 0.000538360 0.000542230 0.000107650 0.000452130 0.000315010 0.000297070 0.000268430 0.000300370 0.000426410 0.000345610 0.000550100 0.000552150 0.000549690 0.000386520 0.000497600 0.000247490 0.000317500 0.000313470 0.000321710 0.000359430 0.000391340 0.000381220 0.000401340 0.000404850 0.000756920 0.000831830 0.000047950 0.000278770 0.000346430 0.000181970 0.000428760 0.000436230 0.000353750 0.000358560 0.000239540 
4     0.000270420 0.000120260 0.000179400 0.000189490 0.000198530 0.000065370 0.000000000 0.000034420 0.000255650 0.000523660 0.000125480 0.000548800 0.000533190 0.000556170 0.000543620 0.000561140 0.000563750 0.000151120 0.000338150 0.000477520 0.000462480 0.000056450 0.000490520 0.000411330 0.000706520 0.000371000 0.000660750 0.000644600 0.000647480 0.000411910 0.000522990 0.000272880 0.000342890 0.000338860 0.000347100 0.000384820 0.000416730 0.000133830 0.000426730 0.000144930 0.000782310 0.000270790 0.000315070 0.000727430 0.000371820 0.000374080 0.000454150 0.000461620 0.000379140 0.000383950 0.000364590 
25     0.000233870 0.000081110 0.000178160 0.000188250 0.000197290 0.000064130 0.000034420 0.000000000 0.000255150 0.000522420 0.000086330 0.000547560 0.000524530 0.000554930 0.000542380 0.000559900 0.000562510 0.000562470 0.000336910 0.000476280 0.000121580 0.000178040 0.000489280 0.000410090 0.000705280 0.000369760 0.000659510 0.000643360 0.000646240 0.000410670 0.000345240 0.000271640 0.000341650 0.000337620 0.000345860 0.000383580 0.000415490 0.000204590 0.000425490 0.000429000 0.000781070 0.000855980 0.000628440 0.000726190 0.000370580 0.000372840 0.000452910 0.000460380 0.000377900 0.000382710 0.000363350 
11     0.000338140 0.000302940 0.000336250 0.000216770 0.000355380 0.000315900 0.000255650 0.000255150 0.000000000 0.000520390 0.000308160 0.000545530 0.000529920 0.000552900 0.000293390 0.000557870 0.000560480 0.000343140 0.000024340 0.000474250 0.000459210 0.000146950 0.000487250 0.000408060 0.000560860 0.000308650 0.000657480 0.000641330 0.000644210 0.000369840 0.000480920 0.000212360 0.000019240 0.000043490 0.000096210 0.000020920 0.000165840 0.000155720 0.000175840 0.000179350 0.000779040 0.000853950 0.000311210 0.000724160 0.000120930 0.000123190 0.000203260 0.000210730 0.000128250 0.000133060 0.000319010 
22     0.000090300 0.000300840 0.000179940 0.000271020 0.000537750 0.000418670 0.000523660 0.000522420 0.000520390 0.000000000 0.000079820 0.000018010 0.000084670 0.000002270 0.000095100 0.000108860 0.000115230 0.000119100 0.000432320 0.000315160 0.000094740 0.000241260 0.000138270 0.000330130 0.000625320 0.000238880 0.000292710 0.000294760 0.000292300 0.000591010 0.000702090 0.000176410 0.000511550 0.000517960 0.000518750 0.000563920 0.000595830 0.000585710 0.000605830 0.000609340 0.000701110 0.000776020 0.000004790 0.000646230 0.000526940 0.000454210 0.000633250 0.000640720 0.000496990 0.000039450 0.000397590 
24     0.000303360 0.000010680 0.000068100 0.000082880 0.000542430 0.000269370 0.000125480 0.000086330 0.000308160 0.000079820 0.000000000 0.000043400 0.000027790 0.000050770 0.000027780 0.000117300 0.000114550 0.000118420 0.000496830 0.000319840 0.000304800 0.000245940 0.000097110 0.000334810 0.000630000 0.000358790 0.000283660 0.000285710 0.000283250 0.000595690 0.000706770 0.000240920 0.000526670 0.000522640 0.000387790 0.000568600 0.000600510 0.000590390 0.000459130 0.000400260 0.000705790 0.000780700 0.000553160 0.000650910 0.000555600 0.000557860 0.000637930 0.000645400 0.000561500 0.000260360 0.000402270 
20     0.000323820 0.000325980 0.000543760 0.000553850 0.000562890 0.000523410 0.000548800 0.000547560 0.000545530 0.000018010 0.000043400 0.000000000 0.000026910 0.000057690 0.000058680 0.000137760 0.000135010 0.000138880 0.000542390 0.000340300 0.000325260 0.000216600 0.000434460 0.000355270 0.000650460 0.000536170 0.000461040 0.000463090 0.000460630 0.000616150 0.000727230 0.000418300 0.000547130 0.000543100 0.000551340 0.000589060 0.000620970 0.000610850 0.000630970 0.000634480 0.000726250 0.000801160 0.000573620 0.000671370 0.000576060 0.000578320 0.000658390 0.000665860 0.000583380 0.000437740 0.000422730 
7     0.000185950 0.000228370 0.000528150 0.000538240 0.000547280 0.000507800 0.000533190 0.000524530 0.000529920 0.000084670 0.000027790 0.000026910 0.000000000 0.000042080 0.000043070 0.000122150 0.000117390 0.000123270 0.000522170 0.000071670 0.000250330 0.000239950 0.000418850 0.000339660 0.000634850 0.000384130 0.000309000 0.000311050 0.000308590 0.000600540 0.000711620 0.000089200 0.000531520 0.000527490 0.000458030 0.000573450 0.000605360 0.000595240 0.000610390 0.000551520 0.000710640 0.000785550 0.000558010 0.000655760 0.000414020 0.000562710 0.000642780 0.000650250 0.000567770 0.000206930 0.000250790 
14     0.000331190 0.000333350 0.000551130 0.000269150 0.000570260 0.000530780 0.000556170 0.000554930 0.000552900 0.000002270 0.000050770 0.000057690 0.000042080 0.000000000 0.000066050 0.000145130 0.000142380 0.000146250 0.000549760 0.000347670 0.000055410 0.000273770 0.000211940 0.000362640 0.000657830 0.000506520 0.000431390 0.000433440 0.000046980 0.000623520 0.000734600 0.000388650 0.000554500 0.000550470 0.000509080 0.000596430 0.000628340 0.000618220 0.000389660 0.000330790 0.000733620 0.000808530 0.000430700 0.000678740 0.000583430 0.000585690 0.000665760 0.000673230 0.000590750 0.000408090 0.000430100 
21     0.000318640 0.000320800 0.000538580 0.000252500 0.000557710 0.000423430 0.000543620 0.000542380 0.000293390 0.000095100 0.000027780 0.000058680 0.000043070 0.000066050 0.000000000 0.000109160 0.000129830 0.000133700 0.000437080 0.000335120 0.000197400 0.000261220 0.000429280 0.000350090 0.000645280 0.000299040 0.000223910 0.000225960 0.000223500 0.000610970 0.000722050 0.000181170 0.000516310 0.000537920 0.000523510 0.000583880 0.000615790 0.000293150 0.000625790 0.000629300 0.000721070 0.000795980 0.000568440 0.000666190 0.000531700 0.000573140 0.000535980 0.000174920 0.000501750 0.000200610 0.000417550 
15     0.000336160 0.000338320 0.000556100 0.000547930 0.000575230 0.000535750 0.000561140 0.000559900 0.000557870 0.000108860 0.000117300 0.000137760 0.000122150 0.000145130 0.000109160 0.000000000 0.000152710 0.000156580 0.000554730 0.000352640 0.000224170 0.000278740 0.000446800 0.000322120 0.000662800 0.000496160 0.000421030 0.000423080 0.000420620 0.000628490 0.000739570 0.000378290 0.000559470 0.000555440 0.000563680 0.000601400 0.000633310 0.000497890 0.000643310 0.000462540 0.000738590 0.000813500 0.000585960 0.000683710 0.000588400 0.000590660 0.000670730 0.000560380 0.000595720 0.000397730 0.000435070 
17     0.000338770 0.000340930 0.000558710 0.000568800 0.000577840 0.000538360 0.000563750 0.000562510 0.000560480 0.000115230 0.000114550 0.000135010 0.000117390 0.000142380 0.000129830 0.000152710 0.000000000 0.000036110 0.000140190 0.000355250 0.000340210 0.000281350 0.000449410 0.000099300 0.000627270 0.000590190 0.000619640 0.000185470 0.000606370 0.000631100 0.000742180 0.000492070 0.000562080 0.000196830 0.000464380 0.000604010 0.000635920 0.000160200 0.000088820 0.000033510 0.000741200 0.000816110 0.000588570 0.000686320 0.000591010 0.000475870 0.000673340 0.000680810 0.000553580 0.000405260 0.000437680 
3     0.000342640 0.000344800 0.000562580 0.000572670 0.000581710 0.000542230 0.000151120 0.000562470 0.000343140 0.000119100 0.000118420 0.000138880 0.000123270 0.000146250 0.000133700 0.000156580 0.000036110 0.000000000 0.000561210 0.000359120 0.000344080 0.000285220 0.000453280 0.000374090 0.000669280 0.000594060 0.000623510 0.000386390 0.000610240 0.000634970 0.000746050 0.000495940 0.000565950 0.000247750 0.000570160 0.000571960 0.000639790 0.000629670 0.000649790 0.000653300 0.000745070 0.000819980 0.000592440 0.000690190 0.000594880 0.000597140 0.000677210 0.000684680 0.000602200 0.000607010 0.000441550 
13     0.000040340 0.000019700 0.000333110 0.000343200 0.000352240 0.000107650 0.000338150 0.000336910 0.000024340 0.000432320 0.000496830 0.000542390 0.000522170 0.000549760 0.000437080 0.000554730 0.000140190 0.000561210 0.000000000 0.000380100 0.000215920 0.000316050 0.000484110 0.000404920 0.000700110 0.000325790 0.000563750 0.000565800 0.000563340 0.000314650 0.000477780 0.000227670 0.000025940 0.000040350 0.000093070 0.000130790 0.000162700 0.000152580 0.000172700 0.000176210 0.000775900 0.000850810 0.000623270 0.000721020 0.000117790 0.000120050 0.000200120 0.000207590 0.000125110 0.000129920 0.000358180 
5     0.000083900 0.000086060 0.000472480 0.000482570 0.000491610 0.000452130 0.000477520 0.000476280 0.000474250 0.000315160 0.000319840 0.000340300 0.000071670 0.000347670 0.000335120 0.000352640 0.000355250 0.000359120 0.000380100 0.000000000 0.000083250 0.000195120 0.000240340 0.000283990 0.000579180 0.000503960 0.000533410 0.000517260 0.000520140 0.000544870 0.000655950 0.000405840 0.000475850 0.000471820 0.000480060 0.000517780 0.000549690 0.000539570 0.000559690 0.000563200 0.000654970 0.000729880 0.000502340 0.000600090 0.000504780 0.000507040 0.000587110 0.000594580 0.000512100 0.000516910 0.000057420 
9     0.000005440 0.000007600 0.000206090 0.000220020 0.000240780 0.000315010 0.000462480 0.000121580 0.000459210 0.000094740 0.000304800 0.000325260 0.000250330 0.000055410 0.000197400 0.000224170 0.000340210 0.000344080 0.000215920 0.000083250 0.000000000 0.000180080 0.000348140 0.000160040 0.000564140 0.000488920 0.000518370 0.000502220 0.000505100 0.000529830 0.000640910 0.000373100 0.000460810 0.000456780 0.000465020 0.000502740 0.000534650 0.000524530 0.000544650 0.000548160 0.000639930 0.000076470 0.000487300 0.000585050 0.000078910 0.000354600 0.000572070 0.000283200 0.000497060 0.000501870 0.000239960 
18     0.000049260 0.000034200 0.000317420 0.000327510 0.000336550 0.000297070 0.000056450 0.000178040 0.000146950 0.000241260 0.000245940 0.000216600 0.000239950 0.000273770 0.000261220 0.000278740 0.000281350 0.000285220 0.000316050 0.000195120 0.000180080 0.000000000 0.000201860 0.000122670 0.000258390 0.000348900 0.000373330 0.000357180 0.000360060 0.000389810 0.000500890 0.000240230 0.000320790 0.000316760 0.000325000 0.000362720 0.000264800 0.000384510 0.000404630 0.000408140 0.000494890 0.000569800 0.000342260 0.000440010 0.000349720 0.000351980 0.000432050 0.000439520 0.000276930 0.000361850 0.000108500 
6     0.000346700 0.000348860 0.000485480 0.000495570 0.000504610 0.000268430 0.000490520 0.000489280 0.000487250 0.000138270 0.000097110 0.000434460 0.000418850 0.000211940 0.000429280 0.000446800 0.000449410 0.000453280 0.000484110 0.000240340 0.000348140 0.000201860 0.000000000 0.000059480 0.000587160 0.000482870 0.000541390 0.000525240 0.000528120 0.000557870 0.000668950 0.000257400 0.000488850 0.000484820 0.000493060 0.000530780 0.000562690 0.000552570 0.000572690 0.000576200 0.000662950 0.000737860 0.000510320 0.000608070 0.000517780 0.000520040 0.000600110 0.000607580 0.000525100 0.000179360 0.000364450 
2     0.000080350 0.000091110 0.000115870 0.000111520 0.000425420 0.000300370 0.000411330 0.000410090 0.000408060 0.000330130 0.000334810 0.000355270 0.000339660 0.000362640 0.000350090 0.000322120 0.000099300 0.000374090 0.000404920 0.000283990 0.000160040 0.000122670 0.000059480 0.000000000 0.000099180 0.000437770 0.000000000 0.000053620 0.000069350 0.000179560 0.000589760 0.000100540 0.000409660 0.000129980 0.000413870 0.000451590 0.000483500 0.000473380 0.000493500 0.000497010 0.000583760 0.000658670 0.000328300 0.000528880 0.000233250 0.000292020 0.000520920 0.000528390 0.000333380 0.000450720 0.000160680 
10     0.000562700 0.000564860 0.000701480 0.000711570 0.000720610 0.000426410 0.000706520 0.000705280 0.000560860 0.000625320 0.000630000 0.000650460 0.000634850 0.000657830 0.000645280 0.000662800 0.000627270 0.000669280 0.000700110 0.000579180 0.000564140 0.000258390 0.000587160 0.000099180 0.000000000 0.000732960 0.000216710 0.000200560 0.000203440 0.000773870 0.000884950 0.000634840 0.000704850 0.000700820 0.000594480 0.000746780 0.000778690 0.000768570 0.000788690 0.000792200 0.000338270 0.000413180 0.000185640 0.000283390 0.000733780 0.000736040 0.000816110 0.000823580 0.000741100 0.000745910 0.000580450 
37     0.000480410 0.000487900 0.000365960 0.000110780 0.000223480 0.000345610 0.000371000 0.000369760 0.000308650 0.000238880 0.000358790 0.000536170 0.000384130 0.000506520 0.000299040 0.000496160 0.000590190 0.000594060 0.000325790 0.000503960 0.000488920 0.000348900 0.000482870 0.000437770 0.000732960 0.000000000 0.000425710 0.000422070 0.000375520 0.000263750 0.000374830 0.000021830 0.000330530 0.000326500 0.000334740 0.000372460 0.000404370 0.000394250 0.000414370 0.000417880 0.000568110 0.000883660 0.000656120 0.000745870 0.000359460 0.000361720 0.000441790 0.000438010 0.000366780 0.000273450 0.000282600 
34     0.000107340 0.000486330 0.000655710 0.000665800 0.000674840 0.000550100 0.000660750 0.000659510 0.000657480 0.000292710 0.000283660 0.000461040 0.000309000 0.000431390 0.000223910 0.000421030 0.000619640 0.000623510 0.000563750 0.000533410 0.000518370 0.000373330 0.000541390 0.000000000 0.000216710 0.000425710 0.000000000 0.000053430 0.000014100 0.000009450 0.000839180 0.000307840 0.000506880 0.000610720 0.000650180 0.000701010 0.000732920 0.000566870 0.000742920 0.000746430 0.000237740 0.000312650 0.000085110 0.000182860 0.000647930 0.000690270 0.000770340 0.000768170 0.000628420 0.000327280 0.000534680 
36     0.000234480 0.000290040 0.000639560 0.000649650 0.000658690 0.000552150 0.000644600 0.000643360 0.000641330 0.000294760 0.000285710 0.000463090 0.000311050 0.000433440 0.000225960 0.000423080 0.000185470 0.000386390 0.000565800 0.000517260 0.000502220 0.000357180 0.000525240 0.000053620 0.000200560 0.000422070 0.000053430 0.000000000 0.000005420 0.000711950 0.000790880 0.000234970 0.000397340 0.000501180 0.000647140 0.000684860 0.000674950 0.000706650 0.000726770 0.000730280 0.000221590 0.000296500 0.000068960 0.000166710 0.000538390 0.000556000 0.000754190 0.000658630 0.000363740 0.000329330 0.000518530 
35     0.000478430 0.000485920 0.000642440 0.000652530 0.000661570 0.000549690 0.000647480 0.000646240 0.000644210 0.000292300 0.000283250 0.000460630 0.000308590 0.000046980 0.000223500 0.000420620 0.000606370 0.000610240 0.000563340 0.000520140 0.000505100 0.000360060 0.000528120 0.000069350 0.000203440 0.000375520 0.000014100 0.000005420 0.000000000 0.000714830 0.000813940 0.000307430 0.000420400 0.000524240 0.000649770 0.000495280 0.000698010 0.000709530 0.000729650 0.000733160 0.000224470 0.000299380 0.000071840 0.000169590 0.000561450 0.000649610 0.000757070 0.000681690 0.000473630 0.000326870 0.000521410 
40     0.000495120 0.000502610 0.000406870 0.000416960 0.000426000 0.000386520 0.000411910 0.000410670 0.000369840 0.000591010 0.000595690 0.000616150 0.000600540 0.000623520 0.000610970 0.000628490 0.000631100 0.000634970 0.000314650 0.000544870 0.000529830 0.000389810 0.000557870 0.000179560 0.000773870 0.000263750 0.000009450 0.000711950 0.000714830 0.000000000 0.000382280 0.000162050 0.000371440 0.000367410 0.000375650 0.000413370 0.000220010 0.000435160 0.000455280 0.000458790 0.000849660 0.000924570 0.000697030 0.000633730 0.000400370 0.000402630 0.000482700 0.000490170 0.000407690 0.000412500 0.000422660 
30     0.000639470 0.000641630 0.000517950 0.000528040 0.000201550 0.000497600 0.000522990 0.000345240 0.000480920 0.000702090 0.000706770 0.000727230 0.000711620 0.000734600 0.000722050 0.000739570 0.000742180 0.000746050 0.000477780 0.000655950 0.000640910 0.000500890 0.000668950 0.000589760 0.000884950 0.000374830 0.000839180 0.000790880 0.000813940 0.000382280 0.000000000 0.000273130 0.000482520 0.000478490 0.000486730 0.000524450 0.000556360 0.000546240 0.000566360 0.000569870 0.000417860 0.001035650 0.000808110 0.000905860 0.000511450 0.000381240 0.000584910 0.000601250 0.000440470 0.000523580 0.000468440 
47     0.000267060 0.000274550 0.000267840 0.000277930 0.000286970 0.000247490 0.000272880 0.000271640 0.000212360 0.000176410 0.000240920 0.000418300 0.000089200 0.000388650 0.000181170 0.000378290 0.000492070 0.000495940 0.000227670 0.000405840 0.000373100 0.000240230 0.000257400 0.000100540 0.000634840 0.000021830 0.000307840 0.000234970 0.000307430 0.000162050 0.000273130 0.000000000 0.000084130 0.000187970 0.000236620 0.000147900 0.000306250 0.000107730 0.000316250 0.000319760 0.000315130 0.000785540 0.000438920 0.000511910 0.000036700 0.000263600 0.000343670 0.000351140 0.000268660 0.000210980 0.000292910 
32     0.000459370 0.000461530 0.000337850 0.000347940 0.000356980 0.000317500 0.000342890 0.000341650 0.000019240 0.000511550 0.000526670 0.000547130 0.000531520 0.000554500 0.000516310 0.000559470 0.000562080 0.000565950 0.000025940 0.000475850 0.000460810 0.000320790 0.000488850 0.000409660 0.000704850 0.000330530 0.000506880 0.000397340 0.000420400 0.000371440 0.000482520 0.000084130 0.000000000 0.000045090 0.000001360 0.000135530 0.000167440 0.000157320 0.000177440 0.000180950 0.000780640 0.000855550 0.000060420 0.000552180 0.000122530 0.000049130 0.000204860 0.000212330 0.000129850 0.000134660 0.000362920 
26     0.000066250 0.000069300 0.000333820 0.000343910 0.000352950 0.000313470 0.000338860 0.000337620 0.000043490 0.000517960 0.000522640 0.000543100 0.000527490 0.000550470 0.000537920 0.000555440 0.000196830 0.000247750 0.000040350 0.000471820 0.000456780 0.000316760 0.000484820 0.000129980 0.000700820 0.000326500 0.000610720 0.000501180 0.000524240 0.000367410 0.000478490 0.000187970 0.000045090 0.000000000 0.000093780 0.000131500 0.000163410 0.000153290 0.000173410 0.000176920 0.000776610 0.000851520 0.000505870 0.000661980 0.000118500 0.000117570 0.000200830 0.000208300 0.000125820 0.000130630 0.000358890 
49     0.000383000 0.000427540 0.000342060 0.000352150 0.000361190 0.000321710 0.000347100 0.000345860 0.000096210 0.000518750 0.000387790 0.000551340 0.000458030 0.000509080 0.000523510 0.000563680 0.000464380 0.000570160 0.000093070 0.000480060 0.000465020 0.000325000 0.000493060 0.000413870 0.000594480 0.000334740 0.000650180 0.000647140 0.000649770 0.000375650 0.000486730 0.000236620 0.000001360 0.000093780 0.000000000 0.000100540 0.000132450 0.000122330 0.000142450 0.000145960 0.000784850 0.000168170 0.000329660 0.000518580 0.000087540 0.000115180 0.000195250 0.000006900 0.000120240 0.000125050 0.000367130 
48     0.000501300 0.000503460 0.000379780 0.000085990 0.000398910 0.000359430 0.000384820 0.000383580 0.000020920 0.000563920 0.000568600 0.000589060 0.000573450 0.000596430 0.000583880 0.000601400 0.000604010 0.000571960 0.000130790 0.000517780 0.000502740 0.000362720 0.000530780 0.000451590 0.000746780 0.000372460 0.000701010 0.000684860 0.000495280 0.000413370 0.000524450 0.000147900 0.000135530 0.000131500 0.000100540 0.000000000 0.000007280 0.000138290 0.000158410 0.000161920 0.000119430 0.000897480 0.000172370 0.000117750 0.000068230 0.000152900 0.000232970 0.000240440 0.000137630 0.000162770 0.000404850 
28     0.000423290 0.000430780 0.000411690 0.000421780 0.000309340 0.000391340 0.000416730 0.000415490 0.000165840 0.000595830 0.000600510 0.000620970 0.000605360 0.000628340 0.000615790 0.000633310 0.000635920 0.000639790 0.000162700 0.000549690 0.000534650 0.000264800 0.000562690 0.000483500 0.000778690 0.000404370 0.000732920 0.000674950 0.000698010 0.000220010 0.000556360 0.000306250 0.000167440 0.000163410 0.000132450 0.000007280 0.000000000 0.000170200 0.000190320 0.000193830 0.000628100 0.000838200 0.000430000 0.000502990 0.000131210 0.000184810 0.000264880 0.000272350 0.000189870 0.000194680 0.000436760 
50     0.000523090 0.000525250 0.000066680 0.000411660 0.000420700 0.000381220 0.000133830 0.000204590 0.000155720 0.000585710 0.000590390 0.000610850 0.000595240 0.000618220 0.000293150 0.000497890 0.000160200 0.000629670 0.000152580 0.000539570 0.000524530 0.000384510 0.000552570 0.000473380 0.000768570 0.000394250 0.000566870 0.000706650 0.000709530 0.000435160 0.000546240 0.000107730 0.000157320 0.000153290 0.000122330 0.000138290 0.000170200 0.000000000 0.000031490 0.000046950 0.000108830 0.000582010 0.000407430 0.000430680 0.000125290 0.000174690 0.000254760 0.000262230 0.000179750 0.000184560 0.000426640 
46     0.000543210 0.000545370 0.000089310 0.000431780 0.000440820 0.000401340 0.000426730 0.000425490 0.000175840 0.000605830 0.000459130 0.000630970 0.000610390 0.000389660 0.000625790 0.000643310 0.000088820 0.000649790 0.000172700 0.000559690 0.000544650 0.000404630 0.000572690 0.000493500 0.000788690 0.000414370 0.000742920 0.000726770 0.000729650 0.000455280 0.000566360 0.000316250 0.000177440 0.000173410 0.000142450 0.000158410 0.000190320 0.000031490 0.000000000 0.000012130 0.000864480 0.000604640 0.000558090 0.000643750 0.000145410 0.000194810 0.000274880 0.000282350 0.000199870 0.000204680 0.000446760 
44     0.000172850 0.000204180 0.000147240 0.000435290 0.000444330 0.000404850 0.000144930 0.000429000 0.000179350 0.000609340 0.000400260 0.000634480 0.000551520 0.000330790 0.000629300 0.000462540 0.000033510 0.000653300 0.000176210 0.000563200 0.000548160 0.000408140 0.000576200 0.000497010 0.000792200 0.000417880 0.000746430 0.000730280 0.000733160 0.000458790 0.000569870 0.000319760 0.000180950 0.000176920 0.000145960 0.000161920 0.000193830 0.000046950 0.000012130 0.000000000 0.000867990 0.000662570 0.000421800 0.000654900 0.000148920 0.000198320 0.000278390 0.000285860 0.000060850 0.000208190 0.000450270 
43     0.000638490 0.000640650 0.000777270 0.000787360 0.000796400 0.000756920 0.000782310 0.000781070 0.000779040 0.000701110 0.000705790 0.000726250 0.000710640 0.000733620 0.000721070 0.000738590 0.000741200 0.000745070 0.000775900 0.000654970 0.000639930 0.000494890 0.000662950 0.000583760 0.000338270 0.000568110 0.000237740 0.000221590 0.000224470 0.000849660 0.000417860 0.000315130 0.000780640 0.000776610 0.000784850 0.000119430 0.000628100 0.000108830 0.000864480 0.000867990 0.000000000 0.000417110 0.000189570 0.000004960 0.000243840 0.000508710 0.000842390 0.000856220 0.000779140 0.000821700 0.000656240 
38     0.000000470 0.000000470 0.000627290 0.000862270 0.000871310 0.000831830 0.000270790 0.000855980 0.000853950 0.000776020 0.000780700 0.000801160 0.000785550 0.000808530 0.000795980 0.000813500 0.000816110 0.000819980 0.000850810 0.000729880 0.000076470 0.000569800 0.000737860 0.000658670 0.000413180 0.000883660 0.000312650 0.000296500 0.000299380 0.000924570 0.001035650 0.000785540 0.000855550 0.000851520 0.000168170 0.000897480 0.000838200 0.000582010 0.000604640 0.000662570 0.000417110 0.000000000 0.000258020 0.000355770 0.000663290 0.000886740 0.000966810 0.000899540 0.000822460 0.000896610 0.000731150 
41     0.000485860 0.000488020 0.000580740 0.000297230 0.000643770 0.000047950 0.000315070 0.000628440 0.000311210 0.000004790 0.000553160 0.000573620 0.000558010 0.000430700 0.000568440 0.000585960 0.000588570 0.000592440 0.000623270 0.000502340 0.000487300 0.000342260 0.000510320 0.000328300 0.000185640 0.000656120 0.000085110 0.000068960 0.000071840 0.000697030 0.000808110 0.000438920 0.000060420 0.000505870 0.000329660 0.000172370 0.000430000 0.000407430 0.000558090 0.000421800 0.000189570 0.000258020 0.000000000 0.000118790 0.000208750 0.000134930 0.000374790 0.000451640 0.000374560 0.000494790 0.000091420 
42     0.000583610 0.000175820 0.000722390 0.000732480 0.000741520 0.000278770 0.000727430 0.000726190 0.000724160 0.000646230 0.000650910 0.000671370 0.000655760 0.000678740 0.000666190 0.000683710 0.000686320 0.000690190 0.000721020 0.000600090 0.000585050 0.000440010 0.000608070 0.000528880 0.000283390 0.000745870 0.000182860 0.000166710 0.000169590 0.000633730 0.000905860 0.000511910 0.000552180 0.000661980 0.000518580 0.000117750 0.000502990 0.000430680 0.000643750 0.000654900 0.000004960 0.000355770 0.000118790 0.000000000 0.000242160 0.000533770 0.000777930 0.000149950 0.000447550 0.000567780 0.000478370 
31     0.000488300 0.000490460 0.000366780 0.000376870 0.000385910 0.000346430 0.000371820 0.000370580 0.000120930 0.000526940 0.000555600 0.000576060 0.000414020 0.000583430 0.000531700 0.000588400 0.000591010 0.000594880 0.000117790 0.000504780 0.000078910 0.000349720 0.000517780 0.000233250 0.000733780 0.000359460 0.000647930 0.000538390 0.000561450 0.000400370 0.000511450 0.000036700 0.000122530 0.000118500 0.000087540 0.000068230 0.000131210 0.000125290 0.000145410 0.000148920 0.000243840 0.000663290 0.000208750 0.000242160 0.000000000 0.000139900 0.000219970 0.000227440 0.000095330 0.000149770 0.000391850 
29     0.000490560 0.000492720 0.000369040 0.000234390 0.000388170 0.000181970 0.000374080 0.000372840 0.000123190 0.000454210 0.000557860 0.000578320 0.000562710 0.000585690 0.000573140 0.000590660 0.000475870 0.000597140 0.000120050 0.000507040 0.000354600 0.000351980 0.000520040 0.000292020 0.000736040 0.000361720 0.000690270 0.000556000 0.000649610 0.000402630 0.000381240 0.000263600 0.000049130 0.000117570 0.000115180 0.000152900 0.000184810 0.000174690 0.000194810 0.000198320 0.000508710 0.000886740 0.000134930 0.000533770 0.000139900 0.000000000 0.000190870 0.000194340 0.000111860 0.000087250 0.000160370 
27     0.000570630 0.000572790 0.000449110 0.000459200 0.000468240 0.000428760 0.000454150 0.000452910 0.000203260 0.000633250 0.000637930 0.000658390 0.000642780 0.000665760 0.000535980 0.000670730 0.000673340 0.000677210 0.000200120 0.000587110 0.000572070 0.000432050 0.000600110 0.000520920 0.000816110 0.000441790 0.000770340 0.000754190 0.000757070 0.000482700 0.000584910 0.000343670 0.000204860 0.000200830 0.000195250 0.000232970 0.000264880 0.000254760 0.000274880 0.000278390 0.000842390 0.000966810 0.000374790 0.000777930 0.000219970 0.000190870 0.000000000 0.000275830 0.000195930 0.000200740 0.000474180 
45     0.000578100 0.000580260 0.000456580 0.000466670 0.000475710 0.000436230 0.000461620 0.000460380 0.000210730 0.000640720 0.000645400 0.000665860 0.000650250 0.000673230 0.000174920 0.000560380 0.000680810 0.000684680 0.000207590 0.000594580 0.000283200 0.000439520 0.000607580 0.000528390 0.000823580 0.000438010 0.000768170 0.000658630 0.000681690 0.000490170 0.000601250 0.000351140 0.000212330 0.000208300 0.000006900 0.000240440 0.000272350 0.000262230 0.000282350 0.000285860 0.000856220 0.000899540 0.000451640 0.000149950 0.000227440 0.000194340 0.000275830 0.000000000 0.000107460 0.000204210 0.000481650 
33     0.000232540 0.000495870 0.000374100 0.000384190 0.000393230 0.000353750 0.000379140 0.000377900 0.000128250 0.000496990 0.000561500 0.000583380 0.000567770 0.000590750 0.000501750 0.000595720 0.000553580 0.000602200 0.000125110 0.000512100 0.000497060 0.000276930 0.000525100 0.000333380 0.000741100 0.000366780 0.000628420 0.000363740 0.000473630 0.000407690 0.000440470 0.000268660 0.000129850 0.000125820 0.000120240 0.000137630 0.000189870 0.000179750 0.000199870 0.000060850 0.000779140 0.000822460 0.000374560 0.000447550 0.000095330 0.000111860 0.000195930 0.000107460 0.000000000 0.000027180 0.000399170 
39     0.000381980 0.000389470 0.000378910 0.000389000 0.000398040 0.000358560 0.000383950 0.000382710 0.000133060 0.000039450 0.000260360 0.000437740 0.000206930 0.000408090 0.000200610 0.000397730 0.000405260 0.000607010 0.000129920 0.000516910 0.000501870 0.000361850 0.000179360 0.000450720 0.000745910 0.000273450 0.000327280 0.000329330 0.000326870 0.000412500 0.000523580 0.000210980 0.000134660 0.000130630 0.000125050 0.000162770 0.000194680 0.000184560 0.000204680 0.000208190 0.000821700 0.000896610 0.000494790 0.000567780 0.000149770 0.000087250 0.000200740 0.000204210 0.000027180 0.000000000 0.000403980 
0     0.000334970 0.000337130 0.000359550 0.000369640 0.000378680 0.000239540 0.000364590 0.000363350 0.000319010 0.000397590 0.000402270 0.000422730 0.000250790 0.000430100 0.000417550 0.000435070 0.000437680 0.000441550 0.000358180 0.000057420 0.000239960 0.000108500 0.000364450 0.000160680 0.000580450 0.000282600 0.000534680 0.000518530 0.000521410 0.000422660 0.000468440 0.000292910 0.000362920 0.000358890 0.000367130 0.000404850 0.000436760 0.000426640 0.000446760 0.000450270 0.000656240 0.000731150 0.000091420 0.000478370 0.000391850 0.000160370 0.000474180 0.000481650 0.000399170 0.000403980 0.000000000 
