51
16     0.000000000 0.015321589 0.152784054 0.139405229 0.157255096 0.130650425 0.126231928 0.127366339 0.123633805 0.160412754 0.173041291 0.183095995 0.173488056 0.176204105 0.164901261 0.167282560 0.173868366 0.187205113 0.145988630 0.164996254 0.133442227 0.109895129 0.150303973 0.123490098 0.249929868 0.162418767 0.168876212 0.153627996 0.156001436 0.204266301 0.219322705 0.121926568 0.138423397 0.154109072 0.146828258 0.180823062 0.171900951 0.166469479 0.176393189 0.176175007 0.213522432 0.251239971 0.158464638 0.215402993 0.153755701 0.152078933 0.190622484 0.169402476 0.154051922 0.174955899 0.163642671 
8     0.015321589 0.000000000 0.152118205 0.138502397 0.156833401 0.129839986 0.125375237 0.126128615 0.122426565 0.160439275 0.173229985 0.183408668 0.174602961 0.176034814 0.164945507 0.166971718 0.173468554 0.186548875 0.145421379 0.164918206 0.133122808 0.109212596 0.150233911 0.124960244 0.250165194 0.162478834 0.169155440 0.153860009 0.156210441 0.203881695 0.218896094 0.121865265 0.139096357 0.153851039 0.147291795 0.181486611 0.173010737 0.166549873 0.177505974 0.177292274 0.214653600 0.252599028 0.159261328 0.215916995 0.154475392 0.152409478 0.191334362 0.168957030 0.154663948 0.175067625 0.163287081 
1     0.152784054 0.152118205 0.000000000 0.067864807 0.108082624 0.142624657 0.141967605 0.142018466 0.136746934 0.217724046 0.229579348 0.241977117 0.232535604 0.232811342 0.221349209 0.225443058 0.233061421 0.245160752 0.203902531 0.225142374 0.192329603 0.168667195 0.208658415 0.182862281 0.304439936 0.223801974 0.228595382 0.215680786 0.217612041 0.261415387 0.278001793 0.183849313 0.195694027 0.212086112 0.207996003 0.240492480 0.230444685 0.226985439 0.238651436 0.238349027 0.276176104 0.310886593 0.218527798 0.275377725 0.214883302 0.212476567 0.251576947 0.232490870 0.217022614 0.236611917 0.220851483 
23     0.139405229 0.138502397 0.067864807 0.000000000 0.092105583 0.128367996 0.128330917 0.128460088 0.121631762 0.204524694 0.216074660 0.228935169 0.219120792 0.219624529 0.208056037 0.211993406 0.219013421 0.230858295 0.190751515 0.213339999 0.179510951 0.157241058 0.199014694 0.171519661 0.295377875 0.211594130 0.215274515 0.202224031 0.204294380 0.249511933 0.266455480 0.170668467 0.180761054 0.196705337 0.193508368 0.226552773 0.216099481 0.212145175 0.223578015 0.223516041 0.262061397 0.296952608 0.204793269 0.261136158 0.201901135 0.197286302 0.237882861 0.218222881 0.202962731 0.222937282 0.208748263 
12     0.157255096 0.156833401 0.108082624 0.092105583 0.000000000 0.148499841 0.149373151 0.149167541 0.143863175 0.223910042 0.235282536 0.247776952 0.237924607 0.238900894 0.229162225 0.232578562 0.238863454 0.251310727 0.209148513 0.229970870 0.198361302 0.174823759 0.214603963 0.188664301 0.313365034 0.228278854 0.232972463 0.219581805 0.221669160 0.267775320 0.282806411 0.187683541 0.200458852 0.217301758 0.210713838 0.245484934 0.233108813 0.228986955 0.239600866 0.239607996 0.278453848 0.311474856 0.222034863 0.278165110 0.219662693 0.218024022 0.255261889 0.236566841 0.221264273 0.240026225 0.224430925 
19     0.130650425 0.129839986 0.142624657 0.128367996 0.148499841 0.000000000 0.101146461 0.100623249 0.097094506 0.193766578 0.208283106 0.218006422 0.208114054 0.211141156 0.199712411 0.203109220 0.211106937 0.222514848 0.181884729 0.201452651 0.170913174 0.147663933 0.187150229 0.160220533 0.284980757 0.198858665 0.203773933 0.189880032 0.192106679 0.236850516 0.255071222 0.159955380 0.172401673 0.186757849 0.180621891 0.212772973 0.203060071 0.199596544 0.210300205 0.210016896 0.248684668 0.282735348 0.191013779 0.248536827 0.190018983 0.185041442 0.226256793 0.205518945 0.191560820 0.211023300 0.198771929 
4     0.126231928 0.125375237 0.141967605 0.128330917 0.149373151 0.101146461 0.000000000 0.051411152 0.065993122 0.190529711 0.203765251 0.214035208 0.204143873 0.206001063 0.197933586 0.199916150 0.204067000 0.217816006 0.178232438 0.198195755 0.163285144 0.142030111 0.180512683 0.154551854 0.281538749 0.197173050 0.202471156 0.188616254 0.191023343 0.236424202 0.250804457 0.155510418 0.169764024 0.186430018 0.178893667 0.210936542 0.200956895 0.196365335 0.209070257 0.208336171 0.246396868 0.279052001 0.187310242 0.245450830 0.185682762 0.182996691 0.222925179 0.201767776 0.187517818 0.208836031 0.193860275 
25     0.127366339 0.126128615 0.142018466 0.128460088 0.149167541 0.100623249 0.051411152 0.000000000 0.064112161 0.194040160 0.206661219 0.217600712 0.208874989 0.210704217 0.198108173 0.200817949 0.208782873 0.221189768 0.180214313 0.200208516 0.167982164 0.145122307 0.183184935 0.157491217 0.284142014 0.197815900 0.200455151 0.186569701 0.188950561 0.237305259 0.251605498 0.156226261 0.170115302 0.184707596 0.179177175 0.211222729 0.203838062 0.196121532 0.208280665 0.207697611 0.246532786 0.280405317 0.188798164 0.246434413 0.188435487 0.184000838 0.224538366 0.203334819 0.188335459 0.210140069 0.196169738 
11     0.123633805 0.122426565 0.136746934 0.121631762 0.143863175 0.097094506 0.065993122 0.064112161 0.000000000 0.189551600 0.200545823 0.211745240 0.203590903 0.205332251 0.193247749 0.196343342 0.202998524 0.215689512 0.173230263 0.193633834 0.161085388 0.141101235 0.179143589 0.154063463 0.281178280 0.194523068 0.196787435 0.184283169 0.186628666 0.234866229 0.250104639 0.153649705 0.165615272 0.181892766 0.179642042 0.210188199 0.199664997 0.195188300 0.206092640 0.205764337 0.247183806 0.279272954 0.187433526 0.246342430 0.186246642 0.180951660 0.221565332 0.201382134 0.186417982 0.206437072 0.191217136 
22     0.160412754 0.160439275 0.217724046 0.204524694 0.223910042 0.193766578 0.190529711 0.194040160 0.189551600 0.000000000 0.085394439 0.097284252 0.084920387 0.090551089 0.094902341 0.095725476 0.111594700 0.122111858 0.181107621 0.199658321 0.170150003 0.156130905 0.191628489 0.169112586 0.294214691 0.213789776 0.220206102 0.204342210 0.206742325 0.255664614 0.271106709 0.170928644 0.190840335 0.206104998 0.198842141 0.231592408 0.220414102 0.217680136 0.230501291 0.230192348 0.267448040 0.297358464 0.209449805 0.265472829 0.203556498 0.202124891 0.240048649 0.217325814 0.202184277 0.224502287 0.210283030 
24     0.173041291 0.173229985 0.229579348 0.216074660 0.235282536 0.208283106 0.203765251 0.206661219 0.200545823 0.085394439 0.000000000 0.068474796 0.063763010 0.066041761 0.104209123 0.107904492 0.121643916 0.132285378 0.194486871 0.215536570 0.183395685 0.170465358 0.206889256 0.182971278 0.309022100 0.229154083 0.234451338 0.219786762 0.222076112 0.267837501 0.282996887 0.184863262 0.203455130 0.218379092 0.213902601 0.245607567 0.237003141 0.232387177 0.245244848 0.244561618 0.281743426 0.312632867 0.225473146 0.280401601 0.218627583 0.215522117 0.254061837 0.231814078 0.216599987 0.238900703 0.222114813 
20     0.183095995 0.183408668 0.241977117 0.228935169 0.247776952 0.218006422 0.214035208 0.217600712 0.211745240 0.097284252 0.068474796 0.000000000 0.074341610 0.075609708 0.115647913 0.119596968 0.132642818 0.141268444 0.204867850 0.223950499 0.193088870 0.181134354 0.218253071 0.194139813 0.318044347 0.239559596 0.243961340 0.229257515 0.231574794 0.279634001 0.294359522 0.194371561 0.213142131 0.229148788 0.223822788 0.258040637 0.247550460 0.243181133 0.255731310 0.255202756 0.292123074 0.322338344 0.237414034 0.291617595 0.230005602 0.226482449 0.264523525 0.243175387 0.226544459 0.248647242 0.232636718 
7     0.173488056 0.174602961 0.232535604 0.219120792 0.237924607 0.208114054 0.204143873 0.208874989 0.203590903 0.084920387 0.063763010 0.074341610 0.000000000 0.066884376 0.106737009 0.109741834 0.127905600 0.135230489 0.195140315 0.216428337 0.183456385 0.167546699 0.206147774 0.181043534 0.306079080 0.227621812 0.233816078 0.219060442 0.221208121 0.265799854 0.281388819 0.183600432 0.201233975 0.217793207 0.209845748 0.242799113 0.233155747 0.229288299 0.241496676 0.241083175 0.279113196 0.307781379 0.221248070 0.276996550 0.215266082 0.212369736 0.251301592 0.230515955 0.213482649 0.236299684 0.222950748 
14     0.176204105 0.176034814 0.232811342 0.219624529 0.238900894 0.211141156 0.206001063 0.210704217 0.205332251 0.090551089 0.066041761 0.075609708 0.066884376 0.000000000 0.110442058 0.111447780 0.127219303 0.136462957 0.198355626 0.217969373 0.184789452 0.171777993 0.208133491 0.184339626 0.310135804 0.232208705 0.238064173 0.223581411 0.225634151 0.271443591 0.287480912 0.187241819 0.205824228 0.221823501 0.217820550 0.249021067 0.239831455 0.235996766 0.248736460 0.248288199 0.284912116 0.315192305 0.228561543 0.283371225 0.221093194 0.217111650 0.257193622 0.235093340 0.218752716 0.240562354 0.226217763 
21     0.164901261 0.164945507 0.221349209 0.208056037 0.229162225 0.199712411 0.197933586 0.198108173 0.193247749 0.094902341 0.104209123 0.115647913 0.106737009 0.110442058 0.000000000 0.056553562 0.119295454 0.128567995 0.186245781 0.207001231 0.175708086 0.162155447 0.200370587 0.176535847 0.302908134 0.221651420 0.226566939 0.211957375 0.214195556 0.259612482 0.276257692 0.177931227 0.196419923 0.211133014 0.203197615 0.234692489 0.226806676 0.220092905 0.233617222 0.232676751 0.268364316 0.299194998 0.213373611 0.269735905 0.208957656 0.208411415 0.247408467 0.225760567 0.208333527 0.233160127 0.216359777 
15     0.167282560 0.166971718 0.225443058 0.211993406 0.232578562 0.203109220 0.199916150 0.200817949 0.196343342 0.095725476 0.107904492 0.119596968 0.109741834 0.111447780 0.056553562 0.000000000 0.123937856 0.132340244 0.188002184 0.208875171 0.178156654 0.165012563 0.202247446 0.179283346 0.303502702 0.224734213 0.229337225 0.214605808 0.216916175 0.264044564 0.279508116 0.180721796 0.199447620 0.213029577 0.207221008 0.237392829 0.230105305 0.223720305 0.237492688 0.236414395 0.271697456 0.302985313 0.216879388 0.271482029 0.212348643 0.211912140 0.250333092 0.228489778 0.211654869 0.235576143 0.216220526 
17     0.173868366 0.173468554 0.233061421 0.219013421 0.238863454 0.211106937 0.204067000 0.208782873 0.202998524 0.111594700 0.121643916 0.132642818 0.127905600 0.127219303 0.119295454 0.123937856 0.000000000 0.072826734 0.199237492 0.215706751 0.184238381 0.171016691 0.208382211 0.185846495 0.310140653 0.228555365 0.237061187 0.222356238 0.224288937 0.272220735 0.287228573 0.185646311 0.205404071 0.219772699 0.214581371 0.244444667 0.233206345 0.231908630 0.243998116 0.243869305 0.278872568 0.311786427 0.224805750 0.278604624 0.217864213 0.217172720 0.255189819 0.232012707 0.216798868 0.239633207 0.223002059 
3     0.187205113 0.186548875 0.245160752 0.230858295 0.251310727 0.222514848 0.217816006 0.221189768 0.215689512 0.122111858 0.132285378 0.141268444 0.135230489 0.136462957 0.128567995 0.132340244 0.072826734 0.000000000 0.211059075 0.227590673 0.195915893 0.184716971 0.219207162 0.196470867 0.321720287 0.243075401 0.249895355 0.235027502 0.237556095 0.281602166 0.299963349 0.198229921 0.217533878 0.231233291 0.225742785 0.257575390 0.247770337 0.243513085 0.256964057 0.257183580 0.292553708 0.324394174 0.236938541 0.292591967 0.230863876 0.226768272 0.265313579 0.243170092 0.228943430 0.251990201 0.233015584 
13     0.145988630 0.145421379 0.203902531 0.190751515 0.209148513 0.181884729 0.178232438 0.180214313 0.173230263 0.181107621 0.194486871 0.204867850 0.195140315 0.198355626 0.186245781 0.188002184 0.199237492 0.211059075 0.000000000 0.137002038 0.103763060 0.146815298 0.185958340 0.161790907 0.287956201 0.206686209 0.214059231 0.199598994 0.200928259 0.245645983 0.261130927 0.164433372 0.180557446 0.195935834 0.186438276 0.221210241 0.215179396 0.209326287 0.221190287 0.221123162 0.254175560 0.288399969 0.195368747 0.255292607 0.197660876 0.190753131 0.229705520 0.207381681 0.190597637 0.216090574 0.198616635 
5     0.164996254 0.164918206 0.225142374 0.213339999 0.229970870 0.201452651 0.198195755 0.200208516 0.193633834 0.199658321 0.215536570 0.223950499 0.216428337 0.217969373 0.207001231 0.208875171 0.215706751 0.227590673 0.137002038 0.000000000 0.113408995 0.163408628 0.201727075 0.178400477 0.303063120 0.217783556 0.226210071 0.211855444 0.213380731 0.258967120 0.273027738 0.178528950 0.194852825 0.210617623 0.204162301 0.237410479 0.231384883 0.226710918 0.237158652 0.236612415 0.272844091 0.307783571 0.214530464 0.271998461 0.212575167 0.209183156 0.245807504 0.224100670 0.207848606 0.233838133 0.216153440 
9     0.133442227 0.133122808 0.192329603 0.179510951 0.198361302 0.170913174 0.163285144 0.167982164 0.161085388 0.170150003 0.183395685 0.193088870 0.183456385 0.184789452 0.175708086 0.178156654 0.184238381 0.195915893 0.103763060 0.113408995 0.000000000 0.134300407 0.172337129 0.147968335 0.273364931 0.191141838 0.199188096 0.184705366 0.185838402 0.232202365 0.248106388 0.148961357 0.164893088 0.181007954 0.175122001 0.205476612 0.200504657 0.195268643 0.204762290 0.204277075 0.243699303 0.276942765 0.182038550 0.242227377 0.183986551 0.181012431 0.215754104 0.194385583 0.179846128 0.201969440 0.184927730 
18     0.109895129 0.109212596 0.168667195 0.157241058 0.174823759 0.147663933 0.142030111 0.145122307 0.141101235 0.156130905 0.170465358 0.181134354 0.167546699 0.171777993 0.162155447 0.165012563 0.171016691 0.184716971 0.146815298 0.163408628 0.134300407 0.000000000 0.133547621 0.108862607 0.236706091 0.162790240 0.168919474 0.153854016 0.155932916 0.205256649 0.220496015 0.123769803 0.139191483 0.152989253 0.148119950 0.180331090 0.171171175 0.167850840 0.178223607 0.178330883 0.214614899 0.249123369 0.156872653 0.214620217 0.152662870 0.151812983 0.187323486 0.168484758 0.152505058 0.176795096 0.157654535 
6     0.150303973 0.150233911 0.208658415 0.199014694 0.214603963 0.187150229 0.180512683 0.183184935 0.179143589 0.191628489 0.206889256 0.218253071 0.206147774 0.208133491 0.200370587 0.202247446 0.208382211 0.219207162 0.185958340 0.201727075 0.172337129 0.133547621 0.000000000 0.097758907 0.273183586 0.205598092 0.213913984 0.198695509 0.200792322 0.244214616 0.261695504 0.161289031 0.178896047 0.195247263 0.190088030 0.221478033 0.214558351 0.206794153 0.217763835 0.217814757 0.256751993 0.290315089 0.199398210 0.258249908 0.196306121 0.192785055 0.231491368 0.210122766 0.193125505 0.219549287 0.199803278 
2     0.123490098 0.124960244 0.182862281 0.171519661 0.188664301 0.160220533 0.154551854 0.157491217 0.154063463 0.169112586 0.182971278 0.194139813 0.181043534 0.184339626 0.176535847 0.179283346 0.185846495 0.196470867 0.161790907 0.178400477 0.147968335 0.108862607 0.097758907 0.000000000 0.252665332 0.179065124 0.186724837 0.171823791 0.173916529 0.219566429 0.236216836 0.138622708 0.153068410 0.169002688 0.164341401 0.194596779 0.187530691 0.182313227 0.190566145 0.190898073 0.229913430 0.262375578 0.171774613 0.231321813 0.169127108 0.163979093 0.205549313 0.184051257 0.169261089 0.192586364 0.174433414 
10     0.249929868 0.250165194 0.304439936 0.295377875 0.313365034 0.284980757 0.281538749 0.284142014 0.281178280 0.294214691 0.309022100 0.318044347 0.306079080 0.310135804 0.302908134 0.303502702 0.310140653 0.321720287 0.287956201 0.303063120 0.273364931 0.236706091 0.273183586 0.252665332 0.000000000 0.304264438 0.310648109 0.296207503 0.298342561 0.346021527 0.360665347 0.263394186 0.280337737 0.297118362 0.286631951 0.324994641 0.314408127 0.307317289 0.322487642 0.322182721 0.357133833 0.392851237 0.302837727 0.358532417 0.295300452 0.293030989 0.331642891 0.309967423 0.295545792 0.317712490 0.301102077 
37     0.162418767 0.162478834 0.223801974 0.211594130 0.228278854 0.198858665 0.197173050 0.197815900 0.194523068 0.213789776 0.229154083 0.239559596 0.227621812 0.232208705 0.221651420 0.224734213 0.228555365 0.243075401 0.206686209 0.217783556 0.191141838 0.162790240 0.205598092 0.179065124 0.304264438 0.000000000 0.128843946 0.113602143 0.115205532 0.195666703 0.210477011 0.126425470 0.162521738 0.177150394 0.171584501 0.205164237 0.196194212 0.194664949 0.203279472 0.203345885 0.239112723 0.272801127 0.180985351 0.235285612 0.177622707 0.176630189 0.211923087 0.194481888 0.178462426 0.199573419 0.204624198 
34     0.168876212 0.169155440 0.228595382 0.215274515 0.232972463 0.203773933 0.202471156 0.200455151 0.196787435 0.220206102 0.234451338 0.243961340 0.233816078 0.238064173 0.226566939 0.229337225 0.237061187 0.249895355 0.214059231 0.226210071 0.199188096 0.168919474 0.213913984 0.186724837 0.310648109 0.128843946 0.000000000 0.042689964 0.044365599 0.203625260 0.214906792 0.130972039 0.167839436 0.182371168 0.180072663 0.210189286 0.202041788 0.198289321 0.208557076 0.208642222 0.245607582 0.280057367 0.188272536 0.242216597 0.184827570 0.182520407 0.216591844 0.199268235 0.183171607 0.203067699 0.208264303 
36     0.153627996 0.153860009 0.215680786 0.202224031 0.219581805 0.189880032 0.188616254 0.186569701 0.184283169 0.204342210 0.219786762 0.229257515 0.219060442 0.223581411 0.211957375 0.214605808 0.222356238 0.235027502 0.199598994 0.211855444 0.184705366 0.153854016 0.198695509 0.171823791 0.296207503 0.113602143 0.042689964 0.000000000 0.021430962 0.188622408 0.200414668 0.116405416 0.153376907 0.168561051 0.165649836 0.195176928 0.186797977 0.183126622 0.193129647 0.193214793 0.230945199 0.264829151 0.173150279 0.227229629 0.169794740 0.167940740 0.201463114 0.184803584 0.168662932 0.188955840 0.193943303 
35     0.156001436 0.156210441 0.217612041 0.204294380 0.221669160 0.192106679 0.191023343 0.188950561 0.186628666 0.206742325 0.222076112 0.231574794 0.221208121 0.225634151 0.214195556 0.216916175 0.224288937 0.237556095 0.200928259 0.213380731 0.185838402 0.155932916 0.200792322 0.173916529 0.298342561 0.115205532 0.044365599 0.021430962 0.000000000 0.190161030 0.201939282 0.117969910 0.154750970 0.170037408 0.167094228 0.197160350 0.188866831 0.185097897 0.195156279 0.195241425 0.232746239 0.266631503 0.174957542 0.228968044 0.171898517 0.169261585 0.202995939 0.186325193 0.170197453 0.190453731 0.195501561 
40     0.204266301 0.203881695 0.261415387 0.249511933 0.267775320 0.236850516 0.236424202 0.237305259 0.234866229 0.255664614 0.267837501 0.279634001 0.265799854 0.271443591 0.259612482 0.264044564 0.272220735 0.281602166 0.245645983 0.258967120 0.232202365 0.205256649 0.244214616 0.219566429 0.346021527 0.195666703 0.203625260 0.188622408 0.190161030 0.000000000 0.228373211 0.163543008 0.196734142 0.214371397 0.209676725 0.239059325 0.231597166 0.229009650 0.237718171 0.237725921 0.275420996 0.310529320 0.215778903 0.275069820 0.215522526 0.210331310 0.247630356 0.230629458 0.216023980 0.238425441 0.244338705 
30     0.219322705 0.218896094 0.278001793 0.266455480 0.282806411 0.255071222 0.250804457 0.251605498 0.250104639 0.271106709 0.282996887 0.294359522 0.281388819 0.287480912 0.276257692 0.279508116 0.287228573 0.299963349 0.261130927 0.273027738 0.248106388 0.220496015 0.261695504 0.236216836 0.360665347 0.210477011 0.214906792 0.200414668 0.201939282 0.228373211 0.000000000 0.178124213 0.216294794 0.229681140 0.225910679 0.260015500 0.251828817 0.249563791 0.257789736 0.257889812 0.294969431 0.329931338 0.234877347 0.292837256 0.236110592 0.230443248 0.265398802 0.249315516 0.233675984 0.250713007 0.261002679 
47     0.121926568 0.121865265 0.183849313 0.170668467 0.187683541 0.159955380 0.155510418 0.156226261 0.153649705 0.170928644 0.184863262 0.194371561 0.183600432 0.187241819 0.177931227 0.180721796 0.185646311 0.198229921 0.164433372 0.178528950 0.148961357 0.123769803 0.161289031 0.138622708 0.263394186 0.126425470 0.130972039 0.116405416 0.117969910 0.163543008 0.178124213 0.000000000 0.122494493 0.137930556 0.129665218 0.161347183 0.153305582 0.152614144 0.160258777 0.160412048 0.198996301 0.231069274 0.141768929 0.196487828 0.135393091 0.136022752 0.170561802 0.150292511 0.135104625 0.157767808 0.162594064 
32     0.138423397 0.139096357 0.195694027 0.180761054 0.200458852 0.172401673 0.169764024 0.170115302 0.165615272 0.190840335 0.203455130 0.213142131 0.201233975 0.205824228 0.196419923 0.199447620 0.205404071 0.217533878 0.180557446 0.194852825 0.164893088 0.139191483 0.178896047 0.153068410 0.280337737 0.162521738 0.167839436 0.153376907 0.154750970 0.196734142 0.216294794 0.122494493 0.000000000 0.067848029 0.103469176 0.141342487 0.130164359 0.129337335 0.134402351 0.134304542 0.173840883 0.209108270 0.118138618 0.172806964 0.114014148 0.116725337 0.154870772 0.136452494 0.122754346 0.143946727 0.177423637 
26     0.154109072 0.153851039 0.212086112 0.196705337 0.217301758 0.186757849 0.186430018 0.184707596 0.181892766 0.206104998 0.218379092 0.229148788 0.217793207 0.221823501 0.211133014 0.213029577 0.219772699 0.231233291 0.195935834 0.210617623 0.181007954 0.152989253 0.195247263 0.169002688 0.297118362 0.177150394 0.182371168 0.168561051 0.170037408 0.214371397 0.229681140 0.137930556 0.067848029 0.000000000 0.121578442 0.156245628 0.146978501 0.145157744 0.152058845 0.151977423 0.189896363 0.225087860 0.132440790 0.187749612 0.129959286 0.133351713 0.171513360 0.153229158 0.137262372 0.160329885 0.192018074 
49     0.146828258 0.147291795 0.207996003 0.193508368 0.210713838 0.180621891 0.178893667 0.179177175 0.179642042 0.198842141 0.213902601 0.223822788 0.209845748 0.217820550 0.203197615 0.207221008 0.214581371 0.225742785 0.186438276 0.204162301 0.175122001 0.148119950 0.190088030 0.164341401 0.286631951 0.171584501 0.180072663 0.165649836 0.167094228 0.209676725 0.225910679 0.129665218 0.103469176 0.121578442 0.000000000 0.144753376 0.131150704 0.133299542 0.139342162 0.138817397 0.174757307 0.210957818 0.119291037 0.172958804 0.115283793 0.124032595 0.161540840 0.141717329 0.126903024 0.149652257 0.184830653 
48     0.180823062 0.181486611 0.240492480 0.226552773 0.245484934 0.212772973 0.210936542 0.211222729 0.210188199 0.231592408 0.245607567 0.258040637 0.242799113 0.249021067 0.234692489 0.237392829 0.244444667 0.257575390 0.221210241 0.237410479 0.205476612 0.180331090 0.221478033 0.194596779 0.324994641 0.205164237 0.210189286 0.195176928 0.197160350 0.239059325 0.260015500 0.161347183 0.141342487 0.156245628 0.144753376 0.000000000 0.138544381 0.134901978 0.142814296 0.142169286 0.178261998 0.216294031 0.122765211 0.180514219 0.123755201 0.159313332 0.197133386 0.177307330 0.162699110 0.184497211 0.218515388 
28     0.171900951 0.173010737 0.230444685 0.216099481 0.233108813 0.203060071 0.200956895 0.203838062 0.199664997 0.220414102 0.237003141 0.247550460 0.233155747 0.239831455 0.226806676 0.230105305 0.233206345 0.247770337 0.215179396 0.231384883 0.200504657 0.171171175 0.214558351 0.187530691 0.314408127 0.196194212 0.202041788 0.186797977 0.188866831 0.231597166 0.251828817 0.153305582 0.130164359 0.146978501 0.131150704 0.138544381 0.000000000 0.095513759 0.100693800 0.099845595 0.168980274 0.209102114 0.118809331 0.167260672 0.111742348 0.146612304 0.182593303 0.165526555 0.152415247 0.170709420 0.210105614 
50     0.166469479 0.166549873 0.226985439 0.212145175 0.228986955 0.199596544 0.196365335 0.196121532 0.195188300 0.217680136 0.232387177 0.243181133 0.229288299 0.235996766 0.220092905 0.223720305 0.231908630 0.243513085 0.209326287 0.226710918 0.195268643 0.167850840 0.206794153 0.182313227 0.307317289 0.194664949 0.198289321 0.183126622 0.185097897 0.229009650 0.249563791 0.152614144 0.129337335 0.145157744 0.133299542 0.134901978 0.095513759 0.000000000 0.076712589 0.076138407 0.169062402 0.209717955 0.115602790 0.172373352 0.116059787 0.145812977 0.182868866 0.166498155 0.151273414 0.171777992 0.206459706 
46     0.176393189 0.177505974 0.238651436 0.223578015 0.239600866 0.210300205 0.209070257 0.208280665 0.206092640 0.230501291 0.245244848 0.255731310 0.241496676 0.248736460 0.233617222 0.237492688 0.243998116 0.256964057 0.221190287 0.237158652 0.204762290 0.178223607 0.217763835 0.190566145 0.322487642 0.203279472 0.208557076 0.193129647 0.195156279 0.237718171 0.257789736 0.160258777 0.134402351 0.152058845 0.139342162 0.142814296 0.100693800 0.076712589 0.000000000 0.023974365 0.174413648 0.213405091 0.121857360 0.178222738 0.121010557 0.154163498 0.190994240 0.173767541 0.160722815 0.179569262 0.216124619 
44     0.176175007 0.177292274 0.238349027 0.223516041 0.239607996 0.210016896 0.208336171 0.207697611 0.205764337 0.230192348 0.244561618 0.255202756 0.241083175 0.248288199 0.232676751 0.236414395 0.243869305 0.257183580 0.221123162 0.236612415 0.204277075 0.178330883 0.217814757 0.190898073 0.322182721 0.203345885 0.208642222 0.193214793 0.195241425 0.237725921 0.257889812 0.160412048 0.134304542 0.151977423 0.138817397 0.142169286 0.099845595 0.076138407 0.023974365 0.000000000 0.173834522 0.213456062 0.121564658 0.177817753 0.120918042 0.154599614 0.191724844 0.174452071 0.161350739 0.179725175 0.215728023 
43     0.213522432 0.214653600 0.276176104 0.262061397 0.278453848 0.248684668 0.246396868 0.246532786 0.247183806 0.267448040 0.281743426 0.292123074 0.279113196 0.284912116 0.268364316 0.271697456 0.278872568 0.292553708 0.254175560 0.272844091 0.243699303 0.214614899 0.256751993 0.229913430 0.357133833 0.239112723 0.245607582 0.230945199 0.232746239 0.275420996 0.294969431 0.198996301 0.173840883 0.189896363 0.174757307 0.178261998 0.168980274 0.169062402 0.174413648 0.173834522 0.000000000 0.220682303 0.133474136 0.181604402 0.156209141 0.191124975 0.228428009 0.210884834 0.195194411 0.214324817 0.257005331 
38     0.251239971 0.252599028 0.310886593 0.296952608 0.311474856 0.282735348 0.279052001 0.280405317 0.279272954 0.297358464 0.312632867 0.322338344 0.307781379 0.315192305 0.299194998 0.302985313 0.311786427 0.324394174 0.288399969 0.307783571 0.276942765 0.249123369 0.290315089 0.262375578 0.392851237 0.272801127 0.280057367 0.264829151 0.266631503 0.310529320 0.329931338 0.231069274 0.209108270 0.225087860 0.210957818 0.216294031 0.209102114 0.209717955 0.213405091 0.213456062 0.220682303 0.000000000 0.171449975 0.224525966 0.193552606 0.226389466 0.263483340 0.248108017 0.232569260 0.253783219 0.288896142 
41     0.158464638 0.159261328 0.218527798 0.204793269 0.222034863 0.191013779 0.187310242 0.188798164 0.187433526 0.209449805 0.225473146 0.237414034 0.221248070 0.228561543 0.213373611 0.216879388 0.224805750 0.236938541 0.195368747 0.214530464 0.182038550 0.156872653 0.199398210 0.171774613 0.302837727 0.180985351 0.188272536 0.173150279 0.174957542 0.215778903 0.234877347 0.141768929 0.118138618 0.132440790 0.119291037 0.122765211 0.118809331 0.115602790 0.121857360 0.121564658 0.133474136 0.171449975 0.000000000 0.121538647 0.103891631 0.135869594 0.175005837 0.155110191 0.139945214 0.163167242 0.195559346 
42     0.215402993 0.215916995 0.275377725 0.261136158 0.278165110 0.248536827 0.245450830 0.246434413 0.246342430 0.265472829 0.280401601 0.291617595 0.276996550 0.283371225 0.269735905 0.271482029 0.278604624 0.292591967 0.255292607 0.271998461 0.242227377 0.214620217 0.258249908 0.231321813 0.358532417 0.235285612 0.242216597 0.227229629 0.228968044 0.275069820 0.292837256 0.196487828 0.172806964 0.187749612 0.172958804 0.180514219 0.167260672 0.172373352 0.178222738 0.177817753 0.181604402 0.224525966 0.121538647 0.000000000 0.153389943 0.188004450 0.225655707 0.208041769 0.192520922 0.211847140 0.254983932 
31     0.153755701 0.154475392 0.214883302 0.201901135 0.219662693 0.190018983 0.185682762 0.188435487 0.186246642 0.203556498 0.218627583 0.230005602 0.215266082 0.221093194 0.208957656 0.212348643 0.217864213 0.230863876 0.197660876 0.212575167 0.183986551 0.152662870 0.196306121 0.169127108 0.295300452 0.177622707 0.184827570 0.169794740 0.171898517 0.215522526 0.236110592 0.135393091 0.114014148 0.129959286 0.115283793 0.123755201 0.111742348 0.116059787 0.121010557 0.120918042 0.156209141 0.193552606 0.103891631 0.153389943 0.000000000 0.128645228 0.162906338 0.145580414 0.132156796 0.151959984 0.194646664 
29     0.152078933 0.152409478 0.212476567 0.197286302 0.218024022 0.185041442 0.182996691 0.184000838 0.180951660 0.202124891 0.215522117 0.226482449 0.212369736 0.217111650 0.208411415 0.211912140 0.217172720 0.226768272 0.190753131 0.209183156 0.181012431 0.151812983 0.192785055 0.163979093 0.293030989 0.176630189 0.182520407 0.167940740 0.169261585 0.210331310 0.230443248 0.136022752 0.116725337 0.133351713 0.124032595 0.159313332 0.146612304 0.145812977 0.154163498 0.154599614 0.191124975 0.226389466 0.135869594 0.188004450 0.128645228 0.000000000 0.136993733 0.119619274 0.104621348 0.124965700 0.188045818 
27     0.190622484 0.191334362 0.251576947 0.237882861 0.255261889 0.226256793 0.222925179 0.224538366 0.221565332 0.240048649 0.254061837 0.264523525 0.251301592 0.257193622 0.247408467 0.250333092 0.255189819 0.265313579 0.229705520 0.245807504 0.215754104 0.187323486 0.231491368 0.205549313 0.331642891 0.211923087 0.216591844 0.201463114 0.202995939 0.247630356 0.265398802 0.170561802 0.154870772 0.171513360 0.161540840 0.197133386 0.182593303 0.182868866 0.190994240 0.191724844 0.228428009 0.263483340 0.175005837 0.225655707 0.162906338 0.136993733 0.000000000 0.148084169 0.134679386 0.155322407 0.227744345 
45     0.169402476 0.168957030 0.232490870 0.218222881 0.236566841 0.205518945 0.201767776 0.203334819 0.201382134 0.217325814 0.231814078 0.243175387 0.230515955 0.235093340 0.225760567 0.228489778 0.232012707 0.243170092 0.207381681 0.224100670 0.194385583 0.168484758 0.210122766 0.184051257 0.309967423 0.194481888 0.199268235 0.184803584 0.186325193 0.230629458 0.249315516 0.150292511 0.136452494 0.153229158 0.141717329 0.177307330 0.165526555 0.166498155 0.173767541 0.174452071 0.210884834 0.248108017 0.155110191 0.208041769 0.145580414 0.119619274 0.148084169 0.000000000 0.070679365 0.123127593 0.205631246 
33     0.154051922 0.154663948 0.217022614 0.202962731 0.221264273 0.191560820 0.187517818 0.188335459 0.186417982 0.202184277 0.216599987 0.226544459 0.213482649 0.218752716 0.208333527 0.211654869 0.216798868 0.228943430 0.190597637 0.207848606 0.179846128 0.152505058 0.193125505 0.169261089 0.295545792 0.178462426 0.183171607 0.168662932 0.170197453 0.216023980 0.233675984 0.135104625 0.122754346 0.137262372 0.126903024 0.162699110 0.152415247 0.151273414 0.160722815 0.161350739 0.195194411 0.232569260 0.139945214 0.192520922 0.132156796 0.104621348 0.134679386 0.070679365 0.000000000 0.110996167 0.189941170 
39     0.174955899 0.175067625 0.236611917 0.222937282 0.240026225 0.211023300 0.208836031 0.210140069 0.206437072 0.224502287 0.238900703 0.248647242 0.236299684 0.240562354 0.233160127 0.235576143 0.239633207 0.251990201 0.216090574 0.233838133 0.201969440 0.176795096 0.219549287 0.192586364 0.317712490 0.199573419 0.203067699 0.188955840 0.190453731 0.238425441 0.250713007 0.157767808 0.143946727 0.160329885 0.149652257 0.184497211 0.170709420 0.171777992 0.179569262 0.179725175 0.214324817 0.253783219 0.163167242 0.211847140 0.151959984 0.124965700 0.155322407 0.123127593 0.110996167 0.000000000 0.214089298 
0     0.163642671 0.163287081 0.220851483 0.208748263 0.224430925 0.198771929 0.193860275 0.196169738 0.191217136 0.210283030 0.222114813 0.232636718 0.222950748 0.226217763 0.216359777 0.216220526 0.223002059 0.233015584 0.198616635 0.216153440 0.184927730 0.157654535 0.199803278 0.174433414 0.301102077 0.204624198 0.208264303 0.193943303 0.195501561 0.244338705 0.261002679 0.162594064 0.177423637 0.192018074 0.184830653 0.218515388 0.210105614 0.206459706 0.216124619 0.215728023 0.257005331 0.288896142 0.195559346 0.254983932 0.194646664 0.188045818 0.227744345 0.205631246 0.189941170 0.214089298 0.000000000 
