51
21     0.000000000 0.001482560 0.001515870 0.001394550 0.001632630 0.000697120 0.000814710 0.001140130 0.001683460 0.001797070 0.001668460 0.001671830 0.001611520 0.001995630 0.002068940 0.001955410 0.001769530 0.002076870 0.002039560 0.002064400 0.001915670 0.001849670 0.001821390 0.001785830 0.001877530 0.001521960 0.001532500 0.001420620 0.001421200 0.001579830 0.001871040 0.001421370 0.001853890 0.001401310 0.001542360 0.001659650 0.001132930 0.001413610 0.001112780 0.001821120 0.001790840 0.001759440 0.001869990 0.001494920 0.001480940 0.001554240 0.001681180 0.000813570 0.001920040 0.001825260 0.001437870 
34     0.001482560 0.000000000 0.000226360 0.000044720 0.001941670 0.001809210 0.001563610 0.002306870 0.001942860 0.002056470 0.001927860 0.001931230 0.001870920 0.002255030 0.002328340 0.002214810 0.002028930 0.002336270 0.002298960 0.002323800 0.002175070 0.002109070 0.002080790 0.002045230 0.002136930 0.001781360 0.001791900 0.001680020 0.001680600 0.001839230 0.001805850 0.001680770 0.002113290 0.001660710 0.001801760 0.001919050 0.001392330 0.001673010 0.001372180 0.001771050 0.001959550 0.001745650 0.001788470 0.001553110 0.001485530 0.001461000 0.001821200 0.002122390 0.002179440 0.002084660 0.001697270 
6     0.001515870 0.000226360 0.000000000 0.000068080 0.001974980 0.001842520 0.001596920 0.002340180 0.001976170 0.002089780 0.001961170 0.001964540 0.001904230 0.002288340 0.002361650 0.002248120 0.002062240 0.002369580 0.002332270 0.002357110 0.002208380 0.002142380 0.002114100 0.002078540 0.002170240 0.001814670 0.001825210 0.001713330 0.001713910 0.001872540 0.001852450 0.001714080 0.002146600 0.001694020 0.001835070 0.001952360 0.001425640 0.001706320 0.001405490 0.001817650 0.002006150 0.001792250 0.001835070 0.001599710 0.001532130 0.001507600 0.001867800 0.002155700 0.002212750 0.002117970 0.001730580 
40     0.001394550 0.000044720 0.000068080 0.000000000 0.001853660 0.001721200 0.001475600 0.002218860 0.001854850 0.001968460 0.001839850 0.001843220 0.001782910 0.002167020 0.002240330 0.002126800 0.001940920 0.002248260 0.002210950 0.002235790 0.002087060 0.002021060 0.001992780 0.001957220 0.002048920 0.001693350 0.001703890 0.001592010 0.001592590 0.001751220 0.002036680 0.001592760 0.002025280 0.001572700 0.001713750 0.001831040 0.001304320 0.001585000 0.001284170 0.001992510 0.001962230 0.001930830 0.002019300 0.001666310 0.001652330 0.001691830 0.001852570 0.002034380 0.002091430 0.001996650 0.001609260 
9     0.001632630 0.001941670 0.001974980 0.001853660 0.000000000 0.000519110 0.000073100 0.002015780 0.001957180 0.002256180 0.002127570 0.002130940 0.002070630 0.002199870 0.002244770 0.002414520 0.002228640 0.002327330 0.002297560 0.002445740 0.002236820 0.002229380 0.002280500 0.002244940 0.002336640 0.001705530 0.001791630 0.001670300 0.001673560 0.001739390 0.001599420 0.001880480 0.001996390 0.001860420 0.002001470 0.002118760 0.001592040 0.001564710 0.001440990 0.001564620 0.001753120 0.001539220 0.001582040 0.001346680 0.001279100 0.001254570 0.001614770 0.002042550 0.002245400 0.002109680 0.001896980 
33     0.000697120 0.001809210 0.001842520 0.001721200 0.000519110 0.000000000 0.000173430 0.000503750 0.001936550 0.002123720 0.001995110 0.001998480 0.001938170 0.002179240 0.002224140 0.002282060 0.002096180 0.002306700 0.002276930 0.002391050 0.002216190 0.002176320 0.002148040 0.002112480 0.002204180 0.001684900 0.001771000 0.001649670 0.001652930 0.001718760 0.001578790 0.001748020 0.001975760 0.001727960 0.001869010 0.001986300 0.001459580 0.001544080 0.001420360 0.001543990 0.001732490 0.001518590 0.001561410 0.001326050 0.001258470 0.001233940 0.001594140 0.000177190 0.002224770 0.002089050 0.001764520 
45     0.000814710 0.001563610 0.001596920 0.001475600 0.000073100 0.000173430 0.000000000 0.000621340 0.001764510 0.001878120 0.001749510 0.001752880 0.001692570 0.002073110 0.002118010 0.002036460 0.001850580 0.002157920 0.002120610 0.002145450 0.001996720 0.001930720 0.001902440 0.001866880 0.001958580 0.001578770 0.001613550 0.001501670 0.001502250 0.001612630 0.001472660 0.001502420 0.001869630 0.001482360 0.001623410 0.001740700 0.001213980 0.001437950 0.001193830 0.001437860 0.001626360 0.001412460 0.001455280 0.001219920 0.001152340 0.001127810 0.001488010 0.000294780 0.002001090 0.001906310 0.001518920 
15     0.001140130 0.002306870 0.002340180 0.002218860 0.002015780 0.000503750 0.000621340 0.000000000 0.002290220 0.002621380 0.002492770 0.002496140 0.002435830 0.002532910 0.002577810 0.002779720 0.002593840 0.002660370 0.002630600 0.002778780 0.002569860 0.002562420 0.002615920 0.002610140 0.002701840 0.002038570 0.002124670 0.002003340 0.002006600 0.002072430 0.001932460 0.002245680 0.002329430 0.002225620 0.002366670 0.002483960 0.001957240 0.001897750 0.001774030 0.001897660 0.002086160 0.001872260 0.001915080 0.001679720 0.001612140 0.001587610 0.001947810 0.000447820 0.002578440 0.002442720 0.002262180 
19     0.001683460 0.001942860 0.001976170 0.001854850 0.001957180 0.001936550 0.001764510 0.002290220 0.000000000 0.000696010 0.000567400 0.000570770 0.000510460 0.000581450 0.000626350 0.000870070 0.000684190 0.000708910 0.000571580 0.000827320 0.000618400 0.000610960 0.000664460 0.000633440 0.000779290 0.001434000 0.001444540 0.001332660 0.001333240 0.001491870 0.000927540 0.001333410 0.001765930 0.001313350 0.001454400 0.001571690 0.001044970 0.001325650 0.001024820 0.001440860 0.001629360 0.001415460 0.001458280 0.001451700 0.001384120 0.001359590 0.001697600 0.001879410 0.001936460 0.001841680 0.001507470 
14     0.001797070 0.002056470 0.002089780 0.001968460 0.002256180 0.002123720 0.001878120 0.002621380 0.000696010 0.000000000 0.000345460 0.000364480 0.000540150 0.001089980 0.001134880 0.000983680 0.000797800 0.001217440 0.001187670 0.001335850 0.001126930 0.001119490 0.001172990 0.001142920 0.001234620 0.001547610 0.001558150 0.001446270 0.001446850 0.001605480 0.001896690 0.001447020 0.001879540 0.001426960 0.001568010 0.001685300 0.001158580 0.001439260 0.001138430 0.001846770 0.001816490 0.001785090 0.001895640 0.001709510 0.001695530 0.001768830 0.001811210 0.001993020 0.002050070 0.001955290 0.001621080 
5     0.001668460 0.001927860 0.001961170 0.001839850 0.002127570 0.001995110 0.001749510 0.002492770 0.000567400 0.000345460 0.000000000 0.000024540 0.000411540 0.000956000 0.001000900 0.000855070 0.000669190 0.001083460 0.001053690 0.001201870 0.000837270 0.000985510 0.001039010 0.000539400 0.000685250 0.001419000 0.001429540 0.001317660 0.001318240 0.001476870 0.001768080 0.001318410 0.001750930 0.001298350 0.001439400 0.001556690 0.001029970 0.001310650 0.001009820 0.001718160 0.001687880 0.001656480 0.001767030 0.001580900 0.001566920 0.001640220 0.001682600 0.001864410 0.001921460 0.001826680 0.001492470 
12     0.001671830 0.001931230 0.001964540 0.001843220 0.002130940 0.001998480 0.001752880 0.002496140 0.000570770 0.000364480 0.000024540 0.000000000 0.000037560 0.000975020 0.001019920 0.000858440 0.000672560 0.001102480 0.001072710 0.001220890 0.000861810 0.001004530 0.001053240 0.000563940 0.000709790 0.001422370 0.001432910 0.001321030 0.001321610 0.001480240 0.001771450 0.001321780 0.001754300 0.001301720 0.001442770 0.001560060 0.001033340 0.001314020 0.001013190 0.001721530 0.001691250 0.001659850 0.001770400 0.001584270 0.001570290 0.001643590 0.001685970 0.001867780 0.001924830 0.001830050 0.001495840 
28     0.001611520 0.001870920 0.001904230 0.001782910 0.002070630 0.001938170 0.001692570 0.002435830 0.000510460 0.000540150 0.000411540 0.000037560 0.000000000 0.001033870 0.001078770 0.000798130 0.000612250 0.001161330 0.001131560 0.001235940 0.001070820 0.001021210 0.000992930 0.000957370 0.001049070 0.001362060 0.001372600 0.001260720 0.001261300 0.001419930 0.001711140 0.001261470 0.001693990 0.001241410 0.001382460 0.001499750 0.000973030 0.001253710 0.000952880 0.001661220 0.001630940 0.001599540 0.001710090 0.001523960 0.001509980 0.001583280 0.001625660 0.001807470 0.001864520 0.001769740 0.001435530 
46     0.001995630 0.002255030 0.002288340 0.002167020 0.002199870 0.002179240 0.002073110 0.002532910 0.000581450 0.001089980 0.000956000 0.000975020 0.001033870 0.000000000 0.000260780 0.000866730 0.000720260 0.000695240 0.000665470 0.000813650 0.000604730 0.000597290 0.000650790 0.000722140 0.000813840 0.001746170 0.001756710 0.001644830 0.001645410 0.001804040 0.001718350 0.001645580 0.002078100 0.001625520 0.001766570 0.001883860 0.001357140 0.001637820 0.001336990 0.001683550 0.001872050 0.001658150 0.001700970 0.001694390 0.001626810 0.001602280 0.001962480 0.002191580 0.002248630 0.002153850 0.001819640 
20     0.002068940 0.002328340 0.002361650 0.002240330 0.002244770 0.002224140 0.002118010 0.002577810 0.000626350 0.001134880 0.001000900 0.001019920 0.001078770 0.000260780 0.000000000 0.000911630 0.000765160 0.000740140 0.000710370 0.000858550 0.000649630 0.000642190 0.000619400 0.000795450 0.000887150 0.001819480 0.001830020 0.001718140 0.001718720 0.001877350 0.001763250 0.001718890 0.002151410 0.001698830 0.001839880 0.001957170 0.001430450 0.001711130 0.001410300 0.001728450 0.001916950 0.001703050 0.001745870 0.001739290 0.001671710 0.001647180 0.002007380 0.002264890 0.002321940 0.002227160 0.001892950 
30     0.001955410 0.002214810 0.002248120 0.002126800 0.002414520 0.002282060 0.002036460 0.002779720 0.000870070 0.000983680 0.000855070 0.000858440 0.000798130 0.000866730 0.000911630 0.000000000 0.000503350 0.000525710 0.000495940 0.000644120 0.000847940 0.000840500 0.000894000 0.000942530 0.000745800 0.001705950 0.001716490 0.001604610 0.001605190 0.001763820 0.002017300 0.001605360 0.002037880 0.001585300 0.001726350 0.001843640 0.001316920 0.001597600 0.001296770 0.001982500 0.001974830 0.001943430 0.001999920 0.001867850 0.001853870 0.001901230 0.001969550 0.002151360 0.002208410 0.002113630 0.001779420 
36     0.001769530 0.002028930 0.002062240 0.001940920 0.002228640 0.002096180 0.001850580 0.002593840 0.000684190 0.000797800 0.000669190 0.000672560 0.000612250 0.000720260 0.000765160 0.000503350 0.000000000 0.000295240 0.000238120 0.000413650 0.000701470 0.000694030 0.000747530 0.001081650 0.001155730 0.001520070 0.001530610 0.001418730 0.001419310 0.001577940 0.001869150 0.001419480 0.001852000 0.001399420 0.001540470 0.001657760 0.001131040 0.001411720 0.001110890 0.001819230 0.001788950 0.001757550 0.001853450 0.001681970 0.001667990 0.001741290 0.001783670 0.001965480 0.002022530 0.001927750 0.001593540 
41     0.002076870 0.002336270 0.002369580 0.002248260 0.002327330 0.002306700 0.002157920 0.002660370 0.000708910 0.001217440 0.001083460 0.001102480 0.001161330 0.000695240 0.000740140 0.000525710 0.000295240 0.000000000 0.000154670 0.000179510 0.000676450 0.000669010 0.000722510 0.000810880 0.000902580 0.001827410 0.001837950 0.001726070 0.001726650 0.001885280 0.001845810 0.001726820 0.002159340 0.001706760 0.001847810 0.001965100 0.001438380 0.001678320 0.001418230 0.001811010 0.001852290 0.001785610 0.001828430 0.001821850 0.001754270 0.001729740 0.002089940 0.002272820 0.002329870 0.002235090 0.001900880 
26     0.002039560 0.002298960 0.002332270 0.002210950 0.002297560 0.002276930 0.002120610 0.002630600 0.000571580 0.001187670 0.001053690 0.001072710 0.001131560 0.000665470 0.000710370 0.000495940 0.000238120 0.000154670 0.000000000 0.000078180 0.000646680 0.000639240 0.000692740 0.000773570 0.000865270 0.001790100 0.001800640 0.001688760 0.001689340 0.001847970 0.001816040 0.001689510 0.002122030 0.001669450 0.001810500 0.001927790 0.001401070 0.001681750 0.001380920 0.001781240 0.001930570 0.001755840 0.001798660 0.001792080 0.001724500 0.001699970 0.002053700 0.002235510 0.002292560 0.002197780 0.001863570 
10     0.002064400 0.002323800 0.002357110 0.002235790 0.002445740 0.002391050 0.002145450 0.002778780 0.000827320 0.001335850 0.001201870 0.001220890 0.001235940 0.000813650 0.000858550 0.000644120 0.000413650 0.000179510 0.000078180 0.000000000 0.000794860 0.000787420 0.000837570 0.000798410 0.000890110 0.001814940 0.001825480 0.001713600 0.001714180 0.001872810 0.001964220 0.001714350 0.002146870 0.001694290 0.001835340 0.001952630 0.001425910 0.001706590 0.001405760 0.001929420 0.001936360 0.001904020 0.001946840 0.001940260 0.001872680 0.001848150 0.002078540 0.002260350 0.002317400 0.002222620 0.001888410 
29     0.001915670 0.002175070 0.002208380 0.002087060 0.002236820 0.002216190 0.001996720 0.002569860 0.000618400 0.001126930 0.000837270 0.000861810 0.001070820 0.000604730 0.000649630 0.000847940 0.000701470 0.000676450 0.000646680 0.000794860 0.000000000 0.000154460 0.000207960 0.000305150 0.000580360 0.001666210 0.001676750 0.001564870 0.001565450 0.001724080 0.001755300 0.001565620 0.001998140 0.001545560 0.001686610 0.001803900 0.001277180 0.001557860 0.001257030 0.001720500 0.001909000 0.001695100 0.001737920 0.001731340 0.001663760 0.001639230 0.001929810 0.002111620 0.002168670 0.002073890 0.001739680 
3     0.001849670 0.002109070 0.002142380 0.002021060 0.002229380 0.002176320 0.001930720 0.002562420 0.000610960 0.001119490 0.000985510 0.001004530 0.001021210 0.000597290 0.000642190 0.000840500 0.000694030 0.000669010 0.000639240 0.000787420 0.000154460 0.000000000 0.000080210 0.000587280 0.000678980 0.001600210 0.001610750 0.001498870 0.001499450 0.001658080 0.001747860 0.001499620 0.001932140 0.001479560 0.001620610 0.001737900 0.001211180 0.001491860 0.001191030 0.001713060 0.001869090 0.001687660 0.001730480 0.001723900 0.001656320 0.001631790 0.001863810 0.002045620 0.002102670 0.002007890 0.001673680 
24     0.001821390 0.002080790 0.002114100 0.001992780 0.002280500 0.002148040 0.001902440 0.002615920 0.000664460 0.001172990 0.001039010 0.001053240 0.000992930 0.000650790 0.000619400 0.000894000 0.000747530 0.000722510 0.000692740 0.000837570 0.000207960 0.000080210 0.000000000 0.000559000 0.000650700 0.001571930 0.001582470 0.001470590 0.001471170 0.001629800 0.001801360 0.001471340 0.001903860 0.001451280 0.001592330 0.001709620 0.001182900 0.001463580 0.001162750 0.001766560 0.001840810 0.001741160 0.001783980 0.001733830 0.001709820 0.001685290 0.001835530 0.002017340 0.002074390 0.001979610 0.001645400 
31     0.001785830 0.002045230 0.002078540 0.001957220 0.002244940 0.002112480 0.001866880 0.002610140 0.000633440 0.001142920 0.000539400 0.000563940 0.000957370 0.000722140 0.000795450 0.000942530 0.001081650 0.000810880 0.000773570 0.000798410 0.000305150 0.000587280 0.000559000 0.000000000 0.000160740 0.001536370 0.001546910 0.001435030 0.001435610 0.001594240 0.001885450 0.001435780 0.001868300 0.001415720 0.001556770 0.001674060 0.001147340 0.001428020 0.001127190 0.001835530 0.001805250 0.001773850 0.001884400 0.001698270 0.001684290 0.001757590 0.001799970 0.001981780 0.002038830 0.001944050 0.001609840 
23     0.001877530 0.002136930 0.002170240 0.002048920 0.002336640 0.002204180 0.001958580 0.002701840 0.000779290 0.001234620 0.000685250 0.000709790 0.001049070 0.000813840 0.000887150 0.000745800 0.001155730 0.000902580 0.000865270 0.000890110 0.000580360 0.000678980 0.000650700 0.000160740 0.000000000 0.001628070 0.001638610 0.001526730 0.001527310 0.001685940 0.001977150 0.001527480 0.001960000 0.001507420 0.001648470 0.001765760 0.001239040 0.001519720 0.001218890 0.001927230 0.001896950 0.001865550 0.001976100 0.001789970 0.001775990 0.001849290 0.001891670 0.002073480 0.002130530 0.002035750 0.001701540 
18     0.001521960 0.001781360 0.001814670 0.001693350 0.001705530 0.001684900 0.001578770 0.002038570 0.001434000 0.001547610 0.001419000 0.001422370 0.001362060 0.001746170 0.001819480 0.001705950 0.001520070 0.001827410 0.001790100 0.001814940 0.001666210 0.001600210 0.001571930 0.001536370 0.001628070 0.000000000 0.000128120 0.000518930 0.000522190 0.000588020 0.000636570 0.001111110 0.001543630 0.001091050 0.001232100 0.001349390 0.000822670 0.001103350 0.000802520 0.001124450 0.001312950 0.001099050 0.001141870 0.001200050 0.001132470 0.001107940 0.001468140 0.001717910 0.001774960 0.001680180 0.001345970 
16     0.001532500 0.001791900 0.001825210 0.001703890 0.001791630 0.001771000 0.001613550 0.002124670 0.001444540 0.001558150 0.001429540 0.001432910 0.001372600 0.001756710 0.001830020 0.001716490 0.001530610 0.001837950 0.001800640 0.001825480 0.001676750 0.001610750 0.001582470 0.001546910 0.001638610 0.000128120 0.000000000 0.000605030 0.000608290 0.000674120 0.000722670 0.001121650 0.001554170 0.001101590 0.001242640 0.001359930 0.000833210 0.001113890 0.000813060 0.001210550 0.001399050 0.001185150 0.001227970 0.001286150 0.001218570 0.001194040 0.001546640 0.001728450 0.001785500 0.001690720 0.001356510 
35     0.001420620 0.001680020 0.001713330 0.001592010 0.001670300 0.001649670 0.001501670 0.002003340 0.001332660 0.001446270 0.001317660 0.001321030 0.001260720 0.001644830 0.001718140 0.001604610 0.001418730 0.001726070 0.001688760 0.001713600 0.001564870 0.001498870 0.001470590 0.001435030 0.001526730 0.000518930 0.000605030 0.000000000 0.000123320 0.000115630 0.000601340 0.001009770 0.001442290 0.000989710 0.001130760 0.001248050 0.000721330 0.001002010 0.000701180 0.001089220 0.001277720 0.001063820 0.001106640 0.001164820 0.001097240 0.001072710 0.001432910 0.001616570 0.001673620 0.001578840 0.001244630 
11     0.001421200 0.001680600 0.001713910 0.001592590 0.001673560 0.001652930 0.001502250 0.002006600 0.001333240 0.001446850 0.001318240 0.001321610 0.001261300 0.001645410 0.001718720 0.001605190 0.001419310 0.001726650 0.001689340 0.001714180 0.001565450 0.001499450 0.001471170 0.001435610 0.001527310 0.000522190 0.000608290 0.000123320 0.000000000 0.000120330 0.000604600 0.001010350 0.001442870 0.000990290 0.001131340 0.001248630 0.000721910 0.001002590 0.000701760 0.001092480 0.001280980 0.001067080 0.001109900 0.001168080 0.001100500 0.001075970 0.001435340 0.001617150 0.001674200 0.001579420 0.001245210 
43     0.001579830 0.001839230 0.001872540 0.001751220 0.001739390 0.001718760 0.001612630 0.002072430 0.001491870 0.001605480 0.001476870 0.001480240 0.001419930 0.001804040 0.001877350 0.001763820 0.001577940 0.001885280 0.001847970 0.001872810 0.001724080 0.001658080 0.001629800 0.001594240 0.001685940 0.000588020 0.000674120 0.000115630 0.000120330 0.000000000 0.000670430 0.001168980 0.001590080 0.001148920 0.001289970 0.001407260 0.000880540 0.001158400 0.000860390 0.001158310 0.001346810 0.001132910 0.001175730 0.001233910 0.001166330 0.001141800 0.001502000 0.001775780 0.001832830 0.001738050 0.001403840 
27     0.001871040 0.001805850 0.001852450 0.002036680 0.001599420 0.001578790 0.001472660 0.001932460 0.000927540 0.001896690 0.001768080 0.001771450 0.001711140 0.001718350 0.001763250 0.002017300 0.001869150 0.001845810 0.001816040 0.001964220 0.001755300 0.001747860 0.001801360 0.001885450 0.001977150 0.000636570 0.000722670 0.000601340 0.000604600 0.000670430 0.000000000 0.001460190 0.001450110 0.001440130 0.001581180 0.001698470 0.001171750 0.001018430 0.000894710 0.001018340 0.001206840 0.000992940 0.001035760 0.001093940 0.001026360 0.001001830 0.001362030 0.001789810 0.001992660 0.001856940 0.001695050 
13     0.001421370 0.001680770 0.001714080 0.001592760 0.001880480 0.001748020 0.001502420 0.002245680 0.001333410 0.001447020 0.001318410 0.001321780 0.001261470 0.001645580 0.001718890 0.001605360 0.001419480 0.001726820 0.001689510 0.001714350 0.001565620 0.001499620 0.001471340 0.001435780 0.001527480 0.001111110 0.001121650 0.001009770 0.001010350 0.001168980 0.001460190 0.000000000 0.000444630 0.000025230 0.000503510 0.000846220 0.000668280 0.000948960 0.000648130 0.001286320 0.001326190 0.001260920 0.001303740 0.001333810 0.001319830 0.001393130 0.001435510 0.001617320 0.001674370 0.001579590 0.001245380 
1     0.001853890 0.002113290 0.002146600 0.002025280 0.001996390 0.001975760 0.001869630 0.002329430 0.001765930 0.001879540 0.001750930 0.001754300 0.001693990 0.002078100 0.002151410 0.002037880 0.001852000 0.002159340 0.002122030 0.002146870 0.001998140 0.001932140 0.001903860 0.001868300 0.001960000 0.001543630 0.001554170 0.001442290 0.001442870 0.001590080 0.001450110 0.000444630 0.000000000 0.000677620 0.000676380 0.000909650 0.001100800 0.001381480 0.001080650 0.001219150 0.001407650 0.001193750 0.001236570 0.001490910 0.001423330 0.001398800 0.001759000 0.002049840 0.002106890 0.002012110 0.001677900 
37     0.001401310 0.001660710 0.001694020 0.001572700 0.001860420 0.001727960 0.001482360 0.002225620 0.001313350 0.001426960 0.001298350 0.001301720 0.001241410 0.001625520 0.001698830 0.001585300 0.001399420 0.001706760 0.001669450 0.001694290 0.001545560 0.001479560 0.001451280 0.001415720 0.001507420 0.001091050 0.001101590 0.000989710 0.000990290 0.001148920 0.001440130 0.000025230 0.000677620 0.000000000 0.000064170 0.000826160 0.000648220 0.000928900 0.000628070 0.001336410 0.001306130 0.001274730 0.001385280 0.001313750 0.001299770 0.001373070 0.001415450 0.001597260 0.001654310 0.001559530 0.001225320 
2     0.001542360 0.001801760 0.001835070 0.001713750 0.002001470 0.001869010 0.001623410 0.002366670 0.001454400 0.001568010 0.001439400 0.001442770 0.001382460 0.001766570 0.001839880 0.001726350 0.001540470 0.001847810 0.001810500 0.001835340 0.001686610 0.001620610 0.001592330 0.001556770 0.001648470 0.001232100 0.001242640 0.001130760 0.001131340 0.001289970 0.001581180 0.000503510 0.000676380 0.000064170 0.000000000 0.000967210 0.000789270 0.001069950 0.000769120 0.001471830 0.001447180 0.001415780 0.001489250 0.001454800 0.001440820 0.001514120 0.001556500 0.001738310 0.001795360 0.001700580 0.001366370 
44     0.001659650 0.001919050 0.001952360 0.001831040 0.002118760 0.001986300 0.001740700 0.002483960 0.001571690 0.001685300 0.001556690 0.001560060 0.001499750 0.001883860 0.001957170 0.001843640 0.001657760 0.001965100 0.001927790 0.001952630 0.001803900 0.001737900 0.001709620 0.001674060 0.001765760 0.001349390 0.001359930 0.001248050 0.001248630 0.001407260 0.001698470 0.000846220 0.000909650 0.000826160 0.000967210 0.000000000 0.000906560 0.001187240 0.000886410 0.001594750 0.001564470 0.001533070 0.001616540 0.001572090 0.001558110 0.001631410 0.001673790 0.001855600 0.001912650 0.001817870 0.001483660 
25     0.001132930 0.001392330 0.001425640 0.001304320 0.001592040 0.001459580 0.001213980 0.001957240 0.001044970 0.001158580 0.001029970 0.001033340 0.000973030 0.001357140 0.001430450 0.001316920 0.001131040 0.001438380 0.001401070 0.001425910 0.001277180 0.001211180 0.001182900 0.001147340 0.001239040 0.000822670 0.000833210 0.000721330 0.000721910 0.000880540 0.001171750 0.000668280 0.001100800 0.000648220 0.000789270 0.000906560 0.000000000 0.000196810 0.000350150 0.001040290 0.001010010 0.000978610 0.001089160 0.001045370 0.001031390 0.001104690 0.001147070 0.001328880 0.001385930 0.001291150 0.000956940 
38     0.001413610 0.001673010 0.001706320 0.001585000 0.001564710 0.001544080 0.001437950 0.001897750 0.001325650 0.001439260 0.001310650 0.001314020 0.001253710 0.001637820 0.001711130 0.001597600 0.001411720 0.001678320 0.001681750 0.001706590 0.001557860 0.001491860 0.001463580 0.001428020 0.001519720 0.001103350 0.001113890 0.001002010 0.001002590 0.001158400 0.001018430 0.000948960 0.001381480 0.000928900 0.001069950 0.001187240 0.000196810 0.000000000 0.000130850 0.000968830 0.001157330 0.000943430 0.000986250 0.001059230 0.000991650 0.000967120 0.001327320 0.001609560 0.001666610 0.001571830 0.001237620 
7     0.001112780 0.001372180 0.001405490 0.001284170 0.001440990 0.001420360 0.001193830 0.001774030 0.001024820 0.001138430 0.001009820 0.001013190 0.000952880 0.001336990 0.001410300 0.001296770 0.001110890 0.001418230 0.001380920 0.001405760 0.001257030 0.001191030 0.001162750 0.001127190 0.001218890 0.000802520 0.000813060 0.000701180 0.000701760 0.000860390 0.000894710 0.000648130 0.001080650 0.000628070 0.000769120 0.000886410 0.000350150 0.000130850 0.000000000 0.000845110 0.001008060 0.000819710 0.000862530 0.000935510 0.000867930 0.000843400 0.001126920 0.001308730 0.001365780 0.001271000 0.000936790 
22     0.001821120 0.001771050 0.001817650 0.001992510 0.001564620 0.001543990 0.001437860 0.001897660 0.001440860 0.001846770 0.001718160 0.001721530 0.001661220 0.001683550 0.001728450 0.001982500 0.001819230 0.001811010 0.001781240 0.001929420 0.001720500 0.001713060 0.001766560 0.001835530 0.001927230 0.001124450 0.001210550 0.001089220 0.001092480 0.001158310 0.001018340 0.001286320 0.001219150 0.001336410 0.001471830 0.001594750 0.001040290 0.000968830 0.000845110 0.000000000 0.000096480 0.000054260 0.000288540 0.001059140 0.000991560 0.000967030 0.001327230 0.001755010 0.001957860 0.001822140 0.001645130 
8     0.001790840 0.001959550 0.002006150 0.001962230 0.001753120 0.001732490 0.001626360 0.002086160 0.001629360 0.001816490 0.001687880 0.001691250 0.001630940 0.001872050 0.001916950 0.001974830 0.001788950 0.001852290 0.001930570 0.001936360 0.001909000 0.001869090 0.001840810 0.001805250 0.001896950 0.001312950 0.001399050 0.001277720 0.001280980 0.001346810 0.001206840 0.001326190 0.001407650 0.001306130 0.001447180 0.001564470 0.001010010 0.001157330 0.001008060 0.000096480 0.000000000 0.000032190 0.000131110 0.001247640 0.001180060 0.001155530 0.001515730 0.001943510 0.002043840 0.001949060 0.001614850 
4     0.001759440 0.001745650 0.001792250 0.001930830 0.001539220 0.001518590 0.001412460 0.001872260 0.001415460 0.001785090 0.001656480 0.001659850 0.001599540 0.001658150 0.001703050 0.001943430 0.001757550 0.001785610 0.001755840 0.001904020 0.001695100 0.001687660 0.001741160 0.001773850 0.001865550 0.001099050 0.001185150 0.001063820 0.001067080 0.001132910 0.000992940 0.001260920 0.001193750 0.001274730 0.001415780 0.001533070 0.000978610 0.000943430 0.000819710 0.000054260 0.000032190 0.000000000 0.000263140 0.001033740 0.000966160 0.000941630 0.001301830 0.001729610 0.001932460 0.001796740 0.001583450 
17     0.001869990 0.001788470 0.001835070 0.002019300 0.001582040 0.001561410 0.001455280 0.001915080 0.001458280 0.001895640 0.001767030 0.001770400 0.001710090 0.001700970 0.001745870 0.001999920 0.001853450 0.001828430 0.001798660 0.001946840 0.001737920 0.001730480 0.001783980 0.001884400 0.001976100 0.001141870 0.001227970 0.001106640 0.001109900 0.001175730 0.001035760 0.001303740 0.001236570 0.001385280 0.001489250 0.001616540 0.001089160 0.000986250 0.000862530 0.000288540 0.000131110 0.000263140 0.000000000 0.001076560 0.001008980 0.000984450 0.001344650 0.001772430 0.001975280 0.001839560 0.001694000 
42     0.001494920 0.001553110 0.001599710 0.001666310 0.001346680 0.001326050 0.001219920 0.001679720 0.001451700 0.001709510 0.001580900 0.001584270 0.001523960 0.001694390 0.001739290 0.001867850 0.001681970 0.001821850 0.001792080 0.001940260 0.001731340 0.001723900 0.001733830 0.001698270 0.001789970 0.001200050 0.001286150 0.001164820 0.001168080 0.001233910 0.001093940 0.001333810 0.001490910 0.001313750 0.001454800 0.001572090 0.001045370 0.001059230 0.000935510 0.001059140 0.001247640 0.001033740 0.001076560 0.000000000 0.000116450 0.000608830 0.001091510 0.001519290 0.001722140 0.001586420 0.001350310 
32     0.001480940 0.001485530 0.001532130 0.001652330 0.001279100 0.001258470 0.001152340 0.001612140 0.001384120 0.001695530 0.001566920 0.001570290 0.001509980 0.001626810 0.001671710 0.001853870 0.001667990 0.001754270 0.001724500 0.001872680 0.001663760 0.001656320 0.001709820 0.001684290 0.001775990 0.001132470 0.001218570 0.001097240 0.001100500 0.001166330 0.001026360 0.001319830 0.001423330 0.001299770 0.001440820 0.001558110 0.001031390 0.000991650 0.000867930 0.000991560 0.001180060 0.000966160 0.001008980 0.000116450 0.000000000 0.000541250 0.001023930 0.001451710 0.001654560 0.001518840 0.001336330 
39     0.001554240 0.001461000 0.001507600 0.001691830 0.001254570 0.001233940 0.001127810 0.001587610 0.001359590 0.001768830 0.001640220 0.001643590 0.001583280 0.001602280 0.001647180 0.001901230 0.001741290 0.001729740 0.001699970 0.001848150 0.001639230 0.001631790 0.001685290 0.001757590 0.001849290 0.001107940 0.001194040 0.001072710 0.001075970 0.001141800 0.001001830 0.001393130 0.001398800 0.001373070 0.001514120 0.001631410 0.001104690 0.000967120 0.000843400 0.000967030 0.001155530 0.000941630 0.000984450 0.000608830 0.000541250 0.000000000 0.000999400 0.001427180 0.001630030 0.001494310 0.001409630 
48     0.001681180 0.001821200 0.001867800 0.001852570 0.001614770 0.001594140 0.001488010 0.001947810 0.001697600 0.001811210 0.001682600 0.001685970 0.001625660 0.001962480 0.002007380 0.001969550 0.001783670 0.002089940 0.002053700 0.002078540 0.001929810 0.001863810 0.001835530 0.001799970 0.001891670 0.001468140 0.001546640 0.001432910 0.001435340 0.001502000 0.001362030 0.001435510 0.001759000 0.001415450 0.001556500 0.001673790 0.001147070 0.001327320 0.001126920 0.001327230 0.001515730 0.001301830 0.001344650 0.001091510 0.001023930 0.000999400 0.000000000 0.000586060 0.000874710 0.000738990 0.001505190 
49     0.000813570 0.002122390 0.002155700 0.002034380 0.002042550 0.000177190 0.000294780 0.000447820 0.001879410 0.001993020 0.001864410 0.001867780 0.001807470 0.002191580 0.002264890 0.002151360 0.001965480 0.002272820 0.002235510 0.002260350 0.002111620 0.002045620 0.002017340 0.001981780 0.002073480 0.001717910 0.001728450 0.001616570 0.001617150 0.001775780 0.001789810 0.001617320 0.002049840 0.001597260 0.001738310 0.001855600 0.001328880 0.001609560 0.001308730 0.001755010 0.001943510 0.001729610 0.001772430 0.001519290 0.001451710 0.001427180 0.000586060 0.000000000 0.000347190 0.000252410 0.001687000 
47     0.001920040 0.002179440 0.002212750 0.002091430 0.002245400 0.002224770 0.002001090 0.002578440 0.001936460 0.002050070 0.001921460 0.001924830 0.001864520 0.002248630 0.002321940 0.002208410 0.002022530 0.002329870 0.002292560 0.002317400 0.002168670 0.002102670 0.002074390 0.002038830 0.002130530 0.001774960 0.001785500 0.001673620 0.001674200 0.001832830 0.001992660 0.001674370 0.002106890 0.001654310 0.001795360 0.001912650 0.001385930 0.001666610 0.001365780 0.001957860 0.002043840 0.001932460 0.001975280 0.001722140 0.001654560 0.001630030 0.000874710 0.000347190 0.000000000 0.000171600 0.001744050 
50     0.001825260 0.002084660 0.002117970 0.001996650 0.002109680 0.002089050 0.001906310 0.002442720 0.001841680 0.001955290 0.001826680 0.001830050 0.001769740 0.002153850 0.002227160 0.002113630 0.001927750 0.002235090 0.002197780 0.002222620 0.002073890 0.002007890 0.001979610 0.001944050 0.002035750 0.001680180 0.001690720 0.001578840 0.001579420 0.001738050 0.001856940 0.001579590 0.002012110 0.001559530 0.001700580 0.001817870 0.001291150 0.001571830 0.001271000 0.001822140 0.001949060 0.001796740 0.001839560 0.001586420 0.001518840 0.001494310 0.000738990 0.000252410 0.000171600 0.000000000 0.001649270 
0     0.001437870 0.001697270 0.001730580 0.001609260 0.001896980 0.001764520 0.001518920 0.002262180 0.001507470 0.001621080 0.001492470 0.001495840 0.001435530 0.001819640 0.001892950 0.001779420 0.001593540 0.001900880 0.001863570 0.001888410 0.001739680 0.001673680 0.001645400 0.001609840 0.001701540 0.001345970 0.001356510 0.001244630 0.001245210 0.001403840 0.001695050 0.001245380 0.001677900 0.001225320 0.001366370 0.001483660 0.000956940 0.001237620 0.000936790 0.001645130 0.001614850 0.001583450 0.001694000 0.001350310 0.001336330 0.001409630 0.001505190 0.001687000 0.001744050 0.001649270 0.000000000 
