51
21     0.000000000 0.193420541 0.194696059 0.194330373 0.197723877 0.193337928 0.191695991 0.238503313 0.248245736 0.258943052 0.258054154 0.255630600 0.259619613 0.257032001 0.248673710 0.261992933 0.254820624 0.259003877 0.258355094 0.258313883 0.256266747 0.255530688 0.257214657 0.259433237 0.259893698 0.250405915 0.241726994 0.244904806 0.244612339 0.246590195 0.261746392 0.258945215 0.251203308 0.252807259 0.250330744 0.257228258 0.257868010 0.247838453 0.254283402 0.234355087 0.235737269 0.236416236 0.245901551 0.236407232 0.236551117 0.240630701 0.263526177 0.265120754 0.260965383 0.261219267 0.433958294 
34     0.193420541 0.000000000 0.044992341 0.054527658 0.233039392 0.228652302 0.226951875 0.272943456 0.282998994 0.293696310 0.292807412 0.290383858 0.294372871 0.291785259 0.283426968 0.296746190 0.289573882 0.293757135 0.293108352 0.293067141 0.291020005 0.290283946 0.291967915 0.294186495 0.294646956 0.285143204 0.276464283 0.279642095 0.279349628 0.281327484 0.296483681 0.293652107 0.285910200 0.287514151 0.285037636 0.291935150 0.292574343 0.282544786 0.288989734 0.269061979 0.270444161 0.271123128 0.280608443 0.270913157 0.271057042 0.275136627 0.298510760 0.300105337 0.295949965 0.296203850 0.468866328 
6     0.194696059 0.044992341 0.000000000 0.058115193 0.234314762 0.229927672 0.228227245 0.274218826 0.284274365 0.294971680 0.294082782 0.291659228 0.295648241 0.293060629 0.284702338 0.298021561 0.290849252 0.295032505 0.294383722 0.294342511 0.292295375 0.291559316 0.293243285 0.295461865 0.295922326 0.286418574 0.277739653 0.280917465 0.280624998 0.282602854 0.297759051 0.294927477 0.287185570 0.288789521 0.286313006 0.293210520 0.293849713 0.283820156 0.290265105 0.270337349 0.271719531 0.272398498 0.281883813 0.272188528 0.272332413 0.276411997 0.299786130 0.301380707 0.297225335 0.297479220 0.470141698 
40     0.194330373 0.054527658 0.058115193 0.000000000 0.233949224 0.229562134 0.227861707 0.273853288 0.283908826 0.294606142 0.293717244 0.291293690 0.295282703 0.292695091 0.284336800 0.297656023 0.290483714 0.294666967 0.294018184 0.293976973 0.291929837 0.291193778 0.292877747 0.295096327 0.295556788 0.286053036 0.277374115 0.280551927 0.280259460 0.282237316 0.297393513 0.294561939 0.286820032 0.288423983 0.285947468 0.292844982 0.293484175 0.283454618 0.289899567 0.269971811 0.271353993 0.272032960 0.281518275 0.271822989 0.271966875 0.276046459 0.299420592 0.301015169 0.296859797 0.297113682 0.469776160 
9     0.197723877 0.233039392 0.234314762 0.233949224 0.000000000 0.093933795 0.162819234 0.250441992 0.259652082 0.270367535 0.269478637 0.267055083 0.271044097 0.268438346 0.260080055 0.273399278 0.266226969 0.270410222 0.269761439 0.269720228 0.267673092 0.266937033 0.268621002 0.270839582 0.271300043 0.261870379 0.253191458 0.256369270 0.256076804 0.258054659 0.273210856 0.270385019 0.262643112 0.264247063 0.261770548 0.268668062 0.269303245 0.259273688 0.265729485 0.245840851 0.247223033 0.247902000 0.257387316 0.247925729 0.248069614 0.252156019 0.275340426 0.276934949 0.272779578 0.273033462 0.445961455 
33     0.193337928 0.228652302 0.229927672 0.229562134 0.093933795 0.000000000 0.158565428 0.246056802 0.255275980 0.265991434 0.265102536 0.262678982 0.266667995 0.264062244 0.255703953 0.269023176 0.261850868 0.266034121 0.265385338 0.265344126 0.263296991 0.262560931 0.264244900 0.266463481 0.266923941 0.257494278 0.248815356 0.251993169 0.251700702 0.253678557 0.268834755 0.266008917 0.258267010 0.259870961 0.257394446 0.264291961 0.264927144 0.254897587 0.261353383 0.241464750 0.242846932 0.243525898 0.253011214 0.243549628 0.243693513 0.247779917 0.270985982 0.272580505 0.268425134 0.268679018 0.441593297 
45     0.191695991 0.226951875 0.228227245 0.227861707 0.162819234 0.158565428 0.000000000 0.245492725 0.254272849 0.264988303 0.264099405 0.261675851 0.265664864 0.263059113 0.254700822 0.268020045 0.260847737 0.265030990 0.264382207 0.264340996 0.262293860 0.261557801 0.263241769 0.265460350 0.265920810 0.256500550 0.247821629 0.250999441 0.250706974 0.252684830 0.267841027 0.265003989 0.257262082 0.258866033 0.256389518 0.263287033 0.263965384 0.253935827 0.260380775 0.240471022 0.241853204 0.242532170 0.252017486 0.242717780 0.242861665 0.246948069 0.269525910 0.271120434 0.266965062 0.267218947 0.440381574 
15     0.238503313 0.272943456 0.274218826 0.273853288 0.250441992 0.246056802 0.245492725 0.000000000 0.284647123 0.295344439 0.294455541 0.292031987 0.296021000 0.293433388 0.285075096 0.298394319 0.291222011 0.295405264 0.294756481 0.294715270 0.292668134 0.291932075 0.293616043 0.295834624 0.296295084 0.286731279 0.278052357 0.281241581 0.280949115 0.282926970 0.298083167 0.295300029 0.287558121 0.289162073 0.286685557 0.293603572 0.294363306 0.284347687 0.290821759 0.270603977 0.271986159 0.272665126 0.282150441 0.272088747 0.272232632 0.276336691 0.299866203 0.301460781 0.297305409 0.297559293 0.470229601 
19     0.248245736 0.282998994 0.284274365 0.283908826 0.259652082 0.255275980 0.254272849 0.284647123 0.000000000 0.150209583 0.149136896 0.146723338 0.150719650 0.147397312 0.139010393 0.152117349 0.145029367 0.149301269 0.148635739 0.148613031 0.146409770 0.145588697 0.147475128 0.149572932 0.150045869 0.225538524 0.216859603 0.220163628 0.219871161 0.221849016 0.236641137 0.235063233 0.227361272 0.229030319 0.226553803 0.233677718 0.233724798 0.223542570 0.230105299 0.210832728 0.212214910 0.212893877 0.222504199 0.232771843 0.232915729 0.237125513 0.276203734 0.277832700 0.273677328 0.273931213 0.444112395 
14     0.258943052 0.293696310 0.294971680 0.294606142 0.270367535 0.265991434 0.264988303 0.295344439 0.150209583 0.000000000 0.075004183 0.071937184 0.087138809 0.146182905 0.137663395 0.151883710 0.144518957 0.148765251 0.148104628 0.148078796 0.146987260 0.146137122 0.148128355 0.149019850 0.149464027 0.236036818 0.227357897 0.230661921 0.230369454 0.232347310 0.247139430 0.245480978 0.237779016 0.239448063 0.236971547 0.244025119 0.244453778 0.234271550 0.240834279 0.221507478 0.222889660 0.223568627 0.233178950 0.243238966 0.243382851 0.247595484 0.286966561 0.288595526 0.284440155 0.284694039 0.454749039 
5     0.258054154 0.292807412 0.294082782 0.293717244 0.269478637 0.265102536 0.264099405 0.294455541 0.149136896 0.075004183 0.000000000 0.034087019 0.086138327 0.145773081 0.137253571 0.151407659 0.144173118 0.148291105 0.147630482 0.147604650 0.145680533 0.144830394 0.146821628 0.148575685 0.149002077 0.235146953 0.226468031 0.229772056 0.229479589 0.231457445 0.246249565 0.244561636 0.236859675 0.238528721 0.236052205 0.243105778 0.243552392 0.233370164 0.239932894 0.220588136 0.221970318 0.222649285 0.232259608 0.242350068 0.242493953 0.246706586 0.286077663 0.287706628 0.283551257 0.283805141 0.453860141 
12     0.255630600 0.290383858 0.291659228 0.291293690 0.267055083 0.262678982 0.261675851 0.292031987 0.146723338 0.071937184 0.034087019 0.000000000 0.083478227 0.143373937 0.134854427 0.148972582 0.141741930 0.145859916 0.145195405 0.145169573 0.143261580 0.142411442 0.144402675 0.146176227 0.146602618 0.232723399 0.224044477 0.227348502 0.227056035 0.229033891 0.243826011 0.242138082 0.234436120 0.236105167 0.233628651 0.240682223 0.241128838 0.230946610 0.237509340 0.218164582 0.219546764 0.220225731 0.229836053 0.239926514 0.240070399 0.244283032 0.283654108 0.285283074 0.281127702 0.281381587 0.451436587 
28     0.259619613 0.294372871 0.295648241 0.295282703 0.271044097 0.266667995 0.265664864 0.296021000 0.150719650 0.087138809 0.086138327 0.083478227 0.000000000 0.147271427 0.138633375 0.152911592 0.145680283 0.149791988 0.149134578 0.149101787 0.147078746 0.146228608 0.148219841 0.149998204 0.150430249 0.236702988 0.228024067 0.231328092 0.231035625 0.233013481 0.247805601 0.246117671 0.238415710 0.240084756 0.237608241 0.244661813 0.245109285 0.234927057 0.241489786 0.222145029 0.223527211 0.224206177 0.233816500 0.243916726 0.244060611 0.248272045 0.287643122 0.289272087 0.285116716 0.285370600 0.455425600 
46     0.257032001 0.291785259 0.293060629 0.292695091 0.268438346 0.264062244 0.263059113 0.293433388 0.147397312 0.146182905 0.145773081 0.143373937 0.147271427 0.000000000 0.066635005 0.123618018 0.116272328 0.120724877 0.120322083 0.120179941 0.119277910 0.117994075 0.120026448 0.121467497 0.122084779 0.234196313 0.225517391 0.228821416 0.228528949 0.230506805 0.245298925 0.243738138 0.236036177 0.237705223 0.235228708 0.242282280 0.242619081 0.232436082 0.238999582 0.219791889 0.221174070 0.221853037 0.231463360 0.241381236 0.241525122 0.245736555 0.285014627 0.286643593 0.282488221 0.282742106 0.452865100 
20     0.248673710 0.283426968 0.284702338 0.284336800 0.260080055 0.255703953 0.254700822 0.285075096 0.139010393 0.137663395 0.137253571 0.134854427 0.138633375 0.066635005 0.000000000 0.115344247 0.108328809 0.112262781 0.111906855 0.111726004 0.110450843 0.109069040 0.111115354 0.112103036 0.112737600 0.225838021 0.217159100 0.220463125 0.220170658 0.222148514 0.236930861 0.235383225 0.227681264 0.229350310 0.226873795 0.233927367 0.234264168 0.224081170 0.230644669 0.211436976 0.212819158 0.213498124 0.223108447 0.233022945 0.233166830 0.237378264 0.276656336 0.278285301 0.274129930 0.274383814 0.444506809 
30     0.261992933 0.296746190 0.298021561 0.297656023 0.273399278 0.269023176 0.268020045 0.298394319 0.152117349 0.151883710 0.151407659 0.148972582 0.152911592 0.123618018 0.115344247 0.000000000 0.065097909 0.077063574 0.076727457 0.075464605 0.117936725 0.116943165 0.118760285 0.119040520 0.119133548 0.239373309 0.230694388 0.233998412 0.233705946 0.235683801 0.250466149 0.248903697 0.241201736 0.242870783 0.240394267 0.247447839 0.247505911 0.237322913 0.243886413 0.224695502 0.226077683 0.226756650 0.236366973 0.246504044 0.246647929 0.250859363 0.289992808 0.291621773 0.287466402 0.287720286 0.457854914 
36     0.254820624 0.289573882 0.290849252 0.290483714 0.266226969 0.261850868 0.260847737 0.291222011 0.145029367 0.144518957 0.144173118 0.141741930 0.145680283 0.116272328 0.108328809 0.065097909 0.000000000 0.071673755 0.071872049 0.071019831 0.111188175 0.110202701 0.112016445 0.111778611 0.111840886 0.232205229 0.223526308 0.226830333 0.226537866 0.228515721 0.243298069 0.241735618 0.234033657 0.235702703 0.233226187 0.240279760 0.240337831 0.230154833 0.236718333 0.217527422 0.218909604 0.219588570 0.229198893 0.239331736 0.239475621 0.243687055 0.282820500 0.284449465 0.280294094 0.280547978 0.450682606 
41     0.259003877 0.293757135 0.295032505 0.294666967 0.270410222 0.266034121 0.265030990 0.295405264 0.149301269 0.148765251 0.148291105 0.145859916 0.149791988 0.120724877 0.112262781 0.077063574 0.071673755 0.000000000 0.050245737 0.050692773 0.114767686 0.113741728 0.115556600 0.116102072 0.116564247 0.236388482 0.227709561 0.231013585 0.230721119 0.232698974 0.247481322 0.245918870 0.238216909 0.239885956 0.237409440 0.244463012 0.244521084 0.234338086 0.240901586 0.221710674 0.223092856 0.223771823 0.233382146 0.243514989 0.243658874 0.247870307 0.287003753 0.288632718 0.284477347 0.284731231 0.454865859 
26     0.258355094 0.293108352 0.294383722 0.294018184 0.269761439 0.265385338 0.264382207 0.294756481 0.148635739 0.148104628 0.147630482 0.145195405 0.149134578 0.120322083 0.111906855 0.076727457 0.071872049 0.050245737 0.000000000 0.031177742 0.114057934 0.113029279 0.114831463 0.115669900 0.115748366 0.235739699 0.227060778 0.230364802 0.230072336 0.232050191 0.246832539 0.245270088 0.237568126 0.239237173 0.236760657 0.243814229 0.243872301 0.233689303 0.240252803 0.221061892 0.222444073 0.223123040 0.232733363 0.242866206 0.243010091 0.247221524 0.286354970 0.287983935 0.283828564 0.284082448 0.454217076 
10     0.258313883 0.293067141 0.294342511 0.293976973 0.269720228 0.265344126 0.264340996 0.294715270 0.148613031 0.148078796 0.147604650 0.145169573 0.149101787 0.120179941 0.111726004 0.075464605 0.071019831 0.050692773 0.031177742 0.000000000 0.114010432 0.112981777 0.114781417 0.115517167 0.115595633 0.235698488 0.227019567 0.230323591 0.230031124 0.232008980 0.246791328 0.245228876 0.237526915 0.239195962 0.236719446 0.243773018 0.243831090 0.233648092 0.240211592 0.221020680 0.222402862 0.223081829 0.232692152 0.242824995 0.242968880 0.247180313 0.286313759 0.287942724 0.283787353 0.284041237 0.454175865 
29     0.256266747 0.291020005 0.292295375 0.291929837 0.267673092 0.263296991 0.262293860 0.292668134 0.146409770 0.146987260 0.145680533 0.143261580 0.147078746 0.119277910 0.110450843 0.117936725 0.111188175 0.114767686 0.114057934 0.114010432 0.000000000 0.045208209 0.046089922 0.092823274 0.093621003 0.233650385 0.224971464 0.228275489 0.227983022 0.229960877 0.244743225 0.243153505 0.235451544 0.237120590 0.234644074 0.241697647 0.241771467 0.231588468 0.238151968 0.218943101 0.220325283 0.221004250 0.230614572 0.240777859 0.240921744 0.245133178 0.284266623 0.285895588 0.281740217 0.281994101 0.452128729 
3     0.255530688 0.290283946 0.291559316 0.291193778 0.266937033 0.262560931 0.261557801 0.291932075 0.145588697 0.146137122 0.144830394 0.142411442 0.146228608 0.117994075 0.109069040 0.116943165 0.110202701 0.113741728 0.113029279 0.112981777 0.045208209 0.000000000 0.033913552 0.092123801 0.092214047 0.232914326 0.224235405 0.227539429 0.227246962 0.229224818 0.244007166 0.242417445 0.234715484 0.236384530 0.233908015 0.240961587 0.241035407 0.230852409 0.237415909 0.218207042 0.219589223 0.220268190 0.229878513 0.240041800 0.240185685 0.244397118 0.283530564 0.285159529 0.281004157 0.281258042 0.451392670 
24     0.257214657 0.291967915 0.293243285 0.292877747 0.268621002 0.264244900 0.263241769 0.293616043 0.147475128 0.148128355 0.146821628 0.144402675 0.148219841 0.120026448 0.111115354 0.118760285 0.112016445 0.115556600 0.114831463 0.114781417 0.046089922 0.033913552 0.000000000 0.094057485 0.094135609 0.234598295 0.225919373 0.229223398 0.228930931 0.230908787 0.245691134 0.244101414 0.236399453 0.238068499 0.235591984 0.242645556 0.242719376 0.232536378 0.239099878 0.219891010 0.221273192 0.221952159 0.231562482 0.241725769 0.241869654 0.246081087 0.285214532 0.286843498 0.282688126 0.282942011 0.453076638 
31     0.259433237 0.294186495 0.295461865 0.295096327 0.270839582 0.266463481 0.265460350 0.295834624 0.149572932 0.149019850 0.148575685 0.146176227 0.149998204 0.121467497 0.112103036 0.119040520 0.111778611 0.116102072 0.115669900 0.115517167 0.092823274 0.092123801 0.094057485 0.000000000 0.038950484 0.236821552 0.228142631 0.231446656 0.231154189 0.233132044 0.247914392 0.246354149 0.238652188 0.240321234 0.237844718 0.244898291 0.244954154 0.234771926 0.241334656 0.222143745 0.223525927 0.224204893 0.233815216 0.243944349 0.244088234 0.248299667 0.287433113 0.289062078 0.284906707 0.285160591 0.455295219 
23     0.259893698 0.294646956 0.295922326 0.295556788 0.271300043 0.266923941 0.265920810 0.296295084 0.150045869 0.149464027 0.149002077 0.146602618 0.150430249 0.122084779 0.112737600 0.119133548 0.111840886 0.116564247 0.115748366 0.115595633 0.093621003 0.092214047 0.094135609 0.038950484 0.000000000 0.237282013 0.228603091 0.231907116 0.231614649 0.233592505 0.248374853 0.246814609 0.239112648 0.240781694 0.238305179 0.245358751 0.245414615 0.235232387 0.241795116 0.222604205 0.223986387 0.224665354 0.234275677 0.244404810 0.244548695 0.248760128 0.287893573 0.289522539 0.285367167 0.285621052 0.455755679 
18     0.250405915 0.285143204 0.286418574 0.286053036 0.261870379 0.257494278 0.256500550 0.286731279 0.225538524 0.236036818 0.235146953 0.232723399 0.236702988 0.234196313 0.225838021 0.239373309 0.232205229 0.236388482 0.235739699 0.235698488 0.233650385 0.232914326 0.234598295 0.236821552 0.237282013 0.000000000 0.062817823 0.087359077 0.087940026 0.088540295 0.155414771 0.226268407 0.218507588 0.220077731 0.217600376 0.224461149 0.226162595 0.216423508 0.222836051 0.202186245 0.203568427 0.204203458 0.213730366 0.235004369 0.235148254 0.239436753 0.277454498 0.279058033 0.274902662 0.275156546 0.446020689 
16     0.241726994 0.276464283 0.277739653 0.277374115 0.253191458 0.248815356 0.247821629 0.278052357 0.216859603 0.227357897 0.226468031 0.224044477 0.228024067 0.225517391 0.217159100 0.230694388 0.223526308 0.227709561 0.227060778 0.227019567 0.224971464 0.224235405 0.225919373 0.228142631 0.228603091 0.062817823 0.000000000 0.079452191 0.079621277 0.080641528 0.147223086 0.217591627 0.209830807 0.211400951 0.208923596 0.215784369 0.217485815 0.207746727 0.214159271 0.193509465 0.194891647 0.195526678 0.205062633 0.226325447 0.226469332 0.230757831 0.268775576 0.270379112 0.266223740 0.266477625 0.437341768 
35     0.244904806 0.279642095 0.280917465 0.280551927 0.256369270 0.251993169 0.250999441 0.281241581 0.220163628 0.230661921 0.229772056 0.227348502 0.231328092 0.228821416 0.220463125 0.233998412 0.226830333 0.231013585 0.230364802 0.230323591 0.228275489 0.227539429 0.229223398 0.231446656 0.231907116 0.087359077 0.079452191 0.000000000 0.032099021 0.033457500 0.150521648 0.220693264 0.212932445 0.214502588 0.212025233 0.218886006 0.220587452 0.210848365 0.217269684 0.196608968 0.197991150 0.198626181 0.208153089 0.229571896 0.229715781 0.234004280 0.271978423 0.273581958 0.269426586 0.269680471 0.440567755 
11     0.244612339 0.279349628 0.280624998 0.280259460 0.256076804 0.251700702 0.250706974 0.280949115 0.219871161 0.230369454 0.229479589 0.227056035 0.231035625 0.228528949 0.220170658 0.233705946 0.226537866 0.230721119 0.230072336 0.230031124 0.227983022 0.227246962 0.228930931 0.231154189 0.231614649 0.087940026 0.079621277 0.032099021 0.000000000 0.032625054 0.150266100 0.220402938 0.212642119 0.214212262 0.211734907 0.218595680 0.220297126 0.210558039 0.216979358 0.196318642 0.197700824 0.198335856 0.207871810 0.229279429 0.229423314 0.233711813 0.271685956 0.273289491 0.269134120 0.269388004 0.440275288 
43     0.246590195 0.281327484 0.282602854 0.282237316 0.258054659 0.253678557 0.252684830 0.282926970 0.221849016 0.232347310 0.231457445 0.229033891 0.233013481 0.230506805 0.222148514 0.235683801 0.228515721 0.232698974 0.232050191 0.232008980 0.229960877 0.229224818 0.230908787 0.233132044 0.233592505 0.088540295 0.080641528 0.033457500 0.032625054 0.000000000 0.152190350 0.222378653 0.214617833 0.216187977 0.213710622 0.220571395 0.222272841 0.212533753 0.218955072 0.198294357 0.199676539 0.200311570 0.209838478 0.231257284 0.231401169 0.235689668 0.273663811 0.275267347 0.271111975 0.271365860 0.442253144 
27     0.261746392 0.296483681 0.297759051 0.297393513 0.273210856 0.268834755 0.267841027 0.298083167 0.236641137 0.247139430 0.246249565 0.243826011 0.247805601 0.245298925 0.236930861 0.250466149 0.243298069 0.247481322 0.246832539 0.246791328 0.244743225 0.244007166 0.245691134 0.247914392 0.248374853 0.155414771 0.147223086 0.150521648 0.150266100 0.152190350 0.000000000 0.237831161 0.230070342 0.231640486 0.229163130 0.236023903 0.237751430 0.228012342 0.234457169 0.213919810 0.215301992 0.215937023 0.225463931 0.246046066 0.246189951 0.250478450 0.288629713 0.290233248 0.286077876 0.286331761 0.457219389 
13     0.258945215 0.293652107 0.294927477 0.294561939 0.270385019 0.266008917 0.265003989 0.295300029 0.235063233 0.245480978 0.244561636 0.242138082 0.246117671 0.243738138 0.235383225 0.248903697 0.241735618 0.245918870 0.245270088 0.245228876 0.243153505 0.242417445 0.244101414 0.246354149 0.246814609 0.226268407 0.217591627 0.220693264 0.220402938 0.222378653 0.237831161 0.000000000 0.068938515 0.111414677 0.108545516 0.125492642 0.212368945 0.202828371 0.208430924 0.197154226 0.198536408 0.199186127 0.208695451 0.243857050 0.244000935 0.248232994 0.286947032 0.288575997 0.284420626 0.284674510 0.455734635 
1     0.251203308 0.285910200 0.287185570 0.286820032 0.262643112 0.258267010 0.257262082 0.287558121 0.227361272 0.237779016 0.236859675 0.234436120 0.238415710 0.236036177 0.227681264 0.241201736 0.234033657 0.238216909 0.237568126 0.237526915 0.235451544 0.234715484 0.236399453 0.238652188 0.239112648 0.218507588 0.209830807 0.212932445 0.212642119 0.214617833 0.230070342 0.068938515 0.000000000 0.104455667 0.102046086 0.118527874 0.204699644 0.195159070 0.200761623 0.189484758 0.190866940 0.191516659 0.201025983 0.236115143 0.236259028 0.240491087 0.279205124 0.280834090 0.276678718 0.276932603 0.447992727 
37     0.252807259 0.287514151 0.288789521 0.288423983 0.264247063 0.259870961 0.258866033 0.289162073 0.229030319 0.239448063 0.238528721 0.236105167 0.240084756 0.237705223 0.229350310 0.242870783 0.235702703 0.239885956 0.239237173 0.239195962 0.237120590 0.236384530 0.238068499 0.240321234 0.240781694 0.220077731 0.211400951 0.214502588 0.214212262 0.216187977 0.231640486 0.111414677 0.104455667 0.000000000 0.038183960 0.118202539 0.205545354 0.195988330 0.201538403 0.190808491 0.192190673 0.192840392 0.202350252 0.237717734 0.237861619 0.242093678 0.280811865 0.282440830 0.278285459 0.278539343 0.449599468 
2     0.250330744 0.285037636 0.286313006 0.285947468 0.261770548 0.257394446 0.256389518 0.286685557 0.226553803 0.236971547 0.236052205 0.233628651 0.237608241 0.235228708 0.226873795 0.240394267 0.233226187 0.237409440 0.236760657 0.236719446 0.234644074 0.233908015 0.235591984 0.237844718 0.238305179 0.217600376 0.208923596 0.212025233 0.211734907 0.213710622 0.229163130 0.108545516 0.102046086 0.038183960 0.000000000 0.115696248 0.203070152 0.193513128 0.199063200 0.188331264 0.189713446 0.190363165 0.199873025 0.235241218 0.235385103 0.239617162 0.278335349 0.279964315 0.275808943 0.276062828 0.447122952 
44     0.257228258 0.291935150 0.293210520 0.292844982 0.268668062 0.264291961 0.263287033 0.293603572 0.233677718 0.244025119 0.243105778 0.240682223 0.244661813 0.242282280 0.233927367 0.247447839 0.240279760 0.244463012 0.243814229 0.243773018 0.241697647 0.240961587 0.242645556 0.244898291 0.245358751 0.224461149 0.215784369 0.218886006 0.218595680 0.220571395 0.236023903 0.125492642 0.118527874 0.118202539 0.115696248 0.000000000 0.210406839 0.200849816 0.206420766 0.195600829 0.196983011 0.197632730 0.207142054 0.242252181 0.242396066 0.246628125 0.285230038 0.286859004 0.282703632 0.282957517 0.454040967 
25     0.257868010 0.292574343 0.293849713 0.293484175 0.269303245 0.264927144 0.263965384 0.294363306 0.233724798 0.244453778 0.243552392 0.241128838 0.245109285 0.242619081 0.234264168 0.247505911 0.240337831 0.244521084 0.243872301 0.243831090 0.241771467 0.241035407 0.242719376 0.244954154 0.245414615 0.226162595 0.217485815 0.220587452 0.220297126 0.222272841 0.237751430 0.212368945 0.204699644 0.205545354 0.203070152 0.210406839 0.000000000 0.146849476 0.169189648 0.194681310 0.196063492 0.196713211 0.206283101 0.243426985 0.243570870 0.247848320 0.285606916 0.287235881 0.283080510 0.283334394 0.454606308 
38     0.247838453 0.282544786 0.283820156 0.283454618 0.259273688 0.254897587 0.253935827 0.284347687 0.223542570 0.234271550 0.233370164 0.230946610 0.234927057 0.232436082 0.224081170 0.237322913 0.230154833 0.234338086 0.233689303 0.233648092 0.231588468 0.230852409 0.232536378 0.234771926 0.235232387 0.216423508 0.207746727 0.210848365 0.210558039 0.212533753 0.228012342 0.202828371 0.195159070 0.195988330 0.193513128 0.200849816 0.146849476 0.000000000 0.160017674 0.184667516 0.186049698 0.186699417 0.196269307 0.233416418 0.233560303 0.237837753 0.275594146 0.277223111 0.273067740 0.273321624 0.444591496 
7     0.254283402 0.288989734 0.290265105 0.289899567 0.265729485 0.261353383 0.260380775 0.290821759 0.230105299 0.240834279 0.239932894 0.237509340 0.241489786 0.238999582 0.230644669 0.243886413 0.236718333 0.240901586 0.240252803 0.240211592 0.238151968 0.237415909 0.239099878 0.241334656 0.241795116 0.222836051 0.214159271 0.217269684 0.216979358 0.218955072 0.234457169 0.208430924 0.200761623 0.201538403 0.199063200 0.206420766 0.169189648 0.160017674 0.000000000 0.191799790 0.193181972 0.193831691 0.203422851 0.239361062 0.239504947 0.243752315 0.282036925 0.283665890 0.279510519 0.279764403 0.450906987 
22     0.234355087 0.269061979 0.270337349 0.269971811 0.245840851 0.241464750 0.240471022 0.270603977 0.210832728 0.221507478 0.220588136 0.218164582 0.222145029 0.219791889 0.211436976 0.224695502 0.217527422 0.221710674 0.221061892 0.221020680 0.218943101 0.218207042 0.219891010 0.222143745 0.222604205 0.202186245 0.193509465 0.196608968 0.196318642 0.198294357 0.213919810 0.197154226 0.189484758 0.190808491 0.188331264 0.195600829 0.194681310 0.184667516 0.191799790 0.000000000 0.029986115 0.030118335 0.090773371 0.219440720 0.219584605 0.223781271 0.262145390 0.263774355 0.259618984 0.259872868 0.431008078 
8     0.235737269 0.270444161 0.271719531 0.271353993 0.247223033 0.242846932 0.241853204 0.271986159 0.212214910 0.222889660 0.221970318 0.219546764 0.223527211 0.221174070 0.212819158 0.226077683 0.218909604 0.223092856 0.222444073 0.222402862 0.220325283 0.219589223 0.221273192 0.223525927 0.223986387 0.203568427 0.194891647 0.197991150 0.197700824 0.199676539 0.215301992 0.198536408 0.190866940 0.192190673 0.189713446 0.196983011 0.196063492 0.186049698 0.193181972 0.029986115 0.000000000 0.025965790 0.091939124 0.220822902 0.220966787 0.225163453 0.263527572 0.265156537 0.261001166 0.261255050 0.432390260 
4     0.236416236 0.271123128 0.272398498 0.272032960 0.247902000 0.243525898 0.242532170 0.272665126 0.212893877 0.223568627 0.222649285 0.220225731 0.224206177 0.221853037 0.213498124 0.226756650 0.219588570 0.223771823 0.223123040 0.223081829 0.221004250 0.220268190 0.221952159 0.224204893 0.224665354 0.204203458 0.195526678 0.198626181 0.198335856 0.200311570 0.215937023 0.199186127 0.191516659 0.192840392 0.190363165 0.197632730 0.196713211 0.186699417 0.193831691 0.030118335 0.025965790 0.000000000 0.092547438 0.221501869 0.221645754 0.225842419 0.264206539 0.265835504 0.261680132 0.261934017 0.433069227 
17     0.245901551 0.280608443 0.281883813 0.281518275 0.257387316 0.253011214 0.252017486 0.282150441 0.222504199 0.233178950 0.232259608 0.229836053 0.233816500 0.231463360 0.223108447 0.236366973 0.229198893 0.233382146 0.232733363 0.232692152 0.230614572 0.229878513 0.231562482 0.233815216 0.234275677 0.213730366 0.205062633 0.208153089 0.207871810 0.209838478 0.225463931 0.208695451 0.201025983 0.202350252 0.199873025 0.207142054 0.206283101 0.196269307 0.203422851 0.090773371 0.091939124 0.092547438 0.000000000 0.231038775 0.231182660 0.235379326 0.273689829 0.275318795 0.271163423 0.271417307 0.442579575 
42     0.236407232 0.270913157 0.272188528 0.271822989 0.247925729 0.243549628 0.242717780 0.272088747 0.232771843 0.243238966 0.242350068 0.239926514 0.243916726 0.241381236 0.233022945 0.246504044 0.239331736 0.243514989 0.242866206 0.242824995 0.240777859 0.240041800 0.241725769 0.243944349 0.244404810 0.235004369 0.226325447 0.229571896 0.229279429 0.231257284 0.246046066 0.243857050 0.236115143 0.237717734 0.235241218 0.242252181 0.243426985 0.233416418 0.239361062 0.219440720 0.220822902 0.221501869 0.231038775 0.000000000 0.047727765 0.149472247 0.264743288 0.266347429 0.262192058 0.262445942 0.432944207 
32     0.236551117 0.271057042 0.272332413 0.271966875 0.248069614 0.243693513 0.242861665 0.272232632 0.232915729 0.243382851 0.242493953 0.240070399 0.244060611 0.241525122 0.233166830 0.246647929 0.239475621 0.243658874 0.243010091 0.242968880 0.240921744 0.240185685 0.241869654 0.244088234 0.244548695 0.235148254 0.226469332 0.229715781 0.229423314 0.231401169 0.246189951 0.244000935 0.236259028 0.237861619 0.235385103 0.242396066 0.243570870 0.233560303 0.239504947 0.219584605 0.220966787 0.221645754 0.231182660 0.047727765 0.000000000 0.149517841 0.264887173 0.266491314 0.262335943 0.262589827 0.433088092 
39     0.240630701 0.275136627 0.276411997 0.276046459 0.252156019 0.247779917 0.246948069 0.276336691 0.237125513 0.247595484 0.246706586 0.244283032 0.248272045 0.245736555 0.237378264 0.250859363 0.243687055 0.247870307 0.247221524 0.247180313 0.245133178 0.244397118 0.246081087 0.248299667 0.248760128 0.239436753 0.230757831 0.234004280 0.233711813 0.235689668 0.250478450 0.248232994 0.240491087 0.242093678 0.239617162 0.246628125 0.247848320 0.237837753 0.243752315 0.223781271 0.225163453 0.225842419 0.235379326 0.149472247 0.149517841 0.000000000 0.269370879 0.270975020 0.266819649 0.267073533 0.437397335 
48     0.263526177 0.298510760 0.299786130 0.299420592 0.275340426 0.270985982 0.269525910 0.299866203 0.276203734 0.286966561 0.286077663 0.283654108 0.287643122 0.285014627 0.276656336 0.289992808 0.282820500 0.287003753 0.286354970 0.286313759 0.284266623 0.283530564 0.285214532 0.287433113 0.287893573 0.277454498 0.268775576 0.271978423 0.271685956 0.273663811 0.288629713 0.286947032 0.279205124 0.280811865 0.278335349 0.285230038 0.285606916 0.275594146 0.282036925 0.262145390 0.263527572 0.264206539 0.273689829 0.264743288 0.264887173 0.269370879 0.000000000 0.144353661 0.141144337 0.141324228 0.454569942 
49     0.265120754 0.300105337 0.301380707 0.301015169 0.276934949 0.272580505 0.271120434 0.301460781 0.277832700 0.288595526 0.287706628 0.285283074 0.289272087 0.286643593 0.278285301 0.291621773 0.284449465 0.288632718 0.287983935 0.287942724 0.285895588 0.285159529 0.286843498 0.289062078 0.289522539 0.279058033 0.270379112 0.273581958 0.273289491 0.275267347 0.290233248 0.288575997 0.280834090 0.282440830 0.279964315 0.286859004 0.287235881 0.277223111 0.283665890 0.263774355 0.265156537 0.265835504 0.275318795 0.266347429 0.266491314 0.270975020 0.144353661 0.000000000 0.086854515 0.086886200 0.456225392 
47     0.260965383 0.295949965 0.297225335 0.296859797 0.272779578 0.268425134 0.266965062 0.297305409 0.273677328 0.284440155 0.283551257 0.281127702 0.285116716 0.282488221 0.274129930 0.287466402 0.280294094 0.284477347 0.283828564 0.283787353 0.281740217 0.281004157 0.282688126 0.284906707 0.285367167 0.274902662 0.266223740 0.269426586 0.269134120 0.271111975 0.286077876 0.284420626 0.276678718 0.278285459 0.275808943 0.282703632 0.283080510 0.273067740 0.279510519 0.259618984 0.261001166 0.261680132 0.271163423 0.262192058 0.262335943 0.266819649 0.141144337 0.086854515 0.000000000 0.045823649 0.452070020 
50     0.261219267 0.296203850 0.297479220 0.297113682 0.273033462 0.268679018 0.267218947 0.297559293 0.273931213 0.284694039 0.283805141 0.281381587 0.285370600 0.282742106 0.274383814 0.287720286 0.280547978 0.284731231 0.284082448 0.284041237 0.281994101 0.281258042 0.282942011 0.285160591 0.285621052 0.275156546 0.266477625 0.269680471 0.269388004 0.271365860 0.286331761 0.284674510 0.276932603 0.278539343 0.276062828 0.282957517 0.283334394 0.273321624 0.279764403 0.259872868 0.261255050 0.261934017 0.271417307 0.262445942 0.262589827 0.267073533 0.141324228 0.086886200 0.045823649 0.000000000 0.452323904 
0     0.433958294 0.468866328 0.470141698 0.469776160 0.445961455 0.441593297 0.440381574 0.470229601 0.444112395 0.454749039 0.453860141 0.451436587 0.455425600 0.452865100 0.444506809 0.457854914 0.450682606 0.454865859 0.454217076 0.454175865 0.452128729 0.451392670 0.453076638 0.455295219 0.455755679 0.446020689 0.437341768 0.440567755 0.440275288 0.442253144 0.457219389 0.455734635 0.447992727 0.449599468 0.447122952 0.454040967 0.454606308 0.444591496 0.450906987 0.431008078 0.432390260 0.433069227 0.442579575 0.432944207 0.433088092 0.437397335 0.454569942 0.456225392 0.452070020 0.452323904 0.000000000 
