51
1     0.000000000 0.000286500 0.006790060 0.001710220 0.016818170 0.012077350 0.004061930 0.006096090 0.022900130 0.003878250 0.009450820 0.010709150 0.020715670 0.004376390 0.004817410 0.001387500 0.005689950 0.001146830 0.004271690 0.005408340 0.005371280 0.003664410 0.007091680 0.004003480 0.006613950 0.020341960 0.019483310 0.012613880 0.009848950 0.003196890 0.014364870 0.006042510 0.020749160 0.001933600 0.008560830 0.003277920 0.024079630 0.013156460 0.001820920 0.002015950 0.015004590 0.017573570 0.000872420 0.000858070 0.010227800 0.002801320 0.019023490 0.004210710 0.003280060 0.005761960 0.005859440 
2     0.000286500 0.000000000 0.007207910 0.006680780 0.004478780 0.008677710 0.011227400 0.011133170 0.008969930 0.001873650 0.005974940 0.002451760 0.014622620 0.005807530 0.006187400 0.006401040 0.003207160 0.011612470 0.016021610 0.007867360 0.001829270 0.002195850 0.009273110 0.002260060 0.008427120 0.002757510 0.013838240 0.009394870 0.007315500 0.008367090 0.008147300 0.000545880 0.016572180 0.006942560 0.002334050 0.003026530 0.013023630 0.013400470 0.007119040 0.002905260 0.014228140 0.009336140 0.000989440 0.000975090 0.007885930 0.011700020 0.001641380 0.002247280 0.001671640 0.022481190 0.006527070 
4     0.006790060 0.007207910 0.000000000 0.000019850 0.008080900 0.009389490 0.010368630 0.012432820 0.005911450 0.007879330 0.003818150 0.003856360 0.004703330 0.005626540 0.004233480 0.003171880 0.006966250 0.009763820 0.009807380 0.001038150 0.014244940 0.006655440 0.009716210 0.011227910 0.010057220 0.015289570 0.007883590 0.005132530 0.011153940 0.001716990 0.005786500 0.009038040 0.006265770 0.017199050 0.008217490 0.014290390 0.017343490 0.017330100 0.007802160 0.010065260 0.004750450 0.009374060 0.004304650 0.009734510 0.004360530 0.014638770 0.014635890 0.011759640 0.003084990 0.013061340 0.008902040 
3     0.001710220 0.006680780 0.000019850 0.000000000 0.015539240 0.014823510 0.007939140 0.001893260 0.006274640 0.008242520 0.003123470 0.015469030 0.017386190 0.013955150 0.009281040 0.005821390 0.011777180 0.016017850 0.016312220 0.011973340 0.010501870 0.007627710 0.008701930 0.008525070 0.008040450 0.008241550 0.009107690 0.011298330 0.013518600 0.003311070 0.007187810 0.009312800 0.007781800 0.015133390 0.014336470 0.013604080 0.016914740 0.016901350 0.006916300 0.008908640 0.009486030 0.008217440 0.009285870 0.010626740 0.008185110 0.003987190 0.011506720 0.011090500 0.006467460 0.014959650 0.004410080 
44     0.016818170 0.004478780 0.008080900 0.015539240 0.000000000 0.001596810 0.007506170 0.009239550 0.010185580 0.012835550 0.002926860 0.006778900 0.015838400 0.008865850 0.007052910 0.001727800 0.006067780 0.006935970 0.007539170 0.001355680 0.008923470 0.007977280 0.006379240 0.006646850 0.010906700 0.005032920 0.006796110 0.020202330 0.018713760 0.009988680 0.011294350 0.017335240 0.008570620 0.010674300 0.009036820 0.000975800 0.014125520 0.014121450 0.001398360 0.010502760 0.006233820 0.022269420 0.009042970 0.009041730 0.008058830 0.017031990 0.011753960 0.024700020 0.016815440 0.021511600 0.009755150 
26     0.012077350 0.008677710 0.009389490 0.014823510 0.001596810 0.000000000 0.008163690 0.007201770 0.006405120 0.009051940 0.001304610 0.005948000 0.005243490 0.003579520 0.006209210 0.004738570 0.006483020 0.010610630 0.011396540 0.000743870 0.015172490 0.002915100 0.003869660 0.004437600 0.006050490 0.006278950 0.004781800 0.015314500 0.011366250 0.009971780 0.008495380 0.016177790 0.005821470 0.010582010 0.010594600 0.010471060 0.010235890 0.011398830 0.000605730 0.006298480 0.011620270 0.018910600 0.016701070 0.015805770 0.011476630 0.011026260 0.012512850 0.018739740 0.018743290 0.003549930 0.007121880 
19     0.004061930 0.011227400 0.010368630 0.007939140 0.007506170 0.008163690 0.000000000 0.003132560 0.002633010 0.000530780 0.008384600 0.013874290 0.015732550 0.006848490 0.004709320 0.006629440 0.010232970 0.003971200 0.014913420 0.005039650 0.013547100 0.001601180 0.003032510 0.011734790 0.006017860 0.006235700 0.014918190 0.010063940 0.021703550 0.008192880 0.003755630 0.009678960 0.007996850 0.008003300 0.010756740 0.007422030 0.001996600 0.002245280 0.009881660 0.007207970 0.006792910 0.008735850 0.011172330 0.010970010 0.002055580 0.000333240 0.006254400 0.002271840 0.000196920 0.008940420 0.009601870 
41     0.006096090 0.011133170 0.012432820 0.001893260 0.009239550 0.007201770 0.003132560 0.000000000 0.000528970 0.000375550 0.011441310 0.006638370 0.006691780 0.004889690 0.006078600 0.009541510 0.013780630 0.012278130 0.012544080 0.003819560 0.016020810 0.006740990 0.006929370 0.015853720 0.014436430 0.003005140 0.011806090 0.009663980 0.013760180 0.001785910 0.009110830 0.013819480 0.007496400 0.007756560 0.011460010 0.004409090 0.005955560 0.016736290 0.009029210 0.003418420 0.004645800 0.011960000 0.006422410 0.008507780 0.012384410 0.003610260 0.008677280 0.004973160 0.013010600 0.018681210 0.002707460 
11     0.022900130 0.008969930 0.005911450 0.006274640 0.010185580 0.006405120 0.002633010 0.000528970 0.000000000 0.000937030 0.010436460 0.013615470 0.017464040 0.009470730 0.002364760 0.001760100 0.000725700 0.001006240 0.007992990 0.002476310 0.003363090 0.004852850 0.010062590 0.007073290 0.004002960 0.003293500 0.001661280 0.022248170 0.009899420 0.001372120 0.003130670 0.001201710 0.005485380 0.003153700 0.005514110 0.003218880 0.003875670 0.010718060 0.005347850 0.009539760 0.001293300 0.009628350 0.016931440 0.020455980 0.011233330 0.002373210 0.000224660 0.024049090 0.016381330 0.019894860 0.006263270 
8     0.003878250 0.001873650 0.007879330 0.008242520 0.012835550 0.009051940 0.000530780 0.000375550 0.000937030 0.000000000 0.015201320 0.012385170 0.012271180 0.013712900 0.004458560 0.002265780 0.008287250 0.014660160 0.008176450 0.014390170 0.009992150 0.002639410 0.016735300 0.002625500 0.007673380 0.003445820 0.012977330 0.007736670 0.015159030 0.008498910 0.023972500 0.000478390 0.009739890 0.003711980 0.010219670 0.010234400 0.007848060 0.003310080 0.005316120 0.010143950 0.004116890 0.017024460 0.017543330 0.017935200 0.011845220 0.010534910 0.014656190 0.004340410 0.009440820 0.013077220 0.018039380 
28     0.009450820 0.005974940 0.003818150 0.003123470 0.002926860 0.001304610 0.008384600 0.011441310 0.010436460 0.015201320 0.000000000 0.002024460 0.002428390 0.007628920 0.005670690 0.001362190 0.012550720 0.006825770 0.002061720 0.007241710 0.007900800 0.002155960 0.002411900 0.008137800 0.007829290 0.013365680 0.001595780 0.016211500 0.000626570 0.005821850 0.004403330 0.005817530 0.007862250 0.019558580 0.000663160 0.012329610 0.008701230 0.008687840 0.004107480 0.009986220 0.011786380 0.009244010 0.010143110 0.010174650 0.002616030 0.008293230 0.012091060 0.005561640 0.010779560 0.002807290 0.003390780 
47     0.010709150 0.002451760 0.003856360 0.015469030 0.006778900 0.005948000 0.013874290 0.006638370 0.013615470 0.012385170 0.002024460 0.000000000 0.000003560 0.000874050 0.003798600 0.002703400 0.003310470 0.001711670 0.002889730 0.006591680 0.007777930 0.006366060 0.010941040 0.007778220 0.006741520 0.013838710 0.013985990 0.007305980 0.008450090 0.006587870 0.018849000 0.008961070 0.004348470 0.012898590 0.009487220 0.005442890 0.005790060 0.006580600 0.005368870 0.007678910 0.005825550 0.002229210 0.003110840 0.017164990 0.004688460 0.015414630 0.021408450 0.017243890 0.012364980 0.009854770 0.002333030 
6     0.020715670 0.014622620 0.004703330 0.017386190 0.015838400 0.005243490 0.015732550 0.006691780 0.017464040 0.012271180 0.002428390 0.000003560 0.000000000 0.000828920 0.003406080 0.007642770 0.002860860 0.013981740 0.015217280 0.005098410 0.009086670 0.011872170 0.006208800 0.004971610 0.011721530 0.012824850 0.016626550 0.007954010 0.010824850 0.020819920 0.018485370 0.015974600 0.011525170 0.015773360 0.005470010 0.005423100 0.007171490 0.007962030 0.007385750 0.007572260 0.006639900 0.004452520 0.003315250 0.017369400 0.005345690 0.008787000 0.021243890 0.008204060 0.013311590 0.012547610 0.007251570 
32     0.004376390 0.005807530 0.005626540 0.013955150 0.008865850 0.003579520 0.006848490 0.004889690 0.009470730 0.013712900 0.007628920 0.000874050 0.000828920 0.000000000 0.003238810 0.003541230 0.004602620 0.010807020 0.014602560 0.005309630 0.003358040 0.004907060 0.006820320 0.013074070 0.004576040 0.004735020 0.012197200 0.009488970 0.013905530 0.001134200 0.017290920 0.005390060 0.000237620 0.008252850 0.012948770 0.007529840 0.003274930 0.007347880 0.001147390 0.008081390 0.013184580 0.004079380 0.010966610 0.020507340 0.010043740 0.014113280 0.005859410 0.001938190 0.013299500 0.004877400 0.007999670 
29     0.004817410 0.006187400 0.004233480 0.009281040 0.007052910 0.006209210 0.004709320 0.006078600 0.002364760 0.004458560 0.005670690 0.003798600 0.003406080 0.003238810 0.000000000 0.000005230 0.002560050 0.000904100 0.002514720 0.001178100 0.006354040 0.006775100 0.001567010 0.006523770 0.007360080 0.001302820 0.002452070 0.009938930 0.003918590 0.002284010 0.009172360 0.007051180 0.010113550 0.006226130 0.007315990 0.005790180 0.003144570 0.003131180 0.002705260 0.001723390 0.004883200 0.005457580 0.021994860 0.025010270 0.005909300 0.009822750 0.006534400 0.006357960 0.005222900 0.004431260 0.007104710 
17     0.001387500 0.006401040 0.003171880 0.005821390 0.001727800 0.004738570 0.006629440 0.009541510 0.001760100 0.002265780 0.001362190 0.002703400 0.007642770 0.003541230 0.000005230 0.000000000 0.000440540 0.002315950 0.003541940 0.000915960 0.003102980 0.002195490 0.005720220 0.006121450 0.006118780 0.011234330 0.001934750 0.007231100 0.004867910 0.019102320 0.021522300 0.010016730 0.024345500 0.008395970 0.006769890 0.006516590 0.012935010 0.012930940 0.013864900 0.002441440 0.020846670 0.019724100 0.022347730 0.013679750 0.009900700 0.008116300 0.007706770 0.007801430 0.010330060 0.006593210 0.005917710 
16     0.005689950 0.003207160 0.006966250 0.011777180 0.006067780 0.006483020 0.010232970 0.013780630 0.000725700 0.008287250 0.012550720 0.003310470 0.002860860 0.004602620 0.002560050 0.000440540 0.000000000 0.002038010 0.001284020 0.001221310 0.001574970 0.001456050 0.003087010 0.012470020 0.005330200 0.017816530 0.004753490 0.000695810 0.005938560 0.012475880 0.013652210 0.003958100 0.003081070 0.004953400 0.005610820 0.004915440 0.004435150 0.004713250 0.010166300 0.009680720 0.015356480 0.017914820 0.017145860 0.016461230 0.009969760 0.007308320 0.003687860 0.005503830 0.005087850 0.005563460 0.017153160 
33     0.001146830 0.011612470 0.009763820 0.016017850 0.006935970 0.010610630 0.003971200 0.012278130 0.001006240 0.014660160 0.006825770 0.001711670 0.013981740 0.010807020 0.000904100 0.002315950 0.002038010 0.000000000 0.000654260 0.001356740 0.003588930 0.000603080 0.005449350 0.012540740 0.012477010 0.003833950 0.016577930 0.003399640 0.012176170 0.018548520 0.016132760 0.009676770 0.012703470 0.001174950 0.001832370 0.001136990 0.005297060 0.005292990 0.002729680 0.003336550 0.015331030 0.014136370 0.022562110 0.018747520 0.012707340 0.009248460 0.005846160 0.002922870 0.008630230 0.008126400 0.009399530 
13     0.004271690 0.016021610 0.009807380 0.016312220 0.007539170 0.011396540 0.014913420 0.012544080 0.007992990 0.008176450 0.002061720 0.002889730 0.015217280 0.014602560 0.002514720 0.003541940 0.001284020 0.000654260 0.000000000 0.000602750 0.001809120 0.001897610 0.001361500 0.004087090 0.011370160 0.009144980 0.002403380 0.004123760 0.004374990 0.007724080 0.007160000 0.012285130 0.010467680 0.001191110 0.001848530 0.001153150 0.005313220 0.000778520 0.006404010 0.004387690 0.013816320 0.014152530 0.010695220 0.020898310 0.010405140 0.006477180 0.006650010 0.012057140 0.003468830 0.007359340 0.008166060 
21     0.005408340 0.007867360 0.001038150 0.011973340 0.001355680 0.000743870 0.005039650 0.003819560 0.002476310 0.014390170 0.007241710 0.006591680 0.005098410 0.005309630 0.001178100 0.000915960 0.001221310 0.001356740 0.000602750 0.000000000 0.000129050 0.000329670 0.001638640 0.005208170 0.000652600 0.005696980 0.012176520 0.003285310 0.009855250 0.010018130 0.001667680 0.013944820 0.024049220 0.009395110 0.007000220 0.010117080 0.011363400 0.003848000 0.008868430 0.003794500 0.008634540 0.004320430 0.015093150 0.009389150 0.006971110 0.007675620 0.011944670 0.008994160 0.002466560 0.013795210 0.010532140 
50     0.005371280 0.001829270 0.014244940 0.010501870 0.008923470 0.015172490 0.013547100 0.016020810 0.003363090 0.009992150 0.007900800 0.007777930 0.009086670 0.003358040 0.006354040 0.003102980 0.001574970 0.003588930 0.001809120 0.000129050 0.000000000 0.000774670 0.000021320 0.005181100 0.009068660 0.002170490 0.010276800 0.006654930 0.014918220 0.008327250 0.004049010 0.026942610 0.013258300 0.004287900 0.013112570 0.012417190 0.010579230 0.008201280 0.002838620 0.005305680 0.011112740 0.009228440 0.012476670 0.012253760 0.003718910 0.011546930 0.016352710 0.005056890 0.000361020 0.014195010 0.007826190 
7     0.003664410 0.002195850 0.006655440 0.007627710 0.007977280 0.002915100 0.001601180 0.006740990 0.004852850 0.002639410 0.002155960 0.006366060 0.011872170 0.004907060 0.006775100 0.002195490 0.001456050 0.000603080 0.001897610 0.000329670 0.000774670 0.000000000 0.001323120 0.010798580 0.011185010 0.015338520 0.012003970 0.005849940 0.013469850 0.013278400 0.017882010 0.013400940 0.010125010 0.004335130 0.000727560 0.005925990 0.010086060 0.010081990 0.011097290 0.010691270 0.000913640 0.012493380 0.016688690 0.011338070 0.005197170 0.002279600 0.013766350 0.004147310 0.005493460 0.001545750 0.011989210 
5     0.007091680 0.009273110 0.009716210 0.008701930 0.006379240 0.003869660 0.003032510 0.006929370 0.010062590 0.016735300 0.002411900 0.010941040 0.006208800 0.006820320 0.001567010 0.005720220 0.003087010 0.005449350 0.001361500 0.001638640 0.000021320 0.001323120 0.000000000 0.005112470 0.006016470 0.001446870 0.010140400 0.006109670 0.004973700 0.009817570 0.004125450 0.010749080 0.012579410 0.003688070 0.014422850 0.010133060 0.004656900 0.017596050 0.008651880 0.011536680 0.002021220 0.016086070 0.021130290 0.005279750 0.003558630 0.018638000 0.021537400 0.016677360 0.009472330 0.007954540 0.001987890 
35     0.004003480 0.002260060 0.011227910 0.008525070 0.006646850 0.004437600 0.011734790 0.015853720 0.007073290 0.002625500 0.008137800 0.007778220 0.004971610 0.013074070 0.006523770 0.006121450 0.012470020 0.012540740 0.004087090 0.005208170 0.005181100 0.010798580 0.005112470 0.000000000 0.000118360 0.003603790 0.006145600 0.008893320 0.010208480 0.002409200 0.009778040 0.008461580 0.004085500 0.007909760 0.006001930 0.000630460 0.012051420 0.012038030 0.013193260 0.009372500 0.004483150 0.005858150 0.008386820 0.003515210 0.005088270 0.005508500 0.007550620 0.011000830 0.010555820 0.004095620 0.005085820 
14     0.006613950 0.008427120 0.010057220 0.008040450 0.010906700 0.006050490 0.006017860 0.014436430 0.004002960 0.007673380 0.007829290 0.006741520 0.011721530 0.004576040 0.007360080 0.006118780 0.005330200 0.012477010 0.011370160 0.000652600 0.009068660 0.011185010 0.006016470 0.000118360 0.000000000 0.003144740 0.003050600 0.000749680 0.007829040 0.011600170 0.013542730 0.005430340 0.004812600 0.006997810 0.006040260 0.001238130 0.010212230 0.019680850 0.011532590 0.021072870 0.006289220 0.013783260 0.005662450 0.002586030 0.005819490 0.005211730 0.006548690 0.019337930 0.001798450 0.019840780 0.006809970 
31     0.020341960 0.002757510 0.015289570 0.008241550 0.005032920 0.006278950 0.006235700 0.003005140 0.003293500 0.003445820 0.013365680 0.013838710 0.012824850 0.004735020 0.001302820 0.011234330 0.017816530 0.003833950 0.009144980 0.005696980 0.002170490 0.015338520 0.001446870 0.003603790 0.003144740 0.000000000 0.004093560 0.005621710 0.001542360 0.004871730 0.006772810 0.016731120 0.005298450 0.006377110 0.007293120 0.011991070 0.009705420 0.006885850 0.003330680 0.006771290 0.008269550 0.017073100 0.012814600 0.011544520 0.005677980 0.009528360 0.003437980 0.009674180 0.013734760 0.012469520 0.010855400 
48     0.019483310 0.013838240 0.007883590 0.009107690 0.006796110 0.004781800 0.014918190 0.011806090 0.001661280 0.012977330 0.001595780 0.013985990 0.016626550 0.012197200 0.002452070 0.001934750 0.004753490 0.016577930 0.002403380 0.012176520 0.010276800 0.012003970 0.010140400 0.006145600 0.003050600 0.004093560 0.000000000 0.000506040 0.007694270 0.011765940 0.009011710 0.002226150 0.007027030 0.009924340 0.008571920 0.002272700 0.007092040 0.007286180 0.007611630 0.001240400 0.000987030 0.002733000 0.007042280 0.004053350 0.009684800 0.008525320 0.009193520 0.002929270 0.007222810 0.008027870 0.014249860 
42     0.012613880 0.009394870 0.005132530 0.011298330 0.020202330 0.015314500 0.010063940 0.009663980 0.022248170 0.007736670 0.016211500 0.007305980 0.007954010 0.009488970 0.009938930 0.007231100 0.000695810 0.003399640 0.004123760 0.003285310 0.006654930 0.005849940 0.006109670 0.008893320 0.000749680 0.005621710 0.000506040 0.000000000 0.000984030 0.003198720 0.001611530 0.011059910 0.005970180 0.011840580 0.013260970 0.004594350 0.018360520 0.019437180 0.003556150 0.017465050 0.005000340 0.010226730 0.013428870 0.002435880 0.006995580 0.025199340 0.018759170 0.012288840 0.012088770 0.029048120 0.002441850 
39     0.009848950 0.007315500 0.011153940 0.013518600 0.018713760 0.011366250 0.021703550 0.013760180 0.009899420 0.015159030 0.000626570 0.008450090 0.010824850 0.013905530 0.003918590 0.004867910 0.005938560 0.012176170 0.004374990 0.009855250 0.014918220 0.013469850 0.004973700 0.010208480 0.007829040 0.001542360 0.007694270 0.000984030 0.000000000 0.004163910 0.005913050 0.004643290 0.014767550 0.002985620 0.006668920 0.004179030 0.005586100 0.008239440 0.003832180 0.013516750 0.011716500 0.006042990 0.009762820 0.022943120 0.007604650 0.003253670 0.014482040 0.009067530 0.008755930 0.015782060 0.004032210 
24     0.003196890 0.008367090 0.001716990 0.003311070 0.009988680 0.009971780 0.008192880 0.001785910 0.001372120 0.008498910 0.005821850 0.006587870 0.020819920 0.001134200 0.002284010 0.019102320 0.012475880 0.018548520 0.007724080 0.010018130 0.008327250 0.013278400 0.009817570 0.002409200 0.011600170 0.004871730 0.011765940 0.003198720 0.004163910 0.000000000 0.000293120 0.004913690 0.009233400 0.019379590 0.005299800 0.003179880 0.009143550 0.010634740 0.000600650 0.012502240 0.010452060 0.001895330 0.010318640 0.010454810 0.011882140 0.013834990 0.004542850 0.008936140 0.004197170 0.023191470 0.015292760 
25     0.014364870 0.008147300 0.005786500 0.007187810 0.011294350 0.008495380 0.003755630 0.009110830 0.003130670 0.023972500 0.004403330 0.018849000 0.018485370 0.017290920 0.009172360 0.021522300 0.013652210 0.016132760 0.007160000 0.001667680 0.004049010 0.017882010 0.004125450 0.009778040 0.013542730 0.006772810 0.009011710 0.001611530 0.005913050 0.000293120 0.000000000 0.001043880 0.003175610 0.019113880 0.005927740 0.007910470 0.017750560 0.019241750 0.003366780 0.009507770 0.005042120 0.010205380 0.008023610 0.005540070 0.015893270 0.015173370 0.010065590 0.009751980 0.003270660 0.022646100 0.001172280 
45     0.006042510 0.000545880 0.009038040 0.009312800 0.017335240 0.016177790 0.009678960 0.013819480 0.001201710 0.000478390 0.005817530 0.008961070 0.015974600 0.005390060 0.007051180 0.010016730 0.003958100 0.009676770 0.012285130 0.013944820 0.026942610 0.013400940 0.010749080 0.008461580 0.005430340 0.016731120 0.002226150 0.011059910 0.004643290 0.004913690 0.001043880 0.000000000 0.015453090 0.005284160 0.011420820 0.010820820 0.009995590 0.009381730 0.003892140 0.003473170 0.004664300 0.014242730 0.010328730 0.010374880 0.007201430 0.013805750 0.004027880 0.013467180 0.009303210 0.009818650 0.009314630 
30     0.020749160 0.016572180 0.006265770 0.007781800 0.008570620 0.005821470 0.007996850 0.007496400 0.005485380 0.009739890 0.007862250 0.004348470 0.011525170 0.000237620 0.010113550 0.024345500 0.003081070 0.012703470 0.010467680 0.024049220 0.013258300 0.010125010 0.012579410 0.004085500 0.004812600 0.005298450 0.007027030 0.005970180 0.014767550 0.009233400 0.003175610 0.015453090 0.000000000 0.003997820 0.009409370 0.010788380 0.005080000 0.006242940 0.005283640 0.013672230 0.012559250 0.008728860 0.007060860 0.001223290 0.004966950 0.001896830 0.005950400 0.008026830 0.014942210 0.014343110 0.006222590 
43     0.001933600 0.006942560 0.017199050 0.015133390 0.010674300 0.010582010 0.008003300 0.007756560 0.003153700 0.003711980 0.019558580 0.012898590 0.015773360 0.008252850 0.006226130 0.008395970 0.004953400 0.001174950 0.001191110 0.009395110 0.004287900 0.004335130 0.003688070 0.007909760 0.006997810 0.006377110 0.009924340 0.011840580 0.002985620 0.019379590 0.019113880 0.005284160 0.003997820 0.000000000 0.000009560 0.000257720 0.002189910 0.000285990 0.005170880 0.005480140 0.008429270 0.001808920 0.011806040 0.009068690 0.015993280 0.009213690 0.019313090 0.012311680 0.006375340 0.012557820 0.008014090 
40     0.008560830 0.002334050 0.008217490 0.014336470 0.009036820 0.010594600 0.010756740 0.011460010 0.005514110 0.010219670 0.000663160 0.009487220 0.005470010 0.012948770 0.007315990 0.006769890 0.005610820 0.001832370 0.001848530 0.007000220 0.013112570 0.000727560 0.014422850 0.006001930 0.006040260 0.007293120 0.008571920 0.013260970 0.006668920 0.005299800 0.005927740 0.011420820 0.009409370 0.000009560 0.000000000 0.000915140 0.001647740 0.002019270 0.003565010 0.006137560 0.003739610 0.010416820 0.005794800 0.003057450 0.008738250 0.012952560 0.010814850 0.016811520 0.009341440 0.000856250 0.012697240 
34     0.003277920 0.003026530 0.014290390 0.013604080 0.000975800 0.010471060 0.007422030 0.004409090 0.003218880 0.010234400 0.012329610 0.005442890 0.005423100 0.007529840 0.005790180 0.006516590 0.004915440 0.001136990 0.001153150 0.010117080 0.012417190 0.005925990 0.010133060 0.000630460 0.001238130 0.011991070 0.002272700 0.004594350 0.004179030 0.003179880 0.007910470 0.010820820 0.010788380 0.000257720 0.000915140 0.000000000 0.004836970 0.004832900 0.004601210 0.005442180 0.006144760 0.005461300 0.008560310 0.008559070 0.007576170 0.012257180 0.013137390 0.003568420 0.012597130 0.012519860 0.015448040 
49     0.024079630 0.013023630 0.017343490 0.016914740 0.014125520 0.010235890 0.001996600 0.005955560 0.003875670 0.007848060 0.008701230 0.005790060 0.007171490 0.003274930 0.003144570 0.012935010 0.004435150 0.005297060 0.005313220 0.011363400 0.010579230 0.010086060 0.004656900 0.012051420 0.010212230 0.009705420 0.007092040 0.018360520 0.005586100 0.009143550 0.017750560 0.009995590 0.005080000 0.002189910 0.001647740 0.004836970 0.000000000 0.000056640 0.002134590 0.001587710 0.005019100 0.016929130 0.022152420 0.009755060 0.003264810 0.006580600 0.003889910 0.007610810 0.002156550 0.001786770 0.003517250 
38     0.013156460 0.013400470 0.017330100 0.016901350 0.014121450 0.011398830 0.002245280 0.016736290 0.010718060 0.003310080 0.008687840 0.006580600 0.007962030 0.007347880 0.003131180 0.012930940 0.004713250 0.005292990 0.000778520 0.003848000 0.008201280 0.010081990 0.017596050 0.012038030 0.019680850 0.006885850 0.007286180 0.019437180 0.008239440 0.010634740 0.019241750 0.009381730 0.006242940 0.000285990 0.002019270 0.004832900 0.000056640 0.000000000 0.002130520 0.001583640 0.005085370 0.016925060 0.017936640 0.010013940 0.003251420 0.007164870 0.003876520 0.002896330 0.002143160 0.001773380 0.009403050 
46     0.001820920 0.007119040 0.007802160 0.006916300 0.001398360 0.000605730 0.009881660 0.009029210 0.005347850 0.005316120 0.004107480 0.005368870 0.007385750 0.001147390 0.002705260 0.013864900 0.010166300 0.002729680 0.006404010 0.008868430 0.002838620 0.011097290 0.008651880 0.013193260 0.011532590 0.003330680 0.007611630 0.003556150 0.003832180 0.000600650 0.003366780 0.003892140 0.005283640 0.005170880 0.003565010 0.004601210 0.002134590 0.002130520 0.000000000 0.000049560 0.001483650 0.001726210 0.001235970 0.013585420 0.010820010 0.010648720 0.007086030 0.004471120 0.000144650 0.005018210 0.003216360 
20     0.002015950 0.002905260 0.010065260 0.008908640 0.010502760 0.006298480 0.007207970 0.003418420 0.009539760 0.010143950 0.009986220 0.007678910 0.007572260 0.008081390 0.001723390 0.002441440 0.009680720 0.003336550 0.004387690 0.003794500 0.005305680 0.010691270 0.011536680 0.009372500 0.021072870 0.006771290 0.001240400 0.017465050 0.013516750 0.012502240 0.009507770 0.003473170 0.013672230 0.005480140 0.006137560 0.005442180 0.001587710 0.001583640 0.000049560 0.000000000 0.001368270 0.001262080 0.006304840 0.009462770 0.014287930 0.007630820 0.006100000 0.008270010 0.001897840 0.014188180 0.005736190 
15     0.015004590 0.014228140 0.004750450 0.009486030 0.006233820 0.011620270 0.006792910 0.004645800 0.001293300 0.004116890 0.011786380 0.005825550 0.006639900 0.013184580 0.004883200 0.020846670 0.015356480 0.015331030 0.013816320 0.008634540 0.011112740 0.000913640 0.002021220 0.004483150 0.006289220 0.008269550 0.000987030 0.005000340 0.011716500 0.010452060 0.005042120 0.004664300 0.012559250 0.008429270 0.003739610 0.006144760 0.005019100 0.005085370 0.001483650 0.001368270 0.000000000 0.008408700 0.014175030 0.015513590 0.017459170 0.010724100 0.010863620 0.015845040 0.005414610 0.010444300 0.007960370 
27     0.017573570 0.009336140 0.009374060 0.008217440 0.022269420 0.018910600 0.008735850 0.011960000 0.009628350 0.017024460 0.009244010 0.002229210 0.004452520 0.004079380 0.005457580 0.019724100 0.017914820 0.014136370 0.014152530 0.004320430 0.009228440 0.012493380 0.016086070 0.005858150 0.013783260 0.017073100 0.002733000 0.010226730 0.006042990 0.001895330 0.010205380 0.014242730 0.008728860 0.001808920 0.010416820 0.005461300 0.016929130 0.016925060 0.001726210 0.001262080 0.008408700 0.000000000 0.006643870 0.000267230 0.001094270 0.000598410 0.002086060 0.005168650 0.001806090 0.000490470 0.009389770 
36     0.000872420 0.000989440 0.004304650 0.009285870 0.009042970 0.016701070 0.011172330 0.006422410 0.016931440 0.017543330 0.010143110 0.003110840 0.003315250 0.010966610 0.021994860 0.022347730 0.017145860 0.022562110 0.010695220 0.015093150 0.012476670 0.016688690 0.021130290 0.008386820 0.005662450 0.012814600 0.007042280 0.013428870 0.009762820 0.010318640 0.008023610 0.010328730 0.007060860 0.011806040 0.005794800 0.008560310 0.022152420 0.017936640 0.001235970 0.006304840 0.014175030 0.006643870 0.000000000 0.000014490 0.002140380 0.004502750 0.010003580 0.002869490 0.003256660 0.003658550 0.012375760 
37     0.000858070 0.000975090 0.009734510 0.010626740 0.009041730 0.015805770 0.010970010 0.008507780 0.020455980 0.017935200 0.010174650 0.017164990 0.017369400 0.020507340 0.025010270 0.013679750 0.016461230 0.018747520 0.020898310 0.009389150 0.012253760 0.011338070 0.005279750 0.003515210 0.002586030 0.011544520 0.004053350 0.002435880 0.022943120 0.010454810 0.005540070 0.010374880 0.001223290 0.009068690 0.003057450 0.008559070 0.009755060 0.010013940 0.013585420 0.009462770 0.015513590 0.000267230 0.000014490 0.000000000 0.001797310 0.006615480 0.000754990 0.003780180 0.002717310 0.002851440 0.005482720 
12     0.010227800 0.007885930 0.004360530 0.008185110 0.008058830 0.011476630 0.002055580 0.012384410 0.011233330 0.011845220 0.002616030 0.004688460 0.005345690 0.010043740 0.005909300 0.009900700 0.009969760 0.012707340 0.010405140 0.006971110 0.003718910 0.005197170 0.003558630 0.005088270 0.005819490 0.005677980 0.009684800 0.006995580 0.007604650 0.011882140 0.015893270 0.007201430 0.004966950 0.015993280 0.008738250 0.007576170 0.003264810 0.003251420 0.010820010 0.014287930 0.017459170 0.001094270 0.002140380 0.001797310 0.000000000 0.007011170 0.002354610 0.006278280 0.002960070 0.001561960 0.009623660 
23     0.002801320 0.011700020 0.014638770 0.003987190 0.017031990 0.011026260 0.000333240 0.003610260 0.002373210 0.010534910 0.008293230 0.015414630 0.008787000 0.014113280 0.009822750 0.008116300 0.007308320 0.009248460 0.006477180 0.007675620 0.011546930 0.002279600 0.018638000 0.005508500 0.005211730 0.009528360 0.008525320 0.025199340 0.003253670 0.013834990 0.015173370 0.013805750 0.001896830 0.009213690 0.012952560 0.012257180 0.006580600 0.007164870 0.010648720 0.007630820 0.010724100 0.000598410 0.004502750 0.006615480 0.007011170 0.000000000 0.000006820 0.004561830 0.005718630 0.005050760 0.008517440 
22     0.019023490 0.001641380 0.014635890 0.011506720 0.011753960 0.012512850 0.006254400 0.008677280 0.000224660 0.014656190 0.012091060 0.021408450 0.021243890 0.005859410 0.006534400 0.007706770 0.003687860 0.005846160 0.006650010 0.011944670 0.016352710 0.013766350 0.021537400 0.007550620 0.006548690 0.003437980 0.009193520 0.018759170 0.014482040 0.004542850 0.010065590 0.004027880 0.005950400 0.019313090 0.010814850 0.013137390 0.003889910 0.003876520 0.007086030 0.006100000 0.010863620 0.002086060 0.010003580 0.000754990 0.002354610 0.000006820 0.000000000 0.004490310 0.005613110 0.002244780 0.003213460 
10     0.004210710 0.002247280 0.011759640 0.011090500 0.024700020 0.018739740 0.002271840 0.004973160 0.024049090 0.004340410 0.005561640 0.017243890 0.008204060 0.001938190 0.006357960 0.007801430 0.005503830 0.002922870 0.012057140 0.008994160 0.005056890 0.004147310 0.016677360 0.011000830 0.019337930 0.009674180 0.002929270 0.012288840 0.009067530 0.008936140 0.009751980 0.013467180 0.008026830 0.012311680 0.016811520 0.003568420 0.007610810 0.002896330 0.004471120 0.008270010 0.015845040 0.005168650 0.002869490 0.003780180 0.006278280 0.004561830 0.004490310 0.000000000 0.000331590 0.001979290 0.008034810 
18     0.003280060 0.001671640 0.003084990 0.006467460 0.016815440 0.018743290 0.000196920 0.013010600 0.016381330 0.009440820 0.010779560 0.012364980 0.013311590 0.013299500 0.005222900 0.010330060 0.005087850 0.008630230 0.003468830 0.002466560 0.000361020 0.005493460 0.009472330 0.010555820 0.001798450 0.013734760 0.007222810 0.012088770 0.008755930 0.004197170 0.003270660 0.009303210 0.014942210 0.006375340 0.009341440 0.012597130 0.002156550 0.002143160 0.000144650 0.001897840 0.005414610 0.001806090 0.003256660 0.002717310 0.002960070 0.005718630 0.005613110 0.000331590 0.000000000 0.003865100 0.009281400 
9     0.005761960 0.022481190 0.013061340 0.014959650 0.021511600 0.003549930 0.008940420 0.018681210 0.019894860 0.013077220 0.002807290 0.009854770 0.012547610 0.004877400 0.004431260 0.006593210 0.005563460 0.008126400 0.007359340 0.013795210 0.014195010 0.001545750 0.007954540 0.004095620 0.019840780 0.012469520 0.008027870 0.029048120 0.015782060 0.023191470 0.022646100 0.009818650 0.014343110 0.012557820 0.000856250 0.012519860 0.001786770 0.001773380 0.005018210 0.014188180 0.010444300 0.000490470 0.003658550 0.002851440 0.001561960 0.005050760 0.002244780 0.001979290 0.003865100 0.000000000 0.024657890 
0     0.005859440 0.006527070 0.008902040 0.004410080 0.009755150 0.007121880 0.009601870 0.002707460 0.006263270 0.018039380 0.003390780 0.002333030 0.007251570 0.007999670 0.007104710 0.005917710 0.017153160 0.009399530 0.008166060 0.010532140 0.007826190 0.011989210 0.001987890 0.005085820 0.006809970 0.010855400 0.014249860 0.002441850 0.004032210 0.015292760 0.001172280 0.009314630 0.006222590 0.008014090 0.012697240 0.015448040 0.003517250 0.009403050 0.003216360 0.005736190 0.007960370 0.009389770 0.012375760 0.005482720 0.009623660 0.008517440 0.003213460 0.008034810 0.009281400 0.024657890 0.000000000 
