51
1     0.000000000 0.066291033 0.128604344 0.126644826 0.226941851 0.219047993 0.236275525 0.231936724 0.230068469 0.231003681 0.246095232 0.222560175 0.223935694 0.225173161 0.228642463 0.232330777 0.232318470 0.232571268 0.233201844 0.228867622 0.232662058 0.236974504 0.234742775 0.229529788 0.229097920 0.222192287 0.221017076 0.229541313 0.244622231 0.233070723 0.233787725 0.237552969 0.231129905 0.248291929 0.246249515 0.246932681 0.230803801 0.231236102 0.225428078 0.228483883 0.230525759 0.244061576 0.226767085 0.226149048 0.226910024 0.225719721 0.225828970 0.226566754 0.226745316 0.247470442 0.260634034 
2     0.066291033 0.000000000 0.127348355 0.125538425 0.223754780 0.215748249 0.232788452 0.228202878 0.226000873 0.227295264 0.242967883 0.218698278 0.220315674 0.221660103 0.224578584 0.229869214 0.229310707 0.229975434 0.230351712 0.225246212 0.229218644 0.233824448 0.231140473 0.228073519 0.227184764 0.219157581 0.218615902 0.227552428 0.241974453 0.228800556 0.229521155 0.233095037 0.227992295 0.245655453 0.243455558 0.244492964 0.228329906 0.228813250 0.222302387 0.225288368 0.227707926 0.240617170 0.222451380 0.221826305 0.223182629 0.221103273 0.221766899 0.222903034 0.222665972 0.242876052 0.256711362 
4     0.128604344 0.127348355 0.000000000 0.041224995 0.224937563 0.216600119 0.234844387 0.228496860 0.227767995 0.228304732 0.244600710 0.220317269 0.221869440 0.223821156 0.226205664 0.231047666 0.231240829 0.231481885 0.232458652 0.226187310 0.230844881 0.234301399 0.232915722 0.229471604 0.227322013 0.220290360 0.216910706 0.226179244 0.242871564 0.231098390 0.231619524 0.235202674 0.231056467 0.247177024 0.244144151 0.244858167 0.229446485 0.229877203 0.223070371 0.227553533 0.227738165 0.243153456 0.227046948 0.226679814 0.226655542 0.224833815 0.225321010 0.226037013 0.225845790 0.246580048 0.258239907 
3     0.126644826 0.125538425 0.041224995 0.000000000 0.224158324 0.215138747 0.231392337 0.226662618 0.225955389 0.226623629 0.244098769 0.220009455 0.221557955 0.222611184 0.224852982 0.229839675 0.229579724 0.229729043 0.230918948 0.224940203 0.229961528 0.233054363 0.231366612 0.227946939 0.226581566 0.219311931 0.215615279 0.225404889 0.240519902 0.229505455 0.229999958 0.234397882 0.229445762 0.245927222 0.243137419 0.243531533 0.227665852 0.228096570 0.221055194 0.226104578 0.226564857 0.241510190 0.225329496 0.224988806 0.224153689 0.222359947 0.222754707 0.224026185 0.223787473 0.244274321 0.256734045 
44     0.226941851 0.223754780 0.224937563 0.224158324 0.000000000 0.079718337 0.153975216 0.148559815 0.149705529 0.151002880 0.178037132 0.155921791 0.156856165 0.155464049 0.158431398 0.161669877 0.162408548 0.162017700 0.163073098 0.156685608 0.160168844 0.164349648 0.163186818 0.184556105 0.186570365 0.175829379 0.179074711 0.187829247 0.199274700 0.186231949 0.185274135 0.190261146 0.186232758 0.203493587 0.198671775 0.198889809 0.179273038 0.179806388 0.177814655 0.180807552 0.183520309 0.200144045 0.180799201 0.181076427 0.180364975 0.178308689 0.177780655 0.183689464 0.183856508 0.202170383 0.249713542 
26     0.219047993 0.215748249 0.216600119 0.215138747 0.079718337 0.000000000 0.144241794 0.138901417 0.139974035 0.141252060 0.169183404 0.146638252 0.147691184 0.146070928 0.149663583 0.152489477 0.153237380 0.152689114 0.154468976 0.147273963 0.151077719 0.154763559 0.154460490 0.175256901 0.177130339 0.166739919 0.170803931 0.179669498 0.191030175 0.177982926 0.177265626 0.182006451 0.176476244 0.194941789 0.189974364 0.189894381 0.170847420 0.171379316 0.168937965 0.171625718 0.173554456 0.188449163 0.170898039 0.171260839 0.170367249 0.169330888 0.168812557 0.173280247 0.173234539 0.191867065 0.242573097 
19     0.236275525 0.232788452 0.234844387 0.231392337 0.153975216 0.144241794 0.000000000 0.082903762 0.084338785 0.084682631 0.187466227 0.164232240 0.165100472 0.165071326 0.168434953 0.171504502 0.173252341 0.171922795 0.173862311 0.165554255 0.169588937 0.175196310 0.172791854 0.192028296 0.193510414 0.183789519 0.186981784 0.195600533 0.208898099 0.195193002 0.194600456 0.199119807 0.195567968 0.211390365 0.207176750 0.205314250 0.189682486 0.189987639 0.186660447 0.188463661 0.192144817 0.206826306 0.189239448 0.188627707 0.188828883 0.187817451 0.187891512 0.191553943 0.192893589 0.209590108 0.259716641 
41     0.231936724 0.228202878 0.228496860 0.226662618 0.148559815 0.138901417 0.082903762 0.000000000 0.043598741 0.044343821 0.180663613 0.157722323 0.158751012 0.158582154 0.162361800 0.166670669 0.168955022 0.167499543 0.169565082 0.160777381 0.164734898 0.170005815 0.168051024 0.186914911 0.188272086 0.178315610 0.181091777 0.189859864 0.203949283 0.190083372 0.189544681 0.193787945 0.188877333 0.206903462 0.202353169 0.201244139 0.184535292 0.184883206 0.181246380 0.182998714 0.185951305 0.200968110 0.183298590 0.183092103 0.183156678 0.182425534 0.182077322 0.185782682 0.186365260 0.203495071 0.254039504 
11     0.230068469 0.226000873 0.227767995 0.225955389 0.149705529 0.139974035 0.084338785 0.043598741 0.000000000 0.037435278 0.179988013 0.157594708 0.158474418 0.158462960 0.162117779 0.166118399 0.168164621 0.167150216 0.169249854 0.160707640 0.164429330 0.169767919 0.167797834 0.186525555 0.188207434 0.178341462 0.181016808 0.189616602 0.203737042 0.189772662 0.189220819 0.193652736 0.188870365 0.204812170 0.200282379 0.199276622 0.183831944 0.184164048 0.180975501 0.182831617 0.185305758 0.200645903 0.183413772 0.183426007 0.182819065 0.182056677 0.182034609 0.185669195 0.186235762 0.202475007 0.252906081 
8     0.231003681 0.227295264 0.228304732 0.226623629 0.151002880 0.141252060 0.084682631 0.044343821 0.037435278 0.000000000 0.181870179 0.158990009 0.160025221 0.160128012 0.163668220 0.167942780 0.170682277 0.168783643 0.170826556 0.162673462 0.166198812 0.171459425 0.169553051 0.187819960 0.189517388 0.179957755 0.181943998 0.190514779 0.204637211 0.190969084 0.190417241 0.194953272 0.190536982 0.207580402 0.202846799 0.201754913 0.185624473 0.185932277 0.182172615 0.183782088 0.186783314 0.201688970 0.184198159 0.184222216 0.183431472 0.182961629 0.182944914 0.186647520 0.186755179 0.202740601 0.254029434 
28     0.246095232 0.242967883 0.244600710 0.244098769 0.178037132 0.169183404 0.187466227 0.180663613 0.179988013 0.181870179 0.000000000 0.138201588 0.139010027 0.138408404 0.158747391 0.164233217 0.164224402 0.164517903 0.163849863 0.158163658 0.161231030 0.167189043 0.164050098 0.204137902 0.205911661 0.196994982 0.199716747 0.207348078 0.217510782 0.207312405 0.206479579 0.211773458 0.204088351 0.223482234 0.218625344 0.217038201 0.199007766 0.199163722 0.197611030 0.200092763 0.203429097 0.215983912 0.199971486 0.200072317 0.198460758 0.197502859 0.195863862 0.201403298 0.201255041 0.219206103 0.271719959 
47     0.222560175 0.218698278 0.220317269 0.220009455 0.155921791 0.146638252 0.164232240 0.157722323 0.157594708 0.158990009 0.138201588 0.000000000 0.021163287 0.062600133 0.136373387 0.141399198 0.142024974 0.140967837 0.141106306 0.136711371 0.138980623 0.144581938 0.142437985 0.179064995 0.180318864 0.170745025 0.173600350 0.180989583 0.193600863 0.182136309 0.181533799 0.185616836 0.177419944 0.197033275 0.191520680 0.190519758 0.174984263 0.175273087 0.172732929 0.176274097 0.178168132 0.191113045 0.174017855 0.174369149 0.172523938 0.172079925 0.172496356 0.176465703 0.175873200 0.194154625 0.246244135 
6     0.223935694 0.220315674 0.221869440 0.221557955 0.156856165 0.147691184 0.165100472 0.158751012 0.158474418 0.160025221 0.139010027 0.021163287 0.000000000 0.063774087 0.137291494 0.142770607 0.143078434 0.141894006 0.141996826 0.137881221 0.140089453 0.145638845 0.143442382 0.179909939 0.181683479 0.171885216 0.174534694 0.181935875 0.194339096 0.183354015 0.182673394 0.186682336 0.178009775 0.197726862 0.192163167 0.191213122 0.175928840 0.176217664 0.173249316 0.176759751 0.178557513 0.191382575 0.174578499 0.175077813 0.173038158 0.172594302 0.172938553 0.176806783 0.176462325 0.194669227 0.247529294 
32     0.225173161 0.221660103 0.223821156 0.222611184 0.155464049 0.146070928 0.165071326 0.158582154 0.158462960 0.160128012 0.138408404 0.062600133 0.063774087 0.000000000 0.137246904 0.141616020 0.142632846 0.141458556 0.141336963 0.136727487 0.139529439 0.144666207 0.142757424 0.179008445 0.180409583 0.170953682 0.174595339 0.181507553 0.194255307 0.181853008 0.181406385 0.186404954 0.178761788 0.198105374 0.192542337 0.192048345 0.175579867 0.175907396 0.172467398 0.176305485 0.178523561 0.191342075 0.174122810 0.174747391 0.173117627 0.171329118 0.171587125 0.176761210 0.176659722 0.194321348 0.247196670 
29     0.228642463 0.224578584 0.226205664 0.224852982 0.158431398 0.149663583 0.168434953 0.162361800 0.162117779 0.163668220 0.158747391 0.136373387 0.137291494 0.137246904 0.000000000 0.089126058 0.089031065 0.089162048 0.090688586 0.084232142 0.086935116 0.091053061 0.090894340 0.182910528 0.184712758 0.174982788 0.178739000 0.186150846 0.198825270 0.185360698 0.184861189 0.190387179 0.185598263 0.203150462 0.198506850 0.196528513 0.181047838 0.181544275 0.178102916 0.181639023 0.182725474 0.198318850 0.181350554 0.180384421 0.179696603 0.176070355 0.175534066 0.182860061 0.182379135 0.200764612 0.251466454 
17     0.232330777 0.229869214 0.231047666 0.229839675 0.161669877 0.152489477 0.171504502 0.166670669 0.166118399 0.167942780 0.164233217 0.141399198 0.142770607 0.141616020 0.089126058 0.000000000 0.057315253 0.065327330 0.064245692 0.071497009 0.073548359 0.079296917 0.077676952 0.188252709 0.190877518 0.181078570 0.183928708 0.192337058 0.204032245 0.191278692 0.190554337 0.197535608 0.190999363 0.209001427 0.204060381 0.202769317 0.187086580 0.187279493 0.184897065 0.187759715 0.188582494 0.203174720 0.185568145 0.184750811 0.183761765 0.181425139 0.180517511 0.187502186 0.187086642 0.206136653 0.254694311 
16     0.232318470 0.229310707 0.231240829 0.229579724 0.162408548 0.153237380 0.173252341 0.168955022 0.168164621 0.170682277 0.164224402 0.142024974 0.143078434 0.142632846 0.089031065 0.057315253 0.000000000 0.066819346 0.065890703 0.073285513 0.074540923 0.081970138 0.079925629 0.190499038 0.192846075 0.182715140 0.185991415 0.194783531 0.206085624 0.193050077 0.192408412 0.198118490 0.190767599 0.208568832 0.203703359 0.202292140 0.188551325 0.188938909 0.186467220 0.189208225 0.190368104 0.205590670 0.187549224 0.186795697 0.185639288 0.183461301 0.182455657 0.190012307 0.189449280 0.208064214 0.255331632 
33     0.232571268 0.229975434 0.231481885 0.229729043 0.162017700 0.152689114 0.171922795 0.167499543 0.167150216 0.168783643 0.164517903 0.140967837 0.141894006 0.141458556 0.089162048 0.065327330 0.066819346 0.000000000 0.043359516 0.073564424 0.073671185 0.081110948 0.078918125 0.188083111 0.191078248 0.181568298 0.183529680 0.192493521 0.204755710 0.191576142 0.190733396 0.196989206 0.190267701 0.207209243 0.202394516 0.200913606 0.186211819 0.186374844 0.184796589 0.187503009 0.188429421 0.202638091 0.185789837 0.184732558 0.183808616 0.180914429 0.179922161 0.186178650 0.186170093 0.204612308 0.255073040 
13     0.233201844 0.230351712 0.232458652 0.230918948 0.163073098 0.154468976 0.173862311 0.169565082 0.169249854 0.170826556 0.163849863 0.141106306 0.141996826 0.141336963 0.090688586 0.064245692 0.065890703 0.043359516 0.000000000 0.073346840 0.074654312 0.080787974 0.079084471 0.189902865 0.192493549 0.182757208 0.184628074 0.193342342 0.205816678 0.193212156 0.192182789 0.197897784 0.190620490 0.208509557 0.203777764 0.202134680 0.187791023 0.187934117 0.186717119 0.189115129 0.190104226 0.204531123 0.186873647 0.185986437 0.185086241 0.182965175 0.182156489 0.188086986 0.188082024 0.206260893 0.255938169 
21     0.228867622 0.225246212 0.226187310 0.224940203 0.156685608 0.147273963 0.165554255 0.160777381 0.160707640 0.162673462 0.158163658 0.136711371 0.137881221 0.136727487 0.084232142 0.071497009 0.073285513 0.073564424 0.073346840 0.000000000 0.064108333 0.069553039 0.074877590 0.184762458 0.186883146 0.178137515 0.181566717 0.189340729 0.201917603 0.188421909 0.187314286 0.191865719 0.187083581 0.203956591 0.199241087 0.197684040 0.181661838 0.181818764 0.180867287 0.183949668 0.184465129 0.198127301 0.181883663 0.180978102 0.179339596 0.177107147 0.175981521 0.183248449 0.183024010 0.201358362 0.251078937 
50     0.232662058 0.229218644 0.230844881 0.229961528 0.160168844 0.151077719 0.169588937 0.164734898 0.164429330 0.166198812 0.161231030 0.138980623 0.140089453 0.139529439 0.086935116 0.073548359 0.074540923 0.073671185 0.074654312 0.064108333 0.000000000 0.065968449 0.076476709 0.187838292 0.191010458 0.180853614 0.182658745 0.190772467 0.203948209 0.190754095 0.189654068 0.195607105 0.190018029 0.206979887 0.202511967 0.201042605 0.184772536 0.184883184 0.183950487 0.186852790 0.187260211 0.202474433 0.184174525 0.183524867 0.182016388 0.180266006 0.179338803 0.186331443 0.186181218 0.204578893 0.256315093 
7     0.236974504 0.233824448 0.234301399 0.233054363 0.164349648 0.154763559 0.175196310 0.170005815 0.169767919 0.171459425 0.167189043 0.144581938 0.145638845 0.144666207 0.091053061 0.079296917 0.081970138 0.081110948 0.080787974 0.069553039 0.065968449 0.000000000 0.083648695 0.191666987 0.194698714 0.185674453 0.188315929 0.196387568 0.209078850 0.195978468 0.194931762 0.200217060 0.194977877 0.212826393 0.207930596 0.207336815 0.190671313 0.190835655 0.189622974 0.192539553 0.192817623 0.206943613 0.188579378 0.187716737 0.187378833 0.184861782 0.184461385 0.191403968 0.191063727 0.209024212 0.260342016 
5     0.234742775 0.231140473 0.232915722 0.231366612 0.163186818 0.154460490 0.172791854 0.168051024 0.167797834 0.169553051 0.164050098 0.142437985 0.143442382 0.142757424 0.090894340 0.077676952 0.079925629 0.078918125 0.079084471 0.074877590 0.076476709 0.083648695 0.000000000 0.189784736 0.192477602 0.183409890 0.185878149 0.194679908 0.206089409 0.192959030 0.192103390 0.198361179 0.193516628 0.210033795 0.205247911 0.204035406 0.188455497 0.188677603 0.187257949 0.190439736 0.191014743 0.206071696 0.188639446 0.187887180 0.186283870 0.184297144 0.183144039 0.190752625 0.190361376 0.208605855 0.258514882 
35     0.229529788 0.228073519 0.229471604 0.227946939 0.184556105 0.175256901 0.192028296 0.186914911 0.186525555 0.187819960 0.204137902 0.179064995 0.179909939 0.179008445 0.182910528 0.188252709 0.190499038 0.188083111 0.189902865 0.184762458 0.187838292 0.191666987 0.189784736 0.000000000 0.077595396 0.128512026 0.142310018 0.150389788 0.164574797 0.152567405 0.152070151 0.157260326 0.184625471 0.203972669 0.199906916 0.198425350 0.181264150 0.181778443 0.181154105 0.182852296 0.184374973 0.197622313 0.181302745 0.180882763 0.181697005 0.177156338 0.178719949 0.182752850 0.182138988 0.199957976 0.255287705 
14     0.229097920 0.227184764 0.227322013 0.226581566 0.186570365 0.177130339 0.193510414 0.188272086 0.188207434 0.189517388 0.205911661 0.180318864 0.181683479 0.180409583 0.184712758 0.190877518 0.192846075 0.191078248 0.192493549 0.186883146 0.191010458 0.194698714 0.192477602 0.077595396 0.000000000 0.130710215 0.144952829 0.153221482 0.166278573 0.154354157 0.154070057 0.159269616 0.187382575 0.206455140 0.202612176 0.200917707 0.184726956 0.185152117 0.184035513 0.185953178 0.187019261 0.199262441 0.183250498 0.183297938 0.183317773 0.179044981 0.179874732 0.184165375 0.184336097 0.201710474 0.256582604 
31     0.222192287 0.219157581 0.220290360 0.219311931 0.175829379 0.166739919 0.183789519 0.178315610 0.178341462 0.179957755 0.196994982 0.170745025 0.171885216 0.170953682 0.174982788 0.181078570 0.182715140 0.181568298 0.182757208 0.178137515 0.180853614 0.185674453 0.183409890 0.128512026 0.130710215 0.000000000 0.134386002 0.142633628 0.155220410 0.141152622 0.140597858 0.147827438 0.177046655 0.195395225 0.191091553 0.190028386 0.171649519 0.172332902 0.170673797 0.172390995 0.173073676 0.190006958 0.173005483 0.172879388 0.173151798 0.172716837 0.173770188 0.176025528 0.176685269 0.194097470 0.249542681 
48     0.221017076 0.218615902 0.216910706 0.215615279 0.179074711 0.170803931 0.186981784 0.181091777 0.181016808 0.181943998 0.199716747 0.173600350 0.174534694 0.174595339 0.178739000 0.183928708 0.185991415 0.183529680 0.184628074 0.181566717 0.182658745 0.188315929 0.185878149 0.142310018 0.144952829 0.134386002 0.000000000 0.067063614 0.158718159 0.146979586 0.146464112 0.154237323 0.178851223 0.198774061 0.194368804 0.194705868 0.172161246 0.172563532 0.173251368 0.174650229 0.177138049 0.191430913 0.173330558 0.174134188 0.175408950 0.173619213 0.174067655 0.174584322 0.175074466 0.195406928 0.249784582 
42     0.229541313 0.227552428 0.226179244 0.225404889 0.187829247 0.179669498 0.195600533 0.189859864 0.189616602 0.190514779 0.207348078 0.180989583 0.181935875 0.181507553 0.186150846 0.192337058 0.194783531 0.192493521 0.193342342 0.189340729 0.190772467 0.196387568 0.194679908 0.150389788 0.153221482 0.142633628 0.067063614 0.000000000 0.167056860 0.155305724 0.154981692 0.161950359 0.187989126 0.208668224 0.204910120 0.204235670 0.182461227 0.182881172 0.183584403 0.185255506 0.187193116 0.201728447 0.184073429 0.184994805 0.184893618 0.182975987 0.183846786 0.185357678 0.185821141 0.205647836 0.258856415 
39     0.244622231 0.241974453 0.242871564 0.240519902 0.199274700 0.191030175 0.208898099 0.203949283 0.203737042 0.204637211 0.217510782 0.193600863 0.194339096 0.194255307 0.198825270 0.204032245 0.206085624 0.204755710 0.205816678 0.201917603 0.203948209 0.209078850 0.206089409 0.164574797 0.166278573 0.155220410 0.158718159 0.167056860 0.000000000 0.159837761 0.158488703 0.165769347 0.199607783 0.219327325 0.214974880 0.213764003 0.195774252 0.196157578 0.193959960 0.196700694 0.198811645 0.214462739 0.196839259 0.196847568 0.195704529 0.193776444 0.195272431 0.199494686 0.199900388 0.218401883 0.272500472 
24     0.233070723 0.228800556 0.231098390 0.229505455 0.186231949 0.177982926 0.195193002 0.190083372 0.189772662 0.190969084 0.207312405 0.182136309 0.183354015 0.181853008 0.185360698 0.191278692 0.193050077 0.191576142 0.193212156 0.188421909 0.190754095 0.195978468 0.192959030 0.152567405 0.154354157 0.141152622 0.146979586 0.155305724 0.159837761 0.000000000 0.027611275 0.073781045 0.187518955 0.207360629 0.202742528 0.201668932 0.182006730 0.182584169 0.180280920 0.183354677 0.184883518 0.200737873 0.183293205 0.183038420 0.184387374 0.182174088 0.181741698 0.187016550 0.187790784 0.206664958 0.260200702 
25     0.233787725 0.229521155 0.231619524 0.229999958 0.185274135 0.177265626 0.194600456 0.189544681 0.189220819 0.190417241 0.206479579 0.181533799 0.182673394 0.181406385 0.184861189 0.190554337 0.192408412 0.190733396 0.192182789 0.187314286 0.189654068 0.194931762 0.192103390 0.152070151 0.154070057 0.140597858 0.146464112 0.154981692 0.158488703 0.027611275 0.000000000 0.073074452 0.186651136 0.207578170 0.202881330 0.202009704 0.182216004 0.182674586 0.180513858 0.183335945 0.185526870 0.200107316 0.183246644 0.182985392 0.184513918 0.181338205 0.180927254 0.185506572 0.186265480 0.205735521 0.260298840 
45     0.237552969 0.233095037 0.235202674 0.234397882 0.190261146 0.182006451 0.199119807 0.193787945 0.193652736 0.194953272 0.211773458 0.185616836 0.186682336 0.186404954 0.190387179 0.197535608 0.198118490 0.196989206 0.197897784 0.191865719 0.195607105 0.200217060 0.198361179 0.157260326 0.159269616 0.147827438 0.154237323 0.161950359 0.165769347 0.073781045 0.073074452 0.000000000 0.192853502 0.212452711 0.208317796 0.207548183 0.188376627 0.188887614 0.186511142 0.189492520 0.191670214 0.205237151 0.188375982 0.187672284 0.189328155 0.185601341 0.186417788 0.190629922 0.191171233 0.209719244 0.263810291 
30     0.231129905 0.227992295 0.231056467 0.229445762 0.186232758 0.176476244 0.195567968 0.188877333 0.188870365 0.190536982 0.204088351 0.177419944 0.178009775 0.178761788 0.185598263 0.190999363 0.190767599 0.190267701 0.190620490 0.187083581 0.190018029 0.194977877 0.193516628 0.184625471 0.187382575 0.177046655 0.178851223 0.187989126 0.199607783 0.187518955 0.186651136 0.192853502 0.000000000 0.197600055 0.192584814 0.192113626 0.173063384 0.173703913 0.172536408 0.174748853 0.177751557 0.198833487 0.179629583 0.178626191 0.179306557 0.176614835 0.177792218 0.180364040 0.180408269 0.200685183 0.256048353 
43     0.248291929 0.245655453 0.247177024 0.245927222 0.203493587 0.194941789 0.211390365 0.206903462 0.204812170 0.207580402 0.223482234 0.197033275 0.197726862 0.198105374 0.203150462 0.209001427 0.208568832 0.207209243 0.208509557 0.203956591 0.206979887 0.212826393 0.210033795 0.203972669 0.206455140 0.195395225 0.198774061 0.208668224 0.219327325 0.207360629 0.207578170 0.212452711 0.197600055 0.000000000 0.051377031 0.076256733 0.166945130 0.167504223 0.166736752 0.168170620 0.169904135 0.215793721 0.199479163 0.200104024 0.200035288 0.196749537 0.197534596 0.199589244 0.199014312 0.221861084 0.274812334 
40     0.246249515 0.243455558 0.244144151 0.243137419 0.198671775 0.189974364 0.207176750 0.202353169 0.200282379 0.202846799 0.218625344 0.191520680 0.192163167 0.192542337 0.198506850 0.204060381 0.203703359 0.202394516 0.203777764 0.199241087 0.202511967 0.207930596 0.205247911 0.199906916 0.202612176 0.191091553 0.194368804 0.204910120 0.214974880 0.202742528 0.202881330 0.208317796 0.192584814 0.051377031 0.000000000 0.071887420 0.161110679 0.161512503 0.161903180 0.163444157 0.165437448 0.210239638 0.193857784 0.194323876 0.194079577 0.191173359 0.191807785 0.193816315 0.193959690 0.215807954 0.271591139 
34     0.246932681 0.244492964 0.244858167 0.243531533 0.198889809 0.189894381 0.205314250 0.201244139 0.199276622 0.201754913 0.217038201 0.190519758 0.191213122 0.192048345 0.196528513 0.202769317 0.202292140 0.200913606 0.202134680 0.197684040 0.201042605 0.207336815 0.204035406 0.198425350 0.200917707 0.190028386 0.194705868 0.204235670 0.213764003 0.201668932 0.202009704 0.207548183 0.192113626 0.076256733 0.071887420 0.000000000 0.162295511 0.162761706 0.162974334 0.164305761 0.165142412 0.212243105 0.195473100 0.195506678 0.195704054 0.192753044 0.193606657 0.195885092 0.194876041 0.217260782 0.272232924 
49     0.230803801 0.228329906 0.229446485 0.227665852 0.179273038 0.170847420 0.189682486 0.184535292 0.183831944 0.185624473 0.199007766 0.174984263 0.175928840 0.175579867 0.181047838 0.187086580 0.188551325 0.186211819 0.187791023 0.181661838 0.184772536 0.190671313 0.188455497 0.181264150 0.184726956 0.171649519 0.172161246 0.182461227 0.195774252 0.182006730 0.182216004 0.188376627 0.173063384 0.166945130 0.161110679 0.162295511 0.000000000 0.020285470 0.112300565 0.112621069 0.112498365 0.191692068 0.173680604 0.172869378 0.174550634 0.172331642 0.173393380 0.174441291 0.173502222 0.195832336 0.254772157 
38     0.231236102 0.228813250 0.229877203 0.228096570 0.179806388 0.171379316 0.189987639 0.184883206 0.184164048 0.185932277 0.199163722 0.175273087 0.176217664 0.175907396 0.181544275 0.187279493 0.188938909 0.186374844 0.187934117 0.181818764 0.184883184 0.190835655 0.188677603 0.181778443 0.185152117 0.172332902 0.172563532 0.182881172 0.196157578 0.182584169 0.182674586 0.188887614 0.173703913 0.167504223 0.161512503 0.162761706 0.020285470 0.000000000 0.112837060 0.112890891 0.113013978 0.192298720 0.174500639 0.173689412 0.175196580 0.173148667 0.173939398 0.175042859 0.173940846 0.196257043 0.255256484 
46     0.225428078 0.222302387 0.223070371 0.221055194 0.177814655 0.168937965 0.186660447 0.181246380 0.180975501 0.182172615 0.197611030 0.172732929 0.173249316 0.172467398 0.178102916 0.184897065 0.186467220 0.184796589 0.186717119 0.180867287 0.183950487 0.189622974 0.187257949 0.181154105 0.184035513 0.170673797 0.173251368 0.183584403 0.193959960 0.180280920 0.180513858 0.186511142 0.172536408 0.166736752 0.161903180 0.162974334 0.112300565 0.112837060 0.000000000 0.038492986 0.070820440 0.191772202 0.172695006 0.172503094 0.173395317 0.172604439 0.173256437 0.174914993 0.173729971 0.194034439 0.253936786 
20     0.228483883 0.225288368 0.227553533 0.226104578 0.180807552 0.171625718 0.188463661 0.182998714 0.182831617 0.183782088 0.200092763 0.176274097 0.176759751 0.176305485 0.181639023 0.187759715 0.189208225 0.187503009 0.189115129 0.183949668 0.186852790 0.192539553 0.190439736 0.182852296 0.185953178 0.172390995 0.174650229 0.185255506 0.196700694 0.183354677 0.183335945 0.189492520 0.174748853 0.168170620 0.163444157 0.164305761 0.112621069 0.112890891 0.038492986 0.000000000 0.073004595 0.193824517 0.175610562 0.175399505 0.176446350 0.174577181 0.175187086 0.177353224 0.174729874 0.196724690 0.255777922 
15     0.230525759 0.227707926 0.227738165 0.226564857 0.183520309 0.173554456 0.192144817 0.185951305 0.185305758 0.186783314 0.203429097 0.178168132 0.178557513 0.178523561 0.182725474 0.188582494 0.190368104 0.188429421 0.190104226 0.184465129 0.187260211 0.192817623 0.191014743 0.184374973 0.187019261 0.173073676 0.177138049 0.187193116 0.198811645 0.184883518 0.185526870 0.191670214 0.177751557 0.169904135 0.165437448 0.165142412 0.112498365 0.113013978 0.070820440 0.073004595 0.000000000 0.195787184 0.177628881 0.176732235 0.179418280 0.177956869 0.178993933 0.181025954 0.179259709 0.199716679 0.258015802 
27     0.244061576 0.240617170 0.243153456 0.241510190 0.200144045 0.188449163 0.206826306 0.200968110 0.200645903 0.201688970 0.215983912 0.191113045 0.191382575 0.191342075 0.198318850 0.203174720 0.205590670 0.202638091 0.204531123 0.198127301 0.202474433 0.206943613 0.206071696 0.197622313 0.199262441 0.190006958 0.191430913 0.201728447 0.214462739 0.200737873 0.200107316 0.205237151 0.198833487 0.215793721 0.210239638 0.212243105 0.191692068 0.192298720 0.191772202 0.193824517 0.195787184 0.000000000 0.137803309 0.138364717 0.137627267 0.137019651 0.137121948 0.140120515 0.140191947 0.158468335 0.269322304 
36     0.226767085 0.222451380 0.227046948 0.225329496 0.180799201 0.170898039 0.189239448 0.183298590 0.183413772 0.184198159 0.199971486 0.174017855 0.174578499 0.174122810 0.181350554 0.185568145 0.187549224 0.185789837 0.186873647 0.181883663 0.184174525 0.188579378 0.188639446 0.181302745 0.183250498 0.173005483 0.173330558 0.184073429 0.196839259 0.183293205 0.183246644 0.188375982 0.179629583 0.199479163 0.193857784 0.195473100 0.173680604 0.174500639 0.172695006 0.175610562 0.177628881 0.137803309 0.000000000 0.033303069 0.077372613 0.099525717 0.098921895 0.108897703 0.108705345 0.127978492 0.252111550 
37     0.226149048 0.221826305 0.226679814 0.224988806 0.181076427 0.171260839 0.188627707 0.183092103 0.183426007 0.184222216 0.200072317 0.174369149 0.175077813 0.174747391 0.180384421 0.184750811 0.186795697 0.184732558 0.185986437 0.180978102 0.183524867 0.187716737 0.187887180 0.180882763 0.183297938 0.172879388 0.174134188 0.184994805 0.196847568 0.183038420 0.182985392 0.187672284 0.178626191 0.200104024 0.194323876 0.195506678 0.172869378 0.173689412 0.172503094 0.175399505 0.176732235 0.138364717 0.033303069 0.000000000 0.078942640 0.101042063 0.100768228 0.109525968 0.108989061 0.128811243 0.250809548 
12     0.226910024 0.223182629 0.226655542 0.224153689 0.180364975 0.170367249 0.188828883 0.183156678 0.182819065 0.183431472 0.198460758 0.172523938 0.173038158 0.173117627 0.179696603 0.183761765 0.185639288 0.183808616 0.185086241 0.179339596 0.182016388 0.187378833 0.186283870 0.181697005 0.183317773 0.173151798 0.175408950 0.184893618 0.195704529 0.184387374 0.184513918 0.189328155 0.179306557 0.200035288 0.194079577 0.195704054 0.174550634 0.175196580 0.173395317 0.176446350 0.179418280 0.137627267 0.077372613 0.078942640 0.000000000 0.101191087 0.099984961 0.108006217 0.108484262 0.129102149 0.250893718 
23     0.225719721 0.221103273 0.224833815 0.222359947 0.178308689 0.169330888 0.187817451 0.182425534 0.182056677 0.182961629 0.197502859 0.172079925 0.172594302 0.171329118 0.176070355 0.181425139 0.183461301 0.180914429 0.182965175 0.177107147 0.180266006 0.184861782 0.184297144 0.177156338 0.179044981 0.172716837 0.173619213 0.182975987 0.193776444 0.182174088 0.181338205 0.185601341 0.176614835 0.196749537 0.191173359 0.192753044 0.172331642 0.173148667 0.172604439 0.174577181 0.177956869 0.137019651 0.099525717 0.101042063 0.101191087 0.000000000 0.035684140 0.107779403 0.108480654 0.125815986 0.248100559 
22     0.225828970 0.221766899 0.225321010 0.222754707 0.177780655 0.168812557 0.187891512 0.182077322 0.182034609 0.182944914 0.195863862 0.172496356 0.172938553 0.171587125 0.175534066 0.180517511 0.182455657 0.179922161 0.182156489 0.175981521 0.179338803 0.184461385 0.183144039 0.178719949 0.179874732 0.173770188 0.174067655 0.183846786 0.195272431 0.181741698 0.180927254 0.186417788 0.177792218 0.197534596 0.191807785 0.193606657 0.173393380 0.173939398 0.173256437 0.175187086 0.178993933 0.137121948 0.098921895 0.100768228 0.099984961 0.035684140 0.000000000 0.107504536 0.108277070 0.126589307 0.248819504 
10     0.226566754 0.222903034 0.226037013 0.224026185 0.183689464 0.173280247 0.191553943 0.185782682 0.185669195 0.186647520 0.201403298 0.176465703 0.176806783 0.176761210 0.182860061 0.187502186 0.190012307 0.186178650 0.188086986 0.183248449 0.186331443 0.191403968 0.190752625 0.182752850 0.184165375 0.176025528 0.174584322 0.185357678 0.199494686 0.187016550 0.185506572 0.190629922 0.180364040 0.199589244 0.193816315 0.195885092 0.174441291 0.175042859 0.174914993 0.177353224 0.181025954 0.140120515 0.108897703 0.109525968 0.108006217 0.107779403 0.107504536 0.000000000 0.066361154 0.117403709 0.254969686 
18     0.226745316 0.222665972 0.225845790 0.223787473 0.183856508 0.173234539 0.192893589 0.186365260 0.186235762 0.186755179 0.201255041 0.175873200 0.176462325 0.176659722 0.182379135 0.187086642 0.189449280 0.186170093 0.188082024 0.183024010 0.186181218 0.191063727 0.190361376 0.182138988 0.184336097 0.176685269 0.175074466 0.185821141 0.199900388 0.187790784 0.186265480 0.191171233 0.180408269 0.199014312 0.193959690 0.194876041 0.173502222 0.173940846 0.173729971 0.174729874 0.179259709 0.140191947 0.108705345 0.108989061 0.108484262 0.108480654 0.108277070 0.066361154 0.000000000 0.117353565 0.255735585 
9     0.247470442 0.242876052 0.246580048 0.244274321 0.202170383 0.191867065 0.209590108 0.203495071 0.202475007 0.202740601 0.219206103 0.194154625 0.194669227 0.194321348 0.200764612 0.206136653 0.208064214 0.204612308 0.206260893 0.201358362 0.204578893 0.209024212 0.208605855 0.199957976 0.201710474 0.194097470 0.195406928 0.205647836 0.218401883 0.206664958 0.205735521 0.209719244 0.200685183 0.221861084 0.215807954 0.217260782 0.195832336 0.196257043 0.194034439 0.196724690 0.199716679 0.158468335 0.127978492 0.128811243 0.129102149 0.125815986 0.126589307 0.117403709 0.117353565 0.000000000 0.272196858 
0     0.260634034 0.256711362 0.258239907 0.256734045 0.249713542 0.242573097 0.259716641 0.254039504 0.252906081 0.254029434 0.271719959 0.246244135 0.247529294 0.247196670 0.251466454 0.254694311 0.255331632 0.255073040 0.255938169 0.251078937 0.256315093 0.260342016 0.258514882 0.255287705 0.256582604 0.249542681 0.249784582 0.258856415 0.272500472 0.260200702 0.260298840 0.263810291 0.256048353 0.274812334 0.271591139 0.272232924 0.254772157 0.255256484 0.253936786 0.255777922 0.258015802 0.269322304 0.252111550 0.250809548 0.250893718 0.248100559 0.248819504 0.254969686 0.255735585 0.272196858 0.000000000 
