51
8     0.000000000 0.000026440 0.000048700 0.000056880 0.000070120 0.000074650 0.000031050 0.000050900 0.000043090 0.000044410 0.000041470 0.000041410 0.000051420 0.000095750 0.000065870 0.000070840 0.000058450 0.000062090 0.000046480 0.000086320 0.000089540 0.000094320 0.000122100 0.000076450 0.000127170 0.000115080 0.000115630 0.000082980 0.000081440 0.000092680 0.000097790 0.000097650 0.000091120 0.000075090 0.000104140 0.000111880 0.000111950 0.000134960 0.000135090 0.000120160 0.000143450 0.000142960 0.000114550 0.000106970 0.000141660 0.000107740 0.000135440 0.000117500 0.000122180 0.000100050 0.000429140 
26     0.000026440 0.000000000 0.000083480 0.000083000 0.000102900 0.000087790 0.000065830 0.000083680 0.000075870 0.000039760 0.000074250 0.000074190 0.000084200 0.000130530 0.000100650 0.000105620 0.000093230 0.000096870 0.000081260 0.000121100 0.000124320 0.000129100 0.000156880 0.000111230 0.000161950 0.000149860 0.000150410 0.000117760 0.000116220 0.000127460 0.000132570 0.000132430 0.000125900 0.000109870 0.000138920 0.000146660 0.000146730 0.000169740 0.000169870 0.000154940 0.000178230 0.000177740 0.000149330 0.000141750 0.000176440 0.000142520 0.000170220 0.000152280 0.000156960 0.000134830 0.000463920 
4     0.000048700 0.000083480 0.000000000 0.000061240 0.000074480 0.000076100 0.000029550 0.000055260 0.000047450 0.000048770 0.000045830 0.000045770 0.000055780 0.000098830 0.000068950 0.000073920 0.000061530 0.000065170 0.000049560 0.000089400 0.000092620 0.000097400 0.000125180 0.000079530 0.000130250 0.000118160 0.000118710 0.000086060 0.000084520 0.000095760 0.000100870 0.000100730 0.000094200 0.000078170 0.000107220 0.000114960 0.000115030 0.000138040 0.000138170 0.000123240 0.000146530 0.000146040 0.000117630 0.000110050 0.000144740 0.000110820 0.000138520 0.000120580 0.000125260 0.000103130 0.000432220 
7     0.000056880 0.000083000 0.000061240 0.000000000 0.000022300 0.000076970 0.000043590 0.000061420 0.000053610 0.000054930 0.000051990 0.000051930 0.000061940 0.000108290 0.000078410 0.000083380 0.000070990 0.000074630 0.000059020 0.000098860 0.000102080 0.000106860 0.000134640 0.000088990 0.000139710 0.000127620 0.000128170 0.000095520 0.000093980 0.000105220 0.000110330 0.000110190 0.000103660 0.000087630 0.000116680 0.000124420 0.000124490 0.000147500 0.000147630 0.000132700 0.000155990 0.000155500 0.000127090 0.000119510 0.000154200 0.000120280 0.000147980 0.000130040 0.000134720 0.000112590 0.000441680 
6     0.000070120 0.000102900 0.000074480 0.000022300 0.000000000 0.000107070 0.000056830 0.000074660 0.000066850 0.000068170 0.000065230 0.000065170 0.000075180 0.000121530 0.000091650 0.000096620 0.000084230 0.000087870 0.000072260 0.000112100 0.000115320 0.000120100 0.000147880 0.000102230 0.000152950 0.000140860 0.000141410 0.000108760 0.000107220 0.000118460 0.000123570 0.000123430 0.000116900 0.000100870 0.000129920 0.000137660 0.000137730 0.000160740 0.000160870 0.000145940 0.000169230 0.000168740 0.000140330 0.000132750 0.000167440 0.000133520 0.000161220 0.000143280 0.000147960 0.000125830 0.000454920 
20     0.000074650 0.000087790 0.000076100 0.000076970 0.000107070 0.000000000 0.000085760 0.000103590 0.000094370 0.000092120 0.000094160 0.000094100 0.000104110 0.000150460 0.000120580 0.000125550 0.000113160 0.000116800 0.000101190 0.000141030 0.000144250 0.000149030 0.000176810 0.000131160 0.000181880 0.000169790 0.000170340 0.000137690 0.000136150 0.000147390 0.000152500 0.000152360 0.000145830 0.000129800 0.000158850 0.000166590 0.000166660 0.000189670 0.000189800 0.000174870 0.000198160 0.000197670 0.000169260 0.000161680 0.000196370 0.000162450 0.000190150 0.000172210 0.000176890 0.000154760 0.000483850 
17     0.000031050 0.000065830 0.000029550 0.000043590 0.000056830 0.000085760 0.000000000 0.000037610 0.000029800 0.000031120 0.000028180 0.000028120 0.000038130 0.000081180 0.000051300 0.000056270 0.000043880 0.000047520 0.000031910 0.000071750 0.000074970 0.000079750 0.000107530 0.000061880 0.000112600 0.000100510 0.000101060 0.000068410 0.000066870 0.000078110 0.000083220 0.000083080 0.000076550 0.000060520 0.000089570 0.000097310 0.000097380 0.000120390 0.000120520 0.000105590 0.000128880 0.000128390 0.000099980 0.000092400 0.000127090 0.000093170 0.000120870 0.000102930 0.000107610 0.000085480 0.000414570 
32     0.000050900 0.000083680 0.000055260 0.000061420 0.000074660 0.000103590 0.000037610 0.000000000 0.000046210 0.000047530 0.000044590 0.000044530 0.000054540 0.000102310 0.000072430 0.000077400 0.000065010 0.000068650 0.000053040 0.000092880 0.000096100 0.000100880 0.000128660 0.000083010 0.000133730 0.000121640 0.000122190 0.000089540 0.000088000 0.000099240 0.000104350 0.000104210 0.000097680 0.000081650 0.000110700 0.000118440 0.000118510 0.000141520 0.000141650 0.000126720 0.000150010 0.000149520 0.000121110 0.000113530 0.000148220 0.000114300 0.000142000 0.000124060 0.000128740 0.000106610 0.000435700 
18     0.000043090 0.000075870 0.000047450 0.000053610 0.000066850 0.000094370 0.000029800 0.000046210 0.000000000 0.000003940 0.000015240 0.000015180 0.000041270 0.000094500 0.000064620 0.000069590 0.000057200 0.000060840 0.000045230 0.000085070 0.000088290 0.000093070 0.000120850 0.000075200 0.000125920 0.000113830 0.000114380 0.000081730 0.000080190 0.000091430 0.000096540 0.000096400 0.000089870 0.000073840 0.000102890 0.000110630 0.000110700 0.000133710 0.000133840 0.000118910 0.000142200 0.000141710 0.000113300 0.000105720 0.000140410 0.000106490 0.000134190 0.000116250 0.000120930 0.000098800 0.000427890 
24     0.000044410 0.000039760 0.000048770 0.000054930 0.000068170 0.000092120 0.000031120 0.000047530 0.000003940 0.000000000 0.000019040 0.000018980 0.000042590 0.000095820 0.000065940 0.000070910 0.000058520 0.000062160 0.000046550 0.000086390 0.000089610 0.000094390 0.000122170 0.000076520 0.000127240 0.000115150 0.000115700 0.000083050 0.000081510 0.000092750 0.000097860 0.000097720 0.000091190 0.000075160 0.000104210 0.000111950 0.000112020 0.000135030 0.000135160 0.000120230 0.000143520 0.000143030 0.000114620 0.000107040 0.000141730 0.000107810 0.000135510 0.000117570 0.000122250 0.000100120 0.000429210 
25     0.000041470 0.000074250 0.000045830 0.000051990 0.000065230 0.000094160 0.000028180 0.000044590 0.000015240 0.000019040 0.000000000 0.000001210 0.000039650 0.000092880 0.000063000 0.000067970 0.000055580 0.000059220 0.000043610 0.000083450 0.000086670 0.000091450 0.000119230 0.000073580 0.000124300 0.000112210 0.000112760 0.000080110 0.000078570 0.000089810 0.000094920 0.000094780 0.000088250 0.000072220 0.000101270 0.000109010 0.000109080 0.000132090 0.000132220 0.000117290 0.000140580 0.000140090 0.000111680 0.000104100 0.000138790 0.000104870 0.000132570 0.000114630 0.000119310 0.000097180 0.000426270 
19     0.000041410 0.000074190 0.000045770 0.000051930 0.000065170 0.000094100 0.000028120 0.000044530 0.000015180 0.000018980 0.000001210 0.000000000 0.000039590 0.000092820 0.000062940 0.000067910 0.000055520 0.000059160 0.000043550 0.000083390 0.000086610 0.000091390 0.000119170 0.000073520 0.000124240 0.000112150 0.000112700 0.000080050 0.000078510 0.000089750 0.000094860 0.000094720 0.000088190 0.000072160 0.000101210 0.000108950 0.000109020 0.000132030 0.000132160 0.000117230 0.000140520 0.000140030 0.000111620 0.000104040 0.000138730 0.000104810 0.000132510 0.000114570 0.000119250 0.000097120 0.000426210 
21     0.000051420 0.000084200 0.000055780 0.000061940 0.000075180 0.000104110 0.000038130 0.000054540 0.000041270 0.000042590 0.000039650 0.000039590 0.000000000 0.000102830 0.000072950 0.000077920 0.000065530 0.000069170 0.000053560 0.000093400 0.000096620 0.000101400 0.000129180 0.000083530 0.000134250 0.000122160 0.000122710 0.000090060 0.000088520 0.000099760 0.000104870 0.000104730 0.000098200 0.000082170 0.000111220 0.000118960 0.000119030 0.000142040 0.000142170 0.000127240 0.000150530 0.000150040 0.000121630 0.000114050 0.000148740 0.000114820 0.000142520 0.000124580 0.000129260 0.000107130 0.000436220 
13     0.000095750 0.000130530 0.000098830 0.000108290 0.000121530 0.000150460 0.000081180 0.000102310 0.000094500 0.000095820 0.000092880 0.000092820 0.000102830 0.000000000 0.000037240 0.000039050 0.000106200 0.000109840 0.000094230 0.000134070 0.000137290 0.000142070 0.000169850 0.000124200 0.000174920 0.000162830 0.000163380 0.000130730 0.000129190 0.000140430 0.000145540 0.000145400 0.000138870 0.000122840 0.000151890 0.000159630 0.000159700 0.000182710 0.000182840 0.000167910 0.000191200 0.000190710 0.000162300 0.000154720 0.000189410 0.000155490 0.000183190 0.000165250 0.000169930 0.000147800 0.000476890 
11     0.000065870 0.000100650 0.000068950 0.000078410 0.000091650 0.000120580 0.000051300 0.000072430 0.000064620 0.000065940 0.000063000 0.000062940 0.000072950 0.000037240 0.000000000 0.000012330 0.000076320 0.000079960 0.000064350 0.000104190 0.000107410 0.000112190 0.000139970 0.000094320 0.000145040 0.000132950 0.000133500 0.000100850 0.000099310 0.000110550 0.000115660 0.000115520 0.000108990 0.000092960 0.000122010 0.000129750 0.000129820 0.000152830 0.000152960 0.000138030 0.000161320 0.000160830 0.000132420 0.000124840 0.000159530 0.000125610 0.000153310 0.000135370 0.000140050 0.000117920 0.000447010 
16     0.000070840 0.000105620 0.000073920 0.000083380 0.000096620 0.000125550 0.000056270 0.000077400 0.000069590 0.000070910 0.000067970 0.000067910 0.000077920 0.000039050 0.000012330 0.000000000 0.000081290 0.000084930 0.000069320 0.000109160 0.000112380 0.000117160 0.000144940 0.000099290 0.000150010 0.000137920 0.000138470 0.000105820 0.000104280 0.000115520 0.000120630 0.000120490 0.000113960 0.000097930 0.000126980 0.000134720 0.000134790 0.000157800 0.000157930 0.000143000 0.000166290 0.000165800 0.000137390 0.000129810 0.000164500 0.000130580 0.000158280 0.000140340 0.000145020 0.000122890 0.000451980 
27     0.000058450 0.000093230 0.000061530 0.000070990 0.000084230 0.000113160 0.000043880 0.000065010 0.000057200 0.000058520 0.000055580 0.000055520 0.000065530 0.000106200 0.000076320 0.000081290 0.000000000 0.000030750 0.000015950 0.000086530 0.000089750 0.000094530 0.000122310 0.000076660 0.000125760 0.000113670 0.000114220 0.000083430 0.000081890 0.000093130 0.000098240 0.000098100 0.000091570 0.000075540 0.000104590 0.000112330 0.000112400 0.000135410 0.000135540 0.000120610 0.000143900 0.000143410 0.000115000 0.000107420 0.000142110 0.000108190 0.000135890 0.000117950 0.000122630 0.000100500 0.000429590 
30     0.000062090 0.000096870 0.000065170 0.000074630 0.000087870 0.000116800 0.000047520 0.000068650 0.000060840 0.000062160 0.000059220 0.000059160 0.000069170 0.000109840 0.000079960 0.000084930 0.000030750 0.000000000 0.000033390 0.000090170 0.000093390 0.000098170 0.000125950 0.000080300 0.000129400 0.000117310 0.000117860 0.000087070 0.000085530 0.000096770 0.000101880 0.000101740 0.000095210 0.000079180 0.000108230 0.000115970 0.000116040 0.000139050 0.000139180 0.000124250 0.000147540 0.000147050 0.000118640 0.000111060 0.000145750 0.000111830 0.000139530 0.000121590 0.000126270 0.000104140 0.000433230 
5     0.000046480 0.000081260 0.000049560 0.000059020 0.000072260 0.000101190 0.000031910 0.000053040 0.000045230 0.000046550 0.000043610 0.000043550 0.000053560 0.000094230 0.000064350 0.000069320 0.000015950 0.000033390 0.000000000 0.000074560 0.000077780 0.000082560 0.000110340 0.000064690 0.000113790 0.000101700 0.000102250 0.000071460 0.000069920 0.000081160 0.000086270 0.000086130 0.000079600 0.000063570 0.000092620 0.000100360 0.000100430 0.000123440 0.000123570 0.000108640 0.000131930 0.000131440 0.000103030 0.000095450 0.000130140 0.000096220 0.000123920 0.000105980 0.000110660 0.000088530 0.000417620 
14     0.000086320 0.000121100 0.000089400 0.000098860 0.000112100 0.000141030 0.000071750 0.000092880 0.000085070 0.000086390 0.000083450 0.000083390 0.000093400 0.000134070 0.000104190 0.000109160 0.000086530 0.000090170 0.000074560 0.000000000 0.000006840 0.000011620 0.000065940 0.000089230 0.000155250 0.000143160 0.000143710 0.000111300 0.000109760 0.000121000 0.000126110 0.000125970 0.000119440 0.000103410 0.000132460 0.000140200 0.000140270 0.000163280 0.000163410 0.000148480 0.000171770 0.000171280 0.000142870 0.000135290 0.000169980 0.000136060 0.000163760 0.000145820 0.000150500 0.000128370 0.000457460 
28     0.000089540 0.000124320 0.000092620 0.000102080 0.000115320 0.000144250 0.000074970 0.000096100 0.000088290 0.000089610 0.000086670 0.000086610 0.000096620 0.000137290 0.000107410 0.000112380 0.000089750 0.000093390 0.000077780 0.000006840 0.000000000 0.000013050 0.000069160 0.000099980 0.000158470 0.000146380 0.000146930 0.000114520 0.000112980 0.000124220 0.000129330 0.000129190 0.000122660 0.000106630 0.000135680 0.000143420 0.000143490 0.000166500 0.000166630 0.000151700 0.000174990 0.000174500 0.000146090 0.000138510 0.000173200 0.000139280 0.000166980 0.000149040 0.000153720 0.000131590 0.000460680 
33     0.000094320 0.000129100 0.000097400 0.000106860 0.000120100 0.000149030 0.000079750 0.000100880 0.000093070 0.000094390 0.000091450 0.000091390 0.000101400 0.000142070 0.000112190 0.000117160 0.000094530 0.000098170 0.000082560 0.000011620 0.000013050 0.000000000 0.000073940 0.000095070 0.000163250 0.000151160 0.000151710 0.000119300 0.000117760 0.000129000 0.000134110 0.000133970 0.000127440 0.000111410 0.000140460 0.000148200 0.000148270 0.000171280 0.000171410 0.000156480 0.000179770 0.000179280 0.000150870 0.000143290 0.000177980 0.000144060 0.000171760 0.000153820 0.000158500 0.000136370 0.000465460 
29     0.000122100 0.000156880 0.000125180 0.000134640 0.000147880 0.000176810 0.000107530 0.000128660 0.000120850 0.000122170 0.000119230 0.000119170 0.000129180 0.000169850 0.000139970 0.000144940 0.000122310 0.000125950 0.000110340 0.000065940 0.000069160 0.000073940 0.000000000 0.000089920 0.000191030 0.000178940 0.000179490 0.000147080 0.000145540 0.000156780 0.000161890 0.000161750 0.000155220 0.000139190 0.000168240 0.000175980 0.000176050 0.000199060 0.000199190 0.000184260 0.000207550 0.000207060 0.000178650 0.000171070 0.000205760 0.000171840 0.000199540 0.000181600 0.000186280 0.000164150 0.000493240 
9     0.000076450 0.000111230 0.000079530 0.000088990 0.000102230 0.000131160 0.000061880 0.000083010 0.000075200 0.000076520 0.000073580 0.000073520 0.000083530 0.000124200 0.000094320 0.000099290 0.000076660 0.000080300 0.000064690 0.000089230 0.000099980 0.000095070 0.000089920 0.000000000 0.000145380 0.000133290 0.000133840 0.000101430 0.000099890 0.000111130 0.000116240 0.000116100 0.000109570 0.000093540 0.000122590 0.000130330 0.000130400 0.000153410 0.000153540 0.000138610 0.000161900 0.000161410 0.000133000 0.000125420 0.000160110 0.000126190 0.000153890 0.000135950 0.000140630 0.000118500 0.000447590 
2     0.000127170 0.000161950 0.000130250 0.000139710 0.000152950 0.000181880 0.000112600 0.000133730 0.000125920 0.000127240 0.000124300 0.000124240 0.000134250 0.000174920 0.000145040 0.000150010 0.000125760 0.000129400 0.000113790 0.000155250 0.000158470 0.000163250 0.000191030 0.000145380 0.000000000 0.000037510 0.000038060 0.000152150 0.000150610 0.000161850 0.000166960 0.000166820 0.000160290 0.000144260 0.000173310 0.000181050 0.000181120 0.000204130 0.000204260 0.000189330 0.000212620 0.000212130 0.000183720 0.000176140 0.000210830 0.000176910 0.000204610 0.000186670 0.000191350 0.000169220 0.000498310 
22     0.000115080 0.000149860 0.000118160 0.000127620 0.000140860 0.000169790 0.000100510 0.000121640 0.000113830 0.000115150 0.000112210 0.000112150 0.000122160 0.000162830 0.000132950 0.000137920 0.000113670 0.000117310 0.000101700 0.000143160 0.000146380 0.000151160 0.000178940 0.000133290 0.000037510 0.000000000 0.000019270 0.000140060 0.000138520 0.000149760 0.000154870 0.000154730 0.000148200 0.000132170 0.000161220 0.000168960 0.000169030 0.000192040 0.000192170 0.000177240 0.000200530 0.000200040 0.000171630 0.000164050 0.000198740 0.000164820 0.000192520 0.000174580 0.000179260 0.000157130 0.000486220 
10     0.000115630 0.000150410 0.000118710 0.000128170 0.000141410 0.000170340 0.000101060 0.000122190 0.000114380 0.000115700 0.000112760 0.000112700 0.000122710 0.000163380 0.000133500 0.000138470 0.000114220 0.000117860 0.000102250 0.000143710 0.000146930 0.000151710 0.000179490 0.000133840 0.000038060 0.000019270 0.000000000 0.000140610 0.000139070 0.000150310 0.000155420 0.000155280 0.000148750 0.000132720 0.000161770 0.000169510 0.000169580 0.000192590 0.000192720 0.000177790 0.000201080 0.000200590 0.000172180 0.000164600 0.000199290 0.000165370 0.000193070 0.000175130 0.000179810 0.000157680 0.000486770 
15     0.000082980 0.000117760 0.000086060 0.000095520 0.000108760 0.000137690 0.000068410 0.000089540 0.000081730 0.000083050 0.000080110 0.000080050 0.000090060 0.000130730 0.000100850 0.000105820 0.000083430 0.000087070 0.000071460 0.000111300 0.000114520 0.000119300 0.000147080 0.000101430 0.000152150 0.000140060 0.000140610 0.000000000 0.000018760 0.000056980 0.000062090 0.000061950 0.000066960 0.000050930 0.000095000 0.000102740 0.000102810 0.000125820 0.000125950 0.000111020 0.000134310 0.000133820 0.000105410 0.000097830 0.000132520 0.000098600 0.000126300 0.000108360 0.000113040 0.000090910 0.000420000 
31     0.000081440 0.000116220 0.000084520 0.000093980 0.000107220 0.000136150 0.000066870 0.000088000 0.000080190 0.000081510 0.000078570 0.000078510 0.000088520 0.000129190 0.000099310 0.000104280 0.000081890 0.000085530 0.000069920 0.000109760 0.000112980 0.000117760 0.000145540 0.000099890 0.000150610 0.000138520 0.000139070 0.000018760 0.000000000 0.000055440 0.000060550 0.000060410 0.000065420 0.000049390 0.000093460 0.000101200 0.000101270 0.000124280 0.000124410 0.000109480 0.000132770 0.000132280 0.000103870 0.000096290 0.000130980 0.000097060 0.000124760 0.000106820 0.000111500 0.000089370 0.000418460 
1     0.000092680 0.000127460 0.000095760 0.000105220 0.000118460 0.000147390 0.000078110 0.000099240 0.000091430 0.000092750 0.000089810 0.000089750 0.000099760 0.000140430 0.000110550 0.000115520 0.000093130 0.000096770 0.000081160 0.000121000 0.000124220 0.000129000 0.000156780 0.000111130 0.000161850 0.000149760 0.000150310 0.000056980 0.000055440 0.000000000 0.000027530 0.000032600 0.000076660 0.000060630 0.000104700 0.000112440 0.000112510 0.000135520 0.000135650 0.000120720 0.000144010 0.000143520 0.000115110 0.000107530 0.000142220 0.000108300 0.000136000 0.000118060 0.000122740 0.000100610 0.000429700 
34     0.000097790 0.000132570 0.000100870 0.000110330 0.000123570 0.000152500 0.000083220 0.000104350 0.000096540 0.000097860 0.000094920 0.000094860 0.000104870 0.000145540 0.000115660 0.000120630 0.000098240 0.000101880 0.000086270 0.000126110 0.000129330 0.000134110 0.000161890 0.000116240 0.000166960 0.000154870 0.000155420 0.000062090 0.000060550 0.000027530 0.000000000 0.000002320 0.000081770 0.000065740 0.000109810 0.000117550 0.000117620 0.000140630 0.000140760 0.000125830 0.000149120 0.000148630 0.000120220 0.000112640 0.000147330 0.000113410 0.000141110 0.000123170 0.000127850 0.000105720 0.000434810 
3     0.000097650 0.000132430 0.000100730 0.000110190 0.000123430 0.000152360 0.000083080 0.000104210 0.000096400 0.000097720 0.000094780 0.000094720 0.000104730 0.000145400 0.000115520 0.000120490 0.000098100 0.000101740 0.000086130 0.000125970 0.000129190 0.000133970 0.000161750 0.000116100 0.000166820 0.000154730 0.000155280 0.000061950 0.000060410 0.000032600 0.000002320 0.000000000 0.000081630 0.000065600 0.000109670 0.000117410 0.000117480 0.000140490 0.000140620 0.000125690 0.000148980 0.000148490 0.000120080 0.000112500 0.000147190 0.000113270 0.000140970 0.000123030 0.000127710 0.000105580 0.000434670 
23     0.000091120 0.000125900 0.000094200 0.000103660 0.000116900 0.000145830 0.000076550 0.000097680 0.000089870 0.000091190 0.000088250 0.000088190 0.000098200 0.000138870 0.000108990 0.000113960 0.000091570 0.000095210 0.000079600 0.000119440 0.000122660 0.000127440 0.000155220 0.000109570 0.000160290 0.000148200 0.000148750 0.000066960 0.000065420 0.000076660 0.000081770 0.000081630 0.000000000 0.000047990 0.000103140 0.000110880 0.000110950 0.000133960 0.000134090 0.000119160 0.000142450 0.000141960 0.000113550 0.000105970 0.000140660 0.000106740 0.000134440 0.000116500 0.000121180 0.000099050 0.000428140 
12     0.000075090 0.000109870 0.000078170 0.000087630 0.000100870 0.000129800 0.000060520 0.000081650 0.000073840 0.000075160 0.000072220 0.000072160 0.000082170 0.000122840 0.000092960 0.000097930 0.000075540 0.000079180 0.000063570 0.000103410 0.000106630 0.000111410 0.000139190 0.000093540 0.000144260 0.000132170 0.000132720 0.000050930 0.000049390 0.000060630 0.000065740 0.000065600 0.000047990 0.000000000 0.000087110 0.000094850 0.000094920 0.000117930 0.000118060 0.000103130 0.000126420 0.000125930 0.000097520 0.000089940 0.000124630 0.000090710 0.000118410 0.000100470 0.000105150 0.000083020 0.000412110 
49     0.000104140 0.000138920 0.000107220 0.000116680 0.000129920 0.000158850 0.000089570 0.000110700 0.000102890 0.000104210 0.000101270 0.000101210 0.000111220 0.000151890 0.000122010 0.000126980 0.000104590 0.000108230 0.000092620 0.000132460 0.000135680 0.000140460 0.000168240 0.000122590 0.000173310 0.000161220 0.000161770 0.000095000 0.000093460 0.000104700 0.000109810 0.000109670 0.000103140 0.000087110 0.000000000 0.000060160 0.000060230 0.000083240 0.000083370 0.000056920 0.000091730 0.000079720 0.000062830 0.000055250 0.000089940 0.000056020 0.000083720 0.000065780 0.000070460 0.000048330 0.000401640 
47     0.000111880 0.000146660 0.000114960 0.000124420 0.000137660 0.000166590 0.000097310 0.000118440 0.000110630 0.000111950 0.000109010 0.000108950 0.000118960 0.000159630 0.000129750 0.000134720 0.000112330 0.000115970 0.000100360 0.000140200 0.000143420 0.000148200 0.000175980 0.000130330 0.000181050 0.000168960 0.000169510 0.000102740 0.000101200 0.000112440 0.000117550 0.000117410 0.000110880 0.000094850 0.000060160 0.000000000 0.000011630 0.000040720 0.000047950 0.000076180 0.000062430 0.000089870 0.000068390 0.000060810 0.000095500 0.000061580 0.000088140 0.000070200 0.000074880 0.000052750 0.000409380 
39     0.000111950 0.000146730 0.000115030 0.000124490 0.000137730 0.000166660 0.000097380 0.000118510 0.000110700 0.000112020 0.000109080 0.000109020 0.000119030 0.000159700 0.000129820 0.000134790 0.000112400 0.000116040 0.000100430 0.000140270 0.000143490 0.000148270 0.000176050 0.000130400 0.000181120 0.000169030 0.000169580 0.000102810 0.000101270 0.000112510 0.000117620 0.000117480 0.000110950 0.000094920 0.000060230 0.000011630 0.000000000 0.000040790 0.000048020 0.000076250 0.000062500 0.000077830 0.000068460 0.000060880 0.000095570 0.000061650 0.000088210 0.000070270 0.000074950 0.000052820 0.000409450 
46     0.000134960 0.000169740 0.000138040 0.000147500 0.000160740 0.000189670 0.000120390 0.000141520 0.000133710 0.000135030 0.000132090 0.000132030 0.000142040 0.000182710 0.000152830 0.000157800 0.000135410 0.000139050 0.000123440 0.000163280 0.000166500 0.000171280 0.000199060 0.000153410 0.000204130 0.000192040 0.000192590 0.000125820 0.000124280 0.000135520 0.000140630 0.000140490 0.000133960 0.000117930 0.000083240 0.000040720 0.000040790 0.000000000 0.000071030 0.000099260 0.000085510 0.000027610 0.000091470 0.000083890 0.000118580 0.000084660 0.000111220 0.000093280 0.000097960 0.000075830 0.000432460 
50     0.000135090 0.000169870 0.000138170 0.000147630 0.000160870 0.000189800 0.000120520 0.000141650 0.000133840 0.000135160 0.000132220 0.000132160 0.000142170 0.000182840 0.000152960 0.000157930 0.000135540 0.000139180 0.000123570 0.000163410 0.000166630 0.000171410 0.000199190 0.000153540 0.000204260 0.000192170 0.000192720 0.000125950 0.000124410 0.000135650 0.000140760 0.000140620 0.000134090 0.000118060 0.000083370 0.000047950 0.000048020 0.000071030 0.000000000 0.000039460 0.000085640 0.000122190 0.000091600 0.000084020 0.000118710 0.000084790 0.000111350 0.000093410 0.000098090 0.000075960 0.000432590 
38     0.000120160 0.000154940 0.000123240 0.000132700 0.000145940 0.000174870 0.000105590 0.000126720 0.000118910 0.000120230 0.000117290 0.000117230 0.000127240 0.000167910 0.000138030 0.000143000 0.000120610 0.000124250 0.000108640 0.000148480 0.000151700 0.000156480 0.000184260 0.000138610 0.000189330 0.000177240 0.000177790 0.000111020 0.000109480 0.000120720 0.000125830 0.000125690 0.000119160 0.000103130 0.000056920 0.000076180 0.000076250 0.000099260 0.000039460 0.000000000 0.000107750 0.000086800 0.000078850 0.000071270 0.000105960 0.000072040 0.000099740 0.000081800 0.000086480 0.000064350 0.000417660 
43     0.000143450 0.000178230 0.000146530 0.000155990 0.000169230 0.000198160 0.000128880 0.000150010 0.000142200 0.000143520 0.000140580 0.000140520 0.000150530 0.000191200 0.000161320 0.000166290 0.000143900 0.000147540 0.000131930 0.000171770 0.000174990 0.000179770 0.000207550 0.000161900 0.000212620 0.000200530 0.000201080 0.000134310 0.000132770 0.000144010 0.000149120 0.000148980 0.000142450 0.000126420 0.000091730 0.000062430 0.000062500 0.000085510 0.000085640 0.000107750 0.000000000 0.000130550 0.000099960 0.000092380 0.000127070 0.000093150 0.000119710 0.000101770 0.000106450 0.000084320 0.000440950 
40     0.000142960 0.000177740 0.000146040 0.000155500 0.000168740 0.000197670 0.000128390 0.000149520 0.000141710 0.000143030 0.000140090 0.000140030 0.000150040 0.000190710 0.000160830 0.000165800 0.000143410 0.000147050 0.000131440 0.000171280 0.000174500 0.000179280 0.000207060 0.000161410 0.000212130 0.000200040 0.000200590 0.000133820 0.000132280 0.000143520 0.000148630 0.000148490 0.000141960 0.000125930 0.000079720 0.000089870 0.000077830 0.000027610 0.000122190 0.000086800 0.000130550 0.000000000 0.000101650 0.000094070 0.000128760 0.000094840 0.000122540 0.000104600 0.000109280 0.000087150 0.000440460 
35     0.000114550 0.000149330 0.000117630 0.000127090 0.000140330 0.000169260 0.000099980 0.000121110 0.000113300 0.000114620 0.000111680 0.000111620 0.000121630 0.000162300 0.000132420 0.000137390 0.000115000 0.000118640 0.000103030 0.000142870 0.000146090 0.000150870 0.000178650 0.000133000 0.000183720 0.000171630 0.000172180 0.000105410 0.000103870 0.000115110 0.000120220 0.000120080 0.000113550 0.000097520 0.000062830 0.000068390 0.000068460 0.000091470 0.000091600 0.000078850 0.000099960 0.000101650 0.000000000 0.000037160 0.000066430 0.000054590 0.000091950 0.000074010 0.000078690 0.000056560 0.000412050 
41     0.000106970 0.000141750 0.000110050 0.000119510 0.000132750 0.000161680 0.000092400 0.000113530 0.000105720 0.000107040 0.000104100 0.000104040 0.000114050 0.000154720 0.000124840 0.000129810 0.000107420 0.000111060 0.000095450 0.000135290 0.000138510 0.000143290 0.000171070 0.000125420 0.000176140 0.000164050 0.000164600 0.000097830 0.000096290 0.000107530 0.000112640 0.000112500 0.000105970 0.000089940 0.000055250 0.000060810 0.000060880 0.000083890 0.000084020 0.000071270 0.000092380 0.000094070 0.000037160 0.000000000 0.000069310 0.000047010 0.000084370 0.000066430 0.000071110 0.000048980 0.000404470 
48     0.000141660 0.000176440 0.000144740 0.000154200 0.000167440 0.000196370 0.000127090 0.000148220 0.000140410 0.000141730 0.000138790 0.000138730 0.000148740 0.000189410 0.000159530 0.000164500 0.000142110 0.000145750 0.000130140 0.000169980 0.000173200 0.000177980 0.000205760 0.000160110 0.000210830 0.000198740 0.000199290 0.000132520 0.000130980 0.000142220 0.000147330 0.000147190 0.000140660 0.000124630 0.000089940 0.000095500 0.000095570 0.000118580 0.000118710 0.000105960 0.000127070 0.000128760 0.000066430 0.000069310 0.000000000 0.000079670 0.000119060 0.000101120 0.000105800 0.000083670 0.000439160 
44     0.000107740 0.000142520 0.000110820 0.000120280 0.000133520 0.000162450 0.000093170 0.000114300 0.000106490 0.000107810 0.000104870 0.000104810 0.000114820 0.000155490 0.000125610 0.000130580 0.000108190 0.000111830 0.000096220 0.000136060 0.000139280 0.000144060 0.000171840 0.000126190 0.000176910 0.000164820 0.000165370 0.000098600 0.000097060 0.000108300 0.000113410 0.000113270 0.000106740 0.000090710 0.000056020 0.000061580 0.000061650 0.000084660 0.000084790 0.000072040 0.000093150 0.000094840 0.000054590 0.000047010 0.000079670 0.000000000 0.000085140 0.000067200 0.000071880 0.000049750 0.000405240 
36     0.000135440 0.000170220 0.000138520 0.000147980 0.000161220 0.000190150 0.000120870 0.000142000 0.000134190 0.000135510 0.000132570 0.000132510 0.000142520 0.000183190 0.000153310 0.000158280 0.000135890 0.000139530 0.000123920 0.000163760 0.000166980 0.000171760 0.000199540 0.000153890 0.000204610 0.000192520 0.000193070 0.000126300 0.000124760 0.000136000 0.000141110 0.000140970 0.000134440 0.000118410 0.000083720 0.000088140 0.000088210 0.000111220 0.000111350 0.000099740 0.000119710 0.000122540 0.000091950 0.000084370 0.000119060 0.000085140 0.000000000 0.000084420 0.000089100 0.000066970 0.000432940 
37     0.000117500 0.000152280 0.000120580 0.000130040 0.000143280 0.000172210 0.000102930 0.000124060 0.000116250 0.000117570 0.000114630 0.000114570 0.000124580 0.000165250 0.000135370 0.000140340 0.000117950 0.000121590 0.000105980 0.000145820 0.000149040 0.000153820 0.000181600 0.000135950 0.000186670 0.000174580 0.000175130 0.000108360 0.000106820 0.000118060 0.000123170 0.000123030 0.000116500 0.000100470 0.000065780 0.000070200 0.000070270 0.000093280 0.000093410 0.000081800 0.000101770 0.000104600 0.000074010 0.000066430 0.000101120 0.000067200 0.000084420 0.000000000 0.000010360 0.000038530 0.000415000 
42     0.000122180 0.000156960 0.000125260 0.000134720 0.000147960 0.000176890 0.000107610 0.000128740 0.000120930 0.000122250 0.000119310 0.000119250 0.000129260 0.000169930 0.000140050 0.000145020 0.000122630 0.000126270 0.000110660 0.000150500 0.000153720 0.000158500 0.000186280 0.000140630 0.000191350 0.000179260 0.000179810 0.000113040 0.000111500 0.000122740 0.000127850 0.000127710 0.000121180 0.000105150 0.000070460 0.000074880 0.000074950 0.000097960 0.000098090 0.000086480 0.000106450 0.000109280 0.000078690 0.000071110 0.000105800 0.000071880 0.000089100 0.000010360 0.000000000 0.000042660 0.000419680 
45     0.000100050 0.000134830 0.000103130 0.000112590 0.000125830 0.000154760 0.000085480 0.000106610 0.000098800 0.000100120 0.000097180 0.000097120 0.000107130 0.000147800 0.000117920 0.000122890 0.000100500 0.000104140 0.000088530 0.000128370 0.000131590 0.000136370 0.000164150 0.000118500 0.000169220 0.000157130 0.000157680 0.000090910 0.000089370 0.000100610 0.000105720 0.000105580 0.000099050 0.000083020 0.000048330 0.000052750 0.000052820 0.000075830 0.000075960 0.000064350 0.000084320 0.000087150 0.000056560 0.000048980 0.000083670 0.000049750 0.000066970 0.000038530 0.000042660 0.000000000 0.000397550 
0     0.000429140 0.000463920 0.000432220 0.000441680 0.000454920 0.000483850 0.000414570 0.000435700 0.000427890 0.000429210 0.000426270 0.000426210 0.000436220 0.000476890 0.000447010 0.000451980 0.000429590 0.000433230 0.000417620 0.000457460 0.000460680 0.000465460 0.000493240 0.000447590 0.000498310 0.000486220 0.000486770 0.000420000 0.000418460 0.000429700 0.000434810 0.000434670 0.000428140 0.000412110 0.000401640 0.000409380 0.000409450 0.000432460 0.000432590 0.000417660 0.000440950 0.000440460 0.000412050 0.000404470 0.000439160 0.000405240 0.000432940 0.000415000 0.000419680 0.000397550 0.000000000 
