51
8     0.000000000 0.054381660 0.070066111 0.082318641 0.090309894 0.118289936 0.051467447 0.078843114 0.075569199 0.077828589 0.079735299 0.078897767 0.091240552 0.144804666 0.114695779 0.114465878 0.116627952 0.107596157 0.096114990 0.140267875 0.143638721 0.146054594 0.177206573 0.162376016 0.155036538 0.147933196 0.156549994 0.160595884 0.162597883 0.180276325 0.184979149 0.181864324 0.168997321 0.149375845 0.222734614 0.224153667 0.227368812 0.242402995 0.252283340 0.247159599 0.287532093 0.255607665 0.223863891 0.211894749 0.235631061 0.220903041 0.249440325 0.225014374 0.245283078 0.215381695 0.610361794 
26     0.054381660 0.000000000 0.072677479 0.084653723 0.092722994 0.121133836 0.054426228 0.081904545 0.079116476 0.081380298 0.083262072 0.082433378 0.094497658 0.147190406 0.117081505 0.116851604 0.119166344 0.110134549 0.098665136 0.142889243 0.146260089 0.148675962 0.179833031 0.165013878 0.157568308 0.150464966 0.159081765 0.163185463 0.165187462 0.182865904 0.187568728 0.184453903 0.171586900 0.151965424 0.225332034 0.226751088 0.229966232 0.245000416 0.254880760 0.249757019 0.290129513 0.258205085 0.226461312 0.214492170 0.238228482 0.223500461 0.252037745 0.227611795 0.247880498 0.217979115 0.612959214 
4     0.070066111 0.072677479 0.000000000 0.065585469 0.074711314 0.109938480 0.057625912 0.084983041 0.081845347 0.084095308 0.085843666 0.084926565 0.097440713 0.150293354 0.120162887 0.119954565 0.122356900 0.113325105 0.101842785 0.145821404 0.149192250 0.151608123 0.182772859 0.167967367 0.161179828 0.154076486 0.162693285 0.166272553 0.168274552 0.185952994 0.190655818 0.187540992 0.174673990 0.155052513 0.228667600 0.230086654 0.233301798 0.248335982 0.258216326 0.253092585 0.293465079 0.261540651 0.229796878 0.217827736 0.241564048 0.226836027 0.255373311 0.230947361 0.251216064 0.221314681 0.616294780 
7     0.082318641 0.084653723 0.065585469 0.000000000 0.054069125 0.122528372 0.069359876 0.097174525 0.093771689 0.096025665 0.097701785 0.096801921 0.109299982 0.162009405 0.131878869 0.131670548 0.134142748 0.125110952 0.113629446 0.157591163 0.160962010 0.163377882 0.194542619 0.179761786 0.172951917 0.165848575 0.174465374 0.178028774 0.180030773 0.197709215 0.202412039 0.199297214 0.186430211 0.166808735 0.240433968 0.241853021 0.245068165 0.260102349 0.269982694 0.264858952 0.305231447 0.273307019 0.241563245 0.229594103 0.253330415 0.238602395 0.267139678 0.242713728 0.262982432 0.233081049 0.628061147 
6     0.090309894 0.092722994 0.074711314 0.054069125 0.000000000 0.130974251 0.077949590 0.105565406 0.102443532 0.104690881 0.106383268 0.105491220 0.117951667 0.170610163 0.140479628 0.140271306 0.142711534 0.133679739 0.122198232 0.166158485 0.169529331 0.171945204 0.203109941 0.188317169 0.181521502 0.174418159 0.183034958 0.186593942 0.188595941 0.206274383 0.210977207 0.207862382 0.194995379 0.175373903 0.248999136 0.250418189 0.253633334 0.268667517 0.278547862 0.273424121 0.313796615 0.281872187 0.250128413 0.238159271 0.261895583 0.247167563 0.275704847 0.251278896 0.271547600 0.241646217 0.636626316 
20     0.118289936 0.121133836 0.109938480 0.122528372 0.130974251 0.000000000 0.105360237 0.133189260 0.129976424 0.132142620 0.133962638 0.133066653 0.145111431 0.197997842 0.167867375 0.167659054 0.169978649 0.161110410 0.149628904 0.193664493 0.197035339 0.199451212 0.230598491 0.215810371 0.209006148 0.201902805 0.210519604 0.214091840 0.216093839 0.233772281 0.238475105 0.235360280 0.222493277 0.202871801 0.276434330 0.277853384 0.281068528 0.296102712 0.305983057 0.300859315 0.341231810 0.309307381 0.277563608 0.265594466 0.289330778 0.274602758 0.303140041 0.278675896 0.298944599 0.269043216 0.664023315 
17     0.051467447 0.054426228 0.057625912 0.069359876 0.077949590 0.105360237 0.000000000 0.057871256 0.054217448 0.056380768 0.058273237 0.057375832 0.069684715 0.126589321 0.096494493 0.096264592 0.097596185 0.088564390 0.077095791 0.121574463 0.124957670 0.127373488 0.158522271 0.143610631 0.136700812 0.129597470 0.138214269 0.142065398 0.144067397 0.161745839 0.166448664 0.163333838 0.150466835 0.130845359 0.203951679 0.205370732 0.208585877 0.223620060 0.233500405 0.228376663 0.268749158 0.236824730 0.205080956 0.193111814 0.216848126 0.202120106 0.230657390 0.206231439 0.226500143 0.196598760 0.591745476 
32     0.078843114 0.081904545 0.084983041 0.097174525 0.105565406 0.133189260 0.057871256 0.000000000 0.082082839 0.084225655 0.086084139 0.085218719 0.097507253 0.153851115 0.123759063 0.123529162 0.125791053 0.116922815 0.105453401 0.149400430 0.152771276 0.155187095 0.186347970 0.171436990 0.164408488 0.157305146 0.165921945 0.169825389 0.171827388 0.189505829 0.194208654 0.191093828 0.178226825 0.158605349 0.231835651 0.233254705 0.236469849 0.251504033 0.261384378 0.256260636 0.296633131 0.264708702 0.232964929 0.220995787 0.244732099 0.230004079 0.258541362 0.234077217 0.254345920 0.224444537 0.619446414 
18     0.075569199 0.079116476 0.081845347 0.093771689 0.102443532 0.129976424 0.054217448 0.082082839 0.000000000 0.026071382 0.052960841 0.051304516 0.085602486 0.151168788 0.121059079 0.120830554 0.122727947 0.113859708 0.102391109 0.146436038 0.149819244 0.152235063 0.183393732 0.168606102 0.161187237 0.154083895 0.162700693 0.167053107 0.169055106 0.186733547 0.191436372 0.188321546 0.175454543 0.155833067 0.228638519 0.230057573 0.233272717 0.248306901 0.258187245 0.253063504 0.293435998 0.261511570 0.229767797 0.217798655 0.241534967 0.226806946 0.255344230 0.230880084 0.251148788 0.221247405 0.616505528 
24     0.077828589 0.081380298 0.084095308 0.096025665 0.104690881 0.132142620 0.056380768 0.084225655 0.026071382 0.000000000 0.054695310 0.053730836 0.087780128 0.153414201 0.123304493 0.123075967 0.124962828 0.116094590 0.104625990 0.148672160 0.152055367 0.154471186 0.185629855 0.170842224 0.163423359 0.156320017 0.164936816 0.169289229 0.171291228 0.188969670 0.193672494 0.190557669 0.177690666 0.158069190 0.230874641 0.232293695 0.235508839 0.250543023 0.260423368 0.255299626 0.295672121 0.263747692 0.232003919 0.220034777 0.243771089 0.229043069 0.257580352 0.233116207 0.253384910 0.223483527 0.618741651 
25     0.079735299 0.083262072 0.085843666 0.097701785 0.106383268 0.133962638 0.058273237 0.086084139 0.052960841 0.054695310 0.000000000 0.043100698 0.089463247 0.155275075 0.125165367 0.124936842 0.126813013 0.117944774 0.106476175 0.150521104 0.153904311 0.156320130 0.187478799 0.172691168 0.165264024 0.158160681 0.166777480 0.171134115 0.173136114 0.190814556 0.195517380 0.192402555 0.179535552 0.159914076 0.232719527 0.234138581 0.237353725 0.252387909 0.262268254 0.257144512 0.297517007 0.265592578 0.233848805 0.221879663 0.245615975 0.230887955 0.259425238 0.234961093 0.255229796 0.225328413 0.620586537 
19     0.078897767 0.082433378 0.084926565 0.096801921 0.105491220 0.133066653 0.057375832 0.085218719 0.051304516 0.053730836 0.043100698 0.000000000 0.088265512 0.154414583 0.124304875 0.124076350 0.125899147 0.117030909 0.105562309 0.149591999 0.152975205 0.155391024 0.186549693 0.171764026 0.164347706 0.157244364 0.165861163 0.170199873 0.172201872 0.189880313 0.194583138 0.191468312 0.178601309 0.158979833 0.231781693 0.233200746 0.236415890 0.251450074 0.261330419 0.256206677 0.296579172 0.264654743 0.232910970 0.220941828 0.244678140 0.229950120 0.258487403 0.234023258 0.254291961 0.224390578 0.619648702 
21     0.091240552 0.094497658 0.097440713 0.109299982 0.117951667 0.145111431 0.069684715 0.097507253 0.085602486 0.087780128 0.089463247 0.088265512 0.000000000 0.166735530 0.136625822 0.136397296 0.138544573 0.129676335 0.118207736 0.162321272 0.165692118 0.168107937 0.199239991 0.184445763 0.176985804 0.169882461 0.178499260 0.182525833 0.184527832 0.202206274 0.206909098 0.203794272 0.190927270 0.171305793 0.244641308 0.246060362 0.249275506 0.264309690 0.274190034 0.269066293 0.309438787 0.277514359 0.245770586 0.233801444 0.257537756 0.242809735 0.271347019 0.246882873 0.267151577 0.237250194 0.632230293 
13     0.144804666 0.147190406 0.150293354 0.162009405 0.170610163 0.197997842 0.126589321 0.153851115 0.151168788 0.153414201 0.155275075 0.154414583 0.166735530 0.000000000 0.076638573 0.074728380 0.163561301 0.154693062 0.143372752 0.188534733 0.191904263 0.194320082 0.225403856 0.210984042 0.203082221 0.195978879 0.204595678 0.208837124 0.210839123 0.228517565 0.233220389 0.230105563 0.217224319 0.197602843 0.271139179 0.272558232 0.275773376 0.290807560 0.300687905 0.295564163 0.335936658 0.304012229 0.272268456 0.260299314 0.284035626 0.269307606 0.297843547 0.273380744 0.293649447 0.263748064 0.658602872 
11     0.114695779 0.117081505 0.120162887 0.131878869 0.140479628 0.167867375 0.096494493 0.123759063 0.121059079 0.123304493 0.125165367 0.124304875 0.136625822 0.076638573 0.000000000 0.028310174 0.133494810 0.124626571 0.113306262 0.158444274 0.161813804 0.164229623 0.195313397 0.180893570 0.173009096 0.165905754 0.174522553 0.178774016 0.180776015 0.198454456 0.203157281 0.200042455 0.187161211 0.167539735 0.241075259 0.242494312 0.245709457 0.260743641 0.270623985 0.265500244 0.305872738 0.273948310 0.242204536 0.230235394 0.253971707 0.239243686 0.267779627 0.243316824 0.263585528 0.233684145 0.628538953 
16     0.114465878 0.116851604 0.119954565 0.131670548 0.140271306 0.167659054 0.096264592 0.123529162 0.120830554 0.123075967 0.124936842 0.124076350 0.136397296 0.074728380 0.028310174 0.000000000 0.133263358 0.124395120 0.113074810 0.158220316 0.161589846 0.164005665 0.195089439 0.180669625 0.172785138 0.165681796 0.174298595 0.178544217 0.180546216 0.198224657 0.202927482 0.199812656 0.186931412 0.167309936 0.240845460 0.242264514 0.245479658 0.260513842 0.270394186 0.265270445 0.305642939 0.273718511 0.241974737 0.230005595 0.253741908 0.239013887 0.267549828 0.243087025 0.263355729 0.233454346 0.628309154 
27     0.116627952 0.119166344 0.122356900 0.134142748 0.142711534 0.169978649 0.097596185 0.125791053 0.122727947 0.124962828 0.126813013 0.125899147 0.138544573 0.163561301 0.133494810 0.133263358 0.000000000 0.033186536 0.041840212 0.149532600 0.152956451 0.155369358 0.186080170 0.172021460 0.164493960 0.157390509 0.166007310 0.169163835 0.171165834 0.188844276 0.193547100 0.190432275 0.177565272 0.157943796 0.229836423 0.231255476 0.234470621 0.249504804 0.259385149 0.254261408 0.294633902 0.262709474 0.230965700 0.218996558 0.242732870 0.228004850 0.256580270 0.232116125 0.252384828 0.222483446 0.617688471 
30     0.107596157 0.110134549 0.113325105 0.125110952 0.133679739 0.161110410 0.088564390 0.116922815 0.113859708 0.116094590 0.117944774 0.117030909 0.129676335 0.154693062 0.124626571 0.124395120 0.033186536 0.000000000 0.032424451 0.140498779 0.143922629 0.146335537 0.177046348 0.162942121 0.155467613 0.148364162 0.156980963 0.160121418 0.162123417 0.179801859 0.184504683 0.181389857 0.168522855 0.148901378 0.220854404 0.222273458 0.225488602 0.240522786 0.250403130 0.245279389 0.285651883 0.253727455 0.221983682 0.210014540 0.233750852 0.219022831 0.247598252 0.223172302 0.243441005 0.213539622 0.608744647 
5     0.096114990 0.098665136 0.101842785 0.113629446 0.122198232 0.149628904 0.077095791 0.105453401 0.102391109 0.104625990 0.106476175 0.105562309 0.118207736 0.143372752 0.113306262 0.113074810 0.041840212 0.032424451 0.000000000 0.129011406 0.132435257 0.134848164 0.165779880 0.151517855 0.143922399 0.136818948 0.145435748 0.148699605 0.150701604 0.168380046 0.173082870 0.169968045 0.157101042 0.137479566 0.209463818 0.210882872 0.214098016 0.229132200 0.239012545 0.233888803 0.274261297 0.242336869 0.210593096 0.198623954 0.222360266 0.207632246 0.236207666 0.211781716 0.232050419 0.202149036 0.597354062 
14     0.140267875 0.142889243 0.145821404 0.157591163 0.166158485 0.193664493 0.121574463 0.149400430 0.146436038 0.148672160 0.150521104 0.149591999 0.162321272 0.188534733 0.158444274 0.158220316 0.149532600 0.140498779 0.129011406 0.000000000 0.014353677 0.018642976 0.102051183 0.123678282 0.188379983 0.181276115 0.189892894 0.191294021 0.193296020 0.210974462 0.215677287 0.212562461 0.199689858 0.180068382 0.252407592 0.253826646 0.257041790 0.272075974 0.281956319 0.276832577 0.317205072 0.285280643 0.253503215 0.241534073 0.265270385 0.250542365 0.279151440 0.254725490 0.274994193 0.245092810 0.639864937 
28     0.143638721 0.146260089 0.149192250 0.160962010 0.169529331 0.197035339 0.124957670 0.152771276 0.149819244 0.152055367 0.153904311 0.152975205 0.165692118 0.191904263 0.161813804 0.161589846 0.152956451 0.143922629 0.132435257 0.014353677 0.000000000 0.022592482 0.106385608 0.127604780 0.191744554 0.184640686 0.193257466 0.194662977 0.196664976 0.214343418 0.219046242 0.215931417 0.203058814 0.183437338 0.255776548 0.257195602 0.260410746 0.275444930 0.285325274 0.280201533 0.320574027 0.288649599 0.256872171 0.244903029 0.268639341 0.253911321 0.282520396 0.258094446 0.278363149 0.248461766 0.643233893 
33     0.146054594 0.148675962 0.151608123 0.163377882 0.171945204 0.199451212 0.127373488 0.155187095 0.152235063 0.154471186 0.156320130 0.155391024 0.168107937 0.194320082 0.164229623 0.164005665 0.155369358 0.146335537 0.134848164 0.018642976 0.022592482 0.000000000 0.108861936 0.130409394 0.194200123 0.187096255 0.195713035 0.197122856 0.199124855 0.216803296 0.221506121 0.218391295 0.205518692 0.185897216 0.258236426 0.259655480 0.262870624 0.277904808 0.287785153 0.282661411 0.323033906 0.291109477 0.259332049 0.247362907 0.271099219 0.256371199 0.284980274 0.260554324 0.280823027 0.250921645 0.645693771 
29     0.177206573 0.179833031 0.182772859 0.194542619 0.203109941 0.230598491 0.158522271 0.186347970 0.183393732 0.185629855 0.187478799 0.186549693 0.199239991 0.225403856 0.195313397 0.195089439 0.186080170 0.177046348 0.165779880 0.102051183 0.106385608 0.108861936 0.000000000 0.162937577 0.225130174 0.218026335 0.226643115 0.228077340 0.230079339 0.247757781 0.252460605 0.249345779 0.236478777 0.216857300 0.289286881 0.290705935 0.293921079 0.308955263 0.318835607 0.313711866 0.354084360 0.322159932 0.290382504 0.278413362 0.302149674 0.287421654 0.316030729 0.291604779 0.311873482 0.281972099 0.676860895 
9     0.162376016 0.165013878 0.167967367 0.179761786 0.188317169 0.215810371 0.143610631 0.171436990 0.168606102 0.170842224 0.172691168 0.171764026 0.184445763 0.210984042 0.180893570 0.180669625 0.172021460 0.162942121 0.151517855 0.123678282 0.127604780 0.130409394 0.162937577 0.000000000 0.211089277 0.203985409 0.212602188 0.213545975 0.215547974 0.233226416 0.237929241 0.234814415 0.221947412 0.202325936 0.275063154 0.276482207 0.279697352 0.294731536 0.304611880 0.299488139 0.339860633 0.307936205 0.276158777 0.264189635 0.287925947 0.273197926 0.301807002 0.277381051 0.297649755 0.267748372 0.662653576 
2     0.155036538 0.157568308 0.161179828 0.172951917 0.181521502 0.209006148 0.136700812 0.164408488 0.161187237 0.163423359 0.165264024 0.164347706 0.176985804 0.203082221 0.173009096 0.172785138 0.164493960 0.155467613 0.143922399 0.188379983 0.191744554 0.194200123 0.225130174 0.211089277 0.000000000 0.047775136 0.056332764 0.200789670 0.202791669 0.220470111 0.225172936 0.222058110 0.209171266 0.189549790 0.263254567 0.264673620 0.267888764 0.282922948 0.292803293 0.287679551 0.328052046 0.296127618 0.264383844 0.252414702 0.276151014 0.261422994 0.289960277 0.265534327 0.285803031 0.255901648 0.651197985 
22     0.147933196 0.150464966 0.154076486 0.165848575 0.174418159 0.201902805 0.129597470 0.157305146 0.154083895 0.156320017 0.158160681 0.157244364 0.169882461 0.195978879 0.165905754 0.165681796 0.157390509 0.148364162 0.136818948 0.181276115 0.184640686 0.187096255 0.218026335 0.203985409 0.047775136 0.000000000 0.048957555 0.193686162 0.195688161 0.213366603 0.218069427 0.214954602 0.202067758 0.182446282 0.256151058 0.257570112 0.260785256 0.275819440 0.285699785 0.280576043 0.320948538 0.289024109 0.257280336 0.245311194 0.269047506 0.254319486 0.282856769 0.258430819 0.278699522 0.248798140 0.644094476 
10     0.156549994 0.159081765 0.162693285 0.174465374 0.183034958 0.210519604 0.138214269 0.165921945 0.162700693 0.164936816 0.166777480 0.165861163 0.178499260 0.204595678 0.174522553 0.174298595 0.166007310 0.156980963 0.145435748 0.189892894 0.193257466 0.195713035 0.226643115 0.212602188 0.056332764 0.048957555 0.000000000 0.202302961 0.204304960 0.221983402 0.226686226 0.223571401 0.210684557 0.191063081 0.264767857 0.266186911 0.269402055 0.284436239 0.294316584 0.289192842 0.329565337 0.297640908 0.265897135 0.253927993 0.277664305 0.262936285 0.291473568 0.267047618 0.287316321 0.257414939 0.652711275 
15     0.160595884 0.163185463 0.166272553 0.178028774 0.186593942 0.214091840 0.142065398 0.169825389 0.167053107 0.169289229 0.171134115 0.170199873 0.182525833 0.208837124 0.178774016 0.178544217 0.169163835 0.160121418 0.148699605 0.191294021 0.194662977 0.197122856 0.228077340 0.213545975 0.200789670 0.193686162 0.202302961 0.000000000 0.069440013 0.105785335 0.110004493 0.106989298 0.107359943 0.087676408 0.225590154 0.227009207 0.230224351 0.245258535 0.255138880 0.250015138 0.290387633 0.258463204 0.226688429 0.214719287 0.238454832 0.223727578 0.252326760 0.227945216 0.248213920 0.218257128 0.610824591 
31     0.162597883 0.165187462 0.168274552 0.180030773 0.188595941 0.216093839 0.144067397 0.171827388 0.169055106 0.171291228 0.173136114 0.172201872 0.184527832 0.210839123 0.180776015 0.180546216 0.171165834 0.162123417 0.150701604 0.193296020 0.196664976 0.199124855 0.230079339 0.215547974 0.202791669 0.195688161 0.204304960 0.069440013 0.000000000 0.109617712 0.114092025 0.111136941 0.109132713 0.089575807 0.227609594 0.229028648 0.232243792 0.247277976 0.257158320 0.252034579 0.292407073 0.260482645 0.228707869 0.216738727 0.240474273 0.225747019 0.254346201 0.229964657 0.250233360 0.220276569 0.612844032 
1     0.180276325 0.182865904 0.185952994 0.197709215 0.206274383 0.233772281 0.161745839 0.189505829 0.186733547 0.188969670 0.190814556 0.189880313 0.202206274 0.228517565 0.198454456 0.198224657 0.188844276 0.179801859 0.168380046 0.210974462 0.214343418 0.216803296 0.247757781 0.233226416 0.220470111 0.213366603 0.221983402 0.105785335 0.109617712 0.000000000 0.051180666 0.048321050 0.127128240 0.107496199 0.245270594 0.246689648 0.249904792 0.264938976 0.274819320 0.269695579 0.310068073 0.278143645 0.246368869 0.234399727 0.258135273 0.243408019 0.272007201 0.247625657 0.267894360 0.237937569 0.630505032 
34     0.184979149 0.187568728 0.190655818 0.202412039 0.210977207 0.238475105 0.166448664 0.194208654 0.191436372 0.193672494 0.195517380 0.194583138 0.206909098 0.233220389 0.203157281 0.202927482 0.193547100 0.184504683 0.173082870 0.215677287 0.219046242 0.221506121 0.252460605 0.237929241 0.225172936 0.218069427 0.226686226 0.110004493 0.114092025 0.051180666 0.000000000 0.043319161 0.131856532 0.112179729 0.249973419 0.251392472 0.254607616 0.269641800 0.279522145 0.274398403 0.314770898 0.282846470 0.251071694 0.239102552 0.262838097 0.248110843 0.276710025 0.252328481 0.272597185 0.242640393 0.635207856 
3     0.181864324 0.184453903 0.187540992 0.199297214 0.207862382 0.235360280 0.163333838 0.191093828 0.188321546 0.190557669 0.192402555 0.191468312 0.203794272 0.230105563 0.200042455 0.199812656 0.190432275 0.181389857 0.169968045 0.212562461 0.215931417 0.218391295 0.249345779 0.234814415 0.222058110 0.214954602 0.223571401 0.106989298 0.111136941 0.048321050 0.043319161 0.000000000 0.128718644 0.109091468 0.246858593 0.248277647 0.251492791 0.266526975 0.276407319 0.271283578 0.311656072 0.279731644 0.247956868 0.235987726 0.259723272 0.244996018 0.273595200 0.249213656 0.269482359 0.239525568 0.632093031 
23     0.168997321 0.171586900 0.174673990 0.186430211 0.194995379 0.222493277 0.150466835 0.178226825 0.175454543 0.177690666 0.179535552 0.178601309 0.190927270 0.217224319 0.187161211 0.186931412 0.177565272 0.168522855 0.157101042 0.199689858 0.203058814 0.205518692 0.236478777 0.221947412 0.209171266 0.202067758 0.210684557 0.107359943 0.109132713 0.127128240 0.131856532 0.128718644 0.000000000 0.074395944 0.233764919 0.235183973 0.238399117 0.253433301 0.263313645 0.258189904 0.298562398 0.266637970 0.234850739 0.222881597 0.246617143 0.231889889 0.260489071 0.236107527 0.256376230 0.226419439 0.618999357 
12     0.149375845 0.151965424 0.155052513 0.166808735 0.175373903 0.202871801 0.130845359 0.158605349 0.155833067 0.158069190 0.159914076 0.158979833 0.171305793 0.197602843 0.167539735 0.167309936 0.157943796 0.148901378 0.137479566 0.180068382 0.183437338 0.185897216 0.216857300 0.202325936 0.189549790 0.182446282 0.191063081 0.087676408 0.089575807 0.107496199 0.112179729 0.109091468 0.074395944 0.000000000 0.214282701 0.215701754 0.218916898 0.233951082 0.243831427 0.238707685 0.279080180 0.247155752 0.215380976 0.203411834 0.227147380 0.212420126 0.241019307 0.216637763 0.236906467 0.206949675 0.599517138 
49     0.222734614 0.225332034 0.228667600 0.240433968 0.248999136 0.276434330 0.203951679 0.231835651 0.228638519 0.230874641 0.232719527 0.231781693 0.244641308 0.271139179 0.241075259 0.240845460 0.229836423 0.220854404 0.209463818 0.252407592 0.255776548 0.258236426 0.289286881 0.275063154 0.263254567 0.256151058 0.264767857 0.225590154 0.227609594 0.245270594 0.249973419 0.246858593 0.233764919 0.214282701 0.000000000 0.085178976 0.088384205 0.103848079 0.113743580 0.108704877 0.148323161 0.115773590 0.110945942 0.099069025 0.122822539 0.107753299 0.141766215 0.117746562 0.138084166 0.108089092 0.588054598 
47     0.224153667 0.226751088 0.230086654 0.241853021 0.250418189 0.277853384 0.205370732 0.233254705 0.230057573 0.232293695 0.234138581 0.233200746 0.246060362 0.272558232 0.242494312 0.242264514 0.231255476 0.222273458 0.210882872 0.253826646 0.257195602 0.259655480 0.290705935 0.276482207 0.264673620 0.257570112 0.266186911 0.227009207 0.229028648 0.246689648 0.251392472 0.248277647 0.235183973 0.215701754 0.085178976 0.000000000 0.034207871 0.065139025 0.096272991 0.090086689 0.130948541 0.098501501 0.112527299 0.100651161 0.124398594 0.109318847 0.143155280 0.119292207 0.139629696 0.109634623 0.589416358 
39     0.227368812 0.229966232 0.233301798 0.245068165 0.253633334 0.281068528 0.208585877 0.236469849 0.233272717 0.235508839 0.237353725 0.236415890 0.249275506 0.275773376 0.245709457 0.245479658 0.234470621 0.225488602 0.214098016 0.257041790 0.260410746 0.262870624 0.293921079 0.279697352 0.267888764 0.260785256 0.269402055 0.230224351 0.232243792 0.249904792 0.254607616 0.251492791 0.238399117 0.218916898 0.088384205 0.034207871 0.000000000 0.068308219 0.099636393 0.093423890 0.134570460 0.101647389 0.115743690 0.103867553 0.127614986 0.112528244 0.146369934 0.122506390 0.142843994 0.112848920 0.592631502 
46     0.242402995 0.245000416 0.248335982 0.260102349 0.268667517 0.296102712 0.223620060 0.251504033 0.248306901 0.250543023 0.252387909 0.251450074 0.264309690 0.290807560 0.260743641 0.260513842 0.249504804 0.240522786 0.229132200 0.272075974 0.275444930 0.277904808 0.308955263 0.294731536 0.282922948 0.275819440 0.284436239 0.245258535 0.247277976 0.264938976 0.269641800 0.266526975 0.253433301 0.233951082 0.103848079 0.065139025 0.068308219 0.000000000 0.114587139 0.108450817 0.148863634 0.116280370 0.130782652 0.118906515 0.142653948 0.127552517 0.161406028 0.137542955 0.157880559 0.127885485 0.607665686 
50     0.252283340 0.254880760 0.258216326 0.269982694 0.278547862 0.305983057 0.233500405 0.261384378 0.258187245 0.260423368 0.262268254 0.261330419 0.274190034 0.300687905 0.270623985 0.270394186 0.259385149 0.250403130 0.239012545 0.281956319 0.285325274 0.287785153 0.318835607 0.304611880 0.292803293 0.285699785 0.294316584 0.255138880 0.257158320 0.274819320 0.279522145 0.276407319 0.263313645 0.243831427 0.113743580 0.096272991 0.099636393 0.114587139 0.000000000 0.074077060 0.156480059 0.126242532 0.140693229 0.128817091 0.152569406 0.137483005 0.171321794 0.147332189 0.167669793 0.137674719 0.617546030 
38     0.247159599 0.249757019 0.253092585 0.264858952 0.273424121 0.300859315 0.228376663 0.256260636 0.253063504 0.255299626 0.257144512 0.256206677 0.269066293 0.295564163 0.265500244 0.265270445 0.254261408 0.245279389 0.233888803 0.276832577 0.280201533 0.282661411 0.313711866 0.299488139 0.287679551 0.280576043 0.289192842 0.250015138 0.252034579 0.269695579 0.274398403 0.271283578 0.258189904 0.238707685 0.108704877 0.090086689 0.093423890 0.108450817 0.074077060 0.000000000 0.150863371 0.121163474 0.135569489 0.123693352 0.147445667 0.132359266 0.166198056 0.142208451 0.162546054 0.132550981 0.612422289 
43     0.287532093 0.290129513 0.293465079 0.305231447 0.313796615 0.341231810 0.268749158 0.296633131 0.293435998 0.295672121 0.297517007 0.296579172 0.309438787 0.335936658 0.305872738 0.305642939 0.294633902 0.285651883 0.274261297 0.317205072 0.320574027 0.323033906 0.354084360 0.339860633 0.328052046 0.320948538 0.329565337 0.290387633 0.292407073 0.310068073 0.314770898 0.311656072 0.298562398 0.279080180 0.148323161 0.130948541 0.134570460 0.148863634 0.156480059 0.150863371 0.000000000 0.161767424 0.175907781 0.164031643 0.187782844 0.172681261 0.206599937 0.182621058 0.202958662 0.172963588 0.652794783 
40     0.255607665 0.258205085 0.261540651 0.273307019 0.281872187 0.309307381 0.236824730 0.264708702 0.261511570 0.263747692 0.265592578 0.264654743 0.277514359 0.304012229 0.273948310 0.273718511 0.262709474 0.253727455 0.242336869 0.285280643 0.288649599 0.291109477 0.322159932 0.307936205 0.296127618 0.289024109 0.297640908 0.258463204 0.260482645 0.278143645 0.282846470 0.279731644 0.266637970 0.247155752 0.115773590 0.098501501 0.101647389 0.116280370 0.126242532 0.121163474 0.161767424 0.000000000 0.143895915 0.132019777 0.155773556 0.140668634 0.174614498 0.150807588 0.171145192 0.141150118 0.620870355 
35     0.223863891 0.226461312 0.229796878 0.241563245 0.250128413 0.277563608 0.205080956 0.232964929 0.229767797 0.232003919 0.233848805 0.232910970 0.245770586 0.272268456 0.242204536 0.241974737 0.230965700 0.221983682 0.210593096 0.253503215 0.256872171 0.259332049 0.290382504 0.276158777 0.264383844 0.257280336 0.265897135 0.226688429 0.228707869 0.246368869 0.251071694 0.247956868 0.234850739 0.215380976 0.110945942 0.112527299 0.115743690 0.130782652 0.140693229 0.135569489 0.175907781 0.143895915 0.000000000 0.066451627 0.089883970 0.097979181 0.141725207 0.118900594 0.139167204 0.109237223 0.588715671 
41     0.211894749 0.214492170 0.217827736 0.229594103 0.238159271 0.265594466 0.193111814 0.220995787 0.217798655 0.220034777 0.221879663 0.220941828 0.233801444 0.260299314 0.230235394 0.230005595 0.218996558 0.210014540 0.198623954 0.241534073 0.244903029 0.247362907 0.278413362 0.264189635 0.252414702 0.245311194 0.253927993 0.214719287 0.216738727 0.234399727 0.239102552 0.235987726 0.222881597 0.203411834 0.099069025 0.100651161 0.103867553 0.118906515 0.128817091 0.123693352 0.164031643 0.132019777 0.066451627 0.000000000 0.077345102 0.086290717 0.129545842 0.106726851 0.126993462 0.097063480 0.576621712 
48     0.235631061 0.238228482 0.241564048 0.253330415 0.261895583 0.289330778 0.216848126 0.244732099 0.241534967 0.243771089 0.245615975 0.244678140 0.257537756 0.284035626 0.253971707 0.253741908 0.242732870 0.233750852 0.222360266 0.265270385 0.268639341 0.271099219 0.302149674 0.287925947 0.276151014 0.269047506 0.277664305 0.238454832 0.240474273 0.258135273 0.262838097 0.259723272 0.246617143 0.227147380 0.122822539 0.124398594 0.127614986 0.142653948 0.152569406 0.147445667 0.187782844 0.155773556 0.089883970 0.077345102 0.000000000 0.109936213 0.153279609 0.130461213 0.150727824 0.120797842 0.600358024 
44     0.220903041 0.223500461 0.226836027 0.238602395 0.247167563 0.274602758 0.202120106 0.230004079 0.226806946 0.229043069 0.230887955 0.229950120 0.242809735 0.269307606 0.239243686 0.239013887 0.228004850 0.219022831 0.207632246 0.250542365 0.253911321 0.256371199 0.287421654 0.273197926 0.261422994 0.254319486 0.262936285 0.223727578 0.225747019 0.243408019 0.248110843 0.244996018 0.231889889 0.212420126 0.107753299 0.109318847 0.112528244 0.127552517 0.137483005 0.132359266 0.172681261 0.140668634 0.097979181 0.086290717 0.109936213 0.000000000 0.138877253 0.115717756 0.135984367 0.106054385 0.585683226 
36     0.249440325 0.252037745 0.255373311 0.267139678 0.275704847 0.303140041 0.230657390 0.258541362 0.255344230 0.257580352 0.259425238 0.258487403 0.271347019 0.297843547 0.267779627 0.267549828 0.256580270 0.247598252 0.236207666 0.279151440 0.282520396 0.284980274 0.316030729 0.301807002 0.289960277 0.282856769 0.291473568 0.252326760 0.254346201 0.272007201 0.276710025 0.273595200 0.260489071 0.241019307 0.141766215 0.143155280 0.146369934 0.161406028 0.171321794 0.166198056 0.206599937 0.174614498 0.141725207 0.129545842 0.153279609 0.138877253 0.000000000 0.135881371 0.156194279 0.126300248 0.614178392 
37     0.225014374 0.227611795 0.230947361 0.242713728 0.251278896 0.278675896 0.206231439 0.234077217 0.230880084 0.233116207 0.234961093 0.234023258 0.246882873 0.273380744 0.243316824 0.243087025 0.232116125 0.223172302 0.211781716 0.254725490 0.258094446 0.260554324 0.291604779 0.277381051 0.265534327 0.258430819 0.267047618 0.227945216 0.229964657 0.247625657 0.252328481 0.249213656 0.236107527 0.216637763 0.117746562 0.119292207 0.122506390 0.137542955 0.147332189 0.142208451 0.182621058 0.150807588 0.118900594 0.106726851 0.130461213 0.115717756 0.135881371 0.000000000 0.037692093 0.040888610 0.590455006 
42     0.245283078 0.247880498 0.251216064 0.262982432 0.271547600 0.298944599 0.226500143 0.254345920 0.251148788 0.253384910 0.255229796 0.254291961 0.267151577 0.293649447 0.263585528 0.263355729 0.252384828 0.243441005 0.232050419 0.274994193 0.278363149 0.280823027 0.311873482 0.297649755 0.285803031 0.278699522 0.287316321 0.248213920 0.250233360 0.267894360 0.272597185 0.269482359 0.256376230 0.236906467 0.138084166 0.139629696 0.142843994 0.157880559 0.167669793 0.162546054 0.202958662 0.171145192 0.139167204 0.126993462 0.150727824 0.135984367 0.156194279 0.037692093 0.000000000 0.061300074 0.610723709 
45     0.215381695 0.217979115 0.221314681 0.233081049 0.241646217 0.269043216 0.196598760 0.224444537 0.221247405 0.223483527 0.225328413 0.224390578 0.237250194 0.263748064 0.233684145 0.233454346 0.222483446 0.213539622 0.202149036 0.245092810 0.248461766 0.250921645 0.281972099 0.267748372 0.255901648 0.248798140 0.257414939 0.218257128 0.220276569 0.237937569 0.242640393 0.239525568 0.226419439 0.206949675 0.108089092 0.109634623 0.112848920 0.127885485 0.137674719 0.132550981 0.172963588 0.141150118 0.109237223 0.097063480 0.120797842 0.106054385 0.126300248 0.040888610 0.061300074 0.000000000 0.580799100 
0     0.610361794 0.612959214 0.616294780 0.628061147 0.636626316 0.664023315 0.591745476 0.619446414 0.616505528 0.618741651 0.620586537 0.619648702 0.632230293 0.658602872 0.628538953 0.628309154 0.617688471 0.608744647 0.597354062 0.639864937 0.643233893 0.645693771 0.676860895 0.662653576 0.651197985 0.644094476 0.652711275 0.610824591 0.612844032 0.630505032 0.635207856 0.632093031 0.618999357 0.599517138 0.588054598 0.589416358 0.592631502 0.607665686 0.617546030 0.612422289 0.652794783 0.620870355 0.588715671 0.576621712 0.600358024 0.585683226 0.614178392 0.590455006 0.610723709 0.580799100 0.000000000 
