51
1     0.000000000 0.009555170 0.009491394 0.012900835 0.013028651 0.013559418 0.014835595 0.030654412 0.025986058 0.026148596 0.022571722 0.020557391 0.032295422 0.031549640 0.031042699 0.031262997 0.031203689 0.029209686 0.025742111 0.027656560 0.029238348 0.029355892 0.024319230 0.026556345 0.026639688 0.029012807 0.035592044 0.035214014 0.029357155 0.029267317 0.028150323 0.057072564 0.029736379 0.029665157 0.031136095 0.031033849 0.031041876 0.031671319 0.030609930 0.039747480 0.042153988 0.040720773 0.039901616 0.040160723 0.040806388 0.040887663 0.040853383 0.029551575 0.030988089 0.032962433 0.037745155 
24     0.009555170 0.000000000 0.009350781 0.014431794 0.014537033 0.015036750 0.016404138 0.032127508 0.027415682 0.027589317 0.024053550 0.022058968 0.033907320 0.033291745 0.032659947 0.032943941 0.032827244 0.030682375 0.027273467 0.029168917 0.030753870 0.030842333 0.025864337 0.028078719 0.028154444 0.030560887 0.037145592 0.036759669 0.030935466 0.030850762 0.029727325 0.058575328 0.031356141 0.031341853 0.032929291 0.032845752 0.032856159 0.033475276 0.032425872 0.041229032 0.043659897 0.042291177 0.041474177 0.041618139 0.042293642 0.042383161 0.042336928 0.031101114 0.032566870 0.034572747 0.039334507 
26     0.009491394 0.009350781 0.000000000 0.014042513 0.014150850 0.014670332 0.016099661 0.031901836 0.027224068 0.027385423 0.023716293 0.021794074 0.033549448 0.032809026 0.032296025 0.032523968 0.032419344 0.030310747 0.026919373 0.028787313 0.030335779 0.030435095 0.025433812 0.027659443 0.027793764 0.030150987 0.036738985 0.036348546 0.030413172 0.030316760 0.029304694 0.057978838 0.030799471 0.030826029 0.032381056 0.032216264 0.032231794 0.032837701 0.031823685 0.041035010 0.043449655 0.042052120 0.041235731 0.041412546 0.042091207 0.042186900 0.042159970 0.030791376 0.032266272 0.034247532 0.038820606 
28     0.012900835 0.014431794 0.014042513 0.000000000 0.002923641 0.004021119 0.012291065 0.030953359 0.026231763 0.026470934 0.022949685 0.021009549 0.032508476 0.031820185 0.031300368 0.031508305 0.031391265 0.029314997 0.025919932 0.027637217 0.029387461 0.029489639 0.024377097 0.026659115 0.026699213 0.029256638 0.035747997 0.035353820 0.029538505 0.029449734 0.028449242 0.057052426 0.030237690 0.030190318 0.031715213 0.031582642 0.031591007 0.032130247 0.031165912 0.039679815 0.042144325 0.040744985 0.039928800 0.040164167 0.040824017 0.040904348 0.040865163 0.029671969 0.031162164 0.033140801 0.037611529 
14     0.013028651 0.014537033 0.014150850 0.002923641 0.000000000 0.004198365 0.012379584 0.031006761 0.026279226 0.026459851 0.022975904 0.021046272 0.032487279 0.031798988 0.031279170 0.031537745 0.031458300 0.029287553 0.025888536 0.027596821 0.029370026 0.029481256 0.024345971 0.026702540 0.026733692 0.029273901 0.035732452 0.035338328 0.029491718 0.029401587 0.028407161 0.057148960 0.030234264 0.030209162 0.031739656 0.031608217 0.031616582 0.032153998 0.031189561 0.039729078 0.042155566 0.040767430 0.039949670 0.040174605 0.040842653 0.040915777 0.040884612 0.029709876 0.031195861 0.033173499 0.037731935 
7     0.013559418 0.015036750 0.014670332 0.004021119 0.004198365 0.000000000 0.012838230 0.031606646 0.026895739 0.027112330 0.023593294 0.021652273 0.033192154 0.032473597 0.031973025 0.032236882 0.032074983 0.029966453 0.026582390 0.028375014 0.030047730 0.030151430 0.025047589 0.027310234 0.027358906 0.029929833 0.036379780 0.035983023 0.030165711 0.030070049 0.029096132 0.057753080 0.030869744 0.030825805 0.032372446 0.032241224 0.032249589 0.032786867 0.031822351 0.040386650 0.042818354 0.041450394 0.040631117 0.040870096 0.041535541 0.041608867 0.041570597 0.030333887 0.031799924 0.033759684 0.038429813 
17     0.014835595 0.016404138 0.016099661 0.012291065 0.012379584 0.012838230 0.000000000 0.032999727 0.028322353 0.028439135 0.024870176 0.022907203 0.034332426 0.033710195 0.033198649 0.033404079 0.033285968 0.031275143 0.027832577 0.029690666 0.031369792 0.031478487 0.026393397 0.028598994 0.028664264 0.031216054 0.037729582 0.037391588 0.031403536 0.031307474 0.030413275 0.058649577 0.032066360 0.032050348 0.033642713 0.033517659 0.033529576 0.034081902 0.033248675 0.041994418 0.044448940 0.042982032 0.042189523 0.042431445 0.043088354 0.043161681 0.043131561 0.031834376 0.033382981 0.035277649 0.039882794 
23     0.030654412 0.032127508 0.031901836 0.030953359 0.031006761 0.031606646 0.032999727 0.000000000 0.031063558 0.031469017 0.027953043 0.025796475 0.040395880 0.039626223 0.039047337 0.039474185 0.039189989 0.036936127 0.033687879 0.035544478 0.037184379 0.037369253 0.032309715 0.034545654 0.034799555 0.037146303 0.043854497 0.043279611 0.037284630 0.037168628 0.036393903 0.065032555 0.037772492 0.037693022 0.039483485 0.039315796 0.039330317 0.040057972 0.038875403 0.047416596 0.049974623 0.048726408 0.047893748 0.047888633 0.048581450 0.048639898 0.048600401 0.037594481 0.039109624 0.041019941 0.045450598 
21     0.025986058 0.027415682 0.027224068 0.026231763 0.026279226 0.026895739 0.028322353 0.031063558 0.000000000 0.009064036 0.021143060 0.018983395 0.035544021 0.034939565 0.034323690 0.034611029 0.034385255 0.032358957 0.028999648 0.030927829 0.032301329 0.032568168 0.027515734 0.029807625 0.029809877 0.032408326 0.038934641 0.038461563 0.032646034 0.032583293 0.031399495 0.060455514 0.033019317 0.033018724 0.034880681 0.034749609 0.034760364 0.035371273 0.034228623 0.042893426 0.045386728 0.044047784 0.043221821 0.043394110 0.044152734 0.044225658 0.044222278 0.033128949 0.034571773 0.036404346 0.040732643 
9     0.026148596 0.027589317 0.027385423 0.026470934 0.026459851 0.027112330 0.028439135 0.031469017 0.009064036 0.000000000 0.021380406 0.019205927 0.035342190 0.034729714 0.034122085 0.034501980 0.034318852 0.032287152 0.028952659 0.030858618 0.032379514 0.032605825 0.027522172 0.029832383 0.029848172 0.032350424 0.038818550 0.038370151 0.032617052 0.032549017 0.031326845 0.060395016 0.033259290 0.033152260 0.035077386 0.034931641 0.034942396 0.035625146 0.034467022 0.043331928 0.045773606 0.044466002 0.043639152 0.043794234 0.044440214 0.044526545 0.044489762 0.033243169 0.034695723 0.036506655 0.040645180 
2     0.022571722 0.024053550 0.023716293 0.022949685 0.022975904 0.023593294 0.024870176 0.027953043 0.021143060 0.021380406 0.000000000 0.010462530 0.031986205 0.031428714 0.030803457 0.031175200 0.030885131 0.028814672 0.025277297 0.027274109 0.028970668 0.029118759 0.024152596 0.026385212 0.026424329 0.028911935 0.035566668 0.035136023 0.029164760 0.029088012 0.027986789 0.056656638 0.029446570 0.029593213 0.031189475 0.031045298 0.031020631 0.031777379 0.030654592 0.039610408 0.042070690 0.040743683 0.039938334 0.040047289 0.040694533 0.040763841 0.040733783 0.029479534 0.030903111 0.032897768 0.037380961 
13     0.020557391 0.022058968 0.021794074 0.021009549 0.021046272 0.021652273 0.022907203 0.025796475 0.018983395 0.019205927 0.010462530 0.000000000 0.029829412 0.029250317 0.028663671 0.029024193 0.028752111 0.026758569 0.023359971 0.025307837 0.026826534 0.027026010 0.022025131 0.024247895 0.024302530 0.026752356 0.033395105 0.032973147 0.026949296 0.026872716 0.025803305 0.055072245 0.027655919 0.027572988 0.029363431 0.029226600 0.029209651 0.029885067 0.028677916 0.037533387 0.040005157 0.038679609 0.037871369 0.037913433 0.038570628 0.038635738 0.038609878 0.027381922 0.028864420 0.030902684 0.035400384 
22     0.032295422 0.033907320 0.033549448 0.032508476 0.032487279 0.033192154 0.034332426 0.040395880 0.035544021 0.035342190 0.031986205 0.029829412 0.000000000 0.009821394 0.009212911 0.015420111 0.015120067 0.023833884 0.020156742 0.022085954 0.028207945 0.028334941 0.023237808 0.025595353 0.025611302 0.028214821 0.034451494 0.033890778 0.028185001 0.028070948 0.027268981 0.063511380 0.035936155 0.036062392 0.037903956 0.037712902 0.037782007 0.038358755 0.037291445 0.046524424 0.048824549 0.047455804 0.046612509 0.046912892 0.047410467 0.047511389 0.047497608 0.036392299 0.037607922 0.039615170 0.044350921 
6     0.031549640 0.033291745 0.032809026 0.031820185 0.031798988 0.032473597 0.033710195 0.039626223 0.034939565 0.034729714 0.031428714 0.029250317 0.009821394 0.000000000 0.004466758 0.015090252 0.014774392 0.023430822 0.019635620 0.021551792 0.027500283 0.027689372 0.022605057 0.024965536 0.025032956 0.027582460 0.033732686 0.033167782 0.027591225 0.027511161 0.026634024 0.062828261 0.035381923 0.035358464 0.037191474 0.036974562 0.037048170 0.037700331 0.036500307 0.046125370 0.048443853 0.046941021 0.046097749 0.046546799 0.047020151 0.047126270 0.047112488 0.035873280 0.037000783 0.039026837 0.043635741 
8     0.031042699 0.032659947 0.032296025 0.031300368 0.031279170 0.031973025 0.033198649 0.039047337 0.034323690 0.034122085 0.030803457 0.028663671 0.009212911 0.004466758 0.000000000 0.014474075 0.014287188 0.022763336 0.018996230 0.020920198 0.026977163 0.027152754 0.022049913 0.024408923 0.024462889 0.026993810 0.033198126 0.032630864 0.027039163 0.026965427 0.026095595 0.062253837 0.034783895 0.034783913 0.036714959 0.036497655 0.036573353 0.037139683 0.036043120 0.045513671 0.047839047 0.046356413 0.045513119 0.045909136 0.046408407 0.046514554 0.046500773 0.035269711 0.036425586 0.038455990 0.043229792 
3     0.031262997 0.032943941 0.032523968 0.031508305 0.031537745 0.032236882 0.033404079 0.039474185 0.034611029 0.034501980 0.031175200 0.029024193 0.015420111 0.015090252 0.014474075 0.000000000 0.008662517 0.023278726 0.019527543 0.021399931 0.027710432 0.027801247 0.022687339 0.024939717 0.024974017 0.027594529 0.033689528 0.033188915 0.027617064 0.027488994 0.026587445 0.062508174 0.035090057 0.035079653 0.037163700 0.036953775 0.037029385 0.037635019 0.036512046 0.045328160 0.047767830 0.046303181 0.045434219 0.045929717 0.046407189 0.046464899 0.046460048 0.035455021 0.036553312 0.038585592 0.043080261 
12     0.031203689 0.032827244 0.032419344 0.031391265 0.031458300 0.032074983 0.033285968 0.039189989 0.034385255 0.034318852 0.030885131 0.028752111 0.015120067 0.014774392 0.014287188 0.008662517 0.000000000 0.023030202 0.019245511 0.021111607 0.027375238 0.027485921 0.022302144 0.024605501 0.024611102 0.027227004 0.033377196 0.032887602 0.027302725 0.027202816 0.026400103 0.062563963 0.034964778 0.035047733 0.037062791 0.036881030 0.036954638 0.037594471 0.036443533 0.045676876 0.048042043 0.046641257 0.045807106 0.046107634 0.046660693 0.046740445 0.046726664 0.035535629 0.036681293 0.038744929 0.043260262 
20     0.029209686 0.030682375 0.030310747 0.029314997 0.029287553 0.029966453 0.031275143 0.036936127 0.032358957 0.032287152 0.028814672 0.026758569 0.023833884 0.023430822 0.022763336 0.023278726 0.023030202 0.000000000 0.013864177 0.015623484 0.025192308 0.025262404 0.020086563 0.022514269 0.022551014 0.025039654 0.031589369 0.031020971 0.025188230 0.025116292 0.024185696 0.060391274 0.032757706 0.032989858 0.034834519 0.034661614 0.034746908 0.035324610 0.034161934 0.043238447 0.045603694 0.044234495 0.043389794 0.043749827 0.044236066 0.044303701 0.044294778 0.033191713 0.034365027 0.036343594 0.041489076 
5     0.025742111 0.027273467 0.026919373 0.025919932 0.025888536 0.026582390 0.027832577 0.033687879 0.028999648 0.028952659 0.025277297 0.023359971 0.020156742 0.019635620 0.018996230 0.019527543 0.019245511 0.013864177 0.000000000 0.006702375 0.021659465 0.021681732 0.016636776 0.019053872 0.019063293 0.021569642 0.027907372 0.027340195 0.021530190 0.021447114 0.020631845 0.056713020 0.029358837 0.029373477 0.031261386 0.031073765 0.031171044 0.031798457 0.030714619 0.039794393 0.042151053 0.040706160 0.039857431 0.040249440 0.040743251 0.040821499 0.040809875 0.029743384 0.031069228 0.033048994 0.037825097 
4     0.027656560 0.029168917 0.028787313 0.027637217 0.027596821 0.028375014 0.029690666 0.035544478 0.030927829 0.030858618 0.027274109 0.025307837 0.022085954 0.021551792 0.020920198 0.021399931 0.021111607 0.015623484 0.006702375 0.000000000 0.023582734 0.023718815 0.018598964 0.021016883 0.020990160 0.023504324 0.029783046 0.029225586 0.023439894 0.023363759 0.022539517 0.058737171 0.031296917 0.031346539 0.033255551 0.033070934 0.033167891 0.033793029 0.032663170 0.041786369 0.044143029 0.042688027 0.041828443 0.042241415 0.042727970 0.042806159 0.042794535 0.031559588 0.032795272 0.034783809 0.039702713 
11     0.029238348 0.030753870 0.030335779 0.029387461 0.029370026 0.030047730 0.031369792 0.037184379 0.032301329 0.032379514 0.028970668 0.026826534 0.028207945 0.027500283 0.026977163 0.027710432 0.027375238 0.025192308 0.021659465 0.023582734 0.000000000 0.007558085 0.016063864 0.018677494 0.018767103 0.021052492 0.027879090 0.027534571 0.022392225 0.022348237 0.021274420 0.060463149 0.032756883 0.033158699 0.034964340 0.034858558 0.034916501 0.035618117 0.034329085 0.043423543 0.045775943 0.044414757 0.043589048 0.043848342 0.044306637 0.044393398 0.044376153 0.033265746 0.034294704 0.036282638 0.041536243 
10     0.029355892 0.030842333 0.030435095 0.029489639 0.029481256 0.030151430 0.031478487 0.037369253 0.032568168 0.032605825 0.029118759 0.027026010 0.028334941 0.027689372 0.027152754 0.027801247 0.027485921 0.025262404 0.021681732 0.023718815 0.007558085 0.000000000 0.015982974 0.018624799 0.018703388 0.021070834 0.027947333 0.027630886 0.022440086 0.022407557 0.021334035 0.060609585 0.032897546 0.033316103 0.035120574 0.035022006 0.035079949 0.035786896 0.034579473 0.043559252 0.045906355 0.044491771 0.043647268 0.043992409 0.044412523 0.044499284 0.044482039 0.033405369 0.034375843 0.036368737 0.041748892 
25     0.024319230 0.025864337 0.025433812 0.024377097 0.024345971 0.025047589 0.026393397 0.032309715 0.027515734 0.027522172 0.024152596 0.022025131 0.023237808 0.022605057 0.022049913 0.022687339 0.022302144 0.020086563 0.016636776 0.018598964 0.016063864 0.015982974 0.000000000 0.008675430 0.008662727 0.014035782 0.022935867 0.022539838 0.017673041 0.017731693 0.016402099 0.055982033 0.028190048 0.028586022 0.030349579 0.030283039 0.030334785 0.031024026 0.029740783 0.038643271 0.041024872 0.039608327 0.038752577 0.039094303 0.039552764 0.039638892 0.039634985 0.028401112 0.029703517 0.031801696 0.036753659 
16     0.026556345 0.028078719 0.027659443 0.026659115 0.026702540 0.027310234 0.028598994 0.034545654 0.029807625 0.029832383 0.026385212 0.024247895 0.025595353 0.024965536 0.024408923 0.024939717 0.024605501 0.022514269 0.019053872 0.021016883 0.018677494 0.018624799 0.008675430 0.000000000 0.008763465 0.016793809 0.025401262 0.024884486 0.020132336 0.020164434 0.018773737 0.057973538 0.030455405 0.030636390 0.032368700 0.032332627 0.032385962 0.033031538 0.031801603 0.040567969 0.042969974 0.041518092 0.040646774 0.041049355 0.041425082 0.041524549 0.041507303 0.030406432 0.031924650 0.033995253 0.039040812 
27     0.026639688 0.028154444 0.027793764 0.026699213 0.026733692 0.027358906 0.028664264 0.034799555 0.029809877 0.029848172 0.026424329 0.024302530 0.025611302 0.025032956 0.024462889 0.024974017 0.024611102 0.022551014 0.019063293 0.020990160 0.018767103 0.018703388 0.008662727 0.008763465 0.000000000 0.016805859 0.025441197 0.024910474 0.020128207 0.020193852 0.018828552 0.058320951 0.030594800 0.030730469 0.032428326 0.032372602 0.032423859 0.033114318 0.031887221 0.040916892 0.043309890 0.041875849 0.041004438 0.041330881 0.041835850 0.041915713 0.041898468 0.030608384 0.031923713 0.034004338 0.039072383 
31     0.029012807 0.030560887 0.030150987 0.029256638 0.029273901 0.029929833 0.031216054 0.037146303 0.032408326 0.032350424 0.028911935 0.026752356 0.028214821 0.027582460 0.026993810 0.027594529 0.027227004 0.025039654 0.021569642 0.023504324 0.021052492 0.021070834 0.014035782 0.016793809 0.016805859 0.000000000 0.027956725 0.027558753 0.022541785 0.022521205 0.021184206 0.060311680 0.032844289 0.033063828 0.034663483 0.034596204 0.034646743 0.035293094 0.034013598 0.043253377 0.045641998 0.044285346 0.043440330 0.043741633 0.044139641 0.044239107 0.044221862 0.033275434 0.034653796 0.036648987 0.041499940 
15     0.035592044 0.037145592 0.036738985 0.035747997 0.035732452 0.036379780 0.037729582 0.043854497 0.038934641 0.038818550 0.035566668 0.033395105 0.034451494 0.033732686 0.033198126 0.033689528 0.033377196 0.031589369 0.027907372 0.029783046 0.027879090 0.027947333 0.022935867 0.025401262 0.025441197 0.027956725 0.000000000 0.010560019 0.028950870 0.029061293 0.027936760 0.067212240 0.039202640 0.039499705 0.041272287 0.041167387 0.041236575 0.041937780 0.040767051 0.049835633 0.052203762 0.050821850 0.049957252 0.050250172 0.050697867 0.050804851 0.050780088 0.039655617 0.041081623 0.042933997 0.047898793 
29     0.035214014 0.036759669 0.036348546 0.035353820 0.035338328 0.035983023 0.037391588 0.043279611 0.038461563 0.038370151 0.035136023 0.032973147 0.033890778 0.033167782 0.032630864 0.033188915 0.032887602 0.031020971 0.027340195 0.029225586 0.027534571 0.027630886 0.022539838 0.024884486 0.024910474 0.027558753 0.010560019 0.000000000 0.028581297 0.028702082 0.027518512 0.066814471 0.038937547 0.039057388 0.040889764 0.040786450 0.040854314 0.041541137 0.040336594 0.049376056 0.051739735 0.050346725 0.049516440 0.049785604 0.050228849 0.050335833 0.050311069 0.039177693 0.040626763 0.042465237 0.047539804 
18     0.029357155 0.030935466 0.030413172 0.029538505 0.029491718 0.030165711 0.031403536 0.037284630 0.032646034 0.032617052 0.029164760 0.026949296 0.028185001 0.027591225 0.027039163 0.027617064 0.027302725 0.025188230 0.021530190 0.023439894 0.022392225 0.022440086 0.017673041 0.020132336 0.020128207 0.022541785 0.028950870 0.028581297 0.000000000 0.005108003 0.019429818 0.060490181 0.032969419 0.033375501 0.035035842 0.034963839 0.035016379 0.035685677 0.034504314 0.043314294 0.045707197 0.044384756 0.043514680 0.043867167 0.044253128 0.044358558 0.044343911 0.033155975 0.034478773 0.036441126 0.041594853 
30     0.029267317 0.030850762 0.030316760 0.029449734 0.029401587 0.030070049 0.031307474 0.037168628 0.032583293 0.032549017 0.029088012 0.026872716 0.028070948 0.027511161 0.026965427 0.027488994 0.027202816 0.025116292 0.021447114 0.023363759 0.022348237 0.022407557 0.017731693 0.020164434 0.020193852 0.022521205 0.029061293 0.028702082 0.005108003 0.000000000 0.019382143 0.060356371 0.032987278 0.033214002 0.034982310 0.034877373 0.034929913 0.035628607 0.034396675 0.043314073 0.045676435 0.044378858 0.043508782 0.043824863 0.044162460 0.044290250 0.044275602 0.033068499 0.034473699 0.036436897 0.041539548 
19     0.028150323 0.029727325 0.029304694 0.028449242 0.028407161 0.029096132 0.030413275 0.036393903 0.031399495 0.031326845 0.027986789 0.025803305 0.027268981 0.026634024 0.026095595 0.026587445 0.026400103 0.024185696 0.020631845 0.022539517 0.021274420 0.021334035 0.016402099 0.018773737 0.018828552 0.021184206 0.027936760 0.027518512 0.019429818 0.019382143 0.000000000 0.059856100 0.032066387 0.032311232 0.034083386 0.034044857 0.034097397 0.034749162 0.033512243 0.042633693 0.045036100 0.043687838 0.042838542 0.043143752 0.043594584 0.043680417 0.043665769 0.032496716 0.033843010 0.035801699 0.040547760 
45     0.057072564 0.058575328 0.057978838 0.057052426 0.057148960 0.057753080 0.058649577 0.065032555 0.060455514 0.060395016 0.056656638 0.055072245 0.063511380 0.062828261 0.062253837 0.062508174 0.062563963 0.060391274 0.056713020 0.058737171 0.060463149 0.060609585 0.055982033 0.057973538 0.058320951 0.060311680 0.067212240 0.066814471 0.060490181 0.060356371 0.059856100 0.000000000 0.055785311 0.055896309 0.057714370 0.057147292 0.057174256 0.057948953 0.056977262 0.069594392 0.072051223 0.070382010 0.069818395 0.070001169 0.070519960 0.070603410 0.070554117 0.059116772 0.060743451 0.062919986 0.067818129 
38     0.029736379 0.031356141 0.030799471 0.030237690 0.030234264 0.030869744 0.032066360 0.037772492 0.033019317 0.033259290 0.029446570 0.027655919 0.035936155 0.035381923 0.034783895 0.035090057 0.034964778 0.032757706 0.029358837 0.031296917 0.032756883 0.032897546 0.028190048 0.030455405 0.030594800 0.032844289 0.039202640 0.038937547 0.032969419 0.032987278 0.032066387 0.055785311 0.000000000 0.019102120 0.020835222 0.020513744 0.020518852 0.021402152 0.020179999 0.042301080 0.044677195 0.043274297 0.042488429 0.042612441 0.043107075 0.043207799 0.043149605 0.032015641 0.033169503 0.035301322 0.039723226 
48     0.029665157 0.031341853 0.030826029 0.030190318 0.030209162 0.030825805 0.032050348 0.037693022 0.033018724 0.033152260 0.029593213 0.027572988 0.036062392 0.035358464 0.034783913 0.035079653 0.035047733 0.032989858 0.029373477 0.031346539 0.033158699 0.033316103 0.028586022 0.030636390 0.030730469 0.033063828 0.039499705 0.039057388 0.033375501 0.033214002 0.032311232 0.055896309 0.019102120 0.000000000 0.018032577 0.017741727 0.017748507 0.018638996 0.017441090 0.042229454 0.044645896 0.043256690 0.042537435 0.042659196 0.043100418 0.043201141 0.043146790 0.032031631 0.033225737 0.035311855 0.039976155 
34     0.031136095 0.032929291 0.032381056 0.031715213 0.031739656 0.032372446 0.033642713 0.039483485 0.034880681 0.035077386 0.031189475 0.029363431 0.037903956 0.037191474 0.036714959 0.037163700 0.037062791 0.034834519 0.031261386 0.033255551 0.034964340 0.035120574 0.030349579 0.032368700 0.032428326 0.034663483 0.041272287 0.040889764 0.035035842 0.034982310 0.034083386 0.057714370 0.020835222 0.018032577 0.000000000 0.008413712 0.008610632 0.012660877 0.013295322 0.043935130 0.046357473 0.044933401 0.044180351 0.044349106 0.044819435 0.044920158 0.044870572 0.033779980 0.034996665 0.037148914 0.041465101 
33     0.031033849 0.032845752 0.032216264 0.031582642 0.031608217 0.032241224 0.033517659 0.039315796 0.034749609 0.034931641 0.031045298 0.029226600 0.037712902 0.036974562 0.036497655 0.036953775 0.036881030 0.034661614 0.031073765 0.033070934 0.034858558 0.035022006 0.030283039 0.032332627 0.032372602 0.034596204 0.041167387 0.040786450 0.034963839 0.034877373 0.034044857 0.057147292 0.020513744 0.017741727 0.008413712 0.000000000 0.004257521 0.012272984 0.013030318 0.043982096 0.046398505 0.044965594 0.044176815 0.044375705 0.044885089 0.044988353 0.044938639 0.033686442 0.034906162 0.037128521 0.041379186 
42     0.031041876 0.032856159 0.032231794 0.031591007 0.031616582 0.032249589 0.033529576 0.039330317 0.034760364 0.034942396 0.031020631 0.029209651 0.037782007 0.037048170 0.036573353 0.037029385 0.036954638 0.034746908 0.031171044 0.033167891 0.034916501 0.035079949 0.030334785 0.032385962 0.032423859 0.034646743 0.041236575 0.040854314 0.035016379 0.034929913 0.034097397 0.057174256 0.020518852 0.017748507 0.008610632 0.004257521 0.000000000 0.012347055 0.013083360 0.043929234 0.046344799 0.044915872 0.044127092 0.044324108 0.044834896 0.044935748 0.044927556 0.033708025 0.034916546 0.037138906 0.041367506 
50     0.031671319 0.033475276 0.032837701 0.032130247 0.032153998 0.032786867 0.034081902 0.040057972 0.035371273 0.035625146 0.031777379 0.029885067 0.038358755 0.037700331 0.037139683 0.037635019 0.037594471 0.035324610 0.031798457 0.033793029 0.035618117 0.035786896 0.031024026 0.033031538 0.033114318 0.035293094 0.041937780 0.041541137 0.035685677 0.035628607 0.034749162 0.057948953 0.021402152 0.018638996 0.012660877 0.012272984 0.012347055 0.000000000 0.013891011 0.044558438 0.046993174 0.045599549 0.044831638 0.045033477 0.045489736 0.045591683 0.045541716 0.034366071 0.035694456 0.037917581 0.042045804 
43     0.030609930 0.032425872 0.031823685 0.031165912 0.031189561 0.031822351 0.033248675 0.038875403 0.034228623 0.034467022 0.030654592 0.028677916 0.037291445 0.036500307 0.036043120 0.036512046 0.036443533 0.034161934 0.030714619 0.032663170 0.034329085 0.034579473 0.029740783 0.031801603 0.031887221 0.034013598 0.040767051 0.040336594 0.034504314 0.034396675 0.033512243 0.056977262 0.020179999 0.017441090 0.013295322 0.013030318 0.013083360 0.013891011 0.000000000 0.043460567 0.045895656 0.044474583 0.043685185 0.043922339 0.044395257 0.044495980 0.044485809 0.033139935 0.034317487 0.036528922 0.040957267 
35     0.039747480 0.041229032 0.041035010 0.039679815 0.039729078 0.040386650 0.041994418 0.047416596 0.042893426 0.043331928 0.039610408 0.037533387 0.046524424 0.046125370 0.045513671 0.045328160 0.045676876 0.043238447 0.039794393 0.041786369 0.043423543 0.043559252 0.038643271 0.040567969 0.040916892 0.043253377 0.049835633 0.049376056 0.043314294 0.043314073 0.042633693 0.069594392 0.042301080 0.042229454 0.043935130 0.043982096 0.043929234 0.044558438 0.043460567 0.000000000 0.012056217 0.015167212 0.015057235 0.015064423 0.015371444 0.015439138 0.015236320 0.032429064 0.039004369 0.041069363 0.050066910 
41     0.042153988 0.043659897 0.043449655 0.042144325 0.042155566 0.042818354 0.044448940 0.049974623 0.045386728 0.045773606 0.042070690 0.040005157 0.048824549 0.048443853 0.047839047 0.047767830 0.048042043 0.045603694 0.042151053 0.044143029 0.045775943 0.045906355 0.041024872 0.042969974 0.043309890 0.045641998 0.052203762 0.051739735 0.045707197 0.045676435 0.045036100 0.072051223 0.044677195 0.044645896 0.046357473 0.046398505 0.046344799 0.046993174 0.045895656 0.012056217 0.000000000 0.017329533 0.017214718 0.016533055 0.017245607 0.017596115 0.017061820 0.034659212 0.041356857 0.043411716 0.052420422 
40     0.040720773 0.042291177 0.042052120 0.040744985 0.040767430 0.041450394 0.042982032 0.048726408 0.044047784 0.044466002 0.040743683 0.038679609 0.047455804 0.046941021 0.046356413 0.046303181 0.046641257 0.044234495 0.040706160 0.042688027 0.044414757 0.044491771 0.039608327 0.041518092 0.041875849 0.044285346 0.050821850 0.050346725 0.044384756 0.044378858 0.043687838 0.070382010 0.043274297 0.043256690 0.044933401 0.044965594 0.044915872 0.045599549 0.044474583 0.015167212 0.017329533 0.000000000 0.006509894 0.015277691 0.015598823 0.015520866 0.015557959 0.033304873 0.040225228 0.042272048 0.051035107 
36     0.039901616 0.041474177 0.041235731 0.039928800 0.039949670 0.040631117 0.042189523 0.047893748 0.043221821 0.043639152 0.039938334 0.037871369 0.046612509 0.046097749 0.045513119 0.045434219 0.045807106 0.043389794 0.039857431 0.041828443 0.043589048 0.043647268 0.038752577 0.040646774 0.041004438 0.043440330 0.049957252 0.049516440 0.043514680 0.043508782 0.042838542 0.069818395 0.042488429 0.042537435 0.044180351 0.044176815 0.044127092 0.044831638 0.043685185 0.015057235 0.017214718 0.006509894 0.000000000 0.015097175 0.015417316 0.015325386 0.015167513 0.032526985 0.039465893 0.041512185 0.050247392 
49     0.040160723 0.041618139 0.041412546 0.040164167 0.040174605 0.040870096 0.042431445 0.047888633 0.043394110 0.043794234 0.040047289 0.037913433 0.046912892 0.046546799 0.045909136 0.045929717 0.046107634 0.043749827 0.040249440 0.042241415 0.043848342 0.043992409 0.039094303 0.041049355 0.041330881 0.043741633 0.050250172 0.049785604 0.043867167 0.043824863 0.043143752 0.070001169 0.042612441 0.042659196 0.044349106 0.044375705 0.044324108 0.045033477 0.043922339 0.015064423 0.016533055 0.015277691 0.015097175 0.000000000 0.013362670 0.013722820 0.013334517 0.032802957 0.039680045 0.041746941 0.050441401 
44     0.040806388 0.042293642 0.042091207 0.040824017 0.040842653 0.041535541 0.043088354 0.048581450 0.044152734 0.044440214 0.040694533 0.038570628 0.047410467 0.047020151 0.046408407 0.046407189 0.046660693 0.044236066 0.040743251 0.042727970 0.044306637 0.044412523 0.039552764 0.041425082 0.041835850 0.044139641 0.050697867 0.050228849 0.044253128 0.044162460 0.043594584 0.070519960 0.043107075 0.043100418 0.044819435 0.044885089 0.044834896 0.045489736 0.044395257 0.015371444 0.017245607 0.015598823 0.015417316 0.013362670 0.000000000 0.005975417 0.006327599 0.033311302 0.040080088 0.042125214 0.050929691 
37     0.040887663 0.042383161 0.042186900 0.040904348 0.040915777 0.041608867 0.043161681 0.048639898 0.044225658 0.044526545 0.040763841 0.038635738 0.047511389 0.047126270 0.046514554 0.046464899 0.046740445 0.044303701 0.040821499 0.042806159 0.044393398 0.044499284 0.039638892 0.041524549 0.041915713 0.044239107 0.050804851 0.050335833 0.044358558 0.044290250 0.043680417 0.070603410 0.043207799 0.043201141 0.044920158 0.044988353 0.044935748 0.045591683 0.044495980 0.015439138 0.017596115 0.015520866 0.015325386 0.013722820 0.005975417 0.000000000 0.006822949 0.033393189 0.040171985 0.042217236 0.051013639 
32     0.040853383 0.042336928 0.042159970 0.040865163 0.040884612 0.041570597 0.043131561 0.048600401 0.044222278 0.044489762 0.040733783 0.038609878 0.047497608 0.047112488 0.046500773 0.046460048 0.046726664 0.044294778 0.040809875 0.042794535 0.044376153 0.044482039 0.039634985 0.041507303 0.041898468 0.044221862 0.050780088 0.050311069 0.044343911 0.044275602 0.043665769 0.070554117 0.043149605 0.043146790 0.044870572 0.044938639 0.044927556 0.045541716 0.044485809 0.015236320 0.017061820 0.015557959 0.015167513 0.013334517 0.006327599 0.006822949 0.000000000 0.033327451 0.040080402 0.042143918 0.050983224 
47     0.029551575 0.031101114 0.030791376 0.029671969 0.029709876 0.030333887 0.031834376 0.037594481 0.033128949 0.033243169 0.029479534 0.027381922 0.036392299 0.035873280 0.035269711 0.035455021 0.035535629 0.033191713 0.029743384 0.031559588 0.033265746 0.033405369 0.028401112 0.030406432 0.030608384 0.033275434 0.039655617 0.039177693 0.033155975 0.033068499 0.032496716 0.059116772 0.032015641 0.032031631 0.033779980 0.033686442 0.033708025 0.034366071 0.033139935 0.032429064 0.034659212 0.033304873 0.032526985 0.032802957 0.033311302 0.033393189 0.033327451 0.000000000 0.029151620 0.031299590 0.039487445 
39     0.030988089 0.032566870 0.032266272 0.031162164 0.031195861 0.031799924 0.033382981 0.039109624 0.034571773 0.034695723 0.030903111 0.028864420 0.037607922 0.037000783 0.036425586 0.036553312 0.036681293 0.034365027 0.031069228 0.032795272 0.034294704 0.034375843 0.029703517 0.031924650 0.031923713 0.034653796 0.041081623 0.040626763 0.034478773 0.034473699 0.033843010 0.060743451 0.033169503 0.033225737 0.034996665 0.034906162 0.034916546 0.035694456 0.034317487 0.039004369 0.041356857 0.040225228 0.039465893 0.039680045 0.040080088 0.040171985 0.040080402 0.029151620 0.000000000 0.013691158 0.041214010 
46     0.032962433 0.034572747 0.034247532 0.033140801 0.033173499 0.033759684 0.035277649 0.041019941 0.036404346 0.036506655 0.032897768 0.030902684 0.039615170 0.039026837 0.038455990 0.038585592 0.038744929 0.036343594 0.033048994 0.034783809 0.036282638 0.036368737 0.031801696 0.033995253 0.034004338 0.036648987 0.042933997 0.042465237 0.036441126 0.036436897 0.035801699 0.062919986 0.035301322 0.035311855 0.037148914 0.037128521 0.037138906 0.037917581 0.036528922 0.041069363 0.043411716 0.042272048 0.041512185 0.041746941 0.042125214 0.042217236 0.042143918 0.031299590 0.013691158 0.000000000 0.043158611 
0     0.037745155 0.039334507 0.038820606 0.037611529 0.037731935 0.038429813 0.039882794 0.045450598 0.040732643 0.040645180 0.037380961 0.035400384 0.044350921 0.043635741 0.043229792 0.043080261 0.043260262 0.041489076 0.037825097 0.039702713 0.041536243 0.041748892 0.036753659 0.039040812 0.039072383 0.041499940 0.047898793 0.047539804 0.041594853 0.041539548 0.040547760 0.067818129 0.039723226 0.039976155 0.041465101 0.041379186 0.041367506 0.042045804 0.040957267 0.050066910 0.052420422 0.051035107 0.050247392 0.050441401 0.050929691 0.051013639 0.050983224 0.039487445 0.041214010 0.043158611 0.000000000 
