51
26     0.000000000 0.000000020 0.000004830 0.000004900 0.000004610 0.000005560 0.000005200 0.000004610 0.000003940 0.000005020 0.000004480 0.000003850 0.000003270 0.000004770 0.000004080 0.000011550 0.000006710 0.000018700 0.000010910 0.000010390 0.000010570 0.000003800 0.000003830 0.000003970 0.000004080 0.000003650 0.000004600 0.000006950 0.000007240 0.000007020 0.000011170 0.000004210 0.000003550 0.000004930 0.000004570 0.000004150 0.000002470 0.000003300 0.000005280 0.000003750 0.000003610 0.000004270 0.000002380 0.000003600 0.000002960 0.000003660 0.000003100 0.000004110 0.000005370 0.000005450 0.000004760 
45     0.000000020 0.000000000 0.000004760 0.000004830 0.000004540 0.000005490 0.000005130 0.000004540 0.000003870 0.000004950 0.000004410 0.000003780 0.000003200 0.000004700 0.000004010 0.000011480 0.000006640 0.000018630 0.000010840 0.000010320 0.000010500 0.000003730 0.000003760 0.000003900 0.000004010 0.000003580 0.000004530 0.000006880 0.000007170 0.000006950 0.000011100 0.000004140 0.000002810 0.000004860 0.000004500 0.000003890 0.000001730 0.000003230 0.000005210 0.000003680 0.000003540 0.000004200 0.000002310 0.000003530 0.000002890 0.000003590 0.000003030 0.000004040 0.000005300 0.000005380 0.000004690 
34     0.000004830 0.000004760 0.000000000 0.000000010 0.000001520 0.000002470 0.000002210 0.000003840 0.000003170 0.000003770 0.000005930 0.000003080 0.000003760 0.000005260 0.000004570 0.000013000 0.000008160 0.000019400 0.000012360 0.000011840 0.000012020 0.000003030 0.000003060 0.000003200 0.000005530 0.000006820 0.000006050 0.000008400 0.000008690 0.000008470 0.000012620 0.000005660 0.000005660 0.000006380 0.000006020 0.000005600 0.000005620 0.000005050 0.000007030 0.000005500 0.000005360 0.000006020 0.000005550 0.000006770 0.000006130 0.000006830 0.000006270 0.000004360 0.000007120 0.000007200 0.000006210 
25     0.000004900 0.000004830 0.000000010 0.000000000 0.000001590 0.000002540 0.000002280 0.000003910 0.000003240 0.000003840 0.000006000 0.000003150 0.000003830 0.000005330 0.000004640 0.000013070 0.000008230 0.000020220 0.000012430 0.000011910 0.000012090 0.000003100 0.000003130 0.000003270 0.000005600 0.000006890 0.000006120 0.000008470 0.000008760 0.000008540 0.000012690 0.000005730 0.000005730 0.000006450 0.000006090 0.000005670 0.000005690 0.000005120 0.000007100 0.000005570 0.000005430 0.000006090 0.000005620 0.000006840 0.000006200 0.000006900 0.000006340 0.000004530 0.000007190 0.000006410 0.000006280 
44     0.000004610 0.000004540 0.000001520 0.000001590 0.000000000 0.000001970 0.000001990 0.000003620 0.000002950 0.000003550 0.000005710 0.000002860 0.000003540 0.000005040 0.000004350 0.000012780 0.000000900 0.000019930 0.000012140 0.000011620 0.000011800 0.000002810 0.000002840 0.000002980 0.000005310 0.000006600 0.000005830 0.000008180 0.000008470 0.000008250 0.000012400 0.000005440 0.000005440 0.000006160 0.000005800 0.000005380 0.000005400 0.000004830 0.000006810 0.000005280 0.000005140 0.000005800 0.000005330 0.000006550 0.000005910 0.000006610 0.000006050 0.000005640 0.000006900 0.000006980 0.000005990 
43     0.000005560 0.000005490 0.000002470 0.000002540 0.000001970 0.000000000 0.000002940 0.000004570 0.000003900 0.000004500 0.000005070 0.000003810 0.000004490 0.000005990 0.000005300 0.000013730 0.000008890 0.000019730 0.000013090 0.000012570 0.000012750 0.000003760 0.000003790 0.000003930 0.000006260 0.000007550 0.000006780 0.000009130 0.000009420 0.000009200 0.000013350 0.000006390 0.000006390 0.000007110 0.000006750 0.000006330 0.000006350 0.000005780 0.000007760 0.000006230 0.000006090 0.000006750 0.000006280 0.000007500 0.000006860 0.000002670 0.000006690 0.000006590 0.000007850 0.000007930 0.000006940 
11     0.000005200 0.000005130 0.000002210 0.000002280 0.000001990 0.000002940 0.000000000 0.000004210 0.000003540 0.000003800 0.000006300 0.000003450 0.000004130 0.000005630 0.000004940 0.000013370 0.000008530 0.000019560 0.000012730 0.000012210 0.000012390 0.000003400 0.000003430 0.000003570 0.000005900 0.000007190 0.000006420 0.000004690 0.000003240 0.000003690 0.000012990 0.000006030 0.000006030 0.000006750 0.000006390 0.000005970 0.000005990 0.000005420 0.000007400 0.000005870 0.000005730 0.000006390 0.000002430 0.000007140 0.000006500 0.000007200 0.000006640 0.000006230 0.000007490 0.000007570 0.000006580 
21     0.000004610 0.000004540 0.000003840 0.000003910 0.000003620 0.000004570 0.000004210 0.000000000 0.000000600 0.000004030 0.000005710 0.000002120 0.000000600 0.000005040 0.000004350 0.000012780 0.000007940 0.000005460 0.000012140 0.000011620 0.000001690 0.000002070 0.000002100 0.000002240 0.000005310 0.000002890 0.000001160 0.000008180 0.000008470 0.000008250 0.000012400 0.000005290 0.000005440 0.000006160 0.000005800 0.000005380 0.000005400 0.000004830 0.000003220 0.000005280 0.000005140 0.000005800 0.000005330 0.000003540 0.000005910 0.000006610 0.000006050 0.000005640 0.000006900 0.000006980 0.000005990 
6     0.000003940 0.000003870 0.000003170 0.000003240 0.000002950 0.000003900 0.000003540 0.000000600 0.000000000 0.000003360 0.000005040 0.000001450 0.000000020 0.000004370 0.000003680 0.000012110 0.000007270 0.000013080 0.000011470 0.000010950 0.000011130 0.000001400 0.000001430 0.000001570 0.000004640 0.000003940 0.000002210 0.000007510 0.000007800 0.000007580 0.000011730 0.000004770 0.000004770 0.000005490 0.000005130 0.000004710 0.000004730 0.000004160 0.000002980 0.000004610 0.000004470 0.000005130 0.000004660 0.000005880 0.000005240 0.000005940 0.000005380 0.000004970 0.000006230 0.000006310 0.000005320 
5     0.000005020 0.000004950 0.000003770 0.000003840 0.000003550 0.000004500 0.000003800 0.000004030 0.000003360 0.000000000 0.000006120 0.000003270 0.000003950 0.000005450 0.000004760 0.000006520 0.000008350 0.000020340 0.000012550 0.000012030 0.000012210 0.000003220 0.000003250 0.000003390 0.000005720 0.000007010 0.000006240 0.000008590 0.000008880 0.000008660 0.000012810 0.000005850 0.000005850 0.000006570 0.000006210 0.000005790 0.000005810 0.000005240 0.000007220 0.000005690 0.000005550 0.000006210 0.000001370 0.000006960 0.000006320 0.000007020 0.000006460 0.000006050 0.000007310 0.000007390 0.000006400 
24     0.000004480 0.000004410 0.000005930 0.000006000 0.000005710 0.000005070 0.000006300 0.000005710 0.000005040 0.000006120 0.000000000 0.000000930 0.000004370 0.000005870 0.000005180 0.000011610 0.000006770 0.000016390 0.000010970 0.000010450 0.000010630 0.000004900 0.000004930 0.000005070 0.000004140 0.000006470 0.000004660 0.000005570 0.000007300 0.000002750 0.000011230 0.000000570 0.000000570 0.000001490 0.000000370 0.000004210 0.000005270 0.000004700 0.000006680 0.000005150 0.000005010 0.000005670 0.000005200 0.000006420 0.000005780 0.000006480 0.000005920 0.000005510 0.000006770 0.000006850 0.000002650 
14     0.000003850 0.000003780 0.000003080 0.000003150 0.000002860 0.000003810 0.000003450 0.000002120 0.000001450 0.000003270 0.000000930 0.000000000 0.000002780 0.000004280 0.000003590 0.000010200 0.000007180 0.000011580 0.000011380 0.000010860 0.000011040 0.000000170 0.000000200 0.000000340 0.000004550 0.000005840 0.000005070 0.000007420 0.000007710 0.000007490 0.000011640 0.000004480 0.000004030 0.000004410 0.000005040 0.000004620 0.000004640 0.000004070 0.000006050 0.000001460 0.000001450 0.000005040 0.000003860 0.000005790 0.000005150 0.000005850 0.000005290 0.000004880 0.000006140 0.000006220 0.000005230 
42     0.000003270 0.000003200 0.000003760 0.000003830 0.000003540 0.000004490 0.000004130 0.000000600 0.000000020 0.000003950 0.000004370 0.000002780 0.000000000 0.000003340 0.000002650 0.000011440 0.000006600 0.000018590 0.000010800 0.000010280 0.000010460 0.000002730 0.000002760 0.000002900 0.000003970 0.000005260 0.000004490 0.000006840 0.000007130 0.000000660 0.000011060 0.000004100 0.000004100 0.000004820 0.000004460 0.000004040 0.000004060 0.000003490 0.000005470 0.000003940 0.000003800 0.000004460 0.000003990 0.000005210 0.000004570 0.000005270 0.000004710 0.000004300 0.000005560 0.000005640 0.000004650 
19     0.000004770 0.000004700 0.000005260 0.000005330 0.000005040 0.000005990 0.000005630 0.000005040 0.000004370 0.000005450 0.000005870 0.000004280 0.000003340 0.000000000 0.000000000 0.000012940 0.000008100 0.000010790 0.000012300 0.000011780 0.000011960 0.000004230 0.000004260 0.000004400 0.000002970 0.000006760 0.000005990 0.000008340 0.000008630 0.000008410 0.000010230 0.000005600 0.000005600 0.000006320 0.000005960 0.000005540 0.000005560 0.000004990 0.000006970 0.000005440 0.000005300 0.000005960 0.000005490 0.000006710 0.000006070 0.000006770 0.000006210 0.000005800 0.000007060 0.000007140 0.000006150 
23     0.000004080 0.000004010 0.000004570 0.000004640 0.000004350 0.000005300 0.000004940 0.000004350 0.000003680 0.000004760 0.000005180 0.000003590 0.000002650 0.000000000 0.000000000 0.000012250 0.000007410 0.000006920 0.000011610 0.000011090 0.000011270 0.000003540 0.000003570 0.000003710 0.000004780 0.000006070 0.000005300 0.000007650 0.000007940 0.000007720 0.000011870 0.000004910 0.000004910 0.000005630 0.000005270 0.000004850 0.000004870 0.000004300 0.000006280 0.000004750 0.000004610 0.000005270 0.000004800 0.000006020 0.000005380 0.000006080 0.000005520 0.000004190 0.000006370 0.000006450 0.000005460 
28     0.000011550 0.000011480 0.000013000 0.000013070 0.000012780 0.000013730 0.000013370 0.000012780 0.000012110 0.000006520 0.000011610 0.000010200 0.000011440 0.000012940 0.000012250 0.000000000 0.000004510 0.000011090 0.000015540 0.000015020 0.000015200 0.000011220 0.000011650 0.000011480 0.000009450 0.000010170 0.000009230 0.000008460 0.000008750 0.000008530 0.000012680 0.000001420 0.000007570 0.000007950 0.000010180 0.000009520 0.000008360 0.000011770 0.000013750 0.000012220 0.000012080 0.000012740 0.000012270 0.000013490 0.000010940 0.000013550 0.000012990 0.000012580 0.000013840 0.000013920 0.000010870 
7     0.000006710 0.000006640 0.000008160 0.000008230 0.000000900 0.000008890 0.000008530 0.000007940 0.000007270 0.000008350 0.000006770 0.000007180 0.000006600 0.000008100 0.000007410 0.000004510 0.000000000 0.000007010 0.000010700 0.000010180 0.000010360 0.000007130 0.000007160 0.000007300 0.000004610 0.000008700 0.000004390 0.000003680 0.000003970 0.000003750 0.000007900 0.000005310 0.000004860 0.000005240 0.000006860 0.000004680 0.000007500 0.000006930 0.000008910 0.000007380 0.000007240 0.000007900 0.000007430 0.000008650 0.000008010 0.000008710 0.000008150 0.000007740 0.000009000 0.000009080 0.000007050 
3     0.000018700 0.000018630 0.000019400 0.000020220 0.000019930 0.000019730 0.000019560 0.000005460 0.000013080 0.000020340 0.000016390 0.000011580 0.000018590 0.000010790 0.000006920 0.000011090 0.000007010 0.000000000 0.000023280 0.000023150 0.000021480 0.000019120 0.000019150 0.000019290 0.000016840 0.000020220 0.000015010 0.000010860 0.000009500 0.000012170 0.000012150 0.000015810 0.000013130 0.000015250 0.000016390 0.000000350 0.000012010 0.000007510 0.000020370 0.000000950 0.000002070 0.000002870 0.000015950 0.000016990 0.000011390 0.000008920 0.000017510 0.000019730 0.000016770 0.000015840 0.000019040 
20     0.000010910 0.000010840 0.000012360 0.000012430 0.000012140 0.000013090 0.000012730 0.000012140 0.000011470 0.000012550 0.000010970 0.000011380 0.000010800 0.000012300 0.000011610 0.000015540 0.000010700 0.000023280 0.000000000 0.000000510 0.000000500 0.000011330 0.000011360 0.000011500 0.000008810 0.000012900 0.000005800 0.000010940 0.000011230 0.000002610 0.000015160 0.000002560 0.000010700 0.000011420 0.000011060 0.000008880 0.000011700 0.000011130 0.000013110 0.000006930 0.000006830 0.000011390 0.000011630 0.000007790 0.000012210 0.000012390 0.000012350 0.000011940 0.000013200 0.000013280 0.000011250 
39     0.000010390 0.000010320 0.000011840 0.000011910 0.000011620 0.000012570 0.000012210 0.000011620 0.000010950 0.000012030 0.000010450 0.000010860 0.000010280 0.000011780 0.000011090 0.000015020 0.000010180 0.000023150 0.000000510 0.000000000 0.000000680 0.000010810 0.000010840 0.000010980 0.000008290 0.000012380 0.000008010 0.000010420 0.000010710 0.000010490 0.000014640 0.000002310 0.000010180 0.000010900 0.000010540 0.000008360 0.000011180 0.000010610 0.000012590 0.000007130 0.000007030 0.000011580 0.000011110 0.000007990 0.000011690 0.000002350 0.000011830 0.000011420 0.000012680 0.000012760 0.000009360 
29     0.000010570 0.000010500 0.000012020 0.000012090 0.000011800 0.000012750 0.000012390 0.000001690 0.000011130 0.000012210 0.000010630 0.000011040 0.000010460 0.000011960 0.000011270 0.000015200 0.000010360 0.000021480 0.000000500 0.000000680 0.000000000 0.000010990 0.000011020 0.000011160 0.000008470 0.000012560 0.000008190 0.000010600 0.000009580 0.000010670 0.000014820 0.000003680 0.000010360 0.000000750 0.000010720 0.000008540 0.000011360 0.000010790 0.000012770 0.000011240 0.000011100 0.000011760 0.000011290 0.000012510 0.000011870 0.000012570 0.000012010 0.000011600 0.000012860 0.000012940 0.000010910 
17     0.000003800 0.000003730 0.000003030 0.000003100 0.000002810 0.000003760 0.000003400 0.000002070 0.000001400 0.000003220 0.000004900 0.000000170 0.000002730 0.000004230 0.000003540 0.000011220 0.000007130 0.000019120 0.000011330 0.000010810 0.000010990 0.000000000 0.000000130 0.000000230 0.000000290 0.000001940 0.000005020 0.000003750 0.000007660 0.000002480 0.000011590 0.000004630 0.000004630 0.000005350 0.000004990 0.000004570 0.000004590 0.000004020 0.000006000 0.000004470 0.000004330 0.000004990 0.000002470 0.000005740 0.000005100 0.000005800 0.000005240 0.000004830 0.000006090 0.000006170 0.000005180 
22     0.000003830 0.000003760 0.000003060 0.000003130 0.000002840 0.000003790 0.000003430 0.000002100 0.000001430 0.000003250 0.000004930 0.000000200 0.000002760 0.000004260 0.000003570 0.000011650 0.000007160 0.000019150 0.000011360 0.000010840 0.000011020 0.000000130 0.000000000 0.000000320 0.000000590 0.000002360 0.000005050 0.000003780 0.000007690 0.000007160 0.000011620 0.000004660 0.000002340 0.000005380 0.000005020 0.000004600 0.000004620 0.000004050 0.000006030 0.000004500 0.000004360 0.000005020 0.000003920 0.000005770 0.000005130 0.000005830 0.000005270 0.000004860 0.000006120 0.000006200 0.000005210 
4     0.000003970 0.000003900 0.000003200 0.000003270 0.000002980 0.000003930 0.000003570 0.000002240 0.000001570 0.000003390 0.000005070 0.000000340 0.000002900 0.000004400 0.000003710 0.000011480 0.000007300 0.000019290 0.000011500 0.000010980 0.000011160 0.000000230 0.000000320 0.000000000 0.000000650 0.000002190 0.000005190 0.000003730 0.000007830 0.000007110 0.000011760 0.000004800 0.000004800 0.000005520 0.000005160 0.000004740 0.000004760 0.000004190 0.000006170 0.000004640 0.000004500 0.000005160 0.000003170 0.000005910 0.000005270 0.000005970 0.000005410 0.000005000 0.000006260 0.000006340 0.000005350 
1     0.000004080 0.000004010 0.000005530 0.000005600 0.000005310 0.000006260 0.000005900 0.000005310 0.000004640 0.000005720 0.000004140 0.000004550 0.000003970 0.000002970 0.000004780 0.000009450 0.000004610 0.000016840 0.000008810 0.000008290 0.000008470 0.000000290 0.000000590 0.000000650 0.000000000 0.000001540 0.000002500 0.000003720 0.000005140 0.000004920 0.000009070 0.000003870 0.000003870 0.000004590 0.000004230 0.000000630 0.000004870 0.000004300 0.000006280 0.000004750 0.000004610 0.000005270 0.000003280 0.000006020 0.000005380 0.000006080 0.000005520 0.000005110 0.000006370 0.000006450 0.000004420 
10     0.000003650 0.000003580 0.000006820 0.000006890 0.000006600 0.000007550 0.000007190 0.000002890 0.000003940 0.000007010 0.000006470 0.000005840 0.000005260 0.000006760 0.000006070 0.000010170 0.000008700 0.000020220 0.000012900 0.000012380 0.000012560 0.000001940 0.000002360 0.000002190 0.000001540 0.000000000 0.000003590 0.000004660 0.000009230 0.000008040 0.000013160 0.000006200 0.000006200 0.000006920 0.000006560 0.000006140 0.000005860 0.000005290 0.000007270 0.000005740 0.000005600 0.000006260 0.000003110 0.000000110 0.000004590 0.000005290 0.000004730 0.000006100 0.000007360 0.000007440 0.000006750 
12     0.000004600 0.000004530 0.000006050 0.000006120 0.000005830 0.000006780 0.000006420 0.000001160 0.000002210 0.000006240 0.000004660 0.000005070 0.000004490 0.000005990 0.000005300 0.000009230 0.000004390 0.000015010 0.000005800 0.000008010 0.000008190 0.000005020 0.000005050 0.000005190 0.000002500 0.000003590 0.000000000 0.000004630 0.000004920 0.000004700 0.000008850 0.000004390 0.000004390 0.000005110 0.000004750 0.000002570 0.000005390 0.000004820 0.000006800 0.000005270 0.000005130 0.000005790 0.000005320 0.000006540 0.000005900 0.000006600 0.000006040 0.000005630 0.000006890 0.000006970 0.000004940 
18     0.000006950 0.000006880 0.000008400 0.000008470 0.000008180 0.000009130 0.000004690 0.000008180 0.000007510 0.000008590 0.000005570 0.000007420 0.000006840 0.000008340 0.000007650 0.000008460 0.000003680 0.000010860 0.000010940 0.000010420 0.000010600 0.000003750 0.000003780 0.000003730 0.000003720 0.000004660 0.000004630 0.000000000 0.000003790 0.000003570 0.000007720 0.000006740 0.000006740 0.000007460 0.000007100 0.000004920 0.000007740 0.000007170 0.000009150 0.000007620 0.000007480 0.000008140 0.000007670 0.000008890 0.000003530 0.000006240 0.000008390 0.000007980 0.000009240 0.000009320 0.000007290 
33     0.000007240 0.000007170 0.000008690 0.000008760 0.000008470 0.000009420 0.000003240 0.000008470 0.000007800 0.000008880 0.000007300 0.000007710 0.000007130 0.000008630 0.000007940 0.000008750 0.000003970 0.000009500 0.000011230 0.000010710 0.000009580 0.000007660 0.000007690 0.000007830 0.000005140 0.000009230 0.000004920 0.000003790 0.000000000 0.000001250 0.000007590 0.000006530 0.000007030 0.000007750 0.000007390 0.000003580 0.000005210 0.000007460 0.000001060 0.000007210 0.000007770 0.000008430 0.000007960 0.000009180 0.000008540 0.000009240 0.000008680 0.000008270 0.000009530 0.000009610 0.000007580 
40     0.000007020 0.000006950 0.000008470 0.000008540 0.000008250 0.000009200 0.000003690 0.000008250 0.000007580 0.000008660 0.000002750 0.000007490 0.000000660 0.000008410 0.000007720 0.000008530 0.000003750 0.000012170 0.000002610 0.000010490 0.000010670 0.000002480 0.000007160 0.000007110 0.000004920 0.000008040 0.000004700 0.000003570 0.000001250 0.000000000 0.000007370 0.000006810 0.000006810 0.000007530 0.000007170 0.000004990 0.000007810 0.000007240 0.000009220 0.000002310 0.000003980 0.000008210 0.000007740 0.000008960 0.000008320 0.000009020 0.000008460 0.000008050 0.000009310 0.000009360 0.000007360 
36     0.000011170 0.000011100 0.000012620 0.000012690 0.000012400 0.000013350 0.000012990 0.000012400 0.000011730 0.000012810 0.000011230 0.000011640 0.000011060 0.000010230 0.000011870 0.000012680 0.000007900 0.000012150 0.000015160 0.000014640 0.000014820 0.000011590 0.000011620 0.000011760 0.000009070 0.000013160 0.000008850 0.000007720 0.000007590 0.000007370 0.000000000 0.000010960 0.000010960 0.000011680 0.000011320 0.000009140 0.000011960 0.000011390 0.000013370 0.000011840 0.000011700 0.000012360 0.000011890 0.000013110 0.000012470 0.000013170 0.000012610 0.000012200 0.000013460 0.000013540 0.000011510 
9     0.000004210 0.000004140 0.000005660 0.000005730 0.000005440 0.000006390 0.000006030 0.000005290 0.000004770 0.000005850 0.000000570 0.000004480 0.000004100 0.000005600 0.000004910 0.000001420 0.000005310 0.000015810 0.000002560 0.000002310 0.000003680 0.000004630 0.000004660 0.000004800 0.000003870 0.000006200 0.000004390 0.000006740 0.000006530 0.000006810 0.000010960 0.000000000 0.000000300 0.000000850 0.000000660 0.000003940 0.000005000 0.000004430 0.000006410 0.000004880 0.000004740 0.000005400 0.000004930 0.000006150 0.000005510 0.000006210 0.000005650 0.000005240 0.000006500 0.000004540 0.000002930 
15     0.000003550 0.000002810 0.000005660 0.000005730 0.000005440 0.000006390 0.000006030 0.000005440 0.000004770 0.000005850 0.000000570 0.000004030 0.000004100 0.000005600 0.000004910 0.000007570 0.000004860 0.000013130 0.000010700 0.000010180 0.000010360 0.000004630 0.000002340 0.000004800 0.000003870 0.000006200 0.000004390 0.000006740 0.000007030 0.000006810 0.000010960 0.000000300 0.000000000 0.000000380 0.000000660 0.000003940 0.000003380 0.000004430 0.000006410 0.000004880 0.000004740 0.000005400 0.000004930 0.000006150 0.000005510 0.000006210 0.000005650 0.000000780 0.000006500 0.000006580 0.000002930 
8     0.000004930 0.000004860 0.000006380 0.000006450 0.000006160 0.000007110 0.000006750 0.000006160 0.000005490 0.000006570 0.000001490 0.000004410 0.000004820 0.000006320 0.000005630 0.000007950 0.000005240 0.000015250 0.000011420 0.000010900 0.000000750 0.000005350 0.000005380 0.000005520 0.000004590 0.000006920 0.000005110 0.000007460 0.000007750 0.000007530 0.000011680 0.000000850 0.000000380 0.000000000 0.000000850 0.000004660 0.000005720 0.000005150 0.000007130 0.000005600 0.000005460 0.000006120 0.000005650 0.000006870 0.000004550 0.000006930 0.000004400 0.000005960 0.000007220 0.000006430 0.000003650 
27     0.000004570 0.000004500 0.000006020 0.000006090 0.000005800 0.000006750 0.000006390 0.000005800 0.000005130 0.000006210 0.000000370 0.000005040 0.000004460 0.000005960 0.000005270 0.000010180 0.000006860 0.000016390 0.000011060 0.000010540 0.000010720 0.000004990 0.000005020 0.000005160 0.000004230 0.000006560 0.000004750 0.000007100 0.000007390 0.000007170 0.000011320 0.000000660 0.000000660 0.000000850 0.000000000 0.000004300 0.000005360 0.000004790 0.000006000 0.000005240 0.000005100 0.000005760 0.000003020 0.000006510 0.000005870 0.000006570 0.000006010 0.000005600 0.000006860 0.000006940 0.000003290 
38     0.000004150 0.000003890 0.000005600 0.000005670 0.000005380 0.000006330 0.000005970 0.000005380 0.000004710 0.000005790 0.000004210 0.000004620 0.000004040 0.000005540 0.000004850 0.000009520 0.000004680 0.000000350 0.000008880 0.000008360 0.000008540 0.000004570 0.000004600 0.000004740 0.000000630 0.000006140 0.000002570 0.000004920 0.000003580 0.000004990 0.000009140 0.000003940 0.000003940 0.000004660 0.000004300 0.000000000 0.000004940 0.000004370 0.000006350 0.000004820 0.000004680 0.000005340 0.000004870 0.000005900 0.000005450 0.000006150 0.000005590 0.000005180 0.000006440 0.000006520 0.000004490 
37     0.000002470 0.000001730 0.000005620 0.000005690 0.000005400 0.000006350 0.000005990 0.000005400 0.000004730 0.000005810 0.000005270 0.000004640 0.000004060 0.000005560 0.000004870 0.000008360 0.000007500 0.000012010 0.000011700 0.000011180 0.000011360 0.000004590 0.000004620 0.000004760 0.000004870 0.000005860 0.000005390 0.000007740 0.000005210 0.000007810 0.000011960 0.000005000 0.000003380 0.000005720 0.000005360 0.000004940 0.000000000 0.000002770 0.000004750 0.000003220 0.000003080 0.000003740 0.000004590 0.000005810 0.000005170 0.000005870 0.000005310 0.000004900 0.000006160 0.000006240 0.000005550 
31     0.000003300 0.000003230 0.000005050 0.000005120 0.000004830 0.000005780 0.000005420 0.000004830 0.000004160 0.000005240 0.000004700 0.000004070 0.000003490 0.000004990 0.000004300 0.000011770 0.000006930 0.000007510 0.000011130 0.000010610 0.000010790 0.000004020 0.000004050 0.000004190 0.000004300 0.000005290 0.000004820 0.000007170 0.000007460 0.000007240 0.000011390 0.000004430 0.000004430 0.000005150 0.000004790 0.000004370 0.000002770 0.000000000 0.000000710 0.000002650 0.000002510 0.000003170 0.000004020 0.000005240 0.000004600 0.000005300 0.000004740 0.000004330 0.000005590 0.000005670 0.000004980 
41     0.000005280 0.000005210 0.000007030 0.000007100 0.000006810 0.000007760 0.000007400 0.000003220 0.000002980 0.000007220 0.000006680 0.000006050 0.000005470 0.000006970 0.000006280 0.000013750 0.000008910 0.000020370 0.000013110 0.000012590 0.000012770 0.000006000 0.000006030 0.000006170 0.000006280 0.000007270 0.000006800 0.000009150 0.000001060 0.000009220 0.000013370 0.000006410 0.000006410 0.000007130 0.000006000 0.000006350 0.000004750 0.000000710 0.000000000 0.000004630 0.000004490 0.000005150 0.000006000 0.000007220 0.000004850 0.000007280 0.000006720 0.000003940 0.000007570 0.000007650 0.000006960 
2     0.000003750 0.000003680 0.000005500 0.000005570 0.000005280 0.000006230 0.000005870 0.000005280 0.000004610 0.000005690 0.000005150 0.000001460 0.000003940 0.000005440 0.000004750 0.000012220 0.000007380 0.000000950 0.000006930 0.000007130 0.000011240 0.000004470 0.000004500 0.000004640 0.000004750 0.000005740 0.000005270 0.000007620 0.000007210 0.000002310 0.000011840 0.000004880 0.000004880 0.000005600 0.000005240 0.000004820 0.000003220 0.000002650 0.000004630 0.000000000 0.000000000 0.000001360 0.000004470 0.000005690 0.000005050 0.000004650 0.000005190 0.000004780 0.000006040 0.000001220 0.000005430 
16     0.000003610 0.000003540 0.000005360 0.000005430 0.000005140 0.000006090 0.000005730 0.000005140 0.000004470 0.000005550 0.000005010 0.000001450 0.000003800 0.000005300 0.000004610 0.000012080 0.000007240 0.000002070 0.000006830 0.000007030 0.000011100 0.000004330 0.000004360 0.000004500 0.000004610 0.000005600 0.000005130 0.000007480 0.000007770 0.000003980 0.000011700 0.000004740 0.000004740 0.000005460 0.000005100 0.000004680 0.000003080 0.000002510 0.000004490 0.000000000 0.000000000 0.000001220 0.000004330 0.000005550 0.000004910 0.000003280 0.000005050 0.000004640 0.000005900 0.000005980 0.000005290 
13     0.000004270 0.000004200 0.000006020 0.000006090 0.000005800 0.000006750 0.000006390 0.000005800 0.000005130 0.000006210 0.000005670 0.000005040 0.000004460 0.000005960 0.000005270 0.000012740 0.000007900 0.000002870 0.000011390 0.000011580 0.000011760 0.000004990 0.000005020 0.000005160 0.000005270 0.000006260 0.000005790 0.000008140 0.000008430 0.000008210 0.000012360 0.000005400 0.000005400 0.000006120 0.000005760 0.000005340 0.000003740 0.000003170 0.000005150 0.000001360 0.000001220 0.000000000 0.000004210 0.000004600 0.000005570 0.000006270 0.000005710 0.000005300 0.000006560 0.000006640 0.000005950 
35     0.000002380 0.000002310 0.000005550 0.000005620 0.000005330 0.000006280 0.000002430 0.000005330 0.000004660 0.000001370 0.000005200 0.000003860 0.000003990 0.000005490 0.000004800 0.000012270 0.000007430 0.000015950 0.000011630 0.000011110 0.000011290 0.000002470 0.000003920 0.000003170 0.000003280 0.000003110 0.000005320 0.000007670 0.000007960 0.000007740 0.000011890 0.000004930 0.000004930 0.000005650 0.000003020 0.000004870 0.000004590 0.000004020 0.000006000 0.000004470 0.000004330 0.000004210 0.000000000 0.000001880 0.000003320 0.000004020 0.000003460 0.000004830 0.000003020 0.000002090 0.000005480 
32     0.000003600 0.000003530 0.000006770 0.000006840 0.000006550 0.000007500 0.000007140 0.000003540 0.000005880 0.000006960 0.000006420 0.000005790 0.000005210 0.000006710 0.000006020 0.000013490 0.000008650 0.000016990 0.000007790 0.000007990 0.000012510 0.000005740 0.000005770 0.000005910 0.000006020 0.000000110 0.000006540 0.000008890 0.000009180 0.000008960 0.000013110 0.000006150 0.000006150 0.000006870 0.000006510 0.000005900 0.000005810 0.000005240 0.000007220 0.000005690 0.000005550 0.000004600 0.000001880 0.000000000 0.000004160 0.000005240 0.000004680 0.000006050 0.000007310 0.000007390 0.000004590 
30     0.000002960 0.000002890 0.000006130 0.000006200 0.000005910 0.000006860 0.000006500 0.000005910 0.000005240 0.000006320 0.000005780 0.000005150 0.000004570 0.000006070 0.000005380 0.000010940 0.000008010 0.000011390 0.000012210 0.000011690 0.000011870 0.000005100 0.000005130 0.000005270 0.000005380 0.000004590 0.000005900 0.000003530 0.000008540 0.000008320 0.000012470 0.000005510 0.000005510 0.000004550 0.000005870 0.000005450 0.000005170 0.000004600 0.000004850 0.000005050 0.000004910 0.000005570 0.000003320 0.000004160 0.000000000 0.000001240 0.000001110 0.000005410 0.000006670 0.000006750 0.000006060 
47     0.000003660 0.000003590 0.000006830 0.000006900 0.000006610 0.000002670 0.000007200 0.000006610 0.000005940 0.000007020 0.000006480 0.000005850 0.000005270 0.000006770 0.000006080 0.000013550 0.000008710 0.000008920 0.000012390 0.000002350 0.000012570 0.000005800 0.000005830 0.000005970 0.000006080 0.000005290 0.000006600 0.000006240 0.000009240 0.000009020 0.000013170 0.000006210 0.000006210 0.000006930 0.000006570 0.000006150 0.000005870 0.000005300 0.000007280 0.000004650 0.000003280 0.000006270 0.000004020 0.000005240 0.000001240 0.000000000 0.000002820 0.000001200 0.000007370 0.000007450 0.000006760 
46     0.000003100 0.000003030 0.000006270 0.000006340 0.000006050 0.000006690 0.000006640 0.000006050 0.000005380 0.000006460 0.000005920 0.000005290 0.000004710 0.000006210 0.000005520 0.000012990 0.000008150 0.000017510 0.000012350 0.000011830 0.000012010 0.000005240 0.000005270 0.000005410 0.000005520 0.000004730 0.000006040 0.000008390 0.000008680 0.000008460 0.000012610 0.000005650 0.000005650 0.000004400 0.000006010 0.000005590 0.000005310 0.000004740 0.000006720 0.000005190 0.000005050 0.000005710 0.000003460 0.000004680 0.000001110 0.000002820 0.000000000 0.000005550 0.000006810 0.000006890 0.000006200 
49     0.000004110 0.000004040 0.000004360 0.000004530 0.000005640 0.000006590 0.000006230 0.000005640 0.000004970 0.000006050 0.000005510 0.000004880 0.000004300 0.000005800 0.000004190 0.000012580 0.000007740 0.000019730 0.000011940 0.000011420 0.000011600 0.000004830 0.000004860 0.000005000 0.000005110 0.000006100 0.000005630 0.000007980 0.000008270 0.000008050 0.000012200 0.000005240 0.000000780 0.000005960 0.000005600 0.000005180 0.000004900 0.000004330 0.000003940 0.000004780 0.000004640 0.000005300 0.000004830 0.000006050 0.000005410 0.000001200 0.000005550 0.000000000 0.000003620 0.000000630 0.000005790 
50     0.000005370 0.000005300 0.000007120 0.000007190 0.000006900 0.000007850 0.000007490 0.000006900 0.000006230 0.000007310 0.000006770 0.000006140 0.000005560 0.000007060 0.000006370 0.000013840 0.000009000 0.000016770 0.000013200 0.000012680 0.000012860 0.000006090 0.000006120 0.000006260 0.000006370 0.000007360 0.000006890 0.000009240 0.000009530 0.000009310 0.000013460 0.000006500 0.000006500 0.000007220 0.000006860 0.000006440 0.000006160 0.000005590 0.000007570 0.000006040 0.000005900 0.000006560 0.000003020 0.000007310 0.000006670 0.000007370 0.000006810 0.000003620 0.000000000 0.000000260 0.000003150 
48     0.000005450 0.000005380 0.000007200 0.000006410 0.000006980 0.000007930 0.000007570 0.000006980 0.000006310 0.000007390 0.000006850 0.000006220 0.000005640 0.000007140 0.000006450 0.000013920 0.000009080 0.000015840 0.000013280 0.000012760 0.000012940 0.000006170 0.000006200 0.000006340 0.000006450 0.000007440 0.000006970 0.000009320 0.000009610 0.000009360 0.000013540 0.000004540 0.000006580 0.000006430 0.000006940 0.000006520 0.000006240 0.000005670 0.000007650 0.000001220 0.000005980 0.000006640 0.000002090 0.000007390 0.000006750 0.000007450 0.000006890 0.000000630 0.000000260 0.000000000 0.000007130 
0     0.000004760 0.000004690 0.000006210 0.000006280 0.000005990 0.000006940 0.000006580 0.000005990 0.000005320 0.000006400 0.000002650 0.000005230 0.000004650 0.000006150 0.000005460 0.000010870 0.000007050 0.000019040 0.000011250 0.000009360 0.000010910 0.000005180 0.000005210 0.000005350 0.000004420 0.000006750 0.000004940 0.000007290 0.000007580 0.000007360 0.000011510 0.000002930 0.000002930 0.000003650 0.000003290 0.000004490 0.000005550 0.000004980 0.000006960 0.000005430 0.000005290 0.000005950 0.000005480 0.000004590 0.000006060 0.000006760 0.000006200 0.000005790 0.000003150 0.000007130 0.000000000 
