51
26     0.000000000 0.001302756 0.009119265 0.009254244 0.009572402 0.009575329 0.012221892 0.010570420 0.010446343 0.011236735 0.009438870 0.009043172 0.010414712 0.010148174 0.009804751 0.012132931 0.011915000 0.012236897 0.013066798 0.013078712 0.013540453 0.012300754 0.012297797 0.012289086 0.012046926 0.013292786 0.011400430 0.011758375 0.011935982 0.011289936 0.013769754 0.010372802 0.010195470 0.010452361 0.011049064 0.012500224 0.010477450 0.010869987 0.011153143 0.009412535 0.009432713 0.009612447 0.010308560 0.009809901 0.010458569 0.010837234 0.011205987 0.011720525 0.013322678 0.012783617 0.012530365 
45     0.001302756 0.000000000 0.008854302 0.008989280 0.009353397 0.009314371 0.011961507 0.010320001 0.010177147 0.011026067 0.009196812 0.008785128 0.010205854 0.009904179 0.009561077 0.011809806 0.011587136 0.011938721 0.012778414 0.012790327 0.013253680 0.011959351 0.011956402 0.011950981 0.011708827 0.012955481 0.011091488 0.011481176 0.011626411 0.010975211 0.013420041 0.010049571 0.009869829 0.010139919 0.010781752 0.012208934 0.010298980 0.010643747 0.010925260 0.009234868 0.009285916 0.009436101 0.010116538 0.009583589 0.010203134 0.010580312 0.010963688 0.011491756 0.013123237 0.012582001 0.012282357 
34     0.009119265 0.008854302 0.000000000 0.001478180 0.005113403 0.005121776 0.009389722 0.008792440 0.008666586 0.009857662 0.008638106 0.008214542 0.010320584 0.010177190 0.009873060 0.012037602 0.011901235 0.012287058 0.013162067 0.013184202 0.013656832 0.012423513 0.012466621 0.012437325 0.012156737 0.013332060 0.011592788 0.011884124 0.012016186 0.011315335 0.013767786 0.010236537 0.010170285 0.010383951 0.011009301 0.012421564 0.010705924 0.010913583 0.011322805 0.009705898 0.009750277 0.009879730 0.010602181 0.009917399 0.010716553 0.010941241 0.011320585 0.012093791 0.013616772 0.013056832 0.012818929 
25     0.009254244 0.008989280 0.001478180 0.000000000 0.005343914 0.005357448 0.009555619 0.008941577 0.008807331 0.010006873 0.008821090 0.008407740 0.010530873 0.010369462 0.010084416 0.012185727 0.012034086 0.012394505 0.013308097 0.013327333 0.013829553 0.012584963 0.012628071 0.012598775 0.012322511 0.013522027 0.011729902 0.012011924 0.012095259 0.011437094 0.013902093 0.010386809 0.010322446 0.010505025 0.011144200 0.012572769 0.010778854 0.011064099 0.011467587 0.009845702 0.009890074 0.010022661 0.010753821 0.010026897 0.010866613 0.011087123 0.011478305 0.012215445 0.013763062 0.013204039 0.012948180 
44     0.009572402 0.009353397 0.005113403 0.005343914 0.000000000 0.002374011 0.010069428 0.009386806 0.009240258 0.010267787 0.009234879 0.008854891 0.010928007 0.010693353 0.010391524 0.012613220 0.012528662 0.012884311 0.013793155 0.013800883 0.014261123 0.013036149 0.013064449 0.013035566 0.012695763 0.013894468 0.012160942 0.012483867 0.012618343 0.011822913 0.014227008 0.010864567 0.010692499 0.010896447 0.011541380 0.012972784 0.011207978 0.011316002 0.011727811 0.010243221 0.010318841 0.010382085 0.011166199 0.010494608 0.011298099 0.011587572 0.011964784 0.012608625 0.014147505 0.013574909 0.013187788 
43     0.009575329 0.009314371 0.005121776 0.005357448 0.002374011 0.000000000 0.010082337 0.009326456 0.009179851 0.010229797 0.009141264 0.008764196 0.010951003 0.010684015 0.010389900 0.012547844 0.012463459 0.012898031 0.013798820 0.013814095 0.014278250 0.013054509 0.013082809 0.013053926 0.012742256 0.013949675 0.012173304 0.012453334 0.012602717 0.011833909 0.014261602 0.010828955 0.010669897 0.010860962 0.011513438 0.012996118 0.011257350 0.011275436 0.011704486 0.010224547 0.010290431 0.010415119 0.011148259 0.010442137 0.011298161 0.011512912 0.011932943 0.012574807 0.014111253 0.013540077 0.013274199 
11     0.012221892 0.011961507 0.009389722 0.009555619 0.010069428 0.010082337 0.000000000 0.011847630 0.011727608 0.013047863 0.011867299 0.011428637 0.013483278 0.013293556 0.012948163 0.015186314 0.015124861 0.015493697 0.016291355 0.016307709 0.016630470 0.015333488 0.015330097 0.015335960 0.015095002 0.016297912 0.014531976 0.014849830 0.014844853 0.014204281 0.016610309 0.013362994 0.013273895 0.013420516 0.014072692 0.015585363 0.013699549 0.013923678 0.014256061 0.012556433 0.012590765 0.012966976 0.013554365 0.013004211 0.013778877 0.014088936 0.014456300 0.015092552 0.016605466 0.016034234 0.015767127 
21     0.010570420 0.010320001 0.008792440 0.008941577 0.009386806 0.009326456 0.011847630 0.000000000 0.003412669 0.011330793 0.010160390 0.009781785 0.011960957 0.011786938 0.011443195 0.013634901 0.013585685 0.013893722 0.014738081 0.014731128 0.015218088 0.014069091 0.014096855 0.014071119 0.013768173 0.014892637 0.013125161 0.013533811 0.013601530 0.012928641 0.015361655 0.011893923 0.011860696 0.012058676 0.012549822 0.014243057 0.012220323 0.012281881 0.012695381 0.011066673 0.011154492 0.011372307 0.011978972 0.011324770 0.012210913 0.012447319 0.012766156 0.013562465 0.015286825 0.014726133 0.014132292 
6     0.010446343 0.010177147 0.008666586 0.008807331 0.009240258 0.009179851 0.011727608 0.003412669 0.000000000 0.011224392 0.010023797 0.009641797 0.011833703 0.011649478 0.011318225 0.013520593 0.013461974 0.013711893 0.014657359 0.014651957 0.015119220 0.013942182 0.013970320 0.013944584 0.013669267 0.014776004 0.012975059 0.013328108 0.013467039 0.012850171 0.015222790 0.011763145 0.011775055 0.011947018 0.012465097 0.014165330 0.012010783 0.012138193 0.012549727 0.010935800 0.011007807 0.011161568 0.011844794 0.011206511 0.012035777 0.012327465 0.012619722 0.013385704 0.015075639 0.014524757 0.014006317 
5     0.011236735 0.011026067 0.009857662 0.010006873 0.010267787 0.010229797 0.013047863 0.011330793 0.011224392 0.000000000 0.010898663 0.010577917 0.012753403 0.012626364 0.012266070 0.014447224 0.014328691 0.014720600 0.015534699 0.015558679 0.015943887 0.014714738 0.014716978 0.014714907 0.014431375 0.015659312 0.013858998 0.014123436 0.014262047 0.013328291 0.016042441 0.012568558 0.012418265 0.012702649 0.013314469 0.014946975 0.012884673 0.013088895 0.013506608 0.011809287 0.011829456 0.012022935 0.012718316 0.012187326 0.012923024 0.013222383 0.013611788 0.014419236 0.016048003 0.015481493 0.014485062 
24     0.009438870 0.009196812 0.008638106 0.008821090 0.009234879 0.009141264 0.011867299 0.010160390 0.010023797 0.010898663 0.000000000 0.003613317 0.010828532 0.010722176 0.010365312 0.012263871 0.012203733 0.012810507 0.013697280 0.013688225 0.014085946 0.012776644 0.012816550 0.012785194 0.012528821 0.013723629 0.011882646 0.012275474 0.012369786 0.011643605 0.014211099 0.010664253 0.010552078 0.010742667 0.011312821 0.013060278 0.010885378 0.011307836 0.011585801 0.009693549 0.009724407 0.009968417 0.010789153 0.010325039 0.011148512 0.011279187 0.011772495 0.012236861 0.013824938 0.013239793 0.012938008 
14     0.009043172 0.008785128 0.008214542 0.008407740 0.008854891 0.008764196 0.011428637 0.009781785 0.009641797 0.010577917 0.003613317 0.000000000 0.010535318 0.010309446 0.009946762 0.011790630 0.011755901 0.012454603 0.013347129 0.013342503 0.013771704 0.012463920 0.012493436 0.012462406 0.012186324 0.013383437 0.011540409 0.011989645 0.012059996 0.011386898 0.013879784 0.010379999 0.010258050 0.010416695 0.011011550 0.012699111 0.010590289 0.010938339 0.011236312 0.009472549 0.009521614 0.009716455 0.010421131 0.009965227 0.010699641 0.010904584 0.011425371 0.011963462 0.013549577 0.012933408 0.012299167 
42     0.010414712 0.010205854 0.010320584 0.010530873 0.010928007 0.010951003 0.013483278 0.011960957 0.011833703 0.012753403 0.010828532 0.010535318 0.000000000 0.011571015 0.011233984 0.013521063 0.013365010 0.013687176 0.014561669 0.014587518 0.015064737 0.013691958 0.013685325 0.013675076 0.013399960 0.014677916 0.012662964 0.013322223 0.013392974 0.012587031 0.015253455 0.011572524 0.011461849 0.011718704 0.012275108 0.014022329 0.011859287 0.012200269 0.012505180 0.010788602 0.010837916 0.010925002 0.011588317 0.011182115 0.011696943 0.012124842 0.012575030 0.013468112 0.014764468 0.014244668 0.013804174 
19     0.010148174 0.009904179 0.010177190 0.010369462 0.010693353 0.010684015 0.013293556 0.011786938 0.011649478 0.012626364 0.010722176 0.010309446 0.011571015 0.000000000 0.002631283 0.013416498 0.013323758 0.013602419 0.014392917 0.014455256 0.014827176 0.013641050 0.013662683 0.013625888 0.013341304 0.014623185 0.012681102 0.013171852 0.013282034 0.012603081 0.015049556 0.011632621 0.011481994 0.011713497 0.012278211 0.013829778 0.011778461 0.012049523 0.012328978 0.010773689 0.010802120 0.011029108 0.011682351 0.011212854 0.011766699 0.012113183 0.012474962 0.013130452 0.014653367 0.014074865 0.013938886 
23     0.009804751 0.009561077 0.009873060 0.010084416 0.010391524 0.010389900 0.012948163 0.011443195 0.011318225 0.012266070 0.010365312 0.009946762 0.011233984 0.002631283 0.000000000 0.013051727 0.012963997 0.013270329 0.014019734 0.014088786 0.014485208 0.013316229 0.013337861 0.013305236 0.013010164 0.014220721 0.012266751 0.012862975 0.013012943 0.012202290 0.014713820 0.011263295 0.011103893 0.011345601 0.011882515 0.013498153 0.011339673 0.011623436 0.011901906 0.010465449 0.010493880 0.010712101 0.011359415 0.010894353 0.011460492 0.011823220 0.012188228 0.012760933 0.014279357 0.013699814 0.013601437 
28     0.012132931 0.011809806 0.012037602 0.012185727 0.012613220 0.012547844 0.015186314 0.013634901 0.013520593 0.014447224 0.012263871 0.011790630 0.013521063 0.013416498 0.013051727 0.000000000 0.004116572 0.009543852 0.011683200 0.011733349 0.012059520 0.010545123 0.010548072 0.010567088 0.010223281 0.011668405 0.009771306 0.010200344 0.010195469 0.009666771 0.012210751 0.008711977 0.008638506 0.008764315 0.009406917 0.011364752 0.012305690 0.012657979 0.012745372 0.010879322 0.010934535 0.011081121 0.011897533 0.011597112 0.012108207 0.012433639 0.012799380 0.013661444 0.015291515 0.014539009 0.014348251 
7     0.011915000 0.011587136 0.011901235 0.012034086 0.012528662 0.012463459 0.015124861 0.013585685 0.013461974 0.014328691 0.012203733 0.011755901 0.013365010 0.013323758 0.012963997 0.004116572 0.000000000 0.009598224 0.011785600 0.011833635 0.012135578 0.010624934 0.010616101 0.010655003 0.010330361 0.011719307 0.009805051 0.010216300 0.010288997 0.009722933 0.012298842 0.008865512 0.008662974 0.008878571 0.009471994 0.011429622 0.012114091 0.012407618 0.012490735 0.010843293 0.010884962 0.010886379 0.011879294 0.011521825 0.012031458 0.012406605 0.012789474 0.013431663 0.015089293 0.014480701 0.014231604 
3     0.012236897 0.011938721 0.012287058 0.012394505 0.012884311 0.012898031 0.015493697 0.013893722 0.013711893 0.014720600 0.012810507 0.012454603 0.013687176 0.013602419 0.013270329 0.009543852 0.009598224 0.000000000 0.011686662 0.011743663 0.012195409 0.010688985 0.010678049 0.010702408 0.010413058 0.011796027 0.009906903 0.010365761 0.010474927 0.009721653 0.012301131 0.009081008 0.008994009 0.008946495 0.009685786 0.011544716 0.012547632 0.012841251 0.012994517 0.011382271 0.011441462 0.011422353 0.012180405 0.011839088 0.012358990 0.012647971 0.013004278 0.013744457 0.015353982 0.014801891 0.014534849 
20     0.013066798 0.012778414 0.013162067 0.013308097 0.013793155 0.013798820 0.016291355 0.014738081 0.014657359 0.015534699 0.013697280 0.013347129 0.014561669 0.014392917 0.014019734 0.011683200 0.011785600 0.011686662 0.000000000 0.002445122 0.004354226 0.010577645 0.010590991 0.010602434 0.010286612 0.011653752 0.009668559 0.010203510 0.010259452 0.009462846 0.012168056 0.009270387 0.009203090 0.009264287 0.009928569 0.012459268 0.013585611 0.013951350 0.014033728 0.012105408 0.012159454 0.012415231 0.013171750 0.012865934 0.013241367 0.013602488 0.013895058 0.014955808 0.016553178 0.015828245 0.015605089 
39     0.013078712 0.012790327 0.013184202 0.013327333 0.013800883 0.013814095 0.016307709 0.014731128 0.014651957 0.015558679 0.013688225 0.013342503 0.014587518 0.014455256 0.014088786 0.011733349 0.011833635 0.011743663 0.002445122 0.000000000 0.004502563 0.010661964 0.010697485 0.010702191 0.010397120 0.011741927 0.009789075 0.010286769 0.010307342 0.009487089 0.012221765 0.009370542 0.009298054 0.009361184 0.010019698 0.012507998 0.013616801 0.013991826 0.014074197 0.012131998 0.012183840 0.012438418 0.013156326 0.012870107 0.013168991 0.013558480 0.013941454 0.014952989 0.016581363 0.015872705 0.015650418 
29     0.013540453 0.013253680 0.013656832 0.013829553 0.014261123 0.014278250 0.016630470 0.015218088 0.015119220 0.015943887 0.014085946 0.013771704 0.015064737 0.014827176 0.014485208 0.012059520 0.012135578 0.012195409 0.004354226 0.004502563 0.000000000 0.010901089 0.010919115 0.010930418 0.010675286 0.012032407 0.010056124 0.010511391 0.010559565 0.009838461 0.012467520 0.009599017 0.009548452 0.009696189 0.010253200 0.012832909 0.014062733 0.014374936 0.014427171 0.012545397 0.012620998 0.012874602 0.013545197 0.013319723 0.013623680 0.013964331 0.014270059 0.015245224 0.016963338 0.016356529 0.016091565 
17     0.012300754 0.011959351 0.012423513 0.012584963 0.013036149 0.013054509 0.015333488 0.014069091 0.013942182 0.014714738 0.012776644 0.012463920 0.013691958 0.013641050 0.013316229 0.010545123 0.010624934 0.010688985 0.010577645 0.010661964 0.010901089 0.000000000 0.001675998 0.001670857 0.002151001 0.005078127 0.006571500 0.008809717 0.008870588 0.008049283 0.010610627 0.008192108 0.008101664 0.008262210 0.008901608 0.011394970 0.012586034 0.013017859 0.013111646 0.011188779 0.011252377 0.011573366 0.012180864 0.011845570 0.012439755 0.012665673 0.013081761 0.013984205 0.015688304 0.015060765 0.014521112 
22     0.012297797 0.011956402 0.012466621 0.012628071 0.013064449 0.013082809 0.015330097 0.014096855 0.013970320 0.014716978 0.012816550 0.012493436 0.013685325 0.013662683 0.013337861 0.010548072 0.010616101 0.010678049 0.010590991 0.010697485 0.010919115 0.001675998 0.000000000 0.001578914 0.002245851 0.005152121 0.006538632 0.008762884 0.008830082 0.007998005 0.010611401 0.008208289 0.008108061 0.008271106 0.008922778 0.011433460 0.012577075 0.013004031 0.013092629 0.011190265 0.011253379 0.011566259 0.012186299 0.011857017 0.012436284 0.012668983 0.013040161 0.013984771 0.015693566 0.015068236 0.014513610 
4     0.012289086 0.011950981 0.012437325 0.012598775 0.013035566 0.013053926 0.015335960 0.014071119 0.013944584 0.014714907 0.012785194 0.012462406 0.013675076 0.013625888 0.013305236 0.010567088 0.010655003 0.010702408 0.010602434 0.010702191 0.010930418 0.001670857 0.001578914 0.000000000 0.002237743 0.005122470 0.006568069 0.008762507 0.008831636 0.008021161 0.010615087 0.008221592 0.008128880 0.008283686 0.008925737 0.011423085 0.012562926 0.012999235 0.013097541 0.011194324 0.011257978 0.011570319 0.012201730 0.011865022 0.012424790 0.012669566 0.013068621 0.013999032 0.015690896 0.015066322 0.014503709 
1     0.012046926 0.011708827 0.012156737 0.012322511 0.012695763 0.012742256 0.015095002 0.013768173 0.013669267 0.014431375 0.012528821 0.012186324 0.013399960 0.013341304 0.013010164 0.010223281 0.010330361 0.010413058 0.010286612 0.010397120 0.010675286 0.002151001 0.002245851 0.002237743 0.000000000 0.004739728 0.006288177 0.008536058 0.008594453 0.007783808 0.010319019 0.007913391 0.007816306 0.007970810 0.008578647 0.011155176 0.012268084 0.012667443 0.012785615 0.010892010 0.010984513 0.011270392 0.011892967 0.011531041 0.012149008 0.012357829 0.012781734 0.013693342 0.015398810 0.014771029 0.014221286 
10     0.013292786 0.012955481 0.013332060 0.013522027 0.013894468 0.013949675 0.016297912 0.014892637 0.014776004 0.015659312 0.013723629 0.013383437 0.014677916 0.014623185 0.014220721 0.011668405 0.011719307 0.011796027 0.011653752 0.011741927 0.012032407 0.005078127 0.005152121 0.005122470 0.004739728 0.000000000 0.007621629 0.009734902 0.009872694 0.008974162 0.011624295 0.009247990 0.009199553 0.009301779 0.009932039 0.012555529 0.013560928 0.013926207 0.014021687 0.012184833 0.012273157 0.012580300 0.013158865 0.012814272 0.013450674 0.013669313 0.014082702 0.014980735 0.016641338 0.016042072 0.015433022 
12     0.011400430 0.011091488 0.011592788 0.011729902 0.012160942 0.012173304 0.014531976 0.013125161 0.012975059 0.013858998 0.011882646 0.011540409 0.012662964 0.012681102 0.012266751 0.009771306 0.009805051 0.009906903 0.009668559 0.009789075 0.010056124 0.006571500 0.006538632 0.006568069 0.006288177 0.007621629 0.000000000 0.007752762 0.007858825 0.007055979 0.009741545 0.007422443 0.007288185 0.007428169 0.008146335 0.010700212 0.011465818 0.011828243 0.011955081 0.010179510 0.010248730 0.010504631 0.011082439 0.010730240 0.011367566 0.011594791 0.011971502 0.013019510 0.014694748 0.014018313 0.013483327 
18     0.011758375 0.011481176 0.011884124 0.012011924 0.012483867 0.012453334 0.014849830 0.013533811 0.013328108 0.014123436 0.012275474 0.011989645 0.013322223 0.013171852 0.012862975 0.010200344 0.010216300 0.010365761 0.010203510 0.010286769 0.010511391 0.008809717 0.008762884 0.008762507 0.008536058 0.009734902 0.007752762 0.000000000 0.005158567 0.005777946 0.009841828 0.007868160 0.007896902 0.007949591 0.008662965 0.011001979 0.012058731 0.012571621 0.012570579 0.010599897 0.010659685 0.010982912 0.011757773 0.011434132 0.012042549 0.012279361 0.012613210 0.013322166 0.014850139 0.014229978 0.014130255 
33     0.011935982 0.011626411 0.012016186 0.012095259 0.012618343 0.012602717 0.014844853 0.013601530 0.013467039 0.014262047 0.012369786 0.012059996 0.013392974 0.013282034 0.013012943 0.010195469 0.010288997 0.010474927 0.010259452 0.010307342 0.010559565 0.008870588 0.008830082 0.008831636 0.008594453 0.009872694 0.007858825 0.005158567 0.000000000 0.005723459 0.009752585 0.007919428 0.007905966 0.007976138 0.008714748 0.011061134 0.012089526 0.012563261 0.012569392 0.010752995 0.010812124 0.011098271 0.011733901 0.011506173 0.012044658 0.012234642 0.012624482 0.013551622 0.015124877 0.014504213 0.014250644 
40     0.011289936 0.010975211 0.011315335 0.011437094 0.011822913 0.011833909 0.014204281 0.012928641 0.012850171 0.013328291 0.011643605 0.011386898 0.012587031 0.012603081 0.012202290 0.009666771 0.009722933 0.009721653 0.009462846 0.009487089 0.009838461 0.008049283 0.007998005 0.008021161 0.007783808 0.008974162 0.007055979 0.005777946 0.005723459 0.000000000 0.009065966 0.007226934 0.007128807 0.007107961 0.007934292 0.010445404 0.011310464 0.011746437 0.011715703 0.010098856 0.010126204 0.010519546 0.011114367 0.010861877 0.011301894 0.011680043 0.012004699 0.012891207 0.014547269 0.013941096 0.013582939 
36     0.013769754 0.013420041 0.013767786 0.013902093 0.014227008 0.014261602 0.016610309 0.015361655 0.015222790 0.016042441 0.014211099 0.013879784 0.015253455 0.015049556 0.014713820 0.012210751 0.012298842 0.012301131 0.012168056 0.012221765 0.012467520 0.010610627 0.010611401 0.010615087 0.010319019 0.011624295 0.009741545 0.009841828 0.009752585 0.009065966 0.000000000 0.009783892 0.009659345 0.009830184 0.010450643 0.013017130 0.013988160 0.014465637 0.014437212 0.012711036 0.012769349 0.013091390 0.013558536 0.013387691 0.013931486 0.014137444 0.014527899 0.015317984 0.016991187 0.016366704 0.016042993 
9     0.010372802 0.010049571 0.010236537 0.010386809 0.010864567 0.010828955 0.013362994 0.011893923 0.011763145 0.012568558 0.010664253 0.010379999 0.011572524 0.011632621 0.011263295 0.008711977 0.008865512 0.009081008 0.009270387 0.009370542 0.009599017 0.008192108 0.008208289 0.008221592 0.007913391 0.009247990 0.007422443 0.007868160 0.007919428 0.007226934 0.009783892 0.000000000 0.003028321 0.003686432 0.004416075 0.009675119 0.010568185 0.010898217 0.011060141 0.009311533 0.009366971 0.009566058 0.010280591 0.009994596 0.010506835 0.010705194 0.011082565 0.012004625 0.013624126 0.012939363 0.012765963 
15     0.010195470 0.009869829 0.010170285 0.010322446 0.010692499 0.010669897 0.013273895 0.011860696 0.011775055 0.012418265 0.010552078 0.010258050 0.011461849 0.011481994 0.011103893 0.008638506 0.008662974 0.008994009 0.009203090 0.009298054 0.009548452 0.008101664 0.008108061 0.008128880 0.007816306 0.009199553 0.007288185 0.007896902 0.007905966 0.007128807 0.009659345 0.003028321 0.000000000 0.003403246 0.004314055 0.009609214 0.010363087 0.010708022 0.010802856 0.009261504 0.009314500 0.009424676 0.010116855 0.009819316 0.010268967 0.010529618 0.010920833 0.011899804 0.013474480 0.012792236 0.012536212 
8     0.010452361 0.010139919 0.010383951 0.010505025 0.010896447 0.010860962 0.013420516 0.012058676 0.011947018 0.012702649 0.010742667 0.010416695 0.011718704 0.011713497 0.011345601 0.008764315 0.008878571 0.008946495 0.009264287 0.009361184 0.009696189 0.008262210 0.008271106 0.008283686 0.007970810 0.009301779 0.007428169 0.007949591 0.007976138 0.007107961 0.009830184 0.003686432 0.003403246 0.000000000 0.004428213 0.009703033 0.010654984 0.011048650 0.011134481 0.009426591 0.009495170 0.009676329 0.010366411 0.010054181 0.010558937 0.010790139 0.011164414 0.012145915 0.013775300 0.013094683 0.012906378 
27     0.011049064 0.010781752 0.011009301 0.011144200 0.011541380 0.011513438 0.014072692 0.012549822 0.012465097 0.013314469 0.011312821 0.011011550 0.012275108 0.012278211 0.011882515 0.009406917 0.009471994 0.009685786 0.009928569 0.010019698 0.010253200 0.008901608 0.008922778 0.008925737 0.008578647 0.009932039 0.008146335 0.008662965 0.008714748 0.007934292 0.010450643 0.004416075 0.004314055 0.004428213 0.000000000 0.010127714 0.011293643 0.011687835 0.011830169 0.010071797 0.010135145 0.010220832 0.010783779 0.010593537 0.011044071 0.011331877 0.011701076 0.012692407 0.014146123 0.013523086 0.013359302 
38     0.012500224 0.012208934 0.012421564 0.012572769 0.012972784 0.012996118 0.015585363 0.014243057 0.014165330 0.014946975 0.013060278 0.012699111 0.014022329 0.013829778 0.013498153 0.011364752 0.011429622 0.011544716 0.012459268 0.012507998 0.012832909 0.011394970 0.011433460 0.011423085 0.011155176 0.012555529 0.010700212 0.011001979 0.011061134 0.010445404 0.013017130 0.009675119 0.009609214 0.009703033 0.010127714 0.000000000 0.012640809 0.013111446 0.013211412 0.011492861 0.011541841 0.011692799 0.012401490 0.011897652 0.012506420 0.012713464 0.013171326 0.014296162 0.015748964 0.015078823 0.014756024 
37     0.010477450 0.010298980 0.010705924 0.010778854 0.011207978 0.011257350 0.013699549 0.012220323 0.012010783 0.012884673 0.010885378 0.010590289 0.011859287 0.011778461 0.011339673 0.012305690 0.012114091 0.012547632 0.013585611 0.013616801 0.014062733 0.012586034 0.012577075 0.012562926 0.012268084 0.013560928 0.011465818 0.012058731 0.012089526 0.011310464 0.013988160 0.010568185 0.010363087 0.010654984 0.011293643 0.012640809 0.000000000 0.007390401 0.007583645 0.008231836 0.008297485 0.008301021 0.009714853 0.009243434 0.009764903 0.010164488 0.010564379 0.012299205 0.013695479 0.013172607 0.013049444 
31     0.010869987 0.010643747 0.010913583 0.011064099 0.011316002 0.011275436 0.013923678 0.012281881 0.012138193 0.013088895 0.011307836 0.010938339 0.012200269 0.012049523 0.011623436 0.012657979 0.012407618 0.012841251 0.013951350 0.013991826 0.014374936 0.013017859 0.013004031 0.012999235 0.012667443 0.013926207 0.011828243 0.012571621 0.012563261 0.011746437 0.014465637 0.010898217 0.010708022 0.011048650 0.011687835 0.013111446 0.007390401 0.000000000 0.006033524 0.008531570 0.008626807 0.008637256 0.010165920 0.009744385 0.010297457 0.010515537 0.011029575 0.012741641 0.014223158 0.013646014 0.013445271 
41     0.011153143 0.010925260 0.011322805 0.011467587 0.011727811 0.011704486 0.014256061 0.012695381 0.012549727 0.013506608 0.011585801 0.011236312 0.012505180 0.012328978 0.011901906 0.012745372 0.012490735 0.012994517 0.014033728 0.014074197 0.014427171 0.013111646 0.013092629 0.013097541 0.012785615 0.014021687 0.011955081 0.012570579 0.012569392 0.011715703 0.014437212 0.011060141 0.010802856 0.011134481 0.011830169 0.013211412 0.007583645 0.006033524 0.000000000 0.008783318 0.008900691 0.008880381 0.010229947 0.009866093 0.010556159 0.010707494 0.011175198 0.012763096 0.014383590 0.013844592 0.013489335 
2     0.009412535 0.009234868 0.009705898 0.009845702 0.010243221 0.010224547 0.012556433 0.011066673 0.010935800 0.011809287 0.009693549 0.009472549 0.010788602 0.010773689 0.010465449 0.010879322 0.010843293 0.011382271 0.012105408 0.012131998 0.012545397 0.011188779 0.011190265 0.011194324 0.010892010 0.012184833 0.010179510 0.010599897 0.010752995 0.010098856 0.012711036 0.009311533 0.009261504 0.009426591 0.010071797 0.011492861 0.008231836 0.008531570 0.008783318 0.000000000 0.001457206 0.003241175 0.008705814 0.008253119 0.008838374 0.009164261 0.009614874 0.011108422 0.012696144 0.011999215 0.011926717 
16     0.009432713 0.009285916 0.009750277 0.009890074 0.010318841 0.010290431 0.012590765 0.011154492 0.011007807 0.011829456 0.009724407 0.009521614 0.010837916 0.010802120 0.010493880 0.010934535 0.010884962 0.011441462 0.012159454 0.012183840 0.012620998 0.011252377 0.011253379 0.011257978 0.010984513 0.012273157 0.010248730 0.010659685 0.010812124 0.010126204 0.012769349 0.009366971 0.009314500 0.009495170 0.010135145 0.011541841 0.008297485 0.008626807 0.008900691 0.001457206 0.000000000 0.003312567 0.008738019 0.008343353 0.008897772 0.009207389 0.009661167 0.011144243 0.012703580 0.012005877 0.011977190 
13     0.009612447 0.009436101 0.009879730 0.010022661 0.010382085 0.010415119 0.012966976 0.011372307 0.011161568 0.012022935 0.009968417 0.009716455 0.010925002 0.011029108 0.010712101 0.011081121 0.010886379 0.011422353 0.012415231 0.012438418 0.012874602 0.011573366 0.011566259 0.011570319 0.011270392 0.012580300 0.010504631 0.010982912 0.011098271 0.010519546 0.013091390 0.009566058 0.009424676 0.009676329 0.010220832 0.011692799 0.008301021 0.008637256 0.008880381 0.003241175 0.003312567 0.000000000 0.008880782 0.008422019 0.009006829 0.009301088 0.009762738 0.011347828 0.012914399 0.012231586 0.012084417 
35     0.010308560 0.010116538 0.010602181 0.010753821 0.011166199 0.011148259 0.013554365 0.011978972 0.011844794 0.012718316 0.010789153 0.010421131 0.011588317 0.011682351 0.011359415 0.011897533 0.011879294 0.012180405 0.013171750 0.013156326 0.013545197 0.012180864 0.012186299 0.012201730 0.011892967 0.013158865 0.011082439 0.011757773 0.011733901 0.011114367 0.013558536 0.010280591 0.010116855 0.010366411 0.010783779 0.012401490 0.009714853 0.010165920 0.010229947 0.008705814 0.008738019 0.008880782 0.000000000 0.005661462 0.007972389 0.008030993 0.008501143 0.011980793 0.013557464 0.012968248 0.012813292 
32     0.009809901 0.009583589 0.009917399 0.010026897 0.010494608 0.010442137 0.013004211 0.011324770 0.011206511 0.012187326 0.010325039 0.009965227 0.011182115 0.011212854 0.010894353 0.011597112 0.011521825 0.011839088 0.012865934 0.012870107 0.013319723 0.011845570 0.011857017 0.011865022 0.011531041 0.012814272 0.010730240 0.011434132 0.011506173 0.010861877 0.013387691 0.009994596 0.009819316 0.010054181 0.010593537 0.011897652 0.009243434 0.009744385 0.009866093 0.008253119 0.008343353 0.008422019 0.005661462 0.000000000 0.007155362 0.007507461 0.007908076 0.011620706 0.013247229 0.012643645 0.012361984 
30     0.010458569 0.010203134 0.010716553 0.010866613 0.011298099 0.011298161 0.013778877 0.012210913 0.012035777 0.012923024 0.011148512 0.010699641 0.011696943 0.011766699 0.011460492 0.012108207 0.012031458 0.012358990 0.013241367 0.013168991 0.013623680 0.012439755 0.012436284 0.012424790 0.012149008 0.013450674 0.011367566 0.012042549 0.012044658 0.011301894 0.013931486 0.010506835 0.010268967 0.010558937 0.011044071 0.012506420 0.009764903 0.010297457 0.010556159 0.008838374 0.008897772 0.009006829 0.007972389 0.007155362 0.000000000 0.005820264 0.006206658 0.012191485 0.013750013 0.013126734 0.012932906 
47     0.010837234 0.010580312 0.010941241 0.011087123 0.011587572 0.011512912 0.014088936 0.012447319 0.012327465 0.013222383 0.011279187 0.010904584 0.012124842 0.012113183 0.011823220 0.012433639 0.012406605 0.012647971 0.013602488 0.013558480 0.013964331 0.012665673 0.012668983 0.012669566 0.012357829 0.013669313 0.011594791 0.012279361 0.012234642 0.011680043 0.014137444 0.010705194 0.010529618 0.010790139 0.011331877 0.012713464 0.010164488 0.010515537 0.010707494 0.009164261 0.009207389 0.009301088 0.008030993 0.007507461 0.005820264 0.000000000 0.004580993 0.012379296 0.014016041 0.013372526 0.013241275 
46     0.011205987 0.010963688 0.011320585 0.011478305 0.011964784 0.011932943 0.014456300 0.012766156 0.012619722 0.013611788 0.011772495 0.011425371 0.012575030 0.012474962 0.012188228 0.012799380 0.012789474 0.013004278 0.013895058 0.013941454 0.014270059 0.013081761 0.013040161 0.013068621 0.012781734 0.014082702 0.011971502 0.012613210 0.012624482 0.012004699 0.014527899 0.011082565 0.010920833 0.011164414 0.011701076 0.013171326 0.010564379 0.011029575 0.011175198 0.009614874 0.009661167 0.009762738 0.008501143 0.007908076 0.006206658 0.004580993 0.000000000 0.012755050 0.014435541 0.013829220 0.013562837 
49     0.011720525 0.011491756 0.012093791 0.012215445 0.012608625 0.012574807 0.015092552 0.013562465 0.013385704 0.014419236 0.012236861 0.011963462 0.013468112 0.013130452 0.012760933 0.013661444 0.013431663 0.013744457 0.014955808 0.014952989 0.015245224 0.013984205 0.013984771 0.013999032 0.013693342 0.014980735 0.013019510 0.013322166 0.013551622 0.012891207 0.015317984 0.012004625 0.011899804 0.012145915 0.012692407 0.014296162 0.012299205 0.012741641 0.012763096 0.011108422 0.011144243 0.011347828 0.011980793 0.011620706 0.012191485 0.012379296 0.012755050 0.000000000 0.010987779 0.010366126 0.014150796 
50     0.013322678 0.013123237 0.013616772 0.013763062 0.014147505 0.014111253 0.016605466 0.015286825 0.015075639 0.016048003 0.013824938 0.013549577 0.014764468 0.014653367 0.014279357 0.015291515 0.015089293 0.015353982 0.016553178 0.016581363 0.016963338 0.015688304 0.015693566 0.015690896 0.015398810 0.016641338 0.014694748 0.014850139 0.015124877 0.014547269 0.016991187 0.013624126 0.013474480 0.013775300 0.014146123 0.015748964 0.013695479 0.014223158 0.014383590 0.012696144 0.012703580 0.012914399 0.013557464 0.013247229 0.013750013 0.014016041 0.014435541 0.010987779 0.000000000 0.003697733 0.015679224 
48     0.012783617 0.012582001 0.013056832 0.013204039 0.013574909 0.013540077 0.016034234 0.014726133 0.014524757 0.015481493 0.013239793 0.012933408 0.014244668 0.014074865 0.013699814 0.014539009 0.014480701 0.014801891 0.015828245 0.015872705 0.016356529 0.015060765 0.015068236 0.015066322 0.014771029 0.016042072 0.014018313 0.014229978 0.014504213 0.013941096 0.016366704 0.012939363 0.012792236 0.013094683 0.013523086 0.015078823 0.013172607 0.013646014 0.013844592 0.011999215 0.012005877 0.012231586 0.012968248 0.012643645 0.013126734 0.013372526 0.013829220 0.010366126 0.003697733 0.000000000 0.015092724 
0     0.012530365 0.012282357 0.012818929 0.012948180 0.013187788 0.013274199 0.015767127 0.014132292 0.014006317 0.014485062 0.012938008 0.012299167 0.013804174 0.013938886 0.013601437 0.014348251 0.014231604 0.014534849 0.015605089 0.015650418 0.016091565 0.014521112 0.014513610 0.014503709 0.014221286 0.015433022 0.013483327 0.014130255 0.014250644 0.013582939 0.016042993 0.012765963 0.012536212 0.012906378 0.013359302 0.014756024 0.013049444 0.013445271 0.013489335 0.011926717 0.011977190 0.012084417 0.012813292 0.012361984 0.012932906 0.013241275 0.013562837 0.014150796 0.015679224 0.015092724 0.000000000 
