51
1     0.000000000 0.001024700 0.000538700 0.000974640 0.006172950 0.008560290 0.012341970 0.020689900 0.013731780 0.020184510 0.023200850 0.022540870 0.020820450 0.020557330 0.025806930 0.021945530 0.028711370 0.025004790 0.022704110 0.012400720 0.012820380 0.008814700 0.011106400 0.007937360 0.008773620 0.009203980 0.008643080 0.008563730 0.012816260 0.011798090 0.018873190 0.010213240 0.009470470 0.009829490 0.012223860 0.009618750 0.009250050 0.011631300 0.017139780 0.017513340 0.017932330 0.018851850 0.024585430 0.025511020 0.027020690 0.020622200 0.013834330 0.012560080 0.015513250 0.018105340 0.024250740 
4     0.001024700 0.000000000 0.000112690 0.000003760 0.006240920 0.007811030 0.011592710 0.017987680 0.012062490 0.019435250 0.022934830 0.022274850 0.020554430 0.019808070 0.021565680 0.021526930 0.027890440 0.024183860 0.019240850 0.011651460 0.012071120 0.008065440 0.010357140 0.007188100 0.008024360 0.008454720 0.007893820 0.007814470 0.012067000 0.011048830 0.021333870 0.009463980 0.008721210 0.009080230 0.011474600 0.008869490 0.008500790 0.010882040 0.021439820 0.016764080 0.011933560 0.018102590 0.023836170 0.024788120 0.026754670 0.019464220 0.013013400 0.011739150 0.014763990 0.017284410 0.023984720 
2     0.000538700 0.000112690 0.000000000 0.000111150 0.004081960 0.009718030 0.013499710 0.017876430 0.008428620 0.021342250 0.024297900 0.024178400 0.023781210 0.021715070 0.020045790 0.021437380 0.032418160 0.026696760 0.017720960 0.013558460 0.013978120 0.009972440 0.012264140 0.009095100 0.009931360 0.010361720 0.009800820 0.009721470 0.013974000 0.012955830 0.022569670 0.011370980 0.010628210 0.010987230 0.012117890 0.010776490 0.010407790 0.012789040 0.022827190 0.018671080 0.010413670 0.020009590 0.024837230 0.023268230 0.029981450 0.020376200 0.017541120 0.016266870 0.016670990 0.020653560 0.024336140 
3     0.000974640 0.000003760 0.000111150 0.000000000 0.004423950 0.009058640 0.012840320 0.017986140 0.015742720 0.020682860 0.022336890 0.021676910 0.019956490 0.021055680 0.019869130 0.023536740 0.032517110 0.026998240 0.017544300 0.012899070 0.013318730 0.009313050 0.011604750 0.008435710 0.009271970 0.009702330 0.009141430 0.009062080 0.013314610 0.012296440 0.019736490 0.010711590 0.009968820 0.010327840 0.011941230 0.010117100 0.009748400 0.011504980 0.018003080 0.018011690 0.010237010 0.019350200 0.025083780 0.023091570 0.026156730 0.019736850 0.015845510 0.016232680 0.016011600 0.019046870 0.023386780 
6     0.006172950 0.006240920 0.004081960 0.004423950 0.000000000 0.015680870 0.003818140 0.008238670 0.024418300 0.006361820 0.024099370 0.024105830 0.026760420 0.029005320 0.014443890 0.027840680 0.035717920 0.035305800 0.027253210 0.023094320 0.011451500 0.012828240 0.011742550 0.010563060 0.011466740 0.010835020 0.010310340 0.014413100 0.031330960 0.034841410 0.015893750 0.012660660 0.010778660 0.010546850 0.013592780 0.010468550 0.010015000 0.010204550 0.013459180 0.015699210 0.024996000 0.017020600 0.037070800 0.035578270 0.037087940 0.025289690 0.021443310 0.018678990 0.021624120 0.019547860 0.016548400 
5     0.008560290 0.007811030 0.009718030 0.009058640 0.015680870 0.000000000 0.016059980 0.027562290 0.024867460 0.023902520 0.030928660 0.029822330 0.030995400 0.024275340 0.030343240 0.015182110 0.033108310 0.029401730 0.027101050 0.016118730 0.016538390 0.012532710 0.014824410 0.011655370 0.012491630 0.012921990 0.012361090 0.012281740 0.016534270 0.015516100 0.025801140 0.013931250 0.013188480 0.013547500 0.015941870 0.013336760 0.012968060 0.015349310 0.031728410 0.021231350 0.021650340 0.022569860 0.028303440 0.040119650 0.036500940 0.019302890 0.014504890 0.015192940 0.018537810 0.022502280 0.033204840 
25     0.012341970 0.011592710 0.013499710 0.012840320 0.003818140 0.016059980 0.000000000 0.006900110 0.004629750 0.005023260 0.013292830 0.012225720 0.013207050 0.004710830 0.003434490 0.009607440 0.016021120 0.006782420 0.012478010 0.006437870 0.014224160 0.005604950 0.002636370 0.008722410 0.008317530 0.007544660 0.007530880 0.010840060 0.014243980 0.015627940 0.011233230 0.011463450 0.003992070 0.009982830 0.007465070 0.010115150 0.008853940 0.005985630 0.009499820 0.021343190 0.017570540 0.016444550 0.006104780 0.023940660 0.027113800 0.012454490 0.009822110 0.009613500 0.009702160 0.016429850 0.010781030 
7     0.020689900 0.017987680 0.017876430 0.017986140 0.008238670 0.027562290 0.006900110 0.000000000 0.000633700 0.006682990 0.008826850 0.008707350 0.014412690 0.010373450 0.012417330 0.012313520 0.022754010 0.012312740 0.014289300 0.016108080 0.011590940 0.015168230 0.017763250 0.015657480 0.014919440 0.017055100 0.017121100 0.015604130 0.018566240 0.022076690 0.024922270 0.015785710 0.016447280 0.021717860 0.019624550 0.017123250 0.016561020 0.014506290 0.027141320 0.029381350 0.024753850 0.028387110 0.018578160 0.032456570 0.033966240 0.016776750 0.014144370 0.013935760 0.014024420 0.018150430 0.016394670 
19     0.013731780 0.012062490 0.008428620 0.015742720 0.024418300 0.024867460 0.004629750 0.000633700 0.000000000 0.007215580 0.008766470 0.008646970 0.014352310 0.002742430 0.012356950 0.012253140 0.018595470 0.012252360 0.011896710 0.015385010 0.006724870 0.015107850 0.017702870 0.015597100 0.014859060 0.016830610 0.015890510 0.015543750 0.018505860 0.022016310 0.024094560 0.015725330 0.016386900 0.016978130 0.019564170 0.015848410 0.010411540 0.014445910 0.030756750 0.030150670 0.022361260 0.026833290 0.017750450 0.033958770 0.035468440 0.016716370 0.014083990 0.013875380 0.009914550 0.015757840 0.017896870 
18     0.020184510 0.019435250 0.021342250 0.020682860 0.006361820 0.023902520 0.005023260 0.006682990 0.007215580 0.000000000 0.005304830 0.002599240 0.005244090 0.006091770 0.018584950 0.014046460 0.022894350 0.017507960 0.021788050 0.020687400 0.016767840 0.016036340 0.019468170 0.019404100 0.018893580 0.017704030 0.016966800 0.017376940 0.024488650 0.023470480 0.027352150 0.018169580 0.017571530 0.018303130 0.017974190 0.018265270 0.002603670 0.019641880 0.030442800 0.029185730 0.029601680 0.028000440 0.021042080 0.033644820 0.035154490 0.022944370 0.020311990 0.020103380 0.020192040 0.023443720 0.026904310 
9     0.023200850 0.022934830 0.024297900 0.022336890 0.024099370 0.030928660 0.013292830 0.008826850 0.008766470 0.005304830 0.000000000 0.000133920 0.000783630 0.007511980 0.014476220 0.016788500 0.030508700 0.018734210 0.002328060 0.009238090 0.021021110 0.021589700 0.020605090 0.018862610 0.021001480 0.017831930 0.017520570 0.017433280 0.024987710 0.028498160 0.025463360 0.019256250 0.018108360 0.020116460 0.020477000 0.020038160 0.017110010 0.018070910 0.023028790 0.025268820 0.021674160 0.026590210 0.030727550 0.031212990 0.032722660 0.023198220 0.020565840 0.020357230 0.020445890 0.025364020 0.027158160 
22     0.022540870 0.022274850 0.024178400 0.021676910 0.024105830 0.029822330 0.012225720 0.008707350 0.008646970 0.002599240 0.000133920 0.000000000 0.000846400 0.007392480 0.014482680 0.015839080 0.029848720 0.018614710 0.015939370 0.009244550 0.021027570 0.020390950 0.019945110 0.018202630 0.020341500 0.017171950 0.016860590 0.016773300 0.024868210 0.028378660 0.025469820 0.018596270 0.017448380 0.019814300 0.019766810 0.020044620 0.016450030 0.017410930 0.023035250 0.025275280 0.019048420 0.026596670 0.030608050 0.030553010 0.032062680 0.023078720 0.020446340 0.020237730 0.020326390 0.024704040 0.026668130 
24     0.020820450 0.020554430 0.023781210 0.019956490 0.026760420 0.030995400 0.013207050 0.014412690 0.014352310 0.005244090 0.000783630 0.000846400 0.000000000 0.012948640 0.017137270 0.014408100 0.028128300 0.020281910 0.006714580 0.011899140 0.012932280 0.020605870 0.018224690 0.016482210 0.018621080 0.015451530 0.015140170 0.015052880 0.030573550 0.030563360 0.028124410 0.016875850 0.015727960 0.018093880 0.018096600 0.019433860 0.014729610 0.015690510 0.025630570 0.027929870 0.011712580 0.029251260 0.036313390 0.028832590 0.030342260 0.023694990 0.019782260 0.020169430 0.021026250 0.022983620 0.024947710 
23     0.020557330 0.019808070 0.021715070 0.021055680 0.029005320 0.024275340 0.004710830 0.010373450 0.002742430 0.006091770 0.007511980 0.007392480 0.012948640 0.000000000 0.020385400 0.014051330 0.024078420 0.017512830 0.020585550 0.020541350 0.024865590 0.018603200 0.019322120 0.019195190 0.018747530 0.017219340 0.016971670 0.017381810 0.024861470 0.023843300 0.020907910 0.018174450 0.017576400 0.018308000 0.017139750 0.018270140 0.018255440 0.015660310 0.019174500 0.028091070 0.026825430 0.026864170 0.031414050 0.039986940 0.038215610 0.024705640 0.020379620 0.019105370 0.021992490 0.023448590 0.028704760 
28     0.025806930 0.021565680 0.020045790 0.019869130 0.014443890 0.030343240 0.003434490 0.012417330 0.012356950 0.018584950 0.014476220 0.014482680 0.017137270 0.020385400 0.000000000 0.021859170 0.032983740 0.019488800 0.013377050 0.013471170 0.011365630 0.024934960 0.011656680 0.010477190 0.011380870 0.010749150 0.010224470 0.014327230 0.028332970 0.029911200 0.015807880 0.012574790 0.010692790 0.010460980 0.013506910 0.010382680 0.009929130 0.010118680 0.013373310 0.015613340 0.020087080 0.016934730 0.034072810 0.032941640 0.055521580 0.005799410 0.021357440 0.021840860 0.021538250 0.030028070 0.030503420 
21     0.021945530 0.021526930 0.021437380 0.023536740 0.027840680 0.015182110 0.009607440 0.012313520 0.012253140 0.014046460 0.016788500 0.015839080 0.014408100 0.014051330 0.021859170 0.000000000 0.003387330 0.003289160 0.004130010 0.017997160 0.024579710 0.015423280 0.021436890 0.018413760 0.018317340 0.014897220 0.009582880 0.012483890 0.028205400 0.027187230 0.026526490 0.017177130 0.016745870 0.016871200 0.017148530 0.017439610 0.017424910 0.018816220 0.029443810 0.027603230 0.025783640 0.016732020 0.021948370 0.029606420 0.034155500 0.023875110 0.020375490 0.018311350 0.022443900 0.019180220 0.028760950 
15     0.028711370 0.027890440 0.032418160 0.032517110 0.035717920 0.033108310 0.016021120 0.022754010 0.018595470 0.022894350 0.030508700 0.029848720 0.028128300 0.024078420 0.032983740 0.003387330 0.000000000 0.002169730 0.001379620 0.018964460 0.034373770 0.026712370 0.028941380 0.026867080 0.026667760 0.025910970 0.023816050 0.024223760 0.041228900 0.042951390 0.040150350 0.026282420 0.025049890 0.026436680 0.025172100 0.023554850 0.025142320 0.026138010 0.037773500 0.032421490 0.033660880 0.031194590 0.039458580 0.046164740 0.042546030 0.032861650 0.008617020 0.023435790 0.023301790 0.026218700 0.042481150 
29     0.025004790 0.024183860 0.026696760 0.026998240 0.035305800 0.029401730 0.006782420 0.012312740 0.012252360 0.017507960 0.018734210 0.018614710 0.020281910 0.017512830 0.019488800 0.003289160 0.002169730 0.000000000 0.003443200 0.023668640 0.028165920 0.021234170 0.024898390 0.022039940 0.021778840 0.020339870 0.019602640 0.020012780 0.028228380 0.031738830 0.029987990 0.020805420 0.020207370 0.020938970 0.020610030 0.019848270 0.006785910 0.022277720 0.034066920 0.028714910 0.037949190 0.027488010 0.031377040 0.042458160 0.038839450 0.026438890 0.021003460 0.019729210 0.022759460 0.025274470 0.030398830 
49     0.022704110 0.019240850 0.017720960 0.017544300 0.027253210 0.027101050 0.012478010 0.014289300 0.011896710 0.021788050 0.002328060 0.015939370 0.006714580 0.020585550 0.013377050 0.004130010 0.001379620 0.003443200 0.000000000 0.021691990 0.025909060 0.020705110 0.022934120 0.020859820 0.020660500 0.019665520 0.017808790 0.018216500 0.032764190 0.005910170 0.029918250 0.019746270 0.019042630 0.020001890 0.019164840 0.017547590 0.018796950 0.020130750 0.031766240 0.026414230 0.017762250 0.025187330 0.033451320 0.030616810 0.036538770 0.025489860 0.018702780 0.017428530 0.020458780 0.018592750 0.035075580 
20     0.012400720 0.011651460 0.013558460 0.012899070 0.023094320 0.016118730 0.006437870 0.016108080 0.015385010 0.020687400 0.009238090 0.009244550 0.011899140 0.020541350 0.013471170 0.017997160 0.018964460 0.023668640 0.021691990 0.000000000 0.016708980 0.012703300 0.014995000 0.011825960 0.012662220 0.013092580 0.012531680 0.012452330 0.016704860 0.009579950 0.024458310 0.014101840 0.008523070 0.013718090 0.014850150 0.013507350 0.013138650 0.015519900 0.022023740 0.021401940 0.021820930 0.022740450 0.021375070 0.034053990 0.035563660 0.028422350 0.019543850 0.020507370 0.021878310 0.026052630 0.030169110 
45     0.012820380 0.012071120 0.013978120 0.013318730 0.011451500 0.016538390 0.014224160 0.011590940 0.006724870 0.016767840 0.021021110 0.021027570 0.012932280 0.024865590 0.011365630 0.024579710 0.034373770 0.028165920 0.025909060 0.016708980 0.000000000 0.000457300 0.003606760 0.005088500 0.005992180 0.006483420 0.005958740 0.009265770 0.015781220 0.010132280 0.011542150 0.008309060 0.006427060 0.006195250 0.004661440 0.006116950 0.005663400 0.005852950 0.009107580 0.011347610 0.017371830 0.012669000 0.025702160 0.025310490 0.026820160 0.016402860 0.017240170 0.017334840 0.017420980 0.018203710 0.025689390 
35     0.008814700 0.008065440 0.009972440 0.009313050 0.012828240 0.012532710 0.005604950 0.015168230 0.015107850 0.016036340 0.021589700 0.020390950 0.020605870 0.018603200 0.024934960 0.015423280 0.026712370 0.021234170 0.020705110 0.012703300 0.000457300 0.000000000 0.002696660 0.001004090 0.001336450 0.008099040 0.007005650 0.007523010 0.011775540 0.010757370 0.010244000 0.008564590 0.007966540 0.007777940 0.008369200 0.007910260 0.005085860 0.009536710 0.013709950 0.008357940 0.013212840 0.015910020 0.003899890 0.021735770 0.025166930 0.015492760 0.005824270 0.010994760 0.014025010 0.014301070 0.017577540 
46     0.011106400 0.010357140 0.012264140 0.011604750 0.011742550 0.014824410 0.002636370 0.017763250 0.017702870 0.019468170 0.020605090 0.019945110 0.018224690 0.019322120 0.011656680 0.021436890 0.028941380 0.024898390 0.022934120 0.014995000 0.003606760 0.002696660 0.000000000 0.001635990 0.002844050 0.006774470 0.006249790 0.007496370 0.014067240 0.013049070 0.011833200 0.008600110 0.006718110 0.006486300 0.008283750 0.006408000 0.005954450 0.006144000 0.009398630 0.010584690 0.012874810 0.012960050 0.025836410 0.021276080 0.022785750 0.015211360 0.014113710 0.013223770 0.015357700 0.017012210 0.021654980 
14     0.007937360 0.007188100 0.009095100 0.008435710 0.010563060 0.011655370 0.008722410 0.015657480 0.015597100 0.019404100 0.018862610 0.018202630 0.016482210 0.019195190 0.010477190 0.018413760 0.026867080 0.022039940 0.020859820 0.011825960 0.005088500 0.001004090 0.001635990 0.000000000 0.000806480 0.005594980 0.005070300 0.005753890 0.010898200 0.009880030 0.010653710 0.007420620 0.005538620 0.005306810 0.004903250 0.005228510 0.004774960 0.004964510 0.008219140 0.008510390 0.012746610 0.011780560 0.007017350 0.019533600 0.021043270 0.016283960 0.008941730 0.011149470 0.013615220 0.015106840 0.019912500 
31     0.008773620 0.008024360 0.009931360 0.009271970 0.011466740 0.012491630 0.008317530 0.014919440 0.014859060 0.018893580 0.021001480 0.020341500 0.018621080 0.018747530 0.011380870 0.018317340 0.026667760 0.021778840 0.020660500 0.012662220 0.005992180 0.001336450 0.002844050 0.000806480 0.000000000 0.006498660 0.005973980 0.007481930 0.011734460 0.010716290 0.011557390 0.008324300 0.006442300 0.006210490 0.008829130 0.006132190 0.005678640 0.005868190 0.009122820 0.008311070 0.014937570 0.012684240 0.007815700 0.021672470 0.023182140 0.016102790 0.009740080 0.010950150 0.013980400 0.014845740 0.021304890 
30     0.009203980 0.008454720 0.010361720 0.009702330 0.010835020 0.012921990 0.007544660 0.017055100 0.016830610 0.017704030 0.017831930 0.017171950 0.015451530 0.017219340 0.010749150 0.014897220 0.025910970 0.020339870 0.019665520 0.013092580 0.006483420 0.008099040 0.006774470 0.005594980 0.006498660 0.000000000 0.000023140 0.000310320 0.001961720 0.005472170 0.004114070 0.002868750 0.002074000 0.002578950 0.000269310 0.001467760 0.001581390 0.001591770 0.002380660 0.009104570 0.011128290 0.005590880 0.010465900 0.018465280 0.002869440 0.010159320 0.011164200 0.010193360 0.012584540 0.004264930 0.018881820 
16     0.008643080 0.007893820 0.009800820 0.009141430 0.010310340 0.012361090 0.007530880 0.017121100 0.015890510 0.016966800 0.017520570 0.016860590 0.015140170 0.016971670 0.010224470 0.009582880 0.023816050 0.019602640 0.017808790 0.012531680 0.005958740 0.007005650 0.006249790 0.005070300 0.005973980 0.000023140 0.000000000 0.000098170 0.000848330 0.003085240 0.004100290 0.001928650 0.001133900 0.002020790 0.000255530 0.000527660 0.000641290 0.001258060 0.002366880 0.000998630 0.004674780 0.006745950 0.010269480 0.017529340 0.002391140 0.009219220 0.009372690 0.007905240 0.011128690 0.011020070 0.018570460 
40     0.008563730 0.007814470 0.009721470 0.009062080 0.014413100 0.012281740 0.010840060 0.015604130 0.015543750 0.017376940 0.017433280 0.016773300 0.015052880 0.017381810 0.014327230 0.012483890 0.024223760 0.020012780 0.018216500 0.012452330 0.009265770 0.007523010 0.007496370 0.005753890 0.007481930 0.000310320 0.000098170 0.000000000 0.001771870 0.004127130 0.006678120 0.001084300 0.001146310 0.001994920 0.002707440 0.000540070 0.000653700 0.001569160 0.007304430 0.011414850 0.004864900 0.013093130 0.011535410 0.017719460 0.001277020 0.009231630 0.009780400 0.008506150 0.011536400 0.011032480 0.018483170 
47     0.012816260 0.012067000 0.013974000 0.013314610 0.031330960 0.016534270 0.014243980 0.018566240 0.018505860 0.024488650 0.024987710 0.024868210 0.030573550 0.024861470 0.028332970 0.028205400 0.041228900 0.028228380 0.032764190 0.016704860 0.015781220 0.011775540 0.014067240 0.010898200 0.011734460 0.001961720 0.000848330 0.001771870 0.000000000 0.002290590 0.018151950 0.005512370 0.006173940 0.007366710 0.009351210 0.006849910 0.006287680 0.004531270 0.028289810 0.015667380 0.020657910 0.021577430 0.018964280 0.035872390 0.040413050 0.022464050 0.019831670 0.019623060 0.019711720 0.025058840 0.026423990 
44     0.011798090 0.011048830 0.012955830 0.012296440 0.034841410 0.015516100 0.015627940 0.022076690 0.022016310 0.023470480 0.028498160 0.028378660 0.030563360 0.023843300 0.029911200 0.027187230 0.042951390 0.031738830 0.005910170 0.009579950 0.010132280 0.010757370 0.013049070 0.009880030 0.010716290 0.005472170 0.003085240 0.004127130 0.002290590 0.000000000 0.013070220 0.006732290 0.003796660 0.003722980 0.008292650 0.006137800 0.005700480 0.008041720 0.027271640 0.014649210 0.019639740 0.020559260 0.022474730 0.039382840 0.029474080 0.025974500 0.018793580 0.023133510 0.005396480 0.028801090 0.025325390 
12     0.018873190 0.021333870 0.022569670 0.019736490 0.015893750 0.025801140 0.011233230 0.024922270 0.024094560 0.027352150 0.025463360 0.025469820 0.028124410 0.020907910 0.015807880 0.026526490 0.040150350 0.029987990 0.029918250 0.024458310 0.011542150 0.010244000 0.011833200 0.010653710 0.011557390 0.004114070 0.004100290 0.006678120 0.018151950 0.013070220 0.000000000 0.003927330 0.003648670 0.003220820 0.004034480 0.003353140 0.003482880 0.005280340 0.006002970 0.014163300 0.014726960 0.016423630 0.010544170 0.027581520 0.048052080 0.014450150 0.015455610 0.019256580 0.021863230 0.023054890 0.043843340 
11     0.010213240 0.009463980 0.011370980 0.010711590 0.012660660 0.013931250 0.011463450 0.015785710 0.015725330 0.018169580 0.019256250 0.018596270 0.016875850 0.018174450 0.012574790 0.017177130 0.026282420 0.020805420 0.019746270 0.014101840 0.008309060 0.008564590 0.008600110 0.007420620 0.008324300 0.002868750 0.001928650 0.001084300 0.005512370 0.006732290 0.003927330 0.000000000 0.000036890 0.000318780 0.002346560 0.001578190 0.001385250 0.001750740 0.008690180 0.010930210 0.004554980 0.013190540 0.016183750 0.017409540 0.015119390 0.010578110 0.011629750 0.010564810 0.004945000 0.012378960 0.020306140 
39     0.009470470 0.008721210 0.010628210 0.009968820 0.010778660 0.013188480 0.003992070 0.016447280 0.016386900 0.017571530 0.018108360 0.017448380 0.015727960 0.017576400 0.010692790 0.016745870 0.025049890 0.020207370 0.019042630 0.008523070 0.006427060 0.007966540 0.006718110 0.005538620 0.006442300 0.002074000 0.001133900 0.001146310 0.006173940 0.003796660 0.003648670 0.000036890 0.000000000 0.000857730 0.001903510 0.000783440 0.000897070 0.002412310 0.006808180 0.009048210 0.004111930 0.011308540 0.008505960 0.016966490 0.017172490 0.009783360 0.010606530 0.009332280 0.012362530 0.011584210 0.019158250 
13     0.009829490 0.009080230 0.010987230 0.010327840 0.010546850 0.013547500 0.009982830 0.021717860 0.016978130 0.018303130 0.020116460 0.019814300 0.018093880 0.018308000 0.010460980 0.016871200 0.026436680 0.020938970 0.020001890 0.013718090 0.006195250 0.007777940 0.006486300 0.005306810 0.006210490 0.002578950 0.002020790 0.001994920 0.007366710 0.003722980 0.003220820 0.000318780 0.000857730 0.000000000 0.002185100 0.000879440 0.001009180 0.003321740 0.006576370 0.008816400 0.004810600 0.008674310 0.008078110 0.017665160 0.020682580 0.013437040 0.011763300 0.010719070 0.013749320 0.014005870 0.021524170 
32     0.012223860 0.011474600 0.012117890 0.011941230 0.013592780 0.015941870 0.007465070 0.019624550 0.019564170 0.017974190 0.020477000 0.019766810 0.018096600 0.017139750 0.013506910 0.017148530 0.025172100 0.020610030 0.019164840 0.014850150 0.004661440 0.008369200 0.008283750 0.004903250 0.008829130 0.000269310 0.000255530 0.002707440 0.009351210 0.008292650 0.004034480 0.002346560 0.001903510 0.002185100 0.000000000 0.002397970 0.001463790 0.001512180 0.002301070 0.011862330 0.004275180 0.014041470 0.020022590 0.017129740 0.022644880 0.009330270 0.010728740 0.009446680 0.012484740 0.013676930 0.021526890 
8     0.009618750 0.008869490 0.010776490 0.010117100 0.010468550 0.013336760 0.010115150 0.017123250 0.015848410 0.018265270 0.020038160 0.020044620 0.019433860 0.018270140 0.010382680 0.017439610 0.023554850 0.019848270 0.017547590 0.013507350 0.006116950 0.007910260 0.006408000 0.005228510 0.006132190 0.001467760 0.000527660 0.000540070 0.006849910 0.006137800 0.003353140 0.001578190 0.000783440 0.000879440 0.002397970 0.000000000 0.000129860 0.003088280 0.006100570 0.008738100 0.010146090 0.010998430 0.008210430 0.025001800 0.008302450 0.009177120 0.009111490 0.001356920 0.010867490 0.010977970 0.024981000 
38     0.009250050 0.008500790 0.010407790 0.009748400 0.010015000 0.012968060 0.008853940 0.016561020 0.010411540 0.002603670 0.017110010 0.016450030 0.014729610 0.018255440 0.009929130 0.017424910 0.025142320 0.006785910 0.018796950 0.013138650 0.005663400 0.005085860 0.005954450 0.004774960 0.005678640 0.001581390 0.000641290 0.000653700 0.006287680 0.005700480 0.003482880 0.001385250 0.000897070 0.001009180 0.001463790 0.000129860 0.000000000 0.002526050 0.003689940 0.008284550 0.006250690 0.009737050 0.008340170 0.017768220 0.012784660 0.009290750 0.002121430 0.005444710 0.011862620 0.011091600 0.018159900 
36     0.011631300 0.010882040 0.012789040 0.011504980 0.010204550 0.015349310 0.005985630 0.014506290 0.014445910 0.019641880 0.018070910 0.017410930 0.015690510 0.015660310 0.010118680 0.018816220 0.026138010 0.022277720 0.020130750 0.015519900 0.005852950 0.009536710 0.006144000 0.004964510 0.005868190 0.001591770 0.001258060 0.001569160 0.004531270 0.008041720 0.005280340 0.001750740 0.002412310 0.003321740 0.001512180 0.003088280 0.002526050 0.000000000 0.003546930 0.008185100 0.008662820 0.010734430 0.009712370 0.018729120 0.007354790 0.012114470 0.008211980 0.010358640 0.006287190 0.014780890 0.019120800 
33     0.017139780 0.021439820 0.022827190 0.018003080 0.013459180 0.031728410 0.009499820 0.027141320 0.030756750 0.030442800 0.023028790 0.023035250 0.025630570 0.019174500 0.013373310 0.029443810 0.037773500 0.034066920 0.031766240 0.022023740 0.009107580 0.013709950 0.009398630 0.008219140 0.009122820 0.002380660 0.002366880 0.007304430 0.028289810 0.027271640 0.006002970 0.008690180 0.006808180 0.006576370 0.002301070 0.006100570 0.003689940 0.003546930 0.000000000 0.002257810 0.026521030 0.013989060 0.031460690 0.028669180 0.007251410 0.015628660 0.019247850 0.017523170 0.019428660 0.024720950 0.029060860 
10     0.017513340 0.016764080 0.018671080 0.018011690 0.015699210 0.021231350 0.021343190 0.029381350 0.030150670 0.029185730 0.025268820 0.025275280 0.027929870 0.028091070 0.015613340 0.027603230 0.032421490 0.028714910 0.026414230 0.021401940 0.011347610 0.008357940 0.010584690 0.008510390 0.008311070 0.009104570 0.000998630 0.011414850 0.015667380 0.014649210 0.014163300 0.010930210 0.009048210 0.008816400 0.011862330 0.008738100 0.008284550 0.008185100 0.002257810 0.000000000 0.025354990 0.016229090 0.028725680 0.031596830 0.008056870 0.026129740 0.017978130 0.016703880 0.019734130 0.022249140 0.031988510 
26     0.017932330 0.011933560 0.010413670 0.010237010 0.024996000 0.021650340 0.017570540 0.024753850 0.022361260 0.029601680 0.021674160 0.019048420 0.011712580 0.026825430 0.020087080 0.025783640 0.033660880 0.037949190 0.017762250 0.021820930 0.017371830 0.013212840 0.012874810 0.012746610 0.014937570 0.011128290 0.004674780 0.004864900 0.020657910 0.019639740 0.014726960 0.004554980 0.004111930 0.004810600 0.004275180 0.010146090 0.006250690 0.008662820 0.026521030 0.025354990 0.000000000 0.013429870 0.004996160 0.013271800 0.015839840 0.016952630 0.022465250 0.016621950 0.023817450 0.017490820 0.016850530 
34     0.018851850 0.018102590 0.020009590 0.019350200 0.017020600 0.022569860 0.016444550 0.028387110 0.026833290 0.028000440 0.026590210 0.026596670 0.029251260 0.026864170 0.016934730 0.016732020 0.031194590 0.027488010 0.025187330 0.022740450 0.012669000 0.015910020 0.012960050 0.011780560 0.012684240 0.005590880 0.006745950 0.013093130 0.021577430 0.020559260 0.016423630 0.013190540 0.011308540 0.008674310 0.014041470 0.010998430 0.009737050 0.010734430 0.013989060 0.016229090 0.013429870 0.000000000 0.007641730 0.012917200 0.017962990 0.015366730 0.005513030 0.015476980 0.018507230 0.021022240 0.031282410 
42     0.024585430 0.023836170 0.024837230 0.025083780 0.037070800 0.028303440 0.006104780 0.018578160 0.017750450 0.021042080 0.030727550 0.030608050 0.036313390 0.031414050 0.034072810 0.021948370 0.039458580 0.031377040 0.033451320 0.021375070 0.025702160 0.003899890 0.025836410 0.007017350 0.007815700 0.010465900 0.010269480 0.011535410 0.018964280 0.022474730 0.010544170 0.016183750 0.008505960 0.008078110 0.020022590 0.008210430 0.008340170 0.009712370 0.031460690 0.028725680 0.004996160 0.007641730 0.000000000 0.005897050 0.007597050 0.028203890 0.009111500 0.017243190 0.018176430 0.029286230 0.032163830 
48     0.025511020 0.024788120 0.023268230 0.023091570 0.035578270 0.040119650 0.023940660 0.032456570 0.033958770 0.033644820 0.031212990 0.030553010 0.028832590 0.039986940 0.032941640 0.029606420 0.046164740 0.042458160 0.030616810 0.034053990 0.025310490 0.021735770 0.021276080 0.019533600 0.021672470 0.018465280 0.017529340 0.017719460 0.035872390 0.039382840 0.027581520 0.017409540 0.016966490 0.017665160 0.017129740 0.025001800 0.017768220 0.018729120 0.028669180 0.031596830 0.013271800 0.012917200 0.005897050 0.000000000 0.000224160 0.012547160 0.024721610 0.025108780 0.025965600 0.027922970 0.032262880 
17     0.027020690 0.026754670 0.029981450 0.026156730 0.037087940 0.036500940 0.027113800 0.033966240 0.035468440 0.035154490 0.032722660 0.032062680 0.030342260 0.038215610 0.055521580 0.034155500 0.042546030 0.038839450 0.036538770 0.035563660 0.026820160 0.025166930 0.022785750 0.021043270 0.023182140 0.002869440 0.002391140 0.001277020 0.040413050 0.029474080 0.048052080 0.015119390 0.017172490 0.020682580 0.022644880 0.008302450 0.012784660 0.007354790 0.007251410 0.008056870 0.015839840 0.017962990 0.007597050 0.000224160 0.000000000 0.030144010 0.026231280 0.026618450 0.027475270 0.029432640 0.033772550 
27     0.020622200 0.019464220 0.020376200 0.019736850 0.025289690 0.019302890 0.012454490 0.016776750 0.016716370 0.022944370 0.023198220 0.023078720 0.023694990 0.024705640 0.005799410 0.023875110 0.032861650 0.026438890 0.025489860 0.028422350 0.016402860 0.015492760 0.015211360 0.016283960 0.016102790 0.010159320 0.009219220 0.009231630 0.022464050 0.025974500 0.014450150 0.010578110 0.009783360 0.013437040 0.009330270 0.009177120 0.009290750 0.012114470 0.015628660 0.026129740 0.016952630 0.015366730 0.028203890 0.012547160 0.030144010 0.000000000 0.003301360 0.003542380 0.003703960 0.002792870 0.023162200 
41     0.013834330 0.013013400 0.017541120 0.015845510 0.021443310 0.014504890 0.009822110 0.014144370 0.014083990 0.020311990 0.020565840 0.020446340 0.019782260 0.020379620 0.021357440 0.020375490 0.008617020 0.021003460 0.018702780 0.019543850 0.017240170 0.005824270 0.014113710 0.008941730 0.009740080 0.011164200 0.009372690 0.009780400 0.019831670 0.018793580 0.015455610 0.011629750 0.010606530 0.011763300 0.010728740 0.009111490 0.002121430 0.008211980 0.019247850 0.017978130 0.022465250 0.005513030 0.009111500 0.024721610 0.026231280 0.003301360 0.000000000 0.000329830 0.000274270 0.002679670 0.011112350 
43     0.012560080 0.011739150 0.016266870 0.016232680 0.018678990 0.015192940 0.009613500 0.013935760 0.013875380 0.020103380 0.020357230 0.020237730 0.020169430 0.019105370 0.021840860 0.018311350 0.023435790 0.019729210 0.017428530 0.020507370 0.017334840 0.010994760 0.013223770 0.011149470 0.010950150 0.010193360 0.007905240 0.008506150 0.019623060 0.023133510 0.019256580 0.010564810 0.009332280 0.010719070 0.009446680 0.001356920 0.005444710 0.010358640 0.017523170 0.016703880 0.016621950 0.015476980 0.017243190 0.025108780 0.026618450 0.003542380 0.000329830 0.000000000 0.000209880 0.001227830 0.020321210 
37     0.015513250 0.014763990 0.016670990 0.016011600 0.021624120 0.018537810 0.009702160 0.014024420 0.009914550 0.020192040 0.020445890 0.020326390 0.021026250 0.021992490 0.021538250 0.022443900 0.023301790 0.022759460 0.020458780 0.021878310 0.017420980 0.014025010 0.015357700 0.013615220 0.013980400 0.012584540 0.011128690 0.011536400 0.019711720 0.005396480 0.021863230 0.004945000 0.012362530 0.013749320 0.012484740 0.010867490 0.011862620 0.006287190 0.019428660 0.019734130 0.023817450 0.018507230 0.018176430 0.025965600 0.027475270 0.003703960 0.000274270 0.000209880 0.000000000 0.006079560 0.020409870 
50     0.018105340 0.017284410 0.020653560 0.019046870 0.019547860 0.022502280 0.016429850 0.018150430 0.015757840 0.023443720 0.025364020 0.024704040 0.022983620 0.023448590 0.030028070 0.019180220 0.026218700 0.025274470 0.018592750 0.026052630 0.018203710 0.014301070 0.017012210 0.015106840 0.014845740 0.004264930 0.011020070 0.011032480 0.025058840 0.028801090 0.023054890 0.012378960 0.011584210 0.014005870 0.013676930 0.010977970 0.011091600 0.014780890 0.024720950 0.022249140 0.017490820 0.021022240 0.029286230 0.027922970 0.029432640 0.002792870 0.002679670 0.001227830 0.006079560 0.000000000 0.026413910 
0     0.024250740 0.023984720 0.024336140 0.023386780 0.016548400 0.033204840 0.010781030 0.016394670 0.017896870 0.026904310 0.027158160 0.026668130 0.024947710 0.028704760 0.030503420 0.028760950 0.042481150 0.030398830 0.035075580 0.030169110 0.025689390 0.017577540 0.021654980 0.019912500 0.021304890 0.018881820 0.018570460 0.018483170 0.026423990 0.025325390 0.043843340 0.020306140 0.019158250 0.021524170 0.021526890 0.024981000 0.018159900 0.019120800 0.029060860 0.031988510 0.016850530 0.031282410 0.032163830 0.032262880 0.033772550 0.023162200 0.011112350 0.020321210 0.020409870 0.026413910 0.000000000 
