51
1     0.000000000 0.044205511 0.042863935 0.043171963 0.316817608 0.396381325 0.234654503 0.332126885 0.349478846 0.295958746 0.342226008 0.339743837 0.340340352 0.288622833 0.613970224 0.350737283 0.516708591 0.413775845 0.428809909 0.296783866 0.279205701 0.194464683 0.221245043 0.184939739 0.194561612 0.185919515 0.169221396 0.172766752 0.396282054 0.364140285 0.445677797 0.188239569 0.186668470 0.196168742 0.187332155 0.191976084 0.178103151 0.199004534 0.415058003 0.391195854 0.357092384 0.321529427 0.534971126 0.554510449 0.625701583 0.263379720 0.205072708 0.241224906 0.225983900 0.265235476 0.839037096 
4     0.044205511 0.000000000 0.037955929 0.039327459 0.316266841 0.395830099 0.234103277 0.331575659 0.348927620 0.295407520 0.341674782 0.339192612 0.339789126 0.288071608 0.613418998 0.350186057 0.516157365 0.413224619 0.428258683 0.296232640 0.278654475 0.193913458 0.220693817 0.184388513 0.194010386 0.185368290 0.168670170 0.172215526 0.395707208 0.363565439 0.445126572 0.187688343 0.186117244 0.195617517 0.186780929 0.191424858 0.177551925 0.198453308 0.414506777 0.390644628 0.356541158 0.320978201 0.534419900 0.553959223 0.625150357 0.262828495 0.204521483 0.240673680 0.225432674 0.264684250 0.838485871 
2     0.042863935 0.037955929 0.000000000 0.035943311 0.316016348 0.395609433 0.233882611 0.331354994 0.348706955 0.295186854 0.341454116 0.338971946 0.339568460 0.287850942 0.613198333 0.349965391 0.515936699 0.413003954 0.428038018 0.296011974 0.278433809 0.193692792 0.220473151 0.184167847 0.193789721 0.185147624 0.168449504 0.171994860 0.395510163 0.363368393 0.444905906 0.187467678 0.185896578 0.195396851 0.186560264 0.191204193 0.177331259 0.198232643 0.414286112 0.390423963 0.356320493 0.320757535 0.534199234 0.553738557 0.624929692 0.262607829 0.204300817 0.240453014 0.225212008 0.264463585 0.838265205 
3     0.043171963 0.039327459 0.035943311 0.000000000 0.315547564 0.395112066 0.233385244 0.330857626 0.348209587 0.294689487 0.340956749 0.338474578 0.339071093 0.287353574 0.612700965 0.349468024 0.515439332 0.412506586 0.427540650 0.295514607 0.277936442 0.193195425 0.219975784 0.183670480 0.193292353 0.184650256 0.167952137 0.171497493 0.394989175 0.362847406 0.444408538 0.186970310 0.185399211 0.194899484 0.186062896 0.190706825 0.176833892 0.197735275 0.413788744 0.389926595 0.355823125 0.320260168 0.533701867 0.553241190 0.624432324 0.262110461 0.203803449 0.239955647 0.224714641 0.263966217 0.837767837 
6     0.316817608 0.316266841 0.316016348 0.315547564 0.000000000 0.586514790 0.424873376 0.521604759 0.539045053 0.486313812 0.532615305 0.530133134 0.530695418 0.478790712 0.803786261 0.540974242 0.706848711 0.604012804 0.619046868 0.487041717 0.469150686 0.384322177 0.411102536 0.374877044 0.384199254 0.375831240 0.359136482 0.362681838 0.586151984 0.554010215 0.635620341 0.378046782 0.376475683 0.385956975 0.377204674 0.381808421 0.367936072 0.388961856 0.604813031 0.580638005 0.546516986 0.511109108 0.723650823 0.744065198 0.814892350 0.452625782 0.394880120 0.431032318 0.415791312 0.455042888 1.030051433 
5     0.396381325 0.395830099 0.395609433 0.395112066 0.586514790 0.000000000 0.467747296 0.565557157 0.583066807 0.527970352 0.575454491 0.572972320 0.573534604 0.521841336 0.847112950 0.583182932 0.749790816 0.646948796 0.661986103 0.530061229 0.512411277 0.427553317 0.453909336 0.417683720 0.427364394 0.417748711 0.401053953 0.404599309 0.629140773 0.596999004 0.678562024 0.421043727 0.419472628 0.428972900 0.420097900 0.424265118 0.410869480 0.431840793 0.647944241 0.623896948 0.589954537 0.554075832 0.767451679 0.786441916 0.857626470 0.496481010 0.438076554 0.474245283 0.458985265 0.498265436 1.068898255 
25     0.234654503 0.234103277 0.233882611 0.233385244 0.424873376 0.467747296 0.000000000 0.244471101 0.261440343 0.208573839 0.254329162 0.251819560 0.252572685 0.201069332 0.526098329 0.263508306 0.429421565 0.326787461 0.341606923 0.233638745 0.298743914 0.213692983 0.240895213 0.204565335 0.214201481 0.204142751 0.187582716 0.191261724 0.415023835 0.382856123 0.463911487 0.206241888 0.204594128 0.214476623 0.206052463 0.210905848 0.196870609 0.218203581 0.434277022 0.410737271 0.375513096 0.339182880 0.552462149 0.571506325 0.642373673 0.281938363 0.224166043 0.260389033 0.244545288 0.284617951 0.874164160 
7     0.332126885 0.331575659 0.331354994 0.330857626 0.521604759 0.565557157 0.244471101 0.000000000 0.115432000 0.247402536 0.293198777 0.290558910 0.291821399 0.241764112 0.612848788 0.347751635 0.513305418 0.411169904 0.425507898 0.332683631 0.396885624 0.311897781 0.339166009 0.302838455 0.312265919 0.301871884 0.285806710 0.289451299 0.513058453 0.480867434 0.562031537 0.303778911 0.302211538 0.312011782 0.304005635 0.308961151 0.294939106 0.315998924 0.532010722 0.508470971 0.473706386 0.437819634 0.651307150 0.670598459 0.741511675 0.379940447 0.321754924 0.357529855 0.341254695 0.382079984 0.974932903 
19     0.349478846 0.348927620 0.348706955 0.348209587 0.539045053 0.583066807 0.261440343 0.115432000 0.000000000 0.263659166 0.309450332 0.306788765 0.307964200 0.258312233 0.629600264 0.364564656 0.529754435 0.427982926 0.441676249 0.349957505 0.414273423 0.329289165 0.356543146 0.320213172 0.329507010 0.319335458 0.303266712 0.306911301 0.530535281 0.498344262 0.579534897 0.321232135 0.319659568 0.329515562 0.321502400 0.326451891 0.312426994 0.333557214 0.549569451 0.526029700 0.490745003 0.455265091 0.668722416 0.688020081 0.758933297 0.397638796 0.339255584 0.375446765 0.358958493 0.399805986 0.992357045 
18     0.295958746 0.295407520 0.295186854 0.294689487 0.486313812 0.527970352 0.208573839 0.247402536 0.263659166 0.000000000 0.150001471 0.147885025 0.149486455 0.151046252 0.573550670 0.308283975 0.472857727 0.371215518 0.385648467 0.296231225 0.360351329 0.275376190 0.302618985 0.266291430 0.275873670 0.265243505 0.248764756 0.252777409 0.476130633 0.443944765 0.525301554 0.266956759 0.265384192 0.274885167 0.266550822 0.271869191 0.257965252 0.279067633 0.495069778 0.471530027 0.437070346 0.401630199 0.614669345 0.634072281 0.704985497 0.343819626 0.285726106 0.322007107 0.305353234 0.346283171 0.938553232 
9     0.342226008 0.341674782 0.341454116 0.340956749 0.532615305 0.575454491 0.254329162 0.293198777 0.309450332 0.150001471 0.000000000 0.070361762 0.085906897 0.195016984 0.619379208 0.354124446 0.518909737 0.417271059 0.431457460 0.341235009 0.406547680 0.321572541 0.348815336 0.312487781 0.322070021 0.311665933 0.295187184 0.299082120 0.522628572 0.490476801 0.571833886 0.313496297 0.311923730 0.321478374 0.313095391 0.318392926 0.304533008 0.325413547 0.541554499 0.518014748 0.483422090 0.448003664 0.661044219 0.680447694 0.751360910 0.390080254 0.331988222 0.368267735 0.351613863 0.392543800 0.984761554 
22     0.339743837 0.339192612 0.338971946 0.338474578 0.530133134 0.572972320 0.251819560 0.290558910 0.306788765 0.147885025 0.070361762 0.000000000 0.082158028 0.192857433 0.616880710 0.351632859 0.516418149 0.414779471 0.428974690 0.338734341 0.404065509 0.319090371 0.346333166 0.310005611 0.319587851 0.309154218 0.292675469 0.296599949 0.520146402 0.487994630 0.569351716 0.311014126 0.309441560 0.318991907 0.310613221 0.315946717 0.302050838 0.322994358 0.539072328 0.515532577 0.480939920 0.445521493 0.658562048 0.677965523 0.748878740 0.387598084 0.329504564 0.365785565 0.349131692 0.390061629 0.982279383 
24     0.340340352 0.339789126 0.339568460 0.339071093 0.530695418 0.573534604 0.252572685 0.291821399 0.307964200 0.149486455 0.085906897 0.082158028 0.000000000 0.193163276 0.617610943 0.352462754 0.517248044 0.415609366 0.429802031 0.339379559 0.404552682 0.319606698 0.346859955 0.310532401 0.320114640 0.309664880 0.293186131 0.297110611 0.520633866 0.488482094 0.569836704 0.311501590 0.309929023 0.319555029 0.311098209 0.316333561 0.302538302 0.323435735 0.539582991 0.516043239 0.481459643 0.446049560 0.659090115 0.678493590 0.749406806 0.388143367 0.330049847 0.366330848 0.349739439 0.390606912 0.982841667 
23     0.288622833 0.288071608 0.287850942 0.287353574 0.478790712 0.521841336 0.201069332 0.241764112 0.258312233 0.151046252 0.195016984 0.192857433 0.193163276 0.000000000 0.567583420 0.302202554 0.467230661 0.365034371 0.379603372 0.287928806 0.352747282 0.267790573 0.294934901 0.258557255 0.268189586 0.257731384 0.241252635 0.245033166 0.468419151 0.436233283 0.517545334 0.259408910 0.257836343 0.267473677 0.258993282 0.264551189 0.250594375 0.271588683 0.486963826 0.463507842 0.429528232 0.393935495 0.607275729 0.626385385 0.697298601 0.336316565 0.278330244 0.314504046 0.298341242 0.338780110 0.931163582 
28     0.613970224 0.613418998 0.613198333 0.612700965 0.803786261 0.847112950 0.526098329 0.612848788 0.629600264 0.573550670 0.619379208 0.616880710 0.617610943 0.567583420 0.000000000 0.604636108 0.771612421 0.667389851 0.683660994 0.612251698 0.678492781 0.592903606 0.620717876 0.584373771 0.593985777 0.583948993 0.567353122 0.571123173 0.794645529 0.762455156 0.842399177 0.585887152 0.584314586 0.594160515 0.585594804 0.590536566 0.576524831 0.597968282 0.813689712 0.790138510 0.755933584 0.720025835 0.933339774 0.951820937 1.022734153 0.661164896 0.603626353 0.639887521 0.623930282 0.664180709 1.255431037 
21     0.350737283 0.350186057 0.349965391 0.349468024 0.540974242 0.583182932 0.263508306 0.347751635 0.364564656 0.308283975 0.354124446 0.351632859 0.352462754 0.302202554 0.604636108 0.000000000 0.357652067 0.250244164 0.267465693 0.348810430 0.414962219 0.330065476 0.357165614 0.320866251 0.330448503 0.320029873 0.303310159 0.307133845 0.530994165 0.498803792 0.580044377 0.322043960 0.320431305 0.330327617 0.321778533 0.326807189 0.312699414 0.334168927 0.550229137 0.526677935 0.492199910 0.456063825 0.669530943 0.689213768 0.760366252 0.397610576 0.340150695 0.376188159 0.360343287 0.400715981 0.991562400 
15     0.516708591 0.516157365 0.515936699 0.515439332 0.706848711 0.749790816 0.429421565 0.513305418 0.529754435 0.472857727 0.518909737 0.516418149 0.517248044 0.467230661 0.771612421 0.357652067 0.000000000 0.361224125 0.390857177 0.514422602 0.580622573 0.495571500 0.522811660 0.486212574 0.495690324 0.485899612 0.469040993 0.473016205 0.696808201 0.664617827 0.745855986 0.487859974 0.486247319 0.496116978 0.487594672 0.492561936 0.478380951 0.500109702 0.716055237 0.692504035 0.657839236 0.621753169 0.835052457 0.854802802 0.925904504 0.563355734 0.505802576 0.541977344 0.525938611 0.566588786 1.159105033 
29     0.413775845 0.413224619 0.413003954 0.412506586 0.604012804 0.646948796 0.326787461 0.411169904 0.427982926 0.371215518 0.417271059 0.414779471 0.415609366 0.365034371 0.667389851 0.250244164 0.361224125 0.000000000 0.291176968 0.412186830 0.477518135 0.392461719 0.419880838 0.383581476 0.393110222 0.382797770 0.366021254 0.369901157 0.593665546 0.561475172 0.642720064 0.384689941 0.383077286 0.392968782 0.384433287 0.389414294 0.375157155 0.396904236 0.612835787 0.589284585 0.554188634 0.518470191 0.731852093 0.751213314 0.822262086 0.459888444 0.402858141 0.439076170 0.423075256 0.463728081 1.056238161 
49     0.428809909 0.428258683 0.428038018 0.427540650 0.619046868 0.661986103 0.341606923 0.425507898 0.441676249 0.385648467 0.431457460 0.428974690 0.429802031 0.379603372 0.683660994 0.267465693 0.390857177 0.291176968 0.000000000 0.427364930 0.493089915 0.407816566 0.435273556 0.398802383 0.408331129 0.398719474 0.381990824 0.385822861 0.609216026 0.577021762 0.658674579 0.400650227 0.399037572 0.408929068 0.400410413 0.405403252 0.391235246 0.412123169 0.628031917 0.604839320 0.570293069 0.534503792 0.747528634 0.767256635 0.838358337 0.474886560 0.418064078 0.454154158 0.438115425 0.478694908 1.071281864 
20     0.296783866 0.296232640 0.296011974 0.295514607 0.487041717 0.530061229 0.233638745 0.332683631 0.349957505 0.296231225 0.341235009 0.338734341 0.339379559 0.287928806 0.612251698 0.348810430 0.514422602 0.412186830 0.427364930 0.000000000 0.360696307 0.275624392 0.302624089 0.266509462 0.276225852 0.266287887 0.249673169 0.253323110 0.476934953 0.444591169 0.525722361 0.268119162 0.266540385 0.276408814 0.267963755 0.272777326 0.258707417 0.280512793 0.496548395 0.473008644 0.438215591 0.401064303 0.615303881 0.634061211 0.704530118 0.344451030 0.286168884 0.322431201 0.306647912 0.346566051 0.937611862 
45     0.279205701 0.278654475 0.278433809 0.277936442 0.469150686 0.512411277 0.298743914 0.396885624 0.414273423 0.360351329 0.406547680 0.404065509 0.404552682 0.352747282 0.678492781 0.414962219 0.580622573 0.477518135 0.493089915 0.360696307 0.000000000 0.163015090 0.208578359 0.172456677 0.182181474 0.220461997 0.203831017 0.207208270 0.430638034 0.398544316 0.480289455 0.222662635 0.221186171 0.230667884 0.221572399 0.226431640 0.212432363 0.234039138 0.449479737 0.425807305 0.393275014 0.357060501 0.570264700 0.589693221 0.660892522 0.320565416 0.262001202 0.298364349 0.282981793 0.322286910 0.920626681 
35     0.194464683 0.193913458 0.193692792 0.193195425 0.384322177 0.427553317 0.213692983 0.311897781 0.329289165 0.275376190 0.321572541 0.319090371 0.319606698 0.267790573 0.592903606 0.330065476 0.495571500 0.392461719 0.407816566 0.275624392 0.163015090 0.000000000 0.123803100 0.087643637 0.097359823 0.135911389 0.119281282 0.122654777 0.346216843 0.314254352 0.395688521 0.138119787 0.136648458 0.146127450 0.137078497 0.141912912 0.127884850 0.149336810 0.365402461 0.341666183 0.308244549 0.271930049 0.485214357 0.504652137 0.575851438 0.235665373 0.177134816 0.213497962 0.198111566 0.237420524 0.835765892 
46     0.221245043 0.220693817 0.220473151 0.219975784 0.411102536 0.453909336 0.240895213 0.339166009 0.356543146 0.302618985 0.348815336 0.346333166 0.346859955 0.294934901 0.620717876 0.357165614 0.522811660 0.419880838 0.435273556 0.302624089 0.208578359 0.123803100 0.000000000 0.084543822 0.095036768 0.162659020 0.146028913 0.149402408 0.372944012 0.340981521 0.422492094 0.164843470 0.163350279 0.172829271 0.163773035 0.168609011 0.154620167 0.176146585 0.392257484 0.368816923 0.335429300 0.299237276 0.512090893 0.531842488 0.603041789 0.262634974 0.204133146 0.240510273 0.225131925 0.264414522 0.862649306 
14     0.184939739 0.184388513 0.184167847 0.183670480 0.374877044 0.417683720 0.204565335 0.302838455 0.320213172 0.266291430 0.312487781 0.310005611 0.310532401 0.258557255 0.584373771 0.320866251 0.486212574 0.383581476 0.398802383 0.266509462 0.172456677 0.087643637 0.084543822 0.000000000 0.056697684 0.126481482 0.109851375 0.113224870 0.336363873 0.304422133 0.386252828 0.128652042 0.127159794 0.136638786 0.127543873 0.132382957 0.118395853 0.139936827 0.356056444 0.332615884 0.299315982 0.263111312 0.475964929 0.495729191 0.566928492 0.226437010 0.167933635 0.204312309 0.188933961 0.228216558 0.826422975 
31     0.194561612 0.194010386 0.193789721 0.193292353 0.384199254 0.427364394 0.214201481 0.312265919 0.329507010 0.275873670 0.322070021 0.319587851 0.320114640 0.268189586 0.593985777 0.330448503 0.495690324 0.393110222 0.408331129 0.276225852 0.182181474 0.097359823 0.095036768 0.056697684 0.000000000 0.136219794 0.119589686 0.122963182 0.346504786 0.314542294 0.396052867 0.138398444 0.136905253 0.146370107 0.137333809 0.142168045 0.128180941 0.149708721 0.365824466 0.342382028 0.308988200 0.272788042 0.485637126 0.505401388 0.576600689 0.236134192 0.177630817 0.214009492 0.198631143 0.237913740 0.836133695 
30     0.185919515 0.185368290 0.185147624 0.184650256 0.375831240 0.417748711 0.204142751 0.301871884 0.319335458 0.265243505 0.311665933 0.309154218 0.309664880 0.257731384 0.583948993 0.320029873 0.485899612 0.382797770 0.398719474 0.266287887 0.220461997 0.135911389 0.162659020 0.126481482 0.136219794 0.000000000 0.022937011 0.027333151 0.282893621 0.250948820 0.332212363 0.075886004 0.074186005 0.083469128 0.073256782 0.079006265 0.065133242 0.105754590 0.320650035 0.297293315 0.299404183 0.263105312 0.475916616 0.495854143 0.567074298 0.227393641 0.168695727 0.205308486 0.189908918 0.229154285 0.824990084 
16     0.169221396 0.168670170 0.168449504 0.167952137 0.359136482 0.401053953 0.187582716 0.285806710 0.303266712 0.248764756 0.295187184 0.292675469 0.293186131 0.241252635 0.567353122 0.303310159 0.469040993 0.366021254 0.381990824 0.249673169 0.203831017 0.119281282 0.146028913 0.109851375 0.119589686 0.022937011 0.000000000 0.010681427 0.266385085 0.234440284 0.315721813 0.059429671 0.057729673 0.066864466 0.056828589 0.062585288 0.048711847 0.089133156 0.303946585 0.280566512 0.282771134 0.246472262 0.459283567 0.479221093 0.550441249 0.210693329 0.151956309 0.188412640 0.172890551 0.212347907 0.808295326 
40     0.172766752 0.172215526 0.171994860 0.171497493 0.362681838 0.404599309 0.191261724 0.289451299 0.306911301 0.252777409 0.299082120 0.296599949 0.297110611 0.245033166 0.571123173 0.307133845 0.473016205 0.369901157 0.385822861 0.253323110 0.207208270 0.122654777 0.149402408 0.113224870 0.122963182 0.027333151 0.010681427 0.000000000 0.269342066 0.237396438 0.318677967 0.062329736 0.060629738 0.069911824 0.059726494 0.065568408 0.051694966 0.092330760 0.307069916 0.283715320 0.285687273 0.249872857 0.462675846 0.482613373 0.553829699 0.214381053 0.155684637 0.192298154 0.176897828 0.216155476 0.811840682 
47     0.396282054 0.395707208 0.395510163 0.394989175 0.586151984 0.629140773 0.415023835 0.513058453 0.530535281 0.476130633 0.522628572 0.520146402 0.520633866 0.468419151 0.794645529 0.530994165 0.696808201 0.593665546 0.609216026 0.476934953 0.430638034 0.346216843 0.372944012 0.336363873 0.346504786 0.282893621 0.266385085 0.269342066 0.000000000 0.194212053 0.522815878 0.280840239 0.279422552 0.288334260 0.278997765 0.283631860 0.270069596 0.314174644 0.529388680 0.505301339 0.509532512 0.472867342 0.686271189 0.704984022 0.776153982 0.438179044 0.379428639 0.415937078 0.400495608 0.439792907 1.034603095 
44     0.364140285 0.363565439 0.363368393 0.362847406 0.554010215 0.596999004 0.382856123 0.480867434 0.498344262 0.443944765 0.490476801 0.487994630 0.488482094 0.436233283 0.762455156 0.498803792 0.664617827 0.561475172 0.577021762 0.444591169 0.398544316 0.314254352 0.340981521 0.304422133 0.314542294 0.250948820 0.234440284 0.237396438 0.194212053 0.000000000 0.490945126 0.249068774 0.247650672 0.256572688 0.247104230 0.251804348 0.238187650 0.282250066 0.497422563 0.473719017 0.477668802 0.440908526 0.653946417 0.673310565 0.744625640 0.405928243 0.347100770 0.383575851 0.368043669 0.407471722 1.001553364 
12     0.445677797 0.445126572 0.444905906 0.444408538 0.635620341 0.678562024 0.463911487 0.562031537 0.579534897 0.525301554 0.571833886 0.569351716 0.569836704 0.517545334 0.842399177 0.580044377 0.745855986 0.642720064 0.658674579 0.525722361 0.480289455 0.395688521 0.422492094 0.386252828 0.396052867 0.332212363 0.315721813 0.318677967 0.522815878 0.490945126 0.000000000 0.330891121 0.329472887 0.339154693 0.329759985 0.334263418 0.320552165 0.364300118 0.578505025 0.555044799 0.559025573 0.522677625 0.735576217 0.755636644 0.826981504 0.487159318 0.428324854 0.464934895 0.449446847 0.488565819 1.085785954 
11     0.188239569 0.187688343 0.187467678 0.186970310 0.378046782 0.421043727 0.206241888 0.303778911 0.321232135 0.266956759 0.313496297 0.311014126 0.311501590 0.259408910 0.585887152 0.322043960 0.487859974 0.384689941 0.400650227 0.268119162 0.222662635 0.138119787 0.164843470 0.128652042 0.138398444 0.075886004 0.059429671 0.062329736 0.280840239 0.249068774 0.330891121 0.000000000 0.026997254 0.055633161 0.068536171 0.073695775 0.059450466 0.106645247 0.322010666 0.298609375 0.300579561 0.264246335 0.477476452 0.497833613 0.569209336 0.229738313 0.170891690 0.207540860 0.192058672 0.231410554 0.822146298 
39     0.186668470 0.186117244 0.185896578 0.185399211 0.376475683 0.419472628 0.204594128 0.302211538 0.319659568 0.265384192 0.311923730 0.309441560 0.309929023 0.257836343 0.584314586 0.320431305 0.486247319 0.383077286 0.399037572 0.266540385 0.221186171 0.136648458 0.163350279 0.127159794 0.136905253 0.074186005 0.057729673 0.060629738 0.279422552 0.247650672 0.329472887 0.026997254 0.000000000 0.053558373 0.066839792 0.072277376 0.057914941 0.105134479 0.320547034 0.297087391 0.299019730 0.262698313 0.475926672 0.496282516 0.567658238 0.228204393 0.169442596 0.206118530 0.190714823 0.229961085 0.820575199 
13     0.196168742 0.195617517 0.195396851 0.194899484 0.385956975 0.428972900 0.214476623 0.312011782 0.329515562 0.274885167 0.321478374 0.318991907 0.319555029 0.267473677 0.594160515 0.330327617 0.496116978 0.392968782 0.408929068 0.276408814 0.230667884 0.146127450 0.172829271 0.136638786 0.146370107 0.083469128 0.066864466 0.069911824 0.288334260 0.256572688 0.339154693 0.055633161 0.053558373 0.000000000 0.076208255 0.081581672 0.067394924 0.113880106 0.329740909 0.306281266 0.308585242 0.272174869 0.485390373 0.505845163 0.577219962 0.237554348 0.178716529 0.215468484 0.199469033 0.239209733 0.831178343 
32     0.187332155 0.186780929 0.186560264 0.186062896 0.377204674 0.420097900 0.206052463 0.304005635 0.321502400 0.266550822 0.313095391 0.310613221 0.311098209 0.258993282 0.585594804 0.321778533 0.487594672 0.384433287 0.400410413 0.267963755 0.221572399 0.137078497 0.163773035 0.127543873 0.137333809 0.073256782 0.056828589 0.059726494 0.278997765 0.247104230 0.329759985 0.068536171 0.066839792 0.076208255 0.000000000 0.068315012 0.054193357 0.105010275 0.319168300 0.295819983 0.299658471 0.263227010 0.475815247 0.496260211 0.567605254 0.229041151 0.170365212 0.206977896 0.191589677 0.230783252 0.827308683 
8     0.191976084 0.191424858 0.191204193 0.190706825 0.381808421 0.424265118 0.210905848 0.308961151 0.326451891 0.271869191 0.318392926 0.315946717 0.316333561 0.264551189 0.590536566 0.326807189 0.492561936 0.389414294 0.405403252 0.272777326 0.226431640 0.141912912 0.168609011 0.132382957 0.142168045 0.079006265 0.062585288 0.065568408 0.283631860 0.251804348 0.334263418 0.073695775 0.072277376 0.081581672 0.068315012 0.000000000 0.045479364 0.109805180 0.325354147 0.301928047 0.305036539 0.268741673 0.481150537 0.501518017 0.572862520 0.233748359 0.174901072 0.211543095 0.196250483 0.235390091 0.831779174 
38     0.178103151 0.177551925 0.177331259 0.176833892 0.367936072 0.410869480 0.196870609 0.294939106 0.312426994 0.257965252 0.304533008 0.302050838 0.302538302 0.250594375 0.576524831 0.312699414 0.478380951 0.375157155 0.391235246 0.258707417 0.212432363 0.127884850 0.154620167 0.118395853 0.128180941 0.065133242 0.048711847 0.051694966 0.270069596 0.238187650 0.320552165 0.059450466 0.057914941 0.067394924 0.054193357 0.045479364 0.000000000 0.095872931 0.311515494 0.288088571 0.291071863 0.254766159 0.467216345 0.487228240 0.558688637 0.219810655 0.160965372 0.197697897 0.182400243 0.221554548 0.817906048 
36     0.199004534 0.198453308 0.198232643 0.197735275 0.388961856 0.431840793 0.218203581 0.315998924 0.333557214 0.279067633 0.325413547 0.322994358 0.323435735 0.271588683 0.597968282 0.334168927 0.500109702 0.396904236 0.412123169 0.280512793 0.234039138 0.149336810 0.176146585 0.139936827 0.149708721 0.105754590 0.089133156 0.092330760 0.314174644 0.282250066 0.364300118 0.106645247 0.105134479 0.113880106 0.105010275 0.109805180 0.095872931 0.000000000 0.320117149 0.296963375 0.312629189 0.276017183 0.488947829 0.509158275 0.580594151 0.240532781 0.181598254 0.218182564 0.202782479 0.241929434 0.838298208 
33     0.415058003 0.414506777 0.414286112 0.413788744 0.604813031 0.647944241 0.434277022 0.532010722 0.549569451 0.495069778 0.541554499 0.539072328 0.539582991 0.486963826 0.813689712 0.550229137 0.716055237 0.612835787 0.628031917 0.496548395 0.449479737 0.365402461 0.392257484 0.356056444 0.365824466 0.320650035 0.303946585 0.307069916 0.529388680 0.497422563 0.578505025 0.322010666 0.320547034 0.329740909 0.319168300 0.325354147 0.311515494 0.320117149 0.000000000 0.172364568 0.529532860 0.492622154 0.706038754 0.725445177 0.797278709 0.457091723 0.398377628 0.434980115 0.419378592 0.458936165 1.055558322 
10     0.391195854 0.390644628 0.390423963 0.389926595 0.580638005 0.623896948 0.410737271 0.508470971 0.526029700 0.471530027 0.518014748 0.515532577 0.516043239 0.463507842 0.790138510 0.526677935 0.692504035 0.589284585 0.604839320 0.473008644 0.425807305 0.341666183 0.368816923 0.332615884 0.342382028 0.297293315 0.280566512 0.283715320 0.505301339 0.473719017 0.555044799 0.298609375 0.297087391 0.306281266 0.295819983 0.301928047 0.288088571 0.296963375 0.172364568 0.000000000 0.505770595 0.468728918 0.681020046 0.701571761 0.773337662 0.433816071 0.374979415 0.411581901 0.395980378 0.435511664 1.031955757 
26     0.357092384 0.356541158 0.356320493 0.355823125 0.546516986 0.589954537 0.375513096 0.473706386 0.490745003 0.437070346 0.483422090 0.480939920 0.481459643 0.429528232 0.755933584 0.492199910 0.657839236 0.554188634 0.570293069 0.438215591 0.393275014 0.308244549 0.335429300 0.299315982 0.308988200 0.299404183 0.282771134 0.285687273 0.509532512 0.477668802 0.559025573 0.300579561 0.299019730 0.308585242 0.299658471 0.305036539 0.291071863 0.312629189 0.529532860 0.505770595 0.000000000 0.291112289 0.502996115 0.520714343 0.592609331 0.399759957 0.341394311 0.377421752 0.362120221 0.401086507 0.997694096 
34     0.321529427 0.320978201 0.320757535 0.320260168 0.511109108 0.554075832 0.339182880 0.437819634 0.455265091 0.401630199 0.448003664 0.445521493 0.446049560 0.393935495 0.720025835 0.456063825 0.621753169 0.518470191 0.534503792 0.401064303 0.357060501 0.271930049 0.299237276 0.263111312 0.272788042 0.263105312 0.246472262 0.249872857 0.472867342 0.440908526 0.522677625 0.264246335 0.262698313 0.272174869 0.263227010 0.268741673 0.254766159 0.276017183 0.492622154 0.468728918 0.291112289 0.000000000 0.458372013 0.479882520 0.551128088 0.363123626 0.304703191 0.341000961 0.325405684 0.364335357 0.962215677 
42     0.534971126 0.534419900 0.534199234 0.533701867 0.723650823 0.767451679 0.552462149 0.651307150 0.668722416 0.614669345 0.661044219 0.658562048 0.659090115 0.607275729 0.933339774 0.669530943 0.835052457 0.731852093 0.747528634 0.615303881 0.570264700 0.485214357 0.512090893 0.475964929 0.485637126 0.475916616 0.459283567 0.462675846 0.686271189 0.653946417 0.735576217 0.477476452 0.475926672 0.485390373 0.475815247 0.481150537 0.467216345 0.488947829 0.706038754 0.681020046 0.502996115 0.458372013 0.000000000 0.666131184 0.737916597 0.576545969 0.518551186 0.554852568 0.538882043 0.577535325 1.175690807 
48     0.554510449 0.553959223 0.553738557 0.553241190 0.744065198 0.786441916 0.571506325 0.670598459 0.688020081 0.634072281 0.680447694 0.677965523 0.678493590 0.626385385 0.951820937 0.689213768 0.854802802 0.751213314 0.767256635 0.634061211 0.589693221 0.504652137 0.531842488 0.495729191 0.505401388 0.495854143 0.479221093 0.482613373 0.704984022 0.673310565 0.755636644 0.497833613 0.496282516 0.505845163 0.496260211 0.501518017 0.487228240 0.509158275 0.725445177 0.701571761 0.520714343 0.479882520 0.666131184 0.000000000 0.250207071 0.595796846 0.537742636 0.574024635 0.558357785 0.597883817 1.196039835 
17     0.625701583 0.625150357 0.624929692 0.624432324 0.814892350 0.857626470 0.642373673 0.741511675 0.758933297 0.704985497 0.751360910 0.748878740 0.749406806 0.697298601 1.022734153 0.760366252 0.925904504 0.822262086 0.838358337 0.704530118 0.660892522 0.575851438 0.603041789 0.566928492 0.576600689 0.567074298 0.550441249 0.553829699 0.776153982 0.744625640 0.826981504 0.569209336 0.567658238 0.577219962 0.567605254 0.572862520 0.558688637 0.580594151 0.797278709 0.773337662 0.592609331 0.551128088 0.737916597 0.250207071 0.000000000 0.667111296 0.609044094 0.645327816 0.629640660 0.669193246 1.267234130 
27     0.263379720 0.262828495 0.262607829 0.262110461 0.452625782 0.496481010 0.281938363 0.379940447 0.397638796 0.343819626 0.390080254 0.387598084 0.388143367 0.336316565 0.661164896 0.397610576 0.563355734 0.459888444 0.474886560 0.344451030 0.320565416 0.235665373 0.262634974 0.226437010 0.236134192 0.227393641 0.210693329 0.214381053 0.438179044 0.405928243 0.487159318 0.229738313 0.228204393 0.237554348 0.229041151 0.233748359 0.219810655 0.240532781 0.457091723 0.433816071 0.399759957 0.363123626 0.576545969 0.595796846 0.667111296 0.000000000 0.147266191 0.183501218 0.168999615 0.206834316 0.905054449 
41     0.205072708 0.204521483 0.204300817 0.203803449 0.394880120 0.438076554 0.224166043 0.321754924 0.339255584 0.285726106 0.331988222 0.329504564 0.330049847 0.278330244 0.603626353 0.340150695 0.505802576 0.402858141 0.418064078 0.286168884 0.262001202 0.177134816 0.204133146 0.167933635 0.177630817 0.168695727 0.151956309 0.155684637 0.379428639 0.347100770 0.428324854 0.170891690 0.169442596 0.178716529 0.170365212 0.174901072 0.160965372 0.181598254 0.398377628 0.374979415 0.341394311 0.304703191 0.518551186 0.537742636 0.609044094 0.147266191 0.000000000 0.088251933 0.073081577 0.114632699 0.846557471 
43     0.241224906 0.240673680 0.240453014 0.239955647 0.431032318 0.474245283 0.260389033 0.357529855 0.375446765 0.322007107 0.368267735 0.365785565 0.366330848 0.314504046 0.639887521 0.376188159 0.541977344 0.439076170 0.454154158 0.322431201 0.298364349 0.213497962 0.240510273 0.204312309 0.214009492 0.205308486 0.188412640 0.192298154 0.415937078 0.383575851 0.464934895 0.207540860 0.206118530 0.215468484 0.206977896 0.211543095 0.197697897 0.218182564 0.434980115 0.411581901 0.377421752 0.341000961 0.554852568 0.574024635 0.645327816 0.183501218 0.088251933 0.000000000 0.097490293 0.149073960 0.882742892 
37     0.225983900 0.225432674 0.225212008 0.224714641 0.415791312 0.458985265 0.244545288 0.341254695 0.358958493 0.305353234 0.351613863 0.349131692 0.349739439 0.298341242 0.623930282 0.360343287 0.525938611 0.423075256 0.438115425 0.306647912 0.282981793 0.198111566 0.225131925 0.188933961 0.198631143 0.189908918 0.172890551 0.176897828 0.400495608 0.368043669 0.449446847 0.192058672 0.190714823 0.199469033 0.191589677 0.196250483 0.182400243 0.202782479 0.419378592 0.395980378 0.362120221 0.325405684 0.538882043 0.558357785 0.629640660 0.168999615 0.073081577 0.097490293 0.000000000 0.135481689 0.867497975 
50     0.265235476 0.264684250 0.264463585 0.263966217 0.455042888 0.498265436 0.284617951 0.382079984 0.399805986 0.346283171 0.392543800 0.390061629 0.390606912 0.338780110 0.664180709 0.400715981 0.566588786 0.463728081 0.478694908 0.346566051 0.322286910 0.237420524 0.264414522 0.228216558 0.237913740 0.229154285 0.212347907 0.216155476 0.439792907 0.407471722 0.488565819 0.231410554 0.229961085 0.239209733 0.230783252 0.235390091 0.221554548 0.241929434 0.458936165 0.435511664 0.401086507 0.364335357 0.577535325 0.597883817 0.669193246 0.206834316 0.114632699 0.149073960 0.135481689 0.000000000 0.905545632 
0     0.839037096 0.838485871 0.838265205 0.837767837 1.030051433 1.068898255 0.874164160 0.974932903 0.992357045 0.938553232 0.984761554 0.982279383 0.982841667 0.931163582 1.255431037 0.991562400 1.159105033 1.056238161 1.071281864 0.937611862 0.920626681 0.835765892 0.862649306 0.826422975 0.836133695 0.824990084 0.808295326 0.811840682 1.034603095 1.001553364 1.085785954 0.822146298 0.820575199 0.831178343 0.827308683 0.831779174 0.817906048 0.838298208 1.055558322 1.031955757 0.997694096 0.962215677 1.175690807 1.196039835 1.267234130 0.905054449 0.846557471 0.882742892 0.867497975 0.905545632 0.000000000 
