51
23     0.000000000 0.157265219 0.440033748 0.560648026 0.542827170 0.413637426 0.445729870 0.450745049 0.512553904 0.489815068 0.595085766 0.637525904 0.634115988 0.472319991 0.593070051 0.567272452 0.533001892 0.259195914 0.326024459 0.327482261 0.351138113 0.403586318 0.430226396 0.424499854 0.372390580 0.429901184 0.527273034 0.609606457 0.608026514 0.599819808 0.274833905 0.260313136 0.289038432 0.244330334 0.266851833 0.324193502 0.340162293 0.364543719 0.783817710 0.606352976 0.366830591 0.353209894 0.345591241 0.280045941 0.213045958 0.585960470 0.436610231 0.338257432 0.422885959 0.328333069 0.423408611 
4     0.157265219 0.000000000 0.490589853 0.611204131 0.593383275 0.464219327 0.496288750 0.501303929 0.563112784 0.540373948 0.645644646 0.688084784 0.684674868 0.522043994 0.642794054 0.616996455 0.582725895 0.308919917 0.375312762 0.376770564 0.400416235 0.452838235 0.479788376 0.474061835 0.421952561 0.479463165 0.576835014 0.659778507 0.658198564 0.649643999 0.325010495 0.310489726 0.339215022 0.294506924 0.317223117 0.374964382 0.390933173 0.415370661 0.834644652 0.656714479 0.417192094 0.403571398 0.395952745 0.330341836 0.263341248 0.636272802 0.486445165 0.388092366 0.472720893 0.378168003 0.473237942 
3     0.440033748 0.490589853 0.000000000 0.268844082 0.251347763 0.213263771 0.359446967 0.364596720 0.426390498 0.403632850 0.515946245 0.558163761 0.554783644 0.731341560 0.850340591 0.824504421 0.790233861 0.518386588 0.582766358 0.584370762 0.607878391 0.660443229 0.688247746 0.682521205 0.630411931 0.688231004 0.785659329 0.867734937 0.866154994 0.889094931 0.564377127 0.550140042 0.578865338 0.534148169 0.556439218 0.614646537 0.630615328 0.654976306 1.074250297 0.896271138 0.656873245 0.643252548 0.635633895 0.570100606 0.503048674 0.876003834 0.725275106 0.626311796 0.710940323 0.616387433 0.714199132 
12     0.560648026 0.611204131 0.268844082 0.000000000 0.107308253 0.329858845 0.482819548 0.487969301 0.549763079 0.527005431 0.638002200 0.680062635 0.676682519 0.851955837 0.971129380 0.945293209 0.911022649 0.639000866 0.703380636 0.704985040 0.728492669 0.781057507 0.808862024 0.803135482 0.751026208 0.808845282 0.906273606 0.988349215 0.986769272 1.009004034 0.684534709 0.670754320 0.699479616 0.654762447 0.677063648 0.735260815 0.751229605 0.775590583 1.194864574 1.016841091 0.777487522 0.763866826 0.756248173 0.690714883 0.623662952 0.996618112 0.845889384 0.746926073 0.831554600 0.737001710 0.834813409 
9     0.542827170 0.593383275 0.251347763 0.107308253 0.000000000 0.312388054 0.465180114 0.470329868 0.532123646 0.509365998 0.620516210 0.662576645 0.659196528 0.834140667 0.953314209 0.927478039 0.893207479 0.621185695 0.685607800 0.687212204 0.710719832 0.763284670 0.791089188 0.785362646 0.733253372 0.791072445 0.888500770 0.970576378 0.968996436 0.991183178 0.666704488 0.652924099 0.681649395 0.636932226 0.659158874 0.717356040 0.733324831 0.757685809 1.176959800 0.998923855 0.759570286 0.745949589 0.738330936 0.672797647 0.605745715 0.978463702 0.828068529 0.729105218 0.813733745 0.719180855 0.816992171 
17     0.413637426 0.464219327 0.213263771 0.329858845 0.312388054 0.000000000 0.334699758 0.339917071 0.401757473 0.378999825 0.484937245 0.527070259 0.523690142 0.705189364 0.824367357 0.798531187 0.764260627 0.492448258 0.556746915 0.558351319 0.581858948 0.634423786 0.662342369 0.656615827 0.604506553 0.662193516 0.759621841 0.841300831 0.839720888 0.862064650 0.537993803 0.523756717 0.552482013 0.507764844 0.530066046 0.588263212 0.604232003 0.628592981 1.047866972 0.870000350 0.630489920 0.616869224 0.609250570 0.543717281 0.476717416 0.849620510 0.698899298 0.599935987 0.684564514 0.590011624 0.687818786 
30     0.445729870 0.496288750 0.359446967 0.482819548 0.465180114 0.334699758 0.000000000 0.059195680 0.142477231 0.118715023 0.447247613 0.488151358 0.484778158 0.736986251 0.856585426 0.830749256 0.796478695 0.524317276 0.588915689 0.590520093 0.614027721 0.666592559 0.694704477 0.688977935 0.636868662 0.694463438 0.791891763 0.873646287 0.872066345 0.894833438 0.569997888 0.555760803 0.584486099 0.539768930 0.561879274 0.620099767 0.636068558 0.660172565 1.079446556 0.901689431 0.662291107 0.648670410 0.641051757 0.575527082 0.508475150 0.881280899 0.730994057 0.631952130 0.716580657 0.622027767 0.719919470 
22     0.450745049 0.501303929 0.364596720 0.487969301 0.470329868 0.339917071 0.059195680 0.000000000 0.145551560 0.122773538 0.451723125 0.492601295 0.489228095 0.742001430 0.861600604 0.835764434 0.801493874 0.529332455 0.593930867 0.595535271 0.619042900 0.671607737 0.699719656 0.693993114 0.641883840 0.699478617 0.796906941 0.878661466 0.877081523 0.899848616 0.575013066 0.560775981 0.589501277 0.544784108 0.566894452 0.625114946 0.641083737 0.665187743 1.084461734 0.906704609 0.667306285 0.653685588 0.646066935 0.580542260 0.513490329 0.886296077 0.736009236 0.636967308 0.721595835 0.627042945 0.724934648 
16     0.512553904 0.563112784 0.426390498 0.549763079 0.532123646 0.401757473 0.142477231 0.145551560 0.000000000 0.125956887 0.513646723 0.554534199 0.551175739 0.803810284 0.923409459 0.897573289 0.863302729 0.591141309 0.655739722 0.657344126 0.680851755 0.733416592 0.761528511 0.755801969 0.703692695 0.761287472 0.858715796 0.940470321 0.938890378 0.961657471 0.636821921 0.622584836 0.651310132 0.606592963 0.628703307 0.686923801 0.702892591 0.726996598 1.146270589 0.968513464 0.729115140 0.715494443 0.707875790 0.642351115 0.575299184 0.948104932 0.797818091 0.698776163 0.783404690 0.688851800 0.786743503 
11     0.489815068 0.540373948 0.403632850 0.527005431 0.509365998 0.378999825 0.118715023 0.122773538 0.125956887 0.000000000 0.491258456 0.532151600 0.528793141 0.781071449 0.900670623 0.874834453 0.840563893 0.568402474 0.633000886 0.634605290 0.658112919 0.710677756 0.738789675 0.733063133 0.680953859 0.738548636 0.835976960 0.917731485 0.916151542 0.938918635 0.614083085 0.599846000 0.628571296 0.583854127 0.605964471 0.664184965 0.680153756 0.704257762 1.123531753 0.945774629 0.706376304 0.692755607 0.685136954 0.619612279 0.552560348 0.925366096 0.775079255 0.676037327 0.760665854 0.666112964 0.764004667 
15     0.595085766 0.645644646 0.515946245 0.638002200 0.620516210 0.484937245 0.447247613 0.451723125 0.513646723 0.491258456 0.000000000 0.239322663 0.236450762 0.886552321 1.006151496 0.980315326 0.946044766 0.673487193 0.737736697 0.739341101 0.762848730 0.815413568 0.844049868 0.838323326 0.786214052 0.843823226 0.941251551 1.022823247 1.021243304 1.044162976 0.719399500 0.705162414 0.733887710 0.689170541 0.711043911 0.769669515 0.785638306 0.809870405 1.229144396 1.051403351 0.811896223 0.798275526 0.790656873 0.725123583 0.658123719 1.031026812 0.880202437 0.781829128 0.866457655 0.771904765 0.869236815 
10     0.637525904 0.688084784 0.558163761 0.680062635 0.662576645 0.527070259 0.488151358 0.492601295 0.554534199 0.532151600 0.239322663 0.000000000 0.076312379 0.928952155 1.048551330 1.022715160 0.988444599 0.715910890 0.780176836 0.781781240 0.805288868 0.857853706 0.886490006 0.880763464 0.828654191 0.886263365 0.983691689 1.065263386 1.063683443 1.086603114 0.761839638 0.747602553 0.776327849 0.731610680 0.753630780 0.812109653 0.828078444 0.852310543 1.271584534 1.093843490 0.854336361 0.840715664 0.833097011 0.767563722 0.700563857 1.073466951 0.922642575 0.823802447 0.908430974 0.813878083 0.911676953 
25     0.634115988 0.684674868 0.554783644 0.676682519 0.659196528 0.523690142 0.484778158 0.489228095 0.551175739 0.528793141 0.236450762 0.076312379 0.000000000 0.925542239 1.045141414 1.019305244 0.985034683 0.712500974 0.776766920 0.778371324 0.801878952 0.854443790 0.883080090 0.877353548 0.825244275 0.882853449 0.980281773 1.061853470 1.060273527 1.083193198 0.758429722 0.744192637 0.772917933 0.728200764 0.750220864 0.808699737 0.824668528 0.848900627 1.268174618 1.090433574 0.850926445 0.837305748 0.829687095 0.764153806 0.697153941 1.070057035 0.919232659 0.820392531 0.905021058 0.810468167 0.908267037 
1     0.472319991 0.522043994 0.731341560 0.851955837 0.834140667 0.705189364 0.736986251 0.742001430 0.803810284 0.781071449 0.886552321 0.928952155 0.925542239 0.000000000 0.680291558 0.654246452 0.620081230 0.434147573 0.580070593 0.581707549 0.605243744 0.657823692 0.685474995 0.679748453 0.627639179 0.684811921 0.782073533 0.863272842 0.861692899 0.920963811 0.596079547 0.581905809 0.610631105 0.565816850 0.588565264 0.646410649 0.662379440 0.686816928 1.106090919 0.928146645 0.688635603 0.675014907 0.667396254 0.601861276 0.534861411 0.907765482 0.757581283 0.659168314 0.743796841 0.649243950 0.745903855 
28     0.593070051 0.642794054 0.850340591 0.971129380 0.953314209 0.824367357 0.856585426 0.861600604 0.923409459 0.900670623 1.006151496 1.048551330 1.045141414 0.680291558 0.000000000 0.292048555 0.259445332 0.555076748 0.701509874 0.703146830 0.726752292 0.779332239 0.806513918 0.800787376 0.748678102 0.805730191 0.902991803 0.983918800 0.982338857 1.041752806 0.717139759 0.702673646 0.731398942 0.686116664 0.709333101 0.767178486 0.783147277 0.807584765 1.226858756 1.048915765 0.809404723 0.795784027 0.788165373 0.722630396 0.655630531 1.028534602 0.878348195 0.779935226 0.864563753 0.770010862 0.866672694 
2     0.567272452 0.616996455 0.824504421 0.945293209 0.927478039 0.798531187 0.830749256 0.835764434 0.897573289 0.874834453 0.980315326 1.022715160 1.019305244 0.654246452 0.292048555 0.000000000 0.147601701 0.529378092 0.675777040 0.677413996 0.701019457 0.753599405 0.780781083 0.775054542 0.722945268 0.779997356 0.877258969 0.958188541 0.956608598 1.015955428 0.691341733 0.676875620 0.705600916 0.660349433 0.683535075 0.741380460 0.757349251 0.781786739 1.201060730 1.023117739 0.783606697 0.769986001 0.762367347 0.696832370 0.629832505 1.002736576 0.852550194 0.754137224 0.838765751 0.744212861 0.840875095 
19     0.533001892 0.582725895 0.790233861 0.911022649 0.893207479 0.764260627 0.796478695 0.801493874 0.863302729 0.840563893 0.946044766 0.988444599 0.985034683 0.620081230 0.259445332 0.147601701 0.000000000 0.495106074 0.641506480 0.643143436 0.666748897 0.719328845 0.746510523 0.740783981 0.688674708 0.745726796 0.842988408 0.923917980 0.922338038 0.981684868 0.657071173 0.642605060 0.671330356 0.626078873 0.649264515 0.707109900 0.723078690 0.747516179 1.166790170 0.988847178 0.749336137 0.735715440 0.728096787 0.662561809 0.595561945 0.968466016 0.818279634 0.719866664 0.804495191 0.709942301 0.806604535 
27     0.259195914 0.308919917 0.518386588 0.639000866 0.621185695 0.492448258 0.524317276 0.529332455 0.591141309 0.568402474 0.673487193 0.715910890 0.712500974 0.434147573 0.555076748 0.529378092 0.495106074 0.000000000 0.367686213 0.369296974 0.392928630 0.445508578 0.471436228 0.465709686 0.413600412 0.470634760 0.568085665 0.648829867 0.647249924 0.707909357 0.383242535 0.368776433 0.397501729 0.352726342 0.375472523 0.433317908 0.449286698 0.473724187 0.892998178 0.715053904 0.475542862 0.461922166 0.454303513 0.388535051 0.321535186 0.694098545 0.544593621 0.446229378 0.530857905 0.436305015 0.532797871 
7     0.326024459 0.375312762 0.582766358 0.703380636 0.685607800 0.556746915 0.588915689 0.593930867 0.655739722 0.633000886 0.737736697 0.780176836 0.776766920 0.580070593 0.701509874 0.675777040 0.641506480 0.367686213 0.000000000 0.036243838 0.133792671 0.186130934 0.440591054 0.435390917 0.383034415 0.441935853 0.539529896 0.681732481 0.680114700 0.773850926 0.449916803 0.435439821 0.464165117 0.419441094 0.442121692 0.499927320 0.515896111 0.540333599 0.959607590 0.781673460 0.542151301 0.528530605 0.520911951 0.455377678 0.388377814 0.761281891 0.610801258 0.512646977 0.597275504 0.502722614 0.599401097 
6     0.327482261 0.376770564 0.584370762 0.704985040 0.687212204 0.558351319 0.590520093 0.595535271 0.657344126 0.634605290 0.739341101 0.781781240 0.778371324 0.581707549 0.703146830 0.677413996 0.643143436 0.369296974 0.036243838 0.000000000 0.136744928 0.188650382 0.441703400 0.436503263 0.384146761 0.443129939 0.540723982 0.683025654 0.681407873 0.775308728 0.451378800 0.436901819 0.465627115 0.420903092 0.443583690 0.501389318 0.517358109 0.541795597 0.961069588 0.783135458 0.543613299 0.529992602 0.522373949 0.456839676 0.389839811 0.762743889 0.612259060 0.514104780 0.598733307 0.504180416 0.600860873 
18     0.351138113 0.400416235 0.607878391 0.728492669 0.710719832 0.581858948 0.614027721 0.619042900 0.680851755 0.658112919 0.762848730 0.805288868 0.801878952 0.605243744 0.726752292 0.701019457 0.666748897 0.392928630 0.133792671 0.136744928 0.000000000 0.193176296 0.466019195 0.460819058 0.408462556 0.467363995 0.564958037 0.706883124 0.705265343 0.798964234 0.474829898 0.460352917 0.489078213 0.444354190 0.467223657 0.525029285 0.540998075 0.565435564 0.984709555 0.806775425 0.567253265 0.553632569 0.546013916 0.480479643 0.413479778 0.786383855 0.635912245 0.537757964 0.622386491 0.527833601 0.624513130 
26     0.403586318 0.452838235 0.660443229 0.781057507 0.763284670 0.634423786 0.666592559 0.671607737 0.733416592 0.710677756 0.815413568 0.857853706 0.854443790 0.657823692 0.779332239 0.753599405 0.719328845 0.445508578 0.186130934 0.188650382 0.193176296 0.000000000 0.518434001 0.513233864 0.460877362 0.519778801 0.617372844 0.759514644 0.757896863 0.851412439 0.527234726 0.512757745 0.541483041 0.496759018 0.519506565 0.576894700 0.592863491 0.617435156 1.036709147 0.858960905 0.619438746 0.605818050 0.598199396 0.532665123 0.465665259 0.838569336 0.688361907 0.590207626 0.674836153 0.580283263 0.676961335 
24     0.430226396 0.479788376 0.688247746 0.808862024 0.791089188 0.662342369 0.694704477 0.699719656 0.761528511 0.738789675 0.844049868 0.886490006 0.883080090 0.685474995 0.806513918 0.780781083 0.746510523 0.471436228 0.440591054 0.441703400 0.466019195 0.518434001 0.000000000 0.097426263 0.150742794 0.338948395 0.435278057 0.787454324 0.785712714 0.878036214 0.554132185 0.539655203 0.568380499 0.523656476 0.546327915 0.604133543 0.620102334 0.644539822 1.063813813 0.885880726 0.646358567 0.632737870 0.625119217 0.559583901 0.492148014 0.865488446 0.715439583 0.617094294 0.701722821 0.607169930 0.703317294 
8     0.424499854 0.474061835 0.682521205 0.803135482 0.785362646 0.656615827 0.688977935 0.693993114 0.755801969 0.733063133 0.838323326 0.880763464 0.877353548 0.679748453 0.800787376 0.775054542 0.740783981 0.465709686 0.435390917 0.436503263 0.460819058 0.513233864 0.097426263 0.000000000 0.144814568 0.332714009 0.429091914 0.781700358 0.779997629 0.872309673 0.548405643 0.533928662 0.562653957 0.517929934 0.540601373 0.598407001 0.614375792 0.638813280 1.058087271 0.880154184 0.640632025 0.627011328 0.619392675 0.553857359 0.486421472 0.859761904 0.709713041 0.611367752 0.695996279 0.601443389 0.697590753 
21     0.372390580 0.421952561 0.630411931 0.751026208 0.733253372 0.604506553 0.636868662 0.641883840 0.703692695 0.680953859 0.786214052 0.828654191 0.825244275 0.627639179 0.748678102 0.722945268 0.688674708 0.413600412 0.383034415 0.384146761 0.408462556 0.460877362 0.150742794 0.144814568 0.000000000 0.280858783 0.377203240 0.729621650 0.727918920 0.820200399 0.496296369 0.481819388 0.510544684 0.465820661 0.488492100 0.546297728 0.562266518 0.586704007 1.005977998 0.828044910 0.588522751 0.574902055 0.567283401 0.501748086 0.434312198 0.807652630 0.657602653 0.559258478 0.643887005 0.549334115 0.645481479 
29     0.429901184 0.479463165 0.688231004 0.808845282 0.791072445 0.662193516 0.694463438 0.699478617 0.761287472 0.738548636 0.843823226 0.886263365 0.882853449 0.684811921 0.805730191 0.779997356 0.745726796 0.470634760 0.441935853 0.443129939 0.467363995 0.519778801 0.338948395 0.332714009 0.280858783 0.000000000 0.376868154 0.786285335 0.784145795 0.876850944 0.553827867 0.539350885 0.568076181 0.523352158 0.546023597 0.603829225 0.619798016 0.644235504 1.063509495 0.885576408 0.646054249 0.632433552 0.624814899 0.559279583 0.491647814 0.865184128 0.715117712 0.616773600 0.701402127 0.606849237 0.703283234 
13     0.527273034 0.576835014 0.785659329 0.906273606 0.888500770 0.759621841 0.791891763 0.796906941 0.858715796 0.835976960 0.941251551 0.983691689 0.980281773 0.782073533 0.902991803 0.877258969 0.842988408 0.568085665 0.539529896 0.540723982 0.564958037 0.617372844 0.435278057 0.429091914 0.377203240 0.376868154 0.000000000 0.883570608 0.881780371 0.975096917 0.651064187 0.636587206 0.665312502 0.620588479 0.643044864 0.700554891 0.716523682 0.741132736 1.160406727 0.982712652 0.743190493 0.729569796 0.721951143 0.656415828 0.588875682 0.962300726 0.812461093 0.714115804 0.798744331 0.704191441 0.800644908 
20     0.609606457 0.659778507 0.867734937 0.988349215 0.970576378 0.841300831 0.873646287 0.878661466 0.940470321 0.917731485 1.022823247 1.065263386 1.061853470 0.863272842 0.983918800 0.958188541 0.923917980 0.648829867 0.681732481 0.683025654 0.706883124 0.759514644 0.787454324 0.781700358 0.729621650 0.786285335 0.883570608 0.000000000 0.161781928 1.058741338 0.733984730 0.719463961 0.748189257 0.703465234 0.724856099 0.783781935 0.799750726 0.824203718 1.243477709 1.065578643 0.826046852 0.812426155 0.804807502 0.739287193 0.672196247 1.045176730 0.895291207 0.796801874 0.881430401 0.786877511 0.883533369 
5     0.608026514 0.658198564 0.866154994 0.986769272 0.968996436 0.839720888 0.872066345 0.877081523 0.938890378 0.916151542 1.021243304 1.063683443 1.060273527 0.861692899 0.982338857 0.956608598 0.922338038 0.647249924 0.680114700 0.681407873 0.705265343 0.757896863 0.785712714 0.779997629 0.727918920 0.784145795 0.881780371 0.161781928 0.000000000 1.057161395 0.732404787 0.717884018 0.746609314 0.701885291 0.723276157 0.782201992 0.798170783 0.822623776 1.241897766 1.063998700 0.824466909 0.810846212 0.803227559 0.737707250 0.670616304 1.043596788 0.893711264 0.795221931 0.879850458 0.785297568 0.881953426 
14     0.599819808 0.649643999 0.889094931 1.009004034 0.991183178 0.862064650 0.894833438 0.899848616 0.961657471 0.938918635 1.044162976 1.086603114 1.083193198 0.920963811 1.041752806 1.015955428 0.981684868 0.707909357 0.773850926 0.775308728 0.798964234 0.851412439 0.878036214 0.872309673 0.820200399 0.876850944 0.975096917 1.058741338 1.057161395 0.000000000 0.723461357 0.708940589 0.737665885 0.692958146 0.715857616 0.773598880 0.789567671 0.814006194 1.233282547 1.055332844 0.815821785 0.802201088 0.794582435 0.729049985 0.662045483 1.034946869 0.885136330 0.786826916 0.871455443 0.776902553 0.872569655 
41     0.274833905 0.325010495 0.564377127 0.684534709 0.666704488 0.537993803 0.569997888 0.575013066 0.636821921 0.614083085 0.719399500 0.761839638 0.758429722 0.596079547 0.717139759 0.691341733 0.657071173 0.383242535 0.449916803 0.451378800 0.474829898 0.527234726 0.554132185 0.548405643 0.496296369 0.553827867 0.651064187 0.733984730 0.732404787 0.723461357 0.000000000 0.169843833 0.197465074 0.153660540 0.352012248 0.409537107 0.425505898 0.450146397 0.869485878 0.691957946 0.452134529 0.438513832 0.430895179 0.365139368 0.298178377 0.671356467 0.558937972 0.460676186 0.545304713 0.450751823 0.547449968 
32     0.260313136 0.310489726 0.550140042 0.670754320 0.652924099 0.523756717 0.555760803 0.560775981 0.622584836 0.599846000 0.705162414 0.747602553 0.744192637 0.581905809 0.702673646 0.676875620 0.642605060 0.368776433 0.435439821 0.436901819 0.460352917 0.512757745 0.539655203 0.533928662 0.481819388 0.539350885 0.636587206 0.719463961 0.717884018 0.708940589 0.169843833 0.000000000 0.181800049 0.136999442 0.336765709 0.394262908 0.410231699 0.434884353 0.854223834 0.677169414 0.437345997 0.423725300 0.416106647 0.350350836 0.283389846 0.656619332 0.544428424 0.446166638 0.530795165 0.436242275 0.532938558 
48     0.289038432 0.339215022 0.578865338 0.699479616 0.681649395 0.552482013 0.584486099 0.589501277 0.651310132 0.628571296 0.733887710 0.776327849 0.772917933 0.610631105 0.731398942 0.705600916 0.671330356 0.397501729 0.464165117 0.465627115 0.489078213 0.541483041 0.568380499 0.562653957 0.510544684 0.568076181 0.665312502 0.748189257 0.746609314 0.737665885 0.197465074 0.181800049 0.000000000 0.152520236 0.366148087 0.423672946 0.439641737 0.464282236 0.883621717 0.706093785 0.466270368 0.452649671 0.445031018 0.379275207 0.312314217 0.685496584 0.573153720 0.474891934 0.559520461 0.464967571 0.561663854 
49     0.244330334 0.294506924 0.534148169 0.654762447 0.636932226 0.507764844 0.539768930 0.544784108 0.606592963 0.583854127 0.689170541 0.731610680 0.728200764 0.565816850 0.686116664 0.660349433 0.626078873 0.352726342 0.419441094 0.420903092 0.444354190 0.496759018 0.523656476 0.517929934 0.465820661 0.523352158 0.620588479 0.703465234 0.701885291 0.692958146 0.153660540 0.136999442 0.152520236 0.000000000 0.321481619 0.379006478 0.394975268 0.419615767 0.838955248 0.661427316 0.421603899 0.407983202 0.400364549 0.334608738 0.267647748 0.640830115 0.528445981 0.430184195 0.514812722 0.420259832 0.516956115 
46     0.266851833 0.317223117 0.556439218 0.677063648 0.659158874 0.530066046 0.561879274 0.566894452 0.628703307 0.605964471 0.711043911 0.753630780 0.750220864 0.588565264 0.709333101 0.683535075 0.649264515 0.375472523 0.442121692 0.443583690 0.467223657 0.519506565 0.546327915 0.540601373 0.488492100 0.546023597 0.643044864 0.724856099 0.723276157 0.715857616 0.352012248 0.336765709 0.366148087 0.321481619 0.000000000 0.191032096 0.206193355 0.228837059 0.648669438 0.592682185 0.353366667 0.339745970 0.332066564 0.265660454 0.198930329 0.571125045 0.551028823 0.452737653 0.537366180 0.442813289 0.539769618 
31     0.324193502 0.374964382 0.614646537 0.735260815 0.717356040 0.588263212 0.620099767 0.625114946 0.686923801 0.664184965 0.769669515 0.812109653 0.808699737 0.646410649 0.767178486 0.741380460 0.707109900 0.433317908 0.499927320 0.501389318 0.525029285 0.576894700 0.604133543 0.598407001 0.546297728 0.603829225 0.700554891 0.783781935 0.782201992 0.773598880 0.409537107 0.394262908 0.423672946 0.379006478 0.191032096 0.000000000 0.077295713 0.259266345 0.678231001 0.648509972 0.409134061 0.395536308 0.387847270 0.321528674 0.254707833 0.628917753 0.608748375 0.510432278 0.595060805 0.500507915 0.597510882 
45     0.340162293 0.390933173 0.630615328 0.751229605 0.733324831 0.604232003 0.636068558 0.641083737 0.702892591 0.680153756 0.785638306 0.828078444 0.824668528 0.662379440 0.783147277 0.757349251 0.723078690 0.449286698 0.515896111 0.517358109 0.540998075 0.592863491 0.620102334 0.614375792 0.562266518 0.619798016 0.716523682 0.799750726 0.798170783 0.789567671 0.425505898 0.410231699 0.439641737 0.394975268 0.206193355 0.077295713 0.000000000 0.275333255 0.694193663 0.664495749 0.425119838 0.411522085 0.403833048 0.337541979 0.270721139 0.644931058 0.624717166 0.526401069 0.611029596 0.516476706 0.613479673 
38     0.364543719 0.415370661 0.654976306 0.775590583 0.757685809 0.628592981 0.660172565 0.665187743 0.726996598 0.704257762 0.809870405 0.852310543 0.848900627 0.686816928 0.807584765 0.781786739 0.747516179 0.473724187 0.540333599 0.541795597 0.565435564 0.617435156 0.644539822 0.638813280 0.586704007 0.644235504 0.741132736 0.824203718 0.822623776 0.814006194 0.450146397 0.434884353 0.464282236 0.419615767 0.228837059 0.259266345 0.275333255 0.000000000 0.654648999 0.689671592 0.450370040 0.436772287 0.429083250 0.362411762 0.295590568 0.669875903 0.649182575 0.550868403 0.635496930 0.540944040 0.637918865 
40     0.783817710 0.834644652 1.074250297 1.194864574 1.176959800 1.047866972 1.079446556 1.084461734 1.146270589 1.123531753 1.229144396 1.271584534 1.268174618 1.106090919 1.226858756 1.201060730 1.166790170 0.892998178 0.959607590 0.961069588 0.984709555 1.036709147 1.063813813 1.058087271 1.005977998 1.063509495 1.160406727 1.243477709 1.241897766 1.233282547 0.869485878 0.854223834 0.883621717 0.838955248 0.648669438 0.678231001 0.694193663 0.654648999 0.000000000 1.109607499 0.870263132 0.856665378 0.848976341 0.782606292 0.715785098 1.089449533 1.068452062 0.970191780 1.054820307 0.960267417 1.056652048 
36     0.606352976 0.656714479 0.896271138 1.016841091 0.998923855 0.870000350 0.901689431 0.906704609 0.968513464 0.945774629 1.051403351 1.093843490 1.090433574 0.928146645 1.048915765 1.023117739 0.988847178 0.715053904 0.781673460 0.783135458 0.806775425 0.858960905 0.885880726 0.880154184 0.828044910 0.885576408 0.982712652 1.065578643 1.063998700 1.055332844 0.691957946 0.677169414 0.706093785 0.661427316 0.592682185 0.648509972 0.664495749 0.689671592 1.109607499 0.000000000 0.544315106 0.530146200 0.522197637 0.577295915 0.510693485 0.883859671 0.890716799 0.792373047 0.877001574 0.782448683 0.879269622 
44     0.366830591 0.417192094 0.656873245 0.777487522 0.759570286 0.630489920 0.662291107 0.667306285 0.729115140 0.706376304 0.811896223 0.854336361 0.850926445 0.688635603 0.809404723 0.783606697 0.749336137 0.475542862 0.542151301 0.543613299 0.567253265 0.619438746 0.646358567 0.640632025 0.588522751 0.646054249 0.743190493 0.826046852 0.824466909 0.815821785 0.452134529 0.437345997 0.466270368 0.421603899 0.353366667 0.409134061 0.425119838 0.450370040 0.870263132 0.544315106 0.000000000 0.066793534 0.076618279 0.339442279 0.272850144 0.642365719 0.651242666 0.552854539 0.637483066 0.542930176 0.639748562 
47     0.353209894 0.403571398 0.643252548 0.763866826 0.745949589 0.616869224 0.648670410 0.653685588 0.715494443 0.692755607 0.798275526 0.840715664 0.837305748 0.675014907 0.795784027 0.769986001 0.735715440 0.461922166 0.528530605 0.529992602 0.553632569 0.605818050 0.632737870 0.627011328 0.574902055 0.632433552 0.729569796 0.812426155 0.810846212 0.802201088 0.438513832 0.423725300 0.452649671 0.407983202 0.339745970 0.395536308 0.411522085 0.436772287 0.856665378 0.530146200 0.066793534 0.000000000 0.061783996 0.325828934 0.259236799 0.628759400 0.637621970 0.539233843 0.623862370 0.529309480 0.626127866 
35     0.345591241 0.395952745 0.635633895 0.756248173 0.738330936 0.609250570 0.641051757 0.646066935 0.707875790 0.685136954 0.790656873 0.833097011 0.829687095 0.667396254 0.788165373 0.762367347 0.728096787 0.454303513 0.520911951 0.522373949 0.546013916 0.598199396 0.625119217 0.619392675 0.567283401 0.624814899 0.721951143 0.804807502 0.803227559 0.794582435 0.430895179 0.416106647 0.445031018 0.400364549 0.332066564 0.387847270 0.403833048 0.429083250 0.848976341 0.522197637 0.076618279 0.061783996 0.000000000 0.318167986 0.251575851 0.620970622 0.630003316 0.531615190 0.616243717 0.521690826 0.618509212 
39     0.280045941 0.330341836 0.570100606 0.690714883 0.672797647 0.543717281 0.575527082 0.580542260 0.642351115 0.619612279 0.725123583 0.767563722 0.764153806 0.601861276 0.722630396 0.696832370 0.662561809 0.388535051 0.455377678 0.456839676 0.480479643 0.532665123 0.559583901 0.553857359 0.501748086 0.559279583 0.656415828 0.739287193 0.737707250 0.729049985 0.365139368 0.350350836 0.379275207 0.334608738 0.265660454 0.321528674 0.337541979 0.362411762 0.782606292 0.577295915 0.339442279 0.325828934 0.318167986 0.000000000 0.100542793 0.559871896 0.564433350 0.466086170 0.550714697 0.456161807 0.552993510 
50     0.213045958 0.263341248 0.503048674 0.623662952 0.605745715 0.476717416 0.508475150 0.513490329 0.575299184 0.552560348 0.658123719 0.700563857 0.697153941 0.534861411 0.655630531 0.629832505 0.595561945 0.321535186 0.388377814 0.389839811 0.413479778 0.465665259 0.492148014 0.486421472 0.434312198 0.491647814 0.588875682 0.672196247 0.670616304 0.662045483 0.298178377 0.283389846 0.312314217 0.267647748 0.198930329 0.254707833 0.270721139 0.295590568 0.715785098 0.510693485 0.272850144 0.259236799 0.251575851 0.100542793 0.000000000 0.493229357 0.497433353 0.399086172 0.483714699 0.389161809 0.485992955 
42     0.585960470 0.636272802 0.876003834 0.996618112 0.978463702 0.849620510 0.881280899 0.886296077 0.948104932 0.925366096 1.031026812 1.073466951 1.070057035 0.907765482 1.028534602 1.002736576 0.968466016 0.694098545 0.761281891 0.762743889 0.786383855 0.838569336 0.865488446 0.859761904 0.807652630 0.865184128 0.962300726 1.045176730 1.043596788 1.034946869 0.671356467 0.656619332 0.685496584 0.640830115 0.571125045 0.628917753 0.644931058 0.669875903 1.089449533 0.883859671 0.642365719 0.628759400 0.620970622 0.559871896 0.493229357 0.000000000 0.870268453 0.771965805 0.856594332 0.762041441 0.858883086 
34     0.436610231 0.486445165 0.725275106 0.845889384 0.828068529 0.698899298 0.730994057 0.736009236 0.797818091 0.775079255 0.880202437 0.922642575 0.919232659 0.757581283 0.878348195 0.852550194 0.818279634 0.544593621 0.610801258 0.612259060 0.635912245 0.688361907 0.715439583 0.709713041 0.657602653 0.715117712 0.812461093 0.895291207 0.893711264 0.885136330 0.558937972 0.544428424 0.573153720 0.528445981 0.551028823 0.608748375 0.624717166 0.649182575 1.068452062 0.890716799 0.651242666 0.637621970 0.630003316 0.564433350 0.497433353 0.870268453 0.000000000 0.433659172 0.518257021 0.423735316 0.709060906 
33     0.338257432 0.388092366 0.626311796 0.746926073 0.729105218 0.599935987 0.631952130 0.636967308 0.698776163 0.676037327 0.781829128 0.823802447 0.820392531 0.659168314 0.779935226 0.754137224 0.719866664 0.446229378 0.512646977 0.514104780 0.537757964 0.590207626 0.617094294 0.611367752 0.559258478 0.616773600 0.714115804 0.796801874 0.795221931 0.786826916 0.460676186 0.446166638 0.474891934 0.430184195 0.452737653 0.510432278 0.526401069 0.550868403 0.970191780 0.792373047 0.552854539 0.539233843 0.531615190 0.466086170 0.399086172 0.771965805 0.433659172 0.000000000 0.218685751 0.194005431 0.610716378 
37     0.422885959 0.472720893 0.710940323 0.831554600 0.813733745 0.684564514 0.716580657 0.721595835 0.783404690 0.760665854 0.866457655 0.908430974 0.905021058 0.743796841 0.864563753 0.838765751 0.804495191 0.530857905 0.597275504 0.598733307 0.622386491 0.674836153 0.701722821 0.695996279 0.643887005 0.701402127 0.798744331 0.881430401 0.879850458 0.871455443 0.545304713 0.530795165 0.559520461 0.514812722 0.537366180 0.595060805 0.611029596 0.635496930 1.054820307 0.877001574 0.637483066 0.623862370 0.616243717 0.550714697 0.483714699 0.856594332 0.518257021 0.218685751 0.000000000 0.279174458 0.695344905 
43     0.328333069 0.378168003 0.616387433 0.737001710 0.719180855 0.590011624 0.622027767 0.627042945 0.688851800 0.666112964 0.771904765 0.813878083 0.810468167 0.649243950 0.770010862 0.744212861 0.709942301 0.436305015 0.502722614 0.504180416 0.527833601 0.580283263 0.607169930 0.601443389 0.549334115 0.606849237 0.704191441 0.786877511 0.785297568 0.776902553 0.450751823 0.436242275 0.464967571 0.420259832 0.442813289 0.500507915 0.516476706 0.540944040 0.960267417 0.782448683 0.542930176 0.529309480 0.521690826 0.456161807 0.389161809 0.762041441 0.423735316 0.194005431 0.279174458 0.000000000 0.600792015 
0     0.423408611 0.473237942 0.714199132 0.834813409 0.816992171 0.687818786 0.719919470 0.724934648 0.786743503 0.764004667 0.869236815 0.911676953 0.908267037 0.745903855 0.866672694 0.840875095 0.806604535 0.532797871 0.599401097 0.600860873 0.624513130 0.676961335 0.703317294 0.697590753 0.645481479 0.703283234 0.800644908 0.883533369 0.881953426 0.872569655 0.547449968 0.532938558 0.561663854 0.516956115 0.539769618 0.597510882 0.613479673 0.637918865 1.056652048 0.879269622 0.639748562 0.626127866 0.618509212 0.552993510 0.485992955 0.858883086 0.709060906 0.610716378 0.695344905 0.600792015 0.000000000 
