51
23     0.000000000 0.000132540 0.023136110 0.032278000 0.024699510 0.016012150 0.023083750 0.023779620 0.024565610 0.023723110 0.024684280 0.030971760 0.031280520 0.012074580 0.025523180 0.014195110 0.013635660 0.008975350 0.009610170 0.010116410 0.010860840 0.022739960 0.011702500 0.012233170 0.011470700 0.010736580 0.023544420 0.002764530 0.002763840 0.000457760 0.012447410 0.009111940 0.013261900 0.008583780 0.014488150 0.014618810 0.015925760 0.019650060 0.013698680 0.039586850 0.013995840 0.011576050 0.012264630 0.010395040 0.007467030 0.014635320 0.001125900 0.010734100 0.013315710 0.013204100 0.009629370 
4     0.000132540 0.000000000 0.029791000 0.032187130 0.029084990 0.012223530 0.030988660 0.026968030 0.025901130 0.029345960 0.032589190 0.038876670 0.039185430 0.019979490 0.026748300 0.014104240 0.013544790 0.010246720 0.009519300 0.010025540 0.010769970 0.022649090 0.011611630 0.012142300 0.011379830 0.011873820 0.029584260 0.012408850 0.016557050 0.015012330 0.012236040 0.008900570 0.009473280 0.008372410 0.007703160 0.014527940 0.011412910 0.019559190 0.006932860 0.044108540 0.013904970 0.011485180 0.012173760 0.010304170 0.007376160 0.036970360 0.005703260 0.013097900 0.013224840 0.011499850 0.010479530 
3     0.023136110 0.029791000 0.000000000 0.008739400 0.008553490 0.002274330 0.012536960 0.012117910 0.010834330 0.009991830 0.015238540 0.008901270 0.026852050 0.024617910 0.038860050 0.039060060 0.035130840 0.024273350 0.028160840 0.028226210 0.028829340 0.037855550 0.043096560 0.038004660 0.036169130 0.045034200 0.044798820 0.043482600 0.045927490 0.037543400 0.034119410 0.032276050 0.034222030 0.034779120 0.031244340 0.028834530 0.031613390 0.037887800 0.032436960 0.045048600 0.041957080 0.040489390 0.040764950 0.030789740 0.027534210 0.033373600 0.039652330 0.030334140 0.043897170 0.032308120 0.034576860 
12     0.032278000 0.032187130 0.008739400 0.000000000 0.000100700 0.007700740 0.016938650 0.012699200 0.015980290 0.015077130 0.030134160 0.036421640 0.036730400 0.034496260 0.046434890 0.033790830 0.033231380 0.031423270 0.027689790 0.028196030 0.028940460 0.040819580 0.031298220 0.031828890 0.031066420 0.031560410 0.055002920 0.051007700 0.055805840 0.043169550 0.043997760 0.039647560 0.044100380 0.032368170 0.038001980 0.035704490 0.043510300 0.040735740 0.037582920 0.066221390 0.035081520 0.032661730 0.033350310 0.031480720 0.028552710 0.038519560 0.037581520 0.034274450 0.034401390 0.034498900 0.050214780 
9     0.024699510 0.029084990 0.008553490 0.000100700 0.000000000 0.007746980 0.016831700 0.016412650 0.015129070 0.014286570 0.028811570 0.035099050 0.035407810 0.033173670 0.044417210 0.037511010 0.034424830 0.027869380 0.031409970 0.031916210 0.032660640 0.044539760 0.035018400 0.035549070 0.034786600 0.035280590 0.044092810 0.050997340 0.054483250 0.044377550 0.042675170 0.031570040 0.037584730 0.036088350 0.039800100 0.039424670 0.042187900 0.044455920 0.036731700 0.064898800 0.038801700 0.036381910 0.037070490 0.030083730 0.028916830 0.037668340 0.041301700 0.029628130 0.038121570 0.038219080 0.037890580 
17     0.016012150 0.012223530 0.002274330 0.007700740 0.007746980 0.000000000 0.007767450 0.005835860 0.006064820 0.005222320 0.013469900 0.031237250 0.031546010 0.018467170 0.032709310 0.026927490 0.026368040 0.016320220 0.020826450 0.021332690 0.022077120 0.031704810 0.024434880 0.024965550 0.024203080 0.024697070 0.040443540 0.041268460 0.039776750 0.026228760 0.027410880 0.027920770 0.014277830 0.025504830 0.025093600 0.014900660 0.017679520 0.031737060 0.027667450 0.050192300 0.028218180 0.024033530 0.026152290 0.021309630 0.021383470 0.028604090 0.010825770 0.024997550 0.019409180 0.020515840 0.013186110 
30     0.023083750 0.030988660 0.012536960 0.016938650 0.016831700 0.007767450 0.000000000 0.000448160 0.004177390 0.003869650 0.007339150 0.023029950 0.023338710 0.020365010 0.035232580 0.032811180 0.032251730 0.020112440 0.026710140 0.027216380 0.027960810 0.036624830 0.030318570 0.030849240 0.030086770 0.030580760 0.046657770 0.017660160 0.016817000 0.031686740 0.032365530 0.029030060 0.033058710 0.028501900 0.031191980 0.031526790 0.033579780 0.037835440 0.031559720 0.056290680 0.034101870 0.031682080 0.032370660 0.030501070 0.027481850 0.032496360 0.028613630 0.031095930 0.033421740 0.032255760 0.029815830 
22     0.023779620 0.026968030 0.012117910 0.012699200 0.016412650 0.005835860 0.000448160 0.000000000 0.003565950 0.004377630 0.013826900 0.023725820 0.024034580 0.020923350 0.035790920 0.028571730 0.028012280 0.020670780 0.022470690 0.022976930 0.023721360 0.029229750 0.026079120 0.026609790 0.025847320 0.026341310 0.044541940 0.018218500 0.017375340 0.024291660 0.032923870 0.029588400 0.032320260 0.027149070 0.031887850 0.030485390 0.034275650 0.035516640 0.031140670 0.056986550 0.029862420 0.027442630 0.028131210 0.026261620 0.023333610 0.031447170 0.028868200 0.029055350 0.029182290 0.029279800 0.038339710 
16     0.024565610 0.025901130 0.010834330 0.015980290 0.015129070 0.006064820 0.004177390 0.003565950 0.000000000 0.002181250 0.019647450 0.025934930 0.026243690 0.027470530 0.041712670 0.032528700 0.031969250 0.023664990 0.026427660 0.026933900 0.027678330 0.025664360 0.030036090 0.030566760 0.029804290 0.027864190 0.045170810 0.050271820 0.048780110 0.020726270 0.036972030 0.032648040 0.027955430 0.031106040 0.034096960 0.034431770 0.036484760 0.039473610 0.029857090 0.059195660 0.033819390 0.031399600 0.032088180 0.030218590 0.027290580 0.027881780 0.024503370 0.030706130 0.033086780 0.033236770 0.038968580 
11     0.023723110 0.029345960 0.009991830 0.015077130 0.014286570 0.005222320 0.003869650 0.004377630 0.002181250 0.000000000 0.017637400 0.023924880 0.024233640 0.025460480 0.039702620 0.030949660 0.030390210 0.021654940 0.024848620 0.025354860 0.026099290 0.037978410 0.028457050 0.028987720 0.028225250 0.028719240 0.047420820 0.048261770 0.046770060 0.040328380 0.034961980 0.034898050 0.033717550 0.029527000 0.032086910 0.032421720 0.034474710 0.037894570 0.029014590 0.057185610 0.032240350 0.029820560 0.030509140 0.028639550 0.025711540 0.029951230 0.030265490 0.031433280 0.031560220 0.031657730 0.029903010 
15     0.024684280 0.032589190 0.015238540 0.030134160 0.028811570 0.013469900 0.007339150 0.013826900 0.019647450 0.017637400 0.000000000 0.002283880 0.001595460 0.026166080 0.040408220 0.040608230 0.040491700 0.013758180 0.029709010 0.029774380 0.030377510 0.039403720 0.044644730 0.039552830 0.037717300 0.048016230 0.053645180 0.048967370 0.047475660 0.041109680 0.035667580 0.039904670 0.035770200 0.036327290 0.012704200 0.033127320 0.035180310 0.039435970 0.042484420 0.057891210 0.043505250 0.042037560 0.042313120 0.032373510 0.029082380 0.047369810 0.041200500 0.032696460 0.045445340 0.033856290 0.046088690 
10     0.030971760 0.038876670 0.008901270 0.036421640 0.035099050 0.031237250 0.023029950 0.023725820 0.025934930 0.023924880 0.002283880 0.000000000 0.000299150 0.032453560 0.046695700 0.046895710 0.046779180 0.003604000 0.035996490 0.036061860 0.036664990 0.045691200 0.050932210 0.045840310 0.044004780 0.054303710 0.059932660 0.055254850 0.053763140 0.037859210 0.041955060 0.046192150 0.042057680 0.042614770 0.039079990 0.039414800 0.041467790 0.045723450 0.048771900 0.064178690 0.049792730 0.048325040 0.048600600 0.038660990 0.035369860 0.053657290 0.047487980 0.038983940 0.051732820 0.040143770 0.049506700 
25     0.031280520 0.039185430 0.026852050 0.036730400 0.035407810 0.031546010 0.023338710 0.024034580 0.026243690 0.024233640 0.001595460 0.000299150 0.000000000 0.032762320 0.047004460 0.047204470 0.047087940 0.003912760 0.036305250 0.036370620 0.036973750 0.045999960 0.051240970 0.046149070 0.044313540 0.054612470 0.060241420 0.055563610 0.054071900 0.037766170 0.042263820 0.046500910 0.042366440 0.042923530 0.039388750 0.039723560 0.041776550 0.046032210 0.049080660 0.064487450 0.050101490 0.048633800 0.048909360 0.038969750 0.035678620 0.053966050 0.047796740 0.039292700 0.052041580 0.040452530 0.054773160 
1     0.012074580 0.019979490 0.024617910 0.034496260 0.033173670 0.018467170 0.020365010 0.020923350 0.027470530 0.025460480 0.026166080 0.032453560 0.032762320 0.000000000 0.011901100 0.020723450 0.017168040 0.001592210 0.015526170 0.015591540 0.016194670 0.025220880 0.030461890 0.025369990 0.023534460 0.028658080 0.039462340 0.005126370 0.004283210 0.025304150 0.019882860 0.016547390 0.023160500 0.016019230 0.020182810 0.020517620 0.022570610 0.026826270 0.029874720 0.045281510 0.030895550 0.029427860 0.029703420 0.019763810 0.016472680 0.034760110 0.016130960 0.020086760 0.032835640 0.020695270 0.035567220 
28     0.025523180 0.026748300 0.038860050 0.046434890 0.044417210 0.032709310 0.035232580 0.035790920 0.041712670 0.039702620 0.040408220 0.046695700 0.047004460 0.011901100 0.000000000 0.000507420 0.000683810 0.021573090 0.023767060 0.024273300 0.025017730 0.036896850 0.023512330 0.024043000 0.023280530 0.023774520 0.041511960 0.019993940 0.019150780 0.037730720 0.034750430 0.031414960 0.037402640 0.015589420 0.032563150 0.030265660 0.036812750 0.035296910 0.044116860 0.059523650 0.029642690 0.027222900 0.027911480 0.026041890 0.023113880 0.049002250 0.030998530 0.028835620 0.028962560 0.029060070 0.038537770 
2     0.014195110 0.014104240 0.039060060 0.033790830 0.037511010 0.026927490 0.032811180 0.028571730 0.032528700 0.030949660 0.040608230 0.046895710 0.047204470 0.020723450 0.000507420 0.000000000 0.000413720 0.013340380 0.011123000 0.011629240 0.012373670 0.024252790 0.010868270 0.011398940 0.010636470 0.011130460 0.034572970 0.019800020 0.018956860 0.025086660 0.034556510 0.021564670 0.030247520 0.014285280 0.019919090 0.017621600 0.025427410 0.022652850 0.040302120 0.059723660 0.016998630 0.014578840 0.015267420 0.013397830 0.010469820 0.042722390 0.019498630 0.016191560 0.016318500 0.016416010 0.032744050 
19     0.013635660 0.013544790 0.035130840 0.033231380 0.034424830 0.026368040 0.032251730 0.028012280 0.031969250 0.030390210 0.040491700 0.046779180 0.047087940 0.017168040 0.000683810 0.000413720 0.000000000 0.011580710 0.010563550 0.011069790 0.011814220 0.023693340 0.010308820 0.010839490 0.010077020 0.010571010 0.031519580 0.019977090 0.019133930 0.024527210 0.034733580 0.021005220 0.028355440 0.013725830 0.019359640 0.017062150 0.024867960 0.022093400 0.039742670 0.059607130 0.016439180 0.014019390 0.014707970 0.012838380 0.009910370 0.042162940 0.018939180 0.015632110 0.015759050 0.015856560 0.028545390 
27     0.008975350 0.010246720 0.024273350 0.031423270 0.027869380 0.016320220 0.020112440 0.020670780 0.023664990 0.021654940 0.013758180 0.003604000 0.003912760 0.001592210 0.021573090 0.013340380 0.011580710 0.000000000 0.005968180 0.009261680 0.010006110 0.017530930 0.010847770 0.011378440 0.010615970 0.011109960 0.021577760 0.001110490 0.004030640 0.016892470 0.019630290 0.015785300 0.013826690 0.010422360 0.016056170 0.013758680 0.021564490 0.018789930 0.031113880 0.034643040 0.013135710 0.010715920 0.011404500 0.009534910 0.006606900 0.034467910 0.010374630 0.012310240 0.012437180 0.012534690 0.021989940 
7     0.009610170 0.009519300 0.028160840 0.027689790 0.031409970 0.020826450 0.026710140 0.022470690 0.026427660 0.024848620 0.029709010 0.035996490 0.036305250 0.015526170 0.023767060 0.011123000 0.010563550 0.005968180 0.000000000 0.000042330 0.001939510 0.001377160 0.008630390 0.009161060 0.008398590 0.008892580 0.018897830 0.004945830 0.029945780 0.020501720 0.026600810 0.016979730 0.025277880 0.009700340 0.015334150 0.013036660 0.020842470 0.018067910 0.033417650 0.040594860 0.012413690 0.009993900 0.010682480 0.008812890 0.005884880 0.038137450 0.014913690 0.011606620 0.011733560 0.011831070 0.029834890 
6     0.010116410 0.010025540 0.028226210 0.028196030 0.031916210 0.021332690 0.027216380 0.022976930 0.026933900 0.025354860 0.029774380 0.036061860 0.036370620 0.015591540 0.024273300 0.011629240 0.011069790 0.009261680 0.000042330 0.000000000 0.002005520 0.001316220 0.009136630 0.009667300 0.008904830 0.009398820 0.026268070 0.023713320 0.030839860 0.021007960 0.026666180 0.017485970 0.026168820 0.010206580 0.015840390 0.013542900 0.021348710 0.018574150 0.033483020 0.048889810 0.012919930 0.010500140 0.011188720 0.009319130 0.006391120 0.038368410 0.015419930 0.012112860 0.012239800 0.012337310 0.030341130 
18     0.010860840 0.010769970 0.028829340 0.028940460 0.032660640 0.022077120 0.027960810 0.023721360 0.027678330 0.026099290 0.030377510 0.036664990 0.036973750 0.016194670 0.025017730 0.012373670 0.011814220 0.010006110 0.001939510 0.002005520 0.000000000 0.011985100 0.009881060 0.010411730 0.009649260 0.010143250 0.027759370 0.038995960 0.037504250 0.021752390 0.027269310 0.018230400 0.026913250 0.010951010 0.016584820 0.014287330 0.022093140 0.019318580 0.034086150 0.049492940 0.013664360 0.011244570 0.011933150 0.010063560 0.007135550 0.034853520 0.016164360 0.012857290 0.012984230 0.013081740 0.027821010 
26     0.022739960 0.022649090 0.037855550 0.040819580 0.044539760 0.031704810 0.036624830 0.029229750 0.025664360 0.037978410 0.039403720 0.045691200 0.045999960 0.025220880 0.036896850 0.024252790 0.023693340 0.017530930 0.001377160 0.001316220 0.011985100 0.000000000 0.021760180 0.022290850 0.021528380 0.012215570 0.030666310 0.016508580 0.041508530 0.005083710 0.036295520 0.030109520 0.036398140 0.022830130 0.028463940 0.026166450 0.033972260 0.031197700 0.043112360 0.052157610 0.025543480 0.023123690 0.023812270 0.021942680 0.019014670 0.015918480 0.028043480 0.024736410 0.024863350 0.024960860 0.041913480 
24     0.011702500 0.011611630 0.043096560 0.031298220 0.035018400 0.024434880 0.030318570 0.026079120 0.030036090 0.028457050 0.044644730 0.050932210 0.051240970 0.030461890 0.023512330 0.010868270 0.010308820 0.010847770 0.008630390 0.009136630 0.009881060 0.021760180 0.000000000 0.000210600 0.000059230 0.008163110 0.010299300 0.047424720 0.049771310 0.022594050 0.033806370 0.019072060 0.024507120 0.011792670 0.017426480 0.015128990 0.022934800 0.020160240 0.037809510 0.054513480 0.014506020 0.012086230 0.012774810 0.010905220 0.007977210 0.040229780 0.017006020 0.013698950 0.013825890 0.013923400 0.029261200 
8     0.012233170 0.012142300 0.038004660 0.031828890 0.035549070 0.024965550 0.030849240 0.026609790 0.030566760 0.028987720 0.039552830 0.045840310 0.046149070 0.025369990 0.024043000 0.011398940 0.010839490 0.011378440 0.009161060 0.009667300 0.010411730 0.022290850 0.000210600 0.000000000 0.000968550 0.008693780 0.018567890 0.048171280 0.046679570 0.023124720 0.034337040 0.019602730 0.025466950 0.012323340 0.017957150 0.015659660 0.023465470 0.020690910 0.038340180 0.055473310 0.015036690 0.012616900 0.013305480 0.011435890 0.008507880 0.040760450 0.017536690 0.014229620 0.014356560 0.014454070 0.030221030 
21     0.011470700 0.011379830 0.036169130 0.031066420 0.034786600 0.024203080 0.030086770 0.025847320 0.029804290 0.028225250 0.037717300 0.044004780 0.044313540 0.023534460 0.023280530 0.010636470 0.010077020 0.010615970 0.008398590 0.008904830 0.009649260 0.021528380 0.000059230 0.000968550 0.000000000 0.007931310 0.013200340 0.044002150 0.044844040 0.022362250 0.031665160 0.018731560 0.018550300 0.011560870 0.017194680 0.014897190 0.022703000 0.019928440 0.037577710 0.048556660 0.014274220 0.011854430 0.012543010 0.010673420 0.007745410 0.039997980 0.016774220 0.013467150 0.013594090 0.013691600 0.023304380 
29     0.010736580 0.011873820 0.045034200 0.031560410 0.035280590 0.024697070 0.030580760 0.026341310 0.027864190 0.028719240 0.048016230 0.054303710 0.054612470 0.028658080 0.023774520 0.011130460 0.010571010 0.011109960 0.008892580 0.009398820 0.010143250 0.012215570 0.008163110 0.008693780 0.007931310 0.000000000 0.000828670 0.026744710 0.032921570 0.007283540 0.024654200 0.019334250 0.027912290 0.012054860 0.017688670 0.015391180 0.023196990 0.020422430 0.038071700 0.059582680 0.014768210 0.012348420 0.013037000 0.011167410 0.008239400 0.018118310 0.004657870 0.013961140 0.014088080 0.014185590 0.032189410 
13     0.023544420 0.029584260 0.044798820 0.055002920 0.044092810 0.040443540 0.046657770 0.044541940 0.045170810 0.047420820 0.053645180 0.059932660 0.060241420 0.039462340 0.041511960 0.034572970 0.031519580 0.021577760 0.018897830 0.026268070 0.027759370 0.030666310 0.010299300 0.018567890 0.013200340 0.000828670 0.000000000 0.040305240 0.042651830 0.044892820 0.026976950 0.028454010 0.028272750 0.027921540 0.033359630 0.038833690 0.039999040 0.043864940 0.056448570 0.058279110 0.038210720 0.035790930 0.036479510 0.030522420 0.029271990 0.041214110 0.028349350 0.029773240 0.037530590 0.037628100 0.033026830 
20     0.002764530 0.012408850 0.043482600 0.051007700 0.050997340 0.041268460 0.017660160 0.018218500 0.050271820 0.048261770 0.048967370 0.055254850 0.055563610 0.005126370 0.019993940 0.019800020 0.019977090 0.001110490 0.004945830 0.023713320 0.038995960 0.016508580 0.047424720 0.048171280 0.044002150 0.026744710 0.040305240 0.000000000 0.000005870 0.002424070 0.017178010 0.013842540 0.023330030 0.013314380 0.021752020 0.020809490 0.020656360 0.026977560 0.052676010 0.035737170 0.050431020 0.045318340 0.050078740 0.025804000 0.025480120 0.040007630 0.003092210 0.020536180 0.055636930 0.017432990 0.035127740 
5     0.002763840 0.016557050 0.045927490 0.055805840 0.054483250 0.039776750 0.016817000 0.017375340 0.048780110 0.046770060 0.047475660 0.053763140 0.054071900 0.004283210 0.019150780 0.018956860 0.019133930 0.004030640 0.029945780 0.030839860 0.037504250 0.041508530 0.049771310 0.046679570 0.044844040 0.032921570 0.042651830 0.000005870 0.000000000 0.002423380 0.016334850 0.012999380 0.022486870 0.012471220 0.020908860 0.019966330 0.019813200 0.026134400 0.051184300 0.060737120 0.049587860 0.044475180 0.049235580 0.024960840 0.024636960 0.043035600 0.003091520 0.030318250 0.054145220 0.017147260 0.054068920 
14     0.000457760 0.015012330 0.037543400 0.043169550 0.044377550 0.026228760 0.031686740 0.024291660 0.020726270 0.040328380 0.041109680 0.037859210 0.037766170 0.025304150 0.037730720 0.025086660 0.024527210 0.016892470 0.020501720 0.021007960 0.021752390 0.005083710 0.022594050 0.023124720 0.022362250 0.007283540 0.044892820 0.002424070 0.002423380 0.000000000 0.015966770 0.014099660 0.023587150 0.013571500 0.022009140 0.021066610 0.020913480 0.027234680 0.032785660 0.049686290 0.024891290 0.022471500 0.023160080 0.021290490 0.018362480 0.010980390 0.000668140 0.024084220 0.024211160 0.018187280 0.025634710 
41     0.012447410 0.012236040 0.034119410 0.043997760 0.042675170 0.027410880 0.032365530 0.032923870 0.036972030 0.034961980 0.035667580 0.041955060 0.042263820 0.019882860 0.034750430 0.034556510 0.034733580 0.019630290 0.026600810 0.026666180 0.027269310 0.036295520 0.033806370 0.034337040 0.031665160 0.024654200 0.026976950 0.017178010 0.016334850 0.015966770 0.000000000 0.000366170 0.004585210 0.006159300 0.008694090 0.015271080 0.015117950 0.021439150 0.028218180 0.040634300 0.034377070 0.027216690 0.029335450 0.020265590 0.019941710 0.024203380 0.008261940 0.025050680 0.029791980 0.012826250 0.035972080 
32     0.009111940 0.008900570 0.032276050 0.039647560 0.031570040 0.027920770 0.029030060 0.029588400 0.032648040 0.034898050 0.039904670 0.046192150 0.046500910 0.016547390 0.031414960 0.021564670 0.021005220 0.015785300 0.016979730 0.017485970 0.018230400 0.030109520 0.019072060 0.019602730 0.018731560 0.019334250 0.028454010 0.013842540 0.012999380 0.014099660 0.000366170 0.000000000 0.003582530 0.003282380 0.008238100 0.011935610 0.011782480 0.018103680 0.021316340 0.040178310 0.021228160 0.018808370 0.019496950 0.015853810 0.011229920 0.035004880 0.004926470 0.017544050 0.020679870 0.009490780 0.023038480 
48     0.013261900 0.009473280 0.034222030 0.044100380 0.037584730 0.014277830 0.033058710 0.032320260 0.027955430 0.033717550 0.035770200 0.042057680 0.042366440 0.023160500 0.037402640 0.030247520 0.028355440 0.013826690 0.025277880 0.026168820 0.026913250 0.036398140 0.024507120 0.025466950 0.018550300 0.027912290 0.028272750 0.023330030 0.022486870 0.023587150 0.004585210 0.003582530 0.000000000 0.004789100 0.015136300 0.012859790 0.015638650 0.026045570 0.019325770 0.040055780 0.023696790 0.014083640 0.016202400 0.016186370 0.011048660 0.027461470 0.008075520 0.023558740 0.016658930 0.017765590 0.022857220 
49     0.008583780 0.008372410 0.034779120 0.032368170 0.036088350 0.025504830 0.028501900 0.027149070 0.031106040 0.029527000 0.036327290 0.042614770 0.042923530 0.016019230 0.015589420 0.014285280 0.013725830 0.010422360 0.009700340 0.010206580 0.010951010 0.022830130 0.011792670 0.012323340 0.011560870 0.012054860 0.027921540 0.013314380 0.012471220 0.013571500 0.006159300 0.003282380 0.004789100 0.000000000 0.012349980 0.011407450 0.011254320 0.017575520 0.025241910 0.039704570 0.013948770 0.011528980 0.012217560 0.010347970 0.007419960 0.026178550 0.004398310 0.013273540 0.013400480 0.008962620 0.022506010 
46     0.014488150 0.007703160 0.031244340 0.038001980 0.039800100 0.025093600 0.031191980 0.031887850 0.034096960 0.032086910 0.012704200 0.039079990 0.039388750 0.020182810 0.032563150 0.019919090 0.019359640 0.016056170 0.015334150 0.015840390 0.016584820 0.028463940 0.017426480 0.017957150 0.017194680 0.017688670 0.033359630 0.021752020 0.020908860 0.022009140 0.008694090 0.008238100 0.015136300 0.012349980 0.000000000 0.001961970 0.001808840 0.004413700 0.001912900 0.031828310 0.017233620 0.014813830 0.015502410 0.007195400 0.006445510 0.025270160 0.012835950 0.018907350 0.019034290 0.017400260 0.027944100 
31     0.014618810 0.014527940 0.028834530 0.035704490 0.039424670 0.014900660 0.031526790 0.030485390 0.034431770 0.032421720 0.033127320 0.039414800 0.039723560 0.020517620 0.030265660 0.017621600 0.017062150 0.013758680 0.013036660 0.013542900 0.014287330 0.026166450 0.015128990 0.015659660 0.014897190 0.015391180 0.038833690 0.020809490 0.019966330 0.021066610 0.015271080 0.011935610 0.012859790 0.011407450 0.001961970 0.000000000 0.000163130 0.006527390 0.007299910 0.045861450 0.014936130 0.012516340 0.013204920 0.006252870 0.005928990 0.012076480 0.011893420 0.016609860 0.016736800 0.016457730 0.034033480 
45     0.015925760 0.011412910 0.031613390 0.043510300 0.042187900 0.017679520 0.033579780 0.034275650 0.036484760 0.034474710 0.035180310 0.041467790 0.041776550 0.022570610 0.036812750 0.025427410 0.024867960 0.021564490 0.020842470 0.021348710 0.022093140 0.033972260 0.022934800 0.023465470 0.022703000 0.023196990 0.039999040 0.020656360 0.019813200 0.020913480 0.015117950 0.011782480 0.015638650 0.011254320 0.001808840 0.000163130 0.000000000 0.006374260 0.005622650 0.047914440 0.022741940 0.020322150 0.021010730 0.006099740 0.005775860 0.005145330 0.011740290 0.024415670 0.024542610 0.016304600 0.034583510 
38     0.019650060 0.019559190 0.037887800 0.040735740 0.044455920 0.031737060 0.037835440 0.035516640 0.039473610 0.037894570 0.039435970 0.045723450 0.046032210 0.026826270 0.035296910 0.022652850 0.022093400 0.018789930 0.018067910 0.018574150 0.019318580 0.031197700 0.020160240 0.020690910 0.019928440 0.020422430 0.043864940 0.026977560 0.026134400 0.027234680 0.021439150 0.018103680 0.026045570 0.017575520 0.004413700 0.006527390 0.006374260 0.000000000 0.007790740 0.049785920 0.019967380 0.017547590 0.018236170 0.012420940 0.012097060 0.030495700 0.018061490 0.021641110 0.021768050 0.021865560 0.038853370 
40     0.013698680 0.006932860 0.032436960 0.037582920 0.036731700 0.027667450 0.031559720 0.031140670 0.029857090 0.029014590 0.042484420 0.048771900 0.049080660 0.029874720 0.044116860 0.040302120 0.039742670 0.031113880 0.033417650 0.033483020 0.034086150 0.043112360 0.037809510 0.038340180 0.037577710 0.038071700 0.056448570 0.052676010 0.051184300 0.032785660 0.028218180 0.021316340 0.019325770 0.025241910 0.001912900 0.007299910 0.005622650 0.007790740 0.000000000 0.055218550 0.034531300 0.032124890 0.020870170 0.028218150 0.012589580 0.011155700 0.040371560 0.021392270 0.039417320 0.018097170 0.047672700 
36     0.039586850 0.044108540 0.045048600 0.066221390 0.064898800 0.050192300 0.056290680 0.056986550 0.059195660 0.057185610 0.057891210 0.064178690 0.064487450 0.045281510 0.059523650 0.059723660 0.059607130 0.034643040 0.040594860 0.048889810 0.049492940 0.052157610 0.054513480 0.055473310 0.048556660 0.059582680 0.058279110 0.035737170 0.060737120 0.049686290 0.040634300 0.040178310 0.040055780 0.039704570 0.031828310 0.045861450 0.047914440 0.049785920 0.055218550 0.000000000 0.011658470 0.015545190 0.012196950 0.022070680 0.022167820 0.004656620 0.048230200 0.047274310 0.060023190 0.048434140 0.052863580 
44     0.013995840 0.013904970 0.041957080 0.035081520 0.038801700 0.028218180 0.034101870 0.029862420 0.033819390 0.032240350 0.043505250 0.049792730 0.050101490 0.030895550 0.029642690 0.016998630 0.016439180 0.013135710 0.012413690 0.012919930 0.013664360 0.025543480 0.014506020 0.015036690 0.014274220 0.014768210 0.038210720 0.050431020 0.049587860 0.024891290 0.034377070 0.021228160 0.023696790 0.013948770 0.017233620 0.014936130 0.022741940 0.019967380 0.034531300 0.011658470 0.000000000 0.000276560 0.000546400 0.011454020 0.008526010 0.028977000 0.019293960 0.015986890 0.016113830 0.016211340 0.034215160 
47     0.011576050 0.011485180 0.040489390 0.032661730 0.036381910 0.024033530 0.031682080 0.027442630 0.031399600 0.029820560 0.042037560 0.048325040 0.048633800 0.029427860 0.027222900 0.014578840 0.014019390 0.010715920 0.009993900 0.010500140 0.011244570 0.023123690 0.012086230 0.012616900 0.011854430 0.012348420 0.035790930 0.045318340 0.044475180 0.022471500 0.027216690 0.018808370 0.014083640 0.011528980 0.014813830 0.012516340 0.020322150 0.017547590 0.032124890 0.015545190 0.000276560 0.000000000 0.001586280 0.009034230 0.006106220 0.024622710 0.016874170 0.013567100 0.013694040 0.013791550 0.031795370 
35     0.012264630 0.012173760 0.040764950 0.033350310 0.037070490 0.026152290 0.032370660 0.028131210 0.032088180 0.030509140 0.042313120 0.048600600 0.048909360 0.029703420 0.027911480 0.015267420 0.014707970 0.011404500 0.010682480 0.011188720 0.011933150 0.023812270 0.012774810 0.013305480 0.012543010 0.013037000 0.036479510 0.050078740 0.049235580 0.023160080 0.029335450 0.019496950 0.016202400 0.012217560 0.015502410 0.013204920 0.021010730 0.018236170 0.020870170 0.012196950 0.000546400 0.001586280 0.000000000 0.009722810 0.006794800 0.016092750 0.017562750 0.014255680 0.014382620 0.014480130 0.032483950 
39     0.010395040 0.010304170 0.030789740 0.031480720 0.030083730 0.021309630 0.030501070 0.026261620 0.030218590 0.028639550 0.032373510 0.038660990 0.038969750 0.019763810 0.026041890 0.013397830 0.012838380 0.009534910 0.008812890 0.009319130 0.010063560 0.021942680 0.010905220 0.011435890 0.010673420 0.011167410 0.030522420 0.025804000 0.024960840 0.021290490 0.020265590 0.015853810 0.016186370 0.010347970 0.007195400 0.006252870 0.006099740 0.012420940 0.028218150 0.022070680 0.011454020 0.009034230 0.009722810 0.000000000 0.000329740 0.022486860 0.015693160 0.012386090 0.012513030 0.012610540 0.024320190 
50     0.007467030 0.007376160 0.027534210 0.028552710 0.028916830 0.021383470 0.027481850 0.023333610 0.027290580 0.025711540 0.029082380 0.035369860 0.035678620 0.016472680 0.023113880 0.010469820 0.009910370 0.006606900 0.005884880 0.006391120 0.007135550 0.019014670 0.007977210 0.008507880 0.007745410 0.008239400 0.029271990 0.025480120 0.024636960 0.018362480 0.019941710 0.011229920 0.011048660 0.007419960 0.006445510 0.005928990 0.005775860 0.012097060 0.012589580 0.022167820 0.008526010 0.006106220 0.006794800 0.000329740 0.000000000 0.008332180 0.012765150 0.009458080 0.009585020 0.009682530 0.023153290 
42     0.014635320 0.036970360 0.033373600 0.038519560 0.037668340 0.028604090 0.032496360 0.031447170 0.027881780 0.029951230 0.047369810 0.053657290 0.053966050 0.034760110 0.049002250 0.042722390 0.042162940 0.034467910 0.038137450 0.038368410 0.034853520 0.015918480 0.040229780 0.040760450 0.039997980 0.018118310 0.041214110 0.040007630 0.043035600 0.010980390 0.024203380 0.035004880 0.027461470 0.026178550 0.025270160 0.012076480 0.005145330 0.030495700 0.011155700 0.004656620 0.028977000 0.024622710 0.016092750 0.022486860 0.008332180 0.000000000 0.034962690 0.036752910 0.041837590 0.025629080 0.049389070 
34     0.001125900 0.005703260 0.039652330 0.037581520 0.041301700 0.010825770 0.028613630 0.028868200 0.024503370 0.030265490 0.041200500 0.047487980 0.047796740 0.016130960 0.030998530 0.019498630 0.018939180 0.010374630 0.014913690 0.015419930 0.016164360 0.028043480 0.017006020 0.017536690 0.016774220 0.004657870 0.028349350 0.003092210 0.003091520 0.000668140 0.008261940 0.004926470 0.008075520 0.004398310 0.012835950 0.011893420 0.011740290 0.018061490 0.040371560 0.048230200 0.019293960 0.016874170 0.017562750 0.015693160 0.012765150 0.034962690 0.000000000 0.008542530 0.008669470 0.000720770 0.022977920 
33     0.010734100 0.013097900 0.030334140 0.034274450 0.029628130 0.024997550 0.031095930 0.029055350 0.030706130 0.031433280 0.032696460 0.038983940 0.039292700 0.020086760 0.028835620 0.016191560 0.015632110 0.012310240 0.011606620 0.012112860 0.012857290 0.024736410 0.013698950 0.014229620 0.013467150 0.013961140 0.029773240 0.020536180 0.030318250 0.024084220 0.025050680 0.017544050 0.023558740 0.013273540 0.018907350 0.016609860 0.024415670 0.021641110 0.021392270 0.047274310 0.015986890 0.013567100 0.014255680 0.012386090 0.009458080 0.036752910 0.008542530 0.000000000 0.000522860 0.003923290 0.023748690 
37     0.013315710 0.013224840 0.043897170 0.034401390 0.038121570 0.019409180 0.033421740 0.029182290 0.033086780 0.031560220 0.045445340 0.051732820 0.052041580 0.032835640 0.028962560 0.016318500 0.015759050 0.012437180 0.011733560 0.012239800 0.012984230 0.024863350 0.013825890 0.014356560 0.013594090 0.014088080 0.037530590 0.055636930 0.054145220 0.024211160 0.029791980 0.020679870 0.016658930 0.013400480 0.019034290 0.016736800 0.024542610 0.021768050 0.039417320 0.060023190 0.016113830 0.013694040 0.014382620 0.012513030 0.009585020 0.041837590 0.008669470 0.000522860 0.000000000 0.004050230 0.033354390 
43     0.013204100 0.011499850 0.032308120 0.034498900 0.038219080 0.020515840 0.032255760 0.029279800 0.033236770 0.031657730 0.033856290 0.040143770 0.040452530 0.020695270 0.029060070 0.016416010 0.015856560 0.012534690 0.011831070 0.012337310 0.013081740 0.024960860 0.013923400 0.014454070 0.013691600 0.014185590 0.037628100 0.017432990 0.017147260 0.018187280 0.012826250 0.009490780 0.017765590 0.008962620 0.017400260 0.016457730 0.016304600 0.021865560 0.018097170 0.048434140 0.016211340 0.013791550 0.014480130 0.012610540 0.009682530 0.025629080 0.000720770 0.003923290 0.004050230 0.000000000 0.027488680 
0     0.009629370 0.010479530 0.034576860 0.050214780 0.037890580 0.013186110 0.029815830 0.038339710 0.038968580 0.029903010 0.046088690 0.049506700 0.054773160 0.035567220 0.038537770 0.032744050 0.028545390 0.021989940 0.029834890 0.030341130 0.027821010 0.041913480 0.029261200 0.030221030 0.023304380 0.032189410 0.033026830 0.035127740 0.054068920 0.025634710 0.035972080 0.023038480 0.022857220 0.022506010 0.027944100 0.034033480 0.034583510 0.038853370 0.047672700 0.052863580 0.034215160 0.031795370 0.032483950 0.024320190 0.023153290 0.049389070 0.022977920 0.023748690 0.033354390 0.027488680 0.000000000 
