51
7     0.000000000 0.002524330 0.002318880 0.008746330 0.007918150 0.005099050 0.017217080 0.009221800 0.029057550 0.025104730 0.027105360 0.038004040 0.022570500 0.022556060 0.021252040 0.022677360 0.017867460 0.022101240 0.023112380 0.026706340 0.027374640 0.027030760 0.034575420 0.023110990 0.022065730 0.024657070 0.026274090 0.026531920 0.025962000 0.026901820 0.023265730 0.024007910 0.017159630 0.017599760 0.025757340 0.024261630 0.024688790 0.025006600 0.020741730 0.019679520 0.032380560 0.022221060 0.011598800 0.014465960 0.015554780 0.018016770 0.021152880 0.021140560 0.018455830 0.028865120 0.025301540 
40     0.002524330 0.000000000 0.000008780 0.002189040 0.002988680 0.002306720 0.019476540 0.002664510 0.022500260 0.018547440 0.020548070 0.031446750 0.016877100 0.016364660 0.016419630 0.016120070 0.015396470 0.011495500 0.021160250 0.020149050 0.023180290 0.024415840 0.028225600 0.016553700 0.015508440 0.018099780 0.019716800 0.019974630 0.019404710 0.020344530 0.017984710 0.019104680 0.014521630 0.014961760 0.019200050 0.018041090 0.018131500 0.018449310 0.014184440 0.014482920 0.025823270 0.015663770 0.005041510 0.007908670 0.008997490 0.011459480 0.015005950 0.015364000 0.011898540 0.022307830 0.023985270 
23     0.002318880 0.000008780 0.000000000 0.003806980 0.004606620 0.000752370 0.020691260 0.004282450 0.024118200 0.020165380 0.022166010 0.033064690 0.018495040 0.017982600 0.018037570 0.017738010 0.017014410 0.017161890 0.022778190 0.021766990 0.024798230 0.026445810 0.029843540 0.018171640 0.017126380 0.019717720 0.021334740 0.021592570 0.021022650 0.021962470 0.019602650 0.020722620 0.020353400 0.017619230 0.020817990 0.019659030 0.019749440 0.020067250 0.015802380 0.016100860 0.027441210 0.017281710 0.006659450 0.009526610 0.010615430 0.013077420 0.016623890 0.016981940 0.013516480 0.023925770 0.025481870 
47     0.008746330 0.002189040 0.003806980 0.000000000 0.001789500 0.002099700 0.003061630 0.001465330 0.021301080 0.017348260 0.019348890 0.030247570 0.015677920 0.015165480 0.015220450 0.014920890 0.014197290 0.014344770 0.019961070 0.018949870 0.021981110 0.023628690 0.027026420 0.015354520 0.014309260 0.016900600 0.018517620 0.018775450 0.018205530 0.019145350 0.016785530 0.017905500 0.017949800 0.014802110 0.018000870 0.016841910 0.016932320 0.017250130 0.012985260 0.013283740 0.024624090 0.014464590 0.003842330 0.006709490 0.007798310 0.010260300 0.013806770 0.014164820 0.010699360 0.021108650 0.025474720 
38     0.007918150 0.002988680 0.004606620 0.001789500 0.000000000 0.001560230 0.014233010 0.001792110 0.021627860 0.017675040 0.019675670 0.030210990 0.012600960 0.012586520 0.011282500 0.014169610 0.009039420 0.014671550 0.013142840 0.019276650 0.018546600 0.014049540 0.025424910 0.015681300 0.014636040 0.017227380 0.016764530 0.019102230 0.018532310 0.019343070 0.017112310 0.018232280 0.011345030 0.011379040 0.018327650 0.017168690 0.017259100 0.017576910 0.013312040 0.010851480 0.024950870 0.014791370 0.004169110 0.007036270 0.008125090 0.010587080 0.014047620 0.014035300 0.011026140 0.021435430 0.019449520 
18     0.005099050 0.002306720 0.000752370 0.002099700 0.001560230 0.000000000 0.015145810 0.002102310 0.021847490 0.017985240 0.019985870 0.030060950 0.012609750 0.012595310 0.011291290 0.014178400 0.009048210 0.014981750 0.013151630 0.019586850 0.018555390 0.018211510 0.025756170 0.014886180 0.014946240 0.017537580 0.019154600 0.019412430 0.018842510 0.019351860 0.014518920 0.015261100 0.008412820 0.008852950 0.018637850 0.015514820 0.017569300 0.017887110 0.013622240 0.010860270 0.025261070 0.015101570 0.004479310 0.007346470 0.008435290 0.010897280 0.014056410 0.014044090 0.011336340 0.021745630 0.019458310 
24     0.017217080 0.019476540 0.020691260 0.003061630 0.014233010 0.015145810 0.000000000 0.001527750 0.033822390 0.033781690 0.035452830 0.041065820 0.023455790 0.023441350 0.022137330 0.025024440 0.018752750 0.026405230 0.023997670 0.029358250 0.028259930 0.027916050 0.035460710 0.025826500 0.025479340 0.033665460 0.031376250 0.030712990 0.028916760 0.029056400 0.028404810 0.029022170 0.021058360 0.021092370 0.030758950 0.029759940 0.029426920 0.030640420 0.028281100 0.020564810 0.041388950 0.019371520 0.012166680 0.018574810 0.020781260 0.009919900 0.022038170 0.022025850 0.022504910 0.032094640 0.026186830 
37     0.009221800 0.002664510 0.004282450 0.001465330 0.001792110 0.002102310 0.001527750 0.000000000 0.019041770 0.017325370 0.019326000 0.026285200 0.008675170 0.008660730 0.007356710 0.010243820 0.005113630 0.011624610 0.009217050 0.015719130 0.014620810 0.012942620 0.021088830 0.007942790 0.011840220 0.016877710 0.008509700 0.017073870 0.015277640 0.015417280 0.014765690 0.015383050 0.007419240 0.007453250 0.017119830 0.016120820 0.015787800 0.017001300 0.012962370 0.006925690 0.024601200 0.006008080 0.003142820 0.006658470 0.007775420 0.005124970 0.008866020 0.008506140 0.010676470 0.021085760 0.010586760 
19     0.029057550 0.022500260 0.024118200 0.021301080 0.021627860 0.021847490 0.033822390 0.019041770 0.000000000 0.000647940 0.002135650 0.000332540 0.011251050 0.012631730 0.010905860 0.020602770 0.019219190 0.023290520 0.018300430 0.032173200 0.031074880 0.030731000 0.038275660 0.028641450 0.028294290 0.032800020 0.034191200 0.033527940 0.031731710 0.031871350 0.031219760 0.031837120 0.023873310 0.023907320 0.033573900 0.032574890 0.032241870 0.033149550 0.028884680 0.023379760 0.040523510 0.030364010 0.018858810 0.023112540 0.024503410 0.026159720 0.026575900 0.026563580 0.026598780 0.037008070 0.031977800 
30     0.025104730 0.018547440 0.020165380 0.017348260 0.017675040 0.017985240 0.033781690 0.017325370 0.000647940 0.000000000 0.000127190 0.007373200 0.008847630 0.010228310 0.008502440 0.021080070 0.016815770 0.023249820 0.020842260 0.030896470 0.031034180 0.030690300 0.038234960 0.027301120 0.026255860 0.028847200 0.030464220 0.030722050 0.030152130 0.031091950 0.028732130 0.029852100 0.023832610 0.023866620 0.029947470 0.028788510 0.028878920 0.029196730 0.024931860 0.023339060 0.036570690 0.026411190 0.014905990 0.019461770 0.020550590 0.022206900 0.025753370 0.026111420 0.022645960 0.033055250 0.031937100 
34     0.027105360 0.020548070 0.022166010 0.019348890 0.019675670 0.019985870 0.035452830 0.019326000 0.002135650 0.000127190 0.000000000 0.001025880 0.016713860 0.018094540 0.016368670 0.023540170 0.023198140 0.024920960 0.022513400 0.032897100 0.032705320 0.032361440 0.039906100 0.029301750 0.028256490 0.030847830 0.032464850 0.032722680 0.032152760 0.033092580 0.030732760 0.031852730 0.025503750 0.025537760 0.031948100 0.030789140 0.030879550 0.031197360 0.026932490 0.025010200 0.038571320 0.028411820 0.016906620 0.021462400 0.022551220 0.024207530 0.027754000 0.028112050 0.024646590 0.035055880 0.033608240 
2     0.038004040 0.031446750 0.033064690 0.030247570 0.030210990 0.030060950 0.041065820 0.026285200 0.000332540 0.007373200 0.001025880 0.000000000 0.016185600 0.017566280 0.010364590 0.006685110 0.024153740 0.010802680 0.023329290 0.039416630 0.038318310 0.037974430 0.045519090 0.035884880 0.035537720 0.041304510 0.041434630 0.040771370 0.038975140 0.039114780 0.038168650 0.038910830 0.031116740 0.031150750 0.040817330 0.039164550 0.039485300 0.040698800 0.037831170 0.030623190 0.049470000 0.039310500 0.026840320 0.030355970 0.032562420 0.035106210 0.033819330 0.033807010 0.035545270 0.045954560 0.039221230 
16     0.022570500 0.016877100 0.018495040 0.015677920 0.012600960 0.012609750 0.023455790 0.008675170 0.011251050 0.008847630 0.016713860 0.016185600 0.000000000 0.000178230 0.000760350 0.000713480 0.002988710 0.003136190 0.000443200 0.018913870 0.020708280 0.020364400 0.026990420 0.015318520 0.014273260 0.016864600 0.018481620 0.018739450 0.018169530 0.019109350 0.016749530 0.017869500 0.013506710 0.013540720 0.017964870 0.016805910 0.016896320 0.017214130 0.012949260 0.013013160 0.024588090 0.014428590 0.009230290 0.010170550 0.008816470 0.009684900 0.013231370 0.013589420 0.012062220 0.018144160 0.021557270 
26     0.022556060 0.016364660 0.017982600 0.015165480 0.012586520 0.012595310 0.023441350 0.008660730 0.012631730 0.010228310 0.018094540 0.017566280 0.000178230 0.000000000 0.001863700 0.000091610 0.000707390 0.002623750 0.000029110 0.018401430 0.020693840 0.020349960 0.026477980 0.014806080 0.013760820 0.016352160 0.017969180 0.018227010 0.017657090 0.018596910 0.016237090 0.017357060 0.013492270 0.013526280 0.017452430 0.016293470 0.016383880 0.016701690 0.012436820 0.012735300 0.024075650 0.013916150 0.009215850 0.012731500 0.014937950 0.009172460 0.012718930 0.013076980 0.011549780 0.015150570 0.021542000 
9     0.021252040 0.016419630 0.018037570 0.015220450 0.011282500 0.011291290 0.022137330 0.007356710 0.010905860 0.008502440 0.016368670 0.010364590 0.000760350 0.001863700 0.000000000 0.001636390 0.002531240 0.002678720 0.004247060 0.018456400 0.019389820 0.019045940 0.026532950 0.014861050 0.013815790 0.016407130 0.018024150 0.018281980 0.017712060 0.018651880 0.016292060 0.017412030 0.012188250 0.012222260 0.017507400 0.016348440 0.016438850 0.016756660 0.012491790 0.011694700 0.024130620 0.013971120 0.007911830 0.011427480 0.013633930 0.009227430 0.012773900 0.013131950 0.011604750 0.022014040 0.020292740 
14     0.022677360 0.016120070 0.017738010 0.014920890 0.014169610 0.014178400 0.025024440 0.010243820 0.020602770 0.021080070 0.023540170 0.006685110 0.000713480 0.000091610 0.001636390 0.000000000 0.002231680 0.002379160 0.004382640 0.018156840 0.021188080 0.021933050 0.026233390 0.014561490 0.013516230 0.016107570 0.017724590 0.017982420 0.017412500 0.018352320 0.015992500 0.017112470 0.015075360 0.014009080 0.017207840 0.016048880 0.016139290 0.016457100 0.012192230 0.012490710 0.023831060 0.013671560 0.007114690 0.014314590 0.016521040 0.008927870 0.012474340 0.012832390 0.011305190 0.018280160 0.021074990 
25     0.017867460 0.015396470 0.017014410 0.014197290 0.009039420 0.009048210 0.018752750 0.005113630 0.019219190 0.016815770 0.023198140 0.024153740 0.002988710 0.000707390 0.002531240 0.002231680 0.000000000 0.000907080 0.000719340 0.015599820 0.014501500 0.014157620 0.021702280 0.012068070 0.011720910 0.015383970 0.017000990 0.016954560 0.015158330 0.015297970 0.014646380 0.015263740 0.007299930 0.007333940 0.016484240 0.015325280 0.015415690 0.015733500 0.011468630 0.006806380 0.023107460 0.012947960 0.003130010 0.008042900 0.010249350 0.008204270 0.011506260 0.011493940 0.010581590 0.020990880 0.016908160 
12     0.022101240 0.011495500 0.017161890 0.014344770 0.014671550 0.014981750 0.026405230 0.011624610 0.023290520 0.023249820 0.024920960 0.010802680 0.003136190 0.002623750 0.002678720 0.002379160 0.000907080 0.000000000 0.000141020 0.017580720 0.020611960 0.022259540 0.025657270 0.013985370 0.012940110 0.015531450 0.017148470 0.017406300 0.016836380 0.017776200 0.015416380 0.016536350 0.016456150 0.013432960 0.016631720 0.015472760 0.015563170 0.015880980 0.011616110 0.011914590 0.023254940 0.013095440 0.012179730 0.015695380 0.017547100 0.008351750 0.011898220 0.012256270 0.010729070 0.021138360 0.016011660 
35     0.023112380 0.021160250 0.022778190 0.019961070 0.013142840 0.013151630 0.023997670 0.009217050 0.018300430 0.020842260 0.022513400 0.023329290 0.000443200 0.000029110 0.004247060 0.004382640 0.000719340 0.000141020 0.000000000 0.022348480 0.021250160 0.020906280 0.028450940 0.018816730 0.018469570 0.021147750 0.022764770 0.023022600 0.021906990 0.022046630 0.021032680 0.022012400 0.014048590 0.014082600 0.022248020 0.021089060 0.021179470 0.021497280 0.017232410 0.013555040 0.028871240 0.018711740 0.009772170 0.013287820 0.015494270 0.013968050 0.016751180 0.016738860 0.016345370 0.026754660 0.018053720 
36     0.026706340 0.020149050 0.021766990 0.018949870 0.019276650 0.019586850 0.029358250 0.015719130 0.032173200 0.030896470 0.032897100 0.039416630 0.018913870 0.018401430 0.018456400 0.018156840 0.015599820 0.017580720 0.022348480 0.000000000 0.002213380 0.001174970 0.004467400 0.002277110 0.003597920 0.011355250 0.006885770 0.007143600 0.006573680 0.007513500 0.011900040 0.012735620 0.014666130 0.010658960 0.013857720 0.012698760 0.012789170 0.013106980 0.008954770 0.009253250 0.021386400 0.011226900 0.013735510 0.018648400 0.020854850 0.013496250 0.017042720 0.017400770 0.015334170 0.025743460 0.027513660 
5     0.027374640 0.023180290 0.024798230 0.021981110 0.018546600 0.018555390 0.028259930 0.014620810 0.031074880 0.031034180 0.032705320 0.038318310 0.020708280 0.020693840 0.019389820 0.021188080 0.014501500 0.020611960 0.021250160 0.002213380 0.000000000 0.000372300 0.005625420 0.003435130 0.006821390 0.015046350 0.009917010 0.010174840 0.009604920 0.010544740 0.011019940 0.011637300 0.013567810 0.013601820 0.016888960 0.015730000 0.015820410 0.016138220 0.011986010 0.012284490 0.024417640 0.014258140 0.012637190 0.017550080 0.019756530 0.016527490 0.020073960 0.020432010 0.018365410 0.028774700 0.026415340 
15     0.027030760 0.024415840 0.026445810 0.023628690 0.014049540 0.018211510 0.027916050 0.012942620 0.030731000 0.030690300 0.032361440 0.037974430 0.020364400 0.020349960 0.019045940 0.021933050 0.014157620 0.022259540 0.020906280 0.001174970 0.000372300 0.000000000 0.004422510 0.002232220 0.005844330 0.015561550 0.011564590 0.011822420 0.011188010 0.011327650 0.010676060 0.011293420 0.011435090 0.013158500 0.018536540 0.017377580 0.017467990 0.017785800 0.013633590 0.012730380 0.026065220 0.015905720 0.012293310 0.017206200 0.017595830 0.018175070 0.020669560 0.020657240 0.020012990 0.030422280 0.026071460 
44     0.034575420 0.028225600 0.029843540 0.027026420 0.025424910 0.025756170 0.035460710 0.021088830 0.038275660 0.038234960 0.039906100 0.045519090 0.026990420 0.026477980 0.026532950 0.026233390 0.021702280 0.025657270 0.028450940 0.004467400 0.005625420 0.004422510 0.000000000 0.000244210 0.002053120 0.020091660 0.015262620 0.015520450 0.014950530 0.015890350 0.016709460 0.018838080 0.020768590 0.018735510 0.021934270 0.020775310 0.020865720 0.021183530 0.017031320 0.017329800 0.029462950 0.019303450 0.014141110 0.024750860 0.026957310 0.021572800 0.025119270 0.025477320 0.023410720 0.033820010 0.033616120 
1     0.023110990 0.016553700 0.018171640 0.015354520 0.015681300 0.014886180 0.025826500 0.007942790 0.028641450 0.027301120 0.029301750 0.035884880 0.015318520 0.014806080 0.014861050 0.014561490 0.012068070 0.013985370 0.018816730 0.002277110 0.003435130 0.002232220 0.000244210 0.000000000 0.000057700 0.001947150 0.010036780 0.010294610 0.009098460 0.009238100 0.005127030 0.006247000 0.009786300 0.007063610 0.010262370 0.009103410 0.009193820 0.009511630 0.005359420 0.005657900 0.017791050 0.007631550 0.010203760 0.015116650 0.017323100 0.009900900 0.013447370 0.013805420 0.011738820 0.022148110 0.023981910 
10     0.022065730 0.015508440 0.017126380 0.014309260 0.014636040 0.014946240 0.025479340 0.011840220 0.028294290 0.026255860 0.028256490 0.035537720 0.014273260 0.013760820 0.013815790 0.013516230 0.011720910 0.012940110 0.018469570 0.003597920 0.006821390 0.005844330 0.002053120 0.000057700 0.000000000 0.003523020 0.008991520 0.009249350 0.008679430 0.008890940 0.004081770 0.005201740 0.010787220 0.006018350 0.009217110 0.008058150 0.008148560 0.008466370 0.004314160 0.004612640 0.016745790 0.006586290 0.009856600 0.014769490 0.016975940 0.008855640 0.012402110 0.012760160 0.010693560 0.021102850 0.023634750 
6     0.024657070 0.018099780 0.019717720 0.016900600 0.017227380 0.017537580 0.033665460 0.016877710 0.032800020 0.028847200 0.030847830 0.041304510 0.016864600 0.016352160 0.016407130 0.016107570 0.015383970 0.015531450 0.021147750 0.011355250 0.015046350 0.015561550 0.020091660 0.001947150 0.003523020 0.000000000 0.005226100 0.009264270 0.011270770 0.012210590 0.006673110 0.007793080 0.012554900 0.008609690 0.011808450 0.010649490 0.010739900 0.011057710 0.006905500 0.007203980 0.019337130 0.009177630 0.015341270 0.019014110 0.020102930 0.011446980 0.014993450 0.015351500 0.013284900 0.023694190 0.028774300 
4     0.026274090 0.019716800 0.021334740 0.018517620 0.016764530 0.019154600 0.031376250 0.008509700 0.034191200 0.030464220 0.032464850 0.041434630 0.018481620 0.017969180 0.018024150 0.017724590 0.017000990 0.017148470 0.022764770 0.006885770 0.009917010 0.011564590 0.015262620 0.010036780 0.008991520 0.005226100 0.000000000 0.000382560 0.003459050 0.002202660 0.006968440 0.007585800 0.016684130 0.010226710 0.013425470 0.012266510 0.012356920 0.012674730 0.008522520 0.008821000 0.020954150 0.010794650 0.015753510 0.015961150 0.021719950 0.013064000 0.016610470 0.016968520 0.014901920 0.025311210 0.029531660 
17     0.026531920 0.019974630 0.021592570 0.018775450 0.019102230 0.019412430 0.030712990 0.017073870 0.033527940 0.030722050 0.032722680 0.040771370 0.018739450 0.018227010 0.018281980 0.017982420 0.016954560 0.017406300 0.023022600 0.007143600 0.010174840 0.011822420 0.015520450 0.010294610 0.009249350 0.009264270 0.000382560 0.000000000 0.001902370 0.002232320 0.006305180 0.006922540 0.016020870 0.010484540 0.013683300 0.012524340 0.012614750 0.012932560 0.008780350 0.009078830 0.021211980 0.011052480 0.015090250 0.020003140 0.021977780 0.013321830 0.016868300 0.017226350 0.015159750 0.025569040 0.028868400 
13     0.025962000 0.019404710 0.021022650 0.018205530 0.018532310 0.018842510 0.028916760 0.015277640 0.031731710 0.030152130 0.032152760 0.038975140 0.018169530 0.017657090 0.017712060 0.017412500 0.015158330 0.016836380 0.021906990 0.006573680 0.009604920 0.011188010 0.014950530 0.009098460 0.008679430 0.011270770 0.003459050 0.001902370 0.000000000 0.000146910 0.004508950 0.005126310 0.014224640 0.009914620 0.013113380 0.011954420 0.012044830 0.012362640 0.008210430 0.008508910 0.020642060 0.010482560 0.013294020 0.018206910 0.020413360 0.012751910 0.016298380 0.016656430 0.014589830 0.024999120 0.027072170 
45     0.026901820 0.020344530 0.021962470 0.019145350 0.019343070 0.019351860 0.029056400 0.015417280 0.031871350 0.031091950 0.033092580 0.039114780 0.019109350 0.018596910 0.018651880 0.018352320 0.015297970 0.017776200 0.022046630 0.007513500 0.010544740 0.011327650 0.015890350 0.009238100 0.008890940 0.012210590 0.002202660 0.002232320 0.000146910 0.000000000 0.004648590 0.005265950 0.014364280 0.010854440 0.014053200 0.012894240 0.012984650 0.013302460 0.009150250 0.009448730 0.021581880 0.011422380 0.013433660 0.018346550 0.020553000 0.013691730 0.017238200 0.017596250 0.015529650 0.025938940 0.027211810 
8     0.023265730 0.017984710 0.019602650 0.016785530 0.017112310 0.014518920 0.028404810 0.014765690 0.031219760 0.028732130 0.030732760 0.038168650 0.016749530 0.016237090 0.016292060 0.015992500 0.014646380 0.015416380 0.021032680 0.011900040 0.011019940 0.010676060 0.016709460 0.005127030 0.004081770 0.006673110 0.006968440 0.006305180 0.004508950 0.004648590 0.000000000 0.000607160 0.009419040 0.008494620 0.011693380 0.010534420 0.010624830 0.010942640 0.006790430 0.007088910 0.019222060 0.009062560 0.012782070 0.017694960 0.019901410 0.011331910 0.014878380 0.015236430 0.013169830 0.023579120 0.026560220 
22     0.024007910 0.019104680 0.020722620 0.017905500 0.018232280 0.015261100 0.029022170 0.015383050 0.031837120 0.029852100 0.031852730 0.038910830 0.017869500 0.017357060 0.017412030 0.017112470 0.015263740 0.016536350 0.022012400 0.012735620 0.011637300 0.011293420 0.018838080 0.006247000 0.005201740 0.007793080 0.007585800 0.006922540 0.005126310 0.005265950 0.000607160 0.000000000 0.010161220 0.009614590 0.012813350 0.011654390 0.011744800 0.012062610 0.007910400 0.008208880 0.020342030 0.010182530 0.013399430 0.018312320 0.020518770 0.012451880 0.015998350 0.016356400 0.014289800 0.024699090 0.027177580 
27     0.017159630 0.014521630 0.020353400 0.017949800 0.011345030 0.008412820 0.021058360 0.007419240 0.023873310 0.023832610 0.025503750 0.031116740 0.013506710 0.013492270 0.012188250 0.015075360 0.007299930 0.016456150 0.014048590 0.014666130 0.013567810 0.011435090 0.020768590 0.009786300 0.010787220 0.012554900 0.016684130 0.016020870 0.014224640 0.014364280 0.009419040 0.010161220 0.000000000 0.001141180 0.013179830 0.010414940 0.014114170 0.006393480 0.003056520 0.005403770 0.026643830 0.016484330 0.005435620 0.010348510 0.012554960 0.015232680 0.013811870 0.013799550 0.016666730 0.026256460 0.019213770 
29     0.017599760 0.014961760 0.017619230 0.014802110 0.011379040 0.008852950 0.021092370 0.007453250 0.023907320 0.023866620 0.025537760 0.031150750 0.013540720 0.013526280 0.012222260 0.014009080 0.007333940 0.013432960 0.014082600 0.010658960 0.013601820 0.013158500 0.018735510 0.007063610 0.006018350 0.008609690 0.010226710 0.010484540 0.009914620 0.010854440 0.008494620 0.009614590 0.001141180 0.000000000 0.006827120 0.005668160 0.005758570 0.002871810 0.001381140 0.001955490 0.017238640 0.007079140 0.005469630 0.010382520 0.012588970 0.009348490 0.012894960 0.013253010 0.011186410 0.021595700 0.019247780 
48     0.025757340 0.019200050 0.020817990 0.018000870 0.018327650 0.018637850 0.030758950 0.017119830 0.033573900 0.029947470 0.031948100 0.040817330 0.017964870 0.017452430 0.017507400 0.017207840 0.016484240 0.016631720 0.022248020 0.013857720 0.016888960 0.018536540 0.021934270 0.010262370 0.009217110 0.011808450 0.013425470 0.013683300 0.013113380 0.014053200 0.011693380 0.012813350 0.013179830 0.006827120 0.000000000 0.003920370 0.003587350 0.009166180 0.006099740 0.006674090 0.020437400 0.010277900 0.015136210 0.020049100 0.021203200 0.012547250 0.016093720 0.016451770 0.014385170 0.024794460 0.028914360 
43     0.024261630 0.018041090 0.019659030 0.016841910 0.017168690 0.015514820 0.029759940 0.016120820 0.032574890 0.028788510 0.030789140 0.039164550 0.016805910 0.016293470 0.016348440 0.016048880 0.015325280 0.015472760 0.021089060 0.012698760 0.015730000 0.017377580 0.020775310 0.009103410 0.008058150 0.010649490 0.012266510 0.012524340 0.011954420 0.012894240 0.010534420 0.011654390 0.010414940 0.005668160 0.003920370 0.000000000 0.000269550 0.004381640 0.006846810 0.007145290 0.019278440 0.009118940 0.014137200 0.018955420 0.020044240 0.011388290 0.014934760 0.015292810 0.013226210 0.023635500 0.027915350 
21     0.024688790 0.018131500 0.019749440 0.016932320 0.017259100 0.017569300 0.029426920 0.015787800 0.032241870 0.028878920 0.030879550 0.039485300 0.016896320 0.016383880 0.016438850 0.016139290 0.015415690 0.015563170 0.021179470 0.012789170 0.015820410 0.017467990 0.020865720 0.009193820 0.008148560 0.010739900 0.012356920 0.012614750 0.012044830 0.012984650 0.010624830 0.011744800 0.014114170 0.005758570 0.003587350 0.000269550 0.000000000 0.004472050 0.006937220 0.007235700 0.019368850 0.009209350 0.013804180 0.018717070 0.020134650 0.011478700 0.015025170 0.015383220 0.013316620 0.023725910 0.027582330 
28     0.025006600 0.018449310 0.020067250 0.017250130 0.017576910 0.017887110 0.030640420 0.017001300 0.033149550 0.029196730 0.031197360 0.040698800 0.017214130 0.016701690 0.016756660 0.016457100 0.015733500 0.015880980 0.021497280 0.013106980 0.016138220 0.017785800 0.021183530 0.009511630 0.008466370 0.011057710 0.012674730 0.012932560 0.012362640 0.013302460 0.010942640 0.012062610 0.006393480 0.002871810 0.009166180 0.004381640 0.004472050 0.000000000 0.005509090 0.007553510 0.019686660 0.009527160 0.015017680 0.019363640 0.020452460 0.011796510 0.015342980 0.015701030 0.013634430 0.024043720 0.028795830 
31     0.020741730 0.014184440 0.015802380 0.012985260 0.013312040 0.013622240 0.028281100 0.012962370 0.028884680 0.024931860 0.026932490 0.037831170 0.012949260 0.012436820 0.012491790 0.012192230 0.011468630 0.011616110 0.017232410 0.008954770 0.011986010 0.013633590 0.017031320 0.005359420 0.004314160 0.006905500 0.008522520 0.008780350 0.008210430 0.009150250 0.006790430 0.007910400 0.003056520 0.001381140 0.006099740 0.006846810 0.006937220 0.005509090 0.000000000 0.000136190 0.015421790 0.005262290 0.011425930 0.015098770 0.016187590 0.007531640 0.011078110 0.011436160 0.009369560 0.019778850 0.024858960 
41     0.019679520 0.014482920 0.016100860 0.013283740 0.010851480 0.010860270 0.020564810 0.006925690 0.023379760 0.023339060 0.025010200 0.030623190 0.013013160 0.012735300 0.011694700 0.012490710 0.006806380 0.011914590 0.013555040 0.009253250 0.012284490 0.012730380 0.017329800 0.005657900 0.004612640 0.007203980 0.008821000 0.009078830 0.008508910 0.009448730 0.007088910 0.008208880 0.005403770 0.001955490 0.006674090 0.007145290 0.007235700 0.007553510 0.000136190 0.000000000 0.015720270 0.005560770 0.004942070 0.009854960 0.012061410 0.007830120 0.011376590 0.011734640 0.009668040 0.020077330 0.018720220 
46     0.032380560 0.025823270 0.027441210 0.024624090 0.024950870 0.025261070 0.041388950 0.024601200 0.040523510 0.036570690 0.038571320 0.049470000 0.024588090 0.024075650 0.024130620 0.023831060 0.023107460 0.023254940 0.028871240 0.021386400 0.024417640 0.026065220 0.029462950 0.017791050 0.016745790 0.019337130 0.020954150 0.021211980 0.020642060 0.021581880 0.019222060 0.020342030 0.026643830 0.017238640 0.020437400 0.019278440 0.019368850 0.019686660 0.015421790 0.015720270 0.000000000 0.004159950 0.022393040 0.020021610 0.027826420 0.019170470 0.019069560 0.023074990 0.021008390 0.031417680 0.036497790 
39     0.022221060 0.015663770 0.017281710 0.014464590 0.014791370 0.015101570 0.019371520 0.006008080 0.030364010 0.026411190 0.028411820 0.039310500 0.014428590 0.013916150 0.013971120 0.013671560 0.012947960 0.013095440 0.018711740 0.011226900 0.014258140 0.015905720 0.019303450 0.007631550 0.006586290 0.009177630 0.010794650 0.011052480 0.010482560 0.011422380 0.009062560 0.010182530 0.016484330 0.007079140 0.010277900 0.009118940 0.009209350 0.009527160 0.005262290 0.005560770 0.004159950 0.000000000 0.012905260 0.016578100 0.011571670 0.009010970 0.003365260 0.003005380 0.010848890 0.021258180 0.026338290 
3     0.011598800 0.005041510 0.006659450 0.003842330 0.004169110 0.004479310 0.012166680 0.003142820 0.018858810 0.014905990 0.016906620 0.026840320 0.009230290 0.009215850 0.007911830 0.007114690 0.003130010 0.012179730 0.009772170 0.013735510 0.012637190 0.012293310 0.014141110 0.010203760 0.009856600 0.015341270 0.015753510 0.015090250 0.013294020 0.013433660 0.012782070 0.013399430 0.005435620 0.005469630 0.015136210 0.014137200 0.013804180 0.015017680 0.011425930 0.004942070 0.022393040 0.012905260 0.000000000 0.001941190 0.001781290 0.006174570 0.009535450 0.009523130 0.009140030 0.018863880 0.012745940 
33     0.014465960 0.007908670 0.009526610 0.006709490 0.007036270 0.007346470 0.018574810 0.006658470 0.023112540 0.019461770 0.021462400 0.030355970 0.010170550 0.012731500 0.011427480 0.014314590 0.008042900 0.015695380 0.013287820 0.018648400 0.017550080 0.017206200 0.024750860 0.015116650 0.014769490 0.019014110 0.015961150 0.020003140 0.018206910 0.018346550 0.017694960 0.018312320 0.010348510 0.010382520 0.020049100 0.018955420 0.018717070 0.019363640 0.015098770 0.009854960 0.020021610 0.016578100 0.001941190 0.000000000 0.000353180 0.002669980 0.007026200 0.007013880 0.012812870 0.019485070 0.016730220 
20     0.015554780 0.008997490 0.010615430 0.007798310 0.008125090 0.008435290 0.020781260 0.007775420 0.024503410 0.020550590 0.022551220 0.032562420 0.008816470 0.014937950 0.013633930 0.016521040 0.010249350 0.017547100 0.015494270 0.020854850 0.019756530 0.017595830 0.026957310 0.017323100 0.016975940 0.020102930 0.021719950 0.021977780 0.020413360 0.020553000 0.019901410 0.020518770 0.012554960 0.012588970 0.021203200 0.020044240 0.020134650 0.020452460 0.016187590 0.012061410 0.027826420 0.011571670 0.001781290 0.000353180 0.000000000 0.008735850 0.009232650 0.009220330 0.013901690 0.019325170 0.013609780 
32     0.018016770 0.011459480 0.013077420 0.010260300 0.010587080 0.010897280 0.009919900 0.005124970 0.026159720 0.022206900 0.024207530 0.035106210 0.009684900 0.009172460 0.009227430 0.008927870 0.008204270 0.008351750 0.013968050 0.013496250 0.016527490 0.018175070 0.021572800 0.009900900 0.008855640 0.011446980 0.013064000 0.013321830 0.012751910 0.013691730 0.011331910 0.012451880 0.015232680 0.009348490 0.012547250 0.011388290 0.011478700 0.011796510 0.007531640 0.007830120 0.019170470 0.009010970 0.006174570 0.002669980 0.008735850 0.000000000 0.006625910 0.006983960 0.006644600 0.017053890 0.016806470 
11     0.021152880 0.015005950 0.016623890 0.013806770 0.014047620 0.014056410 0.022038170 0.008866020 0.026575900 0.025753370 0.027754000 0.033819330 0.013231370 0.012718930 0.012773900 0.012474340 0.011506260 0.011898220 0.016751180 0.017042720 0.020073960 0.020669560 0.025119270 0.013447370 0.012402110 0.014993450 0.016610470 0.016868300 0.016298380 0.017238200 0.014878380 0.015998350 0.013811870 0.012894960 0.016093720 0.014934760 0.015025170 0.015342980 0.011078110 0.011376590 0.019069560 0.003365260 0.009535450 0.007026200 0.009232650 0.006625910 0.000000000 0.000019430 0.010191070 0.020600360 0.020193580 
42     0.021140560 0.015364000 0.016981940 0.014164820 0.014035300 0.014044090 0.022025850 0.008506140 0.026563580 0.026111420 0.028112050 0.033807010 0.013589420 0.013076980 0.013131950 0.012832390 0.011493940 0.012256270 0.016738860 0.017400770 0.020432010 0.020657240 0.025477320 0.013805420 0.012760160 0.015351500 0.016968520 0.017226350 0.016656430 0.017596250 0.015236430 0.016356400 0.013799550 0.013253010 0.016451770 0.015292810 0.015383220 0.015701030 0.011436160 0.011734640 0.023074990 0.003005380 0.009523130 0.007013880 0.009220330 0.006983960 0.000019430 0.000000000 0.010549120 0.020958410 0.020181260 
50     0.018455830 0.011898540 0.013516480 0.010699360 0.011026140 0.011336340 0.022504910 0.010676470 0.026598780 0.022645960 0.024646590 0.035545270 0.012062220 0.011549780 0.011604750 0.011305190 0.010581590 0.010729070 0.016345370 0.015334170 0.018365410 0.020012990 0.023410720 0.011738820 0.010693560 0.013284900 0.014901920 0.015159750 0.014589830 0.015529650 0.013169830 0.014289800 0.016666730 0.011186410 0.014385170 0.013226210 0.013316620 0.013634430 0.009369560 0.009668040 0.021008390 0.010848890 0.009140030 0.012812870 0.013901690 0.006644600 0.010191070 0.010549120 0.000000000 0.000026010 0.011588660 
49     0.028865120 0.022307830 0.023925770 0.021108650 0.021435430 0.021745630 0.032094640 0.021085760 0.037008070 0.033055250 0.035055880 0.045954560 0.018144160 0.015150570 0.022014040 0.018280160 0.020990880 0.021138360 0.026754660 0.025743460 0.028774700 0.030422280 0.033820010 0.022148110 0.021102850 0.023694190 0.025311210 0.025569040 0.024999120 0.025938940 0.023579120 0.024699090 0.026256460 0.021595700 0.024794460 0.023635500 0.023725910 0.024043720 0.019778850 0.020077330 0.031417680 0.021258180 0.018863880 0.019485070 0.019325170 0.017053890 0.020600360 0.020958410 0.000026010 0.000000000 0.031384930 
0     0.025301540 0.023985270 0.025481870 0.025474720 0.019449520 0.019458310 0.026186830 0.010586760 0.031977800 0.031937100 0.033608240 0.039221230 0.021557270 0.021542000 0.020292740 0.021074990 0.016908160 0.016011660 0.018053720 0.027513660 0.026415340 0.026071460 0.033616120 0.023981910 0.023634750 0.028774300 0.029531660 0.028868400 0.027072170 0.027211810 0.026560220 0.027177580 0.019213770 0.019247780 0.028914360 0.027915350 0.027582330 0.028795830 0.024858960 0.018720220 0.036497790 0.026338290 0.012745940 0.016730220 0.013609780 0.016806470 0.020193580 0.020181260 0.011588660 0.031384930 0.000000000 
